Firm Name,Momentum_1,Long Short,Cluster Index
MDWD-L^J10,0.7721518987341771,0.0,0
NNYB-L,-0.1666666666666666,0.0,0
FUUE-L^C21,-0.0701754385964911,0.0,0
FWQW-L^F07,-0.0661157024793389,0.0,0
LNDU-L^J14,-0.0492957746478872,0.0,0
NNZZ-L,0.0,0.0,0
MDWC-L^C18,0.0,0.0,0
OFTT-L^C10,0.0,0.0,0
LUWP-L^L19,0.0144927536231884,0.0,0
NSNW-L,0.0565749235474006,0.0,0
WWA-L,0.0693181818181818,0.0,0
NUDC-L^I09,0.0909090909090908,0.0,0
LZXI-L^G17,0.1956521739130434,0.0,0
LLWK-L^E09,0.0,0.0,0
NOAY-L^E10,0.0,0.0,1
NRAW-L^G11,0.0,0.0,1
NRAU-L^F10,0.0,0.0,1
NRAB-L^H17,0.0,0.0,1
NQZW-L^L11,0.0,0.0,1
NOAE-L^H21,0.0,0.0,1
NKTQ-L^F09,0.0,0.0,1
NNYD-L,0.0,0.0,1
NNJH-L^F06,0.0,0.0,1
NNHD-L^I21,0.0,0.0,1
NNFY-L^D13,0.0,0.0,1
NNAK-L,0.0,0.0,1
NRCJ-L^A10,0.0,0.0,1
NNYI-L^D16,0.0,0.0,1
NRDC-L^G13,0.0,0.0,1
NSUU-L^D12,0.0,0.0,1
NRDI-L^J21,0.0,0.0,1
OBOH-L^I11,0.0,0.0,1
OAKG-L^A12,0.0,0.0,1
OADO-L^C16,0.0,0.0,1
NWIP-L^B10,0.0,0.0,1
NUCX-L,0.0,0.0,1
NUCW-L,0.0,0.0,1
NRDE-L,0.0,0.0,1
NTUF-L^B14,0.0,0.0,1
NSZQ-L^D13,0.0,0.0,1
NKTP-L^J16,0.0,0.0,1
NRTW-L^F09,0.0,0.0,1
NREN-L,0.0,0.0,1
NRDZ-L^E21,0.0,0.0,1
NRDM-L^J19,0.0,0.0,1
NTAB-L,0.0,0.0,1
NKTF-L^A08,0.0,0.0,1
NEZQ-L,0.0,0.0,1
NKSZ-L^I12,0.0,0.0,1
NBBH-L^H19,0.0,0.0,1
MXWZ-L,0.0,0.0,1
MVWC-L^A15,0.0,0.0,1
MURM-L^K18,0.0,0.0,1
MQZI-L^F06,0.0,0.0,1
MQPG-L^B17,0.0,0.0,1
NDAU-L^K11,0.0,0.0,1
MPRE-L,0.0,0.0,1
MPOO-L^D12,0.0,0.0,1
MPGK-L^G20,0.0,0.0,1
MPGG-L^L11,0.0,0.0,1
MPEP-L,0.0,0.0,1
MPEJ-L,0.0,0.0,1
MORB-L,0.0,0.0,1
MPRC-L^E08,0.0,0.0,1
NKTE-L,0.0,0.0,1
NENG-L,0.0,0.0,1
NENL-L,0.0,0.0,1
NKSB-L,0.0,0.0,1
NIVO-L,0.0,0.0,1
NIRB-L^F22,0.0,0.0,1
NGTO-L^B08,0.0,0.0,1
OCJF-L^H08,0.0,0.0,1
NEZP-L,0.0,0.0,1
NENK-L^A16,0.0,0.0,1
NEYU-L^A14,0.0,0.0,1
NEXM-L,0.0,0.0,1
NEUG-L^L16,0.0,0.0,1
NETX-L^L12,0.0,0.0,1
NETR-L^B12,0.0,0.0,1
NESU-L,0.0,0.0,1
NESS-L^F23,0.0,0.0,1
NEYL-L,0.0,0.0,1
OCJG-L^I16,0.0,0.0,1
OFVL-L^J07,0.0,0.0,1
OCQF-L^H08,0.0,0.0,1
LPXC-L^B08,-0.0062111801242236,0.0,1
FTQA-L,-0.0062499999999999,0.0,1
LLIM-L^D12,-0.007246376811594,0.0,1
MCCB-L^G20,-0.007246376811594,0.0,1
LZOO-L^J22,-0.0072544642857144,0.0,1
FVSW-L,-0.008130081300813,0.0,1
FVBT-L,-0.0082644628099173,0.0,1
MOMG-L,-0.0084210526315789,0.0,1
LWFK-L^G12,-0.0087719298245614,0.0,1
FTGU-L,-0.0090909090909091,0.0,1
MCYK-L,-0.0097087378640776,0.0,1
WYY-L,-0.0097087378640776,0.0,1
NAVF-L,-0.0104712041884816,0.0,1
MOPD-L^G08,-0.0105263157894737,0.0,1
FZCS-L^L08,-0.0106382978723402,0.0,1
MNMI-L,-0.011042944785276,0.0,1
URC-L^H14,-0.0113636363636363,0.0,1
MUUZ-L,-0.0145631067961166,0.0,1
GFNF-L^I16,-0.0143884892086328,0.0,1
FTPI-L,-0.0136986301369863,0.0,1
LUPP-L,-0.0133928571428572,0.0,1
FSRQ-L^J19,-0.0132625994694959,0.0,1
FZEU-L^J18,-0.0123456790123457,0.0,1
LMZP-L,-0.0060240963855421,0.0,1
LZQT-L^L10,-0.0120481927710843,0.0,1
FSOU-L^I17,-0.0119284294234593,0.0,1
LYRY-L,-0.0118577075098813,0.0,1
LZQX-L,-0.0117647058823529,0.0,1
MPRA-L^F06,-0.0116822429906541,0.0,1
LZNT-L^C08,-0.0116279069767442,0.0,1
FTGM-L^B22,-0.0114503816793893,0.0,1
OCHR-L^B07,-0.0119521912350596,0.0,1
MDXD-L,-0.0060073937153418,0.0,1
NRAZ-L^F11,-0.0057471264367816,0.0,1
FRZJ-L,-0.0054054054054054,0.0,1
TYC-L^L08,0.0,0.0,1
RKG-L,0.0,0.0,1
QPL-L,0.0,0.0,1
PVFR-L^J08,0.0,0.0,1
OGDA-L^J08,0.0,0.0,1
OGAS-L^I20,0.0,0.0,1
VPZ-L^F18,0.0,0.0,1
OFWD-L^A21,0.0,0.0,1
OFVQ-L^K15,0.0,0.0,1
MONY-L^F07,0.0,0.0,1
OFVE-L^C18,0.0,0.0,1
OFUQ-L^I14,0.0,0.0,1
OFTX-L^G11,0.0,0.0,1
OFTM-L^G11,0.0,0.0,1
OFVY-L^I18,0.0,0.0,1
OCKI-L,0.0,0.0,1
VXI-L^E23,0.0,0.0,1
YOP-L,0.0,0.0,1
LZMT-L^D06,-0.0052631578947368,0.0,1
LNTH-L,-0.0052173913043478,0.0,1
FTON-L,-0.0050251256281407,0.0,1
LQCB-L,-0.0048971596474045,0.0,1
FTTG-L,-0.004830917874396,0.0,1
LMZH-L^C09,-0.0045801526717557,0.0,1
XAG-L,0.0,0.0,1
LWCK-L^F06,-0.0045088566827697,0.0,1
FULC-L^F22,-0.0037950664136621,0.0,1
NEYF-L^A21,-0.0035714285714284,0.0,1
FVXU-L^B08,-0.0024999999999999,0.0,1
QBE-L,-0.0016694490818029,0.0,1
FSQI-L^J16,-0.0008710801393727,0.0,1
YOW-L^C23,0.0,0.0,1
BFRL-L,-0.0038505968425105,0.0,1
MOMF-L,0.0,0.0,1
MHCI-L^E10,0.0,0.0,1
MOCW-L,0.0,0.0,1
FSPS-L^F15,0.0,0.0,1
FSUM-L^D21,0.0,0.0,1
FTAK-L,0.0,0.0,1
FTSG-L^A09,0.0,0.0,1
FTSS-L,0.0,0.0,1
FTYW-L,0.0,0.0,1
FTZO-L^C06,0.0,0.0,1
FUBH-L^B06,0.0,0.0,1
FUIR-L,0.0,0.0,1
FUKE-L^G06,0.0,0.0,1
FVFT-L^K19,0.0,0.0,1
FVHT-L,0.0,0.0,1
FVKF-L^J22,0.0,0.0,1
FVNI-L^A23,0.0,0.0,1
FVSF-L^A11,0.0,0.0,1
FVSJ-L^K22,0.0,0.0,1
FVZY-L^G07,0.0,0.0,1
LMWZ-L,0.0,0.0,1
LMWP-L^F16,0.0,0.0,1
LMJY-L^C23,0.0,0.0,1
LMGP-L,0.0,0.0,1
LLVM-L,0.0,0.0,1
LLAI-L^A12,0.0,0.0,1
FSJP-L^G19,0.0,0.0,1
LLAG-L^B10,0.0,0.0,1
LJWS-L^K06,0.0,0.0,1
IHWV-L^C06,0.0,0.0,1
FZDZ-L^B06,0.0,0.0,1
FXXB-L^J21,0.0,0.0,1
FWJG-L^I06,0.0,0.0,1
FWEF-L^F09,0.0,0.0,1
LKBK-L^B11,0.0,0.0,1
FSJE-L^D06,0.0,0.0,1
FSEO-L^F23,0.0,0.0,1
FSCX-L,0.0,0.0,1
NEYD-L^I10,0.0031914893617019,0.0,1
LMWG-L^D16,0.0041666666666668,0.0,1
LPGR-L^H21,0.0042194092827003,0.0,1
LXMC-L,0.004255319148936,0.0,1
LWBJ-L^I22,0.0045662100456622,0.0,1
FWON-L^G09,0.0046296296296295,0.0,1
LNED-L,0.0031347962382446,0.0,1
LUPI-L,0.0048426150121065,0.0,1
LWPX-L^J12,0.0051546391752577,0.0,1
FSNE-L,0.0052910052910053,0.0,1
LMZN-L,0.0054644808743169,0.0,1
BBTU-L^C18,0.0054644808743169,0.0,1
FTTX-L,0.0054794520547944,0.0,1
MCCY-L^A19,0.0055493895671476,0.0,1
LMMX-L^H11,0.0051282051282051,0.0,1
LNGG-L^E19,0.0,0.0,1
FTOG-L^B08,0.0023474178403755,0.0,1
LKDP-L,0.001933301111648,0.0,1
FSBZ-L^I06,0.0,0.0,1
FSAL-L,0.0,0.0,1
BRIO-L^L15,0.0,0.0,1
BQMM-L^C11,0.0,0.0,1
BLUO-L^I06,0.0,0.0,1
BIIP-L,0.0,0.0,1
FSCH-L^F18,0.0022935779816513,0.0,1
BFQQ-L,0.0,0.0,1
BBXK-L,0.0,0.0,1
BAOH-L,0.0,0.0,1
LLJN-L^E18,0.0004653327128898,0.0,1
LNBR-L,0.0017286084701815,0.0,1
FWWR-L^D07,0.0017331022530331,0.0,1
MHCH-L^J22,0.0018726591760298,0.0,1
BDIM-L^C23,0.0,0.0,1
MOKV-L^K12,0.0,0.0,1
LNUO-L^G07,0.0,0.0,1
LNYI-L^C10,0.0,0.0,1
LVKR-L^E08,0.0,0.0,1
LWBE-L^F07,0.0,0.0,1
LWFG-L,0.0,0.0,1
LWHP-L^B06,0.0,0.0,1
LWOO-L^D09,0.0,0.0,1
LXXX-L^D09,0.0,0.0,1
LYWH-L^G13,0.0,0.0,1
LZHV-L^H10,0.0,0.0,1
LZTO-L,0.0,0.0,1
LZXP-L,0.0,0.0,1
LZZF-L,0.0,0.0,1
MACX-L,0.0,0.0,1
MBED-L^H20,0.0,0.0,1
MBEL-L^J15,0.0,0.0,1
MCCH-L,0.0,0.0,1
MCCZ-L^I06,0.0,0.0,1
MCDD-L,0.0,0.0,1
MOBH-L^C18,0.0,0.0,1
MNOS-L^B06,0.0,0.0,1
MITS-L^C09,0.0,0.0,1
MITJ-L,0.0,0.0,1
FSRD-L^L07,-0.0151515151515151,0.0,1
MHBF-L^I08,0.0,0.0,1
LVKP-L,0.0,0.0,1
MHAT-L^F08,0.0,0.0,1
MGCU-L^K06,0.0,0.0,1
MDWN-L^G09,0.0,0.0,1
MDWJ-L,0.0,0.0,1
MDTQ-L^K09,0.0,0.0,1
MDSV-L,0.0,0.0,1
MDLL-L^F06,0.0,0.0,1
MGZC-L^D19,0.0,0.0,1
LVJZ-L,0.0,0.0,1
LUTH-L^A12,0.0,0.0,1
LURX-L^C14,0.0,0.0,1
LQXQ-L^C08,0.0,0.0,1
LQWF-L^A08,0.0,0.0,1
LQUN-L,0.0,0.0,1
LQUA-L^E11,0.0,0.0,1
LQSO-L^L18,0.0,0.0,1
LQOX-L^H07,0.0,0.0,1
LQYC-L^L08,0.0,0.0,1
LQOS-L^I16,0.0,0.0,1
LQNJ-L,0.0,0.0,1
LQFY-L^F11,0.0,0.0,1
LPMS-L^G08,0.0,0.0,1
LPLI-L,0.0,0.0,1
LOSA-L^D20,0.0,0.0,1
LOHV-L^E06,0.0,0.0,1
LQOE-L,0.0,0.0,1
LNWM-L,0.0,0.0,1
LQYG-L^B12,0.0,0.0,1
LRIY-L^L06,0.0,0.0,1
LUPU-L^B06,0.0,0.0,1
LUON-L^F12,0.0,0.0,1
LUNQ-L^D16,0.0,0.0,1
LUMJ-L^F07,0.0,0.0,1
LULI-L,0.0,0.0,1
LUKI-L^A23,0.0,0.0,1
LRHO-L^D20,0.0,0.0,1
LTIX-L^B06,0.0,0.0,1
LTEU-L^B06,0.0,0.0,1
LTEG-L,0.0,0.0,1
LTED-L^A07,0.0,0.0,1
LTBP-L,0.0,0.0,1
LRMN-L,0.0,0.0,1
LRLM-L^K06,0.0,0.0,1
LTIG-L^K20,0.0,0.0,1
LQVW-L^A19,-0.0153846153846154,0.0,1
LSZD-L^J06,-0.0163551401869159,0.0,1
FTQX-L^F08,-0.0157480314960629,0.0,1
NVLX-L^G22,-0.0758620689655171,0.0,1
NMZF-L,-0.0769230769230769,0.0,1
NNCP-L,-0.0779220779220779,0.0,1
LTCQ-L,-0.0797546012269938,0.0,1
LMNQ-L^L10,-0.0799999999999999,0.0,1
NEYI-L^C09,-0.0808823529411765,0.0,1
FSSO-L,-0.081081081081081,0.0,1
ISS-L^L07,-0.0817438692098092,0.0,1
FSHU-L,-0.0822784810126583,0.0,1
MABU-L^H09,-0.0833333333333332,0.0,1
MDFW-L,-0.0833333333333332,0.0,1
NSUX-L^D13,-0.0833333333333332,0.0,1
NTAC-L^H06,-0.0833333333333332,0.0,1
LTMD-L^K06,-0.084507042253521,0.0,1
LOIM-L^D20,-0.0860215053763441,0.0,1
NQZD-L^F12,-0.0869565217391304,0.0,1
LRSC-L,-0.0885416666666666,0.0,1
FUDQ-L^H07,-0.0979591836734694,0.0,1
MDRJ-L,-0.0978260869565218,0.0,1
FSJK-L,-0.095617529880478,0.0,1
MHAZ-L^H07,-0.0940170940170939,0.0,1
NQLL-L^K15,-0.0937500000000001,0.0,1
OEZX-L^L20,-0.0909090909090908,0.0,1
NSZK-L^A12,-0.0757575757575758,0.0,1
NGZW-L,-0.0909090909090908,0.0,1
LLVY-L,-0.0909090909090908,0.0,1
GKHK-L^F16,-0.0909090909090908,0.0,1
FZGS-L,-0.0909090909090908,0.0,1
BCQE-L^A14,-0.0909090909090908,0.0,1
MDFK-L^K12,-0.089430894308943,0.0,1
MHBJ-L^L08,-0.0886075949367088,0.0,1
MBND-L^D10,-0.0909090909090908,0.0,1
NLQS-L,-0.075425790754258,0.0,1
NAFD-L^F10,-0.0749999999999998,0.0,1
MZPO-L^H07,-0.0744680851063829,0.0,1
FTWV-L,-0.0656934306569343,0.0,1
LKQC-L,-0.0648464163822525,0.0,1
LURZ-L^L09,-0.0645161290322581,0.0,1
BDAJ-L,-0.0634328358208956,0.0,1
FVTN-L^K22,-0.0630797773654916,0.0,1
OFUN-L^G10,-0.0625,0.0,1
NRAS-L,-0.065934065934066,0.0,1
LQSJ-L,-0.0606060606060605,0.0,1
MBUU-L,-0.0597402597402597,0.0,1
LMIU-L^I15,-0.0590717299578059,0.0,1
NTTC-L^H12,-0.0588235294117647,0.0,1
NFAK-L^L22,-0.0588235294117647,0.0,1
LOVR-L^F09,-0.0588235294117647,0.0,1
FTLO-L^C20,-0.0588235294117647,0.0,1
LLQP-L^G09,-0.06,0.0,1
LPKH-L^B06,-0.0980392156862745,0.0,1
MPZM-L^L11,-0.0666666666666665,0.0,1
LRRH-L^F20,-0.0666666666666667,0.0,1
LOON-L,-0.0737499999999999,0.0,1
LUWV-L^L16,-0.072,0.0,1
LTCS-L^K06,-0.072,0.0,1
MITP-L^K08,-0.0714285714285715,0.0,1
NWIA-L,-0.0714285714285714,0.0,1
LQNF-L^E23,-0.0709219858156027,0.0,1
OFVC-L,-0.0666666666666665,0.0,1
OFWE-L,-0.0701754385964911,0.0,1
NCVI-L^J07,-0.0683333333333333,0.0,1
MCYF-L,-0.06831955922865,0.0,1
LLXA-L^F09,-0.0679611650485437,0.0,1
BDBL-L^I07,-0.0676691729323308,0.0,1
DRNQ-L^A11,-0.0669856459330142,0.0,1
LWQQ-L^L09,-0.0666666666666667,0.0,1
FTRR-L^A11,-0.06875,0.0,1
LXUH-L,-0.0576923076923077,0.0,1
LKLE-L^L09,-0.0999999999999998,0.0,1
LLIH-L^E08,-0.1,0.0,1
LWMG-L,-0.1655629139072847,0.0,1
DRMJ-L^I10,-0.1666666666666666,0.0,1
NSZU-L^J12,-0.1685393258426966,0.0,1
FVZE-L^A22,-0.171102661596958,0.0,1
OFVZ-L^B16,-0.1851851851851852,0.0,1
NKTB-L,-0.1999999999999999,0.0,1
FTTL-L,-0.2,0.0,1
LQSN-L,-0.2,0.0,1
LTEF-L^I10,-0.2,0.0,1
NQZH-L,-0.2,0.0,1
OFVF-L,-0.2,0.0,1
DRQN-L^A08,-0.2016129032258065,0.0,1
MHHQ-L^K20,-0.2062719127386054,0.0,1
LXUA-L^B13,-0.2063492063492064,0.0,1
MHAQ-L^H10,-0.2083333333333332,0.0,1
MQYR-L,-0.25,0.0,1
NETQ-L^A12,-0.25,0.0,1
FTZF-L^E06,-0.865,1.0,1
MDKV-L^D12,-0.8059006211180124,1.0,1
LTBT-L^A11,-0.6963350785340314,1.0,1
FZDC-L,-0.5096296296296297,1.0,1
OFTQ-L^C23,-0.5,1.0,1
MCEJ-L^E06,-0.4929577464788732,1.0,1
LTCC-L^D07,-0.1612903225806451,0.0,1
FZCT-L^F12,-0.4498977505112475,1.0,1
MOQU-L^K06,-0.3571428571428572,1.0,1
MCUA-L^I08,-0.3553719008264462,1.0,1
LNYJ-L^A07,-0.3333333333333332,1.0,1
OFQD-L,-0.2941176470588236,0.0,1
NKSX-L^F23,-0.2857142857142857,0.0,1
NKVJ-L,-0.25,0.0,1
MQZH-L^B08,-0.4444444444444444,1.0,1
FSMQ-L^F21,-0.15527950310559,0.0,1
NQJ-L,-0.1538461538461538,0.0,1
GHH-L^L13,-0.1534936998854525,0.0,1
NEYH-L^B14,-0.1206896551724138,0.0,1
FSMU-L^L09,-0.12,0.0,1
FSVI-L^B17,-0.119496855345912,0.0,1
LULT-L,-0.1140939597315435,0.0,1
MSQH-L^L16,-0.1123595505617977,0.0,1
LNUP-L,-0.1111111111111111,0.0,1
LULF-L^B07,-0.1223021582733812,0.0,1
NSZM-L^B08,-0.111111111111111,0.0,1
MSBZ-L^D14,-0.1103448275862069,0.0,1
NKMR-L,-0.1097560975609756,0.0,1
NAPC-L,-0.1034482758620688,0.0,1
NQMH-L^G13,-0.1,0.0,1
NFBL-L^G10,-0.1,0.0,1
MORA-L^K15,-0.1,0.0,1
FZCX-L^B23,-0.111111111111111,0.0,1
FSFY-L^H12,-0.1,0.0,1
LLVE-L^D06,-0.1249999999999998,0.0,1
MCUI-L^J07,-0.1272727272727274,0.0,1
BFQK-L,-0.1481481481481482,0.0,1
MOPX-L^G09,-0.1438127090301003,0.0,1
NQFY-L^H13,-0.142857142857143,0.0,1
NGUM-L^F20,-0.142857142857143,0.0,1
NEQJ-L^A10,-0.142857142857143,0.0,1
MSBY-L,-0.142857142857143,0.0,1
OFVA-L^I10,-0.1249999999999998,0.0,1
MDFJ-L^K19,-0.142857142857143,0.0,1
NEUN-L^B10,-0.1416666666666666,0.0,1
MBOY-L^K21,-0.1402877697841725,0.0,1
FUEY-L^H15,-0.136986301369863,0.0,1
LOSW-L,-0.1361256544502618,0.0,1
NLY-L^I09,-0.1351351351351352,0.0,1
OFTO-L,-0.1304347826086956,0.0,1
LQUZ-L,-0.142857142857143,0.0,1
LKME-L^K08,-0.0576923076923077,0.0,1
FSSR-L,-0.057142857142857,0.0,1
FTMS-L,-0.0568181818181818,0.0,1
FSBG-L,-0.0241320914479254,0.0,1
FTBY-L,-0.0242914979757085,0.0,1
LSHG-L^A19,-0.0245338567222767,0.0,1
FSBR-L,-0.025,0.0,1
GOT-L,-0.0251256281407035,0.0,1
FZCV-L^J06,-0.025503355704698,0.0,1
LQUO-L^I16,-0.0256410256410256,0.0,1
NWER-L^J15,-0.0256410256410256,0.0,1
OFVT-L^L19,-0.025925925925926,0.0,1
NMZC-L,-0.0259740259740259,0.0,1
LKDM-L,-0.0263157894736841,0.0,1
LOXK-L^E14,-0.027027027027027,0.0,1
MRZG-L^D16,-0.027027027027027,0.0,1
NQZI-L,-0.027027027027027,0.0,1
FWPG-L,-0.0273972602739726,0.0,1
MHAX-L^A08,-0.0285035629453681,0.0,1
MSRS-L^J17,-0.0285714285714284,0.0,1
FUUI-L^E12,-0.0330578512396694,0.0,1
FWQS-L,-0.0329218106995885,0.0,1
FUUQ-L^J08,-0.0322580645161291,0.0,1
FSDW-L^B17,-0.0315315315315316,0.0,1
MDWS-L,-0.031496062992126,0.0,1
LZPS-L^A23,-0.03125,0.0,1
FSLO-L^E10,-0.024,0.0,1
LWLC-L,-0.0303030303030302,0.0,1
NEVV-L^L16,-0.03,0.0,1
LLSV-L,-0.0289855072463767,0.0,1
FWKZ-L^C13,-0.0289855072463767,0.0,1
DPXL-L,-0.0288461538461538,0.0,1
LXOK-L,-0.0287539936102235,0.0,1
DOQX-L^J16,-0.0285714285714285,0.0,1
LTIY-L^A22,-0.0300546448087432,0.0,1
MOMJ-L^H19,-0.0238095238095239,0.0,1
LUTI-L,-0.0235849056603775,0.0,1
NTIV-L,-0.0234375,0.0,1
VQI-L,-0.0197682344921608,0.0,1
LUWQ-L,-0.0188679245283018,0.0,1
FTOH-L,-0.0188679245283018,0.0,1
NJVB-L^K20,-0.0182648401826484,0.0,1
WYM-L,-0.0177192185370286,0.0,1
FVSZ-L,-0.0174672489082969,0.0,1
FSBO-L,-0.0204081632653061,0.0,1
LRQK-L,-0.0174216027874565,0.0,1
NNCH-L^C13,-0.016990291262136,0.0,1
LUMA-L^A23,0.0056818181818181,0.0,1
LWUB-L,-0.0161812297734627,0.0,1
MQEN-L,-0.0160116448326055,0.0,1
MSRQ-L,-0.0158730158730159,0.0,1
MHBL-L^E08,-0.0158730158730159,0.0,1
LKOM-L^K14,-0.0172413793103448,0.0,1
LQVC-L,-0.0333333333333333,0.0,1
MBAL-L^C20,-0.0205183585313174,0.0,1
FVVM-L^L06,-0.0211267605633802,0.0,1
MOMR-L^J17,-0.0234375,0.0,1
FSUE-L,-0.0230664857530529,0.0,1
LQOQ-L^G10,-0.0222222222222222,0.0,1
LKED-L^L15,-0.0222222222222222,0.0,1
LQWQ-L^A22,-0.021978021978022,0.0,1
FSHC-L,-0.0219780219780219,0.0,1
FSHO-L^A07,-0.0210526315789473,0.0,1
MILA-L^L07,-0.0219512195121951,0.0,1
LUPN-L^I13,-0.0217391304347825,0.0,1
LKTQ-L,-0.0215384615384616,0.0,1
MRYM-L,-0.0215142738932562,0.0,1
LQTQ-L,-0.0213270142180096,0.0,1
LOIR-L,-0.0212765957446809,0.0,1
MQWC-L,-0.0211267605633802,0.0,1
LULZ-L^F19,-0.0218181818181818,0.0,1
LNTF-L^L10,-0.0337078651685394,0.0,1
LQOU-L^F09,-0.0338983050847457,0.0,1
LQVG-L,-0.0339233038348083,0.0,1
LQYE-L,-0.0526315789473684,0.0,1
LJZZ-L^L11,-0.0526315789473684,0.0,1
NQLP-L^J07,-0.0520833333333332,0.0,1
FZAT-L^J09,-0.0508474576271185,0.0,1
FSDX-L,-0.0500582072176949,0.0,1
NWHU-L,-0.05,0.0,1
LZZD-L,-0.0526315789473684,0.0,1
LQPA-L^A09,-0.05,0.0,1
FTVA-L,-0.05,0.0,1
FTHC-L^K08,-0.0490566037735848,0.0,1
LQXY-L^G10,-0.0476190476190475,0.0,1
LQRW-L^B11,-0.0454545454545455,0.0,1
FSRS-L,-0.0454545454545454,0.0,1
FTVJ-L^D08,-0.0448275862068965,0.0,1
LQJG-L^I09,-0.05,0.0,1
NKRG-L^K08,-0.0444444444444445,0.0,1
NSVG-L^F19,-0.0526315789473684,0.0,1
OFUW-L^A21,-0.0526315789473684,0.0,1
LXMV-L,-0.0568181818181817,0.0,1
NQLM-L^K10,-0.0555555555555554,0.0,1
NEDG-L,-0.0555555555555554,0.0,1
LTBQ-L^A22,-0.0555555555555554,0.0,1
DQBH-L,-0.0551558752997601,0.0,1
LKPB-L^J12,-0.055045871559633,0.0,1
OFTK-L^C12,-0.0526315789473684,0.0,1
FRZX-L,-0.0549450549450548,0.0,1
LTDS-L,-0.0545454545454545,0.0,1
LQIR-L^L06,-0.0543478260869565,0.0,1
FTKU-L,-0.0543478260869565,0.0,1
NTAD-L^J07,-0.054054054054054,0.0,1
FTCS-L^A20,-0.054054054054054,0.0,1
LYBM-L,-0.0534565916398712,0.0,1
MDFN-L^A23,-0.0545454545454545,0.0,1
FTJK-L,-0.0157480314960629,0.0,1
MRTE-L^C08,-0.0444444444444445,0.0,1
FURR-L^F08,-0.0441767068273093,0.0,1
NZEH-L,-0.0373563218390804,0.0,1
FUSD-L,-0.0372250423011844,0.0,1
NEZD-L^F10,-0.037037037037037,0.0,1
MHCF-L,-0.0364963503649635,0.0,1
MCTZ-L^J11,-0.0362903225806451,0.0,1
LUJE-L^H19,-0.0361445783132529,0.0,1
FSLE-L,-0.0374531835205992,0.0,1
FWNF-L^A07,-0.0357142857142857,0.0,1
LUWS-L^D09,-0.0352941176470588,0.0,1
FYTJ-L,-0.0349693251533742,0.0,1
LZXC-L^B09,-0.034965034965035,0.0,1
LPGU-L^G22,-0.0344827586206895,0.0,1
MVIW-L^L09,-0.0340314136125654,0.0,1
MNNT-L,-0.0339622641509433,0.0,1
LLIZ-L,-0.0353535353535353,0.0,1
MOLZ-L,-0.0442477876106193,0.0,1
NCVC-L^G21,-0.0384615384615385,0.0,1
FSNP-L,-0.0392156862745098,0.0,1
LQSI-L^L16,-0.043956043956044,0.0,1
LTCD-L,-0.0434782608695653,0.0,1
FTHD-L,-0.043189368770764,0.0,1
WAW-L,-0.0427350427350425,0.0,1
FTBK-L,-0.0420168067226891,0.0,1
LONZ-L,-0.041860465116279,0.0,1
LUKM-L,-0.0387096774193548,0.0,1
MDVK-L^G07,-0.0416666666666666,0.0,1
LUKC-L,-0.0415841584158416,0.0,1
LXGK-L,-0.0413223140495868,0.0,1
FTJE-L,-0.0408163265306121,0.0,1
NRDT-L^C23,-0.04,0.0,1
MRXG-L,-0.04,0.0,1
LNEL-L,-0.0392749244712991,0.0,1
LXYB-L^B09,-0.0416666666666666,0.0,1
FSQU-L^L06,0.0062305295950155,0.0,1
FVYE-L,0.0043923865300146,0.0,1
LTCO-L,0.0069444444444444,-0.0,1
LXWQ-L^G17,0.0857142857142858,-0.0,1
FTAG-L,0.0857142857142856,-0.0,1
MDCQ-L^I11,0.0855263157894736,-0.0,1
FUIS-L^H07,0.0853658536585366,-0.0,1
LKMD-L^A07,0.0842911877394636,-0.0,1
OFQA-L^A23,0.0833333333333334,-0.0,1
MBME-L,0.0833333333333332,-0.0,1
FZFD-L^A23,0.0829268292682927,-0.0,1
LRJH-L^E22,0.0819672131147541,-0.0,1
LZRK-L^E16,0.0819672131147541,-0.0,1
LZYR-L^H13,0.0817307692307691,-0.0,1
MDLC-L^C17,0.0815450643776822,-0.0,1
MBLX-L^I08,0.0808080808080808,-0.0,1
BKJO-L,0.0797101449275363,-0.0,1
FSDF-L,0.0793650793650793,-0.0,1
VPT-L,0.0793650793650793,-0.0,1
MKEX-L,0.0792452830188679,-0.0,1
LYWE-L^G13,0.0728033472803348,-0.0,1
FTOE-L^L06,0.0728571428571427,-0.0,1
LTHD-L^C15,0.0729613733905578,-0.0,1
LQOA-L,0.0736196319018405,-0.0,1
DPCZ-L^F20,0.0740740740740739,-0.0,1
NBCX-L,0.0742857142857142,-0.0,1
MKHS-L^L06,0.0862068965517239,-0.0,1
XEM-L,0.0750000000000001,-0.0,1
LLLK-L^E09,0.0754716981132075,-0.0,1
MQVH-L,0.0758928571428572,-0.0,1
MOML-L,0.0769230769230771,-0.0,1
FTKD-L^B07,0.0769230769230771,-0.0,1
BJJT-L,0.0777027027027026,-0.0,1
MCGS-L^F17,0.0788113695090437,-0.0,1
LLKY-L,0.0750000000000001,-0.0,1
LQWW-L,0.0872483221476509,-0.0,1
NOVS-L,0.0876494023904383,-0.0,1
MPZB-L^C11,0.087719298245614,-0.0,1
FUEW-L,0.0935672514619883,-0.0,1
FSUT-L^F07,0.0941358024691356,-0.0,1
LQIT-L,0.0950920245398774,-0.0,1
MXXS-L^L08,0.0952380952380953,-0.0,1
LQUU-L^E07,0.0952380952380953,-0.0,1
MSSM-L,0.095703125,-0.0,1
LYVG-L^F16,0.0934489402697493,-0.0,1
FSCW-L,0.0967741935483872,-0.0,1
MQMA-L,0.098360655737705,-0.0,1
NNZO-L,0.0989010989010987,-0.0,1
LOJC-L,0.0991501416430595,-0.0,1
LOIF-L^F18,0.0993377483443707,-0.0,1
NOBD-L,0.099476439790576,-0.0,1
OFVI-L^C17,0.0999999999999998,-0.0,1
LZNJ-L^K06,0.0973451327433629,-0.0,1
LLKM-L^A20,0.0719626168224301,-0.0,1
LXKH-L^E07,0.0921052631578946,-0.0,1
FTTO-L,0.0911949685534592,-0.0,1
LUPB-L,0.088,-0.0,1
WZX-L,0.0880330123796424,-0.0,1
NRBE-L,0.0886075949367088,-0.0,1
FZBQ-L,0.0886075949367088,-0.0,1
MDSP-L,0.0888888888888888,-0.0,1
FVIX-L,0.0893665158371042,-0.0,1
YIE-L^E16,0.0918367346938775,-0.0,1
LUOR-L,0.0898203592814372,-0.0,1
NRDF-L^A14,0.0909090909090908,-0.0,1
LUTD-L^L11,0.0909090909090908,-0.0,1
LQYK-L^K16,0.0909090909090908,-0.0,1
LPHR-L^K08,0.0909090909090908,-0.0,1
FSUX-L^C11,0.0909090909090908,-0.0,1
MPJZ-L,0.090909090909091,-0.0,1
LQJC-L^I22,0.0898876404494382,-0.0,1
NGLG-L,0.0999999999999998,-0.0,1
STL-L,0.0716612377850163,-0.0,1
MCCL-L^D13,0.0714285714285714,-0.0,1
NWJE-L,0.0625,-0.0,1
OBQW-L^K08,0.0625,-0.0,1
DVX-L^C10,0.0618181818181817,-0.0,1
LRIW-L^G06,0.0617848970251715,-0.0,1
LUZN-L^H21,0.0613718411552346,-0.0,1
DQBU-L,0.0610766045548654,-0.0,1
LWUR-L^L06,0.0606694560669456,-0.0,1
LNEI-L,0.0604490500863557,-0.0,1
LOWV-L^C07,0.0603588907014682,-0.0,1
LZQN-L^K10,0.06,-0.0,1
LKBE-L,0.0597519729425028,-0.0,1
BDCK-L^L08,0.0596330275229357,-0.0,1
FSXX-L,0.0594315245478034,-0.0,1
FTPZ-L^F15,0.0588235294117649,-0.0,1
LKBG-L,0.0065396644867783,-0.0,1
FSMD-L^J17,0.0578947368421052,-0.0,1
MPKD-L^F17,0.0578512396694215,-0.0,1
MNMQ-L^I10,0.0545454545454544,-0.0,1
LOMY-L^D20,0.0549450549450549,-0.0,1
MOOP-L,0.054968287526427,-0.0,1
MCRJ-L^F17,0.0551075268817202,-0.0,1
IAEK-L,0.0555555555555553,-0.0,1
XJA-L,0.0556521739130435,-0.0,1
BTDS-L^J08,0.0626836434867774,-0.0,1
FTDO-L,0.0556962025316454,-0.0,1
NWJI-L^H07,0.0561797752808987,-0.0,1
FSPV-L^H06,0.0563139931740614,-0.0,1
LQGM-L,0.0563909774436088,-0.0,1
NSIP-L,0.0566037735849056,-0.0,1
MHCL-L,0.0569620253164555,-0.0,1
MPSB-L^I07,0.0571428571428571,-0.0,1
MNNL-L,0.0560344827586207,-0.0,1
LXMS-L^G20,0.062792877225867,-0.0,1
LMGN-L^D23,0.062992125984252,-0.0,1
MZSQ-L^H10,0.063275434243176,-0.0,1
LXKX-L^A12,0.0681818181818181,-0.0,1
MDHA-L^D10,0.0683760683760683,-0.0,1
XCC-L,0.0684931506849315,-0.0,1
FTMU-L,0.0685618729096988,-0.0,1
LROS-L,0.0687830687830688,-0.0,1
MGCV-L^H06,0.0689655172413794,-0.0,1
FSCT-L^I21,0.0678466076696164,-0.0,1
MCDA-L^D18,0.0689655172413794,-0.0,1
LUPD-L^H18,0.0690072639225181,-0.0,1
MFST-L,0.0696452036793693,-0.0,1
MQFA-L,0.0708245243128964,-0.0,1
MLTR-L,0.0709677419354837,-0.0,1
FTMQ-L,0.0711009174311925,-0.0,1
NFSA-L^J08,0.0714285714285714,-0.0,1
FVWF-L,0.0689655172413794,-0.0,1
LUPT-L^K06,0.0714285714285714,-0.0,1
MDLN-L,0.0676470588235294,-0.0,1
MSQG-L^B16,0.0672268907563025,-0.0,1
WYJ-L,0.0635930047694754,-0.0,1
ZTK-L,0.0640870616686821,-0.0,1
MCRL-L^L15,0.0645161290322582,-0.0,1
LVCQ-L^B08,0.0646950092421441,-0.0,1
LJWX-L^H17,0.0647058823529411,-0.0,1
FVVQ-L,0.0650887573964498,-0.0,1
FUCW-L,0.0672268907563025,-0.0,1
FWWS-L,0.0654981549815498,-0.0,1
UVV-L^B16,0.0660377358490567,-0.0,1
LUHP-L,0.0660714285714285,-0.0,1
MQOF-L,0.0666666666666666,-0.0,1
LYYP-L^D15,0.0666666666666666,-0.0,1
FWOI-L^F12,0.0666666666666666,-0.0,1
FTMP-L^C19,0.0670391061452513,-0.0,1
LMGC-L,0.0656534954407295,-0.0,1
LUOT-L^L09,0.0999999999999998,-0.0,1
MDLE-L^F11,0.1,-0.0,1
XDI-L,0.1001707455890721,-0.0,1
MCZI-L,0.2244556113902847,-0.0,1
FZAQ-L,0.2180746561886051,-0.0,1
MAAK-L^A08,0.2099999999999999,-0.0,1
LMEO-L,0.2051282051282053,-0.0,1
LSOW-L^I08,0.1999999999999999,-0.0,1
LZQY-L^C15,0.1999999999999999,-0.0,1
MVWG-L^I07,0.1964285714285714,-0.0,1
NENH-L,0.1940298507462687,-0.0,1
FSFM-L,0.188034188034188,-0.0,1
FZCR-L^C08,0.1869158878504673,-0.0,1
FTMO-L^G06,0.1801801801801801,-0.0,1
LUOP-L^J11,0.1785714285714286,-0.0,1
MBEH-L^K22,0.1764705882352941,-0.0,1
LQYF-L^C09,0.1724137931034484,-0.0,1
NCVO-L^K11,0.1711711711711712,-0.0,1
FTFK-L,0.1696428571428569,-0.0,1
MYFN-L,0.1690140845070422,-0.0,1
MQFQ-L^B07,0.1590909090909091,-0.0,1
NRZG-L,0.1592920353982303,-0.0,1
MHCE-L^F08,0.1593137254901961,-0.0,1
MZKE-L,0.1597938144329898,-0.0,1
MDFZ-L,0.1599999999999999,-0.0,1
LZPC-L,0.1599999999999999,-0.0,1
LOII-L^C11,0.2307692307692308,-0.0,1
LTBW-L^C15,0.161290322580645,-0.0,1
LQOJ-L^F13,0.1641025641025641,-0.0,1
NGLI-L,0.1666666666666667,-0.0,1
MOLE-L^B19,0.1666666666666667,-0.0,1
LQNR-L^L08,0.1666666666666667,-0.0,1
NIHB-L,0.1675392670157067,-0.0,1
LTAE-L^G06,0.1676384839650144,-0.0,1
NEUI-L^C11,0.1636363636363635,-0.0,1
LTIB-L,0.2333333333333334,-0.0,1
NRZN-L,0.237179487179487,-0.0,1
LQSS-L^L06,0.2391304347826088,-0.0,1
MNMN-L^G06,0.4000000000000001,-0.0,1
LQSF-L,0.4000000000000001,-0.0,1
LTDJ-L^E07,0.4444444444444444,-0.0,1
LZYZ-L^C15,0.5,-1.0,1
LWFL-L,0.5,-1.0,1
MCUF-L,0.5555555555555558,-1.0,1
OFUD-L^I17,0.3846153846153846,-0.0,1
LWRH-L^C11,0.625,-1.0,1
NFBH-L,1.0,-1.0,1
LQIQ-L^D12,1.0,-1.0,1
NEXJ-L^A17,1.125,-1.0,1
FSDG-L^J21,2.9247311827956985,-1.0,1
BTDH-L^B13,8.254545454545454,-1.0,1
NHRV-L^H08,14.75,-1.0,1
FSYG-L^K08,0.9619047619047618,-1.0,1
MJPN-L^G13,0.1578947368421053,-0.0,1
LQQP-L^C09,0.3611111111111111,-0.0,1
MAAD-L^L13,0.346153846153846,-0.0,1
NMZP-L,0.2424242424242424,-0.0,1
NVIH-L,0.25,-0.0,1
NESX-L^E11,0.25,-0.0,1
MHBA-L^K06,0.25,-0.0,1
MBPF-L,0.25,-0.0,1
LZTN-L^G12,0.25,-0.0,1
NQLK-L^F20,0.3546666666666667,-0.0,1
LQNE-L^I14,0.25,-0.0,1
LKQE-L^C17,0.2722323049001813,-0.0,1
FTTW-L^H06,0.2777777777777779,-0.0,1
LURY-L,0.3,-0.0,1
FZEO-L,0.3285714285714287,-0.0,1
MOLX-L^G19,0.3333333333333335,-0.0,1
FSBU-L^C20,0.3333333333333335,-0.0,1
LOIU-L,0.2647058823529411,-0.0,1
NXNV-L^L06,0.1575342465753424,-0.0,1
NXMM-L^H07,0.1575091575091576,-0.0,1
NEXT-L,0.1564102564102563,-0.0,1
LQXE-L^K11,0.1111111111111111,-0.0,1
FUIW-L,0.1131386861313867,-0.0,1
LOCU-L^J15,0.1131782945736432,-0.0,1
LMZA-L^J12,0.1133333333333332,-0.0,1
OFQJ-L^G08,0.1153846153846152,-0.0,1
LXFW-L,0.1169590643274853,-0.0,1
NSZS-L,0.1105527638190955,-0.0,1
MONE-L^J15,0.1176470588235294,-0.0,1
FTNS-L,0.1176470588235294,-0.0,1
LNWZ-L^G12,0.1180555555555555,-0.0,1
LLJR-L,0.1189473684210526,-0.0,1
FTUR-L,0.1204819277108433,-0.0,1
NSZX-L^J08,0.1213235294117645,-0.0,1
XFS-L,0.1214285714285714,-0.0,1
LQNV-L^L18,0.1176470588235294,-0.0,1
LWFX-L,0.1214723926380367,-0.0,1
FSOF-L,0.1104651162790699,-0.0,1
YCB-L^H19,0.1092436974789916,-0.0,1
MSPT-L,0.1006229036895063,-0.0,1
LWNH-L,0.1014492753623188,-0.0,1
LMFN-L^L11,0.1025145067698258,-0.0,1
FSDV-L^F19,0.1025399811853244,-0.0,1
LKCU-L,0.1034482758620691,-0.0,1
NTVU-L^I08,0.104265402843602,-0.0,1
BLNV-L^F19,0.1097560975609757,-0.0,1
LLPQ-L,0.1048158640226628,-0.0,1
FWKQ-L^K06,0.105680317040951,-0.0,1
XIL-L,0.1060606060606059,-0.0,1
MOPG-L,0.1066176470588233,-0.0,1
FWWW-L^I11,0.107250755287009,-0.0,1
LUTV-L,0.1078066914498141,-0.0,1
MOBY-L,0.1081632653061224,-0.0,1
LZOI-L,0.1052631578947367,-0.0,1
LUFX-L^B20,0.0543478260869565,-0.0,1
LQIJ-L^G06,0.1219512195121952,-0.0,1
LQWE-L^A22,0.1232492997198879,-0.0,1
MBAG-L^D11,0.1368421052631581,-0.0,1
LOEB-L^G12,0.139240506329114,-0.0,1
NYFC-L,0.1417910447761192,-0.0,1
OFVX-L,0.1428571428571428,-0.0,1
MOPY-L^B12,0.1428571428571428,-0.0,1
LXYG-L^K06,0.1428571428571428,-0.0,1
OAYS-L,0.1354581673306774,-0.0,1
LPSK-L^D09,0.1428571428571428,-0.0,1
LOKI-L,0.1449275362318842,-0.0,1
OFVD-L^A13,0.146067415730337,-0.0,1
LQVU-L^F13,0.1465517241379312,-0.0,1
LZYO-L,0.1470588235294117,-0.0,1
FZGP-L^F08,0.1470588235294117,-0.0,1
FVWA-L,0.1522633744855965,-0.0,1
LXMI-L,0.1436781609195403,-0.0,1
LKGM-L,0.123076923076923,-0.0,1
LXLD-L,0.1354166666666667,-0.0,1
FSUH-L,0.1335289801907555,-0.0,1
LZOS-L,0.1246943765281172,-0.0,1
NSUZ-L,0.125,-0.0,1
NQZJ-L^K11,0.125,-0.0,1
XDX-L^K08,0.1250000000000002,-0.0,1
LVKG-L,0.1250000000000002,-0.0,1
LYZN-L^A21,0.1276595744680853,-0.0,1
NPYI-L^I21,0.1346153846153845,-0.0,1
LZYY-L^K17,0.1285714285714287,-0.0,1
FZEX-L,0.1305361305361303,-0.0,1
LWSG-L,0.1307420494699647,-0.0,1
LLJF-L,0.1309090909090908,-0.0,1
LNAP-L^H06,0.1309523809523809,-0.0,1
LZXW-L,0.1317073170731708,-0.0,1
FSZD-L^D15,0.1333333333333333,-0.0,1
MITG-L^H12,0.1296296296296295,-0.0,1
MDFV-L^K06,0.0540540540540541,-0.0,1
LQVY-L^E11,0.05859375,-0.0,1
LTCL-L^F08,0.053370786516854,-0.0,1
FSIG-L^E18,0.0208333333333332,-0.0,1
MCCJ-L^F06,0.0208333333333332,-0.0,1
FVUB-L^G10,0.0207373271889401,-0.0,1
LMZR-L,0.0204081632653061,-0.0,1
MQYW-L^H19,0.0204081632653061,-0.0,1
OFWB-L,0.0202429149797569,-0.0,1
MOLQ-L^J07,0.0202020202020201,-0.0,1
LLVF-L,0.02,-0.0,1
NGKM-L^K17,0.02,-0.0,1
MCUD-L^H22,0.0199004975124377,-0.0,1
DOT-L,0.0195121951219512,-0.0,1
MNOM-L^C06,0.0194805194805194,-0.0,1
FZHF-L,0.0193842645381983,-0.0,1
LKMP-L,0.0193621867881548,-0.0,1
LUIL-L^I07,0.0193050193050194,-0.0,1
FSAJ-L,0.0190476190476189,-0.0,1
OCLC-L^A14,0.0186335403726707,-0.0,1
MQFG-L,0.0165289256198346,-0.0,1
FTHX-L^E20,0.0166666666666666,-0.0,1
BDLO-L,0.0167910447761194,-0.0,1
LNFY-L^E11,0.0171800947867299,-0.0,1
BCPS-L^C06,0.0172413793103447,-0.0,1
FSQS-L^A09,0.0175438596491228,-0.0,1
LYZR-L,0.0211267605633802,-0.0,1
LNEM-L,0.0180921052631579,-0.0,1
FTSJ-L,0.0181818181818183,-0.0,1
FTLX-L^H10,0.0184254606365159,-0.0,1
FTXL-L^D07,0.0184931506849315,-0.0,1
LQXK-L,0.0185185185185186,-0.0,1
LQPN-L,0.0185185185185186,-0.0,1
FSXE-L,0.0185185185185186,-0.0,1
MPDV-L^F07,0.0180995475113121,-0.0,1
FSIY-L,0.0211864406779662,-0.0,1
NWVT-L,0.0212765957446807,-0.0,1
NEYB-L,0.0212765957446807,-0.0,1
LQYL-L^E06,0.0245901639344261,-0.0,1
MPCD-L,0.0246913580246912,-0.0,1
OARO-L^J09,0.0247524752475247,-0.0,1
NBGQ-L,0.0248447204968942,-0.0,1
MSRP-L^C12,0.0249110320284697,-0.0,1
NNZX-L^I08,0.0249999999999999,-0.0,1
LLFH-L,0.024390243902439,-0.0,1
MQWF-L,0.0251177394034536,-0.0,1
MPEO-L,0.0254777070063694,-0.0,1
MPIK-L,0.0256410256410257,-0.0,1
FSDJ-L,0.0257731958762885,-0.0,1
MOJX-L^G06,0.0258064516129032,-0.0,1
MCZE-L,0.0258064516129032,-0.0,1
MSRN-L^B07,0.0260416666666667,-0.0,1
FRZT-L,0.025252525252525,-0.0,1
FSGT-L,0.0164948453608246,-0.0,1
LYCL-L^I08,0.024390243902439,-0.0,1
LKOO-L^D17,0.0242914979757082,-0.0,1
MBLP-L,0.0217391304347827,-0.0,1
LMHU-L,0.0218446601941746,-0.0,1
LLED-L^F10,0.0222222222222221,-0.0,1
NFBG-L^L19,0.0227272727272727,-0.0,1
FSVC-L^L10,0.0227272727272727,-0.0,1
LTID-L,0.0229885057471264,-0.0,1
LXPR-L^J16,0.0534883720930232,-0.0,1
MOOW-L^D07,0.0231213872832369,-0.0,1
FVTW-L^H21,0.0235294117647058,-0.0,1
XKZ-L,0.0238095238095237,-0.0,1
LPDI-L,0.0238095238095237,-0.0,1
FSXI-L,0.0240641711229945,-0.0,1
LTIZ-L,0.0240963855421687,-0.0,1
MNKB-L,0.0241935483870967,-0.0,1
LJXH-L,0.0234604105571847,-0.0,1
FTDC-L^B06,0.0264317180616739,-0.0,1
LKSU-L,0.0163043478260869,-0.0,1
MOOK-L^H18,0.0161290322580645,-0.0,1
LYYS-L^A08,0.0109890109890109,-0.0,1
MSQL-L,0.0107913669064749,-0.0,1
FUPV-L,0.0106213489113118,-0.0,1
MDRR-L,0.0105263157894737,-0.0,1
LPCU-L^F07,0.0102040816326529,-0.0,1
MCCI-L^J07,0.0101010101010101,-0.0,1
MCRK-L^D19,0.0099800399201597,-0.0,1
LLCW-L,0.0099009900990099,-0.0,1
FSET-L,0.0098039215686276,-0.0,1
NKUF-L,0.0098039215686274,-0.0,1
LTCM-L,0.0096525096525097,-0.0,1
LXMH-L,0.0092592592592593,-0.0,1
NYOA-L^L12,0.0091743119266054,-0.0,1
FTWC-L^B06,0.0088495575221239,-0.0,1
LRLB-L,0.0087719298245614,-0.0,1
LTCY-L^H16,0.0087719298245614,-0.0,1
FVUH-L,0.0087108013937282,-0.0,1
LXWG-L^H13,0.0070921985815601,-0.0,1
LVKH-L^J10,0.0070921985815601,-0.0,1
OCHI-L,0.0071428571428571,-0.0,1
XDT-L,0.0072463768115942,-0.0,1
LSRM-L,0.0072463768115942,-0.0,1
FSQG-L^E11,0.0072992700729925,-0.0,1
LQPH-L^C06,0.011111111111111,-0.0,1
OBJE-L^K06,0.0073349633251833,-0.0,1
BJZW-L,0.0075757575757575,-0.0,1
LLEU-L,0.0077519379844961,-0.0,1
LWBL-L,0.0079840319361277,-0.0,1
LJXF-L,0.0081300813008129,-0.0,1
FVVT-L,0.0081743869209809,-0.0,1
FWQO-L^K18,0.0083507306889352,-0.0,1
FSAM-L,0.0073578595317727,-0.0,1
DRXR-L,0.0114068441064638,-0.0,1
LTDC-L^I12,0.0114942528735633,-0.0,1
MDVZ-L,0.0116279069767442,-0.0,1
FYTG-L,0.0141640519946213,-0.0,1
LULR-L,0.014388489208633,-0.0,1
FUYP-L,0.0145127850725639,-0.0,1
FURT-L,0.0146198830409356,-0.0,1
LNCF-L^B07,0.0146373918829008,-0.0,1
NYMM-L^K15,0.0149114631873252,-0.0,1
LLOR-L,0.0141509433962263,-0.0,1
BPVK-L,0.0152613506295307,-0.0,1
TLP-L,0.0154320987654319,-0.0,1
LXZN-L^G12,0.015625,-0.0,1
MBIX-L,0.0158730158730158,-0.0,1
HRG-L,0.015916955017301,-0.0,1
LVKX-L,0.0159574468085106,-0.0,1
FSEW-L,0.0160427807486629,-0.0,1
LMLY-L,0.0153846153846153,-0.0,1
LOKF-L,0.0162601626016258,-0.0,1
LKCT-L,0.0141093474426807,-0.0,1
BUBP-L^K18,0.0139442231075697,-0.0,1
LKNR-L,0.0116959064327486,-0.0,1
LWSW-L,0.0117647058823529,-0.0,1
LPRB-L^J17,0.0118343195266272,-0.0,1
TRI-L,0.0120481927710842,-0.0,1
OPYN-L^J11,0.0122950819672131,-0.0,1
NNDB-L,0.0123966942148761,-0.0,1
LNEG-L,0.0140845070422535,-0.0,1
FTAE-L,0.0128755364806867,-0.0,1
BIIK-L,0.0134069400630914,-0.0,1
XDS-L,0.0135135135135133,-0.0,1
FSIV-L^H15,0.0135135135135135,-0.0,1
MARZ-L,0.0136986301369863,-0.0,1
LQRE-L^L07,0.0136986301369863,-0.0,1
MBDX-L,0.0138248847926267,-0.0,1
MOMT-L,0.0132653061224488,-0.0,1
MVVX-L^F07,0.0268456375838925,-0.0,1
MBEJ-L,0.024390243902439,-0.0,1
MPZC-L^D09,0.0277777777777779,-0.0,1
MDLJ-L^L07,0.0454545454545454,-0.0,1
MORN-L^E12,0.0454545454545454,-0.0,1
MSQE-L,0.04496253122398,-0.0,1
NSNF-L^K22,0.0448979591836733,-0.0,1
UXW-L,0.0448877805486285,-0.0,1
FZFU-L^A07,0.0448717948717947,-0.0,1
FYUT-L,0.0447761194029849,-0.0,1
MAXR-L^D16,0.0447284345047924,-0.0,1
LQTI-L,0.0444444444444442,-0.0,1
MQBG-L^E19,0.0444444444444442,-0.0,1
MBMW-L,0.0439560439560438,-0.0,1
FTZA-L,0.0434782608695651,-0.0,1
LLCJ-L^K06,0.0434782608695651,-0.0,1
LUTK-L,0.0434782608695651,-0.0,1
MOIR-L,0.0268456375838925,-0.0,1
XBC-L,0.0429738562091501,-0.0,1
LZWM-L^L06,0.0428571428571429,-0.0,1
FWQI-L,0.0399429386590586,-0.0,1
XDM-L,0.0404624277456646,-0.0,1
MPIF-L,0.040506329113924,-0.0,1
FTIT-L,0.0405759162303664,-0.0,1
WZS-L^D08,0.0416024653312787,-0.0,1
LVWW-L^C07,0.0416666666666665,-0.0,1
BCZB-L,0.0457516339869281,-0.0,1
LJWT-L^G13,0.0416666666666667,-0.0,1
MRYI-L,0.0420650095602292,-0.0,1
MCYW-L^J07,0.0421052631578948,-0.0,1
FWXD-L^G16,0.0421455938697319,-0.0,1
FWJV-L^G06,0.0422535211267607,-0.0,1
LLBX-L,0.0423728813559323,-0.0,1
FTNU-L^A12,0.0425867507886437,-0.0,1
CWV-L^I06,0.0417508417508418,-0.0,1
LUOY-L^G10,0.0458015267175573,-0.0,1
MYSM-L,0.0458333333333333,-0.0,1
LQOI-L^C21,0.0458715596330276,-0.0,1
FSLV-L^J11,0.0491803278688525,-0.0,1
MBEG-L,0.0497592295345103,-0.0,1
SZI-L^H07,0.0497737556561086,-0.0,1
FVUG-L^I06,0.0499999999999998,-0.0,1
FUMM-L^D10,0.0509554140127388,-0.0,1
FYUQ-L^K10,0.0512820512820511,-0.0,1
OBNU-L^K12,0.048780487804878,-0.0,1
XFY-L^A09,0.0513966480446927,-0.0,1
MHBB-L^J15,0.0515463917525773,-0.0,1
FTKY-L,0.0524515393386544,-0.0,1
LZGL-L,0.0528350515463917,-0.0,1
LLEH-L,0.0529531568228105,-0.0,1
LPDL-L,0.0529801324503311,-0.0,1
LXVM-L^J08,0.0531914893617022,-0.0,1
LXMB-L,0.051490514905149,-0.0,1
FVTE-L,0.0394904458598726,-0.0,1
LTIA-L^D11,0.0478873239436621,-0.0,1
BALZ-L^I10,0.0476190476190476,-0.0,1
FVUA-L,0.0459770114942528,-0.0,1
BLNT-L^D19,0.0461538461538462,-0.0,1
LUMQ-L,0.0462962962962962,-0.0,1
FZAM-L^C06,0.0463499420625721,-0.0,1
FUBX-L,0.046402724563644,-0.0,1
LQYB-L^G12,0.0467479674796749,-0.0,1
LOJL-L,0.0477941176470588,-0.0,1
NNMQ-L^B06,0.046875,-0.0,1
WYN-L,0.0469083155650318,-0.0,1
LYRH-L,0.0476190476190476,-0.0,1
LTOI-L^K18,0.0476190476190476,-0.0,1
LQGG-L^A09,0.0476190476190476,-0.0,1
FZCU-L^F06,0.0476190476190476,-0.0,1
FVUV-L^B09,0.0476190476190476,-0.0,1
FZAP-L,0.046875,-0.0,1
LYWA-L,0.0394736842105263,-0.0,1
MDRM-L,0.0432801822323463,-0.0,1
FSQE-L^E07,0.0391304347826089,-0.0,1
LZXB-L,0.0315904139433551,-0.0,1
FTTP-L,0.0315789473684211,-0.0,1
MBEC-L,0.0315789473684211,-0.0,1
NRYO-L^I22,0.0315789473684211,-0.0,1
OFUG-L^C12,0.0315789473684211,-0.0,1
LXQA-L^C08,0.0314685314685316,-0.0,1
LXXV-L,0.0314285714285713,-0.0,1
LQOP-L^I07,0.03125,-0.0,1
FSRI-L,0.031215161649944,-0.0,1
LZPN-L^J09,0.0310559006211179,-0.0,1
MCGR-L^J19,0.0309523809523808,-0.0,1
LNEE-L,0.0308641975308641,-0.0,1
LRTP-L,0.0308056872037914,-0.0,1
FTWG-L,0.0307692307692308,-0.0,1
VBA-L^C13,0.0307692307692308,-0.0,1
LXMD-L,0.0306748466257669,-0.0,1
LVJR-L,0.0393700787401574,-0.0,1
MOPB-L,0.0278870218090812,-0.0,1
MXXA-L,0.0280373831775702,-0.0,1
LYWJ-L,0.0283159463487332,-0.0,1
MCCA-L^F17,0.0285714285714286,-0.0,1
LMZT-L,0.0287539936102236,-0.0,1
LTDW-L,0.0291666666666667,-0.0,1
XCD-L,0.0317460317460318,-0.0,1
LKBS-L^I07,0.0294117647058822,-0.0,1
LZMU-L,0.0298273155416011,-0.0,1
MPEM-L,0.03,-0.0,1
FTSP-L^I22,0.0302197802197801,-0.0,1
NMFI-L^B17,0.0303030303030302,-0.0,1
LQPE-L,0.0303643724696354,-0.0,1
MQNP-L^D17,0.0304182509505703,-0.0,1
BJFH-L^E20,0.0295670538542764,-0.0,1
FTIC-L^B14,0.0317460317460318,-0.0,1
FTOR-L^G07,0.0305343511450382,-0.0,1
LZXF-L^K21,0.0320512820512821,-0.0,1
FSOP-L^I11,0.038961038961039,-0.0,1
LOWH-L,0.0389610389610388,-0.0,1
FRZW-L^H07,0.0384615384615385,-0.0,1
LVKF-L,0.0384615384615385,-0.0,1
NEYV-L^L10,0.0384615384615385,-0.0,1
MDVF-L,0.0381944444444444,-0.0,1
LWMJ-L^G14,0.0380434782608694,-0.0,1
FSWY-L,0.0372807017543859,-0.0,1
MNLO-L,0.0371517027863776,-0.0,1
LQYD-L^D07,0.0370370370370369,-0.0,1
FSRJ-L,0.0369515011547343,-0.0,1
LMGK-L^L21,0.036697247706422,-0.0,1
LWXZ-L,0.036697247706422,-0.0,1
LTCN-L,0.0363636363636363,-0.0,1
NEYX-L^C16,0.0357142857142855,-0.0,1
XOR-L,0.0355140186915887,-0.0,1
MBER-L^C10,0.0338983050847456,-0.0,1
FSCL-L^F06,0.0320512820512821,-0.0,1
LTDK-L,0.0321285140562248,-0.0,1
LUOQ-L,0.032258064516129,-0.0,1
FTJJ-L^H12,0.032258064516129,-0.0,1
BSCI-L^L07,0.0325670498084291,-0.0,1
MQFB-L,0.0331125827814569,-0.0,1
DQVU-L^I15,0.0333333333333334,-0.0,1
LJZU-L^D22,0.0351145038167939,-0.0,1
LMZQ-L,0.0319634703196345,-0.0,1
OFQN-L^J15,0.0339366515837105,-0.0,1
BWQW-L^I10,0.0339506172839505,-0.0,1
OFDS-L^E08,0.0341726618705036,-0.0,1
FTKZ-L,0.0342342342342343,-0.0,1
XNL-L^H09,0.0344827586206897,-0.0,1
LWCO-L,0.0346153846153844,-0.0,1
FSVT-L,0.0338983050847458,-0.0,1
MOLF-L,-0.1192052980132449,0.0,2
MQCI-L,-0.1181102362204723,0.0,2
MOMU-L,0.0,-0.0,2
MEAY-L^D12,0.407185628742515,-0.0,2
NOJL-L,0.2954545454545454,-0.0,3
NNZV-L^L11,-0.0416666666666666,0.0,3
GVDY-L,-0.3764034253092292,0.0,3
DMXC-L,0.1001855287569573,-0.0,4
GJWE-L,0.0014224751066855,0.0,4
BBTK-L^C11,0.048780487804878,-0.0,5
XOP-L,0.0,0.0,5
HCJT-L^C08,-0.0041493775933609,0.0,6
NLCX-L^E08,-0.0185185185185186,0.0,7
LQUS-L^J09,0.0954356846473027,0.0,8
FSCO-L^A08,-0.0024937655860348,0.0,9
NNZM-L,0.0642857142857142,0.0,10
OFVK-L^C10,0.0454545454545454,0.0,11
OCMN-L^K13,0.3047619047619048,0.0,12
MLDO-L^J10,-0.0416666666666666,0.0,13
NENN-L^J16,0.0869565217391306,0.0,14
MBDV-L^E06,0.3836477987421385,0.0,15
MCKO-L^B09,0.0064516129032257,0.0,16
OFUU-L^E11,0.0,0.0,17
LPSE-L,0.0448275862068965,0.0,18
LRMS-L^E09,0.1123595505617978,0.0,19
MOLR-L,0.15625,0.0,20
LWQW-L^B10,0.0,0.0,21
LTKO-L,-0.0012458471760796,0.0,22
FSHK-L,0.0909090909090908,0.0,23
NEUH-L,0.2203389830508475,0.0,24
DOS-L,-0.0176904176904177,0.0,25
LWM-L,0.0016440564706881,0.0,26
FTJC-L^I07,0.0,0.0,27
LTKS-L,0.2549019607843137,0.0,28
LQVD-L^J07,-0.0549450549450549,0.0,29
LQQC-L^J07,0.0,0.0,30
LQIV-L^J07,0.0,0.0,31
LWWC-L^I19,0.0196078431372548,0.0,32
