Firm Name,Momentum_1,Long Short,Long,Short,Cluster Index
65270,0.4527027027027026,0.0,0,0,0
24360,0.0161290322580645,0.0,0,0,0
19553,0.0161764705882352,0.0,0,0,0
18382,0.0171149144254278,0.0,0,0,0
60186,0.0176056338028169,0.0,0,0,0
42833,0.0180878552971577,0.0,0,0,0
75815,0.018181818181818,0.0,0,0,0
51633,0.0188284518828452,0.0,0,0,0
13928,0.0191326530612245,0.0,0,0,0
77006,0.0192307692307691,0.0,0,0,0
17005,0.0194092827004219,0.0,0,0,0
79751,0.0203488372093023,0.0,0,0,0
77338,0.021505376344086,0.0,0,0,0
38893,0.0235756385068761,0.0,0,0,0
67679,0.024390243902439,0.0,0,0,0
60943,0.0249066002490661,0.0,0,0,0
76391,0.0160116448326055,0.0,0,0,0
39087,0.0255681818181818,0.0,0,0,0
79863,0.0153846153846153,0.0,0,0,0
24679,0.0132450331125828,0.0,0,0,0
10147,0.0016556291390728,0.0,0,0,0
77502,0.002659574468085,0.0,0,0,0
21821,0.0032608695652174,0.0,0,0,0
33823,0.0034722222222223,0.0,0,0,0
75558,0.0036101083032491,0.0,0,0,0
21573,0.0053619302949061,0.0,0,0,0
17478,0.0057851239669421,0.0,0,0,0
75186,0.0066225165562914,0.0,0,0,0
61583,0.0068212824010913,0.0,0,0,0
45751,0.007209805335256,0.0,0,0,0
57665,0.0085470085470085,0.0,0,0,0
21514,0.0086956521739129,0.0,0,0,0
18542,0.0091638029782359,0.0,0,0,0
26825,0.0117302052785923,0.0,0,0,0
76651,0.0117647058823529,0.0,0,0,0
27334,0.0141935483870967,0.0,0,0,0
53364,0.0,0.0,0,0,0
70252,0.0258823529411764,0.0,0,0,0
23579,0.0275229357798165,0.0,0,0,0
20415,0.0430463576158941,0.0,0,0,0
69032,0.0438675022381378,0.0,0,0,0
50227,0.0439146800501881,0.0,0,0,0
80186,0.0442477876106195,0.0,0,0,0
24432,0.045643153526971,0.0,0,0,0
63088,0.0460251046025104,0.0,0,0,0
24109,0.046875,0.0,0,0,0
22517,0.047486033519553,0.0,0,0,0
87223,0.0476190476190476,0.0,0,0,0
64936,0.04858934169279,0.0,0,0,0
37584,0.0490196078431373,0.0,0,0,0
66122,0.04921968787515,0.0,0,0,0
23544,0.0520833333333332,0.0,0,0,0
37875,0.0527472527472527,0.0,0,0,0
79521,0.0535714285714286,0.0,0,0,0
24053,0.0426829268292683,0.0,0,0,0
14891,0.0265339966832505,0.0,0,0,0
54391,0.0414201183431952,0.0,0,0,0
25443,0.0391705069124423,0.0,0,0,0
76363,0.0277777777777776,0.0,0,0,0
24010,0.0280777537796976,0.0,0,0,0
77475,0.0284552845528456,0.0,0,0,0
79245,0.03125,0.0,0,0,0
44652,0.032258064516129,0.0,0,0,0
76774,0.0323741007194244,0.0,0,0,0
17830,0.0335899230230931,0.0,0,0,0
80294,0.0348837209302326,0.0,0,0,0
50404,0.0352941176470589,0.0,0,0,0
24221,0.0356435643564356,0.0,0,0,0
78860,0.036144578313253,0.0,0,0,0
23077,0.0366259711431742,0.0,0,0,0
10693,0.0369515011547343,0.0,0,0,0
76076,0.0379506641366222,0.0,0,0,0
26710,0.0386052303860522,0.0,0,0,0
24572,0.0408163265306122,0.0,0,0,0
48072,0.0,0.0,0,0,0
11468,0.0,0.0,0,0,0
11106,0.0,0.0,0,0,0
79096,-0.1014492753623188,0.0,0,0,0
11571,-0.0999999999999999,0.0,0,0,0
76597,-0.0940325497287523,0.0,0,0,0
65541,-0.0922459893048128,0.0,0,0,0
89915,-0.0914285714285714,0.0,0,0,0
15077,-0.08994708994709,0.0,0,0,0
63554,-0.0873015873015873,0.0,0,0,0
77918,-0.079646017699115,0.0,0,0,0
10116,-0.0784313725490196,0.0,0,0,0
11496,-0.074829931972789,0.0,0,0,0
80156,-0.0714285714285714,0.0,0,0,0
85965,-0.0676156583629893,0.0,0,0,0
15579,-0.0668103448275861,0.0,0,0,0
39538,-0.0649926144756277,0.0,0,0,0
24643,-0.0621805792163543,0.0,0,0,0
10346,-0.1212121212121212,0.0,0,0,0
11681,-0.0606060606060605,0.0,0,0,0
10078,-0.124015748031496,0.0,0,0,0
10987,-0.1351351351351351,0.0,0,0,0
11081,-0.515638963360143,0.0,0,0,0
19933,-0.4642857142857143,0.0,0,0,0
24766,-0.2270683453237409,0.0,0,0,0
64338,-0.2222222222222222,0.0,0,0,0
16986,-0.1841004184100418,0.0,0,0,0
76276,-0.1818181818181817,0.0,0,0,0
10772,-0.1801801801801802,0.0,0,0,0
75222,-0.1764705882352941,0.0,0,0,0
10182,-0.1720430107526881,0.0,0,0,0
76999,-0.1688888888888888,0.0,0,0,0
70164,-0.1593220338983051,0.0,0,0,0
91994,-0.1578947368421053,0.0,0,0,0
77376,-0.15,0.0,0,0,0
24803,-0.1402085747392816,0.0,0,0,0
47730,-0.1371527777777778,0.0,0,0,0
53613,-0.1242937853107344,0.0,0,0,0
75579,-0.0581395348837209,0.0,0,0,0
29285,-0.0563380281690141,0.0,0,0,0
15203,-0.0555555555555555,0.0,0,0,0
25953,-0.0161812297734628,0.0,0,0,0
44062,-0.0145251396648045,0.0,0,0,0
59184,-0.0133333333333333,0.0,0,0,0
23317,-0.0132978723404255,0.0,0,0,0
10145,-0.0132158590308369,0.0,0,0,0
28222,-0.0126582278481012,0.0,0,0,0
66747,-0.0124999999999999,0.0,0,0,0
11754,-0.0114285714285714,0.0,0,0,0
11618,-0.0113960113960114,0.0,0,0,0
64282,-0.0107758620689655,0.0,0,0,0
77438,-0.01,0.0,0,0,0
24942,-0.0074388947927735,0.0,0,0,0
65330,-0.0073221757322176,0.0,0,0,0
79289,-0.0060240963855421,0.0,0,0,0
23501,-0.0024875621890547,0.0,0,0,0
52898,-0.0170940170940171,0.0,0,0,0
53786,-0.0206378986866792,0.0,0,0,0
44951,-0.0209973753280839,0.0,0,0,0
54463,-0.0213414634146341,0.0,0,0,0
27828,-0.0541044776119402,0.0,0,0,0
77426,-0.0505050505050505,0.0,0,0,0
58886,-0.05,0.0,0,0,0
60580,-0.0451713395638628,0.0,0,0,0
14702,-0.0407470288624788,0.0,0,0,0
63976,-0.0351437699680511,0.0,0,0,0
64899,-0.0324675324675324,0.0,0,0,0
11170,0.0536130536130536,0.0,0,0,0
24563,-0.0278207109737248,0.0,0,0,0
38156,-0.0247619047619047,0.0,0,0,0
80149,-0.0246913580246913,0.0,0,0,0
60097,-0.0235294117647059,0.0,0,0,0
25320,-0.0226049515608181,0.0,0,0,0
10516,-0.022284122562674,0.0,0,0,0
77967,-0.0222222222222222,0.0,0,0,0
27756,-0.0220588235294117,0.0,0,0,0
27887,-0.0264900662251655,0.0,0,0,0
60986,0.0558583106267029,0.0,0,0,0
79066,-0.0044247787610619,0.0,0,0,0
44601,0.0569306930693069,0.0,0,0,0
78216,0.1200000000000001,0.0,0,0,0
18411,0.1215189873417721,0.0,0,0,0
25072,0.1224105461393596,0.0,0,0,0
37023,0.1237113402061855,0.0,0,0,0
75104,0.1243386243386244,0.0,0,0,0
75182,0.1254752851711027,0.0,0,0,0
23536,0.1261467889908256,0.0,0,0,0
50032,0.1268357810413884,0.0,0,0,0
11042,0.127659574468085,0.0,0,0,0
39917,0.1314142678347936,0.0,0,0,0
76660,0.1328903654485049,0.0,0,0,0
51596,0.1371841155234656,0.0,0,0,0
49154,0.1382376717865805,0.0,0,0,0
45022,0.1385927505330491,0.0,0,0,0
11152,0.1388888888888888,0.0,0,0,0
76605,0.1198347107438015,0.0,0,0,0
34833,0.1418092909535453,0.0,0,0,0
60628,0.1167811579980373,0.0,0,0,0
40484,0.1154734411085449,0.0,0,0,0
48725,0.1014669926650366,0.0,0,0,0
68304,0.1018766756032172,0.0,0,0,0
23915,0.1033013844515442,0.0,0,0,0
19350,0.1035634743875277,0.0,0,0,0
67942,0.1044776119402985,0.0,0,0,0
79637,0.1052631578947369,0.0,0,0,0
43617,0.1057692307692308,0.0,0,0,0
24205,0.1065662002152851,0.0,0,0,0
60038,0.1071428571428572,0.0,0,0,0
70500,0.1075471698113208,0.0,0,0,0
10989,0.1091340450771056,0.0,0,0,0
21792,0.1111111111111111,0.0,0,0,0
75257,0.1118012422360248,0.0,0,0,0
47941,0.1132623426911907,0.0,0,0,0
44644,0.1146366427840328,0.0,0,0,0
21776,0.1167192429022081,0.0,0,0,0
14008,0.1458823529411765,0.0,0,0,0
60055,0.1538461538461537,0.0,0,0,0
68196,0.1567796610169491,0.0,0,0,0
78876,0.2252252252252251,0.0,0,0,0
79259,0.25,0.0,0,0,0
46392,0.2750352609308886,0.0,0,0,0
10104,0.281725888324873,0.0,0,0,0
10192,0.2843601895734597,0.0,0,0,0
77964,0.2982456140350877,0.0,0,0,0
31026,0.3023255813953489,0.0,0,0,0
80233,0.3076923076923077,0.0,0,0,0
79860,0.3203883495145632,0.0,0,0,0
77456,0.3374999999999999,0.0,0,0,0
79255,0.368421052631579,0.0,0,0,0
75764,0.3714285714285714,0.0,0,0,0
11958,0.3990384615384614,0.0,0,0,0
76977,0.4444444444444444,0.0,0,0,0
17144,0.0564726324934838,0.0,0,0,0
50279,0.2164948453608246,0.0,0,0,0
23472,0.2083333333333332,0.0,0,0,0
10685,0.2067039106145252,0.0,0,0,0
69809,0.2063492063492062,0.0,0,0,0
31500,0.1593984962406014,0.0,0,0,0
52919,0.1598253275109169,0.0,0,0,0
76887,0.1613372093023255,0.0,0,0,0
76868,0.1643835616438356,0.0,0,0,0
77390,0.1666666666666667,0.0,0,0,0
79818,0.1685393258426966,0.0,0,0,0
23712,0.1705426356589148,0.0,0,0,0
11404,0.1,0.0,0,0,0
79601,0.186046511627907,0.0,0,0,0
79257,0.1904761904761904,0.0,0,0,0
76712,0.1917613636363635,0.0,0,0,0
65357,0.195,0.0,0,0,0
42607,0.1964285714285714,0.0,0,0,0
27983,0.1976090014064697,0.0,0,0,0
65091,0.1999999999999999,0.0,0,0,0
74230,0.200507614213198,0.0,0,0,0
76171,0.1889400921658985,0.0,0,0,0
10137,0.098159509202454,0.0,0,0,0
61065,0.1476190476190475,0.0,0,0,0
55976,0.097165991902834,0.0,0,0,0
11674,0.0697278911564625,0.0,0,0,0
75030,0.0698924731182795,0.0,0,0,0
11955,0.0705705705705705,0.0,0,0,0
24459,0.0706666666666666,0.0,0,0,0
18403,0.070733863837312,0.0,0,0,0
11260,0.0707395498392282,0.0,0,0,0
56274,0.0708333333333333,0.0,0,0,0
75333,0.0712290502793295,0.0,0,0,0
24440,0.0717592592592593,0.0,0,0,0
27959,0.0719910011248594,0.0,0,0,0
37161,0.0736342042755344,0.0,0,0,0
23931,0.0739476678043231,0.0,0,0,0
76644,0.0747330960854093,0.0,0,0,0
79668,0.0754414125200642,0.0,0,0,0
36257,0.0756302521008402,0.0,0,0,0
92655,0.0669412976313079,0.0,0,0,0
75483,0.0666666666666666,0.0,0,0,0
36468,0.0654205607476634,0.0,0,0,0
22859,0.0648464163822526,0.0,0,0,0
66181,0.0587084148727985,0.0,0,0,0
63159,0.0972972972972971,0.0,0,0,0
21979,0.0590200445434299,0.0,0,0,0
76240,0.06,0.0,0,0,0
10138,0.0602636534839924,0.0,0,0,0
77038,0.0603448275862068,0.0,0,0,0
20124,0.0606352261790184,0.0,0,0,0
23085,0.076086956521739,0.0,0,0,0
23229,0.060734463276836,0.0,0,0,0
57330,0.0612244897959184,0.0,0,0,0
79884,0.061503416856492,0.0,0,0,0
24096,0.0615640599001663,0.0,0,0,0
20626,0.0628415300546447,0.0,0,0,0
15720,0.0633484162895927,0.0,0,0,0
77481,0.064030131826742,0.0,0,0,0
23026,0.0647948164146867,0.0,0,0,0
76149,0.060931899641577,0.0,0,0,0
23819,0.0765100671140939,0.0,0,0,0
18729,0.0685142417244033,0.0,0,0,0
62042,0.0775193798449611,0.0,0,0,0
77688,0.0916030534351144,0.0,0,0,0
20853,0.0916179337231968,0.0,0,0,0
69649,0.0924764890282132,0.0,0,0,0
79000,0.0925925925925925,0.0,0,0,0
76282,0.0925925925925925,0.0,0,0,0
75308,0.0931677018633541,0.0,0,0,0
16678,0.0931952662721893,0.0,0,0,0
16432,0.0938628158844765,0.0,0,0,0
68049,0.0943396226415094,0.0,0,0,0
55001,0.0945273631840795,0.0,0,0,0
68451,0.0950226244343892,0.0,0,0,0
43553,0.0950520833333332,0.0,0,0,0
26606,0.0954861111111111,0.0,0,0,0
74203,0.095890410958904,0.0,0,0,0
24985,0.0959349593495935,0.0,0,0,0
80094,0.0905292479108634,0.0,0,0,0
59619,0.0888888888888888,0.0,0,0,0
22840,0.0929203539823009,0.0,0,0,0
19254,0.0800561797752807,0.0,0,0,0
79307,0.0778443113772455,0.0,0,0,0
10401,0.0778688524590163,0.0,0,0,0
38658,0.0780856423173803,0.0,0,0,0
45356,0.0790123456790123,0.0,0,0,0
56573,0.0802919708029197,0.0,0,0,0
25144,0.0805152979066021,0.0,0,0,0
27991,0.0888208269525268,0.0,0,0,0
14736,0.0807174887892376,0.0,0,0,0
20204,0.0816326530612245,0.0,0,0,0
24046,0.0828729281767954,0.0,0,0,0
78906,0.0833333333333332,0.0,0,0,0
14322,0.0837264150943395,0.0,0,0,0
23114,0.0838323353293413,0.0,0,0,0
15069,0.0886075949367088,0.0,0,0,0
80193,0.0815789473684209,0.0,0,0,0
22496,0.0775444264943456,0.0,0,0,0
77200,-0.0133333333333333,0.0,0,0,1
77730,-0.0128205128205127,0.0,0,0,1
74740,-0.0140845070422535,0.0,0,0,1
78155,-0.0125523012552301,0.0,0,0,1
48143,-0.0134874759152215,0.0,0,0,1
57146,-0.012121212121212,0.0,0,0,1
28484,-0.0126984126984126,0.0,0,0,1
78066,-0.0135135135135134,0.0,0,0,1
79909,-0.0140845070422535,0.0,0,0,1
79613,-0.0136518771331057,0.0,0,0,1
49227,-0.0137741046831956,0.0,0,0,1
75101,-0.0137931034482758,0.0,0,0,1
79823,-0.0139664804469273,0.0,0,0,1
18921,-0.0140421263791373,0.0,0,0,1
43481,-0.0140845070422535,0.0,0,0,1
18286,-0.0120481927710843,0.0,0,0,1
75469,-0.0136054421768707,0.0,0,0,1
27713,-0.0119555935098206,0.0,0,0,1
17137,-0.0100806451612903,0.0,0,0,1
47490,-0.0115207373271889,0.0,0,0,1
75993,-0.0145631067961164,0.0,0,0,1
46260,-0.0099667774086378,0.0,0,0,1
78077,-0.0099009900990099,0.0,0,0,1
78210,-0.010204081632653,0.0,0,0,1
79700,-0.0103092783505154,0.0,0,0,1
55546,-0.0104712041884816,0.0,0,0,1
76133,-0.0105820105820105,0.0,0,0,1
59256,-0.0117994100294985,0.0,0,0,1
11970,-0.0107758620689655,0.0,0,0,1
82801,-0.0108695652173913,0.0,0,0,1
11465,-0.0108695652173913,0.0,0,0,1
76317,-0.0108695652173913,0.0,0,0,1
38375,-0.0109890109890109,0.0,0,0,1
11043,-0.011111111111111,0.0,0,0,1
56629,-0.0112359550561798,0.0,0,0,1
12052,-0.0114613180515759,0.0,0,0,1
27562,-0.0108191653786707,0.0,0,0,1
76123,-0.0146520146520146,0.0,0,0,1
50623,-0.0191570881226054,0.0,0,0,1
76407,-0.0147058823529411,0.0,0,0,1
68743,-0.0175438596491228,0.0,0,0,1
36783,-0.0175438596491228,0.0,0,0,1
58608,-0.0175746924428822,0.0,0,0,1
29752,-0.0176211453744493,0.0,0,0,1
79940,-0.0178571428571429,0.0,0,0,1
46164,-0.0179948586118251,0.0,0,0,1
11910,-0.0181818181818181,0.0,0,0,1
80199,-0.0173160173160172,0.0,0,0,1
28151,-0.018348623853211,0.0,0,0,1
49585,-0.0186335403726708,0.0,0,0,1
23537,-0.0186915887850467,0.0,0,0,1
12236,-0.0186915887850467,0.0,0,0,1
42796,-0.0189228529839883,0.0,0,0,1
23799,-0.0192307692307692,0.0,0,0,1
69199,-0.0098039215686274,0.0,0,0,1
77266,-0.0192307692307692,0.0,0,0,1
33603,-0.0185185185185184,0.0,0,0,1
26884,-0.0172413793103448,0.0,0,0,1
47969,-0.0170454545454545,0.0,0,0,1
87696,-0.0170454545454545,0.0,0,0,1
77268,-0.0147058823529411,0.0,0,0,1
72961,-0.0153452685421995,0.0,0,0,1
50606,-0.0154494382022472,0.0,0,0,1
64063,-0.0155038759689922,0.0,0,0,1
71985,-0.015625,0.0,0,0,1
51086,-0.015625,0.0,0,0,1
10568,-0.015625,0.0,0,0,1
76232,-0.0157480314960629,0.0,0,0,1
28804,-0.0158910329171396,0.0,0,0,1
72980,-0.0159362549800796,0.0,0,0,1
64996,-0.0161290322580645,0.0,0,0,1
11478,-0.0162601626016259,0.0,0,0,1
78791,-0.0162601626016259,0.0,0,0,1
42585,-0.0164319248826291,0.0,0,0,1
77893,-0.0165562913907284,0.0,0,0,1
72733,-0.0166251039068994,0.0,0,0,1
76122,-0.0167597765363128,0.0,0,0,1
11775,-0.0147058823529411,0.0,0,0,1
79950,-0.0096711798839458,0.0,0,0,1
79666,0.0,0.0,0,0,1
11956,-0.0092592592592593,0.0,0,0,1
56354,0.0,0.0,0,0,1
77657,0.0,0.0,0,0,1
79615,0.0,0.0,0,0,1
76477,-0.0009950248756218,0.0,0,0,1
26454,-0.001031991744066,0.0,0,0,1
76238,-0.0017421602787456,0.0,0,0,1
57007,-0.0020876826722338,0.0,0,0,1
80098,0.0,0.0,0,0,1
76128,-0.0022123893805309,0.0,0,0,1
77637,-0.0025641025641025,0.0,0,0,1
79010,-0.0026737967914438,0.0,0,0,1
37955,-0.002840909090909,0.0,0,0,1
24951,-0.0028901734104046,0.0,0,0,1
71271,-0.002932551319648,0.0,0,0,1
18455,-0.002967359050445,0.0,0,0,1
76764,-0.0032154340836012,0.0,0,0,1
49905,-0.0024999999999999,0.0,0,0,1
18147,-0.0032292787944026,0.0,0,0,1
76743,0.0,0.0,0,0,1
33690,0.0,0.0,0,0,1
87426,-0.0193236714975845,0.0,0,0,1
79385,0.0,0.0,0,0,1
79381,0.0,0.0,0,0,1
79405,0.0,0.0,0,0,1
79511,0.0,0.0,0,0,1
80050,0.0,0.0,0,0,1
25583,0.0,0.0,0,0,1
64637,0.0,0.0,0,0,1
30593,0.0,0.0,0,0,1
48709,0.0,0.0,0,0,1
80013,0.0,0.0,0,0,1
75094,0.0,0.0,0,0,1
77488,0.0,0.0,0,0,1
77820,0.0,0.0,0,0,1
45583,0.0,0.0,0,0,1
28311,0.0,0.0,0,0,1
65752,0.0,0.0,0,0,1
75259,-0.0032733224222586,0.0,0,0,1
46527,-0.0032894736842105,0.0,0,0,1
79713,-0.0033112582781457,0.0,0,0,1
11509,-0.0066889632107023,0.0,0,0,1
54704,-0.0071428571428571,0.0,0,0,1
11534,-0.0074626865671642,0.0,0,0,1
75647,-0.0075614366729678,0.0,0,0,1
76619,-0.0077220077220077,0.0,0,0,1
13777,-0.0078740157480314,0.0,0,0,1
79244,-0.0080091533180778,0.0,0,0,1
46295,-0.0066666666666667,0.0,0,0,1
12205,-0.008130081300813,0.0,0,0,1
80113,-0.0084033613445377,0.0,0,0,1
76980,-0.0087719298245614,0.0,0,0,1
30840,-0.0088105726872246,0.0,0,0,1
11403,-0.0089445438282647,0.0,0,0,1
11881,-0.009009009009009,0.0,0,0,1
78145,-0.009009009009009,0.0,0,0,1
27909,-0.0090634441087613,0.0,0,0,1
77862,-0.0081967213114754,0.0,0,0,1
48960,-0.0066666666666667,0.0,0,0,1
83433,-0.006578947368421,0.0,0,0,1
27618,-0.006578947368421,0.0,0,0,1
18075,-0.0033670033670033,0.0,0,0,1
71685,-0.0035885167464114,0.0,0,0,1
34948,-0.0039682539682539,0.0,0,0,1
76739,-0.0040485829959514,0.0,0,0,1
64071,-0.0043668122270742,0.0,0,0,1
48486,-0.0044247787610619,0.0,0,0,1
76697,-0.0045146726862302,0.0,0,0,1
24935,-0.0046948356807511,0.0,0,0,1
75808,-0.005249343832021,0.0,0,0,1
72494,-0.0054945054945054,0.0,0,0,1
49744,-0.0057720057720057,0.0,0,0,1
10933,-0.0061063218390804,0.0,0,0,1
26657,-0.0061601642710472,0.0,0,0,1
79732,-0.0062111801242236,0.0,0,0,1
10606,-0.0062370062370061,0.0,0,0,1
53604,-0.0063694267515923,0.0,0,0,1
90756,-0.0065359477124182,0.0,0,0,1
29938,-0.0095238095238094,0.0,0,0,1
11484,-0.0194174757281553,0.0,0,0,1
17523,-0.0397350993377483,0.0,0,0,1
79674,-0.0196078431372549,0.0,0,0,1
11995,-0.0334728033472803,0.0,0,0,1
32563,-0.0335689045936395,0.0,0,0,1
27722,-0.0338461538461538,0.0,0,0,1
46463,-0.0342205323193915,0.0,0,0,1
80034,-0.0342465753424657,0.0,0,0,1
77327,-0.0344827586206896,0.0,0,0,1
61496,-0.0348837209302325,0.0,0,0,1
61743,-0.0330275229357798,0.0,0,0,1
75651,-0.0350877192982456,0.0,0,0,1
46229,-0.0357142857142857,0.0,0,0,1
75375,-0.0357142857142857,0.0,0,0,1
75860,-0.0357142857142857,0.0,0,0,1
77486,-0.0357142857142857,0.0,0,0,1
77437,-0.0357142857142857,0.0,0,0,1
48961,-0.036036036036036,0.0,0,0,1
75033,-0.036036036036036,0.0,0,0,1
48523,-0.0355113636363636,0.0,0,0,1
38608,-0.036144578313253,0.0,0,0,1
79002,-0.0329670329670329,0.0,0,0,1
44353,-0.0325814536340852,0.0,0,0,1
53495,-0.0303030303030302,0.0,0,0,1
77039,-0.0307017543859648,0.0,0,0,1
48135,-0.0307692307692307,0.0,0,0,1
78209,-0.0308219178082191,0.0,0,0,1
18438,-0.0311526479750778,0.0,0,0,1
35705,-0.03125,0.0,0,0,1
77799,-0.03125,0.0,0,0,1
27617,-0.0327868852459016,0.0,0,0,1
76340,-0.03125,0.0,0,0,1
77872,-0.03125,0.0,0,0,1
75880,-0.0315533980582524,0.0,0,0,1
62463,-0.0317460317460317,0.0,0,0,1
47706,-0.0319148936170212,0.0,0,0,1
11587,-0.032258064516129,0.0,0,0,1
34121,-0.032258064516129,0.0,0,0,1
78213,-0.0325203252032519,0.0,0,0,1
77279,-0.03125,0.0,0,0,1
35211,-0.0363466915191053,0.0,0,0,1
52804,-0.0364583333333333,0.0,0,0,1
79417,-0.0366300366300366,0.0,0,0,1
14816,-0.0393634840871022,0.0,0,0,1
38420,-0.0394190871369294,0.0,0,0,1
53612,-0.039447731755424,0.0,0,0,1
78892,-0.0394736842105263,0.0,0,0,1
10235,-0.0394736842105263,0.0,0,0,1
26438,-0.0395634379263301,0.0,0,0,1
75854,-0.0396732788798133,0.0,0,0,1
51414,-0.0391304347826086,0.0,0,0,1
79268,0.0,0.0,0,0,1
57745,-0.0403225806451612,0.0,0,0,1
10194,-0.0404040404040404,0.0,0,0,1
10216,-0.0405405405405405,0.0,0,0,1
77473,-0.040767386091127,0.0,0,0,1
89245,-0.0410958904109589,0.0,0,0,1
79261,-0.0413223140495867,0.0,0,0,1
77509,-0.0413533834586465,0.0,0,0,1
75433,-0.04,0.0,0,0,1
79725,-0.0388349514563106,0.0,0,0,1
62519,-0.0387931034482759,0.0,0,0,1
76392,-0.0384615384615384,0.0,0,0,1
73940,-0.0367197062423501,0.0,0,0,1
62367,-0.0367454068241469,0.0,0,0,1
75902,-0.0369127516778523,0.0,0,0,1
31472,-0.037037037037037,0.0,0,0,1
80515,-0.037037037037037,0.0,0,0,1
76290,-0.037037037037037,0.0,0,0,1
79715,-0.037037037037037,0.0,0,0,1
26252,-0.0371257485029939,0.0,0,0,1
78972,-0.0372093023255813,0.0,0,0,1
77581,-0.0374999999999999,0.0,0,0,1
66384,-0.0376712328767123,0.0,0,0,1
36709,-0.0377358490566037,0.0,0,0,1
67193,-0.0378548895899053,0.0,0,0,1
79689,-0.0378787878787878,0.0,0,0,1
32222,-0.0384615384615384,0.0,0,0,1
85527,-0.0384615384615384,0.0,0,0,1
87514,-0.0384615384615384,0.0,0,0,1
10972,-0.0303030303030302,0.0,0,0,1
26279,-0.0194552529182879,0.0,0,0,1
12209,-0.0303030303030302,0.0,0,0,1
42550,-0.0303030303030302,0.0,0,0,1
23552,-0.0212765957446808,0.0,0,0,1
10866,-0.0212765957446808,0.0,0,0,1
77063,-0.0213675213675214,0.0,0,0,1
48531,-0.021505376344086,0.0,0,0,1
67328,-0.021505376344086,0.0,0,0,1
77897,-0.0217391304347825,0.0,0,0,1
91380,-0.0220440881763527,0.0,0,0,1
80146,-0.0212765957446808,0.0,0,0,1
11561,-0.0222222222222222,0.0,0,0,1
75822,-0.0227272727272727,0.0,0,0,1
76785,-0.0227272727272727,0.0,0,0,1
80237,-0.0227272727272727,0.0,0,0,1
11752,-0.0229885057471264,0.0,0,0,1
58771,-0.0230769230769231,0.0,0,0,1
72304,-0.0230769230769231,0.0,0,0,1
77478,-0.0231213872832369,0.0,0,0,1
12320,-0.0225988700564971,0.0,0,0,1
77117,-0.0231578947368421,0.0,0,0,1
75482,-0.0212765957446808,0.0,0,0,1
85586,-0.0212765957446808,0.0,0,0,1
80103,-0.0196078431372549,0.0,0,0,1
79881,-0.0196078431372549,0.0,0,0,1
75557,-0.0197368421052631,0.0,0,0,1
78200,-0.0197368421052631,0.0,0,0,1
16791,-0.0198019801980198,0.0,0,0,1
76716,-0.0198019801980198,0.0,0,0,1
77325,-0.0199004975124378,0.0,0,0,1
10178,-0.0212765957446808,0.0,0,0,1
62308,-0.0200534759358288,0.0,0,0,1
79847,-0.0201612903225806,0.0,0,0,1
76780,-0.0204081632653061,0.0,0,0,1
31552,-0.0205479452054794,0.0,0,0,1
51263,-0.0206022187004754,0.0,0,0,1
46578,-0.0206552706552706,0.0,0,0,1
77064,-0.0210526315789473,0.0,0,0,1
39045,-0.0212765957446808,0.0,0,0,1
79718,-0.0201342281879194,0.0,0,0,1
16193,-0.0232558139534884,0.0,0,0,1
42112,-0.0235849056603774,0.0,0,0,1
76371,-0.0238095238095238,0.0,0,0,1
30780,-0.0276243093922652,0.0,0,0,1
77595,-0.0277777777777777,0.0,0,0,1
74481,-0.0277777777777777,0.0,0,0,1
10908,-0.0277777777777777,0.0,0,0,1
79933,-0.0277777777777777,0.0,0,0,1
61145,-0.0277777777777777,0.0,0,0,1
15457,-0.028169014084507,0.0,0,0,1
56119,-0.0274725274725274,0.0,0,0,1
10025,-0.0283687943262411,0.0,0,0,1
76101,-0.0287539936102236,0.0,0,0,1
79848,-0.0291262135922329,0.0,0,0,1
34228,-0.0294117647058823,0.0,0,0,1
49614,-0.0296296296296296,0.0,0,0,1
10259,-0.03,0.0,0,0,1
76703,-0.0301724137931034,0.0,0,0,1
32062,-0.0303030303030302,0.0,0,0,1
76008,-0.0284552845528455,0.0,0,0,1
11277,-0.02734375,0.0,0,0,1
51190,-0.0272727272727272,0.0,0,0,1
22664,-0.0270270270270269,0.0,0,0,1
79093,-0.0238095238095238,0.0,0,0,1
78082,-0.024390243902439,0.0,0,0,1
58800,-0.024390243902439,0.0,0,0,1
48653,-0.0245700245700245,0.0,0,0,1
77335,-0.0245901639344262,0.0,0,0,1
76841,-0.024793388429752,0.0,0,0,1
75560,-0.025,0.0,0,0,1
76264,-0.025,0.0,0,0,1
79404,-0.025,0.0,0,0,1
50091,-0.0250260688216892,0.0,0,0,1
79785,-0.025096525096525,0.0,0,0,1
55191,-0.0252293577981651,0.0,0,0,1
10410,-0.0252525252525253,0.0,0,0,1
76408,-0.0254237288135593,0.0,0,0,1
52978,-0.0258620689655172,0.0,0,0,1
34913,-0.0259740259740259,0.0,0,0,1
17444,-0.026595744680851,0.0,0,0,1
47255,-0.0303030303030302,0.0,0,0,1
79260,0.0,0.0,0,0,1
90377,0.0129870129870128,0.0,0,0,1
78950,0.0,0.0,0,0,1
60353,0.0190476190476189,0.0,0,0,1
34463,0.0189944134078212,0.0,0,0,1
66878,0.0188679245283018,0.0,0,0,1
39328,0.0188679245283018,0.0,0,0,1
77362,0.01875,0.0,0,0,1
58560,0.0186915887850467,0.0,0,0,1
45137,0.0186666666666666,0.0,0,0,1
11137,0.0192307692307691,0.0,0,0,1
14955,0.0186046511627906,0.0,0,0,1
10860,0.0185185185185186,0.0,0,0,1
77757,0.0185185185185186,0.0,0,0,1
45874,0.0184615384615385,0.0,0,0,1
77300,0.0183823529411764,0.0,0,0,1
65365,0.0182926829268292,0.0,0,0,1
76526,0.0182926829268292,0.0,0,0,1
77662,0.0181159420289855,0.0,0,0,1
47423,0.0185185185185186,0.0,0,0,1
54341,0.0178571428571427,0.0,0,0,1
90609,0.0193160086461772,0.0,0,0,1
46245,0.019438444924406,0.0,0,0,1
42104,0.0212765957446807,0.0,0,0,1
77170,0.0212765957446807,0.0,0,0,1
22891,0.0208926875593542,0.0,0,0,1
77271,0.0208333333333332,0.0,0,0,1
78817,0.0208333333333332,0.0,0,0,1
77505,0.0208333333333332,0.0,0,0,1
41823,0.0204081632653061,0.0,0,0,1
35916,0.0194174757281553,0.0,0,0,1
79195,0.0204081632653061,0.0,0,0,1
77580,0.02,0.0,0,0,1
10515,0.0198675496688742,0.0,0,0,1
11851,0.0196078431372548,0.0,0,0,1
62906,0.0196078431372548,0.0,0,0,1
26518,0.0195258019525801,0.0,0,0,1
77606,0.019485580670304,0.0,0,0,1
45225,0.0194805194805194,0.0,0,0,1
11545,0.0201342281879195,0.0,0,0,1
14461,0.0178571428571427,0.0,0,0,1
75759,0.0178571428571427,0.0,0,0,1
76383,0.0178571428571427,0.0,0,0,1
74975,0.0163043478260869,0.0,0,0,1
15537,0.0161290322580645,0.0,0,0,1
46923,0.016,0.0,0,0,1
79121,0.0159744408945687,0.0,0,0,1
86079,0.0158730158730158,0.0,0,0,1
10745,0.0158730158730158,0.0,0,0,1
52476,0.0156521739130435,0.0,0,0,1
32054,0.0164473684210526,0.0,0,0,1
10443,0.015625,0.0,0,0,1
87127,0.0152671755725191,0.0,0,0,1
18973,0.0151515151515151,0.0,0,0,1
11622,0.0149253731343284,0.0,0,0,1
55336,0.0148148148148148,0.0,0,0,1
76620,0.0147783251231528,0.0,0,0,1
80119,0.0147058823529411,0.0,0,0,1
75900,0.0147058823529411,0.0,0,0,1
77392,0.0154639175257731,0.0,0,0,1
31691,0.0165289256198346,0.0,0,0,1
21960,0.0165745856353591,0.0,0,0,1
76165,0.0165876777251183,0.0,0,0,1
12511,0.0177133655394525,0.0,0,0,1
11707,0.0176767676767677,0.0,0,0,1
79618,0.0176470588235293,0.0,0,0,1
11790,0.0176470588235293,0.0,0,0,1
90721,0.0175159235668789,0.0,0,0,1
79294,0.0173913043478259,0.0,0,0,1
26374,0.0173611111111111,0.0,0,0,1
77713,0.0172413793103447,0.0,0,0,1
79249,0.0172413793103447,0.0,0,0,1
79515,0.0169491525423728,0.0,0,0,1
82959,0.0169204737732655,0.0,0,0,1
24272,0.0168350168350168,0.0,0,0,1
17806,0.0167322834645669,0.0,0,0,1
38472,0.0166666666666666,0.0,0,0,1
75216,0.0166666666666666,0.0,0,0,1
69906,0.0166666666666666,0.0,0,0,1
78051,0.0166666666666666,0.0,0,0,1
19992,0.0212765957446807,0.0,0,0,1
42059,0.014209591474245,0.0,0,0,1
79526,0.021341463414634,0.0,0,0,1
10876,0.021505376344086,0.0,0,0,1
39571,0.0275423728813559,0.0,0,0,1
79906,0.0274725274725273,0.0,0,0,1
48637,0.0273972602739727,0.0,0,0,1
29639,0.0272727272727273,0.0,0,0,1
67010,0.027228514851485,0.0,0,0,1
11192,0.0271186440677966,0.0,0,0,1
10200,0.0270270270270269,0.0,0,0,1
10527,0.0277777777777776,0.0,0,0,1
18244,0.0270270270270269,0.0,0,0,1
35051,0.0268656716417909,0.0,0,0,1
77382,0.0267857142857141,0.0,0,0,1
59045,0.0266666666666666,0.0,0,0,1
11425,0.0266666666666666,0.0,0,0,1
77685,0.0266666666666666,0.0,0,0,1
79198,0.0266666666666666,0.0,0,0,1
76081,0.0266457680250784,0.0,0,0,1
32934,0.0269541778975741,0.0,0,0,1
19677,0.0263157894736842,0.0,0,0,1
51933,0.0277777777777776,0.0,0,0,1
49752,0.0281124497991966,0.0,0,0,1
79997,0.0294117647058822,0.0,0,0,1
20512,0.0292397660818712,0.0,0,0,1
76565,0.0292134831460673,0.0,0,0,1
77845,0.0291970802919707,0.0,0,0,1
60871,0.0290135396518376,0.0,0,0,1
45495,0.0288248337028824,0.0,0,0,1
63060,0.0288184438040346,0.0,0,0,1
25419,0.0280636108512628,0.0,0,0,1
25769,0.0286506469500924,0.0,0,0,1
75326,0.0285714285714284,0.0,0,0,1
33188,0.0285714285714284,0.0,0,0,1
57154,0.0284697508896796,0.0,0,0,1
59774,0.0284697508896796,0.0,0,0,1
76085,0.0282352941176471,0.0,0,0,1
16715,0.0282258064516129,0.0,0,0,1
77293,0.028169014084507,0.0,0,0,1
80037,0.028649386084584,0.0,0,0,1
77880,0.0263157894736842,0.0,0,0,1
75262,0.0263157894736842,0.0,0,0,1
72486,0.0263157894736842,0.0,0,0,1
77021,0.0234375,0.0,0,0,1
18016,0.0233160621761658,0.0,0,0,1
40694,0.0232300884955751,0.0,0,0,1
34630,0.0231481481481481,0.0,0,0,1
78875,0.0230769230769229,0.0,0,0,1
80268,0.0227272727272727,0.0,0,0,1
60346,0.0227272727272727,0.0,0,0,1
63781,0.0236220472440944,0.0,0,0,1
75945,0.0226449275362319,0.0,0,0,1
40097,0.0220385674931129,0.0,0,0,1
75510,0.0219081272084804,0.0,0,0,1
37277,0.0217391304347827,0.0,0,0,1
79507,0.0217391304347827,0.0,0,0,1
28215,0.0217391304347827,0.0,0,0,1
53671,0.0217391304347827,0.0,0,0,1
73219,0.021671826625387,0.0,0,0,1
46931,0.0223880597014924,0.0,0,0,1
46471,0.0236686390532543,0.0,0,0,1
41874,0.0238095238095237,0.0,0,0,1
54818,0.0241379310344826,0.0,0,0,1
76127,0.0259067357512954,0.0,0,0,1
57809,0.025706940874036,0.0,0,0,1
13603,0.0256410256410255,0.0,0,0,1
51960,0.0254424778761062,0.0,0,0,1
70229,0.025347506132461,0.0,0,0,1
43123,0.0253456221198156,0.0,0,0,1
76839,0.0253164556962024,0.0,0,0,1
77976,0.0251450676982591,0.0,0,0,1
79163,0.0251396648044692,0.0,0,0,1
10397,0.0251256281407035,0.0,0,0,1
78034,0.0247933884297519,0.0,0,0,1
50905,0.0246913580246914,0.0,0,0,1
10999,0.0246913580246914,0.0,0,0,1
13610,0.024556616643929,0.0,0,0,1
40272,0.0244565217391303,0.0,0,0,1
77081,0.0241820768136558,0.0,0,0,1
14526,0.0241545893719807,0.0,0,0,1
31974,0.0214932126696831,0.0,0,0,1
79176,0.0,0.0,0,0,1
51692,0.0140186915887849,0.0,0,0,1
11278,0.0138888888888888,0.0,0,0,1
19802,0.0,0.0,0,0,1
24193,0.0,0.0,0,0,1
25073,0.0,0.0,0,0,1
27861,0.0,0.0,0,0,1
77389,0.0,0.0,0,0,1
30307,0.0,0.0,0,0,1
31376,0.0,0.0,0,0,1
75330,0.0,0.0,0,0,1
61540,0.0,0.0,0,0,1
42981,0.0,0.0,0,0,1
15747,0.0,0.0,0,0,1
45437,0.0,0.0,0,0,1
44134,0.0,0.0,0,0,1
89587,0.0,0.0,0,0,1
90211,0.0,0.0,0,0,1
77554,0.0,0.0,0,0,1
53620,0.0,0.0,0,0,1
59871,0.0,0.0,0,0,1
85842,0.0,0.0,0,0,1
43772,0.001386962552011,0.0,0,0,1
29058,0.004255319148936,0.0,0,0,1
79028,0.0039840637450199,0.0,0,0,1
44986,0.0039370078740157,0.0,0,0,1
57568,0.0038314176245211,0.0,0,0,1
28345,0.0037546933667083,0.0,0,0,1
75174,0.0035971223021582,0.0,0,0,1
78916,0.0034843205574912,0.0,0,0,1
42083,0.0,0.0,0,0,1
76638,0.0034168564920273,0.0,0,0,1
65496,0.0032258064516128,0.0,0,0,1
40061,0.0028011204481792,0.0,0,0,1
76131,0.0027173913043478,0.0,0,0,1
78117,0.0026178010471205,0.0,0,0,1
19721,0.0025839793281654,0.0,0,0,1
60599,0.0020491803278688,0.0,0,0,1
57066,0.0014534883720929,0.0,0,0,1
52097,0.0033444816053511,0.0,0,0,1
60063,0.0,0.0,0,0,1
14154,0.0,0.0,0,0,1
91409,0.0,0.0,0,0,1
12062,0.0,0.0,0,0,1
75957,0.0,0.0,0,0,1
75503,0.0,0.0,0,0,1
75913,0.0,0.0,0,0,1
76261,0.0,0.0,0,0,1
76755,0.0,0.0,0,0,1
76844,0.0,0.0,0,0,1
12226,0.0,0.0,0,0,1
77238,0.0,0.0,0,0,1
77434,0.0,0.0,0,0,1
77441,0.0,0.0,0,0,1
77767,0.0,0.0,0,0,1
77850,0.0,0.0,0,0,1
77865,0.0,0.0,0,0,1
78042,0.0,0.0,0,0,1
78826,0.0,0.0,0,0,1
77263,0.0,0.0,0,0,1
12195,0.0,0.0,0,0,1
29496,0.0,0.0,0,0,1
10360,0.0,0.0,0,0,1
67715,0.0,0.0,0,0,1
44345,0.0,0.0,0,0,1
11947,0.0,0.0,0,0,1
76100,0.0,0.0,0,0,1
76807,0.0,0.0,0,0,1
14883,0.0,0.0,0,0,1
46420,0.0,0.0,0,0,1
83345,0.0,0.0,0,0,1
87637,0.0,0.0,0,0,1
10418,0.0,0.0,0,0,1
75071,0.0,0.0,0,0,1
71538,0.0,0.0,0,0,1
11357,0.0,0.0,0,0,1
11522,0.0,0.0,0,0,1
75526,0.0,0.0,0,0,1
11671,0.0,0.0,0,0,1
10822,0.0,0.0,0,0,1
76781,0.0044052863436123,0.0,0,0,1
65525,0.0138888888888888,0.0,0,0,1
42286,0.0044444444444444,0.0,0,0,1
65509,0.004566210045662,0.0,0,0,1
77450,0.011111111111111,0.0,0,0,1
34367,0.0109289617486338,0.0,0,0,1
53268,0.010752688172043,0.0,0,0,1
49373,0.0106241699867197,0.0,0,0,1
85893,0.0104529616724737,0.0,0,0,1
52565,0.0104166666666667,0.0,0,0,1
79263,0.0102040816326529,0.0,0,0,1
76717,0.0114942528735633,0.0,0,0,1
79336,0.0101694915254237,0.0,0,0,1
77929,0.0101010101010101,0.0,0,0,1
10901,0.0098039215686274,0.0,0,0,1
75609,0.0096153846153845,0.0,0,0,1
36775,0.0095785440613027,0.0,0,0,1
77868,0.009433962264151,0.0,0,0,1
11825,0.0093457943925232,0.0,0,0,1
37568,0.0092081031307551,0.0,0,0,1
75288,0.0101010101010101,0.0,0,0,1
26084,0.0091883614088821,0.0,0,0,1
90289,0.0114942528735633,0.0,0,0,1
79007,0.0117647058823529,0.0,0,0,1
77352,0.0137931034482758,0.0,0,0,1
78044,0.0136054421768707,0.0,0,0,1
75083,0.0133928571428572,0.0,0,0,1
77142,0.0133333333333334,0.0,0,0,1
76947,0.0133333333333334,0.0,0,0,1
79994,0.0131621052631578,0.0,0,0,1
64258,0.013157894736842,0.0,0,0,1
79435,0.0116279069767442,0.0,0,0,1
11132,0.013157894736842,0.0,0,0,1
23990,0.0128676470588235,0.0,0,0,1
68814,0.0125391849529781,0.0,0,0,1
77387,0.0121951219512195,0.0,0,0,1
60548,0.0121951219512195,0.0,0,0,1
36003,0.0121212121212122,0.0,0,0,1
75861,0.0118343195266272,0.0,0,0,1
89790,0.0117647058823529,0.0,0,0,1
16564,-0.0413625304136252,0.0,0,0,1
77108,0.009090909090909,0.0,0,0,1
62843,0.0090634441087613,0.0,0,0,1
61146,0.0089285714285713,0.0,0,0,1
70578,0.0065075921908894,0.0,0,0,1
51626,0.0063694267515923,0.0,0,0,1
18092,0.0062893081761006,0.0,0,0,1
75657,0.0062893081761006,0.0,0,0,1
78839,0.00625,0.0,0,0,1
11600,0.0060483870967742,0.0,0,0,1
77032,0.0060240963855422,0.0,0,0,1
12022,0.0065359477124182,0.0,0,0,1
80076,0.0060240963855422,0.0,0,0,1
75227,0.0056022408963585,0.0,0,0,1
76708,0.005514705882353,0.0,0,0,1
64697,0.0054945054945054,0.0,0,0,1
78717,0.0054347826086955,0.0,0,0,1
78179,0.0053763440860215,0.0,0,0,1
66393,0.0049999999999998,0.0,0,0,1
80185,0.0046012269938651,0.0,0,0,1
31069,0.0059523809523809,0.0,0,0,1
45890,0.0066225165562914,0.0,0,0,1
10514,0.0068027210884353,0.0,0,0,1
93316,0.0072463768115942,0.0,0,0,1
43334,0.0089285714285713,0.0,0,0,1
79148,0.0089285714285713,0.0,0,0,1
79427,0.0089285714285713,0.0,0,0,1
75470,0.0088495575221239,0.0,0,0,1
79183,0.0087719298245614,0.0,0,0,1
11365,0.0086956521739129,0.0,0,0,1
77917,0.0085106382978723,0.0,0,0,1
11727,0.0084033613445377,0.0,0,0,1
11884,0.0082644628099173,0.0,0,0,1
13056,0.0082191780821918,0.0,0,0,1
78915,0.0081967213114753,0.0,0,0,1
10225,0.0078988941548183,0.0,0,0,1
92073,0.0078947368421051,0.0,0,0,1
41179,0.0077639751552796,0.0,0,0,1
22250,0.0075757575757575,0.0,0,0,1
76695,0.007462686567164,0.0,0,0,1
18033,0.0074074074074073,0.0,0,0,1
18681,0.0045558086560364,0.0,0,0,1
30402,-0.0414507772020725,0.0,0,0,1
11393,-0.0645161290322581,0.0,0,0,1
10574,-0.0416666666666666,0.0,0,0,1
31078,-0.1379310344827586,0.0,0,0,1
75554,-0.1379310344827586,0.0,0,0,1
79787,-0.1379310344827586,0.0,0,0,1
78194,-0.1379310344827586,0.0,0,0,1
11283,-0.1386430678466076,0.0,0,0,1
40628,-0.1395348837209302,0.0,0,0,1
11183,-0.1403508771929824,0.0,0,0,1
75968,-0.1374999999999999,0.0,0,0,1
84161,-0.1407407407407407,0.0,0,0,1
34578,-0.1413043478260869,0.0,0,0,1
53639,-0.1415929203539823,0.0,0,0,1
68567,-0.1428571428571429,0.0,0,0,1
76707,-0.1428571428571429,0.0,0,0,1
78134,-0.1428571428571429,0.0,0,0,1
79124,-0.1428571428571429,0.0,0,0,1
79164,-0.1428571428571429,0.0,0,0,1
76888,-0.141025641025641,0.0,0,0,1
40440,-0.1435523114355231,0.0,0,0,1
76424,-0.1372549019607842,0.0,0,0,1
57592,-0.1363636363636363,0.0,0,0,1
79683,-0.1329588014981273,0.0,0,0,1
10163,-0.1330472103004292,0.0,0,0,1
10042,-0.1333333333333333,0.0,0,0,1
11641,-0.1333333333333333,0.0,0,0,1
75672,-0.1333333333333333,0.0,0,0,1
47133,-0.134020618556701,0.0,0,0,1
77235,-0.1343283582089552,0.0,0,0,1
63715,-0.1363636363636363,0.0,0,0,1
76268,-0.1344827586206897,0.0,0,0,1
11723,-0.1347826086956521,0.0,0,0,1
10463,-0.1351351351351351,0.0,0,0,1
75740,-0.1351351351351351,0.0,0,0,1
92161,-0.1351351351351351,0.0,0,0,1
79262,-0.1351351351351351,0.0,0,0,1
48101,-0.1358024691358025,0.0,0,0,1
78910,-0.1358024691358025,0.0,0,0,1
27449,-0.1346153846153845,0.0,0,0,1
75447,-0.1463414634146341,0.0,0,0,1
77398,-0.1466666666666666,0.0,0,0,1
76201,-0.1467236467236466,0.0,0,0,1
77098,-0.154891304347826,0.0,0,0,1
76900,-0.1549295774647887,0.0,0,0,1
76257,-0.156084656084656,0.0,0,0,1
11057,-0.15625,0.0,0,0,1
77336,-0.15625,0.0,0,0,1
67345,-0.1563981042654028,0.0,0,0,1
11662,-0.1564885496183206,0.0,0,0,1
80231,-0.1538461538461538,0.0,0,0,1
76591,-0.1565217391304347,0.0,0,0,1
63811,-0.1572700296735905,0.0,0,0,1
79500,-0.1587301587301587,0.0,0,0,1
77278,-0.1592356687898088,0.0,0,0,1
69033,-0.1592920353982301,0.0,0,0,1
78877,-0.1592920353982301,0.0,0,0,1
11292,-0.1621621621621621,0.0,0,0,1
63829,-0.1634615384615384,0.0,0,0,1
79595,-0.1568627450980392,0.0,0,0,1
53640,-0.1538461538461538,0.0,0,0,1
22374,-0.1525423728813559,0.0,0,0,1
86423,-0.1521739130434782,0.0,0,0,1
79568,-0.146788990825688,0.0,0,0,1
76403,-0.1470588235294118,0.0,0,0,1
79065,-0.1470588235294118,0.0,0,0,1
79958,-0.1481481481481481,0.0,0,0,1
28952,-0.1492537313432835,0.0,0,0,1
31077,-0.1493212669683258,0.0,0,0,1
89325,-0.1496062992125983,0.0,0,0,1
76858,-0.15,0.0,0,0,1
77787,-0.150943396226415,0.0,0,0,1
51369,-0.1509933774834436,0.0,0,0,1
45560,-0.1515151515151515,0.0,0,0,1
10092,-0.1515151515151515,0.0,0,0,1
68340,-0.1515151515151515,0.0,0,0,1
76622,-0.1515151515151515,0.0,0,0,1
77095,-0.1515151515151515,0.0,0,0,1
10622,-0.1515151515151515,0.0,0,0,1
65024,-0.1517412935323383,0.0,0,0,1
78987,-0.1317829457364341,0.0,0,0,1
77219,-0.1636363636363637,0.0,0,0,1
78908,-0.1317567567567568,0.0,0,0,1
75462,-0.1314285714285714,0.0,0,0,1
75654,-0.1116883116883117,0.0,0,0,1
57884,-0.1121076233183856,0.0,0,0,1
44943,-0.1123595505617978,0.0,0,0,1
90342,-0.1126760563380281,0.0,0,0,1
50948,-0.1130434782608695,0.0,0,0,1
79078,-0.1132075471698113,0.0,0,0,1
76224,-0.113953488372093,0.0,0,0,1
75951,-0.1111111111111111,0.0,0,0,1
36281,-0.1140776699029125,0.0,0,0,1
80266,-0.1152647975077881,0.0,0,0,1
77223,-0.1153846153846154,0.0,0,0,1
76194,-0.1160220994475138,0.0,0,0,1
78872,-0.1160714285714286,0.0,0,0,1
38157,-0.1162790697674418,0.0,0,0,1
79931,-0.1166666666666667,0.0,0,0,1
75873,-0.116751269035533,0.0,0,0,1
80253,-0.1146788990825687,0.0,0,0,1
79205,-0.1168831168831169,0.0,0,0,1
80235,-0.1111111111111111,0.0,0,0,1
79478,-0.1111111111111111,0.0,0,0,1
76951,-0.1071428571428571,0.0,0,0,1
10716,-0.1078431372549019,0.0,0,0,1
80245,-0.108433734939759,0.0,0,0,1
40707,-0.1093210586881473,0.0,0,0,1
90705,-0.109375,0.0,0,0,1
76230,-0.109375,0.0,0,0,1
79807,-0.109375,0.0,0,0,1
79588,-0.1111111111111111,0.0,0,0,1
52071,-0.1097560975609756,0.0,0,0,1
75734,-0.1105527638190955,0.0,0,0,1
86941,-0.1111111111111111,0.0,0,0,1
49737,-0.1111111111111111,0.0,0,0,1
78900,-0.1111111111111111,0.0,0,0,1
77624,-0.1111111111111111,0.0,0,0,1
77781,-0.1111111111111111,0.0,0,0,1
78990,-0.1111111111111111,0.0,0,0,1
70659,-0.1097922848664688,0.0,0,0,1
65008,-0.1176470588235294,0.0,0,0,1
79171,-0.1176470588235294,0.0,0,0,1
80265,-0.1176470588235294,0.0,0,0,1
75577,-0.1246376811594203,0.0,0,0,1
78468,-0.125,0.0,0,0,1
70674,-0.125,0.0,0,0,1
75318,-0.125,0.0,0,0,1
79157,-0.1259124087591241,0.0,0,0,1
55328,-0.1264367816091953,0.0,0,0,1
78001,-0.1264705882352941,0.0,0,0,1
76448,-0.1242774566473988,0.0,0,0,1
75857,-0.1266149870801033,0.0,0,0,1
30517,-0.1282051282051282,0.0,0,0,1
80154,-0.1282051282051282,0.0,0,0,1
15828,-0.1282051282051282,0.0,0,0,1
75998,-0.1290322580645161,0.0,0,0,1
41574,-0.1304347826086956,0.0,0,0,1
76779,-0.1309090909090908,0.0,0,0,1
44792,-0.1314102564102564,0.0,0,0,1
11411,-0.1274509803921568,0.0,0,0,1
78113,-0.1241379310344827,0.0,0,0,1
76354,-0.1232876712328767,0.0,0,0,1
32061,-0.1232876712328767,0.0,0,0,1
39757,-0.119047619047619,0.0,0,0,1
48291,-0.1193181818181817,0.0,0,0,1
72072,-0.1205673758865247,0.0,0,0,1
72232,-0.1206896551724138,0.0,0,0,1
17815,-0.1207400194741966,0.0,0,0,1
70018,-0.1208053691275168,0.0,0,0,1
41487,-0.1208791208791209,0.0,0,0,1
76222,-0.1208791208791209,0.0,0,0,1
29621,-0.1212121212121212,0.0,0,0,1
76964,-0.1212121212121212,0.0,0,0,1
77667,-0.121405750798722,0.0,0,0,1
73075,-0.1220423412204234,0.0,0,0,1
79108,-0.1223529411764705,0.0,0,0,1
77276,-0.1227217496962332,0.0,0,0,1
78193,-0.1228070175438597,0.0,0,0,1
51377,-0.1230366492146597,0.0,0,0,1
79862,-0.123076923076923,0.0,0,0,1
10752,-0.1314553990610328,0.0,0,0,1
88592,-0.1071428571428571,0.0,0,0,1
77297,-0.1652892561983471,0.0,0,0,1
10244,-0.1666666666666666,0.0,0,0,1
67177,-0.2826086956521739,0.0,0,0,1
14323,-0.2828054298642534,0.0,0,0,1
70632,-0.2844036697247706,0.0,0,0,1
11761,-0.2921052631578947,0.0,0,0,1
78974,-0.2941176470588235,0.0,0,0,1
61720,-0.3043478260869565,0.0,0,0,1
52282,-0.3055555555555556,0.0,0,0,1
79804,-0.2747747747747747,0.0,0,0,1
46893,-0.3072100313479624,0.0,0,0,1
88779,-0.3125,0.0,0,0,1
76855,-0.3125,0.0,0,0,1
23034,-0.3199999999999999,0.0,0,0,1
63467,-0.3213859020310633,0.0,0,0,1
77979,-0.3218390804597701,0.0,0,0,1
76027,-0.3333333333333333,0.0,0,0,1
10247,-0.3333333333333333,0.0,0,0,1
69200,-0.3073929961089494,0.0,0,0,1
68102,-0.3373983739837398,0.0,0,0,1
86511,-0.2727272727272727,0.0,0,0,1
79861,-0.2727272727272727,0.0,0,0,1
77495,-0.2391304347826086,0.0,0,0,1
45891,-0.2397260273972602,0.0,0,0,1
79877,-0.24,0.0,0,0,1
79156,-0.2439024390243902,0.0,0,0,1
77334,-0.2475247524752475,0.0,0,0,1
10371,-0.25,0.0,0,0,1
10128,-0.25,0.0,0,0,1
75345,-0.2727272727272727,0.0,0,0,1
76079,-0.25,0.0,0,0,1
63125,-0.2575757575757575,0.0,0,0,1
10353,-0.2576832151300237,0.0,0,0,1
80026,-0.2624434389140271,0.0,0,0,1
77094,-0.2626262626262626,0.0,0,0,1
76214,-0.264367816091954,0.0,0,0,1
45110,-0.2664756446991404,0.0,0,0,1
79533,-0.2727272727272727,0.0,0,0,1
77179,-0.2535714285714285,0.0,0,0,1
46834,-0.3380281690140845,0.0,0,0,1
70288,-0.3407407407407408,0.0,0,0,1
11127,-0.34375,0.0,0,0,1
79532,-0.4637002341920374,0.0,0,0,1
79962,-0.4695431472081218,0.0,0,0,1
78840,-0.470873786407767,0.0,0,0,1
77264,-0.4761904761904761,0.0,0,0,1
79503,-0.4770514603616134,0.0,0,0,1
53831,-0.4781864841745081,0.0,0,0,1
24476,-0.482620320855615,0.0,0,0,1
79903,-0.4589928057553957,0.0,0,0,1
59643,-0.4915254237288136,0.0,0,0,1
77401,-0.5082872928176796,1.0,1,0,1
11119,-0.5294117647058824,1.0,1,0,1
67037,-0.536231884057971,1.0,1,0,1
11459,-0.5454545454545454,1.0,1,0,1
52943,-0.6296296296296297,1.0,1,0,1
11405,-0.6862745098039216,1.0,1,0,1
76507,-0.7746478873239436,1.0,1,0,1
75244,-0.5,1.0,1,0,1
54114,-0.4525510204081633,0.0,0,0,1
50519,-0.4464285714285714,0.0,0,0,1
42439,-0.4410646387832699,0.0,0,0,1
33639,-0.3461538461538461,0.0,0,0,1
76653,-0.3486238532110092,0.0,0,0,1
77969,-0.3636363636363636,0.0,0,0,1
79094,-0.3669833729216152,0.0,0,0,1
11901,-0.375,0.0,0,0,1
29437,-0.375,0.0,0,0,1
79648,-0.375,0.0,0,0,1
19888,-0.39209726443769,0.0,0,0,1
74500,-0.3944315545243619,0.0,0,0,1
57736,-0.3951612903225806,0.0,0,0,1
77883,-0.3964285714285714,0.0,0,0,1
93236,-0.4,0.0,0,0,1
45241,-0.4005994005994006,0.0,0,0,1
76704,-0.4017857142857143,0.0,0,0,1
76988,-0.40625,0.0,0,0,1
56339,-0.4357366771159875,0.0,0,0,1
77418,-0.437178166838311,0.0,0,0,1
79100,-0.2380952380952381,0.0,0,0,1
75153,-0.1666666666666666,0.0,0,0,1
77363,-0.2380952380952381,0.0,0,0,1
79675,-0.2352941176470588,0.0,0,0,1
10837,-0.180327868852459,0.0,0,0,1
76458,-0.1807228915662651,0.0,0,0,1
80004,-0.1809523809523809,0.0,0,0,1
79875,-0.183673469387755,0.0,0,0,1
76846,-0.1846153846153846,0.0,0,0,1
45509,-0.1851851851851852,0.0,0,0,1
75434,-0.1851851851851852,0.0,0,0,1
62200,-0.1785714285714286,0.0,0,0,1
29209,-0.1876172607879924,0.0,0,0,1
79161,-0.1886792452830188,0.0,0,0,1
11677,-0.1904761904761904,0.0,0,0,1
80165,-0.1919191919191919,0.0,0,0,1
27705,-0.1931330472103004,0.0,0,0,1
60090,-0.1933333333333333,0.0,0,0,1
69471,-0.1935483870967742,0.0,0,0,1
10547,-0.1949152542372881,0.0,0,0,1
76698,-0.1884057971014492,0.0,0,0,1
74393,-0.1956521739130434,0.0,0,0,1
30648,-0.1783783783783783,0.0,0,0,1
10456,-0.1777777777777778,0.0,0,0,1
11541,-0.1666666666666666,0.0,0,0,1
76544,-0.1666666666666666,0.0,0,0,1
77892,-0.1666666666666666,0.0,0,0,1
69965,-0.1666666666666666,0.0,0,0,1
77663,-0.1683168316831683,0.0,0,0,1
76231,-0.1692307692307691,0.0,0,0,1
77931,-0.1694915254237288,0.0,0,0,1
78954,-0.1783328,0.0,0,0,1
77356,-0.1705426356589147,0.0,0,0,1
54675,-0.1724137931034483,0.0,0,0,1
75781,-0.1724137931034483,0.0,0,0,1
11315,-0.1730769230769231,0.0,0,0,1
14219,-0.1731448763250883,0.0,0,0,1
17057,-0.173469387755102,0.0,0,0,1
50666,-0.1756272401433691,0.0,0,0,1
76228,-0.1775,0.0,0,0,1
46886,-0.1712931618144888,0.0,0,0,1
35107,-0.1964980544747081,0.0,0,0,1
11347,-0.1972789115646258,0.0,0,0,1
76963,-0.1999999999999999,0.0,0,0,1
79678,-0.2217194570135746,0.0,0,0,1
80140,-0.2227722772277227,0.0,0,0,1
80236,-0.2233502538071066,0.0,0,0,1
78043,-0.2239583333333333,0.0,0,0,1
75548,-0.2254901960784313,0.0,0,0,1
77208,-0.2258064516129032,0.0,0,0,1
77687,-0.2261904761904761,0.0,0,0,1
76041,-0.2205882352941176,0.0,0,0,1
28207,-0.2280701754385965,0.0,0,0,1
79301,-0.2295081967213115,0.0,0,0,1
68996,-0.2307692307692307,0.0,0,0,1
32540,-0.2315789473684211,0.0,0,0,1
10550,-0.2325581395348837,0.0,0,0,1
89675,-0.2338709677419355,0.0,0,0,1
70616,-0.2348993288590604,0.0,0,0,1
77525,-0.2352941176470588,0.0,0,0,1
92399,-0.2291666666666666,0.0,0,0,1
77588,-0.21875,0.0,0,0,1
47619,-0.21875,0.0,0,0,1
79197,-0.2181818181818181,0.0,0,0,1
11342,-0.1999999999999999,0.0,0,0,1
11381,-0.1999999999999999,0.0,0,0,1
59627,-0.2024793388429752,0.0,0,0,1
76937,-0.2028985507246377,0.0,0,0,1
76966,-0.203125,0.0,0,0,1
11803,-0.2058823529411765,0.0,0,0,1
80126,-0.2068965517241379,0.0,0,0,1
80274,-0.2073170731707316,0.0,0,0,1
68161,-0.2083333333333333,0.0,0,0,1
79117,-0.2083333333333333,0.0,0,0,1
42140,-0.2100840336134454,0.0,0,0,1
14059,-0.2105263157894736,0.0,0,0,1
39029,-0.2121212121212121,0.0,0,0,1
10779,-0.2136752136752137,0.0,0,0,1
10012,-0.2156862745098039,0.0,0,0,1
48144,-0.2162162162162162,0.0,0,0,1
79472,-0.2162162162162162,0.0,0,0,1
79780,-0.2366197183098591,0.0,0,0,1
76461,-0.1063829787234043,0.0,0,0,1
33398,-0.1063829787234043,0.0,0,0,1
75675,-0.1052631578947368,0.0,0,0,1
75731,-0.0571428571428571,0.0,0,0,1
44776,-0.0576923076923077,0.0,0,0,1
81382,-0.0576923076923077,0.0,0,0,1
13290,-0.0581395348837209,0.0,0,0,1
45129,-0.0582010582010582,0.0,0,0,1
78073,-0.0582524271844659,0.0,0,0,1
37154,-0.0588235294117647,0.0,0,0,1
74086,-0.0571428571428571,0.0,0,0,1
49438,-0.0588235294117647,0.0,0,0,1
10828,-0.0592105263157894,0.0,0,0,1
60506,-0.0592300098716682,0.0,0,0,1
53015,-0.059322033898305,0.0,0,0,1
76990,-0.0594059405940594,0.0,0,0,1
79486,-0.0595238095238095,0.0,0,0,1
52813,-0.0598802395209581,0.0,0,0,1
20459,-0.06,0.0,0,0,1
79948,-0.0588235294117647,0.0,0,0,1
37022,-0.06,0.0,0,0,1
65083,-0.0571428571428571,0.0,0,0,1
10545,-0.0569395017793594,0.0,0,0,1
80159,-0.054054054054054,0.0,0,0,1
75905,-0.0541871921182266,0.0,0,0,1
83142,-0.0545454545454545,0.0,0,0,1
56741,-0.0547045951859955,0.0,0,0,1
11923,-0.055,0.0,0,0,1
68233,-0.055045871559633,0.0,0,0,1
56363,-0.0553977272727272,0.0,0,0,1
70536,-0.0569620253164556,0.0,0,0,1
77020,-0.0555555555555555,0.0,0,0,1
75072,-0.0560224089635854,0.0,0,0,1
32791,-0.0560509554140127,0.0,0,0,1
75976,-0.0561224489795918,0.0,0,0,1
30525,-0.0565428109854604,0.0,0,0,1
10333,-0.0566037735849056,0.0,0,0,1
76410,-0.0566037735849056,0.0,0,0,1
11647,-0.0568181818181817,0.0,0,0,1
79467,-0.056,0.0,0,0,1
10256,-0.0602409638554216,0.0,0,0,1
79438,-0.0603174603174603,0.0,0,0,1
75625,-0.0604838709677418,0.0,0,0,1
75232,-0.0634920634920634,0.0,0,0,1
40970,-0.0636363636363636,0.0,0,0,1
59767,-0.0636363636363636,0.0,0,0,1
89763,-0.0638297872340425,0.0,0,0,1
33612,-0.0639999999999999,0.0,0,0,1
11713,-0.0639999999999999,0.0,0,0,1
10421,-0.0641025641025641,0.0,0,0,1
78867,-0.0634920634920634,0.0,0,0,1
79927,-0.0643402399127589,0.0,0,0,1
45911,-0.0651340996168582,0.0,0,0,1
26009,-0.0651629072681704,0.0,0,0,1
76740,-0.0655737704918032,0.0,0,0,1
44506,-0.0663900414937759,0.0,0,0,1
11362,-0.0666666666666666,0.0,0,0,1
76945,-0.0666666666666666,0.0,0,0,1
37217,-0.0669546436285096,0.0,0,0,1
47861,0.0294117647058822,0.0,0,0,1
77159,-0.0634328358208955,0.0,0,0,1
77010,-0.0632183908045976,0.0,0,0,1
77774,-0.0629370629370629,0.0,0,0,1
78816,-0.0604838709677418,0.0,0,0,1
75035,-0.0606060606060605,0.0,0,0,1
80252,-0.0606060606060605,0.0,0,0,1
91003,-0.0608695652173912,0.0,0,0,1
10586,-0.0610687022900763,0.0,0,0,1
75866,-0.0612244897959183,0.0,0,0,1
75310,-0.0617283950617284,0.0,0,0,1
41014,-0.0619469026548672,0.0,0,0,1
91804,-0.0620155038759689,0.0,0,0,1
65832,-0.0621621621621621,0.0,0,0,1
80049,-0.0621761658031088,0.0,0,0,1
87549,-0.0625,0.0,0,0,1
76801,-0.0625,0.0,0,0,1
79251,-0.0625,0.0,0,0,1
75659,-0.0625,0.0,0,0,1
77357,-0.0626118067978532,0.0,0,0,1
79698,-0.0626959247648902,0.0,0,0,1
68452,-0.054054054054054,0.0,0,0,1
71124,-0.0670995670995671,0.0,0,0,1
55125,-0.0539568345323741,0.0,0,0,1
77007,-0.0535714285714286,0.0,0,0,1
62033,-0.0449438202247191,0.0,0,0,1
30147,-0.0449678800856531,0.0,0,0,1
38850,-0.0450097847358121,0.0,0,0,1
27043,-0.0452586206896551,0.0,0,0,1
55993,-0.0454545454545454,0.0,0,0,1
10611,-0.0454545454545454,0.0,0,0,1
58675,-0.0454545454545454,0.0,0,0,1
76138,-0.0445859872611464,0.0,0,0,1
10658,-0.0454545454545454,0.0,0,0,1
79069,-0.0457627118644067,0.0,0,0,1
75066,-0.0459770114942529,0.0,0,0,1
76185,-0.0461538461538461,0.0,0,0,1
64152,-0.0463576158940397,0.0,0,0,1
76587,-0.0463576158940397,0.0,0,0,1
79390,-0.0463917525773195,0.0,0,0,1
29867,-0.0464285714285713,0.0,0,0,1
79168,-0.0454545454545454,0.0,0,0,1
71984,-0.0466926070038909,0.0,0,0,1
46703,-0.0441640378548895,0.0,0,0,1
64901,-0.0439560439560439,0.0,0,0,1
75581,-0.0416666666666666,0.0,0,0,1
66640,-0.0423280423280423,0.0,0,0,1
58173,-0.0423728813559322,0.0,0,0,1
55467,-0.0429447852760735,0.0,0,0,1
75285,-0.0429629629629629,0.0,0,0,1
10513,-0.043010752688172,0.0,0,0,1
77175,-0.0431034482758621,0.0,0,0,1
12024,-0.0441176470588234,0.0,0,0,1
79850,-0.0431034482758621,0.0,0,0,1
22430,-0.0432276657060518,0.0,0,0,1
51992,-0.0434782608695651,0.0,0,0,1
68495,-0.0434782608695651,0.0,0,0,1
77579,-0.0434782608695651,0.0,0,0,1
76478,-0.0434782608695651,0.0,0,0,1
79587,-0.0434782608695651,0.0,0,0,1
79728,-0.0434782608695651,0.0,0,0,1
64346,-0.0431654676258992,0.0,0,0,1
11154,-0.0468085106382978,0.0,0,0,1
71555,-0.046875,0.0,0,0,1
39562,-0.046875,0.0,0,0,1
78029,-0.0510204081632652,0.0,0,0,1
61081,-0.0513392857142857,0.0,0,0,1
48195,-0.0514705882352941,0.0,0,0,1
76627,-0.0515463917525773,0.0,0,0,1
37612,-0.0517241379310344,0.0,0,0,1
11891,-0.0519031141868512,0.0,0,0,1
34673,-0.0519480519480519,0.0,0,0,1
53074,-0.0510204081632652,0.0,0,0,1
79724,-0.0520393811533052,0.0,0,0,1
42438,-0.0527777777777778,0.0,0,0,1
13936,-0.0528846153846154,0.0,0,0,1
61218,-0.0531914893617021,0.0,0,0,1
81219,-0.0533333333333333,0.0,0,0,1
52792,-0.0535331905781584,0.0,0,0,1
77259,-0.0535714285714286,0.0,0,0,1
77705,-0.0535714285714286,0.0,0,0,1
17946,-0.0526315789473684,0.0,0,0,1
68320,-0.0508474576271186,0.0,0,0,1
77282,-0.05,0.0,0,0,1
10889,-0.05,0.0,0,0,1
77247,-0.046875,0.0,0,0,1
76098,-0.046875,0.0,0,0,1
11510,-0.0471204188481675,0.0,0,0,1
62498,-0.0474308300395256,0.0,0,0,1
41080,-0.0475161987041036,0.0,0,0,1
52740,-0.0476190476190476,0.0,0,0,1
53137,-0.0476190476190476,0.0,0,0,1
66545,-0.0476190476190476,0.0,0,0,1
20693,-0.0476190476190476,0.0,0,0,1
65533,-0.047887323943662,0.0,0,0,1
51932,-0.0481099656357388,0.0,0,0,1
59053,-0.0481283422459892,0.0,0,0,1
57437,-0.048169556840077,0.0,0,0,1
43749,-0.048780487804878,0.0,0,0,1
66739,-0.048780487804878,0.0,0,0,1
10929,-0.0491071428571429,0.0,0,0,1
77372,-0.0492505353319058,0.0,0,0,1
75224,-0.053763440860215,0.0,0,0,1
76793,-0.0671641791044775,0.0,0,0,1
28629,-0.0674157303370787,0.0,0,0,1
30761,-0.0676691729323308,0.0,0,0,1
78959,-0.0909090909090909,0.0,0,0,1
75563,-0.0909090909090909,0.0,0,0,1
63132,-0.0912621359223301,0.0,0,0,1
10032,-0.0914285714285714,0.0,0,0,1
37460,-0.0916666666666666,0.0,0,0,1
59483,-0.0919881305637981,0.0,0,0,1
76614,-0.0923076923076923,0.0,0,0,1
10028,-0.0909090909090909,0.0,0,0,1
42307,-0.0924528301886792,0.0,0,0,1
77169,-0.0930232558139535,0.0,0,0,1
88832,-0.0933333333333333,0.0,0,0,1
72523,-0.0939597315436241,0.0,0,0,1
11917,-0.0943396226415094,0.0,0,0,1
79758,-0.094488188976378,0.0,0,0,1
68523,-0.0948905109489051,0.0,0,0,1
35238,-0.0951219512195121,0.0,0,0,1
64979,-0.092741935483871,0.0,0,0,1
29744,-0.0952380952380952,0.0,0,0,1
54827,-0.0909090909090909,0.0,0,0,1
66078,-0.0898203592814371,0.0,0,0,1
15684,-0.0854037267080745,0.0,0,0,1
20125,-0.0854700854700855,0.0,0,0,1
53110,-0.0859872611464968,0.0,0,0,1
90310,-0.0865384615384615,0.0,0,0,1
10924,-0.0869565217391304,0.0,0,0,1
79721,-0.0869565217391304,0.0,0,0,1
60468,-0.0874125874125874,0.0,0,0,1
76598,-0.090032154340836,0.0,0,0,1
77649,-0.0876451953537487,0.0,0,0,1
45373,-0.088235294117647,0.0,0,0,1
61058,-0.088235294117647,0.0,0,0,1
77180,-0.088235294117647,0.0,0,0,1
75730,-0.0886699507389162,0.0,0,0,1
10299,-0.089108910891089,0.0,0,0,1
76148,-0.0894736842105262,0.0,0,0,1
85631,-0.0897097625329815,0.0,0,0,1
76385,-0.087719298245614,0.0,0,0,1
76879,-0.0952380952380952,0.0,0,0,1
77210,-0.0954063604240282,0.0,0,0,1
17559,-0.0958904109589041,0.0,0,0,1
11378,-0.1009615384615384,0.0,0,0,1
18308,-0.1020408163265306,0.0,0,0,1
52469,-0.1020408163265306,0.0,0,0,1
77366,-0.1025145067698258,0.0,0,0,1
67002,-0.1025641025641025,0.0,0,0,1
54594,-0.1028806584362139,0.0,0,0,1
51254,-0.1034482758620689,0.0,0,0,1
32417,-0.1006944444444444,0.0,0,0,1
75477,-0.1034482758620689,0.0,0,0,1
11267,-0.1037735849056603,0.0,0,0,1
29532,-0.1038961038961039,0.0,0,0,1
50287,-0.1041666666666666,0.0,0,0,1
79628,-0.1043956043956043,0.0,0,0,1
10667,-0.1047619047619047,0.0,0,0,1
75849,-0.1049723756906076,0.0,0,0,1
73294,-0.1052631578947368,0.0,0,0,1
11694,-0.1034482758620689,0.0,0,0,1
80220,-0.0999999999999999,0.0,0,0,1
79423,-0.0999999999999999,0.0,0,0,1
77984,-0.0999999999999999,0.0,0,0,1
10984,-0.0964912280701754,0.0,0,0,1
76720,-0.0966101694915254,0.0,0,0,1
44740,-0.0967741935483871,0.0,0,0,1
63344,-0.0970149253731342,0.0,0,0,1
27684,-0.0970588235294117,0.0,0,0,1
11896,-0.0975232198142415,0.0,0,0,1
75833,-0.097560975609756,0.0,0,0,1
12067,-0.0977835723598435,0.0,0,0,1
79873,-0.0980392156862745,0.0,0,0,1
76586,-0.0980392156862745,0.0,0,0,1
81753,-0.0985915492957746,0.0,0,0,1
11887,-0.0985915492957746,0.0,0,0,1
11379,-0.0985915492957746,0.0,0,0,1
71191,-0.0989010989010988,0.0,0,0,1
10597,-0.0990099009900989,0.0,0,0,1
79866,-0.0990783410138248,0.0,0,0,1
28725,-0.0999999999999999,0.0,0,0,1
78891,-0.0851063829787234,0.0,0,0,1
79152,-0.0849673202614379,0.0,0,0,1
41929,-0.0843949044585987,0.0,0,0,1
76776,-0.0842911877394636,0.0,0,0,1
80145,-0.0716510903426791,0.0,0,0,1
76706,-0.0718562874251497,0.0,0,0,1
76025,-0.0719999999999999,0.0,0,0,1
62228,-0.0719999999999999,0.0,0,0,1
16555,-0.0723684210526315,0.0,0,0,1
66369,-0.072463768115942,0.0,0,0,1
79373,-0.072463768115942,0.0,0,0,1
79103,-0.071578947368421,0.0,0,0,1
66413,-0.0728155339805824,0.0,0,0,1
76584,-0.073076923076923,0.0,0,0,1
30067,-0.073248407643312,0.0,0,0,1
26294,-0.073293172690763,0.0,0,0,1
84911,-0.073394495412844,0.0,0,0,1
70280,-0.0736434108527132,0.0,0,0,1
76910,-0.0736842105263158,0.0,0,0,1
85885,-0.0736842105263158,0.0,0,0,1
29050,-0.072992700729927,0.0,0,0,1
79077,-0.0714285714285714,0.0,0,0,1
10100,-0.0714285714285714,0.0,0,0,1
77173,-0.0713846153846153,0.0,0,0,1
76000,-0.0681818181818182,0.0,0,0,1
11353,-0.0681818181818182,0.0,0,0,1
11952,-0.0681818181818182,0.0,0,0,1
76207,-0.0687499999999999,0.0,0,0,1
45655,-0.0689189189189188,0.0,0,0,1
75603,-0.0689655172413793,0.0,0,0,1
78101,-0.0689655172413793,0.0,0,0,1
67838,-0.0691489361702127,0.0,0,0,1
46076,-0.0693069306930692,0.0,0,0,1
77784,-0.0693069306930692,0.0,0,0,1
39220,-0.0696969696969697,0.0,0,0,1
79591,-0.0697674418604651,0.0,0,0,1
79338,-0.0697674418604651,0.0,0,0,1
80027,-0.0699999999999999,0.0,0,0,1
78050,-0.0699999999999999,0.0,0,0,1
78208,-0.0703125,0.0,0,0,1
63079,-0.0709219858156028,0.0,0,0,1
56557,-0.0737704918032786,0.0,0,0,1
44522,-0.0416666666666666,0.0,0,0,1
93009,-0.0737704918032786,0.0,0,0,1
50543,-0.074074074074074,0.0,0,0,1
76169,-0.0789473684210526,0.0,0,0,1
79686,-0.0793650793650794,0.0,0,0,1
79305,-0.0793918918918918,0.0,0,0,1
10142,-0.0795454545454545,0.0,0,0,1
79420,-0.0795454545454545,0.0,0,0,1
12395,-0.0798226164079822,0.0,0,0,1
79839,-0.0798816568047336,0.0,0,0,1
76236,-0.0789473684210526,0.0,0,0,1
54181,-0.08099173553719,0.0,0,0,1
75606,-0.0813953488372093,0.0,0,0,1
79283,-0.0816326530612244,0.0,0,0,1
47141,-0.082051282051282,0.0,0,0,1
12005,-0.0833333333333333,0.0,0,0,1
11853,-0.0833333333333333,0.0,0,0,1
68591,-0.083904109589041,0.0,0,0,1
10886,-0.0841584158415841,0.0,0,0,1
80257,-0.0811594202898551,0.0,0,0,1
12174,-0.0789473684210526,0.0,0,0,1
65293,-0.0789473684210526,0.0,0,0,1
49031,-0.0786240786240786,0.0,0,0,1
80046,-0.074074074074074,0.0,0,0,1
75696,-0.0744336569579288,0.0,0,0,1
38149,-0.074468085106383,0.0,0,0,1
10507,-0.0746268656716417,0.0,0,0,1
10791,-0.0746887966804978,0.0,0,0,1
49083,-0.0749999999999999,0.0,0,0,1
10062,-0.0749999999999999,0.0,0,0,1
10080,-0.0749999999999999,0.0,0,0,1
11394,-0.0752688172043011,0.0,0,0,1
12260,-0.0754716981132075,0.0,0,0,1
58026,-0.0757097791798107,0.0,0,0,1
83863,-0.0769230769230768,0.0,0,0,1
77207,-0.0769230769230768,0.0,0,0,1
77494,-0.0769230769230768,0.0,0,0,1
76691,-0.0772058823529411,0.0,0,0,1
44090,-0.0773809523809523,0.0,0,0,1
53751,-0.0784313725490196,0.0,0,0,1
79308,-0.0737704918032786,0.0,0,0,1
66799,0.0294117647058822,0.0,0,0,1
12140,0.030264817150063,-0.0,0,0,1
25582,0.0295566502463053,-0.0,0,0,1
31668,0.1571428571428572,-0.0,0,0,1
20504,0.1568627450980393,-0.0,0,0,1
24556,0.1568627450980393,-0.0,0,0,1
13152,0.1566265060240963,-0.0,0,0,1
78156,0.1560693641618498,-0.0,0,0,1
77854,0.1555555555555554,-0.0,0,0,1
11805,0.1554054054054054,-0.0,0,0,1
11157,0.1574803149606298,-0.0,0,0,1
66923,0.1551724137931034,-0.0,0,0,1
77442,0.154981549815498,-0.0,0,0,1
10785,0.1547619047619046,-0.0,0,0,1
78018,0.1547619047619046,-0.0,0,0,1
50374,0.1545454545454545,-0.0,0,0,1
22198,0.1538461538461537,-0.0,0,0,1
76430,0.1538461538461537,-0.0,0,0,1
77630,0.1538461538461537,-0.0,0,0,1
76609,0.1550387596899225,-0.0,0,0,1
79328,0.1537001897533207,-0.0,0,0,1
10696,0.1575342465753424,-0.0,0,0,1
25786,0.1582491582491583,-0.0,0,0,1
79801,0.1627906976744186,-0.0,0,0,1
52250,0.1625000000000001,-0.0,0,0,1
11343,0.160919540229885,-0.0,0,0,1
77541,0.1608832807570979,-0.0,0,0,1
44194,0.1607142857142858,-0.0,0,0,1
76215,0.1607142857142858,-0.0,0,0,1
78147,0.1604938271604938,-0.0,0,0,1
79605,0.1578947368421053,-0.0,0,0,1
79502,0.1603773584905661,-0.0,0,0,1
77443,0.1595744680851063,-0.0,0,0,1
78106,0.1592920353982301,-0.0,0,0,1
80044,0.1590909090909091,-0.0,0,0,1
76671,0.1585903083700439,-0.0,0,0,1
76798,0.1585365853658535,-0.0,0,0,1
62500,0.1584699453551912,-0.0,0,0,1
38914,0.1583892617449664,-0.0,0,0,1
47773,0.1599999999999999,-0.0,0,0,1
57808,0.1533742331288343,-0.0,0,0,1
79009,0.1530612244897959,-0.0,0,0,1
75528,0.1526104417670681,-0.0,0,0,1
75697,0.1470588235294117,-0.0,0,0,1
87143,0.1468531468531468,-0.0,0,0,1
72128,0.146341463414634,-0.0,0,0,1
88795,0.145945945945946,-0.0,0,0,1
10398,0.1458333333333332,-0.0,0,0,1
34869,0.1458333333333332,-0.0,0,0,1
75853,0.1454545454545455,-0.0,0,0,1
10761,0.1470588235294117,-0.0,0,0,1
77702,0.1453396524486572,-0.0,0,0,1
17962,0.1452830188679246,-0.0,0,0,1
78957,0.1451612903225807,-0.0,0,0,1
73139,0.1450381679389312,-0.0,0,0,1
11899,0.144927536231884,-0.0,0,0,1
22921,0.1447811447811446,-0.0,0,0,1
69885,0.144736842105263,-0.0,0,0,1
75316,0.1446153846153846,-0.0,0,0,1
76568,0.1452991452991452,-0.0,0,0,1
76302,0.1470588235294117,-0.0,0,0,1
76709,0.1474103585657371,-0.0,0,0,1
12095,0.1476923076923078,-0.0,0,0,1
16978,0.1525773195876287,-0.0,0,0,1
12503,0.1522633744855968,-0.0,0,0,1
56630,0.1521739130434782,-0.0,0,0,1
62368,0.1518987341772151,-0.0,0,0,1
63546,0.1515151515151516,-0.0,0,0,1
80020,0.150943396226415,-0.0,0,0,1
55204,0.1504950495049504,-0.0,0,0,1
10362,0.1503267973856208,-0.0,0,0,1
34067,0.1502347417840375,-0.0,0,0,1
79857,0.1499999999999999,-0.0,0,0,1
79817,0.1499999999999999,-0.0,0,0,1
79410,0.1490683229813665,-0.0,0,0,1
10838,0.148936170212766,-0.0,0,0,1
75432,0.1487068965517242,-0.0,0,0,1
62420,0.1486486486486486,-0.0,0,0,1
76573,0.1485260770975056,-0.0,0,0,1
10726,0.1481481481481481,-0.0,0,0,1
12149,0.1631578947368421,-0.0,0,0,1
10406,0.1442307692307691,-0.0,0,0,1
11214,0.1636363636363635,-0.0,0,0,1
80135,0.1637931034482758,-0.0,0,0,1
76308,0.1851851851851851,-0.0,0,0,1
39765,0.1851851851851851,-0.0,0,0,1
77677,0.1851851851851851,-0.0,0,0,1
75383,0.1847545219638242,-0.0,0,0,1
78895,0.1846153846153846,-0.0,0,0,1
75795,0.183673469387755,-0.0,0,0,1
75585,0.1834862385321101,-0.0,0,0,1
66368,0.1857142857142857,-0.0,0,0,1
12650,0.1831932773109243,-0.0,0,0,1
41371,0.1828571428571428,-0.0,0,0,1
76752,0.1822660098522168,-0.0,0,0,1
69244,0.1818181818181818,-0.0,0,0,1
78032,0.1818181818181818,-0.0,0,0,1
76420,0.1818181818181818,-0.0,0,0,1
78889,0.181159420289855,-0.0,0,0,1
82449,0.1805555555555555,-0.0,0,0,1
33209,0.1830985915492957,-0.0,0,0,1
77045,0.1803713527851458,-0.0,0,0,1
42614,0.1857142857142857,-0.0,0,0,1
75551,0.186206896551724,-0.0,0,0,1
65700,0.1923076923076923,-0.0,0,0,1
79376,0.1923076923076923,-0.0,0,0,1
22825,0.1923076923076923,-0.0,0,0,1
11358,0.1911764705882352,-0.0,0,0,1
64856,0.191029900332226,-0.0,0,0,1
76639,0.1904761904761904,-0.0,0,0,1
76768,0.1901408450704225,-0.0,0,0,1
79237,0.1858789625360231,-0.0,0,0,1
79991,0.1899999999999999,-0.0,0,0,1
11415,0.1896869244935544,-0.0,0,0,1
44565,0.1896551724137931,-0.0,0,0,1
74895,0.1891891891891892,-0.0,0,0,1
10404,0.1888888888888888,-0.0,0,0,1
79085,0.1875,-0.0,0,0,1
79291,0.1865671641791044,-0.0,0,0,1
78180,0.1863636363636363,-0.0,0,0,1
78955,0.1898734177215189,-0.0,0,0,1
77409,0.1799999999999999,-0.0,0,0,1
13470,0.1794871794871795,-0.0,0,0,1
78749,0.1794871794871795,-0.0,0,0,1
20917,0.1692307692307693,-0.0,0,0,1
46950,0.1675392670157067,-0.0,0,0,1
76625,0.1666666666666667,-0.0,0,0,1
76916,0.1666666666666667,-0.0,0,0,1
20002,0.1666666666666667,-0.0,0,0,1
10659,0.1666666666666667,-0.0,0,0,1
75655,0.1666666666666667,-0.0,0,0,1
78937,0.1693548387096775,-0.0,0,0,1
76090,0.1661721068249257,-0.0,0,0,1
11038,0.1659192825112108,-0.0,0,0,1
29560,0.165644171779141,-0.0,0,0,1
80254,0.1654135338345865,-0.0,0,0,1
11040,0.1653225806451612,-0.0,0,0,1
49817,0.1645569620253164,-0.0,0,0,1
78068,0.1642335766423357,-0.0,0,0,1
14593,0.1640211640211639,-0.0,0,0,1
43350,0.1660130718954249,-0.0,0,0,1
72005,0.1699999999999999,-0.0,0,0,1
11416,0.1705426356589148,-0.0,0,0,1
78953,0.1707317073170731,-0.0,0,0,1
10571,0.1794871794871795,-0.0,0,0,1
89659,0.1794871794871795,-0.0,0,0,1
32046,0.1790123456790122,-0.0,0,0,1
77971,0.178470254957507,-0.0,0,0,1
77237,0.1775700934579438,-0.0,0,0,1
76139,0.1770491803278688,-0.0,0,0,1
52581,0.1764705882352941,-0.0,0,0,1
57251,0.1764705882352941,-0.0,0,0,1
26737,0.1760722347629797,-0.0,0,0,1
64135,0.176056338028169,-0.0,0,0,1
77855,0.1757990867579908,-0.0,0,0,1
77446,0.1739130434782609,-0.0,0,0,1
24811,0.1734693877551021,-0.0,0,0,1
31480,0.1734104046242774,-0.0,0,0,1
13303,0.1722689075630252,-0.0,0,0,1
76267,0.1722222222222222,-0.0,0,0,1
28847,0.1707798617966436,-0.0,0,0,1
12217,0.1636363636363635,-0.0,0,0,1
58975,0.1924528301886792,-0.0,0,0,1
77989,0.1441441441441442,-0.0,0,0,1
83687,0.14375,-0.0,0,0,1
74932,0.1218905472636815,-0.0,0,0,1
77617,0.121301775147929,-0.0,0,0,1
10185,0.1210191082802547,-0.0,0,0,1
11849,0.1208053691275168,-0.0,0,0,1
76489,0.1206896551724137,-0.0,0,0,1
91556,0.1206349206349206,-0.0,0,0,1
11539,0.1202185792349725,-0.0,0,0,1
78033,0.1219512195121952,-0.0,0,0,1
59248,0.1200000000000001,-0.0,0,0,1
79097,0.1200000000000001,-0.0,0,0,1
40540,0.1200000000000001,-0.0,0,0,1
50278,0.1200000000000001,-0.0,0,0,1
85914,0.1196222455403988,-0.0,0,0,1
80042,0.1195652173913044,-0.0,0,0,1
37807,0.1194295900178252,-0.0,0,0,1
58464,0.119047619047619,-0.0,0,0,1
10307,0.1200000000000001,-0.0,0,0,1
76943,0.119047619047619,-0.0,0,0,1
78894,0.1224489795918366,-0.0,0,0,1
75295,0.1226415094339623,-0.0,0,0,1
75320,0.1265560165975103,-0.0,0,0,1
24441,0.1256830601092895,-0.0,0,0,1
78112,0.1256038647342994,-0.0,0,0,1
11928,0.1252747252747252,-0.0,0,0,1
19880,0.125,-0.0,0,0,1
43757,0.125,-0.0,0,0,1
10806,0.125,-0.0,0,0,1
45866,0.1225806451612903,-0.0,0,0,1
88031,0.125,-0.0,0,0,1
42922,0.125,-0.0,0,0,1
11747,0.125,-0.0,0,0,1
52090,0.1241830065359477,-0.0,0,0,1
77780,0.1241007194244603,-0.0,0,0,1
87725,0.1238938053097344,-0.0,0,0,1
83011,0.1237864077669903,-0.0,0,0,1
61787,0.1235955056179776,-0.0,0,0,1
78890,0.125,-0.0,0,0,1
79144,0.1187499999999999,-0.0,0,0,1
79042,0.1183431952662721,-0.0,0,0,1
11000,0.1181318681318681,-0.0,0,0,1
75107,0.1152073732718894,-0.0,0,0,1
26650,0.1151079136690647,-0.0,0,0,1
79517,0.1148648648648649,-0.0,0,0,1
80286,0.1148648648648649,-0.0,0,0,1
80184,0.1147540983606556,-0.0,0,0,1
47677,0.11328125,-0.0,0,0,1
54253,0.1129032258064515,-0.0,0,0,1
76848,0.1153846153846154,-0.0,0,0,1
24548,0.1129032258064515,-0.0,0,0,1
10857,0.1126760563380282,-0.0,0,0,1
77597,0.1126760563380282,-0.0,0,0,1
76772,0.1125008,-0.0,0,0,1
47271,0.1122807017543858,-0.0,0,0,1
79776,0.1120689655172413,-0.0,0,0,1
78197,0.1119402985074626,-0.0,0,0,1
67732,0.1118421052631579,-0.0,0,0,1
57817,0.1128065395095367,-0.0,0,0,1
76969,0.1153846153846154,-0.0,0,0,1
12190,0.1153846153846154,-0.0,0,0,1
36768,0.1155778894472361,-0.0,0,0,1
33532,0.1180555555555555,-0.0,0,0,1
11654,0.1180555555555555,-0.0,0,0,1
11162,0.11787072243346,-0.0,0,0,1
45671,0.1178571428571428,-0.0,0,0,1
60142,0.1176470588235294,-0.0,0,0,1
11082,0.1176470588235294,-0.0,0,0,1
75266,0.1176470588235294,-0.0,0,0,1
76683,0.1176470588235294,-0.0,0,0,1
76750,0.1176470588235294,-0.0,0,0,1
77347,0.1176470588235294,-0.0,0,0,1
61621,0.1174334140435835,-0.0,0,0,1
11964,0.1168831168831168,-0.0,0,0,1
76298,0.1166666666666667,-0.0,0,0,1
78102,0.1160714285714286,-0.0,0,0,1
26607,0.1159420289855073,-0.0,0,0,1
76721,0.1157894736842104,-0.0,0,0,1
12169,0.1157407407407407,-0.0,0,0,1
80079,0.1265984654731458,-0.0,0,0,1
88269,0.1438848920863309,-0.0,0,0,1
28063,0.1267605633802817,-0.0,0,0,1
78071,0.127659574468085,-0.0,0,0,1
79695,0.1403508771929824,-0.0,0,0,1
45313,0.1401869158878503,-0.0,0,0,1
66130,0.1401515151515151,-0.0,0,0,1
42455,0.1399999999999999,-0.0,0,0,1
77281,0.1399387129724207,-0.0,0,0,1
80039,0.1398601398601398,-0.0,0,0,1
43610,0.1395348837209302,-0.0,0,0,1
77676,0.1408450704225352,-0.0,0,0,1
77182,0.1395348837209302,-0.0,0,0,1
58641,0.1388888888888888,-0.0,0,0,1
79150,0.1386861313868612,-0.0,0,0,1
27780,0.1385224274406331,-0.0,0,0,1
70033,0.1379310344827586,-0.0,0,0,1
79841,0.1379310344827586,-0.0,0,0,1
78818,0.1374999999999999,-0.0,0,0,1
77660,0.1374045801526717,-0.0,0,0,1
89093,0.139240506329114,-0.0,0,0,1
42219,0.1373801916932906,-0.0,0,0,1
57904,0.0295015259409969,-0.0,0,0,1
80857,0.1413043478260869,-0.0,0,0,1
65656,0.143389199255121,-0.0,0,0,1
10318,0.1428571428571428,-0.0,0,0,1
44207,0.1428571428571428,-0.0,0,0,1
47984,0.1428571428571428,-0.0,0,0,1
69447,0.1428571428571428,-0.0,0,0,1
55985,0.1428571428571428,-0.0,0,0,1
11656,0.1428571428571428,-0.0,0,0,1
75390,0.1412844036697247,-0.0,0,0,1
75196,0.1428571428571428,-0.0,0,0,1
77204,0.1428571428571428,-0.0,0,0,1
79935,0.1428571428571428,-0.0,0,0,1
18112,0.1425233644859813,-0.0,0,0,1
79640,0.1418355184743742,-0.0,0,0,1
79684,0.1418269230769231,-0.0,0,0,1
77284,0.1416490486257928,-0.0,0,0,1
20618,0.141347424042272,-0.0,0,0,1
12199,0.1428571428571428,-0.0,0,0,1
75597,0.1372549019607842,-0.0,0,0,1
10501,0.1366120218579234,-0.0,0,0,1
75831,0.1365979381443298,-0.0,0,0,1
10657,0.1304347826086955,-0.0,0,0,1
77230,0.1304347826086955,-0.0,0,0,1
22518,0.1296296296296295,-0.0,0,0,1
87434,0.1296296296296295,-0.0,0,0,1
67432,0.1293532338308458,-0.0,0,0,1
19546,0.1293375394321767,-0.0,0,0,1
75573,0.129251700680272,-0.0,0,0,1
89456,0.1304347826086955,-0.0,0,0,1
39693,0.1292372881355932,-0.0,0,0,1
80290,0.1290322580645162,-0.0,0,0,1
38578,0.1289966923925027,-0.0,0,0,1
76686,0.1288343558282207,-0.0,0,0,1
86917,0.1287878787878789,-0.0,0,0,1
79444,0.128158844765343,-0.0,0,0,1
77515,0.1279999999999999,-0.0,0,0,1
59089,0.127659574468085,-0.0,0,0,1
46762,0.1290322580645162,-0.0,0,0,1
75460,0.1305841924398625,-0.0,0,0,1
58376,0.1306818181818181,-0.0,0,0,1
60695,0.1314031180400892,-0.0,0,0,1
80243,0.1363636363636364,-0.0,0,0,1
20670,0.1363636363636364,-0.0,0,0,1
79593,0.1363636363636364,-0.0,0,0,1
75070,0.1354838709677419,-0.0,0,0,1
76661,0.1348837209302325,-0.0,0,0,1
80204,0.1346469622331692,-0.0,0,0,1
75929,0.1343283582089551,-0.0,0,0,1
16030,0.134020618556701,-0.0,0,0,1
25612,0.1338582677165354,-0.0,0,0,1
75273,0.1336898395721926,-0.0,0,0,1
45728,0.1335149863760218,-0.0,0,0,1
90676,0.1326530612244898,-0.0,0,0,1
32110,0.1320754716981131,-0.0,0,0,1
18198,0.1316187594553706,-0.0,0,0,1
67300,0.131578947368421,-0.0,0,0,1
11644,0.131578947368421,-0.0,0,0,1
79910,0.131578947368421,-0.0,0,0,1
44230,0.1272727272727272,-0.0,0,0,1
51800,0.1114457831325301,-0.0,0,0,1
76542,0.1925133689839573,-0.0,0,0,1
78998,0.1929824561403508,-0.0,0,0,1
79396,0.3645833333333332,-0.0,0,0,1
76336,0.3641618497109826,-0.0,0,0,1
20240,0.3636363636363635,-0.0,0,0,1
91783,0.3636363636363635,-0.0,0,0,1
58799,0.3626373626373627,-0.0,0,0,1
38085,0.3604651162790697,-0.0,0,0,1
11998,0.3584905660377357,-0.0,0,0,1
77603,0.3647058823529412,-0.0,0,0,1
57999,0.3548387096774192,-0.0,0,0,1
75215,0.3541666666666667,-0.0,0,0,1
79271,0.3536585365853659,-0.0,0,0,1
32678,0.3525179856115108,-0.0,0,0,1
10994,0.3461538461538462,-0.0,0,0,1
79101,0.3461538461538462,-0.0,0,0,1
71002,0.3461538461538462,-0.0,0,0,1
79611,0.3430232558139534,-0.0,0,0,1
70965,0.3546511627906976,-0.0,0,0,1
10044,0.3421052631578947,-0.0,0,0,1
77990,0.3695652173913044,-0.0,0,0,1
68830,0.3720930232558139,-0.0,0,0,1
10035,0.4083333333333334,-0.0,0,0,1
10382,0.4068965517241378,-0.0,0,0,1
31051,0.40625,-0.0,0,0,1
79505,0.4059561128526645,-0.0,0,0,1
79026,0.4030769230769231,-0.0,0,0,1
79411,0.401639344262295,-0.0,0,0,1
79629,0.3999999999999999,-0.0,0,0,1
38295,0.3696969696969696,-0.0,0,0,1
79167,0.3999999999999999,-0.0,0,0,1
75494,0.3999999999999999,-0.0,0,0,1
77184,0.3924050632911393,-0.0,0,0,1
76549,0.3913043478260869,-0.0,0,0,1
39416,0.3809523809523809,-0.0,0,0,1
46026,0.3793103448275863,-0.0,0,0,1
10775,0.375,-0.0,0,0,1
75793,0.375,-0.0,0,0,1
15748,0.3999999999999999,-0.0,0,0,1
77321,0.3409090909090908,-0.0,0,0,1
76367,0.3404255319148936,-0.0,0,0,1
92591,0.3400000000000001,-0.0,0,0,1
88939,0.3174603174603174,-0.0,0,0,1
75172,0.3166666666666666,-0.0,0,0,1
75930,0.3157894736842106,-0.0,0,0,1
47888,0.3154574132492114,-0.0,0,0,1
76374,0.3149606299212599,-0.0,0,0,1
59222,0.3148148148148149,-0.0,0,0,1
20336,0.3108108108108107,-0.0,0,0,1
70675,0.3181818181818181,-0.0,0,0,1
78054,0.3085106382978724,-0.0,0,0,1
47707,0.3069767441860465,-0.0,0,0,1
56937,0.3046979865771813,-0.0,0,0,1
76462,0.3043478260869565,-0.0,0,0,1
31457,0.3035733333333332,-0.0,0,0,1
86167,0.301775147928994,-0.0,0,0,1
86431,0.3,-0.0,0,0,1
10257,0.3,-0.0,0,0,1
80167,0.3070175438596492,-0.0,0,0,1
58501,0.319047619047619,-0.0,0,0,1
38471,0.3191489361702126,-0.0,0,0,1
77919,0.32,-0.0,0,0,1
91687,0.3333333333333332,-0.0,0,0,1
11473,0.3333333333333332,-0.0,0,0,1
11306,0.3333333333333332,-0.0,0,0,1
76934,0.3333333333333332,-0.0,0,0,1
76795,0.3333333333333332,-0.0,0,0,1
77294,0.3333333333333332,-0.0,0,0,1
77837,0.3333333333333332,-0.0,0,0,1
79704,0.3333333333333332,-0.0,0,0,1
80244,0.3333333333333332,-0.0,0,0,1
11665,0.3333333333333332,-0.0,0,0,1
12458,0.3313253012048192,-0.0,0,0,1
21055,0.3272727272727274,-0.0,0,0,1
77114,0.3249999999999999,-0.0,0,0,1
22913,0.3214298412698413,-0.0,0,0,1
78881,0.3212435233160622,-0.0,0,0,1
65032,0.320754716981132,-0.0,0,0,1
17278,0.32,-0.0,0,0,1
54244,0.408450704225352,-0.0,0,0,1
75294,0.3,-0.0,0,0,1
30509,0.4090909090909091,-0.0,0,0,1
79159,0.4166666666666667,-0.0,0,0,1
79006,0.7604166666666667,-0.0,0,0,1
68313,0.7560975609756098,-0.0,0,0,1
80262,0.74,-0.0,0,0,1
75110,0.71875,-0.0,0,0,1
61138,0.6976744186046511,-0.0,0,0,1
77413,0.6933333333333334,-0.0,0,0,1
76409,0.6511627906976745,-0.0,0,0,1
79518,0.7685950413223142,-0.0,0,0,1
69075,0.641025641025641,-0.0,0,0,1
77074,0.6363636363636365,-0.0,0,0,1
12126,0.6136363636363635,-0.0,0,0,1
11590,0.6000000000000001,-0.0,0,0,1
79706,0.6000000000000001,-0.0,0,0,1
79172,0.5853658536585367,-0.0,0,0,1
79820,0.5714285714285714,-0.0,0,0,1
51829,0.5692307692307692,-0.0,0,0,1
76372,0.636963696369637,-0.0,0,0,1
77843,0.5675675675675675,-0.0,0,0,1
90916,0.7922077922077921,-0.0,0,0,1
79960,0.8484848484848484,-0.0,0,0,1
77915,10.0,-1.0,0,-1,1
76281,8.2,-1.0,0,-1,1
76342,8.0,-1.0,0,-1,1
57509,7.846153846153847,-1.0,0,-1,1
78103,7.6875,-1.0,0,-1,1
10170,6.714285714285714,-1.0,0,-1,1
63036,3.0,-1.0,0,-1,1
76360,0.8275862068965518,-0.0,0,0,1
79573,2.1538461538461537,-1.0,0,-1,1
78824,1.125,-0.0,0,0,1
76791,1.1111111111111112,-0.0,0,0,1
80249,1.054545454545455,-0.0,0,0,1
66667,1.0125000000000002,-0.0,0,0,1
76023,1.0,-0.0,0,0,1
76883,0.9583333333333331,-0.0,0,0,1
84153,0.894736842105263,-0.0,0,0,1
77831,1.2857142857142856,-0.0,0,0,1
10853,0.558974358974359,-0.0,0,0,1
77681,0.5555555555555556,-0.0,0,0,1
79252,0.5555555555555556,-0.0,0,0,1
29073,0.4663865546218486,-0.0,0,0,1
11531,0.4644194756554307,-0.0,0,0,1
10928,0.4634146341463414,-0.0,0,0,1
77671,0.4630872483221477,-0.0,0,0,1
62607,0.4615384615384614,-0.0,0,0,1
45306,0.4603174603174602,-0.0,0,0,1
66836,0.4603174603174602,-0.0,0,0,1
76251,0.4666666666666665,-0.0,0,0,1
12113,0.4545454545454546,-0.0,0,0,1
77096,0.4499999999999999,-0.0,0,0,1
75233,0.4456521739130434,-0.0,0,0,1
10847,0.4444444444444444,-0.0,0,0,1
54798,0.4418604651162789,-0.0,0,0,1
14868,0.4325346784363177,-0.0,0,0,1
75517,0.4313725490196078,-0.0,0,0,1
76038,0.4285714285714286,-0.0,0,0,1
77669,0.4503816793893129,-0.0,0,0,1
79612,0.4705882352941177,-0.0,0,0,1
78868,0.4728682170542635,-0.0,0,0,1
79300,0.4736842105263157,-0.0,0,0,1
45955,0.5490196078431373,-0.0,0,0,1
79149,0.5476190476190477,-0.0,0,0,1
65964,0.5441176470588236,-0.0,0,0,1
11368,0.5428571428571429,-0.0,0,0,1
69526,0.5416666666666667,-0.0,0,0,1
63547,0.5384615384615385,-0.0,0,0,1
79606,0.5333333333333334,-0.0,0,0,1
76673,0.5224719101123596,-0.0,0,0,1
11136,0.5185185185185186,-0.0,0,0,1
77699,0.5177304964539007,-0.0,0,0,1
76713,0.5166666666666666,-0.0,0,0,1
77150,0.5158924205378974,-0.0,0,0,1
53226,0.5,-0.0,0,0,1
11373,0.4791666666666667,-0.0,0,0,1
77189,0.4750000000000001,-0.0,0,0,1
79084,0.4745762711864407,-0.0,0,0,1
10800,0.4736842105263157,-0.0,0,0,1
77163,0.4110738255033557,-0.0,0,0,1
79616,0.1925465838509317,-0.0,0,0,1
78988,0.3,-0.0,0,0,1
10446,0.2925170068027212,-0.0,0,0,1
44637,0.2175141242937852,-0.0,0,0,1
80347,0.2173913043478261,-0.0,0,0,1
47248,0.2150537634408602,-0.0,0,0,1
80028,0.2142857142857142,-0.0,0,0,1
80256,0.2142857142857142,-0.0,0,0,1
78198,0.2134831460674158,-0.0,0,0,1
76095,0.2131147540983606,-0.0,0,0,1
23660,0.2176470588235293,-0.0,0,0,1
76520,0.2126436781609195,-0.0,0,0,1
11122,0.2121212121212121,-0.0,0,0,1
87864,0.2121212121212121,-0.0,0,0,1
75527,0.2118644067796611,-0.0,0,0,1
44821,0.2108843537414966,-0.0,0,0,1
80114,0.2101827676240208,-0.0,0,0,1
23035,0.2098765432098766,-0.0,0,0,1
44274,0.2094594594594594,-0.0,0,0,1
41452,0.2122448979591837,-0.0,0,0,1
75286,0.2068965517241379,-0.0,0,0,1
77584,0.2188449848024316,-0.0,0,0,1
20117,0.2202380952380953,-0.0,0,0,1
77987,0.2253521126760562,-0.0,0,0,1
74561,0.2250080000000001,-0.0,0,0,1
77087,0.2250000000000001,-0.0,0,0,1
33849,0.2247191011235956,-0.0,0,0,1
22905,0.2242424242424241,-0.0,0,0,1
11072,0.2239467849223946,-0.0,0,0,1
76769,0.2239031770045385,-0.0,0,0,1
77523,0.2201834862385321,-0.0,0,0,1
78008,0.2236842105263157,-0.0,0,0,1
33137,0.2222222222222223,-0.0,0,0,1
81510,0.2222222222222223,-0.0,0,0,1
89499,0.2222222222222223,-0.0,0,0,1
19749,0.2222222222222223,-0.0,0,0,1
11903,0.2222222222222223,-0.0,0,0,1
79971,0.2217391304347826,-0.0,0,0,1
25217,0.220447284345048,-0.0,0,0,1
29736,0.2222222222222223,-0.0,0,0,1
76995,0.2068965517241379,-0.0,0,0,1
80104,0.2064220183486238,-0.0,0,0,1
10364,0.2062146892655367,-0.0,0,0,1
69171,0.1999999999999999,-0.0,0,0,1
87581,0.1999999999999999,-0.0,0,0,1
78999,0.1985559566787003,-0.0,0,0,1
77993,0.1984126984126983,-0.0,0,0,1
77830,0.1979166666666667,-0.0,0,0,1
76199,0.197452229299363,-0.0,0,0,1
74406,0.196969696969697,-0.0,0,0,1
11614,0.1999999999999999,-0.0,0,0,1
64565,0.1969057665260196,-0.0,0,0,1
75621,0.1964285714285714,-0.0,0,0,1
12214,0.1956521739130434,-0.0,0,0,1
11159,0.1954397394136808,-0.0,0,0,1
77619,0.1954022988505748,-0.0,0,0,1
76016,0.1951219512195121,-0.0,0,0,1
10039,0.1948051948051947,-0.0,0,0,1
79025,0.1932203389830509,-0.0,0,0,1
76306,0.1968503937007875,-0.0,0,0,1
75417,0.1999999999999999,-0.0,0,0,1
78869,0.1999999999999999,-0.0,0,0,1
76543,0.1999999999999999,-0.0,0,0,1
55213,0.2057416267942584,-0.0,0,0,1
75660,0.2055749128919861,-0.0,0,0,1
76842,0.205128205128205,-0.0,0,0,1
80071,0.205128205128205,-0.0,0,0,1
79089,0.2046511627906977,-0.0,0,0,1
23835,0.204040404040404,-0.0,0,0,1
77712,0.2039999999999999,-0.0,0,0,1
79371,0.2038834951456309,-0.0,0,0,1
80242,0.2038834951456309,-0.0,0,0,1
79868,0.2036659877800406,-0.0,0,0,1
77710,0.203125,-0.0,0,0,1
77448,0.2025316455696202,-0.0,0,0,1
58625,0.2024793388429753,-0.0,0,0,1
78786,0.202020202020202,-0.0,0,0,1
85084,0.1999999999999999,-0.0,0,0,1
58704,0.1999999999999999,-0.0,0,0,1
75721,0.1999999999999999,-0.0,0,0,1
80003,0.2253521126760562,-0.0,0,0,1
10325,0.2989690721649485,-0.0,0,0,1
11552,0.2253521126760562,-0.0,0,0,1
79008,0.2278481012658229,-0.0,0,0,1
79564,0.2698412698412697,-0.0,0,0,1
79105,0.2695035460992907,-0.0,0,0,1
65315,0.267605633802817,-0.0,0,0,1
79247,0.2666666666666666,-0.0,0,0,1
79790,0.2666666666666666,-0.0,0,0,1
66852,0.2662721893491124,-0.0,0,0,1
76075,0.2644628099173554,-0.0,0,0,1
11401,0.2702702702702702,-0.0,0,0,1
11088,0.2638888888888888,-0.0,0,0,1
60230,0.263157894736842,-0.0,0,0,1
20547,0.2624999999999999,-0.0,0,0,1
10713,0.2622950819672132,-0.0,0,0,1
11757,0.2619047619047618,-0.0,0,0,1
81614,0.2608695652173913,-0.0,0,0,1
10731,0.2608695652173913,-0.0,0,0,1
77262,0.2604166666666667,-0.0,0,0,1
76096,0.2637362637362637,-0.0,0,0,1
79212,0.2578125,-0.0,0,0,1
10422,0.2702702702702702,-0.0,0,0,1
79392,0.2727272727272727,-0.0,0,0,1
66253,0.2925170068027212,-0.0,0,0,1
77248,0.2916666666666667,-0.0,0,0,1
26201,0.2916666666666667,-0.0,0,0,1
48282,0.2911392405063291,-0.0,0,0,1
90820,0.2873563218390804,-0.0,0,0,1
78978,0.2857142857142858,-0.0,0,0,1
76548,0.2820512820512821,-0.0,0,0,1
58473,0.2708333333333332,-0.0,0,0,1
11819,0.28125,-0.0,0,0,1
39379,0.2790697674418605,-0.0,0,0,1
41726,0.2784503631961259,-0.0,0,0,1
11760,0.2777777777777777,-0.0,0,0,1
80019,0.2775919732441472,-0.0,0,0,1
10114,0.2771084337349396,-0.0,0,0,1
10786,0.276470588235294,-0.0,0,0,1
30892,0.2758620689655173,-0.0,0,0,1
80006,0.28125,-0.0,0,0,1
10881,0.2576687116564418,-0.0,0,0,1
55036,0.2575757575757575,-0.0,0,0,1
71909,0.2564102564102564,-0.0,0,0,1
61241,0.2367021276595744,-0.0,0,0,1
79053,0.234076433121019,-0.0,0,0,1
16468,0.2338709677419355,-0.0,0,0,1
56777,0.233797037037037,-0.0,0,0,1
77873,0.2335766423357663,-0.0,0,0,1
79523,0.2334293948126802,-0.0,0,0,1
11144,0.2333333333333334,-0.0,0,0,1
54412,0.2368421052631579,-0.0,0,0,1
76217,0.2321792260692463,-0.0,0,0,1
77367,0.2307692307692308,-0.0,0,0,1
11246,0.2307692307692308,-0.0,0,0,1
69307,0.2307692307692308,-0.0,0,0,1
77323,0.2299999999999999,-0.0,0,0,1
10530,0.2289156626506023,-0.0,0,0,1
76322,0.2286995515695067,-0.0,0,0,1
55160,0.2282608695652173,-0.0,0,0,1
59547,0.231833910034602,-0.0,0,0,1
22016,0.2374350086655112,-0.0,0,0,1
79707,0.2380952380952381,-0.0,0,0,1
76547,0.2380952380952381,-0.0,0,0,1
10180,0.2564102564102564,-0.0,0,0,1
77267,0.2564102564102564,-0.0,0,0,1
12252,0.2549019607843137,-0.0,0,0,1
77644,0.2546816479400748,-0.0,0,0,1
31318,0.2542372881355932,-0.0,0,0,1
10026,0.252,-0.0,0,0,1
77973,0.25,-0.0,0,0,1
77440,0.25,-0.0,0,0,1
77042,0.2464788732394365,-0.0,0,0,1
73796,0.2444444444444444,-0.0,0,0,1
21785,0.2439024390243902,-0.0,0,0,1
11636,0.2432432432432432,-0.0,0,0,1
10218,0.2424242424242424,-0.0,0,0,1
77427,0.2419354838709677,-0.0,0,0,1
86642,0.2407407407407407,-0.0,0,0,1
78963,0.238938053097345,-0.0,0,0,1
43588,0.2387096774193549,-0.0,0,0,1
77501,0.2278481012658229,-0.0,0,0,1
12570,0.1113138686131387,-0.0,0,0,1
76259,0.1411290322580645,-0.0,0,0,1
36978,0.1111111111111111,-0.0,0,0,1
44783,0.0518867924528301,-0.0,0,0,1
77874,0.0517928286852589,-0.0,0,0,1
11020,0.0516431924882629,-0.0,0,0,1
60898,0.0514705882352941,-0.0,0,0,1
65307,0.0514705882352941,-0.0,0,0,1
55781,0.0512820512820513,-0.0,0,0,1
10750,0.0511247443762781,-0.0,0,0,1
20248,0.0519480519480519,-0.0,0,0,1
11678,0.0510204081632652,-0.0,0,0,1
75241,0.0501319261213719,-0.0,0,0,1
60273,0.05,-0.0,0,0,1
76762,0.05,-0.0,0,0,1
79297,0.05,-0.0,0,0,1
79798,0.05,-0.0,0,0,1
79879,0.0499219968798752,-0.0,0,0,1
81294,0.0495689655172413,-0.0,0,0,1
79276,0.0502793296089385,-0.0,0,0,1
25989,0.0491803278688525,-0.0,0,0,1
79265,0.0519480519480519,-0.0,0,0,1
11490,0.0520833333333332,-0.0,0,0,1
20220,0.053349875930521,-0.0,0,0,1
59301,0.0533333333333332,-0.0,0,0,1
79670,0.0533333333333332,-0.0,0,0,1
75608,0.0532994923857867,-0.0,0,0,1
55044,0.0529172320217097,-0.0,0,0,1
26382,0.052910052910053,-0.0,0,0,1
77785,0.0528455284552844,-0.0,0,0,1
49534,0.0520231213872832,-0.0,0,0,1
49584,0.0526315789473683,-0.0,0,0,1
54439,0.0526315789473683,-0.0,0,0,1
47379,0.0526315789473683,-0.0,0,0,1
76510,0.0526315789473683,-0.0,0,0,1
87207,0.0526315789473683,-0.0,0,0,1
15456,0.0526315789473683,-0.0,0,0,1
38659,0.0523255813953489,-0.0,0,0,1
24918,0.0521739130434781,-0.0,0,0,1
13304,0.0526315789473683,-0.0,0,0,1
65103,0.0491803278688525,-0.0,0,0,1
77178,0.0490196078431373,-0.0,0,0,1
41072,0.048780487804878,-0.0,0,0,1
73681,0.0470588235294118,-0.0,0,0,1
76272,0.0467289719626167,-0.0,0,0,1
90100,0.0466321243523315,-0.0,0,0,1
33420,0.0465116279069768,-0.0,0,0,1
57534,0.0463576158940397,-0.0,0,0,1
27422,0.0462287104622871,-0.0,0,0,1
76052,0.0461538461538462,-0.0,0,0,1
10043,0.0471841704718416,-0.0,0,0,1
46690,0.0460992907801418,-0.0,0,0,1
20723,0.0458715596330274,-0.0,0,0,1
33647,0.0458015267175573,-0.0,0,0,1
81700,0.0454545454545454,-0.0,0,0,1
77099,0.0454545454545454,-0.0,0,0,1
79795,0.0454545454545454,-0.0,0,0,1
80023,0.0454545454545454,-0.0,0,0,1
32870,0.0454545454545454,-0.0,0,0,1
76110,0.0459770114942528,-0.0,0,0,1
76711,0.1111111111111111,-0.0,0,0,1
79248,0.0476190476190476,-0.0,0,0,1
77218,0.0476190476190476,-0.0,0,0,1
10628,0.048780487804878,-0.0,0,0,1
11194,0.048780487804878,-0.0,0,0,1
76013,0.048780487804878,-0.0,0,0,1
76843,0.048780487804878,-0.0,0,0,1
55466,0.0486891385767789,-0.0,0,0,1
10412,0.0486486486486485,-0.0,0,0,1
14795,0.0484496124031008,-0.0,0,0,1
38093,0.048411497730711,-0.0,0,0,1
88990,0.0483870967741935,-0.0,0,0,1
77678,0.0483870967741935,-0.0,0,0,1
79086,0.0483870967741935,-0.0,0,0,1
79831,0.0483870967741935,-0.0,0,0,1
62834,0.0482758620689656,-0.0,0,0,1
55108,0.0482456140350877,-0.0,0,0,1
23297,0.0479041916167664,-0.0,0,0,1
52039,0.0476190476190476,-0.0,0,0,1
58078,0.0476190476190476,-0.0,0,0,1
71942,0.0535714285714286,-0.0,0,0,1
79797,0.0454545454545454,-0.0,0,0,1
46877,0.053763440860215,-0.0,0,0,1
43238,0.0539083557951483,-0.0,0,0,1
21742,0.0622406639004149,-0.0,0,0,1
41419,0.0621890547263681,-0.0,0,0,1
11599,0.0614035087719297,-0.0,0,0,1
79491,0.0612244897959184,-0.0,0,0,1
22066,0.060879368658399,-0.0,0,0,1
22382,0.0608108108108107,-0.0,0,0,1
81190,0.0606420927467301,-0.0,0,0,1
86677,0.0625,-0.0,0,0,1
49488,0.0606060606060605,-0.0,0,0,1
77465,0.060377358490566,-0.0,0,0,1
77653,0.0603448275862068,-0.0,0,0,1
10656,0.0602409638554217,-0.0,0,0,1
60441,0.0599455040871934,-0.0,0,0,1
44725,0.0598802395209581,-0.0,0,0,1
75596,0.0598591549295774,-0.0,0,0,1
56223,0.0598290598290598,-0.0,0,0,1
23115,0.0606060606060605,-0.0,0,0,1
61322,0.0597014925373133,-0.0,0,0,1
90924,0.0625,-0.0,0,0,1
10818,0.0625,-0.0,0,0,1
45744,0.0638297872340425,-0.0,0,0,1
75828,0.0637393767705383,-0.0,0,0,1
32205,0.0636833046471601,-0.0,0,0,1
21397,0.0636474908200734,-0.0,0,0,1
43290,0.0632911392405062,-0.0,0,0,1
80000,0.063157894736842,-0.0,0,0,1
42877,0.0630841121495326,-0.0,0,0,1
79973,0.0625,-0.0,0,0,1
10890,0.0629370629370629,-0.0,0,0,1
53575,0.0628571428571429,-0.0,0,0,1
76656,0.0626506024096384,-0.0,0,0,1
24539,0.062645011600928,-0.0,0,0,1
87119,0.0625,-0.0,0,0,1
13119,0.0625,-0.0,0,0,1
64961,0.0625,-0.0,0,0,1
85869,0.0625,-0.0,0,0,1
22753,0.0629370629370629,-0.0,0,0,1
65163,0.0596026490066226,-0.0,0,0,1
34825,0.0590631364562117,-0.0,0,0,1
76845,0.0590062111801241,-0.0,0,0,1
21282,0.0559910414333706,-0.0,0,0,1
55597,0.0555555555555555,-0.0,0,0,1
44928,0.0555555555555555,-0.0,0,0,1
82326,0.0555555555555555,-0.0,0,0,1
76111,0.0555555555555555,-0.0,0,0,1
76624,0.0555555555555555,-0.0,0,0,1
77520,0.0555555555555555,-0.0,0,0,1
15560,0.0561797752808987,-0.0,0,0,1
77575,0.0555555555555555,-0.0,0,0,1
75261,0.0553097345132742,-0.0,0,0,1
64195,0.0551181102362203,-0.0,0,0,1
78015,0.0549738219895288,-0.0,0,0,1
23393,0.0544662309368191,-0.0,0,0,1
78170,0.0543103448275861,-0.0,0,0,1
11291,0.0541871921182266,-0.0,0,0,1
76738,0.0540540540540539,-0.0,0,0,1
10645,0.0555555555555555,-0.0,0,0,1
28564,0.0563106796116505,-0.0,0,0,1
62287,0.0564516129032257,-0.0,0,0,1
76135,0.0566037735849056,-0.0,0,0,1
15035,0.0588235294117647,-0.0,0,0,1
76505,0.0588235294117647,-0.0,0,0,1
78822,0.0588235294117647,-0.0,0,0,1
65067,0.0588235294117647,-0.0,0,0,1
87717,0.058641975308642,-0.0,0,0,1
83601,0.0583941605839415,-0.0,0,0,1
78879,0.0582010582010581,-0.0,0,0,1
59185,0.0578512396694215,-0.0,0,0,1
10661,0.0576923076923077,-0.0,0,0,1
89755,0.0575221238938052,-0.0,0,0,1
79562,0.0574712643678161,-0.0,0,0,1
48514,0.05736137667304,-0.0,0,0,1
77080,0.0572390572390573,-0.0,0,0,1
34817,0.0570388349514563,-0.0,0,0,1
77829,0.0568862275449102,-0.0,0,0,1
79902,0.0568181818181818,-0.0,0,0,1
75150,0.0566037735849056,-0.0,0,0,1
21207,0.0538793103448276,-0.0,0,0,1
77512,0.0638297872340425,-0.0,0,0,1
76146,0.0453400503778338,-0.0,0,0,1
61567,0.0451306413301662,-0.0,0,0,1
20299,0.0348837209302326,-0.0,0,0,1
23588,0.0348837209302326,-0.0,0,0,1
28840,0.0348258706467661,-0.0,0,0,1
75649,0.0348214285714285,-0.0,0,0,1
89181,0.0347222222222223,-0.0,0,0,1
10363,0.0346534653465346,-0.0,0,0,1
78116,0.0344827586206897,-0.0,0,0,1
58481,0.0349907918968692,-0.0,0,0,1
11036,0.0344827586206897,-0.0,0,0,1
71837,0.0344827586206897,-0.0,0,0,1
61209,0.0343347639484978,-0.0,0,0,1
25452,0.0340909090909091,-0.0,0,0,1
79399,0.0340909090909091,-0.0,0,0,1
45794,0.034037558685446,-0.0,0,0,1
80093,0.0340136054421769,-0.0,0,0,1
77388,0.0339805825242718,-0.0,0,0,1
77425,0.0344827586206897,-0.0,0,0,1
12171,0.0338983050847456,-0.0,0,0,1
18091,0.0350584307178631,-0.0,0,0,1
10649,0.0352941176470589,-0.0,0,0,1
29612,0.0360576923076922,-0.0,0,0,1
16126,0.0360360360360361,-0.0,0,0,1
58772,0.0359712230215827,-0.0,0,0,1
65294,0.0359712230215827,-0.0,0,0,1
75100,0.0359042553191488,-0.0,0,0,1
27633,0.0357751277683133,-0.0,0,0,1
41292,0.0357142857142858,-0.0,0,0,1
63044,0.0351758793969849,-0.0,0,0,1
63300,0.0357142857142858,-0.0,0,0,1
77275,0.0357142857142858,-0.0,0,0,1
12117,0.0357142857142858,-0.0,0,0,1
71176,0.0355411954765751,-0.0,0,0,1
44329,0.0354391371340523,-0.0,0,0,1
14227,0.0352941176470589,-0.0,0,0,1
42067,0.0352941176470589,-0.0,0,0,1
38033,0.0352941176470589,-0.0,0,0,1
75755,0.0357142857142858,-0.0,0,0,1
17961,0.0338504936530323,-0.0,0,0,1
77091,0.0333333333333334,-0.0,0,0,1
77629,0.0333333333333334,-0.0,0,0,1
45277,0.0309278350515462,-0.0,0,0,1
79107,0.0307692307692306,-0.0,0,0,1
77403,0.0306122448979591,-0.0,0,0,1
58683,0.0305010893246187,-0.0,0,0,1
58990,0.0304136253041362,-0.0,0,0,1
18570,0.0303951367781154,-0.0,0,0,1
80012,0.0303030303030302,-0.0,0,0,1
18650,0.0309278350515462,-0.0,0,0,1
28118,0.0302739067755886,-0.0,0,0,1
51457,0.0301204819277107,-0.0,0,0,1
75694,0.0299003322259137,-0.0,0,0,1
39773,0.0298507462686568,-0.0,0,0,1
27430,0.029810298102981,-0.0,0,0,1
38333,0.0296442687747036,-0.0,0,0,1
30940,0.0295857988165679,-0.0,0,0,1
80080,0.0295801526717556,-0.0,0,0,1
12074,0.0301369863013698,-0.0,0,0,1
50462,0.0309734513274335,-0.0,0,0,1
78949,0.03125,-0.0,0,0,1
10749,0.03125,-0.0,0,0,1
38746,0.0333333333333334,-0.0,0,0,1
57780,0.032967032967033,-0.0,0,0,1
51423,0.032967032967033,-0.0,0,0,1
77902,0.0329457364341085,-0.0,0,0,1
64004,0.0327868852459016,-0.0,0,0,1
12099,0.0325203252032519,-0.0,0,0,1
22680,0.0323886639676114,-0.0,0,0,1
79303,0.0323590814196241,-0.0,0,0,1
22023,0.032258064516129,-0.0,0,0,1
76080,0.032258064516129,-0.0,0,0,1
77968,0.032258064516129,-0.0,0,0,1
65306,0.032258064516129,-0.0,0,0,1
76758,0.0320512820512821,-0.0,0,0,1
19852,0.0318840579710144,-0.0,0,0,1
80279,0.0315789473684211,-0.0,0,0,1
84241,0.0315315315315314,-0.0,0,0,1
78172,0.0314685314685314,-0.0,0,0,1
78146,0.0360584615384615,-0.0,0,0,1
46340,0.0451388888888888,-0.0,0,0,1
75099,0.0363636363636363,-0.0,0,0,1
79808,0.0365591397849462,-0.0,0,0,1
79322,0.0427642105263157,-0.0,0,0,1
41663,0.0420560747663552,-0.0,0,0,1
66114,0.0419287211740042,-0.0,0,0,1
48347,0.0417209908735332,-0.0,0,0,1
10442,0.0416666666666667,-0.0,0,0,1
11481,0.0416666666666667,-0.0,0,0,1
79280,0.0416666666666667,-0.0,0,0,1
31070,0.043010752688172,-0.0,0,0,1
10089,0.0416666666666667,-0.0,0,0,1
56945,0.0412621359223301,-0.0,0,0,1
79133,0.0411700975081257,-0.0,0,0,1
58755,0.0410628019323671,-0.0,0,0,1
80030,0.0408163265306122,-0.0,0,0,1
76195,0.0405405405405405,-0.0,0,0,1
88867,0.0405405405405405,-0.0,0,0,1
78975,0.0403225806451612,-0.0,0,0,1
79981,0.0413223140495868,-0.0,0,0,1
78137,0.0402234636871507,-0.0,0,0,1
66587,0.0432432432432432,-0.0,0,0,1
78079,0.0434782608695651,-0.0,0,0,1
37058,0.0448717948717949,-0.0,0,0,1
19828,0.0447761194029849,-0.0,0,0,1
43028,0.0447761194029849,-0.0,0,0,1
76553,0.0445205479452055,-0.0,0,0,1
49745,0.0444444444444445,-0.0,0,0,1
75614,0.0444444444444445,-0.0,0,0,1
59600,0.0443548387096774,-0.0,0,0,1
78948,0.0433734939759036,-0.0,0,0,1
79192,0.0442477876106195,-0.0,0,0,1
75819,0.0435729847494552,-0.0,0,0,1
80073,0.0434782608695651,-0.0,0,0,1
31422,0.0434782608695651,-0.0,0,0,1
26753,0.0434782608695651,-0.0,0,0,1
88664,0.0434782608695651,-0.0,0,0,1
78161,0.0434782608695651,-0.0,0,0,1
79943,0.0434782608695651,-0.0,0,0,1
67467,0.0440729483282675,-0.0,0,0,1
21726,0.0401606425702811,-0.0,0,0,1
77018,0.0401146131805156,-0.0,0,0,1
27642,0.04,-0.0,0,0,1
17743,0.0383561643835617,-0.0,0,0,1
29102,0.0382513661202186,-0.0,0,0,1
79672,0.0382022471910112,-0.0,0,0,1
76664,0.0380184331797235,-0.0,0,0,1
79951,0.0379746835443037,-0.0,0,0,1
11103,0.0378151260504202,-0.0,0,0,1
66149,0.0377358490566037,-0.0,0,0,1
79786,0.0384615384615385,-0.0,0,0,1
79147,0.0377358490566037,-0.0,0,0,1
76701,0.0375,-0.0,0,0,1
77162,0.0373831775700934,-0.0,0,0,1
73956,0.0370370370370369,-0.0,0,0,1
75228,0.0370370370370369,-0.0,0,0,1
75835,0.0370370370370369,-0.0,0,0,1
79742,0.0370370370370369,-0.0,0,0,1
49429,0.0368421052631577,-0.0,0,0,1
76582,0.0375,-0.0,0,0,1
78753,0.0384615384615385,-0.0,0,0,1
11796,0.0384615384615385,-0.0,0,0,1
68398,0.0384615384615385,-0.0,0,0,1
80063,0.04,-0.0,0,0,1
16890,0.0399159663865547,-0.0,0,0,1
51721,0.0397236614853195,-0.0,0,0,1
76946,0.0396825396825397,-0.0,0,0,1
54770,0.0396475770925111,-0.0,0,0,1
64194,0.0396196513470681,-0.0,0,0,1
80055,0.0395604395604396,-0.0,0,0,1
11426,0.03954802259887,-0.0,0,0,1
52484,0.0394736842105263,-0.0,0,0,1
92874,0.0394736842105263,-0.0,0,0,1
78977,0.0394431554524361,-0.0,0,0,1
10909,0.0393939393939393,-0.0,0,0,1
76563,0.0393811533052039,-0.0,0,0,1
53576,0.0392156862745098,-0.0,0,0,1
80032,0.0390625,-0.0,0,0,1
79634,0.0388349514563106,-0.0,0,0,1
39482,0.0387931034482758,-0.0,0,0,1
79021,0.0364963503649635,-0.0,0,0,1
12265,0.0638297872340425,-0.0,0,0,1
19895,0.0475319926873858,-0.0,0,0,1
46149,0.064,-0.0,0,0,1
56784,0.0933014354066985,-0.0,0,0,1
79934,0.093145869947276,-0.0,0,0,1
75899,0.0930232558139534,-0.0,0,0,1
79528,0.0930232558139534,-0.0,0,0,1
34041,0.0925925925925925,-0.0,0,0,1
42534,0.092238470191226,-0.0,0,0,1
87055,0.0920716112531969,-0.0,0,0,1
64020,0.0935251798561151,-0.0,0,0,1
65787,0.0919651500484026,-0.0,0,0,1
80153,0.0919117647058822,-0.0,0,0,1
19596,0.0917767988252569,-0.0,0,0,1
61269,0.0915492957746479,-0.0,0,0,1
41241,0.0909090909090908,-0.0,0,0,1
76425,0.0909090909090908,-0.0,0,0,1
76790,0.0909090909090908,-0.0,0,0,1
11624,0.0909090909090908,-0.0,0,0,1
62341,0.0919540229885058,-0.0,0,0,1
70923,0.0909090909090908,-0.0,0,0,1
11748,0.0935672514619883,-0.0,0,0,1
30680,0.09375,-0.0,0,0,1
77773,0.0961538461538462,-0.0,0,0,1
89392,0.0960187353629977,-0.0,0,0,1
62790,0.095808383233533,-0.0,0,0,1
52716,0.0956618464961067,-0.0,0,0,1
76747,0.0956521739130433,-0.0,0,0,1
12215,0.0955882352941177,-0.0,0,0,1
22569,0.0952380952380953,-0.0,0,0,1
51984,0.09375,-0.0,0,0,1
41188,0.0952380952380953,-0.0,0,0,1
77599,0.0952380952380953,-0.0,0,0,1
79162,0.0952380952380953,-0.0,0,0,1
79577,0.0952380952380953,-0.0,0,0,1
12008,0.0951219512195122,-0.0,0,0,1
76702,0.0944055944055943,-0.0,0,0,1
10790,0.0943877551020409,-0.0,0,0,1
79545,0.0938166311300638,-0.0,0,0,1
75714,0.0952380952380953,-0.0,0,0,1
21135,0.0904872389791182,-0.0,0,0,1
63773,0.0903873744619798,-0.0,0,0,1
79799,0.09009009009009,-0.0,0,0,1
49138,0.0882352941176469,-0.0,0,0,1
77932,0.0882352941176469,-0.0,0,0,1
15202,0.0881987577639751,-0.0,0,0,1
77421,0.0881078478574868,-0.0,0,0,1
79335,0.0880829015544042,-0.0,0,0,1
12211,0.0880597014925372,-0.0,0,0,1
75445,0.0879396984924623,-0.0,0,0,1
53480,0.0882352941176469,-0.0,0,0,1
77851,0.0878378378378379,-0.0,0,0,1
75986,0.0877862595419847,-0.0,0,0,1
79209,0.087719298245614,-0.0,0,0,1
12319,0.0874999999999999,-0.0,0,0,1
66050,0.0874439461883407,-0.0,0,0,1
77088,0.0871559633027523,-0.0,0,0,1
77668,0.0869391025641026,-0.0,0,0,1
44768,0.0866013071895424,-0.0,0,0,1
14198,0.0878378378378379,-0.0,0,0,1
10016,0.0882352941176469,-0.0,0,0,1
69542,0.0882352941176469,-0.0,0,0,1
11547,0.0883190883190883,-0.0,0,0,1
75328,0.09,-0.0,0,0,1
12122,0.09,-0.0,0,0,1
19271,0.09,-0.0,0,0,1
27800,0.09,-0.0,0,0,1
77191,0.0898876404494382,-0.0,0,0,1
36898,0.0896860986547085,-0.0,0,0,1
12253,0.089430894308943,-0.0,0,0,1
77236,0.0892857142857141,-0.0,0,0,1
79075,0.0892857142857141,-0.0,0,0,1
77472,0.0892626131953429,-0.0,0,0,1
11371,0.0890840652446676,-0.0,0,0,1
49437,0.0888671875,-0.0,0,0,1
45487,0.0887850467289719,-0.0,0,0,1
67723,0.0887372013651877,-0.0,0,0,1
79954,0.0887096774193547,-0.0,0,0,1
42024,0.0886792452830189,-0.0,0,0,1
76106,0.0886075949367088,-0.0,0,0,1
75103,0.0961538461538462,-0.0,0,0,1
62034,0.0864946889226099,-0.0,0,0,1
79196,0.096774193548387,-0.0,0,0,1
25304,0.0970149253731342,-0.0,0,0,1
38973,0.1087719298245613,-0.0,0,0,1
29145,0.108695652173913,-0.0,0,0,1
24097,0.108695652173913,-0.0,0,0,1
79256,0.108695652173913,-0.0,0,0,1
11794,0.108695652173913,-0.0,0,0,1
79190,0.1081081081081081,-0.0,0,0,1
49496,0.1079545454545454,-0.0,0,0,1
68065,0.108836551724138,-0.0,0,0,1
10863,0.1071428571428572,-0.0,0,0,1
27764,0.1071428571428572,-0.0,0,0,1
76710,0.106951871657754,-0.0,0,0,1
47175,0.1067961165048543,-0.0,0,0,1
79366,0.106628242074928,-0.0,0,0,1
34497,0.1059390048154094,-0.0,0,0,1
17566,0.1058823529411765,-0.0,0,0,1
77803,0.1056338028169014,-0.0,0,0,1
75684,0.1071428571428572,-0.0,0,0,1
33267,0.1052631578947369,-0.0,0,0,1
76714,0.109375,-0.0,0,0,1
63483,0.109671848013817,-0.0,0,0,1
65445,0.1111111111111111,-0.0,0,0,1
10531,0.1111111111111111,-0.0,0,0,1
54245,0.1111111111111111,-0.0,0,0,1
48697,0.1111111111111111,-0.0,0,0,1
45823,0.1111111111111111,-0.0,0,0,1
76022,0.1111111111111111,-0.0,0,0,1
82924,0.1109709962168978,-0.0,0,0,1
75591,0.0639853747714807,-0.0,0,0,1
37189,0.110759493670886,-0.0,0,0,1
78956,0.1105263157894735,-0.0,0,0,1
26332,0.1104417670682731,-0.0,0,0,1
79667,0.1103202846975088,-0.0,0,0,1
10272,0.110091743119266,-0.0,0,0,1
61487,0.1100000000000001,-0.0,0,0,1
65226,0.1100000000000001,-0.0,0,0,1
80057,0.1098654708520179,-0.0,0,0,1
32379,0.1105398457583548,-0.0,0,0,1
79062,0.1048387096774192,-0.0,0,0,1
56143,0.1045454545454545,-0.0,0,0,1
75179,0.1042016806722689,-0.0,0,0,1
15721,0.1005089058524173,-0.0,0,0,1
57067,0.1,-0.0,0,0,1
77992,0.1,-0.0,0,0,1
47511,0.1,-0.0,0,0,1
62296,0.0992366412213741,-0.0,0,0,1
47205,0.0991596638655463,-0.0,0,0,1
10812,0.0990099009900991,-0.0,0,0,1
79374,0.1006711409395972,-0.0,0,0,1
10019,0.0987654320987654,-0.0,0,0,1
10874,0.0984251968503937,-0.0,0,0,1
50075,0.098360655737705,-0.0,0,0,1
79922,0.0982456140350878,-0.0,0,0,1
80160,0.0980392156862746,-0.0,0,0,1
37234,0.0977777777777777,-0.0,0,0,1
75489,0.0976331360946745,-0.0,0,0,1
11731,0.0971128608923883,-0.0,0,0,1
77763,0.0985915492957747,-0.0,0,0,1
77701,0.1009174311926606,-0.0,0,0,1
26834,0.1016949152542372,-0.0,0,0,1
47715,0.1017964071856287,-0.0,0,0,1
32651,0.1041666666666667,-0.0,0,0,1
75545,0.1041666666666667,-0.0,0,0,1
77384,0.1038961038961039,-0.0,0,0,1
76797,0.1038961038961039,-0.0,0,0,1
23975,0.1037344398340249,-0.0,0,0,1
10680,0.1034482758620689,-0.0,0,0,1
59897,0.1033994334277621,-0.0,0,0,1
78022,0.1029411764705883,-0.0,0,0,1
19692,0.1027070063694266,-0.0,0,0,1
34818,0.1027027027027027,-0.0,0,0,1
77530,0.1025145067698258,-0.0,0,0,1
52936,0.1024229074889868,-0.0,0,0,1
26586,0.1022604951560817,-0.0,0,0,1
10935,0.1022222222222222,-0.0,0,0,1
74836,0.1020408163265305,-0.0,0,0,1
76676,0.1019607843137255,-0.0,0,0,1
41355,0.1018766756032172,-0.0,0,0,1
76223,0.096774193548387,-0.0,0,0,1
61508,0.086021505376344,-0.0,0,0,1
46519,0.1094890510948904,-0.0,0,0,1
62260,0.0857142857142856,-0.0,0,0,1
77447,0.0707964601769912,-0.0,0,0,1
77052,0.0705645161290322,-0.0,0,0,1
34649,0.0701754385964912,-0.0,0,0,1
11382,0.070110701107011,-0.0,0,0,1
49285,0.07,-0.0,0,0,1
11450,0.0698529411764705,-0.0,0,0,1
70332,0.069767441860465,-0.0,0,0,1
29832,0.0708215297450425,-0.0,0,0,1
76732,0.0696864111498258,-0.0,0,0,1
75607,0.0694789081885856,-0.0,0,0,1
11581,0.0694444444444444,-0.0,0,0,1
85754,0.0689655172413792,-0.0,0,0,1
26841,0.0689655172413792,-0.0,0,0,1
46077,0.068840579710145,-0.0,0,0,1
76796,0.0686274509803921,-0.0,0,0,1
52396,0.0684104627766599,-0.0,0,0,1
79701,0.0695187165775401,-0.0,0,0,1
60581,0.0681818181818181,-0.0,0,0,1
79878,0.0708661417322835,-0.0,0,0,1
76265,0.0710059171597632,-0.0,0,0,1
74580,0.0729166666666667,-0.0,0,0,1
77451,0.0728155339805824,-0.0,0,0,1
10644,0.0726315789473683,-0.0,0,0,1
77015,0.0725832258064516,-0.0,0,0,1
54771,0.0724637681159421,-0.0,0,0,1
65074,0.0723606168446027,-0.0,0,0,1
77461,0.0721311475409836,-0.0,0,0,1
63714,0.070945945945946,-0.0,0,0,1
78074,0.0718390804597701,-0.0,0,0,1
70790,0.0717703349282297,-0.0,0,0,1
79037,0.0717488789237668,-0.0,0,0,1
53129,0.0715883668903802,-0.0,0,0,1
65155,0.0714285714285714,-0.0,0,0,1
74908,0.0714285714285714,-0.0,0,0,1
11483,0.0714285714285714,-0.0,0,0,1
50788,0.0714285714285714,-0.0,0,0,1
44513,0.0717948717948717,-0.0,0,0,1
79207,0.0678260869565217,-0.0,0,0,1
63830,0.0676437429537768,-0.0,0,0,1
61815,0.0673076923076922,-0.0,0,0,1
76856,0.0655737704918033,-0.0,0,0,1
55060,0.0654205607476634,-0.0,0,0,1
77453,0.0652920962199312,-0.0,0,0,1
47002,0.0652173913043479,-0.0,0,0,1
80654,0.0652173913043479,-0.0,0,0,1
80239,0.0651515151515151,-0.0,0,0,1
12010,0.0648148148148148,-0.0,0,0,1
19975,0.0655737704918033,-0.0,0,0,1
19289,0.0648148148148148,-0.0,0,0,1
32096,0.0647482014388489,-0.0,0,0,1
75801,0.064516129032258,-0.0,0,0,1
79023,0.064516129032258,-0.0,0,0,1
71001,0.0642570281124497,-0.0,0,0,1
11607,0.0641466208476517,-0.0,0,0,1
70376,0.0641025641025641,-0.0,0,0,1
79915,0.0859375,-0.0,0,0,1
77257,0.0648148148148148,-0.0,0,0,1
29576,0.0655737704918033,-0.0,0,0,1
77464,0.0656108597285067,-0.0,0,0,1
44150,0.0658436213991768,-0.0,0,0,1
72710,0.0672451193058567,-0.0,0,0,1
11533,0.0671378091872791,-0.0,0,0,1
77312,0.0671140939597314,-0.0,0,0,1
45428,0.0670241286863271,-0.0,0,0,1
73614,0.0669456066945606,-0.0,0,0,1
38827,0.0666666666666666,-0.0,0,0,1
77463,0.0666666666666666,-0.0,0,0,1
10290,0.0666666666666666,-0.0,0,0,1
59707,0.0666666666666666,-0.0,0,0,1
10706,0.0666666666666666,-0.0,0,0,1
81702,0.0664739884393064,-0.0,0,0,1
37196,0.0663507109004739,-0.0,0,0,1
77354,0.0662460567823344,-0.0,0,0,1
10302,0.0662251655629138,-0.0,0,0,1
11994,0.0661290322580645,-0.0,0,0,1
58421,0.0660377358490567,-0.0,0,0,1
48267,0.0659630606860157,-0.0,0,0,1
75825,0.0730994152046784,-0.0,0,0,1
77106,0.0731707317073171,-0.0,0,0,1
50906,0.0677966101694915,-0.0,0,0,1
62797,0.0731707317073171,-0.0,0,0,1
77082,0.0833333333333332,-0.0,0,0,1
66683,0.0828729281767954,-0.0,0,0,1
79710,0.0827067669172931,-0.0,0,0,1
50286,0.0826612903225807,-0.0,0,0,1
48696,0.0824742268041236,-0.0,0,0,1
32707,0.08207343412527,-0.0,0,0,1
11691,0.0818584070796459,-0.0,0,0,1
46843,0.0833333333333332,-0.0,0,0,1
46870,0.0817307692307691,-0.0,0,0,1
61313,0.0813648293963253,-0.0,0,0,1
45647,0.0810810810810811,-0.0,0,0,1
75272,0.0810810810810811,-0.0,0,0,1
39490,0.0808823529411764,-0.0,0,0,1
78023,0.0806451612903225,-0.0,0,0,1
89931,0.08,-0.0,0,0,1
11701,0.08,-0.0,0,0,1
52329,0.081419624217119,-0.0,0,0,1
15659,0.0794078061911172,-0.0,0,0,1
79563,0.0833333333333332,-0.0,0,0,1
83396,0.0833333333333332,-0.0,0,0,1
11138,0.0731707317073171,-0.0,0,0,1
76746,0.0857142857142856,-0.0,0,0,1
59110,0.0855263157894736,-0.0,0,0,1
76959,0.0853451034482759,-0.0,0,0,1
76362,0.0847457627118644,-0.0,0,0,1
19166,0.084628670120898,-0.0,0,0,1
76860,0.0845588235294116,-0.0,0,0,1
11346,0.0833333333333332,-0.0,0,0,1
75818,0.0845070422535212,-0.0,0,0,1
21338,0.084076433121019,-0.0,0,0,1
76613,0.0840579710144928,-0.0,0,0,1
53082,0.084051724137931,-0.0,0,0,1
78981,0.084033613445378,-0.0,0,0,1
80128,0.0837988826815643,-0.0,0,0,1
66472,0.0833333333333332,-0.0,0,0,1
41444,0.0833333333333332,-0.0,0,0,1
76693,0.0844444444444445,-0.0,0,0,1
77035,0.0793650793650793,-0.0,0,0,1
63837,0.0813953488372092,-0.0,0,0,1
77982,0.0793650793650793,-0.0,0,0,1
10085,0.0758754863813229,-0.0,0,0,1
15991,0.0757575757575756,-0.0,0,0,1
10087,0.0757575757575756,-0.0,0,0,1
61700,0.0751445086705202,-0.0,0,0,1
63240,0.075098814229249,-0.0,0,0,1
10303,0.0749999999999999,-0.0,0,0,1
75055,0.0749999999999999,-0.0,0,0,1
75646,0.0857142857142856,-0.0,0,0,1
16460,0.0746268656716417,-0.0,0,0,1
50550,0.0746268656716417,-0.0,0,0,1
57286,0.0745098039215685,-0.0,0,0,1
19968,0.0742857142857142,-0.0,0,0,1
78980,0.0741626794258374,-0.0,0,0,1
37402,0.0740740740740741,-0.0,0,0,1
37226,0.073972602739726,-0.0,0,0,1
60206,0.0735294117647058,-0.0,0,0,1
63686,0.0735294117647058,-0.0,0,0,1
40345,0.0762331838565022,-0.0,0,0,1
10108,0.0767824497257769,-0.0,0,0,1
76837,0.0749063670411984,-0.0,0,0,1
79391,0.0769230769230768,-0.0,0,0,1
77587,0.0793595969036347,-0.0,0,0,1
69682,0.0769230769230768,-0.0,0,0,1
75706,0.0789473684210526,-0.0,0,0,1
80285,0.0789473684210526,-0.0,0,0,1
42200,0.0788863109048723,-0.0,0,0,1
78851,0.0787671232876712,-0.0,0,0,1
75834,0.078125,-0.0,0,0,1
35991,0.0779220779220779,-0.0,0,0,1
32636,0.0783410138248847,-0.0,0,0,1
77625,0.0769230769230768,-0.0,0,0,1
79250,0.0775510204081633,-0.0,0,0,1
10870,0.0775510204081633,-0.0,0,0,1
67847,0.0773809523809523,-0.0,0,0,1
76082,0.0773809523809523,-0.0,0,0,1
77405,0.0771513353115727,-0.0,0,0,1
90537,0.0770925110132159,-0.0,0,0,1
77985,0.0769230769230768,-0.0,0,0,1
18163,-0.0058910162002945,0.0,0,0,2
12490,-0.0053859964093356,0.0,0,0,2
22752,0.0048995590396865,0.0,0,0,2
22103,0.0215475024485798,0.0,0,0,2
15667,0.0173333333333334,0.0,0,0,2
19393,0.0411728009981284,0.0,0,0,2
14541,-0.0069551777434312,0.0,0,0,2
20482,0.0066833751044277,0.0,0,0,2
79323,-0.0140750670241286,0.0,0,0,2
68347,-0.1929824561403509,0.0,0,0,2
22111,-0.0257048092868988,0.0,0,0,2
19561,-0.0391705069124423,0.0,0,0,2
13901,-0.0416666666666666,0.0,0,0,2
50876,-0.094017094017094,0.0,0,0,2
17750,-0.0998877665544332,0.0,0,0,2
59328,-0.1296167247386759,0.0,0,0,2
66800,0.0478419136765471,0.0,0,0,2
66093,-0.4264462809917355,0.0,0,0,2
12079,-0.0172257479601087,0.0,0,0,2
10107,0.056047197640118,0.0,0,0,2
65859,0.1859070464767616,-0.0,0,0,2
11850,0.0607843137254902,-0.0,0,0,2
15966,0.060553633217993,-0.0,0,0,2
25778,0.2222222222222223,-0.0,0,0,2
13856,0.1695205479452055,-0.0,0,0,2
24678,0.163535439795047,-0.0,0,0,2
25785,0.1458563535911601,-0.0,0,0,2
11308,0.1284153005464481,-0.0,0,0,2
21936,0.1264124293785311,-0.0,0,0,2
11703,0.1090723751274209,-0.0,0,0,2
65875,0.139275766016713,-0.0,0,0,2
65883,0.1066666666666666,-0.0,0,0,2
21004,0.1062355658198614,-0.0,0,0,2
43449,0.0996563573883162,-0.0,0,0,2
40483,0.0666666666666666,-0.0,0,0,2
16424,0.0989583333333332,-0.0,0,0,2
22779,0.0921348314606742,-0.0,0,0,2
25013,0.0747740345110927,-0.0,0,0,2
22592,0.0666666666666666,-0.0,0,0,2
12060,0.1085209003215434,-0.0,0,0,2
58406,-0.0081081081081081,0.0,0,0,3
26614,-0.0104166666666666,0.0,0,0,3
41187,0.0246913580246914,0.0,0,0,3
17929,-0.0131004366812227,0.0,0,0,3
67360,-0.0145631067961164,0.0,0,0,3
60098,-0.0066006600660065,0.0,0,0,3
61698,-0.011111111111111,0.0,0,0,3
58334,-0.0022172949002217,0.0,0,0,3
48389,0.0183150183150182,0.0,0,0,3
16599,0.0,0.0,0,0,3
62010,0.0049751243781095,0.0,0,0,3
76091,0.0052356020942407,0.0,0,0,3
13821,0.0069204152249136,0.0,0,0,3
71395,0.007462686567164,0.0,0,0,3
25590,0.0080428954423592,0.0,0,0,3
21231,0.0162412993039442,0.0,0,0,3
56952,-0.0149253731343284,0.0,0,0,3
27385,0.0213371266002844,0.0,0,0,3
75491,0.0,0.0,0,0,3
24467,-0.0171821305841924,0.0,0,0,3
23182,-0.0454545454545454,0.0,0,0,3
17807,-0.0252100840336134,0.0,0,0,3
26470,-0.4331723027375201,0.0,0,0,3
61946,-0.2919847328244275,0.0,0,0,3
11456,-0.125,0.0,0,0,3
78189,-0.1176470588235294,0.0,0,0,3
20750,-0.1016597510373443,0.0,0,0,3
12002,-0.0909090909090909,0.0,0,0,3
16117,-0.0796178343949044,0.0,0,0,3
62295,-0.0748663101604277,0.0,0,0,3
10001,-0.0209790209790209,0.0,0,0,3
79999,-0.072289156626506,0.0,0,0,3
64646,-0.0492753623188405,0.0,0,0,3
77844,-0.0476190476190476,0.0,0,0,3
32281,-0.0431034482758621,0.0,0,0,3
63765,-0.034090909090909,0.0,0,0,3
53859,-0.0303030303030302,0.0,0,0,3
26075,-0.0296191819464033,0.0,0,0,3
50789,-0.0279329608938547,0.0,0,0,3
76310,-0.0270270270270269,0.0,0,0,3
75488,-0.05,0.0,0,0,3
25099,0.0249999999999999,0.0,0,0,3
76515,0.0714285714285714,-0.0,0,0,3
71475,0.0271604938271605,-0.0,0,0,3
58043,0.0962025316455696,-0.0,0,0,3
11048,0.1034482758620689,-0.0,0,0,3
49971,0.1209677419354837,-0.0,0,0,3
54199,0.1350806451612902,-0.0,0,0,3
62690,0.137037037037037,-0.0,0,0,3
76705,0.1454545454545455,-0.0,0,0,3
79407,0.1492537313432835,-0.0,0,0,3
79723,0.15625,-0.0,0,0,3
25232,0.1642857142857143,-0.0,0,0,3
77340,0.1764705882352941,-0.0,0,0,3
76200,0.1851851851851851,-0.0,0,0,3
12758,0.1851851851851851,-0.0,0,0,3
10484,0.2916666666666667,-0.0,0,0,3
85570,0.4580152671755726,-0.0,0,0,3
11809,0.4634146341463414,-0.0,0,0,3
79784,0.7037037037037037,-0.0,0,0,3
30577,0.8823529411764706,-0.0,0,0,3
21928,0.0787119856887299,-0.0,0,0,3
11591,0.0740740740740741,-0.0,0,0,3
75888,0.1094890510948904,-0.0,0,0,3
64450,0.0736301369863012,-0.0,0,0,3
30728,0.0291828793774318,-0.0,0,0,3
83919,0.032258064516129,-0.0,0,0,3
32986,0.0326797385620916,-0.0,0,0,3
71782,0.0333333333333334,-0.0,0,0,3
24117,0.0404312668463611,-0.0,0,0,3
22437,0.0738461538461539,-0.0,0,0,3
63503,0.0484581497797356,-0.0,0,0,3
53663,0.0502035278154682,-0.0,0,0,3
26711,0.0509554140127388,-0.0,0,0,3
55511,0.0482573726541555,-0.0,0,0,3
33937,0.0514018691588784,-0.0,0,0,3
24248,0.0510046367851622,-0.0,0,0,3
24969,0.0683060109289617,-0.0,0,0,3
15553,0.0584615384615385,-0.0,0,0,3
68494,0.0251572327044025,-0.0,0,0,3
24328,0.0555555555555555,-0.0,0,0,3
23042,0.0548780487804878,-0.0,0,0,3
26463,0.0524193548387097,-0.0,0,0,3
58819,0.0568627450980392,-0.0,0,0,3
13100,0.045267489711934,0.0,0,0,4
52337,-0.0268006700167504,0.0,0,0,4
27051,-0.0084865629420084,0.0,0,0,4
76129,0.0052447552447552,0.0,0,0,4
10604,0.0112540192926045,0.0,0,0,4
69607,0.038560411311054,0.0,0,0,4
18374,0.0433753943217665,0.0,0,0,4
40125,-0.4746268656716418,0.0,0,0,4
22509,0.0482160077145612,0.0,0,0,4
62148,0.0636871508379888,-0.0,0,0,4
64311,0.08529945553539,-0.0,0,0,4
22293,0.0892307692307692,-0.0,0,0,4
34032,0.0942528735632184,-0.0,0,0,4
11976,0.0955882352941177,-0.0,0,0,4
51625,0.1204620462046204,-0.0,0,0,4
78139,0.1721068249258159,-0.0,0,0,4
78083,0.1790209790209791,-0.0,0,0,4
46922,0.057915057915058,-0.0,0,0,4
77217,0.054726368159204,0.0,0,0,5
77029,0.0485436893203883,0.0,0,0,5
87856,0.0176991150442478,0.0,0,0,5
80142,-0.3333333333333333,0.0,0,0,5
10624,-0.0263157894736841,0.0,0,0,5
60354,-0.0833333333333333,0.0,0,0,5
11441,0.0625,0.0,0,0,5
68582,0.0145348837209302,0.0,0,0,5
76415,0.1052631578947369,0.0,0,0,5
19722,0.0,0.0,0,0,5
67993,0.1296296296296295,-0.0,0,0,5
69219,0.1118421052631579,-0.0,0,0,5
77416,0.3325242718446601,-0.0,0,0,5
66617,0.2872340425531914,-0.0,0,0,5
72996,0.2710280373831775,-0.0,0,0,5
77101,0.4523809523809523,-0.0,0,0,5
92401,0.1666666666666667,-0.0,0,0,5
53373,0.1625615763546797,-0.0,0,0,5
84102,0.1497005988023951,-0.0,0,0,5
34981,0.1794871794871795,-0.0,0,0,5
35203,-0.0909090909090909,0.0,0,0,6
77899,-0.0714285714285714,0.0,0,0,6
67678,-0.0714285714285714,0.0,0,0,6
75823,-0.0215827338129496,0.0,0,0,6
47571,-0.010752688172043,0.0,0,0,6
80240,0.0,0.0,0,0,6
43692,0.0,0.0,0,0,6
56040,0.0258064516129032,0.0,0,0,6
27474,0.0363636363636363,-0.0,0,0,6
20571,0.0382513661202186,-0.0,0,0,6
11638,0.0769230769230768,-0.0,0,0,6
79130,0.1063829787234043,-0.0,0,0,6
80001,0.1666666666666667,-0.0,0,0,6
48371,0.1851851851851851,-0.0,0,0,6
77652,0.1896551724137931,-0.0,0,0,6
79864,0.0303030303030302,-0.0,0,0,6
52038,-0.4555112881806109,0.0,0,0,7
17726,-0.0092592592592593,0.0,0,0,7
11762,-0.0091086532205595,0.0,0,0,7
12431,0.0065616797900263,0.0,0,0,7
46674,0.0304054054054054,0.0,0,0,7
47626,0.0421189752496742,0.0,0,0,7
28353,0.0449784349969193,0.0,0,0,7
39642,0.0697445972495087,-0.0,0,0,7
16600,0.0740393626991564,-0.0,0,0,7
61399,0.2010695187165776,-0.0,0,0,7
53065,0.1399082568807339,-0.0,0,0,7
47466,0.0697230181470869,-0.0,0,0,7
21371,0.0770992366412213,-0.0,0,0,7
40416,0.1073646850044365,-0.0,0,0,7
63096,-0.0596385542168674,0.0,0,0,8
11997,0.0089285714285713,0.0,0,0,8
30681,0.028688524590164,0.0,0,0,8
62092,-0.0152439024390244,0.0,0,0,8
15472,0.0703764320785598,-0.0,0,0,8
46228,0.1179245283018868,-0.0,0,0,8
64390,0.1623516720604099,-0.0,0,0,8
23309,0.0691823899371069,-0.0,0,0,8
77261,-0.0211640211640211,0.0,0,0,9
44185,0.0023310023310023,0.0,0,0,9
32803,0.0023094688221709,0.0,0,0,9
80264,0.0,0.0,0,0,9
43721,-0.0016207455429497,0.0,0,0,9
31042,0.0067114093959732,0.0,0,0,9
79400,-0.0175438596491228,0.0,0,0,9
80248,-0.0402777777777777,0.0,0,0,9
56063,-0.1102941176470588,0.0,0,0,9
48806,-0.0491803278688525,0.0,0,0,9
77572,-0.0813953488372093,0.0,0,0,9
12230,-0.0886075949367088,0.0,0,0,9
11918,-0.1351351351351351,0.0,0,0,9
79033,0.0182926829268292,0.0,0,0,9
78157,-0.2025316455696202,0.0,0,0,9
77090,-0.251063829787234,0.0,0,0,9
79941,-0.28125,0.0,0,0,9
61663,-0.0456852791878172,0.0,0,0,9
79974,0.0217391304347827,0.0,0,0,9
80163,-0.1515151515151515,0.0,0,0,9
76400,0.0434782608695651,-0.0,0,0,9
14656,0.0250391236306728,-0.0,0,0,9
80036,0.6826568265682658,-0.0,0,0,9
14286,0.3191489361702126,-0.0,0,0,9
77265,0.3142857142857143,-0.0,0,0,9
86925,0.257918552036199,-0.0,0,0,9
20183,0.2438016528925619,-0.0,0,0,9
75878,0.2142857142857142,-0.0,0,0,9
77361,0.1792035398230087,-0.0,0,0,9
76366,0.1875,-0.0,0,0,9
75881,0.127147766323024,-0.0,0,0,9
39731,0.1153846153846154,-0.0,0,0,9
44581,0.0909090909090908,-0.0,0,0,9
37284,0.0792452830188679,-0.0,0,0,9
53815,0.0753138075313808,-0.0,0,0,9
64929,0.0629370629370629,-0.0,0,0,9
79712,0.0596590909090908,-0.0,0,0,9
79685,0.056701030927835,-0.0,0,0,9
34287,0.1506849315068492,-0.0,0,0,9
71116,0.0529953917050691,0.0,0,0,10
38682,0.0362776025236593,0.0,0,0,10
38280,0.0444856348470805,0.0,0,0,10
26112,0.0458817025981204,0.0,0,0,10
52695,0.0619754680438993,0.0,0,0,10
77462,0.1053333333333332,-0.0,0,0,10
77768,0.0758169934640522,-0.0,0,0,10
53225,0.0776342451874367,-0.0,0,0,10
77157,0.1270358306188925,-0.0,0,0,10
40539,0.1720257234726687,-0.0,0,0,10
69585,0.0705128205128204,0.0,0,0,10
10195,0.0137614678899082,0.0,0,0,11
46237,0.0090090090090089,0.0,0,0,11
47802,-0.0109090909090908,0.0,0,0,11
76286,-0.024390243902439,0.0,0,0,11
77420,-0.0268948655256723,0.0,0,0,11
12248,-0.1007194244604317,0.0,0,0,11
76472,-0.0555555555555555,0.0,0,0,11
11012,-0.1964285714285714,0.0,0,0,11
78065,-0.1083333333333332,0.0,0,0,11
70077,-0.1351351351351351,0.0,0,0,11
79330,0.0140350877192982,0.0,0,0,11
69411,-0.0305343511450382,0.0,0,0,11
76979,0.0163447251114412,0.0,0,0,11
25961,0.3351648351648351,-0.0,0,0,11
46739,0.0534351145038167,-0.0,0,0,11
79783,0.5319148936170213,-0.0,0,0,11
77542,0.0425531914893617,0.0,0,0,11
76799,0.3007518796992481,-0.0,0,0,11
10564,0.1504854368932038,-0.0,0,0,11
79428,0.150214592274678,-0.0,0,0,11
78120,0.3520000000000001,-0.0,0,0,11
77061,0.1202749140893471,-0.0,0,0,11
77483,0.1078066914498141,-0.0,0,0,11
10123,0.0721311475409836,-0.0,0,0,11
76847,0.0701754385964912,-0.0,0,0,11
80297,0.0656565656565657,-0.0,0,0,11
79882,0.1486486486486486,-0.0,0,0,11
34665,-0.0451612903225806,0.0,0,0,12
79181,0.4545454545454546,-0.0,0,0,12
76289,0.3214400000000001,-0.0,0,0,12
79745,0.0666666666666666,-0.0,0,0,12
56602,0.0481927710843372,-0.0,0,0,12
79160,0.0227272727272727,0.0,0,0,12
15502,0.0,0.0,0,0,12
12282,-0.1964285714285714,0.0,0,0,12
