Firm Name,Momentum_1,Long Short,Cluster Index
CKT.L,-0.0714285714285714,1,1
RR.L,0.0128654970760233,0,1
0041q.L^J08,0.0483870967741935,0,1
WHI.L,0.0819112627986349,-1,1
ISPT.L^H09,-0.0638297872340425,1,2
7211q.L^J08,0.0,0,2
AMNX.L,0.0,0,2
QBTQ.L,0.0,0,2
CENV.L^H08,0.0909090909090908,0,2
SWP.L^K16,0.7978724574469254,-1,2
SGP.L^I07,-0.6977777777777778,1,3
CLC.L^E12,-0.4625,1,3
RAF.L^H08,-0.4042553191489361,1,3
MRD.L^L08,-0.4021739130434782,1,3
ETQ.L^L15,-0.375,1,3
KWI.L^G06,-0.3571428571428571,1,3
SKHG.L^E13,-0.3333333333333333,1,3
IWP.L^C06,-0.2857142857142857,0,3
DMDL.L^H08,-0.2727272727272727,0,3
WHOG.L^E08,-0.2400000000000001,0,3
FUIN.L^G09,-0.2272727272727274,0,3
PETA.L,-0.2222222222222222,0,3
RETV.L^K08,-0.1764705882352941,0,3
CHUK.L^B08,-0.1626016260162601,0,3
TPA.L^F08,-0.15625,0,3
INGI.L,-0.1443298969072164,0,3
NML.L^B06,-0.131578947368421,0,3
AEGR.L,-0.1304347826086959,0,3
GOS.L^I08,-0.1223490461226743,0,3
HGP.L^J07,-0.1111111111111111,0,3
NMI.L^E07,-0.0999999999999999,0,3
IKK.L^K17,-0.0967741935483871,0,3
TROU.L^E08,-0.0909090909090909,0,3
CYX.L^B08,-0.0833333333333333,0,3
PXEN.L,-0.0810810810810809,0,3
IGL.L^J06,-0.0769230769230769,0,3
IDD.L^C09,-0.0769230769230768,0,3
MTRM.L^C23,-0.0555555555555555,0,3
JRVS.L^J14,-0.0543478207502772,0,3
COEG.L^I10,-0.0526315789473684,0,3
OVD.L^L08,-0.0277777777777777,0,3
ARC.L,0.0,0,3
BBB.L^J14,0.0,0,3
CIY.L^F07,0.0,0,3
CTID.L,0.0,0,3
ELH.L^J14,0.0,0,3
EURx.L^L06,0.0,0,3
FORM.L^F06,0.0,0,3
GKLL.L^J14,0.0,0,3
GMX.L^J12,0.0,0,3
JVP.L^A07,0.0,0,3
LTW.L^B10,0.0,0,3
MAT.L^J06,0.0,0,3
MEXC.L^K06,0.0,0,3
PAAC.L^H07,0.0,0,3
PBE.L^H06,0.0,0,3
PEIi.L^E06,0.0,0,3
PEIx.L^E06,0.0,0,3
PNMC.L^J07,0.0,0,3
PTG.L^B07,0.0,0,3
RVC.L^A07,0.0,0,3
SYE.L^B07,0.0,0,3
VALX.L,0.0,0,3
CULV.L^E09,0.0147058823529411,0,3
TOME.L,0.03125,0,3
HTH.L^J10,0.0462962962962962,0,3
PTL.L^G08,0.09375,0,3
SAVG.L^A14,0.1142857142857143,0,3
UTF.L^H06,0.1359223300970873,0,3
8PG.L^E19,0.1363636243128043,0,3
DEO.L^H12,0.1428571428571428,0,3
PFO.L^L13,0.1521739130434782,0,3
YGH.L^H12,0.1666666666666667,0,3
ISPHI.L^E11,0.1785714285714286,-1,3
PTTD.L,0.21875,-1,3
MPLS.L^H10,0.2272727272727273,-1,3
KDD.L^I10,0.3170731707317074,-1,3
MVK.L^A08,0.3272727272727271,-1,3
WHT.L^K06,0.3934426229508196,-1,3
BFG.L^K06,2.0,-1,3
ACEX.L^K10,0.1861313868613139,0,4
ACU.L^F15,0.9052631578947368,0,5
CARRC.L,-0.0633484162895928,1,6
GBGP.L,-0.0294117647058823,1,6
HYNS.L^D20,-0.0066666666666667,0,6
0054q.L^J08,0.0102827763496142,0,6
PTS.L^B12,0.0555555555555555,0,6
HBR.L,0.1210073710073709,-1,6
AET.L,0.3333333333333332,-1,6
BOS.L^G06,-0.155893536121673,1,7
RSW.L,-0.074780814853017,1,7
JSGI.L,-0.0464037122969835,1,7
HILS.L,-0.0460829493087557,1,7
FCD.L^I07,-0.021,1,7
FIF.L,-0.0193548387096774,1,7
0883q.L^J08,0.0,0,7
POCH.L^H14,0.0,0,7
DJAN.L^E20,0.0059760956175298,0,7
BGFD.L,0.0060085836909871,0,7
8801q.L^J08,0.0121035058430718,0,7
WKP.L,0.0129032258064516,0,7
DWHT.L,0.0206185567010308,0,7
ABD.L,0.0319539025667887,0,7
AWG.L^L06,0.0374429223744292,0,7
AGT.L,0.0405257393209201,0,7
CLDN.L,0.0448548812664908,0,7
0014q.L^L08,0.0468750000000002,0,7
RTN.L,0.0476973684210526,0,7
SDY.L,0.0667468430547202,0,7
BDH.L^F06,0.0749279538904899,0,7
CHLD.L^I10,0.0824742268041236,0,7
ADD.L^C12,0.0859649140487386,0,7
ESCT.L,0.0884303610906411,0,7
QYM.L^H13,0.0947368421052632,0,7
VP.L,0.096,0,7
WTR.L^C19,0.1102543343840301,0,7
HAN.L,0.123213070115725,0,7
TEM.L,0.1292517006802722,0,7
JMG.L,0.1462035541195476,-1,7
JEDT.L,0.1539611360239163,-1,7
VCTX.L,0.1561561561561562,-1,7
CORV.L^K08,0.1607142857142858,-1,7
BRWM.L,0.1870554765291607,-1,7
CHG.L,0.4427792915531336,-1,7
AHT.L,0.070054945054945,0,8
FSTP.L,-0.0441176470588234,1,9
AMBR.L^D18,0.0357142857142858,-1,9
PALC.L^K12,-0.130952423644319,1,10
BBC.L^I07,-0.0055126791620727,1,10
ANEA.L,0.083673469387755,0,10
PUMGq.L^K07,0.0877172242581865,-1,10
REAH.L,0.1098696461824948,-1,10
ARTA.L^J18,0.098159509202454,0,11
ASOS.L,0.2608695652173913,0,12
ATKW.L^G17,0.0040513166779203,0,13
ASD.L^K11,-0.0814144736842105,1,14
WIL.L,-0.0452127659574468,1,14
QNTA.L^J07,-0.0341880341880341,1,14
BI.L^L06,-0.0191846522781774,1,14
ZURNq.L^J06,-0.0120967741935483,1,14
BRAM.L^B17,-0.0033707833486814,0,14
JET2.L,-0.002840909090909,0,14
ALP.L^H09,0.0,0,14
TCC.L^I07,0.0,0,14
AVS.L^L16,0.0048780395476999,0,14
OLEE.L^L19,0.0099009900990099,0,14
SRP.L,0.0198886237072393,0,14
UTG.L,0.0263157894736842,0,14
JGICx.L^L07,0.0424107142857141,0,14
MTU.L,0.0506329113924048,0,14
BOY.L,0.072072072072072,0,14
LVD.L^C17,0.0739030023094686,0,14
AUSC.L,0.0838323353293413,0,14
AIF.L^K21,0.0866141732283465,0,14
PEB.L,0.1024096385542168,0,14
SJP.L,0.1054104477611941,-1,14
BAES.L,0.1329404060248853,-1,14
ALR.L^F06,0.1444444444444443,-1,14
PALMq.L^K07,0.2322855620671284,-1,14
BRNE.L^B14,0.3597561038158015,-1,14
AVM.L^G20,0.2883720930232558,0,15
AYM.L,0.5238095238095237,0,16
NSB.L^B08,-0.0076923076923076,1,17
BDI.L^L16,0.0101010101010101,0,17
SGRS.L^K19,0.0833333333333332,-1,17
ADAR.L^A11,-0.21875,1,18
PTY.L,-0.1805555555555555,1,18
APCL.L^K19,-0.1764705882352941,1,18
EMP.L^L06,-0.175438596491228,1,18
COMG.L^J07,-0.1702127659574468,1,18
DISD.L,-0.1415094339622641,1,18
KCT.L,-0.1389830508474576,1,18
CASPq.L^K07,-0.1320020746887966,1,18
PLN.L^L06,-0.0980392156862745,1,18
BAE.L^D15,-0.0875912408759124,1,18
TSP.L^H09,-0.0799999999999999,1,18
XPG.L^J08,-0.073170731707317,1,18
PUKi.L^L07,-0.0714285714285714,1,18
IPq.L^K07,-0.0673366834170854,0,18
WMTq.L^K07,-0.0672694394213381,0,18
SLN.L^K21,-0.0652173909428894,0,18
WKT.L^E09,-0.0645161290322581,0,18
EICL.L^F08,-0.0526315789473684,0,18
PRIMP.L,-0.0459770114942529,0,18
CHS.L^B11,-0.0449101771376675,0,18
LGM.L^J08,-0.0434782608695651,0,18
TBZA.L^F17,-0.0384615384615384,0,18
TRBG.L,-0.031168831168831,0,18
OCLR.L^B10,-0.0285714285714285,0,18
NOEN.L^A10,-0.0256410256410256,0,18
DCS.L^G06,-0.0232558139534884,0,18
FRM.L^A17,-0.0192307692307692,0,18
RTO.L,-0.018348623853211,0,18
BION.L^A08,-0.0162162162162161,0,18
KOq.L^K07,-0.0131523122613491,0,18
JJB.L^K12,-0.0113798011557613,0,18
IFXGnq.L^K07,-0.007532956685499,0,18
ASBE.L,0.0,0,18
GCOC.L^I14,0.0,0,18
GOIi.L^H06,0.0,0,18
INDRE.L^G11,0.0,0,18
KAY.L,0.0,0,18
NDCM.L^C14,0.0,0,18
OXT.L^G22,0.0,0,18
PIV.L^J07,0.0,0,18
0583q.L^J08,0.0069444444444444,0,18
DMGO.L^J13,0.0144927536231884,0,18
CPG.L,0.0204081632653061,0,18
OXF2.L,0.0275229357798165,0,18
STVG.L,0.0289855072463769,0,18
EKq.L^K07,0.0292611558156548,0,18
REF.L^H09,0.0294117647058822,0,18
ALAPH.L,0.0327868852459016,0,18
FTF.L,0.0342857142857142,0,18
MRKq.L^K07,0.0386058981233243,0,18
CCC.L,0.0392156862745096,0,18
ALTAN.L^L16,0.0443349753694581,0,18
EAV.L^A08,0.0512820512820513,0,18
REDT.L^L16,0.0625,0,18
TTLS.L^G10,0.0625,0,18
JRK.L^J06,0.0666666666666666,0,18
RS1R.L,0.0711743772241992,0,18
LGHT.L^F19,0.0714285714285714,0,18
WOXC.L,0.0731707317073171,0,18
HEP.L^D11,0.0780487795826834,0,18
CRPL.L,0.0895522388059701,0,18
AAT.L^K12,0.0933333498311179,0,18
PECO.L^E16,0.094170403587444,0,18
WEBH.L,0.0952380952380953,0,18
AVE.L^J11,0.0964285714285715,0,18
PHWK.L,0.1153846153846154,0,18
TED.L^D09,0.1176470588235294,0,18
SCPA.L^D21,0.1466666666666667,-1,18
LSB.L^L08,0.1483516483516482,-1,18
SVME.L,0.2028985507246377,-1,18
CTPC.L^F20,0.2045454545454545,-1,18
PFL.L^J16,0.2127351664254704,-1,18
GB0097626.L^C07,0.2199999999999999,-1,18
SISGM.L^H21,0.2241379310344826,-1,18
TYM.L,0.2413793103448276,-1,18
MOR.L^F10,0.2617801028602138,-1,18
FODR.L^I08,0.3221153905450105,-1,18
VER.L^J18,0.3278688528118292,-1,18
AUK.L,0.6000000000000001,-1,18
MGTC.L^D07,0.8333333333333333,-1,18
BISI.L,-0.1717171717171717,0,19
BLEYb.L^D06,0.0454545454545454,0,20
SIR.L^G07,-0.1683848797250858,1,21
RMLA.L^F10,-0.15,1,21
ALTNA.L,-0.0851063829787233,1,21
SHDP.L^J10,-0.0694444444444444,1,21
RYA.L^L21,-0.0680722977190205,1,21
MOq.L^L07,-0.0611174458380843,1,21
ASCR.L,-0.048780487804878,1,21
KLR.L,-0.046064139941691,1,21
LRL.L^F15,-0.04,1,21
MFX.L,-0.0303030303030302,1,21
MKS.L,-0.0227722772277226,0,21
GPEG.L,-0.0221187427240978,0,21
COML.L^J07,-0.0181818181818181,0,21
8604q.L^J08,-0.0088495575221239,0,21
DSL.L^E08,0.0,0,21
ESY.L^B06,0.007173601147776,0,21
RC2.L,0.0095693779904306,0,21
JGGI.L,0.009966777408638,0,21
FAS.L,0.0172413793103449,0,21
BGEU.L,0.020016012810248,0,21
AGGK.L^H21,0.0211981568200532,0,21
BMPSq.L^K07,0.0222634508348793,0,21
CRDIq.L^K07,0.0225281602002502,0,21
BGCG.L,0.0246153846153847,0,21
TATE.L,0.0328596802841918,0,21
0941q.L^J08,0.0354223433242506,0,21
HSX.L,0.0389610389610386,0,21
BRPI.L^H16,0.0449999999999999,0,21
HWPq.L^K07,0.0466786355475763,0,21
JMAT.L,0.0495750708215296,0,21
CRDA.L,0.0520607375271151,0,21
MNKS.L,0.0759137769447046,0,21
EWI.L,0.0759219088937093,0,21
PANI.L,0.0786516853932584,0,21
RNWH.L,0.0786516853932584,0,21
6752q.L^J08,0.0923076923076922,0,21
MURG.L^L19,0.1134020618556701,-1,21
GRH.L^L10,0.1265822784810126,-1,21
BAERq.L^K07,0.129936616284739,-1,21
TFL.L^J13,0.1499999999999999,-1,21
SDRt.L^I22,0.1592178770949721,-1,21
LSEG.L,0.2145161290322579,-1,21
EXR.L^G08,0.2491228070175437,-1,21
BPFU_u.L,0.2651391162029459,-1,21
LMI.L^F19,0.3180409175537981,-1,21
AQP.L^D16,0.3404710839778595,-1,21
SOLI.L,-0.3609022556390978,1,22
DCG.L^D19,-0.083180987202925,1,22
GRG.L,-0.0670212765957445,1,22
SMIN.L,-0.0434990439770556,1,22
NAR.L,-0.0393258426966294,1,22
GASIq.L^K07,-0.0385756676557863,1,22
LDIT.L,-0.031496062992126,1,22
BSC.L,-0.0291970802919706,1,22
BNZL.L,-0.0172413793103448,1,22
IFX.L^C06,-0.0138888888888888,1,22
OXIG.L,-0.007164790174002,1,22
HLMA.L,-0.0053191489361702,1,22
UTXq.L^K07,-0.0048840048840048,0,22
AXPq.L^J07,-0.003364737550471,0,22
ASCIA.L,-0.0019801980198019,0,22
ABP.L^H06,-0.0017035775127768,0,22
0012q.L^J08,0.0,0,22
0016q.L^J08,0.0,0,22
ANAA.L^A17,0.0,0,22
BAF.L,0.0,0,22
DGC.L^G08,0.0,0,22
FKE.L,0.0,0,22
HTI.L^I11,0.0,0,22
INSG.L,0.0,0,22
NFND.L^E09,0.0,0,22
PVN.L,0.0,0,22
RHL.L^G19,0.0,0,22
TSL.L^E08,0.0,0,22
DMGOa.L^A22,0.0012690354769067,0,22
MCDq.L^K07,0.0015143866733973,0,22
MWLM.L^C06,0.0022075055187638,0,22
VIP.L,0.0037128712871286,0,22
BARC.L,0.0057283142389521,0,22
FLO.L^H08,0.0057471264367816,0,22
CTY.L,0.0058083252662148,0,22
TCHG.L^J09,0.0110294117647058,0,22
ADIG.L,0.0130353817504655,0,22
HBOS.L^A09,0.0151057403406582,0,22
AGA.L^I15,0.0162162142119999,0,22
MNP.L,0.0165876777251183,0,22
WWH.L,0.0176834659593281,0,22
ALBK.L^A11,0.0187224669603525,0,22
FCIT.L,0.0193423597678916,0,22
CTUK.L,0.0197674418604651,0,22
NTEA_p.L,0.0210526315789474,0,22
MICPq.L^K07,0.0243151738996614,0,22
4502q.L^J08,0.0274294670846395,0,22
WTAN.L,0.0283816425120773,0,22
JSG.L,0.0291479820627802,0,22
BB.L^I08,0.0292326431181486,0,22
AIRPq.L^K07,0.0295064377682403,0,22
CPI.L,0.0299940011997601,0,22
AV.L,0.0312056737588652,0,22
BGUK.L,0.0355555555555555,0,22
SCIN.L^I22,0.0373001776198935,0,22
JCH.L,0.0373134328358208,0,22
BRSN.L^I17,0.0376676986584108,0,22
ATST.L,0.0377692534670996,0,22
BRIGB.L,0.0377952755905512,0,22
TBTx.L^C07,0.0414551607445008,0,22
SAT.L^F06,0.0436974789915967,0,22
LWDB.L,0.0467532467532467,0,22
BNKR.L,0.0499286733238228,0,22
BUT.L,0.0534550195567145,0,22
CGS.L,0.0596026490066226,0,22
CNA.L,0.0598626104023551,0,22
SAIN.L,0.0605714285714285,0,22
MRCH.L,0.0614136732329084,0,22
FUS.L^F11,0.0616883116883117,0,22
EDIN.L,0.0619412515964241,0,22
ACCPq.L^K07,0.068523153942428,0,22
MTO.L,0.0723404255319151,0,22
MIIN.L^K08,0.0782608695652173,0,22
CBRO.L,0.0826446280991735,0,22
III.L,0.0831858407079646,0,22
ATRAS.L,0.085427135678392,0,22
CLO.L^I06,0.0909090909090908,0,22
BP.L,0.0912762520193861,0,22
IBT.L,0.09255079006772,0,22
UAI.L^L21,0.0932798386273912,0,22
MAJE.L,0.0942492012779552,0,22
SIFIq.L^K07,0.0983170947741363,-1,22
RWI.L,0.1032258064516122,-1,22
MNR.L^I11,0.1061705989110708,-1,22
ET.L^G19,0.125874129735009,-1,22
JGG.L^F06,0.1275964391691395,-1,22
TPG.L^A23,0.1338582677165354,-1,22
NRK.L^C08,0.1474019088016966,-1,22
TKAGq.L^K07,0.1585466556564823,-1,22
SSY.L^L19,0.1692865767373734,-1,22
PON.L^J12,0.1737160120845922,-1,22
SHP.L^A19,0.211021505376344,-1,22
BOC.L^I06,0.2395659432387311,-1,22
INTCq.L^K07,-0.1855880353501019,1,23
GWP.L^L16,-0.1156462585034013,1,23
DDq.L^K07,-0.110888710968775,1,23
MLH.L^L09,-0.1105769230769231,1,23
CCP.L,-0.1097560975609756,1,23
AMSU.L,-0.0958904109589041,1,23
MMMq.L^K07,-0.0958572058175407,1,23
CDUC.L^D11,-0.0725806451612903,1,23
TMMq.L^K07,-0.0722989439480097,1,23
VOD.L,-0.0677290836653388,1,23
DELLq.L^K07,-0.061398521887436,1,23
JNJq.L^K07,-0.0599713055954088,1,23
NAQ.L^F09,-0.0594059405940594,1,23
WDSW.L^F06,-0.0542635658914728,1,23
7DIG.L^C23,-0.0388349514563105,1,23
MRW.L^J21,-0.0387596887567363,1,23
CRPR.L,-0.0303867403314916,1,23
THCL.L^L07,-0.0279627163781625,1,23
RNSM.L^B11,-0.0224719101123596,0,23
REL.L,-0.0210622710622709,0,23
RSG.L^I07,-0.0189573459715639,0,23
VANQ.L,-0.017351598173516,0,23
CARRq.L^K07,-0.0172857668260389,0,23
ORCLq.L^K07,-0.0154820548909219,0,23
SYNTS.L,-0.0151515151515153,0,23
MIG5.L,-0.0137931034482758,0,23
TWXq.L^K07,-0.0029556650246305,0,23
0179q.L^J08,0.0,0,23
0330q.L^J08,0.0,0,23
0992q.L^J08,0.0,0,23
2779q.L^D08,0.0,0,23
3405q.L^J08,0.0,0,23
4063q.L^J08,0.0,0,23
4503q.L^J08,0.0,0,23
4901q.L^J08,0.0,0,23
6770q.L^J08,0.0,0,23
6991q.L^J08,0.0,0,23
7011q.L^J08,0.0,0,23
7013q.L^J08,0.0,0,23
7270q.L^J08,0.0,0,23
7752q.L^K08,0.0,0,23
7912q.L^J08,0.0,0,23
9062q.L^J08,0.0,0,23
9502q.L^J08,0.0,0,23
9503q.L^J08,0.0,0,23
9531q.L^J08,0.0,0,23
ABL.L^E13,0.0,0,23
AMATA.L,0.0,0,23
AMECp.L^B07,0.0,0,23
ARCL.L^F15,0.0,0,23
B8L.L^I11,0.0,0,23
BAO.L^E15,0.0,0,23
BIV.L^D06,0.0,0,23
BMC.L^K09,0.0,0,23
BRM.L^K10,0.0,0,23
BURF.L,0.0,0,23
CHI.L,0.0,0,23
CMPG.L,0.0,0,23
CTFA.L^D15,0.0,0,23
DNDLx.L^D12,0.0,0,23
ELMb.L^K06,0.0,0,23
ETO.L^L19,0.0,0,23
FII.L^J14,0.0,0,23
GCLq.L,0.0,0,23
GFIR.L^L18,0.0,0,23
GMFb.L^E06,0.0,0,23
HOTx.L^E14,0.0,0,23
HZM.L,0.0,0,23
IMAC.L^J14,0.0,0,23
JHL.L^D11,0.0,0,23
LSMRx.L^E11,0.0,0,23
MCT_p.L,0.0,0,23
MVCT.L,0.0,0,23
NBPO.L^C15,0.0,0,23
NTHV.L,0.0,0,23
NTN.L,0.0,0,23
NTV.L,0.0,0,23
OTE.L^G12,0.0,0,23
PARPR.L^I14,0.0,0,23
PCIPP.L,0.0,0,23
PTF.L^L18,0.0,0,23
QLC.L^G09,0.0,0,23
SDUx.L^H13,0.0,0,23
SE.L^K10,0.0,0,23
SGF.L^B06,0.0,0,23
SRx.L^F12,0.0,0,23
STVZ.L^I13,0.0,0,23
STY.L^C18,0.0,0,23
T7O.L^H21,0.0,0,23
TAKT.L^K10,0.0,0,23
TDGb.L^L08,0.0,0,23
TEA.L^F16,0.0,0,23
THRGx.L^J11,0.0,0,23
UBMb.L^G08,0.0,0,23
WINKM.L,0.0,0,23
WSL.L,0.0,0,23
WTTp.L^B07,0.0,0,23
NWG.L,0.0011396011396012,0,23
BRUi.L^I06,0.0025062656641603,0,23
KGF.L,0.0031612223393044,0,23
NRI.L^L18,0.0050251223971196,0,23
LDSG.L,0.0116279069767442,0,23
SOO.L^J09,0.0140845070422535,0,23
BLN.L^G08,0.017094017094017,0,23
ROD.L,0.0192307692307693,0,23
JGICix.L^L07,0.0206489675516223,0,23
MACF.L,0.0225563909774435,0,23
LMR.L^K11,0.0226804119658474,0,23
SSL.L^K10,0.0229132569558101,0,23
BREls.L^A09,0.0233644859813084,0,23
DI3O.L^L13,0.0236220528295012,0,23
MSFTq.L^K07,0.0241830065359476,0,23
HMF.L^F10,0.024390243902439,0,23
MEGR.L^E08,0.026315789473684,0,23
CBRS.L^F08,0.0273972602739727,0,23
MAIL.L^B07,0.0291545189504374,0,23
EGG.L^B06,0.034274193548387,0,23
CSCOq.L^K07,0.0358923230309071,0,23
FIO.L^I08,0.0379746835443037,0,23
SARSS.L^B16,0.0384615384615385,0,23
ULVR.L,0.0390286209887249,0,23
ZTF.L,0.0397350993377483,0,23
JAVAq.L^K07,0.0399201596806386,0,23
JPEL.L,0.0454545454545454,0,23
HTL.L^B07,0.0523648648648649,0,23
ATV.L^L09,0.0555555555555555,0,23
HTB.L^L07,0.056910569105691,0,23
MIG2.L^K18,0.0576923076923074,0,23
SUNU.L,0.0588235294117647,0,23
PMGR.L,0.0602094240837696,0,23
BTW_pa.L,0.0648464163822526,0,23
AB.L^G07,0.0710743801652891,0,23
PSON.L,0.072,-1,23
SUS.L,0.0746268656716417,-1,23
THE.L^E07,0.0769230769230768,-1,23
CRYS.L^K20,0.0787401497185888,-1,23
COLT.L^I15,0.0803571428571428,-1,23
INTI.L^H09,0.0833333333333332,-1,23
LLOY.L,0.0951893551688844,-1,23
MIG1.L,0.1037735849056604,-1,23
TFFPq.L^K07,0.1066336019838809,-1,23
SMDS.L,0.1069277108433734,-1,23
PORV.L,0.1224489795918366,-1,23
RCDO.L,0.1310861423220974,-1,23
PNE.L^I10,0.1414634146341462,-1,23
LIO.L,0.1437908496732025,-1,23
MEDq.L^K07,0.1458885941644563,-1,23
INVM.L,0.1499999999999999,-1,23
BRSD.L,0.1999999999999999,-1,23
LONR.L^G13,0.3999999999999999,-1,23
TPY.L^C06,-0.137577002053388,1,24
ZPHR.L,-0.0535714285714286,1,24
BWG.L^F06,-0.0344243792325056,1,24
CNT.L^J10,-0.0309278350515463,1,24
FJV.L,-0.0211132437619961,0,24
MSN.L^L07,0.0036719706242349,0,24
YNGa.L,0.0070850202429149,0,24
WCW.L,0.016417910447761,0,24
ELM.L,0.0370370370370369,0,24
MBC.L^J15,0.0459770116791522,0,24
KMR.L,0.0576923076923077,0,24
SUH.L,0.0653465346534651,0,24
SFR.L,0.0973084886128363,0,24
BEEP.L^K18,0.1266794609952195,-1,24
TLW.L,0.1592592592592592,-1,24
BYG.L,0.2312811980033278,-1,24
ZOX.L^E17,0.3672131124347804,-1,24
BZT.L,-0.2564102564102564,0,25
IRONI.L,0.0,1,26
SDL.L^K20,0.0138888888888888,1,26
FAO.L^B07,0.0644329896907216,0,26
BIOM.L,0.087719298245614,0,26
KGN.L^H07,0.1551351351351351,0,26
CABC.L^L19,0.1794871794871795,0,26
OCN.L,0.2002840909090908,0,26
AD.L^K09,0.4215686274509804,-1,26
SVE.L,0.76,-1,26
FTC.L,-0.366602687140115,1,27
ICM.L^F07,-0.1092814371257484,1,27
OMG1.L,-0.1052631578947367,1,27
JNEO.L,-0.0961538461538461,1,27
0142q.L^J08,0.0,0,27
BULGq.L^K07,0.0069124423963133,0,27
CFB.L^C07,0.0119047619047618,0,27
APTD.L,0.0136054421768707,0,27
DASTq.L^K07,0.0202478090057418,0,27
FIB.L^K06,0.0289855072463767,0,27
HRI.L,0.0401579986833442,0,27
AFN.L,0.0633802816901407,0,27
RWA.L,0.0648464163822526,0,27
DTK.L^C10,0.0923694779116466,0,27
AIE.L^H15,0.0955882226989599,0,27
CHLV.L,0.1081081081081081,0,27
SAPGq.L^K07,0.1125261357156435,0,27
HWG.L,0.1231884057971015,0,27
CYNL.L,0.1333333333333333,0,27
C1Y.L,0.140625,-1,27
FDSA.L^I18,0.1504178268480116,-1,27
MNGS.L^L12,0.2557471264367816,-1,27
HIF.L^L09,0.4489795918367347,-1,27
CLEA.L^D13,-0.1666666666666666,1,28
WETI.L^I18,-0.1249999574567292,1,28
CGNR.L,-0.1162790697674418,1,28
CFE.L^L09,-0.1106719391366919,0,28
WEP.L^L06,-0.0454545454545455,0,28
DMP1.L^A12,0.0,0,28
POTL.L^C09,0.0,0,28
UVS.L^F07,0.0087336244541484,0,28
HYWD.L^J09,0.0864197530864196,0,28
R4ER.L^I20,0.1914893617021276,0,28
LVCG.L,0.25,-1,28
ALSOq.L^K07,0.2915284895990353,-1,28
SBG.L^D07,0.8015873015873016,-1,28
CFN.L^B07,0.021341463414634,0,29
CIU.L^J17,0.1271929824561404,0,30
CNE.L,0.0098958333333334,1,31
SVS.L,0.0954773869346734,-1,31
CPSS.L^C07,-0.2535211267605634,0,32
BSGL.L^G09,-0.2941176470588235,1,33
CRCRE.L^L16,-0.1056511056511056,1,33
FWY.L^B09,-0.059322033898305,1,33
HOR.L^G08,0.0149700598802395,0,33
PRCS.L^L08,0.0895953722950195,-1,33
CHR.L^E08,0.1134020618556701,-1,33
ZIN.L,0.1666666666666667,-1,33
DATA.L,0.0722891566265058,0,34
DBOX.L,-0.0389610389610389,0,35
DGO.L^I15,0.1926952141057933,0,36
DQ5.L^A21,0.3429256594724221,0,37
PRM.L,-0.2730496453900709,1,38
INST.L^L09,-0.1673640167364016,1,38
TTHU.L^G09,-0.0862745098039216,0,38
CPU.L^E08,-0.025,0,38
WOC.L^I06,0.0,0,38
PLM.L^J14,0.0147058823529411,0,38
DRSD.L^I16,0.0333333333333334,0,38
CCT.L,0.0619469026548673,-1,38
GHT.L,0.3292307692307692,-1,38
BKIRx.L,0.039911308203991,1,39
PHARP.L,0.051526717557252,1,39
CDS.L^F10,0.0625,1,39
EAAS.L,0.1304347826086955,0,39
OPS.L^G09,0.1538461538461539,0,39
CEY.L,0.15625,-1,39
VOESq.L^K08,0.1620610594907685,-1,39
HVT.L,0.1724137931034481,-1,39
EBQ.L,0.0241286863270777,0,40
EGRE.L,-0.0406504065040651,0,41
EIDE.L^D09,-0.1707317073170731,0,42
FNT.L^I09,-0.2021276595744681,1,43
ARK.L^J09,-0.1382113821138211,1,43
RNK.L,-0.1234668847097302,1,43
SMWH.L,-0.0880322209436134,1,43
IDOX.L,-0.087719298245614,1,43
SEROq.L^F07,-0.0859831278390655,1,43
BT.L,-0.0808080808080807,1,43
WSE.L^C09,-0.0719999999999999,1,43
TDG.L^J08,-0.0612244897959183,1,43
OVB.L,-0.0432432432432432,1,43
CMH.L,-0.0386363636363636,1,43
FPR.L^J07,-0.0380549682875264,1,43
AZN.L,-0.0335807705903146,1,43
SBRY.L,-0.0309278350515462,1,43
TITN.L,-0.0241935483870967,0,43
AADV.L,-0.0227272727272727,0,43
GSK.L,-0.0163376446562286,0,43
PGq.L^K07,-0.009771986970684,0,43
MSLH.L,-0.0096153846153849,0,43
LIBE.L^G10,-0.0094339622641509,0,43
LNGOp.L^L06,-0.0039370078740157,0,43
PEUPq.L^K07,-0.0026698309107089,0,43
NAIT.L,-0.0017605633802816,0,43
NPN.L^C14,-0.0009328357779238,0,43
0011q.L^J08,0.0,0,43
0013q.L^J08,0.0,0,43
0267q.L^J08,0.0,0,43
0293q.L^J08,0.0,0,43
0762q.L^J08,0.0,0,43
4188q.L^J08,0.0,0,43
5108q.L^J08,0.0,0,43
AATG.L,0.0,0,43
BARV.L,0.0,0,43
BGI.L^F06,0.0,0,43
BRMD.L,0.0,0,43
HFI.L^E06,0.0,0,43
JLEC.L,0.0,0,43
MLAb.L^K06,0.0,0,43
PGOO.L,0.0,0,43
SFV.L^B06,0.0,0,43
WPP.L,0.0007949125596184,0,43
DGE.L,0.004747774480712,0,43
BAA.L^H06,0.0047846889952152,0,43
HSBA.L,0.005359056806002,0,43
REXp.L^J06,0.0094466936572199,0,43
BMWGq.L^K07,0.0094562647754137,0,43
HONH.L^K22,0.0096286107290233,0,43
WLG.L^J16,0.0117647042915429,0,43
9501q.L^J08,0.0157068062827225,0,43
JD.L,0.0162601626016258,0,43
NG.L,0.0167106420404574,0,43
SASYq.L^K07,0.0168396318778147,0,43
TET.L,0.0173745173745174,0,43
UU.L,0.0178837555886735,0,43
PNL.L,0.0183112919633772,0,43
BWS_p.L,0.0200729927007299,0,43
MLA.L^K06,0.0217391304347827,0,43
JEPAx.L^I06,0.0240384615384614,0,43
PKW.L^F11,0.0256410256410255,0,43
SCF.L,0.025706940874036,0,43
ALLL.L^J08,0.0271629778672031,0,43
JCKS.L^C06,0.0284090909090908,0,43
ICAP_ua.L^B07,0.0304878048780488,0,43
NOVNq.L^K07,0.0330141961043248,0,43
LGEN.L,0.0348360655737705,0,43
NWB_pa.L,0.0375586854460094,0,43
SCTN.L^D08,0.0411099691675231,0,43
ELL_p.L,0.0425138632162662,0,43
LHAGq.L^K07,0.0430232558139533,0,43
GACC_p.L,0.0430292598967296,0,43
RFGR.L,0.0454545454545456,0,43
0363q.L^J08,0.0464396284829722,0,43
DIG.L,0.0483490566037736,0,43
GB0160755.L^I07,0.05,0,43
ICAPi.L^B07,0.0510948905109489,0,43
EMSq.L^K07,0.0533073929961087,0,43
AEI.L,0.0542056074766355,0,43
GNC.L,0.056129985228952,0,43
CWK.L,0.0572687224669603,0,43
FMR.L^F06,0.0607734806629833,0,43
FIBKq.L^K07,0.0669856459330142,0,43
GOT.L,0.0679611650485436,-1,43
SHEL.L,0.0790513833992094,-1,43
TOMK.L^I10,0.079232693911593,-1,43
VIDV.L,0.0878112712975098,-1,43
WGC.L^F06,0.0880829015544042,-1,43
DAIGnq.L^K07,0.099763273588096,-1,43
RKW.L,0.1011235955056175,-1,43
HWC.L,0.1142857142857141,-1,43
AI.L^L09,0.1288546255506608,-1,43
ARBB.L,0.1366120218579234,-1,43
TSTT.L,0.1692307692307697,-1,43
IVZ.L^L07,0.1809954751131222,-1,43
6971q.L^J08,0.1895348837209303,-1,43
LHD.L^G13,0.1999999999999999,-1,43
EMEN.L^J09,0.1273364485981307,0,44
EPMa.L^C06,0.0666666666666666,0,45
HLC.L^I06,-0.375,1,46
MIL.L^L06,-0.3260869565217391,1,46
CNSP.L,-0.2115384615384614,1,46
ENDN.L^H08,-0.2068965517241379,1,46
RDGC.L^A22,-0.1999999999999999,1,46
SYMU.L,-0.1789473684210526,1,46
COOL.L^A12,-0.1764705882352941,1,46
ARSP.L^L11,-0.1739130434782608,1,46
WFC.L^F11,-0.1739130434782608,1,46
BED.L^J14,-0.1666666666666666,1,46
ACT.L^J06,-0.1578947368421053,1,46
CEPS.L,-0.1538461538461538,1,46
WSW.L^E07,-0.1470588235294118,1,46
IXI.L,-0.1284403669724768,0,46
ICAPx.L^E09,-0.1250000000000001,0,46
HCL.L^I08,-0.1226415094339622,0,46
TNL.L^G06,-0.1219512195121951,0,46
BFRD.L^A07,-0.1162790697674418,0,46
PCF.L^L22,-0.1052631578947368,0,46
TTC.L^H06,-0.0769230769230768,0,46
IHC.L,-0.0748299319727889,0,46
EPA.L^F07,-0.0727272727272727,0,46
SBSC.L^I16,-0.0645161290322581,0,46
CMX.L,-0.0625000000000001,0,46
ITO.L^B08,-0.0625,0,46
CAX.L^C07,-0.037037037037037,0,46
NMT.L^L06,-0.0357142857142857,0,46
FULB.L^G10,-0.0344827586206896,0,46
BCTL.L^L09,0.0,0,46
CDT.L^E09,0.0,0,46
CDTa.L^E09,0.0,0,46
CVH.L^F11,0.0,0,46
DNIC.L^F07,0.0,0,46
DOR.L^C16,0.0,0,46
HML.L^J10,0.0,0,46
JAS.L^L06,0.0,0,46
MFW.L^J14,0.0,0,46
MRML.L^G13,0.0,0,46
MWH.L^L11,0.0,0,46
NEWM.L^K09,0.0,0,46
NORP.L^H08,0.0,0,46
PRUK.L^L07,0.0,0,46
SCEU.L,0.0129870129870126,0,46
DCD.L^F22,0.02,0,46
TND.L,0.0208333333333334,0,46
RAM.L^B14,0.0338983050847456,0,46
GFLT.L^J08,0.0370370370370369,0,46
HOH.L^L06,0.0370370370370369,0,46
MEG.L^J14,0.0380952380952381,0,46
FDBK.L,0.0384615384615385,0,46
VRY.L^B07,0.0384615384615385,0,46
ATD.L^H12,0.0461538461538462,0,46
ABCR.L^J14,0.0666666666666666,0,46
EUR_u.L^L06,0.0769230769230768,0,46
EURi.L^L06,0.0769230769230768,0,46
TILST.L^J21,0.0851063829787235,0,46
AUALG.L^H12,0.0904522613065326,0,46
FTG.L^C10,0.0952380952380953,0,46
STGC.L^E12,0.1111111111111111,0,46
NBB.L,0.1304347826086955,0,46
XENX.L^A14,0.1388888888888888,0,46
MPAC.L,0.1422764227642277,0,46
BRTR.L^L06,0.1481481481481481,0,46
DINT.L^I12,0.1515151515151516,0,46
FNS.L^G08,0.1518987341772151,0,46
ADL.L^I06,0.1666666666666667,-1,46
TRICR.L^J17,0.1666666666666667,-1,46
SER.L^K15,0.1724137931034484,-1,46
RDG.L^G09,0.2340425531914893,-1,46
GMq.L^K07,0.2492997198879551,-1,46
DSN.L^K15,0.2666666400000159,-1,46
EUA.L,0.2692307692307691,-1,46
VERO.L^G10,0.2727272727272727,-1,46
ACRM.L,0.3829787234042554,-1,46
ABU.L^B09,0.397560975609756,-1,46
FRSS.L^I10,0.4285714285714286,-1,46
ETL.L^G07,0.5277777777777777,-1,46
BEH.L^G09,1.1428571428571428,-1,46
CURY.L,-0.0929602888086642,1,47
LAS.L,-0.0672853828306264,1,47
BIZ.L^G06,-0.0285714285714285,1,47
EIGE.L^C20,-0.0122601279317696,1,47
TIRU.L,0.0,1,47
PSN.L,0.0111287758346581,1,47
MERG.L,0.0564102564102564,0,47
NMCN.L^J21,0.0625,0,47
TOWNT.L,0.0835214446952596,0,47
CAL.L,0.0944700460829492,0,47
ANTO.L,0.1070090957731406,0,47
BTSM.L^L10,0.1084905660377357,-1,47
FEML.L,0.1254946297343129,-1,47
OLMU.L^B08,0.1356932153392329,-1,47
0083q.L^J08,0.1595744680851063,-1,47
SBE.L^H09,0.1684782608695652,-1,47
HYVE.L^E23,0.2129032258064516,-1,47
FGN.L^G10,-0.1988950276243094,0,48
FOOI.L^C15,-0.0935374286547292,1,49
MPH.L^K08,-0.0793650793650794,1,49
AFE.L^B15,-0.06976746403413,1,49
ASA.L^K17,-0.0312499892924851,0,49
NRG.L^L08,-0.0062893081761006,-1,49
CYC.L^E07,0.0434782608695651,-1,49
TPT.L,0.0847457627118646,-1,49
FOUR.L,0.0383973288814691,1,50
DTZ.L^L11,0.1624508150646431,-1,50
FQM.L^E16,0.165311653116531,0,51
GFM.L,-0.0877862595419847,0,52
PHEG.L,-0.0666666666666666,1,53
REGI.L^F09,-0.0636363636363636,1,53
IGP.L,-0.0588235294117647,1,53
CHIS.L^B14,-0.0555555555555555,1,53
ITK.L^H10,-0.0535714285714286,1,53
CAT.L^G06,-0.0186113099498925,1,53
AMBL.L^L09,0.0,0,53
MGB.L^I06,0.0,0,53
GSD.L^L09,0.0052631578947368,0,53
ALVGq.L^K07,0.0141246155598586,0,53
EZJ.L,0.0152116402116402,0,53
SDG.L,0.0263157894736842,0,53
TCN.L^I21,0.032786884131108,0,53
SHRS.L,0.0353535353535352,0,53
OPSS.L^L15,0.040229878812203,0,53
SAGE.L^H08,0.0638297872340425,0,53
SAGS.L,0.0638297872340425,0,53
EXHOq.L^K07,0.073252406864797,0,53
ISG.L^C16,0.0767590618336886,0,53
TRT.L,0.1006711409395972,0,53
LOK.L,0.111455108359133,0,53
BWNG.L,0.1257062146892655,0,53
LYOEq.L^K07,0.143801652892562,-1,53
GHI.L^A07,0.1499999999999999,-1,53
MGTCi.L^D07,0.1762295081967213,-1,53
BCV.L^E07,0.2162162162162162,-1,53
CLVE.L^F09,0.31,-1,53
SRTS.L^J07,0.5,-1,53
ITIS.L^A09,-0.1411290322580645,1,54
GMRG.L,-0.111111111111111,-1,54
VTI.L^F08,-0.2410714285714286,1,55
MINC.L^H17,-0.1551724137931034,1,55
MSQE.L^B12,-0.1477272727272727,1,55
PDL.L,-0.0634920634920634,1,55
JHD.L,-0.0492957746478873,0,55
CIHL.L^K21,-0.0397350993377483,0,55
DPLM.L,-0.0223928342930261,0,55
AFFA.L^L13,0.0,0,55
IAF.L^L08,0.0,0,55
SLNG.L,0.0018552875695732,0,55
WINEW.L,0.0098214285714286,0,55
AAS.L,0.017452006980803,0,55
INCH.L,0.0298114861902674,0,55
INF.L,0.0311239193083574,0,55
LRD.L^G18,0.0380952372817613,0,55
FLTRF.L,0.0427631578947365,0,55
GFTU_u.L,0.0502207505518763,0,55
ROK.L^K10,0.0503672612801677,0,55
TFW.L,0.0653188180404358,0,55
0010q.L^J08,0.0668693009118541,0,55
IDN.L^B07,0.0681818181818181,0,55
BRMS.L,0.073107049608355,0,55
GRI.L,0.0910815939278937,0,55
ELX.L^C09,0.096234309623431,0,55
GOG.L^J22,0.0993865030674847,0,55
REVS.L^J07,0.103960396039604,0,55
ANW.L^K21,0.151571163941683,-1,55
C3U.L,0.1904761904761904,-1,55
LOOK.L,0.3014145810663764,-1,55
NCH.L^J08,0.308433734939759,-1,55
RTCR.L,-0.381578947368421,1,56
TINP.L^G08,-0.2328767123287671,1,56
GTG.L^K06,-0.1170212765957446,1,56
RST.L^L06,-0.0773869346733668,0,56
JDR.L^J09,-0.0733333333333333,0,56
AICS.L^F12,-0.0618556701030927,0,56
SPGR.L^J09,-0.0483870967741935,0,56
EHR.L^L14,-0.0454545454545454,0,56
ANSY.L,-0.0258620689655172,0,56
CHCPL.L^A11,-0.0222222222222222,0,56
RNO.L,-0.0084033613445376,0,56
LMBT.L^J14,-0.0050632911392405,0,56
CDLY.L^J06,0.0,0,56
CRGT.L,0.0,0,56
MDEH.L^A08,0.0,0,56
AVON.L,0.0086455331412103,0,56
ECK.L,0.0129870129870131,0,56
FUTR.L,0.0131004366812228,0,56
TETH.L^K17,0.0444444444444445,0,56
TXO.L^C15,0.0444444444444445,0,56
PNIG.L,0.0454545454545454,0,56
UKM.L^L16,0.0611940298507462,0,56
AAP.L^I07,0.0620155038759691,0,56
SNCL.L^B16,0.0660377358490567,0,56
FFA.L^D13,0.096774193548387,0,56
RGP.L,0.1111111111111111,0,56
SIXH.L,0.1170212765957445,0,56
CSLT.L^B13,0.1337448607075564,0,56
TEP.L,0.1407407407407406,0,56
VCP.L,0.1456043956043955,0,56
AXN.L^J14,0.1707317087283577,-1,56
IMED.L^E11,0.25,-1,56
BONH.L^G23,0.6451612903225807,-1,56
TTNM.L^A12,-0.1714285714285713,1,57
LTHM.L,-0.1084656084656084,1,57
DVR.L^I06,-0.0528846153846154,1,57
PHP.L,-0.0394088669950742,1,57
LNGO.L^L06,-0.0331325301204818,1,57
SJG.L,-0.0307692307692307,1,57
FMEGq.L^K07,-0.0243702976774614,1,57
ELCO.L,-0.0178571428571429,1,57
LATC.L^J15,-0.0085106382978723,1,57
PAGE.L,-0.0055555555555554,1,57
CMO.L^C06,-0.0014970059880239,1,57
ESR.L^A17,0.0,1,57
JFJ.L,0.0030303030303029,0,57
MGGT.L^I22,0.0069060773480662,0,57
ULE.L^H22,0.0131048387096774,0,57
CLSH.L,0.0230000000000001,0,57
APEO.L,0.0243161094224924,0,57
BWY.L,0.0318866253321523,0,57
BDEV.L,0.0339756592292088,0,57
FEV.L,0.0348837209302326,0,57
MAVT.L,0.0367892976588628,0,57
8306q.L^E06,0.0368098159509202,0,57
VDY.L^I06,0.0416415208207603,0,57
HAST.L^L20,0.0434108518579525,0,57
DLC.L^B14,0.0466867469879517,0,57
SNR.L,0.0504201680672269,0,57
JEPA.L^I06,0.0506912442396312,0,57
MACP.L^I19,0.0517241379310344,0,57
CLLN.L,0.0522875816993464,0,57
GSCT.L,0.0579905596763317,0,57
CHFT.L^L08,0.0584795321637428,0,57
FCHK.L,0.0619469026548673,0,57
BAB.L,0.0625,0,57
DGN.L,0.0677618069815195,0,57
AJIT.L,0.0729613733905578,0,57
JMI.L,0.0768261964735514,0,57
THRG.L,0.0780984719864177,0,57
SAB.L^J16,0.0819981149858624,0,57
BLND.L,0.0881801125703565,0,57
ROR.L,0.0911808669656202,0,57
SHB.L^C23,0.0919913419913422,0,57
BOOT.L,0.0929368029739776,0,57
RWEGq.L^K07,0.0969555035128806,0,57
RIO.L,0.0986817325800377,-1,57
SAMASq.L^K07,0.1047381546134662,-1,57
RCP.L,0.1092806150466776,-1,57
AAL.L,0.1121778676099038,-1,57
ANII.L,0.1171717171717172,-1,57
ALBH.L^D14,0.1185410334346503,-1,57
DLN.L,0.1415683553088131,-1,57
HLCL.L,0.1565573770491803,-1,57
DIAL.L,0.187624750499002,-1,57
ENO.L^J08,0.1969111969111969,-1,57
KIE.L,0.2100840336134453,-1,57
WNRG.L,0.2259615384615385,-1,57
SCA.L^E08,-0.2424242424242424,1,58
NWMS.L,-0.2121212121212121,1,58
LID.L^A21,-0.1847826086956522,1,58
LPA.L,-0.127659574468085,1,58
IVS.L^L09,-0.0799999999999999,1,58
ILI.L^L12,-0.0769230769230768,1,58
HDT.L,-0.0710059171597633,1,58
HDq.L^K07,-0.0418781725888325,1,58
D4T4.L,-0.0370370370370369,1,58
SVC.L^L07,-0.0186567164179104,1,58
KCOM.L^H19,-0.0144927536231883,1,58
IRV.L^C19,-0.011740332483146,0,58
ITV.L,-0.008888888888889,0,58
6501q.L^J08,0.0,0,58
TV1.L,0.0041152263374486,0,58
TMW.L^K12,0.0055865921787709,0,58
SMON.L^H07,0.0097087378640776,0,58
IPEI.L^E21,0.0120481878435318,0,58
GTX.L^B10,0.018018018018018,0,58
ATT.L,0.0244988864142536,0,58
DGT.L^H09,0.0315789473684209,0,58
HAYS.L,0.0338645418326695,0,58
GHE.L,0.0425531914893617,0,58
OPD.L^G10,0.0437375745526837,0,58
PRU.L,0.0454545454545456,0,58
JDW.L,0.0558069381598793,0,58
WAGN.L^C09,0.0687830687830688,0,58
DXNS.L^H14,0.0748091625292508,0,58
CITY.L^A23,0.0762711864406779,0,58
RUA.L,0.0864864864864864,0,58
FKI.L^G08,0.0948275862068965,0,58
EMI.L^I07,0.0969072164948454,0,58
CAPPq.L^K07,0.1015358361774743,0,58
AMFW.L^J17,0.1048034934497816,0,58
VSVS.L,0.1094117647058825,0,58
IOV.L^A07,0.134020618556701,0,58
ESSES.L^H15,0.1451613034408942,-1,58
TTG.L,0.1496598639455781,-1,58
ARM.L^I16,0.1508264462809918,-1,58
TNO.L^J13,0.1632653061224489,-1,58
TNS.L^K08,0.1790878754171301,-1,58
CSRT.L^C20,0.2108910891089108,-1,58
CHW.L^J15,0.2123893805309735,-1,58
DDT.L^L10,0.2375,-1,58
RVYI.L^H08,0.2597402597402598,-1,58
KBCAT.L^D16,0.2777777777777777,-1,58
ANGM.L^G13,0.3513513513513513,-1,58
HID.L,0.0,0,59
TOU.L^L11,-0.2153846153846154,1,60
HCEG.L^F11,-0.1904761904761904,1,60
ISD.L^E08,-0.1818181818181817,1,60
CLR.L^B06,-0.1290322580645161,1,60
HWDN.L,-0.1249999999999998,1,60
BOLG.L^B16,-0.1224489795918368,1,60
GAW.L,-0.1222826086956522,1,60
PSQP.L^A12,-0.1153846153846154,1,60
LRG.L^I07,-0.1139240506329114,1,60
CSDY.L^I14,-0.1090909090909091,1,60
LDRL.L^L08,-0.1073446327683615,0,60
CBMR.L^C09,-0.0833333333333333,0,60
STLO.L^J19,-0.0476191405754352,0,60
PRF.L^B06,-0.0459770114942529,0,60
FDBKp.L^D07,-0.037037037037037,0,60
6773q.L^J08,-0.024719180626972,0,60
CSCP.L^L11,-0.0206185567010309,0,60
EUC.L^K06,-0.0175438596491228,0,60
ATIA.L^H15,0.0,0,60
BEK.L^G11,0.0,0,60
EO.L^A12,0.0,0,60
FTV.L,0.0,0,60
IOVI.L^G11,0.0,0,60
NAE.L^I08,0.0,0,60
PFP.L,0.0,0,60
TOYE.L^I14,0.0,0,60
MME.L^A08,0.0176991150442478,0,60
MSB.L^L06,0.0277777777777776,0,60
ARD.L^A07,0.0497237569060773,0,60
INBX.L^E08,0.05,0,60
TRFT.L,0.0575916230366491,0,60
CRU.L,0.069767441860465,-1,60
DSCV.L,0.0808240887480189,-1,60
BARB.L,0.1098901098901099,-1,60
AIEA.L,0.1129032258064515,-1,60
RGO.L,0.1428571428571428,-1,60
UCM.L^D07,0.1505376344086022,-1,60
MIG6.L^L19,0.1599999999999999,-1,60
ALAP.L^E08,0.1951219512195121,-1,60
BIRD.L,0.3555555555555556,-1,60
STKC.L^F10,0.4285714285714284,-1,60
IOT.L^J07,-0.506418485237484,1,61
TSCO.L,-0.0497737556561086,1,61
BLKA.L^B10,-0.0467836257309941,1,61
CPRC.L^A20,-0.0312217194570134,0,61
BLPU.L,-0.0312035661218426,0,61
WNDR.L^C07,-0.0297029702970297,0,61
WNS.L^G09,-0.0248962655601659,0,61
ABF.L,-0.0143027413587604,0,61
GLH.L^D07,-0.0142450142450142,0,61
CGT.L,-0.0128654970760234,0,61
WSP.L,-0.0079617834394905,0,61
LCT.L^E11,-0.0048543689320388,0,61
DWN.L^I11,-0.004601226993865,0,61
BKGH.L,-0.000900090009001,0,61
0003q.L^J08,0.0,0,61
5401q.L^J08,0.0,0,61
8001q.L^J08,0.0,0,61
9101q.L^J08,0.0,0,61
BMT.L,0.0,0,61
HCFT.L,0.0,0,61
HSM.L,0.0,0,61
MTVW.L,0.0,0,61
STG.L^G06,0.0,0,61
HCU.L^H07,0.0075268817204301,0,61
MNZS.L^H22,0.0157635467980292,0,61
FFY.L^B17,0.015948952165433,0,61
ICP.L,0.0193826274228288,0,61
EXPN.L,0.0213178294573641,0,61
GUS.L^J06,0.0213178294573643,0,61
0023q.L^J08,0.0255863539445628,0,61
SHOL.L^L07,0.0344827586206897,0,61
HFEL.L,0.0444444444444445,0,61
RIICi.L,0.0445859872611464,0,61
MEOGq.L^K07,0.0460714285714285,0,61
7751q.L^J08,0.0478260869565216,0,61
SMJ.L,0.0507246376811594,0,61
AURT.L,0.0530303030303029,0,61
SVT.L,0.0590405904059039,0,61
IAW.L^H08,0.0612244897959184,0,61
AUN.L^G06,0.0643347907557776,0,61
SSE.L,0.069033530571992,0,61
DA1O.L^L13,0.075268817204301,0,61
HEAD.L,0.0879629629629628,0,61
INTUP.L^G20,0.0882202964807874,0,61
WMPY.L^G07,0.0911458333333332,0,61
SGOBq.L^K07,0.0943944234679059,0,61
ISO.L^C07,0.108499095840868,0,61
CTO.L,0.1133113311331133,0,61
RENAq.L^K07,0.1190829972405009,0,61
NXT.L,0.119218241042345,0,61
WTB.L,0.1296101159114855,0,61
FIH.L,0.1397058823529411,0,61
RM.L,0.1469194312796209,0,61
HTP.L^H08,0.1484375,0,61
0101q.L^J08,0.2479338842975207,-1,61
0525q.L^J08,0.3218884120171674,-1,61
TKKT.L^L13,0.8772396799353568,-1,61
ID2A.L^F20,0.0714285714285714,0,62
IDLS.L^F11,0.0890625,0,63
IIR.L^J08,-0.0851063829787234,0,64
IMGE.L,0.875,0,65
INFT.L^D18,-0.1558823506474731,0,66
IOMG.L,0.04,0,67
IWG.L,0.028436018957346,0,68
JCR.L^K11,-0.1095890410958904,0,69
JINq.L^K08,0.0,0,70
JKX.L^A22,0.4787878787878787,0,71
LCI.L^L06,0.0035842293906809,0,72
LEND.L,0.0,0,73
CCL.L,-0.0575757575757576,1,74
NICL.L,-0.0504587155963303,1,74
TCMq.L^K07,-0.0491803278688524,1,74
VTYV.L,-0.0451693851944793,1,74
MIIT.L^I18,-0.0306748466257669,1,74
UDG.L^H21,-0.0248328557784145,1,74
RDW.L,-0.0224299065420559,1,74
BLEY.L^B19,-0.0204081632653061,1,74
BATS.L,-0.0192307692307692,1,74
MDBIq.L^K07,-0.0181488203266787,1,74
PNS.L,-0.0075987841945289,1,74
IGRI.L,-0.0058616647127783,1,74
DVO.L^D23,-0.0058479532163743,1,74
6301q.L^J08,0.0,1,74
BSV.L,0.0,1,74
NTAS.L,0.0,1,74
MIOT.L^J13,0.0064683053040102,1,74
WNER.L^H13,0.0078627591136526,1,74
GNK.L^J19,0.0154882146375607,0,74
AXAFq.L^K07,0.01863684771033,0,74
NZL.L^B08,0.0189573459715639,0,74
MARS.L,0.021259842519685,0,74
OIG.L,0.0229885057471264,0,74
PNN.L,0.0235888795282224,0,74
BAG.L,0.025775907417149,0,74
MNL.L,0.030075187969925,0,74
RBG.L^F10,0.0303030303030302,0,74
HMSO.L,0.033757338551859,0,74
SAFL.L^E19,0.0342857139993857,0,74
TW.L,0.0387647831800266,0,74
CDI.L^E18,0.0411821705426356,0,74
DEEV.L^B17,0.0436893203883494,0,74
IPU.L,0.0491367861885789,0,74
CAME.L,0.0515448149281125,0,74
LAND.L,0.0535177390258569,0,74
ISPq.L^K07,0.0601626016260161,0,74
JSRE.L^D07,0.0603015075376884,0,74
SOST.L,0.0618101545253864,0,74
COA.L,0.0628930817610067,0,74
BALF.L,0.0632022471910112,-1,74
HDYS.L^I06,0.0650464617583987,-1,74
FSV.L,0.0663580246913579,-1,74
SDV.L,0.0668485675306955,-1,74
PTTi.L^L07,0.0698924731182795,-1,74
BXTN.L^H09,0.0739884393063583,-1,74
SLY.L^K06,0.0752840909090908,-1,74
SVI.L^F17,0.0795533845080251,-1,74
SPX.L,0.0810198300283289,-1,74
0020q.L^J08,0.0909090909090908,-1,74
BOUYq.L^K07,0.0929904896090172,-1,74
BRSC.L,0.0934065934065933,-1,74
IAP.L^L16,0.1012345679012345,-1,74
NXGN.L^K18,0.1012345698249543,-1,74
GNS.L,0.1137640449438202,-1,74
REDD.L,0.1309707241910629,-1,74
UBGU.L,0.1321428571428575,-1,74
FSTA.L,0.1559902200488998,-1,74
STYL.L^C09,-0.1605839416058394,1,75
AMZNq.L^K07,-0.1186561829878484,1,75
EAH.L,-0.1051851851851851,1,75
SWJ.L^J15,-0.0178571428571429,0,75
ABBY.L^D21,-0.0159535895576504,0,75
5405q.L^J08,0.0,0,75
5406q.L^J08,0.0,0,75
ARU.L^D07,0.0039370078740157,0,75
HYD.L^H16,0.0088888888888889,0,75
FSJ.L,0.0184210526315788,0,75
VTS.L^G10,0.0324825986078887,0,75
MCB.L,0.0390625,0,75
HAVE.L^H18,0.0413793103448276,0,75
SNXS.L,0.0543478260869565,0,75
ONEV.L^J18,0.0736842105263158,0,75
NWF.L,0.0881226053639847,0,75
COCRG.L^A13,0.115954664341761,-1,75
HRN.L,0.1375661375661374,-1,75
600688q.L^J08,0.325503355704698,-1,75
EWD.L^E07,-0.0438871473354232,1,76
MBY.L^G06,-0.0079455164585697,1,76
MCI.L^K10,0.0131992457573852,0,76
SGI.L^I22,0.0497237569060773,0,76
GDWN.L,0.1061224489795917,-1,76
NUM.L,0.1325622775800712,-1,76
ZOO.L,-0.5507246376811594,1,77
OKR.L^G06,-0.1267605633802817,1,77
BII.L^A11,-0.0813186813186813,1,77
RWD.L^C12,-0.0276816608996539,0,77
CIV1.L^J09,-0.0242424242424242,0,77
CFYN.L,-0.0114942528735632,0,77
TELF.L^J19,-0.009090909090909,0,77
DOPR.L^F15,-0.0068093385214007,0,77
STWT.L^H18,-0.0022304832713754,0,77
LITH.L^J14,0.0,0,77
NCU.L^G07,0.0,0,77
ZHEH.L^E23,0.0,0,77
CNLPq.L^K07,0.0095057034220531,0,77
PGH.L,0.0143737166324435,0,77
GDYO.L^H08,0.0201342281879195,0,77
BGBK.L^H07,0.0249221183800623,0,77
NFGN.L,0.0303030303030302,0,77
NES.L^J08,0.0454545454545454,0,77
QRT.L,0.0754716981132075,0,77
MCTY.L^L06,0.0785824345146379,0,77
KFX.L^C15,0.1201923076923077,0,77
COSG.L,0.1337209302325581,0,77
TYMN.L,0.1372549019607842,0,77
ELWO.L^H17,0.1384614678592988,0,77
MOSB.L^F20,0.2107023411371238,-1,77
MPE.L,0.2305986696230597,-1,77
TSG.L^H21,0.3020134216100167,-1,77
MEDIC.L^K13,0.119047619047619,0,78
MEGPM.L,-0.2276422764227643,0,79
MAO.L^B09,-0.0611854684512428,1,80
WSPG.L^H12,0.0378378378378378,0,80
MGAMM.L,0.0502092050209204,0,80
BRW.L^I22,0.0515463917525773,0,80
OXB.L,0.0593220338983049,0,80
AXO.L^L08,0.1526508226691041,-1,80
MMG.L^L09,0.2045454545454545,0,81
MSTL.L,-0.0272727272727272,1,82
BILN.L,0.2658227848101266,-1,82
DPH.L,-0.1425855513307985,1,83
SYR.L^K15,-0.093333334269689,1,83
SOG.L^K19,-0.0075757575757575,1,83
BVC.L,0.006993006993007,0,83
HAMP.L^K12,0.0212765960712599,0,83
MTLI.L^C08,0.0490797546012269,0,83
BGS.L,0.0634361233480176,0,83
IJD.L^J07,0.0729001584786053,0,83
FDI.L^C20,0.1140684415273534,0,83
0017q.L^J08,0.1220657276995305,0,83
HTG.L,0.1231527093596058,-1,83
MGNS.L,0.2049488972565896,-1,83
GFRD.L,0.2324929971988794,-1,83
PAM.L^J07,0.0509803921568627,1,84
NBLI.L^K13,0.1052631578947369,1,84
IPX.L,0.108695652173913,0,84
ALKN.L^J15,0.1142857142857143,0,84
BOSB.L^C18,0.2268907563025208,-1,84
ADN.L^H17,0.2710280373831775,-1,84
NBT.L^K11,-0.0305676855895196,0,85
IVL.L^B06,-0.0028089887640448,1,86
TAN.L,0.0379746835443037,0,86
NPE.L^H12,0.2222222222222223,0,86
AMER.L^A20,0.7545126353790614,-1,86
OBC.L,0.0,1,87
ITL.L^K10,0.0434782608695651,0,87
TIG.L^K15,0.0666666717457884,0,87
XPP.L,0.1860119047619046,-1,87
OXS.L^B16,0.0319488752764669,0,88
PAAC_u.L^H07,0.388235294117647,0,89
PAACi.L^H07,0.388235294117647,0,89
PAFR.L,0.096774193548387,0,90
PDF1.L^G08,0.1870503597122301,0,91
CKN.L,-0.0069124423963133,1,92
PDG.L,-0.005859375,1,92
TLT.L^B10,0.0434782608695651,0,92
AJG.L,0.0514322916666667,0,92
DOM.L,0.0830376153300211,0,92
VAN.L^E08,0.1085657370517927,-1,92
ECORE.L,0.2838983050847459,-1,92
PET.L,0.1308411214953271,0,93
LFI.L,-0.1038961038961039,1,94
CNCT.L,-0.045045045045045,1,94
PZC.L,-0.0367491166077738,1,94
IMB.L,-0.035118019573978,1,94
RPC.L^G19,-0.031690136575701,1,94
MCKS.L^E22,-0.0271132392272914,1,94
MKLW.L^F19,-0.022659511031604,1,94
SUY.L^G08,-0.016867469879518,1,94
RKT.L,-0.0145833333333333,1,94
CFX.L,-0.0120481927710843,1,94
BPP.L^H09,-0.0091848450057405,1,94
LVMHq.L^K07,-0.006571318129107,1,94
DLAR.L,0.0,1,94
FTVc.L^A07,0.0,1,94
KPCK.L,0.0,1,94
SGRO.L,0.0066833751044279,1,94
WLB.L^D07,0.0068965517241379,1,94
TIK.L^A13,0.0113960113960114,1,94
LINGq.L^K07,0.0152519893899205,0,94
WBY.L^B06,0.0152740341419586,0,94
SMN.L^I06,0.0171428571428571,0,94
MCG.L,0.0191748983149331,0,94
WIN.L,0.0235294117647058,0,94
PLI.L^K20,0.0241758244252445,0,94
FGP.L,0.0248911014312382,0,94
IPM.L^I11,0.0273414776032576,0,94
JUSC.L,0.0281605751947275,0,94
DCC.L,0.0303867403314914,0,94
WBN.L^L13,0.03125,0,94
LWI.L,0.0341779611078372,0,94
CNN.L,0.0344827586206897,0,94
RCSMq.L^K07,0.0379746835443037,0,94
FUT.L^H06,0.0384193194291986,0,94
SGE.L,0.0406976744186047,0,94
CRH.L,0.0418679549114326,0,94
IMI.L,0.044234592445328,0,94
ATTR.L,0.045267489711934,0,94
CDFF.L,0.0453333333333332,0,94
MIDW.L,0.0455420141116098,0,94
MTLB.L^K06,0.0458715596330274,0,94
GFS.L^E21,0.0481366459627328,0,94
MLC.L^J19,0.05,0,94
DGG.L^K07,0.0541871921182266,0,94
JMF.L,0.0559129143988124,0,94
PCT.L,0.0562372188139057,0,94
DNDL.L^J18,0.057541412127813,0,94
SOGNq.L^K07,0.0592863163810057,0,94
RUES.L^F13,0.0612244896566276,0,94
SDP.L,0.0647948164146867,0,94
TOTFq.L^K07,0.0649288121603961,0,94
0066q.L^J08,0.0655737704918033,0,94
JUKG.L^C21,0.0656424581005588,0,94
INME.L^H19,0.0680000733800023,0,94
VRD.L^L06,0.0687534935718279,0,94
FLN.L^F07,0.069033530571992,0,94
JAGIJ.L,0.0718446601941746,0,94
EDU.L^K07,0.0726141078838173,0,94
LMSO.L^B07,0.0730452661355682,0,94
MRCM.L,0.0779510022271712,0,94
IIT.L^K22,0.0816777041942602,0,94
SXS.L,0.0844514601420678,0,94
ELEq.L^K07,0.088350785340314,0,94
IAT.L,0.0906249999999999,-1,94
EMG.L,0.092670157068063,-1,94
BNPPq.L^K07,0.0955945252352439,-1,94
STAN.L,0.0988416988416989,-1,94
TCAPI.L,0.0991596638655463,-1,94
CSTL.L^L06,0.099159664008817,-1,94
BBVAq.L^K07,0.1019816336394392,-1,94
HNE.L,0.103578154425612,-1,94
UBSNq.L^K07,0.1037359448676096,-1,94
ERM.L^K22,0.1119711042311661,-1,94
RAT.L,0.1290322580645162,-1,94
SCHNq.L^K07,0.1346710399382598,-1,94
WEIR.L,0.1426684280052841,-1,94
ITF.L^H07,0.1472868217054264,-1,94
SDR.L,0.1694736842105264,-1,94
PAACx.L^H07,0.1764705882352941,-1,94
GLEG.L,0.1770259638080251,-1,94
COHC.L^C10,0.2741935483870967,-1,94
XTL.L^J07,-0.1722222222222222,1,95
PLTT.L^L08,0.1428571428571428,-1,95
PLW.L^E10,0.1162790697674418,0,96
PRZ.L^B15,0.0409836065573769,0,97
PTTx.L^L07,0.6875,0,98
EXP.L^B09,-0.1602787456445993,1,99
FTEq.L^K07,-0.125173852573018,1,99
LSC.L,-0.1132075471698113,1,99
HRLM.L^J09,-0.1020408163265306,1,99
ELDA.L^H18,-0.075187969924812,1,99
NWKI.L^D15,-0.0714285714285714,1,99
SDMS.L^D18,-0.0714285634713987,1,99
PIRI.L,-0.0666666666666666,1,99
THT.L^H15,-0.0657051282051282,0,99
PACC.L^C16,-0.0634920634920634,0,99
EQGP.L^K07,-0.060377358490566,0,99
BSDB.L^F21,-0.0441176470588234,0,99
ITAM.L^L10,-0.036697247706422,0,99
KIN.L^C08,-0.0295698924731182,0,99
WUN.L^A07,-0.0283505154639175,0,99
SPHN.L,-0.0256410256410256,0,99
JNYJ.L^L16,-0.0233463035019455,0,99
ESPIq.L^K07,-0.0228384991843393,0,99
PRER.L^D10,-0.0227258863262036,0,99
TEFq.L^K07,-0.0218140068886337,0,99
JQV.L^B12,-0.0169491525423728,0,99
MRIT.L,-0.0108695652173913,0,99
HOF.L^K06,-0.0022075055187638,0,99
0069q.L^J08,0.0,0,99
0291q.L^J08,0.0,0,99
5201q.L^J08,0.0,0,99
5713q.L^J08,0.0,0,99
5802q.L^J08,0.0,0,99
6703q.L^J08,0.0,0,99
7269q.L^J08,0.0,0,99
8031q.L^J08,0.0,0,99
8053q.L^J08,0.0,0,99
8802q.L^J08,0.0,0,99
ALUG.L,0.0,0,99
SLPT.L^B09,0.0,0,99
TLY.L,0.0,0,99
WTC.L^K09,0.0142857172444823,0,99
HDU.L^G12,0.018994413407821,0,99
GLA.L^B08,0.0212765957446807,0,99
SN.L,0.0233426704014938,0,99
FCCN.L^K21,0.0268022181146025,0,99
JPR.L^K18,0.0290010741105866,0,99
AAVC.L,0.037344398340249,0,99
CGR.L^D07,0.0391061452513965,0,99
ENEIq.L^K07,0.0428571428571429,0,99
IQAI.L,0.0445682451253481,0,99
CHCH.L,0.0497237569060773,-1,99
TPK.L,0.067857142857143,-1,99
MSq.L^K07,0.0843471208434711,-1,99
TXH.L^J20,0.0956937799043062,-1,99
7201q.L^J08,0.100418410041841,-1,99
RCH.L,0.1038394415357766,-1,99
6753q.L^J08,0.2134894091415831,-1,99
KBT.L,0.3475609756097559,-1,99
RGD.L,-0.0191082802547771,0,100
RTD.L^L06,0.1161048689138577,0,101
RWS.L,0.0053859964093356,0,102
SBT.L^C13,0.1972343522561863,0,103
GLAD.L^E10,-0.1382978723404255,1,104
DAGR.L^K07,-0.1056910569105691,1,104
WHM.L^D08,-0.0136054421768707,1,104
DES.L^L13,0.0378787956091921,0,104
PAGPA.L,0.0585516178736515,0,104
ATS.L,0.0772104607721042,0,104
CPTAq.L^J07,0.0968703427719821,0,104
SUNq.L^K07,0.1067888352680317,-1,104
SHI.L,0.1164383561643833,-1,104
BRLA.L,0.184536082474227,-1,104
SIG.L^C16,-0.041860465116279,1,105
UFO.L,-0.0416666666666666,1,105
MUL.L,-0.0089020771513352,0,105
AVG.L,0.0519031141868511,-1,105
GHH.L,0.1679389312977099,-1,105
SORA.L,-0.0224719101123596,0,106
SPS.L^D08,-0.3723404255319149,1,107
VELA.L,-0.25,1,107
VIAN.L^A09,-0.15625,0,107
CYHU.L^A10,-0.0980392156862745,0,107
TRK.L^C18,-0.0967741942750457,0,107
EITE.L^G15,-0.0909090909090909,0,107
NYO.L^I17,-0.0363636363636363,0,107
SPT.L,0.035353535353535,0,107
IQE.L,0.1917808219178083,-1,107
TFC.L^G10,0.6126126126126126,-1,107
SRXR.L^L16,0.1415929203539823,0,108
IMG.L^K17,-0.0697674418604651,1,109
SGC.L^F22,0.0021644983699373,1,109
MTC.L,0.0054347826086955,0,109
SVRP.L^B17,0.064516129032258,0,109
KWL.L^G12,0.09375,-1,109
AZM.L^J09,0.1394422310756973,-1,109
N4P.L,-0.1538461538461538,1,110
PMG.L,-0.0769230769230768,1,110
LUq.L^L06,-0.0447284345047923,1,110
CTI.L^L20,-0.0444444444444445,1,110
RFT.L^D06,-0.0434782608695651,1,110
HRR.L^L06,-0.0357142857142857,0,110
WSI.L^B12,-0.024390243902439,0,110
FSG.L^B11,-0.0238095238095238,0,110
CML.L,-0.0190476190476193,0,110
TRD.L,0.0098039215686274,0,110
HARV.L^L18,0.0337078651685394,0,110
VLX.L,0.0420560747663552,0,110
CWV.L^A08,0.05,0,110
NTY.L^J10,0.0748299319727892,0,110
XAN.L^J07,0.1,-1,110
CHO.L^D08,0.1052631578947369,-1,110
DEMG.L,0.1095890410958904,-1,110
DNICi.L^F07,0.1333333333333333,-1,110
NETC.L,0.3076923076923077,-1,110
TRDS.L^C08,0.0062630480167014,0,111
ULT.L^G15,0.0424999999999999,0,112
WDNY.L^H09,-0.2867647058823529,1,113
FRO.L^K15,0.0,0,113
EVTL.L^I12,0.0689655654750907,-1,113
XAR.L,0.1778398510242085,0,114
XPT.L^D10,-0.1258741258741259,0,115
YOU.L,0.0099573257467995,0,116
ZOLq.L^B22,0.1829268292682926,0,117
ZYT.L,0.019927536231884,0,118
