Firm Name,Momentum_1,Long Short,Long,Short,Cluster Index
77413,0.5031446540880504,-0.0,0,0,1
89174,-0.0540540540540539,0.0,0,0,1
86122,-0.0519930675909878,0.0,0,0,1
79724,-0.0488155061019381,0.0,0,0,1
78841,-0.0440251572327043,0.0,0,0,1
25785,-0.0384615384615385,0.0,0,0,1
27562,-0.0364918736583869,0.0,0,0,1
77437,-0.0355029585798817,0.0,0,0,1
11038,-0.0330788804071248,0.0,0,0,1
81624,-0.0327868852459016,0.0,0,0,1
77785,-0.032051282051282,0.0,0,0,1
80804,-0.0280830280830279,0.0,0,0,1
79785,-0.0207175139007064,0.0,0,0,1
82755,-0.0554621848739496,0.0,0,0,1
43634,-0.0194174757281553,0.0,0,0,1
77902,-0.017846862406448,0.0,0,0,1
11552,-0.0112359550561796,0.0,0,0,1
69550,-0.0030188679245282,0.0,0,0,1
84275,-0.0021949078138718,0.0,0,0,1
80375,0.0032715376226826,0.0,0,0,1
86111,0.0034634760705289,0.0,0,0,1
47423,0.0049833887043189,0.0,0,0,1
87343,0.0101694915254235,0.0,0,0,1
90175,0.0119047619047618,0.0,0,0,1
77300,0.0156944033165529,0.0,0,0,1
42585,0.0218274111675127,0.0,0,0,1
90411,0.025716819391073,0.0,0,0,1
76798,-0.0193704600484261,0.0,0,0,1
77274,-0.058951965065502,0.0,0,0,1
72232,-0.0614285714285713,0.0,0,0,1
76858,-0.0625,0.0,0,0,1
89908,-0.3935523114355231,0.0,0,0,1
80670,-0.2705035971223021,0.0,0,0,1
75764,-0.2493952769257625,0.0,0,0,1
87302,-0.2297872340425532,0.0,0,0,1
77202,-0.2232558139534883,0.0,0,0,1
90233,-0.2169642857142857,0.0,0,0,1
29103,-0.2041564792176039,0.0,0,0,1
84331,-0.1935483870967742,0.0,0,0,1
87306,-0.1912350597609562,0.0,0,0,1
77669,-0.1870588235294117,0.0,0,0,1
79159,-0.1834831834831835,0.0,0,0,1
88811,-0.1736363636363637,0.0,0,0,1
76217,-0.1732283464566929,0.0,0,0,1
79864,-0.1599197055871529,0.0,0,0,1
89394,-0.1557863501483679,0.0,0,0,1
27909,-0.1511111111111112,0.0,0,0,1
84062,-0.1303820497271073,0.0,0,0,1
90031,-0.1281790437436418,0.0,0,0,1
76282,-0.1033314511575381,0.0,0,0,1
80795,-0.0927251043530112,0.0,0,0,1
85724,-0.0889292196007259,0.0,0,0,1
90353,-0.0880503144654087,0.0,0,0,1
87659,-0.087958115183246,0.0,0,0,1
88532,-0.0868596881959912,0.0,0,0,1
88892,-0.084462444771723,0.0,0,0,1
88924,-0.0835497835497834,0.0,0,0,1
12166,-0.0704898446833929,0.0,0,0,1
84060,0.0277108433734938,0.0,0,0,1
70616,0.0321285140562248,0.0,0,0,1
89971,-0.1423017107309486,0.0,0,0,1
76990,0.0370141887723625,-0.0,0,0,1
76946,0.1809523809523809,-0.0,0,0,1
87264,0.1836363636363636,-0.0,0,0,1
79490,0.1860465116279068,-0.0,0,0,1
84562,0.190625,-0.0,0,0,1
34833,0.1922188665837627,-0.0,0,0,1
10259,0.1965944272445821,-0.0,0,0,1
77236,0.2011661807580176,-0.0,0,0,1
87499,0.2068376068376067,-0.0,0,0,1
81254,0.2077814569536424,-0.0,0,0,1
28484,0.215367767840847,-0.0,0,0,1
85744,0.2213279678068411,-0.0,0,0,1
90452,0.2304871660555263,-0.0,0,0,1
79237,0.1778304682868998,-0.0,0,0,1
82763,0.2333333333333334,-0.0,0,0,1
45560,0.24,-0.0,0,0,1
88511,0.2478632478632478,-0.0,0,0,1
89727,0.2493896058597837,-0.0,0,0,1
83756,0.2684824902723735,-0.0,0,0,1
86881,0.2698961937716262,-0.0,0,0,1
90494,0.3098537336412625,-0.0,0,0,1
10355,0.3108882521489973,-0.0,0,0,1
75853,0.3719008264462808,-0.0,0,0,1
84776,0.4089904200442151,-0.0,0,0,1
89901,0.4304029304029304,-0.0,0,0,1
87077,0.4610983981693364,-0.0,0,0,1
87832,0.0333333333333334,-0.0,0,0,1
79212,0.2339873052510099,-0.0,0,0,1
84546,0.1775147928994083,-0.0,0,0,1
88182,0.2583025830258303,-0.0,0,0,1
83123,0.1706056129985229,-0.0,0,0,1
88475,0.0370370370370369,-0.0,0,0,1
89948,0.1754385964912281,-0.0,0,0,1
88739,0.0416666666666667,-0.0,0,0,1
85231,0.0454183266932268,-0.0,0,0,1
87618,0.0509666080843584,-0.0,0,0,1
84057,0.0521541950113377,-0.0,0,0,1
18075,0.0656814449917899,-0.0,0,0,1
11208,0.0667384284176535,-0.0,0,0,1
76750,0.0700841009211052,-0.0,0,0,1
87056,0.0839813374805598,-0.0,0,0,1
83111,0.092160383004189,-0.0,0,0,1
83908,0.0933098591549297,-0.0,0,0,1
89898,0.0977011494252872,-0.0,0,0,1
80303,0.0991544965411221,-0.0,0,0,1
43290,0.0555555555555555,-0.0,0,0,1
89876,0.1061739943872779,-0.0,0,0,1
90454,0.1001042752867571,-0.0,0,0,1
71985,0.1697645600991324,-0.0,0,0,1
82768,0.1619076549210207,-0.0,0,0,1
76614,0.1515837104072397,-0.0,0,0,1
57509,0.1652856519843,-0.0,0,0,1
39029,0.1338028169014085,-0.0,0,0,1
82518,0.1342281879194631,-0.0,0,0,1
89932,0.1267605633802817,-0.0,0,0,1
86249,0.1236607142857144,-0.0,0,0,1
84624,0.1162215628090999,-0.0,0,0,1
18650,0.1160275319567354,-0.0,0,0,1
82281,0.1290697674418606,-0.0,0,0,1
88313,0.0109670987038885,0.0,0,0,2
86189,0.0133191262653169,0.0,0,0,2
89321,0.0106557377049181,0.0,0,0,2
81577,0.007704160246533,0.0,0,0,2
90462,0.0139170532514791,0.0,0,0,2
77282,0.0043478260869567,0.0,0,0,2
48725,0.0026455026455027,0.0,0,0,2
79965,0.0,0.0,0,0,2
60628,-0.0094710507505361,0.0,0,0,2
18542,-0.0033726812816188,0.0,0,0,2
82618,-0.0038167938931298,0.0,0,0,2
11081,-0.0043029259896728,0.0,0,0,2
87020,-0.010864197530864,0.0,0,0,2
79884,-0.0121739130434782,0.0,0,0,2
59176,-0.014670896114195,0.0,0,0,2
86158,0.0161355385235983,0.0,0,0,2
90210,-0.0149253731343284,0.0,0,0,2
82635,-0.0155339805825243,0.0,0,0,2
89022,-0.001111111111111,0.0,0,0,2
87488,0.0165975103734439,0.0,0,0,2
53613,0.0368852459016393,0.0,0,0,2
88516,0.0204081632653061,0.0,0,0,2
19350,0.0535627726611731,0.0,0,0,2
11917,-0.0210526315789474,0.0,0,0,2
86474,0.0526315789473683,0.0,0,0,2
87696,0.0504065040650405,0.0,0,0,2
77630,0.048780487804878,0.0,0,0,2
11533,0.0451843043995243,0.0,0,0,2
24432,0.0414651002073254,0.0,0,0,2
89753,0.0413080895008606,0.0,0,0,2
45225,0.018796992481203,0.0,0,0,2
41574,0.0364163306451612,0.0,0,0,2
81275,0.0315789473684211,0.0,0,0,2
87140,0.0311004784688995,0.0,0,0,2
84403,0.0285571142284568,0.0,0,0,2
78068,0.0277207392197125,0.0,0,0,2
76123,0.0265273311897105,0.0,0,0,2
80357,0.0264900662251654,0.0,0,0,2
13769,0.024390243902439,0.0,0,0,2
87165,0.024390243902439,0.0,0,0,2
10205,0.035598705501618,0.0,0,0,2
56710,-0.0222222222222221,0.0,0,0,2
81588,-0.108695652173913,0.0,0,0,2
88424,-0.0304709141274237,0.0,0,0,2
90136,-0.0820895522388059,0.0,0,0,2
12149,-0.093525179856115,0.0,0,0,2
26650,-0.0937050876688703,0.0,0,0,2
79150,-0.0982142857142857,0.0,0,0,2
89525,-0.109314359637775,0.0,0,0,2
76622,-0.1176470588235294,0.0,0,0,2
29787,-0.1238095238095239,0.0,0,0,2
90223,-0.1240875912408759,0.0,0,0,2
89353,-0.0811359026369167,0.0,0,0,2
79666,-0.1320754716981133,0.0,0,0,2
27705,-0.1427725118483411,0.0,0,0,2
89798,-0.1545189504373179,0.0,0,0,2
86949,-0.188034188034188,0.0,0,0,2
88332,-0.2,0.0,0,0,2
79507,-0.2045009784735811,0.0,0,0,2
70033,-0.2342057761732853,0.0,0,0,2
88545,-0.2344689378757515,1.0,1,0,2
21371,0.0580053270198284,0.0,0,0,2
32062,-0.1335740072202166,0.0,0,0,2
80254,-0.0795620437956204,0.0,0,0,2
30509,-0.0794361445001379,0.0,0,0,2
83011,-0.0757142857142857,0.0,0,0,2
88384,-0.0313370473537604,0.0,0,0,2
90248,-0.0402542372881354,0.0,0,0,2
88626,-0.040983606557377,0.0,0,0,2
84020,-0.0414012738853504,0.0,0,0,2
38850,-0.0414857694163048,0.0,0,0,2
89292,-0.0427350427350426,0.0,0,0,2
54114,-0.0430396772024208,0.0,0,0,2
89497,-0.0437079731027857,0.0,0,0,2
39917,-0.0476460578559273,0.0,0,0,2
89485,-0.0484785972150594,0.0,0,0,2
83659,-0.0505319148936169,0.0,0,0,2
89533,-0.0553148100943154,0.0,0,0,2
92399,-0.0557894736842105,0.0,0,0,2
57808,-0.0579216354344122,0.0,0,0,2
89244,-0.0582797427652732,0.0,0,0,2
80857,-0.065526145900581,0.0,0,0,2
86075,-0.0663212435233161,0.0,0,0,2
11499,-0.0704225352112676,0.0,0,0,2
12431,-0.0707395498392282,0.0,0,0,2
30840,-0.0269151138716357,0.0,0,0,2
68523,0.0606060606060605,0.0,0,0,2
89938,0.1220825852782765,-0.0,0,0,2
87837,0.0694444444444444,-0.0,0,0,2
79618,0.2619047619047618,-0.0,0,0,2
83664,0.2471751412429379,-0.0,0,0,2
53480,0.2449952335557674,-0.0,0,0,2
32791,0.2447384245339747,-0.0,0,0,2
90664,0.2410714285714283,-0.0,0,0,2
88853,0.2405598098758912,-0.0,0,0,2
90487,0.2403100775193798,-0.0,0,0,2
87404,0.2390670553935858,-0.0,0,0,2
84032,0.2754293262879788,-0.0,0,0,2
63781,0.2279223158666177,-0.0,0,0,2
24272,0.2204007285974498,-0.0,0,0,2
88845,0.2167196728759655,-0.0,0,0,2
78170,0.2120872971460548,-0.0,0,0,2
82521,0.207810320781032,-0.0,0,0,2
54244,0.2064516129032259,-0.0,0,0,2
51369,0.2037037037037037,-0.0,0,0,2
86211,0.2027756360832691,-0.0,0,0,2
86176,0.200507614213198,-0.0,0,0,2
67029,0.2222222222222223,-0.0,0,0,2
69032,0.2825719120135364,-0.0,0,0,2
88991,0.2876089427813564,-0.0,0,0,2
76945,0.2878411910669975,-0.0,0,0,2
43757,1.1465517241379315,-1.0,0,-1,2
89922,0.6723646723646726,-0.0,0,0,2
81173,0.6385809312638582,-0.0,0,0,2
89636,0.4986751457339693,-0.0,0,0,2
82812,0.4790626200537839,-0.0,0,0,2
80971,0.4732142857142858,-0.0,0,0,2
89626,0.453083331688126,-0.0,0,0,2
72611,0.4477611940298507,-0.0,0,0,2
86178,0.4294385432473444,-0.0,0,0,2
15203,0.4278092783505156,-0.0,0,0,2
77502,0.4079320113314448,-0.0,0,0,2
66368,0.4064516129032258,-0.0,0,0,2
42219,0.4033018867924527,-0.0,0,0,2
87394,0.0671462829736211,0.0,0,0,2
77486,0.3461538461538462,-0.0,0,0,2
81691,0.3235062611806798,-0.0,0,0,2
90277,0.3210502072777521,-0.0,0,0,2
89413,0.318347509113001,-0.0,0,0,2
39220,0.3174999999999999,-0.0,0,0,2
61487,0.1999999999999999,-0.0,0,0,2
89799,0.1975028376844494,-0.0,0,0,2
76138,0.3772011121408711,-0.0,0,0,2
90441,0.1840193704600483,-0.0,0,0,2
11839,0.1042857142857143,-0.0,0,0,2
47706,0.1042471042471042,-0.0,0,0,2
75034,0.0978077571669477,-0.0,0,0,2
87105,0.096774193548387,-0.0,0,0,2
88575,0.0956937799043062,-0.0,0,0,2
90614,0.0956521739130435,-0.0,0,0,2
83844,0.093220338983051,-0.0,0,0,2
89498,0.0909090909090908,-0.0,0,0,2
20117,0.1046632124352331,-0.0,0,0,2
10302,0.0844892812105926,-0.0,0,0,2
78889,0.0819165378670789,-0.0,0,0,2
89678,0.0790697674418603,-0.0,0,0,2
61946,0.0764587525150906,-0.0,0,0,2
15069,0.0734006734006733,-0.0,0,0,2
85939,0.0722100656455142,-0.0,0,0,2
87167,0.0699815837937385,-0.0,0,0,2
86356,0.0698239222829388,-0.0,0,0,2
84280,0.1844262295081966,-0.0,0,0,2
82839,0.0830324909747293,-0.0,0,0,2
83976,0.1127124907612713,-0.0,0,0,2
83382,0.0810810810810811,-0.0,0,0,2
62341,0.1172115977791485,-0.0,0,0,2
80955,0.1832222995591792,-0.0,0,0,2
85176,0.1144578313253013,-0.0,0,0,2
77165,0.1736842105263158,-0.0,0,0,2
11898,0.1717948717948718,-0.0,0,0,2
80951,0.1710496740840639,-0.0,0,0,2
85540,0.1385816525699414,-0.0,0,0,2
21936,0.1369760479041917,-0.0,0,0,2
79315,0.136288998357964,-0.0,0,0,2
21573,0.1350710900473932,-0.0,0,0,2
46340,0.1538461538461539,-0.0,0,0,2
76240,0.1259899208063355,-0.0,0,0,2
88159,0.1257606490872211,-0.0,0,0,2
46463,0.1176470588235294,-0.0,0,0,2
51377,0.122069523039612,-0.0,0,0,2
88940,0.1207729468599034,-0.0,0,0,2
19561,0.1198501872659176,-0.0,0,0,2
88457,0.1188811188811189,-0.0,0,0,2
92655,0.1309523809523809,-0.0,0,0,2
33823,0.1178304239401497,-0.0,0,0,2
38906,-0.0063566077737239,0.0,0,0,3
23085,-0.0066181336863004,0.0,0,0,3
12067,-0.0071982281284606,0.0,0,0,3
11654,-0.0081967213114754,0.0,0,0,3
83822,-0.0084485407066051,0.0,0,0,3
79019,-0.0123456790123456,0.0,0,0,3
84738,-0.0107526881720428,0.0,0,0,3
89202,-0.0202497589314412,0.0,0,0,3
89758,-0.0006666666666667,0.0,0,0,3
87447,-0.0229270156667941,0.0,0,0,3
89279,-0.0218749999999999,0.0,0,0,3
90540,-0.0099071207430339,0.0,0,0,3
47677,0.0,0.0,0,0,3
61621,0.0122176971492038,0.0,0,0,3
82179,0.0054221533694811,0.0,0,0,3
22293,0.0054719562243501,0.0,0,0,3
65365,0.0069790628115653,0.0,0,0,3
22509,0.0095346197502839,0.0,0,0,3
64450,0.0106318347509113,0.0,0,0,3
85486,0.0110974106041923,0.0,0,0,3
25778,0.0115942028985507,0.0,0,0,3
89070,0.0127301659468059,0.0,0,0,3
60580,0.0138248847926267,0.0,0,0,3
83333,0.0165289256198346,0.0,0,0,3
84561,0.0244233378561735,0.0,0,0,3
89409,-0.0229709035222052,0.0,0,0,3
76149,0.0258227848101266,0.0,0,0,3
12570,0.0041453304072178,0.0,0,0,3
89973,-0.0231741573033708,0.0,0,0,3
75101,-0.1145320197044333,0.0,0,0,3
90274,-0.0417526617526617,0.0,0,0,3
10901,0.0283175039868375,0.0,0,0,3
89453,-0.2953156822810591,0.0,0,0,3
86965,-0.2222222222222222,0.0,0,0,3
80478,-0.1678994082840237,0.0,0,0,3
12036,-0.1637329790767187,0.0,0,0,3
75603,-0.1634408602150537,0.0,0,0,3
53065,-0.1629392971246005,0.0,0,0,3
15457,-0.1308325709057639,0.0,0,0,3
78977,-0.1154228855721393,0.0,0,0,3
80415,-0.1151079136690647,0.0,0,0,3
42614,-0.1144954128440367,0.0,0,0,3
88510,-0.1120305537873966,0.0,0,0,3
79116,-0.1112499999999999,0.0,0,0,3
89740,-0.0416506941782363,0.0,0,0,3
46923,-0.1059072722993645,0.0,0,0,3
17743,-0.0928481806775407,0.0,0,0,3
90216,-0.0909090909090909,0.0,0,0,3
84291,-0.0824417872876023,0.0,0,0,3
47255,-0.0787878787878788,0.0,0,0,3
14702,-0.0778050778050778,0.0,0,0,3
88867,-0.0761203192142417,0.0,0,0,3
10501,-0.0719806763285023,0.0,0,0,3
78987,-0.0621739130434783,0.0,0,0,3
48486,-0.0606169296987086,0.0,0,0,3
85726,-0.0597014925373134,0.0,0,0,3
63503,-0.0582750582750583,0.0,0,0,3
83124,-0.0503448275862069,0.0,0,0,3
11701,-0.0429212043561819,0.0,0,0,3
77421,-0.0973891421467052,0.0,0,0,3
12281,0.0299869621903521,0.0,0,0,3
76359,-0.0641711229946524,0.0,0,0,3
90541,0.0382746051032805,-0.0,0,0,3
60599,0.136279926335175,-0.0,0,0,3
31070,0.1444043321299637,-0.0,0,0,3
60871,0.1470864661654134,-0.0,0,0,3
88284,0.1554290718038529,-0.0,0,0,3
78210,0.1612903225806452,-0.0,0,0,3
40416,0.1669595782073811,-0.0,0,0,3
83631,0.0345511186632681,-0.0,0,0,3
11426,0.1725888324873097,-0.0,0,0,3
78975,0.1768266320795504,-0.0,0,0,3
76279,0.1816283924843424,-0.0,0,0,3
86814,0.1826252377932782,-0.0,0,0,3
90067,0.1941455015066724,-0.0,0,0,3
86008,0.1957295373665479,-0.0,0,0,3
21055,0.1321334503950832,-0.0,0,0,3
85245,0.1963470319634703,-0.0,0,0,3
86895,0.2023999999999999,-0.0,0,0,3
55546,0.2099109131403118,-0.0,0,0,3
87137,0.2196721311475409,-0.0,0,0,3
85763,0.2248353715898399,-0.0,0,0,3
83366,0.2315206773038098,-0.0,0,0,3
85656,0.2476401998889503,-0.0,0,0,3
86384,0.2710280373831777,-0.0,0,0,3
27430,0.2817412333736397,-0.0,0,0,3
87797,0.2924281984334205,-0.0,0,0,3
84157,0.2930591259640103,-0.0,0,0,3
76489,0.3002865329512896,-0.0,0,0,3
33137,0.3826086956521739,-0.0,0,0,3
89546,0.4889779559118234,-0.0,0,0,3
88648,0.1994609164420486,-0.0,0,0,3
79776,0.1200000000000001,-0.0,0,0,3
19271,0.3578947368421052,-0.0,0,0,3
89006,0.1158119658119658,-0.0,0,0,3
86323,0.1181818181818181,-0.0,0,0,3
89968,0.0403807326218632,-0.0,0,0,3
80165,0.0449999999999999,-0.0,0,0,3
63714,0.0513418903150524,-0.0,0,0,3
83861,0.0550645819170632,-0.0,0,0,3
13610,0.0603174603174603,-0.0,0,0,3
10145,0.0624799743671897,-0.0,0,0,3
85502,0.0632911392405062,-0.0,0,0,3
82598,0.0655737704918031,-0.0,0,0,3
10299,0.0734618916437097,-0.0,0,0,3
25320,0.077760497667185,-0.0,0,0,3
87340,0.0777777777777777,-0.0,0,0,3
89030,0.0783410138248847,-0.0,0,0,3
44644,0.0798295454545452,-0.0,0,0,3
21776,0.0407543897680466,-0.0,0,0,3
90312,0.0935828877005346,-0.0,0,0,3
49656,0.0902668759811617,-0.0,0,0,3
89014,0.1061277705345502,-0.0,0,0,3
26403,0.1059360730593608,-0.0,0,0,3
89781,0.1057736720554274,-0.0,0,0,3
12052,0.1012192761757304,-0.0,0,0,3
10530,0.0995397008055236,-0.0,0,0,3
81061,0.112162162162162,-0.0,0,0,3
87637,0.0961775585696671,-0.0,0,0,3
37399,0.096,-0.0,0,0,3
88257,0.0942249240121582,-0.0,0,0,3
86102,0.0939685314685314,-0.0,0,0,3
79303,0.093797739077299,-0.0,0,0,3
89826,0.0964285714285713,-0.0,0,0,3
80918,0.0,0.0,0,0,4
88379,-0.0029112081513829,0.0,0,0,4
61787,-0.0033222591362125,0.0,0,0,4
78081,-0.0033444816053512,0.0,0,0,4
76638,-0.0151515151515152,0.0,0,0,4
87390,-0.0151515151515151,0.0,0,0,4
88891,-0.0210239126945915,0.0,0,0,4
85040,-0.0232312565997887,0.0,0,0,4
76673,0.0038461538461538,0.0,0,0,4
76355,-0.0281690140845071,0.0,0,0,4
90377,-0.014657581253983,0.0,0,0,4
77292,-0.027972027972028,0.0,0,0,4
90052,0.0348027842227378,0.0,0,0,4
83800,0.0160098522167488,0.0,0,0,4
85426,0.0186513629842179,0.0,0,0,4
79791,0.0199203187250998,0.0,0,0,4
88926,0.0256410256410257,0.0,0,0,4
80258,0.0271621621621622,0.0,0,0,4
30593,0.0416666666666667,0.0,0,0,4
90243,0.0588235294117645,0.0,0,0,4
85549,0.06,0.0,0,0,4
56223,0.0663390663390661,0.0,0,0,4
51692,0.0695187165775399,0.0,0,0,4
87571,0.074,0.0,0,0,4
82238,-0.0416666666666667,0.0,0,0,4
22753,0.0773638968481373,0.0,0,0,4
89367,0.0080645161290322,0.0,0,0,4
78082,-0.0571428571428571,0.0,0,0,4
19828,-0.1599999999999999,0.0,0,0,4
88250,-0.0621039290240811,0.0,0,0,4
82825,0.08,0.0,0,0,4
26657,-0.4604904632152589,1.0,1,0,4
31078,-0.4021739130434782,1.0,1,0,4
86299,-0.3381642512077294,1.0,1,0,4
48347,-0.2969924812030075,1.0,1,0,4
76023,-0.2770573566084788,1.0,1,0,4
90491,-0.2655826558265582,1.0,1,0,4
88799,-0.2345679012345679,1.0,1,0,4
75110,-0.2199999999999998,0.0,0,0,4
86435,-0.1721518987341772,0.0,0,0,4
84146,-0.1714285714285714,0.0,0,0,4
88497,-0.1694915254237288,0.0,0,0,4
87337,-0.0606060606060605,0.0,0,0,4
11137,-0.1652892561983471,0.0,0,0,4
76095,-0.1473755047106325,0.0,0,0,4
89850,-0.1430594900849858,0.0,0,0,4
84511,-0.1171360884443275,0.0,0,0,4
20504,-0.1076923076923077,0.0,0,0,4
81756,-0.1028205128205128,0.0,0,0,4
85333,-0.1025641025641026,0.0,0,0,4
84555,-0.1017647058823529,0.0,0,0,4
76978,-0.1016949152542372,0.0,0,0,4
88784,-0.088888888888889,0.0,0,0,4
90280,-0.0810810810810811,0.0,0,0,4
83534,-0.0696969696969697,0.0,0,0,4
90489,-0.0621761658031086,0.0,0,0,4
81148,-0.1641791044776119,0.0,0,0,4
79758,0.0924918389553861,0.0,0,0,4
89452,0.012361111111111,0.0,0,0,4
76845,0.1013370865587615,-0.0,0,0,4
74908,0.3496932515337425,-0.0,0,0,4
85035,0.3507109004739337,-0.0,0,0,4
85402,0.3601895734597158,-0.0,0,0,4
76847,0.3719298245614035,-0.0,0,0,4
60709,0.3733333333333333,-0.0,0,0,4
11379,0.3779527559055118,-0.0,0,0,4
10838,0.3846153846153846,-0.0,0,0,4
84792,0.4572649572649574,-0.0,0,0,4
32651,0.5020242914979756,-0.0,0,0,4
85002,0.5061728395061726,-0.0,0,0,4
76127,0.5209790209790208,-0.0,0,0,4
85075,0.5487804878048781,-0.0,0,0,4
86887,0.328125,-0.0,0,0,4
90285,0.60880195599022,-0.0,0,0,4
88945,0.6151736745886658,-0.0,0,0,4
85280,0.7315490673154907,-0.0,0,0,4
78186,0.8405315614617941,-0.0,0,0,4
85627,0.8430232558139534,-0.0,0,0,4
11593,0.8705035971223023,-0.0,0,0,4
83651,1.0199999999999996,-1.0,0,-1,4
12266,1.1808510638297869,-1.0,0,-1,4
89386,1.26044226044226,-1.0,0,-1,4
77599,1.4222222222222225,-1.0,0,-1,4
88260,1.4647887323943665,-1.0,0,-1,4
80820,3.975609756097561,-1.0,0,-1,4
90273,0.0996978851963745,-0.0,0,0,4
52337,0.6133333333333333,-0.0,0,0,4
87439,0.317829457364341,-0.0,0,0,4
10779,0.9036144578313254,-1.0,0,-1,4
46922,0.2888888888888887,-0.0,0,0,4
42024,0.1073825503355705,-0.0,0,0,4
87487,0.3011583011583012,-0.0,0,0,4
37284,0.1108196721311476,-0.0,0,0,4
90288,0.1172839506172838,-0.0,0,0,4
79977,0.127853881278539,-0.0,0,0,4
10890,0.139344262295082,-0.0,0,0,4
90327,0.144736842105263,-0.0,0,0,4
58836,0.146341463414634,-0.0,0,0,4
46229,0.1466666666666667,-0.0,0,0,4
89919,0.1538461538461537,-0.0,0,0,4
11923,0.1546134663341647,-0.0,0,0,4
76963,0.161290322580645,-0.0,0,0,4
90333,0.1676300578034681,-0.0,0,0,4
76613,0.1320000000000001,-0.0,0,0,4
27422,0.1816999132697312,-0.0,0,0,4
90029,0.288288288288288,-0.0,0,0,4
63335,0.252,-0.0,0,0,4
77461,0.2475822050290135,-0.0,0,0,4
83575,0.2352941176470588,-0.0,0,0,4
80587,0.2350526315789471,-0.0,0,0,4
85168,0.2376237623762376,-0.0,0,0,4
80557,0.2349726775956284,-0.0,0,0,4
11510,0.2263056092843327,-0.0,0,0,4
49429,0.2256809338521399,-0.0,0,0,4
82554,0.2229350441058539,-0.0,0,0,4
37234,0.1881250000000001,-0.0,0,0,4
81103,0.271276595744681,-0.0,0,0,4
45306,-0.026595744680851,0.0,0,0,5
87789,-0.0341255332114565,0.0,0,0,5
83462,-0.0283659608469836,0.0,0,0,5
10318,-0.0317396544797107,0.0,0,0,5
10026,-0.0319917440660473,0.0,0,0,5
88668,-0.0322770644363292,0.0,0,0,5
89204,-0.0338131904921326,0.0,0,0,5
76744,-0.0340687865022713,0.0,0,0,5
89217,-0.0265142857142856,0.0,0,0,5
10200,-0.0423529411764704,0.0,0,0,5
22825,-0.0368011323425336,0.0,0,0,5
77447,-0.0382978723404257,0.0,0,0,5
76624,-0.0416666666666666,0.0,0,0,5
52978,-0.04688672168042,0.0,0,0,5
77584,-0.0425474979930424,0.0,0,0,5
88868,-0.0436217008797654,0.0,0,0,5
90409,-0.0442127215849844,0.0,0,0,5
79795,-0.023391812865497,0.0,0,0,5
88860,-0.0467365028203061,0.0,0,0,5
83661,-0.0359999999999999,0.0,0,0,5
78916,-0.0223012281835811,0.0,0,0,5
88504,-0.0075987841945288,0.0,0,0,5
81655,-0.0216391668920745,0.0,0,0,5
10143,0.0068513553768243,0.0,0,0,5
77900,-0.0469798657718121,0.0,0,0,5
90287,0.0039889536667687,0.0,0,0,5
85792,0.0035195776506817,0.0,0,0,5
84584,0.0019244226731982,0.0,0,0,5
77668,0.0012505862122869,0.0,0,0,5
53074,0.0,0.0,0,0,5
86715,-0.0012987012987012,0.0,0,0,5
11641,-0.0060263653483992,0.0,0,0,5
80320,-0.022300095571838,0.0,0,0,5
89793,-0.0067542213883676,0.0,0,0,5
85067,-0.0106620381849739,0.0,0,0,5
83597,-0.0128755364806867,0.0,0,0,5
55976,-0.013095238095238,0.0,0,0,5
87013,-0.015608740894901,0.0,0,0,5
11976,-0.0164407268531872,0.0,0,0,5
90290,-0.0182328190743338,0.0,0,0,5
77768,-0.018898271009248,0.0,0,0,5
77004,-0.0193236714975845,0.0,0,0,5
70308,-0.0199443413729127,0.0,0,0,5
79824,-0.0091314935064935,0.0,0,0,5
75186,-0.0476190476190475,0.0,0,0,5
76392,-0.1173436492585429,0.0,0,0,5
21742,-0.0518602029312288,0.0,0,0,5
90215,-0.1135248773651016,0.0,0,0,5
72996,-0.1155799309364208,0.0,0,0,5
90426,-0.1213681500551673,0.0,0,0,5
78829,-0.1223508848590779,0.0,0,0,5
89048,-0.1232528589580685,0.0,0,0,5
38033,-0.1245901639344261,0.0,0,0,5
83452,-0.12756052141527,0.0,0,0,5
61735,-0.1469194312796209,0.0,0,0,5
90220,-0.1531002057008522,0.0,0,0,5
80050,-0.1663326653306613,0.0,0,0,5
83422,-0.1719226856561545,0.0,0,0,5
12211,-0.1811873554356206,0.0,0,0,5
80032,-0.1887861616462869,0.0,0,0,5
11406,-0.211948051948052,0.0,0,0,5
81621,-0.2141882673942701,0.0,0,0,5
86290,-0.2390243902439023,0.0,0,0,5
85759,-0.2441860465116279,0.0,0,0,5
88681,-0.2848256361922714,0.0,0,0,5
89230,0.0074326416847321,0.0,0,0,5
78900,-0.1097046413502109,0.0,0,0,5
30147,-0.1053968253968253,0.0,0,0,5
88031,-0.100098135426889,0.0,0,0,5
77379,-0.0929919137466308,0.0,0,0,5
15070,-0.0521148036253775,0.0,0,0,5
76261,-0.0594982078853046,0.0,0,0,5
52695,-0.0602050548402479,0.0,0,0,5
13303,-0.3715937241948802,0.0,0,0,5
77420,-0.0607613469985358,0.0,0,0,5
81677,-0.0644992134242266,0.0,0,0,5
87255,-0.0666666666666666,0.0,0,0,5
36468,-0.0677966101694915,0.0,0,0,5
86017,-0.0696864111498257,0.0,0,0,5
76695,-0.0494554543831458,0.0,0,0,5
79628,-0.0717455621301774,0.0,0,0,5
80034,-0.0747790618626785,0.0,0,0,5
89431,-0.0752551020408163,0.0,0,0,5
23393,-0.0760889542363535,0.0,0,0,5
89572,-0.0775757575757575,0.0,0,0,5
48531,-0.0790155440414508,0.0,0,0,5
81584,-0.0801526717557251,0.0,0,0,5
23799,-0.0859916782246879,0.0,0,0,5
89954,-0.090173877881116,0.0,0,0,5
89904,-0.0906762295081966,0.0,0,0,5
77660,-0.0726402783819051,0.0,0,0,5
11174,0.0080147965474723,0.0,0,0,5
42877,0.0935277382645802,-0.0,0,0,5
78189,0.0133928571428569,-0.0,0,0,5
79564,0.134957825679475,-0.0,0,0,5
89447,0.1315974665728358,-0.0,0,0,5
90196,0.1270718232044199,-0.0,0,0,5
84302,0.125,-0.0,0,0,5
16126,0.1235046880051728,-0.0,0,0,5
90078,0.118694362017804,-0.0,0,0,5
75070,0.1130343561500129,-0.0,0,0,5
87131,0.1110393802453195,-0.0,0,0,5
90178,0.1101417666303161,-0.0,0,0,5
78875,0.108433734939759,-0.0,0,0,5
43449,0.1069619065490712,-0.0,0,0,5
64135,0.1046402989722827,-0.0,0,0,5
89686,0.0957004160887655,-0.0,0,0,5
14868,0.0940170940170941,-0.0,0,0,5
83554,0.0935483870967741,-0.0,0,0,5
11343,0.0929824561403509,-0.0,0,0,5
63715,0.0916921367046401,-0.0,0,0,5
50278,0.0912392192464819,-0.0,0,0,5
87267,0.0885885885885884,-0.0,0,0,5
76215,0.1353436185133241,-0.0,0,0,5
83307,0.1356736242884251,-0.0,0,0,5
11481,0.1392086330935251,-0.0,0,0,5
86979,0.1422632794457274,-0.0,0,0,5
49488,0.3981636060100166,-0.0,0,0,5
68340,0.3717183770883052,-0.0,0,0,5
90547,0.34521484375,-0.0,0,0,5
31077,0.3288052943225357,-0.0,0,0,5
80928,0.3234265734265735,-0.0,0,0,5
80485,0.2892768079800498,-0.0,0,0,5
87006,0.2725680624104443,-0.0,0,0,5
52484,0.250892857142857,-0.0,0,0,5
10104,0.0129265770423991,0.0,0,0,5
11809,0.0882235528942116,-0.0,0,0,5
41241,0.228130360205832,-0.0,0,0,5
88922,0.2158273381294964,-0.0,0,0,5
89900,0.2020436600092892,-0.0,0,0,5
33398,0.1999999999999999,-0.0,0,0,5
85395,0.1873727087576375,-0.0,0,0,5
83969,0.1868421052631577,-0.0,0,0,5
77157,0.173841738417384,-0.0,0,0,5
81925,0.1569965870307168,-0.0,0,0,5
11644,0.1558328496807892,-0.0,0,0,5
87099,0.1464968152866241,-0.0,0,0,5
89549,0.2202247191011235,-0.0,0,0,5
22905,0.0877800036423237,-0.0,0,0,5
11587,0.2304600267976775,-0.0,0,0,5
83377,0.0870327102803736,-0.0,0,0,5
77191,0.0451954397394138,-0.0,0,0,5
77976,0.0450186467767714,-0.0,0,0,5
87179,0.0433815350389321,-0.0,0,0,5
53110,0.0426078028747431,-0.0,0,0,5
62958,0.0391217564870258,-0.0,0,0,5
58560,0.0376700962495852,-0.0,0,0,5
85319,0.0360750360750361,-0.0,0,0,5
19880,0.0351718625099919,-0.0,0,0,5
83291,0.0343007915567281,-0.0,0,0,5
65700,0.0314838709677418,-0.0,0,0,5
77178,0.0300094517958413,-0.0,0,0,5
12490,0.0297451797306462,-0.0,0,0,5
75517,0.0284474445515912,-0.0,0,0,5
82599,0.0276825731610861,-0.0,0,0,5
76839,0.0208926875593542,-0.0,0,0,5
61700,0.0200364298724953,-0.0,0,0,5
77163,0.0169286577992746,-0.0,0,0,5
86996,0.0146825396825396,-0.0,0,0,5
37217,0.0877689694224237,-0.0,0,0,5
61815,0.0481057268722466,-0.0,0,0,5
48523,0.0518264840182649,-0.0,0,0,5
86830,0.0270440251572325,-0.0,0,0,5
12503,0.0531746031746032,-0.0,0,0,5
30940,0.0835051546391749,-0.0,0,0,5
10272,0.052258064516129,-0.0,0,0,5
10909,0.083457249070632,-0.0,0,0,5
89290,0.0812807881773398,-0.0,0,0,5
90187,0.0784774436090225,-0.0,0,0,5
45911,0.0780542986425338,-0.0,0,0,5
80128,0.0757290686735654,-0.0,0,0,5
76841,0.0713694662805128,-0.0,0,0,5
78972,0.0712209302325581,-0.0,0,0,5
13603,0.066699850671976,-0.0,0,0,5
87510,0.078740157480315,-0.0,0,0,5
17726,0.0657596371882085,-0.0,0,0,5
85482,0.0638635462118206,-0.0,0,0,5
10659,0.0599922088040514,-0.0,0,0,5
25013,0.0599478714161598,-0.0,0,0,5
81666,0.0541082164328656,-0.0,0,0,5
89617,0.0593763348996154,-0.0,0,0,5
66384,0.056547619047619,-0.0,0,0,5
40539,0.0550589917769039,-0.0,0,0,5
76129,0.0666666666666668,-0.0,0,0,5
45437,0.0542857142857142,-0.0,0,0,5
59467,0.0352941176470589,0.0,0,0,6
90359,0.032,0.0,0,0,6
44506,0.0313075506445672,0.0,0,0,6
66747,0.0249999999999999,0.0,0,0,6
80341,0.0148063781321186,0.0,0,0,6
89643,0.0093333333333334,0.0,0,0,6
27474,-0.0019132653061224,0.0,0,0,6
10860,0.0055248618784531,0.0,0,0,6
79313,0.0018181818181817,0.0,0,0,6
88468,-0.0133333333333331,0.0,0,0,6
88979,-0.0145825883100885,0.0,0,0,6
89262,-0.0149892933618844,0.0,0,0,6
74500,0.0355029585798816,0.0,0,0,6
84780,-0.0211864406779661,0.0,0,0,6
83831,0.0077519379844961,0.0,0,0,6
77971,0.035641547861507,0.0,0,0,6
87612,0.0560344827586207,0.0,0,0,6
85453,0.0393258426966292,0.0,0,0,6
11775,-0.0220820189274447,0.0,0,0,6
47088,0.0667271901951882,0.0,0,0,6
20336,0.066702223407447,0.0,0,0,6
12060,0.0656126482213439,0.0,0,0,6
59871,0.0638709677419355,0.0,0,0,6
76736,0.0614379084967318,0.0,0,0,6
81206,0.0606060606060607,0.0,0,0,6
83961,0.0581886438291883,0.0,0,0,6
64936,0.0540450928381963,0.0,0,0,6
10507,0.0525773195876291,0.0,0,0,6
47642,0.0508806262230918,0.0,0,0,6
75033,0.0467625899280577,0.0,0,0,6
55001,0.0431211498973307,0.0,0,0,6
32054,0.0418604651162792,0.0,0,0,6
90665,0.0406504065040649,0.0,0,0,6
76697,0.0373961218836564,0.0,0,0,6
30681,-0.0308230060374959,0.0,0,0,6
84342,-0.1536231884057971,0.0,0,0,6
58683,-0.0343839541547278,0.0,0,0,6
90672,-0.1300052002080083,0.0,0,0,6
80621,-0.1642636457260556,0.0,0,0,6
82643,-0.1671763506625893,0.0,0,0,6
78910,-0.1679999999999999,0.0,0,0,6
79611,-0.173391494002181,0.0,0,0,6
47888,-0.1822784810126583,0.0,0,0,6
87162,-0.2020547945205478,0.0,0,0,6
86512,-0.2148566055477198,0.0,0,0,6
56611,-0.2509270704573547,0.0,0,0,6
86744,-0.2543859649122806,0.0,0,0,6
75596,-0.2571428571428571,0.0,0,0,6
84725,-0.2584269662921349,0.0,0,0,6
10638,-0.2805017103762828,0.0,0,0,6
72494,-0.3620689655172413,1.0,1,0,6
23712,0.0680294906166221,0.0,0,0,6
76195,-0.1284860557768923,0.0,0,0,6
79094,-0.0333333333333333,0.0,0,0,6
87301,-0.1283040434347764,0.0,0,0,6
79584,-0.1115065243179121,0.0,0,0,6
11506,-0.0387409200968522,0.0,0,0,6
90417,-0.040084388185654,0.0,0,0,6
41080,-0.0461764705882352,0.0,0,0,6
28564,-0.0494233937397036,0.0,0,0,6
30761,-0.0506666666666666,0.0,0,0,6
10568,-0.0530973451327432,0.0,0,0,6
89741,-0.0588235294117647,0.0,0,0,6
77478,-0.0683453237410072,0.0,0,0,6
92807,-0.0782122905027933,0.0,0,0,6
79322,-0.08,0.0,0,0,6
85728,-0.0840807174887892,0.0,0,0,6
75316,-0.0869939707149008,0.0,0,0,6
79037,-0.0884758364312267,0.0,0,0,6
86580,-0.0914634146341464,0.0,0,0,6
85966,-0.107398568019093,0.0,0,0,6
86526,-0.123076923076923,0.0,0,0,6
90317,0.069090909090909,0.0,0,0,6
87139,0.146103896103896,-0.0,0,0,6
11638,0.0724515585509688,-0.0,0,0,6
90071,0.2513904338153503,-0.0,0,0,6
81696,0.2377358490566037,-0.0,0,0,6
79731,0.2354312354312353,-0.0,0,0,6
75503,0.2328358208955223,-0.0,0,0,6
84737,0.2287480680061824,-0.0,0,0,6
75460,0.2286482851378615,-0.0,0,0,6
85158,0.2828571428571429,-0.0,0,0,6
85959,0.2066234701223903,-0.0,0,0,6
90416,0.1996466431095407,-0.0,0,0,6
86583,0.1946902654867257,-0.0,0,0,6
81776,0.1907407407407406,-0.0,0,0,6
77892,0.1785119047619048,-0.0,0,0,6
51457,0.1779867641936607,-0.0,0,0,6
83965,0.1776859504132231,-0.0,0,0,6
75556,0.2038216560509553,-0.0,0,0,6
76644,0.2836158192090394,-0.0,0,0,6
89573,0.2857142857142858,-0.0,0,0,6
11786,0.2991329479768785,-0.0,0,0,6
78216,0.8110692552883221,-1.0,0,-1,6
82638,0.5896017699115046,-0.0,0,0,6
83112,0.5619166148102055,-0.0,0,0,6
63079,0.4692482915717542,-0.0,0,0,6
45277,0.405668016194332,-0.0,0,0,6
89332,0.3887587822014051,-0.0,0,0,6
77347,0.382716049382716,-0.0,0,0,6
56063,0.3745082612116441,-0.0,0,0,6
79382,0.3737864077669901,-0.0,0,0,6
62308,0.3692465052846914,-0.0,0,0,6
43334,0.3432835820895521,-0.0,0,0,6
32299,0.3428571428571429,-0.0,0,0,6
10044,0.3408885298869144,-0.0,0,0,6
22374,0.3109048723897913,-0.0,0,0,6
45495,0.310698270339526,-0.0,0,0,6
87725,0.1570469798657716,-0.0,0,0,6
32803,0.1541030534351144,-0.0,0,0,6
81116,0.4544198895027622,-0.0,0,0,6
88653,0.1510365251727541,-0.0,0,0,6
79323,0.1028718388341192,-0.0,0,0,6
79502,0.1017505470459518,-0.0,0,0,6
85725,0.1016949152542372,-0.0,0,0,6
60986,0.1014354066985645,-0.0,0,0,6
76371,0.1,-0.0,0,0,6
87318,0.0999847224344105,-0.0,0,0,6
88597,0.0985401459854014,-0.0,0,0,6
44768,0.0949913644214162,-0.0,0,0,6
84108,0.0929729729729729,-0.0,0,0,6
53373,0.0896551724137932,-0.0,0,0,6
88635,0.0892857142857141,-0.0,0,0,6
85246,0.0861481251936782,-0.0,0,0,6
11884,0.0811855670103094,-0.0,0,0,6
89003,0.0789915966386554,-0.0,0,0,6
88580,0.153623188405797,-0.0,0,0,6
11043,0.1049999999999999,-0.0,0,0,6
20626,0.1049999999999999,-0.0,0,0,6
30402,0.0835913312693499,-0.0,0,0,6
76869,0.1142857142857143,-0.0,0,0,6
41320,0.1125827814569537,-0.0,0,0,6
14656,0.1478687287815918,-0.0,0,0,6
85500,0.1447440836543754,-0.0,0,0,6
87532,0.1428571428571428,-0.0,0,0,6
85020,0.1416470588235294,-0.0,0,0,6
27756,0.1403095558546434,-0.0,0,0,6
77271,0.1384615384615386,-0.0,0,0,6
63125,0.0713101160862355,0.0,0,0,6
80439,0.1362763915547025,-0.0,0,0,6
42439,0.1193548387096774,-0.0,0,0,6
47619,0.1379310344827586,-0.0,0,0,6
85586,0.1231441048034933,-0.0,0,0,6
81182,0.1483333333333332,-0.0,0,0,6
87514,0.1319148936170213,-0.0,0,0,6
85216,0.1337112370790263,-0.0,0,0,6
75828,0.1297297297297295,-0.0,0,0,6
77519,-0.06,0.0,0,0,7
90038,-0.0331423895253683,0.0,0,0,7
11790,-0.0369393139841688,0.0,0,0,7
44601,-0.0410577592205985,0.0,0,0,7
80828,-0.04125,0.0,0,0,7
85980,-0.0439770554493308,0.0,0,0,7
78009,-0.0451127819548873,0.0,0,0,7
85445,-0.0496688741721853,0.0,0,0,7
30648,-0.0522540983606557,0.0,0,0,7
84516,-0.0585106382978722,0.0,0,0,7
45655,-0.0602510460251045,0.0,0,0,7
38762,-0.0272975432211101,0.0,0,0,7
87321,-0.0481099656357388,0.0,0,0,7
80233,-0.0519911504424777,0.0,0,0,7
23916,-0.0008196721311475,0.0,0,0,7
64899,-0.0212765957446808,0.0,0,0,7
65752,-0.0153096729297146,0.0,0,0,7
86382,-0.0102171136653895,0.0,0,0,7
89099,-0.0081081081081081,0.0,0,0,7
83030,-0.0068917987594762,0.0,0,0,7
80316,-0.0061919504643962,0.0,0,0,7
27334,0.0052747252747253,0.0,0,0,7
76224,0.0057708161582852,0.0,0,0,7
85903,0.0100167224080267,0.0,0,0,7
24985,0.0104257167680279,0.0,0,0,7
76128,0.0130353817504655,0.0,0,0,7
77917,0.0142045454545454,0.0,0,0,7
47379,-0.0616197183098591,0.0,0,0,7
81292,0.02,0.0,0,0,7
34818,-0.0264255910987483,0.0,0,0,7
86822,-0.0625,0.0,0,0,7
10421,-0.1503322259136211,0.0,0,0,7
78008,-0.0688405797101449,0.0,0,0,7
79903,0.0205811138014526,0.0,0,0,7
81241,-0.3778135048231511,1.0,1,0,7
35991,-0.3296660117878193,0.0,0,0,7
89425,-0.2727272727272727,0.0,0,0,7
43481,-0.2660418168709444,0.0,0,0,7
88895,-0.2516129032258065,0.0,0,0,7
81541,-0.2509170946441672,0.0,0,0,7
41188,-0.225531914893617,0.0,0,0,7
90591,-0.1999999999999999,0.0,0,0,7
82699,-0.1859122401847575,0.0,0,0,7
83832,-0.1831720029784065,0.0,0,0,7
71685,-0.182648401826484,0.0,0,0,7
90192,-0.1815642458100558,0.0,0,0,7
83414,-0.16,0.0,0,0,7
84749,-0.143598615916955,0.0,0,0,7
82544,-0.1428571428571429,0.0,0,0,7
59774,-0.1398601398601399,0.0,0,0,7
89456,-0.1336898395721925,0.0,0,0,7
89167,-0.1225879682179341,0.0,0,0,7
89508,-0.1214733542319748,0.0,0,0,7
88197,-0.1210287443267776,0.0,0,0,7
89278,-0.1209032718881348,0.0,0,0,7
88341,-0.1109257714762301,0.0,0,0,7
77868,-0.086720867208672,0.0,0,0,7
71782,-0.0853658536585366,0.0,0,0,7
77256,-0.0796766743648961,0.0,0,0,7
44134,-0.0767726161369193,0.0,0,0,7
76060,-0.0740291262135922,0.0,0,0,7
80569,-0.0714285714285714,0.0,0,0,7
15318,-0.0672268907563026,0.0,0,0,7
79249,0.022,0.0,0,0,7
84226,0.046875,-0.0,0,0,7
82837,0.0234574196838348,-0.0,0,0,7
85972,0.1289631533847473,-0.0,0,0,7
78077,0.1312803889789304,-0.0,0,0,7
81073,0.1355932203389829,-0.0,0,0,7
87257,0.1361587015329124,-0.0,0,0,7
79668,0.1364764267990073,-0.0,0,0,7
11910,0.1566731141199226,-0.0,0,0,7
88719,0.162948593598448,-0.0,0,0,7
64258,0.165991902834008,-0.0,0,0,7
51625,0.1810154525386311,-0.0,0,0,7
77045,0.1833810888252147,-0.0,0,0,7
21726,0.1944559371121224,-0.0,0,0,7
47511,0.2000000000000001,-0.0,0,0,7
87014,0.2056619483763531,-0.0,0,0,7
88944,0.2069204152249135,-0.0,0,0,7
77889,0.2099999999999999,-0.0,0,0,7
86988,0.2144522144522145,-0.0,0,0,7
62368,0.2272373540856032,-0.0,0,0,7
89203,0.244635193133047,-0.0,0,0,7
81256,0.2455357142857142,-0.0,0,0,7
75733,0.2931354359925788,-0.0,0,0,7
76529,0.3068280034572168,-0.0,0,0,7
79131,0.3644729326648475,-0.0,0,0,7
58501,0.3725,-0.0,0,0,7
89329,0.3804491413474238,-0.0,0,0,7
78950,0.0230905861456482,0.0,0,0,7
12008,0.3883610451306412,-0.0,0,0,7
76712,0.413012729844413,-0.0,0,0,7
85951,0.463949843260188,-0.0,0,0,7
84069,0.7410714285714286,-1.0,0,-1,7
84656,0.1260640453992703,-0.0,0,0,7
87373,0.122719734660033,-0.0,0,0,7
53575,0.3864406779661016,-0.0,0,0,7
86199,0.1146496815286624,-0.0,0,0,7
85419,0.1215189873417721,-0.0,0,0,7
23887,0.0239099859353024,-0.0,0,0,7
25099,0.0257478227943961,-0.0,0,0,7
34673,0.0285714285714286,-0.0,0,0,7
92874,0.0307692307692308,-0.0,0,0,7
81184,0.0365671641791045,-0.0,0,0,7
77053,0.0367892976588628,-0.0,0,0,7
86594,0.0472143531633617,-0.0,0,0,7
77585,0.0495049504950495,-0.0,0,0,7
85926,0.0498426023084996,-0.0,0,0,7
89040,0.0533596837944665,-0.0,0,0,7
25304,0.0548094373865697,-0.0,0,0,7
20395,0.0565723793677204,-0.0,0,0,7
84636,0.0588235294117647,-0.0,0,0,7
83903,0.0258358662613982,-0.0,0,0,7
90705,0.0762894736842105,-0.0,0,0,7
85731,0.0619469026548671,-0.0,0,0,7
27983,0.1129296235679213,-0.0,0,0,7
89406,0.1033834586466164,-0.0,0,0,7
68196,0.0997861724875268,-0.0,0,0,7
47715,0.0947176684881601,-0.0,0,0,7
66852,0.0944444444444443,-0.0,0,0,7
80113,0.1096491228070175,-0.0,0,0,7
46690,0.0938356164383562,-0.0,0,0,7
82694,0.0808080808080808,-0.0,0,0,7
80079,0.081570996978852,-0.0,0,0,7
79545,0.1139896373056994,-0.0,0,0,7
23501,0.086192468619247,-0.0,0,0,7
82587,0.0914368650217707,-0.0,0,0,7
86827,0.0857988165680474,-0.0,0,0,7
37875,-0.0362400906002264,0.0,0,0,8
11762,-0.006849315068493,0.0,0,0,8
10137,-0.0354938271604938,0.0,0,0,8
90179,-0.0292028413575374,0.0,0,0,8
60038,-0.0400485436893204,0.0,0,0,8
86582,-0.0247933884297522,0.0,0,0,8
54594,-0.0245520902455209,0.0,0,0,8
88951,-0.0242002547395236,0.0,0,0,8
79859,-0.0221043324491599,0.0,0,0,8
84389,-0.0199393151278717,0.0,0,0,8
84606,-0.0142150803461063,0.0,0,0,8
81893,-0.0277777777777777,0.0,0,0,8
83520,0.0079051383399209,0.0,0,0,8
24109,-0.0015163002274449,0.0,0,0,8
79133,-0.0006445375443119,0.0,0,0,8
53640,0.0029806259314457,0.0,0,0,8
78034,0.0063538611925708,0.0,0,0,8
27991,0.0098612125639152,0.0,0,0,8
67193,0.0100263852242745,0.0,0,0,8
24248,0.0145929339477728,0.0,0,0,8
27633,0.0176959191043697,0.0,0,0,8
10252,0.0180360721442884,0.0,0,0,8
82855,-0.0405797101449275,0.0,0,0,8
20204,0.0212213079255088,0.0,0,0,8
77354,-0.0065889508362898,0.0,0,0,8
54253,-0.0498985801217037,0.0,0,0,8
76230,-0.1054104477611941,0.0,0,0,8
86312,-0.0641666666666666,0.0,0,0,8
60943,0.0222841225626742,0.0,0,0,8
88908,-0.2472939217318901,0.0,0,0,8
27254,-0.1975524475524475,0.0,0,0,8
89395,-0.187219730941704,0.0,0,0,8
90227,-0.1619163129169192,0.0,0,0,8
80072,-0.161022805805114,0.0,0,0,8
18438,-0.1582031250000001,0.0,0,0,8
79747,-0.152720889409011,0.0,0,0,8
47133,-0.1410658307210031,0.0,0,0,8
53225,-0.139969898946463,0.0,0,0,8
51423,-0.1393700787401575,0.0,0,0,8
81282,-0.136653155761436,0.0,0,0,8
53663,-0.1022087483759203,0.0,0,0,8
46392,-0.0869183494293239,0.0,0,0,8
86305,-0.0850642927794262,0.0,0,0,8
67838,-0.0835850956696878,0.0,0,0,8
54827,-0.083383323335333,0.0,0,0,8
10606,-0.0786163522012578,0.0,0,0,8
89653,-0.077788191190253,0.0,0,0,8
90467,-0.0773606370875995,0.0,0,0,8
75591,-0.0752475247524752,0.0,0,0,8
11397,-0.0745205479452054,0.0,0,0,8
11691,-0.0709459459459459,0.0,0,0,8
75654,-0.0696517412935323,0.0,0,0,8
40440,-0.0646992054483541,0.0,0,0,8
87242,-0.0583657587548638,0.0,0,0,8
11674,0.0229962800135272,0.0,0,0,8
59089,0.3897188049209137,-0.0,0,0,8
90458,0.024378585086042,-0.0,0,0,8
10777,0.1071280187181416,-0.0,0,0,8
42200,0.1166781056966368,-0.0,0,0,8
11285,0.1331142152834838,-0.0,0,0,8
89046,0.1345454545454545,-0.0,0,0,8
88281,0.1367088607594937,-0.0,0,0,8
57154,0.1542792792792791,-0.0,0,0,8
22921,0.1555555555555554,-0.0,0,0,8
88786,0.1560693641618498,-0.0,0,0,8
72486,0.162673392181589,-0.0,0,0,8
18973,0.176079734219269,-0.0,0,0,8
64929,0.1786324786324786,-0.0,0,0,8
45728,0.1033138401559454,-0.0,0,0,8
88839,0.1793103448275861,-0.0,0,0,8
11547,0.1824324324324324,-0.0,0,0,8
75831,0.1911966987620359,-0.0,0,0,8
89004,0.2158924919661116,-0.0,0,0,8
77595,0.2179376083188908,-0.0,0,0,8
90007,0.2283044058744991,-0.0,0,0,8
88283,0.2400662251655629,-0.0,0,0,8
87614,0.2444183313748531,-0.0,0,0,8
86926,0.2872687704026115,-0.0,0,0,8
90561,0.3082502266545786,-0.0,0,0,8
84320,0.408970976253298,-0.0,0,0,8
89736,0.0230040595399187,0.0,0,0,8
31480,0.1811023622047245,-0.0,0,0,8
10297,0.1014332965821389,-0.0,0,0,8
87160,0.2447761194029849,-0.0,0,0,8
87952,0.0815926892950391,-0.0,0,0,8
27959,0.0246198406951483,-0.0,0,0,8
90590,0.0924908424908423,-0.0,0,0,8
15720,0.0256050508593475,-0.0,0,0,8
24476,0.0273684210526314,-0.0,0,0,8
80167,0.0287597363690832,-0.0,0,0,8
90503,0.0300925925925925,-0.0,0,0,8
85863,0.0322265625,-0.0,0,0,8
10375,0.0323508267433501,-0.0,0,0,8
50788,0.0375711574952561,-0.0,0,0,8
86048,0.04,-0.0,0,0,8
89110,0.0443181818181817,-0.0,0,0,8
23042,0.0467601870407481,-0.0,0,0,8
76795,0.0272941176470586,-0.0,0,0,8
23835,0.0506545247581105,-0.0,0,0,8
81095,0.0494880546075084,-0.0,0,0,8
39693,0.0776836158192089,-0.0,0,0,8
83120,0.0717592592592593,-0.0,0,0,8
85886,0.0808080808080806,-0.0,0,0,8
84364,0.069755600814664,-0.0,0,0,8
77507,0.077792264232942,-0.0,0,0,8
58819,0.0612701252236136,-0.0,0,0,8
37161,0.0594900849858357,-0.0,0,0,8
63773,0.0572026508545517,-0.0,0,0,8
80191,0.0521998508575689,-0.0,0,0,8
78015,0.0518956708792686,-0.0,0,0,8
83233,0.0673735365584271,-0.0,0,0,8
26614,-0.0383174877556899,0.0,0,0,9
80563,-0.0279247501469724,0.0,0,0,9
86602,-0.0284495021337126,0.0,0,0,9
88152,-0.0298507462686566,0.0,0,0,9
87067,-0.030372492836676,0.0,0,0,9
70578,-0.0311284046692605,0.0,0,0,9
82107,-0.0330039157188141,0.0,0,0,9
62296,-0.037158023683136,0.0,0,0,9
75976,-0.0277900308778121,0.0,0,0,9
21231,-0.0456005138086063,0.0,0,0,9
87146,-0.0426615727475326,0.0,0,0,9
83143,-0.0435240435240434,0.0,0,0,9
27828,-0.045302946081156,0.0,0,0,9
56937,-0.0470860671555383,0.0,0,0,9
37807,-0.0479166666666666,0.0,0,0,9
77114,-0.3251347708894878,0.0,0,0,9
84563,-0.0479673047967306,0.0,0,0,9
90662,-0.0483091787439613,0.0,0,0,9
87034,-0.0275948573220444,0.0,0,0,9
12062,-0.0497272018706158,0.0,0,0,9
76076,-0.0424430641821946,0.0,0,0,9
58771,-0.0275658380507015,0.0,0,0,9
88615,-0.018060836501901,0.0,0,0,9
17778,-0.025531914893617,0.0,0,0,9
90249,-0.0498533724340176,0.0,0,0,9
86322,-0.0075481520041644,0.0,0,0,9
75489,-0.0077594568380213,0.0,0,0,9
76584,-0.0078125,0.0,0,0,9
31500,-0.0098648154914139,0.0,0,0,9
89269,-0.010342950462711,0.0,0,0,9
24942,-0.012823347335839,0.0,0,0,9
84531,-0.0155138978668391,0.0,0,0,9
90520,-0.015834932821497,0.0,0,0,9
90022,-0.0267131242740997,0.0,0,0,9
28222,-0.0169954476479514,0.0,0,0,9
85488,-0.0186666666666667,0.0,0,0,9
82651,-0.0192438306542902,0.0,0,0,9
80294,-0.0194117647058823,0.0,0,0,9
54818,-0.0194855806703039,0.0,0,0,9
59619,-0.0196749358426003,0.0,0,0,9
71942,-0.0207207207207207,0.0,0,0,9
82649,-0.021767522855899,0.0,0,0,9
76478,-0.0230880230880231,0.0,0,0,9
65294,-0.0243597751405372,0.0,0,0,9
80791,-0.0174940898345152,0.0,0,0,9
87492,-0.051441241685144,0.0,0,0,9
75607,-0.0939130434782608,0.0,0,0,9
90470,-0.0558118081180811,0.0,0,0,9
86168,-0.0950035186488389,0.0,0,0,9
64194,-0.0959130640207889,0.0,0,0,9
12781,-0.1038062283737024,0.0,0,0,9
20750,-0.107865744299257,0.0,0,0,9
82777,-0.1094247246022032,0.0,0,0,9
87182,-0.1108052305574672,0.0,0,0,9
76625,-0.1112635269013869,0.0,0,0,9
79411,-0.1131993006993007,0.0,0,0,9
89502,-0.1148255813953487,0.0,0,0,9
90080,-0.0892531876138433,0.0,0,0,9
26201,-0.1293695847027187,0.0,0,0,9
78876,-0.1362799263351748,0.0,0,0,9
84084,-0.1366906474820144,0.0,0,0,9
82212,-0.1466544454628781,0.0,0,0,9
10032,-0.1756207674943565,0.0,0,0,9
75649,-0.2025028441410693,0.0,0,0,9
88568,-0.2372464658881377,0.0,0,0,9
27618,-0.2504201680672269,0.0,0,0,9
77259,-0.2852112676056338,0.0,0,0,9
86362,-0.0073375262054505,0.0,0,0,9
11618,-0.1339937434827945,0.0,0,0,9
42059,-0.055690727223574,0.0,0,0,9
76927,-0.0889717634523173,0.0,0,0,9
65306,-0.0842048806650577,0.0,0,0,9
10147,-0.0622505985634477,0.0,0,0,9
17005,-0.0623033354310887,0.0,0,0,9
13470,-0.0623973727422003,0.0,0,0,9
50091,-0.062869697481832,0.0,0,0,9
54675,-0.0634595701125895,0.0,0,0,9
11995,-0.0640828856485034,0.0,0,0,9
46578,-0.0644067796610169,0.0,0,0,9
84023,-0.0660066006600659,0.0,0,0,9
22437,-0.0668316831683167,0.0,0,0,9
84210,-0.0881542699724516,0.0,0,0,9
87075,-0.0704460191746559,0.0,0,0,9
36003,-0.0716666666666666,0.0,0,0,9
49971,-0.0720720720720721,0.0,0,0,9
85982,-0.0729200128493414,0.0,0,0,9
77415,-0.0734797297297297,0.0,0,0,9
76135,-0.0735107731305451,0.0,0,0,9
83738,-0.07560035576638,0.0,0,0,9
47730,-0.0764840182648401,0.0,0,0,9
82546,-0.0767148014440433,0.0,0,0,9
23975,-0.0778635778635777,0.0,0,0,9
80913,-0.0711037618850766,0.0,0,0,9
10382,-0.0064892926670993,0.0,0,0,9
58246,0.0605224429727739,-0.0,0,0,9
87055,-0.0016460905349794,-0.0,0,0,9
90636,0.137142857142857,-0.0,0,0,9
32707,0.13465282284231,-0.0,0,0,9
90444,0.1332386363636362,-0.0,0,0,9
46068,0.1321411983279143,-0.0,0,0,9
58975,0.1283739302172482,-0.0,0,0,9
23182,0.1218846022533288,-0.0,0,0,9
39642,0.1190476190476192,-0.0,0,0,9
18729,0.1177966101694916,-0.0,0,0,9
87066,0.1166666666666667,-0.0,0,0,9
57330,0.1377245508982034,-0.0,0,0,9
50948,0.1144244105409153,-0.0,0,0,9
63830,0.1029922522041142,-0.0,0,0,9
12140,0.0962059620596205,-0.0,0,0,9
76591,0.0919243986254296,-0.0,0,0,9
79637,0.0898809523809525,-0.0,0,0,9
85931,0.0887996430165103,-0.0,0,0,9
90569,0.0869755244755245,-0.0,0,0,9
76477,0.0833647206528562,-0.0,0,0,9
86820,0.0803388090349077,-0.0,0,0,9
79528,0.0799352750809061,-0.0,0,0,9
79089,0.1081349206349207,-0.0,0,0,9
86091,0.0760563380281691,-0.0,0,0,9
11308,0.1419279907084785,-0.0,0,0,9
63811,0.1501493347814282,-0.0,0,0,9
46877,-0.0019544883428731,0.0,0,0,9
76582,0.3271028037383177,-0.0,0,0,9
76714,0.3065868263473055,-0.0,0,0,9
86062,0.2913907284768211,-0.0,0,0,9
88581,0.2619047619047618,-0.0,0,0,9
12209,0.2439024390243904,-0.0,0,0,9
28345,0.2368476210438062,-0.0,0,0,9
14227,0.2359723289777093,-0.0,0,0,9
21207,0.2144632206759442,-0.0,0,0,9
10308,0.1470937129300118,-0.0,0,0,9
63765,0.2122141662018961,-0.0,0,0,9
87269,0.1954022988505748,-0.0,0,0,9
84234,0.1916666666666666,-0.0,0,0,9
90299,0.1888598781549173,-0.0,0,0,9
90565,0.1865079365079365,-0.0,0,0,9
68591,0.1640811455847255,-0.0,0,0,9
82298,0.163927634304654,-0.0,0,0,9
39490,0.1564644523744167,-0.0,0,0,9
87184,0.1551823972206136,-0.0,0,0,9
75825,0.1529615626969125,-0.0,0,0,9
76202,0.2110418521816561,-0.0,0,0,9
37023,0.073469387755102,-0.0,0,0,9
83503,0.2075471698113207,-0.0,0,0,9
38973,0.0704110704110705,-0.0,0,0,9
85710,0.0356807511737087,-0.0,0,0,9
76837,0.0309897346503968,-0.0,0,0,9
82251,0.0278372591006423,-0.0,0,0,9
32110,0.026246719160105,-0.0,0,0,9
47571,0.0234541577825158,-0.0,0,0,9
90427,0.0219683655536027,-0.0,0,0,9
61313,0.0212185510760836,-0.0,0,0,9
79299,0.0211002260738508,-0.0,0,0,9
84373,0.017338788233002,-0.0,0,0,9
80210,0.0357327809425169,-0.0,0,0,9
86786,0.0161844041196663,-0.0,0,0,9
60186,0.0109573241061131,-0.0,0,0,9
87812,0.0108238123872519,-0.0,0,0,9
14541,0.0086232980332829,-0.0,0,0,9
88590,0.0047911547911547,-0.0,0,0,9
11752,0.0012515644555695,-0.0,0,0,9
11267,0.0010405827263266,-0.0,0,0,9
56040,0.00068282690338,-0.0,0,0,9
87771,-0.0012554927809165,-0.0,0,0,9
86721,0.0718181818181817,-0.0,0,0,9
10290,0.0110650069156292,-0.0,0,0,9
58334,0.0376528117359413,-0.0,0,0,9
17144,0.0096666009074768,-0.0,0,0,9
88331,0.0412371134020619,-0.0,0,0,9
76868,0.0677618069815195,-0.0,0,0,9
11850,0.0401979901004949,-0.0,0,0,9
21178,0.0649433337577995,-0.0,0,0,9
85496,0.0606060606060605,-0.0,0,0,9
86534,0.0583167660702452,-0.0,0,0,9
85232,0.056988602279544,-0.0,0,0,9
27887,0.0554639175257731,-0.0,0,0,9
75432,0.0548260013131975,-0.0,0,0,9
16678,0.0545790934320074,-0.0,0,0,9
90319,0.0536909614364724,-0.0,0,0,9
15667,0.0580188679245283,-0.0,0,0,9
77037,0.0461811722912965,-0.0,0,0,9
61508,0.0527932960893855,-0.0,0,0,9
24205,0.0509388362149099,-0.0,0,0,9
86756,0.0508474576271187,-0.0,0,0,9
10812,0.0501672240802675,-0.0,0,0,9
87069,0.0419580419580418,-0.0,0,0,9
79881,0.0477167778347873,-0.0,0,0,9
34981,0.0431494661921707,-0.0,0,0,9
75577,0.0435315757204168,-0.0,0,0,9
75694,0.0533030408947921,-0.0,0,0,9
90564,-0.0356037151702786,0.0,0,0,10
66683,-0.0327102803738317,0.0,0,0,10
39571,-0.0551080966511233,0.0,0,0,10
46886,-0.0266762797404469,0.0,0,0,10
61743,-0.0248275862068965,0.0,0,0,10
78213,-0.0293706293706293,0.0,0,0,10
88436,-0.0368802902055622,0.0,0,0,10
84761,-0.0495594713656386,0.0,0,0,10
24097,-0.0444964871194379,0.0,0,0,10
35238,-0.0472972972972973,0.0,0,0,10
47861,-0.0498034076015727,0.0,0,0,10
87000,-0.0512820512820511,0.0,0,0,10
83373,-0.0227272727272727,0.0,0,0,10
75646,-0.0542220317188169,0.0,0,0,10
80560,-0.0404624277456647,0.0,0,0,10
52936,-0.0189461219656601,0.0,0,0,10
78840,0.0112359550561798,0.0,0,0,10
56573,-0.0155487804878048,0.0,0,0,10
85353,0.021875,0.0,0,0,10
10353,-0.0559440559440558,0.0,0,0,10
12248,0.0217391304347827,0.0,0,0,10
11703,0.0204301075268817,0.0,0,0,10
58756,0.0194761584956346,0.0,0,0,10
80159,0.0171568627450982,0.0,0,0,10
89792,-0.0187713310580205,0.0,0,0,10
83374,0.016949152542373,0.0,0,0,10
32046,0.0083594566353186,0.0,0,0,10
83565,0.0027137042062415,0.0,0,0,10
87437,0.0,0.0,0,0,10
80432,-0.0006747638326585,0.0,0,0,10
88740,-0.0013054830287205,0.0,0,0,10
85593,-0.0130167106420404,0.0,0,0,10
79491,0.0093095422808378,0.0,0,0,10
80797,-0.0559701492537312,0.0,0,0,10
87785,-0.1270310192023632,0.0,0,0,10
15456,-0.0656013456686291,0.0,0,0,10
90543,-0.1282327586206896,0.0,0,0,10
57817,-0.1299160406539989,0.0,0,0,10
86233,-0.1357027463651051,0.0,0,0,10
12173,-0.1370757180156657,0.0,0,0,10
48072,-0.1428571428571429,0.0,0,0,10
10785,-0.1473684210526316,0.0,0,0,10
76081,-0.1252718573292736,0.0,0,0,10
18403,-0.1498859563375693,0.0,0,0,10
75905,-0.1658354114713216,0.0,0,0,10
74932,-0.1682070240295748,0.0,0,0,10
77496,-0.1910801099133375,0.0,0,0,10
88246,-0.2330097087378639,0.0,0,0,10
72980,-0.3188854489164087,0.0,0,0,10
75470,0.0242175005711673,0.0,0,0,10
60506,-0.1577313769751692,0.0,0,0,10
86150,-0.1239130434782607,0.0,0,0,10
89905,-0.1238390092879256,0.0,0,0,10
83399,-0.1186141903115359,0.0,0,0,10
88195,-0.0658823529411763,0.0,0,0,10
24459,-0.0676446617766911,0.0,0,0,10
41355,-0.0681367144432194,0.0,0,0,10
85738,-0.0714285714285712,0.0,0,0,10
48506,-0.0721544715447154,0.0,0,0,10
84042,-0.0762264150943395,0.0,0,0,10
65541,-0.0779130434782607,0.0,0,0,10
90099,-0.0782608695652172,0.0,0,0,10
87086,-0.0875179340028693,0.0,0,0,10
79007,-0.0883361921097769,0.0,0,0,10
85889,-0.0889400921658986,0.0,0,0,10
83421,-0.0917874396135265,0.0,0,0,10
85177,-0.0918803418803418,0.0,0,0,10
66245,-0.1015213575190169,0.0,0,0,10
49744,-0.1098265895953757,0.0,0,0,10
22103,-0.057285546415981,0.0,0,0,10
86240,0.0282776349614395,0.0,0,0,10
90044,0.0472536348949919,-0.0,0,0,10
90020,0.0373944511459589,-0.0,0,0,10
10025,0.2193802262666011,-0.0,0,0,10
80434,0.2129032258064516,-0.0,0,0,10
89509,0.2126394052044609,-0.0,0,0,10
11006,0.2071463061323031,-0.0,0,0,10
88458,0.1976866456361725,-0.0,0,0,10
50550,0.1936416184971097,-0.0,0,0,10
88174,0.2234848484848484,-0.0,0,0,10
84559,0.1814595660749507,-0.0,0,0,10
89036,0.1640091116173121,-0.0,0,0,10
36281,0.1486631016042781,-0.0,0,0,10
37022,0.1483253588516746,-0.0,0,0,10
83885,0.1451612903225805,-0.0,0,0,10
30680,0.1404569892473117,-0.0,0,0,10
86935,0.1401869158878503,-0.0,0,0,10
86964,0.1646497983131647,-0.0,0,0,10
22752,0.1377887788778877,-0.0,0,0,10
57904,0.2287988923502941,-0.0,0,0,10
11781,0.25,-0.0,0,0,10
77488,0.0305152671755724,-0.0,0,0,10
88807,0.7051094890510949,-0.0,0,0,10
89790,0.5599999999999998,-0.0,0,0,10
85908,0.4699886749716875,-0.0,0,0,10
83391,0.4479638009049775,-0.0,0,0,10
26382,0.4387177875549968,-0.0,0,0,10
82766,0.2360178970917228,-0.0,0,0,10
62519,0.3751768033946252,-0.0,0,0,10
89105,0.351764705882353,-0.0,0,0,10
75906,0.3286840509399638,-0.0,0,0,10
85804,0.3226086956521741,-0.0,0,0,10
85432,0.3043478260869565,-0.0,0,0,10
81774,0.2762016412661197,-0.0,0,0,10
81109,0.2526315789473683,-0.0,0,0,10
29050,0.3662258392675483,-0.0,0,0,10
83910,0.135042735042735,-0.0,0,0,10
11565,0.2516469038208169,-0.0,0,0,10
45794,0.1292069632495165,-0.0,0,0,10
80768,0.0710526315789474,-0.0,0,0,10
88203,0.0708092485549132,-0.0,0,0,10
84911,0.0696517412935324,-0.0,0,0,10
77453,0.0695404636030907,-0.0,0,0,10
87377,0.0686274509803921,-0.0,0,0,10
80179,0.0645276292335115,-0.0,0,0,10
60097,0.0734375,-0.0,0,0,10
64390,0.0556282722513088,-0.0,0,0,10
86047,0.0510440835266823,-0.0,0,0,10
50876,0.0501215066828675,-0.0,0,0,10
32540,0.049665711556829,-0.0,0,0,10
88207,0.0424528301886792,-0.0,0,0,10
23819,0.1340257171117704,-0.0,0,0,10
16432,0.0418562329390355,-0.0,0,0,10
81298,0.0533333333333332,-0.0,0,0,10
15579,0.0741971207087486,-0.0,0,0,10
75257,0.0591603053435114,-0.0,0,0,10
77262,0.0811615785554729,-0.0,0,0,10
60468,0.1200000000000001,-0.0,0,0,10
83621,0.0796524257784214,-0.0,0,0,10
13928,0.1180487804878049,-0.0,0,0,10
86533,0.1104651162790699,-0.0,0,0,10
84010,0.109159347553325,-0.0,0,0,10
87759,0.1,-0.0,0,0,10
84825,0.0972222222222223,-0.0,0,0,10
37584,0.1053240740740739,-0.0,0,0,10
78881,0.0944108761329305,-0.0,0,0,10
27677,0.0934131736526948,-0.0,0,0,10
76091,0.092394720301697,-0.0,0,0,10
89179,0.0891019644527597,-0.0,0,0,10
48653,0.0886031966643501,-0.0,0,0,10
10645,0.086092715231788,-0.0,0,0,10
85032,0.1208226221079691,-0.0,0,0,10
43553,-0.0413362578032732,0.0,0,0,11
81736,-0.0358907672301691,0.0,0,0,11
80266,-0.0373765867418899,0.0,0,0,11
81501,-0.0376588021778583,0.0,0,0,11
86021,-0.0346684175968483,0.0,0,0,11
10781,-0.0392156862745097,0.0,0,0,11
81294,-0.039911308203991,0.0,0,0,11
65402,-0.0353811514956577,0.0,0,0,11
76139,-0.0478654592496765,0.0,0,0,11
11404,-0.0449771074602747,0.0,0,0,11
84041,-0.0464553593031696,0.0,0,0,11
76721,-0.0471111111111111,0.0,0,0,11
81564,-0.0472854640980734,0.0,0,0,11
44274,-0.0482713633398564,0.0,0,0,11
42286,-0.0489678348535765,0.0,0,0,11
48389,-0.0334346504559269,0.0,0,0,11
75182,-0.0502242152466368,0.0,0,0,11
85789,-0.0434408602150537,0.0,0,0,11
80204,-0.0304653100083304,0.0,0,0,11
85860,-0.0080645161290322,0.0,0,0,11
64557,-0.0298719772403982,0.0,0,0,11
88841,-0.0521739130434781,0.0,0,0,11
80362,0.0020251113811258,0.0,0,0,11
85072,-0.0003714710252601,0.0,0,0,11
90090,-0.0062522986392056,0.0,0,0,11
86136,-0.0073880921338549,0.0,0,0,11
62498,-0.0101071975497701,0.0,0,0,11
44206,-0.010941960038059,0.0,0,0,11
13688,-0.0110452586206896,0.0,0,0,11
89213,-0.0299760191846523,0.0,0,0,11
77649,-0.0195020746887968,0.0,0,0,11
41292,-0.0223713646532437,0.0,0,0,11
83928,-0.0228792678634283,0.0,0,0,11
70500,-0.0234466588511136,0.0,0,0,11
85257,-0.0235951567836075,0.0,0,0,11
82307,-0.0271727409963338,0.0,0,0,11
35051,-0.0276410450586899,0.0,0,0,11
32986,-0.0287333063537029,0.0,0,0,11
22859,-0.0298707088720462,0.0,0,0,11
75100,-0.0196959225984796,0.0,0,0,11
23229,-0.0565723793677204,0.0,0,0,11
85059,-0.1353104726598701,0.0,0,0,11
62034,-0.0604354354354353,0.0,0,0,11
35263,-0.1011959521619134,0.0,0,0,11
52898,-0.1013623978201636,0.0,0,0,11
35167,-0.1030396702730551,0.0,0,0,11
89866,-0.1042402826855123,0.0,0,0,11
86709,-0.1055327868852458,0.0,0,0,11
78197,-0.1167290886392009,0.0,0,0,11
88792,-0.1168451801363192,0.0,0,0,11
38659,-0.1181750186985789,0.0,0,0,11
79072,-0.0964871194379392,0.0,0,0,11
84438,-0.1215469613259668,0.0,0,0,11
89915,-0.140964995269631,0.0,0,0,11
10656,-0.1482517482517483,0.0,0,0,11
80808,-0.1782805429864253,0.0,0,0,11
84103,-0.1903467029231815,0.0,0,0,11
84385,-0.1935483870967742,0.0,0,0,11
52396,-0.1989389920424403,0.0,0,0,11
61209,-0.2251815980629539,0.0,0,0,11
90132,0.0023237800154918,0.0,0,0,11
83916,-0.1311228334589299,0.0,0,0,11
77338,-0.0572493967975434,0.0,0,0,11
71475,-0.0920938314509122,0.0,0,0,11
85675,-0.0905550146056475,0.0,0,0,11
83601,-0.0610738255033557,0.0,0,0,11
52476,-0.0665294924554184,0.0,0,0,11
82924,-0.067551622418879,0.0,0,0,11
38093,-0.0680604982206406,0.0,0,0,11
23931,-0.0699566160520608,0.0,0,0,11
83405,-0.0713519313304722,0.0,0,0,11
15553,-0.0721847930702598,0.0,0,0,11
86124,-0.0753948038716251,0.0,0,0,11
13777,-0.0918918918918918,0.0,0,0,11
14816,-0.0759753593429158,0.0,0,0,11
76684,-0.077634011090573,0.0,0,0,11
86260,-0.0791457286432161,0.0,0,0,11
14526,-0.0805970149253731,0.0,0,0,11
81678,-0.0837637547720638,0.0,0,0,11
18091,-0.0841413825461369,0.0,0,0,11
79467,-0.0881164106709782,0.0,0,0,11
80759,-0.0884418901660281,0.0,0,0,11
11844,-0.0902181097157964,0.0,0,0,11
29612,-0.0768888888888889,0.0,0,0,11
90600,0.0062780269058295,0.0,0,0,11
82686,0.1009463722397476,-0.0,0,0,11
84785,0.0104166666666667,-0.0,0,0,11
19166,0.1153293658937,-0.0,0,0,11
79166,0.1134453781512605,-0.0,0,0,11
32870,0.1102588686481305,-0.0,0,0,11
82581,0.1096491228070175,-0.0,0,0,11
62092,0.1091790193842645,-0.0,0,0,11
80568,0.1067493112947659,-0.0,0,0,11
11599,0.1047471620227038,-0.0,0,0,11
50606,0.1021965317919075,-0.0,0,0,11
88167,0.0081967213114753,0.0,0,0,11
10397,0.1003058103975533,-0.0,0,0,11
90092,0.0944510035419126,-0.0,0,0,11
84348,0.0909090909090908,-0.0,0,0,11
59045,0.0894361633182112,-0.0,0,0,11
22517,0.0855901036442661,-0.0,0,0,11
86196,0.0843566470902295,-0.0,0,0,11
47205,0.0763454317897371,-0.0,0,0,11
50227,0.0735032602252518,-0.0,0,0,11
79026,0.1183567940247054,-0.0,0,0,11
34367,0.1296202531645569,-0.0,0,0,11
85332,0.1349817592217266,-0.0,0,0,11
84168,0.1377410468319559,-0.0,0,0,11
86236,0.308108108108108,-0.0,0,0,11
84325,0.2903225806451612,-0.0,0,0,11
79839,0.2682608695652175,-0.0,0,0,11
10443,0.2530417149478563,-0.0,0,0,11
32678,0.2149076976663184,-0.0,0,0,11
41452,0.2119122257053292,-0.0,0,0,11
76980,0.2045454545454545,-0.0,0,0,11
89141,0.1927223719676549,-0.0,0,0,11
27043,0.0716212166616721,-0.0,0,0,11
77520,0.1876543209876542,-0.0,0,0,11
87539,0.1762261014131338,-0.0,0,0,11
25452,0.1724550898203591,-0.0,0,0,11
26084,0.1658163265306123,-0.0,0,0,11
78137,0.1626597687157638,-0.0,0,0,11
77629,0.1566780821917808,-0.0,0,0,11
85621,0.1551192601006001,-0.0,0,0,11
12758,0.1531476997578693,-0.0,0,0,11
62033,0.1489539748953976,-0.0,0,0,11
84255,0.1866028708133973,-0.0,0,0,11
45373,0.0698299015219336,-0.0,0,0,11
88550,0.1813953488372093,-0.0,0,0,11
12074,0.0669603524229074,-0.0,0,0,11
86250,0.0331210191082802,-0.0,0,0,11
77090,0.03125,-0.0,0,0,11
75383,0.0312024353120243,-0.0,0,0,11
26470,0.030454042081949,-0.0,0,0,11
87445,0.0294393986846226,-0.0,0,0,11
83155,0.0290827740492169,-0.0,0,0,11
51633,0.0261614794767703,-0.0,0,0,11
25590,0.0250687863038825,-0.0,0,0,11
83413,0.0331384015594542,-0.0,0,0,11
87292,0.0247026532479412,-0.0,0,0,11
78139,0.0200534759358288,-0.0,0,0,11
88664,0.0194228634850166,-0.0,0,0,11
59185,0.0161090458488226,-0.0,0,0,11
76201,0.0146771037181994,-0.0,0,0,11
85883,0.0144827586206897,-0.0,0,0,11
50789,0.0114080834419818,-0.0,0,0,11
86432,0.0104429240187251,-0.0,0,0,11
78981,0.0671159786576804,-0.0,0,0,11
11600,0.0223619846261355,-0.0,0,0,11
43721,0.0335492827394725,-0.0,0,0,11
26463,0.0168756027000964,-0.0,0,0,11
27888,0.0394988320237841,-0.0,0,0,11
54181,0.0641285956006767,-0.0,0,0,11
52090,0.036332767402377,-0.0,0,0,11
90439,0.0637254901960784,-0.0,0,0,11
23077,0.0627542126670539,-0.0,0,0,11
90637,0.062286689419795,-0.0,0,0,11
83283,0.0559886605244508,-0.0,0,0,11
57568,0.0551431601272534,-0.0,0,0,11
86899,0.0541586073500965,-0.0,0,0,11
87476,0.0540698809291431,-0.0,0,0,11
57809,0.0584343991179712,-0.0,0,0,11
90534,0.0529500756429652,-0.0,0,0,11
27684,0.0511649154865234,-0.0,0,0,11
17929,0.0510026155187444,-0.0,0,0,11
77798,0.0434197239986535,-0.0,0,0,11
90110,0.0495892911469426,-0.0,0,0,11
87092,0.0490506329113924,-0.0,0,0,11
78915,0.0469583778014943,-0.0,0,0,11
91855,0.053991515618974,-0.0,0,0,11
43772,0.0436772046589017,-0.0,0,0,11
88742,-0.0163015792154864,0.0,0,0,12
80306,0.0151515151515151,0.0,0,0,12
86810,0.0146118721461188,0.0,0,0,12
58421,0.0111317254174398,0.0,0,0,12
87236,0.0107913669064749,0.0,0,0,12
83956,0.0104166666666667,0.0,0,0,12
85427,0.0051643192488262,0.0,0,0,12
90464,0.0053956834532373,0.0,0,0,12
87602,0.0042857142857142,0.0,0,0,12
77830,0.0013245033112583,0.0,0,0,12
86595,0.0173913043478262,0.0,0,0,12
83317,-0.0049751243781093,0.0,0,0,12
23297,0.010158013544018,0.0,0,0,12
82287,0.0238095238095237,0.0,0,0,12
78209,0.0367892976588628,0.0,0,0,12
85768,0.0260145681581684,0.0,0,0,12
88165,0.0277777777777776,0.0,0,0,12
78990,0.0290827740492169,0.0,0,0,12
90423,0.032798325191905,0.0,0,0,12
44943,0.0329301075268815,0.0,0,0,12
85686,0.033653846153846,0.0,0,0,12
87633,0.0342706502636203,0.0,0,0,12
86725,0.0396782841823057,0.0,0,0,12
87214,0.0546218487394958,0.0,0,0,12
64864,0.0555555555555558,0.0,0,0,12
88779,0.0578512396694215,0.0,0,0,12
81212,0.0614525139664803,0.0,0,0,12
89327,-0.0175801447776629,0.0,0,0,12
59256,0.0646766169154231,0.0,0,0,12
83704,0.023890784982935,0.0,0,0,12
87183,-0.0233644859813085,0.0,0,0,12
10463,-0.1506849315068492,0.0,0,0,12
86098,-0.0408163265306122,0.0,0,0,12
87074,0.0699588477366255,0.0,0,0,12
90387,-0.3793103448275862,1.0,1,0,12
90354,-0.3737373737373737,1.0,1,0,12
83303,-0.3166666666666666,1.0,1,0,12
12169,-0.256842105263158,1.0,1,0,12
80915,-0.254071661237785,1.0,1,0,12
79909,-0.2429600523903077,1.0,1,0,12
55213,-0.1953125,0.0,0,0,12
68320,-0.1661557326793378,0.0,0,0,12
86993,-0.1566469093988145,0.0,0,0,12
75672,-0.1564625850340135,0.0,0,0,12
42140,-0.1466346153846154,0.0,0,0,12
33849,-0.1436031331592689,0.0,0,0,12
79039,-0.1377777777777777,0.0,0,0,12
88172,-0.1192893401015228,0.0,0,0,12
77673,-0.1,0.0,0,0,12
87364,-0.0993377483443708,0.0,0,0,12
88791,-0.0941176470588235,0.0,0,0,12
77281,-0.08972503617945,0.0,0,0,12
84203,-0.0857988165680473,0.0,0,0,12
82176,-0.0812623455372317,0.0,0,0,12
89597,-0.0774193548387097,0.0,0,0,12
88321,-0.0760869565217391,0.0,0,0,12
62084,-0.0718954248366013,0.0,0,0,12
32636,-0.0636561479869421,0.0,0,0,12
52250,-0.0587529976019185,0.0,0,0,12
45955,-0.0526507560575697,0.0,0,0,12
50906,-0.0448369565217391,0.0,0,0,12
80135,-0.0417827298050138,0.0,0,0,12
83304,-0.0304054054054053,0.0,0,0,12
66114,0.0703517587939699,0.0,0,0,12
77340,0.1014492753623188,-0.0,0,0,12
86228,0.0852380952380951,-0.0,0,0,12
84281,0.2344582593250443,-0.0,0,0,12
80237,0.2359550561797754,-0.0,0,0,12
76565,0.2441113490364024,-0.0,0,0,12
88535,0.2475247524752475,-0.0,0,0,12
85390,0.2626582278481011,-0.0,0,0,12
10693,0.2636072572038421,-0.0,0,0,12
89611,0.2771362586605082,-0.0,0,0,12
78963,0.2774869109947644,-0.0,0,0,12
80353,0.2777777777777777,-0.0,0,0,12
85019,0.2820512820512821,-0.0,0,0,12
88287,0.2854757929883138,-0.0,0,0,12
90656,0.2857142857142858,-0.0,0,0,12
20248,0.3058823529411765,-0.0,0,0,12
83386,0.3766816143497757,-0.0,0,0,12
79712,0.4180929095354524,-0.0,0,0,12
85864,0.4255319148936172,-0.0,0,0,12
82540,0.431578947368421,-0.0,0,0,12
87471,0.4444444444444444,-0.0,0,0,12
90127,0.5102564102564102,-0.0,0,0,12
77530,0.5858123569794049,-0.0,0,0,12
85739,0.6881720430107527,-0.0,0,0,12
80858,0.8666666666666669,-0.0,0,0,12
83950,1.0,-1.0,0,-1,12
33770,1.1052631578947367,-1.0,0,-1,12
85647,1.2925531914893615,-1.0,0,-1,12
25487,1.2966507177033493,-1.0,0,-1,12
53015,1.9731825352263308,-1.0,0,-1,12
84604,2.6111111111111107,-1.0,0,-1,12
84827,0.0784641068447411,0.0,0,0,12
87845,0.2272727272727273,-0.0,0,0,12
85211,0.2270270270270269,-0.0,0,0,12
81539,0.2913907284768211,-0.0,0,0,12
80539,0.205357142857143,-0.0,0,0,12
65008,0.0859188544152742,-0.0,0,0,12
78050,0.2247386759581882,-0.0,0,0,12
90218,0.0862944162436549,-0.0,0,0,12
90404,0.08851884312007,-0.0,0,0,12
89810,0.0930232558139534,-0.0,0,0,12
88564,0.0932203389830508,-0.0,0,0,12
87043,0.0952380952380951,-0.0,0,0,12
90601,0.0977639105564223,-0.0,0,0,12
89860,0.1063829787234043,-0.0,0,0,12
89824,0.1099796334012219,-0.0,0,0,12
76013,0.1145454545454545,-0.0,0,0,12
73817,0.1176470588235294,-0.0,0,0,12
90493,0.125,-0.0,0,0,12
10822,0.1368421052631578,-0.0,0,0,12
78877,0.1496702181633689,-0.0,0,0,12
77780,0.1070686070686071,-0.0,0,0,12
85208,0.2023227383863082,-0.0,0,0,12
18033,0.2026515151515151,-0.0,0,0,12
48144,0.1525,-0.0,0,0,12
84185,0.1949685534591194,-0.0,0,0,12
84315,0.1946902654867257,-0.0,0,0,12
15721,0.185483870967742,-0.0,0,0,12
11478,0.1844660194174756,-0.0,0,0,12
89941,0.1782407407407407,-0.0,0,0,12
89148,0.1807228915662651,-0.0,0,0,12
90083,0.1764705882352941,-0.0,0,0,12
86180,0.1716867469879519,-0.0,0,0,12
79879,0.1691973969631235,-0.0,0,0,12
76052,0.1673151750972763,-0.0,0,0,12
76223,0.1578192252510761,-0.0,0,0,12
37381,0.0060240963855422,0.0,0,0,13
88466,0.0126984126984126,0.0,0,0,13
87538,0.0109190172884441,0.0,0,0,13
89109,0.0071090047393365,0.0,0,0,13
11403,0.0125448028673835,0.0,0,0,13
14219,0.0020667726550078,0.0,0,0,13
10028,-0.03,0.0,0,0,13
88542,0.0,0.0,0,0,13
90478,0.0,0.0,0,0,13
89576,-2.272675621006748e-05,0.0,0,0,13
85567,-0.0251572327044025,0.0,0,0,13
90286,-0.0281690140845068,0.0,0,0,13
90496,0.0127795527156548,0.0,0,0,13
87418,0.0,0.0,0,0,13
86910,0.0136986301369863,0.0,0,0,13
81850,0.0506329113924051,0.0,0,0,13
88976,0.0207296849087894,0.0,0,0,13
11292,0.0227775320654577,0.0,0,0,13
75714,0.0242214532871971,0.0,0,0,13
78908,0.0273972602739727,0.0,0,0,13
85953,0.028169014084507,0.0,0,0,13
57745,0.0285714285714284,0.0,0,0,13
79790,0.0299401197604791,0.0,0,0,13
87498,0.0366492146596859,0.0,0,0,13
82266,0.0444915254237288,0.0,0,0,13
90466,0.0452961672473868,0.0,0,0,13
77289,0.0461538461538462,0.0,0,0,13
42534,0.0483955812730141,0.0,0,0,13
82607,0.0534813319878908,0.0,0,0,13
81124,-0.03125,0.0,0,0,13
24643,0.0165380374862182,0.0,0,0,13
10644,-0.0322580645161291,0.0,0,0,13
11456,-0.2817073170731707,1.0,1,0,13
10550,-0.0480723465016658,0.0,0,0,13
36397,0.054735013032146,0.0,0,0,13
86728,-0.2974828375286041,1.0,1,0,13
89699,-0.2653061224489796,1.0,1,0,13
86574,-0.2570422535211267,1.0,1,0,13
83893,-0.2059819413092549,0.0,0,0,13
79244,-0.1924629878869448,0.0,0,0,13
12214,-0.1664999999999999,0.0,0,0,13
87415,-0.1644359464627152,0.0,0,0,13
77462,-0.1461988304093567,0.0,0,0,13
85865,-0.1441860465116278,0.0,0,0,13
51086,-0.1293984108967083,0.0,0,0,13
87345,-0.1286764705882352,0.0,0,0,13
13056,-0.1273885350318471,0.0,0,0,13
80960,-0.1183480275328744,0.0,0,0,13
80719,-0.1163337250293772,0.0,0,0,13
79641,-0.1140684410646387,0.0,0,0,13
75773,-0.1074681238615664,0.0,0,0,13
16030,-0.048977395048439,0.0,0,0,13
86840,-0.0501474926253686,0.0,0,0,13
85187,-0.0510948905109488,0.0,0,0,13
64742,-0.0526315789473683,0.0,0,0,13
12106,-0.0634005763688759,0.0,0,0,13
88836,-0.0661764705882353,0.0,0,0,13
88534,-0.0479166666666666,0.0,0,0,13
87089,-0.0668181818181818,0.0,0,0,13
90129,-0.0729483282674772,0.0,0,0,13
87430,-0.0759493670886076,0.0,0,0,13
78804,-0.0770348837209301,0.0,0,0,13
83362,-0.0791150237460907,0.0,0,0,13
88727,-0.0942028985507246,0.0,0,0,13
87508,-0.1020408163265306,0.0,0,0,13
80585,-0.0669642857142859,0.0,0,0,13
86544,0.0558069381598793,0.0,0,0,13
90659,-0.2054794520547945,0.0,0,0,13
85034,0.0636604774535807,-0.0,0,0,13
81700,0.2569832402234637,-0.0,0,0,13
85570,0.2578512396694215,-0.0,0,0,13
84056,0.2592592592592591,-0.0,0,0,13
78062,0.2595419847328244,-0.0,0,0,13
88173,0.2636363636363634,-0.0,0,0,13
90272,0.2658227848101266,-0.0,0,0,13
89685,0.2660891089108912,-0.0,0,0,13
89609,0.2792342342342342,-0.0,0,0,13
88994,0.2876712328767123,-0.0,0,0,13
86945,0.3125,-0.0,0,0,13
75326,0.3264137437365784,-0.0,0,0,13
67010,0.3368791777474305,-0.0,0,0,13
88905,0.369047619047619,-0.0,0,0,13
90635,0.3888666666666667,-0.0,0,0,13
75755,0.2560386473429954,-0.0,0,0,13
79906,0.3940677966101695,-0.0,0,0,13
62420,0.4142857142857143,-0.0,0,0,13
90006,0.4418604651162792,-0.0,0,0,13
80023,0.4618973561430792,-0.0,0,0,13
90126,0.4623655913978495,-0.0,0,0,13
79198,0.4942148760330578,-0.0,0,0,13
87525,0.6072727272727272,-0.0,0,0,13
58675,0.6956521739130435,-0.0,0,0,13
86073,0.7777777777777779,-0.0,0,0,13
31051,0.783783783783784,-0.0,0,0,13
77699,0.0628930817610062,-0.0,0,0,13
11636,0.8166972851602368,-0.0,0,0,13
56602,0.9000454545454546,-1.0,0,-1,13
79390,7.564102564102564,-1.0,0,-1,13
24441,9.70289855072464,-1.0,0,-1,13
85440,0.3982683982683983,-0.0,0,0,13
10597,0.2549999999999999,-0.0,0,0,13
79417,1.2262773722627736,-1.0,0,-1,13
87172,0.2406015037593982,-0.0,0,0,13
86890,0.25,-0.0,0,0,13
66617,0.0665322580645162,-0.0,0,0,13
90471,0.0869565217391306,-0.0,0,0,13
11131,0.0913580246913581,-0.0,0,0,13
35705,0.09375,-0.0,0,0,13
83879,0.0970414201183431,-0.0,0,0,13
90533,0.0991379310344826,-0.0,0,0,13
76148,0.099923136049193,-0.0,0,0,13
89270,0.1098524590163936,-0.0,0,0,13
79195,0.1145975443383355,-0.0,0,0,13
90069,0.1194968553459119,-0.0,0,0,13
87173,0.1199999999999998,-0.0,0,0,13
79065,0.1258278145695364,-0.0,0,0,13
82800,0.1270866989768444,-0.0,0,0,13
85269,0.1275201612903227,-0.0,0,0,13
63546,0.0757575757575756,-0.0,0,0,13
75854,0.1379310344827586,-0.0,0,0,13
90352,0.1292134831460671,-0.0,0,0,13
75272,0.2121212121212121,-0.0,0,0,13
87261,0.2075471698113209,-0.0,0,0,13
84262,0.1999999999999999,-0.0,0,0,13
87589,0.1872146118721462,-0.0,0,0,13
90180,0.1838046272493574,-0.0,0,0,13
79472,0.1832061068702291,-0.0,0,0,13
47626,0.2121971595655805,-0.0,0,0,13
39087,0.1811926605504588,-0.0,0,0,13
78193,0.1811846689895471,-0.0,0,0,13
90558,0.1791044776119403,-0.0,0,0,13
90331,0.1549549549549549,-0.0,0,0,13
80236,0.1526232114467409,-0.0,0,0,13
11847,0.1822978892871367,-0.0,0,0,13
76372,0.1463046757164403,-0.0,0,0,13
79399,-0.0256166982922201,0.0,0,0,14
21928,-0.029203170629954,0.0,0,0,14
32934,-0.034920634920635,0.0,0,0,14
29938,-0.0367556468172486,0.0,0,0,14
79797,-0.0387569060773481,0.0,0,0,14
89828,-0.0479156684235745,0.0,0,0,14
88970,-0.0458999484270242,0.0,0,0,14
69199,-0.0484384958572339,0.0,0,0,14
21792,-0.0488721804511279,0.0,0,0,14
89271,-0.0241187384044526,0.0,0,0,14
87268,-0.0516906335017489,0.0,0,0,14
89038,-0.0455223880597015,0.0,0,0,14
88280,-0.0509751773049644,0.0,0,0,14
77862,-0.0129270544783011,0.0,0,0,14
81162,-0.02,0.0,0,0,14
24766,-0.0150982419855223,0.0,0,0,14
38578,-0.0141388174807198,0.0,0,0,14
53604,-0.0140845070422535,0.0,0,0,14
75285,-0.0134601995822697,0.0,0,0,14
84769,-0.0132978723404255,0.0,0,0,14
63467,-0.0092497430626926,0.0,0,0,14
55212,-0.0056313623565086,0.0,0,0,14
85299,-0.004794885455514,0.0,0,0,14
71176,-0.0020483408439164,0.0,0,0,14
58755,-0.0004310344827584,0.0,0,0,14
14198,0.0024725274725274,0.0,0,0,14
25129,-0.0522658610271903,0.0,0,0,14
83148,0.0029585798816569,0.0,0,0,14
53859,-0.0234042553191489,0.0,0,0,14
89216,-0.0542797494780793,0.0,0,0,14
45751,-0.1028923660502607,0.0,0,0,14
84588,-0.0585616438356164,0.0,0,0,14
90011,0.010148849797023,0.0,0,0,14
35685,-0.2094531974050046,0.0,0,0,14
54199,-0.1964285714285714,0.0,0,0,14
35124,-0.1873219373219372,0.0,0,0,14
11293,-0.1739567621920563,0.0,0,0,14
60548,-0.1521099116781157,0.0,0,0,14
77643,-0.1464821222606689,0.0,0,0,14
60098,-0.1456266907123534,0.0,0,0,14
37955,-0.1413696435722866,0.0,0,0,14
86778,-0.1386581469648562,0.0,0,0,14
83690,-0.1312949640287769,0.0,0,0,14
12068,-0.1203228173147469,0.0,0,0,14
88370,-0.1176470588235293,0.0,0,0,14
11992,-0.1166276346604215,0.0,0,0,14
88820,-0.1086497890295359,0.0,0,0,14
90438,-0.101669195751138,0.0,0,0,14
55597,-0.0927895981087472,0.0,0,0,14
23660,-0.0923616523772409,0.0,0,0,14
36346,-0.0885947046843178,0.0,0,0,14
86791,-0.0816725283313793,0.0,0,0,14
60206,-0.0816627358490567,0.0,0,0,14
23026,-0.0760391198044009,0.0,0,0,14
81912,-0.072927072927073,0.0,0,0,14
80575,-0.0637915543575922,0.0,0,0,14
90482,-0.0624380574826559,0.0,0,0,14
43350,-0.0612674204575335,0.0,0,0,14
89752,-0.0599721059972105,0.0,0,0,14
76266,-0.0589992531740104,0.0,0,0,14
87419,-0.0589318600368322,0.0,0,0,14
86896,-0.0577507598784193,0.0,0,0,14
13936,0.0151567344126763,0.0,0,0,14
24440,0.0042784908595876,0.0,0,0,14
25582,0.0163505559189012,-0.0,0,0,14
83469,0.0832196452933151,-0.0,0,0,14
86590,0.0834437086092714,-0.0,0,0,14
75233,0.0867952522255193,-0.0,0,0,14
63132,0.0975750577367207,-0.0,0,0,14
81540,0.1028537455410225,-0.0,0,0,14
85645,0.1050209205020922,-0.0,0,0,14
90058,0.1067892503536067,-0.0,0,0,14
65307,0.1085383502170767,-0.0,0,0,14
68857,0.108974358974359,-0.0,0,0,14
82272,0.1281337047353761,-0.0,0,0,14
90086,0.14806980433633,-0.0,0,0,14
40125,0.1488095238095237,-0.0,0,0,14
24010,0.1520765786629614,-0.0,0,0,14
79915,0.1584348941629247,-0.0,0,0,14
86548,0.162117452440033,-0.0,0,0,14
79847,0.1630076838638861,-0.0,0,0,14
87356,0.1663551401869161,-0.0,0,0,14
86566,0.1916110581506196,-0.0,0,0,14
89211,0.1939999999999999,-0.0,0,0,14
77763,0.2004164497657468,-0.0,0,0,14
78172,0.2023374726077429,-0.0,0,0,14
90013,0.21875,-0.0,0,0,14
88499,0.2263540824575587,-0.0,0,0,14
16555,0.2277851458885942,-0.0,0,0,14
86717,0.2356687898089171,-0.0,0,0,14
81311,0.254355400696864,-0.0,0,0,14
77730,0.2637571157495257,-0.0,0,0,14
81705,0.2665890570430735,-0.0,0,0,14
87541,0.015752993068683,-0.0,0,0,14
88183,0.0787942887361183,-0.0,0,0,14
76892,0.0770047796070103,-0.0,0,0,14
82720,0.1593673965936737,-0.0,0,0,14
62148,0.0733355863467388,-0.0,0,0,14
85372,0.0178100263852243,-0.0,0,0,14
11442,0.0762970498474058,-0.0,0,0,14
24053,0.0182544209925841,-0.0,0,0,14
75509,0.01953125,-0.0,0,0,14
25953,0.0214424951267055,-0.0,0,0,14
40272,0.0224358974358973,-0.0,0,0,14
77982,0.0233468474765834,-0.0,0,0,14
75215,0.0295169946332736,-0.0,0,0,14
46077,0.0311714429361489,-0.0,0,0,14
41663,0.0319148936170212,-0.0,0,0,14
11955,0.034495688038995,-0.0,0,0,14
23114,0.04073856975381,-0.0,0,0,14
82734,0.0422222222222223,-0.0,0,0,14
64311,0.0426008968609865,-0.0,0,0,14
10913,0.029688972667295,-0.0,0,0,14
29209,0.063764291996482,-0.0,0,0,14
16548,0.0651678998292544,-0.0,0,0,14
85716,0.0646687697160883,-0.0,0,0,14
80446,0.0646130728775356,-0.0,0,0,14
81533,0.073030303030303,-0.0,0,0,14
85992,0.0583634175691936,-0.0,0,0,14
39538,0.0434491978609625,-0.0,0,0,14
76752,0.0580462482302972,-0.0,0,0,14
89416,0.0580204778156996,-0.0,0,0,14
86789,0.0545124167171411,-0.0,0,0,14
24969,0.0524916943521593,-0.0,0,0,14
56274,0.0502824858757062,-0.0,0,0,14
80080,0.0443548387096772,-0.0,0,0,14
44329,0.0435086086551885,-0.0,0,0,14
76515,0.0708717221828489,-0.0,0,0,14
76207,0.0024999999999999,0.0,0,0,15
11581,0.0016313213703098,0.0,0,0,15
88343,-0.0301990391214824,0.0,0,0,15
89832,0.0,0.0,0,0,15
80679,0.0057803468208093,0.0,0,0,15
76544,0.0039682539682539,0.0,0,0,15
35503,-0.0077777777777777,0.0,0,0,15
48961,-0.0243902439024391,0.0,0,0,15
63829,-0.0101491041222904,0.0,0,0,15
84026,-0.0125786163522012,0.0,0,0,15
35917,-0.018058690744921,0.0,0,0,15
85996,-0.0189473684210526,0.0,0,0,15
89659,-0.0292397660818714,0.0,0,0,15
84161,0.0059760956175298,0.0,0,0,15
85798,-0.0098765432098765,0.0,0,0,15
89100,0.0076923076923076,0.0,0,0,15
75104,0.050561797752809,0.0,0,0,15
90657,0.0159786950732356,0.0,0,0,15
81620,-0.0312499999999998,0.0,0,0,15
85680,0.0527505226087119,0.0,0,0,15
21785,0.0517241379310344,0.0,0,0,15
89215,0.0449927431059506,0.0,0,0,15
88965,0.0413907284768211,0.0,0,0,15
85576,0.0406504065040651,0.0,0,0,15
90325,0.0389221556886227,0.0,0,0,15
75550,0.0348071495766697,0.0,0,0,15
77264,0.0347349177330895,0.0,0,0,15
87478,0.0347222222222223,0.0,0,0,15
81278,0.0305343511450382,0.0,0,0,15
33209,0.0292682926829268,0.0,0,0,15
76020,0.027749229188078,0.0,0,0,15
86578,0.0264900662251654,0.0,0,0,15
75224,0.0247388675096207,0.0,0,0,15
90469,0.0158730158730158,0.0,0,0,15
80310,-0.031819133347289,0.0,0,0,15
79427,-0.2619047619047618,0.0,0,0,15
83683,-0.039156626506024,0.0,0,0,15
79734,-0.1452991452991452,0.0,0,0,15
76435,-0.149453219927096,0.0,0,0,15
88984,-0.1574585635359117,0.0,0,0,15
90544,-0.1638888888888889,0.0,0,0,15
83934,-0.1682974559686889,0.0,0,0,15
90371,-0.1794871794871794,0.0,0,0,15
71538,-0.1452991452991452,0.0,0,0,15
10002,-0.3662613981762918,1.0,1,0,15
38746,-0.2253899946207638,0.0,0,0,15
86302,-0.2487623762376237,0.0,0,0,15
90088,-0.2632743362831857,0.0,0,0,15
61269,-0.2752688172043011,0.0,0,0,15
89527,-0.3376470588235294,0.0,0,0,15
84372,0.058128078817734,0.0,0,0,15
12217,-0.1899852724594992,0.0,0,0,15
81562,-0.1181796708920556,0.0,0,0,15
85751,-0.1160220994475138,0.0,0,0,15
75730,-0.1036269430051813,0.0,0,0,15
65330,-0.0393622321873442,0.0,0,0,15
80498,-0.0427480916030534,0.0,0,0,15
85991,-0.0446428571428572,0.0,0,0,15
10649,-0.0451127819548872,0.0,0,0,15
86083,-0.0467289719626168,0.0,0,0,15
89801,-0.062992125984252,0.0,0,0,15
79796,-0.0665859564164649,0.0,0,0,15
81190,-0.0724233983286907,0.0,0,0,15
90363,-0.073170731707317,0.0,0,0,15
89960,-0.0753825655105584,0.0,0,0,15
76504,-0.0766488413547238,0.0,0,0,15
28118,-0.083921568627451,0.0,0,0,15
87652,-0.0967153284671533,0.0,0,0,15
87277,-0.1022099447513812,0.0,0,0,15
86924,-0.1032863849765258,0.0,0,0,15
83602,-0.034,0.0,0,0,15
84578,0.058365758754864,0.0,0,0,15
74406,0.4943820224719102,-0.0,0,0,15
84397,0.0684638777019808,-0.0,0,0,15
62228,0.3042168674698795,-0.0,0,0,15
88264,0.300578034682081,-0.0,0,0,15
90421,0.2960372960372959,-0.0,0,0,15
75856,0.2930518418006944,-0.0,0,0,15
78955,0.2863595302619692,-0.0,0,0,15
80816,0.283653846153846,-0.0,0,0,15
92583,0.3055555555555556,-0.0,0,0,15
11903,0.2723404255319148,-0.0,0,0,15
82504,0.2523076923076923,-0.0,0,0,15
52716,0.2449922958397534,-0.0,0,0,15
90081,0.2388535031847134,-0.0,0,0,15
75447,0.213903743315508,-0.0,0,0,15
89143,0.2095238095238094,-0.0,0,0,15
88368,0.2084592145015105,-0.0,0,0,15
53815,0.2546583850931676,-0.0,0,0,15
85077,0.3179611650485436,-0.0,0,0,15
81220,0.31993006993007,-0.0,0,0,15
84571,0.3489208633093525,-0.0,0,0,15
89815,0.8846153846153846,-1.0,0,-1,15
78044,0.7222222222222223,-0.0,0,0,15
85796,0.0662251655629138,0.0,0,0,15
80000,0.6356107660455488,-0.0,0,0,15
90241,0.6000000000000001,-0.0,0,0,15
89715,0.5786259541984733,-0.0,0,0,15
90640,0.5125628140703518,-0.0,0,0,15
34067,0.4392638036809815,-0.0,0,0,15
70923,0.4386574074074072,-0.0,0,0,15
11731,0.4385775862068966,-0.0,0,0,15
86113,0.4076086956521738,-0.0,0,0,15
89142,0.357142857142857,-0.0,0,0,15
80007,0.3562043795620437,-0.0,0,0,15
79689,0.3523809523809522,-0.0,0,0,15
90548,0.3503875968992249,-0.0,0,0,15
65429,0.2014134275618373,-0.0,0,0,15
86440,0.193069306930693,-0.0,0,0,15
83529,0.6886792452830188,-0.0,0,0,15
86915,0.1717171717171717,-0.0,0,0,15
64186,0.1248097412480975,-0.0,0,0,15
85838,0.1224489795918368,-0.0,0,0,15
85314,0.1203007518796992,-0.0,0,0,15
81010,0.1175213675213677,-0.0,0,0,15
76879,0.1147540983606558,-0.0,0,0,15
86157,0.1073253833049403,-0.0,0,0,15
87379,0.1260923845193509,-0.0,0,0,15
38172,0.0999999999999998,-0.0,0,0,15
86253,0.0901639344262295,-0.0,0,0,15
20618,0.0875665215287855,-0.0,0,0,15
55511,0.0856807511737089,-0.0,0,0,15
81546,0.0816077953714982,-0.0,0,0,15
89482,0.0749999999999999,-0.0,0,0,15
89821,0.1842546063651593,-0.0,0,0,15
22779,0.0958408679927667,-0.0,0,0,15
89644,0.1269430051813471,-0.0,0,0,15
87016,0.0784708249496981,-0.0,0,0,15
24221,0.1328903654485052,-0.0,0,0,15
81165,0.1311111111111111,-0.0,0,0,15
34032,0.1693002257336342,-0.0,0,0,15
85298,0.1685393258426966,-0.0,0,0,15
89615,0.167475,-0.0,0,0,15
14461,0.1655300681959084,-0.0,0,0,15
85516,0.165289256198347,-0.0,0,0,15
90490,0.1619585687382299,-0.0,0,0,15
88255,0.1699999999999999,-0.0,0,0,15
79862,0.1522388059701491,-0.0,0,0,15
86026,0.133587786259542,-0.0,0,0,15
38682,0.1570815450643776,-0.0,0,0,15
76619,0.1345065996228787,-0.0,0,0,15
57534,0.1703406813627253,-0.0,0,0,15
87039,0.1413721413721416,-0.0,0,0,15
89529,0.1484098939929328,-0.0,0,0,15
11825,0.1354838709677419,-0.0,0,0,15
66093,-0.0323965651834504,0.0,0,0,16
77683,0.0,0.0,0,0,16
60898,-0.0016381284586106,0.0,0,0,16
77610,-0.2214348981399468,0.0,0,0,16
73139,-0.0069749418754844,0.0,0,0,16
22592,-0.0086805555555555,0.0,0,0,16
86339,-0.0106035889070146,0.0,0,0,16
86097,-0.0147401086113266,0.0,0,0,16
67360,-0.0195312500000001,0.0,0,0,16
16600,-0.0254565578306585,0.0,0,0,16
20512,-0.029835651074589,0.0,0,0,16
83641,0.0,0.0,0,0,16
46674,-0.0141342756183746,0.0,0,0,16
18411,-0.0162742382271467,0.0,0,0,16
85198,0.0185259766411598,0.0,0,0,16
77425,0.0042674253200567,0.0,0,0,16
39328,0.0110216193302246,0.0,0,0,16
87299,0.0113533151680289,0.0,0,0,16
79265,0.012623985572588,0.0,0,0,16
42067,0.0151515151515151,0.0,0,0,16
87827,0.0168255748738082,0.0,0,0,16
71271,0.0249940865725775,0.0,0,0,16
52038,0.0270038576939564,0.0,0,0,16
26825,0.0270719544051294,0.0,0,0,16
89574,0.0285959393766084,0.0,0,0,16
82231,0.0298507462686568,0.0,0,0,16
14008,0.0303280379616257,0.0,0,0,16
75510,0.0303473491773307,0.0,0,0,16
89002,-0.0327203248149031,0.0,0,0,16
10853,0.0,0.0,0,0,16
31668,-0.0350877192982456,0.0,0,0,16
85517,-0.088205813564985,0.0,0,0,16
86288,-0.0377867746288798,0.0,0,0,16
10107,0.0310957551826258,0.0,0,0,16
79248,-0.2141592920353981,0.0,0,0,16
29058,-0.2076700434153401,0.0,0,0,16
84365,-0.2031324157570004,0.0,0,0,16
11144,-0.2017200938232993,0.0,0,0,16
89301,-0.1727453580901856,0.0,0,0,16
81702,-0.1706758304696449,0.0,0,0,16
68830,-0.146218487394958,0.0,0,0,16
81565,-0.1449999999999999,0.0,0,0,16
83272,-0.1408695652173912,0.0,0,0,16
89800,-0.1236727045596502,0.0,0,0,16
66181,-0.1200607902735562,0.0,0,0,16
52230,-0.1094920899250624,0.0,0,0,16
79878,-0.0923718712753277,0.0,0,0,16
65875,-0.035596572181938,0.0,0,0,16
90276,-0.0886990801576873,0.0,0,0,16
90531,-0.0822407628128725,0.0,0,0,16
76856,-0.0809002433090025,0.0,0,0,16
89297,-0.0746445497630331,0.0,0,0,16
35107,-0.0635922330097088,0.0,0,0,16
47002,-0.0626848018923713,0.0,0,0,16
77973,-0.06265664160401,0.0,0,0,16
10294,-0.055045871559633,0.0,0,0,16
87717,-0.0547392682224142,0.0,0,0,16
79667,-0.0539816232771822,0.0,0,0,16
19502,-0.0521794463888005,0.0,0,0,16
85291,-0.0485294117647059,0.0,0,0,16
73681,-0.0478227060653188,0.0,0,0,16
49154,-0.0475036354823072,0.0,0,0,16
15560,-0.0454545454545455,0.0,0,0,16
85914,-0.085461177696717,0.0,0,0,16
89934,0.0338983050847456,0.0,0,0,16
59328,-0.0038022813688212,0.0,0,0,16
19393,0.0375,-0.0,0,0,16
10182,0.1118443904133379,-0.0,0,0,16
10516,0.1177904142973191,-0.0,0,0,16
28629,0.1185185185185184,-0.0,0,0,16
39757,0.1201814058956916,-0.0,0,0,16
88873,0.121646912039925,-0.0,0,0,16
86868,0.1250584435797666,-0.0,0,0,16
90313,0.1262939958592133,-0.0,0,0,16
85418,0.126551724137931,-0.0,0,0,16
84172,0.1318252730109204,-0.0,0,0,16
84808,0.134672619047619,-0.0,0,0,16
10696,0.135048231511254,-0.0,0,0,16
79698,0.1361954108068097,-0.0,0,0,16
85753,0.1375121477162295,-0.0,0,0,16
11652,0.1494252873563217,-0.0,0,0,16
70332,0.1096144914073384,-0.0,0,0,16
87505,0.1517771373679155,-0.0,0,0,16
45356,0.1620370370370369,-0.0,0,0,16
76082,0.1636303411725737,-0.0,0,0,16
72128,0.1643059490084988,-0.0,0,0,16
82717,0.1957975167144221,-0.0,0,0,16
85424,0.2018615474112854,-0.0,0,0,16
86573,0.2067114093959732,-0.0,0,0,16
81566,0.2437499999999999,-0.0,0,0,16
11368,0.252808988764045,-0.0,0,0,16
87649,0.2562499999999998,-0.0,0,0,16
29867,0.2693333333333332,-0.0,0,0,16
78749,0.3,-0.0,0,0,16
86799,0.3158567774936061,-0.0,0,0,16
77515,0.4327272727272726,-0.0,0,0,16
90200,0.0374707259953159,-0.0,0,0,16
77279,0.1567460317460316,-0.0,0,0,16
51960,0.109375,-0.0,0,0,16
80049,0.1618798955613576,-0.0,0,0,16
24328,0.1076419863217363,-0.0,0,0,16
10324,0.1089443090193138,-0.0,0,0,16
85348,0.0383808095952025,-0.0,0,0,16
75912,0.0385650224215246,-0.0,0,0,16
42083,0.0426200089726334,-0.0,0,0,16
13856,0.0460209003215434,-0.0,0,0,16
83875,0.0490768124050835,-0.0,0,0,16
81670,0.0501567398119122,-0.0,0,0,16
18163,0.0505663430420713,-0.0,0,0,16
22111,0.053475935828877,-0.0,0,0,16
89813,0.0537313432835822,-0.0,0,0,16
17750,0.055962555962556,-0.0,0,0,16
83906,0.0615972812234493,-0.0,0,0,16
18570,0.0639175257731958,-0.0,0,0,16
79885,0.066,-0.0,0,0,16
11748,0.0702341137123745,-0.0,0,0,16
10138,0.0532191069574246,-0.0,0,0,16
85963,0.098749460974558,-0.0,0,0,16
70536,0.105383211678832,-0.0,0,0,16
86804,0.1052631578947367,-0.0,0,0,16
10404,0.0991957104557639,-0.0,0,0,16
76710,0.0968586387434555,-0.0,0,0,16
57665,0.0872879740804268,-0.0,0,0,16
82634,0.0721804511278194,-0.0,0,0,16
31691,0.0819134993446921,-0.0,0,0,16
34817,0.0791349225854018,-0.0,0,0,16
29285,0.0785714285714285,-0.0,0,0,16
80864,0.0783423218847574,-0.0,0,0,16
17830,0.077190827190827,-0.0,0,0,16
20482,0.0767025089605735,-0.0,0,0,16
88661,0.0722448979591836,-0.0,0,0,16
82642,0.1063545150501672,-0.0,0,0,16
11628,0.0204778156996587,0.0,0,0,17
79307,0.0213675213675215,0.0,0,0,17
76310,0.0185185185185186,0.0,0,0,17
90199,-0.0266666666666667,0.0,0,0,17
83729,0.0146341463414634,0.0,0,0,17
84140,0.0309278350515465,0.0,0,0,17
83616,0.0255863539445626,0.0,0,0,17
89424,0.0126582278481013,0.0,0,0,17
89531,-0.0235849056603775,0.0,0,0,17
90399,0.0036130068245683,0.0,0,0,17
89924,0.0034364261168384,0.0,0,0,17
65163,0.0,0.0,0,0,17
76331,-0.0070921985815602,0.0,0,0,17
76671,-0.0094722598105547,0.0,0,0,17
79080,-0.0243902439024389,0.0,0,0,17
16505,0.0314685314685316,0.0,0,0,17
86720,0.0063657407407407,0.0,0,0,17
90603,0.0392609699769053,0.0,0,0,17
84441,0.0905125408942202,0.0,0,0,17
89044,0.0429958391123439,0.0,0,0,17
58318,-0.027536231884058,0.0,0,0,17
84607,0.0916666666666667,0.0,0,0,17
87501,0.0906249999999999,0.0,0,0,17
72005,0.0763358778625955,0.0,0,0,17
83504,0.0749999999999999,0.0,0,0,17
77898,0.0740740740740739,0.0,0,0,17
55993,0.0726256983240223,0.0,0,0,17
85223,0.0396,0.0,0,0,17
23579,0.0717614165890028,0.0,0,0,17
46834,0.0681818181818181,0.0,0,0,17
89440,0.0666666666666666,0.0,0,0,17
87833,0.0625,0.0,0,0,17
59600,0.0615835777126099,0.0,0,0,17
10163,0.0523255813953489,0.0,0,0,17
90568,0.048780487804878,0.0,0,0,17
13901,0.046540110226577,0.0,0,0,17
89701,0.0696361355081556,0.0,0,0,17
84215,-0.0377358490566037,0.0,0,0,17
85406,-0.2305295950155762,0.0,0,0,17
85047,-0.0385852090032153,0.0,0,0,17
64995,-0.1869918699186992,0.0,0,0,17
80837,-0.1878172588832486,0.0,0,0,17
90209,-0.1881390593047034,0.0,0,0,17
80812,-0.1927710843373493,0.0,0,0,17
11394,-0.196969696969697,0.0,0,0,17
85526,-0.200251572327044,0.0,0,0,17
85663,-0.216171617161716,0.0,0,0,17
78147,-0.1844660194174757,0.0,0,0,17
81870,-0.2222222222222222,0.0,0,0,17
86959,0.0917253341495767,0.0,0,0,17
81889,-0.2532894736842105,0.0,0,0,17
89651,-0.2607003891050583,0.0,0,0,17
83551,-0.2780979827089338,0.0,0,0,17
90425,-0.2786069651741293,0.0,0,0,17
86128,-0.3494505494505494,1.0,1,0,17
69586,-0.3909952606635071,1.0,1,0,17
10874,-0.2274247491638796,0.0,0,0,17
81651,-0.1666666666666666,0.0,0,0,17
87814,-0.1627906976744186,0.0,0,0,17
20765,-0.1625000000000001,0.0,0,0,17
87024,-0.0415335463258785,0.0,0,0,17
79247,-0.053921568627451,0.0,0,0,17
88359,-0.0541891891891892,0.0,0,0,17
85571,-0.0565693430656935,0.0,0,0,17
17137,-0.0619469026548671,0.0,0,0,17
85976,-0.0651162790697674,0.0,0,0,17
21020,-0.0651260504201679,0.0,0,0,17
35044,-0.0668151447661469,0.0,0,0,17
11750,-0.0683760683760682,0.0,0,0,17
88865,-0.0709677419354839,0.0,0,0,17
90560,-0.1031888382724082,0.0,0,0,17
89738,-0.1071428571428571,0.0,0,0,17
87843,-0.1094674556213017,0.0,0,0,17
87424,-0.1384615384615384,0.0,0,0,17
77235,-0.14,0.0,0,0,17
11754,-0.1442622950819672,0.0,0,0,17
80625,-0.159375,0.0,0,0,17
88596,-0.0382692307692308,0.0,0,0,17
89612,0.09375,0.0,0,0,17
89419,-0.3891509433962264,1.0,1,0,17
62906,0.1009174311926603,-0.0,0,0,17
89796,0.4035087719298247,-0.0,0,0,17
89964,0.4029850746268657,-0.0,0,0,17
81560,0.3800000000000001,-0.0,0,0,17
89530,0.3794642857142856,-0.0,0,0,17
86051,0.3764705882352941,-0.0,0,0,17
51925,0.3700787401574803,-0.0,0,0,17
62042,0.3646532438478747,-0.0,0,0,17
10886,0.4134615384615383,-0.0,0,0,17
85565,0.3601741022850924,-0.0,0,0,17
83145,0.3450704225352112,-0.0,0,0,17
90638,0.3414634146341464,-0.0,0,0,17
82575,0.3254310344827589,-0.0,0,0,17
80990,0.3179916317991631,-0.0,0,0,17
10769,0.3163636363636364,-0.0,0,0,17
76960,0.3162878787878787,-0.0,0,0,17
76553,0.3125,-0.0,0,0,17
61955,0.3589196872778963,-0.0,0,0,17
78071,0.4230769230769229,-0.0,0,0,17
10932,0.4263862332695984,-0.0,0,0,17
90588,0.4563106796116505,-0.0,0,0,17
80223,0.0954446854663773,-0.0,0,0,17
85707,0.9826086956521738,-1.0,0,-1,17
75527,0.8484848484848484,-1.0,0,-1,17
17523,0.8148148148148149,-1.0,0,-1,17
87825,0.7692307692307692,-0.0,0,0,17
76360,0.6666666666666667,-0.0,0,0,17
90440,0.6147704590818364,-0.0,0,0,17
89471,0.5921787709497206,-0.0,0,0,17
89484,0.5806451612903227,-0.0,0,0,17
85880,0.5574636723910169,-0.0,0,0,17
11707,0.5450643776824033,-0.0,0,0,17
10333,0.5,-0.0,0,0,17
90670,0.4878048780487805,-0.0,0,0,17
80969,0.4785396430451216,-0.0,0,0,17
79802,0.46875,-0.0,0,0,17
86990,0.4666666666666668,-0.0,0,0,17
81055,0.4599761051373956,-0.0,0,0,17
79573,0.3011529411764704,-0.0,0,0,17
90358,0.2940547636909227,-0.0,0,0,17
77575,0.5134099616858239,-0.0,0,0,17
76336,0.2718446601941748,-0.0,0,0,17
76686,0.1795774647887325,-0.0,0,0,17
85671,0.1764705882352941,-0.0,0,0,17
89642,0.1650485436893203,-0.0,0,0,17
63159,0.1538461538461537,-0.0,0,0,17
78200,0.1522309711286087,-0.0,0,0,17
72304,0.1445086705202312,-0.0,0,0,17
89889,0.1441207576194596,-0.0,0,0,17
86719,0.1815519765739386,-0.0,0,0,17
89029,0.142857142857143,-0.0,0,0,17
78195,0.1283422459893046,-0.0,0,0,17
88263,0.1212121212121211,-0.0,0,0,17
85559,0.1170483460559794,-0.0,0,0,17
87451,0.1103448275862069,-0.0,0,0,17
85550,0.1044776119402983,-0.0,0,0,17
10180,0.2857142857142858,-0.0,0,0,17
84416,0.1014492753623186,-0.0,0,0,17
51706,0.1384083044982698,-0.0,0,0,17
37058,0.1868131868131868,-0.0,0,0,17
86531,0.1285266457680252,-0.0,0,0,17
83592,0.1918492887351019,-0.0,0,0,17
10866,0.2628304821150855,-0.0,0,0,17
79851,0.1870370370370369,-0.0,0,0,17
59408,0.2620380739081747,-0.0,0,0,17
88906,0.2583798882681563,-0.0,0,0,17
11873,0.2716049382716048,-0.0,0,0,17
65270,0.2526315789473683,-0.0,0,0,17
84129,0.2516010978956999,-0.0,0,0,17
89252,0.2485207100591715,-0.0,0,0,17
86034,0.2385542168674697,-0.0,0,0,17
61241,0.2576177285318559,-0.0,0,0,17
89524,0.2362204724409449,-0.0,0,0,17
89313,0.1999999999999999,-0.0,0,0,17
79108,0.2321428571428569,-0.0,0,0,17
47466,0.2267657992565055,-0.0,0,0,17
80785,0.2222222222222223,-0.0,0,0,17
89820,0.2199756004879902,-0.0,0,0,17
90756,0.2364583333333332,-0.0,0,0,17
88797,0.2142857142857142,-0.0,0,0,17
87426,0.0049019607843137,0.0,0,0,18
37568,0.0037990713381172,0.0,0,0,18
21979,0.000914913083257,0.0,0,0,18
85770,0.0,0.0,0,0,18
90535,-0.0029702970297028,0.0,0,0,18
17478,-0.0019900497512437,0.0,0,0,18
77702,-0.0048409405255878,0.0,0,0,18
80336,-0.0078094994238894,0.0,0,0,18
84058,-0.0136363636363636,0.0,0,0,18
85913,-0.0084889643463497,0.0,0,0,18
87432,-0.0016429353778751,0.0,0,0,18
89207,0.0084485407066052,0.0,0,0,18
59627,0.0377358490566037,0.0,0,0,18
44951,0.0152905198776758,0.0,0,0,18
79338,0.0194396798170382,0.0,0,0,18
17961,0.021505376344086,0.0,0,0,18
86003,0.0260532150776053,0.0,0,0,18
79799,0.0278657378087396,0.0,0,0,18
86876,0.0280769230769231,0.0,0,0,18
77787,0.0453980099502488,0.0,0,0,18
50623,0.0496923805016564,0.0,0,0,18
14795,0.0516169154228856,0.0,0,0,18
86946,0.0523959978936283,0.0,0,0,18
76391,-0.0217797137523335,0.0,0,0,18
66157,0.0537870472008781,0.0,0,0,18
69649,0.0133843212237094,0.0,0,0,18
82515,-0.0240761478163493,0.0,0,0,18
11018,-0.1125226860254083,0.0,0,0,18
53197,-0.0299003322259135,0.0,0,0,18
74740,0.0568819263921194,0.0,0,0,18
19721,-0.2300838574423479,0.0,0,0,18
20220,-0.2042183622828783,0.0,0,0,18
64020,-0.1940298507462686,0.0,0,0,18
77528,-0.1639619473978736,0.0,0,0,18
52813,-0.1636904761904761,0.0,0,0,18
82234,-0.1616595744680851,0.0,0,0,18
81259,-0.1392857142857142,0.0,0,0,18
76568,-0.1364468864468865,0.0,0,0,18
83671,-0.1215242018537591,0.0,0,0,18
75107,-0.1094452773613192,0.0,0,0,18
10225,-0.1093869244467057,0.0,0,0,18
84381,-0.0284900284900284,0.0,0,0,18
87496,-0.0981256890848952,0.0,0,0,18
89757,-0.0899631823275172,0.0,0,0,18
76711,-0.0841170323928944,0.0,0,0,18
77516,-0.0831545064377682,0.0,0,0,18
28804,-0.0721096543504171,0.0,0,0,18
15202,-0.0685594111461619,0.0,0,0,18
25419,-0.0668733392382638,0.0,0,0,18
42922,-0.0632746249184605,0.0,0,0,18
89540,-0.063157894736842,0.0,0,0,18
18649,-0.0620811287477954,0.0,0,0,18
77366,-0.0569536423841059,0.0,0,0,18
17444,-0.0556701030927835,0.0,0,0,18
71563,-0.0394173093401883,0.0,0,0,18
89031,-0.0916666666666665,0.0,0,0,18
83186,0.0588885816975393,0.0,0,0,18
56777,0.015873015873016,0.0,0,0,18
90515,0.059228650137741,-0.0,0,0,18
85839,0.1532846715328466,-0.0,0,0,18
48267,0.1640625,-0.0,0,0,18
90323,0.1642384105960264,-0.0,0,0,18
13507,0.167820833947252,-0.0,0,0,18
11348,0.1771626297577857,-0.0,0,0,18
66253,0.1775244299674268,-0.0,0,0,18
81614,0.1828571428571428,-0.0,0,0,18
12188,0.1830985915492957,-0.0,0,0,18
38156,0.1900709219858156,-0.0,0,0,18
61146,0.1999999999999999,-0.0,0,0,18
75241,0.2162629757785468,-0.0,0,0,18
87178,0.2190476190476189,-0.0,0,0,18
89410,0.1526965562053279,-0.0,0,0,18
81857,0.2208756841282253,-0.0,0,0,18
82542,0.2251308900523558,-0.0,0,0,18
61138,0.244175209692451,-0.0,0,0,18
79841,0.2789442111577682,-0.0,0,0,18
41929,0.2953995157384987,-0.0,0,0,18
65154,0.3109375000000001,-0.0,0,0,18
83390,0.3308957952468008,-0.0,0,0,18
77637,0.3452380952380953,-0.0,0,0,18
72726,0.3609727512452387,-0.0,0,0,18
88897,0.3825396825396825,-0.0,0,0,18
80185,0.4003139717425432,-0.0,0,0,18
71191,0.8225806451612903,-0.0,0,0,18
88750,0.0590277777777776,-0.0,0,0,18
75320,0.221470588235294,-0.0,0,0,18
59248,0.1500653594771241,-0.0,0,0,18
88193,0.5454545454545454,-0.0,0,0,18
85590,0.1481241914618369,-0.0,0,0,18
86878,0.1500547645125958,-0.0,0,0,18
89578,0.0689655172413792,-0.0,0,0,18
77918,0.0701647345942646,-0.0,0,0,18
42796,0.0749601275917066,-0.0,0,0,18
22840,0.080528846153846,-0.0,0,0,18
12650,0.0813114754098358,-0.0,0,0,18
43123,0.0818820653834402,-0.0,0,0,18
45241,0.0922083909635775,-0.0,0,0,18
76639,0.094627105052125,-0.0,0,0,18
90221,0.0952380952380953,-0.0,0,0,18
64282,0.095446584938704,-0.0,0,0,18
36768,0.0984528832630098,-0.0,0,0,18
76709,0.0687022900763358,-0.0,0,0,18
90609,0.1063829787234043,-0.0,0,0,18
11513,0.1444444444444446,-0.0,0,0,18
90605,0.1030844155844155,-0.0,0,0,18
87361,0.141683778234086,-0.0,0,0,18
83642,0.1356164383561642,-0.0,0,0,18
15537,0.1324863883847551,-0.0,0,0,18
79857,0.128245476003147,-0.0,0,0,18
40694,0.0641025641025641,-0.0,0,0,18
52329,0.1277602523659307,-0.0,0,0,18
82547,0.1209964412811388,-0.0,0,0,18
77605,0.1177170035671819,-0.0,0,0,18
57007,0.1073275862068965,-0.0,0,0,18
61567,0.1147028154327423,-0.0,0,0,18
82541,0.1278195488721805,-0.0,0,0,18
83862,0.006993006993007,0.0,0,0,19
39482,0.007070923505464,0.0,0,0,19
80193,0.0119047619047618,0.0,0,0,19
86300,0.0166666666666666,0.0,0,0,19
86165,0.0216216216216216,0.0,0,0,19
79529,0.0240963855421687,0.0,0,0,19
33690,0.0266159695817491,0.0,0,0,19
80297,0.0285714285714286,0.0,0,0,19
90034,0.0370370370370369,0.0,0,0,19
46950,0.0135135135135133,0.0,0,0,19
67942,0.0,0.0,0,0,19
85320,0.0,0.0,0,0,19
11161,-0.0196078431372549,0.0,0,0,19
86570,-0.0217391304347824,0.0,0,0,19
89849,-0.0258064516129032,0.0,0,0,19
57015,-0.0273972602739726,0.0,0,0,19
87564,-0.0284005979073243,0.0,0,0,19
90555,-0.0288461538461538,0.0,0,0,19
81728,-0.0402,0.0,0,0,19
86560,-0.042168674698795,0.0,0,0,19
10994,-0.0476190476190475,0.0,0,0,19
77007,0.0416666666666667,0.0,0,0,19
84746,-0.0499999999999999,0.0,0,0,19
77117,0.0,0.0,0,0,19
90486,-0.0263157894736841,0.0,0,0,19
88795,0.0989583333333332,0.0,0,0,19
84723,0.053299492385787,0.0,0,0,19
49905,-0.0506329113924051,0.0,0,0,19
83149,0.1666666666666667,0.0,0,0,19
77521,0.1638181818181816,0.0,0,0,19
80112,0.1626506024096385,0.0,0,0,19
37460,0.1578947368421053,0.0,0,0,19
48291,0.142857142857143,0.0,0,0,19
10563,0.1409395973154361,0.0,0,0,19
77501,0.1392405063291137,0.0,0,0,19
85685,0.1347517730496454,0.0,0,0,19
80943,0.1304347826086958,0.0,0,0,19
89925,0.1304347826086955,0.0,0,0,19
89956,0.043076923076923,0.0,0,0,19
89825,0.1300073450477428,0.0,0,0,19
87342,0.1176470588235294,0.0,0,0,19
61496,0.0978431372549017,0.0,0,0,19
51263,0.0957983193277309,0.0,0,0,19
80534,0.0945945945945947,0.0,0,0,19
76037,0.0901639344262295,0.0,0,0,19
90213,0.0855263157894736,0.0,0,0,19
60273,0.0792079207920792,0.0,0,0,19
84413,0.0598290598290598,0.0,0,0,19
77505,0.0594467333725721,0.0,0,0,19
65509,0.0588235294117647,0.0,0,0,19
85978,0.0563380281690142,0.0,0,0,19
90093,0.129032258064516,0.0,0,0,19
82155,-0.054054054054054,0.0,0,0,19
75222,-0.1909090909090909,0.0,0,0,19
84730,-0.0593768371546149,0.0,0,0,19
89568,-0.1948717948717948,0.0,0,0,19
80553,-0.203125,0.0,0,0,19
90599,-0.2040816326530612,0.0,0,0,19
80279,-0.2045454545454545,0.0,0,0,19
77783,-0.2085889570552146,0.0,0,0,19
41419,-0.2413793103448275,1.0,1,0,19
85832,-0.2469135802469136,1.0,1,0,19
39731,-0.25,1.0,1,0,19
62885,-0.2580645161290323,1.0,1,0,19
79828,-0.2592592592592593,1.0,1,0,19
10304,-0.2721088435374149,1.0,1,0,19
90049,-0.2826086956521739,1.0,1,0,19
80245,-0.2854590925330474,1.0,1,0,19
81647,-0.2875000000000001,1.0,1,0,19
85013,-0.2947598253275109,1.0,1,0,19
77181,-0.3101851851851852,1.0,1,0,19
79259,-0.3197278911564626,1.0,1,0,19
86685,-0.3214285714285715,1.0,1,0,19
84734,-0.3448275862068966,1.0,1,0,19
88943,-0.3759398496240602,1.0,1,0,19
77576,-0.4017094017094017,1.0,1,0,19
89873,-0.424,1.0,1,0,19
54704,0.1701570680628272,0.0,0,0,19
88163,-0.4818181818181818,1.0,1,0,19
75434,-0.1938775510204081,0.0,0,0,19
80069,-0.1879687499999999,0.0,0,0,19
89208,-0.1685393258426966,0.0,0,0,19
86155,-0.065040650406504,0.0,0,0,19
86819,-0.0656249999999999,0.0,0,0,19
77443,-0.0833333333333332,0.0,0,0,19
89877,-0.0833333333333332,0.0,0,0,19
88417,-0.0851063829787234,0.0,0,0,19
86977,-0.0961538461538462,0.0,0,0,19
85272,-0.0969997087095834,0.0,0,0,19
80924,-0.1024653312788906,0.0,0,0,19
86916,-0.1052631578947368,0.0,0,0,19
11891,-0.1097852028639618,0.0,0,0,19
88485,-0.1176470588235294,0.0,0,0,19
83558,-0.0549019607843136,0.0,0,0,19
89761,-0.1209457411336769,0.0,0,0,19
90101,-0.1249999999999998,0.0,0,0,19
87134,-0.1250000000000001,0.0,0,0,19
44513,-0.1375921375921377,0.0,0,0,19
75897,-0.1394583649708933,0.0,0,0,19
90502,-0.14,0.0,0,0,19
90229,-0.1424487851357789,0.0,0,0,19
89885,-0.1439999999999999,0.0,0,0,19
59483,-0.1485148514851484,0.0,0,0,19
76415,-0.1584158415841584,0.0,0,0,19
11162,-0.1608796296296297,0.0,0,0,19
86763,-0.1666666666666667,0.0,0,0,19
89366,-0.1216216216216216,0.0,0,0,19
88409,0.1707317073170731,0.0,0,0,19
87149,0.8047945205479452,-0.0,0,0,19
80343,0.1755725190839694,-0.0,0,0,19
79702,0.6452074391988556,-0.0,0,0,19
90176,0.6363636363636362,-0.0,0,0,19
87333,0.631578947368421,-0.0,0,0,19
90097,0.6098901098901099,-0.0,0,0,19
82552,0.5972222222222221,-0.0,0,0,19
84330,0.5882352941176472,-0.0,0,0,19
81740,0.5855855855855854,-0.0,0,0,19
75261,0.5849056603773584,-0.0,0,0,19
86042,0.5753968253968256,-0.0,0,0,19
90098,0.5737704918032787,-0.0,0,0,19
80274,0.5666666666666667,-0.0,0,0,19
61218,0.5563909774436089,-0.0,0,0,19
87121,0.5555555555555556,-0.0,0,0,19
84311,0.523809523809524,-0.0,0,0,19
66739,0.5184842883548983,-0.0,0,0,19
80926,0.5,-0.0,0,0,19
89268,0.5,-0.0,0,0,19
89312,0.4925373134328357,-0.0,0,0,19
33532,0.4893617021276595,-0.0,0,0,19
83244,0.4876237623762376,-0.0,0,0,19
90536,0.4730392156862744,-0.0,0,0,19
86333,0.4573170731707319,-0.0,0,0,19
64486,0.4422403733955657,-0.0,0,0,19
66050,0.6544502617801049,-0.0,0,0,19
16644,0.6746411483253589,-0.0,0,0,19
88482,0.6893749999999998,-0.0,0,0,19
89463,0.7252252252252251,-0.0,0,0,19
24951,0.1728395061728393,0.0,0,0,19
45487,3.154112443105327,-1.0,0,-1,19
90207,2.333333333333333,-1.0,0,-1,19
84530,2.101997896950578,-1.0,0,-1,19
86419,1.9069767441860463,-1.0,0,-1,19
81530,1.761904761904762,-1.0,0,-1,19
50286,1.6315789473684212,-1.0,0,-1,19
89567,1.4390243902439024,-1.0,0,-1,19
24193,1.292452830188679,-1.0,0,-1,19
80001,1.0909090909090908,-1.0,0,-1,19
83953,1.0568181818181817,-1.0,0,-1,19
89620,0.4399999999999999,-0.0,0,0,19
85349,1.0564516129032255,-1.0,0,-1,19
90171,1.0,-1.0,0,-1,19
79444,0.9605568445475638,-1.0,0,-1,19
88439,0.9459459459459458,-1.0,0,-1,19
11154,0.8922155688622757,-1.0,0,-1,19
84319,0.8869863013698629,-1.0,0,-1,19
76999,0.8801169590643274,-0.0,0,0,19
79740,0.847924871251136,-0.0,0,0,19
85564,0.8466273403436777,-0.0,0,0,19
68742,0.8148148148148147,-0.0,0,0,19
75573,0.7992277992277994,-0.0,0,0,19
90608,0.7857142857142856,-0.0,0,0,19
84375,1.0,-1.0,0,-1,19
84309,0.4395604395604395,-0.0,0,0,19
86547,1.04,-1.0,0,-1,19
10092,0.4140625,-0.0,0,0,19
42455,0.2564102564102564,-0.0,0,0,19
80577,0.2558139534883721,-0.0,0,0,19
78208,0.2554744525547443,-0.0,0,0,19
82775,0.2502179598953791,-0.0,0,0,19
80633,0.25,-0.0,0,0,19
85611,0.25,-0.0,0,0,19
87414,0.25,-0.0,0,0,19
89407,0.2437499999999999,-0.0,0,0,19
44230,0.2304761904761905,-0.0,0,0,19
82762,0.2287917737789202,-0.0,0,0,19
12190,0.2258793159083576,-0.0,0,0,19
66800,0.2246376811594204,-0.0,0,0,19
90054,0.2222222222222223,-0.0,0,0,19
47941,0.2199488491048591,-0.0,0,0,19
89916,0.2179487179487178,-0.0,0,0,19
85464,0.2135922330097086,-0.0,0,0,19
89698,0.1951219512195121,-0.0,0,0,19
27642,0.1923076923076923,-0.0,0,0,19
10371,0.1826685302655628,-0.0,0,0,19
10514,0.1764705882352941,-0.0,0,0,19
89913,0.1764705882352941,-0.0,0,0,19
79922,0.419491525423729,-0.0,0,0,19
80763,0.1761764705882351,-0.0,0,0,19
48697,0.2608695652173911,-0.0,0,0,19
83720,0.2608695652173913,-0.0,0,0,19
86437,0.2109375,-0.0,0,0,19
87494,0.2807881773399014,-0.0,0,0,19
85653,0.4074074074074074,-0.0,0,0,19
90505,0.2672634271099743,-0.0,0,0,19
90335,0.4093264248704664,-0.0,0,0,19
42906,0.4050179211469533,-0.0,0,0,19
90916,0.4031413612565446,-0.0,0,0,19
86889,0.3899999999999999,-0.0,0,0,19
90492,0.3874999999999999,-0.0,0,0,19
12226,0.3855421686746987,-0.0,0,0,19
86759,0.3837638376383763,-0.0,0,0,19
67046,0.3809523809523809,-0.0,0,0,19
80012,0.3723404255319149,-0.0,0,0,19
78018,0.3611111111111111,-0.0,0,0,19
39766,0.3999999999999999,-0.0,0,0,19
76888,0.3409090909090908,-0.0,0,0,19
20670,0.3125,-0.0,0,0,19
28223,0.3157894736842106,-0.0,0,0,19
90666,0.2920289855072464,-0.0,0,0,19
77855,0.3196202531645569,-0.0,0,0,19
90024,0.3200352009386917,-0.0,0,0,19
11056,0.3166144200626959,-0.0,0,0,19
88432,0.3214285714285714,-0.0,0,0,19
21135,0.332129963898917,-0.0,0,0,19
54084,0.3333333333333332,-0.0,0,0,19
85539,0.3333333333333335,-0.0,0,0,19
90314,0.3125,-0.0,0,0,19
90381,-0.0395256916996047,0.0,0,0,20
10661,-0.0192307692307692,0.0,0,0,20
89387,-0.0225778793941126,0.0,0,0,20
88434,-0.0259740259740259,0.0,0,0,20
83799,-0.0271368987909824,0.0,0,0,20
90053,-0.0353831041257366,0.0,0,0,20
73219,-0.0357432981316003,0.0,0,0,20
10078,-0.0174672489082969,0.0,0,0,20
86489,-0.0495049504950495,0.0,0,0,20
90188,-0.0472295514511873,0.0,0,0,20
80638,-0.0686274509803921,0.0,0,0,20
90164,-0.0519798787566103,0.0,0,0,20
78051,-0.0533333333333333,0.0,0,0,20
80544,-0.0647873392680513,0.0,0,0,20
85394,-0.0661064425770308,0.0,0,0,20
88446,-0.0171352074966533,0.0,0,0,20
82508,-0.0678009796339262,0.0,0,0,20
76792,-0.0421083627797408,0.0,0,0,20
76330,-0.009433962264151,0.0,0,0,20
76185,0.0181818181818183,0.0,0,0,20
88949,-0.0043336944745396,0.0,0,0,20
80393,0.0342560806369147,0.0,0,0,20
64961,-0.0688176053711301,0.0,0,0,20
91556,0.0321560358460726,0.0,0,0,20
89443,0.030149480618191,0.0,0,0,20
87816,0.0288065843621398,0.0,0,0,20
71837,0.0267148014440434,0.0,0,0,20
82248,0.0263157894736842,0.0,0,0,20
79686,0.0254777070063694,0.0,0,0,20
89891,-0.0074074074074074,0.0,0,0,20
76708,0.0237312030075187,0.0,0,0,20
82567,0.0169491525423728,0.0,0,0,20
80361,0.0164194915254238,0.0,0,0,20
87856,0.0162412993039444,0.0,0,0,20
10116,0.0115273775216138,0.0,0,0,20
51829,0.0105708245243127,0.0,0,0,20
87657,0.0072578100347113,0.0,0,0,20
84120,0.0043668122270743,0.0,0,0,20
85175,0.0,0.0,0,0,20
90275,0.0231441048034934,0.0,0,0,20
90539,-0.0709459459459459,0.0,0,0,20
89888,-0.1511752136752135,0.0,0,0,20
79103,-0.0720720720720722,0.0,0,0,20
83131,-0.1521645949421345,0.0,0,0,20
85204,-0.1586206896551724,0.0,0,0,20
85173,-0.1677437482438888,0.0,0,0,20
93105,-0.183426845058265,0.0,0,0,20
77582,-0.2053571428571429,0.0,0,0,20
82165,-0.2239062499999999,0.0,0,0,20
88574,-0.2395514780835882,0.0,0,0,20
80592,-0.2465970961887477,0.0,0,0,20
26607,-0.25,0.0,0,0,20
89606,-0.2635983263598326,0.0,0,0,20
81084,-0.267379679144385,0.0,0,0,20
83152,-0.2687673772011121,0.0,0,0,20
79033,-0.2690677966101694,0.0,0,0,20
81665,-0.2722419928825622,0.0,0,0,20
11378,-0.3209658421672556,0.0,0,0,20
85205,-0.3415007656967841,0.0,0,0,20
77182,0.0362654320987654,0.0,0,0,20
89770,-0.1415094339622641,0.0,0,0,20
86496,-0.1407407407407408,0.0,0,0,20
76100,-0.1369580178940124,0.0,0,0,20
46181,-0.135685210312076,0.0,0,0,20
46042,-0.0725008728034447,0.0,0,0,20
20598,-0.079335096335474,0.0,0,0,20
84519,-0.0794979079497907,0.0,0,0,20
88554,-0.0830449826989619,0.0,0,0,20
83509,-0.0849125364431487,0.0,0,0,20
76605,-0.0855821263297071,0.0,0,0,20
53866,-0.0879783067188911,0.0,0,0,20
81128,-0.0891138235585986,0.0,0,0,20
82759,-0.0711610486891385,0.0,0,0,20
87632,-0.0939226519337017,0.0,0,0,20
90012,-0.1008610086100862,0.0,0,0,20
90550,-0.1014203837528033,0.0,0,0,20
37402,-0.1096183206106869,0.0,0,0,20
86958,-0.11088295687885,0.0,0,0,20
89225,-0.1155628236576723,0.0,0,0,20
76661,-0.1198979591836734,0.0,0,0,20
87053,-0.1228070175438595,0.0,0,0,20
76732,-0.1345193508114855,0.0,0,0,20
82824,-0.0965058236272878,0.0,0,0,20
88352,0.0413969943644334,-0.0,0,0,20
75860,0.1928057553956832,-0.0,0,0,20
79499,0.0447058823529413,-0.0,0,0,20
89445,0.2505694760820047,-0.0,0,0,20
87752,0.2501492537313434,-0.0,0,0,20
82471,0.2255965292841648,-0.0,0,0,20
10257,0.2236767216846897,-0.0,0,0,20
80940,0.2153846153846155,-0.0,0,0,20
89863,0.2105263157894736,-0.0,0,0,20
19675,0.2084372003835091,-0.0,0,0,20
90488,0.1999999999999999,-0.0,0,0,20
49138,0.1949685534591194,-0.0,0,0,20
89903,0.178191489361702,-0.0,0,0,20
85401,0.1758064516129032,-0.0,0,0,20
10363,0.1727982162764771,-0.0,0,0,20
78156,0.1724482988659106,-0.0,0,0,20
87800,0.1620591039084842,-0.0,0,0,20
87005,0.1561181434599157,-0.0,0,0,20
42550,0.1519047619047617,-0.0,0,0,20
79588,0.151154750380307,-0.0,0,0,20
78211,0.2604422604422602,-0.0,0,0,20
87777,0.2641815235008102,-0.0,0,0,20
11132,0.2793148880105403,-0.0,0,0,20
67847,0.2878871681415931,-0.0,0,0,20
82640,-0.3948717948717949,1.0,1,0,20
37154,1.076923076923077,-1.0,0,-1,20
80004,0.8961038961038961,-1.0,0,-1,20
83929,0.7218274111675129,-0.0,0,0,20
88646,0.7072916666666669,-0.0,0,0,20
14761,0.6149705349048051,-0.0,0,0,20
89857,0.6099839001609986,-0.0,0,0,20
90538,0.574438202247191,-0.0,0,0,20
80114,0.1486486486486486,-0.0,0,0,20
40970,0.5352941176470587,-0.0,0,0,20
82747,0.4430632947563939,-0.0,0,0,20
85522,0.4348623853211009,-0.0,0,0,20
81741,0.4142857142857143,-0.0,0,0,20
10667,0.3844138834315651,-0.0,0,0,20
79006,0.3831611984964052,-0.0,0,0,20
80054,0.3733905579399141,-0.0,0,0,20
90386,0.3522867737948083,-0.0,0,0,20
84553,0.3119266055045873,-0.0,0,0,20
83779,0.519175729822553,-0.0,0,0,20
81226,0.0415999999999998,-0.0,0,0,20
34497,0.143418467583497,-0.0,0,0,20
83411,0.1353711790393013,-0.0,0,0,20
89369,0.0694698354661791,-0.0,0,0,20
87054,0.0677966101694913,-0.0,0,0,20
88161,0.0666666666666666,-0.0,0,0,20
75930,0.0654044750430293,-0.0,0,0,20
64785,0.0646130728775356,-0.0,0,0,20
36898,0.0616628759160979,-0.0,0,0,20
77327,0.0604838709677419,-0.0,0,0,20
78953,0.0592105263157893,-0.0,0,0,20
83896,0.0579710144927536,-0.0,0,0,20
82859,0.0569620253164555,-0.0,0,0,20
10051,0.0567936736161034,-0.0,0,0,20
82171,0.0526315789473683,-0.0,0,0,20
81869,0.0525291828793774,-0.0,0,0,20
89655,0.0515247108307046,-0.0,0,0,20
79580,0.0514285714285713,-0.0,0,0,20
65293,0.0486792452830189,-0.0,0,0,20
76934,0.045045045045045,-0.0,0,0,20
38149,0.0695187165775401,-0.0,0,0,20
46931,0.071748321313106,-0.0,0,0,20
77418,0.0728355474118187,-0.0,0,0,20
75526,0.0753036437246963,-0.0,0,0,20
86783,0.1341023792357605,-0.0,0,0,20
78073,0.123222748815166,-0.0,0,0,20
90455,0.1194594594594595,-0.0,0,0,20
33937,0.1177325581395349,-0.0,0,0,20
76367,0.1161048689138577,-0.0,0,0,20
89952,0.1121941103276649,-0.0,0,0,20
81293,0.1119302949061662,-0.0,0,0,20
90436,0.106012658227848,-0.0,0,0,20
78869,0.1375212224108659,-0.0,0,0,20
77087,0.1040056219255094,-0.0,0,0,20
83808,0.0974545454545454,-0.0,0,0,20
11908,0.0957446808510638,-0.0,0,0,20
88850,0.0945945945945945,-0.0,0,0,20
86525,0.0897672700406353,-0.0,0,0,20
77175,0.0828793774319065,-0.0,0,0,20
90204,0.0817610062893081,-0.0,0,0,20
14593,0.079313359294286,-0.0,0,0,20
76461,0.0769230769230768,-0.0,0,0,20
79866,0.1004842615012104,-0.0,0,0,20
50243,-0.4140249759846302,1.0,1,0,20
