firms,age,agr,bm,bm_ia,cash,cashdebt,chatoia,che,chempia,chpmia,chtx,cinvest,convind,depr,egr,ep,grltnoa,herf,hire,invest,lev,lgr,ms,mve_ia,pchdepr,pchgm_pchsale,pchsale_pchinvt,pchsale_pchxsga,roaq,roeq,sgr,tb,Mom_1,Mom_2,Mom_3,Mom_4,Mom_5,Mom_6,Mom_7,Mom_8,Mom_9,Mom_10,Mom_11,Mom_12,Mom_13,Mom_14,Mom_15,Mom_16,Mom_17,Mom_18,Mom_19,Mom_20,Mom_21,Mom_22,Mom_23,Mom_24,Mom_25,Mom_26,Mom_27,Mom_28,Mom_29,Mom_30,Mom_31,Mom_32,Mom_33,Mom_34,Mom_35,Mom_36,Mom_37,Mom_38,Mom_39,Mom_40,Mom_41,Mom_42,Mom_43,Mom_44,Mom_45,Mom_46,Mom_47,Mom_48,Mom_49
BAJS-L,20.0,0.1150366854378208,1.299640646893344e-06,0.1410132114464926,0.0772142504551285,0.0595450412594317,0.8895411376191863,-1376.8948,0.2132967884274103,-0.01611485574638,0.0028990165460108,0.0491593921106486,1.0,0.0592733516680702,0.0222173375066422,1.4568628559954625e-07,0.0212167469048365,0.0001836107014648,0.0447854241868468,0.0385491102673802,4.332323061107332e-06,0.1464590946785649,5.0,12.566911202330456,0.0276446177703424,0.0073560402842976,-0.1311667521489968,0.007158738202387,0.0056926497494117,0.0245143973042954,0.0307101459100498,0.6873441892917264,-0.0970391182191485,0.0023830155979203,-0.0487253289473683,-0.0656300484652665,-0.1077902043964519,-0.0580211726384364,-0.1474110926847245,-0.1990652587848363,-0.2124255319148935,-0.2445714285714285,-0.267647989870212,-0.2635683590641412,-0.2329244031830238,-0.2766921994685007,-0.2259953161592505,-0.1825088339222614,-0.1327085285848172,-0.1740449839343091,-0.178152753108348,-0.1998962476223412,-0.2193352454867555,-0.2235274374895116,-0.2252176825184192,-0.2348271870348932,-0.1169847328244274,-0.2014152571625819,-0.1556569343065692,-0.1223444613050075,-0.1012043512043511,0.0076219512195121,-0.0096318493150684,-0.0364431486880466,-0.1216780561883067,-0.0832177531206657,-0.0424254966887416,-0.1899509803921567,-0.222614247311828,-0.1879606879606878,-0.0516499282639884,-0.0987534086482274,-0.1962827861733541,-0.2195985832349468,-0.2467849584893374,-0.2749921654653713,-0.2930481283422459,-0.2673000791765636,-0.2396055875102711,-0.136914754709942,-0.1377189713007826
BAOH-L,5.0,-0.0211927562577168,8.605948228243664e-07,0.0933759959037725,0.0655111962684707,0.0996255513198039,0.6546942691954128,38.8173,-1.8764078776232405,-0.096031823137124,-0.0033518426003766,0.1442316928741847,1.0,0.1569308896160688,-0.1619811315923415,-1.1587298797265284e-07,-0.1437731618732171,3.3231460692087284e-08,-0.3939849416696544,0.0521274715827341,1.1305768422175997e-06,0.1210060990469479,3.0,0.6629016050567698,0.026396425003242,-0.1030710693689266,-0.002471575834546,-0.2786798799646997,0.0015935250761485,0.0036414891963016,-0.009207195127483,1.6536866802719628,0.0213523131672597,0.0218181818181817,0.007168458781362,-0.0209059233449477,0.0218181818181817,0.0255474452554744,0.0330882352941175,0.0407407407407407,-0.0474576271186441,-0.0876623376623376,-0.0726072607260724,-0.0786885245901638,-0.0695364238410596,-0.0695364238410596,0.455958549222798,0.405,0.4336734693877551,0.3980099502487564,0.405,0.0107913669064749,-0.0140350877192982,-0.0209059233449477,-0.0105633802816901,-0.0105633802816901,0.007168458781362,-0.0570469798657717,-0.0174825174825173,0.0255474452554744,0.0035714285714285,0.0181159420289855,-0.0633333333333333,0.0181159420289855,-0.0105633802816901,0.007168458781362,0.4712041884816755,0.4867724867724869,0.5611111111111111,0.5875706214689265,-0.0243055555555554,-0.0276816608996539,-0.00354609929078,-0.0243055555555554,-0.0506756756756756,-0.0664451827242523,-0.0538720538720539,-0.0993589743589743,-0.228021978021978,-0.0140350877192982,0.2164502164502164
BBOU-L,30.0,0.0300540765391015,1.4712918896839028e-07,0.0159637662022533,0.049573128933757,0.1947044971569697,0.6278652145695386,203.5,-0.1091962986915957,0.0178609047011552,0.0020509427720807,0.0444255129242425,1.0,0.0899975544142822,-0.0353922234073499,4.4694854147816193e-08,0.0046787220600037,1.2017443368322196e-06,-0.0229276895943562,0.0165002773155851,2.662464475079374e-07,0.0702734839476813,3.0,19.009874560521283,0.0006930288612988,0.0120944024998242,-0.0380325987860384,-0.0290206512906772,0.0332492007403668,0.0993164455166867,0.0093775933609958,0.3261407218537689,-0.010269121813031,0.0560957367240089,0.0276564774381367,0.040147329650092,0.0067736185383242,0.043992606284658,0.039764359351988,0.0836531082118188,0.1708126036484243,0.1621399176954732,0.1206349206349206,0.0363302752293577,0.1009746588693956,0.1100628930817608,0.1451743714517437,0.0907686365392042,0.1573770491803279,0.242410910690717,0.2052923602219376,0.2573463935886018,0.2391399736726633,0.23859649122807,0.2906764168190128,0.3383886255924169,0.4364191251271616,0.3074074074074073,0.2579064587973274,0.3550863723608444,0.3104408352668213,0.3402942572377787,0.5150214592274678,0.5297941495124592,0.4973488865323434,0.5013290802764487,0.4785340314136124,0.5207323640280019,0.4769874476987445,0.5109684323167467,0.5990939977349943,0.6700177409816674,0.5715080690038954,0.5069370330843117,0.5533553355335532,0.5559228650137742,0.5117773019271947,0.4731351069379237,0.448205128205128,0.528138528138528,0.4393476044852189
BBXK-L,30.0,-0.0895146216460657,7.36680938693702e-07,0.079931129597196,0.0489436221895831,0.1273759768332631,2.193917707822341,-58.7,-0.2471615409041042,-0.0067009814722522,-0.0032016882725354,-0.0610038454569248,1.0,0.1353012130453583,-0.0632386021607579,6.403321312418622e-09,-0.1245494770461485,9.29719834086794e-07,-0.0518959264866387,-0.0859813084112149,1.145123142096342e-06,-0.1062017463682153,3.0,1.1284183606088398,0.2257681806569939,-0.0026671960389568,-0.022490019904957,0.0143111013617508,-0.0011594671843822,-0.0029781486996571,0.0071737902466579,2.4258361029670428,-0.1512027491408935,-0.0299999999999999,0.0246478873239437,-0.0427631578947368,-0.0234899328859059,-0.0234899328859059,0.0210526315789474,0.0210526315789474,0.0777777777777777,0.0,-0.0332225913621261,-0.0761904761904761,-0.0582524271844658,-0.1155015197568388,-0.1732954545454544,-0.0906249999999999,-0.1018518518518518,-0.1364985163204747,-0.2239999999999999,-0.20708446866485,-0.1364985163204747,-0.1390532544378697,-0.1415929203539823,-0.1685714285714284,-0.1073619631901839,-0.1491228070175437,-0.1073619631901839,-0.1589595375722543,-0.0906249999999999,-0.0906249999999999,-0.2156334231805929,-0.3136792452830188,-0.285012285012285,-0.3248259860788862,-0.3152941176470588,-0.3561946902654866,-0.4271653543307087,-0.4403846153846154,-0.4191616766467065,-0.4249011857707508,-0.4650735294117647,-0.4660550458715596,-0.5,-0.4689781021897811,-0.450943396226415,-0.4294117647058822,-0.3912133891213389,-0.3924843423799582,-0.4061224489795918
BCIP-L,20.0,-0.0345160836559571,7.658482695862088e-06,0.8309583440102516,0.0502445930388721,0.0643899520109029,0.4232434947795567,-565.8941,-0.0664434533493911,-0.1018393647037123,0.0027834863943825,-0.0094433298379877,1.0,0.2635327606845724,-0.0832181795914641,-5.533653918968101e-07,-0.0930153958069841,2.3514959065506464e-06,-0.0139509753739407,0.0296848920615715,1.7205702252075503e-05,-0.0133310327660618,3.0,0.6439974507357904,-0.0251114306067233,-0.0470473029234466,-0.3908125833925812,0.2203933501589765,-0.0086152923940069,-0.0276859140290397,-0.0332868765191174,1.6536866802719628,-0.1363636363636363,0.0999999999999998,0.1282051282051282,0.0232558139534884,-0.12,-0.1020408163265306,-0.1851851851851852,-0.2903225806451612,-0.2542372881355932,-0.2,-0.1851851851851852,-0.169811320754717,-0.1372549019607842,-0.1851851851851852,-0.2142857142857143,-0.2542372881355932,-0.2903225806451612,-0.2413793103448275,-0.2542372881355932,-0.2,-0.2413793103448275,-0.2,-0.2,-0.2542372881355932,-0.1020408163265306,-0.2542372881355932,-0.169811320754717,-0.2,-0.169811320754717,-0.1020408163265306,-0.1851851851851852,-0.2,-0.2542372881355932,-0.2142857142857143,-0.2786885245901639,-0.3714285714285713,-0.4210526315789473,-0.3888888888888888,-0.3230769230769231,-0.3125,-0.3529411764705883,-0.3333333333333333,-0.3230769230769231,-0.3125,-0.3015873015873016,-0.3125,-0.2786885245901639,-0.1851851851851852,-0.2
BCQF-L,30.0,0.0490160740456211,5.376629150238294e-07,0.0583373369434288,0.0862695668030972,0.099417325429496,0.8848887033609119,-1021.4754,0.1401814142341883,-0.0028978591181289,0.0021106311445531,0.011945686148089,1.0,0.2867045860802077,0.0663477053008328,6.719308481686514e-08,-0.0004499466211379,4.443675968729838e-05,0.0294335613108717,-0.0343150486474276,1.0743799474292086e-06,0.0284270179671114,4.0,21.1783922109453,0.0331086994340151,0.0019709593737385,0.3068349790270964,-0.0592396492005002,0.007362376167492,0.0224907526158469,0.0103595454520541,0.5976900366122603,-0.0437034639041761,0.0382030024647097,-0.0535185374323358,-0.0777269108280255,-0.1305122912366297,-0.068643216080402,-0.0635610347615197,-0.0027978047993113,0.019359806401936,-0.0218492716909435,-0.0931598003718563,-0.1017737714451875,-0.068736810370817,-0.1582341720410572,-0.1247638836418586,-0.0873547370494386,-0.1116756134969324,-0.1398737701874883,-0.160521786393695,-0.1661867914342271,-0.1525377229080932,-0.1360246130896886,-0.1089423076923077,-0.0599513085818623,0.0410020220175242,0.0029220779220777,0.0256779192030991,0.0350720428906512,0.1331621423330888,0.1986806363989135,0.2319861738899229,0.2883358821076045,0.2785596026490065,0.3694399290675336,0.3998489425981872,0.4002719854941068,0.3583992963940194,0.4055816775367813,0.5822093221785898,0.4635186355022109,0.3360726643598617,0.4204475781729002,0.3459694989106754,0.2854764877236786,0.2642564802182812,0.2894114373173786,0.2960839160839161,0.3562124981706425,0.3295552367288379
BCYN-L,30.0,0.0085417320043292,5.989112668962006e-07,0.0649828868606104,0.147082430374487,0.4213738642503805,0.735731676711094,1615.2338,0.3632944414931133,0.0914540689117636,-0.0008535709913252,0.0339047152003205,1.0,0.0688596716933138,0.0371790965969178,1.8696955150807866e-07,-0.0676017405806833,8.211693591502557e-06,0.076280078040321,-0.0521528718377164,5.638150600870465e-07,-0.0214109109057411,3.0,16.090971824597748,0.0226509439226843,-0.0119715961478258,0.0206902581253198,1.074561161384788,0.0520986887003497,0.108463206523203,0.074561161384788,0.5143671353105458,0.0050182481751823,0.0178778732296263,0.0231038506417737,0.0106039649608113,0.0288664632715325,-0.0275066548358472,-0.0121676430824695,0.0848799802029203,0.2276673200784094,0.0995736142463006,0.1112801013941697,0.1121258244545915,0.2518560822387208,0.2004381161007666,0.2342342342342342,0.1659574468085107,0.2518560822387208,0.2993479549496147,0.3948456888323259,0.4317439581972568,0.3760200878844948,0.2871403405754551,0.2454545454545453,0.3882203926535783,0.4478203434610304,0.5414908579465543,0.6822716807367615,0.9069160504567206,0.7634754625905069,0.8695095948827294,1.3468950749464672,0.9060869565217392,1.256304683479156,1.25979381443299,1.5849056603773586,1.2141414141414142,0.9801264679313462,0.8880275624461673,0.974774774774775,0.9304271246147072,0.8026315789473686,0.6726440289965663,0.5469301340860975,0.4627961294627962,0.5872556118754526,0.38998097653773,0.4805808848362041,0.4613333333333334,0.4830852503382952
BCZB-L,30.0,0.114708415666008,1.2702046571570354e-06,0.1378193567030717,0.0287583365192642,0.0757603350937898,1.986125591318981,-1.5,0.1003083101518611,-0.0027336053586874,-0.000531995744034,-0.0153084790498185,1.0,0.0738533036977167,0.0784342258440046,5.2960901236206174e-08,-0.0315300206047247,6.577765324823651e-06,0.02106149957877,0.0088665957339007,2.5006457897613206e-06,0.1340847260007773,4.0,1.6403836352480474,0.1767136254766773,0.0700595400896257,0.0653945638443228,-0.1130553194688786,0.0016636351537198,0.0047856049004594,0.0851128737034777,0.5351736829359103,-0.1339869281045752,-0.0254777070063694,-0.0347003154574132,-0.0613496932515336,-0.0642201834862384,-0.0347003154574132,-0.0316455696202532,-0.0254777070063694,0.2803347280334727,0.1953125,0.2047244094488189,0.2697095435684646,0.3133047210300428,0.2966101694915255,0.2750000000000001,0.2966101694915255,0.2338709677419355,0.2289156626506023,0.096774193548387,0.1127272727272727,0.1634980988593157,0.1417910447761192,0.1860465116279068,0.2289156626506023,0.3362445414847161,0.2047244094488189,0.2489795918367345,0.2644628099173554,0.3660714285714284,0.2966101694915255,0.1906614785992217,0.0588235294117647,0.1046931407942237,0.1814671814671815,0.2489795918367345,0.1814671814671815,0.2094861660079052,0.1460674157303372,0.1953125,0.2857142857142858,0.1634980988593157,0.1547169811320754,0.2338709677419355,0.125,0.1860465116279068,0.125,0.1460674157303372,0.2388663967611335,0.3189655172413794
BCZN-L,30.0,0.083048912599358,3.661714209150223e-07,0.0397302193699318,0.1528419742936271,0.2927294307314631,1.3582545050375827,-330.86400000000003,-0.4024419784576485,-0.0102985683793989,-0.0011221422541628,0.0076846338833602,1.0,0.165168346036234,0.1725437620132842,8.302665981815914e-08,-0.0065674928920884,6.341096677813119e-07,-0.0844997941539729,0.0501195796378954,3.7466882992900265e-07,0.0076957212459817,4.0,3.9640561573896846,-0.056219473888235,-0.0046619675800376,-0.0485789004268346,0.0571863581028738,0.0250017225479573,0.0508939549669023,0.0759410406571613,0.5793328567047582,-0.0522765598650927,-0.0278688524590163,-0.1234294161123429,-0.1324067300658375,-0.1424439624005785,-0.0967250571210968,-0.1035525321239607,-0.0458567980691875,-0.0876923076923077,-0.119524870081663,-0.1336742147552958,-0.0897927858787414,-0.0564836913285601,-0.1418234442836469,-0.0883935434281322,-0.0784770784770784,-0.0157676348547718,-0.0318367346938776,-0.0165837479270315,-0.0450885668276973,0.0050847457627116,0.0579839429081177,0.0961182994454712,0.1777557100297913,0.2603613177470776,0.2766415500538213,0.3806752037252618,0.449877750611247,0.4824999999999999,0.5503267973856207,0.7466863033873343,0.6846590909090908,0.6449375866851594,0.8274268104776579,1.069808027923211,0.9932773109243695,0.7415565345080763,0.9410801963993451,1.020442930153322,0.919093851132686,0.8302469135802466,0.6587412587412587,0.5012658227848099,0.4340991535671101,0.6224350205198359,0.6426592797783934,0.6918687589158345,0.8915470494417863,0.7834586466165412
BDAJ-L,30.0,0.0096719932716568,7.354260549415654e-07,0.0797949725846374,0.0955109837631327,0.244045777915249,1.4339230970459915,-4.700000000000001,-0.1399520248005834,-0.0287473418947966,-0.0022736961773483,-0.0517355289026291,1.0,0.2507288629737609,0.0151049667178698,6.658712578159444e-08,-0.0267838459928848,3.878705138042704e-09,-0.0293853969518876,0.0269133725820016,6.005824882473616e-07,0.0030978934324659,4.0,0.1515816028325261,0.0399989702598164,0.0126607706968776,0.0842356173238524,0.9770927601809954,0.0129807024850756,0.0235813366960907,-0.0229072398190045,0.4974879149564679,-0.1153846153846155,-0.031055900621118,-0.1136363636363636,-0.0877192982456139,-0.1702127659574467,-0.1789473684210525,-0.1657754010695187,-0.1034482758620689,-0.2427184466019417,-0.3004484304932735,-0.3157894736842104,-0.3553719008264462,-0.3445378151260504,-0.3417721518987342,-0.2876712328767122,-0.3187772925764192,-0.3472803347280334,-0.3187772925764192,-0.2909090909090909,-0.2710280373831776,-0.2535885167464113,-0.2571428571428571,-0.2277227722772277,-0.1999999999999999,-0.1874999999999999,-0.1958762886597937,-0.2744186046511627,-0.2844036697247707,-0.3217391304347825,-0.2909090909090909,-0.376,-0.3526970954356846,-0.3784860557768923,-0.376,-0.4428571428571428,-0.4526315789473684,-0.4468085106382978,-0.4408602150537634,-0.4200743494423792,-0.4,-0.3526970954356846,-0.2909090909090909,-0.2427184466019417,-0.2040816326530612,-0.1612903225806451,-0.1521739130434782,-0.1186440677966101,-0.037037037037037,-0.031055900621118
BDIM-L^C23,7.0,-0.023183316169863,7.144748885652339e-07,0.0775217355468928,0.055095581648282,0.1918960282068332,0.9089962161291024,44.7747,-0.4009420823314953,0.0602933401862848,-0.0003997230106382,0.0074939041683139,1.0,0.1934338935579509,0.0571295161165033,3.583149168704468e-08,-0.1016208940056911,7.775074455046464e-08,-0.0841848644977824,0.0916111016886417,1.0638994548161493e-06,-0.0715570230866466,4.0,0.8188210988326144,-0.143396841352951,-0.0293229969108166,-0.0524639967361821,-0.2996770450717862,0.0077044849057013,0.0192989791947784,-0.0391297126093819,1.591518091485508,0.0,0.0,0.0,0.0,0.0,0.0,0.0,0.0,0.0,0.0,0.0,0.0,0.0,0.0,0.0,0.0,0.0,0.0,0.0,0.0,0.0,0.0,0.0,0.0,0.0,0.0,0.0,0.0,0.0,0.0,0.0,0.0,0.0,0.0,0.0,0.0,0.0,0.0,0.0,0.0,0.0,0.0,0.0,0.0,0.0,0.0,0.0,0.0,0.0
BDRV-L,30.0,0.254760056052244,-1.0537781970818973e-07,-0.0114336719213898,0.1878497191651315,0.1104063184090603,2.016789789120116,-57.97339999999999,0.5409295494478333,-0.1717390350020915,0.0088089767448638,0.3469100499584799,1.0,0.2796421021778266,0.3423578177754034,3.40899668313495e-08,-0.1577563300260361,5.01271261271699e-08,0.1135777031892149,-0.0301979631419766,4.691012894783739e-07,0.2735007987856295,4.0,2.271344367699445,0.1538623297467379,-0.825024531993929,0.114676480391078,0.7705354759651805,0.0145087332958914,-0.0521244421231192,0.8838309336041559,0.6266103709634333,-0.0058657907085875,0.0169410641851586,-0.1120833333333334,-0.10836820083682,-0.0912579957356076,-0.0840318074360628,-0.1223228995057661,-0.0782871972318339,-0.0014058106841612,-0.0643249176728869,-0.0958845990666101,-0.0968425513880059,-0.0240439661094573,0.0070888468809073,0.0689741660396288,0.1021463666925264,-0.0106778087279479,0.0002346866932645,-0.0370537731586082,0.04052734375,0.0961934156378598,0.1032876003106393,0.1578375441456125,0.1715228147333698,0.3077631175207116,0.3647134165866152,0.2997865202805734,0.3190962550294025,0.4140676841406767,0.50017599436818,0.6236190476190475,0.561744228655185,0.487090020935101,0.5486918604651163,0.8174840085287847,0.6034612490594431,0.639230769230769,0.6442901234567899,0.8498263888888888,0.7832635983263598,0.6016535137166479,0.6137826580840591,0.5414104882459312,0.5129570465033721,0.6131718395155183,0.585565476190476,0.6354566385264773,0.6423892100192679,0.63420245398773
BFQK-L,30.0,-0.0997347227296554,3.8446886446886446e-05,4.171552298670918,0.152259221094533,0.0051482006914913,0.0368491622059479,3.0,0.8679908786553889,-0.0166620480252012,-0.000247803917208,0.0902796050042391,1.0,0.2046943231441048,-0.0183926678720618,2.6422466422466423e-06,0.1495343040139633,3.976989263586215e-07,0.1822499999999999,0.0006989341254586,0.0006531452991452,-0.1041566184351554,2.0,0.1151320457522813,0.0158432558517996,0.0024237239806102,0.9975762760193898,-0.0024237239806102,0.0004920257889379,0.0091194968553459,-0.0024237239806102,0.6740072329019737,0.0,-0.0526315789473684,-0.0735294117647059,-0.0999999999999999,-0.0999999999999999,-0.125,-0.125,-0.125,-0.125,-0.1923076923076923,-0.2075471698113208,-0.2125,-0.2075471698113208,-0.1710526315789473,-0.16,-0.1710526315789473,-0.16,-0.1486486486486486,-0.1486486486486486,-0.136986301369863,-0.1188811188811188,-0.0999999999999999,-0.093525179856115,-0.0869565217391303,-0.0869565217391303,-0.0869565217391303,-0.1126760563380281,-0.125,-0.0869565217391303,-0.0454545454545455,-0.0999999999999999,-0.0869565217391303,-0.015625,-0.015625,-0.0232558139534884,-0.0232558139534884,0.0,0.0,0.008,-0.0078740157480314,-0.015625,0.008,-0.0454545454545455,-0.015625,-0.0078740157480314,-0.0307692307692307,-0.0078740157480314,0.0327868852459016,0.0327868852459016
BFQQ-L,20.0,0.0671648120605284,4.176498919030151e-07,0.045315720663481,0.0509370445278128,0.1700074622588896,1.240436875473824,-51.53819999999996,1.1696615361871183,-0.0103115868348804,-0.0143734028873152,-0.0045696609389651,1.0,0.3403615821254945,0.042840022608199,9.156223795102117e-08,-0.023187683063782,2.773823851191045e-07,0.2455910772937231,0.0008899483489437,6.539572007318175e-07,0.0801857423149749,3.0,1.842592107675596,0.0509411494327377,0.0110726016694193,0.3372238309769733,0.0389692530740376,0.0311248480751633,0.0880830974877329,0.0329990739005051,0.6882108652440773,-0.1039153439153438,-0.0117130307467057,-0.1396576839038602,2.201219512195122,2.201219512195122,2.201219512195122,2.201219512195122,2.201219512195122,2.201219512195122,2.201219512195122,2.201219512195122,2.201219512195122,2.201219512195122,2.201219512195122,2.201219512195122,2.201219512195122,2.201219512195122,2.201219512195122,2.201219512195122,2.201219512195122,2.201219512195122,2.201219512195122,2.201219512195122,2.201219512195122,2.201219512195122,2.201219512195122,2.201219512195122,2.201219512195122,2.201219512195122,2.201219512195122,2.201219512195122,2.201219512195122,2.201219512195122,2.201219512195122,2.201219512195122,2.201219512195122,2.201219512195122,2.201219512195122,2.201219512195122,2.201219512195122,2.201219512195122,2.201219512195122,2.201219512195122,2.201219512195122,2.201219512195122,2.201219512195122,2.201219512195122,2.201219512195122,2.201219512195122
BFRF-L,18.0,0.010096747233905,1.6229446565540683e-06,0.1760922440889119,0.0821677022600899,0.6842672996219308,0.1210746867380095,6.953199999999999,-1.7209152240906187,-1.6101714344793543,-0.0007736532983103,-0.0679882194593747,1.0,1.2677925497218894,0.0323445385107116,6.200236888859643e-08,-0.0318350623125761,4.5548595805906887e-10,-0.3613365155131264,-0.0017024798557315,8.400841949641094e-08,-0.2444030848420005,2.0,0.6289382225557516,0.4337119942060862,-0.4953641430579606,0.5387920795365013,0.4953641430579606,0.004488933323504,0.0048184540330649,0.4953641430579606,0.0203498825219481,0.0460239651416121,-0.0239234449760765,-0.1432571161922539,-0.1624087591240877,-0.1637440218629013,-0.159725400457666,-0.1496062992125985,-0.1827286890718896,-0.1474344091014627,-0.1654545454545455,-0.1783396733049899,-0.144055944055944,-0.1699819168173599,-0.1643149749658625,-0.1779717931497649,-0.2101527210152721,-0.217891373801917,-0.2075960293482952,-0.2036434612882238,-0.1050450889592981,-0.0226244343891403,-0.013168503090567,-0.0029866956285636,0.0057518488085457,0.0902612826603326,0.0259849119865884,0.120537076594446,0.1683105313394846,0.1315870570107857,0.1918208373904577,0.2413793103448276,0.2821229050279328,0.354981549815498,0.5186104218362282,0.3495038588754133,0.2545268192688759,0.2401215805471124,0.2772173913043478,0.3435784851811196,0.223184543637575,0.2342857142857142,0.2494045593739366,0.1871968962172647,0.0931824947901158,0.0841452612931799,0.0954653937947491,0.150375939849624,0.1620253164556961,0.1375464684014868
BFRK-L,20.0,0.0049535354414005,1.2854993066296077e-06,0.1394788520760668,0.0427957886966701,0.0305443190912425,0.3431210256212693,-670.5387000000001,0.0536333171848014,-0.1167533277318103,-0.0032932744932015,-0.1252174988365859,1.0,0.1357042122712876,-0.0239127999452188,-1.0425348777255102e-08,-0.0153506674515903,2.0584936691386018e-07,0.0112612612612612,-0.0038112670170868,5.055687273155431e-07,0.0349157301473739,2.0,3.127554377131344,0.1982558724624505,-0.0225478848675002,-0.0478830465718801,0.0225478848675002,-0.0217054986942906,-0.0294651735038871,0.0225478848675002,1.6536866802719628,-0.0432972522897585,0.0263495228599914,-0.1018322323320454,-0.1137621448776288,-0.1092707045735476,-0.0875015828795744,-0.1039542402387465,-0.1400954653937947,-0.1149594694178334,-0.1228241022519781,-0.137832017229002,-0.098686679174484,-0.0861128725428026,-0.1121241991128634,-0.0873860182370819,-0.0843710292249046,-0.0743737957610789,-0.032751677852349,-0.045436481653199,-0.033141017040118,-0.0138223621185163,0.0288406624785835,0.0710463733650417,0.0603296056503828,0.1086153846153845,0.0298699442618266,0.0455600696459663,0.0850775485619637,0.1268178264268959,0.1551779416479641,0.2184646601285087,0.1906807666886978,0.2462815634728468,0.3009568514172234,0.3738798856053384,0.2387828777720475,0.3108968528288158,0.3509561304836894,0.4440881763527056,0.4472785699939747,0.3642559636501326,0.3804597701149426,0.3341973708572487,0.2443446727680884,0.2870155384890158,0.2758498583569406,0.2976769313884386,0.3166453498995067,0.2538715851748738
BFRL-L,18.0,0.0008173328884729,9.900226289617017e-07,0.1074191320872452,0.0595105127218397,0.0527335370157405,0.3999880569321986,-2.5744999999999987,0.2180796859872809,-0.0020249837697224,2.5619043625731e-06,0.0259342320431518,1.0,0.1705606147534988,0.0562184366476651,1.4801580226690102e-07,-0.0131381396281252,7.82216498439895e-10,0.045789677920062,-0.0266424390217658,3.5559714652131144e-06,-0.0136184687076091,2.0,0.0723190098797464,0.0188129389299563,-0.0259516640586279,1.025951664058628,0.0259516640586279,0.0101540465877475,0.046253216602609,0.0259516640586279,0.2997329096716779,-0.130128956623681,-0.0657174151150056,-0.0584988962472406,-0.1206185567010309,-0.0758396533044422,-0.09830866807611,-0.0886752136752137,-0.1837320574162679,-0.2020579981290926,-0.1478521478521479,-0.1224279835390947,-0.0469273743016759,0.013064133016627,0.0811153358681875,0.1700960219478737,0.0964010282776348,0.1403743315508019,0.1765517241379308,0.1880222841225627,0.2238163558106169,0.225574712643678,0.2544117647058823,0.2943854324734445,0.53971119133574,0.6435452793834295,0.4991212653778556,0.4631217838765007,0.4732297063903281,0.6725490196078432,0.7623966942148759,0.6924603174603172,0.6531007751937983,0.6155303030303028,0.669275929549902,0.7733887733887734,0.723232323232323,0.7882599580712788,0.7587628865979381,0.723232323232323,1.0455635491606712,0.5424954792043397,0.3163580246913577,0.28657616892911,0.1781767955801103,0.1573948439620081,0.1150326797385619,0.0142687277051127,-0.0728260869565217,0.0094674556213016
BIDZ-L,30.0,0.0055608668629749,8.975866843436515e-07,0.0973896755333589,0.0499178775349699,0.0079017307374855,0.132143129414593,6.628699999999995,0.1805730798174373,0.0054463364846861,0.0004357504155253,-0.0043892266714408,1.0,0.2076656521182392,-0.0110227263521028,7.865496546804042e-08,-0.012238166335783,3.211054636275012e-07,0.0379145041797077,0.0008640830062703,1.125202007061744e-05,0.0072131614703667,2.0,1.4912543594075571,0.2007894577289032,0.1023707341940311,-0.1023707341940311,-0.1023707341940311,0.0015917499993704,0.0215557277043988,-0.1023707341940311,0.5521771794796282,-0.0666380420781451,0.0466474923602373,-0.0051260145237077,-0.0233162794598674,-0.020523172680629,0.0673693858845096,0.0606612624100555,-0.0039346505859207,0.0650265227730015,0.0177416535570704,0.0044854653670318,0.0084870529141769,0.0284376931908505,-0.029987505206164,-0.0208526023711427,-0.0444736194305407,0.003533264391589,-0.0208526023711427,-0.0013720950175799,0.0292557892876081,0.0566191815624717,0.1145673813169985,0.1444717444717445,0.1365410892055436,0.2350196203202883,0.1799574424967069,0.2358060065796454,0.2900188323917139,0.3608741381325231,0.3691945914168137,0.4304139540596978,0.3714521257802379,0.293601421906243,0.3237467318404001,0.3437572120932379,0.3577008277952664,0.4872286079182633,0.5520458483273358,0.4518139882807632,0.4485632541360866,0.4364129764401137,0.4657016991818754,0.4223769390497129,0.220649895178197,0.2368560807222517,0.4241164241164241,0.2767240434162921,0.4190835973677795,0.3927759837340032
BIUE-L,19.0,0.067002182038942,4.751521879987979e-07,0.0515548171840432,0.1625100917392553,0.165293196992153,1.7209107933068764,0.2002000000000023,0.0271479701780458,-0.0109477791222198,-0.0004443896433109,0.0505169113930179,1.0,0.0807468076419935,0.143593552569999,5.49538514148405e-08,0.0067616599128464,1.4813313129646364e-07,0.0057001953437729,0.06770083691255,5.013289691651255e-07,0.0051180455796231,4.0,1.1676813177178595,-0.0546420413942744,-0.1531399456969021,-0.003514826427331,0.1917109429437356,0.013554908036335,0.0287033285583726,0.223333850226748,0.4737028921652587,-0.0011641443538999,0.068407960199005,0.025549188156638,-0.0691374078890333,-0.0238636363636363,-0.0855865446029379,-0.1679581557535837,-0.2439711318429853,-0.1647218980941267,-0.1645594242365297,-0.1792470858016434,-0.1820605598933535,-0.1737206617929971,-0.0915820642978002,-0.0929250263991552,-0.1474791583961889,-0.1389334402566159,-0.5091989486915781,-0.525414364640884,-0.4550183986803705,-0.4492177481405488,-0.4340492818553169,-0.3570359281437125,-0.3576129225246783,-0.3300577133052566,-0.423489932885906,-0.4032235653744616,-0.3066989507667473,-0.2973989857680353,-0.2573058965934635,-0.1868610374858007,-0.1968960359012713,-0.2369870314443062,-0.1970461768554869,-0.1900810861776353,-0.1727657935285054,-0.1925173904869335,-0.1868610374858007,-0.1347703464947622,-0.095408593091828,-0.078128353723975,-0.0356982487651548,-0.0302551365996838,-0.041722445336903,-0.0073954240813496,0.0881682290347101,0.1063884595569295,0.1664856056491037,0.1326476793248945
BIXN-L,18.0,0.003584302581701,1.2238516827562182e-06,0.1327899804705102,0.0506736285632929,0.0125029563299279,0.3369665526439832,20.010300000000008,-0.0556524121797648,0.0059560255572722,-6.7641735863474e-05,0.0022546830447463,1.0,0.2381357797377165,-0.0534057456923615,1.0017501398094924e-07,-0.0009445311874882,2.163576228842073e-07,-0.01168520588082,0.0007881841763356,1.0507454229580938e-05,0.0107206373855921,2.0,0.6133459416127764,-0.1603493395550671,-0.0369711973118709,0.0369711973118709,0.0369711973118709,0.0027890121902011,0.026674377096414,0.0369711973118709,0.4042552389379542,-0.0586666666666667,0.0431154381084839,-0.0234375,-0.0066225165562913,-0.0092470277410832,0.0853835021707669,-0.1525423728813558,-0.1389207807118255,-0.0920096852300241,-0.1176470588235294,-0.1379310344827585,-0.0494296577946767,-0.0518331226295828,-0.0284974093264248,-0.040920716112532,-0.0445859872611464,-0.0272373540856031,0.0504201680672269,0.1144130757800891,0.1591962905718702,0.1999999999999999,0.203852327447833,0.1485451761102603,0.2195121951219512,0.3786764705882353,0.4071294559099436,0.506024096385542,0.5495867768595042,0.6268980477223427,0.6629711751662972,0.5560165975103732,0.5090543259557345,0.5182186234817812,0.6629711751662972,0.7084282460136675,0.3440860215053762,0.2396694214876034,0.2355848434925864,0.2886597938144328,0.4177693761814744,0.2458471760797342,0.2908777969018934,0.1773940345368916,0.1538461538461537,0.2096774193548387,0.2908777969018934,0.3250883392226147,0.2396694214876034,0.1278195488721805
BJAH-L,23.0,-0.0040973801096749,5.596635605251574e-07,0.0607244442437845,0.1052173654337049,0.1928443379495845,2.953335118262168,-195.9672,0.2615679610837703,-6.361660941183914e-05,0.0096272129456973,0.012657456189976,1.0,0.1577105897116812,-0.0115790566708614,6.833365070958149e-08,-0.0273442636495822,2.5845151056350368e-05,0.0549208085934776,0.0748125298316085,6.993905774594496e-07,0.0019716554283081,3.0,6.686102914789992,-0.0598056438231296,0.0096623804955474,-0.0407326878529418,-0.0081638793407156,0.014961224613933,0.0359750618645756,0.0104442430111273,0.340061652808797,0.0080280983442047,0.1121651785714283,0.1593949970913319,0.0506062203479178,0.0252057613168723,0.1121651785714283,0.1567034242600116,0.1304594441293249,0.1820877817319097,0.2137637028014614,0.2621912602913236,0.2189602446483178,0.2526712759270899,0.4084805653710246,0.4215406562054209,0.428673835125448,0.275111964171465,0.3567052416609939,0.1634559252772913,0.2409713574097136,0.1641355140186915,0.1196629213483144,0.1806872037914693,0.1778959810874703,0.2966818477553676,0.0749730312837109,0.1228169014084505,0.0986769570011025,0.1029330381848367,0.189140811455847,0.2718570516911296,0.3384822028206848,0.2645939086294415,0.2182151589242054,0.261392405063291,0.3792387543252595,0.3744827586206896,0.5064247921390779,0.5546021840873634,0.5779889152810767,0.5509727626459144,0.6322686322686322,0.5007530120481929,0.5546021840873634,0.4873134328358208,0.5969551282051282,0.6389802631578947,0.7375762859633825,0.7699822380106571
BJAL-L,20.0,-0.0251394127679886,5.332424291840031e-07,0.0578577067426362,0.1778222023620128,0.0370347910423618,0.8836071856747559,511.5277,0.0612146127603216,0.0303753037357796,-0.011960159047667,-0.0019361812065585,1.0,0.8128491887632721,-0.041204644663671,-1.9322147306102563e-08,0.0012606255494616,3.337167154225657e-06,0.0128530880334261,0.0213866571992428,8.421526348200314e-07,-0.0148893683430922,4.0,7.241416075088939,-0.0532937723124866,-0.040891665458652,-0.2251873788941574,0.0229559774252159,0.0049733603294085,0.0128006474935835,-0.0134963876449782,1.6536866802719628,0.0529953917050691,-0.0977130977130976,-0.092050209205021,-0.1033057851239669,-0.088235294117647,-0.0863157894736842,-0.0726495726495726,-0.0180995475113122,0.1243523316062176,0.0260047281323876,0.247126436781609,0.247126436781609,0.1857923497267759,0.1542553191489362,-0.0355555555555555,-0.0958333333333333,-0.1178861788617886,-0.0939457202505219,-0.1388888888888889,-0.0225225225225226,0.0163934426229508,0.0483091787439613,0.215686274509804,0.1099744245524296,0.276470588235294,0.2022160664819945,-0.0312500000000001,0.0187793427230047,0.0116550116550115,0.0187793427230047,0.104325699745547,0.0637254901960784,0.061124694376528,-0.0180995475113122,-0.0225225225225226,-0.1069958847736626,-0.1196754563894523,-0.1033057851239669,-0.020316027088036,0.0796019900497513,-0.0334075723830735,-0.0225225225225226,-0.1033057851239669,-0.0290827740492169,-0.1490196078431371,-0.1780303030303031,-0.142292490118577,-0.1490196078431371,-0.1826741996233521
BJHG-L,18.0,0.0680782633047291,1.6360318569847258e-06,0.1775122275020056,0.0521634614475276,0.0054175525450323,0.0532712817117737,-7.171500000000002,0.136783272271494,0.0331210848969936,0.000859155737014,0.003987518681668,1.0,0.1251854022039272,-0.0283761914623742,8.5582645099223e-08,-0.0141185935564209,4.344894009253113e-08,0.0287200614482229,-0.0002159834306661,1.951732231331136e-05,0.0776642675907127,2.0,0.8923613244375309,0.1457914475441298,-0.0530313406087451,0.0530313406087451,0.0530313406087451,0.0006085290301692,0.0078062321145307,0.0530313406087451,0.75479399755117,-0.0869565217391304,0.0952380952380953,0.0454545454545454,0.0454545454545454,-0.0416666666666666,0.0,0.0,-0.0799999999999999,-0.0416666666666666,-0.1153846153846154,-0.1785714285714286,-0.0416666666666666,0.0,0.0454545454545454,0.0454545454545454,0.0952380952380953,0.0454545454545454,0.0952380952380953,0.1499999999999999,0.3529411764705881,0.4375,0.7692307692307692,0.7692307692307692,-0.7444444444444445,-0.7676767676767676,-0.7927927927927928,22.0,10.5,10.5,10.5,10.5,6.666666666666667,4.75,6.666666666666667,6.666666666666667,4.75,4.75,4.75,6.666666666666667,4.75,3.6,2.833333333333333,2.833333333333333,2.2857142857142856,2.2857142857142856,2.833333333333333,3.6,3.6,2.833333333333333
BJJT-L,22.0,0.0535630957936137,2.040862006690022e-07,0.0221436984423672,0.0725278665359022,0.0020169012604812,0.0179906730089272,20.25,0.727103521214576,0.0239518075859178,-0.0040554716543525,0.0057948866665406,1.0,0.3789473684210526,-0.036827195467422,3.471466256477635e-08,-0.0507041491508551,1.9690289796247293e-08,0.1526682134570766,9.443814856787323e-05,1.8769487740311395e-05,0.0546387881431581,2.0,1.4051699266160202,0.0757215619694397,0.1396916616013703,-0.1396916616013703,-0.1396916616013703,0.0005443536204464,0.0523389762596413,-0.1396916616013703,-2.460037649442038,-0.0879227053140097,0.0187007874015747,-0.0999999999999999,-0.0929009640666083,-0.1123499142367067,-0.0856890459363958,-0.1346153846153847,-0.0999999999999999,-0.0469613259668507,-0.08325952170062,-0.1360601001669449,-0.1557911908646003,-0.1346153846153847,-0.1243654822335026,-0.0929009640666083,-0.1062176165803109,-0.1495480690221857,-0.1338912133891213,-0.1273187183811129,-0.0984320557491289,-0.018957345971564,-0.0381040892193308,-0.0398886827458255,0.0207100591715976,0.0975609756097561,0.0940803382663846,0.0670103092783505,0.0692148760330577,0.1299126637554584,0.2621951219512195,0.1311475409836064,0.1937716262975777,0.1398678414096916,0.2091121495327101,0.0940803382663846,0.0267857142857141,0.0137120470127325,0.0736514522821576,0.2147887323943662,0.1828571428571428,0.0659114315139031,0.12012987012987,0.125,0.1681715575620768,0.0963983050847456,0.0860440713536201,0.1923963133640553,0.2714987714987713,0.3303341902313623
BKIT-L,18.0,0.0604176341982266,2.153124669354627e-06,0.233617673466995,0.3038092974783843,0.003413522616987,0.0323572934400356,540.6724999999999,-0.182390036844923,0.0139749241977347,-0.0003076413401588,0.0011007461646593,1.0,0.1875153512987233,0.0251985971610018,1.6119786966789936e-07,-0.0071479188396976,7.280760036212492e-06,-0.0382960063664268,0.0001083081936262,5.707195386896318e-05,0.0619730857913715,2.0,6.898560936868876,0.0212672670147326,-0.0607676864135194,0.0607676864135194,0.0607676864135194,0.0006331801049435,0.0175117966449531,0.0607676864135194,0.5506029315382025,-0.1327254305977708,-0.0169322709163346,-0.0801491146318733,-0.0792910447761194,-0.0749765698219306,-0.0188866799204772,-0.0679886685552408,-0.1802325581395348,-0.1527896995708155,-0.2053140096618357,-0.2584522915101428,-0.1969080553295362,-0.1988636363636364,-0.2488584474885845,-0.2726602800294768,-0.2779809802487198,-0.2562170308967596,-0.2252747252747253,-0.1726739312657167,-0.1461937716262976,-0.0741088180112571,-0.0247035573122529,-0.06,-0.015952143569292,0.0930232558139534,0.1305841924398623,0.2834850455136539,0.3823529411764705,0.4886877828054297,0.5397815912636503,0.4429824561403508,0.3003952569169958,0.3072847682119204,0.3090185676392571,0.4325108853410739,0.2322097378277152,0.224565756823821,0.180622009569378,0.3055555555555556,0.1436848203939742,-0.0247035573122529,0.0154320987654319,0.0196280991735535,-0.0398832684824902,-0.0361328125000001,0.064724919093851,0.2291407222914072,0.1820359281437125,0.1215909090909088
BKJI-L,30.0,-0.0078411106083015,6.105941169333014e-07,0.0662504958773931,0.0903645084509929,0.0103162129229352,0.0366776445968278,-22.6574,-0.0195160481533285,0.0094283294613471,9.801253798896431e-05,-0.0024181747062573,1.0,0.3728258815432848,0.0068692684074055,9.404489726012341e-08,-0.0003558154440691,1.7820765434431356e-07,-0.0040977386553347,9.035811495112062e-07,9.370195057770585e-06,-0.0087894720102227,2.0,5.5855771961635,0.1253017590700499,-0.0363983851125243,0.0363983851125243,0.0363983851125243,0.0019091389688901,0.0351557714065939,0.0363983851125243,0.4199466701462939,-0.0435967302452316,0.0552041403105232,-0.0254912373871479,0.0076880834706205,0.0297418630751964,0.139751552795031,0.1650793650793651,0.1548143486469477,0.1548143486469477,-0.0021750951604132,0.0093509350935094,0.0245672808486878,0.0503720663995421,-0.0059588299024918,-0.1079241614000972,-0.1143822393822392,-0.0685279187817258,-0.0407736539466805,-0.0123789020452097,0.0,-0.0118470651588583,-0.1035661944308743,-0.0884252359662194,-0.065682281059063,0.0104625550660792,-0.0372507869884574,-0.003800217155266,0.065002901915264,0.1461586508432228,0.1636017755231453,0.1985630306988897,0.2415426251691477,0.2192691029900333,0.2655172413793105,0.2716562716562718,0.2217043941411451,0.2373567093728927,0.2331989247311827,0.250852079072938,0.254272043745728,0.2257849031396126,0.2144275314361352,0.1915584415584417,0.1985630306988897,0.1320172732880937,0.0775102759835584,0.141169154228856,0.142590286425903,0.1047561709813367
BKJO-L,17.0,-0.0510407759707362,5.208670336936347e-06,0.5651495537117928,0.0910243671202643,0.0045906084238482,0.0394603967022705,354.8082,-0.0112969281854235,0.6315765939849719,-0.0009062294938563,0.1251245160190418,1.0,0.1057693077252728,-0.1274220301926912,1.9940166180287293e-07,-0.0283937116796745,1.040395093653808e-07,-0.0023719893980716,0.0003029689530877,7.03722863644244e-05,-0.044853208935937,2.0,0.4360101174283557,0.028300581229175,0.1639748463381008,-0.1639748463381008,-0.1639748463381008,-0.0007683804950756,-0.0113245075270314,-0.1639748463381008,-2.02303736581235,-0.1337579617834394,0.1984732824427482,-0.1780104712041884,-0.1822916666666666,-0.3203463203463204,-0.2798165137614679,-0.3319148936170213,-0.3347457627118643,-0.3053097345132742,-0.4432624113475176,-0.51840490797546,-0.546242774566474,-0.5614525139664804,-0.6151960784313726,-0.8825729244577412,-0.8866425992779783,-0.8837037037037037,-0.8817771084337349,-0.8806990881458967,-0.8770555990602975,-0.8782945736434109,-0.878858024691358,-0.8779160186625194,-0.8781055900621118,-0.909353348729792,6.136363636363637,8.8125,6.85,4.814814814814815,3.90625,2.4130434782608696,1.8545454545454545,2.925,2.925,2.270833333333333,0.7252747252747254,0.4952380952380952,0.3083333333333333,0.3534482758620692,0.1893939393939394,0.256,0.2362204724409449,0.1893939393939394,2.829268292682927,2.488888888888889,2.5681818181818183,4.064516129032258,3.243243243243244,2.14
BKLD-L,20.0,0.1233376598316752,8.129613194096503e-07,0.0882076801043146,0.1224597096899343,0.186735418536329,1.4003688251415458,133.5163,0.6110445539044381,0.0033287187360087,-0.0005874025259375,0.0630503925282492,1.0,0.1130387209461511,0.1003757387599433,8.0466579821074e-08,0.0303302222167467,0.0001695067027104,0.1282995854997887,0.109487600690818,9.74709971345923e-07,0.1445078103215558,4.0,31.379113940734445,0.0349064288224849,-0.0430524125618159,0.3546136310013079,0.3107475928009152,0.0043841306547161,0.0098037489556828,0.3107475928009152,0.9414138069313792,-0.0509311195871663,0.0042812077512393,-0.1109116297626172,-0.0870544858664481,-0.0964930062842083,-0.0331887201735358,-0.0356988316745997,-0.0255793616090949,0.0975129278502831,0.0807468477206594,0.0783934188240986,0.0817961165048544,0.0591730038022815,0.0571631878557876,0.1073291925465838,0.1156445556946181,0.1457583547557841,0.1507875032274723,0.0878691725652918,0.1109172482552343,0.1010375494071147,0.0870731707317074,0.124369323915237,0.0786544046466601,0.1784769962982548,0.1323678861788617,0.2019956850053939,0.2481097731727806,0.2415041782729805,0.2207614352232265,0.3276735180220436,0.2811152630066111,0.4382058728622138,0.3756172839506173,0.4699868073878628,0.4560601110748121,0.3538882138517618,0.3928125,0.4886439545758183,0.5057432432432432,0.414022842639594,0.4312780989081566,0.3547112462006079,0.2435825892857142,0.3221595965588846,0.2956395348837211,0.259751271905031,0.3485627836611196,0.2583286278938452
BKSW-L,30.0,0.0376762813452776,2.1930607051981097e-07,0.0237950800997434,0.0556690393371099,0.0181124649387912,0.2089655727169645,-14.0141,-0.2067902769502471,-0.0029024307924092,-0.0004981741351205,0.0008168423792467,1.0,0.040247593059642,-0.0191104411429575,4.8520023021931415e-08,0.0064084231556496,3.3575690497921564e-08,-0.0434192672998644,-0.0004555596386821,2.8145250817884404e-06,0.042378455224491,2.0,0.9281414149876224,-0.136911642964428,0.1879821422394845,-0.1879821422394845,-0.1879821422394845,0.0030636661465855,0.0456247223068374,-0.1879821422394845,0.4609446567859526,0.0231520223152021,-0.0336927223719676,0.0325460829493089,0.0781954887218046,0.0814479638009051,0.0847201210287444,0.0516280434144909,0.0457992998833138,0.0746402877697842,0.0242857142857142,0.0578341693714961,0.1099071207430342,0.1266499057196732,0.1575718437197288,0.2169042769857434,0.1839498018494054,0.362599771949829,0.4668576104746318,0.551948051948052,0.6886481394253414,0.7352371732817038,0.7521994134897361,0.7235576923076923,0.7419825072886299,0.788922155688623,0.6119604316546765,0.6429880843263063,0.7590775269872425,0.923283261802575,0.9861495844875344,0.8998410174880762,0.9773855488141204,1.0300113250283127,1.1492805755395683,1.0603448275862073,0.8536711478800414,0.9079297498669509,1.1063454759106937,0.961159737417943,0.9741189427312776,1.026568682871679,1.075854082223509,1.019718309859155,0.8133535660091049,0.7729970326409497,0.674451191032228,0.6011612326931666,0.7210753720595298,0.741136474016513
BLNT-L^D19,22.0,0.0863682076212867,7.246479625091389e-08,0.0078625531300389,0.1192242952827178,0.033875625499965,0.7763414597975943,-36.6905,0.2428476375857199,-0.0480284473885354,-0.0036104919876257,-0.0017043366534385,1.0,0.7406769507263742,-0.2296277865715178,8.531685146246299e-09,0.0051805045559454,1.7109357061864162e-08,0.0509901463694634,0.0021232182835269,6.553076662553138e-07,0.1389092391381958,2.0,1.1292000955007326,0.0443844726621604,-0.1825189618053962,0.0470791354864403,0.0133908407174012,-0.0044043247981474,-0.038913810911221,0.0470791354864403,1.5388754793040351,0.0,0.0031813361611878,0.0021186440677967,0.3030303030303032,0.3305203938115331,0.4735202492211838,0.5282714054927302,0.5136000000000001,0.4758190327613105,0.4119402985074627,0.3830409356725148,0.3601725377426312,0.4236267870579384,0.4475899005355777,0.5394629780309197,0.6366782006920415,0.5885810243492864,0.5766666666666669,0.5925925925925926,0.7247037374658158,0.6596491228070176,0.8157389635316701,0.8297872340425534,0.9208121827411172,0.9832285115303988,0.8512720156555773,0.8476562500000002,0.9266802443991856,0.9545454545454548,1.0170575692963753,1.06775956284153,1.1822376009227225,1.2232667450058758,1.28226779252111,1.2795180722891568,1.0454054054054054,1.106904231625835,0.968782518210198,0.882587064676617,0.8070678127984718,0.8476562500000002,0.810526315789474,0.8209817131857555,0.8297872340425534,0.8333333333333335,0.9873949579831937,1.0213675213675215,1.1116071428571428,1.147559591373439
BLNV-L^F19,33.0,0.1222894604135148,0.0004661375661375,50.57671544363781,0.0232201533406352,0.7227414330218067,0.3949848665171565,4.05,-1.2700369509360976,0.1109506881312489,0.0006220595922634,-0.1796038526126689,1.0,0.2217294900221729,0.18773171553758,9.193121693121692e-05,0.1147677319710084,4.5571603082574906e-11,-0.2666666666666666,0.0009127584467977,0.000122619047619,-0.0720720720720721,2.0,0.0002125514690811,0.0416666666666667,-0.986737400530504,0.9183613321544356,0.986737400530504,0.0193215007863401,0.0244040862656072,0.986737400530504,-0.0023794052953553,0.0,0.0,0.0,0.0,0.0,0.0,0.0,0.0,-0.0260869565217389,-0.0260869565217389,0.0,0.0769230769230771,0.0769230769230771,0.0769230769230771,0.0769230769230771,0.0769230769230771,0.0769230769230771,0.0769230769230771,0.0769230769230771,0.0769230769230771,0.0666666666666666,0.0666666666666666,0.1200000000000001,0.1200000000000001,0.108910891089109,0.108910891089109,0.108910891089109,0.108910891089109,0.108910891089109,0.0666666666666666,0.0666666666666666,0.0666666666666666,0.0666666666666666,0.108910891089109,0.0467289719626169,0.0467289719626169,0.0467289719626169,0.1200000000000001,0.1200000000000001,0.1789473684210527,0.1789473684210527,0.1789473684210527,0.142857142857143,0.142857142857143,0.142857142857143,0.0666666666666666,0.1789473684210527,0.0873786407766992,0.0873786407766992
BLYM-L,30.0,0.0764313395486042,1.2827341650731986e-06,0.1391788295337544,0.1672886119072655,0.301309442963062,1.319366279115583,75.231,0.281623319488483,0.0168001095296697,-0.001077223168889,0.0672376205014262,1.0,0.164359703402188,0.0981440867843354,4.876080222794412e-07,-0.0026161621620146,1.8283379402531654e-05,0.0591317849518018,0.0457365853733682,2.2360775032859552e-06,0.0618211044694106,4.0,4.8275702898432735,-0.1046912802525901,-0.0017606680879839,0.1822800436181055,-0.0677069465665859,0.0206331621093066,0.058650857549981,0.1219240086437684,0.5170527061268071,0.0049342105263159,0.0886302596239929,0.0451224752900731,0.0842621489077128,0.1039491602360416,0.1564431764146456,0.1681075888568683,0.189242053789731,0.2009876543209876,0.1542477456098718,0.1166207529843892,-0.8704315396909963,-0.8701270960162342,-0.8605904270564632,-0.874457980590543,-0.8754353616062283,-0.8737803612206767,-0.8773575390821987,-0.8857465000469793,-0.8799249530956847,-0.8814005656880913,-0.8766796815577304,-0.8715945089757128,-0.8680483967229125,-0.8599401059663672,-0.8707070707070708,-0.8744644608475713,-0.8673358062404538,-0.8736032430746843,-0.8773637234632646,-0.8670457030395802,-0.8603021425699351,-0.8575862270890672,-0.8687958567112646,-0.8645200824466603,-0.8709540486044784,-0.8635930226036233,-0.8617553433378808,-0.8603101665709363,-0.8596896094155657,-0.8685121107266436,-0.8656130850417196,-0.8755055029434349,-0.8720134722660773,-0.869737546866631,-0.8627694391152241,-0.863286300522795,-0.8601977466084157,-0.8732541171565562
BPVK-L,27.0,0.0162247846786852,2.2267209730731497e-07,0.0241602997073753,0.0936505587246525,0.1096101358900073,0.6024840168510917,-150.33950000000004,0.5660261510556185,-0.0361691104128965,0.0088050867912448,0.0321217468492673,1.0,0.3787899157562547,-0.1153101182324274,3.8487197568359577e-08,-0.0750937798724023,2.2157151579526987e-06,0.1188471775068531,0.0147312645687025,8.323771571525913e-07,0.0591282292041289,5.0,12.351891584572575,0.1998690927429163,0.0067508775768034,0.0979646513351232,-0.0962584286648112,0.0172260472967238,0.0886745997407741,0.1087641367962622,-0.0437401830243908,0.0046349942062571,0.0179887938661162,0.023421286688408,0.0108345534407028,0.0292188431723317,0.0295257977930212,0.0457437140260528,0.0667490729295428,0.1028753993610225,0.0763953850951044,0.1167906826269815,0.0585709904937137,0.0582464745554875,0.0400723109370293,0.0416415208207605,0.017688679245283,0.037883343355382,0.0149955895324906,0.0123167155425221,0.0143990596532472,-0.0207092198581559,-0.033865099356283,-0.0077608508192008,-0.0352152040245946,-0.0097532989099252,-0.0413773951680087,0.0070011668611436,0.0432154729525535,0.036014405762305,0.0410132689987938,0.1306911234850967,0.1510503501167057,0.1128304319793682,0.0924050632911392,0.1269996735226903,0.1572242708682536,0.1809784468012316,0.2103786816269286,0.189114708921805,0.2023685127133403,0.225417110401136,0.2262877442273536,0.1932250259246457,0.1907554329078995,0.1622895622895623,0.2053072625698324,0.1805745554035569,0.2202191587133264,0.2332976062879601
BPVY-L,21.0,0.0196147068534127,1.5487879299021289e-06,0.1680461136446647,0.0330426196468382,0.1524552721659379,0.6714451898160098,125.5484,-1.0538972213363111,0.4068215801457273,0.0067087557989894,-0.0422832263984475,1.0,0.310487603622114,-0.1288220771129929,-1.886096201750928e-07,-0.0905556247613972,3.822715154217033e-09,-0.2212843168191859,-0.0216768058787395,3.5683492260029047e-06,0.1010405254851575,4.0,0.1028081079304068,-0.2265527812064589,0.4074213104283524,0.2467441167484684,-0.4209618026896387,-0.0100346226208342,-0.0320861645055875,0.1064400650643588,1.6536866802719628,-0.4,-0.2274678111587983,-0.4812680115273775,-0.4174757281553397,-0.5148247978436657,-0.4812680115273775,-0.518716577540107,-0.4285714285714285,-0.1469194312796208,-0.2105263157894735,-0.1780821917808218,0.2080536912751678,0.5652173913043479,0.40625,0.0650887573964498,0.2587412587412587,0.1111111111111111,0.2949640287769786,0.0843373493975905,-0.0109890109890109,-0.1469194312796208,-0.2340425531914893,-0.3333333333333333,-0.3478260869565216,-0.2653061224489796,-0.1964285714285715,0.0,0.0714285714285714,0.1920529801324504,0.0465116279069768,-0.0322580645161291,-0.2592592592592593,-0.0526315789473683,0.0169491525423728,-0.1346153846153845,-0.3525179856115107,-0.4230769230769231,-0.3454545454545454,-0.2941176470588235,-0.3835616438356164,-0.368421052631579,-0.4594594594594594,-0.5454545454545454,-0.5842956120092379,-0.4658753709198813,-0.5041322314049587,-0.5477386934673367,-0.4915254237288136,-0.4230769230769231
BQCM-L,8.0,0.0374185933602754,1.7667657082779294e-06,0.1916970717969962,0.103700677238404,0.3400185941749968,0.9281262804560496,-12.094399999999997,0.5336958370410404,-0.0538691617850163,0.0045285387099073,0.0634216856248583,1.0,0.0920133825150282,0.0238282684418434,5.67327162609517e-08,-0.0315394211083014,8.299470536988724e-08,0.1120588576361599,0.0452867321905563,5.741972882333807e-07,0.0870561211619984,5.0,0.7096296276022823,0.0396911912415812,-0.3225948494611348,0.1594332374389185,-0.1758413309049153,0.0049780429563987,0.0067182685706252,0.0850052711029199,0.4693753288975992,-0.1385474860335195,-0.0618448637316562,-0.2251082251082252,-0.1572504708097928,-0.182648401826484,-0.2459983150800336,-0.2244367417677643,-0.1319107662463629,-0.0154015401540155,-0.1980286738351255,-0.2072630646589902,-0.1973094170403588,-0.1878402903811252,-0.3045843045843046,-0.2735389610389611,-0.1936936936936937,-0.2264477095937771,-0.150853889943074,-0.1951438848920863,-0.2980392156862745,-0.2717656631407649,-0.2128408091468777,-0.1720629047178539,-0.1285296981499513,-0.077319587628866,-0.0303358613217769,0.0443407234539088,0.1215538847117791,0.09547123623011,0.2243502051983583,0.4842454394693198,0.4072327044025154,0.7344961240310075,0.8881856540084385,1.1990171990171987,0.8530020703933745,0.6097122302158273,0.7549019607843137,0.7583497053045185,0.6039426523297489,0.6823308270676689,0.4389067524115755,0.3259259259259257,0.2447844228094573,0.570175438596491,0.4139020537124802,0.4389067524115755,0.3540090771558244,0.3769230769230769
BQRE-L^F23,30.0,0.0150566150985912,1.5840576818638376e-06,0.1718729414704413,0.1821018161070305,0.0040533240599209,0.075968167658389,1819.2056,0.1198212980967581,0.070727460709138,-0.002356675333863,0.0192662622949246,1.0,0.1916081009571753,0.1018676666475432,7.198622767602063e-08,-0.0167163007904506,5.770443135124961e-06,0.0251585956893495,-0.0004236172121957,2.6143587728086844e-05,0.0104840107227622,2.0,6.216146823472587,0.0452567003449747,-0.1183428488105556,0.1183428488105556,0.1183428488105556,0.0003421871471726,0.0061540197174073,0.1183428488105556,1.1275889653103224,-0.0904311251314405,-0.0422960725075528,-0.1650570676031607,-0.1871794871794871,-0.2280844155844156,-0.1606354810238305,-0.1871794871794871,-0.2324455205811139,-0.2048494983277592,-0.2854996243425995,-0.3113685734974656,-0.2806354009077156,-0.2482213438735178,-0.1967905405405405,-0.1988205560235888,-0.1621145374449338,-0.1906382978723404,-0.1687062937062936,-0.1053621825023519,-0.2114427860696518,-0.1857876712328767,-0.2494080505130229,-0.2133995037220843,-0.1744791666666666,-0.1267217630853995,-0.1885665529010239,-0.0694716242661448,-0.0499500499500499,0.0893470790378005,0.1697416974169741,0.0192926045016077,-0.0882070949185043,-0.0413306451612903,-0.038422649140546,-0.2055137844611529,-0.3344996501049685,-0.3302816901408451,-0.366,-0.4022627278441232,-0.4502890173410405,-0.4986821296784396,-0.4553264604810997,-0.4477351916376306,-0.46210407239819,-0.4867781975175391,-0.3984819734345352,-0.3279151943462898,-0.4239854633555422,-0.4349376114081996
BSBT-L,23.0,0.0124866652274238,9.72929994277248e-07,0.1055645522734343,0.0889091280854128,0.0222550993197186,1.8984515260541928,-44.2466,0.0879019076393625,-0.0234697371317733,0.0020773741188881,0.008326551852837,1.0,0.6306455027819783,-0.0251846347483719,-2.7580044345917876e-08,-0.0185043825695821,6.947673751677895e-08,0.0184565564699144,0.0010232549778296,1.8225217975101448e-06,0.0341093454520188,2.0,0.2445127800256721,-0.1720417967639904,-0.0357174351512653,0.0932610944673032,0.0678271725820484,-0.0115022091603797,-0.0330753495011996,0.0235713569971361,1.6536866802719628,0.0010245901639343,-0.0809792843691148,-0.2380952380952381,-0.2818248712288447,-0.3028571428571428,-0.2807663964627855,-0.3807106598984772,-0.3236313236313236,-0.2958152958152957,-0.423848878394333,-0.3873195229127433,-0.4248674130819092,-0.4224852071005917,-0.4394026421596784,-0.3990147783251231,-0.4255444379046498,-0.3678756476683937,-0.2973362131029518,-0.2855051244509516,-0.2770370370370371,-0.2351097178683385,-0.1183378500451671,-0.1062271062271063,-0.1400881057268722,0.001025641025641,-0.0792452830188679,-0.1324444444444444,-0.0384236453201971,-0.0365251727541955,-0.1475982532751091,-0.1578947368421053,-0.1679454390451833,-0.2357086922474549,-0.0642377756471715,0.0371944739638681,-0.289665211062591,-0.3930348258706467,-0.4155688622754491,-0.3861635220125786,-0.3990147783251231,-0.4187016081000595,-0.4565701559020044,-0.4857744994731297,-0.5332376853180296,-0.5468895078922934,-0.5483572420175844,-0.5203931203931205,-0.4868559411146161,-0.5165923724616147
BSW-L,23.0,-0.1409999222785406,7.949457087732568e-07,0.0862529558364332,0.1547139523602215,1.1428154673774014,0.7199712947608732,-156.1844,0.7700987470803595,-0.3275358523993379,0.003540517769806,0.0814268381627926,1.0,0.3655017216360369,-0.1740984019177457,7.609399785809269e-08,0.0216452386618109,4.3870934228029895e-09,0.161695819745034,0.0454113240062752,9.99624726347372e-08,0.26082335854568,4.0,0.521538082955814,-0.3196202908824917,-0.003791224005546,-0.0945635570746148,-0.1150044344086543,0.024766117661436,0.0273386394130832,0.1227656142123123,0.1624499970220894,-0.0620552234557357,-0.0497700838517716,-0.1191073219658976,-0.1621750536608632,-0.1837825278810407,-0.1526772793053544,-0.2037624660018131,-0.1979452054794519,-0.323382126348228,-0.3460536113179449,-0.3095518867924528,-0.2996411483253587,-0.3006171610591279,-0.306963898204774,-0.263058527375708,-0.2280817402768621,-0.209851551956815,-0.2154979901741849,-0.2687343880099916,-0.2414165407039515,-0.2200266429840141,-0.1611747851002865,-0.1097313735428281,-0.0343595382078064,0.0581325301204818,-0.0067854113655638,0.1012539184952978,0.2313354363827551,0.2248953974895398,0.1948979591836737,0.2595912513445679,0.2426600636717368,0.1212894988828601,0.1487900588620014,0.2618534482758621,0.3196844477836214,0.3035250463821894,0.3918383518225041,0.7144948755490486,0.4558640696228762,0.2797814207650275,0.1832266756483664,0.0664845173041897,0.0947335618572764,0.1321301965839509,0.1729549248747914,0.3117998506348021,0.3132710280373834,0.3172103487064117
BSYW-L,19.0,0.1365830568150829,9.568629566115417e-07,0.1038212514732563,0.0726333199685689,0.1213217137690762,0.2210254915499495,71.51959999999998,0.1093064588920409,-0.0172872169071091,0.0029100005535365,-0.0007189637127135,1.0,0.4506739080041064,0.1138027794827246,1.106681187261202e-07,-0.0260213423018176,2.5385551652936287e-09,0.0229508196721311,-0.0073121164476503,9.84474450083925e-07,0.1596334863689861,2.0,0.6967282428456842,-0.1298593350383631,-0.3752225120714951,0.8078377507159451,0.3752225120714951,0.0335474075554163,0.0689452448799932,0.3752225120714951,0.4923582447265032,-0.0090873172659028,0.0063618290258449,-0.0591078066914497,-0.1159622773314704,-0.0591078066914497,-0.0090054815974941,-0.0189922480620156,0.0051628276409849,0.0710960643250104,0.1223946784922394,0.1723019916628068,0.1057230231542156,0.1520254893035957,0.1843706130088909,0.1717592592592591,0.16905311778291,0.3032955715756951,0.353475935828877,0.3498666666666665,0.4958628841607562,0.463851937536148,0.5828642901813632,0.6059644670050761,0.7055256064690025,0.7625348189415042,0.6884589726484323,0.6828457446808511,0.7711686494051784,0.781140042223786,1.0411290322580644,1.0661224489795915,0.93353705118411,0.8340579710144926,1.0661224489795915,1.102159468438538,1.0394842868654308,1.0510534846029174,1.0087301587301587,1.105657237936772,1.105657237936772,1.1632478632478631,1.2319223985890653,1.1304713804713802,1.1074104912572855,0.9681181959564542,0.9589783281733746,0.907309721175584,1.1004149377593355,1.0119236883942766
BTDR-L,27.0,0.0335092705372851,7.20267131242741e-06,0.7815020368797873,0.0635750584345009,0.0052851846303647,0.0300371400453409,-7.5,-0.1378665238488741,0.0062100399883456,-5.71358250413136e-05,0.0037160906726124,1.0,0.4373576309794988,0.114075271714722,4.326364692218352e-07,0.0011269655343768,2.0765615165354098e-07,-0.0289475092300283,0.0004023999639103,0.0001258391405342,0.0292490156124576,2.0,0.4841450129070294,0.0197023122289138,0.0692194403534609,0.930780559646539,-0.0692194403534609,0.0005034908700322,0.0095019399794124,-0.0692194403534609,0.5149735702323427,0.0,0.0,0.0,0.0,0.0,0.0,0.0,0.0,0.0933333333333332,0.0242318261304022,0.0154798761609906,0.0413359578385927,0.0412698412698413,0.0416005080978088,0.0961101457024462,0.0961101457024462,0.0961101457024462,0.0961101457024462,0.0961101457024462,0.1349480968858132,0.1714285714285714,0.1798561151079136,0.2170686456400741,0.2519083969465649,0.2519083969465649,0.2424242424242424,0.2615384615384615,0.247148288973384,0.2964426877470356,0.3215149073327961,0.2964426877470356,0.2890041656841939,0.3172690763052208,0.33768352365416,0.2472431363601794,0.2424242424242424,0.2701363073110285,0.2762645914396886,0.2790516300109187,0.2713178294573644,0.2668984163769796,0.2688588007736943,0.2567049808429118,0.2718107793718496,0.2907287895482449,0.2888015717092338,0.3015873015873016,0.3015873015873016,0.3265388659710426
BUBU-L,21.0,0.1915583288072463,2.928644934239293e-07,0.0317762935739786,0.2199440818117781,0.4940090944162078,1.5646210928851163,531.978,0.3468975340765178,0.0290372720851467,-0.002507763173883,0.0390272951941642,1.0,0.2263233002044779,0.2491061446695738,5.927293849524994e-08,-0.0081759977804145,4.620388736414431e-07,0.0728372580174841,0.1964999983579614,2.0462289013706506e-07,0.119199830614611,4.0,4.789879393533528,0.0772989353530017,0.0306942004064561,-0.0138849132772702,0.0337879356576581,0.0410901765249202,0.0715026761850434,0.2281265925540833,0.12335198777312,0.0048335123523093,0.0174863387978141,0.0230769230769232,0.01085776330076,0.0287292817679558,0.0292979546710889,0.0454800673778776,0.1644777986241401,0.1814720812182741,0.1203369434416365,0.1089934484812389,0.140232700551133,0.1305403764420158,0.0355951056729699,0.245484949832776,0.3802816901408452,0.4501557632398754,0.6789900811541931,0.4592476489028214,0.4931836407377705,0.5224856909239575,0.4848484848484851,0.7450796626054359,1.028322440087146,1.3599493029150826,1.4597093791281377,1.955555555555556,2.3072824156305507,2.3793103448275863,3.2031602708803613,3.4975845410628024,3.4228028503562946,3.8616187989556137,3.443914081145585,3.2222222222222223,3.074398249452954,2.815573770491804,3.1469933184855234,3.2126696832579187,2.9617021276595747,2.738955823293173,2.553435114503817,2.348920863309353,2.539923954372624,1.98876404494382,2.1241610738255035,2.342908438061041,2.863070539419087,2.9200000000000004
CWI-L,30.0,0.0376068860874374,9.065548909772774e-07,0.0983627411429536,0.0189965970124776,0.0850459960414773,0.1781234764741839,682.5,0.3930023737073891,-1.246122750268331,0.0028964426070535,0.0355686079700724,1.0,0.1548586914440573,0.0763107690283534,8.355753166638556e-08,0.0397035284292574,4.8728065722681095e-06,0.0825177825821464,0.004452700690594,1.1172495290153616e-06,0.0080237964305354,3.0,20.29635479935141,0.0456709981049624,0.0999227259467699,0.1788403295514411,0.0584329433456828,0.0117262335001157,0.0267784170125478,0.2069781194559432,0.5869600766681485,0.0050027793218454,0.0178217821782176,0.0230309923230023,0.0106741573033706,0.0288818987703745,0.0294706723891271,0.0456262714327231,0.0663900414937757,0.1026662580447439,0.0762787915046365,0.1166977032898819,0.0582352941176469,0.0579241399588355,0.0398843930635837,0.0413892908827786,0.0175339366515836,0.0377848283818862,0.0149506346967558,0.0120956399437412,0.0140924464487035,-0.020952380952381,-0.0338345864661655,-0.0079955886407501,-0.0353887399463807,-0.0099064391854707,-0.0415556739477891,0.0067151650811414,0.0432009278051608,0.0359919378059314,0.040786809372288,0.1303801445177506,0.150991682661548,0.1128982369316424,0.0922890103217972,0.1268399624177887,0.1569131832797425,0.1808336068263865,0.2102253615876217,0.1886356128179716,0.2021383227530904,0.2250595846101462,0.2263122017723244,0.192970822281167,0.1906022501654531,0.162144702842377,0.2049564634963161,0.1804461942257216,0.2200746015598507,0.2330363262508565
DMXC-L,22.0,-0.0891663679608484,1.78421491770349e-07,0.0193590340574163,0.0897593809565844,0.1635851659369785,0.6316919941898177,-8.3519,-0.1626860295012543,-0.0193853643521668,0.0088290134621122,-0.0140922005370325,1.0,0.244460201895921,-0.4138139748525296,2.5685353700374028e-08,-0.1474717610720602,2.080002081213428e-07,-0.0341588023626859,-0.0020618695078457,9.386163148047528e-07,0.0180069156759831,4.0,2.7532240119944844,0.0219843513058642,0.0772804412539036,-0.0848123081809937,0.8774521215376146,-0.002834854191932,-0.0169432957718648,-0.1225478784623853,1.3761036927803945,0.0,0.1256038647342996,0.1421568627450979,0.1767676767676769,0.0639269406392695,0.1365853658536586,0.1365853658536586,0.0309734513274337,0.0938967136150235,0.0309734513274337,-0.0566801619433199,-0.1003861003861003,-0.1338289962825278,-0.1072796934865899,-0.0933852140077819,-0.1402214022140221,-0.1527272727272727,-0.0604838709677418,-0.1240601503759398,0.0219298245614036,-0.037190082644628,0.0174672489082969,0.0639269406392695,-0.0251046025104603,0.0309734513274337,-0.1240601503759398,-0.08984375,-0.0411522633744856,-0.0790513833992093,-0.1338289962825278,-0.1588447653429602,-0.1402214022140221,-0.1993127147766323,-0.1527272727272727,-0.120754716981132,-0.1003861003861003,-0.0862745098039214,-0.0251046025104603,-0.0168776371308017,-0.0642570281124498,-0.0862745098039214,-0.037190082644628,-0.0168776371308017,-0.0450819672131147,-0.0085106382978723,0.0448430493273543,0.1201923076923077,0.1421568627450979,0.1095238095238095
DNDW-L,20.0,0.0423734818020286,5.004095560146674e-07,0.0542952843932809,0.1468916052719323,0.1666843077500677,1.1280144111297836,-1458.5452,-0.1231181764620939,0.0031070360010368,0.000696808027124,-0.0101742774371415,1.0,0.1158833870665274,0.0749552030485743,4.0471417276999735e-08,-0.0743153522650082,3.768554037474274e-05,-0.0258508334730152,0.015655393496678,6.601372733086358e-07,0.0188651292669391,4.0,25.748381026820297,-0.0219212926311695,0.2411451859101062,0.1280726522813671,0.0922015033717738,0.0032668842535696,0.0079198830516762,0.1466802761037519,2.392755568471324,0.0047846889952154,-0.1246073298429319,-0.1200000000000001,-0.1463580667120491,-0.130977130977131,-0.1306759098786829,-0.1169014084507042,-0.1294689343977786,0.9984063745019918,1.0710156895127994,0.957845433255269,1.0225806451612902,1.054054054054054,1.0193236714975846,1.0225806451612902,1.0710156895127994,1.0847880299251869,1.138107416879795,1.0307692307692309,1.0727272727272728,0.9307159353348728,0.9563182527301092,1.0813278008298752,0.9115853658536586,1.192307692307692,1.125423728813559,1.2175066312997345,1.2175066312997345,1.1903930131004363,1.011226944667201,1.3885714285714283,1.2214348981399468,1.451612903225806,1.406909788867562,1.535894843276036,1.4685039370078736,1.326530612244898,1.3638077285579642,1.393129770992366,1.322222222222222,1.2392857142857143,1.1980718667835228,1.1435897435897435,0.9763593380614656,1.1272264631043258,1.0796019900497509,1.192307692307692,1.2135922330097086,1.0
DNLM-L,23.0,-0.1062489739342275,2.488507978611426e-07,0.0270007330574829,0.5510095442370373,0.3396881389728555,0.7036387919106935,-18.1194,-0.0323671444073107,-0.0251956769021198,-0.0066274674668745,-0.0014974403435626,1.0,0.2012890044721359,-0.1323650807285172,9.110294206998257e-08,0.0019992565681091,1.8085322432370702e-09,-0.0067960530614911,-0.0064393473610071,2.677813324947484e-07,-0.0805294052101234,3.0,0.3777394951029615,-0.016650154408145,-0.0008243017413487,0.0374843259038041,-0.071884659350926,0.0292297408709392,0.0629480951707212,-0.1032522273622849,0.2268085169213932,-0.0476730987514187,0.0358612580834802,0.0202663578459758,0.0407560543414058,0.0450771055753262,-0.1225099601593624,-0.3114497850722938,-0.6501191421763304,-0.7580667307428257,-0.7585970680915194,-0.7423976608187135,-0.7171295553058276,-0.7087603305785124,-0.7058430717863104,-0.6648278485828418,-0.6522597197552793,-0.6438965238480194,-0.5817707097080465,-0.5741904301594973,-0.5652603010115964,-0.4654126213592232,-0.4308785529715762,-0.393250688705234,-0.3454680534918276,-0.3300380228136882,-0.3444940476190475,-0.337344866491162,-0.2621440536013399,-0.2088010776829815,-0.1396484375,-0.0789336121275482,-0.1345776031434183,-0.0856253243383496,-0.0392584514721918,0.2558802565930151,0.2768115942028986,0.2399718508092891,0.2558802565930151,0.734251968503937,0.41299117882919,0.138978668390433,-0.0189309576837416,-0.0243632336655591,-0.0652519893899205,-0.2037957523723451,-0.0145413870246083,0.3159073935772964,0.2567760342368046,0.304219096965211
DOS-L,30.0,0.083246350822631,0.0004703770203234,51.03670340335985,0.0804108073171821,0.1433627879669418,2.0595077625794778,581.0629,0.2857176384628628,0.0134886508490103,0.0021607097089072,0.0073543380723209,1.0,0.1142753640201523,0.0717877344937419,4.4391615501582165e-05,0.0056927429247619,0.0004417810171759,0.0599914594615578,0.0909111919157571,0.0008545634349323,0.0887406719511239,5.0,0.0466276193831406,-0.0506066721913488,-0.0305194375558383,0.3188434370128158,0.1055823620504799,0.0027712064382538,0.0077259448602264,0.3232366579128128,1.259255164435663,-0.0507518796992481,-0.0187519213034121,-0.021459227467811,-0.038843721770551,-0.0606238964096526,-0.1233177698434494,-0.109623430962343,-0.0265324794144555,0.1331203407880723,0.1271186440677967,0.0615231127369471,-0.2457466918714556,-0.2459248759744861,-0.2588808915718598,-0.2578470123227155,-0.274710293115201,-0.2604263206672844,-0.2766825288919102,-0.2788070492544057,-0.277337559429477,-0.3022950819672131,-0.3114754098360655,-0.2930232558139534,-0.312513461124273,-0.2944297082228116,-0.3169270276053926,-0.2825354012137558,-0.2566371681415929,-0.2617946345975948,-0.2581919590983035,-0.1943462897526501,-0.1798561151079136,-0.2069565217391303,-0.2216532553035843,-0.1969811320754716,-0.1754068716094032,-0.1584497759029791,-0.1375303971899485,-0.1528662420382165,-0.1433172302737518,-0.1269146608315098,-0.1261976457705994,-0.1497069792221629,-0.1515151515151513,-0.1717695900363258,-0.1412429378531073,-0.158671586715867,-0.130718954248366,-0.1211453744493391
DOT-L,31.0,0.0091333899745114,4.3630976948534027e-07,0.0473403489862193,0.0837310003534818,0.1668170606990314,0.8386513492699269,93.0,-0.0268569843947956,0.0049430466135859,2.257642118571364e-05,0.0229193771701425,1.0,0.2067058823529411,0.2362327534493101,8.60424545413637e-08,-0.0413950264885881,4.571617520202309e-06,-0.0056390977443609,0.024780515434721,1.3742656801869875e-06,-0.046478831859447,5.0,6.639772939823845,-0.0284234623764034,-0.0071426620909989,-0.0669520405618818,0.9859113955614662,0.0138648989309556,0.0576475155279503,-0.0140886044385337,0.4752721561411546,-0.0739299610894941,-0.0153256704980843,0.1371681415929204,0.1576576576576573,0.117391304347826,0.1843317972350229,0.2475728155339804,0.0489795918367346,0.1271929824561404,0.0708333333333333,0.00390625,-0.0551470588235295,0.0,-0.0115384615384616,-0.0918727915194347,-0.1076388888888889,-0.1867088607594937,-0.1198630136986301,-0.1546052631578948,-0.1573770491803279,-0.1867088607594937,-0.2164634146341463,-0.1601307189542484,-0.2997275204359673,-0.2719546742209632,-0.307277628032345,-0.3324675324675326,-0.3359173126614987,-0.3685503685503686,-0.373170731707317,-0.4037122969837586,-0.419864559819413,-0.4145785876993166,-0.4818548387096775,-0.4797570850202429,-0.4555084745762712,-0.4776422764227642,-0.4461206896551724,-0.3880952380952381,-0.3895486935866984,-0.4520255863539446,-0.4364035087719298,-0.4211711711711713,-0.4413043478260869,-0.417233560090703,-0.4364035087719298,-0.37772397094431,-0.3591022443890275,-0.3762135922330097
DOXQ-L^G21,8.0,-0.1376193681306509,2.257843785182043e-06,0.2449798749016452,0.0811192107938153,0.5672899115793882,0.8439652314554634,-19.3313,-0.6128395213616279,-0.0146668485324628,-0.0008838883570601,-0.2848959708428866,1.0,0.0723779287477334,-0.0847763710198166,1.7445645808969944e-07,-0.1366527678145082,4.1014694665807974e-08,-0.1286764705882352,-0.0810213472656013,4.1673941361753874e-07,-0.3431064517658503,2.0,0.3897675381325703,0.0341469523364065,-0.0740179752670671,-0.0079686034918989,0.0130734524474543,0.021790979728184,0.0261351449575519,-0.1074137107665438,0.4524943737738298,0.0057471264367816,0.0175438596491228,0.0235294117647058,0.0116279069767442,0.0295857988165679,0.0295857988165679,0.0740740740740739,0.0943396226415094,0.0943396226415094,0.0057803468208093,0.0674846625766871,-0.0279329608938547,-0.0984455958549223,-0.0842105263157894,-0.0744680851063829,-0.0984455958549223,0.2083333333333334,0.10126582278481,0.1999999999999999,0.4871794871794872,0.4380165289256199,0.4146341463414633,0.4499999999999999,0.4146341463414633,0.8125,0.7575757575757576,0.912087912087912,0.8709677419354838,0.912087912087912,1.806451612903226,2.0526315789473686,2.222222222222222,2.782608695652174,2.48,2.5510204081632653,2.7021276595744683,3.35,3.4615384615384617,3.35,2.346153846153846,3.1428571428571432,2.8666666666666667,1.6769230769230767,1.6363636363636362,2.48,3.1428571428571432,4.2727272727272725,2.8666666666666667,1.9491525423728813
DPCZ-L^F20,23.0,-0.0933298766712343,2.591444998857469e-08,0.0028117617162048,0.6955838504311387,-0.280935903773274,2.2967322990804595,16.0995,-1.2087915142158292,0.4872262181448404,0.0286433998293584,-0.0191387276381348,1.0,2.2222222222222223,-0.6333955223880597,-2.327684693630246e-07,-0.0585058855522317,6.498947623158783e-12,-0.2538071065989848,-0.0339617051220325,7.812250540448822e-07,-0.0467473950999718,0.0,0.0085275223392724,0.6039426523297491,0.0524835896009403,0.8057715864740905,0.0517661540448498,-0.0697274031563845,0.2759482171246877,-0.1942284135259095,1.6536866802719628,0.0,0.0,0.0,1.0,1.0,-0.3333333333333332,-0.3333333333333332,-0.3333333333333332,-0.6666666666666666,-0.6666666666666666,-0.6666666666666666,-0.6666666666666666,-0.6666666666666666,-0.7142857142857143,-0.7142857142857143,-0.7142857142857143,-0.75,-0.75,-0.75,-0.75,-0.75,-0.75,-0.6666666666666666,-0.5,-0.8947368421052632,-0.9047619047619048,-0.9090909090909092,-0.8823529411764706,-0.8823529411764706,-0.875,-0.8823529411764706,-0.875,-0.8666666666666667,-0.8571428571428572,-0.8571428571428572,-0.8666666666666667,-0.8571428571428572,-0.8666666666666667,-0.875,-0.875,-0.875,-0.8666666666666667,-0.875,-0.8888888888888888,-0.875,-0.8571428571428572,-0.875,-0.875,-0.8823529411764706
DPDP-L,20.0,4.537649138517002,4.214728782004357e-07,0.0457305211519113,0.0902063988092432,0.3715486693924396,-0.0513365045432629,30.1102,13.963190341257658,0.8535385671729988,-0.0287188064742877,15.605003150972614,1.0,0.0162579389031414,0.8447410742153404,1.7714181275983397e-07,0.4496332208171127,1.0465905464108446e-11,2.9318181818181808,3.978386949350321,1.0210856133393365e-06,30.88126798433895,2.0,0.0930467317777235,-0.4195568529655725,0.1585624498830805,-15.052238964948495,-0.8762663839271734,0.0699159383510743,0.2392984073191548,0.5191469370825892,-0.3431455008336495,-0.0310077519379845,0.162162162162162,0.465909090909091,0.6753246753246753,0.8695652173913044,1.1147540983606556,1.015625,0.5357142857142858,1.015625,0.7432432432432432,0.5,0.5357142857142858,1.186440677966102,3.7777777777777777,3.7777777777777777,4.608695652173913,3.7777777777777777,3.7777777777777777,3.03125,2.909090909090909,3.7777777777777777,4.16,4.863636363636364,8.214285714285714,7.600000000000001,7.600000000000001,8.214285714285714,7.600000000000001,8.923076923076923,10.727272727272728,11.9,9.75,11.9,13.333333333333334,15.125,15.125,13.333333333333334,11.9,13.333333333333334,24.8,20.5,17.428571428571427,24.8,31.25,42.0,42.0,42.0,24.8,17.428571428571427
DPJS-L,20.0,0.0824822552611728,1.3469163137114886e-06,0.1461427013691389,0.0336619408064615,0.0036733396613395,0.1293679309147069,-1599.457,0.0966857251570004,-0.0207401402356411,0.0002259284039772,0.0072839524745693,1.0,0.5309568451564592,-0.0923924544656137,4.617160394842815e-08,-0.0030152623897011,7.452226927198857e-05,0.0203008739413945,0.0002636407760182,1.8353147981860027e-05,0.0951292161666623,2.0,11.70598400107244,0.7000475764259274,0.1874146388553151,0.8125853611446849,-0.1874146388553151,-0.0003554640790952,-0.0052993631237681,-0.1874146388553151,1.1390346900669552,-0.106659729448491,-0.0102986611740475,-0.0606060606060606,-0.035140562248996,-0.0015584415584416,0.0445652173913042,0.0041797283176592,-0.0830152671755726,0.0131787032156036,-0.1614310645724259,-0.1683254002596279,-0.1279491833030853,-0.133453561767358,-0.1672443674176776,-0.1510600706713781,-0.1438752783964365,-0.1431119037004012,-0.108534322820037,-0.0741811175337188,-0.0764055742431523,-0.0578431372549019,-0.0273279352226721,-0.0268354430379746,-0.0541338582677165,0.0207116303770578,0.0389189189189189,0.1769748928352725,0.2004996876951903,0.2611548556430445,0.2847593582887699,0.1071428571428572,0.1116252168883746,0.1827692307692308,0.1820418204182039,0.1299235743680187,0.0322234156820622,0.062465450525152,0.1033295063145807,0.2004996876951903,0.2020012507817385,0.1279342723004695,0.1762545899632801,0.1698113207547169,0.1495215311004785,0.1122685185185183,0.1698113207547169,0.2344251766217082,0.2839011356045422,0.2628120893561103
DPLP-L,19.0,0.1479670959617248,1.6667041290035582e-07,0.0180840220967026,0.3523827484824273,0.2543699882097762,0.7056046240773559,0.9316000000000032,0.3187494256174925,0.0022039189754151,0.0018020007557883,0.0032282750348071,1.0,1.33389430600247,0.155885692372028,2.0803204233188693e-08,0.0059466796152336,7.926721148511995e-08,0.0669270659949547,0.0068499811373428,1.223275143262805e-07,0.1169323608995216,5.0,6.9128377271908334,0.0352796746148098,0.0014572537928276,0.0902261619464639,-0.00141787010299,0.0274816453590031,0.0475435265100511,0.0902261619464639,0.6400993389546268,-0.0497321338320024,0.0332114882506529,-0.1383154777458409,-0.2168302723242557,-0.1267543472504192,-0.0573606479275845,-0.0662576687116563,0.0449984155487483,0.0244382313347832,0.0531190121354057,0.140929535232384,0.2557755775577559,0.2546607482561829,0.2298607657881652,0.2871454592766069,0.291008743312019,0.3164337990685295,0.4454997077732321,0.3795844373169714,0.4381450792266317,0.4321077012159815,0.5000758150113722,0.6151836734693878,0.6039234760051881,0.6526896090878718,0.532372986369269,0.4662813102119461,0.5419264339152121,0.5854166666666669,0.7214198712371673,0.7857400722021661,0.8460533681657025,0.7928597317868795,0.7925348795071574,0.8388475836431228,0.82157981955441,0.8463979096677867,0.9224640497473766,1.0173327895595432,1.2112203844434513,1.0202164590565652,1.084931506849315,0.9337372947615328,0.9451435312622888,1.207766123633118,1.1733304042179262,1.447550717466601,1.5141041931385009,1.3616614943900696
DPMG-L,21.0,0.211058306515066,3.358725768860663e-07,0.0364427434743044,0.2468634433050089,0.1451902471885476,0.4309846289527498,77.1619,0.5776852008005995,0.076373267408037,-0.013019241353235,0.0271307412049746,1.0,0.4034640184566976,0.1007724693302244,2.4267225121415493e-08,0.0141805603384459,1.1279840128695633e-08,0.1212952007157081,0.0281392906068547,3.968519237499517e-07,0.323264027849312,5.0,1.730627512811234,-0.0785745517051505,-0.0014622653431557,0.01558473405983,0.0164638363474005,0.0117737641624637,0.0246861953628087,0.124650891474026,0.307119946252728,-0.0295070169125585,-0.0060801144492131,-0.0476353666895134,-0.0782752902155886,-0.0423845623707788,0.0186950146627564,0.0105454545454544,0.1526337619245126,0.2025097360450021,0.170598146588037,0.1810454738631532,0.1993957703927491,0.191170167166738,0.0804821150855366,0.1502483443708608,0.1183098591549294,0.1183098591549294,0.0804821150855366,0.0667946257197695,0.196297890658631,0.1993957703927491,0.196297890658631,0.2130074203404626,0.2188596491228069,0.2871699861046781,0.3943803311590566,0.2973856209150325,0.397887323943662,0.3709916132215096,0.6690690690690693,0.8551401869158877,0.7836970474967906,0.7379612257661037,0.7963800904977374,0.7655654383735704,0.5029745808545161,0.5825740318906607,0.7143738433066007,0.6156976744186047,0.644378698224852,0.5387596899224807,0.7293092719352829,0.7282338308457712,0.7390488110137672,0.6512180629827691,0.7133168927250308,0.8258869908015767,0.845285524568393,0.8234908136482939
DPPH-L,18.0,0.1415210252741419,3.400485557080045e-07,0.0368958442495238,0.1736414370938374,0.3632517740094867,1.6428354496622033,4.999300000000002,0.4811647776608919,0.0098435614209015,0.0127485377497643,0.0516410137125428,1.0,0.1473802835794157,0.1737680967114375,6.292487653707911e-08,0.0022525644382306,2.8530547149215793e-09,0.1010290348494701,0.0998652423083367,2.3015680629861585e-07,0.0969934422558368,5.0,0.2764609216776106,-0.2430748800620646,-0.0248071750560588,-0.0513355890933257,0.0707666588957525,0.0332189898078399,0.0560079770805105,0.1374949856334798,0.6177872691384942,-0.0970460311707139,0.1436269430051813,-0.0759440676546931,-0.0899645419312278,-0.0924342105263157,-0.0945191992123399,-0.1591619047619047,0.022325150532654,-0.0016283698208793,-0.1514685529755497,-0.2212264483804954,-0.1985475671750181,-0.1689759036144579,-0.1071919747593236,-0.0634758995247793,-0.1332076657241595,-0.143034632706942,-0.0369142159001658,-0.0052280511988461,0.09321446260525,0.0876121020991427,0.277758480954035,0.286397015969227,0.473234548124416,0.5651680612679051,0.3762314503055244,0.4925615363808493,0.5502177272088777,0.4271304797620587,0.5543661971830987,0.6595488721804512,0.4974219810040705,0.3930825549103762,0.6486405736480432,0.7598469143677244,0.6010445379370375,0.5095062234988375,0.3655035882207376,0.4460167714884697,0.610624635143024,0.939883986640886,0.9203062467374284,0.8202210126999834,0.7906863540483531,0.9412489006156552,1.057419835943326,0.8313972784600068,1.0697674418604652,1.2041142400639109
DPXL-L,30.0,0.1021244377143366,3.780845744758767e-07,0.041022816709117,0.134122686494787,0.0728320243498111,0.946743452159349,12.0,0.1488324551878236,0.0099782929374804,4.4446419840881815e-05,0.0248431935947129,1.0,0.1437632135306553,0.1697954018139633,6.817248007138058e-08,0.007712027797199,2.2984459340068854e-06,0.0312499999999999,0.0142519930521533,1.3040031988053677e-06,0.0825739996604222,4.0,4.12413831190276,-0.0372613628427583,0.0558123093785153,-0.1524627898981837,-0.0777493460879773,0.0116550630122499,0.0455171226983307,-0.0819233708110468,0.3158541559319449,-0.0838323353293413,-0.0457142857142857,-0.1958266452648476,-0.1840390879478827,-0.2097791798107255,-0.2171875000000001,-0.2327718223583461,-0.1813725490196078,-0.1376936316695353,-0.1362068965517241,-0.1551433389544687,-0.1256544502617802,-0.092391304347826,-0.1391752577319588,-0.2047619047619048,-0.1786885245901639,-0.1746293245469523,-0.2072784810126583,-0.2555720653789005,-0.200956937799043,-0.2110236220472441,-0.2147335423197492,-0.1391752577319588,-0.1537162162162162,-0.1622073578595319,-0.0687732342007435,-0.0582706766917293,-0.0722222222222223,-0.0564971751412428,-0.0547169811320754,0.0266393442622949,0.050314465408805,0.0,-0.0195694716242662,-0.0157170923379175,0.002,-0.0290697674418605,0.1283783783783783,0.1283783783783783,0.1258426966292134,0.0525210084033613,0.0962800875273521,-0.0290697674418605,-0.005952380952381,-0.0438931297709924,-0.0564971751412428,-0.0118343195266272,0.0614406779661016,0.0547368421052631
DQBU-L,10.0,0.0212449159812498,1.737420014476226e-06,0.1885130143154182,0.0672116699819462,0.0075945212773312,0.038076202768022,-3.8832999999999913,-0.174978198039603,-0.004632435411479,8.155747830620028e-06,0.0046994957966715,1.0,0.5529411795521112,0.0559048960873954,1.1654228633823297e-07,0.0110965636208182,6.81356389968649e-08,-0.0367397600330988,0.0002845401792452,2.135693898257641e-05,0.0185908201334232,2.0,1.3436224487109223,0.3839886361523414,0.0257365025565812,-0.0257365025565812,-0.0257365025565812,0.0011010374598824,0.0147316025125696,-0.0257365025565812,0.4267579104411759,-0.1032388663967612,-0.1034482758620688,-0.1393728222996515,-0.2341085271317828,-0.2571428571428571,-0.1569965870307167,-0.2244897959183672,-0.2446483180428134,-0.2045088566827696,-0.2670623145400593,-0.2892086330935252,-0.222047244094488,-0.1526586620926243,-0.1627118644067796,-0.1941272430668841,-0.2244897959183672,-0.2083333333333332,22.52380952380953,22.52380952380953,23.7,25.0,23.7,22.52380952380953,23.7,26.444444444444446,26.444444444444446,29.875000000000004,28.058823529411764,31.933333333333337,31.933333333333337,23.7,22.52380952380953,23.7,22.52380952380953,20.47826086956522,18.76,18.76,18.76,18.76,18.76,17.296296296296298,18.76,18.76,18.76,18.0,18.76,22.52380952380953,19.583333333333336,18.0
DQIH-L,20.0,0.0389335855697116,7.587622162506567e-07,0.0823269856121573,0.0343600016362281,0.0102763690110074,0.5309754869617063,-249.6367,-0.0535658384602181,0.001880363688936,-0.0028065197134739,0.0287157582414707,1.0,0.0891364699527463,-0.0524912490276822,4.212438547065236e-08,-0.011375985450409,1.6016138032258205e-06,-0.0112470929124252,0.0009185644014021,5.043806443483339e-06,0.0543138399600178,2.0,1.9305960521634569,0.1377044933037332,-0.0056039737962766,0.0056039737962766,0.0056039737962766,-0.0004566071970242,-0.0033140215546978,0.0056039737962766,0.898743009583939,-0.0615989515072084,0.0547414984794027,0.056201550387597,0.1970505177282711,0.2802013422818792,0.3752703677000721,0.3509206798866855,0.2849444257325697,0.3047195622435021,0.2354274611398963,0.2076606521050965,0.2827841291190316,0.2793427230046947,0.2258997429305911,0.2080430652311589,0.1800185586142901,0.1962997804954531,0.2282678686413393,0.2386363636363635,0.2549342105263157,0.2793427230046947,0.2884160756501182,0.412962962962963,0.346153846153846,0.5150913423351866,0.4299100449775113,0.596234309623431,0.6917960088691795,0.7333030440708768,0.6536627654963154,0.6500865051903113,0.6352336048006859,0.5699588477366253,0.5138888888888888,0.5718994643592912,0.49901768172888,0.4544414792222644,0.5706051873198847,0.6220238095238095,0.6932978251220594,0.5211323763955344,0.6717791411042944,0.7084639498432603,0.6063157894736841,0.6558159722222223,0.7662037037037035,0.8183984747378454,0.9444444444444442,0.9094094094094094
DQYN-L,8.0,-0.0454855111127914,8.054460697233957e-08,0.0087392262784446,0.0770098451869227,0.5594889735813122,1.333356277684148,-14.824999999999989,0.1239210811350268,0.0402938630054516,-0.0008069336065146,-0.030837292006893,1.0,0.0434806132452827,-0.0466097126384135,2.211991203576189e-08,-0.0688254892220782,8.597917678965231e-07,0.0260194174757281,-0.0335202481748758,4.433203824488072e-08,-0.0390440805710251,3.0,30.418977405918582,0.1382714259693178,0.1526698622714596,0.0436873319445055,0.2349382355049187,0.0294102579648441,0.0465323275613325,0.1762746800390819,0.4859362020110231,-0.0502964237903997,-0.0459770114942529,-0.1088957055214724,-0.0282475376324103,-0.0090960773166572,0.0658377496942519,0.0772558714462299,0.1301059001512858,0.1643286573146294,0.136245110821382,0.2095766828591256,0.4263502454991819,0.4910179640718561,0.5209424083769632,0.6542233470420753,0.6927808352217546,0.7695431472081218,0.7523458445040214,0.7054794520547945,0.7268824306472919,0.7535211267605633,0.7749490835030548,0.637132122730119,0.5599642004773269,0.7695431472081218,0.8655012486621476,1.1842105263157894,1.372504537205082,1.4008264462809916,1.2480653482373172,1.7262773722627736,1.446888160973327,1.3671344499773652,1.6911991765311374,1.8480392156862744,1.9261331841074425,1.7107309486780715,1.5784023668639051,1.828015143320714,1.838762214983713,1.828015143320714,1.5507317073170732,1.3953275309207511,1.313716814159292,1.4864479315263908,1.47117202268431,2.0959147424511544,2.32,1.7009297520661155
DRSR-L,22.0,0.6780373166215641,1.5044083263878737e-07,0.016323085149568,0.2211093663794932,-1.232481147691742,0.1569192129814242,-0.2425,2.381319283005184,15.346577196037076,0.0643782936903575,-1028.200864779874,1.0,128.77777777777777,1.4774294263041494,-6.209120691770996e-08,0.2015157558835261,8.972967666120971e-17,0.5000000000000001,-6.097564449508616,3.569849415536022e-08,-0.288906372934697,1.0,0.0035590554952556,570.5696559503955,-42.8988764044943,11.808988764044935,11.808988764044935,-0.1172894995933393,-0.1451194322334622,10.808988764044935,1.6536866802719628,-0.2034883720930231,0.0177514792899409,0.0058479532163742,-0.0114942528735632,0.0,0.0058479532163742,0.0177514792899409,-0.1313131313131312,0.4827586206896552,-0.1650485436893204,0.4333333333333333,3.1951219512195124,5.37037037037037,5.37037037037037,5.37037037037037,5.142857142857142,5.142857142857142,5.37037037037037,5.37037037037037,5.615384615384615,5.37037037037037,5.37037037037037,5.615384615384615,5.615384615384615,5.88,5.37037037037037,1.2933333333333334,1.356164383561644,1.356164383561644,1.3888888888888888,1.5671641791044777,1.5294117647058822,-0.3384615384615385,-0.3201581027667983,-0.3008130081300812,-0.2803347280334728,-0.8883841661258923,-0.8900255754475703,-0.8803894297635605,-0.8795518207282913,-0.8847957133288681,-0.8860927152317881,-0.8869908015768726,-0.8911392405063291,-0.8891752577319587,-0.8895311496467566,-0.7871287128712872,-0.7937649880095923,-0.7978848413631022
DRXR-L,9.0,0.0581865332191537,1.5009282875263266e-07,0.0162853261384907,0.188244223087646,0.2634969883841437,0.9112959488089372,-153.11180000000002,0.7096720477007277,0.0037706563066235,-0.0021504533498492,0.1769495512128725,1.0,0.0741572969411764,0.0369851293779409,4.870653191265051e-08,0.0089799175138448,3.2008422959400645e-07,0.1490081680280046,0.1410190247448015,2.650915640491497e-07,0.0705794931463034,3.0,7.348234956987464,-0.0271158423837363,0.046538207695702,-0.1209536357103024,-0.1232484049181724,-0.0053570478374166,-0.0122180196241744,0.1040218489393165,0.1837049167930425,0.0047930283224399,0.0177383592017736,0.0231832367365136,0.010568031704095,0.0291479820627802,0.0296096904441454,0.0455580865603644,0.066449814126394,0.102835175396444,0.0764540337711068,0.116788321167883,0.0585793357933579,0.0580912863070539,0.0398731309469868,0.0412885662431941,0.0177383592017736,0.0379918588873813,0.0150375939849622,0.0119047619047618,0.0141405214317278,-0.0209044368600683,-0.0336842105263158,-0.0077821011673151,-0.0353089533417402,-0.0099223468507334,-0.0413533834586467,0.006578947368421,0.0431818181818182,0.0361173814898421,0.040816326530612,0.1305418719211821,0.1509528585757271,0.1129970902036856,0.0923369823893383,0.1272102161100197,0.1567540322580645,0.1805555555555553,0.2104430379746835,0.1891191709844559,0.2022001047668935,0.2253069941270689,0.2266167824692677,0.1928274428274428,0.1903526970954356,0.1620253164556961,0.2047244094488187,0.1805555555555553,0.2200956937799043,0.2332079527135948
DRZY-L,20.0,0.0271397472345544,7.414060401475056e-07,0.080443811108046,0.0386874799213403,0.5896110487459975,1.3788658513257774,-38.319500000000005,-0.025898986181451,-0.0008961031274045,-0.0109505081398857,0.0667126899518169,1.0,0.1259613591461887,0.0877136791556397,1.3683693880671604e-07,-0.0693726580123921,1.742193695111078e-07,-0.0054379491163333,0.1119287524507614,3.748092750398719e-07,-0.0748459437705924,4.0,1.3057350651616462,0.0028578479057441,-0.0262296147957773,-0.0305942279846597,-0.1825339885461761,0.0335060234570881,0.0512687288214289,0.0350591760742948,0.3588578848527987,-0.0660066006600659,-0.0060142154182613,-0.1432610744580583,-0.1187590887057682,-0.1876675603217158,-0.2606750711671411,-0.3234090063267585,-0.2828402366863906,-0.26841046277666,-0.2917802882742502,-0.2945285215366705,-0.2862190812720847,-0.223076923076923,-0.3249164500556999,-0.2895662368112544,-0.3279112754158965,-0.2309644670050762,-0.1484777517564404,-0.1520522388059701,-0.1799729364005413,-0.2402841621395737,-0.2802850356294537,-0.2207458208315473,-0.1484777517564404,-0.1342857142857143,-0.0648148148148148,-0.010342950462711,0.1405269761606022,0.0905818836232752,0.225067385444744,0.5049668874172184,0.5213389121338914,0.6232142857142857,0.6617915904936016,0.8780991735537191,0.5850043591979075,0.5049668874172184,0.4661290322580644,0.7702044790652387,0.7347328244274809,0.5380710659898476,0.5658914728682172,0.301360057265569,0.2695530726256983,0.3436807095343681,0.3931034482758619,0.7463976945244957,0.7616279069767442,0.721590909090909
DSAO-L,18.0,0.0012594181809529,7.953919561638045e-07,0.0863013744341365,0.0446566357944732,0.0666002949287022,0.5532894811215381,228.9981,0.0465810732360034,-0.0285329878861123,0.0051159924187499,0.1205898217234742,1.0,0.0606978458307259,-0.0492153556506697,4.60471204222147e-08,-0.0317456878277096,1.5301081203565424e-06,0.0097805182128326,0.0212158922983328,2.547778693119928e-06,0.016703639735979,4.0,2.847686273431876,-0.0321424082686296,-0.0325151185070114,-0.3204696544912652,0.0092161996895365,0.0055091677103012,0.0258408879197375,-0.0180359608069658,0.3174496450529995,-0.0035971223021582,0.0183150183150182,0.0,-0.0794701986754967,-0.1061093247588425,-0.0764119601328903,-0.054421768707483,0.0258302583025828,0.0334572490706319,0.1346938775510202,0.1209677419354837,0.0859375,0.0859375,0.0220588235294116,0.0183150183150182,-0.0608108108108108,0.0296296296296294,0.103174603174603,-0.024561403508772,0.0817120622568092,0.0220588235294116,0.1075697211155379,0.224669603524229,0.1209677419354837,0.2300884955752213,0.0296296296296294,0.0817120622568092,0.0988142292490119,0.0651340996168581,0.1931330472103003,0.2139737991266375,0.1535269709543567,0.1631799163179914,0.2466367713004482,0.1255060728744936,0.1346938775510202,0.2522522522522521,0.1300813008130081,0.1535269709543567,0.2355555555555555,0.1631799163179914,0.1440329218106995,0.0988142292490119,0.0530303030303029,0.0944881889763777,0.0859375,0.0988142292490119,0.1119999999999998,0.0610687022900762
DSNO-L,21.0,0.135586482753031,1.952494747338177e-06,0.211848987112481,0.0257975426532685,0.1785914839180382,1.4569305848650824,168.07349999999997,0.5872906432386759,0.0009390600961119,-0.0074532121818734,-0.0014676728643784,1.0,0.0785397624580622,0.1517412592785819,2.388774288255836e-07,-0.0134283237214347,2.891047609953363e-05,0.1233120328361691,0.0058743635902295,2.187011237309842e-06,0.1259809784548954,5.0,4.754997057180078,0.0490222453118057,0.0651094275862569,-0.049109506967429,0.0771805457691362,0.0142323143306462,0.0300856187864045,0.1751789955804774,-0.1120871434609138,-0.1073354908306364,-0.0497180932854947,-0.2127388535031847,-0.2076923076923077,-0.2610601833399761,-0.1479779411764706,-0.2475649350649351,-0.2478701825557809,-0.1814569536423841,-0.2509090909090909,-0.266613924050633,-0.2338842975206612,-0.1810954063604241,-0.1648648648648648,-0.0636363636363637,-0.1103646833013436,-0.0636363636363637,0.0311457174638487,0.0938053097345132,2.0746268656716413,1.738552437223043,1.475300400534045,1.9428571428571424,2.0848585690515806,2.034369885433715,2.401834862385321,2.870563674321503,3.1945701357466065,2.730382293762576,4.282051282051282,4.601208459214501,3.6818181818181817,4.550898203592815,5.139072847682119,6.103448275862069,5.4375,4.704615384615384,3.9177718832891246,4.282051282051282,2.745454545454545,2.24693520140105,1.9664,1.68695652173913,1.633522727272727,1.9475357710651824,1.644793152639087,1.8788819875776397,1.6075949367088604,1.4077922077922076
DSUH-L,23.0,0.0300379122624886,2.895250235168362e-07,0.0314139554328519,0.0424129056563395,0.1019244998829852,1.5551176987383355,13.8736,-0.072331669075419,0.0188129891907338,-0.0011062837802736,-0.009007431577134,1.0,1.107408790203835,0.0715518920082431,5.318324459721313e-08,0.0040415396963793,2.4678656216593523e-08,-0.015187310158623,-0.0059366315002136,6.795016012111484e-07,0.0245081801621054,5.0,0.4868059829065056,0.4075451584018554,0.0153020077177532,0.2989880179447068,0.0124434372531309,0.0077939154890185,0.0292209251071871,0.1002705806765854,0.5818824850274485,-0.0177157934413871,-0.0997624703087884,-0.0739965095986037,-0.0494446434969544,-0.0511444921316165,-0.1548263778273335,-0.1156666666666665,-0.0775382475660639,-0.0788194444444444,-0.1891809290953544,-0.1980048367593712,-0.1567069294342021,-0.1461216607660121,-0.0876891334250342,-0.0342191481616307,-0.0477386934673366,0.0049242424242426,-0.0018811136192624,-0.0089652596189764,0.0490312376433372,-0.0085949177877429,-0.0037551633496055,0.0859598853868195,0.1008298755186722,0.2779383429672446,0.2048138056312443,0.3218734429496761,0.3810515356585111,0.3412537917087967,0.3212151394422313,0.348069105691057,0.2891156462585036,0.2810236600676001,0.3549540347293158,0.4449891067538127,0.5247126436781611,0.3453346855983774,0.4119212346993082,0.5460372960372961,0.5108200455580867,0.4609030837004406,0.5523698069046226,0.2767083734359961,0.2197701149425288,0.3043264503441496,0.3140168400198118,0.3948475289169295,0.3556463975472663,0.3166253101736973
DSUX-L,18.0,0.063788266715343,4.542480367398694e-07,0.0492866813661684,0.0315935818196422,0.2822499595299647,1.0280561103968466,-7.0700999999999965,0.1856249164466813,0.0047822399029021,-0.0029352329616283,0.0918118738309611,1.0,0.1060853631177987,0.0137069494554277,8.619859561636245e-08,-0.0378874128287093,1.875829969921332e-08,0.0389752264157593,-0.0078389746742878,5.273124700316466e-07,0.1112743180071549,4.0,0.6596475800858276,-0.0457041769771789,0.0713749318765233,-0.1524797181376802,0.0172346155355895,0.021997620160097,0.0467741054250133,0.0459152925616485,0.4079217499066886,-0.0466472303206997,-0.0754716981132075,-0.0853333333333332,-0.1159793814432988,-0.2133027522935779,-0.2309417040358744,-0.2794117647058822,-0.1967213114754097,-0.1872037914691942,-0.1159793814432988,-0.1182519280205655,-0.0901856763925729,-0.0653950953678473,-0.1272264631043257,-0.0653950953678473,0.0331325301204821,0.0553846153846153,0.0619195046439629,-0.0310734463276836,0.0489296636085627,0.0652173913043479,0.1028938906752412,0.1746575342465754,0.2338129496402878,0.3720000000000001,0.4411764705882355,0.5110132158590308,0.3720000000000001,0.4411764705882355,0.5806451612903227,0.5381165919282511,0.4533898305084747,0.2894736842105263,0.4232365145228216,0.4533898305084747,0.2943396226415096,0.2610294117647058,0.2943396226415096,0.5110132158590308,0.4913043478260872,0.3830645161290322,0.3665338645418328,0.275092936802974,0.0619195046439629,0.1209150326797385,0.1951219512195121,0.2703703703703703,0.4533898305084747,0.5520361990950227
DUNO-L^G21,22.0,0.1660223109504191,1.125789677564404e-06,0.1221500868152641,0.1507936971509727,0.1461501360283566,0.5684306672472874,4.6008,0.0511081267982329,0.0389304255608523,0.0051188583988679,-0.0695505351739968,1.0,0.0919860130515156,0.1165272265897826,9.076298113137564e-08,-0.0150359876976138,3.653874003389445e-08,0.010731052984574,0.0360272072044181,9.808528363959329e-07,0.2241493302210282,4.0,0.882704792240641,-0.0260730269588287,0.4499875339829953,-0.2235906791448703,0.2258529957750421,0.0066920137834655,0.0134166655370633,0.3155316873421457,0.8152963227188217,0.0010718113612004,0.0174482006543075,0.0230263157894736,0.0097402597402598,0.0286659316427784,0.0286659316427784,0.0152339499455931,0.0152339499455931,0.0152339499455931,0.0152339499455931,0.0152339499455931,0.0152339499455931,0.0152339499455931,0.0152339499455931,0.0152339499455931,0.0152339499455931,0.0264026402640265,0.0264026402640265,0.0264026402640265,0.0264026402640265,0.0264026402640265,0.0264026402640265,0.0264026402640265,0.0264026402640265,0.0264026402640265,0.0264026402640265,0.0264026402640265,0.0264026402640265,0.2101167315175096,0.2101167315175096,0.2101167315175096,0.2101167315175096,0.2101167315175096,0.2101167315175096,0.2101167315175096,0.2101167315175096,0.2101167315175096,0.2101167315175096,0.2276315789473684,0.2276315789473684,0.2276315789473684,0.2276315789473684,0.2276315789473684,0.3048951048951047,0.3048951048951047,0.3048951048951047,0.3048951048951047,0.3048951048951047,0.3048951048951047
FRYF-L,19.0,0.0825179360624647,5.817604759483583e-07,0.06312199699372,0.2181117511236563,0.0647880216790355,0.6365808634505004,-56.8566,1.2475959571028306,-0.1519998938083956,0.0041453953980218,0.3578952597211053,1.0,0.3515100903830631,0.1675792948215241,-8.274089641815207e-10,0.1299860419971848,8.542769098768896e-08,0.2619547840574294,0.0601014322494845,5.958264283394441e-07,0.0494422744125434,1.0,2.7472069381970057,0.4727825394621856,-0.3758697456996074,-0.0114369344127399,0.886140871530085,0.0028891433836552,0.0058974502468119,0.886140871530085,1.6536866802719628,-0.0291234140715108,-0.0318257956448911,-0.1146285422517232,-0.1130434782608695,-0.1089414182939363,-0.0674912610916912,-0.1687440076701821,-0.1596801550763267,-0.0987525987525986,-0.1487481590574374,-0.1332166958260434,-0.0897637795275591,-0.067992475141091,-0.0734704782260219,-0.0697424892703862,-0.030201342281879,-0.0225479143179254,-0.0363989997221451,-0.0659843792081875,-0.0197851893725269,0.0417542805647341,0.0834114339268978,0.0720247295208655,0.1419163648337174,0.2439024390243902,0.1205169628432956,0.1172680412371134,0.1999999999999999,0.1101152368758002,0.1498673740053049,0.1938037865748709,0.1359318702915164,0.1799931949642734,0.1374221056083961,0.2964485981308411,0.1704353695578806,0.201246969172151,0.074682367524016,0.0915958451369216,0.1426688632619439,0.1129653401797174,0.0505907300817933,-0.0355951056729699,-0.0425179458862506,-0.0200621644532353,0.0093131548311991,0.0480507706255666,0.1938037865748709,0.1598662207357859
FRYR-L,19.0,0.0182255431617854,3.934853438438692e-07,0.0426938262705051,0.0719856519130978,0.4121902137810769,1.2626497753108374,-47.7688,-0.3525684775589535,-0.0444154194609509,-0.0032296921546873,0.0876912487412605,1.0,0.1557088102613165,-0.0270413067473377,4.163944989529301e-08,-0.0424123502747263,2.4920019354656275e-08,-0.0740279726610239,0.0750482612539995,1.7507189324428528e-07,0.1371330536625422,5.0,1.0514481539270766,0.0543129283851668,0.0197177929525563,-0.0829070528443814,-0.0227752286675002,0.0201188074724551,0.0291537125783886,-0.0232728314626754,0.8417445754753076,-0.032825880114177,0.1339177343223194,0.2078724321218215,0.1830589559589137,0.2553000895789787,0.1997716894977168,0.1880740426734493,0.128287707997853,0.1874029091936166,0.0999476713762428,0.1483201311117181,0.0290050177456859,-0.0091916097101107,0.0643037974683544,0.0403365503588222,-0.0877725941195617,-0.0579271708683473,-0.0781712531520666,-0.1162497372293462,-0.0457382816933379,-0.1516496821713248,-0.1673598732422262,-0.1836100592290513,-0.2336158964542886,-0.1792268645060523,-0.2597288254974467,-0.2701388888888889,-0.2379916621352185,-0.2432724327243273,-0.2190953840438376,-0.0966910184787279,-0.1355130577832614,-0.2039386479833365,-0.1670299187636219,-0.2626501797772516,-0.2480772670363082,-0.2368850971138137,-0.188573634433507,-0.1712990341021092,-0.1769772905246671,-0.2554679890197467,-0.1935545751007098,-0.2238530416320502,-0.2544116342999024,-0.1377294636447544,-0.1506212748762501,-0.0972729224822848,-0.0115212790971079,-0.0230072042760864
FRZA-L,20.0,0.0930963936022002,1.6507695372847262e-05,1.7911129077641348,0.0430376112241238,0.0752946614813957,0.6849726603338878,-870.9238999999998,0.2335334841903162,-0.0108774788497361,0.0045464336249064,0.0591628843999001,1.0,0.1868087447405924,0.0765053755790149,2.0505919481350928e-06,-0.1850323543593374,6.228956759130134e-05,0.0490344755230808,-0.1768271842688039,4.327523360236373e-05,0.0991351554770722,5.0,0.8806349386335832,1.85099523972998,-0.0055829949270132,-0.0394871856546124,-0.0120411179107511,0.0065432321637114,0.0235092092962175,-0.0003708305097935,0.59555849613994,-0.0524810765349033,0.008481764206955,-0.0189768976897689,-0.076863354037267,-0.0612663824411811,-0.0154024511427625,-0.0965045592705166,-0.159479711579245,-0.1104294478527606,-0.0941642541520645,-0.137530828376614,-0.1014207980652961,-0.0636320680422113,-0.1120238984316653,-0.1093632958801498,-0.0674509803921568,-0.0226861745849087,-0.0801485378307286,-0.0709485857165181,-0.0671583241801349,-0.0563492063492062,-0.0434432823813354,-0.001008233910267,-0.0381815240252386,0.0415206727400141,-0.0428272419900176,0.0364365411436542,0.0574528637495554,0.0858447488584475,0.1894757903161266,0.1793294981154534,0.0826807503187034,0.0944403534609721,0.1880495603517187,0.2521061499578771,0.0431654676258992,0.0717504957634758,0.1308731215522161,0.3270089285714288,0.2854054054054054,0.1753657572162912,0.0946418707420364,0.089825847846013,-0.0176801057501652,-0.0533439490445859,-0.059484258819807,0.0398810564981633,0.1183220466516179,0.0958525345622121
FRZJ-L,30.0,-0.2044278320874066,8.412735658648584e-08,0.0091279606798402,0.0931428571428571,-0.1949860724233983,3.475625382298979,-4.2,-0.469543123308039,-0.0999148907078399,0.0014376078205865,-0.0741289844329132,1.0,0.4290909090909091,-0.9434889434889436,-1.3917590948329502e-06,-0.1514811849479578,3.479765455923141e-09,-0.0985888634630052,-0.0733179988499138,4.976316027648434e-06,0.0213963963963965,3.0,0.0153731513995397,0.7968181818181822,-0.1952397493398585,0.1277300851416383,-0.3949268245121754,-0.0011583011583011,-0.0077922077922077,-0.0193287383877734,1.6536866802719628,0.0,-0.1578947368421053,-0.2727272727272727,-0.4074074074074074,-0.3333333333333332,-0.4666666666666667,-0.4838709677419355,-0.111111111111111,-0.0588235294117647,-0.36,-0.6363636363636364,-0.7538461538461538,-0.7681159420289855,-0.8367346938775511,-0.8367346938775511,-0.8367346938775511,-0.8461538461538461,-0.8518518518518519,-0.8688524590163934,-0.872,-0.8596491228070176,-0.8532110091743119,-0.8596491228070176,-0.8584070796460177,-0.8558558558558559,-0.8490566037735849,-0.864406779661017,-0.8740157480314961,-0.8848920863309353,-0.8823529411764706,-0.8840579710144927,-0.8688524590163934,-0.9096045197740112,-0.9166666666666666,-0.9230769230769232,-0.9272727272727272,-0.9301310043668124,-0.9313304721030042,-0.9276018099547512,-0.934959349593496,-0.942652329749104,-0.9411764705882352,-0.937007874015748,-0.927927927927928,-0.9203980099502488,-0.9162303664921466,-0.9157894736842104,-0.9085714285714286,-0.912568306010929
FRZN-L,16.0,-0.0508375590560695,5.539161158448526e-07,0.0601008367612714,0.0509889289184796,0.3458859168966706,0.6967256710755055,-12.436,-0.9588980146983208,0.0251500088054777,-0.0037087674411348,-0.2905591216692915,1.0,0.0667755651502963,0.0646416112996284,9.447325313687796e-08,-0.0411056467055115,1.2444479932926906e-09,-0.2013375571981696,-0.0715533340583183,3.2014383498811734e-07,-0.2008209496473927,2.0,0.2274083354026823,0.0146561819468307,0.0540624518804848,0.1157729540196091,0.0027603336220937,0.0219215918448231,0.0388813692529362,-0.1332667527342704,0.3484657644638305,-0.0657276995305163,-0.0698689956331878,-0.097457627118644,-0.1234567901234569,-0.1087866108786611,-0.2804054054054055,-0.2392857142857143,-0.29,-0.2446808510638297,-0.1744186046511628,-0.1712062256809338,-0.199248120300752,-0.1050420168067226,-0.148,-0.0739130434782608,-0.0936170212765958,-0.1547619047619047,-0.1411290322580645,-0.148,-0.0698689956331878,0.0240384615384614,0.0649999999999999,0.1329787234042554,0.1451612903225805,0.1639344262295081,0.2456140350877191,0.2312138728323698,0.1451612903225805,0.4589041095890411,0.58955223880597,0.0597014925373133,0.0923076923076922,0.0390243902439024,0.0649999999999999,0.009478672985782,-0.0405405405405406,0.0339805825242718,0.109375,2.0428571428571427,2.0428571428571427,2.0428571428571427,2.0428571428571427,2.0428571428571427,2.0428571428571427,2.0428571428571427,2.0428571428571427,2.0428571428571427,2.0428571428571427,2.0428571428571427
FRZP-L^D19,19.0,-0.0097568309216204,3.846121871204587e-07,0.041731073737159,0.0419073370767888,0.1754647042516307,0.7653615604086483,30.09869999999998,0.4164866919015947,0.0084590243830571,0.0014335633802691,0.0344509086366812,1.0,0.1597482093087864,0.0115906321429522,3.807611886075527e-08,-0.079906910564296,1.8743188782618783e-06,0.0874487295496124,0.0125225952387832,5.004677285827887e-07,-0.0264429656609935,5.0,9.20210123821965,0.0914558705536684,-0.0357430452087278,0.0270158177074903,0.0347951965318286,0.0093553123241349,0.0220467221125425,0.0498884730162398,0.1684310655123738,0.0355526826115062,0.0146681772106611,0.066963445984074,0.084299732381802,0.062234706616729,0.0699823943661972,0.089227421109902,0.0785954237180703,0.1974526775033422,0.1364364899158539,0.0731538121965063,0.0619032761310451,0.0636289768110505,0.0287769784172662,0.093567251461988,0.1532258064516127,0.1660271344388104,0.1494866252364226,0.1312990293843903,0.224156535501043,0.2669942669942668,0.2756371814092953,0.3269650655021832,0.2777444060669769,0.2839142900256526,0.2702097484511456,0.3000993200397279,0.2950532724505326,0.5624827839500504,0.5738993710691822,0.6444723618090451,0.6229852169766332,0.6903744909108969,0.6510138740661686,0.8398745810357877,0.7248124873302249,0.6487743435713593,0.4828337399790865,0.5969406906906904,0.5238649592549476,0.3900506453193921,0.3882362538750203,0.3626681614349776,0.3169014084507042,0.2223978162488324,0.2931833725967017,0.3157813345704783,0.4182015167930659,0.4103265373777556
FRZX-L,32.0,0.0031025790188093,4.206944171093175e-07,0.0456460568050112,0.0995850622406639,0.1276524082182553,0.8611142122280863,-38.5,-0.136676161938487,-0.0680575237584544,-0.0013071895424836,0.0209274471700652,1.0,0.31875,0.0876017233125897,5.1290648564824366e-08,0.0046466602129704,8.385947164852794e-08,-0.0286975717439292,0.0007756447547023,5.342004372184775e-07,-0.0550278414674091,4.0,1.518391954378936,0.0913722826086955,-0.0111130594144531,-0.0514002805957263,-0.0141506786406776,0.0051227527546878,0.0116637323943661,-0.0204268292682926,0.9313181304058706,-0.0494773519163762,0.0323741007194244,-0.0534300791556728,-0.1131025957972805,-0.0986180904522613,-0.138655462184874,-0.1938202247191012,-0.1086956521739132,-0.0521796565389697,-0.0917721518987342,-0.0974842767295598,-0.0369127516778523,-0.0171232876712328,-0.0801282051282051,-0.0952080706179067,-0.0789473684210526,-0.0705958549222798,-0.1120049504950495,-0.1092489137181874,-0.125,-0.111455108359133,-0.066363044892648,-0.0528052805280528,0.0134180790960451,0.0034965034965033,0.024268379728765,-0.0407754010695188,0.0669144981412639,0.1443381180223286,0.2317596566523605,0.2823949955317248,0.2951263537906137,0.3512241054613936,0.4278606965174127,0.5282215122470713,0.5265957446808509,0.3891577928363987,0.474820143884892,0.4407630522088352,0.3009972801450589,0.2489120974760661,0.2478260869565216,0.2058823529411764,0.2654320987654321,0.2846911369740375,0.2264957264957265,0.2576687116564415,0.3069216757741346,0.2869955156950672
FSAG-L,20.0,0.0953630129832179,2.279936150248653e-07,0.0247376933930183,0.2776447532252994,0.0822893048849466,2.7097836260410086,20.08,0.2261034138660817,0.0031597713600263,-3.446788373067953e-05,0.0050275934920274,1.0,0.4063945768106854,0.0787540245188738,6.472558029212765e-08,-0.037605864293731,3.73883423769668e-06,0.0474744011606757,0.002509690674206,1.433332152528474e-06,0.1213187095897524,2.0,2.111385347114543,-0.0272914742073864,-0.0377351271320327,0.1677126385855548,0.0457510473679518,0.0046948806515423,0.1537757044541078,0.067996262373897,0.7942644544915645,-0.0475763820446196,-0.0116011335458732,-0.1176377579255276,-0.111668258516396,-0.1809642621266604,-0.1605114704776231,-0.191056026672465,-0.1650957510472771,-0.1589299171062546,-0.0793532953889302,-0.1137843417500397,-0.1488599100129641,-0.1287955663102022,-0.1669652186893565,-0.1224939067536755,-0.1869900932400933,-0.1663429937257244,-0.2114039426270049,-0.2166619876473891,-0.2040365140493509,-0.1598163203854261,-0.1151193213351303,-0.0154375441072688,-0.0219943918682089,-0.0275333275246144,0.0048617988655803,0.0162068651552398,0.0872868972235751,0.1222724987430869,0.1424915549186201,0.2655629890010205,0.2736505762866599,0.2953806870937789,0.4108203766906839,0.7170769230769232,0.7654223347042075,0.7920680796403339,0.8323756361845347,0.9926798785931084,1.0849990659443305,1.014620938628159,1.2335401240744446,1.246125981082713,1.180308654033991,1.1726688728830057,1.1714007782101166,1.3787297527706732,1.4470510852883138,1.3838103374626227
FSAJ-L,30.0,0.1231698959566382,2.593597616228159e-07,0.028140973425119,0.0753827379631684,0.2334254790797919,1.7777103570830757,21.3,0.1431430770285825,0.0045905606724476,0.0025469981807155,0.0064060568398923,1.0,0.2802390998593531,0.0968060586104709,6.59494800644026e-08,0.0320431937556822,2.9541466909799266e-08,0.0300554146707993,0.0519593794779141,4.424922021322313e-07,0.1392202064748921,5.0,0.7221781518357587,0.1516208602122958,-0.0166645541276522,0.0047306263284717,0.0478334696891902,0.0261222697837778,0.0767370627115911,0.089091947458595,0.4246479964098605,-0.056943056943057,0.0,-0.1157243816254417,-0.1734104046242774,-0.1848534201954397,-0.0973850315599639,-0.1516949152542374,-0.0858447488584474,-0.0731481481481481,-0.1855166802278274,-0.2490622655663916,-0.2490622655663916,-0.1927419354838709,-0.191437802907916,-0.192090395480226,-0.1219298245614035,-0.1754530477759474,-0.1734104046242774,-0.2061855670103092,-0.2173573103987489,-0.164440734557596,-0.2246320681642137,-0.1524132091447926,-0.0375,-0.0019940179461614,0.0193482688391037,-0.0824931255728689,-0.0565504241281809,-0.0574387947269302,0.011111111111111,0.0100908173562057,0.0705882352941176,0.0581395348837208,0.1558891454965356,0.2481296758104738,0.1612529002320186,0.0547945205479452,0.0340909090909091,0.038381742738589,-0.0157325467059979,-0.0618556701030927,-0.1295652173913043,-0.1998401278976819,-0.2030254777070064,-0.2105678233438486,-0.2661290322580646,-0.2246320681642137,-0.2074425969912906,-0.1348314606741573
FSAL-L,30.0,-0.1535502127994071,2.469278718301043e-06,0.2679209232617088,0.0164997027480279,0.0728194944949789,0.8823121393424774,1.0555,-1.1883476810336544,0.0018715495820506,-0.00100885335952,0.0028806129914537,1.0,0.1573735787209342,-0.1675738044083711,1.281777323613601e-07,-0.1771095225758111,1.796613966514919e-11,-0.2495145631067961,0.0052632761002122,1.9788031231191085e-06,-0.1353737462290178,3.0,0.0047644146024908,0.1746363915730527,-0.0031114063722759,-0.0961702734624057,-0.0193239407507964,0.0292201728030105,0.0583898554998525,-7.229120598739542e-05,0.4425616073118604,-0.1176470588235295,0.0625,-0.0555555555555554,-0.1052631578947368,-0.0555555555555554,0.0625,0.0625,0.0625,0.0625,0.0625,0.0,0.2142857142857142,0.2142857142857142,0.2142857142857142,0.2142857142857142,0.0625,0.1333333333333335,0.2142857142857142,0.4166666666666667,0.4166666666666667,0.4166666666666667,0.2142857142857142,0.4166666666666667,0.7,0.7,0.5454545454545456,0.7,1.125,1.125,1.125,0.8888888888888891,0.7,0.8888888888888891,1.125,0.3076923076923077,0.2142857142857142,0.2142857142857142,0.0625,0.0625,0.0,-0.0555555555555554,-0.0555555555555554,-0.0555555555555554,0.0625,0.0,-0.1052631578947368,0.1333333333333335,0.0,-0.0555555555555554
FSAM-L,30.0,-0.004706523007507,1.002950408078206e-06,0.1088218180177344,0.0499062060340784,0.0172597940786944,2.065370064245754,91.3,-0.9827260662804836,-0.0379948488767254,-0.0014105946823624,-0.0053273674022876,1.0,0.1379763469119579,-0.050094783402373,-3.17279112056966e-08,-0.0533949353763213,3.6907522806406e-07,-0.2063406770553465,0.0140028783694426,8.895305385812064e-07,0.0518956826649134,3.0,0.7585332082179589,0.0133487417016927,-0.0373044117253128,7.563784396869e-06,-0.1783151917780343,0.0056658354114713,0.0107238605898123,0.0477841165223608,1.6536866802719628,-0.0272727272727273,-0.0533562822719448,0.0270774976657328,-0.0265486725663717,-0.0590248075278014,-0.2114695340501792,-0.2052023121387283,-0.1379310344827585,-0.1085899513776337,-0.1439688715953306,-0.2413793103448276,-0.2980216975111678,-0.2875647668393782,-0.2744063324538258,-0.2371705963938973,-0.2700729927007299,-0.2810457516339869,-0.2387543252595155,-0.3239090350338045,-0.3171942892613283,-0.2666666666666667,-0.2971246006389776,-0.2547425474254742,-0.2424242424242424,-0.1869918699186991,-0.1953182150694952,-0.3090452261306532,-0.3389423076923077,-0.2875647668393782,-0.2429456297315897,-0.4111349036402569,-0.4047619047619047,-0.3919292426755113,-0.3929359823399558,-0.3956043956043955,-0.4424733907754689,-0.4623655913978495,-0.4370522006141248,-0.4433198380566802,-0.4497248624312155,-0.5132743362831859,-0.4874184529356943,-0.5020371208691716,-0.4647201946472019,-0.4382022471910112,-0.4567901234567901,-0.4255874673629242,-0.4076467420570813,-0.3875278396436525
FSBG-L,20.0,0.7020940938384714,8.036445067313626e-07,0.0871967901484247,0.0394691159633911,0.0795702878090006,0.5133883494679277,-4172.4801,0.845023623197312,-0.0388368952310427,-0.0187862616826215,0.1837127601564021,1.0,0.2314585935264908,0.2643798324450288,2.9627365888151283e-08,0.4641691029993153,1.027229579771524e-05,0.1774276194771553,0.1527881125672757,1.400736450774656e-06,1.121635500067239,5.0,14.449265381933948,-0.1666399027435272,-0.0552637261723671,-0.5494260387615398,0.0391984860972181,-0.0308849838326089,-0.0795737823936235,0.1441528314513026,0.5922052349539203,-0.0708143651997976,-0.0294550810014727,-0.1185911725367812,-0.1826074972436604,-0.3040366111241492,-0.2930027416855405,-0.3442061034940291,-0.322635906806761,-0.2623134328358208,-0.298023434726003,-0.3454364860390685,-0.3571428571428572,-0.3713165147339411,-0.4070778766370089,-0.4181300892769548,-0.4031998390018112,-0.3820587622421337,-0.3938062142273099,-0.4271779022599962,-0.3798619824341279,-0.3605390835579515,-0.3430438635356668,-0.3208519409137753,-0.2902106270943034,-0.1870888157894735,-0.2770599707459775,-0.2404917402996542,-0.2577900137654861,-0.2801310838694015,-0.2204258675078864,-0.1117268234236932,-0.2456118036123123,-0.2665100173138758,-0.2247058823529412,-0.2371704180064308,-0.3040366111241492,-0.3271695972773681,-0.3212405584802014,-0.2884223155368925,-0.3079346557759627,-0.3758156177646811,-0.3420965058236273,-0.3647172236503856,-0.3823805060918462,-0.417787376067537,-0.3827661567280674,-0.3903792784458835,-0.3247950819672131,-0.3792128951224618
FSBJ-L,19.0,0.0941844605734142,2.4106384999379586e-07,0.0261558360247795,0.2168864848710208,0.2798623911482907,1.212898282609241,21.72919999999999,0.3437166013170048,0.0042059417379193,-0.0016006507670017,-0.0560843936893592,1.0,0.1542443457852704,0.1149463311070328,3.12101146331453e-08,0.015105258699766,3.4294241494510125e-07,0.0721693650595313,0.0422088208921977,1.382162280827344e-07,0.059353384277112,4.0,5.8912182180321215,-0.0632228972364664,-0.0227956538147533,-0.1310403419870266,0.0176507637004115,0.0187034861022269,0.029507135930105,0.037424355460182,0.6882790068296186,-0.0038337127111536,0.0380549682875264,-0.0379207007837714,-0.0786975717439293,-0.056196291270918,-0.0305458768873402,-0.0282887077997672,0.0077266690812507,0.0419423292972163,0.0741217346544846,0.0030040855563566,-0.0421161349552444,-0.0372549019607844,-0.0295314498314149,0.033300321861847,0.0099213551119177,0.0088228184674885,0.035094246031746,0.0007193382088479,0.0816379422055202,0.0964140286352293,0.1213057495969909,0.1941344778254647,0.2051689286745595,0.3138674641901464,0.1588227127585728,0.1375034069228673,0.2253376394597768,0.170358945597308,0.1706872370266479,0.3163538873994638,0.352178843350073,0.3393774069319639,0.3062597809076681,0.2953134698944755,0.3471594577146546,0.3439059732732248,0.3486831475197931,0.4403796376186366,0.5593125350270876,0.4886748706973425,0.5383339476594176,0.4094900371496115,0.4483775811209438,0.4231884057971014,0.4786536758193089,0.4145060159295035,0.5914204003813155,0.4700598802395208
FSBR-L,30.0,-0.0084306722013063,1.3396582433388074e-07,0.0145355188440389,0.0429336362161285,0.047754714421381,1.1380482615770702,-143.65,0.4630343050287855,-0.2509504587052334,-0.0126632059147396,0.0267308637886848,1.0,0.4666971847104601,-0.108707293563243,-1.5824129454482673e-08,-0.0326374975764204,4.965157261296964e-08,0.0972222222222222,0.0395469318145252,3.620232424230527e-07,0.0345953903482542,4.0,1.746529824265057,-0.0661269667998895,-0.0144779479542892,-0.1993267599637269,-0.000999914547451,-0.0281025453659724,-0.0895942535430013,0.0248725282925009,1.6536866802719628,-0.0029585798816567,0.0938511326860842,0.0242424242424241,0.0336391437308867,0.0336391437308867,-0.0116959064327485,-0.0174418604651163,0.0833333333333332,0.2426470588235292,0.285171102661597,0.1380471380471379,0.0628930817610062,0.0730158730158729,0.0119760479041917,0.1155115511551154,0.1118421052631577,0.1655172413793104,0.2472324723247232,0.2565055762081785,0.3574297188755018,0.3739837398373984,0.3852459016393443,0.4759825327510916,0.5225225225225223,0.6095238095238094,0.4824561403508773,0.5022222222222221,0.5794392523364484,0.5648148148148147,0.7333333333333334,0.898876404494382,0.9204545454545454,0.9204545454545454,1.0239520958083834,1.1528662420382163,1.1257861635220126,1.0993788819875774,1.1806451612903226,1.2837837837837838,1.2236842105263157,1.2837837837837838,1.2684563758389262,1.2837837837837838,1.4852941176470584,1.4671532846715327,1.4671532846715327,1.793388429752066,1.793388429752066,1.8888888888888888
FSBU-L^C20,31.0,-0.0673652694610778,1.672928945264241e-06,0.1815156240745554,0.0011600928074245,0.0225321888412017,3.138132430090797,-3.85,-0.3218804537729161,-0.0154534730926873,-0.0064285714285714,-0.359272346855748,1.0,0.0797266514806378,0.0282485875706214,-6.434342097170158e-08,-0.0518977536793177,5.373689878738187e-10,-0.0675844806007509,-0.0965568862275449,4.0536355212172e-06,-0.1018329938900203,3.0,0.0061173904913269,-0.0034168564920273,-0.0294048113478802,-0.0368180993436735,-0.0036663792221459,-0.0060192616372391,-0.0206043956043956,-0.0714801444043321,1.6536866802719628,-0.25,0.0,-0.2,-0.2,0.0,-0.2,-0.2,0.0,0.0,-0.2,-0.3333333333333332,-0.5,-0.5,-0.5,-0.5,-0.5555555555555556,-0.6000000000000001,-0.6363636363636364,-0.6666666666666666,-0.7142857142857143,-0.7142857142857143,-0.75,-0.7894736842105263,-0.8,-0.8,-0.8,-0.8181818181818181,-0.8181818181818181,-0.8181818181818181,-0.8181818181818181,-0.8333333333333333,-0.8333333333333333,-0.84,-0.8333333333333333,-0.8461538461538461,-0.8518518518518519,-0.8571428571428572,-0.8518518518518519,-0.8461538461538461,-0.8571428571428572,-0.8571428571428572,-0.8666666666666667,-0.8857142857142857,-0.8666666666666667,-0.8571428571428572,-0.8571428571428572,-0.8666666666666667,-0.8666666666666667,-0.8571428571428572
FSBV-L,30.0,0.0706220132572837,2.1262121691715642e-07,0.0230697621614246,0.0859775741977286,0.1236945255570462,2.4625858752977616,11.400000000000006,0.2235192276215067,-0.0001744719802962,-0.0002884338044418,0.0002019420072193,1.0,1.174019607843137,0.1697501035482535,4.0968325360549766e-08,-0.0208083233293303,6.696455237345018e-07,0.0469318056626638,0.0299059657777092,4.845429868676844e-07,0.0322373696872493,3.0,2.240666851363472,0.1492357693663858,0.0075902122190923,-0.0815433853408052,-0.011428556555385,0.0164321859534004,0.0602651257647858,0.0580941393093964,0.497878715683718,-0.0247015232606009,0.0676923076923077,0.0037190082644626,0.0103993344425956,0.0771618625277161,0.0676923076923077,0.0524263431542462,0.114731528223956,0.1594272076372314,0.2546487603305785,0.1757018393030009,0.1722972972972973,0.1711668273866924,0.0556279878313774,0.0691021126760562,0.0537960954446854,0.0524263431542462,0.0634851138353764,0.0016494845360823,0.0087209302325581,0.0556279878313774,0.040256959314775,0.1689124157844079,0.1517306780464675,0.1947860304968027,0.104090909090909,0.0407026563838903,0.0398116438356164,0.023167649536647,0.0483383685800602,0.1912702305051494,0.1912702305051494,0.2084577114427859,0.2336211274758759,0.3003211991434689,0.2885941644562333,0.2598547717842323,0.2989304812834223,0.3554687499999998,0.4138533178114085,0.3201086956521739,0.3715415019762844,0.279768177028451,0.3244274809160306,0.3201086956521739,0.2784210526315789,0.2865466101694915,0.376984126984127,0.3646067415730336
FSCC-L,18.0,-0.0283010207457088,1.0668898771357022e-06,0.1157593587075656,0.1743383313323915,0.021464173481437,1.949512264080768,8.6121,0.0926226669216142,0.023550712409805,0.0003717160697913,0.0041190347971052,1.0,0.2147963902837051,-0.1246933620230336,-1.8400661929069205e-08,-0.0327011483168564,1.130380034403636e-07,0.0194477631753617,-0.0352759639395891,1.990166706592694e-06,0.0274631155837602,4.0,0.2882399462211863,0.0240036432936535,0.0825333909627907,0.2804436560194319,0.1003743651186702,-0.003437502770328,-0.0096672897967346,0.0391638500737797,1.6536866802719628,-0.1278676194057916,-0.1944865192365948,-0.3066492829204694,-0.2888472853704199,-0.3178553104155976,-0.3039267015706807,-0.2179411764705882,-0.238545246277205,-0.1831029185867895,-0.1711346633416458,-0.1818461538461538,-0.246742209631728,-0.1803329223181257,-0.1572107765451664,-0.1441905374959768,-0.1515634971282705,-0.1472097498396407,-0.1347217702570777,-0.1215725140403038,-0.2105106888361044,-0.1444658944658944,-0.1905631659056317,-0.1944865192365948,-0.1378080415045395,-0.1142571618920719,-0.0815198618307426,0.039077764751856,0.2048028998640687,0.1849376114081995,0.1891771019677997,-0.0946544092611508,-0.1151414309484193,-0.0946544092611508,-0.1619918058619602,-0.1290533901080904,-0.16932208684786,-0.1609340485957715,-0.0890715998629668,0.0897540983606557,0.0306201550387597,0.0033962264150944,0.0853061224489795,-0.0411107104219257,-0.1959479891140005,-0.33872171101716,-0.3113183113183113,-0.2370157819225251,-0.2732987154960372,-0.2965608465608464
FSCD-L,19.0,0.0663408600476887,1.0186966806785315e-06,0.1105303152650247,0.0846570553806498,0.1576235207491333,1.074527496810229,-124.15339999999998,0.3132756367173835,-0.0048772782449528,-0.0066767397449128,0.0490154352475042,1.0,0.1124229736187394,0.0086265998506054,2.328480360674505e-07,0.0247808185626292,5.177136835762549e-06,0.0657777474346143,0.0747425804271156,3.083110341046749e-06,0.0868330381420823,2.0,2.346135356250658,0.2072226349142404,-0.4952464900980958,-0.078612629901754,0.031091780820843,0.0088148883320227,0.0305077533300673,0.0014890050718858,0.4495459118445521,-0.0704076230809953,0.1311377245508982,0.0283070223189982,-0.0735654732712113,-0.1055871212121212,0.0506117908787542,-0.0785365853658536,-0.1338835396607059,-0.1685739436619717,-0.221993410214168,-0.241670012043356,-0.3090709583028529,-0.2681131344440138,-0.2296084828711255,-0.1177020084072862,-0.0420892494929004,0.1338535414165667,0.0506117908787542,0.2354480052321779,0.4086502609992544,0.4553158705701079,0.5820770519262983,0.7837582625118036,0.8024809160305344,0.8216007714561235,0.8268858800773695,1.2677070828331334,1.1012235817575085,1.1344632768361582,1.1153415453527438,0.9554865424430644,0.7539461467038069,0.6806049822064058,0.749074074074074,0.8111217641418984,0.7621268656716418,0.9514462809917356,0.9534643226473632,1.0849889624724065,1.4125159642401024,1.1662844036697249,1.25417661097852,1.0735455543358947,1.0599781897491822,0.9926160337552744,0.9800838574423484,0.7095022624434388,0.7555762081784387,0.6570175438596491
FSCT-L^I21,30.0,0.1369654564330106,1.1017103214243743e-06,0.1195374358898056,0.2215961727780368,0.6872279248462474,0.7275380575223459,0.2225999999999999,0.4191930020984735,-0.0120218272761497,0.0003323164943464,0.0405086139809795,1.0,0.2418655412801379,0.1557057632629788,1.576139969444118e-07,-0.0256273491300121,2.9826100520282323e-10,0.088016967126193,0.1269454830540963,2.782832882829945e-07,0.0683808164865192,4.0,0.0765545164195291,0.0690850995853699,-0.0729078122322763,-0.1435241850648095,0.2312168758000713,0.0225902077709433,0.0270924709614541,0.0515881400291851,0.3278019115709056,-0.0268199233716476,-0.0261194029850746,-0.0404411764705882,-0.0543478260869565,-0.0543478260869565,-0.0333333333333333,-0.0224719101123594,-0.0224719101123594,0.0,0.023529411764706,0.0077220077220079,0.0116279069767442,0.0116279069767442,0.0038461538461538,0.0,-0.0076045627376425,0.044,0.069672131147541,0.069672131147541,0.069672131147541,0.092050209205021,0.0875000000000001,0.0875000000000001,0.1328125,0.1863636363636365,0.1230636833046472,0.2253521126760562,0.2404942965779468,0.2452290076335879,0.3636363636363637,0.2288135593220339,0.1631016042780748,0.1467486818980667,0.1153846153846154,0.0340729001584787,0.1134812286689419,0.1863636363636365,0.1863636363636365,0.2608695652173913,0.2895256916996049,0.2895256916996049,0.4745762711864407,0.4745762711864407,0.4914285714285715,0.4914285714285715,0.4914285714285715,0.4965596330275228,0.5086705202312138,0.5263157894736841
FSCW-L,30.0,0.0777240218763147,7.16790557053095e-07,0.0777729894999754,0.0167854006050551,0.2443759278291652,1.7268920716190252,4.950000000000001,0.3026156781157838,-0.0098100412328845,-0.0014851992215507,0.0638007914915818,1.0,0.1992296918767507,0.0688487584650113,6.320170170425916e-08,-0.0175145532776502,9.5118603349847e-09,0.0635395010395011,0.1029659234328985,5.758797770058745e-07,0.0889790076335878,5.0,0.2228698237207297,-0.1187785131323686,-0.0370753205133879,-0.0934512346370023,0.0489052910909427,0.0142180094786729,0.0251836306400839,0.0573578268516708,0.3696864434939317,-0.2222222222222223,-0.1290322580645161,-0.2382445141065829,-0.2453416149068322,-0.200657894736842,-0.195364238410596,-0.2310126582278481,-0.200657894736842,-0.1926910299003321,-0.1562499999999999,-0.0966542750929367,-0.0689655172413792,-0.0689655172413792,-0.1620689655172412,-0.132142857142857,-0.1290322580645161,-0.0795454545454544,0.0296610169491526,0.0429184549356223,0.1355140186915888,0.1739130434782609,0.2525773195876291,0.2272727272727273,0.2525773195876291,0.3206521739130434,0.4127906976744186,0.0429184549356223,0.0253164556962024,0.08,0.179611650485437,0.1198156682027651,0.1146788990825689,0.0657894736842106,0.1571428571428572,0.1146788990825689,0.0565217391304349,-0.0240963855421686,0.0752212389380533,-0.0581395348837209,-0.1352313167259786,-0.173469387755102,-0.167808219178082,-0.2334384858044162,-0.2211538461538461,-0.256880733944954,-0.2810650887573963,-0.2161290322580644,-0.1980198019801978,-0.1066176470588234
FSCX-L,25.0,0.1851571374479363,6.855816929789064e-07,0.0743867748880992,0.0884552845528455,0.0880019235393123,1.442041657257044,2.5,0.2381319283005185,0.0012798996877731,0.0026505111700113,-0.027060270602706,1.0,0.1866666666666666,0.8480565371024733,6.488775105632097e-08,0.2027378270663636,7.315814106093798e-10,0.05,0.0333207118515713,1.365919931326999e-06,0.0043373493975903,5.0,0.0428958015927253,0.056140350877193,-0.6710914454277286,0.0411295669213694,-0.2955772509539658,0.0119896305897602,0.0302534750613246,0.1065634218289086,0.6013406110079864,-0.0952380952380953,-0.0140845070422533,-0.0140845070422533,-0.0277777777777777,-0.0140845070422533,-0.0277777777777777,0.0396039603960396,0.099476439790576,0.1052631578947369,0.0606060606060605,0.1475409836065573,0.1666666666666667,0.1538461538461539,0.1475409836065573,0.2280701754385965,0.2352941176470588,0.1666666666666667,0.1413043478260869,0.25,0.2209302325581397,0.3636363636363637,0.320754716981132,0.25,0.1666666666666667,0.1731843575418994,0.4583333333333335,0.4000000000000001,0.2650602409638556,0.25,0.2426035502958581,0.2068965517241379,0.1931818181818181,0.1999999999999999,0.2068965517241379,0.1999999999999999,0.05,0.0396039603960396,0.1170212765957448,0.1052631578947369,9.5,9.5,10.052631578947368,11.352941176470589,12.125,12.125,12.125,12.125,10.666666666666668,11.352941176470589
FSDF-L,30.0,-0.0216125444354785,5.632094154859233e-07,0.0611091755127982,0.0409504727758444,0.061888059802554,1.9718330371137929,451.0,-0.2446527199305502,0.0123826198213127,0.0018820847045664,0.1392923420431513,1.0,0.0699206306354948,0.6278347312830072,5.3203942875101534e-08,0.0440500468500248,2.684914104856723e-05,-0.0513691552570394,0.0207838091291736,1.8489176269444373e-06,-0.1276655087603641,4.0,5.231589887321462,-0.024558721457981,0.0555906136879928,0.0446634223815475,0.0987370987882249,0.0094530585806242,0.0324440739196887,0.0281488634941073,0.5111395193567885,-0.0355329949238578,-0.0963302752293578,-0.1687763713080169,-0.1959183673469388,-0.2364341085271317,-0.23046875,-0.1991869918699187,-0.1617021276595744,-0.0436893203883496,-0.0574162679425837,-0.0436893203883496,-0.0574162679425837,0.0051020408163264,0.1067415730337077,0.053475935828877,0.076502732240437,0.1193181818181818,0.1796407185628743,0.0706521739130434,0.076502732240437,0.0648648648648648,0.036842105263158,0.0102564102564102,-0.0483091787439613,-0.0436893203883496,-0.0751173708920187,0.0648648648648648,0.1726190476190476,0.2709677419354839,0.1129943502824859,0.1796407185628743,0.1453488372093023,0.036842105263158,0.0706521739130434,0.1453488372093023,0.3133333333333332,0.1726190476190476,0.0706521739130434,0.1067415730337077,0.0648648648648648,-0.0707547169811321,-0.0619047619047619,-0.0619047619047619,-0.1244444444444444,-0.1893004115226337,-0.2024291497975708,-0.1359649122807017,0.0423280423280423,0.0706521739130434
FSDG-L^J21,30.0,0.0455332035474799,9.010953462061576e-07,0.0977703712882159,0.0247515469716857,0.1414847161572052,2.8927755437491096,-25.5,-0.3121686738634479,-0.0005251573462572,0.0019467878001297,0.0868303594477984,1.0,0.0577108932762667,0.1186315530396258,6.165910949837515e-08,-0.0076138106064552,2.420543519217564e-06,-0.0655453210519289,0.0297425913908717,1.0154918291018567e-06,-0.0117692456106502,4.0,1.4180954263039511,0.0453048263347861,-0.0100586272071815,-0.0593487857331505,0.1010805255409572,0.0072904009720534,0.0152996175095622,0.0579150579150579,0.3668951155587313,-0.1012658227848102,-0.0705882352941175,-0.0778210116731517,-0.1056603773584905,-0.0954198473282442,-0.0519999999999999,-0.0365853658536584,-0.0124999999999999,0.1126760563380282,0.0486725663716816,0.0627802690582959,0.0772727272727271,0.1074766355140186,0.0580357142857141,0.0042372881355932,-0.0326530612244898,-0.0246913580246913,-0.0042016806722687,-0.0404858299595142,-0.0124999999999999,-0.0042016806722687,-0.0286885245901639,-0.0124999999999999,0.0259740259740259,0.1074766355140186,0.0580357142857141,0.0772727272727271,0.2091836734693879,0.3021978021978022,0.2539682539682542,0.2091836734693879,0.2408376963350786,0.185,0.1674876847290642,0.3620689655172415,0.6013513513513515,0.5695364238410596,0.3941176470588237,0.462962962962963,0.462962962962963,0.3021978021978022,0.3021978021978022,0.4023668639053255,0.2606382978723405,0.2153846153846155,0.1909547738693469,0.2950819672131148,0.2880434782608696,0.3389830508474576
FSDJ-L,29.0,-0.0721761097076867,0.0005098311254326,55.31754063285662,0.1038310060866451,0.3155505107832009,1.52235250010169,-14.5,0.0528416242249102,0.0034365545717336,0.005052327679538,0.0347071583514099,1.0,0.1595854922279792,0.0262762762762762,9.808748060627758e-05,-0.048670909771614,5.965807729375499e-08,0.0110950313555234,-0.0869722121977625,0.0004490392648287,-0.163307852675469,4.0,0.000753849210341,0.1363772298918524,0.055584571984184,0.0342672969417819,-0.0670211935322893,0.0181225081551286,0.0354107648725212,-0.0156193243734108,0.1446189872481184,0.0,0.0,0.0,0.0,0.0,0.0,0.0,0.0,0.0,0.0,0.0,0.0,-0.0344827586206895,0.0769230769230771,0.0769230769230771,0.0769230769230771,0.0769230769230771,0.0769230769230771,0.0769230769230771,0.0769230769230771,0.0769230769230771,0.0769230769230771,0.0873786407766992,0.0873786407766992,0.0873786407766992,0.1200000000000001,0.0566037735849056,0.142857142857143,0.108910891089109,0.1200000000000001,0.0666666666666666,0.0666666666666666,0.0666666666666666,0.1200000000000001,0.1200000000000001,0.0666666666666666,0.0181818181818183,0.0181818181818183,0.0181818181818183,0.0181818181818183,0.0181818181818183,0.0181818181818183,0.0666666666666666,0.0980392156862746,0.1200000000000001,0.1789473684210527,0.0666666666666666,0.1789473684210527,0.142857142857143
FSDV-L^F19,32.0,0.1793987492476202,4.5598517992783404e-06,0.4947516434433853,0.264264278774329,0.1292191641746731,3.2507708748253528,344.7837,-0.1766027610855383,0.6881505196902291,0.013040889412962,0.0389405131881342,1.0,0.0833335145278108,0.1363671080626309,2.529906392033273e-07,0.0721981488386169,8.634167150909976e-09,-0.0370808657087488,0.3211544847377031,3.264781418438952e-06,0.094951321206243,5.0,0.0357775094330135,-0.7872802934243952,0.6944128402093136,0.0823108131341181,0.1578369034113111,0.0546714128159238,0.0721489302289585,0.1861429033442353,0.2362402205157136,0.0227272727272727,-0.0434782608695653,0.0232558139534884,0.0731707317073171,0.0232558139534884,0.0731707317073171,0.0,-0.2413793103448275,-0.2413793103448275,-0.3529411764705883,-0.4054054054054054,-0.4761904761904761,-0.2666666666666666,-0.5849056603773586,-0.3888888888888888,-0.4823529411764705,-0.4761904761904761,-0.3333333333333333,-0.3972602739726028,-0.6000000000000001,-0.4698795180722891,-0.6239316239316239,-0.6666666666666667,-0.6901408450704225,-0.6923076923076923,-0.7990867579908676,-0.7904761904761904,-0.7821782178217822,-0.8053097345132743,-0.7914691943127962,-0.7569060773480663,-0.7659574468085106,-0.65625,-0.5416666666666666,-0.0833333333333332,-0.4761904761904761,43.0,0.5714285714285714,1.4444444444444446,0.3333333333333332,-0.1020408163265306,-0.5963302752293578,-0.6788321167883211,-0.6965517241379311,-0.6333333333333333,-0.7142857142857143,-0.7317073170731707,-0.752808988764045,-0.7441860465116279
FSDX-L,30.0,0.0651613439787091,8.966569881082056e-08,0.0097288801917145,0.0417624111580184,0.3577972415181717,2.3491779580014005,-10.0,-0.3443453993508554,-0.0070942613808253,-0.0019544244843646,0.4304657194633081,1.0,0.2129182322419037,-0.0546523016650342,1.099547462831405e-07,-0.0384592151098329,1.3360400659183437e-07,-0.0723013923013922,0.0271540252827678,3.86253670239981e-07,0.0974502454732619,3.0,1.513224260979288,0.07405831887677,-0.0071830928217634,-0.0966571716483569,-0.0748446973791104,0.0623335886493781,0.4151080884138936,-0.0102018402362531,0.3752790151411366,-0.1782993617459337,-0.0931665421956684,-0.1061832903938168,-0.1245493871665464,-0.1188316400580551,-0.1877926421404682,-0.1611398963730569,-0.0684695051783659,0.020592561462492,0.0212363330529856,-0.0389790265136524,0.0733701657458563,0.0958935018050541,0.0863341534332364,-0.081852551984877,0.1748911465892597,0.2225018877422604,0.248586118251928,0.1038636363636362,0.1282229965156796,0.1658665386461835,0.2133399950037471,0.2540666150271109,-0.0252859723058398,-0.0041008816895633,0.0097713097713096,0.0240354206198609,-0.1319034852546917,-0.0334328358208955,-0.0118006103763987,-0.0827195467422097,-0.0448377581120944,-0.1079889807162535,-0.2788418708240534,-0.2940406976744185,-0.3337448559670782,-0.3890566037735848,-0.3905897114178168,-0.3720749838396896,-0.3692207792207792,-0.3898241206030151,-0.3536926147704591,-0.3536926147704591,-0.3378323108384458,-0.3061428571428571,-0.3532623169107856,-0.3221214235868807,-0.2878299120234604,-0.2809770540340488
FSEO-L^F23,30.0,0.044838004505298,8.846530901445028e-07,0.0959863586565536,0.1298483640430407,0.1821128606703939,1.9860477141088555,-10.3158,-0.2556353165813699,0.0029645929008201,-0.0008445186830444,-0.0284742903143084,1.0,0.2032866845503343,0.077478326465004,8.750234305880715e-08,-0.0516095729641555,9.618325846639282e-08,-0.0536751452032846,0.0594834677643512,1.0548429098142917e-06,0.023590290804184,3.0,0.38335932432703,-0.0147755549908778,0.0183711510625233,-0.1087014448143359,0.1440845071359726,0.0067540944129712,0.0149642398983671,0.005752845484351,0.7144162415000875,0.0,0.0,0.0,0.0,0.0,0.0,0.0,0.0,0.0,0.0,0.0,0.0,0.0,0.0,0.0,0.0,0.0,0.0,0.0,0.0,0.0,0.0,0.0,0.0,0.0,0.0,0.0,0.0,0.0,0.0,0.0,0.0,0.0,0.0,0.0,0.0,0.0,0.0,0.0,0.0,0.0,0.0,0.0,0.0,0.0,0.0,0.0,0.0,0.0
FSET-L,30.0,0.0479272848263032,9.775065952906897e-07,0.1060611212349833,0.0863349036913352,0.2930407686315242,1.1109100017268143,35.5,0.1053579014279706,0.0041703129573849,0.001190167756979,0.001806570035675,1.0,0.4655172413793104,0.0642461338712293,1.4304195461129286e-07,0.0107524499486695,1.930386517503841e-07,0.0221217503633134,0.0073350372801379,4.964622730166845e-07,0.0180793921131927,3.0,1.3202440771685162,0.0786375105130363,0.0325561190510286,0.0390707724825445,-0.0521541743128741,0.0238634723625342,0.0360223955383207,0.0482989978925638,0.4037585463221704,0.002164502164502,-0.1283018867924528,-0.1720430107526881,-0.1538461538461538,-0.1283018867924528,-0.0759999999999999,-0.1735241502683362,-0.1823008849557522,-0.1283018867924528,-0.1266540642722117,-0.2102564102564101,-0.2870370370370371,-0.2312811980033277,-0.298937784522003,-0.278125,-0.2643312101910828,-0.2572347266881029,-0.1779359430604982,-0.2325581395348837,-0.2034482758620689,-0.1569343065693431,-0.1233396584440227,-0.0571428571428571,0.0,-0.0128205128205127,-0.0149253731343284,-0.0778443113772454,-0.0759999999999999,0.0896226415094338,0.1132530120481927,-0.1951219512195122,-0.1315789473684211,-0.1837455830388692,-0.2222222222222222,-0.2438625204582651,-0.2619808306709265,-0.2376237623762375,-0.2426229508196721,-0.284829721362229,-0.2596153846153846,-0.2689873417721519,-0.2689873417721519,-0.2248322147651006,-0.1011673151750972,-0.1132437619961611,-0.1149425287356321,0.0087336244541484,-0.019108280254777,0.0043478260869567
FSEW-L,31.0,0.0312712270925592,1.6024121232977982e-07,0.0173864429453751,0.0526213466398807,0.3374447318766823,1.20789935419092,8.8615,0.4343827981389597,0.0065651445082482,0.0007323116870937,0.020061485909479,1.0,0.5346823874208257,0.0639065443846106,2.9833137608172515e-08,-0.02490877554837,9.408611241045829e-09,0.0912063328170711,0.0080799268415939,1.1963179482333142e-07,-0.0094290665752644,4.0,1.4534718028324491,0.1141335741343265,-0.0058668156788177,0.0417794041262562,0.0018855260533709,0.0321556441261906,0.0513318235738164,0.1191156560205144,0.1900107740559395,-0.0333097094259389,0.060105184072126,-0.0618351063829787,-0.0221760221760222,0.0078571428571427,0.0475129918337045,0.0314327485380117,0.1379032258064514,0.196776929601357,0.190717299578059,0.1154150197628458,0.1198412698412698,0.1198412698412698,0.1565573770491803,0.2464664310954063,0.2944954128440367,0.2792384406165005,0.2827272727272727,0.2258905299739357,0.3399810066476734,0.3860510805500983,0.4295845997973657,0.5437636761487963,0.5712694877505566,0.5204741379310345,0.3515325670498084,0.3186915887850468,0.3438095238095238,0.3502392344497609,0.3874139626352015,0.4883966244725737,0.5818385650224214,0.5471491228070176,0.5403930131004366,0.7041062801932367,0.6312138728323697,0.6522248243559721,0.8324675324675324,0.9488950276243092,0.9067567567567564,0.8639365918097752,0.8182989690721649,0.8277202072538861,0.9845288326300984,1.0214899713467047,0.9789621318373072,1.0568513119533525,1.0508720930232558,1.109118086696562
FSFM-L,30.0,-0.2709119147992012,-6.78912401210695e-08,-0.0073663145435175,0.0325073274713562,0.2510035918022396,2.314161981686248,0.3999999999999994,-0.6478260713616352,0.0694885423788114,0.0004437541601952,-0.0147515527950309,1.0,0.2074468085106383,-0.8084142394822007,2.1881163201182535e-07,0.1185679455921946,1.981566826296338e-09,-0.1360225140712945,-0.4209008209451965,8.011625058881614e-07,-0.4152017411685919,3.0,0.122580188501515,0.3818767483258453,1.4322861406891638,0.524019543012453,-13.489890770646168,0.0185330200991908,-0.1972222222222222,0.0697422568767597,0.2912152644504085,-0.096153846153846,-0.0147368421052632,-0.0330578512396694,-0.010570824524313,-0.075098814229249,-0.1490909090909091,-0.1203007518796993,-0.1068702290076336,-0.0805500982318271,-0.2451612903225807,-0.2629921259842519,-0.2710280373831776,-0.2710280373831776,-0.3187772925764193,-0.2822085889570552,-0.259493670886076,-0.2972972972972973,-0.2972972972972973,-0.3107511045655375,-0.3157894736842105,-0.2451612903225807,-0.2427184466019417,-0.1999999999999999,-0.2390243902439025,-0.1775043936731107,-0.1860869565217392,-0.22,-0.2277227722772277,-0.2547770700636943,-0.0823529411764706,-0.1333333333333334,-0.0330578512396694,0.0588235294117647,0.0934579439252334,0.04,0.0564334085778781,0.0129870129870128,0.0,-0.0270270270270269,-0.022964509394572,-0.0658682634730538,-0.1102661596958175,-0.1034482758620689,-0.1444241316270567,-0.1612903225806452,-0.1944922547332186,-0.0894941634241245,-0.1,-0.1102661596958175
FSGT-L,30.0,0.1601868138533389,0.0015296846011131,165.9733701149142,0.0372229192806357,0.3399861559760037,1.0484915272296969,8.550000000000004,0.299530065302578,-0.0004942065446856,-6.667555674089737e-05,0.1517563404785018,1.0,0.0720235806740997,0.2048222113979541,0.0003687384044526,0.0810894286115378,1.5625033856193297e-08,0.062891622186122,0.1149390428822708,0.0014143475572047,0.1172447484123107,4.0,0.0001818495902138,-0.0757199027939173,0.0036171747118281,-0.1009748938114166,0.0244683768999477,0.0311003436813341,0.0613401489054339,0.0100502512562815,0.5512288934239875,0.0,0.0,0.0,0.0,0.0,0.0,0.0,0.0,0.0,0.0,0.0,0.0,-0.0277777777777777,0.05,0.05,0.05,0.05,0.05,0.0396039603960396,0.0396039603960396,0.0,0.0294117647058824,0.0294117647058824,0.0294117647058824,0.0294117647058824,0.0294117647058824,0.0294117647058824,0.0294117647058824,0.0294117647058824,0.0294117647058824,0.0294117647058824,0.0294117647058824,0.0606060606060605,0.1413043478260869,0.1413043478260869,0.1052631578947369,0.1052631578947369,0.0824742268041238,0.0824742268041238,0.0824742268041238,0.0824742268041238,0.0824742268041238,0.0824742268041238,0.0824742268041238,0.2068965517241379,0.2068965517241379,0.1052631578947369,0.1052631578947369,0.1052631578947369
FSHC-L,30.0,0.0621890547263681,4.4272704207143046e-07,0.0480366339310271,0.0184751496226906,0.468951301211028,1.399308493307435,3.95,0.3749449779453369,-0.002993855730909,0.0018085698386199,0.0547304867258953,1.0,0.421259842519685,0.1360381861575179,6.231662146803745e-08,-0.1093687173301156,8.375510392789912e-10,0.0787263137331511,0.0972913211719182,4.508654068153904e-07,-0.001544799176107,4.0,0.1209130593230819,0.0294999309296865,-0.0123454861050826,0.1382985028626974,0.0215445970809415,0.0209677419354838,0.0439189189189189,0.1038157442420077,0.3887397793176628,-0.048780487804878,-0.0538461538461538,-0.088888888888889,-0.1214285714285713,-0.1086956521739129,-0.1214285714285713,-0.0681818181818182,-0.1021897810218979,-0.088888888888889,-0.1214285714285713,-0.1151079136690647,-0.1458333333333332,-0.1021897810218979,-0.1632653061224489,-0.1632653061224489,-0.127659574468085,-0.0820895522388059,-0.0465116279069768,-0.0390625,-0.0465116279069768,0.0512820512820513,0.0336134453781513,0.0603448275862068,0.0695652173913043,0.1603773584905659,0.1826923076923077,0.1181818181818181,0.2424242424242424,0.3369565217391304,0.3666666666666667,0.2424242424242424,0.3369565217391304,0.3516483516483515,0.3666666666666667,0.3666666666666667,0.3977272727272727,0.4137931034482758,0.4470588235294117,0.3977272727272727,0.3369565217391304,0.430232558139535,0.430232558139535,0.3977272727272727,0.5974025974025974,0.6399999999999999,0.618421052631579,0.7571428571428573,0.9838709677419356,1.0847457627118646
FSHK-L,30.0,0.5198900633702912,6.800979980387107e-07,0.0737917846991125,0.0507055599410569,0.1190220206352771,0.5596465474151486,-6.6357,0.1474934780823281,-0.064833205314648,-0.0033842191493968,0.9796595724550968,1.0,0.0953574836223301,0.383913647106734,3.699086773341457e-08,0.3046629188267228,3.38069423779047e-09,0.0309688581314879,0.2081290737467321,7.447206154046473e-07,0.6697115759119285,5.0,0.296986549093349,-0.4491847311441377,0.0041099378630495,-0.2798156248883301,0.0924779587725579,0.0049998540104935,0.0105648949459287,0.1150849991789606,0.5180232004114451,-0.0808080808080807,-0.0660377358490567,-0.255639097744361,-0.2295719844357976,-0.2325581395348838,-0.1885245901639344,-0.3443708609271523,-0.2978723404255319,-0.3288135593220339,-0.3399999999999999,-0.3052631578947369,-0.3125,-0.25,-0.3333333333333333,-0.2826086956521738,-0.2693726937269373,-0.331081081081081,-0.3355704697986577,-0.3355704697986577,-0.3486842105263158,-0.314878892733564,-0.3288135593220339,-0.2720588235294118,-0.2851985559566787,-0.2265625,-0.1645569620253165,-0.1081081081081082,-0.0875576036866359,-0.095890410958904,-0.0149253731343282,-0.0480769230769231,-0.0833333333333333,-0.1680672268907562,-0.1538461538461538,-0.095890410958904,-0.1353711790393013,-0.2111553784860557,-0.1574468085106383,-0.131578947368421,-0.1502145922746781,-0.2325581395348838,-0.2384615384615385,-0.3571428571428572,-0.3529411764705882,-0.321917808219178,-0.3028169014084506,-0.2826086956521738,-0.2442748091603054,-0.1951219512195121
FSHU-L,30.0,-0.0040956139697669,2.823549567564696e-06,0.306359910450945,0.0143562135486765,-0.1333974447039428,0.961256705240072,-20.0,-0.002992233654038,-0.2067231153510079,0.000812663416013,-0.1033802709147091,1.0,0.0913891145410235,-0.1636172765446909,-6.055164573798415e-07,-0.0747677498787361,4.256844872825799e-09,-0.0006282722513089,0.0270310522004616,3.947501520226275e-06,0.1532317704481585,3.0,0.0555325407278426,0.0935789213435525,-0.0623896553978944,-0.1241289198606271,0.1241469422083382,-0.002318282331122,-0.0053139306736429,0.1615853658536584,1.6536866802719628,0.0476190476190476,0.0161290322580645,-0.0597014925373134,-0.0869565217391303,-0.125,-0.1818181818181818,-0.1923076923076923,-0.2588235294117647,-0.2125,-0.1818181818181818,-0.1126760563380281,-0.2125,-0.16,-0.2588235294117647,-0.2674418604651163,-0.3368421052631578,-0.3942307692307693,-0.3636363636363636,-0.3883495145631068,-0.4272727272727273,-0.4661016949152542,-0.3883495145631068,-0.3942307692307693,-0.4056603773584906,-0.2222222222222223,-0.2317073170731707,-0.3,-0.4056603773584906,-0.2125,-0.3076923076923077,-0.475,-0.4424778761061946,-0.5116279069767442,-0.5771812080536913,-0.5855263157894737,-0.6204819277108433,-0.6204819277108433,-0.6337209302325582,-0.5743243243243243,-0.536764705882353,-0.5800000000000001,-0.5800000000000001,-0.6012658227848102,-0.6612903225806452,-0.6594594594594595,-0.685,-0.6420454545454546,-0.6134969325153374,-0.5625
FSIY-L,30.0,0.071197411003236,8.132768805370385e-07,0.088241919021116,0.1081685767773161,0.1874266718811106,1.3215448261678988,23.950000000000003,-0.0869473525674919,0.0428106684632806,-0.0040832895553751,0.0196106889780585,1.0,0.1717107359031539,0.0871002235831631,1.0021421276759717e-07,-0.0103078358208942,2.6260926581549848e-08,-0.0182561307901907,0.0238129739651258,7.631697741532399e-07,0.0534029311383256,4.0,0.3866003241664389,-0.1542159479960156,0.0110118016183707,-0.0287397342004322,0.0176256782939273,0.0163232177481174,0.0323705624608781,0.0677593681334995,0.1392072967427776,-0.0451977401129942,-0.0551601423487545,-0.1855828220858896,-0.1531100478468899,-0.1728971962616823,-0.0969387755102041,-0.1624605678233438,-0.1090604026845638,-0.0907534246575343,-0.1490384615384616,-0.1266447368421053,-0.0907534246575343,-0.0238970588235295,-0.0969387755102041,-0.1,-0.0813148788927337,-0.0274725274725274,-0.0415162454873646,-0.0844827586206896,0.00188679245283,0.0250965250965251,0.1394849785407723,0.129787234042553,0.3443037974683542,0.3274999999999999,0.4709141274238226,0.4709141274238226,0.5042492917847026,0.4749999999999998,0.8184931506849313,0.5850746268656715,0.6542056074766354,0.6189024390243902,0.6803797468354429,0.7699999999999998,0.5945945945945945,0.5571847507331376,0.4508196721311475,0.5391304347826085,0.3545918367346938,0.2951219512195122,0.2406542056074765,0.2095671981776765,0.1696035242290747,0.0494071146245058,0.1178947368421052,0.1905829596412556,0.1905829596412556,0.2888349514563106
FSJK-L,30.0,0.0374314294933849,3.09650708649176e-07,0.0335976263574695,0.0700881285640228,0.1392926882187025,1.7525717693670702,-0.3499999999999996,-0.0535127928765207,-0.0390184436038629,0.000529202347734,0.0509009814736924,1.0,0.124960254372019,0.1930184804928131,7.59470326721301e-08,-0.0011614401858301,8.683358695180941e-09,-0.0112359550561797,0.0709906421426266,9.157613255360528e-07,-0.0116479723899914,5.0,0.2110116147833374,-0.0181223284436073,0.0199201749319352,-0.0125436403640487,0.16107518147072,0.0118585370972819,0.0508779828905898,0.012139011257954,0.8906698435850746,-0.0401459854014599,0.0073529411764705,-0.1917404129793509,-0.1964809384164222,-0.2237960339943341,-0.1517027863777089,-0.2103746397694524,-0.2080924855491328,-0.1383647798742138,-0.1796407185628741,-0.2011661807580175,-0.1869436201780415,-0.1329113924050632,-0.1383647798742138,-0.13015873015873,-0.0836120401337792,-0.0805369127516777,-0.0419580419580418,-0.0805369127516777,-0.1796407185628741,-0.1246006389776357,-0.1464174454828659,-0.1132686084142393,-0.0385964912280701,-0.0452961672473867,0.0073529411764705,-0.0743243243243242,-0.0680272108843537,0.0185873605947957,0.1759656652360515,0.1229508196721311,0.1610169491525426,0.2232142857142856,0.2454545454545453,0.2985781990521328,0.1093117408906882,0.0830039525691701,-0.0214285714285712,-0.0283687943262409,-0.1696969696969695,-0.217142857142857,-0.1517027863777089,-0.2237960339943341,-0.1893491124260353,-0.1917404129793509,-0.1595092024539876,-0.0986842105263157,-0.1356466876971608,-0.0866666666666665
FSJP-L^G19,20.0,-0.0497326800373405,1.1648819428185783e-06,0.1263916638076322,0.4248569569516258,0.1375291781853276,0.801412830149934,2.0019,0.0570094744558349,0.0038718372287168,-0.005112057645835,-0.0862518335505728,1.0,0.1994049689729088,0.1955605166073512,1.179130283954416e-07,0.0817513611640829,2.391392350115165e-10,0.011970145049993,0.0251598171255306,1.3294417725899915e-06,-0.1932010066746908,2.0,0.0194915794647381,0.2692383019720895,0.3222526406486714,-1.1474702260919236,-0.3152488104628164,0.0023600397738519,0.0050482279371082,-0.3402762130557923,0.236240954324566,0.0,-0.2857142857142857,-0.2857142857142857,-0.2857142857142857,-0.375,-0.4444444444444444,-0.4444444444444444,-0.2857142857142857,-0.375,-0.4444444444444444,-0.4444444444444444,-0.4444444444444444,-0.375,-0.5,-0.5,-0.5454545454545454,-0.5,-0.5833333333333333,-0.5454545454545454,-0.5454545454545454,-0.5,-0.4444444444444444,-0.5,-0.5454545454545454,-0.5,-0.5454545454545454,-0.5454545454545454,-0.5454545454545454,-0.5454545454545454,-0.5833333333333333,-0.5833333333333333,-0.6153846153846154,-0.6153846153846154,-0.6153846153846154,-0.5833333333333333,-0.5833333333333333,-0.5833333333333333,-0.5833333333333333,-0.5833333333333333,-0.6153846153846154,-0.6153846153846154,-0.6153846153846154,-0.6428571428571428,-0.6428571428571428,-0.6666666666666666,-0.5454545454545454,-0.5,-0.5,-0.5454545454545454
FSJT-L,19.0,0.0422375161790289,9.78724457330928e-07,0.1061932613290957,0.1062995016663693,0.1950198266544834,2.4189896654204563,-56.4416,0.2792358337656169,-0.0331438502593855,-0.013750537830533,0.0125120495049358,1.0,0.1936593531960273,0.0456592706666668,1.105394912136949e-07,-0.0160892032927627,2.074142102079329e-08,0.058630490198951,0.0847750937355152,9.9659417515105e-07,0.0389085321552633,5.0,0.1597089190507302,-0.0154065879109573,-0.0275522183788799,0.0410909773744538,-0.0122205872610665,0.0284669026212802,0.0575446201875031,0.217099657297578,0.2413110000317865,-0.2087542087542088,0.0206185567010308,-0.1238938053097344,-0.132846715328467,-0.1290322580645161,0.0223752151462997,-0.048076923076923,-0.1633802816901407,-0.0903522205206738,-0.1081081081081081,-0.0999999999999998,-0.122599704579025,-0.0434782608695651,-0.077639751552795,-0.0230263157894736,0.0016863406408096,0.0550621669626998,-0.0986342943854323,-0.0790697674418604,-0.0149253731343282,0.08,0.1951710261569417,0.1578947368421053,0.3054945054945057,0.3561643835616439,0.4558823529411766,0.5114503816793894,0.767857142857143,0.752212389380531,0.9099678456591642,0.7891566265060244,0.6638655462184875,0.7837837837837838,1.395161290322581,1.6756756756756754,1.1838235294117645,1.3385826771653546,1.2934362934362935,1.582608695652174,0.6054054054054054,0.588235294117647,0.6363636363636365,0.5840000000000001,0.85625,1.0696864111498257,1.0273037542662116,0.89171974522293,0.903846153846154,0.89171974522293
FSKE-L,20.0,0.1057808931625141,5.911907048520004e-07,0.0641451928021589,0.1244266912915709,0.1261451811480683,1.4288553423254755,28.24220000000001,1.063317580671091,0.0090292685503959,0.0031232804555706,0.0133593972231777,1.0,0.1951219768540232,0.1140128425038944,8.92197713736215e-08,0.0027413520621306,2.47771866504681e-07,0.223262287476462,0.0669024112700504,1.3418069108217228e-06,0.0971910701600194,5.0,0.8633916374450104,0.1687805896968615,0.0422038875951737,-0.03187039386847,0.0634204154521518,0.0237935017683003,0.0774286772257055,0.0552926907163153,0.7102722234341683,-0.091260634184068,0.1309037900874636,-0.0392569659442724,-0.0711206896551723,-0.1528718060711945,-0.0470458174671416,-0.1932196339434275,-0.1897650130548303,-0.2321092744729288,-0.1674179008370896,-0.2263661747108097,-0.1761707550175215,-0.1672391584370974,-0.1396251524897416,-0.0858960763520679,-0.0211960635881908,0.0114732724902215,0.0550795593635251,0.0244288921167303,0.0906790383804303,0.1580832960143305,0.2125664270084402,0.3040847201210286,0.429519071310116,0.3843683083511777,0.3784648187633261,0.4324224519940916,0.4079854809437386,0.4632214258770275,0.7118270079435127,0.6346396965865992,0.414918840051067,0.3816562778272485,0.4245317664340799,0.5774705164701097,0.713717693836978,0.8297169811320755,0.89404296875,0.8649038461538461,0.981609195402299,1.189051918735892,1.32623688155922,1.2624671916010497,1.28042328042328,1.3367469879518068,1.319976076555024,1.6659793814432988,1.779648871372268,1.9132557266241084
FSLE-L,24.0,0.1397052837254742,7.320031779519e-08,0.0079423584633781,0.0081434388170583,0.1923987191981066,0.8654502996741401,81.5,0.1689968523423035,-0.0277912138811845,-0.0010125556905629,0.0324613745980334,1.0,1.4121475054229935,-0.0101997450063748,4.469336706945477e-08,0.059736701925272,4.559594363659829e-07,0.0354838709677419,0.0220630139216803,3.6584443930270994e-07,0.1746896760520738,4.0,8.94538089336137,-0.4954891818232382,0.0171614995456197,-0.0575153474793555,-0.0001819929291271,0.0283299063285355,0.1734265734265734,0.0186267845003399,0.3395756052316547,-0.0323353293413173,0.0915032679738561,0.0321384425216315,-0.0318840579710145,0.0078455039227518,0.036623215394165,0.0127349909035778,0.0698270339525943,0.1399317406143343,0.1283783783783783,0.0986842105263157,-0.0396779758481886,-0.0256709451575263,-0.0239625949736995,0.001199040767386,-0.010077059869591,0.0054184226369655,0.0090634441087611,-0.005952380952381,0.0664112388250319,0.0698270339525943,0.0986842105263157,0.1802120141342755,0.1525189786059351,0.2388724035608307,0.1549100968188104,0.1245791245791245,0.1629526462395543,0.1613351877607787,0.1971326164874551,0.323296354992076,0.3801652892561984,0.285604311008468,0.3170347003154574,0.3599348534201954,0.3951545530492897,0.3870431893687709,0.4421416234887736,0.4924039320822162,0.6388616290480864,0.4857651245551599,0.5710253998118531,0.5405904059040589,0.5072202166064981,0.4496527777777777,0.4778761061946901,0.4433880726015555,0.5181818181818181,0.5058611361587015
FSLM-L,19.0,0.0028299094932071,7.724622685709559e-07,0.0838134644932914,0.0927223608896378,0.0357809293318037,2.341030068477053,355.4871,-0.1342490985119942,0.0025987598543689,-0.0014924263158642,0.015013547999907,1.0,0.1215478390191056,-0.0775056450959333,-2.1904262647048776e-08,-0.0431466525189472,3.712895302280488e-05,-0.0281879669538841,0.006442371609565,3.040648713033749e-06,0.0244412481086201,3.0,2.997877048920365,-0.0245636782878996,0.0210931253714919,0.0452501128040989,-0.0750930800445294,0.0044067944827857,0.0227707610635689,-0.0266707681492747,1.6536866802719628,0.0014825796886581,-0.1078042328042327,-0.0854237288135593,-0.0343593414459556,-0.0014803849000739,0.1112026359143327,-0.0014803849000739,-0.1012658227848101,-0.0860433604336042,-0.1467425679949399,-0.1936640765092647,-0.1547619047619047,-0.1330334190231362,-0.1095709570957096,-0.1012658227848101,-0.1136662286465177,-0.2596048298572996,-0.3113833588565594,-0.3331685615422639,-0.2664491571506253,-0.284729586426299,-0.3103271983640081,-0.3039215686274509,-0.3046391752577319,-0.2688346883468834,-0.3743042671614099,-0.3288557213930348,-0.2984919396775871,-0.2812999467234949,-0.2835900159320232,-0.2770632368703108,-0.3096212896622312,-0.2877507919746568,-0.3060699588477367,-0.3285216525634644,-0.3207452165156093,-0.3334980237154149,-0.369626168224299,-0.3089139344262295,-0.3517539644401729,-0.3928892889288928,-0.3454633672974284,-0.3926159387663215,-0.412712233347845,-0.4041519434628975,-0.3743042671614099,-0.3708022388059702,-0.3131364562118126,-0.331184928111056
FSMI-L,17.0,0.0070479808650954,5.942485749032868e-07,0.0644769768819726,0.0616465964060586,0.0725597599629739,1.379758291131999,-82.9623,0.3504388570265378,-0.0199687480674615,-0.001096412691509,0.0047812947849118,1.0,0.2310634789211249,-0.0096135907126205,2.7919056434376586e-08,-0.035562017093765,1.528116897900368e-07,0.0735808212547395,0.0246114599530628,7.934170305177099e-07,0.0200939127386928,4.0,1.0407977556166434,0.2002773859730071,-0.051589607487044,-0.076289203471958,0.0139931521991482,-0.0034427094169734,-0.0085050150013812,0.0612040561097695,1.66070121719703,-0.0643248175182481,-0.0688190314358537,-0.1958914159941306,-0.2523874488403819,-0.2639355271994626,-0.1231999999999999,-0.2046444121915819,-0.2322241681260944,-0.2758506772381895,-0.3537735849056603,-0.3754985754985754,-0.3811405985319028,-0.3877094972067038,-0.3943078198397346,-0.3657407407407407,-0.353583013860218,-0.2843617368592882,-0.3152139956263666,-0.3147858705845575,-0.3349514563106796,-0.3594389246054937,-0.3058898036732108,-0.3261604672609898,-0.3267813267813267,-0.2477693891557995,-0.3047890897557881,-0.4916512059369201,-0.4587654320987654,-0.4574257425742574,-0.3929659374134588,-0.3196772191185598,-0.308080808080808,-0.3560517038777907,-0.3177715530656707,-0.2454388984509465,-0.2040668119099491,-0.1964809384164222,-0.1652703731911652,-0.051082251082251,-0.1280827366746221,-0.1836126629422718,-0.2351709699930215,-0.3113415017279295,-0.3132832080200501,-0.333536029188203,-0.3096062992125984,-0.2770448548812664,-0.2300667369160518,-0.2760898282694848
FSMN-L,20.0,0.0479205070934903,1.4323653070343028e-06,0.1554140618733851,0.0726400291772117,0.12069098312621,0.8313039561068298,39.2149,-0.0336723495707278,0.0061336581853558,0.0008122225935356,0.0161075364610942,1.0,0.0922237691570874,0.0726358672789361,1.0742484629843585e-07,-0.002909498861226,2.146235882695144e-06,-0.007070103914884,0.0361801438683002,1.7602376012898318e-06,0.0369695709880152,5.0,2.720650814802737,-0.0319193361223764,-0.0348896917748603,-0.0349634824938681,0.03684506695908,0.0065238213422035,0.0153258283803157,0.0599978113344039,0.7016593308052883,-0.0798113207547169,0.0077961589655828,-0.1184298070525614,-0.1376505043931012,-0.1650913673597983,-0.1609941427892987,-0.2149311213153607,-0.2589485458612974,-0.2407964475003581,-0.2716778892400714,-0.3057374901755305,-0.3391521197007481,-0.3194658448895736,-0.3039138429209351,-0.3028150486714022,-0.2906852248394004,-0.3014366679847107,-0.3044619422572179,-0.2679558011049724,-0.2623521224773834,-0.2936158869785419,-0.3219037871033776,-0.3090861686872637,-0.2996828752642707,-0.2454441913439634,-0.3111515466597349,-0.274668126454085,-0.244691463588428,-0.1652228697432667,-0.0798611111111111,-0.0995582738702004,-0.1327115038455244,-0.1104397448808324,-0.016149990718396,0.0484668644906034,-0.0481321839080459,-0.0058150440817857,0.0847318870241506,0.1666299801893023,0.1014131338320865,0.0818534394774443,0.0239567233384854,0.00151171579743,0.0412573673870333,-0.0087899756873012,0.0437179992122882,0.0653266331658291,0.1592300962379702,0.1060100166944908
FSMQ-L^F21,30.0,0.1138533237700259,6.768113108441072e-07,0.0734351735716913,0.0255899918687663,0.1328896100006413,0.9568949292047556,-5.6485,-0.2857239239196287,-0.0073190876655035,-0.0038243480122124,0.0350202980390968,1.0,0.2179766122123877,0.0671194449559074,4.1266018673876046e-08,0.016852397886349,2.7554225464115413e-08,-0.0599927792041078,-0.0382141653499392,8.110303922856635e-07,0.1557309204581161,4.0,0.6329387998479129,0.0165430832190976,-0.0568090561440339,0.5400756474365452,0.0980909656314435,0.0025643001609949,0.0056401663363346,0.0510810216820692,0.3980577382607982,-0.0723404255319148,-0.0368852459016393,-0.2295081967213114,-0.2269736842105263,-0.2419354838709677,-0.3026706231454006,-0.2921686746987951,-0.2746913580246913,-0.265625,-0.3047337278106509,-0.3323863636363636,-0.3285714285714285,-0.2921686746987951,-0.2701863354037267,-0.2192691029900331,-0.2295081967213114,-0.2443729903536976,-0.2345276872964168,-0.2701863354037267,-0.2443729903536976,-0.2269736842105263,-0.2320261437908496,-0.1607142857142856,-0.1696113074204946,-0.0961538461538461,-0.0891472868217053,-0.0748031496062991,-0.0408163265306122,0.0,0.0491071428571427,0.1691542288557215,0.175,0.1809045226130654,0.2176165803108809,0.4596273291925465,0.2433862433862434,0.3055555555555556,0.2113402061855671,-0.1064638783269961,-0.1840277777777776,-0.2114093959731543,-0.2394822006472491,-0.2878787878787878,-0.314868804664723,-0.300595238095238,-0.3227665706051873,-0.3026706231454006,-0.3472222222222222,-0.3128654970760234
FSNE-L,30.0,-0.0635636661882304,1.0042473237260033e-05,1.089625355621635,0.1447339610247427,0.0515622810704777,2.1064449047349867,28.5,-0.1797932535048876,-0.0023892746582426,-0.0009420138162026,0.005117128229759,1.0,0.2916666666666667,0.1685934489402697,1.1176701459440266e-06,-0.0072003388394728,3.575045760192203e-07,-0.037750765885957,-0.0049210580274759,2.753608078081357e-05,-0.1272631855156127,4.0,0.0339595896128328,-0.1021241830065358,0.1037473066506607,0.1741782565688124,0.9592249855407752,0.006578947368421,0.0268292682926829,-0.0407750144592249,-0.14699437157973,0.0,-0.0181818181818181,-0.0181818181818181,-0.0181818181818181,-0.0181818181818181,-0.0181818181818181,-0.0181818181818181,-0.0357142857142857,-0.0357142857142857,-0.0357142857142857,-0.0357142857142857,-0.0442477876106193,-0.0442477876106193,-0.0608695652173911,-0.0689655172413792,-0.0689655172413792,-0.0847457627118642,-0.0847457627118642,-0.0847457627118642,-0.1074380165289254,-0.0999999999999998,-0.1074380165289254,-0.1074380165289254,-0.1074380165289254,-0.0847457627118642,-0.0924369747899158,-0.0847457627118642,-0.1074380165289254,-0.0608695652173911,-0.0526315789473682,-0.0689655172413792,-0.0847457627118642,-0.0608695652173911,-0.0526315789473682,-0.0442477876106193,-0.0526315789473682,-0.0526315789473682,-0.0769230769230767,-0.0689655172413792,-0.0924369747899158,-0.0999999999999998,-0.0847457627118642,-0.1074380165289254,-0.0924369747899158,-0.0924369747899158,-0.0999999999999998,-0.0847457627118642,-0.0689655172413792,-0.0689655172413792
FSNP-L,30.0,0.0514650838923367,3.861936743125675e-07,0.0419026677761373,0.2371758253176803,0.4907443470337083,1.6219068563333776,9.660900000000002,0.1286963796805955,0.0413790163271294,-0.0114434521320196,-0.0038736043533494,1.0,0.5761770603852454,0.0675236183128995,6.065189553399647e-08,-0.038985501891417,1.1373803995656154e-09,0.0270220756618119,0.0233296809916526,1.7108605856098624e-07,0.0169347215314534,4.0,0.2029516291687607,-0.0289894621582218,-0.0054953054471505,-0.042877163847056,0.0015526880798844,0.0412281103528298,0.0594924066621625,0.1130962367491374,0.1600357788107027,-0.0852713178294574,0.0750000000000001,-0.0652173913043477,0.0840336134453783,0.1315789473684212,0.1217391304347828,0.1315789473684212,0.093220338983051,0.1217391304347828,0.2524271844660195,0.2772277227722772,0.2647058823529411,0.2524271844660195,0.303030303030303,0.34375,0.34375,0.0840336134453783,0.1025641025641026,0.0403225806451612,0.1025641025641026,0.0840336134453783,0.2169811320754717,0.3163265306122449,0.303030303030303,0.5925925925925926,0.5542168674698795,0.5357142857142858,0.5357142857142858,0.465909090909091,0.6125,0.6329113924050633,0.6538461538461537,0.449438202247191,0.5,0.7432432432432432,0.7916666666666667,0.842857142857143,0.7432432432432432,0.72,0.6538461538461537,0.3723404255319149,0.4021739130434782,0.4333333333333333,0.4827586206896552,0.4827586206896552,0.3870967741935482,0.465909090909091,0.6973684210526316,0.9545454545454546
FSOF-L,30.0,0.1001591166614431,0.0001369508736014,14.859401745480444,0.0412010289714502,0.0370506665774551,3.545678330982744,-0.8799999999999999,-0.1266141132068196,-0.0009487781884255,-0.0019739195874508,-1.881185096509751e-05,1.0,0.0295776757188498,-0.0149985473561882,5.200730000719014e-06,0.0254842875591906,3.71057592310756e-10,-0.0265848670756646,0.0715663347718122,0.000323879247734,0.1573743278842338,4.0,5.5682052124637526e-05,-0.1190254664443245,-0.0205329932704436,-0.0111380510410497,-0.0014042361667855,-0.0060991359068282,-0.0177978005412998,0.0053814781189288,0.2167453415890436,0.0,0.0,0.0,0.0,0.0,0.0,0.0,0.0,0.1485148514851484,0.1485148514851484,0.1485148514851484,0.1485148514851484,0.1485148514851484,0.1485148514851484,0.1485148514851484,0.1485148514851484,0.1485148514851484,0.1485148514851484,0.1485148514851484,0.1485148514851484,0.1485148514851484,0.1485148514851484,0.1485148514851484,0.1485148514851484,0.1599999999999999,0.1599999999999999,0.1599999999999999,0.1599999999999999,0.0740740740740739,0.0740740740740739,0.0740740740740739,0.0740740740740739,0.0740740740740739,0.0740740740740739,0.0740740740740739,0.1372549019607842,0.1372549019607842,0.1372549019607842,0.1372549019607842,0.1372549019607842,0.1372549019607842,0.1372549019607842,0.1372549019607842,0.1372549019607842,0.1372549019607842,0.1372549019607842,0.1372549019607842,0.1372549019607842,0.1372549019607842
FSOM-L,21.0,0.1056596978849848,5.398639416663912e-07,0.0585761520621224,0.0584061765658268,0.1122523887343429,0.8347041300234795,-329.3398,0.5812424759081322,-0.0429031249873317,0.0005840877095064,0.5280290047611941,1.0,0.0258215963275726,0.0893455180102777,3.549633093220933e-08,0.0453285784491842,9.044415061654702e-06,0.1220421133898967,0.0742945980967575,5.54599430355429e-07,0.1470068302974833,4.0,10.763831704089077,0.0803482534809243,0.0309188207117762,-0.0091521633075961,0.0137983118647273,0.0046951273311525,0.016236362272161,0.144135732600357,0.9204121571042784,0.0047429330297856,0.0179606025492469,0.023296447291788,0.010738255033557,0.0290901991409606,0.0294921875,0.0456258678833565,0.0665722379603399,0.1027196652719666,0.0763732897692466,0.1169739351557535,0.058433734939759,0.0582212407147157,0.0400552486187846,0.04149377593361,0.0177640471133424,0.0378027170702894,0.0150202195262854,0.031708749266001,0.0337321043341831,0.213956701980654,0.1976823449216087,0.2298180121325246,0.1957803992740472,0.2275267815556592,0.0331242649941199,0.085014409221902,0.1241202815099169,0.116500741368354,0.1217280272398382,0.2184466019417477,0.2405271828665567,0.1993174061433447,0.1770879857079053,0.2145161290322581,0.2469836763662172,0.272573635924674,0.3040573973280553,0.2812348079727758,0.2954042762349473,0.3203907815631261,0.3217151454363089,0.285609756097561,0.2831061343719572,0.2455103969754253,0.2912787849093581,0.2652424387902066,0.3651903651903652,0.430005425935974
FSPX-L^C23,15.0,-0.0040753308014642,3.84647518767519e-07,0.0417349072807078,0.0248468797691418,0.2802626780322932,1.1671905027228535,38.9181,-0.7441070423403708,0.0396735204572943,-0.0002739845336607,0.1746182082002342,1.0,0.1127497684578786,0.093418683143461,9.409388120043417e-08,-0.0645817608225767,1.461370777198217e-07,-0.1562384027313886,0.0242544095741153,5.688817474411395e-07,-0.0607038172208909,4.0,1.751587586888354,0.0406072598799455,-0.0259519456390729,0.0342850488803095,0.1659928777041381,0.0171002119301035,0.0480195134996251,0.0793303617483408,0.2302546822287865,0.0,0.0,0.0,0.0,0.0,0.0,0.0,0.0,0.0,0.0,0.0,0.0,0.0,0.0,0.0,0.0,0.0,0.0,0.0,0.0,0.0,0.0,0.0,0.0,0.0,0.0,0.0,0.0,0.0,0.0,0.0,0.0,0.0,0.0,0.0,0.0,0.0,0.0,0.0,0.0,0.0,0.0,0.0,0.0,0.0,0.0,0.0,0.0,0.0
FSQP-L,19.0,0.1127070990220163,0.0001061912935666,11.521935212844095,0.1681077567286304,-0.0224949460138077,2.4161644340645245,-43.6419,2.299056532256391,-0.0433367924206501,-0.0010385186877795,0.078342489246679,1.0,0.1924506615535602,-0.5614898845768743,-0.0001100035786203,0.0643508765842315,1.8895943672890389e-06,0.4827274840178135,0.1112079158885629,0.0019880373498653,0.229389519755365,2.0,0.0014239041088269,-0.0269262820211355,3.1518027898802536e-05,0.2999558591333748,-0.0418490074924029,-0.0050829425535615,-0.1043202956593625,0.4970576818236218,1.6536866802719628,1.0,0.0,0.0,0.0,0.0,0.0,0.0,0.0,0.0,0.0,0.0,0.0,0.0,0.0,0.0,0.0,0.0,0.0,0.0,0.0,0.0,-0.5,-0.5,0.0,-0.5,-0.5,-0.5,-0.5,-0.5,-0.5,-0.5,-0.5,-0.5,-0.5,-0.5,-0.6666666666666666,-0.5,-0.5,-0.6666666666666666,-0.6666666666666666,-0.6666666666666666,-0.6666666666666666,-0.6666666666666666,-0.6666666666666666,-0.6666666666666666,-0.6666666666666666,-0.6666666666666666,-0.75,-0.75
FSRI-L,30.0,0.1519304491540694,1.7794210039916717e-07,0.0193070192816768,0.1368030468433102,0.8174686179159703,1.3787793422812584,15.296,0.3490498904890597,0.0192406183842221,0.0046174120720708,0.0439529889440635,1.0,0.1216131959046599,0.2357472029954727,4.288138567227071e-08,-0.0225020156822605,3.037620649072134e-09,0.073289183222958,0.0726605652792533,6.253737922712827e-08,-0.034849530438957,4.0,0.8677031985048083,0.1566872138323268,0.0079026649845343,-0.1215825212275208,0.0711839811666612,0.035074885483934,0.0473650283791387,0.1391561585448772,0.2857733325612412,-0.0372388737511353,0.0460807600950117,-0.0915841584158415,-0.2021739130434783,-0.1999999999999999,-0.1659090909090909,-0.1836886005560705,-0.0744010088272383,-0.0226364846870839,-0.0712779417967103,-0.112812248186946,-0.1571291866028707,-0.1406829268292683,-0.1330708661417322,-0.0844074844074844,-0.051271003877639,0.038189533239038,0.2189316357597563,0.1722118711738087,0.2896046852122986,0.4097311139564661,0.4110861903236142,0.5420168067226891,0.7420886075949367,0.816082474226804,0.703016241299304,0.6002906976744187,0.6745247148288973,0.7324940991345397,0.9963735267452404,1.2642673521850902,1.3227848101265822,1.3986928104575165,1.4811267605633804,1.4358407079646018,1.3425531914893614,1.2985386221294362,1.335100742311771,1.210843373493976,1.0521901211556384,1.097142857142857,0.9023758099352052,0.7672552166934188,0.7552809884416101,0.8116001645413411,0.6938461538461538,0.8732454274776689,1.2469387755102035,1.317894736842105
FSRJ-L,30.0,0.0618292113859076,-6.82580983257162e-08,-0.0074061192800855,0.1564491320588881,-0.058335242593539,0.657563382862045,406.5,0.4286374709409329,-0.3191434397237679,-0.000897315855181,0.0704859627755001,1.0,0.151349158044228,-1.1741527485000811,-1.5259561832406386e-07,-0.176368838810844,2.009707695941553e-06,0.09,0.0395306979534697,2.091532362943197e-06,0.3808744545149379,2.0,4.423768707531533,0.0571578652515264,-0.4576450599237943,-0.2067563763726128,-0.1589901113477364,-0.0240597253167503,-0.9633821571238348,-0.0354449009627767,1.6536866802719628,-0.0600226500566251,0.0536992840095464,-0.1026422764227642,-0.1257425742574257,-0.1062753036437247,-0.0943589743589743,0.054958183990442,0.0524433849821215,0.0126146788990824,0.0664251207729469,0.0126146788990824,0.0425029515938606,0.0536992840095464,-0.0802083333333333,-0.0221483942414174,-0.0402173913043477,-0.0980592441266597,-0.0145089285714286,-0.0033860045146726,0.0874384236453202,0.1773333333333333,0.1291560102301789,0.3218562874251498,0.3218562874251498,0.2947214076246334,0.2162534435261709,0.1964769647696478,0.161842105263158,0.1148989898989898,0.2401685393258426,0.459504132231405,0.317910447761194,0.3338368580060422,0.2928257686676427,0.590990990990991,0.5356521739130435,0.4619205298013245,0.2760115606936417,0.2871720116618075,0.2145804676753784,0.0499405469678952,-0.0078651685393258,-0.1152304609218437,-0.1534036433365292,-0.0705263157894736,-0.055614973262032,-0.001131221719457,0.0149425287356321,0.0339578454332554
FSRQ-L^J19,33.0,-0.0673430745596799,1.256658021878048e-06,0.1363495238307692,0.0231877359217317,0.0809585967176568,0.6259397297793088,3.0,-0.1848453848483538,0.0048287523777294,-0.0001774654386058,0.0245433789954339,1.0,0.0316226457149225,0.0579672873161197,9.927897737137577e-08,-0.0176165036878113,3.848821990321486e-08,-0.0388115500024596,-0.0254367475259904,1.933221342130734e-06,-0.1340175150519977,4.0,0.4601912806984798,0.0171763811268027,-0.3510450597057854,-0.0779562373110761,0.982043762688924,0.0098349038535202,0.0249647527833146,-0.0179562373110761,0.3561786695970381,-0.0311926605504586,0.092184368737475,0.1168032786885246,0.1354166666666667,0.0686274509803923,-0.0267857142857141,-0.0603448275862068,-0.009090909090909,0.1571125265392781,0.0400763358778626,0.0400763358778626,-0.0180180180180179,0.0480769230769231,0.0,-0.0108892921960072,-0.1779788838612367,-0.2066957787481804,-0.1615384615384615,-0.2781456953642384,-0.2743009320905458,-0.2214285714285714,-0.2055393586005831,-0.1985294117647058,-0.2191977077363897,-0.1985294117647058,-0.2595108695652174,-0.3136020151133502,-0.3433734939759036,-0.31875,-0.3238213399503722,-0.3799772468714447,-0.3337408312958434,-0.3721198156682027,-0.3977900552486187,-0.3869516310461193,-0.413978494623656,-0.3603286384976525,-0.3304668304668304,-0.3170426065162908,-0.3238213399503722,-0.3618266978922716,-0.3603286384976525,-0.3401937046004842,-0.3304668304668304,-0.3417874396135265,-0.3806818181818182,-0.3550295857988165,-0.2684563758389261,-0.2828947368421052
FSSB-L,19.0,0.1313517811740304,4.178138541635818e-07,0.0453335108464626,0.3636963193226725,0.0543271886865272,0.4546993147819085,80.0136,0.0979153146849085,-0.0270621380489373,0.0029952789153024,0.005024221066441,1.0,0.1612792414534438,0.1075690637954603,5.5962850466811545e-08,0.0047138053718228,1.717875503944718e-07,0.020559047957933,-0.007555917144986,1.24838934772035e-06,0.1395409340252999,3.0,2.5848034804687465,-0.1195492483894491,0.1508416241907156,0.1336057221523791,0.0052216740076264,0.0132510508817525,0.0528456878176804,0.0720523408191132,0.5621410912224167,-0.1028189669219489,-0.0471088752251411,-0.1320704017197366,-0.1558227186442542,-0.133809923712606,-0.1427154561265042,-0.1577343782166531,-0.1605856887861524,-0.1034397119086054,-0.0277403716671155,0.0458507655995708,0.0684936276899506,0.0749316892033911,0.0425815658260213,0.0178205670406581,0.0437518601981377,0.0866658993722941,0.1309211193115331,0.0493558012088879,0.1582960572259026,0.2070966346059284,0.3121939746413222,0.3470592754370756,0.3612368024132733,0.410269667827146,0.3769815003870447,0.4239639890482156,0.5350943018660266,0.5536512196048153,0.6048850011114164,0.6047171414750221,0.5344801720258039,0.4937688637912572,0.4728858915435663,0.4881544169354253,0.4517025630107985,0.693736459353913,0.6343106708210169,0.5976570126911813,0.4656747429635912,0.4768201561766794,0.4844288565035981,0.4042835568166218,0.43681592039801,0.4936779720832878,0.5210548491833347,0.7478852781179688,0.6938533300212526,0.6605111138168489
FSSO-L,23.0,0.1059462303865289,7.584225710190153e-07,0.0822901335292521,0.1176075458037528,0.1562497070376585,3.027986214525838,0.927,0.3193879906200248,0.0071984252147624,0.0004338458959657,0.0163690366446968,1.0,0.124077538717389,0.1508384163004744,8.56675108952055e-08,0.0185767797068329,1.320548887026889e-09,0.0670611439842209,0.0487370838117106,7.940093103246253e-07,0.0688926171242375,4.0,0.0390284287711433,0.0914886303131153,0.1897151381538214,0.0200901284384509,-0.2404760256358112,0.0165580244563924,0.0363598370076272,0.1645408752715005,0.2579539851921031,-0.05625,0.0666666666666666,0.0810810810810811,0.0884353741496599,0.019108280254777,0.0810810810810811,0.1188811188811189,0.1267605633802817,0.2307692307692308,0.1940298507462685,0.1188811188811189,0.25,0.25,0.1111111111111111,0.0810810810810811,0.1034482758620689,0.1267605633802817,0.1764705882352941,0.1594202898550727,0.1267605633802817,0.2030075187969924,0.0526315789473683,0.1594202898550727,0.0738255033557047,0.038961038961039,0.142857142857143,0.1111111111111111,0.1034482758620689,0.1347517730496454,0.1267605633802817,0.142857142857143,0.0810810810810811,0.0457516339869281,-0.01840490797546,-0.0123456790123457,0.038961038961039,-0.0588235294117646,0.0596026490066226,0.0666666666666666,0.032258064516129,-0.0303030303030301,0.0,-0.0751445086705201,-0.0123456790123457,0.1594202898550727,0.1594202898550727,0.0958904109589042,-0.906158357771261,-0.9077277970011534
FSSR-L,30.0,0.0547770700636942,1.7655585586286074e-06,0.1915660940154422,0.3369565217391304,-0.1386392811296534,1.1834074863121953,-1.85,-0.318520413650375,-0.1149157693354278,-0.0080845771144278,0.0341179519803963,1.0,0.1363636363636363,-0.0514018691588784,-2.609199840337843e-07,0.0247985120892745,2.761008732628516e-11,-0.0668789808917198,0.0216560509554139,1.8351372210376168e-06,0.1820728291316526,3.0,0.0064652633930117,-0.0909090909090909,-0.1248728824069255,-0.2832397003745318,-0.3935338180215907,-0.0276872964169381,-0.0489443378119001,0.0917602996254681,1.6536866802719628,-0.0731707317073171,-0.0820895522388059,-0.1338028169014083,0.0336134453781513,0.0165289256198346,-0.3910891089108911,-0.427906976744186,-0.445945945945946,-0.3526315789473684,-0.3315217391304348,-0.1907894736842105,-0.1907894736842105,-0.1689189189189189,-0.1458333333333332,-0.1907894736842105,-0.2264150943396227,-0.18,-0.1458333333333332,0.5569620253164556,0.5185185185185184,0.5374999999999999,0.8088235294117645,0.7083333333333335,1.2363636363636363,1.2363636363636363,1.2363636363636363,1.5625,1.3653846153846154,0.921875,1.1206896551724137,0.921875,1.1964285714285712,1.2777777777777777,0.8636363636363635,0.5769230769230769,0.5769230769230769,0.6399999999999999,0.618421052631579,0.8088235294117645,0.618421052631579,0.5,0.4137931034482758,0.3666666666666667,0.618421052631579,0.5185185185185184,0.3977272727272727,0.3666666666666667,0.5,0.5374999999999999
FSSU-L^H22,18.0,-0.1044218877610547,5.179593390693096e-05,5.619946557954964,0.1016154247003647,0.0660004313753684,-0.3567849190219728,6.449999999999999,-0.5710430607664959,0.003364573791731,0.0022868535240999,-0.0502891707300576,1.0,0.2905172413793103,-0.2281731474688188,6.006752791488191e-06,-0.1163291684618604,1.3538892978313588e-08,-0.1199005662201352,-0.1405903628514759,0.0003280573266367,-0.080458183825559,4.0,0.0005710345521117,0.0840403539237574,0.3257131835334303,0.2567475199054146,-0.4911625598431201,0.0037061994609164,0.0283018867924528,-0.4753098963625279,1.233487605776628,0.0,-0.0564516129032258,-0.0564516129032258,-0.0564516129032258,-0.0564516129032258,-0.0564516129032258,-0.0564516129032258,-0.0564516129032258,-0.0564516129032258,-0.0564516129032258,-0.0564516129032258,-0.0564516129032258,-0.0564516129032258,-0.0564516129032258,-0.0564516129032258,-0.0564516129032258,-0.0564516129032258,-0.0564516129032258,-0.0084745762711864,-0.0084745762711864,-0.0084745762711864,-0.0084745762711864,-0.0084745762711864,-0.025,0.0,0.0,0.0173913043478262,-0.025,0.0173913043478262,-0.0168067226890756,-0.0168067226890756,0.0636363636363634,0.0636363636363634,-0.025,0.0540540540540539,0.0636363636363634,-0.025,-0.025,-0.025,-0.025,-0.025,-0.025,-0.025,-0.025,-0.025,-0.025,-0.025,-0.025,-0.025
FSUE-L,30.0,0.0021551724137931,6.163961454398093e-07,0.0668800257975003,0.071853257432005,0.2320960397405823,0.8306918125929732,1258.0,-1.2456131634180956,0.0407599785572239,0.001539837075303,-0.0234434461064012,1.0,1.0675105485232068,0.1253426364315973,8.025707119544018e-08,-0.0419173051351802,1.384906445352705e-07,-0.2615384615384615,-0.009761663286004,4.613416677561018e-07,-0.125937419188001,3.0,2.0598535035342738,-0.0416279101117536,-0.0312168228981011,-0.1931956330360939,0.0563959915555306,0.0261917234154007,0.0489236790606653,-0.0850875249279858,-0.2587400928316676,-0.029989658738366,0.0914221218961626,0.0889639639639638,0.0420258620689655,0.070874861572536,0.097616345062429,0.0804469273743018,0.1636582430806257,0.2910547396528704,0.3337931034482759,0.387374461979914,0.3138586956521738,0.3543417366946779,0.3735795454545454,0.5749185667752443,0.6036484245439468,0.4651515151515153,0.4055232558139534,0.3619718309859154,0.5133020344287951,0.4304733727810652,0.4178885630498532,0.5156739811912225,0.1821515892420537,0.2365728900255754,0.2910547396528704,0.2673656618610747,0.1257275902211874,0.0963718820861676,-0.0082051282051281,0.1403301886792451,0.2012422360248447,0.1403301886792451,0.1114942528735634,0.2256020278833967,0.3138586956521738,0.1735436893203883,0.1218097447795825,-0.1605902777777778,-0.1144688644688645,-0.1867115222876367,-0.2138211382113821,-0.2612681436210847,-0.2767389678384442,-0.3298683298683298,-0.3209269662921348,-0.2905355832721937,-0.1873949579831932,-0.2118989405052974
FSUH-L,30.0,-0.1282292557741659,5.187433563897493e-07,0.0562845327867419,0.0574225451609647,0.1233766233766233,1.0738162609889526,-0.4000000000000003,-0.3372434411891912,-0.0130478822907532,0.0006415739948674,-0.023117569352708,1.0,0.1564495530012771,-0.0619037954130302,5.3535391821270114e-08,-0.0548421004524419,4.724156459598903e-09,-0.0708102108768035,-0.0681779298545765,5.924807828605554e-07,-0.1783657587548638,5.0,0.250506909409385,0.391536225187239,-0.0090387287227931,0.13040980954177,-0.0211194108443874,0.0090275733490334,0.0199048031155344,-0.0575877409787444,0.617099012763961,-0.0739130434782608,0.0502283105022831,-0.0254237288135593,-0.0336134453781512,-0.0170940170940171,0.0267857142857141,-0.0376569037656905,-0.0534979423868313,0.0043668122270741,-0.1785714285714286,-0.2532467532467533,-0.2901234567901235,-0.2834890965732087,-0.3030303030303031,-0.2857142857142858,-0.3333333333333333,-0.3611111111111111,-0.3255131964809384,-0.3274853801169591,-0.3134328358208955,-0.2812500000000001,-0.2812500000000001,-0.2483660130718955,-0.311377245508982,-0.2255892255892256,-0.3134328358208955,-0.3750000000000001,-0.3175074183976262,-0.3134328358208955,-0.2987804878048781,-0.3313953488372093,-0.2857142857142858,-0.2255892255892256,-0.1449814126394052,-0.1512915129151292,-0.1929824561403509,-0.2744479495268139,-0.2307692307692308,-0.2203389830508475,-0.2628205128205129,-0.3352601156069364,-0.3646408839779006,-0.3611111111111111,-0.3611111111111111,-0.3274853801169591,-0.3051359516616314,-0.2744479495268139,-0.2483660130718955,-0.3235294117647059
FSUM-L^D21,30.0,0.0629955947136564,2.507840518555707e-07,0.0272104943903158,0.0325693606755126,0.2642570281124498,1.7380026501125558,-4.65,-0.0978624362878847,0.0137333559512272,0.0026431718061674,0.0412224591329068,1.0,0.2061403508771929,0.1842629482071713,4.9566233966408e-08,0.0243433696348491,6.902521831571291e-10,-0.0205479452054795,-0.086784140969163,2.5816625691439744e-07,-0.0331753554502368,4.0,0.1332981908844081,0.0697599261311172,-0.0315995869792308,-0.0975043454353125,0.0856230021014297,0.0033140016570008,0.0057803468208092,0.042560801144492,0.3729591236358043,-0.1702702702702703,-0.1211401425178146,-0.1741071428571429,-0.1273584905660377,-0.1415313225058003,-0.1355140186915887,-0.1252955082742317,-0.1211401425178146,-0.2464358452138493,-0.2144373673036093,-0.2161016949152541,-0.1552511415525114,-0.2479674796747967,-0.2371134020618556,-0.1722595078299775,-0.1868131868131867,-0.2194092827004219,-0.2177589852008457,-0.2687747035573121,-0.0632911392405063,0.0541310541310542,-0.0026954177897573,0.1178247734138973,0.1044776119402985,0.1974110032362461,0.3028169014084507,0.3405797101449277,0.5289256198347108,0.4566929133858268,0.3653136531365315,0.3503649635036496,0.5163934426229508,0.7050691244239633,0.8137254901960784,0.8686868686868687,0.7209302325581397,0.8316831683168318,0.796116504854369,0.93717277486911,0.8686868686868687,0.7535545023696684,0.8048780487804881,0.8048780487804881,1.2289156626506026,1.6056338028169015,1.5517241379310347,1.7407407407407405,1.761194029850746,1.7407407407407405
FSUN-L,19.0,0.1013417746025198,2.357621457794227e-07,0.0255805921377902,0.1044035624484141,0.4553802232228661,1.1024635270731968,-51.125999999999976,0.257113748285953,-0.0017390157142455,0.0066435897575514,0.008532319580452,1.0,0.3022126684960378,0.0982018781742246,3.4104679970761776e-08,0.0114893936169938,4.756588968570308e-06,0.0539855680254434,0.0312461381725226,1.0089220743783889e-07,0.1085409807149073,4.0,28.847435119345903,-0.0595751149272537,0.009883876364034,-0.0972498213554004,-0.0145701443027825,0.0212464707672746,0.0303429149472327,0.0475703069666266,0.545214790875762,-0.031215279614835,0.0774097930798607,0.0226153762917273,0.013838974413989,0.0132954484533318,0.0228920878882994,0.0435622791519434,0.0777784113588413,0.1760204081632652,0.2312552928148004,0.1903892177856152,0.1462793377403117,0.1605673584673952,0.1176087984862819,0.183828134786421,0.1583624440767297,0.2074230228695541,0.1768258514413796,0.1377234695720219,0.2228907867494822,0.2339078208643425,0.2460280835915353,0.3088428779170418,0.2903468050245767,0.4128419793691134,0.2825541154916196,0.2851703270551438,0.334533644001977,0.3140294771968852,0.3048671039005868,0.4461361897475133,0.5166907398491412,0.559617130126248,0.524274193548387,0.5885863170280718,0.6377263668659561,0.6058623619371282,0.5963682432432431,0.6744330262225371,0.7284865112025607,0.54092613729007,0.654064933928415,0.5196173018170123,0.4999603206094754,0.5197394870145533,0.6027304333078944,0.570763733067398,0.7466962387949359,0.7354696538426224
FSUW-L,20.0,-0.0173741171339693,2.993568675969723e-07,0.0324807271681737,0.0986120321833816,0.0915497441203863,0.6678144118919127,-139.13460000000003,0.2659175018626141,-0.0030646407468053,-0.0074500396846108,-0.231985586274688,1.0,0.0857337124039201,0.4542827993201487,1.526938382949018e-07,-0.1063969166708082,5.883542590517819e-06,0.0558340714242717,-0.1547837976169396,2.381441612391063e-06,-0.0585804041540794,4.0,4.857933312748258,0.0809372544263808,0.0414630623086059,-0.0840827909953013,-0.1415781573565268,0.0035698430902142,0.0322084459792275,-0.2122521340228815,0.0259004297013444,-0.0236318407960198,0.0649006622516554,0.040103492884864,-0.0313253012048194,-0.0496453900709221,-0.0171149144254278,0.0177215189873416,0.0012453300124533,0.0138713745271121,0.0998632010943911,0.1013698630136985,-0.0012422360248449,-0.0507674144037781,-0.1155115511551155,-0.060747663551402,-0.0884353741496599,0.0509803921568625,0.0998632010943911,0.1893491124260353,0.3289256198347106,0.2721518987341771,0.2542901716068642,0.3355481727574749,0.4105263157894734,0.5733855185909977,0.3512605042016805,0.4618181818181817,0.191111111111111,0.0113207547169809,0.0496083550913837,0.214501510574018,0.1308016877637128,0.2072072072072071,0.1840942562592045,0.113573407202216,0.2237442922374426,0.2641509433962261,0.1618497109826588,0.4006968641114981,0.1074380165289254,-0.0507674144037781,-0.0530035335689047,-0.1598746081504704,-0.2209302325581396,-0.2055335968379447,-0.2320916905444127,-0.226923076923077,-0.2717391304347826,-0.3180661577608142
FSVP-L,20.0,0.0932614738231712,7.208609688804434e-07,0.0782146360774783,0.0682747611241475,0.2322489939584943,1.6444594635400849,-35.89149999999995,0.2585226295117174,-0.0019967178842968,-0.0035011516126526,0.0297648315307752,1.0,0.2134786828103253,0.1413201489445997,1.1700300895912261e-07,-0.0181348649977522,1.2925170684165897e-05,0.0542813874974099,0.0738023245714422,8.92963171803281e-07,0.0580642978045565,5.0,6.25411062735814,-0.0163799559821456,-0.0223205103417716,-0.0872392334257954,-0.0092884243266875,0.0181064336369386,0.0416856896350945,0.0211184426671289,0.5088968851356814,-0.1000575515908904,-0.0515439800374298,-0.0970304380103934,-0.1394509692939013,-0.2809765902104516,-0.2910765285306289,-0.3637932838162988,-0.3775014074415271,-0.3818671545459166,-0.3791536930223061,-0.417703944848717,-0.3935480654168328,-0.3693679680613885,-0.375519843918468,-0.3586945059580302,-0.3010171829205218,-0.2921492172496073,-0.2732867299994026,-0.3010573497299161,-0.3024202798807066,-0.3030997536240188,-0.2667148972086574,-0.2271571991358495,-0.2238034460753031,-0.1351063073312949,-0.2219663532271477,-0.249845812261009,-0.2353200050295486,-0.2331021437578815,-0.1762275651879445,-0.1762833536502777,-0.1988539059412462,-0.2200705354280218,-0.1847308800857966,-0.155640402637973,-0.2645422662958036,-0.2421334662595801,-0.2340197745449965,-0.1339978640085439,-0.1088724448677559,-0.1488453463960812,-0.218064930890389,-0.2011165845648604,-0.2189687279265395,-0.2362802963707145,-0.2218170185540627,-0.2087047036627416,-0.1086765352484245,-0.093666169895678
FSVT-L,30.0,-0.0413932357395254,-2.0672475632319347e-06,-0.2242998619988486,0.0853954391072295,0.03165391717225,1.52047465092263,0.9499999999999996,-0.2115243869897071,-0.029264905325525,0.0020191822311963,0.0712830957230142,1.0,0.1719077568134171,-1.1764705882352942,-5.053271821233619e-06,-0.0453608247422678,2.9820964120546147e-10,-0.0444132772323514,-1.0760364499143363e-16,0.0004336625999313,-0.0078822911192853,4.0,0.000122403077257,0.0270944457713025,-0.0546860765208027,0.029859529028148,0.0427189823041531,0.0114257327372081,0.4509803921568627,0.0447110141766629,1.6536866802719628,0.0,0.0,0.0,0.0,0.0,0.0,0.0,0.0,0.0,0.0,0.0,0.0,0.0,0.0,0.0,0.0,0.0,0.0,0.0,0.0,0.0,0.1538461538461537,0.1538461538461537,0.1538461538461537,0.1538461538461537,0.1538461538461537,0.1538461538461537,0.1538461538461537,0.1538461538461537,0.1538461538461537,0.1538461538461537,0.1538461538461537,-0.0131578947368421,0.0869565217391306,0.0869565217391306,0.0869565217391306,0.2931034482758621,0.2931034482758621,0.2931034482758621,0.2931034482758621,0.2931034482758621,0.2931034482758621,0.2931034482758621,0.2931034482758621,0.2931034482758621,0.2931034482758621,0.2931034482758621,0.2931034482758621,0.2931034482758621
FSVZ-L,30.0,0.0523535387741279,1.6671742905419268e-07,0.0180891234290272,0.120414467756468,0.3321845335268154,1.0232774222921488,37.99999999999999,0.1719221967890209,0.0276990103105093,0.0045717592592592,0.0108301396050884,1.0,0.2235701906412478,0.2587113740959894,4.856967670669938e-08,-0.0196680196680179,1.0804763239077938e-08,0.0360980986497657,0.0208601422282424,1.7131097534962688e-07,-0.0923875432525951,4.0,1.2914472537395596,0.1302715193529752,-0.0052274536545885,0.0502620394132729,0.0080963705539263,0.0482322563559321,0.1132442095445359,0.1548012416140982,0.4847651675920501,-0.0157728706624605,-0.0223592906707786,-0.1368277739959156,-0.116991643454039,-0.0884255930984903,-0.0178156467854376,0.0184738955823293,0.0949913644214162,0.101650738488271,0.1171806167400881,0.1122807017543858,0.1281138790035585,0.1171806167400881,0.1191526919682259,0.1392632524707997,0.1281138790035585,0.1413141314131414,0.176252319109462,0.1271111111111111,0.2192307692307691,0.2957285918659309,0.3921826965305226,0.4615029967727062,0.5152963671128106,0.498109640831758,0.4494741655235481,0.3977072310405642,0.4635272391505078,0.5989911727616646,0.6794701986754967,0.8339600809950825,0.856515373352855,0.7798989331836048,0.9646730709637432,1.1084137013634852,0.931160523911057,1.02297383535418,1.0678408349641226,1.237910342393223,1.0732504905166778,0.8801897983392646,0.8630620041140169,0.8088445078459345,0.8576032815704657,0.8592375366568914,0.9862155388471175,1.0664928292046936,1.2044506258692629,1.2667143367894171
FSWP-L,16.0,0.1764872835095351,3.565960552852389e-07,0.0386912759808821,0.0487679130058026,0.2413675401283373,1.410657000649254,-6.184099999999999,0.751827466764243,-0.0266992161047135,0.0037609834344511,0.0811211656309465,1.0,0.1089725909586073,0.075949148499386,3.7222541257667625e-08,0.0140639203403791,5.2767050601488975e-09,0.1578594420600857,0.167787593866946,3.054579184530545e-07,0.3205386963240176,5.0,0.3684367612197705,-0.3049584137539174,-0.0754604321539553,-0.1862258445046361,-0.0194395347181334,0.0115399147378835,0.0214249329816579,0.0182796765367882,0.472046024539001,-0.0382608695652173,-0.0332072299285414,-0.0905496243574535,-0.0604575163398692,-0.1254752851711027,-0.0396659707724426,-0.0311710193765795,-0.0158322635857938,0.0633379565418401,0.0217681030653043,-0.0047598442232799,-0.0400667779632721,-0.0307627475769068,-0.0880253766851704,-0.0384615384615385,-0.0221088435374149,-0.0718321226795803,-0.0748189863234111,-0.017094017094017,-0.0440565253532834,0.0454545454545454,0.0905642484589852,0.1302211302211302,0.064322073114299,0.1837364899639733,0.2240553485896754,0.0952380952380953,0.1224987798926307,0.25,0.2588943623426383,0.3279445727482679,0.3112884834663627,0.379724055188962,0.4145141451414513,0.4935064935064934,0.4075887392900856,0.481958762886598,0.4206300185299567,0.5013054830287207,0.6323633782824698,0.6678752719361858,0.7705927636643572,0.8025078369905956,0.5241882041086812,0.7719568567026194,0.8025078369905956,1.0554066130473636,1.1062271062271063,1.051739518287243
FSWY-L,30.0,-0.1854953277912238,2.6606039849609894e-07,0.0288680038750337,0.0650172114486688,0.15334180201022,2.977815224398784,45.97340000000003,-0.9102268233930536,-0.0138361873208611,-0.0005250945707107,0.0287813604794175,1.0,0.2173112454480772,-0.0998036940081443,5.513967450712856e-08,0.0192827937495383,2.034757727163089e-06,-0.1911181818181817,0.016744533305272,3.994184240548678e-07,-0.2341971814735454,2.0,3.2704324031461613,-0.1264304163082268,0.0060272806725481,-0.0170467572069142,0.6582403573305307,0.0273439269870503,0.0683867706575151,0.0395903573305307,0.6803514306966691,-0.0350067320638584,-0.0190566037735848,-0.2037065400520754,-0.1701516360734237,-0.1340772818121252,-0.1358045212765957,-0.1176171079429735,-0.0642548596112311,-0.0289503175196114,0.0114785992217898,-0.0340022296544035,-0.0245778611632269,-0.0291316526610643,-0.0144075829383886,0.0688733552631579,0.1199913830245584,0.1326797385620914,0.0979936642027454,0.0204121687929341,0.0601549755301795,0.0513650151668352,0.0214145383104127,0.048819850716159,0.0477629987908101,0.1144694533762058,0.2090697674418604,0.1765105227427021,0.1875285518501599,0.2390371782650142,0.3082536487166583,0.3581504702194358,0.3606385762889297,0.306281407035176,0.3889927865348652,0.5065198493190382,0.4085613654836089,0.3434108527131783,0.3535537620411353,0.3746694870438922,0.2689773004637541,0.2264685067232839,0.2742647058823531,0.2936053744712616,0.3479388125486129,0.3026810323227262,0.3030075187969925,0.3790450928381963,0.4104720564297341,0.4365846919038409
FSXE-L,30.0,0.3203840267149019,6.376937590684015e-07,0.0691908529489081,0.0554291013319844,0.0767649365237479,0.7850630242668947,-15.4,0.8336055292312521,-0.0365301938229777,0.0007725321888412,0.0811747140277591,1.0,0.2999297588386794,0.4584297183290243,1.5766826474447323e-08,0.1299545470899017,4.8755923407152825e-08,0.1750301891855628,0.0331153471545846,7.72247261226751e-07,0.2230964945344892,5.0,0.9450915869962448,0.0716069616795442,0.0708320663330138,-0.1405705216794177,0.0033170844151536,-0.0013641549680043,-0.0029391332228931,0.0398998259688441,1.0202934800923242,-0.156595191682911,-0.0332914572864321,-0.1353932584269662,-0.1839872746553552,-0.1929732564237021,-0.2079258878023674,-0.3073807380738073,-0.2831858407079645,-0.228184553660983,-0.2231196365471983,-0.2988610478359909,-0.275082430522845,-0.2155963302752294,-0.2246851385390428,-0.2199695894576786,-0.1421404682274247,-0.1548599670510708,-0.1324689966178127,-0.1506622516556292,-0.227021597187343,-0.1938187532739653,-0.20010395010395,-0.236228287841191,-0.1857142857142856,-0.1938187532739653,-0.0728915662650603,-0.1195652173913043,0.0098425196850393,0.0853314527503525,0.0613793103448276,0.3131399317406143,0.2825,0.4289693593314765,0.5688073394495412,0.7730414746543781,0.5390000000000001,0.3301642178046673,0.4316279069767441,0.3031329381879764,0.1357933579335792,0.0219123505976095,-0.1047120418848167,-0.2131901840490796,-0.1835543766578249,-0.0920353982300884,-0.1041909196740394,-0.1124567474048442,-0.1685575364667747,-0.1585565882996171
FSXI-L,30.0,0.1253487962473695,5.370574874789372e-07,0.0582716470293687,0.1080647604105583,0.6352706017747357,1.3874895441186916,4.5045,1.2229985453458716,-0.0080731220835652,0.0047531357115308,0.0021466846451367,1.0,0.5590097869890616,0.0976127816258292,8.706316336447953e-08,-0.001339070545464,3.1442742547913307e-10,0.2567901234567901,0.0853102316656005,1.5613865974977625e-07,0.2324716594171868,3.0,0.0984709270186445,0.0141448947332119,-0.0854480036176344,0.1006472147484413,0.0588009368671368,0.0376279424181889,0.0485675096624649,0.2266872007182763,0.3539159569558531,-0.0388059701492536,-0.0317919075144508,-0.0994623655913978,-0.0821917808219178,-0.0994623655913978,-0.1707920792079208,-0.092140921409214,-0.0796703296703297,-0.0796703296703297,-0.1365979381443298,-0.0821917808219178,-0.1298701298701299,-0.0821917808219178,-0.0289855072463768,-0.0074074074074074,0.0737179487179486,0.0029940119760478,0.0601265822784808,0.0307692307692308,-0.0029761904761904,0.0307692307692308,0.1298482293423273,0.2293577981651375,0.2293577981651375,0.2181818181818182,0.3267326732673268,0.1111111111111111,0.1260504201680672,0.321499013806706,0.5227272727272727,0.2407407407407407,0.1964285714285716,0.1260504201680672,0.1551724137931034,0.098360655737705,0.252336448598131,0.2761904761904763,0.3673469387755101,0.4255319148936169,0.5654205607476634,0.4922048997772827,0.456521739130435,0.6262135922330097,0.7135549872122762,0.642156862745098,0.887323943661972,0.7962466487935658,0.8767507002801123,0.7447916666666667
FSXN-L,32.0,0.017159644788676,1.6068835781820458e-06,0.1743495898821921,0.0527573228604156,0.0409804488105557,0.6216345767007282,-7.950000000000001,-0.2162498822645376,-0.0344490299205636,-0.0007511517660412,-0.08067940552017,1.0,0.0166521323865288,0.0281296972299764,7.551144634314126e-08,0.0143987289397865,1.0581087487127526e-08,-0.0454054783430036,0.0142551912933163,3.505744748890904e-06,0.0122093023255813,4.0,0.1675490772895325,0.0028236970632278,-0.0429872278991452,0.0190946779009137,1.1285474142193217,0.0023664300236642,0.0077291530590028,0.1285474142193216,0.3417619139228723,-0.06,-0.0099009900990099,0.0204081632653061,0.0989010989010987,0.0638297872340425,0.0,0.0101010101010101,-0.0740740740740741,-0.0099009900990099,-0.0384615384615385,-0.1071428571428572,-0.1071428571428572,-0.1452991452991452,-0.0740740740740741,-0.0825688073394496,-0.1304347826086955,-0.1379310344827585,-0.1735537190082644,-0.2537313432835821,-0.3006993006993006,-0.2537313432835821,-0.2592592592592593,-0.2481203007518797,-0.2647058823529412,-0.2537313432835821,-0.2537313432835821,-0.3243243243243243,-0.3243243243243243,-0.2805755395683452,-0.2700729927007299,-0.3421052631578947,-0.3055555555555556,-0.3464052287581699,-0.375,-0.3788819875776398,-0.3975903614457831,-0.4186046511627906,-0.3827160493827161,-0.3421052631578947,-0.3421052631578947,-0.358974358974359,-0.3902439024390244,-0.4011976047904191,-0.3710691823899371,-0.3670886075949368,-0.3377483443708609,-0.3150684931506849,-0.3055555555555556,-0.3006993006993006
FSXX-L,30.0,-0.0205302295505981,3.49940709879403e-07,0.0379691597318975,0.0306981350057765,0.2307327108719734,1.4888427435311318,1.3175000000000008,0.2484854904005406,0.000329082295183,0.0018007202881152,0.0360968875341951,1.0,0.1925722145804676,0.0701754385964912,5.15158618806072e-08,-0.0115965700285827,2.5611215587817402e-09,0.0521739130434782,0.0379890074361461,3.4363030363567605e-07,-0.098977135980746,4.0,0.2450460387357997,0.0165664713909148,-0.0274822562207884,0.2491969645297202,0.0536322455365337,0.021728824273072,0.0486725663716814,0.1110011871784725,0.3719874269654081,0.0471014492753623,-0.0960698689956333,-0.1356993736951983,-0.0930996714129245,-0.0990206746463547,-0.0580204778156996,-0.08,-0.0142857142857144,0.0534351145038167,0.0415094339622641,0.1054739652870493,0.0581469648562298,0.0683870967741935,0.044794952681388,0.0670103092783505,0.0656370656370655,0.0760233918128654,0.0209617755856965,-0.0315789473684212,0.0311332503113324,0.0241187384044525,0.0072992700729925,0.091628213579433,0.0615384615384615,-0.0018083182640145,0.0184501845018447,0.0184501845018447,0.0514285714285713,0.1342465753424657,0.1645569620253162,0.2266666666666665,0.1703180212014132,0.2738461538461538,0.7322175732217571,0.5404651162790697,0.4178082191780821,0.6219392752203718,0.7249999999999999,0.773019271948608,0.5741444866920151,0.4865350089766604,0.2176470588235293,0.2583586626139815,0.4178082191780821,0.2917316692667706,0.4275862068965517,0.5095715587967182,0.3811509591326103,0.644488579940417
FTAE-L,30.0,0.1261846080622136,0.0001229375,13.338926974654605,0.009159970380934,0.5369544690890473,1.3704545901683332,27.200000000000003,0.4936993349737136,-0.0013083787650883,0.0019940346526358,0.0116400523374422,1.0,0.1416571210385643,0.166876425454708,2.499543269230769e-05,0.0105716734323611,7.106051345365971e-08,0.1036608863198457,0.0970512008677778,4.7470961538461535e-05,0.0328312808770628,3.0,0.0058479769271,-0.4221272572348525,-0.0190700663061221,0.0537608120728525,0.0400778728915203,0.0359853699933643,0.0498807242579484,0.1559872912938171,0.3853539563733929,0.0,0.0,0.0,0.0,0.0,0.0,0.0,0.0,0.0,0.0,0.0,0.0,0.0,0.0,0.0,0.0,0.0,0.0,0.0,0.0,0.0,0.0,0.0,0.0,0.0,0.0,0.0,0.0,0.0,0.0,0.0,0.0,0.0,0.0,0.0,0.0,0.0,0.0,0.0,0.0,0.0,0.0,0.0,0.0,0.0,0.0,0.0,0.0,0.0
FTAG-L,30.0,0.1283967391304348,2.186744076031648e-07,0.023726543603412,0.2875536480686695,0.3285135916714864,1.4333186927201509,-2.35,0.0305689253274093,-0.009406175526563,0.0039653929343907,0.0159453302961276,1.0,0.3805309734513274,0.5251798561151079,5.105841120922952e-08,0.0102138525375038,2.2249828455430515e-10,0.0064184852374839,-0.0033967391304348,2.0964893087426054e-07,-0.1124454148471615,4.0,0.1090285431602681,0.0317489280175166,0.0251225490196079,-0.0409527343047309,-0.0529043813555198,0.0084286574352799,0.0165094339622641,0.014093137254902,0.1503351527519966,-0.0458015267175572,0.0737704918032786,0.0,-0.0742049469964665,-0.096551724137931,-0.0934256055363321,-0.0642857142857142,-0.0367647058823529,0.0314960629921259,0.1101694915254236,0.0355731225296442,0.0746513535684987,0.1148936170212766,0.3126252505010019,0.3951011714589989,0.3936170212765957,0.3232323232323231,0.2855740922473013,0.194165907019143,0.2488083889418493,0.360332294911734,0.3422131147540983,0.2511938872970389,0.2584053794428433,0.2596153846153846,0.3205645161290322,0.2868369351669941,0.5745192307692306,0.5502958579881658,0.5321637426900583,0.4653243847874722,0.7654986522911051,0.6624365482233503,0.7236842105263159,0.6903225806451612,0.3232323232323231,0.2220149253731342,0.1225364181662382,0.4101184068891281,0.5303738317757007,0.617283950617284,0.5821256038647344,0.5429917550058891,0.7057291666666667,0.6794871794871795,0.784741144414169,0.6416040100250626,0.7124183006535947,0.7945205479452055
FTAK-L,32.0,0.4224300024728337,2.949128226231337e-07,0.0319985407614376,0.0305731748334426,0.0851547031638306,2.195743293380726,4.1585,-0.1810068353190829,-0.0040855935707301,0.0013969795037756,0.0555583401954817,1.0,0.4319127346524606,1.689725221853951,3.58915911514818e-08,0.2671664127489119,2.374151673062229e-09,-0.0380055788005578,0.0184622706213345,8.963988389087065e-07,0.2315295001878991,4.0,0.0719496630099783,-0.0851339956678811,0.1729135362360336,0.5342172163224652,-0.2033971576551757,0.0192329139168427,0.0776920936518662,-0.0321930400877911,0.9943725133524276,-0.0285714285714285,-0.0666666666666666,-0.1161616161616161,-0.125,-0.1048593350383632,-0.146341463414634,-0.1400491400491401,-0.1822429906542056,-0.0789473684210525,-0.1400491400491401,-0.0789473684210525,-0.2204899777282851,-0.1860465116279069,-0.2081447963800905,-0.1566265060240964,-0.1860465116279069,-0.1666666666666667,-0.1784037558685445,-0.2239467849223946,-0.2553191489361702,-0.1935483870967741,-0.2738589211618257,-0.2045454545454545,-0.2134831460674158,-0.1566265060240964,-0.0666666666666666,-0.054054054054054,-0.0489130434782608,0.0204081632653061,0.0447761194029849,-0.0277777777777777,-0.0765171503957783,-0.1315136476426799,-0.1025641025641025,-0.1379310344827585,-0.1139240506329114,-0.054054054054054,0.0574018126888218,0.0869565217391303,0.0802469135802468,0.0416666666666667,0.1513157894736843,0.0971786833855798,0.2068965517241379,0.3257575757575757,0.2411347517730497,0.2773722627737225,0.2152777777777779,0.25
FTAM-L,19.0,0.034012015203325,1.343627394696193e-06,0.1457858480853925,0.0253757706236547,0.0738726003866653,0.6775644841611317,26.5715,0.1022842708777843,-0.0314553278919616,-0.0041396405593463,0.2439825323048233,1.0,0.0614719946408162,0.0079738262152331,1.3655211409185148e-08,-0.0293781062878753,1.0694327863761997e-07,0.0214763873974731,0.0354702405810275,1.888408728035304e-06,0.0533605224916887,5.0,0.7786688116473673,0.24765978795636,-0.0334742666383891,0.1141087690171336,0.0432981438771792,0.0059877866249964,0.0147108991040971,0.1270251271556164,0.4281520218343461,-0.0054982817869415,-0.0254521098459477,-0.0906249999999999,-0.1666666666666666,-0.2721360680340169,-0.217741935483871,-0.2768389662027832,-0.3223102002794596,-0.2885085574572126,-0.2644084934277048,-0.2530800821355236,-0.2118093174431202,-0.1584731058415268,-0.2198391420911527,-0.2839566929133857,-0.2198391420911527,-0.2640364188163884,-0.2874632713026445,-0.2789890981169474,-0.2126623376623376,-0.2231713828083288,-0.2472840144852559,-0.2743142144638404,-0.2480620155038759,-0.1385435168738898,-0.1192493946731234,0.0055286800276435,-0.0900562851782363,-0.0655105973025047,-0.0849056603773584,-0.1276978417266187,-0.1486249268578116,-0.079696394686907,-0.0808591282375236,-0.0135593220338982,-0.1633122484186313,-0.21308815575987,-0.1138855054811206,-0.36435124508519,-0.3901927912824811,-0.449697428139183,-0.4578986587183308,-0.3169014084507042,-0.3288745387453874,-0.3422242314647378,-0.3074726320799619,-0.3100995732574679,-0.1839596186203027,-0.2264752791068579
FTAN-L,18.0,0.0982441518998211,4.035491851841753e-06,0.4378577010149939,0.0988200524399772,0.0698241594213806,0.7840252725334766,-985.8480999999996,0.2239557549023562,0.0008157418192456,0.002103751177146,0.0468499378870353,1.0,0.1044131460955175,0.0889101471113512,4.181692582361723e-07,0.0052767955691888,0.0003646299632818,0.0470234622674637,0.0820577278061001,1.174340291998978e-05,0.1015649334831204,5.0,7.329807724725005,-0.0392668855985443,0.0363731942505015,-0.1108008122333802,0.084507459906593,0.0062945677139342,0.0244428225207171,0.0347057925235757,0.4755575579474639,-0.0733655819407798,0.0254020742522169,0.0083511935555391,0.0966082623372448,0.0463190184049078,0.0941459502806736,-0.0382744766335377,-0.0997030682942924,-0.034736469755925,-0.0217251021725102,-0.1227979940851228,-0.0800970873786407,-0.1136806548005716,-0.0468073215034231,0.1230553955058029,0.1763083024398655,0.166652415562206,0.1415662650602409,0.1520729544878831,0.1135232188035582,0.1785436641616999,0.1291897707522966,0.1009440813362381,0.2067928533522023,0.3530345101150336,0.2211581491094603,0.3431777909037212,0.3091537132987909,0.2936380013273916,0.4310887350534926,0.3358135891913061,0.3608617594254937,0.5839331321105177,0.5933668106971857,0.6993398928882799,0.3854589764419169,0.4914735461303017,0.689031938598663,0.8348574502420656,0.1304059652029825,0.0602222394902478,-0.1088177661659046,-0.135799341271852,-0.199483689274818,-0.2318865056578281,-0.1721878412813978,-0.1051354364793074,-0.0501253132832079,-0.0690502183406114
FTAT-L,20.0,0.0131207288947423,1.0870347631255408e-06,0.1179451129577431,0.1025632384600379,0.0934678865507423,1.518934609080646,-49.9319,0.0902252765595255,-0.0278514535646264,0.0010139760081779,-0.0120414258076991,1.0,0.1572326626669391,-0.0496813284845988,3.0945803668431714e-08,-0.051142651397858,1.215024037216661e-07,0.0189443887687464,0.0816266148171185,2.2827201008664565e-06,0.0374265934201516,4.0,0.3245642116750129,0.1595294339942393,-0.1552285080288535,-0.146495401855037,0.0886742056054387,-0.0016432361863526,-0.0052340177152358,0.0631602122718546,2.4311749443104755,-0.0955986748698533,0.2349503214494448,0.0965230928905034,0.0808184143222505,-0.0056470588235294,-0.1243265644426026,-0.2619629758994062,-0.3157383419689119,-0.3060755336617405,-0.4087856743144936,-0.3458204334365324,-0.3429726368159204,-0.3159598575590806,-0.4127292940522512,-0.4069604266067921,-0.424877517691889,-0.4348756351965767,-0.4643852978453739,-0.4690954773869347,-0.4586215731488599,-0.4582051282051282,-0.4594525454080328,-0.3921173762945914,-0.3534271725826193,-0.3627864897466827,-0.4196649272177972,-0.3981771575049844,-0.3190460844344184,-0.374667061260728,-0.3707564026206075,-0.3067585301837271,-0.2989382879893829,-0.2670828997571973,-0.17104746959592,-0.0516157989228007,0.0066698427822773,0.1144514767932487,0.0791624106230848,0.2115825688073394,0.1477457903313415,0.1132771338250788,0.1712860310421287,0.1115202524986846,0.099375650364204,0.160989010989011,0.067171717171717,0.0554445554445555,0.0522908366533865,-0.0271639042357274
FTAU-L,30.0,0.0339935408918631,1.0681352695123555e-06,0.1158944858898084,0.0075314228906441,0.2465004821285567,0.6405633808782102,18.0388,-0.1399733804742623,0.0294353514763664,-0.0029899424018226,0.0915789008661094,1.0,0.0368308076836844,0.0402770011570183,1.032930145493455e-07,-0.012960855510866,1.6321491087555882e-08,-0.0293898809523808,0.0227564454015373,6.129720266019299e-07,0.0232236909237061,4.0,0.5450278940357489,8.096054129947223e-05,0.061070154468629,-0.2479773902648011,-0.0361170961914877,0.0154876297760928,0.0244147070995105,-0.0273449387702531,0.0648935160667134,-0.0579710144927535,-0.0585559977259807,-0.1670020120724346,-0.1732401397903146,-0.0241602828520919,-0.0360884749708964,-0.0970556161395856,-0.0784641068447412,-0.5708732832339984,-0.5555555555555556,-0.5662650602409639,-0.5765788800818206,-0.5439272927568164,-0.5535184685899165,-0.5312765355222191,-0.5088967971530249,-0.5169194865810969,-0.506996129800536,-0.524547803617571,-0.4948139109212935,-0.4697406340057637,-0.47361729179911,-0.4330708661417323,-0.4301445285615967,-0.3729647860658842,-0.4064516129032258,-0.4113046569498756,-0.3753300641267447,-0.3505882352941176,-0.3240816326530612,-0.3003802281368822,-0.2997885835095137,-0.2717678100263853,-0.2170212765957446,-0.1793855302279485,-0.2114285714285715,-0.2125534950071327,-0.1572519083969465,-0.0975476839237058,-0.0935960591133004,-0.1019522776572668,-0.1191489361702128,-0.1546707503828485,-0.2382704691812327,-0.271447426308843,-0.2688741721854305,-0.2610441767068273,-0.243144424131627,-0.2400183570445159
FTAW-L,29.0,0.0342165201204603,5.967387408000125e-07,0.0647471640994709,0.2615272499472209,0.0314119365622358,5.793689442827892,3.8061000000000007,-0.2746156595881091,-0.0022536347445076,-0.0023533127039305,-0.001773701650005,1.0,0.2707045924187264,0.0360962618988953,1.913741993235272e-08,-0.0187275038175068,2.9558588569308072e-06,-0.0576604031109908,-0.0132901194791554,6.793774504296305e-06,0.0365668143235387,4.0,0.2878590024476732,0.0187040744760012,-0.0207998348197689,-0.0047205132458866,0.0262610548902557,0.012734247708968,0.1573217849703898,-0.0231918888949301,10.07244142379604,-0.2387267904509283,-0.062189054726368,-0.3044280442804428,-0.3599320882852291,-0.4155038759689923,-0.4528301886792453,-0.4835616438356164,-0.539119804400978,-0.5402439024390244,-0.6019007391763465,-0.6321951219512195,-0.6609712230215827,-0.6145194274028629,-0.6164801627670397,-0.5754504504504505,-0.5569917743830788,-0.5533175355450237,-0.8552783109404991,-0.8544963334619837,-0.8522148177185418,-0.8522148177185418,-0.8512820512820513,-0.8602668643439585,-0.8588014981273409,-0.8399830220713073,-0.8462479608482871,-0.8344312692138779,-0.8334069818824569,-0.8445360824742267,-0.8369377162629758,-0.8334069818824569,-0.8268259072117593,-0.8232536333802156,-0.7898550724637681,-0.8100755667506297,-0.8267463235294118,-0.8227550540667607,-0.8117823265102346,-0.7944383860414395,-0.7969843834141088,-0.813181367690783,-0.8147420147420148,-0.8338475099162627,-0.8423913043478262,-0.8381974248927039,-0.8267463235294118,-0.8212422949265055,-0.8085322498730321,-0.8238317757009346
FTBK-L,30.0,0.0111404280269715,1.5361752732973194e-06,0.1666776190404312,0.0193281566509115,0.2093187933720436,1.7418336515363666,-151.0,0.2574399224870468,-0.0098936387385587,-0.0004886152643408,0.281235367569572,1.0,0.0679871520342612,-0.0033968394624132,1.1040975215607589e-07,-0.0092322643343051,1.1034565233259775e-06,0.054054054054054,0.0748558584970194,8.193086556901382e-07,0.0395725014442518,4.0,1.2350274746921714,-0.0355498472293929,-0.009174558338011,-0.2046747027961097,-0.0204477405027784,-0.0006229633889208,-0.0009471076788576,0.0383073496659242,0.6717036618836632,-0.1440329218106996,-0.0725190839694656,-0.05078125,-0.1131386861313868,-0.1762711864406779,-0.1790540540540539,-0.20327868852459,-0.1790540540540539,-0.167808219178082,-0.2997118155619597,-0.3116147308781869,-0.2810650887573963,-0.2613981762917933,-0.2135922330097086,-0.1845637583892616,-0.1762711864406779,-0.1818181818181817,-0.20327868852459,-0.2591463414634145,-0.2873900293255131,-0.2453416149068322,-0.2680722891566264,-0.2724550898203591,-0.3057142857142857,-0.3017241379310345,-0.3324175824175823,-0.3588390501319261,-0.3450134770889487,-0.2789317507418397,-0.2636363636363635,-0.3324175824175823,-0.3324175824175823,-0.3588390501319261,-0.2894736842105262,-0.25,-0.2636363636363635,-0.3135593220338982,-0.3174157303370786,-0.3193277310924369,-0.2976878612716762,-0.3305785123966941,-0.3096590909090908,-0.3360655737704917,-0.3135593220338982,-0.3396739130434782,-0.3432432432432432,-0.2746268656716417,-0.2852941176470588,-0.2211538461538461
FTBO-L,30.0,0.1075134054539355,1.7261436827671634e-06,0.1872895132257655,0.0521671106233852,0.130256510192756,1.1796638346263912,-55.68,0.5202690946379938,-0.0029570234025914,-0.000848379467682,0.0338228533656889,1.0,0.1017555554103138,0.06476073114403,9.165437804606909e-08,0.0356420724892485,3.103124279169111e-07,0.1092396761641772,0.080308661099658,1.8106152570060928e-06,0.1611928136179188,5.0,0.5924370549479875,0.0559669558672245,-0.005626211317068,0.0474459844737596,-0.0079329766290077,-0.0031900234736146,-0.0068824035855892,0.1175946184630317,0.8313904508432376,-0.1010452961672474,-0.0473029045643154,0.1332675222112536,0.0669144981412639,0.0379746835443037,-0.0385259631490786,-0.1571218795888398,-0.0551440329218106,-0.0496688741721853,-0.1309613928841786,-0.1589743589743589,-0.2856253889234599,-0.2437417654808958,-0.2290127602417729,-0.282948157401624,-0.309265944645006,-0.2860696517412934,-0.2917951881554596,-0.3146268656716418,-0.3071816535908268,-0.4219536757301108,-0.4488718194911185,-0.4499281264973647,-0.3998954521693674,-0.3499433748584371,-0.4535935268919562,-0.4695009242144177,-0.4112820512820513,-0.3916269210386858,-0.3105105105105104,-0.1595900439238653,-0.0704453441295546,-0.065907241659886,0.0493601462522852,0.0698974836905872,-0.1496296296296295,-0.108695652173913,-0.0543657331136737,-0.0433333333333333,0.2478260869565218,0.0891840607210627,0.0379746835443037,0.1243878550440744,0.1514543630892677,0.386473429951691,0.1738241308793457,0.3781512605042016,0.2330827067669172,0.1560926485397784
FTBX-L,18.0,0.1975335955399188,3.000073208091184e-07,0.0325513024433928,0.0470947390798704,0.1551864928235216,3.540291837861834,23.755399999999995,0.3845709728052517,0.0039848817777869,0.0010718825037776,0.0397555403979681,1.0,0.1222155007218567,0.4646534615480263,3.644410127085151e-08,0.0261925572729849,1.2333487460084715e-06,0.0807474611972087,0.2431596247371771,3.902100944230793e-07,0.0558878301539422,5.0,2.196743049783427,-0.1098617996490945,0.0906270747714142,-0.2725142256778531,0.1619271459431037,0.0129953039388971,0.0301465328266534,0.1619271459431037,0.5385966182550476,-0.0861671469740634,-0.0603845112374762,-0.1930232558139534,-0.2015646571560054,-0.2440087145969498,-0.1958285052143683,-0.1963872163038442,-0.1495098039215685,-0.0783532536520583,-0.1596028093969483,-0.074913356438283,-0.0161610433796427,0.0143232972814966,0.031816830211121,-0.447452229299363,-0.39673157162726,-0.4292763157894735,-0.3545386904761903,-0.3315353496436138,-0.2339955849889623,-0.2433493240296553,-0.1933984193398419,-0.2275155832591273,-0.2466348241424228,-0.2693198568119603,-0.304051343762535,-0.2892257271609996,-0.2235399418214364,-0.2043109378582893,-0.1329335332333833,-0.0048752509320331,0.0113669484115417,0.0245054620608209,0.063764561618639,0.3808197373656985,0.2209711470795214,0.2577020659659297,0.2536127167630058,0.3449612403100777,0.35599843688941,0.2536127167630058,0.1208010335917313,0.0779745262503885,0.0579268292682928,0.2318068867589635,0.2274495932083482,0.2287535410764873,0.3507201245620865,0.3402858246427191
FTBY-L,30.0,0.0322663581437203,4.389883150255176e-07,0.047630975714099,0.0734700739744451,0.1897634091977997,4.89084869117159,0.3499999999999943,0.238557200049333,-0.0085351138806891,-0.000974846809787,0.0072478357157237,1.0,0.1437229437229437,0.0632209603863006,5.501199237914393e-08,-0.0226664136462284,1.6200301047689823e-06,0.050089293307254,0.00152118952736,4.504337631043999e-07,-0.0042035669101743,4.0,1.5230045662179414,0.0817319182949894,-0.1049053706833166,0.1599462943785224,0.0076910838921711,0.0206399367963657,0.0408043732916829,0.1738010140470451,0.1220842515637019,-0.0524712254570074,-0.01762554040572,-0.17853170189099,-0.1645927601809954,-0.1944368693755114,-0.1681216558715854,-0.1917920656634746,-0.105119660708876,-0.0289283366206444,-0.0437034639041761,-0.1397786837507281,-0.039349593495935,-0.0047169811320755,-0.1187350835322197,-0.1375182481751825,0.0614444843693855,0.0687409551374818,0.0203799654576857,-0.0443222258168877,-0.0083920778784827,-0.0314754098360655,-0.0427738172391445,-0.0999390615478367,-0.0716530483972345,-0.0483247422680412,-0.1257768570583013,-0.123962040332147,-0.1040339702760084,-0.0974641002138709,-0.0010145417653026,0.044923947647683,0.0232074818150327,0.0860294117647058,0.136153846153846,0.1993503857084855,0.1117802032367332,0.0508715759516187,0.1344086021505377,0.1969205834683953,0.1202123625331814,0.0256944444444444,-0.0324271208647233,-0.1552759508149842,-0.1097046413502109,-0.1278417478594625,-0.1321974148061104,-0.0969122592479364,-0.1304091845746247,-0.1171548117154812
FTCC-L,22.0,-0.0363722132112879,8.522920111685831e-07,0.0924751267762825,0.0718574888584566,0.0664357950808116,0.4316924146864287,116.7856,0.0785522247664758,0.138287254395257,0.0003766536535312,-0.0641505718298088,1.0,0.1944908197173014,0.1179642777063881,6.859751843630499e-08,-0.0058893976064462,2.5092679357935843e-08,0.0164934255828442,0.0425089858089061,2.064397543089636e-06,-0.0907006652424404,3.0,0.6817573430180387,-0.0665941999330973,-0.2263299571073668,-9.44364616170009,0.2793669128780507,0.0033294196203849,0.0126300532384762,0.2776959204212731,0.3120168612283629,-0.0422420796100732,-0.0638783269961976,-0.1244665718349928,-0.1131123919308357,0.0476595744680852,0.0751091703056769,0.019884009942005,0.0016273393002441,0.0779334500875656,0.0081900081900081,-0.0744360902255639,-0.0624523990860624,-0.003238866396761,-0.0968451944240645,-0.0806572068707991,0.0016273393002441,-0.0610221205186879,-0.0268774703557311,0.0249791840133222,-0.0367762128325507,-0.0610221205186879,-0.0307086614173227,-0.0337519623233908,-0.027646129541864,0.0539383561643835,0.0494458653026428,0.114027149321267,0.1160471441523118,0.2334669338677355,0.3878241262683204,0.5048899755501224,0.3336944745395449,0.3847019122609674,0.3351409978308026,0.3293736501079913,0.4313953488372093,0.2822916666666668,0.3708240534521159,0.448235294117647,0.5822622107969151,0.6240105540897098,0.6304635761589406,0.446533490011751,0.4414519906323186,0.4330616996507568,0.621870882740448,0.636968085106383,0.5924967658473479,0.4247685185185184
FTCH-L,23.0,0.0912669567947086,5.217901760060795e-07,0.0566151178756463,0.0140528354283302,0.2052846939123404,0.3451843761124363,52.7736,0.0890571094972372,0.0175729980299677,0.0066478751462678,0.5340112418731366,1.0,0.0725316414210632,0.0947958939246141,4.94988833960522e-08,0.0293057345893461,1.0316339611576848e-08,0.0186991114826166,0.1082018616070868,5.194173407855229e-07,0.0904328996655107,4.0,1.2985584830613683,-0.0725893683324108,0.0006868564253716,0.9722038035756158,-0.0289487210874257,0.0107082451559666,0.0220124126568704,-0.0277961964243842,0.3807700305405925,0.0337625178826894,0.0,-0.0814717477003941,-0.1297310756972109,-0.0251046025104602,0.0051768766177739,-0.0594725511302474,-0.0305131761442439,0.0043103448275862,0.0321913762551684,0.0952679410842995,0.0734029484029483,0.1155442068305141,0.0901434809731753,0.0747232472324723,0.0606980273141122,-0.0353298371515317,-0.0302441731409544,-0.0059726962457336,0.0002862049227247,-0.000571918787532,0.0048878665899942,0.0420393559928444,-0.0865133298484055,-0.0259197324414716,-0.1560009659502534,-0.1465201465201465,-0.0900807081489194,-0.0912636505460218,-0.0797788309636648,-0.0390431674456968,-0.063755692472542,-0.0048405466970385,0.0106998264893003,0.1607439388907341,0.1920190995907231,0.2203212290502794,0.3365200764818357,0.3129226145755073,0.2863452337136547,0.0417287630402385,0.0787037037037039,0.0439068100358424,0.0092405428818942,-0.0689930740543419,0.0124565469293163,-0.059978483055406,0.0367843369919904,0.0584494245911568
FTCO-L,18.0,0.0215941371780239,7.355081001986477e-07,0.0798038746339945,0.0538520615641139,0.124357612798126,2.201621547409363,0.2988999999999997,0.0923080983286052,0.0036916803999073,-0.0053543289105833,0.0005205688729302,1.0,0.1259173303997909,0.024377259883237,8.00771768748077e-08,-0.0400811285087283,8.188370608512616e-09,0.0193817139489405,0.0493747136872058,1.310364983391027e-06,0.0200385863474757,5.0,0.0909895418606748,-0.0011907410898229,-0.031123187341998,-0.060379277687888,0.01395441175779,0.00695381413994,0.0193425777815442,-0.0037410344072761,0.5853762677845171,-0.0487012987012986,0.0335570469798658,-0.2718676122931442,-0.326775956284153,-0.2984054669703871,-0.2778429073856975,-0.2984054669703871,-0.326775956284153,-0.3094170403587444,-0.3023782559456398,-0.2666666666666667,-0.0994152046783625,-0.1526822558459422,-0.1550068587105624,-0.081967213114754,-0.0404984423676012,0.0301003344481605,0.0266666666666666,-0.0048465266558966,0.0016260162601626,-0.0222222222222221,0.0181818181818183,0.0440677966101694,0.0902654867256635,0.2222222222222223,0.1344383057090239,0.1200000000000001,0.2914046121593292,0.5061124694376529,0.4494117647058824,0.4193548387096775,0.3780760626398212,0.3508771929824563,0.5714285714285714,0.6167979002624673,0.6167979002624673,0.6923076923076923,0.6648648648648647,0.6125654450261782,0.5917312661498708,0.6648648648648647,1.0465116279069768,1.026315789473684,0.9680511182108626,0.6739130434782608,0.6693766937669376,0.6296296296296298,0.1622641509433962,0.1386321626617375
FTCS-L^A20,30.0,-0.0699863965060499,5.079402032003008e-07,0.0551123723679107,0.1566265060240963,0.1530602591996972,0.9906633284158436,338.7,-0.327698427181329,0.0008948470807828,0.0040489472737088,0.1928438442410515,1.0,0.4358578052550231,0.1589094449853944,3.136750540684096e-08,-0.0858791015153907,2.820306047559192e-08,-0.0688060667714787,-0.0171475621106895,6.001222599061192e-07,-0.2033312560194889,3.0,0.6587940575012735,-0.3167213504041397,0.1113091673184556,0.1990369893530569,-0.2023228987107447,-0.0171711184381135,-0.0396357106208312,-0.0921802679658952,-0.0607476739691741,-0.0576923076923077,-0.037037037037037,-0.11864406779661,-0.1612903225806451,-0.1679999999999999,-0.1875,-0.1746031746031745,-0.11864406779661,-0.1544715447154471,-0.1679999999999999,-0.1679999999999999,-0.1746031746031745,-0.1746031746031745,-0.2463768115942027,-0.282758620689655,-0.2463768115942027,-0.2296296296296296,-0.1999999999999999,-0.2352941176470588,-0.2121212121212121,-0.2180451127819549,-0.1475409836065573,-0.2296296296296296,-0.3658536585365853,-0.3772455089820359,-0.2777777777777777,-0.3918128654970759,-0.361963190184049,-0.3953488372093022,-0.3417721518987342,-0.3580246913580247,-0.3246753246753247,-0.5023923444976076,-0.6,-0.5806451612903225,-0.6325088339222615,-0.6578947368421053,-0.6325088339222615,-0.6450511945392492,-0.6350877192982456,-0.6015325670498084,-0.6060606060606061,-0.6486486486486487,-0.6438356164383561,-0.6601307189542484,-0.6923076923076923,-0.675,-0.6790123456790124,-0.6498316498316499
FTCZ-L,20.0,0.1383334854455967,2.634197905079553e-07,0.0285814934358062,0.0497134737375567,0.1805029899907072,1.237272340622161,-20.336700000000008,0.2581746709866573,-0.0078030416448607,0.0035570977041045,0.0426490465373236,1.0,0.106338448845529,0.142663022316025,3.52910965323034e-08,0.0859540211851632,2.862014050442539e-07,0.054208327465615,0.0652960476362325,2.80063083006282e-07,0.1342910424320475,4.0,3.868117628819081,-0.1057985042259307,-1.7709240416517724e-05,-0.0703618738695283,0.0372748964040955,0.0190123439070985,0.0392259181333422,0.0435771563729371,0.2368092028759761,-0.023279098873592,-0.0059716347350086,-0.0565592159641042,-0.1029527338048724,-0.0289256198347106,0.0045260246416896,0.0214778828944004,0.0791464073473797,0.1104933981931897,0.1080293995284982,0.0510392002104711,-0.0387391722810394,0.0289761751448809,0.0546462513199577,0.0979799367871376,0.1022209959994484,0.1844055736732881,0.217987804878049,0.1599883855981418,0.2580695953393168,0.2626422250316056,0.2682539682539684,0.4524631885111798,0.3864306784660767,0.4730825958702065,0.3397048960429243,0.2324541107511955,0.244936117170458,0.2207792207792207,0.1706959706959707,0.2618445988629185,0.3124178712220762,0.2264006139677665,0.2714831317632082,0.3747419132828631,0.4124094042778858,0.4965349316351377,0.5324127349443806,0.622005684125051,0.6913632514817951,0.6151202749140896,0.6852984602404559,0.651850320446558,0.6532174632733294,0.7579757975797581,0.6870777027027029,0.6494632535094964,0.7720115324905743,0.6810435514411952
FTDO-L,30.0,0.0580133303799761,7.270093760491539e-07,0.0788817486691113,0.1397358303833124,0.3473367563923033,1.1946607789303565,18.950000000000017,0.3494252443000097,0.0161727491770666,0.0008113462024782,0.0066868021154059,1.0,0.2689938398357289,0.0285277149140981,1.479342866969984e-07,-0.025341721867253,1.353557381185586e-07,0.073367995378394,0.0284327742091379,4.567803424451638e-07,0.1085958005249344,2.0,1.2478843894613352,0.8038410436043001,0.0199455058312609,0.0018536491362777,-0.0003801115906654,0.0390868047651566,0.0698332542533722,0.0294562695450419,0.3881101392475014,0.0149253731343284,-0.1927710843373493,-0.2023809523809523,-0.2071005917159762,-0.2254335260115606,-0.2342857142857142,-0.2947368421052631,-0.3056994818652849,-0.2756756756756756,-0.2756756756756756,-0.3020833333333332,-0.3495145631067961,-0.3092783505154638,-0.3366336633663366,-0.3299999999999999,-0.3366336633663366,-0.3092783505154638,-0.2342857142857142,-0.2947368421052631,-0.3299999999999999,-0.3056994818652849,-0.2795698924731182,-0.2117647058823528,-0.1298701298701298,-0.1066666666666665,-0.0884353741496597,-0.1410256410256409,-0.1927710843373493,-0.0945945945945945,-0.0359712230215826,-0.3232323232323232,-0.2717391304347826,-0.2984293193717277,-0.2834224598930481,-0.3128205128205128,-0.3399014778325122,-0.3163265306122448,-0.3232323232323232,-0.3197969543147207,-0.3163265306122448,-0.3092783505154638,-0.2947368421052631,-0.2756756756756756,-0.1927710843373493,-0.1298701298701298,-0.0758620689655171,0.0075187969924812,-0.0289855072463767,0.0
FTFK-L,30.0,-0.0956891512670697,2.64473319060778e-07,0.0286958030681951,0.100884293054337,0.0626545426531509,2.8485062622711697,2.1493,-0.1674113154180705,0.02660255270588,-0.0046894577634248,0.0134797203429895,1.0,0.1811437004540285,-0.0737256871863843,2.156167855051613e-08,-0.041660962457261,4.28459809545181e-10,-0.0351509595149291,-0.043879936021407,5.861056748226346e-07,-0.1052614231363243,3.0,0.0364609499683177,-0.3575156561768487,0.2190050985892992,-0.1070636243923085,0.0364158849568613,0.0153181029113605,0.0284023828566023,-0.1012825554844655,1.2934618905739252,-0.0112359550561798,0.1265822784810126,0.0595238095238095,0.0113636363636364,0.1265822784810126,0.2027027027027026,0.1265822784810126,0.1710526315789473,0.390625,0.2898550724637683,0.2535211267605635,0.0470588235294118,0.072289156626506,0.2361111111111111,0.3484848484848484,0.3692307692307692,0.435483870967742,0.459016393442623,1.119047619047619,1.119047619047619,1.119047619047619,1.119047619047619,0.977777777777778,0.8541666666666667,1.0697674418604652,1.3421052631578947,1.0697674418604652,1.282051282051282,1.022727272727273,1.78125,2.1785714285714284,1.6969696969696968,1.3421052631578947,1.3421052631578947,0.977777777777778,0.6792452830188678,0.56140350877193,0.5344827586206897,0.3692307692307692,0.0470588235294118,0.0229885057471264,0.072289156626506,0.0229885057471264,0.1866666666666667,0.3484848484848484,0.3088235294117647,0.3484848484848484,0.2898550724637683,0.3088235294117647
FTGM-L^B22,30.0,0.0361946686231352,2.1450693896231666e-07,0.0232743661972549,0.0930970112301689,0.0835647845066538,2.024855322062003,33.423,-0.2023024570004402,0.1299030285840583,0.0052115674620775,-0.0089422076628522,1.0,0.2297464167585446,1.3756810153864574,1.058344510220064e-07,-0.0008032875381948,1.863491205550268e-09,-0.0424769703172978,0.0139398385913426,1.915593833086025e-06,-0.0253428462981401,4.0,0.0520096077362213,0.080518514056281,-0.1909730011166768,0.1183219405896104,0.2510321575300309,0.0118527096680004,0.1396705059046508,0.0479815329409448,0.2147140433778388,-0.0360360360360361,-0.0431034482758618,-0.2210526315789472,-0.1294117647058822,-0.247457627118644,-0.2291666666666665,-0.0553191489361701,-0.1395348837209301,-0.026315789473684,0.0325581395348839,-0.0347826086956519,0.0571428571428571,0.0622009569377992,0.2333333333333334,0.2333333333333334,0.1384615384615386,0.2333333333333334,0.1100000000000001,0.0882352941176471,0.1100000000000001,0.1100000000000001,0.0990099009900991,0.0673076923076922,0.1871657754010696,0.150259067357513,0.0571428571428571,0.0571428571428571,0.1623036649214662,0.3874999999999999,0.1044776119402988,0.2906976744186047,0.3058823529411767,0.2542372881355932,0.1562500000000002,0.1562500000000002,0.1100000000000001,-0.026315789473684,-0.0749999999999998,-0.0176991150442475,0.2542372881355932,0.1044776119402988,0.0471698113207548,-0.026315789473684,0.0422535211267607,-0.026315789473684,-0.0938775510204081,0.0673076923076922,-0.0089285714285713,0.0622009569377992
FTGU-L,30.0,0.0887420698975187,1.1225431918508015e-06,0.1217978376166225,0.3593816826541211,0.0595413323204026,1.4760846221280646,-35.5,-0.0821741125628383,0.017144565783691,-0.0042082451365789,0.0026588711955103,1.0,0.4251497005988024,0.3492615117289314,1.71019780548551e-07,0.0038460155997263,6.981361019274537e-08,-0.0172539048310934,0.0021397199594579,3.070260438960377e-06,0.0169507757134648,3.0,0.1944825836297864,0.0435492651061514,0.1900600716832013,0.0986086540318658,0.0816677152741478,-0.0034479191807744,-0.0128783000643915,0.1012358664212463,0.3550603692215371,-0.1099999999999999,-0.2117117117117117,-0.3048659384309831,-0.2857142857142858,-0.2391304347826086,-0.1764705882352941,-0.2871690427698574,-0.2481203007518797,-0.1616766467065867,-0.1999999999999999,-0.3457943925233644,-0.4556765163297045,-0.4092827004219409,-0.4238683127572017,-0.4897959183673469,-0.5084269662921348,-0.4852941176470587,-0.3881118881118881,-0.4368463395012067,-0.5138888888888888,-0.5247793618465717,-0.5454545454545454,-0.4897959183673469,-0.4577846630518978,-0.4586233565351895,-0.4377510040160642,-0.4795539033457249,-0.3939393939393939,-0.2708333333333332,-0.2505353319057816,-0.4787788533134772,-0.45141065830721,-0.5108315863032844,-0.5182381280110117,-0.5327102803738317,-0.540983606557377,-0.5221843003412969,-0.5298858294157153,-0.5619524405506884,-0.5932597327135387,-0.6047430830039526,-0.603399433427762,-0.5810891681627768,-0.5348837209302326,-0.5084269662921348,-0.53550099535501,-0.4590417310664605,-0.4565217391304348,-0.420049710024855
FTHD-L,30.0,0.0415726109857035,2.144534496507489e-07,0.0232685625163526,0.0923318802258272,0.2700330998383496,2.454070543731905,12.9,0.1419466008237362,0.0208301381195019,0.0017870579382994,0.0070190831322658,1.0,0.2651593011305241,0.2403598971722365,6.649168096943429e-08,-0.0204551736846948,2.3622847963287065e-08,0.0298041933806965,0.0329194883370955,2.7774499624197504e-07,-0.0731237021655296,3.0,0.6325670944693692,-0.1200706753579522,0.0027093428993075,0.0385351510794255,0.0254889417462605,0.0288426028510229,0.070806890299184,0.1280677383078652,0.2100270516388188,-0.0305927342256214,-0.1763779527559054,-0.2884353741496598,-0.2960969044414535,-0.273611111111111,-0.2932432432432432,-0.2654494382022471,-0.1482084690553744,-0.1283333333333333,-0.142622950819672,-0.1495934959349593,-0.1645367412140573,-0.1509740259740258,-0.2507163323782234,-0.1802507836990594,-0.1828124999999999,-0.1645367412140573,-0.1268781302170283,-0.12248322147651,0.0077071290944124,0.1080508474576271,0.0918580375782882,0.0651731160896131,0.0964360587002097,0.1859410430839003,0.4135135135135135,0.5159420289855072,0.714754098360656,0.8034482758620691,1.0038314176245215,0.8222996515679444,1.0271317829457365,1.1522633744855968,1.170124481327801,1.5637254901960786,1.1974789915966388,1.1522633744855968,1.5388349514563109,1.905555555555556,1.85792349726776,1.6414141414141414,1.455399061032864,1.1974789915966388,1.1522633744855968,1.170124481327801,1.2543103448275867,1.5388349514563109,1.432558139534884,1.5265700483091793
FTHF-L,30.0,0.0730580432373676,6.55145493109228e-08,0.0071084395651107,0.249931329586691,0.5842763186378503,12.040577827343173,2.2410000000000005,0.7863356973693999,0.0012179511720999,-0.0049323879796983,0.0035545505757126,1.0,0.1391212828144692,0.0911188820179216,5.329056517493776e-08,0.0070442560696866,2.7268143494723987e-09,0.1651050539466211,0.0806705361329132,1.009952123047224e-07,0.061658494627146,4.0,0.1456871709037581,0.0427727561236402,-0.0227335239873117,-0.7086272070474811,-0.0191620448961278,0.1052318752891768,0.2674536408864767,0.2491135795346503,0.4206319212559658,-0.0955882352941176,0.0,0.0099009900990099,-0.04,0.0049261083743841,0.1895043731778425,0.1283185840707965,0.1690544412607448,0.2952380952380951,0.0793650793650793,0.0099009900990099,0.0736842105263158,0.1009174311926603,0.0725552050473186,0.0805084745762712,0.0154305624688899,0.2215568862275447,0.2538414259373078,0.2007062978222484,0.1454239191465469,0.1623931623931622,0.2121212121212121,0.2363636363636363,0.1492957746478873,0.2363636363636363,0.2281757977122214,0.1657142857142857,0.2749999999999999,0.3783783783783783,0.5338345864661653,0.5373021853805575,0.5489749430523918,0.6177636796193497,0.7376490630323678,0.731748726655348,0.6062992125984252,0.6139240506329111,0.5656178050652341,0.6451612903225805,0.7973568281938326,0.5122312824314306,0.8263205013428827,0.90121155638397,0.8941504178272981,0.9154929577464788,1.1656050955414012,1.3076923076923077,1.5341614906832293,1.4578313253012043
FTHH-L,30.0,-0.0150881391484973,4.827001440634325e-07,0.0523737832013615,0.0379173148885097,0.24238415278067,1.2678331161235017,-21.2986,0.0953803316421601,-0.0068994863187976,-0.0009084574975133,0.0333850685028194,1.0,0.0946708118226108,-0.0209058453549404,4.696526387257648e-08,0.0120688386757264,1.0990076443432545e-07,0.020026783540297,0.1310835568944324,2.645241113536392e-07,-0.0058319414559385,4.0,1.773281679314934,-0.0602893081790621,-0.0003335987412527,-0.0030452665392989,0.0184452953475636,0.0142872757776847,0.0224424635174565,0.0350191393700639,0.5074273560675637,-0.0578386605783866,-0.0030349013657055,0.0186046511627906,0.0201863354037266,0.0138888888888888,-0.009049773755656,-0.03240058910162,-0.03240058910162,-0.1377952755905511,-0.1641221374045801,-0.1133603238866396,-0.1630573248407643,-0.1216577540106952,-0.1109607577807847,-0.1544401544401543,-0.1766917293233082,-0.160919540229885,-0.1566110397946084,-0.1544401544401543,-0.0627674750356632,-0.0824022346368714,-0.0950413223140494,-0.1169354838709677,-0.1049046321525885,-0.0680851063829787,-0.1797752808988764,-0.1868811881188118,-0.0436681222707423,-0.0746478873239435,-0.0266666666666666,0.0379146919431279,0.100502512562814,0.0495207667731629,0.0823723228995056,0.1669626998223801,0.2234636871508379,0.2099447513812156,0.2466793168880456,0.3245967741935485,0.3860759493670886,0.2732558139534884,0.308764940239044,0.2958579881656804,0.2782101167315176,0.2807017543859649,0.2882352941176471,0.3219315895372234,0.4864253393665159,0.3802521008403363
FTHP-L,22.0,0.2187721147874813,2.856233569375487e-07,0.0309906180005748,0.0895414566137226,0.3253561007862245,1.500860734829295,4.4305,0.3421488328251777,0.0054588174813382,0.0016819040795062,0.1212439551659755,1.0,0.0835117885135948,0.1247120693743435,5.58706517171502e-08,0.0761266245741928,1.9582693495273315e-09,0.0718401844026123,0.1018375432667544,2.5766329908410285e-07,0.3475444131392034,4.0,0.2614634598636141,-0.0226149740359013,0.0234749735251856,0.0578077034634494,-0.0437922920976544,0.0280079203793444,0.0530639276356112,0.1413176380888622,0.3598721138965142,0.0813953488372094,-0.0401785714285715,0.033653846153846,-0.0337078651685394,0.0070257611241217,0.0591133004926109,-0.0046296296296297,-0.0069284064665127,0.0287081339712917,0.0311750599520383,0.0117647058823529,-0.0549450549450549,0.0117647058823529,-0.0966386554621848,-0.0114942528735632,-0.0182648401826484,0.1111111111111109,0.1528150134048256,0.0436893203883494,0.1197916666666667,0.2011173184357542,0.4625850340136055,0.4381270903010033,0.4726027397260273,0.4576271186440677,0.5985130111524164,0.4625850340136055,0.3522012578616351,0.6412213740458015,0.8220338983050848,0.3312693498452013,0.3395638629283488,0.2112676056338027,0.4827586206896552,0.3870967741935482,0.323076923076923,0.3312693498452013,0.2463768115942028,0.2011173184357542,0.2721893491124261,0.3782051282051282,0.3522012578616351,0.4238410596026489,0.5925925925925923,0.5925925925925923,0.7842323651452281,0.72,0.8376068376068377,0.8942731277533038
FTHX-L^E20,30.0,-0.0997079682937003,2.6073829393380223e-06,0.2829054651574186,0.1107506950880444,-0.0891909814323607,1.4530425185885665,-21.1,-0.0138448795523562,-0.0514562673012527,-0.002370178840767,-0.0469333333333333,1.0,0.1408759124087591,-0.3070730304772858,-9.996771103520054e-07,-0.1446761800219476,1.515294611398581e-09,-0.0029069767441861,-0.0029203170629953,6.580125741516122e-06,0.0167168171180207,4.0,0.0129934518949557,-0.0952635847526358,-0.1133308414933559,0.002244705595306,0.0098041833967722,-0.0318371607515657,-0.0977564102564102,-0.0326987681970885,1.6536866802719628,-0.4399999999999999,-0.1666666666666666,-0.358974358974359,-0.5098039215686274,-0.4791666666666666,-0.4897959183673469,-0.5370370370370371,-0.5454545454545454,-0.5535714285714286,-0.5901639344262295,-0.5833333333333333,-0.5454545454545454,-0.6212121212121212,-0.6428571428571428,-0.6875,-0.6794871794871795,-0.7093023255813953,-0.7093023255813953,-0.7159090909090908,-0.7159090909090908,-0.6527777777777778,-0.6428571428571428,-0.6527777777777778,-0.6212121212121212,-0.6212121212121212,-0.6428571428571428,-0.6153846153846154,-0.596774193548387,-0.596774193548387,-0.5833333333333333,-0.5535714285714286,-0.596774193548387,-0.596774193548387,-0.5833333333333333,-0.5833333333333333,-0.6212121212121212,-0.6323529411764706,-0.6212121212121212,-0.6268656716417911,-0.6212121212121212,-0.6428571428571428,-0.6376811594202898,-0.6666666666666667,-0.596774193548387,-0.5689655172413792,-0.576271186440678,-0.5,-0.5,-0.5
FTIT-L,34.0,0.1067323481116584,2.12523933907011e-07,0.0230592067900513,0.0535019455252918,0.6506947771921417,1.903348134828024,3.1,0.2177363696266311,0.0045024556341391,0.001410437235543,0.0143884892086331,1.0,0.6130434782608696,0.1114503816793892,3.9264380646281575e-08,-0.0096128864640161,1.9115832656828993e-09,0.0457175925925925,0.0331143951833607,8.03533142965725e-08,0.1166328600405679,3.0,0.3852350908167488,-0.0763478260869564,-0.0115709316924099,-0.0590460798788841,-0.0008058309479575,0.0369683481701285,0.0513392857142857,0.0734675813233017,0.5624993726575636,-0.0396825396825396,-0.053343350864012,-0.1126760563380281,-0.1352093342484558,-0.0418250950570342,-0.0307692307692307,0.0015898251192367,0.05,0.1042944785276074,0.172093023255814,0.0956521739130433,0.0104250200481152,0.1130742049469963,0.1688311688311687,0.1830985915492957,0.1392405063291137,0.1677479147358667,0.1549037580201648,0.1229946524064169,0.1361587015329124,0.1830985915492957,0.1634349030470914,0.2340842311459352,0.2127045235803657,0.3665943600867678,0.3577586206896552,0.386138613861386,0.4173228346456692,0.5403422982885087,0.503579952267303,0.6799999999999999,0.721311475409836,0.6981132075471699,0.728395061728395,0.8862275449101797,0.6557161629434953,0.752433936022253,0.9414483821263482,0.863905325443787,0.759776536312849,0.728395061728395,0.5235792019347039,0.5441176470588234,0.5671641791044777,0.5809284818067755,0.6030534351145036,0.6258064516129032,0.777150916784203,0.7451523545706371
FTIV-L,18.0,0.1739568997904775,8.746842726500127e-07,0.0949047250737764,0.0890298097639751,0.0024378234329494,-0.3585669473276863,149.23130000000003,-3.272137372385096,-0.0781202357211529,0.0008586868551785,-0.9793737536599684,1.0,0.0792809034176871,0.271915000363705,-6.626122183848753e-08,-0.2727520254740255,1.1749399802349557e-06,-0.6870429756600543,-0.4933826675343058,5.952752609251136e-06,0.1677940862632299,4.0,2.793918017356795,-0.0841863688721406,-0.0566641646569083,-0.5386177671950254,-0.0660539006219719,-0.0038898693458076,-0.029349074909592,-0.6807004687677097,1.6536866802719628,0.0046565774155995,0.1243455497382199,-0.0763440860215054,-0.1327612317011609,-0.1135190918472651,-0.017162471395881,0.0262843488649942,-0.0199657729606389,-0.0255246738513896,0.1856452726017943,0.2368610511159106,0.1369953673064197,0.0183758150563129,-0.1098445595854923,-0.0034802784222737,-0.1098445595854923,0.059186189889026,0.1119741100323625,0.0873417721518987,0.3348873348873349,0.3025018953752842,0.457167090754877,0.6663433559650824,0.718,0.7602459016393444,0.325617283950617,0.2927012791572612,0.4233637116818558,0.3390491036632892,0.4245439469320065,0.9456398640996602,0.6744639376218324,0.8983425414364639,0.9884259259259258,0.7729618163054697,0.9930394431554526,0.9195530726256984,0.8257173219978746,1.3795013850415514,0.785862785862786,0.2801788375558867,0.2503639010189229,0.122875816993464,0.0355635925256179,-0.0182857142857143,-0.0444938820912125,-0.0788203753351205,-0.1384152457372117,-0.2623443537999141
FTIY-L^A23,24.0,0.002024510616144,-9.067626901398849e-08,-0.0098385287704055,0.2063344669281093,0.2106547439103496,1.12606408475414,0.0973000000000041,0.2676657212251759,0.0503610676643246,-0.0019233984232105,0.0398748093779352,1.0,0.1377552651845391,0.3122953457846629,5.7822073775716744e-08,0.0640371886835101,1.0645136051567376e-08,0.0562011409254173,0.0375534953601787,3.1645388571541013e-07,0.0739612951350315,4.0,1.536006986876769,-0.0706049315801767,0.2865320295217765,-0.1653528240956468,-0.2305608236787973,0.0685062700673864,-0.1585368552486291,-0.2129726422245101,0.4404595545797866,-0.0136594663278272,-0.2060529634300125,-0.2012179649835066,-0.2501191043353977,-0.2554399243140964,-0.1629885668705131,-0.1127395715896278,-0.0393652731156546,-0.0159424820256329,0.014829142488717,0.1006993006993006,0.0784515244946899,0.1147308781869689,0.1127606928243196,0.1969581749049429,0.1501644135915234,0.1807951987996998,0.1590574374079529,0.1915215745647236,0.2282481467030823,0.2093737994621589,0.2359638790734197,0.2234745433346288,0.2182662538699691,0.3013642000826788,0.0862663906142167,0.0987783595113438,0.1785847997004868,0.1472303206997083,0.2001524971406785,0.3282700421940929,0.4440366972477063,0.3260320134793597,0.3574816731349719,0.2597038815526211,0.3067662930676629,0.364542696142176,0.5461689587426326,0.5858942065491184,0.6629688325409404,0.6004067107269953,0.7016216216216216,0.6260330578512396,0.556874381800198,0.5842979365878207,0.5318734793187347,0.4807149576669802,0.5653903530581801,0.4717157550257129
FTIZ-L,18.0,0.0335178560353336,8.430895914818906e-07,0.0914766486537331,0.029409130649532,0.0976784795002722,0.5165916445167952,485.3645,-0.0700084102510742,-0.008078480922325,0.0205186403439757,0.0854288950733096,1.0,0.0547197774987586,0.0460600731177623,6.746034902406152e-08,0.0019919354042968,8.064942095865101e-06,-0.0146995009763505,0.0467821249006646,1.5199253374848556e-06,0.0285086094529866,5.0,11.475775560448596,0.0944694327461821,0.0965170040105542,-0.0409363984589358,0.1077015158505169,0.0082765353457343,0.0251027383947714,0.1354571472273717,0.5176500449276221,0.0831918505942275,0.0650994575045207,0.0424778761061945,0.019031141868512,0.0068376068376068,0.0068376068376068,0.0927643784786642,0.0406360424028267,0.1219047619047617,0.0827205882352939,0.0333333333333332,0.0243478260869565,0.0120274914089346,-0.0296540362438221,0.019031141868512,-0.065079365079365,-0.0738993710691825,-0.0591054313099042,-0.05,0.0574506283662477,0.0315236427320488,0.0927643784786642,0.1875,0.1155303030303029,0.2452431289640591,0.0574506283662477,0.1155303030303029,0.1803607214428857,0.1283524904214559,0.1549019607843138,0.2639484978540771,0.2094455852156056,0.2639484978540771,0.2639484978540771,0.1995926680244397,0.2219917012448131,0.2639484978540771,0.2612419700214132,0.3447488584474885,0.3509174311926604,0.2973568281938326,0.3602771362586603,0.3059866962305986,0.3325791855203619,0.3447488584474885,0.3325791855203619,0.2888402625820567,0.3571428571428572,0.2505307855626326
FTJE-L,30.0,0.0352171079220387,9.35053278090166e-07,0.1014548644136746,0.0244982330401187,0.290303040444437,1.2417149113322092,2.084500000000001,0.509582727227447,-0.0071975407399508,-0.0010057845777942,-0.0073605100340451,1.0,0.2242651274798363,0.1191271648588721,1.173674964182213e-07,-0.0096763862886865,1.2806352348418695e-09,0.1069958847736626,0.0277111332783564,4.4068592402631e-07,-0.1086256116164397,3.0,0.0898428757405116,0.0295825795291152,-0.0653091558697776,-0.0997531640230231,-0.092934041707461,0.0188823532077455,0.0291329168574834,-0.0279911673839494,0.3628366269019591,-0.1078066914498141,0.0150943396226415,-0.0659722222222222,-0.0392857142857142,0.0150943396226415,-0.0724137931034483,-0.0787671232876712,-0.0627177700348432,-0.088135593220339,-0.135048231511254,-0.2064896755162242,-0.1567398119122257,-0.1033333333333333,-0.1748466257668711,-0.1322580645161291,-0.1033333333333333,-0.1122112211221121,-0.1063122923588039,-0.1180327868852458,0.0717131474103587,0.1695652173913044,0.1645021645021644,0.2932692307692306,0.3316831683168317,0.3794871794871794,0.365482233502538,0.3316831683168317,0.3058252427184464,0.5197740112994349,0.3585858585858585,0.3058252427184464,0.3186274509803921,2.0568181818181817,0.2688679245283019,0.2117117117117115,0.2008928571428569,0.1798245614035087,0.1850220264317179,0.2008928571428569,0.1594827586206897,0.1350210970464134,0.1955555555555554,0.1495726495726497,0.2511627906976745,0.2117117117117115,0.2339449541284401,0.2809523809523808,0.3794871794871794,0.4861878453038672
FTJK-L,30.0,-0.3647459222290709,5.470305050034584e-07,0.059353736322518,0.0930467429248907,-0.1357266032145273,0.3493534739359566,1.2625,-2.520824363617203,-0.0554481850211493,-0.0015441592060929,-0.3020696209384889,1.0,1.7497222663069354,-0.1629751555989918,-2.177956341221689e-07,-0.1746880642657527,2.5840519971036727e-10,-0.5292915531335151,-0.3831679690347895,7.417852785299405e-07,-0.4606287856936833,3.0,0.0418174670727132,3.1963583194590424,0.2479958357103371,0.4536517496960478,-0.6637668953406791,-0.0044159150308044,-0.0104039919865295,-0.5463482503039522,1.6536866802719628,-0.0849056603773585,0.1276595744680853,0.0291262135922329,0.0927835051546392,0.0495049504950495,0.0707070707070707,0.0495049504950495,0.1521739130434782,0.2325581395348839,0.606060606060606,0.4324324324324324,0.3249999999999999,0.3417721518987342,0.4324324324324324,0.3249999999999999,0.4722222222222223,0.962962962962963,1.0,1.3043478260869563,1.0,1.0,1.0,0.452054794520548,-0.1653543307086613,-0.1311475409836064,-0.1908396946564885,-0.2262773722627737,-0.1519999999999999,0.0291262135922329,0.2325581395348839,0.0495049504950495,-0.0535714285714286,-0.5309734513274336,-0.5691056910569106,-0.5330396475770924,-0.5267857142857143,-0.5181818181818182,-0.4239130434782608,-0.4207650273224044,-0.4111111111111111,-0.4078212290502793,-0.4175824175824175,-0.4239130434782608,-0.3872832369942196,-0.383720930232558,-0.4301075268817204,-0.4111111111111111,-0.4421052631578946,-0.4111111111111111
FTJW-L,30.0,0.0386381154887292,5.15032659734696e-07,0.0558819159146984,0.1382506675730775,0.0742353191056071,2.350768009765008,103.09170000000002,-0.4476311251552461,0.0005280661381937,0.0040295418404878,0.0073319587779654,1.0,0.2328319449666931,0.0563249785917886,8.048596760407467e-08,-0.0096766562502287,1.8673750437999323e-06,-0.0939880528306022,0.0385896310203487,1.530994009845874e-06,0.0331937800612743,3.0,1.4097356573663853,0.0084986093409081,0.0192991886439531,-0.0015419369848258,0.126820677436868,0.0208081518425962,0.0870616697358606,0.0631412392231687,0.3950615174345771,-0.0039745627980922,0.0370981038746907,-0.1646746347941567,-0.1418826739427012,-0.1178120617110799,-0.0576779026217227,-0.0949640287769784,-0.1128349788434414,-0.1324137931034482,-0.1263888888888888,-0.113460183227625,-0.1857605177993526,-0.2058080808080807,-0.2315210751374465,-0.2749279538904899,-0.2770114942528735,-0.2698781195589089,-0.3261917514729513,-0.321832884097035,-0.3211009174311927,-0.326912787586945,-0.3594704684317719,-0.3548717948717949,-0.3444502344971339,-0.3099286889742183,-0.2920652785593697,-0.3057395143487859,-0.2403381642512077,-0.2088050314465409,-0.2176616915422884,-0.1756225425950196,-0.1696369636963696,-0.2239358420727946,-0.178314826910516,-0.0639880952380952,-0.048411497730711,-0.0625931445603577,-0.0171875,-0.0278207109737248,0.0072057646116894,-0.0688378978534418,-0.0396946564885496,-0.0837581937363437,-0.141296928327645,-0.1723684210526315,-0.2186335403726709,-0.1482735274204468,-0.0877447425670775,-0.0870827285921624
FTKU-L,30.0,0.4086356554640551,5.150705606528613e-07,0.0558860282285138,0.1867508699574687,0.1413619681935571,1.5529616252076184,3.0,0.4579460159625352,0.0009416293433225,0.0009677419354838,-0.0071591278880572,1.0,0.108931552587646,0.5587583148558758,6.325427937842159e-08,0.2169654407687757,2.699785708153943e-07,0.0961538461538461,0.1707099933229468,1.0303853463226278e-06,0.3444869343530911,4.0,1.1512036745566254,-0.0456982294434386,-0.0247656137467435,-0.1414759572734026,0.405814683120686,0.0096381734871227,0.0289236605026078,0.205814683120686,0.2107013916948832,-0.1333333333333333,-0.0992167101827675,-0.2842323651452282,-0.3002028397565922,-0.3141153081510934,-0.3181818181818181,-0.3861209964412812,-0.346590909090909,-0.2675159235668789,-0.2643923240938166,-0.3141153081510934,-0.3339768339768338,-0.3575418994413407,-0.3416030534351145,-0.3113772455089819,-0.3072289156626506,-0.2901234567901234,-0.2827442827442826,-0.217687074829932,-0.2013888888888889,-0.205069124423963,-0.23841059602649,-0.2212189616252821,-0.1544117647058823,-0.1287878787878787,-0.1287878787878787,-0.1176470588235294,-0.1666666666666665,-0.1221374045801526,-0.1287878787878787,-0.1062176165803108,-0.0944881889763779,-0.1374999999999999,-0.1131105398457583,-0.0521978021978022,-0.1309823677581864,-0.1666666666666665,-0.1176470588235294,-0.0992167101827675,-0.1085271317829457,-0.150246305418719,-0.1287878787878787,-0.0363128491620111,-0.0086206896551723,-0.0028901734104045,-0.0725806451612903,0.0883280757097793,0.0714285714285714,0.2020905923344949
FTKY-L,30.0,0.1061685589321731,2.570742893052754e-07,0.0278929958076607,0.1806874962867661,0.8087883300976039,3.350698890096968,4.2570000000000014,0.2563857146513352,0.0035657566845781,0.0003177621537768,0.0266115160267646,1.0,0.1691701566244644,0.0997284233522513,5.133317954862584e-08,-0.0923187169204701,8.607049030823615e-09,0.0538327045182662,0.0773200081582704,1.2407997632236865e-07,0.1197544870936599,3.0,0.3600536715679923,0.0097097579189199,-0.0025269726033382,-0.040354742640824,0.0046112497386579,0.0478539233763573,0.0709738681251899,0.0722308737975322,0.4245969284033901,-0.0892086330935252,0.1759729272419627,0.3263358778625953,0.3162878787878787,0.3482056256062076,0.3830845771144278,0.3125590179414543,0.1245954692556634,0.1310008136696503,0.1680672268907563,0.05223315669947,-0.0064331665475338,0.0443275732531931,0.0901960784313726,0.1120000000000001,0.140278917145201,0.2311780336581046,0.2990654205607477,0.2764003673094581,0.2930232558139536,0.3365384615384614,0.3789682539682539,0.404040404040404,0.4329896907216497,0.5410199556541022,0.4585519412381953,0.3288718929254302,0.2990654205607477,0.3212927756653994,0.4083080040526849,0.2311780336581046,0.3455953533397871,0.2811059907834101,0.1622073578595317,0.3365384615384614,0.0578386605783864,0.117363344051447,0.1700336700336699,0.2858464384828862,0.239964317573595,0.0530303030303032,0.1554447215295096,0.1602671118530885,0.2024221453287196,0.3640824337585868,0.5653153153153152,0.6746987951807228,0.8989071038251366,1.234726688102894
FTKZ-L,30.0,0.053763678079774,5.837215180016455e-07,0.0633347733780049,0.2432817973945331,0.3359985941481417,0.7817209362284807,7.300000000000011,0.3826949430301623,0.0349804730512749,-0.0006728732792093,0.0056852546268295,1.0,0.1042471042471042,0.2260751555992324,1.6979166750727257e-07,0.0024706476319374,5.9381022667839634e-08,0.0803535556448373,-0.0527709142252029,4.80456279988759e-07,-0.0999206978588422,2.0,1.2619376670349516,-0.1511307225592938,0.0138476083654882,0.06263291145218,0.085867197989899,0.0340311943891971,0.0620419847328244,-0.0072700569120617,0.3749600555714409,0.0711206896551726,-0.0927374301675978,-0.0863572433192686,-0.1149863760217985,-0.1259418729817008,-0.1242922620652469,-0.2368421052631579,-0.2093476144109055,-0.1427817366059647,-0.137546468401487,-0.1787610619469026,-0.2261138908744341,-0.149515579994763,-0.1266469481043292,-0.1366294524189261,-0.1327102803738319,-0.0796259563615755,0.0201005025125626,0.0153172866520787,-0.0030693677102516,0.0153172866520787,0.0794283815221001,0.1408500175623461,0.1566951566951566,0.2762278978388996,0.3589958158995816,0.2638132295719844,0.1704504504504502,0.2608695652173911,0.2238131122833457,0.0213836477987419,0.0844741235392319,0.0156347717323326,0.0006161429451632,-0.0788428814520704,-0.1193058568329719,-0.0097560975609756,-0.0172465960665658,-0.0384843102427473,-0.0109622411693058,-0.0278359772523196,-0.0424528301886794,0.0363752393107847,0.2827804107424958,0.2368621477532366,0.223352165725047,0.3438146462556886,0.3096774193548386,0.2827804107424958
FTLH-L,20.0,0.0384510138008374,7.999760555498474e-07,0.0867987569818131,0.0480255491143329,0.2941107152329978,1.3487525919583738,7.726099999999995,0.0593389892257372,0.0180396727957898,0.000434576807364,-0.0034354575244186,1.0,0.1218800250662126,0.1468427600753201,1.229988128788826e-07,-0.0523995860142035,2.4775446964371904e-08,0.0124592677784166,0.0139413272219631,5.813114544428882e-07,-0.0810697581071672,4.0,0.4176564216004662,0.0064357558415431,-0.0841936175462191,-0.081548366671197,0.0471711966616325,0.0227257139191268,0.0397775887381629,0.0643199875577919,0.1691088120241663,-0.1859649122807019,-0.1121495327102803,-0.256844850065189,-0.2729591836734694,-0.2729591836734694,-0.3262411347517731,-0.3348891481913653,-0.3057247259439708,-0.2016806722689075,-0.1135303265940901,-0.1257668711656441,-0.1051805337519623,0.0070671378091873,-0.0017513134851138,0.0940499040307101,0.1176470588235294,0.0714285714285714,0.0106382978723404,-0.0404040404040404,0.0401459854014598,0.1332007952286282,0.0536044362292051,0.0555555555555555,-0.0121317157712304,0.1198428290766209,0.2153518123667377,0.2364425162689805,0.2694877505567927,0.3225058004640373,0.4214463840399003,0.484375,0.3255813953488373,0.2723214285714284,0.2808988764044944,0.2311015118790498,0.1332007952286282,0.1875,0.3768115942028986,0.5405405405405406,0.4652956298200514,0.2582781456953642,0.4179104477611941,0.4004914004914004,0.4615384615384617,0.386861313868613,0.3411764705882354,0.4285714285714286,0.6426512968299711,0.8627450980392157
FTLK-L,20.0,0.1048146337625825,1.0753335991436927e-06,0.1166755168469362,0.0879445846285542,0.2536546906476795,1.320238464075124,118.63959999999996,0.1460131487405895,0.0267238097957875,-0.0016828743121099,0.0067814082666682,1.0,0.0841679937141267,0.130961869071415,1.622449980474879e-07,-0.0378139847248929,7.207820852915022e-07,0.030658036866926,0.0430992366045418,9.797163700387937e-07,0.0832253026118551,4.0,1.5769111972017948,-0.0169589041780049,0.0360023781984019,-0.1440332613971889,0.0608559681982822,0.0247995499137589,0.0476416463409219,0.0564682760152268,0.3607747485761544,-0.12176414189837,-0.0890829694323144,-0.2865937072503419,-0.2801932367149758,-0.1806755695208169,-0.2880546075085325,-0.3305519897304236,-0.2782006920415224,-0.2056359482102057,-0.1889580093312597,-0.142974527526705,-0.119831223628692,-0.0637342908438062,-0.1322795341098169,-0.0141776937618147,0.0195503421309872,0.0347222222222221,0.0316518298714145,0.059959349593496,0.1312364425162688,0.1048728813559323,0.1879271070615034,0.1576026637069922,0.2057803468208092,0.3633986928104573,0.3598435462842242,0.5028818443804033,0.5590433482810162,0.5383480825958702,0.6661341853035143,0.7707979626485568,0.7441471571906353,0.7098360655737705,0.7182866556836902,0.8558718861209964,0.6931818181818181,0.589939024390244,0.6822580645161289,1.0776892430278884,0.8460176991150441,0.7325581395348837,0.5851063829787233,0.5072254335260116,0.5115942028985505,0.5293255131964809,0.6634768740031898,0.6145510835913313,0.8362676056338028,0.8395061728395061
FTLN-L,20.0,0.0115403629225044,1.6074804234382512e-07,0.0174414348603393,0.2637962313732233,0.2036229091349609,1.830477097082164,1.6619000000000028,0.2572171652820964,-0.012088701939198,-3.481222843076703e-05,0.0021770753933667,1.0,0.3037037289785742,0.0716224402275682,4.4102639461044654e-08,-0.008956156534464,5.393440414821105e-07,0.0540072822484965,-0.0701993754997797,2.44085669797731e-07,-0.0250264594616416,4.0,4.815010275130798,-0.0142249990124074,-0.0156558725828424,0.5190751063095255,-0.0171925700977201,0.0314091133069843,0.0832656193344573,0.0265574557747705,0.4757693580737692,-0.040749177423437,0.0273010920436815,-0.007286432160804,-0.0572655690765926,-0.0477223427331887,0.0405583355280483,0.0538810349426512,0.0893300248138957,0.1129577464788731,0.0629539951573849,-0.0330396475770925,-0.005537377296753,0.0291742641312842,-0.0198461920119078,-0.0012639029322548,-0.0529721955896452,-0.000253036437247,0.0058553971486761,0.0172502574665291,0.1142131979695431,0.1179966044142613,0.1304721030042916,0.1110798650168727,0.0956738768718801,0.1288571428571427,0.0612409347300564,0.0128172263522172,0.038097740409879,0.0378250591016546,0.1314432989690721,0.212707182320442,0.256679389312977,0.2056759231003966,0.2220847510052583,0.2873900293255131,0.3699722607489597,0.3907074973600843,0.41816223977028,0.5653724247226624,0.585473515248796,0.4682274247491638,0.5196153846153846,0.4304851556842866,0.3718749999999999,0.329855267586671,0.3026706231454006,0.3245055313442844,0.3429639700883751,0.3384146341463414
FTLO-L^C20,30.0,0.0238559965300368,5.336327605178489e-07,0.0579000583534798,0.0512438868807144,0.1246840775063184,1.0479586459057335,-1.0500000000000005,0.0415749244365604,-0.0195222654387333,0.0017219595038173,0.0380327868852456,1.0,0.0914014895057549,0.1612446958981613,3.488220643255123e-08,0.0501500214316318,7.861957520891216e-10,0.0087293889427741,0.0433745391455216,4.892175287248489e-07,-0.0931726907630521,4.0,0.1297669937398465,0.0500203114421123,-0.8020101203653749,0.034907451352634,1.0516273175937043,0.0081550518957847,0.0156313438895655,0.0581632653061225,0.1232561500823822,-0.0468909276248726,-0.1098003629764065,-0.1469565217391304,-0.1686440677966102,-0.1098003629764065,-0.1643952299829641,-0.1756302521008402,-0.1742424242424243,-0.1241071428571427,-0.1700507614213198,-0.1825,-0.1601027397260273,-0.1550387596899224,-0.1241071428571427,-0.1233243967828418,-0.1122171945701357,-0.0983455882352941,-0.0494186046511627,-0.0594439117929049,-0.0567307692307692,-0.0484966052376333,-0.0612440191387558,-0.0180180180180179,-0.0745283018867923,-0.0475728155339806,-0.1469565217391304,-0.1098003629764065,-0.0429268292682926,-0.0466472303206996,-0.0857409133271202,0.014477766287487,-0.007085020242915,-0.0831775700934578,-0.0475728155339806,-0.0344488188976377,-0.1506493506493507,-0.0080889787664307,0.0092592592592593,0.0525751072961373,0.0326315789473685,0.06979280261723,0.0780219780219781,0.0229405630865484,0.0548387096774192,0.1637010676156585,0.1224256292906178,0.1514084507042254,0.1341040462427745,0.3758765778401123
FTMM-L,30.0,0.0404522089577656,8.856962860437077e-07,0.0960995471785241,0.0453342126223203,0.2060478497355069,1.0466911999136104,28.4008,0.0717333436116122,0.0021805220386464,-0.0018210247296592,0.025326387713872,1.0,0.1218432396097074,0.0818843427009483,9.378513919302965e-08,0.0058151448877195,7.321916684278384e-08,0.0150616811705077,0.0421778840901875,6.357103612487232e-07,-0.0122500761872141,4.0,0.8443125420216794,-0.076494681229887,-0.0049188675159794,-0.062791207842854,0.0127061445308086,0.0117792226122429,0.0208348859612619,0.0523993502170979,0.5422433506903829,-0.1028985507246377,0.0087719298245614,-0.0836653386454183,-0.0950819672131146,-0.1210191082802546,-0.1304347826086955,-0.1834319526627218,-0.1920374707259952,-0.2290502793296088,-0.2504073872895165,-0.260053619302949,-0.1990713871154962,-0.2114285714285714,-0.2624265098877605,-0.2713833157338965,-0.2520325203252032,-0.2333333333333332,-0.2185730464326161,-0.2471358428805236,-0.2413413963716327,-0.1943957968476356,-0.1780821917808218,-0.1580231848688224,-0.1358797745773324,-0.0515463917525773,-0.0369853454291695,-0.1021470396877032,-0.0416666666666666,0.0154525386313466,0.0184501845018449,0.0607225211375865,0.1075441412520064,0.0154525386313466,0.1616161616161615,0.1548117154811716,0.0438729198184568,0.0478359908883827,0.2432432432432434,0.3320463320463322,0.320574162679426,0.247739602169982,0.1754684838160136,0.0764430577223089,0.0722610722610723,0.0352588147036758,0.0672853828306265,0.1480865224625625,0.2730627306273063,0.3569321533923304
FTMP-L^C19,30.0,-0.0243674944619331,-9.715108581900792e-07,-0.1054105736043232,0.1175310707456979,-0.0430954169797144,2.454591379389988,-23.700000000000003,-0.4364246216224858,0.0259190226795224,0.0003781331028522,-0.0130841073191405,1.0,0.2882324916626965,-1.3382663847780127,-8.027108465795529e-06,0.0038359398052521,6.850525618699788e-08,-0.0916350496838302,-0.0388247639034627,0.0001016868271381,0.0132502420135528,4.0,0.0046303587367592,0.0525550733880577,0.1949800683001573,-0.1596226087334158,0.0473099377479599,-0.03261242705115,-1.5966386554621848,-0.1066814322628276,1.6536866802719628,-0.56,-0.4897959183673469,-0.5614035087719298,-0.609375,-0.6621621621621622,-0.609375,-0.6710526315789473,-0.7222222222222222,-0.691358024691358,-0.576271186440678,-0.7093023255813953,-0.7395833333333333,-0.6323529411764706,-0.6621621621621622,-0.7844827586206896,-0.8520710059171598,-0.8903508771929824,-0.895397489539749,-0.8883928571428572,-0.8917748917748918,-0.8868778280542986,-0.897119341563786,-0.9251497005988024,-0.9269005847953216,-0.9183006535947712,-0.9244712990936556,-0.9335106382978724,-0.9418604651162792,-0.9134948096885812,-0.9015748031496064,-0.9244712990936556,-0.9414519906323184,-0.9426605504587156,-0.9421296296296297,-0.9470338983050848,-0.9519230769230768,-0.9532710280373832,-0.9551971326164874,-0.957698815566836,-0.9571917808219178,-0.9609375,-0.9618320610687024,-0.9596774193548387,-0.9568221070811744,-0.956217162872154,-0.96,-0.9532710280373832,-0.9551971326164874,-0.956140350877193
FTMQ-L,8.0,0.1590034433866722,3.619413822457013e-07,0.0392712530097078,0.155622060709705,0.0993558776167471,0.4019920892721507,-0.5499999999999998,-0.5462800293808338,-0.0011028910270503,0.0090355004277159,-0.0264884352225189,1.0,4.532608695652175,0.5941690962099124,1.3238528977531142e-08,-0.0428745660943796,9.86588924170484e-10,-0.1147011308562197,-0.0174194855175207,3.955672458486305e-07,-0.0726256983240222,5.0,0.4247492109689673,0.3994119743406988,0.0024695853524177,0.7082538524555854,-0.0592261207983838,0.0017476406850751,0.0036576444769568,-0.072645023948909,0.7358905727210234,-0.013089005235602,-0.0497512437810944,-0.0990566037735849,-0.1157407407407408,-0.0637254901960785,-0.154867256637168,-0.1074766355140187,-0.0904761904761906,-0.0839328537170264,-0.045,0.0408719346049046,-0.0077922077922079,0.07909604519774,0.1104651162790697,0.1040462427745665,-0.0103626943005181,0.0296495956873314,0.1540785498489425,0.0883190883190883,0.0821529745042493,0.1937499999999998,0.2949152542372879,0.3263888888888888,0.4148148148148147,0.441509433962264,0.3356643356643356,0.3263888888888888,0.4980392156862745,0.441509433962264,0.528,0.6255319148936169,0.6902654867256639,0.6608695652173913,0.6050420168067228,-0.1872340425531915,-0.1872340425531915,-0.1872340425531915,-0.1872340425531915,-0.1872340425531915,-0.1872340425531915,-0.1872340425531915,-0.1872340425531915,-0.1872340425531915,-0.1872340425531915,-0.1872340425531915,-0.1872340425531915,-0.1872340425531915,-0.1872340425531915,-0.1872340425531915
FTMS-L,30.0,-0.0982721382289416,-4.2676501920739373e-07,-0.0463047274146984,0.0754491017964071,0.0292504570383912,2.456231678999136,0.6999999999999997,-0.1893693266803328,-0.0678424555021837,-0.0037234042553191,0.0303915489664916,1.0,0.2448979591836734,0.5430809399477808,1.1553706103753469e-08,-0.0976717773992048,1.2876034478678454e-10,-0.0397614314115308,-0.0367170626349892,1.0297240564970278e-06,0.0893812070282657,2.0,0.0389350719992393,-0.0426716141001857,-0.139226270805218,0.3770392498547839,0.2645500514610463,0.0359355638166047,-0.0688836104513064,0.0760683760683761,0.3100662525509929,0.0260869565217389,-0.054794520547945,-0.1038961038961038,-0.150246305418719,-0.2159090909090909,-0.2159090909090909,-0.0599455040871933,0.0147058823529413,0.0681114551083592,-0.0675675675675675,0.0883280757097793,0.0615384615384615,0.078125,-0.0416666666666666,-0.0599455040871933,-0.0968586387434554,-0.1015624999999998,-0.0897097625329814,-0.0775401069518716,-0.0675675675675675,-0.0968586387434554,-0.0675675675675675,-0.0599455040871933,-0.0363128491620111,-0.0142857142857142,-0.1243654822335025,-0.1153846153846153,-0.0775401069518716,0.0615384615384615,0.1022364217252396,-0.0599455040871933,-0.1198979591836734,-0.1439205955334987,-0.2068965517241378,-0.2499999999999999,-0.3300970873786407,-0.2247191011235955,-0.197674418604651,-0.2159090909090909,-0.2333333333333332,-0.2842323651452282,-0.2247191011235955,-0.1666666666666665,-0.0363128491620111,-0.0675675675675675,-0.0725806451612903,-0.0750670241286862,-0.054794520547945,-0.0573770491803278
FTMU-L,20.0,-5.275374551588365e-05,1.1158711091772352e-06,0.1210739053457405,0.023423898707465,0.0463615804177198,3.888101695932459,-16.8,-0.1528652452865286,-0.0009984389054022,-0.0013391183244951,0.1190632874384883,1.0,0.0746651467654602,0.0371428571428571,1.2156371963238098e-07,-0.0067526575400268,1.934110645826887e-07,-0.0320967554366786,0.0340261658577759,4.181233041700423e-06,-0.00953263603866,2.0,0.1006068594417532,-0.02906919415257,-0.0177047572414213,-0.0052950076477691,-0.0020611715645207,-0.0005492143846411,-0.0031776733904393,0.0390094329578604,0.3649515432324331,-0.0416666666666666,-0.0495049504950495,-0.1111111111111111,-0.0857142857142857,-0.0943396226415095,-0.1111111111111111,-0.0943396226415095,-0.0679611650485437,0.1034482758620689,0.0909090909090908,0.0105263157894737,-0.0679611650485437,0.0105263157894737,-0.0495049504950495,-0.1794871794871795,-0.1351351351351352,-0.1192660550458716,-0.1192660550458716,-0.2615384615384616,-0.2615384615384616,-0.2440944881889764,-0.2195121951219512,-0.2319999999999999,-0.1794871794871795,-0.0943396226415095,-0.1111111111111111,-0.1724137931034483,-0.2941176470588236,-0.1028037383177571,-0.142857142857143,-0.3333333333333333,-0.3093525179856115,-0.3885350318471338,-0.3885350318471338,-0.411042944785276,-0.4810810810810811,-0.4482758620689655,-0.4576271186440678,-0.4216867469879518,-0.4146341463414634,-0.4,-0.3846153846153847,-0.4146341463414634,-0.3846153846153847,-0.3379310344827586,-0.368421052631579,-0.36,-0.2615384615384616,-0.3093525179856115
FTNS-L,30.0,0.0251184868311896,5.512619048293069e-07,0.0598128503705307,0.0324478378663664,0.1562620352080305,2.404612420799827,0.758,0.2215180728376916,0.0018248953585337,0.000151818020799,-0.0013999786836419,1.0,0.4496660025782257,0.0930256948085998,7.705783135215524e-08,-0.0082927246302471,3.8353954664807397e-10,0.0465116279069767,0.0188713272689236,7.014898540424493e-07,-0.0226008131379509,3.0,0.031892359672508,0.3061654669303562,0.0035826678363608,0.0132967004827411,0.0253120062644373,0.0220584380079245,0.0503547918269641,0.1086733574500868,0.4058068789821942,-0.0886075949367088,-0.1222222222222222,-0.233009708737864,-0.2476190476190476,-0.2178217821782178,-0.2685185185185185,-0.2547169811320755,-0.0813953488372092,-0.0124999999999999,-0.0705882352941176,-0.0705882352941176,0.0128205128205127,0.0259740259740259,0.0675675675675675,0.1285714285714287,0.1791044776119403,0.3166666666666669,0.3166666666666669,0.2741935483870967,0.2153846153846155,0.2741935483870967,0.2153846153846155,0.2741935483870967,0.2950819672131148,0.3859649122807018,0.4363636363636363,0.3389830508474578,0.2950819672131148,0.234375,0.4363636363636363,0.2741935483870967,0.1617647058823528,0.196969696969697,0.2741935483870967,0.4107142857142856,0.3859649122807018,0.5800000000000001,0.7173913043478262,0.6458333333333335,0.6122448979591837,0.7954545454545456,0.8372093023255816,0.8372093023255816,0.7954545454545456,0.8809523809523812,0.975,1.135135135135135,1.1944444444444446,1.135135135135135
FTNV-L,20.0,-0.0613534277968193,1.189358153642356e-06,0.1290473741384477,0.1507236476855564,-0.0010298044303013,1.1174702376740222,137.241,0.0034224046673229,-0.0146979738469141,-0.0023484196168888,-0.0048849821417742,1.0,0.1072584423521808,-0.1202957189076132,-1.4169032767808946e-07,-0.0637378044034393,4.76513198785165e-07,0.0007185942455821,-0.0797855433238771,2.293762141518365e-06,-0.0322891368480348,4.0,0.8413388389559758,-0.0270279335209808,-0.4765392200181947,0.7968531245825808,0.6901917452819369,-0.0204534920139537,-0.0282081108701648,-0.0411567296265676,1.6536866802719628,-0.1868131868131868,-0.1143552311435524,-0.2416666666666665,-0.1207729468599032,-0.0784810126582278,0.0520231213872832,0.0898203592814372,0.3093525179856116,0.3046594982078854,0.2093023255813955,0.0963855421686747,0.064327485380117,0.2013201320132014,0.0898203592814372,0.133956386292835,0.2907801418439717,0.1704180064308682,0.242320819112628,0.1592356687898088,9.705882352941176,8.837837837837839,8.837837837837839,8.1,7.088888888888889,9.111111111111112,9.705882352941176,10.03030303030303,9.705882352941176,10.375,10.741935483870968,12.0,10.03030303030303,12.0,11.133333333333336,7.666666666666668,-0.3393829401088929,-0.3658536585365853,-0.3851351351351351,-0.3119092627599243,-0.4166666666666666,-0.3381818181818181,-0.4484848484848485,-0.5635491606714629,-0.5849486887115165,-0.470160116448326,-0.4615384615384614,-0.4276729559748428,-0.4654919236417033,-0.5919282511210762
FTOH-L,30.0,1.8770421933199,6.52484570011262e-07,0.0707956809880559,0.0559480038338343,0.0848774256472888,0.1455236304169773,11.7375,2.137547387981757,-0.0298836571669912,0.0062880243754294,0.4080994072259618,1.0,0.0747251886953198,1.2713818722139676,9.791707685300888e-09,0.757572015890532,3.823300290760314e-09,0.4488157894736841,0.4269963973865785,1.0234781746660892e-06,2.466285989639803,1.0,0.1976052796297688,-0.3143696871500164,-0.0981417124816875,-0.4534473631028118,0.1342055500576745,-0.0008986724561341,-0.0056130415222166,0.0099590449916234,1.6938153747801608,-0.0272108843537415,-0.4324324324324324,-0.5033783783783784,-0.4731182795698925,-0.449438202247191,-0.4712230215827337,-0.5303514376996805,-0.5242718446601942,-0.421259842519685,-0.3771186440677966,-0.4166666666666666,-0.5116279069767442,-0.4895833333333333,-0.5050505050505051,-0.5132450331125828,-0.5637982195845698,-0.5518292682926829,-0.5362776025236593,-0.6016260162601625,-0.5800000000000001,-0.5572289156626506,-0.5518292682926829,-0.4948453608247423,-0.5462962962962963,-0.5558912386706949,-0.6171875,-0.6171875,-0.6090425531914894,-0.5676470588235294,-0.475,-0.5787965616045845,-0.4654545454545454,-0.6191709844559585,-0.7277777777777779,-0.7247191011235955,-0.7857142857142857,-0.7769347496206374,-0.7969613259668509,-0.7857142857142857,-0.7818991097922849,-0.7805970149253731,-0.7911931818181819,-0.7881844380403458,-0.7854014598540145,-0.7792792792792793,-0.7986301369863014,-0.7946927374301676,-0.7772727272727272,-0.7724458204334366
FTON-L,30.0,0.0959326211996713,1.7250718417316148e-06,0.1871732166579842,0.0427133222558889,0.0736307580703663,1.313073296661853,-29.85,-0.3208742107304484,-0.0276909849877733,-0.0036976170912078,-0.0276751354803145,1.0,0.416913946587537,-0.0388958594730237,4.6917750264676207e-08,-0.0096050181319215,6.908454577608342e-09,-0.0673732021196063,0.0033894823336072,2.279827320861146e-06,0.2260799354057327,5.0,0.0749057487021826,0.110259966455941,-0.002868707573162,-0.0244709091454408,-0.0023965912188283,-0.0161548464539361,-0.0452507705239562,0.0238703230820472,0.489491257360501,-0.2166666666666666,-0.1304347826086955,-0.1428571428571428,-0.2452830188679245,-0.1724137931034483,-0.2982456140350877,-0.4285714285714286,-0.4202898550724637,-0.3181818181818182,-0.368421052631579,-0.4029850746268656,-0.5571955719557196,-0.5714285714285714,-0.6013289036544851,-0.6619718309859155,-0.6417910447761195,-0.6129032258064516,-0.6153846153846154,-0.5774647887323944,-0.4957983193277311,-0.4285714285714286,-0.4029850746268656,-0.4736842105263158,-0.4594594594594595,-0.4,-0.375,-0.3650793650793651,-0.4339622641509434,-0.3023255813953488,-0.3296089385474861,-0.5,-0.5522388059701493,-0.6307692307692307,-0.6470588235294117,-0.6116504854368932,-0.6116504854368932,-0.6666666666666667,-0.679144385026738,-0.6129032258064516,-0.6000000000000001,-0.6141479099678457,-0.6619718309859155,-0.6470588235294117,-0.6521739130434783,-0.6226415094339623,-0.7285067873303168,-0.7215777262180975,-0.6866840731070496,-0.6439169139465876
FTPI-L,30.0,-0.0013165119297193,8.86093231779325e-07,0.096142616463163,0.0690664990706444,0.1205529098285658,1.316564237338013,-3.943000000000001,0.0806088332752107,0.0002041053054835,0.0036781221922731,0.1312105737458697,1.0,0.1079317917581707,0.1751224909119646,1.4458072291805225e-07,-0.0075546384543583,1.736635151521522e-10,0.0169252468265162,0.0342105919936108,1.839471321892628e-06,-0.0686757061952089,5.0,0.0165136056411654,0.0005811685557322,-0.0075842437775674,0.0281662396266464,0.0055129564180477,-0.0107499429312892,-0.031956498446373,0.0573610448214517,-0.0632887624927446,-0.0123456790123457,0.0,-0.1290322580645161,-0.1098901098901098,-0.3135593220338982,-0.2211538461538461,-0.0999999999999999,-0.173469387755102,-0.0898876404494382,-0.0240963855421685,-0.0357142857142855,-0.3622047244094487,-0.3863636363636363,-0.4255319148936169,-0.3909774436090225,-0.4840764331210191,-0.5149700598802395,-0.5120481927710843,-0.4335664335664335,-0.4452054794520548,-0.3863636363636363,-0.3720930232558139,-0.4,-0.4044117647058823,-0.346774193548387,-0.3249999999999999,-0.3955223880597015,-0.3720930232558139,-0.4214285714285714,-0.4599999999999999,-0.474025974025974,-0.4527027027027026,-0.3571428571428571,-0.3955223880597015,-0.4,-0.3622047244094487,-0.4214285714285714,-0.2831858407079645,-0.4374999999999999,-0.4335664335664335,-0.4295774647887324,-0.4413793103448276,-0.4635761589403973,-0.4413793103448276,-0.3863636363636363,-0.352,-0.1818181818181817,-0.0999999999999999,-0.1562499999999999
FTPQ-L,19.0,0.039895093138582,5.478681082271023e-07,0.0594446176909688,0.0474851346033021,0.1399657173249388,0.8565971703412185,233.0557,-0.1210137552709547,0.0501837365631656,0.0040389573339617,0.0809584513353028,1.0,0.1600378043242704,-0.0255941239316716,6.42053730779841e-08,-0.0447214971950951,4.595806178995985e-07,-0.0254089731130546,0.030452512375991,8.442722274777073e-07,0.0887249164446295,3.0,2.797681839449261,-0.1502030283581776,-0.0331824604237628,-0.1468820421746489,0.0513249793477193,0.0121477690087754,0.0315613528951868,0.0207731790495747,0.7432089330905804,-0.0425434583714546,0.0120370370370368,-0.0395430579964851,-0.078803202697008,-0.0561312607944732,-0.0199506837032055,0.0488185198512653,0.061036282004611,0.0311320754716981,-0.0124237632708381,-0.0366861297785612,-0.0180797304884896,0.0103998151143978,0.0165077888863054,0.0634882023838481,-0.0163122960962988,0.0443090887376089,0.0710436060754531,0.0325932923948983,0.1301538063849037,0.1880434782608695,0.2193557383907405,0.2270558518102721,0.247005134055904,0.3276647433950805,0.1861096039066738,0.1749529696318192,0.2306826178747361,0.157379219060225,0.2057363485934915,0.302741358760429,0.2959834000296428,0.3148872180451127,0.395244933780118,0.4870748299319729,0.4464846980976011,0.5440579198304785,0.6442271530650621,0.7352649335185553,0.7929054746770554,0.5569800569800569,0.4982864976010965,0.460985797827903,0.4546664448511062,0.5592011412268187,0.6000000000000001,0.7547662050973309,0.7547662050973309,0.5531083481349912
FTQA-L,30.0,0.1035052389792644,9.540961351110688e-07,0.1035210466541676,0.2239864364815587,0.1447896494625466,1.699500066385656,0.9835,0.25618104756046,0.0170205430640064,0.0050826239359038,0.0006888877113031,1.0,0.0853799479919098,0.1500981371164904,9.672363812832573e-08,0.0055346551685452,3.765594529070236e-11,0.0537897310513448,0.044523457411661,1.049534314374724e-06,0.0643086816720256,5.0,0.0098423010703134,-0.0056880325015325,-0.0620015991112636,0.1150535835809663,0.2137281656687037,0.0178711452645385,0.0375299401197604,0.2649796555375953,0.3189183113460105,0.0449999999999999,0.0638297872340425,0.0526315789473683,-0.0338164251207728,-0.0950226244343891,-0.1341991341991342,-0.0291262135922329,0.0810810810810809,0.0810810810810809,0.0869565217391303,0.1111111111111111,-0.0384615384615385,0.075268817204301,0.0989010989010987,-0.0867579908675798,-0.0099009900990099,0.0050251256281406,0.0869565217391303,0.2345679012345678,0.1834319526627219,0.1627906976744186,0.1428571428571428,0.1363636363636364,0.1904761904761904,0.1363636363636364,0.3333333333333332,0.2658227848101264,0.3157894736842106,0.3157894736842106,0.2903225806451612,0.0989010989010987,0.0928961748633878,0.0638297872340425,0.1111111111111111,-0.0099009900990099,-0.0243902439024389,-0.0610328638497652,-0.0697674418604651,0.1494252873563217,0.1627906976744186,0.0638297872340425,0.0989010989010987,0.3888888888888888,0.4184397163120568,0.5151515151515151,0.3513513513513513,0.5625,0.3513513513513513,0.3245033112582782
FTQQ-L,4.0,-0.0120866091942532,2.782223558534716e-06,0.3018759684755119,0.015167829333599,0.0346255889265029,1.2043437698569193,-26.6145,0.1524718121321691,-0.0219783819399793,0.0002428761744388,-0.0077091879482761,1.0,0.1264724191428981,0.1103524230594858,-1.4383310179187685e-07,-0.07359050392126,1.504957389037813e-08,0.0320141472040978,0.0068960626021916,2.993468549284503e-06,-0.1039243216305855,4.0,0.0813001197643504,0.2042446744189786,-0.0753177543796567,0.043522554024328,-0.1090331906932904,-0.0209219126765165,-0.0438579381773841,0.0273609972530917,1.6536866802719628,-0.0919931856899488,-0.214190093708166,-0.408266129032258,-0.4088620342396777,-0.4228121927236972,-0.426197458455523,-0.4663636363636363,-0.4609733700642792,-0.49374730487279,-0.5344964314036479,-0.6177140996418105,-0.6525599289730689,-0.6471295461376616,-0.6372064276885043,-0.8193290243151738,-0.810247292710522,-0.8245404274398446,-0.810553493625948,-0.8173331258752139,-0.8081699346405229,-0.8013200203080048,-0.799931833674165,-0.8069396480841967,-0.7911403664828323,-0.7842308399191324,-0.7861176899253052,-0.7647294589178357,-0.7371837922543094,-0.6985879332477536,-0.6912151499210941,-0.6919443715560221,-0.6997442455242967,-0.704728370221328,-0.6964839710444675,-0.6959336959336959,-0.6666666666666666,-0.6443501969100273,-0.6761379310344828,-0.6648586925492435,-0.6633209062231145,-0.6713325867861142,-0.6801089918256131,-0.7015760040671073,-0.7197421819049892,-0.7281148679944418,-0.699436763952893,-0.6574263203968486,-0.6561218512009372,-0.65276545400769
FTRE-L,19.0,-0.0208058001706527,5.928757085751737e-07,0.0643280185600882,0.1756907405438447,0.0953644095704842,1.4306856877234475,0.0603999999999995,1.9040525394383008,-0.0006850871952596,-0.0005315267806451,0.0621904718969132,1.0,0.1437421458692272,0.0441726251351894,6.648612838207089e-08,0.1291834727476009,2.154508266023713e-09,0.3997894261863576,-0.0040631418299041,9.720462231121563e-07,-0.0566124555719437,3.0,0.1010462321464994,-0.109363261948363,0.0114829836039986,-0.1224928164123943,-0.0157788848781932,0.0091020146557589,0.0240251711654397,0.0885573157242717,0.317060826571053,-0.0539367637941723,-0.0594752186588921,-0.1378941742383752,-0.2837477797513321,-0.2597521798990363,-0.2909890109890111,-0.2271202683277432,-0.2678166137085793,-0.2222757955641272,-0.264813126709207,-0.315365025466893,-0.2853345148427116,-0.2260076775431861,-0.2333650190114068,-0.2956331877729258,-0.2884869872077636,-0.2600917431192661,-0.2405838041431262,-0.299000434593655,-0.1651138716356108,-0.099888392857143,-0.0616637579988366,0.0202403542061984,0.1992565055762081,0.2155237377543331,0.1287613715885234,0.2791435368754955,0.6526639344262295,0.6162324649298596,1.0289308176100629,1.2879432624113476,1.3042857142857145,1.5046583850931672,1.5684713375796178,1.7338983050847454,1.81500872600349,1.938069216757741,1.9327272727272728,1.7109243697478989,2.4392324093816624,2.592427616926503,2.552863436123348,2.529540481400437,2.417372881355932,2.476293103448276,3.800595238095238,3.635057471264368,3.493036211699164,3.407103825136612
FTRH-L,18.0,-0.0081493328621128,1.666284401556961e-06,0.1807946798281594,0.1007211526053768,0.0243500079428042,1.507331169579623,-78.90259999999999,0.050126200382913,-0.0035439202862526,0.001270646850122,0.3307697230644436,1.0,0.111602579798382,-0.1017901516472817,-1.0892368042447462e-08,-0.0523916351783256,8.782969355316112e-06,0.010524880208347,-0.0440717504002685,6.293064320644546e-06,0.0231458345953166,4.0,1.0202334964062825,0.1823709875305348,-0.0073088882746431,-0.025270779602056,-0.007713964932762,0.0002128546775181,0.0013963410951381,-0.0205537568738103,1.6536866802719628,-0.0122461170848267,-0.0270270270270269,0.0439663236669782,0.3967459324155193,0.1134020618556699,0.1461828141047585,0.0136239782016347,-0.1201051248357424,-0.0348803689824157,-0.1577358490566038,-0.1842105263157895,-0.2592920353982302,-0.2649835345773875,-0.2183049264534206,-0.2425339366515838,-0.2389179358945216,-0.2782927355033413,-0.264499121265378,-0.3030807660283098,-0.283083511777302,-0.2420194702286621,-0.2258959537572255,-0.2217573221757323,-0.1283519916688362,-0.0584926884139483,-0.1855996108002919,-0.106008010680908,-0.1119363395225465,-0.143952953208898,-0.2098182676421996,-0.1883636363636364,-0.1788079470198676,-0.158371040723982,0.0045004500450045,0.0498588899341485,0.0693069306930691,-0.0746268656716419,-0.1102843475950041,-0.0515580736543909,-0.1690245718540581,-0.2992884051904563,-0.3123844731977819,-0.3466042154566745,-0.4267123287671233,-0.442928452579035,-0.4619958219508275,-0.4501560190507473,-0.4416277518345564,-0.4513274336283186
FTRM-L,30.0,-0.0186067773569609,5.459335810592688e-07,0.0592347182166651,0.0402428268404955,0.0943284846491436,1.405188475690593,31.8274,-0.0427823226735209,0.0158150541698587,-0.0093365071008823,0.0060838139648159,1.0,0.217897047472736,0.0417243254317671,5.40908160531901e-08,-0.0266579444754934,4.135828354980391e-08,-0.00898290350623,0.0274902034356293,8.911756908050636e-07,-0.050398611500881,5.0,0.5116663514383516,-0.0124344860560771,-0.0272871772264637,-0.1107394785352125,0.0430940039498749,0.0146589553388238,0.0395163983019441,0.0514820035223076,0.5013614240876055,-0.1370595382746051,0.0048840048840048,-0.1135286514433434,-0.1391213389121338,-0.1678463094034379,-0.074032403240324,-0.1939275220372184,-0.0936123348017621,-0.1042664344797561,-0.1693580944691158,-0.0167264038231781,-0.0483348751156337,0.0516227958088422,-0.2054450666151767,-0.1673411574261433,-0.1644670050761422,-0.1268830893273924,-0.1529435981885549,-0.1186549582351681,-0.1152440335411739,-0.0396732788798133,0.0266966067864271,0.1094634672418439,0.2276252983293554,0.2603369065849923,0.4006126616746086,0.3859885483327718,0.4607738729144479,0.3554018445322793,0.4770279971284996,0.6506217408744484,0.5510742555597437,0.3916131214068312,0.5475742760436253,0.6892446633825944,0.7377533783783783,0.6920230263157894,0.6374850775964982,0.820796460176991,0.6707267559886319,0.4469057665260196,0.3417019889142483,0.2759689922480619,0.4587025877348456,0.3496228271564447,0.3666555961474593,0.439818054583625,0.4566371681415928,0.4587025877348456
FTRO-L,21.0,0.0464474633112609,1.211136410744347e-07,0.0131410351920806,0.0549577047422202,0.086841072654179,3.703974639014028,-106.7368,1.0513104220480738,-0.0216941740897361,-0.0002654724760497,0.7860106355006502,1.0,0.270165128900338,-0.0911176514617524,7.700386633874011e-09,-0.1321892152769324,6.903589850652141e-07,0.220741172666552,0.0074838344014962,3.2632048763976297e-07,0.1150547861621529,3.0,2.635590588781386,0.4476449815099432,0.0218562071264779,0.0845432676150091,-0.0322258139415389,-0.005566130278277,-0.0421660066453063,0.1048260863692788,1.822649303381379,0.0043478260869564,0.0192023633677991,0.0237388724035607,0.0117302052785923,0.0298507462686568,0.0298507462686568,-0.2923076923076922,-0.2782426778242678,-0.254054054054054,-0.2721518987341772,-0.244249726177437,-0.2842323651452282,-0.2842323651452282,-0.2966360856269113,-0.2951991828396322,-0.3113772455089819,-0.2980671414038657,-0.3134328358208955,-0.3154761904761904,-0.3141153081510934,-0.3378119001919385,-0.346590909090909,-0.3287937743190661,-0.34720908230842,-0.3300970873786407,-0.3515037593984962,-0.3188548864758144,-0.2944785276073619,-0.2994923857868019,-0.2959183673469387,-0.2350332594235032,-0.2212189616252821,-0.2475463467829879,-0.2612419700214132,-0.2375690607734807,-0.217687074829932,-0.2013888888888889,-0.1814946619217081,-0.1958041958041957,-0.1872791519434629,-0.1716686674669867,-0.1706730769230768,-0.1929824561403509,-0.1948658109684947,-0.2141230068337128,-0.1843971631205674,-0.2013888888888889,-0.1746411483253587,-0.1656590084643288
FTRQ-L,21.0,0.062513105925895,6.007415751694051e-07,0.0651814784083267,0.1220996581681715,0.1726384846188408,0.4963880039662033,-6.4291,0.2930135815319237,-0.0146405069157164,0.0002357559270272,0.8361107674931227,1.0,0.0603678207916037,0.0325185561816701,2.1136488347157828e-08,-0.028569278243843,1.883489917897521e-09,0.0615233714401677,0.0289766075720327,3.773056712842451e-07,0.1175119744359928,4.0,0.4550469498204565,0.5021674196803282,0.104339945330015,-0.0281270825348195,-0.0821978838190824,0.0049795125717574,0.0088042500910912,0.0665543532238579,0.7244375011783194,0.0078125,0.0158730158730158,0.024,0.0078740157480314,0.032258064516129,0.032258064516129,0.0491803278688525,0.0666666666666666,0.1034482758620691,0.0756302521008405,0.1130434782608695,0.0578512396694215,0.0578512396694215,0.0406504065040651,0.0406504065040651,0.0158730158730158,0.0406504065040651,0.0158730158730158,0.0078740157480314,0.0158730158730158,-0.0229007633587786,-0.037593984962406,-0.0077519379844961,-0.037593984962406,-0.0077519379844961,-0.044776119402985,0.0078740157480314,0.0406504065040651,0.032258064516129,0.0406504065040651,0.1327433628318586,0.1531531531531531,0.1130434782608695,0.0940170940170941,0.1228070175438598,0.1531531531531531,0.1851851851851851,0.2075471698113207,0.1851851851851851,0.1962616822429905,0.2190476190476189,0.2307692307692308,0.1962616822429905,0.1851851851851851,0.1636363636363635,0.2075471698113207,0.1743119266055044,0.1531531531531531,0.1636363636363635
FTRX-L,18.0,0.0245330472332185,8.051672605156524e-07,0.0873620115131752,0.0261221770652581,0.1895213812304436,1.5858730912782295,-1.8647,-0.1072263842253739,0.001394645551872,0.0203518141527777,0.3078876409049227,1.0,0.0767939222228926,0.1149901789189299,1.3251479416425505e-07,0.0164104080563085,2.959683352788256e-09,-0.022514071294559,-0.1062308378168095,9.85982899354062e-07,-0.0391255933629206,3.0,0.085530056415378,-0.0618096807987558,-0.1365994243401251,-0.2483406231230916,0.0124728173716621,0.0139737599104061,0.0320618432637922,-0.0086615684962563,-0.2533821159315911,-0.1402439024390244,-0.0964187327823691,-0.2662192393736018,-0.3152400835073069,-0.2442396313364055,-0.1611253196930947,-0.0863509749303621,-0.1206434316353888,-0.1253333333333334,0.1590106007067135,0.2964426877470356,0.2664092664092663,0.4577777777777776,0.3279352226720646,0.3609958506224064,0.3279352226720646,0.1970802919708028,0.1156462585034012,0.3442622950819671,0.4385964912280702,0.2148148148148145,0.1884057971014492,0.7446808510638299,1.089171974522293,1.1437908496732023,0.7540106951871657,1.0628930817610065,1.3098591549295775,1.4661654135338344,7.864864864864865,8.647058823529411,8.647058823529411,8.371428571428572,8.647058823529411,8.939393939393938,9.25,9.580645161290322,9.580645161290322,9.25,9.25,9.580645161290322,9.580645161290322,9.580645161290322,9.25,9.25,8.939393939393938,9.580645161290322,10.310344827586206,8.647058823529411
FTSJ-L,8.0,0.4377347705373183,2.817180036516275e-07,0.0305668805543836,0.1714139664328514,0.1976340451682286,0.9609466237579164,0.0204999999999999,0.6397574193148251,-0.0097582512421257,0.0053680981595092,0.3298989861874995,1.0,1.1529509559434743,0.3646177955772243,3.2873690741280256e-08,0.2436311866677828,4.010687088863437e-12,0.1343283582089552,0.0184958353748162,3.511859176565746e-07,0.5023066277102877,4.0,0.0156425501413943,-0.0939545789614016,-0.0002919335971335,0.6112222444488898,0.0459849216475639,0.0114153417911246,0.0275534595258091,0.1112222444488898,0.540680500165464,-0.0555555555555554,-0.027027027027027,-0.1428571428571429,-0.1529411764705882,-0.1,-0.027027027027027,-0.1529411764705882,0.125,0.3333333333333332,0.4117647058823528,0.5652173913043477,0.7142857142857142,0.6363636363636362,0.6363636363636362,0.5,0.7560975609756098,0.5,0.5652173913043477,0.4399999999999999,0.5999999999999999,0.7999999999999998,0.9459459459459458,1.0,1.4,1.4,1.6666666666666663,1.4827586206896552,1.88,2.6,2.2727272727272725,2.130434782608696,2.130434782608696,2.130434782608696,2.2727272727272725,2.130434782608696,1.5714285714285712,1.4827586206896552,1.4,1.6666666666666663,1.88,2.0,1.7692307692307692,1.7692307692307692,1.7692307692307692,2.130434782608696,2.2727272727272725,2.6,3.0,3.0
FTSK-L,20.0,0.0355528134722832,3.7785658458849617e-07,0.0409980794201797,0.0411809275205229,0.160433649352347,0.811982147249513,-85.42580000000004,0.1164712226466564,-0.0072553528379918,0.0067889791948402,0.0870676122599739,1.0,0.0893797833182884,0.1029091892833682,4.490567381449652e-08,0.0003814481204755,2.89388889708186e-06,0.0244551882391158,0.0679166640740071,5.051346571377992e-07,-0.0102650973606498,4.0,11.886379582368614,-0.0502776582210923,-0.0253035804440668,-0.0630012901207941,0.032062368521775,0.0128923252651294,0.0304349383139686,0.0449508488481131,0.5717559032594707,0.0355681460497323,0.0264943457189015,-0.0548393494644982,-0.0256593743610712,-0.0237631875448119,0.0094259690743485,0.0109249045396691,0.0002098856123411,0.093882704005509,0.0544307998672419,0.0175082737269136,0.0149078905334896,0.0401615191531159,-0.0131497204390143,0.0451803925869065,0.0048497627833421,0.0276010781671158,-0.0146800372169957,-0.0029291766921226,0.0197945645195807,0.0436925098554534,0.0737945020279404,0.1114868804664723,0.0663459386887448,0.17899554675903,0.1447273600768677,0.1334284694969674,0.1481749186844958,0.2194216990788127,0.1927168064072082,0.2733466933867736,0.2298064516129032,0.2328288707799766,0.2560622034791777,0.3255910987482613,0.2402081977878987,0.2288550799381123,0.1143458435636619,0.236347126734985,0.2323506594259115,0.1328895756567218,0.1590660342940533,0.1326203208556149,0.1037637521713956,0.0886350656767562,0.110839160839161,0.117874736101337,0.2023464110003785,0.1816265807091495
FTSM-L,20.0,0.1294558458463782,6.129182335652029e-07,0.0665026664684131,0.0624281916405135,0.1663624257421089,0.4690103274617659,278.8619,-0.0485071063411496,0.0133510062992014,-0.0093853393306103,0.0192908024997848,1.0,0.3578903762942449,0.0257486292781208,4.49621896313451e-08,0.1062049018720914,7.785570376880381e-06,-0.0101849228466194,0.0174625415064709,5.452198976154809e-07,0.2751018380757616,5.0,24.260786327502245,0.0991445729119344,-0.0013762116848575,-0.115236102387083,0.0044459169363368,0.0023690940105474,0.0047065881017576,-0.0050536631026995,0.1841684028014152,-0.0257316555916867,0.0219621441988153,0.0280523255813953,0.0525297619047619,0.0533134772896499,0.1650469444901994,0.2129994855084891,0.2209563266010703,0.2361062565536527,0.2341650671785029,0.1478416098669264,0.1058474046278925,0.0697217180883242,-0.0035221189067342,-0.0600664451827241,-0.0701985013803074,-0.0095224758437192,-0.0439307921059746,-0.0749411456970964,-0.0332148715144886,-0.0230662983425414,-0.0061823802163832,0.0979509469108972,0.0631294153013679,0.1193226776388669,0.0994870200528525,0.1859490274983233,0.2298730655538168,0.0970994260896542,0.1314989601663734,0.2408771929824562,0.250088370448922,0.2612339514978603,0.2354585152838428,0.2155009451795841,0.2222222222222223,0.198610405016099,0.0721540093982113,0.1293309915376017,0.1198543381887271,0.021224371931851,0.109838380668445,0.0871503227789733,0.0490952239691486,0.0483177708611235,0.1234116899618806,0.1432034911912074,0.2051456806951781,0.1371382636655949
FTSS-L,21.0,0.1050532040895609,3.098301221515629e-07,0.033617093026359,0.250668816024146,0.3402412619857717,0.9216074898196782,-0.1305,0.1082417855911447,0.0292383461541016,0.0019156382390863,0.0629348137274933,1.0,0.7027875207679527,0.2029321703628096,6.592852321562028e-08,-0.0432029023996106,4.0129923060188675e-11,0.0227272727272727,0.0832219979722751,2.476155453245845e-07,0.0029427708510803,4.0,0.0588203634882026,-0.3659974170037006,-0.0583557667763184,1.1220625798212005,1.1220625798212005,0.013723211380224,0.0261026420967,0.1220625798212005,0.3056077247888953,-0.1597051597051597,0.0303797468354429,-0.0309523809523809,-0.0423529411764704,0.0124378109452738,-0.0749999999999999,-0.0935412026726058,-0.0791855203619908,-0.0853932584269662,-0.1503131524008349,-0.0192771084337349,-0.1303418803418802,-0.1377118644067795,-0.0935412026726058,-0.1556016597510373,-0.1876247504990019,-0.0749999999999999,0.2879746835443038,0.2718750000000001,0.2718750000000001,0.3938356164383563,0.7393162393162396,0.9567307692307694,1.2119565217391304,1.2865168539325844,1.164893617021277,1.164893617021277,1.2362637362637363,1.142105263157895,1.928057553956835,1.7315436241610742,1.7500000000000004,1.7876712328767126,2.570175438596492,2.6017699115044253,2.7685185185185186,2.7685185185185186,2.951456310679612,2.9901960784313726,3.0297029702970297,2.633928571428571,2.7685185185185186,2.508620689655173,2.508620689655173,2.449152542372882,2.256,2.3089430894308944,2.449152542372882,2.3089430894308944
FTTG-L,30.0,0.1132139156645419,2.2144716496689483e-07,0.0240273924737179,0.274265084368103,0.9585518232005952,1.567824025233843,-0.1159999999999996,0.8659342847291571,0.0039783210417392,0.0018205073545086,0.0200470140117762,1.0,0.1495333516332692,0.1287529449668753,5.039893331665614e-08,0.0283045149787341,1.638829045491464e-10,0.1818181818181817,0.0517441677917674,5.8683202426201735e-08,0.0582389399444324,3.0,0.1423365855070096,0.5346576062515694,0.0152775191823764,-0.4182061443412823,-0.0284208333274022,0.0553377619412477,0.0732826984267714,0.0696443229484371,0.4042993341774056,-0.0458970792767733,0.0731343283582088,0.0126760563380283,-0.0150684931506848,-0.0137174211248284,-0.0413333333333333,-0.0722580645161289,-0.0413333333333333,-0.0348993288590603,-0.0601307189542483,-0.0662337662337662,-0.0674448767833981,-0.0419720186542303,-0.2239611440906638,-0.1843448667044809,-0.1921348314606741,-0.2163487738419618,-0.2351063829787234,-0.177345537757437,-0.2227027027027026,-0.2351063829787234,-0.1481042654028435,-0.0984326018808776,-0.1284848484848484,-0.0787956438180652,-0.0055325034578146,0.0315638450502153,0.0286123032904148,0.0300859598853868,0.0242165242165244,0.0148200423429782,0.0927051671732523,0.1738775510204082,0.1504000000000001,0.2003338898163607,0.0055944055944054,0.0345323741007195,0.0405209840810421,-0.0034650034650034,0.0308243727598567,0.0519385515727872,0.0927051671732523,0.1796554552912224,0.2736935341009745,0.2290598290598291,0.3604541154210028,0.3339517625231911,0.597777777777778,0.5698689956331879
FTTL-L,23.0,-0.0373246569876301,1.8529265339079648e-06,0.2010456673122376,0.0190670535344195,-0.090607820967679,1.3757539930224258,1.1545000000000003,0.1301267367762393,-0.06541457179414,0.0322964520949797,0.0258046173984988,1.0,0.0696892604034163,-0.0624873507387168,-1.9290276236755708e-07,-0.0782584216946606,6.583776744691208e-12,0.0273224043715846,0.058319776543172,1.2834183785511809e-06,0.0014826375341396,4.0,0.0028114871077261,0.1736107009812829,0.0839491985997437,-0.1235530168639486,-0.1332092350664269,-0.030767848048174,-0.0510386641486929,-0.0600257536236668,1.6536866802719628,0.0434782608695651,-0.0416666666666667,-0.0921052631578948,-0.1785714285714286,-0.1976744186046511,-0.206896551724138,-0.1976744186046511,-0.2159090909090909,-0.1785714285714286,-0.1375,-0.1976744186046511,-0.2247191011235956,-0.2333333333333334,-0.2500000000000001,-0.2500000000000001,-0.2500000000000001,-0.2159090909090909,-0.1976744186046511,-0.206896551724138,-0.1976744186046511,-0.1153846153846155,-0.1785714285714286,-0.1585365853658537,-0.1585365853658537,-0.2333333333333334,-0.2333333333333334,-0.2500000000000001,-0.3168316831683169,-0.2659574468085106,-0.2159090909090909,-0.0921052631578948,0.0,-0.0416666666666667,0.0454545454545454,-0.0921052631578948,-0.1585365853658537,-0.31,-0.2500000000000001,-0.28125,-0.4692307692307693,-0.4523809523809524,-0.4850746268656717,-0.448,-0.5,-0.4926470588235294,-0.4850746268656717,-0.4435483870967742,-0.3783783783783785,-0.4390243902439025
FTTO-L,30.0,-0.0220946855028591,5.238386629597445e-07,0.0568373821797314,0.2253154760625147,0.5951400876377638,1.25448169178285,62.6,0.2324224210019906,0.0056147999097748,0.0032331226173816,0.0033537540668747,1.0,0.1724137931034483,-0.0022176411794102,1.4535313534121693e-07,-0.0189403199234686,1.1347921239921497e-07,0.0488011882028431,0.0519887319206188,2.389537328736703e-07,-0.063014403292181,3.0,1.7145401465557086,0.0775862068965517,0.009526230961736,0.0094670929208563,0.2833310229962306,0.0488189469727031,0.0824137079998589,0.0921310229962305,0.381332984485096,0.0195456946645535,-0.1988997037663986,-0.1833477135461605,-0.2235438884331418,-0.231737012987013,-0.2388419782870929,-0.3392670157068063,-0.3106336489439184,-0.2517786561264822,-0.2671312427409987,-0.2476152623211447,-0.3086194302410519,-0.2582288401253918,-0.3376487053883834,-0.2962825278810408,-0.2818664643399089,-0.2514827995255041,-0.1646072374227714,-0.2125623960066556,-0.1875536480686696,-0.0929563967417346,-0.1195348837209302,-0.0297283444387495,0.0658783783783782,0.1109154929577465,0.0898100172711571,0.0395387149917627,0.0122994652406416,0.1542682926829268,0.2292207792207792,-0.0711481844946024,-0.0473074987418219,-0.1019924098671726,-0.1449864498644987,-0.0841799709724239,-0.0661075481006413,-0.0171339563862928,-0.0381097560975609,-0.0706921944035346,-0.0729676787463272,-0.067487684729064,-0.0610119047619047,-0.0410334346504558,0.1194559432288586,0.1493624772313297,0.0700960994912378,0.2041984732824426,0.1996197718631178,0.2292207792207792
FTTP-L,32.0,0.2127729778571935,4.261100622799926e-07,0.046233663478746,0.3419635307880299,0.7834675600002473,1.530334874979903,-0.9399999999999996,-1.6336957871779745,0.0090348441713641,-0.0068546051361266,0.0222150328911894,1.0,0.251145252603829,0.1195364212533506,1.193763742054156e-07,-0.0143564049800067,4.2902602193287487e-10,-0.3430232558139535,0.1630608038823516,2.798922967148902e-07,0.3901051822962834,5.0,0.0945227564251345,-0.0915473760306528,0.0047170458300872,-0.1087908825834644,-0.190111000794177,0.0421499399352891,0.0702932491955017,0.0706302730453336,0.4074676728262679,-0.1682242990654205,-0.0272727272727273,-0.130081300813008,-0.1370967741935483,-0.0530973451327432,-0.0272727272727273,-0.0530973451327432,-0.3475609756097561,-0.3515151515151514,-0.4022346368715084,-0.412087912087912,-0.4184782608695652,-0.4278074866310161,-0.3920454545454545,-0.363095238095238,-0.3475609756097561,-0.3395061728395061,-0.3435582822085888,-0.3554216867469879,-0.3850574712643677,-0.3395061728395061,-0.3395061728395061,-0.3051948051948051,-0.3475609756097561,-0.2569444444444444,-0.2866666666666666,-0.3270440251572327,-0.3395061728395061,-0.3096774193548387,-0.2464788732394365,-0.3227848101265822,-0.3592814371257484,-0.3850574712643677,-0.3954802259887006,-0.3141025641025641,-0.2913907284768211,-0.3051948051948051,-0.3184713375796179,-0.3184713375796179,-0.2620689655172413,-0.2913907284768211,-0.2464788732394365,-0.2302158273381294,-0.2302158273381294,-0.2620689655172413,-0.2671232876712328,-0.2189781021897811,-0.2411347517730495,-0.2569444444444444
FTTX-L,30.0,0.0267291637895785,0.0079119187729307,858.4565876280408,0.1377872077812473,0.4701369696370666,1.54594320281828,5.7840000000000025,0.038498512528376,0.0351888286546804,0.0011084987483443,-0.0027713317850806,1.0,0.4024049005520684,0.1234208223972004,0.0014132233365466,-0.0464283567033833,3.931795379120193e-09,0.0080834419817471,0.0138871964841306,0.0037694787260163,-0.1303723604625543,4.0,1.8251946472474968e-05,-0.1656338830998912,-0.021984455154316,0.0524761642100627,0.0566544923204779,0.0343229787684794,0.0533784454483438,0.0832787058821696,0.5227974415177887,0.0,0.0,0.0,0.0,0.0,0.0,0.0,0.0,0.0,0.0,0.0,0.0,0.0,0.0,0.0,0.0,0.0,0.0,0.0,0.0,0.0,0.2461538461538461,0.1999999999999999,0.1999999999999999,0.1999999999999999,0.08,0.08,0.08,0.2461538461538461,0.2461538461538461,0.2461538461538461,0.2461538461538461,0.1172413793103448,0.1999999999999999,0.1999999999999999,0.1999999999999999,-0.018181818181818,-0.018181818181818,-0.018181818181818,-0.018181818181818,-0.018181818181818,-0.018181818181818,-0.018181818181818,-0.018181818181818,-0.018181818181818,-0.018181818181818,-0.018181818181818,-0.018181818181818,-0.018181818181818
FTUE-L,19.0,2.806988378562292,6.873079496286762e-07,0.0745740766584361,0.0397674477589115,0.2015603694876709,0.2129307610490443,-40.53939999999997,6.238908827094984,-0.0036395936757769,-0.0058041607591151,0.974855449518714,1.0,0.2253563033298165,4.107334320124532,2.2761591111068857e-08,0.9992490153570592,7.644540038916653e-07,1.3099689889592612,0.2872091936275326,2.723852735918625e-07,1.4501362707937957,3.0,12.061352870961946,-0.3293395481310695,0.1411222468614417,-0.4274703498588335,-1.0276052596246157,0.0057623131556335,0.0084769881288447,0.4591444000970831,0.2114650833467962,-0.0057368941641938,-0.0573426573426574,-0.1154081721935428,-0.0989304812834225,-0.0974020176769931,-0.0373262235764616,-0.0148119274995128,0.0155700652938222,0.0541132311542069,0.0023795359904819,0.0274390243902438,-0.0147159146282038,0.0685973998520239,0.0580847723704867,0.0844148879116162,0.0313169437927165,0.0597484276729558,0.0280658938377058,-0.0212024397327912,0.00999000999001,0.0491905354919053,0.0827889043590017,0.090850237375917,0.105401268314017,0.2115038945476333,0.0932093425605535,0.0023795359904819,0.0626445238595752,0.0450692578044242,0.0080765779240201,0.1031096563011455,0.1396685830233344,0.1772240335351653,0.174488847583643,0.1611347191914551,0.1770869717079985,0.1626034958601656,0.1832865168539326,0.2745839636913767,0.3205329153605014,0.2144144144144144,0.3026671820641669,0.2672348959639006,0.2576191068540863,0.2926735711545838,0.3278171788810085,0.3745751189666892,0.4047519799916632,0.4145795438645585
FTUF-L,8.0,0.0982083609820836,5.069831193810832e-07,0.0550085271524707,0.0697885196374622,0.2216592780240658,1.0415930409841194,2.0,0.012467640225158,0.0026013902782693,-0.0003377807802736,0.1214448763296114,1.0,0.179054054054054,0.0966887417218542,7.470041130977314e-08,0.0698924731182764,1.524430279957952e-09,0.0026178010471204,0.0583941605839416,5.063708209277245e-07,0.0997340425531914,3.0,0.1836703884110956,-0.1345720720720721,-0.020218294834129,-0.0337588163053126,0.0095454794967849,0.0204703095922855,0.0386458000638773,0.0522224921059023,0.3185380080851732,-0.0238805970149253,-0.1253263707571801,-0.0720221606648199,-0.092140921409214,-0.092140921409214,-0.1042780748663101,-0.1343669250645994,-0.1298701298701299,-0.0373563218390804,-0.1321243523316061,-0.1497461928934009,-0.1475826972010178,-0.0896739130434782,-0.2023809523809524,-0.2136150234741783,-0.1868932038834951,-0.1666666666666665,-0.1137566137566137,-0.1908212560386473,-0.1582914572864321,-0.1090425531914892,-0.0261627906976743,-0.0345821325648415,0.0339506172839505,0.0947712418300654,0.3188976377952757,0.1472602739726027,0.1279461279461278,0.4316239316239316,0.324110671936759,0.0371517027863776,0.1433447098976108,0.0307692307692308,0.046875,0.043613707165109,-0.0401146131805157,-0.0175953079178885,0.0601265822784808,-0.0029761904761904,-0.0401146131805157,0.1591695501730103,0.1879432624113475,0.1879432624113475,0.2361623616236163,0.2181818181818182,0.2226277372262772,0.3617886178861789,0.3508064516129032,0.3346613545816734
FTUR-L,30.0,0.25716258198136,3.0055645401898215e-07,0.0326108843267541,0.0480505216913783,0.2752808988764045,1.841599753188229,7.85,0.2801552097653159,0.0460710342062637,0.0041821561338289,0.0153452847663634,1.0,0.4362017804154302,0.1969026548672567,6.351870839711083e-08,0.1394708671050604,1.2065743576429611e-09,0.0588235294117647,0.0631687953054884,3.738900065707485e-07,0.3101881894873459,4.0,0.1518220240671023,-0.2845367622815694,-0.0589306041328527,-0.0567068418359195,0.0166765105444017,0.0271773680864589,0.0585215605749486,0.0908576280781204,0.173564782769069,-0.0308943089430895,0.0040816326530612,-0.1245551601423488,-0.0465116279069767,0.0123456790123457,-0.0538461538461537,-0.0610687022900762,0.0123456790123457,0.0,0.0468085106382978,0.1031390134529148,0.0884955752212388,0.1815561959654179,0.0933333333333334,0.1181818181818181,0.2512716174974567,0.2424242424242424,0.2299999999999999,0.2374245472837024,0.443661971830986,0.5336658354114714,0.7178770949720672,0.8088235294117649,0.8981481481481481,0.9462025316455696,0.9967532467532468,1.0672268907563027,1.046589018302829,1.261029411764706,1.3745173745173749,1.5308641975308643,1.2527472527472527,1.1731448763250882,1.299065420560748,1.2162162162162162,1.0431893687707643,1.00652528548124,0.8664643399089531,0.9711538461538464,1.0098039215686274,0.8923076923076925,0.9339622641509432,0.8981481481481481,0.9040247678018578,0.8750000000000002,0.9462025316455696,0.987075928917609,1.0707070707070705,1.0777027027027026
FTUU-L,20.0,0.0141007674904657,6.164247043392191e-07,0.0668831244864577,0.1379496048072166,0.027167118539102,0.6660200793150952,-742.2587,1.276832285598689,-0.0696104861991312,0.0171425087341278,0.2360450437100526,1.0,0.3275862030034272,-0.0076233032461923,4.521800041689348e-09,0.0175419832005222,1.2723635163000442e-06,0.2680934670774911,-0.3943670072245271,6.006162023736949e-07,0.0374997523260096,4.0,7.093513704183595,-0.1270624645187869,0.0700448172883886,-0.0447988534349124,-0.0546121885156225,-0.0005431772945468,-0.0011146950975927,0.1330524468332437,4.648553257616837,-0.0335,0.0666666666666666,0.0157440325038089,-0.0054699154649427,0.0147133434804667,0.098901098901099,0.050972149238045,0.0389610389610388,0.0869565217391306,0.0857763300760041,-0.0253411306042884,0.0005002501250626,0.0298661174047372,0.0498687664041994,0.0515247108307046,0.0770059235325795,0.1154489682097044,0.1547344110854502,0.1682242990654205,0.2970168612191959,0.3054830287206267,0.3937282229965158,0.375515818431912,0.3097576948264571,0.3253810470510272,0.2048192771084336,0.2953367875647668,0.3605442176870748,0.3449899125756557,0.4094432699083863,0.4577259475218658,0.5186028853454823,0.3717421124828532,0.3236267372600927,0.392757660167131,0.3717421124828532,0.4204545454545454,0.2820512820512821,0.3020833333333335,0.256281407035176,0.1627906976744186,0.2143290831815423,0.1940298507462685,0.2070006035003018,0.1723329425556858,0.3271400132714002,0.2626262626262625,0.2391573729863692,0.2239902080783353
FTVA-L,30.0,0.0088378214213404,9.43452499526352e-07,0.1023661941656318,0.0253317249698431,0.363272846319334,1.5647374187820762,-0.067,0.0349679777240115,0.0388441003506624,-0.0009498060184533,-0.0122136596029049,1.0,0.2369377271018669,0.2011775485933753,1.799713891276572e-07,-0.0070451991352244,9.609504912552479e-11,0.0073421439060205,0.0163393399473578,5.825143889904881e-07,-0.1989175985006424,4.0,0.0183606301677458,0.3168285815254584,-0.0039380914972538,0.2080326370160041,0.0630956427368838,0.0064595834804094,0.0098135351709133,0.1774436253017655,0.1450651720718449,0.1499999999999999,0.0666666666666666,0.0526315789473683,0.142857142857143,0.0256410256410257,-0.2592592592592593,-0.3333333333333332,-0.2982456140350876,-0.4029850746268657,-0.4444444444444444,-0.3700787401574803,-0.4366197183098591,-0.3442622950819671,-0.6363636363636364,-0.6638655462184874,-0.6666666666666666,-0.6595744680851063,-0.6363636363636364,-0.6226415094339622,-0.6261682242990654,-0.6330275229357798,-0.6039603960396039,-0.6039603960396039,-0.6116504854368932,-0.607843137254902,-0.6116504854368932,-0.6116504854368932,-0.6226415094339622,-0.5959595959595959,-0.550561797752809,-0.5854922279792746,-0.5959595959595959,-0.605911330049261,-0.6039603960396039,-0.5897435897435896,-0.6039603960396039,-0.6019900497512437,-0.6019900497512437,-0.607843137254902,-0.6428571428571428,-0.6551724137931034,-0.6330275229357798,-0.6,-0.5959595959595959,-0.5675675675675675,-0.5833333333333333,-0.5918367346938775,-0.6039603960396039,-0.5348837209302325
FTVH-L,19.0,0.1795019804653346,7.708305466928638e-07,0.0836364199057992,0.0766115649418859,0.1966555076275373,1.1230248256727648,-33.70670000000001,0.205317594794592,-0.0009972183776451,0.0003432636552017,0.0555621467851572,1.0,0.1215396822829969,0.0948863248452262,1.064374470553276e-07,0.0850771278981526,3.180785717683264e-06,0.0431100516969494,0.0586311052428013,1.0968071378555011e-06,0.2486804035933889,5.0,3.9793095072182414,-0.0165677355026863,-0.0020609737825451,0.016828199266672,0.0160176157324421,0.0128783802736088,0.0312262283270246,0.0151711875886683,0.5620760219243234,-0.0448811256671518,0.0365899660505468,-0.1070190641247833,-0.0981293075155891,-0.1523750771128933,-0.0995084653194975,-0.1591187270501837,-0.19405611496725,-0.2153055396916048,-0.253869128427912,-0.2640599892876272,-0.226859232861296,-0.2166476624857468,-0.2520413718018508,-0.238781163434903,-0.2210148351129169,-0.1945285784074254,-0.2092086330935252,-0.1623653728916887,-0.1855364552459988,-0.1459649849787631,-0.1032307190253454,-0.0577208823865584,-0.0918704560475875,-0.0271418456455038,-0.0671042208894422,-0.0441739130434782,0.0213082259663033,0.061003861003861,0.1163168584969533,0.1510751186819323,0.1314850398023606,0.1682017854612443,0.2472012102874432,0.2976546513458209,0.2686980609418281,0.2260559190957765,0.2523165729910375,0.3635461462123717,0.3245501285347043,0.3050498654424567,0.2109283196239717,0.1770416904625926,0.1188925081433223,0.2244170503490272,0.327536231884058,0.2391402374868478,0.4106776180698153,0.3932736183876963
FTVQ-L,18.0,0.1205528758315868,1.0722783390596044e-06,0.1163440159529841,0.0534058965130188,0.0428360276003579,2.2382424184285363,-49.607,0.4132694839201278,-0.0113733437124185,-0.0010081097065523,0.0324091066045372,1.0,0.0198242449791267,0.0720533652848018,7.539941076414359e-08,0.0829716261375629,1.705751913752902e-07,0.0867732199687622,0.047481120330425,2.372958102110671e-06,0.1455396309164445,4.0,0.2533217142318674,-0.8782968933152011,-0.1766954485660156,0.1276531449755049,-0.0277677476449904,-0.0098391426640882,-0.0305197205069683,0.0486958126895376,1.0425360464679372,0.0550879877582248,-0.104487838300788,-0.1712111604311984,-0.2190020914251568,-0.2993835432859824,-0.299195710455764,-0.4341991341991342,-0.4321094938083858,-0.4259991216512955,-0.4454815443360204,-0.5047366426676771,-0.5289241304739593,-0.5206308454061984,-0.4849261083743842,-0.4860401101061737,-0.4459516744383213,-0.4169083203212134,-0.3604110594568143,-0.3882518137140182,-0.3801280531183305,-0.3655339805825243,-0.2126506024096386,-0.1864301276065982,-0.1029512697323267,0.0443467838593687,-0.1556847545219638,-0.0776287932251235,-0.0704125177809388,-0.0528985507246376,0.1876419809177645,0.1350412505427702,0.0647657841140529,0.1350412505427702,0.242986210175939,0.0779381443298969,-0.0257174804323517,-0.0147003392385978,-0.0249906751212233,-0.2554827684420393,-0.3217436429683445,-0.3569495694956949,-0.3771741720276388,-0.3873916100304664,-0.3858082706766917,-0.387535145267104,-0.3685990338164251,-0.3744915051447715,-0.324896694214876,-0.3023752335201494
FTVW-L,20.0,0.1524798946078493,5.760173089240588e-07,0.0624988536441287,0.1183899546673553,0.0800274395979457,0.4638681547237939,66.76689999999999,-0.0828619510816261,0.010497067850476,0.0003599387502923,0.0097493550922074,1.0,0.2539479046160075,0.164454676992093,7.724499120471924e-08,0.0717274517470931,5.273176650457603e-07,-0.0173983286644905,0.0899709722367054,1.7001462207079611e-06,0.148607333512389,3.0,3.0047913269937885,-0.3783018910599328,-0.0601818510777666,-0.0279862288099303,0.9367350971719236,0.0115090400098544,0.0454785935387505,-0.0632649028280764,0.5128408209947133,-0.0244792785054756,0.0244170699516057,0.0027993109388457,-0.0608993748739665,-0.0382073523337463,-0.0957281553398058,-0.1121067683508103,-0.1436189775652814,-0.0578595994335423,-0.1236356793375987,-0.046283022731927,-0.0739709683833763,-0.0417695473251028,-0.0395957929469994,-0.1002704791344667,-0.0971306708026366,-0.1806826178747361,-0.1878269968608301,-0.2159932659932659,-0.1697272241041184,-0.1548094373865699,-0.1580184415114808,-0.1369532987398073,-0.1658606483969191,-0.0877571008814886,-0.1652625918623409,-0.2073191489361702,-0.1739978715856687,-0.1666070150322118,-0.0960791925465839,-0.0748907429479539,-0.0820027597082593,-0.0538399024786672,0.0248679577464789,0.1162511984659635,0.0284893992932862,0.0906323185011708,0.0957647058823529,0.0332815620146438,0.0228420821436414,-0.0297916666666666,-0.0308012486992714,-0.1099006116207951,-0.1584748825442717,-0.1026974951830442,-0.1226450640542576,-0.0691585048970617,0.0025834230355219,-0.0042762454564893
FTWG-L,30.0,0.069709336220538,3.823222419243038e-07,0.0414826108047952,0.0754437869822485,0.1740385218646088,2.0139203514752646,-16.549999999999997,0.0463195136673464,0.0090570747846847,-0.0001825483753194,0.0668716997274037,1.0,0.1051351351351351,0.1959267852539314,8.22499671137002e-08,0.0416079835821461,2.128975760794777e-08,0.0097255991663772,0.0896976763554593,6.588238848766727e-07,0.0061674008810572,4.0,0.3411435180492748,-0.0896766928218541,-0.1196866996412566,-0.0405890123734009,0.0717544754351232,0.0114809677916474,0.0325256494215236,0.0937035535738414,0.2816901158779896,-0.1397590361445784,-0.0393518518518518,-0.2454545454545453,-0.2628774422735346,-0.2095238095238094,-0.2080152671755725,-0.2343173431734316,-0.1582150101419877,-0.1354166666666665,-0.1094420600858369,-0.1263157894736841,-0.1547861507128308,-0.1207627118644066,-0.1683366733466933,-0.1495901639344261,-0.1226215644820296,-0.1547861507128308,-0.1530612244897958,-0.1830708661417321,-0.1616161616161615,-0.1317991631799162,-0.0777777777777777,-0.0879120879120878,0.08355091383812,0.1369863013698631,0.1624649859943978,0.0949868073878628,0.1246612466124661,0.1369863013698631,0.2134502923976609,0.1527777777777779,0.1925287356321841,0.1432506887052342,0.3474025974025974,0.4359861591695502,0.3050314465408805,0.2848297213622293,0.2462462462462462,0.2205882352941177,0.2205882352941177,0.2848297213622293,0.321656050955414,0.1690140845070424,0.2928348909657321,0.334405144694534,0.421232876712329,0.7148760330578514,0.7510548523206753,0.8863636363636365
FTWI-L,30.0,-0.0145744783935165,1.0946603344541202e-06,0.1187725003626598,0.0421810878635884,0.1233183109577537,0.8127092435299674,2839.4946,-0.0558070836135583,0.092323535915702,0.0049530000244576,-0.0423706934836229,1.0,0.0804589461012146,0.0185823225662947,6.106517251083792e-08,-0.0470406409119236,3.896342853683654e-06,-0.0117176818774025,0.012916311258681,1.2051224375441309e-06,-0.0472285973356126,5.0,5.514250339069387,0.0502156449924961,0.342791286971565,-0.0234941111745846,0.0749396516509257,0.0100696982088077,0.0223253718000492,0.1049807461803028,0.7222493541379652,-0.1028840820854132,0.0169204737732657,-0.0452740270055599,0.0881110440555221,-0.0641058915131066,-0.0085235083860323,-0.0765685019206144,-0.1076466221232367,-0.0812738853503184,-0.1467108376715569,-0.1710344827586206,-0.1389684813753581,-0.0991756182862853,-0.1497288375383163,-0.1629526462395542,-0.2088635366388765,-0.2085162423178226,-0.2053768179814896,-0.2271753107586797,-0.1795221843003412,-0.2371482970171355,-0.2278372591006423,-0.1580667756245621,-0.1523272214386458,-0.132547510223719,-0.1784005468215994,-0.1404052443384982,-0.0935143288084464,-0.0046922439966876,0.1415004748338082,0.1681243926141886,0.0368027602070155,0.0923962435625569,0.2546972860125263,0.2273655547991833,0.0646589902568646,0.011500701262272,-0.0085235083860323,0.0397923875432526,-0.1140049140049139,-0.1872887085868829,-0.2355310578757684,-0.2988528096441765,-0.3273642977056519,-0.294600938967136,-0.2769199919791457,-0.2398819561551433,-0.2223420314858744,-0.2275064267352184
FTWJ-L,19.0,0.2748149581246792,2.740367429958532e-07,0.0297334507631428,0.0619153125617722,0.1003123431234295,0.9405128931250968,-228.1182,2.8931636234740683,-0.1346224057466206,-0.0036904945309346,0.0486327233070798,1.0,0.2714413965436315,0.1722610908863072,2.940937931595701e-08,0.2166494049012675,2.8977191203424373e-06,0.6074707503781154,0.0927805915876627,6.491381458429473e-07,0.3254352471370316,3.0,11.018180970212654,0.1906869025927839,-0.0501048946364085,0.004994670859774,-0.0606065885973625,0.0092866893060591,0.0315537699951849,0.2560853441929592,0.4485448198795339,-0.041045149664631,0.0076667002925452,-0.0649630253674061,-0.0132371826533637,0.0593912397921305,0.1048556575600043,0.1019305019305019,0.1632700593921043,0.3221707478491067,0.2666751204666497,0.2778559549699373,0.3008204193254329,0.292739743755662,0.2617152961980549,0.2979469854469856,0.3225208526413345,0.3883252258512855,0.4039353478566407,0.4354073861186951,0.5576173397785749,0.6502560713695689,0.7148497854077254,0.8748123123123124,0.7216477076870045,0.8258088100895631,0.7805704099821746,0.7751910431846454,0.8911397198031048,0.9033917682926832,0.9547945205479452,1.0634166494525927,1.116313559322034,1.1105007394886963,1.1767269557637827,1.263026733121885,1.1312139961595906,1.0711175616835995,1.007435691318328,0.989444333798048,1.000200240288346,1.0385714285714287,1.2579113924050631,1.1477101698559449,1.0706882255389716,1.098529411764706,1.1500215238915197,1.2482556830970064,1.5469148393676695,1.4052492174331808
FTWO-L,16.0,0.1610938528370381,3.508368430788106e-07,0.0380663917018534,0.108777642944325,0.2928072351511193,0.6267684037408839,-522.9436,0.4411487312886851,0.0669407955137054,-0.0018837982957782,0.0033920284432775,1.0,0.3374108022547152,0.1251467832108321,5.628009535921045e-08,0.0820428002923453,1.3470561737728432e-05,0.0926269598615023,0.0197484412785786,2.984304392144712e-07,0.2061531304365092,4.0,49.43074721344042,0.0662440356764355,0.0177767994588515,0.0465709978923712,-0.0407981382891512,0.0085543620321566,0.015694814378878,0.1218431067251868,0.1601103433176022,0.0889415481832545,0.0180122225796075,0.023278370514064,0.0108591504311721,0.029100959193627,0.0818663476328833,0.0987675750737719,0.1223404255319149,0.0951557093425605,0.0419753086419751,-0.017080745341615,0.0063593004769475,-0.0058112140725616,0.0065193194466528,-0.0280976508521418,-0.0231481481481481,-0.0217895224849327,-0.0201238390092879,-0.0047169811320755,0.062793821356615,0.0660154934321319,-0.0012622278321238,0.0947768938083708,0.0763475599387857,0.1707046421305713,0.0816814764183184,0.0269305645684618,0.0620805369127515,0.0069996818326438,0.0160513643659712,0.1407460803748421,0.2128760298907837,0.2687913409500901,0.2133410005750431,0.1678966789667895,0.0717913985777174,0.1113061797752807,0.0759816420193779,0.0333006856023505,0.017684887459807,-0.0538116591928252,-0.0004737091425864,-0.0634709276520196,-0.0729349736379614,-0.0620832715957919,-0.0481203007518797,-0.01875678189428,0.0610124036205161,0.0275974025974026
FTWV-L,30.0,0.0875595978588199,2.9869416999611775e-07,0.0324088233560409,0.0452909763059078,0.3504661617488563,1.023121418924237,-11.113499999999988,0.4338458043811126,-0.0200279966817131,7.227162158977982e-05,0.0238920647439503,1.0,0.4020715306565871,0.1140871674288332,4.063074152801631e-08,-0.0355693428293358,1.2026850267300918e-07,0.0910935815027724,0.0630763218938811,1.951868943505819e-07,0.0493243750804886,5.0,3.599658111948917,-0.0304067700199174,-0.0092087580511041,-0.0431126475212779,0.0388970840413923,0.024704500573739,0.040848086368054,0.0924797867795518,0.2943212228260139,0.0202090592334496,0.0574797347089166,0.0206258890469415,0.0421205519244733,0.0862982588947764,0.0692995529061102,0.0621761658031088,0.022079772079772,0.0781367392937639,0.1237274862960062,0.1406995230524641,0.1141304347826086,0.1055469953775039,0.0413642960812772,0.0543717854518737,0.0331173506119508,0.0904255319148936,0.0773273273273273,0.0520527859237536,0.1299212598425196,0.1800986842105263,0.1723856209150327,0.2079124579124578,0.175266175266175,0.2974683544303795,0.2413494809688581,0.1308116627265563,0.184971098265896,0.157258064516129,0.1193447737909516,0.2202380952380951,0.2413494809688581,0.2307032590051456,0.2181663837011884,0.2445793581960105,0.1879139072847682,0.2732919254658386,0.2986425339366514,0.2510897994768961,0.2699115044247786,0.2079124579124578,0.3105022831050228,0.2360034453057709,0.2554680664916886,0.2676678445229681,0.1968306922435363,0.2119932432432432,0.2079124579124578,0.3093065693430656
FTXF-L,20.0,0.0709538318737164,3.669283617932906e-07,0.039812348737288,0.1234225996039893,0.123158434250806,1.5090778065368098,17.817800000000005,0.3041479772487727,0.0028585091272709,0.002126897224772,0.0169959513999043,1.0,0.1930910787259846,0.1865070401325201,7.328074094097397e-08,0.0029278507484821,3.0419989323275604e-07,0.0638612342787027,0.0292720575602438,8.34228620408559e-07,0.0221086873100195,4.0,1.4440868370312767,-0.0432894151376868,-0.048229098116736,-0.0111177742039935,0.1347431516030295,0.0233680280887067,0.078819758433162,0.0631651921426678,0.5178129692261721,-0.0956629273032417,0.0251743185728514,-0.1326233527428747,-0.2164855699356357,-0.2199407427823331,-0.1397416413373859,-0.16252404201805,-0.1956660746003552,-0.1714724824355972,-0.211354928596308,-0.239640002686547,-0.1738908347927612,-0.1683684713141849,-0.19377581541091,-0.1910682386566631,-0.1903740256025174,-0.1609723560364634,-0.1903740256025174,-0.1781488203266787,-0.0966326204915416,0.015518478650879,0.0574444236876516,0.1460822028750759,0.0360574723162807,0.0588290310512531,-0.0649983481995375,0.0093616262482167,0.1131760078662733,0.1166896823831129,0.2141784641784641,0.2838512134270807,0.4596441464672509,0.586018492574951,0.6799228372162041,0.6228497706422016,0.6251794430089004,0.673219036358262,0.720516717325228,0.8236146907216495,0.9233775059463132,0.7489572068592614,0.8032812997769989,0.9586505190311418,0.8513491414554375,1.3108797713819142,1.3743708053691273,1.5113132209405502,1.356577851790175,1.1633862029428623
FTXN-L,30.0,0.2505899899109532,6.093573124921377e-07,0.0661163005006967,0.2235877767200708,0.0909173278118731,1.175179590997661,4.686499999999999,0.529281506499174,0.0050535934379254,0.0008752592302291,0.0069516610657315,1.0,0.26337764089765,0.0197832875251362,4.25080725366327e-08,0.0237046771498448,5.8480445114409856e-08,0.111131991051454,0.0605180154002847,1.2177425842973445e-06,0.4178403889140519,3.0,0.5996517038186672,0.1318633978237752,-0.0629471455783193,-0.2592210121033864,0.0541884488590825,0.0057835023483276,0.0173810227701007,0.1601037535404181,0.7155792825239232,-0.1696678671468587,-0.0395849346656418,-0.1838667537557152,-0.2290209790209789,-0.1932637469062735,-0.1846655791190865,-0.1664442961974649,-0.1219255094869993,-0.1968934118907337,-0.2087598944591029,-0.2545490702992939,-0.1711442786069652,-0.1325928497049636,-0.2271930728790846,-0.1611278952668681,-0.1197604790419162,-0.1491317671092952,-0.1698593732698483,-0.1661661661661662,-0.113620241191771,-0.1363898168413777,-0.11341059602649,-0.1720596355604637,-0.1145624188024093,-0.0379828050814834,-0.13658873661177,-0.0392156862745098,0.0470670391061454,-0.0382296343810135,0.0903141361256543,0.2152698978764791,0.1821192052980131,0.0832249674902472,0.1430096051227321,0.2025986525505292,0.1583745364647713,0.0771551724137931,0.1410958904109589,0.1304282267792522,0.1231460674157303,0.1804440245630609,0.0866792288737499,-0.0495689655172413,-0.0659107899327187,-0.0411817367949866,0.0588983050847458,0.0276901987662783,0.1376327769347494,0.0319339298004128
FTXO-L,20.0,0.0732436729665975,5.923116432253188e-07,0.0642668165142466,0.0558697560371317,0.1493499762307241,0.9827431037578864,47.78660000000002,-0.3102653674332049,0.0007371141124859,0.0017630785335475,0.0112907255007887,1.0,0.2399841476082869,0.0623912979246886,6.717729380998266e-08,0.0663559998733336,4.336368721099626e-06,-0.0651456882845326,0.0160846272720279,5.698812097893394e-07,0.0165111331050986,4.0,8.861478490671974,0.0845018755586683,0.0155724447470996,-0.0479337241280088,-0.0007819245501807,0.015537852618523,0.0315953283999288,0.051998588760822,0.4862133259606618,-0.0746217916029237,0.0512866333095067,-0.0388825355334095,-0.0700284539993676,-0.034465780403742,-0.0503631961259081,-0.1165340141162337,-0.1124019312009656,-0.0599232981783317,-0.0606737984991219,-0.0970069071373753,-0.0679657794676805,-0.0575136174303108,-0.1080958156458459,-0.0952014764687788,-0.0636638548464109,-0.0147378998492715,-0.0173709704359444,-0.0185185185185184,-0.0404501712608058,0.0083990401097016,0.0503481521156936,0.0083990401097016,0.0546790964503405,0.1158952959028831,0.0822295805739514,0.0886380458919318,0.1452209460774771,0.1918557536466774,0.3073333333333332,0.314343163538874,0.3199461521202602,0.3624363131079202,0.376462330369677,0.578057939914163,0.5138960370560988,0.4060707456978967,0.4878603945371775,0.5751004016064256,0.4565486506561029,0.3105368678993094,0.2978160158835208,0.194032880048711,0.1969481180061036,0.1083270535041447,0.137251111540692,0.1612712198973549,0.2562459961563101,0.1341816078658184
FTXS-L,30.0,0.0733019606179892,9.821620606790325e-08,0.0106566247114785,0.2887277572922154,0.2376343656974486,1.8198385785288445,16.267200000000003,0.3286742334415645,-0.0014971790937097,0.0029738833746155,0.0054652831259283,1.0,0.3261093381005524,-0.0863009738657846,3.786152360936067e-08,-0.0381174210340802,2.322701689429536e-07,0.0690109545131603,0.0197177795435953,2.546673163251164e-07,0.1544961210077529,3.0,3.8073521493921896,0.0574806879230901,-0.0073099213137691,0.7921758874066592,0.0278839500758641,0.0308733398241478,0.1123138005637314,0.1102999116911345,0.5606587962519365,-0.063072389060833,0.0391482121785902,-0.074797820616189,-0.0746214676011455,-0.0467228549275493,-0.0528032497386101,-0.0437088367206756,0.057258046503317,0.0823210641545242,0.0426790316540741,0.0028442645960562,-0.0154490949461543,0.0360662555336066,0.0189761694616064,0.0594410094284194,0.1054813396235228,0.1273138638325743,0.0147709854112401,0.0250721412832215,0.1157152874762081,0.11627440807471,0.1029569391369187,0.1373632644724907,0.1525673413483488,0.200720414492,0.1228746463921621,0.1019619483293465,0.1424140947898755,0.1087180568243038,0.125484461564068,0.257491631688008,0.2508043045985744,0.3118409201136285,0.2929920646844313,0.4131283352614101,0.502098390308531,0.5340576715847127,0.5444312119679593,0.6233795184854931,0.6437159798244623,0.5975733234331229,0.6066970460697707,0.4807185478888549,0.441465995690935,0.4479256681833823,0.4457586609754052,0.4899704898681882,0.4281576466151235,0.3742451515503426
FTXV-L,30.0,0.2157074421779647,4.56104188314866e-07,0.0494880769559012,0.2477947086584667,0.1971744206719379,1.8651778275940083,23.34019999999998,0.9778852903872878,0.0044531596722588,-0.0017256495118637,0.0123268691913723,1.0,0.16022096640294,0.2104838006743724,1.1816106285700517e-07,0.0058452954562487,6.112857692212552e-07,0.2053242707448313,0.090268690203686,7.810157650861795e-07,0.2228593267374538,4.0,1.7891529798018169,0.0901304586585629,-0.0081404683096147,-1.009401564961964,0.0085566324490437,0.020562860107013,0.0567567656566591,0.1234815574051012,0.4278891305839032,-0.0446237545082218,0.0023897058823529,-0.1419354838709677,-0.1113102998696219,-0.0802316428651749,0.0117508813160986,0.02103357882911,0.0763208105796433,0.0658717748240813,-0.0228182306911175,-0.0736693091732728,-0.045231703046574,-0.0147554806070825,-0.0408653846153845,-0.0146961392519423,-0.0077035060050952,-0.0027432333577175,-0.0328702335205438,-0.0199496764917325,0.0672625260960333,0.0558280624757971,0.0348557692307691,0.0872657184633789,0.151474625184768,0.1560313758744966,0.0541951282381749,0.1248710719933987,0.1344660194174758,0.1274293590627153,0.189918533604888,0.2714907508161046,0.2814507284975718,0.2587719298245614,0.3412314503566451,0.5307382801534575,0.4690193965517242,0.5265957446808511,0.5569620253164558,0.8102246320681641,0.5684563758389263,0.6104548139397519,0.495611629182666,0.4266155053632161,0.4418297197250134,0.4489813994685563,0.6137910624445102,0.7373619371282925,0.8296611117324686,0.79335672001754
FTXZ-L,30.0,0.0653857923428003,1.585081184268979e-06,0.1719839932149502,0.0904033423743407,0.5838470393515951,1.0638511369947043,-21.69029999999998,0.4934269979974278,0.0059219050028384,-0.0013728941871527,-0.0344499234288538,1.0,0.1509681635580188,0.049690517865101,1.1974909827839544e-07,-0.0222177780097695,3.709759437504784e-07,0.1036037043664996,0.1143945508467107,3.382734746016888e-07,0.1457513659754842,5.0,1.5819568189301625,0.028906025303047,0.0277955675233608,-0.031651380644956,-0.0047003658431304,0.0143823915878083,0.0175661916112369,0.1192026411445109,0.520568805916396,-0.0668586710553383,-0.050771333723882,-0.1857621440536013,-0.2158412647201162,-0.2248445224047202,-0.2463565891472868,-0.2686926432977282,-0.2592197500761963,-0.1839852274634883,-0.1500262283616016,-0.2037674037674037,-0.1416210489140031,-0.0755039939140357,-0.1512135498515803,-0.1886162577199132,-0.1857621440536013,-0.1193840579710145,-0.1408624955814775,-0.1839852274634883,-0.1779130728902418,-0.0949543846583503,-0.1019767227046001,-0.0915716688469444,0.0060016556291391,0.0622814685314685,-0.0330216829122738,0.1128663003663004,0.2502572016460904,0.192298258523424,0.1943488943488942,0.1931762395679921,0.0268272074355724,-0.0879924953095684,0.06811689738519,0.1604201480066842,0.0560504019117966,0.1156759238007802,0.0364605543710021,0.0369027303754265,0.0384533219397564,-0.0642925890279114,-0.0053202373644362,-0.0725052470902498,-0.1767993226079592,-0.1456942003514938,-0.1358222222222221,-0.0197620488001614,-0.1105215004574565,-0.0905519176800748
FTYN-L,23.0,-0.0065671380313606,1.5533335315634938e-07,0.0168539319124008,0.093997605564268,0.1705248610242986,0.7618359397790246,-28.148799999999994,0.0096970109021357,0.002106352452419,0.0063882043201538,0.0046006452537146,1.0,4.031912109358809,-0.0115085513598779,4.5017206641196673e-08,-0.0086149685483085,1.1896068940769576e-07,0.0020360585351449,-0.0019060595626487,4.154327938832226e-07,-0.0040606057768961,4.0,3.686004943903772,0.028341471816509,-0.0038936508884226,0.175984805891546,0.0052779863925021,0.0179808670027087,0.0660699697061924,-0.0250386214634931,0.5889842970831648,-0.0259767248545303,0.1149212233549583,0.0069052102950408,-0.0292515634456325,0.0755476084041124,0.1335689045936394,0.1634429400386847,0.2191537876868508,0.2825159914712152,0.3237964236588719,0.2890436646129117,0.2411658498839306,0.2610062893081761,0.3151134189669307,0.3701594533029613,0.4228267297457124,0.4420137848366796,0.4792499231478633,0.4144620811287476,0.4617253948967192,0.4351327169698775,0.4467829224293445,0.5944333996023856,0.6473810338925023,0.7691176470588235,0.5242318656952802,0.4454791228597177,0.5256816740646797,0.5094102885821832,0.5628450795712894,0.7210300429184548,0.8450920245398774,0.73342939481268,0.7479113694151833,1.011705685618729,1.096732026143791,1.0741379310344827,1.1823129251700677,1.3634577603143416,1.3634577603143416,1.2360594795539033,1.4842540010325245,1.342745861733203,1.2507015902712817,1.1842941443486152,1.2507015902712817,1.4376899696048633,1.453850076491586,1.56093666844066
FTYP-L,30.0,0.6786419815102724,5.951729493540123e-07,0.06457727307553,0.0343718164892023,0.2783799128962528,1.0259395042974122,20.7298,0.7316599930048278,-0.0071188626823629,-0.0020816842355782,0.2719520435850109,1.0,0.0829678707141901,0.41078687175608,1.0570630659216726e-07,0.4153218317718219,2.9060617196390328e-08,0.1536249251048531,0.3590563695358861,8.353362013558239e-07,0.9415571349494736,4.0,0.5215673216090007,-0.202619372826633,-0.0040480611863574,-0.1917259413700288,0.0592928818033364,0.0214879705465117,0.0550177425526701,0.1073017421910395,0.0575420199288395,0.071452759905181,-0.1337635670284541,-0.2470678225395206,-0.283078417091527,-0.3967313585291113,-0.3840216937838965,-0.3466814159292035,-0.3507036059806507,-0.258040201005025,-0.2554210791729702,-0.3051764705882352,-0.2508878741755453,-0.2563585998489045,-0.3291685597455702,-0.3205246203405429,-0.3421697482735576,-0.3180138568129329,-0.2719428007889546,-0.3176987060998151,-0.3610990913024664,-0.3291685597455702,-0.3355085508550854,-0.2381320949432404,-0.1988605534454692,-0.0837728824076945,-0.246491451900995,-0.2404835390946502,-0.2602705410821643,-0.1465317919075144,-0.1094692400482507,-0.1330005871990605,0.0652958152958154,0.1490272373540857,0.1366435719784449,0.1764940239043824,0.1253810975609757,0.1658112909593367,0.4750249750249751,0.3766899766899767,-0.7155380021192563,-0.6631687008098551,-0.6732684222173047,-0.61994851994852,-0.5937542990782776,-0.5908272135236248,-0.5787446504992867,-0.5316415543219666,-0.5186634066829665,-0.496161064664733
FTYW-L,20.0,-0.0302472127968977,8.690550048955154e-07,0.0942939399878749,0.051417907960945,0.163530909605319,1.5438235438864272,0.3565,0.0273714860115538,0.0120370379131433,0.002053628076268,0.4000400638888953,1.0,0.043274355148156,0.0483921519463425,7.794215290542739e-08,-0.0133215211470944,1.100204742608416e-11,0.0057471264367816,0.0358054613023106,6.90255706130465e-07,-0.1139274279615795,3.0,0.0054107962071746,0.1126048541098638,0.2455441204847603,-0.0076760713536864,-0.0848185794569576,0.0126939351198871,0.0275883640913356,-0.1275632363748429,0.4839789684262611,0.0491803278688525,0.0,-0.046875,-0.1285714285714285,-0.2077922077922078,-0.2469135802469136,-0.2560975609756097,-0.1756756756756756,-0.3068181818181819,-0.1973684210526316,-0.1285714285714285,0.2708333333333332,0.2708333333333332,0.2978723404255319,0.2978723404255319,0.326086956521739,0.326086956521739,0.3863636363636362,0.4878048780487805,0.6052631578947367,0.5249999999999999,0.6052631578947367,0.4523809523809523,0.3863636363636362,0.326086956521739,0.326086956521739,0.326086956521739,0.5249999999999999,0.6486486486486487,0.6944444444444444,0.7428571428571429,0.6944444444444444,0.6944444444444444,0.5641025641025641,0.5249999999999999,0.4523809523809523,0.3555555555555554,0.2199999999999999,0.1296296296296295,0.0892857142857141,0.1730769230769229,0.326086956521739,0.326086956521739,0.3555555555555554,0.3863636363636362,0.7428571428571429,0.7428571428571429,0.7428571428571429,0.7428571428571429
FTZA-L,19.0,-0.2688740706675864,-9.8633153159695e-07,-0.1070186417713955,0.1330328126638012,0.0762731348430854,1.781296003210023,8.871,-0.8929947311269436,0.1778542014092346,0.0157861635220125,-0.0217221146769123,1.0,6.663793103448276,0.0131904369332232,-3.515160381118504e-08,-0.2433365801824139,6.836725489612531e-13,-0.1875,-0.0488234843258986,2.517432667464046e-06,-0.1793637505232314,5.0,0.001751625607395,0.1832903641637125,0.1247603737479958,-0.0443798449612403,0.1152308606348666,0.0263035164630165,-0.0414279418245923,-0.111046511627907,1.6536866802719628,0.0,0.6666666666666667,0.6666666666666667,0.25,0.25,0.6666666666666667,0.6666666666666667,0.6666666666666667,4.0,1.5,1.5,1.5,4.0,1.5,0.6666666666666667,0.25,0.6666666666666667,0.6666666666666667,0.6666666666666667,0.0,0.0,-0.1666666666666666,-0.7222222222222222,-0.6666666666666666,-0.6428571428571428,-0.6666666666666666,-0.375,-0.6428571428571428,-0.6875,-0.8484848484848485,-0.868421052631579,-0.8648648648648649,-0.84375,-0.8,-0.7916666666666666,-0.8333333333333333,-0.8333333333333333,-0.8529411764705882,-0.8809523809523809,-0.903846153846154,-0.9090909090909092,-0.912280701754386,-0.912280701754386,-0.9056603773584906,-0.9019607843137256,-0.8888888888888888,-0.8913043478260869,-0.8780487804878049,-0.8717948717948718
FTZU-L,20.0,0.037938652772532,1.1255573291518448e-06,0.1221248766189627,0.0620454570363545,0.1376071762947917,0.7595075479867082,-90.1335,-0.054228334378193,-0.0131608832093795,0.007857660783876,0.0165463330909469,1.0,0.1688668899557293,0.1032771717564288,7.03741068487521e-08,-0.0259149103359233,6.896440353092047e-07,-0.011386195619631,0.0332393006691565,1.218425450705217e-06,-0.0159906805075175,5.0,2.357879249491762,-0.0383084084163523,-0.1244748150972894,-0.108600435412418,0.0526881066434369,0.0090919215192218,0.019972750465787,0.0252313335398933,0.239117681039436,-0.098041448417217,-0.0102558323002367,-0.1522347716961097,-0.1496078241502857,-0.154275808936826,-0.0781988034008607,-0.1345225189711245,-0.1396943573667711,-0.1114933225414812,-0.1131084629367804,-0.1340958390849932,-0.1471302321064388,-0.1452209460774771,-0.2204172214824679,-0.213998030967511,-0.2199324924498135,-0.203952139231327,-0.1650503898079484,-0.136479842674533,-0.1052470708099848,-0.1059757711493435,-0.0739217547189708,-0.059037822779385,-0.0707861601946885,-0.0192092919365648,-0.0559019565684799,-0.0234626932058269,0.0451029394263953,0.1116455696202531,0.2327344188658058,0.2738613286916158,0.2531392694063925,0.2601521021667383,0.318420657558925,0.5524129397206998,0.2063186813186812,0.1403713803402153,0.1912642430819315,0.2981522542498149,0.1642582526846081,0.038675340035482,-0.0122595883477674,-0.0182224706539967,-0.0973378558947477,-0.1024121013900246,-0.0862553324315889,-0.0380107350202651,0.0061869844179651,0.0103543488265069
FTZW-L,29.0,-0.0108393279806484,3.78009162020671e-07,0.0410146343299978,0.029565613982278,0.116918193784535,0.4582595298519808,-49.56760000000003,0.1148015381339697,0.0162198111705243,0.0026140016208944,0.0113906803441629,1.0,0.0892930883776157,0.0870463536887769,4.028657518858525e-08,-0.0252542724680671,5.129933676218559e-07,0.0241046085153882,0.0136452311652395,3.724656058828663e-07,-0.0939044184413399,3.0,9.731716755190746,-0.0630342652034469,0.0022244547426849,-0.0342671640661911,-0.014129457103533,0.0167617890589193,0.0333297439614863,0.0043268451698355,0.411062275405168,0.0399521531100477,0.0536044362292051,-0.0005579022873992,0.0204247701196191,0.0178571428571427,0.0198438516590762,0.0062590274434279,0.0332042514624701,0.0571573090541224,0.0647872972743484,0.1183447783822349,0.0723447922011288,0.103970419931332,0.1081654294803817,0.1969075116922785,0.2090242961820285,0.2006893910379166,0.2070459139474445,0.1873875579964019,0.2899907416932417,0.3251611539680863,0.3374573378839589,0.3664596273291927,0.4329790881042166,0.5515961395694138,0.286417726713172,0.3486771348677135,0.4174296371651407,0.4569536423841061,0.4780763790664781,0.6543535620052772,0.6895715440582055,0.6294178794178795,0.6046065259117082,0.526290165530672,0.6124469589816126,0.6443745082612116,0.6508688783570302,0.8591549295774648,0.8710832587287378,0.6334505666275891,0.6699960047942468,0.555831265508685,0.5281501340482575,0.5673040869891264,0.6381450032658396,0.5445251878310138,0.7686882933709449,0.6593886462882099
FUAE-L,20.0,0.056347671614813,8.48059243690938e-07,0.0920158643357334,0.0965462955385916,0.1969454082847133,2.041082130852354,15.387499999999996,0.3968865471675304,0.0030381248081777,0.001105679326699,0.0085636266995053,1.0,0.0939227154827838,0.1038279837934524,9.837757236468092e-08,0.018996377903541,7.08242473474896e-08,0.0833333333333333,0.0058342267316987,6.626388791953983e-07,0.001229466476778,3.0,0.4298359277273157,0.0894231554740944,0.0055862651052217,0.0216804943911856,0.016021333866733,0.0158690249230914,0.0298117299130149,0.0872341052274995,0.3399885609154713,-0.0761494252873563,-0.0465753424657534,-0.0949284785435631,-0.1030927835051546,-0.0830039525691699,-0.1133757961783439,-0.0961038961038961,-0.0707610146862484,-0.0961038961038961,-0.1076923076923076,-0.1030927835051546,-0.1321695760598503,-0.0632570659488559,-0.1674641148325358,-0.1634615384615385,-0.1212121212121212,-0.0913838120104438,-0.002865329512894,-0.1234256926952142,-0.0670241286863271,-0.0306406685236768,0.0943396226415094,0.1856899488926746,0.2654545454545454,0.3009345794392524,0.3892215568862276,0.3647058823529412,0.3009345794392524,0.2585895117540686,0.4233128834355828,-0.0333333333333333,0.0086956521739129,-0.0333333333333333,0.0388059701492538,-0.0085470085470085,-0.0594594594594595,0.0086956521739129,0.0250368188512517,0.0466165413533834,-0.0556309362279511,-0.0465753424657534,-0.116751269035533,-0.1553398058252427,-0.1532846715328467,-0.1354037267080746,-0.0594594594594595,0.0175438596491228,0.0909090909090908,0.0874999999999999
FUBI-L,20.0,0.0661979849709672,6.996853833981394e-07,0.0759170491866272,0.0958176303661327,0.2791061168422299,1.2738086936746666,-42.078,0.3183645539451391,-0.0418202284392408,-0.0019107722804258,0.4457986188091463,1.0,0.1075562798017196,0.029475561484145,6.941938040342085e-08,0.0100654946449723,3.264692461199533e-08,0.0668462553965818,0.1381919415981735,5.111033312742699e-07,0.1428530340614688,5.0,0.5420796270212196,-0.0620222739244846,-0.0699859841324859,-0.2003379139838261,-0.1036444700312617,0.0057359169348715,0.009977622602562,-0.020356751610179,0.5652541674470009,-0.0424578059071729,0.0743731406714831,-0.054364089775561,-0.1918158567774935,-0.2141746969225987,-0.1685122245367831,-0.0861549584287262,-0.1070293182620982,-0.1266697374481805,-0.1594813255014961,-0.1516778523489933,-0.1924182728143967,-0.1230342275670675,-0.2536902184609328,-0.319271160578045,-0.3861097620203982,-0.4405016599040944,-0.4441512752858398,-0.4503152859317242,-0.4715350846630896,-0.4557588805166845,-0.4017983909133933,-0.342978428484796,-0.2101645490522806,-0.2432648174017161,-0.2925373134328358,-0.164849686157912,-0.1639290045198984,-0.0342544250604863,0.0666666666666668,0.1822291504286828,0.432565168114847,0.3518716577540106,0.6404931862426997,0.6288659793814433,0.472621359223301,0.4697674418604651,0.5228915662650604,0.5349119611414694,0.7058029689608638,0.6260720411663809,0.6278171281390856,0.7531206657420251,0.6943699731903488,0.7205081669691471,0.7555555555555555,0.6627932470949354,0.858823529411765,0.7342785273267782
FUBX-L,30.0,-0.0286698658791682,6.075923407300293e-07,0.0659247980750976,0.1356093235368634,0.0315336695342628,2.947554883517165,-71.45,0.4572333637642906,-0.0193146250647107,-0.0005842558425584,0.1329477052592404,1.0,0.0706039615992222,-0.029214893320318,2.1034224537231497e-08,-0.0141689033143977,6.991104340618303e-07,0.096004212250629,0.0296337311841188,1.4490922406292718e-06,-0.0294616238966505,3.0,0.6442624919982142,-0.0169378957886067,0.0013186491706144,-0.0104704282337702,-0.0386247902660185,-0.0075182112110942,-0.0288404064554692,0.0366289724221158,2.6383507409318243,-0.0212765957446808,-0.0035335689045937,-0.1582089552238806,-0.1837916063675833,-0.1988636363636364,-0.2637075718015667,-0.2378378378378379,-0.2220689655172414,-0.1837916063675833,-0.168141592920354,-0.2122905027932962,-0.278772378516624,-0.2509960159362551,-0.2694300518134715,-0.353211009174312,-0.3245508982035928,-0.3188405797101449,-0.2509960159362551,-0.3147023086269745,-0.3395784543325526,-0.3253588516746412,-0.2703751617076326,-0.217753120665742,-0.1965811965811965,-0.06,-0.1376146788990826,-0.15695067264574,-0.1988636363636364,-0.1656804733727811,-0.1173708920187793,-0.1656804733727811,-0.168141592920354,-0.1942857142857142,-0.2519893899204244,-0.2188365650969529,-0.2815286624203822,-0.2824427480916031,-0.295,-0.2316076294277929,-0.2078651685393259,-0.3045622688039457,-0.3204819277108435,-0.3411214953271029,-0.3285714285714286,-0.295,-0.2388663967611336,-0.1919770773638969,-0.2220689655172414,-0.2133891213389122
FUCN-L,9.0,0.0161330928118611,2.204705012626166e-07,0.0239214228075854,0.0468301543329167,0.3111016287190993,3.155073758966681,-7.094399999999993,0.1688522932876691,0.000845241772918,-0.0014383109308768,0.0109094559993684,1.0,0.1107983954797091,-0.0217150981487557,4.0401540081890456e-08,-0.0043479990529881,5.104626085367573e-07,0.035453518243589,0.0866253060876721,2.179366102442825e-07,0.0567892857112947,3.0,2.279132756950234,-0.0309301537298298,0.0245876092188565,-0.0367079690584712,-0.0166141856074118,0.0214795788775984,0.0438152391881017,-0.0237094570957421,0.641352348829929,0.1213264495631454,0.1131741821396992,0.1654709557972691,0.0846435494292483,0.1026932340705057,0.1730724435126951,0.2615230460921842,0.2235179786200194,0.2772001014455998,0.2856778146540719,0.286006128702758,0.3033126293995858,0.2840387557368689,0.3121417404898383,0.3016283277332645,0.1679035250463822,0.1843838193791156,0.2624717974429682,0.1703462700441551,0.2643735877479287,0.2814249363867684,0.299948373773877,0.3124837112327339,0.2596298149074538,0.2608913370055084,0.1458475540386803,0.1609036422314429,0.2047846889952154,0.1999046938289255,0.1882963662104766,0.2056499880296862,0.2736469398077896,0.2273945893248841,0.276229092752154,0.3368728431112291,0.4363947518539646,0.5316301703163016,0.567382508558979,0.6033110474371219,0.6224226804123711,0.6187720990035359,0.7365517241379309,0.7105978260869563,0.6146200705354279,0.6996287546405671,0.6479057591623036,0.6297734627831715,0.6893659845689366,0.6916358750419886
FUCP-L,20.0,-0.0575253717528268,2.388514794676042e-06,0.2591579007549841,0.1154777457033697,-0.0500225827835276,1.035012050762676,52.36170000000001,-0.2140655891033676,0.011639368103326,0.001293914690955,-0.0493697408089153,1.0,0.1114192531490389,-0.2481744174410011,-6.658989774772171e-07,-0.083887323729642,1.0076423557573837e-07,-0.0449468474536561,0.0124943560658677,5.498325863437805e-06,0.0492030822912393,4.0,0.1905714780285499,-0.0286819357158374,0.2351652707236488,-0.0860931306323813,0.1273286325492682,-0.0159284375162395,-0.0561912714243476,0.0582004095988658,1.6536866802719628,-0.2251308900523559,-0.4879356568364611,-0.5838779956427016,-0.5727069351230425,-0.6078028747433265,-0.562929061784897,-0.6069958847736626,-0.5668934240362813,-0.493368700265252,-0.5375302663438257,-0.6012526096033404,-0.5764966740576496,-0.5248756218905473,-0.5408653846153846,-0.5568445475638051,-0.503896103896104,-0.5746102449888641,-0.6045548654244306,-0.6086065573770492,-0.6156941649899397,-0.6449814126394052,-0.5847826086956522,-0.6613475177304964,-0.6577060931899642,-0.5688487584650113,-0.515228426395939,-0.4694444444444444,-0.431547619047619,-0.2952029520295203,-0.3054545454545455,-0.2653846153846154,-0.4664804469273743,-0.5783664459161149,-0.5352798053527981,-0.4229607250755287,-0.6992125984251969,-0.7195301027900147,-0.7460106382978724,-0.6884176182707993,-0.7696019300361882,-0.8129285014691479,-0.8538638102524866,-0.8818800247371676,-0.8769329896907216,-0.8838905775075988,-0.8788071065989848,-0.8767741935483871,-0.8912300683371298,-0.9035840484603735
FUCW-L,30.0,0.0316765655934145,5.222408076524e-07,0.0566640121725267,0.0366911274182788,0.6425718090165493,1.1657052730785396,9.549999999999995,-0.0368223681083208,0.0007442758316513,-5.408913890090947e-05,0.4041288554188412,1.0,0.1201975850713501,0.0414634146341463,7.424611013876249e-08,-0.0364139911785823,4.312300378492271e-09,-0.0077315058864873,0.059497759716578,1.8957219013143325e-07,0.0049580472921434,3.0,0.390794378207405,-0.0270164381082773,0.0052824154578614,0.208075071912701,-0.0049484143449697,0.0274228731692115,0.0388406649992643,0.0556360475224572,0.458289138137385,-0.0294117647058824,-0.0603015075376883,-0.1922246220302375,-0.2126315789473684,-0.2474849094567404,-0.2288659793814431,-0.2571996027805362,-0.1753031973539139,-0.1642458100558658,-0.1869565217391303,-0.2288659793814431,-0.1807228915662651,-0.1422018348623853,-0.2051009564293304,-0.1834061135371179,-0.2208333333333332,-0.1707317073170731,-0.0310880829015542,-0.0410256410256409,-0.1031175059952037,-0.06265664160401,-0.0673316708229425,0.1130952380952381,0.1614906832298137,0.2852233676975946,0.2592592592592593,0.2635135135135136,0.2571428571428571,0.2830188679245284,0.4139886578449907,0.2550335570469799,0.2550335570469799,0.2363636363636365,0.272108843537415,0.3775322283609579,0.3169014084507044,0.3008695652173914,0.4329501915708813,0.3501805054151625,0.192982456140351,0.1048744460856723,0.0840579710144928,0.0,0.0747126436781608,0.0594900849858357,-0.0170827858081471,0.0840579710144928,0.154320987654321,0.2182410423452769
FUCX-L,8.0,0.2048004680762671,4.494711537763427e-07,0.0487683814738089,0.1341157018022806,0.1320076110692507,1.353134303212035,637.767,-1.15651680820945,0.0200085958961339,0.0191434255451832,0.0011460724630357,1.0,0.1644297301105738,-0.3753147077555677,9.920869801446597e-08,0.0555751403847681,4.607541531945088e-06,-0.2428311097262745,0.2333768376883592,6.595801231307572e-06,0.2863703191344518,4.0,1.0412205009991382,0.1634448489222872,0.1581269609728378,-0.1093921044977123,-0.0784613815128991,-0.0067725804183556,-0.0636928337067436,0.0407328934796665,0.9178160849666726,-0.0259301014656142,0.1087499999999999,0.1579634464751957,0.1748344370860926,0.2184065934065933,0.4517184942716856,0.4493464052287581,0.2336578581363002,0.122784810126582,0.0114025085518814,-0.1832412523020258,-0.2639004149377594,-0.1639962299717248,-0.2800324675324676,-0.2614487926727727,-0.2645107794361526,-0.1632075471698113,-0.2129547471162378,-0.0044893378226712,0.356269113149847,0.4588815789473683,0.4983108108108107,1.0870588235294116,1.0159090909090909,1.0870588235294116,0.7739999999999998,1.137349397590361,1.1068883610451303,1.006787330316742,0.7739999999999998,0.5924596050269297,0.4469820554649264,0.3688271604938269,0.3298350824587706,0.5293103448275862,0.729044834307992,1.0113378684807253,0.844074844074844,1.006787330316742,1.0251141552511416,0.9537444933920702,0.966740576496674,0.6610486891385767,0.5561403508771927,0.564373897707231,0.6992337164750957,0.4957841483979763,0.4612850082372322,0.3278443113772453
FUEZ-L,20.0,0.0588193852541202,8.517274872867333e-07,0.0924138749789428,0.1861840940490299,0.1648207899623669,1.7995290446418577,-53.6787,0.0337437128532247,-0.0025483600737752,0.0032016687550748,0.0985639641152487,1.0,0.0978357019153188,0.1003066426128656,9.790190392307721e-08,-0.0323056405648893,1.6579049963919516e-07,0.0070850878951941,0.024664593752191,1.0275108138547169e-06,0.0347318443936638,5.0,0.6116231047916967,0.0771453277653656,-0.0818382341608228,0.0551216175105899,0.0697594931151981,0.003406400275865,0.0077113520257121,0.0960278121251613,0.625724782621619,-0.0295566502463053,-0.056910569105691,-0.2671480144404332,-0.2251908396946565,-0.2618181818181818,-0.1781376518218624,-0.2207293666026871,-0.2131782945736434,-0.1839195979899497,-0.2550458715596331,-0.2047012732615084,-0.2354048964218456,-0.1714285714285716,-0.2678088367899008,-0.2425373134328359,-0.2730528200537153,-0.1602895553257498,-0.2139399806389158,-0.2259294566253575,-0.2543617998163454,-0.2845814977973568,-0.3182199832073888,-0.2488436632747457,-0.2432432432432433,-0.1904287138584247,-0.1928429423459245,-0.1904287138584247,-0.1398305084745763,-0.1847389558232933,-0.0536130536130536,0.0239596469104665,0.0012330456226881,0.0037082818294189,0.045045045045045,0.3181818181818181,0.1566951566951566,0.1293463143254518,0.1215469613259667,0.3904109589041096,0.1293463143254518,0.042362002567394,-0.0866141732283466,-0.1855566700100301,-0.1585492227979276,-0.2877192982456141,-0.2274024738344434,-0.1912350597609562,-0.1671794871794872,-0.1602895553257498
FUFI-L,30.0,-0.0149091745499515,5.2944695864553626e-08,0.0057445891760657,0.0669528721391458,0.7844212224236258,2.164882517121978,7.193300000000008,0.4111468783300083,-0.0083729054050456,0.0014589740594577,-0.0380777443341402,1.0,0.2155916150857752,0.0875784287560209,3.1718967575094496e-08,-0.0171055390918082,3.135146653719717e-08,0.0863275414733861,0.0592131166199143,4.4142574541918084e-08,-0.1149429824032962,4.0,4.0704618478890096,-0.0508322173444876,-0.0112921475897247,0.040151317348109,-0.0180425830924975,0.084844674134192,0.1555838160122507,0.0684340871489428,0.5006218308685871,0.0030178326474623,0.0507350821562411,-0.0793129578176307,-0.1205211726384364,-0.1246397694524494,-0.0172553248854139,0.0064890238851305,0.1695812610300018,0.2135841518228733,0.194886084248484,0.209556993529119,0.2312109440972809,0.2527925760439939,0.097726246047282,0.1872964169381108,0.1444270015698587,0.1277846534653466,0.1362219451371573,0.0954169797145005,0.1002112888620585,0.167333867093675,0.2619006404708326,0.2818709337084579,0.3281107669885226,0.4478649453823238,0.2836767036450081,0.2097577165615667,0.2789473684210528,0.2345469940728197,0.2749213011542499,0.3893653516295028,0.4185639229422067,0.3898951382268827,0.3305347691184523,0.2706989715879382,0.3261779152264872,0.3211308445088801,0.5616966580976865,0.562366052293185,0.6334304279632534,0.5923984272608127,0.7440191387559811,0.4850275005092688,0.3532578429552628,0.4243845252051583,0.4040832049306626,0.4030023094688222,0.3530066815144765,0.3080925892696933
FUFJ-L,30.0,0.1195071712149729,1.4303466884991526e-07,0.0155195038343298,0.0488592116413684,0.2141782747434612,1.4163992913147163,8.9621,0.433553465608828,-4.639929562527693e-05,-0.002962063969776,0.0025791456267096,1.0,0.6712057475984311,0.0754793681169038,3.483241354942138e-08,0.0181868740966204,1.323564440701824e-08,0.0910321998194402,0.0348476138258143,2.2232683839969041e-07,0.149789606431041,4.0,1.2054385407613275,0.0006328031719628,-0.0138474949335892,-0.2345242728376103,0.0484524830386588,0.0356838541925342,0.0937553748530214,0.117052282747963,0.4783830485052878,0.0362676056338029,-0.1346739792809262,-0.2428685683817648,-0.3068098608738101,-0.230977525047387,-0.1734575087310826,-0.0169608861197646,0.0835558946966805,0.1423974255832663,0.1405622489959839,0.1838265944143393,0.1872909698996654,0.2064570943075616,0.139189731247493,0.0868733256792957,0.095679012345679,0.2456140350877191,0.2571934484285081,0.1998310097169411,0.4101290963257198,0.5260612573885008,0.5236051502145922,0.5830546265328873,0.68646080760095,0.8659658344283836,0.7201695941853419,0.6794795978710821,0.7139408569704284,0.9735927727588602,1.066957787481805,0.99438202247191,1.0745069393718043,0.924119241192412,0.9804741980474196,1.1695951107715814,1.2958771220695229,1.2774659182036885,1.3509933774834435,1.3588039867109636,1.473867595818815,1.172915072685539,1.1305326331582894,1.0141843971631204,0.9957835558678848,0.909885675857431,0.8795499669093316,0.8958611481975967,1.0256776034236803,1.0594633792603334
FUFX-L,18.0,0.0324292840981718,1.1478154927419176e-06,0.1245399250681169,0.1473980530114076,0.024217539388873,0.4598761779101104,7.061300000000003,1.5968643717995576,-0.0021941280565933,0.0006248462063687,0.0544615221690317,1.0,0.0784625639458196,-0.2981059289262039,1.5065820876775922e-07,0.0243375529115848,9.552095846078397e-08,0.3352898502934774,0.0128547721838597,1.2363973792124606e-05,0.0794475092605781,2.0,0.2521264251356592,0.1569952788848298,-0.0505597801635238,0.1889569659762515,0.1262619901448474,0.0028854370695061,0.0313743141083718,0.2485447033552024,0.8477236984658921,-0.1382978723404254,-0.0105263157894737,-0.171806167400881,-0.175438596491228,-0.2326530612244899,-0.0917874396135265,-0.1255813953488372,-0.1090047393364929,-0.0208333333333333,-0.1173708920187793,-0.171806167400881,-0.0961538461538462,-0.0105263157894737,-0.0505050505050505,-0.0259067357512953,-0.1090047393364929,-0.0552763819095477,-0.1090047393364929,-0.189655172413793,-0.0358974358974358,-0.0552763819095477,-0.0917874396135265,-0.0873786407766991,0.0,0.1058823529411765,0.0053475935828875,0.1257485029940119,0.2702702702702702,0.4029850746268655,0.504,0.3823529411764703,0.2789115646258502,0.3525179856115108,0.4135338345864661,0.6206896551724139,0.4029850746268655,0.119047619047619,0.0930232558139534,0.2702702702702702,-0.0646766169154228,-0.1493212669683258,-0.2231404958677686,-0.3333333333333333,-0.3691275167785235,-0.3380281690140845,-0.3691275167785235,-0.2295081967213115,-0.2100840336134454,-0.2388663967611337
FUGB-L,20.0,0.093621263923039,2.9064376277076626e-07,0.0315353405367612,0.080376292099271,0.1473356981809281,1.3376879514293991,-9.90440000000001,0.4331442446836429,-0.0026495276354484,-0.000982052821928,0.0011256734729922,1.0,0.3549383479561097,0.0320988344180244,4.6397224622775264e-08,0.0071829092970775,1.764347858782344e-07,0.0909462766658115,0.0249900656464014,4.359656441561494e-07,0.1427956017564436,4.0,2.1011855367533845,0.1108252893371167,-0.0535752556351237,-0.0578902356218553,0.0820820582392976,0.0262448009156243,0.0669208271656832,0.063920955643532,0.4969628736241888,-0.0424564063684608,-0.0007575757575757,-0.1008861622358555,-0.1847960444993819,-0.2120669056152926,-0.1002728512960436,-0.1947496947496947,-0.1523136246786632,-0.161474888747616,-0.7400985221674876,-0.7375124378109452,-0.718523260776782,-0.7238852836508269,-0.7304863097670617,-0.7523934672423503,-0.7523004694835681,-0.7389669503265387,-0.7145021645021645,-0.7217299578059071,-0.7194810718843045,-0.6937543533782216,-0.6873666745674331,-0.6661604657048849,-0.6376373626373626,-0.6138758782201406,-0.626768534238823,-0.6236804564907275,-0.5738287560581583,-0.5979884181651935,-0.5871674491392802,-0.5418548106981591,-0.5519701086956522,-0.580737444373808,-0.5607725607725609,-0.5749274895262649,-0.5749274895262649,-0.5555929919137467,-0.528423310690025,-0.5,-0.5011346444780636,-0.5531842818428184,-0.5588628762541805,-0.5478231059307508,-0.5648300890795117,-0.560918774966711,-0.5501364256480219,-0.5688133376920562,-0.5428076256499134,-0.5340868950900741
FUGH-L,23.0,0.0270129048923327,1.608493514753651e-06,0.1745242707270317,0.010799901459066,0.1173484685524651,0.2307539759873592,-255.2981,-0.1278017821721534,-0.073586462302432,-0.0009014210872719,-3.0382902124269844,1.0,0.0538819198134198,0.0018477971330193,8.999721736365083e-08,0.0351280737984091,4.0338329186891887e-08,-0.0268342391304348,0.0033311077958617,1.0001975103922949e-06,0.0308095546725327,2.0,0.9901749548527832,-0.0011169931297726,0.1253338968703676,-0.285043097014499,-0.1253338968703676,-0.0140085490162153,-0.0284773875996418,-0.1253338968703676,0.3440956660012416,-0.019881556683587,-0.0174563591022443,-0.0808709175738724,-0.091817134076066,-0.0498392282958198,0.0269331016507385,-0.0390243902439024,-0.5223277429783795,-0.535286023196383,-0.5638376383763838,-0.5889410537297861,-0.5729768786127167,-0.5679824561403508,-0.5987098964522153,-0.6051444797060297,-0.605276339956587,-0.602221100454316,-0.6108001317089233,-0.6111842105263158,-0.5792096831612674,-0.5587082322195258,-0.5548860854829598,-0.536470588235294,-0.5213605993116015,-0.4829396325459317,-0.5542145955119744,-0.5415050426687354,-0.4944396920444824,-0.4804395604395604,-0.4581709832683933,-0.4037831021437579,-0.3633180716401831,-0.3900928792569659,-0.352506162695152,-0.3266875534035887,-0.3697680618501732,-0.3418708240534521,-0.2873078082604763,-0.2509505703422052,-0.2312195121951219,-0.1906881205066758,-0.1917948717948717,-0.2122625791402865,-0.2347037876335383,-0.2254259501965924,-0.2507131537242472,-0.1484149855907781,-0.1490280777537797,-0.1690685413005271
FUHD-L,30.0,0.0766526878614732,3.387704756252049e-07,0.0367571703957996,0.026012760445696,0.1596655849039832,3.443416337829874,2.2727000000000004,-0.0313552503758032,0.000564919994396,-0.0014782962809629,-0.0009762953051331,1.0,0.1588937987206123,0.0874291680416514,8.530276777772807e-08,-0.0342393764504665,5.1006463574678985e-08,-0.0065835880554903,0.06453183024556,1.0640762012093193e-06,0.0732664486153164,4.0,0.2135893852551963,-0.0061162943508854,0.0208938250468843,-0.1347277505071683,-0.0343241593121576,0.0201094103828107,0.0797932117678907,0.0090212959926133,0.4235588384707391,-0.0352480417754569,0.0653685674547983,0.2101105845181674,0.2640264026402641,0.1820987654320986,0.2983050847457626,0.2516339869281045,0.2640264026402641,0.2178060413354532,0.0464480874316939,0.1166180758017492,0.0743338008415148,0.1133720930232558,0.1182481751824817,-0.0737605804111244,-0.058968058968059,0.035135135135135,0.0186170212765959,-0.50227420402859,-0.5045278137128073,-0.5424133811230585,-0.5839217816404128,-0.5940646528881823,-0.5905932656333512,-0.5491465567981164,-0.6125442589782499,-0.602077922077922,-0.6035196687370601,-0.5989528795811518,-0.5921192758253462,-0.5326418547895058,-0.5303494788473329,-0.5133418043202034,-0.445329471397538,-0.4317507418397626,-0.4963839579224195,-0.4879679144385027,-0.4313288789903489,-0.4218867924528302,-0.3817594834543987,-0.4223227752639517,-0.3430531732418524,-0.3891547049441786,-0.6730687153222364,-0.6777450567942784,-0.6359315589353611,-0.6256109481915934,-0.603314344899016,-0.5947089947089947
FUIR-L,30.0,-0.0663870352716873,2.136721959713571e-06,0.2318379516889492,0.129776400265663,-0.0398042845807987,3.717394158037024,0.093,-0.2645910314450198,0.0070156515936217,0.0009146227647739,-0.0069943429251095,1.0,0.023815556118571,-0.0301688347633546,-5.963795880707398e-08,-0.0125815930111025,2.745496946928496e-11,-0.0555555555555554,-0.038093422306959,8.493225871829514e-07,-0.1465686274509803,1.0,0.0023053050621497,0.1513243244068242,0.0240304195137241,0.2058943559221647,0.0730423431080682,-0.0072087894134945,-0.010074200913242,0.0148024018991762,1.6536866802719628,0.0344827586206897,0.0357142857142855,0.0,0.0,0.0,-0.0333333333333333,-0.0333333333333333,-0.0333333333333333,-0.0333333333333333,0.0357142857142855,0.0740740740740739,0.0357142857142855,0.0740740740740739,0.0357142857142855,0.0,-0.0333333333333333,-0.0937500000000001,-0.0937500000000001,-0.0937500000000001,-0.0937500000000001,-0.0937500000000001,-0.0937500000000001,-0.0937500000000001,-0.0937500000000001,-0.0645161290322581,-0.0333333333333333,-0.1212121212121213,-0.0937500000000001,-0.1470588235294119,-0.0645161290322581,-0.0937500000000001,-0.1212121212121213,-0.0937500000000001,-0.1714285714285714,-0.1714285714285714,-0.1944444444444444,-0.1944444444444444,-0.1944444444444444,-0.3255813953488372,-0.3255813953488372,-0.2162162162162162,-0.2162162162162162,-0.2368421052631579,-0.2368421052631579,-0.2750000000000001,-0.2564102564102565,-0.2564102564102565,-0.2564102564102565,-0.2564102564102565
FUIW-L,30.0,0.3760636001117573,3.908175755349764e-07,0.0424043688904736,0.063429942934017,0.2955967955989856,1.1811658591495582,-1.4504999999999997,2.532035693321966,-0.0115340535784826,-4.762388560107169e-06,2.3191950768848564,1.0,1.47880658436214,0.1247732884644802,6.16676771996013e-08,0.1269775943900419,7.489378431408748e-10,0.5316455696202531,0.101813517563689,7.060425145026995e-07,0.570317249453989,4.0,0.1110884647826121,-0.0963588961292398,-0.1314401564063471,-0.4560241114247944,0.3259090351109321,0.0074556341958565,0.0201052934545367,0.2207083701857361,0.4376168314205703,0.0250000000000001,-0.0569744597249508,-0.1111111111111111,-0.159369527145359,-0.1519434628975265,-0.1111111111111111,0.014799154334038,0.056105610561056,0.1294117647058823,0.1188811188811187,0.0971428571428572,0.0738255033557047,0.0909090909090908,0.1707317073170733,0.1294117647058823,0.1808118081180809,0.1538461538461537,0.0666666666666666,0.1483253588516746,0.1414982164090368,0.1925465838509314,0.1267605633802817,0.1735941320293399,0.2549019607843137,0.2715231788079471,0.3714285714285714,0.3150684931506848,0.3502109704641349,0.3953488372093023,0.5165876777251184,0.352112676056338,0.3333333333333332,0.3994169096209912,0.4222222222222223,0.3714285714285714,0.28,0.2648221343873518,0.2972972972972971,0.3043478260869563,0.2955465587044534,0.2323491655969189,0.2467532467532467,0.411764705882353,0.465648854961832,0.465648854961832,0.5213946117274169,0.5789473684210527,0.536,0.5458937198067633
FUKU-L,18.0,-0.0134076824415191,2.7007654572158223e-06,0.2930376265132405,0.015104406102322,0.0073308880248099,0.1321674438933125,4.307,1.3640566766728714,0.2437392872335549,0.0009522273354594,0.0064982857407414,1.0,0.0449931412894375,0.0091904267957514,4.984573026747672e-08,0.1090931020902537,5.504176532559885e-12,0.2864077669902912,-0.1136879567618254,6.975317834550435e-06,-0.0250157008811148,1.0,0.0094799173838608,-0.6403514092616015,-0.8448916112483229,0.6195404167830377,0.4068720574267432,0.0021219568450605,0.0088651716380963,0.3293703079515858,1.9038994028239709,0.0181818181818183,0.0185185185185186,0.0091743119266054,-0.009009009009009,0.0091743119266054,0.0091743119266054,0.0185185185185186,-0.043478260869565,-0.0350877192982455,-0.0350877192982455,-0.0598290598290597,-0.009009009009009,-0.0350877192982455,-0.0983606557377048,-0.0833333333333332,-0.0265486725663715,0.1458333333333334,0.170212765957447,0.1827956989247312,0.2222222222222223,0.2087912087912089,0.1956521739130434,0.2087912087912089,0.2087912087912089,0.2222222222222223,0.1340206185567012,0.0476190476190476,0.0891089108910891,0.0784313725490197,0.0891089108910891,0.1827956989247312,0.1578947368421053,0.1458333333333334,0.170212765957447,0.2087912087912089,0.2359550561797754,0.2941176470588236,0.2790697674418605,0.2359550561797754,0.25,0.2941176470588236,0.2790697674418605,0.2790697674418605,0.2359550561797754,0.264367816091954,0.25,0.0784313725490197,0.0476190476190476,0.0280373831775702
FULC-L^F22,19.0,-0.3625882387022016,3.98519404387369e-08,0.0043240030365884,0.0930314973402411,0.1152976720513616,-0.7403993714670045,-89.6411,-4.224345182924597,0.0926960154725068,-0.0054466005480882,-0.005751650127969,1.0,0.5882352495963084,-0.8770736298932384,3.453834991852374e-08,-0.2899778028425637,2.5607064400924146e-08,-0.8869758064516129,-0.4064635718424101,4.678618391286906e-07,0.0577119718309858,2.0,2.436936542545573,0.4494910791740256,0.0428141719690157,0.2319169014904518,0.0270335351266193,0.0079681263171227,0.1548171537017334,-0.7663848684210526,0.3752595996423493,0.0,0.0,0.0,0.0,0.0,0.0,0.0,0.0,0.0,0.0,0.0,0.0,0.0,0.0,0.0,0.0,0.0,0.0,0.0,0.0,0.0,0.0,0.0,0.0,0.0,0.0,0.0,0.0,0.0,0.0,0.0,0.0,0.0,0.0,0.0,0.0,0.0,0.0,0.0,0.0,0.0,0.0,0.0,0.0,0.0,0.0,0.0,0.0,0.0
FUMC-L,20.0,0.0800682525998179,4.145014922773288e-07,0.0449741139715111,0.0303747422192387,0.1680675457522613,1.5472818171979663,-26.7893,0.1254136638393005,-0.011024289452008,-0.0028625927053861,0.0260139026470164,1.0,0.1268158076180933,0.0665343420492841,5.311945992740031e-08,0.0012597683145534,6.314162773346377e-08,0.0263328115499553,0.0811055118979584,6.292195311392163e-07,0.0892445873785089,5.0,0.7440974432945077,0.0966451605973594,-0.0366811838648729,-0.0814538295622595,0.0129916360957243,0.0059565818365733,0.015416976826773,0.0509449594441719,0.4004775501102832,-0.0004070004070004,0.1208941605839415,0.0061425061425059,-0.1006588579795022,-0.1013167520117044,-0.1126760563380282,-0.2056256062075654,-0.175226586102719,-0.2150159744408946,-0.1904448105436573,-0.1839920292261706,-0.2127523229734059,-0.2309859154929577,-0.2430683918669131,-0.1978452497551419,-0.1917763157894736,-0.1651376146788991,-0.1885733157199471,-0.1988914248451255,-0.1845336873547958,-0.1246882793017456,-0.1622911694510739,-0.1495327102803738,-0.1799065420560748,-0.1749496306245802,-0.2474732006125574,-0.3279540481400438,-0.2665671641791044,-0.2554545454545455,-0.2271154451085246,-0.1524663677130044,-0.087295690936107,-0.0487804878048779,0.0161290322580645,-0.0183779464642429,-0.0036496350364962,0.0169701986754966,0.0558659217877095,0.2085587801278898,0.1694431223227033,0.0857269111798497,0.225436408977556,0.1127717391304348,0.1633522727272727,0.1863833896668276,0.280354351224596,0.3440919037199124,0.4343257443082313,0.5157310302282541
FUMG-L,20.0,0.0839882929818355,8.174880755811023e-07,0.0886988408160833,0.063446697222453,0.4486743883124303,1.2258161818114368,317.0053,0.0237803439488006,0.0352916516456172,0.0086227361985184,0.0060345111091137,1.0,0.0689936341518939,0.144326774153673,1.2481052599281604e-07,-0.0058148110998303,7.203697087408469e-07,0.0049931027977882,0.0869800207961033,3.505547812166789e-07,-0.0348523933942909,4.0,3.025234851293238,-0.0922782877784962,0.0166622309655782,-0.2076966463338447,0.1066698777524059,0.0452533763811642,0.065161114888164,0.0598589143395818,0.3783015432907361,-0.0683918669131238,-0.1127511275112751,-0.2772211088844355,-0.278426142047349,-0.2165097755249818,-0.1925373134328358,-0.2296190815236738,-0.1743609309423883,-0.1790591805766311,-0.1196094385679413,-0.1245954692556633,-0.0644185041072199,-0.0159163256025465,-0.0587211831230969,0.0561249389946316,0.0691699604743083,0.0530413625304135,-0.026540710751237,-0.0199275362318839,0.0540672187043351,0.1553657234383343,0.0984771573604061,0.1407485503426464,0.090176322418136,0.1936017650303365,0.1389473684210527,0.3075528700906345,0.418086500655308,0.4024627349319507,0.4955079474775397,0.6282919488337098,0.653170359052712,0.7367576243980738,0.7381526104417673,0.8916083916083917,0.7052797478329393,0.7093206951026856,0.7708674304418985,1.1726907630522088,1.0243217960710944,0.8277027027027029,0.9133510167992926,0.8479931682322801,0.8063439065108513,0.6381529144587432,0.7579203899268887,0.8719723183391004,1.0415094339622644,1.0262172284644198
FUMH-L,30.0,0.0634866518072202,5.218416115366484e-07,0.0566206987178316,0.1299057078530623,0.4200391196025636,1.732588928536543,-3.377600000000001,0.6788878328702997,-0.0053793832833825,0.0034797600483092,0.1255471522979875,1.0,0.1086189814766619,-0.0319907459303633,7.631473624597007e-08,0.0606233466912986,9.575586565571712e-09,0.1425444789607455,0.1453906518575339,3.074033998690168e-07,0.2773645833846882,5.0,0.3554569067933512,-0.0626370937670316,-0.0084835558830223,-0.0164116231993642,0.0061392195330297,0.0225890968370906,0.0358957492698034,0.1083344758123996,0.5398402137414369,-0.1150114658669958,-0.0442552474079069,-0.2152547065337763,-0.228234973793479,-0.202896512935883,-0.2143302612431571,-0.2465443912812334,-0.1928525663842814,-0.1654644486971883,-0.2371147893957744,-0.2545693622616699,-0.2071883085098944,-0.1370071548180849,-0.0993724680276432,-0.0526403743315508,-0.0691297208538588,-0.1266368818363888,-0.1478391582111988,0.0058552164655782,0.0337345003646971,0.007106057914372,-0.0007050943063634,0.009437321937322,0.0119600142806139,0.0287632701206788,-0.0379295714891811,-0.0013212366775302,0.0435342843994477,0.0287632701206788,0.0412342731196619,0.1471064346418453,0.1749222797927461,0.1443278159063383,0.1650226058364159,0.2257297297297296,0.2383136740934905,0.2985912266636124,0.2726456392412166,0.2384489350081922,0.2357493188010899,0.2668156424581005,0.237772925764192,0.2061702127659574,0.1854872438310328,0.221372401163417,0.3053189039834216,0.2354800043587228,0.4809299895506791,0.4515426961976698
FUMU-L,9.0,0.058281742395124,8.072845742951093e-07,0.0875917436444338,0.1692737692217191,0.0621979021571135,1.997713225847073,2.407200000000003,-0.0239701031684337,0.00255346791855,0.0018931873837134,0.0069982330083826,1.0,0.1789744488116473,0.1574716504875526,9.608841598317572e-08,-0.0040699438982593,3.662450838384993e-07,-0.0050329460941045,0.0535403294598414,2.7368459722003247e-06,0.0321479537182289,4.0,0.3921631825539176,0.0319734923570082,0.0003329768105788,-0.0143230769369121,-0.0073915962803309,0.0131051946197533,0.0576126736757095,0.0156380979993463,0.7204397290000296,0.0138266796494643,-0.0425135185530486,-0.1375545851528383,-0.2249056603773584,-0.2563359884141926,-0.2873004857737682,-0.3386992916934964,-0.3445238703089098,-0.3272631992663435,-0.3690871114387517,-0.3775757575757575,-0.4317804581166317,-0.3505754394840015,-0.2735889093223935,-0.2889781224037662,-0.2470674486803519,-0.2750247070450373,-0.1938775510204081,-0.0638103919781221,-0.0572792362768496,-0.1007005253940455,-0.0543278084714548,0.0048923679060666,-0.0451840833023429,-0.1043083900226756,-0.0777658045977011,-0.0933968926553672,0.0386326860841423,0.0902335456475584,0.2311196355789979,0.2792725460886895,0.297700277988375,0.1570527264533574,0.0738184859891259,0.2707250680524624,0.2679012345679012,0.3248194014447885,0.2171130599668169,0.2412376117959875,0.3915989159891599,0.3112870275791626,0.2685276679841899,0.1408575872028439,0.2950819672131148,0.204550785831574,0.349894847528917,0.5452904002407466,0.6071987480438186,0.6569861245563087
FUOT-L,20.0,-0.1929897623348394,1.432356827826658e-06,0.155413141864994,0.2723610342568967,0.0423759438615332,1.5298138317754444,-21.1762,0.394959913443416,-0.0055510531555044,-0.0021226166088208,0.0034456808098721,1.0,0.1058557824466428,0.523017875540041,2.4761856665222712e-08,0.0020718652798772,8.392458825759044e-08,0.0829288025889967,0.0298891107116401,4.155027237309069e-07,-0.6925647954963727,3.0,0.4681648222153789,0.0213403058115811,-0.0112847602093921,-0.2061781630522316,0.0460267195504364,-0.0050643340204102,-0.0065339847555297,0.048065429468518,0.7529854196592983,-0.0587683651140981,0.02269820971867,-0.0627014356870789,-0.1084169453734672,-0.041354510038957,0.0104232469993681,-0.0031162355874105,0.0282867245258759,0.1084546084546085,0.0256492465533824,-0.0193133047210299,-0.0433612440191387,-0.0778322283078697,-0.086,-0.0557851239669422,-0.1006466123137476,-0.1061749091925119,-0.0981110797857344,-0.1370380361478285,-0.1583793738489871,-0.1492021276595745,-0.1418991416309013,-0.1153207964601769,-0.1049244543928372,0.0286173633440514,-0.1226001097092704,-0.1175172413793104,-0.1160541586073501,-0.0214132762312633,-0.0264759586122945,-0.0317796610169491,0.0543836519446274,0.0811084825954713,0.1856931060044477,0.3890577507598782,0.2634281200631911,0.3776916451335055,0.4429409111411815,0.237045630317092,0.2191310975609757,0.3475147430497052,0.3824546240276576,0.2594488188976378,0.2428127428127429,0.3323615160349853,0.3142974527526705,0.5039962388340384,0.4383992805755397,0.2925252525252524
FUPV-L,20.0,0.0385663003418055,1.1112200821222572e-06,0.1205692610326261,0.0610326496337748,0.0963704385165917,1.4880310342599985,-733.1755,0.1071566272714298,-0.0220092464108636,0.0010219779560051,0.1966745243464234,1.0,0.1736215264575475,-0.0173899689166254,2.6028243930693976e-08,-0.0526711440143889,1.1439219662646212e-05,0.0224994245912711,0.0178637410099035,1.5976383743318652e-06,0.0841605404953502,4.0,4.075431027415853,0.5733177902388245,0.0542365687796814,-0.0114424367445095,0.0111793795760536,-0.0089135185153473,-0.0236605521550975,0.0359433738319762,1.929301200034908,-0.0772442588726513,-0.0150788211103496,-0.1102167182662537,-0.1269744835965979,-0.1423455684870188,-0.1405502392344497,-0.2466579292267365,-0.25,-0.2476439790575917,-0.3007299270072993,-0.3068017366136035,-0.3003894839337877,-0.3034415899175957,-0.3438356164383561,-0.3522650439486139,-0.3292882147024505,-0.3218499292118925,-0.3099639855942376,-0.3469665985003408,-0.3142448103078024,-0.2806007509386734,-0.272957247660005,-0.2681436210847976,-0.2317562149157979,-0.1589113257243196,-0.1936026936026936,-0.1476868327402135,-0.1327700663850333,-0.099341899091194,0.0059502975148757,-0.07140549273021,-0.0933753943217665,-0.0635386119257087,0.0091292134831459,0.0109039746746393,-0.0224489795918367,-0.0086236633321835,0.0282647584973165,0.0169851380042462,-0.0147411724374357,-0.054294175715696,-0.0254323499491353,-0.0517980864401187,-0.0448654037886341,-0.0451827242524918,-0.0089655172413793,0.0126849894291753,0.0454710803928701,-0.0140651801029159
FUQM-L,20.0,0.0557630693451746,2.725347781873713e-07,0.0295704850374786,0.1404475201416597,0.2583539692595913,2.0325800819703623,-0.5959999999999965,0.3469340371268207,0.0055718804462521,-0.0002519148274692,-0.0024395800816655,1.0,0.6307340357219909,0.0275841565708495,6.958813838121309e-08,-0.0297750724921608,1.6770760213675252e-08,0.0728449224769633,0.0146433467007498,4.039163363603765e-07,0.0763057100730513,4.0,0.4471409683390642,0.0700558309293955,-0.0599529772458577,1.0489591360747657,0.0426084066965978,0.0326486921340193,0.0806355960623079,0.0489591360747655,0.3973143031648637,-0.0761945759793371,-0.0436393577603951,-0.0185889311364596,-0.0700560448358686,-0.0214827295703453,-0.0495090016366612,-0.1174012158054711,-0.113020236731577,-0.0169276343630977,-0.0904463586530931,-0.0726546906187625,0.0043233895373973,0.0091225021720242,-0.0025762129669385,0.013525305410122,-0.0487305487305488,-0.038095238095238,-0.0280334728033472,-0.076341948310139,-0.0440329218106996,0.0665748393021119,0.0228974020255394,0.0539927404718694,0.0482851985559567,0.1557213930348258,0.051131221719457,-0.0549227013832382,0.0251544571932922,0.0636446886446886,0.1051379638439582,0.2143230527966546,0.2912729294052252,0.284845132743363,0.2105263157894736,0.2284505552617661,0.2763736263736265,0.3584795321637426,0.3505813953488372,0.3901855176540993,0.3926858513189448,0.4044740024183797,0.5548862115127176,0.5414731254147314,0.4656151419558361,0.4527829893683552,0.3412240184757507,0.3761848341232228,0.4164634146341466,0.4113001215066827
FUQR-L,30.0,-0.077022873318943,3.014570636633493e-07,0.0327086019985701,0.0099595707779993,0.0721888046370719,3.160784702273015,-14.409,0.5238352464347432,-0.0162605961139341,0.0010285507545574,0.0161317657604985,1.0,0.1778443030598469,0.081271515409016,4.112853856884373e-08,-0.0047878583061458,8.469575093012804e-08,0.1099884526558892,-0.0937660254345738,1.131187548619576e-06,-0.103443587587783,4.0,0.3341885272573618,-0.0040039749285772,-0.139851493191885,0.5371278930128227,0.0646728466216462,0.0160320446885885,0.0898300494642296,0.1799573502642074,0.0857475185749433,-0.0100222717149219,0.1338383838383838,0.0754491017964071,0.1894039735099337,0.2037533512064344,0.1973333333333333,0.038150289017341,0.0135440180586907,0.1352718078381796,0.101840490797546,0.1542416452442159,0.078031212484994,0.1831357048748354,0.0552291421856641,-0.0416221985058696,-0.1143984220907298,-0.110009910802775,-0.0920121334681496,-0.1381957773512475,-0.1315280464216633,-0.1568075117370891,-0.2211621856027753,-0.2350936967632027,-0.2291845493562231,-0.2363945578231292,-0.271103896103896,-0.2510425354462051,-0.1806569343065693,-0.054736842105263,-0.0217864923747276,0.0112612612612612,-0.0467091295116772,-0.0467091295116772,-0.0333692142088265,0.0515222482435597,0.0858524788391779,0.1197007481296759,0.0898058252427185,0.2037533512064344,0.2234332425068121,0.2647887323943663,0.2647887323943663,0.1632124352331607,0.1309823677581865,0.115527950310559,0.1454081632653061,0.350375939849624,0.4053208137715181,0.4991652754590985
FUQX-L,20.0,0.0312946167143532,2.038836649592106e-06,0.2212172297481122,0.0135045006093461,0.1047785051734727,1.887747742865649,-89.3618,0.2037563169918667,-0.033177499502574,0.0205394471614741,0.0149118966406425,1.0,0.0840890451712793,0.0228234831465653,9.638140910545429e-08,-0.0173255855029937,3.095640913107213e-07,0.0427822338747305,0.0615205329357758,2.40805146538761e-06,0.0385773828978488,5.0,0.3406586134600762,-0.0353116959683706,-0.3729925392371075,-0.0473814106427263,0.1983945325046999,0.0043516842834249,0.0100490187142174,0.0929940051175579,0.5724297323895154,-0.1685714285714284,0.0510510510510511,-0.2324561403508771,-0.2273730684326711,-0.31237721021611,-0.2222222222222222,-0.2971887550200803,-0.256900212314225,-0.2768595041322313,-0.4147157190635452,-0.4166666666666666,-0.4868035190615836,-0.454828660436137,-0.5320855614973262,-0.5530012771392081,-0.564134495641345,-0.449685534591195,-0.4539781591263651,-0.4372990353697749,-0.5295698924731183,-0.5489690721649485,-0.5689655172413792,-0.5098039215686274,-0.5035460992907801,-0.4271685761047463,-0.3816254416961131,-0.344569288389513,-0.1706161137440758,-0.1990846681922197,0.0703363914373089,0.2455516014234875,0.2027491408934707,0.2635379061371841,0.4056224899598393,1.0710059171597632,0.7412935323383087,0.6990291262135921,0.5765765765765765,1.258064516129032,0.2773722627737225,0.2068965517241379,0.1254019292604502,-0.0168539325842697,-0.125,-0.3542435424354243,-0.1784037558685445,-0.0250696378830083,-0.0566037735849056,-0.0789473684210525
FURL-L,30.0,0.0978097408980124,5.306414988035504e-07,0.0575755013910468,0.1966996668343306,0.1416633889789482,0.7977037553190941,18.2395,-1.1732972757006903,0.010691369230256,0.0006991351958137,0.0925444249495145,1.0,0.2563718904852916,0.0677336509387901,4.4286414908734265e-08,-0.0571126805692537,3.5184174870940566e-08,-0.2463544649544033,-0.12430005828449,6.690697361262795e-07,0.1218941250048447,5.0,0.8453878736589584,0.2170460993701099,0.0996404993853846,0.1271215469244282,-0.0875069400035087,0.0086012075193974,0.0195364760370112,-0.0363149278373141,0.6733581793997322,-0.0544871794871795,0.0173913043478262,-0.1111111111111111,-0.1753303964757709,-0.2040816326530612,-0.1811023622047244,-0.2512000000000001,-0.210126582278481,-0.2487961476725523,-0.2141057934508816,-0.2481927710843373,-0.247588424437299,-0.2321575061525841,-0.2327868852459016,-0.2013651877133107,-0.1529411764705883,-0.062124248496994,-0.0850439882697948,-0.0583501006036217,0.0376940133037693,0.1076923076923077,0.0331125827814569,0.0481522956326987,0.2046332046332046,0.2717391304347825,0.1863117870722432,0.2124352331606216,0.2700135685210312,0.3448275862068966,0.4311926605504586,0.507246376811594,0.3448275862068966,0.3109243697478991,0.4355828220858895,0.5121163166397413,0.5496688741721854,0.5294117647058822,0.4999999999999998,0.4290076335877861,0.1699999999999999,0.1833122629582806,0.2015404364569961,0.099882491186839,0.0672748004561003,0.1656288916562889,0.1470588235294117,0.2892561983471073,0.1908396946564885,0.167082294264339
FURT-L,30.0,0.1347908297758872,1.1656137565495557e-06,0.1264710668369484,0.0495982531994931,0.910265982848254,1.347630376538163,22.3918,0.6068093300463129,0.1048557338075609,-0.0080140787813377,0.0213841331284714,1.0,0.1793446762196386,0.1445529636712228,8.842860942864781e-08,-0.0361219314497958,4.154024803449951e-09,0.1274103255235329,0.0959575481385633,1.761640937022903e-07,0.1101909728712105,5.0,0.2227722972962922,-0.0165551294850423,0.189955564801816,0.0468378395299555,0.2114514501455072,0.0211976056349571,0.0246534043232566,0.3383097491324242,-0.2037007451484265,-0.1864406779661017,-0.1033434650455926,-0.2661691542288555,-0.2865779927448608,-0.2287581699346405,-0.2236842105263157,-0.3131548311990686,-0.2688971499380421,-0.1220238095238094,-0.1246290801186943,-0.0694006309148264,-0.0247933884297519,0.0766423357664234,0.1174242424242424,0.2368972746331239,0.4824120603015076,0.2553191489361701,0.2016293279022403,0.16600790513834,0.0498220640569395,0.0573476702508961,0.1238095238095238,0.0314685314685316,-0.0605095541401273,0.0172413793103449,0.2016293279022403,0.2317327766179542,0.3053097345132745,0.4355231143552311,0.2394957983193277,0.8789808917197452,0.6120218579234973,0.8670886075949367,0.6666666666666667,0.9536423841059604,0.9281045751633988,0.7717717717717718,0.6388888888888888,0.4567901234567904,0.1967545638945234,0.1823647294589179,-0.0166666666666666,-0.0231788079470197,0.0172413793103449,0.194331983805668,0.2473572938689217,0.4114832535885169,0.1090225563909774,0.0243055555555555
FUSD-L,30.0,0.0067274629989535,0.0002060827250608,22.360324720481515,0.0157068062827225,0.1648272896660455,0.9143287699665276,-4.55,-0.4958363438586129,0.0041061641373487,-0.0012884644535394,0.3187878787878782,1.0,0.0384683566743485,0.0831202046035805,2.177615571776156e-05,0.0025329658049615,1.3232228317000775e-09,-0.1041095890410957,0.0321423232172223,0.000205900243309,-0.0576280623608017,3.0,0.0004622150994304,0.0212432783785379,-0.2218685865335674,0.0653061224489796,-0.5351140456182474,0.0041029207232267,0.0083854462762933,0.0295918367346939,0.4064928152623819,0.0,0.0,0.0,0.0,0.0,0.0,0.0,0.0,0.0,0.0,0.0,0.0,0.0,0.0,0.0,0.0,0.0,0.0,0.0,-0.007246376811594,0.0148148148148148,0.0148148148148148,0.0073529411764705,0.0073529411764705,0.0073529411764705,0.0073529411764705,0.0073529411764705,-0.007246376811594,-0.007246376811594,-0.007246376811594,-0.8678881388621023,-0.8682692307692308,-0.8672480620155039,-0.8722014925373134,-0.8760180995475113,-0.8858333333333334,-0.8801399825021872,-0.8858333333333334,-0.8787610619469026,-0.8711194731890874,-0.8814878892733564,-0.8732654949121184,-0.8676328502415459,-0.865024630541872,-0.8642220019821605,-0.865024630541872,-0.8607723577235772,-0.853475935828877,-0.8557894736842105
FUTB-L,23.0,0.0925128115926187,4.450203528766069e-07,0.0482854620376702,0.1376175909036112,0.2452766222629451,0.9891345865846796,17.13250000000002,0.422640054296088,0.0017331322068801,0.00058448110534,0.0424960065547655,1.0,0.1325103784047117,0.1242630401340047,4.82164238340506e-08,0.0220738374970649,9.608719977249096e-08,0.0887407365556465,0.0545204814164887,2.746675919114869e-07,0.0446896869931209,4.0,2.2555189083565907,0.0230277411408653,0.02750041886896,0.027905089471585,-0.0332005248347376,0.0280045072929279,0.045345872738327,0.1089917191258746,0.4550959862452173,-0.0663425028579863,0.0122595599653574,0.0080849425090623,-0.0770192651221589,0.0291929980359566,0.0854433301191206,0.1257755001937246,0.1338199233750876,0.2123744303811079,0.2047301681977931,0.1835177278748574,0.2346247916508603,0.2466460981483988,0.2064283115660234,0.2145774236874189,0.181948914324566,0.1356990620150731,0.1081314695187263,0.1121331977048849,0.2619917363433,0.2294892698154544,0.2199644978897557,0.2064444480961564,0.3078027564190992,0.3851101263601264,0.1874740106069636,0.1751504606881435,0.2098802668299797,0.1561043742696397,0.1537724691834492,0.2206808018668207,0.2173524246843579,0.3134949165123064,0.3372627343005401,0.4069310767361729,0.4214611641873571,0.4906481036625889,0.4608179525135361,0.4215574958792327,0.4184781570863742,0.5241073527800133,0.503621234925413,0.4653307485738063,0.440075230121973,0.4591185230514385,0.6788360994035691,0.5890638020384376,0.7660957753633304,0.7309177538784608
FUUC-L,20.0,-0.0047777537882198,4.807727648160398e-07,0.0521646592885323,0.3481349214532024,0.2492952265049091,1.4750058808160242,18.9318,0.1566323108384756,0.0388941666263827,0.002038042831481,0.0040669649218327,1.0,0.3170798100253484,0.10603317725456,5.691301337837216e-08,-0.0781913821112904,6.934562321268925e-09,0.0328877173162618,0.0086540126626078,3.129832466975359e-07,-0.1150891553379105,3.0,0.3326718858798174,-0.0141381427209447,0.0741666793162904,-0.0703795270621401,-0.056289405140745,0.0229672574342142,0.0379834005576882,-0.0403742655121893,0.3658782915843491,0.0045484801420012,-0.0071593787862099,-0.1166209329674637,-0.1544883219210205,-0.1625011613862306,-0.0097769965945292,-0.0225547603556711,-0.0465411466046118,0.0312321244708844,0.0306425794648983,0.0322950068712781,0.1359798361688722,0.1516545291938162,0.1507723732924806,0.1194734227521112,0.164148262947178,0.195807906606527,0.1624967758576216,0.1680704937151742,0.1766087978070747,0.1239401496259351,0.2073399410661667,0.3138026526745372,0.3226705796038149,0.4796454366382141,0.3929840828310926,0.4752864157119476,0.4364940239043824,0.562489166233316,0.8104036955211891,0.8786994581075449,0.8905201342281879,0.7892020643112345,0.8577906018136849,1.0379832692742483,0.9858999779687156,1.121939736346516,1.0894761242466386,1.137031768610716,1.224580454096742,1.1523400191021969,1.1304656109666746,1.0170060416200497,1.02561797752809,1.2339529120198265,1.1704791716831204,1.0655362053162238,1.0,0.9841514417785604
FUUE-L^C21,30.0,-0.0287298011618854,1.4705426374995323e-06,0.1595563668914874,0.0439188492896312,0.1018926282928467,0.5004388372719829,119.2708,0.1892548151662725,0.2597703978318655,0.0190763837335502,0.2844707296281634,1.0,0.1752760967291901,0.7654625146441735,1.506374324564337e-07,-0.0935059720190699,9.766851774800366e-09,0.0397373876986869,0.1128267798799789,6.577166522009882e-06,-0.1174913399889173,4.0,0.1539119100090928,0.0041682449788281,0.205131648608081,0.4392873292302788,0.5375776155217811,0.0013672869640885,0.0074826307651618,0.4221706996429619,0.8354974326260268,-0.0945945945945945,-0.2884615384615385,-0.4714285714285714,-0.4126984126984127,-0.4032258064516129,-0.3781512605042016,-0.3781512605042016,-0.2210526315789474,0.0724637681159421,0.0277777777777779,-0.1294117647058823,-0.0263157894736841,0.0136986301369863,0.0277777777777779,0.1384615384615384,0.3454545454545452,0.2982456140350877,0.4509803921568627,0.2758620689655173,0.1935483870967742,0.2333333333333334,0.1384615384615384,-0.159090909090909,0.0,0.1044776119402983,0.1044776119402983,0.0571428571428571,0.0571428571428571,0.2542372881355932,-0.0133333333333333,0.0571428571428571,0.0,0.6444444444444444,0.8974358974358974,1.0555555555555558,0.5416666666666667,0.0724637681159421,0.0422535211267605,0.0724637681159421,-0.2884615384615385,-0.421875,-0.4931506849315068,-0.5256410256410257,-0.5795454545454546,-0.4477611940298508,-0.5316455696202531,-0.5286624203821657,-0.5568862275449102,-0.6042780748663101
FUUR-L,20.0,0.1019847087276766,3.46752662996926e-07,0.0376232512454134,0.0670420363745836,0.1700049615835602,1.893132661584829,11.1879,0.3302035623269127,0.0045553896945223,0.0004700659206759,-0.0167303047446505,1.0,0.1099543436502963,0.0396823657079583,4.3083301747871776e-08,-0.0200412122829501,4.643251577711257e-08,0.069332064096462,0.0550571255011786,3.6115939788421793e-07,0.1681940278314185,5.0,0.86911107125084,-0.0618118621746375,-0.057442578559721,-0.0125027308774161,0.0770888116764992,0.0211612975743174,0.0405945191039383,0.143153298414159,0.7278779760076595,0.0017879948914432,0.0381861575178996,-0.0050825921219822,-0.0434888834595651,-0.0241774675972084,-0.0359517360256095,-0.1122448979591836,-0.0731534090909091,-0.0495265841223597,-0.0326167531504818,-0.066746126340882,-0.0420846586738439,-0.0311804008908685,-0.1041189931350115,-0.1569767441860464,-0.1664892484564616,-0.1255304891668529,-0.0999999999999999,-0.091225626740947,-0.0742492314968077,-0.0068493150684931,-0.0093623481781377,0.0335269271383313,0.0679214402618657,0.1153846153846152,0.0459524445631844,0.0384615384615383,0.0960246360582306,0.0862930077691452,0.1037496475895123,0.2009202453987728,0.1906934306569341,0.1932337701920146,0.3462861072902339,0.400214592274678,0.3967178023546198,0.4267492711370262,0.4959877722583108,0.518030244280729,0.5799031476997578,0.6687979539641942,0.6780968709815689,0.7058823529411764,0.6867729426971132,0.761926192619262,0.8133395090319593,0.7844120328167727,1.1416849015317283,1.315198107628622
FUUW-L,20.0,0.0590872546067042,7.57040715405817e-07,0.0821401998547105,0.046585422745376,0.2255111545316629,1.003119724774342,-149.3619,-0.0054954866964695,-0.0074852732646697,0.0096966592030427,0.0074746642687251,1.0,0.1639974291569613,0.105600146602658,1.028162356951348e-07,0.0245822681718046,2.5956538816367853e-06,-0.0011538743955271,0.0204058752904307,5.574588690757276e-07,0.0018826156317785,4.0,5.676849210373917,-0.1517861183005284,-0.0208108521208255,-0.0532781201050941,0.0344022924428485,0.0190261404011045,0.0341895969567415,0.0054686533098109,0.5159273863757216,-0.0478990567193433,0.073513940031562,-0.0004897759275132,-0.0779396814639106,-0.0163875165682612,-0.0226293103448276,-0.0282142857142857,-0.0583689006805859,-0.0952117047217911,-0.0678314491264131,-0.0808467514919492,-0.0788761002031145,-0.0757472826086956,-0.1430820911190427,-0.1136807817589576,-0.1274184927846071,-0.1431720373674818,-0.1234833029099108,-0.1540055964348636,-0.0978116710875331,-0.0869127516778525,-0.0737546805854987,-0.0125801378976655,-0.0339644970414201,0.0317239635995953,-0.0921930604982207,-0.0985091109884042,-0.0330490405117271,-0.0030532486565706,-0.0008567931456548,0.1229880313660751,0.1725079000287273,0.1920268691588784,0.2847025495750708,0.2786654135338344,0.2510344827586206,0.2606949806949805,0.3481420313790255,0.4164497657470065,0.3901566757493186,0.2512262415695891,0.338635618235487,0.2149129334722428,0.2189039868597879,0.1659762891015568,0.204337562702862,0.1830434782608694,0.3046188269138563,0.2971555696805974
FUUY-L,20.0,0.0472022435733083,5.112664112961681e-07,0.0554732715800574,0.1215904943813089,0.1153321246103014,1.2976635204096814,-10.648200000000005,0.3376728078870243,-0.0078912071146623,0.0037113146287914,0.010082823049771,1.0,0.384713396390084,0.088274811624089,4.9896324021584494e-08,0.0272217997836546,1.1416545465087596e-06,0.0709003639908562,0.0004789816496969,6.164587918643518e-07,0.0159800760339627,3.0,3.6950766745111743,-0.0426900746494379,-0.0029414077698548,1.0663359082986994,0.0061304279768057,0.0127163122892406,0.0280472889738667,0.0663359082986994,1.012599872940387,-0.1683252170230784,-0.0045315628622616,-0.0450869389405581,-0.0531275060144347,-0.0152210175145955,-0.0632685442284808,-0.06159348301212,-0.0596316575410652,0.0640982313844766,0.0502557260395819,-0.0023236163920575,0.07597676272924,0.1099882491186838,0.0259585098294776,0.0662603002596229,0.1036336020563148,0.1339735894357743,0.1871308282015835,0.1550501345072144,0.2132031852042126,0.2874471854981599,0.3630591630591631,0.4592924455430247,0.3717688062735984,0.5364346128822381,0.3828136436832088,0.2157014157014156,0.2756245779878461,0.293972602739726,0.4483287335173258,0.4213060487511286,0.4766296701578865,0.4390615478366848,0.5564343384412589,0.4770914777169661,0.5091867710496882,0.5381859631981762,0.6124957323318538,0.5934547908232117,0.6450714036920933,0.5457371952217311,0.6266574823488891,0.652843394575678,0.6382240721470691,0.695262024407753,0.7869844873250094,0.959751037344398,1.0331467929401632,1.0140724946695094
FUVZ-L,20.0,-0.0261437411192321,6.410625774186618e-07,0.0695563754458273,0.0579144175347741,0.1664403892590219,3.5348189939584147,-2.3512000000000057,-0.2478867508833656,-0.0026140672330047,0.000645812187748,0.0092903168165167,1.0,0.1234515252822528,-0.0108750646828634,6.63475809604844e-08,-0.0372176041168215,7.06664468517171e-07,-0.0520481971175526,-0.0240984466394058,6.470578502425725e-07,-0.0489243724153785,4.0,0.8214773125178219,0.1024612191755316,-0.0511802153227502,-0.0001818749087854,0.0156608167835937,0.0121312823287081,0.0265272276812935,-0.015747463891583,0.4743431435556291,-0.077801724137931,0.0564663023679417,0.1229428848015488,0.0168748630287089,0.0800744878957169,-0.0053590568060021,0.0483506552191594,0.0881801125703565,0.1369762313158538,0.1023996198621999,0.0770659238625812,0.1516505336311739,0.2416376772812416,0.2086480854389163,0.1465282925623918,0.1121764141898369,0.1894386054857728,0.1946446961894952,0.1548033847685415,0.2743751716561384,0.2220173821437976,0.2406417112299466,0.1690602166792643,0.1525086934923001,0.1900487304437035,0.1411706837186424,0.2910406232609905,0.4077669902912619,0.3842482100238662,0.4325409076875579,0.6384180790960452,0.6903460837887068,0.4924412994532003,0.6206776108976597,0.6799420709630701,0.9471254720939992,1.091031996394772,1.1928166351606806,0.9956989247311828,1.0253164556962029,0.8657016485725773,1.0788530465949822,0.9016393442622952,0.7147080561714709,0.6066481994459834,0.7984496124031006,0.9149814279818408,0.9744680851063828,0.8672032193158952
FUWW-L,18.0,0.0888646585957824,3.3440347587493785e-07,0.0362833435263159,0.038139092117137,0.7355717219069104,1.1427592151480266,5.0168,-0.0838504642538783,0.0004848210073291,0.0014584296542203,0.0009340866591449,1.0,0.1369498905036685,0.0538613922099335,5.4658775804262374e-08,-0.0388993930867009,4.050265693984859e-09,-0.0176058844465536,0.1599725433439595,1.218750968514662e-07,0.1986796252381888,5.0,0.5721972122857727,0.0198243732396789,-0.0237251865304949,-0.1840760037602785,-0.0157881864925487,0.0350173097503901,0.04694720949432,0.0223289876082623,0.3149985575676032,-0.0282599020916777,-0.051298290056998,-0.2074074074074074,-0.2097766836644979,-0.1565315315315315,-0.1322649160069512,-0.1024565608148592,-0.0641399416909621,-0.0737840065952185,-0.0300021584286639,-0.0893617021276595,-0.0783429040196882,-0.041382252559727,-0.0077279752704791,-0.0304207119741101,-0.0368624089155593,-0.0053120849933598,-0.0170603674540682,-0.0546907867059318,-0.0320913202670687,0.100661278471712,0.0584079133301931,0.1268806419257773,0.1204188481675392,0.1870047543581616,0.1570545829042222,0.0722977809591982,0.0931646801264898,0.1068965517241378,0.063165365507452,0.1537869062901153,0.1648522550544322,0.0934306569343064,0.1184668989547037,0.0646766169154227,0.0715307582260371,0.1047197640117993,0.1727557411273486,0.1435114503816794,0.2022471910112357,0.176131902643287,0.1397413137205172,0.1223776223776222,0.0712753277711559,0.0847212165097754,0.1101778656126482,0.1678794178794178,0.3090591319545586,0.2241895941160445
FUXL-L,30.0,-0.0238487061998881,2.2195177129580134e-07,0.0240821431150782,0.055368300020324,-0.0040384830427167,3.2058162062380147,14.4896,-0.1909259300092423,-0.0245350209022181,0.004750831439521,0.0058901336506795,1.0,0.1671288251561926,-0.4807499791817369,-5.7248534615715154e-08,-0.0690997328138219,2.0823104518647974e-07,-0.0400882677454946,0.0362916251573069,1.8214279392985908e-06,0.0931336753427772,3.0,0.3277961404081423,-0.0440662749114182,-0.4525631381266488,-0.1223552994025372,0.0683326595046736,0.0056974498636669,0.0522461190101973,0.02638553953816,1.6536866802719628,0.0208159866777686,0.047079337401918,-0.1233576642335766,-0.104399701715138,-0.0049710024855013,-0.0283171521035598,-0.1347262247838617,-0.1057334326135517,-0.1090504451038576,-0.1149594694178335,-0.1427551748750892,-0.1524347212420607,-0.2077836411609499,-0.2649938800489596,-0.3245219347581553,-0.4000999000999001,-0.3866189989785494,-0.4379971923256902,-0.4488297384121156,-0.4144319843978548,-0.3931278423446185,-0.3809278350515463,-0.38347022587269,-0.3973908680381335,-0.3648863035430989,-0.4283674440742504,-0.4147173489278752,-0.3615098351940456,-0.3404722679846238,-0.3183881952326901,-0.5317738791423001,-0.4893707482993197,-0.5330482115085536,-0.5117886178861789,-0.4991659716430359,-0.4310753197536712,-0.4169902912621359,-0.4186834462729912,-0.4021901443504231,-0.3490514905149051,-0.3741532047941637,-0.4066205533596837,-0.4083743842364532,-0.4413953488372093,-0.4623992837958818,-0.4741681260945709,-0.4426914153132251,-0.3988988988988989,-0.3891149542217701
FUXV-L,18.0,0.0595124669074524,7.914945800446887e-07,0.085878502524055,0.0449566762780302,0.145699140895025,1.1042782325539688,-44.5909,0.4635319934936426,-0.0268090909054815,0.0154265263755311,0.0463308314355654,1.0,0.1035768715606442,0.054817185181581,5.1826842041069e-08,0.0305117815639129,4.595745123616537e-08,0.0973267206967461,0.0681530675375568,6.011146405938525e-07,0.0800741717253938,4.0,0.6899918333465581,-0.0137814321125595,-0.0532181857175693,-0.0083009920452128,0.0112809900070015,0.0110097312239128,0.0204824788804444,0.0685768309294959,0.7432703466685178,-0.0111593304401735,0.0604865220249835,-0.0271411338962604,-0.032393521295741,-0.0110361741263028,-0.0830017055144969,-0.1195414847161572,-0.080911680911681,-0.1156798245614034,-0.1058758314855875,-0.0835227272727273,-0.0616637579988366,-0.0556206088992974,-0.108839779005525,-0.0892151326933936,-0.1257452574525746,-0.1083471531232725,-0.0772311212814645,-0.1176148796498907,-0.0697808535178777,-0.0230163537250153,-0.0164634146341463,-0.0067733990147782,-0.0578271028037384,0.0062383031815345,-0.0933108487914559,-0.1137362637362637,-0.0483775811209439,-0.0729885057471264,-0.0692440854010386,-0.0134556574923548,0.03930412371134,0.0710491367861885,0.0675049636002647,0.1730909090909089,0.2037313432835819,0.269079464988198,0.3060728744939271,0.2455598455598455,0.249419054996127,0.2631166797180893,0.2791435368754955,0.3113821138211381,0.2621283255086071,0.2852589641434262,0.2904,0.4299645390070921,0.5117150890346767,0.3917169974115615
FUYP-L,30.0,-0.1530481277403443,2.2392785216115872e-06,0.2429655123594467,0.0930767324403376,-0.2613238717908931,0.7556351838856671,67.7472,-1.5003379339113367,-0.0580764933973995,0.0031863845072276,-0.0908801411535303,1.0,0.1064779893250697,-0.2522272208664676,-6.426048644561503e-07,-0.1855172812803864,3.189815402989252e-08,-0.3150224215246636,0.0367188851398398,1.599140795620962e-06,0.0307781943494872,3.0,0.2582311899685077,0.3858530105271561,0.912660437318187,-0.4144650644586937,-0.2132988106651157,0.0169738333027041,0.0288813625462558,-0.0846398589973144,1.6536866802719628,0.0,0.0162601626016261,0.0245901639344261,0.0162601626016261,0.0330578512396695,0.0330578512396695,0.0504201680672269,-0.053030303030303,-0.1134751773049644,-0.3131868131868132,-0.3842364532019704,-0.9016522423288748,-0.9016522423288748,-0.9034003091190108,-0.903250773993808,-0.905446293494705,-0.9035493827160492,-0.9057315233785822,-0.9059443190368698,-0.905802562170309,-0.9090247452692868,-0.9102011494252874,-0.9078171091445428,-0.910394265232975,-0.9080206033848418,-0.9109052031361368,-0.906437125748503,-0.9031007751937984,-0.9037721324095458,-0.903250773993808,-0.8949579831932774,-0.893071000855432,-0.8966087675765095,-0.898538961038961,-0.8953098827470687,-0.8925193465176269,-0.8902546093064091,-0.887589928057554,-0.8895759717314488,-0.8882931188561215,-0.8861566484517305,-0.886052871467639,-0.8891843971631206,-0.8893805309734514,-0.8920552677029361,-0.8879928315412187,-0.8903508771929824,-0.886672710788758,-0.8854262144821266
FUYZ-L,30.0,0.3406089729452971,3.421733483608781e-07,0.0371263878512154,0.1304498687710334,0.3000812666776465,1.8916589914080848,4.827000000000001,1.7771958164525388,0.0164374603239461,-0.0005720233301852,0.0759316428834939,1.0,0.1316790031266299,-0.3618386964755883,1.0154101015595545e-07,0.0118686902536825,8.708395825529506e-10,0.3731536189069424,0.1286888797846136,6.699843337158901e-07,2.0697053469297195,5.0,0.0818712833655684,0.000569174371311,-0.104736497309904,-0.063097339803808,0.1178567631177929,0.029181046818825,0.0863444688791014,0.197310412415619,0.3086002628826749,-0.1434871769531056,0.1555745895788722,0.1929028264906127,0.214614749793683,0.2255192878338279,0.3301564348626267,0.2129221732745962,0.2970772977823355,0.391145940743796,0.1099866990277949,0.0305676855895196,0.0130403223787951,0.0421236932900768,-0.062320452228709,-0.06736563166081,-0.1006377352620935,0.0145130968793081,-0.0101131152552735,0.0966037633607435,0.1853912839737581,0.2226132398918576,0.1859643982125853,0.2058214535758444,0.2088827825151953,0.22896139189579,0.1493234513211512,0.3218589764525295,0.613635004485199,0.5802131729980871,0.5800897911380052,0.7407423336630683,0.8940964503825726,0.9530484715419693,0.9884057971014492,1.0920039282576113,1.1135799890336564,1.31783300881915,1.2714594382243174,1.7778044679317797,1.7718120805369124,1.8413773737231915,1.7762801385602085,1.7055717102844348,1.659002069441251,1.6941356586567269,1.763862332695985,1.6161204834852303,1.9075105060881432,1.849679645145392
FUZO-L,30.0,-0.0349711949910774,2.383160001657033e-07,0.0258576896642773,0.1300000038390815,0.4622451182561957,2.258081003084196,5.817700000000002,0.4059220974729949,0.0578295961209012,-0.003133169909417,-0.2402511607732336,1.0,0.1599847419474612,-0.0594596803939747,5.542981304832372e-08,-0.0375362644819878,9.095114092618237e-09,0.0852305065452475,0.0453924952609122,1.5646035599931698e-07,0.0048805970149254,4.0,0.556525535794841,0.1355960607520482,-0.0194228678453089,0.0517398551975035,0.0545882964639909,0.0408745815321653,0.0677097526168628,0.1191686460380507,0.4566865927414268,-0.0750124067391723,0.0149657657042361,-0.0338474791145207,-0.0671358960476449,-0.0221661101149841,0.0607239407214423,0.1242163194674281,0.1473474941854291,0.1914435179988773,0.0151390952405345,-0.0192945407750813,0.0186181606319719,0.089197533691858,0.0375894571478443,-0.0121972498026671,0.011959278868252,-0.0323061144754835,-0.0558004336327465,-0.0179660008921048,0.0092018030101099,-0.0167883754972421,0.1301045627376424,0.1415745657413363,0.1444757843259945,0.1554318036037085,0.0805551516032865,0.1269764531907631,0.1595451043119506,0.4086137440758293,0.4257258325638287,0.5706887212482328,0.5464170969965789,0.5060425639726374,0.4001531032858318,0.4730875027878967,0.48830134825553,0.7793992187149206,0.7437992284788124,0.6969312018270053,0.6899840791493714,0.5436462079800564,0.5082971759153534,0.4686654560278693,0.6924139109143448,0.7147987884032885,0.9782847444089452,0.8196525598836761,1.022403674406736,0.982110703567856
FUZV-L^L22,30.0,0.1453583675816868,4.36737431470897e-07,0.0473867510360021,0.0890890818007397,0.3356910780468634,0.7335926141148865,-2.859400000000001,0.3380900026712154,0.0550003197410359,0.0046330453675856,0.0408128929407241,1.0,0.6086794318778611,0.0440088109166275,2.180753528519772e-08,0.0293025023148526,1.2968974490076994e-08,0.0709879613968757,0.036844278827528,1.6182508591373634e-07,0.4983527896400962,5.0,1.5667095686258865,0.0072391582597147,-0.0493011841933078,-0.0352540083229956,0.2424523619233927,0.0038849252013808,0.0057221850177049,0.2411287578571501,0.2712738867108959,-0.1418418418418419,-0.0901639344262293,-0.2494929006085192,-0.3018380040533929,-0.3070199778024417,-0.1719164456233421,-0.1608567828643426,-0.1384217335058214,-0.0894175553732566,0.0083779146058344,-0.0367370552502168,0.0505836575875486,0.0746557659208262,0.028095091077493,0.1378132118451025,0.0626529092649719,0.0866963994343521,0.0603969854580195,0.0642377756471717,-0.8763675065590812,-0.8948863636363636,-0.8957006535674762,-0.8850243992265905,-0.8896681208238997,-0.8712379970355094,-0.8881937527280053,-0.8819734883391224,-0.8842825867880599,-0.8941557891167995,-0.8993511727250746,-0.8911871385158318,-0.8979821085739962,-0.9006454564441218,-0.8898165815566854,-0.907603518280445,-0.9066494729760036,-0.9021058511107408,-0.891630959483647,-0.8800576299675831,-0.8853989813242784,-0.8589162394610854,-0.8254412021666957,-0.8298850574712644,-0.8328173374613003,-0.8306061890631624,-0.8176008763921855,-0.8273537951057652,-0.8138867671442145,-0.8175908850220023
FVAN-L,30.0,-0.0040346896908247,2.4462827830952213e-07,0.0265425825342649,0.1685107815242107,0.0803842310352683,1.809798822961078,-2.4291000000000054,0.2324006047670646,-0.0023549732089828,0.0006711613767539,0.0046217421677585,1.0,0.4814217464506644,-0.0998657998181847,4.850837732693999e-08,0.0049804868967175,2.705999461470606e-06,0.0487966074993898,0.0023158857627538,8.905870247007079e-07,0.02507837447526,3.0,3.37462788677312,0.0108142333704034,-0.0101180563428725,-0.1003950506365509,-0.0053358561375024,0.0118148339175869,0.0549895408437026,-0.0441287089167704,0.6223551594967982,-0.0014720314033365,0.0255378034972952,0.0027060270602705,0.0110380751581298,-0.0281354315689079,0.0748945147679323,0.1220922229869234,0.1250345017940932,0.1336392713113614,-0.0808433870785884,-0.0829114636067049,-0.1807035175879398,-0.1487050960735172,-0.1440571188576228,-0.1255095473074448,-0.1030916492463417,-0.0897722197409558,-0.1828388131515638,-0.2330416784269452,-0.1672285218101952,-0.1317499201192885,-0.0906860011154491,-0.064171736884399,-0.1218356134870193,-0.054292343387471,-0.1384485309659692,-0.1292458876308482,-0.0737416202704239,-0.0732150977717144,-0.0036665851869958,0.1092665668798476,0.1749783799365811,0.0818845388188453,0.1151846785225718,0.1766743648960738,0.2214563979622414,0.2306763285024156,0.4204565255270953,0.5012891344383057,0.4390114739629303,0.3645798459993303,0.318240620957309,0.2077037037037037,0.2209075932304927,0.238153098420413,0.2466738033338429,0.2406026479987826,0.2989165073295092,0.2759430270777898
FVBT-L,10.0,-0.0555118899009047,1.155735034167504e-06,0.1253992087264689,0.1323978134943298,0.1011678374871359,1.826793076356412,-0.3804999999999999,-0.2970247707834424,-0.0115601430124079,-0.0022827041264266,0.002246021528938,1.0,0.2661290322580645,-0.0008342739363007,4.356712370940861e-08,-0.0089877310338267,4.123710962476296e-11,-0.0623655913978495,-0.060474363123584,5.836859277420119e-07,-0.147847345957817,3.0,0.0099058513476597,-0.0813620071684589,-0.0206431441566242,0.3056811761731018,0.0075557517238887,0.0040326704752998,0.0066657006230981,0.0163618726997801,0.6431602267898121,-0.0198019801980198,-0.0818181818181819,-0.0241545893719805,-0.0691244239631335,-0.0288461538461538,-0.0648148148148148,-0.0604651162790697,0.01,0.063157894736842,0.063157894736842,0.01,-0.0471698113207547,-0.0818181818181819,-0.2078431372549019,-0.2462686567164179,-0.1404255319148936,-0.1512605042016805,-0.0146341463414633,-0.0380952380952381,-0.0818181818181819,-0.0380952380952381,-0.1022222222222222,0.0358974358974359,0.1348314606741572,0.063157894736842,-0.0146341463414633,-0.0471698113207547,0.074468085106383,0.0,0.2784810126582278,0.2242424242424243,0.3032258064516129,0.3116883116883115,0.7118644067796611,0.463768115942029,0.5303030303030303,0.7118644067796611,0.2242424242424243,0.2023809523809523,0.1348314606741572,0.0202020202020201,0.1744186046511628,0.1160220994475138,0.442857142857143,0.6290322580645162,0.3289473684210526,0.463768115942029,0.6422764227642277,0.3032258064516129
FVDV-L,20.0,0.1373628883247599,2.610547936865107e-07,0.0283248872749802,0.1566163620962758,0.2015846982633261,2.423893209471081,8.2879,0.5099721849941614,0.0058144667645826,0.0010106949623358,-0.0033815006370174,1.0,0.2916966979709396,0.0604756504356105,2.87216961140837e-08,-0.0024993294912064,1.416356458495106e-07,0.1070776583034647,0.0870403300924535,2.275972384724587e-07,0.2554301676009198,5.0,1.6478913909863964,-0.0809893848179832,0.0275630956659096,-0.052195765878086,-0.0140527863871126,0.0036264099759402,0.0067339724164043,0.1374194853775989,0.7377171394464773,-0.022856424440533,0.018985882292654,0.0232594041064169,-0.0477672692445827,0.0519772516862848,-0.081630296732479,-0.1174969488516587,0.1162255466052932,0.1365454961133971,0.2435119754862109,0.3434903047091413,0.2325285895806861,0.2109493940685707,0.1735717658168083,0.3671364730147817,0.2451471509079523,0.2991637266431464,0.3448987183389131,0.304062694691281,0.3139723130802523,0.6034997177646964,0.5881953596102392,0.6381760514066812,0.8792231725180739,1.0373975409836067,0.9542997542997542,0.9111004324843824,1.1332403583114306,1.1179039301310043,1.333920187793427,1.4049102013666324,1.5598609680741502,1.5679602247045907,1.54105168998786,1.8239721650216567,1.719502188183807,1.7397354643152383,1.7509165110327176,1.974792430249084,2.102426086278181,2.473969252271139,2.83399209486166,2.7840152235965747,1.932025951046889,2.176771307612429,2.1498495168699505,2.147854994459395,1.9634873323397917,1.7047062023939064
FVEH-L,8.0,0.0757367193947527,4.045634942079248e-06,0.4389582434855605,0.026090052966724,12.168543573557232,0.0079305812528512,86.14559999999994,0.7132548379487114,-49.95927220879633,0.0002088702752976,0.0018604027724715,1.0,2.4285646130848257,0.0760911846440768,4.2069854829398203e-07,-0.0027568112225982,6.954392281022627e-11,0.1497604380561258,0.0002276836706954,3.537114707952146e-08,0.0368947735632387,2.0,2.084984766585519,1.8333101819334665,-0.1309707724408944,2.0538626189902995,0.6369890374230025,0.0237434127392785,0.0239516072158711,2.06587959296604,0.0109515902359939,-0.0655990738954273,0.0295987286452124,0.0001929756850636,0.0671196211653284,0.0368073614722943,0.0782192635739547,-0.069813352476669,-0.1699231262011531,-0.1241973639743156,-0.1326974564926372,-0.2020015396458815,-0.1648404769577828,-0.147532894736842,-0.0724767358625627,0.0829502716255745,0.1758166969147006,0.1836035624571819,0.1623682440008969,0.1579535299374441,0.140625,0.1865842490842491,0.1326486013986014,0.0847634993721222,0.1504994450610433,0.3068582955118508,0.1618471194799371,0.3101617795753284,0.3578726748755565,0.3188295165394403,0.4145742358078601,0.3543245361902272,0.3392764857881136,0.4762176018228425,0.5425595238095238,0.6480127186009539,0.4076588810429113,0.483400114481969,0.6459193394728486,0.821792618629174,0.1608062709966404,0.077098919368246,-0.0622399131536096,-0.1006420267221933,-0.1780843640976848,-0.2129081245254365,-0.1577835554111147,-0.0927708734465255,-0.0078483920367534,-0.0691451149425287
FVFM-L,18.0,0.0360495198195271,2.984656306184272e-06,0.3238402644647431,0.0744996452413241,0.092113519400313,1.6333503935628992,-5.044699999999999,0.2888802672612658,-0.0194811526319276,-0.0010036857157841,0.0011357591635868,1.0,0.2144511901966703,0.0235626078607625,9.500991306061129e-08,-0.0454658328921509,4.414305170224718e-08,0.0606555091799164,0.0632351190373651,3.676960138413418e-06,0.046305183182375,5.0,0.0913251566042467,0.0022135073167366,-0.0440609856575286,-0.1775902106007424,-0.0272050155733592,0.029819354091299,0.0663307165166677,0.0209897711223698,0.8064572572330289,-0.0303992740471868,0.0320767970030437,-0.095980311730927,-0.2962962962962963,-0.2467532467532468,-0.1885125184094256,-0.1706491063029163,-0.1826441683664009,-0.3491805699099366,-0.4074472375319263,-0.3536656891495602,-0.3095238095238095,-0.2819677471900961,-0.4889867841409692,-0.4787749793070829,-0.476360180565455,-0.4556680661891825,-0.4469259723964869,-0.524743935309973,-0.4784666351159489,-0.4700649194517914,-0.4021429540214296,-0.3815937149270483,-0.3584631058070149,-0.288573273079406,-0.2676524339591294,-0.2010150444081929,-0.1929696082021237,-0.1269558328381859,-0.0446467273515388,-0.0483592400690846,-0.030782761653474,-0.0682730923694779,-0.0978305362259517,-0.0710221285563752,-0.154583812811661,-0.1069692058346839,-0.0585219991456642,-0.2103188821211036,-0.2631227014376462,-0.313716331932119,-0.3521457965902411,-0.3919161263622568,-0.4230366492146598,-0.4692993017096075,-0.3769611307420495,-0.3429721269935908,-0.3205918618988902,-0.3345410628019323
FVFP-L,30.0,-0.0426897484511176,1.54204712580502e-06,0.1673147249829318,0.1372414439668862,0.0019809165296906,1.512917532646906,-131.6726,-0.425378234887708,-0.0238900614579182,-0.000477426629809,-0.0020777015979249,1.0,0.3001258341331871,-0.119649312157355,-7.939751585183219e-08,-0.0780146535890456,3.442584152026423e-08,-0.0893156658839314,-0.0286756309443626,2.5118300514080608e-06,0.00547384007937,2.0,0.1400612906879944,0.0006025475269887,0.0199294439175026,0.0680784768051073,-0.0199294439175026,-0.0318172023010302,-0.0834682464221553,-0.0199294439175026,1.6536866802719628,-0.0414746543778801,0.0187793427230047,-0.2109090909090909,-0.1992619926199261,-0.2385964912280702,-0.1354581673306772,-0.1388888888888889,-0.2491349480968858,-0.2109090909090909,-0.2593856655290103,-0.3502994011976048,-0.3343558282208588,-0.3323076923076923,-0.4022038567493112,-0.4054794520547945,-0.3972222222222222,-0.407103825136612,-0.418230563002681,-0.4348958333333333,-0.4038461538461538,-0.4213333333333333,-0.4244031830238727,-0.4953488372093023,-0.4363636363636364,-0.3384146341463414,-0.3598820058997051,-0.4244031830238727,-0.3870056497175141,-0.4244031830238727,-0.4197860962566845,-0.4228723404255319,-0.4615384615384615,-0.510158013544018,-0.4363636363636364,-0.4087193460490463,-0.4464285714285714,-0.4289473684210526,-0.440721649484536,-0.4615384615384615,-0.4534005037783376,-0.4588528678304239,-0.4796163069544364,-0.4821002386634845,-0.515625,-0.5363247863247863,-0.5209713024282561,-0.469437652811736,-0.4363636363636364,-0.4615384615384615
FVFT-L^K19,17.0,0.0147122197502149,1.99938482850678e-06,0.2169366403390686,0.0516651249702805,0.2621921726032027,0.3470592718718624,3.9377,-0.4097470579943172,0.0510266580516193,0.0010747951003874,0.0477191700350198,1.0,0.0241776267619481,0.0338982232982187,1.283842455678873e-07,-0.0308199467852683,5.53398921484835e-10,-0.0860336244951629,0.017618256604167,6.448223734140068e-07,-0.0404375242564616,4.0,0.1175045114780982,-0.0548642806991448,-0.0171081124462254,-0.0254432387288882,-0.0140169650383958,0.0120062050507207,0.0153948441746683,-0.0319150396105229,0.4764858359100848,0.0,0.0,0.0,0.0,0.0,0.0,0.0,0.0,0.0,0.0,0.0,0.0,0.0,0.0,0.0,0.0,0.0,0.0,0.0,0.0,0.0,0.0,0.0,0.0,0.0,0.0,0.0,0.0,0.0,0.0,0.0,0.0,0.0,0.0,0.0,0.0,0.0,0.0,0.0,0.0,0.0,0.0,0.0,0.0,0.0,0.0,0.0,0.0,0.0
FVGS-L,18.0,0.0935335386527529,2.550972520703262e-07,0.0276784839190738,0.0789413394227529,0.429699672636569,2.384787301318857,20.2497,0.3258092133770492,-9.926432200306447e-05,0.0039988621651101,0.0196464531176028,1.0,0.3169313215900333,0.0849682311757389,6.140867869648184e-08,-0.0548668159757838,5.124448260442481e-08,0.0684093929995569,0.0553516851019017,2.282781323526688e-07,0.1031699412556241,5.0,0.9712500018279296,-0.1327199483593396,-0.0207520728831808,-0.129417165251637,0.0185541273184965,0.0379658715366984,0.0742665697020554,0.0355145128175825,0.7035546675305203,-0.1204516938519447,-0.0062344139650872,-0.0769358041032428,-0.0968107495548001,-0.1906281735093574,-0.1853095794392524,-0.1742155121373594,-0.1868532283923626,-0.1005964855714977,-0.1205863808322824,-0.1389103256675413,-0.1147254839733418,-0.0894401827974539,-0.1518698692611736,-0.1641947565543071,-0.1539278131634819,-0.0362756952841596,0.0342973674453095,-0.0615643397813289,-0.0505445881552075,-0.043873179091688,-0.0427247769389156,0.1038781163434903,0.1355587217585996,0.2272327320721512,0.0851974324061466,0.2989522700814899,0.2146745046810363,0.2356589147286822,0.3245489078822412,0.3019836639439905,0.2766590389016017,0.2444791434307383,0.3597367779673408,0.0057688840814855,-0.011166253101737,-0.0302450895185121,-0.1701621300014875,-0.2465901417960837,-0.2414683888511216,-0.2806859205776173,-0.2263208986270974,-0.2534457379900977,-0.315208052043697,-0.3274261603375528,-0.3433380414312618,-0.3548051347288077,-0.2947794210592845,-0.3382754121693749
FVGU-L,30.0,0.1392333510258583,1.735667501164375e-07,0.0188322863652773,0.0413765354638914,0.282075514795346,1.4836580806388966,6.860199999999999,0.8520670097068046,0.0030630625267549,0.0022327468044926,0.0366411125694912,1.0,0.3098019734285573,0.1070521635182224,2.5305625343796275e-08,0.0336593936762483,4.919274634581285e-09,0.1789065027499191,0.0938030390485435,1.490098183930696e-07,0.1801857659217785,5.0,0.7445147132668131,-0.0548704266818869,0.0324556371159055,-0.0525870802303725,-0.0090252510394788,0.024410984622911,0.0486304810792682,0.1586298200793542,0.5670177042370593,-0.1497148288973383,0.1185539606592238,0.1033036182485578,0.2275379229871643,0.3274447949526813,0.3565441650548033,0.2412979351032449,0.5562130177514792,0.4149293880295899,0.6463223787167449,0.7577276524644945,0.8060085836909869,0.9144676979071882,0.9285059578368468,0.852112676056338,0.8013698630136985,0.9285059578368468,1.189386056191467,1.2894450489662677,1.3429844097995542,1.4045714285714284,1.3146314631463143,1.4100801832760594,1.4782096584216724,1.6398996235884566,1.3429844097995542,1.281995661605206,1.507747318235995,1.5441354292623943,1.5815950920245396,1.6700507614213196,1.6700507614213196,1.8625850340136052,2.0625909752547305,2.117037037037037,1.878248974008208,1.9181692094313452,1.9928876244665716,2.355661881977672,2.704225352112676,2.76386404293381,2.578231292517007,2.3133858267716536,2.30298273155416,2.697715289982425,2.584327086882453,2.9253731343283578,3.2505050505050503,3.781818181818181
FVHB-L,19.0,0.0654632236032682,2.1317455235638007e-06,0.2312979999378902,0.071143903038702,0.1148029010026543,1.671660153563262,3.4683999999999884,0.233554519430816,0.0065099780681283,-0.0004873969193101,0.0055813471268169,1.0,0.1770404917446121,0.1278840267002995,1.7558723554288234e-07,-0.0238699436631993,5.643021833743047e-07,0.0490388922429743,0.05483551921743,3.4802450630422164e-06,0.0304238877682188,5.0,0.3936869594585936,0.0883636940727785,0.0220899415510135,-0.085557501926951,0.0259589729102539,0.0098600514119655,0.0271426417325147,0.0444578678264682,0.4199165528578665,-0.0851982724774244,-0.1778566817301485,-0.3320220298977184,-0.2718696397941681,-0.309568988885877,-0.2124304267161411,-0.3467555783534239,-0.3676762661370407,-0.3000824402308326,-0.378780487804878,-0.4028135990621336,-0.3987252124645892,-0.3276135163674762,-0.3213429256594724,-0.2471179426544487,-0.2689437428243399,-0.253516998827667,-0.2075295581829496,-0.1395270270270271,-0.0432006010518407,-0.1229338842975207,-0.1607907742998353,-0.1671026814911707,-0.1038001407459536,-0.0252583237657864,-0.0531598513011152,0.0023612750885477,0.1030749242096145,0.0769556025369979,0.2198275862068965,0.1478143307796302,0.0912596401028276,0.2722277722277721,0.5445724681625228,0.7773900907187716,0.5224148236700537,0.5587515299877601,0.3183229813664596,0.5352622061482821,0.3028132992327363,0.1021202942449155,0.1122270742358078,0.0737774030354132,0.1240070609002648,0.2608910891089109,0.3642206748794856,0.3819858925664676,0.4276905829596411,0.2239308024987987
FVHC-L,16.0,0.0170098478066248,1.619711111535758e-07,0.0175741398977627,0.02787558685446,0.2247104247104247,1.5249445305637184,4.0,0.1777632231079013,0.0112993516660745,0.0011163829193413,-0.0694575386599438,1.0,0.6073298429319371,0.1897810218978102,9.261170281909981e-08,-0.0505992010652334,8.37551039278991e-08,0.0373245251857968,-0.1128021486123545,5.085694152662582e-07,-0.0236550934757726,3.0,1.4146935149428026,0.4807279980054849,-0.0335729669316144,1.0252234993614304,-0.2024550720671411,0.0378878281622911,0.1617834394904458,0.0252234993614303,0.3442223347347218,-0.1319444444444444,-0.0649350649350649,-0.0886075949367088,-0.1111111111111111,-0.1055900621118013,-0.1578947368421053,-0.1219512195121951,-0.0649350649350649,0.0,-0.0709677419354839,-0.1676300578034681,-0.1325301204819277,-0.0943396226415095,-0.1111111111111111,-0.1676300578034681,-0.0828025477707007,-0.1627906976744186,-0.2,-0.25,-0.3142857142857144,-0.323943661971831,-0.3207547169811321,-0.2871287128712871,-0.3009708737864078,-0.1529411764705882,-0.1578947368421053,-0.2173913043478261,-0.3009708737864078,-0.2577319587628865,-0.2044198895027624,-0.3175355450236966,-0.36,-0.4074074074074074,-0.424,-0.4666666666666667,-0.48014440433213,-0.4725274725274725,-0.4352941176470588,-0.417004048582996,-0.397489539748954,-0.4857142857142856,-0.4606741573033708,-0.4686346863468634,-0.4330708661417323,-0.4285714285714286,-0.3684210526315788,-0.3513513513513514,-0.3302325581395349,-0.3207547169811321
FVHJ-L,20.0,-0.1373913808502403,1.220265510424267e-06,0.1324008746984355,0.1496151297313682,0.0104283531590187,0.8240969519131807,19.5516,-0.5841796913613538,0.0040561739268752,9.918759842175498e-05,-0.0413600585082474,1.0,0.3223077878324952,-0.1110141278242089,-8.849267908690204e-08,-0.0527453467934017,1.550946303983434e-07,-0.1226588335991907,-0.0348862162468229,9.52099441047614e-06,-0.1383194266445736,3.0,0.1729696238651875,0.1044487381517473,-0.1544118824821969,0.0211123922298156,0.0398814170767026,-0.008781924194482,-0.0783144880882645,-0.171260374624465,1.6536866802719628,-0.21875,-0.0804597701149424,-0.1351351351351351,-0.1752577319587628,-0.1999999999999999,-0.2156862745098039,-0.1709844559585491,-0.2156862745098039,-0.2452830188679244,-0.2694063926940638,-0.4306049822064056,-0.4346289752650176,-0.4095940959409594,-0.5121951219512195,-0.4482758620689655,-0.4181818181818181,-0.3984962406015038,-0.4029850746268657,-0.4244604316546762,-0.391634980988593,-0.3984962406015038,-0.4223826714801444,-0.36,-0.3962264150943395,-0.2694063926940638,-0.2920353982300884,-0.2660550458715596,-0.3103448275862068,-0.2888888888888888,-0.2727272727272727,-0.3191489361702128,-0.4701986754966887,-0.4612794612794613,-0.4366197183098591,-0.4052044609665427,-0.4501718213058419,-0.4520547945205478,-0.4202898550724636,-0.365079365079365,-0.4074074074074074,-0.4871794871794871,-0.4612794612794613,-0.4501718213058419,-0.4482758620689655,-0.45578231292517,-0.46843853820598,-0.3495934959349592,-0.3191489361702128,-0.3625498007968126
FVHS-L,30.0,0.0812784419314163,3.038246134155185e-07,0.0329654851567037,0.0975671308781026,0.4020517473102664,2.616015641911731,-49.3501,0.0190915005085527,-0.0161542198411454,-0.0008942274534356,0.0093636053906826,1.0,0.2160277133855093,-0.0489828146473784,6.565758351813352e-08,-0.0420490057939293,2.661771196459404e-06,0.0040085973864999,0.0725559868951734,3.1263638644338415e-07,0.2473073940500985,4.0,4.661126410990029,0.0459376560254947,-0.0192210201703376,-0.0649301594439881,-0.036836303040456,0.0305476974971677,0.0658189103844087,0.0203920776044937,0.390417460685683,-0.2029494382022472,0.0524759793052476,0.0171428571428571,0.3433962264150945,0.231833910034602,0.2339688041594454,0.2691622103386808,0.1539708265802268,0.3771760154738879,0.1986531986531985,0.144694533762058,-0.073519843851659,-0.1848883800801373,-0.2335844994617868,-0.2648425400103252,-0.2656008251676122,-0.2981764415968456,-0.2756866734486266,-0.2682425488180884,-0.256396866840731,-0.2872872872872872,-0.3376744186046512,-0.3625783348254252,-0.3701901813356921,-0.3800609490639964,-0.3898886032562125,-0.3485818847209515,-0.3856773080241588,-0.3718570798411998,-0.3654188948306596,-0.3251184834123223,-0.4115702479338843,-0.3846153846153846,-0.3917129431866724,-0.3726872246696034,-0.4127835051546391,-0.4322169059011164,-0.4371541501976285,-0.3968657348581109,-0.4230145867098865,-0.442443226311668,-0.4319904268049461,-0.4510408635312259,-0.4558654948414214,-0.4727878563495001,-0.5003508771929824,-0.4725925925925925,-0.4674644727000747,-0.4799123447772095
FVHT-L,30.0,-0.0194981814551242,9.080633594534248e-07,0.0985264125275751,0.0377987558102267,0.4432966052074504,1.6438976498828874,-2.1424999999999983,-0.5060605937464921,-0.009529177776319,-0.0013616593867686,-0.0244434382773589,1.0,0.1310878968599047,0.0117150802978156,1.2544521316465077e-07,-0.0366829068884815,1.9388353021155963e-08,-0.1062563507040208,0.0217032129023302,3.392090767276328e-07,-0.0820130197180562,4.0,0.2906569065859095,0.0482455937314692,-0.015529439500642,-0.1401151765869726,-0.1159322117436444,0.0304480415167515,0.0421091742530943,-0.1060748174037906,0.5790883403261016,0.0,0.0,0.0,0.0,0.0,0.0,0.0,0.0,0.0,0.0,0.0,0.0,0.0,0.0,0.0,0.0,0.0,0.0,0.0,0.0,0.0,0.0,0.0,0.0,0.0,0.0,0.0,0.0,0.0,0.0,0.0,0.0,0.0,0.0,0.0,0.0,0.0,0.0,0.0,0.0,0.0,0.0,0.0,0.0,0.0,0.0,0.0,0.0,0.0
FVHZ-L,30.0,0.0800337786280746,1.4811125142544644e-07,0.0160703216422063,0.1336084938218217,1.1060191937519932,1.8678036839565284,7.0146000000000015,0.2902128439426849,-5.7277365778687776e-05,-0.0017772575442733,0.0385674240704993,1.0,0.0971026539351056,0.1202059025157315,4.735829748011727e-08,-0.009999666808553,2.8513330011246164e-08,0.060935307166463,0.0766667761065422,4.675129544407885e-08,-0.0188773020939225,4.0,2.459777127303375,-0.0082597319025179,-0.0127860449972417,-0.0646611189328032,-0.0066680934331142,0.0615589265398112,0.0817319216415293,0.134750636007327,0.3049206453185082,-0.1318898094641323,-0.0003479955456571,-0.0548377898177191,-0.1196085242016223,-0.1165036599618626,-0.1084235138322746,-0.0944454952398966,-0.0514254265272426,-0.0408894626719494,-0.0662462618645169,-0.166927672408793,-0.140437670809312,-0.1159780066472447,-0.1298667205169628,-0.143615224088244,-0.1817042368535998,-0.2100863443876148,-0.2184110284781425,-0.1908776805498178,-0.1126099223592891,-0.0713977845782509,-0.0785860918655375,0.0723992035838725,0.0539330789550924,0.0899777395527674,0.019351328333846,0.0249280464308649,0.0710131238814872,0.071306034161259,0.1925440053138492,0.2342528142992179,0.2151780930088271,0.2635699832849476,0.2864692183674688,0.4991128274710363,0.5146050827797111,0.610502709773874,0.7114429836755769,0.6261227262434899,0.5683555361432626,0.6444300270961341,0.6067792817988589,0.5509682528255706,0.4901954003112572,0.5099344710376001,0.604027844991252,0.5182340298086747,0.6873825187969924,0.8253410149961873
FVIM-L,20.0,0.0925619243090426,4.388284480727768e-07,0.0476136298789529,0.1088817231566068,0.0982637758677703,0.9463599081502948,-6.09839999999997,0.3704946635572966,0.0002801408590483,0.0007341920640067,0.0463566157089476,1.0,0.4183616429710238,0.0900481094631174,6.82317040871559e-08,0.0140511011856676,1.2778651834157046e-05,0.0777918917050339,0.025316441681216,1.2703723295868592e-06,0.0931278992835419,4.0,11.04170519442132,-0.1308379750416441,-0.0124925525932705,-0.031046276751152,-0.1746472350541502,0.0112631470050629,0.0442406551875402,0.0931201886353442,0.786097103023345,-0.0212924359737938,-0.0270896711574678,-0.0769653655854866,-0.0932901309572026,-0.1086927670869276,-0.0687742651136995,-0.0953663793103448,-0.0836403329240006,-0.0402972277793656,-0.0543508870740636,-0.1094019360827476,-0.1156175928364499,-0.1040554962646744,-0.0898495731128881,-0.0551491277433877,-0.0655349937386949,-0.0028210838901261,0.0181928441479684,-0.0063618878532327,0.0208238334093324,0.0568056648308419,0.1348428523149711,0.2087832973362129,0.2193173565722586,0.3063606302275823,0.1414004078857917,0.1294988227379749,0.1661746831047055,0.1813544415127528,0.2441645053723602,0.2902977905859749,0.3171210041184544,0.308651597817615,0.3475120385232744,0.3968386023294508,0.536139066788655,0.565866169270226,0.5249772933696639,0.5892096545196404,0.6241837968561064,0.607852525736174,0.773435437021389,0.7106469689251147,0.6570441648161853,0.7089058524173029,0.7376455368693402,0.8833426808749301,0.8934310685085989,0.9416016189650184
FVIP-L,20.0,0.1795463963827872,8.020609300016888e-07,0.0870249693910815,0.1571741047309217,0.1371666927365238,1.47834978054361,24.8612,0.2963090898171061,0.0072957514368635,-0.0038336553558215,0.0170833267679124,1.0,0.1722689191530005,0.1610449897900134,1.515174594962012e-07,0.0645043439346891,2.0131932103213365e-06,0.0622153215513312,0.0408154754775476,2.01577884740591e-06,0.1817876803336773,4.0,1.168155211480251,-0.0083403796333523,0.200018651120205,-0.1421524976470243,-0.1665217303368557,0.0135088565128536,0.0487767421287624,-0.1212013255805443,0.4483453370389268,-0.0689761831116608,-0.15055176037835,-0.2853669319186561,-0.3050300945829751,-0.359675183204595,-0.3947959565705728,-0.4849450374382668,-0.4591836734693878,-0.4382276281494353,-0.450076543629869,-0.4939740178431679,-0.4451690406727304,-0.4184205792408707,-0.4220593493028245,-0.3813624186758515,-0.288512323943662,-0.2389359698681732,-0.1903330828950664,-0.2356973995271867,-0.1451612903225807,-0.1394729837636412,-0.0991919754806353,-0.0669552669552669,0.0415592783505154,0.1419992935358529,0.0985389058783554,0.0572269457161542,0.0603476549688422,0.0874537504204506,0.2942353883106483,0.2014121144555927,0.1308149702693248,0.2377488514548238,0.2890749601275917,0.2718332022029897,0.1864220183486238,0.2829365079365078,0.2410748560460651,0.555074555074555,0.4032118055555556,0.3249999999999999,0.1846830340784169,0.1052991452991451,0.0319182891797,0.0726609157266091,0.1041666666666665,0.1947524020694753,0.3459616985845128,0.3584033613445376
FVIX-L,23.0,-0.1714107348757241,1.3504010811063445e-05,1.4652080453378469,0.1056603402162904,-0.0540097042852308,1.0615657449383091,84.4995,-0.3269857120753499,0.0794975369425394,0.0033945746379244,0.0047951355854506,1.0,0.2352093862770349,-0.2420105282739455,-3.793838858434274e-06,-0.2177298779275117,7.636021181306739e-08,-0.0686564196596728,-0.0194516481704156,2.472347294312945e-05,-0.126997862261031,4.0,0.0310833110396419,0.0265473062522581,-0.0825229967732117,-0.0647694715434364,0.0083037810863476,-0.0004524048131518,-0.0012806785989027,-0.0973527938684911,1.6536866802719628,-0.13,-0.8628257887517147,-0.8858447488584474,-0.8637602179836512,-0.9118165784832452,-0.9139414802065404,-0.9151823579304496,-0.93993993993994,-0.935022742040286,-0.9423631123919308,-0.949290060851927,-0.9660902000678196,-0.959758551307847,-0.957841483979764,-0.9565217391304348,-0.9592999592999591,-0.9605678233438486,-0.9613601236476044,-0.9601752289924332,-0.9603332011106704,-0.9615532487504804,-0.9616417337936324,-0.9539594843462248,-0.9720592344230232,-0.9703087885985748,-0.9726925177498634,-0.971862689926843,-0.9661246612466124,-0.9646892655367232,-0.9646393210749646,-0.964221824686941,-0.9635169646114556,-0.9657299520219328,-0.9709724238026124,-0.9690306596469496,-0.9704666272888364,-0.9680817108203,-0.966284558327714,-0.966499162479062,-0.9697428139183056,-0.9685929648241206,-0.9681933842239184,-0.9766464269033162,-0.9776785714285714,-0.9770957398076042,-0.980631415843502,-0.9797652772157022,-0.9798914136336216,-0.9800757122932856
FVJH-L,17.0,-0.0070454455932405,1.2450965868985023e-06,0.1350950885533772,0.0776326424158191,0.2253367404779367,0.7887346338297458,-5.223700000000008,-0.0124170607103944,-0.0051045981582703,0.0124404181452917,0.0293169786098939,1.0,0.0747912310604778,0.1158321046768235,1.5164771750505638e-07,0.0059448905450115,5.41243205620173e-08,-0.0026071809855594,0.0437435356115409,1.0034189115286007e-06,-0.1262921303711177,3.0,0.6364257275569103,0.0555543028661491,-0.0222176654415319,-0.1112817320598243,0.0060439025822957,0.0230279045572704,0.0416460058546919,0.0362868942525679,0.3570804704550697,-0.1052287581699347,0.011904761904762,-0.0687766281192939,-0.0204865556978232,-0.0821835632873425,-0.168478260869565,-0.1835645677694769,-0.168478260869565,-0.0794223826714801,-0.1518847006651884,-0.2532942898975109,-0.2357642357642356,-0.2035398230088495,-0.2724679029957204,-0.2414476945959346,-0.186602870813397,-0.2117465224111282,-0.2261001517450682,-0.2429490351311232,-0.2353823088455772,-0.2429490351311232,-0.2583616093068346,-0.2303822937625753,-0.2323130958354239,-0.0849282296650716,-0.0455396132252027,-0.0334807327858496,-0.0573012939001847,0.0072416063199474,0.1225238444607483,0.1062906724511931,0.1679389312977099,0.2686567164179105,0.355181576616475,0.4366197183098592,0.2520458265139116,0.2634186622625929,0.3947128532360984,0.397260273972603,0.4075436982520701,0.3808664259927798,0.654054054054054,0.513353115727003,0.4339268978444237,0.536144578313253,0.705685618729097,0.8214285714285714,0.8773006134969326,0.6224814422057265
FVKF-L^J22,25.0,-0.0439603042590266,7.443399240804338e-07,0.0807621424840171,0.0351286926664909,-0.1563733206462248,0.7112703522114103,-27.3027,0.705253077039684,-0.1853591051313996,-0.0039282736608685,-0.1345776305399217,1.0,0.0829005259289902,-0.184962802139476,-1.311729643174503e-07,-0.1075832698397195,1.0284973177752285e-08,0.1480803271684062,0.1506486589043079,4.146919306108146e-07,0.3866177064937341,3.0,0.529878948344513,-0.0112490655114755,0.2367223728596862,-0.47398436504989,-0.3714776192431459,-0.0002347389443326,-0.0003717568146446,-0.0059786149034183,1.6536866802719628,0.0,0.0,0.0,0.0,0.0,0.0,0.0,0.0,0.0,0.0,0.0,0.0,0.0,0.0,0.0,0.0,0.0,0.0,0.0,0.0,0.0,0.0,0.0,0.0,0.0,0.0,0.0,0.0,0.0,0.0,0.0,0.0,0.0,0.0,0.0,0.0,0.0,0.0,0.0,0.0,0.0,0.0,0.0,0.0,0.0,0.0,0.0,0.0,0.0
FVLD-L,18.0,0.0245585047456292,7.40920361421453e-07,0.0803911141436539,0.1343461251656975,0.1273352933611817,1.5346494559525523,-6.724999999999994,0.1729743091120791,-0.0113215737603699,0.0199152363957899,0.0392432336146957,1.0,0.1413894740511113,0.0800635359938101,1.0446576492929089e-07,0.0310678687003726,9.852925870503213e-09,0.0363190081956982,0.0269349250344953,1.1869463048611245e-06,-0.0084795725893439,4.0,0.1542468004975915,-0.0900895411761032,-0.0135195679973678,-0.0440741618113452,-0.0402886426779267,0.0391881863310434,0.1048640000343495,0.019019239915098,0.5158048895475092,-0.1120620486761165,-0.0155344918378093,-0.2144957983193277,-0.2876738426366927,-0.3534497665571502,-0.311291213851538,-0.3525541125541125,-0.3772485009993337,-0.4295086969789442,-0.4032875837855091,-0.3585520672499571,-0.3230128553322469,-0.3295678680294065,-0.3727562489515181,-0.3987779385753336,-0.3612914246668944,-0.3766255418472823,-0.2842649310872894,-0.2951932139491046,-0.2967839006958811,-0.2508515327589661,-0.184158847916212,-0.1259934548854605,0.0266337177375068,0.0541302509162673,-0.0240146175933176,0.0235422940049274,0.0005351886540005,-0.107424206254476,-0.0061137692716639,0.0929552762350189,0.4554301284546516,0.5958173282116945,0.7984607984607985,0.7350348027842226,0.5749789385004214,0.6865133062697337,0.8337420304070622,0.766178554558337,0.9783068783068783,1.5679945054945057,1.65177304964539,1.6745350500715306,1.4647330257086355,1.9580696202531644,2.433425160697888,3.830749354005168,3.332560834298957,3.244040862656073
FVMW-L,17.0,0.3013969785713924,6.003738208258255e-07,0.0651415764391666,0.1740171697350594,0.0278402595907031,1.0514490421243166,-1.3987999999999996,1.7759066796623288,-0.0058043862457136,0.0014762789683972,0.0363323823626547,1.0,0.0938903056423238,0.0137838730501883,3.4712025910489914e-08,0.0795346603273521,2.7896105017034872e-08,0.3728829418920183,0.1472098400756261,2.5946516541700792e-06,0.3960612862090147,3.0,0.3162269365280412,-0.1046802742101937,-0.1829313637270642,-3.897573208916626,0.2036686080314527,0.0042150477067584,0.0174440564801737,0.4049235679142932,1.558296341239514,0.0553232550659377,0.0553292600135777,-0.0335716506061548,-0.1185143181173803,-0.0790876777251184,-0.1439977973568281,-0.1237316798196166,-0.113740022805017,-0.1472846955567746,-0.1124750214102198,-0.0380569306930693,0.0264113568834598,0.0064745872450631,0.0281084656084655,0.0342648037258817,-0.0266123982467125,-0.07083084279737,-0.0207874015748031,-0.0593040847201209,-0.023861852433281,0.0140247879973907,0.0048480930833871,-0.0326695706285002,-0.0368649318463445,0.0618169398907102,-0.8980321416857986,-0.9012545656661902,-0.8946316003524707,-0.8870891592518613,-0.8794166698987705,-0.861273481772344,-0.8596514987360058,-0.8606891607294888,-0.8386443844716629,-0.8312801866825854,-0.8327685439191006,-0.8272969670036663,-0.8292415005217774,-0.842995657004343,-0.8394277450676583,-0.8271337225465666,-0.8377941253195597,-0.8561513903669088,-0.8646436501371414,-0.8611743692788569,-0.8641586927076507,-0.8609695018334675,-0.8687908841527748,-0.8509444817336274
FVNI-L^A23,21.0,0.1111822526835306,1.2404263171715537e-06,0.1345883563777619,0.0618811881188118,0.1697834107217547,1.7681784683351172,16.987699999999997,0.548590920770061,-0.0063649488678111,-0.0020656288890694,0.0658945383901805,1.0,0.0811277298736362,0.1460045723110719,2.057820982685256e-07,0.037365686489523,1.6089034915666716e-07,0.1151863432772754,0.1524448447780687,2.3719091509972835e-06,0.0938009362749949,5.0,0.3382672327790257,-0.0242912513603425,-0.0748716089165006,-0.0707410000267813,-0.0819067632194647,0.0146230935784527,0.0425849707001051,0.127307412932445,0.5017376179057881,0.0,0.0,0.0,0.0,0.0,0.0,0.0,0.0,0.0,0.0,0.0,0.0,0.0,0.0,0.0,0.0,0.0,0.0,0.0,0.0,0.0,0.0,0.0,0.0,0.0,0.0,0.0,0.0,0.0,0.0,0.0,0.0,0.0,0.0,0.0,0.0,0.0,0.0,0.0,0.0,0.0,0.0,0.0,0.0,0.0,0.0,0.0,0.0,0.0
FVNP-L,18.0,0.0647084981696098,1.4945176768965537e-07,0.0162157699273643,0.0916296954630429,0.3331290669256797,0.8643893543683999,5.723600000000005,0.0181167086035412,0.0053117622044974,-0.0019218534293113,-0.0130596824476833,1.0,0.6400920324970958,-0.0507261216557747,4.845909542423998e-08,0.068079486379111,1.1986395743061257e-08,0.003803922626595,0.018806113751042,1.8613287638682334e-07,0.1798720901796635,4.0,1.6280642847873277,0.2588346350079752,0.0133154954064896,-0.102107567467623,0.0378975696876673,0.0364930948793978,0.0761021586313714,0.0624081171824988,0.5585749215713202,0.0795321637426902,-0.0261958997722095,-0.0172413793103449,-0.0597507331378299,-0.0987350667603654,-0.0280409245926488,-0.0793251974156497,-0.0157329240214888,-0.0232292460015233,-0.0058139534883722,-0.1996879875195008,-0.2243725430904143,-0.2267108833283088,-0.2725467952353942,-0.2631427750646367,-0.2269439421338156,-0.2004364089775561,-0.1642228739002933,-0.1890610180208662,-0.1072050121823877,-0.0679505813953488,-0.0011682242990654,0.1349557522123892,0.10180412371134,0.2302158273381294,0.1166739225076185,0.0247702756691967,0.1339522546419096,0.0384615384615383,0.1284645842498899,0.2302158273381294,0.4766839378238341,0.4623717217787912,0.4724454649827783,0.4598747865680135,0.4458850056369785,0.5755528255528253,0.568807339449541,0.669921875,0.6775670372792675,0.541466346153846,0.8533236994219653,0.8360773085182531,0.9520547945205478,1.016509433962264,1.1682163989856296,1.3706099815157111,1.5471698113207544,1.2860962566844916
FVOO-L,23.0,0.0783628884549046,5.946287364945212e-07,0.0645182250585179,0.187522910632906,0.2670781353028505,1.1114541567412528,78.20489999999998,0.0397054322581979,-0.0689497976218915,0.0003340815164708,0.030196957249212,1.0,0.1304471617600735,0.1312374107061888,8.229441305712493e-08,-0.0240166840713127,5.629406441939952e-07,0.0083368560741863,0.0654832948989546,4.451692363439642e-07,0.0277374337462198,4.0,3.3053271666895623,-0.0543294115841701,0.0667585747756876,-0.0049587371481355,0.0247996579804547,0.0194473474514965,0.0342897555456244,0.0864863755140014,0.297878632067363,-0.056631241811035,-0.0039153132250578,-0.1616013670206274,-0.1576946658491722,-0.1434094026686619,-0.0928420496566296,-0.0912819155973012,-0.0968971864317644,-0.0274670819764971,-0.0738843198058515,-0.0586542414690969,-0.0372810091100209,0.0013119533527696,0.0610132839048502,0.1165474642392716,0.1509718498659518,0.1725844998292933,0.2211555555555555,0.1861509238473493,0.2354316546762589,0.2552997076023391,0.2844053851907255,0.3628968253968254,0.425399460468977,0.4451925099936882,0.3229969183359014,0.2997161778618731,0.2950603318250377,0.4078704652592744,0.5495150011279044,0.602659822678488,0.6374255065554228,0.8090597840400315,0.8798576902025177,1.0400950400950395,1.0137789504544124,1.0640024038461535,0.9653791130185978,1.170986093552465,1.0256561486287232,0.8620222282461372,0.8143159006867406,0.7888020833333333,0.8234669498274487,0.8390896921017401,0.8896836313617604,0.9289525414209492,0.7522959183673468,0.6405540960114642
FVPL-L,19.0,0.0331397407013258,1.1087818606019077e-06,0.1203047098679451,0.3640959475447977,0.1599049949154974,1.513075454993473,14.8252,0.5003807775711251,-0.009941074086397,0.0017676900902903,0.0472684945304315,1.0,0.1079516850381376,0.0180157286984747,1.635445225752473e-07,-0.0179074402617457,5.267055028785783e-08,0.1050637730820483,0.0902412815027349,2.089723418317139e-06,0.0413482790543784,3.0,0.232726793488057,0.0871206368871196,0.0257265517155124,-0.3599361667818014,0.027042928083454,0.0109526113641976,0.0292000013625032,0.1169292702334992,0.4158907388452065,-0.0226928895612708,0.1357388316151202,0.0559105431309905,-0.0420289855072464,-0.0957592339261285,-0.1829419035846723,-0.2900107411385607,-0.3363453815261045,-0.3363453815261045,-0.3851162790697674,-0.2531073446327683,-0.4252173913043477,-0.3752362948960301,-0.3396603396603396,-0.3296146044624746,-0.2861771058315334,-0.1103633916554508,0.1824686940966011,0.4276457883369331,0.6121951219512198,0.6776649746192895,0.8060109289617488,0.9159420289855073,0.9271137026239068,0.9441176470588236,0.856741573033708,0.7124352331606219,0.6691919191919193,0.6776649746192895,0.8463687150837989,0.8159340659340659,0.6200980392156863,0.5230414746543781,0.5851318944844126,0.7124352331606219,0.955621301775148,1.7773109243697482,1.731404958677686,1.9508928571428568,1.964125560538117,2.088785046728972,2.046082949308756,2.0182648401826486,1.7541666666666669,1.8739130434782612,1.8739130434782612,1.964125560538117,2.407216494845361,2.3383838383838387
FVRF-L,20.0,0.0732162715370004,7.357322880699837e-07,0.0798281993977513,0.1279774785513743,0.1100263293451736,1.4629940961024583,-123.7708,0.1437074097564484,-0.0149316841931352,-0.0012689141742681,0.055680920067496,1.0,0.1830772688243603,0.0480341761538392,8.788226343264429e-08,0.0215886424660274,2.3974068667532328e-06,0.0301739062842283,0.0832809830942219,2.1075647592193694e-06,0.0724844007249812,5.0,1.5691357798237762,0.1214174736387468,0.0626450536382904,-0.0781253447854533,0.0069295143911198,0.0025390342283684,0.0102605645200651,0.0433532443131462,0.9177052956634114,-0.0412711514651258,0.0,-0.2572041692213365,-0.3005196304849884,-0.3334250343878955,-0.4049607072691552,-0.4982398012010768,-0.504903964037597,-0.4859991514637251,-0.4803774394166845,-0.5588128186453023,-0.5632660418168709,-0.53786000381461,-0.5295145631067961,-0.5625564181260155,-0.5357348150986778,-0.5377718428080885,-0.5394411708800608,-0.5526218611521418,-0.5652251928943118,-0.5403149307531778,-0.5253672869735553,-0.504194802537344,-0.4732608695652174,-0.447308394160584,-0.4820436083796494,-0.4645303867403315,-0.39425,-0.3724423724423724,-0.2919345412039742,-0.7674664107485605,-0.7804657062607593,-0.7738473025947359,-0.7618907232704403,-0.7347854640980735,-0.7688197691060014,-0.7627068847321516,-0.7623111634294684,-0.7357399934562112,-0.6942586750788644,-0.716375980334777,-0.7664803392444102,-0.7694137799771603,-0.7712856333773834,-0.7580870607028753,-0.7503091508656224,-0.7425626859328517,-0.6985568549390395,-0.6946439823566477
FVSJ-L^K22,31.0,0.2079813574133409,5.790204678362573e-07,0.0628247014726847,0.0102135561745589,0.3913973085146522,1.4756760902209225,3.650000000000002,2.381319283005184,0.0043288627816047,0.0011159631246967,-0.0013726095003084,1.0,4.137560451370232,0.1575332456524917,1.0811403508771933e-07,0.0461741424802087,9.139360502501995e-09,0.5000000000000001,0.0809466938537722,3.2923976608187135e-07,0.3066434580794894,2.0,0.3846169440515773,1.961538461538462,-0.2115362649914335,0.0877167476776874,0.2115362649914335,0.0229464716283555,0.0360434288599924,0.2115362649914335,0.3589137419657201,0.0482758620689656,-0.0584415584415585,-0.1545189504373179,-0.1212121212121212,-0.1317365269461078,-0.1520467836257309,-0.2183288409703504,-0.2032967032967033,-0.0764331210191083,-0.0491803278688524,-0.0793650793650794,-0.178470254957507,-0.1420118343195265,-0.1988950276243094,-0.1807909604519774,-0.1830985915492957,-0.2098092643051771,-0.1520467836257309,-0.1185410334346505,0.0740740740740739,0.2033195020746887,0.244635193133047,0.244635193133047,0.1646586345381524,0.2608695652173913,0.213389121338912,0.1417322834645669,0.2236286919831223,0.2719298245614037,0.3004484304932735,0.0545454545454544,0.244635193133047,0.25,0.2288135593220339,0.0357142857142858,0.0357142857142858,0.0357142857142858,0.0357142857142858,0.0357142857142858,0.0357142857142858,0.0357142857142858,0.0357142857142858,0.0357142857142858,0.0357142857142858,0.0357142857142858,0.0357142857142858,0.0357142857142858,0.0357142857142858,0.0357142857142858
FVSS-L,20.0,-0.0805397998977237,4.675805186605034e-07,0.0507332782363687,0.0484363687208078,0.1957116176267049,2.2251751503228365,-6.5043,-0.116528023303729,-0.0058722253367975,0.0094639346160802,-0.0005877362089855,1.0,0.1533099919063515,0.0748835303677453,8.295778317767212e-08,-0.0457343565459735,9.381332186465356e-09,-0.0244671145392718,0.0323087493022184,6.803170319180995e-07,-0.1530495174933299,5.0,0.1607480181074554,0.0016777225810426,-0.0043858273226937,-0.0935273901280941,-0.0072088687031631,0.0071805648478318,0.0205772895809027,0.0344330133085887,0.9489902555509604,-0.0567632850241545,-0.0258823529411765,-0.1728271728271728,-0.3117206982543641,-0.2868217054263566,-0.31,-0.3418124006359301,-0.3536299765807963,-0.3047858942065492,-0.3500784929356358,-0.4420485175202157,-0.4394041976980366,-0.4089935760171307,-0.4559789750328515,-0.3591331269349845,-0.3397129186602871,-0.3317191283292979,-0.411095305832148,-0.4127659574468085,-0.4320987654320988,-0.4169014084507042,-0.407725321888412,-0.4242002781641169,-0.4123491838183108,-0.3444180522565321,-0.4051724137931035,-0.4265927977839335,-0.3830104321907601,-0.4,-0.3105745212323064,-0.2831168831168832,-0.2232645403377111,-0.183431952662722,-0.1191489361702128,-0.2297674418604651,-0.1793855302279485,-0.1769383697813122,-0.0482758620689655,-0.196116504854369,-0.2038461538461539,-0.189030362389814,-0.1338912133891214,-0.2144212523719165,-0.1866404715127702,-0.2862068965517241,-0.296516567544605,-0.1678391959798995,-0.0717488789237669,-0.0071942446043166
FVSW-L,29.0,0.0310068668547848,1.1700931049275631e-06,0.1269570837228318,0.0445444392288891,0.1572269189773241,1.1117030425250567,-13.950000000000005,-0.1149837025222501,0.0027997645978597,0.0001141757327635,-0.0032818875288274,1.0,0.1965188642551536,0.0835643119334781,1.36023475124318e-07,-0.0302122567640104,1.763713113265624e-07,-0.0241428571428571,0.0135216689229966,1.3792448711683746e-06,-0.0083461773344577,4.0,0.6951128496479333,0.0067708021055769,0.0023795563732414,-0.1147061924387393,-0.0032422306225823,0.0110466116943875,0.0247103706555598,0.0247410437421653,0.2625836120324794,-0.1451048951048951,-0.0789049919484702,-0.1828571428571429,-0.1851851851851851,-0.1863442389758179,-0.272264631043257,-0.3317757009345795,-0.2088520055325035,-0.1449925261584455,-0.1118012422360249,-0.1588235294117647,-0.1898016997167139,-0.1710144927536232,-0.2832080200501253,-0.3100120627261761,-0.2946979038224414,-0.3238770685579197,-0.3500000000000001,-0.3901918976545843,-0.3637374860956619,-0.3544018058690744,-0.3888888888888888,-0.3573033707865168,-0.3997901364113326,-0.398527865404837,-0.4192893401015228,-0.4567901234567901,-0.4583333333333333,-0.4127310061601643,-0.3836206896551724,-0.4446601941747573,-0.3966244725738397,-0.3991596638655462,-0.3849462365591398,-0.3707370737073707,-0.437007874015748,-0.4583333333333333,-0.4078674948240166,-0.3796095444685466,-0.3947089947089947,-0.42570281124498,-0.4761904761904761,-0.4920071047957371,-0.4291417165668663,-0.4216380182002023,-0.4245472837022133,-0.4331020812685827,-0.4593572778827978,-0.4938053097345133
FVSZ-L,30.0,0.163599977764189,4.683327343487701e-07,0.0508148949126064,0.0349226065354481,0.3598378118342381,1.2000782732863684,58.55,0.499930490004052,-0.0298906650452373,0.0038683602771362,0.0618333632243127,1.0,0.2310708898944193,0.0239182792126901,7.035057377029134e-08,0.1059582230672186,2.0904880761335533e-08,0.1049692272623662,0.065428873200289,3.267958888476331e-07,0.4463685272360457,4.0,0.740143030533876,-0.1197603393248502,-0.0046008280678755,-0.1780247413834199,0.0019146437135374,0.0247154138037124,0.0425870295105142,0.0515207131620347,0.2928775546054015,-0.0865731462925851,0.1524249422632795,0.0404503753127605,0.0563082133784926,0.0800865800865799,-0.0329457364341085,-0.1230228471001757,-0.1117835528657885,-0.0738678544914626,-0.0690298507462686,-0.0462538226299694,0.0032167269802974,0.0217035217035215,-0.0363074546156817,0.0191993464052286,0.0721959604641169,0.002410606669345,-0.0192610062893082,-0.0630867442733759,-0.0960144927536232,-0.000400641025641,0.0044283413848631,0.0335542667771333,0.0786856895806311,0.2260442260442259,0.2006737247353223,0.2339268051434224,0.2981269510926119,0.3278339542309738,0.3589324618736382,0.5030120481927709,0.3701263042284457,0.3671232876712329,0.3723872387238724,0.5993589743589745,0.3845726970033296,0.419226393629124,0.4851190476190474,0.4815914489311164,0.3671232876712329,0.2900723888314374,0.1713615023474177,0.0698970840480273,0.1502996772706315,0.1577726218097446,0.1356395084205734,0.19377990430622,0.186964795432921,0.3243099787685775
FVTE-L,20.0,0.2603236701282098,2.613595932692573e-07,0.0283579585459607,0.0730877942787365,0.2207154393085278,1.8701267242275537,16.3502,0.8606865676865558,-0.0014211188675886,0.0012763908466293,0.0499092519524551,1.0,0.1154615421163259,0.159197040361786,4.941090184962968e-08,0.0973375173894146,1.253267878927372e-07,0.1807163310331877,0.1173423382409281,3.345576134403061e-07,0.3597204280836875,4.0,1.6913876349624564,0.0163210446411367,-0.0370443740498003,0.0182407783817993,0.0522655389795269,0.0232919278888985,0.0536208038293362,0.2063829794422296,0.3453301093840012,-0.049315849486887,0.0227405247813412,-0.0295988934993084,-0.071712093146335,-0.0146067415730337,-0.0557200538358008,0.0171064076543925,0.0630303030303029,0.1627444481272786,0.1422989254314555,0.0797168359495228,0.0867410161090458,0.1771812080536912,0.1104779993668882,0.1059268600252205,0.1608206485771013,0.390408244153785,0.3133657806065142,0.2982975573649149,0.3114018691588784,0.3959411062475129,0.3671083398285268,0.5298735281290885,0.5959963603275704,0.6657169990503324,0.7349159248269042,0.6617716721932734,0.7078870496592016,0.9752252252252248,1.191130543410368,0.7934560327198363,0.9434903047091412,0.8850080601826975,0.8749331908070548,0.971894322653176,0.9138025095471904,0.9819209039548022,1.2049025769956003,1.2444017914267431,1.1925,1.1247728649303448,1.2076777847702955,1.326259946949602,1.62378459237098,1.6840091813312927,1.7470634299138608,1.8896210873146624,2.227230910763569,2.4358472086190006
FVTG-L,30.0,0.1522071177638612,3.433814541907174e-07,0.037257469379975,0.0834872815120079,0.2368077324973876,6.090767620537666,9.9,0.4657860517558136,0.001120514223062,0.0028248587570621,0.0007468802881841,1.0,0.5290102389078498,0.1945770804911323,8.127429708040106e-08,0.0503175898655118,2.688838461124622e-07,0.0977999999999999,0.0042767679853367,3.961754336572988e-07,0.1178423236514523,3.0,0.5735530844217317,-0.4149195514383227,-0.0126869387899561,1.1323164731352096,0.0040948236506735,0.0282362298667727,0.060813704496788,0.1323164731352096,0.725108695149407,-0.1082802547770701,-0.0426829268292682,-0.2488038277511961,-0.2415458937198067,-0.207070707070707,-0.1373626373626373,-0.1559139784946236,-0.1325966850828729,-0.1648936170212764,-0.1736842105263156,-0.2266009852216748,-0.1420765027322404,-0.1420765027322404,-0.1513513513513513,-0.1822916666666666,-0.1420765027322404,-0.0818713450292397,-0.0542168674698794,-0.0542168674698794,-0.0818713450292397,0.0064102564102563,-0.0426829268292682,0.0129032258064516,0.0536912751677853,0.1294964028776979,0.1294964028776979,0.1804511278195488,0.2076923076923076,0.3305084745762714,0.5700000000000001,0.1544117647058822,0.2265625,0.2764227642276424,0.3305084745762714,0.246031746031746,0.0753424657534247,0.0827586206896553,0.0979020979020979,0.0194805194805194,-0.0125786163522012,-0.0654761904761903,-0.0484848484848483,-0.0368098159509201,0.0261437908496733,0.0064102564102563,0.0129032258064516,0.0129032258064516,0.0753424657534247,0.1984732824427482
FVTN-L^K22,32.0,0.0060638214308249,3.917653793338753e-07,0.0425072072079912,0.0367426497778167,0.3615391932409136,0.7685934420412279,13.774,-1.2248617137899191,0.1445315860582365,0.008207212972895,-0.0031461651686132,1.0,1.8000868917576964,0.7160989990926127,8.708622226983296e-08,-0.0383065176155665,1.2373171649358252e-09,-0.257181328545781,0.0018903567340095,2.283089679773574e-07,-0.4004181117854998,3.0,0.3542471536315256,0.1385972394100079,0.0330068957675418,0.0086735603724771,0.3829569346558514,0.0226397126773687,0.0358334498204073,0.0086735603724771,0.7740423769789386,-0.0913385826771653,-0.0139751552795032,-0.0536512667660209,-0.0465465465465466,-0.072992700729927,-0.0716374269005848,-0.0200617283950618,-0.0334855403348555,0.037581699346405,0.0672268907563025,0.0948275862068965,-0.0268199233716476,0.1229000884173296,0.1082024432809771,0.1062717770034842,0.1390134529147981,0.1514052583862193,0.2141491395793497,0.1043478260869563,0.2141491395793497,0.2118320610687021,0.1238938053097344,0.1451758340847611,0.1091703056768558,0.0663308144416456,0.2258687258687259,0.1062717770034842,0.183597390493942,0.2450980392156863,0.3655913978494622,0.3655913978494622,0.3187954309449634,0.3439153439153439,0.425364758698092,0.4366515837104072,0.2763819095477386,0.3655913978494622,0.3229166666666667,0.3340336134453781,0.2330097087378639,0.1781076066790352,0.0521955260977629,0.0845431255337316,0.0957722174288178,0.1545454545454545,0.2153110047846891,0.1913696060037522,0.212989493791786,0.2487708947885938
FVTW-L^H21,30.0,0.0331609624526267,4.5695992370823413e-07,0.0495809256954783,0.1116109057424411,0.1033759787682811,1.4240023738267809,8.6941,-0.1193427362486182,-0.0435433450840443,0.0023019779912716,0.0184333303944457,1.0,0.3425186726271853,0.0336854665192137,1.959100001038882e-09,-0.0328238719984609,8.255631649133057e-09,-0.0250581131854796,0.002286363371585,3.313291424390976e-07,0.0323394625841647,3.0,0.4174596477341545,0.2359093520122767,0.0610946168134636,0.5251559350679189,-0.0087377465356005,0.0077715238783451,0.0134079448996883,0.1087353481798292,1.973577186988946,-0.1207658321060383,0.0478395061728393,-0.0159420289855073,-0.0824324324324324,-0.1799516908212559,-0.1759708737864077,-0.2396416573348264,-0.2603485838779956,-0.2177419354838708,-0.1729598051157126,-0.1575682382133996,-0.1964497041420118,-0.2077012835472579,-0.2730192719486081,-0.2086247086247086,-0.1907032181168058,-0.1973995271867613,-0.2122969837587006,-0.1699266503667481,-0.0910307898259704,-0.0355113636363636,-0.0159420289855073,0.0478395061728393,0.0164670658682635,0.0414110429447853,0.0382262996941895,0.0446153846153847,0.0969305331179319,0.1430976430976429,0.1547619047619048,0.1450252951096122,0.1094771241830065,0.139261744966443,0.2146690518783542,0.2458715596330274,0.139261744966443,0.2367941712204007,0.4087136929460579,0.3392504930966469,0.3472222222222223,0.3580000000000001,0.3499005964214712,0.2667910447761192,0.2811320754716981,0.4087136929460579,0.4446808510638298,0.7103274559193955,0.772845953002611,0.855191256830601
FVUA-L,18.0,0.2629883638510499,3.3555408597170133e-07,0.0364081866706537,0.0710737048600669,0.240819048920921,1.1944818401301898,7.427,0.2764107526831203,-0.0010163234090191,0.0094289113595852,0.0089927030022435,1.0,0.1739513681546192,0.1639492071930519,4.941139631458319e-08,0.1052524660589336,3.7327970253389257e-08,0.0580373145793148,0.0565844483103858,3.187668651426669e-07,0.38724383479806,4.0,1.1960733602630471,-0.127877034716625,0.0343769122658497,-0.1985927288625737,-0.0946839814287524,0.0216719476271599,0.043097051439941,0.0116982148645313,0.2317987817573208,0.0148305084745761,0.11496062992126,0.0776255707762556,0.0614692653673163,0.066265060240964,0.0457902511078287,0.0231213872832369,0.1597051597051595,0.160655737704918,0.1114599686028257,0.1530944625407166,0.0694864048338368,0.0404114621601763,-0.0173490631505898,0.0042553191489362,-0.0118632240055827,-0.0986632718014004,-0.0641110376734963,-0.1259259259259258,-0.0726915520628683,-0.0876288659793813,-0.1099937146448774,0.0809160305343512,0.0473372781065088,0.0759878419452888,0.1071149335418295,-0.036734693877551,-0.0193905817174514,-0.0261348005502062,-0.030800821355236,0.096824167312161,0.0892307692307692,-0.0035186488388458,-0.0301369863013698,0.0792682926829269,0.115839243498818,0.1616078753076293,0.1002331002331002,0.165432098765432,0.0985259891388672,0.0567164179104477,0.1132075471698113,0.1019455252918288,0.1540342298288508,0.1211401425178146,0.1400966183574878,0.3038674033149171,0.4390243902439024,0.4231155778894473
FVUH-L,29.0,0.0426381895645437,2.307245447011112e-07,0.0250340038883868,0.004017992767613,0.0689184042366682,0.2431954234772806,6.849999999999994,-0.8535508109643345,-0.0303069853940316,0.0011674874121617,0.4783285174483235,1.0,0.038893282498613,0.0762482400086646,5.5841051625860174e-08,0.007292112491395,2.3313568585137693e-08,-0.1792180530044607,0.0707574835389808,1.956897992548491e-06,0.0388132919193413,4.0,1.2108875325743345,-0.0355226456714237,0.0335235611059981,-0.2107417994071469,0.0878419880378209,0.0076941991271028,0.0672999372703647,-0.0687664907651715,0.4256266341323679,-0.0016492578339747,-0.045645330535152,-0.012486427795874,-0.0771182141045154,-0.0426315789473683,-0.0794534412955465,-0.0840886203423967,-0.0854700854700853,-0.0135574837310195,0.0551044083526683,-0.0476439790575916,-0.1586493987049028,-0.1109481915933529,-0.1221042471042469,-0.1709206927985415,-0.1929902395740904,-0.183938986092418,-0.1632934682612694,-0.2697711762344439,-0.2176344086021504,-0.236035279294414,-0.2189781021897809,-0.1854008060904611,-0.1813681368136812,-0.1391386654046378,-0.2049825174825174,-0.2721088435374148,-0.235393022278268,-0.2517482517482516,-0.2511321531494441,-0.1965547703180211,-0.1832061068702289,-0.1511899206719551,-0.1511899206719551,-0.1772953414744459,-0.1644464859898943,-0.2011418533157662,-0.1875837427422956,-0.1731818181818181,-0.1087702106810386,-0.1743077621425328,-0.1313276026743075,-0.1765504753282027,-0.1271593090211131,-0.1271593090211131,-0.1021717670286278,-0.1362773029439694,-0.0932203389830507,-0.1087702106810386
FVVB-L,30.0,-0.3473749293732601,1.2553599565316465e-06,0.1362086815420942,0.0365725775999513,-1.4463595681841974,0.478196120014272,-303.4081,0.7950290644210334,-8.291406971949089,-0.0119841048070067,-0.5746995540450572,1.0,0.1696740480012186,-0.4084542012575001,-1.0254379122077588e-06,-0.1008347507030888,8.418875933903653e-10,0.1669303797468352,0.0721156155784261,5.521380079250506e-07,-0.1471619145685458,3.0,0.2442756812938833,7.826665445398388,-16.05719591291644,12.24229360886613,11.313567376716538,-0.1623774342457798,-0.2337950065192462,12.079256352127654,1.6536866802719628,-0.1477272727272727,-0.1155778894472361,-0.2380952380952381,-0.2786885245901639,-0.2727272727272727,-0.2845528455284553,-0.2605042016806722,-0.224669603524229,-0.1456310679611651,-0.0537634408602151,-0.1538461538461538,-0.1775700934579439,-0.1926605504587156,-0.1963470319634702,-0.0588235294117647,0.0352941176470589,-0.0167597765363128,-0.0056497175141243,-0.1330049261083743,-0.0927835051546391,-0.1330049261083743,-0.1963470319634702,-0.2280701754385964,-0.2542372881355932,-0.1851851851851852,-0.1287128712871287,-0.0833333333333332,-0.0638297872340425,0.0057142857142857,-0.1926605504587156,-0.1020408163265306,-0.2142857142857143,-0.1155778894472361,0.0476190476190476,0.2571428571428573,0.1139240506329113,0.2054794520547944,0.1655629139072847,0.2307692307692308,0.2137931034482758,0.0864197530864196,0.0602409638554217,0.0232558139534884,-0.0276243093922652,0.1139240506329113,-0.0974358974358974,-0.1065989847715735,-0.0112359550561798,0.0999999999999998
FVVT-L,30.0,0.1713534077014554,0.0014187578947368,153.93763459163753,0.0401158668135117,0.4469362826922851,0.9563884941326262,-4.786000000000001,0.1371953496381588,-0.0230316283197725,-0.0008523809909917,0.0011551697858924,1.0,2.7119551626237515,0.0435738661329381,0.0001137684210526,-0.0150295466017657,3.999437954335524e-09,0.0288065843621399,0.0042470646366179,0.0015258026315789,0.3218513967321051,4.0,0.0001068380400143,0.1188859530360679,-0.0135021561546101,0.1059009722791896,0.0261661669768889,0.0109246934356212,0.0226736507842293,0.0513058317813581,0.3636182823525462,0.0,0.0,0.0,0.0,0.0,0.0,0.0,0.0,0.0,0.0,0.0,0.0,0.0,0.0,0.0,0.0,0.0,0.0,0.0,0.0,0.0,0.0,-0.0952380952380952,-0.0952380952380952,0.0,0.0,0.0,0.0,0.0,0.0,0.0,0.0555555555555555,0.0555555555555555,0.0555555555555555,0.0555555555555555,0.0555555555555555,0.0555555555555555,0.0555555555555555,0.0555555555555555,0.0,0.0,0.0,0.0,0.0,0.0,0.0,0.0,0.0,0.0
FVWA-L,30.0,0.0427148004669023,5.620711325189458e-07,0.0609856698829212,0.0881801997058596,0.0913653268808531,0.345252507743275,7.699999999999996,0.39987065654473,0.0207583198321727,0.0002875847952227,0.2723985536359979,1.0,0.0430798496728993,0.0850781871190033,7.623106896217507e-08,0.016066119535236,1.5631794281795644e-08,0.0839598997493734,0.0654001657841761,1.553006383310011e-06,0.0278503441539264,4.0,0.8191413778021314,-0.0255499494055092,0.0153708242889878,-0.1297281880626749,-0.0410141736718349,0.0086772830679233,0.0334335086401202,0.0252013894021137,0.3052730927111682,-0.0375,-0.0476190476190475,0.0155148095909731,-0.0463576158940396,-0.0177353342428376,-0.0920554854981083,-0.0476190476190475,0.0344827586206897,0.119751166407465,0.166936790923825,0.0183875530410184,-0.0804597701149425,-0.0721649484536082,-0.0839694656488549,-0.0977443609022556,-0.1055900621118013,-0.1044776119402983,-0.1377245508982035,-0.2139737991266375,-0.1598599766627771,-0.1799544419134395,-0.1685912240184757,-0.0874524714828897,-0.1293833131801692,-0.0909090909090908,-0.1165644171779141,-0.1982182628062361,-0.1780821917808218,-0.1991101223581757,-0.234856535600425,-0.1588785046728972,-0.1133004926108373,-0.096612296110414,-0.111111111111111,-0.1964285714285715,-0.1637630662020904,-0.1799544419134395,-0.1154791154791154,-0.0792838874680307,-0.0348525469168901,-0.1154791154791154,-0.1176470588235294,-0.1529411764705882,-0.150943396226415,-0.1208791208791207,-0.1438763376932224,-0.1685912240184757,-0.217391304347826,-0.2035398230088494
FVWF-L,30.0,-0.0213113536793643,1.807574342959292e-06,0.1961248777793046,0.0197454308093994,0.1302022178734507,0.1712073440599382,-315.5,0.2784311777052208,0.0950816742467537,-0.0006311724957303,0.2921376885101778,1.0,0.12,0.0033618913349962,9.631800162980229e-08,-0.0394791158479378,8.107027518313306e-09,0.0584615384615383,-0.0792158609935397,7.177937890220965e-07,-0.0794287146078677,2.0,1.4390695086727985,4.999999999999998,-0.921153846153846,1.921153846153846,0.921153846153846,-0.0096982758620689,-0.0134581302614089,0.921153846153846,-0.0201260042223768,-0.0430879712746858,-0.0716666666666666,-0.0987055016181228,-0.1144674085850555,-0.1509146341463413,-0.1573373676248108,-0.1820851688693097,-0.1723625557206538,-0.1323987538940809,-0.1116427432216904,-0.156060606060606,-0.195086705202312,-0.1158730158730158,-0.0607082630691399,-0.0778145695364238,-0.0793388429752065,-0.0883797054009819,-0.0778145695364238,-0.1296874999999999,-0.1509146341463413,-0.0778145695364238,-0.1045016077170417,-0.0478632478632478,-0.1158730158730158,-0.039655172413793,-0.042955326460481,-0.1144674085850555,-0.1735905044510385,-0.1711309523809523,-0.0838815789473683,-0.2390710382513661,-0.2253129346314325,-0.1997126436781608,-0.1808823529411763,-0.2553475935828877,-0.2913486005089059,-0.3416075650118203,-0.3612385321100917,-0.327294685990338,-0.3072139303482586,-0.3400473933649288,-0.3106435643564356,-0.3612385321100917,-0.3223844282238443,-0.3353221957040573,-0.3408284023668638,-0.33611442193087,-0.283140283140283,-0.2784974093264248
FVXW-L,17.0,0.0362692078149053,1.741926687124331e-07,0.0189001995930887,0.2698750005811176,0.3754964300128125,2.021082303365512,28.8095,-0.7182812789930239,-0.0088860315316901,-0.0055485317702325,0.0014404980701005,1.0,0.659321570770552,0.0932857329421137,3.457830370446385e-08,0.0113840007809198,2.716360671525887e-08,-0.1508158280410356,-0.0412474014625243,1.1483988724404875e-07,-0.0396957062799164,4.0,1.2079745076280204,0.1153413000811416,-0.042628560809922,0.1156703129911599,0.042134058884467,0.0575584634281806,0.1140864433292122,0.0294725126373016,0.188117199186356,-0.1023508137432187,-0.0550239234449762,-0.2006360219716682,-0.2805100182149362,-0.1659125188536953,-0.1674194519722975,-0.1100740263920181,0.0157972079353416,0.0614203454894433,-0.0110872675250358,-0.0737018425460637,0.1020326823435631,0.1002785515320334,0.0124496521420724,0.0094925155166118,0.01841620626151,0.0087559284932505,-0.0014445648248465,-0.03959708232025,0.0847391133777952,0.0902996845425867,0.1760952786048488,0.2196735774150857,0.3824999999999998,0.4393545028630921,0.3776781265570501,0.6390041493775931,0.7078443483631869,0.8107400130975768,1.2589869281045751,1.5938086303939962,1.46875,1.4709562109025915,1.638358778625954,1.734915924826904,1.8014184397163122,1.7957532861476238,1.8742203742203745,1.9383634431455892,2.2076566125290022,2.0251641137855576,1.807106598984772,1.608490566037736,2.1278280542986425,2.170871559633027,1.8534571723426208,1.81855249745158,2.2263710618436403,1.9924242424242424
FVYE-L,30.0,0.0464667111965942,5.879810969307297e-07,0.0637969449064468,0.0257283246637043,0.0744158599182992,0.2034146596859719,-40.2,-0.0414987045981619,-0.0391316870826175,-0.0010864229323762,0.3356612832824078,1.0,0.034919605208285,0.0458250637935923,7.065576501122938e-08,-0.0160600245383332,2.4475413559909393e-08,-0.0087133852428623,0.0550534761510046,2.003029169069048e-06,0.0466552137019106,4.0,1.4110208909596411,-0.0042314278026574,0.004194067314005,0.2686619718309858,0.070867854183927,0.005854782763892,0.0254606195586151,0.0186619718309858,0.3614233438270646,-0.0199733688415445,0.0162381596752367,0.0652482269503547,0.0330123796423658,0.0652482269503547,-0.0157273918741809,-0.0384122919334186,-0.005298013245033,0.0503496503496503,0.1142433234421365,0.0162381596752367,-0.0951807228915663,-0.0682382133995037,-0.0852618757612668,-0.1247086247086247,-0.1710816777041943,-0.1590145576707726,-0.1347926267281105,-0.2651663405088063,-0.228952772073922,-0.2444668008048289,-0.228952772073922,-0.1683277962347729,-0.1664816870144284,-0.1387614678899084,-0.1872294372294373,-0.249,-0.2241735537190082,-0.2593688362919133,-0.270873786407767,-0.2136125654450262,-0.2010638297872341,-0.1664816870144284,-0.194206008583691,-0.2233712512926576,-0.1976495726495726,-0.2305327868852459,-0.2367886178861789,-0.1872294372294373,-0.0929951690821255,-0.1523702031602708,-0.1580717488789238,-0.24749498997996,-0.2160751565762004,-0.2010638297872341,-0.2052910052910053,-0.2497502497502497,-0.1801310043668123,-0.1729074889867842
FVYM-L,17.0,-0.1183829983045638,7.629485574087216e-07,0.0827812107183976,0.1180083696767116,0.0748442206863067,0.7864031572534055,105.7831,0.2043637149852366,0.0103643292009193,0.0013812076018177,0.5969848841109702,1.0,0.0926011580262282,-0.1146755328728473,7.608320782227738e-08,-0.0309396722499489,3.696661380734224e-07,0.0429097678005053,0.0465562937955622,2.653960691522234e-06,-0.1216540501117384,3.0,1.0889146607502205,-0.046594353921219,-0.0159623705505426,-0.0794177244271461,0.0639239660474443,0.0066441564426481,0.033588047427157,0.0476910868521784,0.6872407642011472,-0.0759562841530054,0.1035730438715514,0.0590277777777776,0.073471183457985,0.1199510403916768,0.1695158971081642,0.2942008486562941,0.1929595827900914,0.3515509601181685,0.2220367278797996,0.1523929471032745,0.211519364448858,0.222444889779559,0.171387421987518,0.2267471091000503,0.0992641537768432,0.1352357320099255,0.0834813499111901,-0.0061099796334012,0.1538461538461539,0.1432141183820083,0.2027604337824515,0.1916001953442943,0.2350261515100387,0.3720712277413309,0.1715749039692702,0.2461695607763023,0.3513014583717926,0.3508027311312052,0.327770723743878,0.3900493733383974,0.331877729257642,0.3728432108027006,0.3316354375113699,0.3605947955390336,0.2542837559972584,0.3146551724137931,0.3115929044974019,0.5634344297308842,0.5352348993288591,0.406069919323857,0.5040065748921307,0.4678163224383398,0.4625374625374627,0.4049904030710172,0.4472123368920522,0.5152142413578968,0.6777446710978685,0.5368465252991812
FVZE-L^A22,32.0,0.3149594766136122,8.56367209460711e-07,0.0929172926933211,0.1631686984206778,0.7125622991289766,0.799718649077609,127.45,-0.9473754334822508,0.4603889101361565,-0.001584852149977,0.0005199757344657,1.0,0.757271815446339,0.8298832856199075,3.5524372958795e-07,-0.0059896657175998,1.6527734625463272e-08,-0.198918187964841,-0.0235328581193242,5.245178305012682e-07,-0.0984056687333924,4.0,0.5456160958273937,-0.2441915117332674,-0.0091224568090209,-0.2723649723939073,-0.0117946134421346,0.0087996138566071,0.0142607858475239,-0.0881544460781179,0.008875312905434,-0.0901898734177215,-0.0919540229885057,-0.1048158640226628,-0.1706036745406823,-0.1470985155195681,-0.1436314363143631,-0.0678466076696164,-0.0650887573964495,-0.0216718266253869,-0.0524737631184407,-0.0047244094488188,0.0604026845637584,0.1225577264653641,-0.0705882352941176,-0.0047244094488188,0.0128205128205127,-0.0186335403726708,-0.0481927710843372,-0.0867052023121386,-0.1173184357541898,-0.11484593837535,-0.1246537396121882,-0.1022727272727271,-0.1866151866151865,-0.1959287531806616,-0.1618037135278514,-0.1528150134048257,-0.11484593837535,-0.1210013908205841,0.0210016155088852,-0.0760233918128654,-0.0945558739255014,-0.0678466076696164,-0.0595238095238094,-0.0623145400593472,-0.097142857142857,-0.1048158640226628,-0.1727748691099475,-0.1550802139037433,-0.2158808933002481,-0.2129514321295141,-0.3319238900634249,-0.3497942386831275,-0.2882882882882883,-0.2768878718535469,-0.2529550827423168,-0.2685185185185185,-0.233009708737864,-0.2376357056694812
FWAN-L,20.0,0.0290988952953829,9.511439606889775e-07,0.103200730729143,0.1129590823100426,0.0082924702569984,0.866711064110253,-264.2435,0.0415208187251843,-0.100904448383185,-0.0046543162870299,-0.1093274746495329,1.0,0.1347629289643897,0.1514806028258152,-6.752496294734216e-08,-0.1042530690986796,1.3810507813266248e-07,0.0087180284940173,-0.0289532428716376,1.28318107596278e-06,-0.0429766314811777,3.0,0.8542813422553583,0.1505862376492324,-0.0279102351763746,-0.0341298048251912,-0.0112419434501029,-0.0258933152969319,-0.0611187508958371,0.0101886692419578,1.6536866802719628,-0.1094260382641156,-0.0971139667158205,-0.2398013479957432,-0.2310728381772515,-0.2668491276086213,-0.2805103239885849,-0.334885164494103,-0.363433833358087,-0.3798292577051078,-0.4155188872221464,-0.4403969186577883,-0.3864872602347552,-0.3605848127704013,-0.3843723068083884,-0.3636228656273199,-0.3710931768158474,-0.3526657604591451,-0.3739409874379199,-0.3657886948801421,-0.3573249362723046,-0.3653191174292907,-0.3548095739876562,-0.3252518891687658,-0.3009297015168815,-0.2278868672311295,-0.2420866489832006,-0.2396664892673408,-0.2128558310376492,-0.2024562709341273,-0.1309813463098135,-0.1253061224489796,-0.1524619339529365,-0.1168349474551824,-0.035987404408457,-0.0108469882298638,-0.0907933814170556,-0.0538631346578366,-0.0338142470694319,0.0108490566037735,-0.0511401372592429,-0.112813082177603,-0.1353641315311681,-0.1316855753646677,-0.1463851822346146,-0.1358870967741936,-0.117562281243566,-0.120279146141215,-0.1091249220536271,-0.1115257048092869
FWBT-L,19.0,0.0498148492794858,8.319665244351786e-07,0.0902697770395366,0.0092822605412682,0.1347236484751921,0.3491670426498792,106.7345,-0.0742318376126628,0.0393835952034547,0.0043108447361841,0.0685188461490543,1.0,0.0365452394443384,0.0602495562944825,6.792999391487171e-08,-0.0135655737329622,4.874678122943746e-08,-0.0155862840700184,0.0152176739062888,9.03864492775117e-07,0.0429807639158928,4.0,1.610545085398474,-0.050149762773293,0.0186429309541548,-2.480304984219478,-0.0460292237528495,0.0129865466654802,0.0299129818376997,-0.0096169034331014,0.4838777957307534,0.032842234499693,0.0452358036573627,-0.154863813229572,0.0382409177820266,0.086724482988659,0.334152334152334,0.3352459016393443,0.4428697962798937,0.5784883720930232,0.6915887850467288,0.6413098236775816,0.8500851788756387,0.8756476683937822,0.7852054794520547,0.8479863868406126,0.980547112462006,1.1155844155844157,1.2345679012345676,1.2438016528925615,1.5295031055900616,1.4079822616407984,1.4079822616407984,1.5633359559402042,1.5334370139968896,1.830582102519548,1.37117903930131,1.5023041474654375,1.775127768313458,1.7355163727959697,2.076487252124646,2.418677859391396,2.4079497907949787,2.62,3.017262638717632,2.9300361881785286,2.7319587628865976,2.4919614147909965,2.522162162162162,2.68969422423556,2.545157780195865,2.327885597548519,2.4919614147909965,2.1177033492822965,1.8553900087642416,1.8908606921029285,1.6253021756647863,1.768054375531011,1.6925619834710743,1.57753164556962
FWBU-L,20.0,0.1846311515482906,9.419808750362892e-07,0.1022065204159048,0.1220205082696942,0.1673180341377909,1.0678817215390433,264.11099999999993,-0.0566570786050324,0.0307066147370242,0.0088360605365395,0.0345942793970132,1.0,0.1136619254240106,0.0742069199576716,1.1995321027900718e-07,-0.0437812741643525,3.4466118993322608e-06,-0.0118961533233654,0.0974041142928279,1.710678419797815e-06,0.2690086943894555,4.0,3.1919525784762164,-0.1192168524298186,0.0176037347229113,0.0897380319426843,0.0656231953968582,0.0176852570704906,0.0549250572928839,0.1475628948880082,1.42352322810443,-0.138136645962733,-0.0669911914696337,-0.0858505564387918,-0.0393794749403341,-0.057818352059925,-0.0448504983388704,-0.074074074074074,-0.1037630817189935,-0.0280125573532962,-0.0284817764904657,-0.1188704028021016,-0.1472457627118644,-0.1336633663366336,-0.1149956024626208,-0.0755627009646302,-0.094488188976378,-0.072794287030638,-0.004452139500371,0.0024906600249066,0.1293490460157127,0.2570268582136163,0.2843012125079771,0.4252832861189801,0.4019505398815743,0.5655387008945936,0.5643218033424018,0.8146979260595131,0.9249163079866092,0.999503229011426,0.8994808872109485,1.1007306889352817,0.938824662813102,1.0328282828282829,1.1139705882352944,1.2740112994350286,1.0919958419958422,1.0952628839146277,1.2934472934472931,1.443837279902854,1.4334945586457075,1.4159663865546217,1.3225620311598387,1.2091108671789246,0.8303774442928604,1.125131995776135,1.189880304678999,1.3265895953757223,1.3510514018691588,1.2176308539944904
FWDK-L,23.0,0.1908274263861295,5.488300910761174e-07,0.0595489944594396,0.08146067307869,0.1137504179289693,0.7193938174542098,-21.1133,0.1818986317712386,-0.0310751176092915,0.0033746549635601,0.0009005374467559,1.0,0.421043219076006,0.0745848408518434,1.1754746331811809e-07,-0.0399716825604638,1.5593772401787207e-08,0.0381928272007451,0.0654670390255679,1.1568055459287991e-06,0.2552491030762316,4.0,0.3004957371237081,-0.0977169668701753,-0.0639367848621451,-0.2403991801825721,-0.1241549388572439,0.0213980627756626,0.0624166435591593,-0.1128444485509586,0.4462513414610648,0.013192612137203,0.0181329751511081,0.0066401062416998,-0.0459408432976715,0.0813124108416547,0.1616858237547891,0.0455172413793103,0.0549756437021573,-0.0583850931677019,-0.0263326910725755,-0.0949253731343283,-0.1008303677342823,-0.1155192532088681,-0.2408612919379068,-0.3487972508591065,-0.3844904587900933,-0.427276161692482,-0.4442815249266862,-0.4648782209671726,-0.4434654919236417,-0.406885758998435,-0.4157996146435453,-0.3680700291788245,-0.3476764199655765,-0.292580494633691,-0.3622212873369793,-0.2801519468186134,-0.2050340849501835,-0.208768267223382,-0.1970338983050846,-0.2269250382457929,-0.2347299343765774,-0.1610403984504703,-0.1180919139034323,-0.2169421487603305,-0.252465483234714,-0.2327935222672065,-0.1805405405405405,-0.1381466742467311,-0.0845410628019323,-0.1056047197640117,-0.1347031963470319,-0.1787648970747563,-0.2181536874677668,-0.3289065958388667,-0.3428695275249241,-0.3096539162112932,-0.2487611496531219,-0.2491332342743932
FWFK-L,20.0,-0.0044028250299745,8.911421534427982e-07,0.0966904330152307,0.1058174911355846,0.0605626323045541,0.5486773210261322,-99.917,-0.1030349229347691,-0.0217164295551259,0.009079466604236,0.1984886059757999,1.0,0.4604263921233558,-0.1109567838930355,2.2717172112578626e-08,-0.0216739516820637,3.4750488809770496e-06,-0.0216340000415107,0.0007946826180346,2.627393780408737e-06,0.1252317382949631,4.0,2.617106580335623,0.4423755498870302,-0.0918755532277285,0.30188262474271,0.1086274942699346,0.001227820409104,0.0076687683786383,0.2715579196813236,3.553247840307925,-0.0835734870317003,0.0579268292682928,0.0451807228915663,-0.0085714285714285,-0.0057306590257879,-0.0028735632183907,-0.0721925133689839,-0.0493150684931505,-0.0892388451443568,-0.1368159203980098,-0.1368159203980098,-0.1389578163771712,-0.1010362694300517,-0.0519125683060108,-0.0721925133689839,-0.0440771349862257,-0.0225352112676054,-0.0307262569832401,-0.033426183844011,0.0981012658227848,0.1229773462783172,0.1566666666666667,0.1015873015873016,0.2090592334494774,0.3193916349809886,0.294776119402985,0.2899628252788104,0.2664233576642336,0.2851851851851852,0.35546875,0.376984126984127,0.2804428044280445,0.2899628252788104,0.2527075812274368,0.2348754448398577,0.0911949685534592,0.1490066225165562,0.0709876543209877,0.0676923076923077,0.0116618075801748,-0.0280112044817926,0.0175953079178885,-0.0697050938337801,-0.0795755968169761,-0.0225352112676054,-0.0414364640883977,0.2048611111111111,0.160535117056856,0.1015873015873016
FWFU-L,20.0,0.3011434149652611,4.879785016588624e-07,0.0529464939406522,0.3419522794158604,0.2244660929849928,0.6469293870506477,128.8797,0.1527724440502509,-0.0018922539994955,-0.0007684224854214,0.0184919763858782,1.0,0.219784949418785,-0.0330158619157709,4.072324276840821e-08,-0.0259369611939568,7.544948668274286e-07,0.0320772701797162,-0.0152921674793167,3.642078646647851e-07,1.420118834246749,3.0,7.399726358596519,0.0607733880523443,0.0167222952905722,0.1014970664881892,0.0179252633887785,0.0093034184524487,0.0166009296305095,0.0583379295474366,0.5850881745718176,-0.0488587059045462,-0.0686929023190443,-0.1636162827390345,-0.2187177597641856,-0.2066746483088894,-0.1675565326633166,-0.2350649350649351,-0.240979381443299,-0.1601711026615969,-0.1714598311972491,-0.2204411764705882,-0.2132680320569902,-0.1835823194209149,-0.2334056399132321,-0.2257923178034175,-0.2326288361320209,-0.1769911504424778,-0.1701628052598622,-0.1840849622902878,-0.1816918802099414,-0.1682096343951044,-0.1242359160746737,-0.1295566502463054,-0.0111919418019026,0.0420680165126794,-0.0069314349943799,0.1169405815423514,0.209169708029197,0.1528925619834711,0.2061433447098974,0.2954545454545454,0.1556572923479398,0.1671070013210038,0.1787858572381586,0.1730471343217525,0.0763451776649746,0.0602,-0.0465827338129497,0.0323271665043816,0.0822784810126582,0.0159064775776158,0.022964106522578,-0.0582696748978504,-0.105014350835725,-0.0324876802336192,-0.0860344827586206,-0.0452089337175793,-0.0769632596204075,-0.1083263246425568
FWGH-L,30.0,0.0333690274452348,3.2722045935334967e-06,0.3550397406753241,0.0512749856901465,0.2153209895261037,1.3784748651351468,31.3703,-0.3070567554152504,0.0098047558735548,-0.0002997520774688,-0.007159382116397,1.0,0.157224567283774,0.0913295702645554,1.953842675739806e-07,-0.0310970200569522,3.5561345177820894e-07,-0.0644719835778909,0.0639063431050156,1.81521828118138e-06,-0.0572175687364519,5.0,0.45088212606276,0.0038798152616951,0.0562183862049313,-0.098866017031186,0.0197466470458451,0.0075769440361669,0.0121616737053893,0.1087947273873046,0.3909392872926615,-0.0555555555555554,-0.0714285714285715,-0.2451612903225807,-0.1521739130434782,-0.2121212121212122,-0.1702127659574468,-0.28,-0.2909090909090909,-0.2822085889570552,-0.3500000000000001,-0.3463687150837989,-0.2972972972972973,-0.1731448763250884,-0.2451612903225807,-0.2225913621262458,-0.2641509433962264,-0.2500000000000001,-0.2013651877133107,-0.0930232558139535,-0.1552346570397113,-0.1169811320754716,-0.158273381294964,-0.1428571428571429,-0.0677290836653385,-0.0823529411764706,0.0636363636363634,0.2061855670103092,0.2786885245901638,0.2857142857142856,0.471698113207547,0.5294117647058822,-0.040983606557377,0.0883720930232558,0.352601156069364,0.625,0.5394736842105261,0.2124352331606216,0.1304347826086955,0.1584158415841583,-0.0330578512396694,-0.1102661596958175,-0.2327868852459016,-0.2571428571428571,-0.3157894736842105,-0.22,-0.3275862068965517,-0.1612903225806452,-0.28,-0.4306569343065693
FWGS-L,17.0,0.022019219733968,4.97684882806597e-07,0.0539996527353064,0.1168514250584396,0.2321029209800843,1.024035229323901,-0.0060000000000002,0.1737587561546023,0.0019124751905762,-0.0035480008566316,0.2195632276584977,1.0,0.1373328728447508,0.0606023389921589,5.635016379670256e-08,-0.0243909291893716,7.244935675437414e-09,0.036483716693236,0.0158769530049654,3.6005415920680897e-07,-0.0272627250442434,5.0,0.4390739799633011,-0.0043396057625821,0.0729764569302104,0.0567963073790877,-0.0680524224511213,-0.0276902902512992,-0.051507839851993,0.0001248579198417,0.6369584611472797,-0.0910068764165802,-0.0117687255609126,-0.1229742933189582,-0.1498971294209855,-0.1277351472707167,-0.0342793544796884,-0.0963968342127186,-0.0111680911680911,-0.0557872973267075,-0.1138382978723404,-0.1121154239716215,-0.0977435790787147,-0.1169945725915875,-0.185334710355835,-0.2085917548340022,-0.1942363647619637,-0.151006164182512,-0.1293106331738971,-0.1773536011124104,-0.0557872973267075,0.0370503167204494,0.0444569273361954,0.0647061229498138,0.0950277637556789,0.1131018558111689,-0.0321968992824479,-0.0068294544067151,0.0781560636182903,0.0739747503919465,0.0361009393408693,0.1156780387450711,0.0846249999999999,0.1472960465423773,0.1907506518457526,0.3305561234921286,0.2856719514002075,0.2645001457301077,0.2403983608119697,0.1944113058639993,0.2083275309845424,0.2427671154397019,0.2600929422015683,0.3142323421012774,0.3087481146304676,0.3193613786112519,0.3228478503912999,0.2727228279470004,0.230605587859878,0.1950693232944633
FWHN-L,22.0,0.013544409608791,1.0402133522002809e-06,0.112864910568868,0.1625809829864815,0.0249054843917882,2.6529941182569003,10.791700000000002,0.1440871411598106,0.0010899018655524,0.0060674353195439,0.0040660907550445,1.0,0.2409335586330111,-0.1342513391146263,3.3920433961948985e-08,-0.0082871496572863,3.405523092298514e-07,0.0302536375924305,-0.0007974621003407,5.483496195318954e-06,0.0473834339467627,2.0,0.1770079178363625,0.140472814071882,0.0059008481057279,0.1405104083550596,0.0528883078577301,-0.0022612559768842,-0.0141996586155525,0.1046090397740257,6.2692207074876,-0.0766129032258063,-0.0676691729323308,-0.1593220338983051,-0.2101910828025478,-0.207667731629393,-0.2,-0.3033707865168539,-0.2873563218390804,-0.253012048192771,-0.2126984126984127,-0.2769679300291545,-0.2705882352941177,-0.3830845771144278,-0.4259259259259259,-0.4219114219114219,-0.4620390455531453,-0.450110864745011,-0.4137115839243499,-0.4081145584725537,-0.4324942791762014,-0.4232558139534883,-0.4178403755868544,-0.3439153439153438,-0.3351206434316354,-0.2811594202898551,-0.3473684210526315,-0.3130193905817174,-0.2684365781710914,-0.1733333333333333,-0.0981818181818181,-0.2415902140672783,-0.2619047619047618,-0.2462006079027355,-0.2298136645962734,-0.3490813648293963,-0.3421750663129973,-0.2832369942196532,-0.3242506811989101,-0.2101910828025478,-0.2853025936599423,-0.1705685618729098,-0.0981818181818181,-0.0424710424710423,-0.1046931407942238,-0.1815181518151815,-0.207667731629393,0.2783505154639176,0.2588832487309644,0.3701657458563536
FWII-L,20.0,0.0350015308169489,9.191564558943164e-07,0.0997300322802775,0.0477673914616548,0.1886355874411135,1.4145620534061472,-18.1888,0.1457869951491393,0.0002931661048191,0.0108354936024287,0.0259959235996971,1.0,0.118337210707062,0.0392427234631628,6.952753462901568e-08,-0.0139810220109372,7.16057610380729e-08,0.0306105519300962,0.0499906082394705,8.553041503998022e-07,0.043987862067117,5.0,0.532652698246264,-0.0503488482389303,0.0477796269803008,0.0327567806687691,-0.0057511958800415,0.0029755277721616,0.0058690394437099,0.0721722952723208,0.5466871444081954,-0.0892655367231637,-0.00561797752809,-0.0866873065015479,-0.1782729805013927,-0.0549919914575547,-0.0478752017213556,-0.0747516989022477,-0.0442764578833693,-0.0028169014084507,-0.0732984293193718,-0.0960163432073544,-0.0089585666293393,0.063063063063063,-0.0885684860968075,-0.0285400658616904,0.0491997628927087,-0.0139275766016713,0.001131221719457,-0.0499194847020934,-0.0343698854337152,0.0617876424715055,0.0669077757685352,0.1368015414258188,0.2464788732394367,0.2679083094555872,0.3449848024316109,0.3358490566037735,0.4603960396039603,0.524547803617571,0.5974729241877255,0.4228295819935692,0.3111111111111111,0.2651894210150107,0.3584036838066002,0.6729678638941399,0.4069952305246422,0.4961961115807269,0.5167095115681233,0.5012722646310432,0.551270815074496,0.6761363636363635,0.6857142857142857,0.6986564299424183,0.6511194029850744,0.6480446927374302,0.7035611164581326,0.891025641025641,1.0068027210884352,0.9977426636568848
FWIU-L,18.0,0.0304055848944331,1.2007002876959368e-06,0.1302780148939328,0.0693957909029192,0.1620354725179974,0.8973913734673292,-4.594200000000001,0.4567171689293336,0.002365504612156,0.0013772331095076,0.2819900825010716,1.0,0.0991008707262522,0.0561338898513125,7.988759376015292e-08,-0.0338055901016467,4.371728427958423e-08,0.095895828037172,0.0451851688811236,1.0793659388728532e-06,0.0110201337923222,4.0,0.477682998402584,-0.0574975417829273,-0.0321057833383113,-0.0899565666275756,-0.0050040244058782,0.0096113801631211,0.0202562683253451,0.0195388631925353,0.7295394515594585,-0.0212105535437142,-0.0843202273803884,-0.1628410567345172,-0.1763953983809117,-0.2115031613297981,-0.2010746021905353,-0.2602372751626484,-0.2836761163609413,-0.2831448173558317,-0.3369919396329961,-0.3411724608043627,-0.3447457627118644,-0.3537278502173187,-0.339484025286178,-0.3187665198237885,-0.2726246472248353,-0.3072925998924924,-0.2932358318098721,-0.3364229316855476,-0.2996376811594203,-0.3117322414100054,-0.272350837568229,-0.1990884607416616,-0.2132682132682133,-0.1551573426573427,-0.2496118012422361,-0.2341521394611727,-0.2051809210526316,-0.138399821707154,-0.117150034254396,-0.1399332591768632,-0.189517819706499,-0.1591996520226185,-0.0799619228938601,0.014431907635791,-0.0498894077168837,-0.0556912554958476,-0.0806183115338882,-0.0598249027237354,-0.1081891580161477,-0.1847321805145508,-0.1501428885469334,-0.1555264307557886,-0.1857624262847514,-0.2020639834881322,-0.162478336221837,-0.1721627408993576,-0.1641081081081081,-0.1840439003799072
FWIX-L,18.0,-0.0299697715270355,1.7010497696989802e-06,0.1845667811552026,0.1145841465832969,0.3234651712507492,0.5014620512236945,-180.8994,0.1326353973269766,0.6277172628903646,-0.0076157337556738,0.0039039355734555,1.0,2.27431249764231,2.540912984824893,5.196464615805344e-07,-0.1637679374821704,7.123540049344346e-09,0.0278491419175829,-0.1879020179568747,2.3173481001068373e-06,-0.3685068015986534,4.0,0.2115789791619989,0.6481030954396715,0.411237812812495,0.0513104281374092,-0.0228108310578601,-0.0717455451215052,-0.1290434728423919,-0.0402141312655282,0.0245531401901344,-0.1587301587301587,-0.3076923076923077,-0.4246575342465754,-0.4193548387096774,-0.3853658536585365,-0.3297872340425531,-0.3604060913705583,-0.2758620689655172,-0.1126760563380281,0.024390243902439,-0.5,-0.6337209302325582,-0.6170212765957447,-0.64,-0.6834170854271358,-0.72,-0.6123076923076923,-0.6480446927374302,-0.6926829268292682,-0.772972972972973,-0.7797202797202797,-0.835509138381201,-0.8394904458598726,-0.8926746166950597,-0.8923076923076922,-0.94109396914446,-0.9394812680115274,-0.9316332067281606,-0.9265734265734266,1.2909090909090906,1.3773584905660377,0.96875,1.3773584905660377,1.625,1.25,-0.3636363636363636,-0.4272727272727273,-0.5384615384615384,-0.4568965517241379,-0.5841584158415841,-0.6074766355140186,-0.6528925619834711,-0.7129840546697038,-0.7307692307692307,-0.6727272727272727,-0.7260869565217392,-0.6888888888888889,-0.6684210526315789,-0.7927631578947368
FWKY-L,25.0,-0.1589981954675397,1.7206599559111832e-06,0.1866945195738621,0.0084298606483349,-0.7983006253266296,-0.4833048959026901,-1571.9275,0.4329671423645779,0.0234409373785443,-0.0013931353474128,-0.0002846009442556,1.0,0.0909184514003295,-0.1320804212265311,-1.6834343549219865e-07,0.0014201036484539,4.244131476295132e-09,0.0909090909090907,-0.0014769185981305,1.636548873934012e-07,-0.3657990880662784,1.0,1.22827435549023,0.0914241563450408,1.5078904785791625,-0.5078904785791625,-1.5078904785791625,-0.1606490183498363,-0.1732440232517673,-1.5078904785791625,1.6536866802719628,-0.0355239786856128,0.0279975654290931,-0.0337528604118992,-0.0093841642228739,0.0107719928186713,0.1155878467635402,0.011983223487118,0.0510267579340386,-0.014585764294049,-0.0668508287292818,-0.1588645418326691,-0.1203124999999999,-0.0938841201716738,-0.1789013125911521,-0.1571856287425149,-0.1360613810741687,-0.1474003028773346,-0.1452429149797571,-0.1373850868232889,-0.1253236664940444,-0.0785597381342061,-0.0265129682997118,0.0223970944309928,0.055625,0.1568493150684933,0.0960415314730693,0.0751113940165499,0.1552667578659372,0.2328467153284672,0.268018018018018,0.3082881487219211,0.2538975501113585,0.2952453987730064,0.3844262295081968,0.4028239202657808,0.3236677115987461,0.3164458300857367,0.3082881487219211,0.3698296836982968,0.4028239202657808,0.3205629397967162,0.3236677115987461,0.2474150664697194,0.1987224982256921,0.2661169415292355,0.2844106463878326,0.3866995073891626,0.4217171717171717,0.3993371996685999
FWLN-L,30.0,0.1345791588226096,4.578148168090384e-07,0.0496736830448857,0.0180951293907658,0.1383765937662874,1.6513481606646907,-3.430399999999999,-0.1181172846019853,0.0015899509292374,-0.0011837962644499,0.0059944459282758,1.0,0.2416811636750263,0.0711475994573505,7.141536656243886e-08,0.0296136122265724,1.2366388067142221e-08,-0.0248008079901245,0.0021714444834383,6.50552429738584e-07,0.1845136050850258,3.0,0.2954429051518689,-0.037054454868971,0.0012837043759867,1.079071920916535,0.0952733961947722,0.0188294131846123,0.0425815277261681,0.0790719209165349,0.4922153499122506,-0.1317401960784313,-0.0156815440289503,-0.0821147356580428,-0.0810810810810811,-0.132837407013815,-0.0489510489510489,-0.0511627906976743,0.0779392338177014,0.060428849902534,-0.0180505415162455,-0.0256716417910447,-0.0018348623853211,0.0522243713733074,0.0542635658914729,-0.0790067720090292,-0.04,-0.0209958008398321,0.0251256281407035,0.0187265917602996,0.0,-0.0239234449760764,-0.0115081768625076,0.0434782608695651,0.1064406779661018,0.2151898734177215,0.098250336473755,0.075807514831905,0.0953020134228188,0.2298417483044461,0.275996872556685,0.388936170212766,0.3924914675767916,0.2612055641421948,0.3865760407816483,0.4702702702702703,0.4093264248704664,0.5647171620325984,0.7142857142857144,0.7993384785005513,0.8503401360544218,0.8113207547169812,0.8503401360544218,0.8214285714285714,0.7739130434782611,0.728813559322034,0.6721311475409837,0.6287425149700601,0.6078817733990147,0.6190476190476191
FWMB-L,8.0,0.1357566182625472,3.785828121594262e-07,0.0410768763416692,0.0407472056025614,0.2020102395314671,0.6139817818253391,-36.83849999999998,0.5133849518097887,0.000603699116003,0.0088971658944345,0.066228650713329,1.0,0.2894325404367962,0.165638034536691,5.2092335840122063e-08,0.0712149198191134,9.270894658718589e-08,0.107794228912031,0.025989402842076,3.114764647802069e-07,0.1013043461408634,4.0,3.539306503779472,-0.2263455668763663,0.0079882538776574,-0.0527367262322827,0.0073354483105766,0.0227410141481387,0.0427683708342388,0.1036912386823811,0.3719662256577505,-0.096211365902293,0.0022483137646764,-0.1123893805309735,-0.1438326931284678,-0.1243998254037538,-0.053103611045551,-0.0533270410571025,-0.0479354532510679,-0.0454437306685701,-0.0422535211267606,-0.0381203548309758,0.0707232452628769,0.1107419712070874,0.0469728601252608,0.0799461641991925,0.0566236502501975,0.074450990894483,0.081693178754381,0.1662790697674419,0.1880367189813441,0.2553191489361701,0.2164948453608248,0.2785213511790949,0.3810671256454387,0.4820834872552639,0.412676056338028,0.1848789131718842,0.2962843295638124,0.3576988155668357,0.4499457896638956,0.4925595238095237,0.467446964155084,0.4766286345233712,0.6429156429156426,0.7767936226749337,0.588281868566904,0.6422431436758083,0.7174657534246576,0.93722839208112,0.9288461538461537,0.9532619279454722,0.6949725390790027,0.6709704289879215,0.6442622950819672,0.6744574290484138,0.7123346137430644,0.9059382422802847,1.0181086519114686,0.9647404505386872
FWOR-L,18.0,0.2258443983216522,1.6749614608948558e-06,0.1817361554630383,0.0335017256745785,0.1463522204586579,0.3660634800621749,-46.5015,0.3028637153486215,0.0074247517001784,-0.0026849032794132,0.1307274593399251,1.0,0.0751156047781839,0.3390751484949152,1.1126203113387881e-07,-0.0400546261684233,2.767941102634557e-08,0.0635915808329601,0.0562001517494156,1.6337079867693305e-06,0.1429906673917379,4.0,0.5729955459657257,-0.0310288675318573,-0.022890181371967,-0.0272217718029977,-0.1071023092929208,0.0076119161812039,0.0155525143947367,-0.0547945170407471,0.4942875317966912,-0.1134585289514866,-0.0602941176470588,-0.1388140161725067,-0.1288343558282209,-0.151394422310757,-0.0987306064880113,-0.1364864864864865,-0.1462925851703407,-0.0890947968638631,-0.0999999999999999,-0.1137309292649099,-0.1137309292649099,-0.0062208398133748,0.0812182741116751,0.0932420872540633,0.0766638584667227,0.1103388357949608,0.117132867132867,0.1380231522707034,0.2603550295857986,0.2492668621700877,0.2640949554896141,0.3243523316062175,0.3566878980891719,0.416851441241685,0.3452631578947367,0.3846153846153846,0.4522727272727271,0.4808806488991886,0.4964871194379392,0.5856079404466499,0.5623471882640587,0.5680981595092023,0.6575875486381322,0.661898569570871,0.6532988357050451,0.8127659574468085,0.7824267782426777,0.767634854771784,0.704,0.767634854771784,0.7799442896935933,0.70855614973262,0.7017310252996005,0.6727748691099475,0.7017310252996005,0.734056987788331,0.649032258064516,0.6156763590391907
FWPG-L,21.0,0.0422740437897036,7.699753574275902e-06,0.8354363042204537,0.0139600259820468,0.0849996628072439,0.2096592381413347,-13.145000000000003,0.7923454448848172,-0.0180124634935997,0.0039045948179153,0.8076041358339738,1.0,0.0165992894313143,0.0517448413016083,6.981260220403499e-07,0.0178766737493292,1.425944898299697e-09,0.1663669064748199,0.0822435693141806,1.1876050931275117e-05,0.0362243314985693,4.0,0.0426960891264424,-0.050389636683983,0.0279723628004975,0.0364811783230189,-0.1285074081713625,0.0086348807177326,0.0216597050549825,0.0384988139529696,0.3878328738354061,-0.0144927536231882,0.0,0.0,0.0222222222222221,-0.0142857142857143,-0.0281690140845071,-0.0675675675675676,-0.0675675675675676,-0.0547945205479452,-0.08,-0.1265822784810127,-0.1481481481481482,-0.1375,-0.1210191082802548,-0.1096774193548387,-0.1096774193548387,-0.1265822784810127,-0.1210191082802548,-0.1153846153846155,-0.0980392156862746,-0.0860927152317881,-0.0980392156862746,-0.0860927152317881,-0.0675675675675676,-0.0738255033557048,-0.08,-0.1038961038961039,-0.1096774193548387,-0.0921052631578948,-0.0675675675675676,-0.1038961038961039,-0.0980392156862746,-0.0921052631578948,-0.0860927152317881,-0.0612244897959184,-0.0416666666666667,-0.0416666666666667,-0.0281690140845071,-0.0212765957446808,-0.0416666666666667,-0.0416666666666667,-0.0547945205479452,-0.0921052631578948,-0.0675675675675676,-0.08,-0.08,-0.0675675675675676,-0.0281690140845071,-0.0281690140845071
FWPQ-L,20.0,0.1018123105326164,9.972647354067205e-07,0.1082049129028041,0.1067160726334959,0.114332412349912,2.572379454829951,0.1799999999999997,0.0022564871882012,0.0050433252729091,0.0005479195607173,-0.0019902769143832,1.0,0.1343668904900699,0.1478892942835583,1.699074496423374e-07,-0.0155016930190022,2.2801082067979625e-08,0.0004737892991303,0.0887502545595478,2.0465023636676627e-06,0.0793145443638757,4.0,0.0916067646061303,-0.0554536459571916,-0.0309583475888206,-0.1094789443586858,0.034711432905396,0.0080638331998044,0.0254721362491482,0.0840422131492278,0.5974817692397019,-0.0756646216768915,-0.0842696629213483,-0.199672667757774,-0.3627280625543005,-0.3391891891891891,-0.3965446318387494,-0.4029304029304029,-0.4810753448885745,-0.4224409448818897,-0.4453686200378072,-0.4560622914349277,-0.3957990115321252,-0.3412662775033678,-0.4067933683784877,-0.4169316375198728,-0.3754789272030651,-0.3063829787234042,-0.2815866797257591,-0.352603706972639,-0.2730426164519326,-0.2402900051786638,-0.2044468546637744,-0.1921806167400881,-0.1426066627703097,-0.0411764705882353,0.0152249134948097,0.0159279778393353,0.2358887952822241,0.3074866310160427,0.4368266405484817,0.4848178137651819,0.4326171875,0.4496047430830041,0.6651532349602722,0.5623003194888179,0.4065196548418024,0.5,0.5442105263157895,0.6372767857142856,0.1425233644859813,0.2286432160804019,0.1198473282442749,0.0723684210526316,0.0501073729420185,0.0661337209302326,0.1946254071661237,0.3028419182948489,0.2624784853700517,0.2044334975369457
FWQE-L,20.0,0.0037088231715223,4.4218939187114753e-07,0.0479782979736546,0.2372128428435926,0.0280365353389291,0.9500541049275713,21.142199999999995,0.1034236047621741,0.0020346204952642,0.0008093220817814,0.0085655412334502,1.0,0.3274435848252933,0.010213632349631,-2.5852205899752544e-08,-0.0575066975630957,4.613445246795998e-07,0.021715610649164,0.0001473190324171,2.253767920241276e-06,-0.0032166933354723,3.0,1.2338854891549755,0.0293280917196432,0.0067931308165911,0.0666238356173486,1.0193398876887023,-0.0045721332554544,-0.0303012033289307,0.0193398876887026,1.6536866802719628,-0.021463213290682,-0.0441858171417299,-0.1494646305072845,-0.1556155789840551,-0.1221125101911405,-0.0635810223209971,-0.0297356828193832,-0.1257555254848894,-0.1335717478766204,-0.2233531014585671,-0.2686589691344049,-0.245601743733458,-0.2229171678293641,-0.2372894695419487,-0.2046126066973079,-0.2129456671810281,-0.151103714085494,-0.1516981792717087,-0.1900543251149186,-0.1079712812960236,-0.0539828192112455,0.0591256830601092,0.0351420636616106,-0.005949328136219,0.0519973947025618,0.0293149229952203,0.0519973947025618,0.1193116193116192,0.2014629308207289,0.2368857689853223,0.2106183635227982,0.223920181864107,0.2726198292843071,0.4075526506899056,0.3963976945244956,0.1978986402966625,0.2262431987852713,0.2334224258622885,0.2501289989680082,0.1818292682926829,0.1224229789205466,0.2060983198506534,0.1750939735661452,0.1961244137250062,0.1884964434633307,0.2196073496098667,0.2810310641110376,0.3405726933185777,0.2874983393118109
FWQI-L,29.0,-0.0235985710686366,2.944239258930946e-07,0.0319454946381625,0.0644609736874364,0.0119850124884171,1.2789450776713596,-32.7238,0.1210812044257642,-0.0095623069809653,-0.006122976203384,-0.0530507962657005,1.0,0.1296180394191624,-0.019297884251715,-2.6240987116914266e-08,-0.0025502065287412,7.793097203363419e-06,0.025423135253195,-0.4435061955521411,3.2112676336842072e-06,-0.0230761631012815,4.0,2.385611232846446,1.6009105810135047,-0.0859509226135525,-0.0676197466948945,0.0696506346450356,-0.0021442337185048,-0.0258898070052874,-0.1521849727645272,1.6536866802719628,-0.1137841352405721,-0.0684433676559661,-0.165943600867679,-0.1374088614694334,-0.2196854388635211,-0.1558726673984631,-0.2386138613861386,-0.1943425877422734,-0.1717824448034464,-0.2068076328004126,-0.2948188904172397,-0.287633163501621,-0.2286860581745236,-0.2530354541039339,-0.2938475665748393,-0.3390631714654061,-0.321270962047661,-0.3260297984224364,-0.2389905987135081,-0.1668472372697724,-0.2224469160768453,-0.2486565705911089,-0.2449680903289151,-0.2002080083203328,-0.1426978818283166,-0.1866737176097302,-0.1708894878706199,-0.1369248035914702,-0.1073708647707486,-0.0357366771159873,0.0131752305665349,-0.0327044025157232,0.0039164490861618,0.2333600641539694,0.4454887218045114,0.1392592592592594,0.1032998565279772,0.1651515151515152,0.3247200689061156,0.1209912536443149,-0.0512029611351018,-0.0883224659158269,-0.1125216387766876,-0.1281179138321995,-0.1502762430939226,-0.1150747986191023,-0.1021599532983069,-0.0701330108827085,-0.0958259847148736
FWQS-L,31.0,-0.0112343014128728,5.858132214474658e-07,0.0635617267446866,0.014724042937209,0.0634737449509521,0.1074825189339908,-5.45,-1.3553694431286225,0.001047118389628,0.0010904608382325,-0.3284442116291251,1.0,0.2247678018575851,0.0447845804988662,7.866997954869656e-09,-0.4311403833345664,1.824081191620494e-08,-0.2845837290281734,-0.1052295918367346,1.010710575636234e-06,-0.0419554082554985,4.0,0.3538086715005656,0.5867692058463532,0.1621594427121006,0.1685772280245704,-0.1191380320946145,-0.0001240387000744,-0.0003391209983722,-0.3540112945639522,0.8686031047893138,-0.0326086956521739,-0.0416666666666666,-0.0264550264550263,0.0514285714285713,0.0337078651685394,-0.010752688172043,0.0,0.1572327044025157,0.3834586466165413,0.0697674418604652,-0.0466321243523315,-0.1999999999999999,-0.1320754716981131,-0.0416666666666666,0.0109890109890109,-0.1153846153846154,-0.1520737327188939,-0.2365145228215768,-0.2396694214876032,-0.1929824561403508,-0.2459016393442622,-0.2977099236641222,-0.2396694214876032,-0.2520325203252032,-0.352112676056338,-0.4285714285714286,-0.4540059347181009,-0.4757834757834757,-0.4390243902439024,-0.425,-0.4572271386430678,-0.4903047091412742,-0.5106382978723404,-0.5080213903743316,-0.5157894736842105,-0.480225988700565,-0.4441087613293051,-0.3986928104575163,-0.3405017921146953,-0.376271186440678,-0.4267912772585669,-0.4140127388535032,-0.4619883040935671,-0.4712643678160919,-0.419558359621451,-0.4523809523809523,-0.4025974025974026,-0.3566433566433565,-0.3720136518771331
FWRG-L,20.0,0.0929540854208569,5.888031065441948e-07,0.0638861343417817,0.1031200565324296,0.7920164266358981,2.0876896261392823,-1.0380000000000038,0.2950544948205607,0.0026568050707782,-0.0021675629281047,0.0296726447501359,1.0,0.1113242785940176,0.1274995466858378,1.1654658239594925e-07,-0.0017073783460648,4.319525259004175e-08,0.0619518971954502,0.0765676210918047,1.760339305262115e-07,-0.0084769029261655,4.0,0.6241112799079043,-0.010684102763231,-0.0155910234731411,-0.0831976632330125,0.0148324036095347,0.0372365302295432,0.0500324046057886,0.0505054370408496,0.5340027774391936,0.0123613312202852,-0.0820482979342448,-0.185386005680351,-0.2502376425855512,-0.2238622386223862,-0.1107666290868093,-0.1633518960487934,-0.1651230484255094,-0.1277301631186066,-0.1546087888531618,-0.1122678671918964,-0.1209250487601003,-0.1112676056338027,-0.1649020645844362,-0.1811575395795484,-0.156642608928094,-0.2012658227848101,-0.1477579686655862,-0.1657852987837123,-0.0886770652801848,-0.0649081209247184,-0.0920863309352517,-0.0604526503871351,0.0057379662097545,0.0720353380903839,-0.033986527862829,-0.0012662234884457,0.0086317135549871,0.0738597685500341,0.1431159420289853,0.2470355731225295,0.2372549019607843,0.1693847294292068,0.17548435171386,0.2604874151018777,0.1340762041696621,0.1715558856294097,0.1418747737965979,0.2238169123351434,0.258476266453929,0.2406606370428627,0.2645290581162325,0.2509912767644726,0.2475286674574932,0.2867047308319739,0.2460505529225909,0.2685967028548452,0.2701288244766506,0.2319406481843031
FWTO-L,18.0,0.022720244515719,1.4804805242238896e-06,0.1606346444333163,0.0533938294208857,0.0450259875193891,2.0604501088697216,12.752299999999998,-0.0328405410933172,0.0025851640193903,0.0090580036737688,0.0012594502170797,1.0,0.4119528598861138,0.0283315233933557,5.2764266187345616e-08,-0.0059554997839489,1.1710291213853144e-06,-0.0068954510484358,0.019116668490283,2.091348545284087e-06,0.0185170245657301,3.0,0.7213441042908053,-0.0568080459470083,0.0083598433076504,-0.081256092955116,-0.000235056834965,-0.0044044289107496,-0.0105277908604737,0.0162649346488456,1.7228193844786406,-0.0735455543358946,-0.0420609884332282,-0.2078260869565218,-0.2545008183306056,-0.238294314381271,-0.1556997219647822,-0.2015775635407537,-0.198768689533861,-0.2526661197703035,-0.2792721518987342,-0.2860501567398119,-0.3251851851851852,-0.3256846780162843,-0.3216679076693969,-0.2866092404072043,-0.2153316106804479,-0.235738255033557,-0.2792721518987342,-0.3369723435225619,-0.3483547925608011,-0.3584507042253521,-0.3082763857251329,-0.3478883321403007,-0.3145221971407073,-0.2653225806451613,-0.2029746281714786,-0.2420965058236273,-0.25814332247557,-0.188780053428317,-0.0430672268907563,-0.135673624288425,-0.1223506743737958,-0.0598555211558308,0.0247469066366703,0.1109756097560976,0.0099778270509978,0.0044101433296581,0.0190156599552573,0.0962695547533092,-0.0816532258064516,-0.1006910167818362,-0.1240384615384616,-0.2325189553496208,-0.2420965058236273,-0.2921522921522921,-0.2758346581875994,-0.2653225806451613,-0.212618841832325,-0.218696397941681
FWTS-L,20.0,0.1908470314799747,6.869414707324396e-07,0.074534313077473,0.1444854449433163,0.1761480896833357,1.6122064079000504,47.88290000000001,0.4465497775091888,0.0082297684135948,0.0029808880032178,0.0790968014581692,1.0,0.1342039896062685,0.2218943915390425,1.75139605483448e-07,0.1146416533593648,3.44046716711892e-07,0.0937610048127714,0.1086384801915834,1.514071519212495e-06,0.1610906538948263,3.0,0.7668929329639376,-0.1093866192302115,-0.094163266487152,-0.718598416406756,0.2287903049896115,0.0229323845413234,0.0745340715526397,0.0832336933522052,0.3513714280723642,-0.1236276849642005,-0.0196537201684605,-0.2620641070799577,-0.3005008347245409,-0.3259330759330759,-0.3397415694925938,-0.4068516421291053,-0.4022824536376604,-0.3856304985337244,-0.3721905903506143,-0.4246086240043943,-0.3768590124925639,-0.3397415694925938,-0.3416090509113765,-0.3444931163954944,-0.2895896914208206,-0.2820424948594928,-0.2607621736062103,-0.2770876466528641,-0.3092647543686119,-0.2805631868131868,-0.2504472271914132,-0.2337234820775421,-0.1838722243864433,-0.1317861583091587,-0.2009916094584286,-0.1851419681057954,-0.1427986906710311,-0.1248955722639933,-0.0734188412206988,-0.0938581314878893,-0.0779049295774647,-0.1321458160729081,-0.0891304347826087,-0.0819456617002629,-0.0314378178455848,0.0727086533538146,0.0997375328083989,0.355109961190168,0.2964108910891088,0.1632426429761242,0.2720097146326654,0.1179295624332978,0.1379684953829441,0.1723559037493003,0.0787847579814622,0.1084656084656086,0.212384259259259,0.2758830694275271
FWTX-L,19.0,0.1057799522129934,6.605112224021403e-07,0.0716665863675607,0.0658766609614447,0.1301089618751834,1.867342751070762,-18.2474,0.4498971083873177,-0.0091502286454364,-0.001465149470596,0.0117732163117694,1.0,0.1462895795663913,0.0880101837102043,6.962500345530488e-08,0.0049019477569662,9.988846498493756e-08,0.0944638359916935,-0.0563547564452604,8.70149484033649e-07,0.1176837852234858,4.0,0.5480489332751592,-0.0472383797676941,-0.0316662924978178,0.5259053939705545,-0.0275534093136673,0.0157511744474843,0.0377411082572324,0.0564450542264784,0.5872290816256991,-0.0806139174489642,-0.0361912968548039,-0.173420371966991,-0.2843889955214331,-0.2853035143769968,-0.3134526854219949,-0.3085720173088812,-0.2851512569237324,-0.2977187107576392,-0.2939505523408732,-0.3284299009306515,-0.337969813554306,-0.284846547314578,-0.2937276362870974,-0.3640670899270349,-0.3016649323621228,-0.2930580427683557,-0.2510880482089053,-0.3104192355117139,-0.2672780871274157,-0.2571396944874917,-0.2048578199052133,-0.1602852852852853,-0.0883032196712403,-0.0644081974069428,-0.1879235237173282,-0.112888301387971,-0.0951867331805312,-0.10567697228145,-0.1474847560975609,-0.1904704463208686,-0.1455309396485867,-0.1938738738738739,-0.154146710360474,-0.1026875250701966,-0.1732167056794382,-0.173420371966991,-0.1452044325563622,-0.0345274061286147,-0.021149358226371,-0.0970129171151775,0.0011934954497985,-0.0596889449348466,-0.0808108478290645,-0.0464620630861039,0.0627078384798101,0.0969271003595946,0.0638871274571972,0.06642300969331
FWUU-L,5.0,-0.0491415851969532,2.5610313274853083e-06,0.2778762367636341,0.0935623982516441,0.1109710025002753,1.327056793153386,-69.7066,0.5868499079979621,0.0019184328989546,0.0004873281583554,0.0354840775433904,1.0,0.1041123031726293,0.1312900938172877,-1.5701735647543254e-08,-0.0393245570451108,7.613831495235908e-06,0.1232194926959495,0.0784137261531662,1.824855532248009e-06,-0.2241419138583189,2.0,2.809861114611949,0.3626256495859815,-0.1478217098268236,0.1788780300109407,1.3384788273051411,-0.0011596808081904,-0.0021483928442408,0.338478827305141,1.6536866802719628,-0.1359984377615355,0.1278474640265134,0.043146764962654,-0.0120169781158701,0.0836809964326743,0.2125838642385973,-0.0057966994868949,-0.0390928667804455,0.0389040778274774,-0.0558725922284067,-0.0969795191750567,-0.1248820025389797,-0.1401431255747011,-0.2306569656386151,-0.2189846757208221,-0.2789411220405124,-0.3191901542201625,-0.277001996786317,-0.2402128065452848,-0.1647923203578861,-0.1594062424275585,-0.1601349557176551,-0.1621242578654573,-0.132149169175147,0.0067121633386695,-0.0828628447643575,-0.009915757492059,-0.0166695622753996,0.098694292895237,0.108639175257732,0.2358558869160492,0.1587522224018105,0.2154207825674181,0.1743930806277234,0.2181882030426953,0.2278129816749443,0.0801759813572262,0.1529875950208536,0.0786915831603023,-0.0028189388179001,-0.0102620268193237,-0.039024172288995,-0.1233624899120411,-0.1542696258080751,-0.2171539223108729,-0.2527880265982948,-0.2055935997163308,-0.1646430985062104,-0.1813489646772227
FWVH-L,20.0,0.1554422168888239,1.0338067140064427e-06,0.1121697794736315,0.0448132528791025,0.1872617260012558,1.362714771352677,4.635300000000001,0.4597401079320348,0.0146401006773176,0.0012086725547004,0.1111770280228124,1.0,0.1286140158889064,0.0986159052535213,1.153665947327394e-07,0.0166072503807542,5.059036853673708e-09,0.0965305474182048,0.128152262142587,1.1361052198085734e-06,0.2086231444591787,4.0,0.1236908719746613,-0.1332379644413393,0.0106468556202019,-0.1669755310405124,0.0296943839056275,0.0132994605590208,0.0284875821170776,0.0987083640438087,0.5356188543631281,-0.079447322970639,-0.0889063729346971,-0.1387132763108962,-0.234126984126984,-0.2707808564231738,-0.209016393442623,-0.274208712002507,-0.3317945758799768,-0.2915264606913429,-0.3346739442688883,-0.3285010147868947,-0.2990314769975787,-0.2913096695226438,-0.3088630259623992,-0.1684021543985637,-0.2052161976664379,-0.2057613168724279,-0.0791252485089463,-0.0094097519247219,0.0348525469168901,0.0390309555854644,0.153386454183267,0.1956633970056789,0.3457292271934922,0.4884318766066837,0.406193078324226,0.435833849969002,0.6673866090712743,0.8617363344051447,1.0808625336927222,1.0531914893617025,1.1306347746090155,1.4638297872340424,1.6378132118451028,1.3323262839879155,0.8065522620904837,0.9172185430463576,0.8952536824877249,0.7257824143070044,0.5808873720136518,0.4556882463859208,0.4394033561218149,0.2781456953642383,0.2866666666666666,0.3189066059225514,0.4447910168434186,0.5564516129032258,0.5961405926946934,0.6264044943820224
FWWB-L,21.0,0.0602162842932437,1.709113485384672e-07,0.018544170796497,0.2514738389859852,0.0397174765229652,2.136648375196596,-0.3255000000000052,0.1796227171774461,0.0002520843571882,5.60959520126688e-05,0.0007692367539158,1.0,0.4332708669731324,0.0294653990978703,5.2515168447371844e-08,-0.0158548668277032,5.786558244376673e-07,0.0377149587750294,0.0168872920389017,2.129205747171849e-06,0.0628234928948788,3.0,0.7472069769323062,-0.062947343950965,0.0845351544465123,-0.0611159620922961,-0.0256699747095183,0.0052890675295376,0.0711966842747423,0.0086368357505588,0.4928895622082358,0.0015007503751875,0.0811249323958895,0.0020050125313282,-0.0328979196903727,0.0899672846237731,0.0309437854564207,0.0817099567099566,0.2122498483929653,0.3212161269001981,0.1998799519807921,0.1332199546485259,0.1863501483679523,0.124929656724817,0.1287408243929981,0.1148912437255995,0.038981288981289,0.015752032520325,-0.0128395061728395,-0.0444550669216062,0.0782092772384033,0.0741536808167651,0.0782092772384033,0.0548812664907651,0.0718498659517425,0.1319365798414495,0.0977484898407468,0.1534910559723024,0.158169177288528,0.1117908787541712,0.2263803680981593,0.2773162939297122,0.3186015831134563,0.270820089001907,0.2756860242501595,0.3738831615120273,0.3833910034602075,0.5121028744326777,0.5236280487804879,0.6030473135525258,0.6305057096247959,0.5715408805031446,0.5556420233463035,0.4741887905604718,0.4197443181818181,0.3710562414266116,0.574015748031496,0.6238830219333873,0.4763663220088625,0.7070879590093935
FWWS-L,30.0,-0.0293271562609757,4.70886430903741e-07,0.051091975314129,0.0307626744112633,0.0983083862167297,2.1269584764700804,234.55000000000007,-0.0835155696927654,-0.023102998359558,0.0012710943118529,0.4040816326530617,1.0,0.0633454506656911,-0.1661697887604623,8.283863046815267e-08,-0.0084656937837619,7.920899588831448e-06,-0.017535567424493,0.0607658343228914,1.6192111740502468e-06,0.019321125148068,4.0,3.12280190704703,0.0640922909136109,-0.1186483969570905,0.2359021373992363,0.0398969099000263,0.0318545750974584,0.1768177949016621,0.0753670203423801,0.298529896308198,-0.0009233610341643,-0.0687876182287189,-0.0398936170212765,-0.1418383518225039,-0.1280193236714976,-0.2025036818851251,-0.2054292002934703,-0.2169197396963124,-0.1512539184952978,-0.113022113022113,-0.1512539184952978,-0.1795454545454544,-0.1905829596412556,-0.2060117302052786,-0.24,-0.2463465553235907,-0.2157856625633599,-0.2607508532423208,-0.2813536828135368,-0.2214234363767073,-0.267253044654939,-0.2921568627450981,-0.2657627118644068,-0.3026400515132001,-0.2551581843191196,-0.3141228625712475,-0.3115066751430387,-0.2818302387267904,-0.2879684418145957,-0.3101910828025477,-0.2879684418145957,-0.2827814569536423,-0.2707070707070707,-0.2236559139784946,-0.2437150837988827,-0.2912303664921465,-0.257710760795065,-0.2870309414088215,-0.2760695187165776,-0.259233926128591,-0.2870309414088215,-0.2958387516254877,-0.3475903614457831,-0.3012903225806451,-0.279441117764471,-0.3062139654067904,-0.3302411873840446,-0.3323057953144266,-0.3432383262583383
FWZL-L,22.0,0.0946235623453145,5.087970092497196e-07,0.0552053372754828,0.0170589884262066,0.2599209360574012,1.3461718803260956,9.943399999999995,0.192554811327219,0.0081056151416939,-0.000250295343473,0.0415717555748329,1.0,0.1620631179777039,0.1215733875968019,7.338062375876864e-08,0.0195940531441952,4.98949042492773e-08,0.0404302801185522,0.0768903346784739,4.53499701338169e-07,0.0659084799685321,3.0,0.8198406187445035,0.0413156134085582,0.0040800182522842,-0.0790407921682034,-0.0201825575245539,0.0200257096549598,0.0381684028733782,0.0364179088748728,0.4554233133596751,-0.0662181303116146,-0.0077301475755446,-0.1371830125267338,-0.1321450522433928,-0.1814492753623189,-0.2042828965905889,-0.2404518558364712,-0.2159911160466409,-0.222252822913798,-0.2133704735376045,-0.2601519517946031,-0.2497343251859723,-0.2443136205512442,-0.2408602150537635,-0.2263013698630137,-0.178831055539401,-0.1384990848078097,-0.0825211176088369,-0.1043450681890264,-0.0822229444263893,-0.0599201065246338,-0.0258709899965505,0.0172910662824206,0.0807500956754687,0.1756869275603663,0.0941495544362649,0.0652583930592227,0.1083202511773939,0.1309571485782938,0.2321116928446769,0.1503054989816699,0.2068376068376067,0.174220374220374,0.2456991618879576,0.2818883340898772,0.2198704103671707,0.2784065187867812,0.3301931229392367,0.4467213114754098,0.4141211817726589,0.3904480551452487,0.377560975609756,0.3980198019801979,0.3802541544477027,0.3202431042543243,0.3890801770782095,0.4693028095733611,0.477760334903192,0.5776536312849163
FXCH-L,20.0,0.2262234088122372,2.664977399236385e-07,0.0289154561606662,0.1738750450932909,0.2766113978205079,0.7735645469027632,-114.23119999999994,0.4903706246478688,-0.004673609110002,0.0099651093064185,0.0307841293138851,1.0,0.4091318648434085,0.1438731970872375,3.77396734129327e-08,0.0647259179181209,4.001513678955067e-06,0.1029619648544209,0.0053003776937303,2.090239971794498e-07,0.3496616808299339,4.0,27.324382546503383,-0.1141909383433941,-0.0007308736164483,1.0658315119086277,0.0689766117768089,0.0372770535051712,0.063104449723357,0.0658315119086277,0.6119815379557781,-0.0399271844660195,0.0041433097733365,-0.129516163110078,-0.118528027385537,-0.0693471877117687,-0.0539609644087254,-0.0324095819633629,0.0109189056557477,0.1072292394517604,0.1039657020364417,0.0478128179043744,-0.0085428949584887,0.0025550553595328,-0.0629974982942914,-0.0092581459660935,0.0150283321015027,0.0266633441315724,0.0220788886132472,-0.0124640460210928,0.0608986738766577,0.0504844467108618,0.0785340314136124,0.1447624340094471,0.168462847419172,0.2641914697760048,0.1390655239148466,0.1649936377774636,0.2363090772693172,0.2430230804042841,0.4573753095153874,0.4641080312722103,0.5247964470762398,0.4706407281813314,0.484952243647504,0.4970930232558141,0.5250786600037016,0.5611974232663888,0.5953533397870283,0.9420221541362246,0.909617612977984,0.7858690940615518,0.8266459765018845,0.7014247367334299,0.6407805655117484,0.68369431957499,0.7889709075119409,0.8621468926553673,0.8193861779642306,0.8209944751381217
FXEB-L,18.0,0.17030650644167,6.594738719371981e-07,0.0715540320851083,0.0281007759207702,0.128653086630254,0.909343858302474,-4.307200000000002,0.6738068482533457,0.0556556625675083,-0.0008545996536647,0.0053585981735024,1.0,0.1304998683271483,0.2584499654200139,2.133840223374623e-07,0.0041196244815655,5.625761947003809e-08,0.1414776365903805,0.0120319513454921,1.8789266958202897e-06,0.1458794578660606,4.0,0.5042422369354388,-0.0278036840724393,0.0051581673813441,-0.1630087243277059,-0.0224524443086627,0.0064730071074398,0.0281561327432622,0.1391107922810674,0.3715287031090682,-0.2425291778889315,-0.0248874437218609,-0.1814173228346457,-0.2241019006866355,-0.2056845965770171,-0.0764036958066809,-0.1729953330504879,-0.0955805590998724,0.0110217842323649,0.0293069306930693,0.0859331476323119,0.1783285476802176,0.1931140015302219,0.128854785000724,0.301669449081803,0.3294117647058823,0.4433543132173267,0.6964751958224542,0.7185364778487988,0.8179062718582419,0.900316841335608,0.8662039253231211,0.8975419810172789,0.7920018386577798,0.8471926083866381,0.602672147995889,0.7789185489390829,0.8166356011183595,0.8910987145282563,1.011609907120743,0.9228113440197288,0.9644746787603932,1.0486074619022596,1.3477868112014453,1.431244153414406,1.2430955120828535,1.2019203614798082,1.1658333333333335,1.4426691729323309,1.6886206896551723,1.956769055745165,1.8209117221418236,1.748325696157913,1.4588457899716176,1.536434612882238,1.805685498380713,2.061248527679623,2.0891442155309035,2.0781681800236877
FXGP-L,18.0,0.0137921787652154,3.181396626349861e-07,0.0345186922430448,0.0161105841302907,0.2451169452044932,1.0671034006369178,7.7722000000000016,1.035141436539521,0.0101621220127268,0.0001278241601455,0.0359836236040602,1.0,0.1285443773001687,0.1689048876089911,6.047700477747061e-08,-0.0490737204063717,5.983818807175611e-09,0.2173462088698141,0.0304607218969683,4.158448392936239e-07,-0.0796432351487289,4.0,0.4842612255464567,0.1487233639680468,-0.0074483079067207,0.1875231971900984,0.0720089828494588,0.0217733846618791,0.0502336811999788,0.1745995402984706,0.3489118490001116,-0.0089874176153386,0.0531629594573277,-0.0594533671456748,-0.1078444474141386,-0.0798070296347345,-0.0736783682530871,-0.0809471365638766,-0.1299361397106737,-0.1669578238083353,-0.158558104360978,-0.0871051552030629,-0.080820597549222,-0.1043734907432251,-0.018523963540135,0.0069381598793365,0.1242842707982485,0.1347951725310217,0.2142597308112042,0.4316963328329402,0.4714569098523256,0.6059658407505413,0.4878537998662806,0.5682405449847312,0.607512641464002,0.6211753278290433,0.4484703840312432,0.4412780656303974,0.4316963328329402,0.4292442731749091,0.3677525097316123,0.5741570384343317,0.6314760508308896,0.6032660902977907,0.8795045045045045,0.9739798935541102,0.918942224777235,1.049109883364027,1.161917098445596,1.209864283349884,1.0967336683417086,1.1390579942326178,1.123409669211196,1.2290484140233726,1.1605177993527511,1.03164942178941,1.1113219481340924,1.2894375857338822,1.2290484140233726,1.6629437574790589
FXRZ-L,9.0,0.0684133072819393,2.6960398420105304e-07,0.0292524889259483,0.0680484750546876,0.1514913054253944,0.6662112775857949,6.019500000000004,0.2630357195232128,0.0132588489257155,0.0025535557204005,0.0368684387936193,1.0,0.0889256063461273,0.1087561543455279,2.8395504074268986e-08,-0.010254214228019,7.950208593430194e-09,0.0552289903752986,0.0335852273271461,2.17162362466788e-07,0.0226349935254583,3.0,1.2880745114997143,0.0344157324181592,0.0125430574200089,0.0077780897156707,-0.0089157979144929,0.0140680906157236,0.0248739157511525,0.0564240164715276,0.596978866598121,-0.0403415154749199,0.0086114101184069,-0.0966933384748867,-0.1449949812939136,-0.1133610900832703,-0.0542040981124456,-0.1528028933092223,-0.0704365079365079,-0.0770291568163907,-0.0545858137423065,-0.0020236446905953,-0.0892301710730948,-0.0361073963583992,-0.043194118247728,0.0447095551343517,0.0642889595638345,0.1061267855034826,0.0383421985815604,0.0965476887068461,0.2049897119341563,0.2043701799485862,0.3004857737682165,0.3145342312008978,0.3678832116788322,0.4426481909160893,0.3997609799820736,0.4031147050014974,0.4292251372788285,0.423795775717976,0.4300976800976801,0.5835727564644246,0.6418433502715963,0.8046995377503852,0.8561806656101427,0.849220446023288,0.9173316963372212,0.9451941042142412,1.06205985915493,1.2104269874970512,1.4703401001845506,1.032097158967686,1.0150537634408603,0.9680739340474692,0.8864505737869941,0.8628230616302188,0.9747102212855636,0.8925469602100586,1.150562313518476,0.9533041484260998
FXXB-L^J21,21.0,0.1564159841246845,4.240262136786233e-06,0.4600756237599141,0.0980087908445736,0.1631497225726819,2.673134270997001,53.5229,0.7262957538586219,0.0268550381473109,0.0091919158698789,0.002247376341548,1.0,0.09234313517579,0.1635786780308449,8.893552932284051e-07,-0.0114300149580024,2.251235563933272e-07,0.1524986084482651,0.1087353196462814,9.185778231770789e-06,0.1363451146243577,4.0,0.0698635813681628,0.1254094639694628,0.5516603761826304,0.0368991334915613,0.0659634014869988,0.0163325437968686,0.0568817828344557,0.2632316279607277,0.8182211792643292,0.0,0.0,0.0,0.0,0.0,0.0,0.0,0.0,0.0,0.0,0.0,0.0,0.0,0.0,0.0,0.0,0.0,0.0,0.0,0.0,0.0,0.0,0.0,0.0,0.0,0.0,0.0,0.0,0.0,0.0,0.0,0.0,0.0,0.0,0.0,0.0,0.0,0.0,0.0,0.0,0.0,0.0,0.0,0.0,0.0,0.0,0.0,0.0,0.0
FYQY-L^F22,8.0,-0.1012995501528318,4.617929521628316e-06,0.5010531746871522,0.0342659711384805,0.3141791199945148,0.2884561772191465,-72.3954,1.005309532361466,0.0502785927376768,0.0017109620699122,-0.269483043988369,1.0,0.0357418395580658,-0.0784293332834026,5.108404228016026e-07,-0.1247216220991594,6.68954459521434e-08,0.211082474226804,0.730988523817159,2.0358980145104136e-06,-0.1480899038975753,4.0,0.5771414662954508,-0.2735190984355679,0.0014796559239012,-0.0196617961400555,0.083424625020925,0.0269250507011733,0.0382494768074173,-0.0771951829046153,0.396561199302052,-0.0689655172413792,-0.26890756302521,-0.2868852459016393,-0.2926829268292683,-0.1714285714285714,-0.2368421052631578,-0.2300884955752211,-0.2434782608695651,-0.1470588235294118,-0.179245283018868,-0.2300884955752211,-0.13,-0.13,-0.2300884955752211,-0.2300884955752211,-0.28099173553719,-0.1470588235294118,-0.1212121212121212,-0.3916083916083915,-0.3741007194244604,-0.3255813953488372,-0.521978021978022,-0.3873239436619717,-0.3458646616541354,-0.2868852459016393,-0.2162162162162163,-0.2018348623853211,-0.1122448979591836,0.0116279069767442,0.0481927710843375,0.403225806451613,1.6363636363636362,1.5588235294117645,2.0,3.1428571428571432,2.625,2.222222222222222,1.289473684210526,1.71875,1.6363636363636362,1.71875,1.71875,0.7755102040816326,1.0714285714285716,1.1749999999999998,1.1219512195121952,1.6363636363636362,0.7058823529411764,0.8913043478260869
FYTJ-L,32.0,0.0330343748911691,2.721672970675025e-06,0.2953061271355398,0.2033490976529796,0.050602065979155,0.8282146132489105,-301.7558,1.2035548722769882,-0.020414800699247,0.002615013342665,0.0393882303536331,1.0,0.123142709374627,0.0022528462451805,6.067906314511796e-08,-0.0093752802259117,3.781958638134479e-05,0.2527075812274369,0.0232706912520144,4.295570633829752e-06,0.0516701210158391,5.0,4.92481696794294,0.0406871786874704,-0.1110026853210684,-0.0384990690098103,0.0268140717190172,-0.0074212416435261,-0.0095534955445757,0.0236041058166075,0.9699659943549224,-0.2022187621642662,0.0178288431061808,0.0233021310495917,0.0108203816643714,0.0290406569196877,0.0294530154277701,0.0455840455840457,-0.043024771838331,0.0172243120174224,-0.0071497584541062,0.0302787246841789,-0.0235651843405548,-0.0098284833301213,0.0479298388741586,0.0828240252897787,-0.1508841513799371,0.0298657045500101,-0.0502772643253234,-0.1413770053475935,-0.0387277829747427,-0.0966947960618846,0.0563322368421053,0.0653120464441221,0.089251642993428,0.0492138043700225,0.0160174016215148,0.0670820353063343,0.2422630560928433,0.2336134453781513,0.1835982492513248,0.2857857857857857,0.2440677966101696,0.1196339071693179,0.2336134453781513,0.2242077674529425,0.1803354008729611,0.1990665110851808,0.1070889894419306,0.0814565354662177,0.2359874909790715,0.2596224564844325,0.3387180823345492,0.041979314540661,-0.0349361382419233,-0.0113527034827785,0.0237099023709903,0.0174257425742574,-0.0134408602150536,0.0046929996089166
FYZH-L,22.0,0.0301885158183621,6.032124289371288e-07,0.0654495702271185,0.0274703213410061,0.1665344905378422,3.599006630021357,1.2172999999999945,0.1704170668169392,0.0018921113852349,-0.0102897033751703,-2.1909948820464142e-05,1.0,1.2830188018749369,0.0661748671164216,9.499196349973982e-08,-0.0171828529608166,3.716858459729574e-06,0.0357820700552753,0.0002775043981469,7.365924735689783e-07,0.0024517327883547,4.0,1.871780570139041,-0.0918815482591301,-0.0243984360965151,1.0354849374057298,0.0341700898332561,0.0194592973013753,0.0467636816244466,0.0354849374057296,0.2513415816500767,-0.0519446619681546,-0.0010430247718382,-0.0614894659480645,-0.1992056856187291,-0.2032029950083194,-0.1328655500226346,-0.1541179068226981,-0.1857598299681189,-0.1814102564102563,-0.2395791980944819,-0.2290199235258602,-0.1594997806055286,-0.142569382273948,-0.1761290322580644,-0.1770139634801287,-0.1602367382726873,-0.16078860898138,-0.1467706013363028,-0.1594997806055286,-0.1704200952793416,-0.1398742703188145,-0.1961812840956776,-0.1755971594577146,-0.1277322404371584,-0.0628669275929549,-0.0936834634492548,0.0770312060725331,0.0995981630309987,0.1762357998157815,0.2774258086028678,0.0312247644683716,0.0331715210355987,-0.0192012288786482,0.0015686274509805,0.0259775040171397,-0.1011262318160487,-0.0753077480086893,-0.0105888429752065,-0.0381621893045441,-0.0444000997755051,-0.1375506528590724,-0.1013370865587613,0.0210554371002131,-0.0276649746192892,-0.0761996624065588,0.0194252261841405,0.0923866552609067,0.2310411311053986,0.2239616613418531
FZAP-L,30.0,0.0269698572184029,3.654391066194278e-07,0.0396507620285068,0.0402291452111225,0.0878435339740347,2.903466095496736,45.25,0.3039982063410871,0.0185181142727952,-0.0041944709246901,0.0008346283690863,1.0,0.5679012345679012,0.2598888525661981,6.390917432835869e-08,0.0315679624315144,6.537144836076993e-08,0.0638297872340425,-0.0121628767847699,1.106368317601319e-06,-0.0321831453218314,5.0,0.2965097681959949,-0.1660549438327216,0.1565404622532441,-0.3556369161031618,0.0378359903007791,0.0173306250819027,0.0956600361663652,-0.0395449620801732,0.1643872515997351,0.0786516853932584,-0.0824742268041236,-0.1274509803921568,-0.0918367346938775,-0.1274509803921568,-0.0430107526881721,-0.0729166666666666,-0.0824742268041236,0.0113636363636364,0.0,0.0348837209302326,-0.101010101010101,-0.053191489361702,-0.226086956521739,-0.219298245614035,-0.2327586206896551,-0.2053571428571429,-0.2053571428571429,-0.2457627118644066,-0.2327586206896551,-0.219298245614035,-0.2457627118644066,-0.3732394366197182,-0.3776223776223776,-0.3257575757575758,-0.3407407407407408,-0.3358208955223881,-0.3100775193798449,-0.2521008403361344,-0.226086956521739,-0.1759259259259259,-0.0729166666666666,-0.1359223300970874,-0.1274509803921568,0.0470588235294118,-0.053191489361702,-0.2327586206896551,-0.1099999999999999,-0.1188118811881188,-0.1909090909090909,-0.2992125984251969,-0.2936507936507936,-0.3455882352941176,-0.3153846153846154,-0.3862068965517241,-0.5821596244131455,-0.4472049689440994,-0.4472049689440994,-0.4885057471264368
FZBQ-L,30.0,0.0723164814974305,6.257904919586673e-07,0.0678993283064145,0.0850589502663235,0.1196840582040357,1.859614860819392,-1.3195,0.1845983940314096,-0.0144239342100602,-0.0026445751912934,0.0496481754876627,1.0,0.1536441234405778,0.1949405490042569,1.1062354341695945e-07,0.157248735886956,7.866520074235723e-11,0.0387596899224806,0.0838285533832859,1.2885067485835006e-06,0.0214101444270653,3.0,0.0109717726228977,-0.4076424684127542,-0.0091266861954556,-0.0541810820051123,-0.0620001609813251,0.0017535874919683,0.0053642356987838,-0.060652341997499,0.4048984992002465,-0.1359999999999999,-0.0234375,-0.0942028985507246,0.0162601626016261,-0.0740740740740741,-0.0671641791044777,-0.0808823529411765,-0.0942028985507246,0.0,-0.2603550295857988,-0.2236024844720497,-0.2378048780487804,-0.2514970059880239,-0.2514970059880239,-0.2816091954022989,-0.2647058823529411,-0.2378048780487804,-0.3279569892473118,-0.3243243243243243,-0.3421052631578947,-0.2897727272727273,-0.3556701030927834,-0.2816091954022989,-0.1883116883116883,-0.2088607594936709,-0.1610738255033557,-0.2088607594936709,-0.2774566473988439,0.0162601626016261,-0.0234375,-0.1554054054054053,-0.2647058823529411,-0.2857142857142857,-0.2977528089887641,-0.3421052631578947,-0.2977528089887641,-0.2732558139534884,-0.3351063829787234,-0.3932038834951457,-0.2038216560509554,-0.2038216560509554,-0.2469879518072288,-0.1438356164383561,-0.1554054054054053,-0.1554054054054053,-0.1987179487179488,0.0416666666666667,0.0416666666666667,0.0416666666666667
FZCB-L,23.0,0.0347770113517127,3.1965990039961664e-07,0.0346836406154009,0.0691915328229351,0.1308405744322952,0.8173139711985039,-39.23130000000003,0.358575675368169,-0.0028893568146697,0.0012943435287613,0.0394180285580391,1.0,0.1354872794628682,0.0908214584342363,4.236751638269942e-08,-0.0233264337690061,3.3100082353410066e-06,0.075289289833418,0.0296399360980532,5.881136576873122e-07,0.0083347493913075,3.0,11.344227012195708,-0.0295025122019729,0.0032030504339618,-0.0321816306294972,-0.021134814242843,0.0115336926971703,0.0334703394118105,0.0389935933117596,0.6578249430836168,-0.0094739819004525,0.0082691759338464,-0.0199556541019955,-0.0840564693692526,-0.0840564693692526,-0.0657859973579921,-0.056185773388496,-0.0806032241289651,-0.0732538330494038,-0.06553911205074,-0.1128951329653787,-0.0852412365800026,-0.0522648083623694,-0.0396523628462792,-0.0509930220075147,-0.1234506693108578,-0.0942622950819672,-0.0662793768154211,-0.0768829134577731,0.0213749277874062,0.0366461448255643,0.0512858629403896,0.1883717022349185,0.167960363336086,0.2237411316836823,0.0436835891381344,0.0104300614373482,0.0676328502415459,0.0247790175336906,0.0064038707841185,0.0908530001542495,0.0989898989898989,0.1212938005390835,0.1891710105935766,0.1652661064425771,0.2126200274348422,0.1881720430107525,0.1949983102399459,0.3298232418202331,0.3954222573007102,0.3361042886831664,0.4509643003693064,0.3973523019166172,0.3597385118246492,0.3594771241830063,0.385851459925534,0.4169505109196554,0.5570233377366798,0.4048470401271353
FZCX-L^B23,30.0,0.0938146412129738,1.2951930027308928e-07,0.0140530634521695,0.8207982851741018,0.0875679674496023,2.590410081242247,-0.1944999999999996,-0.140490813156648,0.0025695324108407,0.000215430402017,-0.005621463770761,1.0,0.1858407079646017,0.4371830985915491,7.549792218976238e-08,-0.0002328428111445,7.126324415646851e-10,-0.0294985250737463,0.0127314895424882,1.0095934077511558e-06,0.0612857970660891,2.0,0.0387629056972744,0.0168991906276571,0.096557777321164,-0.4942119204418851,-0.0899687353946285,0.0194424374721372,0.6906484641638225,-0.0474034098035874,0.3892335831171398,-0.0512820512820513,-0.025,0.1470588235294117,0.1304347826086958,0.1304347826086958,0.0684931506849315,-0.0126582278481012,0.04,-0.025,-0.025,-0.0487804878048779,-0.1136363636363636,-0.1136363636363636,-0.0714285714285714,-0.0487804878048779,0.0263157894736842,-0.025,-0.0487804878048779,-0.0714285714285714,-0.0487804878048779,-0.025,-0.025,-0.0487804878048779,0.0684931506849315,0.1470588235294117,0.1999999999999999,0.0985915492957747,0.1142857142857143,0.1641791044776119,0.2380952380952381,0.0833333333333334,0.0833333333333334,0.0263157894736842,0.0,0.04,0.04,-0.1874999999999999,-0.0930232558139534,-0.025,0.1142857142857143,0.0540540540540541,0.21875,0.4181818181818182,0.3684210526315792,0.3684210526315792,0.3220338983050848,0.3,0.3220338983050848,0.3928571428571428
FZDC-L,22.0,-0.0176019466855484,0.00080510625,87.35539176889081,0.3181765209592671,0.5141157836894333,1.9240948212526432,0.657,0.034679407034056,-0.003504618098086,-0.0001601624427215,0.0060345429233202,1.0,0.0841041735491686,0.1293792740662809,0.0002294249999999,0.0102726115675038,5.05715870675382e-10,0.0072815533980582,-0.0132837354023515,0.0004262437499999,-0.2114446268760262,4.0,4.498443790076928e-05,0.0729374479313195,-0.0368716849126494,0.0614675462954976,0.0425183610258807,0.0482245096844926,0.0737557931018421,0.0362399494983055,0.4502273259953687,0.0,0.0,0.0,0.0,0.0,0.0,0.0,0.0,0.0,0.0,0.0,0.0,0.0,0.0,0.0,0.0,0.0,0.0,0.0,0.0,0.0,0.0,0.0,0.0,0.0,0.0,0.0,0.0,0.0,0.0,0.0,0.0666666666666666,0.0666666666666666,0.0666666666666666,0.0666666666666666,0.0666666666666666,0.0666666666666666,0.0666666666666666,0.0666666666666666,0.0666666666666666,0.0666666666666666,0.0666666666666666,0.0666666666666666,0.0666666666666666,0.038961038961039,0.038961038961039,0.038961038961039,0.038961038961039,0.038961038961039
FZDX-L,19.0,-0.0575750981093702,1.0440299026230274e-06,0.1132790127539954,0.0371543503585363,0.1345421313380368,0.8260226006336733,-3.855699999999999,0.8215001281893892,-0.0079292673896763,0.0013912112573202,0.0037518212524643,1.0,0.5143605698188536,0.0082628018376848,8.472806249514043e-08,0.0661948260902027,1.8111349482904152e-08,0.1724884466464049,0.0048723630297753,1.0456860577116448e-06,-0.1166707210146563,5.0,0.3812522274178214,-0.0957863494750247,-0.3178187461102283,0.2328664026567601,0.0007767735839114,0.0147650332903436,0.0304664556629823,0.0771649212674909,0.6244957887993456,-0.1246612466124661,-0.0670037926675095,-0.1032806804374241,-0.0276679841897232,-0.0955882352941176,-0.0452781371280724,-0.1086956521739129,-0.1916757940854326,-0.2272251308900524,-0.2778864970645793,-0.3057384760112889,-0.3235563703024748,-0.359375,-0.3147632311977716,-0.3321266968325792,-0.2971428571428571,-0.3381165919282511,-0.3128491620111732,-0.2700296735905044,-0.2247899159663865,-0.2206969376979937,-0.2012987012987013,-0.1507479861910241,-0.0820895522388058,0.0379746835443037,-0.0302233902759527,0.0193370165745856,-0.0053908355795148,0.0095759233926129,-0.0740276035131743,-0.1604095563139931,-0.1032806804374241,-0.1698537682789651,-0.1255924170616112,-0.051413881748072,-0.0225165562913907,-0.0989010989010988,-0.1235154394299287,-0.1836283185840707,-0.279296875,-0.3303085299455535,-0.3548951048951049,-0.3381165919282511,-0.3604852686308492,-0.3920922570016475,-0.3357335733573356,-0.3063909774436091,-0.2560483870967742,-0.2729064039408867
FZEO-L,20.0,0.069882498453927,2.136836355138203e-07,0.0231850363786278,0.2673988439306358,0.6764796074823674,2.7660947343556934,4.050000000000004,0.2645910314450203,-0.0045084283343771,-0.0004011767852366,0.0130777416509645,1.0,0.1614110101549973,0.2485689123734038,7.174283936136729e-08,0.0554526441589479,1.855376431027581e-08,0.0555555555555555,0.0552875695732838,1.1224890675289552e-07,-0.1591871295512278,3.0,0.7461578267383374,0.0376422081392686,-0.0263814393170771,-0.0098359661181634,0.0186863305388811,0.0811634018155757,0.1428721614802355,0.0765778600940304,0.4177643346695451,-0.0246085011185681,-0.0745341614906832,-0.0366379310344827,-0.0706860706860706,-0.048936170212766,-0.1550094517958412,-0.1183431952662722,-0.0687499999999999,-0.0303687635574838,-0.0687499999999999,-0.0303687635574838,-0.0428265524625267,0.0090293453724605,0.0849514563106794,0.0182232346241457,0.037122969837587,0.0492957746478872,0.1037037037037036,-0.0240174672489084,-0.0345572354211662,0.0419580419580418,0.0299539170506912,0.1763157894736842,0.1640625,0.2213114754098359,0.1671018276762401,0.0136054421768707,-0.0303687635574838,0.0542452830188677,0.1825396825396825,-0.1130952380952381,-0.0951417004048584,-0.0609243697478991,-0.1060000000000001,-0.1077844311377245,-0.150190114068441,-0.1518026565464895,-0.0387096774193549,-0.0858895705521471,-0.0628930817610062,-0.1042084168336674,-0.1403846153846154,-0.1337209302325582,-0.048936170212766,-0.0044543429844099,-0.0282608695652173,0.0797101449275363,0.1091811414392058,0.1403061224489794
FZEX-L,30.0,-0.0740749117886546,1.9372533123894365e-08,0.0021019526560545,0.2362899088843833,0.0927484103025242,1.5710589542460098,164.0,-0.3635156783036483,0.1501595621957214,0.0022463840732204,-0.0016853967971138,1.0,0.7949438202247192,-1.0362362362362365,1.4095926035452416e-07,-0.0063653125697282,1.247234760869081e-07,-0.0763265306122449,0.001492807382611,2.135473927557681e-06,-0.2542702298635769,5.0,0.5253690371805685,-0.1606587396471789,0.0843070142866392,-0.0746705710102489,-0.2374987236918402,0.0225952731984095,-0.498767258382643,-0.0746705710102489,-0.0056504100692663,0.0181818181818183,-0.1472868217054262,-0.2086330935251797,-0.261744966442953,-0.2567567567567567,-0.3081761006289307,-0.1911764705882352,-0.4240837696335078,-0.236111111111111,-0.341317365269461,-0.3081761006289307,-0.7256857855361596,-0.7603485838779956,-0.7884615384615384,-0.8056537102473498,-0.8312883435582822,-0.8360655737704918,-0.8382352941176471,-0.8135593220338984,-0.802158273381295,-0.8028673835125448,-0.8053097345132744,-0.779559118236473,-0.7928436911487758,-0.794392523364486,-0.8116438356164384,-0.8353293413173652,-0.8934108527131783,-0.883843717001056,-0.8842105263157894,-0.8955365622032289,-0.8901098901098901,-0.8952380952380953,-0.8906560636182903,-0.905090595340811,-0.9089403973509934,-0.9142634450506624,-0.9143302180685358,-0.9091659785301404,-0.9080267558528428,-0.9152542372881356,-0.9124900556881465,-0.912,-0.9055793991416308,-0.9013452914798206,-0.9088649544324772,-0.9013452914798206,-0.8982423681776133,-0.8957345971563981
FZFD-L^A23,31.0,0.1985767536428328,1.9190864293638e-07,0.0208224128027122,0.0506064408197406,0.1898673676663878,0.9854507933895368,17.75,0.5487664429359522,0.0095273204154548,0.0034733988478481,-0.0004946821667078,1.0,1.568922305764411,0.4924160346695558,3.3540476070369136e-08,0.088933415536372,6.575459568283366e-09,0.1152231972529569,0.0093188749576414,3.007149225249918e-07,0.0653998025666337,4.0,0.807233877799503,0.1727298043087516,0.079359852948245,-0.4464779429110637,-0.0321977953031718,0.0332619557458957,0.0864083070647135,0.1461146496815287,0.4705193669725003,-0.1073271413828688,0.02,-0.0664739884393065,-0.0537109375000001,-0.0192307692307693,0.0863228699551568,0.0986394557823129,0.3201634877384196,0.3130081300813008,0.3590462833099579,0.2359693877551019,0.1962962962962962,0.2455012853470435,0.1280558789289871,0.1773997569866341,0.3024193548387095,0.3237704918032786,0.331043956043956,0.2971887550200802,0.4484304932735423,0.7180851063829787,0.6285714285714283,0.6204013377926418,0.5629032258064515,0.59375,0.59375,0.6043046357615893,0.7180851063829787,0.7714808043875685,0.8563218390804597,0.977551020408163,1.3405797101449275,1.2534883720930234,1.3634146341463411,1.4408060453400502,1.3405797101449275,1.307142857142857,1.3462469733656173,1.375,1.3016627078384797,1.2327188940092166,1.2022727272727272,1.2173913043478255,1.5433070866141732,1.570291777188329,1.9186746987951808,1.927492447129909,1.8753709198813056,1.9907407407407405
FZFN-L,18.0,0.0501358544738086,1.100982961781611e-06,0.1194585161366047,0.0802590992553155,0.1111027616744156,2.091274802726501,-2.4528,0.0712121167938887,-0.0056601142680936,0.0004508367993287,0.0074439073594977,1.0,0.2219068030280242,0.0325318574877685,7.995192029298495e-08,0.0008699450160627,1.7283584456977565e-08,0.0149522404034834,0.1697676697239974,5.304180886173225e-06,0.050895267316054,4.0,0.044240667881092,0.3587481124795619,0.0291111336402489,0.2477459897636989,0.0206821214881301,-0.0034638634346366,-0.021157797974619,-0.0173877018154039,2.4434098755436424,-0.0709219858156027,0.0071428571428571,-0.1802325581395348,-0.2378378378378379,-0.25,-0.3705357142857144,-0.4719101123595506,-0.506993006993007,-0.44921875,-0.5,-0.6028169014084508,-0.6094182825484764,-0.618918918918919,-0.6178861788617886,-0.6948051948051948,-0.6421319796954315,-0.6403061224489797,-0.674364896073903,-0.6838565022421526,-0.6168478260869565,-0.5523809523809524,-0.2806122448979592,-0.3411214953271029,-0.2878787878787879,-0.2033898305084746,-0.2378378378378379,-0.1075949367088608,-0.0208333333333333,0.0846153846153845,0.2702702702702702,0.0601503759398494,0.119047619047619,0.2702702702702702,0.2155172413793102,0.0763358778625953,-0.1075949367088608,-0.0536912751677852,-0.1187500000000001,0.0444444444444442,-0.1075949367088608,-0.2806122448979592,-0.2033898305084746,-0.3221153846153847,-0.3590909090909091,-0.367713004484305,-0.3561643835616438,-0.2806122448979592,-0.1296296296296297,-0.2209944751381216
FZGS-L,23.0,-0.0740333390616944,2.5740759875500885e-06,0.2792916044749776,0.0357142857142857,0.1233329777019097,2.1020826728065862,-0.017,0.0768167510646833,-0.0108924849115084,3.501400560224093e-05,0.1099842457660496,1.0,0.0787878787878787,0.0374822423778822,7.38819998533178e-08,-0.0264829752302091,1.4015927253335003e-11,0.0161290322580645,-0.0203815088503178,1.0781349446485073e-06,-0.2631335124617807,4.0,0.0020739590414946,0.2447012177853296,0.0433395122308731,0.0614040390185829,-0.1168960491210438,0.0151070858542741,0.0214345902675373,0.0118139965410566,1.0316577454907658,0.0,-0.15625,-0.0999999999999998,-0.0999999999999998,-0.0357142857142857,-0.0357142857142857,-0.0357142857142857,-0.0357142857142857,-0.129032258064516,-0.15625,-0.2499999999999999,-0.2702702702702702,-0.2702702702702702,-0.3249999999999999,-0.3249999999999999,-0.2702702702702702,-0.2285714285714284,-0.2058823529411765,-0.2499999999999999,-0.2499999999999999,-0.2499999999999999,-0.2894736842105263,-0.2894736842105263,-0.2702702702702702,-0.2702702702702702,-0.2499999999999999,-0.2894736842105263,-0.2702702702702702,-0.2702702702702702,-0.2499999999999999,-0.3249999999999999,-0.3076923076923077,-0.2894736842105263,-0.2702702702702702,-0.2702702702702702,-0.2499999999999999,-0.2499999999999999,-0.2285714285714284,-0.2285714285714284,-0.2058823529411765,-0.2499999999999999,-0.2499999999999999,-0.2499999999999999,-0.2058823529411765,-0.15625,-0.2285714285714284,-0.3249999999999999,-0.3249999999999999,-0.2894736842105263
FZGT-L,17.0,0.0174836713232188,7.904801084959406e-06,0.8576843064276074,0.0005477766855438,0.0027914160838332,0.0037787171257412,5.264200000000001,-0.4762638566010367,-0.2368337919489066,3.791705256962357e-05,0.2703266157538244,1.0,0.1107703861317979,0.0177995907689731,1.0586091922835208e-08,0.0076742392555849,4.2827580911326133e-13,-0.1,0.018222159947017,5.593323626061308e-06,0.017080152527769,2.0,0.0101640107783123,-0.2559899117276166,0.4409368792251189,-0.4611526638820695,-0.4409368792251189,0.0102200675902372,0.0176279203930998,-0.4409368792251189,0.1110523848523371,0.0,0.0,0.0,0.0,0.0,0.0,0.0,0.0,0.0,0.0,0.0,-0.5,-0.5,-0.5,-0.5,-0.5,-0.5,-0.5,-0.5,-0.5,-0.5,-0.5,-0.9473684210526316,-0.9473684210526316,-0.9444444444444444,-0.95,-0.9473684210526316,-0.9473684210526316,-0.9473684210526316,-0.9444444444444444,-0.9411764705882352,-0.9411764705882352,-0.9444444444444444,-0.9411764705882352,-0.9411764705882352,-0.9375,-0.9375,-0.9375,-0.9375,-0.9375,-0.9333333333333332,-0.9375,-0.9375,-0.9375,-0.9375,-0.9375,-0.9411764705882352,-0.9411764705882352,-0.9411764705882352
FZGZ-L,30.0,-0.0136434888210883,8.941750823307192e-07,0.0970195109365753,0.0374262278589213,0.1583517462082972,1.964987963322441,1.7706999999999988,-0.1192733961435523,0.0001135592856756,0.0022200739996027,-0.004118356021243,1.0,0.1268595158606547,0.0566786422864496,7.89214101325274e-08,-0.0294663527256904,5.507189647902028e-09,-0.0250435540069686,0.0210929940942651,6.686281980258487e-07,-0.0940028553439939,4.0,0.1239219464383224,0.0585347830794197,-0.0233352754322641,0.0553984750170644,0.0651753265667178,0.0129808181108392,0.0247396005437181,0.105927002640378,0.5750112040645876,-0.0492359932088285,0.0424778761061945,0.0369718309859155,0.019031141868512,0.1348747591522157,0.0927643784786642,-0.0264462809917355,0.0517857142857143,0.0968342644320296,-0.0134003350083752,-0.0515297906602254,-0.0422764227642277,0.0068376068376068,-0.0621019108280255,-0.2448717948717949,-0.2477650063856961,-0.2692307692307693,-0.3037825059101656,-0.3143189755529686,-0.1633522727272728,-0.1338235294117647,-0.1274074074074074,-0.1451378809869375,-0.1561604584527222,-0.0980091883614089,-0.1573676680972818,-0.2320730117340287,-0.2157123834886818,-0.1376281112737921,0.0120274914089346,0.0017006802721089,0.0517857142857143,0.0480427046263345,0.0574506283662477,0.1709741550695824,0.1803607214428857,0.3356009070294783,0.2916666666666667,0.24,0.3356009070294783,0.2348008385744235,0.0709090909090908,0.0261324041811845,0.0243478260869565,0.0225694444444444,0.0155172413793103,0.0728597449908925,0.1197718631178708,0.0333333333333332
FZHF-L,28.0,0.0214978994640011,6.156809338135148e-07,0.0668024241246619,0.0344328785773038,0.1367695508930119,1.1179426006537507,3.5500000000000043,0.2140966456136035,0.0011482246864262,0.0015138723106931,0.0987974455410179,1.0,0.1704588547591961,0.0255895196506549,7.114698349526862e-08,0.0133577939574607,4.878777050875392e-08,0.0449533683159482,0.0345357091119803,1.2208235156133604e-06,0.0189926042623955,3.0,0.536247982981979,-0.0633469740189916,-0.0323076507958332,-0.0446114978611672,-0.0224221819382578,0.0108163265306122,0.0314967314712624,0.0557901085645355,0.4752673583685081,-0.0673316708229425,-0.0098765432098765,0.0177664974619289,0.0,-0.017156862745098,0.0177664974619289,-0.0074257425742574,0.0177664974619289,0.0361757105943152,0.1077348066298342,0.0956284153005464,0.0524934383202098,0.0986301369863014,0.089673913043478,0.1264044943820224,0.1201117318435753,0.0956284153005464,0.1016483516483515,0.089673913043478,0.1232492997198879,0.1232492997198879,0.1046831955922864,0.1794117647058823,0.1327683615819208,0.1201117318435753,0.089673913043478,0.148997134670487,0.1392045454545454,0.1863905325443786,0.3147540983606558,0.1863905325443786,0.2338461538461538,0.1690962099125363,0.1970149253731341,0.3411371237458191,0.204204204204204,0.2453416149068321,0.2977346278317152,0.3972125435540068,0.3686006825938566,0.3104575163398693,0.3061889250814331,0.2811501597444088,0.4169611307420493,0.4119718309859155,0.3780068728522334,0.5664062499999998,0.6169354838709677,0.5423076923076922
FZHT-L,30.0,0.103433401112183,3.548143702620209e-07,0.0384979601381446,0.0582091952297888,0.1371247454494225,2.959057217209147,6.76639999999999,0.2756324044859353,4.021882610018456e-05,-0.003785423780789,0.0010938088124818,1.0,0.5203654628495082,0.1315638541654248,6.069199323768876e-08,0.012678303709415,6.519079642864055e-07,0.0578738866419651,0.0180117720922755,7.609349136489292e-07,0.0907530594919536,4.0,1.233480176934707,0.1231718751876222,0.0118712723428452,-0.081197973665103,0.0107251097516865,0.0138342284182244,0.0450096555001811,0.0756509078999644,0.5522706142494783,-0.0454201362604088,0.0083969465648856,-0.0112275449101795,-0.0448300795372378,-0.0427536231884058,0.0687702265372169,0.0872427983539094,0.1232993197278913,0.0953565505804312,0.0636070853462158,0.0037993920972645,0.0177195685670261,0.0385220125786163,0.0,0.0534290271132378,0.0467511885895406,0.0417981072555206,0.0200772200772201,0.034455755677369,0.0320312499999999,0.055111821086262,0.0576461168935149,0.042620363062352,0.036078431372549,0.1506968641114983,0.0467511885895406,0.0030372057706911,0.0068597560975611,0.0576461168935149,0.1309931506849315,0.216390423572744,0.2197599261311174,0.1496953872932986,0.2108157653528872,0.2714148219441772,0.2665388302972196,0.2989183874139627,0.5504694835680752,0.6430348258706471,0.6208588957055214,0.4173819742489271,0.4694104560622916,0.4826038159371493,0.3438453713123093,0.354871794871795,0.4128342245989307,0.6308641975308644,0.7023195876288661,0.6742712294043094
GBFO-L,18.0,0.0275299630321747,4.567270988614325e-07,0.0495556638052547,0.1006889676378089,0.0497155789998544,0.9383805676479358,9.2329,3.0125626488590247,0.006074672376075,-0.0006761909796357,0.0485561959333473,1.0,0.2436890055471472,-0.4150920764782782,6.075314249079512e-08,-0.0366043136884395,5.1456792811277055e-08,0.6325406824609474,0.009346642124813,1.090474841352512e-05,0.0674013933570682,3.0,0.0981595740103068,-0.0297814583076271,-0.0781993379381224,0.1114325229410157,0.024551845078315,0.0018909928734789,0.0499061007028057,0.0917034064276772,2.922878284847126,-0.0576923076923077,0.0196078431372548,-0.1381215469613259,-0.3304721030042918,-0.390625,-0.390625,-0.4620689655172413,-0.5047619047619047,-0.4545454545454545,-0.5451895043731778,-0.5617977528089888,-0.5229357798165137,-0.4967741935483871,-0.5047619047619047,-0.4448398576512455,-0.2972972972972973,-0.2744186046511627,-0.2710280373831776,-0.3472803347280334,-0.2040816326530612,-0.0658682634730538,0.1063829787234043,0.1386861313868612,0.1386861313868612,0.1908396946564885,-0.025,0.0469798657718121,0.0758620689655173,0.0833333333333334,0.2580645161290322,0.1641791044776119,-0.0126582278481012,0.278688524590164,0.3109243697478991,0.4181818181818182,0.1142857142857143,0.0833333333333334,-0.0877192982456139,0.1304347826086958,-0.025,-0.0714285714285714,-0.0658682634730538,-0.1284916201117318,-0.3157894736842104,-0.376,-0.35,-0.2463768115942027,-0.2571428571428571,-0.5015974440894568
GCAH-L,17.0,-0.04528890147188,4.886988966272438e-07,0.0530246580148862,0.1630919840926329,0.2358718250439307,0.7643835210356129,67.52890000000001,-0.171048362052371,0.0444100992793903,0.0062011064290088,0.0129779310362207,1.0,0.2756922543601246,0.0072025224999237,5.376693828204982e-08,-0.1196815229342605,7.317508469700052e-08,-0.0359146216286694,-0.0269033452003177,8.640411207111608e-07,-0.0748855225808307,4.0,1.20581232931296,-0.0815061391301351,-0.0070620653835179,0.0817682803466971,0.0987099535573787,0.0034310487507864,0.0097690661679457,-0.0092827152690643,1.0680998807861617,-0.0779768177028451,0.1047729918509896,-0.0196280991735536,-0.030643513789581,-0.016580310880829,0.0226293103448276,0.0735294117647058,-0.072336265884653,-0.0236625514403292,-0.1072436500470367,-0.0575968222442899,-0.0336048879837067,0.0627099664053751,0.0337690631808278,0.053274139844617,-0.0316326530612245,-0.0135135135135133,0.0382932166301968,0.0747451868629671,0.2586206896551724,0.2552910052910053,0.2894021739130434,0.3235704323570432,0.2789757412398923,0.3125864453665283,0.2602921646746348,0.3914956011730204,0.3272727272727271,0.3035714285714286,0.4164179104477612,0.3441926345609065,0.4270676691729322,0.5257234726688105,0.7771535580524345,0.5711920529801324,0.4555214723926382,0.4510703363914372,0.5660066006600661,0.6447140381282497,0.6139455782312926,0.8904382470119523,0.6030405405405406,0.5582922824302134,0.5843071786310516,0.5737976782752903,0.4466463414634147,0.6277873070325901,0.3217270194986072,0.1967213114754098
GJWE-L,22.0,-0.1738271755526067,4.865731223196491e-08,0.0052794007901994,0.1584216659922781,0.1117866803288639,1.7961443182529315,4.362500000000004,-0.6480820220789842,0.0027255419888887,-0.005688192544172,-0.011890421836936,1.0,0.1578948080034126,0.3692265890858965,1.3433651550469924e-07,-0.0171049581718791,4.986235562722631e-08,-0.136076255440454,-0.0374490504630678,1.7442594273461142e-06,-0.1831377370802333,4.0,0.2387694101100851,0.019320784165722,0.0425512958668259,-0.0410670063603898,-0.1977007515254355,0.0477009045212648,-2.948282116391149,-0.1977007515254355,0.4427196339664063,-0.223175965665236,0.0219298245614036,-0.1240601503759398,-0.1038461538461538,-0.2101694915254237,-0.1737588652482269,-0.120754716981132,-0.1824561403508772,-0.1273408239700374,-0.1824561403508772,-0.3342857142857143,-0.3581267217630853,-0.2896341463414633,-0.2741433021806853,-0.283076923076923,-0.255591054313099,-0.3509749303621169,-0.3491620111731843,-0.3835978835978835,-0.3932291666666666,-0.3868421052631579,-0.356353591160221,-0.3246376811594202,-0.332378223495702,-0.4040920716112531,-0.4581395348837209,-0.3509749303621169,-0.3003003003003003,-0.1909722222222222,-0.2483870967741935,-0.2310231023102309,-0.2207357859531773,-0.1965517241379309,-0.1648745519713261,-0.0862745098039214,-0.0968992248062015,0.0355555555555555,-0.1038461538461538,-0.0042735042735041,-0.0604838709677418,-0.2101694915254237,-0.1909722222222222,-0.2207357859531773,-0.2939393939393938,-0.2128378378378378,-0.2101694915254237,-0.0411522633744856,-0.0251046025104603,-0.0604838709677418
GOAH-L,23.0,0.0763543667865855,3.367284007407733e-07,0.0365356018120866,0.0209864523162901,0.2610977241159766,0.8446316890528504,19.623400000000004,0.0824243358665108,-0.0033174029678139,0.0034276577045813,0.1053851505182892,1.0,0.2030938600599356,0.1290429222881603,6.253001186978124e-08,-0.0578845422457828,7.08723410755635e-07,0.0173064436286957,0.0735644751079582,5.887730695049906e-07,0.0486394161656965,5.0,5.474704601048308,-0.0166031414256093,-0.0220763666012839,0.0922871022085535,-0.000415312619449,0.0142372213627551,0.0377921393502311,0.0558792799843783,0.4277709200884976,0.0056179775280897,0.0666590571852527,0.0798162752404887,0.0720431341057703,0.0459747600526065,0.1062771908017403,0.1095939206839231,0.0588335268957314,0.0593736715318122,-0.0386791482357781,-0.0291413433068411,-0.0531914893617021,-0.0433781190019193,-0.0134079391891891,-0.0259029551258664,-0.0323081702392046,0.0081993742582804,0.0038941855780851,0.0014198837302756,0.1071946921003523,0.0121852152721364,0.0349123729892855,0.0760860177908282,0.047000168057812,0.1022971897024564,-0.0123130581831633,0.0109806891329042,0.0328249336870025,-0.0083828522920202,0.0031936877700544,0.1349628055260361,0.0627167794393586,-0.0092501789074717,0.1182911506013284,0.0887167239471078,0.1300903951386161,0.1376917457998538,0.1269898697539797,0.1356524380981316,0.0596439505612882,0.0223449935727375,0.0384198683223602,-0.0255728474231641,-0.0467203917168214,-0.0483706720977596,0.0033552543282779,-0.0310790844760102,0.1041205139565795,-0.0232813357372422
GOT-L,30.0,0.0082049701671806,3.6118560876652434e-07,0.0391892503071303,0.167487100160782,-0.0108267783701328,1.2690588841669406,1090.4154,-0.3561668143841548,0.1118529789970038,0.0197437091109392,0.0015232516794704,1.0,0.3628297755512445,-0.1459654428250143,-2.7116536390092244e-08,-0.0398591751966531,2.814731582645314e-06,-0.0747835069673392,0.0133841586030884,7.515848210822202e-07,0.1030696301422356,3.0,5.977582323212656,-0.1915246826638746,0.3453555867387428,-0.1218881044383276,0.1556186212996159,-0.025333612903569,-0.0705622923198041,0.0236754771834483,1.6536866802719628,0.0131771595900438,0.0029368575624082,0.001466275659824,0.0270676691729323,0.1252059308072486,0.1940559440559441,0.2555147058823528,0.2240143369175626,0.527964205816555,0.4318658280922434,0.4656652360515021,0.4024640657084188,0.4751619870410368,0.4409282700421941,0.5957943925233644,0.5177777777777779,0.4111570247933884,0.2262118491921005,0.1961471103327496,0.3660000000000001,0.2766355140186918,0.2671614100185528,0.4719827586206897,0.4288702928870291,0.678132678132678,0.7160804020100502,0.2218246869409661,0.2886792452830189,0.2284172661870505,0.1775862068965517,0.3059273422562141,0.2196428571428572,-0.0298295454545454,0.0239880059970014,0.1270627062706271,0.0332829046898637,0.0806962025316455,0.0841269841269842,0.06055900621118,0.0928,0.0029368575624082,0.0118518518518517,-0.0707482993197278,-0.0513888888888889,-0.196470588235294,-0.1849642004773271,-0.152605459057072,-0.1187096774193547,-0.1504975124378108
GRAN-L,9.0,0.0168014924760243,3.484284689883647e-07,0.0378050790338708,0.1405622509410601,0.1119405357041203,1.7718736849745755,22.9813,0.1531184580097865,0.0040499043210056,0.0058214611009344,0.0034428070758841,1.0,0.2183906391399186,0.0294862048561801,5.5733799520364944e-08,-0.0286438559304062,7.247155621630379e-08,0.0321499219156688,-0.0068041487366548,7.525907785850809e-07,0.0110456476120027,3.0,0.6842699281631868,-0.0455513465324005,0.0067255686391952,0.1036679497776055,0.0179454466774062,0.026024452219047,0.0855941807030607,0.0652181921754189,0.5804331135765289,-0.0541642399534072,-0.036475869809203,0.0244630071599045,0.0117855038302889,0.0412371134020621,0.1915336571825121,0.2238061297220244,0.2108603667136814,0.2023809523809525,0.104890604890605,0.0572660098522168,0.1656483367277665,0.2643593519882181,0.1562289562289562,0.1923611111111112,0.1401062416998673,0.2433019551049964,0.1439040639573618,0.1310935441370224,0.2100070472163497,0.3681274900398408,0.3197540353574175,0.3846774193548388,0.4465037910699243,0.4201819685690655,0.3802250803858522,0.4840103716508213,0.6767578125000002,0.7664609053497944,0.7000000000000002,1.02,1.02,1.2356770833333337,1.24738219895288,1.5029154518950438,1.6094224924012162,1.6415384615384618,1.4705035971223022,1.6415384615384618,1.5858433734939763,1.2298701298701302,1.388038942976356,1.3297150610583448,1.24738219895288,1.0939024390243903,0.9803921568627454,0.9918793503480284,1.20410783055199,1.4285714285714288
GVDY-L,21.0,-0.2555528699743633,1.2275605204366136e-06,0.1331923956406547,0.2233341367274423,0.0668897027386436,0.2637306742187561,3.2887000000000004,-1.796011849808623,-0.0678996803897323,0.0017905796744395,0.171429099129029,1.0,0.1239804282749969,0.0809592028745136,8.978930024338184e-08,0.0233329714294698,4.1845580742167515e-10,-0.3771043771043771,0.0189363990554658,1.2894225819013855e-06,-0.433025051801982,2.0,0.1404644258751447,0.2618248430959429,-0.2684097019675651,0.2684097019675651,0.2684097019675651,0.0087046655544369,0.0214182158237777,0.2684097019675651,0.3418821157342291,0.1304347826086958,-0.0086206896551723,-0.2434210526315789,-0.217687074829932,-0.2281879194630872,-0.3882978723404255,-0.3850267379679145,-0.4444444444444444,-0.441747572815534,-0.3465909090909091,-0.2901234567901235,-0.3882978723404255,-0.425,-0.4278606965174129,-0.3750000000000001,-0.4010416666666667,-0.4041450777202072,-0.4278606965174129,-0.4390243902439024,-0.4278606965174129,-0.4843049327354261,-0.4523809523809524,-0.3979057591623036,-0.371584699453552,-0.3072289156626506,-0.2333333333333334,-0.2434210526315789,-0.1843971631205674,-0.2384105960264901,-0.1958041958041958,-0.1666666666666666,0.0267857142857141,-0.1417910447761194,-0.1958041958041958,0.0360360360360358,-0.0573770491803279,0.0176991150442478,-0.2281879194630872,-0.2580645161290323,-0.2483660130718955,-0.4700460829493088,-0.5208333333333334,-0.4866071428571429,-0.5188284518828452,-0.603448275862069,-0.5576923076923077,-0.5772058823529412,-0.5525291828793775,-0.6153846153846154
HOJK-L,19.0,0.1053155608613221,3.195662469657529e-07,0.0346734790592017,0.2072064000527502,0.4665675390940437,1.098515081704129,45.31989999999999,0.3859046702051582,0.0375324058097411,0.0028867522921228,-0.0427401194444386,1.0,0.3019359688813011,0.1556369351977461,6.038344402536886e-08,-0.0430466600315602,3.72082080704665e-07,0.081027494498376,0.1195771441861774,2.197699627903827e-07,0.0394972129845354,4.0,5.05090625513572,-0.0910672550874238,0.0132285446194627,-0.118885990818389,0.0384336987924619,0.0235490761700855,0.0397440893881185,0.0870995946270736,0.2620373886319761,-0.0760233918128655,0.0734463276836159,-0.0344438170525126,-0.1346153846153845,-0.1315388522092432,-0.0937996820349761,-0.1723136495643755,-0.0884861407249466,-0.1018907563025208,-0.1158221302998965,-0.1563887518500245,-0.15929203539823,-0.1372351160443995,-0.2031686859273066,-0.1153647180548368,-0.0609555189456342,0.0227272727272729,0.0477941176470588,-0.0011682242990653,0.0640945861854387,0.0433190970103722,0.1484217595701813,0.1672354948805461,0.2127659574468086,0.3053435114503817,0.1858529819694869,0.2601326455416359,0.3560666137985726,0.3560666137985726,0.5702479338842976,0.663424124513619,0.7255297679112009,0.7014925373134329,0.9021134593993329,0.8172157279489907,0.7203219315895375,0.7290192113245704,1.0904645476772616,1.3651452282157677,1.4675324675324677,1.371705963938974,1.150943396226415,0.988372093023256,1.186700767263427,1.1215880893300247,1.2619047619047623,1.2983870967741935,1.48546511627907,1.7360000000000002
HRG-L,24.0,0.0298859544882141,5.894168088389109e-08,0.0063952722080212,0.0777907897909275,0.1021382100180825,0.8479632014151319,1761.0,-0.1437565946068823,0.0519148046837014,-0.012965360671148,0.0146475588444329,1.0,0.1678422861276903,-65.11764705882354,4.8978373817049874e-08,-0.025618845404423,7.71656682805885e-06,-0.0301842335114055,0.0104290452457388,7.353380252289844e-07,0.0283974892233229,5.0,20.797267984445696,-0.0516299545542572,-0.0099402972700719,0.0356124521518263,0.0091520587339766,0.0207323732168452,0.2714477211796247,0.0210362419664745,0.3441567090601877,-0.0046728971962617,-0.0092592592592591,-0.0221932114882505,-0.0548895899053627,-0.0470737913486005,-0.0125247198417929,-0.0164149704530531,0.0204359673024523,0.0746054519368724,0.1487730061349694,0.1435114503816794,0.1331316187594553,0.1612403100775195,0.1079881656804735,-0.0144736842105261,-0.0221932114882505,-0.0118733509234828,-0.0809815950920245,-0.1208920187793426,-0.0335483870967742,-0.095956547978274,-0.1008403361344537,-0.0241042345276872,-0.0409731113956465,0.0204359673024523,-0.0660847880299251,-0.1003003003003002,-0.0637499999999999,-0.1188235294117646,-0.0637499999999999,0.0345303867403314,0.0267306374228923,0.0594059405940594,0.0586572438162544,0.0446304044630405,0.0910415149308083,0.1088082901554403,0.0722977809591982,0.1813880126182965,0.1567567567567569,0.07,0.1112759643916914,0.0288461538461537,-0.0092592592592591,-0.0434227330779054,-0.036036036036036,0.026027397260274,0.0886627906976744,0.0053691275167784
IAEK-L,20.0,0.1962237762237761,4.017634781997393e-07,0.0435920178691575,0.0201683619782532,0.142223517897674,1.166352676333669,-13.400000000000002,0.4481909529006113,-0.0052643503404864,0.0004321521175453,0.349137699239225,1.0,0.1346505253540429,0.0322935275525628,5.653141592879719e-08,0.0042985416799337,5.2218409864122856e-08,0.0941055985434683,0.1642353146853147,1.4279931932818209e-06,0.2521690193687566,4.0,0.5256872448697575,-0.1357079893706689,-0.0452972206485004,1.0778387110487608,0.0223772377210722,0.0073560943427346,0.0302208971405339,0.0778387110487607,0.5162881783252107,-0.0913043478260869,-0.0456431535269711,-0.065040650406504,-0.029535864978903,-0.2307692307692308,-0.2698412698412699,-0.2580645161290323,-0.0573770491803279,0.0043668122270741,0.0,0.0132158590308368,-0.1050583657587548,0.1794871794871795,0.0599078341013823,-0.2628205128205129,-0.2307692307692308,-0.3072289156626506,-0.2857142857142858,-0.3313953488372093,-0.2923076923076924,-0.2744479495268139,-0.1901408450704225,-0.094488188976378,-0.065040650406504,-0.0043290043290044,-0.0725806451612903,-0.1385767790262172,-0.2281879194630872,-0.2409240924092409,-0.2150170648464164,-0.267515923566879,-0.2123287671232877,-0.2721518987341773,-0.222972972972973,-0.2096219931271479,-0.3093093093093093,-0.3447293447293447,-0.311377245508982,-0.255663430420712,-0.2013888888888889,-0.1901408450704225,-0.1221374045801527,-0.1153846153846155,-0.0873015873015873,0.0360360360360358,-0.0495867768595041,0.1499999999999999,0.1057692307692306,0.1734693877551019
IAYH-L,19.0,-0.0184624429401039,5.476363745085434e-07,0.0594194741900076,0.0075656667416213,0.2498669359653834,0.9370519456569644,49.127,-0.0067363652927214,-0.0184554830595166,0.0070656994257375,0.0286513987562898,1.0,0.3521676768357374,-0.1561941641184013,5.4454452135001684e-08,-0.1530334157522222,1.2895846730828948e-07,-0.0014144187511513,0.0458464584552925,1.1098309738438004e-06,0.0675209111515117,5.0,1.12842900168606,-0.0293337184461117,-0.0105824624611845,-0.4938922756767275,0.0445898838273357,0.0058624481315216,0.017844578324122,0.0242573794192711,0.6714924024291472,0.0360205831903945,0.0051724137931035,-0.0411184210526315,-0.1324404761904761,-0.1311475409836066,-0.0746031746031745,-0.1153262518968133,-0.1623563218390804,-0.1311475409836066,-0.1058282208588956,-0.163558106169297,-0.1513828238719068,-0.171875,-0.1730496453900708,-0.1413843888070691,-0.2174496644295301,-0.1599423631123919,-0.0168634064080943,-0.0789889415481832,0.071691176470588,0.063868613138686,0.1168582375478928,0.2020618556701032,0.2171189979123173,0.3464203233256351,0.2325581395348837,0.3160270880361175,0.349537037037037,0.3190045248868778,0.3190045248868778,0.3782505910165483,0.3558139534883722,0.358974358974359,0.3782505910165483,0.5382585751978892,0.5714285714285714,0.5799457994579946,0.4466501240694789,0.5672043010752688,0.4502487562189057,0.3685446009389672,0.3815165876777251,0.2591792656587472,0.199588477366255,0.2351694915254238,0.2591792656587472,0.3042505592841165,0.3914081145584724,0.3160270880361175
IPVV-L,18.0,0.0547325582902393,5.181592206231972e-07,0.0562211530666946,0.126345539444581,0.8133587227186173,0.8447656856991136,3.976,0.0643599806217617,0.1339512846690489,0.0157038528726708,0.0144936417072382,1.0,0.30251022535889,0.059346339836585,8.245981709928574e-08,-0.0662179806606656,1.4702354637346785e-11,0.0135135135135135,0.0273079565042705,1.4253884902345377e-07,0.0490425595774056,4.0,0.0344707794638011,0.0018378255669689,-0.0222459187186594,-0.0615427151491263,0.1651603992044961,0.0600896061909731,0.0777938898592756,0.0230617545209695,0.3052205089404038,-0.0357142857142857,0.0370370370370369,-0.2222222222222221,-0.263157894736842,-0.176470588235294,-0.096774193548387,-0.1515151515151515,-0.1249999999999998,0.0370370370370369,0.0769230769230771,0.0370370370370369,0.0769230769230771,0.0769230769230771,0.0769230769230771,0.1666666666666667,0.1666666666666667,0.1666666666666667,0.2727272727272729,0.4000000000000001,0.3333333333333335,0.3333333333333335,0.5555555555555558,0.6470588235294119,0.6470588235294119,0.6470588235294119,0.7500000000000002,0.8666666666666669,0.8666666666666669,0.7500000000000002,1.3333333333333337,1.3333333333333337,1.545454545454546,1.3333333333333337,1.545454545454546,2.5000000000000004,1.3333333333333337,1.3333333333333337,0.5555555555555558,0.2727272727272729,0.2727272727272729,0.3333333333333335,0.4000000000000001,0.2727272727272729,0.3333333333333335,0.4000000000000001,0.1666666666666667,0.3333333333333335,0.2727272727272729,0.0
IQTP-L,20.0,0.0506826648099573,9.148678856930368e-07,0.0992647151496986,0.064281512013035,0.5691760939136187,1.14040831546864,58.75109999999998,0.7298413903302917,0.0223017923149867,-0.0026384533311533,0.0496695069538157,1.0,0.0915840087420593,0.0893133968746203,6.802087221608587e-08,-0.0279805416511766,2.933245452049362e-07,0.1532430773854997,0.0911408848591283,1.8446671813949014e-07,-0.1048167500497389,5.0,2.8411595359507724,-0.0626808345769961,-0.0650214383402013,0.4057874067548127,0.4257015906211718,0.0158104257611489,0.0197712171959268,0.537240191463155,0.4326589688534979,-0.1256384065372828,-0.1646757679180888,-0.255513307984791,-0.246923076923077,-0.2961897915168944,-0.2916063675832128,-0.2801470588235294,-0.2885174418604651,-0.1988543371522095,-0.2309505106048704,-0.2130225080385852,-0.1618150684931507,-0.1067518248175184,-0.063157894736842,-0.0807511737089202,-0.0439453125000001,-0.1653878942881501,-0.206645056726094,-0.1710414902624895,-0.1949013157894737,-0.2895500725689405,-0.2688573562359971,-0.288,-0.3271477663230241,-0.2480798771121352,-0.1516464471403813,-0.1188118811881188,-0.0411361410381979,-0.0091093117408908,-0.1156278229448962,0.0734649122807018,0.0746432491767288,0.1317919075144507,0.2191780821917808,0.3788732394366196,0.2161490683229812,0.1531213191990577,0.1997549019607842,0.1968215158924204,0.1585798816568047,0.2222222222222221,0.1463700234192038,0.0481798715203425,-0.0364173228346457,0.028361344537815,0.0606717226435535,0.0134575569358177,0.0103199174406605,-0.0485908649173955
ISUP-L,19.0,-0.0121506682867557,1.6070732077882312e-06,0.1743701650156472,0.0537089582488852,0.0694595857343093,0.6679562572473263,2.0,-0.177214935546073,0.0150993732187696,-0.0004014452027298,-0.0743639921722113,1.0,0.026886579304112,0.0879458794587945,9.448027903333865e-08,-0.016096169519145,3.7619689327135776e-08,-0.0372094025380819,-0.0034426893479141,2.8244152645639405e-06,-0.0612922705314009,4.0,0.3094813535127511,0.0354839977209769,0.0839100265449634,-0.096177370030581,0.403822629969419,0.0062525625256252,0.0172413793103448,-0.0128440366972477,0.4134216700679907,-0.0516605166051661,0.0544747081712062,0.0343511450381679,0.0503875968992246,0.0544747081712062,0.0463320463320464,0.0149812734082397,-0.0355871886120996,0.0883534136546184,0.1244813278008298,0.0544747081712062,-0.0424028268551237,0.0304182509505703,0.0423076923076921,0.0669291338582676,0.0669291338582676,0.1386554621848739,0.1938325991189426,0.1152263374485595,0.0226415094339622,0.1106557377049179,0.084,0.0,0.0796812749003985,0.1938325991189426,-0.0321428571428571,-0.0557491289198607,0.0074349442379182,0.1386554621848739,0.1681034482758621,-0.0622837370242215,0.0074349442379182,-0.0073260073260073,-0.0622837370242215,-0.075085324232082,-0.2144927536231884,-0.191044776119403,-0.2472222222222222,-0.1341853035143769,-0.245125348189415,-0.2811671087533156,-0.4121475054229935,-0.4057017543859649,-0.3454106280193236,-0.3485576923076923,-0.4134199134199134,-0.3593380614657211,-0.2942708333333333,-0.2513812154696133
IVFH-L,17.0,0.0493393800024468,6.549449765184502e-07,0.0710626392613846,0.0664537492681323,0.1092692936420347,1.0846285921603769,4.954000000000001,0.0234198748785944,0.0008999091190656,0.0028473133230394,0.008403317717188,1.0,0.194243191169611,0.0579631547969758,6.939112920503726e-08,-0.022819102568281,2.466768887788109e-07,0.0049174159563011,0.0230860373457572,1.5421373594003257e-06,0.0425231342291004,4.0,1.0260303423708983,0.0537077866728677,-0.0228937686823189,-0.2072530451791506,0.0857878152551148,0.00823256465565,0.0282078732072477,0.1062244223497558,0.714505327056451,0.1085972850678733,0.0327102803738317,-0.0714285714285714,-0.0979591836734694,-0.1195219123505975,-0.0635593220338982,-0.0349344978165939,-0.1784386617100372,-0.15,-0.1124497991967872,-0.15,-0.15,-0.169172932330827,-0.0905349794238683,-0.0675105485232068,-0.1124497991967872,-0.1016260162601626,-0.0675105485232068,-0.1195219123505975,0.0,-0.0133928571428572,0.0940594059405941,0.201086956521739,0.1755319148936169,0.3812499999999998,0.0625,0.0780487804878049,0.0523809523809524,0.0231481481481481,0.042452830188679,0.0833333333333332,0.0780487804878049,0.0523809523809524,0.099502487562189,0.099502487562189,0.2277777777777776,0.3,0.2701149425287357,0.3,0.3475609756097562,0.3641975308641973,0.3641975308641973,0.2923976608187135,0.2701149425287357,0.3899371069182389,0.3987341772151898,0.3812499999999998,0.4539473684210526,0.3726708074534159
JILS-L,14.0,-0.0491485353042574,3.525160616306114e-07,0.0382485897588902,0.0398952783158576,0.1632721585371757,3.7233467669625937,0.9462000000000046,-0.1119211931353752,-0.0043157977840998,-0.0002255009142452,-0.0100038070933964,1.0,0.1496171889445506,-0.0809838060405489,6.10168539714287e-08,-0.1055890614380269,2.435694893221548e-06,-0.0234998292614782,0.0162393862704732,9.48686251978824e-07,-0.0367497015148157,4.0,1.491183000076394,0.2328997349397198,0.1411941822564685,0.0135006422369683,-0.2465023072709589,0.0105862537507954,0.0378373225178464,0.041356899126466,0.6003434782226926,-0.0510204081632651,0.1070467993544916,0.2177514792899408,0.1581316826111423,-0.0120019203072491,0.0295147573786893,-0.0246445497630333,-0.0134228187919464,-0.1389121338912133,-0.2127008416220352,-0.217490494296578,-0.2647374062165059,-0.2586455331412105,-0.3250245982289275,-0.3894986650845446,-0.3580786026200874,-0.2983293556085918,-0.2360801781737195,-0.2725344644750795,-0.2453245324532453,-0.2274774774774776,-0.1541307028360049,-0.2111920275967804,-0.220159151193634,-0.1499380421313507,-0.1551724137931035,-0.1017023134002619,0.0326141495233316,0.2480291085506367,0.3692614770459081,0.5021897810218978,0.525574499629355,0.4066985645933012,0.527839643652561,0.6294536817102134,0.6015564202334629,0.383064516129032,0.5121234386480529,0.8557258791704236,0.971264367816092,0.7849089332176928,0.8658204895738892,0.6477181745396314,0.5662100456621002,0.9864864864864864,1.432624113475177,1.8823529411764703,1.625,0.9144186046511626
JLPL-L^L19,15.0,-0.5531531531531532,-3.1975260416666666e-07,-0.0346936991311422,0.4773842917251051,-0.015123099160226,6.070509984109525,2.5045,-1.4742441370305943,0.2002297078620375,-0.0712526674490327,-0.1165843595674189,1.0,0.408695652173913,0.1230061461915562,-5.3125e-09,-0.2611944339162921,2.835158911294245e-14,-0.3095435684647303,-0.0368194281237759,3.3534375e-07,0.0523425433327612,4.0,0.0107962650961846,-0.1826086956521739,-0.0454886095186216,0.1584615482346364,0.3315165766976346,-1.362162162162162,0.1590327065193531,-0.0802481291847184,1.6536866802719628,0.0,0.0,0.0,0.0,0.0,-0.9761194029850746,-0.975609756097561,-0.975609756097561,-0.975609756097561,-0.975609756097561,-0.975609756097561,-0.975609756097561,-0.9693486590038314,-0.9693486590038314,-0.9693486590038314,-0.9693486590038314,-0.9693486590038314,-0.9693486590038314,-0.9693486590038314,-0.9693486590038314,-0.9693486590038314,-0.9693486590038314,-0.9693486590038314,-0.9693486590038314,-0.9693486590038314,-0.9693486590038314,-0.9693486590038314,-0.9693486590038314,-0.9693486590038314,-0.9693486590038314,-0.9693486590038314,-0.9693486590038314,-0.9693486590038314,-0.9693486590038314,-0.9693486590038314,-0.9693486590038314,-0.9693486590038314,-0.9693486590038314,-0.9693486590038314,-0.9693486590038314,-0.9693486590038314,-0.9693486590038314,-0.9693486590038314,-0.9693486590038314,-0.9693486590038314,-0.9693486590038314,-0.9693486590038314,-0.9693486590038314,-0.9693486590038314
KAKY-L^E19,13.0,-0.1297264641718408,2.2578110516934046e-06,0.2449763232626857,0.0179466993692622,0.1411592084615079,0.2172479914346329,-0.5089,-0.0256331462110353,-0.0013276862691965,-0.0006080011858081,0.9778579110520657,1.0,0.0393566787549108,-0.1210878085066225,1.9393939393939392e-08,-0.140721545882623,1.2526218772066736e-12,-0.0053821313240043,-0.1183607987917434,7.587736185383244e-07,-0.1746575873675719,4.0,0.0059147507021089,-0.1079444735734189,-0.0416035838257972,-0.0429317535515574,-0.0931992891196673,-0.0007957745538991,-0.001069199870889,-0.1579097271198394,1.3302450207481815,0.0102040816326529,0.0208333333333332,-0.3594771241830066,0.0103092783505154,0.0315789473684211,0.0315789473684211,0.0425531914893617,0.0652173913043476,0.101123595505618,0.0769230769230768,0.1136363636363635,0.053763440860215,0.053763440860215,0.0425531914893617,0.0425531914893617,0.0208333333333332,0.0425531914893617,0.0103092783505154,0.0103092783505154,0.0103092783505154,-0.02,-0.2575757575757575,-0.379746835443038,-0.1967213114754098,-0.176470588235294,-0.2032520325203252,0.0103092783505154,-0.1327433628318584,-0.1403508771929824,-0.1327433628318584,0.8490566037735847,0.8490566037735847,0.8490566037735847,0.8490566037735847,0.8490566037735847,0.8490566037735847,0.8490566037735847,0.8490566037735847,0.3424657534246575,0.6610169491525424,0.4000000000000001,0.4000000000000001,0.4848484848484848,0.4848484848484848,0.4626865671641789,0.3611111111111111,0.3424657534246575,0.380281690140845,0.2894736842105263
KCEU-L,19.0,-0.0015848480922891,2.022972845417e-06,0.2194959801258899,0.1075024049508442,0.0158617650564895,0.1063370501872784,-99.66320000000002,-1.4253486985505726,0.0390654524028787,-0.0014152790636792,-0.0185455760777529,1.0,0.0736789801588108,-0.0623859854977003,3.601398139900678e-07,0.0016751766386738,1.5646234938592412e-06,-0.299277108433735,-6.434515246478576e-05,2.660372087786041e-05,0.010313355728377,2.0,1.5806813332509235,-0.0550804661394863,0.1408185547056853,-0.1408185547056853,-0.1408185547056853,0.0027785057387419,0.0266104014057879,-0.1408185547056853,0.3285225849467777,-0.13,0.0309278350515465,-0.0291262135922329,0.0204081632653061,-0.1735537190082644,-0.1379310344827585,-0.1228070175438595,-0.2537313432835821,-0.2805755395683452,-0.3421052631578947,-0.2592592592592593,-0.2647058823529412,-0.2700729927007299,-0.3630573248407643,-0.375,-0.408284023668639,-0.3333333333333333,-0.3865030674846625,-0.4219653179190751,-0.441340782122905,-0.4565217391304348,-0.4475138121546961,-0.441340782122905,-0.4845360824742267,-0.3975903614457831,-0.4219653179190751,-0.4285714285714286,-0.3506493506493506,-0.3333333333333333,-0.358974358974359,-0.2753623188405796,-0.3150684931506849,-0.3333333333333333,-0.2700729927007299,-0.2307692307692308,-0.3006993006993006,-0.3006993006993006,-0.3103448275862068,-0.2481203007518797,-0.2248062015503876,-0.3150684931506849,-0.4252873563218391,-0.4845360824742267,-0.3902439024390244,-0.2805755395683452,-0.2907801418439716,-0.2307692307692308,-0.3243243243243243,-0.1304347826086955
KEUE-L,15.0,0.0307548189016146,2.254742827229241e-06,0.2446434157115372,0.0553555526608445,-0.0020441811681288,0.279141751193561,-105.0004,-0.5707347994288756,-0.1947973468410126,-0.012611891143389,0.6865647996586419,1.0,0.0596374380098291,-0.116929792781239,-4.885758596983946e-07,-0.009269197126834,7.60357220827699e-10,-0.1198358413132695,0.1773195843038113,6.6487634899570665e-06,0.0927285766711276,3.0,0.0544953982861131,-0.0369213643464802,0.0135488053725347,-0.0350371110302002,0.2501607411226977,-0.0581664946691918,-0.1976127082614103,0.0206644917496495,1.6536866802719628,-0.2076923076923077,-0.3564356435643564,-0.4605809128630705,-0.48,-0.35,-0.2972972972972972,-0.400921658986175,-0.5608108108108107,-0.5547945205479452,-0.5323741007194245,-0.5737704918032787,-0.6012269938650306,-0.6036585365853658,-0.6551724137931034,-0.6844660194174756,-0.656084656084656,-0.675,-0.7445972495088409,-0.7490347490347491,-0.7098214285714286,-0.7280334728033473,-0.7291666666666666,-0.726890756302521,-0.6632124352331605,-0.7031963470319634,-0.6306818181818181,-0.5220588235294118,-0.5373665480427046,-0.5652173913043479,-0.5737704918032787,-0.6,-0.5681063122923588,-0.4347826086956521,-0.4941634241245135,-0.5238095238095237,-0.6790123456790123,-0.6533333333333333,-0.7018348623853211,-0.7198275862068966,-0.7389558232931728,-0.7420634920634921,-0.7758620689655172,-0.7666068222621185,-0.7851239669421488,-0.7649186256781193,-0.7847682119205298,-0.778534923339012,-0.6904761904761905,-0.7893030794165317
KFZI-L,14.0,0.0367558633898442,4.216727191172439e-07,0.0457522042298644,0.0781640377508239,0.6890257783468641,1.4543369187605129,8.706600000000002,-0.5560440965392813,0.0359624001437251,-0.000583233202245,0.1284590798051006,1.0,0.0776757447566123,-0.0664285130648796,1.5645801087464333e-07,-0.0604056813464604,7.808499286920598e-09,-0.116751269035533,0.0050787963346237,3.337035857746054e-07,0.2374012696066125,3.0,0.3588099737622396,-0.114307012582167,0.147791290728866,-0.0471630867611973,-0.0656868874387656,0.0468725330874138,0.0897703927221532,-0.0220838363298342,0.5498932890210027,0.0,-0.0390309555854643,-0.0892857142857143,-0.1097256857855361,-0.185860889395667,-0.0950570342205323,-0.048,-0.0822622107969152,-0.1540284360189573,-0.125,-0.0605263157894736,0.0258620689655171,0.05,0.0084745762711864,0.024390243902439,-0.0834403080872914,0.1880199667221298,0.1762767710049422,0.1666666666666665,0.2184300341296927,0.2310344827586206,0.4631147540983606,0.4691358024691356,0.386407766990291,0.6451612903225805,0.8167938931297709,0.909090909090909,1.1969230769230768,1.3257328990228014,1.3486842105263157,1.5683453237410072,1.7461538461538455,1.4121621621621625,1.5229681978798584,1.6641791044776115,1.318181818181818,1.1570996978851964,1.4368600682593855,1.644444444444444,2.131578947368421,2.064377682403433,1.4368600682593855,0.8740157480314958,1.1768292682926829,1.2523659305993688,1.1969230769230768,1.4121621621621625,1.1969230769230768,0.7122302158273381
KGBE-L,11.0,0.2444166490190392,9.73839197425616e-07,0.1056632023549896,0.0798216716989722,0.1862803950843665,1.1107018212274895,3.1003000000000007,0.4736597903996877,-0.0756420786347608,0.02546579343475,-0.0258085108371027,1.0,0.0908521580122436,0.1852530958835531,1.1249301432745118e-07,0.0229474836844971,1.2107580048537465e-08,0.099453230354297,0.2251429457811442,1.4161437491679455e-06,0.2916774267904208,4.0,0.2449794680374126,0.3352160263966328,-0.0960943854969728,-0.0232645365633807,-0.0526542316264175,-0.0056780494256378,-0.01428701727364,0.282616394653041,0.6688432411957389,-0.0274135876042909,-0.0657015590200444,-0.1177707676130388,-0.1490872210953345,-0.1269510926118625,-0.1499493414387029,-0.1717670286278381,-0.1359423274974253,-0.1359423274974253,-0.1412487205731831,-0.1214659685863874,-0.0152582159624411,-0.0023781212841854,-0.0152582159624411,-0.0094451003541912,-0.0573033707865168,0.1112582781456954,0.0896103896103897,0.0606826801517068,0.0526976160602259,0.0742637644046095,0.1231593038821956,0.1900709219858156,0.1734265734265734,0.1867043847241867,0.0853816300129366,0.1461748633879782,0.1867043847241867,0.2037302725968437,0.2106782106782108,0.3576051779935276,0.3381180223285489,0.375409836065574,0.4591304347826088,0.574108818011257,0.3296354992076071,0.3233438485804418,0.375409836065574,0.449050086355786,0.4124579124579124,0.3048211508553655,0.2987616099071208,0.1652777777777778,0.1068601583113457,0.2124277456647398,0.3642276422764228,0.3844884488448847,0.4172297297297298,0.2320117474302498
LJXH-L,30.0,0.1420161883738041,4.855560871989142e-07,0.0526836578687978,0.0697532744441059,0.1264053479185657,2.0419298158700285,3.5000000000000004,0.3853718722563615,0.0155993037852495,0.0028121484814398,0.0056683986773736,1.0,0.3846153846153846,0.044426494345719,4.431215644970756e-08,0.0453452421848158,1.2222786614961432e-09,0.0809156241682192,0.0739514348785872,6.800789434781388e-07,0.2236486486486486,4.0,0.0748688974084814,-0.1902834008097165,-0.0027723400245122,-0.0626263735096336,0.0189376757266262,0.0150827116445021,0.0349624060150376,0.1469544648137196,0.5605717560243941,0.0491329479768785,-0.0280898876404495,-0.0773333333333333,-0.1601941747572816,-0.1761904761904762,-0.2045977011494252,-0.2009237875288684,-0.1781472684085511,-0.1662650602409638,-0.0894736842105262,-0.1240506329113924,-0.0648648648648648,0.0176470588235293,0.067901234567901,0.1233766233766233,0.1571906354515049,0.0548780487804878,0.1456953642384106,0.2357142857142857,0.3463035019455254,0.5656108597285068,0.6244131455399062,0.4723404255319148,0.5309734513274338,0.544642857142857,0.4913793103448276,0.2357142857142857,0.4122448979591835,0.4537815126050419,0.5727272727272725,0.3359073359073359,0.3155893536121674,0.3895582329317268,0.3839999999999999,0.3307692307692307,0.2446043165467626,0.2357142857142857,0.4065040650406504,0.4065040650406504,0.2055749128919859,0.1495016611295681,0.0880503144654087,0.1571906354515049,0.1808873720136519,0.3307692307692307,0.3307692307692307,0.3410852713178294,0.4416666666666666,0.6796116504854368
LJXQ-L,20.0,0.0643674413098552,7.085769455333713e-07,0.07688179873833,0.0711595508260569,0.0617904136072388,0.5060025134424664,4.924300000000002,0.0488467283569599,-0.0087150244674985,0.0003765896710879,0.1503750884740183,1.0,0.109354622901692,0.0815807912219286,6.461041525087589e-08,0.0251843328625571,1.229321211802426e-07,0.010256232481206,0.0320107661000574,2.187773259387007e-06,0.0702826580353625,3.0,1.132201452564075,0.0449812987179584,-0.0395863123326992,0.1101512536213155,0.0186764087899922,0.0063362843339646,0.0282568565288984,0.1313596499710497,0.4121956388417738,-0.0481393507521773,0.035585437848475,-0.0523709483793517,-0.0841853382640852,-0.0903853078862081,-0.0248610253242743,-0.0344036697247707,-0.0433267686714134,0.0161718561428916,-0.0211578702627296,-0.0580953091207399,-0.0192576487032147,-0.0184954926950575,-0.0192576487032147,-0.0368336765042324,-0.0388859295335209,-0.0779675865089793,-0.0162019006075712,-0.047654954003921,-0.0041788220452574,0.0091083413231063,0.0764510355407823,0.1550068587105624,0.1239654712111772,0.2059581781724433,0.1144445424865436,0.2244304411051865,0.3283550694152293,0.394347538087878,0.3621656600517686,0.390815989428477,0.4156018829858776,0.2654042681094077,0.338065473037398,0.3824430823117337,0.2647706789505306,0.3707401779900152,0.2641377239515563,0.2931299273062353,0.3128898128898127,0.2915431025667245,0.3673270542383891,0.41703130259172,0.5673864482501862,0.5602223594811611,0.5510254206066558,0.6146765533111735,0.5932887599344014,0.6034023105243114
LJYL-L,18.0,0.568452295064334,1.5768939817619194e-06,0.171095667875909,0.0211993851981374,0.076409794342918,0.3477394964167881,44.3182,2.386611103634083,0.0934809993750003,0.0033487352038177,0.0002708392258643,1.0,52.29818181818182,0.2826477333088446,3.436258026173988e-07,0.4649935511320738,5.408029209452584e-09,0.5011111111111111,0.0228074544782845,5.539864803201247e-06,0.5788932984964609,2.0,0.1949885916193265,0.9615384615384616,-0.7144494889949909,-28.22335788030213,0.7144494889949909,0.0241333148245408,0.1254537258384558,0.7144494889949909,0.7640694907053888,-0.1064467766116941,0.069767441860465,-0.0154981549815498,-0.0755370755370755,0.0512214342001575,0.0413739266198283,0.0487421383647799,-0.0125832716506291,0.1088944305901913,0.1559792027729636,0.1847246891651865,0.1599999999999999,0.2116257947320616,0.1500000000000001,0.1181894383906119,0.0810372771474878,0.1314673452078032,0.1033912324234904,0.021439509954058,0.1043046357615893,0.1107410491257285,0.0413739266198283,0.117252931323283,0.0898692810457515,0.2306273062730628,0.1247892074198988,0.0766747376916867,0.1701754385964911,0.1440823327615781,0.3570701932858595,0.4042105263157893,0.4805771365149833,0.4515778019586507,0.6130592503022976,0.4437229437229437,0.2478952291861553,0.3598369011213047,0.3194856577645895,0.4988764044943818,0.4643249176728869,0.3091265947006869,0.4724061810154525,0.2409302325581395,0.295145631067961,0.3766769865841073,0.4191489361702127,1.120826709062003,1.332167832167832,1.3694493783303732
LJZU-L^D22,5.0,0.1281657986730398,2.565963619579413e-07,0.0278411398809884,0.4383681009393353,0.1014160340278899,1.3030135590648046,0.2,0.8709883758851639,0.0053423293313547,-0.008783976599843,-0.0085439893006356,1.0,0.9479429051217464,-0.2284049819204499,7.972012286812721e-08,0.0063357972544878,1.9114256450801605e-11,0.1828793774319065,0.0065277876863808,1.151955775444438e-06,0.2576214323916954,2.0,0.0126257557291363,0.3198281986695085,0.0050669077563863,1.1403451032018432,0.0224137353913066,0.0076700368343666,0.0430748276155614,0.1403451032018432,0.5413745221448995,-0.0851063829787234,-0.06,-0.1531531531531532,-0.1965811965811965,-0.1607142857142858,-0.1454545454545456,-0.06,-0.0693069306930693,-0.3472222222222222,-0.3517241379310345,-0.3333333333333333,-0.3285714285714285,-0.3037037037037038,-0.248,-0.2985074626865672,-0.2598425196850394,-0.248,-0.1132075471698114,-0.2713178294573644,-0.2166666666666666,-0.1296296296296297,-0.2166666666666666,-0.1296296296296297,-0.8131212723658052,-0.8,-0.8025210084033614,-0.8101010101010101,-0.7793427230046949,-0.7571059431524548,-0.7526315789473684,-0.7684729064039408,-0.7824074074074074,-0.7466307277628033,-0.7614213197969544,-0.7577319587628866,-0.7761904761904762,-0.7679012345679013,-0.765,-0.7734939759036145,-0.7620253164556963,-0.7655860349127181,-0.7740384615384616,-0.7526315789473684,-0.7352112676056338,-0.6736111111111112,-0.6758620689655173,-0.6877076411960132,-0.6356589147286822,-0.643939393939394
LKBE-L,23.0,0.0699140401146131,6.29347380091955e-07,0.0682852566933342,0.0232746407609795,0.346865671641791,1.6276023916384887,2.6,0.0127173259439526,0.0048413962325282,0.0014326647564469,-0.0164439876670092,1.0,1.2571428571428571,0.0432489451476794,4.486247754952763e-08,-0.0924695459579151,1.1570029396506398e-09,0.0026702269692923,-0.0444126074498567,5.587128409714221e-07,0.1016311166875783,4.0,0.0883645711637036,0.0999999999999998,0.0263837144595705,-0.1401079652218224,0.0001451127535539,0.0162930135557872,0.0308641975308641,0.0216567406605305,0.457402698798628,0.0344827586206897,0.0175438596491228,-0.0793650793650794,-0.0333333333333333,-0.0333333333333333,-0.0645161290322581,0.0,0.0740740740740739,0.1153846153846152,0.0943396226415094,0.0740740740740739,-0.0645161290322581,0.0175438596491228,0.0357142857142855,0.1153846153846152,0.0943396226415094,0.0545454545454544,0.0,-0.0169491525423729,0.0545454545454544,0.0943396226415094,0.1372549019607842,0.1372549019607842,0.1372549019607842,0.3181818181818181,0.5263157894736841,0.6111111111111112,0.5263157894736841,0.657142857142857,0.7575757575757573,0.487179487179487,0.5675675675675675,0.5263157894736841,0.657142857142857,0.4499999999999997,0.3809523809523809,0.657142857142857,0.9333333333333332,0.657142857142857,0.2340425531914893,0.1153846153846152,0.183673469387755,-0.2368421052631579,-0.2054794520547945,-0.1714285714285714,-0.2368421052631579,-0.1830985915492957,-0.2658227848101266,-0.1714285714285714
LKDM-L,25.0,0.0626968527245601,8.066396200526821e-07,0.0875217650167431,0.019398544830583,0.7431396381655837,0.3153725501336067,-7.978499999999999,-0.4329671423645784,0.2665128960517021,0.0105968664026067,-0.6282797508619178,1.0,1.0452961672473868,-0.0037864773884725,1.0648657811807397e-07,-0.1029412046099472,1.7266641970955756e-11,-0.0909090909090908,-0.0540728286009741,1.891298967936716e-07,0.4855192447349312,2.0,0.0760211370864429,4.468801002032613,0.0248533672907787,1.2333208496067627,0.2245102769195379,0.0306347006974604,0.0363526664609461,0.2333208496067626,0.9046372000473616,0.0205479452054795,0.1060606060606059,-0.0068027210884353,-0.0266666666666667,0.0895522388059699,0.0138888888888888,0.0068965517241379,-0.0759493670886076,-0.0266666666666667,-0.0457516339869281,-0.0266666666666667,-0.0394736842105263,0.0428571428571429,0.0735294117647058,0.0579710144927536,0.028169014084507,0.2372881355932203,0.3518518518518516,0.3035714285714284,0.2478632478632478,0.1869918699186992,0.2268907563025211,0.123076923076923,0.123076923076923,0.2586206896551724,0.1679999999999999,0.2807017543859649,0.5208333333333333,0.5531914893617023,0.7380952380952381,0.8481012658227847,0.9210526315789472,0.972972972972973,1.6545454545454543,1.6071428571428568,1.5172413793103448,1.3548387096774197,1.085714285714286,0.9210526315789472,0.7380952380952381,0.7590361445783134,0.7176470588235293,0.5531914893617023,0.5531914893617023,0.7176470588235293,0.6043956043956042,0.7804878048780488,0.4599999999999999,0.3904761904761904
LKDP-L,30.0,0.0535061062778799,7.480437832832664e-07,0.0811640174809138,0.1345577016419409,0.2654785059436212,0.5564475662143008,-52.50580000000001,0.4813874318144324,-0.0418926639784979,-0.0038723462296718,0.2162821380389356,1.0,0.0828061553238882,0.0674612649555862,5.0049836902898544e-08,-0.0055464822970229,1.1203206508344057e-07,0.1010757850175659,0.1486217352077161,4.741114025534327e-07,-0.0230407028534468,4.0,2.170290491409267,0.2916533759136894,-0.1190121326913186,-0.2071217760278991,-0.0126152053163657,0.0108730974302011,0.0208356463360149,0.0578711853120647,1.4229631039638926,-0.0926998841251449,0.0537240537240539,0.0034883720930234,0.0654320987654322,-0.1193877551020408,-0.0982236154649947,-0.1949626865671642,-0.1001042752867569,-0.0629750271444082,0.0070011668611436,-0.0639913232104121,-0.1412935323383084,-0.0400444938820911,-0.1103092783505153,-0.1084710743801652,-0.1843100189035916,-0.0858050847457625,0.0473300970873786,0.0550122249388753,0.029832935560859,0.0447941888619856,0.029832935560859,0.0322966507177036,0.2785185185185186,0.2223796033994336,0.5605786618444848,0.6100746268656716,0.7399193548387097,0.7294589178356714,0.8361702127659576,1.0745192307692308,0.7867494824016565,0.9008810572687228,0.7612244897959184,1.307486631016043,0.840085287846482,0.6855468750000002,0.6532567049808431,0.7225548902195611,0.5034843205574913,0.5193661971830987,0.2691176470588237,0.161507402422611,0.0896464646464647,0.1757493188010901,0.1281045751633986,0.2842261904761907,0.1476063829787235,0.1741496598639458
LKGM-L,30.0,0.1007182500816193,3.230544930017321e-07,0.0350519596623013,0.0028020973638637,0.4080028666985189,0.86554812063011,80.69999999999999,0.5948274327169063,0.0809859197097145,-0.0013827556982916,0.037293493717809,1.0,1.6369878183831672,0.2826252474493682,1.238573718073838e-07,-0.0391949646436987,1.11568475984005e-07,0.1248945147679324,0.0147567744041789,5.390122473958616e-07,0.0144854303520298,3.0,2.1991486458533105,0.061425891371734,0.0061790150521278,-0.0859467248099769,-0.006773457421238,0.033596837944664,0.0919792352124003,0.162922053470566,-0.1821308513470462,-0.1044857768052516,-0.0620831195484862,-0.2502050861361771,-0.2383333333333332,-0.1989482909728308,-0.1713508612873979,-0.222127659574468,-0.0986193293885601,-0.0577319587628865,-0.1012782694198622,-0.1232613908872901,-0.0823293172690763,-0.0399159663865544,-0.0508826583592938,0.0200892857142855,0.0721407624633432,0.1012048192771084,0.1540404040404042,0.1460815047021944,0.1207847946045372,0.1132764920828257,0.0439748715019987,0.1228501228501228,0.1569620253164556,0.1793548387096775,0.4519459888800636,0.4203574203574205,0.441640378548896,0.5517826825127337,0.694161260426321,0.9021852237252864,1.015435501653804,1.133022170361727,1.1684460260972718,1.044742729306488,0.6336014298480788,0.6618181818181819,0.7886497064579256,0.980498374864572,0.9934569247546348,0.894300518134715,0.6603088101725705,0.5881841876629019,0.5937227550130777,0.6816927322907087,0.5478408128704488,0.7196613358419568,0.5868055555555558,0.7799415774099321
LKKH-L,19.0,0.6193318407467969,7.891912325801892e-07,0.0856285854228758,0.1180014857009909,0.1099136024270128,0.6742453375424049,-22.17089999999999,1.3047311214173942,0.0031574479541465,-0.0047243192823366,0.0203518270355883,1.0,0.7710344130810366,0.318585777822222,8.185552174257954e-08,0.3194154777320618,9.84971151498592e-07,0.2739513199109626,0.0035767486349403,1.7507987864535729e-06,0.6513130311239482,4.0,1.9438451055164807,-0.0416709377184792,0.0495903927248368,-0.4363762909294709,-0.015528149588441,0.0078535790532771,0.027897402108117,-0.0224996962926576,0.1233702112130884,-0.0313807531380754,-0.0019388516032811,-0.2755223557432067,-0.2693525494049569,-0.3303982389433659,-0.3530549110595514,-0.3506065016982047,-0.3221918363212802,-0.3129363449691992,-0.3027714107105647,-0.3983637507866583,-0.3803129919436985,-0.3811725540965415,-0.4328813559322033,-0.4332175827898703,-0.4379776601998824,-0.4191980558930741,-0.3810008324854315,-0.407420525989551,-0.341014278680453,-0.3190190292052508,-0.2999999999999999,-0.211871393239901,-0.2264478095017917,-0.1695209729461404,-0.2085156712004731,-0.2101970966599787,-0.1068997731215801,-0.0940842019764451,0.0683269476372925,0.0607069266127753,0.097769028871391,0.1842151831534242,0.2501401083504577,0.219165603935143,0.1781690140845071,0.2265395894428152,0.2778308191712813,0.3077975376196991,0.3519191919191919,0.3817881478422467,0.3682273563688409,0.3357285429141716,0.3217460003950227,0.4375939849624062,0.4604975993016149,0.3587817258883248,0.2926405254008113,0.4736842105263159
LKLC-L,17.0,0.0291281787391383,3.724753233371946e-07,0.0404142034599345,0.0384529342252106,0.2578550132838129,0.9879406030607366,-9.3159,0.0551745158704734,-0.0021943009398711,0.0044262333405948,0.0256236480598743,1.0,0.2966601120060006,0.0648362650968741,6.296754492275945e-08,-0.080992536075798,2.177871328883385e-07,0.0115848631185743,0.0553266822227395,6.839663343378296e-07,0.0125878908865331,5.0,2.037586673037092,0.1525593611507553,0.0516503238658273,-0.0449582908901249,0.1103813784858829,0.014704685856629,0.0411615991106162,0.0164459650916149,0.6217599932500084,0.0175605125771238,0.04358593363051,0.145731375747689,0.17578125,0.1358490566037735,0.220741599073001,0.048780487804878,-0.0606330806954971,-0.0461747397012222,-0.0991876870457461,-0.1083368599238255,-0.1354123922855971,-0.1698187549251378,-0.1662049861495844,-0.181747572815534,-0.2213599408721359,-0.2108614232209738,-0.2230825958702065,-0.2538951841359773,-0.111345423871784,-0.1582101478226129,-0.115077698446031,-0.0738461538461537,-0.093763440860215,-0.0461747397012222,-0.0957081545064377,-0.0914187149633463,-0.0815170008718396,-0.0999572832123024,-0.1268130957314546,-0.0754716981132075,-0.0866926744690074,-0.112094395280236,-0.0918103448275862,-0.1220833333333333,-0.0444444444444445,-0.0370201096892138,-0.0614699331848551,-0.0689350419796729,-0.0815170008718396,-0.1424501424501424,-0.0652173913043477,-0.0734388742304308,-0.1441917140536149,-0.1132154882154882,-0.1455798864557989,-0.1490306946688206,-0.0949312714776632,-0.1598883572567782
LKNO-L,21.0,0.0602454888941255,3.791439043360677e-07,0.0411377557931813,0.0897757734741164,0.1106738762863861,0.8776756097378663,-266.1109,0.3516624647646667,0.0289693122474092,-0.0071350232446404,-0.0049147803075965,1.0,0.1104967362205746,0.0972355061089036,7.743042706393304e-08,-0.0074616877257871,8.324883298464323e-07,0.0738377392889698,-0.0029370659596491,9.50409115888676e-07,0.0389000327798649,4.0,2.9846233610765527,-0.0224632932280512,0.0459794726209748,0.0425895675707709,-0.0245254895019906,0.0108800910612277,0.0382599186934179,-0.0252501464675706,0.5213422765304994,0.0517038777908342,0.062421972534332,-0.0351473922902494,-0.1785714285714285,-0.172983479105928,-0.124485596707819,-0.1472945891783568,-0.1060924369747898,0.0403422982885086,0.0378048780487805,-0.0307517084282459,-0.5072379849449913,-0.471100062150404,-0.4691203992514037,-0.4147180192572214,-0.4717566728739912,-0.4904191616766467,-0.4842424242424242,-0.5086605080831409,-0.4750154225786551,-0.4740420271940667,-0.4810975609756097,-0.4481193255512321,-0.4053109713487072,-0.3625468164794008,-0.4707711442786069,-0.5002935995302408,-0.4807809640024405,-0.4891956782713085,-0.4807809640024405,-0.3788321167883212,-0.369162342475908,-0.3272727272727272,-0.3663440059568131,-0.3153660498793242,-0.3463901689708141,-0.3886494252873563,-0.2902418682235196,-0.321371610845295,-0.271404109589041,-0.3728813559322034,-0.3508771929824561,-0.3478927203065134,-0.2824620573355817,-0.3518659558263519,-0.3668154761904761,-0.3596689240030097,-0.326740506329114,-0.3567649281934997
LKNR-L,33.0,-0.0797088128240009,1.3370459776567676e-06,0.1450717531893791,0.0182130947970147,0.0560437621316393,-0.04425231856266,-10.856,2.381319283005183,-0.4612604156660121,1.6198754084400137e-05,-0.0013314312886352,1.0,0.7837837837837839,-0.0214633184328162,1.1669380040794176e-08,-0.0002536856212904,5.09414563428158e-13,0.5,7.353211515129239e-05,1.6184434588970605e-07,-0.3830746404930381,2.0,0.0375613027653001,0.5675675675675678,0.6423700492254889,-0.6423700492254889,-0.6423700492254889,-0.0189390156206304,-0.0212315116500397,-0.6423700492254889,0.0180325038900727,-0.0875912408759125,-0.007246376811594,-0.0283687943262409,-0.048611111111111,-0.0616438356164382,-0.0385964912280701,-0.0519031141868512,-0.048611111111111,-0.0283687943262409,-0.0385964912280701,-0.0927152317880793,-0.0805369127516777,-0.0352112676056336,-0.0519031141868512,-0.0419580419580418,0.0073529411764705,-0.0036363636363635,-0.0214285714285712,-0.0616438356164382,-0.0584192439862543,-0.0519031141868512,-0.0957095709570955,-0.0927152317880793,-0.0680272108843537,0.0378787878787878,0.0703125,0.0745098039215688,0.0620155038759691,0.0873015873015874,0.0148148148148148,0.0661478599221792,0.0703125,0.096,0.0873015873015874,0.0661478599221792,0.0073529411764705,0.0620155038759691,0.0498084291187741,0.0620155038759691,0.096,0.0185873605947957,0.0148148148148148,-0.0283687943262409,0.0378787878787878,0.0916334661354583,0.1512605042016808,0.1610169491525426,0.1464435146443514,0.1610169491525426
LKOU-L,11.0,0.0078942874610402,1.1495430630719259e-07,0.0124727369374984,0.1370001503875177,0.1027331999557346,0.5764360929929547,46.467,0.3138386107081978,-0.101481180299379,-0.0335406728849351,0.0122136042474843,1.0,0.6077196099445397,-0.1096087450823567,-1.0074511002687888e-08,-0.1126914362506622,2.827919753069425e-09,0.0658959537572255,0.0049880269104475,3.030516709238917e-07,0.0610065517949533,3.0,1.0401063139158575,0.1044844269252405,0.0041034475804214,0.1501750077610469,-0.0964418254472599,0.0184647941144417,0.0619026807537466,0.0151719533933009,1.6536866802719628,-0.0285515320334261,-0.1249238269347958,-0.1656013945380593,-0.1552941176470588,-0.1396045536249252,-0.1396045536249252,-0.0928616550852811,0.0497076023391813,0.0854119425547996,0.0,0.0119802677942213,3.786666666666666,3.786666666666666,3.786666666666666,3.786666666666666,3.786666666666666,3.786666666666666,3.786666666666666,3.786666666666666,3.786666666666666,3.786666666666666,3.786666666666666,3.786666666666666,3.786666666666666,3.786666666666666,3.786666666666666,3.786666666666666,3.786666666666666,3.786666666666666,3.786666666666666,3.786666666666666,3.786666666666666,3.786666666666666,3.786666666666666,3.786666666666666,3.786666666666666,3.786666666666666,3.786666666666666,3.786666666666666,3.786666666666666,3.786666666666666,3.786666666666666,3.786666666666666,3.786666666666666,3.786666666666666,3.786666666666666,3.786666666666666,3.786666666666666,3.786666666666666
LKTQ-L,27.0,0.0457184325108852,2.2457706600710757e-07,0.0243669920378321,0.0730807911498491,0.5041643531371461,1.5694834446823542,1.1500000000000004,0.2149964416452179,-0.0035051572919069,0.0034317089910775,0.0067967238783375,1.0,0.0869565217391304,0.1105610561056105,4.1378240987936605e-08,0.0262504434196521,6.264442542319571e-10,0.0451422963689892,-0.0036284470246734,9.59930698187884e-08,-0.079957356076759,4.0,0.2527628425523945,-0.096056622851365,-0.00201154948872,0.0512227310845961,-0.0213983774509514,0.0348837209302325,0.0529324055666004,0.0801244651886424,0.342295361239089,0.0038167938931297,0.0168175937904269,0.0723055934515688,0.1054852320675105,0.1541850220264318,0.1474452554744527,0.1508052708638361,0.1391304347826087,0.1963470319634703,0.2110939907550078,0.2092307692307693,0.1801801801801801,0.2801302931596092,0.2515923566878981,0.261637239165329,0.2397476340694007,0.3056478405315617,0.2843137254901962,0.1981707317073171,0.2657004830917875,0.341296928327645,0.4691588785046729,0.5411764705882354,0.568862275449102,0.5814889336016098,0.6512605042016808,0.5472440944881891,0.5472440944881891,0.4664179104477612,0.6273291925465838,0.4609665427509295,0.4035714285714287,0.4942965779467683,0.4555555555555555,0.4664179104477612,0.4746716697936211,0.4942965779467683,0.4914611005692602,0.5057471264367817,0.391150442477876,0.3765323992994747,0.267741935483871,0.267741935483871,0.2436708860759493,0.2948929159802307,0.1558823529411765,0.2515923566878981,0.3322033898305083,0.2948929159802307
LKVE-L,18.0,-3.348567221118016e-05,2.2067976611205155e-06,0.2394412839819024,0.0895029534014811,0.003797815570603,0.0311862044963272,-12.523900000000005,0.1447141049702466,-0.0253553768782705,-0.0003801430353534,0.1494164457757188,1.0,0.1319920933246377,0.0014225695044448,9.224387033104793e-08,-0.0027062164879866,6.775932852065368e-09,0.030385279706722,0.0005883593919004,3.1954772987578594e-05,-0.000225988963976,2.0,0.3033801519169094,-0.0375868761929805,0.0848179084322997,-0.0848179084322997,-0.0848179084322997,0.0007836674014678,0.0126535529668311,-0.0848179084322997,0.4287043556658886,-0.0403225806451613,0.0081300813008129,-0.1358885017421602,-0.1868852459016393,-0.2684365781710914,-0.1948051948051948,-0.2126984126984127,-0.2853025936599423,-0.1236749116607773,-0.1564625850340135,-0.1298245614035088,-0.1014492753623187,-0.1358885017421602,-0.1815181518151815,-0.2321981424148607,-0.220125786163522,-0.2415902140672783,-0.207667731629393,-0.1788079470198675,-0.1448275862068965,-0.0981818181818181,-0.088235294117647,-0.1174377224199288,-0.0814814814814816,-0.0387596899224806,-0.0814814814814816,0.1481481481481481,0.2097560975609758,0.2588832487309644,0.2717948717948717,0.1221719457013574,-0.0158730158730159,0.0081300813008129,-0.0498084291187739,-0.0570342205323193,-0.1895424836601307,-0.202572347266881,-0.1677852348993288,-0.1788079470198675,-0.207667731629393,-0.2415902140672783,-0.2101910828025478,-0.207667731629393,-0.1705685618729098,-0.207667731629393,-0.1705685618729098,-0.0461538461538462,0.0333333333333334,0.0
LKVF-L,17.0,0.0020496108801602,2.6683421881144952e-06,0.2895196468990286,0.0232410481683709,0.0075698578479617,0.0516376502394943,14.9783,0.0416244526869369,0.0705120482366158,-0.0018847872070475,0.2639573492580052,1.0,0.1171981474046133,-0.1227904580533188,2.443657088057561e-07,-0.0050274513590737,3.6531673331935494e-08,0.0087397882728282,0.0008950018624269,3.9965270417414685e-05,0.0138282427274347,2.0,0.4154360342156126,0.1088324264469687,-0.0770618642178697,0.0770618642178697,0.0770618642178697,0.0006206656531811,0.0100886614124197,0.0770618642178697,-0.4124991740717588,-0.0835820895522388,0.1241610738255034,-0.0175953079178885,-0.0204678362573098,-0.2099056603773584,-0.1809290953545231,-0.1321243523316061,-0.2042755344418052,-0.1582914572864321,-0.231651376146789,-0.1809290953545231,-0.1114058355437666,-0.1518987341772152,-0.0846994535519125,-0.2637362637362637,-0.2386363636363636,-0.1927710843373494,-0.1769041769041769,-0.1253263707571801,-0.2042755344418052,-0.1343669250645994,-0.1321243523316061,-0.2572062084257206,-0.250559284116331,-0.0204678362573098,-0.1475826972010178,0.1837455830388692,0.1056105610561057,0.120401337792642,0.2737642585551332,0.0,-0.1321243523316061,-0.0029761904761904,-0.092140921409214,-0.1769041769041769,-0.3532818532818532,-0.3606870229007634,-0.3619047619047618,-0.3886861313868613,-0.4017857142857142,-0.4102112676056337,-0.4224137931034483,-0.4028520499108734,-0.3875685557586836,-0.431239388794567,-0.3582375478927202,-0.2522321428571429,-0.2154566744730678,-0.2281105990783409
LKYL-L,18.0,0.0012649371410723,1.7186009861335486e-06,0.1864711178656211,0.0263328178513539,0.0103990731371071,0.3050159202129186,-17.661700000000003,0.0573258509637535,-0.002937531482419,0.0006995997327057,0.0089871008982434,1.0,1.2950472440944885,-0.0475574973299851,1.016329260904685e-07,-0.0064390594556637,6.714491165833144e-07,0.0120365738800488,0.0007787846583114,1.71304814973748e-05,0.0044541594118314,2.0,0.6682888094538285,-0.4204536301991782,-0.0446199535211954,0.0446199535211954,0.0446199535211954,0.0012129716714419,0.0137704540116922,0.0446199535211954,0.7223980541520542,-0.0838677849037986,-0.013625304136253,-0.0836347197106691,-0.0397915679772619,-0.0646054453161053,-0.006859382655561,-0.0474624060150377,-0.1411016949152542,-0.1504610226320201,-0.1493915232899706,-0.191786283891547,-0.1171602787456446,-0.1074416556583003,-0.0807256235827664,-0.0877587758775877,-0.1183123096998695,-0.1132983377077865,-0.0889887640449438,-0.0465663217309502,0.007455268389662,0.0480868665977249,0.0315521628498727,0.0405544147843941,0.1205085682697622,0.2435582822085888,0.2481527093596061,0.2952076677316293,0.3686698176907494,0.3613163196776359,0.4314971751412428,0.3344305464121133,0.297695262483995,0.3594902749832327,0.1944608131997642,0.1743916570104287,0.0886143931256713,0.0776182881446039,-0.0296792723791288,0.0453842186694171,-0.0121832358674464,-0.0807256235827664,-0.0735831809872029,-0.1869233854793421,-0.228397411496003,-0.3200268366320027,-0.2981301939058172,-0.2932357043235705,-0.2971567267683772,-0.3613736609955891
LLAX-L,30.0,-0.3590985320476926,1.3087569984566458e-06,0.1420023510318767,0.3164562630429991,0.1474169612309075,0.4224682134995363,28.869,-0.369696529571523,0.2256048686055325,-0.0040989158624025,-0.3269148038543168,1.0,0.1045500819748946,-0.2548472954895214,2.662714571912798e-07,-0.3275720432834534,3.0651147400783472e-09,-0.0776243093922652,-0.9341561778201746,2.507443769245996e-06,-0.3704738977476816,4.0,0.1231669686527802,-0.3240222282056861,-0.0255231055542055,0.5714179878354932,0.1672896895981087,0.0017661930330206,0.0065256636484317,-0.2104355413147527,0.1193115266740464,-0.0067502410800384,-0.0038424591738713,-0.0226201696512724,-0.0123809523809524,-0.0151946818613485,-0.011439466158246,-0.0682839173405213,0.1878579610538371,0.2615571776155716,0.2434052757793763,0.1919540229885057,0.3126582278481011,0.4166666666666665,0.3573298429319371,0.3093434343434342,0.2866004962779154,0.3380645161290321,0.4856733524355299,0.5116618075801747,0.6052631578947367,0.4688385269121813,0.2770935960591134,0.395693135935397,0.766609880749574,1.082329317269076,0.8888888888888886,1.1877637130801686,1.4690476190476187,1.4868105515587526,1.1923890063424945,1.3355855855855854,0.9492481203007516,0.9566037735849056,0.994230769230769,1.0657370517928286,1.1604166666666664,1.1559251559251558,1.1604166666666664,1.107723577235772,1.125,1.1469979296066253,1.264192139737991,0.3109987357774968,0.2434052757793763,0.2866004962779154,0.2755227552275521,0.2404306220095693,0.2509047044632086,0.1810933940774488
LLEH-L,30.0,0.1040149915995346,6.193900041250319e-07,0.0672048645356771,0.1263400610888183,0.0316668141462407,0.1484624395514141,2.75,0.0950716824013471,0.0008904165626758,-7.670896618230426e-05,0.0139882771511898,1.0,0.2826183104820876,0.0913869793772745,9.386087872809857e-08,0.0016584596799775,7.577135834259881e-09,0.0199619771863116,0.0052341360444578,4.085954526655999e-06,0.105985688018685,2.0,0.6125633540942824,-0.003709016787493,-0.0637735433417777,0.0637735433417777,0.0637735433417777,0.0050117086840223,0.0392074198988195,0.0637735433417777,0.5417946580842127,-0.0431893687707641,0.015519568151147,-0.0395660497766432,-0.0593749999999999,-0.054054054054054,0.0408022130013832,0.0107454667562121,-0.0227272727272727,0.048780487804878,-0.0277777777777777,-0.0623052959501557,0.0393646408839778,0.0742326909350463,0.096938775510204,0.0273037542662115,-0.0284054228534538,-0.0252590673575128,0.0033333333333334,-0.064054726368159,-0.1105200945626477,-0.0182648401826484,-0.0137614678899081,0.0393646408839778,0.0415224913494811,0.1001461988304095,0.1488549618320611,0.0953420669577875,0.0921625544267055,0.2030375699440447,0.3236587510993844,0.13413715146948,0.2417491749174918,0.202076677316294,0.0953420669577875,0.1684782608695652,0.1256544502617802,0.0553997194950912,0.015519568151147,0.0,0.0210312075983718,0.0266030013642564,-0.0444444444444444,-0.0738461538461537,-0.0131147540983606,-0.0383386581469648,-0.0895341802782819,-0.0105193951347797,0.0073627844712182,0.0053440213760855
LLEU-L,22.0,0.0553857078048876,5.899101320496319e-07,0.0640062484841394,0.2410960375129756,0.3794201846699729,0.9431528056376954,-0.8065,0.0873878635965205,-0.0067939697774963,-0.0003057259512021,-0.0022161387042107,1.0,0.1046210720887245,0.1098711305965193,5.8454346098956814e-08,0.0345469550697655,8.149603797057592e-12,0.018348623853211,0.009704333418805,1.657595216630723e-07,-0.1015768524188609,4.0,0.0199076930220983,0.3059257944564449,-0.0185431743139704,0.050482615443259,0.0762054721579249,0.0047909251069643,0.0061671256334899,0.1419403684609006,0.1773947538151127,-0.0589569160997731,-0.0392156862745097,-0.138671875,-0.1108870967741935,-0.1519230769230769,-0.1679245283018867,-0.1710526315789473,-0.2054054054054053,-0.1519230769230769,-0.1710526315789473,-0.1267326732673266,-0.1232604373757455,-0.1352941176470588,-0.1267326732673266,0.0208333333333332,0.0376470588235293,-0.0307692307692306,-0.0774058577405858,-0.0774058577405858,0.0137931034482758,0.0068493150684931,-0.0134228187919461,0.2082191780821918,0.1918918918918919,0.1666666666666667,0.1365979381443298,0.2894736842105263,0.2894736842105263,0.2970588235294118,0.2782608695652173,0.2182320441988949,0.1574803149606298,0.1278772378516623,0.125,0.1605263157894738,0.2250000000000001,0.2318435754189944,0.2894736842105263,0.267241379310345,0.2528409090909091,0.1951219512195121,0.1728723404255321,0.2894736842105263,0.304733727810651,0.2782608695652173,0.1544502617801049,0.1164556962025316,0.05,0.2528409090909091
LLFH-L,22.0,0.014386803505319,4.992607321301111e-07,0.054170635055993,0.2375316265706076,0.4026981450252951,3.12376940484044,0.722,0.0555409745307323,0.0163082780088404,0.0032569473733539,0.0126916975145425,1.0,0.3146571560055223,0.0571792103639728,6.977523343384462e-08,-0.0865883447714315,6.015235125112243e-11,0.0116618075801747,-0.1192886264585969,2.890246034173841e-07,-0.0519053876478318,3.0,0.0154406833872495,0.1185367799328657,-0.0289407566610972,0.0586825720134315,0.0668625307523164,0.0314030305830176,0.0495824063605528,0.0693010251630942,0.3827818594470853,-0.00355871886121,0.0218181818181817,0.0218181818181817,0.0407407407407407,0.0407407407407407,0.0807692307692307,0.1019607843137255,0.1128712871287129,0.0704761904761905,0.0446096654275094,0.0504672897196263,0.084942084942085,0.1353535353535353,0.0407407407407407,0.0407407407407407,0.084942084942085,0.1240000000000001,0.146938775510204,0.1708333333333334,0.2217391304347826,0.2217391304347826,0.1422764227642277,0.1062992125984252,0.0807692307692307,0.1708333333333334,0.146938775510204,0.2217391304347826,0.2217391304347826,0.2217391304347826,0.2217391304347826,0.1708333333333334,0.1757322175732216,0.1831578947368422,0.2270742358078603,0.2270742358078603,0.1516393442622952,0.130784708249497,0.1422764227642277,0.1708333333333334,0.1353535353535353,0.1516393442622952,0.2270742358078603,0.2714932126696834,0.3640776699029127,0.4120603015075377,0.4986666666666666,0.5611111111111111,0.510752688172043,0.4867724867724869
LLGH-L,22.0,0.1353362938521756,1.2745077612112525e-06,0.138286250781311,0.1882102046097335,0.0519386256332587,4.062685085947333,-8.679699999999997,152.12313774081605,0.0021245573319831,0.0009021881894123,0.0054025120059431,1.0,0.2419736022266469,0.0706239575334398,1.0745140863259017e-07,-0.0043410936209616,4.998034080818215e-06,31.94093686354384,0.0538539199856914,3.455385466404756e-06,0.1611892010674873,5.0,0.5978092290462513,-0.151551227282093,-0.1386473340518805,-0.0499879063293626,0.3407806560911736,0.004000172986427,0.01659573938066,0.1249122599231591,0.4082158927108011,0.0041152263374484,0.0167364016736402,0.0210084033613446,0.0082987551867219,0.0296610169491526,0.0296610169491526,0.0429184549356223,0.0657894736842106,0.0995475113122172,0.0752212389380533,0.1146788990825689,0.0565217391304349,0.0565217391304349,0.0384615384615385,0.0384615384615385,0.0167364016736402,0.0384615384615385,0.0125000000000001,-0.103321033210332,-0.103321033210332,-0.132142857142857,-0.1443661971830985,-0.1227436823104692,-0.1473684210526316,-0.1227436823104692,-0.1503496503496503,-0.1098901098901098,-0.0760456273764257,-0.1473684210526316,-0.1413427561837456,-0.0689655172413792,-0.05078125,-0.0830188679245281,-0.0999999999999999,-0.0725190839694656,-0.0470588235294116,-0.0279999999999999,-0.0040983606557376,-0.0201612903225806,-0.0081632653061224,0.0082987551867219,0.0082987551867219,-0.0161943319838057,-0.0201612903225806,0.0125000000000001,0.0519480519480519,0.0296610169491526,0.0657894736842106,0.0752212389380533
LLIZ-L,23.0,-0.0391110198634707,1.1740654762514477e-06,0.1273880927396533,0.0550436231741986,0.6423529411764706,-0.1787759058537612,-80.60000000000001,0.246343374103984,-0.3351659127248156,0.0005902581737925,0.0080361627322953,1.0,0.0273972602739726,-0.0327575310722561,1.6940398083776197e-08,0.0091613443618462,2.333781807735002e-11,0.0517241379310344,-0.0010265359544218,2.269374082920962e-08,-0.2828282828282828,2.0,0.4398094714462641,3.8630136986301378,0.8289725590299936,-1.0956392256966605,-0.8289725590299936,0.0037322594902519,0.0038003800380038,-0.8289725590299936,-0.2683340651007335,-0.0087719298245614,0.0288808664259927,0.0106382978723404,0.0088495575221239,0.0106382978723404,0.0536044362292051,0.0536044362292051,0.043956043956044,0.0754716981132075,0.0594795539033456,0.0307414104882459,0.0106382978723404,0.0594795539033456,0.0470242468772961,0.0348583877995642,0.035234289865601,0.0017574692442883,-0.0452261306532664,-0.031929347826087,0.0326086956521738,0.0363636363636363,0.0088495575221239,0.0363636363636363,0.1003861003861004,0.1491935483870967,0.1934673366834172,0.1613691931540342,0.1776859504132231,0.1860174781523096,0.2461740271097507,0.1875,0.1468812877263581,0.2418300653594771,0.25,0.2995896032831737,0.2005054759898905,0.193967322999581,0.1801242236024844,0.2954545454545454,0.2305699481865284,0.2174284493806066,0.1585365853658535,0.1515151515151516,0.1776859504132231,0.2549537648612945,0.2337662337662336,0.2364425162689805,0.2289780077619663,0.2445414847161573
LLJF-L,23.0,0.058803122289679,1.3508805486863498e-06,0.1465728275783106,0.1844692005242464,0.2582886011998737,0.9407193689483176,9.0,-0.2163133002865818,0.0444408538730954,0.0049146086742843,0.0820212691553693,1.0,0.0643687707641195,0.0735613463626493,8.675693030754306e-08,0.0171876316454622,7.79638895530905e-10,-0.0454187940756936,0.048915871639202,5.400106567567937e-07,-0.0031525851197982,4.0,0.0823136490817751,-0.0424100401259871,0.1913210878594523,-0.0732625524950812,-0.0602350349263968,0.0210905349794238,0.0324538258575197,0.03855179349648,1.302115496277136,-0.0093457943925233,0.026378896882494,0.1180773249738766,0.0288461538461537,-0.0815450643776823,-0.0634573304157549,-0.1405622489959839,-0.1422845691382765,-0.0912951167728237,-0.1229508196721311,-0.1457085828343313,-0.0896716011570529,-0.0272727272727272,-0.0316742081447963,0.026378896882494,0.0306299364284339,0.0395414359273291,0.0332174584781768,0.0119160204274635,-0.0088003705419176,-0.0091675155106953,-0.0140066347217102,-0.0140974845664793,-0.0092592592592593,0.1322751322751323,0.2551319648093841,0.3120784794604538,0.2588235294117647,0.1955307262569832,0.3374999999999999,0.3333333333333332,0.3250773993808049,0.312883435582822,0.2192342752962623,0.1824510995690131,0.1820592134334955,0.1758241758241758,0.1261972423955373,0.1030927835051547,0.1204188481675392,0.1157455683003128,0.1116883116883116,0.1263157894736841,0.1505376344086022,0.1859898027045001,0.1888888888888888,0.1640557006092253,0.202247191011236,0.1834974007300078
LLJR-L,30.0,-0.0407778549459272,2.128925854251987e-06,0.2309920610417604,0.0330988829127016,-0.0477223427331887,-0.0119304960702297,-10.349999999999998,-0.0602865641267135,-0.7208725364017325,0.000740035944603,0.382485471237261,1.0,0.0174418604651162,-0.100540091400083,-1.25867209858778e-07,0.0053679039854154,1.2166134146060631e-11,-0.0126582278481012,-0.0909246949102093,2.624527993070925e-06,0.0138651471984804,1.0,0.0571833607195919,0.4999999999999998,0.5403800475059383,0.4596199524940617,-0.5403800475059383,-0.0162099769145839,-0.0338645418326693,-0.5403800475059383,1.6536866802719628,-0.2222222222222221,-0.1219512195121951,-0.1428571428571429,-0.2,-0.25,-0.2941176470588236,-0.3207547169811321,-0.3207547169811321,-0.3333333333333333,-0.3207547169811321,-0.3684210526315788,-0.3793103448275862,-0.2941176470588236,-0.3333333333333333,-0.3571428571428572,-0.3571428571428572,-0.3571428571428572,-0.3571428571428572,-0.3684210526315788,-0.4,-0.3684210526315788,-0.4,-0.3571428571428572,-0.3454545454545455,-0.3207547169811321,-0.3571428571428572,-0.4375,-0.4,-0.3793103448275862,-0.3207547169811321,-0.4,-0.4375,-0.4461538461538462,-0.4193548387096775,-0.4545454545454546,-0.4461538461538462,-0.4929577464788732,-0.4857142857142856,-0.4545454545454546,-0.4626865671641791,-0.4193548387096775,-0.3793103448275862,-0.3793103448275862,-0.3571428571428572,-0.3684210526315788,-0.3076923076923077,-0.3333333333333333,-0.3076923076923077,-0.2941176470588236
LLKM-L^A20,24.0,-0.1939133827545845,3.5295178640998217e-07,0.0382958666354581,0.0877110694183865,-0.2839168490153173,3.0391790704365014,-7.95,-0.0356529399826103,-0.1136176254037497,-0.0005793742757821,-0.036439354502863,1.0,0.1246200607902735,-0.7525641025641026,-1.1740676003896816e-06,-0.1425793907971455,1.599945784667611e-09,-0.0074859638178415,0.000390167772142,3.425278217336252e-06,0.0504767246214245,3.0,0.0153739066657599,0.0419054262793363,-0.0834790209790209,0.1012295186565258,0.0400843491855577,-0.0290416263310745,-0.310880829015544,-0.0301573426573426,1.6536866802719628,0.0588235294117645,-0.0555555555555554,-0.2272727272727271,-0.3199999999999999,-0.3461538461538461,-0.3928571428571429,-0.5405405405405406,-0.6046511627906976,-0.5853658536585366,-0.7166666666666666,-0.8023255813953488,-0.9022988505747126,-0.903954802259887,-0.8982035928143712,-0.915,-0.9123711340206184,-0.9128205128205128,-0.9123711340206184,-0.9209302325581395,-0.9244444444444444,-0.9264069264069263,-0.9227272727272728,-0.9132653061224488,-0.8874172185430463,-0.9086021505376344,-0.914141414141414,-0.9288702928870292,-0.9285714285714286,-0.9244444444444444,-0.9276595744680852,-0.9423728813559322,-0.9437086092715232,-0.949404761904762,-0.9511494252873564,-0.9554973821989527,-0.9648760330578512,-0.9642105263157896,-0.9645833333333332,-0.967680608365019,-0.9693140794223828,-0.969964664310954,-0.9718076285240465,-0.9685185185185186,-0.9636752136752136,-0.960919540229885,-0.9636752136752136,-0.966403162055336,-0.9575,-0.9476923076923076
LLKY-L,30.0,0.036339623396634,7.72862266060101e-07,0.083856864898357,0.1877035880293288,0.691433962264151,1.4715693899904114,-0.5044999999999997,0.5759044715137289,-0.0279202385873543,0.0015008104376363,-0.0057114404545718,1.0,0.1129917294030325,0.0322045366670962,5.9094633163653376e-08,-0.0456817541583953,1.4428944747014968e-10,0.1209213051823415,0.0850659356052266,1.6420201958363576e-07,0.0562560620756548,4.0,0.0466156462689183,0.1299483527794744,-0.1039471508645334,-0.036288022437924,-0.0919487562007843,0.0203604634714059,0.0247394409112927,0.1216441399740789,0.3846450239171058,-0.073170731707317,0.0621761658031088,0.0249999999999999,-0.0375586854460093,-0.0096618357487923,0.0,-0.014423076923077,-0.0238095238095239,-0.050925925925926,-0.0786516853932585,-0.1106290672451194,-0.0702947845804989,-0.088888888888889,-0.1182795698924732,-0.098901098901099,-0.1239316239316239,-0.1125541125541126,-0.1125541125541126,-0.138655462184874,-0.136842105263158,-0.1182795698924732,-0.0723981900452489,-0.0827740492170022,-0.0191387559808612,-0.0261282660332542,-0.0660592255125285,-0.0574712643678161,-0.0786516853932585,-0.0827740492170022,-0.0352941176470589,-0.098901098901099,-0.1717171717171718,-0.1546391752577319,-0.1008771929824561,-0.098901098901099,-0.136842105263158,-0.138655462184874,-0.088888888888889,-0.0723981900452489,-0.028436018957346,-0.0723981900452489,-0.0420560747663553,0.0123456790123457,0.0789473684210526,0.0459183673469387,0.056701030927835,0.0353535353535352,0.0123456790123457,-0.0096618357487923
LLLI-L,22.0,0.0765539401412142,9.644172771139998e-07,0.1046409080428581,0.0336927638246926,0.0068539918805846,0.1055372018229428,-283.012,0.1094699150667776,0.0046391987045041,0.0001273046510479,5.477442363382023e-05,1.0,0.0340903359473509,-0.1189474431372718,9.840615439554006e-08,-0.0182207747091525,3.7347572953532767e-06,0.0229851401800745,0.0010465834308329,1.662534406985894e-05,0.0897811268190931,2.0,3.7691344310830734,0.0375938640118943,0.1483340676205108,-0.1483340676205108,-0.1483340676205108,-0.0003371484045692,-0.0049708195743561,-0.1483340676205108,0.1213427248346588,0.0050167224080266,0.017872340425532,0.0230966638152267,0.0101351351351353,0.0283748925193465,0.0292598967297763,0.0454545454545456,0.0659536541889482,0.1023041474654378,0.0765076507650766,0.1167133520074696,0.0584070796460176,0.0574712643678161,0.04,0.0409051348999129,0.0170068027210885,0.0372940156114485,0.017872340425532,0.0152801358234295,0.0170068027210885,-0.018062397372742,-0.0307941653160452,0.2241555783009212,0.1912350597609564,0.2216547497446375,0.1829871414441148,0.2432432432432434,0.4070588235294119,0.3971962616822431,0.4037558685446012,0.4603174603174604,0.4875621890547266,0.4375,0.6565096952908589,0.7085714285714286,0.2874058127018302,0.3142857142857145,0.290183387270766,0.3575482406356414,0.3575482406356414,0.1325757575757575,0.1167133520074696,0.0363951473136916,0.025728987993139,0.1691104594330401,0.284640171858217,0.2589473684210528,0.3014145810663766,0.1748526522593321
LLNB-L,10.0,-0.0643519690272746,8.023497894792626e-07,0.0870563111336522,0.2096687604370992,2.759643854821666,0.6908289893770196,-16.836000000000006,1.6546256050928037,-0.0294436918145837,-0.0003089204495341,-0.0916427846669355,1.0,0.1229381268626838,-0.0590331655131884,4.665720483224644e-08,-0.1052359573105141,1.8198800662082194e-09,0.347417840375587,0.0500046842319021,3.812122054486135e-08,-0.1605176736528465,4.0,0.3538723447456845,0.1991777403256987,-0.0712139591047777,-0.0309606202069898,-0.3764578459730271,0.0152484318914328,0.0158556129190707,-0.0520401149437258,0.00117144939803,0.0686274509803921,0.0515463917525773,-0.0192307692307692,0.0,-0.1052631578947367,-0.1206896551724137,-0.1904761904761904,-0.3199999999999999,-0.3376623376623376,-0.3108108108108107,-0.3703703703703703,-0.3544303797468354,-0.2661870503597121,-0.2867132867132866,-0.2867132867132866,-0.3419354838709677,-0.3928571428571428,-0.3376623376623376,-0.3928571428571428,-0.423728813559322,-0.4137931034482758,-0.4104046242774566,-0.3625,-0.2608695652173912,-0.2093023255813954,-0.3625,-0.3289473684210526,-0.3108108108108107,-0.3742331288343558,-0.2816901408450704,0.0303030303030302,-0.1570247933884296,0.1333333333333333,0.0408163265306122,0.4782608695652175,0.59375,0.6190476190476191,0.59375,0.6451612903225807,0.728813559322034,0.8545454545454545,0.6451612903225807,0.4571428571428573,0.5692307692307692,0.7894736842105265,0.59375,0.5,0.728813559322034,1.2666666666666666
LLOR-L,21.0,0.0764289744368733,5.084304830250044e-07,0.0551655685592996,0.0161576901721265,0.0331299468254551,2.478286587548977,-2.3815,0.4582130398785479,-0.0156604544775894,-0.0002180644598543,-0.2357887461844152,1.0,0.1272323335896778,-0.186178442496132,-1.3097401226214466e-07,-0.0096983884789833,1.1527149112658066e-11,0.096209912536443,0.1299856777049607,3.487162939023842e-06,0.1295726138913531,4.0,0.0017452101461608,0.0659242169624122,-0.1488093884905452,0.1118759485437208,0.1585620166961623,-0.0893008602932267,-0.6214165261382799,0.1728260531149787,1.6536866802719628,0.1142857142857143,0.0294117647058822,-0.0277777777777777,-0.1250000000000001,-0.2222222222222223,-0.2857142857142857,-0.306930693069307,-0.1860465116279069,0.09375,0.0294117647058822,0.0,-0.1025641025641026,0.0294117647058822,-0.1025641025641026,-0.1666666666666667,-0.4067796610169492,-0.4166666666666666,-0.4615384615384615,-0.5569620253164558,-0.5454545454545454,-0.3333333333333333,-0.2553191489361702,-0.2708333333333333,-0.0789473684210526,0.09375,0.0294117647058822,0.0294117647058822,0.2499999999999997,0.2727272727272725,0.346153846153846,0.1864406779661016,0.0606060606060605,0.0606060606060605,0.0294117647058822,0.0,0.0,0.0,-0.1025641025641026,-0.1025641025641026,-0.1025641025641026,-0.0789473684210526,-0.1463414634146341,-0.1666666666666667,-0.1463414634146341,-0.1250000000000001,-0.2631578947368421,-0.2391304347826087,-0.3333333333333333,-0.3137254901960785
LLPQ-L,26.0,-0.2162393162393161,0.0043585185185185,472.9066414739057,0.0174482006543075,-0.0495689655172413,0.3176145796623015,-20.6,-0.7994621508391595,-0.1110230358290502,-0.0029107373868046,-0.0710450227178851,1.0,0.1823092505064145,-0.2666999002991027,-0.0006044444444444,-0.1724964063248591,7.18476551852806e-10,-0.1678611844586947,-0.0136752136752136,0.0037925925925925,-0.1489361702127659,3.0,1.897780973938704e-05,-0.1338958158434133,0.2431377093671687,-0.188361030017217,-0.3137324919193475,-0.0175863181671506,-0.0290589176219674,-0.4568036529680365,1.6536866802719628,0.0,0.0,0.0,0.0,0.0,0.0,0.0,0.0,0.0,0.0,0.0,0.0,0.0,0.0,0.0,0.0,0.0,0.0,0.0,0.0,0.0,0.0588235294117647,0.0588235294117647,0.0588235294117647,0.0588235294117647,0.0485436893203883,0.0485436893203883,0.08,0.08,0.08,0.08,0.08,-0.1692307692307691,-0.1496062992125983,-0.3493975903614457,-0.4315789473684209,-0.457286432160804,-0.3932584269662921,-0.5499999999999999,-0.5221238938053097,-0.5364806866952789,-0.4976744186046511,-0.52,-0.5023041474654377,-0.4832535885167464,-0.5178571428571428,-0.5,-0.5481171548117154,-0.5324675324675324
LLRP-L,20.0,0.0423835954205224,8.348036680584392e-07,0.0905776119280555,0.0487368542724679,0.1792511709239089,1.0672958219797686,-0.3686999999999898,0.2063945385952202,0.0095721639102464,0.0009982827893751,0.0118659868269213,1.0,0.0863763397563442,0.0620978095937466,6.532083062443945e-08,-0.0557976856779804,8.567910388139795e-07,0.0433361750497299,0.090720479070595,8.860992496163957e-07,0.0194583394988552,5.0,2.697949881193137,0.0249004701986214,-0.0205546515716422,0.0056229045566633,0.1017581614497595,0.0091326299767946,0.0197905943803878,0.1913988274407114,0.2728717597728428,0.0048426150121063,0.0048661800486617,0.0429292929292928,-0.0024154589371979,0.0626072041166381,0.0626072041166381,0.0324999999999999,0.1233000906618315,0.0954907161803713,0.0429292929292928,0.0081366965012206,0.0130825838103025,0.0925925925925925,0.0736568457538995,0.0214344600164879,-0.0570776255707762,0.0056818181818181,0.0081366965012206,0.0056818181818181,-0.0143198090692123,-0.0335413416536661,-0.0698198198198197,-0.0476556495003842,0.0155737704918033,0.0089576547231271,0.1132075471698113,0.161199625117151,0.168867924528302,0.1243194192377497,0.2892819979188346,0.4290657439446368,0.2760041194644695,0.3069620253164558,0.3968432919954905,0.7450704225352114,0.7750716332378222,0.4340277777777777,0.4697508896797153,0.6049222797927463,0.6520000000000001,0.2812823164426061,0.2303872889771598,0.1493506493506495,0.1122082585278276,0.1335773101555353,0.1788772597526167,0.1440443213296398,0.1710775047258979,0.1699716713881021
LLSU-L,15.0,0.07475247562771,2.337365490396691e-07,0.0253608114606846,0.1453067778431977,0.1126884702843723,0.931703798151176,12.634000000000016,0.5262549877078491,0.0028530568465807,0.0015732003929849,0.0648208769948854,1.0,0.1354490778346778,0.127477081111445,4.224985168420648e-08,0.0007705974786899,1.4373363117463475e-05,0.110496520030637,0.0599673734088188,6.713196018984469e-07,0.0340332353783213,5.0,15.386947726293696,-0.0552158826195219,0.0158546595854596,-0.0730744354925556,0.0224589838607314,0.0089282993805521,0.048447936769455,0.0852760010809539,1.6177089843648016,0.001751139892949,0.0201220128753918,-0.082820691536107,-0.1000029736239555,-0.0766649379175691,-0.0336834711535389,-0.0603539273517541,-0.0186121919584952,0.0774652901388395,0.1201746918834893,0.1072656764469162,0.116950215891058,0.1438829887750861,0.1723283108029594,0.2621351125938282,0.2557464110862169,0.3774177399535796,0.3489325667424345,0.3574023411221241,0.4227424434729472,0.6190221461431478,0.7220072826581705,0.7799341331451426,0.7640613160809002,0.945866015172946,0.9031629252342326,1.1696057347670252,1.2921841866101187,1.2153418240374765,1.4828547990155867,1.675329267214709,1.515249729909416,1.3914348925410875,1.3623165782079305,1.5705792423985057,1.6140956987389878,1.4798033592789843,1.3650855669297497,1.4943134992582827,1.5732018364223772,1.2873337363966146,1.3799638279468431,1.294443180956713,1.339491381309423,1.3645312500000002,1.3775333857030638,1.6274850247417314,1.726421043149266,1.4822439104404168
LLSV-L,21.0,0.0396676229102779,-9.540758168222653e-08,-0.0103518842085418,0.1480494766888677,0.115471226627537,3.547999616983481,-0.5670000000000001,0.0222256466413813,0.0031129964418407,-0.0020908435472242,0.0006729168890473,1.0,0.2778384279475982,-0.4358548731325586,1.1854762986660849e-07,0.0276767382834602,4.7031176070115246e-11,0.0046666666666665,0.018663237379233,1.359888897546288e-06,-0.0290075024339957,4.0,0.0070105787112898,0.0981086426088554,0.0142267795337042,-0.0978097298806449,1.062190270119355,0.0252413004826009,-0.3473132372214941,0.062190270119355,0.3697858239715045,-0.1132075471698114,-0.0275229357798165,-0.1016949152542372,-0.1239669421487602,-0.2428571428571427,-0.3375,-0.2318840579710144,-0.1587301587301587,0.1276595744680853,0.0495049504950495,-0.0862068965517239,-0.196969696969697,-0.1382113821138211,-0.0535714285714286,-0.0782608695652172,0.0816326530612245,0.0095238095238094,0.1777777777777778,0.1910112359550562,0.2325581395348839,0.3766233766233766,0.1397849462365592,0.2325581395348839,0.2771084337349399,0.1910112359550562,0.1521739130434782,0.1521739130434782,0.2619047619047621,0.358974358974359,0.2619047619047621,0.1521739130434782,-0.0363636363636363,-0.171875,-0.208955223880597,-0.3026315789473683,-0.1653543307086613,-0.1846153846153846,-0.1782945736434108,-0.1908396946564885,-0.1908396946564885,-0.2689655172413793,-0.196969696969697,-0.1908396946564885,-0.171875,-0.2318840579710144,-0.2638888888888888,-0.2933333333333333,-0.2482269503546098,-0.2428571428571427
LLVF-L,30.0,0.0660760935750622,3.536178949325271e-07,0.0383681405383716,0.0285555091238334,0.5978783353604309,3.701252891311837,2.25,0.6350184754680486,-0.0017670908553768,0.0019642120563336,0.0728587319243603,1.0,0.1597134428992836,0.1388526990500463,5.158002218228151e-08,-0.024623048694692,1.7422457860197062e-08,0.1333333333333333,0.0808453313953107,1.2629736860061504e-07,-0.0957197047635628,4.0,0.3815564776617557,0.1603490464782206,0.0172398245709307,0.2334028259566833,0.0223101397788106,0.0262111618318362,0.0353595550258244,0.1762504236750416,0.4252337177842189,-0.0552763819095477,-0.0419532324621733,-0.1872812135355893,-0.1490531459987782,-0.1577992744860943,-0.1708333333333334,-0.1757396449704141,-0.0399724328049621,-0.020393811533052,-0.0780939774983454,-0.1007101355713363,-0.1651183697932273,-0.1186333438785194,-0.0986735684244581,-0.0682274247491638,-0.0713333333333333,-0.0468696544645912,-0.0028632784538297,-0.0587837837837837,0.0387770320656226,0.0861598440545809,0.1941705957994,0.2097264437689969,0.1890738369611608,0.2482078853046594,0.3079812206572769,0.1760236386661038,0.1730526315789473,0.1905982905982906,0.2663636363636363,0.1941705957994,0.2426404995539695,0.3061415846225974,0.4149314372778059,0.3285646161182642,0.4525547445255473,0.5477777777777777,0.6426886792452828,0.649496743635287,0.6632835820895522,0.6936170212765957,0.7293606455617629,0.7390761548064919,0.9414634146341464,1.044020542920029,0.925362819626814,1.1267175572519084,1.0115523465703973,0.9108367626886144
LLVM-L,30.0,0.2137076193948232,5.129055993266151e-07,0.0556511262577258,0.0176655193358979,0.2690210757588087,3.1894413214727577,0.5585,0.1878223659835075,-0.004281514445946,-0.0119212541013488,0.0202345778494045,1.0,0.2298034934497816,0.134404157316641,6.578862034048827e-08,-0.0058627844932643,9.843254573526123e-12,0.0394366197183099,0.1426175720014582,3.759883732283912e-07,0.3416539634146341,5.0,0.0052650469039058,0.26662733595048,-0.0413014965163843,-0.2284482960342955,0.0474705915118868,0.0415829453565302,0.0787909740923019,0.138102399790754,0.5060388623884171,-0.0322580645161291,0.1923076923076923,0.1481481481481481,0.0333333333333334,0.1071428571428569,0.0333333333333334,0.1923076923076923,0.0333333333333334,0.631578947368421,0.1923076923076923,-0.088235294117647,-0.0606060606060606,-0.03125,-0.2051282051282051,-0.2954545454545454,-0.1388888888888888,-0.1621621621621621,-0.0606060606060606,0.24,0.4090909090909091,0.5499999999999998,0.8235294117647058,0.8235294117647058,0.9375,0.8235294117647058,1.214285714285714,1.214285714285714,1.8181818181818183,2.1,2.4444444444444446,2.4444444444444446,2.875,2.875,2.875,3.428571428571428,3.428571428571428,3.428571428571428,3.428571428571428,3.428571428571428,3.428571428571428,3.428571428571428,2.875,2.875,2.875,4.166666666666667,4.166666666666667,4.166666666666667,4.166666666666667,4.166666666666667
LLVX-L^E21,21.0,-0.2057987238205078,1.1532486603610568e-06,0.1251294329571887,0.0532682797449817,-0.0404423770164471,0.9446103351648362,-21.9136,-0.963575070700551,-0.0640799116038816,0.0008449311166076,-0.0316177462098443,1.0,0.0869797479643572,-0.4144107097937632,-1.666808595994762e-07,-0.0313429234185612,3.726597110398884e-09,-0.202319587628866,-0.0578401073092703,2.72809175276254e-06,-0.0647994671293487,2.0,0.0722466709618406,0.0367480394747626,-0.2149853605873281,0.3701530876388222,0.0140855906403047,-0.0118855678325097,-0.0366905255448354,-0.0388023858960173,1.6536866802719628,0.0459183673469387,-0.2064777327935223,-0.3615635179153094,-0.367741935483871,-0.3573770491803278,-0.3573770491803278,-0.4773333333333334,-0.5555555555555556,-0.540983606557377,-0.551487414187643,-0.5344418052256532,-0.5595505617977528,-0.5595505617977528,-0.5673289183222958,-0.5663716814159292,-0.5757575757575758,-0.5605381165919283,-0.5219512195121951,-0.5231143552311436,-0.4935400516795866,-0.822141560798548,-0.8243727598566308,-0.8196872125114996,-0.8246869409660107,-0.820018365472911,-0.8257777777777777,-0.8169934640522876,-0.8104448742746615,-0.8117195004803074,-0.8108108108108107,-0.7945492662473794,-0.7908217716115261,-0.7977296181630547,-0.8016194331983806,-0.7951933124346917,-0.7896995708154506,-0.7772727272727273,-0.792152704135737,-0.7958333333333334,-0.7934668071654373,-0.788108108108108,-0.7827050997782705,-0.7885652642934197,-0.7890204520990312,-0.7941176470588235,-0.7923728813559322,-0.7964693665628245,-0.8282208588957055,-0.8263950398582817
LLVY-L,30.0,-0.0143952113292941,2.682759214400024e-07,0.029108391866976,0.0342082151547,0.1486377807890185,2.146405037603377,-0.9605,0.3999162154665186,-0.0067964327026228,-0.0031608146580042,0.0322465208747514,1.0,0.105761955959065,0.0666605747704116,4.699942254303135e-08,-0.074365459839416,7.535142565560479e-11,0.0839694656488548,0.0242499452514781,5.07490341752541e-07,-0.0524588053553038,5.0,0.024466570685748,0.1699861339484911,-0.0544357834446076,-0.0109441528268186,-0.0100689927469807,0.0079771662763466,0.0236565674103654,0.0427552158331799,0.182350291638791,-0.1485981308411215,-0.1800766283524905,-0.1692546583850932,-0.2745762711864407,-0.3483556638246042,-0.2411347517730496,-0.2329749103942652,-0.2543554006968641,-0.2923280423280423,-0.3750000000000001,-0.415938864628821,-0.3687315634218289,-0.3750000000000001,-0.2890365448504984,-0.3713278495887192,-0.4222462203023758,-0.3885714285714285,-0.3742690058479533,-0.2890365448504984,-0.2559109874826148,-0.2579750346740638,-0.2201166180758018,-0.2313218390804597,-0.0572687224669603,-0.0272727272727273,0.0721442885771541,0.1145833333333332,0.1823204419889501,0.2022471910112357,0.4697802197802196,0.3860103626943005,0.4557823129251701,0.6589147286821704,0.6512345679012344,0.8512110726643596,0.6512345679012344,0.7285945072697897,0.7398373983739834,0.725806451612903,1.0776699029126209,1.049808429118774,1.1272365805168985,1.4318181818181817,1.559808612440191,1.559808612440191,1.3620309050772623,1.4768518518518516,1.6550868486352353,1.7295918367346936
LMDJ-L,19.0,0.1360052885741589,3.604010486859839e-07,0.0391041242095477,0.081429412523435,0.1679908826078996,3.04544246289159,-7.663999999999994,0.0573248001399984,-0.004541397549674,-0.0001757358314424,0.0361167916856016,1.0,0.2318217234197243,0.0680698765443654,3.6078120320455234e-08,0.0028243663448035,1.713798045805011e-07,0.0120363532410604,0.1251759037013688,9.96059530828841e-07,0.1601155325068879,4.0,0.4806497220821397,-0.0397225443874805,-0.0116769163004716,-0.0222571166413494,1.0368883498908772,0.0137843729950585,0.0529895372458039,0.0368883498908772,0.8309616039267945,-0.0931174089068826,-0.0275590551181101,-0.0560509554140127,-0.1018181818181818,-0.0919117647058823,-0.2006472491909384,-0.2057877813504822,-0.2015086206896551,-0.183920704845815,-0.1784922394678492,-0.2619521912350596,-0.2756598240469208,-0.2232704402515722,-0.25,-0.2438775510204082,-0.2756598240469208,-0.1784922394678492,-0.1997840172786177,-0.2199999999999999,-0.1674157303370786,-0.0679245283018867,0.0277392510402219,0.0510638297872341,-0.0093582887700535,0.1506211180124224,0.0865102639296186,0.1227272727272728,0.1506211180124224,0.1400000000000001,0.1856,0.2474747474747474,0.2688356164383563,0.2516891891891892,0.2580645161290322,0.2602040816326532,0.1417565485362095,0.2329450915141431,0.2247933884297521,0.2167487684729063,0.3351351351351352,0.2645051194539249,0.3571428571428572,0.2247933884297521,0.1687697160883281,0.1244309559939302,0.2412060301507539,0.3091872791519434,0.5246913580246912,0.5341614906832297
LMEO-L,30.0,0.3617392062039819,4.60589909315097e-07,0.0499747852820893,0.4332325051830201,0.0996726897726763,1.2711221884373602,-36.75,1.573734888389062,0.0014999286479693,-0.0027359781121751,0.1240710248765075,1.0,0.1076181292189006,0.2260083449235048,9.64025391589738e-08,0.069582541644369,4.647082620046891e-08,0.3304334071496361,0.1870343745915566,2.2613231565863344e-06,0.3931541391705562,2.0,0.3228505000399417,-0.1353439962757291,-0.1112758069307188,-0.116897010351009,1.383102989648991,-0.0224010662292392,-0.0760352627305416,0.3831029896489911,0.3570290122719051,-0.0787589498806683,-0.0378874856486797,-0.0861504907306432,-0.1586345381526104,-0.1047008547008545,0.0743589743589745,0.0096385542168675,-0.0312138728323698,0.0072115384615385,0.0514429109159348,0.2507462686567165,0.2323529411764706,0.195435092724679,0.3648208469055376,0.4498269896193771,0.624031007751938,0.7067209775967414,0.3626016260162601,0.349436392914654,0.3782894736842106,0.578154425612053,0.5461254612546127,0.624031007751938,0.6895161290322582,0.7458333333333336,1.2833787465940056,0.9717647058823532,0.8789237668161436,0.7172131147540985,0.5518518518518518,0.3155416012558871,0.342948717948718,0.2526158445440958,0.4473229706390329,0.4523396880415946,0.425170068027211,0.5663551401869162,0.7642105263157897,0.7494780793319418,0.8959276018099549,0.8789237668161436,0.9810874704491724,1.0047846889952154,1.1377551020408163,1.3149171270718232,1.850340136054422,1.889655172413793,1.879725085910653,2.036231884057972
LMGC-L,23.0,0.0618685615609058,1.3204244151699483e-06,0.1432682855068872,0.0034206886238737,0.2309325324910681,0.0808754492936565,64.05,0.2421680626784934,-0.136334184185765,0.0001186967101228,-0.0013900215295637,1.0,2.333333333333333,0.0178281617130536,6.985657618988542e-08,0.0015595067337954,8.611909616161626e-10,0.0508474576271186,0.0021635140231436,3.413953413076542e-07,0.2858326429163216,2.0,0.8946939116868825,0.7499999999999999,0.1101393823449028,-0.5449219910405548,-0.1101393823449028,0.0085413039272586,0.0106802457787024,-0.1101393823449028,0.0200852633231412,0.018201284796574,-0.064440734557596,-0.0236933797909407,-0.0703384207033842,-0.0993249758919961,-0.0896686159844054,-0.0724925521350546,-0.1338485316846986,-0.0967117988394584,-0.0344589937973811,-0.0364511691884456,-0.1013470173187941,0.0320441988950277,0.041635687732342,0.0130151843817787,0.012649078424286,-0.0168421052631578,0.0633776091081592,0.0301470588235295,-0.0482336956521739,0.0014295925661185,0.0057430007178751,0.1316639741518577,0.0108225108225108,0.1679866611087954,0.1837769328263623,0.081853281853282,0.0218818380743981,-0.0067352002835874,0.0781069642170066,-0.1378461538461538,-0.1467722289890378,-0.1062200956937799,-0.0798029556650246,-0.1534743202416919,-0.2369281045751633,-0.269741985926505,-0.269170579029734,-0.2263942573163997,-0.2082509183385137,-0.2297965915338098,-0.1991997713632467,-0.218627997769102,-0.173938679245283,-0.1830903790087462,-0.1823752553253576,-0.1493624772313296,-0.0715705765407554,-0.0782894736842104
LMGK-L^L21,25.0,0.1185386786669451,1.4467964945948389e-06,0.1569798701664408,0.0970306668830115,0.155237417279654,0.6533017371458976,3.9,-0.2645910314450205,0.176786200531243,-0.0002582644628099,-0.0060236886632825,1.0,0.2208927749654854,0.0910636461704423,1.5355960273889232e-07,-0.0993662513752894,3.17898609882478e-10,-0.0555555555555556,0.0148190190041834,1.0866470427618255e-06,0.1573419896887531,2.0,0.0737048310490777,-0.0551181102362205,-0.5792440027142459,0.5406008102710517,0.5792440027142459,-0.0033877991050187,-0.0059322771243484,0.5792440027142459,0.325183420136945,-0.027906976744186,-0.0486725663716813,-0.0772532188841202,-0.0772532188841202,-0.0444444444444445,-0.0966386554621848,-0.1260162601626017,-0.0227272727272728,0.1025641025641026,0.0749999999999999,0.0804020100502511,0.1139896373056994,0.1813186813186811,0.131578947368421,0.1559139784946235,0.1559139784946235,0.1497326203208555,0.131578947368421,0.131578947368421,0.131578947368421,0.2427745664739884,0.1813186813186811,0.3190184049079754,0.2647058823529411,0.3109756097560976,0.3870967741935482,0.2356321839080459,0.2285714285714284,0.4625850340136055,0.360759493670886,0.12565445026178,0.0804020100502511,0.162162162162162,0.0591133004926109,0.0093896713615022,-0.0444444444444445,-0.0652173913043477,-0.1115702479338842,-0.0811965811965811,-0.14,-0.2007434944237918,-0.2375886524822694,-0.2124542124542124,-0.1535433070866142,-0.0928270042194093,-0.1434262948207171,-0.14,-0.0315315315315316,-0.0315315315315316
LMGN-L^D23,26.0,-0.008637236084453,5.484458603177682e-07,0.0595073047713702,0.0239593417231364,0.1355383785727126,0.950421128431688,0.5999999999999999,-0.0901515148690787,-0.0088560458368999,-0.0005685694791903,-0.0578589369939463,1.0,0.0903873744619799,0.1517295597484276,4.679572187011674e-08,-0.0238554216867463,5.21607577461171e-10,-0.0189289012003693,-0.036468330134357,9.984335218208107e-07,-0.0790745856353592,5.0,0.0751010791275316,0.0238040741588463,-0.0027130811276857,-0.1962865169013253,0.0233325435374957,0.0055142651642292,0.016016713091922,-0.0136239782016347,0.6614746721087851,-0.1160220994475137,0.1104294478527607,-0.1298076923076923,-0.0621761658031086,-0.0949999999999999,-0.1039603960396039,-0.1170731707317072,-0.1542056074766356,-0.0765306122448978,-0.081218274111675,-0.1697247706422018,-0.2096069868995632,-0.1919642857142858,-0.2612244897959184,-0.2426778242677824,-0.2130434782608694,-0.1620370370370371,-0.1213592233009708,-0.1542056074766356,-0.0904522613065326,0.0168539325842695,-0.0054945054945054,0.0584795321637428,-0.0473684210526315,0.2928571428571429,-0.2061403508771928,-0.2426778242677824,-0.223175965665236,-0.3489208633093524,-0.3169811320754716,-0.2817460317460317,-0.3512544802867383,-0.3715277777777778,-0.4198717948717948,-0.3966666666666666,-0.3758620689655172,-0.3780068728522336,-0.3715277777777778,-0.3946488294314382,-0.3946488294314382,-0.3946488294314382,-0.4084967320261438,-0.4396284829721362,-0.3801369863013698,-0.3671328671328671,-0.3758620689655172,-0.3512544802867383,-0.4065573770491802,-0.3489208633093524
LMHD-L,19.0,0.2115177758969062,1.135431233173529e-06,0.1231962119291813,0.0269401997146092,0.1447389384585384,0.2556049205337369,61.50300000000001,0.2157227933062094,0.098399441710867,0.0023010404461033,0.0092191971539566,1.0,4.5853626081171,0.1927973710211434,2.085720870373955e-07,0.0065048283908279,1.0008036095332371e-09,0.0452948067161265,0.0003126559158183,1.6471143245366347e-06,0.2260033418851701,2.0,0.246650858543852,-0.1372092440972482,-0.1997450126211917,0.1857144003762937,0.1997450126211917,0.0479070225743876,0.1228062267828009,0.1997450126211917,0.2583518847227922,-0.0728429985855729,0.0389419544452609,-0.067897165458141,-0.1217391304347826,-0.1404255319148936,-0.0585885486018641,0.0049751243781095,-0.0221300138312586,-0.0007067137809186,0.0885296381832179,0.0695915279878971,0.0107219442458899,0.1160220994475138,0.0720242608036392,0.0450849963045085,0.1204437400950872,0.2469135802469135,0.2761732851985561,0.2936870997255261,0.3944773175542406,0.4837355718782792,0.411177644710579,0.5538461538461539,0.68936678614098,0.68936678614098,0.5693673695893453,0.7349693251533742,0.9030955585464336,0.9343365253077978,1.025787965616046,1.094814814814815,1.104166666666667,1.1587786259541986,1.4506065857885615,1.502654867256637,1.4129692832764509,1.4337349397590362,1.4463667820069204,1.58974358974359,1.516014234875445,1.511545293072824,1.575591985428051,1.472027972027972,1.2954545454545454,1.3029315960912051,1.2917341977309564,1.7889546351084813,1.9458333333333335,1.9705882352941175
LMHU-L,25.0,-0.078251101702238,1.472242562193531e-06,0.1597408116000235,0.1164811888511582,0.043554814197016,1.9658138919323749,-81.65,-0.0471548372872313,-0.0513928028894874,-0.0025058325412598,0.0646626101171556,1.0,0.2203243863929955,-0.2794511215999221,-2.942894370673185e-07,-0.2062552831782697,3.325626286752503e-07,-0.0099009900990099,-0.0487168409228377,3.820890998626391e-06,0.0357085107529779,3.0,0.2827869424935778,0.2141575057459558,-0.0045533508998566,0.263582071910527,-0.018200873825907,-0.0052810393085359,-0.0175305323438321,0.1317991261740929,1.6536866802719628,-0.0978260869565218,0.0823529411764707,0.0109890109890109,0.0222222222222221,0.0337078651685394,0.0952380952380953,-0.0416666666666666,-0.1785714285714286,0.1219512195121952,0.1358024691358024,-0.1067961165048543,-0.1636363636363637,-0.1481481481481481,-0.1858407079646016,-0.2136752136752135,-0.2268907563025209,-0.2068965517241378,-0.2459016393442622,-0.352112676056338,-0.3235294117647059,-0.2923076923076922,-0.2396694214876032,-0.1153846153846154,-0.1153846153846154,-0.1067961165048543,-0.1711711711711712,-0.1320754716981131,-0.1711711711711712,-0.0612244897959183,-0.089108910891089,-0.1320754716981131,-0.0799999999999999,-0.0612244897959183,-0.0212765957446807,0.0,-0.1401869158878504,-0.1320754716981131,-0.0707070707070706,-0.0707070707070706,-0.1401869158878504,-0.1999999999999999,-0.2396694214876032,-0.1929824561403508,-0.0799999999999999,-0.0515463917525772,-0.1320754716981131,-0.089108910891089,-0.1401869158878504,-0.1481481481481481
LMJY-L^C23,22.0,-0.0294245874977865,9.431978225046606e-07,0.1023385612774206,0.0501146689345926,0.2056663665681836,1.549067318243544,-3.0693,-0.133621122092475,-0.0025220085831212,-0.0040827355594867,1.681963409565682,1.0,0.1470365143874184,-0.0847993119116152,4.838949901001565e-09,-0.1317872538677781,1.5389630842283932e-10,-0.0280561122244488,-0.0369232074065146,8.138690729512217e-07,0.0437818113966433,3.0,0.020870243576261,0.2247104976540563,0.426206757827315,-0.2144218165860649,0.1350378088934971,-0.0055569106964135,-0.0090480058548455,0.0010538457734166,6.590346555705218,0.0,0.0,0.0,0.0,0.0,0.0,0.0,0.0,0.0,0.0,0.0,0.0,0.0,0.0,0.0,0.0,0.0,0.0,0.0,0.0,0.0,0.0,0.0,0.0,0.0,0.0,0.0,0.0,0.0,0.0,0.0,0.0,0.0,0.0,0.0,0.0,0.0,0.0,0.0,0.0,0.0,0.0,0.0,0.0,0.0,0.0,0.0,0.0,0.0
LMNI-L,18.0,0.0756501813369905,6.187035779318458e-07,0.0671303861310862,0.0657341134424096,0.0894545251457829,0.6736514947488693,564.8342,0.5456096184078028,0.0104735034204883,-0.0013493481780677,0.4646069125952124,1.0,0.0658088769029641,-0.0774011953182292,9.341019608889716e-08,-0.0099832412810251,3.506088955023785e-05,0.1145603662435498,0.0439881842684768,2.293260309370419e-06,0.1498575339288442,3.0,12.948506209849286,0.0009173545638025,0.0496922962908652,-0.0291467362154575,-0.0164136590027994,0.0105210236896557,0.0563826956656886,0.0185833572447454,0.6391676936905321,0.0044345898004436,0.0180586907449209,0.0226757369614512,0.0112107623318384,0.0296803652968036,0.0296803652968036,0.0464037122969838,-0.0216919739696312,0.0344036697247704,0.0661938534278958,0.0112107623318384,-0.0238095238095238,-0.0505263157894737,-0.0465116279069768,0.0022222222222221,-0.0342612419700214,0.0391705069124423,0.0789473684210526,0.0841346153846152,0.2222222222222221,0.1962864721485411,0.2849002849002848,0.3792048929663607,0.2740112994350281,0.4227129337539432,0.2633053221288515,0.3187134502923976,0.3462686567164177,0.2922636103151861,0.3502994011976048,0.4408945686900958,0.4363057324840762,0.45016077170418,0.5551724137931033,0.5936395759717312,0.5769230769230769,0.5340136054421769,0.4738562091503266,0.5714285714285714,0.5659722222222221,0.478688524590164,0.5340136054421769,0.4182389937106916,0.4408945686900958,0.4317460317460317,0.4884488448844883,0.5134228187919463,0.5659722222222221,0.478688524590164
LMWZ-L,22.0,-0.0053078556263269,8.745835137103525e-07,0.0948937925581634,0.0325506937033084,0.2061426340447683,2.172062151728808,-2.45,-0.4459118720340153,0.0035455286382676,-0.0005232862375719,-0.0063943040249464,1.0,0.2419354838709677,-0.03948772678762,1.049500216452423e-07,-0.0117083555082488,6.418778096317955e-10,-0.0936270653029111,0.0063694267515923,9.46493713726537e-07,0.0285110876451953,2.0,0.0289323385617384,-0.0428925912796881,-0.0034009873098039,-0.0441465602377435,0.0402780705786397,0.0155374426897605,0.0336273428886438,-0.057660073751257,0.3827978426555469,-0.1,-0.0243902439024389,-0.0476190476190475,0.038961038961039,0.0526315789473683,0.0256410256410257,0.0126582278481013,-0.1011235955056178,0.0126582278481013,-0.0123456790123457,0.038961038961039,-0.0361445783132529,0.1111111111111111,0.0126582278481013,0.0126582278481013,0.0126582278481013,-0.1489361702127658,-0.2727272727272727,-0.3162393162393161,-0.3548387096774192,-0.2307692307692307,-0.3220338983050846,-0.2307692307692307,-0.2156862745098039,-0.183673469387755,-0.1919191919191918,-0.2660550458715596,-0.2592592592592593,-0.2380952380952381,-0.2380952380952381,-0.3798449612403101,-0.4244604316546762,-0.4074074074074074,-0.4074074074074074,-0.4029850746268657,-0.3939393939393939,-0.3388429752066115,-0.3548387096774192,-0.416058394160584,-0.3846153846153846,-0.4405594405594405,-0.3984962406015038,-0.4117647058823529,-0.3220338983050846,-0.183673469387755,-0.1304347826086956,-0.1304347826086956,-0.183673469387755,-0.2380952380952381
LMYO-L,16.0,0.0800250158157154,3.02571073617057e-07,0.0328294739653951,0.0758635863543469,0.0535568783594949,0.210602057303377,6.657599999999995,0.2175542876369466,0.0127580195226779,0.004297435390158,0.4379783015431749,1.0,0.0268502610798844,-0.010034426189347,1.9663762276504658e-08,0.0030905510148762,7.638156148296871e-09,0.0456793612661627,0.0580481302718395,9.031754553848738e-07,0.1139750034192039,4.0,1.6746862772245763,0.1178438444513582,0.0369004402678035,-0.2004567627875776,0.0575663437592772,0.005769186531526,0.0229902232704698,0.0575663437592772,-0.0135200906794359,0.0862587763289868,0.0278350515463918,0.0225641025641025,0.0173469387755103,-0.0109126984126983,-0.0459330143540668,-0.0273170731707316,-0.0329776915615906,-0.0215897939156034,0.081344902386117,0.0121827411167514,0.0472689075630252,0.0257201646090534,0.0550264550264552,0.1053215077605322,0.0860566448801745,0.1770956316410861,0.2041062801932369,0.0755124056094931,0.1701877934272302,0.233910891089109,0.3240371845949534,0.3491204330175914,0.2881136950904392,0.4242857142857144,0.2981770833333335,0.1968787515006003,0.1826809015421115,0.2668360864040662,0.2588383838383838,0.1189674523007857,0.1394285714285714,0.2798459563543005,0.3205298013245035,0.2493734335839599,0.1983173076923077,0.1812796208530807,0.0860566448801745,0.1040974529346623,0.1381278538812786,0.0956043956043957,0.0572640509013786,0.010131712259372,-0.0367149758454105,0.0142421159715158,0.1139664804469275,0.1342434584755405,0.2070217917675545,0.2055622732769046
LNAO-L^E21,22.0,0.1293467358393534,1.5276443071970642e-06,0.1657519947692808,0.087216414036326,0.1194825081297293,0.6295529411455675,-10.3881,0.8288841820133789,0.0128725112827048,-0.0011437456793459,-0.0050365538011988,1.0,0.1269495503407096,0.0805673129455847,9.027902428855214e-08,0.0087526190901573,2.498809544754185e-07,0.1740388590326581,0.0652666592615281,2.2356047058687905e-06,0.1765597368364115,5.0,0.9601743788683142,-0.0456019102513533,-0.1505787052222353,-0.2423235179329861,0.1989231017963968,0.0021964620113372,0.0059340069486935,0.0802594427187416,0.3661898382656428,0.004724409448819,0.017628205128205,0.0225442834138485,0.0095389507154213,0.0291734197730955,0.0291734197730955,0.044407894736842,0.0654362416107381,0.1024305555555555,0.0762711864406777,0.1159929701230226,0.0583333333333333,0.0583333333333333,0.039279869067103,0.0409836065573769,0.017628205128205,-0.4650379106992418,-0.4769357495881384,-0.4786535303776683,-0.4773662551440329,-0.4956314535345513,-0.5023510971786834,-0.4887278582930757,-0.5031298904538342,-0.4899598393574297,-0.5062208398133747,-0.4812091503267974,-0.4623200677392041,-0.4663865546218487,-0.4636824324324324,-0.4174311926605505,-0.4070961718020542,-0.4263775971093044,-0.4370567375886525,-0.4195612431444241,-0.403755868544601,-0.3917624521072796,-0.3762278978388998,-0.3876567020250723,-0.3804878048780488,-0.3687872763419484,-0.3681592039800996,-0.3852855759922556,-0.3864734299516908,-0.400943396226415,-0.3792766373411536,-0.3917624521072796,-0.3712871287128713,-0.3643643643643643
LNBN-L,20.0,0.0586972079571606,1.7498214812011386e-06,0.1898585944599812,0.002464352970239,0.1175011676746811,0.0162257931244548,7.798299999999999,-0.2874006031213149,-0.1442812215676539,0.0014935076295376,0.0306985972973494,1.0,0.0120232704517816,0.0295642142517609,5.6309705742480304e-08,-0.0058202755216234,1.7861602810032988e-10,-0.0603448275862068,8.457132106286117e-05,5.189035304736853e-07,0.1707982295465382,2.0,0.5152286885230484,0.181458982308982,0.3359554617325393,-0.1147147446425246,-0.3359554617325393,0.003097811344342,0.0040162526028689,-0.3359554617325393,0.193740576884256,-0.1526849504494123,-0.0468973091707852,-0.1604914385218149,-0.1447718537498767,-0.1472091194968553,-0.0718716577540107,-0.0426916712630999,-0.0200993676603432,-0.0131908119172162,-0.038022392195987,-0.0652735889702714,-0.0133030130756112,0.0278337083974888,-0.054992921703147,-0.0591934084995663,0.0718873517786562,0.0683245106487751,0.1155675536701374,0.0840724547158027,0.1840633101378086,0.1315686530186466,0.203773061450964,0.2687134502923975,0.4028451341739412,0.5925857955588181,0.4367549668874173,0.493631669535284,0.5844440387073215,0.5763851044504997,0.6308964480360835,0.689970788704966,0.7201189296333002,0.6551592599656686,0.962016730725752,0.900569426193605,0.7750051135201472,0.8799826689774699,0.823109243697479,0.8634313936010307,0.6488694660839824,0.7238776321017082,0.5515823350616842,0.538379719907818,0.5943413558699246,0.7418707346447211,0.7527772167238942,1.3703906036602025,1.296982530439386,1.2782882646363871
LNCJ-L,19.0,0.3916681466588826,8.140684566120848e-07,0.0883278063659857,0.1283572942913425,0.0789452119082461,0.1760692803777674,-0.6095,0.0573811875422938,-0.0257297654097765,-7.122624534735558e-05,4.275076076206474,1.0,0.0734062227695973,0.2558653375327196,2.0246579544004545e-08,0.2054755666483537,2.0450000131158108e-11,0.0120481927710844,0.2946561343059501,2.0937213811808614e-06,0.4571685318490053,2.0,0.0430493258234916,-0.3046947613689652,0.0222306159736862,1.083191568366695,0.1445283403417646,0.0005588234365905,0.0020059539366947,0.0831915683666949,1.552068244546725,0.0204778156996587,0.0138408304498269,0.0034246575342467,-0.0134680134680135,0.0,0.0068728522336769,0.0173611111111111,-0.0034013605442175,-0.0233333333333333,0.010344827586207,-0.0167785234899328,0.1015037593984962,0.1098484848484848,0.097378277153558,0.1015037593984962,0.2415254237288135,0.1626984126984128,0.1814516129032259,0.1910569105691058,0.2310924369747899,0.2157676348547716,0.2107438016528926,0.2208333333333334,0.2208333333333334,0.2362869198312236,0.1490196078431374,0.1862348178137651,0.2310924369747899,0.2259414225941423,0.2362869198312236,0.3378995433789955,0.3257918552036201,0.2964601769911505,0.3318181818181818,0.3691588785046729,0.4086538461538462,0.4723618090452262,0.4504950495049504,0.4019138755980862,0.4154589371980679,0.4797979797979799,0.5025641025641028,0.3564814814814814,0.2521367521367523,0.429268292682927,0.5340314136125657,0.6187845303867403,0.3198198198198199,0.4223300970873787
LNEX-L,18.0,0.0079305684249627,3.644421087703229e-07,0.0395425860732198,0.1333832656523625,0.0705577521085484,0.905390013543176,99.3884,-0.0090997456725363,0.0167265030678099,-0.0019470697679476,0.0037105821112665,1.0,0.1593399838578017,0.972649703277174,5.4444701782386535e-08,-0.0303192700375794,2.3805521234320962e-07,-0.0019106521619084,0.0333005596579511,1.8536999628780333e-06,-0.099708409057982,4.0,1.1669991330609044,0.0552895137823657,0.0048171289517808,-0.1828350098998818,-0.015083342976722,0.0071614075590119,0.0469862307729401,0.0449022452502716,0.5177481347171802,-0.0326975476839236,0.0751953125,-0.0409407665505227,0.0091659028414299,0.1444906444906446,0.1775401069518716,0.1788008565310492,0.1813304721030042,0.2772621809744779,0.2728323699421964,0.3476132190942471,0.4043367346938775,0.4007633587786259,0.3201438848920863,0.5040983606557377,0.369402985074627,0.3329297820823245,0.3154121863799284,0.2983490566037734,0.5463483146067416,0.5082191780821919,0.4679999999999999,0.6783536585365855,0.6732522796352582,0.6938461538461538,0.5355648535564854,0.5102880658436213,0.4544253632760897,0.7672552166934188,0.7284144427001569,0.8724489795918366,0.8504201680672268,0.8138385502471168,1.1801980198019804,1.113243761996161,1.1758893280632412,1.3986928104575165,1.1213872832369942,1.215291750503018,0.9181184668989546,0.6531531531531531,0.6912442396313365,0.6072992700729927,0.2983490566037734,0.3345454545454545,0.4354628422425033,0.3525798525798524,0.1941431670281994,0.2669735327963176
LNTH-L,32.0,0.0697226938313526,6.345076748789608e-07,0.0688451574179428,0.0566082897833805,0.0842436674140151,0.2823436479358803,7.799999999999997,0.77531325493192,0.014280474644324,-0.0007556066009792,0.0011653350333968,1.0,0.45,0.0943244331141823,6.799407894117359e-08,-0.0135076014437265,8.856962554725265e-10,0.1627906976744186,-0.0233729485002829,8.360004259746581e-07,0.0517764510130173,2.0,0.3613954271599858,-0.1818181818181818,-0.1065683646112601,0.1564911032300643,0.1065683646112601,0.0130409480478256,0.030223148602256,0.1065683646112601,0.2516479730848639,-0.0829694323144104,-0.1702898550724636,-0.2392026578073088,-0.2516339869281045,-0.2491803278688523,-0.2467105263157895,-0.2564935064935065,-0.2730158730158729,-0.2076124567474049,-0.1549815498154981,-0.2020905923344947,-0.2103448275862068,-0.1732851985559567,-0.1850533807829181,-0.1423220973782771,-0.0948616600790512,-0.1226053639846742,-0.1158301158301158,-0.1423220973782771,-0.0839999999999999,-0.0653061224489796,-0.0984251968503937,-0.0378151260504201,-0.0378151260504201,0.0651162790697674,0.0504587155963303,-0.0213675213675212,-0.0337552742616034,0.0651162790697674,0.0751173708920187,-0.0497925311203319,0.0269058295964126,0.0132743362831859,0.0504587155963303,-0.0171673819742489,-0.0171673819742489,-0.0691056910569105,-0.0839999999999999,-0.0418410041841004,0.0043859649122808,-0.0378151260504201,0.0132743362831859,0.0651162790697674,0.080188679245283,0.0904761904761903,0.080188679245283,0.1393034825870647,0.2180851063829787,0.1565656565656565
LNUP-L,18.0,0.031531166409986,5.25951840457755e-07,0.0570666655174473,0.1467075278956467,0.0121633362293657,0.615091497551393,-1.608,0.4125120017804257,-0.220364035955736,0.0073384917710636,-0.0072534030852102,1.0,4.660416666666667,-0.0455810307662159,-4.4988406852558463e-08,0.0474537498836265,3.015183741404368e-12,0.0866141732283465,-0.0019183485990651,2.986124402993151e-07,0.2026791927627,4.0,0.0130176014643055,0.4822888589398025,0.000315130147699,0.8891452833671774,-0.2821369752407331,-0.0221774193548387,-0.0308465138799225,-0.1108547166328226,1.6536866802719628,-0.5526315789473684,0.0,-0.0617283950617284,-0.0617283950617284,-0.0843373493975903,-0.2323232323232322,-0.243781094527363,-0.1999999999999999,-0.1914893617021276,-0.1648351648351648,-0.2244897959183673,-0.2083333333333332,-0.1999999999999999,-0.24,-0.2244897959183673,-0.1555555555555555,-0.1648351648351648,-0.0952380952380952,-0.111111111111111,0.0,-0.05,-0.0379746835443037,-0.0193548387096774,0.1692307692307693,0.3333333333333335,0.3103448275862071,0.4205607476635513,0.5670103092783505,0.6170212765957448,0.5510204081632653,0.5833333333333335,0.4757281553398058,0.504950495049505,0.5510204081632653,0.52,0.4205607476635513,0.3818181818181816,0.3818181818181816,0.3944954128440365,0.504950495049505,0.5833333333333335,0.52,0.4757281553398058,0.5833333333333335,0.7272727272727273,0.8999999999999999,0.8095238095238095,0.8095238095238095,0.8095238095238095
LNWM-L,22.0,0.0156966395166943,6.143463400241826e-07,0.0666576184380591,0.1322889006903877,0.4320693391115925,0.7407629268350708,0.0625,0.4082261628008879,-0.0042210576128959,0.0091859807801017,-0.0568625029014901,1.0,1.3586723768736615,0.0515456401283173,3.0881307392188344e-08,-0.1400626187481601,9.773829162514524e-13,0.0857142857142855,-0.0161281622525486,1.8771575403775725e-07,-0.0862533692722372,5.0,0.0066006186735935,1.0433940164079532,0.0256632902087833,0.408968169601074,-0.4494071086908262,0.0162399694306457,0.0213936430317848,0.2533135283363801,-0.4789989004925685,0.0,0.0,0.0,0.0,0.0,0.0,0.0,-0.25,-0.25,-0.25,-0.25,-0.25,0.0,0.0,-0.25,-0.25,-0.25,-0.25,-0.25,0.0,-0.25,-0.25,-0.25,-0.25,0.0,0.0,0.0,0.0,0.5,0.5,0.5,0.5,0.5,2.0,2.0,0.5,0.5,2.0,2.0,2.0,2.0,0.5,0.5,0.5,2.0,0.5,0.5,0.5,0.5
LNWT-L,19.0,0.0365225011504672,6.865308739486638e-07,0.0744897626309875,0.1381715116891675,0.123838899712006,0.794045492288205,-23.482,0.1468942955644224,-0.0225515553966666,-0.0008082859694259,0.1181878836155193,1.0,0.1171004372044006,0.000371995319506,1.4192676631710073e-08,0.0004330409628807,4.556976685143134e-07,0.0308430491897425,0.0707117755811847,6.000496575684684e-07,0.0487919616401928,2.0,2.7636063787413456,-0.0211080166730006,-0.0294841684205706,0.0312576911934799,0.0294841684205706,0.0032812932090406,0.0071965947303131,0.0294841684205706,1.735678934229566,-0.0420717131474103,-0.0019087004930808,-0.0589382123575286,-0.0735956300287886,-0.0828034787692758,-0.0145268943855515,-0.0526156865705442,-0.0747567089354172,-0.0132096241547413,-0.0876708345449258,-0.0682999257609502,-0.0871399476287458,-0.0725687259828553,-0.1002939278801348,-0.1358534738001789,-0.1717811654457863,-0.2079520353423792,-0.212573723177312,-0.205344139808776,-0.1941697701297033,-0.1885426095952411,-0.1727638257201239,-0.1688191270945096,-0.1835805360395523,-0.1322085465357488,-0.2278348612563834,-0.2078020451963135,-0.1871761658031088,-0.1694242223692917,-0.1334668231719948,-0.0846097738876732,-0.1508795669824086,-0.0855435733022442,0.0601452948133132,0.0579111523223467,0.0742103911666525,0.0769758860379301,0.1247535400609427,0.0796627666896077,-0.0097056734790499,0.1619294509767612,0.1111111111111111,0.1138723706399218,0.1619294509767612,0.1732261381695803,0.2756657857288067,0.2322042218949436,0.2652485129549349,0.3984845108090038
LOAH-L,20.0,0.1631578522351948,1.211547746356147e-06,0.1314549825313838,0.1085217904859252,0.0790803779304486,1.254837380473368,-5.976199999999999,0.5405529717173782,-0.0052162723395521,0.003178426456552,0.250638583725658,1.0,0.0505898881056696,0.1079121284496326,1.5638080243979721e-07,0.0496078270064183,9.447691366463753e-08,0.1134986340502836,0.1001553515617519,3.010119811470216e-06,0.1869807047611081,5.0,0.2839417720296557,-0.0061007853224266,-0.0171850547028765,-0.1751573596216596,-0.007893719352517,0.0117817961847462,0.0393599943759445,0.118405836383638,0.6932669595528358,-0.229021619640894,0.0372481946028127,-0.0695533583361744,-0.0298613579808033,-0.0329553508150247,-0.0201077199281868,-0.0723997280761388,-0.1153970826580227,-0.1377567140600315,-0.2094438006952492,-0.209901563404748,-0.2176032110091743,-0.1712723959914971,-0.2006444053895724,-0.2402561247216036,-0.1880392740255876,-0.0954590652966523,-0.038068382093761,-0.0657309140705239,0.0220973782771536,0.0360668185269552,0.0902916500199759,0.1262897234832851,0.1737634408602151,0.3221899224806202,0.0761041009463723,0.0372481946028127,0.1161554192229039,0.1808740804846387,0.2080566622399291,-0.588696307460437,-0.5808631546613423,-0.5734604563926227,-0.5180148357470858,-0.5043588812204868,-0.513460509894812,-0.4608850256815487,-0.4306279991654496,-0.4308654848800834,-0.3871547271502358,-0.3943630714602752,-0.3924755120213713,-0.4100734976221357,-0.4183716965046888,-0.3733639494833525,-0.3364940432774131,-0.3335775335775336,-0.3077118214104516,-0.2889525794684732
LODM-L,19.0,0.1004777268006481,3.180011462444317e-06,0.3450366298005843,0.0990750825096466,0.6039121909765797,0.5329000938996037,5.914899999999999,0.5757409997537565,0.0785215520129975,0.0023164551233542,0.4804091119145985,1.0,0.0383530712105291,0.1312391455809131,1.9068022283315378e-07,0.0200325835614258,3.438058458344707e-10,0.1208869814020028,0.1177353532726534,4.907113268231852e-07,-0.0643952883229063,3.0,0.0588562222171507,-0.0488081935075088,0.247774926765305,0.2512174220217587,-0.2832319477483115,0.0127983897609684,0.0147733243370286,0.3361950263956437,0.1700053276105305,-0.045,-0.0783410138248847,-0.1836734693877552,-0.209486166007905,-0.0783410138248847,-0.1111111111111111,-0.1666666666666666,-0.0476190476190476,-0.1150442477876105,-0.2063492063492064,-0.2753623188405796,-0.2779783393501804,-0.2982456140350877,-0.3333333333333333,-0.4152046783625731,-0.2307692307692308,-0.2063492063492064,-0.2063492063492064,-0.2882562277580071,-0.2805755395683452,-0.3527508090614886,-0.2857142857142857,-0.3288590604026845,-0.2031872509960158,-0.2156862745098038,-0.3442622950819671,-0.3846153846153846,-0.2366412213740458,-0.0338164251207728,199.0,199.0,199.0,199.0,199.0,199.0,199.0,199.0,199.0,99.0,65.66666666666667,65.66666666666667,49.0,49.0,49.0,49.0,65.66666666666667,65.66666666666667,65.66666666666667,39.0
LOIM-L^D20,23.0,-0.0106696100073583,2.3770319070799418e-06,0.2579119880017351,0.0831889364762807,0.0637568650121815,0.9346750756570564,-0.1425,0.0190505542640414,-0.0015005786327238,-0.0001500850481939,-0.009402503689936,1.0,0.539016393442623,0.1722180521673859,1.4212533193970597e-07,0.0769373034954684,9.273755501959376e-12,0.004,-0.0671115124757508,3.2507126624576257e-06,-0.1119802494802494,4.0,0.0029554350597867,1.764699174038825,-0.0231095352279437,0.3570098101790951,-0.1345683027687655,0.0003296257479968,0.0007804058110217,0.1348156109357156,2.2890388586361574,-0.0227272727272727,-0.0638297872340425,-0.1287128712871287,-0.1926605504587156,-0.1851851851851852,-0.2605042016806722,-0.2697095435684647,-0.2605042016806722,-0.251063829787234,-0.1775700934579439,-0.2177777777777777,-0.0974358974358974,-0.111111111111111,-0.1287128712871287,-0.1619047619047618,0.0,-0.0112359550561798,-0.0687830687830687,-0.0927835051546391,0.0864197530864196,0.0864197530864196,0.1428571428571428,0.1428571428571428,0.4915254237288136,0.4666666666666668,0.4193548387096775,0.4915254237288136,0.5714285714285714,0.5999999999999999,0.7087378640776698,0.76,0.517241379310345,0.5714285714285714,0.5304347826086957,0.5438596491228072,0.6296296296296295,0.6603773584905659,0.5304347826086957,0.6296296296296295,0.4308943089430894,0.4193548387096775,0.3538461538461537,0.3538461538461537,0.3538461538461537,0.4545454545454546,0.4079999999999999,0.5714285714285714,0.1210191082802547,0.0414201183431952
LOIR-L,30.0,0.0015406465364438,6.778074366450101e-07,0.0735432549082714,0.0979621730883963,0.1826121619826,2.3603290842574864,0.6565000000000012,0.3630359022298796,0.0006048690927182,-0.0004104726499274,0.0011610089704265,1.0,0.0689675446848541,0.075699763009324,9.658583003298066e-08,0.0139175263473897,4.076767801415746e-09,0.0762257931602802,0.0140664819079937,6.171645426450763e-07,-0.0689530701620864,3.0,0.0975271558281849,0.1991857200797976,0.0441544576607803,-0.0077185497981096,-0.0508896348501035,0.0214188403459778,0.0475343904380218,0.0009311013275611,0.3426918165331971,-0.0660592255125285,-0.015695067264574,-0.0738396624472574,-0.0309050772626933,-0.0456521739130434,-0.1059063136456213,-0.0456521739130434,0.0068807339449539,-0.0134831460674158,-0.1900369003690037,-0.240484429065744,-0.2495726495726495,-0.195970695970696,-0.2534013605442177,-0.2559322033898306,-0.296474358974359,-0.2521294718909711,-0.1809701492537314,-0.2298245614035088,-0.3151326053042123,-0.2953451043338685,-0.2584459459459459,-0.2061482820976492,-0.1004098360655738,-0.0948453608247422,-0.1059063136456213,-0.0910973084886129,-0.0287610619469026,-0.0639658848614074,0.0185614849187936,-0.111336032388664,-0.0854166666666667,-0.1392156862745097,-0.0985626283367557,-0.0929752066115703,-0.12375249500998,-0.1492248062015504,-0.1779026217228464,-0.1220000000000001,-0.0929752066115703,-0.0777310924369748,-0.0579399141630901,-0.0967078189300413,-0.0579399141630901,0.0329411764705882,-0.0309050772626933,-0.0351648351648351,-0.0022727272727274,0.0552884615384614
LOIU-L,33.0,-0.0302353220822438,1.301333371182725e-06,0.141196874898932,0.002156968478847,0.223174193548387,0.5839257383677016,-0.1004999999999999,0.3401884690007401,0.0552924673403622,-0.0006163100285967,0.3524667931688797,1.0,0.0124299164286469,0.1202422145328719,2.1515825021614002e-07,0.0761693295361296,4.709300630871785e-13,0.0714285714285713,0.0414071785120037,9.763070783030245e-07,-0.1774997648386793,2.0,0.0025180597231253,-0.0920146531396416,0.0047394004690044,0.516840807320397,1.0431565967940812,0.0189620277563608,0.0352345988538682,0.0431565967940813,0.2780459182190534,-0.054736842105263,0.0,0.0,-0.0594059405940593,-0.1037735849056603,-0.0594059405940593,0.0,0.0795454545454543,0.0795454545454543,0.0795454545454543,0.1046511627906976,0.1176470588235294,0.1176470588235294,0.1176470588235294,0.1176470588235294,0.1176470588235294,0.1176470588235294,0.1176470588235294,0.211734693877551,0.211734693877551,0.211734693877551,0.211734693877551,0.211734693877551,0.211734693877551,0.0995370370370369,0.0746606334841628,0.0746606334841628,0.0746606334841628,0.032608695652174,0.032608695652174,0.032608695652174,0.032608695652174,0.032608695652174,0.028138528138528,0.028138528138528,0.0,0.0,0.0,0.0,0.0,0.0,0.0063559322033899,0.0063559322033899,0.0063559322033899,0.0063559322033899,0.028138528138528,-0.026639344262295,0.3268156424581006,0.4393939393939394
LOJC-L,22.0,-0.1953576224137753,1.4021464015904215e-06,0.1521352594496338,0.1855645315052076,0.042655606854494,0.3738030349272493,4.648000000000001,-0.5013303753695117,-0.104925290680394,-0.0021728489345536,0.0006425473432452,1.0,0.5950920245398773,0.03288276000828,6.903133986485001e-08,-0.156459415968903,3.4654532381826684e-10,-0.1052631578947367,-0.0633972184705123,1.2874390844408286e-06,-0.3514412798204949,2.0,0.1070542698918221,-0.2557544757033248,-0.3845633039945836,1.3148586431731717,0.3845633039945836,0.0077953414710672,0.0151068773570565,0.3845633039945836,0.2854394699788432,-0.0093167701863354,0.0125786163522012,-0.0359281437125748,-0.0416666666666665,0.0031152647975078,-0.0416666666666665,-0.1390374331550802,-0.1390374331550802,-0.003095975232198,-0.0584795321637425,-0.0852272727272727,-0.0529411764705881,0.0733333333333334,0.0420711974110032,0.0627062706270629,-0.0242424242424241,-0.0639534883720929,0.0989761092150169,0.00625,-0.0271903323262839,0.0557377049180329,0.0125786163522012,0.0592105263157896,0.0915254237288136,0.1180555555555555,0.2480620155038759,0.1418439716312058,0.0733333333333334,0.1500000000000001,0.1418439716312058,-0.1785714285714285,-0.1614583333333332,-0.16580310880829,-0.1458885941644562,-0.2088452088452088,-0.3221052631578947,-0.286031042128603,-0.2938596491228069,-0.2146341463414632,-0.2387706855791962,-0.2333333333333332,-0.2203389830508474,-0.2476635514018691,-0.1909547738693466,-0.1949999999999999,-0.1909547738693466,-0.172236503856041,-0.1592689295039164,-0.0826210826210824
LOJT-L,18.0,0.1166922197119345,1.06948027175755e-07,0.0116040420911501,0.4658614617900037,0.8855129832205877,1.224692168422647,40.48259999999999,0.3436705408306011,0.0118975668685057,-0.000416819694197,0.511606204361913,1.0,0.161290295889939,0.1052494900630856,2.7297692469446844e-08,-0.0099095560832911,2.3332717997787362e-07,0.0721596938477092,0.0462225259543125,3.809744102095292e-08,0.1516206671562311,3.0,12.995585571532985,0.0292582119083243,-0.0015457609389372,-7.930677791641305e-05,0.0104962424172569,0.0417142271482356,0.0644565569411478,0.0880696588482146,0.788815377000212,-0.0043207349797608,-0.0043246914977922,-0.1320635547221947,-0.1324916157032944,-0.0918590723224981,-0.0367774297417474,-0.1724410486101962,-0.0665676077265973,0.0409525613104819,0.1205850874063503,0.1262389550518632,0.1074342701722574,0.1430428114683788,0.1225875625446746,0.1580333394780502,0.0708128378707446,0.1457231442640889,0.1571191748019893,0.1293628168580014,0.1836877523553162,0.1607845207612914,0.23266244323597,0.2859774820880245,0.3160745817496184,0.3487302171512696,0.3204215836411135,0.3908780364372468,0.3727718290512909,0.3474077705601177,0.5391669583479175,0.7506967115216179,0.8005896322987471,0.7961767829425701,0.768438832140272,0.85426944971537,0.9134937557112396,0.8599949242872855,0.7725019146277561,0.8177834731925098,0.925053626931664,0.7691503057611844,0.8304957748824044,0.6963968829565619,0.7648191997431473,0.8273010596301682,1.1060344827586208,0.994919021911718,0.9392309049215032,1.0672245204964272
LOKI-L,18.0,0.1965098634294383,3.094801840365925e-07,0.0335791241481791,0.0584971464806594,0.2332563510392609,1.6569715205130573,2.2,0.2345108055674915,-0.0140891458909069,-0.0023192887514495,0.0957310066302262,1.0,0.1380728554641598,0.133797370456303,4.982082089538597e-08,0.0390328151986178,3.305490208449951e-09,0.049239681390297,0.1014795144157814,3.5634553250598093e-07,0.2568875651526433,5.0,0.2663627162746318,-0.101597698302709,-0.0467807195464409,-0.0516029871841027,-0.0325541308853257,0.0205524498520223,0.0450612833453496,0.0902409844471029,0.4414502578692102,0.0178117048346055,0.129310344827586,0.1945288753799392,0.1217887725975261,-0.2108433734939759,-0.2076612903225807,-0.165014164305949,-0.1095166163141995,-0.1128668171557562,-0.036764705882353,-0.0207641196013289,-0.1194921583271099,-0.0665083135391925,-0.1227678571428572,-0.0650277557494052,-0.0986238532110092,-0.1456521739130436,-0.1387874360847334,-0.1995926680244399,-0.1121987951807229,-0.0774647887323943,0.0261096605744124,-0.0175,-0.0166805671392827,-0.0437956204379562,0.1154210028382212,0.0137575236457436,0.0076923076923076,0.1122641509433961,0.3262092238470189,0.2704741379310345,0.2623126338329764,0.3070953436807095,0.5391644908616187,0.5291828793774318,0.5574636723910169,0.6195054945054943,0.7262079062957538,0.6964028776978415,0.6420612813370472,0.7186588921282797,0.7518573551262999,0.6723404255319148,0.6988472622478383,0.7236842105263157,1.079365079365079,0.9327868852459016,1.032758620689655,1.0611888111888113
LOMY-L^D20,19.0,0.4788929828754051,4.805949722898478e-07,0.0521453684983054,0.0549590225219358,0.1661499910716115,1.616254438858394,11.5225,1.0471698898343302,8.598373861587969e-05,0.0049683528120562,-0.0009442384302907,1.0,0.72689980514819,0.1526928037305988,5.639676774064071e-08,0.2048188783769168,1.0091088676675974e-09,0.2198717948717948,0.0249217961384948,5.791747528654752e-07,0.7782865415270503,4.0,0.1061412410802815,0.5821766124457076,0.2241490671705132,0.4517556352262579,0.2190119668406155,0.0224374975366869,0.0423071206510026,0.3566553886303535,0.5346073655681706,-0.0357142857142857,0.0181818181818183,-0.0175438596491226,-0.0666666666666665,-0.0344827586206895,-0.089430894308943,0.0873786407766992,0.142857142857143,0.1789473684210527,0.4358974358974359,0.3493975903614459,0.3827160493827162,0.3827160493827162,0.3658536585365854,0.4736842105263159,0.5555555555555558,0.4736842105263159,0.806451612903226,1.0,1.3829787234042556,1.3829787234042556,1.488888888888889,1.947368421052632,1.947368421052632,2.027027027027027,1.666666666666667,1.731707317073171,1.666666666666667,1.8000000000000005,1.947368421052632,1.488888888888889,1.604651162790698,1.8000000000000005,1.947368421052632,2.111111111111112,1.8000000000000005,1.666666666666667,1.947368421052632,2.111111111111112,2.2000000000000006,1.604651162790698,1.285714285714286,1.666666666666667,1.871794871794872,1.604651162790698,1.8000000000000005,1.545454545454546,1.285714285714286,1.285714285714286
LONZ-L,22.0,-0.0317511657367725,7.699911988688722e-07,0.0835453492452558,0.0206870206576356,-0.9667920300872208,1.2834972633264623,1.449,-0.6767960067488413,-0.0563961244645169,0.0106331365731381,-0.0669268574732581,1.0,0.8494096680775229,0.0404881502208138,-2.458363554190599e-07,-0.1584958369851004,1.0324620636965922e-11,-0.1421052631578947,-0.0417508962022587,1.2621129714481678e-07,-0.3198440440978757,4.0,0.0112696068264231,0.2531659251517558,0.0464774836810779,-0.2843434440257797,-0.0969396331245678,-0.0297018381407049,-0.0369737731753318,-0.2481864192323913,1.6536866802719628,-0.0588235294117647,0.0625,-0.0285714285714284,0.0625,-0.0555555555555554,-0.0285714285714284,0.4166666666666667,0.3600000000000001,0.4166666666666667,0.7,0.3076923076923077,0.2142857142857142,0.2592592592592593,0.1333333333333335,0.2142857142857142,0.0303030303030302,0.0625,0.0303030303030302,0.0625,0.0625,0.0625,0.0,0.0967741935483872,0.1724137931034484,0.0967741935483872,0.1333333333333335,-0.15,0.0967741935483872,0.1724137931034484,0.0625,0.0,-0.0285714285714284,-0.0285714285714284,-0.081081081081081,-0.5952380952380951,-0.6304347826086956,-0.6458333333333333,-0.6421052631578947,-0.6565656565656566,-0.679245283018868,-0.6633663366336633,-0.6344086021505376,-0.6599999999999999,-0.6222222222222222,-0.6046511627906976,-0.5853658536585366,-0.5584415584415584,-0.5584415584415584,-0.5342465753424657
LOON-L,22.0,0.0240266803348597,6.105577220695391e-07,0.0662465469730313,0.2579017896078409,0.0891831295749565,2.452437053727652,-175.00480000000016,-0.677065512188597,-0.0039600374515022,-0.0036577715695975,-0.0022243321725805,1.0,0.2119877680083191,0.1533510679903936,6.502442136793137e-08,-0.0217342985924711,0.0001495710457745,-0.142161850580186,0.0373689957122417,1.0322692415155711e-06,-0.0542298973686434,5.0,14.304257146388096,-0.0271222265517852,-0.0512172832374787,0.0108463359250126,0.1021352078266201,0.0185775687276721,0.055477285777205,0.1605614002492146,0.5178427491322541,-0.0342105263157894,-0.073170731707317,-0.0776699029126214,-0.0776699029126214,-0.0973871733966745,-0.0476190476190476,-0.1244239631336405,-0.073170731707317,-0.1422121896162528,-0.1264367816091953,-0.147982062780269,-0.1897654584221749,-0.2307692307692308,-0.3309859154929577,-0.2870544090056285,-0.3666666666666667,-0.3481989708404803,-0.3634840871021776,-0.3001841620626151,-0.2635658914728682,-0.2307692307692308,-0.1897654584221749,-0.1016548463356975,-0.0799031476997579,-0.0547263681592039,-0.1402714932126697,-0.0256410256410256,0.0326086956521738,-0.1016548463356975,-0.0180878552971577,0.095100864553314,0.148036253776435,0.0354223433242506,0.1309523809523809,0.1343283582089551,0.0982658959537572,0.029810298102981,0.029810298102981,0.0242587601078165,0.0133333333333331,-0.0155440414507772,-0.1284403669724771,-0.0865384615384615,-0.05,-0.0404040404040404,0.0614525139664803,0.0468319559228649,0.0526315789473683,-0.0129870129870131
LOSA-L^D20,30.0,0.0401969658130322,2.9796269529564304e-06,0.3232945711210853,0.1021385235188155,-0.1091258416842934,0.0341403463586814,1.0228,0.4026720653478151,0.1743266422353812,-0.0021270916464203,-0.0164137981372547,1.0,0.0408773968622893,0.0343802438438511,-5.23375954715319e-08,0.0934121793790777,7.24140782522319e-14,0.0845481049562682,-0.6376964799771336,4.3205611379899067e-07,0.0821644655924265,1.0,0.0113363370115117,14.359476562226403,-0.0181098984986154,0.2869805884396976,-0.1640797666325788,-0.0109697166400706,-0.0124557361134452,0.0341877381364738,1.6536866802719628,0.0,0.0,0.0,0.0,0.0,0.0,0.0,0.0,0.0,0.0,0.0,0.0,0.0,0.0,-0.0909090909090908,-0.0909090909090908,-0.1666666666666666,-0.1666666666666666,-0.1666666666666666,-0.1666666666666666,-0.1666666666666666,-0.1666666666666666,-0.1666666666666666,-0.1666666666666666,-0.1666666666666666,-0.1666666666666666,-0.1666666666666666,-0.1666666666666666,-0.1666666666666666,-0.1666666666666666,-0.0909090909090908,0.1111111111111111,0.1111111111111111,0.1111111111111111,0.0,0.0,0.0,0.0,0.0,-0.1666666666666666,-0.1666666666666666,-0.1666666666666666,-0.1666666666666666,-0.2307692307692307,-0.2857142857142857,-0.2857142857142857,-0.2857142857142857,-0.2857142857142857,-0.2857142857142857
LOSW-L,22.0,0.0237049827365579,6.059430250488556e-07,0.0657458445301717,0.2079127326012972,0.1065068940443774,1.3373280799318228,0.8555999999999955,-0.5728259443655078,0.007938240441226,-0.0012911047893165,0.0045753807648667,1.0,0.0935125853722223,-0.0493211938133441,6.122643565717722e-08,0.0087063643386493,6.695435695596328e-07,-0.120274914089347,0.0432350567766292,6.551685469433743e-07,0.0831178194133538,4.0,1.919157078107372,-0.1373530717996638,0.0633079931484963,-0.3288769723660865,0.0618574261900754,0.0112585834227161,0.0237921671587286,-0.1578351109775906,0.3695264158849734,0.0,0.0,0.0,0.0,0.0,0.0,0.1513458608430675,0.1513458608430675,0.1513458608430675,0.1513458608430675,0.1513458608430675,0.1513458608430675,0.1513458608430675,0.1513458608430675,0.1513458608430675,0.1513458608430675,0.1513458608430675,0.1513458608430675,0.1513458608430675,0.1513458608430675,0.1513458608430675,0.1513458608430675,0.1513458608430675,0.1513458608430675,0.1513458608430675,0.1513458608430675,0.1513458608430675,0.1513458608430675,0.1513458608430675,0.1513458608430675,0.1513458608430675,0.1513458608430675,0.1513458608430675,0.1513458608430675,0.1513458608430675,0.1513458608430675,0.1513458608430675,0.1513458608430675,0.1513458608430675,0.1513458608430675,0.1513458608430675,0.1513458608430675,0.1513458608430675,0.1513458608430675,0.1513458608430675,0.1513458608430675,0.1513458608430675,0.1513458608430675,0.1513458608430675
LOWH-L,18.0,0.3233937786358486,3.02685803048117e-07,0.0328419223029874,0.2424654990222973,0.3725952004717716,0.7159988368456582,-4.9949,0.1045202318802568,-0.0571526014604463,0.0011563905833083,0.1885006274447379,1.0,0.0718233003618172,0.1436294240949444,6.917850480905719e-08,0.0729212707258945,7.147238374100185e-10,0.021945866861741,0.158149374039504,3.128590498803135e-07,0.5607463342299607,4.0,0.2110211098904365,-0.1384642897875137,-0.0013940667312983,-0.2396801642746944,0.9972388042640687,0.0281426993002748,0.0572312705752295,-0.0027611957359311,0.0400535485476407,-0.0595238095238095,-0.0687361419068735,-0.0967741935483871,-0.1249999999999998,-0.0928725701943844,-0.0948275862068964,-0.1101694915254236,-0.1549295774647886,-0.1812865497076022,-0.1616766467065867,-0.174852652259332,-0.1715976331360946,-0.1650099403578528,-0.1480730223123731,-0.1699604743083003,-0.174852652259332,-0.1249999999999998,-0.070796460176991,-0.1101694915254236,-0.0454545454545455,-0.0023752969121139,-0.0389016018306636,0.0526315789473683,0.1382113821138211,0.1931818181818181,0.126005361930295,0.0880829015544042,0.0687022900763358,0.0852713178294573,0.1931818181818181,0.0096153846153845,0.0294117647058824,-0.0476190476190475,0.16991643454039,0.0606060606060605,0.0796915167095115,0.09375,0.2209302325581397,0.3043478260869565,0.2923076923076924,0.3680781758957656,0.516245487364621,0.4046822742474916,0.4189189189189191,0.377049180327869,0.6153846153846154,0.6800000000000002,0.6935483870967742,0.7073170731707319
LPDG-L,21.0,0.0253192486980686,2.694851312413308e-07,0.029239593178512,0.0879283559535389,0.0504907749600413,0.6944098594619849,57.623200000000026,-0.4357604787669304,0.0049006697670633,0.0021794870725906,-0.0175429165726259,1.0,0.1386785288705993,-0.0166012419357649,3.568406723925464e-08,-0.0118738915622967,1.4217606839460476e-06,-0.0914956011730204,-0.0038827375941909,8.898010624760454e-07,0.0301715912785232,3.0,6.355117720007216,0.0143558471441851,-0.0092080826317954,-0.0685696328228215,0.0749422142557922,0.0086228623011339,0.0386566064822309,-0.0295394162916097,0.7177787127221813,0.0247933884297522,0.1275985663082437,0.2203258339798293,0.0664406779661017,0.0938803894297635,0.1415094339622642,0.0281045751633985,0.0260926288323548,0.0999999999999998,0.0578345662407533,-0.0088216761184624,0.0969316596931659,0.1284074605451937,0.1030855539971951,0.1800450112528131,0.1557678177810435,0.1373825018076644,-0.2232098765432099,-0.271421954608615,-0.2509523809523809,-0.2330570453437348,-0.1172839506172839,-0.1057418988061398,-0.0278121137206427,-0.0100692259282567,-0.1123024830699773,-0.0865272938443669,-0.0703309692671395,-0.0768779342723003,-0.0785002929115407,0.0424121935056329,0.2118644067796611,0.1998474446987033,0.311926605504587,0.3859030837004407,0.1961977186311787,0.1523809523809522,0.1473377097009482,0.0621201890614449,0.0281045751633985,-0.1177790241166572,-0.1342872867363786,-0.1057418988061398,-0.0785002929115407,-0.1707959936742223,-0.1998982706002035,-0.1588235294117647,0.0500667556742322,-0.0597728631201434
LPDI-L,23.0,0.0775162735926204,7.4021197668073e-05,8.03142531994631,0.1120055927121771,0.3205934065934066,2.555221260966259,0.153,0.1930799418652852,0.0028030108341327,0.0007932354191881,0.002505077860528,1.0,0.0573734149153143,0.2256545360233695,1.04252421311124e-05,0.0981393206768824,3.752150874155209e-10,0.0405405405405405,0.0986719439992149,3.4602966409244965e-05,-0.1438420429975932,3.0,0.0003410431590813,-0.1714548335610585,-0.0337291074136786,-0.0473837777105585,0.0116353703158703,0.019560235085888,0.0262303728648517,0.0810379863989377,0.3360726528782969,0.0,0.0,0.0,0.0,0.0,0.0,0.0,0.0,0.0,0.0,0.0,0.0,0.0,0.0,0.0,0.0,0.0,0.0,0.0,0.0,0.0,0.0,0.0,0.0,0.0,0.0,0.0,0.0,0.0,0.0,0.0,0.0,0.0,0.0,0.0,0.0,0.0,0.0,0.0,0.0,0.0,0.0,0.0,0.0,0.0,0.0,0.0,0.0,0.0
LPDL-L,30.0,-0.0907299302260107,1.047090309146401e-06,0.1136110720453267,0.1543777970934476,-0.4399825822545647,-0.3445670535752441,-87.8365,0.1190659641502592,1.1092457120130166,0.0005355737652014,0.0745811342883472,1.0,1.7799999999999998,-0.1054368947608979,-9.35345654304545e-08,0.0036479708162334,6.007265921797603e-12,0.025,8.819269425288898e-05,2.108982084318975e-07,-0.0099141507979057,1.0,0.1797299802365979,0.4174074074074072,1.200079460843462,-1.200079460843462,-1.200079460843462,-0.0445011052210778,-0.0526984396403229,-1.200079460843462,1.6536866802719628,-0.0624999999999998,0.0034843205574912,-0.0495049504950494,-0.0557377049180327,-0.0618892508143322,-0.0204081632653061,-0.0526315789473684,-0.0383973288814691,0.0105263157894737,-0.0103092783505155,-0.0649350649350649,-0.0842607313195549,-0.043189368770764,-0.0510708401976937,-0.04,-0.0510708401976937,-0.027027027027027,0.0034843205574912,-0.0103092783505155,0.0105263157894737,0.0434782608695651,0.0176678445229681,0.0867924528301886,0.0867924528301886,0.1162790697674418,0.1383399209486167,0.1228070175438595,0.180327868852459,0.161290322580645,0.1950207468879667,0.225531914893617,0.1975051975051975,0.2715231788079468,0.2576419213973797,0.2715231788079468,0.1566265060240963,0.158953722334004,0.0971428571428572,0.1428571428571428,0.2126315789473682,0.0992366412213738,0.1119691119691119,0.0888468809073723,0.1338582677165354,0.1184466019417473,0.0746268656716417,0.1162790697674418,0.0867924528301886,0.1119691119691119
LPEK-L,30.0,0.1564737806005005,8.89270704260527e-08,0.0096487377609198,0.1084155928860147,0.8932458190763203,2.438064131416448,0.4627000000000016,0.0018454474730252,0.0065860025434879,0.0012692512737902,0.0296917398417204,1.0,0.2057731488928207,0.1269720506560246,4.347663307389973e-08,0.0432149289211226,4.115832920762146e-10,0.0003874842584519,0.0794604902800879,6.133190474568783e-08,0.2020983000517728,4.0,0.2575779674313413,-0.0581458924668613,-0.0135320044656365,-0.0276867170526679,0.0670792497146592,0.0674358581342252,0.1116211959070304,0.0650553337746345,0.297414580636644,-0.0439003497751445,-0.045404987961659,-0.0534566052184097,-0.1462872116761633,-0.1400773433183967,-0.2989073317207441,-0.3292903822982581,-0.274176417253141,-0.2913473455244454,-0.3163784830099061,-0.3450626855437553,-0.3255500457368446,-0.2775824874732491,-0.1522969088800363,-0.1230306950733468,-0.1296325059799323,0.1359262662846638,0.1083508050160211,0.1123550897252658,0.1431408015884889,0.1136962887390191,0.133857630411029,0.1453683263837788,0.1312481494441602,0.1982550928763879,0.1234161988773054,0.1716802810226099,0.2243667244468397,0.2661404512999727,0.2815258656177102,0.3510898218993119,0.3679328190606385,0.4535173272463166,0.4798239436619718,0.556930372126623,0.6384475936141596,0.718192968111202,0.6838077685851078,0.6385434129985572,0.6350055437763813,0.6760518444666002,0.6376814417924987,0.4677819299409771,0.432925893724748,0.8414722313506409,0.8891511024206054,0.7881547036548524,0.987327107223076,0.9477684571534502
LPGR-L^H21,30.0,-0.100313661710037,1.1859922022928638e-06,0.1286821627159678,0.0251194627405398,0.1008071157964091,0.5500659569291976,6.049999999999999,1.1683811866719815,-0.0356224506734915,0.0007557098074339,0.0034854602175079,1.0,0.1408450704225352,0.0440867739678097,6.836148082921334e-08,-0.1114202721296274,1.6795022080126063e-09,0.2453222453222453,0.0080157992565055,5.661965837449463e-07,-0.3032420346562325,2.0,0.2475867192293414,-0.0909090909090909,-0.3597488038277512,0.3209055943012415,0.3597488038277512,0.0127187035961004,0.0188625047874377,0.3597488038277512,0.3268915530770158,0.03125,0.0026109660574411,0.013192612137203,-0.0103092783505154,-0.0229007633587786,-0.0878859857482186,-0.0423940149625935,-0.0769230769230769,-0.0077519379844961,0.0185676392572944,-0.0656934306569344,-0.0541871921182265,-0.0153846153846154,-0.0025974025974027,0.032258064516129,0.0786516853932584,0.0816901408450705,0.0637119113573407,0.1034482758620689,0.0491803278688522,0.1925465838509314,0.1002865329512892,0.1999999999999999,0.263157894736842,0.381294964028777,0.4169741697416973,0.2885906040268455,0.3150684931506848,0.381294964028777,0.4117647058823528,0.1851851851851851,0.2549019607843137,0.2673267326732673,0.2113564668769716,-0.0253807106598985,-0.0746987951807229,-0.1048951048951049,-0.1390134529147982,-0.079136690647482,-0.1409395973154362,-0.191578947368421,-0.156043956043956,-0.1578947368421052,-0.1152073732718894,-0.1504424778761061,-0.2033195020746888,-0.0857142857142857,-0.005181347150259,0.0026109660574411
LPGU-L^G22,28.0,-0.1662859151216939,2.6562191615419095e-07,0.0288204277982599,0.1136350261872535,0.1101511328592909,2.0617721763447374,-16.449999999999996,-0.6171343205488068,0.0107094746452603,-0.00165734410607,-0.0239627685909494,1.0,0.1280450268226189,1.567774936061381,9.32586906816258e-08,-0.0264021658400972,8.458138011776955e-08,-0.1295782394559864,-0.0162551621122923,2.269956215739998e-06,-0.2227204783258594,4.0,0.2125407059133388,-0.0609242425941878,0.2342511019892222,-0.0899947481952961,0.0921404459785194,0.0105917689835063,0.1000996015936255,-0.1812645894651374,0.7388812826747067,-0.1483870967741934,0.0,-0.0127388535031847,-0.0548780487804877,-0.0372670807453416,0.0333333333333334,0.0130718954248365,-0.0064102564102563,0.1742424242424243,0.0992907801418441,0.0264900662251654,-0.0606060606060605,-0.1388888888888888,-0.0773809523809523,-0.0988372093023255,-0.0773809523809523,-0.1483516483516483,-0.1666666666666667,-0.2688679245283019,-0.2401960784313725,-0.2512077294685989,-0.2512077294685989,-0.2688679245283019,-0.2824074074074074,-0.2439024390243901,-0.2249999999999999,-0.2688679245283019,-0.2986425339366515,-0.2326732673267326,-0.272300469483568,-0.39453125,-0.3992248062015504,-0.38,-0.4343065693430658,-0.4384057971014492,-0.4763513513513513,-0.5682451253481894,-0.5609065155807365,-0.5400593471810089,-0.5718232044198894,-0.6015424164524421,-0.6125,-0.6172839506172839,-0.5753424657534246,-0.5584045584045584,-0.5414201183431953,-0.5494186046511628,-0.582210242587601,-0.6200980392156863
LPHI-L,21.0,-0.0686081753029596,8.41128296105536e-07,0.0912638447834663,0.0389611097544189,-0.0004139109152333,0.0957094090429719,749.3228,0.5615675957137177,-0.0123768881017056,0.0021785067288454,-0.0203141066615593,1.0,0.0753186391328915,-0.0590907332666208,-1.6639424563276242e-08,0.0062002707239202,8.854901486181768e-06,0.1179110251450677,-0.0043460495865628,1.2349113352087145e-05,-0.0686473096775991,1.0,8.425812052842202,0.3163644009054363,0.0885380911020043,-0.0885380911020043,-0.0885380911020043,0.0013689011477874,0.021885619224805,-0.0885380911020043,1.6536866802719628,0.0389851485148513,0.0766155896069287,0.122612018061827,-0.0314653880731194,-0.0082847499232894,0.1249564914723286,0.0893158072126727,0.2023809523809523,0.1769847050254915,0.0896830748482804,-0.0363744782349433,-0.1044610695483514,-0.0936623667975321,-0.129075720829965,0.100068073519401,-0.0317555422408628,-0.1101321585903083,-0.0161339421613394,-0.0691244239631335,-0.0736600745199197,-0.1133058984910837,-0.0170316301703163,0.0179527559055119,0.0812980930076949,0.0878492090205318,0.0273363000635726,0.0915231340763256,0.1493598862019913,0.273945605045329,0.3256767842493848,0.6063618290258448,0.6815816857440167,0.548634403449928,0.8521489971346705,0.799554565701559,0.4125874125874127,0.3027005239822653,0.3829696191698759,0.3660185967878275,0.3625632377740304,0.1642651296829971,0.1988130563798218,0.127310777816533,0.1555237754737219,0.0944801896376565,0.0112640801001251,-0.0311750599520383,0.0185943901670344,-0.0076757752533005
LPLI-L,22.0,0.1106418918918919,6.988204205426748e-07,0.0758231992517837,0.0295665713270262,0.1532785765254224,1.4927203475964794,-0.3809999999999999,0.0161172201895444,0.010517601932673,-0.0016708284371327,-0.0225852791372277,1.0,0.1316663752404266,0.2220710300721186,9.18688315912168e-08,0.0656958435548131,4.4416905403945326e-11,0.0033840947546531,0.0435333431257344,8.680593042616725e-07,0.0329948455199235,5.0,0.0108398351952425,-0.009954669271578,-0.0070608457432989,-0.2145017249757954,0.141028419657512,0.0070901273626997,0.0162194261960435,-0.0049654170142907,0.4159895065280403,-0.1071428571428571,-0.0307692307692307,-0.1457627118644068,-0.1923076923076923,-0.0869565217391303,-0.2173913043478261,-0.2246153846153846,-0.1870967741935484,-0.1737704918032786,-0.2075471698113208,-0.2173913043478261,-0.263157894736842,-0.2758620689655172,-0.3571428571428571,-0.3,-0.2173913043478261,-0.2758620689655172,-0.3368421052631578,-0.3746898263027295,-0.2758620689655172,-0.2544378698224852,-0.2075471698113208,-0.2173913043478261,-0.0836363636363636,-0.0117647058823529,0.05,-0.0999999999999999,0.172093023255814,0.3263157894736843,0.4157303370786516,0.6470588235294117,0.5555555555555554,0.5,0.4318181818181819,0.3263157894736843,0.2857142857142858,0.3404255319148936,0.4651162790697674,0.8529411764705881,1.311926605504587,1.333333333333333,1.25,1.25,1.25,1.2909090909090906,1.2909090909090906,1.597938144329897,1.863636363636364,1.896551724137931
LPLV-L^D23,22.0,-0.1479265147942742,1.6638690957190957e-06,0.1805326150538412,0.1848206556160689,0.0185599798219494,0.2345970216957704,-173.85070000000002,-1.227013311130324,-0.0609183689224682,-0.0009737077696214,-0.0359303844570135,1.0,0.1038950568266526,-0.139742369641836,2.36688936988937e-07,0.0178698708703219,4.741680183400693e-07,-0.2576330943706664,0.0065243072339977,1.2553750456950458e-05,-0.1486053400908921,2.0,1.1690330799462418,-0.7658951341454109,-0.2833423171356693,0.2833423171356693,0.2833423171356693,0.0026694373627887,0.0261711339532227,0.2833423171356693,0.5097149113763074,0.0,0.0206185567010308,0.03125,-0.2773722627737227,-0.2928571428571428,-0.2877697841726618,-0.623574144486692,-0.6147859922178989,-0.6024096385542169,-0.611764705882353,-0.5975609756097561,-0.6177606177606177,-0.6177606177606177,-0.625,-0.625,-0.6333333333333333,-0.6264150943396226,-0.6346863468634687,-0.6346863468634687,-0.6346863468634687,-0.6464285714285714,-0.6514084507042253,-0.65625,-0.6655405405405406,-0.6574394463667821,-0.6677852348993288,-0.6162790697674418,-0.6024096385542169,-0.6055776892430278,-0.604,-0.5695652173913044,-0.5619469026548672,-0.5769230769230769,-0.5840336134453781,-0.5714285714285714,-0.56,-0.55,-0.5395348837209302,-0.547945205479452,-0.5416666666666667,-0.5330188679245284,-0.5330188679245284,-0.5458715596330276,-0.5458715596330276,-0.5580357142857144,-0.5416666666666667,-0.611764705882353,-0.547945205479452,-0.5416666666666667
LPLW-L,21.0,-0.1362705635456876,6.203047642959129e-07,0.0673041175635873,0.1306492928035986,0.0179273513181774,0.2551984864954058,58.202199999999976,-0.6905187344286722,-0.0326559715968483,-0.0005779295403342,-0.4849824753750195,1.0,0.0887474605595323,-0.1146223095426291,8.373289364906039e-08,0.0328473135133356,8.48403368458038e-07,-0.144986591961169,0.0344298484689979,5.395964778129968e-06,-0.1522277757988747,2.0,3.352724035649129,-0.2675769757549203,-0.3254757267289049,1.325475726728905,0.3254757267289049,0.0044665581323826,0.0516743234063297,0.3254757267289049,0.3968723092130786,0.0,0.0192307692307691,0.0231660231660231,0.0114503816793891,0.0271317829457364,0.0271317829457364,0.0995850622406637,0.0995850622406637,-0.022140221402214,-0.022140221402214,-0.022140221402214,-0.022140221402214,-0.022140221402214,-0.022140221402214,-0.022140221402214,-0.022140221402214,-0.022140221402214,-0.022140221402214,-0.022140221402214,-0.022140221402214,0.0311284046692608,0.0311284046692608,0.0311284046692608,0.0311284046692608,0.0311284046692608,0.0311284046692608,0.0311284046692608,0.0311284046692608,0.0311284046692608,0.1373390557939913,0.1373390557939913,0.1373390557939913,0.1373390557939913,0.1622807017543861,0.1622807017543861,0.1622807017543861,0.1622807017543861,0.1622807017543861,0.1622807017543861,0.1622807017543861,0.1622807017543861,0.1622807017543861,0.1622807017543861,0.1622807017543861,0.2155963302752293,0.2155963302752293,0.3054187192118227,0.3054187192118227,0.3054187192118227
LPQA-L,21.0,0.0737250914415136,9.4667362984392e-07,0.1027156922608581,0.0616804974775271,0.1294014751797506,0.8584537265252663,107.6077,-0.7084822890698326,0.0806459725251477,0.0024183650355981,0.4842156514230594,1.0,0.0559871899754916,0.4280734763775094,2.080247064796299e-07,0.0201777541317699,1.72160535799597e-06,-0.1487583572110793,-0.0189760729078117,2.3009642615335515e-06,-0.019712063820617,4.0,1.978545928299412,0.0104442359231876,-0.089082442172857,-0.0083214072255243,0.0984349788160718,0.011216178398715,0.0367598247740417,0.0051243350143871,0.4210151539238359,-0.040983606557377,0.0409556313993173,0.0116086235489218,-0.0658499234303217,-0.0016366612111293,-0.0145395799676899,-0.0129449838187701,-0.0423861852433281,-0.0129449838187701,-0.2026143790849673,-0.2209450830140485,-0.2781065088757396,-0.2015706806282722,-0.2579075425790755,-0.1855807743658212,-0.2199488491048594,-0.0854572713643179,-0.0615384615384615,0.0321489001692045,0.1401869158878503,0.0286677908937604,0.0032894736842103,0.1090909090909091,0.3318777292576418,0.3146551724137931,0.2151394422310757,0.3895216400911161,0.4734299516908213,0.4987714987714986,0.6804407713498621,0.8208955223880596,0.7134831460674156,0.8597560975609757,1.2181818181818185,1.3735408560311284,1.2761194029850742,1.5523012552301254,1.5206611570247932,1.8504672897196257,1.8372093023255816,1.44,0.9805194805194803,0.7681159420289854,0.6223404255319149,0.7134831460674156,0.6666666666666665,0.4769975786924938,0.5288220551378444,0.2842105263157894
LPQD-L,21.0,-0.0194800493412484,3.0948221486162804e-07,0.0335793444961352,0.1351772513651082,0.232708585310941,0.7825546160355958,-8.241900000000001,-0.5406238372227977,0.0118295466643215,0.0033837099311795,0.1292694351172334,1.0,0.1334973142863149,-0.0042392410641849,2.181110140315779e-08,-0.0091680665866515,4.516785712558288e-09,-0.1135135135135134,-0.0196180011651896,1.1230240397501861e-07,-0.0566464330630752,3.0,0.6991287715001726,-0.1965929651358644,-0.0329031589866095,0.0083454988581112,0.0636495045191988,0.0096582698563642,0.0143378240544802,-0.107222321995139,0.620250654762659,0.0051020408163264,0.018181818181818,0.0234986945169712,0.0103092783505154,0.0288713910761153,0.0288713910761153,0.0453333333333332,0.0652173913043476,0.101123595505618,0.0769230769230768,0.1168091168091167,0.5135135135135136,0.5135135135135136,1.88235294117647,1.88235294117647,1.8201438848920863,1.88235294117647,1.8201438848920863,1.8000000000000005,1.8201438848920863,1.7222222222222223,1.6849315068493151,1.76056338028169,1.6849315068493151,1.7412587412587412,1.6666666666666663,1.8000000000000005,1.9037037037037037,1.88235294117647,1.88235294117647,2.136,2.186991869918699,2.0866141732283463,2.0387596899224807,2.136,2.2131147540983607,2.2666666666666666,2.3504273504273505,2.8431372549019605,1.8613138686131383,1.9253731343283575,2.3220338983050848,2.239669421487603,2.239669421487603,2.161290322580645,2.2666666666666666,2.2131147540983607,2.3220338983050848,2.3504273504273505
LQGM-L,21.0,0.0166661407182592,1.2963956190058086e-06,0.1406611204244484,0.2086142693042581,0.3678579365138815,0.6646199972683507,-6.9773,0.7736926471995283,-0.0610597825637142,-0.0065380606379168,0.1584366620749485,1.0,0.0492175517638036,0.0253708255882214,3.977576205532763e-08,-0.0130029371759224,3.1470972730828437e-10,0.1624504224866356,0.0498338926453382,2.55497830181166e-07,-0.0815342093035509,3.0,0.0632972069770255,0.0689765681831701,-0.217879142097721,-0.165304836360564,-0.2425920803366855,-0.0007926186538968,-0.0011461458740677,-0.0877561074860067,1.8926106020283044,0.047970479704797,-0.0145454545454545,-0.071917808219178,-0.1800302571860818,-0.2376933895921238,-0.2190201729106629,-0.2685560053981106,-0.2821192052980132,-0.2961038961038961,-0.3051282051282051,-0.283068783068783,-0.2951885565669702,-0.2951885565669702,-0.3454106280193236,-0.3833902161547212,-0.340632603406326,-0.3555291319857313,-0.3382173382173382,-0.3308641975308641,-0.2645861601085482,-0.2178932178932179,-0.1922503725782414,-0.2366197183098591,-0.1958456973293768,-0.0860033726812815,-0.0145454545454545,0.1129363449691991,0.1630901287553647,0.306024096385542,0.3219512195121952,0.1912087912087912,0.0711462450592885,-0.0234234234234234,0.1221532091097308,0.0226415094339622,0.0207156308851224,-0.0440917107583774,-0.0829103214890016,-0.0407079646017699,-0.0055045871559633,-0.1070840197693575,-0.1328,-0.1383147853736089,-0.0981697171381031,-0.0890756302521008,-0.0966666666666666,-0.0541012216404886,-0.0234234234234234,-0.1383147853736089
LQIT-L,23.0,0.0224481745611577,9.171897735401844e-07,0.0995166439137977,0.1331768818839845,0.2145042646328805,1.3551315284220389,0.3875000000000002,0.0382848759325592,0.0035600765889689,0.0010951594988217,-0.0009381036511703,1.0,1.3504560729716757,0.0018952038420949,5.960685314882507e-08,-0.0286970335448867,2.1189929168318878e-10,0.0080385852090032,-0.0090623150945159,3.774093012823292e-07,0.0760957145801712,3.0,0.0427812439138992,-0.0052997208255809,-0.0143524183895339,0.2004910789393087,0.0051244076787397,0.0201403646265065,0.0292243767313019,0.1328946999242445,0.469304246418967,0.0,0.063157894736842,-0.0818181818181819,-0.1022222222222222,-0.0818181818181819,-0.1583333333333333,-0.1721311475409835,0.1477272727272727,0.1477272727272727,0.1952662721893492,0.1222222222222222,0.0687830687830688,0.074468085106383,0.1812865497076023,0.2624999999999999,0.2317073170731707,0.1098901098901099,0.188235294117647,0.1812865497076023,0.1812865497076023,0.1542857142857143,0.1744186046511628,0.188235294117647,0.188235294117647,0.2317073170731707,0.3648648648648649,0.3032258064516129,0.2392638036809817,0.1744186046511628,0.2624999999999999,0.2317073170731707,0.3032258064516129,0.3741496598639455,0.2948717948717949,0.3835616438356164,0.3466666666666667,0.2784810126582278,0.188235294117647,0.1952662721893492,0.2242424242424243,0.2317073170731707,0.2392638036809817,0.1284916201117318,0.2168674698795181,0.3289473684210526,0.3648648648648649,0.3648648648648649,0.2469135802469135,0.2469135802469135
LQJC-L^I22,24.0,-0.1089486677384698,2.999276414169836e-07,0.0325426570943897,0.277229198716802,0.2954981640361409,1.1095834528679325,0.2200000000000006,0.2508204944924912,0.0108770830676667,0.0009360477651192,0.0113236109207287,1.0,1.719112207151665,0.0425057888001949,5.861439668456568e-08,-0.0416741794753752,8.834124079978126e-10,0.0526641883519206,0.0013962649436541,2.1260538232154038e-07,-0.2605070199240842,2.0,0.2566015802067052,-0.5204916920561928,-0.0825572425112843,0.0825572425112843,0.0825572425112843,0.0243246247677846,0.0415672707745025,0.0825572425112843,0.4639324378929567,-0.0092307692307691,-0.024024024024024,-0.0552325581395348,-0.0997229916897506,-0.0947075208913649,-0.0767045454545454,-0.1263440860215053,-0.1071428571428572,-0.0579710144927536,-0.0412979351032448,-0.1333333333333333,-0.1666666666666666,-0.1022099447513812,-0.0845070422535211,-0.0767045454545454,-0.0819209039548022,-0.0921787709497207,-0.0384615384615384,-0.0579710144927536,-0.0061162079510703,0.0317460317460318,0.0416666666666667,0.0416666666666667,0.0655737704918033,0.1775362318840581,0.2596899224806202,0.2126865671641791,0.1818181818181818,0.3052208835341363,0.3485477178423235,0.279527559055118,0.1861313868613137,0.2596899224806202,0.25,0.132404181184669,0.0483870967741935,0.2596899224806202,0.1948529411764705,0.2745098039215687,0.1775362318840581,0.0416666666666667,0.0906040268456376,0.0124610591900311,-0.0384615384615384,0.0551948051948052,0.0416666666666667,0.1092150170648462,0.0906040268456376,0.1818181818181818
LQNF-L^E23,32.0,1.236133805146506,6.342441773051021e-07,0.0688165674848816,0.0500750730172652,0.0297247129376424,0.3188959847445868,-1.035,0.0277300644309184,0.0063095335528226,0.0026313942881201,0.0310059101303792,1.0,3.3025141930251416,3.4485739618737985,-1.6991975318370452e-08,0.6486879969766788,2.506807173851542e-10,0.0058224163027654,0.0012229718215263,7.254572693643967e-07,0.6479045125844103,1.0,0.1334451575199856,-0.4370392625757094,-0.0060549771593275,1.1509995216972542,0.1026102139522233,-0.0004462812222526,-0.0009566993871144,0.1509995216972541,1.6536866802719628,0.0491803278688525,0.0166666666666666,-0.1973684210526316,-0.2650602409638554,-0.2469135802469136,-0.2469135802469136,-0.5642857142857143,-0.6013071895424837,-0.608974358974359,-0.6303030303030304,-0.6453488372093024,-0.6648351648351649,-0.6629834254143647,-0.6789473684210526,-0.6573033707865168,-0.6573033707865168,-0.6534090909090909,-0.5986842105263158,-0.6114649681528663,-0.655367231638418,-0.6234567901234569,-0.6114649681528663,-0.6139240506329114,-0.6038961038961039,-0.6038961038961039,-0.5793103448275863,-0.6114649681528663,-0.6494252873563218,-0.6303030303030304,-0.5763888888888888,-0.5579710144927537,-0.6064516129032258,-0.5793103448275863,-0.5343511450381679,-0.5704225352112675,-0.6139240506329114,-0.5878378378378378,-0.5734265734265734,-0.5704225352112675,-0.5906040268456376,-0.6629834254143647,-0.6390532544378698,-0.6822916666666667,-0.6822916666666667,-0.6772486772486772,-0.6453488372093024,-0.5234375,-0.61875,-0.6013071895424837
LQNJ-L,8.0,0.0445958103071584,2.2442888519129475e-06,0.2435091416833612,0.1987778871391076,0.1486124283534699,1.7588368316124692,0.6675,-0.4710301878471787,0.0019795937656417,0.0035628946919269,-0.0046415928494196,1.0,0.0517241379310344,0.1210697506324539,2.9337818486482924e-07,-0.0079200452574014,8.586008753342287e-12,-0.0989010989010988,0.0069828214025618,2.166151135598764e-06,-0.0243584521384928,3.0,0.0015544091645026,-0.0180711783145861,0.0588342709239894,-0.1796707147018114,-0.0313435580803709,0.0418837081268792,0.0930823529411764,-0.1174362733121589,0.2548838903008573,-0.043478260869565,0.0648148148148146,0.0267857142857141,-0.1153846153846155,-0.1481481481481482,-0.0416666666666667,-0.2812500000000001,-0.2580645161290323,0.0454545454545451,0.0,0.1274509803921568,0.0648148148148146,-0.0416666666666667,0.0,0.0,-0.0254237288135593,-0.1666666666666666,-0.2333333333333334,-0.1481481481481482,-0.1481481481481482,-0.1785714285714286,0.1274509803921568,0.1274509803921568,0.1499999999999999,0.1499999999999999,0.1274509803921568,0.0648148148148146,0.0648148148148146,0.0648148148148146,0.0952380952380951,-0.1287878787878789,-0.1481481481481482,0.0267857142857141,-0.3681318681318681,-0.4010416666666667,-0.3681318681318681,-0.3783783783783785,-0.4191919191919192,-0.3030303030303031,-0.3154761904761904,-0.3313953488372093,-0.3681318681318681,-0.3154761904761904,-0.222972972972973,-0.0086206896551723,0.0,0.0849056603773583,0.0849056603773583,0.0648148148148146
LQOA-L,23.0,-0.0597795831328256,1.456805215255768e-06,0.1580658333103623,0.1006066505762929,0.0624745588729801,-0.1356161682984107,-3.121,-1.984432735837652,0.2038872977556448,-0.0024668082846521,0.0750519049102045,1.0,0.619047619047619,0.0308840941981317,1.091802141031745e-07,-0.1382506632170458,4.848864838108688e-13,-0.4166666666666666,-0.0015710363178305,1.6308397469743658e-06,-0.1282650103519668,2.0,0.0181469083301092,0.4444444444444445,0.7643218839607101,-0.3292651374285537,-0.7643218839607101,-0.0052467038194916,-0.0118685238139163,-0.7643218839607101,0.3879018138909542,0.0,0.028169014084507,0.028169014084507,0.0579710144927534,-0.0266666666666667,-0.0266666666666667,-0.0759493670886076,-0.0266666666666667,0.1587301587301588,0.1889250814332248,0.1889250814332248,0.1477987421383646,0.1587301587301588,0.1128048780487804,0.0798816568047338,0.0993975903614459,0.0993975903614459,0.0579710144927534,0.1477987421383646,0.1477987421383646,0.1477987421383646,0.1774193548387095,0.1850649350649349,0.1850649350649349,0.1850649350649349,0.1774193548387095,0.1587301587301588,0.1928104575163398,0.1850649350649349,0.0428571428571429,-0.0688775510204081,-0.0688775510204081,-0.0081521739130435,-0.0343915343915344,-0.0343915343915344,-0.0081521739130435,-0.0188172043010753,-0.0592783505154639,-0.0592783505154639,0.0369318181818181,0.0798816568047338,0.1335403726708073,0.0798816568047338,0.1128048780487804,0.1698717948717947,0.0798816568047338,0.0993975903614459,0.1477987421383646,0.1477987421383646
LQPC-L,30.0,0.1160150557927122,1.4987882022579738e-07,0.0162621058508534,0.0351268416514503,0.231732134359869,1.2140431451389146,-1.0264000000000024,0.6419636059101592,-0.0016994590455212,0.0005739021723016,0.0137082185955895,1.0,0.2552947589425607,-0.0418163300248149,3.875590394097817e-08,0.0154081558022636,2.28506503823587e-08,0.1347915860110981,0.0106496883869946,2.312172980109487e-07,0.2491160580809584,4.0,1.5914970283404173,0.0331863278853618,0.0201844429343494,-0.1594306258883761,-0.0254522222797658,0.0261803104868392,0.0666019637478382,0.0666710210407213,0.4880324335924055,-0.0475583864118895,-0.1045627376425855,-0.2019654354456116,-0.2594339622641509,-0.3498067366096079,-0.2170877659574467,-0.1348273328434973,-0.1909996564754379,-0.1062618595825427,-0.0942307692307692,0.0612888688598467,0.1371318203766296,0.1515892420537898,0.0887656033287103,0.1641127039050913,0.1493411420204979,0.1769115442278859,0.1869959677419355,0.1549779303580185,0.3282571912013536,0.4026206075044671,0.4324817518248174,0.584791386271871,0.6561181434599155,0.7854435178165278,0.5422396856581533,0.4645522388059704,0.517396907216495,0.5242718446601944,0.592292089249493,0.6130136986301371,-0.6656254437029675,-0.6631383206980404,-0.626486915146709,-0.6236816874400767,-0.6367982726711907,-0.6336341008089608,-0.5823727611278595,-0.572595281306715,-0.5524515393386544,-0.5189950980392157,-0.5156314273961332,-0.5618604651162791,-0.565257522613993,-0.5793891766386855,-0.5697844355133358,-0.5309699263095,-0.5167248101785347,-0.4852459016393442
LQRY-L^J20,15.0,0.0700528929624096,1.3929098417180826e-06,0.151133077059117,0.0355444872085125,0.0452443129975143,2.1882432536421472,-0.6759999999999999,-0.0312645857724969,-0.0250325340185372,-0.0047398185442857,0.0672581222307379,1.0,0.1634819532908704,-0.168436883165711,-9.2892144977243e-08,-0.0326513097583334,1.3228294349284628e-11,-0.0065645514223194,0.1565389429482779,2.7796793552088563e-06,0.2496460928652322,4.0,0.0017857281129607,-0.0555496319574998,-0.0838510852464847,-0.2444129754781298,-0.0468562417995334,-0.0157607673500094,-0.0517028627838104,-0.027731598602578,1.6536866802719628,-0.0196078431372549,-0.0727272727272727,-0.0377358490566037,-0.1206896551724137,-0.1774193548387096,-0.1839999999999999,-0.1839999999999999,-0.0892857142857143,-0.0285714285714285,-0.1206896551724137,-0.1206896551724137,-0.135593220338983,-0.1499999999999999,-0.0973451327433627,-0.1499999999999999,-0.2272727272727273,-0.25,-0.25,-0.2816901408450704,-0.2093023255813954,-0.2272727272727273,-0.2272727272727273,-0.1968503937007873,-0.1707317073170731,-0.128205128205128,-0.1968503937007873,-0.1499999999999999,-0.1206896551724137,-0.1206896551724137,0.0,-0.1839999999999999,-0.1707317073170731,0.0,-0.0377358490566037,-0.0377358490566037,-0.0377358490566037,-0.0555555555555555,-0.0555555555555555,-0.0555555555555555,-0.0727272727272727,-0.0727272727272727,-0.0097087378640776,-0.0285714285714285,0.0,0.108695652173913,0.1333333333333333,0.1333333333333333,0.108695652173913,0.108695652173913
LQSJ-L,25.0,0.0895928520661996,1.3779577461911374e-06,0.1495107493694212,0.1157479439875527,0.3237644614985142,1.5606528277186764,-0.286,0.3355788691497822,-0.007729862399054,0.0006945721231435,0.0060319694380216,1.0,0.1695609966562399,0.1891704154538238,1.548099173003812e-07,0.2135624186118829,2.413698579156516e-11,0.0704607046070461,0.0269875114224794,6.381357546754263e-07,-0.0756717743726404,5.0,0.0073352917181278,0.6116120574496154,0.0142327574216186,-0.0974695649320514,-0.0157450049232194,0.0143504109435861,0.0214180412227754,0.0306296086216675,0.7054474251321099,-0.0973451327433629,0.0272727272727273,-0.0583333333333332,-0.0173913043478259,-0.0173913043478259,0.0501858736059479,0.0,-0.0737704918032785,-0.0959999999999999,-0.0959999999999999,-0.0391156462585032,0.0462962962962962,0.0462962962962962,0.0620300751879698,0.2336244541484717,0.1970338983050847,0.1894736842105264,0.1649484536082475,0.1368209255533201,0.1721991701244813,0.1721991701244813,0.1530612244897959,0.2899543378995435,0.3078703703703704,0.4125000000000001,0.3516746411483256,0.3985148514851486,0.3713592233009708,0.4561855670103094,0.4487179487179489,0.401985111662531,0.4675324675324677,0.4790575916230368,0.5066666666666668,0.378048780487805,0.2417582417582418,0.3294117647058825,0.3452380952380953,0.4868421052631579,0.5066666666666668,0.4947089947089949,0.4303797468354431,0.4790575916230368,0.4868421052631579,0.4413265306122449,0.4413265306122449,0.4561855670103094,0.4868421052631579,0.8108974358974359
LQSN-L,32.0,0.1196071183397581,1.027008024495002e-06,0.1114321101464005,0.0160185477921804,0.2900580594960196,2.2687073724590343,-0.5235,0.2801552097653151,-0.0119246606789271,-0.0036523426353934,0.0530960854092526,1.0,0.0903547671840354,0.185617013338308,1.430911188246911e-07,0.0456413961483843,6.359091108320764e-12,0.0588235294117645,0.0123039552199398,6.860455617958508e-07,0.0334712755598832,4.0,0.0034797512319696,0.1400009391856851,-0.1152916002052288,0.3658560486101758,0.1501841650253526,-0.0035138194509951,-0.0058610652191015,0.2445067164842985,0.2362409543245661,-0.0384615384615385,-0.0188679245283018,-0.063063063063063,-0.0877192982456139,-0.037037037037037,0.0,-0.3580246913580247,-0.3246753246753247,-0.3417721518987342,-0.3658536585365853,-0.409090909090909,-0.3417721518987342,-0.2925170068027211,-0.3066666666666666,-0.2121212121212121,-0.2238805970149253,-0.1999999999999999,-0.2121212121212121,-0.2876712328767122,-0.3246753246753247,-0.3112582781456954,-0.409090909090909,-0.4408602150537635,-0.4189944134078212,-0.3459119496855346,-0.3417721518987342,-0.282758620689655,-0.1333333333333333,-0.0714285714285715,-0.1260504201680671,-0.1875,-0.1475409836065573,-0.1937984496124031,0.0297029702970297,0.1428571428571428,0.1685393258426966,0.1685393258426966,0.2093023255813955,0.5757575757575757,0.625,0.4857142857142857,0.5072463768115945,0.2682926829268293,0.4857142857142857,0.3333333333333332,0.4857142857142857,0.6000000000000001,0.1304347826086955,0.0947368421052632
LQTZ-L,23.0,0.1343531446761904,7.743087029961896e-07,0.0840138057558165,0.012820819728229,0.1013511261605187,0.3271264293592364,-46.015,0.2704322872245351,-0.0292004934208485,-0.0005379445279137,0.0979009779049607,1.0,0.0773392159637465,-0.057339272595604,3.40671982235153e-08,-0.0582437616995021,3.254570106140492e-07,0.0567820302708955,-0.0009274471033809,1.5443948763926123e-06,0.264044147657023,4.0,2.9752309563816346,0.0021996399250772,-0.0090524908454493,-0.0151803504504373,-0.2476490562737822,0.0018158506708771,0.0057885475554821,-0.082888093522036,0.4831191371680327,0.0202282157676347,0.0634307777164921,-0.023302938196555,-0.022312373225152,-0.0345518277416123,0.075292805354155,0.0288153681963716,0.110599078341014,0.102974828375286,0.1042382588774342,0.1086831512363426,0.1086831512363426,0.130791788856305,0.1544910179640719,0.2836218375499335,0.3187414500683996,0.260954872465664,0.2793629727936297,0.3097826086956521,0.4218289085545723,0.4072992700729929,0.3491952414275718,0.4313288789903489,0.4281481481481481,0.4957331264546161,0.2709294660514174,0.3635077793493635,0.4751338944146901,0.3741981468282254,0.4728800611153554,0.5700325732899025,0.5217048145224943,0.6577815993121239,0.8257575757575757,0.6592082616179005,0.5933884297520662,0.5868312757201646,0.4807987711213519,0.3991291727140784,0.2853333333333334,0.2430689877498388,0.3142467620995228,0.165659008464329,0.1248541423570595,0.1565686862627473,0.155875299760192,0.2217997465145755,0.134785167745733,0.0998288648031944
LQUL-L,15.0,-0.128253518911693,3.461556459028209e-07,0.0375584738795089,0.1193397077394912,-0.0970119037978783,1.3695306658047686,-0.424,-0.7768843050938892,-0.1055874385604,-0.0123093882050339,0.1035303556145731,1.0,1.0412844036697249,-0.1819047619047619,-5.54762443763543e-08,-0.0693189934041927,1.1699452599792816e-12,-0.1631205673758864,0.020759613116301,3.9840808915318854e-07,-0.0755804893252297,4.0,0.0041861550520118,-0.416880733944954,0.02942912654922,0.816672337529772,-0.4082866115671082,-0.0093878263907082,-0.0207448861443458,-0.183327662470228,1.6536866802719628,-0.0638297872340425,-0.1607142857142858,-0.3088235294117648,-0.3088235294117648,-0.3188405797101449,-0.2985074626865672,-0.3188405797101449,-0.175438596491228,-0.2769230769230769,-0.2598425196850394,-0.253968253968254,-0.2598425196850394,-0.3896103896103896,-0.4050632911392405,-0.4050632911392405,-0.4437869822485207,-0.4946236559139785,-0.4891304347826087,-0.5252525252525253,-0.5648148148148149,-0.5707762557077626,-0.5545023696682465,-0.4891304347826087,-0.4404761904761904,-0.4404761904761904,-0.4534883720930233,-0.4806629834254143,-0.3648648648648649,-0.2769230769230769,-0.2357723577235773,-0.2598425196850394,-0.2598425196850394,-0.2598425196850394,-0.2598425196850394,-0.2598425196850394,-0.2713178294573644,-0.2769230769230769,-0.2598425196850394,-0.2656250000000001,-0.3285714285714285,-0.2598425196850394,-0.3088235294117648,-0.3517241379310345,-0.4659090909090909,-0.4719101123595506,-0.5252525252525253,-0.4719101123595506,-0.3517241379310345,-0.3380281690140845
LQUZ-L,22.0,0.1814109742441208,9.778097463521333e-08,0.010609401363861,0.6900555275113579,-1.1321499013806704,0.2690557963833969,-0.1215,1.1906596415025914,-0.6271287960247497,-0.050595238095238,-0.0050847457627118,1.0,8.142857142857142,-0.3585237258347978,-1.6904053423238252e-07,-0.1735112936344969,1.7039687538905e-15,0.25,-0.3460246360582307,1.8484622602273205e-07,1.129629629629629,3.0,0.0010494960736888,-0.3214285714285714,-0.0114040465971796,0.9828326180257512,-0.6174498678499553,-0.1748649417116861,-0.5050643306871064,-0.0171673819742489,1.6536866802719628,-0.5,0.0,0.0,0.0,0.0,0.0,-0.3333333333333332,-0.3333333333333332,1.0,1.0,0.0,0.0,0.0,0.0,0.0,0.0,0.0,-0.3333333333333332,-0.5,-0.3333333333333332,-0.3333333333333332,0.0,0.0,0.0,0.0,0.0,0.0,1.0,1.0,1.0,1.0,1.0,1.0,1.0,0.0,0.0,0.0,0.0,0.0,0.0,0.0,0.0,0.0,0.0,1.0,0.0,0.0,0.0,0.0
LQVC-L,23.0,-0.1174760601915185,1.0705494463573782e-06,0.1161564281664909,0.4814971452738422,0.1767912772585669,0.5587140636791788,-0.011,-0.5291820628900402,-0.0566509582683573,-0.0009326424870466,-0.0095497953615279,1.0,0.125,-0.0369767441860464,5.403159485358417e-08,0.0991915705332,7.716066101823851e-14,-0.111111111111111,-0.0030779753761969,2.63694864835674e-07,-0.3410852713178294,2.0,0.0010875289202014,-0.4705882352941177,0.2510328068043743,-0.2510328068043743,-0.2510328068043743,0.0100755667506297,0.0125573532963052,-0.2510328068043743,0.5143044699410411,-0.125,0.0434782608695651,0.0,0.0,-0.0769230769230769,-0.1111111111111111,-0.04,-0.2258064516129032,-0.25,-0.2258064516129032,-0.2380952380952381,-0.2615384615384616,-0.25,-0.25,-0.25,-0.3043478260869565,-0.1999999999999999,-0.0769230769230769,-0.1272727272727274,-0.04,0.0,-0.0769230769230769,-0.0769230769230769,0.0,0.0434782608695651,0.0,-0.0204081632653061,-0.0769230769230769,0.0909090909090908,0.0666666666666666,0.0,-0.04,0.1428571428571428,0.0909090909090908,0.0909090909090908,0.0,0.0909090909090908,0.0,0.0,-0.0588235294117647,0.0666666666666666,-0.1578947368421052,-0.1724137931034483,-0.1999999999999999,-0.142857142857143,-0.142857142857143,-0.2258064516129032,-0.2258064516129032,-0.04
LQVG-L,23.0,0.0044282464781104,5.487654320987654e-07,0.0595419788508812,0.0450912596630504,0.2544680924367576,1.1502887732553404,0.8105,-0.4622318192315081,0.0170319397454614,0.0048058974465336,0.0757683425119914,1.0,0.0906382855655493,0.1132877141195937,4.68694885361552e-08,0.000133507528871,1.2654249596396708e-10,-0.0970537261698439,-0.0054094694387277,2.9108796296296297e-07,-0.1654552349650792,3.0,0.0510123525794723,-0.0749153462515681,0.0948861682849725,0.1823797315595681,0.0205552930894571,0.017105213077733,0.0270819942150088,-0.0514944485397492,0.7515873729128806,-0.0769230769230769,0.0748031496062993,-0.0072727272727272,0.0540540540540541,0.1052631578947369,0.4255874673629245,0.365,0.5423728813559323,0.6058823529411765,0.56,0.3615960099750623,0.3481481481481481,0.3843813387423935,0.3252427184466018,0.5689655172413794,0.7256637168141593,0.714824120603015,0.6956521739130435,0.6914498141263941,0.6956521739130435,0.7901639344262295,0.5,0.5964912280701753,0.5582191780821919,0.4661654135338344,0.4181818181818182,0.2409090909090909,0.2511457378551787,0.3031026252983295,0.3595617529880479,0.3871951219512195,0.3062200956937799,0.3822784810126582,0.8905817174515236,0.6115702479338843,0.4836956521739133,0.3150289017341039,0.1142857142857143,0.1617021276595744,0.1188524590163935,0.0963855421686747,0.1142857142857143,-0.0072727272727272,0.1374999999999999,0.2668213457076567,0.011111111111111,-0.054054054054054,0.0963855421686747,-0.0618556701030927
LQVW-L^A19,19.0,0.1369983686786296,2.03597864042209e-07,0.0220907130912429,0.424399208368674,0.5598121435759813,1.9286038952936264,0.687,0.4762638566010363,0.060025626777457,0.0033708963001563,-0.0210727969348659,1.0,0.3785166240409207,0.1227657967609298,2.0481519058356752e-08,-0.0796958732194383,6.921478284938309e-12,0.0999999999999999,0.0037520391517129,6.154346495655563e-08,0.1867664319248827,4.0,0.0369534684182339,0.0144068025293607,0.0523888954055869,-0.0532940520258559,0.0199502974366,0.0244626818560073,0.0318572496263079,0.1021332829903719,0.3630493417684732,0.0173010380622837,0.3927710843373493,0.2297872340425533,0.0321428571428572,0.3761904761904762,0.5621621621621622,0.8062499999999999,0.895081967213115,0.7784615384615385,0.7409638554216869,0.895081967213115,1.156716417910448,1.2578125,1.388429752066116,1.4285714285714288,1.3688524590163935,1.7264150943396226,2.284090909090909,2.4819277108433737,2.7532467532467533,2.827814569536424,3.5511811023622046,3.48062015503876,3.128571428571429,3.18840579710145,3.4461538461538463,3.378787878787879,3.18840579710145,2.7532467532467533,3.313432835820896,2.36046511627907,2.380116959064328,2.567901234567901,2.729032258064516,2.986206896551725,3.070422535211268,3.0419580419580425,3.218978102189781,3.25,3.128571428571429,3.128571428571429,2.9054054054054057,2.8026315789473686,3.0138888888888893,3.8166666666666673,5.800000000000001,5.800000000000001,5.020833333333334,4.78
LQWE-L^A22,23.0,0.1401551655720313,6.877530727926795e-07,0.0746223732756552,0.231569191746744,0.0773465785861258,0.9200635274671276,0.8615000000000002,-0.2175526258547946,0.0091127104912305,-0.0001639928410038,-0.0150356680882673,1.0,0.5019628099173554,0.0975861681823286,5.877016806233553e-08,-0.0928865907211785,1.9181662430901e-10,-0.045679012345679,0.0035147107652189,1.2929507323448146e-06,0.1641941368738439,2.0,0.0399650033568506,-0.0789808733243446,-0.0787363987363988,0.0787363987363988,0.0787363987363988,0.0096094071675964,0.0231604448206415,0.0787363987363988,0.53743827351429,-0.0344827586206897,-0.1076923076923077,-0.2204301075268817,-0.2266666666666666,-0.2328042328042328,-0.2287234042553191,-0.1594202898550725,-0.1714285714285714,-0.1445427728613569,-0.1545189504373179,-0.2428198433420365,-0.2447916666666666,-0.2266666666666666,-0.275,-0.2564102564102564,-0.3317972350230415,-0.2639593908629442,-0.2054794520547945,-0.1830985915492957,-0.0793650793650794,-0.0522875816993464,-0.0764331210191083,-0.0333333333333333,-0.0068493150684931,0.0357142857142858,0.0902255639097744,-0.0522875816993464,-0.0937500000000001,0.0283687943262411,0.070110701107011,-0.1076923076923077,-0.0705128205128206,0.1068702290076335,0.1328125,-0.0645161290322581,-0.1317365269461078,-0.1445427728613569,-0.2054794520547945,-0.2054794520547945,-0.2162162162162162,-0.2287234042553191,-0.2368421052631578,-0.2564102564102564,-0.258312020460358,-0.2225201072386059,-0.1369047619047618,-0.1343283582089552,-0.1076923076923077,-0.1049382716049384
LQWQ-L^A22,21.0,0.014148241493871,1.6654697313856253e-06,0.1807062867347267,0.1263543832767867,0.452221785292961,1.7663023566713392,-0.3189999999999999,0.2976649103756481,-0.0169117142871279,0.0016324894031389,0.0532930321349029,1.0,0.5082644628099173,-0.0095535062694884,1.1457146588070449e-07,0.0422603304609958,4.26587669355356e-12,0.0625,0.0048115477145148,3.01321839672622e-07,0.1324947589098533,3.0,0.0025202074404478,-0.5625065383408306,0.0546223915834875,0.9464337339445752,-0.1214597804381297,0.0107461121789271,0.0131120744794257,-0.0535662660554247,0.2672950232961498,0.0,-0.05,-0.0952380952380952,-0.1162790697674418,-0.0952380952380952,-0.1264367816091953,-0.0256410256410256,-0.0256410256410256,-0.0256410256410256,-0.0617283950617284,-0.1648351648351648,-0.1648351648351648,-0.1739130434782608,-0.1739130434782608,-0.2475247524752475,-0.2549019607843137,-0.2761904761904762,-0.2830188679245283,-0.2083333333333332,-0.1999999999999999,-0.1460674157303371,-0.2475247524752475,-0.1914893617021276,-0.1648351648351648,-0.1648351648351648,-0.2083333333333332,-0.1739130434782608,-0.2323232323232322,-0.1162790697674418,-0.1363636363636363,-0.2244897959183673,-0.2083333333333332,-0.1999999999999999,-0.2244897959183673,-0.3027522935779817,-0.4328358208955224,-0.4153846153846153,-0.4411764705882353,-0.3448275862068964,-0.3391304347826086,-0.3770491803278688,-0.3559322033898304,-0.3559322033898304,-0.2761904761904762,-0.3027522935779817,-0.3448275862068964,-0.24,-0.2244897959183673,-0.2244897959183673
LQWW-L,23.0,0.0234416769255528,1.4638960481099656e-06,0.1588352006850984,0.0753610751566486,0.0260491729611374,0.3010936363592465,-1.8598000000000003,-0.3612139946540782,0.0514951479060131,0.0055053119781292,0.2007767452046316,1.0,0.0563408850169155,-0.0299566016862151,-1.5355383734249713e-07,-0.1150497836195402,5.5639494985114885e-11,-0.0758432515185936,-0.0134689944758771,4.075907789232531e-06,0.0392986283925087,3.0,0.0196357071436857,0.222468348503097,-0.2363700875758299,-0.973096589804592,-0.1701611172946457,-0.0110010138701619,-0.0278157610841513,0.1169834290233677,1.6536866802719628,-0.0202020202020202,-0.01,-0.0660377358490567,-0.0660377358490567,-0.0660377358490567,-0.0660377358490567,-0.0660377358490567,-0.1,-0.1081081081081082,-0.0833333333333333,-0.1160714285714287,-0.0571428571428571,-0.0388349514563106,-0.0480769230769231,-0.0660377358490567,-0.0660377358490567,-0.0660377358490567,-0.0388349514563106,0.0,-0.0294117647058823,0.0,-0.01,0.0102040816326529,0.064516129032258,0.0999999999999998,0.0421052631578948,0.064516129032258,0.0,0.1511627906976744,0.1927710843373493,0.0879120879120878,0.076086956521739,0.125,0.1511627906976744,0.2531645569620253,0.2531645569620253,0.1379310344827586,0.1927710843373493,0.0531914893617022,-0.0388349514563106,-0.1465517241379309,-0.1610169491525424,-0.2016129032258065,-0.2016129032258065,-0.2016129032258065,-0.1951219512195121,-0.1885245901639344,-0.1610169491525424,-0.1610169491525424
LQXK-L,23.0,-0.0024276895331899,2.719512195121952e-07,0.029507167932823,0.1013767209011264,-0.0141174801362088,2.278758582387683,-0.2685,0.2267923126671605,0.0167345224900385,0.0042351768809167,0.0081846169256743,1.0,0.101135867190913,-0.4192708333333333,-8.073170731707317e-07,-0.0781971596235981,3.190116104228182e-12,0.0476190476190476,0.0202538669626135,1.7267073170731707e-05,0.0089788356017958,3.0,0.0002305452442414,-0.057750837337993,-0.0012635433742841,-0.0380301426790729,0.1329961409373175,-0.0249031913473093,-0.211092246745897,0.029989604989605,1.6536866802719628,0.0249999999999999,0.0666666666666666,0.0666666666666666,0.0666666666666666,0.3333333333333335,0.3333333333333335,0.0666666666666666,-0.111111111111111,-0.0909090909090908,-0.1304347826086956,-0.1999999999999999,-0.1999999999999999,-0.2380952380952381,-0.2857142857142857,-0.2857142857142857,-0.3333333333333332,0.6666666666666667,0.6666666666666667,0.7777777777777779,1.1052631578947367,1.1052631578947367,0.0666666666666666,0.0666666666666666,0.0666666666666666,0.0666666666666666,-0.2857142857142857,-0.36,-0.36,-0.36,-0.36,-0.6,-0.6,-0.6,-0.6,-0.6226415094339622,-0.6226415094339622,-0.6226415094339622,-0.6226415094339622,-0.709090909090909,-0.7633136094674556,-0.7633136094674556,-0.7633136094674556,-0.8,-0.8,-0.8058252427184466,-0.8058252427184466,-0.8,-0.8,-0.8
LQYE-L,30.0,1.2347056772085685,1.2373788658871822e-06,0.1342577027518052,0.040848032273293,0.0455596966970826,2.211159110723257,0.469,8.147654406315255,-0.034080843077148,0.0025837122778007,-0.0237755786648775,1.0,0.2139518028628374,0.5382354251102301,-8.035904789463634e-08,0.5548090563468192,5.0522900159479605e-11,1.7107438016528929,0.5346634606560084,9.435470641449354e-07,4.501096605744124,4.0,0.0156951981225128,0.8236665094635531,1.4323680912005567,1.631353036267877,-0.8524827472324588,0.0018562780803127,0.0032717586426544,2.472043673505328,1.6536866802719628,-0.1563981042654028,-0.0365296803652968,-0.0231481481481482,-0.0047169811320755,-0.0186046511627907,-0.0580357142857144,0.0047619047619047,-0.0093896713615023,0.0,-0.0580357142857144,-0.0276497695852534,0.1787709497206702,0.0549999999999999,-0.0663716814159292,-0.0140186915887852,-0.1692913385826772,-0.156,-0.1134453781512605,-0.109704641350211,-0.1692913385826772,-0.1059322033898305,-0.0231481481481482,0.0656565656565655,0.0932642487046631,0.1593406593406592,0.0820512820512819,0.0710659898477157,0.0765306122448978,0.1223404255319149,0.0765306122448978,0.172222222222222,0.2865853658536585,0.4452054794520548,0.6230769230769229,0.9009009009009006,0.7154471544715446,0.7154471544715446,0.7583333333333333,0.8508771929824561,1.068627450980392,0.918181818181818,0.8839285714285712,0.9009009009009006,1.0288461538461535,1.11,1.0095238095238095,0.7881355932203389,0.9009009009009006,0.9537037037037036
LQYU-L,19.0,0.0069675285071544,3.968998478012905e-07,0.0430643057331809,0.0880424324264729,0.2501325277206932,1.336224556245662,-2.307699999999997,-0.4200442413885827,0.0066743061135387,0.0024886788615124,-0.0178657721923795,1.0,0.2537684694159152,0.0950113544546033,9.664948665114717e-08,-0.0536332389902652,1.3243930553689526e-08,-0.0881956998346089,-0.0172177991666679,4.391043729790909e-07,-0.0614771202950218,3.0,0.4560001624684499,-0.0803606343391331,0.0936654665983323,0.419638807650747,0.0369133871721406,0.0277630252985926,0.0584739601096574,0.0369133871721406,0.9230319034427258,-0.0789662598707824,-0.0682274247491638,-0.1053307642903018,-0.0936890045543266,-0.1427692307692307,-0.0688502673796792,-0.1271929824561404,-0.2265408106607441,-0.2441671188279978,-0.3204878048780488,-0.2852744997434581,-0.2699161425576519,-0.2714435146443515,-0.1998851234922458,-0.2017191977077364,-0.1905868680999419,-0.2291090204759269,-0.219170403587444,-0.2498653742595584,-0.2080727686185333,-0.220917225950783,-0.1882284382284382,-0.1007101355713363,-0.0719520319786808,0.0318518518518518,-0.0258741258741259,-0.018322762508809,0.0265291083271923,0.0160466812545585,0.1081941129673826,0.1003159557661927,0.0682515337423312,0.0815217391304345,0.1325203252032518,0.2629193109700816,0.1957081545064376,0.1215780998389692,0.1108452950558214,0.109076433121019,0.1135091926458833,0.0773395204949729,0.0806826997672613,0.0968503937007874,0.013090909090909,0.0310880829015542,0.0426646706586826,0.1306818181818181,0.1541010770505384,0.1408681408681407
LQZS-L,18.0,0.0329334062428156,1.5537439012490248e-07,0.0168583844929949,0.2628724425695646,0.911523228241784,2.3488667334902185,3.230599999999999,0.3227623862871788,-0.002079458056531,0.002399416496959,0.0113803461703282,1.0,0.1615159382099354,0.0327117169382954,3.701085577673693e-08,-0.0106728053237348,1.3367189639334776e-08,0.0677696578931361,0.0666320942981028,5.162507318501172e-08,0.0335664970930233,3.0,1.152501299017709,-0.0303912962579296,-0.0029191913077452,-0.0293557979642421,-0.0095521366629533,0.039370983916406,0.0549292405092748,0.042724059425771,0.756613248470665,-0.0127452963787174,-0.0155347540330611,0.063010752688172,-0.0385139078000388,-0.0668302812912969,-0.0178819789390025,-0.1698018139066174,-0.1824346675487925,-0.1415422021535255,-0.1782211138819617,-0.2045381396845832,-0.2461491535763306,-0.2332868000620443,-0.2545619061981602,-0.2512874886398061,-0.2264475743348982,-0.1870065789473683,-0.1599252209381373,-0.2196084622671298,-0.1678451178451178,-0.2023559786993706,-0.1855330367441093,-0.1020890099909173,-0.0698155814828754,0.0030438311688312,-0.1305189094107299,-0.2205928729107537,-0.1665823638509527,-0.1569162544772301,-0.1215567798116226,-0.018856689162366,-0.0304040800313848,-0.0853071798667653,-0.0180770758839889,-0.0661250708482902,-0.0147498505082719,0.0849429323968393,0.0863736263736263,0.1053220035778175,0.1468677494199535,0.1573402013579956,0.1249431042330451,0.0967384069225649,0.0974689165186502,0.0740982181660148,0.0911699779249448,0.0982003999111309,0.1272519954389965,0.1487334417848012
LQZX-L,20.0,0.0668058176513422,6.119158335004443e-07,0.0663939043635776,0.0230984889867361,0.0217928443879787,0.494566635922645,-63.4631,0.1551401826956973,0.0011379246190438,-0.0006835206195564,0.0005959912251366,1.0,1.0535595467781516,0.041503583240545,7.38676065041087e-08,-0.0154137716671128,2.426121073970503e-06,0.0325744186852409,6.621693446819471e-05,3.832259250900558e-06,0.0716230727840807,2.0,3.622539934098388,-0.0013364007278008,-0.0888681121921461,0.0888681121921461,0.0888681121921461,0.0052009172321267,0.0403473227432586,0.0888681121921461,0.5819720043963322,-0.0318956143530264,0.0474563401670462,0.0169553999262808,0.0256505576208179,0.0844060135599882,0.178052946199829,0.1498228797666179,0.0713522958936025,0.1330595482546199,0.110261569416499,0.1444571191537902,0.1813316206379789,0.1594872872452195,0.1667195263769954,0.2148833113166006,0.1805733846812152,0.1535486568412249,0.1833583529916362,0.1908924139419445,0.1857741484903836,0.1982627578718785,0.1871772805507745,0.2728950403690888,0.2605368360936608,0.3235787958743104,0.2104859054513546,0.3231027454741637,0.4351105331599478,0.4260240341129344,0.3724661111802014,0.4078326317132288,0.4056808049929945,0.3623009504999381,0.4582452431289638,0.5119879435539116,0.4207003089598351,0.4062181447502548,0.4667729930887827,0.6200822078684673,0.6991531947652039,0.5774728416237851,0.7303229852618376,0.778279084756687,0.6398216939078754,0.5685048322910744,0.7431685357763387,0.8169245966414225,0.8923182441700961,0.9501678741827178
LRJH-L^E22,30.0,0.0621015197955416,1.3288532813922435e-06,0.144182831768348,0.0087785837164616,0.2637530636511441,0.2322453846436292,-9.7935,0.2645910314450205,0.2389666619609652,-1.1368907402522989e-06,-0.0003029232089665,1.0,0.4657534246575343,0.1316434754350203,1.883828620618779e-07,0.0689400421654322,2.2160049308079804e-11,0.0555555555555556,-0.0174421777369507,6.967243147589383e-07,-0.0493242763484887,2.0,0.0648351822551711,0.0625000000000001,-0.5563634196489764,1.5563634196489764,0.5563634196489764,0.0018319341529998,0.002864800667651,0.5563634196489764,-3.806654114156721e-05,0.0123966942148761,-0.0867924528301886,-0.1037037037037037,-0.1167883211678832,-0.1135531135531136,-0.0620155038759689,-0.0970149253731343,-0.0867924528301886,-0.12,0.0,0.0083333333333333,0.0083333333333333,0.066079295154185,0.0521739130434784,0.095022624434389,0.0431034482758621,0.0297872340425531,0.056768558951965,0.0707964601769912,0.0341880341880342,0.1469194312796209,0.141509433962264,0.2474226804123711,0.3908045977011494,0.308108108108108,0.308108108108108,0.2039800995024876,0.3152173913043476,0.2736842105263157,0.3828571428571428,0.0431034482758621,0.0431034482758621,0.0386266094420599,0.0083333333333333,-0.032,-0.0833333333333333,-0.1135531135531136,-0.0902255639097745,-0.032,-0.0692307692307693,-0.0763358778625954,-0.0692307692307693,-0.0546875,-0.0202429149797571,-0.0509803921568626,-0.032,0.0254237288135592,0.0168067226890755,0.0521739130434784
LROS-L,30.0,-0.1695868078328492,-5.99028301067374e-08,-0.0064995585266408,0.1101737981502185,-0.0008475474096832,4.085596287829507,38.4,-0.3445827365081934,0.0093030211989156,0.006146593955079,-0.0102923013585837,1.0,0.7827380952380952,-1.2742857142857142,-6.764027899552431e-08,-0.1086199836199811,3.9448965063002215e-08,-0.0723512254252055,0.0107748524313688,2.2720644269234605e-06,-0.0687468030690537,3.0,0.1126435207333629,-0.2977099867724868,0.2246973099482489,0.0216953780524576,0.1750567225902728,0.0072471490994351,34.0,0.0364012604053988,1.6536866802719628,-0.1777777777777778,-0.0689655172413792,-0.0689655172413792,-0.0939597315436241,-0.1233766233766233,-0.1233766233766233,-0.2582417582417582,-0.2819148936170211,-0.150943396226415,-0.1455696202531645,-0.1818181818181817,-0.3005181347150258,-0.3112244897959183,-0.430379746835443,-0.47265625,-0.5,-0.4962686567164179,-0.509090909090909,-0.4421487603305785,-0.3571428571428571,-0.3946188340807174,-0.3691588785046729,-0.3249999999999999,-0.3973214285714286,-0.3509615384615384,-0.3720930232558138,-0.3041237113402061,-0.4981412639405204,-0.4489795918367347,-0.4512195121951219,-0.5246478873239436,-0.5018450184501845,-0.4847328244274809,-0.5178571428571428,-0.5178571428571428,-0.5659163987138263,-0.5768025078369905,-0.5846153846153845,-0.555921052631579,-0.5392491467576792,-0.5833333333333333,-0.5714285714285714,-0.5659163987138263,-0.5279720279720279,-0.5126353790613718,-0.548494983277592,-0.5,-0.514388489208633,-0.5161290322580645
LRRH-L^F20,30.0,-0.0222969863361528,1.2647355734782044e-06,0.1372259518606908,0.1977913842116772,0.452856682036394,3.1946814651831703,-2.1335,0.1121820647240124,-0.0019932263606824,-0.0130794931407719,-0.0586125841199603,1.0,0.3181246979217013,-0.0820821888583696,1.966125346062541e-07,-0.0800025677855253,1.4105553387599407e-10,0.0235546038543896,0.0151714725532827,9.98935708903052e-07,0.0655718429097751,3.0,0.0076518432461935,-0.0491363785949029,-0.0265227492999996,0.1088076320539637,0.0189753967202433,-0.0141773260055444,-0.0266218149715364,0.0300476823262721,0.4209159518838373,-0.15625,0.0,-0.1578947368421053,-0.2888888888888888,-0.3043478260869565,-0.2888888888888888,-0.3333333333333332,-0.36,-0.3333333333333332,-0.5294117647058824,-0.4920634920634921,-0.6444444444444444,-0.6190476190476191,-0.6701030927835052,-0.6799999999999999,-0.6631578947368421,-0.6631578947368421,-0.6799999999999999,-0.7090909090909091,-0.6799999999999999,-0.6831683168316831,-0.6799999999999999,-0.6799999999999999,-0.6767676767676767,-0.6799999999999999,-0.6666666666666666,-0.7064220183486238,-0.6631578947368421,-0.6521739130434783,-0.6701030927835052,-0.7090909090909091,-0.6831683168316831,-0.6559139784946237,-0.6952380952380952,-0.6831683168316831,-0.6831683168316831,-0.6799999999999999,-0.6799999999999999,-0.6666666666666666,-0.6444444444444444,-0.6595744680851063,-0.673469387755102,-0.7037037037037037,-0.6595744680851063,-0.7037037037037037,-0.6893203883495146,-0.627906976744186,-0.6363636363636364,-0.632183908045977
LRTP-L,30.0,-0.0249417848385673,1.0510195917332862e-06,0.1140374058612026,0.2730828480832029,0.1540885169147703,0.5879957697160149,-12.3769,0.0939281827788778,-0.1001547538280957,-0.0001266850469313,0.1789899786349551,1.0,0.0932491495591246,0.0002665955745134,2.5236885501161426e-08,-0.0467052427723736,1.0590990441707392e-09,0.0197218792644097,0.0350427649154987,8.244309486793164e-07,-0.0693924153199569,3.0,0.1163262611205644,0.029943607958128,0.017281634302754,0.1460539324493665,-0.0157864667490933,0.0013828803033814,0.0030252549469344,-0.0157864667490933,3.2846467893324336,-0.0042553191489361,0.1084905660377359,0.124401913875598,0.0779816513761466,-0.0891472868217054,0.1519607843137256,0.119047619047619,0.0444444444444445,0.0829493087557604,0.1032863849765257,0.049107142857143,0.0730593607305936,0.0760073260073259,0.0042735042735042,0.0701275045537339,0.0879629629629628,0.1211832061068702,0.1276391554702496,0.1497064579256359,0.0879629629629628,0.1519607843137256,0.1497064579256359,0.146341463414634,0.1497064579256359,0.1892712550607287,0.2394514767932489,0.1965376782077392,0.2176165803108807,0.3128491620111733,0.541994750656168,0.4911167512690355,0.4294403892944038,0.5921409214092141,0.6433566433566433,0.6274238227146816,0.5359477124183005,0.46875,0.570855614973262,0.550131926121372,0.4242424242424243,0.4122596153846154,0.3084632516703784,0.2744034707158351,0.2460233297985155,0.3742690058479532,0.2771739130434782,0.2014314928425358,0.175,0.124401913875598
LSHG-L^A19,20.0,0.0783134334931916,4.401091324898281e-07,0.0477525863073545,0.1717896044425959,0.8895922541545356,0.3756329936034528,-41.585,-0.0020916287070753,-0.0393882458480637,-0.0013419695304037,0.0777699310704702,1.0,0.1292976113181381,0.0016212438537646,2.378620585625299e-08,-0.031582046054087,6.445924836097513e-09,-0.0004391743522178,0.0870103781554887,7.236397009759128e-08,0.9614306134479644,2.0,1.7529389291504585,0.1066446202925343,-0.1393835012836173,-0.5602873028855769,0.9413679580409988,0.0043401112903786,0.0049931972363048,-0.0586320419590012,0.6629369797996723,0.0456869009584663,-0.0085524231865695,0.155407899593946,0.252,0.1291486291486292,0.0921144452198186,0.0503355704697987,0.0599390450389434,0.0642638558313499,0.0856746444675686,-0.1128117913832199,-0.1551956815114709,-0.0907770515613651,-0.1619812583668005,-0.1448087431693989,-0.2085967130214917,-0.1107954545454545,-0.067758749069248,-0.1494565217391303,-0.0800881704628948,-0.1101634683724235,-0.1569023569023568,-0.053665910808768,-0.024162120031177,0.0972830850131465,-0.1534820824881677,-0.196405648267009,-0.136551724137931,-0.297418630751964,-0.2866096866096865,0.0710008554319931,-0.0753323485967504,0.0007993605115907,-0.0102766798418971,0.2408325074331021,0.5109823799179338,0.5095249578008199,0.454460966542751,0.5920651068158698,0.5944982170147735,0.6534601162176441,0.4851720047449586,0.3162321278385198,0.252,0.3038950218704437,0.2274509803921569,0.1188561215370866,0.4292237442922375,0.4674167838724803
LSHN-L,23.0,0.0520911358433523,1.145966030855409e-06,0.1243392553209157,0.0399188664626645,0.0058719520519484,0.1566965516911753,22.1943,0.7416682401590556,0.0005441812442273,1.4750339757442863e-06,0.00132585521761,1.0,0.1428570057471044,0.0140153709611119,8.249544653601906e-08,-0.0037197545915827,2.051750327287637e-06,0.1557263331826472,0.0001892287076829,1.5176478872093892e-05,0.0550937440999545,2.0,2.924101462602402,0.0687832701036235,-0.1086522097890353,0.1086522097890353,0.1086522097890353,0.0012347798351057,0.0175945594067937,0.1086522097890353,0.4887289745928255,-0.0259615384615384,0.0635759331856142,0.0759362714669975,0.0934707181158658,0.1488327564621843,0.1993541938955947,0.1924782143403149,0.208740120874012,0.2244897959183673,0.1894323510350348,0.1746545687285869,0.1881640580372445,0.2561397858120622,0.1884356073591591,0.1773584905660377,0.1281865847043934,0.2313035242116896,0.2014324771843352,0.1748757342973339,0.2011549566891242,0.2124509384836592,0.2471020864977215,0.3017356475300401,0.3642326191517271,0.4459171378255631,0.4658898703251268,0.5408929276965626,0.690049293104382,0.8024263431542462,0.81279414328046,0.7238521465274323,0.7394213079110219,0.6603693257410463,0.8770304415834436,0.8929741536221334,0.912467819051122,1.00552805810889,1.0153736838705512,1.1166892808683857,1.1460998761865455,1.1999717952333944,1.1496486151302192,0.9561128526645768,0.7789941840574752,0.8828073139822581,1.229526940117193,1.110246871829557,1.1299836155106502,1.1739130434782608
LSNX-L,19.0,-0.0035229531415349,2.087099895357831e-07,0.0226453873659277,0.162801489299124,0.0854159631722866,0.9272266487851288,-176.0812,0.1316770867759574,-0.0416863534531196,-0.0154302181662869,0.0056760683931928,1.0,0.6946309013148089,-0.3671667728583011,6.75719073689319e-08,0.0366875621521099,1.053552999218412e-07,0.0276479277087496,0.0169349469021364,1.4710511230076282e-06,0.0274519877848426,5.0,0.9269465158558832,-0.3230891443649403,-0.1027837360013318,-0.0949746807273529,0.0219008763826416,-0.0050139970092036,-0.0320033612746181,-0.0050863586696594,0.6268008838934743,-0.1122961104140526,-0.1109871723368656,-0.2049875311720699,-0.2197748409202153,-0.2037962037962037,-0.1606108478146392,-0.2803611738148984,-0.4021005251312828,-0.3541329011345219,-0.431729055258467,-0.4098482043687523,-0.3749019607843137,-0.3217021276595745,-0.3763693270735524,-0.3809708737864078,-0.3816912335143523,-0.4802738832735572,-0.5043532338308457,-0.5198795180722893,-0.5162367223065252,-0.5445714285714286,-0.5137278828553997,-0.5226115603474094,-0.4891025641025641,-0.4105029585798816,-0.5500987863392606,-0.521608643457383,-0.5111928856179087,-0.5415588150704631,-0.5026521060842433,-0.5427423981640849,-0.5416906267970099,-0.5566063977746871,-0.5800842992623815,-0.5437893531768746,-0.5370316584374093,-0.5476730987514189,-0.5478014184397163,-0.5038904450669157,-0.4908974768444586,-0.5255952380952381,-0.5046612802983219,-0.4949302915082383,-0.5300707547169812,-0.5231827699670955,-0.5060427641772545,-0.4690206528980679,-0.4115909929863418,-0.4072145779100037
LSQO-L,18.0,0.0872293371022783,5.712373074891129e-07,0.0619802153923383,0.0272581300145649,0.1141864050520222,0.7262207075974504,34.045500000000004,0.1393255721622406,-0.0037096784592031,-0.0052759101605717,-0.0049485011821094,1.0,0.3259619551617014,-0.1089547758424178,1.0111428797044997e-07,0.0250025726634252,5.5722656670273945e-08,0.0292538621671962,0.013276109046549,1.5198085729240208e-06,0.1904618905760273,3.0,0.5573528355054176,-0.0428005428297774,0.1197510164334208,-0.5684445568616683,-0.0614808439169022,0.0140113643642018,0.0520286652009016,-0.1631181958183052,0.1618497223257144,-0.0438542310067944,-0.0914702581369247,-0.1239177489177488,-0.2028557360905957,-0.2508098102730216,-0.1705942622950819,-0.2580201649862511,-0.304851867754401,-0.2518484288354897,-0.3214585079631181,-0.3848784194528875,-0.4076106842297841,-0.4180445722501796,-0.3613412228796844,-0.3529176658673061,-0.3660924040720438,-0.3717500970120294,-0.3442689347914135,-0.4157343919162757,-0.332646331409728,-0.3761078998073217,-0.3298841059602648,-0.318028643639427,-0.2880386983289357,-0.2004938271604938,-0.3057461406518009,-0.2798042704626334,-0.2546040515653774,-0.2323376007586532,-0.1773373983739836,-0.1514675052410899,-0.2249880325514599,-0.2286803239637921,-0.2580201649862511,-0.2535730751498386,-0.2979184735472678,-0.2576799633195781,-0.2620783956244302,-0.2420411985018725,-0.2090864680019539,-0.2634212920837124,-0.266425011327594,-0.2515025427646785,-0.2466263378315494,-0.2106289614822037,-0.1701691440287032,-0.188471177944862,-0.1215409658166032,-0.1314377682403432
LSRL-L,22.0,0.1328488952321856,8.824378839918007e-07,0.0957460050369932,0.0002179236374708,0.2334605374482891,0.2463123245896728,-2.568799999999996,0.4926867482079687,0.0637040970993941,-0.0021118465316082,-0.0003711643461554,1.0,0.1075386676409694,0.2205631665215943,1.9459484060595962e-07,0.0065437233290836,6.580038411003779e-09,0.1034482758620689,-1.0327607172273367e-05,8.559746296101068e-07,0.0550799292096454,2.0,0.9820861907926888,-0.0221483942414175,-0.1910838359853969,1.191083835985397,0.1910838359853969,0.0221791385477866,0.0438587384030297,0.1910838359853969,0.301568534362354,0.0764525993883791,0.0186915887850467,-0.0797373358348967,-0.0648236415633937,-0.0891364902506962,0.0936454849498327,0.1446907817969662,0.1847826086956523,-0.3625730994152046,-0.3798988621997471,-0.3638132295719843,-0.3771428571428571,-0.3629870129870129,-0.3818525519848771,-0.36340038935756,-0.3613281249999999,-0.3562992125984251,-0.3317438692098092,-0.3321987746766507,-0.2722551928783382,-0.2195704057279236,-0.2727946627131208,-0.2781456953642384,-0.2590634441087612,-0.2017900732302684,-0.2952586206896551,-0.3106113843991567,-0.2997858672376873,-0.2738712065136935,-0.2442218798151001,-0.1499133448873482,-0.1379613356766257,-0.1714527027027026,-0.1185983827493262,-0.0966850828729281,-0.1272241992882562,-0.077140169332079,-0.0603448275862068,0.021875,0.0875831485587583,0.0936454849498327,0.0912124582869855,0.0756578947368422,-0.0189999999999999,0.014477766287487,-0.0050709939148071,0.0674646354733408,0.1876513317191284,0.1609467455621303
LTBQ-L^A22,23.0,0.0383183634438714,3.440515016778536e-06,0.3733017066721826,0.0893661809689833,0.2548441113148871,1.0042846411915614,-0.3514999999999999,-0.0573811875422936,0.0063402408679286,8.705038476270067e-05,-0.0116540300106639,1.0,0.3836477987421383,0.0354475195371528,1.154872232719007e-07,-0.0068024931304872,3.2143086117300312e-12,-0.0120481927710843,0.0174174379290324,9.211720007812102e-07,0.0491830065359477,5.0,0.0019597661695907,0.0162011936030584,0.0132322226848357,0.1549949836147329,-0.0011011001953344,0.0115163474296601,0.0145278969957081,0.0137600652329018,0.0636823442092308,-0.25,0.0,-0.2,-0.2,-0.2,-0.3333333333333332,-0.3333333333333332,-0.3333333333333332,-0.3333333333333332,-0.3333333333333332,-0.3333333333333332,-0.3333333333333332,-0.4285714285714286,-0.4285714285714286,-0.5,-0.5555555555555556,-0.6000000000000001,-0.6363636363636364,-0.6363636363636364,-0.6000000000000001,-0.5,-0.5,-0.5555555555555556,-0.5555555555555556,-0.5555555555555556,-0.5555555555555556,-0.5555555555555556,-0.6363636363636364,-0.6000000000000001,-0.6000000000000001,-0.6363636363636364,-0.6000000000000001,-0.6000000000000001,-0.5,-0.5,-0.5555555555555556,-0.5555555555555556,-0.5555555555555556,-0.5555555555555556,-0.6000000000000001,-0.5555555555555556,-0.5555555555555556,-0.4285714285714286,-0.4285714285714286,-0.4285714285714286,-0.5,-0.4285714285714286,-0.4285714285714286,-0.3333333333333332
LTBZ-L,20.0,0.0652926307602566,3.686855665723274e-07,0.0400030084320685,0.3172410016791998,0.5194132370917981,1.6861233663039332,0.4320000000000001,0.1001849536539398,0.0042028202646519,0.002127573350624,0.0086614887571109,1.0,0.1161850878965447,0.1202018115835127,6.989750857817611e-08,-0.0198836355419985,2.683793386596384e-11,0.0210355987055016,0.0372350768034221,1.6334342759009452e-07,-0.0408279637338197,3.0,0.0289529260946036,0.0422970685944194,0.0030514913356876,0.064093640184704,0.0260913405029189,0.0452380952380952,0.0653468208092485,0.0737717167943209,0.3788454203623876,-0.1132075471698113,-0.1001697792869269,-0.0701754385964913,0.0392156862745098,0.0311284046692608,0.0816326530612243,0.0707070707070707,-0.0363636363636363,0.1977401129943503,0.0443349753694579,-0.0685413005272408,-0.0718038528896672,0.06,0.0143540669856458,-0.0293040293040293,0.0621242484969939,0.1870100783874579,0.0984455958549221,0.0271317829457364,-0.0185185185185186,-0.0185185185185186,-0.0257352941176471,0.1336898395721926,0.2325581395348837,0.2848484848484849,0.2848484848484849,0.2018140589569159,0.2926829268292683,0.4133333333333333,0.5035460992907801,0.358974358974359,0.3383838383838384,0.3730569948186528,0.3984168865435356,0.3624678663239074,0.4722222222222221,0.5588235294117647,0.6257668711656443,0.5773809523809523,0.90990990990991,0.892857142857143,0.892857142857143,0.8027210884353742,0.90990990990991,0.8596491228070173,0.8275862068965518,0.8275862068965518,0.90990990990991,0.892857142857143
LTCD-L,19.0,0.009668784210316,1.3285542902398171e-06,0.1441503907218952,0.0275744358050445,0.1020058289045088,1.465627803430925,-0.0815,0.8632282400893787,-0.028894919172214,0.0030152918371742,0.0022941041523286,1.0,0.1677599741907732,-0.0453721823584838,-3.73217741544858e-08,-0.0405566600397614,4.4498765382425546e-12,0.18125,0.079028327140517,1.2205228845115624e-06,0.0772792022792023,4.0,0.0027872874482047,0.202923395497522,0.0459698968088163,0.0986489612234364,-0.1012328648746674,0.0098927624549879,0.0189810948295497,0.0920586039567003,1.6536866802719628,0.0,0.1999999999999999,0.1999999999999999,0.0909090909090908,0.1999999999999999,0.1999999999999999,0.1999999999999999,0.1999999999999999,0.0909090909090908,0.0909090909090908,0.3333333333333332,-0.0769230769230769,-0.0769230769230769,-0.142857142857143,-0.0769230769230769,-0.142857142857143,-0.142857142857143,-0.25,-0.1999999999999999,-0.25,-0.25,-0.142857142857143,-0.0769230769230769,-0.4,-0.4285714285714286,-0.4,-0.4545454545454546,-0.4,-0.4,-0.4,-0.4285714285714286,-0.4545454545454546,-0.4545454545454546,-0.4545454545454546,-0.4782608695652174,-0.4,-0.4,-0.2941176470588236,-0.25,-0.25,-0.25,-0.1999999999999999,0.0,0.0,0.0,0.1999999999999999,0.3333333333333332,-0.142857142857143,-0.25
LTCN-L,23.0,-0.0436526299552676,9.738353854898104e-07,0.1056627887534982,0.1218279456670527,0.2399577864256975,0.9176256541949336,-0.5455,0.4105722901733071,-0.0286129526453723,-0.0057331398886132,-0.0074366197183098,1.0,0.4167257264351523,0.1336813647804604,9.857670911421405e-08,-0.013456332623722,4.677051793154274e-12,0.086206896551724,0.0002570826263561,5.156258570157791e-07,-0.2617518917679431,3.0,0.0035109613843777,-0.1615948980784602,0.261137825098774,-0.2723024925611103,-0.3387979715757352,0.0091129032258064,0.0139379985198585,-0.3216577615695586,-0.0067168427305928,-0.6470588235294118,-0.15,-0.3928571428571429,0.0,0.4166666666666667,0.5454545454545456,0.8888888888888891,0.8888888888888891,0.8888888888888891,0.7,0.7,0.7,0.3076923076923077,0.1333333333333335,0.4166666666666667,0.4166666666666667,0.5454545454545456,0.3076923076923077,0.4166666666666667,0.5454545454545456,0.7,0.3076923076923077,0.4166666666666667,0.4166666666666667,0.8888888888888891,0.5454545454545456,0.4166666666666667,0.5454545454545456,0.2142857142857142,0.7,0.5454545454545456,1.125,0.8888888888888891,2.4,1.8333333333333333,2.4,2.4,1.4285714285714284,1.8333333333333333,1.8333333333333333,1.125,1.125,0.4166666666666667,0.4166666666666667,0.4166666666666667,-0.0555555555555554,-0.15,-0.3703703703703703,-0.2608695652173912
LTCQ-L,25.0,0.3380417889829046,8.551513397559407e-08,0.0092785368770981,0.198303054970687,2.427649505234476,3.5376565068077084,10.94,0.5393764634010569,0.0608037883700255,0.0295976515282334,0.0452434686149256,1.0,0.2671255653099228,0.3445059842118664,6.041167736605364e-08,0.0242055402916875,3.926944131167683e-10,0.1132516053706946,0.2478213319518792,3.2140806113533564e-08,0.3211417634086464,4.0,0.2777428953442439,-0.1927876827636247,-0.0343275428411855,-0.2324109157407863,0.2747632258678342,0.1411437765101653,0.1941925708468477,0.3905663002643662,0.4119599838402666,-0.0470219435736677,-0.003125,-0.1799485861182519,-0.1138888888888889,0.0777027027027026,0.0510708401976933,0.0722689075630251,0.3347280334728033,0.3839479392624727,0.3545647558386411,0.3809523809523807,0.2115457652867451,0.5212207916070577,0.3960612691466081,0.6675378985886042,0.903341288782816,0.9887780548628428,1.6583333333333332,2.379237288135593,2.26844262295082,2.2551020408163263,2.58830146231721,2.843373493975903,3.4677871148459385,4.186991869918699,4.896487985212569,5.38,4.97378277153558,5.367265469061876,5.980306345733041,5.431451612903226,5.787234042553191,5.577319587628867,5.076190476190476,4.97378277153558,4.452991452991453,4.325542570951585,4.789473684210527,4.737410071942446,4.596491228070175,4.452991452991453,5.304347826086957,5.206225680933852,5.291913214990138,5.41851106639839,5.279527559055118,5.38,5.134615384615384,4.8639705882352935
LTDS-L,15.0,-0.0070881190507115,7.33297779092438e-07,0.0795640510502526,0.0878209684179833,0.1440760284581659,0.7609843687586371,3.034,-0.4574639675246795,0.0833777569685381,0.0051815562424839,0.0016218278954398,1.0,2.569217540842648,-0.0098769685745869,-5.188553062928413e-09,-0.0771852072548508,5.641382542213586e-11,-0.0960526315789473,-0.0107898985025884,4.045901838188832e-07,-0.0019932334968134,4.0,0.0264433135660964,-0.382421188427332,-0.0057296807792193,0.705177024099648,0.1349043280250987,0.0032137559742899,0.0051136363636363,-0.294822975900352,1.6536866802719628,-0.0798319327731091,0.0,-0.0165289256198347,-0.0165289256198347,0.0818181818181817,0.1609756097560977,0.367816091954023,0.3999999999999999,0.3837209302325581,0.367816091954023,0.3522727272727273,0.3076923076923075,0.4166666666666667,0.4874999999999998,0.5063291139240504,0.6301369863013699,0.6301369863013699,0.6301369863013699,0.4691358024691356,-0.048,-0.0555555555555555,-0.0666666666666666,-0.0205761316872429,-0.2347266881028938,-0.232258064516129,-0.3238636363636363,-0.3314606741573034,-0.2562500000000001,-0.232258064516129,-0.2937685459940653,-0.3160919540229885,-0.32,-0.2916666666666666,-0.3238636363636363,-0.3160919540229885,-0.3497267759562842,-0.3532608695652174,-0.2979351032448378,-0.2013422818791946,-0.1217712177121771,-0.1250000000000001,-0.0205761316872429,-0.0846153846153846,0.0438596491228071,0.0530973451327434,0.0484581497797356,0.0530973451327434,0.0624999999999997,0.0347826086956521
LTEG-L,23.0,0.2656686348041171,2.522256642852996e-07,0.0273669117806638,0.0557363614155916,0.3116851820613538,1.0635124080614933,0.3519999999999998,0.9901274913547868,0.0087388356279962,0.0013555319916481,0.3737320648799328,1.0,0.0751686190983315,0.4398544592993738,2.3277534537301776e-08,0.0645698060880857,5.3345449723115564e-11,0.2078947368421053,0.1535945104923003,1.2397688415052985e-07,0.0156895127993394,5.0,0.0948387075290383,0.1635655008939676,0.0091216792841858,-0.0611215302848096,0.0778057312496292,0.0186318180217613,0.0260489101672594,0.1552618823596499,0.4218459526980058,0.1966101694915252,0.0573476702508961,0.1216730038022815,0.1389961389961391,0.0669077757685352,0.1216730038022815,0.0535714285714286,0.0260869565217392,0.0727272727272727,0.191919191919192,0.3594470046082951,0.2910284463894967,0.4861460957178842,0.4824120603015076,0.671388101983003,0.745562130177515,0.8730158730158732,0.9155844155844156,0.9407894736842106,1.03448275862069,0.903225806451613,0.9666666666666668,1.0996441281138791,1.3600000000000003,1.388663967611336,1.295719844357977,1.2868217054263569,1.2605363984674334,1.226415094339623,1.226415094339623,1.0068027210884356,1.0996441281138791,1.03448275862069,1.0921985815602842,0.9666666666666668,0.7717717717717718,0.7404129793510326,0.671388101983003,0.8153846153846156,0.8553459119496856,0.9601328903654488,0.7824773413897281,0.8098159509202456,1.0486111111111112,1.0701754385964914,1.610619469026549,1.5106382978723405,1.554112554112554,1.3983739837398377
LTIB-L,22.0,0.1071632991815008,2.790997382884364e-07,0.0302827943278061,0.4132873773432279,0.2272522217711011,1.9146763402627505,-0.5714999999999999,-0.1727381863319823,0.0025913267315831,0.0018706507370363,0.0010584888619594,1.0,0.1479233226837061,0.183875055911734,8.446543510684333e-08,-0.0086243777884921,9.166781026106935e-11,-0.0362694300518135,0.0304075324823994,4.008153793272303e-07,0.0593645484949833,4.0,0.0319946271924166,0.0170522014562109,0.0781188213032615,-0.2896320298537143,-0.104227198648301,0.0271218642161994,0.0660715972419004,-0.078824825050512,0.3626686976709631,0.0465116279069768,0.032,0.0078125,-0.0019342359767891,-0.0227272727272727,0.0019417475728153,0.0117647058823531,0.025844930417495,0.0794979079497908,0.1096774193548386,0.1266375545851528,0.1595505617977528,0.1862068965517243,0.2141176470588235,0.0794979079497908,0.0750000000000001,0.0382293762575454,0.0794979079497908,0.0217821782178218,0.0573770491803278,0.0530612244897958,-0.0444444444444445,-0.0227272727272727,0.0117647058823531,0.0863157894736843,0.134065934065934,0.0530612244897958,0.0217821782178218,0.0978723404255319,0.0863157894736843,-0.0444444444444445,-0.0038610038610037,0.0530612244897958,0.0530612244897958,0.0530612244897958,0.1025641025641026,0.0705394190871369,0.034068136272545,0.0197628458498024,0.025844930417495,0.0157480314960629,0.1217391304347828,0.167420814479638,0.2585365853658539,0.4742857142857144,0.3945945945945945,0.3796791443850267,0.9253731343283582,1.4571428571428573
LTIY-L^A22,23.0,-0.0320112985096253,1.6184000706486014e-06,0.1755991488208036,0.0890474784593566,0.3390750266834659,0.633148265225605,5.1822,-0.0859076908079298,0.3596041799835872,0.0075245487419242,-0.0578042879847705,1.0,0.0873615288653264,0.0307614991687459,1.344460585088865e-07,-0.2966502999783449,2.522108687505198e-11,-0.0180378354597447,-0.0716414166434237,8.422117472865991e-07,-0.1334250076020737,4.0,0.0193121728809432,-0.0273817603070398,0.0651916400830663,0.1756121928003115,0.3341687323048772,0.0218655749221768,0.0332443539201432,0.2673934602227237,0.3154270803788914,0.2903225806451615,-0.3111111111111111,-0.1842105263157895,0.0333333333333334,0.0333333333333334,0.0333333333333334,0.0,0.1481481481481481,0.4090909090909091,0.5499999999999998,0.7222222222222223,1.8181818181818183,1.5833333333333337,1.214285714285714,1.3846153846153846,1.214285714285714,0.8235294117647058,0.5499999999999998,0.4761904761904763,0.5499999999999998,0.5499999999999998,0.0689655172413794,0.0333333333333334,0.0333333333333334,0.8235294117647058,0.8235294117647058,0.7222222222222223,0.631578947368421,0.5499999999999998,0.9375,0.4090909090909091,0.4761904761904763,0.2916666666666667,0.2916666666666667,0.1923076923076923,0.1481481481481481,0.1071428571428569,0.1071428571428569,0.631578947368421,0.9375,0.9375,0.1071428571428569,0.0,0.0333333333333334,0.0,-0.1388888888888888,1.3846153846153846,1.5833333333333337,0.4090909090909091
LTIZ-L,23.0,0.0671588473446059,2.958452684169164e-07,0.0320997127093875,0.0355318160705991,0.1026894865525672,2.2898512656270635,-1.9000000000000004,-0.7239210620335753,0.0115986007151833,-0.0019897003745318,-0.0109861881002499,1.0,0.1443932411674347,0.0628930817610061,8.315177662605638e-08,-0.0117511520737321,3.865245211332464e-09,-0.1519999999999999,-0.1150273874732078,1.6652237371691817e-06,0.0697216755693,5.0,0.0642427885183925,-0.0427784646510058,-0.0473169984552577,-0.1500103653497876,0.0368752342858938,0.010265565721937,0.0680473372781065,-0.0218377765173001,0.6527710580020906,-0.1071428571428571,0.1023622047244092,-0.0140845070422535,0.0769230769230768,0.0370370370370369,0.0606060606060605,0.0852713178294573,-0.0604026845637584,-0.1139240506329114,-0.0909090909090909,-0.2,-0.393939393939394,-0.3805309734513274,-0.3665158371040724,-0.323671497584541,-0.2045454545454545,-0.2631578947368421,-0.2708333333333333,-0.2631578947368421,-0.2746113989637305,-0.2708333333333333,-0.2708333333333333,-0.1358024691358026,-0.2265193370165746,-0.1907514450867052,-0.2432432432432433,-0.2746113989637305,-0.1250000000000001,-0.1358024691358026,-0.1025641025641026,-0.0789473684210526,-0.1025641025641026,-0.1304347826086958,-0.1812865497076023,-0.0967741935483872,-0.1566265060240964,-0.0967741935483872,-0.119496855345912,-0.0849673202614379,0.1864406779661016,0.1382113821138211,0.3592233009708736,0.4432989690721649,0.5053763440860213,0.4893617021276595,0.4285714285714286,0.7073170731707317,0.7499999999999998,0.7499999999999998
LTKO-L,8.0,0.0040302475233449,3.6377172040907e-06,0.3946984780055765,0.0803643745988328,0.2983382642323327,0.6504608327256205,3259.5068,-0.6029716211636063,0.0528133247398708,-0.0002050102950724,-0.0343191414693945,1.0,0.048155469592237,0.0063925968094062,3.983078835538701e-07,-0.044526077638996,7.01432433420176e-05,-0.1266045308302099,-0.0277925759282357,1.923964625265149e-06,-0.0053708236791844,3.0,11.6144982862233,-0.0427693874445965,0.0491519600128702,0.0690592660884582,0.30555160586832,0.0212546097754367,0.0329070232506275,0.1055236588442066,0.3674296521039151,-0.0981912144702842,0.0602739726027397,0.0211081794195251,0.1483679525222552,0.1282798833819241,0.1282798833819241,0.1217391304347825,0.1656626506024097,0.1184971098265896,0.0840336134453783,0.0749999999999999,0.1834862385321101,0.1517857142857144,0.1944444444444444,0.2364217252396168,0.2524271844660195,0.311864406779661,0.2564935064935065,0.2169811320754717,0.0544959128065396,0.0810055865921788,0.048780487804878,-0.0051413881748072,-0.0583941605839416,0.0184210526315791,0.0631868131868131,0.1656626506024097,0.2688524590163936,0.2564935064935065,0.1798780487804878,0.311864406779661,0.0994318181818181,0.29,0.4175824175824176,0.6058091286307052,0.548,0.4280442804428044,0.4021739130434785,0.4659090909090908,0.3674911660777384,0.3578947368421052,0.1656626506024097,0.131578947368421,-0.0076923076923076,0.1762917933130698,0.1834862385321101,0.4333333333333333,0.294314381270903,0.0870786516853932
LTKR-L^F23,17.0,-0.0348186261339829,1.0869268784383315e-06,0.1179334072864519,0.0871962124098559,0.5297856846222999,2.4665203440634533,249.4453000000001,-0.9755998474166244,0.0050564760814207,0.0020465920687826,-0.0256085349883346,1.0,0.0900411441017299,0.0271505193668449,1.6553608044957113e-07,-0.0975628624602681,6.696822760466407e-05,-0.2048444016682707,-0.0112165877921453,4.434949115646258e-07,-0.15905792629429,3.0,11.882217542382888,-0.0127086628174703,0.0199031241028414,0.347498210682574,0.1668999068940713,0.0268629332265593,0.0388199412649014,0.1911036095562199,0.4057391192604885,-0.0572193408064246,0.0303395966212722,0.016669501615921,0.1120000000000001,0.0950897764748992,0.1384761904761906,0.1717310331307588,0.2369619205298014,0.2192982456140351,0.237217967294556,0.2749573378839591,0.4093374204197124,0.4170222854433381,0.4754381634164406,0.5185467479674797,0.5337439055683861,0.663049526989427,0.5820539968237164,0.6149689273169416,0.5557001561686621,0.3935649335509443,0.3822849213691026,0.3562514181983209,0.3101709776413854,0.5055415617128463,0.4846000993541979,0.5642501962836954,0.7783397798274325,0.8178223844282237,0.8771984924623117,1.2120651369356032,1.0688819660782278,1.2087952697708797,1.2821687667048494,1.5829732065687123,1.7379752633989924,1.3411672542107325,1.4536124794745486,1.7131184748070811,1.4708557255064076,1.3393346379647748,1.133119200571021,0.9667653833497862,0.7762258543833582,0.8777882500785426,0.8920544476100032,1.2436186186186189,1.3356779992184449,1.0219891745602163
LTKS-L,22.0,-0.0601845660024074,-6.46719528235822e-07,-0.0701701641909157,0.1363312935818983,-0.103831417624521,0.6842579905118095,0.4485,-0.7003880244132891,0.2394725230775712,0.0001546391752577,-0.1312104295284382,1.0,4.089285714285714,0.4925723221266616,-2.224051180130001e-07,-0.0598455598455596,7.551713748611008e-14,-0.1470588235294117,0.000401230440016,1.83700190773114e-06,0.0807174887892377,2.0,0.0016598248584441,2.4611123063683302,-0.0734770090767175,-0.3104025670215295,0.0939372733822296,0.0091483160621761,-0.0143401015228426,-0.0979289940828402,1.6536866802719628,-0.3333333333333332,-0.25,-0.25,-0.25,-0.25,-0.25,-0.25,-0.25,0.0,-0.25,0.0,0.0,-0.25,0.0,-0.25,-0.25,-0.25,-0.25,-0.4,-0.4,-0.25,-0.25,-0.4,-0.5,-0.5,-0.5,-0.7272727272727273,-0.7857142857142858,-0.8333333333333334,-0.7857142857142858,-0.8235294117647058,-0.85,-0.8,-0.8125,-0.8333333333333334,-0.8125,-0.8125,-0.8235294117647058,-0.8235294117647058,-0.8333333333333334,-0.8421052631578947,-0.85,-0.875,-0.875,-0.8421052631578947,-0.8571428571428572,-0.875,-0.8888888888888888,-0.875
LTLC-L,8.0,0.0158806226185064,1.0962965647713402e-06,0.1189500341234335,0.0242235253238437,0.1942767166710155,0.7027584047452247,-33.4925,14.25136521601288,-0.0005141489517048,-0.0011328576254363,-0.0337899398007071,1.0,0.1483657600860086,-0.1168224053611584,6.281595662178465e-08,-0.1004852896106065,1.0635291385919205e-07,2.9923255813953493,-0.068159127210853,1.7566316712130117e-06,0.1204160117062135,4.0,0.7157919270307541,-0.0662015676805253,-0.0085117468528589,-0.1655716182440793,0.1506075093643967,0.0027633645329136,0.0068874711221651,-0.0770732164948406,0.5172295462032449,0.0277227722772277,0.0059760956175298,0.0243407707910749,0.0954446854663773,-0.0489642184557438,-0.0630797773654916,0.0433884297520661,0.1451247165532878,0.0243407707910749,-0.0269749518304432,0.0079840319361277,0.0433884297520661,0.0520833333333332,-0.0417457305502846,-0.0733944954128441,-0.0595903165735568,0.0243407707910749,-0.0966010733452593,-0.1382252559726963,-0.1694078947368421,-0.2360060514372164,-0.2254601226993865,-0.2371601208459215,-0.2485119047619047,-0.22782874617737,-0.1958598726114649,-0.1367521367521367,-0.0949820788530466,-0.1308089500860585,-0.2206790123456791,-0.1569282136894825,-0.1748366013071896,-0.1583333333333333,-0.0578358208955225,0.079059829059829,0.0,-0.0595903165735568,-0.1202090592334494,-0.0507518796992482,0.0907127429805616,-0.017509727626459,-0.1555183946488295,-0.1666666666666666,-0.1483979763912309,-0.0966010733452593,-0.1155866900175132,0.0222672064777327,-0.1323024054982818,-0.3623737373737373
LTLD-L,8.0,0.0659438299870353,4.630741296056901e-06,0.50244327391252,0.2148921168195951,1.2902616678301264,0.5181181759888421,1922.6336,-0.607839940515992,0.2990507745979176,0.0075035022983324,-0.1224623665567307,1.0,0.0452706703927508,0.0798599758922985,8.964524739554231e-07,-0.0424464373426683,2.450979441887676e-06,-0.127626720375965,-0.0301715146412091,7.479102884152865e-07,-0.0035286560705423,3.0,3.013338356297555,-0.0229958398661191,0.0463115000948398,0.1923601355250295,0.2475067219325351,0.0432564352113283,0.0501927699987525,0.169953375132616,0.3666445205331992,-0.0740740740740741,0.0519480519480519,0.0062111801242235,0.0,-0.0769230769230767,-0.0498533724340175,-0.0635838150289016,-0.0270270270270269,-0.0689655172413792,-0.1024930747922436,-0.097493036211699,-0.0716332378223495,-0.0608695652173912,-0.1496062992125983,-0.1518324607329841,-0.1049723756906076,-0.0470588235294117,-0.0442477876106194,-0.1123287671232875,-0.1451187335092347,-0.2135922330097087,-0.2173913043478259,-0.2322274881516587,-0.2097560975609754,-0.1336898395721925,-0.0847457627118644,-0.1266846361185983,-0.0873239436619717,-0.0608695652173912,-0.1627906976744185,-0.0526315789473683,-0.1024930747922436,-0.2058823529411764,-0.1451187335092347,-0.0270270270270269,0.0351437699680512,-0.0385756676557863,-0.097493036211699,-0.0357142857142855,-0.018181818181818,-0.0821529745042491,-0.1540469973890339,-0.1920199501246882,-0.3319587628865978,-0.2230215827338129,-0.1451187335092347,0.0622950819672132,0.1868131868131868,-0.1243243243243242
LTLX-L,23.0,0.0195119774820453,4.638618168889102e-07,0.0503297927956219,0.1159002579901027,0.1318281075992124,1.4162582276752769,-20.143200000000004,0.1791996250303106,0.0057869339629344,-0.0042766811969632,-0.0024616841610865,1.0,0.1561749238696211,0.0656650484374945,5.586898753203402e-08,-0.0435184951537709,2.265561474962263e-07,0.0376261231136052,-0.0382127575042494,8.307403501459218e-07,-0.0042488634397456,5.0,1.3522881508670823,0.1674202852497177,-0.013950463315286,-0.0323257431008928,-0.0366756721529098,0.004834580138352,0.0137901298485682,0.0917430344888948,0.5348718415739351,-0.0915360501567397,-0.0683411214953272,-0.2025,-0.1752843846949328,-0.1250685682940209,-0.1187845303867404,-0.1279387643521049,-0.0645161290322581,-0.0634174985320024,-0.103932584269663,-0.2068622575832919,-0.2426400759734093,-0.2076502732240437,-0.1692708333333333,-0.1168327796234772,-0.1443133047210301,-0.1148723640399556,-0.0753623188405797,-0.0298053527980536,0.0932145305003426,0.0626249167221852,0.0521108179419524,0.0902255639097744,0.1719324026451139,0.2688941925218773,0.1224489795918366,0.1876396128071482,0.2120060790273554,0.1753868828297715,0.2608695652173911,0.2852538275584206,0.2259800153727902,0.2729449321628092,0.375,0.4152617568766636,0.2451209992193597,0.3052373158756136,0.3562925170068027,0.4579524680073126,0.3714531384350814,0.2431800467653935,0.177121771217712,0.108408617095205,0.0962199312714775,0.1867559523809523,0.4421338155515368,0.5440464666021296,0.4165186500888098,0.3881636205395995
LTMB-L,23.0,0.0347770113517127,3.331508313631806e-07,0.0361474294751311,0.0691915328229351,0.0950323727040625,0.8173139711985039,-19.588899999999995,0.3680688324365247,-0.0014534322224466,0.0012943435287613,0.0394180285580391,1.0,0.1354872794628682,0.0921398291824387,4.472728889995786e-08,-0.0233264337690061,3.3100082353410066e-06,0.0772825456593179,0.0296399360980532,1.2294652624948343e-06,0.0083347493913075,4.0,5.426501297189482,-0.0295025122019729,0.0032030504339618,-0.0321816306294972,-0.021134814242843,0.0058266689919485,0.0339132730184153,0.0389935933117596,1.3026440669880337,-0.0191744730679155,0.011099600414385,-0.0223239839725243,-0.079245283018868,-0.0807319698600645,-0.0589531680440771,-0.0621825669183253,-0.0798653198653199,-0.0717391304347826,-0.0519011934499029,-0.093177594903106,-0.0670490236241978,-0.0339366515837105,-0.0226037195994279,-0.0327056491575817,-0.1011708985659782,-0.0678127984718244,-0.0393700787401576,-0.059600825877495,0.0470498084291186,0.07286432160804,0.1065759637188206,0.2316567513971514,0.2128528315284927,0.2658884565499351,0.0787936207168797,0.0793048973143759,0.1307514068189339,0.0989223097957212,0.1067552243641665,0.1869353717859623,0.2077072653349831,0.2575004601509294,0.3023255813953487,0.2549595885378397,0.2902738432483474,0.2971330928422251,0.3156171769689966,0.4617030380830123,0.5387387387387386,0.4679845294370433,0.511838902412038,0.5182222222222221,0.4848945881330144,0.4483782064871737,0.5002195871761088,0.5527272727272725,0.6894164193867458,0.5669724770642199
LTNM-L^C20,8.0,0.1649596935894789,9.089173750612984e-07,0.0986190746675132,0.1302217350821072,1.1423819375626605,1.010287870349822,1.813200000000002,-0.2090914492394798,0.0451204588868424,-0.0153853861097349,0.1349404841652207,1.0,0.0942381627987326,0.1266501100073336,2.189012186741748e-07,0.1259206387977034,1.4524310840643823e-09,-0.0439024390243903,0.1494223219754824,2.5049006190631125e-07,0.1274942865244919,2.0,0.1129075619523707,-0.272106438816699,0.0328277941053744,-0.0619117445989214,0.2896442499150194,0.038635266339767,0.0509503547899552,-0.1457043300259594,0.4236565583270812,0.005427408412483,0.0179558011049723,0.0221914008321775,0.0095890410958905,0.0278940027894003,0.0293296089385475,0.1426356589147286,0.5195876288659795,0.5680851063829786,-0.1205250596658712,-0.0878712871287128,-0.1349765258215961,-0.1359906213364594,-0.1499423298731257,-0.148960739030023,-0.1681715575620767,-0.1518987341772151,-0.1709786276715411,-0.1728395061728395,-0.1719101123595505,-0.1997828447339849,-0.1783723522853958,-0.1288416075650119,-0.1288416075650119,-0.0694444444444444,-0.0990220048899754,0.1132930513595165,0.507157464212679,0.6233480176211454,0.6021739130434784,1.3621794871794872,1.4006514657980458,1.324921135646688,1.281733746130031,1.3546325878594252,1.416393442622951,0.6561797752808989,0.8197530864197531,0.7888349514563107,0.4118773946360154,0.2262895174708818,0.3160714285714288,0.2121710526315789,0.2161716171617163,0.507157464212679,0.5849462365591396,0.7931873479318734,1.489864864864865,2.008163265306122
LTQX-L^H22,20.0,-0.0348043087509035,6.972608459326703e-07,0.075653982765078,0.1035392131104286,0.8392907064319999,1.8909817212875104,-84.25640000000001,-2.713594524813442,0.0024778548013628,0.0105187121744166,-0.033614180643453,1.0,0.1289881422704479,-0.0325537452068826,1.83820780177478e-07,-0.1077478706339487,3.37411889614594e-07,-0.5697670497567495,-0.0590147309366332,3.0697369695716053e-07,-0.0395198414737923,3.0,1.578096792702695,0.1556768368879698,0.0362309691255648,0.2463610719291417,0.0490923471206825,0.0328548461394016,0.0465714221910828,0.1554835120466547,0.5759608013123566,-0.0750708215297449,-0.0328767123287671,-0.0902061855670103,-0.0235131396957124,-0.0235131396957124,0.06006006006006,-0.0574098798397865,-0.0139664804469274,-0.0014144271570014,-0.0983397190293742,-0.045945945945946,-0.0221606648199446,-0.0315500685871056,-0.043360433604336,-0.0420624151967435,0.0231884057971012,0.2495575221238937,0.2299651567944249,0.3001841620626151,0.1825795644891121,0.0367107195301028,0.0474777448071215,0.0246734397677794,0.2429577464788732,0.2562277580071173,0.2977941176470586,0.5347826086956522,0.575892857142857,0.5550660792951541,0.913279132791328,1.1590214067278288,1.1590214067278288,1.30718954248366,1.9416666666666664,2.223744292237442,2.1238938053097347,1.5304659498207882,1.2412698412698413,1.5766423357664232,1.5487364620938626,1.7364341085271318,2.2534562211981566,1.9663865546218489,1.881632653061224,2.151785714285714,2.44390243902439,3.4125,3.5844155844155843,2.477832512315271
LTRU-L,21.0,-0.0400419768108312,4.2229042584580667e-07,0.0458192264561505,0.1204746630707242,0.6859229343502437,2.243440364205909,83.01479999999998,-0.4890124712349242,0.0324278320884235,-0.0010131247541132,-0.0377608911422618,1.0,0.1202584509602791,-0.0681925272408627,1.624138101923357e-07,-0.0921740306230689,7.256658846066059e-07,-0.1026767965818088,-0.0551499671691672,2.982666518442254e-07,0.0029480157963983,3.0,3.0397620832485868,0.0694137563428295,0.0780710610447833,0.2445189443857336,0.115507321899957,0.0504523192325237,0.0843212668001824,0.2704422788067629,0.3591115829565897,-0.0301075268817205,0.0016155088852989,-0.110047846889952,-0.0287206266318535,-0.0461538461538461,0.0054054054054055,-0.0466427473090722,0.0163934426229508,0.0502540937323545,-0.0122145512480082,-0.0116896918172156,-0.0163934426229507,0.119807344972908,0.0770121598147077,0.0622501427755568,0.0191780821917808,0.1772151898734177,0.2342402123424021,0.2567567567567568,0.2653061224489796,0.1668757841907153,0.1869814932992981,0.1938382541720154,0.2293456708526107,0.2653061224489796,0.4209320091673034,0.7680608365019013,0.8128654970760236,0.7613636363636365,0.8979591836734695,1.1453287197231834,1.0151679306608885,1.0782122905027935,1.5941422594142265,2.0491803278688527,2.223570190641248,1.680115273775216,1.3604060913705585,1.5514403292181074,1.40620957309185,1.2436670687575395,1.177985948477752,1.012987012987013,1.1232876712328768,1.0643729189789126,1.1428571428571432,1.162790697674419,1.520325203252033,1.4093264248704664
LTSE-L,21.0,0.0824173387323359,5.903952054516738e-07,0.0640588797698511,0.1348758840129805,0.0301599116880162,0.1099175701355683,23.971100000000007,-0.1443223807881931,0.0043957441065088,-0.0007561611422234,0.1279417449425919,1.0,0.2058374660520395,0.0907291769005058,1.0299458716766905e-07,-0.0081603501172078,7.15583868687807e-08,-0.0303030303030303,0.0020177429247217,4.130887993938466e-06,0.0813565852163751,2.0,2.432533566360295,-0.0184744315585069,-0.0867842770959333,0.0867842770959333,0.0867842770959333,0.0055587484609102,0.0451768821133945,0.0867842770959333,0.1758327166649119,0.0052049446974626,0.1334808259587019,0.1326455416359615,0.1186317321688499,0.1393624907338768,0.1393624907338768,0.0505809979494189,-0.050061804697157,-0.0357590966122961,-0.0667880995749847,-0.0315059861373661,0.0267201068804274,0.1113521330441069,0.1318114874815905,0.0280936454849498,-0.003242542153048,0.0962910128388017,0.2992392223161453,0.2959527824620573,0.2691990090834022,0.3411867364746943,0.1905499612703329,0.278702163061564,0.3601769911504422,0.4364485981308412,0.4075091575091574,0.4778846153846152,0.5308764940239044,0.8451380552220886,0.7585812356979404,0.8297619047619047,0.8789731051344742,0.8167848699763591,1.0384615384615383,1.1556802244039268,1.3866459627329188,1.3252647503782145,1.3829457364341082,1.4319620253164556,1.3537519142419598,1.4015624999999998,1.4015624999999998,1.1957142857142855,1.1894586894586894,1.4474522292993628,1.978682170542636,1.8568773234200744,1.9500959692898272,2.305376344086021
LTTR-L,21.0,0.026159310751793,6.529968584983355e-07,0.070851265156589,0.147576768357277,0.6647818237673581,0.8510990380337832,67.7414,0.2904047906103874,0.0461281931167245,1.5661892713554536e-05,0.0487143842570959,1.0,0.1620532279833399,0.0095071172595698,3.3935077764308666e-08,-0.0503024159271879,1.2640559932874106e-08,0.0609756097560974,0.0413950713814873,1.0765565006602917e-07,0.133063712966892,4.0,0.8200569009023501,-0.0790508626485162,0.0006344855087789,-0.0926556808337572,-0.0074107787071337,-0.0152791764445224,-0.0179589932134214,-0.0189655872075539,0.363036625830102,0.0032051282051281,0.1087420042643922,0.1158798283261801,0.0970464135021096,0.1386861313868612,0.141185076810534,0.0663021189336978,0.06703146374829,0.0692254969156955,-0.0219435736677116,-0.1728525980911983,-0.1983556012332991,-0.180672268907563,-0.168,-0.1693290734824282,-0.2215568862275448,-0.2693208430913349,-0.2438196800775569,-0.2085235920852359,-0.1657754010695187,-0.1423859263331501,-0.1433278418451401,-0.0807307012374778,-0.0725326991676575,-0.0025575447570332,-0.1065292096219931,-0.0188679245283018,0.0045074050225371,-0.0101522842639594,0.0427807486631015,0.0916724982505248,0.1166785969935575,0.1239193083573486,0.25,0.1403508771929824,0.1990776325903152,0.3098236775818639,0.4471243042671615,0.4786729857819904,0.5902140672782874,0.5204678362573099,0.6335078534031413,0.5309126594700688,0.3793103448275861,0.609907120743034,0.6595744680851063,0.8352941176470587,0.826697892271663,0.6149068322981366
LTUC-L,20.0,-0.1350624142180424,2.573753744333592e-07,0.027925664054019,0.0400068025407203,0.745920272939834,2.466615776584427,37.36809999999997,3.649529607340631,0.0514979846624753,-0.0016628340130206,-0.0207527298837189,1.0,0.1167483518664885,-0.101023197095812,1.842502181096821e-07,-0.0461685843861356,3.681506475857516e-07,0.7662831341824498,-0.0170620788549837,2.690538397932515e-07,-0.1657739514598929,3.0,2.4556140897090155,0.0695188803471372,0.0669933180591265,0.0699133980040533,0.0990098172596518,0.0910091848575854,0.1984739024861185,0.1605240673980027,0.3773404827866806,-0.0569675723049956,-0.0578034682080924,-0.0980237154150197,-0.0871999999999999,-0.0761133603238866,0.0205724508050089,-0.0459866220735786,-0.0078260869565217,0.0623836126629422,-0.0305862361937128,-0.0272804774083547,0.000877192982456,-0.0034934497816593,-0.0231164383561643,-0.0069625761531766,-0.0483736447039199,0.0825426944971539,0.1034816247582204,0.141,0.0784499054820415,-0.0395622895622895,-0.0411764705882352,-0.1022816679779701,-0.0768608414239481,-0.0554635761589403,0.0052863436123349,0.183609958506224,0.2951191827468784,0.2820224719101123,0.3948655256723716,0.6417266187050359,0.4406565656565657,0.4993429697766096,0.9048414023372288,0.9740484429065744,1.0123456790123455,0.6093088857545841,0.5072655217965654,0.6512301013024602,0.5958041958041957,0.600280504908836,0.6878698224852071,0.4954128440366974,0.5566166439290587,0.5274431057563589,0.5315436241610738,0.8139904610492845,0.9504273504273506,0.9504273504273506
LTUD-L,19.0,0.0405269070830158,6.982745684576371e-07,0.0757639733760234,0.113936034013314,0.1177124218565265,1.2806840047188144,-4.8081,0.426382710031343,0.0519586223387574,-0.0031587474856659,0.0328432572383084,1.0,0.1088083371181583,0.1772408061920105,6.607082306697749e-08,0.046039152162958,7.192707167407871e-09,0.0895265731635229,0.1731732558307778,1.3697531163661577e-06,-0.0168133552160034,5.0,0.1922772252785404,0.1612122106246885,0.0343033706842194,0.1162077997125961,0.1092227978712536,-0.0008716254921346,-0.002592789751883,0.2325418578225745,0.0197263505152492,-0.3265060240963856,0.0600255427841636,-0.0382387022016222,-0.1469681397738951,-0.0726256983240222,0.0209102091020909,-0.0578887627695799,-0.1565040650406503,-0.1708291708291707,-0.185475956820412,-0.2357274401473295,-0.1790306627101878,-0.1539245667686034,-0.3140495867768594,-0.3257514216084484,-0.3268450932684509,-0.1381100726895119,-0.1372141372141371,-0.0968443960826984,0.0586734693877553,0.0375,0.1185983827493262,0.2081513828238719,0.1690140845070424,0.133879781420765,-0.1790306627101878,-0.0767519466073414,-0.1398963730569947,-0.1075268817204301,-0.0189125295508274,-0.068462401795735,0.0272277227722772,0.1401098901098902,0.0807291666666667,0.1479944674965423,-0.1281512605042015,-0.1918208373904575,-0.3129139072847682,-0.2169811320754716,-0.193391642371234,-0.2602495543672014,-0.2162417374881963,-0.2162417374881963,-0.228624535315985,-0.2509025270758122,-0.3060200668896321,-0.2206572769953051,-0.2057416267942582,-0.2826274848746758
LUFX-L^B20,22.0,0.0775806381530351,3.079915508328619e-07,0.0334176049242108,0.0299077109959285,0.2382738410754076,2.333507224665341,2.093,-0.2501026536010828,0.0068072825070971,-0.0005440614864419,0.069816509896249,1.0,0.2653716355255577,0.007807290159417,6.638367157000565e-08,-0.0558440182261311,2.255903849021385e-09,-0.0525134649910233,-0.0189070579204264,4.072113764443448e-07,0.1371247872608866,3.0,0.1462353839339649,0.074708662547515,-0.0295695589531619,0.1156720525718544,0.0369087709575159,0.0239047626728172,0.055510471612722,0.1156720525718544,0.2051782245796191,-0.0116279069767442,-0.0227272727272727,-0.1041666666666666,-0.0227272727272727,0.048780487804878,-0.0171428571428571,-0.0171428571428571,-0.0057803468208093,0.0238095238095237,0.0238095238095237,-0.0057803468208093,-0.0171428571428571,0.0749999999999999,0.131578947368421,-0.0391061452513966,0.0238095238095237,0.1466666666666667,0.1025641025641024,0.0177514792899409,-0.0337078651685394,0.1241830065359477,0.0238095238095237,0.0058479532163742,0.048780487804878,0.0886075949367088,-0.0227272727272727,-0.144278606965174,-0.1485148514851485,-0.0549450549450549,0.0617283950617282,0.0177514792899409,0.1096774193548386,0.0424242424242424,-0.0994764397905758,-0.0549450549450549,-0.1650485436893204,0.0117647058823529,-0.0391061452513966,0.0749999999999999,0.1025641025641024,0.2285714285714286,0.2463768115942028,0.3333333333333332,0.4576271186440679,0.5779816513761467,0.5357142857142856,0.7916666666666667,0.8494623655913978,1.2337662337662336
LUHP-L,30.0,0.047053325300765,3.590532614332757e-07,0.0389578870098223,0.0139483534317482,0.0282782266484821,0.1857144571883507,-4.843,0.6715048670902953,-0.0118947932974804,2.4958267696556665e-06,0.0047011850777617,1.0,1.2711723482598882,0.2776441182785634,3.571579701622981e-08,0.0086648312016676,9.301552554049307e-10,0.1409942950285247,-9.639082096500204e-05,1.8593828504811384e-06,0.0117908444787191,2.0,0.3634397603700485,0.1398508873379272,-0.0964984478590825,1.0964984478590825,0.0964984478590825,0.0020535357341102,0.0127547545625266,0.0964984478590825,0.542178848995575,-0.0586816720257233,0.028099173553719,0.0315091210613598,-0.0273651290070366,-0.0024057738572574,-0.0423402617397998,0.0255564715581202,0.0410041841004185,0.0196721311475409,-0.0126984126984127,-0.091970802919708,-0.0258418167580266,-0.0243137254901961,-0.028125,-0.0471083875909613,-0.10600071864894,-0.0695587135377711,-0.0177654954599288,-0.0423402617397998,0.0582730752871116,0.0520084566596195,0.0989399293286219,0.2001929570670524,0.2546646495209279,0.3507057546145491,0.3977528089887638,0.34559221200649,0.335480407944176,0.3946188340807175,0.418472063854048,0.3080967402733965,0.2238071815051647,0.1978815599422243,0.1057777777777777,0.1412844036697247,0.1309090909090908,0.0974856638729597,0.1141961486789073,0.2036768263183355,0.129369042215161,0.1028368794326242,0.129369042215161,0.1057777777777777,0.1604477611940298,0.2130667966845441,0.1112103617686466,0.1340018231540565,0.2160312805474094,0.3026178010471203
LUIK-L,21.0,0.0247881892236073,2.0182544249746625e-07,0.0218984023516099,0.0870343640829336,0.103960626385069,0.7224770880363589,64.47849999999994,0.8841484371201656,-0.0017082488908473,0.0002865085220081,0.1846179726451761,1.0,0.0346417122012467,-0.0124739076948132,2.480648747594372e-08,-0.0091754112311172,1.6218389326360426e-05,0.1856425644872757,0.0114879099520115,3.570917047552571e-07,0.0467694037102373,3.0,44.74863175567651,0.2426249507275631,0.0868934694346233,0.0873972979549126,0.0953869309490875,0.0129341857831797,0.0359341254824581,0.0971043462165237,0.6117838529340163,-0.0256111757857974,0.1509602501116569,0.0035046728971963,-0.0387914957105557,-0.0201520912547529,0.2121354656632172,0.2377521613832853,0.2167138810198301,0.3366182572614107,0.2149929278642148,0.235378715244487,0.2178638941398865,0.2437258687258687,0.1660633484162894,0.4436974789915964,-0.3294301327088212,-0.3118825100133512,-0.2190909090909091,-0.1891126494650724,-0.2295964125560539,-0.2449457954878406,-0.1375502008032127,0.0514075887392899,0.0042868277474668,0.1155844155844154,-0.0034802784222738,0.0066406249999999,0.1253275109170306,0.1307591048705572,0.1914008321775313,0.3081218274111674,0.2776400594942982,0.1756386861313867,0.2371579452712435,0.2318355640535372,0.2419277108433735,0.3331608898085878,0.3685608072225173,0.5017482517482517,0.5366726296958855,0.2923771313941825,0.2808151093439364,0.3847393874261149,0.4510135135135134,0.4190528634361232,0.415934065934066,0.3127865511971472,0.4214009928295643,0.3107833163784332
LUJE-L^H19,21.0,-0.0969202898550724,2.588945131325669e-06,0.2809049317591514,0.3818472610955618,0.1063529411764706,6.064064857115309,-0.5,-0.4866706503828076,0.0018783868646028,-0.0012354394634662,-0.0050770775131441,1.0,1.3354037267080745,-0.097985347985348,-2.680938105535211e-07,-0.2213231794383594,4.971384240149153e-09,-0.1021850899742931,0.0009057971014492,2.6520260279264976e-06,-0.0958781362007167,3.0,0.0106968449225034,0.1149972863776154,-0.0346788999444427,0.0386424855925959,0.0492109016506796,0.0303410230692076,0.0614213197969543,-0.0007663814024779,1.6536866802719628,-0.2142857142857143,0.0370370370370369,-0.1249999999999998,-0.0666666666666665,0.0370370370370369,-0.2432432432432432,-0.176470588235294,-0.1999999999999998,0.0,-0.0666666666666665,-0.282051282051282,-0.5,-0.5,-0.2999999999999999,-0.2999999999999999,-0.282051282051282,0.0370370370370369,0.2727272727272729,-0.3488372093023255,-0.3636363636363635,-0.3913043478260869,-0.3170731707317072,-0.4615384615384614,-0.5254237288135593,-0.4042553191489361,-0.5942028985507246,-0.6266666666666667,-0.611111111111111,-0.641025641025641,-0.6164383561643836,-0.6853932584269662,-0.7543859649122806,-0.776,-0.7666666666666666,-0.7407407407407407,-0.768595041322314,-0.8697674418604651,-0.8771929824561403,-0.8727272727272727,-0.8888888888888888,-0.8923076923076922,-0.8931297709923665,-0.8943396226415095,-0.8935361216730038,-0.8861788617886179,-0.89272030651341,-0.8955223880597015,-0.9222222222222224,-0.9176470588235294
LUJG-L,20.0,0.0931229527037135,7.558544494147281e-07,0.0820114879854464,0.1650166648548633,0.2838864963834632,1.1888130481970327,-5.475300000000001,-0.0759998473091243,0.0083268713999014,0.0056871404334805,0.0651719294788232,1.0,0.0711184648004901,0.0423515552850091,3.261780418929163e-08,0.0401675807423327,9.964272359194674e-09,-0.0159575089009513,0.1141047391841579,2.863224513790194e-07,0.2574113540733643,5.0,0.3793576364309506,-0.1025500057080592,-0.5201632212775513,-0.0188456265219916,0.088028789911138,0.002294080133866,0.0030028889493349,0.0302804506857778,0.4047062892429904,0.0187057633973708,0.0005058168942844,-0.0055304172951231,-0.0193356470004958,-0.119715175789942,-0.1033544877606527,-0.1366215626364032,-0.1833195706028074,-0.179253112033195,-0.2100638977635782,-0.289000718907261,-0.2569496619083395,-0.2315462315462314,-0.2441727168513565,-0.2157018239492465,-0.2351121423047176,-0.1675084175084175,-0.1212794313638383,-0.1575809199318568,-0.1078033378439332,-0.0959780621572211,-0.058095238095238,-0.0880590133702167,-0.0959780621572211,-0.0494954348870734,-0.1411202778983934,-0.161864406779661,-0.1204979991107157,-0.1157800625838175,-0.1110112359550561,-0.0804277080427707,-0.0709253170502582,-0.1005002273760798,-0.0808550185873605,-0.0318159569260889,-0.0294406280667319,0.0383202099737534,0.0133196721311477,0.0583199571963617,0.1506689936009306,0.10688304420817,0.1440138808559863,0.0657327586206897,0.082649151614669,0.1724955542382928,0.1823072325164376,0.1200453001132504,0.0946319867183176,0.065158858373721
LUKC-L,7.0,-0.0002079434393845,9.538245609800927e-07,0.1034915804009797,0.0626634181126693,0.0530956488403296,-0.0602076108861258,-139.65,0.1731868569458316,-0.3280605695069422,0.0001786405454491,-97.50175592625114,1.0,0.0229007633587786,-0.0098310184375329,9.133151580298394e-09,0.0100714508533991,4.1760816570947025e-11,0.0363636363636364,-0.0003267682618899,1.804387216270022e-07,0.0539370078740157,2.0,0.834239868073433,0.2778625954198471,0.7398403483309144,-0.7398403483309144,-0.7398403483309144,-0.0096486175115207,-0.0114529914529914,-0.7398403483309144,0.0793281433340793,-0.0591133004926107,0.0049504950495049,-0.0049019607843135,-0.0401891252955082,-0.037914691943128,-0.0121654501216544,0.0049504950495049,0.0190763052208835,0.0684210526315789,0.0639412997903565,0.0684210526315789,0.0346585117227318,0.0426296866974833,0.0325534079348932,0.0299340436326738,0.0518134715025906,0.0480123902942695,0.0606060606060605,0.0884718498659518,0.0943396226415094,0.0919849381387842,0.0639412997903565,0.0967044840626687,0.0769230769230768,0.1284046692607006,0.1593375214163335,0.135982092893117,0.1646586345381526,0.1788617886178862,0.2251056125528063,0.2962962962962963,0.2385600976205002,0.2310491206791995,0.2823752368919772,0.2492307692307693,0.2076145151695421,0.2703379224030038,0.2743251726302573,0.3506320691949436,0.3355263157894739,0.2807570977917981,0.288888888888889,0.2880710659898478,0.2905276541640178,0.2929936305732485,0.3259307642064011,0.4077669902912622,0.4531138153185396,0.4285714285714286
LUKI-L^A23,25.0,0.0004621639505296,5.835815505854331e-06,0.6331958667627692,0.1225498301351929,0.2841245943949355,0.0879760323625853,-0.2098,-0.3490533150984798,-0.1383283763202434,0.0012654083073543,-0.1657147229195812,1.0,0.0130510032738904,0.0382283288788483,1.1133693324678345e-07,0.0119504013162662,2.401934488998648e-13,-0.0732899022801303,0.0395840865525639,5.159640531704577e-07,-0.2841716807059767,4.0,0.0024310507924108,0.1963720897054287,-0.1201251234509067,-0.3939174004674743,-0.4047791745210238,-0.001697804646678,-0.0019640295707823,-0.3104528335383406,0.6450185399835068,0.0,0.0,0.0,0.0,0.0,0.0,0.0,0.0,0.0,0.0,0.0,0.0,0.0,0.0,0.0,0.0,0.0,0.0,0.0,0.0,0.0,0.0,0.0,0.0,0.0,0.0,0.0,0.0,0.0,0.0,0.0,0.0,0.0,0.0,0.0,0.0,0.0,0.0,0.0,0.0,0.0,0.0,0.0,0.0,0.0,0.0,0.0,0.0,0.0
LUKM-L,26.0,0.1556147602010632,1.2058073552428237e-06,0.1308321403728352,0.037080439915583,0.3100957714212988,0.2702885684667698,-2.661,0.9191056881774392,-0.3798644977766263,-0.0051840651007277,-0.0001939604403925,1.0,0.0113350125944584,0.0797071175707469,9.304614792298156e-08,0.0569241540256687,4.949167209379904e-11,0.1929824561403509,-0.0092724133628999,3.6112884741346977e-07,0.510103026914783,3.0,0.1030442511280695,0.1363350125944584,0.0736941349049941,0.4760491827286158,0.3835538977278227,0.0254461864067654,0.0346238266134594,0.4542693719374733,-0.0627491221708967,-0.0420168067226891,0.0084745762711864,-0.0984848484848486,-0.0703125000000001,-0.0555555555555555,-0.048,-0.0245901639344262,0.0818181818181817,0.0818181818181817,0.1226415094339621,0.0624999999999997,0.1018518518518516,0.1226415094339621,0.1018518518518516,0.1333333333333333,0.2395833333333332,0.2659574468085106,0.2395833333333332,0.1782178217821781,0.1442307692307691,0.2142857142857142,0.2659574468085106,0.3222222222222222,0.3222222222222222,0.3076923076923075,0.3837209302325581,0.3837209302325581,0.367816091954023,0.5063291139240504,0.5256410256410255,0.2395833333333332,10.9,8.916666666666666,8.916666666666666,8.916666666666666,8.916666666666666,8.916666666666666,8.916666666666666,8.916666666666666,9.818181818181818,8.153846153846153,8.916666666666666,8.916666666666666,9.818181818181818,12.22222222222222,22.8,22.8,22.8,22.8
LULR-L,30.0,-0.0864548148243913,8.025391701531207e-07,0.0870768592575282,0.0515215222979252,0.2093399366510978,0.3198413989224292,-3.7278,0.8196587018816569,-0.1113312934414937,0.0020414292540715,0.5619064621702524,1.0,0.0427939555035711,0.0497464708145489,1.1422907334355092e-08,0.03666749083722,5.892974469399712e-11,0.1721018067025565,0.1065349603772281,1.4215484821707466e-07,-0.4516080765426146,3.0,0.1043815385114383,0.1995010072487543,-0.0932717058072973,-0.3183659073779756,-0.0284439450898551,0.0004715725529643,0.0005823472990573,-0.0112018054770315,3.87247103722815,-0.0043988269794721,-0.0130246020260491,-0.0326241134751772,-0.0906666666666666,-0.088235294117647,-0.0954907161803713,-0.088235294117647,-0.0683060109289617,-0.0906666666666666,-0.0954907161803713,-0.1278772378516623,-0.1289910600255427,-0.1410579345088161,-0.1580246913580246,-0.1323155216284987,-0.0554016620498614,-0.0906666666666666,-0.0708446866485013,-0.0461538461538462,-0.0501392757660166,-0.0820995962314938,-0.0906666666666666,-0.047486033519553,0.0740157480314962,0.025563909774436,0.1035598705501619,0.6593673965936739,0.5678160919540232,0.5642201834862386,0.6839506172839507,0.6881188118811881,0.5642201834862386,0.7353689567430026,0.7532133676092545,0.7487179487179487,0.7487179487179487,0.7947368421052634,0.7577319587628868,0.8997214484679668,0.8138297872340428,0.6161137440758295,0.6047058823529412,0.6009389671361505,0.6473429951690823,0.7050000000000001,0.6715686274509804,0.6756756756756757,0.7442455242966752,0.6047058823529412
LULT-L,23.0,0.1632075471698112,6.508528231352099e-07,0.0706186336882428,0.0178426601784266,0.2643171806167401,2.0335623546331427,0.7,-0.6325379345482516,0.018247011563504,0.0163511187607573,0.0150350879404198,1.0,0.2585034013605442,0.1174142480211082,3.99579064970849e-08,-0.0052333187963367,2.336589208439338e-10,-0.1328124999999999,0.2386792452830188,2.935369284978161e-07,0.2775919732441473,5.0,0.0365883590993852,0.2832847424684162,-0.0147144163122541,-0.9329021246013564,0.022680910249971,0.0156546489563567,0.020754716981132,-0.0629834254143646,0.6678350054944465,0.1428571428571428,-0.0979381443298968,-0.2473118279569892,-0.3243243243243243,-0.375,-0.3,-0.3217054263565891,-0.3027888446215139,-0.3027888446215139,-0.4006849315068492,-0.4615384615384615,-0.3636363636363636,-0.458204334365325,-0.4664634146341463,-0.564134495641345,-0.559748427672956,-0.5742092457420924,-0.6624879459980713,-0.6595330739299611,-0.6475327291037261,-0.6531219028741329,-0.6506986027944112,-0.6145374449339207,-0.5569620253164558,-0.5,-0.5070422535211268,-0.5125348189415042,-0.4488188976377952,-0.3794326241134751,-0.3203883495145632,-0.3333333333333333,-0.3816254416961131,-0.3859649122807017,-0.1954022988505747,-0.146341463414634,-0.2222222222222222,-0.308300395256917,-0.3670886075949368,-0.4791666666666666,-0.4470774091627172,-0.3577981651376147,-0.3295019157088122,-0.5283018867924528,-0.5056497175141244,-0.5382585751978892,-0.4920174165457184,-0.4744744744744744,-0.5679012345679012,-0.5530012771392081
LULZ-L^F19,22.0,0.0066501115366807,7.234534400877698e-07,0.0784959235944558,0.0397293617723503,0.1620744423727643,1.2905953036834927,-5.850000000000001,0.2103752003461077,0.0152064909759661,0.0032090272242963,0.0267441860465118,1.0,0.159104301708898,0.0519644424934151,9.562521606501532e-08,-0.0136546690158554,1.140933437318856e-07,0.0441719852200201,0.0460036196809629,1.0805196572965995e-06,-0.0224642381618926,4.0,0.7450346933271731,0.226227124315533,-0.027188495587147,0.2711027783511869,0.0811222737396183,0.0068681863230921,0.0175540807538375,0.3641889924286546,0.4098323738006284,-0.0268656716417911,-0.1332470892626132,-0.1718170580964153,-0.0603085553997194,-0.1593475533249686,-0.0784044016506189,-0.1508238276299112,-0.1582914572864321,-0.1332470892626132,-0.145408163265306,-0.1849148418491484,-0.2403628117913832,-0.2637362637362637,-0.2780172413793103,-0.3252769385699898,-0.2795698924731183,-0.2454954954954955,-0.1276041666666666,-0.231651376146789,-0.1738594327990135,-0.1582914572864321,-0.2764578833693304,-0.3738317757009345,-0.3708920187793427,-0.3667296786389413,-0.2872340425531915,-0.3163265306122449,-0.2298850574712643,-0.2172897196261682,-0.1540404040404039,-0.1645885286783042,-0.0821917808219178,-0.1298701298701299,-0.098250336473755,-0.0994623655913978,-0.1956782713085234,-0.1309987029831387,0.0260336906584992,0.0601265822784808,0.0567823343848581,-0.0059347181008901,-0.0147058823529411,0.0737179487179486,0.1129568106312293,0.1879432624113475,0.1551724137931034,0.2271062271062272,0.3480885311871229,0.1631944444444444
LUMA-L^A23,23.0,-0.0111403246786099,1.2278636347741067e-06,0.1332252840596708,0.0296846194852971,0.2000568668890416,1.6985481097215172,-1.5225,0.0484923199448328,0.0568112824105424,-0.0003645746529844,0.0128516218940802,1.0,0.5436650523355725,0.0210609436860437,9.671769188874365e-08,-0.037115388402732,3.300134366109426e-09,0.0101818181818181,-0.0130416546303504,7.42532104053284e-07,-0.0601535326925847,4.0,0.0864553669990499,-0.2738493829979987,-0.0630644593333195,1.0106987231937283,-0.0766994946584761,0.0106579922983089,0.0179150082418686,0.0106987231937283,0.6249769101999549,-0.0933333333333332,-0.0566037735849057,-0.3243243243243243,-0.3670886075949368,-0.3902439024390244,-0.4094488188976378,-0.4360902255639097,-0.4505494505494505,-0.4117647058823529,-0.3534482758620689,-0.4186046511627906,-0.4485294117647059,-0.4623655913978495,-0.4827586206896551,-0.4897959183673469,-0.4827586206896551,-0.4464944649446494,-0.4230769230769231,-0.4545454545454546,-0.4094488188976378,-0.4140625,-0.4023904382470119,-0.3392070484581497,-0.3243243243243243,-0.2462311557788944,-0.1071428571428571,-0.1428571428571429,-0.1666666666666667,-0.1935483870967742,-0.1758241758241758,-0.2227979274611399,-0.1379310344827585,-0.2682926829268292,-0.1666666666666667,-0.180327868852459,-0.3670886075949368,-0.3617021276595745,-0.3589743589743589,-0.327354260089686,-0.3421052631578947,-0.2990654205607477,-0.3333333333333333,-0.3670886075949368,-0.2682926829268292,-0.3362831858407079,-0.4186046511627906,-0.2268041237113401,-0.2822966507177032,-0.3617021276595745
LUOQ-L,23.0,0.0875675618835306,9.544427967613487e-07,0.1035586600303791,0.0046491215718302,0.5795090611786788,0.2233084456759685,-1.827,0.176394020963347,-0.032374994000708,-0.0012276809186313,-0.008088576543128,1.0,0.0270380991396968,0.0540711730438118,8.045913302420534e-08,0.0048785156417248,3.9685816151164384e-11,0.037037037037037,0.0774175061515489,1.595127017286544e-07,0.3429147870242333,2.0,0.1044148080514135,-0.1645569620253165,0.094752111070818,-0.1796706440894144,-0.094752111070818,0.0184576762777547,0.0210638451739234,-0.094752111070818,0.3887251177079169,-0.0498753117206982,-0.017156862745098,-0.0452380952380951,-0.0360576923076922,-0.0968468468468468,-0.1206140350877192,-0.0886363636363636,-0.0968468468468468,-0.0586854460093896,-0.0630841121495326,-0.0674418604651162,-0.1049107142857143,-0.1262855150775665,-0.1540084388185654,-0.157563025210084,-0.1663201663201663,-0.1512868269556383,-0.1143992932862191,-0.091773872078275,-0.0886363636363636,-0.0937443500271199,-0.0968468468468468,-0.0475059382422803,-0.0937443500271199,-0.0452380952380951,-0.0846420745069393,-0.0927601809954751,-0.0968468468468468,-0.1088888888888889,-0.0219512195121951,-0.0999281738193571,-0.1362226434602792,-0.1504237288135593,-0.1167400881057268,-0.1049107142857143,-0.1431623931623932,-0.1206140350877192,-0.1431623931623932,-0.1235355831439062,-0.1518612521150593,-0.1537942095045159,-0.157563025210084,-0.1816326530612244,-0.0721888014807958,-0.0454199200152352,-0.1782786885245901,-0.0844748858447488,-0.0486809641298158,0.0970671919457211
LUOR-L,25.0,0.0354357012086662,4.922682898493298e-07,0.053411943225121,0.1133736374461848,0.4590849931629845,2.1439779823023164,-2.1275,0.3663568127700276,0.0045898311777534,1.7353428603656382e-05,0.093048362389671,1.0,0.3432706749806563,0.033388843614546,3.5956919635492675e-08,-0.0843699112479,2.339841725449724e-10,0.0769230769230768,0.0260908799055973,1.7492920439786232e-07,0.0501570574526294,4.0,0.0499722211917509,-0.130438600825659,0.0208776034061558,-0.0331191695636858,-0.0584530706448397,0.0061134134726762,0.0084655141685973,0.0094991107595123,0.5203511053085459,-0.2106666666666666,0.2886597938144328,0.0,-0.0898058252427185,-0.3421052631578948,-0.4477172312223858,-0.5318352059925093,-0.484181568088033,-0.5155038759689923,-0.5046235138705416,-0.6272365805168987,-0.6445497630331753,-0.6223564954682779,-0.6445497630331753,-0.6587807097361238,-0.6543778801843319,-0.6468926553672316,-0.6501865671641791,-0.6559633027522935,-0.6648793565683646,-0.6575342465753424,-0.6627697841726619,-0.6527777777777778,-0.6575342465753424,-0.6724890829694323,-0.6615523465703972,-0.6294466403162056,-0.6657754010695187,-0.6445497630331753,-0.6428571428571428,-0.638728323699422,-0.6231155778894473,-0.617737003058104,-0.6157786885245902,-0.6149897330595482,-0.6031746031746031,-0.5985010706638115,-0.592391304347826,-0.5870044052863437,-0.5842572062084257,-0.5851769911504424,-0.5856353591160222,-0.5856353591160222,-0.5874587458745875,-0.5684695051783659,-0.5588235294117647,-0.5608899297423887,-0.5454545454545454,-0.5192307692307692
LUOS-L,23.0,0.4881827209533266,5.060000251554565e-07,0.0549018597638802,0.1306636670416197,0.1265635590609403,0.9886290486344996,-0.271,1.7190588906901318,-0.0661458174320071,0.0005958291956305,0.0236551720543484,1.0,4.310112359550562,0.0332286013519946,3.170659943841784e-09,0.3932524478501474,3.887109672052324e-12,0.3609467455621301,0.003475670307845,5.421362230448298e-07,1.526510212950891,3.0,0.0120595626440228,0.4783779159299605,0.1066555719311134,0.7106927251311259,-0.1255877712120617,0.0032519780072415,0.0067712211466865,0.3544052999814253,-1.1065109404760929,-0.1666666666666666,-0.3571428571428572,-0.4193548387096775,-0.4782608695652174,-0.4782608695652174,-0.5135135135135136,-0.4193548387096775,-0.4,-0.28,-0.28,-0.25,-0.25,-0.25,-0.1428571428571429,-0.28,-0.3207547169811321,-0.4626865671641791,-0.4545454545454546,-0.4705882352941177,-0.4857142857142856,-0.4193548387096775,-0.4461538461538462,-0.4193548387096775,-0.4375,-0.3684210526315788,-0.3571428571428572,-0.3454545454545455,-0.3571428571428572,-0.3207547169811321,-0.28,-0.28,-0.3076923076923077,-0.28,-0.25,-0.25,-0.3076923076923077,-0.3076923076923077,-0.3333333333333333,-0.3333333333333333,-0.25,-0.28,-0.3333333333333333,-0.2941176470588236,-0.3571428571428572,-0.3454545454545455,-0.3898305084745762,-0.4857142857142856,-0.4705882352941177,-0.4098360655737705
LUPI-L,22.0,0.22332854538676,1.7407516370701709e-06,0.1888745010097769,0.293520787672188,0.2931170571906784,0.432707744830362,62.9159,1.360753876002961,0.9743772339554088,0.0141269202296079,0.8818737392431293,1.0,0.1027208764699969,0.074820903483458,8.377030345218155e-08,-0.0208233191546699,1.2802381600146594e-10,0.2857142857142856,0.1030565473263358,1.1025686847153002e-06,0.5646484440077277,3.0,0.0634643703515985,-0.085097198092614,0.1369362936181537,0.154800853987535,-0.4563339331704484,0.0115750557285896,0.0189065379781047,0.1910397407289342,3.842586666268296,-0.0684931506849314,-0.1411764705882353,-0.1888888888888888,-0.1888888888888888,-0.2474226804123711,-0.2395833333333333,-0.3482142857142858,-0.3113207547169812,-0.2065217391304348,-0.2551020408163265,-0.3539823008849557,-0.3482142857142858,-0.3240740740740742,-0.3813559322033898,-0.376068376068376,-0.3813559322033898,-0.3865546218487394,-0.396694214876033,-0.446969696969697,-0.5,-0.4592592592592592,-0.446969696969697,-0.5290322580645161,-0.54375,-0.496551724137931,-0.4632352941176471,-0.474820143884892,-0.4859154929577465,-0.5133333333333334,-0.496551724137931,-0.3706896551724138,-0.5067567567567568,-0.5379746835443038,-0.562874251497006,-0.5493827160493827,-0.5034013605442177,-0.4859154929577465,-0.598901098901099,-0.5493827160493827,-0.5654761904761905,-0.5290322580645161,-0.5780346820809248,-0.5944444444444444,-0.6075268817204301,-0.5290322580645161,-0.7316176470588236,-0.737410071942446,-0.759075907590759,-0.7316176470588236
LUPP-L,18.0,0.0434931368997303,2.1544498587426665e-07,0.0233761458760128,0.115727602428067,0.218933595027805,3.191567103037241,-1.741,-0.0262207328459026,-0.0146613955121964,-0.0043472114229165,-0.0769773280798923,1.0,0.1474985923716973,0.1320426272661656,7.804759849077529e-08,-0.113943249977839,3.821181917502453e-10,-0.0055055055055054,0.0075574608541641,6.224334361054882e-07,0.0159854390060539,2.0,0.0347948474781455,0.2248423757125266,0.0025312227882484,0.0016857253849572,-0.0286995736717165,0.0190367812988215,0.0740351798372276,0.0237859219817982,0.5185854596276814,-0.0307692307692307,-0.0441176470588235,0.0483870967741935,0.0317460317460318,0.0655737704918033,0.015625,-0.1095890410958904,-0.0714285714285712,-0.1666666666666666,-0.2441860465116279,-0.2613636363636363,-0.1875,-0.1333333333333333,-0.0441176470588235,-0.1447368421052631,-0.2261904761904761,-0.2073170731707316,-0.216867469879518,-0.2777777777777778,-0.375,-0.3298969072164948,-0.216867469879518,-0.2261904761904761,-0.2613636363636363,-0.2441860465116279,-0.2857142857142857,-0.4247787610619468,-0.4298245614035086,-0.4491525423728812,-0.3925233644859813,-0.5666666666666667,-0.5220588235294118,-0.5608108108108107,-0.5422535211267605,-0.5357142857142856,-0.5886075949367089,-0.5987654320987654,-0.5547945205479452,-0.5608108108108107,-0.59375,-0.577922077922078,-0.5517241379310345,-0.5289855072463767,-0.4444444444444444,-0.439655172413793,-0.4583333333333332,-0.4672131147540983,-0.4298245614035086,-0.4583333333333332
LURY-L,22.0,0.0985109949709102,6.907091826888517e-07,0.0749431162062833,0.2089542190305206,0.2796684888026803,2.6053136051896995,0.4469999999999999,0.2513614798727695,0.0034141822496148,0.0006284916201117,0.0187201892745665,1.0,0.1069648198262355,0.0671186749180925,1.192563848325087e-07,-0.037122315680654,4.7492166082604446e-11,0.0527777777777778,0.0489103638694408,6.217295696293963e-07,0.1356251344953734,3.0,0.0095457147491529,-0.108670223017555,-0.012108111621921,-0.0310429584026552,-0.0117934836352807,0.0292169166530593,0.0564952638700947,0.0596762569987249,0.3651261773680253,-0.0222222222222222,0.1020408163265305,-0.0036900369003689,-0.0073529411764705,-0.0391459074733095,-0.0036900369003689,-0.0526315789473683,-0.0252707581227435,0.007462686567164,0.0671936758893281,0.0112359550561798,-0.0425531914893615,-0.0753424657534246,-0.0145985401459853,-0.0357142857142855,-0.018181818181818,0.2442396313364057,0.1739130434782609,0.0424710424710426,0.1344537815126052,0.1250000000000002,0.1020408163265305,0.1250000000000002,0.1020408163265305,0.0887096774193549,0.2558139534883723,0.0887096774193549,0.08,0.062992125984252,0.2162162162162162,0.148936170212766,0.1739130434782609,-0.0425531914893615,-0.0753424657534246,-0.0939597315436241,-0.1346153846153845,-0.018181818181818,0.0,0.0305343511450382,0.007462686567164,0.0188679245283018,0.2272727272727273,0.1344537815126052,0.1250000000000002,0.1587982832618026,0.5340909090909092,0.6875,0.6666666666666667,0.6666666666666667
LUTI-L,23.0,0.1019974280932348,2.152006536794011e-07,0.0233496354190337,0.2560581777145498,0.2777398378811722,2.9600699079622528,-0.7065000000000001,-0.343742194697804,0.0080261016945453,-0.0021938752431356,0.0946078765290333,1.0,0.1454407166399053,0.123386339121055,3.0095429808347404e-08,-0.0098991029322249,8.71356174978665e-10,-0.0721747388414054,0.0042132743991883,1.5556970903588485e-07,0.0821960153943646,4.0,0.1265379443087646,-0.1167097322634766,0.0311921543129497,0.0564480050251362,0.0337477212767043,0.0028034113687076,0.0070512553731636,0.0531331995678345,0.6573236682601881,-0.0368509212730318,0.0834845735027223,0.1138059701492535,0.0222602739726027,0.1076066790352505,0.2036290322580645,0.341573033707865,0.3266666666666666,0.5,0.4350961538461537,0.4455205811138014,0.515228426395939,0.4490291262135921,0.6222826086956521,0.7767857142857142,0.5628272251308901,0.5793650793650793,0.6356164383561644,0.7155172413793103,0.649171270718232,0.8540372670807452,1.2359550561797752,1.3503937007874014,1.5084033613445378,1.102112676056338,1.407258064516129,1.0033557046979866,1.436734693877551,1.884057971014493,2.73125,2.4709302325581395,2.4709302325581395,2.6402439024390243,2.7547169811320757,2.5535714285714284,2.227027027027027,2.244565217391304,3.2642857142857142,3.38970588235294,2.98,2.927631578947368,3.776,3.738095238095238,5.21875,6.855263157894736,6.855263157894736,7.291666666666666,6.96,6.855263157894736
LUTK-L,23.0,-0.3056129501304593,2.4006796164860257e-06,0.2604778045254614,0.6830376863027423,-0.1185260510463888,-0.0392259375900921,2.1894,-0.1605383786295628,-1.2688125430564503,-0.0774950759588012,-0.1643821057834898,1.0,1.238095238095238,0.0313679323560018,-6.97421245522453e-08,0.0151863903319836,1.4261286893926986e-15,-0.0337078651685393,-0.0035541853371255,1.6900434039864486e-08,-0.9853541738044886,0.0,0.0061868649408035,0.7232947232947233,0.1684070454122486,0.1278725547044282,-0.5619591104457082,-0.0063783977234026,-0.0064233107080367,-0.8721274452955717,1.6536866802719628,0.0,-0.0909090909090908,-0.0909090909090908,-0.1666666666666666,-0.2307692307692307,-0.2307692307692307,-0.2307692307692307,-0.2307692307692307,-0.2857142857142857,-0.2307692307692307,-0.2857142857142857,-0.2857142857142857,-0.2857142857142857,-0.3333333333333332,-0.3333333333333332,-0.2857142857142857,-0.3333333333333332,-0.375,-0.3333333333333332,-0.375,-0.3333333333333332,-0.4117647058823529,-0.4117647058823529,-0.3333333333333332,-0.375,-0.4117647058823529,-0.4117647058823529,-0.3333333333333332,-0.375,-0.375,-0.375,-0.3333333333333332,-0.3333333333333332,-0.2857142857142857,-0.2857142857142857,-0.2857142857142857,-0.2307692307692307,-0.2857142857142857,-0.3333333333333332,-0.3333333333333332,-0.4117647058823529,-0.4117647058823529,-0.4117647058823529,-0.4117647058823529,-0.4444444444444444,-0.4444444444444444,-0.4444444444444444,-0.5,-0.5454545454545454
LUTQ-L,22.0,0.7186018776184215,7.435202607403636e-08,0.0080673207623319,0.2868683274021352,0.1738012635576817,1.358052293826133,4.8065,1.646893709741902,0.2741972821237647,0.0003424537248428,0.1743305431401695,1.0,0.1370513667390142,4.6526195899772205,1.613910447667909e-08,-0.0563210762533602,3.62240901781039e-11,0.3457943925233644,0.178465490351977,1.662043117032783e-07,0.3105677062238424,5.0,0.131368676116712,-0.2052587030471337,0.2798872537139875,0.5006727830797122,0.7549053172148618,0.0116995867236201,0.0377252972005624,0.7764831072093642,-0.5541527968501856,-0.0111888111888112,0.0347322720694645,-0.2177242888402626,-0.1772151898734176,-0.1948198198198198,-0.2320085929108485,0.0302593659942362,58.583333333333336,64.0,58.583333333333336,64.0,78.44444444444446,78.44444444444446,78.44444444444446,78.44444444444446,70.5,78.44444444444446,78.44444444444446,142.0,177.75,142.0,177.75,177.75,177.75,177.75,177.75,237.33333333333331,177.75,177.75,177.75,142.0,118.16666666666669,118.16666666666669,101.14285714285714,101.14285714285714,118.16666666666669,118.16666666666669,101.14285714285714,88.375,88.375,78.44444444444446,78.44444444444446,70.5,64.0,58.583333333333336,88.375,101.14285714285714,142.0,142.0
LUTV-L,22.0,0.0022433206935479,1.304607791989109e-06,0.1415521551024553,0.017705401786934,-0.0636274076842069,0.1393074847755041,0.8250000000000001,-0.4082261628008888,-0.2673175274554606,-0.0022288476568153,-0.0398170567662082,1.0,0.0135569181996412,-0.0202536060387134,-7.291313890337829e-08,-0.0351879025321122,3.4352486589211746e-13,-0.0857142857142857,-0.0300026051466118,9.925541533794274e-07,0.0334334956653887,3.0,0.0084754781505255,0.0607078052094322,-0.1263411607503209,-0.0663756858663086,-0.08892664941489,0.0124376671243766,0.0218151857016098,-0.032003572491813,1.6536866802719628,-0.0714285714285715,-0.096774193548387,-0.096774193548387,-0.0666666666666665,-0.1515151515151515,-0.1515151515151515,0.0,0.0370370370370369,0.0769230769230771,0.0370370370370369,0.0,0.0,-0.0344827586206895,0.0769230769230771,0.0769230769230771,0.0769230769230771,0.0370370370370369,0.0,0.0,0.0,0.0769230769230771,0.0,0.0769230769230771,0.0769230769230771,0.1200000000000001,-0.0344827586206895,-0.0666666666666665,-0.0666666666666665,-0.0666666666666665,-0.0344827586206895,0.0,-0.0344827586206895,0.1200000000000001,0.0370370370370369,-0.0344827586206895,-0.096774193548387,-0.1249999999999998,-0.0666666666666665,-0.1249999999999998,-0.096774193548387,-0.1249999999999998,-0.176470588235294,-0.096774193548387,-0.0666666666666665,-0.096774193548387,-0.2222222222222221,-0.0666666666666665,-0.1515151515151515,-0.176470588235294
LUWP-L^L19,23.0,0.23719486414918,6.157024594325808e-06,0.668047596907895,0.0125309586803913,-0.1114035427229683,0.4541133516497678,0.7027000000000001,1.7051422026456864,0.1253640305090249,0.002180733883709,-0.5544302805228357,1.0,0.0990866558375239,0.4161964392433738,-7.225368899675352e-07,0.1551822060071234,7.448238795215712e-13,0.3580246913580246,0.3734506775851711,2.2426121471597987e-06,-0.0812446622850989,3.0,0.0018611944586389,0.6081879618642776,4.207248205943444,2.397130461131604,1.3088096770072497,-0.0138174186005836,-0.0188481175740802,1.7056313752083867,1.6536866802719628,-0.5,0.0,0.0,0.0,0.0,-0.3333333333333332,-0.5,-0.6000000000000001,-0.5,-0.5,-0.6000000000000001,-0.6000000000000001,-0.6666666666666666,-0.6000000000000001,-0.5,-0.5,-0.5,-0.5,-0.5,-0.5,-0.5,-0.6000000000000001,-0.6000000000000001,-0.5,-0.5,-0.5,-0.3333333333333332,-0.3333333333333332,-0.3333333333333332,-0.5,-0.3333333333333332,-0.3333333333333332,0.0,-0.3333333333333332,-0.3333333333333332,-0.3333333333333332,-0.3333333333333332,-0.5,-0.3333333333333332,-0.6666666666666666,-0.7142857142857143,-0.75,-0.7142857142857143,-0.6000000000000001,-0.5,-0.6000000000000001,-0.8,-0.8333333333333333,-0.875
LUWQ-L,25.0,0.3073717925492214,5.551653800805172e-07,0.0602363840467748,0.2266497013954199,0.0820595357584493,0.3257469025426246,-1.5585000000000004,0.7701287893974216,-0.0263766757539245,-0.0002961003582814,-0.0011341440362926,1.0,0.363125,0.0711687845179829,1.0346517772627349e-07,0.0209161000580998,1.5508758913460971e-10,0.1617021276595746,0.0020797252154001,1.5441118921488295e-06,0.419947141466129,2.0,0.0724884504509118,-0.1721302281368821,-0.0325364858502904,0.0325364858502904,0.0325364858502904,0.005276693863072,0.0199530516431924,0.0325364858502904,0.3079120460680326,-0.1240875912408759,-0.0774410774410774,-0.1820895522388059,-0.3349514563106796,-0.3507109004739336,-0.3476190476190476,-0.3317073170731706,-0.3184079601990048,-0.2493150684931506,-0.2237960339943341,-0.1820895522388059,-0.1820895522388059,-0.1103896103896103,-0.1161290322580644,-0.0385964912280701,-0.0648464163822525,0.0620155038759691,0.1275720164609053,0.078740157480315,-0.0143884892086328,0.1138211382113822,0.0223880597014924,0.0223880597014924,0.1138211382113822,0.2070484581497798,0.2177777777777778,0.2232142857142856,0.2685185185185186,0.4574468085106384,0.4123711340206186,0.2232142857142856,0.3173076923076923,0.3365853658536588,0.3110047846889954,0.2568807339449541,0.1183673469387756,0.0223880597014924,0.1229508196721311,0.1275720164609053,0.1512605042016808,0.0458015267175573,0.096,0.0339622641509436,0.096,0.1610169491525426,0.1810344827586207,0.2803738317757009,0.1561181434599157,0.1369294605809128
LUZN-L^H21,22.0,0.0144137125048694,7.281270087312214e-07,0.0790030137080993,0.0384024577572964,0.3498190591073583,1.0402844352623586,1.0,0.2044797020345141,0.0075784610488812,0.0019669551534225,0.0076384887008381,1.0,2.767857142857143,0.037965072133637,6.658074330022143e-08,-0.1152581705666066,2.51626285351691e-08,0.0429341213280027,0.0085703155434359,6.588830356989911e-07,-0.0104,4.0,0.5278416906748341,0.0148809523809524,-0.0001981833195706,0.0302720749451863,-0.009713067754005,0.0164576802507836,0.0323574730354391,0.0173410404624277,0.754081126204015,-0.0226666666666666,-0.1197183098591548,-0.1418764302059496,-0.1092636579572446,-0.0763546798029556,0.1380880121396055,0.0563380281690142,0.0373443983402488,0.0217983651226159,0.0245901639344261,-0.0092470277410832,-0.0613266583229036,-0.1113744075829383,-0.2021276595744681,-0.1554054054054054,-0.1685144124168514,-0.1359447004608295,-0.1776315789473683,-0.1369390103567318,-0.1554054054054054,-0.1496598639455783,-0.2951127819548872,-0.2522432701894317,-0.1830065359477124,-0.1134751773049645,-0.0396927016645326,-0.2096944151738672,-0.2552135054617677,-0.4126859827721221,-0.4028662420382166,-0.3303571428571428,-0.3100275988960441,-0.3036211699164345,-0.1515837104072398,-0.1071428571428572,-0.1794310722100657,-0.2507492507492507,-0.1918103448275862,-0.2138364779874213,-0.2690058479532163,-0.3775933609958506,-0.4827586206896551,-0.5259165613147914,-0.5451788963007883,-0.5164410058027079,-0.5535714285714286,-0.5332918481642812,-0.5013297872340425,-0.5155038759689923
LVKF-L,20.0,0.0762099099498735,4.043190471671688e-07,0.0438693014306033,0.316531402121091,0.7893761581222978,1.0541669667899431,0.2944,-0.174775727193041,0.0067264524683737,-0.001504131776618,0.0348637060999488,1.0,0.3219858156028369,0.0682303911092112,6.002195428360713e-08,0.0229040252969831,2.2449244561086184e-12,-0.036697247706422,0.0549172692188262,8.631189382831375e-08,0.1152338646459367,4.0,0.0139026016899815,-0.2848056999052194,-0.0999868101772408,-0.2464579300801166,0.0249229110057265,0.0393291597747115,0.0493850530289884,0.0247179929729396,0.0033430323725174,-0.0555555555555554,-0.0526315789473684,-0.1,-0.0769230769230769,-0.0886075949367088,-0.1627906976744186,-0.1,-0.1111111111111111,-0.1428571428571429,-0.0526315789473684,0.0,-0.1219512195121951,-0.1219512195121951,-0.1529411764705882,-0.0886075949367088,-0.04,-0.1,-0.1,-0.2421052631578947,-0.027027027027027,0.0746268656716417,0.1999999999999999,0.1999999999999999,0.161290322580645,0.125,0.161290322580645,0.0909090909090908,0.1076923076923075,0.0746268656716417,0.125,0.0588235294117645,-0.0136986301369863,0.0588235294117645,0.125,0.1428571428571428,0.1999999999999999,0.125,0.2857142857142856,0.2857142857142856,0.125,0.161290322580645,0.4399999999999999,0.4399999999999999,0.6363636363636362,0.5999999999999999,1.0,0.5652173913043477,0.6363636363636362,0.5652173913043477
LVKG-L,24.0,0.136785590578455,1.880584137294256e-06,0.2040465641245502,0.0495292361132271,0.0176529769502214,0.1582785009165271,0.287,1.15140712584866,0.00019096755648,-0.0001836315433083,0.1139260470459837,1.0,0.3410404624277456,0.1311654049093828,2.3522796058940974e-07,-0.0212193421841817,4.193586003567891e-12,0.2417582417582418,0.0064542200669668,1.6895126698337294e-05,0.1374146253787296,2.0,0.002948645221191,-0.634599504541701,0.0185737117187162,-0.0185737117187162,-0.0185737117187162,0.0030712076136346,0.03365956526441,-0.0185737117187162,0.1628884731682557,-0.111111111111111,-0.1,-0.1818181818181818,-0.25,-0.25,-0.25,-0.25,-0.3571428571428572,-0.25,-0.1818181818181818,-0.1818181818181818,-0.1,0.0,0.0,-0.1,0.125,0.125,0.125,0.0,-0.1,-0.1,0.0,0.0,0.0,0.125,0.2857142857142856,0.2857142857142856,0.0,0.0,0.0,0.0,-0.1,-0.1,-0.25,-0.1818181818181818,-0.25,-0.1818181818181818,-0.1818181818181818,-0.25,-0.3076923076923077,-0.1818181818181818,-0.1818181818181818,-0.25,-0.1818181818181818,-0.1818181818181818,-0.25,-0.3076923076923077,-0.25,-0.3076923076923077
LVKP-L,21.0,0.2283547829675289,9.407970922718176e-07,0.1020780779809347,0.0605060621542869,0.1745893115973146,1.2215995776455262,0.4250000000000007,0.3255991552444023,-0.011774917141129,0.001332652093787,0.0221623156137636,1.0,0.516105141431597,0.1902006776127183,5.7133593464237496e-08,0.0796424897119295,2.842508954113537e-09,0.0683652875882947,0.0725003367177044,9.182316323109548e-07,0.2700697962501387,4.0,0.1296528138600106,-0.0148968367184892,-0.0404954567530159,-0.2658345778143276,0.0399071193531559,0.0095076994867008,0.0187874596588289,0.1317046106753395,0.7854493914648096,-0.0891472868217053,-0.0785714285714285,-0.2670454545454545,-0.2456140350877192,-0.2321428571428571,-0.2181818181818181,-0.25,-0.2134146341463414,-0.134228187919463,-0.2085889570552146,-0.2586206896551724,-0.2892561983471073,-0.2478134110787172,-0.2564841498559078,-0.2037037037037037,-0.2521739130434782,-0.2543352601156069,-0.25,-0.2586206896551724,-0.2181818181818181,-0.2061538461538461,-0.0818505338078291,-0.04089219330855,-0.0652173913043477,0.0238095238095237,0.0573770491803278,-0.075268817204301,-0.075268817204301,-0.1164383561643834,0.0661157024793388,-0.0300751879699248,-0.1103448275862069,-0.1283783783783784,-0.0300751879699248,-0.0076923076923076,-0.1456953642384105,-0.0444444444444445,0.0,-0.0583941605839416,-0.1164383561643834,-0.1540983606557376,-0.2037037037037037,-0.2037037037037037,-0.1194539249146757,-0.1987577639751553,-0.2366863905325443,-0.1677419354838709,-0.1809523809523808,-0.14
LVKX-L,23.0,0.4689754689754691,1.2337698147561007e-06,0.1338661145912741,0.0282963254077421,-4.083798882681564,0.2813506929051991,-0.1165,0.7937730943350609,-0.7987528169562755,0.1923076923076923,-0.6502116804168475,1.0,33.0,0.2915254237288136,-1.2370080557397125e-06,0.6966686148451198,2.2115591485988474e-16,0.1666666666666666,-1.0043290043290043,4.1287572541050613e-07,1.4757281553398065,2.0,0.0001736453452986,-0.3511235955056179,0.1653171390013497,2.1153846153846154,-1.1598091830649966,-0.3800773694390715,-0.8580786026200873,1.1153846153846154,1.6536866802719628,-0.3333333333333332,0.0,0.5,0.5,0.5,-0.25,-0.25,-0.25,-0.25,-0.25,-0.25,-0.25,-0.25,-0.25,0.0,-0.25,-0.4,-0.25,0.0,0.0,0.0,0.0,0.0,0.0,0.0,0.0,0.0,0.0,0.0,0.0,-0.5714285714285715,0.0,0.5,0.5,0.5,0.5,0.5,0.5,0.5,2.0,2.0,0.5,0.5,0.5,0.5,0.5,0.5,0.5,0.5
LVSN-L^A20,10.0,0.115580452497771,9.141323721984372e-07,0.0991849106897629,0.1526948829036265,0.3707375391638677,0.7239732309963883,-8.7215,0.1165409110769253,-0.0942369535709465,0.0325263855424745,0.379036268582168,1.0,0.1250112430115807,0.076095682216741,6.825442876287633e-09,-0.0825048659924674,5.859369329806883e-11,0.0244698205546491,0.0283828896623805,2.829506274926755e-07,0.2656100990040603,3.0,0.0511644183107354,0.4758630803605871,0.3169606805067035,-0.9457597916925656,0.0525077719920751,-0.0173331411631816,-0.0216341786434875,0.2418561940885576,7.143031782461262,0.1538461538461537,0.1818181818181818,0.0833333333333334,-0.1333333333333333,-0.0714285714285715,-0.1333333333333333,-0.3157894736842105,-0.2352941176470588,-0.1333333333333333,-0.1875,-0.3157894736842105,-0.2777777777777777,-0.2777777777777777,-0.35,-0.35,-0.1875,-0.2777777777777777,-0.35,-0.5,-0.4583333333333332,-0.3809523809523809,-0.409090909090909,-0.5,-0.5185185185185186,-0.5517241379310345,-0.5517241379310345,-0.48,-0.5,-0.5,-0.5,-0.5185185185185186,-0.5357142857142858,-0.5517241379310345,-0.5357142857142858,-0.409090909090909,-0.4583333333333332,-0.4583333333333332,-0.5666666666666667,-0.48,-0.5,-0.59375,-0.6388888888888888,-0.6388888888888888,-0.6176470588235294,-0.409090909090909,-0.59375,-0.6060606060606061,-0.7045454545454546,-0.6578947368421053
LVWO-L,23.0,-0.0878891004086622,3.390452135398998e-07,0.0367869799248797,0.0271828943529218,0.1568085412009204,3.035248388603073,-12.7584,-1.8624714599494705,-0.0123364174107628,-0.0025804743245188,-0.0023092193072083,1.0,0.1948882425452944,-0.1651857038429695,2.9042969369710725e-08,-0.0391389542051894,3.607781972618115e-08,-0.3910587448817582,0.0270410759021435,4.274369144525923e-07,-0.0155899758493204,2.0,0.4000237576012087,-0.2126517343154634,0.0056037990557199,0.0474940641811805,-0.1996153472685735,0.008723712121107,0.0197217630427755,0.1084218926680481,0.359496756413633,-0.0310427968655817,-0.0396526772793053,0.0162327718223582,-0.0062893081761006,0.0560152768936981,-0.1582952815829528,-0.1410820605746829,-0.1261522254411377,-0.1496668375192209,-0.1008130081300813,-0.126612266385891,-0.0650887573964498,-0.0255506607929514,-0.0215275729873193,-0.0690235690235691,-0.0221043324491599,-0.0281195079086116,-0.0275498241500585,-0.0479196556671449,0.0523311132254995,0.0983118172790467,0.1111855324849298,0.14651002073255,0.1795236402417348,0.2257111193202807,0.1255088195386702,0.1255088195386702,0.1716101694915253,0.1532846715328466,0.1965380454381535,0.2611174458380845,0.2140504939626784,0.2136064374542794,0.1943844492440605,0.352629433346922,0.352629433346922,0.3877038895859472,0.3848080133555926,0.3727761688043027,0.2741935483870967,0.3592789840229413,0.3739130434782609,0.3062992125984252,0.2986301369863013,0.25065963060686,0.2450281425891183,0.2577710386656557,0.3773349937733499,0.3865440869201839
LVWS-L,23.0,0.0460506419596954,2.01341331015464e-06,0.2184587543585183,0.1926766454646017,0.3217115689381933,-0.0299110250283937,0.1875,-0.9708455538405748,0.2271298533676287,0.0004508901594384,-0.0028643885051128,1.0,0.3264525993883791,0.0291397643248311,1.011156912774234e-07,0.0408666012729382,9.222264604968125e-13,-0.2038461538461539,0.0544818042687341,3.658382802741823e-07,0.1500556975296507,4.0,0.0134882322355092,0.1477977143114757,0.3015787799252364,-2.590826691179396,-0.5583381024740328,0.0039073451079338,0.0046173118134854,-0.533902012248469,0.1370402072705275,0.0,0.0,-0.0178571428571429,-0.0178571428571429,-0.0178571428571429,-0.0178571428571429,0.0,0.0185185185185186,0.0,0.0185185185185186,0.0091743119266054,0.0,0.0185185185185186,0.0377358490566037,0.0,0.0,0.0,0.0,-0.0178571428571429,-0.0178571428571429,-0.0178571428571429,0.0,0.0185185185185186,0.0377358490566037,0.0377358490566037,0.0377358490566037,0.0679611650485436,0.0784313725490197,0.0784313725490197,0.0784313725490197,0.0280373831775702,0.0185185185185186,0.0185185185185186,0.0576923076923077,0.0576923076923077,0.0679611650485436,0.0576923076923077,-0.0265486725663715,0.0891089108910891,0.0891089108910891,0.1224489795918368,0.0377358490566037,0.0679611650485436,0.1224489795918368,0.1458333333333334,0.1956521739130434,0.2087912087912089,0.1956521739130434,0.1956521739130434
LVYI-L,18.0,0.4034866585393662,1.3298229452054797e-06,0.1442880419344463,0.0895778342557062,0.1093313172352677,1.1289641006960558,61.1503,-1.185393447874325,0.0095214237130935,-2.0623788390121533e-05,0.0197449854915926,1.0,0.1238782551848339,0.1118891655460201,1.398873287671233e-07,0.1377605159332996,2.3125769317247578e-07,-0.2488942697298406,0.0037374084331918,2.758724109589041e-06,0.3078252243149404,4.0,0.4104829958445197,0.0244626101595788,1.0243525822478954,0.1003706040713122,0.0185610190791462,0.0146594962231202,0.0543874179989668,0.0529107195754062,0.2093193719197625,-0.0266666666666667,-0.0384615384615385,-0.0506329113924051,-0.0853658536585365,-0.1477272727272727,-0.1666666666666667,-0.1935483870967742,-0.25,-0.21875,-0.2924528301886793,-0.3303571428571429,-0.25,-0.1666666666666667,-0.1666666666666667,-0.1666666666666667,-0.1379310344827585,-0.127906976744186,-0.1071428571428571,-0.0625,-0.0506329113924051,-0.0506329113924051,0.0416666666666667,0.1194029850746267,0.0135135135135135,0.1363636363636362,0.1538461538461537,0.25,0.2096774193548387,0.2931034482758621,0.2711864406779662,0.0563380281690142,-0.0131578947368421,-0.0853658536585365,0.0,-0.0506329113924051,-0.0384615384615385,-0.0384615384615385,-0.0384615384615385,-0.0853658536585365,-0.0625,-0.1477272727272727,-0.1379310344827585,-0.1176470588235294,-0.1847826086956522,-0.25,-0.1847826086956522,-0.127906976744186,-0.0740740740740741,-0.1477272727272727
LWAQ-L,30.0,-0.0088175810064944,4.598590946574122e-07,0.0498954906539176,0.068325714390817,0.1095596622056865,0.9518239741184804,-37.2675,0.1730562484564309,-0.0698179023161244,0.001427933092692,-0.0049026225913173,1.0,0.908187528008738,-0.0240267139855862,2.0676428696738485e-08,-0.0406078731131696,2.1712802106654276e-08,0.0363362128068011,0.004250382806913,4.036689736046149e-07,0.0087915369137003,3.0,0.7977019989307844,0.3193075837934919,0.0187526980355905,-0.29830052966816,0.047433581022658,-0.0078883585959037,-0.0148378278260185,0.0677592228718259,2.4626652554039747,-0.0868960722975321,0.0484693877551019,0.0038381018841591,0.0360100828231904,0.0935005701254276,0.2741364038972542,0.3173076923076923,0.348804500703235,0.4471830985915492,0.497657470067673,0.2459939367691641,0.3615712257453858,0.4392196098049026,0.4738729508196722,0.4731182795698923,0.5198098256735342,0.4450025113008538,0.5262599469496019,0.5534557235421167,0.4945454545454546,0.406845965770171,0.3197247706422017,0.3577159037281736,0.5270700636942676,0.6834406085430076,0.4746283956945154,0.2815144766146993,0.2211375212224109,0.218551461245235,0.2612889083735203,0.3282548476454292,0.4464555052790346,0.4746283956945154,0.4320557491289198,0.3791946308724832,0.2860974519445685,0.1947674418604652,0.336895910780669,0.2758314855875832,0.3979591836734695,0.2741364038972542,0.3752390057361374,0.3818443804034581,-0.2945071113290829,-0.2690548780487805,-0.2332089552238806,-0.3372494816862473,-0.3094095055208833,-0.3309302325581396
LWCO-L,29.0,0.173718670948915,1.2357824632673315e-06,0.134084490363654,0.3687931948401345,0.004745174876824,0.0569242181008023,1.1945,0.9238998311113006,-0.0203077195377538,0.0002627868525959,0.019118332074277,1.0,0.5416666666666666,-0.1709952406134321,3.568807772984665e-08,0.0022932153048163,5.409588235830515e-11,0.1939890710382514,0.0012869408687093,1.2481790093697455e-05,0.2241138208264553,2.0,0.0445819287339259,-0.1300837724631807,-0.1944350931631563,0.1944350931631563,0.1944350931631563,0.0011614978261337,0.0100947645758966,0.1944350931631563,0.3275813339079113,-0.2310469314079422,0.0183823529411764,-0.0107142857142857,-0.079734219269103,-0.1261829652996845,-0.1397515527950311,-0.0918032786885245,-0.0673400673400673,0.0259259259259259,0.061302681992337,0.0,-0.0225829216654904,0.0014461315979754,-0.0142348754448399,0.0532319391634981,0.0289747399702822,-0.0078796561604584,0.055640243902439,-0.0641891891891892,-0.1064516129032258,-0.0487637362637363,-0.0071684587813619,-0.0988939492517891,-0.0212014134275618,-0.0107142857142857,-0.0375260597637249,-0.0906106369008535,-0.134375,-0.0673400673400673,-0.0121255349500712,-0.1133162612035851,-0.0546075085324232,0.0124269005847952,0.0540334855403348,-0.0212014134275618,-0.0947712418300654,-0.0704697986577181,-0.0481099656357388,-0.0448275862068965,-0.0591032608695653,-0.1408188585607941,-0.0142348754448399,-0.0864116094986807,-0.0692204301075269,-0.105874757908328,-0.1178343949044585,0.0259259259259259,0.0508345978755691,0.0183823529411764
LWET-L,25.0,0.1058752371264399,1.1888244341527883e-06,0.1289894646698454,0.027424384931439,0.1776947166380442,0.0420703963852907,-31.85,0.1642289160693225,-0.1154568405573183,0.0002789932747936,-0.0012314709236031,1.0,0.97799511002445,0.1458687521251274,6.878954440943436e-08,0.0002349961486741,4.872010784644847e-10,0.0344827586206895,1.2371814257828603e-05,3.878084059184862e-07,-0.0010096930533117,2.0,0.7172936780729591,0.3333333333333333,0.2974756167527252,-0.2974756167527252,-0.2974756167527252,0.0048105608591885,0.0063798219584569,-0.2974756167527252,0.0650167412756498,-0.0404624277456646,-0.0515350877192981,-0.0452538631346578,-0.0577342047930282,-0.0678879310344826,-0.0718884120171673,-0.0567066521264993,-0.1444114737883283,-0.1191446028513237,-0.1008316008316007,-0.1218274111675126,-0.1714559386973179,-0.1244939271255061,-0.1289023162134943,-0.1435643564356434,-0.1306532663316582,-0.1182466870540265,-0.1064049586776858,-0.1100823045267489,-0.0718884120171673,-0.0420819490586931,-0.0577342047930282,-0.022598870056497,-0.0484048404840483,-0.0356744704570791,-0.0431415929203538,-0.1218274111675126,-0.1173469387755102,-0.0668824163969794,-0.0057471264367814,-0.0484048404840483,-0.0494505494505493,-0.0463065049614112,0.01288056206089,0.0116959064327484,-0.0536105032822756,-0.0797872340425531,-0.0768409818569902,-0.0515350877192981,-0.0269966254218222,-0.0748663101604277,-0.0148063781321183,-0.0367483296213808,0.0384153661464585,0.0409145607701564,0.0484848484848485,0.0921717171717171,0.1075544174135725,0.08125
LWFG-L,19.0,0.0430525492684807,8.072991303005767e-07,0.0875933229956812,0.0793358534836733,0.0683314913781357,0.2425782942897904,-0.6970000000000001,0.2026654708940583,-0.0553500704379529,0.0044310467923074,-0.0020154517971111,1.0,33.91044776119403,0.1564348105807537,1.1668568792511813e-07,0.0218492242665615,6.136073462759424e-12,0.0425531914893617,0.0027708208202536,2.2656197567553874e-06,-0.0142498534429631,2.0,0.016276089822103,0.1591836734693878,-0.1122622420072845,0.0811011437605098,0.1122622420072845,0.0098045106210979,0.0409611610606544,0.1122622420072845,0.360604068103716,-0.0714285714285715,0.1200000000000001,0.0181818181818183,-0.0175438596491226,-0.0508474576271185,-0.096774193548387,0.0769230769230771,0.0370370370370369,0.2173913043478261,0.1666666666666667,0.1666666666666667,0.1666666666666667,0.1666666666666667,0.0566037735849056,0.0566037735849056,0.0370370370370369,0.0,0.0,0.0370370370370369,0.0769230769230771,0.1200000000000001,0.1666666666666667,0.142857142857143,0.1200000000000001,0.1914893617021278,0.2173913043478261,0.2173913043478261,0.2444444444444444,0.3023255813953489,0.3023255813953489,0.2727272727272729,0.2727272727272729,0.1666666666666667,0.1914893617021278,0.0980392156862746,0.0370370370370369,0.1200000000000001,0.2727272727272729,0.4736842105263159,0.4358974358974359,0.3658536585365854,0.5135135135135136,0.4000000000000001,0.4736842105263159,0.5135135135135136,0.806451612903226,0.6470588235294119,0.6470588235294119,0.696969696969697
LWFL-L,22.0,-0.3586192641587432,-5.900258916095611e-08,-0.0064018808592458,0.0926856504745952,-0.4263426342634263,5.857327552253934,0.1355,-0.2976649103756481,-0.057924862683669,-0.0024803637866887,-0.0049722979659241,1.0,2.5135135135135136,-1.0983026874115984,-6.426612948898384e-07,-0.0430676237249716,2.2905275612164586e-12,-0.0625,-0.0088879702356345,1.3761611083440265e-06,-0.0531542056074766,2.0,0.0006623477203633,-0.0840586349060925,0.0948847599017872,-0.2543185754251963,-0.3061611738012113,-0.0313799621928166,-0.8058252427184467,-0.2543185754251963,1.6536866802719628,0.0,1.0,1.0,1.0,1.0,1.0,1.0,1.0,1.0,1.0,0.0,0.0,0.0,0.0,0.0,0.0,0.0,0.0,0.0,0.0,0.0,0.0,0.0,0.0,0.0,0.0,0.0,0.0,0.0,0.0,0.0,0.0,0.0,-0.3333333333333332,-0.3333333333333332,-0.3333333333333332,-0.3333333333333332,-0.5,-0.5,-0.5,-0.5,-0.5,-0.5,-0.5,-0.5,-0.5,-0.6000000000000001,-0.5,-0.5
LWFX-L,23.0,-0.0710435693966161,7.113843925477722e-07,0.0771864114944891,0.0671286969135304,0.0617321679603936,3.397669423274662,76.4,-0.4935778437916331,0.0210529365703857,0.0014763779527559,-0.0013031043818798,1.0,0.3130929791271347,-0.0291526845637584,2.68939876206222e-08,-0.056816858772849,6.107084004262424e-08,-0.1036353771025502,-0.0196137146279383,1.1956298496482324e-06,-0.0933457638969817,4.0,0.1829469457933368,-0.1069437029911254,0.0214201495616398,0.1016537963710161,0.0698437338562927,0.0008949667072384,0.00262991794656,-0.0474221789883268,1.00166164633616,0.0091743119266054,-0.0683760683760682,-0.1484375,-0.1550387596899224,-0.0916666666666665,-0.2158273381294962,-0.1865671641791044,-0.2430555555555554,-0.1925925925925925,-0.2430555555555554,-0.3012820512820512,-0.3806818181818181,-0.3511904761904761,-0.3735632183908045,-0.3910614525139664,-0.3876404494382022,-0.3511904761904761,-0.2684563758389261,-0.2922077922077921,-0.0916666666666665,-0.0267857142857143,-0.0438596491228068,0.0582524271844659,0.0582524271844659,0.1978021978021977,-0.0353982300884954,-0.084033613445378,-0.1417322834645669,0.0582524271844659,-0.0438596491228068,-0.1742424242424242,-0.1985294117647058,-0.2377622377622377,-0.2269503546099289,-0.1865671641791044,-0.2430555555555554,-0.2158273381294962,-0.1679389312977098,-0.3735632183908045,-0.4171122994652406,-0.4809523809523809,-0.4522613065326633,-0.4603960396039603,-0.4381443298969072,-0.4656862745098039,-0.4494949494949495,-0.4139784946236559,-0.3735632183908045,-0.31875
LWLC-L,23.0,0.4971177547600716,2.4386178186595933e-07,0.0264594163718896,0.0411273182519579,0.3120929295642248,0.8275137953001365,-0.1200000000000001,0.3175092377340246,-0.0263254684502609,0.0093163482502733,-0.0091206775360455,1.0,2.183404255319149,0.6749519552360829,1.6469543485977548e-08,0.2817250992299913,1.1639477474679238e-10,0.0666666666666667,0.021472888779623,1.138568881521217e-07,0.2197436406995231,4.0,0.1818751844134484,0.0844874005550416,0.0104994788541147,-0.3442045761043411,0.0262187945090809,0.020551374004882,0.0294048667938616,0.3682417758269893,0.4262271094449793,-0.0826086956521738,-0.0927021696252466,-0.1986062717770036,-0.2616372391653291,-0.1481481481481482,-0.2307692307692308,-0.1050583657587548,-0.0573770491803279,0.1386138613861385,0.0849056603773583,0.0526315789473683,0.0574712643678161,0.0772833723653396,0.0360360360360358,0.2777777777777777,0.1979166666666665,0.2299465240641709,0.329479768786127,0.1358024691358024,0.3333333333333332,0.5972222222222221,0.5181518151815181,0.564625850340136,0.6849816849816848,0.8326693227091633,0.940928270042194,0.36094674556213,0.5032679738562089,0.554054054054054,0.6727272727272726,0.5081967213114753,0.6140350877192982,0.6727272727272726,0.8326693227091633,0.8399999999999999,0.6911764705882351,0.6974169741697416,0.6974169741697416,0.9827586206896552,0.9827586206896552,1.0087336244541485,1.1698113207547167,1.2549019607843137,1.4468085106382975,1.72189349112426,1.804878048780488,1.911392405063291,2.026315789473684,2.150684931506849
LWM-L,30.0,0.0924013980584536,9.103501824379785e-08,0.0098774536694691,0.1411766861996017,0.7647715247818972,1.4838978016351323,38.63429999999994,0.1129847273544181,0.0031406820593089,-0.0041751924452061,0.0680700441932806,1.0,0.0909264586492995,0.0504358998519779,6.783504159780535e-08,0.0559167190395081,1.4712429667255585e-06,0.0237231370360033,0.0935615570819193,1.0348759907284493e-07,0.1321903451438468,3.0,19.26660086756073,0.1166845021426812,0.0101202819829548,-0.0620125677054917,-0.0361415542645334,0.084023988360457,0.1801991982549996,0.0106427480702779,0.3847386021462305,0.0112898673440586,-0.0403575297941495,-0.035393411380343,-0.0356559608056614,0.0048213272830404,0.0053916004540295,-0.0301122365179304,0.0263615295480879,0.013733905579399,-0.0557036247334755,-0.1100226073850791,-0.1115847542627884,-0.0980142566191446,-0.0562067128396377,-0.0374898125509373,-0.0340785169029443,0.1092673763306197,0.075265553869499,0.0674902078939441,0.1739562624254473,0.2907103825136612,0.2453427065026361,0.2488544236869931,0.218782249742002,0.3294559099437149,0.2075664621676891,0.1075336042513286,0.0134439359267735,-0.183828610919143,-0.1358536585365853,-0.0922367409684857,-0.0993899339095069,-0.0641838351822503,-0.0567092651757189,-0.0778240499739719,-0.1021287379624936,-0.0473245496101102,0.0122857142857142,-0.0150125104253544,-0.0128169406519922,-0.0756587529350377,0.0016963528413911,-0.0508974015537101,-0.0552,-0.0330240174672489,0.1421663442940037,0.1786427145708582,0.3078626799557031,0.2137718396711201
LWMG-L,22.0,0.0301344093110753,3.620736984716472e-07,0.0392856095443327,0.1589259796806966,0.9349680934968092,0.8887012547699469,-1.702,0.1421683154032939,-0.0259526652819063,-0.0003164640417732,0.0174092849519743,1.0,1.9962486602357985,0.0624420500687405,3.3832044350119304e-08,0.0012037654476015,3.668446097840127e-11,0.0298507462686566,-0.0153572966938298,4.470987288781199e-08,-0.2100872689938397,3.0,0.0774099760845866,0.109357494439739,-0.0324512998736892,0.1963485627808568,0.0669480849443788,0.0140915370916089,0.0166529818700038,0.0940868092865747,0.3950029912619557,-0.088888888888889,0.1780104712041885,-0.0625,-0.1346153846153847,-0.0999999999999999,-0.1743119266055046,-0.1666666666666667,-0.2201039861351819,-0.1525423728813558,-0.1964285714285714,-0.2105263157894736,-0.2474916387959866,-0.2436974789915966,-0.2436974789915966,-0.2834394904458599,-0.2857142857142857,-0.3333333333333333,-0.2822966507177032,-0.25,-0.0999999999999999,-0.0999999999999999,-0.1089108910891089,-0.1176470588235293,-0.1089108910891089,-0.1176470588235293,-0.0816326530612245,-0.0816326530612245,0.0344827586206897,0.0714285714285714,0.0514018691588784,0.1538461538461539,0.1904761904761904,0.2968299711815561,0.4423076923076923,0.4285714285714286,0.4150943396226414,0.4754098360655738,0.5306122448979591,0.490066225165563,0.5789473684210527,0.4754098360655738,0.5,0.6423357664233575,0.8367346938775508,1.1951219512195124,1.1226415094339623,1.0737327188940091,1.1428571428571428,1.8846153846153848
LWNF-L,30.0,0.0287932856508353,4.709933812892695e-07,0.0511035796121054,0.1073943399877927,0.4921626882491549,2.12468515454497,0.4335,0.0848307123716859,0.0036564271163443,0.0025200025200025,-0.0098261692194147,1.0,0.1983240223463687,0.0866166353971232,7.445858366897786e-08,-0.0219226065556443,6.520614474062397e-11,0.0178117048346056,0.0266184736495489,1.793260103108148e-07,-0.0973636762341017,4.0,0.0290409190289704,0.0499689633767843,0.0249743875709581,-0.0042181529431578,-0.0260382267744855,0.0500247565604885,0.0711769678752583,0.0569193927025208,0.4349770061357665,-0.0306122448979592,-0.0248756218905472,-0.1729957805907171,-0.1659574468085105,-0.1265597147950089,-0.1587982832618025,-0.2064777327935222,-0.1463414634146341,-0.0531400966183573,-0.0190190190190189,0.0092687950566425,0.0594594594594595,0.074561403508772,0.0515021459227469,0.0864745011086476,0.0769230769230771,0.0370370370370372,0.0261780104712041,0.0710382513661203,0.0447761194029849,0.0337552742616034,0.0123966942148761,0.0061601642710473,0.0481283422459895,0.1556603773584906,0.2596401028277635,0.1951219512195123,0.088888888888889,0.0652173913043479,-0.0798122065727698,-0.1537132987910189,-0.1493055555555554,-0.1441048034934496,-0.0992647058823529,-0.0798122065727698,0.0392364793213151,0.0261780104712041,0.0337552742616034,0.088888888888889,0.0804851157662625,0.0804851157662625,0.1073446327683618,0.0370370370370372,0.0370370370370372,0.0769230769230771,0.0949720670391063,0.0828729281767954,0.1200000000000001,0.1264367816091955
LWNH-L,30.0,0.1318436540129897,4.735495021787637e-07,0.05138092305803,0.0793558722793061,0.2504750834855445,1.460193048293474,0.3995000000000002,0.3464804875395946,0.0014493241221333,0.0015635571544084,0.0329844440176685,1.0,0.161772117102671,0.1950072793813193,5.316707182807095e-08,0.0874385455505327,1.3480856572154292e-10,0.0727496917385942,0.0720767192665713,2.929296588604041e-07,0.0430849259301142,4.0,0.0531189539850974,0.0318842187247566,0.0488684003027099,-0.1293168186898123,-0.0998482489724956,0.0187243663135316,0.0322806316210273,0.1065081641943602,0.3309019638971274,-0.0416666666666668,-0.0505494505494504,-0.129032258064516,-0.1359999999999999,-0.1037344398340248,-0.0749464668094217,-0.1595330739299609,-0.1037344398340248,-0.1307847082494968,-0.1307847082494968,-0.1849056603773584,-0.0709677419354838,-0.0709677419354838,-0.1147540983606556,-0.1394422310756971,-0.0709677419354838,-0.0999999999999998,-0.2087912087912087,-0.287128712871287,-0.177142857142857,-0.1529411764705881,-0.1411530815109344,-0.0669546436285096,0.0,0.0485436893203883,0.1675675675675676,0.0666666666666668,0.1076923076923077,0.1835616438356164,0.2521739130434783,0.3416149068322982,0.3374613003095976,0.3500000000000001,0.4400000000000001,0.4948096885813149,0.4794520547945207,0.4496644295302014,0.4644067796610169,0.4448160535117056,0.3980582524271845,0.3292307692307692,0.3935483870967742,0.2934131736526948,0.4163934426229509,0.4594594594594596,0.4644067796610169,0.4304635761589404,0.5595667870036103,0.6119402985074627
LWSG-L,22.0,-0.0336613690056147,6.833850530610844e-07,0.0741484357364698,0.0722557352729694,0.123526474610859,2.8029369046689454,-3.8485,-0.1828325692426885,0.0165742219954962,-6.5198048660755e-05,0.0119477155280651,1.0,0.148742157706975,0.0627465698425443,4.1515750014313625e-08,-0.0600221177232393,1.8415735153026883e-09,-0.0383889238514788,0.0194098426042401,7.307827154743436e-07,-0.1092274854281258,3.0,0.0500939232455854,-0.086004437313961,0.0079352642678563,-0.0026036805151443,0.0556419405896583,-0.011631242239182,-0.0266764928759982,0.0229673172282809,0.2014291873631253,-0.0783582089552238,-0.346341463414634,-0.3197969543147207,-0.3366336633663366,-0.417391304347826,-0.4357894736842105,-0.3781902552204175,-0.3495145631067961,-0.3266331658291457,-0.3679245283018868,-0.4044444444444444,-0.4031180400890868,-0.4122807017543859,-0.2872340425531914,-0.2386363636363636,-0.1545741324921135,-0.1702786377708978,-0.1518987341772152,-0.2891246684350133,-0.2984293193717277,-0.1651090342679126,-0.1829268292682926,-0.2637362637362637,-0.1492063492063491,-0.1241830065359477,-0.0462633451957295,-0.1096345514950164,-0.3694117647058823,-0.3110539845758354,-0.3110539845758354,-0.4224137931034482,-0.3867276887871853,-0.3752913752913752,-0.3679245283018868,-0.2776280323450134,-0.1066666666666665,-0.1753846153846153,-0.2047477744807121,-0.2815013404825737,-0.3936651583710406,-0.3752913752913752,-0.3366336633663366,-0.3853211009174312,-0.2910052910052909,-0.1125827814569535,-0.2298850574712643,-0.1854103343465045,-0.346341463414634,-0.3128205128205128
LWUB-L,23.0,0.1036394499229003,5.853355814416232e-07,0.0635099019950528,0.051047372093151,0.1179827163678575,2.447710598143532,0.8699999999999992,-0.2603160990015976,0.003451225749737,-0.0009048667155783,0.0046220419533953,1.0,0.4102420259656996,0.0057901419611062,6.684882529679233e-08,0.001597850890552,6.1462810665159765e-09,-0.0546579580611893,0.036940710831376,8.752212453948678e-07,0.182582877905231,5.0,0.101208352282001,-0.4600427924382653,-0.0402045147337606,-0.6242426208492663,0.0680398172409888,0.0125633162586444,0.0353737558889264,-0.0337053313544786,0.2478056087541846,-0.0268656716417911,-0.056338028169014,-0.0642458100558659,-0.1432225063938619,0.0182370820668693,-0.0373563218390804,0.0534591194968552,0.0244648318042812,0.0090361445783133,-0.1230366492146596,-0.1624999999999999,-0.1829268292682926,-0.2117647058823529,-0.2780172413793103,-0.3418467583497052,-0.2351598173515982,-0.3232323232323232,-0.2780172413793103,-0.3431372549019607,-0.3570057581573896,-0.3326693227091633,-0.348249027237354,-0.3557692307692307,-0.2653508771929823,-0.2669584245076587,-0.2538975501113586,-0.2795698924731183,-0.2555555555555555,-0.1645885286783042,-0.1160949868073878,-0.1276041666666666,-0.1582914572864321,-0.1849148418491484,-0.1829268292682926,-0.1985645933014352,-0.2841880341880342,-0.2522321428571429,-0.1908212560386473,-0.1497461928934009,-0.1561712846347607,-0.1432225063938619,-0.2080378250591017,-0.2209302325581394,-0.2042755344418052,-0.2154566744730678,-0.2403628117913832,-0.1927710843373494,-0.1090425531914892,-0.1114058355437666
LWWC-L^I19,28.0,0.3922017828384783,6.513403713609728e-07,0.0706715334965199,0.1002953278470931,0.2323501471303783,1.1139156600681492,0.4509999999999999,1.7601055570038306,-0.0299847071864824,0.000477922320138,0.0072007855402407,1.0,1.844155844155844,0.2307113959399949,5.73369007632961e-08,0.2588536481297102,8.346322003633624e-12,0.3695652173913043,0.0240433687935219,5.116550995741192e-07,0.6713914335231495,3.0,0.0148380566523908,-0.3297892768709888,-0.0398698168615769,0.5725179408003287,-0.0917611454088535,0.014459578350549,0.0258181818181818,0.4868036550860429,0.113123973171281,-0.1020408163265306,0.2249999999999998,0.1529411764705881,0.0888888888888888,0.0652173913043476,-0.02,-0.0841121495327104,0.0315789473684211,0.2894736842105263,0.1395348837209302,0.1395348837209302,0.1807228915662651,0.2727272727272727,0.3611111111111111,0.4626865671641789,0.4848484848484848,0.4000000000000001,0.441176470588235,0.2564102564102564,0.1395348837209302,0.2564102564102564,0.2249999999999998,0.2894736842105263,0.4000000000000001,0.4000000000000001,0.4000000000000001,0.441176470588235,0.4000000000000001,0.3243243243243243,0.441176470588235,0.1951219512195121,0.1951219512195121,0.1951219512195121,0.3611111111111111,0.2894736842105263,0.3243243243243243,0.441176470588235,0.53125,0.53125,0.5076923076923077,0.4202898550724638,0.4848484848484848,0.53125,0.441176470588235,0.5076923076923077,0.4848484848484848,0.5555555555555556,0.4626865671641789,0.441176470588235
LWXP-L,19.0,0.112969388685194,2.023310172614147e-07,0.0219532580698126,0.0266503213042608,0.1644687084571776,0.9187343175030852,3.7398000000000025,0.4583022978391494,0.0066616223041989,0.0108641403398873,0.0875763017950413,1.0,0.2614470984036113,0.2131612376620576,3.8616131821694346e-08,0.0218479573156286,1.6076298701765887e-08,0.0962286538201588,0.058149451161748,4.244285428917347e-07,0.0543360728440895,5.0,0.9244248007282606,0.1257561072039713,0.029706516406815,-0.1944002113292757,-0.0003970554035801,0.02002892136333,0.0740884536554746,0.1283774082750383,0.8566306200498816,-0.0338833883388339,-0.0673096655037963,-0.1917844758602293,-0.2603141020424769,-0.1708473957858249,-0.087807325639739,-0.0640444810543656,-0.0938995215311003,0.0170060416200492,0.0036435905929117,0.1183562992125983,0.3648648648648651,0.4010480887792851,0.3149139302762911,0.2954253954681487,0.2292089249492901,0.2911931818181819,0.2579573761417104,0.1797534068786503,0.329530495831505,0.3303087955510027,0.5134865134865134,0.5995073024810842,0.4756493506493506,0.5535805845154675,0.4139057396173589,0.4339801230477993,0.5067130780706117,0.4918759231905467,0.5027277235906762,-0.5318535304114951,-0.5695207425648796,-0.5939970521238107,-0.5837721507395026,-0.5717112702600828,-0.4853648870520296,-0.3740962611030778,-0.3833525541008072,-0.3581868248252488,-0.3540363843092665,-0.3247158457766882,0.3056592933065212,0.2945029906009684,0.2546583850931676,0.2775825720309206,0.2729309620501332,0.2303735787763943,0.1924439197166469,0.168831168831169
LXFW-L,22.0,0.1361017409173741,3.790943550714975e-07,0.0411323796140517,0.3539964558541458,0.6121743624529612,1.1171580263286522,0.4519999999999999,0.7937730943350607,0.0073536121641612,0.0002704850134397,-0.0285868466764577,1.0,0.1253141672913268,0.108202029775303,5.440624719561188e-08,0.0270455708793619,9.760290030712191e-11,0.1666666666666666,0.0415261137606141,1.156816630315636e-07,0.2382604923544083,4.0,0.0832509284246133,0.0843100455979433,0.0747104823847021,0.0883302166791714,-0.1074965223929642,0.0243198230789182,0.0317410825642304,0.0395076246111828,0.3548600157479935,-0.0485074626865672,-0.0359712230215826,-0.1006711409395972,-0.1518987341772152,-0.1298701298701298,-0.1999999999999999,-0.1354838709677419,-0.1241830065359477,-0.1598746081504701,-0.2254335260115606,-0.1927710843373493,-0.2576177285318559,-0.1677018633540372,-0.3020833333333332,-0.2637362637362637,-0.2231884057971014,-0.2657534246575341,-0.3163265306122448,-0.3215189873417721,-0.2276657060518732,-0.1753846153846153,-0.1298701298701298,-0.1298701298701298,-0.1492063492063491,-0.1241830065359477,0.046875,0.0894308943089432,0.0806451612903227,0.1754385964912281,0.1964285714285714,0.1260504201680674,0.1260504201680674,0.2523364485981307,0.130801687763713,0.1452991452991454,0.1120331950207469,0.1652173913043479,0.2641509433962263,0.1964285714285714,0.4725274725274726,0.4105263157894738,0.5314285714285716,0.5764705882352943,0.6962025316455696,0.810810810810811,0.810810810810811,0.9142857142857146,0.9851851851851852,0.9851851851851852
LXGK-L,25.0,0.1568561872909699,7.923457459941051e-07,0.0859708554712239,0.1693427437141596,0.5023868627076571,1.9385599382273309,0.0595,-0.0831901932927575,0.0047852409942678,-0.0038939321548017,0.0304764354143894,1.0,0.1417236662106703,0.142947590573338,1.0304835115932445e-07,-0.0166581751323571,7.284643640051349e-12,-0.0174672489082969,0.0380315336837076,2.801764209230094e-07,0.2148445760203002,4.0,0.0057650192976744,-0.0348645533292546,0.0282742212489769,-0.1444103597416645,-0.0205293392520136,0.0161483500598851,0.0240659814119529,0.0690800042840313,0.2754840092076341,-0.0314136125654449,0.0380434782608694,0.0159574468085106,-0.0052083333333333,0.1235294117647058,-0.0052083333333333,-0.0304568527918781,-0.0103626943005181,-0.0497512437810944,-0.0772946859903381,0.2402597402597401,0.2402597402597401,0.3263888888888888,0.3840579710144929,0.425373134328358,0.3082191780821917,0.1790123456790122,0.1369047619047618,0.1104651162790697,0.3642857142857143,0.5655737704918034,0.4921875,0.4921875,0.6754385964912282,1.1704545454545454,1.1704545454545454,1.0760869565217388,1.1954022988505746,1.1222222222222222,1.1460674157303368,0.891089108910891,0.8018867924528301,0.91,0.8365384615384615,1.1222222222222222,0.9895833333333331,1.2738095238095235,1.329268292682927,1.3012048192771086,1.1222222222222222,1.329268292682927,1.3874999999999995,1.4487179487179485,1.7681159420289858,2.0806451612903225,1.8939393939393936,1.7285714285714286,1.7285714285714286,1.984375
LXLD-L,30.0,0.0725247719558357,1.8639234607692669e-06,0.2022388525026678,0.0006124411600951,0.091691796272112,0.1981692564570128,-5.652,0.702684378591694,0.1615467374178616,-0.0002927284274033,-9.908501675062286,1.0,0.0700818748591602,0.0682810161295387,1.6778735378633324e-07,-0.0251361849592016,1.3786079216481887e-11,0.1475409836065575,-0.1105909472877152,1.993679014364031e-06,0.0765229396247812,2.0,0.030790053145157,0.030939226519337,-0.4590401983353993,1.459040198335399,0.4590401983353993,-0.0098889888579893,-0.021322718922229,0.4590401983353993,0.000449982770142,-0.1271186440677965,-0.0483870967741936,-0.1161048689138577,-0.1323529411764706,-0.1601423487544484,-0.1805555555555555,-0.1805555555555555,-0.1833910034602076,-0.1690140845070422,-0.1748251748251748,-0.1719298245614036,-0.1917808219178082,-0.2133333333333333,-0.2460063897763578,-0.2601880877742947,-0.2053872053872054,-0.2027027027027027,-0.1862068965517241,-0.2053872053872054,-0.1777003484320558,-0.2,-0.2027027027027027,-0.1386861313868614,-0.1480144404332131,-0.1631205673758865,-0.1571428571428571,-0.2435897435897436,-0.2387096774193549,-0.1945392491467578,-0.1719298245614036,-0.2133333333333333,-0.2387096774193549,-0.2312703583061889,-0.2625,-0.2236842105263158,-0.2804878048780488,-0.2760736196319018,-0.2738461538461538,-0.2507936507936508,-0.2,-0.2287581699346406,-0.2053872053872054,-0.2185430463576159,-0.2,-0.2185430463576159,-0.1833910034602076,-0.1418181818181818,-0.1161048689138577,-0.144927536231884
LXMQ-L,22.0,0.0241456285300775,1.106200784561361e-06,0.1200246587458637,0.0819277792010622,0.0098812591140586,0.0403854554837709,-15.517699999999998,0.123855696149802,-0.0354819661746442,-0.0003805107005234,0.0104201796095033,1.0,0.0865798716780988,-0.0112295531065351,1.0946480611792355e-07,0.0002030723340883,2.0781586730453037e-09,0.0260056887444127,0.0004145668503506,1.2199457456852856e-05,0.0274788913244098,2.0,0.3573059122996234,-0.0176179375311794,0.1113105520829086,-0.1113105520829086,-0.1113105520829086,0.0014556813042392,0.016516769519041,-0.1113105520829086,0.3776586279712631,-0.0073995771670191,0.0378496982995064,-0.1687170474516696,-0.16023080337328,-0.3238027162258755,-0.2728670253651036,-0.2683681361175559,-0.2958689988835131,-0.2789634146341462,-0.3342716396903589,-0.3437391605966007,-0.3701731025299599,-0.3416840640222685,-0.3625336927223719,-0.3920308483290488,-0.3796721311475409,-0.3995556966042526,-0.3595125253893025,-0.3172140021652833,-0.3290780141843971,-0.3216206525636428,-0.3416840640222685,-0.2863070539419087,-0.2468152866242038,-0.1983050847457627,-0.2542372881355932,-0.2073732718894009,-0.2175351530190239,-0.0572994519182858,0.0015881418740075,-0.0444444444444444,-0.0247422680412369,-0.0615079365079364,-0.0327198364008178,-0.0582379293180685,-0.1360730593607304,-0.1415607985480942,-0.1167133520074696,-0.2428971588635453,-0.2191498142798184,-0.2178586192641587,-0.2340080971659918,-0.2524693796918212,-0.2367890278338038,-0.1244794076816288,-0.0698131760078661,-0.0036861506055817,-0.0439615967660432,-0.0297435897435897
LXMS-L^G20,25.0,-0.1252489693825559,2.510213106473545e-06,0.2723623737108001,0.0254064072014826,-0.1999220093234308,-0.3157269326095044,-388.6,0.1195718450330913,1.0043586457520746,-0.0001157273463719,20.000000000000007,1.0,4.777777777777778,-0.2489261083743842,-7.456156778207486e-07,-0.0232050205069921,4.067301053483746e-09,0.0251062186172267,-0.0001296956783547,3.699826390712549e-06,-0.0083314211074435,1.0,0.4269238673007696,0.4827586206896553,2.0049708848174976,-1.195447075293688,-2.0049708848174976,-0.0320474659681708,-0.0722255763511549,-2.0049708848174976,1.6536866802719628,0.0,-0.4205128205128206,-0.2614379084967321,-0.2802547770700637,-0.3273809523809524,-0.3687150837988827,-0.4405940594059406,-0.4205128205128206,-0.4567307692307693,-0.4405940594059406,-0.4886877828054299,-0.5533596837944664,-0.4234693877551021,-0.4694835680751174,-0.5129310344827587,-0.5406504065040652,-0.5551181102362206,-0.5767790262172285,-0.592057761732852,-0.5905797101449275,-0.5935251798561152,-0.6048951048951049,-0.5799256505576209,-0.5978647686832741,-0.5703422053231939,-0.5830258302583027,-0.6182432432432432,-0.6412698412698412,-0.6245847176079734,-0.613013698630137,-0.6195286195286196,-0.6282894736842106,-0.6378205128205129,-0.6220735785953178,-0.6208053691275168,-0.6435331230283912,-0.6554878048780488,-0.672463768115942,-0.6554878048780488,-0.6412698412698412,-0.6533742331288344,-0.6366559485530547,-0.6616766467065869,-0.6666666666666667,-0.6771428571428572,-0.6834733893557423,-0.6937669376693767,-0.6616766467065869,-0.6807909604519775
LXMV-L,25.0,0.4159317244365443,3.257054199490815e-07,0.0353395897260803,0.264803996925442,0.2543968352318764,1.1189082020642702,0.6499999999999999,0.0670794164226812,-0.0035532984929455,-0.0009421646386521,0.1517691034153168,1.0,0.0709651661842499,0.7562072378329532,3.692192650277306e-08,0.0346748291491176,1.0219506029962384e-10,0.0140845070422535,0.0299218340511839,1.7014492014246657e-07,0.0328456544908439,5.0,0.0704596569237381,-0.3134629712684282,0.007147479305507,0.0986029252750443,-0.0383807249605804,0.0190359312759023,0.028980091883614,0.0231329873115199,0.408194140034709,0.0166270783847981,-0.0321839080459769,-0.1265560165975104,-0.135523613963039,-0.1023454157782517,-0.0321839080459769,-0.1408163265306122,-0.0685840707964601,0.0023809523809523,0.0318627450980391,-0.0023696682464454,-0.0847826086956521,-0.1408163265306122,-0.0560538116591928,-0.1319587628865979,-0.1390593047034763,-0.1825242718446602,-0.0787746170678337,-0.1301652892561983,0.0631313131313131,0.1137566137566137,0.2835365853658538,0.6574803149606299,0.6706349206349207,0.6192307692307693,0.9400921658986175,0.967289719626168,1.313186813186813,1.313186813186813,1.5670731707317076,1.313186813186813,1.313186813186813,1.536144578313253,1.378531073446328,1.3005464480874318,1.536144578313253,1.5987654320987654,1.5987654320987654,1.5987654320987654,1.6645569620253164,1.5515151515151515,1.5670731707317076,1.6815286624203822,1.944055944055944,1.8445945945945947,1.8445945945945947,1.6987179487179485,2.0287769784172665,1.8445945945945947
LXOK-L,20.0,0.0236776943585878,9.10195503446354e-07,0.098757753762114,0.0169058012877945,0.0877566007083408,0.3104560944888344,-51.223,0.1341785186608936,0.1209512878441548,-0.0006906739426847,0.0426937274166992,1.0,0.1217354094068074,0.1349494772336323,2.66779284493078e-08,-0.0452029043620239,1.728634538768663e-08,0.0281731474688187,0.0825100814879203,2.43568216916426e-06,-0.0112659633808947,3.0,0.7012070079319295,0.0454045175638272,0.1184952717291129,0.2940184804205572,0.108033725768516,0.0014870040599685,0.0054662254149721,0.1457575607868387,3.414628534067476,-0.0773195876288659,-0.1059907834101382,-0.2706766917293234,-0.1848739495798319,-0.1261261261261262,-0.174468085106383,-0.2480620155038759,-0.145374449339207,-0.010204081632653,0.0659340659340659,-0.0348258706467661,-0.0628019323671497,0.0543478260869565,0.043010752688172,0.0837988826815641,0.2847682119205297,0.1411764705882352,0.2435897435897436,0.043010752688172,-0.0761904761904762,-0.1491228070175437,-0.286764705882353,-0.351170568561873,-0.3801916932907347,-0.3841269841269841,-0.2679245283018867,-0.2421875,-0.1059907834101382,0.043010752688172,-0.2623574144486692,-0.1601731601731602,-0.3071428571428571,0.0,0.1345029239766082,0.1345029239766082,0.1686746987951808,-0.0628019323671497,-0.03,0.0486486486486485,-0.1141552511415525,-0.2049180327868852,-0.4191616766467065,-0.5012853470437018,-0.5380952380952382,-0.3169014084507042,-0.4565826330532213,-0.5137844611528822,-0.5314009661835748,-0.515
LXUH-L,30.0,1.39993439814857,4.506502216564176e-07,0.0488963123358362,0.067438553727402,0.0921805344147117,0.5584130744393152,-7.3,1.852137220115142,-0.0138852496336576,-0.0037753286801148,0.1962801368042614,1.0,0.1896431070678796,2.3496443525198005,1.4591836996405085e-08,0.6058265644386953,1.46588427776959e-09,0.3888888888888888,0.4045326019941748,8.901020567807103e-07,1.0986770253673488,4.0,0.165703162512166,-0.5184255603047092,0.0824228892545129,-0.0871157195436037,-0.0671463140095044,-0.0043146698775837,-0.0130937880633373,0.2856909378158992,0.9229879145703976,0.0,0.0981308411214954,-0.3276108726752503,-0.4391408114558472,-0.4316807738814994,-0.4404761904761904,-0.4418052256532067,-0.4254278728606356,-0.366576819407008,-0.3911917098445595,-0.4330518697225572,-0.432367149758454,-0.4161490683229814,-0.3919793014230271,-0.248,-0.2679127725856697,-0.175438596491228,-0.0599999999999999,-0.151624548736462,-0.0427698574338085,0.0514541387024609,0.0681818181818181,0.0421286031042129,0.323943661971831,0.4156626506024097,0.5161290322580645,0.378299120234604,-0.7029077117572693,-0.6556776556776557,-0.5523809523809524,-0.6713286713286714,-0.6618705035971223,-0.6828609986504723,-0.6215780998389694,-0.5765765765765766,-0.5965665236051503,-0.6263910969793323,-0.6356589147286822,-0.6433990895295902,-0.6122112211221122,-0.5607476635514018,-0.5414634146341464,-0.5194274028629856,-0.4989339019189766,-0.366576819407008,-0.4088050314465409,-0.3237410071942446,0.0,-0.0248962655601659
LXVK-L,20.0,0.0221343769737306,7.575594120723363e-07,0.0821964793215672,0.0403346752538331,0.0757892760798045,1.0202780880901148,-6.569500000000001,0.3870217159942387,-0.0052889048791493,-0.0019329071873646,0.0434309752404203,1.0,0.1468973013003624,0.0024530879055101,3.0006714324065005e-08,0.033645492665474,4.904746070630476e-09,0.0812620379712006,0.0873651389002786,1.0969459365331422e-06,0.0423773589213036,5.0,0.170862324630035,-0.2651154977668608,-0.0282801266882841,-0.1931977647436762,-0.0407310010676332,0.0068161938226381,0.0164756378097345,-0.0467032933328785,1.3034014957226163,0.0031628887717449,0.0495159059474412,-0.0476907630522089,-0.1254034117104657,-0.0234234234234235,0.0469094922737305,0.061258741258741,0.0385984122638924,0.0630428691510227,0.1493486822175098,-0.0070662130332374,-0.0806881511994186,-0.0592610959583437,-0.2047788723538043,-0.2482662968099861,-0.2698229407236336,-0.2476700376759866,-0.2373869346733669,-0.2691196301290696,-0.2705248990578734,-0.2515289011639376,-0.2671431330886614,-0.2537372147915028,-0.2510856691669957,-0.1723385689354276,-0.2233367451381781,-0.1798530047557285,-0.1743199129488575,-0.1748586341887776,-0.1868838405486498,-0.1439530685920578,-0.1983942531164166,-0.1656036947437871,-0.1328,-0.0510255127563781,-0.1355661881977672,-0.1127221702525724,-0.2080985180546858,-0.2318283053249645,-0.1835592855605767,-0.0757612667478684,-0.0251798561151079,-0.0719178082191781,-0.0892942870859336,-0.0829103214890016,-0.0323896965059934,-0.1143790849673204,-0.0925615881368094,-0.0862235067437381
LXXV-L,27.0,0.0245705838671395,2.4404320225182737e-07,0.026479100791036,0.0249319700421228,0.1212962234354592,1.7155484929513969,3.819000000000001,0.3392296362903888,0.0043744964695372,0.0003815750259688,0.0630327188820895,1.0,0.0604545075198706,0.2523304038492634,5.681101464610504e-08,-0.0360075194774198,2.3305807674741286e-08,0.0712272475831731,0.0573123928628435,1.013221878565602e-06,-0.0184268950991142,4.0,0.330136999688334,0.0554240066386398,0.0082893699979199,-0.060042164283438,0.0658754869285932,0.0128522793931372,0.0662125473719474,0.0199114857744994,0.552534476855923,-0.0313315926892949,-0.0924170616113744,-0.1141094834232845,-0.0360738255033556,-0.054320987654321,-0.0666125101543461,-0.0681265206812652,-0.025445292620865,0.0087796312554873,-0.0974076983503534,-0.072639225181598,-0.0859188544152744,-0.0620408163265305,-0.070388349514563,-0.0718901453957997,0.0758426966292136,0.12426614481409,0.1931464174454829,0.1198830409356725,0.1559356136820926,0.2223404255319148,0.1617795753286146,0.2171610169491526,0.2939189189189188,0.3944174757281553,0.2939189189189188,0.2094736842105262,0.2795100222717148,0.3549528301886793,0.6251768033946252,0.5870165745856353,0.7330316742081449,0.6414285714285715,0.5958333333333332,0.6724890829694323,0.536096256684492,0.5958333333333332,0.4787644787644789,0.5402144772117963,0.5158311345646438,0.6002785515320335,0.4398496240601504,0.4471032745591938,0.51984126984127,0.532,0.4344569288389515,0.5,0.4012195121951221,0.4255583126550868
LYBM-L,22.0,0.0782491582491582,1.3499864172180989e-06,0.1464758127995755,0.0096371882086167,0.2044320223597524,0.5429717673416529,-0.3000000000000007,0.5177855628329895,-0.0029503959847001,-0.0008080808080808,0.0153061224489801,1.0,0.0284022075649481,0.1139959432048682,7.39886947528492e-08,0.0613051649277398,6.336837088260114e-10,0.1087182148417227,0.0826936026936026,6.179653774374181e-07,0.0076152304609218,4.0,0.1143782493845971,-0.011517109444152,0.0093769362615435,-0.0327524836636029,0.0386760877649685,0.0066542288557213,0.009419014084507,0.0386760877649685,0.412048176147499,-0.0808080808080807,-0.0281413612565445,-0.1772853185595568,-0.1356228172293364,-0.1624365482233503,-0.1264705882352941,-0.1160714285714286,-0.0553435114503817,-0.0468549422336328,0.0457746478873239,0.1016320474777447,0.0935198821796758,0.0919117647058822,0.0584461867426941,0.0999999999999998,0.0722021660649818,0.1292775665399239,0.1423076923076922,0.1140285071267817,0.1258529188779378,0.090308370044053,0.1140285071267817,0.134453781512605,0.0999999999999998,0.1199095022624434,0.1232980332829045,0.1353211009174311,0.167452830188679,0.238532110091743,0.2182116488925349,0.2092833876221498,0.2638297872340425,0.2857142857142856,0.2801724137931034,0.32,0.2132352941176469,0.2313432835820894,0.2053571428571428,0.2416387959866219,0.2426778242677825,0.2112561174551386,0.1785714285714286,0.2375,0.4278846153846152,0.448780487804878,0.4776119402985073,0.4820359281437125,0.4445525291828793,0.4473684210526316
LYCY-L,30.0,0.038260266356305,9.004637072003204e-07,0.0977018373862477,0.3191610152242259,0.0325383311530372,2.666604777613044,-23.2016,0.4669855033852422,-0.0081058102765803,-0.0035856286529203,0.0146423938526864,1.0,0.2545379266997947,-0.0697596653258406,-8.130475877518996e-09,-0.0115073866022411,9.838524384999145e-08,0.0980518460329928,-0.0414509502655399,3.658090956202009e-06,0.0671773621311574,3.0,0.1394961571325928,-0.3261363161702343,-0.1065360364565973,-0.1924248841759515,0.0269112708613137,-0.0020942405580938,-0.0106949805545808,0.1887357617153115,1.6536866802719628,-0.0585348755695759,-0.358732299393122,-0.4027632405275277,-0.4305389221556885,-0.5271009448035803,-0.5060595567867036,-0.5113889364617229,-0.4979764209044518,-0.497445834067289,-0.4969141244930347,-0.4508180943214629,-0.4287144573488185,-0.4061199000832639,-0.4030131826741996,-0.4273384183059012,-0.4623068224651337,-0.4876997665649129,-0.5000876117049238,-0.4983295234745911,-0.4844597036501626,-0.4977112676056338,-0.5408754425490827,-0.4572950351911736,-0.4559496567505721,-0.4468786351298952,-0.4827773749093546,-0.4604765506807867,-0.4362774155305275,-0.4354966363276612,-0.4287144573488185,-0.3678262796366054,-0.1855552383671138,-0.2068390325271059,-0.1924709878290403,-0.1503871351995234,-0.1416967509025271,-0.0999999999999999,-0.0755022683084899,-0.1002838221381268,-0.2622187742435997,-0.2436373276776245,-0.2682739163888177,-0.3704766107678728,-0.3813963573287077,-0.3732425307557118,-0.2616459627329193,-0.3010779029887309,-0.170880557977332,-0.1336167628302459
LYQJ-L,16.0,0.0762496462116476,1.5777823034302388e-06,0.1711920522815112,0.1541486439000674,0.0108643396481459,0.1099861955865918,-0.5819999999999936,0.2107795989485863,0.004815855927877,-0.0002881038135554,0.0330743366574625,1.0,0.1827290648838604,0.1398589289745573,1.6805918485633714e-07,-0.0041530997697236,1.3971436116758564e-07,0.0442568958419104,0.0020422778201676,1.734902090208171e-05,0.071056901355519,2.0,0.8457508820218079,-0.516457650878471,-0.0844901405636825,1.0844901405636826,0.0844901405636825,0.0022380028723961,0.0280529320321232,0.0844901405636825,0.1826765932146265,-0.0888429752066115,-0.0142566191446028,-0.0919324577861163,-0.0620155038759689,-0.1102941176470588,-0.0867924528301886,-0.1279279279279279,-0.1640759930915372,-0.12,-0.2341772151898734,-0.1372549019607843,-0.0953271028037382,-0.0546875,-0.0710172744721688,-0.1167883211678832,-0.1824324324324324,-0.156794425087108,-0.156794425087108,-0.1933333333333333,-0.1538461538461538,-0.1102941176470588,-0.1768707482993197,-0.1357142857142856,-0.0970149253731343,-0.0620155038759689,-0.0434782608695651,0.0041493775933609,0.0803571428571428,0.0779510022271714,0.0386266094420599,0.0276008492569002,-0.0745697896749523,-0.0509803921568626,-0.0142566191446028,0.1075514874141876,0.010438413361169,-0.1508771929824561,-0.1151736745886654,-0.047244094488189,-0.0546875,-0.1712328767123287,-0.1669535283993115,-0.1824324324324324,-0.2155591572123176,-0.1433628318584071,-0.1640759930915372,-0.1310592459605027,-0.1070110701107011,-0.1683848797250859
LYRH-L,23.0,0.1148657385457523,7.117875645191977e-07,0.0772301563362589,0.0967733480118476,0.4134675459909753,3.313187520503971,-0.0794999999999999,1.6269883300035406,-0.0067744470762715,-0.0061644127810247,-0.0101932469738798,1.0,0.3262316910785618,0.0828025477707006,8.859819684886573e-08,-0.0385187600627713,1.738970139146851e-11,0.341614906832298,0.0643937761303392,3.099159395792245e-07,0.1962189358133861,5.0,0.0071178151616014,0.1910674487633078,-0.1302387162651846,-0.0673245568848455,0.0932888796533616,0.0274973829819051,0.0395366338762565,0.1560930511481472,0.1754692063774976,-0.0802469135802469,0.0253164556962024,0.0188679245283018,0.0588235294117647,0.1999999999999999,0.0285714285714286,0.08,0.306451612903226,-0.1562499999999999,-0.1960297766749379,-0.2248803827751194,-0.2636363636363636,-0.2602739726027396,-0.2322274881516587,-0.3360655737704917,-0.3360655737704917,-0.3414634146341463,-0.1980198019801979,-0.2465116279069766,-0.2358490566037735,-0.2465116279069766,-0.3769230769230769,-0.3106382978723404,-0.2719101123595505,-0.2465116279069766,-0.2285714285714285,-0.3319587628865978,-0.1195652173913043,-0.0240963855421685,0.1095890410958904,-0.0795454545454544,-0.0470588235294117,-0.0999999999999999,-0.0716332378223495,-0.4130434782608695,-0.4581939799331104,-0.4581939799331104,-0.2879120879120879,-0.5856777493606138,-0.5975155279503106,-0.6359550561797753,-0.608695652173913,-0.6133651551312649,-0.5725593667546174,-0.4873417721518988,-0.5668449197860963,-0.5725593667546174,-0.6096385542168674,-0.55
LYRY-L,21.0,-0.017943409247757,5.971619332758429e-07,0.0647930811998782,0.0871398453970484,0.0570969039002814,3.263573809372561,0.7999999999999999,0.6459855173779856,0.0007593107400809,0.001850138760407,0.0005398181684901,1.0,0.183673469387755,0.3475609756097563,1.675295921407342e-07,-1.0050765543263873e-17,8.675505040450151e-10,0.1356360572872788,0.0082815734989648,3.2479124153735886e-06,-0.0645914396887159,3.0,0.0104050093262954,0.1249999999999999,-0.0217780192404521,0.4501285347043702,0.0691158764765222,0.0116092874299439,0.0650224215246636,0.0501285347043702,0.4267578529734097,-0.0224719101123596,0.0987654320987654,0.0853658536585366,0.0470588235294118,0.0853658536585366,0.0853658536585366,0.0113636363636364,0.1265822784810126,0.0853658536585366,0.1410256410256409,0.1125,0.0987654320987654,0.2027027027027026,0.1410256410256409,0.1125,0.0595238095238095,-0.021978021978022,0.0595238095238095,0.0,0.1410256410256409,0.0987654320987654,0.0,0.2535211267605635,0.5084745762711866,0.5084745762711866,0.4833333333333334,0.3283582089552237,0.2714285714285716,0.3088235294117647,0.3088235294117647,0.0853658536585366,0.0595238095238095,0.0,0.0595238095238095,0.0113636363636364,0.0853658536585366,0.0595238095238095,0.1558441558441559,0.2027027027027026,0.2027027027027026,0.1410256410256409,0.1710526315789473,0.1410256410256409,0.2361111111111111,0.2535211267605635,0.1710526315789473,0.1125,0.5892857142857142,0.6181818181818182
LYWA-L,22.0,0.0265258627161481,7.708038758105032e-07,0.0836335260698894,0.0449132543351874,0.1017376078965422,2.169210047138675,-0.3099999999999996,-0.2440061504407586,-0.0167933405226189,-0.0006479577060333,0.0834819570496518,1.0,0.1553623652898521,-0.0058672356107257,1.6392083204242482e-08,-0.040962189128448,7.487454653496258e-10,-0.0512333965844402,-0.0439428442731663,7.558630183211316e-07,0.0603356433868126,5.0,0.0373907915645127,0.0141000776174091,-0.0243919522284614,-0.0948956942424608,0.0427035994257726,0.0134687111479486,0.0269485903814262,-0.0340316135108304,0.9944877237782308,-0.1052631578947367,0.0178571428571425,-0.1023622047244094,-0.0952380952380953,-0.05,0.0,-0.088,-0.1230769230769232,-0.0338983050847457,-0.0172413793103448,0.0,0.0555555555555553,0.096153846153846,0.0754716981132073,0.0458715596330272,0.0555555555555553,0.0088495575221239,-0.0172413793103448,-0.0172413793103448,0.0555555555555553,0.0754716981132073,-0.0256410256410256,0.0555555555555553,-0.05,0.0,-0.088,-0.1093750000000001,-0.1023622047244094,-0.0952380952380953,0.0270270270270267,-0.0086956521739131,-0.0338983050847457,-0.0172413793103448,0.0555555555555553,0.0178571428571425,0.0088495575221239,-0.0172413793103448,0.1067961165048543,0.1287128712871286,0.1515151515151513,0.1752577319587627,0.3734939759036144,0.2954545454545454,0.4430379746835442,0.4249999999999998,0.6285714285714286,0.7272727272727271,0.8999999999999999,0.7812499999999998
LYWK-L,14.0,0.3258309246328401,3.090211327195553e-07,0.0335293163027652,0.2927280502770443,-0.3041015821828075,0.7153515709822162,0.5092000000000001,-0.5385688844047198,0.3730994841439675,-0.0010785226089153,-0.0373261429280397,1.0,5.401126408010013,0.1548115210015029,-8.49533443347427e-08,-0.1763600759962582,4.952084322101523e-13,-0.1130820399113082,0.0195613186325566,1.3693572794026744e-07,0.9912880957405118,4.0,0.0135626447673106,0.4154453116589143,0.048355190724535,-0.1732977460269758,0.4150790242624649,-0.0419434346510344,-0.0605296949138576,0.2382130453399306,1.6536866802719628,0.0,0.0909090909090908,0.0909090909090908,0.5,0.714285714285714,0.3333333333333332,0.1999999999999999,0.5,1.0,1.0,1.0,0.714285714285714,0.5,1.0,0.5,0.1999999999999999,0.1999999999999999,0.3333333333333332,0.5,0.5,1.4,1.0,1.0,0.3333333333333332,0.1999999999999999,0.0909090909090908,0.1999999999999999,-0.4,-0.25,-0.3333333333333333,-0.4545454545454546,-0.5,-0.5,-0.5384615384615385,-0.6,-0.25,-0.1999999999999999,-0.142857142857143,-0.0769230769230769,0.1999999999999999,0.1999999999999999,-0.142857142857143,-0.0769230769230769,-0.142857142857143,0.0,-0.0769230769230769,-0.1999999999999999,-0.25,-0.0769230769230769
LYZN-L^A21,17.0,0.033457534962951,1.0236994655112476e-06,0.1110731258928112,0.0502990440234949,0.1337386223095406,0.7479661862070692,-0.0694999999999999,0.6803769380014804,0.009334841151894,0.0011724794923853,-0.0040212277054382,1.0,12.084210526315788,0.0460982037216307,4.9195192849093176e-08,-0.0298171599949314,2.2433312530408336e-10,0.1428571428571427,-0.0307389420174497,3.90774823925284e-07,0.0017471431847925,2.0,0.1068427647410858,0.4103194103194102,-1.4517704337562705,1.5067811859990536,1.4517704337562705,0.0035803052514864,0.004947008274575,1.4517704337562705,0.3159651683301123,-0.1148648648648648,-0.0198675496688741,-0.0133333333333333,0.0206896551724138,-0.016611295681063,-0.119047619047619,-0.1003039513677811,-0.075,-0.0326797385620915,-0.0389610389610389,-0.0358306188925081,0.0313588850174215,0.0685920577617329,0.0882352941176469,0.1384615384615384,0.1746031746031746,0.0882352941176469,0.1212121212121211,0.0962962962962961,0.1127819548872179,0.2436974789915966,0.2595744680851064,0.3333333333333332,0.3097345132743363,0.5179487179487179,0.4874371859296482,0.3097345132743363,0.2869565217391305,0.3214285714285714,0.3962264150943395,0.151750972762646,0.1340996168582375,0.1607843137254903,0.1935483870967742,0.1086142322097378,0.0496453900709219,0.0724637681159421,0.0802919708029197,0.1086142322097378,0.1607843137254903,0.1384615384615384,0.1839999999999999,0.151750972762646,0.1297709923664121,0.1384615384615384,0.1127819548872179,0.1044776119402983,0.1935483870967742,0.2595744680851064
LYZR-L,23.0,0.0136103151862464,5.658862408015669e-07,0.0613996155934024,0.0064020486555697,0.1236180904522613,6.897578109978976,0.1999999999999999,0.0264297367703128,0.0022307897064689,0.0007183908045977,-0.005446293494705,1.0,0.0984682713347921,0.1777188328912465,9.94124477083834e-08,-0.0177872643187478,3.032585759096677e-09,0.0055493895671476,0.0286532951289398,1.2375575221133365e-06,-0.0471050049067714,3.0,0.0220595247196349,0.0925289152860268,0.0154377975330198,-0.2578265563152212,0.0084072099185451,0.004946996466431,0.0157657657657657,0.0993163008276359,0.4028211144252216,-0.0529411764705881,0.0240963855421687,-0.1052631578947368,-0.0860215053763441,-0.1052631578947368,-0.0555555555555555,-0.1747572815533981,-0.1904761904761905,-0.1052631578947368,-0.0555555555555555,0.0365853658536585,0.0365853658536585,0.1184210526315789,0.0119047619047618,-0.0058479532163743,0.0119047619047618,0.1486486486486486,0.2056737588652482,0.2499999999999997,0.1971830985915492,0.2499999999999997,0.0897435897435896,-0.0449438202247191,-0.0449438202247191,-0.0285714285714285,0.0365853658536585,0.1038961038961039,0.0625,0.0365853658536585,0.1643835616438356,0.1184210526315789,0.1643835616438356,0.0240963855421687,-0.065934065934066,-0.0116279069767442,-0.1237113402061855,-0.0340909090909091,0.0119047619047618,0.0303030303030302,0.0897435897435896,0.0828025477707006,0.2318840579710146,0.2408759124087589,0.3385826771653542,0.2686567164179103,0.1184210526315789,0.328125,0.3599999999999999,0.2318840579710146
LZDL-L,20.0,0.1211072935493047,7.578587077420877e-07,0.0822289534086654,0.3687998500036618,0.9342530787021062,2.0472388823621763,2.902799999999999,0.7894913307556599,0.0083093641866289,0.002277136817289,0.0112351190510123,1.0,0.1417692617049154,0.0666162253446295,2.648336647679396e-07,0.015585257464971,1.352388441282849e-09,0.1657676348547717,0.0412191062817156,3.512615861673801e-07,0.2600830658178718,4.0,0.0834152055048702,0.244785032592302,0.0434866416607613,0.0381774356095647,-0.3007018443634581,0.0682389043621811,0.0998700917701162,0.1402307324075832,0.5498489533253983,0.0217653338843544,-0.0813692302825144,-0.0909745484143631,-0.105728364644287,-0.0932454798113856,-0.0873459894392758,-0.0781612114670307,-0.0854200132287631,-0.0791259672713433,-0.0911452627625277,-0.0790383456500365,-0.1001022716707472,-0.1121812511465786,-0.1088297578491851,-0.1167183792662894,0.1611548766345423,0.1913592910187502,0.2103793247186327,0.2221988382860509,0.2594118667591949,0.2460092687950568,0.2405793386311201,0.1810860280658939,0.1797903461725987,0.2355644440662099,0.0812109025915996,0.2238472561746607,0.2873863888273109,0.3127034358047016,0.3073251992256089,0.4820845242956311,0.6330352623586974,0.76291664136968,0.7599248439299351,0.8108512628624884,0.8646930387875675,0.9482689210950082,0.9194209413008988,0.8572981962389663,0.869374879289255,0.9541691903896627,0.93245041927326,0.916127755048172,0.8571794051806845,1.4347643803454635,1.4262199197860963,1.345097722500404,1.2725992016905376,1.227788859904864
LZDU-L,17.0,0.0406220239306359,1.2448758543783017e-07,0.0135071138701071,0.0299359370474772,0.2317033320991762,1.5611925234174524,28.0332,0.4611011513935914,0.0569545353396254,-0.0093489032770458,0.0042464021035222,1.0,0.498870205359139,0.1707056225614478,4.243429540918292e-08,-0.0372752756036392,3.5464263779065342e-09,0.0968163225075156,0.0095731283826651,2.6438678385191136e-07,-0.0113960969587389,4.0,0.5495823917811679,0.0765442317299982,0.110052894342467,-0.34320323265846,0.2031151722973523,0.0405037783242316,0.1389658795503745,0.2423440191377664,0.6475188255161005,-0.0316372264698129,-0.1290470723306543,-0.1665568007031421,-0.1493608432383943,-0.117906976744186,-0.0094019326194828,0.072984441301273,-0.0047231697717134,-0.0026295030239285,-0.0694308145240431,-0.1508842623684799,-0.2246524938675388,-0.242157842157842,-0.1221939365887526,-0.1050023596035866,-0.1561735261401557,-0.1586069210292812,-0.1367774237596722,-0.1449504057709648,-0.0062876604663348,0.0669479606188467,0.1567551082647149,0.2133717210492642,0.1410950661853187,0.1995572422517393,0.0423193184940917,0.0574296069138555,0.1764888337468981,0.1620710784313725,0.2106607085860199,0.2338972023422252,0.4089895988112926,0.2749579831932773,0.3138205749913405,0.3271518544436669,0.5239051828043391,0.6377374784110534,1.0186269292176688,0.7874646559849199,0.931262729124236,0.9098690835850958,0.7062528115159694,0.7899952807928268,1.011134676564157,0.935204081632653,0.916624557857504,1.3975979772439948,1.5337341349365397,1.2685406698564594
LZEC-L,4.0,0.0378302749308176,8.567969187727634e-07,0.0929639168814964,0.1460383363710952,1.065394600932414,-0.0240094797155295,-28.2202,0.3304030138856604,-0.162089082308865,2.898373368457325e-05,-0.0092238192473905,1.0,0.8141059957173448,0.0169956724749515,6.428570555029181e-08,-0.0201941874802825,2.5599631414921364e-11,0.0693739424703892,0.0025574010330949,7.129660179633636e-08,0.3754175681164465,2.0,0.1308656830826035,0.2856208932686473,0.4775023896992096,-0.4775023896992096,-0.4775023896992096,-0.0445297231204405,-0.0482530716085552,-0.4775023896992096,0.0008842505433821,-0.0061034371988434,-0.0271875,-0.0067007019783025,-0.067126161222655,-0.0503355704697987,0.0428810720268006,0.0080958549222798,-0.03979025293029,-0.1018465089440276,-0.1931052358735095,-0.2920172845121673,-0.266839378238342,-0.239061354192129,-0.1933143301373413,-0.231358024691358,-0.1842243186582809,-0.1347971095052806,-0.0902980713033313,-0.146421716479298,0.0545392953929539,0.1461708394698084,0.0682910089224433,0.0873209919664688,0.181404174573055,0.2094017094017095,0.1246387283236993,0.1954685099846389,0.2382657120127287,0.2954640033291718,0.4028841820639925,0.4378752886836028,0.5388037567968362,0.4499301350721938,0.5126336248785228,0.5038647342995168,0.4412037037037035,0.577001013171226,0.6836127636560303,0.6401475237091674,0.5357671435619142,0.5111650485436892,0.5635359116022098,0.4816753926701569,0.415,0.3940886699507389,0.3517151541467649,0.5882653061224488,0.6154644525168655,0.6410121244069584
LZHA-L,20.0,0.0904432944686732,3.3304924322390685e-07,0.0361364069899556,0.0935397481694566,0.0841956140037815,0.7730130272297416,-147.686,0.7355246047403463,-0.0095227840249186,-0.0032448773186215,0.021150230455445,1.0,0.2216307722585044,-0.0005906053488456,3.461306034643347e-08,0.036064113877837,3.826644733504761e-06,0.154436368526804,-0.0826171422999964,7.139122469830278e-07,0.1373449168159648,5.0,9.241245206713636,0.0795693073426584,0.0263261646705375,-0.0431159743648569,-0.1095209231900156,0.0041722277802964,0.0132098358866294,-0.1442175034520596,0.6204176702086962,-0.0519074421513445,0.0210727969348658,-0.110678531701891,-0.1267067176406334,-0.0836676217765042,-0.0226161369193154,-0.0773225620311597,-0.0549645390070923,-0.0470798569725864,-0.0873287671232876,-0.1899696048632217,-0.193645990922844,-0.1562005277044854,-0.1924242424242425,-0.1472,-0.1077008928571429,-0.1031968592260235,-0.1702127659574468,-0.1845996940336562,-0.1570901423299946,-0.1398601398601398,-0.1342717920952896,-0.1485623003194888,-0.0643651258045641,-0.0190184049079754,-0.0521636040308239,-0.0925085130533485,-0.0220183486238533,0.0,0.0681362725450902,0.1050449205252246,0.1150627615062762,0.1888475836431227,0.2337962962962962,0.3403185247275775,0.3042414355628058,0.2968369829683699,0.2926434923201295,0.3784482758620691,0.2781774580335732,0.2366589327146171,0.1870824053452116,0.1205325858444288,0.1127348643006262,0.1065743944636679,0.1429592566118656,0.2453271028037382,0.1757352941176471,0.1340425531914895
LZIW-L,6.0,0.1035190568551738,8.328326085287439e-07,0.0903637486306132,0.4316667760267736,0.0311324990129697,0.3173942081288687,17.1464,0.5668135937809692,0.0096299934770363,0.0004770950664457,-0.0051932048551739,1.0,0.0898194671420133,0.0792841836313456,1.1652398161904757e-07,-0.0176419251692998,2.965506346934651e-08,0.1190125150008571,0.0013826346694462,4.3774828289474055e-06,0.1222211332422235,2.0,0.618265399008196,0.4117637899350335,-0.384788671227974,0.384788671227974,0.384788671227974,0.0047504716683786,0.0307826762103795,0.384788671227974,0.4451984656291043,-0.1053295490381582,0.0176508344030807,-0.0203892493049118,0.065524193548387,0.1435268662098809,0.2415818324197338,0.2020470053070509,0.1406474820143886,0.2210242587601079,0.1885307346326836,0.1056485355648535,0.1696790852084102,0.1377825618945103,0.1744444444444444,0.1666666666666667,0.1543502002184202,0.1353383458646617,0.1252661462029809,0.3011899876897825,0.3174075612796012,0.3926218708827405,0.4245283018867924,0.3938461538461539,0.4492687385740403,0.7626459143968873,0.6096446700507616,0.6867021276595744,0.6939102564102566,0.6930058729311266,0.7177681473456121,0.7403951701427005,0.8468258590564937,0.8976660682226212,0.9453987730061348,1.0018939393939394,0.7177681473456121,0.7945670628183361,0.7675585284280935,0.634536082474227,0.6303341902313626,0.54833984375,0.6751188589540413,0.7774663677130045,1.377061469265367,1.4206106870229007,1.4224598930481285,1.439230769230769,1.3628912071535022,1.3162892622352085
LZJJ-L,19.0,0.0585507893799274,2.174774509028764e-06,0.2359667177409252,0.1365090956990623,0.0708615147386975,0.7071948929089786,-642.0867,-0.1355244666351868,-0.0229350729219797,-0.0003818131151163,0.0559121008743131,1.0,0.1517058132403093,0.0852504010903997,2.020228840135881e-07,-0.0051342514706445,2.1612028191596304e-05,-0.0284557529942304,0.0216965188665592,4.8242599744283534e-06,0.0431256930791257,5.0,4.128056379821362,-0.0522224797322977,0.002627940630584,0.0485439598760304,-0.013444040234837,0.0059203886058877,0.0191532382916899,-0.0112272619886121,0.3620882820921465,-0.0989110707803992,-0.0463828314295603,-0.1629955947136563,-0.1670445956160242,-0.1612117521692798,-0.1374452097683156,-0.2469591362580292,-0.3045563549160671,-0.3613075228932421,-0.3091775325977934,-0.2906797116374872,-0.2585116404252455,-0.2539940427836447,-0.2746182201158503,-0.254801190154179,-0.1939730836746634,-0.1966759002770083,-0.2186613726602382,-0.2467532467532468,-0.2377922257573662,-0.2053648687626189,-0.2459285616532092,-0.2375812923758128,-0.2324836328179412,-0.1317365269461078,-0.2173295454545455,-0.1422789539227894,-0.1307777251932481,-0.1583931571712233,-0.0816666666666666,-0.1424124513618676,-0.1722998347604024,-0.197962154294032,-0.1701807228915662,-0.0753482127873804,-0.193619200936631,-0.1774891774891773,-0.1386587462873221,0.1339781848116896,0.0453424397647506,-0.0725467093081971,-0.1998257333720592,-0.1887514723203769,-0.2078780908568143,-0.0897075830166859,-0.1138629784496622,0.0670023237800154,0.1781056232627751,0.0833661030279198
LZKP-L,18.0,0.1267890674776609,3.784574364604648e-07,0.0410632728659776,0.0733403321794848,0.2906033618505084,1.4452713679743108,0.1312999999999995,0.4631870712132225,-0.0023128521504242,0.0040815983323504,0.0484128037566357,1.0,0.0741801637334645,0.085458467240792,5.4251267623125336e-08,0.023548642982401,6.34798193050411e-10,0.0972542981780856,0.1203274604539025,2.3216971168641486e-07,0.2014438946548873,4.0,0.1356684435248912,-0.0365986374282938,-0.0058210163113493,-0.0471703428233695,0.0079743092694168,0.0210325505713849,0.0339532543506128,0.1596819130682969,0.8381948828634331,0.0217978395061726,0.0144814090019569,0.0038729666924866,-0.0123833111068775,0.0013521344407958,0.0077760497667185,0.0180675569520816,-0.5081127241673783,-0.4853568946689168,-0.5345663494343688,-0.541157727031333,-0.4790473319264395,-0.4488038277511961,-0.4309549945115257,-0.4408973252804141,-0.3609467455621301,-0.3442954717935744,-0.33384734001542,-0.3273647333592836,-0.3068592057761733,-0.3142857142857141,-0.2800999861130399,-0.2698591549295774,-0.2753704221414593,-0.2491309385863267,-0.3013477088948787,-0.2775919732441472,-0.2497829232995657,-0.2535637149028077,-0.2473867595818814,-0.1854179761156504,-0.1952809686432784,-0.1689644116704072,-0.1480690221857025,-0.1234359147784917,-0.0973358871669858,-0.0567685589519649,-0.0708012188564257,-0.1009365244536939,-0.0951300401466224,-0.0540145985401459,-0.0644288034650784,-0.072463768115942,-0.1009365244536939,-0.084584142680558,-0.0878057364068273,-0.1183673469387753,-0.1456822676334871,-0.1623848763936015
LZLE-L,19.0,0.0084522431197139,4.6999131030925213e-07,0.0509948532135218,0.0499282476258045,0.0802516493356449,1.098700496209683,10.838,0.1262429008716171,0.0202990310877193,-0.0099765945074487,-0.0052915714384079,1.0,0.1805562871795643,0.0676110725117689,2.0521909746061257e-08,-0.0451159015102278,4.9494373232736875e-09,0.0265069244961349,0.0225686560085842,7.932787904030496e-07,-0.0152835938822732,4.0,0.2473585040440299,0.0165103782797533,0.0187409522193827,-0.052074574336908,-0.0012848781224247,0.0031024148889097,0.0085785685798857,0.020315561769987,1.6756501072032193,-0.0761168842703615,-0.095735282306642,-0.1258540372670807,-0.0684262783385735,0.0375046074456322,0.1078421725868346,0.0478362028850627,-0.0176249890934473,0.080207234001727,0.0519480519480519,0.0301006404391583,0.0251297459710462,0.1958576739245883,0.1268014411529223,0.0231733914940022,-0.1357844642308873,-0.1469161994241551,-0.0807478772044415,-0.1151367494498585,-0.0775092175337975,-0.1065703856530708,-0.2250671071649803,-0.2345502753416275,-0.2041984732824426,0.0424034811591518,-0.1444528875379939,-0.152247571718997,-0.2818141225999873,-0.2458302632460312,-0.187545100303074,-0.0521929455341358,-0.0981978374048857,-0.0614371457152382,-0.1590230056767253,-0.1186692759295499,-0.3009437476716751,-0.1737726572246276,-0.1519921669051743,-0.0141843971631204,-0.2306273062730627,-0.2576157193722801,-0.1916283744974152,-0.2794701139127095,-0.3438046392353421,-0.3144370699628569,-0.3535997244230107,-0.248949369621773,-0.1695677828588287,-0.2186675919500346
LZNC-L,21.0,0.1112270427699373,2.2071352332588903e-06,0.2394779111306769,0.0305851484527186,0.3976056145321337,0.0632864801925494,-400.9978,0.8489801898456472,-0.1937746860351628,0.000728442698501,0.0008314661454175,1.0,0.4599366355427151,0.1067706361913135,1.4144339689911297e-07,0.0787336591141495,9.929819255623349e-08,0.1782583704555252,-0.0099686474878385,3.795559917108934e-07,0.1393424444881774,2.0,3.832151161456192,0.48608793686584,0.3218775140310547,-0.1523765860674023,-0.3218775140310547,0.0151699681874959,0.0177897912272518,-0.3218775140310547,0.1440943468362685,0.0051635111876076,0.0175131348511383,0.0228873239436619,0.0104347826086956,0.0283185840707962,0.0283185840707962,0.0449640287769783,0.0660550458715596,0.1024667931688805,0.0759259259259257,0.1173076923076921,0.0582877959927139,0.0582877959927139,0.0393559928443649,0.0412186379928314,0.0175131348511383,0.0375,0.0139616055846421,0.0121951219512193,0.0139616055846421,-0.021885521885522,-0.0348837209302325,-0.0085324232081912,-0.0364842454394693,-0.0102214650766611,-0.0412541254125412,0.0069324090121316,0.0430879712746856,0.0356506238859177,0.0412186379928314,0.1303501945525291,0.1504950495049504,0.1130268199233717,0.0921052631578946,0.125968992248062,0.1573705179282869,0.1808943089430894,0.2104166666666667,0.1881390593047034,0.2004132231404958,0.2257383966244723,0.2257383966244723,0.193018480492813,0.1905737704918031,0.1619999999999999,0.8328075709779179,0.7932098765432096,0.8503184713375793,0.8741935483870966
LZOI-L,23.0,0.1846976491674289,1.6636123228441057e-07,0.0180504754761997,0.4207836884329998,0.5948303534170064,1.444034522286606,0.3473999999999999,0.8637162153522893,0.0120619494984582,-0.0074927675271264,0.001990466462584,1.0,4.750119789171059,0.4606712151408912,4.4980228010289786e-08,-0.0211736751985457,5.754571401063307e-12,0.1813524590163933,0.0164357481240192,9.757203578628137e-08,-0.1039530142113751,4.0,0.0339381761207032,-0.1653438318001595,-0.0539839308719983,0.261955336399412,0.0598991201303944,0.0538835965236389,0.0854865100441934,0.261955336399412,-0.122832591379417,-0.1185185185185184,0.398963730569948,0.4594594594594594,0.4033264033264034,0.5789473684210524,0.5,0.5428571428571429,0.5393386545039909,0.8367346938775511,1.25,1.3684210526315788,2.75,2.857142857142857,2.571428571428572,2.629032258064516,2.9705882352941178,2.8793103448275863,2.7087912087912085,2.479381443298969,2.033707865168539,2.033707865168539,1.7494908350305498,2.3582089552238807,2.857142857142857,3.2857142857142856,4.1923076923076925,3.1158536585365857,3.3130990415335466,6.03125,10.15702479338843,13.835164835164834,13.67391304347826,14.69767441860465,20.09375,19.454545454545453,20.774193548387096,20.428571428571427,15.463414634146345,21.5,25.47058823529412,23.10714285714285,20.428571428571427,20.774193548387096,16.763157894736842,27.125,31.92682926829269,31.142857142857142,32.75,-0.946
LZOO-L^J22,24.0,0.0560880588708181,4.383285542417247e-07,0.0475593905515916,0.3593373493975904,0.1259763164525069,3.034901634202003,-10.0,-0.1642289160693229,9.018485034921424e-05,-0.0004226287508301,0.0133251628147198,1.0,0.1367902020041355,0.4245423057892132,1.355027486193592e-07,0.0062558272429244,9.733282814815977e-08,-0.0344827586206896,0.0168202337517777,2.113842878462003e-06,-0.0010792143319663,4.0,0.1846648413944273,0.1486383093836312,-0.0244225580048756,0.1901367915846098,-0.012341813578559,0.007641410001171,0.0453282389718652,-0.0056304041825859,0.6763392714820162,-0.0694275274056031,0.0498721227621483,0.0061274509803921,-0.0306965761511215,0.0704041720990875,0.0512163892445585,-0.0301240401653867,-0.153171738009283,-0.0638540478905357,0.0676202860858257,0.0192427063935445,0.1027535258562795,0.0275344180225283,-0.0723163841807907,-0.0403272939801284,-0.0938189845474612,-0.0968096809680967,-0.0707413695529145,-0.1027322404371584,-0.0617142857142856,-0.0403272939801284,-0.1798201798201797,-0.2814004376367615,-0.2672913877733154,-0.2254716981132074,-0.2136015325670497,-0.2067632850241545,-0.1781781781781781,-0.0913115661317099,-0.1698685540950454,-0.3540519276160503,-0.3598440545808966,-0.3768500948766603,-0.3635658914728682,-0.3155481450604417,-0.38478831022855,-0.3696737044145872,-0.3251130291820796,-0.332520325203252,-0.3450339050658156,-0.3615863141524105,-0.380377358490566,-0.3820097854723372,-0.3234445817882158,-0.3195192706174885,-0.3720841300191203,-0.3442492012779552,-0.3322488816592109,-0.3672447013487475
LZOS-L,23.0,0.0431768953068591,1.2396721837900011e-06,0.1345065316285545,0.0764811738648948,0.0669351043246352,2.5270468895391915,-35.35,0.5546828221654452,-0.0378635704537871,-0.0019066119864738,0.0043879926385261,1.0,0.1867298578199052,-0.0597779675491033,-4.1660191462515944e-08,-0.064527528447237,4.019717114349429e-08,0.1164654454621148,0.0601444043321299,2.8134703626205864e-06,0.0949824715162139,3.0,0.0998809741324665,-0.038160525913469,0.273111605961725,-0.0317343238235733,-1.1716162895482358,-0.0129441289129573,-0.0464895635673624,0.0743262822370327,1.6536866802719628,-0.1243339253996448,-0.1469696969696969,-0.4565637065637066,-0.4555125725338491,-0.4806273062730627,-0.4447731755424063,-0.4668560606060606,-0.4576107899807322,-0.3528735632183908,-0.386041439476554,-0.437,-0.4213771839671121,-0.4098532494758909,-0.4004259850905218,-0.3730512249443207,-0.3200483091787439,-0.3513824884792627,-0.3558352402745995,-0.3528735632183908,-0.3920086393088553,-0.3813186813186813,-0.3573059360730594,-0.3297619047619048,-0.3329383886255924,-0.3023543990086741,-0.1887608069164266,-0.3840262582056893,-0.3887079261672096,-0.3813186813186813,-0.3906926406926407,-0.3991462113127001,-0.3631221719457014,-0.3468677494199536,-0.3083538083538084,-0.3134146341463414,-0.3249400479616307,-0.316747572815534,-0.331353919239905,-0.3498845265588914,-0.4255102040816327,-0.4688679245283018,-0.4570877531340405,-0.4733395696913003,-0.4409136047666335,-0.4029692470837751,-0.4653371320037986,-0.3765227021040974,-0.3602272727272728,-0.3208685162846802
LZPC-L,22.0,0.0644698978728207,4.815967946831699e-07,0.0522540679248116,0.1231821359261269,0.2389359255095874,1.6030316607696071,0.0504999999999999,0.3797452677217571,0.0064137039291705,-0.0015714043897759,0.0123708989329862,1.0,0.1648928196672162,0.0844756042400048,6.58757377851853e-08,-0.019481477837359,3.1728183018640344e-10,0.079734219269103,0.0509563843593071,3.422036287293925e-07,0.0375337605253403,4.0,0.064385923120889,0.0168126548675153,-0.0209350752665451,-0.1138514796661859,0.0377071155155977,0.0156087383285899,0.0277672969771421,0.059620828686626,0.3745623350450282,-0.06,0.0416666666666667,-0.1416309012875536,-0.0740740740740741,-0.118942731277533,-0.1902834008097166,-0.209486166007905,-0.2395437262357413,-0.2248062015503876,-0.2307692307692308,-0.1999999999999999,-0.2063492063492064,-0.1735537190082644,-0.1071428571428572,-0.0654205607476635,-0.0697674418604651,-0.1031390134529147,-0.1031390134529147,-0.0740740740740741,-0.1150442477876105,-0.0566037735849057,-0.0196078431372549,-0.0384615384615385,-0.0243902439024389,0.0638297872340425,0.1627906976744186,0.2820512820512819,0.3793103448275863,0.4814814814814814,0.4492753623188408,0.5037593984962405,0.4705882352941175,0.5384615384615383,0.6666666666666667,0.8181818181818181,0.6000000000000001,0.6528925619834711,0.8018018018018016,0.7543859649122808,0.7857142857142856,0.6000000000000001,0.6260162601626016,0.639344262295082,0.8518518518518516,0.96078431372549,0.8867924528301885,0.8518518518518516,0.8518518518518516,0.8518518518518516
LZPS-L^A23,20.0,-0.1843990686011106,2.4762320737701e-08,0.002686753741073,0.162215118077756,-0.0606853815539944,0.721655066124372,-0.5575,-0.8929947311269438,-1.5244396159958862,0.0031161589241051,-0.0101608806096528,1.0,1.0,-0.5482118605703938,-2.8583360210252048e-08,0.0555911803877076,5.760670082596869e-14,-0.1875,0.0064929249507433,4.271624386976557e-07,-0.1486920832715224,1.0,0.0113313462973947,-0.2499999999999999,1.612606395215091,-11.0126063952151,-1.612606395215091,-0.0054902822005051,-0.1002004008016032,-1.612606395215091,1.6536866802719628,-0.0142857142857143,0.0769230769230768,0.0769230769230768,0.1199999999999998,-0.054054054054054,-0.0344827586206897,-0.0789473684210526,-0.1515151515151515,-0.1860465116279069,-0.1860465116279069,-0.0666666666666667,0.2499999999999997,0.4583333333333332,0.7073170731707317,27.0,34.0,27.0,34.0,34.0,34.0,34.0,34.0,34.0,34.0,34.0,34.0,45.66666666666666,45.66666666666666,22.33333333333333,19.0,19.0,11.727272727272728,16.5,12.999999999999998,6.777777777777778,3.999999999999999,3.999999999999999,3.999999999999999,3.999999999999999,3.999999999999999,4.185185185185184,5.08695652173913,4.6,4.185185185185184,4.384615384615384,4.833333333333333,5.666666666666666,5.666666666666666,5.999999999999999
LZUD-L,20.0,0.0739047336020415,1.5601933740511372e-07,0.0169283623652734,0.080654947909555,1.4797651481462215,2.1215156827073023,1.9520000000000013,1.2003618140598422,-0.010945114315955,-0.0137933981615133,0.0778155587433822,1.0,0.2525587036231653,0.1210635882052541,5.5254013886106644e-08,0.0013537532985278,2.125070679558162e-09,0.2520371423157097,0.2551018213638428,4.8822685755445977e-08,-0.0533393662166797,4.0,0.5277191886796097,-0.0481574483178285,0.016968414936415,-0.1236961205942464,-0.1452456999163051,0.0659583505148254,0.082136801051678,0.1261824200470359,0.3335567588807848,-0.049119934506754,-0.0846759085799925,-0.182943143812709,-0.3034925160370635,-0.3267190299021634,-0.2905474081603021,-0.3476635514018692,-0.2976857841023429,-0.3119278974792283,-0.3729466119096509,-0.3492274906766116,-0.3426611058791874,-0.3146303829429093,-0.3583716349310571,-0.3385677541627183,-0.318644540510389,-0.251761102603369,-0.2304299889746417,-0.2965735675208752,-0.2436532507739938,-0.304384965831435,-0.2887918486171762,-0.1864801864801865,-0.0926648096564531,-0.0451436388508892,-0.0795026375282592,-0.1304502580530343,-0.0243610223642172,-0.0099290780141844,0.0249632892804698,0.1357508135750813,0.2797276060764797,0.2783882783882785,0.3011984021304927,0.3971975979410924,0.3237604985098889,0.4274028629856852,0.4946466809421843,0.5580357142857142,0.5225927080087254,0.4174644618508849,0.3176914778856528,0.1844848484848484,0.1996071691627794,0.2245614035087719,0.285451197053407,0.4694736842105262,0.6906574394463669,0.706601466992665
LZWP-L,20.0,0.0383254366932872,6.223694628182001e-07,0.0675281408503262,0.1263403756072212,0.3962682706541678,1.7032354935346683,-3.076799999999998,-0.1436674497702589,0.0030056709366028,-0.000291189475996,-0.0006344020155422,1.0,0.1258234687685075,0.0631043782335544,7.367538584886751e-08,-0.0483405285343263,3.5821702406005635e-08,-0.0301655159800648,0.0437261509580182,3.065250551212668e-07,-0.0081650674168945,4.0,0.561068401717345,0.0840045611735331,0.0349593633838848,-0.0168980235829965,-0.0241255603682032,0.0185514484890404,0.0281285348863527,0.0124072351239805,0.5430478121207372,-0.0267264923917284,0.0346149964678574,0.040706527256116,0.0253025302530254,-0.015650504080653,0.0078647267007472,-0.0450819672131147,-0.0758968811970434,-0.0514433752775721,-0.0668972421953217,-0.0854594112399642,-0.0595358224016145,-0.0215690017178851,-0.0623742454728371,-0.0338328150032984,-0.0037897191720921,0.0098502758077225,0.003720383786959,0.0419758105498526,0.0916835267809605,0.0960017104981825,0.1470127545312149,0.1559364077122562,0.1860249884312819,0.2792612927377089,0.1243693792498352,0.1926477431363424,0.2111045481393973,0.2135416666666665,0.3143589743589743,0.2887492143306096,0.2748072618751553,0.1944541535593615,0.2937910146390712,0.2995309925212319,0.2258758818605764,0.4026542618689286,0.324376695517375,0.3587806494367129,0.3889716840536512,0.3829758532308107,0.3988265793423384,0.3781422234171259,0.3404811715481171,0.4320435815057968,0.4763824884792627,0.5224235224235223,0.5235547629662651,0.5358801498127341
LZWU-L,19.0,-0.0055568777697785,1.92742284326374e-06,0.209128643055017,0.1017896819407782,0.0157929223468952,1.4765399353401751,44.648,0.0656878921489681,-0.0027484092105496,0.0012925376499675,0.3491670802188663,1.0,0.1135208418311811,-0.2966450638189841,-4.3905757530554374e-07,-0.0530497045698171,9.215756497278227e-06,0.0137923319686201,-0.0450516577839024,5.83705000423967e-05,0.0255906526180408,3.0,0.1254018826569236,0.1836526193690942,-0.0067634043135739,-0.0077061442685121,-0.007777214643911,0.0015039236219472,0.0813998645009344,-0.017799317687019,1.6536866802719628,-0.0292397660818712,-0.018369690011481,-0.0328054298642532,0.0919540229885058,-0.0510543840177579,-0.0138408304498268,-0.1458541458541458,-0.2526223776223775,-0.2016806722689075,-0.3614637789395071,-0.3433179723502303,-0.3532526475037821,-0.3590704647676161,-0.3330733229329172,-0.3884120171673819,-0.3987341772151899,-0.4764237599510103,-0.4652908067542213,-0.4916765755053507,-0.4943820224719101,-0.4761029411764705,-0.5383369330453563,-0.5150311968235961,-0.4522741832158872,-0.3786337209302325,-0.4211238997968854,-0.3235759493670885,-0.293388429752066,-0.3267716535433069,-0.3503039513677811,-0.3099273607748184,-0.3542296072507552,-0.2945544554455445,-0.2741935483870966,-0.1911069063386944,-0.1841603053435114,-0.301470588235294,-0.3054427294882209,-0.2248413417951041,-0.4448051948051947,-0.5427807486631016,-0.5604113110539846,-0.5916905444126075,-0.6530032467532467,-0.6637829335430594,-0.6631205673758864,-0.6594982078853047,-0.6211785556047851,-0.6494464944649446
LZXB-L,30.0,0.1766721287054967,9.339136468940566e-07,0.1013312124986532,0.1127164316018805,1.67351598173516,0.2562336025429674,-13.0,0.0592859572532411,-0.0055365542499126,-0.0004468940861015,-0.0025316455696202,1.0,0.75,0.2035640849897189,1.9452102297921482e-07,-0.0049274568847512,2.0717650529362126e-08,0.0124481327800829,-0.0003426187993445,1.1634032474833421e-07,-0.0022805017103762,2.0,2.1145604097461006,0.8749999999999999,0.0344619105199516,0.9655380894800484,-0.0344619105199516,0.0315186246418338,0.0349761526232114,-0.0344619105199516,0.0282584873593978,-0.0675512665862483,-0.0600907029478459,-0.1264488935721813,-0.0880088008800881,-0.1152614727854856,-0.069584736251403,-0.1319371727748692,-0.1190223166843784,-0.0349243306169966,-0.1028138528138529,-0.128286014721346,-0.0929978118161927,-0.0632768361581921,-0.1337513061650993,-0.0969498910675381,-0.1400414937759337,-0.1180851063829788,-0.0829646017699115,-0.1057173678532902,0.0440806045340049,0.1263586956521738,0.1676056338028169,0.1709039548022597,0.1775568181818181,0.211988304093567,0.2447447447447446,0.2714723926380367,0.3158730158730158,0.3414239482200647,0.4646643109540633,0.5183150183150182,0.7489451476793247,0.8259911894273126,0.8504464285714282,0.8840909090909088,0.7199170124481324,0.654690618762475,0.6481113320079521,0.7751605995717343,0.8061002178649237,0.5072727272727271,0.5881226053639845,0.4803571428571427,0.6646586345381522,0.7379454926624738,0.6680080482897384,0.7827956989247309,0.842222222222222,0.8970251716247137
LZXP-L,30.0,-0.038819377606673,3.175548278257418e-06,0.3445523667568143,0.5662217659137577,-0.1632256497449599,1.1597089660016786,-0.486,-1.5875461886701223,0.5107452416303319,-0.0136349053577157,-0.1967871485943772,1.0,0.1032412965186074,-0.0431372549019608,-1.373034194082613e-06,0.1537706527073449,2.087361723515862e-14,-0.3333333333333334,-0.0920757138273981,6.572343772622935e-06,-0.0367191225560324,2.0,8.641187195090368e-05,-0.4606532268079646,-1.7205193090549016,0.7583842231493241,1.5369127516778525,-0.227630285152409,-0.6822200392927309,0.5369127516778525,1.6536866802719628,-0.4,0.25,-0.375,-0.375,-0.1666666666666666,-0.375,-0.375,-0.5,-0.375,-0.375,-0.375,-0.1666666666666666,-0.1666666666666666,-0.375,-0.2857142857142857,-0.2857142857142857,-0.2857142857142857,-0.1666666666666666,-0.375,-0.375,-0.1666666666666666,-0.1666666666666666,-0.4444444444444444,-0.4444444444444444,-0.5833333333333333,-0.5833333333333333,-0.5833333333333333,-0.5,-0.6428571428571428,-0.7222222222222222,-0.6875,-0.5,-0.5,-0.5,-0.6428571428571428,-0.6875,-0.6875,-0.75,-0.75,-0.7727272727272727,-0.7916666666666666,-0.7727272727272727,-0.7916666666666666,-0.7916666666666666,-0.7916666666666666,-0.7916666666666666,-0.7916666666666666,-0.7916666666666666,-0.7916666666666666
LZXW-L,23.0,0.1377574746286621,2.0364953834494774e-06,0.2209631984061316,0.2430216622989445,0.2690562950844055,2.3497390655431687,0.3205,1.1621749610838696,0.0360290120177733,0.0105768448458221,0.0086957275382026,1.0,0.0971003170810165,0.1415820791039551,3.448794369028345e-07,-0.0661292386436341,2.0263511427534423e-11,0.2440191387559809,0.0189566977596629,2.233078743832535e-06,0.1363660435312185,4.0,0.0027016402554675,0.1939541781861304,0.2284559399195278,-0.4915547923378515,1.3333244347152886,0.0121301469066832,0.0248964858265208,0.3333244347152886,0.9560843933014728,0.0,0.0588235294117647,-0.0999999999999999,-0.1666666666666667,0.0,-0.1428571428571429,-0.0999999999999999,-0.0425531914893616,0.1538461538461537,0.1538461538461537,0.2162162162162162,0.2857142857142858,0.2857142857142858,0.2162162162162162,0.2162162162162162,0.25,0.1842105263157893,0.1688311688311687,0.125,0.0975609756097561,0.1538461538461537,0.1842105263157893,0.1538461538461537,0.2162162162162162,0.1538461538461537,0.1842105263157893,0.2857142857142858,0.3636363636363635,0.40625,0.5254237288135595,0.3636363636363635,0.2162162162162162,0.2857142857142858,0.4516129032258065,0.2162162162162162,0.1538461538461537,0.2162162162162162,0.1842105263157893,0.0,0.0,0.0,-0.0217391304347825,-0.0217391304347825,-0.0217391304347825,0.40625,0.25,0.2162162162162162,0.125,0.1538461538461537
LZYO-L,29.0,-4.5672527974479206e-05,1.633903206343582e-06,0.1772812653020523,0.4962507210151894,0.1447562776957164,-0.0102455411841847,-0.296,-1.2989014270937358,-0.2767909705286513,-0.0122954608486641,2.4250000000000003,1.0,0.6923076923076923,-0.0042474246936483,1.4980383388225626e-08,0.0057091963735184,7.548918532805561e-15,-0.2727272727272726,0.0003653802237953,1.115918398919695e-07,0.0593155893536122,2.0,0.0035096272527876,0.2115384615384615,0.5192019950124688,-0.5192019950124688,-0.5192019950124688,-0.0119439115739472,-0.0128211414002745,-0.5192019950124688,-0.1768648855905842,0.0,-0.0476190476190475,-0.0476190476190475,-0.0476190476190475,-0.0909090909090908,-0.1304347826086956,-0.0909090909090908,-0.0909090909090908,-0.0476190476190475,-0.0909090909090908,-0.0909090909090908,-0.0909090909090908,-0.0909090909090908,-0.0909090909090908,-0.0909090909090908,-0.0909090909090908,-0.0909090909090908,-0.0909090909090908,-0.1304347826086956,-0.1304347826086956,-0.111111111111111,-0.0909090909090908,-0.0476190476190475,-0.0476190476190475,-0.0476190476190475,-0.0476190476190475,-0.1304347826086956,0.0,0.0526315789473683,0.0526315789473683,0.0810810810810811,0.0526315789473683,0.142857142857143,0.0526315789473683,0.0526315789473683,0.0526315789473683,0.0810810810810811,0.1111111111111111,0.1111111111111111,0.142857142857143,0.1111111111111111,0.142857142857143,0.1111111111111111,0.1111111111111111,0.25,0.25,0.2903225806451615,0.25,0.25
LZZD-L,23.0,-0.0185160866710439,6.883948485502554e-07,0.074692007032356,0.2825796093122826,-0.1607448223446703,1.490761540442619,-0.3399999999999999,0.1905055426404148,0.2509179489991004,-0.0020814061054579,-0.0005557597458028,1.0,0.3070175438596491,0.1017964071856288,-2.6361608748830853e-07,0.0117966730730996,3.865245211332465e-13,0.04,-0.0533158240315167,1.4625512626807684e-06,-0.0664952240999265,3.0,0.0009769354724731,-0.2004048582995951,0.0268502363329441,0.0043293653135421,-0.3164058822421812,-0.0355722806021016,-0.0865883166263394,-0.1232841891204881,1.6536866802719628,0.0512820512820511,-0.1136363636363636,-0.0930232558139534,-0.1521739130434782,-0.1702127659574467,-0.25,-0.25,-0.3709677419354839,-0.3709677419354839,-0.390625,-0.390625,-0.4264705882352941,-0.4264705882352941,-0.409090909090909,-0.4583333333333332,-0.6020408163265306,-0.6213592233009708,-0.5760869565217391,-0.6138613861386139,-0.6578947368421052,-0.5568181818181819,-0.5851063829787233,-0.5568181818181819,-0.6320754716981132,-0.5125,-0.5617977528089888,-0.5185185185185186,-0.409090909090909,-0.3035714285714286,-0.3035714285714286,-0.3709677419354839,8.75,8.75,8.75,8.75,8.75,8.75,8.75,8.75,8.75,6.8,6.8,6.8,6.8,6.8,6.8,8.75,6.8,6.8
LZZF-L,11.0,-0.355204148369616,4.121652363927993e-06,0.4472062625102024,0.0730999550475211,-0.620001755881495,1.0561711770020656,9.5381,-4.606118853371578,-0.3837333237183752,0.0035155768451825,0.1445367546534863,1.0,0.246355512239394,-0.2614249366597471,-1.5689022212699948e-06,-0.4622268060269534,1.0084504653885684e-11,-0.9671359246624708,0.0038438405120059,1.7466116915585349e-06,-0.0168993676075796,3.0,0.002817705908244,0.6519594661503453,0.0618162918490477,0.1038043392602559,-0.7324360022060808,-0.0015154048522586,-0.0017998180072294,-0.1147213937723461,1.6536866802719628,0.0,0.0,0.0,0.0,0.0,0.0,0.0588235294117645,0.0,0.0,0.0,0.0,0.0,-0.1,-0.1,-0.1,-0.1,-0.1,-0.1,-0.1,-0.1,-0.1,-0.1,-0.1,-0.1,-0.1,-0.1,-0.1,-0.1,-0.1,-0.1,-0.1,-0.1,-0.1,-0.1,-0.1,-0.1,-0.1,-0.1,-0.1,-0.1,-0.0526315789473684,-0.0526315789473684,-0.1,-0.1,-0.1,-0.1,-0.1428571428571429,-0.1428571428571429,-0.1818181818181818
MAAQ-L,19.0,0.0305961754780652,2.0181655311431242e-07,0.0218974378384814,0.1493123772102161,-0.24375866851595,4.030905138946009,0.5085,0.5831802325726976,0.120852234061448,-0.0014836795252225,0.007602379119238,1.0,0.3870967741935484,-0.363103953147877,-1.1799695787449838e-07,-0.0026589851539995,7.199114130530704e-13,0.1224489795918366,-0.374578177727784,5.12351142120856e-07,0.3494908350305499,1.0,0.0018180090580594,-0.5082824760244115,-0.1224760008441971,1.4432009811436457,0.3357604598525409,-0.0506370114446123,-0.1328611898016997,0.4432009811436456,1.6536866802719628,0.0,0.0,0.0909090909090908,0.1999999999999999,0.1999999999999999,0.1999999999999999,0.1999999999999999,0.0909090909090908,0.0,0.0,-0.142857142857143,0.0,0.0909090909090908,0.0909090909090908,0.0909090909090908,0.0,0.1999999999999999,0.1999999999999999,-0.142857142857143,0.0,0.0909090909090908,0.1999999999999999,0.0909090909090908,0.0909090909090908,0.1999999999999999,0.0909090909090908,0.0909090909090908,0.1999999999999999,0.0,0.0909090909090908,0.0,0.0909090909090908,0.0909090909090908,0.0909090909090908,0.0909090909090908,0.0909090909090908,0.0,-0.142857142857143,-0.142857142857143,-0.142857142857143,-0.1999999999999999,-0.3333333333333333,-0.368421052631579,-0.4285714285714286,-0.4285714285714286,-0.4285714285714286,-0.4545454545454546,-0.4545454545454546,-0.4545454545454546
MACX-L,13.0,0.0151958989381179,3.081099109574672e-07,0.0334304471982022,0.4714156898106402,0.1021189685984171,3.022427884263591,0.0285,1.7639402096334684,0.0414861907229922,-0.0028328611898016,0.0125289719412898,1.0,0.3081081081081081,0.1246628708420736,1.1739866045008742e-08,0.0016353229762878,6.362344955597179e-13,0.3703703703703703,0.0508971072867081,1.4711776190668298e-07,-0.1567058823529411,3.0,0.0034246422590916,-0.4126689189189189,0.2248412879975654,0.2216186119092112,-0.0052760071213119,-0.0063203463203463,-0.009832974137931,0.4198620247072036,-0.6822903086436769,-0.072072072072072,-0.1654135338345865,-0.0512820512820512,0.0776699029126213,0.3373493975903612,0.5502793296089385,0.48,0.3874999999999999,0.412213740458015,0.3341346153846152,0.9137931034482758,1.5813953488372094,1.4999999999999996,1.6179245283018866,1.8461538461538465,1.2379032258064515,1.7475247524752473,1.890625,2.117977528089888,1.331932773109244,4.336538461538461,4.045454545454545,4.045454545454545,4.441176470588235,4.138888888888888,3.999999999999999,3.703389830508475,3.625,5.453488372093023,5.166666666666666,2.1714285714285717,2.0494505494505493,2.363636363636364,2.827586206896552,2.827586206896552,2.936170212765957,2.936170212765957,3.3700787401574805,3.3700787401574805,3.3700787401574805,3.021739130434783,2.8013698630136985,3.86842105263158,4.138888888888888,6.302631578947368,5.166666666666666,3.625,3.269230769230769,2.651315789473684
MADG-L,23.0,0.0942354285596652,2.044221483918567e-06,0.2218014933930642,0.0356644927850729,0.0180729635725752,0.0635157903115582,-4.730200000000004,0.3708611998122823,0.0091044905085762,0.0001664960034241,0.0343319926000401,1.0,0.1222443337148119,0.063596259592904,2.420252424775672e-07,-0.0044134591186212,1.2396243448533702e-09,0.0778688524590163,0.0009003058184199,1.4574431707672169e-05,0.0986746376191175,2.0,0.1625885393800479,-0.1480480825913175,-0.0403505912518901,0.0403505912518901,0.0403505912518901,0.0034388613292077,0.0279508920591308,0.0403505912518901,0.4000508797520195,-0.0286677908937604,-0.0404530744336569,-0.0904907975460123,-0.032626427406199,0.0349040139616054,0.0551601423487544,0.1360153256704981,0.0961182994454712,0.0551601423487544,-0.0542264752791068,0.0,0.0421792618629173,0.0920810313075506,-0.0100166944908181,0.0154109589041095,-0.0246710526315789,0.0458553791887124,0.1338432122370936,0.1381957773512476,0.1650294695481335,0.158203125,0.0224137931034482,0.1273764258555132,0.1836327345309381,0.2302904564315351,0.2431865828092243,0.4534313725490195,0.5855614973262031,0.6798866855524079,0.6991404011461315,0.8473520249221183,0.8945686900958467,0.8706624605678233,0.8825396825396825,1.0807017543859647,1.1103202846975089,1.188191881918819,1.180147058823529,1.051903114186851,0.8589341692789969,0.8765822784810124,0.7544378698224852,0.6472222222222221,0.6114130434782608,0.6942857142857142,0.7492625368731562,0.8359133126934983,0.7188405797101447,0.6991404011461315
MASR-L,25.0,0.0451348695414996,1.442614480712182e-06,0.1565261145769116,0.1522382948489344,0.1368691792702383,0.9028039206462336,-10.5523,0.0184163898820169,-0.059704510102647,-0.0005290313066469,0.097525430497289,1.0,0.138137731337722,0.027752216171874,2.5759392465550853e-08,-0.0140290714777515,1.0793432339267701e-09,0.0038668459986549,0.0842753559827684,1.4472017123535765e-06,0.0707564271702253,4.0,0.0603586731441097,-0.0539830983626475,-0.077763822976253,-0.2008204207689208,-0.0297615033225381,-0.0024085695545449,-0.0049825248901546,0.0209283560276819,0.3435898077127873,0.0219981668194317,0.01441190144119,0.0036798528058878,-0.0126696832579186,0.0013767783386875,0.007852193995381,-0.0998349834983497,-0.1101141924959216,-0.0972279685560613,-0.2726666666666666,-0.3116719242902208,-0.262339418526031,-0.3651440209485015,-0.3627336448598131,-0.368268674001158,-0.3901621017328116,-0.3742472039002007,-0.3644043110981648,-0.3580464842600765,-0.3385874507426493,-0.3455308938212358,-0.3484622275306062,-0.3435619735258725,-0.3441538923955516,-0.3357686453576864,-0.3820447465307278,-0.3610541727672035,-0.336374695863747,0.9836363636363636,1.0,1.1646825396825395,1.1392156862745102,1.0980769230769232,1.1518737672583828,1.2129817444219069,1.2800417972831766,1.3820960698689957,1.346236559139785,1.2705515088449535,1.2848167539267012,1.389923329682366,1.3614718614718613,1.3437164339419976,1.2705515088449535,1.3114406779661016,21.96842105263158,21.26530612244898,20.603960396039604,20.184466019417474
MATB-L,23.0,0.0243401816583822,7.562410643629311e-07,0.0820534363621532,0.0950968885705966,0.1665662673053376,3.1502926079262696,-1.302200000000001,0.4869308729730955,-0.0036633425333565,4.710015208007888e-05,0.0066661154447551,1.0,0.1750623862212519,0.11636412097221,1.0080237272338553e-07,-0.0364552223771614,5.492908115438257e-08,0.1022397282985499,0.000433465771711,1.341847652053448e-06,-0.0220267961799116,4.0,0.1681736314243624,-0.0239405760752421,-0.0105335115798168,0.2548575394965769,-0.0378778969746018,0.0108507667725256,0.030185168032014,0.0801964096113681,0.3981555176158858,0.064139941690962,-0.0877659574468083,-0.1530864197530863,-0.2114942528735631,-0.2394678492239467,-0.2702127659574468,-0.2717622080679405,-0.467391304347826,-0.452950558213716,-0.4763358778625953,-0.5134751773049645,-0.5723192019950124,-0.5591259640102828,-0.5658227848101266,-0.5680100755667506,-0.5339673913043479,-0.4918518518518519,-0.4714946070878274,-0.3221343873517786,-0.0754716981132075,-0.1381909547738693,-0.0901856763925729,-0.0171919770773638,-0.0602739726027397,0.3830645161290322,0.3346303501945527,0.3503937007874016,0.4978165938864629,0.4721030042918455,0.7411167512690355,0.7323232323232325,0.573394495412844,0.587962962962963,0.698019801980198,0.5590909090909091,0.3999999999999999,1.0538922155688626,0.7150000000000001,0.7958115183246075,0.6570048309178746,0.4913043478260872,0.5662100456621006,0.6333333333333333,0.6650485436893203,0.6333333333333333,0.5520361990950227,0.4721030042918455,0.9055555555555556,0.9488636363636364
MATJ-L,19.0,0.0609657412659621,7.690964524961697e-07,0.0834482677483462,0.0427063235381765,0.0776978399989931,1.6746001138594713,-8.368699999999997,0.3571074295239108,-0.0109005674451672,0.0005871719123257,0.0076463354610288,1.0,0.529370945704755,0.0857497219166598,7.422770094315516e-08,0.0392374611540703,1.0993999902930189e-07,0.0749810057123561,0.0133183621525897,1.5774725477360072e-06,0.0494588294890602,5.0,0.4256575196393501,-0.0153541200584578,0.1873009195290905,-5.279079966751145,-2.351629845445454,0.0109646796801693,0.0337323364938684,0.0778063872835003,1.083951330624515,-0.0834265821210992,-0.0812200137080192,-0.3557353412367831,-0.4179331306990881,-0.3976183343319353,-0.4662198035572072,-0.4695640704346104,-0.4826987393877024,-0.4498255694643955,-0.4171739130434782,-0.4371194625236194,-0.4215333716915994,-0.3879926951757722,-0.4367252608726101,-0.424513451631368,-0.3969860548807916,-0.3816881918819188,-0.3380246913580246,-0.3614132592298531,-0.3070560868441456,-0.2918647649234019,-0.2454264002251618,-0.1361830093437868,-0.1359045981951009,0.0269407558733403,-0.0331770645510276,-0.1142070484581496,-0.0897464916251696,-0.0970023576961938,0.0084002006018053,-0.1205991690356438,0.0099196383726771,-0.0235522641738497,0.0226319135410044,0.0493150684931507,0.0091593475533249,0.0435967302452318,0.0661452810180276,0.0987704918032787,0.1738178633975482,0.3159358638743457,0.3978102189781023,0.3845756584610087,0.3810096153846154,0.5767496569300139,0.4463226038482288,0.6251768033946252,0.6542575071986838,0.6127932624824546
MAUP-L,23.0,0.1105392702692339,1.5193147070428092e-07,0.0164848219044333,0.0713378978561814,0.1901444284728508,4.45592162130974,2.1458000000000084,-0.5667872270246563,-0.0019980721649564,-0.0003341272656811,0.000369332983422,1.0,0.18107669496575,0.0498333864212717,5.0469035641480896e-08,0.0209452198604431,2.2289821353131907e-06,-0.1190069788351482,-0.0118071382772253,3.640325096994805e-07,0.1380742176165839,3.0,3.4203917357849924,0.0618066752271531,-0.020564541900542,1.1744360743825215,0.0053532673331447,0.0256350741344848,0.0926150784595888,0.1744360743825214,0.476777281977124,-0.0952253458277554,0.0454375816383652,-0.0705872594558726,-0.1010109114249037,-0.07739810621655,-0.0095465393794749,-0.0149450549450549,-0.0236995730591618,-0.0007134575938642,-0.0388574369531652,-0.1310585498255136,-0.1500417203974817,-0.1383420486004306,-0.1417081577939487,-0.1976369495166487,-0.1893358414122413,-0.1353499498418088,-0.125906857009127,-0.1040300655685271,-0.0400925212027757,-0.0102464446603656,-0.0262448944120969,0.0381728898360047,0.0423255813953489,0.1019866247049565,-0.0057675244010648,-0.0068250310228682,0.0626896813353565,0.0403899721448468,0.0711213077143675,0.1882290562036055,0.1217339072980276,0.1163694330975391,0.1977552111170497,0.2368914891268352,0.2227193365342645,0.2698322756119673,0.2599797593612953,0.3126757263355202,0.2938799076212472,0.2783799201369079,0.2415512465373961,0.203156877483088,0.1178172386272944,0.1097355650193125,0.1730527638190955,0.2303722411331943,0.2840935136374054,0.3003365440408494
MAUU-L,20.0,0.1282055051817357,3.979080193695544e-07,0.0431736940559221,0.2141048058974227,0.7650343385296274,1.199382500029868,2.0897999999999968,0.1447047521332237,0.0343627899514464,-0.0034026631781712,0.0512149624257539,1.0,0.1961836140479931,0.0242364012571211,7.904075688796544e-08,0.0041075362776117,1.6689077219554943e-08,0.0303833159135655,0.0342827481502373,1.624726354741824e-07,0.5014775263938439,3.0,0.9432665808169228,-0.0079584525038792,-0.0259533027622738,-0.0717261864336007,0.0535210425667025,0.0481852019278108,0.0684259847176566,0.0269041384153964,0.3725276416344368,-0.0492957746478872,0.0458265139116202,-0.1746851792056829,-0.2002503128911139,-0.2235722964763062,-0.1434316353887399,-0.1225540679711637,-0.1270491803278689,-0.2145052243392747,-0.2259236826165961,-0.2872281093139989,-0.2379248658318425,-0.2042341220423411,-0.258485639686684,-0.2361028093245667,-0.2204940530649588,-0.1744186046511628,-0.2084236605760298,-0.1962264150943397,-0.2340425531914893,-0.2333533293341333,-0.2223912382111347,-0.1434316353887399,-0.1831255992329817,-0.1100278551532033,-0.1417058428475487,-0.0955414012738854,-0.0848549946294308,-0.0968197879858657,-0.0864903502501787,0.0557620817843864,0.0110759493670884,0.0649999999999999,0.079847908745247,0.0858113848768054,0.0488305293393516,-0.0100697134004648,0.0566349731293922,0.2165635411708708,0.4723502304147464,0.3141388174807198,0.2547864506627393,0.2096545196403219,0.1877323420074348,0.2456140350877191,0.3284823284823286,0.5214285714285714,0.6197718631178708,0.4335389792484576
MAUV-L,19.0,0.0994819241281097,2.423298942449944e-07,0.0262932039703894,0.2474056236065584,0.6411338907625775,1.1345044688739212,-0.0476000000000027,-0.3739229680407527,-0.0049958541141197,-0.0006963465713897,0.0115333021923745,1.0,0.1588642284768169,0.1511051271821557,6.187545209773527e-08,-0.0641068007088187,6.2635108446642155e-09,-0.078511724721111,-0.0024470327246597,1.1710575170681693e-07,0.006112959798543,4.0,0.8057453678534944,0.0049900231978751,0.0193379099536043,-0.0851178259008052,-0.0630592252391906,0.0497502396533933,0.0735112461342794,-0.0878973391735933,0.4272446220776334,0.0249534450651769,0.0220784164446137,-0.0608604407135361,-0.0631542219120725,0.0067491563554555,0.3391521197007481,0.1859540636042402,0.2100045065344749,0.2327823691460055,0.1362674566229371,-0.0519067796610168,-0.0132304299889746,-0.0095905569900405,-0.1293774319066147,-0.2212877030162412,-0.2721604770940634,-0.2926765015806112,-0.4553752535496956,-0.4649262654444001,-0.3951340391980176,-0.3570402298850574,-0.3347373637264618,-0.2647864184008762,-0.258082343188726,-0.1973094170403587,-0.2348247363921345,-0.1231221423905943,-0.0515718827269515,-0.132191338073691,-0.0876656472986747,0.0748598879103283,0.1234309623430962,0.1663770634231103,0.1044837515425751,0.1343472750316856,0.1406117247238743,0.2002682163611979,0.149400684931507,0.0579196217494091,0.0492379835873388,-0.0048183839881392,0.1791831357048749,0.2149321266968324,0.2419056429232191,0.3847343991748324,0.2743236829615567,0.2719090478446235,0.3391521197007481,0.2040358744394619
MAWN-L,19.0,-0.0990268136038893,9.878865304059883e-07,0.1071873617759461,0.1533238088589171,0.0484792956635826,1.396383229122904,3.4769,0.6281918816100895,0.002929256650897,0.0004626390212443,0.0156948555294786,1.0,0.1455139864369237,-0.3924466257896271,2.262339402475376e-08,0.0906019626573302,2.848939131836608e-09,0.1318999695028972,-0.1727655261573307,1.7658058497532457e-06,0.2320427732600495,3.0,0.067127262452072,-0.1561104862269738,0.0185582075952639,0.5206520296546758,-0.0035943935252934,0.0022428723985096,0.0062519136329348,0.0225349014450943,1.0445335954368011,-0.1710526315789473,-0.0032786885245901,-0.1460674157303371,-0.1739130434782608,-0.1578947368421052,-0.24,-0.3043478260869565,-0.3586497890295359,-0.2995391705069123,-0.2995391705069123,-0.371900826446281,-0.3992094861660078,-0.3586497890295359,-0.3653444676409185,-0.3932135728542913,-0.2083333333333332,-0.2205128205128205,-0.1693989071038252,-0.0787878787878787,-0.0256410256410256,-0.1162790697674418,-0.1625344352617079,-0.1739130434782608,-0.0952380952380952,0.0519031141868511,-0.0440251572327043,-0.0287539936102235,-0.0287539936102235,0.0974729241877256,0.0666666666666666,0.1217712177121772,0.0742049469964665,0.0818505338078292,0.1515151515151513,0.0742049469964665,-0.0032786885245901,0.0340136054421769,0.0446735395189004,0.1968503937007875,-0.5522827687776142,-0.5323076923076924,-0.5372907153729072,-0.5414781297134238,-0.5555555555555556,-0.5476190476190477,-0.5489614243323442,-0.563845050215208,-0.5777777777777777,-0.5858310626702997
MAWT-L,19.0,0.3271438915860518,2.7148638186738345e-07,0.029456732261045,0.0570652259196671,0.1803093484728898,1.258205504486709,-2.096999999999994,2.5165686446049613,-0.0034093238309384,0.014798530923627,0.0538613384182568,1.0,0.496981929204519,0.1747051640630409,3.8206474572847976e-08,0.1535913116577348,1.292843081285859e-07,0.5283979898380313,0.045649230101879,4.485586801990821e-07,0.4435719923728128,4.0,2.0624658521827675,-0.162456576379888,-0.0039093451053021,1.075229173485,0.0114717074261579,0.0161879994343284,0.0429927557370672,0.0752291734849999,0.6466340795378702,-0.0375255856265636,0.005564872694008,-0.0962592491093451,-0.117245533025497,-0.0670485890091235,-0.0152295632698767,0.1120384420839655,0.1220653283429737,0.1941879413362304,0.2330342120022432,0.2432610744580585,0.2432610744580585,0.2136351090256694,0.1961371055495102,0.1727418207681363,0.2369654913728431,0.2217282578494026,0.3460204081632652,0.2733854619171734,0.3285325813274247,0.5113428047662694,0.4898351027784051,0.5408246700151851,0.6249076127124906,0.7089001165954139,0.5198755617006565,0.5542594556380345,0.6598716496791242,0.8745203922125904,1.0375347544022242,1.1592732034702895,1.1441807542262676,1.1365403304178812,1.3186851819300405,1.2441306566859476,1.3146165994034038,1.4141654465592972,1.5713450292397662,1.605372308907762,1.928079911209767,1.8294723294723292,1.8607677293428757,1.695341234164283,1.665386946857951,1.7905648402792465,1.6308336657359392,1.7333195192706174,1.9742953776775645,1.9716152286551023
MAWZ-L,20.0,0.1328239697633491,1.274109955098756e-07,0.0138243088144323,0.0258351686417631,0.503763229370748,1.2118803251634256,21.7276,0.8826059672550748,0.0175843689501027,0.010426810463933,0.086281300866721,1.0,0.2159122526534667,0.2027978830936886,2.5577150280052842e-08,0.0597578234033236,9.631600270332236e-09,0.1853186957234146,0.0810869825324262,6.473669010219575e-08,0.0161592518934878,4.0,2.0544178160936983,0.0824314472898755,0.0194476587414251,-0.239295999594436,0.0231232095612039,0.0430479865782508,0.070520221018478,0.1347878987466566,0.5928732114948941,-0.0547340806105414,-0.1319739157437118,-0.2074473112182213,-0.1555734568522807,-0.0746993269336864,0.0589720924359136,0.1304933944459421,0.2292582820287305,0.3048078419169131,0.295335186901452,0.34176,0.5619295958279009,0.5921777102715018,0.6350165724312731,0.5955098934550989,0.4761485653934165,0.5561328632399332,0.3972009330223258,0.3567383918459796,0.618294094944037,0.7065527065527064,0.6099059320406988,0.7621349022903969,0.640132994328183,0.6625693893735132,0.5404114621601763,0.4602124325265539,0.5689429373246024,0.5604763676963156,0.5955098934550989,0.8163309508338747,-0.6795444992166304,-0.6924487475703232,-0.7164880489536496,-0.7043226852831252,-0.6772505099488126,-0.6497222338248194,-0.6363872869964879,-0.5689761513157895,-0.5895653876272513,-0.5831179160866972,-0.5348088977644645,-0.519922143347836,-0.5005955216769891,-0.4129506475323766,-0.409644491376276,-0.3422229194446623,-0.3243090806542583,-0.2952348936885453
MBAL-L^C20,24.0,-0.0004823926676314,1.852305858241977e-06,0.2009783229512122,0.0854398382204246,0.0347792853047964,0.2747196495432152,-0.5,0.5502804527042078,0.0157489008971041,0.0001197604790419,-0.3506849315068493,1.0,0.0058859975216852,0.0339547270306258,8.587638235249349e-08,-0.0055488540410128,3.923740524341444e-09,0.115541090317331,-0.0207428847081524,3.0891643096244183e-06,-0.0200529701097238,3.0,0.2357225176563158,0.1501931627669653,-0.0896541518687637,-0.4274691358024691,1.0725308641975309,0.0010859073359073,0.002897617514488,0.0725308641975308,0.3445180583899922,-0.0108695652173913,0.0952380952380953,0.0952380952380953,0.1794871794871795,0.1794871794871795,0.2689655172413794,0.2777777777777779,0.4263565891472869,0.6000000000000001,0.5081967213114755,0.3430656934306568,0.3049645390070923,0.2517006802721089,0.3629629629629629,0.3529411764705881,0.3237410071942448,0.3333333333333335,0.4603174603174604,0.2867132867132869,0.3142857142857145,0.3333333333333335,0.3529411764705881,0.4153846153846154,0.5081967213114755,0.7523809523809524,0.978494623655914,0.978494623655914,0.978494623655914,1.0909090909090908,1.2999999999999998,0.8969072164948455,1.1149425287356325,0.9166666666666669,1.1647058823529417,1.0,0.6576576576576576,0.7864077669902914,0.719626168224299,0.6880733944954127,0.5862068965517244,0.6283185840707968,0.4838709677419355,0.4263565891472869,0.5593220338983051,0.8585858585858588,0.7692307692307692,0.7692307692307692,0.6000000000000001,0.7037037037037037
MBBI-L,20.0,0.176932768061729,5.470327832366648e-07,0.0593539835146796,0.0594216598226366,0.3835478379452224,2.2067414045241875,6.750700000000002,1.0749752219246116,-0.0003511112531746,0.0075843350479954,0.0186749881278612,1.0,0.2562631832678724,0.1322409774281375,7.810818447550098e-08,0.0532168115308856,2.8071233675271515e-09,0.225710014947683,0.0741121345199191,4.692065587402091e-07,0.2337068531116151,5.0,0.1173630287632035,0.0131323335161753,0.0115958948655415,0.1171434897361385,-0.1858181748445324,0.0960857533773267,0.1753342035610544,0.1032944077836083,0.7756758293050877,-0.0728139381985536,0.0175614651279478,-0.0595146081310866,-0.1461052631578947,-0.1163398692810456,-0.1247302546396201,-0.1857601713062098,-0.1855421686746987,-0.1246043165467625,-0.1505166154705389,-0.2110995850622407,-0.2272323129683728,-0.1204279311840392,-0.170439050995364,-0.1535893155258764,-0.0935637663885577,-0.0966592427616925,-0.0624133148404992,-0.1023900855709648,-0.1377551020408163,-0.1683980317113176,-0.1182608695652173,-0.0462454930239848,-0.1521739130434782,-0.0934286991506481,-0.2091511763941245,-0.1298627002288329,-0.0302837105514822,0.0079522862823062,0.102773246329527,0.2908975175047741,0.3653500897666069,0.3191673894189073,0.4670846394984327,0.6302250803858522,0.5033358042994813,0.6086726599682708,0.5568065506653022,0.6443243243243244,0.8048056956392762,0.6023176191730315,0.6942355889724314,0.501851394717354,0.4142259414225941,0.4034602076124567,0.4541108986615678,0.5761658031088084,0.5512493625701174,0.5123042505592843
MBDX-L,30.0,0.2403769365915986,1.961494252873563e-06,0.2128254487059289,0.0992789080607777,0.3337646992629269,2.5415333391289767,0.4003,0.1409064664500101,0.0049101057461542,0.0048065657345015,0.0453318655618644,1.0,0.1264441591784338,0.2055810667608618,3.129310344827586e-07,0.0060359782324564,1.0363463844483703e-11,0.0295857988165679,0.1711121759037427,1.4317528735632185e-06,0.2762551229508196,5.0,0.0019568230486834,-0.1751998682731797,0.0464853308109861,-0.0883273216947511,0.0213504591803434,0.031449769026177,0.0555189456342668,0.1357435848516646,0.5983035372150168,0.0,-0.1944444444444444,-0.0993788819875777,-0.085173501577287,-0.085173501577287,0.0247349823321554,0.288888888888889,0.6571428571428573,0.7058823529411764,0.7058823529411764,0.7058823529411764,0.7058823529411764,0.7058823529411764,0.7058823529411764,0.7058823529411764,0.7159763313609468,0.7159763313609468,0.7159763313609468,0.7159763313609468,0.7575757575757576,0.8125,0.7857142857142858,0.7857142857142858,0.7857142857142858,0.7857142857142858,0.7857142857142858,0.7857142857142858,0.9028871391076114,1.0,1.0714285714285716,1.0714285714285716,1.0714285714285716,1.0714285714285716,1.0714285714285716,1.0714285714285716,1.0953757225433525,1.0953757225433525,1.0953757225433525,1.0953757225433525,1.0953757225433525,1.0953757225433525,1.0953757225433525,1.0714285714285716,1.0953757225433525,1.2239263803680984,1.3199999999999998,1.357723577235772,1.4166666666666663,1.4166666666666663
MBEC-L,23.0,0.0353462157809983,4.855931293061225e-07,0.0526876770001698,0.2290092969203951,0.1662546353522867,1.7212485038238905,-0.004,0.1351103139293722,-0.0072535763842338,-0.0007246376811594,-0.0124962808687891,1.0,0.1093796823494156,0.0864480623710159,1.0043927115238497e-07,-0.0350488547806479,1.6736959087329717e-12,0.0283687943262411,0.021658615136876,8.323135928862432e-07,0.007693262191339,4.0,0.0027432465307736,0.4118825909146995,-0.0206966582646578,0.0624575888579957,0.0013249855791546,0.0165424044734389,0.043469387755102,0.0996705738144486,0.3324247714424251,-0.0253164556962025,0.0,-0.1595744680851063,-0.1684210526315789,-0.2178217821782178,-0.1855670103092782,-0.1505376344086021,-0.1505376344086021,-0.1505376344086021,-0.1505376344086021,-0.1505376344086021,-0.1684210526315789,-0.0705882352941176,-0.2178217821782178,-0.2178217821782178,0.0394736842105263,0.161764705882353,0.234375,0.234375,0.3079470198675498,0.3079470198675498,0.3715277777777779,0.4107142857142858,0.4107142857142858,0.4107142857142858,0.4107142857142858,0.4107142857142858,0.4107142857142858,0.4208633093525182,0.4208633093525182,0.4208633093525182,0.4208633093525182,0.4208633093525182,0.4208633093525182,0.4208633093525182,0.4363636363636365,0.4363636363636365,0.7555555555555555,0.7555555555555555,0.7555555555555555,0.7555555555555555,0.7555555555555555,0.7555555555555555,0.7555555555555555,0.7555555555555555,0.7555555555555555,0.7555555555555555,0.7555555555555555,0.7555555555555555
MBEH-L^K22,23.0,0.3405545031858102,3.449412656309208e-07,0.0374267115631584,0.28563231679641,0.104180287557497,4.824360914597895,0.3175000000000001,1.2660178466609835,0.0090656350013394,0.0071856287425149,0.040362872129629,1.0,0.2091575459383472,0.4186861996415491,9.16445623342175e-08,-0.0161472281899603,9.41536905484758e-10,0.2658227848101266,0.0566442798920842,1.867430845017052e-06,0.3270546100818612,2.0,0.0148392414525162,0.1714738310619501,0.0515763015530534,0.1827778127209187,0.0352057189826908,0.0116909862621493,0.0768616874896802,0.1668437467868526,0.4071823105652073,-0.0280373831775699,0.0288461538461537,0.0918367346938773,0.1382978723404253,0.5828402366863905,0.5112994350282485,0.5285714285714285,0.725806451612903,0.6930379746835442,0.7833333333333332,0.725806451612903,0.6212121212121211,0.5970149253731343,0.5970149253731343,0.494413407821229,0.2588235294117647,0.3544303797468353,0.5285714285714285,0.6310975609756098,0.7147435897435896,0.9814814814814812,1.6616915422885574,1.6749999999999998,1.891891891891892,1.988826815642458,2.34375,2.4294871794871797,2.821428571428572,3.115384615384615,3.0530303030303028,2.8768115942028984,2.821428571428572,2.9629629629629624,3.692982456140351,3.612068965517241,3.612068965517241,3.612068965517241,3.6521739130434794,3.7767857142857135,3.5338983050847457,2.8768115942028984,2.8768115942028984,3.0839694656488543,3.1472868217054257,3.421487603305785,3.5338983050847457,3.612068965517241,3.612068965517241,3.612068965517241
MBHH-L,20.0,0.0759512378183897,8.466529482096434e-07,0.0918632788941084,0.0067579825960093,0.0805685272163829,0.0873051068702552,-36.049800000000005,-0.0161308672853864,0.0552803938477829,-0.0004443160427934,-0.0023597586943623,1.0,0.0713703468888687,0.1072076686182497,5.92103724800564e-08,0.0078129449843923,4.425334906880466e-10,-0.0033869602032175,-0.0082228847482665,7.543369804068708e-07,0.0452584552298458,2.0,0.621114293481941,0.1361483007209061,0.0633324130004511,0.9366675869995488,-0.0633324130004511,0.0002150351839106,0.0004145069108139,-0.0633324130004511,0.0318674555330232,0.0328569938458327,0.0310819531081953,0.0080967402733964,-0.0467336183752609,-0.0367728323118657,0.0350896134744116,0.0268851756640959,-0.0099142827636062,0.03744183529921,0.0478740845994098,0.0263355101166899,-0.0144942434210525,0.0096893101632438,0.0090516787706558,-0.0014581814394334,-0.0319095223669594,0.0017763845350051,0.0192430363597704,0.0178362883533285,0.0213060615745179,0.047416147711133,0.0642761989342806,0.0642761989342806,0.0411598609904431,0.1053845266920328,0.0037692388231598,-0.0094027691671833,0.0303062869425041,0.0140681193145757,0.0724913301264122,0.1318772136953956,0.1256310907596571,0.1197150198551739,0.2048510745255751,0.2674510840824962,0.3185256498418376,0.3621767547598751,0.3258193887429124,0.3880121615752137,0.4161004431314623,0.3832058865964507,0.4356094639113508,0.3938644954928758,0.3116705431659599,0.2092583249243189,0.1879801734820323,0.1796480866248309,0.27266693216514,0.2885752688172043
MBHR-L,23.0,0.3293228793213344,5.936854418792962e-07,0.0644158759950664,0.3631137312740785,0.0756158015304975,0.7821546309280789,6.8324,0.0357376580741143,0.0081695966113772,0.0024508890465301,2.9182926272387343e-05,1.0,0.1485579667514493,0.7225982838588303,3.3013942452546346e-08,-0.011534038939602,1.376913337509278e-08,0.0075037518759378,-0.0784291927456869,7.079390430911977e-07,0.1172779593110129,3.0,0.5404581894416741,-0.0345542829063965,0.0077358343347488,0.4444134051948505,-0.0486972790773444,0.0161720944929018,0.0458625486868754,-0.0057613911647366,0.3302656917146183,-0.0590308370044052,-0.0779853777416734,-0.2257844474761255,-0.2418169672678691,-0.2848141146817895,-0.2932752179327521,-0.3235995232419547,-0.3634324172742568,-0.3307783018867924,-0.2963422194668319,-0.1950354609929078,-0.1617429837518463,-0.1329258976317799,-0.1763425253991292,-0.087620578778135,-0.0963375796178345,-0.1077044025157233,-0.073469387755102,-0.0265866209262436,-0.0596520298260149,-0.0839386602098467,-0.1816870944484498,-0.1315990818668707,-0.0190146931719965,-0.01561144839549,-0.051796157059315,-0.0772357723577236,-0.018166089965398,0.0044247787610618,0.0365296803652968,0.030881017257039,-0.0299145299145299,-0.0164644714038127,0.0327570518653321,0.0225225225225225,0.0945033751205399,0.0945033751205399,0.1395582329317268,0.1676954732510287,0.1593462717058222,0.0758293838862558,-0.0533778148457048,-0.0681444991789819,-0.1775362318840581,-0.1666666666666666,-0.051796157059315,-0.0087336244541484,0.0607476635514019,-0.0905448717948718
MBHZ-L,20.0,0.0222579351563785,2.1752759386145505e-07,0.0236021123700276,0.0873150728387416,0.2781525351853806,0.7638751933404455,19.125200000000007,-0.2601579893255433,0.004254602768999,9.591536599710146e-06,0.0152859357074304,1.0,0.4011313372156568,0.0875008525897922,3.5501595283675446e-08,-0.034898632707808,3.1752586841402806e-08,-0.054624760144979,-0.0036422740648092,1.6210495942899568e-07,-0.0530385709459998,4.0,2.367813424894321,0.2017783110769438,0.0260401735733624,0.0654637264968509,-0.0448168351754618,0.0316420249194979,0.0592133606043904,0.0329193289691599,0.2955173150079079,0.0110588235294117,-0.0143022806339389,-0.1711629721120718,-0.1555172870578883,-0.0918803418803418,-0.047583476507059,-0.0245581822354832,0.0510262962657652,0.1255296610169491,0.1342407259140645,0.1392065761258041,0.0940449631027973,0.0841836734693877,-0.0591794569067296,-0.0080908666562936,-0.026791847950538,0.0327231491981208,0.0152082172147463,-0.0089389817333851,0.1326285866571912,0.1781556089447422,0.2009042102288782,0.2401517362124305,0.3290941311372874,0.3335425164731722,0.1512415349887133,0.1485451761102603,0.2041934265205893,0.2245485977718018,0.2816646562123039,0.3989466754443713,0.3922253767198078,0.4102422298418318,0.4765489287782283,0.5374412154829373,0.4801485953099604,0.5222063037249283,0.4348413234301147,0.4984134445880832,0.5727149377081535,0.4187159229998887,0.4564770390678545,0.312808896210873,0.3257772694187375,0.3166047087980173,0.3908585142358458,0.4938488576449913,0.3435194942044257,0.326190971499896
MBIX-L,25.0,-0.1071233292831105,7.252550690710025e-07,0.0786914033906349,0.0354652732557216,0.1199367644475671,0.3800708589421312,45.5,0.1917364432638364,0.0894470125634866,3.037667071688943e-05,0.884827477548448,1.0,0.0383910872456276,-0.0754124116260801,1.38296036163656e-07,0.0051674195800267,1.889167032124956e-06,0.0402584493041748,0.0061816524908869,1.5381245860039702e-06,-0.121370116156283,3.0,7.300422384779218,0.0323599254268213,-0.0309824803582317,0.12096663341093,-0.0030341635605782,0.0088126388546038,0.0277216959155148,0.0142999667442633,-0.4070896756781996,-0.0784077201447526,-0.0012048192771085,0.053367217280813,0.0221948212083846,0.0493670886075947,-0.0154394299287411,0.001207729468599,-0.0200945626477543,0.0336658354114711,0.1157469717362045,0.038847117794486,-0.0525714285714287,-0.0632768361581921,-0.0778642936596218,-0.1152614727854856,-0.1444788441692467,-0.1218220338983051,-0.1310272536687631,-0.2104761904761906,-0.171,-0.178394449950446,-0.1479958890030833,-0.0929978118161927,-0.129201680672269,-0.0778642936596218,-0.2104761904761906,-0.2477313974591651,-0.2028846153846154,-0.2394495412844037,-0.2504520795660037,-0.1759443339960239,-0.1497435897435898,-0.153217568947906,-0.1409326424870467,-0.1626262626262627,-0.1162046908315567,-0.1066810344827586,-0.1018418201516794,-0.0989130434782609,-0.0235571260306244,-0.0269953051643192,0.0134474327628362,-0.1086021505376345,-0.064334085778781,-0.0558086560364464,-0.064334085778781,-0.1124197002141328,-0.0969498910675381,-0.1086021505376345
MBME-L,22.0,-0.07116808555201,2.7094910287144565e-07,0.0293984365799726,0.0821387264135355,0.084284380467199,1.1924386717953894,0.5649999999999997,-0.0389468107033558,-0.0815379657915027,-0.0009741317321107,-0.0011865779466091,1.0,1.4053844963639175,-0.1492612121333627,1.3728155987500783e-09,-0.1247592737492614,1.2108910988484706e-10,-0.0081775700934579,0.0024394150332031,6.912924688310569e-07,-0.0365225284553569,4.0,0.044032016014529,-0.2442487050046889,0.0395480999412998,1.0146514971453269,1.0146514971453269,0.0165239652210822,0.0587147099024367,0.0146514971453266,21.251796732983408,0.0,0.0529411764705882,-0.0164835164835165,-0.0324324324324324,-0.0478723404255317,-0.2663934426229508,-0.3115384615384615,-0.2782258064516129,-0.2693877551020408,-0.2663934426229508,-0.2952755905511811,-0.2478991596638654,-0.2079646017699113,-0.2478991596638654,-0.2251082251082251,-0.2572614107883817,-0.2447257383966244,-0.2350427350427349,-0.3270676691729324,-0.2572614107883817,-0.2980392156862744,-0.337037037037037,-0.3062015503875969,-0.3419117647058823,-0.3514492753623187,-0.321969696969697,-0.2980392156862744,-0.2603305785123966,-0.2782258064516129,-0.2952755905511811,-0.284,-0.30078125,-0.2782258064516129,-0.3394833948339483,-0.316793893129771,-0.3193916349809885,-0.3270676691729324,-0.3394833948339483,-0.3490909090909091,-0.3035019455252917,-0.3088803088803088,-0.3115384615384615,-0.3115384615384615,-0.2317596566523605,-0.2284482758620689,-0.211453744493392,-0.1788990825688073,-0.1751152073732718,-0.1751152073732718
MBMW-L,19.0,-0.0021281345338192,3.2297645311225685e-07,0.0350434922021136,0.0196414722901628,0.2288552337074613,2.670581269738427,2.1585,-0.0667036213726939,0.0057966312202372,0.0031269160024524,-0.0094855139705124,1.0,0.4447952961672474,0.84073640167364,9.941486801409609e-08,0.0619529672916335,3.9666585431157535e-10,-0.0140056022408963,-0.0144951261254557,4.646369137077551e-07,-0.2430560206668899,4.0,0.0478708313176025,0.5231447906070636,0.0581267797620731,0.2726824062987464,-0.0797608991094856,0.041980014803849,0.1405750402776056,0.1889241000091465,0.4005503272354845,0.0797872340425531,-0.0505050505050505,-0.06,-0.1296296296296297,-0.1790393013100437,-0.1644444444444445,-0.1681415929203539,-0.0961538461538462,-0.06,-0.1090047393364929,-0.0105263157894737,-0.0552763819095477,0.167701863354037,0.1604938271604936,0.197452229299363,0.1604938271604936,0.0742857142857142,0.0742857142857142,0.1058823529411765,0.0561797752808987,0.0681818181818181,0.0217391304347824,0.3055555555555556,0.3925925925925924,0.4920634920634918,0.504,0.3055555555555556,0.323943661971831,0.2876712328767123,0.5932203389830508,0.4029850746268655,0.3722627737226276,0.4029850746268655,0.3925925925925924,0.2789115646258502,0.1393939393939394,0.119047619047619,0.1393939393939394,0.1393939393939394,0.0742857142857142,0.0804597701149425,0.2207792207792207,0.2789115646258502,0.3428571428571429,0.2965517241379309,0.3055555555555556,0.2207792207792207,0.2368421052631577,0.1749999999999998
MBOA-L,18.0,0.0133788917876413,8.382839165890551e-07,0.0909552247882774,0.0462511724470768,0.1253178478406994,0.8592752944062043,-9.3578,0.0629103072808821,0.0023164634437842,0.0030583318456061,0.0310147651197177,1.0,0.0970671835948308,0.068382271222448,1.248018833891026e-07,-0.0511027678029671,3.166846393614456e-08,0.0132091290172333,0.068947042083295,2.5747503065160847e-06,0.000924898072769,4.0,0.2682505815538463,-0.0219230276250721,0.0529969682014456,-0.1039376428168257,0.0279571289383901,0.0091059687452558,0.0409279809829557,0.0276130992384576,0.5445590417288309,-0.0784929356357927,-0.121984838042729,-0.1678641410842586,-0.1780645161290323,-0.2926152137701278,-0.3739557739557739,-0.3381818181818181,-0.2198407838334353,-0.2203182374541004,-0.2380382775119616,-0.2101673899566025,-0.1905972045743329,-0.1449664429530202,-0.1523619427811043,-0.1028169014084506,-0.0977337110481585,-0.1189488243430152,-0.1551724137931034,-0.1231933929800412,0.0511551155115512,0.0468364831552998,0.1136363636363637,0.1539855072463769,0.1165644171779141,0.2356935014548982,0.2041587901701322,0.2868686868686869,0.2934010152284265,0.3510074231177096,0.5059101654846334,0.4831199068684517,0.469434832756632,0.4543378995433791,0.4918032786885247,0.5166666666666666,0.368421052631579,0.3596584845250801,0.3832790445168295,0.5184743742550655,0.3984632272228321,0.3969298245614037,0.4559999999999999,0.3669527896995708,0.3467230443974629,0.404630650496141,0.4395480225988701,0.6045340050377834,0.6375321336760926,0.7123655913978495
MBOY-L^K21,22.0,-0.0669056152927121,1.0703441726455684e-06,0.1161341556210784,0.2090322580645161,-0.0399385560675883,3.136278697357325,5.85,-0.2027262219344938,0.015287728540353,-0.003584229390681,-0.011128459842468,1.0,0.40625,-0.0733197556008146,-6.116252415117534e-08,-0.007416563658838,1.9265137472238847e-10,-0.0425659472422062,-0.040621266427718,7.386550993641944e-07,-0.0682492581602375,3.0,0.0119517159573188,-0.0028409090909091,-0.0094354152609497,0.0020673579823904,0.0392698514087035,0.0367088607594936,0.0709046454767726,0.0052219321148825,1.6536866802719628,-0.2413793103448275,-0.0333333333333333,0.3488372093023255,0.183673469387755,0.1153846153846152,0.1372549019607842,0.0545454545454544,0.0,0.3181818181818181,0.9333333333333332,0.7575757575757573,0.6111111111111112,0.487179487179487,0.3181818181818181,0.3181818181818181,0.4499999999999997,0.3809523809523809,0.487179487179487,0.5263157894736841,0.5675675675675675,0.6111111111111112,0.6111111111111112,0.4499999999999997,0.657142857142857,0.6111111111111112,0.6111111111111112,0.6111111111111112,0.2083333333333332,0.4499999999999997,0.6111111111111112,0.4499999999999997,0.5263157894736841,0.2888888888888887,0.3488372093023255,0.3181818181818181,0.6111111111111112,0.4499999999999997,0.657142857142857,1.6363636363636362,0.657142857142857,0.5675675675675675,0.2888888888888887,0.2888888888888887,0.3181818181818181,0.0943396226415094,-0.0491803278688525,-0.0645161290322581,-0.0169491525423729,0.0545454545454544
MBPF-L,23.0,0.1585130217285648,2.946816979962867e-07,0.0319734633479588,0.3908227686199875,1.3153873948278532,0.7787612484618192,1.7225,-0.1413245865284976,0.0101038928255551,0.0038073262186328,0.2841340370502196,1.0,0.1563120723902008,0.1348893962056206,3.858160475621623e-08,-0.0059585919051018,8.550833707282297e-11,-0.029673590504451,0.0392785594897995,3.826477568404597e-08,0.3796830856160176,4.0,0.1650555888114433,0.0223962951609641,0.0270629652956218,-0.2778690020569207,0.0114680792318578,0.0287522110525828,0.0341612389636705,0.0587154827258843,0.4222924396773965,-0.064625850340136,-0.0033898305084746,-0.109090909090909,-0.1327433628318585,-0.176470588235294,-0.0925925925925926,-0.08125,-0.0576923076923077,-0.069620253164557,-0.1036585365853658,-0.0925925925925926,-0.0754716981132076,-0.0454545454545455,-0.1428571428571429,-0.0067567567567567,-0.0953846153846154,-0.0264900662251655,0.0279720279720279,0.0279720279720279,0.1136363636363635,0.2098765432098763,0.3486238532110091,0.4626865671641793,0.3243243243243241,0.3424657534246575,0.3999999999999999,0.2564102564102564,0.2951541850220265,0.3674418604651164,0.5,0.4848484848484848,0.6153846153846152,0.6153846153846152,0.651685393258427,0.7093023255813953,0.6243093922651932,0.7294117647058824,0.75,0.9215686274509802,0.9864864864864864,0.9731543624161074,1.0416666666666663,0.96,1.1,1.2442748091603053,1.1304347826086958,1.2615384615384615,1.352,1.4098360655737705
MBSD-L^E22,8.0,-0.1205616924196326,3.082586483544653e-07,0.0334465854576996,0.0560005083279209,0.2002711677708052,0.9113584847308552,16.062500000000007,-0.2811889928271804,-0.018824617495181,0.004005344014584,-0.0538708968615738,1.0,0.0693832490474767,-0.2790993128391879,6.833896641066207e-08,-0.0705816056413619,1.2110077356651868e-08,-0.0590405904059041,-0.0309758160462867,5.813683281098262e-07,-0.003731888808027,4.0,0.5935152455993326,0.0546917332111042,0.0860199367586587,0.0235527769212765,-0.0766262588451337,0.0306546882876859,0.1047382404239311,0.0079267676069331,0.6460364115518181,-0.03770197486535,0.0182815356489947,0.0238970588235294,0.0182815356489947,0.0430711610486891,0.0450281425891181,0.060952380952381,0.0900195694716241,0.0238970588235294,0.0333951762523192,0.1252525252525251,0.1413934426229508,0.0732177263969171,0.1901709401709403,0.2983682983682985,0.2214912280701755,0.3389423076923077,0.3585365853658537,0.3925,0.2323008849557524,0.2004310344827586,0.1775898520084566,0.1652719665271966,0.162839248434238,0.3519417475728155,0.4137055837563452,0.3325358851674642,0.3136792452830188,0.4392764857881137,0.2516853932584268,0.4543080939947781,0.5135869565217392,0.4893048128342245,0.5823863636363638,0.6676646706586828,0.628654970760234,0.7795527156549522,0.7909967845659165,0.8504983388704321,1.11787072243346,1.11787072243346,1.2921810699588478,1.11787072243346,0.9892857142857144,1.0108303249097474,1.2015810276679844,1.453744493392071,1.5433789954337902,1.962765957446809
MBUU-L,25.0,0.0477606392863778,2.484727896454168e-07,0.0269597185258275,0.1014790468364831,1.925149700598802,0.931897118140186,2.25,0.8251195477419233,-0.0028003744666557,-0.0043572984749455,-0.0163111668757839,1.0,0.0710339384372533,0.0240384615384615,5.6095306255936106e-08,-0.0270441963880557,8.6330820964735e-10,0.1732484076433121,0.0312209626463482,3.7481402642980823e-08,0.23785594639866,4.0,0.5543332370275844,0.0437145727200974,-0.0012182126903542,-0.0034660704980584,-0.0141368022053755,0.0391982972685349,0.0451112471933047,0.1233631977946244,0.2526881093724789,-0.0898965791567224,-0.0548872180451127,-0.2575310100413467,-0.2163341645885286,-0.2128991859737007,-0.1342975206611569,-0.1252609603340291,-0.0448328267477203,-0.0210280373831774,-0.0102362204724408,0.0112630732099758,-0.0470053070507959,0.0532048596564724,0.0341423282599753,0.0475000000000001,0.2293398533007336,0.2729113924050632,0.3280507131537242,0.3066528066528067,0.3121085594989561,0.3155416012558871,0.2932098765432098,0.3231578947368421,0.3019161056447437,0.4684579439252336,0.4357509994288977,0.5461254612546125,0.63671875,0.7090414683888511,0.6485245901639345,0.7666900913562895,0.7957142857142858,0.5489833641404807,0.613607188703466,0.6261319534282017,0.3935698447893572,0.296544610624033,0.3372340425531914,0.3966666666666667,0.4163380281690141,0.3073322932917317,0.310740354535975,0.1886524822695037,0.2677760968229956,0.3238546603475514,0.3372340425531914,0.198284080076263,0.207492795389049,0.3912562257885998
MCAC-L,18.0,0.1139411269987955,3.99225485205696e-07,0.0433166413305934,0.1363541742306587,0.301227473630563,1.5783617103577805,-22.515500000000003,0.4478132601922338,-0.0127935859456889,0.0105114821391178,0.046147917431233,1.0,0.1359518951107329,0.1704280052478436,7.935667777765517e-08,0.0163981306995932,4.65685560269011e-08,0.0940262952952494,0.1209558531370318,4.335625676899694e-07,0.0670659116332091,4.0,0.758575888299913,0.0446874878161445,-0.0144818008071143,-0.0283735182849514,-0.0005052940895518,0.0166836491288595,0.0359446430743037,0.0842477361708826,0.5819734931806998,-0.111111111111111,0.0353075170842824,-0.1123046875,-0.1234329797492767,-0.1234329797492767,-0.0955223880597015,-0.1591119333950046,-0.1591119333950046,-0.1683440073193046,-0.1008902077151334,-0.1898395721925134,-0.1962864721485411,-0.192,-0.2728,-0.2819905213270142,-0.2567457072771872,-0.2197424892703863,-0.1869409660107334,-0.2536945812807881,-0.8514220333442302,-0.8493786246893124,-0.8363636363636364,-0.8251586843623774,-0.822043852779953,-0.7967806841046278,-0.8217996471280141,-0.8063485300383468,-0.7938308006350647,-0.795131845841785,-0.7852079395085066,-0.773542600896861,-0.7537919826652222,-0.7482691775131542,-0.700098977235236,-0.685140284031867,-0.72370820668693,-0.7085604360371914,-0.6901840490797546,-0.6486277541553924,-0.6583990980834273,-0.6919688241274145,-0.6704133430021755,-0.6716040462427746,-0.6555513452065176,-0.6690935566072078,-0.6352327447833066,-0.6171019376579612,-0.5777984208081747,-0.5879419764279239
MCCY-L^A19,22.0,0.0007658511107122,7.061692896017483e-07,0.0766205639917961,0.0151316630686819,0.1690848489410281,0.4134893507369075,-1806.1268,-0.5680965727811057,-0.1012769639823294,0.0363916400755876,0.0417515633632548,1.0,0.368270604620773,0.107864092690187,4.353052264174377e-08,-0.0643452722979809,1.199924240080454e-06,-0.1192818990791058,0.0084864774653014,4.885971021016236e-07,-0.1219183676062503,5.0,11.794502473655797,0.0792433272437318,-0.0520611387629411,-0.0433714093241572,0.0624772573803765,0.0100185114326981,0.0171315626450655,0.0845782383813446,0.3061672472491443,-0.0052242054854156,-0.003470715835141,0.0110035211267605,0.0236185383244205,0.0431425976385104,0.0899169632265717,0.138537794299876,0.1770433000256213,0.2868347338935573,0.4258224705152078,0.3837349397590359,0.1779487179487178,0.2589750616607289,0.2545057345712724,0.1752366334100792,0.1701477330616403,0.0794172932330825,0.0852823056933615,0.0227070347284059,0.0125633678642274,-0.0094868477792152,-0.0719191919191919,0.0286609941782356,-0.0192143467122118,0.0087834870443566,0.0145759717314486,-0.0926328263875173,-0.0244213208749204,-0.0672081218274112,-0.016695205479452,0.0488584474885844,0.0781506688570756,0.1254287114159724,0.2159872948650079,0.171341152473228,-0.0221370796083439,-0.0090595340811044,-0.0595701125895599,0.0208888888888887,-0.0557040082219938,-0.1982547993019197,-0.1182341650671785,-0.1811051693404635,-0.1421101774042951,-0.1266159695817491,-0.1096899224806202,-0.0624489795918368,0.0134568718288108,0.0134568718288108
MCDD-L,22.0,0.050884388618303,8.525734881665345e-07,0.0925056675073102,0.5515093435553425,0.4670443553958823,3.8454435747725673,-0.2179999999999999,0.1700942345003703,0.0068024914807217,0.0054473211996923,-0.0021942779981433,1.0,0.4852941176470588,0.4083539433910416,2.701618233721858e-07,-0.0147490781826135,6.286569189570486e-12,0.0357142857142857,-0.0242245578056908,5.113777370973515e-07,-0.2615901993754504,4.0,0.0016900687113877,0.0004524886877827,0.044974320633013,0.8999417701863354,-0.0386623421797231,0.0266649152765007,0.0370100273473108,-0.1000582298136645,0.038694639070403,-0.1555555555555555,-0.296875,-0.4078947368421053,-0.3478260869565216,-0.3661971830985915,-0.3181818181818182,-0.2741935483870967,-0.1964285714285715,-0.1818181818181818,-0.1666666666666667,-0.1818181818181818,-0.1818181818181818,-0.2622950819672131,-0.2857142857142857,-0.2741935483870967,-0.25,-0.2622950819672131,-0.296875,-0.4155844155844156,-0.3918918918918919,-0.3181818181818182,-0.375,-0.4078947368421053,-0.4642857142857143,-0.25,-0.0624999999999998,-0.0999999999999999,-0.1346153846153845,0.25,0.40625,0.7307692307692308,0.7307692307692308,0.5517241379310347,1.1428571428571428,0.8,0.6666666666666665,0.3235294117647058,0.3636363636363635,0.40625,0.25,0.6666666666666665,0.8750000000000002,2.214285714285714,2.4615384615384617,2.7500000000000004,2.7500000000000004,1.8125,1.5,2.0
MCGC-L,17.0,0.1309745418419229,4.4167621531657973e-07,0.0479226174482942,0.1589193251582036,0.540579461249812,1.0685953841124292,1.0944000000000005,-0.2015472226859776,0.0044267284323441,0.0134210077727188,0.0954762136252557,1.0,0.1655850926138978,0.1373081748085003,6.331773224401487e-08,-0.0190630457005111,6.894619937281511e-10,-0.0423183955474522,0.048047713850963,1.4807094944914036e-07,0.1154357180422148,4.0,0.2057910151834631,0.2318433077666779,-0.0392445391061455,-0.0081511116379149,-0.0425961090564636,0.0213315103387365,0.0287193956725826,0.195355424996379,0.3183187273765248,-0.1341853035143769,-0.0515151515151515,-0.0398773006134969,-0.0794117647058824,-0.0766961651917405,-0.0249221183800623,0.0129449838187702,0.0468227424749163,0.1946564885496182,0.2672064777327934,0.2322834645669291,0.1722846441947565,0.1507352941176469,0.217898832684825,0.2620967741935482,0.2084942084942085,0.326271186440678,0.217898832684825,0.154981549815498,0.1218637992831541,0.0944055944055943,0.0868055555555555,0.0538720538720538,0.1178571428571428,0.1299638989169673,0.0574324324324324,0.0398671096345515,0.1099290780141843,0.0538720538720538,0.2723577235772356,0.2987551867219915,0.4423963133640554,0.4227272727272726,0.4904761904761903,0.5572139303482588,0.526829268292683,0.7486033519553073,0.7885714285714285,0.7784090909090908,0.768361581920904,0.7885714285714285,0.8630952380952381,0.7988505747126435,0.8411764705882352,0.8092485549132948,0.9936305732484074,1.4076923076923076,1.3358208955223878,1.1736111111111112
MCGR-L^J19,23.0,0.0443266171792152,1.822345920115948e-06,0.1977276189200722,0.0761575954508529,0.07201850016518,0.3064128929877488,-55.0,-0.0402291483769194,-0.0620873191523047,0.001272534464475,0.0794884463362724,1.0,0.0209324452901998,0.0351270553064275,2.828912439169161e-08,0.0116194625998528,8.074599440733117e-09,-0.0084468195138769,0.0411452810180275,1.0269610040797817e-06,0.0648021828103683,4.0,0.4273574366756434,-0.0903108150967332,-0.0308933216541912,-0.248026100474554,-0.0246489621489621,-0.0010541851149061,-0.0018552875695732,-0.0109126984126984,0.4999517870589654,-0.0042553191489362,-0.0289256198347106,-0.0978886756238003,-0.1148775894538605,-0.0891472868217053,-0.1181988742964352,-0.1198501872659175,-0.1651865008880993,-0.1247672253258845,-0.1263940520446096,-0.1247672253258845,-0.1965811965811965,-0.175438596491228,-0.2192691029900331,0.032967032967033,-0.0021231422505307,0.0262008733624454,0.0633484162895927,0.0042735042735044,0.0444444444444445,0.0444444444444445,0.0151187904967602,0.0981308411214954,0.0217391304347827,0.0955710955710955,0.0561797752808987,0.0755148741418765,0.0854503464203233,0.0779816513761466,0.1380145278450364,0.119047619047619,0.0195227765726679,0.1519607843137256,0.1137440758293839,0.1407766990291261,0.0151187904967602,-0.0388548057259712,0.0021321961620468,-0.0408163265306122,-0.1531531531531531,-0.1546762589928056,-0.1868512110726643,-0.2006802721088435,-0.19104991394148,-0.181184668989547,-0.1783216783216782,-0.1637010676156584,-0.2033898305084746,-0.175438596491228
MCMB-L,18.0,-0.0805214781316276,7.397600481979775e-07,0.0802652181936332,0.0742179330690007,0.0135560561384112,0.961508527880717,-123.8701,-0.5809495087176788,-0.030908400642855,-0.0078848162976269,0.3187903705165474,1.0,0.4043338327079602,0.273838573606582,-1.493382179107689e-08,-0.1720164943562037,7.365331650219977e-08,-0.121980599759082,-0.1066730664801576,7.347310057598963e-07,-0.2864545338182391,3.0,0.8236212989912421,0.2933031201476017,-0.1958527244691908,-0.298523651772433,-0.0633189871740683,-0.0256327882802286,-0.0447912827680634,-0.0538699550126677,1.6536866802719628,0.0081300813008129,0.0123456790123455,0.0250000000000001,0.0603448275862068,-0.0390625,0.055793991416309,-0.0238095238095238,-0.1487889273356402,-0.0989010989010988,-0.127659574468085,-0.1151079136690647,-0.1458333333333332,-0.1054545454545454,-0.1086956521739129,-0.0465116279069768,-0.1307420494699647,-0.1604095563139932,-0.185430463576159,-0.1960784313725491,-0.22397476340694,-0.25,-0.2656716417910448,-0.2678571428571428,-0.3031161473087819,0.28125,0.0423728813559323,0.0123456790123455,0.0250000000000001,0.0837004405286343,-0.0716981132075471,-0.2038834951456311,-0.2038834951456311,-0.1458333333333332,-0.0820895522388059,0.0336134453781513,-0.127659574468085,-0.1689189189189189,-0.2656716417910448,-0.2215189873417722,-0.2012987012987013,-0.2634730538922155,-0.2288401253918495,-0.219047619047619,-0.278592375366569,-0.23125,-0.1772575250836121,-0.1934426229508196,-0.0786516853932584,-0.031496062992126
MCMU-L,9.0,0.1150264997294578,1.073382891656116e-07,0.0116463861780535,0.3192094719308513,0.2493872816962578,0.9890128615746864,-89.41980000000001,0.8823342948068112,0.0051831431979813,-0.0116128330584763,0.0118846506561853,1.0,2.4131609500050413,-0.1949753159775551,1.6831250661776476e-08,-0.0070424064069473,1.8774713634548663e-08,0.1852616532994519,0.009600500067177,2.3122780359440565e-07,0.3577347837695371,5.0,2.044799031817514,-0.0917530929270725,0.0211843987305344,0.397445234391144,0.0870985960958293,-0.0064180005405104,-0.0179229757256666,0.2175723022405806,0.8210924883434985,-0.0125766871165645,-0.0490081680280046,-0.2399160643506644,-0.2113221241078988,-0.2184128506353392,-0.199017199017199,-0.1922695738354806,-0.0660363844721386,0.0969044414535666,0.0950621430970777,0.0819780949220048,0.1225895316804408,0.1593172119487909,0.1218169304886442,0.2480857580398161,0.2635658914728682,0.3628762541806019,0.4978175970594991,0.4862092546159107,0.7669376693766938,0.91595650896268,1.1582257530619002,1.4819185382565667,1.2757417102966842,1.419294990723562,1.3377554679096453,1.171885409726849,1.179144385026738,1.0890740147388658,1.29901269393512,1.54886630179828,2.274736313410347,1.9663330300272976,1.9369369369369367,2.406478578892372,2.313008130081301,2.3976029181865552,2.314692425012709,3.673835125448029,4.437864887406172,4.211830535571544,4.68935427574171,4.511411665257819,4.366255144032922,4.292207792207792,4.388429752066116,3.931921331316188,4.572649572649573,4.927272727272728
MCON-L,18.0,0.0318455955623626,7.203677475358423e-07,0.0781611207261984,0.0803578080216614,0.0373537703595235,0.4096420219509702,8.080299999999994,0.0776509477501323,0.0043753448185984,0.0006594711721851,0.0024316748564072,1.0,0.2081473658860793,0.052915077143511,8.858347334229394e-08,-0.0038991992243174,9.92462479579565e-08,0.0163041865709284,0.0014313372387227,2.8362105174731183e-06,0.0259063282928812,2.0,1.0040526539451704,-0.0469078889198084,-0.0269880957694103,0.0269880957694103,0.0269880957694103,0.0051086000510036,0.0255612057204014,0.0269880957694103,0.6402868397784719,-0.070580886945659,-0.0129469790382242,-0.0560141509433962,-0.0126426148627812,-0.0123380629241208,-0.0401678657074339,-0.0441791044776118,-0.0012476606363068,0.0325701386649468,0.0426571149462715,-0.0086687306501546,-0.0204955643927805,-0.0043532338308455,0.0158629441624367,0.0282594733461787,-0.0299909118448953,-0.0487225193107544,-0.0144659895352415,-0.0102009273570323,0.0627281778957851,0.1254833040421794,0.1841715976331361,0.2329611089718908,0.2282316839278866,0.3336109954185755,0.2406044168926775,0.3825561312607946,0.4694814134924279,0.508953817153629,0.5313247250119562,0.4830940250115796,0.4742173112338861,0.605012531328321,0.5233111322549955,0.5276717557251909,0.3631332481907197,0.5262154432793138,0.5153809749171796,0.6941798941798945,0.6001999000499751,0.611474584801208,0.6130982367758187,0.6026026026026028,0.508953817153629,0.5843641761504206,0.6286876907426249,0.6720626631853788,0.669447340980188,0.5914512922465209
MCRK-L^D19,22.0,0.1276252019386107,3.738135628769402e-07,0.0405594047166321,0.0204545454545454,0.3854202598597217,1.315175319547953,-14.05,-0.3968865471675299,0.1926073916732079,-0.0049362771495243,-0.0071142730102266,1.0,0.0974690360796984,2.3894297635605004,2.2931935843291985e-07,0.2323462414578508,1.6950513574865843e-09,-0.0833333333333332,0.0470292586609226,5.89787915166941e-07,-0.2075432811211871,4.0,0.1832916961340031,0.2651863114658895,-0.1422018104614191,-0.093517530898329,0.3057262085010525,-0.0060024009603841,-0.0123685837971552,0.0964954392702832,0.328525046181119,-0.0745614035087719,0.0155902004454342,-0.0065359477124183,0.0021978021978021,-0.0617283950617285,-0.088,-0.0934393638170975,-0.1586715867158672,-0.1093750000000001,-0.161764705882353,-0.2271186440677967,-0.2083333333333333,-0.1783783783783784,-0.2512315270935961,-0.2597402597402598,-0.2244897959183673,-0.2271186440677967,-0.2218430034129693,-0.2645161290322582,-0.2055749128919861,-0.1739130434782608,-0.2,-0.2244897959183673,-0.2645161290322582,-0.1914893617021277,-0.2462809917355372,-0.3006134969325154,-0.3284241531664212,-0.2524590163934426,-0.2014010507880911,-0.161764705882353,-0.192920353982301,-0.2475247524752475,-0.2244897959183673,-0.3027522935779817,-0.3294117647058824,-0.2597402597402598,-0.2919254658385094,-0.2487644151565075,-0.2258064516129032,-0.2244897959183673,-0.142857142857143,-0.1076320939334639,0.0066225165562912,0.0363636363636361,-0.0674846625766871,-0.0731707317073171,-0.0861723446893788,-0.0952380952380953
MCTP-L,26.0,-0.0045821232655695,2.556123549332841e-07,0.0277343734521571,0.0176362803481447,0.1071450363048386,0.7900486098206781,2.0,-0.0704532332250054,-0.0026231118539044,0.003081179651638,0.009715812484819,1.0,0.6694870438921205,0.0151301900070372,6.060272123894848e-08,-0.0504544131440214,1.926263558756601e-06,-0.014792899408284,0.0027428202646014,1.0810586304050145e-06,-0.0145776126635438,4.0,6.346529267804393,-0.0512208686483246,-0.005983718151268,-0.0166293559802662,0.0098213050041625,0.011005575726141,0.0588388214904679,0.0077879581151832,0.4786987758681997,-0.0157349896480331,-0.1022304832713755,-0.0852272727272727,-0.1202185792349727,-0.1643598615916954,-0.1454352441613589,-0.1095132743362832,-0.0761285386381026,-0.0045342126957956,-0.0725806451612903,-0.1652264085724162,-0.237207833228048,-0.2138671875,-0.2143786597267404,-0.237207833228048,-0.2525533890436399,-0.2460193568529504,-0.3016194331983806,-0.3390804597701149,-0.361448968799577,-0.3753233316088981,-0.3704379562043796,-0.3407043407043407,-0.3181818181818182,-0.2780269058295965,-0.3832992849846782,-0.4025235032162296,-0.3904593639575971,-0.3930635838150289,-0.4054652880354505,-0.3528938906752412,-0.3504572350726197,-0.3704379562043796,-0.3668065023597273,-0.3649750197212728,-0.3265476854433909,-0.3321349557522124,-0.3094080640549042,-0.280393325387366,-0.2242210086733055,-0.2857142857142858,-0.2259615384615384,-0.2695099818511798,-0.2520904304738309,-0.206896551724138,-0.2446043165467626,-0.2284345047923323,-0.1484485190409027,-0.1698178068064627
MCUC-L,18.0,0.0919595046104871,6.975118673740917e-07,0.0756812190166383,0.090310407459963,0.1318459231470671,0.7843232517751734,15.5341,0.0430988661273445,0.0063778172188594,0.0001760199933899,0.0992223552192755,1.0,0.0583649098544105,-0.0976105433187287,7.323811109119313e-08,-0.0283639508081373,2.1984184753591124e-08,0.0090493673895242,0.0157446275344247,1.093223316159883e-06,0.2462085852351279,3.0,0.4830642617864634,-0.1284385046342502,-0.0440151026040701,0.4796827609592639,0.1046394550280117,0.0079096027764784,0.021386314802577,-0.0168721728789649,0.4858863151495908,-0.0459183673469386,-0.0236612702366126,-0.0830409356725146,-0.1925849639546859,-0.2229930624380575,-0.2511938872970392,-0.2533333333333333,-0.2800734618916437,-0.2096774193548387,-0.2666043030869971,-0.2088799192734611,-0.2351219512195121,-0.198364008179959,-0.2366114897760467,-0.273401297497683,-0.3158813263525306,-0.3287671232876712,-0.3212121212121213,-0.3444816053511706,-0.3188531711555169,-0.2859744990892532,-0.2561669829222011,-0.2275862068965517,-0.1668437832093517,-0.1141242937853107,-0.2260612043435341,-0.1975435005117707,-0.1668437832093517,-0.1441048034934497,-0.0368550368550369,-0.072189349112426,-0.0988505747126435,-0.0599520383693045,0.0051282051282051,0.0103092783505154,-0.1220604703247479,-0.0883720930232557,-0.1721224920802535,-0.1431693989071039,-0.1459694989106753,-0.1487513572204126,-0.0677764565992865,-0.0754716981132076,-0.0485436893203884,-0.0565583634175692,0.0025575447570331,0.0234986945169712,0.0965034965034963,0.2117465224111283
MCUD-L^H22,23.0,-0.0545184288491507,4.528867597062653e-07,0.0491389805023676,0.093994607354725,0.1227992122802614,1.1242909976668614,-7.038499999999999,-0.0821931871411185,-0.0162469928715979,0.0007507536081846,0.0078961172021114,1.0,0.6357652922664024,-0.1784361503557399,3.4851600510593543e-08,-0.076397669294384,4.775650939153512e-09,-0.0172579098753595,0.0114927150985821,6.500182440556917e-07,0.0565651865095887,5.0,0.2612220569364611,-0.0819862064847743,-0.0231060122724116,-0.1667729274462834,-0.0368283398815189,0.0084021272443403,0.0204622148288973,-0.011161980913077,0.5211658865438182,-0.0972222222222222,0.0055865921787709,-0.0999999999999999,-0.0943396226415094,-0.1325301204819278,-0.1061452513966479,-0.1138461538461538,0.0048848569434751,0.0412147505422992,-0.0309555854643337,-0.0163934426229508,0.0690423162583517,0.1076923076923077,-0.2135445111960676,-0.2052980132450331,-0.222881813275769,-0.3292966930600838,-0.2892398815399802,-0.3283582089552239,-0.3116634799235181,-0.3013100436681222,-0.2686642965972575,-0.217391304347826,-0.258114374034003,-0.2874814448292924,-0.2212006489994591,-0.1955307262569832,-0.1413237924865831,-0.1578947368421053,-0.1822827938671208,-0.1714614499424624,-0.1845979614949037,-0.1905564924114671,-0.2100932528798683,-0.2401055408970975,-0.2712550607287449,-0.2853598014888336,-0.1454005934718101,-0.1623036649214659,-0.1850594227504245,-0.1887323943661971,-0.1887323943661971,-0.2319999999999999,-0.168110918544194,-0.1534391534391535,-0.156414762741652,-0.1728891441700172,-0.1999999999999999,-0.1733639494833525
MCUF-L,23.0,0.3690230399590725,2.163269520796432e-06,0.2347184070312122,0.2907931135483451,0.4058281185784849,1.047428724943666,-1.6885000000000003,0.3229980942374054,0.0588712700372793,0.0160789920953948,0.0462662119283597,1.0,0.1844160302068136,0.4148596938775511,6.266265836384073e-07,-0.0191116698416613,8.380833836207257e-11,0.0678191489361702,0.0356562094608174,3.125291452158048e-06,0.478160610311497,2.0,0.0069199404782984,0.1279613261248889,-0.0897697470478136,0.1235321503068799,1.1206323988570042,0.0507920937433269,0.1043614775002056,0.1206323988570041,0.1981464685951233,0.0,0.0,0.0689655172413794,0.0689655172413794,0.2809917355371902,0.2916666666666667,0.2916666666666667,0.2916666666666667,0.2916666666666667,0.2916666666666667,0.24,0.24,0.24,0.24,0.24,0.24,0.7222222222222223,0.7222222222222223,0.7222222222222223,0.7222222222222223,0.7222222222222223,1.2142857142857144,1.3846153846153846,1.3846153846153846,1.3846153846153846,1.3846153846153846,1.3846153846153846,1.3846153846153846,1.3846153846153846,1.3846153846153846,1.3846153846153846,1.3846153846153846,1.3846153846153846,1.3846153846153846,1.3846153846153846,1.3846153846153846,1.3846153846153846,1.3846153846153846,1.3846153846153846,1.3846153846153846,1.3846153846153846,1.5,1.5,1.5,1.5,1.5,1.5,1.5,1.5
MCZI-L,21.0,0.2243383414195998,3.977999515806527e-07,0.0431619685177871,0.1630680432368672,0.036020556522782,0.2372292374045584,42.5267,0.4162717512708287,0.0059284356209507,0.0014781258307776,0.0040261204588216,1.0,0.4945031616297936,0.2684325702905067,1.1136125189874024e-07,-0.003574172631698,2.6673275177351727e-08,0.0874035989717223,-0.000481431311495,3.5822595042544534e-06,0.2196301922305379,2.0,1.0598811363193823,0.0006242430779328,-0.3517733519551488,0.3517733519551488,0.3517733519551488,0.0063932863573071,0.0688830902940324,0.3517733519551488,0.6034940097874797,0.0403726708074534,-0.0501474926253686,-0.0720461095100865,-0.1080332409972298,-0.0826210826210824,-0.1526315789473683,-0.0773638968481374,-0.1526315789473683,-0.1080332409972298,-0.0212765957446807,-0.0122699386503066,0.0,-0.0122699386503066,-0.0639534883720929,-0.0416666666666665,-0.0929577464788731,-0.0773638968481374,-0.0584795321637425,-0.0639534883720929,-0.0271903323262839,-0.0693641618497109,-0.0852272727272727,-0.003095975232198,0.0841750841750841,0.0420711974110032,-0.1080332409972298,-0.0242424242424241,0.0125786163522012,0.1103448275862069,0.1751824817518248,0.2384615384615385,0.2677165354330708,0.288,0.2578125,0.2529182879377434,0.1027397260273974,-0.0301204819277107,-0.1503957783641161,-0.197007481296758,-0.1344086021505376,-0.2315035799522673,-0.2954048140043763,-0.2999999999999999,-0.2923076923076922,-0.3177966101694914,-0.2780269058295963,-0.3221052631578947,-0.240566037735849,-0.2259615384615384
MDAP-L,18.0,0.1081162280224781,5.460788295074386e-07,0.0592504779193052,0.0106338730352006,0.006820346414802,0.0337388193145951,-104.227,1.5267933388526165,-0.0804053648722355,0.0017448416719482,0.1867293614387101,1.0,0.341903816829853,-0.0556774589417663,6.775283312818213e-08,0.0054058373215211,8.082249849505133e-09,0.3205772005772007,0.0001308874713458,1.2006213831926973e-05,0.1169277545175305,2.0,0.9532119171874732,-0.0107339510282625,0.0129147011823977,-0.0129147011823977,-0.0129147011823977,-0.0003243944753495,-0.008506659591563,-0.0129147011823977,1.072021162877359,-0.0398322851153039,0.0437636761487962,-0.0914285714285715,-0.1016949152542373,-0.1587301587301588,-0.0647058823529411,-0.1067415730337079,-0.1860068259385666,-0.2306451612903226,-0.2717557251908398,-0.3205128205128205,-0.2558502340093604,-0.2294022617124395,-0.2570093457943926,-0.2805429864253393,-0.2739726027397261,-0.2772727272727273,-0.2558502340093604,-0.261609907120743,-0.1915254237288136,-0.1860068259385666,-0.1199261992619926,-0.2154605263157896,-0.1873935264054514,-0.0809248554913296,-0.157243816254417,-0.0879541108986616,-0.1050656660412758,-0.1263736263736264,-0.0755813953488373,-0.1733102253032928,-0.1557522123893806,-0.1557522123893806,-0.066536203522505,0.017057569296375,-0.1343012704174229,-0.1327272727272728,-0.1050656660412758,-0.0124223602484473,-0.0535714285714287,-0.1067415730337079,-0.1133828996282528,-0.1436265709156194,-0.1420863309352518,-0.1327272727272728,-0.0285132382892058,-0.0083160083160083,0.1605839416058392,0.1144859813084111
MDDF-L,21.0,0.0228690322575005,5.648942610562432e-07,0.061291984110875,0.4218194192648262,0.2041281471510226,2.017135360786329,0.2713000000000001,0.1457665766509824,0.0017667428771649,0.0001726981022381,-0.0837471945756283,1.0,0.1366419977243679,0.070869464693681,6.710730337357371e-08,-0.0158664764083668,6.71729376062998e-09,0.0306062647061396,0.026305017351091,5.516426258658078e-07,-0.0220210357766068,4.0,0.1768115805833821,-0.0036811494299528,0.0379565059694319,0.0498194219303948,-0.0967344743469363,0.0152574445428854,0.030156970616848,0.0380140663300493,0.6252132739943682,-0.0864888757919553,0.0574945465877219,-0.0193613639647448,-0.0900925056978146,-0.1138529834182008,-0.0522273425499231,-0.2082361175921604,-0.1689726949920411,-0.1674435721295386,-0.2019049858889934,-0.2430292215034574,-0.2473941006875138,-0.175634641078586,-0.0432760078939948,-0.0781037761477859,-0.022327859406511,-0.0646361631753031,-0.1280832476875641,-0.0256962388745333,-0.1615812229771464,-0.111183865898376,-0.1625123395853899,-0.1421890798786653,-0.175033426522426,-0.1834696823869105,-0.2333672201513611,-0.1993629821870943,-0.1880607728197152,-0.1811052123552122,-0.0804769001490313,-0.1136215227896041,-0.1519430213669873,-0.1656011802311285,-0.1148930620761606,-0.1133899412148921,-0.1795212765957445,-0.1256119556815254,-0.1082643542241491,-0.0388047018835858,-0.0534170153417015,-0.141646642215758,-0.2085131195335277,-0.2216743119266054,-0.2249628868333902,-0.3101240089449074,-0.2895425520778812,-0.214921920185078,-0.2478945035460992,-0.2101710694751541
MDDG-L,22.0,-0.0916008530905845,5.285619810716022e-07,0.0573498701949597,0.043879931378507,-0.0329805153461255,3.8845145986159295,1.2156999999999998,-0.1303284517430864,-0.0542588169588232,-0.0146120874626305,-0.0960073463190328,1.0,0.3791606406631123,-0.3275203379927187,-2.1085400968321725e-07,-0.0415824049001829,1.029675652844977e-09,-0.0273647579879784,-0.0516195998064947,1.0658749548979752e-06,0.0997168724494113,3.0,0.0222840475091838,0.3055644029041686,-0.0283629565671246,0.1054864484408955,-0.0844888670156205,0.0170064145181848,0.0513008180973338,-0.0367991619743706,1.6536866802719628,-0.0549738219895288,-0.0839328537170264,-0.0682926829268292,-0.2219959266802444,-0.3788617886178862,-0.4307004470938897,-0.4255639097744361,-0.4802721088435374,-0.5318627450980393,-0.6375711574952562,-0.6592328278322926,-0.674061433447099,-0.6980237154150197,-0.7504898758981058,-0.7324929971988796,-0.7290780141843971,-0.7259684361549498,-0.723388848660391,-0.7136431784107946,-0.6985003946329913,-0.7092846270928463,-0.7187039764359352,-0.7209642074506939,-0.7356401384083044,-0.7155621742367833,-0.746684350132626,-0.780837636259323,-0.7857543466068424,-0.7797001153402537,-0.7711204313960456,-0.7537072856221793,-0.7726190476190476,-0.7815894797026872,-0.7701564380264742,-0.7634674922600619,-0.7586860391661403,-0.7541827541827542,-0.7319298245614035,-0.7381768334475669,-0.750163505559189,-0.7551282051282051,-0.754813863928113,-0.7672151127361365,-0.7772594752186589,-0.7460106382978724,-0.7315530569219958,-0.6706896551724137,-0.6808688387635756,-0.6866283839212469
MDDL-L,18.0,0.0205719262152291,1.7990134780519657e-07,0.0195196009436946,0.0298361304991144,0.1999207001813611,3.3284377080287944,21.9056,0.230139631475228,0.0083935142999538,0.0040828679688198,-0.0011203119976581,1.0,0.3060242322871565,-0.0092211457889242,4.942005773961325e-08,-0.0053239112624492,7.351850875535701e-07,0.0483218762636474,0.0183535462472625,2.999797233755088e-07,0.0394327066754947,3.0,2.738506379975657,-0.0535052363912716,-0.00221685961138,-2.3868861957016483,0.0257823237085973,0.0232595667948459,0.0610072302915093,0.0653782228611899,0.5014804964422427,-0.1652972450459159,-0.0109942638623327,-0.1165670367207515,-0.1537832310838445,-0.0865342163355409,0.0273088381330683,-0.0076738609112709,0.0698035160289554,0.1135629709364909,0.1072065643952906,0.0916285613788252,0.0657623626373626,0.082112970711297,0.0635709389993146,0.0826792255363684,0.1281352235550708,0.2680286006128702,0.3150423728813558,0.3155998304366256,0.4394712430426717,0.4938628158844766,0.5482664005986528,0.6189358372456963,0.7127483443708609,0.7825962090752441,0.6005673027333678,0.6034616378196849,0.6372988657346348,0.8309734513274336,0.931238332296204,0.9605180037902716,1.1522191400832176,1.1105066303978235,1.08989898989899,1.2761276127612762,1.314317673378076,1.3974507531865583,1.353811149032992,1.4778443113772457,1.7176007005253942,1.8111413043478264,1.9514978601997144,1.7488928255093006,1.7092972501091226,1.9154532644434008,1.9168233082706765,1.969856459330144,2.168453292496172,2.083457526080477
MDDT-L,18.0,0.0529501706985162,7.281301598631681e-07,0.0790033556112527,0.0637475718579255,0.1365212934304773,1.5202111848266406,-13.699699999999998,0.2940804914088435,-0.0068414674268184,-0.0027013550457584,0.0128750992474495,1.0,0.1658046887990439,0.0666583713967002,7.295887895247495e-08,-0.0217606962084355,1.9362263300517333e-08,0.0617473879936249,0.0838671246794611,1.0402037753610957e-06,0.0438853518864341,5.0,0.2452760060368522,0.0666687418663621,-0.0032717500711929,-0.1626927214879074,-0.0106422173256366,0.0029737528533283,0.0074104175784011,0.0568493292750921,1.0157527033445115,-0.0341093665403355,-0.1297997644287398,-0.2062741727546196,-0.2600160256410256,-0.2281654826577518,-0.1962576153176676,-0.251469098277609,-0.2966488956587967,-0.2522267206477733,-0.2981189435683071,-0.3326106594399277,-0.3034131623609278,-0.3164322723908216,-0.3066816816816817,-0.3435223031810912,-0.365728021978022,-0.3507908611599297,-0.3270176717070505,-0.331281679942071,-0.2867348909055802,-0.2854932301740813,-0.2686596713522075,-0.1934497816593886,-0.1566210045662101,-0.1685797884312402,-0.2369345176616402,-0.1629277135735328,-0.0934969325153375,-0.0035068788777988,0.0162310866574963,0.0035316490084214,0.0578465063001143,0.0578465063001143,0.1504204297726563,0.1504204297726563,0.1241631162507608,0.1612700408676517,0.2036493971977842,0.250931256349475,0.2522033898305085,0.1627321372363865,0.1355671687672917,0.0364758698092031,0.0663972286374132,0.0951675066706196,0.3403483309143686,0.2637700992131371,0.2111475409836065,0.1858747993579454
MDDY-L,20.0,0.0132019850977276,6.005706249373889e-07,0.065162930018607,0.064620120114497,0.0916032649820791,0.8186827291288417,16.662399999999998,-0.0292353306371848,-0.030859648700807,-0.0018541517023552,-0.0056083328555051,1.0,0.4482465575226108,0.0192035603751939,4.829997139726546e-08,-0.0438283568619462,6.52958810179912e-08,-0.0061384735020266,0.027685225132176,1.0830957798508566e-06,0.0117271485830717,5.0,0.532316745821386,0.0939159412555634,0.027041919264446,-0.1622542902596362,0.0040387256523979,0.0112991696279265,0.0323923099516633,0.0183940691212423,0.6562767981302402,-0.1416815742397138,-0.0113194198797311,-0.048024523160763,-0.0754217664571618,-0.0450973693201229,-0.084806810740013,-0.1298256537982565,-0.0692640692640693,-0.0880913539967372,-0.1246476667710617,-0.2203626220362622,-0.1858432857558986,-0.1494217894096166,-0.2007434944237918,-0.1568627450980392,-0.1752729418707583,-0.1750295159386069,-0.1568627450980392,-0.1306376360808708,-0.1389402341343192,-0.0189540189540189,-0.0405080672845863,-0.097513722957701,-0.0165376495425757,0.0115816141874773,-0.0017857142857142,0.0185860058309037,0.1689669594312002,0.2334510150044131,0.4466873706004139,0.4718272775144814,0.8032258064516129,0.6796875,0.714723926380368,0.816114359974009,0.6577698695136418,0.5239912758996728,0.525655021834061,0.662700773349197,0.364080039043436,0.4094805849722642,0.4564877540385617,0.3802469135802468,0.3018164881229623,0.2963821892393321,0.2411190053285967,0.3600973236009732,0.5099945975148568,0.5091792656587473
MDEA-L,23.0,-0.3348161509743118,3.979280588508459e-07,0.043175868373584,0.6826761019878997,-3.0010162388685178,0.094433234356264,-0.8042999999999996,-0.9645850260274162,-3.768600241997335,0.0002245786007136,0.3021773945308275,1.0,2.3891213389121337,-0.4151461052595309,-4.531759421233502e-07,-0.1201051316411281,3.605597883232296e-14,-0.2025316455696203,-0.0280220194826427,1.4455791958261297e-07,0.0695786038746327,2.0,0.0191883280749436,2.907755096043288,0.0304723248637015,0.6365531619179985,-0.2881105795142192,-0.2329802248505179,-0.2778880824291556,-0.3634468380820014,1.6536866802719628,0.0255474452554744,-0.1103896103896103,-0.3397590361445783,-0.2237960339943341,-0.1771771771771771,-0.1964809384164222,-0.2259887005649716,-0.1722054380664651,-0.1246006389776357,-0.1746987951807227,-0.3200992555831266,-0.3870246085011185,-0.5580645161290323,-0.5636942675159236,-0.5751937984496124,-0.5765069551777433,-0.5616,-0.6124469589816124,-0.5835866261398176,-0.5485996705107083,-0.5664556962025316,-0.6011644832605532,-0.654911838790932,-0.6802800466744457,-0.5623003194888179,-0.6267029972752043,-0.581679389312977,-0.5234782608695652,-0.4574257425742574,-0.4475806451612902,-0.3381642512077294,-0.4243697478991596,-0.4606299212598425,-0.4637964774951076,-0.5063063063063062,-0.4944649446494464,-0.4859287054409005,-0.5234782608695652,-0.535593220338983,-0.5463576158940397,-0.5835866261398176,-0.4990859232175502,-0.5559157212317666,-0.6178521617852162,-0.5508196721311475,-0.6231086657496561,-0.6562107904642409,-0.6536030341340076,-0.7044228694714132
MDED-L,23.0,0.0604740706435099,2.979210631393068e-07,0.0323249399526318,0.1848332965741947,0.3718606580386846,2.5635461455324715,-2.3100999999999985,-0.6253526038396147,0.0031046607070061,0.001225606961988,0.0404694572378231,1.0,0.1633731775380161,0.1734002029469871,8.298569297705079e-08,0.0016895950274528,4.156460284720706e-09,-0.1313038130381304,0.085073104275367,2.947027529279064e-07,-0.0335503135162273,4.0,0.2159635445888695,-0.1246870988407431,-0.0555148495527976,0.1346138899046036,0.1557541972877469,0.0309439346374376,0.0667939379052341,0.1783833934951442,0.4557942084291492,-0.0431211498973307,-0.0453654438532623,-0.2944950331125827,-0.3787133223983961,-0.4837976983646275,-0.435222001325381,-0.4663431433938635,-0.3773515981735159,-0.3411287205257054,-0.3337893296853624,-0.2654600301659123,-0.3015775455849211,-0.273753728163613,-0.2031323048153341,-0.0535813436979455,-0.0002932551319647,0.0182198327359619,0.1710752318790795,0.1978215038650739,0.3801619433198382,0.4420473773265652,0.3511692429647246,0.4574604531851218,0.5124223602484475,0.5666360294117647,0.4562152926099958,0.4186433624635872,0.6334451365596552,0.6727183513248285,0.70962888665998,0.8917869034406218,0.8466955579631636,0.8017970401691332,0.8527173913043482,0.7876245411641323,0.6342281879194633,0.8803088803088805,0.9108744394618836,1.0598187311178249,1.1292941911305436,1.1727214786488211,1.268130405854957,1.239816031537451,1.0303752233472308,1.205045278137128,1.07360097323601,1.1768837803320564,1.3381344307270235,1.3397391901166782
MDEE-L,22.0,0.1934973008869289,7.049406602061902e-07,0.0764872556213944,0.1524884753071147,0.3440929776486647,2.166690376114233,1.3022999999999998,0.4053309417881164,0.0204725341762576,-0.0048438202423235,0.0075811299867937,1.0,0.3823305020090535,0.0461878041154065,7.997364217213915e-08,0.0032505815991586,9.034903130594148e-11,0.0851063829787234,0.0600433641832094,3.228473681795595e-07,0.7233487351660406,3.0,0.0270888537762306,-0.0675261339701147,-0.1776134755589799,0.1025273099922791,0.2470477972863681,0.0214486005532751,0.0355186778985354,0.4103962832398081,0.0282646631961763,-0.0333333333333333,0.0112359550561798,-0.1346153846153845,0.139240506329114,0.125,0.139240506329114,0.139240506329114,0.2857142857142858,0.267605633802817,0.2162162162162162,0.0975609756097561,0.1688311688311687,0.1842105263157893,0.1111111111111111,0.0227272727272727,0.0,-0.0109890109890109,0.0112359550561798,0.0465116279069768,0.0,-0.1346153846153845,-0.1428571428571429,0.0112359550561798,0.1842105263157893,0.1538461538461537,0.1999999999999999,0.2162162162162162,0.25,0.25,0.2328767123287671,0.3235294117647058,0.25,0.2328767123287671,0.267605633802817,0.3846153846153846,0.40625,0.4754098360655738,0.4754098360655738,0.4285714285714286,0.3432835820895521,0.40625,0.3636363636363635,0.3636363636363635,0.3235294117647058,0.3235294117647058,0.3235294117647058,0.3043478260869567,0.267605633802817,0.2162162162162162
MDEO-L,23.0,0.0800800707679948,8.820036429872496e-07,0.0956988891525063,0.0017197683284616,0.1205233078538975,0.1602422922603855,50.694300000000005,-0.1053681098674853,0.0441170533891259,0.0040353756832405,-0.0025707483811611,1.0,0.2992751166853537,0.0882220977738818,1.223678492505987e-07,0.0162653340841746,1.5073038289861635e-09,-0.0221238938053096,-0.0044922254925286,1.087800384640278e-06,0.0735756781362875,2.0,0.6081502390352376,-0.0226196178615146,-0.0985116426861174,0.5872413174643005,0.0985116426861174,0.0269716406099594,0.060831571380694,0.0985116426861174,0.2465638724576125,0.0309859154929579,0.0215827338129495,-0.0247252747252748,-0.0862290862290862,-0.0920716112531969,0.0456553755522826,0.0923076923076922,0.0839694656488549,0.1181102362204724,0.1181102362204724,0.0790273556231002,0.004243281471004,0.0364963503649635,0.004243281471004,-0.0456989247311828,-0.0932311621966794,-0.0862290862290862,-0.0392422192151555,-0.0366350067842605,0.0628742514970059,0.1024844720496893,0.0725075528700904,0.1396468699839486,0.1305732484076431,0.2412587412587412,0.1433172302737519,0.077389984825493,0.1093749999999997,0.0741301059001511,0.1396468699839486,0.2013536379018612,0.2326388888888888,0.1677631578947367,0.2839059674502711,0.4115308151093437,0.2909090909090908,0.3051470588235292,0.2283737024221452,0.3246268656716415,0.4699792960662525,0.5334773218142548,0.5401301518438175,0.3840155945419103,-0.3586269196025294,-0.3620844564240791,-0.3874029335634167,-0.3586269196025294,-0.3333333333333333,-0.3289224952741021
MDEX-L,22.0,0.0674757308945464,4.808110024125523e-07,0.0521688081325186,0.1298887759243959,0.2568313016026832,0.463920923237163,7.180099999999996,0.3723903942640085,-0.0534121369065321,0.0011433960444949,0.2451929811086792,1.0,0.0934466178831091,0.057195179218915,4.7354635885339307e-08,-0.0238999337031771,6.865107845963074e-09,0.0781899338156071,0.1060221373054149,3.8835645170912964e-07,0.0804810948816368,4.0,1.1259471469877087,0.0149644890855004,-0.0244992592422707,0.0975690485011555,-0.0715916761657502,0.0178322189831251,0.0322358503082666,0.1685344570624721,0.4261807315421134,0.0165211970074812,-0.1641479937467431,-0.1750562520090004,-0.1998503460747023,-0.1963927855711423,-0.1619644723093,-0.1890286292106426,-0.1622927275101189,-0.1852698412698413,-0.2450876573714554,-0.2850855200846844,-0.2445543388673026,-0.2275463520346737,-0.2143032084251775,-0.2412488174077578,-0.3086206896551724,-0.3054397834912044,-0.3222773845991339,-0.3288351901250066,-0.2365085976081394,-0.2363722923113544,-0.2118420244456729,-0.1763271070030169,-0.1614716068744691,-0.0604085816797247,-0.1635486604523824,-0.1565663204942815,-0.0944248412138319,-0.1131997235659986,-0.0458060678167756,0.0422352176738141,-0.8010049004404194,-0.7937972039209384,-0.7666951509972546,-0.7479622100445859,-0.7465834584090371,-0.7342500931947149,-0.7156154425779,-0.7232574189095928,-0.7484858582096866,-0.7421740004018484,-0.7480760169624627,-0.7564946771163444,-0.7606907741369986,-0.7493896841981915,-0.7021493895362332,-0.7180771596801125,-0.6914123560108698,-0.6683809277684456
MDFF-L,23.0,0.1300015626560598,5.915996521283174e-07,0.0641895642742913,0.0368742587624436,0.1275492413488456,2.1279913802115096,0.906099999999995,-0.0202164946461814,-0.0006696431169671,-0.0004649896444882,0.0190333983304809,1.0,0.171747118164148,0.0703924031738776,1.0948790378547628e-07,-0.0372402255768292,1.7275441199319194e-07,-0.0042448097553446,-0.027873963214061,1.3538962031047693e-06,0.1581918806214078,4.0,0.4761016917521693,0.0476004451998838,0.0445306192038415,0.7726143515875376,-0.019364402122716,0.0198181485667542,0.0673499443538017,0.0191957322081836,0.3291623700257903,0.0188976377952756,-0.0592592592592593,-0.0967283072546231,-0.0980113636363636,0.0583333333333333,0.1441441441441442,0.0358890701468188,-0.0230769230769231,-0.0015723270440252,-0.0200617283950618,0.037581699346405,-0.0031397174254317,-0.0393343419062027,-0.1510695187165776,-0.2321644498186215,-0.2751141552511416,-0.2832957110609481,-0.3215811965811965,-0.3021978021978022,-0.2494089834515367,-0.1677588466579292,-0.1795865633074935,-0.0230769230769231,-0.0078125000000001,0.0342019543973941,-0.0863309352517986,-0.0508221225710016,-0.0062597809076682,0.0636515912897821,0.0873287671232876,0.1082024432809771,0.1082024432809771,0.0342019543973941,0.0291734197730955,0.2026515151515151,0.221153846153846,0.2330097087378639,0.2599206349206349,0.3744588744588744,0.4048672566371682,0.31198347107438,0.3539445628997866,0.2624254473161032,0.1651376146788989,0.1781076066790352,0.1847014925373133,0.3039014373716631,0.4079822616407982,0.4530892448512584
MDFJ-L^K19,24.0,0.3409586056644881,6.113464005002411e-07,0.0663321199185819,0.05150240750899,0.083896990381632,2.0403655242351024,0.221,1.7585127012961346,0.0191000258055803,-0.0031598349863951,0.0938590603798162,1.0,0.076241134751773,0.8666343355965085,5.027049513076807e-08,0.1584994809750509,2.388956662686967e-12,0.3692307692307691,0.1133735545500251,6.595520727662382e-07,0.0633802816901408,3.0,0.0035402412882938,-0.953408195429472,-0.0650688725662364,-0.4967201184192319,0.1172386434071772,0.0159345122789476,0.0331254871395167,0.1018375738884606,-0.2037718184221375,-0.1249999999999998,0.1428571428571428,0.1428571428571428,0.1428571428571428,0.1428571428571428,0.3333333333333335,0.1428571428571428,0.1428571428571428,0.0,0.0,0.0,0.3333333333333335,0.3333333333333335,0.3333333333333335,0.3333333333333335,0.1428571428571428,0.3333333333333335,0.3333333333333335,0.1428571428571428,0.1428571428571428,0.1428571428571428,0.1428571428571428,0.3333333333333335,0.3333333333333335,0.3333333333333335,0.0,0.0,-0.111111111111111,-0.2,0.0,0.0,-0.111111111111111,-0.111111111111111,0.3333333333333335,-0.111111111111111,-0.111111111111111,-0.111111111111111,0.0,-0.111111111111111,-0.111111111111111,-0.5,-0.5789473684210527,-0.5555555555555556,-0.5294117647058824,-0.5555555555555556,-0.6799999999999999,-0.6521739130434783,-0.6363636363636364,-0.6666666666666666
MDFN-L^A23,22.0,6.46516568881726,4.935547556761596e-07,0.0535515269462758,0.0529823392202599,0.3311914531237903,0.0596919632097699,2.837,7.513641276078452,-0.0628619737218355,0.0090654315573288,0.0009153046062407,1.0,2.843918554476806,7.728491675805004,1.2211132051441e-08,1.369191166710095,2.023495904980882e-09,1.577621558289397,0.0431218996298441,1.1414821830708092e-07,3.5916596235905263,4.0,1.097268944847734,1.4443162596127703,-0.4532600753774163,-1.867275336841355,0.884086095085691,0.0084542367468097,0.0103726668702782,1.312448165462793,-0.0269964168380633,-0.0735068912710567,-0.0224550898203591,-0.0924252953439889,-0.0549927641099855,-0.0030534351145037,-0.0083523158694001,0.0713699753896637,0.179765130984643,0.3668236525379382,0.4486966167498614,-0.1258366800535474,-0.0553345388788425,0.0026871401151631,0.0183235867446394,0.0669934640522875,0.3443129181677817,0.3238722757222503,0.3381147540983606,0.3178607467204843,0.2822778595974471,0.3388006150691951,0.3360613810741688,0.3512674599068806,0.3901011176157531,0.5547619047619048,0.4312328767123288,0.2791380999020567,0.3505687693898656,0.4012875536480687,0.4715492957746479,0.6183395291201983,0.6223602484472048,0.6983094928478544,0.6851612903225808,0.9743008314436884,0.6143386897404204,0.1734052111410602,0.25215723873442,0.263056092843327,0.2679611650485436,0.2086996760758908,0.3820105820105821,0.345005149330587,0.5168408826945414,0.8013793103448277,0.6917098445595855,0.9507094846900672,0.9878234398782344,0.8617248752672846
MDFW-L,24.0,1.2929696163229096,6.52564294418197e-07,0.0708043312212411,0.7360987654320988,-0.2240069459518124,0.988983318565404,0.5295,0.6457815004759825,0.1925044495431541,9.439305267132348e-05,-0.0021134202183867,1.0,1.974025974025974,1.5132075471698112,-5.950217699581703e-08,-0.0311153017241379,2.363483392339488e-13,0.1355932203389832,-0.0700820581060102,2.6838332228801905e-07,0.8902132998745294,2.0,0.0031563555775264,-0.3831168831168831,0.0091333712415723,1.3124087591240876,0.1952312367741513,0.0103975239384853,0.0146737646737646,0.3124087591240875,1.6536866802719628,0.0,-0.1724137931034483,-0.1111111111111111,-0.0769230769230769,-0.25,-0.2941176470588236,-0.3333333333333333,-0.2941176470588236,-0.3333333333333333,-0.3333333333333333,-0.368421052631579,-0.3333333333333333,-0.2727272727272728,-0.2941176470588236,-0.2941176470588236,-0.2941176470588236,-0.2941176470588236,-0.1724137931034483,-0.25,-0.2258064516129032,0.0,-0.2941176470588236,-0.3333333333333333,-0.25,-0.368421052631579,0.0,-0.0769230769230769,-0.2258064516129032,-0.25,-0.25,-0.4,-0.3846153846153847,-0.3846153846153847,-0.3333333333333333,-0.25,-0.2258064516129032,-0.1999999999999999,-0.2941176470588236,-0.25,-0.2258064516129032,-0.2941176470588236,0.0,-0.142857142857143,-0.2727272727272728,-0.2941176470588236,-0.3142857142857143,-0.3333333333333333,-0.2941176470588236,-0.3333333333333333
MDFZ-L,22.0,0.3793793725868072,2.268161369197001e-07,0.0246099350242614,0.1138970754930854,0.426869656047368,3.2021996693691928,21.6,1.7190245506966282,-0.0014468603247695,0.0054286237760149,0.0800363467185624,1.0,0.172990183072433,0.3950203712086916,6.827448358213718e-08,0.0608526645410363,8.118757481818688e-08,0.3609395352745915,0.2733973684746246,2.3314602651442177e-07,0.3196265918339459,4.0,0.9549588112810826,-0.3097899552966162,-0.0231195246030447,-0.0444869605955802,-0.0054690045184508,0.0361504210201472,0.0952270351875508,0.3290486292057743,0.4143130492617551,-0.1096938775510203,-0.0644391408114559,-0.156989247311828,-0.2298624754420432,-0.1816283924843423,-0.1210762331838565,0.0315789473684211,0.0,0.1701492537313431,0.039787798408488,0.053763440860215,0.1666666666666667,0.1914893617021276,0.0888888888888888,0.0343007915567281,0.1914893617021276,0.0888888888888888,0.1329479768786128,-0.1327433628318584,-0.1191011235955056,0.0129198966408268,0.0798898071625344,0.1199999999999998,0.2327044025157232,0.2061538461538461,-0.7446254071661238,-0.7390146471371505,-0.7019011406844107,-0.6883942766295708,-0.6611927398444253,-0.6984615384615385,-0.6861489191353083,-0.6481149012567325,-0.6576419213973799,-0.6591304347826087,-0.6234390009606148,-0.5937823834196891,-0.5937823834196891,-0.5942028985507246,-0.551487414187643,-0.5201958384332925,-0.4455445544554456,-0.400611620795107,-0.3146853146853147,-0.1917525773195876,-0.1950718685831622,-0.220675944333996,-0.2283464566929134,-0.2159999999999999
MDJZ-L,22.0,0.0081372138886008,9.95327162514722e-07,0.1079946829622698,0.1778268705416823,0.0407189387213379,2.5941548683447984,-11.9896,0.3565175155127759,0.0005952842032542,0.0001088558026617,-3.30370104777979e-05,1.0,0.2182921609950325,0.0489361158212565,5.227781427482983e-08,-0.0052631244243171,3.132656021371782e-07,0.0748571428571428,0.0231006980282566,1.6228296699506597e-06,-0.0161342591573179,5.0,0.4218887182700594,-0.1640530605393469,-0.0125772837155603,-0.0296941105084556,0.0060777640335925,0.0036166988315953,0.0098888872426208,0.0535830847739191,0.7296919038087393,-0.0579150579150579,-0.0512820512820513,-0.1337792642140469,-0.1452145214521452,-0.1452145214521452,-0.15359477124183,-0.1508196721311475,-0.0782918149466193,-0.1366666666666667,-0.1725239616613418,-0.2030769230769231,-0.0683453237410072,0.0,0.3489583333333332,0.4469273743016759,0.5508982035928143,0.4550561797752808,0.215962441314554,0.215962441314554,0.463276836158192,0.3350515463917525,0.3924731182795697,0.5235294117647058,0.5889570552147239,0.5987654320987652,0.4550561797752808,0.4971098265895952,0.5325443786982249,0.5235294117647058,0.5416666666666667,0.904411764705882,1.0555555555555554,1.007751937984496,1.072,1.1404958677685948,1.252173913043478,1.2327586206896552,0.9473684210526314,0.9185185185185184,1.2327586206896552,0.9473684210526314,0.7619047619047619,0.3419689119170983,0.1719457013574661,0.1935483870967742,0.1990740740740739,0.215962441314554,0.1666666666666665,0.3282051282051281
MDKX-L^A20,22.0,-0.0771837479980821,5.136792792052354e-07,0.0557350718349718,0.1363936832750048,0.0082896739577855,0.3597972230241827,-3.216,2.252875808551919,-0.0436160786672783,-0.00038395368696,0.0257381453385252,1.0,0.8953275588629988,0.126929763787762,-2.1760567082990402e-08,0.006180869297037,5.64277799509509e-10,0.4730310262529831,0.0033091573073823,7.555373761417076e-06,-0.0892072533463584,1.0,0.0471848822307418,-0.3285616012722944,0.6718698323871419,1.2501707617873066,-0.0362187526480569,-0.0002213429417641,-0.0034197988353626,0.2501707617873066,1.6536866802719628,-0.0438596491228068,0.0,-0.1524163568773234,-0.1971830985915493,-0.2271186440677967,-0.2645161290322582,-0.2425249169435216,-0.1264367816091954,-0.139622641509434,-0.1798561151079136,-0.2055749128919861,-0.1971830985915493,-0.1648351648351649,-0.1914893617021277,-0.1827956989247312,-0.0578512396694215,-0.0460251046025106,-0.0256410256410256,0.0088495575221239,-0.0214592274678112,-0.0297872340425533,-0.0297872340425533,0.0805687203791469,-0.0617283950617285,-0.0806451612903226,-0.2450331125827815,-0.2621359223300971,-0.170909090909091,-0.1524163568773234,-0.0693877551020409,-0.1093750000000001,-0.1330798479087452,-0.161764705882353,-0.0693877551020409,-0.0172413793103448,-0.1230769230769232,-0.142857142857143,-0.1798561151079136,-0.1363636363636364,-0.0172413793103448,-0.0578512396694215,-0.0086956521739131,0.0133333333333331,-0.0086956521739131,0.0654205607476634,-0.1230769230769232,-0.1023622047244094,-0.088,-0.1162790697674419
MDLN-L,21.0,-0.1581881533101045,1.5206242544637569e-06,0.1649903071575446,0.1193010298252574,0.0387928270673477,0.6962415587573467,-0.186,-0.034018846900074,0.0028269760535934,-0.0004221388367729,0.0624834524755096,1.0,0.4791759964173757,0.0075060643507712,5.14634565745468e-08,-0.0263831892662765,7.558650335358245e-12,-0.0071428571428571,0.0183462878584829,2.818608615585547e-06,-0.2267912300316462,2.0,0.0040700489807179,-0.7806687130101224,-0.0428361423541075,0.0428361423541075,0.0428361423541075,0.0015546543066821,0.0036914752143807,0.0428361423541075,0.3973287459982299,0.0,-0.0285714285714284,-0.1052631578947368,-0.1052631578947368,-0.0555555555555554,-0.0555555555555554,-0.0555555555555554,-0.1052631578947368,-0.1052631578947368,-0.1052631578947368,-0.15,-0.1904761904761903,-0.1904761904761903,-0.2916666666666666,-0.276595744680851,-0.276595744680851,-0.2608695652173912,-0.15,-0.15,-0.1282051282051282,-0.1052631578947368,-0.15,-0.15,-0.15,-0.15,-0.2916666666666666,-0.276595744680851,-0.3199999999999999,-0.2444444444444444,-0.2608695652173912,-0.2608695652173912,-0.2272727272727271,-0.2272727272727271,-0.3061224489795917,-0.2093023255813952,-0.3461538461538461,-0.3333333333333332,-0.2093023255813952,-0.1904761904761903,-0.2272727272727271,-0.3461538461538461,-0.2444444444444444,-0.2608695652173912,-0.2608695652173912,-0.2272727272727271,-0.2444444444444444,-0.2093023255813952,-0.15,-0.1904761904761903
MDRJ-L,23.0,2.0617859640941947,6.938448407006143e-07,0.0752833404115615,0.1451416387450502,0.1439849257658945,0.4049846449146095,0.655,5.027229597455386,0.2217457348689173,0.0031794074362035,0.0070235265849181,1.0,8.813253012048193,1.7921395840676764,-6.2190528940632996e-09,0.6985678204465854,1.890653882227153e-12,1.0555555555555556,-0.1194042900442993,2.2174865220578379e-07,3.632387923147301,2.0,0.0320978847720075,0.4287821260227013,-1.5063249548217514,2.506324954821752,1.5063249548217514,-0.0023858767912542,-0.0026601001449466,1.5063249548217514,1.6536866802719628,-0.0574948665297742,0.0894854586129754,0.0145833333333333,0.0361702127659573,0.0726872246696035,0.1093394077448748,0.0993227990970655,0.2024691358024692,0.1936274509803921,0.2114427860696519,0.1678657074340528,0.1650717703349282,0.2423469387755101,0.2682291666666667,0.3874643874643875,0.4847560975609757,0.4938650306748466,0.4938650306748466,0.4757575757575758,0.4712990936555892,0.489296636085627,0.5030864197530864,0.5915032679738561,0.6342281879194631,0.6125827814569538,0.5608974358974359,0.5460317460317461,0.4984615384615385,0.5218749999999999,0.6508474576271186,0.5218749999999999,0.5030864197530864,0.5608974358974359,0.4847560975609757,0.5608974358974359,0.4668674698795181,0.3835227272727273,0.4847560975609757,0.5460317460317461,0.6233333333333333,0.7269503546099292,0.770909090909091,0.7644927536231885,0.7517985611510793,0.7087719298245614,0.6342281879194631,0.6342281879194631,0.7027972027972029,0.7147887323943662
MDSP-L,22.0,-0.0053706212502419,4.089669011127672e-07,0.0443736014559755,0.0866858004572651,0.0701350113740435,2.3917714109849224,-289.5,-0.3762625314085078,-0.0044444430324073,0.0030233371645594,0.0056846943107582,1.0,0.2434529582929195,0.1652463875509447,2.3796802195114904e-08,-0.0013583990297149,7.158697925675575e-06,-0.0790029573299535,0.010644474550029,2.159787364254992e-06,-0.0366009280742459,3.0,2.1620951599777096,0.07818609181816,-0.0101213122677356,-0.0629052785578594,0.0601308922565658,-0.0013574883996445,-0.0083637469586374,0.0593441101951968,3.0091675657407846,-0.028776978417266,-0.0479452054794521,-0.0915032679738563,-0.0479452054794521,-0.0347222222222222,-0.1257861635220126,-0.0413793103448276,-0.0974025974025974,-0.0211267605633802,-0.0141843971631205,0.0610687022900762,0.0145985401459851,-0.0347222222222222,-0.1626506024096385,-0.2797927461139896,-0.3015075376884423,-0.3152709359605911,-0.3186274509803922,-0.3118811881188119,-0.297979797979798,-0.3534883720930233,-0.3794642857142858,-0.3794642857142858,-0.405982905982906,-0.3349282296650717,-0.3504672897196262,-0.3982683982683983,-0.3930131004366812,-0.4184100418410043,-0.3930131004366812,-0.3118811881188119,-0.4159663865546218,-0.3822222222222222,-0.3443396226415095,-0.3219512195121951,-0.3623853211009175,-0.365296803652968,-0.3876651982378855,-0.3738738738738739,-0.4135021097046414,-0.4774436090225564,-0.4734848484848485,-0.4981949458483755,-0.4549019607843138,-0.4549019607843138,-0.4349593495934959,-0.5255972696245734,-0.5017921146953406,-0.5070921985815603
MDSY-L,21.0,0.0960514826433025,3.752189174689619e-07,0.0407118880701774,0.0529483536757845,0.2127141100413453,0.9413146375928672,-0.6791,0.4030878994670235,0.035610633585428,0.0200394347348659,0.0400892047564697,1.0,0.214621158895093,0.092289709558717,3.4465512084726895e-08,0.0767600315167894,1.4711934224160454e-10,0.0846354166666667,0.0934568973535415,2.6222364446350295e-07,0.101478290261281,4.0,0.1044707749168836,-0.2442102279888073,-0.0195243000526678,-0.1625727452612388,-0.093669140670733,0.0092680456491356,0.0152698806904414,0.0576861411164066,0.3187233895472905,0.0469483568075117,-0.0779220779220779,-0.0818965517241379,-0.0818965517241379,-0.1547619047619047,-0.1445783132530121,-0.0657894736842105,0.1151832460732984,0.0441176470588233,-0.0361990950226244,-0.0858369098712447,-0.1198347107438017,-0.0936170212765958,-0.1744186046511628,-0.1581027667984189,-0.2282608695652174,-0.1931818181818182,-0.1445783132530121,-0.1411290322580645,-0.1198347107438017,-0.1411290322580645,-0.1962264150943397,-0.1962264150943397,-0.1341463414634146,-0.1744186046511628,-0.2604166666666666,-0.2365591397849462,-0.1513944223107569,-0.0818965517241379,-0.0575221238938052,0.0191387559808613,0.0597014925373133,0.1036269430051812,0.3312499999999998,0.3229813664596273,0.4791666666666667,0.7317073170731707,0.972222222222222,0.8362068965517242,0.972222222222222,0.109375,0.0191387559808613,0.1703296703296701,0.0390243902439024,-0.0184331797235023,0.1513513513513511,0.290909090909091,0.0703517587939697,0.0703517587939697
MDVF-L,22.0,0.0134920634920635,9.062145779181416e-07,0.0983258165996342,0.1482012424056249,0.0661012777193492,2.246134642604861,-39.35,0.0276529153463768,0.0134010521157658,-0.0002705627705627,-0.0054152310307447,1.0,0.648471615720524,0.1789929189614477,1.3349807679374696e-07,0.0336833052639056,1.4600927270915721e-07,0.0058062174912301,-0.0002164502164502,3.3386614154431645e-06,-0.0231354507652834,4.0,0.1859636278119767,0.1795137638055407,0.0411339066854049,0.0586594238348874,-0.1422980903149524,-0.0070477682067345,-0.033033033033033,0.0268358845185042,0.3314864579933606,-0.0852017937219731,-0.5173160173160174,-0.5162689804772235,-0.5162689804772235,-0.5255319148936171,-0.5235042735042734,-0.5885608856088561,-0.587037037037037,-0.5229946524064171,-0.5627450980392157,-0.5686653771760155,-0.5900735294117647,-0.5678294573643411,-0.5772511848341233,-0.6204255319148937,-0.6188034188034188,-0.6479873717442779,-0.6371033360455655,-0.6417670682730924,-0.6666666666666667,-0.6751638747268754,-0.698852126941256,-0.6823361823361823,-0.6751638747268754,-0.6836879432624113,-0.6703621581670363,-0.6708487084870849,-0.6463124504361617,-0.5780510879848628,-0.5752380952380952,-0.6411906677393403,-0.6252100840336134,-0.6539953452288596,-0.6710914454277286,-0.6651651651651651,-0.6793673616103523,-0.6696296296296296,-0.6744525547445255,-0.6693847294292068,-0.7016722408026757,-0.6885474860335196,-0.6859154929577465,-0.6720588235294118,-0.7210756722951845,-0.7177215189873418,-0.7455790074158586,-0.7182564750473783,-0.7008718980549966,-0.6798277099784638
MDWJ-L,21.0,0.0030651340996168,3.932514265687063e-09,0.0004266844584995,0.0617519735166793,0.0386862261456575,2.6357858296632384,0.8115,0.354664574064602,0.03195305885524,-0.000314465408805,-0.0009169710181923,1.0,1.1304347826086956,-0.9588014981273408,5.0765184157051175e-08,0.0207855138995154,1.289854412979456e-12,0.074468085106383,0.0159642401021711,2.803882671434876e-06,0.037022345630041,3.0,0.0007864383691275,-0.0089338892197737,-0.0980658275306934,-0.1462896790348736,0.1354089080529225,-0.0132777421423989,-0.4769585253456221,0.0714224980868975,-0.0349370425409569,0.0,0.0,0.0,-0.25,0.0,0.0,0.0,0.0,0.0,0.5,0.0,0.0,0.0,0.0,0.0,0.0,0.0,0.0,0.0,-0.25,0.5,0.5,0.5,0.0,0.0,0.5,0.5,0.5,0.5,0.5,0.0,0.0,-0.25,-0.25,-0.25,-0.25,-0.4,-0.4,-0.25,-0.5,-0.4,-0.4,-0.5,-0.5,-0.4,-0.4,-0.4,-0.4,-0.4
MDWU-L,21.0,0.0663951123728567,7.934282688482783e-07,0.0860883110344183,0.0856446002561586,0.2927075909048874,1.9967356940049887,-0.6754999999999995,0.9603998430632474,-0.0124686382505554,-0.0061733198550467,0.0043777991587722,1.0,0.1587726305745748,0.1210374535066415,1.1982130505290104e-07,-0.0799652028428698,1.7016073532766946e-06,0.2016528925619835,0.1617318004462092,9.156297181025542e-07,0.0350823675665999,4.0,1.9789945393204045,0.2417465028575258,-0.1488105156695442,0.1201360118147077,0.297922531484948,0.0171941895854838,0.0412588505079623,0.2245544909978506,0.1409546297113275,-0.026077097505669,1.3773584905660377,1.3210526315789477,1.290909090909091,0.995475113122172,0.995475113122172,1.0275862068965518,1.0655737704918034,1.1355932203389831,0.860759493670886,0.9299781181619255,1.199501246882793,-0.7427821522309711,-0.7472055030094583,-0.7468427095292767,-0.7525946704067321,-0.7191977077363897,-0.72,-0.7207093096896771,-0.6828478964401294,-0.69375,-0.6943866943866943,-0.6875664187035069,-0.6861209964412811,-0.66565579984837,-0.6610299769408148,-0.6462093862815884,-0.6155187445510026,-0.6181818181818182,-0.6175195143104943,-0.5899581589958159,-0.5825840037860861,-0.55700652938222,-0.5086350974930363,-0.4743742550655542,-0.4712230215827337,-0.4227748691099475,-0.4208798424162836,-0.3967168262653898,-0.4731182795698924,-0.4628501827040195,-0.4718562874251496,-0.5148514851485149,-0.465778316172017,-0.3672883787661405,-0.4084507042253521,-0.3538461538461538,-0.3904630269523151,-0.4635036496350365
MDXD-L,21.0,-0.0810386503256623,3.761370579651153e-07,0.040811507869105,0.041684938564191,0.3008598776433921,1.3611485241867798,103.3227,-0.4079727635688581,0.0144808086572098,0.0098485011812591,-0.1220478186993996,1.0,0.0433697378333205,-0.0591448401848107,4.326771678824716e-08,-0.0934474214931728,2.889736557270626e-07,-0.0856610800744879,-0.0119055122387505,1.7703460330412568e-07,-0.1245341096453137,2.0,3.409615256812666,-0.0612689842685444,0.0152847685903811,-0.0083254973339612,0.0768950666021442,0.028151823249887,0.0443598595010895,-0.0045077361063544,0.7322206121882588,0.0215280709159981,0.011096884336321,-0.0314799672935404,-0.0338499184339313,-0.0584260731319554,0.0538256227758007,0.0354020979020979,0.0957446808510638,-0.1797091412742382,-0.2526813880126182,-0.2488902980342421,-0.3277525539160045,-0.2365452787624878,-0.2862307924073515,-0.1808437067773167,-0.1463063063063062,-0.0954562810232912,-0.0958015267175571,-0.1966768396066462,-0.20875083500334,-0.3793555148022006,-0.3523783488244941,-0.2823386852468947,-0.2385085181613628,-0.225310660562459,-0.2469802924348378,-0.1186755952380951,-0.0933792575583619,-0.0839133797370456,-0.0992395437262356,0.0473032714412025,0.0827239488117002,0.0500886524822696,0.1698765432098765,0.061855670103093,0.0335951134380454,0.0857011915673693,0.2648158035237586,0.3444948921679909,0.3805361305361305,0.1211547562707053,0.0021150592216583,-0.0338499184339313,0.0575892857142859,-0.0539137380191692,-0.1016306408797875,-0.1407326804497641,-0.1309611151870873,-0.1991210277214333
MFBH-L,20.0,0.2158785152518163,4.024257835312439e-07,0.0436638791194015,0.2679663418775425,0.1846270219201386,0.9133472288028172,-42.1991,0.8744859400648147,0.2068613653346281,0.0309497730855529,0.0157175392325082,1.0,0.3311929570454315,0.1572158537289361,4.523797936538836e-08,0.0922432775080709,1.157489214014661e-09,0.1836137527432333,0.1192678611597729,5.827000194666147e-07,0.2599903764269288,3.0,0.2310850574962518,-0.0252864975841742,0.0410174711983787,-0.2087924054638771,0.1235480499728785,-0.016875344585018,-0.0436775714925034,0.3116616415398744,0.5793151485633492,-0.2396388395500296,-0.0288917636912461,-0.206296992481203,-0.2163322120403664,-0.2262054747451609,-0.2398739873987397,-0.2763496143958869,-0.2521585122869161,-0.1399108847867599,-0.0816909066195459,-0.1322887233496018,-0.1055209850390572,-0.0239815082346142,-0.0441426146010187,0.0907329673877948,0.2366831411312464,0.1780296425457717,0.3485029940119761,0.2412272643762631,0.2474150664697194,0.2014938644851502,0.1139323990107172,0.0965752312936212,0.0413070283600494,0.1474184782608696,0.1592312971859986,0.3105722599418041,0.561719833564494,0.4359192348565357,0.5080357142857144,0.5975407897848193,0.4325699745547076,0.5956542276806802,0.6131805157593122,0.8448935008192247,0.8127180037563724,0.7992010652463384,0.7385486361296965,0.7835269271383316,0.8570643210555249,0.8637241379310345,0.7863564251718669,0.5740913327120223,0.4507193472192399,0.5653382761816499,0.5877790834312575,0.6374212312166749,0.4356141096472588,0.309810003877472
MFOD-L,20.0,0.0860273704982289,1.1371717616665182e-06,0.1233850622186803,0.0748000334838415,0.0108567387170397,0.0476391925749242,216.0334,0.0265118443801993,0.0497466986912288,-0.000303568577264,-0.0025890276002785,1.0,0.2071709886098094,0.0487178255010366,1.418782709349524e-07,0.0074898346857246,4.1073126715800083e-07,0.0055666295085684,-0.0003195006190171,1.723974636196826e-05,0.0898113197635809,2.0,3.1925781715350743,0.0140870564592121,0.0105971575982902,-0.0105971575982902,-0.0105971575982902,0.0024275496640783,0.0410779421273719,-0.0105971575982902,0.3065327856549314,-0.1572567783094098,-0.0144608613643507,-0.0022278803309994,0.0048076923076922,-0.0505754088431253,0.0015974440894568,0.0077145612343298,-0.1233221476510065,-0.1308566675907956,-0.1506366838255214,-0.1233221476510065,-0.0245799626633478,-0.0200062519537354,-0.0297121634168988,-0.0479805648344974,-0.0412844036697248,-0.0166248431618568,0.0523665659617322,0.1023206751054852,0.1371055495103372,0.1772437101013895,0.2811606048222315,0.2816843826655764,0.3089770354906056,0.4039408866995075,0.2127659574468086,0.3719912472647702,0.4420423183072679,0.6060450819672132,0.8694096601073347,0.7065868263473054,0.5946083418107835,0.5833333333333333,0.6927645788336934,0.5809379727685327,0.4725223109441052,0.526290165530672,0.6430817610062896,0.6345151199165799,0.6370757180156661,0.6044012282497442,0.6773675762439808,0.6845781837721656,0.6964285714285714,0.8430335097001762,0.862745098039216,1.1457905544147846,1.0955882352941178,0.8561278863232682
MFRZ-L,9.0,0.0432794556180642,7.614362327533142e-07,0.0826171209317951,0.0530503771223327,0.0437193445900226,1.5582747728481627,13.3679,0.4108255977954833,-0.0066251044898247,-0.0100383764849957,0.0358251094761738,1.0,0.1411438795188833,0.0288302566597277,3.0297669970767945e-08,-0.0086094034630394,3.801795070837202e-08,0.0862600829564166,0.0505819897625947,4.276622918363986e-06,0.0458947501520348,4.0,0.1104978111394834,0.1561807335126414,0.0436592646049903,-0.1193475125075456,-0.0608776499062202,0.0023028156427811,0.0135286100464597,-0.0207560538339466,3.1178052464501835,-0.1607142857142857,-0.0819672131147541,-0.1844660194174757,-0.2293577981651376,-0.2258064516129032,-0.1923076923076924,-0.373134328358209,-0.3823529411764707,-0.3707865168539326,-0.3587786259541985,-0.328,-0.3306772908366533,-0.34375,-0.4491803278688524,-0.4666666666666667,-0.4206896551724137,-0.3488372093023256,-0.2851063829787235,-0.2149532710280374,-0.2222222222222223,-0.1472081218274111,-0.1764705882352941,-0.2186046511627907,-0.2222222222222223,-0.134020618556701,-0.2328767123287671,-0.1063829787234041,-0.0819672131147541,-0.2149532710280374,-0.1844660194174757,-0.1515151515151515,0.0769230769230768,0.0566037735849056,0.1351351351351351,0.2086330935251799,0.0059880239520957,0.0,-0.1063829787234041,-0.0059171597633136,0.0700636942675159,0.024390243902439,0.1830985915492957,-0.0454545454545455,-0.0561797752808989,-0.0769230769230769,0.0499999999999998,0.0700636942675159,0.0370370370370369,-0.0232558139534884
MFST-L,22.0,-0.0005055614919933,9.131811586759667e-07,0.0990817024114627,0.1030686244297716,0.2617798554712418,1.0714868102950854,7.9780000000000015,0.0950152332371146,0.0309953328175359,-0.0003269284793348,-0.0036508531096633,1.0,0.4149472718936268,0.0042505224423041,1.175356041045257e-07,-0.0574926458820545,9.151358394192762e-09,0.0199501246882793,-0.0025278074599668,4.496844912136752e-07,-0.0100265062021482,3.0,0.3266842380928972,-0.2865866917178926,0.2128480635524438,0.0335658322992229,0.0354669077026571,0.0292880058325436,0.0414107235569425,0.0322624566849798,0.3814122921716816,-0.0057670126874279,-0.1499999999999999,-0.1766381766381766,-0.2367957746478872,-0.2394736842105264,-0.2238137869292749,-0.3162460567823344,-0.3002421307506053,-0.2388059701492537,-0.1882022471910112,-0.2118181818181818,-0.2602389078498294,-0.2286476868327402,-0.2852431986809564,-0.23477493380406,-0.1766381766381766,-0.1499999999999999,-0.0864067439409905,-0.051422319474836,-0.0576086956521738,0.032142857142857,0.0716934487021012,0.0224056603773583,0.0573170731707317,0.0599022004889975,0.0878293601003763,-0.0147727272727273,-0.0545256270447109,0.10727969348659,0.1377952755905511,-0.1189024390243902,-0.0057339449541284,-0.0717344753747323,-0.0968749999999999,-0.0786397449521785,-0.1458128078817734,-0.1024844720496894,-0.1557935735150925,-0.1533203125,-0.2031250000000001,-0.2354497354497354,-0.2408056042031523,-0.2139619220308249,-0.067741935483871,-0.0647249190938511,-0.1098562628336755,0.0433212996389891,-0.0203389830508474,0.003472222222222
MFWR-L,20.0,-0.0405192774094384,9.728492812097836e-07,0.1055557947689071,0.1137451759903329,0.006383210700326,0.032458007531648,-100.23180000000002,-0.18126839263758,0.0099244125990622,6.087814687759254e-05,-0.0047690086434778,1.0,0.5622710014049562,0.0043130583353534,9.100037252401105e-08,0.0241549761672133,9.246934605097614e-07,-0.0380604973745525,-0.0001228096507698,1.533452385660285e-05,-0.0429467651529722,2.0,8.539912996938606,0.334057171986284,0.0232433071047437,-0.0232433071047437,-0.0232433071047437,0.0008892882514681,0.0156109772055529,-0.0232433071047437,0.4686430599662421,0.0245901639344261,0.0209205020920502,-0.1148730350665053,-0.1201923076923077,-0.0929368029739776,0.0166666666666666,0.0082644628099173,-0.0148048452220725,-0.0081300813008129,-0.1191335740072202,-0.1615120274914089,-0.1902654867256635,-0.1566820276497695,-0.1947194719471946,-0.2809430255402749,-0.2927536231884057,-0.2327044025157232,-0.2723658051689861,-0.2657973921765296,-0.226215644820296,-0.1999999999999999,-0.2318992654774395,-0.2359081419624217,-0.1893687707641195,-0.1159420289855071,-0.1428571428571428,-0.0780856423173803,-0.0054347826086956,0.0796460176991149,0.1491365777080062,0.0860534124629079,0.0844444444444445,0.095808383233533,0.029535864978903,0.0412517780938832,-0.0239999999999999,-0.0108108108108108,-0.0067842605156037,-0.0174496644295302,-0.0291777188328912,-0.0780856423173803,-0.1029411764705882,-0.1398354876615746,-0.1244019138755979,-0.1254480286738349,-0.1766029246344207,-0.1527777777777778,-0.0200803212851404,-0.0722433460076045
MGDO-L,22.0,0.0435150862653701,1.5083399570141694e-06,0.1636574400778092,0.0408649564688099,0.203596693161287,2.3896727076056044,-0.7171999999999983,0.179956375784105,0.0021347386730897,0.0016650669388759,0.0064623506677015,1.0,0.1009510489336664,0.1360263168081942,2.238465268139828e-07,-0.0283740947649954,4.8206495733594064e-08,0.0377850162866449,0.0371745019249817,1.5305214326109969e-06,-0.035319673354822,4.0,0.1465978361092242,0.1314380057684218,0.0592414606189334,0.0324531286765555,-0.0689272353636554,0.0199603450673485,0.0411290941228528,0.0201195873788196,0.6116892632636562,0.0249376558603491,0.0220900594732369,0.0143338954468803,0.0177664974619289,0.0033361134278564,0.0264505119453923,-0.8247377622377623,-0.8129082426127527,-0.807735336423206,-0.8173120728929385,-0.8156039239730226,-0.8090779241390256,-0.800728838827232,-0.8033028122956181,-0.787718369507676,-0.785101822079314,-0.7848712446351931,-0.7856761090326029,-0.7939715704743964,-0.7831651045421774,-0.7707261292166953,-0.7795492028587137,-0.7690978886756238,-0.7739146776921632,-0.7485367892976589,-0.7762692951459922,-0.7940773707634372,-0.7807944606413995,-0.7833603457590492,-0.7803542085083075,-0.7669959325973271,-0.7673564107522723,-0.7841765339074274,-0.7558847402597403,-0.7355462739063531,-0.7605970149253731,-0.7616877971473851,-0.7525200576013166,-0.7181349578256795,-0.7156028368794326,-0.724272289708916,-0.685572399372713,-0.7158715162966462,-0.7106782106782107,-0.6841690732475716,-0.6794564348521184,-0.6662968099861304,-0.648861646234676,-0.6577524893314367
MGID-L,8.0,0.1089434974069758,8.565868714930495e-07,0.0929411263958811,0.0223700575256653,0.0315444551445878,0.5932758241796342,2.385600000000011,0.1276494314613677,-0.00523689276792,-0.0002682027670317,0.012420579730957,1.0,0.2920191365954462,0.0930123911267248,1.3097385003512585e-07,0.1042717402934816,5.276822515173684e-07,0.0268022504105951,0.0014043508412748,4.617181712031292e-06,0.1121117593978476,3.0,1.071387982400544,0.1026618489588868,-0.038443518238478,0.0486644266206862,0.062368540610881,0.0063671997705237,0.0413476686223194,0.098434685084336,0.3774073893845486,-0.1036121673003802,-0.0780017528483786,-0.2512455516014236,-0.2643356643356643,-0.2281731474688189,-0.1670625494853523,-0.1938697318007664,-0.1597444089456868,-0.0907519446845289,-0.0875975715524718,-0.1644162033359809,-0.0954428202923475,-0.0812227074235807,-0.0313075506445672,-0.1327287716405607,-0.1054421768707483,-0.215510812826249,3.208,3.208,3.208,3.208,3.208,3.208,3.208,3.208,3.208,3.208,3.208,3.208,3.208,3.208,3.208,3.208,3.208,3.208,3.208,3.208,3.208,3.208,3.208,3.208,3.208,3.208,3.208,3.208,3.208,3.208,3.208,3.208
MGPD-L,22.0,0.0608548873748094,3.2044610672372644e-07,0.034768945333199,0.0781245633369501,0.409518402088761,1.8668461451001213,0.8082000000000011,-0.004145029213238,0.0066516054292201,-0.0026211914336602,0.0077198279238781,1.0,0.1402514879570358,0.0955776794520944,6.731618971543991e-08,-0.0144680815132515,1.230778440091707e-09,-0.0008703220191471,0.0917207538487269,2.143292122981103e-07,0.0129904368371618,4.0,0.1728840545377009,-0.0412463777508502,-0.0236340439779391,-0.0430591477965819,0.0656565560410971,0.0279194649675166,0.050523012898156,0.0850004306592599,0.495157182197562,-0.0567901234567901,0.0358056265984654,-0.0515222482435597,0.1177552897884086,0.0752212389380531,0.1005434782608696,0.0965703971119134,-0.4208770257387988,-0.3781985670419652,-0.4266163284568193,-0.4696639022261021,-0.4907795473595976,-0.4395756457564576,-0.4987623762376237,-0.4780927835051546,-0.5098830173457038,-0.4477272727272727,-0.4869087837837837,-0.4767441860465116,-0.4484793463458919,-0.4406077348066297,-0.4484793463458919,-0.4507233273056058,-0.4,-0.3403908794788274,-0.3769230769230769,-0.37403400309119,-0.3029259896729775,-0.2772159428911361,-0.2368090452261306,-0.2513863216266173,-0.345718901453958,-0.3396739130434781,-0.2886416861826697,-0.2746268656716417,-0.2627427184466019,-0.24346201743462,-0.1948310139165009,-0.1796083727211344,-0.1419491525423728,-0.1026587887740029,-0.1315225160829163,-0.1969596827495042,-0.2186495176848875,-0.2186495176848875,-0.2186495176848875,-0.2048429319371727,-0.1258992805755395,-0.1632231404958677
MGQV-L,23.0,0.0795462447417935,2.7950368031618214e-07,0.0303266227219909,0.0006328357541368,0.1385963048260098,0.1836528090002068,6.176900000000001,-0.2645910314450204,0.1044760057035978,0.0016043872112269,0.0006088206202652,1.0,1.1650864472950364,0.1092693877540495,3.749452133044343e-08,0.0089359274410909,5.5859551106841285e-11,-0.0555555555555555,7.92196836016135e-05,2.7829402662889134e-07,0.0512551669702668,2.0,0.4327272929619906,0.1064618644067796,-0.4008882612008251,0.4008882612008251,0.4008882612008251,0.015364576186126,0.0307427954196051,0.4008882612008251,0.1789844997700283,0.0238095238095237,0.0223123732251522,0.0140845070422535,0.018181818181818,0.0039840637450199,0.0275229357798165,0.0233502538071066,0.0932754880694142,0.0980392156862746,0.0621707060063223,0.0120481927710842,0.006993006993007,0.3677069199457259,0.3493975903614459,0.3142112125162972,0.2537313432835821,0.2989690721649485,0.3263157894736843,0.3566621803499328,0.382716049382716,0.3566621803499328,0.3475935828877003,0.3404255319148936,0.3584905660377357,0.411764705882353,0.3245729303547962,0.3298153034300792,0.3789329685362517,0.3732970027247957,0.3548387096774192,0.4482758620689655,0.4177215189873418,0.3980582524271845,0.4566473988439306,0.4845360824742268,0.5089820359281438,0.5849056603773584,0.5899053627760253,0.5319148936170213,0.5700934579439252,0.633711507293355,0.575,0.5799373040752351,0.5365853658536586,0.5507692307692307,0.5483870967741935,0.5089820359281438,0.4736842105263159,0.411764705882353
MGQW-L,22.0,0.0434254204546978,1.3441789161678584e-07,0.0145845689099204,0.128307767764562,0.3062791079264667,5.836324483238959,0.7852999999999994,1.7293791520099555,0.0003656639645987,0.0004248971998772,0.0020441749190385,1.0,0.328792102105176,-0.0139133900809485,4.85016318612301e-08,-0.0522566626673298,1.4640585645873986e-07,0.3631136665192392,0.0241489676841644,2.409778220145617e-07,0.0787395914075718,3.0,0.7948071166890472,-0.0616489893956124,0.0253688962663289,0.0117556457538061,-0.0253535936870819,0.0288684364931245,0.0828448916984289,0.0223925281062868,0.4674623606133734,-0.0323275862068964,0.0086956521739129,-0.0197183098591549,-0.0744680851063829,-0.0996119016817594,-0.056910569105691,0.0072358900144717,0.0303478904515173,0.1580698835274543,0.0403587443946187,-0.0252100840336133,-0.0326615705350938,-0.0071326676176889,0.0242825607064016,0.0765661252900231,0.0235294117647058,0.0841121495327101,0.0969267139479905,0.0666666666666666,0.1298701298701299,0.1542288557213929,0.1038858049167328,0.0715935334872979,0.0926216640502355,0.2178477690288713,0.0740740740740739,0.0101596516690856,0.0426966292134831,0.0227773695811903,-0.0380096751900483,0.0799069045771916,0.0969267139479905,0.0832684824902723,0.13911620294599,0.1153846153846154,0.1867007672634271,0.1381847914963205,0.1707317073170731,0.2747252747252746,0.2985074626865671,0.2853185595567866,0.3488372093023255,0.4018126888217523,0.344927536231884,-0.6088788985670133,-0.6315510852302806,-0.652694610778443,-0.6484848484848484,-0.6312582781456954
MGRM-L,3.0,0.2024648196042917,3.00634435706856e-07,0.0326193454719694,0.0204660818336905,0.3382556819129721,1.1960857556092166,120.135,0.5122565527490297,0.0183059346848221,0.0089522851614685,0.0600221054166628,1.0,0.1261409133091708,0.2582464472326494,5.920320734573734e-08,0.0610555451198277,9.217231036691769e-08,0.1075573016194978,0.1447001045089757,2.367919389132279e-07,0.1382595240446265,5.0,2.417132415730048,-0.0919362274741007,0.2784492728385432,-0.1919990113686119,-0.0266158957478697,0.0327330581611476,0.0693869457424448,0.0465617836997592,0.4815711750401824,-0.1052631578947368,-0.006403415154749,0.033870072182121,0.1129707112970712,0.1057007125890736,0.2201834862385321,0.259810554803789,0.171806167400881,0.3075842696629214,0.3347670250896057,0.4919871794871795,0.4836653386454184,0.4213740458015269,0.2632293080054275,0.2521856086079355,0.2396804260985354,0.304835318850736,0.4356206630686199,0.3482983345401882,0.4479004665629862,0.5262295081967214,0.3085031623330991,0.3177636234961076,0.2675289312457456,0.3131170662905502,0.2396804260985354,0.3357245337159256,0.5833333333333335,0.4603921568627451,0.4445306439100078,0.5969125214408233,0.75,0.7161290322580647,0.7852348993288591,0.9745493107104986,1.032751091703057,1.0643015521064303,1.135321100917431,1.2299401197604791,1.4308093994778068,1.29593094944513,1.5333333333333337,1.502688172043011,1.3275,1.4025806451612906,1.2624544349939248,1.1015801354401806,1.1039548022598873,1.028322440087146
MGZC-L^D19,23.0,-0.109346005883684,7.982719138793332e-06,0.8661385472418256,0.0217490726154784,-0.2512272596015016,1.7118007585524675,-240.65,-0.1763940209633468,-0.1735931306466446,-0.0082038193336675,-0.070369596993109,1.0,0.1871790624482358,-0.4666521360069747,-7.519480022443249e-06,-0.2385694451093695,4.2116932425916446e-08,-0.037037037037037,0.0601493550577053,2.411616315223936e-05,0.1444384240266273,4.0,0.0172367519183165,0.1194846392452024,-0.1086947361179193,-0.2709061090500402,-0.0546078679034585,-0.1066359280354398,-0.264937106918239,-0.0248394004282655,1.6536866802719628,-0.2857142857142857,-0.2222222222222221,-0.2222222222222221,-0.4615384615384614,-0.4166666666666666,-0.5333333333333332,-0.6666666666666666,-0.6818181818181818,-0.6666666666666666,-0.75,-0.7741935483870968,-0.7999999999999999,-0.825,-0.8333333333333333,-0.86,-0.825,-0.8372093023255813,-0.8372093023255813,-0.86,-0.8627450980392157,-0.8703703703703703,-0.8727272727272727,-0.8703703703703703,-0.8771929824561403,-0.875,-0.8679245283018868,-0.8727272727272727,-0.8870967741935484,-0.875,-0.875,-0.9014084507042254,-0.9102564102564102,-0.9054054054054054,-0.9135802469135802,-0.9113924050632912,-0.9041095890410958,-0.9166666666666666,-0.9213483146067416,-0.9113924050632912,-0.9066666666666666,-0.9204545454545454,-0.9213483146067416,-0.9263157894736842,-0.9213483146067416,-0.9066666666666666,-0.9135802469135802,-0.9066666666666666,-0.9066666666666666,-0.9014084507042254
MHCF-L,22.0,0.043448765990438,1.4749116901054585e-06,0.1600304164992871,0.1474291165014705,0.0274225423424306,1.2148036875430566,-0.514,-0.4163145599659408,-0.0112114359516961,0.0047260627988112,-0.0156718507680924,1.0,1.225165562913907,-0.0650181687497503,-3.765269596132941e-08,0.045572821980176,1.445775724422538e-10,-0.0874125874125873,-0.010705517508722,1.0684169009587432e-06,0.242418693231761,3.0,0.0178536005647518,1.6904093078720903,0.0383597259220621,0.9539980835514364,0.9539980835514364,-0.0049421795314935,-0.0097246086292478,-0.0460019164485635,1.6536866802719628,-0.0982142857142858,-0.0044444444444443,-0.1547169811320753,-0.1039999999999998,-0.1215686274509803,-0.111111111111111,-0.2167832167832166,-0.1215686274509803,-0.1181102362204723,-0.111111111111111,-0.131782945736434,-0.173431734317343,-0.2508361204013377,-0.263157894736842,-0.2888888888888887,-0.2727272727272727,-0.232876712328767,-0.1999999999999998,-0.235494880546075,-0.2933753943217665,-0.131782945736434,-0.1450381679389312,-0.1351351351351349,-0.1971326164874551,-0.286624203821656,-0.2933753943217665,-0.3507246376811593,-0.3863013698630136,-0.4413965087281795,-0.4778554778554778,-0.4988814317673377,-0.5022222222222221,-0.496629213483146,-0.4704491725768321,-0.5076923076923077,-0.4977578475336323,-0.4729411764705882,-0.5474747474747474,-0.4729411764705882,-0.5161987041036716,-0.5371900826446281,-0.5428571428571429,-0.5555555555555556,-0.4909090909090908,-0.4838709677419354,-0.5022222222222221,-0.5182795698924731,-0.4563106796116504,-0.4602409638554217
MHCH-L^J22,21.0,0.0585451614575722,3.2438253549099655e-07,0.0351960545217505,0.0303914347670442,0.3462446342152511,2.020188749634237,-12.4105,0.5304955771634258,0.0011217186854693,-0.0103789103558146,-0.0206329027438816,1.0,0.1670896998022649,0.064148111558629,7.63634566031561e-08,-0.0388489340413007,2.843739231966196e-09,0.1113869066087496,0.0904336800825788,3.259230086789565e-07,0.0530269719054346,4.0,0.1941913136679005,0.1504372090649698,-0.0001324071888841,-0.0669574031554962,-0.0086788814871559,0.0056038976455165,0.0115582446967051,0.1142854990527056,0.5030601165054536,0.0,-0.1985522233712513,-0.3481917577796468,-0.2928832116788321,-0.3123336291038154,-0.2681775259678942,-0.3714517437145174,-0.4181681681681681,-0.38,-0.4826435246995995,-0.4928010471204188,-0.4282552563629657,-0.4083969465648854,-0.4418437162405473,-0.4181681681681681,-0.3767591475673503,-0.3931088488645262,-0.3378897906877403,-0.3568464730290457,-0.445438282647585,-0.4388124547429399,-0.4561403508771929,-0.4546094299788881,-0.449182658137882,-0.4038461538461538,-0.3747478822105687,-0.3739903069466882,-0.4131010980689132,-0.3318965517241379,-0.3528183716075156,-0.3568464730290457,-0.350104821802935,-0.4110942249240121,-0.4807370184254607,-0.4879418566237198,-0.4812583668005354,-0.5304453196001211,-0.4929669610729473,-0.528158295281583,-0.4874338624338624,-0.5192307692307693,-0.4752877454299254,-0.4603064066852367,-0.457092819614711,-0.3780096308186196,-0.4086226631056848,-0.3373236425823002,-0.3021161638901396,-0.2899679340357306
MHCL-L,23.0,-0.0987334315169366,1.1618429822014084e-06,0.126061931433448,0.1826655336950127,-0.3425993771753068,0.2711375645687442,-9.768,-0.8804173405476903,-0.2350113986010815,-0.0139696000302863,-0.1306281056330677,1.0,0.1709813150763086,-0.1188987933471029,-1.0998106512371989e-07,-0.0666480758505294,3.279012468651506e-11,-0.1848591549295773,0.010721649484536,1.8908930926207495e-07,-0.0646991048480013,4.0,0.0313820473920118,-0.2681693610077844,-0.0558552998913601,-1.0467157756337484,-0.1750010362841264,-0.0343473816019502,-0.0399909847727176,-0.3655609035170058,1.6536866802719628,-0.0764331210191083,0.0608108108108109,-0.0654761904761903,-0.1513513513513513,-0.3914728682170543,-0.3485477178423236,-0.4731543624161073,-0.5614525139664804,-0.5327380952380951,-0.5242424242424242,-0.5638888888888889,-0.5756756756756757,-0.5824468085106382,-0.6821862348178138,-0.6455981941309255,-0.5922077922077922,-0.6180048661800487,-0.5802139037433155,-0.5662983425414365,-0.5824468085106382,-0.5662983425414365,-0.5813333333333333,-0.6025316455696202,-0.6074999999999999,-0.5974358974358974,-0.6314553990610328,-0.6897233201581028,-0.6909448818897638,-0.6903353057199211,-0.647982062780269,-0.6659574468085107,-0.6762886597938145,-0.677618069815195,-0.6687763713080168,-0.6729166666666666,-0.6261904761904762,-0.6541850220264317,-0.6945525291828794,-0.7191413237924866,-0.697495183044316,-0.698076923076923,-0.6630901287553648,-0.6601731601731602,-0.6439909297052154,-0.6161369193154034,-0.5911458333333333,-0.4731543624161073,-0.5932642487046632,-0.4332129963898916
MHHQ-L^K20,23.0,0.1491349774845821,2.1748029779350414e-06,0.2359698066654754,0.2213391502518643,0.0138047426916238,0.1319880498615283,-8.400400000000005,0.1488324551878236,0.0067461350873831,-0.0005988111688388,0.0052818789215996,1.0,0.0956340405188768,0.0118287456600452,2.909039603459071e-07,-0.0052124850815141,5.999758413302534e-08,0.0312499999999999,0.0013683838298972,2.5217322340451744e-05,0.1661409569845245,2.0,0.3785818418156171,-0.1313233942663069,-0.1290732497485998,0.1290732497485998,0.1290732497485998,0.0022126923790929,0.0275485654410452,0.1290732497485998,0.4184009399376724,0.0052219321148825,0.0132275132275132,-0.020460358056266,-0.051980198019802,-0.0424999999999999,-0.0229591836734693,-0.0880952380952381,-0.0945626477541371,-0.1315192743764172,-0.1175115207373271,-0.0748792270531399,-0.0945626477541371,-0.0496277915632754,-0.1545253863134658,-0.1450892857142858,-0.1600877192982455,-0.167391304347826,-0.1763440860215054,-0.1919831223628691,-0.2385685884691849,-0.3185053380782918,-0.2933579335793358,-0.2881040892193308,-0.275992438563327,-0.2894248608534322,-0.2591876208897485,-0.2119341563786009,-0.1781115879828326,-0.170995670995671,-0.1798715203426124,-0.0988235294117646,-0.035264483627204,-0.1175115207373271,-0.115473441108545,-0.1051401869158878,-0.058968058968059,-0.0401002506265664,0.0026178010471205,-0.0328282828282827,-0.0051948051948051,-0.0026041666666666,-0.0103359173126614,-0.115473441108545,-0.1195402298850574,-0.1885593220338982,-0.1833688699360341,-0.1469933184855234,-0.0424999999999999,-0.1393258426966293
MHOL-L,20.0,0.1982578577477406,4.44507763406476e-07,0.0482298452119656,0.4893783870716509,0.5583457068235815,0.8579864197186804,-7.801699999999997,0.4469879902945543,0.1105753038306292,0.0123205979396193,0.0033825637492999,1.0,0.1332573690365528,0.1757577552895749,4.7565807172648454e-08,0.0044430491100161,4.736725936709176e-10,0.0938530153189838,0.0335534053066299,1.1327467761861521e-07,0.2821066029648524,4.0,0.2435155732300055,-0.1065908592120571,0.3035937339229948,-0.5487928703686263,0.0852924565830954,0.0359837150930964,0.0458526502305098,0.1808505123886759,-0.1222373750235375,-0.1439732142857144,-0.103103103103103,0.0966952264381886,-0.0568421052631578,-0.199285075960679,-0.0427350427350425,-0.2105726872246694,-0.1434034416826003,-0.3455076698319941,-0.3854595336076817,-0.1571025399811852,-0.1249999999999998,-0.1490978157644823,-0.2619439868204283,-0.1146245059288536,0.2075471698113209,0.3254437869822486,0.620253164556962,0.7637795275590553,1.123222748815166,2.0067114093959733,2.143859649122807,2.1219512195121952,2.4461538461538463,1.7569230769230773,1.1642512077294689,0.894291754756871,0.9268817204301076,0.890295358649789,0.9352051835853136,1.0456621004566211,1.6198830409356728,1.6352941176470592,2.3185185185185184,2.569721115537849,1.947368421052632,0.6810506566604129,1.1082352941176472,1.2915601023017906,1.1694915254237293,1.56,1.0692840646651272,0.7672583826429982,1.0456621004566211,0.7991967871485943,0.7099236641221376,0.7001897533206833,0.2392807745504841,0.2043010752688172
MHQD-L,11.0,0.0585165384652994,1.0316886353269263e-06,0.1119399643494209,0.2017758025352001,4.153060353600011,0.1120050948351882,2.5533,0.0778796243498547,0.0189863596962769,0.0009753609246527,0.0040330367939932,1.0,0.1355314092695831,0.060519744318532,8.668352821693926e-08,0.0098883581383653,1.4763293849279922e-10,0.0163522012578615,-0.0070011903036918,1.3480529790955854e-08,-0.5297488433150366,2.0,0.3048239119373265,-0.0014800959519045,0.1958256829838332,-0.0111676525404548,-0.1958256829838332,0.0187865773880967,0.0196838262005289,-0.1958256829838332,0.0147963393877818,0.0004692632566871,0.0198612108159845,0.0203495331577685,-0.0357466063348417,-0.0581215469613259,-0.0172930597186995,-0.0505680552461573,-0.0287146763901551,-0.0229252636405318,-0.0490852298081214,-0.0549889135254989,-0.0520462633451958,-0.0518353726362625,-0.0678040244969379,-0.0818612666953899,-0.0692290893208124,-0.1066862293020332,-0.0482358195623047,-0.1144816123000208,-0.0902881536819637,-0.0456784594715629,-0.0240439661094573,-0.027606662103582,-0.0398738454606893,0.0082801040927369,-0.0368361581920904,0.0255052935514916,0.0735516372795968,0.0474318014254115,-0.0055996266915538,0.0657664416104024,0.1198108250131371,0.1136660569636789,0.2212034383954153,0.2594562647754135,0.2516886930983848,0.4066006600660066,0.3815235008103725,0.4107911287653094,0.3819714656290531,0.348307497627333,0.4015126603091088,0.3761704875686147,0.3873697916666667,0.4093915343915344,0.3932657731284732,0.4117257369990061,0.4486743711760705,0.4173594945128034
MHRM-L,18.0,0.0263832660519351,1.1190911852907845e-07,0.0121423289058045,0.0525715170554657,0.3091893302132056,2.773815012253244,1.9297000000000004,0.2058624047909085,-0.0066756778771097,0.0079721473313317,-0.006403684202861,1.0,0.2603436861706634,0.0250387530141233,3.992435676522051e-08,-0.0399658798870298,1.2592252323219707e-09,0.0432244441684262,-0.03305216740498,1.663803888275153e-07,0.0272912200301704,4.0,0.2153062559758381,0.0803459058495204,-0.0172448106388144,0.1127995898405475,-0.0014797844669753,0.0505232454981772,0.1553293457160774,0.0362624341543196,0.8164692606803601,-0.026647717178895,-0.0523569023569023,-0.1597253321391252,-0.2412724086804151,-0.1420515165371132,-0.1517480409885473,-0.1892553651159442,-0.2041566520571186,-0.1768060836501901,-0.0737205858153694,-0.1005113454777884,-0.188437139561707,-0.1481537530266343,-0.1701312103788883,-0.1556922153892306,-0.0869424168694241,-0.074329879953955,-0.0481907338518768,-0.0590103644266132,-0.0218940052128583,0.1630165289256198,0.1204219745222929,0.2542335115864527,0.3250941619585688,0.3756109481915932,0.3746031746031744,0.5383984695271931,0.6843207660083781,0.8234531908001295,1.1233496793662767,1.180937621077102,1.0255487585462395,0.9257612042422168,1.6390060947022973,1.7153883260974432,1.6144914073385972,1.5355855855855856,1.7921626984126982,2.5137328339575533,2.3327412670219063,2.863417982155113,2.8188602442333783,2.879393521709166,2.606021780909673,3.135929463629684,5.485023041474655,5.26837416481069,5.078833693304536,4.956613756613757
MIDV-L,21.0,0.0526701745603169,1.1191462037048816e-06,0.1214292586491618,0.1131838614131454,0.7258132439072911,0.4760440369205191,-6.1647,0.6938287192939135,-0.0659559246884557,-0.0154386103489445,0.1731943977339439,1.0,0.0484565956006606,0.1717791714652735,1.349754670295927e-07,0.0025839531258733,4.908051640888511e-11,0.1456815816857439,0.0839588851665626,2.1263811631477658e-07,-0.3142162776618772,4.0,0.0416385814649397,0.0634195975298749,-0.0971243281674433,-0.0653672339160562,-0.18481416320276,0.0207083133742531,0.0246428966242159,-0.169717866798264,0.6050204372314381,-0.1485148514851485,-0.0098039215686274,-0.0380952380952381,-0.0471698113207547,-0.2785714285714284,-0.2406015037593984,-0.3483870967741935,-0.36875,-0.1854838709677418,-0.2681159420289855,-0.1919999999999999,-0.1293103448275862,0.188235294117647,0.2948717948717949,0.6031746031746033,0.5538461538461539,0.5538461538461539,0.8035714285714284,0.8035714285714284,0.7719298245614037,0.8035714285714284,0.9056603773584906,0.8703703703703702,0.8703703703703702,0.9056603773584906,1.104166666666667,1.3488372093023258,1.4047619047619049,1.805555555555556,2.8846153846153846,2.4827586206896552,2.6071428571428568,3.590909090909091,3.04,3.208333333333334,2.7407407407407405,2.7407407407407405,2.7407407407407405,2.4827586206896552,1.9705882352941173,1.6578947368421053,1.6578947368421053,1.525,1.6578947368421053,2.060606060606061,2.6071428571428568,2.6071428571428568,2.3666666666666667,1.885714285714286
MIHW-L,18.0,0.0335410991261107,2.050431611185673e-05,2.224753027199112,0.0717387462004416,0.0464973499056614,0.7349660644199268,-285.38890000000004,0.1527718854446436,-0.0596719139643841,-0.0020420487360254,0.0183022209440926,1.0,0.0754435159269436,0.1348546614861401,1.722653312066165e-06,-0.0151505423149682,2.814148482152142e-06,0.0320771528906128,0.0366138711526754,0.0001718307987088,0.0247546960419374,4.0,0.0489979248887728,0.0546000525518893,0.0967234862889862,-0.3106630692879808,-0.1165374624854404,-0.0030254563959326,-0.0313338615165774,-0.0515579925795812,0.6368323854310379,-0.0288995924416449,-0.0178311499272199,-0.0553027651382569,-0.0705922865013773,-0.0970224155235865,0.0078416728902164,0.024677296886864,0.1724587315377932,0.1628608358466177,0.1056943875460876,0.0927125506072874,0.0559467918622849,0.0697582243361076,0.1648683642641344,0.1603611349957006,0.2279344858962693,0.3315244203256042,0.3191593352883675,0.4064616988014589,0.4495166487647688,0.4676454594888526,0.4433155080213904,0.5044593088071347,0.5970414201183432,0.7071473750790638,0.5511494252873563,0.5095078299776286,0.5078212290502793,0.5265837104072397,0.5895170789163722,0.5719277810133951,0.4364023416711016,0.3236880823933299,0.3569632981397685,0.3962752198654942,0.4379328716036228,0.5019476905954368,0.4797149122807018,0.4318302387267902,0.4410037373198077,0.5069793411501953,0.4895143487858717,0.4772851669403393,0.1231793591344152,0.14364406779661,0.1397804054054052,0.1016326530612243,0.0676424050632911,0.0465296626599456
MIKD-L,22.0,0.0563789158838491,5.099001853634001e-07,0.0553250337523151,0.2400959299568337,0.2533105977963474,4.101619249506259,4.0033,1.1372601760731842,0.0099606858432638,0.0004626291667471,-0.002682063687941,1.0,1.0167984795536755,0.0644931071014288,3.7094905810977145e-08,-0.0180591215595871,5.483130603559088e-09,0.2387878400409167,0.0089662646411279,2.021127561867033e-07,0.0316521065542023,4.0,0.1400590604495321,-0.0072468979100146,-0.0143035528909576,0.1714996104404247,0.0806392240096669,0.0203677308239211,0.0284895171537484,0.1714996104404247,0.8777715778163342,-0.0380859375,0.0600414078674949,-0.0699364214350589,-0.1438127090301003,-0.1807999999999999,-0.1892319873317498,-0.2814035087719297,-0.2189168573607932,-0.2159264931087289,-0.2727272727272727,-0.2536443148688047,-0.252008765522279,-0.2153256704980842,-0.1911532385466035,-0.1516155758077879,-0.0029211295034079,-0.1164797238999136,-0.0579576816927321,-0.1565074135090609,-0.2224753227031131,-0.2236542835481425,-0.2092664092664091,-0.2711743772241993,-0.235820895522388,-0.125533731853117,-0.232383808095952,-0.2470588235294117,-0.2346786248131539,-0.338501291989664,-0.2638389647735442,-0.2503660322108345,-0.3367875647668393,-0.3109017496635262,-0.1840637450199204,-0.1149524632670699,-0.1708502024291497,-0.1537190082644627,-0.189873417721519,-0.1033274956217162,-0.0832587287376902,-0.1956009426551453,-0.1993745113369819,-0.1606557377049179,-0.2431633407243163,-0.2074303405572755,-0.2049689440993789,-0.0791366906474819,-0.0229007633587786,-0.1423785594639866
MIKN-L,18.0,0.0969501932715605,6.286984288205327e-07,0.0682148443812276,0.4328402767643845,0.2977186758193578,0.7746877544082007,0.0041000000000002,0.0571590381518867,0.0065984592164033,0.0018871161434208,0.0779783292948551,1.0,0.0718061309818628,0.0914841823678818,6.206025876651382e-08,0.0073980693548091,3.2036687815967555e-10,0.0120015485869146,0.0967384587127175,3.141226931091074e-07,0.1080552225530761,3.0,0.1025831724620592,-0.0865070722894892,0.0370954572096929,-0.2585393502174705,0.0596678306455317,0.0213883798331243,0.0317208560948128,0.0307715065762837,0.2651746991908343,0.0216383307573413,0.0144245845092505,-0.0061443932411673,-0.022067714631197,-0.008581060373889,-0.0021591610117212,0.0715468698244452,0.1116838487972509,0.0895924553721791,0.0096754057428214,0.0554649265905384,0.2138836772983114,0.339544513457557,0.3563941299790356,0.3439966763606148,0.2976333734456478,0.331275720164609,0.2138836772983114,0.2291033434650455,0.2811881188118812,0.2427967729542834,1.8452066842568169,1.86790780141844,1.8628318584070795,1.9013452914798208,1.6451349141455438,1.734573119188504,1.840210711150132,1.827797202797203,1.8502202643171808,2.083889418493804,2.046139359698682,1.989833641404806,2.066350710900474,2.153021442495127,2.247991967871486,2.3945435466946488,2.3419421487603307,2.2350000000000003,2.254527162977868,2.4016824395373293,2.366285119667014,2.338493292053664,2.2350000000000003,2.294297352342159,2.3523316062176165,2.2382382382382384,2.1377303588748786,2.0780209324452903
MIKX-L,23.0,-0.0146712500258217,6.623508417096755e-08,0.0071866188178272,0.0696742661593276,0.1054188308215189,2.0962804339754912,4.0901,-0.5534963052810138,-0.0020303707309639,0.0009101411831994,0.0381734029721543,1.0,0.1558047507139913,-0.0511057701265067,4.7234451493811684e-08,-0.0256783112079234,3.814764854888489e-08,-0.1162163153070577,0.0303081803134032,6.849761018086055e-07,-0.0129500985815415,5.0,0.5620840311163838,-0.0093613376766366,-0.01636158493483,0.0726226900096048,0.0189154746819725,0.017462105450083,0.2487669546682978,0.0697225432333306,1.028545528056335,-0.1701534170153417,0.0149877019446853,-0.0140094542329178,0.0469063697755065,0.1742548313134622,0.0953672230072948,-0.0497017892644134,0.0066866740378035,0.0288420146362462,-0.120811747034119,-0.1160152878806558,-0.1677065498128209,-0.1800794762571829,-0.2303253941630325,-0.251819581039835,-0.1994193836534167,-0.120596081317266,-0.1727241259951539,-0.1730699920709291,-0.0907361613087311,-0.1141449552902656,-0.0838963154616453,-0.0724300198903603,-0.0620554329163599,0.0078718020804049,-0.0575090371344068,-0.0064091460245971,0.0413187132379637,0.0197514622482177,0.0796363567919593,0.3451211218722885,0.2307164159890145,0.2715584127687873,0.2945743432337275,0.3620173813933609,0.376067555896747,0.4430551711992754,0.4141663173984862,0.4301742837908595,0.4209626675254538,0.4566139312831712,0.4232897446713481,0.3355374979626999,0.3736290052205566,0.4271496815286624,0.6276034277282787,0.5595856331058484,0.952880294157701,0.9139777770362708
MILD-L,17.0,0.0506465711892039,1.3546702164453683e-06,0.1469840129488912,0.0623027281745932,0.1273680094292164,0.6799447232455262,-5.238900000000001,0.145602071158017,-0.0051295012311696,0.0004059054748194,0.0012242937003848,1.0,0.0710019342306965,0.1086985266586544,1.2999864381294474e-07,-0.0343659082138373,1.5275163527093762e-08,0.0305717238753196,0.0385295488683586,1.5985638387887608e-06,0.0079144517571382,4.0,0.281219686937583,0.0672440228403307,-0.046361193236478,-0.1619268020611328,-0.0327014963617184,0.0091888624224414,0.0203529442590618,0.0119001621951093,0.2646606305215399,0.0218978102189781,0.0148148148148148,-0.0974967061923584,-0.1126943005181347,-0.099868593955322,-0.0939153439153439,-0.1636141636141636,-0.2251131221719456,-0.1950646298472386,-0.2062572421784474,-0.1950646298472386,-0.154320987654321,-0.0939153439153439,-0.0903054448871182,-0.0986842105263158,-0.1296060991105464,-0.0903054448871182,-0.0459610027855152,0.0285285285285283,0.2038664323374339,0.1913043478260869,0.1871750433275563,0.2275985663082436,0.3122605363984674,0.3866396761133601,0.451271186440678,1.0206489675516224,1.1012269938650308,1.1012269938650308,0.9740634005763686,1.1406249999999996,1.6550387596899223,1.6045627376425855,1.807377049180328,1.762096774193548,1.4818840579710146,1.2168284789644015,0.9855072463768112,0.8169761273209548,1.1406249999999996,0.6997518610421833,0.6830466830466828,0.6193853427895979,0.5711009174311925,0.6626213592233008,0.5021929824561404,1.0029239766081872,0.6789215686274508,0.4421052631578945
MILH-L,16.0,0.2108255368921035,5.040999626218242e-07,0.0546956997607615,0.1683851967971403,1.497937806245052,0.7718676466167932,57.337300000000006,-0.1305867361176646,0.1068658398807883,0.0180571915407508,0.0042788985568372,1.0,11.32022691487342,0.1071525721760129,7.200817967727872e-08,-0.0916372382976364,1.8867997452083864e-09,-0.0274189893496487,-0.0658971828311187,1.501028314386087e-07,0.7662663496987354,5.0,0.5477572406282487,-0.268490019234449,0.000261493544491,1.3247638105866733,-0.0439400474747698,0.0812379527222702,0.1126565519112771,0.3247638105866733,0.5361627622021929,-0.1797752808988764,-0.0178268251273343,-0.2621173469387755,-0.2335210334547863,-0.2009668508287293,-0.1511371973587674,-0.0882584712371945,0.0030342436064152,0.3329493087557604,0.3103057757644394,0.283416528008874,0.3162684869169512,0.2707303679297088,0.305132543711224,0.3117913832199546,0.418761496014715,0.4032747119466344,0.4328173374613004,0.4292773316862259,0.3700414446417999,0.3643867924528301,0.3,0.1927835051546393,0.2763375620518478,0.4328173374613004,0.425754775107825,0.5551075268817205,0.7217261904761907,0.8467677573822827,0.8982772764561118,1.2619745845552297,1.0351802990325418,1.2228626320845342,1.134686346863469,1.339737108190091,1.1386321626617375,0.771822358346095,0.8120595144870792,0.857142857142857,0.8206136900078678,0.7230081906180195,0.5592991913746632,0.4444444444444444,0.3914612146722791,0.5143979057591623,0.4617814276689829,0.5074918566775246,0.6318758815232723,0.6114206128133706
MINJ-L,18.0,0.019998213873322,7.305538736613229e-07,0.0792663326635032,0.1647951535785389,0.1346199044320367,0.3159169267986361,-68.6319,0.2126580489398758,-1.0304203977763871e-06,0.0007454118115662,-0.0498464483611713,1.0,0.1197688405219681,-0.0141784956811882,4.162261329128874e-08,0.0061365000522558,6.870055366054052e-09,0.0446513095613758,0.0953281186007449,1.14609586002624e-06,0.0430479943795032,4.0,0.6322526759402802,0.0601941770189388,0.052575491997625,-0.0790572844954933,-0.0481667540266784,0.0032509417184999,0.0082605690885811,-0.0166037772973137,0.6298063541644143,0.0310130944176429,0.0349500713266761,-0.0810639645345154,-0.1021039603960396,-0.1378490790255495,-0.113080684596577,-0.0680796403339756,-0.1680045871559633,-0.1489736070381232,-0.0268276324614352,-0.0109066121336059,0.0568099053168245,0.0684830633284241,0.1398271798900234,0.2061512884455527,0.1962077493816982,0.3251141552511416,0.3397968605724837,0.3885167464114833,0.5114583333333333,0.439484126984127,0.5338266384778012,0.6620847651775486,0.665901262916188,0.8893229166666667,0.5910087719298247,0.6285072951739619,0.660183066361556,0.6813441483198144,0.6793981481481479,0.7232779097387174,0.6140155728587318,0.5225603357817419,0.6451247165532878,0.6582857142857144,0.5788900979325353,0.6970760233918127,0.5823336968375137,0.5485592315901815,0.5806100217864925,0.7418967587034813,0.8967320261437908,0.7957920792079207,0.5305907172995781,0.6248600223964167,0.7545344619105201,0.81375,1.0013793103448276,1.0013793103448276
MIUV-L,18.0,0.0577558679402517,4.459342503738352e-07,0.0483846214640279,0.228002905537793,0.0652484039410454,1.144210975361653,20.8942,0.5013917665642629,-0.002942673739413,-0.0016190154214962,0.0022145964889585,1.0,0.8645575263051937,0.0527628521087494,8.130778330174958e-08,0.0018860740851516,6.566586305684616e-08,0.1052760480592747,0.0671037108948817,2.2836070565924176e-06,0.0579297960854007,2.0,0.3720048458452021,0.2745633338489097,0.0245209207570505,-2.480981042243477,-0.8766251491199993,0.016453528900224,0.1099029641731057,0.0506246550951831,0.5752411472379929,-0.1040669856459329,0.0843060959792476,-0.0532276330690827,-0.1134676564156946,-0.1010752688172044,-0.0782800441014334,-0.133678756476684,-0.1730959446092977,-0.1425641025641025,-0.1425641025641025,-0.206831119544592,-0.1730959446092977,-0.1399176954732511,-0.2294930875576036,-0.2824034334763949,-0.3125,-0.2749349522983522,-0.2508960573476703,-0.2555654496883349,-0.2150234741784038,-0.169811320754717,-0.1811949069539667,-0.0379746835443037,-0.0564334085778781,0.0195121951219512,-0.1730959446092977,-0.2150234741784038,-0.1460674157303371,-0.1068376068376067,0.0385093167701862,0.0717948717948717,0.0423940149625934,0.0333745364647712,0.1087533156498672,0.2186588921282797,0.2981366459627328,0.2312223858615609,0.1841359773371105,0.2133526850507983,0.1029023746701847,0.1925820256776034,0.2705167173252278,0.316535433070866,0.0704225352112675,0.0528967254408059,0.2841781874039939,0.244047619047619,0.3227848101265822,0.274390243902439
MJTK-L,20.0,0.6125783786493662,9.627809143133729e-07,0.1044633599074104,0.0754263393860371,0.0456313721023735,2.5978830237321167,20.8191,3.2929447194274823,-0.0137993425452387,0.0060418694748676,-0.0077913554819365,1.0,0.2661009705349307,0.8814181233961113,3.595066944211828e-08,0.1478360153457397,8.926559106471428e-08,0.6914118453011149,0.2247180443789888,2.24233114867242e-06,0.5193610076449834,5.0,0.2753900386160607,0.0269238909469821,-0.0736876774583276,0.6776516665977853,0.0153107295371598,0.014408524469925,0.0539731504337789,0.8724594449412015,0.8394994170243971,-0.0569105691056911,0.1081081081081078,-0.0786516853932584,-0.0409356725146198,-0.055662188099808,0.152224824355972,0.074235807860262,-0.0140280561122244,-0.1744966442953019,-0.2064516129032259,-0.1473136915077989,-0.1353251318101933,-0.0786516853932584,-0.1443478260869565,-0.2025931928687195,-0.2700296735905044,-0.2264150943396227,-0.2372093023255814,-0.2601503759398497,-0.1986970684039087,-0.0989010989010988,-0.1229946524064171,-0.219047619047619,-0.2372093023255814,-0.2372093023255814,-0.2667660208643815,-0.2165605095541402,-0.1086956521739129,-0.0276679841897232,-0.1054545454545454,0.0314465408805031,0.0535331905781584,0.2299999999999999,0.2424242424242424,0.3333333333333332,0.2779220779220779,0.3297297297297297,0.3898305084745763,0.3442622950819671,0.3333333333333332,0.2746113989637306,0.0603448275862068,0.0250000000000001,0.0490405117270786,0.312,0.2000000000000001,0.2947368421052632,0.4599406528189911,0.1603773584905659
MKEX-L,22.0,0.3518228254000667,3.8994232397176857e-07,0.0423094026134135,0.1022935700222202,0.0936265599505572,3.498323511114845,-1.7920000000000016,0.4635044640513099,-0.0022087651696623,-0.0015242231378845,0.013970215631699,1.0,0.3275522975147505,-0.0840571468315175,7.048145128777836e-08,0.0554059183581233,1.538941812580063e-07,0.0973209404045927,0.0248594695579465,1.31651941530986e-06,0.5736315487046242,3.0,0.3228363169696157,-0.1112554268045024,-0.044136066790063,-0.2889459570969218,0.0477970419050832,0.0183160430573115,0.0538736323437129,0.14741479280566,0.5557650840434089,-0.0473484848484848,-0.1035653650254667,-0.1685039370078739,-0.2280701754385964,-0.3151750972762646,-0.2767123287671232,-0.1999999999999999,-0.1524879614767255,-0.0801393728222996,-0.0382513661202186,-0.0654867256637168,-0.0841283607979184,-0.020408163265306,0.0688259109311739,0.0655903128153381,0.0342801175318314,0.1945701357466063,0.3134328358208957,0.2293364377182771,0.2878048780487807,0.4080000000000001,0.3469387755102042,0.3452229299363059,0.32,0.4367346938775511,0.4687065368567455,0.4915254237288136,0.4585635359116022,0.3037037037037038,0.4289580514208391,0.2571428571428571,0.2631578947368422,0.2571428571428571,0.2784503631961259,0.2571428571428571,0.2394366197183099,0.316708229426434,0.3894736842105264,0.3968253968253969,0.3503836317135549,0.411764705882353,0.3767926988265972,0.4626038781163435,0.5304347826086957,0.5667655786350148,0.4465753424657535,0.6761904761904762,0.8020477815699658,0.7115072933549433
MKMQ-L,20.0,0.1221983756451689,4.47013894734306e-07,0.0485017647057801,0.1508568487720123,0.3176533807097532,1.3695824348843892,5.0527000000000015,0.5327623242063941,0.0064211295933344,-0.0047414394969766,0.0135988974736306,1.0,0.163577471366219,0.1409199985115014,6.55425280554057e-08,0.0896764155179122,4.565737155585428e-09,0.1118628501454155,0.0584333635153453,2.90353209330288e-07,0.0930777865703394,4.0,0.3374629268273323,-0.0449383986880519,-0.0084146762653757,0.0753632920873241,0.0647355359260077,0.0352166412043336,0.0597639905507271,0.1292744067616876,0.0755692620221496,-0.1568154402895055,0.0484822934232715,-0.1261419536191145,-0.1770350761085373,-0.1816386969397828,-0.1205799151343706,-0.2361793611793612,-0.0632768361581921,-0.0154394299287411,0.0366819508128388,-0.154656696125085,0.0155165373621888,0.039715719063545,-0.0438292964244521,-0.0083732057416267,0.0855521606285465,0.1097724230254351,0.2573306370070778,0.1340629274965801,0.2014492753623189,0.2611561866125762,0.3878348214285714,0.6107512953367877,0.7789699570815452,0.9013761467889908,0.7764285714285715,0.748945147679325,0.7930785868781545,0.9294026377036462,0.9896,1.193121693121693,1.3027777777777776,1.189260563380282,1.550769230769231,1.5933263816475498,1.3352112676056338,1.382183908045977,1.330834114339269,1.68284789644013,1.8986013986013988,1.967780429594272,2.156091370558376,2.014545454545454,2.1009975062344144,1.845537757437071,1.70620239390642,1.7450331125827816,2.0515337423312885,2.3071808510638303
MLBZ-L,9.0,0.0092537120370055,4.873035450511032e-07,0.0528732600055066,0.2559284146490511,0.0522721585395515,0.9021282655172516,-12.2562,0.3162899835301931,0.0176252099149897,0.0009322814907154,0.0071844685142511,1.0,0.1347773618075744,0.1118387552788055,5.1974130417625466e-08,0.0052958251332857,3.9570745183146793e-07,0.0664106627337768,0.0277546799059957,1.2403755254841503e-06,-0.0269680349198136,5.0,2.008609313532581,-0.0738688954038785,0.0191201641138317,-0.1670954818062931,0.0440415444138119,0.0042450502206036,0.0146269548684239,0.1169427561378959,0.2853882055377923,-0.0624084383240551,0.0103611604499704,0.0026439482961222,-0.0023384975153463,0.0005863383172091,-0.0150072150072149,-0.0431735351836276,0.028012048192771,0.0592799503414029,0.1139033942558747,0.1124511082138202,0.1117263843648208,0.1342638750415421,0.1120886282176605,0.0769958977595457,0.2424463050600656,0.2520176082171681,0.2497253753203956,0.2575534266764923,0.3868346200731412,0.4334313313733726,0.5520691223283314,0.5189141076991546,0.5353126405757986,0.5815569972196482,0.550658791458428,0.6551891367604268,0.6929563492063493,0.846861471861472,0.9491719017704168,0.9536348025186036,0.9491719017704168,0.9603676048248136,1.123833229620411,0.8319914117015568,0.6487922705314011,0.6519845111326235,0.6106654082114205,0.6519845111326235,0.6963220675944335,0.811571125265393,0.8711622807017547,0.6796259842519685,0.6464061746261458,0.6236917221693627,0.5742619926199264,0.562728937728938,0.631453154875717,0.544343891402715
MLEQ-L,12.0,0.0575856180293762,1.6104750254133883e-06,0.1747392679897851,0.0340444572334221,0.1497899305951836,4.4533550152052985,2.8081,0.5865214212165171,-0.0021282537001893,0.0001251571180968,0.0085843055995775,1.0,0.0806822586677366,0.1111739112607935,2.0624230737544122e-07,-0.0076311672155207,1.2061205730757986e-07,0.1231505211002905,0.0462171321356066,2.214907682942847e-06,0.0427164536401796,3.0,0.1121285751738471,0.0287305993053549,-0.3124810369872807,0.4046150993829296,-0.0394046476486636,0.0138153888784477,0.0332433672186448,0.2817200392478354,0.3566927359088793,0.0217542359292319,0.0144228162446455,0.003809421611761,-0.0125092367782118,0.0013380432455576,0.0078108166343462,0.0179552750421676,0.0099325236167342,0.0169040113055767,0.0036478729681883,0.0170145683844313,0.002572209420717,0.012556150890296,0.0163515862668404,0.0073766961016583,-0.0274471071372874,-0.0021334471171796,0.0137632078027634,0.0236922740205733,0.0548601714027965,0.0436213532660232,0.0391002499305748,0.0470087861659858,0.0458382246073005,0.0592798097610689,-0.0143820461489831,0.0190642191840513,0.0583210770449145,0.0529603782080143,0.0616842583134717,0.1490603120009828,0.1351859717250167,0.1136972438835643,0.1417673623825215,0.1748194662480378,0.2097639831878435,0.2639508174571003,0.2452742279020234,0.2049333419205254,0.212743890581448,0.2678051094395881,0.2537023386718489,0.2431229235880398,0.2048557444616177,0.2267392302144122,0.2224109768049655,0.18149668455952,0.1449816401468788,0.1224502039836812
MLFB-L^G20,23.0,0.1753954758043567,4.319898159667216e-08,0.0046871626712553,0.4722895474547154,0.0081340661841889,0.1095450499359081,2.471499999999999,-0.4329671423645788,-0.0151051222184773,0.0001274929566523,0.0181559098451454,1.0,0.0716000883655259,0.0902573036916437,3.6524533426870645e-09,6.319916783921872e-05,1.1074638417674261e-08,-0.0909090909090909,0.0020477679536159,5.272328776809152e-07,0.1832381923822523,2.0,9.651063345431533,-0.1067722273535976,-0.2202922185487563,0.2202922185487563,0.2202922185487563,0.001997527474422,0.026482625176282,0.2202922185487563,0.3943555945907686,0.0049668874172186,0.0449826989619377,0.0504347826086957,0.037622401649201,0.0564981633723979,0.0568678915135607,0.0735869178812655,0.0735869178812655,0.1096821605732132,0.0834080717488789,0.1315099288122891,0.058349395479236,0.0581639803784161,0.0399449035812671,0.0023232658479921,-0.020593481433436,-0.0011575988093269,-0.0231279314248746,-0.0497168030207678,-0.0477691943875138,-0.0805297609986299,-0.0462655929259434,0.0051589282742552,-0.0597758405977583,-0.0349896149544656,-0.0774400488773484,-0.030964222685705,0.0039893617021276,0.0635675294946294,0.0686482661004952,0.1606456571867793,0.1817648209743689,0.1424248155853982,0.1214259190493873,0.1568665006703695,0.1878072763028515,0.2123645122440787,0.2422871246400657,0.2204485754697918,0.1498191509613553,0.1719053162592161,0.1730433093804622,0.1411297940676363,0.1387631975867269,0.1696359411309063,0.2128514056224899,0.188274640960063,0.2278918479365725,0.2412659268392931
MMXM-L,18.0,-0.0545892947905933,7.598239310099653e-07,0.0824421834618153,0.0848002372430283,0.0525147408858392,0.5083066924711555,17.673600000000008,0.8862205631532006,-0.0360770578885627,0.0001764475229425,-0.002603767147247,1.0,0.7344495011250913,0.0668153422245702,9.660989796587397e-08,0.0373566559254529,4.282249616960892e-08,0.1860776439089692,-0.098784862889799,1.8125428110010736e-06,-0.1069699038337587,2.0,0.6674184804077452,-0.0389953421441284,-0.1716565975016495,0.3970805367030118,0.1716565975016495,0.0116089872556256,0.0465456483514583,0.1716565975016495,0.2357781322430952,-0.0986705695816562,-0.0412768942937324,-0.0754919095675706,-0.0900615948060596,-0.0235798499464094,-0.0704081632653061,-0.0846776444320402,-0.1239916662214862,-0.0999011966187288,-0.085290344173593,-0.0832960644007155,-0.1045216251638271,-0.0300485034898853,-0.0392547457229904,-0.0555235571938718,-0.0670232134729176,-0.0427320490367777,-0.0525221008840354,-0.0166706644279204,0.0516931759876859,0.068273615635179,0.0886277633937462,0.0994301039222258,0.0372572585236257,0.109622411693057,0.0324896108802417,0.0372572585236257,0.0824476863159282,0.0875447672105051,0.1129360662413465,0.2592535708800492,0.1447120418848166,0.1128605361384458,0.197721130669783,0.2176431276453554,0.2022875577388372,0.3231663035584602,0.2897593204341671,0.3495185581433626,0.3480762906938506,0.4408224233371407,0.4247979841862888,0.3783306715978818,0.3464159619016338,0.3708409964888812,0.6669716376944188,0.6112803380170972,0.5614168729765758,0.5537237066515064
MMZD-L,18.0,0.0458211555536135,3.089235435166872e-07,0.0335187277089628,0.3568152583274724,0.355589648718428,1.2439730410491234,1.7622999999999998,0.2380310676786206,0.0068989228512768,0.001177532132954,0.0004027077969575,1.0,1.0391121775644871,0.0667298783264579,3.276162506645601e-08,-0.0136277936972306,1.35912587921034e-09,0.049978822532825,0.0215240468562993,1.0466271555704293e-07,-0.0124242778110266,3.0,0.3634843084701477,-0.0363020994635457,-0.0192296396171188,-0.0469854393569498,0.0292986173836182,0.0185266910689407,0.0248719229562853,0.0918762767934769,0.6975286446372074,-0.1407766990291262,0.0510204081632654,-0.1127438560932352,-0.0220608768500418,0.0394775897892551,0.106826801517067,0.0028636884306987,0.0382448858582866,0.1016042780748665,0.1227957678743187,0.0748925721301414,0.1399739583333334,0.1847090663058188,0.2480399144689951,0.1611405835543766,0.1657789613848204,0.1847090663058188,0.2080027595722664,0.1047318611987382,0.3170364798796541,0.3111194309247473,0.4305555555555556,0.4895789025946406,0.5529933481152993,0.6441314553990611,0.4908471690080889,0.6311131811830464,0.7345220406141655,0.805154639175258,0.8568398727465538,1.010332950631458,0.9157549234135668,0.9168035030103998,1.1765071472964577,1.3069828722002637,1.108368452739314,1.1846537741734249,1.1007798440311936,1.0396039603960396,0.8079504388229222,0.8899082568807339,0.8807733619763696,0.625812441968431,0.544772827525364,0.6108555657773691,0.6885245901639347,0.786734693877551,0.9909039226833428,1.141896024464832
MNDZ-L^B19,12.0,-0.0418989963358292,2.848212861545482e-07,0.0309035919621166,0.2600598603259062,-0.4717562478603218,3.0194460567456574,2.6225,-0.7163318168389575,0.183562266876309,0.0003276110601493,-0.011824381697452,1.0,0.15029622700343,-0.2061196105702364,-1.8562284241326545e-07,-0.070458058742169,9.695574817464949e-13,-0.1504065040650406,-0.014019436036323,3.1535923764834345e-07,0.1782252050708427,3.0,0.0028172399678708,-0.0979374458978195,2.449260521287032,-0.3154610998791224,0.3512462469600283,-0.0725457570715474,-0.1656534954407294,-0.0066375704673575,1.6536866802719628,0.0,0.0,-0.2222222222222221,0.0,0.0,-0.1249999999999998,0.0,-0.2222222222222221,-0.2999999999999999,-0.4615384615384614,-0.4615384615384614,-0.4615384615384614,-0.5,-0.5,-0.4166666666666666,-0.5625,-0.5625,-0.611111111111111,-0.631578947368421,-0.6499999999999999,-0.75,-0.7666666666666666,-0.7666666666666666,-0.75,-0.78125,-0.75,-0.6818181818181818,-0.6666666666666666,-0.611111111111111,-0.611111111111111,-0.611111111111111,-0.6666666666666666,-0.7083333333333333,-0.6666666666666666,-0.6499999999999999,-0.6499999999999999,-0.6818181818181818,-0.7083333333333333,-0.7083333333333333,-0.7083333333333333,-0.7083333333333333,-0.7083333333333333,-0.7407407407407407,-0.6499999999999999,-0.6499999999999999,-0.5625,-0.5333333333333332,-0.5333333333333332,-0.588235294117647
MNNT-L,30.0,-0.0066210385359321,7.942354260527496e-07,0.0861758889582211,0.0980314435295872,0.2503132545670634,1.623265578887339,0.1239999999999996,-0.1039251455337097,0.0059996240895012,0.0014056492219986,0.0042122490592866,1.0,0.0631100825957975,0.0962654955662084,8.528078037570607e-08,-0.004443091307294,6.107663120744706e-10,-0.0218209179834461,0.0092130713631273,3.9811169985815373e-07,-0.1632836499046829,3.0,0.0598235328164791,-0.2325545526965955,0.0115342189768641,-0.1989628438823051,0.0111121869327144,0.0185557857354246,0.0274781460359012,0.0456823174080175,0.3675365580037928,-0.0410958904109589,0.0579710144927536,-0.0394736842105263,-0.0394736842105263,-0.1097560975609756,-0.1411764705882353,-0.0875,-0.0641025641025642,0.0,-0.0135135135135134,-0.1097560975609756,-0.0875,-0.0266666666666667,0.0895522388059699,0.0735294117647058,0.0735294117647058,-0.0135135135135134,-0.0759493670886076,-0.1097560975609756,-0.1704545454545455,-0.1204819277108433,-0.0394736842105263,-0.1097560975609756,-0.0266666666666667,-0.0266666666666667,0.2586206896551724,0.1774193548387097,0.2807017543859649,0.3773584905660376,0.4599999999999999,0.5531914893617023,0.4038461538461537,0.3518518518518516,0.3773584905660376,0.2166666666666667,0.123076923076923,0.0735294117647058,0.1774193548387097,0.123076923076923,0.0895522388059699,0.0428571428571429,0.0428571428571429,0.0428571428571429,0.123076923076923,0.1060606060606059,0.0735294117647058,0.0579710144927536,0.0735294117647058,0.1774193548387097
MNRT-L^C22,22.0,0.013595540952534,8.234461752976673e-07,0.0893453047268263,0.0797492354278863,0.0159535357615393,0.0665255735914768,-67.43859999999998,-0.2462743497758011,-0.0211424326163338,0.0001304701714582,7.56246561173764e-05,1.0,0.2608213761495372,-0.0361546189729705,8.261507971632713e-08,0.0046586992923158,2.8548905121105293e-08,-0.0517096450554516,0.00018699871117,6.078540788511125e-06,0.0206626729046379,2.0,1.6286372967653604,0.0807898865901407,-0.0059259651163326,0.0059259651163326,0.0059259651163326,0.0041093651678368,0.0342556612262134,0.0059259651163326,0.5491661858064437,0.0050091074681237,0.0176088971269694,0.0228225430833721,0.0105844454670962,0.0290534208059982,0.029535864978903,0.0452165635411707,0.0665371539582322,0.0738386308068459,0.0482100238663485,0.0876671619613669,0.0305021116846551,0.0305021116846551,0.0124481327800829,0.0138504155124654,-0.0090252707581227,0.0105844454670962,-0.0117011701170116,-0.0094722598105548,-0.0072332730560579,-0.0414666084679179,-0.0542635658914727,-0.0406290956749672,-0.0671197960917586,-0.1299524564183833,-0.1573292402148887,-0.1152296535052377,-0.0830897703549059,-0.2995215311004785,-0.2961538461538461,-0.235376044568245,-0.2218284904323174,-0.1592649310872894,-0.1747463359639233,-0.1485071733229933,-0.125796178343949,-0.1967812728602779,-0.1766029246344207,-0.1941284403669724,-0.1851576994434136,-0.2283907238229093,-0.3891515994436718,-0.388300835654596,-0.3675115207373272,-0.3347470463495909,-0.3294656488549617,-0.3113828786453433,-0.3343437405274325,-0.333535660091047
MNWX-L,18.0,0.0407218332877374,1.95713665005395e-06,0.2123526414193373,0.0272553757895355,0.1195843492607937,1.2195358039394129,-10.2227,0.4675547765834807,-0.0126089670408386,-0.0014370642243538,0.0805539318779133,1.0,0.0944186770358561,0.0129837392957677,1.0056446906076389e-07,-0.0110433201512691,1.892217440022836e-08,0.0981713749853473,0.1017825512427288,2.729109124872675e-06,0.0628557384774475,5.0,0.1100894978105555,-0.0584162159202373,-0.0965674566802625,-0.0659462143531533,-0.0327157546986092,-0.0005610487054187,-0.001388691373096,0.0332987395322382,1.265419399876143,-0.1043478260869565,0.0132158590308371,-0.1948658109684947,-0.2651757188498402,-0.2827442827442826,-0.3023255813953488,-0.4177215189873418,-0.4724770642201834,-0.477668433005299,-0.5140845070422535,-0.5802919708029197,-0.5838359469240048,-0.5007235890014472,-0.4780635400907715,-0.4992743105950652,-0.487369985141159,-0.4854586129753915,-0.5337837837837838,-0.5487246566383257,-0.5539754363283775,-0.5522388059701493,-0.5286885245901639,-0.5081967213114753,-0.487750556792873,-0.3744333635539437,-0.4588235294117646,-0.5,-0.4728800611153552,-0.5,-0.534412955465587,-0.5528191834089435,-0.6002317497103129,-0.639121338912134,-0.5919574216439976,-0.6103896103896104,-0.6011560693641618,-0.5919574216439976,-0.5525291828793775,-0.460093896713615,-0.543348775645268,-0.558258642765685,-0.5997679814385151,-0.6158129175946547,-0.6212952799121844,-0.6546546546546547,-0.6772684752104771,-0.7050021376656691,-0.6890491212257774,-0.6783216783216783
MNXD-L,20.0,0.0480344305861529,1.4595326215102184e-06,0.1583617615084982,0.0590435902720732,0.1379609419584798,0.6117209386801298,-752.5593,-0.0519462685895245,-0.0757344851951375,0.0266916244047235,0.0228279901908702,1.0,0.3645811648088768,0.2430938185059871,9.088136569480644e-08,-0.0456002365233447,1.4428391741645857e-06,-0.0109070356420179,0.0278284621970731,1.6678554431305447e-06,-0.07717028644998,5.0,2.97634834220708,-0.0716759320841873,-0.0132022858118973,-0.0831762746946383,0.0361287517935416,0.0050798060731504,0.0118793606900349,-0.0203832201151911,0.568213497236993,-0.0787313013159374,0.0651731160896129,0.111652913228307,0.0873180873180874,0.1226010101010099,0.194545210264678,0.1481146694214876,0.2384733249756232,0.3030924813132052,0.257745084170321,0.1755916964167658,0.1143000375986964,0.1291592583185166,0.0919921395234586,0.0536857075136287,0.0536857075136287,0.0731442365721182,-0.0438756855575868,-0.0475629351901446,-0.0230743874299528,-0.0261774370208105,-0.0080330246569229,0.0234833659491193,0.0482197594906861,0.1333333333333333,0.058830534714779,0.0640258496888461,0.1250158167784385,0.0564401140684409,0.1640481801518722,0.2591700892224897,0.3992760465848284,0.5219103046901745,0.444282001299545,0.4584973753280839,0.3491654021244308,0.3030924813132052,0.4045813586097946,0.5198290598290598,0.4729953611663353,0.356369183829138,0.3442697308739038,0.2647226173541963,0.242627533193571,0.1573808903931268,0.2943659921385937,0.3379984951091044,0.4584973753280839,0.3990558615263573
MNXF-L,30.0,0.0431934342158973,1.2986741466540009e-06,0.1409083445335198,0.0282111320401947,0.1947485507854487,3.1801499810890337,-49.8312,0.1822983717637482,-0.0052311836639584,-0.0035000702475205,-0.0220378363341217,1.0,0.1105623933703878,0.0972888240430647,1.3228062516050298e-07,-0.0334740448269237,7.026661867067552e-07,0.0382767596652749,-0.0583315159993848,9.799843058881188e-07,-0.0195244337586699,5.0,0.4947180815910628,-0.0126032214308687,-0.1826932871453203,-0.0141611120035053,0.197706033930918,0.0019384112837875,0.003401563570086,-0.0450127794725723,0.3767898378351403,-0.078842080489527,-0.0842672413793103,-0.2146025878003696,-0.258593613679986,-0.3143456511215103,-0.2602715877437325,-0.3179775280898875,-0.35070293398533,-0.2911244577911244,-0.3018402891883009,-0.4257332071901607,-0.3857163510192279,-0.3077549690452916,-0.3304443744090766,-0.2945376058442636,-0.3930867018997286,-0.3755144032921811,-0.3097790773229369,-0.2988448844884488,-0.221652317274226,-0.2150378717901349,-0.1131287831350448,-0.0881974248927038,-0.0913173652694609,-0.0007055503292568,-0.0072429906542055,-0.0252351456756136,0.0635794743429285,0.0767866193613786,0.1865400726054173,0.2174785100286533,0.1288522848034006,0.1740812379110252,0.297008547008547,0.4551369863013699,0.2283897080080947,0.0260806568461724,-0.0229937916762473,0.0040170132325141,-0.0007055503292568,0.1222926571579503,0.1155158834339722,0.0559145129224651,0.0131139723414401,0.1073755538180871,0.0797966963151206,0.1273547360042453,0.1663464177875377,0.2023203169213354
MOAQ-L,25.0,0.1229593729233719,2.788779897944903e-07,0.0302587342406277,0.3461058854769221,0.3447255405686416,1.175856744965381,1.4235999999999986,0.8519539366880303,-0.0017796636098321,-0.0001109998011527,0.0147546937401505,1.0,0.518218542416491,0.1697467030579505,3.219344914999529e-08,0.0768566135281361,1.8211237240490475e-09,0.1788827610745417,0.0435523154706301,1.1168705831648737e-07,0.0209906268631157,4.0,0.4923086648551035,-0.063062128405851,-0.0347287152603881,0.0010202182450696,0.0481711012773325,0.0245775864206448,0.0344205938439791,0.1382090172949076,0.2971196672893151,-0.0847478474784747,-0.0795358052646476,-0.10821038775846,-0.1155352480417755,-0.1545341098169717,-0.1150538804832916,-0.0731345835945962,0.0025278993772734,0.0751124041258926,0.0926685034607888,0.051270446757613,0.057148429881022,0.055432948201999,0.0222557525462088,0.0224485946047914,0.0536547433903578,0.1273660126187339,0.099986470031119,0.1112629852378348,0.2916037810787195,0.2583191456430893,0.2485602395761346,0.2612472851380703,0.2786034442085396,0.2715045355020331,0.1331010452961671,0.1947097722263042,0.3761002031144211,0.4461045891141941,0.4636780988387792,0.6124553748512493,0.5875805506736964,0.5462152909851654,0.57405614714424,0.6561417804033407,0.4849315068493149,0.7714347968188253,0.7358812853635102,0.8693952632789146,0.8653206378341172,0.9120413922859828,0.8683212685280937,0.8208286674132139,0.7893694288544073,0.848567530695771,1.2200983069361009,1.1013181700697854,1.335535765584602,1.2888513513513509
MOBY-L,21.0,-0.0056953453441599,6.652204201136079e-07,0.0721775422954303,0.0218772608194751,0.0124348539925275,0.1336399205370635,200.4638,0.35504492329708,0.0243497385403166,-0.0006050224318314,0.0062286683765294,1.0,0.7830279859065126,-0.0307284542777456,8.188277447202579e-08,0.0046622739557682,1.1136085059192643e-05,0.0745479461387092,0.0004044862156949,8.010673790557555e-06,-0.0032778308541537,2.0,10.011188339159483,0.0379170960031407,0.2093223802610785,-0.2093223802610785,-0.2093223802610785,0.0024920990970572,0.0326354447179542,-0.2093223802610785,0.504650353553522,-0.0510245240400127,0.0332152531777454,0.0214238628872773,0.0424690942729795,0.0593966327664301,0.1128467546458389,0.1009369865446956,0.0572732312678578,0.0737580666118065,0.0383648852404088,0.0643997939206595,0.0979141756343828,0.1139968546394067,0.0757148435805092,0.085416575456416,0.0815338306504385,0.0959243214569887,0.0693581780538301,0.0888488734683121,0.1587212563095905,0.1652566271855611,0.0996185576155415,0.0829038175941294,0.1110513578919063,0.2002323780015491,0.1480966935259793,0.2347228447631855,0.2851588823803845,0.3586890995780127,0.3237932507475436,0.4813575525812616,0.6094520903661387,0.6702822879471804,0.6024820632150474,0.6039334929158311,0.4167666723812788,0.4266313730003452,0.4343072027769743,0.5453468802593029,0.3784820683903251,0.2678087445666068,0.2629005144923844,0.1930702598652549,0.208894090111176,0.0836137943091919,0.1931850996246029,0.1272165135946166,0.2189389842175131,0.2420841683366732
MOCW-L,30.0,0.111073883349236,1.9946873244849347e-06,0.2164269531963291,0.2552269528962388,0.511846019247594,0.9460486822859462,-1.0449000000000002,0.5136178845697447,-0.0441172078372114,-0.0111464774848924,0.2364280641021135,1.0,0.0676337079298663,0.1610098095228873,2.0572316932482898e-07,0.0581731946953846,4.7910634509486505e-12,0.1078431372549018,0.1291131618752109,5.431843666664606e-07,-0.0404690530770587,3.0,0.0050697458927561,-0.0235566409259561,-0.0030847370969403,0.0744185438228598,-0.4941552875230747,0.0179995130480975,0.0229010428254006,0.1997855911311795,0.6952919762832058,0.0,0.0,0.0,0.0,0.0,0.0,0.0,0.0,0.0,0.0,0.0,0.0,0.0,0.0,0.0,0.0,0.0,0.0,0.0,0.0,0.0,0.0,0.0,0.0,0.0,0.0,0.0,0.0,-0.0612244897959183,0.4153846153846154,0.6727272727272726,0.8400000000000001,0.8400000000000001,1.2999999999999998,1.2999999999999998,1.2999999999999998,1.2999999999999998,1.2999999999999998,1.2999999999999998,1.2999999999999998,1.2999999999999998,1.2999999999999998,1.2999999999999998,1.2999999999999998,1.2999999999999998,1.2999999999999998,1.2999999999999998,1.2999999999999998,1.2999999999999998
MOFT-L,20.0,0.0456723023060025,7.677667664410303e-07,0.0833039945592158,0.0524278216385975,0.1565571397914839,1.470290125656614,1.2478000000000016,0.2455989183884167,0.002135221356391,7.745401289072333e-05,-0.0016282336695466,1.0,0.1785031559963931,0.0387572756343055,5.750503972143505e-08,-0.0269326462516555,4.4067895006541e-08,0.0515678263182069,0.0654352896571601,1.0076615593129815e-06,0.0519232789948757,5.0,0.3913278660879399,0.0551945133123143,0.0274612383386863,-0.227845956819869,0.0791274052324189,0.0095689836950969,0.0225937383031352,0.0555150968481755,0.5215323187521788,-0.0488322717622079,0.0139935414424112,-0.0809756097560975,-0.1054131054131053,-0.0626865671641792,-0.059880239520958,-0.03779366700715,-0.0446247464503042,0.0340285400658617,-0.0475227502527806,-0.074656188605108,-0.0755642787046123,-0.0248447204968944,-0.1204481792717088,-0.0465587044534413,-0.0207900207900206,-0.0177267987486965,-0.0426829268292683,-0.0338461538461538,-0.0484848484848485,-0.0465587044534413,-0.0977011494252872,-0.0542168674698796,-0.0907335907335906,-0.0328542094455852,-0.0368098159509201,-0.1179775280898876,-0.0258531540847983,-0.0513595166163142,0.0205850487540628,0.1254480286738353,0.1363088057901087,0.1999999999999999,0.1294964028776979,0.1893939393939394,0.1760299625468164,0.1701863354037265,0.2046035805626598,0.2217898832684826,0.2411067193675888,0.1418181818181818,0.2610441767068274,0.2297650130548303,0.2170542635658914,0.1134751773049644,0.1644004944375772,0.2411067193675888,0.256,0.2297650130548303
MOGO-L,3.0,0.0749671736654749,4.721091052743665e-07,0.0512246375542393,0.1297418854183469,0.254584095344238,1.386102116920387,737.7168999999999,0.3628901306428015,0.016040018088253,0.0074508038859954,0.1004270404182346,1.0,0.1509913891259278,0.1443082267391294,8.27866444090939e-08,-0.0382950095060669,3.0860194404236815e-05,0.0761951858435464,0.1541675215042236,7.638015570938823e-07,0.0362341346994846,4.0,20.07823128226502,-0.0093165268451136,-0.003643929454711,0.6978820131540657,0.3101158002071139,0.0296915382503822,0.0822176526373047,0.3676544173946864,2.4876627112135794,0.0046970408642554,0.0176864244741872,0.0230658337337819,0.0109211775878441,0.0289995166747218,0.0294970986460347,0.0456777996070727,0.1306425916091345,0.2856280193236715,0.2910855063674955,0.3061349693251531,0.343217665615142,0.4183877415056629,0.3869706840390878,0.4212283044058744,0.4592186429061,0.5088589652728561,0.6516679596586499,0.5723781388478582,0.6698039215686273,0.5382947976878611,0.4692891649413389,0.4336700336700336,0.4231283422459893,0.5045936395759716,0.5864381520119224,0.6214775323686212,0.8212147134302823,0.7951096121416525,0.6177811550151975,0.940747493163172,0.7609594706368898,1.0065975494816213,1.0334288443170965,1.3344298245614037,1.2481520591341075,1.0689990281827018,1.0334288443170965,1.124750499001996,1.1813524590163933,1.0103871576959396,0.8907637655417406,0.792087542087542,0.5405209840810419,0.7609594706368898,0.7566006600660067,0.8119148936170213,0.8774250440917106,0.8134582623509368
MOHR-L,30.0,0.0004393658108936,8.797923175257127e-07,0.0954589565945103,0.2862071874726114,0.1194975842103772,1.981268723615687,9.2943,-0.3051001234685796,0.0066808514320084,-0.000273698814122,-0.0733431726952022,1.0,0.1624921082580722,-0.1410206626293871,1.923486658000857e-07,-0.0680087070086557,1.1923939065887526e-07,-0.0640611541774332,0.0182669374700642,3.260001179634477e-06,0.0469710227550137,5.0,0.1989936428978011,-0.0087637244067807,0.0437612234979659,-0.1912624563944095,0.9984301501648408,0.0184720297205308,0.090736115682024,-0.0015698498351592,0.4704002688618267,-0.0414507772020724,0.0782122905027933,0.0546448087431692,0.0432432432432432,0.2953020134228188,0.3496503496503496,0.1987577639751552,0.0604395604395604,0.1420118343195267,0.0320855614973261,0.1352941176470588,-0.0051546391752577,-0.1535087719298244,-0.1822033898305084,-0.2154471544715447,0.0157894736842105,0.0604395604395604,0.1220930232558139,0.3496503496503496,0.5317460317460316,0.5078125,0.4191176470588234,0.4511278195488721,0.5564516129032258,0.5078125,0.3785714285714285,0.237179487179487,0.2138364779874213,0.3040540540540539,0.3496503496503496,0.0265957446808511,0.0,-0.0252525252525253,-0.035,-0.0445544554455445,-0.0153061224489795,0.2953020134228188,0.5196850393700787,0.6218487394957983,0.6495726495726497,0.6782608695652175,0.6355932203389831,0.6355932203389831,0.4846153846153844,0.4961240310077519,0.3785714285714285,0.4621212121212119,0.7232142857142856,0.8037383177570092
MOHV-L,30.0,-0.0035925755511827,5.321183417983668e-07,0.0577357413573784,0.08076285840032,0.1565233275290558,0.5315460159350625,-141.58889999999997,-0.1724653606662945,0.0124149635774419,-0.000890245610435,0.0748881838244795,1.0,0.1657333580051852,-0.048293228715953,5.2356892991465024e-08,0.0716547132422606,4.421052554295542e-07,-0.0362121454895049,0.1187300650498446,7.991723913350513e-07,0.0308485491358199,2.0,4.540958647882083,-0.1460371280285628,0.0012068273356075,-0.1688008543166262,0.0351589747350764,0.0095728557584121,0.024174244673863,0.0225616946026552,0.2582913579036263,0.0219178082191779,0.0369318181818181,0.0549132947976878,0.0369318181818181,-0.0054495912806539,0.0579710144927534,0.0339943342776203,0.0167130919220055,0.0960960960960961,0.0579710144927534,0.0252808988764043,0.0993975903614459,0.1196319018404907,0.0518731988472622,0.0310734463276836,-0.0054495912806539,0.0167130919220055,0.028169014084507,0.0195530726256982,0.1550632911392404,0.0928143712574851,0.1128048780487804,0.1442006269592477,0.1060606060606061,0.2372881355932201,0.123076923076923,0.0369318181818181,0.0798816568047338,0.0518731988472622,0.0195530726256982,0.1162079510703364,0.1060606060606061,0.0110803324099724,0.0735294117647058,0.1265432098765431,0.0766961651917403,0.1027190332326284,0.0895522388059701,0.0518731988472622,0.0110803324099724,-0.0664961636828644,-0.0343915343915344,-0.0469973890339425,-0.1097560975609756,-0.14519906323185,-0.1162227602905568,-0.1031941031941032,-0.1183574879227052,-0.1942604856512142
MOIC-L,20.0,-0.1310576384720363,4.83182689323411e-07,0.0524261401793773,0.04267677445288,-0.0416027916718306,0.9344103981003276,10.307200000000025,-0.7812621513213167,-0.1198055870395327,0.0027460999991986,-0.0494633859041211,1.0,0.0808422268956635,-0.2480124177102773,-1.2410574675552905e-07,-0.0994639808736274,3.883199805819388e-06,-0.1640397734350384,0.038507527019771,1.1490815291410464e-06,-0.091932143962311,3.0,5.722588765748154,0.1167072277029667,-0.056157742582885,-0.1378720289345645,0.020568054605131,0.0053545193757576,0.0192515906423878,0.0568942571238706,1.6536866802719628,0.0257186081694402,0.040398740818468,-0.0480076812289966,-0.0763856544014904,-0.030791788856305,-0.0173439048562934,0.0818330605564647,0.0742145178764894,0.1610070257611242,0.2010902483343426,0.190990990990991,0.1576182136602451,0.2047387606318345,0.2324425108763206,0.2143294549908145,0.0598610368786742,0.1159257175014067,0.1072026800670016,0.0148413510747185,0.1442585112521639,0.1363896848137535,0.2566539923954372,0.3167330677290836,0.2969260954872466,0.4688888888888887,0.2255871446229913,0.2479546884833225,0.2248301420630016,0.274421593830334,0.3344549125168237,0.4732540861812777,0.391578947368421,0.4297043979812545,0.5663507109004737,0.446389496717724,0.4286743515850142,0.3828451882845187,0.3945147679324892,0.5045523520485584,0.5160550458715596,0.422525107604017,0.4123931623931622,0.2424812030075185,0.2218114602587799,0.2876623376623375,0.2526847757422614,0.2736030828516376,0.2195571955719555,0.1084404695360534
MOIR-L,22.0,1.2415731485456143,7.440224399030594e-07,0.0807276949130351,0.0152845940708814,0.1301406068294745,0.3713045394111072,19.0,2.186429510142178,-0.0694628992028147,0.0039291155480715,0.0126225725066704,1.0,4.041193181818182,1.6434171397675048,2.6365695993701174e-08,0.7005757310138834,4.5608322275380976e-08,0.4590794535084229,0.0095051205003986,6.221492612116365e-07,0.8433155482077103,3.0,2.216958505903896,-0.2977598733233979,-0.0395930094450804,0.4072949207329437,0.03710840869961,0.0054232673044152,0.0103077766734071,0.348145197997269,0.4812315736241161,-0.1164095371669003,0.0156695156695156,-0.0568783068783068,-0.0776196636481242,-0.0858974358974359,-0.1501787842669846,-0.0905612244897958,-0.0467914438502674,-0.0083449235048679,0.0258992805755395,0.0318379160636757,-0.0124653739612188,-0.0455153949129852,0.0273775216138327,0.054733727810651,0.0363372093023255,0.0156695156695156,0.0737951807228916,0.0423976608187135,0.1105919003115265,0.1003086419753085,0.0516224188790559,0.0935582822085889,0.0485294117647059,0.1175548589341692,0.0454545454545454,-0.0124653739612188,0.0127840909090908,0.004225352112676,-0.0179063360881542,0.0454545454545454,0.0902140672782874,0.0258992805755395,0.0156695156695156,0.1123244929797191,0.163132137030995,0.1317460317460317,0.2465034965034964,0.2732142857142858,0.2641843971631206,0.1883333333333332,0.2916666666666667,0.2314335060449051,0.2823741007194245,0.2465034965034964,0.2800718132854578,0.3898635477582846,0.51380042462845,0.4823284823284823
MOIU-L,18.0,-0.6598433604655848,4.110808004161561e-06,0.4460296311079751,0.205342005041164,-0.1589581816451774,0.7007583989935219,-386.4011,-0.2200672921297541,-0.2029766018591466,-0.0118555821135582,-0.0266788635824203,1.0,0.4389469050316975,-0.6325026159672693,-4.992059703649693e-06,-0.0477641655163851,5.5391671971203016e-08,-0.0462070108994441,-0.0103220809276761,1.733481821627628e-05,-0.5816120594813956,1.0,0.0483383014203457,0.1889344385238573,-0.2785995440767527,0.0055042172846627,-0.0670492971520396,-0.0393907716572645,-0.1941176984892187,-0.0853325645080631,1.6536866802719628,-0.2500000000000001,-0.1919191919191918,-0.5151515151515151,-0.6862745098039216,-0.6981132075471698,-0.6761133603238867,-0.7183098591549295,-0.7660818713450293,-0.736842105263158,-0.7796143250688705,-0.8177676537585421,-0.8230088495575221,-0.813953488372093,-0.813953488372093,-0.696969696969697,-0.7604790419161677,-0.7560975609756098,-0.7111913357400722,-0.7163120567375887,-0.7640117994100295,-0.7808219178082192,-0.7192982456140351,-0.7047970479704797,-0.7132616487455197,-0.6380090497737556,-0.7597597597597597,-0.756838905775076,-0.688715953307393,-0.6825396825396826,-0.7037037037037037,-0.797979797979798,-0.8370672097759674,-0.815668202764977,-0.8062953995157385,-0.7849462365591398,-0.7948717948717948,-0.8241758241758241,-0.8487712665406427,-0.9112097669256382,-0.9175257731958762,-0.924812030075188,-0.9299474605954464,-0.935064935064935,-0.9478827361563518,-0.944713199723566,-0.9498432601880876,-0.9482535575679172,-0.9442119944211994,-0.953810623556582
MOLE-L^B19,23.0,-0.0060488421432763,2.020840711523976e-06,0.2192646399872078,0.1404142623374386,0.329352153456388,0.3383173944467172,0.0593,-0.773155611365319,0.2156650675359653,0.0005868173734054,0.8657162566107153,1.0,0.0577983525086799,0.0659628631326744,2.669945478946828e-07,-0.0306981798424341,2.589479149038619e-13,-0.1623376623376623,-0.0186882137859432,1.104599453331431e-06,-0.1152796725784446,3.0,0.0019807456827902,-0.2026219759738554,0.0065215748821803,-0.1552776312815491,-0.1555966487078758,0.0022273615196353,0.0032649837079946,-0.0783545543584721,-0.045715952883648,-0.0315789473684209,0.0,-0.0952380952380953,-0.1203703703703704,-0.2083333333333333,-0.2083333333333333,-0.1739130434782608,-0.0306122448979592,-0.2083333333333333,-0.2519685039370078,-0.3309859154929577,-0.3309859154929577,-0.3309859154929577,-0.3309859154929577,-0.3309859154929577,-0.3581081081081081,-0.3448275862068966,-0.3831168831168832,-0.3870967741935485,-0.3115942028985506,-0.2803030303030304,-0.3309859154929577,-0.3448275862068966,-0.3581081081081081,-0.3115942028985506,-0.3115942028985506,-0.2803030303030304,-0.1363636363636364,-0.2692307692307693,-0.2692307692307693,-0.3214285714285714,-0.3309859154929577,-0.3115942028985506,-0.3309859154929577,-0.3309859154929577,-0.375,-0.3987341772151899,-0.5052083333333333,-0.5297029702970297,-0.4946808510638297,-0.4864864864864865,-0.5622119815668203,-0.5622119815668203,-0.5681818181818182,-0.5581395348837209,-0.5720720720720721,-0.5297029702970297,-0.4722222222222222,-0.4135802469135803
MOLX-L^G19,30.0,-0.0410189355416727,1.5843313797456785e-06,0.1719026381541952,0.0598424401575598,-0.234272882662466,1.3516321516095389,-0.7929999999999999,-0.3795418908645795,-0.0626403457942539,0.0032385131919843,0.0726419602902203,1.0,0.197452229299363,-0.2960157501334756,-3.090260998081939e-07,-0.0550789844503224,1.1582909005222086e-11,-0.0796915167095116,0.0268051721633008,1.3898289256744214e-06,0.6334510150044131,3.0,0.0037438375366304,-0.2764931568529967,-0.1207866873723452,-0.3297244496198447,0.0469059006212675,-0.0207180956143816,-0.0305057630076718,-0.0294049608019534,1.6536866802719628,0.0,0.0,-0.2,-0.4285714285714286,-0.4285714285714286,-0.5,-0.5555555555555556,-0.4285714285714286,-0.5,-0.4285714285714286,-0.5,-0.5555555555555556,-0.4285714285714286,-0.5,-0.5555555555555556,-0.5555555555555556,-0.6000000000000001,-0.6000000000000001,-0.6363636363636364,-0.6000000000000001,-0.6000000000000001,-0.6000000000000001,-0.6363636363636364,-0.6000000000000001,-0.5,-0.5555555555555556,-0.5555555555555556,-0.3333333333333332,-0.4285714285714286,-0.3333333333333332,-0.3333333333333332,-0.4285714285714286,-0.4285714285714286,-0.4285714285714286,-0.2,-0.3333333333333332,-0.4285714285714286,-0.5,-0.3333333333333332,-0.6363636363636364,-0.6666666666666666,-0.6000000000000001,-0.6000000000000001,-0.6000000000000001,-0.6363636363636364,-0.7142857142857143,-0.6666666666666666,-0.6666666666666666,-0.6666666666666666
MOLZ-L,23.0,0.0858696702416939,2.908133082678237e-07,0.0315537365103586,0.3541719631870645,1.2242874845105327,1.6304935667330076,0.6200000000000001,0.4329671423645781,0.0149239800347492,0.0032828689930092,-0.397496530599072,1.0,1.0755082284607935,0.1054811205846528,8.40289462103489e-08,-0.0841875392912676,5.013797492257226e-11,0.0909090909090907,0.016135933855094,9.693448306231969e-08,0.0310402684563759,3.0,0.0570342693677975,0.0820517971991052,0.0294707056691349,-0.2149740205945832,0.0040406534076564,0.0641331446668014,0.0857863902658855,0.1018653576437588,0.3879557101025214,-0.0660194174757282,0.03,-0.2137404580152671,-0.1120689655172413,-0.072072072072072,0.0425101214574898,-0.0498154981549814,-0.055045871559633,-0.0884955752212389,-0.0283018867924527,0.005859375,-0.072072072072072,0.005859375,-0.1300675675675675,-0.1626016260162601,-0.0836298932384341,-0.0964912280701754,-0.0933098591549295,0.0842105263157895,0.1704545454545454,0.165158371040724,0.1573033707865168,0.1839080459770117,0.1921296296296295,0.1704545454545454,0.4226519337016574,0.3844086021505377,0.5512048192771086,0.6194968553459119,0.6885245901639347,0.5993788819875776,0.7281879194630874,0.996124031007752,0.672077922077922,0.5846153846153848,0.6194968553459119,0.5846153846153848,0.5701219512195124,0.5373134328358209,0.5147058823529413,0.5058479532163744,0.5058479532163744,0.5701219512195124,0.609375,0.6349206349206351,0.7398648648648649,0.6612903225806452,0.672077922077922,0.609375
MOMJ-L^H19,25.0,-0.3682320951872473,2.027642086527733e-07,0.0220002600694903,0.2098662467657012,0.1975360814721063,0.5547245958125291,32.4493,-1.210835132218682,-0.0269855461269203,0.0289842607723402,0.0048844445040033,1.0,1.3660932305102984,-0.3349984692315542,3.3250797358391355e-09,-0.4388632403433994,1.587324066217605e-09,-0.2542362002567395,-0.0258517275570131,5.539605865914033e-08,-0.4624713164251207,4.0,0.9035567219381048,0.0375064118080107,0.0158142126644166,0.0307197513596579,0.0353127386734686,0.0107246053782614,0.0129770132797936,-0.2251603856266433,-9.183516695182028,-0.0024038461538461,0.4883720930232558,0.4804270462633453,0.5127272727272727,0.5668549905838043,0.660678642714571,0.3843594009983362,0.2128279883381925,0.2307692307692308,0.2721712538226299,0.1335149863760218,0.0918635170603674,0.1555555555555556,0.1063829787234043,0.219941348973607,0.1988472622478385,0.2741194486983154,0.2057971014492754,0.2567975830815709,0.2235294117647059,0.429553264604811,0.3959731543624161,0.5522388059701493,0.4101694915254237,0.457092819614711,0.3376205787781352,0.2879256965944272,0.3866666666666667,0.2644376899696048,0.1768033946251768,0.2289512555391433,0.4054054054054055,0.3227344992050875,0.3506493506493506,0.4125636672325978,0.2093023255813955,0.3484602917341979,0.523809523809524,0.28,0.3376205787781352,0.2721712538226299,0.2979719188767551,0.1734837799717914,0.1335149863760218,0.1273712737127372,0.1137884872824632,0.0452261306532664,0.0465408805031446,0.032258064516129
MOML-L,30.0,-0.1160714285714284,1.5753921414460285e-07,0.0170932715657901,0.4122448979591837,0.327485380116959,2.0676205045088616,-1.6,0.0586772718604973,0.0709433237805409,-0.0022321428571428,9.749999999999998,1.0,0.6,0.0573770491803279,2.3203450145329093e-08,-0.1090047393364927,7.213785073725326e-12,0.0123203285420944,-0.125,8.426516105408989e-08,-0.3235294117647058,3.0,0.0230220159814969,0.35,0.2101135867190911,0.0779816513761467,0.0069032200035976,-0.0552884615384615,-0.0827338129496402,-0.0886850152905199,0.6962891285355632,0.0,0.0,0.0,-0.0434782608695653,0.1282051282051282,0.1578947368421053,0.2941176470588234,0.5714285714285714,0.6296296296296295,0.5714285714285714,1.0952380952380951,1.4444444444444446,1.5882352941176467,1.5882352941176467,1.5882352941176467,2.142857142857143,2.3846153846153846,3.3999999999999995,4.5,5.285714285714286,5.285714285714286,5.285714285714286,4.5,4.5,5.285714285714286,5.285714285714286,5.285714285714286,5.285714285714286,6.333333333333334,6.333333333333334,6.333333333333334,6.333333333333334,6.333333333333334,6.333333333333334,5.285714285714286,6.333333333333334,5.285714285714286,5.285714285714286,4.5,5.285714285714286,5.285714285714286,4.5,5.285714285714286,6.333333333333334,7.799999999999999,7.799999999999999,6.333333333333334,10.0,7.799999999999999
MOMT-L,32.0,0.0142500632934282,1.2293109534173582e-06,0.1333823205838508,0.0491299531925536,1.3203631647211411,-0.0456401741995465,-0.1235,0.9525277132020732,-0.168246135261176,-0.0001802306952899,0.0031007751937984,1.0,1.25,0.0160089352196574,4.5631806369065e-08,-0.0430223371399841,2.2927105752085892e-14,0.2,0.0001085030200007,3.3919792888357304e-08,-0.0456273764258555,2.0,0.0062414299393662,1.5,0.572192513368984,-0.5781805373210799,-0.572192513368984,0.0044752701208857,0.0045987541223891,-0.572192513368984,0.1648789286352105,0.0,-0.0247252747252746,-0.0247252747252746,-0.0220385674931128,-0.0220385674931128,-0.0220385674931128,-0.0220385674931128,0.0201149425287356,0.0201149425287356,0.0201149425287356,0.0201149425287356,0.0201149425287356,0.0597014925373133,0.0836385836385837,0.0836385836385837,0.0923076923076922,0.0757575757575756,0.0757575757575756,0.0367990654205607,0.0836385836385837,0.0597014925373133,0.1305732484076434,0.1488673139158576,0.1451612903225807,0.2456140350877194,0.3148148148148149,0.3148148148148149,0.3148148148148149,0.3148148148148149,0.290909090909091,0.1833333333333333,0.2588652482269504,0.2588652482269504,0.2588652482269504,0.2588652482269504,0.3781055900621117,0.5434782608695652,0.6985645933014355,0.6985645933014355,0.6985645933014355,0.6985645933014355,0.6985645933014355,0.7034548944337813,0.6985645933014355,0.6985645933014355,0.6985645933014355,0.7067307692307692,0.6985645933014355,0.6985645933014355
MOMU-L,20.0,-0.1311847480708125,9.369675539060414e-07,0.1016625665819903,0.1168079800498753,0.0334903192046049,3.616215127628843,-13.4,-0.2801552097653152,-0.0065542662537103,0.0037369207772795,-0.0008603460744527,1.0,1.8507462686567164,0.0353574173712528,4.590932335397085e-08,-0.0181685693466115,4.2105835151101046e-08,-0.0588235294117646,0.0018157058556513,2.3914583892568454e-06,-0.1825962910128388,5.0,0.08083796178391,0.2745705435088707,-0.0597507542069085,0.0485423479021782,-0.0210228694891261,0.001201671891327,0.0042687453600593,0.0485423479021782,0.3507820230879921,-0.0751999999999999,0.0451505016722406,0.220703125,0.1405109489051093,0.2833675564681723,0.3586956521739131,0.179245283018868,0.1120996441281139,0.1261261261261261,0.0775862068965518,0.0629251700680273,0.1160714285714286,0.179245283018868,0.2376237623762376,0.0869565217391303,0.0382059800664451,-0.0354938271604938,-0.1461748633879781,-0.1987179487179486,-0.2078580481622306,-0.2038216560509553,-0.1830065359477124,-0.1861979166666666,-0.1221910112359551,-0.1258741258741259,-0.1221910112359551,-0.1576819407008086,-0.1688829787234042,-0.0384615384615384,-0.0157480314960629,-0.1666666666666666,-0.2108585858585858,-0.2603550295857987,-0.2236024844720497,-0.20076726342711,-0.21875,-0.1830065359477124,-0.2206982543640897,-0.228395061728395,-0.2038216560509553,-0.2359413202933985,-0.134349030470914,-0.2088607594936709,-0.2255266418835192,-0.1531165311653116,0.011326860841424,0.0416666666666667,0.2376237623762376,0.3020833333333335
MOQJ-L,30.0,0.0242610627028874,7.47430920580497e-07,0.0810975208396308,0.277231025854879,0.2246022031823745,0.9081971180865448,-3.1,0.1170635611309146,-0.0067176306333434,0.0007482540738277,-0.0146445396904112,1.0,0.2555555555555556,0.0259709316178223,5.1726524461910854e-08,-0.0133355840648206,9.258391611688131e-10,0.0245795601552393,0.0039296087476507,2.862316739519831e-07,0.0185299567634342,3.0,0.1619739900597368,-0.1174418604651162,-0.0150319825348213,-0.1008818342151676,-0.0053421280197237,0.015474239941744,0.0199343339587242,0.0419753086419753,0.566026984522618,-0.1666666666666667,-0.0693877551020407,-0.1783783783783783,-0.1971830985915492,-0.1128404669260699,-0.0256410256410255,-0.1179883945841392,-0.0578512396694214,-0.2450331125827813,-0.3101361573373675,-0.2796208530805687,-0.2030758476057322,-0.187455452601568,-0.2151462994836488,-0.2207792207792207,-0.1886120996441281,-0.1489361702127659,-0.0916334661354582,-0.123076923076923,-0.2039106145251397,-0.1281070745697896,-0.097029702970297,-0.0256410256410255,0.0492406810860561,0.0639290713952402,0.1544303797468353,0.0857142857142858,0.0270270270270271,0.2404787812840043,0.0340136054421769,-0.006102877070619,-0.0456257848472163,0.0363636363636363,0.1632653061224489,0.0836501901140684,0.0128831630386494,-0.0383804301982285,-0.0531561461794019,0.029810298102981,-0.0172413793103447,-0.1633027522935779,-0.1810344827586206,-0.0712830957230142,-0.0086956521739129,0.0151380231522706,0.1400000000000001,0.2063492063492065,0.2031662269129288,0.1686314710404919
MORB-L,24.0,-0.1599011884096675,9.433155080213904e-07,0.1023513303553149,0.1355002781530636,-0.0725491339592931,1.6877871910437845,0.307,-1.19898593270191,-0.0222788057705229,0.0017070558307671,-0.0869042378626898,1.0,0.3269424823410696,-0.0219018574993069,-2.529411764705883e-07,-0.1723449802256813,2.772378672988017e-12,-0.2517482517482517,-0.2645212979035919,1.9045454545454543e-06,-0.2894054269752593,3.0,0.0010515112359304,0.5261701388959387,0.2879521727281445,-0.2426602865865349,-0.380653456565919,-0.0186852928662601,-0.0626634958382877,-0.2172365577729756,1.6536866802719628,-0.0833333333333332,0.0,-0.1999999999999999,-0.1999999999999999,-0.2258064516129032,-0.2941176470588236,-0.4,-0.368421052631579,-0.4782608695652174,-0.4893617021276596,-0.5102040816326531,-0.52,-0.5384615384615385,-0.5384615384615385,-0.5384615384615385,-0.5,-0.5,-0.5,-0.3846153846153847,-0.3142857142857143,-0.2941176470588236,-0.3513513513513513,-0.3513513513513513,-0.3846153846153847,-0.368421052631579,-0.4146341463414634,-0.4146341463414634,-0.4146341463414634,-0.4545454545454546,-0.4545454545454546,-0.4545454545454546,-0.52,-0.5555555555555556,-0.5555555555555556,-0.5636363636363637,-0.5636363636363637,-0.5636363636363637,-0.5714285714285715,-0.5636363636363637,-0.4285714285714286,-0.5,-0.2941176470588236,-0.1724137931034483,-0.1724137931034483,-0.2941176470588236,-0.3333333333333333,-0.368421052631579,-0.368421052631579,-0.368421052631579
MORP-L,19.0,0.0232381132190433,1.4719176596811917e-07,0.0159705559127133,0.1044636193918118,0.0511449746912287,0.7862960228813574,583.4119000000001,0.2148068499533254,0.0038144517296168,-0.0055344906043446,0.0161973740894797,1.0,0.1302688836945454,-0.262732135158611,4.622826479225324e-08,-0.0025707082752897,2.6604713335557545e-05,0.0451024882480779,0.0242792163257399,1.596631038361603e-06,0.061267867212826,3.0,16.6851668472335,0.0240256095265435,0.1941276801601305,-0.0601171342202624,-0.0447229465936577,0.0139152292501809,0.1694267861535092,-0.0343453392814276,0.6898483249815602,-0.1032379164711403,0.0060191195562373,-0.1055613850996852,-0.1208745874587459,-0.1010335372284327,-0.0128546612623046,-0.013425925925926,-0.0026910026910027,0.0340895305107362,-0.0146803837706624,0.0604628016919632,0.149096791588029,0.1341138903672165,0.1132297244351574,0.1976956582829843,0.3027663151459572,0.3266926070038909,0.3260734287492219,0.3031646537226724,0.3575410097149227,0.3987528716770594,0.3996715927750409,0.587337057728119,0.6043666478449086,0.6872525732383212,0.7721413721413719,0.8182593856655287,0.9532538955087076,0.9250225835591688,0.9749768303985172,0.9676823638042472,0.9883368322836484,0.8742304309586633,0.7971747838920513,0.9438996579247432,0.8566761054236549,0.7937710437710435,0.8734065934065933,1.1607097591888462,1.0539759036144578,0.8458207016024253,0.9874096525996734,0.9245879431022804,0.8599170848789002,0.9874096525996734,1.0856373868363105,1.4257256687535569,1.670426065162907,1.2037228541882108
MOSH-L,31.0,0.0394729818515688,6.72932123081636e-07,0.0730142751291121,0.0481569808912415,0.2686165426307704,1.6546715424442338,-0.7543000000000001,0.2641509491255749,-0.0013795518070478,-0.0004919397981508,0.02804372975453,1.0,0.1942623159979109,0.0391415130816299,6.533117344410502e-08,-0.0459938585314905,1.0766124418584674e-08,0.0554631525076765,0.0527607522808106,5.060062863653256e-07,0.0394071963584374,4.0,0.2360246236326718,0.0888334412655979,0.0382960385551186,-0.0260979302040174,-0.0518933462137091,-0.0006113295735957,-0.0012768199906853,0.0327908928490528,0.8746555478367524,-0.1443037974683543,-0.0676632572777341,-0.0691280439905734,-0.0420371867421179,-0.0302782324058921,-0.145021645021645,-0.287860576923077,-0.2822531798909752,-0.2349903163331181,-0.2752293577981652,-0.37860513896172,-0.3240159726183685,-0.2835550181378476,-0.1816298342541437,-0.0974866717440975,-0.0512409927942354,-0.0813953488372093,-0.1049848942598187,-0.1362973760932945,0.0656474820143886,0.113721804511278,0.1767626613704069,0.2241735537190081,0.0136869118905047,0.1105904404873476,0.2606382978723403,0.4720496894409935,0.5076335877862594,0.6035182679296347,0.6322314049586777,0.5449804432855281,0.4575645756457562,0.2382445141065829,0.4868255959849434,0.4157706093189965,0.1721068249258159,0.2241735537190081,0.1921529175050302,0.319599109131403,0.1471442400774443,0.0085106382978723,0.0589812332439678,0.1933534743202416,0.144927536231884,0.2755651237890204,0.3122923588039867,0.3269876819708845,0.2852494577006506,0.28385698808234
MOUY-L^F23,18.0,0.0207500212214615,1.056548433909475e-06,0.1146372946017624,0.1078295999286791,0.0442915425903239,0.3666805799968119,-675.1292000000001,0.1948720866778359,-0.0221533182285237,-0.0003754906468739,0.1422744826324781,1.0,0.0633752266310178,0.0881903853264024,2.796459473562628e-08,-0.0159620963149297,3.118748013460363e-05,0.0409168329649417,0.0473299221655883,5.477045017585047e-06,0.0053603495354104,5.0,10.630093147853636,0.0242184943399465,0.1552552064894531,-0.0159052252915994,-0.1054695278443155,-0.0006215540924961,-0.0039579223876879,0.0025030106723395,-0.2093452580242505,-0.0323574730354391,0.0196386488609583,-0.0240601503759398,0.0334394904458599,0.1405975395430578,0.2421052631578948,0.3097880928355196,0.2626459143968873,0.2601941747572815,0.3808510638297873,0.3244897959183672,0.4002157497303129,0.3520833333333335,0.2788177339901478,0.423245614035088,0.582926829268293,0.6967320261437908,0.5544910179640721,0.5379146919431281,0.996923076923077,0.9286775631500744,0.6164383561643838,0.6451204055766795,0.5638554216867468,0.567632850241546,0.3972012917115179,0.3720930232558139,0.3340184994861253,0.2967032967032967,0.382321618743344,0.4295154185022027,0.3191056910569105,0.6748387096774193,0.6835278858625162,0.4502793296089387,0.3006012024048097,0.3097880928355196,0.0771784232365144,0.1056218057921636,-0.058738216098622,-0.1466140696909927,-0.0813871196036801,-0.1927860696517411,-0.2273809523809523,-0.203680981595092,-0.2736429770565193,-0.2812846068660021,-0.2670807453416149,-0.3267634854771785
MOVE-L,20.0,-0.012104738119294,6.408547785948734e-07,0.0695338289214882,0.1854167702963981,0.1619780918393175,0.27443158761981,-2.569500000000005,0.2332351229283568,-0.0248615566671883,0.0016668686647955,-0.2294324588759197,1.0,0.1062645570688398,-0.0292534628349418,6.979202783931531e-08,-0.0617682742514507,1.2590005162000313e-08,0.0489718293117792,0.0118105671152916,1.183216435534466e-06,0.0013591685809054,3.0,1.0333801139048195,-0.0241168580322382,-0.0022557487066024,0.2543930971179922,0.0007253709045168,0.0090162745671225,0.030012862972907,-0.0407940280623007,0.8145870951734437,-0.025909932140654,0.0246523388116308,-0.1112938596491226,-0.1180631120783459,-0.0559114735002912,0.0377720870678617,0.1187025534851622,0.0253004427577483,0.1512784090909091,-0.0258413461538461,0.0259493670886075,-0.0542590431738623,-0.0240818783865141,-0.1294307196562836,-0.2681715575620766,-0.2773071778867587,-0.226252983293556,-0.1813131313131313,-0.2026561731431381,-0.1180631120783459,-0.0928931169557918,0.0049597024178551,0.2326996197718631,0.0240050536955149,0.1431593794076164,-0.0531542056074766,0.0207808564231737,0.1042234332425069,0.1256944444444445,0.127260083449235,0.2160540135033759,-0.2382518796992481,-0.2753687974966473,-0.27341999103541,-0.2905908096280087,-0.2195474241694751,-0.1841972823351786,-0.2498843128181397,-0.2030481809242871,-0.1644329896907215,-0.1712678936605316,-0.2302943969610635,-0.2737455197132616,-0.294604003481288,-0.2724416517055655,-0.2740707568293774,-0.28965819456617,-0.2187951807228915,-0.2273593898951381
MOVS-L,19.0,0.0321041616339206,8.022492094502192e-07,0.0870453980301442,0.1200513501992798,0.144733564024779,0.6545439661789334,259.3689,0.0304574979564311,0.0012016924814631,0.0012074439039312,0.0806122920091173,1.0,0.2544686399706034,0.01804559487815,5.111333674536942e-08,-0.0601260435064687,1.122499710335682e-05,0.0063950890948974,0.043541346212253,1.6569458332448805e-06,0.0377757431788835,5.0,9.65515911245681,-0.0088509603798972,-0.0238626161869949,-0.1618584222558261,-0.0122777824358239,0.0060825265183472,0.0191569142308934,0.0190558293159989,1.1078177365033457,-0.0322338830584707,0.0863192182410423,0.1052195526097763,0.0595710881652105,0.0285273708558211,0.0604133545310014,0.0301158301158301,0.0007501875468867,0.1033912324234904,0.0801619433198381,0.052880820836622,0.0389408099688473,0.0503937007874015,0.0714859437751005,0.096138044371405,0.021439509954058,0.0479183032207384,0.0792880258899677,-0.0154981549815498,0.1125938281901584,0.0758064516129031,0.0792880258899677,0.0979423868312756,0.0907604251839737,0.1650655021834062,0.0413739266198283,0.1107410491257285,0.1847246891651865,0.1440823327615781,0.0872045639771801,0.1116666666666665,0.1712028094820017,0.0845528455284552,0.0587301587301587,0.0801619433198381,0.1742957746478874,0.1763668430335097,0.1732629727352683,0.3696098562628336,0.330009970089731,0.2537593984962405,0.3515704154002026,0.2802303262955854,0.2802303262955854,0.2261029411764705,0.121951219512195,0.1343537414965987,0.2216117216117217,0.186832740213523
MOVU-L,19.0,0.0347242622668623,1.154384526578537e-06,0.1252526763656519,0.1285409429943839,0.0353048495282975,0.5696233222542351,-500.691,1.2327132995965169,-0.0148064524324515,0.0027125488702993,0.0400289969721486,1.0,0.0793589145891046,-0.0180152131311716,-3.8965346940294004e-10,-0.035649662628706,2.406978382855752e-05,0.2588299075210222,0.0017985776461417,3.661455350183026e-06,0.0590444415612025,3.0,7.778044841708266,0.0630635986457977,0.0811223440132154,-0.0697208767478871,-0.1220673179508628,-0.0035862444728962,-0.0155048507022306,-0.0569527978074734,1.6536866802719628,0.0161001788908765,0.0637488106565176,-0.0017857142857142,-0.0158450704225351,-0.0721991701244814,-0.0378657487091221,-0.0597140454163163,-0.1279251170046802,-0.0581297388374051,-0.0141093474426807,-0.0813475760065736,-0.1251956181533646,-0.1346749226006192,-0.1217596229379419,-0.1203776553894572,-0.1333333333333334,-0.0873469387755102,-0.0517387616624257,-0.0541455160744501,0.0238095238095237,-0.0097431355181576,0.1292929292929292,0.1918976545842217,0.0770712909441231,0.1502057613168723,-0.0436270316509836,-0.0644351464435145,-0.0644351464435145,-0.1098726114649681,-0.0760330578512397,0.0647619047619048,-0.0149779735682819,0.0448598130841122,0.0117647058823529,0.0044923629829289,-0.0698835274542428,-0.0411663807890223,-0.0362068965517241,0.0781099324975893,-0.0210157618213659,-0.0983870967741935,-0.0597140454163163,-0.1446059678653405,-0.1693907875185736,-0.1693907875185736,-0.2104519774011299,-0.2521739130434782,-0.2556591211717709,-0.2932996207332491
MOWB-L,18.0,0.0333357439721544,8.33579894304689e-07,0.0904448304030141,0.0840825120305433,0.2076277874653277,1.2784571532058149,-1.3188999999999993,0.1270730947121903,-0.0075637509608235,-5.8570508441952735e-06,0.089568463136903,1.0,0.1463445249926585,0.0654922191905324,8.190611878762082e-08,-0.0010416542855127,1.7740515161294933e-08,0.0266812383410901,0.0933281593995769,8.203512796094512e-07,0.0038575568766052,5.0,0.2839004862178622,0.0060133374690944,-0.0287913435041289,-0.0406895982316726,-0.0327789636147394,0.012493348743907,0.0248767659197749,0.0131083016272929,0.6077963270997372,-0.2544946064722333,0.0920593368237348,-0.0854950675922543,-0.1956940874035989,-0.0347088314693404,-0.103831006086645,-0.1862808842652795,-0.0677839851024209,-0.1248251748251748,-0.2312653562653562,-0.2736506094022054,-0.2905328798185941,-0.2751230813785114,-0.2736506094022054,-0.3883186705767351,-0.2563874034462269,-0.3110377098816405,-0.3119846069268829,-0.2744927536231883,-0.1750164798945286,-0.1374913852515505,-0.1575227196230225,-0.1232924693520139,0.0028044871794872,0.049475890985325,0.0342975206611571,0.1455377574370708,0.2816180235535075,0.1879449454200286,0.2835897435897436,0.3595871808799566,0.2796523517382414,0.3551705468327018,0.6543291473892927,0.4872251931075462,0.3821093318608504,0.5821744627054362,0.5761964735516372,0.4014557670772678,0.3159831756046267,0.4418202764976959,0.3243386243386246,0.2521260630315158,0.2317913385826773,0.3478729133010232,0.2855675398048281,0.6117192530585964,0.6587143803843607,0.6327462491846054
MOXD-L,20.0,0.0790234556386957,2.92151758184404e-07,0.0316989605932991,0.3366066067607166,0.2571514874372281,1.3762063260753232,-0.3886999999999991,0.3017935234920899,-0.002996737391559,0.0070293347762217,0.0045261242004322,1.0,0.2040831847488993,0.1403286168453946,4.92816018710412e-08,0.0569764070501088,5.233587149740742e-10,0.0633668751699754,0.0240762231129527,2.285916150790929e-07,0.0096518732542444,3.0,0.147289465212367,-0.0496194050877096,-0.0110581684002155,-0.0842343552897419,0.0416881764661757,0.0308451710269957,0.0540442769875286,0.0315954950784572,0.5855783480086882,-0.0690235690235691,0.0747889022919181,-0.0972644376899695,-0.1217348447511088,-0.1378809869375907,0.0819672131147541,-0.0742857142857142,-0.0149253731343282,-0.12,-0.1336898395721925,-0.1094452773613193,-0.2132450331125827,-0.1311555338859094,-0.1914700544464609,-0.2455546147332769,-0.1719330855018587,-0.1692307692307691,-0.1554502369668247,-0.2797089733225545,-0.0954314720812182,-0.0027979854504757,-0.0050251256281407,0.1669941060903732,0.1504196255648806,0.368663594470046,0.1991924629878869,0.2820143884892085,0.3846153846153848,0.4098101265822784,0.6273972602739728,0.7020057306590257,0.7134615384615384,0.84472049689441,0.89171974522293,0.9475409836065574,0.9822024471635148,1.329411764705882,1.2787723785166238,1.1264916467780428,1.3791722296395197,1.0940070505287895,1.072093023255814,0.8957446808510638,0.8504672897196262,0.8857142857142859,1.3855421686746987,1.3053040103492886,2.056603773584906,1.994957983193277
MOXM-L,20.0,0.1882679576425713,6.647647568898109e-07,0.0721281020638715,0.0219808695893869,0.1822327264496557,2.511710907625248,6.074199999999999,0.6382522870557984,0.0053608032038242,0.0034006484761958,0.0340302047929052,1.0,0.1701886428941721,0.1287714382378302,9.438515599659689e-08,0.0053174919159999,2.3256883171004904e-08,0.1340123291342804,0.1635916649340667,7.772706496085974e-07,0.2401125687111599,5.0,0.225065097140173,-0.0490619786861881,0.0172675329322243,-0.0901701563444758,0.0678897593298257,0.0169713775765622,0.0369463748849032,0.1981708066214822,0.7491526053756196,-0.1394456289978678,0.0747021081576535,-0.1702052370842181,-0.183211424590735,-0.1911003794411866,-0.1763259571478749,-0.2454954954954954,-0.2947368421052632,-0.1960918752142613,-0.2780172413793103,-0.1444728201386356,-0.1540404040404039,-0.1114058355437666,-0.2018379850238257,-0.1684397163120568,-0.0942448821938972,-0.1425959780621573,-0.0567176186645212,-0.0532902704884941,-0.0253532834580215,0.1214729794356765,0.309324399776661,0.2927232635060639,0.4683782091421413,0.6906993511175199,0.5887533875338753,0.6773962804005722,0.7819148936170213,0.9080553295362084,0.9991474850809888,1.0163370593293206,0.9923534409515716,0.9906621392190154,1.114517583408476,1.028546712802768,1.2789115646258504,1.3879837067209777,1.6055555555555556,1.118337850045167,0.9205569205569204,0.8192397207137314,0.8865647626709574,0.8700159489633175,0.836335160532498,1.1454711802378772,1.340319361277445,1.5133976420150057,1.4814814814814814,1.478858350951374
MOXX-L,20.0,0.1213177489936726,6.325789560185135e-07,0.0686358881548282,0.0863852009275899,0.079383247227022,1.4022102227246525,-32.441500000000005,1.0851463981542455,0.0010937533969481,0.0044875828192619,0.0230501773247208,1.0,0.3350000257427514,0.0419692439464268,6.651509016819989e-08,-0.0386816869927918,3.4531719306100565e-07,0.2278456328596159,0.006058064429218,2.13191111148934e-06,0.1468650306704379,5.0,0.7366322754537535,-0.1323144553565391,0.0018211601679022,0.0565687887465339,-0.0065279413301566,0.0046019499807966,0.0205005022476082,0.0390956657917574,1.1422370056592617,-0.1012145748987853,0.0421940928270043,-0.0604395604395604,-0.0309503051438535,0.0095367847411445,0.1198992443324935,0.0807000486144871,0.0661870503597121,0.0913107511045654,0.0349162011173185,0.0040650406504065,-0.0636057287278853,-0.0802647910633016,-0.1014551333872271,-0.110088070456365,-0.106151990349819,-0.0963414634146342,-0.0844316309719934,-0.0967086550182851,-0.0600422832980971,-0.0438709677419354,0.0817518248175181,0.1137274549098195,-0.0089166295140437,0.1417565485362095,0.0580675868633984,0.1232945932289035,0.1964477933261572,0.1626569037656904,0.3271641791044777,0.3530127814972612,0.2194185408667033,0.193877551020408,0.0765133171912832,0.1142857142857143,0.1004950495049505,0.1289994921279837,0.1737064413938753,0.1951612903225805,0.2659453302961276,0.1512169860176075,0.1675420168067227,0.1301474326385356,0.0495750708215296,0.1048707753479125,0.1718502899314709,0.2227722772277227,0.319287833827893,0.2481751824817519
MPBH-L,23.0,0.1800494883665116,1.253673221696833e-06,0.1360256679556199,0.0688107709976618,10.964178477263332,0.5126591240781396,165.7114,-0.7550524555870093,0.1381824408179702,-6.069380378762671e-05,17.2182381110257,1.0,0.0664786359691663,0.1854489946611931,2.4121784942248e-07,-0.0027658356418064,3.285264651801337e-10,-0.1585365853658537,-0.0019370628865584,2.1347096184994305e-08,-0.0694054605766777,2.0,0.1873285100609406,0.013027032885136,-0.6585535626511311,1.6290332674481791,0.6585535626511311,0.0955950693390631,0.0973535541235933,0.6585535626511311,0.0038152407600083,-0.0223804679552391,-0.038160469667319,0.0061412487205732,0.030398322851153,0.08980044345898,0.1814903846153845,0.1416957026713126,0.2554278416347382,0.2634961439588688,0.1800720288115245,0.0983240223463688,0.0873893805309735,0.1470245040840139,0.0581270182992466,-0.0557156580211335,0.0547210300429183,0.0638528138528138,0.0995525727069353,0.0228928199791884,0.030398322851153,0.1247139588100685,0.1247139588100685,0.0922222222222222,0.0754923413566739,0.1843373493975901,0.0802197802197803,0.035827186512118,0.2766233766233765,0.2749675745784694,0.4781954887218045,0.543171114599686,0.6328903654485052,0.6493288590604027,0.9013539651837524,0.923679060665362,0.7553571428571431,1.0738396624472577,1.7768361581920904,1.8085714285714287,1.6857923497267755,1.5335051546391751,1.64247311827957,1.6639566395663956,1.5140664961636827,1.6143617021276595,1.6495956873315365,2.723484848484848,2.6407407407407404,2.48581560283688
MPBY-L,18.0,0.0463037154593268,2.7028067042773973e-07,0.0293259105276771,0.081986040118296,0.1690184254085397,3.9632317433744304,9.016900000000009,0.2588228277769759,-0.0004223786191919,-0.0032566705659828,0.0273673747515717,1.0,0.0979636039252069,0.0063785182323945,6.09677506445657e-08,-0.0173099828518283,1.970232789280171e-06,0.0543444194199666,0.1018448718535267,7.059432371840106e-07,0.0611812293692369,4.0,1.6613493292562982,0.0343771215719352,0.0232291427805302,-0.0841304351598544,-0.0387690771987419,0.0173509661493794,0.065541786793503,0.0779819784145816,0.5440073911788368,-0.002125398512221,-0.0248704663212435,-0.1552962298025134,-0.1901893287435455,-0.1635555555555555,-0.1270871985157698,-0.2085786375105131,-0.2688422688422688,-0.274479568234387,-0.3191027496382055,-0.3693029490616621,-0.3451635351426583,-0.3469812630117973,-0.3111273792093704,-0.3620338983050847,-0.3917259211376859,-0.3709893048128342,-0.3747508305647841,-0.3889610389610389,-0.339185393258427,-0.3278571428571428,-0.2908816880180859,-0.2951310861423221,-0.2423510466988727,-0.2286885245901638,-0.3377902885292048,-0.3116313094367228,-0.2223140495867768,-0.2602201257861636,-0.2112321877619446,-0.1583184257602862,-0.1709251101321585,-0.1687279151943462,-0.0977948226270373,-0.0436991869918699,0.072976054732041,0.0329308452250274,0.0443951165371809,0.0525727069351231,0.0549327354260089,-0.0094736842105263,0.1419902912621358,0.0443951165371809,-0.0228452751817238,0.0803673938002296,0.2316753926701571,0.2349081364829397,0.4521604938271604,0.4795597484276728
MPEJ-L,17.0,1.1680444697833523,2.474817457352564e-07,0.0268521885830004,0.0078890276773387,-0.3974417542256737,0.5195096171843597,-0.411,20.00308197724353,1.859604394428899,0.3571428571428571,1.8496766500566573,1.0,0.1041960011264432,2.7366385372714497,-4.9137713701081287e-08,0.2265712871732576,1.966350243329408e-13,4.199999999999998,1.356328392246294,1.067522652159984e-07,0.0987535953978906,4.0,0.012072850569019,-0.2953524669584599,-0.415690025495355,-808.8231327800822,0.4795616264654436,-0.1650663297536323,-0.2660896130346232,1.5518672199170125,1.6536866802719628,-0.0588235294117647,0.0461538461538462,-0.1282051282051282,-0.15,0.0967741935483872,0.5454545454545456,0.7894736842105263,1.0,0.9428571428571432,1.0606060606060606,0.7,0.5454545454545456,0.7894736842105263,1.956521739130435,1.956521739130435,1.956521739130435,2.777777777777778,2.777777777777778,2.0909090909090917,1.266666666666667,1.8333333333333333,1.3448275862068968,2.2380952380952386,5.8,5.8,4.666666666666667,4.230769230769231,5.181818181818183,5.181818181818183,4.230769230769231,6.555555555555556,5.8,5.8,6.555555555555556,6.555555555555556,5.8,6.555555555555556,5.8,3.8571428571428568,3.8571428571428568,2.777777777777778,2.0909090909090917,2.5789473684210527,2.5789473684210527,2.777777777777778,1.6153846153846154,1.8333333333333333,1.125,0.6190476190476193
MPEO-L,23.0,0.2330399030098571,1.1959796931570784e-06,0.129765822390988,0.0099545149504138,0.3657529897343634,0.1853508356862369,-22.95,0.1173063686209444,0.1688841236035299,-7.906805123609722e-05,0.002188679245283,1.0,0.3888888888888888,0.0851441241685144,1.1967477342934394e-07,-0.0195925689870875,3.6923687902518876e-10,0.024630541871921,-0.0001186020768541,4.372946942753682e-07,0.9657878217200248,2.0,0.4026711538305126,0.2727272727272725,-0.41005291005291,1.41005291005291,0.41005291005291,0.0069571656857777,0.0091141179474087,0.41005291005291,-0.009648113653862,-0.0433734939759036,-0.1699999999999999,-0.1590678824721376,-0.2169811320754716,-0.2357274401473295,-0.2264678471575023,-0.2687224669603523,-0.2569382273948074,-0.1633064516129031,-0.1226215644820296,-0.1806515301085883,-0.1716566866267463,-0.1056034482758618,-0.0726256983240222,-0.0705487122060469,-0.0589569160997731,-0.0838852097130242,-0.0600226500566251,-0.0404624277456646,-0.0393518518518518,0.0723514211886304,0.0453400503778338,0.1066666666666666,0.047979797979798,0.2170087976539589,0.321656050955414,0.1806543385490755,0.1559888579387187,0.1925287356321841,0.2116788321167884,-0.0337601862630965,-0.0059880239520956,0.0695876288659795,0.1277173913043479,0.0310559006211179,-0.1345151199165797,-0.1299790356394128,-0.1354166666666665,-0.1113490364025695,-0.052511415525114,-0.151329243353783,-0.0777777777777777,-0.1094420600858369,-0.0119047619047618,-0.0246768507638072,-0.0189125295508274,0.0323383084577115,0.084967320261438,0.2028985507246377
MPEP-L,22.0,0.0595682103961978,4.620497490746034e-07,0.0501331803685906,0.1750610132217663,0.5867178059160406,1.51007301635546,1.5949999999999998,0.2087045822090433,0.0023770252246488,0.001562800894722,0.0083618189165731,1.0,0.5180922414506913,0.0631656332524013,6.758658359071959e-08,-0.0252215335051098,1.540522105918063e-10,0.0438212094653812,0.0263563578497189,1.636884247852117e-07,0.0468342519155799,3.0,0.066878547644733,-0.0057673478767904,-0.0284923999191522,-0.0373682650788205,0.0265394591811247,0.0321576903824559,0.043276408258384,0.0940471745330611,0.7143654907314039,-0.0051282051282052,-0.025,-0.0669856459330142,-0.0669856459330142,-0.0669856459330142,-0.0714285714285714,-0.0714285714285714,-0.0669856459330142,-0.0669856459330142,-0.0669856459330142,-0.0714285714285714,-0.0714285714285714,-0.0714285714285714,-0.1034482758620689,-0.0930232558139535,-0.1235955056179775,-0.1235955056179775,-0.0714285714285714,-0.025,0.0684931506849315,0.0985915492957747,-0.0126582278481012,-0.025,-0.025,-0.025,-0.025,0.0129870129870128,-0.0061162079510703,-0.0298507462686568,-0.048780487804878,-0.0602409638554216,-0.0602409638554216,-0.0602409638554216,-0.0602409638554216,-0.0602409638554216,-0.0714285714285714,-0.0714285714285714,-0.0714285714285714,-0.0714285714285714,-0.0714285714285714,-0.0909090909090908,-0.1558441558441559,-0.1612903225806451,-0.1136363636363636,-0.1013824884792626,-0.1558441558441559,-0.164882226980728,-0.164882226980728,-0.164882226980728
MPHH-L^G19,8.0,-0.1362641185136683,8.105822908629391e-07,0.0879495514775311,0.0514450616212463,-0.0360701889086168,2.741415510492341,-2.8965,0.221729984259411,-0.0377612034302022,0.0023377394008839,0.0052103721501558,1.0,0.6446107084404957,-0.1904415025020587,-1.5893894768612536e-07,-0.0632489611295003,1.897873402407855e-10,0.0465561224489795,-0.4150433786217056,1.8666764199114288e-06,-0.1104125736738704,4.0,0.0088659044101913,-0.4750673360202876,-0.064482282185461,1.0153514016208318,-0.033752651290035,-0.0232847513614855,-0.0888023493360572,0.0153514016208317,1.6536866802719628,-0.0227272727272727,0.0,-0.1538461538461538,-0.2542372881355932,-0.2142857142857143,-0.2142857142857143,0.0,0.0999999999999998,0.2571428571428573,0.1282051282051282,0.0476190476190476,-0.0434782608695653,0.1282051282051282,-0.3529411764705883,-0.3432835820895522,-0.3333333333333333,-0.5368421052631579,-0.5510204081632653,-0.5510204081632653,-0.5416666666666666,-0.5217391304347827,-0.6206896551724137,-0.6615384615384616,-0.6535433070866141,-0.6036036036036037,-0.5887850467289719,-0.6036036036036037,-0.5925925925925926,-0.5686274509803921,-0.6000000000000001,-0.6716417910447761,-0.648,-0.6716417910447761,-0.6535433070866141,-0.6716417910447761,-0.6716417910447761,-0.6615384615384616,-0.65625,-0.6106194690265486,-0.6071428571428572,-0.6206896551724137,-0.6140350877192982,-0.5643564356435644,-0.5686274509803921,-0.6000000000000001,-0.6071428571428572,-0.6140350877192982,-0.5769230769230769,-0.5769230769230769
MPHK-L,19.0,0.0879994151796262,1.721877856567355e-07,0.0186826663857868,0.1687804215929111,0.2526856396876856,2.2461411730011056,1622.2965000000002,0.1406328161589983,0.0110513153283246,0.0421960520750378,0.0166458935779843,1.0,0.2105498615815173,0.0005833168040442,4.6091352182743334e-08,-0.0319550923576979,3.1482355986147858e-06,0.0295283411096226,0.0189610612997165,2.497087380535536e-07,0.1573292372105826,3.0,9.353694828679505,-0.0363851212959524,0.0297065372651891,0.1009516163248327,-0.0820204843066298,0.116886391857591,0.2793804098751901,0.0452822581664268,0.648105691641112,-0.0573002441933102,-0.0164218287437859,-0.0717937905223763,-0.0961400266913047,0.0538001196888091,0.0855011712489213,0.0419526627218935,-0.0207429651874095,0.0223525313516024,0.1267596621448681,0.0858358512671888,0.1865103429688026,0.1336509367153802,0.0705210043163717,0.0156889888677396,0.0017635680964842,0.022174493527602,0.1886728770082355,0.1824469513832931,0.1319748007199794,0.1597075869336144,0.2924036697247707,0.4052350171574495,0.3846819218369113,0.5058149478364975,0.3239849624060151,0.3039840047393365,0.4154006912627603,0.4014325507361718,0.6453933844141282,0.9604765085727012,0.9912925477779032,1.1492737702917122,1.2380528723945092,1.430503795721187,1.6599697885196374,1.6904507257448431,2.052348760617092,2.327475434618292,2.667777546344512,2.371434041738465,2.4987085237432947,2.428543613707165,2.2441046425939573,2.2803651266766023,2.508467822275354,2.7803778445684846,2.9314579147131057,2.471121624285433
MPIB-L,19.0,0.0462441248859776,3.1021536578340135e-07,0.0336588926129175,0.1449163311878726,0.2059383855632758,1.4969945156554183,-0.4993999999999943,-0.0316169679920598,0.0014681569166131,0.0011222160841649,0.0183368360565607,1.0,0.1277805679665947,0.04693404954635,4.4611342508592123e-08,-0.0270422044364818,2.9050554985117936e-07,-0.0066385402868278,0.0356144222268519,3.727151168902999e-07,0.0455761394463019,3.0,2.532910145043809,-0.014591439619242,0.008879093536734,-0.0917005334619165,0.0082876967653816,0.016959271254428,0.0373642542003856,0.0330012270128555,0.6017440314787328,0.0123864574731626,0.0377035132819194,-0.0738049713193116,-0.0898158586997369,-0.1118445177851118,-0.0388888888888888,-0.0527962456003129,-0.0214141414141414,-0.0804859529233106,0.0228040540540539,0.0176470588235293,0.0008264462809917,0.040378006872852,-0.0453291288923927,-0.0527962456003129,-0.0932235117933358,0.053501522401044,0.0754884547069272,0.0562581770606192,0.1307189542483657,0.1803118908382066,0.2465259907359753,0.3455555555555554,0.3683615819209038,0.483159828536436,0.3660462492949801,0.3388612493090104,0.4634441087613292,0.5466155810983397,0.5840418574231525,0.7967359050445102,0.73,0.6680440771349863,0.7424460431654676,0.6807772380291464,0.6726519337016574,0.5015499070055798,0.5565552699228791,0.7563451776649746,0.8907103825136611,0.8020833333333333,0.7550724637681159,0.6984572230014026,0.7601744186046511,0.9819967266775776,1.0897325280414147,1.259328358208955,0.972312703583062,0.7140835102618541
MPIK-L,23.0,-0.0381192275398825,2.5932707893864406e-06,0.2813742729853025,0.0703561452513966,0.1314348302300109,3.3245424919258126,0.1375,-0.0755974375557201,0.0067633489706123,0.0020003637024913,-0.0362776025236593,1.0,0.1988795518207282,0.042472024415056,1.0691943483930437e-07,-0.0102713344175297,1.266418750164016e-12,-0.0158730158730158,0.0686817800167926,1.0306021263504542e-06,-0.1947602570439941,5.0,0.0004443982761796,0.0192577030812325,-0.0044625234617058,-0.1603675820658966,0.0275596961947794,0.0092460881934566,0.0130817610062893,0.0227719528178244,0.0782810262850633,-0.0256410256410256,-0.0930232558139534,-0.1702127659574467,-0.1874999999999999,-0.1874999999999999,-0.1136363636363636,-0.1136363636363636,-0.1136363636363636,0.0,0.1470588235294117,0.21875,0.1470588235294117,0.21875,0.1470588235294117,0.0833333333333334,0.0833333333333334,0.0833333333333334,0.0833333333333334,0.0833333333333334,0.0833333333333334,0.0263157894736842,0.0263157894736842,0.1142857142857143,0.21875,0.21875,0.1470588235294117,0.21875,0.3928571428571428,0.3928571428571428,0.3928571428571428,0.1470588235294117,0.21875,0.3928571428571428,0.5,0.7727272727272727,0.3928571428571428,0.3,0.3,0.0263157894736842,0.0263157894736842,-0.025,-0.025,0.0,0.0,0.0,0.1470588235294117,0.0263157894736842,0.0263157894736842,0.0263157894736842
MPQS-L,29.0,0.0195605552618732,1.917731373493493e-07,0.0208077102170076,0.1620225237653469,0.0929688200096807,0.7380502413859821,-3.021100000000001,-0.1896757114030269,0.0662911969206974,-0.0012808974732639,0.0008053503823993,1.0,0.2983234090413752,0.1197752335596935,2.642742380512685e-08,-0.0180630339532626,7.196069320562691e-09,-0.0398257622899814,0.0122915075634285,3.482455845318351e-07,-0.0283269322573915,3.0,0.9710077006880704,-0.13757452878688,0.007625379629656,-0.1321003877653734,0.027262470146252,0.0128363598838441,0.0411202488319163,0.0070339305485355,0.415302805138404,-0.0259875259875259,-0.0331658291457286,-0.0540806293018683,-0.0531496062992127,-0.1059479553903346,-0.017364657814096,0.0772676371780514,0.1646489104116222,0.270805812417437,0.4754601226993864,0.4272997032640948,0.5848434925864907,0.5770491803278688,0.3454545454545452,0.2286079182630904,0.1891223733003708,0.336111111111111,0.3268965517241378,0.2691292875989444,0.1905940594059405,0.2445019404915911,0.2396907216494845,0.3454545454545452,0.3324099722991689,0.5294117647058822,0.3435754189944133,0.2509752925877762,0.4597875569044005,0.595356550580431,0.5642276422764225,0.8825831702544029,0.9201596806387224,0.8499999999999999,0.579638752052545,0.8185255198487711,0.6643598615916952,0.708703374777975,0.9087301587301586,1.1913439635535306,1.2064220183486234,1.2635294117647056,1.3292978208232444,1.091304347826087,0.5667752442996743,0.6060100166944906,0.4167893961708393,0.3473389355742295,0.4687022900763358,0.4188790560471975
MPRE-L,25.0,0.0410445151911081,3.5624787583550466e-06,0.3865349792085911,0.0633450449337029,0.24642214708101,0.5830946570611614,0.1464999999999996,-0.3506236981111928,0.0084260955992638,-2.601418144519929e-05,0.1191909567326424,1.0,0.0522511886889794,0.0705750178735572,2.287489143159247e-07,-0.0039598818527054,9.105615624019215e-11,-0.0736196319018405,0.0505290664507461,1.777274272119633e-06,-0.0137571903060529,3.0,0.0148904112506283,0.0353552275041812,0.008955250490689,-0.0043867118026616,0.0346931484085,0.0129075822765567,0.0193506328308846,0.0347341673182173,0.4302451849952312,-0.0108695652173912,-0.0149892933618844,-0.0274841437632137,-0.0396659707724427,0.0176991150442478,-0.0233545647558387,-0.0315789473684211,-0.0233545647558387,-0.0170940170940171,-0.0612244897959185,-0.0818363273453094,-0.0107526881720431,0.0154525386313464,0.0154525386313464,0.0154525386313464,0.0290827740492169,0.0154525386313464,0.0109890109890109,0.0430839002267573,0.0952380952380951,0.0672853828306265,0.0574712643678161,0.1084337349397588,0.1111111111111111,0.1219512195121952,0.1004784688995215,0.0823529411764705,0.0900473933649288,0.0900473933649288,0.0648148148148146,0.0043668122270741,-0.0107526881720431,-0.0043290043290044,-0.0212765957446809,-0.0315789473684211,-0.0170940170940171,0.0747663551401867,0.0599078341013823,0.0154525386313464,0.0043668122270741,0.0,0.0337078651685391,0.1004784688995215,0.1414392059553348,0.1414392059553348,0.1948051948051947,0.2299465240641709,0.2849162011173183,0.3142857142857143
MPRF-L,5.0,0.136852667677471,7.591871599451596e-07,0.0823730927227567,0.1587823854304972,0.8230409453370864,1.799636792939291,-11.366600000000004,0.2602651528010397,0.0072758340566415,0.002508547370065,0.0166386751615189,1.0,0.1480787649009179,0.130184840458671,1.074130452260213e-07,-0.0241373135768236,4.676619475540121e-08,0.054647261007476,0.0501530913042629,2.2455403200798453e-07,0.1690339123953473,4.0,0.6231004041943561,0.0273901655689384,0.0059274445709768,-0.0796386861454874,0.0243816433955409,0.0283622887305246,0.0366267542938681,0.1386965675930343,0.4368229491037712,0.0238733373039508,-0.2558173893772624,-0.3909678979505471,-0.3952818296416351,-0.3376072590985305,-0.3095034099866343,-0.231989021880003,-0.2118912575787209,-0.0440311254507497,-0.0628401320991675,0.012513191617669,-0.0300404390525708,-0.0032650638171564,-0.0252068314867676,-0.0149122378135237,0.022844958879074,0.1611341632088518,0.1893040552505756,0.2948586118251928,0.4174757281553398,0.4161805018626554,0.4931080480213428,0.4262051390953492,0.410924369747899,0.5839622641509432,0.4994418396963607,0.4382182882432721,0.4096410830476455,0.4324920014219693,0.4558855408627791,0.5270577535243293,0.7616507825478709,0.8058617908039796,0.9376803231390652,0.8705784049763254,1.1070905668270234,1.1652874798495434,1.0162113479435604,1.0584389047813647,1.2750677506775068,1.1123925351226671,1.0893912682775069,1.0974391005621484,1.3068468055873597,1.5503797468354428,1.7909682781548693,1.6982723985536357,1.7905817174515235,1.5963917525773197
MPVO-L,26.0,-0.0503239131512935,1.9935523644978295e-07,0.0216303808115396,0.0987232858708979,0.2196883819897502,0.8030639468592817,-301.886,-1.5305384618879645,-0.0058137234112383,-0.0021020583574063,0.0377895422022323,1.0,0.2775180243261852,-0.1384837613076829,4.014843462850087e-08,-0.137585853312989,8.10900529918935e-07,-0.3213635552382652,-0.0022405656322303,5.516156061065436e-07,-0.0169994190751363,5.0,6.313129946972402,-0.0142245790413184,0.0249061913879935,-0.0760312870454663,0.0083810953062112,-0.0073171566746482,-0.0281519795415524,-0.113807526734359,1.0261227189751896,0.0099272005294506,0.0544312630844381,0.0154569892473117,0.0188806473364799,0.0113788487282462,-0.0295439948619139,-0.0143509458577951,-0.0695812807881772,-0.0544430538172716,-0.0707257072570727,-0.0842424242424242,-0.0568039950062422,-0.0914010823812386,-0.0626550868486353,-0.0381922342457035,-0.0251612903225806,-0.0052666227781434,0.1704105344694035,0.1888276947285601,0.1935229067930488,0.1360902255639096,0.1326836581709145,0.1992063492063491,0.2415776499589152,0.289249146757679,0.1632024634334101,0.1421012849584277,0.1534351145038168,0.189763779527559,0.1786271450858034,0.3014642549526269,0.2958833619210976,0.3563734290843805,0.3887867647058822,0.3503127792672029,0.3312775330396476,0.3003442340791737,0.2375102375102373,0.2274573517465474,0.1907013396375099,0.0716312056737589,0.0792857142857141,0.0399174122505161,0.0209459459459457,0.1053401609363569,0.1614142966948502,0.0493055555555554,0.1543162719633308,0.1045321637426901
MPVS-L,20.0,0.0409733867680699,4.322467064765154e-07,0.0468994997679731,0.0253482374647165,0.1428978590893021,0.844703232932888,-1569.4906,0.0202083814573048,-0.0132677855674357,0.0204535268616177,0.0948629656006842,1.0,0.2603240873539915,0.017734074775478,3.029237270899195e-08,-0.0117251826795923,3.997274725137374e-05,0.004243106248189,0.0693286853458897,1.4256435358581115e-06,0.0435154243918936,4.0,18.05902409221334,-0.01987640990634,0.0081521540873589,0.1105565740478071,1.0231746414424372,-0.0030557910432862,-0.0139368054092351,0.0231746414424372,1.3925782749637643,-0.0196220930232557,0.0843183609141056,0.1168831168831168,0.0920634920634921,0.0920634920634921,0.17206132879046,0.186206896551724,0.0834645669291338,0.1790916880891173,0.1882556131260795,0.1214343928280359,0.0463878326996196,0.040060468631897,0.0245718540580788,-0.0143266475644699,-0.0079307858687814,-0.0136200716845877,-0.0114942528735632,-0.0844976713240186,0.0140014738393514,-0.0199430199430199,-0.024113475177305,0.0117647058823529,-0.0057803468208093,0.1214343928280359,0.0392749244712991,0.0609097918272936,0.1025641025641024,0.0683229813664596,0.071651090342679,0.1269451269451269,0.1447587354409318,0.1150729335494327,0.1205211726384365,0.1390728476821192,0.1196094385679413,0.1260229132569557,0.1447587354409318,0.2362982929020662,0.2475067996373527,0.1553316540722082,0.2407574391343552,0.2285714285714286,0.1297208538587848,0.1114701130856219,0.1334431630971992,0.1872303710094909,0.3359223300970873,0.272895467160037
MPXB-L,22.0,0.0824415354666751,9.468036560625534e-07,0.102729800325811,0.0062505057845327,0.0115933059172095,0.0546294647425902,-2.807400000000001,0.4661109449293089,0.0104230161305238,3.815390202137218e-05,0.0287445011727135,1.0,0.0927315763246774,0.0871989652987058,1.0071164728570317e-07,-0.00113131995739,4.5644571170110815e-09,0.0978682170542635,0.0011244750288202,9.3200396432666e-06,0.081960566605303,2.0,0.5802742914806768,-0.2832150744388047,-0.0492969802591747,0.0492969802591747,0.0492969802591747,0.0022405797919821,0.0241061767189406,0.0492969802591747,0.4292673868381068,-0.0692041522491349,-0.0045924225028703,-0.080593849416755,-0.0269360269360269,0.0272511848341232,0.0756823821339949,0.1763907734056986,0.197513812154696,0.1158301158301158,0.032142857142857,0.0188014101057578,0.100253807106599,0.1129653401797174,0.0272511848341232,0.0703703703703704,0.0433212996389891,0.1621983914209115,0.3018018018018018,0.3216463414634147,0.4213114754098361,0.4522613065326633,0.3196347031963469,0.445,0.5427046263345194,0.6389413988657844,0.7586206896551726,0.9054945054945056,1.3753424657534246,1.4560906515580738,1.3119999999999998,1.5350877192982455,1.6114457831325302,1.5276967930029155,1.7967741935483872,2.0744680851063837,1.89,1.9389830508474573,1.8241042345276872,1.6114457831325302,1.520348837209302,1.2997347480106098,1.0741626794258377,0.8525641025641026,0.7802874743326489,0.7913223140495869,0.8368644067796611,1.0304449648711946,0.930957683741648,0.7586206896551726
MPYG-L^F22,8.0,0.0125491522994444,9.326915710569388e-07,0.1011986152004423,0.1296385929102255,0.0335608014380678,0.0992698664227756,-197.63619999999992,-0.7948489916014787,0.0370030443440204,-0.000122378876654,-0.0019650816915801,1.0,0.1311668596606032,-0.0122625818887532,2.0170757682939814e-07,0.0066142175711942,7.166102192380548e-06,-0.1668925702811244,-0.0009617221443118,6.625454184338782e-06,0.0161892458724296,2.0,13.109535743937332,-0.0787981567813424,0.1706496725810705,-0.1706496725810705,-0.1706496725810705,0.0059628250457254,0.0476985233266108,-0.1706496725810705,0.427129557311471,-0.1018711018711017,0.0618101545253861,-0.0113052415210689,0.1438763376932221,-0.0872865275142315,-0.127833182230281,-0.119047619047619,-0.1117266851338874,-0.2739622641509435,-0.3486797562626946,-0.3201413427561838,-0.2334661354581674,-0.2016597510373444,-0.1174311926605505,-0.1076066790352504,-0.0820610687022902,0.0724637681159419,0.1950310559006209,0.1186046511627907,0.0456521739130435,0.0288770053475935,0.0571428571428571,0.0399999999999998,0.0223166843783209,0.1980074719800746,0.2526041666666665,0.2724867724867725,0.4023323615160348,0.4664634146341462,0.4401197604790419,0.6672443674176776,0.7619047619047619,1.038135593220339,1.1236203090507724,1.5382585751978888,1.4110275689223055,1.2013729977116705,1.318072289156626,2.034700315457413,2.1960132890365447,2.2173913043478257,1.924012158054711,1.650137741046832,1.4354430379746832,2.164473684210526,1.915151515151515,2.848,2.7,1.5183246073298426
MQAX-L,23.0,0.1883732132194523,6.911152707528509e-07,0.0749871774490364,0.0345336713069196,0.1866730902271694,1.5917289869423676,-4.573599999999999,2.1053773121644386,-0.006026591102006,0.004150250312063,0.0140807043313683,1.0,0.1232338036389059,0.0500306983821428,6.398329948092982e-08,0.0027447908443535,3.919480221890035e-08,0.4420611144397843,0.1173467754924731,6.614800801837322e-07,0.380015531898276,5.0,0.423567844218906,0.0341403433866916,-0.0128873439277728,-0.2406877208689267,-0.0278186716386442,0.0158504710937863,0.0294145997323526,0.0817741121146081,0.5987133087411713,-0.0909370672411139,0.0148344784509679,0.0012324757356338,0.0428433889602053,-0.0772398125798666,-0.0206449668474986,-0.0358997181427088,-0.0940897686088653,-0.074743735763098,-0.1441927837766657,-0.0863208210319134,-0.0667719701321081,-0.0269501422368619,-0.1715742511153601,-0.196463897131553,-0.2065681845928458,-0.2175535757283891,-0.2045287637698899,-0.2174593618302227,-0.1856910161633881,-0.1218754222402379,-0.0032208588957056,0.0842509175842509,0.1277112614957485,0.2285444234404536,0.2466909648954536,0.2708251857645678,0.3682105263157893,0.4844677935130195,0.5364066193853427,0.5396825396825395,0.6138564688353612,0.5374970428199666,0.4753688989784335,0.5451735615786968,0.7008636482596178,0.6638504864311314,0.9075432932198412,0.8057793831619893,0.8276152980877387,0.8669922436081583,0.9008482012284292,0.8296734234234231,0.865384615384615,1.041784480050267,1.1169381107491856,1.103917125283263,1.1406455862977605,1.2112963593058863
MQDA-L,27.0,0.0063986975004134,9.36815255408688e-07,0.1016460419370728,0.0293642753639583,0.0094605469353887,0.9983140045772272,-23.136500000000005,-0.1811095589810177,-0.0689580231754908,0.0147784112586701,0.0086792325607669,1.0,0.3756330385455911,-0.0318467583564374,-4.717984980811827e-08,-0.0328052985170254,3.699681981815264e-08,-0.0380271474458604,0.0012877749464982,1.156174727362462e-06,0.0387955021296524,4.0,0.5087641230045485,-0.3911650494299549,-0.0853193102874012,0.1399720714614149,-0.0119367465532652,0.0171277001152064,0.0395660920934566,0.0502441026969503,1.6536866802719628,-0.1077694235588972,0.1718061674008812,-0.0869565217391303,-0.1400862068965516,-0.0578512396694215,0.1666666666666667,0.0583554376657824,0.1718061674008812,-0.0184501845018451,-0.1288209606986898,-0.1730569948186529,-0.2562907735321528,-0.4,-0.4515463917525772,-0.4442896935933147,-0.438423645320197,-0.3940774487471525,-0.4690618762475049,-0.5089230769230769,-0.4722222222222222,-0.4246575342465752,-0.422993492407809,-0.3746081504702193,-0.3894414690130069,-0.3344453711426188,-0.4035874439461884,-0.4729194187582562,-0.453050034270048,-0.48046875,-0.4844961240310077,-0.4564032697547683,-0.449655172413793,-0.5009380863039399,-0.4984286612193589,-0.4878048780487805,-0.553191489361702,-0.5311398354876615,-0.5116279069767442,-0.4488950276243093,-0.4454482279360667,-0.4878048780487805,-0.4824902723735408,-0.4920432845321451,-0.50125,-0.5204326923076923,-0.5578947368421052,-0.5163636363636364,-0.4534246575342465,-0.4626262626262626
MQEN-L,32.0,0.0608747131309292,1.0885568639211949e-06,0.1181102634721207,0.0731540876211273,0.0119346926260922,0.0617189202372399,0.8500000000000014,0.0815034873647604,0.0142892772075447,3.28894476034556e-05,0.0324400564174893,1.0,0.1742957746478873,0.0856944719635428,1.448230593664661e-07,0.0020994917953137,2.136958404865216e-09,0.0171130952380951,0.0009647571297013,1.3329283938617846e-05,0.0588977968562591,2.0,0.2830493238880421,0.0192993403458727,-0.1635662431941923,1.1635662431941922,0.1635662431941923,0.0020013640966992,0.0265078930559357,0.1635662431941923,0.4049150513423118,-0.080952380952381,-0.0140845070422533,-0.1101694915254236,-0.0987124463519313,-0.1549295774647886,-0.1063829787234043,-0.1322314049586775,-0.1954022988505745,-0.1063829787234043,-0.1358024691358025,-0.1515151515151515,-0.1446028513238288,-0.1176470588235293,-0.1213389121338912,-0.0454545454545455,0.024390243902439,-0.0255220417633409,0.0071942446043165,-0.0829694323144104,-0.1006423982869378,-0.0023752969121139,-0.0209790209790209,0.0294117647058824,0.0120481927710842,0.1382113821138211,0.2727272727272729,0.320754716981132,0.3084112149532712,0.5671641791044777,0.7073170731707319,0.3725490196078431,0.4141414141414141,0.3291139240506329,0.3291139240506329,0.3125,0.1864406779661016,0.0880829015544042,-0.0023752969121139,0.0632911392405062,0.0268948655256724,0.024390243902439,-0.0140845070422533,-0.0344827586206895,-0.0094339622641509,-0.0186915887850467,-0.0232558139534883,0.0047846889952154,0.0096153846153845,0.0096153846153845
MQFB-L,30.0,-0.0020564042303172,5.270995105292705e-07,0.057191189664066,0.1103408434430964,0.1828111526300661,1.7474039881808323,-0.8000000000000003,-0.078829879713275,-0.0162906538575422,-0.0004406580493537,-0.0057865225128428,1.0,0.2869757174392936,0.1332046332046331,5.627183871635598e-08,-0.0105866784296423,1.1729995998445304e-09,-0.016551724137931,-0.0431844888366627,4.884874509845369e-07,-0.1164049810503519,5.0,0.0939310243616414,0.0357018373748942,-0.038083617941654,0.1224043202245927,0.012199746453442,0.011480718280836,0.0221465076660988,0.0792388525986934,0.8444357516282361,-0.1057142857142857,-0.0056818181818182,-0.1725768321513003,-0.1139240506329114,-0.146341463414634,-0.2677824267782427,-0.3333333333333333,-0.2971887550200803,-0.2358078602620087,-0.2857142857142858,-0.2871690427698574,-0.2099322799097065,-0.2161254199328107,-0.1484184914841849,-0.1421568627450981,-0.0591397849462366,-0.0956072351421188,-0.0909090909090909,-0.2117117117117117,-0.2027334851936217,-0.1888760139049826,-0.2256637168141592,-0.2600422832980973,-0.2723492723492723,-0.2239467849223946,-0.2391304347826086,-0.2849846782431051,-0.1315136476426799,-0.0789473684210525,-0.051490514905149,-0.1803278688524588,-0.1379310344827585,-0.1566265060240964,-0.2090395480225988,-0.1139240506329114,-0.2256637168141592,-0.2099322799097065,-0.2222222222222222,-0.2161254199328107,-0.1860465116279069,-0.2349726775956284,-0.201824401368301,-0.2677824267782427,-0.1676575505350772,-0.0932642487046632,-0.0397805212620027,0.0324483775811208,0.1128775834658186,0.1345218800648298
MQGA-L,18.0,-0.0079518123096703,1.3413792340800864e-06,0.1455419188507363,0.0016078986284007,0.1202462853255678,-0.0124609690448889,-33.34910000000002,0.9398306631829134,-0.0600570450265042,-7.954412230264052e-05,9.842893149772226e-05,1.0,0.2382472329768988,0.0798237823282646,1.150049024759024e-07,0.002409002097302,1.0437809141253361e-08,0.1973340303188709,-0.0014726364885329,9.106374703388204e-07,-0.1141888934582033,2.0,2.207050978317996,1.4959888670595942,0.4113800010136208,-0.3737412405977285,-0.4113800010136208,0.0131767913518151,0.0221553546522867,-0.4113800010136208,0.0093644690024066,-0.0710288808664258,-0.0300271382298871,-0.1376089663760896,-0.1603516217035465,-0.1451936429563339,-0.1226542085675825,-0.126733921815889,-0.1239029018739622,-0.1025433338733192,-0.1346454233052171,-0.1921254101348888,-0.1856533882110833,-0.0992602227461182,-0.090311986863711,-0.0878406190829012,-0.065215557242892,-0.0354313571863846,-0.0918777149413982,-0.0750480006678354,0.0063578564940962,0.0370647697491575,0.0732274312282061,0.077925868275124,-0.00431344356578,0.0824540836264164,-0.0651366857914276,-0.0958054512812143,-0.0545268367608158,-0.0396116841466586,0.0542340627973358,0.1245305998173145,0.1180625630676084,0.1620346093340325,0.2350908482889311,0.2281090667257814,0.3436817851079312,0.357843137254902,0.3156019947755877,0.3963453056080657,0.3665515540207202,0.3474401070169037,0.3881232773740917,0.2934858743871118,0.22552814954098,0.2076294277929156,0.2821106225410783,0.2541029994340691,0.3808574277168495,0.2751755092645873
MQKQ-L,16.0,0.0474811596761571,4.933787431572735e-07,0.0535324292898565,0.0217117493389875,9.15512105677303e-05,0.2617364906450158,-27.4953,0.7737138464637779,-0.1095107048121426,-0.0017418604003213,0.0024239776347192,1.0,0.8411663807890224,-0.2140202839756592,-5.030910160111285e-09,0.0623957694272301,6.204509290900221e-10,0.1624548736462094,0.0015538606625291,2.620657072885847e-06,0.1174768888282829,2.0,0.1048850883404269,-0.2345817855939686,0.1396532879493172,-0.1396532879493172,-0.1396532879493172,-0.0122696607273302,-0.0707190344903172,-0.1396532879493172,1.6536866802719628,-0.0291479820627802,0.2119565217391303,-0.104417670682731,-0.1504761904761904,-0.2064056939501779,-0.3052959501557633,-0.3106646058732611,-0.3508005822416302,-0.4192708333333333,-0.4677804295942721,-0.4771395076201641,-0.448019801980198,-0.4237726098191214,-0.4639423076923077,-0.398921832884097,-0.4207792207792208,-0.4061251664447403,-0.3085271317829458,-0.3343283582089552,-0.3074534161490684,-0.2579034941763727,-0.3169984686064319,-0.3753501400560224,-0.3106646058732611,-0.3343283582089552,-0.3788300835654595,-0.398921832884097,-0.3564213564213564,-0.3242424242424242,-0.3421828908554573,-0.3252647503782149,-0.3273001508295625,-0.3042121684867395,-0.2676518883415435,-0.2389078498293515,-0.1846435100548445,-0.1254901960784313,-0.0649895178197064,-0.0530785562632696,-0.0727650727650727,-0.1008064516129032,-0.2134038800705467,-0.2427843803056026,-0.2909379968203498,-0.1949458483754512,-0.0367170626349891,0.1262626262626263,0.2890173410404624,0.2185792349726776
MQMA-L,25.0,0.3217273524021989,3.131532610710574e-07,0.0339776592276708,0.143446782596928,-0.1101801020899547,2.376992163651236,-0.1344999999999999,-0.6922439776177856,-0.0636572089404365,0.0033500192529842,-0.0010276335341857,1.0,2.0028169014084507,50.08045977011509,-1.3071541388092065e-07,0.051681537405628,3.819173694341483e-12,-0.1453488372093023,0.0965660106764401,7.900002722474402e-07,0.1733124018838305,3.0,0.0039898762619315,-0.1051243632004794,-0.0469772996286187,-0.5034215506097468,0.0385459554562249,-0.0210983181626378,-0.0650799553737448,0.0975399878517918,1.6536866802719628,0.0,0.0,0.0,0.0,0.0,0.0,0.0,0.0,0.0,0.0,0.0,0.0,0.0,0.0,0.0,0.0,0.0,0.0,0.0,0.0,0.0,0.0,0.0,-0.5,0.0,0.0,0.0,0.0,0.0,0.0,0.0,-0.5,-0.5,-0.5,0.0,-0.5,-0.6666666666666666,-0.6666666666666666,-0.6666666666666666,-0.5,-0.6666666666666666,0.0,0.0,0.0,0.0,0.0,0.0,0.0,0.0
MQMJ-L,18.0,0.0778219719115449,7.743745233074183e-07,0.0840209473710675,0.0784703774300458,0.1438715971088872,1.2699330757377116,3.7745000000000033,-0.352600500634276,-0.0091141539693125,0.0002366472096806,0.1711553271135873,1.0,0.1139004600322181,0.0607153504791932,7.718644296976454e-08,-0.004389291691791,8.688336680446123e-08,-0.0740346964707102,0.1120419681861877,1.4463065806404808e-06,0.0876827467122525,4.0,0.5612652228369971,0.0220267464225834,-0.0738621215639877,0.2628497956955297,0.029742089158133,0.0121958296948036,0.0350731225612356,0.2015067771059991,0.4776919033144013,-0.0510228640192538,0.0015668313848378,-0.0924975428633831,-0.0496340347666972,-0.1236026154819658,-0.0993822477511651,-0.124710343374763,-0.0974258716194199,-0.1325678496868476,-0.1361746361746362,-0.1945332945623729,-0.2379642365887208,-0.2231466766383099,-0.2413730144239548,-0.2613989867567328,-0.2441331635437511,-0.2437204222788497,-0.2356512141280353,-0.3084796538237497,-0.2655766681396377,-0.2512838994504009,-0.1073155011279407,-0.0418540297474923,-0.0475644699140401,0.0218888342351204,-0.0872144112478032,-0.021086111438332,0.1793925631564008,0.1974063400576367,0.207673303298939,0.2743444257015794,0.2220588235294116,0.2518830973184693,0.1922525107604016,0.1767204757858962,0.0319135725816464,0.057655593738068,0.0213864306784659,-0.0202782362650317,0.0058097312999272,-0.0290921836663162,0.0371942086869694,0.0599489795918366,0.1641916503222191,0.1315359477124182,0.1637025626662931,0.3142495650798671,0.256235827664399,0.1770538243626063
MQPR-L,18.0,0.1245630637570886,3.9324819539485417e-07,0.0426680952621182,0.0224569160661973,0.249127923261075,1.1898157026444969,2.0969,0.2843234342568643,-0.0020777012454138,-0.0044584180533405,0.0615945716194746,1.0,0.1204554262236611,0.0964322821930785,6.525621169027438e-08,0.0200361832358483,3.8173896851983405e-09,0.0596987216888558,0.1399588989990653,3.944936310814489e-07,0.1564530251556508,4.0,0.2995204451801659,-0.072524532114749,-0.0518076386274849,-0.0435769751970428,0.0209131778385007,0.0195276495231293,0.0413039883929907,0.1007597227019362,0.4143981433722073,-0.0609613130128956,0.0,-0.1758454106280194,-0.1571146245059288,-0.1546085232903865,-0.1313645621181264,-0.1383838383838385,-0.1224279835390947,-0.0626373626373626,-0.0306818181818183,-0.0372460496613995,-0.0906183368869937,-0.1669921875000001,-0.1790182868142446,-0.1798076923076924,-0.1998123827392121,-0.19452313503305,-0.2437943262411347,-0.1899335232668566,-0.0768398268398269,-0.0339750849377123,0.0240096038415364,0.1403743315508019,0.2099290780141842,0.2693452380952381,0.0402439024390244,0.1527027027027026,0.2904689863842662,0.3824959481361425,0.3960720130932895,0.5651376146788989,0.7623966942148759,0.7302231237322514,0.7733887733887734,0.8226495726495726,1.0906862745098036,1.28686327077748,1.5386904761904765,1.7516129032258063,1.7694805194805192,1.891525423728813,2.159259259259259,1.7967213114754097,1.7165605095541396,1.941379310344828,2.3450980392156864,2.481632653061224,2.3715415019762847,2.306201550387597
MQRQ-L,18.0,0.0886900638821149,4.063514412673541e-07,0.0440898196328287,0.234809387369117,0.0544614535149168,1.73936882574391,25.094400000000007,3.912773160046626,0.0015396756554702,0.0003508982813745,-0.0056470272397869,1.0,0.3366501175288205,0.1865527625400801,8.472985545366802e-08,-0.0376886371421908,8.801243070990464e-06,0.8215557628015291,-0.0052111270424686,2.6149582246391406e-06,0.0697291333903109,2.0,2.727493467864096,-0.0327482238185894,-0.0110511302337475,0.2034391914954542,0.0218093277525168,0.0046864460320142,0.0840499741401872,0.0630431381805084,0.7051663164941218,0.01247947454844,0.0518134715025906,-0.0693765281173593,-0.0563991323210413,-0.0710799267846248,0.0079443892750743,-0.0442561205273069,-0.0155189136760427,0.088277340957827,0.2078540261800872,0.0813210227272727,0.0525406152782579,0.0778761061946902,0.0099502487562188,0.0898353614889047,0.0399590163934424,0.0558252427184466,0.0183946488294315,-0.017741935483871,0.0602367688022285,0.1088856518572467,0.1761297798377752,0.2515413070283601,0.1913145539906102,0.2957446808510637,0.2219101123595503,0.3040685224839399,0.3993566176470586,0.4175977653631284,0.4397163120567375,0.3343558282208587,0.3361123299692847,0.4349670122525919,0.6179596174282678,0.7252124645892353,0.532460996477101,0.3935926773455376,0.3557435440783614,0.5892484342379958,0.4781553398058251,0.4006439742410304,0.4681774349083896,0.4465558194774346,0.3063063063063063,0.2864385297845373,0.2582644628099173,0.326797385620915,0.3521314387211367,0.3679245283018866
MQS-L,23.0,0.0401817254977127,4.1574732266426613e-07,0.0451092886786115,0.0816326514022484,0.1509104426504083,1.2079052253645108,257.084,0.2821265978997047,0.0203032263637676,-0.0085568764515992,0.0277911272613025,1.0,0.4884028759952775,0.0195439421040081,4.4814591217854174e-08,0.0443363707810388,2.1525269422102e-06,0.0592374571341953,0.0206190719294826,4.781369367752272e-07,0.0584820583907488,3.0,7.343347981055275,0.034558548792085,0.0264328768168295,-0.118654050367974,-0.0230724084202632,0.0293425862917608,0.0618105336221213,0.031447087478887,0.2449436671046329,-0.0581162324649299,0.0214943705220063,-0.1494318181818181,-0.1344319167389419,-0.1035928143712574,-0.066126013724267,-0.0385356454720616,-0.0338818973862535,0.0934989043097151,0.0758174631692418,0.0435691878703381,0.0624556422995032,0.063587921847247,-0.0376084860173576,-0.0489199491740787,0.0207978179338561,0.0278063851699279,0.0781418797263233,0.0762041696621136,0.114253814663193,0.1699882766705744,0.2033762057877814,0.2938634399308557,0.2175681171207808,0.3177816901408452,0.2215422276621785,0.305713039686001,0.3658759124087591,0.4865938430983119,0.5883289124668434,0.6010695187165778,0.5849655902593964,0.5144157814871018,0.5883289124668434,0.6236442516268981,0.7256484149855906,0.6670378619153674,0.6972789115646258,0.9180012812299808,0.8112522686025407,0.6633333333333333,0.7971188475390156,0.6801346801346801,0.5782814971006855,0.5569422776911077,0.5448916408668731,0.6131465517241381,0.5934007450771688,0.5577523413111345
MQSD-L,17.0,0.3391048815017345,4.993606282576441e-07,0.0541814739550288,0.2033096682506803,0.2425621008305468,0.7797892382167179,4.965900000000001,0.6099670451259286,0.0242690170257167,0.0022766364432148,0.4252436888190842,1.0,0.0863151539908006,0.086768897242112,9.496340435899261e-08,0.154430797172124,4.537452625116681e-09,0.1280733435199334,0.1906618395599408,7.552147683247543e-07,0.5726317792098378,2.0,0.3434313294704333,-0.1340327984087747,0.0863767323081736,0.0109986969091479,0.073841586161703,0.0276395068097544,0.0552668791072564,0.1373387037621508,0.5322327003440325,-0.0255402750491159,-0.1343537414965986,-0.3499361430395913,-0.3121621621621622,-0.2998624484181568,-0.2217125382262997,-0.154485049833887,-0.1007067137809187,-0.0485981308411214,0.0946236559139783,0.1113537117903928,0.0241448692152916,0.0516528925619834,0.0783898305084747,0.3220779220779219,0.4970588235294118,0.590625,0.6158730158730159,0.6579804560260587,0.8509090909090908,1.044176706827309,1.2034632034632031,1.378504672897196,1.378504672897196,1.7219251336898391,1.8277777777777773,2.0479041916167664,1.6510416666666663,1.6649214659685865,1.6789473684210527,1.6102564102564103,1.6510416666666663,1.1752136752136757,1.1939655172413794,1.292792792792793,0.9728682170542636,0.928030303030303,1.138655462184874,1.3674418604651164,1.4471153846153846,1.138655462184874,1.292792792792793,1.1297071129707112,1.138655462184874,1.044176706827309,1.3564814814814814,1.6237113402061856,2.18125,2.7153284671532845
MQTZ-L,19.0,0.0653241596627861,5.25093645863817e-07,0.0569735499504431,0.231329307511033,0.2543439175665608,0.6513676219529443,12.1971,0.2325573237772427,0.0238174672291651,-0.00736681001339,0.0001864697159129,1.0,0.4515288209552231,0.121349380345434,6.990828935816711e-08,0.0197022257358637,4.903158075818359e-09,0.0488295134207621,0.0019240799638112,3.259949401025196e-07,-0.0140538771930274,4.0,0.5956558114082989,-0.2020278759600663,0.009825251302901,0.9978881459766112,-0.0118392107946032,0.0317601786603617,0.0528083696682947,-0.0021118540233888,0.6386567612088404,-0.1182630120110871,-0.0629148629148629,-0.0825091833851371,-0.1553069719042663,-0.0978049458182829,-0.0730802169568941,-0.0978049458182829,-0.0988065500971413,-0.1266810112963959,-0.1546472272845612,-0.1742115971515768,-0.2118932038834952,-0.1841708542713567,-0.1491090146750523,-0.1212449255751015,-0.0461222091656874,-0.014268366727383,-0.0413345143194566,-0.1255049824939402,-0.0472417840375586,0.0246134427264119,0.0649393243686455,0.1501948281969536,0.1070576201841118,0.1592288468404139,0.0837783711615487,-0.0136695018226002,0.0712636093698448,0.0618051013734466,0.2624416796267497,0.2174728158980126,0.2397861779305077,0.1798691860465116,0.2678641155798515,0.3811144193960016,0.6694087403598972,0.7998891352549888,0.6885075403016119,0.6728490468830499,0.8313592780597856,0.6789038262668046,0.8427922814982973,0.7504043126684634,0.6937923839332287,0.8038888888888889,0.8262092238470189,0.8459351904491188,1.080076873798847,0.8955049620548745
MQVH-L,30.0,0.0832535121328224,7.234534699230383e-07,0.078495926831633,0.1600471593839805,0.0886628653618944,3.3247225263906497,8.999999999999998,0.1488324551878234,0.0028888503956796,0.0019207902679959,0.0202107009507761,1.0,0.3115015974440894,0.094756790903348,1.3943073222982964e-07,0.0133338442085891,7.172691299135966e-08,0.0312499999999998,0.0778256704980843,2.1092029179377675e-06,0.0793633838923306,3.0,0.1346977278482167,-0.3403495583536929,0.12811879440787,-0.0688572931972156,-0.0555566900044119,0.0159298034194471,0.0675934803451581,0.0640240627349877,0.3416298830501959,-0.1097972972972973,-0.0133333333333333,-0.101669195751138,-0.1890410958904109,-0.1420289855072464,-0.1482014388489209,-0.1800554016620498,-0.0892307692307692,0.0119658119658119,-0.0420711974110031,-0.0326797385620915,-0.1708683473389355,-0.1524695776664281,-0.2101400933955971,-0.1726065688329839,-0.0565737051792829,-0.1326007326007326,-0.0489959839357428,-0.0350448247758761,0.1169811320754716,0.1959595959595959,0.1722772277227722,0.4474327628361858,0.5892617449664428,0.6398891966759004,0.649025069637883,0.5682119205298013,0.6174863387978142,1.07719298245614,0.8734177215189873,0.4726368159203982,0.4726368159203982,0.4781523096129838,0.494949494949495,0.6559440559440559,0.5999999999999999,0.5578947368421052,0.5786666666666667,0.6241426611796983,0.4527607361963188,0.4617283950617283,0.4439024390243904,0.4545454545454543,0.5179487179487179,0.4911838790931988,0.5786666666666667,0.7463126843657817,0.9096774193548388,0.8215384615384616
MQVM-L,25.0,1.063736135184598,4.81330001972699e-07,0.0522251204638469,0.004912631602174,0.1597742615345855,0.2135916478642555,-172.2557,-0.5067625963443282,-0.0296923132348981,0.0317913617832313,-0.0239227765452384,1.0,0.4397301897447606,1.0873533419481218,1.9500129567808745e-08,0.5702835807544134,3.5578077080211046e-08,-0.1064037485357282,-0.120281638162294,6.131148619239603e-07,1.0352345948823496,3.0,1.873772498011232,0.4567655804901407,0.1675010308540499,-0.0259482005254056,0.0058564134688153,-0.0193288284986276,-0.0453740185485525,-0.0741757428689267,1.979481306306443,0.020387359836901,0.0851769911504425,0.0605405405405405,0.0102986611740474,-0.0372914622178605,0.1059751972942504,0.0469583778014943,0.0304621848739496,0.1514084507042254,0.1473684210526316,0.1173120728929386,0.0674646354733408,0.0480769230769231,0.0208116545265348,0.1275862068965518,0.0960893854748605,0.09,0.206642066420664,0.22625,0.2560819462227914,0.2890932982917213,0.3493810178817058,0.4176300578034684,0.5046012269938651,0.6432160804020102,0.4576523031203565,0.4619970193740685,0.5797101449275364,0.5400313971742543,0.4796380090497738,0.6241721854304636,0.5,0.5522151898734178,0.6459731543624161,0.7301587301587302,0.4426470588235296,0.4576523031203565,0.5138888888888888,0.535211267605634,0.535211267605634,0.4663677130044843,0.3221024258760108,0.2773437500000002,0.1185860889395669,0.2293233082706767,0.2790091264667536,0.3150134048257373,0.248091603053435,0.2126081582200247
MQWC-L,13.0,0.0378855205556103,4.853428345694888e-07,0.0526605195973098,0.0543086387555037,0.0519047233904885,0.1174342569546615,-26.2,0.2711822671037923,0.0501320960575423,-0.0014976465554129,0.0081180811808118,1.0,0.5428571428571429,0.1236568309739041,9.24567785951288e-08,-0.0394262917319412,3.003866845971369e-09,0.0569395017793592,0.0006583061782034,1.8374587596258203e-06,0.0174182626608742,2.0,0.7632683944771341,-0.1676190476190475,0.0276622961304764,-0.0276622961304764,-0.0276622961304764,0.0043336526280011,0.0204938993205231,-0.0276622961304764,-0.3406199257771333,-0.1009615384615385,0.0788381742738588,-0.0458715596330274,-0.0085795996186844,-0.0298507462686566,-0.0225563909774436,-0.1072961373390557,-0.0545454545454545,0.0590631364562117,0.0048309178743961,-0.1156462585034012,-0.0924956369982548,-0.0028763183125598,0.0766045548654243,0.1087420042643922,0.1764705882352941,0.1504424778761064,0.2206572769953052,0.1738148984198646,0.3316261203585149,0.4772727272727273,0.4484679665738162,0.5204678362573101,0.4857142857142857,0.5476190476190477,0.71334431630972,0.6855753646677472,0.7077175697865354,0.843971631205674,1.0594059405940597,0.5757575757575759,0.6938110749185669,0.6855753646677472,0.7747440273037542,0.8213660245183889,0.6586921850079746,0.672025723472669,0.830985915492958,0.99616122840691,0.9847328244274808,0.7747440273037542,0.8840579710144929,0.7333333333333334,0.992337164750958,1.0553359683794468,1.113821138211382,1.08,1.2608695652173916,1.2958057395143483
MQWF-L,5.0,0.1095086403276651,2.793526157601572e-07,0.0303102319617975,0.2284067120906248,0.0889441194372156,3.946969576792659,25.2115,0.0439867017143298,-0.0001384329876608,0.0007024551876481,0.0128576889751106,1.0,0.1465974590531146,0.1113051996639004,3.9314949955528734e-08,0.0918259052071362,1.6529215480621285e-06,0.0092357841361825,0.0616028900803055,7.396562762038355e-07,0.1082123417758611,3.0,1.653243128584234,-0.1085244678032604,-0.0487570516042622,0.0002698702582724,0.0441194117423357,0.0148937489284577,0.0572502599329087,0.1625810261648883,0.1708330065976659,-0.0066390041493775,-0.1054194506310318,-0.1591067690160503,-0.1447835344215756,-0.128705712219812,-0.1152716593245226,-0.167817679558011,-0.1520056298381421,-0.0815548780487803,-0.0836501901140684,-0.1836043360433603,-0.1929002009377093,-0.1472045293701345,-0.1531974701335208,-0.1723901098901098,-0.1561624649859945,-0.1210795040116702,-0.1274438812454742,-0.1966666666666666,-0.1549789621318372,-0.1318443804034582,-0.1217201166180756,-0.0436507936507936,-0.0024834437086092,0.0177364864864864,-0.0878122634367902,-0.1484098939929329,-0.1229985443959243,-0.1107011070110701,-0.093984962406015,-0.0526729559748427,-0.0057755775577558,-0.0171288743882543,0.0378983634797589,0.1230195712954334,0.0644876325088339,0.0117548278757346,0.1476190476190475,0.2013958125623132,0.2567793074676681,0.193069306930693,0.1699029126213591,0.1487130600571973,0.4358913250714966,0.4731051344743278,0.5604765604765605,0.7019774011299436,0.6957500703630735,0.7209368751785206
MQWH-L,20.0,0.020370214673929,6.589418200774869e-07,0.07149630355717,0.1235511052091374,0.0568147473325395,0.920422914548536,18.62209999999999,0.4577591727625089,0.0011919874835298,0.0015171733674842,0.0296844241793388,1.0,0.4182407162543901,0.1232788030013045,8.714768464822449e-08,-0.0153322183044707,1.8700084626987536e-06,0.0961146151272971,0.0113147071144094,3.426746893739358e-06,0.0017096294728118,4.0,1.8229043770528737,-0.0853064691897962,-0.0023553206033758,0.1560730429053154,-0.0199993504886414,0.0068419552884682,0.0436872364601204,0.1199181735430639,1.2120026832974962,-0.0944429236244183,-0.0351294241944003,-0.1438950082024842,-0.1584888274591107,-0.1338470657972732,-0.109350237717908,-0.1420854861437294,-0.1589731783124208,-0.1003570988794482,-0.077175697865353,-0.1425888980166646,-0.0963512677798391,-0.0852635532740704,-0.0709562563580874,-0.0648918469217969,-0.0875483951542399,-0.0035460992907799,0.0444603288062901,0.0275668073136428,0.1171253822629969,0.1656030631780471,0.2423057303179732,0.283781409242664,0.2905847023494083,0.4142469996128535,0.2094024168184076,0.2028317418505103,0.2172609130289904,0.2646702440713173,0.3472247833302602,0.4139732920456744,0.3410425844346549,0.375894538606403,0.4373401534526855,0.5135695048684483,0.664236902050114,0.7634564325368092,0.792883435582822,0.7741622146673144,0.7754556500607535,0.9065762004175366,1.0143369175627237,0.9140686402934242,0.8151552795031056,0.817412935323383,1.0099037138927098,1.2521578298397045,1.2308396946564888,1.3860222077073807
MQXO-L,20.0,0.0721472048894474,4.527560890913582e-07,0.0491248025193276,0.1938565781348412,0.0900883747320687,1.6757193980422231,9.994799999999998,0.5001949255140246,-0.0091231891388965,0.0005244741158831,0.0020196661145504,1.0,0.1728960481236132,0.1124787984041067,7.275885695673735e-08,0.019281167081612,9.81668640666945e-08,0.1050247501634445,0.0506864954403806,1.214823793350335e-06,0.058112166610368,5.0,0.5451670443975074,0.0584704007664152,-0.0283265273318347,-0.1838959823285506,0.0238933814502883,0.0161873945702247,0.0639780892278971,0.0540924895698998,0.5914931297070292,-0.0864036517769808,0.1040316774658027,-0.1272054638588502,-0.1079115764979639,-0.0809109979023073,-0.1063519813519813,-0.6004949850201902,-0.5762641613705444,-0.6062901155327343,-0.6397274756255139,-0.6850806037580861,-0.6749337572866985,-0.6631891060839007,-0.7037859764342282,-0.698989105898518,-0.6591085917528064,-0.6714163274051854,-0.6659405293541009,-0.6471468016566958,-0.6023596525346817,-0.5674188998589562,-0.5447528573549058,-0.5576229626424347,-0.5265514047545539,-0.5117019582868969,-0.4924706271719344,-0.5288062682439698,-0.5271353684859698,-0.5224229212083462,-0.4666086956521739,-0.4207743153918791,-0.4382783882783883,-0.4349668386145909,-0.3225093881157499,-0.3241516086381666,-0.4351749539594842,-0.4662373825269752,-0.4364204336640941,-0.3602419691280767,-0.3826489533011271,-0.4340284185274035,-0.4990199281280627,-0.5378239903556359,-0.5482397996759464,-0.5895342612419701,-0.5626069594980034,-0.4960565231679263,-0.4659585582448198,-0.4419577874818049
MQYK-L,25.0,0.0280339045193106,1.2662358915878466e-07,0.0137388738916741,0.0312842885750494,0.0033972974690364,0.0167080259230899,-2.9229000000000003,0.2841346871767544,-0.0163661370400807,5.30062590381748e-06,0.0028265645226866,1.0,0.5000141582896787,0.129432482438413,2.9486634309553723e-08,-0.0397921536226923,1.1608518342946396e-10,0.0596590909090908,-1.2231480278053788e-05,9.252121044799356e-06,0.026772312151941,2.0,0.3232605290865772,0.2500353957241966,-0.0638055328384919,0.0638055328384919,0.0638055328384919,0.0004586937899218,0.0402050439786546,0.0638055328384919,0.297146368074282,-0.0920392063112599,0.011608222490931,0.1603328710124827,0.1829751131221719,0.198567335243553,0.0819968960165546,0.109254839565102,0.2163419598720557,0.1302350716022697,0.0072236937153864,0.0552472250252269,0.3572355613238156,0.3471819645732688,0.4218218898708361,0.3129315756434401,0.3002797637550511,0.3411349791599871,0.2375739644970413,0.288266091777025,0.3476159793814433,0.3860172299536115,0.1671316964285711,0.1539310344827584,0.2839165131982812,0.397127588510354,0.3493548387096774,0.341565105837075,0.5244169096209912,0.5538632986627041,0.4409231829142266,0.4933952159942876,0.5625700410907732,0.332589996814272,0.4838595246541326,0.5631539611360237,0.4088918827888177,0.4295967190704031,0.6026819923371647,0.5463955637707947,0.6901010101010101,0.5216442342670062,0.7845563139931739,0.5515578635014835,0.3869363395225462,0.776220806794055,0.7754668930390494,0.9135407136322048,1.0110576923076922,0.96939736346516
MQYR-L,32.0,-0.1779985283296541,2.5482155675609665e-06,0.2764857051052263,0.0694170933438361,-0.3084365608737081,1.5722547015214483,0.0135,-0.638890539342854,-0.1235661925475718,-0.0001361748485054,0.1017002027764779,1.0,2.114035087719298,-0.3601823708206687,-1.4193742294371657e-06,-0.0260894148055409,1.392756980749376e-12,-0.1341463414634146,-0.0030905077262693,4.124356502935968e-06,-0.0021965148630838,2.0,0.000464502704297,0.1154456492991269,-1.427486261689615,-0.1851897946484132,0.8148102053515868,-0.0139751552795031,-0.0394835798445725,-0.1851897946484132,1.6536866802719628,0.0,-0.5,-0.5,-0.5,-0.5,-0.5,-0.5,-0.5,0.0,-0.5,-0.5,-0.5,-0.6666666666666666,-0.5,-0.5,-0.5,-0.6666666666666666,-0.6666666666666666,-0.5,-0.6666666666666666,-0.6666666666666666,-0.6666666666666666,-0.6666666666666666,-0.6666666666666666,-0.6666666666666666,-0.75,-0.75,-0.75,-0.75,-0.75,-0.8333333333333333,-0.8333333333333333,-0.8571428571428572,-0.8333333333333333,-0.8333333333333333,-0.8571428571428572,-0.8571428571428572,-0.8571428571428572,-0.8333333333333333,-0.8571428571428572,-0.8571428571428572,-0.8571428571428572,-0.875,-0.8571428571428572,-0.8571428571428572,-0.8571428571428572,-0.875,-0.8571428571428572,-0.8571428571428572
MQYW-L^H19,21.0,0.0970430974259765,2.872904078859908e-07,0.0311714958520383,0.0821857836504019,0.0931286091588701,0.3488314871694711,2.12,1.5266039165522662,-0.0754524885127648,0.0009157881194688,0.0066704273498824,1.0,7.339691856199559,0.3367149079668399,3.2614379771361454e-08,0.1607445442053078,8.078811415853038e-11,0.3205374280230325,-0.0030126551668547,6.787897988414392e-07,0.0124862615088017,2.0,0.0931015576438531,-0.11058947380357,0.0134867469318075,0.8475777664456909,-0.0210609901349056,0.0251261348660762,0.1133259100105076,-0.152422233554309,0.377285553721307,-0.0073529411764705,0.0,-0.0354609929078012,-0.0933333333333332,-0.111111111111111,-0.0555555555555554,-0.1081967213114752,-0.081081081081081,-0.0933333333333332,-0.1140065146579804,-0.1831831831831831,-0.1681957186544341,-0.1337579617834394,-0.1168831168831168,-0.081081081081081,-0.1140065146579804,-0.0993377483443708,-0.0354609929078012,-0.0684931506849314,-0.0779661016949152,-0.0456140350877192,-0.0250896057347669,0.0303030303030302,-0.0388692579505299,0.0967741935483872,0.0625,-0.0180505415162454,0.0111524163568774,0.0,0.0461538461538462,0.0708661417322835,0.0342205323193918,0.088,0.1476793248945147,0.2252252252252251,0.2420091324200914,0.198237885462555,0.2142857142857142,0.2420091324200914,0.3333333333333335,0.2769953051643194,0.2769953051643194,0.2363636363636363,0.1877729257641922,0.2035398230088496,0.2252252252252251,0.2890995260663509,0.2142857142857142,0.4166666666666667
MQZB-L,18.0,-0.154538441550409,1.8852147253092818e-07,0.0204548990767211,0.1041254225653546,0.2591144969582276,0.8222551716230421,222.7287,-0.9557941989770856,0.059049782423578,0.0030634566191146,0.048860251212214,1.0,0.2257123468288537,-0.1609496822547101,4.9856116350282015e-08,-0.2214596509872249,1.2240982081368084e-06,-0.2006858563230736,-0.0177282011055218,2.15165195076403e-07,-0.116516615423228,2.0,13.270956801700091,-0.0344740371248717,0.1221296704239033,-0.0118767540015119,0.3586180174886297,0.0332384427425281,0.0716969105788221,-0.1064762157996884,0.5477359664704491,0.0148787706008526,0.0549969923519806,-0.1119282424710053,-0.1163175699992802,-0.0987593902170456,-0.1172706356054069,-0.1465019813222718,-0.127124066832563,0.0787592993966375,0.0789489102413874,0.0318540931248949,0.0623305451398903,0.1161585550639432,0.0562980383159343,0.2301603206412825,0.2587061276101294,0.3963301361034235,0.3927396483267158,0.4252379846761085,0.5325177880414429,0.7777295105705184,0.8273877449764326,0.9513112582781458,1.026799471714726,1.1711270926668242,1.0353116710875332,1.3344742346453695,1.5667990800752665,1.5278654770075502,1.9688054167338385,2.2544844039939917,2.137223168654174,2.000244379276637,1.9347410358565733,2.096863701336921,2.153609041870023,2.2234377734990374,2.0797725562337988,2.499049971499145,2.441506260512054,1.9820257469030849,2.14204060740488,2.236467486818981,1.9410684340812905,1.806385248399878,1.789382005452893,1.742442293373045,1.9808190352865005,1.81561042733736
MQZR-L,5.0,0.5034931513201124,7.666258939017497e-07,0.0831802079563578,0.3637679162379491,0.949280858873477,1.0912647105348277,158.1541,1.1917205203040488,-0.7753622483635486,-0.0006074713236536,-0.0507493304246773,1.0,0.3430945249961543,0.4758672097625034,2.2303791634432522e-07,-0.1999611241460916,3.4393332911432558e-09,0.2502227502227502,0.1809172740503527,4.951151239005592e-07,0.5483695574446751,4.0,0.3504249152793793,1.7916455211021045,0.7438988294841486,1.343374484795632,1.362205704798478,0.1305888601234166,0.2291397781013352,1.5340065121463096,-0.1484259454050224,-0.1785714285714286,-0.0476190476190476,-0.1411042944785275,-0.0909090909090909,-0.1515151515151515,0.0,-0.054054054054054,0.0294117647058822,0.2499999999999997,0.4432989690721649,0.5053763440860213,0.6091954022988504,0.5384615384615383,0.5053763440860213,0.4141414141414141,0.1666666666666667,0.6091954022988504,0.9444444444444444,0.917808219178082,1.1538461538461535,1.0588235294117645,0.7948717948717947,0.6867469879518071,0.6867469879518071,0.917808219178082,0.9444444444444444,0.7499999999999998,0.7721518987341771,0.7948717948717947,0.6470588235294117,0.9444444444444444,0.7948717948717947,1.641509433962264,1.641509433962264,1.8571428571428568,2.043478260869565,1.121212121212121,1.08955223880597,0.971830985915493,0.8918918918918919,1.08955223880597,0.6470588235294117,0.5384615384615383,0.1382113821138211,0.6470588235294117,0.1023622047244092,-0.0909090909090909,-0.020979020979021,-0.0277777777777777
MRDW-L,25.0,0.0757816994288452,8.83497591714453e-07,0.0958609851197746,0.0026372895889661,0.1443535709407989,0.1872886394227308,-9.424500000000023,-0.1509770150608478,0.0660472703901492,-0.0035460744835522,0.00035309553095,1.0,1.7286685902720529,0.1515754013328264,1.6564885670289993e-07,0.0103748801758985,7.4061455500070885e-09,-0.0317002881844381,-0.0002290178889578,1.1644316528355549e-06,0.0246106173293741,2.0,1.1168356555465802,0.326506405187411,-0.0868156896400616,0.1258973441721259,0.0868156896400616,0.0273128480554769,0.0658064752362676,0.0868156896400616,0.1923718255488538,0.0528602461984069,0.047005307050796,0.0058266569555718,-0.0212615166548546,0.0072939460247993,0.1273469387755101,0.1489184692179701,0.1703389830508475,0.1894918173987942,0.2135325131810193,0.1470099667774087,0.1101286173633442,0.152754590984975,0.1460580912863069,0.1753191489361703,0.1432119205298012,0.1693480101608806,0.2221238938053096,0.1905172413793103,0.3016022620169651,0.3215311004784691,0.2623400365630715,0.2509057971014494,0.254314259763851,0.3355899419729207,0.2588878760255242,0.1843910806174957,0.2188879082082966,0.204010462074978,0.2611872146118723,0.4675876726886292,0.2588878760255242,0.241906474820144,0.2588878760255242,0.3215311004784691,0.4251805985552117,0.4629237288135595,0.4149590163934427,0.50764192139738,0.5293466223698784,0.4962080173347778,0.5430167597765365,0.47228144989339,0.3473170731707318,0.3512720156555773,0.2396768402154399,0.3525954946131242,0.378243512974052,0.3446932814021421
MRDX-L,25.0,0.2278893261389393,5.836752314018531e-07,0.0633297512035298,0.2040692743985097,0.0605959615333949,0.8661536130331634,32.40989999999999,0.368990368133391,-0.0040544732638535,0.0005115030197708,0.0460647072526349,1.0,0.1129978313897202,0.3371563020468548,3.9478947813408894e-08,-0.0116832528812543,6.96086922337748e-08,0.0774760383386581,0.0515241355312773,1.0973226583926295e-06,0.1772112430989651,5.0,0.8255542331272782,-0.0642318324743437,-0.005547863339961,-0.1386512100395597,0.0102959348681541,0.0218241507498644,0.0763157822928174,0.0322363155345074,0.541573586028916,-0.1624349954114408,0.0623984400389989,-0.1692503176620077,-0.0977090808722053,-0.0728871242200793,0.0548564052920297,0.0528180354267309,0.0785219399538106,0.019014962593516,-0.0090936647468931,-0.0354086751254058,-0.0954620918649696,-0.0911871003614123,-0.1475880052151239,-0.1280341424379836,-0.0718341851220897,-0.0715705765407556,-0.1458061144499609,-0.1851944167497508,-0.1475880052151239,-0.0308330862733471,0.0061557402277623,0.0149022042843836,0.0792340706503795,0.1130405175348994,0.119904076738609,0.1763224181360201,0.2744639376218323,0.2956797463337295,0.3425051334702256,0.4206866579747934,0.4084446359327873,0.3904721395150998,0.4200695047784535,0.5633668101386895,0.5618729096989965,0.5923039454456891,0.7863387978142073,0.8458498023715413,0.9669073405535498,1.1158576051779936,1.078194532739987,0.936611374407583,0.9206815511163337,0.8221850613154957,0.9105786090005844,1.0191476219888815,0.970464135021097,0.8626780626780626
MRHP-L,18.0,0.0510988234067689,6.286096454886452e-07,0.0682052112393415,0.0603890475082473,0.1150510355304615,1.0449011444033072,-53.6332,0.328757139091456,-0.0125235637649368,-0.0022746811602528,0.0529835527352708,1.0,0.100216457163389,0.1024104073101387,6.476584090966909e-08,0.0042284305618052,2.577851408397158e-07,0.0690283620171609,0.0495117317402446,1.3654965664004657e-06,-0.0063473904567071,4.0,1.2595795970096526,0.1258462210731719,-0.4528297095470885,-0.1520932022816613,1.135328500938192,0.0007565871722863,0.0026274835917095,0.1353285009381918,0.8038046474670847,0.0671641791044774,0.072,0.0151515151515151,-0.0074074074074074,-0.0289855072463767,0.0387596899224806,0.0551181102362206,-0.0945945945945945,-0.0147058823529412,0.046875,-0.0147058823529412,-0.021897810218978,-0.0289855072463767,0.0229007633587785,0.0387596899224806,0.0229007633587785,0.0387596899224806,0.0551181102362206,0.046875,0.1652173913043479,0.1166666666666667,0.1754385964912281,0.2641509433962263,0.2523364485981307,0.4408602150537635,0.1964285714285714,0.2523364485981307,0.3267326732673268,0.2407407407407407,0.3535353535353536,0.3535353535353536,0.3673469387755104,0.4888888888888889,0.5952380952380953,0.5952380952380953,0.4565217391304348,0.4255319148936172,0.4888888888888889,0.5952380952380953,0.6962025316455696,0.6144578313253013,0.7179487179487181,0.6144578313253013,0.7631578947368423,0.887323943661972,1.0,1.126984126984127,1.0615384615384618,1.0303030303030305
MRYI-L,30.0,0.0935938209904588,8.366130351020675e-07,0.0907739313168937,0.0415817366490012,0.3291005291005291,1.3536696246556414,19.0,0.2164835711822885,0.0062230164564633,0.0015901862789641,-0.0020318286457812,1.0,0.2,0.2008097165991902,1.7375375240150826e-07,0.0147569444444418,2.994560751292852e-08,0.0454545454545452,0.0799636528850522,5.212612572045248e-07,-0.0434782608695652,3.0,0.4983779732070361,0.6000000000000001,0.0030786536810633,0.0709681604538565,0.108433734939759,0.0311591192355629,0.0505731625084288,0.1566265060240964,0.3865761070765627,0.0207900207900209,-0.1286231884057971,-0.1678200692041523,-0.1348920863309353,-0.0890151515151516,-0.0820610687022902,-0.2101806239737275,-0.2340764331210192,-0.1929530201342282,-0.1692573402417962,-0.2088815789473684,-0.2645259938837921,-0.2036423841059603,-0.2756024096385542,-0.2140522875816994,-0.2191558441558442,-0.1847457627118645,-0.119047619047619,-0.1348920863309353,-0.1649305555555555,-0.0512820512820514,-0.0360721442885773,0.0688888888888887,0.1212121212121211,0.1562499999999997,0.2396907216494845,0.1876543209876542,0.2591623036649213,0.4664634146341462,0.4487951807228916,0.1789215686274508,0.2558746736292427,0.193548387096774,0.108294930875576,0.0688888888888887,0.0234042553191489,0.0502183406113536,0.0212314225053078,0.0411255411255411,0.0190677966101695,0.0366379310344826,0.0548245614035087,0.0981735159817351,0.2860962566844918,0.336111111111111,0.3178082191780822,0.7302158273381294,0.6249999999999998,0.7056737588652482
MRYM-L,21.0,-0.0913051589216136,2.9966986841370325e-06,0.3251468828693231,0.0100998310205924,0.0422743278165309,0.2615976495573979,-27.4259,-0.6456731478752307,-0.0045823499085306,0.0007851266726675,-2.1036479462059736,1.0,0.0765774004230828,-0.079610549052889,1.729509518878084e-07,-0.0900723666556719,6.276699498638023e-08,-0.1355704697986577,-0.0208410807438493,9.2709587225537e-06,-0.0943112568805438,2.0,0.2486860707092859,0.1494590070472943,0.1459702710857164,0.0638873680112943,-0.0913930438790037,0.0007696423072817,0.0032405638753785,-0.0864050848931605,-0.1497201684921062,-0.1248915871639201,0.0539305301645338,0.2740331491712706,-0.2015235457063712,-0.0423588039867109,-0.1304675716440422,-0.1693083573487033,-0.192011212333567,-0.1897399859451862,-0.2246133154001345,-0.2798251093066835,-0.4016606123508044,-0.2374338624338624,-0.2873918417799753,-0.2711757269279393,-0.3276967930029154,-0.3774298056155507,-0.340011448196909,-0.3518830803822372,-0.4519961977186312,-0.4538133585978209,-0.4475323430761859,-0.3794402583423035,-0.3016353725015143,-0.305421686746988,-0.4237881059470265,-0.4197282335178661,-0.4235,-0.4317397732873337,-0.3573021181716834,-0.2757537688442211,-0.326125073056692,-0.3456299659477867,-0.1103395061728396,-0.2037292817679559,-0.2702531645569621,-0.1490774907749078,0.0434389140271491,0.0960076045627376,0.1898864809081526,-0.0716586151368761,-0.0228813559322035,-0.0820063694267516,-0.1027237354085603,-0.2091906721536351,-0.2429415627051872,-0.2887106724244295,-0.267936507936508,-0.3834224598930481
MSBY-L,30.0,0.0058873358746293,7.995204241658044e-07,0.0867493202049215,0.2454419133437197,0.0366006070344581,6.015534062836458,1.1025,-0.1814338501337277,-0.0165632372918421,-0.0060030109145652,8.310424257682749e-05,1.0,2.8115942028985508,-0.0869383780776185,5.1279417820506346e-08,-0.0420194683164762,6.023626328842476e-11,-0.038095238095238,-0.0425243540872511,2.093199038587652e-06,0.0465257901467632,2.0,0.0023082419274086,-0.2332015810276679,0.0018293523996944,1.027405595657102,-0.1083086900571837,-0.0069421623397962,-0.0218543902754429,0.0274055956571019,-0.2474638025110062,0.0,-0.2,-0.2,-0.4285714285714286,-0.3846153846153846,-0.4285714285714286,-0.4285714285714286,-0.3846153846153846,-0.3333333333333332,-0.2727272727272727,-0.2727272727272727,-0.111111111111111,0.0,0.0,-0.2727272727272727,-0.2,-0.2,-0.2,-0.2727272727272727,-0.3333333333333332,-0.3333333333333332,-0.2,-0.111111111111111,-0.2,-0.2,-0.111111111111111,0.0,-0.111111111111111,-0.111111111111111,0.1428571428571428,0.0,-0.111111111111111,-0.2727272727272727,-0.2727272727272727,-0.3846153846153846,-0.3333333333333332,-0.3333333333333332,0.0,0.0,0.0,-0.111111111111111,-0.111111111111111,0.0,-0.111111111111111,-0.111111111111111,-0.3333333333333332,-0.3333333333333332,-0.5,-0.5
MSPT-L,8.0,-0.0682778219428197,6.040041520546006e-07,0.0655354735263405,0.2652123742290934,0.3442144751145473,0.6525216133336613,6.741500000000002,0.7124020317750845,0.0236148248504176,-0.0024649864984944,0.0170328506352303,1.0,2.326086233743205,-0.0145732404573243,1.0351104816845125e-07,-0.0101152897136949,5.800727031071668e-09,0.1495813763528689,0.0016223438544597,3.867446382364849e-07,-0.141360354427631,2.0,0.5818061661014959,0.0034088404607304,-0.0002195651355657,0.0002195651355657,0.0002195651355657,0.0389781322481937,0.0639358841089315,0.0002195651355657,0.0302872537617596,-0.1133333333333332,-0.0445859872611464,-0.1525423728813559,-0.1379310344827585,-0.1891891891891892,-0.1428571428571429,-0.1891891891891892,-0.1847826086956522,-0.127906976744186,-0.0853658536585365,-0.3055555555555556,-0.2753623188405796,-0.2346938775510204,-0.2268041237113401,-0.1071428571428571,-0.1124260355029586,-0.1124260355029586,-0.0322580645161291,-0.0506329113924051,-0.0259740259740259,0.0344827586206897,0.0416666666666667,0.0948905109489051,0.2711864406779662,0.3043478260869565,0.1999999999999999,0.2931034482758621,0.3392857142857142,0.3043478260869565,0.2711864406779662,0.1450381679389312,0.0135135135135135,-0.0131578947368421,-0.0445859872611464,-0.0683229813664596,-0.1477272727272727,-0.0909090909090908,-0.0909090909090908,-0.0131578947368421,0.0,-0.1017964071856286,-0.0566037735849057,-0.180327868852459,-0.2268041237113401,-0.2647058823529412,-0.2227979274611399,-0.1573033707865169,-0.0625,0.0714285714285714
MSPW-L,24.0,0.0473983592747615,3.094974548522921e-07,0.0335809980609349,0.0063527478416671,0.0901858134198997,1.2641482267003292,-71.7056,-0.0097676935258904,-0.0626672063817635,-0.0018820200178239,0.0031737785222412,1.0,0.2397118540426368,0.0013480070618407,1.6420243493930953e-08,0.0026066234351396,4.4729493241089433e-07,-0.0020508995991423,0.0165271461246647,3.260668097381805e-07,0.0951982259201633,5.0,4.16172307625104,0.1453054805648777,-0.0093301913943814,-0.0939215612843945,-0.0418004208133216,0.0156278854444644,0.0332974231976077,0.0789350033210754,1.5269419289175823,-0.0507442489851149,-0.0346178967994775,-0.0415045395590143,-0.0739348370927319,-0.023778071334214,-0.0774032459425717,-0.0910209102091021,-0.0314547837483617,-0.0352480417754569,-0.0848297213622291,-0.0615873015873016,-0.0421257290991574,-0.0198938992042441,-0.0621827411167512,-0.1376896149358226,-0.1191895113230037,-0.0899014778325122,-0.1275088547815821,-0.154462242562929,-0.1207614515169541,-0.098780487804878,-0.071608040201005,-0.0192435301924354,-0.0211920529801324,0.0027137042062415,-0.0179401993355482,-0.0663297536323437,-0.0352480417754569,-0.0904615384615384,-0.0525641025641026,0.0285316631871954,0.0179063360881541,0.0883652430044181,0.0587392550143266,0.0158075601374569,0.0328441649196364,0.0430486944248411,0.132567049808429,0.2546689303904923,0.2204789430222955,0.1316998468606431,0.1948261924009702,-0.6164028030106411,-0.6129876931133804,-0.6311454953830796,-0.617791569692268,-0.5911479944674966,-0.5661872615203992,-0.572337962962963
MSQE-L,20.0,-0.0307585743644552,2.661055931591294e-06,0.2887290757252079,0.0569005060578624,0.0013417400790118,0.0351275249894377,-25.5805,0.0513370647243924,-0.0529625328187066,-0.0001320031079575,0.100980634815831,1.0,0.1558444093135819,-0.0507655249723887,4.0318528298108774e-09,0.000953452224353,1.7589108021743891e-09,0.0107791225416034,0.0012373405294312,2.665087874187393e-05,-0.0287144996205998,2.0,0.1879231565733849,-0.0011801738565456,0.0309881657014209,-0.0309881657014209,-0.0309881657014209,-0.0012255148324994,-0.0134992317609502,-0.0309881657014209,6.536139995887346,-0.0754716981132076,-0.064705882352941,-0.1497326203208556,-0.1542553191489361,-0.1587301587301586,-0.064705882352941,0.0258064516129032,0.0392156862745098,-0.1016949152542372,-0.1215469613259668,-0.163157894736842,-0.1969696969696969,-0.1804123711340205,-0.0809248554913294,-0.0701754385964911,-0.0062499999999999,-0.1263736263736263,-0.3402489626556016,-0.345679012345679,-0.2318840579710144,-0.2281553398058252,-0.3262711864406779,-0.3116883116883117,-0.3291139240506329,-0.2464454976303316,-0.2869955156950672,-0.1451612903225806,-0.0701754385964911,-0.1067415730337077,0.1521739130434785,-0.0479041916167664,-0.2772727272727273,-0.2570093457943925,-0.2318840579710144,-0.4554794520547944,-0.5391304347826087,-0.4984227129337539,-0.5,-0.533724340175953,-0.5444126074498568,-0.552112676056338,-0.5210843373493975,-0.4664429530201341,78.5,78.5,78.5,78.5,78.5,78.5
MSQY-L,19.0,-0.0042402724016357,9.846906923787692e-07,0.1068406079370613,0.227689749767681,0.0808236085872151,0.9718341277133964,-72.56060000000001,0.3943208956940455,-0.0333592906171559,0.0022718934545926,0.4529982326347573,1.0,0.1206821214388735,-0.0405360514320157,3.249602544577e-08,0.012138080347857,9.09571455285008e-08,0.0827946295375434,0.1311852198068151,2.5052592421983816e-06,0.0075986205299076,4.0,0.411921833380966,-0.0034662020467045,-0.0413459781271484,-0.0675281744106228,-0.0177716237545279,-0.0034490093907284,-0.0128747266321096,0.0613285893493229,7.581995651419216,-0.1813988095238096,-0.0878240803583547,-0.1447117220313095,0.0146459308470481,-0.0870805597065615,-0.2923336141533276,-0.5063542202306619,-0.4739314232033818,-0.3161697364404192,-0.4026135656502799,-0.3287383877734492,-0.2408495255309534,-0.0901705930138099,-0.0045919123092875,0.2807318467695827,0.2844036697247707,0.3881429456723819,0.6892911010558069,0.7782482138131781,0.7987152034261242,0.9047619047619048,0.4840989399293287,0.4246343014627942,0.4000000000000001,0.3378459088194308,0.7160367722165477,1.134010797078438,1.5102726933134107,1.4962852897473995,1.6592797783933522,1.9268292682926829,1.4714968738506804,2.4355828220858897,3.2911877394636013,3.507042253521127,2.115438108484005,2.0393487109905024,1.617841838722244,1.775712515489467,0.8739542665923035,0.5912858157707792,0.3469633193024655,0.2638706037239045,0.2391665130001845,0.0705751155010354,-0.002967359050445,0.2316715542521994,0.1409168081494058,0.0992965810567643
MSSM-L,23.0,0.0232223973301195,1.3054832510584488e-06,0.1416471438942823,0.0454360135900339,0.1269582540976184,0.137944309850245,4.600000000000001,-0.2721507752005919,-0.0354198072004659,0.0024177195445328,-0.1242534214114033,1.0,0.5012531328320802,0.0932294203604481,1.6193483206855826e-07,0.0063689889802743,4.1416991217325006e-10,-0.057142857142857,-0.0007750069528135,1.2616259007065475e-06,-0.0352281825460367,2.0,0.241680313455354,-0.0909090909090909,0.0520570948782534,0.9479429051217464,-0.0520570948782534,0.0174444845640007,0.0364588246391849,-0.0520570948782534,0.1437471898799622,-0.0186046511627907,-0.0092165898617511,-0.0092165898617511,-0.0692640692640693,-0.0137614678899083,-0.0652173913043477,-0.0772532188841202,-0.14,-0.0889830508474576,-0.0271493212669683,-0.0889830508474576,-0.1330645161290322,-0.0358744394618834,-0.0358744394618834,0.053921568627451,0.0046728971962615,0.0141509433962263,0.0591133004926109,0.1025641025641026,-0.8891752577319587,-0.8757225433526011,-0.8735294117647059,-0.8639240506329114,-0.8593852190974494,-0.8623559539052497,-0.8578042328042328,-0.8637515842839036,-0.8620910840282232,-0.8407407407407408,-0.8452123830093593,-0.8655409631019387,-0.8640960809102403,-0.8517241379310345,-0.8541383989145184,-0.8647798742138365,-0.8818681318681318,-0.8792134831460674,-0.8781869688385269,-0.8875523012552301,-0.8831521739130435,-0.8886010362694301,-0.8844086021505376,-0.8930348258706468,-0.8832790445168296,-0.875,-0.8707155742633794,-0.8617363344051447,-0.8593852190974494,-0.8517241379310345
MTPN-L,22.0,0.0370099356488551,2.665288169488269e-07,0.0289188280705357,0.0827695361687008,0.1412410913091656,1.811868563837972,13.146899999999988,0.3877556357789194,0.0053110252786389,-0.0004062306716636,0.0331741061758057,1.0,0.0943475199232535,0.0251621477780143,4.1818606472857856e-08,-0.0138407983699658,2.476647803794111e-07,0.08141613737944,0.042915053987176,4.164483156107851e-07,0.0447413858263735,4.0,1.9026821922250847,0.0789884404489692,0.1420110658345476,-0.0979470584829045,-0.1222015320702731,0.0168831313427424,0.0433797275601843,0.004742043458948,0.443528504257609,-0.07880245963494,-0.106237061769616,-0.0751471848309792,-0.0380701174373643,0.0311325115562404,-0.0032915558931508,0.0061720042098931,0.0118389718389719,-0.0408894494328075,-0.0598280391688559,-0.0763917162948291,-0.1222389821615949,-0.0322694932901433,0.1340535502457212,0.1657506684899532,0.2133500140516921,0.2680100803395484,0.2568174135146301,0.1871019814450181,0.3021325861498649,0.2685989971849143,0.2659112620238919,0.3623741615007991,0.3780566910000722,0.3939012070527707,0.276718940781441,0.3045313215786036,0.3848294843142124,0.3444060509874038,0.5021267999236823,0.6112221312659509,0.6508294788775826,0.7186645264847513,0.7497614098390661,0.8220567414506645,0.8014563368149026,0.9916815476190476,0.7117406317943473,0.7979473677140287,0.7940431349945714,0.9578560875352906,0.7739267584726108,0.8168379328600326,0.7855227524379995,0.8709077692974365,1.0167407519023586,1.1100583320195492,1.035480731210269,0.9578847279110592
MTRP-L,16.0,0.1807017713653861,2.631625299650163e-07,0.0285535802311638,0.1014979082155946,0.2015133492884678,0.7762512427280088,-3.6475,0.5772895231527717,-0.058950296502582,-0.0199662712286805,0.0758748304055478,1.0,0.0119250425894378,0.1070897258863111,3.143092450570703e-08,0.1179514633395374,2.4910186076370903e-11,0.1212121212121212,0.0863954976687466,1.793109148907303e-07,0.3083844716079196,3.0,0.0620136890536812,-0.6030421027013871,-0.0298231598415786,-281.98557156885533,-0.2423913867038443,0.0320499991104943,0.0534892826590807,0.0477617644777197,0.2577840084483549,-0.0532150776053215,-0.1042701092353526,-0.168663594470046,-0.2766639935846031,-0.1015936254980079,0.0512820512820513,-0.0352941176470588,-0.1450236966824645,-0.1384909264565426,-0.2368866328257192,-0.376210235131397,-0.413142485361093,-0.2812749003984064,-0.3391941391941392,-0.4543254688445252,-0.4442390634627233,-0.5124324324324325,-0.5804651162790697,-0.5808550185873607,-0.5357694287184767,-0.5761278195488722,-0.577121425222691,-0.4158031088082902,-0.4425216316440049,-0.429113924050633,-0.5068343357025697,-0.4958077138065959,-0.2725806451612903,-0.2381756756756756,-0.1156862745098039,-0.0916414904330312,-0.1546391752577319,-0.0720164609053498,-0.088888888888889,-0.071060762100927,-0.0564853556485356,0.0959902794653704,0.1461245235069885,-0.0805300713557595,-0.0574712643678161,-0.0195652173913043,0.0674556213017751,0.0699881376037958,1.9190938511326865,1.938110749185668,1.938110749185668,1.8634920634920635,1.8012422360248443,1.6765578635014835
MUUZ-L,22.0,-0.0007082229637192,1.7084301787630376e-06,0.1853675680391765,0.0262288119310826,0.1964503486990371,0.6571678232992192,38.974700000000006,-0.521159477680046,0.0047974327203358,0.0020001840211122,0.0527197763193427,1.0,0.2369156384428905,0.0397036307415557,1.6269210752265819e-09,-0.1377413019197476,4.382727519311668e-08,-0.1094266277939747,-0.0099161055621856,2.081157843749744e-06,-0.031604773844357,4.0,0.3615934390458245,-0.0175185677270359,-0.0301961493162864,-0.1284725429392372,-0.0320106635410773,-0.0006576974691807,-0.001432131582713,-0.0404399567342085,4.961060040815888,0.0103092783505154,0.043010752688172,0.043010752688172,-0.1565217391304347,-0.1491228070175437,-0.1100917431192661,-0.1261261261261262,-0.1339285714285715,-0.1415929203539823,-0.1637931034482758,-0.2421875,-0.217741935483871,-0.1339285714285715,-0.1491228070175437,-0.1100917431192661,-0.2421875,-0.0582524271844661,-0.0490196078431373,-0.010204081632653,0.043010752688172,0.043010752688172,0.043010752688172,-0.0761904761904762,-0.0490196078431373,0.0,-0.1779661016949152,-0.2113821138211382,-0.0490196078431373,-0.0582524271844661,-0.03,-0.0582524271844661,-0.1261261261261262,-0.1779661016949152,-0.1491228070175437,-0.1339285714285715,-0.1637931034482758,-0.1415929203539823,-0.1848739495798319,-0.217741935483871,-0.2706766917293234,-0.2919708029197081,-0.3169014084507042,-0.467032967032967,-0.4327485380116959,-0.4049079754601227,-0.3445945945945946,-0.286764705882353,-0.4425287356321838,-0.436046511627907
MUWM-L,19.0,-0.0067624248335479,6.776383209720058e-07,0.0735249055713117,0.0065913682103951,0.1082065714258662,2.2433259988594925,-1.0670999999999982,0.099411912832345,-6.011540977933425e-05,-0.0007839100159701,-0.0062038031809095,1.0,0.1594846440597795,0.0746899311321426,7.678625412016273e-08,-0.0523992284785715,4.8969054761493774e-08,0.0208732851453016,0.0336929893480725,1.4632077550146315e-06,-0.0405024310813648,4.0,0.2345218936082025,0.1004064060106274,-0.0148850207811419,0.2089187990593213,-0.0702963126767463,0.0077623453132108,0.0266678319819764,0.2218707826714783,0.4885376097218786,-0.0904611052446321,0.016821760916249,0.1734820322180916,0.0785876993166287,-0.0210199862164024,0.0437178545187362,-0.0073375262054508,-0.1269207129686539,-0.073385518590998,-0.1094043887147334,-0.230498374864572,-0.2664601084430673,-0.1777134587554268,-0.2026382262138647,-0.1132958801498127,-0.0862013509166934,-0.0186528497409326,-0.0233757304915778,-0.0247167868177136,0.0688487584650112,0.0876722817764164,0.2465993856954804,0.3995073891625615,0.3940137389597646,0.4254892122428499,0.4554303278688525,0.4099255583126551,0.4874345549738219,0.4443314692425011,0.5216925549009104,0.5533078184800437,0.4036561264822136,0.3691566265060242,0.5722191477587162,0.5661521499448732,0.6633489461358315,0.5748337028824835,0.7526218383713756,0.6393537218695904,0.4502297090352221,0.5160085378868731,0.6830568720379149,0.5499181669394437,0.5507641921397379,0.6188034188034188,0.5792106725958868,0.9041554959785524,0.8388349514563107,0.7879169288860919
MUYZ-L,18.0,0.0073793424383742,6.254995794904056e-06,0.6786776381087692,0.0536973311321805,0.001191650023965,0.0429190661177908,551.6515999999999,-0.7444054837728372,-0.2951378299388382,-0.0014587943426552,0.8064913639042481,1.0,0.1718866482407873,-0.1274982002439412,-3.68051237121468e-08,0.0137293445171007,1.7593046204842386e-07,-0.1563010657759027,0.0011504856778791,9.154936315765788e-05,0.0182522187978863,2.0,0.4142544966849444,-0.0206053933349279,-0.0408826731099866,0.0408826731099866,0.0408826731099866,-0.003593949451717,-0.0540869109702672,0.0408826731099866,1.6536866802719628,-0.0824742268041236,0.2933333333333332,0.0898876404494382,0.1022727272727272,-0.1882845188284519,-0.1300448430493274,-0.0805687203791468,-0.2679245283018867,-0.2145748987854252,-0.2996389891696751,-0.2623574144486692,-0.1709401709401709,-0.2208835341365462,-0.2623574144486692,-0.3680781758957654,-0.3445945945945946,-0.2945454545454545,-0.2651515151515152,-0.2081632653061225,-0.1377777777777777,-0.1601731601731602,-0.0673076923076924,-0.1415929203539823,-0.0202020202020202,0.1547619047619048,-0.1673819742489271,0.0486486486486485,0.0374331550802138,-0.044334975369458,0.0543478260869565,-0.3993808049535604,-0.5966735966735967,-0.5800865800865801,-0.6755852842809364,-0.7180232558139534,-0.7942735949098622,-0.7985462097611631,-0.7944915254237288,-0.8040404040404041,-0.8242753623188406,-0.8275555555555556,-0.8190298507462687,-0.8249097472924187,-0.8139980824544583,-0.8173258003766478,-0.8040404040404041,-0.7733644859813085,-0.7525510204081632,-0.7717647058823529
MUZE-L,20.0,0.1934668872085483,2.600989948618905e-07,0.0282211814836304,0.0893868202392866,-0.0041787561567487,0.5109336870728183,15.06,-0.6443736162859501,0.0775809174396656,-0.0227120417358118,0.2067377229850855,1.0,0.1883497961617171,-0.0401317582869764,-1.910415065524264e-08,-0.0050759516019089,2.84804266579993e-10,-0.1352976102122605,0.0135980874926054,7.29244076954748e-07,0.3069077137655463,4.0,0.1001039486532548,-0.2995210378853728,0.0235854867039077,-0.211622770896851,0.0634947821943589,-0.000695889427471,-0.0027489762132961,-0.2660623817969799,1.6536866802719628,-0.1831375259156876,-0.028206850235057,-0.0973175296319401,-0.264361972547026,-0.2710327455919396,-0.2903384011770475,-0.2602249488752555,-0.0236167341430498,0.015438596491228,-0.214867064568638,-0.3231992516370439,-0.3235156615240766,-0.3174528301886792,-0.3642355008787347,-0.4253375694996028,-0.3499550763701707,-0.4590654205607476,-0.6574337121212122,-0.6902162277884821,-0.684130102597686,-0.6694837825491091,-0.6071137659516699,-0.5739104829210836,-0.5915890488286762,-0.5740359140418015,-0.6206082852648138,-0.6273499871233582,-0.5817919075144509,-0.5972724742554968,-0.5952447552447553,-0.5269695979078131,-0.4904929577464788,-0.5141034251175285,-0.504960656859391,-0.3902233459755583,-0.4167674324869004,-0.3272896327289633,-0.3765618267987936,-0.3196991067230841,-0.2556584362139917,-0.2818858560794044,-0.1740867579908674,-0.1277878239903556,-0.115525672371638,-0.1707736389684813,0.0233380480905234,0.4007744433688287,0.2760141093474428,0.3373382624768946
MUZJ-L,17.0,0.0309977420276382,5.626406565558509e-07,0.0610474642055533,0.0181736096697876,0.2917303360948689,1.3014826868813327,17.2501,0.2291215310134717,-0.0053157503579225,0.0123981645760973,-0.0910054951368334,1.0,0.2903473494355703,0.0962734681465903,3.107778802731957e-08,-0.1855505806918333,9.797695100384971e-09,0.0481081081081081,0.082882787341612,8.394748133086214e-07,-0.0085682343138068,5.0,0.2635596456090375,0.106302110005426,-0.0613007939031161,0.1974100201998006,-0.0294931069051512,0.0056021158606099,0.0147476264421901,0.0081041136314464,0.2993177943213077,0.0364963503649633,0.0833932422717469,0.2393092105263157,0.2717299578059071,0.2495854063018241,0.1288389513108614,0.02031144211239,-0.0098554533508541,0.0597749648382559,0.1056493030080703,0.0053368912608404,-0.0339743589743589,-0.0504095778197857,-0.1353987378083763,-0.128397917871602,-0.1809782608695651,-0.188912809472551,-0.1674033149171271,-0.1632426429761244,-0.0680272108843538,-0.1263768115942029,-0.1765027322404372,-0.154320987654321,-0.1098641464855286,-0.0777233782129742,-0.1778505182760501,-0.2089238845144356,-0.1398401826484018,-0.1733406472846955,-0.1344055140723722,-0.0943509615384615,0.0060080106809079,-0.0480101073910296,-0.0059366754617413,0.0350274725274724,-0.0810975609756096,-0.0052805280528053,-0.0468058191018343,0.0605207600281492,0.1305326331582896,0.0904486251808973,0.2403292181069958,0.2663865546218487,0.1988862370723945,0.0385940730530669,-0.0245954692556633,0.0407458563535911,-0.0078999341672152,-0.0364450127877238
MVEY-L,19.0,0.0876169854004376,5.397194701912575e-07,0.0585604766623727,0.0088472759022546,0.1616403682040079,0.8842916453705165,87.5009,-0.1070383938316611,-0.0844509120049408,-0.0003785297734737,0.0160014141953747,1.0,0.5027655705572883,0.0880867483126443,2.3745596594886727e-08,-0.0188942289694699,1.725659594279589e-07,-0.0224745993944542,0.0220722184742022,4.593744364481532e-07,0.0396758272931184,3.0,2.008049077342965,0.2045784786939298,-0.0376874712404492,-0.7957853788333161,0.1317855828164028,0.016463373535565,0.0309954293697819,0.2344727916040633,2.188331168724271,-0.0127514876735618,0.0572198921509885,-0.0296948034094033,-0.1484073359073359,-0.1380068392769906,-0.1802555168408827,-0.2626410363560384,-0.2551709582102153,-0.213154960981048,-0.2743162656796216,-0.313557673604357,-0.3072241853160581,-0.2886514815561378,-0.2637179219695389,-0.251696352841391,-0.2333260916793396,-0.2377969762419006,-0.1611599714761112,-0.172179216514192,-0.0098204264870932,0.0022720817949446,0.0431569612769731,0.0690699787943047,0.1167721518987341,0.1842281879194629,0.048114048114048,0.0279638799883483,0.1278363694471076,0.0556386479210289,0.1073109507373704,0.0845113706207745,0.055322966507177,-0.0098204264870932,-0.0167177486765116,-0.0125909345271405,-0.0584311632870864,-0.0117614113693643,0.0355046948356807,0.0687462144155055,0.1238853503184713,0.0969847684177804,0.2283327532196311,0.1566699442805637,0.1882154882154882,0.1365539452495974,0.2032049096488237,0.2198409955063947,0.2110501029512697,0.2621602288984261
MVFU-L,18.0,0.1181747013569412,5.611155834290842e-07,0.0608819911882156,0.0287980583480919,0.22074548241137,1.7056684867925778,2.3716,-0.137505962050197,0.0418273920258796,-0.0395571577685854,-0.008274245066042,1.0,0.0991161600305413,0.450556527302868,5.8045303563159386e-08,-0.0211084611337754,1.0123009354222072e-10,-0.0288718029185626,0.0228872694939498,3.685936643289754e-07,-0.1710006470245905,4.0,0.0349873364361707,-0.0044298032895549,-0.0944686612254545,0.1712088029558197,0.1488816771896092,0.0350762696645023,0.0581194876907738,0.1906621841282301,-0.4250917763250841,-0.0928571428571427,-0.039451114922813,-0.1715976331360946,-0.2349726775956284,-0.1954022988505748,-0.0588235294117648,-0.119496855345912,-0.1450381679389313,-0.2592592592592593,-0.2802056555269924,-0.2920353982300885,-0.3212121212121213,-0.2857142857142857,-0.2717815344603381,-0.1740412979351033,-0.207920792079208,-0.3309438470728792,-0.3228536880290206,-0.3945945945945946,-0.305210918114144,-0.2011412268188303,-0.2401628222523745,-0.0728476821192053,-0.0588235294117648,0.1177644710578842,-0.0713101160862356,-0.3614595210946408,-0.2612137203166227,-0.0378006872852234,0.0506566604127578,0.2527964205816555,-0.0243902439024391,0.0144927536231884,-0.0682196339434276,-0.0410958904109589,-0.0123456790123457,0.0313075506445672,-0.0635451505016724,-0.1384615384615385,-0.1331269349845202,-0.054054054054054,-0.0158172231985941,-0.0410958904109589,-0.282051282051282,-0.2592592592592593,-0.393939393939394,-0.2380952380952381,-0.3388429752066116,-0.388646288209607
MVSV-L,20.0,0.0425571349546435,6.913696945969541e-07,0.0750147828670505,0.048239547644878,0.1475078981468495,0.4080561909381762,-44.105200000000025,-0.481467591062347,-0.0239192690887419,0.0009542772759761,-0.0530718579031484,1.0,0.0573262043291097,-0.0815807427519765,4.9220896716353446e-08,-0.0475878292637755,1.801267911701526e-07,-0.1010926158660134,-0.0096335201746749,6.032625395530185e-07,0.2351016065188328,5.0,4.325607994225671,0.2210234169312366,-0.0576714810048987,0.0820061177495944,0.0839790278560977,0.0087698449255678,0.0161568259139166,0.1736946774904346,0.3550619875442339,0.0291146761734997,0.0512179887570265,-0.1270746887966806,-0.1413265306122451,-0.1174619821709492,-0.0778082191780823,-0.0512965050732807,0.006578947368421,0.0928571428571427,0.0440446650124066,0.102883355176933,0.1511627906976744,0.095703125,0.0453416149068321,0.1219999999999998,0.2160404624277456,0.3649635036496348,0.373877551020408,0.3367752184273231,0.4867491166077737,0.341035856573705,0.3442492012779552,0.3283346487766376,0.3507223113964683,0.471153846153846,0.2393225331369659,0.3357142857142856,0.4496124031007751,0.3507223113964683,0.378378378378378,0.6339805825242715,0.6355685131195334,0.6120689655172413,0.7279260780287473,0.5758426966292134,0.641951219512195,0.7243852459016391,0.7155963302752291,0.7494802494802495,0.608986615678776,0.4933451641526174,0.4802110817941951,0.3561643835616437,0.2866972477064218,0.2692307692307691,0.138700947225981,0.1978647686832737,0.2038626609442058,0.0631711939355652
MWBG-L,19.0,0.2503084368741801,4.582623846609301e-07,0.0497222449148813,0.0704988749345427,0.1285219557165029,0.8567558089189916,-3.517000000000003,1.332611575834042,-0.010667468022893,0.0031475531485943,0.171782511144493,1.0,0.2719927810758685,0.1056619169847178,3.844803585674258e-08,0.190997189811208,9.371985932110945e-08,0.2798053132447468,0.0910499278121532,7.697137139150698e-07,0.3542627908137249,4.0,1.4710735784445483,-0.0573390186705739,0.0632267238432705,-0.0088059785349993,-0.5926319707847781,0.0092938057994192,0.0250882619151008,0.287824334512072,0.4892443659672414,-0.1287288758265981,-0.134488196988197,-0.212274852988841,-0.2179778896320301,-0.1800019279895888,-0.1525318189743206,-0.1215954563056668,-0.1382803596302394,-0.0949112866757109,-0.1730063437279732,-0.2322186117880675,-0.2444597415286228,-0.2424411096762702,-0.2792535163531604,-0.2880309688219292,-0.2334467298983936,-0.1881025102605708,-0.221395881006865,-0.1881993653520387,-0.1082660656253275,-0.0235888311762849,-0.0312615664948894,-0.029963507811609,-0.0257695060844667,0.0008236020825365,-0.0686757540920786,-0.0448854704693465,0.1230855558489569,0.1981477568842875,0.2105956023624848,0.26534027519524,0.3381444920753529,0.3215131860022526,0.2879476114770232,0.4843818165954106,0.4230447511501465,0.3756367752890757,0.420430825749353,0.6424502799768295,0.5958444725857135,0.5846956359741045,0.8018852936503733,0.7137604512944495,0.8286128876229377,0.8715621562156215,0.979578775890156,0.933788007956806,1.0636220281416788,1.2182019688376036
MWOI-L,9.0,0.0784971030431642,1.3305125822614728e-06,0.1443628687230903,0.0309217520793875,0.1780212082752088,1.401611348760201,-180.4017,0.3105363937989298,0.0123337839336873,-0.0004116936781513,0.0790965861314981,1.0,0.1307953155525588,0.1123135644324126,1.6620728083508945e-07,-0.0426593075029018,1.0412667402758887e-06,0.0652025950520667,0.0945992944701772,1.8545333019981328e-06,0.0564221344195458,5.0,1.1844912802932908,0.0803689318204027,0.0096511579958094,-0.0320386120512024,0.0822972235388812,-0.0029851189663626,-0.007081110102728,0.1720265826671505,0.4656111904191106,-0.1095788296682817,-0.026487663280116,-0.2412330316742081,-0.2232194557035322,-0.2875730217737652,-0.2388652482269504,-0.3178235443681668,-0.3106372045220966,-0.2799248523886205,-0.3475194552529183,-0.414958569559529,-0.3950394588500564,-0.3735699276208265,-0.3517757912539261,-0.2980115122972265,-0.3216182048040454,-0.3018475149622691,-0.2705274605764003,-0.2349586541203308,-0.1701206309928858,-0.1698638613861386,-0.2220933603943172,-0.2118096357226792,-0.1605131414267835,-0.1062624916722185,-0.0789564023343631,-0.0136029411764706,0.0651052004763794,0.0033657442034404,0.0525696351510396,0.17417943107221,0.0775100401606425,0.1268374632507349,0.2596244131455398,0.4448034464189552,0.2855773838045039,0.2496506753609688,0.1165210153974196,0.173665791776028,0.1417021276595744,-0.0157740278796773,-0.00886590321389,-0.0146896804994491,-0.0300072306579899,0.0762133975130363,0.0517444139553116,0.1330236486486486,0.0517444139553116,-0.0033432392273403
MWQQ-L,18.0,-0.044254231810917,1.3208365905129776e-07,0.0143313007229725,0.0960279507431753,0.1649980939251266,1.1876588761299742,-1.9934,1.0234219513984102,-0.0299519233040213,0.0030549796324273,0.0841053562127243,1.0,0.0908519013558908,0.0178263035536366,3.5258423621941515e-08,0.014986765291505,1.484496358574528e-09,0.214885496183206,0.0983095571013979,3.746801360865248e-07,-0.0647611710196066,4.0,0.3392196434022874,0.1415379328820496,-0.1723786196117002,0.3071741149672015,0.0988577607573285,0.0210752364734607,0.0808845541628032,0.3550134015285602,0.6757077503382981,-0.0534564190639758,0.0972909305064781,0.0036630036630036,-0.0608870967741935,-0.0374044224013225,-0.0166772218703821,-0.0451004510045101,-0.0864875465777603,-0.015430141619108,-0.0752432003176494,-0.1136060894386298,-0.0608870967741935,-0.1321035960499348,-0.0754267566494641,-0.0635303578608766,0.0397321428571428,0.0762476894639556,0.0908665105386414,0.0353411869304289,0.0615314494074747,0.143348060873834,0.1283914728682169,0.2332539052157796,0.2867403314917125,0.3236714975845411,0.253835800807537,0.2772141486153001,0.3908629441624365,0.3925261584454407,0.3466319745591208,0.4407670893906588,0.5418735518040383,0.5050080775444266,0.4253365973072214,0.5881350153426526,0.5212279555845851,0.6611982881597718,0.7232704402515722,0.7908496732026142,0.751127819548872,0.8145695364238408,0.8096348096348096,1.3036597428288823,1.2329817833173538,1.2733040507564666,1.2655642023346303,1.1899388810531266,1.1220956719817767,1.080393032603841
MWSE-L,20.0,0.1856212749185381,3.86720592397563e-07,0.0419598392808236,0.0737063256959187,0.2716224705572699,2.293041491973122,4.492399999999996,1.038549740372574,-0.0037908531966016,0.003892981687179,0.0022982842038177,1.0,0.4990272756629884,0.1761247089219901,6.309738695164866e-08,0.0096308661048731,3.377473900543e-08,0.2180618423964431,0.0016328123150714,2.754396007070928e-07,0.1940873562455721,4.0,0.6319091468483801,-0.0553703760630071,0.0798753410889792,1.1628921367370553,-0.1594331393834314,0.0251460481122877,0.0431825627042142,0.1628921367370553,0.6410728809378353,-0.0796509211802188,-0.0432074221338635,-0.1027839920457369,-0.102449334825314,-0.0486294148655771,-0.0728230156691497,-0.0495062541145491,-0.0053733810967209,0.0506476495415515,0.0164742326105322,0.0045922627330921,0.1636041263700838,0.1743940133398405,0.0967790945001521,0.0715451981594179,0.1001219140505942,0.1029793735676087,0.1345277384881344,0.0263008245663918,0.1021374045801526,0.1916474083856059,0.2854344729344729,0.2306512103648141,0.263167104111986,0.3326564519106516,0.2179854901299138,0.3302008476137827,0.3888033859176607,0.3584870154309372,0.6178843567906769,0.5879894412670479,0.7037998583903706,0.6761086603204085,0.7357537869680211,0.8755520914523252,0.819304435483871,0.9447737068965518,1.130755608028335,1.1108187134502925,1.3529986962190352,1.2559375,1.3005098789037604,1.377016792887718,1.240533829919305,1.3197300771208225,1.4200469326181695,1.613685734974656,1.6608920014743824,1.6308309037900872
MWYI-L,9.0,-0.053455697838746,2.453566873547181e-07,0.0266216161494071,0.1138679063432167,0.1637831140093311,2.1499732508107177,-0.8763000000000005,0.1310711255865217,0.0042643979101376,-5.51530937707293e-05,-0.0803404522013367,1.0,0.209210631214101,0.0055501766665506,2.9780559201059882e-08,-0.0246996922542756,4.644623222748213e-09,0.027520695465312,0.0444868331655325,3.9680135951325163e-07,-0.0883797064478865,4.0,0.2019597932085229,-0.1390049262035637,0.0052535592000859,-0.1056460780222672,-0.1055522442615393,0.0107075978002239,0.0316160069364323,-0.0321262496446409,0.868579367224305,-0.0658895083628992,0.1234163701067616,0.1826764573655026,0.3955791335101681,0.4520699172033118,0.7762772901192889,0.8465138043986897,0.7502772233311155,0.7565101268640106,0.8047107249028129,0.6795062779314747,0.8835322195704058,0.8578154425612055,1.0015216839969567,1.172309386182219,0.9314733235438082,0.4475421863536317,0.4417245158933138,0.3642178046672428,0.5174004999038648,0.5447249951066744,0.4289335506065546,0.5924132364810331,0.4840165475742761,0.7280490475147798,0.2445986437470431,0.2625179971204607,0.4773493073755148,0.3046784592494627,0.1876598946576373,0.1132740866130626,0.0171413841989946,-0.0733826464717624,0.0426740652662174,0.101311749930226,0.0939839201552537,0.2008520998174072,0.2924991811333115,0.4563572614873594,0.2944070854518616,0.1744047619047619,0.323494885124937,0.5303471010277294,0.6198686371100164,0.5953102890640793,0.4938481923149727,0.532129683556591,0.6125868410298325,0.6534674209092814
MXKA-L,7.0,0.2410605718885953,8.793563659911597e-07,0.095411655114621,0.0437727626580916,0.2005452929448221,1.6420391904294285,0.2240000000000002,0.6708119571754654,-0.0003549969974256,0.0005164593985399,0.1716549059608812,1.0,0.1173346218285742,0.3211302933430028,8.355453067688323e-08,0.1524181220406835,2.385121275938781e-09,0.1408488063660477,0.2775041587203367,1.0541467768426483e-06,0.1813350984742911,5.0,0.0817761833286116,-0.0835967806533245,-0.0263847347008329,-0.5736862448578864,0.0311928139237821,0.0098072458571346,0.0215638837698804,0.1665853582922055,0.7337878681264546,-0.1285524959505227,-0.0703627652292949,-0.2566768826619965,-0.2214834345981887,-0.1880679100908656,-0.1323623355053022,-0.2155481113549728,-0.1863167984663312,-0.1803258901629451,-0.2536542477195296,-0.2534080914687775,-0.2371377218602561,-0.2001177856301532,-0.2388477919748936,-0.2021851503759399,-0.3006179196704428,-0.2718207162770749,-0.2894957103996652,-0.259917175239756,-0.2394445066636802,-0.0783116178067319,-0.0853872053872054,-0.0761801115494491,-0.073786142935079,-0.0583749306711037,-0.1194242738589212,-0.0815526102245063,-0.0402769926512155,-0.0601992803764186,-0.0487463230144278,0.0479938271604938,0.0317532664843513,0.0048831015093222,0.0230491111780657,0.0763987953716911,0.087429943955164,0.1403862300587741,0.1174921836432449,0.087429943955164,0.0851709811441354,0.1123669123669124,0.0869078104993597,0.059273124317579,0.0409258123850397,0.0548306927617272,0.0820586360739323,0.0242835595776771,0.1382836071069393,0.1156563167405946
MXNF-L,20.0,0.2005211433425094,1.258415934438529e-07,0.0136540260321035,0.0180051445626219,0.3054975439924494,1.4752011022624036,3.292200000000001,0.2884341488353596,0.0097310276392934,0.003035857344775,0.0493969193683356,1.0,0.1368337446942976,0.0398837784983664,4.5183562019362567e-08,0.1794103814951821,6.265820733774457e-09,0.0605618387449835,0.1246380742767239,2.2370085414592625e-07,0.3122418989844703,3.0,0.7794566016161046,-0.0214563851605093,0.0173057680689585,-0.1696119438016823,0.0313170638856792,0.0232687048246601,0.068641865161031,0.1538860538620503,0.457191559132133,-0.0483193277310923,0.0258620689655171,-0.0969169960474308,-0.1525222551928784,-0.1204188481675392,-0.042574589339591,0.0882072775766811,0.1862928348909658,0.2124814264487369,0.2853285328532853,0.3118971061093247,0.2914311553244404,0.3558034654640396,0.313707451701932,0.382046939269296,0.360323886639676,0.5103120042305658,0.5576765748568311,0.5888734353268426,0.6909413854351687,0.7030411449016101,0.7755672987255204,0.8882644628099172,0.8342967244701347,0.849740932642487,0.5011826544021025,0.4960712414876898,0.529317269076305,0.6456352636127916,0.6740914419695194,0.7905956112852666,0.846153846153846,0.7194461167971102,0.9514861633071404,0.9343040975279376,1.0725689404934688,1.083910981393652,1.25147812376823,1.3361963190184047,1.6407766990291264,1.758087880251086,1.6213859568609452,1.4368600682593855,-0.5479582146248814,-0.5022222222222222,-0.4935272211384998,-0.4853126689493603,-0.4924922256774766,-0.4747586206896552
MYPL-L,17.0,-0.0224395733341773,4.555938834973069e-06,0.4943270801887034,0.0462886314419346,0.0041633765169976,0.0740402836441849,-22.864600000000003,-0.0675067166006671,-0.0074194258962365,0.0006037197704894,-0.0149245715051757,1.0,0.1784702674644706,-0.1795491564285015,1.4245865525200536e-07,-0.0010183522439497,4.53070155410094e-08,-0.0141742262540021,-0.0005475220820656,4.835650958028891e-05,0.0134536352402883,2.0,0.2765697910180336,0.1600564034114551,-0.0413488210627194,0.0413488210627194,0.0413488210627194,0.0003523264230672,0.0039874381339192,0.0413488210627194,0.8056418960146381,-0.1346153846153845,-0.0188679245283018,-0.0714285714285715,-0.2571428571428571,-0.3066666666666666,-0.3580246913580247,-0.3658536585365853,-0.4285714285714286,-0.2571428571428571,-0.2676056338028169,-0.2571428571428571,-0.2676056338028169,0.0,-0.0714285714285715,-0.2121212121212121,-0.3734939759036144,-0.388235294117647,-0.3809523809523809,-0.3333333333333333,0.0,0.0612244897959184,0.0612244897959184,0.0612244897959184,-0.0188679245283018,-0.1034482758620688,0.0612244897959184,0.1304347826086955,0.368421052631579,-0.0545454545454545,0.1304347826086955,-0.4022988505747126,-0.2121212121212121,-0.1875,0.6774193548387097,-0.0877192982456139,-0.2972972972972972,51.0,25.0,16.333333333333336,16.333333333333336,4.777777777777779,4.2,3.727272727272728,4.2,6.428571428571428,4.2,5.5,2.25,1.6
MYSM-L,23.0,0.1807849734074289,3.8956416607387385e-07,0.0422683718409892,0.1188285782479165,0.0208262443577957,0.4080788833408504,23.9899,-0.195268181206425,0.0248521929399467,0.0001791106653886,0.0006203164032282,1.0,0.5399460404427089,0.0363013890021504,2.1529748939894225e-08,-0.0032107102499971,4.2036292259182176e-08,-0.041,0.0009284228882035,1.434629770387952e-06,0.2272818851209705,2.0,1.3115059709176229,0.3038414866919255,-0.0524266261515736,0.0524266261515736,0.0524266261515736,-0.0014216568031194,-0.0068229324626986,0.0524266261515736,0.1211332721843171,-0.0345443716497914,0.0237804878048781,0.0138888888888888,-0.0146713615023473,0.0332307692307691,0.1111846459298477,0.100983606557377,0.1253351206434316,0.1531593406593405,0.207913669064748,0.1907801418439716,0.1468579234972675,0.2175489485134154,0.174125874125874,0.2945258288357748,0.3178963893249606,0.2777777777777777,0.3189316575019638,0.3606158833063209,0.4832155477031801,0.5235934664246824,0.5503231763619574,0.655818540433925,0.6509341199606686,0.6316812439261419,0.6269379844961238,0.5809792843691148,0.6005719733079122,0.5899621212121211,0.6128722382324687,0.7097759674134418,0.8634850166481687,0.7398963730569947,0.7045685279187817,0.692540322580645,0.5929791271347249,0.6269379844961238,0.7398963730569947,0.7710970464135019,0.878076062639821,0.7861702127659573,0.9410404624277456,0.9477958236658934,1.032687651331719,0.92545871559633,1.111949685534591,1.2999999999999998,1.3319444444444444,1.419308357348703
MZKE-L,21.0,-0.000392583197439,1.1173118846290943e-06,0.121230231922572,0.0796076260604266,0.165214319359397,1.067308445842071,0.672,-0.0422719399350032,0.0172433232316575,0.0021894062934106,0.0063313760531019,1.0,0.0897850888829928,0.0500188702981507,6.738729575183742e-08,-0.0412293287019554,1.5605353538599538e-11,-0.0088757396449704,-0.0111282237120251,6.551051806721135e-07,-0.0760487860136691,4.0,0.0105014072879928,0.13982368350703,0.0210475348481607,0.2235326872202238,0.0251289255612888,0.015432481921728,0.0234220442769665,0.0823825751963253,0.5118084719633925,0.098901098901099,-0.1333333333333333,-0.1994134897360704,-0.1875,-0.2309859154929576,-0.2309859154929576,-0.2063953488372093,-0.1360759493670886,-0.1049180327868851,-0.0714285714285714,-0.1136363636363636,-0.1019736842105263,-0.0586206896551724,-0.0421052631578947,-0.0421052631578947,-0.0319148936170212,-0.048780487804878,-0.048780487804878,-0.0520833333333332,-0.0745762711864407,-0.1019736842105263,-0.1019736842105263,0.1327800829875518,0.1973684210526316,0.2580645161290322,0.1470588235294119,0.2187499999999997,0.4521276595744681,0.5251396648044693,0.5166666666666666,0.5,0.4521276595744681,0.365,0.2757009345794392,0.3582089552238807,0.2297297297297296,0.2079646017699117,0.2697674418604652,0.2580645161290322,0.2079646017699117,0.1470588235294119,0.092,0.0581395348837208,0.1280991735537191,-0.0072727272727273,-0.16,0.0036764705882352,-0.1049180327868851,-0.1727272727272727
MZKY-L,18.0,-0.0326675012902165,4.3083836138087874e-07,0.0467466919397205,0.0123765998768664,0.2449749076314634,1.5344530444926687,-52.848600000000005,0.1227127893882549,0.1545736516322388,-0.0074106631429106,-0.0038383944375348,1.0,3.427392004489392,0.110165507085169,7.907700052003736e-08,-0.0846793653404101,1.134226881708715e-08,0.0257657153041219,0.0011757274835958,6.448365493627873e-07,-0.1122788079750695,4.0,0.35547899836684,-0.1195876818905699,-0.0519560443097474,0.0066463856464886,-0.0041305634145618,-0.0268152032886958,-0.0728693778518143,-0.0712753310124355,0.5705435718894339,-0.0686746987951807,-0.0348837209302324,0.0807291666666667,0.0362047440699127,0.0807291666666667,0.0807291666666667,0.0506329113924051,0.0259579728059333,-0.0059880239520956,-0.0382387022016222,-0.1141942369263605,-0.1390041493775933,-0.1113490364025695,-0.0899122807017542,0.0134310134310136,0.1385459533607682,0.1942446043165469,0.1592178770949721,0.1432506887052342,0.2134502923976609,0.2388059701492537,0.1495844875346261,0.1401098901098902,0.1976911976911979,0.2989045383411581,0.1111111111111111,0.1081441922563417,0.1789772727272729,0.332263242375602,0.8526785714285714,1.172774869109948,1.4556213017751485,1.4198250728862971,1.5776397515527951,1.6182965299684544,1.8819444444444449,1.59375,1.912280701754386,2.204633204633205,2.1923076923076925,2.5319148936170213,1.5151515151515156,1.6860841423948223,1.3919308357348703,1.2371967654986524,1.0194647201946472,0.9951923076923076,1.3184357541899443,1.150259067357513
MZPQ-L,22.0,0.1678103539172952,1.215675576421876e-07,0.0131902859085002,0.1506605623729047,0.524810085712565,1.204970498811219,4.125599999999999,1.3442736941648004,-0.0352565329018739,0.0012629467952145,0.0986111699763048,1.0,0.2274786762234375,0.1797320539903312,2.761205806529279e-08,0.03199891648727,9.603174659004813e-09,0.2822539807573285,0.0864871526444671,6.683592048358988e-08,0.1406886220474061,4.0,2.214664735380191,-0.0068762152714717,-0.0015218019230101,0.0310551359848371,0.013094263043174,0.0389588624031027,0.0604879922238161,0.2888776274674368,0.2948773219615205,-0.0157536556814349,-0.0675633174846909,-0.1359482950746601,-0.1865427137300473,-0.1485454606885834,-0.117505953214736,0.003524211532335,0.0013311081972424,0.1227917752678831,0.0477507068019291,-0.0269137947678348,-0.0411498363899246,-0.0749564100211067,-0.034833397165837,0.0285708454929491,0.016477089383672,0.1832053900509425,0.154503390141103,0.1705917874396134,0.2397245111302421,0.3615268247879408,0.4655713870311138,0.5791271109440108,0.6268883150419624,0.7945239621163567,0.5500845763493774,0.6529795677413006,0.7161876872786705,0.6803133855642607,0.7007254935043021,0.9321832470768638,1.1604440824724591,1.104074476079152,1.1421710302618155,1.4062350806836623,1.68290216118386,1.8134978229317853,1.6161951725927848,1.5458907915340707,1.592910793291491,1.9750900182988016,1.9069673549429,1.906632064590542,1.7151322523299035,1.7641219699462545,2.340912103937425,2.303683796539066,2.54736768018018,2.476650341449955
MZXG-L,20.0,0.0727687252603957,4.304807304660002e-07,0.0467078883797209,0.0595690848517986,0.0150750096304963,1.3434940338014965,-18.9393,-0.0298271541252502,-0.0200720107624584,0.0055151939898789,-0.0012272046507948,1.0,0.3103448937693411,-0.0726058829819091,-4.0998228194008384e-08,0.02561471726334,3.3097136101026194e-08,-0.0062627372856127,-0.0018895902712614,3.548049745032294e-06,0.0913819427895435,4.0,0.1478481558294773,0.1125570418735063,-0.0331991308403958,-0.1040542155229738,-0.056371546329519,-0.0120278752789187,-0.1082047849343484,-0.0691576070979028,1.6536866802719628,-0.0946745562130176,-0.0370370370370369,-0.0611111111111111,-0.0145772594752187,-0.0558659217877095,0.1118421052631577,0.2426470588235292,0.2950191570881226,0.2246376811594204,-0.0558659217877095,-0.0451977401129943,-0.0259365994236312,0.0059523809523809,-0.0532212885154061,-0.073972602739726,-0.0145772594752187,-0.0790190735694823,-0.0962566844919786,-0.0424929178470254,-0.1399491094147583,-0.1443037974683545,0.0119760479041917,0.0868167202572347,0.0938511326860842,-0.0558659217877095,-0.0231213872832369,0.3359683794466404,0.4382978723404254,0.2426470588235292,0.396694214876033,0.3254901960784313,0.2426470588235292,0.0764331210191082,0.2114695340501791,0.1535836177474401,-0.1377551020408163,-0.0202898550724638,0.2335766423357663,0.4632034632034632,0.7333333333333334,0.7604166666666667,0.867403314917127,0.9096045197740112,1.0484848484848484,1.1948051948051948,1.1124999999999998,1.1806451612903226,1.0993788819875774,1.1806451612903226
NADK-L,20.0,0.0611517166833868,7.667860325326728e-07,0.0831975832690468,0.1309723437723437,0.1256985323775997,1.528093699814493,4.1051,0.0368274454902059,0.0213712089815628,0.0001100157300636,0.0086358207165048,1.0,0.6967855404882423,0.0905851275793398,3.0334223023346465e-08,-0.036105341484849,1.6518049126501967e-09,0.0077325719724006,0.0367729965067122,7.581856545285266e-07,0.0329573690007448,5.0,0.0805794095097843,0.1407279012440587,0.0773335309505641,-0.074617086100373,-0.0421277289550495,0.0076327058498857,0.0153572793202818,-0.0125323518842653,0.4796393256160964,-0.1316187594553707,0.0045592705167174,0.1146711635750423,0.0576,0.029595015576324,0.1867145421903051,0.2448210922787195,0.3115079365079365,0.4004237288135595,0.2084095063985376,0.1637323943661972,0.2286245353159852,0.2810077519379845,0.4307359307359308,0.2986247544204323,0.4920993227990973,0.1555944055944056,-0.1839506172839505,-0.2647385984427141,-0.2259953161592505,-0.2514156285390713,-0.2223529411764705,0.0015151515151516,0.0,0.1109243697478992,0.0263975155279503,-0.1492921492921491,-0.0015105740181268,-0.0045180722891565,0.0122511485451761,-0.0392441860465115,-0.0945205479452053,-0.2158956109134044,-0.1055480378890392,0.0442338072669825,-0.2093301435406698,-0.1706398996235884,-0.0584045584045582,-0.072931276297335,0.0138036809815951,-0.1067567567567567,0.0783034257748778,0.4656319290465633,0.6948717948717951,1.0786163522012575,2.046082949308756,1.9377777777777776,1.824786324786325,1.8369098712446357
NAFF-L,17.0,0.275107010400675,6.676903552921446e-08,0.0072445534445739,0.2079844424498539,0.3562280360086932,1.3774078356166226,-6.833000000000002,1.058586786933141,-0.0178633145514525,0.0054420231866666,0.0085033714632825,1.0,1.3349295935237444,0.1198960905545136,2.0463206938720183e-08,0.0938271339589297,1.3949196873890175e-09,0.2222689738599906,0.0248426475841333,8.856788354437169e-08,0.4385382075875672,4.0,0.9437777244491928,-0.0801552991901733,0.0071378685509395,-0.9049343287641652,0.0135686956601728,0.0430821780180786,0.1060836661969842,0.1802062334848309,0.502763487348185,-0.1244225748142197,0.0034260378879484,-0.1280210157618214,-0.2279423166382383,-0.0786454478164322,0.1111359071635795,0.1060757525269353,0.1331360946745563,0.2683734556107502,0.3212153376675069,0.4080882352941177,0.5117655989069378,0.4114812189936216,0.3699270876324116,0.5917519181585678,0.6900882552613712,0.6984478935698446,0.7231354905693026,0.6437768240343347,0.92984496124031,1.0871934604904632,1.244815148782687,1.4557336621454997,1.1209797657082,1.313124274099884,0.9683731962838504,1.0889448290329344,1.1728125681867771,1.0685500623182382,1.407058254773991,1.4111380145278454,1.6102228047182177,1.8467695826186392,2.131446540880503,2.108960349672182,1.9478981645944344,2.2670603674540684,2.4373489817052123,2.962594508555512,3.4815481548154814,3.3618046430135786,3.6187384044526905,0.2104047647988332,0.1596599510888552,0.1019143521080003,0.1791592658377738,0.5261302681992337,0.5207697006719607,0.5477152626670809
NAFG-L,21.0,-0.0167433332209167,1.3535858450023597e-06,0.1468663568106771,0.0868014995852698,0.1218102742083662,0.5569140047495648,-22.4424,-0.0981241951357588,0.0142578788490765,0.0081606008274253,0.0199195247273,1.0,0.504399011059462,0.0461921188017172,1.5598117871115325e-07,-0.0529290483637283,7.703320569201931e-09,-0.0206029060941227,0.0024767704939486,1.8807510151554004e-06,-0.0583032970899327,4.0,0.2112575217745237,-0.0379199921047506,0.0050271181488903,0.0479983951649041,-5.49561254652442e-05,0.005668170726167,0.0129499260382858,-0.021400861497201,0.0098879271554495,0.0168381665107577,-0.1509134233518666,-0.0936837643069097,0.0323515210043456,0.0652715495764821,0.0874872838250253,0.0897043832823647,0.0863821138211382,0.1396588486140724,0.0308582449373191,0.0132701421800947,0.0056444026340545,-0.1043150397989108,-0.2380612972202423,-0.2655444864307797,-0.3627421758569299,-0.3842165898617511,-0.3968970380818054,-0.390362132877103,-0.3199745547073792,-0.3101000322684737,-0.1458250099880145,-0.1811566449636155,-0.158598976780795,-0.0986509274873524,-0.1305408702724685,-0.001401214385801,0.083080040526849,0.0323515210043456,0.1977591036414563,0.3254804711717296,0.271861986912552,0.5217081850533807,0.3540215326155795,0.3263027295285359,0.2981177899210687,0.2113314447592067,0.2546948356807512,0.4291443850267378,-0.0373705538045926,-0.16484375,-0.2295495495495495,-0.3101000322684737,-0.3268261964735517,-0.3827944572748268,-0.3922683342808414,-0.3866896156052782,-0.3987626546681665,-0.5275138121546962
NAPC-L,23.0,1.0808823529411762,4.411631784613485e-07,0.0478669520805486,0.0177902621722846,0.1508379888268156,0.5403126016140769,3.25,2.7794578382079425,0.0033552505796253,0.0093516209476309,0.0156862745098039,1.0,4.647058823529412,1.815660685154976,7.412359313661128e-09,0.5552903739061164,1.2611500323768915e-10,0.583596214511041,0.0049019607843137,2.098464481557168e-07,0.3436988543371521,4.0,0.1099977621765784,0.0561497326203208,0.1652061164267187,1.476303317535545,-0.0346137130321409,0.0147232037691401,0.0217265353418308,0.4763033175355448,0.8553551794510152,-0.158450704225352,0.2483516483516483,0.1639344262295081,0.2706935123042506,0.1591836734693876,0.0757575757575756,0.1568228105906313,0.2483516483516483,0.4753246753246751,0.5026455026455026,0.3853658536585367,0.3209302325581395,0.5910364145658262,0.6463768115942028,0.8205128205128203,0.7639751552795029,0.7749999999999999,1.135338345864661,1.245059288537549,2.264367816091954,2.1038251366120218,2.55,46.333333333333336,39.57142857142856,46.333333333333336,62.11111111111111,70.0,62.11111111111111,62.11111111111111,62.11111111111111,62.11111111111111,62.11111111111111,55.8,55.8,62.11111111111111,50.63636363636363,50.63636363636363,50.63636363636363,55.8,55.8,55.8,55.8,55.8,55.8,55.8,55.8,50.63636363636363,50.63636363636363,55.8
NAQO-L,22.0,-0.0164944942272421,1.2259905216823866e-07,0.0133022048116645,0.080587117064459,0.4221115048104122,1.4860724504893006,-0.6450999999999993,0.2101130937599781,0.0097317059554178,0.0005261102485425,-0.0095685063171414,1.0,0.188321816361579,-0.001333225221062,4.19480696705355e-08,-0.0293728426627282,4.901271532755989e-08,0.0441169513175946,0.0310510931062576,1.2337171191530858e-07,-0.0311115615517974,4.0,3.191670085501109,0.04127910298741,-0.0075335927290197,0.0904248168717762,0.0611661370613761,0.0294514462388557,0.0623872401249171,0.1134329976517822,0.2492159526361934,-0.0174724288279045,0.0364167995746944,-0.124557956777996,-0.1167992751366198,-0.0805600589535739,-0.0353188594049606,-0.0574726536532301,-0.0062444246208741,-0.0109708922569597,-0.0376997593632379,-0.0661357444387892,-0.0478341829726181,-0.0277414126301351,-0.0617254241366862,-0.1214263583359152,-0.1124263722505193,-0.1294688956490189,-0.1317950288084169,-0.1403847213801465,-0.0909832721338228,-0.1066815591259271,-0.1121990095064608,-0.0735141236225384,-0.0212739253216189,-0.0062760839784636,-0.0987575845131465,-0.0890719000058407,-0.0533248353516039,0.0680362951549391,0.0913925822253323,0.1625358726845813,0.1856018852864041,0.1923091624937885,0.2037201404700344,0.2730389355970941,0.3928730910065197,0.478574137277209,0.4694492862863335,0.5517635938510523,0.5271481028151777,0.4701418673705049,0.4585924713584288,0.3216389136053559,0.2087579926370859,0.2127055713230436,0.4423379265698697,0.3999371661954132,0.4437398750289285,0.4351046698872787
NAVF-L,20.0,-0.7347294832592722,7.35871903445698e-07,0.079843347902489,0.1129531736847052,-0.0001188889413071,0.0685523459291847,228.0566,-0.3559372215116115,-0.0103173005754491,0.0003591315060055,-0.0390963930665737,1.0,0.1176850006419315,-0.4765063976377953,-1.079932153572974e-08,-0.0677406383759842,2.846803203332749e-07,-0.0747352998927605,-0.0003552455013418,7.573997879404351e-06,-0.7437203698393656,1.0,1.6256803923367056,-0.7586205518748468,0.4234625438254772,-0.4234625438254772,-0.4234625438254772,-0.0002488823311203,-0.0028213586540158,-0.4234625438254772,1.6536866802719628,-0.1136363636363637,0.0819672131147541,-0.175,-0.175,-0.2413793103448275,-0.1258278145695364,-0.4476987447698745,-0.4761904761904761,-0.4476987447698745,-0.4823529411764705,-0.4430379746835443,-0.4310344827586206,-0.323076923076923,-0.3124999999999999,-0.316062176165803,-0.3653846153846154,-0.3299492385786802,-0.3195876288659793,-0.3089005235602093,-0.3195876288659793,-0.3333333333333332,-0.3972602739726026,-0.3653846153846154,-0.3623188405797101,-0.2903225806451612,-0.3333333333333332,-0.3529411764705882,-0.3124999999999999,-0.3773584905660377,-0.3465346534653465,-0.2584269662921348,-0.2903225806451612,-0.3089005235602093,-0.25,-0.2095808383233531,-0.2625698324022346,-0.3684210526315788,-0.380281690140845,-0.3052631578947368,-0.2941176470588235,-0.380281690140845,-0.3592233009708737,-0.3944954128440366,-0.4334763948497854,-0.4133333333333333,-0.4133333333333333,-0.3714285714285714,-0.3052631578947368,-0.323076923076923
NBBH-L^H19,22.0,-0.0428864447783068,2.715874107879545e-07,0.0294676940700441,0.0295031804163454,0.288588400812881,1.4100150875493234,-12.228,-0.4318914476009403,0.0126498061057121,-0.0010439705680605,0.0603311664072459,1.0,0.2270027983860471,0.0130646323882747,7.374698717926552e-08,-0.0521558349190703,7.403739719443295e-10,-0.0906832298136646,0.1140537845606121,4.961080440024765e-07,-0.0709751672354263,5.0,0.1047570239744715,0.084210885979951,-0.0128811840064929,-0.2962352852198349,0.054731021977364,-0.0232361866462876,-0.0961854451081865,-0.0887556104230869,0.3954572813184026,0.2166666666666667,-0.3406593406593406,-0.3617021276595744,-0.3877551020408163,-0.3406593406593406,-0.3877551020408163,-0.375,-0.4174757281553398,-0.3478260869565218,-0.4230769230769231,-0.3548387096774194,-0.3406593406593406,-0.3877551020408163,-0.4444444444444445,-0.3939393939393939,-0.3877551020408163,-0.3478260869565218,-0.3258426966292135,-0.3548387096774194,-0.3181818181818182,-0.3258426966292135,-0.3406593406593406,-0.3333333333333333,-0.368421052631579,-0.3939393939393939,-0.4915254237288136,-0.4871794871794871,-0.4545454545454546,-0.4545454545454546,-0.4339622641509434,-0.4444444444444445,-0.4174757281553398,-0.4444444444444445,-0.4594594594594595,-0.4827586206896551,-0.4827586206896551,-0.3877551020408163,-0.3181818181818182,-0.3333333333333333,-0.375,-0.368421052631579,-0.3617021276595744,-0.3814432989690721,-0.3548387096774194,-0.3333333333333333,-0.3548387096774194,-0.2771084337349397,-0.3333333333333333,-0.3023255813953488
NBCX-L,19.0,0.5076020827624008,1.6437180213781094e-07,0.0178346189357082,0.2249109554809036,0.1428534286642834,0.9957330918658588,4.528499999999999,1.709665126260131,-0.0143646451774412,-0.0085667306111263,0.0176127778976904,1.0,10.946859903381643,0.8213182674199624,2.9651237282821682e-08,0.0595306789767261,4.781943769057856e-11,0.3589743589743589,0.0017429432721293,3.031238203250743e-07,0.3788171627367607,2.0,0.0827113992043566,-0.3153823986018535,-0.485220387541377,0.485220387541377,0.485220387541377,0.0371884520070083,0.1494260163632904,0.485220387541377,0.6805841089277022,-0.073248407643312,0.0827586206896553,-0.01875,-0.0397553516819572,-0.0426829268292682,-0.01875,0.0501672240802675,0.0790378006872851,0.1335740072202167,0.1056338028169014,0.0644067796610168,0.2816326530612245,0.2337917485265226,0.256,0.2289628180039138,0.2764227642276424,0.3652173913043479,0.3986636971046771,0.3955555555555556,0.4570765661252902,0.589873417721519,0.6311688311688313,0.5939086294416245,0.6354166666666667,0.8150289017341041,0.9686520376175548,0.7942857142857143,0.8416422287390029,1.0258064516129033,1.2836363636363637,1.325925925925926,1.2589928057553958,1.4341085271317828,1.492063492063492,1.2508960573476702,1.2428571428571429,1.0933333333333333,1.2836363636363637,1.2269503546099294,0.9323076923076924,0.6881720430107527,1.019292604501608,1.2348754448398576,1.2035087719298247,1.3173431734317345,1.27536231884058,1.1506849315068497,1.3088235294117645,1.3345724907063197
NBGQ-L,19.0,0.1454742771504613,1.1639287076344606e-05,1.2628823617561913,0.1063934158172998,0.0516168395363026,1.6811938849188153,-589.15,-0.0634424167114779,-0.004161306103872,-0.0052203127018994,-0.0063694267515923,1.0,0.3122831367106176,-0.2943130347257171,2.061901946772215e-06,-0.0864485981308322,1.5690206745615428e-07,-0.0133208547808454,0.0113433761401514,6.147854500230972e-05,0.2980931015143016,4.0,0.0169354173097979,-0.0315095672058376,-0.0881023512539915,-0.1130696723587894,0.0219104425458408,-0.126728474430985,-0.8013122236485521,0.1124357708760472,0.2290129702147967,0.0,0.0,0.0,0.0,0.0,0.0,0.0,0.0,0.0,0.0,0.0,-0.176470588235294,-0.1249999999999998,-0.6818181818181818,-0.72,-0.6666666666666666,-0.7358490566037736,-0.925531914893617,-0.9326923076923076,-0.9369369369369368,-0.9377777777777778,-0.932367149758454,-0.9366515837104072,-0.9406779661016949,-0.9433198380566802,-0.9446640316205532,-0.944223107569721,-0.946153846153846,-0.946969696969697,-0.9414225941422594,-0.9487179487179488,-0.9523809523809524,-0.9522184300341296,-0.948905109489051,-0.948339483394834,-0.9537953795379538,-0.9551282051282052,-0.9542483660130718,-0.9536423841059604,-0.9580838323353292,-0.9593023255813954,-0.96,-0.9577039274924471,-0.9569230769230768,-0.9565217391304348,-0.961218836565097,-0.9587020648967552,-0.9583333333333334,-0.9593023255813954
NBHK-L,18.0,0.1226718437560812,1.097290310038315e-06,0.1190578571680503,0.0707312070229983,0.1121611202701781,1.130867195525332,-10.274900000000002,0.4399952405082125,-0.0083305955891501,0.0054977982600154,0.007477385566661,1.0,0.8629726474131093,0.0839391783580692,1.160488782838758e-07,0.064401931630533,2.006361493711396e-08,0.0923847641196913,-0.0083362899310403,1.446205426400283e-06,0.1547253469606015,4.0,0.2340008029973432,0.1164924263689404,0.0088135153812149,0.99443980842042,-0.0190803122733807,0.017583006014404,0.0410737793995511,-0.0055601915795798,0.5921100403491728,-0.0434116445352399,-0.0618112122664112,-0.161456102783726,-0.2076082557668961,-0.2410852713178295,-0.2199203187250997,-0.2372419166342034,-0.295176385889129,-0.299212598425197,-0.3091037402964008,-0.2817314746881879,-0.2892921960072596,-0.2572078907435509,-0.2984593335721964,-0.2312524538672948,-0.1868770764119601,-0.2475019215987702,-0.3158630328441649,-0.3592931937172775,-0.2043884599756197,-0.2050345107592367,-0.2509563886763581,-0.2614107883817428,-0.2168000000000001,-0.1453513749454387,-0.2566438876233865,-0.2375389408099689,-0.2177387135437476,-0.1962233169129721,-0.0645007166746297,-0.1005971520440974,-0.0467380720545278,0.2078963602714372,0.2747395833333332,0.3578363384188625,0.2615979381443298,0.3817925194071982,0.4622852875280057,0.4957983193277309,0.3682739343116701,0.2503192848020432,0.2071516646115905,0.0770077007700769,0.0072016460905348,0.0403825717321997,0.0758241758241757,0.1018570624648282,0.0823659480375897,0.0847645429362879
NBNT-L,23.0,0.0067450604241927,2.8570077034787e-07,0.0309990174867131,0.0445479051964721,0.1905484706050733,2.0585491233907134,-2.832799999999999,0.1511518394962372,-0.0042569725625618,0.004956477028759,0.0077343559924226,1.0,0.5344313940929214,0.0322526603412405,5.6759321927087625e-08,-0.0069864135512835,2.222524885097204e-08,0.0317369956592898,0.0227638521015971,3.806321396285884e-07,-0.0113147809320872,3.0,0.5475371313799864,-0.0411667952819087,-0.0065722533822531,-0.3816916794997941,-0.0034815677367981,0.0303620254865882,0.0762134688068558,0.0843384851605076,0.3354926659179248,0.0513739545997611,-0.0477815699658703,-0.172106824925816,-0.1592164741336013,-0.1834146341463415,-0.0515580736543909,-0.054771315640881,0.128032345013477,0.1356852103120758,0.0856031128404668,0.0521684475172845,0.0182481751824816,0.1333784698713607,0.0358910891089108,-0.0892274211099021,-0.1330916623511134,-0.1119363395225465,-0.1086261980830672,-0.1869839728023312,-0.1276706618030225,-0.0817334064728471,-0.0771775082690188,-0.0520951302378256,0.0495297805642633,0.0905537459283387,0.0151607034566403,0.0244798041615665,0.1333784698713607,0.2192279679533866,0.2768878718535468,0.462008733624454,0.5586592178770948,0.4543874891398782,0.5688847235238987,0.6460176991150441,0.7419354838709677,0.8136511375947992,0.7329192546583849,0.8766816143497755,0.91533180778032,1.0071942446043165,0.897959183673469,0.9694117647058822,0.91533180778032,0.9307958477508648,0.9307958477508648,0.8787878787878787,0.9533255542590428,0.8683035714285712
NCUQ-L,20.0,0.1447683727119892,3.974050950709533e-07,0.0431191259176989,0.1258538155758356,0.1539413667824657,1.4423946522287674,0.9470999999999998,0.1151407125848658,0.0125336553608005,-0.0001551729735906,-0.0023740010412557,1.0,2.999969388067469,0.3320131693400457,4.511261484340993e-08,0.0284895915967596,5.480553158212214e-10,0.0241758241758241,0.0022567547680901,5.152319207425621e-07,0.0327877247847249,3.0,0.0836360655827624,0.2201960331011125,0.0416304692022466,0.2203922113967655,0.0622567919290187,0.0239192214253596,0.0532611455562738,0.1411429934614163,0.4895786988517431,-0.0129171151776102,0.0916568742655699,0.0840140023337221,0.0878220140515222,0.286703601108033,0.3158640226628895,0.312146892655367,0.3502906976744184,0.4425465838509315,0.3047752808988762,0.3140028288543137,0.3522561863173215,0.5105691056910566,0.4887820512820511,0.2708618331053352,0.211212516297262,0.2554054054054051,0.2813793103448274,1.996774193548387,2.0559210526315788,1.996774193548387,1.9775641025641024,1.9585987261146487,1.996774193548387,2.1174496644295298,1.9213836477987416,1.9398734177215189,2.045901639344262,2.026058631921824,1.9871382636655943,2.192439862542955,2.127946127946128,2.086378737541528,2.214532871972318,2.282685512367491,2.329749103942652,2.5056603773584905,2.5056603773584905,2.378181818181818,2.4664179104477606,2.6007751937984493,2.4794007490636703,2.492481203007518,2.390510948905109,2.428044280442804,2.415441176470588,2.329749103942652,2.259649122807017,2.1174496644295298
NCVC-L^G21,22.0,0.0255039702327317,2.0460374547592504e-06,0.2219985293050681,0.5749981753883106,0.4934045075479844,1.0676684597204982,0.2217,0.6073163272093751,0.021372212958556,-0.0014998332978544,0.0037315325126081,1.0,0.213970686966132,0.0103850485844644,6.565799966295274e-08,-0.036450715039831,4.096507269114615e-11,0.1275167785234898,0.0175673928659257,3.131619416084364e-07,-0.001602191030469,5.0,0.0065455858509343,0.0107838884887017,0.1989560436059216,-0.1503199446038489,0.0921848268507844,0.0032668301182303,0.0072354757696181,0.0677484445433466,1.461769882496059,-0.1818181818181818,0.1578947368421053,0.0476190476190476,-0.0833333333333332,-0.0833333333333332,0.0999999999999998,0.0476190476190476,0.0999999999999998,0.0476190476190476,0.0476190476190476,0.0999999999999998,0.0999999999999998,-0.12,-0.12,-0.12,-0.12,-0.12,-0.12,-0.12,-0.12,-0.12,-0.12,-0.12,-0.12,-0.12,-0.12,-0.12,-0.12,-0.12,-0.12,-0.12,-0.12,-0.0833333333333332,-0.0833333333333332,0.0,0.0999999999999998,0.375,0.2222222222222223,0.2941176470588234,0.2222222222222223,0.0,0.0999999999999998,0.0476190476190476,0.0,0.0,0.0999999999999998,0.0,0.0999999999999998,0.0999999999999998
NDAW-L,19.0,-0.8445517586641442,-1.4919756409046258e-07,-0.0161881884062961,0.0430836680896093,-0.2655087400149244,-0.2531385585539096,-25.875200000000007,-3.1484354897146805,-0.6870872351560191,-4.314406055866767e-05,-0.0088887526947108,1.0,0.2582565907213081,-1.0970745918311715,-1.800697110137255e-07,-0.1672455884152963,5.768516609136621e-10,-0.6610695827695584,-0.2174308501642393,4.971708470751058e-07,-0.2885100928666405,1.0,0.3056802009242351,1.0922176149542355,0.0721199845519288,0.0717288220222923,-0.4189269415256666,0.0277580187906005,0.0409188546823573,-0.7884708440772284,1.6536866802719628,0.0220264317180616,0.0146871008939974,0.0037902716361339,-0.0124300807955251,0.0012602394454948,0.0076093849080534,0.0179372197309417,0.0101716465352827,0.0166346769033909,0.0037902716361339,0.0172855313700384,0.0025236593059938,0.0516214427531436,0.0338321405335069,-0.0239557739557739,-0.1711006781429317,-0.135473340587595,-0.1466165413533834,-0.1206419479800774,-0.0068749999999999,0.0251612903225806,0.0218649517684887,0.0205523442517663,0.0101716465352827,0.0245003223726627,-0.1719645648775404,-0.1749740394600207,-0.1420086393088552,-0.0961319681456198,0.1042390548992355,0.0558139534883721,0.1407035175879398,0.2260802469135803,0.3963093145869947,0.4367088607594935,0.3488964346349745,0.2129770992366413,0.2120518688024411,0.1174402250351618,0.4024713150926744,-0.0496411483253587,-0.0603193376700177,-0.084149855907781,-0.112290502793296,-0.2153086419753086,-0.2462049335863376,-0.2058970514742628,-0.220696419813634,-0.2508250825082508
NDEQ-L,9.0,0.0933030692624691,1.140791729578103e-06,0.1237778348683862,0.3482117880478681,0.2095989222897466,1.1418075358947586,4.425699999999999,0.1034192471107842,0.0661249232473586,-0.002307944765378,-0.0225784732034569,1.0,0.1663631829305255,0.3518477828143242,9.063430255765245e-08,-0.1267033118396693,6.1576724373725654e-09,0.0217146956833673,0.0827156087181488,1.3134313061921296e-06,-0.0624391421989019,5.0,0.1539020241334278,0.1270319501283469,0.5183873198917227,-0.0341365668240381,-0.0360674099473209,0.0204320973608096,0.0503880083313664,0.2491778069131079,0.5556842424614963,-0.1355828220858895,-0.1097760786455487,-0.0974529346622369,-0.2144578313253011,-0.1146116241173275,0.1726618705035971,0.0766182298546895,-0.1088026243849097,-0.1597938144329895,-0.1217672413793102,-0.2519504359798071,-0.220468675274988,-0.2307692307692308,0.01875,0.5362865221489164,0.5305164319248827,0.6267465069860281,0.837655016910936,1.0248447204968945,0.9404761904761904,0.8564920273348522,0.8887601390498261,1.0223325062034738,1.0685279187817258,0.966224366706876,0.7872807017543861,0.6856256463288521,0.7814207650273224,0.8273542600896862,0.8501702610669692,0.862857142857143,0.678681771369722,0.543560606060606,0.651469098277609,0.7971334068357221,0.5009208103130756,0.4926739926739927,0.4658273381294966,0.678681771369722,0.5391879131255903,0.4981617647058822,0.6531440162271807,0.4697926059513075,0.5538608198284081,0.5262172284644195,0.6717948717948719,0.9221698113207546,1.3153409090909092,1.2451790633608817
NDES-L,20.0,0.0009320289012084,6.23507415263225e-07,0.0676516106180116,0.0229843499819224,0.1124356053235124,1.7471817660958229,63.6403,0.4851480452446981,0.0001336775892017,0.0149963902291695,0.026909289370399,1.0,0.1638243082335992,-0.041806285177847,7.029287195767894e-08,-0.0589874697515941,1.7110670397429355e-08,0.1018653921603595,0.0721173221822367,1.179442637575024e-06,0.0152050615662966,5.0,0.2082181132860961,-0.0479734440961864,0.0196609943998584,-0.0350303122478997,0.0199827684474995,0.006091085977354,0.0170218687724481,0.111483757683522,0.9783841659117968,-0.2170111287758347,0.0953417501088376,-0.0175712612260835,-0.0982078853046594,-0.1857605177993526,-0.111895517119661,-0.0827561064527888,-0.0827561064527888,-0.0893955845095909,-0.1685393258426967,-0.1825860948667966,-0.1596526386105544,-0.2166874221668742,-0.2455772113943028,-0.27178002894356,-0.2628186346322884,-0.2850241545893719,-0.2983825989960958,-0.2458033573141487,-0.2005084207181442,-0.1356922019924424,-0.1336088154269972,-0.0544907929349868,0.0674586338565974,0.0958188153310104,0.0059976009596161,0.1073943661971832,0.0798283261802574,0.0934376358105171,0.1751517982251285,0.24863523573201,0.241243216576221,0.267506297229219,0.3548734518039849,0.2523643603782977,0.2969072164948454,0.3270042194092826,0.374863387978142,0.4704850964348335,0.2351497299950908,0.2915811088295688,0.270065623422514,0.3056564608199275,0.2739240506329115,0.3862258953168045,0.3270042194092826,0.6035691523263225,0.5426118945432252,0.7232876712328768
NDTG-L,18.0,0.3125947369577263,1.709948575215386e-07,0.0185532316626031,0.6677252558228429,-0.939610454804056,0.2555018568679105,-25.9149,0.1003873367403704,0.2414104703341099,-0.0087909906313327,-0.0100449389484778,1.0,1.7457990478892775,0.3780017263106579,-1.9667624196054538e-08,-0.0545678647489826,3.8305373912887645e-11,0.0210780926053904,-0.0025716109018727,1.7643523093742985e-08,-0.1010001509362016,4.0,0.7213346587396877,-0.0132728017907248,-0.0272292550455001,0.3345590513064332,-0.5231928772135624,-0.0755796243544477,-0.0823350376117838,0.1582865962166129,1.6536866802719628,-0.1276388437804482,0.108484339373575,0.0888836496522458,0.0261053099311265,-0.0883339913146465,-0.0059190701678862,0.1572287647206216,0.2144359716013673,0.2651691549102861,0.2684702004943697,0.3496493278784338,0.3518220400995171,0.2976959820174205,0.3852729454109178,0.4448615673392775,0.6679306608884075,0.6730664734649521,0.6670276123443424,0.6014216366158114,0.9632306057385762,0.9821888412017168,0.9401386263390046,1.2507309941520468,1.233857315598549,1.677391304347826,1.5686874304783092,1.8615241635687731,1.8847595252966896,1.758960573476703,1.9221765264156916,1.3739398612181963,1.645189003436426,1.668881826061832,2.1731363792511167,1.7805538832028902,1.175971731448763,1.2875185735512629,1.3191062013557624,1.0682937751903272,1.083690503045342,0.7712368168744008,0.987306368330465,0.968250585979118,0.9393239554902372,1.2098086124401917,0.7320457528595539,0.6377659574468086,0.5608313619466037,0.4772109387494003
NDVO-L,15.0,1.6976136066487026,5.200199873004373e-08,0.0056423049402837,0.424278125520685,-0.1561752284392382,1.9686794259967344,0.8517,0.287467580656417,0.0279147845173596,0.0161367711781009,0.0086206806039577,1.0,2.499152063312606,9.897269052548552,-3.286545515091635e-08,-0.0480335515372149,1.6566365144401163e-10,0.0603588907014682,-0.0193731027661243,2.754034434194988e-07,1.3174409628060733,3.0,0.0597594206357074,2.8758594466345206,0.0755904117398864,0.2499933852853006,0.1651367247284166,0.0047545322217811,0.0541505907885218,0.2487722722407605,1.6536866802719628,-0.2173913043478259,0.0298507462686565,-0.2500000000000001,-0.08,-0.0675675675675676,-0.1375,-0.1585365853658537,-0.1686746987951807,-0.188235294117647,-0.2333333333333334,-0.2886597938144331,0.5681818181818181,0.8157894736842104,0.6046511627906976,0.4999999999999998,0.6829268292682926,0.8157894736842104,0.8157894736842104,0.6829268292682926,1.225806451612903,1.225806451612903,1.15625,1.2999999999999998,3.928571428571428,5.2727272727272725,6.666666666666666,5.9,6.666666666666666,6.666666666666666,5.9,12.8,12.8,8.857142857142856,8.857142857142856,10.5,5.9,5.9,5.9,5.9,5.9,5.9,5.9,5.9,0.8648648648648647,0.9166666666666664,0.6046511627906976,0.3018867924528301,-0.1153846153846155,-0.1265822784810127
NEDG-L,21.0,-0.009834572772803,3.692687589510931e-07,0.0400662857929432,0.1892240403223334,0.078766765651735,1.6059326896517747,-0.3618000000000001,0.0925730258354955,0.0006371800745286,-0.0075541347015309,-0.0027699635737406,1.0,0.2409116014595764,0.0331368240850416,1.5130102409431267e-09,-0.0208693923778354,7.148746032988646e-11,0.0194373401534526,0.023051126266162,1.938813012667146e-07,-0.0697951473145872,2.0,0.0521977985689699,0.0187293032882353,-0.0750561371903259,0.1403648002538675,0.0568873176510633,0.007103814074014,0.0104784898313258,0.1846115574323215,2.87761498510835,-0.0212765957446807,0.146341463414634,0.3428571428571429,0.1749999999999998,0.1749999999999998,0.3428571428571429,0.7407407407407405,0.6785714285714284,0.6785714285714284,0.8799999999999999,0.8076923076923075,0.8076923076923075,0.8076923076923075,0.8076923076923075,1.6111111111111112,1.6111111111111112,1.4736842105263157,1.4736842105263157,1.6111111111111112,1.4736842105263157,1.6111111111111112,1.3499999999999996,1.4736842105263157,1.4736842105263157,1.9375,2.1333333333333333,1.9375,1.6111111111111112,1.9375,2.1333333333333333,1.9375,1.9375,1.9375,1.9375,1.9375,1.6111111111111112,1.6111111111111112,1.3499999999999996,1.3499999999999996,1.6111111111111112,1.764705882352941,2.1333333333333333,1.9375,2.615384615384615,2.615384615384615,2.1333333333333333,2.1333333333333333,1.9375,1.9375
NELS-L,19.0,0.0123334847127811,2.7792210829761136e-06,0.3015501947919785,0.0027930890233503,0.0049546683482572,0.1197747090586467,-0.0822999999999964,0.027198155213091,-0.0026203008881605,0.0004277669108206,0.0005976948889266,1.0,0.4186587584527556,0.0806228406021902,1.4135976103746148e-07,-0.0042994229983616,2.5641799441327324e-07,0.0057107325773567,-0.0007038362939562,4.474438465584592e-05,0.0083135939053816,2.0,0.3827180200230716,0.1122252338452994,0.0721441548706873,0.9278558451293126,-0.0721441548706873,0.0005763960373666,0.0101640066855478,-0.0721441548706873,0.812924642566074,-0.0674373795761079,-0.0238244514106582,-0.114334470989761,-0.135,-0.0715563506261179,0.0176470588235293,-0.0819575471698113,-0.1163450624290579,-0.0715563506261179,-0.2330049261083744,-0.2546673049305887,-0.2452738730004846,-0.2112462006079026,-0.2375122428991185,-0.237138657520823,-0.2295893122216724,-0.1978361669242658,-0.088407494145199,-0.0797872340425532,-0.0095419847328244,-0.020754716981132,-0.0201384518565135,-0.0201384518565135,-0.0176656151419557,0.0297619047619048,-0.0482885085574571,0.0038684719535784,0.0345514950166112,0.0534506089309878,0.1042553191489361,0.0745341614906831,0.1298984034833092,0.0156555772994129,0.0345514950166112,0.0599046970728387,0.0888111888111888,0.1628080657206869,0.3622047244094488,0.3341902313624678,0.2495987158908506,0.3106060606060605,0.1689189189189188,0.1593447505584513,0.1233766233766233,0.1440117560617193,0.1398243045387994,0.1019108280254776,0.0671692940370116,0.0463709677419355
NENL-L,21.0,0.3227891191025392,5.5819628919011074e-08,0.0060565242818749,0.0180062530247278,-0.1590962308719318,-1.9084997976267364,1.992,-2.298634585678614,-11.157527891124154,0.0082716011746893,3.439874458531325,1.0,0.0746070505677911,-1.4305885373210965,-1.8729403288058699e-07,0.156132430398796,1.9015753208282971e-16,-0.4826388888888889,0.1475343203503673,1.050638736176175e-06,0.0779270666165876,4.0,0.0033791942874851,-0.3355065076693297,0.0484828950003858,0.0098517092393579,-1.093065212677611,-0.0511503923758,-0.9919182677645624,-0.990148290760642,1.6536866802719628,0.0,-0.5,-0.5,-0.75,-0.6666666666666666,-0.6666666666666666,-0.75,-0.75,-0.75,-0.75,-0.75,-0.5,-0.5,-0.5,-0.5,-0.5,-0.5,-0.6666666666666666,-0.6666666666666666,-0.5,-0.6666666666666666,-0.6666666666666666,-0.6666666666666666,-0.6666666666666666,-0.6666666666666666,-0.6666666666666666,-0.6666666666666666,-0.6666666666666666,-0.6666666666666666,-0.75,-0.75,-0.8,-0.75,-0.8333333333333333,-0.8,-0.8333333333333333,-0.8,-0.8333333333333333,-0.8333333333333333,-0.8,-0.8333333333333333,-0.8333333333333333,-0.8333333333333333,-0.8571428571428572,-0.8,-0.8,-0.75,-0.6666666666666666,-0.6666666666666666
NEQI-L^C20,5.0,-0.0376897746002823,3.678172550359863e-06,0.3990879515967812,0.1968420662544648,0.0148541672202858,1.2530207731938323,-0.0118,11.478376719397788,29.9729130917216,0.00751575380707,-0.5080605268404136,1.0,0.1327999019696027,0.169126092434136,-5.512595028981032e-07,-0.2016153147896859,1.807732786871618e-11,2.4100877192982453,-0.1387301879837818,5.451546807270156e-06,-0.1028035171546687,3.0,0.004497193200211,5.800151929217791,-41.341812735673614,19.496008079441143,19.12392972383097,-0.025925090164923,-0.0504999981053501,19.397760193712983,1.6536866802719628,-0.25,0.0,0.0,-0.2,-0.3333333333333332,-0.2,-0.3333333333333332,-0.4285714285714286,-0.4285714285714286,-0.4285714285714286,-0.5555555555555556,-0.6000000000000001,-0.6666666666666666,-0.8095238095238095,-0.8,-0.875,-0.8918918918918919,-0.9,-0.9111111111111112,-0.9183673469387756,-0.9090909090909092,-0.92,-0.92,-0.9230769230769232,-0.92,-0.9285714285714286,-0.9183673469387756,-0.9047619047619048,-0.9,-0.8709677419354839,-0.8666666666666667,-0.8620689655172413,-0.8666666666666667,-0.8,-0.7647058823529411,-0.7777777777777778,-0.7647058823529411,-0.8,-0.8333333333333333,-0.84,-0.8571428571428572,-0.875,-0.8518518518518519,-0.8461538461538461,-0.8620689655172413,-0.8823529411764706,-0.8857142857142857,-0.8857142857142857,-0.8787878787878788
NESU-L,23.0,0.7569573283858997,1.9586080468968402e-07,0.021251229046896,0.236794527241632,0.489332678561685,1.6642993109971334,2.751,3.822644112192531,-0.0451820344545907,0.0178767159037528,-0.0006496589290622,1.0,1.117102396514161,0.4762372348782404,4.243731416916108e-08,0.4378321377530488,3.509495748961738e-11,0.8026315789473686,0.031329495247021,1.4271831417191248e-07,1.304345213053669,2.0,0.0755331107993646,2.083737753251667,-0.985410499607322,0.985410499607322,0.985410499607322,0.0436701901827801,0.0762367205762177,0.985410499607322,0.466907939987321,0.0,-0.1591836734693877,-0.1825396825396825,-0.055045871559633,-0.2509090909090908,0.0198019801980198,0.1573033707865168,0.2560975609756097,0.3205128205128205,0.4206896551724139,0.1381215469613259,0.1907514450867051,0.2638036809815951,0.4714285714285715,0.4507042253521127,0.9433962264150944,1.1020408163265305,1.191489361702128,1.06,1.2888888888888888,1.5749999999999995,1.9014084507042253,1.9014084507042253,2.121212121212121,2.8867924528301887,3.291666666666667,3.291666666666667,3.12,2.9615384615384617,2.9615384615384617,3.291666666666667,3.4782608695652177,4.024390243902439,4.024390243902439,3.904761904761905,3.904761904761905,3.904761904761905,3.904761904761905,3.291666666666667,3.291666666666667,3.204081632653061,3.291666666666667,3.291666666666667,2.8867924528301887,2.8867924528301887,2.6785714285714284,2.614035087719299,2.9615384615384617,3.12
NEUF-L^I19,17.0,-0.0177543575192542,2.4217474774815893e-06,0.2627637031270435,0.0089437202124666,0.0072845923284137,0.6524339399180774,0.1226,-0.1724032060094251,-0.0608857178022265,-0.0007782795158452,-0.0428291051737631,1.0,0.0275611329384858,-0.0352857560934822,-8.857875930636889e-08,-0.0637192752852643,2.1048471265329105e-12,-0.0361990950226244,-0.007647615187137,1.3929114852063123e-06,0.0142911730989682,3.0,0.0026788917770436,-0.0035611988644962,-0.1047431309196889,0.0025850809274528,-0.022379219358145,0.0028692962967097,0.00445347461996,-0.0412745681953542,1.6536866802719628,-0.0555555555555554,0.0140845070422535,-0.04,-0.027027027027027,-0.027027027027027,-0.027027027027027,-0.1910112359550562,-0.2,-0.1818181818181818,-0.2,-0.2340425531914893,-0.2941176470588236,-0.2871287128712871,-0.2421052631578947,-0.3076923076923077,-0.3739130434782608,-0.3394495412844037,-0.4782608695652174,-0.5,-0.4626865671641791,-0.4330708661417323,-0.4545454545454546,-0.4545454545454546,-0.4146341463414634,-0.3898305084745762,-0.3949579831932773,-0.3793103448275862,-0.3793103448275862,-0.3009708737864078,-0.2653061224489795,-0.2727272727272727,-0.28,-0.28,-0.2941176470588236,-0.2727272727272727,-0.2871287128712871,-0.3076923076923077,-0.3076923076923077,-0.2941176470588236,-0.3009708737864078,-0.3207547169811321,-0.3142857142857144,-0.2871287128712871,-0.3207547169811321,-0.2340425531914893,-0.1818181818181818,-0.1818181818181818,-0.1,-0.1
NEUH-L,13.0,-0.0504274752228238,1.280052713586292e-06,0.1388878875057327,0.0590495100933181,0.0630161590720995,0.3654490469198244,7.813599999999999,-0.1622183693911105,-0.1280448246260063,-0.0071521572828383,-0.1801632627525486,1.0,0.1123613355732947,-0.0791156279077297,-1.442767026480365e-07,-0.1893934928400109,1.1445865401119992e-09,-0.0340606088710611,-0.0048799788512074,2.817775500785017e-06,-0.0040443900453357,3.0,0.0924508540102871,0.9142609412546484,0.2223153962816072,0.0052133281037136,0.1080783689598656,-0.0057311518428663,-0.0185093546619149,0.0221540065211863,1.6536866802719628,-0.073170731707317,-0.0465116279069768,0.1388888888888888,0.1714285714285714,-0.0465116279069768,-0.2407407407407408,-0.3387096774193548,-0.3880597014925374,-0.3787878787878789,-0.3278688524590164,-0.3278688524590164,-0.4743589743589744,-0.4142857142857142,-0.4675324675324676,-0.5176470588235293,-0.5543478260869565,-0.5684210526315789,-0.6132075471698113,-0.6796875,-0.6846153846153846,-0.6846153846153846,-0.7132867132867133,-0.7320261437908497,-0.7388535031847134,-0.7530120481927711,-0.7337662337662338,-0.7007299270072993,-0.6495726495726496,-0.652542372881356,-0.6403508771929824,-0.652542372881356,-0.652542372881356,-0.6168224299065421,-0.5729166666666667,-0.5287356321839081,-0.5340909090909092,-0.4305555555555556,-0.4938271604938272,-0.5,-0.6611570247933884,-0.7248322147651007,-0.722972972972973,-0.7630057803468209,-0.74375,-0.7771739130434783,-0.7807486631016043,-0.7337662337662338,-0.788659793814433,-0.7908163265306123
NEYB-L,19.0,0.1662577479338842,7.010975203660292e-07,0.0760702684394418,0.0050932846149587,0.1534444168117384,8.400717722545105,0.2024999999999999,0.3589928567344493,0.0005925069976005,0.0018933211464385,0.0059697567054252,1.0,0.2493932038834951,0.2499403198854141,1.9281520804566125e-07,-0.0212810348424785,6.262951627335106e-11,0.0753768844221104,0.0275697314049586,1.7175282455567335e-06,0.1352332064784494,4.0,0.0020997303335691,-0.1186856704868969,-0.0645586116150749,-0.1084808496194102,0.0923852068710925,0.0209560895629451,0.0923042202663055,0.224852483713923,0.4811768882180225,-0.0192307692307692,0.04,0.04,-0.037037037037037,-0.0545454545454545,0.0,-0.0188679245283018,-0.0545454545454545,0.0,-0.1612903225806451,-0.0877192982456139,-0.0714285714285715,0.0196078431372548,-0.0714285714285715,-0.0877192982456139,-0.2352941176470588,-0.2571428571428571,0.0,-0.1333333333333333,-0.0714285714285715,0.04,0.04,-0.0545454545454545,0.2380952380952381,0.2380952380952381,0.2380952380952381,-0.037037037037037,-0.1034482758620688,-0.2571428571428571,-0.2121212121212121,-0.2972972972972972,-0.3246753246753247,-0.3333333333333333,-0.35,-0.35,-0.2972972972972972,-0.3157894736842105,-0.3246753246753247,-0.1999999999999999,-0.1333333333333333,-0.1999999999999999,-0.2121212121212121,-0.2676056338028169,-0.2972972972972972,-0.2352941176470588,-0.2777777777777777,0.3,0.2093023255813955,0.2682926829268293
NEYF-L^A21,17.0,-0.0177779322716874,5.778757479938434e-07,0.0627004974309204,0.2239327392142854,0.2560221890870313,5.153787029014497,0.8041,-4.4256172849521,0.0010541205374274,0.0009801102360545,-9.271487662384744e-05,1.0,0.4417112839680776,-0.1020958294489103,1.0065852507730672e-07,0.0030678464453796,1.735291039013621e-09,-0.9292364355625276,0.003552451136757,4.409109006083632e-07,0.119772799148985,2.0,0.039737077795408,-0.3279178444062103,0.0035274893791523,1.1562018447585083,-0.0131575363831701,0.0276033603306189,0.0480434092456667,0.1562018447585082,0.2477037061060929,0.0,0.0,-0.0190476190476189,-0.0190476190476189,-0.0190476190476189,-0.0096153846153845,0.0,-0.0283018867924527,-0.0462962962962962,-0.0462962962962962,-0.0283018867924527,-0.0373831775700933,-0.0462962962962962,-0.0602189781021897,-0.0803571428571426,0.0,0.0,-0.0096153846153845,-0.0190476190476189,0.03,0.0729166666666667,0.0774058577405858,0.0467479674796749,0.1839080459770117,0.0842105263157895,0.0404040404040404,0.0729166666666667,0.1368653421633554,0.211764705882353,0.2261904761904762,0.1244541484716157,0.1244541484716157,0.1244541484716157,0.131868131868132,0.1244541484716157,0.1704545454545454,0.1839080459770117,0.2261904761904762,0.25,0.2779156327543424,0.2779156327543424,0.2779156327543424,0.2779156327543424,0.2779156327543424,0.2779156327543424,0.2779156327543424,0.2779156327543424,-0.0171755725190839,-0.0171755725190839
NEYL-L,21.0,0.6472751588097624,2.991445251754177e-07,0.0324576876557813,0.3440227763351375,0.3442160419185812,0.753957738566888,0.195,0.1536335021293667,-0.0257225416606626,-0.0065041433802274,0.0356709709638297,1.0,0.1276978417266187,0.1957946321727733,5.3784717345096536e-08,0.0225119979792876,3.279268744694274e-12,0.032258064516129,0.0442159812771648,2.627368474390337e-07,1.8893243455087008,5.0,0.0197228753558602,-0.2919318391440693,-0.0150204714513796,1.1370684776457272,-0.0584562959291264,0.0408297879357541,0.0537303068443209,0.137068477645727,0.2752492009570083,-0.0416666666666666,-0.1028037383177571,-0.0204081632653061,0.032258064516129,0.3150684931506848,0.3150684931506848,0.4769230769230768,0.4328358208955223,0.6271186440677967,0.4117647058823528,0.536,0.2972972972972973,0.4769230769230768,0.28,0.2229299363057324,0.1851851851851851,0.1034482758620689,0.1294117647058823,0.0909090909090908,0.28,0.3913043478260869,0.3150684931506848,0.1428571428571428,0.0,0.3333333333333332,0.5118110236220472,0.4117647058823528,0.5483870967741935,0.3714285714285714,0.5483870967741935,0.4117647058823528,0.4328358208955223,0.263157894736842,0.5,0.5609756097560976,0.846153846153846,0.92,1.56,1.6666666666666663,2.692307692307692,2.764705882352941,2.555555555555556,2.368421052631579,2.4909090909090903,2.368421052631579,2.310344827586207,2.4909090909090903,2.555555555555556,3.3636363636363638
NEZP-L,21.0,-0.1539503026441541,1.4686420724616731e-06,0.159350152365809,0.0529109038275973,-0.3758551307847081,2.6834949553791865,-0.1235,-0.4822925130137083,0.1622021967576064,0.0023555738766857,0.0219914477703115,1.0,0.9365079365079364,-0.2141552511415524,-3.744141250973615e-07,-0.1290823590318823,2.0930951571001327e-12,-0.1012658227848102,-0.0009557183816502,7.891497713590543e-07,-0.0151757188498402,4.0,0.0013178537350741,0.5131753850965672,-0.0130536946106916,0.0240840247959706,0.0486168026701823,0.0203332391979666,0.031377106333527,0.0009977550511348,1.6536866802719628,0.0,0.0,0.0,0.0,0.0,0.0,0.0,0.0,0.0,0.0,0.0,0.0,0.0,0.0,0.0,0.0,0.0,0.0,0.0,0.0,0.0,0.0,0.0,0.0,0.0,0.0,0.0,-0.5,-0.5,-0.6666666666666666,-0.6666666666666666,-0.6666666666666666,-0.6666666666666666,-0.6666666666666666,-0.6666666666666666,-0.6666666666666666,-0.6666666666666666,-0.6666666666666666,-0.6666666666666666,-0.6666666666666666,-0.75,-0.6666666666666666,-0.6666666666666666,-0.6666666666666666,-0.6666666666666666,-0.6666666666666666,-0.6666666666666666,-0.5,-0.5
NEZQ-L,23.0,0.1014877789585548,3.500119306620521e-07,0.0379768873074447,0.0991043624143087,0.8666909709563738,1.958385055639216,-0.3979,0.8282849680018028,0.0501151648596586,0.0340962081236961,0.4340906499790183,1.0,0.0609667586006677,0.0532713085234094,7.84397730348209e-08,0.2390785222643628,3.605940173288659e-12,0.1739130434782609,0.3182784272051009,1.1516634190967505e-07,0.2795013850415512,3.0,0.011276250249108,-0.1350195130334383,0.0036194403230732,-24.48736764434608,0.2150603315110722,0.0364074657189706,0.0456754608115528,0.1659656889872716,0.0173463637790765,-0.048,-0.053030303030303,-0.0808823529411765,0.0245901639344261,0.3888888888888888,0.4534883720930232,0.6025641025641024,0.4534883720930232,0.4204545454545454,0.524390243902439,0.5625,0.4880952380952381,0.644736842105263,0.4880952380952381,0.4705882352941177,0.4534883720930232,0.5625,0.3586956521739131,0.3020833333333335,0.3586956521739131,0.4534883720930232,0.5822784810126582,0.4204545454545454,0.644736842105263,0.6233766233766234,0.9841269841269842,0.838235294117647,1.2321428571428568,0.953125,1.450980392156863,1.4038461538461535,2.4722222222222223,2.90625,2.125,1.9761904761904765,2.125,1.7173913043478262,1.3148148148148149,1.5,0.7605633802816902,0.7361111111111112,0.6891891891891893,0.644736842105263,0.6891891891891893,0.7361111111111112,0.4534883720930232,0.4204545454545454,0.4880952380952381,0.4367816091954022
NFAK-L^L22,26.0,0.6610037804114389,5.519298933110891e-07,0.0598853282522055,0.0090357573952438,0.0226407501734061,0.1344181990496062,0.612,1.031905022635579,0.0206107125892703,0.0011635302480451,-0.0030360531309297,1.0,0.375,0.1006181940456791,5.4374517937535794e-08,0.0015078289442146,5.105919747737277e-12,0.2166666666666666,0.0002145325509659,3.1638783494288625e-06,0.8229165888182235,2.0,0.0216754523571886,0.4313380281690143,-0.2660202999545523,0.2660202999545523,0.2660202999545523,0.0045257793137152,0.0304693191699372,0.2660202999545523,0.3869910861991401,-0.027027027027027,0.0277777777777779,-0.0512820512820513,0.0,-0.0263157894736841,0.0,-0.119047619047619,0.0882352941176469,0.15625,0.2758620689655173,0.4230769230769229,0.3214285714285714,0.2333333333333334,0.3214285714285714,0.3214285714285714,0.5416666666666667,0.5416666666666667,0.5416666666666667,0.6086956521739129,0.48,0.3703703703703702,0.3703703703703702,0.48,0.3214285714285714,0.2758620689655173,0.2758620689655173,0.4230769230769229,0.2758620689655173,0.1935483870967742,0.5416666666666667,0.2333333333333334,0.2333333333333334,0.6818181818181819,0.9473684210526316,0.6818181818181819,0.5416666666666667,0.5416666666666667,0.9473684210526316,0.8499999999999999,1.0555555555555558,1.0555555555555558,1.0555555555555558,1.3125,1.176470588235294,1.8461538461538456,1.8461538461538456,1.8461538461538456,1.8461538461538456,1.8461538461538456
NFBG-L^L19,23.0,-0.0138943829113923,6.060025564053631e-07,0.0657523037831837,0.1348008490865633,0.1180900473239271,1.5145821535664532,-0.367,0.6999147892616591,-0.0264237406871929,0.0010212149163262,0.0107596882255096,1.0,0.275634895335246,0.0318892432138135,3.279639975119098e-08,-0.0615264603613246,2.7709630030035048e-11,0.1469594594594596,0.0082245516877637,7.604151321141391e-07,-0.0475713713599175,5.0,0.0123103551982026,-0.171484983544397,0.1215544584684481,0.7756035484939108,1.0217094674970262,0.0050933916902971,0.0124449297736943,0.021709467497026,0.6425885568187711,-0.0263157894736841,-0.1058823529411764,-0.1648351648351648,-0.1648351648351648,-0.1693989071038252,-0.1162790697674418,-0.0379746835443037,-0.0787878787878787,0.1692307692307693,0.1875,0.1343283582089551,0.3103448275862071,0.2666666666666668,0.3103448275862071,0.5670103092783505,0.52,0.52,0.5670103092783505,0.3693693693693693,0.4339622641509433,0.3818181818181816,0.4339622641509433,0.4074074074074074,0.3818181818181816,0.4339622641509433,0.6703296703296704,0.6703296703296704,0.6521739130434783,1.0821917808219177,1.1714285714285717,1.1111111111111112,1.1714285714285717,1.2352941176470589,1.1714285714285717,1.1408450704225357,1.1111111111111112,1.1714285714285717,1.2028985507246377,1.2686567164179103,1.375,1.4126984126984126,1.375,0.853658536585366,0.853658536585366,0.8095238095238095,0.6521739130434783,0.7272727272727273,0.6344086021505375,0.6888888888888889
NFBH-L,22.0,0.2102745938814215,5.415032150935218e-07,0.0587540160054757,0.1442392859576207,0.2530697552904293,2.3537376500836813,-0.128,0.2381319283005185,-0.0172259748606921,-0.0012917512456172,0.0236633684652746,1.0,0.3287380699893956,0.1190871369294604,7.6497117148918e-08,0.1444560513356214,3.24053916542028e-12,0.05,0.0847695225529809,4.407786645168626e-07,0.3449050439044313,3.0,0.0042009109654162,0.4581124072110287,-0.1138591402501578,0.075887068540402,0.1780649851967874,0.0062908554157587,0.0117131265541159,0.2818817790899172,-0.0245955149296792,-0.0714285714285715,0.3333333333333335,0.1200000000000001,0.1666666666666667,0.1666666666666667,0.2173913043478261,0.1666666666666667,0.0769230769230771,0.1200000000000001,0.1666666666666667,0.4000000000000001,0.2727272727272729,0.4000000000000001,0.2727272727272729,0.0769230769230771,-0.0344827586206895,0.0370370370370369,-0.0666666666666665,-0.1249999999999998,-0.176470588235294,-0.0666666666666665,0.0,0.0769230769230771,0.0370370370370369,0.1666666666666667,0.3333333333333335,0.7500000000000002,0.6470588235294119,0.7500000000000002,1.3333333333333337,1.0,1.0,1.1538461538461542,1.1538461538461542,1.1538461538461542,1.3333333333333337,1.0,1.0,1.3333333333333337,1.3333333333333337,1.3333333333333337,1.545454545454546,1.545454545454546,1.3333333333333337,1.8000000000000005,1.3333333333333337,1.3333333333333337,1.3333333333333337,1.545454545454546
NFKH-L,22.0,0.3066482910844078,1.2836174500656397e-07,0.0139274667451493,0.3742900767160727,0.1935043020683049,1.2312385007070497,46.13419999999999,2.1848129002904693,0.8371422489900627,-0.0906276395692358,0.0044244863524891,1.0,0.4621469076262653,2.323802219399372,5.1952958234752033e-08,0.0796275130832109,1.1969827923458406e-10,0.4587400177462289,0.0115615674651864,3.176626682335752e-07,0.0493221887170313,4.0,0.1215003127162569,0.1318588243978571,-0.0578239210715751,0.5701669920209013,0.2605097218420428,0.0694880030668895,0.2779884533718065,0.5259606959726761,-1.5969789602914988,-0.0140845070422535,-0.144578313253012,-0.144578313253012,-0.3983050847457627,-0.3771929824561403,-0.4132231404958678,-0.4033613445378151,-0.3983050847457627,-0.3173076923076924,-0.3931623931623932,-0.4580152671755726,-0.297029702970297,-0.3660714285714287,-0.1931818181818182,0.0757575757575756,0.6904761904761905,0.8205128205128203,1.4482758620689655,1.629629629629629,1.7307692307692304,1.84,1.629629629629629,1.629629629629629,2.736842105263157,3.176470588235293,2.55,2.944444444444444,2.736842105263157,2.227272727272727,2.380952380952381,2.55,2.55,2.55,2.55,2.736842105263157,2.380952380952381,2.55,2.227272727272727,2.380952380952381,2.380952380952381,1.9583333333333333,2.227272727272727,2.08695652173913,1.7307692307692304,1.84,1.629629629629629,1.5357142857142851,0.6904761904761905,0.6511627906976745
NGDB-L,19.0,0.170705545710442,1.633769236615311e-07,0.0177266729359624,0.1936161280408704,0.3381675181368061,0.8208190341216614,19.2078,1.0287476672869855,0.1010832623829523,-0.0204896360669731,0.0713444107703167,1.0,0.3421452805871252,0.2973586355521992,3.243307795096947e-08,-0.0338026091956753,9.238136258679955e-10,0.2160037242021415,0.0475874106510921,1.3370697515650785e-07,0.0466708952099156,3.0,0.655463211500798,0.2659155894717145,-0.0657930728504686,0.839431928040183,-7.928865225614867e-05,0.0416127015221012,0.0823263173101793,0.4746881220504532,-0.236877386379487,-0.1663113006396589,0.2048811817597946,0.1411192214111922,-0.0924044508950169,0.193384223918575,0.4287890327494288,0.4179894179894181,0.5751469353484469,0.3653566229985445,0.4656249999999999,0.396872673119881,0.5453047775947282,0.7132420091324203,0.223744292237443,-0.007932310946589,0.2333990795529257,0.7648165569143932,0.509251810136766,0.7116788321167884,1.0798226164079825,1.3807106598984773,1.9968051118210868,2.0504065040650405,1.872894333843798,2.671232876712329,3.159645232815965,3.2733485193621874,3.949868073878628,4.299435028248588,4.880877742946709,5.051612903225807,5.871794871794872,6.415019762845851,6.474103585657372,6.1603053435114505,5.130718954248366,5.402730375426621,5.446735395189004,5.380952380952381,5.973977695167287,6.5951417004048585,6.915611814345992,6.0,5.821818181818182,5.897058823529412,5.871794871794872,5.628975265017668,5.55944055944056,6.328125000000001
NGDI-L,18.0,-0.0021260629697835,3.935611501799498e-07,0.0427020513863664,0.0007458387365831,0.2872473254542621,0.8092570578755571,-3.672600000000001,0.0344597872096803,0.0085444551065726,0.0028066780240467,0.0383973407657061,1.0,0.3701383345173231,0.0113618859013455,5.169278369850536e-08,-0.1201697103212867,1.5790106671334873e-08,0.0072354403409089,-0.093760694531876,6.732472556948031e-07,-0.0089701539190329,4.0,0.6908821822668849,-0.0030468284962955,-0.0081053690978363,-0.2140337312646777,0.1374885378575328,0.0043394914974913,0.0120374220088218,0.0140602528650407,0.3423740707941176,-0.0245398773006134,0.1013513513513511,0.065359477124183,0.1063348416289591,0.1038374717832957,0.181159420289855,0.2103960396039603,0.1267281105990783,0.1615201900237528,0.0988764044943819,0.0338266384778012,0.0166320166320166,-0.022,0.0890868596881959,0.0382165605095541,-0.0101214574898786,0.0,0.0561555075593951,0.020876826722338,0.0964125560538116,0.1113636363636361,0.020876826722338,0.1063348416289591,0.0124223602484472,0.0939597315436242,-0.0944444444444445,-0.0703422053231939,-0.0578034682080925,-0.0392927308447937,0.0561555075593951,-0.0297619047619048,-0.0060975609756097,0.0448717948717949,-0.0160965794768611,-0.033596837944664,-0.0876865671641792,-0.0523255813953489,-0.0977859778597786,-0.0961182994454714,-0.0523255813953489,-0.1060329067641682,-0.0541586073500968,0.0,0.0166320166320166,0.0041067761806981,0.1425233644859811,0.156028368794326,0.1985294117647058,0.2379746835443037
NGLG-L,20.0,-0.0548653403708215,2.460699376391036e-07,0.0266990050133263,0.2830954243253813,0.4107231180136512,1.3335927673822645,-0.2955,0.4710301878471784,0.0304382748239418,0.0021844944874501,-0.0100694179571288,1.0,0.7586646821177971,0.1055406295939575,3.0012656890275364e-08,-0.138875360060114,7.313376517070781e-12,0.0989010989010987,-0.1112193801596968,1.4790824029121048e-07,-0.2386456034382622,5.0,0.0249183630371162,0.0363809350768819,0.0738127757892262,0.0164520016626943,-0.1165270376049321,0.0146593545665471,0.0331524655655596,0.031879771648669,-0.1398795124290194,-0.0789473684210526,0.0,-0.0952380952380952,0.0857142857142858,0.0555555555555555,0.0555555555555555,-0.0256410256410256,-0.1162790697674418,-0.073170731707317,-0.05,-0.073170731707317,-0.1739130434782608,-0.2083333333333332,-0.2549019607843137,-0.2692307692307693,-0.2692307692307693,-0.2692307692307693,-0.1914893617021276,-0.1914893617021276,-0.05,-0.05,0.0,-0.0256410256410256,-0.0256410256410256,-0.05,0.0270270270270269,-0.0952380952380952,-0.2244897959183673,-0.2244897959183673,-0.24,-0.2083333333333332,-0.24,-0.1555555555555555,-0.1162790697674418,-0.1363636363636363,-0.24,-0.3090909090909092,-0.1363636363636363,-0.073170731707317,-0.0256410256410256,-0.0256410256410256,-0.05,-0.0256410256410256,-0.0256410256410256,0.0,-0.05,-0.1363636363636363,-0.1739130434782608,-0.1555555555555555
NGSN-L,18.0,0.2255356815276691,3.792591803924086e-07,0.0411502634405425,0.16136546743747,0.2136918462115312,2.6204074590626933,-1.045,0.8680943482077134,-0.0028283479027471,0.0020966776587202,0.04638162235465,1.0,0.3448345292136477,0.0844461505152637,4.166147078028441e-08,0.0955961477235949,1.256694806650035e-08,0.1822717252581505,0.1284510905702569,4.377582169976431e-07,0.3826000309241155,3.0,0.2584340844708591,-0.1251475465643798,0.0078394270008822,-0.2156887396631011,0.0322284155123556,0.0191258536116908,0.0383619867175748,0.2033586921576496,0.830604565096203,-0.1601024655779699,-0.0264962593516209,-0.1177966101694915,-0.0955690703735882,-0.2430925836160929,-0.5953614926146671,-0.6328905607147055,-0.6370714700755374,-0.5652234442433524,-0.5489601386481802,-0.535820451843044,-0.4899559039686427,-0.4734446130500759,-0.4436130411544629,-0.4501760563380281,-0.4222016651248843,-0.3727656155854589,-0.3394670050761421,-0.3283870967741935,-0.3191628515369522,-0.3004032258064516,-0.2133501259445844,-0.1613856068743286,-0.1903033445683173,-0.1249649761838048,-0.1552610224506356,-0.2109651339060131,-0.1432098765432099,-0.2055456626812516,-0.1604838709677419,-0.1961389961389961,-0.1115220483641535,-0.1069488132685158,-0.1722767028889477,-0.0101426307448494,-0.0325278810408922,0.0855057351407717,0.1928953399541635,0.3960661600357622,0.4391705069124425,0.2512019230769231,0.3788079470198677,0.277823240589198,0.1364628820960698,0.1393651951842394,0.1820590461771385,0.0908138316451274,0.1596732268845153,0.1644295302013423
NGTB-L,18.0,-0.0698502646439604,7.922100293397004e-07,0.0859561299843517,0.0285575275527256,-0.2846370993036823,1.0059252962519694,-0.0262999999999999,0.492686748207969,-0.1367431644258324,-3.373051008963884e-05,-0.0527684149261149,1.0,0.4395065189962147,-0.2215614845958541,-2.369401092128956e-07,0.0406161893888201,3.878407422377299e-12,0.103448275862069,0.019499045707652,8.318327419483918e-07,0.1466758238058686,3.0,0.0057560698180687,0.7857347364715417,-0.0707634060197938,-0.2093344536909689,-0.0867829379463839,-0.049243786614322,-0.1004707623613987,-0.0921687322644574,1.6536866802719628,0.0241935483870967,0.0163934426229508,0.0081300813008129,-0.008,0.0,0.0081300813008129,0.0163934426229508,-0.1677852348993288,-0.1205673758865247,-0.2250000000000001,-0.0534351145038168,0.0,-0.6231003039513678,-0.6219512195121951,-0.6253776435045317,-0.6384839650145773,-0.6287425149700598,-0.6231003039513678,-0.6184615384615384,-0.6075949367088608,-0.6112852664576802,-0.6137071651090342,-0.6100628930817611,-0.6112852664576802,-0.605095541401274,-0.6331360946745562,-0.6207951070336392,-0.6063492063492064,-0.6075949367088608,3.0,3.275862068965518,3.275862068965518,3.1333333333333337,3.275862068965518,3.428571428571428,3.428571428571428,3.769230769230769,3.592592592592593,3.428571428571428,3.592592592592593,3.769230769230769,3.592592592592593,3.592592592592593,3.428571428571428,3.592592592592593,3.592592592592593,3.428571428571428,3.275862068965518,3.1333333333333337
NGTE-L,20.0,0.0683046093682665,3.718772915462767e-07,0.0403493159977071,0.236567422777413,0.2415894845577421,1.2903850315575114,0.5880000000000001,0.2093004413318221,0.0092773713533831,0.0039999293885777,0.0222113531115738,1.0,0.2286416180615213,0.1048088185742021,4.892011879796687e-08,-0.0379704414948692,1.865781971589452e-10,0.043946320601681,0.0548417109978328,3.1891833044078745e-07,0.0700718749787637,5.0,0.0832910086759633,-0.0650611868856874,-0.068313528113862,0.1443035423719737,0.0733133074834425,0.0144895825988128,0.0273113657930665,0.2316141484325797,0.6147138784861905,-0.0773161885921529,0.3625336927223719,0.5048375093029023,0.3881006864988556,0.6492659053833605,0.8488265772630292,0.8786001858160422,0.895032802249297,1.0193075898801598,0.9752523607945294,0.8820974247595408,0.91175543649543,0.7752414398595258,0.91175543649543,0.9523656260057932,0.9196202531645568,0.8891311118031766,1.0066159444260667,1.154119318181818,1.8359046283309957,1.661693725318122,1.743554952510176,1.737364620938628,1.6512237762237765,2.074505828687278,2.2095238095238097,2.228312932410857,2.3662597114317423,2.419391206313416,2.671912832929782,2.784154709918901,3.017218543046358,2.916074887023886,3.014559894109861,3.132152588555858,3.253856942496493,3.676946800308404,3.6094224924012153,3.0413057961359096,3.06841046277666,2.6852976913730253,2.595732068761114,3.087601078167116,2.9621162638798166,3.033244680851064,3.3829479768786124,3.2360335195530725,3.104194857916103,2.5144843568945534
NGTG-L,18.0,0.1086575628285207,6.80625859127103e-07,0.0738490585212647,0.1104181998045626,0.6017423550729726,1.2183284407527817,1.5380000000000005,0.4779008146722257,0.0218431812799929,-0.0027619136784945,0.0772211680399072,1.0,0.2074862087852738,0.1242885053697796,9.066526463676337e-08,0.0341197401971354,5.051096231198121e-10,0.1003437082299025,0.1451071328259792,2.62087431022773e-07,0.071186846999076,5.0,0.0987431950338285,-0.1472973903826071,0.0177402666584529,-0.0895565413175753,0.0875176708100197,0.0356663252161479,0.0483002036915004,0.1217700689948666,0.6588696886941415,0.0005727376861395,0.0771128932757556,0.0473905218956207,-0.1221719457013574,-0.0849056603773583,-0.0737400530503978,-0.2264067346034558,-0.2682313495389773,-0.2034671532846715,-0.2431729518855656,-0.1693625118934347,-0.1548886737657309,-0.1487079473427596,-0.248709122203098,-0.1581485053037608,-0.0858638743455497,-0.0495372890582471,0.0569007263922518,-0.1009268795056642,-0.1428571428571429,-0.1055327868852458,0.0639853747714809,0.3651290070367476,0.427636958299264,0.4623115577889449,0.4001603849238171,0.4987124463519314,0.5248908296943233,0.8554729011689692,0.8733905579399142,0.8733905579399142,1.0045924225028702,0.9165751920965974,0.4672268907563026,0.5103806228373702,0.5547640249332146,0.9662162162162162,0.785276073619632,0.4229828850855748,0.4311475409836067,0.4103392568659127,0.2866617538688283,0.3534883720930233,0.3117956423741548,0.6302521008403361,0.6256983240223464,0.5701438848920866,0.5222319093286836,0.5800904977375565
NGTY-L,18.0,-0.0714208062618304,1.233477518625397e-06,0.1338343999660179,0.285172942168965,0.0310830537655944,0.2107554519910869,0.1742,0.3315668986413321,-0.1252100057675424,0.0058439731343501,-0.1953023062246328,1.0,0.0906977068798258,-0.040819062098944,-5.593539796360273e-09,-0.0261673561621995,5.473653761024125e-11,0.0696183206106869,0.0633493722091077,1.2662687360901547e-06,-0.0731949977779349,3.0,0.0471374203536464,0.7231947417697626,0.04445460874087,-0.5644269224798678,-0.3222333341282546,0.0021317366605462,0.0040148426938983,-0.189321419083539,1.6536866802719628,-0.0135135135135135,0.0277777777777779,-0.1259842519685038,-0.1558935361216729,-0.0133333333333331,0.0990099009900991,0.0183486238532111,0.0325581395348839,-0.0305676855895196,-0.1294117647058822,-0.1868131868131867,-0.1155378486055775,-0.1259842519685038,-0.0472103004291845,-0.0472103004291845,-0.0788381742738588,-0.0593220338983049,-0.0176991150442475,-0.0512820512820511,0.0325581395348839,0.0136986301369863,0.0422535211267607,0.1999999999999999,0.2065217391304348,0.1935483870967742,0.2065217391304348,0.1808510638297873,0.2758620689655173,0.2197802197802199,0.2402234636871509,0.2613636363636364,0.3058823529411767,0.5524475524475527,0.7209302325581397,0.5744680851063833,0.4800000000000002,0.5744680851063833,0.3293413173652697,0.4140127388535033,0.4899328859060403,0.3373493975903616,0.563380281690141,0.3874999999999999,0.3536585365853659,0.3373493975903616,0.2832369942196533,0.3373493975903616,0.2758620689655173,0.1044776119402988
NGUM-L^F20,21.0,0.0411087504323336,2.4144407190067853e-07,0.0261970907456748,0.0278373449305569,0.3052549277807497,0.9660483083866672,1.8585,-0.4119038759792744,0.1198974928957856,-0.030189238598745,-0.0038726667183022,1.0,3.778669724770642,0.1940617116242965,5.3928918600492864e-08,-0.0321955942870974,4.402093993379591e-12,-0.0864864864864864,0.010104254162755,3.091200905373388e-07,-0.0535063478713605,3.0,0.0214948262312245,-0.065503149130503,-0.0216133600611319,-0.2914973605012578,0.0315055003056868,0.0419818456883509,0.0833920270460628,0.148502639498742,-0.920497436629676,-0.0408163265306122,0.0888888888888888,-0.0392156862745098,-0.0392156862745098,-0.0297029702970297,0.1395348837209302,0.1807228915662651,0.1136363636363635,0.3066666666666666,0.4202898550724638,0.441176470588235,0.4848484848484848,0.53125,0.53125,0.5555555555555556,0.4848484848484848,0.4202898550724638,0.4202898550724638,0.4202898550724638,0.4202898550724638,0.53125,0.7192982456140351,0.7499999999999998,0.6333333333333333,0.6333333333333333,0.4848484848484848,0.4848484848484848,0.5076923076923077,0.2894736842105263,0.3243243243243243,0.3611111111111111,0.2894736842105263,0.1666666666666667,0.240506329113924,0.1666666666666667,0.2564102564102564,0.1666666666666667,0.3611111111111111,31.666666666666664,31.666666666666664,31.666666666666664,31.666666666666664,48.0,48.0,48.0,48.0,48.0,48.0,48.0
NGZW-L,21.0,0.0761366845523864,6.055800686672951e-07,0.0657064631480172,0.0574767891228622,0.186062597267854,0.6018852688468779,-5.49,0.523809656160193,-0.067567772490189,0.0056423426111418,0.4204569508282374,1.0,0.0657318494113865,0.0630980861244019,1.913421471012354e-09,0.0888685885779221,1.9842601504338434e-10,0.1099830795262268,0.1491936562671859,1.0444389311077685e-07,0.1567943486463954,4.0,0.1419413066804354,-0.222452849589122,-0.0214698867914823,-0.0476709907032789,0.0139515750513381,-0.0041993950233666,-0.0051346049192773,0.0117232004142931,9.514690029970568,-0.1216216216216216,-0.2291666666666666,-0.119047619047619,-0.1956521739130435,-0.2884615384615385,-0.2525252525252525,-0.3148148148148149,-0.2815533980582524,-0.421875,-0.4263565891472868,-0.3148148148148149,-0.4598540145985401,-0.5487804878048781,-0.4931506849315068,-0.408,-0.4676258992805755,-0.3451327433628318,-0.075,0.0724637681159421,0.1935483870967742,0.2131147540983606,0.574468085106383,0.8048780487804879,0.9473684210526316,1.176470588235294,1.4666666666666668,1.3870967741935485,1.8461538461538456,2.083333333333333,3.352941176470588,2.8947368421052637,2.7,2.083333333333333,2.7,2.8947368421052637,3.111111111111112,2.523809523809524,1.96,2.083333333333333,2.083333333333333,1.96,2.363636363636364,2.2173913043478257,2.363636363636364,2.363636363636364,2.523809523809524,2.523809523809524,3.111111111111112,3.352941176470588
NHBL-L,18.0,0.1248383642756358,6.662847270793102e-07,0.0722930214038726,0.1309464267673344,0.107244394101774,0.5422211783942729,25.5865,0.943816755099793,0.0216467951371703,0.0011754251289402,0.0509078499864631,1.0,0.1510435989631554,0.0191149174316872,1.0439321843271314e-07,0.0285383557410813,5.2755685662702294e-08,0.1981709806483221,0.0414153876779773,2.408977073892625e-06,0.1449022036392455,2.0,0.6556385262129643,0.1085985566444999,0.0967516278219943,-0.1528890222335274,0.0228335599082262,0.007349723635403,0.0340858299520824,0.0753453157658279,0.7587093137468963,0.0330188679245282,0.0474308300395256,-0.0669014084507042,-0.0381125226860253,-0.1246903385631709,-0.0527256478999106,-0.0932420872540632,-0.1770186335403727,-0.1181364392678868,-0.1580619539316918,-0.2217327459618208,-0.2296511627906976,-0.2909698996655518,-0.1620553359683795,-0.0947907771135782,-0.0660792951541849,-0.0611160318866252,-0.0814558058925476,-0.1627172195892575,-0.0535714285714284,-0.0424570912375791,0.0211946050096338,0.0950413223140496,0.0750507099391482,0.2604042806183115,0.0182516810758885,0.1053180396246089,0.0696266397578202,-0.0028222013170273,0.1674008810572687,0.0402355250245338,0.0557768924302788,-0.0319634703196346,0.0882956878850103,0.0311284046692608,0.0211946050096338,0.0674723061430009,0.1216931216931216,0.1817168338907469,0.2114285714285713,0.25,0.3038130381303812,0.1534276387377584,0.1923509561304834,0.2128146453089243,0.3316582914572863,0.4002642007926023,0.5208034433285509,0.4950634696755993
NHJE-L,9.0,0.2636943978786401,1.6980699044520793e-07,0.0184243460728785,0.2131802039799918,0.5017599065708586,1.123862509574486,-5.828999999999997,0.6907692864732522,0.2074601251242589,0.0269806340095538,0.2016418943113802,1.0,0.127762396387611,0.9173934554897876,5.612772853377136e-08,0.0939087670604862,6.039769417410622e-10,0.1450391997837252,0.112236593099698,1.2259831876665589e-07,-0.1416355753140008,4.0,0.4048838393622764,-0.2910923232099769,0.0030992445741606,0.0455426095248223,0.2645960557450351,0.0409006538964899,0.0828273889714843,0.2975105661515795,-0.3140172984614898,-0.1128502415458937,-0.0905096660808435,-0.0566897557418883,-0.1255491720175735,-0.1953039962680764,-0.1768729123588356,-0.248911465892598,-0.1290811174688657,-0.0001931993817619,-0.0895496129486277,-0.1045163523100882,-0.0228474320241691,-0.0745708154506438,-0.1308364124958011,0.0475708502024292,0.200139146567718,0.0984928889832308,0.1038822525597269,0.2015323891339679,0.5715153355602793,0.4565156206023077,0.5696087352138308,31.54716981132076,40.07142857142857,57.80681818181818,65.34615384615384,69.89041095890411,75.10294117647058,83.8360655737705,114.0,125.21951219512196,109.10638297872342,111.5,114.0,91.41071428571428,93.09090909090908,98.51923076923076,94.83333333333331,119.34883720930232,122.21428571428572,96.64150943396226,104.6122448979592,86.71186440677967,81.14285714285714,78.61538461538461,79.859375,76.23880597014924,71.88732394366197,28.91329479768786
NHYM-L,15.0,0.0836418772563176,1.1697865695547909e-07,0.0126923824115693,0.5334038714216801,0.8119890046684287,4.026018218017108,1.3906999999999998,0.4921530753871193,0.004830493585361,0.0103826714801444,0.0006632881542878,1.0,0.4775298073983491,0.0911450835992558,5.644252943255445e-08,-0.0120366866677477,2.7773271605066783e-10,0.1033362218370883,0.0201155234657039,7.58857586821593e-08,0.0670080158712792,3.0,0.1083993481581063,-0.2247757461964852,0.090662873739683,0.1289186778379295,-0.1170376149960552,0.0774131466776911,0.1380631546832096,0.1289186778379295,0.7775935451997514,-0.1206876111440425,-0.0422391279663904,-0.0564876957494407,-0.0731787715635645,0.0112696319386165,0.0331945124938755,0.0184737985993721,0.0499128703012197,0.0484773151025481,0.1288811563169163,0.1624862183020947,0.2321063394683027,0.2707140705031636,0.2217555040556198,0.1932380817654546,0.2435500515995872,0.2070692615912994,0.2649970005998798,0.2036244292237441,0.2737843551797039,0.3055254604550379,0.2649970005998798,0.3722140881730924,0.3374028856825748,0.3855124835742443,0.2703313253012045,0.516268200611181,0.5378304466727437,0.4621251516727336,0.7661222780569514,0.6809485850936627,0.632475324172634,0.5909090909090906,0.672947243157477,0.6716210860087197,0.5176322418136019,0.6660082954769897,0.5542657084945639,0.4214694978092348,0.5278029342510413,0.3569819819819819,0.5409207161125318,0.4124246483590086,0.5725205070842654,0.5801798426376918,0.6849780263683578,0.8120300751879699,0.7558284762697751,0.7569256404915643
NIHB-L,23.0,0.0462063533735889,2.5649935449111366e-09,0.0002783061440653,0.0622333751568381,0.1757439640651319,1.916123647683161,-8.983500000000001,0.7874047142085905,-0.0395884590216457,0.0002671606864274,-0.0077534647579962,1.0,0.1263940520446096,-0.9360730593607308,4.488738703594489e-08,0.0313061329227601,2.319001444148345e-09,0.1653295128939828,0.0440010501443949,3.627633727802894e-07,0.2515802781289508,3.0,0.3069121420696346,-0.0704770755885997,0.0110317524381649,0.2166992299735661,-0.1621628482029098,0.0178078755956859,0.1628440366972477,0.1257901390644752,0.6074767396917414,-0.1072796934865899,-0.0968858131487889,-0.0711743772241993,-0.1122448979591836,-0.1687898089171975,-0.2412790697674418,-0.3113456464379948,-0.2868852459016394,-0.2090909090909091,-0.1869158878504673,-0.2208955223880597,-0.245664739884393,-0.2090909090909091,-0.2208955223880597,-0.1442622950819672,-0.0404411764705883,-0.0187969924812031,-0.0809859154929577,-0.1869158878504673,-0.2090909090909091,-0.1525974025974026,-0.327319587628866,-0.2790055248618784,-0.2770083102493075,-0.2564102564102564,-0.227810650887574,-0.3058510638297872,-0.2809917355371901,-0.3358778625954198,-0.2300884955752212,-0.7492795389048992,-0.7156862745098039,-0.742603550295858,-0.7542372881355932,-0.7358299595141701,-0.7519011406844106,-0.7530747398297067,-0.759447004608295,-0.71,-0.6950934579439252,-0.7064116985376828,-0.669620253164557,-0.6817073170731707,-0.6670918367346939,-0.6700379266750949,-0.6477732793522267,-0.6150442477876106,-0.6282051282051282,-0.6200873362445415
NIHF-L,24.0,0.2381743183157442,3.627648169170508e-07,0.0393605970662368,0.089380663091287,0.2095012357999953,1.0601442851481693,-1.5855,1.064794041489559,-0.0167620622009895,-0.0001658914008533,0.1118729700469144,1.0,0.1621868475991649,0.0989545121056492,2.4285904829444552e-08,0.1126735280038289,1.2668853577885638e-10,0.2235722964763061,0.0732442277816467,2.591965330252783e-07,0.50501953125,5.0,0.0835843990383718,-0.0811580967676865,-0.0336935115114886,-0.0448724943581252,-0.0805408762855279,0.0007270522458134,0.0012429140141994,0.1148675189258676,0.6626198844912448,-0.1693379790940766,-0.1776504297994269,-0.1983240223463687,-0.1223241590214068,-0.0608638743455497,-0.0446071904127829,0.0629629629629628,0.0383502170767002,0.1388888888888888,0.0249999999999999,-0.0620915032679739,-0.0257976917854718,-0.012388162422574,0.039855072463768,0.0308908045977012,0.0996168582375478,0.0757121439280359,0.0235378031383737,-0.002086230876217,0.143426294820717,0.1272584446190101,0.1714285714285714,0.3117001828153565,0.4378757515030058,0.4870466321243523,0.4642857142857142,0.4278606965174127,0.3784822286263207,0.4553752535496957,0.6196388261851016,0.5700218818380742,0.5962180200222469,0.6306818181818179,0.6686046511627908,0.5734649122807018,0.6306818181818179,0.6051454138702461,0.6882352941176471,0.7185628742514971,0.6822977725674093,0.5734649122807018,0.5769230769230769,0.8516129032258064,0.9930555555555554,1.0857558139534884,1.0918367346938775,1.1482035928143717,1.0857558139534884,1.1259259259259258
NIHJ-L,19.0,0.046708013171667,1.8411567760948579e-07,0.0199768628654558,0.0303132597643067,0.3600082520758515,1.0573809209004923,7.591099999999997,0.1308667292103586,-0.0123505870425143,-0.000596306879132,-0.0005371151621855,1.0,0.3137307350570751,0.0964387367905446,5.162366685017275e-08,-0.0697320514676564,2.198862700844359e-08,0.0274777788397209,0.0839805985894186,2.5206992961410785e-07,0.0128912964426362,4.0,1.5450140795477825,0.0468279085200748,0.0108715861948798,0.0679398855794893,0.0370070510511026,0.030776579300528,0.0765149373748533,0.0370070510511026,0.3403723050760432,0.0349826662464545,0.0127673156718801,-0.0106018085438104,-0.060408646727865,-0.0465745192307692,-0.0975540386803184,-0.0536832687145839,-0.019771393265369,-0.0149022042843837,0.0082618366698443,0.0111536010197579,0.0937607721475353,0.0524046434494196,0.0365893498856582,-0.0155134967421656,-0.047147147147147,0.011475932419509,0.0665546218487396,0.0301948051948051,0.1978104945262364,0.1168602604716648,0.1751851851851851,0.1910660660660661,0.2147779479326186,0.2877435064935065,0.165686994856723,0.1121626358219418,0.2037177541729893,0.1644036697247706,0.0907528360261258,0.1973584905660377,0.239937475576397,0.2255697180378524,0.2129204892966361,0.2175748273215656,0.2389691526747364,0.2856564019448946,0.2919381107491858,0.4121050289274588,0.4931764705882353,0.4495203289173137,0.5630541871921182,0.5793927327028372,0.5731284085275159,0.8730814639905549,0.7845894263217097,0.7855936972425437,0.8038658328595794,0.7235198261814231
NIIA-L,20.0,0.064044867881525,3.311819264679243e-07,0.0359337999591749,0.1798069308764283,0.069158584058336,1.7781924113997096,-4.021699999999999,0.2231499089197848,0.0033602631324808,0.0030250869673135,-0.0030900006620589,1.0,0.6058082941152809,0.2630714470224029,9.765510866947489e-08,-0.0082455931765759,1.5523558130325854e-08,0.0468542606848951,0.0180162872405153,1.5353808297189111e-06,0.0333580784421302,3.0,0.1863814134915012,0.1065543582252704,-0.0042686518146372,0.0900670081200811,0.0436714293327808,0.0151849988778066,0.0902914475635283,0.1280382465427648,0.8914071484506092,-0.0168612191958494,-0.0209523809523809,-0.1802232854864432,-0.2320717131474102,-0.2142675159235668,-0.1315122500704026,-0.1236146632566069,-0.1958279009126466,-0.1749598715890851,-0.1633206728160607,-0.1873517786561265,-0.1278280542986425,-0.0916053019145803,-0.0918727915194346,-0.1305328446574569,-0.1305328446574569,-0.0507848568790397,-0.0677146311970978,-0.0886524822695036,0.0195041322314049,0.0408369895376308,0.0111475409836065,0.0068560235063663,0.0514831230821684,0.0641821946169771,-0.0045190445448676,-0.0249762883338602,-0.0203303684879289,-0.0657376552559829,0.0088321884200195,0.1875240662302657,0.2056293979671619,2.4266666666666667,2.5125284738041005,2.6154747948417354,2.7246376811594204,2.889029003783102,2.831055900621118,2.706730769230769,2.7336561743341403,2.9037974683544303,2.8598247809762203,2.826302729528536,2.706730769230769,2.7747858017135862,2.760975609756098,2.6367924528301883,2.5245714285714285,2.4535274356103023
NIIN-L,18.0,0.0439428446723792,3.144995240634852e-07,0.0341237310425741,0.0729319138127577,0.1516510629828734,0.266292261728462,10.448399999999992,-0.0487793521658416,0.0130808597558599,0.000530698471317,-0.1388874855933865,1.0,0.0556437399223899,0.0994365197234485,6.593688692596853e-08,-0.0332378856742741,2.6498505065764524e-08,-0.01024208566108,0.0537463509578643,7.393976192256182e-07,0.021903667249618,4.0,2.6987174197302366,-0.0601354219366778,0.0121984041648463,0.1314746447123426,-0.0205696751381274,0.0165686516689996,0.0562657422631998,0.0133704781637593,0.5439770952551015,0.0466076696165191,0.0495356037151704,0.0554171855541718,0.0411547911547911,0.0580524344569288,0.090032154340836,0.1625514403292181,0.1217736598279284,0.1546321525885559,0.1945031712473572,0.1225165562913908,0.0285194174757281,0.0272727272727273,0.0573923892701184,0.0907335907335906,-0.0190972222222223,0.0379669320269442,0.0613650594865371,-0.0380249716231555,0.121031746031746,0.1042345276872964,0.1522773623385451,0.2055476529160738,0.1100196463654223,0.2167982770997847,0.0011813349084466,0.0113365155131264,0.0366972477064218,-0.0297653119633657,-0.7496677004873726,-0.7238964000651572,-0.7241659886086249,-0.7210335747202107,-0.7036195139010317,-0.7041884816753927,-0.7,-0.7032563025210083,-0.7036195139010317,-0.6902412280701755,-0.6725903032644389,-0.6695906432748537,-0.6587477350513389,-0.6916499909041296,-0.6943192064923355,-0.6909190371991247,-0.6944844989185293,-0.6972132904608789,-0.7015845070422535,-0.710058159425248
NIKH-L,21.0,0.1196513531586511,9.597962975618209e-08,0.010413952393469,0.4391003638360678,1.6682240212026742,1.85500648103656,0.6689999999999996,0.7937730943350606,-0.0030618416073992,0.0074517881985811,0.0029550054097322,1.0,0.0712300059875117,0.0639250882346625,4.0843133081596646e-08,0.0697639000192184,3.4849351851838396e-11,0.1666666666666666,0.0320861163847105,2.8861852100080112e-08,0.3225087300491251,4.0,0.1306000217771799,0.1102908208474426,-0.0070719680387238,-0.1460605050748183,-0.0053108249840153,0.097661377733741,0.1304260007820329,0.1790014454326667,0.4875997458457534,-0.0691719321582974,-0.0453968253968254,-0.2109682498032012,-0.271030303030303,-0.1831024178212442,-0.0849056603773584,-0.0926372963186481,-0.1401201029453816,-0.1562850729517396,-0.0227494312642183,0.0773916159082765,0.0365391244398483,0.1321536144578314,0.1018688164162697,0.0735451624419849,0.0073701842546063,0.061044460127029,-0.0380678182981446,-0.054699779943414,0.0040066777963272,0.0050133689839571,0.023833844058563,0.0312071330589849,0.1287537537537537,0.2193836171938361,0.1956262425447317,0.3211775043936731,0.3246696035242291,0.3921296296296295,0.5133366884750881,0.7782377291543465,0.7411696583671106,0.5540051679586562,0.7452118398142773,0.4597087378640776,0.317703768624014,0.4394447103877452,0.4339532665712924,0.4463684463684465,0.3705560619872379,0.4519555770159342,0.4908279623202776,0.770906949352179,0.7232091690544413,0.9350064350064352,0.7920143027413586,0.988756613756614,0.9425064599483204,0.8840852130325814
NIKW-L,21.0,0.0243909530904576,4.546999911002422e-07,0.0493357191797639,0.0243676405890116,0.3179991644917527,2.887873211630237,-6.450899999999999,-0.0708826434345982,-0.0126950115568606,-0.0052237089265596,0.0005564579461821,1.0,0.2166525014598835,-0.0432797869747452,7.186336743617327e-08,-0.0535259451413236,3.777164832083035e-09,-0.0148830616583983,0.0920586221693163,3.888018797836198e-07,0.1167714315286547,4.0,0.1162550822444741,0.0025364557336762,-0.0294475049428842,-0.2113064907518503,-0.0137110173852451,0.0061864402909761,0.0108926319957748,-0.0225978011090775,0.5051643811675777,0.019174041297935,0.0119402985074625,0.0882825040128409,-0.015965166908563,0.019548872180451,0.107843137254902,0.0351145038167939,-0.1395939086294415,-0.1160365058670143,-0.2549450549450549,-0.3081632653061225,-0.3287128712871286,-0.4229787234042553,-0.4792626728110598,-0.5160599571734474,-0.5588809368900456,-0.5670498084291188,-0.5356164383561643,-0.5,-0.4723735408560311,-0.4536663980660758,-0.4492282696994313,-0.4478827361563517,-0.4312080536912751,-0.3704735376044568,-0.4160206718346253,-0.4419753086419753,-0.4541062801932367,-0.4606205250596659,-0.4678178963893249,-0.4932735426008968,-0.508695652173913,-0.481651376146789,-0.4340567612687813,-0.4175257731958762,-0.4424342105263158,-0.3404669260700388,-0.3280475718533201,-0.3253731343283582,-0.4170249355116079,-0.4249363867684478,-0.4094076655052264,-0.4244482173174871,-0.3957219251336898,-0.3841961852861035,-0.3627819548872181,-0.3423860329776915,-0.3869801084990958,-0.3442940038684718
NILT-L,20.0,0.2654291591802319,5.292769846341906e-07,0.0574274492925336,0.0273045474713186,0.1062751427680271,1.4130944558369865,-0.1577999999999999,1.605846432919921,0.0051100141606254,-0.0004370773320768,0.096298762979748,1.0,0.2047241285512345,0.0278257292290859,4.188749125945624e-08,0.0985011387869652,5.150368791925744e-10,0.3371757925072045,0.1573923997366686,6.718247234988945e-07,0.5472084537486577,4.0,0.076445369598224,-0.660744352762643,-0.119475614395174,-0.4491964794967128,0.1441696577315472,0.0089671316997262,0.0206402845079203,0.2827837241646331,0.4358547287641253,0.1611650485436893,-0.0602189781021897,-0.1241496598639455,-0.1666666666666665,-0.1786283891547048,-0.1315345699831365,-0.0917107583774249,0.0446247464503044,0.0684647302904564,0.0177865612648222,-0.0737410071942444,-0.0096153846153845,0.122004357298475,0.1393805309734515,0.243961352657005,0.1099137931034484,0.1495535714285714,0.1731207289293852,0.2004662004662005,0.2232779097387174,0.2004662004662005,0.330749354005168,0.3239074550128535,1.200854700854701,1.278761061946903,1.1369294605809128,1.1548117154811717,0.93609022556391,0.9288389513108616,0.9003690036900371,1.0355731225296445,0.9884169884169888,0.965648854961832,1.043650793650794,1.0850202429149798,1.119341563786008,1.2294372294372296,1.2294372294372296,1.1458333333333337,1.200854700854701,1.1729957805907172,1.0934959349593498,1.1020408163265305,1.043650793650794,1.06,1.330316742081448,1.2687224669603523,1.2198275862068968,1.1280991735537191
NIMO-L,18.0,0.0474358373113623,3.729985543355133e-07,0.0404709749094714,0.1012211911930959,0.2872072035599459,2.547840884232758,0.4352,0.331980168140133,0.0009369960019489,-0.0019110583449753,0.004616055841099,1.0,0.4241003649148975,0.1363868482720636,7.622252423444031e-08,0.0003375518270142,6.019660610217195e-10,0.0697050938337802,0.003591950476623,2.7899096799789057e-07,-0.053347431468614,3.0,0.0726299479207022,0.0047350523908007,-0.0389260289735942,1.1024550262836037,0.0780896167738284,0.0387137249188479,0.0683813301564694,0.1024550262836036,0.5316774214366173,-0.0731034482758621,-0.0122615803814714,-0.0416391275611368,-0.0651192778852353,-0.0416391275611368,-0.0109140518417462,-0.0602721970187944,-0.0235690235690235,0.0211267605633802,-0.028801071667783,-0.0333333333333333,0.0283687943262411,0.0869565217391303,0.0877719429857464,0.2013256006628003,0.1817440912795436,0.1943986820428336,0.2013256006628003,0.1953833470733716,0.2543252595155709,0.3615023474178402,0.288888888888889,0.8471337579617835,0.7220902612826603,1.1044992743105952,0.9754768392370572,1.0138888888888888,1.1771771771771773,1.746212121212121,1.6703499079189688,1.665441176470588,1.6126126126126126,1.810077519379845,1.9233870967741933,2.333333333333333,2.38785046728972,2.6989795918367347,2.7084398976982094,2.5802469135802477,2.6523929471032743,2.7958115183246077,2.6616161616161618,2.670886075949367,2.571428571428572,2.606965174129354,2.606965174129354,2.51089588377724,2.4278959810874703,1.9411764705882355
NIMS-L,21.0,0.010010738810455,6.100379425459575e-08,0.0066190150014349,0.1712403099962356,0.4153761245835798,1.6244793295326196,-0.9135,0.0256515542154958,0.0175475290985949,-0.0014774786366024,-0.0214555202670438,1.0,0.7201979907408643,0.0394503674268554,1.995851555614077e-08,-0.0743737933055936,9.392043049371728e-11,0.0053859964093357,0.014512172293869,6.325992578891528e-08,-0.0168396344599317,4.0,0.2319499467092132,0.275749365812672,0.0253376956300698,-0.1033835643164998,0.0214731492098289,0.0342871027441399,0.0670712118507942,0.052273970565065,0.4254408950910111,0.0246913580246912,0.0216216216216216,0.0903846153846152,-0.0190311418685121,0.1025765678172094,0.1277971158627548,0.2006352567496028,0.4060756354618724,0.5630599586492075,0.4794520547945204,0.3396337861783816,0.4418308963763508,0.5837988826815641,0.5619834710743803,0.6494545454545455,0.7513513513513514,0.539714867617108,0.423728813559322,0.4228356336260979,0.5428571428571429,0.5826936496859734,0.4765625,1.3002028397565923,1.328542094455852,1.4204909284951976,1.2702702702702702,1.2816901408450705,1.3649635036496353,1.3526970954356845,1.3213920163766637,1.481400437636761,1.4308681672025725,1.3974630021141643,1.495049504950495,1.5454545454545454,1.5860889395667046,1.716167664670659,1.7129186602870816,1.594965675057208,1.565610859728507,2.296511627906977,2.1809256661991583,2.1898734177215187,2.106849315068493,2.128275862068965,2.128275862068965,2.048387096774193,1.9763779527559056,1.849246231155779
NINM-L,22.0,0.1275667156623343,3.778771638985648e-07,0.0410003123101782,0.0987581643682779,0.1706559628462709,1.1770613291150054,9.518299999999996,-0.4977899066169026,0.0019609797366016,0.0021703166619917,0.0122580677749387,1.0,0.2026393732360472,0.1757260395035194,5.087091026827597e-08,0.0235542778373316,3.2101232298434594e-08,-0.1045197740112994,0.0484353897117324,4.137860417349948e-07,0.0859783121856789,5.0,1.01201236305106,-0.036512474691798,-0.0514122122421744,-0.0782495183354937,0.0624752490725106,0.0223682869363783,0.0481626214971863,0.1576989220885939,0.4744185616002295,-0.0380952380952381,0.0473815461346633,-0.0759075907590758,-0.0718232044198895,-0.0266512166859791,0.0566037735849056,0.0966057441253263,0.1275167785234898,0.25,0.2316715542521994,0.2209302325581397,0.16991643454039,0.1864406779661016,0.1125827814569537,0.1140583554376657,0.1797752808988764,0.1522633744855968,0.1413043478260869,0.1506849315068494,0.222707423580786,0.3084112149532712,0.2746585735963582,0.3145539906103287,0.3166144200626959,0.4432989690721649,0.390728476821192,0.2086330935251799,0.2481426448736998,0.2923076923076924,0.3333333333333335,0.348314606741573,-0.6501457725947521,-0.6451204055766794,-0.6260017809439002,-0.5791583166332666,-0.6335078534031413,-0.6263345195729537,-0.5988538681948424,-0.5674562306900104,-0.564992232004143,-0.5353982300884955,-0.5254237288135593,-0.5694515633008714,-0.5232690124858116,-0.4982078853046594,-0.4680177327422419,-0.5023696682464455,-0.4912174439733495,-0.5099183197199533
NINQ-L,22.0,-0.0885175748487774,4.152157502041981e-07,0.0450516121663465,0.1429285949554818,-0.3307568307917146,1.1058306459321767,-3.9282,-0.2751746727028209,-0.1068930605341474,-0.0263193844355207,0.0940568683168729,1.0,0.2136472493000978,-0.1191162596189394,-4.8920164209221615e-08,0.0216712220165919,1.2912751251076211e-11,-0.0577777777777777,0.0425646825598536,1.3120892364649224e-07,0.024058328626215,4.0,0.0295243865846772,-0.8263960651787331,0.0039774985577405,-0.0056447644607345,-0.2338965602391829,-0.0700169377142025,-0.0907878143150056,0.0342709352066347,1.6536866802719628,0.08,-0.3421052631578947,-0.3421052631578947,-0.3421052631578947,-0.358974358974359,-0.3421052631578947,-0.3421052631578947,-0.2857142857142857,-0.3243243243243243,-0.4186046511627906,-0.4318181818181817,-0.3902439024390244,-0.4565217391304348,-0.4444444444444444,-0.5098039215686274,-0.5283018867924529,-0.4897959183673469,-0.5833333333333333,-0.576271186440678,-0.6428571428571428,-0.6376811594202898,-0.6575342465753424,-0.6753246753246753,-0.6753246753246753,-0.6031746031746033,-0.5901639344262295,-0.596774193548387,-0.5833333333333333,-0.5535714285714286,-0.5370370370370371,-0.576271186440678,-0.5535714285714286,-0.3902439024390244,-0.4047619047619047,-0.5098039215686274,-0.4791666666666666,0.0416666666666667,0.0416666666666667,0.0,0.0,0.0416666666666667,0.0,0.0416666666666667,0.0,0.0,-0.0740740740740741,-0.0384615384615385,-0.0740740740740741,-0.1071428571428572
NINR-L,22.0,0.1593412008683522,1.5503825726693363e-06,0.1682191350858233,0.0442122312855466,0.1372462785003521,1.4622438441341314,1.000399999999999,0.0971967054287834,-0.0042559547676857,0.0040730504754774,0.0154010751773689,1.0,0.1545794792588607,0.1101422135294314,1.6498094560785588e-07,0.0201509686402307,2.505666933586638e-09,0.0204081632653062,0.1256931140658687,1.646719543934669e-06,0.2124745050660472,4.0,0.0546762081650714,-0.1626037559790291,0.012306666135714,-0.096162570574337,-0.0349076674027249,0.0239016540842413,0.0504736665101033,0.0984420727190953,0.3722381243333649,-0.0522727272727273,-0.0265486725663715,-0.2212389380530973,-0.2465753424657533,-0.0476190476190475,0.0161662817551964,-0.0067720090293452,0.0161662817551964,-0.0455531453362255,-0.1304347826086955,-0.1199999999999998,-0.1146881287726356,-0.0833333333333332,-0.1355599214145382,-0.1791044776119402,-0.1836734693877549,-0.1522157996146435,-0.1489361702127658,-0.1603053435114503,-0.1836734693877549,-0.2142857142857142,-0.2465753424657533,-0.1287128712871286,-0.1129032258064515,0.0810810810810811,-0.0134529147982062,-0.0455531453362255,0.0653753026634382,0.1,0.3622291021671828,0.4102564102564103,0.3924050632911393,0.4814814814814814,0.7959183673469388,0.7813765182186234,0.698841698841699,0.5942028985507248,0.5942028985507248,0.5384615384615385,0.4965986394557824,0.4012738853503186,0.3538461538461539,0.2903225806451612,0.3253012048192774,0.3373860182370822,0.3213213213213213,0.3056379821958457,0.7254901960784317,0.6479400749063673
NIRB-L^F22,9.0,-0.0541246733855916,2.9998988753920544e-07,0.0325494109040797,0.1796369376479873,-0.004135893648449,0.4770385240381284,0.9905,-0.8659342847291575,-0.0502404411483763,0.00212073013709,-0.0050786654323975,1.0,1.0740740740740742,-0.0127762430939226,-7.449906266276175e-09,0.0122002685593707,4.0386117090464134e-13,-0.1818181818181818,0.0011944755505785,1.0294511320906417e-06,-0.0655300504809982,1.0,0.0026794759027812,-0.8531539351851851,-0.0346157694136287,0.6883725471053402,-0.2686587028946597,-0.0043106679661144,-0.0193277310924369,-0.3116274528946597,1.6536866802719628,0.0,0.0,-0.25,-0.3315508021390374,-0.3315508021390374,-0.3315508021390374,-0.3478260869565217,-0.329159212880143,-0.3303571428571428,-0.3303571428571428,-0.3478260869565217,-0.3478260869565217,-0.3478260869565217,-0.3478260869565217,-0.2857142857142857,0.5306122448979591,0.5306122448979591,0.5306122448979591,0.5306122448979591,0.5306122448979591,0.5306122448979591,0.5306122448979591,0.5306122448979591,0.5306122448979591,0.5306122448979591,0.5306122448979591,0.5306122448979591,0.5306122448979591,0.4534883720930232,0.4705882352941177,0.4705882352941177,0.4705882352941177,0.4705882352941177,0.4423076923076923,0.4880952380952381,0.4880952380952381,0.5,0.0135135135135133,-0.1883116883116883,0.1194029850746267,0.1194029850746267,0.1194029850746267,-0.1071428571428572,-0.1238317757009346,-0.1935483870967742,-0.21875,-0.2574257425742574,0.0,0.2175324675324674
NIVO-L,19.0,0.0499196125523511,3.516877712005037e-06,0.3815871884431158,0.1642818132168214,0.1395136082945795,1.5332407461969366,-0.0294999999999999,30.659485768691724,0.1078566887020113,-0.0085435962951133,-0.0101085549248082,1.0,1.901020408163265,0.1647565080311874,2.311737964910766e-07,0.1089884485413011,1.469682574759855e-11,6.437499999999999,0.0944006669180842,3.2878908685135982e-06,-0.0502415458937198,3.0,0.0021855049137998,3.317921524104893,-0.7439551824370387,1.2199011245792275,0.7732223572904197,-0.0070453756891167,-0.0137468030690537,0.9921783523019998,0.2871175538368683,-0.1875,-0.111111111111111,-0.2727272727272727,-0.3043478260869565,-0.36,-0.2727272727272727,-0.2727272727272727,-0.3333333333333332,-0.3333333333333332,-0.5555555555555556,-0.6000000000000001,-0.5,-0.5294117647058824,-0.6000000000000001,-0.6666666666666666,-0.6666666666666666,-0.6666666666666666,-0.6799999999999999,-0.6799999999999999,-0.7241379310344827,-0.7333333333333334,-0.7241379310344827,-0.7142857142857143,-0.7037037037037037,-0.7333333333333334,-0.728813559322034,-0.7377049180327868,-0.7714285714285714,-0.746031746031746,-0.7333333333333334,-0.6981132075471699,-0.7419354838709677,-0.7714285714285714,-0.728813559322034,-0.7681159420289855,-0.6190476190476191,-0.6000000000000001,-0.6444444444444444,-0.5151515151515151,15.0,15.0,15.0,15.0,15.0,15.0,15.0,15.0,15.0,15.0
NJCO-L,17.0,0.0466004760287118,1.6753732853635945e-06,0.1817808391154217,0.0962519332549161,0.0533180604464752,1.0912125129967745,1.9116,-0.0175691858840158,0.0024517267641119,0.0003748014247751,-0.0055622163831994,1.0,0.2570065257955221,0.0730592562769928,9.170918782406756e-08,-0.0240559752653051,1.4059912753985572e-08,-0.0036889605710167,0.0246088699913627,1.2348082996219726e-05,0.0490073602637457,4.0,0.0354241483511819,-0.0460587297512718,0.014159454611071,-0.0655279826871793,-0.0058337852319748,-0.0009508489011895,-0.0088449250513851,0.018710861591659,4.261287960170472,0.0,0.0,-0.119047619047619,-0.119047619047619,-0.1395348837209302,-0.119047619047619,-0.2291666666666666,-0.3018867924528302,-0.3148148148148149,-0.4032258064516129,-0.4477611940298508,-0.4393939393939394,-0.4477611940298508,-0.3392857142857143,-0.3728813559322034,-0.2291666666666666,0.0277777777777779,0.0277777777777779,0.0571428571428571,0.0882352941176469,0.0571428571428571,0.0571428571428571,0.0571428571428571,0.0571428571428571,0.0882352941176469,0.0,0.0277777777777779,0.0882352941176469,0.0882352941176469,-0.119047619047619,-0.0512820512820513,-0.075,-0.075,-0.0512820512820513,-0.0263157894736841,0.0,0.0277777777777779,0.0277777777777779,0.0277777777777779,-0.159090909090909,-0.1395348837209302,-0.1395348837209302,-0.1777777777777778,-0.2291666666666666,-0.2291666666666666,-0.2884615384615385,-0.2291666666666666,-0.119047619047619,-0.075
NJHD-L,18.0,0.0913024804636297,4.654713728625916e-07,0.0505044323449422,0.0597465471469942,0.1819973241135951,1.9701085428023164,1.1961000000000004,0.3194788373053877,0.0004021169107424,0.0031622611059361,-0.0008947019680732,1.0,0.3133966755851434,0.1636233639817158,7.68992588865055e-08,0.0096743185675862,1.051866564318413e-09,0.0670802188487322,0.0063133665400498,4.538660476277736e-07,0.0259102798497158,4.0,0.0897507414263306,0.0108499393901369,0.1077392667705993,0.0535839054880342,-0.2951563998707445,0.0251617546278698,0.0496961699493345,0.146599676328073,0.7214000236961879,-0.1538997214484678,0.0301291248206598,-0.1775486827033219,-0.225249527920151,-0.1961936747830953,-0.1211750305997552,-0.1235886481537993,-0.1859410430839002,-0.2256672957670532,-0.1403771325950313,-0.1325883418906674,-0.0657124268054651,-0.0254496097726502,-0.0876747141041931,-0.0433044636908728,0.0768653918260215,0.0424682395644282,0.2036881810561608,0.1302636757182211,0.2289259734702609,0.2284003421727973,0.2844364937388193,0.1897265948632973,0.2724856003544527,0.4260178748758687,0.232089232089232,0.296028880866426,0.7034400948991697,0.6953955135773315,0.7095238095238094,0.8493238892466195,0.8613091380427738,0.9405405405405404,0.9902979902979904,1.0470420527441195,1.403347280334728,1.5104895104895104,1.4737295434969853,1.393333333333333,1.4093959731543624,2.9234972677595623,2.875843454790823,2.8447121820615795,2.7250324254215306,2.793923381770145,2.778947368421053,2.6539440203562337,2.5413070283600496,2.4727932285368803
NJIU-L,18.0,0.0776837278599637,9.327515900393788e-07,0.1012051273616938,0.1543280895114282,0.0784037418403601,0.9646243773700104,2.513100000000001,0.2906270663609991,0.0029518114806494,0.0010486391977712,0.0771607947443906,1.0,0.1213085772000872,0.294872032618761,8.174802401562158e-08,0.0006572369062359,7.096732395086239e-09,0.0610222804718216,0.0197289620757804,2.363939898580753e-06,0.0082351755216146,4.0,0.1304924158246954,0.0322109978057957,0.0046180904316687,-0.0121473283756366,-0.0018041119776431,0.0056459252518514,0.0206588792036154,0.1039721557907508,0.853408150415507,-0.0414860681114549,0.0453074433656957,-0.1082274986195472,-0.2601923957856161,-0.2502321262766945,-0.1945137157107233,-0.2557603686635945,-0.2984361424847959,-0.2533518261673602,-0.2793395805443999,-0.3208578637510514,-0.2331433998100665,-0.2561031782588669,-0.2966027874564461,-0.3487903225806452,-0.2904217926186293,-0.2834960070984916,-0.2571297148114075,-0.187625754527163,-0.1326530612244899,-0.1382070437566702,0.0459844559585491,0.0453074433656957,0.134129213483146,0.1046511627906976,0.091216216216216,0.057629338572364,0.0759493670886075,0.1168741355463345,0.2666666666666666,0.2858280254777068,0.1857562408223201,0.1736918604651161,0.4330079858030167,0.3130081300813006,0.3162184189079053,0.436832740213523,0.3024193548387095,0.171988388969521,0.1866274797942688,0.1223071577484362,0.2318840579710144,0.1585365853658535,0.1262203626220361,0.1660649819494584,0.2309451219512195,0.4055700609225412,0.3617200674536256,0.3314097279472381
NJJO-L,18.0,-0.0629517652496518,-2.882951389858326e-06,-0.3128051087812848,0.0796212660055037,0.0138366743915677,0.7732555458579283,-74.9578,-0.3458985650230409,0.154267341293829,0.0013869230563345,0.0485871572692593,1.0,0.1816849410846092,101.289603199016,-4.648747033175452e-07,-0.1384803629032912,2.2834574110017887e-09,-0.072627506838672,-0.482034852503842,2.460990631715978e-05,0.0597233089735129,3.0,0.0129721944650873,-0.5865610947549335,-0.0982083726544145,0.1780031397146647,-0.067055311017535,-0.0818249737418016,67.3138400061477,-0.1900948564047322,1.6536866802719628,0.0370370370370369,0.0384615384615385,-0.0689655172413792,-0.129032258064516,-0.129032258064516,-0.129032258064516,-0.2702702702702702,-0.2702702702702702,-0.2499999999999999,-0.2894736842105263,-0.3414634146341463,-0.0357142857142857,-0.15625,-0.4599999999999999,-0.5178571428571428,-0.6142857142857142,-0.5499999999999999,-0.5423728813559321,-0.6029411764705883,-0.6582278481012658,-0.6823529411764706,-0.696629213483146,-0.7096774193548387,-0.6785714285714286,-0.6029411764705883,-0.7804878048780488,-0.7352941176470589,-0.73,-0.7244897959183674,-0.7476635514018691,-0.7610619469026548,-0.7610619469026548,-0.763157894736842,-0.7610619469026548,-0.763157894736842,-0.7969924812030076,-0.6823529411764706,-0.6823529411764706,-0.6746987951807228,-0.7032967032967032,-0.7652173913043478,-0.8098591549295775,-0.8343558282208589,-0.859375,-0.8689320388349515,-0.8879668049792531,-0.8689320388349515,-0.8767123287671232,-0.8772727272727273
NJNJ-L,18.0,0.2422975021504161,1.3796451188074425e-07,0.0149693832156267,0.5122192417558457,0.1290277226326796,1.2027291353155691,3.030999999999999,0.4129760470480874,-0.0106188198278196,0.004026749332429,0.0012643313711048,1.0,0.8052970675279351,0.2001556355738802,3.7286167619367866e-08,0.0197516305992181,1.0106713143151373e-08,0.0867116077200111,0.0097130667538857,3.945022136292311e-07,0.2544131173934499,3.0,0.8027023099013272,-0.104145983342107,-0.0961138073314203,0.0279563734248027,0.0915089407896494,0.0432528568957529,0.1446091072073873,0.2153385095468669,0.8738837034952465,-0.0315858026701401,0.049197130167407,-0.0983558426306517,-0.102046783625731,-0.1356600056290459,-0.1553905390539053,-0.1421787709497205,-0.1017841474115237,-0.077500750976269,-0.1205612829324169,-0.1295351473922902,-0.1070078511195115,-0.1462329719210452,-0.0138086062941553,-0.0637195121951218,-0.1126841953192718,-0.1260671599317017,-0.1067481093659105,-0.1023092662964045,0.0226440226440225,-0.0083952211817888,0.03365870077415,0.1240849194729136,0.1972709551656921,0.3317432784041632,0.0481228668941979,0.1086642599277978,0.1667933130699088,0.1721374045801527,0.3300129926375055,0.2903361344537816,0.2817195325542572,0.2433198380566803,0.1870892926169307,0.2010168165819319,0.1484667165295439,0.2870913663034367,0.2057322340007852,0.2423139158576053,0.3439824945295404,0.2433198380566803,0.3294372294372294,0.3231365790607496,0.3630714602751885,0.4197873324086918,0.5301444942700548,0.6283138918345705,0.6103828002097536,0.6291777188328911
NJVB-L^K20,21.0,0.3423836389280675,5.666926994955749e-07,0.0614871177276368,0.0520094562647754,0.1864111498257839,1.4211912225519687,2.7,0.5779526259834198,-0.0019620268626112,-0.00165990409443,-0.0002980227730505,1.0,0.7252747252747253,0.298783712321523,3.41492343344239e-08,0.185157308444974,8.490672309182403e-10,0.1213513513513513,0.0066995768688293,3.117271323365316e-07,0.4296296296296296,5.0,0.1218493060509597,0.0090778786430958,0.0294672451743391,0.1316065803290165,-0.1230325949287154,0.0156196943972835,0.0236991241628026,0.1316065803290165,0.4022481114175044,0.0391304347826089,0.0,-0.0416666666666667,-0.029535864978903,-0.0980392156862745,0.0648148148148146,0.0244988864142536,0.1645569620253162,0.1219512195121952,0.1111111111111111,-0.0086206896551723,0.0478359908883827,-0.0315789473684211,-0.1575091575091576,-0.0416666666666667,0.0244988864142536,-0.0707070707070708,-0.2580645161290323,-0.2890262751159196,-0.2346089850249584,-0.2268907563025211,-0.0763052208835343,-0.065040650406504,0.0383747178329572,0.1004784688995215,0.069767441860465,-0.0274841437632137,0.0087719298245614,0.0574712643678161,0.1917098445595855,0.1165048543689319,0.1330049261083743,0.1442786069651742,0.0722610722610721,0.0383747178329572,0.1031175059952038,0.0,0.1734693877551019,0.4197530864197529,0.236559139784946,0.1499999999999999,0.1192214111922138,0.1057692307692306,-0.0086206896551723,0.0574712643678161,0.0478359908883827,0.07981220657277,0.1084337349397588,0.1499999999999999
NKLJ-L,21.0,0.2672822527250347,2.034600596864835e-07,0.0220757610852414,0.1973111865675848,0.5201060818859123,1.5371161136154894,-9.282000000000002,0.8223623795123834,2.4404554900040656e-05,-0.0178523147200244,0.0085701027939007,1.0,0.6279054855567311,0.289911339221096,6.760726167773929e-08,0.1302715425199916,9.050186664353971e-10,0.1726694915254238,0.0925799137874163,1.5587421595397908e-07,0.2369642785674482,4.0,0.2898855769909287,-0.1135759163481603,-0.0361375574753575,-0.2105100501352798,-0.0600684588611866,0.0348036287670464,0.0587719416949194,0.2312145956419787,0.4578886736702264,0.0657894736842104,0.0091930541368745,0.1975757575757577,0.1832335329341319,0.204878048780488,0.1903614457831326,0.1720047449584818,0.1609870740305523,0.0809628008752736,0.0774263904034897,0.2258064516129032,0.2898172323759791,0.3120849933598939,0.1076233183856503,-0.0527325023969318,0.3627586206896553,0.250632911392405,0.3974540311173975,0.250632911392405,0.2898172323759791,0.218249075215783,0.1113610798650168,0.0566844919786098,0.1356321839080461,0.2258064516129032,0.1448435689455387,0.0154162384378211,0.1039106145251398,0.0692640692640693,0.6439267886855242,0.822878228782288,0.8330241187384047,0.5682539682539685,0.6117455138662318,0.5808000000000002,0.5038051750380519,0.7737881508078994,1.0843881856540083,1.7752808988764048,1.6702702702702703,1.4395061728395064,1.0712788259958073,1.093220338983051,1.1431670281995665,1.3693045563549164,1.2454545454545456,3.222222222222223,4.428571428571429,4.200000000000001
NKMR-L,23.0,-0.2021237641889418,8.118171760910207e-07,0.0880835386163574,0.2312122874382885,-2.7701754385964907,0.8092992097439939,0.0924999999999999,0.1831784063850142,0.1227236927664669,-0.0086453164937603,0.1024474856359707,1.0,0.6518987341772152,-0.193172356369692,-3.954362302527985e-07,-0.0368635437881873,3.413802505780222e-14,0.0384615384615385,-0.0281948004393994,1.00953529121742e-07,-0.2674772036474164,4.0,0.0013423564322614,-0.1053730137355237,0.0316822560277229,0.3280333307145878,0.1280102573412607,-0.0897200550711335,-0.1008771929824561,0.0234648027958061,1.6536866802719628,-0.0566037735849057,0.2045454545454545,0.2045454545454545,0.5142857142857145,0.4722222222222223,0.4722222222222223,0.3249999999999999,0.2619047619047621,0.3947368421052633,0.2045454545454545,-0.0185185185185184,-0.2428571428571427,-0.2933333333333333,-0.2638888888888888,-0.2318840579710144,-0.3026315789473683,-0.2933333333333333,-0.3205128205128205,-0.1311475409836064,-0.2205882352941176,-0.3764705882352941,-0.5092592592592593,-0.4479166666666666,-0.4361702127659573,-0.4239130434782608,25.5,25.5,25.5,52.0,52.0,52.0,52.0,52.0,52.0,52.0,25.5,52.0,52.0,52.0,52.0,52.0,52.0,25.5,25.5,52.0,25.5,25.5,16.666666666666668,12.25
NKOY-L,15.0,0.044063422062529,6.230447289691081e-07,0.0676014083714277,0.0122109080871848,0.0709516308885771,1.9761746552629424,-9.1438,0.2230797698752358,-0.0099581597781217,0.0019887518861204,0.0138361129711902,1.0,0.3092769104268015,-0.0564152484872184,1.4511229850424206e-08,-0.0276134303588404,2.8875944920234284e-07,0.046839533754943,0.0384751444484066,1.662391595818676e-06,0.1008328075905985,3.0,0.5866972389182671,-0.0555831029775001,-0.0602526315223747,-0.032717211426756,0.053279737413748,0.0031015997886021,0.0114003657291412,0.053279737413748,1.9601069898681496,0.0277296360485268,0.0113935144609991,-0.0195412064570943,-0.0470685383980181,-0.072347266881029,0.0500454959053684,-0.1283987915407856,-0.225503355704698,-0.2412886259040105,-0.2796504369538077,-0.2889710412815773,-0.2372769332452082,-0.2933251684017146,-0.4654932839277443,-0.4343137254901961,-0.4381694255111976,-0.4356968215158924,-0.4891544931385569,-0.4873389604620169,-0.4033092037228543,-0.3676712328767123,-0.3721436343852013,-0.3498591549295775,-0.3731667571971755,-0.2818917237087741,-0.370430987452264,-0.3638368246968027,-0.3401943967981703,-0.3044002411091019,-0.2993321190042501,-0.2682308180088776,-0.2176271186440678,-0.2482084690553746,-0.2133605998636674,-0.1792318634423898,-0.1901754385964913,-0.117061973986228,-0.072347266881029,-0.1019455252918288,-0.117737003058104,-0.0841269841269841,-0.110254433307633,-0.0579591836734694,-0.0678513731825526,-0.0060292850990525,0.0774976657329595,0.0705009276437846,0.213459516298633,0.1369458128078815
NKPS-L,20.0,0.0114519964970551,1.4724985492132156e-06,0.1597685866252358,0.0414021119913699,0.023822209343132,0.2977310089569143,-3.4174000000000007,0.1020957611606925,0.0208448939209559,-0.0017013168940553,-0.002766024505087,1.0,0.1302270916918746,0.0140742741136064,9.972886305167085e-08,0.0022675207891675,1.3006642072890713e-08,0.0214368064562618,0.0002831154099567,4.412519418489159e-06,0.0105821610207667,2.0,0.3098074607869381,0.2249852316808182,-0.0283354181186481,0.0283354181186481,0.0283354181186481,0.0033304379293853,0.0134634927704307,0.0283354181186481,0.8669308309057431,-0.0124137931034482,-0.0547588005215123,0.0154061624649859,-0.0095628415300547,0.0646108663729809,-0.0752551020408163,-0.1060419235511713,-0.21875,-0.1104294478527607,-0.1420118343195265,-0.09375,-0.0822784810126582,-0.1093366093366093,-0.1317365269461077,-0.103831891223733,-0.0109140518417462,-0.0068493150684931,-0.0681233933161954,0.1018237082066868,0.2003311258278146,0.2123745819397993,0.2164429530201341,0.4023210831721471,0.3731060606060605,0.5104166666666667,0.3679245283018868,0.3016157989228005,0.75544794188862,0.883116883116883,0.4187866927592953,0.3679245283018868,0.3110307414104882,0.2478485370051635,0.3835877862595418,0.2564991334488735,0.0522496371552976,0.1085626911314985,0.3653483992467043,0.2435677530017153,0.1769480519480519,0.1471518987341771,-0.0359042553191488,-0.0054869684499314,-0.1169305724725945,-0.1265060240963856,-0.0510471204188481,-0.1327751196172247,-0.1093366093366093,-0.1158536585365852
NKSB-L,20.0,0.0604896783485357,3.126594837300561e-07,0.0339240835498397,0.2005064456721915,0.2763075640758491,3.659239812764048,-0.1159999999999999,2.083654372629535,0.0100302836985691,0.0265409080938802,0.0171275245137702,1.0,1.9852941176470589,0.2238542890716805,5.898952333457132e-08,-0.0060577819198507,6.87702704269237e-13,0.4374999999999999,0.0232837253960633,3.504848269369567e-07,-0.0523538961038961,4.0,0.0018730957523945,-0.6515874561745227,-0.0122827265452065,1.12399218177376,0.0471194735495589,-0.0242191036668175,-0.0513682189150264,0.1239921817737601,0.206184853265461,-0.1034482758620688,0.0357142857142855,0.0357142857142855,-0.0937500000000001,-0.0333333333333333,-0.0645161290322581,-0.1470588235294119,-0.1944444444444444,-0.2564102564102565,-0.3409090909090909,-0.4313725490196078,-0.1944444444444444,-0.3695652173913044,-0.3695652173913044,-0.2368421052631579,0.2083333333333332,0.4499999999999997,0.4499999999999997,0.4499999999999997,0.3181818181818181,0.2608695652173911,0.1153846153846152,0.0357142857142855,0.0357142857142855,0.0357142857142855,-0.0333333333333333,-0.0333333333333333,0.0,0.1153846153846152,0.4499999999999997,0.6111111111111112,0.4499999999999997,0.1153846153846152,-0.0937500000000001,-0.1470588235294119,-0.3958333333333333,-0.3958333333333333,-0.4912280701754385,-0.6547619047619048,-0.6588235294117647,-0.6947368421052631,-0.6979166666666667,-0.7070707070707071,-0.7211538461538463,-0.7456140350877193,-0.7010309278350515,-0.6627906976744187,-0.6375000000000001,-0.6375000000000001
NKSX-L^F23,19.0,0.2076256499133447,2.574975556197863e-07,0.02793892091969,0.0065227586010885,-0.3444061001818482,0.7233647769154858,0.4851,-0.9916239999379792,0.2226110333367822,-0.0025292777067882,-0.0022911578039728,1.0,0.7732954545454546,-0.5501274759756816,-3.894511615446561e-07,0.0450321123896251,3.204196270723371e-13,-0.2082089552238806,0.0104398778575555,1.3850694621742098e-06,0.7581647192932461,4.0,0.0025046306229053,-0.1756378644939964,-0.1331513995519293,-0.044209404961193,-0.1163346108920002,-0.0159117572499012,-0.1050766954761348,-0.044209404961193,1.6536866802719628,0.0,0.0,0.0,0.0,0.0,0.0,0.0,0.0,0.0,0.0,0.0,0.0,0.0,0.0,0.0,0.0,-0.5,0.0,0.0,-0.5,-0.5,-0.5,-0.6666666666666666,-0.6666666666666666,-0.75,-0.75,-0.75,-0.75,-0.8,-0.75,-0.75,-0.75,-0.8,-0.8,-0.75,-0.8333333333333333,-0.8,-0.8333333333333333,-0.8571428571428572,-0.9,-0.9,-0.9090909090909092,-0.9,-0.9090909090909092,-0.9090909090909092,-0.9230769230769232,-0.9166666666666666,-0.9285714285714286,-0.9166666666666666
NKTB-L,20.0,0.982240878269293,2.35670905225594e-07,0.0255706923831617,0.819667057597081,-3.995975855130785,0.3076990967484731,-0.1367,-0.6212137260013519,0.0916807482852489,0.0008114541257934,-0.0593210487511958,1.0,17.848484848484848,1.0857356795207789,-1.0893063740009056e-07,-0.1961888263317452,6.148499980071505e-15,-0.1304347826086956,-0.0077494349370358,2.4070498128408355e-08,0.3388235294117646,4.0,0.0066461402847249,0.912337662337662,0.0790838880798835,1.1462450592885376,-0.0035474718317942,-0.0872681394786997,-0.0947523352909459,0.1462450592885375,1.6536866802719628,0.1428571428571428,0.1666666666666667,0.0,0.1666666666666667,0.1666666666666667,0.1666666666666667,0.4000000000000001,0.0,0.4000000000000001,0.7500000000000002,0.7500000000000002,0.7500000000000002,0.1666666666666667,0.4000000000000001,0.4000000000000001,0.1666666666666667,0.1666666666666667,0.7500000000000002,0.1666666666666667,0.1666666666666667,0.1666666666666667,-0.1249999999999998,-0.2999999999999999,-0.3636363636363635,-0.2999999999999999,-0.3636363636363635,-0.3636363636363635,-0.2999999999999999,-0.2222222222222221,-0.1249999999999998,-0.2222222222222221,-0.1249999999999998,-0.3636363636363635,-0.4166666666666666,-0.3636363636363635,0.0,-0.1249999999999998,0.4000000000000001,0.4000000000000001,-0.1249999999999998,-0.2999999999999999,-0.2999999999999999,-0.2999999999999999,-0.1249999999999998,-0.2222222222222221,-0.3636363636363635,-0.2222222222222221,-0.4166666666666666,-0.6499999999999999
NKVJ-L,19.0,0.2312931798914473,2.4436136271804533e-08,0.0026513621740503,0.1016412262426123,-0.2461205759797457,3.196035742683007,2.5176,1.4530083760709591,-0.1667503462531947,-0.0121125213570905,0.0130718338566123,1.0,1.6660350544765514,-0.0763746459615197,-4.377419737555679e-08,-0.4817671258002808,3.3606557463408287e-12,0.3050847457627119,-0.0146848172436978,1.3881466964809337e-07,0.307991965426989,4.0,0.021761717180635,0.4109743132374705,-0.7957993200513093,1.5427522546097192,-7.987565130515811,0.0553298143014468,0.363160518444666,0.5427522546097192,1.6536866802719628,-0.2571428571428571,0.2173913043478261,0.3084112149532709,-0.054054054054054,-0.1463414634146341,0.386138613861386,0.320754716981132,0.3725490196078429,0.4285714285714286,1.0,1.121212121212121,1.4137931034482758,1.9166666666666663,1.4137931034482758,2.888888888888889,4.185185185185184,8.333333333333334,8.999999999999998,12.999999999999998,11.727272727272728,12.999999999999998,12.999999999999998,12.999999999999998,14.555555555555555,12.999999999999998,16.5,14.555555555555555,16.5,12.999999999999998,16.5,14.555555555555555,12.999999999999998,10.666666666666666,14.555555555555555,12.999999999999998,19.0,19.0,19.0,19.0,19.0,19.0,16.5,16.5,12.999999999999998,11.727272727272728,12.999999999999998,16.5,19.0,16.5
NKZS-L,20.0,0.0504727783855681,2.238313409480678e-06,0.2428607960585901,0.0054945764193872,0.015472674755498,0.0713861453108482,-13.040300000000002,0.0462392093787412,0.0117271087164236,-0.0001162478954166,-0.0013563746035538,1.0,0.3948506196133461,0.0670419772641682,2.548470654712178e-07,0.002492177419045,3.395052552734919e-09,0.0097087378640776,-0.0001891663734175,1.7612100552638773e-05,0.0480757842629536,2.0,0.2052454057597417,0.0746414097277264,-0.0855343016233709,0.0855343016233709,0.0855343016233709,0.0023882566818745,0.0211093166592986,0.0855343016233709,0.4095988253270051,-0.0621951219512193,0.0288582183186949,-0.0442890442890443,-0.0214797136038188,0.0432569974554706,0.0445859872611464,0.1156462585034012,0.1141304347826086,0.1202185792349725,-0.0330188679245284,0.0161090458488226,0.0977242302543506,0.1126187245590228,0.0249999999999999,0.0677083333333332,0.0199004975124377,0.0817941952506595,0.2238805970149251,0.2792511700468016,0.275272161741835,0.3036565977742447,0.1500701262272088,0.2368024132730013,0.3442622950819671,0.406518010291595,0.3804713804713802,0.5018315018315016,0.740976645435244,0.9294117647058822,0.9069767441860463,0.9854721549636802,0.975903614457831,0.8552036199095021,0.9069767441860463,1.192513368983957,1.1522309711286085,1.0759493670886071,1.0,0.9294117647058822,0.7672413793103448,0.6632860040567952,0.5442561205273069,0.4963503649635035,0.4936247723132967,0.6141732283464565,0.6141732283464565,0.7299578059071727,0.6432865731462925,0.5327102803738317
NLIY-L,22.0,-0.0398140146305244,1.2983836110606824e-06,0.1408768209295519,0.29493826232875,-0.4732452843695193,0.1921868713241959,3.358,-0.2267923126671604,0.1313840546742508,0.0089554727227257,0.0108801084135164,1.0,0.043471208434712,-0.0675958188153308,-1.4448722702184068e-07,-0.0602075222145634,4.005459279843522e-13,-0.0476190476190476,-0.0420901444794722,2.964141209730276e-07,0.1043157339760489,2.0,0.0139071020456102,0.0459159714546619,1.002634759487552,1.6973652405124489,-0.0743924386684384,0.0139758639048753,0.0171664798206278,0.6973652405124489,1.6536866802719628,-0.180327868852459,0.0338983050847458,0.0338983050847458,0.0701754385964912,0.0166666666666666,0.0,-0.2179487179487179,0.1296296296296295,0.4523809523809523,0.4523809523809523,0.6944444444444444,0.6944444444444444,0.7941176470588234,0.6486486486486487,0.6944444444444444,0.6486486486486487,0.5249999999999999,0.4523809523809523,0.2708333333333332,0.2199999999999999,0.2978723404255319,0.1730769230769229,0.0701754385964912,0.0892857142857141,0.0892857142857141,0.0892857142857141,0.0892857142857141,0.1090909090909089,0.4878048780487805,0.2978723404255319,0.1090909090909089,0.0,-0.0317460317460317,0.0517241379310344,0.1730769230769229,0.4186046511627908,0.0517241379310344,-0.3296703296703297,-0.2469135802469136,-0.2560975609756097,-0.3838383838383838,-0.4403669724770642,-0.4916666666666667,-0.512,-0.4245283018867924,-0.4553571428571429,-0.4741379310344827,-0.5234375,-0.5986842105263158
NMZP-L,21.0,-0.010531594784353,2.9844954616141173e-07,0.0323822812556451,0.0311410064773293,0.1747648902821316,0.8994750939880671,-7.65,0.6857448033900522,0.0150379173453582,-0.0014180024660912,0.0539632551899769,1.0,0.3146944083224967,0.0433258201853243,3.059000389124407e-08,0.0016385177716157,1.796720935337791e-09,0.1439842209072977,-0.0278335005015045,2.6513724684190704e-07,-0.0642225031605562,3.0,0.3924557155157511,0.0620936280884265,0.0738384390613555,0.3589749957759696,-0.0231012342337479,-0.0045615813482007,-0.0086413826212193,0.0243955565236331,-1.3090072551098906,-0.097560975609756,0.0654121863799284,-0.0197856553998351,-0.1591230551626591,-0.1650280898876404,-0.0958174904942965,-0.0811437403400308,-0.0540970564836913,0.0206008583690986,0.080909090909091,0.0,-0.0604504148557881,0.0214776632302404,-0.0054370556252613,0.1216981132075472,0.2535582498682132,0.3793503480278424,0.3627507163323784,0.2562070787110406,0.3865889212827991,0.3573059360730595,0.3534433693796244,0.3511363636363636,0.3240534521158129,0.3138121546961325,0.2930940728656879,0.1795634920634921,0.2655667908461949,0.3247910863509751,0.4412121212121214,0.5790172642762283,0.5853333333333335,0.5717118307997355,0.651388888888889,0.6343642611683848,0.5302445302445304,0.6187882913546632,0.6422651933701657,0.6877217885024842,0.7614814814814816,0.6536856745479833,0.6479556479556481,0.593833780160858,0.7421245421245422,0.7733035048471291,0.7383040935672516,0.917741935483871,0.90087929656275,0.8278247501921601
NNAK-L,22.0,0.0215047982581112,4.404112179991056e-07,0.0477853630967667,0.3397805320912608,0.8336513443191673,1.0451427620403275,0.272,0.1275706758752777,0.0306020479054801,0.0039612917374856,0.0642552280314446,1.0,0.2172506738544474,0.0861018281895026,5.31416250979313e-08,0.0080848913592723,6.495271877819923e-12,0.0267857142857143,0.0431171205075132,6.444750583751617e-08,-0.2736936667165743,4.0,0.0211625245830694,-0.0011840585290719,-0.020613820642872,-0.3383430564437433,0.0141168244859894,0.0278555907532005,0.0320984674791842,-0.0329674087753496,0.2282087618775308,-0.1709183673469387,-0.02,-0.2080808080808081,-0.156989247311828,-0.1151241534988712,-0.1747368421052632,-0.2096774193548387,-0.1496746203904556,-0.0862470862470863,-0.0150753768844221,-0.1799163179916318,-0.0150753768844221,-0.0272952853598015,-0.0925925925925926,-0.02,0.101123595505618,0.1042253521126761,0.1461988304093566,0.1951219512195121,0.2327044025157232,0.2768729641693812,0.3288135593220338,0.4000000000000001,0.3611111111111111,0.49618320610687,0.4100719424460433,0.5680000000000001,0.49618320610687,0.5806451612903225,0.6752136752136753,0.5076923076923077,0.49618320610687,0.5372549019607844,0.2727272727272727,0.2645161290322579,0.1199999999999998,0.0652173913043476,0.1878787878787879,0.2327044025157232,0.1529411764705881,0.2173913043478259,0.1807228915662651,0.1264367816091953,0.2061538461538461,0.2727272727272727,0.4000000000000001,0.3288135593220338,0.3517241379310345,0.6198347107438016
NNAN-L,21.0,0.1881887903069883,8.677323653668075e-07,0.0941504313587973,0.0646787934607414,0.1042719338539274,0.1604472732845815,0.0479999999999999,0.5703758761689057,0.0216173452043748,0.0014453442864339,3.977355323432709,1.0,0.0140581989775855,0.1585744902882663,3.1574226851876455e-08,0.1980993147322741,2.560490104828179e-12,0.1197604790419161,0.2637650647704569,5.267357578302391e-07,0.2404211526282458,4.0,0.0334542105310383,-0.1868295305894479,0.0279229881669097,-0.1999596540661541,0.1779002586100865,0.0059242920079311,0.0095204889056764,0.0660501981505945,0.6901732006032573,-0.058411214953271,0.0288461538461539,0.0070588235294117,0.0515970515970516,0.0753768844221105,0.009433962264151,-0.0046511627906975,0.0,0.1030927835051547,0.07,0.0974358974358975,0.0070588235294117,0.0214797136038185,0.1204188481675394,0.1888888888888888,0.0753768844221105,0.1030927835051547,0.0918367346938775,-0.0593406593406592,-0.0228310502283104,0.0388349514563106,0.0070588235294117,-0.0593406593406592,-0.0893617021276595,0.0239234449760767,-0.0695652173913041,0.1693989071038251,0.1693989071038251,0.3459119496855345,0.4172185430463577,0.3048780487804878,0.2551319648093841,0.3717948717948718,0.3762057877813507,0.3209876543209877,0.2662721893491124,0.1888888888888888,0.3587301587301588,0.4557823129251701,0.507042253521127,0.4861111111111111,0.445945945945946,0.5177304964539009,0.4657534246575343,0.6461538461538463,0.633587786259542,0.7759336099585061,0.7188755020080322,0.8059071729957805
NNCP-L,20.0,0.0957423384110335,2.026027540818491e-07,0.0219827419750823,0.0557053879737585,0.2612803849827262,3.0717298972301355,0.7934999999999999,0.8488755417842112,-0.0020735062604979,-0.0009383069439718,-0.0028201314990701,1.0,0.5350934339105092,-0.1191204203108873,2.7211232614389266e-08,-0.0638174923827805,5.106658699988182e-09,0.1782363977485928,0.0109369057389354,1.882251562655877e-07,0.4858533767313409,4.0,0.3150297183866746,0.0889086641157095,0.0236774352266704,-1.2088664451197475,-0.0353248805166266,0.0236368431463044,0.0418691773499474,0.0710289210984884,0.5699768226624485,0.051395007342144,0.1073170731707315,0.3021032504780112,0.3249027237354085,0.2996183206106868,0.2541436464088398,0.3045977011494252,0.2681564245810055,0.1145662847790505,0.0878594249201276,0.1741379310344828,0.1340549542048292,0.1542372881355931,0.1091205211726384,0.2325791855203618,0.2495412844036695,0.1978891820580475,0.1822916666666667,0.0420811017597551,0.0895999999999999,0.1284175642087819,0.1368948247078463,0.1073170731707315,0.1581632653061224,0.1073170731707315,0.1631084543125531,0.198943661971831,0.2788732394366195,0.3033492822966508,0.2693383038210624,0.340551181102362,0.4629430719656282,0.4901531728665207,0.5745664739884391,0.3757575757575757,0.2717086834733893,0.2053097345132741,0.2934472934472933,0.2226211849192099,0.2552995391705068,0.1359466221851542,0.3897959183673467,0.6773399014778325,0.7642487046632125,0.5320584926884138,0.3172147001934235,0.2438356164383561,0.0792393026941362,0.1219110378912684
NNDB-L,26.0,0.2165166607499599,1.1289724881589005e-06,0.1224954271556333,0.0381996498174702,0.1532945436102619,4.66382989131633,0.6285000000000001,0.6192008828227334,0.0004069234909097,0.0005173268571674,0.013385291733866,1.0,0.1443650757541289,0.0665284804197114,9.555104079945544e-08,0.0031906842070552,1.7387972537008213e-09,0.1300121506682869,0.1833691816150521,1.037487449095592e-06,0.436321199951947,4.0,0.0226802897983913,0.0112041191628598,-0.0163489677436261,-0.5543197917546606,0.0261850996057933,0.0118008782928104,0.0212732125617581,0.1841018212344263,0.3906802600901977,-0.0331753554502368,0.0047619047619047,-0.0725274725274724,-0.1387755102040817,-0.172549019607843,-0.1741682974559687,-0.0684326710816778,-0.0826086956521738,0.0242718446601941,-0.0786026200873363,-0.1115789473684211,-0.1208333333333333,-0.0725274725274724,-0.1422764227642277,-0.1422764227642277,-0.1853281853281853,-0.2037735849056604,-0.2622377622377623,-0.2299270072992701,-0.340625,-0.3457364341085271,-0.3385579937304075,-0.2396396396396396,-0.2156133828996282,-0.1610337972166998,-0.2299270072992701,-0.1610337972166998,-0.2156133828996282,-0.0982905982905982,0.0765306122448978,0.0419753086419751,-0.0725274725274724,-0.1021276595744681,-0.1059322033898305,-0.172549019607843,-0.2491103202846976,-0.2749140893470791,-0.1853281853281853,-0.2007575757575758,-0.2698961937716263,-0.2596491228070176,-0.2786324786324786,-0.2156133828996282,-0.1171548117154812,-0.1474747474747475,-0.2327272727272727,-0.2491103202846976,-0.2299270072992701,-0.234119782214156
NNFN-L,20.0,0.3329386249187561,1.759077965636592e-07,0.0190862938699342,0.0460725053555333,0.2003864130892507,0.9924136746769112,-11.0188,1.356102318563398,-0.0175563842440183,0.0029763567248767,0.1082500729783393,1.0,0.1432632052128922,0.1022958317351399,3.1435815087290585e-08,0.2181153857221176,1.5777757287395126e-07,0.2847376091567236,0.0944119969810226,2.629134043402027e-07,0.545706729398775,5.0,4.728234098036596,0.0376723987361625,-0.0509330933710514,-0.1293557119985815,0.0072826770775264,0.0159800375025014,0.0399587088890872,0.1502551410306949,0.2718730019467293,-0.0495047438132117,0.0235621531246161,0.0019713345987524,0.0179397687007611,0.0800674133237135,0.1164273021236927,0.1354535165531913,0.1670361527967256,0.1819370597451302,0.1625119061341617,0.1431963535700648,0.1200556468064462,0.1478049394104574,0.133780649436713,0.1794126879589337,0.2123424608999342,0.2627548666851185,0.2439092472978674,0.1976199851249069,0.2819744298225073,0.3314757424573009,0.3051485863353698,0.3716195902707191,0.2969332710647254,0.3534638639317398,0.1925812976505367,0.2013517071886246,0.2174647851528994,0.2372988609654673,0.2523806722744,0.442330997418199,0.4218043941203968,0.3906019812039625,0.3993661087254989,0.4863671974991661,0.5451569202980358,0.6010996081183835,0.6306249574511542,0.8033447208183933,0.7382997831865232,0.6332239505646708,0.7179153853739879,0.5738515494739262,0.5309721079249927,0.561589803352702,0.5382849252605044,0.5645478669116146,0.6442815953868335,0.7556760916970551
NNHD-L^I21,21.0,0.0414128227444154,1.0300669066758725e-06,0.1117640040439883,0.0327705397500664,0.1550113607674829,2.6550756711155743,0.2375,0.3621778377194187,0.0352282908180884,0.001341746446185,0.0313622426631624,1.0,0.1276300578034682,0.037932748053669,1.1112755009781197e-07,-0.0498809819874232,3.99626016857726e-12,0.0760456273764257,0.0545401798665506,1.3304071937005805e-06,0.0441233389240097,4.0,0.0017102802137135,0.010698431961166,-0.0703699274339832,0.120679092997226,0.1058376391924202,0.0150833109379199,0.0329807551050389,0.1976888600896377,-0.171239744998576,-0.1818181818181818,-0.0833333333333332,-0.3125,-0.2903225806451612,-0.3333333333333333,-0.4210526315789473,-0.2142857142857143,-0.2142857142857143,0.0,0.1578947368421053,0.0,0.0,0.0,0.0,0.0,-0.0434782608695653,-0.0434782608695653,0.0999999999999998,0.1578947368421053,0.2941176470588234,0.6923076923076923,0.5714285714285714,0.375,0.5714285714285714,0.8333333333333335,1.1999999999999995,1.4444444444444446,1.4444444444444446,1.4444444444444446,1.4444444444444446,1.1999999999999995,1.1999999999999995,1.75,1.75,1.1999999999999995,1.4444444444444446,0.5714285714285714,0.375,0.375,0.375,0.0999999999999998,0.0999999999999998,0.2222222222222223,0.2941176470588234,0.2222222222222223,0.2941176470588234,0.2222222222222223,0.4666666666666668,0.5714285714285714
NNZM-L,18.0,1.3391666378744431,2.711489873925905e-07,0.0294201243890701,0.0514712095067678,0.368030888030888,1.158091736166453,5.3055,8.135300017491275,-0.0446029618001065,0.0056827783434798,-0.0084212802508364,1.0,0.8835207868494148,1.2360764074645183,2.1565746742003973e-08,0.6222664273038883,7.608488873628413e-10,1.708149779735683,0.0521542341844314,1.42215479833378e-07,1.564596264743528,5.0,0.3683866355779387,1.0346766140807526,-0.1301456992254043,1.865666910509632,-0.1110994297920353,0.0196336915180384,0.0299314060217462,0.8656669105096317,0.6672801616753695,-0.047713717693837,0.0611814345991561,0.0161616161616162,0.0702127659574467,0.1054945054945055,0.189125295508274,0.3668478260869565,0.3631436314363143,0.1380090497737558,0.1303370786516853,0.1919431279620853,0.0911062906724511,0.1457858769931663,0.1252796420581656,0.2831632653061224,0.2389162561576356,0.220873786407767,0.3202099737532808,0.3098958333333335,0.4622093023255815,0.6225806451612903,0.5242424242424244,0.4330484330484332,0.4412607449856733,0.7526132404181185,0.8224637681159424,1.0364372469635628,0.996031746031746,1.0039840637450204,1.296803652968037,1.1774891774891776,1.1404255319148937,1.465686274509804,1.49009900990099,1.5404040404040409,1.3952380952380952,1.566326530612245,1.8258426966292136,2.725925925925926,2.6715328467153285,2.6715328467153285,2.781954887218045,2.517482517482518,2.810606060606061,2.421768707482993,1.7944444444444447,-0.3828220858895705,-0.4157955865272937,-0.3880778588807786
NNZO-L,20.0,0.2101712868113336,2.7538047304073735e-07,0.0298792477489475,0.0527114819836562,0.5332310838445807,0.9410757171939242,0.3734999999999999,-0.2092115132355976,-0.0070671090580178,0.0020095946084988,0.0091467603588041,1.0,0.5183355453964509,0.0529326845960541,3.4363478111527354e-08,0.0356408671854305,7.748973095482353e-11,-0.0439276485788114,0.1133851793006369,2.1030605221392705e-07,0.5043311260927841,5.0,0.1005289297791823,-0.0120646837457062,0.0195421690770397,0.0903843792214172,-0.0172553571710651,0.0200868185800924,0.0353044791142425,0.0903843792214172,0.3378166816539941,-0.0571428571428571,-0.125,-0.1822429906542056,-0.1504854368932039,-0.1071428571428571,-0.0591397849462366,-0.1379310344827585,-0.1116751269035533,-0.0410958904109588,-0.0384615384615385,-0.0765171503957783,-0.1025641025641025,-0.0591397849462366,-0.0140845070422535,0.0447761194029849,0.1041009463722397,0.1111111111111111,0.1363636363636362,0.1666666666666667,0.1589403973509933,0.1864406779661016,0.2237762237762237,0.1475409836065575,0.1475409836065575,0.2280701754385965,0.346153846153846,0.2681159420289856,0.1666666666666667,0.1784511784511784,0.3307984790874525,0.3207547169811322,0.2962962962962963,0.3207547169811322,0.4170040485829958,0.4056224899598393,0.2867647058823528,0.1666666666666667,0.2544802867383513,0.2820512820512821,0.3779527559055118,0.4170040485829958,0.4344262295081966,0.4344262295081966,0.6203703703703702,0.6990291262135921,0.7326732673267327,1.0710059171597632,1.058823529411765,0.5837104072398189
NNZW-L,20.0,-0.1833094658998779,3.282353748859051e-07,0.0356140941218217,0.2290023750765405,0.0161237427846552,1.098729543997137,-1.2594,-0.861871590363806,-0.0549798026447295,0.001654125583809,-0.0191417416339295,1.0,0.8587726199842644,-0.1236374859890511,2.774437068065039e-09,-0.0611536295956455,1.1468837589840404e-11,-0.1809651474530831,-0.0073534425931398,3.2756610278615257e-07,-0.2354701628449405,4.0,0.0184838430098695,0.6717486247087422,0.0795102088753831,-1.517238458068027,-0.126372604622317,0.0055584408292744,0.011105554179306,-0.3152006123620591,4.495960661989399,0.0190476190476189,0.0144927536231884,0.0047846889952154,-0.0094339622641509,0.0047846889952154,0.0096153846153845,-0.0140845070422533,-0.0410958904109588,-0.0094339622641509,-0.0909090909090909,-0.1322314049586775,-0.0186915887850467,-0.0277777777777777,-0.0232558139534883,-0.032258064516129,-0.0140845070422533,0.0096153846153845,-0.0748898678414096,-0.0047393364928909,0.024390243902439,0.3375796178343948,0.3291139240506329,0.3375796178343948,0.3375796178343948,0.3548387096774195,0.1931818181818181,0.2352941176470588,0.2804878048780488,0.129032258064516,0.1413043478260869,0.2352941176470588,0.2209302325581397,0.1931818181818181,0.2280701754385965,0.2650602409638556,0.2962962962962963,0.3548387096774195,0.3375796178343948,0.2962962962962963,0.3043478260869565,0.3636363636363637,0.3461538461538462,0.3375796178343948,0.2962962962962963,0.320754716981132,0.3125,0.2650602409638556,0.2280701754385965,0.2068965517241379
NOAE-L^H21,22.0,0.3047230775903196,4.466661924935425e-07,0.0484640384237387,0.3794169464481601,1.572969587306006,0.6249969289168426,2.4080000000000004,0.1831784063850142,0.1112886331333617,0.0076799688912652,-1.6376083376475,1.0,0.0010434224255558,0.2957662045710004,9.70807564261834e-08,-0.1797515995483622,1.670432662837881e-12,0.0384615384615385,-0.109359413627098,7.137911048985013e-08,0.363711136700115,2.0,0.0326531974514453,-0.1209745743817499,-1.506554798112218,-0.5232071066496862,1.506554798112218,0.0621788194444444,0.0806408033683831,1.506554798112218,0.132881608188594,0.1016949152542374,-0.0781250000000001,-0.1917808219178082,-0.1127819548872181,-0.1571428571428571,-0.1690140845070422,-0.056,-0.1060606060606061,0.0,0.0,0.1919191919191918,0.3409090909090908,0.4047619047619046,0.4390243902439024,0.5526315789473684,0.5526315789473684,0.5128205128205128,0.5128205128205128,0.4047619047619046,0.7101449275362319,0.7878787878787876,0.7352941176470587,0.5945945945945945,0.4390243902439024,0.4749999999999998,0.5945945945945945,0.6388888888888888,0.3111111111111111,0.4216867469879517,0.5128205128205128,0.3111111111111111,0.268817204301075,0.3111111111111111,0.3409090909090908,0.2291666666666667,0.2553191489361701,0.5945945945945945,0.6857142857142857,0.7101449275362319,0.5945945945945945,0.4936708860759491,0.5945945945945945,0.7352941176470587,0.7878787878787876,1.1071428571428568,0.9344262295081966,1.145454545454545,1.1071428571428568,0.7878787878787876
NOBD-L,4.0,-0.0148391321275617,9.046823632356082e-07,0.0981595687113999,0.07897785961288,-0.0424380909318455,0.6982695033544324,-3.6445,-1.8294255435962568,-0.0739420416186449,0.0012980808235601,-0.0296192204958316,1.0,1.9940170940170945,-0.1043471564437257,-9.647326434830517e-08,-0.2866452415231741,3.908850109997316e-11,-0.3841201716738198,-0.0184847626800693,1.2410844998938085e-06,0.0631517574546059,4.0,0.0144578784296649,0.0764631832813652,-0.041608117153903,-0.2060796117838258,-0.099379779764185,-0.0231932320836907,-0.0533782345313437,-0.2060796117838258,1.6536866802719628,0.0833333333333334,-0.1891891891891892,0.1999999999999999,0.25,0.2244897959183673,-0.0909090909090909,-0.0909090909090909,-0.1304347826086955,-0.1428571428571428,-0.3023255813953488,-0.4285714285714286,-0.4339622641509434,-0.4,-0.4642857142857143,-0.4782608695652174,-0.4915254237288136,-0.5161290322580645,-0.5,-0.5081967213114754,-0.4827586206896551,-0.4642857142857143,-0.4059405940594059,-0.4117647058823529,-0.3877551020408163,-0.3814432989690721,-0.375,-0.4117647058823529,-0.4,-0.4827586206896551,-0.4339622641509434,-0.5041322314049587,-0.5275590551181102,-0.5588235294117647,-0.5588235294117647,-0.5833333333333333,-0.5714285714285714,-0.5683453237410072,-0.574468085106383,-0.589041095890411,-0.5833333333333333,-0.5774647887323944,-0.5454545454545454,-0.5121951219512195,-0.5275590551181102,-0.5275590551181102,-0.5275590551181102,-0.5454545454545454,-0.4827586206896551,-0.4594594594594595
NOBF-L,22.0,-0.1470516381216891,5.752929564935412e-07,0.06242026017855,0.0092370851864522,0.1346494910811198,0.2201348775531332,-2.7,-2.2565604395923984,-0.0218671163492917,-0.0055461700166654,-0.9243920692451,1.0,0.0258364967743273,-0.4657703122619251,5.695551421414571e-08,-0.1198514997484491,9.213611295939496e-11,-0.4738046795523906,0.2271768759965026,7.440165199455554e-07,0.5833536140180092,2.0,0.0565459665388872,-0.4498554823035162,0.2403916763036722,0.0996698558983829,-0.5651607365327642,0.0141326988819339,0.0324103723562859,-0.3651607365327642,-0.3035969523013477,0.0,0.125,0.125,0.2857142857142856,0.125,0.2857142857142856,0.2857142857142856,0.2857142857142856,0.2857142857142856,0.2857142857142856,-0.1818181818181818,-0.3076923076923077,-0.4375,-0.3571428571428572,-0.3076923076923077,-0.4,-0.3571428571428572,-0.3076923076923077,-0.4375,-0.4,-0.4375,-0.4705882352941177,-0.4,-0.4375,-0.5,-0.5714285714285714,-0.5909090909090909,-0.5,-0.5909090909090909,-0.5,-0.3571428571428572,-0.3571428571428572,-0.3571428571428572,-0.3076923076923077,-0.1,0.125,0.2857142857142856,0.0,0.2857142857142856,0.2857142857142856,0.2857142857142856,-0.1,-0.25,-0.25,-0.25,-0.25,-0.25,-0.1818181818181818,-0.25
NOHC-L,18.0,0.4213582119503501,3.043384197564962e-07,0.0330212340149562,0.1242030789158693,0.197479864177787,3.560384498000041,10.847700000000003,1.010622615203608,-0.0002858930962766,0.0026731483698033,0.0083682720718842,1.0,0.2725803620830185,0.1499484735562812,4.725666873806073e-08,0.1163767765560626,1.225232882310951e-07,0.2121980497147405,0.0782302552658439,3.941909288284349e-07,0.738070210363182,4.0,0.7329483158814467,0.122642272441121,-0.0236438002658814,-0.1169980024457915,0.022424957248908,0.0277928884721116,0.0595442024284994,0.2255483116954754,0.6764829882010261,-0.0375251977050704,-0.0731532049439495,-0.1886009058882739,-0.2011643750774187,-0.0523144746509919,0.0675384870054627,-0.032698365081746,0.0416733968664189,0.1180651872399445,0.0647185075119696,0.0032669570628498,0.042010017773469,0.0292052345994253,0.0619133871233328,0.1282365290412876,0.1880987472365511,0.1783299835556366,-0.3518592964824121,-0.3600912879539591,-0.2736794684086047,-0.2558273713362566,-0.2386068476977568,-0.2016588264421887,-0.232170496487677,-0.116696342966717,-0.2510742074091279,-0.2835240528830131,-0.2398632720414899,-0.270805065581185,-0.196586520493335,-0.1813912160446814,-0.1019356635566077,-0.1135395189003437,0.0239758653540806,0.0682458174590028,-0.005397902529303,0.0274016249800859,0.0701958181214734,0.0833193347891818,0.1659736033267038,0.1854779411764704,0.3062588616568766,0.3438216295061469,0.3255909558067831,0.3324380165289256,0.20790410189174,0.1424269264836137,0.2859421734795613,0.3028282828282826
NOJL-L,10.0,0.5264556554820481,2.165931340478271e-07,0.0235007218975132,0.0191441338256808,0.0682830056750735,0.8663416230200017,-5.459,1.2800988633994994,-0.0413739405072038,0.0216885862496673,-0.0006537148323949,1.0,16.496955859969557,0.7909776047433652,-1.609625095077087e-08,0.3251658048872269,2.0164340614209604e-10,0.2687793427230046,0.0061494421677366,2.548345088578748e-07,0.3562068965517242,3.0,0.1952632606929411,0.3746541619589837,0.0808198112437534,1.294835549565246,0.0922474038263442,-0.0098257577567057,-0.0207078810759792,0.294835549565246,1.6536866802719628,-0.02,0.0526315789473683,-0.0476190476190475,-0.0506329113924051,0.0256410256410257,0.0714285714285714,0.0169491525423728,0.0033444816053511,-0.0131578947368421,-0.0131578947368421,0.0489510489510489,0.0344827586206897,0.0084033613445377,0.0344827586206897,0.0526315789473683,0.0676156583629892,0.0676156583629892,0.1363636363636362,0.2072434607645876,0.188118811881188,0.0948905109489051,0.0135135135135135,0.1320754716981131,0.3953488372093023,0.3333333333333332,0.3888888888888888,0.5873015873015874,0.7241379310344829,0.7751479289940828,0.8461538461538463,0.7543859649122808,0.791044776119403,1.298850574712644,1.5974025974025974,1.727272727272727,1.2641509433962264,1.3255813953488371,1.3076923076923077,1.4,1.4793388429752068,1.5210084033613445,1.6315789473684212,1.727272727272727,1.8571428571428568,1.8571428571428568,1.7649769585253456,1.9702970297029705,1.9702970297029705,1.5862068965517242
NOLF-L,20.0,0.1716405893021411,5.81310054624347e-07,0.0630731255171663,0.3966975941504362,-0.6633462038274917,0.0859445777770579,-2.5468,0.911994619023262,-0.3747210610995721,-0.0050363231217956,-0.0867513723004145,1.0,0.2938056796509653,0.2617145262871629,-9.225737198423917e-08,0.0098363861940219,3.76238739138523e-13,0.1914893617021277,0.0102990996213699,1.1994187246187697e-07,-0.1295351511097703,4.0,0.046673110435781,0.003866551715129,-0.0690638381750897,0.0426270757580153,0.0668135860443375,-0.0607550916944941,-0.0775705274149648,-0.0011448028884256,1.6536866802719628,-0.2075029308323563,-0.09447983014862,-0.2181484876260312,-0.3186900958466454,-0.2471315092674316,-0.1629048086359176,-0.2950413223140496,-0.2927031509121062,-0.3087520259319287,-0.4320905459387484,-0.4313333333333333,-0.2336028751123091,-0.1520874751491054,-0.2411032028469751,-0.2696917808219178,-0.270940170940171,-0.0768398268398269,-0.1366396761133604,-0.1096033402922757,-0.114226375908619,-0.103049421661409,-0.2202925045703839,-0.2377122430741733,-0.1554455445544554,0.1913407821229049,0.1700960219478737,0.1997187060478198,0.4706896551724138,0.4457627118644065,0.5509090909090908,0.4075907590759076,0.1930069930069928,0.3539682539682538,0.3102918586789553,0.4912587412587412,0.3454258675078863,1.1649746192893398,1.0804878048780489,0.9609195402298852,0.3780290791599352,0.1700960219478737,0.3758064516129031,0.3307332293291729,0.0716080402010048,-0.0564159292035397,2.0035211267605635,1.9013605442176869,1.5770392749244713,1.86241610738255
NOSW-L,19.0,0.0346638322130979,2.0710798159481688e-07,0.0224715667909415,0.0047595908406975,0.4165614642075675,1.1196826456518378,0.4841000000000015,0.1960001220162282,-0.0110796399268575,0.0022660403836236,0.004342225283586,1.0,0.4274522473835189,0.0753390752651454,2.0249108602554813e-08,-0.0034605816914353,1.0571319874648521e-08,0.0411536838875464,0.0229705229969439,5.562817479452493e-08,-0.0795408132151551,5.0,1.5638584123008654,0.1576040638767873,0.0082394762147143,0.0177790897929782,0.0298112541025345,0.0183199025989298,0.0223798015032309,0.0876639900933289,0.6924377461810447,0.1225631768953068,-0.1453255168157975,-0.1412184157494963,-0.1971014492753623,-0.0800398538691464,0.0769828926905131,0.0686728395061726,0.1178369652945923,0.2181178540017589,0.2366071428571428,0.2093429382230953,0.2059207662168045,0.263109895120839,0.3645320197044335,0.4154317833418497,0.4205128205128206,0.3726461843409316,0.3798256537982565,0.3774241670810543,0.5694050991501418,0.6308507506623491,0.5765509391007397,0.8223684210526316,0.8509856331440027,1.0602454444031235,0.8773297187394102,0.8634376051126806,1.011619462599855,0.9562146892655364,0.8045602605863191,1.0375137918352335,1.4776386404293382,1.5755462575546253,1.3993070593330446,1.629330802088277,1.6355851569933395,1.84248332478194,1.9066107030430224,2.0590833793484262,2.234092235843549,2.077777777777777,2.198614318706697,2.464665415884928,2.303518187239117,2.1531018782014795,2.1036414565826327,2.2416617905207725,2.375990249847654,2.1621004566210047
NOTK-L,20.0,0.22820666878948,3.122004932575271e-07,0.033874282306158,0.0567730031772612,0.0333007050157878,0.1341467805981951,6.8965,1.1989712180404295,-0.0233047680530272,0.000752919438667,0.0233422671474405,1.0,0.1579017691451193,0.2844065729219782,3.765313819087017e-08,0.015670377496284,1.6011688700844391e-09,0.251745162145445,0.0100036541987898,1.3754533041624976e-06,0.216128551089206,2.0,0.8794351858609324,-0.3260817325654623,-0.1816618017371086,-0.5606742479330504,0.1816618017371086,0.0061256532351706,0.0319812240833986,0.1816618017371086,0.3080092816273213,-0.0184727272727271,-0.076685468708031,-0.2410862126062479,-0.2626555126555125,-0.182034503271862,-0.2058449809402794,-0.2040981708728871,-0.2027136727357068,-0.0904881598094986,-0.1265404649980942,-0.1866792854607831,-0.032371569317382,-0.0685543964232489,-0.0680493425511725,-0.0202365683340458,-0.0232987640289813,0.0389904790690645,-0.6019338775982861,-0.5895522388059702,-0.5582187379514201,-0.516321936119319,-0.514922740421929,-0.4768282474697511,-0.461839530332681,-0.4176689818736235,-0.5180511742025937,-0.5409015025041737,-0.5296894239978109,-0.5333288080369264,-0.4779802581624904,-0.5045759169849391,-0.4929193096326892,-0.5495643058376466,-0.5298502359296997,-0.4941133186166299,-0.494262174488745,-0.4711945234981924,-0.4257434012696292,-0.3438633326970796,-0.3631900703964431,-0.2908715832903559,-0.2623390557939914,-0.2237778028677881,-0.2248280527680685,-0.1185897435897436,-0.0951566201632009,-0.0483111849390918,0.0253542132736763,0.0052639274747769
NOTP-L,18.0,0.1672622448194522,5.390278590588312e-07,0.0584854356830923,0.2683074592957213,0.2727542449331436,1.495715604572598,-1.775,0.4701317039409372,0.007108750219425,-0.0065969215457422,-0.0020363766020062,1.0,1.3557476785142493,0.112711109290345,6.86250376416276e-08,-0.018094188575041,3.967536961688542e-11,0.0987124463519313,0.0138289809475012,3.4543100534942135e-07,0.2639514196499891,3.0,0.022667145997911,0.3689066953503364,-0.0126441876574096,-0.1817493888259806,0.0097948104127489,0.0472175327712125,0.0769113573753131,0.107921470151809,0.099083112135152,-0.0277777777777777,0.0612244897959182,-0.064,-0.0732673267326733,-0.0084745762711864,0.1304347826086955,0.0783410138248847,0.0493273542600896,0.125,0.106382978723404,0.0308370044052863,0.0733944954128438,0.0660592255125285,0.0540540540540539,0.1304347826086955,0.1758793969849246,0.2857142857142856,0.3109243697478991,0.3805309734513273,0.5972696245733786,0.6363636363636362,0.9259259259259256,0.9180327868852458,0.9024390243902438,1.0,0.5445544554455446,0.5096774193548386,0.5918367346938775,0.6895306859205774,0.7727272727272725,0.7727272727272725,0.6027397260273972,0.2999999999999998,0.3333333333333332,0.3724340175953078,0.4138972809667673,0.4763406940063091,0.4534161490683228,2.9661016949152543,2.9661016949152543,3.178571428571428,3.105263157894737,3.069565217391305,2.9661016949152543,3.034482758620689,3.0,2.8677685950413223,2.7741935483870965,2.68503937007874
NOVS-L,20.0,-0.009771986970684,2.2968492142428102e-06,0.2492120300199503,0.0167794698251551,0.1046000237727326,2.1291309495933763,-280.0,-0.0986541133583267,-0.0039494728776378,0.0005836575875486,-0.029429797670141,1.0,0.5177664974619289,0.0461538461538461,1.69604635344588e-07,-0.0279596290234435,9.00886121017824e-07,-0.0207141717749471,0.013843648208469,2.9465212072576725e-06,-0.049385578483654,4.0,0.3912159934121279,0.1691501555591944,-0.0555405339370938,-0.0450652282010985,0.0595491189797276,-0.0315241228070175,-0.071964956195244,-0.0051015588096362,0.3713787883661611,-0.2592592592592593,-0.0742857142857141,-0.0357142857142855,-0.0299401197604789,-0.0581395348837208,-0.1336898395721925,-0.1473684210526314,-0.1980198019801979,-0.1336898395721925,-0.1649484536082474,-0.173469387755102,-0.1859296482412059,-0.0061349693251532,-0.0414201183431951,-0.160621761658031,-0.0470588235294117,-0.3955223880597015,-0.431578947368421,-0.5045871559633027,-0.5178571428571428,-0.474025974025974,-0.4774193548387097,-0.4807692307692307,-0.5436619718309859,-0.5290697674418604,-0.5,-0.5633423180592991,-0.5702917771883289,-0.5304347826086957,-0.4984520123839009,-0.6214953271028038,-0.6188235294117647,-0.6188235294117647,-0.6334841628959276,-0.6596638655462185,-0.6759999999999999,-0.6673511293634498,-0.6501079913606911,-0.6188235294117647,-0.6124401913875597,-0.6462882096069869,-0.6470588235294117,-0.6659793814432989,-0.6124401913875597,-0.6048780487804877,-0.6275862068965516,-0.6214953271028038,-0.6493506493506493,-0.6214953271028038
NPAJ-L,19.0,0.4460651926823023,4.860559039077125e-07,0.052737888828264,0.0482469493663705,0.3232529089550246,2.437193584656859,0.016099999999998,1.4968814501889112,0.0050234555399634,-0.0007398169169358,0.0076236784572827,1.0,0.0958723010830806,0.2630101087794564,1.1824320841503825e-07,0.1574366574961621,3.4815773440928086e-08,0.314296671780164,0.2050221749184442,5.154296392280011e-07,0.6742850621838988,3.0,0.398545779313398,-0.0171924934719105,0.0145922789718481,0.0194869968083267,0.056963349710275,0.0224615725346502,0.0463075282806529,0.3146998047937829,0.3268635496970982,-0.1113939393939393,0.0494847983717083,-0.0688487584650112,-0.2743425103351218,-0.2465753424657534,-0.3778280542986425,-0.4430567744548707,-0.4014799767846779,-0.360018617640214,-0.3632785366983098,-0.3956043956043956,-0.3584758942457231,-0.2731917892696679,-0.3213786295961174,-0.2907496561210453,-0.1834916864608076,-0.1932329356542147,-0.1073360744427612,-0.0380130597014926,0.0109055262835437,0.0583707504810775,0.1093182734973778,0.1596851279167837,0.3151602104256337,0.4009169638308711,0.4167954662545081,0.4761137949543745,0.8468770987239758,0.8448121645796065,0.9434628975265016,0.9798416126709864,1.0583832335329344,0.8001309186122627,0.9457547169811322,0.8801276207839561,1.026031434184676,1.2375915378356388,1.6484751203852328,1.562111801242236,1.9485346676197284,1.9390808692554329,2.267326732673267,2.6407766990291264,2.479544495993252,2.689624329159213,3.457050243111831,3.404698344901228,4.346727154893066,5.496062992125984
NPYG-L,18.0,0.033123668091331,2.793410218253968e-06,0.3030897400023887,0.0273909793340008,0.0249390259407054,0.5531568529919205,20.582,-0.7272698158024046,0.0982006197533546,-0.0041490479975741,0.0440173877825585,1.0,0.0835203717884397,0.0343198972203013,6.993551587301588e-08,0.0127873281114607,1.8977020586691552e-10,-0.1527031299399303,0.0460262411555176,6.045176091269841e-06,0.0325723874372121,3.0,0.0113360783509938,-0.3166020812704364,0.194883930558196,-0.5814853133685574,-0.0651373956324474,0.0044030978504445,0.0138007962346625,-0.1419423111470402,1.675268235642559,0.0434782608695651,0.0,0.0,-0.0416666666666666,0.0,0.0,0.0,0.0,0.0454545454545454,0.0,-0.2068965517241378,-0.2068965517241378,-0.303030303030303,0.2777777777777779,0.2777777777777779,0.2105263157894736,0.2777777777777779,0.2777777777777779,0.2777777777777779,0.3529411764705881,0.3529411764705881,0.5333333333333334,0.5333333333333334,0.5333333333333334,0.5333333333333334,0.2105263157894736,0.1499999999999999,0.2105263157894736,0.2105263157894736,-0.0799999999999999,0.0,-0.6567164179104478,-0.661764705882353,-0.6515151515151515,-0.640625,-0.6349206349206349,-0.6166666666666667,-0.6229508196721312,-0.6349206349206349,-0.6290322580645161,-0.6166666666666667,-0.6166666666666667,-0.6229508196721312,-0.6891891891891893,-0.6805555555555556,-0.6166666666666667,-0.6349206349206349,-0.6567164179104478,-0.780952380952381
NPYI-L^I21,22.0,-0.1078206042673852,1.2528178024907392e-06,0.1359328535228976,0.3061244633075063,0.1001745332178149,0.6677257025423275,0.6145,0.4382796226389903,-0.0038303077644702,0.0004857469258516,-0.000142005486525,1.0,0.1649026525545537,-0.0023692207323982,5.8793545705351084e-08,0.0302409784338728,1.5284445778385204e-11,0.0920245398773005,0.0150582516577285,7.169061172696495e-07,-0.2831921360667399,2.0,0.0130406068263621,0.4248995757772272,-0.0406151041166875,0.0406151041166875,0.0406151041166875,0.0042665937853493,0.0096293884824289,0.0406151041166875,0.2941100256442617,-0.0851063829787235,-0.0784313725490195,-0.0961538461538461,-0.0599999999999999,0.0,-0.1607142857142856,-0.175438596491228,-0.1454545454545454,-0.0961538461538461,-0.1607142857142856,0.1298076923076923,0.1298076923076923,0.0217391304347827,0.0217391304347827,0.0217391304347827,0.0307017543859651,-0.0674603174603174,-0.0674603174603174,-0.0674603174603174,-0.0524193548387096,-0.0524193548387096,-0.0408163265306122,0.0307017543859651,0.0444444444444445,0.0307017543859651,0.0,-0.0408163265306122,0.0307017543859651,-0.0599999999999999,-0.1030534351145038,-0.2610062893081761,-0.2921686746987951,-0.3088235294117646,-0.4268292682926828,-0.4470588235294117,-0.4470588235294117,-0.4470588235294117,-0.4470588235294117,-0.4377990430622008,-0.4240196078431372,-0.4296116504854369,-0.4296116504854369,-0.4337349397590362,-0.4296116504854369,-0.4534883720930232,-0.443127962085308,-0.443127962085308,-0.4470588235294117,-0.4470588235294117
NQCA-L,18.0,-0.1260303675054814,-3.264800072971572e-07,-0.0354236337652992,0.1927047251755561,-0.0955863055567261,1.2585596994799786,-139.8661,-0.1099991286950761,-0.1446277448317454,0.0938265736499267,-0.0001683110025371,1.0,0.758101384093387,-0.443353746577445,-2.832473324142108e-07,0.0182823609073456,1.0178924582774222e-08,-0.0230962579189001,0.0662735191516177,1.994406449444326e-06,-0.2032510378769736,2.0,0.2401681408206246,-0.1422779357698267,0.0316613581242614,-1.067570093576768,0.0007299629727434,-0.1399208998446769,5.8211037744570895,0.1015747863350895,1.6536866802719628,-0.0496894409937889,-0.0799999999999999,-0.0903954802259886,0.1180555555555555,0.1338028169014085,0.125874125874126,-0.0122699386503066,-0.0639534883720929,0.0522875816993464,-0.0122699386503066,0.1500000000000001,-0.2938596491228069,-0.1701030927835051,-0.397003745318352,-0.4542372881355931,-0.429078014184397,-0.431095406360424,-0.2747747747747747,-0.3455284552845528,-0.4166666666666666,-0.5625,-0.603448275862069,-0.6398210290827739,-0.6414253897550111,-0.6445916114790287,-0.7294117647058824,-0.6767068273092369,-0.6567164179104478,-0.6373873873873874,-0.636568848758465,-0.6747474747474748,-0.6773547094188377,-0.6567164179104478,-0.6324200913242009,-0.5785340314136125,-0.5807291666666666,-0.6148325358851674,-0.554016620498615,-0.4124087591240876,-0.6255813953488372,-0.7175438596491228,-0.7170474516695957,-0.7190226876090751,6.318181818181818,6.318181818181818,5.44,7.050000000000001,6.666666666666668,8.470588235294118
NQEI-L,10.0,0.5319608890655867,3.648705922515126e-07,0.0395890772566702,0.3888141505446517,0.417512562281881,1.838494181966119,-1.8027,1.0003470918702546,0.003122458256184,0.0018146432870257,0.0253381400212549,1.0,0.7106674785432615,0.8821267786494933,1.4590029613289282e-08,0.0170032457645586,3.6763662736909676e-10,0.2100405222872579,0.0990818621178049,7.511881712074802e-08,-0.1952626265124718,5.0,0.1339471355336718,-0.0124380470635082,0.0726367614249296,0.1849228742932736,-0.0067863491318236,-0.0096021456393667,-0.0114151058203985,0.2195293228763896,1.161434758224672,-0.0924657534246575,-0.1511627906976744,-0.3378684807256236,-0.3929313929313929,-0.3720430107526882,-0.3839662447257385,-0.416,-0.3693304535637148,-0.3064133016627078,-0.3080568720379146,-0.3129411764705883,-0.2275132275132274,-0.168091168091168,-0.2192513368983958,-0.2895377128953772,-0.2929782082324454,-0.2171581769436997,-0.0363036303630363,-0.1411764705882353,-0.0519480519480519,0.0068965517241379,-0.0135135135135134,-0.1511627906976744,-0.1015384615384615,-0.0846394984326018,-0.1151515151515151,-0.2335958005249344,-0.1820728291316526,-0.1728045325779036,-0.0519480519480519,-0.1461988304093567,-0.2644836272040303,-0.2531969309462916,-0.2150537634408602,-0.1015384615384615,-0.1151515151515151,-0.0759493670886076,-0.0610932475884243,-0.0931677018633541,-0.1774647887323943,-0.2772277227722772,-0.3452914798206278,-0.3941908713692946,-0.4065040650406504,-0.3452914798206278,-0.2912621359223301,-0.3800424628450106,-0.2718204488778054,-0.1820728291316526
NQEJ-L,18.0,-0.0537248683525772,8.689611330341228e-07,0.0942837547319189,0.3762558275698501,0.0656819966461774,1.4482264297860477,1.1149,0.4592053480722943,0.0131957282085694,0.0010555032016726,0.0183502283315929,1.0,0.1580887951099606,0.0009086968120582,6.15968600861246e-08,-0.0109060916696123,1.4499076333232513e-10,0.0964182651502291,0.0039425429554945,1.1920822831797035e-06,-0.0997619120495678,3.0,0.0194228933028706,-0.1915006821597613,0.0028819093611307,0.3517435604900181,0.0129550519560844,0.0097258688164697,0.0250700216575684,0.0772337565684494,0.3839935630335643,0.0185185185185186,-0.1595330739299609,-0.1692307692307691,-0.1818181818181817,-0.1724137931034481,-0.1660231660231659,-0.15625,-0.1147540983606556,-0.0999999999999998,-0.1787072243346006,-0.2029520295202951,-0.1999999999999999,-0.2340425531914892,-0.2313167259786476,-0.2394366197183097,-0.2653061224489795,0.0693069306930693,0.085427135678392,0.0964467005076143,0.130890052356021,0.1191709844559587,0.1134020618556701,0.1250000000000002,0.1250000000000002,0.1368421052631581,0.0588235294117647,0.090909090909091,0.1368421052631581,0.130890052356021,0.1368421052631581,0.2342857142857144,0.2203389830508475,0.1933701657458564,0.2272727272727273,0.2631578947368422,0.3012048192771086,0.3584905660377357,0.0046511627906977,-0.0313901345291479,-0.0226244343891401,0.0236966824644551,0.0093457943925234,0.0,-0.0313901345291479,-0.0136986301369862,-0.0136986301369862,-0.0484581497797356,-0.0769230769230767,-0.0962343096234309
NQJ-L,19.0,-0.0446945827828031,7.010930052267332e-07,0.0760697785391807,0.238250392318536,0.0126778475478896,1.80808192218272,-25.9015,-0.0947360293419784,0.2127533493313948,-0.0364982578397212,0.0274057500220985,1.0,0.1813798078748529,0.0226908806873657,-5.967831316926558e-08,-0.0481072862656422,3.2980325824289396e-11,-0.0198915009041591,0.0432716739506047,3.055133385260159e-07,-0.1701694422223838,3.0,0.0210022508085177,0.0069909203937566,0.0157098775903572,-0.0098660208973742,0.0707592176400208,-0.0261063578230081,-0.0397656855151045,-0.0385236377902853,1.6536866802719628,0.142857142857143,-0.339622641509434,-0.4444444444444445,-0.453125,-0.5138888888888888,-0.5731707317073171,-0.5783132530120483,-0.4444444444444445,-0.4166666666666666,-0.5625,-0.5569620253164558,-0.5625,-0.5625,-0.6428571428571428,-0.6391752577319587,-0.6428571428571428,-0.6428571428571428,-0.6728971962616823,-0.65,-0.6568627450980393,-0.6568627450980393,-0.6391752577319587,-0.6195652173913044,-0.6022727272727273,-0.5454545454545454,-0.453125,-0.5679012345679013,-0.4852941176470589,-0.4696969696969697,-0.4166666666666666,-0.5333333333333334,-0.4615384615384615,-0.4696969696969697,-0.339622641509434,-0.4067796610169492,-0.4166666666666666,-0.3750000000000001,-0.435483870967742,-0.3859649122807017,-0.435483870967742,-0.4696969696969697,-0.4776119402985075,-0.4776119402985075,-0.4776119402985075,-0.453125,-0.4927536231884057,-0.4444444444444445,-0.4444444444444445,-0.3
NQLK-L^F20,5.0,0.0508522754646803,1.49794937141528e-06,0.1625300439413375,0.0728095471696383,0.0535586959825133,3.0575967020955144,1.0005,0.6446511944658138,0.0426284492891182,-0.0029005729467814,-0.0416323324524737,1.0,0.8958762886597939,0.0342400076710402,-2.742882315870397e-08,-0.1191555138966216,1.0565393698760857e-11,0.1353558926487748,0.0062294639673928,1.0263935066045655e-06,0.0760774606872452,5.0,0.00242931307169,0.5851435144088697,0.0733624460394094,0.20098716031943,0.0566177281214527,0.0138255335923861,0.0232986674048005,0.1526154475520229,1.6536866802719628,0.0,0.0087719298245614,0.0360360360360358,-0.0416666666666667,0.1499999999999999,0.0,0.0087719298245614,-0.0336134453781512,-0.0254237288135593,-0.094488188976378,-0.1666666666666666,0.0087719298245614,-0.0416666666666667,-0.2580645161290323,-0.4102564102564102,-0.5085470085470085,-0.5168067226890756,-0.5576923076923077,-0.532520325203252,-0.3611111111111111,-0.3611111111111111,-0.3313953488372093,-0.2901234567901235,-0.3072289156626506,-0.2628205128205129,-0.2987804878048781,-0.3030303030303031,-0.3154761904761904,-0.222972972972973,-0.1221374045801527,-0.1417910447761194,-0.2281879194630872,-0.1287878787878789,-0.3154761904761904,-0.3154761904761904,-0.4102564102564102,-0.4362745098039216,-0.4072164948453608,-0.4575471698113208,-0.5168067226890756,-0.4626168224299066,-0.5,-0.5228215767634856,-0.5892857142857143,-0.661764705882353,-0.6666666666666667,-0.6849315068493151,-0.6840659340659341,-0.6933333333333334
NQME-L,14.0,0.1860421717735486,6.956989395084634e-08,0.0075484513272581,0.1757521812607838,0.7751206432083808,1.8750776186607605,2.375499999999996,0.4092567366656158,0.0058483364376581,0.0093941941632889,-0.0018823591492742,1.0,1.101548590120492,0.467597728651996,3.1674523007856344e-08,-0.0416291234920155,9.596949317831543e-10,0.0859306728808623,0.0051279696376518,4.164836574360384e-08,-0.1017995366551241,4.0,0.613742366971777,0.5389000432774049,0.0018482566677041,1.1276241292270666,0.0297012512483535,0.1620120857354311,0.2920454162770154,0.1276241292270665,0.5492517882047396,0.0631163708086783,-0.1579471848530144,-0.2512184315463003,-0.3125423728813559,-0.2235834609494639,-0.1587854654056745,-0.1599005799502899,-0.0460959548447788,0.0288149350649351,0.1219296304492145,0.1142857142857143,0.1951909476661952,0.1467993666591269,0.103373231773667,0.1045751633986928,0.077577045696068,0.0518672199170124,0.1000216966804079,0.0414954806902219,0.0449299258037922,0.0549313358302121,0.1214333112143331,0.2338768556826478,0.2910618792971733,0.3632696961548805,0.1383026493039965,0.0964532871972319,0.2637088733798605,0.2980030721966205,0.3640032284100081,0.3822246455834244,0.6546997389033944,0.5518824609733701,0.5424399148159418,0.4781341107871721,0.3230688935281838,0.3898026315789475,0.5858617453862998,0.5238954012623984,0.5638494756323258,0.8632855567805955,1.0167064439140812,1.1002485501242751,1.225636523266023,1.280701754385965,1.2227093380096452,1.6726410121244073,2.0413917216556685,1.8888888888888888
NQMY-L,20.0,0.2977692199726305,2.9010220996591095e-07,0.0314765811401826,0.1404246977670077,0.2660391934987962,1.0107780380012945,0.3283,0.4597141472982982,0.002221181348242,-0.0019202428155373,-0.0063702655635599,1.0,3.882173764518333,0.6437474455680082,4.1988406736365627e-08,0.0119349537006105,7.04888836970752e-11,0.0965250965250966,0.0020000701779009,4.358366097913958e-07,0.1382932777643211,5.0,0.0572966692761695,0.1613157936594299,-0.0026851984308184,-0.2763933315282576,-0.0781438504408301,0.0216697343162982,0.0670365880986819,0.1555430404509409,0.3387807208821828,0.0247813411078716,0.0208333333333334,0.0132939438700148,0.0178041543026705,0.0029239766081872,0.0269461077844312,0.0223546944858421,0.0073421439060206,-0.0171919770773638,-0.0485436893203883,-0.0742240215924425,-0.1249999999999998,0.1227495908346971,0.1064516129032258,0.0786163522012579,0.0284857571214394,0.0668740279937791,0.088888888888889,0.1136363636363637,0.1357615894039736,0.1136363636363637,0.0619195046439629,0.0570107858243451,0.0702028081123244,0.1264367816091955,0.0570107858243451,0.1726495726495727,0.2163120567375887,0.2098765432098766,0.1930434782608696,0.2774674115456239,0.3557312252964428,0.3372319688109162,4.007299270072992,4.119402985074627,4.196969696969697,0.0906200317965024,0.094098883572568,0.0537634408602152,0.0803149606299213,0.1227495908346971,0.0837282780410741,0.0871632329635501,0.058641975308642,0.0668740279937791,0.0668740279937791,0.0393939393939395,0.0147928994082842,-0.0283286118980169
NRAS-L,23.0,0.6898773970449543,5.81120132863545e-07,0.0630525186844405,0.2361355375776761,0.157478368355995,0.7224363276465847,-0.1815,1.9483521406406048,0.072937503874059,-0.004021879021879,0.0018214936247723,1.0,5.057142857142856,0.5876111270433035,4.828671624227434e-08,-0.140594869397534,1.6332846428235245e-13,0.4090909090909091,0.0070732474064759,5.474244026162188e-07,0.8139130434782608,2.0,0.0026783817378636,0.0114285714285712,-0.2641669016069917,0.2641669016069917,0.2641669016069917,-0.0159985117663473,-0.0310693641618497,0.2641669016069917,0.0143798841762779,0.0,0.0,0.0,0.0,0.0,0.0,0.0,0.0,0.0,0.0,0.1388888888888888,0.1388888888888888,0.1388888888888888,0.1388888888888888,0.1388888888888888,0.4642857142857139,0.5769230769230769,0.6399999999999999,0.6399999999999999,0.6399999999999999,0.6399999999999999,0.6399999999999999,0.6399999999999999,0.6399999999999999,0.6399999999999999,0.7083333333333333,0.9523809523809524,1.342857142857143,1.0,1.0,0.8636363636363635,0.8636363636363635,0.822222222222222,0.822222222222222,0.7826086956521738,0.7826086956521738,0.7826086956521738,0.822222222222222,0.5769230769230769,0.3225806451612902,0.28125,0.28125,0.28125,0.4385964912280702,0.4385964912280702,0.4385964912280702,0.4385964912280702,0.4385964912280702,0.4385964912280702
NRDM-L^J19,20.0,-0.0211515863689776,1.089845997007356e-06,0.1182501365954307,0.3051620648259303,0.392894461859979,0.3891262880033188,-0.0074999999999999,0.2801552097653149,-0.0359274412102081,-0.0041212121212121,-0.0034490262213034,1.0,0.7857142857142857,-0.003477795612627,5.178597086451061e-08,0.039667458432304,1.7961913796320162e-14,0.0588235294117645,-0.0016451233842538,1.2873348689482864e-07,-0.1489361702127659,4.0,0.000960955903635,-0.2142857142857143,-0.0030800417895399,0.7851108764519537,-0.0648252665876376,0.0160599571734475,0.0184426229508196,-0.2148891235480463,-0.3550287788154496,0.0,0.0,0.0,0.5,0.0,0.0,-0.25,-0.25,-0.25,-0.4,-0.4,-0.5,-0.4,-0.4,-0.4,-0.4,-0.4,-0.5,-0.5,-0.5,-0.5,-0.5,-0.5,-0.5714285714285715,-0.5714285714285715,-0.5714285714285715,-0.5,-0.5714285714285715,-0.5714285714285715,-0.5,-0.5,-0.5,-0.5,-0.4,-0.25,-0.4,-0.4,-0.4,-0.4,-0.25,-0.25,-0.25,0.0,0.0,0.0,0.5,0.0,0.0,0.0
NRDT-L^C23,5.0,-0.6087190264405454,-7.59550638449034e-07,-0.0824125307560666,0.0575818136397701,-0.6950738040192068,2.4328909312578104,-3.4275,0.2381319283005175,-0.2480336222021262,-0.0131358066140674,-0.0243330622368588,1.0,16.328125,-1.945273631840796,-1.4817483754348671e-06,-0.4798538658797905,3.2207753812691188e-12,0.0499999999999998,-0.0006842285323298,1.7597089298014956e-06,0.0040630123315988,4.0,0.0022505525684498,1.4571818392940084,0.0178846592847192,1.185167549550622,-0.0145006654460601,-0.2921844971172325,-1.195230607966457,0.185167549550622,1.6536866802719628,0.0,-0.3333333333333332,-0.5,-0.6666666666666666,-0.6000000000000001,-0.6000000000000001,-0.5,-0.6000000000000001,-0.6000000000000001,-0.6000000000000001,-0.6000000000000001,-0.6000000000000001,-0.6000000000000001,-0.6000000000000001,-0.6666666666666666,-0.6666666666666666,-0.6666666666666666,-0.6666666666666666,-0.6666666666666666,-0.7142857142857143,-0.7142857142857143,-0.7777777777777778,-0.75,-0.6666666666666666,-0.6666666666666666,-0.6666666666666666,-0.7142857142857143,-0.7142857142857143,-0.7142857142857143,-0.6666666666666666,-0.7142857142857143,-0.6666666666666666,-0.75,-0.75,-0.8666666666666667,-0.7142857142857143,-0.75,-0.8,-0.8181818181818181,-0.8461538461538461,-0.8666666666666667,-0.8823529411764706,-0.8823529411764706,-0.8823529411764706,-0.8823529411764706,-0.8571428571428572,-0.875,-0.875,-0.8947368421052632
NRDZ-L^E21,19.0,1.5661764705882348,1.133193504122764e-07,0.0122953414537033,0.7666857633915783,-0.6778846153846153,5.971210012263625,0.0334,0.1570100626157264,0.351810695802761,-0.0221358766042623,-0.0005049091688415,1.0,0.6153846153846154,2.2515723270440247,-3.265876830063672e-08,-0.1731958762886598,1.946581463369701e-14,0.0329670329670329,1.5944149595375066e-17,5.2604727464112826e-08,0.3636363636363636,1.0,0.0012827108912822,-0.9058823529411766,-0.1136690647482015,1.1136690647482017,0.1136690647482015,-0.0641464699683877,-0.0815608775749455,0.1136690647482015,1.6536866802719628,0.0,0.0,0.0,0.0,0.0,0.0,0.0,0.0526315789473683,0.1111111111111111,0.5384615384615385,1.5,1.5,0.8181818181818183,0.8181818181818183,0.8181818181818183,0.5384615384615385,0.5384615384615385,0.5384615384615385,0.5384615384615385,0.8181818181818183,1.0,0.6666666666666667,0.4285714285714286,0.4285714285714286,0.0526315789473683,0.0526315789473683,0.0526315789473683,0.0526315789473683,0.0526315789473683,0.0526315789473683,-0.1666666666666666,-0.1999999999999999,-0.1999999999999999,-0.1666666666666666,-0.1999999999999999,-0.2307692307692307,-0.2857142857142857,-0.2857142857142857,19.0,19.0,19.0,19.0,19.0,19.0,19.0,19.0,19.0,19.0,19.0
NREN-L,22.0,0.0087659458353229,5.4163007093631e-07,0.0587677800792795,0.4324130512728577,1.6614349775784751,1.096181565973382,-0.4804999999999999,0.1253325938423781,-0.0285919728466176,-0.0029446808510638,-0.0316699477873833,1.0,0.1209689629068887,-0.0004108156558111,7.38025357259377e-08,-0.0428573854278097,4.035272510614906e-12,0.0263157894736842,0.0068558564704276,5.686458058401014e-08,0.1054287962234462,3.0,0.0138933441963065,-0.0914403747484747,-0.0999320435678394,-0.0347292225151036,0.0197999757197583,0.0201183431952662,0.0222305249392863,-0.0263847632360649,0.2453097049704228,-0.1630434782608696,-0.0683544303797468,-0.1767337807606263,-0.2565656565656565,-0.264,-0.1636363636363637,-0.2136752136752135,-0.1636363636363637,-0.0753768844221105,-0.2301255230125523,-0.2333333333333332,-0.2333333333333332,-0.2365145228215768,-0.3284671532846716,-0.3917355371900826,-0.376271186440678,-0.3284671532846716,-0.2595573440643862,-0.2784313725490195,-0.154022988505747,-0.1401869158878504,-0.0799999999999999,-0.0564102564102563,-0.0799999999999999,-0.0186666666666666,-0.0186666666666666,-0.0264550264550263,-0.0054054054054054,0.0165745856353591,0.1323076923076924,0.0279329608938547,-0.0980392156862745,-0.0054054054054054,-0.0186666666666666,-0.0416666666666666,-0.1421911421911421,-0.0366492146596857,0.0222222222222221,0.2105263157894736,0.2105263157894736,0.2474576271186439,0.2867132867132869,0.1645569620253164,0.3430656934306568,0.3834586466165413,0.2432432432432432,0.2474576271186439,0.222591362126246,0.4099616858237549
NRYO-L^I22,21.0,-0.5161445012787724,7.1342967062542e-07,0.0774083276300914,0.0709989152943496,-0.1646679307542663,0.0238686015101065,1.9490000000000005,-2.767479166735753,0.0669489918218911,-0.0004462382779198,-0.0596896140071629,1.0,0.482051282051282,-0.3229786051681023,-4.631466194678197e-07,0.0083485942044597,1.4494844111481517e-12,-0.5810810810810811,-0.5113357843137255,1.4136834670088042e-06,-0.5770450444136868,1.0,0.0048011513039595,0.602644784225751,0.1320857103556438,-0.0168536409761669,-0.1447688600332302,-0.030028583856335,-0.097399979844805,-0.6854276563677468,1.6536866802719628,0.0,0.0,0.0,0.0,0.0,0.0,0.0,-0.2,0.0,-0.2,-0.2,0.0,0.3333333333333335,-0.4285714285714286,-0.5,-0.5,-0.5,-0.6363636363636364,-0.6363636363636364,-0.5555555555555556,-0.5,-0.5555555555555556,-0.6666666666666666,-0.6666666666666666,-0.6000000000000001,-0.6000000000000001,-0.6363636363636364,-0.7142857142857143,-0.7333333333333334,-0.6666666666666666,-0.7142857142857143,-0.7647058823529411,-0.75,-0.902439024390244,-0.9444444444444444,-0.9534883720930232,-0.9578947368421052,-0.961904761904762,-0.9722222222222222,-0.981132075471698,-0.9836065573770492,-0.984375,-0.9840637450199204,-0.9851851851851852,-0.9849624060150376,-0.9858156028368794,-0.9865771812080536,-0.986013986013986,-0.987220447284345
NRZG-L,19.0,0.5943416777809297,2.378864673500682e-07,0.0258110846262622,0.0830625119480023,0.1448571010649592,0.5878962158409925,2.776,0.3295575793444671,0.0124473745539416,-0.007276288982918,0.0667523950965951,1.0,0.5584988962472407,0.6773284973129529,1.7005349448192993e-08,0.3587393505617082,1.346272192604363e-09,0.0691964285714285,0.0529174744424192,2.413252222246335e-07,0.5272842185599463,5.0,0.5968482936667661,-0.3216759032142923,-0.0488487470691147,-0.3994381872991171,-0.0801977191194063,0.0076182050525901,0.0153465346534653,0.1331153016491547,-0.3298211661484247,-0.0416666666666667,-0.0567685589519649,-0.0313901345291479,-0.1190864600326263,-0.280958721704394,-0.2087912087912087,-0.2263610315186246,-0.2128279883381924,-0.1780821917808218,-0.1428571428571428,-0.0769230769230767,0.0305343511450382,0.0060549604098742,0.0290614578370653,0.0444874274661508,0.1026033690658501,0.2300683371298406,0.2728344136711846,0.1362440820620725,0.2781065088757397,0.2910938433950987,0.2864800476474094,0.4614343707713126,0.6059479553903349,0.6981132075471699,0.637604245640637,0.524347212420607,0.6679536679536682,0.6301886792452831,0.8289585097375107,0.8477331052181354,0.952983725135624,0.7836498761354254,0.8588640275387265,1.1155729676787465,0.9762122598353158,1.1973550356052902,1.231404958677686,1.271293375394322,1.2594142259414225,1.213114754098361,1.186234817813765,1.0991253644314871,1.1428571428571428,1.1621621621621625,1.3351351351351353,1.4856156501726123,1.583732057416268,1.7692307692307696
NRZN-L,20.0,0.0805919426594167,3.674889132266209e-07,0.039873169517235,0.2285785353636431,0.2048034496590453,5.735375305899939,4.191,0.4256616066115243,0.0028556865204507,0.0047711130789944,0.0027812544699341,1.0,0.498349523719702,0.254088401418626,8.555126888388882e-08,-0.007139399447023,1.2353137537790741e-08,0.089375164777221,0.0152619871478003,4.739408464168824e-07,-0.0240944757073789,2.0,0.1168697292203767,-0.0391678135965644,0.0773827015494959,0.0578112776382426,-0.0707860521788003,0.0284090909090909,0.0671250818598559,0.0578112776382426,0.6300954535089448,0.0912698412698411,-0.16,-0.2477611940298507,-0.3225806451612903,-0.3225806451612903,-0.2609970674486803,-0.2386706948640483,-0.3057851239669421,-0.2588235294117647,-0.2386706948640483,-0.2317073170731707,-0.1486486486486486,-0.1188811188811188,-0.2075471698113208,-0.0902527075812273,-0.0136986301369863,0.0815450643776822,0.1586206896551725,0.1943127962085309,0.1101321585903083,0.1858823529411764,0.250620347394541,0.362162162162162,0.4736842105263159,0.4608695652173913,0.4608695652173913,0.4277620396600567,0.5089820359281438,0.7084745762711864,0.9310344827586208,0.5044776119402985,0.5135135135135136,0.6363636363636362,0.6799999999999999,0.5226586102719033,0.3999999999999999,0.3695652173913042,0.3090909090909091,0.1886792452830188,0.1506849315068492,0.1150442477876108,0.229268292682927,0.2144578313253011,0.3440000000000001,0.4078212290502794,0.4038997214484681,0.4736842105263159,0.6310679611650487,0.8327272727272728
NSDX-L^J19,23.0,-0.0385232744783307,3.710705622894455e-07,0.0402617845069481,0.0293913892769127,0.1579105568869572,0.9788122833690608,4.067,-0.1587546188670123,0.0293394252829971,-0.004912297235213,-0.0084031858167566,1.0,2.9741804467653035,-0.0577691989521577,-7.235170094391075e-09,-0.1270472182326281,2.4431008872100472e-11,-0.0333333333333333,0.0181151112130245,8.235333945338044e-07,-0.0281769106316177,4.0,0.0207119399823245,0.1422927925192788,0.1701230264330623,1.1115592759997568,-0.0018144169006286,-0.0070104102599148,-0.020815719165342,0.1115592759997567,1.6536866802719628,-0.0508474576271185,-0.024793388429752,-0.144927536231884,-0.1323529411764706,-0.2625,-0.313953488372093,-0.3370786516853933,-0.3058823529411765,-0.3058823529411765,-0.3444444444444444,-0.2804878048780488,-0.1690140845070422,-0.2133333333333333,-0.2531645569620254,-0.2804878048780488,-0.2133333333333333,-0.1386861313868614,0.0,-0.0992366412213741,-0.0483870967741936,0.2967032967032965,0.3720930232558139,0.2421052631578948,0.1238095238095238,0.0535714285714283,0.0535714285714283,0.0630630630630628,0.1568627450980391,0.2040816326530612,0.4216867469879517,0.4749999999999998,0.5945945945945945,0.5945945945945945,0.6388888888888888,0.6388888888888888,0.5324675324675323,0.4936708860759491,0.5128205128205128,0.5945945945945945,0.6857142857142857,0.4936708860759491,0.4749999999999998,0.388235294117647,0.4936708860759491,0.5128205128205128,0.5945945945945945,0.5945945945945945,0.6388888888888888,0.6388888888888888
NSIP-L,18.0,0.1366805555555554,3.7049932523616737e-07,0.0401998043191381,0.0647352793831942,0.6542632269348492,1.5693431939106717,1.613,2.463433741039845,0.0261990080237138,0.007015610895768,0.1684256558292625,1.0,0.1635064841671261,0.0322410843532044,5.493927125506072e-08,0.0275739237264446,4.735313684116841e-11,0.517241379310345,0.1570833333333332,1.8173414304993253e-07,0.4320731642473548,4.0,0.0416668356055875,-0.019101661094361,0.0133248847744075,-0.0351353842780834,-0.0768054585381565,0.0268391269199676,0.042649907110953,0.0747466216216214,0.5132481258962479,0.0044052863436121,-0.0381355932203388,-0.069672131147541,-0.133587786259542,-0.1167315175097275,-0.1498127340823969,-0.1269230769230769,-0.0992063492063491,-0.0846774193548387,-0.0502092050209205,-0.1201550387596899,-0.0846774193548387,0.1019417475728154,0.0412844036697246,0.2270270270270269,0.4012345679012346,0.4645161290322581,0.3841463414634147,0.2971428571428571,0.3757575757575757,1.8375,1.8375,1.8375,1.8375,1.8375,1.8375,1.8375,1.8375,1.8375,1.8375,1.8375,1.8375,1.8375,1.8375,1.8375,1.8375,1.8375,1.8375,1.8375,1.8375,1.8734177215189871,1.91025641025641,1.8375,1.7682926829268295,1.7682926829268295,2.388059701492537,2.388059701492537,2.3382352941176467,2.3382352941176467
NSUZ-L,19.0,0.1908990011098778,7.894622621770136e-07,0.085657992593186,0.5124601564763837,-3.679761312779712,0.4003313303572924,-0.805,1.970746992831876,-0.6595306611426571,-0.0107975265577929,-0.0175148623279098,1.0,0.4536082474226803,0.1768067846607668,-4.630654409510793e-07,0.0438558402084237,3.706236829842294e-14,0.4137931034482758,0.0060250515300459,1.3951330592756874e-07,0.277463193657984,3.0,0.0022731902530148,0.9524876736889284,0.0777750580922639,1.1367748802554551,-0.7542584932869656,-0.1478498202636133,-0.1739777534074886,0.1367748802554551,1.6536866802719628,-0.2083333333333332,-0.0769230769230769,-0.0769230769230769,-0.2258064516129032,-0.1999999999999999,-0.1724137931034483,-0.4,-0.3333333333333333,-0.368421052631579,-0.52,-0.5636363636363637,-0.5714285714285715,-0.5384615384615385,-0.5471698113207548,-0.4782608695652174,-0.4,-0.4146341463414634,-0.4285714285714286,-0.4545454545454546,-0.4893617021276596,-0.368421052631579,-0.4666666666666667,-0.3846153846153847,-0.4,-0.3513513513513513,-0.1999999999999999,-0.2727272727272728,0.6000000000000001,1.0,1.0,0.714285714285714,0.714285714285714,0.6000000000000001,0.6000000000000001,0.6000000000000001,0.6000000000000001,0.6000000000000001,0.6000000000000001,0.714285714285714,0.714285714285714,0.714285714285714,0.6000000000000001,0.5,0.5,0.4117647058823528,0.4117647058823528,0.5,0.6000000000000001,0.6000000000000001
NSVG-L^F19,19.0,-0.0836543979014673,4.951223585028183e-07,0.0537216145080862,0.4269803640917833,0.2722374515549673,3.6232345632079457,-0.2725000000000001,0.2237481205508227,-0.002240571353555,0.0021435793731041,-0.0043835932911758,1.0,0.2659003831417624,0.1902113459399333,9.016138994159877e-08,0.0910704737461233,2.3197827569240543e-11,0.0469798657718121,0.0057381752602672,3.0066848039348e-07,-0.3354574777751554,2.0,0.0078987234222747,0.3557037782811756,0.0124736667036256,-0.0124736667036256,-0.0124736667036256,0.0271676300578034,0.0497608030742686,-0.0124736667036256,0.0724671225859407,-0.12,-0.0384615384615385,-0.2647058823529412,-0.1935483870967741,-0.3055555555555556,-0.2857142857142857,-0.1379310344827585,0.1904761904761904,0.1363636363636364,0.0869565217391303,0.0869565217391303,0.25,0.25,0.3888888888888888,0.4705882352941175,0.3157894736842106,0.4705882352941175,0.7857142857142856,0.5625,0.6666666666666667,0.9230769230769228,0.5625,1.0833333333333337,1.0833333333333337,1.0833333333333337,1.0833333333333337,1.0833333333333337,1.7777777777777777,1.272727272727273,1.5,0.7857142857142856,0.7857142857142856,1.0833333333333337,1.5,1.5,1.5,1.5,1.272727272727273,1.5,2.571428571428571,3.166666666666667,2.571428571428571,2.571428571428571,2.125,3.166666666666667,3.166666666666667,4.0,4.0,5.25
NTAB-L,4.0,0.1304158489426684,1.8888294889759786e-07,0.0204941198747532,0.0845572919888967,0.1803732636934645,1.5369803796480623,3.8105,0.5088036232011072,0.0289154139483541,0.0060240614076852,0.0180565132593973,1.0,0.8401267782118376,0.139009338325613,2.1184418882647272e-08,-0.0003379547740199,3.1465121040777756e-10,0.1068322981366459,-0.0023573676448387,2.90490607676486e-07,0.1411080797076998,5.0,0.1145611044697785,0.3942266061407944,0.0207954465833549,0.1508540286410974,1.1508540286410975,0.0140561418028829,0.0351000068891083,0.1508540286410974,0.7663052271881199,-0.0449218750000001,0.0534979423868311,-0.0266159695817489,-0.1452420701168614,-0.0210325047801147,0.1252747252747252,-0.0153846153846154,0.0666666666666666,0.147982062780269,0.147982062780269,0.2132701421800948,0.1609977324263038,0.3544973544973546,0.3195876288659793,0.28,0.2487804878048782,0.1327433628318586,0.233734939759036,0.2896725440806045,0.2190476190476189,0.28,0.3128205128205128,0.4504249291784703,0.6569579288025891,0.6151419558359623,0.5283582089552239,0.5375375375375375,0.4797687861271678,0.7297297297297298,0.9844961240310076,0.8823529411764706,0.7777777777777779,1.1880341880341885,1.2755555555555556,1.1974248927038629,1.115702479338843,1.160337552742616,1.2857142857142856,1.6947368421052635,1.8444444444444448,1.6947368421052635,1.6947368421052635,1.585858585858586,1.9090909090909087,2.065868263473054,2.065868263473054,2.1604938271604937,2.436241610738255,2.6312056737588656
NTAE-L,20.0,0.0821640063349418,1.6047863896248674e-07,0.0174122041371637,0.0367061187228635,0.5539044245837985,1.099808887766325,6.066699999999997,0.1718857058650002,0.007413596865343,-0.0002953353990223,0.0525676142007183,1.0,0.1042482634714736,0.0247604754223553,4.5313269290327286e-08,-0.0062437931032137,2.4360239408767226e-08,0.0360904367364135,0.1051726381271654,1.1600814855560677e-07,0.1732088975599253,4.0,2.408773376400703,-0.1052689267072155,-0.0068369968046015,-0.10113447472941,0.0457846565144955,0.0443947054816865,0.0770549331108923,-0.0003720944838292,0.36344209853193,-0.0418933623503808,-0.0506198347107438,-0.1247619047619048,-0.1368865930969712,-0.0860268523122824,-0.02905441098785,-0.0397074190177639,0.0554120011484351,0.0068474390577923,-0.0067549310997028,-0.0535530381050465,-0.128703484237971,-0.0832917705735661,-0.1268408551068884,-0.051844209440289,-0.0703085483055134,0.0523904952762668,0.1032412965186073,0.0384180790960451,0.1019184652278177,0.1695832007636015,0.1751918158567773,0.1680965999364474,0.3185078909612624,0.3835152427549868,0.2124010554089708,0.0818128310771042,0.1190258751902586,-0.0110304008609094,0.0073992874760206,0.1139393939393937,0.1221001221001221,0.1733163102457708,0.1677255400254129,0.2614962251201096,0.1265706405148634,0.1476740555729003,0.2164129715420251,0.2839678658749562,0.3072546230440967,0.086930810171496,0.1981747066492829,0.1729419272495214,0.2060367454068241,0.1703279210442534,0.1673547157827881,0.1985653733289858,0.3594674556213018,0.3584626755358462
NTEU-L,20.0,0.3207883234342399,4.537230831322556e-07,0.0492297230106053,0.0784624539828992,0.172447413655494,1.797517563668797,-12.6164,0.3163053959039955,-0.0086828866349571,-0.0010689619646212,0.0433257207872696,1.0,0.1789772726754398,0.0883586220725393,6.927707145318421e-08,0.1695954209913979,2.4833640487054e-05,0.066413898833596,0.3395338876033258,1.2218472144675207e-06,0.4372902213546257,4.0,7.564804365919911,-0.0068807697388173,0.249027244111056,-0.3745359859555001,0.1644183142693289,0.0169739423500002,0.064910247680011,0.03055555631146,0.2884985498605427,-0.1496678389996091,0.0377128953771288,-0.0574585635359116,-0.0922312876906704,-0.0440791931266343,0.0444897959183674,-0.1133056133056132,-0.1962939698492461,-0.1774349083895853,-0.2089644513137558,-0.2150306748466258,-0.2771186440677966,-0.2593342981186686,-0.2705245153933865,-0.2408780777217443,-0.2055262340887923,-0.1313645621181263,-0.1301835486063902,-0.0935175345377258,-0.080488681279195,-0.0564159292035398,-0.0922312876906704,-0.0361581920903955,-0.0325141776937617,0.0483408439164276,0.0106635071090046,0.0526532291238173,0.0649188514357053,0.1318000884564352,0.204235294117647,0.2581120943952801,0.2624568327577701,0.3348982785602503,0.4817602779386218,0.5142011834319529,0.3390894819466248,0.3390894819466248,0.315681233933162,0.386240520043337,0.4376404494382022,0.298984771573604,0.3575596816976125,0.3089514066496164,0.1711670480549199,0.2105014191106906,0.1532221721496169,0.1637107776261939,0.2174119885823024,0.2036688617121353
NTFU-L,17.0,0.0063375978940816,4.476955618451162e-07,0.0485757267418726,0.0312340590139213,0.6423273983541395,2.0294597482685943,23.3459,0.33716525471078,0.0255401553377891,0.0071948297924937,0.0455812444278963,1.0,0.3884706352122099,0.084282213460929,3.7889317114296046e-08,-0.1685615015236533,1.8250782527361163e-09,0.0707937942461213,0.0122024395838033,1.890696133927496e-07,-0.1400424406307069,4.0,0.1867528939450436,0.131223571187573,0.0375599391442013,0.7037124686204885,0.2957352907955689,0.0243206277129883,0.0383835361011038,0.3304183688792272,0.1910955741602278,-0.032171581769437,-0.1223529411764705,0.061166429587482,0.2474916387959864,0.349005424954792,0.55741127348643,0.445736434108527,0.5639412997903566,0.6504424778761064,0.4318618042226487,0.4714003944773175,0.3738489871086556,0.4075471698113209,0.1974317817014446,0.0219178082191779,0.0970588235294118,0.4155597722960154,0.4048964218455744,0.3917910447761192,0.492,0.5509355509355511,0.6764044943820224,0.6359649122807018,0.6614699331848553,0.8106796116504853,0.445736434108527,0.7594339622641508,1.1193181818181817,1.2136498516320473,1.1812865497076022,1.2813455657492354,1.4142394822006472,1.3385579937304075,1.4620462046204623,1.5288135593220336,1.5202702702702702,1.626760563380282,1.5202702702702702,1.5374149659863945,1.5202702702702702,1.5993031358885017,1.995983935742972,1.8365019011406845,1.937007874015748,1.9027237354085609,1.4539473684210529,1.4701986754966887,1.5033557046979866,1.2005899705014746
NTID-L,20.0,0.2949152988407776,9.927134439455869e-08,0.0107711090070548,0.1764544496919431,0.834654606455613,1.5481430433252912,-0.7172000000000001,0.6501379629791925,-0.0011120750708011,0.0136726545447102,0.0017831747889039,1.0,0.4409689064865494,0.1276445197892205,2.3698370520035213e-08,0.1478213117615648,5.2538439498396925e-11,0.1365079365079364,0.0430852362524178,4.255746636534504e-08,0.9800408272738108,4.0,0.1755783135357332,0.2923066857740662,0.0067130743282199,-0.1602445906338715,-0.0300142720061905,0.0292687246687297,0.0415399766534553,0.1899957828695722,0.0854582636624208,-0.1056533827618163,0.0547409579667643,0.0355086372360844,-0.0666089965397924,0.1204569055036341,0.1192946058091284,0.2388059701492535,0.4425133689839571,0.7893864013266996,0.4760601915184679,0.352130325814536,0.3886743886743886,0.5985185185185184,0.5914454277286134,0.8797909407665503,0.909734513274336,0.8896672504378282,0.972577696526508,0.9511754068716092,1.441176470588235,1.704260651629072,1.6381418092909534,1.7247474747474745,1.6576354679802958,1.6974999999999998,1.6511056511056506,1.980662983425414,2.425396825396825,2.436305732484076,3.1183206106870225,3.4586776859504127,3.650862068965517,3.591489361702127,4.649214659685864,4.73936170212766,5.7018633540372665,6.052287581699345,6.098684210526315,7.563492063492063,7.772357723577235,8.14406779661017,7.772357723577235,7.8442622950819665,7.563492063492063,8.14406779661017,8.548672566371682,10.988888888888887,10.728260869565217,10.123711340206183
NTIV-L,22.0,0.1714955618824317,7.425128092652437e-07,0.0805638974319042,0.1724137931034483,0.1656770456191166,0.8905470059786449,-13.0,0.901721064004406,0.0115401281610769,-0.000837380673254,0.1850605652759084,1.0,0.055483536427275,0.1630977872947894,8.15647700880507e-08,0.0714175536016968,1.7852780967898613e-07,0.1893322475570033,0.1249371964495059,8.51189891198205e-07,0.1789207952035342,3.0,1.2340214984277504,-0.0823876667796813,-0.7254841348927878,-0.054457442517144,-0.2265885900581276,-0.0155870155870155,-0.0337148159604082,-0.054457442517144,0.4018735787253094,-0.0080789946140036,-0.1001615508885298,-0.0883797054009819,-0.2756827048114434,-0.2993710691823898,-0.3190709046454767,-0.3500583430571762,-0.3097893432465923,-0.3059190031152647,-0.3089330024813895,-0.3321342925659472,-0.2390710382513661,-0.2182456140350877,-0.1742031134173461,-0.1296874999999999,-0.0638655462184873,-0.1116427432216904,-0.1790714812085482,-0.1985611510791366,-0.0462328767123286,0.095378564405113,0.162839248434238,0.1813361611876989,0.108457711442786,0.1184738955823292,0.1851063829787234,0.1073558648111332,-0.0124113475177304,0.0701248799231508,0.0201465201465202,-0.2612732095490716,-0.2437202987101153,-0.2709424083769632,-0.2780298120544393,-0.3041848844472204,-0.3597701149425286,-0.3232077764277035,-0.3496789258610624,-0.3688385269121812,-0.3264812575574364,-0.3321342925659472,-0.2962728995578015,-0.3093614383137011,-0.3814547473625763,-0.4049145299145298,-0.3534532791642484,-0.3605051664753157,-0.3333333333333333,-0.3178199632578076
NTLT-L,20.0,0.001034665682676,5.698280761974219e-07,0.0618273114103128,0.0308526818369028,0.0539225760379403,0.3938265213379176,-1883.2788,0.007954040601448,-0.047559856333632,0.0048352300864706,-0.0770954280843904,1.0,0.1607487448929614,-0.0569289471961835,3.859766559462458e-08,-0.0026818488676599,1.4918957583822964e-05,0.0016700911671555,0.0123229189444742,1.4155923454408973e-06,0.0249992917510683,3.0,24.96456890390093,0.0441562507187078,0.0121951544859824,-0.063958721397319,0.0233031882701237,0.0019930148822499,0.0061906864539701,0.0271924487068161,1.0748206066895212,-0.1211664152840623,0.0108419447738439,-0.1024368231046931,-0.1744604316546762,-0.2249642810754643,-0.2193877551020407,-0.1501210653753025,-0.1820424948594928,-0.2369565217391304,-0.2482046113140985,-0.2545908806995627,-0.2800434362934362,-0.299236641221374,-0.3556155507559394,-0.3336683417085426,-0.349078215337624,-0.3392758277045731,-0.3012062302377327,-0.3422619047619047,-0.3166513971598717,-0.3230856494611458,-0.3287964004499437,-0.273999269984183,-0.3063241106719366,-0.2429586399391017,-0.3742003146303093,-0.4095586780130615,-0.3605187011038474,-0.3777893639207508,-0.3984879032258064,-0.3262195121951219,-0.2998944033790919,-0.3170424630880165,-0.2662321692080668,-0.320077484047402,-0.2937625754527162,-0.2979999999999999,-0.221018276762402,-0.1436567164179105,-0.1370932754880695,-0.2318486096807415,-0.2402597402597402,-0.2390971690895179,-0.2588498323189666,-0.2828986900612906,-0.2803907380607815,-0.2628783199505867,-0.1753731343283582,-0.1944106925880923
NTRO-L,18.0,0.0426341029592048,5.860572614499316e-07,0.0635882054982954,0.0581589753689912,0.1919300998256307,1.503812300577417,-0.9328,0.2599018413808079,-0.0111233702139829,0.0141259337259176,0.0002557616856506,1.0,0.1059418765251866,0.0920631129554716,4.9380169208589434e-08,-0.0276213735703468,4.046462489968797e-11,0.0545709773644499,0.086602210371267,5.030141113114025e-07,-0.0056312512272833,5.0,0.0175483572499894,0.0217660499177909,0.010639680993962,-0.0524942705528822,-0.0367810659427971,0.0033816028259684,0.0063264256812643,0.0542648743683313,0.8521414573206356,-0.096045197740113,0.018705035971223,-0.0288065843621398,-0.0923076923076923,-0.1291512915129151,-0.0732984293193717,-0.0585106382978722,-0.0745098039215687,-0.0720838794233289,-0.146987951807229,-0.0992366412213741,-0.0946291560102302,-0.1194029850746267,0.0085470085470085,0.0759878419452888,-0.0070126227208976,-0.0152990264255911,0.0305676855895196,0.0457902511078287,0.1683168316831684,0.1702479338842975,0.1939291736930861,0.2102564102564104,0.2486772486772486,0.2688172043010752,0.1939291736930861,0.3062730627306274,0.3208955223880596,0.3038674033149171,0.3882352941176472,0.4936708860759493,0.6201372997711669,0.2779783393501804,0.3111111111111111,0.3485714285714285,0.3882352941176472,0.4508196721311475,0.4303030303030302,0.3828125,0.3937007874015747,0.4567901234567899,0.4390243902439024,0.4274193548387097,0.3909626719056975,0.4188376753507012,0.8485639686684072,0.7878787878787878,0.7352941176470589,0.6978417266187051
NUCW-L,25.0,-0.3000343701666953,4.279951249640122e-07,0.0464381959727758,0.0454463332512113,-0.2227047305804661,0.4961623074815936,-0.3969999999999998,-0.5410808311680414,-0.3338378379814155,-0.005510812941522,-0.020527350526194,1.0,7.961189099917423,-0.4547316538882803,-2.319098587048637e-07,-0.3853040978828208,3.6949148240627007e-11,-0.1136094674556212,0.0089133298963166,6.224985037717541e-07,-0.1303611534812217,4.0,0.0327027713254079,0.4921552436003301,-0.0554007790812043,0.0662178757004633,-0.0215176976838319,0.019028299485534,0.053744934861226,-0.2410110399621872,1.6536866802719628,-0.1249999999999998,-0.0588235294117647,-0.111111111111111,-0.0857142857142856,-0.0588235294117647,-0.0588235294117647,-0.0303030303030302,-0.0857142857142856,0.0666666666666666,-0.1351351351351351,0.0,-0.111111111111111,-0.4482758620689654,-0.4920634920634921,-0.5,-0.4666666666666667,-0.5076923076923077,-0.4666666666666667,-0.5555555555555556,-0.5492957746478873,-0.5428571428571428,-0.5616438356164384,-0.5151515151515151,-0.5076923076923077,-0.4754098360655737,-0.4754098360655737,-0.5294117647058824,-0.5675675675675675,-0.5,-0.4838709677419355,-0.4754098360655737,-0.4285714285714286,-0.36,-0.3846153846153846,-0.3725490196078431,-0.3846153846153846,-0.3043478260869565,-0.2558139534883721,-0.2,-0.238095238095238,-0.1578947368421053,-0.1578947368421053,-0.1578947368421053,-0.2,-0.2,-0.238095238095238,-0.1351351351351351,-0.2,-0.1794871794871795
NUCY-L,18.0,0.2501318445013406,2.904485286514045e-07,0.0315141573041338,0.1196511303371284,0.2160714117698922,1.593833127323503,5.2959,0.9159591595148808,0.0065394997921195,0.0036418567947573,0.0150319691571737,1.0,0.3115269322367943,0.2235521059970226,5.979760139128962e-08,0.0692504940987448,7.032831199235551e-09,0.1923217869295873,0.0202475391828408,3.528089129414466e-07,0.2718202769846789,3.0,0.4219952139560091,-0.4564842617847021,-0.0041193443176792,0.3524754943353489,0.151785812780773,0.0252937387724328,0.0560866761695366,0.1852340050977838,0.632753996507881,-0.0245562849501581,-0.0417054986020503,-0.2267343485617596,-0.1842522808409361,-0.2049101101875119,-0.2016692546583851,-0.095049504950495,-0.1091617933723196,0.0570547417116424,-0.0579477782867612,-0.1039215686274509,-0.0050798258345428,-0.0308671065032987,0.0425855513307984,-0.7770006506180872,-0.7650251371115173,-0.7396341077419764,-0.7125585295967573,-0.7329914307971954,-0.6942007434944237,-0.6778917691283577,-0.6232481450948062,-0.60187784338399,-0.593697520497876,-0.5427967985771454,-0.6002138413685847,-0.6064114832535885,-0.5684155299055613,-0.6200461893764434,-0.5762851550427526,-0.5933359699426537,-0.5751033057851239,-0.6062607696726019,-0.5423389340158006,-0.5479226203561223,-0.5589276139410188,-0.5161176470588236,-0.5138297872340425,-0.4368838992332968,-0.4006994025936179,-0.4356476399560921,-0.3794508147254073,-0.3576448539746993,-0.4103225806451612,-0.3828957239309828,-0.2366369710467706,-0.2052173913043478,-0.1198373635780011,-0.0753147482014386
NUOJ-L,19.0,0.3177080922906938,5.92152484412873e-07,0.064249547513522,0.0004949319568427,0.203248645270828,0.2253313036183599,76.106,0.0613544420742072,-0.0076860537605775,0.001569904790412,0.0047533059049388,1.0,7.611903376018626,0.291582614773987,1.231810472400349e-07,-0.0376902193805473,1.116485691838268e-09,0.0128824476650562,-0.0024389111008986,7.016634313311122e-07,0.3190998082946851,2.0,0.6741178699468316,0.3503975629904998,-0.4325475824675184,1.4325475824675185,0.4325475824675184,0.0425612939655169,0.0978429293967686,0.4325475824675184,0.0291521121512454,0.0009627418888995,0.0376623376623377,0.0325049701789266,-0.0514155251141552,0.0154462801837911,0.0871886120996441,0.1136485472284765,0.1490044247787609,0.169575498254701,0.1991456938351419,0.1924004132705774,0.2558336355942452,0.3008140262993113,0.289029535864979,0.2466394623139705,0.1943198804185351,0.2349304482225658,0.2951371571072319,0.2986996749187296,0.4004314412835379,0.3966653220384564,0.3816174514498536,0.4561895415673631,0.4545581851281335,0.5579721013949304,0.3746691371095818,0.3388759989688064,0.4023221277170246,0.3383584589614741,0.4648145536595687,0.5331365313653138,0.6619200000000001,0.5596096096096097,0.6986099754701556,0.8293413173652695,0.770712580975111,0.9458598726114648,0.9335443037974684,1.016893203883495,1.0715995213402474,1.0394659336344003,1.1398846312319737,1.112037413582757,0.9852828746177372,0.9605511513778786,0.8954379562043797,1.0279187817258886,1.1376826507511837,1.2639494333042718
NVBE-L,21.0,-0.361804810117429,5.655582738242469e-07,0.0613640306208711,0.2330542081707843,-0.6380526299830194,0.2824253858963293,-0.0544999999999999,-2.2987668811943363,-0.3508352757611316,0.0051346401513026,-0.0108396069550177,1.0,1.943704759404418,-0.2554747125677941,-2.008998725813242e-07,-0.0542497020543396,1.4921498593797434e-10,-0.4826666666666666,-0.0884661033959563,1.731873681583988e-07,-0.5647812096820258,2.0,0.0779273592270851,1.340530117487528,-0.3783121037929069,-0.0198184888462061,-0.4932413425985743,-0.0071877080422776,-0.010057546088949,-0.4941414378176506,1.6536866802719628,-0.1346153846153845,0.0097087378640776,0.3164556962025315,0.0505050505050506,0.4444444444444446,0.7931034482758623,0.9259259259259258,0.6000000000000001,0.5294117647058822,0.1818181818181818,-0.02803738317757,-0.2676056338028169,-0.3112582781456954,-0.4554973821989528,-0.5047619047619047,-0.7020057306590257,-0.715068493150685,-0.6245487364620939,-0.5905511811023623,-0.6634304207119741,-0.6780185758513932,-0.7630979498861048,-0.7846790890269151,-0.8172231985940246,-0.8492753623188406,-0.8690176322418136,-0.8855885588558856,-0.8940936863543788,-0.8811428571428571,-0.8569463548830811,-0.886214442013129,-0.974006498375406,-0.9744534512404814,-0.9738298943130348,-0.971135165140161,-0.978310740354536,-0.9773716275021758,-0.96149574231766,-0.9555745407945324,-0.9383155397390271,-0.9294436906377204,-0.9177215189873418,-0.8893617021276596,-0.7833333333333333,-0.748792270531401,-0.7270341207349081,-0.6645161290322581,-0.6719242902208202,-0.7020057306590257
NVEK-L,18.0,0.252335952690554,6.313711033855089e-07,0.068504834098354,0.0740938433703547,0.3142168554182595,0.9543905955287536,-1.1743,-0.1073111565421842,0.0038055897482227,0.0103513809566793,-0.023973742739111,1.0,0.1746763359499126,0.0486274408682346,8.37556616222544e-08,0.0690535332230485,1.4875667844454172e-10,-0.0225318707382152,0.090068358636438,5.859206005499849e-07,0.5868833582122138,5.0,0.0470834382015764,0.0223856654158374,-0.0184037986263098,-0.1892609965180417,0.0168023771761497,0.0145917455815667,0.0302183444150866,0.0148602952260315,0.5467133297036345,0.021097046413502,0.0149892933618844,0.0042372881355932,-0.1846330275229357,-0.1732558139534883,-0.1679344645991807,-0.1595744680851064,-0.1600708800945067,-0.0982878883956879,-0.0730117340286831,-0.1920454545454545,-0.204697986577181,-0.3025993133889161,-0.2254901960784313,-0.2484143763213531,-0.0867052023121387,0.075642965204236,0.0930053804765564,0.1179245283018868,0.3081876724931005,0.8515625000000002,0.8443579766536966,0.8563968668407311,0.8563968668407311,0.8784676354029062,0.7490774907749076,0.8068614993646761,0.8784676354029062,0.8301158301158302,0.7555555555555558,0.9320652173913044,0.8301158301158302,0.7954545454545456,0.8395860284605434,0.6067796610169494,0.6554132712456346,0.7299270072992701,0.615909090909091,0.6420323325635104,0.6749116607773853,0.595959595959596,0.6420323325635104,0.5643564356435644,0.5835189309576838,0.5695364238410596,0.5507088331515813,0.5764966740576498,0.6363636363636365,0.567805953693495
NVFZ-L,20.0,0.008369127705846,1.4046677225882386e-06,0.1524088270483693,0.0252341027144969,0.0390954179125083,0.0361131062286654,-46.0458,0.108241785591144,-0.0727224078376788,-0.001763335110685,-2.7172397860696096,1.0,3.1575757575757573,0.008586955328577,5.001622236052776e-08,0.0012850874020674,2.664375237958178e-10,0.0227272727272725,-0.0435763467906831,1.28313699951819e-06,0.0044860456886584,2.0,0.40091406071332,0.0482897384305833,0.2597333163294086,0.7402666836705913,-0.2597333163294086,-0.0006021432849709,-0.0012456890485605,-0.2597333163294086,0.4736216859443491,-0.0447019867549669,0.0033222591362127,-0.0324389267120543,-0.0851950018932222,-0.097497198356369,-0.0961466517022072,-0.1182481751824816,-0.0806697108066971,-0.0743295019157088,-0.0813688212927756,-0.1117647058823528,-0.1946666666666666,-0.1432624113475177,-0.1265365148228489,-0.132183908045977,-0.2055244985202236,-0.2168557536466775,-0.2021136063408191,-0.2547809993830968,-0.2325285895806861,-0.2586683031604787,-0.2790211877051626,-0.2620647525962126,-0.2636391344102408,-0.2047399605003291,-0.307934689200802,-0.3273942093541203,-0.304147465437788,-0.3234388126575189,-0.3005211349160394,-0.233015873015873,-0.2433448167867209,-0.2573009529664924,-0.2104575163398693,-0.1796264855687606,-0.1889895938234306,-0.1471937875044122,-0.2295918367346938,-0.1703296703296704,-0.1402135231316726,-0.1599443671766343,-0.1558350803633822,-0.2409676405906377,-0.2667678300455236,-0.2873156342182891,-0.2775119617224879,-0.2224010299324107,-0.1414356787491115,-0.1435661113080468
NVIH-L,21.0,0.097328568997788,5.182037413388603e-07,0.0562259836397507,0.09116629990569,-0.236359414905967,1.0402820111068336,0.298,-1.9610864683572096,0.0666754954528295,0.002140221402214,-0.0186165545481135,1.0,0.4190800681431005,0.7643400138216999,-2.565646412269171e-07,0.0429985396722376,1.99442628118926e-13,-0.411764705882353,0.0229709035222052,8.194236207540067e-07,-0.1179812103998252,4.0,0.0013851365399247,-0.5666870238822281,-0.0313402172968657,-0.0577341063448095,0.165538832520177,-0.0053078556263269,-0.0135239567233384,-0.15587734241908,1.6536866802719628,0.0,0.0,0.0,0.0,0.0,0.0,0.0,0.0,0.0,0.0,0.0,-0.5,-0.5,-0.5,-0.6666666666666666,-0.6666666666666666,-0.75,-0.75,-0.75,-0.75,-0.75,-0.75,-0.75,-0.75,-0.75,-0.75,-0.8,-0.8333333333333333,-0.8,-0.8,-0.75,-0.75,-0.75,-0.75,-0.8,-0.75,-0.75,-0.75,-0.8,-0.8333333333333333,-0.8333333333333333,-0.8333333333333333,-0.8571428571428572,-0.8333333333333333,-0.75,-0.75,-0.75,-0.8,-0.8571428571428572
NVPQ-L,21.0,0.1487385007742053,9.993373557174756e-08,0.0108429795717009,0.048430564362714,0.177260899580479,2.747892789310638,15.0,0.4329671423645787,-0.0019078566560886,-0.0003643319063667,0.0005198856251624,1.0,0.5407554671968191,0.2464251668255481,4.299252486356253e-08,0.000508668560044,4.2837660747084185e-06,0.0909090909090909,0.0058293105018672,3.810857403906182e-07,0.1256349475110057,3.0,7.357019156087185,0.0359300137870097,0.0077283512950833,0.0002559028774516,-0.0206056412818946,0.0256105296542974,0.1235181644359464,0.0175469691598723,0.5688682180135551,-0.025974025974026,0.0914948453608248,-0.0093567251461987,0.0101371496720334,0.0411800860479412,0.0495662949194548,0.0614035087719297,0.078294080203692,0.1634615384615385,0.1014304291287386,0.1445945945945945,0.05875,0.1323529411764705,0.0392638036809815,0.0594121325828642,0.0279126213592233,0.0469715698393078,0.0541381456129435,0.0083333333333333,0.0872913992297819,0.123342175066313,0.1338688085676038,0.2125984251968504,0.1285809460359761,0.2746425884123402,0.1563139931740615,0.1122783978988839,0.1674707098552723,0.1715076071922545,0.1772063933287004,0.3081081081081083,0.3896636587366695,0.3683360258481423,0.3275862068965518,0.4128440366972479,0.4417021276595745,0.4491017964071857,0.5641735918744231,0.6056872037914691,0.6624141315014722,0.6624141315014722,0.5772811918063316,0.4641313742437338,0.4679376083188911,0.4453924914675768,0.4679376083188911,0.46160483175151,0.5386012715712989,0.5428051001821494
NVSW-L,19.0,0.0507253728314903,7.852632194769389e-07,0.0852023893481245,0.0561745679250748,0.5237619142838098,0.5958844969621514,33.7,0.1627027049383123,-0.0133854500701638,0.0008213141025641,-0.0009383020459586,1.0,1.468558282208589,-0.0904127041907447,3.95577819916597e-08,0.0274859008607843,2.8509637974261338e-08,0.0341623036649214,0.0069189408542152,1.899716322856667e-07,0.8142937535171638,4.0,1.4314291235927203,-0.0724536892259931,-0.0145296549223629,0.0733356250716168,-0.0255337796353514,0.0114916903121199,0.013534480700833,0.0733356250716168,0.3120163547682948,-0.0954063604240282,0.0238784370477569,0.0768645357686452,-0.0035211267605633,-0.1313689379987722,-0.1227526348419095,-0.2169341449916989,-0.0248104755341144,-0.0308219178082191,-0.1444981862152358,-0.1308353808353809,-0.1983002832861189,-0.16073546856465,-0.1211180124223602,-0.0380693405846362,0.0238784370477569,-0.0811688311688312,-0.1265432098765432,-0.1597387173396675,-0.1773255813953488,-0.1651917404129793,-0.2050561797752809,-0.1506602641056422,-0.1937321937321937,-0.1542139868499701,-0.1768470040721349,-0.1992076966610073,-0.2199558985667034,-0.1905034324942792,-0.1424242424242424,-0.233477789815818,-0.226775956284153,-0.2717447246525991,-0.3293838862559242,-0.3462995472604638,-0.2201278659611992,-0.162622795597112,-0.0557853997063927,-0.0557853997063927,-0.0214384508990317,0.2336530078465561,0.2672398352140426,0.2227791220186656,0.2091950094001025,0.2355920363255326,0.4578611168349473,0.3618864292589028,0.3371763371763372,0.4164164164164163
NVZK-L,18.0,0.028027461278714,5.191060291793677e-07,0.0563238833986904,0.3350895271324385,0.0758452402067351,0.2352132406359894,4.5261,-0.644567625475087,0.014042047285666,0.0011818821230456,0.0428041956719507,1.0,0.1576495084440399,-0.0383595496379652,1.694771390319436e-07,0.0318674207603558,7.023567641345334e-09,-0.1353383458646616,0.0110211281904124,2.499758871855804e-06,0.0425235685635658,2.0,0.65625935615928,0.0111528608146841,-0.0877636859323245,0.0877636859323245,0.0877636859323245,0.0126038450163261,0.0829099376729165,0.0877636859323245,0.2783604253520169,0.0561224489795917,-0.0025445292620865,-0.0248756218905471,0.0481283422459892,-0.0485436893203884,-0.055421686746988,-0.1441048034934497,-0.167728237791932,-0.081967213114754,-0.1459694989106753,-0.2032520325203252,-0.0862470862470863,-0.1269487750556793,-0.1346578366445916,-0.1459694989106753,-0.1384615384615384,-0.055421686746988,-0.0415647921760391,0.0980392156862746,0.1529411764705881,0.2249999999999998,0.1495601173020526,0.4358974358974359,0.3611111111111111,0.5019157088122606,0.2024539877300615,0.3378839590443685,0.3154362416107381,0.2024539877300615,0.3333333333333332,0.1529411764705881,0.6401673640167362,0.7345132743362832,0.5617529880478089,0.5555555555555556,0.2444444444444444,0.1666666666666667,0.0980392156862746,-0.0644391408114559,0.039787798408488,0.0208333333333332,-0.0531400966183573,-0.1171171171171172,-0.1496746203904556,-0.234375,0.0370370370370369,0.1168091168091167,-0.0599520383693045,-0.0862470862470863
NWGY-L,19.0,0.3736926790024134,-2.1616368829219665e-06,-0.2345412630565621,0.0197368421052631,-0.0068420252394708,1.7117302149081637,-0.0154999999999999,0.120573128253427,-0.0489034616462842,0.006875365710942,0.0117128658393379,1.0,0.2203742203742204,0.0282438478747203,-8.876996718009706e-08,0.1189628876461616,1.863032129890996e-13,0.0253164556962025,0.2172164119066774,4.169249054577804e-06,0.1699109204882875,4.0,0.0004782480451155,-0.6804573804573805,-0.0287320949500886,-0.3011448974269037,-0.0999662661370068,0.0017569546120058,-0.0016317650258362,-0.1601192564012627,1.6536866802719628,0.0,-0.1666666666666666,-0.1666666666666666,-0.1666666666666666,-0.1666666666666666,0.25,0.25,-0.1666666666666666,0.6666666666666667,0.6666666666666667,0.6666666666666667,0.25,0.25,0.25,0.25,0.25,0.6666666666666667,0.6666666666666667,0.25,-0.1666666666666666,0.6666666666666667,0.6666666666666667,0.6666666666666667,0.6666666666666667,0.25,0.0,0.25,-0.1666666666666666,0.25,0.25,0.25,0.6666666666666667,0.25,0.25,0.25,0.0,-0.2857142857142857,-0.2857142857142857,0.0,0.0,0.25,-0.1666666666666666,0.0,0.0,0.25,0.25,0.6666666666666667,0.6666666666666667,0.25
NWJE-L,19.0,-0.148545003383713,-2.099039179990415e-07,-0.0227749306264004,0.3332301021988232,-0.3868182775321119,1.8626090319928288,0.7384999999999999,-0.905294934035028,0.041457987626648,0.0002255808707421,0.0057498802108289,1.0,0.7999999999999999,-8.686528497409324,-2.709578719030431e-07,-0.1022235759975631,6.881512303973909e-13,-0.1900826446280991,-0.046244078502143,7.439668357525852e-07,0.2400943396226414,4.0,0.0039741048107839,1.8659793814432983,0.0107529445340106,1.110789283128168,0.0954621445133582,0.0274473924977127,-0.0684670977558006,0.1107892831281681,1.6536866802719628,-0.1249999999999998,0.28,0.1034482758620691,-0.2195121951219512,0.0,0.0666666666666666,0.1428571428571428,0.0666666666666666,0.3333333333333335,0.1851851851851851,0.0666666666666666,0.1428571428571428,0.0666666666666666,-0.2888888888888888,-0.4482758620689654,-0.3846153846153846,-0.4482758620689654,-0.4838709677419355,-0.4666666666666667,-0.3846153846153846,-0.2727272727272727,-0.3846153846153846,-0.3846153846153846,-0.4385964912280701,-0.4666666666666667,-0.5,-0.4482758620689654,-0.6981132075471699,-0.6595744680851063,-0.6831683168316831,-0.7142857142857143,-0.7241379310344827,-0.7480314960629921,-0.7480314960629921,-0.7377049180327868,-0.7746478873239436,-0.7922077922077922,-0.7538461538461538,-0.7090909090909091,-0.7037037037037037,-0.7217391304347827,-0.6595744680851063,-0.7037037037037037,-0.6595744680851063,-0.6923076923076923,-0.7037037037037037,-0.6831683168316831,-0.7948717948717949,-0.8048780487804879
NWPY-L,20.0,0.2124185437102528,2.397684022635337e-07,0.0260152777518892,0.195800319076324,0.0069902475734732,0.0359052942383564,-63.83340000000001,0.3342085670247777,-0.0211517820487672,-0.0004837716994109,-0.0025272591301193,1.0,1.4969859215160235,0.0096542776347967,4.092032869868919e-08,-0.0456265153270245,7.342058492799367e-08,0.0701729854979825,-0.0008593341337279,7.790683541855479e-06,0.2200211479942882,2.0,5.087627465482254,0.0495891966897412,-0.0595918701669028,0.0595918701669028,0.0595918701669028,0.0009099198644808,0.0293302114592673,0.0595918701669028,0.6092740977420448,-0.0721870433511935,0.0483047385620916,0.0016588602654177,-0.045648940126441,0.0174447417979979,0.0236338252891903,0.021901443504231,0.0439336926675482,0.0596675957468773,0.0690481149760466,0.1341288255441388,0.1904209671807955,0.2388365918416606,0.2969046114971572,0.2556574923547401,0.230520258930712,0.3021692249143728,0.2630737049341702,0.2826440084968138,0.3511912597077795,0.3787777031564809,0.4742208818038202,0.4543780107679229,0.5855730614766761,0.703451709259874,0.6577842377260983,0.6894338380513496,0.6696486662329215,0.618064312736444,0.6891558334704624,0.6655849423981828,0.8422469490308688,0.7263706693575513,0.7020394627756592,0.7151211361737677,0.7131174899866488,0.8084918957011982,0.7031690725070516,0.7790294627383016,0.7989835261128637,0.7401254449906765,0.8900754925428098,0.9478178368121442,0.8687420353176771,0.8572462457029131,0.9467096529489856,0.997081712062257,1.2276475694444446,1.2213806535381957
NWVT-L,23.0,-0.0401555574451803,3.264470629879987e-06,0.3542005925195637,0.0757289684050247,0.0200680826949052,0.239539837915812,-21.704500000000003,0.3567771646622601,-0.1184355039420603,-0.0027067955499514,0.000266416345946,1.0,0.4009057323322607,-0.0133100696880601,9.811369561813741e-08,-0.005262112451383,6.463382594129683e-10,0.074911660777385,0.0010270405289059,5.846427185655645e-06,-0.0591319456236312,2.0,0.0413016182003806,0.0624607504587889,0.1576707726763718,-0.1576707726763718,-0.1576707726763718,-0.0008953388836191,-0.0022190366972477,-0.1576707726763718,0.1099168694720419,0.0,-0.0416666666666667,-0.0860927152317881,-0.08,-0.1038961038961039,-0.1038961038961039,-0.1153846153846155,-0.1265822784810127,-0.0675675675675676,-0.0547945205479452,-0.1038961038961039,-0.1153846153846155,-0.1153846153846155,-0.0921052631578948,-0.0860927152317881,-0.0860927152317881,-0.0612244897959184,-0.0482758620689656,-0.0416666666666667,-0.0416666666666667,-0.0071942446043165,-0.0212765957446808,-0.0142857142857143,0.0147058823529411,0.0298507462686565,0.0147058823529411,-0.034965034965035,-0.0482758620689656,0.0298507462686565,0.0454545454545454,-0.0071942446043165,-0.0281690140845071,0.0147058823529411,0.0534351145038167,0.0866141732283463,0.0375939849624058,0.0375939849624058,0.0072992700729925,0.0072992700729925,0.0615384615384613,0.0615384615384613,0.0534351145038167,-0.0142857142857143,-0.0142857142857143,-0.0142857142857143,-0.0071942446043165,-0.0142857142857143,0.0534351145038167,0.0534351145038167
NXAN-L,23.0,0.1274537723633979,6.705464105282369e-07,0.072755421276282,0.1353602526425763,0.1589960280647806,2.4522790034734188,-2.5711000000000004,0.2703907803984098,0.0031830007134803,-0.0009398847447986,0.0106045635561685,1.0,0.172900940891228,0.0849706918532212,7.880411778639859e-08,-0.0349366252621536,1.6987993988566072e-08,0.0567733151803947,0.0406675537474675,1.1487602760206124e-06,0.1539383163888331,3.0,0.144803218686155,0.1090439719378879,0.0401930144948962,0.0072084522601873,0.0418221763251447,0.0071910221617272,0.0195289357998252,0.091548414454962,0.5084132714355795,0.0219780219780219,-0.0696028313016122,-0.1886145404663923,-0.236281471917366,-0.1259697081640192,-0.1168346397909667,-0.1135256650430873,-0.1364963503649634,-0.1115283514832894,-0.0913978494623655,-0.0263374485596707,0.0318360226777147,0.1118421052631577,0.13531669865643,0.0883164673413063,0.0441306266548984,0.2585106382978723,0.267273701124799,0.2886710239651415,0.2010152284263959,0.2355091383812011,0.2439537329127235,0.1718672610203069,0.2246376811594201,0.3007146783947223,0.2478902953586497,0.267273701124799,0.3079049198452184,0.3151750972762648,0.4033214709371293,0.427881713940857,0.2551724137931033,0.2618666666666667,0.1794616151545365,-0.8888471295687306,-0.8863155871612531,-0.895803056326243,-0.8919387988125143,-0.896780385655702,-0.8932936454246155,-0.8952123654723415,-0.8905339132044046,-0.8756895917616772,-0.8698355064091985,-0.8691299297527518,-0.8359337077872547,-0.7680392156862745,-0.774236641221374,-0.7797225584210037
NXKV-L,19.0,0.0661984566566305,3.3600565739256586e-07,0.0364571829346639,0.2134966976567535,0.1561547330267373,1.854253541116032,8.0042,0.5703881768822261,0.015214951412117,0.0002473324627006,0.0173197118020834,1.0,0.7834416520506475,0.1807498111293027,4.246024828362737e-08,0.0146788274849595,6.633967999531825e-09,0.1197630617937142,0.0513118978532326,4.537113327139574e-07,0.0284047212509405,5.0,0.2675683034838941,-0.0510756241116114,-0.0223559989736063,-0.1350414305948593,0.0578760276445074,0.0258316536181976,0.0580301315231056,0.1371269614534384,0.2897257328657786,-0.156414762741652,-0.1006322444678609,-0.230040595399188,-0.2766949152542373,-0.2144500690289922,-0.1164596273291925,-0.0415496911847276,-0.0856989823245849,0.0582765034097954,-0.0521932259855636,-0.1210092687950566,0.0769716088328076,0.0991629104958147,0.1541582150101421,0.0307971014492753,0.1020012911555843,0.2414545454545453,0.4320469798657718,0.4564846416382251,0.5646196150320806,0.9266365688487586,1.1100123609394317,1.3512396694214877,1.3415637860082303,1.243101182654402,1.160759493670886,0.9441913439635536,1.309878213802436,1.5401785714285716,1.7756097560975608,2.109289617486339,2.1436464088397797,2.282692307692308,3.1532846715328464,3.278195488721805,3.28894472361809,3.663934426229508,3.9912280701754383,3.835694050991502,3.863247863247864,4.766891891891892,4.69,4.652317880794702,4.471153846153846,7.408866995073893,7.367647058823529,7.09004739336493,6.830275229357798,6.689189189189189
NXLT-L,18.0,0.0982147333842942,7.942519752058172e-07,0.086177684569359,0.043103674521586,0.1052585683174553,0.721668369175746,-44.8696,0.6378983520395329,-0.0035856063947214,-0.000752385250013,0.0424349647782344,1.0,0.102139482760373,0.0422311620342283,8.799181710371927e-08,-0.0090182218045865,9.289077190320716e-08,0.1339380142327064,0.0442635843341666,2.182664219360321e-06,0.126194643957086,4.0,0.694944792559098,0.094803230692743,0.01446544781172,-0.1002585989932378,0.0811173172981273,0.0009906415588752,0.0038641334105103,0.1046884552756821,0.79425667485489,0.0795454545454545,0.0173410404624276,-0.0687830687830687,-0.0486486486486487,-0.1775700934579439,-0.0927835051546391,-0.0588235294117647,-0.2,-0.2107623318385649,-0.1813953488372093,-0.2413793103448275,-0.2036199095022624,-0.2177777777777777,-0.169811320754717,-0.1243781094527362,-0.1658767772511847,-0.0927835051546391,-0.0167597765363128,-0.0486486486486487,0.0666666666666666,0.0666666666666666,0.2753623188405798,0.3435114503816794,0.3134328358208955,0.5042735042735045,0.1972789115646258,0.3233082706766916,0.4193548387096775,0.4193548387096775,0.5042735042735045,0.375,0.3968253968253967,0.3858267716535433,0.5304347826086957,0.6603773584905659,0.6146788990825687,0.6923076923076923,0.6448598130841121,0.6448598130841121,0.7425742574257426,0.8924731182795698,1.0,0.8723404255319149,0.8144329896907216,0.9130434782608694,1.0705882352941178,1.2857142857142856,1.47887323943662,1.3157894736842106
NXNU-L,19.0,0.101987039816985,8.29818800455366e-07,0.0900367453500323,0.0591211296715844,0.0931072659667655,1.1670522332087718,-92.5031,-0.0717156838730661,0.0023542215409358,-0.0083962095859108,-0.2033466434617571,1.0,0.0794852398018192,0.0963589057125395,7.814861628278865e-08,-0.0140567684631798,9.910708801478373e-08,-0.0150579731968075,0.004080662097698,2.112844944659895e-06,0.1126661414631539,4.0,0.416551614152044,0.0273903215456577,0.0249276336372453,0.4079707272207667,-0.0389643787677546,-0.0055101722779131,-0.020517030869735,-0.0163739101960668,0.983151450846602,0.005366726296959,0.0308898109727984,-0.0472944184064763,-0.0353753235547886,-0.0026761819803747,0.0081154192966637,0.0063006300630064,0.0304147465437787,0.046326626111371,-0.0436270316509836,0.0090252707581226,0.018214936247723,0.0438842203548084,0.0896686159844053,0.0976926853215511,0.0708812260536397,0.0907317073170732,0.1102284011916583,0.1321518987341772,0.2086486486486485,0.1478439425051334,0.111884634510194,0.2034445640473627,0.2205240174672489,0.3254297569650266,0.2278967600219659,0.2806414662084764,0.3301606186793575,0.3309523809523809,0.3429429429429429,0.446313065976714,0.4305822136916186,0.2292468389224848,0.2597183098591549,0.2962318840579709,0.3349253731343282,0.3948845913911414,0.3743085433312845,0.3293697978596908,0.3381208856971871,0.3992490613266581,0.3836633663366335,0.3717791411042943,0.3293697978596908,0.3535108958837771,0.3486127864897468,0.3037900874635568,0.2632768361581921,0.238781163434903
NXNY-L,20.0,0.1304375470727155,6.922059586769272e-07,0.0751055189361449,0.0029920978561444,0.3026780619464779,1.8706327860966423,-7.23,0.3078859428066848,-0.0091366381705039,0.0198334255322531,0.0042716637782921,1.0,0.2753617349399748,0.1236513762123178,9.670751438320417e-08,0.0343313050389713,9.174887422383802e-09,0.0646460861010914,0.0418384905473557,4.464706542904574e-07,0.1411223825802436,3.0,0.2300281558791542,0.0154284974470153,-0.0238574769825221,-0.2039161368712589,0.0121560266321493,0.0253733008231982,0.0434184100145954,0.07139083167909,0.5412280583053152,-0.0087440381558028,-0.0611940298507462,0.0202757502027575,-0.0715867158671587,-0.1147079521463758,-0.0770359501100513,-0.1602136181575434,-0.1679894179894179,-0.2234567901234567,-0.3420502092050209,-0.3769192669638435,-0.2538552787663107,-0.2043010752688172,-0.2073093887838688,-0.2694541231126596,-0.304588170259812,-0.3199999999999999,-0.3451327433628318,-0.3329798515376457,-0.3106849315068493,-0.3254691689008042,-0.3214670981661273,-0.2807318467695825,-0.3118161925601751,-0.230110159118727,-0.3410162388685175,-0.2790830945558739,-0.2732524552281917,-0.2892655367231638,-0.1436351259360109,-0.1878631375080697,-0.1233449477351915,-0.0590875093492894,-0.0179547228727556,-0.0225330225330224,-0.067457375833951,0.021103896103896,0.0413907284768211,0.0161550888529886,-0.0210116731517508,0.0252648736756315,0.1142604074402127,-0.0171875,0.0465890183028285,0.0047923322683707,0.0422535211267605,0.1103265666372461,0.2297165200391007,0.2406311637080866
NXOR-L,18.0,0.0718713695608186,7.972719681054817e-08,0.0086505358914067,0.3958838267383114,1.1613331410703984,2.102804471757048,6.534299999999995,0.6430687007146687,-0.0011203875070655,0.0011457505663114,0.0363368794583264,1.0,0.1069633129521476,0.0859078067222298,2.7533474475383727e-08,0.0246400646681639,3.966303993413133e-09,0.1350236201638462,0.0536481317889521,2.606605697353567e-08,0.031105366558224,4.0,1.4429933675111906,0.1440609238944871,-0.0336639305992843,-0.151282810354352,0.0289221672964623,0.0885315880948612,0.1211038116318212,0.1212395455346304,0.4925217151767192,-0.0033780054313029,0.0060192794633733,-0.2042831292493104,-0.2642343117984372,-0.125870886808839,-0.0686201932963191,-0.037813608650394,-0.0133103868943883,0.0109593321726708,-0.0159257810802589,-0.0871107527965332,-0.0542284401754018,-0.0563171930994248,-0.0876440254612843,-0.1296669933321803,-0.0913048711981381,-0.0499035072998825,0.1025023124482742,0.0765080572324952,0.1610315039347876,0.2120149852823121,0.2160826956638475,0.2663348897027986,0.2246647198788667,0.2973104574227365,0.058470239068963,0.161716425566841,0.2155605056225007,0.2323955158902917,0.2830878186968839,0.3760595473188517,0.2993946696502856,0.209910511553359,0.2639319101437141,0.441304693715195,0.4651290677363007,0.6129985754985754,0.7794059872711558,0.7049877658573311,0.7476848279055408,0.81222742367863,0.914085280818155,0.7874112075769535,0.9478346879972476,1.0002208090443383,0.9491758832895814,1.0425253664036078,1.2578763708873382,1.2080144298737387
NYAN-L,20.0,0.0435551443946873,6.377768522403913e-07,0.0691998686988075,0.0623555045614402,0.1025089710456348,1.618602793057763,1.1877,-0.0375602410568641,0.0283678076526695,0.0027012333005982,-0.000345353164421,1.0,0.4834027483352869,0.0907740488783339,4.2510342958629615e-08,-0.0264305006542351,1.2718204194949824e-10,-0.0078864353312302,0.0129757481823422,8.387032534428905e-07,0.0134905131876785,5.0,0.0254106849106618,-0.0776909222049849,0.0181890614080354,0.1230368563664113,0.041009338503053,0.0085735787265673,0.0201011733802877,0.1486594413772971,0.7410406697962673,0.0259740259740259,0.0198675496688742,0.013157894736842,0.0165016501650165,0.003257328990228,0.0266666666666666,0.0232558139534884,0.103942652329749,0.3106382978723403,0.1891891891891892,0.1365313653136532,0.193798449612403,-0.2395061728395061,-0.2506082725060827,-0.2701421800947866,-0.4389799635701275,-0.4188679245283019,-0.4065510597302505,-0.3925049309664694,-0.3815261044176707,-0.3937007874015747,-0.3972602739726028,-0.3996101364522416,-0.3925049309664694,-0.3688524590163934,-0.4076923076923077,-0.4054054054054054,-0.3827655310621243,-0.3864541832669321,-0.3948919449901767,-0.3529411764705882,-0.3662551440329218,-0.3739837398373983,-0.3488372093023256,-0.3362068965517241,-0.3245614035087718,-0.2919540229885057,-0.2886836027713626,-0.3155555555555556,-0.2984054669703871,-0.2701421800947866,-0.2951945080091533,-0.2935779816513761,-0.3125,-0.3063063063063064,-0.3063063063063064,-0.3245614035087718,-0.3404710920770878,-0.3688524590163934
NYDG-L,19.0,-0.0131415946428924,5.450999465407151e-07,0.0591442674594385,0.2647729213184419,0.0976914879146797,0.2540528818042528,0.1554000000000002,0.1410141313718448,-0.0767201919174078,0.0030748867715342,0.0044433063200372,1.0,0.5393258426966292,-0.0371834247128347,3.646762978416952e-08,0.0301872997544912,1.1133498484434478e-11,0.0296084049665712,0.0005028821064094,3.84541691807917e-07,0.0176387284661633,2.0,0.0558487194811175,-0.2834309226143378,0.2064221560095175,-0.2064221560095175,-0.2064221560095175,-0.0139934260546183,-0.0243678349313883,-0.2064221560095175,0.1642500781965319,-0.0559440559440558,0.0287769784172662,-0.0137931034482758,-0.0337837837837837,0.0671641791044774,0.1439999999999999,0.0999999999999998,0.0214285714285713,0.1259842519685039,-0.0337837837837837,-0.0592105263157894,-0.0774193548387097,-0.0529801324503311,-0.0653594771241831,-0.0272108843537415,-0.0833333333333333,-0.0402684563758389,-0.0337837837837837,0.0070422535211267,0.0751879699248119,0.1818181818181818,0.0833333333333332,0.2327586206896552,0.3490566037735847,0.4019607843137254,0.2767857142857142,0.3490566037735847,0.4158415841584157,0.625,0.7023809523809523,0.9324324324324323,0.9066666666666664,0.1818181818181818,0.2118644067796611,0.2543859649122808,0.288288288288288,0.3490566037735847,0.3240740740740739,0.2767857142857142,0.288288288288288,0.3490566037735847,0.3364485981308409,0.3240740740740739,0.2767857142857142,0.2999999999999998,0.2999999999999998,0.2543859649122808,0.2222222222222223,0.1916666666666666
NYFC-L,19.0,0.1267896729170167,2.154149884439637e-07,0.023372891104017,0.1734303059573886,0.5201314621687886,4.53345228040251,7.983999999999998,0.503434408101537,0.00492212534244,0.0065600638039605,0.0080818304337702,1.0,0.5528343268473738,0.1796805859503734,7.012088149200475e-08,-0.0186623643573103,1.9514660672319148e-08,0.1057049366908522,0.0200595423879378,1.653925909058306e-07,0.0646210093360319,3.0,0.4158017077405276,-0.1268263523063214,0.012122744221755,0.1300784377201002,-0.0034125592693443,0.0510518614920522,0.0891879104884627,0.1300784377201002,0.6150834848697737,-0.1122047244094488,0.0099403578528827,-0.1301369863013698,-0.1672131147540982,-0.1533333333333333,-0.1008849557522124,-0.0557620817843865,-0.0557620817843865,-0.0522388059701492,-0.0249520153550864,-0.0627306273062729,0.0854700854700856,0.0924731182795697,0.078556263269639,0.0019723865877712,0.0,0.0241935483870967,0.0672268907563025,0.078556263269639,0.016,0.1869158878504673,0.1841491841491842,0.1759259259259258,0.3025641025641026,0.3766937669376693,0.3841961852861035,0.4810495626822157,0.4350282485875707,0.4941176470588235,0.7162162162162162,0.2893401015228427,0.248157248157248,0.1896955503512882,0.336842105263158,0.2636815920398012,0.0495867768595041,-0.0078125,0.0221327967806841,0.0627615062761506,0.0283400809716598,-0.0763636363636363,-0.072992700729927,-0.0746812386156648,-0.0592592592592593,-0.0342205323193915,0.0180360721442884,0.0854700854700856,0.2330097087378639,0.2668329177057358
NYFP-L,15.0,0.17192117412667,1.3544184395682405e-06,0.1469566947312772,0.1287799985657362,0.1327112833120795,3.514797403124935,-4.8612,7.886503886688591,-0.0014358875953582,0.0003845134701086,0.0652583202301502,1.0,0.0524292052115642,0.0518418904707596,4.7121114057247846e-08,0.0840862944376901,3.0051433793477454e-08,1.6559106422587655,0.1018156991240231,1.0445242917092927e-06,0.3755439809341349,4.0,0.1346637263833216,-0.0797782174136068,0.514061167242231,0.0709015441145805,-3.38421615005148,0.0149960675825208,0.0232039224423387,0.4387668757181155,0.2110997401164199,-0.0494137353433835,0.0984360625574978,0.0213857998289135,0.0144435004248089,-0.1366594360086768,-0.0968229954614221,-0.1679442508710801,-0.112927191679049,-0.0664581704456606,-0.1513859275053305,-0.1513859275053305,-0.1385281385281385,-0.1341551849166062,-0.2360844529750481,-0.2737226277372263,-0.2706169822846671,-0.1921515561569688,-0.1667829727843685,-0.1082897684839433,-0.2271844660194174,-0.2781136638452237,-0.2071713147410359,-0.1719833564493759,-0.0801232665639446,-0.017283950617284,0.0310880829015542,0.0427947598253275,0.1740412979351031,0.0501319261213719,0.1253534401508012,0.1306818181818181,-0.0066555740432612,0.1525096525096525,0.1138059701492535,0.3020719738276989,-0.0074812967581047,-0.0523809523809524,-0.0815384615384615,-0.1543909348441926,-0.2346153846153846,-0.2854578096947936,-0.2606811145510835,-0.1844262295081967,-0.1076233183856503,-0.1714087439278279,-0.1656184486373166,-0.1416247304097772,-0.1265544989027066,-0.22568093385214
NYIA-L,16.0,0.1318217931984379,5.469275755308965e-07,0.0593425683004088,0.0662762808024308,0.1379512986950837,0.9563010234725704,-0.1783,-0.0918702748375517,0.051971615996996,-0.0166645694016581,0.0024328080700258,1.0,0.1475115558946282,0.2874597779180322,3.640115288596103e-08,0.254760782194566,9.673560401914064e-11,-0.0192897851819376,0.1584753111542732,5.338288370849932e-07,0.0162758205452804,3.0,0.0554718407572621,0.0875615228325073,-0.2839580725309192,0.9571679263837584,0.0865611203921871,0.0031816832296539,0.0064488982855691,0.9682254823803562,-0.7926045195628205,0.0222984562607204,0.0139130434782608,0.0034423407917385,-0.0135363790186124,0.0,0.0069084628670121,0.0174520069808026,0.0086505190311418,0.0156794425087107,0.0034423407917385,0.0156794425087107,9.051724137931036,13.575,11.955555555555556,11.404255319148938,9.228070175438598,7.328571428571429,7.449275362318842,7.573529411764705,7.833333333333332,7.701492537313433,7.701492537313433,7.701492537313433,7.701492537313433,7.833333333333332,7.211267605633804,7.449275362318842,7.833333333333332,7.833333333333332,7.833333333333332,8.557377049180328,8.403225806451614,8.253968253968255,8.557377049180328,8.716666666666667,9.051724137931036,9.6,9.410714285714285,9.051724137931036,9.051724137931036,8.716666666666667,8.557377049180328,8.403225806451614,7.449275362318842,7.573529411764705,8.557377049180328,2.6898734177215187,2.5766871165644174,2.4910179640718564
NYTN-L,18.0,0.0040020593251508,3.097110276167606e-07,0.0336041710676173,0.2798575160625644,0.1713551264899741,1.1349057247348149,3.414900000000001,0.462850049435857,-0.0004283727626765,-0.0005856475161275,0.0145605371713781,1.0,0.2265920489610897,0.0773412765403393,5.1268360389250174e-08,0.0192083642423639,2.610138794289689e-09,0.0971835345094397,0.0392851007502212,3.74437310819739e-07,-0.0495165805523256,4.0,0.3064640903907654,-0.0917403577684447,0.0172854894239429,-0.0747083923805416,-0.0306297724600697,0.0222892695011631,0.0515709015548639,0.0537747908057909,0.4157216669762977,-0.1097852028639618,-0.0770925110132159,-0.2643960674157304,-0.2707970762269405,-0.1706254948535234,-0.231474688187821,-0.2058377558756633,-0.1085106382978723,-0.0219421101774044,-0.2097321765371558,-0.2610229276895944,-0.2442279942279942,-0.2417661961635903,-0.2922297297297298,-0.2417661961635903,-0.1914318795831725,-0.1020145735105014,0.0111003861003862,-0.066815144766147,-0.0117924528301887,0.0189688715953306,0.2272993555946103,0.2537402752842608,0.3077403245942571,0.5082793376529877,0.2381796690307327,0.2712378640776698,0.3267891070297657,0.5314327485380117,0.7299752270850537,0.6854384553499597,0.6746602717825738,0.537050623624358,0.7769296013570823,0.7487479131886476,0.7144026186579377,0.7443796835970025,0.8622222222222222,1.00862895493768,1.076313181367691,1.1845672575599582,1.2075869336143308,1.3329621380846324,1.4531615925058547,1.6552598225602029,1.7243172951885564,1.749343832020997,2.0628654970760234,1.9341736694677876
NYTQ-L,20.0,0.9116462973696776,7.34140167650118e-07,0.0796554516355514,0.0188713476261531,0.0914365147189043,1.2391051332647856,-5.9803,5.066783844536427,-0.0219838350875309,-0.0005768355289227,0.058886250123519,1.0,0.4265303480701041,0.5833317717166228,4.986319005590301e-08,0.3548341363397754,3.8316586943937896e-09,1.0638606676342526,0.2966742461871849,1.3443893691959277e-06,1.157933274152259,4.0,0.1294313714754388,-0.3913564649000946,-0.1140255773226091,-0.6918716349327874,0.0337077115134105,0.000829363345167,0.0039874745325531,0.2996654309563414,1.3293105088382635,-0.0109090909090908,-0.0993449781659389,-0.2282507015902712,-0.3653846153846154,-0.4021739130434782,-0.2120343839541547,-0.2165242165242165,-0.2587601078167116,-0.3102006688963211,-0.3778280542986425,-0.3683001531393568,-0.3861607142857143,-0.3721461187214612,-0.4547257105089227,-0.5144202472042377,-0.5021122510561256,-0.4817839195979899,-0.4653272845106935,-0.4529177718832891,-0.4663648124191462,-0.4718309859154929,-0.4781783681214421,-0.5080500894454383,-0.4565217391304348,-0.4206460674157303,-0.4274809160305344,-0.4540039708802117,-0.4554455445544554,-0.5253164556962024,-0.4947948560930801,-0.4771863117870722,-0.5253164556962024,-0.5149911816578483,-0.4586614173228346,-0.4198312236286919,-0.4021739130434782,-0.4318181818181817,-0.4646333549643089,-0.4649805447470817,-0.485981308411215,-0.483729662077597,-0.4765228426395939,-0.5283018867924527,-0.4878957169459962,-0.5439469320066335,-0.53125,-0.4646333549643089,-0.4938650306748466,-0.4872591671845867
NYVJ-L,22.0,0.0671552654323307,8.905177404841031e-07,0.0966226831516166,0.1726979248279912,0.0495876193864863,1.2879065066983697,2.163,-0.7686536926155975,0.0589374758621946,0.0144526280189606,0.0198422280787709,1.0,0.1558930165612986,0.0713470648578245,2.4571336594206464e-08,-0.0067636745619484,3.3384558945650034e-11,-0.1613924050632912,-0.0643449949270189,1.6478507888282548e-06,0.0649025265095697,2.0,0.0088037097585618,0.0952561080134428,0.151253630343203,0.1688089119646125,0.1099644017290101,-0.0069541808494517,-0.0197664654186393,0.0068872037795591,1.9012883251476191,0.0241935483870967,0.0219780219780219,0.0136239782016349,0.0191780821917808,0.0054054054054053,0.0276243093922652,0.0247933884297522,0.0391061452513967,0.1884984025559106,0.1809523809523809,-0.0904645476772615,-0.0792079207920791,-0.1247058823529411,-0.1368909512761019,-0.2085106382978723,-0.2454361054766733,-0.421461897356143,-0.4095238095238095,-0.396103896103896,-0.3841059602649006,-0.396103896103896,-0.4,0.3144876325088339,0.3333333333333335,0.3828996282527881,0.2961672473867596,0.3052631578947369,0.3527272727272728,0.3429602888086642,0.3285714285714287,0.4198473282442747,0.3880597014925373,0.3726937269372694,0.4252873563218391,0.453125,0.4761904761904763,0.55,0.5564853556485356,0.5,0.5371900826446283,0.5965665236051503,0.0026954177897575,0.0054054054054053,-0.0210526315789473,-0.0132625994694959,-0.0132625994694959,-0.0387596899224805,-0.0606060606060605,-0.1014492753623187
NYWB-L,20.0,0.2346773111353374,7.991930892715168e-07,0.0867138038144697,0.0132812424616139,0.1578550323259225,0.1913303710945424,67.24469999999997,0.7900706442905047,0.0191689521367585,0.000557409036117,0.0070753128469799,1.0,3.066021971770896,0.1830506252674452,1.267331321196787e-07,-1.5684404413253862e-05,8.629124043766769e-08,0.1658892719529507,0.0090939076776988,9.091736638712016e-07,0.2897434754367648,2.0,3.652930578415408,0.3129224773156324,-0.0271263562792089,-0.595437165077214,0.0271263562792089,0.0488287586513252,0.1064690637661193,0.0271263562792089,0.6894420887785139,-0.0186033971420869,0.0383538633818589,0.0120054570259209,-0.0413543551305245,0.0024324324324325,0.0056941431670283,0.0624462904611862,0.076008123005512,0.1171686746987952,0.2244965335094091,0.207749918593292,0.1472316733683887,0.1451065143562828,0.1568933250155957,0.1663522012578617,0.1356399265156156,0.2305905773059058,0.2624234172906741,0.2053948651283719,0.383955223880597,0.4140297369424324,0.3332135154565061,0.4342614075792732,0.4248943526699962,0.5762855928601787,0.4221625766871169,0.3143160878809357,0.305066854327938,0.2977606717984606,0.4375968992248062,0.656543099598035,0.7678741658722594,0.6990380210719196,0.9247535028541778,1.0190528034839414,0.9665959703075292,1.0345584201865057,1.0157608695652178,1.1230681167716088,1.188200589970502,1.2909203211859173,1.464451827242525,1.3094645080946457,1.138985005767013,1.1255014326647568,1.0401540154015405,1.1170091324200917,1.4369250985545334,1.4305373525557012
NYWR-L,17.0,-0.0078016021806589,1.7419114715194042e-06,0.1890003450119814,0.013038434266888,0.0199067131769495,0.0665041659256381,23.8064,0.6081051387931693,-0.0045312818128374,0.0008681029263184,0.0254364858058123,1.0,0.0981917037361974,0.0747426643198283,1.758815545018621e-07,-0.0083576389234806,2.0381641112009958e-09,0.1276824034334764,0.0016039041350278,9.49528093537556e-06,-0.022253466220868,2.0,0.2107488733081285,0.0903035767734905,0.1601358728821629,-0.1601358728821629,-0.1601358728821629,0.005919695733263,0.0418602336290586,-0.1601358728821629,0.632885851857012,-0.1374613003095974,0.1535714285714284,0.0131744040150563,-0.1418703506907546,-0.2876047640052934,-0.2938347179711413,-0.2675736961451248,-0.4361033519553073,-0.4073394495412844,-0.4645225464190982,-0.5109024833434284,-0.5552189479482237,-0.4957852013737122,-0.6065773447015834,-0.6140057361376674,-0.5703644586326151,-0.5460933108487915,-0.4861597200127268,-0.4455887401304497,-0.5151606124287001,-0.4732550554468363,-0.3752417794970987,-0.2392840320301461,-0.2825410928476234,-0.1722193746796516,-0.3159678102498942,-0.0823863636363637,-0.0140415140415141,-0.0404040404040404,0.0709549071618036,-0.1057585825027686,-0.1797866937531743,-0.2897977132805629,-0.2523148148148149,-0.2591743119266055,-0.2342342342342342,-0.1265548945375878,-0.0012368583797157,0.0412637008381688,0.091216216216216,0.0049782202862476,0.144578313253012,0.1494661921708182,0.1901252763448782,0.144578313253012,0.2627052384675528,0.4055700609225412,0.538095238095238,0.5439770554493306
NZBW-L,18.0,0.0164911268501952,2.1145744759961547e-06,0.2294349121934416,0.10835792384316,0.0032761161353252,0.0363749402027567,-58.93610000000001,-0.0530642228647013,-0.0482660569929763,-0.0002117245396661,0.4894125233338112,1.0,0.1965261640559871,-0.0731008999579307,5.7559910116376337e-08,-0.0013452779844387,2.554460229208115e-07,-0.011141769867528,-0.0002477027221965,3.6876961600970106e-05,0.0221461782435424,2.0,1.4396532386711207,-0.0904037947987909,0.0961627624015495,-0.0961627624015495,-0.0961627624015495,0.0003719593726263,0.0066772073488916,-0.0961627624015495,0.4215340500887285,-0.0899999999999999,-0.0196078431372549,-0.1525423728813558,-0.1596638655462184,-0.2125984251968504,-0.1999999999999999,-0.2307692307692308,-0.3055555555555556,-0.3197278911564626,-0.3421052631578947,-0.3975903614457831,-0.3150684931506849,-0.3197278911564626,-0.3464052287581699,-0.3243243243243243,-0.4152046783625731,-0.408284023668639,-0.3788819875776398,-0.3670886075949368,-0.3197278911564626,-0.3055555555555556,-0.1935483870967741,-0.1666666666666666,-0.1071428571428572,-0.0099009900990099,-0.0909090909090909,0.0101010101010101,-0.0384615384615385,-0.0291262135922329,0.0,-0.1596638655462184,-0.2424242424242424,-0.1999999999999999,-0.1304347826086955,-0.2125984251968504,-0.1666666666666666,-0.1999999999999999,-0.2248062015503876,-0.1735537190082644,-0.2592592592592593,-0.3150684931506849,-0.358974358974359,-0.3975903614457831,-0.4350282485875706,-0.408284023668639,-0.4382022471910112,-0.375,-0.4117647058823529,-0.4350282485875706
NZEH-L,19.0,-0.0656039239730226,-3.7371926270395226e-07,-0.0405491729881425,0.0454545454545454,0.1028429040661456,6.142935989855376,-4.700000000000001,0.0544301550401182,-0.008502732484372,-0.0019926425505824,-0.0096253007906497,1.0,0.3405275779376498,-0.1929698708751793,1.0364480885656277e-07,0.0142630744849443,1.115608409263603e-08,0.0114285714285713,-0.0269773145309625,1.386249318456527e-06,-0.1037371134020618,4.0,0.084634874504808,0.0629325111339498,-0.0553724809761556,-0.0518826580806724,0.1916150997668612,0.0277401894451962,-0.0882669537136706,0.0481173419193275,0.3551186140327612,-0.05078125,0.2075471698113207,0.1531531531531531,0.0801687763713079,-0.0411985018726591,-0.0115830115830115,-0.0724637681159419,0.0491803278688525,0.1689497716894978,0.1179039301310043,0.158371040723982,0.0756302521008405,0.0448979591836733,0.0039215686274509,0.0893617021276595,0.0940170940170941,0.0078740157480314,0.0039215686274509,-0.1633986928104575,-0.0724637681159419,-0.0191570881226053,-0.044776119402985,0.024,0.0406504065040651,0.1428571428571428,0.3473684210526317,0.2610837438423647,0.3195876288659793,0.3837837837837836,0.3264248704663213,0.5999999999999999,0.523809523809524,0.5900621118012421,0.5802469135802468,0.5515151515151517,0.3128205128205128,0.2864321608040201,0.2549019607843137,0.2307692307692308,0.3989071038251366,0.4143646408839778,0.3913043478260869,0.5515151515151517,0.6842105263157894,0.6305732484076432,0.4712643678160919,0.4545454545454546,0.5802469135802468,0.620253164556962
NZJG-L,15.0,0.1024949576468012,9.3740632633649e-07,0.1017101741338621,0.2012904305490946,0.0079538555875724,0.9240647556514626,-4.2822,0.4676685174214601,-0.0265844103568299,0.0028323210105058,-0.0098323211977933,1.0,0.4138062477863309,-0.2321096984393785,-1.1272834286198369e-07,-0.0626427074928744,3.964104950064954e-08,0.09819525688115,0.1819285528325939,3.1743563916054066e-06,0.2653131870311485,2.0,0.1878688059790878,-0.0367823133066191,-0.0427230384668313,-3.1408149694619247,-0.1925296016887751,-0.0105470815084409,-0.0445366771268626,-0.1913915240972295,1.6536866802719628,-0.123409669211196,0.0508021390374331,0.0115830115830117,-0.0367647058823529,-0.089223638470452,0.0383091149273446,-0.1638297872340425,-0.0575539568345323,0.2822185970636215,-0.0575539568345323,-0.0913294797687861,0.0076923076923076,0.0767123287671234,0.0025510204081633,-0.1148648648648649,-0.2563859981078524,-0.2383720930232558,-0.1905252317198764,-0.2899728997289973,-0.324742268041237,-0.2906137184115523,-0.3696872493985565,-0.5408878504672897,-0.5482758620689654,-0.5201465201465201,-0.6274881516587678,-0.6658163265306123,-0.6294200848656294,-0.6171456405260594,-0.6356050069541029,-0.6342484876686831,-0.5912636505460218,-0.5891270256142185,-0.6248210023866347,-0.6464237516869096,-0.6739941932807963,-0.6433756805807622,-0.6392840752638824,-0.5746753246753247,-0.5671806167400881,-0.5693150684931507,-0.484251968503937,-0.4892787524366472,-0.4518828451882845,-0.4345323741007194,-0.4405693950177936,-0.3999999999999999,-0.3333333333333332,-0.3651050080775444
NZKP-L,17.0,0.0516587029786675,1.8650222954182826e-07,0.020235807792323,0.2967409200107737,0.6658552954711688,1.892283404412356,57.399099999999976,0.375879827906946,-0.0019407510591897,-0.0010483812736688,0.042323832727084,1.0,0.1449502831262067,0.0828404213267339,4.6539194920143054e-08,-0.0350606031094275,4.0010949066595385e-06,0.0789226019772939,0.0563780531946134,9.270530115068605e-08,-0.0039140619276947,3.0,17.823031575537204,0.0906521190966087,-0.022589465615381,0.0342883641671328,0.0480273294338082,0.0495291217293263,0.081162684633356,0.1085980326025258,0.4806885973628941,-0.1761846901579588,0.1032171581769438,0.0555793073963233,0.0739451935624184,-0.0108173076923077,-0.0463499420625723,0.0378310214375789,0.0891045434494925,0.1007579135086937,0.1202359346642469,-0.0056383407168746,-0.0489214175654852,-0.0551090700344431,-0.1118705035971222,-0.1182142857142857,-0.1667229159635503,-0.1761761761761761,-0.1739712278353964,-0.2169362511893434,-0.1692462987886944,-0.1241575026605179,-0.0686533383628819,-0.0492876395841354,-0.104786076867295,-0.0814732142857141,-0.1355042016806722,-0.1388210673177538,-0.0831786112142591,-0.0640636846095525,-0.0264195583596213,0.060111635895234,0.1166892808683854,0.0651423641069888,0.0665226781857453,0.0730117340286831,0.0573875802997858,0.0296080066722268,0.0168863261943987,0.1056874160322438,0.1591549295774648,0.1027244305493524,0.1836049856184085,0.118713185319438,0.164622641509434,0.144645340751043,0.1968007755695591,0.2539360081259523,0.3288482238966632,0.3281334050564821
NZNU-L,20.0,-0.0110425030855877,2.906211125703552e-07,0.031532882951653,0.121278140885984,0.1308671684480785,1.100011840125594,1.6652,0.662353707855746,0.1500991469306289,-0.0054760317212614,0.0027272217712664,1.0,0.647845548185299,0.0571553194020382,-1.217261965450243e-09,-0.0545864512833038,9.160200662035615e-12,0.1390728476821191,0.0476350920001702,1.1419007321265477e-07,-0.1481298759033466,4.0,0.0386877145298374,-0.2125516215923675,0.0032530159856763,0.1447021039883025,0.3708422324008988,0.0137376209404665,0.0188449578660105,0.2683517338540624,1.6536866802719628,-0.0588235294117647,0.1333333333333335,0.0625,0.0,0.4166666666666667,0.5454545454545456,0.5454545454545456,0.5454545454545456,0.5454545454545456,0.7,0.4166666666666667,0.3076923076923077,0.5454545454545456,1.8333333333333333,1.8333333333333333,1.8333333333333333,1.4285714285714284,1.4285714285714284,1.4285714285714284,0.8888888888888891,0.7,-0.15,-0.15,-0.15,-0.1052631578947368,-0.15,-0.1052631578947368,-0.1052631578947368,-0.1052631578947368,-0.1052631578947368,-0.0555555555555554,-0.2608695652173912,-0.1904761904761903,-0.2272727272727271,-0.2272727272727271,-0.4137931034482758,-0.4333333333333332,-0.6046511627906976,-0.3703703703703703,-0.1904761904761903,-0.1052631578947368,-0.15,-0.15,-0.15,-0.15,-0.15,-0.15,-0.1904761904761903,-0.2272727272727271
NZRJ-L,18.0,0.0696537264018152,7.144723262181882e-07,0.0775214575278984,0.0798840080819811,0.1263992906681096,0.5012803265148321,97.2409,-0.1971908354786326,0.0184316244236985,0.0028558442483931,0.0850792057320976,1.0,0.0655244412625423,0.0937203867388511,8.0996211517706e-08,0.0126143344759188,8.095379555435889e-08,-0.0414036951881944,0.0458512594302983,1.210260035525496e-06,0.0533001008106396,4.0,1.4777166120308922,0.1035351023860523,-0.1108088232213962,0.1988122064137097,0.1732952232608022,0.0114908076605119,0.0321468720012997,0.1970319507182373,0.5747251856157597,-0.0346467391304348,-0.0185030838473079,-0.1332253790666863,-0.1441860465116278,-0.2250592261121348,-0.1816539263377345,-0.1584964984993567,-0.1696516711324213,-0.1712878254750175,-0.2016271186440678,-0.2896609965013873,-0.2787849093581577,-0.1938663745892661,-0.1910976782525072,-0.1822222222222221,-0.2197190564537502,-0.2418233324748905,-0.1346266901822458,-0.0761023066059939,-0.0358604879646307,0.0439716312056739,0.1581431943351692,0.2364552708945821,0.2372347131750367,0.292361720807726,0.1570053055610138,0.3909756673753839,0.3896624970497995,0.4160654160654162,0.4541862188194616,0.4997452878247581,0.4153846153846154,0.3972472710014239,0.4130069594432446,0.4022386282448202,0.3566820276497697,0.4531095755182626,0.4273939393939394,0.4459724950884087,0.5147928994082842,0.3992395437262359,0.4541862188194616,0.4049152946790744,0.4069295101553165,0.4459724950884087,0.5089697590978985,0.453468279437176,0.5285565939771546,0.513235672063737
OAFE-L,19.0,0.1702127652616058,1.9072988066506408e-06,0.2069451509975293,0.1681500209472519,0.0201574820015024,0.0927077902717826,2.112499999999997,0.3854301316313518,-0.0221381750522922,-0.0002918645169677,0.0035798545773134,1.0,0.2630603215086173,0.1256472350875634,1.7772803301823834e-07,-0.0046356216918238,1.3019294400193481e-08,0.08092785675194,0.0011506105658991,1.0250428782951324e-05,0.178897364787411,2.0,0.5792218616231629,0.0668042755858979,-0.1848999037467631,0.1848999037467631,0.1848999037467631,0.003905268761914,0.0242908730784081,0.1848999037467631,0.3085638642534434,0.003184713375796,0.0194805194805194,0.0228013029315961,0.0129032258064516,0.0295081967213115,0.0295081967213115,0.0466666666666666,0.0680272108843538,0.0753424657534247,0.0501672240802675,0.3955555555555556,0.3138075313807531,0.3652173913043479,0.341880341880342,0.341880341880342,0.3138075313807531,0.3832599118942732,-0.1444141689373296,-0.1467391304347826,-0.1444141689373296,-0.1758530183727034,-0.1865284974093264,-0.1648936170212764,-0.0570570570570569,-0.0338461538461538,-0.0513595166163142,0.0572390572390573,0.0979020979020979,0.0363036303630364,0.0431893687707642,0.0790378006872851,0.0979020979020979,0.0608108108108109,0.0397350993377483,-0.1801566579634465,-0.1581769436997319,-0.1397260273972602,-0.1204481792717085,-0.1349862258953167,-0.1253481894150416,-0.1079545454545454,-0.1079545454545454,-0.1325966850828729,-0.2050632911392405,-0.2246913580246913,-0.19693094629156,-0.2130325814536341,-0.2488038277511961,-0.2397094430992735
OAFW-L,19.0,0.044000454085175,4.596381508453281e-07,0.0498715178760842,0.0388253447607466,0.1558451799286813,0.8798102288342364,12.406800000000004,0.0823164219905515,0.0041962172993539,-0.0024136587658831,4.002172435378616,1.0,0.2160092802830231,0.0453071532584702,4.1616672737346643e-08,0.1012732502404853,6.634693081396931e-08,0.0172837852063814,0.0433319129052047,6.190267971461137e-07,0.043197078594018,4.0,1.3345256690731453,-0.0448506406779575,-0.0115151721924085,-0.2438788123694032,-0.025864461578146,0.0072171860432212,0.0353860577952086,0.0591801147947508,0.5467166759603294,-0.1884321571480538,0.0577145055790688,-0.0057866184448462,0.0721528861154445,0.1161185546082013,0.1035728623042953,0.1608952702702701,0.0544687380130417,0.1035728623042953,-0.0086548864046159,-0.0995741893219784,-0.0848868175765645,-0.1004581151832461,-0.0374649859943977,-0.0241391551295705,0.0865612648221343,0.0307461567304085,0.0857030015797788,0.0440562096467906,0.0051188299817184,-0.0168097281831188,0.0444528875379939,0.095219123505976,0.1569865319865317,0.3364122508507534,0.1102584814216476,0.1031300160513641,0.068402642829382,0.0721528861154445,0.0642663569492838,-0.0354385964912281,-0.0954261270154657,-0.1060162601626016,-0.0378018900945047,-0.0032632342277012,0.0617999227500964,0.1004803843074457,0.0373584905660375,0.1401907922024057,0.1895283427087839,0.117934119560797,0.0192806822395252,0.0354048964218454,0.0536604062859331,0.2099471830985915,0.1411374014113739,0.142085583714167,0.2244988864142538,0.317201724964063
OAFX-L,19.0,0.0065318285295964,1.2176798810166075e-06,0.1321203295283102,0.1760109466334007,0.0406323066441343,1.9883050430690827,-26.7677,0.320412524652772,-0.0135745217206758,-0.0034726290591226,-0.0032787659699603,1.0,0.1198237672021273,-0.0583219625055805,1.2866096200490652e-08,-0.0142908064261787,2.7610461460811386e-07,0.0672762629815051,0.0195524966163148,3.4481018122230863e-06,0.0332419658167789,4.0,0.2748222324002501,-0.0267553051634907,-0.1213831376477184,0.0163224015048017,0.0619999550365429,-0.0025614491722217,-0.0098958931365566,0.0311024371753806,5.197284089121331,-0.1061946902654867,0.0865384615384614,0.0511627906976743,0.0081103000811029,-0.0111376292760541,-0.0197160883280756,-0.270325799823892,-0.3564587108464924,-0.3235374149659864,-0.345444971037388,-0.4246702152279565,-0.4547049791620969,-0.482299042065806,-0.4974732160905599,-0.4468179795282598,-0.424403797175272,-0.4259986146386516,-0.4257334257334257,-0.4165688805444731,-0.423469387755102,-0.4087990487514863,-0.4090801045875921,-0.4675519383165559,-0.3980629539951573,-0.3943970767356881,-0.4631828978622327,-0.4468179795282598,-0.3854140914709518,-0.3469923824533754,-0.2381244253754214,-0.3092525701583773,-0.2260273972602738,-0.2110441129800063,-0.1677268162035488,-0.0703066566940912,0.003228410008071,-0.0231827111984282,-0.0529523809523809,0.0966034406704894,-0.0158353127474268,-0.0529523809523809,0.0281224152191894,-0.0382978723404255,-0.0390413606494008,0.1188118811881189,0.0583226905065985,0.1992281717317896,0.2651399491094148,0.1906130268199233
OAQS-L,17.0,0.518143013723599,2.2200109337415266e-07,0.0240874946441183,0.2578589489700381,0.4243202872544172,0.4545553865604482,-48.826800000000006,1.0483242377500988,-0.0547141678232136,0.0135786480960426,0.0096535366353298,1.0,0.6017910157200563,0.1193211377625506,6.060619786948237e-08,0.0492062345116788,2.5723462062997275e-09,0.2201141705842847,0.0211830166670208,2.2341713785886106e-07,1.3972633182952825,2.0,0.8999980260259535,-0.0125843221136985,-0.0907678554329526,0.0907678554329526,0.0907678554329526,0.0334436081959065,0.0698931236895892,0.0907678554329526,0.7204095793210094,-0.022027373823781,-0.0368692070030896,-0.0738760150524857,-0.0824175824175824,-0.0372658019353511,-0.0147492625368732,-0.0292713307037576,-0.1059273422562141,-0.1035276073619632,-0.074792243767313,-0.0176470588235294,0.0099352051835852,0.0407300244825283,0.0379578246392897,0.0171851207309114,0.0484304932735424,0.0512589928057554,0.164052775703261,0.1382667964946446,0.229555613988956,0.3386773547094188,0.31237721021611,0.3153305203938115,0.4037826478534974,0.5246168894685359,0.4423195558297346,0.3958208955223881,0.4544323483670296,0.4526250388319355,0.6899168774846403,0.5850847457627117,0.6151986183074265,0.5861601085481682,0.6196744024939382,0.3785377358490565,0.3356183947443587,0.4334763948497855,0.655221238938053,0.6157567380787836,0.6202356202356203,0.5845476109793288,0.8201634877384194,0.691139240506329,0.6874774449657162,0.6304044630404462,0.9093507554103716,1.161812297734628,1.2854349951124142,1.5607886089813796
OAYS-L,5.0,0.1359416695867813,2.363849990005004e-07,0.0256481727672311,0.0018544312958713,0.0009725011664942,0.0036799269374666,53.0,-0.3114928646473778,-0.0366135987340255,3.5411015658751124e-06,0.0297542781921895,1.0,1.9261744966442955,0.0359466997211031,3.3941010924391324e-08,-0.0004252832803096,3.702767382964914e-08,-0.0654034229828852,5.606620124531659e-05,5.9336523823294015e-05,0.1367057331881207,2.0,3.976113557811715,-0.0255823134622976,-0.0954335556695741,0.2035416637776823,0.0954335556695741,0.0001422674019175,0.0341905318527177,0.0954335556695741,0.4547638370747898,-0.0044117647058823,-0.046506193035756,-0.1101417666303163,-0.126338329764454,-0.0635758549460638,-0.0704032809295968,-0.0900981266726138,-0.0631458094144661,-0.0111488124091129,0.035007610350076,0.0212765957446807,0.0756656999736355,0.078509119746233,0.0888710968775019,0.0488431876606683,0.033172955178526,0.0773699498283602,0.1255172413793102,0.1853573503776873,0.2060301507537687,0.2785960513945471,0.2989493791786055,0.2761964341570222,0.4001372683596429,0.5201192250372577,0.4493783303730017,0.4166666666666665,0.4836363636363636,0.4890510948905109,0.6171224732461353,0.5122312824314306,0.5038702543309987,0.4432260346657233,0.4216027874564458,0.6578626574563184,0.486880466472303,0.5373021853805575,0.5949960906958562,0.6274431591543677,0.6639477977161501,0.5807826423866718,0.6887417218543046,0.6545012165450121,0.6171224732461353,0.6673477727829995,0.6653061224489796,0.7421007685738683,0.8370103556956323,0.8361836183618361
OAZZ-L,17.0,0.1273956934071801,4.622835490739985e-07,0.0501585480645224,0.1373380204215764,0.1544055408911126,1.8532286669161209,5.417199999999998,0.5450525099514624,-0.0020704861337693,-0.0003711941800042,0.0098794536460948,1.0,0.1354234589430586,0.1808517993673942,9.233733102176808e-08,0.0160501072369028,3.5911564257737004e-09,0.1144433914933943,0.0928544811877555,8.261570300619362e-07,0.1000032905509478,4.0,0.1194522615986323,0.0196227788952892,-0.0104677915445474,-0.064959377662773,-0.0107935427047726,0.0353730760977703,0.1046150313614902,0.0854178338824961,0.5466342654983766,-0.125704622322435,-0.0044893378226712,-0.3537340619307833,-0.3695806680881308,-0.4198822759973839,-0.3827418232428671,-0.470131421744325,-0.5383814728077023,-0.5794215267899478,-0.566153093665933,-0.5521332996718,-0.5363303711447988,-0.5224764468371468,-0.4748371817643576,-0.4854988399071925,-0.424212917883804,-0.3865836791147995,-0.352081811541271,-0.40589417280643,-0.2129547471162378,-0.1817343173431734,0.0603705917513448,0.0950617283950616,0.129936305732484,0.215901302261823,0.2466619817287418,0.4493464052287581,0.656395891690009,0.6704331450094161,0.8194871794871794,0.836438923395445,0.7173281703775409,0.5938903863432163,0.6641651031894933,0.8732840549102425,0.5385949696444059,0.6425925925925924,0.6320147194112236,0.7686939182452641,0.6410730804810358,0.644114921223355,0.5953237410071943,0.4746467165419783,0.6688617121354654,0.5493449781659387,0.4746467165419783,0.9034334763948496,1.4234972677595623,1.7292307692307691
OBAT-L,20.0,0.1175604474991479,3.126300484738156e-07,0.0339208897746818,0.1712381202586665,0.0720102549148341,1.3406221204584194,-6.578899999999997,0.6834206511831395,-0.0060652030769409,-0.0053867549550744,0.0104151217970086,1.0,0.1368627561261527,0.0233044531710239,5.276475382075271e-08,0.1082710648273628,2.386122151725968e-07,0.1434962241435921,0.0921264329951719,1.3281633398247318e-06,0.1447693699978274,5.0,1.0625774076540715,-0.1946923264581992,0.0256784638213794,-0.1204660860093033,-0.0144174764222528,0.0099416819359763,0.0525495956525332,0.0355426974714995,0.6297745258189722,-0.0604963805584279,-0.0373320059731209,-0.1246888436297805,-0.1607724018225211,-0.0981580788062486,-0.0244640605296342,0.0265392781316349,-0.013013523858127,-0.0349301397205588,-0.0686250902961714,-0.0885956644674834,-0.0770699117155809,-0.0575048732943469,-0.0998370956481266,-0.1091662828189774,-0.0821072615092548,-0.1451933701657458,-0.1649395509499136,-0.1839662447257384,-0.0935083196625263,-0.0643444605708757,-0.1025522041763341,-0.0909518213866039,-0.0547409579667644,-0.0540474443629249,-0.1017185322805388,-0.0939330053876785,-0.0036063884595569,0.0028519574799066,0.0702822357498615,0.1019943019943019,-0.0005167958656331,0.0331196581196582,0.1102181400688862,0.1949335804757492,0.166113958396141,0.1051428571428572,0.1828746177370028,0.3094109681787407,0.2686126598884881,0.0741460705359622,0.0372754089568247,-0.0432846895869404,0.0023322104172063,-0.0486965076242006,0.0178947368421051,0.0533769063180828,0.088351153629713,0.1201853460758759
OBBM-L,18.0,0.5320793542345397,1.8474230366573305e-07,0.0200448528539028,0.0405578640095329,0.1380833947168011,0.8987506070122626,-8.076300000000003,1.6179194297351156,-0.0044391960394218,0.0097178946798706,0.0142693890235793,1.0,0.3784500018587657,0.0227616162018246,3.119093022988144e-08,0.2921198906189846,1.2164315867520944e-08,0.339710731207226,0.0979608066056313,5.037884993742571e-07,0.8721309146273237,3.0,0.8133184302050332,-0.1196221097195961,0.0029043166887632,-0.5968923690293308,0.0237098888380208,0.0273625634657738,0.0769977983293735,0.0889717439192232,0.6283613874510131,-0.0589101620029455,0.0081662954714178,-0.2136653155761435,-0.2239999999999999,-0.2244431753283838,-0.1366815003178639,0.0141896938013441,-0.0173661360347322,0.070133963750985,0.1788194444444444,0.0933977455716585,0.1636675235646958,0.1954225352112677,0.2081850533807829,0.1587030716723549,0.1912280701754385,0.2550831792975969,0.3339882121807467,0.2379216043755696,0.3772819472616633,0.3786802030456853,0.5241301907968574,0.6500607533414338,0.7432605905006417,0.7751633986928104,0.5627157652474108,0.6724137931034484,0.7321428571428572,0.8058510638297873,0.9372325249643368,1.0029498525073746,1.1555555555555554,1.2045454545454546,1.3213675213675216,1.244628099173554,1.3134582623509368,1.6891089108910893,1.6785009861932938,1.6891089108910893,1.6420233463035023,1.5148148148148146,1.6998011928429424,1.621621621621622,1.6471734892787526,1.9330453563714904,2.256594724220624,2.446700507614213,2.5643044619422573,2.455470737913486
OBBO-L,19.0,0.3720711176780859,3.486541048694429e-08,0.0037829560909137,0.1782735350048345,0.2379554585239614,0.9257400137830908,10.4923,1.1946318171206147,0.0092111705076109,0.0013699978740314,0.0029308198017414,1.0,5.146537762470208,-0.1643245123933179,1.96315548612838e-08,0.119740776262425,3.535895929910966e-09,0.250834028356964,0.0073164506255482,1.5749411998400294e-07,0.5993271520938332,4.0,1.890366815695233,-0.0080129797419724,0.0082062093110251,0.2138033655679734,-0.0074160466355576,0.0619685939075535,0.3155668196420894,0.2138033655679734,0.2671112294660369,-0.0929653057312631,-0.0279485746226942,-0.1775833530385434,-0.2573665480427046,-0.1482448979591836,-0.0810287123480711,-0.056770927499548,0.1258092360811393,0.2230688078771538,0.2411085999762103,0.050861113908752,0.0982001894537416,0.106234096692112,0.1756619718309859,0.3561216532362881,0.3825361070624089,0.4213322435635473,0.5150283142151879,0.4465548315541385,0.5626778493335332,0.6426322418136019,0.670509125840538,0.7784216805863304,0.8559231590181431,0.8803387997837449,0.8912452419793366,1.1773789649415694,1.3510590356016223,1.1892572387746538,1.7364280094413846,1.661734693877551,1.720730117340287,1.8641229755695856,2.1371016235718585,2.349598715890851,2.3832684824902723,2.548979591836735,2.478,3.5803336259877083,3.57030223390276,3.766560073092736,3.658035714285715,3.4155734236140507,3.1853188929001206,3.241463414634146,4.155138339920949,3.430573248407644,3.924020764511562,3.8260869565217392
OBHR-L,18.0,0.0494583290057474,2.4963860963776164e-07,0.0270862119695976,0.1402509552385503,0.1438744041253376,0.5375585296400325,-43.0078,0.0572777543356266,-0.0179941865926615,0.0074257040810244,0.0550930735545645,1.0,0.1181378026252845,0.1267550857644989,3.4200074010114724e-08,0.0186301038738333,1.9206116335162706e-08,0.0120264751443458,0.0323659069133841,2.792909933802064e-07,-0.0111742888636056,3.0,2.1881330283692195,-0.1064152036172608,0.0133345216555518,-0.2110216663998987,0.0111519779033619,0.0164087081157625,0.034766462481255,-0.0460879280281266,0.304171447425832,0.0166919575113808,0.1094276094276094,-0.0090225563909774,-0.0476878612716763,0.0138461538461538,0.057784911717496,0.1810035842293906,0.2025547445255473,0.2226345083487941,0.2697495183044314,0.1602112676056337,0.1460869565217391,0.1684397163120568,0.1075630252100838,0.2069597069597069,0.185251798561151,0.1788908765652952,0.2069597069597069,0.2003642987249543,-0.2829162132752992,-0.283695652173913,-0.2098321342925659,-0.1668773704171934,-0.1741854636591479,-0.1236702127659574,-0.2021791767554479,-0.2468571428571428,-0.193390452876377,-0.1572890025575448,-0.1130551816958277,-0.0265878877400295,-0.0090225563909774,-0.0504322766570606,0.1169491525423727,0.0892561983471074,0.1188455008488964,0.1057046979865772,0.1831238779174147,0.2552380952380952,0.3757828810020875,0.2576335877862594,0.339430894308943,0.2998027613412228,0.2896281800391389,0.3587628865979382,0.4943310657596371,0.4579646017699117,0.6475,0.4808988764044943
OBWG-L,18.0,0.1663081822017905,1.947367894246329e-07,0.0211292714868438,0.0366267107408974,0.2201628711066374,2.0974004221362024,3.3027,0.1638073839438886,0.0021569884248542,0.0007913971073288,0.0151334085433366,1.0,0.8647325240165783,0.16953286465733,4.800705509524184e-08,0.0613596274240086,3.81590634553822e-09,0.034394250513347,0.0423923544860603,3.164356814553095e-07,0.1653268093709628,4.0,0.2571882514112849,0.0880704368186531,0.0031861506877675,-0.0660776980620533,0.0276817024841615,0.0236810592817915,0.0723869309870155,0.0663258717745344,0.447204210994437,-0.10716550412175,-0.0162195882719901,-0.0459770114942529,-0.0804664723032069,-0.0879120879120879,-0.0477053140096618,-0.0366524129505193,0.03955174686882,0.1113460183227625,0.024025974025974,-0.0831395348837209,-0.0360635696821516,-0.0319214241866175,-0.0180572851805728,0.0128452151573539,0.0742506811989101,0.0677048070413,0.0831043956043955,0.0936199722607489,0.1402747650036153,0.157856093979442,0.2272373540856032,0.1786248131539609,0.2821138211382112,0.3869832893579596,0.3409863945578231,0.2738287560581582,0.2585794094173983,0.4574861367837337,0.5929292929292929,0.6956989247311827,0.7067099567099566,0.4336363636363636,0.4877358490566037,0.620760534429599,0.4245709123757903,0.5491159135559922,0.7030237580993521,0.5801603206412824,0.7291666666666667,0.5521653543307086,0.6530398322851154,0.8841099163679811,0.8315911730545877,0.7159956474428728,0.6848290598290598,0.6547743966421826,0.8574793875147231,0.8084862385321099
OBWL-L,18.0,0.1986944222650487,2.10029072783837e-07,0.0227885101325309,0.0329273991325542,0.1919881097475773,1.366504557201852,1.4462000000000002,0.586865415716917,-0.0035986304218758,0.0013160840999206,0.0013996975080471,1.0,0.4302794603845203,0.0386303693330508,4.6100077540001024e-08,0.0948743166979565,6.89510746060587e-10,0.1232227488151658,0.0785961813840638,3.754086886306738e-07,0.3117975750352039,4.0,0.1490247270304053,0.0591445667222231,-0.0043089273811111,-0.119757628317522,-0.0454394884141366,0.0247330486743876,0.0622254899134061,0.0509063573790194,0.4163097491617855,-0.0074441687344913,0.0951086956521738,0.1010928961748633,0.0087609511889863,-0.030084235860409,-0.0182704019488428,-0.0230303030303029,0.1766423357664235,0.1400282885431401,0.1117241379310345,0.048114434330299,0.0718085106382979,0.1664254703328509,0.0138364779874213,0.0535947712418301,0.0346598202824133,-0.0528789659224441,-0.0851305334846764,-0.0923423423423424,-0.0335731414868104,0.0494791666666667,0.1400282885431401,0.0862533692722373,0.0965986394557825,0.0761014686248331,0.0100250626566416,0.2029850746268657,0.2476780185758513,0.24,0.1664254703328509,0.2324159021406728,0.3256578947368422,0.3063209076175042,0.4418604651162792,0.2380952380952381,0.2574102964118565,1.4953560371517027,1.5031055900621118,-0.1964107676969091,-0.1767109295199181,-0.1434643995749203,-0.1733333333333332,-0.1707818930041152,-0.1931931931931931,-0.1866801210898082,-0.1866801210898082,-0.2082514734774065,-0.2264875239923224,-0.2591911764705882
OCFM-L,21.0,-0.0199489217780583,5.280747247166784e-07,0.057297002055163,0.7570278289811242,-0.421252174901419,-0.2186577340549574,9.8032,0.0285187938084454,-0.6647457341469333,0.002967900644637,0.2639063442940984,1.0,0.0802591536662716,-0.1217417933000999,-8.764661260092608e-08,0.0428262434395353,2.948297107698249e-11,0.0059880239520958,0.0572814136519172,2.1318096415892962e-07,0.3747498682834281,4.0,0.1397150541345995,-0.2510421446652847,-0.1092905125580416,-0.3413424700662587,-0.6685097671578689,-0.032918930557002,-0.0448347277505688,-0.6311836303908376,1.6536866802719628,-0.0701330108827085,-0.1197445449707291,-0.1868239921337267,-0.2882960413080895,-0.2839826839826841,-0.2539467749210645,-0.2873761309780267,-0.1754735792622133,-0.2488646684831971,-0.4302445745780228,-0.4054636951833213,-0.3741959894059781,-0.4005074302283437,-0.4555628703094141,-0.5222414789139226,-0.6890977443609023,-0.6643668831168832,-0.630391061452514,-0.618806176538373,-0.6085207100591716,-0.5923095883657876,-0.502705953096813,-0.4760848907190371,-0.4282751469063256,-0.3472770323599053,-0.3807562710595283,-0.4453386988598257,-0.4039639639639639,-0.4280774550484094,-0.3720577069096431,-0.3599071207430341,-0.3623747108712414,-0.3694243232939382,-0.4560999671160802,-0.4349162965493679,-0.525802752293578,-0.4528613959642739,-0.3631112822487485,-0.3708634461772537,-0.4266897746967072,-0.4260929909784872,-0.4669674508540122,-0.4853764779091475,-0.4622886866059819,-0.5186263096623982,-0.1982549684924867,-0.2025072324011572,-0.1943497320993669,-0.1112305212251477
OCKI-L,12.0,0.0281496971836724,2.3808229846610145e-07,0.0258323326340396,0.2638050584428448,0.2276622689995204,1.4887711066703833,-0.0514999999999999,0.3078290780470117,0.0162867584946018,-0.0079898603700124,0.0028902108662065,1.0,2.900681044267877,0.0897640697960185,2.7832420695126653e-08,-0.0890082152158916,5.206951595599665e-11,0.0646341463414634,0.0131446728768908,2.7007582377443734e-07,-0.0206619615478219,4.0,0.0418914478410681,-0.187788706177123,-0.0201438400216781,0.9428154219364564,0.0812528607459334,0.0090560902382221,0.0200229542775606,-0.0571845780635437,0.2799344223657867,-0.05,-0.069767441860465,-0.0909090909090908,-0.0804597701149424,-0.0909090909090908,-0.0243902439024389,-0.0243902439024389,-0.0243902439024389,-0.0123456790123457,0.0,0.0,-0.0123456790123457,0.0,-0.0243902439024389,-0.0243902439024389,0.1111111111111111,0.1267605633802817,0.0256410256410257,-0.1208791208791209,-0.1304347826086956,0.0,0.0256410256410257,0.0810810810810811,0.3793103448275863,0.4285714285714286,0.4035087719298247,0.4285714285714286,0.4545454545454546,0.3793103448275863,0.5686274509803921,0.4545454545454546,0.7777777777777779,0.6000000000000001,0.6326530612244898,2.333333333333333,2.333333333333333,0.2121212121212121,0.0,-0.3220338983050846,-0.3939393939393939,-0.4968553459119497,-0.4936708860759493,-0.4838709677419355,-0.4520547945205478,-0.4594594594594594,-0.553072625698324,-0.5031055900621118,-0.5031055900621118,-0.4936708860759493
OCKN-L,20.0,-0.0627161716101198,7.484313585862267e-07,0.0812060700577383,0.1083833780282921,0.0971957789221837,4.50783802656899,-1.3336,-0.5630055373157534,-0.8120280700566157,0.0018733983830736,0.0182983970431505,1.0,0.1029439851572944,0.0618089586052351,3.8980257509335074e-08,-0.0337246583203093,9.549907069632996e-11,-0.1182129463557802,0.0433890160817807,1.1577262321023686e-06,-0.1287688052483256,4.0,0.0064791645739807,0.1107024234317683,-0.1209255567341941,-0.014048649449303,0.9979815086680994,-0.0041261210788073,-0.0105087104753773,-0.0020184913319005,0.3308109723309269,-0.0714285714285715,-0.1249999999999998,-0.1249999999999998,-0.1249999999999998,-0.263157894736842,-0.1249999999999998,-0.176470588235294,-0.0666666666666665,-0.0666666666666665,0.0769230769230771,0.0769230769230771,0.1666666666666667,0.0,-0.0666666666666665,-0.176470588235294,-0.263157894736842,-0.3333333333333332,-0.5333333333333332,-0.1249999999999998,0.0,-0.0666666666666665,0.0769230769230771,0.0,0.0,0.5555555555555558,0.1666666666666667,-0.2999999999999999,-0.2222222222222221,-0.641025641025641,-0.641025641025641,-0.631578947368421,-0.6666666666666666,-0.9808743169398908,-0.9803921568627452,-0.9798270893371758,-0.9792284866468842,-0.9782945736434108,-0.9785932721712538,-0.9792899408284024,-0.9791666666666666,-0.9782270606531882,-0.9784615384615384,-0.9786585365853658,-0.9792899408284024,-0.9789156626506024,-0.9790104947526236,-0.9797101449275364,-0.9803370786516854,-0.9807162534435262
OCME-L,18.0,0.0288821497655832,3.207260053960539e-07,0.0347993148132233,0.2889621210539683,0.2278636599161253,1.4460545505579596,62.2439,0.1636886238499924,-0.0022378017504422,0.0114052583186986,0.0028267361037192,1.0,0.2390862575580979,0.055814130936604,5.5331224261140886e-08,-0.0221402141388247,2.7726707153704213e-08,0.0343693147362037,0.0627832931840825,3.17850119661097e-07,0.0030642227863,4.0,0.8393857132457201,0.1049960536491322,-0.0018571749809948,-0.1737900286154388,0.0170529016057957,0.0547773576062715,0.1072287468661755,0.068823481360154,0.3596988414234571,-0.0694315004659833,0.0703241895261845,-0.1113871635610764,-0.1531176006314127,-0.0809421841541756,0.0185097294731846,-0.0064814814814815,-0.0236578707916287,0.0175438596491228,0.0618505690252351,-0.1035923141186299,-0.0491803278688524,-0.0027881040892192,-0.1308221952207371,-0.1113871635610764,-0.1318770226537216,-0.1186858316221766,-0.1139554087530965,-0.1675717610550814,-0.0933671313899451,-0.0645161290322581,0.0117868929750117,0.0960163432073546,0.1159646385855435,0.2376009227220301,0.1217982226868794,0.1482075976457999,0.1519055287171229,0.1300684570826753,0.2062956717256887,0.1720371381758603,0.3668789808917199,0.3429286608260324,0.2557050906963136,0.2873425314937012,0.0535100638193422,0.1746031746031746,0.3437695679398873,0.3263288009888752,0.3479899497487437,0.2645845609899824,0.4344919786096257,0.3971354166666667,0.4373744139316813,0.4519621109607579,0.7031746031746033,0.794314381270903,0.8326216908625106,0.691095350669819
OCQE-L,20.0,0.1009901016033364,1.1359340099818228e-06,0.1232507640644563,0.0002014002855839,0.19868384147036,0.201393950996046,-27.945500000000003,-0.9076339890142708,-0.0616056847119642,2.115644769944787e-06,0.0002966018220091,1.0,0.8494486853265479,0.1032005422246385,1.4178199148751065e-07,-0.0266659480380672,1.3523229729519508e-10,-0.1905737704918033,-0.0032897268722751,7.486463152775037e-07,0.0976530272977008,2.0,0.1630375435059861,0.3929068150208621,-0.1205316705240713,1.120531670524071,0.1205316705240713,0.0173294141990721,0.0287504997440606,0.1205316705240713,0.0005068592647447,-0.0148311770274535,0.0325839035516455,0.0031655587211143,0.008272351256761,0.0695241309483631,0.0288961038961039,0.0420914172969417,0.0073108709472347,0.0549267643142477,0.052474261042843,0.0472571050892267,0.0305691056910568,0.0673627484001346,0.1127106741573034,0.0727826675693974,0.0680822379507919,0.0756958587915819,0.1378815080789945,8.320588235294117,8.691131498470948,8.632218844984802,8.691131498470948,8.811145510835914,9.356209150326798,9.77891156462585,8.872274143302182,8.872274143302182,8.965408805031446,8.348082595870206,9.45874587458746,9.424342105263158,8.750769230769231,8.632218844984802,9.39016393442623,10.158450704225354,9.77891156462585,10.650735294117649,10.158450704225354,11.476377952755906,10.868913857677905,9.67003367003367,11.575396825396826,10.481884057971016,9.22258064516129,9.424342105263158,9.028481012658228,10.003472222222223,10.003472222222223,9.890034364261169
OCRX-L^E21,21.0,0.1294297343165672,8.907514851495143e-09,0.0009664804484371,0.7823331064949663,-3.89505239648018,0.0372004069290412,-9.467999999999996,0.2247160450159824,-9.488680778003404,-0.0053627189123104,993.4225924513916,1.0,0.112769333582489,0.143981306731374,-6.333008018381934e-09,0.051970669149694,5.231042899392965e-13,0.0471830985915493,0.1085024706006037,1.617242962810572e-09,0.055482279868469,3.0,10.044371914129664,1.1390902346711405,-4.822130798186031,-2.468540651709658,-1.632815634266644,-0.150048895743424,-0.1772916817240523,-0.0258922068463219,1.6536866802719628,0.0048299249820162,-0.2348038059290713,-0.2307509881422924,12.239455782312929,12.239455782312929,12.239455782312929,12.239455782312929,12.239455782312929,12.239455782312929,12.239455782312929,12.239455782312929,12.239455782312929,12.239455782312929,12.239455782312929,12.239455782312929,12.239455782312929,12.239455782312929,12.239455782312929,12.239455782312929,12.239455782312929,12.239455782312929,12.239455782312929,12.239455782312929,12.239455782312929,12.628851540616248,11.224874371859295,10.40797186400938,17.931906614785994,15.11092715231788,15.549319727891156,17.713461538461537,20.33991228070176,21.065759637188208,40.40851063829787,32.5551724137931,23.573232323232325,19.272916666666667,20.76957494407159,18.462,16.132042253521128,14.90032679738562,13.69939577039275,14.544728434504794,15.327181208053693,18.080392156862747,21.42165898617512,22.5048309178744,26.18156424581005,23.823979591836736
ODFG-L,19.0,-0.0357239347304138,5.309187113398838e-07,0.0576055794207661,0.1225682348027891,0.0719008920378923,1.296689446345044,-0.1161,0.4433578243198273,-0.0078144617081896,-0.0036702672668233,0.0066510141879738,1.0,0.1281883910864031,0.0459909093289507,1.7136321276901812e-08,-0.0335183243627601,1.2072975536896567e-10,0.0930907979211249,0.0295749626601281,6.510261934991588e-07,-0.0935418839219818,4.0,0.0359621341132015,0.0931808337602034,0.0396250399079092,-0.0362980640211567,0.0136521008943797,0.0025595043148782,0.0057870109072738,0.052013579190081,2.069767799013688,-0.1002824858757062,-0.001410437235543,-0.0386965376782078,-0.0572569906790945,-0.1204968944099379,-0.0805194805194805,-0.1183063511830634,-0.19131924614506,-0.2035995500562429,-0.1232198142414859,-0.0957854406130268,-0.1328842620943048,-0.0888030888030887,-0.1890034364261168,-0.1738623103850641,-0.1009523809523809,-0.0097902097902098,0.1211401425178146,0.0646616541353382,0.195945945945946,0.1512195121951218,0.0883935434281322,0.0784463061690783,0.1220285261489699,0.1616078753076293,0.0063965884861407,0.0366032210834552,0.0396475770925111,0.0543559195830232,0.3002754820936639,0.4259818731117826,0.2802893309222423,0.1999999999999999,0.4643226473629782,0.3511450381679388,0.2061328790459966,0.0858895705521474,-0.0268041237113402,-0.1581450653983352,-0.1990950226244343,-0.2155124653739613,-0.1312883435582822,-0.1386861313868613,-0.1857389304197815,-0.1444108761329305,-0.1556350626118068,-0.113892365456821,-0.1412977562158883,-0.1757857974388824
ODLG-L^E23,16.0,-0.0268016280994604,1.0804905733800517e-07,0.0117235057286175,0.0964526906996423,0.3338979591906664,1.5016095077045009,105.601,-0.0350708685238112,0.024538886999646,0.0014747870595582,-0.0201886854203968,1.0,0.0770082561016783,-0.2093227098634164,1.0342269605267038e-07,-0.0854615362317205,6.810714976270981e-07,-0.0073637476448669,-0.0431616821634102,3.948500831133572e-07,0.0438770645971736,2.0,6.580240889217077,0.3085434978115108,0.1771555902653372,0.4544011591899741,0.1606061883401991,0.047318212530846,0.2239063197609865,0.3544579216222397,0.4518826420924743,-0.0179282868525897,0.1417740712661108,0.1374622356495467,0.1738113795791114,0.1496183206106871,0.083453237410072,0.1155555555555556,0.2009569377990432,0.1417740712661108,0.0472878998609178,0.0350515463917524,0.0842332613390928,0.1647331786542925,0.0336307481125601,0.1426403641881639,0.1540229885057471,0.3222124670763828,0.3983286908077996,0.4194156456173423,0.2655462184873949,0.1839622641509433,0.1593533487297922,0.1620370370370369,0.1032967032967033,0.1073529411764706,0.2145161290322581,0.2076984763432237,0.3351063829787235,0.3398576512455515,0.5075075075075075,0.5835962145110412,0.4985074626865671,0.7231121281464532,0.6997742663656887,0.9135959339263025,0.7532013969732247,0.6789297658862876,0.5557851239669422,0.5953389830508475,0.4793713163064834,0.5541795665634677,0.4180790960451979,0.3050259965337956,0.1719844357976654,0.2466887417218544,0.282793867120954,0.381651376146789,0.6477024070021882,0.282793867120954
ODMQ-L,9.0,0.1217438471961007,-4.488613179541566e-08,-0.0048702213254195,0.0172528799555581,0.1160523440895098,0.8995491016238556,-39.4269,0.2555332739498646,-0.0835286730669531,0.009237712249219,0.4180120058335139,1.0,0.0860178849859605,0.1619770238354181,2.5961483629806284e-08,0.0105463646156904,3.4012053936138465e-08,0.053653719552337,0.2162441623336126,7.278216788986394e-07,0.124144313075361,3.0,1.887215449600374,-0.2526950124837749,-0.0476710761413973,0.2365310095332178,0.5864698402146508,-0.0162757721606514,0.6847355563079817,0.3862409595522868,7.637785077222251,-0.0966559780119101,-0.0525173611111111,-0.2549488054607509,-0.2050254916241807,-0.1385161799526441,-0.0919301164725457,-0.0907955018742192,0.0882352941176469,0.2161559888579387,0.2932464454976302,0.2148024485253199,0.3048416019127316,0.2531572904707231,0.1736559139784943,0.3319097010372176,0.3174411587205792,0.2618497109826587,0.4621567314132617,0.4476127320954906,0.4759972954699121,0.3542183622828783,0.3111111111111111,0.2467161621930322,0.2467161621930322,0.4166125892277741,0.4553333333333331,0.5233775296580598,0.6638719512195121,0.740829346092504,0.5716342692584591,0.7229676400947118,0.6948757763975153,0.8966116420503909,0.9233480176211452,1.2481977342945414,1.2184959349593494,1.1030828516377644,1.337259100642398,1.458333333333333,1.5652173913043477,1.3831877729257638,0.9863512283894448,1.1132623426911907,1.053621825023518,1.36,1.3125,1.4694570135746603,1.3651137594799565,1.4473094170403584
ODNL-L,17.0,-0.2759429153924566,2.3647302672603582e-06,0.2565772392454815,0.8373849571564582,-2.9836937864744244,0.0330214542591538,-0.5549999999999997,0.8087499451715716,-1.8142417802007813,0.0018858307849133,0.000823723228995,1.0,0.3195592286501377,-0.3101755178057452,-1.135965629217901e-06,-0.0008671830347464,6.536052874178034e-15,0.169811320754717,0.0039755351681957,3.836423234866474e-07,0.0431351920042082,3.0,0.0043597317847966,0.368999299069229,0.1134276999332762,-0.0033333333333333,-0.1185785616493515,-0.1210994341147938,-0.140842421963144,-0.0033333333333333,1.6536866802719628,-0.1250000000000001,-0.0666666666666665,-0.1249999999999998,-0.3170731707317072,-0.3170731707317072,-0.3170731707317072,-0.1999999999999998,-0.096774193548387,-0.3488372093023255,-0.4285714285714285,-0.5447154471544715,27.000000000000004,27.000000000000004,27.000000000000004,27.000000000000004,27.000000000000004,27.000000000000004,27.000000000000004,27.000000000000004,27.000000000000004,27.000000000000004,27.000000000000004,17.666666666666668,17.666666666666668,17.666666666666668,17.666666666666668,17.666666666666668,17.666666666666668,17.666666666666668,17.666666666666668,17.666666666666668,17.666666666666668,17.666666666666668,17.666666666666668,17.666666666666668,17.666666666666668,17.666666666666668,13.000000000000002,13.000000000000002,10.2,10.2,10.2,8.333333333333334,13.000000000000002,13.000000000000002,17.666666666666668,17.666666666666668,13.000000000000002,13.000000000000002
OENS-L,20.0,0.1663692377856346,9.333181456494202e-08,0.0101266599604983,0.2891425658367525,1.8110936281805936,1.0289576027179197,1.2392000000000003,0.1417451954169753,0.0132067036517483,0.0010623386548846,0.0059471556118273,1.0,0.5533200163654305,0.1903057690553659,1.9361186688624297e-08,0.0249981139328272,8.393677378954445e-11,0.0297619047619047,0.0213456133974524,1.2581758409989532e-08,0.0151108318098719,4.0,0.3970559791771605,-0.0582619760739307,0.0112274261443164,0.0292038763716037,0.046757140678238,0.0531121758373976,0.0610919443648118,0.0755935822539567,0.4692825162926207,-0.0276532137518685,0.1387234042553191,0.1957104557640752,0.2032374100719425,0.3353293413173654,0.1426131511528607,0.131979695431472,-0.7435307648073606,-0.7356253704801423,-0.73713163064833,-0.7851982661743457,-0.7653866386112572,-0.756683033278778,-0.7775561097256858,-0.7845063617329683,-0.7917185554171855,-0.7847836577127232,-0.7186119873817034,-0.7290400972053463,-0.6974903911372372,-0.6528282304099636,-0.6643251379829402,-0.6345260857689156,-0.6161790017211703,-0.5865265760197775,-0.6902777777777778,-0.7277721261444557,-0.6867977528089888,-0.6836879432624113,-0.6814285714285714,-0.6265699134803238,-0.5935601458080194,-0.5452073419442556,-0.5173160173160173,-0.3845446182152713,-0.403477485510477,-0.3573487031700287,-0.0219298245614034,0.0,0.0602218700475436,0.0428682774746687,0.055205047318612,0.0477682067345341,0.0380139643134211,0.0461297888975764,0.0477682067345341,-0.0564174894217206,0.5016835016835017,0.4371643394199784
OEPU-L,18.0,0.1686553303537961,6.468383295647103e-07,0.0701830543363191,0.0135255489945875,0.1489571695862301,1.0436876401410402,-5.960900000000002,0.0047154837287226,-0.0229544005514997,-0.0001656069145951,0.222257152421194,1.0,0.0700452785159403,0.0158784384680551,4.672736552707556e-08,0.0597477584406792,3.5542065962714294e-08,0.0009900990099008,0.1671390337578583,8.723192835130035e-07,0.3153360091880794,4.0,0.5508762320585551,-0.1842654198666148,-0.0443368887040754,-0.1830770196554755,-0.063742303413178,0.0097507568835063,0.022710702847021,0.0362988922565765,0.4847835447084971,-0.0890609874152952,-0.0189933523266856,0.054081632653061,0.1326754385964912,0.1326754385964912,-0.0309568480300187,-0.114065180102916,-0.0408542246982357,-0.0600545950864422,-0.0505514705882353,-0.054029304029304,-0.1872541306058222,-0.1782020684168656,-0.2066052227342549,-0.1840442338072669,-0.1891679748822605,-0.1434494195688226,-0.161525974025974,-0.1729383506805444,-0.1676067687348912,-0.1992248062015503,-0.2059953881629516,-0.2244744744744744,-0.2415565345080763,-0.2090352220520673,-0.2244744744744744,-0.2552271088680605,-0.1948558067030397,-0.2035466461063994,-0.106401384083045,-0.0208530805687204,-0.0300469483568075,-0.095446584938704,-0.0825932504440497,-0.0727109515260323,-0.1808088818398096,-0.1859732072498029,-0.1087144089732528,0.091966173361522,0.0455465587044534,0.0508646998982706,0.0361083249749247,-0.066847335140018,-0.10251954821894,-0.0444033302497687,-0.0019323671497584,0.0530071355759429,0.117965367965368,0.0942796610169491
OEZX-L^L20,21.0,-0.0306127856023536,1.9690324605759016e-06,0.2136433570094269,0.1008674698949235,-0.0393529105199902,0.2515785371889098,-1.909,-0.8211445803466151,-0.1248168237280913,0.0026299292580946,-0.1750709523445411,1.0,0.0358619355584466,-0.2188830957556038,-4.904505392913565e-07,-0.007351571331106,3.553490118496891e-11,-0.1724137931034483,0.0127279031868718,7.426977075072271e-06,0.0444603905730016,3.0,0.0083642345652084,0.0828591467842261,-0.1074542245685751,-0.1683877485801445,-0.1425627057473135,-0.0214762720144549,-0.1146912193084696,-0.2241895829325625,1.6536866802719628,0.0,0.0,-0.111111111111111,0.3333333333333335,0.3333333333333335,0.3333333333333335,0.1428571428571428,0.0,0.0,0.0,0.1428571428571428,0.0,0.0,-0.111111111111111,-0.2727272727272727,-0.2727272727272727,-0.4285714285714286,-0.4285714285714286,-0.3846153846153846,-0.3846153846153846,-0.4666666666666667,-0.4666666666666667,-0.5555555555555556,-0.5555555555555556,-0.5555555555555556,-0.5555555555555556,-0.6000000000000001,-0.6000000000000001,-0.6000000000000001,-0.5,-0.5294117647058824,-0.5555555555555556,-0.5294117647058824,0.0,0.0,-0.4285714285714286,-0.5555555555555556,-0.5789473684210527,-0.5789473684210527,-0.6000000000000001,-0.6666666666666666,-0.7037037037037037,-0.6799999999999999,-0.6190476190476191,-0.6799999999999999,-0.5555555555555556,-0.6190476190476191,-0.7037037037037037,-0.7037037037037037
OFAN-L,18.0,0.0475718728300776,4.453511569977804e-07,0.048321354845115,0.0828978821150681,0.1024996986476954,0.1689549540018646,23.974999999999994,0.0853044774643225,0.0123778684782925,-1.383978733741468e-05,0.2324671516578172,1.0,0.0422212577659018,-0.0211629479611845,7.143476949622238e-08,-0.0185845630579945,4.2792346596797016e-08,0.0179111801750225,0.0482433039158324,1.2350030313455157e-06,0.0747878359812554,3.0,3.394147324079666,0.0478845818742154,0.0247563357604561,-0.2454915118797892,-0.072770365304688,0.0073942146808288,0.0269288905181505,0.0372064061378145,0.5874032881566957,0.0086956521739129,0.0747663551401869,0.078125,0.078125,0.0747663551401869,0.1022364217252396,0.1165048543689322,-0.0142857142857142,0.0550458715596331,0.0582822085889571,0.002906976744186,-0.0521978021978022,-0.0725806451612903,-0.1085271317829457,-0.0521978021978022,-0.0775401069518716,-0.0363128491620111,0.0176991150442478,-0.0308988764044944,0.0087719298245614,0.0117302052785923,0.0486322188449848,0.1423841059602648,0.0207100591715976,0.1655405405405405,-0.1920374707259952,-0.1920374707259952,-0.1746411483253587,-0.2087155963302752,-0.23841059602649,-0.1309823677581864,-0.1785714285714286,-0.2068965517241378,-0.1221374045801526,-0.1198979591836734,-0.0308988764044944,0.0207100591715976,-0.0086206896551723,0.032934131736527,0.0917721518987342,0.0952380952380953,0.1237785016286645,0.0747663551401869,0.002906976744186,0.0360360360360361,0.0454545454545456,0.0615384615384615,0.0815047021943573,0.0176991150442478
OFJB-L,18.0,-0.0817264541746781,6.51691114012035e-08,0.0070709589668228,0.0517849351598425,0.1387466326948104,0.6197938421160011,9.6727,-0.1518673581333535,-0.0933110320444608,0.0007634703390749,0.0089961451355404,1.0,0.7371708561395398,-0.2264201119842041,-1.739408134193679e-08,-0.0677260572501342,1.4250928069867798e-09,-0.0318872314219241,0.0147280941389488,6.337662069593048e-07,-0.0637183960576078,4.0,0.2748362639573662,0.3208505651469614,0.0389165681464796,-0.7173924693800299,-0.1373362979623018,0.0422892398770609,0.4503005546663508,-0.1096446914159179,1.6536866802719628,-0.03,0.2048192771084338,-0.2307692307692308,-0.0990990990990992,0.2820512820512819,0.6949152542372883,0.8518518518518516,0.7857142857142856,0.7543859649122808,0.639344262295082,0.3888888888888888,0.4705882352941175,0.6129032258064517,0.5384615384615383,0.4492753623188408,0.4285714285714286,0.7857142857142856,1.127659574468085,0.4084507042253522,0.4285714285714286,1.4390243902439024,2.4482758620689657,2.846153846153846,2.846153846153846,3.166666666666667,2.7037037037037037,2.7037037037037037,2.846153846153846,3.0,3.761904761904762,4.0,3.761904761904762,3.761904761904762,4.0,4.2631578947368425,4.0,4.2631578947368425,4.2631578947368425,4.555555555555555,4.2631578947368425,4.0,4.2631578947368425,3.761904761904762,3.545454545454546,4.2631578947368425,4.88235294117647,4.88235294117647,4.88235294117647,4.555555555555555
OFQA-L^A23,23.0,0.1111913223752406,8.018640220347523e-07,0.0870036045431572,0.37335709883227,0.1316738334980369,1.0215393189008672,0.1325,0.308031350040471,0.02245228837354,-0.0014472732057101,0.1617134015384986,1.0,0.3355803048065651,-0.0902836631935789,3.844974897415652e-09,0.0811889000920607,1.2378942341032787e-11,0.0646766169154228,0.1481378646527469,5.170941954895849e-07,0.6924349201783402,3.0,0.0127963719573401,-0.4711314099193792,0.0867351245534017,-10.531436878302197,0.0406232684045306,0.0075259179083021,0.0124919293714734,0.3250848608282416,-2.6931468793000533,0.0,-0.142857142857143,-0.142857142857143,-0.142857142857143,-0.142857142857143,-0.142857142857143,-0.25,-0.142857142857143,0.0,0.0,0.0,0.0,0.0,0.0,0.0,0.0,-0.142857142857143,-0.142857142857143,0.0,-0.25,-0.25,-0.25,0.0,0.0,0.1999999999999999,0.1999999999999999,0.0,0.0,0.1999999999999999,0.5,0.5,0.5,1.0,1.0,1.0,1.0,1.0,1.0,0.5,0.5,0.5,0.5,0.0,0.5,0.5,0.5,1.0,0.1999999999999999,0.1999999999999999
OFQD-L,19.0,0.1635093167701863,1.334370618740044e-06,0.1447814722155414,0.3105430528375734,0.448859227068136,3.224376558040164,0.359,-0.4762638566010369,0.0444131874019572,7.76397515527951e-05,-0.0071826654092173,1.0,0.4837310195227766,0.3968,3.73868331436214e-07,0.0811024187181511,1.950355735800988e-12,-0.1,-0.0781055900621117,9.56222518996302e-07,-0.0564102564102563,3.0,0.0009197082723832,-0.1302373294294904,-0.0485997907297041,0.3620320885368364,0.3518938054833765,0.0410782266977772,0.0691544345668803,0.0818264330098442,-0.0283952741502135,-0.111111111111111,0.0,0.0588235294117645,0.0909090909090908,0.0909090909090908,0.0588235294117645,0.161290322580645,0.3090909090909088,0.5,0.4399999999999999,0.2857142857142856,0.2857142857142856,0.2413793103448276,0.0285714285714286,0.125,0.161290322580645,0.2413793103448276,0.2413793103448276,0.2203389830508475,0.1999999999999999,0.2857142857142856,0.161290322580645,0.161290322580645,0.161290322580645,0.161290322580645,0.180327868852459,0.125,0.0140845070422535,0.2203389830508475,0.5,0.3846153846153846,0.3090909090909088,0.4117647058823528,0.7142857142857142,1.0,0.7142857142857142,0.5652173913043477,0.7560975609756098,0.5652173913043477,0.6363636363636362,0.7142857142857142,0.5652173913043477,17.0,23.0,17.0,17.0,23.0,23.0,17.0
OFTJ-L,21.0,0.1982389338410281,2.2976568330021334e-07,0.0249299658023236,0.0193774660236738,0.2443156486847971,4.057666227936893,-9.45,1.269395147683387,0.0005943066760184,-0.0032821124869461,0.0727635186994054,1.0,0.2259933774834437,0.5283873214907697,4.314651846840834e-08,0.1407383349572331,4.7466998953779973e-08,0.266531908749639,0.2283436458829128,2.975224732251168e-07,0.0269293330923551,5.0,0.536937540762621,-0.2659222206566153,0.0342712546728567,-0.0040943407160649,-0.0352543111346432,0.0014895729890764,0.0034184138559708,0.2566541900603037,0.393352656957894,-0.5512416239653134,-0.1038502296008476,-0.1296740994854202,-0.1773670557717249,-0.1540513504501499,-0.1709150326797386,-0.2314450166616176,-0.1385398981324278,-0.2709770114942528,-0.292329149232915,-0.3018712162905889,-0.2443782576321668,-0.1578423236514522,-0.0898654708520179,-0.1427606014529481,-0.1068473860235873,-0.1342774270602286,-0.1129370629370629,-0.2023266781952523,-0.1281786941580756,-0.1510791366906475,-0.0779574777394148,-0.0366432504271881,0.0221595487510073,0.0431743421052632,-0.0469571750563485,0.0188755020080322,0.1122314774221833,0.1176211453744493,0.2223560587810167,0.4605641911341394,0.4090530408219941,0.5385081867798669,0.6367741935483873,0.6394184168012924,0.4702984642132717,0.5292344786015672,0.5469512195121953,0.8186379928315415,0.700402144772118,0.4849282996780801,0.303365014127922,0.3352631578947369,0.3639784946236559,0.3610515021459228,0.5856250000000001,0.7803508771929826,0.96972049689441,1.130142737195634
OFUW-L^A21,18.0,-0.0920080591000671,8.530770082239573e-07,0.0925603002863747,0.1963407661520869,-0.8411764705882353,1.0227133377128423,-0.613,0.4233456503120329,-0.2144642973582355,-0.0038616521155137,0.0121726891836673,1.0,0.4133771929824561,-0.1923226056611089,-2.142931082828544e-07,-0.0248152059134107,5.551707108660605e-13,0.0888888888888889,0.0297179314976493,2.543258867532777e-07,0.5563909774436089,3.0,0.002746017746463,0.1531798245614036,0.0764831364230805,0.0837254640240842,-0.4839473886281067,-0.0358772954038849,-0.0473920358945597,0.0066975158304919,1.6536866802719628,-0.2,0.0,-0.1666666666666666,-0.1666666666666666,-0.1666666666666666,-0.2857142857142857,-0.375,-0.1666666666666666,-0.1666666666666666,-0.1666666666666666,-0.2857142857142857,-0.2857142857142857,-0.375,-0.375,-0.4444444444444444,-0.5,-0.5,-0.5,-0.375,-0.2857142857142857,-0.2857142857142857,-0.1666666666666666,-0.1666666666666666,-0.1666666666666666,-0.2857142857142857,-0.2857142857142857,-0.1666666666666666,-0.1666666666666666,-0.1666666666666666,-0.1666666666666666,-0.375,-0.375,-0.375,-0.2857142857142857,-0.2857142857142857,-0.375,-0.375,-0.5,-0.4444444444444444,-0.4444444444444444,-0.5454545454545454,-0.5454545454545454,-0.5833333333333333,-0.5454545454545454,-0.5,-0.6153846153846154,-0.2857142857142857,-0.5833333333333333,-0.6153846153846154
OFVF-L,21.0,0.389636075949367,1.8502224319544121e-07,0.020075226767022,0.1064617136350697,0.1089873932492883,4.158465618860122,-0.0344999999999999,0.8211445803466149,-0.0361867296733531,0.0190032269630692,-0.0058846249859693,1.0,0.3385826771653543,0.2627921667719521,4.442755214297737e-09,-0.0450256580036417,6.293516848329181e-13,0.1724137931034483,0.0158227848101265,1.4013190405097444e-07,0.6021164021164022,5.0,0.0030376040810891,0.2015555982331472,-0.03589246513631,-0.0340502996444289,-0.0846906400414191,0.0059604904632152,0.0089376915219611,0.0647151324543365,-0.3445180583899922,-0.1249999999999998,0.0,-0.2727272727272727,-0.3846153846153846,-0.4285714285714286,-0.6363636363636364,-0.6923076923076923,-0.6666666666666666,-0.6666666666666666,-0.4666666666666667,-0.5,-0.3333333333333332,-0.3846153846153846,-0.4285714285714286,-0.2727272727272727,-0.2,-0.3846153846153846,-0.2727272727272727,-0.4285714285714286,-0.5555555555555556,-0.2,-0.2,0.3333333333333335,1.0,1.0,1.0,0.5999999999999999,1.0,0.5999999999999999,0.3333333333333335,0.3333333333333335,1.0,1.0,0.5999999999999999,0.5999999999999999,0.3333333333333335,0.3333333333333335,0.0,0.1428571428571428,0.0,0.0,-0.111111111111111,-0.111111111111111,0.0,-0.2727272727272727,-0.2,-0.2727272727272727,-0.2727272727272727,-0.111111111111111
OFVT-L^L19,17.0,0.0244036553114606,7.949714794028332e-07,0.0862557519933911,0.0551993861234188,0.4963235294117646,1.665393056986337,0.0954999999999999,0.336186251718379,0.002574376521212,0.0004362194315928,0.0038810972920525,1.0,0.1625744047619047,0.034216474133601,6.437758474615308e-08,0.0131153478024678,1.5652386565961957e-11,0.0705882352941177,0.0136419575292608,1.490481038144631e-07,-0.0249408050513023,2.0,0.0116518118061294,0.1506385483297795,0.0140627408114035,-0.4631719192336138,0.002782022069987,0.0162947626715742,0.0193498452012383,-0.0080224175724841,0.5615592699874056,-0.1711711711711712,-0.075,-0.186217008797654,-0.2048710601719198,-0.0512820512820512,-0.0826446280991736,-0.1048387096774193,-0.0826446280991736,0.083984375,0.0776699029126213,0.0183486238532109,0.1372950819672131,0.1372950819672131,0.1808510638297871,0.1099999999999998,0.1372950819672131,0.1372950819672131,0.1610878661087864,0.3470873786407766,0.3602941176470586,0.3944723618090451,0.4050632911392404,0.4682539682539683,0.0373831775700934,0.0882352941176471,0.1758474576271187,0.0315985130111524,0.0315985130111524,0.0127737226277371,0.0432330827067668,0.0183486238532109,0.009090909090909,0.0277777777777776,0.0,-0.0263157894736842,-0.0397923875432526,0.0471698113207548,0.0571428571428571,0.0673076923076922,0.0673076923076922,0.0432330827067668,0.0239852398523985,0.0315985130111524,0.0714285714285714,0.1033797216699801,0.1684210526315788,0.1280487804878047,0.1514522821576762,0.0925196850393701
OFVX-L,21.0,0.009283225485316,3.330374707119047e-07,0.0361351296524638,0.2810534692096414,0.5458496676325209,1.254116863821515,-0.3155,0.2801552097653159,0.0153238190350112,0.0043929820755484,0.0105329440723567,1.0,0.952724358974359,0.098003297307199,4.474947929785921e-08,-0.0281421475728634,8.140343761296878e-12,0.0588235294117647,-0.0067695370831259,1.1760212053867497e-07,-0.1786573535118354,4.0,0.0253008993440768,1.0394582981121443,0.092405879043795,0.3641612629607826,-0.0299822631030148,0.0112075555445959,0.0151651651651651,0.0857828845824043,0.2283212799183539,0.0285714285714286,-0.0277777777777777,-0.0789473684210526,-0.0666666666666667,-0.0410958904109589,-0.0909090909090909,-0.0410958904109589,-0.1139240506329114,0.0,0.0769230769230768,0.0769230769230768,0.2068965517241379,0.09375,0.09375,0.1864406779661016,0.2068965517241379,0.1864406779661016,0.1666666666666667,0.320754716981132,0.4285714285714286,0.5217391304347825,0.3999999999999999,0.5217391304347825,0.4285714285714286,0.4583333333333332,0.4583333333333332,0.4893617021276595,0.5217391304347825,0.6666666666666665,0.627906976744186,0.5555555555555554,0.5909090909090908,0.5217391304347825,0.5217391304347825,0.627906976744186,0.5555555555555554,0.5555555555555554,0.6666666666666665,0.7073170731707317,0.7073170731707317,0.6666666666666665,0.627906976744186,0.5555555555555554,0.6666666666666665,0.7073170731707317,0.9444444444444444,1.0,1.1875,1.592592592592592
OFWA-L,14.0,0.1995215097704137,7.265281980219484e-07,0.0788295400381671,0.0269889918212923,0.1399046775486102,0.4963583093337046,0.3799999999999999,0.6803769380014815,-0.0967904090123868,0.0005818311842695,-0.0084506169231198,1.0,0.4627357078718946,0.2400566435732654,5.2879478518514686e-08,0.1639111236021817,1.135074610889688e-10,0.142857142857143,0.015062040270451,4.361779168930218e-07,0.1375828337014829,3.0,0.0975962657490805,0.6748751184173503,0.0946037523734378,-0.168734637393646,-0.1744649818847786,0.0115914184278443,0.0192172277818278,0.1441513816967526,0.4006289315302581,-0.0289855072463767,0.0147058823529411,0.0147058823529411,-0.2500000000000001,-0.2736842105263158,-0.28125,-0.2159090909090909,-0.1481481481481482,0.0147058823529411,0.0147058823529411,0.0,0.0298507462686565,0.1694915254237288,0.1499999999999999,0.2545454545454544,0.3018867924528301,0.3269230769230768,0.3269230769230768,0.2777777777777777,0.4375,0.4081632653061224,0.4680851063829787,0.4081632653061224,0.4680851063829787,0.5681818181818181,0.4999999999999998,0.4375,0.4375,0.4999999999999998,0.5333333333333332,0.4680851063829787,0.5333333333333332,0.3018867924528301,0.4375,0.3799999999999999,0.6046511627906976,0.3799999999999999,0.2777777777777777,0.1896551724137931,0.2321428571428569,0.1896551724137931,0.6428571428571428,0.7249999999999999,0.6046511627906976,0.8648648648648647,0.8157894736842104,1.0294117647058822,0.9166666666666664,1.15625
OFWB-L,19.0,0.0558223047127179,2.5994216278261217e-07,0.0282041649373953,0.2894430113690647,0.5995981979788142,1.0959845131821242,-0.1709999999999998,-0.0865934284729158,-0.0071556303419688,0.0015712619020736,0.0749667961645854,1.0,0.2413907284768212,0.0455918947742624,6.179840453063887e-08,-0.0013738555292779,9.195423506610807e-12,-0.0181818181818182,0.0324806326662362,1.2549693876797596e-07,0.0776625347837085,2.0,0.0381749760867828,0.0323259352067298,-0.0843431739074385,0.0843431739074385,0.0843431739074385,0.0571419099608813,0.0771721935349073,0.0843431739074385,0.3584860054123108,-0.0112107623318384,-0.12890625,-0.2147887323943661,-0.0953346855983772,-0.0550847457627118,-0.0708333333333333,-0.0610526315789473,-0.0823045267489712,0.0904645476772616,0.056872037914692,-0.0154525386313466,-0.0649895178197064,-0.0590717299578059,0.0904645476772616,0.1066997518610421,0.112219451371571,0.0372093023255815,0.2890173410404624,0.3117647058823529,0.4158730158730159,0.3040935672514619,0.3433734939759036,0.3433734939759036,0.2054054054054053,0.1736842105263158,0.0420560747663549,-0.0262008733624454,-0.0408602150537634,-0.089795918367347,-0.0934959349593496,-0.1504761904761904,-0.181651376146789,-0.1920289855072463,-0.2504201680672269,-0.2202797202797202,-0.2783171521035599,-0.2566666666666667,-0.1663551401869158,-0.1339805825242719,-0.12890625,-0.1553030303030304,-0.1584905660377358,-0.1455938697318007,-0.1890909090909091,-0.1963963963963964,-0.2007168458781362,-0.1339805825242719,-0.0470085470085469,-0.0804123711340205
OFWD-L^A21,18.0,0.1995392390011889,4.509894933959516e-06,0.4893312389421513,0.2066233238520926,-0.0573065902578796,4.358630627211939,-0.076,1.5875461886701223,-0.0025220749458275,0.0248587990487514,-0.0002673965722999,1.0,1.0,-0.0277641998240296,-1.2878935759120184e-07,-0.0228401527181808,1.2121534499869476e-11,0.3333333333333335,-0.0923751486325802,2.8097847170249533e-06,0.9200495816547876,0.0,0.0006199842810561,-0.0454545454545453,-0.6028614098422741,0.9327636745417234,0.4431911086844904,-0.0036723315284404,-0.0068878833584715,0.0437167328632026,1.6536866802719628,0.0,0.0,0.25,-0.1666666666666666,-0.1666666666666666,-0.1666666666666666,-0.1666666666666666,-0.1666666666666666,-0.1666666666666666,-0.1666666666666666,-0.1666666666666666,-0.1666666666666666,-0.1666666666666666,-0.1666666666666666,-0.1666666666666666,-0.375,-0.375,-0.375,-0.375,-0.375,-0.375,-0.4444444444444444,1.5,1.5,1.5,0.25,0.25,0.25,0.25,0.0,-0.1666666666666666,0.0,-0.2857142857142857,-0.4444444444444444,-0.5,-0.4444444444444444,-0.5,-0.5,-0.375,-0.2857142857142857,-0.1666666666666666,0.0,0.6666666666666667,1.5,1.5,1.5,4.0,4.0,1.5
OGAS-L^I20,8.0,0.1140472878998609,9.413854724460468e-07,0.1021419182264039,0.1767607563716086,0.0219352475156843,3.56998290789982,0.418,-0.3217999031088088,0.016860891517331,0.0045905667086929,-0.0059324683799168,1.0,0.3067484662576687,0.0254742547425475,-1.2040976973147113e-08,-0.0186777920410783,4.908417872638418e-11,-0.0675675675675676,0.0087180704908578,2.330575873645498e-06,0.1563148020144169,3.0,0.0028253090457962,0.0671592507872094,-0.0015711130768245,0.0626316615107511,0.0127079865765552,0.0108592011865663,0.0342809364548494,-0.030893518345364,1.6536866802719628,0.0,0.0,0.0,0.0,0.0,-0.5,-0.5,-0.5,-0.5,-0.5,-0.5,-0.5,-0.5,-0.5,0.0,0.0,0.0,-0.5,0.0,0.0,-0.5,-0.5,-0.5,-0.5,-0.5,-0.5,-0.5,-0.5,-0.5,-0.5,-0.5,-0.5,-0.5,-0.5,0.0,-0.5,0.0,-0.5,-0.6666666666666666,-0.5,-0.5,-0.5,0.0,-0.5,-0.5,-0.5,-0.75,-0.6666666666666666,-0.75
OHEK-L,20.0,0.0496066067063611,7.40223655146671e-07,0.080315520332798,0.1653534554725881,0.6045553538752358,0.486971307178358,-32.4352,0.0583788445783163,-0.0798853452664335,0.0017754213519938,-0.0205521509838443,1.0,0.0788597824093825,0.0433805305564717,3.99198320539025e-08,-0.0043581390173215,5.234428433839876e-10,0.0122576684686824,0.025297323661689,1.1671953239784825e-07,0.061204796574136,4.0,0.1682127280319356,0.1339141324837626,0.1100790192873754,-0.0085520446188709,-0.1063568340669698,-0.0250424008037948,-0.0425210805940847,-0.0002607206602612,1.5583451925444771,0.0142245795913447,0.0139958440288472,0.0030227918505532,-0.0136147443519618,-0.000180788236712,0.0063080002426152,0.0154853715265026,0.0120783261148049,0.0532630777044182,0.0708707158071386,0.0929512516469037,0.0684569809376609,0.0840956612650287,0.0700419219606578,0.0565497038782398,0.0247050830708417,0.0248316758292668,0.0411672419203013,0.0961284355179703,0.1293308828534476,0.1670652785593698,0.1614280714035703,0.1706886819079875,0.1634642356241233,0.1606155998600911,0.0795809474232169,0.1356697925936065,0.179259364560381,0.3584704822729878,0.3695723955753673,0.4823981415296641,0.4652477258677028,0.4386923343739162,0.477118945868946,0.5207149404216316,0.5653363524860837,0.6353868900936421,0.6107766990291261,0.5588649816780982,0.5000904159132007,0.7868605277329026,0.7665034071550254,0.7512138484272748,0.698853164038501,0.7307531817233466,0.7207010993569798,0.6609270197216939,0.6165838448796648,0.5770912547528517
OIEH-L,19.0,0.1632969270412925,5.095474918052595e-07,0.0552867659038842,0.0696270697061204,0.0534132575248335,0.4672938290974154,-7.708999999999996,0.3852935034082725,0.0278507137950889,0.0028999299160654,0.3631904147864773,1.0,0.0318737401155244,0.1067552738356449,3.782048401019178e-08,0.0855381568451447,7.66613641283255e-08,0.0808991692458054,0.1072214944454931,1.4026925461547743e-06,0.1851245220837216,4.0,1.4717562706665397,-0.0038078307126703,0.0077089713871476,-0.0289585331866287,0.1028269305246204,0.0051051727609588,0.019161188100751,0.1028269305246204,0.7151433095085639,-0.0437706465313828,-0.1114372575741691,-0.1422788909127705,-0.186408139758111,-0.1982595535376465,-0.1523999999999999,-0.1351020408163264,-0.0959897610921501,-0.0618705035971222,-0.0289838469469584,-0.0457104255798241,-0.0303168973801624,-0.0438804286520022,-0.0590586145648311,-0.0646656367247847,-0.0942509083137421,-0.0264185619113255,-0.0222632368208558,-0.041935119249463,0.0704723415003789,0.1058056099151989,0.1948125176205244,0.3054058216540889,0.3019969278033796,0.4145527369826436,0.2490421455938698,0.2232645403377109,0.2968176254589965,0.2688622754491019,0.3598588159794642,0.4636504921429807,0.4999115200849409,0.4531116063775073,0.4176283659474828,0.5219967678218713,0.5609576427255987,0.6157072054898971,0.6293733179546328,0.6325115562403698,0.7137080469065913,0.7415245531128005,0.8739774485960647,0.7999575281376088,0.95164632742344,0.9780630105017504,0.9734575087310826,0.9752971335353068,1.1116093672147485,1.06984126984127
OIKK-L,19.0,0.0332250775813095,1.0444966865123552e-06,0.1133296595965999,0.1160865501022138,0.0417781663998104,1.6482254749187522,30.905900000000003,0.4955445761383629,0.003977310070598,0.0014934435512219,-0.0048510598501332,1.0,1.5007550687844549,-0.0175594434713336,-2.02491499583137e-09,-0.0054976304518867,5.015345600895878e-07,0.104048327260214,-0.0018968005003638,1.6252858091637764e-06,0.0675518427865103,2.0,0.9695802939615782,0.9339200802083132,-0.1390954403347645,0.9465085856446436,0.1164985366294875,0.0019290892910136,0.0049388266272759,0.970641588693424,1.6536866802719628,-0.2492581602373887,-0.0102790014684286,-0.1403061224489795,-0.0703448275862068,0.0401234567901234,0.0853462157809983,-0.0058997050147492,0.1845342706502635,0.248148148148148,0.0870967741935484,0.0385208012326656,0.036923076923077,-0.0690607734806629,-0.0638888888888888,-0.0014814814814814,0.1742160278745643,0.0870967741935484,0.0597484276729558,-0.0612813370473537,-0.113157894736842,-0.113157894736842,-0.0953020134228187,-0.1957040572792363,-0.230593607305936,-0.1918465227817745,-0.126943005181347,-0.1246753246753247,-0.0288184438040346,0.027439024390244,-0.0288184438040346,0.0906148867313916,0.080128205128205,0.1085526315789473,0.0630914826498423,0.0498442367601246,0.1013071895424837,0.199288256227758,0.1404399323181049,0.0766773162939298,0.0664556962025315,0.1013071895424837,0.0531249999999998,-0.0612813370473537,-0.0174927113702624,0.0465838509316769,0.0243161094224924,0.1196013289036546,0.1308724832214765,0.1308724832214765
OIPC-L,18.0,0.0964687580699668,8.642142692910136e-07,0.0937687119758195,0.0177291387301616,0.0601367393306192,-0.04365829584865,9.353799999999996,0.4738255332726513,0.1007014898839106,0.0005790530487467,-0.0001044764986092,1.0,1.8255602372823725,0.0309630411055694,7.336292286508323e-08,0.0398456772987682,3.4002441305367677e-09,0.0994880309948802,0.0380731912207907,1.839038887774292e-06,0.0857124124785545,2.0,0.6797512551637848,0.0258303676140065,-0.5835527082789507,-24.76816535502804,-0.545181227374554,0.0071886934345729,0.020289850891162,-0.2408051912360869,0.4930599940624501,-0.1007827788649707,0.0487429451000513,0.0261044176706826,0.0482051282051283,-0.0024402147388968,0.1767415083477259,0.1399888455103179,0.0133862171541894,0.018435475834579,-0.0817610062893081,-0.2055965798678585,-0.2438031816500184,-0.1888888888888887,-0.2266363980325387,-0.2198473282442747,-0.1833799440671194,-0.1721344673957067,-0.2207396111322912,-0.2275132275132274,-0.3359324236517219,-0.3220563847429518,-0.3094594594594594,-0.2449205762837089,-0.2523774689100219,-0.1550227366680446,-0.1898533491874752,-0.1875993640699522,-0.1404541631623213,-0.152921674264401,-0.1298424861643251,-0.1511627906976743,-0.1687677917852785,-0.1734735139506671,-0.072595281306715,-0.113232104121475,-0.1174438687392054,-0.0874999999999999,-0.0895322939866368,-0.1155344006923408,-0.0593649332719742,-0.0610932475884243,0.0380904012188927,0.0169154228855721,-0.04037558685446,0.0809095716552088,0.1030760928224501,0.1305309734513275,0.0645833333333334,0.0640291514836022
OIPJ-L^D21,18.0,-0.3599915325994919,2.240714311007622e-07,0.0243121297940776,0.3376992789574651,-0.5095338561363003,1.471397145405336,3.700000000000003,-0.1488324551878239,-0.3054831353932148,0.0019855078396855,-0.0062260102582683,1.0,0.508010680907877,-0.7187352968852923,-5.368268712320368e-07,-0.5519270981231909,2.1352928022962997e-08,-0.03125,-0.0094834885690093,9.091797646002152e-07,-0.0665743092434387,2.0,0.3750435860588779,0.1047492547140477,-0.0025126359046404,0.9475191397346736,0.9475191397346736,0.0294157333693158,0.1828092243186583,-0.0524808602653263,1.6536866802719628,-0.0662650602409637,-0.2420091324200913,-0.3490196078431372,-0.3464566929133859,-0.4410774410774412,-0.4410774410774412,-0.4860681114551084,-0.4372881355932204,-0.4969696969696969,-0.4796238244514107,-0.48125,-0.484472049689441,-0.4275862068965517,-0.3565891472868218,-0.3386454183266931,-0.3252032520325203,-0.3438735177865613,-0.3464566929133859,-0.42560553633218,-0.435374149659864,-0.4195804195804196,-0.3712121212121213,-0.3712121212121213,-0.4275862068965517,-0.4485049833887042,-0.4429530201342282,-0.4645161290322581,-0.4860681114551084,-0.4645161290322581,-0.3565891472868218,-0.4592833876221498,-0.4696485623003195,-0.4939024390243902,-0.5951219512195122,-0.5677083333333333,-0.5808080808080809,-0.5414364640883979,-0.4763406940063092,-0.5257142857142858,-0.5310734463276836,-0.5870646766169154,-0.588089330024814,-0.6028708133971292,-0.5426997245179064,-0.5537634408602151,-0.5620052770448549,-0.5585106382978724,-0.5414364640883979,-0.521613832853026
OIQO-L,16.0,0.0561813149168243,9.283625510395608e-07,0.100728909196305,0.2407772538934133,0.2456414259692948,0.8128338215307106,-3.326,0.1457950581431746,-0.0182204688919466,0.0002603524349804,-0.0220519529059988,1.0,0.5290073055436184,0.0468314507848027,3.671821054908616e-08,-0.0461161166497838,3.442505221113271e-12,0.0306122448979592,0.0047959659075337,3.250325918756129e-07,0.083830387159744,4.0,0.0086447960069558,0.0229726267615223,-0.0176270165358588,0.6882472899001824,-0.0621737471806271,-0.0749162946428571,-0.1021159630743698,0.0311044327573252,0.2665819094858256,0.0,-0.1818181818181818,-0.1818181818181818,-0.1818181818181818,-0.1818181818181818,-0.3076923076923077,-0.3076923076923077,-0.3076923076923077,-0.3571428571428572,-0.3571428571428572,-0.3571428571428572,-0.3571428571428572,-0.3571428571428572,-0.4,-0.3076923076923077,-0.3076923076923077,-0.3076923076923077,-0.3076923076923077,-0.3076923076923077,-0.3076923076923077,-0.3076923076923077,-0.3571428571428572,-0.3571428571428572,-0.3571428571428572,-0.3571428571428572,-0.3571428571428572,-0.3571428571428572,-0.3571428571428572,-0.3571428571428572,-0.3571428571428572,-0.4,-0.3076923076923077,-0.3076923076923077,-0.1818181818181818,-0.1,-0.1,-0.1,0.0,0.0,0.125,0.125,0.125,0.5,0.5,0.5,0.2857142857142856,0.2857142857142856,0.2857142857142856,0.5
OIQS-L^J19,17.0,0.03360207257893,1.071123194741234e-06,0.1162186808379222,0.0740497264808771,0.1887287734919821,1.0903298413812024,2.5969999999999995,0.6145340085174671,0.0175289785979282,-0.0004954275660731,-0.00234920424842,1.0,2.377952755905512,0.1312186406246176,1.7342118183418337e-07,0.1283845451779711,7.466358660556626e-10,0.1290322580645162,0.0300954120990661,9.112410553268728e-07,-0.0615850194988997,2.0,0.0606576978607842,0.5125208681135227,-0.1111306578706248,0.0681759765195479,0.1111306578706248,0.0290744434435722,0.0538152354217174,0.1111306578706248,0.3930572136217711,-0.0806451612903226,-0.0342679127725856,-0.2548076923076923,-0.2401960784313725,-0.2364532019704432,-0.205128205128205,-0.3290043290043289,-0.3080357142857143,-0.2364532019704432,-0.2131979695431471,-0.2383292383292383,-0.2619047619047618,-0.2457420924574209,-0.2475728155339805,-0.2211055276381909,-0.2131979695431471,-0.2249999999999999,-0.1968911917098444,-0.2583732057416267,-0.2688679245283019,-0.1553133514986375,-0.1040462427745664,-0.0801186943620178,-0.0189873417721518,-0.0064102564102563,0.0367892976588628,0.009771986970684,-0.0548780487804877,0.0915492957746479,0.0437710437710436,-0.1530054644808743,-0.0662650602409637,-0.069069069069069,-0.1040462427745664,-0.1842105263157893,-0.2071611253196931,-0.1884816753926701,-0.1968911917098444,-0.2530120481927711,-0.2151898734177215,-0.2654028436018957,-0.2773892773892773,-0.3660531697341512,-0.2840646651270208,-0.226932668329177,-0.1968911917098444,-0.1267605633802816,-0.121813031161473,-0.1412742382271468
OIRH-L,19.0,0.0801050137468144,2.930910477911268e-07,0.0318008751065447,0.0843263508882707,0.1838435733294599,1.1975952480701555,18.31910000000001,0.1369037125839976,0.0208694241267029,-0.002441579514748,0.0235751342855718,1.0,0.2903000732310049,0.1249123108271963,5.6416008442508934e-08,-0.0214624633245258,1.0471336504502493e-07,0.028745350016909,0.0256700597693811,4.303670807729746e-07,0.0513038577831386,4.0,1.988321565649143,-0.1465180768561046,-0.01754537501542,0.051943248726272,0.0509812725267006,0.0230282268292616,0.0582926118760114,0.1255069942828424,0.4874330747947103,-0.0231749710312862,-0.1084710743801652,-0.1697931697931697,-0.1649733913884857,-0.1823780198957838,-0.0237556561085972,-0.0930110352075669,-0.0427066001109261,0.0243323442136498,-0.0051873198847262,-0.0882197569994716,-0.0182025028441409,-0.0193181818181817,-0.0915789473684209,-0.0609357997823719,-0.0232031692133559,-0.0005790387955991,0.0896464646464647,0.1128304319793682,0.0896464646464647,0.1529726118904475,0.1607262945527909,0.1693766937669378,0.2738007380073801,0.4467728415758594,0.4639525021204413,0.4135954135954136,0.4879310344827587,0.4528619528619528,0.4299917149958576,0.6329233680227058,0.5937211449676825,0.5355871886120998,0.5396966993755576,0.4299917149958576,0.3874598070739552,0.4124386252045826,0.5034843205574913,0.6011131725417442,0.5820348304307976,0.4815450643776824,0.5220458553791889,0.3964401294498383,0.4066829665851672,0.3226053639846744,0.3494917904612982,0.3987034035656402,0.4170771756978655,0.3720190779014309
OITM-L,20.0,0.0308494602712848,1.7930639928099787e-06,0.1945504802112855,0.0296343139692523,0.0064640311175392,0.0482203712718817,42.73350000000001,-0.0321929379210484,-0.0097789302367222,0.0001017644435641,0.0111691257302034,1.0,0.1115383610869798,0.0134227719557259,1.37268054581045e-07,-0.005172322783009,8.444540295973746e-09,-0.0067594753359619,-8.260783479813747e-05,2.43644672671292e-05,0.0321566214438183,2.0,0.4121427366860915,0.0451564089027546,-0.1649720629474622,0.1649720629474622,0.1649720629474622,0.002379480563873,0.0336090159857028,0.1649720629474622,0.6644276473493049,-0.0638379204892967,-0.0875479595395885,-0.183265688417109,-0.1747634069400631,-0.2508591065292096,-0.2170008979347499,-0.2026821091130753,-0.2832876712328767,-0.2285461515777056,-0.2491389207807118,-0.2666105971404542,-0.220035778175313,-0.1975460122699387,-0.1531239883457429,-0.1750236518448439,-0.170577045022194,-0.1634154141349536,-0.154219204655674,-0.1512005191434133,-0.1615384615384615,-0.147049233778937,-0.142295081967213,-0.152575315840622,-0.1417322834645669,-0.0907194994786235,-0.110204081632653,0.0376834589448631,0.0190884300740163,0.071691929537075,0.097775912715065,0.028706252457727,0.0703764320785595,0.1488801054018445,0.2144846796657382,0.3812038014783525,0.2195804195804196,0.1626666666666667,0.0451458250099878,0.1122448979591836,0.1000841042893188,-0.0083396512509476,0.0455635491606714,0.0175029171528586,-0.0833917309039943,-0.0865921787709497,-0.1092951991828397,0.0073161340007701,0.01003861003861,-0.050798258345428
OJFH-L,20.0,0.0571500420455572,4.655292739533844e-07,0.0505107147113628,0.0164820556066102,0.3066750600025402,2.7612236380099247,-15.392699999999998,-0.1592504536126926,-0.0163139872985226,-0.0005374800603531,0.0277483670599421,1.0,0.2036199393186823,-0.0830882668426969,8.99522040911338e-08,0.0453681592893675,1.1047884576213624e-08,-0.0334374425868087,0.0713776912163177,4.621844109056748e-07,0.2496645252868181,4.0,0.2077925675661116,-0.0233399183186982,-0.0161110541003641,-0.0224636731567563,-0.032803237106643,0.0078246480630854,0.0160549738918595,0.0130429574379794,0.5116975666422076,-0.088235294117647,-0.0460921843687375,-0.1069418386491557,-0.1663747810858143,-0.1663747810858143,-0.1649122807017544,-0.2384,-0.1736111111111111,-0.2456418383518225,-0.2171052631578948,-0.1793103448275862,-0.2310177705977384,-0.2093023255813952,-0.2408293460925039,-0.3661784287616512,-0.3636363636363636,-0.3881748071979435,-0.391304347826087,-0.4380165289256199,-0.4445740956826138,-0.4326579261025031,-0.4035087719298246,-0.3314606741573034,-0.3550135501355014,-0.2642967542503864,-0.3388888888888889,-0.3567567567567568,-0.3180515759312321,-0.3190271816881259,-0.2874251497005988,-0.3425414364640884,-0.3873873873873874,-0.3452544704264099,-0.3040935672514619,-0.3889602053915276,-0.435349940688019,-0.407960199004975,-0.4064837905236907,-0.4094292803970224,-0.3802083333333333,-0.3593539703903096,-0.2874251497005988,-0.3295774647887324,-0.3295774647887324,-0.1973018549747048,-0.2492113564668769,-0.1778929188255613,-0.139240506329114,-0.062992125984252
OJFR-L^G21,18.0,-0.0139379150280818,3.0483113375035297e-07,0.033074694317821,0.0572112387851456,0.4189061161514824,1.0176052289458994,-14.041899999999998,-0.0810278773045244,-0.0074860502134623,-0.0002674598873113,-0.0277092225723164,1.0,0.34203046540026,0.0845042300243145,3.900471082030785e-08,-0.1170472362429158,4.005884727742706e-08,-0.0170132325141777,-0.0079254822839902,2.1944401806392746e-07,-0.125253627435659,4.0,1.733330105600928,0.1334085084503946,-0.0927009697928527,0.1586012323168763,0.2321834257423178,0.0126454088722705,0.0232212481922534,-0.0290501524587665,0.430928203554254,0.004957507082153,0.0180245133381398,0.0231884057971012,0.010737294201861,0.0291545189504371,0.0295297119941668,0.0455386893743057,0.0664652567975829,0.102694260054666,0.0762195121951219,0.1166468960063265,0.0584707646176911,0.0580741850880479,0.039764359351988,0.0412979351032447,0.0176576576576577,0.0378537302462329,0.0147323032698527,0.0121863799283155,0.0140035906642728,-0.0208044382801665,-0.033869312350325,-0.008078679311556,-0.0355191256830601,-0.0098176718092567,-0.0414120841819416,0.0067736185383242,0.0432212781677132,0.0359501100513572,0.0409141172134168,0.1305044035228182,0.151243375458622,0.1126871552403467,0.092456479690522,0.1268954509177973,0.1569029086439983,0.1806020066889631,0.2099400171379606,0.1890526315789473,0.3358561967833489,0.2219818260493293,0.2230402771762667,0.18955349620893,0.1870533837746952,0.1588018054985636,0.2017021276595743,0.2484526967285587,0.3239568682606657,0.4785340314136124
OJIW-L,17.0,-0.0788928482638601,1.989091106111257e-07,0.0215819754024223,0.3749678415230255,0.5614591593973037,1.816592494347796,-3.700000000000003,0.0642956206411398,0.0028844548460404,-0.0039156376895665,-0.0036065573770492,1.0,0.4186862244897959,-0.1607090103397341,4.1098080932323415e-08,-0.136096971788446,6.066614080249716e-08,0.0134999999999999,-0.0678710532858208,1.1168596031216749e-07,0.1145891559530463,2.0,2.007838964795153,0.1043367346938776,-0.0148128037936014,0.1730356986728816,0.0224798663574938,0.0485418714600009,0.0796895412280027,-0.0120028922631958,0.6704896591221927,-0.0656620021528524,0.0225646670335717,-0.0936585365853659,-0.1764184397163121,-0.1088729016786572,-0.1350093109869646,-0.1054405392392875,0.0086862106406078,0.0955188679245282,0.1670854271356783,0.1857051691129545,0.0368303571428569,0.0910158543746328,-0.0143236074270558,0.0350974930362115,0.030504714364947,0.0764774044032443,0.1213035606517802,0.0265193370165743,0.1511771995043369,0.0696603339090384,0.0485327313769752,0.1336180597925562,0.2411489645958582,0.3177304964539007,0.2630863358259685,0.3299928418038653,0.4336419753086418,0.424846625766871,0.5934819897084047,0.7364485981308411,0.5626576955424725,0.4001507159005275,0.3742603550295857,0.5626576955424725,0.5548117154811716,0.4899759422614271,0.3917602996254681,0.3752775721687638,0.3855331841909022,0.1605246720799498,0.16781898177247,0.0974601299468398,0.0777262180974478,0.0733679953783938,-0.0179704016913321,0.0659781985083189,0.1356968215158924,0.1377832210655236
OJJC-L,18.0,0.2831806665367374,1.131993561912768e-07,0.0122823218774853,0.0785616646415552,0.2622053733311356,1.6399589987325178,3.3500000000000085,0.08829744893027,-0.0017567060962464,0.0004892139961794,0.0188133695345959,1.0,0.2567996373526745,0.2315062702550372,3.683512231212713e-08,0.1478446436192734,6.374100491143698e-08,0.0185396073429599,0.0482849347105827,2.2345863757072066e-07,0.3188350405136828,4.0,2.170749907956527,-0.012706330251052,0.002989520382165,0.0534770308307025,1.011592214076776,0.0344369935736239,0.0948198486985511,0.0115922140767758,0.5773948219093035,-0.0155865463494667,0.0452304394426581,-0.0344554455445544,-0.0572312451662799,-0.1679180887372013,-0.1333096338428724,-0.1134545454545454,-0.0075310400977001,0.0463519313304721,0.0045323444581788,-0.0234328059282996,-0.0605009633911368,-0.0577777777777778,-0.0843192488262911,-0.0344554455445544,-0.0513618677042801,0.0385516506922256,0.1628905318387787,0.1240202858460117,0.1992129857353666,0.2403968455863647,0.361250697934115,0.4261479964902017,0.4007469118069517,0.4970832054037457,0.4524873398868037,0.3766233766233764,0.393939393939394,0.3754583921015513,0.3935410117176334,0.5454833597464341,0.4970832054037457,0.5381703470031545,0.6231691078561916,0.7439198855507867,0.7558516384587683,0.7013258897418004,0.8639143730886849,0.9732901659247266,0.9983606557377048,0.7919882396177875,0.9805036555645814,0.9318541996830428,0.8568164508758567,0.9403103859928372,0.9032006245120998,1.13859649122807,1.0891173950299913,1.1376589215256463
OJMF-L,20.0,0.00712827262351,4.651846375299534e-07,0.0504733210756947,0.1233629070623797,0.1152568864441204,0.1919236359893477,2.837199999999996,0.1448582594338749,-0.0147499885027651,-0.000183784127183,1.1337944274227685,1.0,0.0650558847006387,0.0486606320291454,7.725031136447425e-08,-0.0440020853246037,1.0987419382313832e-08,0.0304155474798546,0.0172385415698547,1.1321289168285835e-06,-0.0100185626845546,3.0,1.4471242450336357,0.0152628825742032,-0.0007335431400413,-0.0930164357715411,-0.0703651317296569,0.0122590287291001,0.0435181956578878,-0.0367055076980648,0.4599414972856974,-0.0009267840593141,0.0620078740157479,0.0374999999999998,-0.0069028992176715,0.0251781472684085,-0.0213151927437642,0.0720317933432688,0.0160075329566855,0.1060994361865708,0.1357894736842104,0.1060994361865708,0.0160075329566855,-0.0009259259259261,0.0112464854732894,0.0290891750119217,-0.0472406181015452,0.0013921113689094,0.0276190476190474,-0.0666089965397924,0.0604422604422603,0.0445304937076476,0.0855130784708249,0.1245440333507033,0.0415057915057914,0.1175556706369755,-0.0832625318606627,-0.0686232196806216,-0.0261732851985559,-0.0666089965397924,-0.0678185745140389,0.0475728155339805,0.0384985563041384,0.0295801526717556,0.0594010800196365,0.0562897699461575,0.1245440333507033,0.0838774485183324,0.0926582278481011,0.1393875395987327,0.2171460800902425,0.1922651933701655,0.2423719055843407,0.1424033880359978,0.0609636184857422,0.1089414182939361,0.0959878110716097,0.0501216545012164,0.0667325753830943,0.0112464854732894
OJTY-L,20.0,0.1077618810319445,4.0570691899687714e-07,0.0440198878748262,0.1070095894248634,0.3658654613756435,1.147376020073095,30.8443,0.331079405979093,0.0616459527944448,0.0027398400473358,0.0777457988243645,1.0,0.0998448847235025,0.1891821319009673,8.632708473908699e-08,0.0337740359604807,2.6200424045611933e-08,0.0695159629248197,0.1232541605956834,2.822723660450924e-07,0.0073724850000262,3.0,1.0133955741923777,-0.1187045021530199,0.343703027912801,-0.1976612252786397,-0.029422603028328,0.011908585353972,0.0210054069018825,0.0670830121854384,0.409447953874266,-0.1050295857988166,-0.0584958217270195,0.0289193302891932,0.1304347826086955,0.1361344537815125,0.3151750972762646,0.3995859213250516,0.25417439703154,0.54337899543379,0.5225225225225223,0.857142857142857,0.7157360406091371,0.6487804878048782,0.4632034632034632,0.4083333333333334,0.3228962818003913,0.4889867841409692,0.6133651551312647,0.5905882352941176,-0.8261316872427984,-0.8084443185038255,-0.8437716662814884,-0.8498445135495336,-0.849911190053286,-0.8452735179674983,-0.8446691176470589,-0.8307884856070088,-0.8026853473438412,-0.8157033805888768,-0.8142346798571036,-0.8109090909090909,-0.7969360168218684,-0.7894736842105263,-0.7781424351821464,-0.7428680106504375,-0.7218106995884774,-0.7201986754966887,-0.7036387549320473,-0.7190357439733999,-0.6884792626728111,-0.6883356385431074,-0.6784015223596574,-0.672639225181598,-0.6811320754716981,-0.6604721245605223,-0.7028571428571428,-0.7157275021026073,-0.7123404255319149,-0.6946702800361337
OLFI-L,10.0,-0.3456826327102665,1.6969364560784563e-06,0.1841204796604755,0.0279645423270783,-3.073900373643531,0.3858116140296352,35.5499,16.15833375304608,20.862123172322526,-0.0140141290691382,0.3458962928530522,1.0,0.0086249428686447,-0.3842399612688736,-1.0320489631597763e-06,-0.3830597982278282,4.986790243380552e-12,3.392727272727273,-0.3004050747871182,3.258285619778948e-07,-0.030025787819853,2.0,0.0213886876823504,5.417299326869826,-43.990339249606826,55.24002366592378,53.49004399413854,-0.0091441177466101,-0.0112940999025353,54.66569310267355,1.6536866802719628,0.5000000000000002,1.0,0.6363636363636362,0.7999999999999998,0.6363636363636362,0.5,0.2857142857142856,0.0588235294117645,-0.1,-0.1,-0.1,-0.1428571428571429,17.0,11.0,11.0,11.0,11.0,11.0,11.0,11.0,11.0,11.0,8.0,8.0,8.0,11.0,11.0,8.0,8.0,8.0,8.0,17.0,17.0,17.0,17.0,11.0,11.0,11.0,11.0,8.0,8.0,6.199999999999999,5.0,11.0,35.0,17.0,17.0,17.0,11.0
OMPM-L,17.0,0.0861187148754905,4.3271177036059e-07,0.0469499599870944,0.0434838853590389,0.0138447716878909,0.4762026936153998,9.2665,0.5098145065053409,-0.0248309451118629,-0.0008337695664818,-0.0004166198306924,1.0,3.000026010508245,0.0388521226738877,2.0117903267390425e-08,0.0065191568388279,2.316844759712054e-08,0.1070445509226221,0.0003605669003022,1.848663543098368e-06,0.0978101965545052,2.0,0.7478324223831656,-0.0769085238293677,-0.1184117646474489,0.1184117646474489,0.1184117646474489,0.0013698645850194,0.0072223029068061,0.1184117646474489,0.1988304267555536,-0.0902527075812273,0.0335820895522387,-0.0348432055749129,-0.0751252086811352,-0.0212014134275618,-0.0348432055749129,-0.0827814569536423,-0.0641891891891891,-0.0331588132635253,0.0653846153846153,0.0374531835205993,0.0374531835205993,0.139917695473251,0.0905511811023622,0.1638655462184874,0.0841487279843442,0.073643410852713,0.1352459016393443,0.173728813559322,0.259090909090909,0.3035294117647058,0.2619589977220957,0.357843137254902,0.4278350515463918,0.4734042553191491,0.5095367847411445,0.4096692111959288,0.4025316455696202,0.4278350515463918,0.4972972972972973,0.5136612021857923,0.6993865030674848,0.5518207282913166,0.5261707988980717,0.4734042553191491,0.4168797953964194,0.3884711779448622,0.5178082191780822,0.5518207282913166,0.6838905775075987,0.6294117647058823,0.8163934426229509,0.8405315614617941,0.9785714285714286,0.9103448275862068,0.9507042253521129,0.9103448275862068,0.9236111111111112,1.044280442804428
OMRY-L,19.0,0.0358758305503806,1.7601727510962808e-06,0.1909817247760055,0.1000657072920603,0.016370714792892,0.098859552578139,19.331099999999992,0.3366890472360146,0.103385686635823,2.282912348756523e-05,0.0299435511317935,1.0,0.0676652193495282,0.0101593236064624,1.4637845288002222e-07,0.0050319135579594,1.9360377131288767e-08,0.0706938060844825,0.0033247210894987,1.0127566697644928e-05,0.0404795476889601,2.0,0.6884273652400118,-0.157125581321251,-0.2492614129292651,0.2492614129292651,0.2492614129292651,0.0030584645426499,0.0215245244803394,0.2492614129292651,0.0072303109716745,0.0168067226890755,0.017094017094017,-0.2222222222222223,-0.0403225806451613,-0.0245901639344262,-0.0846153846153846,0.0347826086956521,0.2934782608695652,0.3370786516853932,0.3076923076923075,0.3522727272727273,-0.1959459459459459,-0.2013422818791946,-0.2119205298013246,-0.2119205298013246,-0.232258064516129,-0.2119205298013246,-0.232258064516129,-0.232258064516129,-0.232258064516129,-0.2562500000000001,-0.2654320987654321,-0.2468354430379747,-0.2699386503067484,-0.2468354430379747,-0.274390243902439,-0.2371794871794872,-0.2066666666666666,-0.2066666666666666,-0.062992125984252,0.3999999999999999,0.4337349397590362,-0.3238636363636363,-0.3388888888888889,-0.3160919540229885,-0.1736111111111111,-0.5082644628099173,-0.4978902953586498,-0.3314606741573034,-0.383419689119171,-0.4108910891089109,-0.4978902953586498,-0.3532608695652174,-0.3040935672514619,-0.4957627118644068,-0.4780701754385964,-0.4663677130044843,-0.5122950819672132,-0.5062240663900415
ONCO-L^K20,17.0,0.1962361929580384,1.4082398060950709e-06,0.1527964041590556,0.0300953814391135,0.2497926626326887,0.3966394482471931,-3.8489,0.04911812119262,-0.0202204182635318,0.0068500695904527,1.0702744436646112,1.0,0.0413395567510795,0.1349926221189833,9.521164080758372e-08,0.0966584911689782,4.84171191670971e-10,0.010313216195569,0.2171595250081435,7.745883228286034e-07,0.3272277047719331,4.0,0.1298406577840202,-0.2179385724635346,0.0212899859207651,-0.2329187642880744,-0.0918616518727293,0.0109284272598574,0.0169702328777623,0.0429812659456485,1.539309399021409,-0.0533333333333333,0.0204081632653061,0.0204081632653061,0.0948905109489051,0.1627906976744186,0.0714285714285714,-0.0131578947368421,0.0204081632653061,-0.0196078431372549,0.0714285714285714,-0.0131578947368421,-0.1228070175438595,0.0067114093959732,0.0204081632653061,0.0204081632653061,-0.0909090909090908,0.0067114093959732,0.0714285714285714,-0.0259740259740259,0.0416666666666667,-0.1525423728813559,-0.1428571428571429,-0.1228070175438595,0.0714285714285714,0.1538461538461537,-0.0740740740740741,-0.0566037735849057,0.3274336283185841,0.0791366906474821,0.4018691588785046,0.7045454545454546,0.5789473684210527,1.1428571428571428,1.34375,1.727272727272727,1.6315789473684212,1.8846153846153848,1.6785714285714284,1.941176470588235,2.061224489795918,2.409090909090909,2.125,2.0,2.191489361702128,2.9473684210526314,3.2857142857142856,2.75,3.6875,3.4117647058823524
OQCH-L,17.0,-0.1213332500572523,1.1854185925922103e-06,0.1286199250918989,0.0296410377917308,-0.1982743871141202,0.9053815455953128,-2.7165,0.1270036950936098,-0.0996836203249786,-0.0118544645214832,0.1331658650592952,1.0,0.1065901148277583,-0.1740949137484267,-2.3818885529966739e-07,0.0967884926527625,1.147640850487762e-11,0.0266666666666666,-0.0099306726625444,1.056999573350788e-06,-0.0535230029972881,3.0,0.0052916317929587,-0.2765108872638755,-0.0968915767921781,-0.0596617150073671,-0.3134474503332668,-0.0349759144444188,-0.07212795284947,-0.3074967297381947,1.6536866802719628,0.0,-0.2407407407407408,-0.3970588235294118,-0.2115384615384615,-0.3880597014925374,-0.4305555555555556,-0.4675324675324676,-0.6403508771929824,-0.7071428571428571,-0.7842105263157895,-0.7990196078431373,-0.7864583333333334,-0.7819148936170213,-0.7864583333333334,-0.8028846153846154,-0.8,-0.8217391304347826,-0.8110599078341014,-0.7819148936170213,-0.7929292929292929,-0.7616279069767442,-0.7842105263157895,-0.7696629213483146,-0.7722222222222223,-0.75,-0.740506329113924,-0.7453416149068324,-0.7469135802469136,-0.7722222222222223,-0.7469135802469136,-0.740506329113924,-0.7266666666666667,-0.8360000000000001,-0.8651315789473684,-0.8525179856115108,-0.881159420289855,-0.871875,-0.8698412698412699,-0.871875,-0.867741935483871,-0.875,-0.8595890410958904,-0.856140350877193,-0.8642384105960265,-0.8835227272727273,-0.878698224852071,-0.8757575757575757,-0.8757575757575757,-0.878698224852071
OQCK-L,17.0,0.9245641737497962,4.392945205769304e-07,0.0476641995350611,0.4315097794458038,7.1260256372820985,1.0709734415399437,5.1117,0.7033848537793087,0.7590231517923709,0.0326944264355518,-0.0160347074712655,1.0,0.157415754017729,0.9887026794438516,2.109371909697034e-07,0.2333348293396747,1.3107610352471568e-11,0.147688060731539,0.1652798714496519,3.9782311547643694e-08,0.4191286841965845,3.0,0.05679336923733,-0.8006718373637055,-0.0303888017303363,0.7760674311054041,0.8610973297466655,0.0640987671035819,0.0699035308204206,0.998214170235839,0.3801837309331947,0.575,-0.3103448275862068,-0.0909090909090908,0.2121212121212121,0.4285714285714286,1.3529411764705883,1.0,0.8181818181818183,0.8181818181818183,1.2222222222222223,0.5384615384615385,4.714285714285714,4.714285714285714,4.714285714285714,7.0,12.333333333333334,9.0,9.0,7.0,9.0,9.0,7.0,7.0,9.0,9.0,9.0,9.0,12.333333333333334,12.333333333333334,9.0,12.333333333333334,19.0,19.0,12.333333333333334,12.333333333333334,9.0,9.0,9.0,9.0,9.0,5.666666666666667,7.0,7.0,9.0,7.0,7.0,9.0,12.333333333333334,5.666666666666667
OQCL-L,19.0,0.5356790992258971,5.187710097377158e-07,0.056287533221834,0.0980733014631319,0.0535145466128689,2.8909023323017493,-0.5985,2.3416306282884296,-0.0037495049766434,0.0035186488388458,-0.0305692622457576,1.0,0.5770712909441232,-0.1361370041187948,-1.2315116065542765e-07,0.1820603907637654,1.738678656869556e-12,0.4916666666666666,-0.3900070372976777,9.01633127589315e-07,1.7792937399678974,4.0,0.0021597075307513,-0.3125683370612008,-0.1148360045771172,0.1811579819962871,0.1689694236198531,-0.0647039392187629,-0.1254603682946357,0.4006701771182384,1.6536866802719628,0.0,0.0,-0.1666666666666666,-0.1666666666666666,-0.2307692307692307,-0.1666666666666666,-0.375,-0.2857142857142857,-0.1666666666666666,-0.1666666666666666,-0.1666666666666666,-0.1666666666666666,-0.0909090909090908,-0.0909090909090908,0.1111111111111111,0.25,0.25,0.4285714285714286,0.0,0.4285714285714286,0.6666666666666667,0.6666666666666667,0.25,0.4285714285714286,0.25,0.1111111111111111,0.0,0.0,-0.0909090909090908,-0.1666666666666666,-0.375,-0.2307692307692307,-0.0909090909090908,0.1111111111111111,-0.0909090909090908,-0.1666666666666666,-0.1666666666666666,-0.2857142857142857,-0.5,-0.5,-0.5,-0.5454545454545454,-0.5,-0.4444444444444444,-0.4444444444444444,-0.375,-0.375,-0.5,-0.5652173913043479
OQCN-L^G22,18.0,0.1967620886501007,2.331866110652743e-06,0.2530114225900867,0.0159929890671629,0.1366583362240665,0.4136006735843839,20.3466,0.4547088918776231,-0.0179800571608312,0.0218222520707409,1.0335947333348368,1.0,0.0896658068951255,0.0967553153665648,9.684920072998457e-08,0.0149312257752273,1.249108353241752e-09,0.0954741548356733,0.1451082008805312,4.088080774848147e-06,0.2595584743954712,3.0,0.0557888853063325,-0.0018872416934248,0.0584240928839485,-0.3624555549349644,-0.1783097654661604,0.0202646753189766,0.0561908687017777,-0.0968670168026582,3.813959416910144,0.0,0.0,0.0,-0.142857142857143,-0.142857142857143,-0.25,-0.142857142857143,-0.142857142857143,-0.142857142857143,-0.142857142857143,-0.25,-0.25,-0.25,-0.25,-0.25,-0.142857142857143,-0.142857142857143,-0.142857142857143,-0.25,-0.25,-0.25,-0.142857142857143,-0.142857142857143,-0.142857142857143,-0.142857142857143,-0.3333333333333333,-0.142857142857143,-0.142857142857143,-0.142857142857143,-0.142857142857143,-0.25,-0.25,-0.142857142857143,-0.142857142857143,0.0,-0.142857142857143,0.0,0.0,0.0,0.0,0.0,-0.25,0.0,0.0,0.0,5.0,-0.5,-0.6,-0.6666666666666667
OQCT-L,22.0,-0.3618339529120198,5.980730665168651e-07,0.0648919406997556,0.3506311360448808,-0.1291547958214625,0.8208527186171783,-0.1445,1.058364125780081,-0.1388912949642672,0.0179805615550755,-0.0144067796610169,1.0,0.4705882352941176,-0.1043382756727072,-8.067202613961392e-08,0.0084720121028744,9.752975845320913e-14,0.2222222222222222,-0.0329615861214374,3.465230213724325e-07,-0.5731707317073171,4.0,0.0007667292501927,-0.0226244343891402,0.1665441850792889,-0.1692148186849967,-0.3083964998600648,-0.0345631067961165,-0.0545978774308324,-0.3116805721096543,1.6536866802719628,-0.3333333333333332,0.5,0.0,-0.25,-0.4,-0.5,-0.5,-0.5714285714285715,-0.4,-0.5,-0.4,-0.625,-0.6666666666666667,-0.7692307692307693,-0.6666666666666667,-0.6666666666666667,-0.625,-0.4,-0.4,-0.5,-0.5,-0.5,-0.4,-0.5,-0.5,-0.5714285714285715,-0.5,-0.5,0.0,0.5,0.5,0.5,0.5,0.5,0.5,0.5,0.5,0.5,0.5,0.5,0.5,0.5,0.5,0.5,0.5,0.5,0.5,0.5,0.5
OQCU-L^G19,18.0,-0.1926806421277151,1.4733905470756145e-06,0.1598653699041221,0.0139820304316368,-0.3219996538500077,1.6224615392148862,-5.7773,0.0547080371334948,-0.5106512545879404,-0.0092368870027675,-0.7554284991149007,1.0,0.401049923477364,-0.2095257397648966,-1.2200785893718855e-06,0.0295907696349419,1.1564940859987236e-11,0.0114869176770899,0.07233598524792,1.9283199949014537e-06,-0.1309313420028398,2.0,0.0037211854879721,1.087874516753129,-0.9903959649599404,1.3165360733964389,1.034423267997814,-0.1339246266907553,-0.3580813150611998,0.6002790713455649,1.6536866802719628,0.0,0.0,0.0181818181818183,-0.282051282051282,-0.3636363636363635,-0.5,-0.5172413793103448,55.00000000000001,55.00000000000001,55.00000000000001,55.00000000000001,55.00000000000001,55.00000000000001,55.00000000000001,55.00000000000001,55.00000000000001,55.00000000000001,27.000000000000004,27.000000000000004,27.000000000000004,27.000000000000004,27.000000000000004,27.000000000000004,27.000000000000004,27.000000000000004,17.666666666666668,27.000000000000004,27.000000000000004,27.000000000000004,27.000000000000004,27.000000000000004,55.00000000000001,27.000000000000004,27.000000000000004,27.000000000000004,27.000000000000004,27.000000000000004,27.000000000000004,55.00000000000001,27.000000000000004,27.000000000000004,17.666666666666668,17.666666666666668,17.666666666666668,27.000000000000004,27.000000000000004,17.666666666666668,13.000000000000002,10.2
OQDC-L,17.0,-0.169447133177703,-6.91445603426197e-08,-0.0075023019103593,0.0801641236055904,-0.5730201017195448,0.8340974894980894,5.563599999999999,3.5719789245077744,0.7847706326493213,0.000182199143664,-0.1946478162080282,1.0,0.6263678999478894,-1.4446535500427715,-2.5228852086535694e-07,-0.1453810264385691,3.0694255011691066e-13,0.75,-0.005181347150259,4.571947939545669e-07,0.4665471923536438,4.0,0.0105679457578417,1.4561780608540036,0.1694141726611759,1.3492311498149965,0.7683880106066711,0.2510327692918363,-1.1364725457570717,0.9964274114972392,1.6536866802719628,0.125,-0.111111111111111,-0.2,-0.2727272727272727,-0.111111111111111,0.0,0.0,0.3333333333333335,1.0,0.5999999999999999,0.5999999999999999,0.5999999999999999,0.3333333333333335,0.0,0.0,-0.111111111111111,-0.2,-0.2,-0.2,-0.2,-0.2727272727272727,-0.3333333333333332,0.0,0.0,0.0,-0.2,-0.2,-0.2727272727272727,-0.111111111111111,-0.111111111111111,-0.111111111111111,-0.2,-0.2,-0.2727272727272727,-0.5,-0.5555555555555556,-0.5789473684210527,-0.5,-0.4285714285714286,-0.6000000000000001,-0.6363636363636364,-0.6666666666666666,-0.7037037037037037,-0.6666666666666666,-0.7333333333333334,-0.7241379310344827,-0.6363636363636364,-0.5789473684210527,-0.6521739130434783
OQHR-L,16.0,0.0528854347840817,3.6221659024363033e-07,0.039301113543615,0.0804163783126064,0.1005231428592516,0.368047335897031,-3.5047,-1.6068054252955737,-0.03613862767099,0.0132428585352276,0.0033912015011005,1.0,1.214371298483448,0.0989159420961024,6.567346135591973e-09,0.0338095897001672,7.051733861380579e-11,-0.3373771498771499,0.0023397037139734,1.517139895062515e-07,-0.0428377673448096,5.0,0.1105115612908252,0.2248009432189885,0.0414227006696544,-1.3272157108695233,0.8302231453925474,-0.0012829682207066,-0.0018425783996219,-0.0552905771796836,0.9484963581043884,-0.0584415584415585,-0.248780487804878,-0.4726027397260274,-0.4460431654676259,-0.4296296296296296,-0.3502109704641349,-0.4076923076923077,-0.2999999999999999,-0.3289760348583878,-0.3318872017353579,-0.3124999999999999,-0.2150866462793068,-0.2649164677804295,-0.2993630573248408,-0.1894736842105263,-0.0222222222222222,-0.0609756097560975,-0.114942528735632,-0.1894736842105263,-0.165311653116531,-0.0666666666666666,-0.0694864048338368,-0.0032362459546925,0.0266666666666666,-0.0374999999999999,0.0266666666666666,-0.0032362459546925,-0.0290037831021436,0.0829817158931083,0.3414634146341464,0.1827956989247312,0.3936651583710406,0.5618661257606492,0.6849015317286651,0.807511737089202,0.8443113772455091,0.8757612667478682,0.8666666666666667,1.0078226857887875,0.905940594059406,1.1843971631205674,1.7898550724637683,1.62350936967632,1.5666666666666669,1.7500000000000004,1.6736111111111112,1.7500000000000004,1.5752508361204014,1.4522292993630574
OQPO-L,17.0,-0.1074455205811138,5.923750425479968e-07,0.0642736954481394,0.4509469448453833,0.0477326968973747,2.7098983312606424,-0.0819,-0.476263856601037,-0.031573418268478,-0.0116698206722537,0.0142315500186843,1.0,0.5405405405405406,0.0030175015087506,1.782115049783384e-08,-0.0047976971053894,1.887229633201391e-13,-0.1,0.0066585956416464,4.583599908042864e-07,-0.2191863995142683,5.0,0.0007888175819905,-0.6714361420243773,-0.0887829461319955,1.1594900168390667,0.0857373053423204,-0.0188903208302245,-0.0334997293558669,0.1594900168390667,0.264589868843514,0.0333333333333334,0.1538461538461537,0.0714285714285714,0.0,0.0714285714285714,0.0714285714285714,0.1111111111111109,0.0,0.0714285714285714,0.0344827586206897,0.0,0.0,0.0714285714285714,0.1999999999999999,0.1999999999999999,0.1538461538461537,0.1538461538461537,0.1538461538461537,0.25,0.0714285714285714,0.0714285714285714,0.0,0.1111111111111109,0.1538461538461537,0.0714285714285714,0.0,0.0,-0.0625,0.0,-0.0625,0.0344827586206897,0.0,0.0,0.0714285714285714,0.1538461538461537,-0.0625,-0.0909090909090909,-0.2307692307692308,-0.2307692307692308,-0.0909090909090909,-0.1176470588235295,-0.1666666666666666,-0.1176470588235295,0.0344827586206897,0.0344827586206897,0.0,-0.3478260869565218,-0.4,-0.3181818181818182
OQTY-L,18.0,0.0054786404123792,2.507173957145369e-07,0.0272032620861152,0.0676698225278087,0.196328508913896,1.2672907978141406,1.6195000000000004,1.2246784884026658,-0.0035273491390253,0.000817648569115,0.0203811900978884,1.0,1.7039149598133263,0.0483409372129566,1.853252503967438e-08,-0.0515680979758401,2.811594402433562e-10,0.2571428571428572,0.0125609780182884,2.114192925592869e-07,-0.0410181662466853,5.0,0.1548632543015577,-0.0187202751201037,0.0156574601003399,0.22640526839687,-0.1096281613684787,0.0132523639450803,0.0259961667946794,0.22640526839687,0.306016275375562,0.0143540669856458,-0.346875,-0.4889975550122249,-0.5023809523809524,-0.4826732673267326,-0.5416666666666667,-0.5485961123110151,-0.4543080939947781,-0.4273972602739726,-0.4366576819407008,-0.4902439024390244,-0.4996408905913335,-0.4414751469802245,-0.4112676056338028,-0.2965331538202626,-0.244122965641953,-0.243849493487699,-0.255167498218104,-0.3258064516129032,-0.2028985507246377,-0.2290667650313538,-0.0865384615384615,-0.0833333333333333,-0.0164705882352942,-0.009478672985782,0.0,0.0571573090541224,0.0245098039215685,0.1058201058201058,0.1675977653631284,0.0408366533864541,0.1708683473389354,0.4295485636114911,0.3933333333333333,0.372291529875246,0.3841059602649006,0.3483870967741935,0.398929049531459,0.487544483985765,0.5378955114054451,0.4026845637583891,0.5144927536231882,0.7019543973941367,0.7863247863247864,0.7986230636833047,0.6076923076923075,0.5809379727685324,0.6417910447761193,0.6201550387596897
ORDH-L^B19,17.0,0.0890836076472344,4.476857850988828e-07,0.048574665948347,0.1513726721045497,0.064002471952315,0.5148529042461614,-6.6945000000000014,0.3571978924507769,0.0930988970373909,-0.0040312673467344,-0.0201732025313298,1.0,0.0944347540658241,0.085822249360625,1.7967780085570774e-08,0.0479744280683113,3.8789044310808807e-10,0.0749999999999998,0.0873004551412661,1.028669548420164e-06,0.0905091052558292,3.0,0.1541132678795954,-0.5779584402447016,0.2197585935398612,0.2440456603079534,-2.541171562893342,-0.0209823698878542,-0.0746380877567052,0.4289385577149433,2.1733496181785243,-0.0636942675159236,0.0753424657534247,-0.0818713450292397,0.0466666666666666,0.1056338028169014,0.0902777777777779,0.0608108108108109,0.2076923076923076,0.4811320754716981,0.4952380952380952,0.4811320754716981,0.4952380952380952,0.5544554455445545,0.5242718446601942,0.6354166666666667,0.8255813953488373,0.8255813953488373,0.7840909090909092,0.7640449438202248,0.670212765957447,0.5392156862745099,0.4952380952380952,0.5392156862745099,0.5242718446601942,1.0128205128205128,0.9625,1.1805555555555558,1.4153846153846152,1.3088235294117645,1.3088235294117645,1.1805555555555558,0.9873417721518988,1.453125,1.492063492063492,1.8545454545454545,1.9074074074074077,1.8545454545454545,1.1805555555555558,1.378787878787879,1.27536231884058,0.8470588235294119,0.8255813953488373,0.8690476190476193,0.8690476190476193,0.9625,1.1805555555555558,1.378787878787879,1.6166666666666667,1.0657894736842106
ORES-L,16.0,0.0027582820668342,2.0696578667095583e-06,0.2245613840086078,0.0815080688466212,0.0076524105093104,0.4130964888382387,0.6355,4.762638566010366,0.7214972830496057,-0.0573738574892744,0.0991234457629053,1.0,0.2127556927827093,0.0551120749284926,-7.755853909691377e-08,-0.1266629651795817,1.6241625401182517e-12,1.0,0.0076827542385119,3.8995626702438813e-07,-0.1748913718187461,4.0,0.0076669576996255,8.396233801051133,3.2395071800333968,-27.580247920774177,0.5307147594633604,0.005443807093367,0.006697460811881,0.4419743014480932,1.6536866802719628,-0.3333333333333332,0.5,0.5,0.5,0.5,0.5,0.0,0.0,0.0,0.0,0.0,-0.25,-0.25,-0.25,-0.25,-0.25,-0.25,-0.25,-0.25,-0.4,-0.4,-0.4,-0.25,-0.25,-0.25,-0.25,0.0,-0.25,0.0,0.0,0.0,0.0,0.0,0.0,0.0,0.0,0.0,-0.25,0.0,0.0,-0.4,0.5,0.5,0.5,2.0,0.5,0.5,0.5,2.0
ORET-L,23.0,0.3808274470232088,2.989777891189588e-07,0.0324395965112473,0.1110117717180748,-1.320529236022194,0.5259794524180298,-0.253,2.381319283005183,1.3588898732112356,-0.0251865671641791,-0.1060903732809435,1.0,0.0700683593749999,0.4203789042498719,-9.883296057032636e-08,0.2119182843095701,1.5091151617753283e-14,0.5,0.4665993945509586,6.973274317230225e-08,0.2335557673975215,4.0,0.0052172283058409,0.1670006061422412,0.1613713995912951,0.2552049090510631,0.9052318052318054,-0.1083016661794796,-0.1335616438356164,0.9415954415954416,1.6536866802719628,0.0,0.0,-0.1176470588235295,-0.2105263157894736,-0.2500000000000001,-0.2500000000000001,-0.1666666666666666,-0.1176470588235295,0.0714285714285714,0.0,-0.0625,0.0,0.0,-0.1176470588235295,-0.0625,-0.1176470588235295,-0.1176470588235295,-0.0625,-0.2105263157894736,-0.2500000000000001,-0.2500000000000001,-0.2500000000000001,-0.2857142857142857,-0.2857142857142857,-0.375,-0.4642857142857143,-0.4642857142857143,-0.4230769230769231,-0.4,-0.1666666666666666,-0.1176470588235295,-0.0625,-0.1666666666666666,-0.1666666666666666,-0.2500000000000001,-0.3181818181818182,-0.3181818181818182,-0.1666666666666666,-0.0625,-0.0625,0.0714285714285714,0.1538461538461537,0.25,0.25,0.25,0.1538461538461537,0.25,0.25,0.1538461538461537
ORUE-L^D23,8.0,-0.04269904181401,9.875815494824248e-08,0.0107154270829179,0.1287106649852984,0.0216209799423123,0.5598249925450444,-195.0937,0.7032970787176578,-0.2735873264559495,-0.0006846400484323,0.075746345650579,1.0,0.1075245305024062,-0.2930572206047458,-1.2728847172886249e-08,-0.0984192387979857,3.7918001855517444e-08,0.1476696308086224,0.0134803825278005,9.562145696465244e-07,-0.0066445595584487,2.0,1.6922112511420162,0.1067994603772539,0.0257959162049454,-0.5535078093167551,0.114201532187717,-0.0062475241768775,-0.066823704886588,0.0587087393831581,1.6536866802719628,0.0049019607843137,0.0179640718562874,0.0230692076228684,0.0109018830525271,0.0292633703329969,0.0292633703329969,0.0461538461538459,0.0669456066945606,0.1027027027027025,0.0770855332629354,0.1171960569550929,0.0591900311526478,0.0580912863070537,0.039755351681957,0.0418794688457611,0.0179640718562874,0.0376398779247202,0.0149253731343281,0.0119047619047618,0.0139165009940356,-0.0201729106628243,-0.0340909090909091,-0.0077821011673151,-0.0350047303689688,-0.0097087378640777,-0.0413533834586467,0.0069101678183611,0.0429447852760735,0.0365853658536585,0.040816326530612,0.130820399113082,0.1512415349887133,0.1135371179039299,0.0920770877944325,0.1270718232044196,0.1577752553916003,0.1764705882352939,0.2911392405063289,0.050463439752832,0.0251256281407035,0.2423873325213152,0.2378640776699028,0.1551528878822197,0.0548086866597723,0.1099020674646353,0.1184210526315789,0.2670807453416146,0.3456464379947228,0.2215568862275447
OSZQ-L,18.0,0.0189160187940456,4.24866679444303e-07,0.0460987543351015,0.0675193160363947,0.1166158156510207,1.083969346308019,-32.4041,0.15187890158091,-0.0426316092009823,0.0303494333676544,0.0506942605475886,1.0,0.3766170379592953,-0.046037824637743,8.906682842957658e-08,-0.0325248550873687,6.353590219493009e-09,0.0318896551724138,0.0118333962400721,9.475015715089554e-07,0.0511153703095286,3.0,0.2500536544227568,-0.0564671718635278,-0.0304846666726017,-0.3225044217937858,0.0484357246492515,0.001583856704382,0.0045820811849313,0.0125876334115681,1.2816249739623282,-0.1283185840707964,0.0366972477064218,-0.0583333333333333,-0.1455576559546314,-0.2325976230899831,-0.2813990461049285,-0.3420669577874818,-0.3401459854014599,-0.3343151693667158,-0.3808219178082191,-0.3858695652173913,-0.4106910039113429,-0.4644549763033175,-0.4152652005174645,-0.4271229404309252,-0.4385093167701864,-0.4932735426008969,-0.4966592427616927,-0.5420466058763931,-0.534020618556701,-0.552917903066271,-0.5232067510548524,-0.496098104793757,-0.4846066134549601,-0.448780487804878,-0.4657210401891254,-0.4774566473988439,-0.494407158836689,-0.4242038216560509,-0.412987012987013,-0.496098104793757,-0.4909909909909911,-0.4137483787289235,-0.412987012987013,-0.3203007518796993,-0.3765517241379311,-0.4405940594059406,-0.4650887573964497,-0.4688601645123385,-0.5206786850477201,-0.5387755102040817,-0.5533596837944664,-0.5392456676860347,-0.577174929840973,-0.5564278704612365,-0.532574974146846,-0.517094017094017,-0.5032967032967033,-0.4840182648401827
OTXM-L,16.0,0.0088524012268312,9.468574359684056e-07,0.1027356355366854,0.2157293940682673,0.297245064485246,0.4555553356430833,-264.8608,0.1750366763665226,-0.1127352117703126,0.0456047678066089,0.0008521869590211,1.0,1.004316794789038,0.0619531873054557,1.0248670885140944e-07,0.0299646935955417,2.6590831255374344e-08,0.0367520385896404,0.002795687023167,3.746888981139328e-07,-0.0788889852030048,2.0,1.127458131066112,0.3428925004453326,-0.3898960162160559,0.3898960162160559,0.3898960162160559,0.0157900411581659,0.0224393666529625,0.3898960162160559,0.5120809304502565,0.0045180722891566,0.0178845171180379,-0.1799094277480444,-0.1899145994306628,-0.1751552795031055,-0.1748135874067936,-0.1461637376768108,-0.1424881618596641,-0.1376623376623376,-0.2267080745341614,-0.2857655073503047,7.512820512820514,7.512820512820514,7.512820512820514,7.512820512820514,7.512820512820514,7.512820512820514,7.512820512820514,7.512820512820514,7.623376623376624,7.440677966101695,7.892857142857142,8.39622641509434,7.440677966101695,7.440677966101695,7.660869565217393,6.350553505535056,7.440677966101695,7.586206896551726,8.39622641509434,6.691119691119693,6.781250000000001,6.84251968503937,7.231404958677686,6.191335740072203,5.425806451612903,5.405144694533763,6.088967971530249,6.432835820895523,7.16393442622951,5.892733564013841,6.460674157303371,5.940766550522649,6.114285714285716,6.063829787234043,6.460674157303371,7.334728033472803,8.30841121495327,8.265116279069769
OUBM-L^J22,9.0,-0.4952078878300737,3.083092156564182e-07,0.0334520720956095,0.1059081466243512,-0.7358314136956086,1.5165780716519166,-1.9145,2.360948812272921,0.1358855315546015,-0.0120382046695072,0.4279639400672587,1.0,0.6824302053716375,-0.5860425617208248,-2.0675028335952725e-07,-0.8353117775775252,7.242677349822848e-11,0.4957228602485941,-0.4380822813948876,1.342757455791704e-07,0.0173794304339089,3.0,0.057253497705493,5.231466177797065,0.313526840163067,0.5163144740942007,-0.6668015361715777,0.0321664855836118,0.0453568114748951,0.2253631341464839,1.6536866802719628,0.0,0.0,0.0,0.0,0.0,0.0,0.0,0.0,0.0,0.0,0.0,0.0,0.0,0.0,0.0,0.0,0.0,0.0,0.0,0.0,0.0,0.0,0.0,0.0,0.0,0.0,0.0,0.0,0.0,0.0,0.0,0.0,0.0,0.0,0.0,0.0,0.0,0.0,0.0,0.0,0.0,0.0,0.0,0.0,0.0,0.0,0.0,0.0,0.0
OVEP-L,12.0,1.1546619766268578,1.2684034102918472e-06,0.1376239183673477,0.8096895349621337,-0.1086179989595977,0.0175723199226347,28.7243,0.0297664910375646,23.31041575060921,-0.0001641200702433,0.5998603351955308,1.0,0.0140825974166839,-0.0839859988402232,-1.287365127050081e-07,0.0124415502623182,2.7288987621420244e-15,0.0062499999999999,0.0218236799110308,2.067944513527869e-06,11.629944754645626,2.0,0.0058123362067956,0.3296255625795636,-1.1349203437878252,1.114556731120029,1.3991430576000885,0.2477743571460924,0.2874049844500749,1.114556731120029,1.6536866802719628,-0.2727272727272727,-0.2666666666666666,-0.6666666666666667,-0.7380952380952381,-0.7380952380952381,-0.7380952380952381,-0.75,-0.7555555555555555,-0.7659574468085106,-0.7755102040816326,-0.78,-0.8035714285714286,-0.7884615384615384,-0.7608695652173914,-0.7659574468085106,-0.7884615384615384,-0.7608695652173914,-0.7441860465116279,-0.7608695652173914,-0.7380952380952381,-0.7708333333333333,-0.7962962962962963,-0.8307692307692308,-0.8,-0.7608695652173914,-0.7659574468085106,-0.7962962962962963,-0.7441860465116279,-0.7659574468085106,-0.6857142857142857,-0.65625,-0.6333333333333333,-0.5769230769230769,-0.5416666666666666,-0.5416666666666666,-0.5769230769230769,-0.56,-0.4761904761904761,-0.45,-0.4210526315789473,-0.3529411764705883,-0.2666666666666666,-0.0833333333333332,-0.1538461538461538,-0.0833333333333332,-0.0833333333333332,-0.2142857142857143,-0.2666666666666666,-0.3125
OVFJ-L,17.0,0.2886306057547548,2.124950848315332e-07,0.023056076616499,0.0715562921773152,0.0033210806822967,1.334447162281691,-207.4687,0.318095250861691,0.0168642351686733,-0.0096904651694816,0.3043350248052074,1.0,0.0513520363463854,-0.1897737544080017,-1.840187443385294e-07,0.1721062680191134,1.0794304088746916e-07,0.0667897104625677,0.1623728784945781,6.836415305017409e-06,0.3126876143182666,3.0,0.2020966002690575,-0.0412913687365389,-0.7324022512793,-0.3415139612751278,-1.820705780885033,-0.0514618808993682,-0.5500634705533143,0.3033670648003073,1.6536866802719628,-0.2172191984166254,0.0181360201511335,-0.0817810086324398,-0.2030757097791797,-0.0855203619909502,-0.1120386643233743,-0.1410964725881852,-0.262946754194019,0.333993399339934,0.2044100119189511,-0.0078546882670593,0.2584059775840599,0.2498453927025354,-0.0682342093130474,-0.0929084380610413,0.0548016701461377,0.1086121777290181,-0.0985727029438001,-0.0417259364627785,-0.083862194016319,-0.0937219730941704,-0.1863929146537841,-0.2235881674990395,-0.2464578672632363,-0.1751020408163265,-0.2805268778924884,-0.2923669467787114,-0.2732829917295936,-0.2422197225346831,-0.2181818181818181,-0.303103448275862,-0.3592263792010145,-0.2481398809523809,-0.1596673596673596,-0.0569295380307979,-0.1850806451612903,-0.1147612790188348,-0.1458157227387996,-0.2370705926764815,-0.29753215154675,-0.3021408839779005,-0.2402255639097744,-0.1880273202089192,-0.2640203932993444,0.0069755854509216,0.0959869848156182,-0.2350492051476155,-0.1232104121475053,-0.1511969760604786
OVJK-L,18.0,0.2376047734053132,8.079521313985834e-07,0.0876641747208316,0.0938185006576063,0.4101195770333037,4.377745646308669,0.3209999999999999,2.549544350093461,0.0230782932541361,0.0054198583610348,0.0049778843743715,1.0,0.9642857142857144,0.0749150897622513,1.178704201805643e-07,-0.0431097425478555,1.0018782599193828e-11,0.5353218210361067,0.0059667566415684,4.6287480598134964e-07,0.6819507023588656,4.0,0.0038545957679778,0.1946902654867256,0.1314859334268184,0.651275702086305,0.2412528082794873,0.0237616943121161,0.0373747404531912,0.5921207725088403,0.3673722266198233,-0.0799999999999999,0.0,-0.0291262135922329,0.0204081632653061,-0.0196078431372549,-0.0384615384615385,-0.0740740740740741,-0.1379310344827585,-0.0566037735849057,-0.0099009900990099,0.1904761904761904,0.1904761904761904,0.6129032258064517,1.1739130434782608,1.1739130434782608,1.272727272727273,0.9230769230769228,0.7857142857142856,0.5873015873015872,0.6666666666666667,0.7241379310344829,1.2222222222222223,1.380952380952381,2.7037037037037037,2.4482758620689657,2.4482758620689657,2.333333333333333,2.125,1.8571428571428568,1.8571428571428568,1.272727272727273,1.272727272727273,1.272727272727273,1.127659574468085,1.0833333333333337,0.9230769230769228,1.0408163265306123,1.0,1.0833333333333337,1.3255813953488371,1.3255813953488371,1.0833333333333337,1.0833333333333337,1.1739130434782608,1.0833333333333337,1.0,1.6315789473684212,1.6315789473684212,1.4390243902439024
OVJO-L^L19,11.0,-0.3586920801840289,4.5857091378036034e-06,0.4975572084690887,0.2301738090211807,-2.151101596646152,4.0790418754283975,-0.5209999999999999,0.0953995398430428,-0.2096153098827641,-0.0046473952189688,-0.0198651020973851,1.0,0.1420004797313504,-0.4359867239784537,-5.857993478949964e-06,-0.6231855040544587,1.6128780898216916e-11,0.0200308166409861,0.0320407492605981,2.320724497097984e-06,-0.1205364626990778,3.0,0.0006355460372464,0.0373891364023593,-0.033861667942807,0.0714730550579141,-0.0037285568194049,-0.0459902638995644,-0.0692649044954659,0.0074839468210182,1.6536866802719628,0.0,0.0,-0.3333333333333332,-0.3333333333333332,-0.6000000000000001,-0.6666666666666666,-0.75,-0.6000000000000001,-0.5,-0.7142857142857143,-0.7777777777777778,-0.8181818181818181,-0.8333333333333333,-0.8571428571428572,-0.8823529411764706,-0.9047619047619048,-0.92,-0.9130434782608696,-0.9285714285714286,-0.9333333333333332,-0.9047619047619048,-0.8666666666666667,-0.8947368421052632,-0.9130434782608696,-0.9130434782608696,-0.9411764705882352,-0.9375,-0.975609756097561,-0.9761904761904762,-0.975,-0.9772727272727272,-0.9777777777777776,-0.971830985915493,-0.9726027397260274,-0.9746835443037974,-0.975609756097561,-0.9782608695652174,-0.976470588235294,-0.9753086419753086,-0.9682539682539684,-0.96875,-0.9661016949152542,-0.967741935483871,-0.9615384615384616,-0.9565217391304348,-0.9565217391304348,-0.9523809523809524,-0.9636363636363636,-0.9555555555555556
OVJR-L,16.0,0.2924590163934427,6.137269361277283e-08,0.0066590412066182,0.1875412164561456,0.1933612632935868,5.145567251876887,0.1842,-0.2721507752005925,0.1730288321825893,-0.0707833555456834,0.0215010354511453,1.0,0.6399999999999999,0.2372881355932204,4.371753517622175e-08,-0.0737986270022883,1.7845165406092145e-13,-0.0571428571428571,0.1291803278688526,4.912617895122865e-07,0.2985185185185183,4.0,0.0010032547987084,-0.2477192982456141,0.0383468046748165,-0.8793462947309097,0.3496625690885904,0.0535163911459792,1.1315165876777251,0.32065370526909,-0.5300277821384496,0.0,0.4444444444444446,-0.0714285714285715,-0.1333333333333333,0.0833333333333334,0.04,0.0833333333333334,-0.037037037037037,0.0833333333333334,0.1818181818181818,0.1818181818181818,-0.0714285714285715,0.3,0.3,0.2380952380952381,0.04,0.04,0.04,-0.0714285714285715,-0.1333333333333333,-0.2352941176470588,-0.2571428571428571,-0.2777777777777777,-0.2777777777777777,-0.2777777777777777,-0.35,-0.35,-0.1333333333333333,0.0,-0.0714285714285715,-0.1875,0.3,0.7333333333333334,0.857142857142857,0.857142857142857,0.625,0.625,0.5294117647058822,0.5294117647058822,0.625,0.625,0.1818181818181818,0.1818181818181818,0.0,0.625,0.625,0.625,0.625,0.368421052631579
PAPB-L,16.0,-0.1565948587191396,-1.3855063627247325e-07,-0.015032978704874,0.7947017745174012,-0.0817259494342663,0.6550707941530817,-3.9671,0.2202376215496125,-0.0637335968030982,-0.0002143576852673,-0.0086581401145112,1.0,0.2883023582695611,0.6916244623724327,-6.513770491803176e-08,0.0772835512139394,5.813415370421511e-11,0.046242774566474,0.0059502089518171,7.239236351978238e-07,-0.0670642110649821,4.0,0.1079053363907319,0.1248048837102312,-1.8330625141234007,0.2411121785439431,0.627158559322853,-0.015866035610787,0.067033676283006,0.2299341387883281,1.6536866802719628,-0.1958685913389746,0.0395860284605433,-0.0289995166747221,-0.1843280552172147,-0.2030940103133677,-0.1999203504579848,-0.2624816446402349,-0.2267128560431101,-0.1871333198462472,-0.2697201017811705,-0.2860696517412935,-0.2918575960521677,-0.3073607998620927,-0.3431420631028282,-0.3482562854825628,-0.3766677008997827,-0.3485732814526588,-0.3643410852713178,-0.4172588832487309,-0.3146853146853147,-0.3323363243602526,-0.337510305028854,-0.3308909242298085,-0.2673231218088986,-0.2550982573229514,-0.2901060070671378,-0.2979206709767604,-0.2421727649943418,-0.2690558486447153,-0.260173080464003,-0.2912330216969483,-0.3021882598124349,-0.2759055685709137,-0.2628875435699871,-0.224474039760664,-0.4344827586206896,-0.4069372693726937,-0.4187762187183567,-0.5289013952397703,-0.5299485259709874,-0.5181098584792516,-0.5291774080149989,-0.4860578152980302,-0.4949723479135244,-0.5107160253287872,-0.4099853157121879,-0.4415566365531619,-0.3793636082792708,-0.391672975018925
PFOX-L,14.0,0.0073320199661272,3.138043184325406e-07,0.0340483000541162,0.0161651335037462,0.1183808800184625,2.932636876889384,-981.6405,0.7093640842016216,-0.0097980538410447,-0.0005548533321671,0.0209786391497361,1.0,0.1114144799274444,-0.0241876821189183,2.3381982546488103e-08,-0.0149549178069849,0.0002415041339121,0.14894350565759,0.0751279948634798,5.714383642391519e-07,0.0264049114105488,4.0,32.152942940743415,0.1774269092209181,0.1036001496385065,0.228907663080365,0.0162293862321696,0.0025138572940652,0.0070720854879297,0.1352762258008404,1.001043322417512,0.0049200492004919,0.018796992481203,0.0239294710327455,0.0111940298507464,0.029113924050633,0.0304182509505703,0.0463320463320464,0.1515580736543911,0.1323119777158776,0.055844155844156,0.0024660912453762,1.0846153846153848,1.3982300884955752,1.1622340425531918,1.3162393162393164,1.2152588555858317,1.4196428571428577,1.6920529801324506,1.842657342657343,1.674342105263158,1.589171974522293,1.4053254437869829,1.4862385321100922,1.9350180505415169,1.8626760563380285,2.304878048780488,2.7813953488372096,3.593220338983051,3.324468085106384,4.211538461538462,5.302325581395349,3.987730061349694,4.420000000000001,5.253846153846154,8.238636363636365,8.033333333333333,7.648936170212767,6.0086206896551735,7.934065934065934,5.067164179104478,3.0650000000000004,2.213438735177866,1.882978723404256,1.597444089456869,1.8626760563380285,1.7009966777408645,2.213438735177866,1.719063545150502,1.5646687697160888
PGUD-L,15.0,0.0584224017023747,3.420939828607331e-06,0.371177765600249,0.0124607799193186,0.0478103496280975,0.5951993858593289,-47.1,0.3351816812578875,0.0014227011326678,0.0079798810272283,-0.0050279329608937,1.0,0.2856371490280777,0.197401614530777,2.5946241194535748e-08,0.0437949344485634,5.4514314832424546e-09,0.0703773080010703,0.0060453644145669,4.46563640114843e-06,-0.0280021962506863,4.0,0.0780189966769033,-0.0100376073426142,-0.0557725943955869,-0.0350915047895929,0.0967900789041385,-0.0077503043926196,-0.018253005404213,0.0364372469635628,3.146598266628596,-0.0833333333333332,-0.0769230769230769,-0.1428571428571429,-0.1428571428571429,-0.1219512195121951,-0.0526315789473684,-0.1,-0.0526315789473684,-0.0526315789473684,-0.0769230769230769,-0.1219512195121951,-0.1627906976744186,-0.1627906976744186,-0.0769230769230769,-0.1219512195121951,-0.1,-0.0769230769230769,-0.1,-0.1,-0.1627906976744186,-0.2173913043478261,-0.1,-0.1,-0.2340425531914893,-0.1818181818181818,-0.2173913043478261,-0.3076923076923077,-0.2941176470588236,-0.25,-0.1428571428571429,-0.1428571428571429,-0.0769230769230769,-0.3684210526315788,0.125,0.0,-0.0769230769230769,-0.1,0.0285714285714286,0.125,0.0588235294117645,-0.1,-0.0526315789473684,-0.1,-0.2173913043478261,-0.1428571428571429,-0.1627906976744186,-0.1818181818181818,0.125,0.0
PICE-L,19.0,0.0211593157259895,2.007124409396571e-06,0.2177763979744797,0.0430948258165626,0.0823343362430565,1.4502133787851277,12.6192,0.4954872802213595,0.0097107094387426,0.0050452115583362,0.0125584769396029,1.0,0.1886821645994237,0.0432865311961673,1.057988254208267e-07,-0.0482498367626069,1.673756075574992e-08,0.1040362969714971,0.0326352655726379,5.625544710426499e-06,0.0133009671517209,4.0,0.0538958241221106,0.0013748688508504,0.0882513032491445,-0.0316611628048777,-0.0889931522152062,0.0066758737683889,0.027637379178359,-0.0353316698468876,3.060085184108172,-0.0909829406986191,-0.0501543209876543,-0.1539518900343642,-0.1721587088096838,-0.2741745283018868,-0.2489322757779133,-0.3974547234459128,-0.4610332749562171,-0.296973158195317,-0.335671883432272,-0.425839552238806,-0.5399850523168909,-0.5136309758988542,-0.5010133765707336,-0.4788314987298899,-0.4979608482871125,-0.4143672692673643,-0.3575156576200418,-0.3664436438497169,-0.0847583643122675,0.0181968569065342,0.0335852225020991,0.0173553719008265,0.2574055158324824,0.4619952494061758,0.0893805309734512,0.1130198915009041,0.1451162790697675,0.1591337099811678,0.1723809523809525,0.1398148148148148,0.0893805309734512,0.0539383561643835,0.1293577981651377,0.1580432737535277,-0.0737396538750939,-0.0472136222910216,-0.1034231609613983,-0.0183413078149918,0.0732345248474279,0.0073649754500817,0.1547842401500938,0.0530367835757057,0.0713664055700609,-0.0552570990023022,-0.003238866396761,0.0361952861952861,0.2009756097560975,0.1335174953959486
PJAU-L,17.0,1.110189592784609,9.517490860879878e-07,0.1032663878598631,0.1300902274486535,0.0763167727895799,0.3489929689743024,15.4339,0.2672745104657609,-0.0949311057876379,0.0036911115384215,0.72137614976017,1.0,0.0295049734087612,0.3212401277447568,7.768592550880094e-08,0.544358148302413,2.1780222398668585e-08,0.0561189993238674,0.8438364510513262,2.762184249288284e-06,1.5604568161122572,2.0,0.9148521807024534,-0.280922795829259,-0.4455719546571626,0.7978413469899102,0.6535461504623259,0.0051038775510204,0.0203626577208303,1.2266044872269934,0.6005925772847109,0.0100378787878787,0.0718635809987819,0.0664512219753585,0.0900082576383154,0.1094767808363099,0.1104100946372239,0.1342642320085929,0.1426098247132654,0.1873172925567798,0.1573871109162647,0.2154696132596685,0.242060691601976,0.2168702466005991,0.2038303693570451,0.2154696132596685,0.148575157711551,0.1905298759864711,0.2110091743119264,0.1660777385159009,0.284046692607004,0.2574422481543224,0.2713700939080181,0.3428280773143437,0.2488174077578049,0.3555840821566109,0.2577417818008576,0.3350189633375473,0.3902053712480253,0.3167082294264338,0.2461647392022656,0.5055603079555175,0.4999999999999998,0.509433962264151,0.5295480880648897,0.5474794841735053,0.658291457286432,0.7605868622874292,0.6831367548613323,0.6443475552787292,0.8346073662265461,0.9939577039274924,1.020665901262916,0.8703506907545164,0.806363325350667,0.8250950570342204,0.8057455540355678,0.800818553888131,0.7741935483870965,0.6671929270603092
PJEH-L,12.0,0.0689547466144391,5.576871452066424e-07,0.060509999834184,0.0522061216726666,0.1459276985880469,2.642636186751349,61.0878,0.4325273280409452,0.004664097711386,0.0015206965891801,0.0147134774800258,1.0,0.173752724979372,0.1152766192876024,7.844895144115265e-08,0.0094754191335225,1.032456406553042e-06,0.0908167441316612,0.0488590221115664,7.477756493334244e-07,0.0342127020606683,4.0,1.4838454224853002,-0.0574319168930773,-0.0289225023316417,-0.0780754746251442,0.0422934103496151,0.0162567116839936,0.0406148494398143,0.0815587582105605,0.5783779065643451,-0.076507164098405,-0.0942703232125368,-0.2237145855194123,-0.2225725094577553,-0.1972656249999999,-0.1228361394356177,-0.1564424173318129,-0.1192857142857142,-0.1251182592242194,-0.1781826260830925,-0.1895267309377738,-0.2119727311461439,-0.1912986445124617,-0.1591270743350761,-0.1080299011333493,-0.1006564551422319,-0.1506314580941445,-0.1852422907488986,-0.1807308970099667,-0.1993506493506494,-0.1829025844930417,-0.215815136739453,-0.1977878985035783,-0.174330357142857,-0.1039244186046511,-0.1593181818181818,-0.1294422216992233,-0.112097935669707,-0.0276025236593059,-0.0175298804780875,0.004344284550638,-0.085085332673757,-0.0780159521435691,0.0541464804787688,0.0969750889679716,0.041385135135135,0.010379677683693,-0.0592573753814852,0.0317991631799163,0.0419718309859156,0.001895991332611,-0.0048426150121064,-0.0661449129007826,-0.0708364732479276,-0.0953778429933969,-0.029897718332022,0.0024390243902439,0.0195700110253582,0.0349748181309457
PJLY-L,17.0,0.0496737700385537,-3.408937992378195e-07,-0.0369875546041349,0.0155856592121343,0.118768463651349,0.6510860056053346,36.1455,0.5939763589957713,0.0431897997362157,0.0085814415182358,0.0582396671950193,1.0,0.2516737757805402,0.4984184124137245,5.240045311401475e-08,-0.0473604852844276,4.211957749218633e-08,0.124715816823644,0.0301502117906344,1.5059510830170785e-06,0.1259726428261796,5.0,1.2212600541002163,-0.0257721659083864,0.1380923856711173,-0.3026668589742736,-0.1014946705239912,0.0080530916047981,-0.028255886160856,0.0147386947198124,0.7740734327712675,-0.0425200933367903,-0.0097560975609757,-0.0829766999524489,-0.0871005917159762,-0.0122919334186939,0.0917067647891312,0.0209105346744309,-0.0952380952380952,-0.1883417508417508,-0.2179643146796431,-0.2920337738619676,-0.2497568566426764,-0.2487339306583561,-0.2682602921646746,-0.2327431867913268,-0.2612526335950967,-0.2681214421252372,-0.2107632494372825,-0.2551178061027424,-0.1812778603268945,-0.1917435037720033,-0.1585951134380454,-0.0807912297426119,-0.1423171002890816,-0.0624696159455517,-0.128755364806867,-0.0509350393700787,0.080392156862745,0.096050014208582,0.1054743479507021,0.1572157215721572,0.1327459618208517,0.0797872340425531,0.0128676470588235,0.0622418066648304,0.0619493392070484,0.0631201764057332,0.0219925808161101,0.0136662286465178,0.070496808215376,0.0371067491261092,0.0920158550396375,0.0684210526315789,-0.0255179383527033,0.038782655534608,0.0376647834274952,0.0541131456682153,0.0601979109400769,0.0529620529620529
PJQH-L^I20,18.0,-0.6186057039384337,-3.7614817750284415e-08,-0.0040812714357782,0.544657356284508,-2.2006557377049183,2.1709067892321032,0.247,-0.5465322944602058,0.4298084916156756,0.0862785862785862,-0.0161290322580645,1.0,6.59375,-1.0768067735107347,-5.282364366742696e-07,-0.066524660003277,8.070549180341968e-14,-0.1147540983606557,-0.0334993209597102,2.871461874716593e-07,0.7452745274527454,4.0,0.0018985282779133,2.270915354330709,-0.0296555463581471,1.24388318863457,0.2701213504106917,-0.4673590504451038,3.1003937007874014,0.24388318863457,1.6536866802719628,-0.2786885245901639,0.1090909090909089,-0.3222222222222223,-0.1527777777777778,0.6052631578947367,1.0333333333333332,0.7428571428571429,0.7428571428571429,0.7941176470588234,0.6052631578947367,0.6944444444444444,0.6486486486486487,0.6052631578947367,0.6944444444444444,0.4523809523809523,-0.4351851851851852,-0.4958677685950413,-0.5481481481481482,-0.608974358974359,-0.7458333333333333,-0.7175925925925926,-0.7458333333333333,-0.7214611872146119,-0.5579710144927537,-0.4649122807017544,-0.5271317829457365,-0.5481481481481482,-0.5793103448275863,-0.6064516129032258,-0.6453488372093024,-0.5579710144927537,-0.5307692307692308,-0.6139240506329114,-0.4695652173913043,-0.512,-0.6494252873563218,-0.3068181818181819,-0.3578947368421052,-0.4454545454545455,-0.2469135802469136,-0.3068181818181819,-0.1159420289855072,-0.2738095238095238,-0.1029411764705883,-0.0161290322580645,0.6944444444444444,60.0,60.0,60.0
PJQK-L,5.0,-0.1662269129287599,1.0267937772091403e-06,0.1114088639530044,0.0010460251046025,-0.2741652021089631,1.1863315965450123,-3.55,2.2472255758068327,-0.1445715876003592,-0.0023062730627306,-0.0161955835962145,1.0,5.0,-0.2143698468786808,-2.201371966130541e-07,-0.2196642685851314,4.0374662473180606e-11,0.4718446601941747,-0.0052770448548812,4.3257728844942793e-07,-0.0243055555555555,3.0,0.0182635383717012,0.4166666666666667,-0.0022474937254513,0.5179816513761467,-0.0993883792048929,-0.0870253164556962,-0.0989208633093525,0.0779816513761467,1.6536866802719628,0.0227272727272727,0.1578947368421053,0.1578947368421053,-0.0222222222222222,0.0,-0.0222222222222222,-0.1020408163265306,-0.1538461538461538,-0.12,-0.1372549019607842,-0.1538461538461538,-0.0434782608695653,-0.0833333333333332,-0.2,-0.169811320754717,-0.2,-0.2,-0.0833333333333332,-0.12,-0.0434782608695653,0.0476190476190476,-0.0833333333333332,-0.12,0.0232558139534884,0.0999999999999998,0.0232558139534884,-0.0222222222222222,0.0476190476190476,0.2571428571428573,0.0476190476190476,-0.1538461538461538,-0.169811320754717,-0.1372549019607842,-0.2280701754385964,-0.3125,-0.380281690140845,-0.3333333333333333,-0.4567901234567901,-0.4430379746835443,-0.4761904761904761,-0.4430379746835443,-0.4210526315789473,-0.4430379746835443,-0.4634146341463414,-0.3714285714285713,-0.3125,-0.3230769230769231,-0.3125,-0.2903225806451612
PJQQ-L,17.0,-0.1729599518217404,1.0518268256353669e-06,0.1141249921068259,0.1594698900458749,-1.8410941061543469,-0.144582107129464,-145.4,0.4731097913255334,5.873712133308769,6.748103635109841e-05,-37.46078431372549,1.0,7.399999999999999,-0.1928880026586906,-2.544896000754927e-07,-0.1275627925374039,9.951000760453949e-12,0.0993377483443709,-0.0003011141222523,1.343476411562591e-07,0.0203947368421052,1.0,0.3245817277829194,2.083333333333334,1.589225589225589,-1.589225589225589,-1.589225589225589,-0.0829973118279569,-0.0914630041069144,-1.589225589225589,1.6536866802719628,-0.0603448275862067,0.0265486725663717,-0.1076923076923077,-0.1145038167938932,-0.072,-0.1076923076923077,-0.1532846715328468,-0.1594202898550725,0.0086956521739129,0.0545454545454544,-0.0793650793650794,-0.1830985915492957,-0.2317880794701987,-0.2162162162162162,-0.1773049645390071,0.0086956521739129,-0.1714285714285714,-0.1145038167938932,-0.1654676258992805,-0.1714285714285714,-0.2368421052631579,-0.2704402515723271,-0.3894736842105263,-0.3519553072625698,-0.1830985915492957,-0.2214765100671141,-0.3095238095238095,-0.42,-0.2266666666666666,-0.2,-0.3095238095238095,-0.3255813953488372,-0.3294797687861271,-0.3555555555555556,-0.3483146067415731,-0.4341463414634146,-0.5063829787234043,-0.5206611570247934,-0.5126050420168067,-0.4751131221719457,-0.4341463414634146,-0.4313725490196078,-0.4604651162790698,-0.4341463414634146,-0.4889867841409692,-0.536,-0.5021459227467812,-0.4341463414634146,-0.4528301886792453
PJQT-L,7.0,-0.2404653074478774,1.6886502813202826e-06,0.1832214156645547,0.0603732395883435,-0.6135903685122402,0.7712877952332101,-54.368300000000005,-0.6358719949243234,-0.1394886366706423,-0.0068531200429799,-0.0109927136805338,1.0,2.0749880516170145,-0.1770995098339633,-4.347293874994443e-07,-0.1224526079731105,3.7929638691211406e-10,-0.1335125448028674,0.0020427385447676,4.258863298720158e-07,-0.4239110199548712,4.0,0.0473947363598266,-0.1700106893443693,0.0508808695917414,0.6977111452152386,0.2023410532183652,-0.1578273117703481,-0.1917709573804401,-0.3022888547847614,1.6536866802719628,0.0909090909090908,-0.1729323308270676,-0.3373493975903613,-0.3888888888888888,-0.3785310734463276,-0.4660194174757281,-0.4660194174757281,-0.4148936170212765,-0.3373493975903613,-0.4736842105263157,-0.4954128440366973,-0.5338983050847457,-0.4607843137254901,-0.4859813084112149,-0.4859813084112149,-0.5358649789029536,-0.6321070234113713,-0.6357615894039734,-0.6333333333333333,-0.6848137535816619,-0.7043010752688172,-0.6994535519125683,-0.6875,-0.6866096866096866,-0.7985347985347986,-0.8135593220338984,-0.7962962962962963,-0.7813121272365805,-0.7659574468085106,-0.8181818181818181,-0.803921568627451,-0.8035714285714286,-0.802158273381295,-0.8028673835125448,-0.6802325581395349,-0.7157622739018088,-0.7477064220183487,-0.729064039408867,-0.6892655367231638,-0.7243107769423559,-0.7830374753451677,-0.8056537102473498,-0.8007246376811594,-0.8275862068965517,-0.8003629764065335,-0.780439121756487,-0.8752834467120181,-0.8669891172914147,-0.8668280871670702
PJQZ-L,20.0,-0.0012490513070717,7.742351712606556e-07,0.0840058274379671,0.2633913017327439,0.0385408884437153,1.0701762705268336,1.1964,-0.1404424209585511,0.0070148989225086,-0.0179240168786262,0.0029320767897641,1.0,0.7893085223519049,0.1718083493569522,-1.5838961604874335e-08,0.0210844068998048,1.124641735415314e-10,-0.029488364277913,0.013836997705555,9.20576027373819e-07,-0.1103631553631552,5.0,0.0225948725492315,0.0885619960940585,-0.1626208103590365,0.0699376324321753,-0.0822040789849912,0.0155127060709115,0.0419427519440105,0.0820846108712886,1.6536866802719628,-0.0825,0.1220196353436184,-0.0740740740740741,-0.2982456140350877,0.0723860589812332,-0.3282955499580184,-0.4700231864855912,-0.4850337946572256,-0.4344291268999646,-0.4998437011566113,-0.4668443852049317,-0.4240460763138949,-0.3827160493827161,-0.373286329808069,-0.4673768308921437,-0.4981179422835633,-0.4537384772960054,-0.5264871263687481,-0.5616438356164384,-0.5219599641469973,-0.5494226978315967,-0.6127783155856728,-0.5790581425940542,-0.5252225519287834,-0.5064774830351635,-0.497171590194846,-0.5004683109584764,-0.3548387096774194,-0.3955421231582924,-0.3439934399343993,-0.3159469858914066,-0.3434550677061961,-0.3846153846153846,-0.1679667186687468,-0.1439272338148743,0.3840830449826988,0.4466546112115732,0.4247551202137132,0.4505893019038984,0.4611872146118723,0.5267175572519083,0.5009380863039399,0.4883720930232558,0.442741208295762,0.6080402010050252,0.6032064128256511,0.6985138004246285,0.6460905349794237,0.6129032258064517
PJTO-L^E23,15.0,0.0354113370135989,1.896212719227988e-07,0.0205742291735177,0.0869960988296489,0.0790395197598799,0.597415864709041,-36.150000000000006,-0.77948517863703,-0.0610759491973551,-0.0093868179362506,0.0494619667234811,1.0,0.09366391184573,0.4224137931034483,9.05010615995176e-08,-0.0242111530065475,8.091045804928721e-10,-0.1636666666666667,0.021946950316413,2.0197538509352656e-06,0.0096222892431423,3.0,0.0978586444754053,0.2290291078169867,-0.031131131131131,-0.1903094875697615,-0.2584840654608096,-0.0135273098519652,0.1455155582672361,-0.0259259259259258,0.4724819086491321,-0.0817941952506596,-0.242,-0.2495049504950495,-0.2568627450980392,-0.2787821122740247,-0.2465208747514911,-0.278095238095238,-0.3109090909090909,-0.1327231121281464,-0.066502463054187,-0.0380710659898476,-0.5835164835164834,-0.5332512315270935,-0.6893442622950819,-0.673134971970677,-0.6682713347921225,-0.70390625,-0.6911165444172779,-0.6986083499005964,-0.6959486562374648,-0.6853466168534661,-0.7081247593376974,-0.686128364389234,-0.6932416025900445,-0.6932416025900445,-0.7142857142857143,-0.735612138123474,-0.7231555880204529,-0.7150375939849625,-0.7216305545354389,-0.7027450980392157,-0.6893442622950819,-0.6917446116307442,-0.7050583657587548,-0.6842982090795502,-0.7033268101761252,-0.6895986895986896,-0.6849542809642559,-0.6820469798657718,-0.6846921797004992,-0.6917446116307442,-0.6537231612608497,-0.6524530032095368,-0.6275184275184276,-0.5944355270197967,-0.6086732059886423,-0.58601856908793,-0.6029334730225249,-0.553855208946439
PJUD-L,15.0,0.0336090239643361,6.115556009849727e-07,0.0663548185255073,0.1010213801316128,0.1490027907176864,0.808801721879036,0.2590000000000003,0.0710495027885705,0.195259410958907,0.0012034060595981,0.0080585875607559,1.0,0.1057691664883944,0.0272261830709602,7.598607088055195e-08,0.0186447025686822,1.912518089387063e-09,0.0149180967238688,0.0100919516430052,6.320706618031998e-07,0.0398606558878703,3.0,0.2171304012317413,0.0189067747367671,0.0732349673316532,-0.0487174035476976,-0.1610939210268318,0.0085015466481113,0.0244734115675711,0.0155333815546691,0.1471615728868027,-0.0780669144981413,-0.0942760942760944,-0.1033333333333333,-0.135048231511254,-0.1180327868852458,-0.0528169014084506,0.0267175572519082,-0.0288808664259928,0.1746724890829694,0.0346153846153844,0.0267175572519082,0.0674603174603174,0.0674603174603174,0.0267175572519082,0.0,-0.0323741007194243,-0.0182481751824818,-0.0460992907801418,-0.0850340136054421,-0.1514195583596214,-0.1378205128205128,-0.1897590361445783,-0.1848484848484848,-0.2064896755162242,-0.0659722222222222,-0.1514195583596214,-0.182370820668693,-0.159375,-0.1378205128205128,-0.1180327868852458,-0.1405750798722044,-0.1294498381877022,-0.1567398119122257,-0.007380073800738,-0.0037037037037037,-0.0182481751824818,0.0346153846153844,0.0306513409961686,0.0386100386100387,0.0267175572519082,0.0803212851405621,0.0979591836734692,0.0846774193548387,0.0189393939393938,-0.0037037037037037,-0.0288808664259928,0.0189393939393938,-0.0460992907801418,-0.0973154362416107
PJUE-L,18.0,-0.0741745252851226,8.591264650331279e-07,0.0932166765964009,0.0275309257908943,0.003453053957727,-0.1678718730416375,-16.2365,-0.2176474613499362,0.7625089819633493,-0.0006128847200916,14.324656067429114,1.0,0.5592825529932447,-0.0133730095470889,4.6509925232619974e-08,0.0212822693346549,4.093052204512053e-12,-0.0456989247311828,6.454757950129948e-05,1.4211870738412136e-05,-0.0776107495149984,2.0,0.1458297038871937,-0.1978735144840007,0.973211334134515,-0.973211334134515,-0.973211334134515,0.0001405893869132,0.0026041200979953,-0.973211334134515,0.1979707814883696,0.0116959064327486,-0.05,-0.0311614730878186,-0.0952380952380952,-0.1576354679802954,-0.0604395604395604,-0.123076923076923,-0.1513647642679901,-0.123076923076923,-0.123076923076923,-0.131979695431472,-0.1208226221079692,-0.1139896373056994,-0.1162790697674419,-0.1275510204081632,-0.145,-0.1116883116883117,-0.1162790697674419,-0.0952380952380952,-0.1070496083550913,-0.0706521739130435,-0.0228571428571429,-0.0446927374301676,-0.0630136986301369,0.0058823529411764,0.0822784810126582,0.0363636363636363,0.0088495575221239,0.1103896103896102,0.2527472527472527,0.1140065146579805,0.1176470588235294,0.0490797546012269,0.0239520958083832,0.0118343195266272,0.0208955223880595,0.0239520958083832,0.0490797546012269,0.0822784810126582,-0.042016806722689,0.0118343195266272,0.0523076923076923,0.0458715596330274,0.0721003134796238,0.0088495575221239,-0.0311614730878186,-0.0144092219020173,0.0088495575221239,0.0426829268292683
PJUG-L^C21,25.0,-0.3666452041259703,1.4941187504032542e-06,0.1621144150734413,0.0394554218940685,-0.6420395080036353,1.225848687478235,-4.2305,-0.0173965443546317,-0.1262402406872984,0.0017816456601251,-0.0402617051605624,1.0,0.8589346487706015,-0.287477720234071,-1.4797925971399344e-06,-0.3537096510804933,1.627003785345925e-09,-0.0036527114357965,-0.0194252723567733,1.5017770018399436e-06,-0.4296886672402512,1.0,0.0414482917623451,-0.3292923260674829,0.300909133511411,-0.300909133511411,-0.300909133511411,-0.012704953480039,-0.0735208246439849,-0.300909133511411,1.6536866802719628,0.0,-0.1,-0.25,-0.1,-0.8200000000000001,-0.7954545454545454,-0.9010989010989012,-0.9174311926605504,-0.9150943396226416,-0.9,-0.898876404494382,-0.925,-0.918918918918919,-0.928,-0.918918918918919,-0.9328358208955224,-0.9426751592356688,-0.9464285714285714,-0.945121951219512,-0.9470588235294116,-0.9407894736842104,-0.9536082474226804,-0.9485714285714286,-0.9488636363636364,-0.9467455621301776,-0.9508196721311476,-0.9587155963302753,-0.966542750929368,-0.961206896551724,-0.963265306122449,-0.9756756756756756,-0.9746478873239436,-0.9764397905759162,-0.975206611570248,-0.9746478873239436,-0.9774436090225564,-0.9778325123152708,-0.9807692307692308,-0.982213438735178,-0.9820359281437124,-0.9825242718446602,-0.9840425531914894,-0.9849498327759196,-0.982421875,-0.9826923076923076,-0.9830827067669172,-0.980603448275862,-0.9794050343249427,-0.9788235294117648
PJUW-L^I20,16.0,-0.0044088860582798,3.155070231069835e-06,0.3423304639523917,0.0714324683242678,0.0051121707664766,0.0425514279878708,203.7855,-0.1692355160527777,-0.0475862255860015,-0.0013040688363371,0.1792823064732547,1.0,0.0981524681594591,-0.0656504880392302,1.465438010123764e-07,-0.0038512178745385,1.0039150591071797e-07,-0.0355339826247922,0.0022899718776182,3.99724212576092e-05,0.0010079030274064,2.0,0.7335190932968885,-0.0225564139942639,0.0250954717678196,-0.0250954717678196,-0.0250954717678196,0.0017330769805847,0.0243850866230803,-0.0250954717678196,-0.2363960473794777,-0.1196911196911196,0.0702479338842974,-0.1366666666666667,-0.1220338983050848,-0.1777777777777778,-0.1038062283737024,-0.1308724832214766,-0.3148148148148147,-0.205521472392638,-0.26,-0.2904109589041096,-0.2079510703363914,-0.2621082621082621,-0.276536312849162,-0.3541147132169576,-0.2805555555555555,-0.2845303867403316,-0.2404692082111438,-0.1160409556313993,-0.2079510703363914,-0.1337792642140469,-0.037174721189591,-0.0749999999999999,0.1719457013574661,0.4153005464480872,0.1562499999999997,0.4715909090909089,0.2821782178217822,0.182648401826484,0.2696078431372548,0.036,-0.1038062283737024,0.0,-0.0975609756097561,-0.2006172839506174,-0.4320175438596491,-0.4269911504424778,-0.4615384615384615,-0.4477611940298508,-0.485089463220676,-0.5009633911368017,-0.512241054613936,-0.5131578947368421,-0.50853889943074,-0.5167910447761195,-0.4871287128712871,-0.4381778741865511,-0.4430107526881721,-0.4592901878914405
PJUX-L,15.0,-0.1265512646148064,1.3715037198203255e-06,0.1488104765767196,0.021987781185931,-0.0026721167039988,0.6494264004500795,-31.2261,-0.6251138317953566,0.1605908347082729,-0.0187706366541047,-0.9148838167378804,1.0,0.2193944700843371,-0.1804699891546772,-6.163356260527793e-08,-0.4631172844801384,9.613809869904739e-10,-0.1312536786344908,-0.7536994105328388,1.4893700870297587e-06,-0.0702200262101835,2.0,0.0801172839012701,0.581572926744775,0.0559335332700961,-0.0786892026799551,0.0252039163155724,-0.0353681954763651,-0.0616259490004508,-0.1138868161110176,1.6536866802719628,-0.11864406779661,-0.1862068965517241,-0.2891566265060241,-0.2484076433121019,-0.2185430463576159,-0.2804878048780488,-0.2976190476190476,-0.1862068965517241,-0.144927536231884,-0.2387096774193549,-0.2185430463576159,-0.1972789115646258,-0.2435897435897436,-0.3218390804597701,-0.2578616352201258,-0.2080536912751678,-0.2080536912751678,-0.056,0.0260869565217392,0.0442477876106195,-0.0166666666666667,-0.0634920634920636,-0.1690140845070422,-0.2133333333333333,-0.0166666666666667,-0.0708661417322835,0.3111111111111111,0.5324675324675323,0.5945945945945945,0.3720930232558139,0.4390243902439024,0.2291666666666667,0.6164383561643836,1.0344827586206895,0.6619718309859155,0.4390243902439024,0.2291666666666667,0.2826086956521738,0.2826086956521738,0.3258426966292134,0.4390243902439024,0.0350877192982457,0.0630630630630628,-0.0852713178294574,-0.1917808219178082,-0.2027027027027027,-0.2760736196319018,-0.3655913978494625,-0.3586956521739131
PJWZ-L,15.0,0.0076011337284204,8.309249645813457e-07,0.09015676603126,0.0134154688569472,0.2458499108245301,2.195173618898618,-2.950000000000001,-0.4329671423645787,-0.0025781574391795,-0.0023189899510435,0.0020003333888981,1.0,0.351460221550856,0.0353374233128833,1.0773073136430345e-07,-0.0431239170891346,1.046643831128034e-08,-0.0909090909090909,0.0274413810873486,7.09407850775541e-07,-0.0230539734201247,4.0,0.1427545744149784,0.1411335041492981,-0.0113753251355087,0.013596410113044,0.0073375154696367,0.0123346897253306,0.0227967097532314,0.0366210045662099,0.374875956770975,-0.1145833333333333,-0.102803738317757,-0.108359133126935,-0.1246200607902735,-0.1138461538461539,-0.1771428571428571,-0.155425219941349,-0.2380952380952381,-0.1165644171779141,-0.1841359773371105,-0.155425219941349,-0.1771428571428571,-0.1504424778761062,-0.1299093655589124,-0.1794871794871795,-0.0886075949367088,-0.1454005934718101,-0.155425219941349,-0.1955307262569833,-0.2299465240641711,-0.1864406779661017,-0.155425219941349,-0.2022160664819944,-0.2131147540983606,-0.1700288184438041,-0.1504424778761062,-0.1818181818181818,-0.1977715877437326,-0.174785100286533,-0.1325301204819277,-0.2923832923832924,-0.3175355450236966,-0.2653061224489795,-0.28,-0.2421052631578947,-0.1402985074626865,-0.2258064516129032,-0.3348729792147806,-0.3725490196078431,-0.4352941176470588,-0.4763636363636364,-0.4626865671641791,-0.4074074074074074,-0.367032967032967,-0.3642384105960266,-0.3469387755102041,-0.352808988764045,-0.3872340425531915,-0.3924050632911393
PKBM-L^E23,16.0,-0.0197800577842746,4.984562458121677e-07,0.0540833469279022,0.140337188655154,0.7078331039133766,1.2553956803140698,2.372700000000002,-0.5322797604844082,0.0040424234706954,0.0077387177262274,0.6189226667616237,1.0,0.3438660423922319,0.0173534124672906,1.1035942526412913e-07,-0.0458335268150941,6.22482981903058e-09,-0.1117615273775217,0.0016140079064767,1.605121463699527e-07,-0.1195746140882593,3.0,0.458455349503571,0.1077306694022501,0.0201021960337825,-0.6952474936657675,0.0005662437783479,0.0468988390404115,0.0634783414938808,0.0005662437783479,0.5388853306584386,-0.0928961748633879,0.0358490566037736,-0.019642857142857,-0.0054347826086955,-0.0694915254237288,-0.1244019138755979,-0.2020348837209301,-0.216833095577746,-0.2417127071823204,-0.3464285714285714,-0.309433962264151,-0.3393501805054152,-0.3563892145369284,-0.3255528255528256,-0.3518299881936245,-0.3782559456398641,-0.4227129337539431,-0.4239244491080797,-0.4751434034416826,-0.4864359214218896,-0.4654333008763388,-0.4351851851851852,-0.4299065420560748,-0.4196617336152219,-0.3313032886723508,-0.399343544857768,-0.41031149301826,-0.4045553145336226,-0.3645833333333333,-0.3586448598130841,-0.407766990291262,-0.3817567567567568,-0.3288508557457212,-0.31375,-0.2020348837209301,-0.257104194857916,-0.2934362934362934,-0.2970550576184378,-0.2489740082079342,-0.2814136125654449,-0.3171641791044775,-0.3578947368421052,-0.3337378640776699,-0.3872767857142857,-0.3541176470588235,-0.3163138231631381,-0.2952503209242618,-0.3238916256157634,-0.2970550576184378
PKBZ-L,16.0,0.0248218413247623,3.982864690048429e-07,0.0432147564823478,0.1009267896128888,0.0959150572968984,0.2042463846117208,6.734800000000007,0.4963519999556928,-0.0032802010759671,0.0003569040658094,0.2993309402353173,1.0,0.0408251136601969,0.0694871942372394,7.002120510144182e-08,0.0055571906667972,3.3852600803765495e-08,0.1042178601370298,0.0711507088686677,1.2958084469855564e-06,0.0111481132445535,3.0,2.5486675310984013,0.0066406280021035,-0.0206240206517394,0.0136618849994077,0.000431908750652,0.0103856041159907,0.041285190252732,0.0530471280932882,0.6929755676033783,0.0203619909502261,0.107769423558897,0.0599520383693046,0.0702179176755448,0.0498812351543942,0.0806845965770171,0.099502487562189,0.0045454545454544,0.0574162679425838,0.0806845965770171,0.0351288056206089,0.0114416475972538,-0.0221238938053096,-0.0264317180616739,0.013761467889908,-0.0307017543859648,0.0091324200913243,0.04739336492891,-0.0045045045045045,0.1304347826086955,0.1218274111675126,0.1631578947368421,0.2664756446991403,0.1724137931034481,0.3115727002967359,0.096774193548387,0.1105527638190955,0.1333333333333333,0.0676328502415459,0.0548926014319808,0.1510416666666667,0.1450777202072539,0.1105527638190955,0.1631578947368421,0.1818181818181816,0.2628571428571429,0.3475609756097562,0.3194029850746267,0.3812499999999998,0.4733333333333334,0.4733333333333334,0.5400696864111498,0.4258064516129032,0.4166666666666665,0.4684385382059801,0.5034013605442176,0.5085324232081909,0.4983050847457626,0.4304207119741101
PKEC-L,17.0,-0.0992770413019152,8.090862971591292e-07,0.0877872336268373,0.2845757729787549,0.8528587314683378,0.455552837740279,37.910199999999975,-0.8779057264535238,0.009430821139876,0.0075881252259659,-0.0244848501709895,1.0,0.215877636728071,-0.0901482748114492,1.1570921660485292e-07,-0.1030416327873737,1.3275152868405546e-08,-0.184331797235023,-0.0574682939015248,1.7035476685041654e-07,-0.140246117967841,3.0,1.1910795239223324,0.2312892048066414,0.0528230835077068,0.1872855311994334,0.0623649861184132,0.0394905825936566,0.0473604161044329,0.0130677082710087,0.7117965985055706,0.0040774719673801,0.0186915887850467,0.0240083507306889,0.0113402061855671,-0.0180180180180179,-0.0100908173562057,0.0061538461538461,0.0261506276150627,0.0605405405405405,0.0359028511087644,0.0744797371303394,0.0186915887850467,0.0176348547717841,0.0123839009287927,0.0851769911504425,-0.0908248378127895,-0.0020345879959308,-0.1089918256130789,-0.1114130434782607,-0.1098003629764065,-0.1409807355516636,-0.1521175453759723,-0.2293794186959936,-0.1622544833475662,-0.0762711864406778,-0.1372031662269128,-0.053088803088803,0.0875831485587583,0.0792079207920792,0.0851769911504425,0.2512755102040818,0.274025974025974,0.3062583222370174,0.2890932982917213,0.3292682926829269,0.372027972027972,0.1720430107526882,0.0092592592592593,-0.0050709939148071,0.0051229508196721,0.021875,0.021875,-0.1225402504472271,-0.3234482758620689,-0.3393939393939393,-0.3149441340782123,-0.329001367989056,-0.3067137809187279,-0.2987848463187991
PKGV-L,16.0,-0.1153916404729081,4.329049873170582e-07,0.0469709243541313,0.0149998370074729,0.0196071152774094,0.1545116443659878,-42.7696,0.8242655316496829,-0.0617732634208663,-0.0010154344733603,0.0010361370216365,1.0,1.579691668747618,0.0257254746590281,8.83402489698769e-08,0.1396007492565438,4.696081325828978e-09,0.1730690918962942,0.0003809946499401,4.657225404649046e-06,-0.1274575764259308,2.0,0.3504046269464452,-0.0969244302371501,0.1055186677082058,-0.1055186677082058,-0.1055186677082058,0.0013685959012713,0.0177753383826759,-0.1055186677082058,0.2064635699009025,-0.1351888667992048,0.0468262226847036,-0.1167690956979806,-0.1747333880229695,-0.2115987460815046,-0.1349957007738607,-0.2097407698350353,-0.3492884864165588,-0.3429131286740692,-0.3648989898989898,-0.3770897832817337,-0.2905500705218617,-0.2746935832732515,-0.3302263648468707,-0.3828220858895705,-0.3813038130381304,-0.4047337278106507,-0.3616751269035533,-0.3624841571609631,-0.3333333333333332,-0.2778176597272074,-0.2640819312362837,-0.3076393668272539,-0.2667638483965014,-0.1574539363484086,-0.2418990203466464,-0.1503378378378378,-0.1467345207803222,-0.1733771569433031,-0.1814483319772171,-0.3364116094986807,-0.4092777451556078,-0.3983253588516745,-0.3052486187845303,-0.310958904109589,-0.4075382803297998,-0.4064896755162241,-0.3567774936061381,-0.2935393258426966,-0.2767792954708842,-0.3747669359850838,-0.465462274176408,-0.4514721919302071,-0.4825102880658436,-0.476314419573139,-0.4085831863609641,-0.3534704370179948,-0.2829650748396293,-0.2762589928057554
PKGW-L,16.0,0.1472916083899219,2.798120326919524e-07,0.0303600794770319,0.0826351311675108,0.3291813256908129,1.1493846010050432,-5.870699999999999,0.8489532921096589,0.0014926028605723,0.0046161210355737,0.1918172813698916,1.0,0.2172136418898454,0.1236899287692634,3.721544335250336e-08,0.0868517726555206,3.8430980093988776e-08,0.1782527228012647,0.0776759425158191,2.0105916017867162e-07,0.1194346091548451,4.0,1.7414158107698523,-0.026915781879073,0.0201395407682646,-0.0332076283977502,-0.0108467452221994,0.0175999634490862,0.0319903080461258,0.0709055423038995,0.4201886778723942,-0.0718339836821568,-0.0680991735537189,-0.112684922883223,-0.1654825340438128,-0.1084756483238457,-0.1561143541386019,-0.1449802851076735,-0.0264203073735105,-0.0391956373551465,0.0116633769962319,-0.1265685515104569,-0.1466626305433629,-0.0804110259337791,-0.0543441798054343,-0.0757377049180327,-0.7002180039347051,-0.6625164611516821,-0.6612796635626315,-0.6592529916596156,-0.6357881136950905,-0.5806619561175157,-0.5390024529844644,-0.5527171757239191,-0.5346264960792406,-0.4853491556366955,-0.5236163920574566,-0.5182020167492736,-0.5125367456337541,-0.4631498762140544,-0.4502730109204368,-0.3830834883466462,-0.3620728671645168,-0.2980577689243027,-0.3889671615909829,-0.3650900900900901,-0.3054084021190094,-0.2656941911956239,-0.2541341447281386,-0.2059154929577464,-0.2192217144439827,-0.2398543885668059,-0.1782538988485643,-0.2313565098841171,-0.2059154929577464,-0.1470499243570346,-0.1934191702432046,-0.2366639588410506,-0.1525627536449721,-0.1867878263378046
PKGY-L,15.0,0.1171671129850151,2.9193399143083655e-07,0.0316753325316959,0.7852698470985445,-2.0329055729515466,0.0738703615792447,-1.2164,-0.1517507386228795,-2.167018227075685,-0.0435701669420545,0.0107818354717481,1.0,0.2696522153406384,0.7809530910485281,-1.9906677570973848e-07,0.0232141319324836,1.5404997327378142e-14,-0.0318627450980392,0.0058002393026038,5.0410089535421693e-08,-0.6462891725675642,3.0,0.0161028117466245,-0.163017334510918,-0.1310389336462246,-0.4248727126710105,-0.2638347800866375,-0.3186240132347917,-1.673972602739726,-0.1676639468117256,1.6536866802719628,-0.1166666666666667,0.0055865921787709,-0.0999999999999999,-0.0816326530612244,-0.1304347826086955,-0.1818181818181818,-0.1044776119402983,-0.4545454545454545,-0.4230769230769231,-0.5041322314049587,-0.5212765957446808,-0.518716577540107,-0.4929577464788732,-0.5148247978436657,-0.5631067961165048,-0.5533498759305211,-0.6035242290748899,-0.7160883280757098,-0.7115384615384616,-0.7019867549668874,-0.5823665893271461,-0.5566502463054186,-0.5443037974683544,-0.5300261096605744,-0.5396419437340154,-0.6129032258064516,-0.5899772209567198,-0.574468085106383,-0.5454545454545454,-0.5641646489104116,-0.5408163265306123,-0.5384615384615384,-0.5842956120092379,0.0344827586206897,0.0650887573964498,0.0975609756097561,0.1464968152866241,-0.4752186588921283,-0.5135135135135136,-0.5734597156398105,-0.5544554455445545,-0.5348837209302326,-0.569377990430622,-0.6463654223968566,-0.64,-0.5324675324675325,-0.5488721804511278,-0.562043795620438,-0.5714285714285714
PKHI-L^C20,16.0,-0.0648162505814854,1.8330633902414127e-06,0.198890482581336,0.0517126524036003,-3.269256089532587,-0.0448837985309951,7.9275,-1.0990704383100842,0.1477153945319216,-0.0039706951512778,0.0757505773672055,1.0,0.7364864864864865,-0.1044650256619025,-2.249292642699711e-07,-0.0077214452214451,1.2964752727499106e-13,-0.2307692307692307,-0.0034818647006583,7.13357298829215e-08,0.109722222222222,3.0,0.0094472028450113,-0.2078488372093022,0.0062186638047929,0.5760634462869503,0.0541598222327885,-0.007122292398366,-0.0076712017404292,-0.4239365537130497,1.6536866802719628,0.0,0.0,0.0,0.0,0.0,0.0,0.0,0.0,0.0,0.0,0.0,0.0,0.0,0.0,0.0,-0.5,0.0,0.0,-0.5,-0.5,-0.5,-0.5,-0.5,-0.5,-0.5,-0.6666666666666666,-0.6666666666666666,-0.6666666666666666,-0.6666666666666666,-0.6666666666666666,-0.6666666666666666,-0.6666666666666666,-0.6666666666666666,-0.75,-0.75,-0.6666666666666666,-0.6666666666666666,-0.6666666666666666,-0.6666666666666666,-0.6666666666666666,-0.6666666666666666,-0.75,-0.75,-0.75,-0.6666666666666666,-0.6666666666666666,-0.5,0.0,-0.5
PKHJ-L,16.0,-0.0176875140776334,7.9555730221933e-07,0.0863193147612149,0.0263765827411761,0.4529389538361051,0.7993792962790583,-7.668000000000001,2.677222862550206,0.3763358922510035,0.0020256776034236,-0.1897842641694304,1.0,0.0639897457013634,0.0474435791440235,1.9599653244762978e-07,-0.1065493238877317,4.757034245161203e-10,0.562130177514793,-0.049601321420527,4.865438900109649e-07,-0.1083450663754956,3.0,0.143453549651145,0.5679794326297604,-0.3752354289261506,1.0572273468324862,0.162939594590265,-0.0275563525767981,-0.0479041232374965,0.8700725640054714,0.0102193749090843,-0.1724137931034483,-0.1753554502369667,-0.2926829268292683,-0.28099173553719,-0.2300884955752211,-0.2627118644067796,-0.1869158878504673,-0.275,-0.2126696832579185,-0.2595744680851064,-0.275,-0.3829787234042553,-0.3741007194244604,-0.3916083916083915,-0.3458646616541354,-0.4081632653061224,-0.364963503649635,-0.4041095890410958,-0.3785714285714285,-0.2232142857142858,-0.1594202898550724,-0.0793650793650793,0.0057803468208093,-0.0224719101123596,0.0740740740740739,0.0740740740740739,0.0235294117647058,0.1298701298701299,-0.0057142857142856,0.0609756097560976,0.3919999999999999,0.6893203883495145,0.641509433962264,0.657142857142857,0.7058823529411764,0.6261682242990654,0.7227722772277227,0.5818181818181818,0.5535714285714284,0.5263157894736843,0.5675675675675673,0.641509433962264,0.6111111111111109,0.6261682242990654,0.6730769230769229,0.6111111111111109,0.641509433962264,0.5963302752293578,0.5818181818181818
PKHM-L^J21,3.0,-0.135142658315936,1.0612511264293469e-06,0.1151475447053258,0.1741229481815256,-0.0202171471359041,0.4434996426581787,-23.1,-0.2490919752097468,0.0229438195470899,-0.003723844426055,0.0721370475313877,1.0,1.4792387543252596,-0.1455488331892826,-1.893634419402557e-07,-0.2904694380177531,2.092573610934562e-10,-0.0523012552301254,0.0167014613778705,2.728808783515476e-07,-0.0921428571428571,4.0,0.1309527918309741,-0.2223012093596901,-0.0205828074770806,-0.0565661815661815,-4.7582794061751255e-05,-0.0488098824947273,-0.0595150624540778,0.0844594594594594,1.6536866802719628,-0.0410958904109589,0.028169014084507,-0.0875,-0.0759493670886076,-0.0875,-0.0759493670886076,-0.1411764705882353,-0.0987654320987655,-0.0641025641025642,0.0138888888888888,-0.1888888888888888,-0.3813559322033898,-0.2551020408163265,-0.27,-0.3113207547169812,-0.3240740740740742,-0.3539823008849557,-0.3423423423423424,-0.3706896551724138,-0.4822695035460993,-0.5165562913907285,-0.496551724137931,-0.455223880597015,-0.4671532846715329,-0.4785714285714285,-0.455223880597015,-0.4895104895104895,-0.4251968503937008,-0.5,-0.5493827160493827,-0.5521472392638036,-0.5755813953488372,-0.5493827160493827,-0.54375,-0.5680473372781065,-0.5852272727272727,-0.5804597701149425,-0.5804597701149425,-0.5875706214689266,-0.5780346820809248,-0.5944444444444444,-0.5921787709497207,-0.598901098901099,-0.5379746835443038,-0.5034013605442177,-0.5,-0.5197368421052632,-0.4341085271317829,-0.4384615384615384
PKHS-L,4.0,0.0612279237561921,6.815118665629958e-07,0.0739451918287288,0.201850665618083,0.4477668017458641,1.2385050696568425,-0.246,-1.457084472175449,-0.0433948968762704,0.012170202455309,-0.0038061008797392,1.0,6.616156787762907,0.0553576010850838,7.58516356135187e-08,-0.0630950631675528,3.9442157824724215e-11,-0.305940594059406,-0.0083230131380572,2.516192536924762e-07,0.0774607197161681,4.0,0.023753465359677,0.4780244597568454,-0.094889675692091,0.0352553931024229,0.0654571734196751,0.0385878012757257,0.0528347807043106,-0.074657052175876,0.012334782990606,-0.0169491525423729,-0.056,-0.4354066985645932,-0.41871921182266,-0.3854166666666666,-0.4215686274509804,-0.4271844660194175,-0.4271844660194175,-0.41,-0.3948717948717949,-0.41,-0.3854166666666666,-0.3821989528795811,-0.3789473684210526,-0.4158415841584159,-0.3979591836734694,-0.3689839572192513,-0.3789473684210526,-0.4326923076923077,-0.4460093896713615,-0.4040404040404041,-0.3979591836734694,-0.3516483516483517,-0.3218390804597701,-0.3295454545454546,-0.2337662337662338,-0.1690140845070422,-0.1805555555555555,-0.1805555555555555,0.0630630630630628,0.1683168316831682,0.0727272727272725,0.0535714285714283,0.0535714285714283,0.0172413793103447,0.0727272727272725,0.0825688073394494,-0.0483870967741936,-0.2531645569620254,-0.2625,-0.2934131736526946,-0.144927536231884,-0.1631205673758865,-0.1194029850746269,-0.1571428571428571,-0.144927536231884,-0.0634920634920636,-0.0923076923076924,0.0085470085470085
PKHT-L^H21,17.0,0.1464788977289381,1.7266618665381968e-06,0.1873457370425933,0.0826592569723165,0.7562881782249371,1.064068593880538,2.9558,0.1060721284189392,0.1166766624401315,0.0191163649099449,0.268261869830574,1.0,0.1108295114572362,0.186297597536148,2.4624482771144425e-07,0.0323938878277881,1.7864969246067588e-11,0.022271714922049,0.2723498274907041,6.033124480666604e-07,0.0459922018930757,4.0,0.0111390201633539,0.1570510934713483,0.1751024199593275,0.4778758144812232,0.3537373415290666,0.0429676974375067,0.0579810984222748,0.4602976894812233,0.6023514746837275,0.0588235294117645,-0.081081081081081,-0.1052631578947368,0.0,0.0,0.0,-0.081081081081081,-0.1052631578947368,-0.1282051282051282,-0.1904761904761903,-0.2444444444444444,-0.2272727272727271,-0.1904761904761903,-0.2272727272727271,-0.1052631578947368,-0.0555555555555554,-0.0555555555555554,-0.0555555555555554,-0.1904761904761903,-0.081081081081081,-0.15,-0.3199999999999999,-0.276595744680851,-0.15,-0.2272727272727271,-0.276595744680851,-0.3199999999999999,-0.2272727272727271,-0.1707317073170731,-0.0555555555555554,-0.15,-0.1052631578947368,0.0,-0.15,0.8888888888888891,1.266666666666667,1.125,2.0909090909090917,2.777777777777778,2.777777777777778,1.8333333333333333,1.8333333333333333,1.8333333333333333,1.8333333333333333,1.6153846153846154,1.6153846153846154,1.4285714285714284,2.0909090909090917,1.8333333333333333
PKHV-L,20.0,0.6744825059534715,2.955338774266771e-07,0.03206592625953,0.5822665883734586,-3.104212860310421,0.0453077599018114,-0.7615000000000001,1.843602025552399,0.8975815617583184,-0.0211283104687843,-0.3891891891891895,1.0,0.3769491525423729,0.736272965879265,-1.3502563658459137e-07,0.2578767123287671,3.203686109314996e-15,0.3870967741935482,0.0816083531782377,4.285223352697858e-08,0.1354166666666666,4.0,0.0157332350626092,0.1053597925085949,-44.38604417670678,0.3602922970075793,-0.025431506171254,-0.116453342085111,-0.1287338251300036,0.2610441767068273,1.6536866802719628,-0.0930232558139534,0.0238095238095237,-0.0227272727272727,-0.0851063829787234,-0.2181818181818182,-0.2037037037037037,-0.2181818181818182,-0.1041666666666666,-0.0851063829787234,-0.1041666666666666,-0.14,-0.2321428571428572,-0.14,0.0749999999999999,0.1944444444444444,0.1944444444444444,-0.0652173913043479,-0.3676470588235294,-0.2037037037037037,-0.1730769230769231,-0.0652173913043479,-0.2037037037037037,-0.1568627450980392,-0.1224489795918367,-0.3174603174603174,-0.3174603174603174,-0.3943661971830986,-0.2950819672131147,-0.3484848484848485,-0.2586206896551724,-0.3484848484848485,-0.3676470588235294,-0.3943661971830986,-0.2456140350877192,-0.3484848484848485,-0.4027777777777778,-0.4415584415584416,-0.4487179487179488,-0.4556962025316455,-0.4756097560975609,-0.5113636363636364,-0.5113636363636364,-0.5222222222222223,-0.5425531914893618,-0.4487179487179488,-0.410958904109589,-0.4819277108433735,-0.3943661971830986,-0.4027777777777778
PKJF-L^B22,15.0,-0.1335660865950827,2.667184815375726e-06,0.289394069996579,0.034207224997096,0.223360426401052,0.2294241096544393,8.700999999999999,-0.7681675106468332,0.7363867901952647,0.0145136989954841,-0.9354718614763904,1.0,0.0665001715741838,-0.1049976139927873,4.48380310134904e-08,-0.1918099253011428,1.7319586273751058e-12,-0.1612903225806451,-0.0972018280759209,1.1231785879543872e-06,-0.1946140489344909,2.0,0.0063857832461967,0.0275655320724832,0.2140369574929621,-0.203220098112134,-0.2140369574929621,0.0011726483691667,0.0016664622090661,-0.2140369574929621,1.19999455687449,0.0,0.1428571428571428,0.0,0.0,-0.111111111111111,-0.111111111111111,-0.111111111111111,-0.0588235294117647,-0.2,-0.3846153846153846,-0.3333333333333332,0.1428571428571428,0.1428571428571428,1.666666666666667,0.1428571428571428,0.1428571428571428,0.1428571428571428,-0.2,-0.2727272727272727,-0.4285714285714286,-0.4666666666666667,-0.5,-0.5294117647058824,-0.2,-0.238095238095238,-0.111111111111111,-0.2727272727272727,-0.2727272727272727,-0.2727272727272727,-0.3333333333333332,-0.3333333333333332,-0.5,-0.5,-0.4285714285714286,-0.2727272727272727,-0.3333333333333332,-0.3846153846153846,-0.4666666666666667,-0.6363636363636364,-0.6190476190476191,-0.6666666666666666,-0.7333333333333334,-0.7647058823529411,-0.7746478873239436,-0.6666666666666666,-0.6521739130434783,-0.6799999999999999,-0.7037037037037037,-0.7866666666666666
PKJG-L,15.0,1.246999240314003,4.775894705007944e-07,0.0518192664636425,0.378548207093988,-0.5830043362889132,0.0903453572566989,-1.4955,1.322955157225102,-0.2313807286009445,-0.0003297283038776,-0.1281773931855057,1.0,0.3619218679838348,1.723106350420811,-8.206954571613214e-08,-0.0530945844771649,8.755328313080847e-14,0.2777777777777778,0.0401620663459103,1.1776362544224585e-07,0.3147565543071161,4.0,0.0209521098691655,0.3848644550541486,2.1032085761243096,0.4975781845919145,0.1419940163966272,-0.0585344963599071,-0.0729678851395015,0.3594202898550724,1.6536866802719628,-0.1481481481481481,0.08,0.0,-0.0689655172413792,-0.129032258064516,-0.129032258064516,-0.2285714285714284,-0.1818181818181817,-0.15625,-0.2285714285714284,-0.2702702702702702,-0.2894736842105263,-0.2894736842105263,-0.3414634146341463,-0.4130434782608695,-0.2499999999999999,0.1250000000000002,0.2857142857142858,0.1250000000000002,0.2272727272727273,0.5000000000000002,0.5000000000000002,0.5000000000000002,0.1739130434782609,0.1250000000000002,0.1250000000000002,0.2272727272727273,0.1250000000000002,0.588235294117647,0.6875,0.6875,0.8000000000000003,1.4545454545454546,1.076923076923077,0.8000000000000003,0.1739130434782609,0.0384615384615385,0.0,-0.0357142857142857,0.08,0.1739130434782609,-0.0357142857142857,-0.0999999999999998,-0.129032258064516,-0.2058823529411765,0.0384615384615385,0.2272727272727273,-0.129032258064516,-0.0999999999999998
PKJM-L,16.0,0.0963882758193933,6.324828018577008e-07,0.0686254552655195,0.3161850472212815,-2.7730155966269496,1.2064784773101085,-0.0940999999999999,0.2965745627185942,-0.183939745696449,-0.0067345970586415,-0.0391226265857787,1.0,0.8389090909090908,0.1563413247292491,-4.365235063984381e-07,-0.0680277463472229,3.303832230378433e-13,0.0622710622710622,0.1430869825292383,1.3642580116460389e-07,-0.1160785416373775,4.0,0.0038871700790882,0.2360779541710349,0.0313907131176257,-0.933317808551686,-0.6865268336211084,-0.1011592974888306,-0.1229807557241185,0.1227026265755932,1.6536866802719628,-0.2727272727272727,-0.1538461538461538,-0.3125,-0.3125,-0.3529411764705883,-0.4761904761904761,-0.56,-0.5,-0.5,-0.4761904761904761,-0.3125,-0.3125,-0.3529411764705883,-0.5416666666666666,-0.56,-0.5769230769230769,-0.6071428571428572,-0.56,-0.6206896551724137,-0.5769230769230769,-0.6071428571428572,-0.45,-0.3529411764705883,-0.2142857142857143,-0.3529411764705883,-0.4210526315789473,-0.4761904761904761,-0.45,-0.3529411764705883,-0.6071428571428572,-0.7708333333333333,-0.7924528301886793,-0.8103448275862069,-0.8450704225352113,-0.8493150684931507,-0.8690476190476191,-0.8472222222222222,-0.8764044943820225,-0.8804347826086957,-0.8877551020408163,-0.8888888888888888,-0.8952380952380953,-0.8981481481481481,-0.9017857142857144,-0.9067796610169492,-0.9126984126984128,-0.8981481481481481,-0.9067796610169492,-0.9067796610169492
PKJU-L,16.0,5.273126072859052,1.033819964958837e-06,0.11217121722441,0.0213229335494327,0.03266947289062,1.3672640581911255,-56.4,20.793064876731187,-0.0340232983582208,-0.0004446611968558,0.5298136636709707,1.0,0.2153894670450961,3.3692976872480376,-5.961690947619857e-08,0.7328123497583021,6.014955519049731e-07,4.365870848383403,1.3972916269311464,1.439968005095634e-06,8.101221640488653,4.0,2.240095154064071,-0.5938953114886171,-1.0331712352399856,-1.293785674313909,-0.3193237069021366,-0.0041384499623777,-0.0091831492422296,3.112895516681006,1.6536866802719628,-0.1038251366120219,0.0280898876404493,-0.0849999999999999,-0.1830357142857143,-0.1488372093023254,-0.1159420289855071,-0.2278481012658227,-0.2008733624454148,-0.2077922077922077,-0.179372197309417,-0.1866666666666666,-0.1367924528301887,-0.0804020100502512,-0.1681818181818182,-0.1448598130841122,-0.1643835616438356,-0.2112068965517241,-0.2374999999999999,-0.2406639004149378,-0.2278481012658227,-0.1830357142857143,-0.1605504587155963,-0.0804020100502512,-0.0757575757575756,0.0054945054945054,0.102409638554217,0.0517241379310344,0.2281879194630873,-0.7340116279069767,-0.5734265734265734,-0.5355329949238579,-0.5093833780160858,-0.4873949579831932,-0.456973293768546,-0.3838383838383838,-0.3711340206185567,-0.3667820069204152,-0.3146067415730337,-0.3146067415730337,-0.2961538461538461,-0.3440860215053763,-0.2738095238095238,-0.3094339622641509,-0.3068181818181819,-0.3369565217391304,-0.3879598662207358,-0.3146067415730337,-0.3146067415730337,-0.2738095238095238
PKJW-L,15.0,0.1744261131004711,1.1899224067959772e-06,0.129108596561316,0.0093084513776893,0.1373844527267679,0.5946455708660939,3.3491,1.8743287259782733,0.3830191358362427,0.0169550983053388,1.329470199339514,1.0,0.0791496603345462,0.0648234047857585,9.756034553694507e-10,0.1254346719489195,1.113229558471741e-11,0.3935483870967742,0.1832923005762031,5.298469224592832e-07,0.5275291265324648,3.0,0.0271468778306535,0.2692272147420289,4.132188323282889,1.632759681977314,1.735427420499202,0.011393022282414,0.0164660895843653,1.7909319139632542,82.09272848148385,-0.1,0.1111111111111111,0.1111111111111111,0.1111111111111111,0.1111111111111111,0.1111111111111111,0.0,0.0,0.0,0.0,-0.1666666666666666,0.0,0.0,0.0,0.25,0.6666666666666667,0.4285714285714286,0.6666666666666667,0.4285714285714286,0.25,0.4285714285714286,0.6666666666666667,0.4285714285714286,0.6666666666666667,0.6666666666666667,0.25,-0.1666666666666666,-0.0909090909090908,0.0,0.4285714285714286,0.4285714285714286,0.25,0.25,1.0,0.6666666666666667,0.6666666666666667,0.4285714285714286,0.4285714285714286,0.1111111111111111,0.0,-0.0909090909090908,-0.3333333333333332,-0.375,-0.1666666666666666,-0.1666666666666666,-0.2857142857142857,-0.1666666666666666,-0.375,-0.6153846153846154
PKJZ-L,14.0,0.0024552535204002,9.705696068027265e-07,0.1053084462345565,0.0540788078993135,0.2245844553157293,0.7348425546016235,0.6555000000000001,-0.5237684356481992,0.0382353367380467,0.0024374701290425,0.0372061017060174,1.0,0.0568528693528693,0.074280517993365,7.584239097582205e-08,-0.0445937313248291,1.7431821760035916e-11,-0.1099744245524297,-0.0673750451333368,5.078321300665926e-07,-0.1111259054111632,3.0,0.0184797232169624,0.2001360218869244,0.1120385216020689,0.316337248911167,0.0136503742641239,0.0142964210180489,0.0231685606375721,0.2233343016346687,0.4816756388675807,-0.0379746835443037,-0.0481927710843372,-0.0813953488372092,-0.0813953488372092,-0.0595238095238094,-0.0705882352941176,-0.1770833333333332,-0.1770833333333332,-0.1413043478260869,-0.0246913580246913,-0.0813953488372092,-0.1413043478260869,-0.1595744680851063,-0.1022727272727271,-0.1684210526315789,-0.2099999999999999,-0.1318681318681318,0.0533333333333334,-0.0124999999999999,0.1791044776119403,0.1791044776119403,0.5192307692307692,0.5192307692307692,0.6122448979591837,0.6122448979591837,0.5800000000000001,0.1617647058823528,0.0128205128205127,0.2539682539682539,0.2741935483870967,0.1449275362318842,0.0128205128205127,-0.0705882352941176,0.0128205128205127,-0.0595238095238094,-0.1595744680851063,-0.1938775510204081,-0.1595744680851063,-0.233009708737864,-0.1318681318681318,-0.1855670103092782,-0.0705882352941176,-0.0365853658536584,0.0259740259740259,0.1617647058823528,0.1126760563380282,0.0972222222222223,0.1285714285714287,0.3166666666666669
PKKE-L,17.0,0.0068707864803309,7.137377862133968e-07,0.0774417586932558,0.0469115746755063,-0.1186200242692025,1.1108947728738974,-13.1306,-0.2980935847785373,-0.0908673870852626,0.0160702637926065,-0.022707876918363,1.0,0.1452080693696547,-0.1114880409319056,-8.564316973420744e-08,-0.0623596387661443,2.4674349301108415e-10,-0.0625900077545142,0.0270696765273771,5.111555921878256e-07,0.2453547188646525,3.0,0.0532473201432121,0.10544427974705,-0.1828164115001737,-0.1667094621207451,-0.2511296623046422,-0.0438207582224275,-0.0688409596474376,-0.0124019252847184,1.6536866802719628,0.0,-0.0769230769230769,-0.0769230769230769,-0.0769230769230769,-0.1818181818181818,-0.1818181818181818,-0.1818181818181818,-0.2173913043478261,-0.1818181818181818,-0.1818181818181818,-0.1219512195121951,0.0,0.0,-0.0769230769230769,-0.1219512195121951,-0.0769230769230769,-0.0769230769230769,-0.0769230769230769,-0.1219512195121951,-0.0769230769230769,0.0588235294117645,-0.1818181818181818,-0.04,0.3090909090909088,1.117647058823529,0.894736842105263,1.25,1.25,1.25,1.4,1.4,1.25,1.25,1.25,1.25,1.25,1.25,1.25,1.25,1.25,1.25,1.25,1.25,1.25,1.25,1.25,1.88,1.88,1.88
PKQG-L^L22,4.0,-0.0557093120544327,2.350326275012014e-06,0.2550143816898605,0.0248997939586214,-0.0682296964988025,-0.0095285341241535,0.0323999999999999,-0.1375349420877582,-0.2778538566783496,0.0042067432356744,6.347656286314127,1.0,0.0637522947076206,0.0016220030814364,-1.9321621945656e-07,-0.0061570578776777,5.828805002339567e-13,-0.0288778877887789,0.2200895110600958,8.069402681103091e-07,-0.1906392032279009,3.0,0.0097286396220666,-0.693528583348494,-0.184687712174054,-0.3083430370839098,-0.1476381502894194,-0.0192018499137537,-0.0257944499264957,-0.5117328675923845,1.6536866802719628,-0.0416666666666666,-0.1111111111111111,-0.3142857142857143,-0.3513513513513513,-0.142857142857143,-0.1724137931034483,-0.1999999999999999,-0.2727272727272728,-0.2727272727272728,-0.3142857142857143,-0.3513513513513513,-0.52,-0.5471698113207548,-0.5789473684210527,-0.6521739130434783,-0.5862068965517242,-0.5555555555555556,-0.4893617021276596,-0.5636363636363637,-0.6666666666666667,-0.6756756756756757,-0.6190476190476191,-0.3142857142857143,-0.3142857142857143,-0.2727272727272728,-0.25,-0.2941176470588236,-0.3513513513513513,-0.2727272727272728,-0.3513513513513513,-0.3142857142857143,-0.3846153846153847,-0.3846153846153847,-0.4285714285714286,-0.3333333333333333,-0.3142857142857143,-0.4782608695652174,-0.5862068965517242,-0.6129032258064516,-0.5294117647058824,-0.5862068965517242,-0.6307692307692307,-0.6521739130434783,-0.6842105263157895,-0.6521739130434783,-0.5932203389830508,-0.5862068965517242,-0.6307692307692307,-0.52
PKQP-L,17.0,0.1106616028181418,2.123217975203383e-06,0.2303727464973009,0.0336496766360234,0.2131622651339998,1.3217773524917795,-0.159,0.228241464824778,0.0083073960581954,-0.0061174192412639,0.1446025082683165,1.0,0.1354062713377803,-0.0055517002081887,6.435958185477806e-08,-0.0121523476718865,8.740400219780042e-12,0.0479233226837061,0.0697930427124613,1.613990146973995e-06,0.3124246987951807,4.0,0.0030360848610292,0.012481794165706,-0.0439996796168839,0.0530419270488181,0.0903206754814353,0.0102269619907027,0.0169207799846174,0.100258276590749,-0.0237940529535534,0.015625,-0.0857142857142856,-0.1466666666666666,-0.1466666666666666,-0.1466666666666666,-0.1466666666666666,-0.1351351351351351,-0.0857142857142856,-0.238095238095238,-0.3043478260869565,-0.36,-0.36,-0.4181818181818182,-0.4796747967479674,-0.488,-0.4796747967479674,-0.536231884057971,-0.5114503816793894,-0.5259259259259259,-0.4960629921259842,-0.4666666666666667,-0.5259259259259259,-0.4960629921259842,-0.5076923076923077,-0.5,-0.4621848739495797,-0.4960629921259842,-0.5259259259259259,-0.5675675675675675,-0.5789473684210527,-0.6190476190476191,-0.6342857142857143,-0.6049382716049383,-0.6483516483516484,-0.6190476190476191,-0.7050691244239631,-0.6521739130434783,-0.6444444444444444,-0.6384180790960452,-0.6404494382022472,-0.6559139784946237,-0.6144578313253012,-0.6167664670658682,-0.6000000000000001,-0.6000000000000001,-0.5492957746478873,-0.5259259259259259,-0.6404494382022472,-0.6631578947368421
PKWE-L,19.0,-0.0453318942255801,4.2822608182209226e-07,0.0464632551830593,0.0443363844393592,0.2051956593225912,1.0032202668037606,1.0,-0.8528275318304861,0.2212408527691841,0.0002216503642823,-0.0206349206349205,1.0,0.9690721649484536,-0.0183875530410184,2.5504339167117893e-08,-0.1261733848702342,4.4176139722056247e-10,-0.1790661877886095,-0.015650296815974,2.994703050590616e-07,-0.0813880126182965,5.0,0.1366941489628718,0.0133726067746687,0.1992222333970296,0.2265105038111173,-0.1816334355828222,0.0096099491237987,0.0163304514889529,-0.0462167689161554,-0.0666809145270952,-0.0437158469945355,-0.0518134715025906,-0.0895522388059699,-0.171945701357466,-0.1643835616438356,-0.094059405940594,-0.1244019138755979,-0.0757575757575756,-0.026595744680851,-0.0663265306122448,-0.0985221674876846,-0.2179487179487178,-0.1643835616438356,-0.2008733624454148,-0.1605504587155963,-0.026595744680851,-0.0567010309278349,0.1158536585365854,0.0701754385964912,0.2887323943661972,0.3969465648854962,0.5250000000000001,-0.0567010309278349,0.011049723756906,-0.0468749999999998,-0.0567010309278349,-0.5027173913043479,-0.4454545454545454,-0.4334365325077399,-0.3068181818181819,-0.3601398601398601,-0.3015267175572519,-0.2530612244897959,-0.3920265780730896,-0.4208860759493671,-0.39,-0.3601398601398601,-0.3464285714285713,-0.3369565217391304,-0.2374999999999999,-0.2179487179487178,-0.1527777777777778,-0.1367924528301887,-0.1367924528301887,-0.0804020100502512,-0.1973684210526315,-0.1830357142857143,-0.1116504854368931,-0.1073170731707315
PKWH-L,18.0,0.161014490280077,1.2751843814965388e-07,0.0138359665228286,0.0553914002205071,0.0752312033254114,0.2892298681607599,76.55000000000001,0.5648756550032923,0.012623383621159,0.002345292955892,-0.0098761620613561,1.0,0.9786476868327402,0.1736573285869059,6.6441428079821e-08,-0.0191287041132231,1.3003163915365097e-08,0.1186056105610561,0.0013141950128859,1.0142617801079025e-06,0.1591490015951414,2.0,1.6719003421744552,0.281659941333254,-0.1207370006200725,0.1207370006200725,0.1207370006200725,0.0172154978984293,0.1625149164677804,0.1207370006200725,0.3586964021749106,-0.0275534441805226,0.0509236145781328,0.0233349538162372,-0.0061378659112369,0.0701576004067106,0.111404435058078,0.0980699008868022,0.0498753117206982,0.1415401301518437,0.118490967056323,0.1527929901423876,0.0514485514485514,0.1032494758909854,0.1335487345180399,0.1477644492911669,0.092938733125649,-0.0122008446738619,0.044665012406948,0.0243309002433089,0.0467429139731476,0.0540811216825238,0.1565934065934067,0.1852477477477476,0.1521620142309798,0.1396859772604224,0.0952133194588971,0.0057333970377448,0.0273304050756468,-0.0204746393671474,0.0273304050756468,0.0663627152988857,0.1335487345180399,0.0772773797338792,0.1912846632710809,0.1906108597285067,0.2688366485834841,0.2843197071384991,0.3082660037290243,0.4061456245824983,0.3885224274406333,0.412751677852349,0.5111270638908831,0.4118041582830316,0.318922305764411,0.3668831168831168,0.4261517615176151,0.4427690198766278,0.5922844175491679,0.7155664221678892
PKXR-L,15.0,0.313716953656303,1.1103739361783389e-07,0.0120477452764556,0.1618816883890861,0.3260073371777787,1.3331316120804175,-7.988499999999998,-0.1657196475313744,-0.0623699427798174,0.0023744826930486,-0.0145853355192492,1.0,0.3749777159767533,-0.1620343154009159,7.778034188213496e-08,-0.0163380245135249,3.70328769642488e-10,-0.0347957639939485,0.0321368342566042,3.645467794872226e-07,0.5883982697650921,3.0,0.1551972190637434,0.3632268951768276,-0.0332771037892948,0.2259948032741718,0.144550659621185,0.0511552850330876,0.2617504051863857,0.0075074083161887,0.3856227097445648,-0.0827664399092971,0.075609756097561,-0.0464864864864864,-0.0576923076923076,-0.0546623794212218,-0.0802919708029196,-0.1267326732673266,-0.0045146726862301,0.1052631578947367,0.0902348578491964,0.0057012542759407,-0.0339539978094195,-0.0350109409190372,-0.0402611534276386,-0.0636942675159235,-0.0413043478260868,-0.0156250000000001,0.0208333333333332,-0.0646871686108164,-0.1327433628318584,-0.1583969465648854,-0.0963114754098359,-0.0981595092024538,-0.1232604373757455,-0.1099899091826437,-0.1764705882352941,-0.1749298409728718,-0.1361410381978453,-0.1090909090909091,-0.0264900662251655,-0.0617021276595745,0.0462633451957295,0.1635883905013193,0.185483870967742,0.1221374045801526,-0.0433839479392624,-0.0907216494845359,-0.1090909090909091,-0.1436893203883495,-0.1293188548864758,-0.1135678391959797,-0.118,-0.1,0.0315789473684209,0.0782396088019561,0.0525059665871121,0.0652173913043479,-0.02,-0.0636942675159235
PLGP-L,15.0,0.265869365455488,7.820967543897197e-07,0.0848588225229799,0.0984118434220558,0.0847077850402447,0.9387492060095308,-1.1403999999999996,1.9234470103624488,0.0104724236260661,0.0002740687640741,-0.0002249416160976,1.0,19.51495877882262,0.0838628457569963,1.2339587760118582e-07,0.1172849048663253,1.0676023969130856e-07,0.4038616375572898,-0.0521403269781766,2.4781757438096623e-06,0.3359894660497094,2.0,0.5666966265276351,4.554212781558625,-0.2130092978047592,0.3862385270713342,0.2130092978047592,0.0087029758347419,0.0363237590520677,0.2130092978047592,0.6472561806957383,-0.0628914405010439,0.0754981756946393,-0.0957999056158566,-0.1806713705366688,-0.1691240242844752,-0.1879635515999151,-0.1198897565457051,-0.1611208406304728,-0.1594647949111648,-0.1607533946561541,-0.1160322952710496,-0.1330316742081448,-0.1344025299299752,-0.1664128779638894,-0.1533362792752982,-0.1154201292705447,-0.0687727825030376,-0.1261117445838084,-0.1939419436264198,-0.0895699691138037,-0.0199488491048593,-0.0264227642276422,-0.0095631946239337,0.010548523206751,0.0647402056126702,-0.0655937576200925,-0.0680933852140077,-0.0264227642276422,-0.0584766584766585,0.0,0.0097496706192357,0.0501507262263634,0.055938275006889,0.1283863368669022,0.2012539184952979,0.2828925343153665,0.3333333333333335,0.3227476700034519,0.3440897930550683,0.3172911653489172,0.3588652482269503,0.500391542678152,0.4427710843373496,0.3232044198895027,0.3598296664300924,0.4124585329893107,0.4575884366679346,0.534027221777422,0.6503014642549527
PLKG-L,16.0,0.5586212492820922,1.4092940118481624e-06,0.1529107872688208,0.0419477409887821,0.1157417131175355,0.286312532922174,-14.0874,-0.3720268679713147,-0.1446642579213186,1.337992949932256e-05,3.652263711248296,1.0,0.0768575232829897,0.2996254020262129,-6.862174169034832e-08,0.310961685426681,1.8004798530815722e-09,-0.0781136050563163,0.5592571809672523,1.1638498729264758e-06,1.0543644156108634,3.0,0.3538423473793452,-0.2186825486026898,-0.2894965274210516,0.2406967842248473,-0.1461477366829366,6.825850659555226e-05,0.0001259705240483,0.2406967842248473,1.6536866802719628,-0.180515759312321,-0.0237762237762237,0.0115942028985507,0.0294985250737462,0.0672782874617736,0.0014347202295552,-0.0028571428571427,0.1750841750841751,0.1810490693739426,0.2076124567474049,0.1518151815181518,0.0115942028985507,0.0821705426356589,0.099212598425197,0.1499176276771006,0.1890971039182283,0.1461412151067325,0.1518151815181518,0.1830508474576271,0.1423895253682487,0.0974842767295598,0.0464767616191905,0.1423895253682487,0.0689127105666156,0.2553956834532376,0.0640243902439026,0.2013769363166955,0.0672782874617736,0.0804953560371517,-0.0141242937853106,-0.0196629213483146,-0.0730411686586984,-0.0014306151645206,-0.0718085106382977,-0.1487804878048779,-0.2582359192348564,-0.1845794392523364,-0.2877551020408163,-0.2582359192348564,-0.1855309218203034,-0.3068520357497517,-0.2766839378238341,-0.2004581901489117,-0.2338090010976947,-0.1768867924528302,-0.105128205128205,-0.0815789473684209,-0.1329192546583851,-0.1005154639175256
PLKS-L,16.0,-0.1078467376667891,2.586241560658368e-07,0.0280611589762592,0.4439300195013819,-0.1997463768115941,2.14167869965308,1.7419999999999995,-0.0658863042728707,-0.0555976632059291,0.0003160653715695,0.0036256650168447,1.0,0.2000792393026941,-0.2313031870515602,-8.458000206841837e-08,-0.0438821061192801,3.794520253235104e-11,-0.0138339920948616,0.0557508350383855,3.1417995723861445e-07,0.0280696597839664,4.0,0.0250404766507615,-0.0003272304881402,0.0165365711283557,-0.1113022113144961,0.0207775663905986,0.1011937431394072,0.2241252062168967,0.0656085316037294,1.6536866802719628,0.0,-0.2222222222222221,-0.4166666666666666,-0.4615384615384614,-0.4814814814814815,-0.5,-0.4615384615384614,-0.4399999999999999,-0.4615384615384614,-0.4615384615384614,-0.5,-0.5,-0.5,-0.588235294117647,-0.5625,-0.5333333333333332,-0.5333333333333332,-0.4399999999999999,-0.4814814814814815,-0.4814814814814815,-0.4814814814814815,-0.4814814814814815,-0.4814814814814815,-0.3333333333333332,-0.3333333333333332,-0.3636363636363635,-0.2999999999999999,-0.263157894736842,-0.263157894736842,-0.263157894736842,-0.4399999999999999,-0.4615384615384614,-0.4615384615384614,-0.4814814814814815,-0.4814814814814815,-0.5333333333333332,-0.5625,-0.5625,-0.4814814814814815,-0.4399999999999999,-0.5,-0.4166666666666666,-0.3333333333333332,-0.3636363636363635,-0.3636363636363635,-0.4399999999999999,-0.4166666666666666,-0.4166666666666666,-0.3636363636363635
PLKW-L,13.0,-0.0186061108744871,1.8801466018214167e-06,0.2039990907846742,0.0127001530414125,-0.725428027901078,0.1052545675346545,0.289,-0.5291820628900402,1.3308284638684482,0.0006432604959489,0.7076095287697199,1.0,0.0185510094275621,-0.0148864649790767,-5.9572890238770526e-08,-0.0129203059238809,3.0635792679141754e-14,-0.111111111111111,0.0236499361115468,3.0506556979414364e-08,-0.203872437357631,1.0,0.0064420827041085,2.2979658559317526,0.4633990327420982,0.8857493857493861,1.4030581518018708,-0.008592005105064,-0.0087385842102823,1.385749385749386,1.6536866802719628,0.0,0.0,0.0,0.0,0.0,0.0,0.0,0.0,0.0,0.0,0.0,0.0,-0.5,-0.5,-0.5,-0.5,-0.6666666666666666,0.0,-0.5,-0.5,-0.5,-0.6666666666666666,-0.5,-0.5,0.0,0.0,0.0,0.0,-0.5,0.0,0.0,-0.5,-0.5,0.0,0.0,0.0,0.0,0.0,0.0,0.0,0.0,0.0,0.0,0.0,0.0,0.0,0.0,0.0,0.0
PLLV-L^H20,15.0,-0.0540560958189111,7.470824257342907e-07,0.0810597085585563,0.0756804634920173,0.1529756509648976,1.6846258894349193,2.8965,-0.1285912412822799,0.0116545605518729,0.000732640702088,0.0004281898062037,1.0,0.7076083248038212,0.0477839585872358,5.6939084144386776e-08,-0.003755139494256,2.22694610317781e-10,-0.027,0.0025410691720235,4.379611875620829e-07,-0.188586913206344,3.0,0.0326782357080466,-0.093137345468027,0.0447127526040852,0.9780320393166836,-0.0549364984961408,0.016534190157209,0.0248183873761185,-0.0219679606833163,0.4500286659368093,0.1326530612244898,-0.1327433628318584,-0.2631578947368421,-0.2631578947368421,-0.2159999999999999,-0.2222222222222222,-0.1967213114754098,-0.1694915254237288,-0.1327433628318584,-0.1833333333333333,-0.1967213114754098,-0.2686567164179105,-0.2222222222222222,-0.2283464566929134,-0.2461538461538461,-0.2159999999999999,-0.2032520325203252,-0.2631578947368421,-0.2686567164179105,-0.2283464566929134,-0.2032520325203252,-0.1551724137931034,-0.0392156862745098,-0.0485436893203884,0.0,-0.0297029702970297,-0.0754716981132076,-0.0576923076923077,-0.02,0.0208333333333332,0.0,0.0425531914893617,0.0652173913043476,0.1395348837209302,0.1666666666666667,0.1136363636363635,0.1136363636363635,0.1666666666666667,0.2098765432098763,0.053763440860215,-0.0392156862745098,-0.0297029702970297,0.0425531914893617,0.1136363636363635,0.0888888888888888,0.053763440860215,0.0769230769230768,0.0652173913043476,0.1395348837209302
PLLW-L,18.0,-0.3012823190342925,4.6438390093959135e-08,0.0050386439799397,0.818306125005219,-2.027327466419639,0.6895626091575783,1.6505,1.0990704383100842,1.1256347025005888,0.0018056527987618,0.209582764104476,1.0,0.5325443786982248,-0.4336707251479145,-3.979058740221467e-08,-0.0423910103518649,3.2538749767504214e-13,0.2307692307692307,0.0942316528131657,2.0633047437706243e-08,0.4744985673352434,4.0,0.0701211000629741,-0.1908201775617917,-0.5830524962724754,-0.3237651585161156,0.8948018178009018,-0.0558046389287422,-0.0805992056639613,1.0291760179544724,1.6536866802719628,-0.0409356725146199,0.0754716981132075,-0.0904255319148935,-0.0655737704918033,9.6875,10.4,11.214285714285714,12.153846153846152,14.545454545454543,10.4,10.4,12.153846153846152,13.25,11.214285714285714,11.214285714285714,13.25,13.25,14.545454545454543,18.0,20.375,18.0,18.0,18.0,23.428571428571427,18.0,16.099999999999998,16.099999999999998,16.099999999999998,18.0,18.0,18.0,20.375,23.428571428571427,27.5,23.428571428571427,23.428571428571427,27.5,20.375,20.375,18.0,18.0,18.0,18.0,18.0,18.0,18.0,18.0,18.0,23.428571428571427
PLLZ-L,11.0,-0.5951506495273075,-1.1540530516685925e-06,-0.1252167107764892,0.0151830194165347,-1.2887961927852456,0.8354747823734419,-61.9384,-0.8820744799770683,-1.932312363440478,-0.001971865471584,-6.058249659693432,1.0,0.3096491269777121,-1.221387358184765,-6.681537639327575e-06,-1.054647765635147,1.8862509065832288e-11,-0.1852071005917161,-0.4392855461208858,4.889929453435004e-06,0.2179310510683838,3.0,0.005823613878477,36.97963934396861,7.834660179046924,-5.0188284287713305,0.4105393428880503,-0.8429066723458969,2.7286480792370904,0.3877289482778483,1.6536866802719628,0.0,0.0,-0.5,-0.5,-0.5,-0.6666666666666666,-0.6666666666666666,-0.6666666666666666,-0.6666666666666666,-0.75,-0.6666666666666666,-0.75,-0.6666666666666666,-0.75,-0.75,-0.75,-0.6666666666666666,-0.6666666666666666,-0.6666666666666666,-0.6666666666666666,-0.6666666666666666,-0.8,-0.8,-0.8,-0.8333333333333333,-0.8333333333333333,-0.8333333333333333,-0.8333333333333333,-0.875,-0.875,-0.8571428571428572,-0.8571428571428572,-0.75,-0.75,-0.75,-0.75,-0.75,-0.75,-0.6666666666666666,-0.75,-0.75,-0.8333333333333333,-0.8333333333333333,-0.8,-0.75,-0.8,-0.8,-0.8,-0.8333333333333333
PLMF-L,15.0,0.3293333333333333,5.395560751538511e-07,0.0585427480240648,0.0293380140421263,0.1982257571122667,0.8049074483662435,4.5,0.7950310548649105,0.0391404977082363,-0.0001698369565217,0.1431215082333286,1.0,0.1954992967651195,0.3855035279025015,4.6211978659010403e-08,0.2240984544934164,3.1047325454264485e-10,0.1669307976756471,0.1003333333333333,4.566243080468704e-07,0.2685634975711313,4.0,0.1125536231775761,-0.209428282379648,0.130574520768134,0.5595346197502837,-0.1682431580274939,0.0141474311243484,0.0272857826711345,0.1095346197502838,0.2234711730097247,-0.1760204081632652,-0.1191011235955056,-0.1850311850311849,-0.2358674463937622,-0.220675944333996,-0.2403100775193798,-0.2519083969465649,-0.3049645390070922,-0.2780847145488029,-0.2159999999999999,-0.2645403377110694,-0.3333333333333333,-0.2936936936936937,-0.2645403377110694,-0.260377358490566,-0.2032520325203252,-0.1816283924843423,-0.1365638766519824,-0.0925925925925926,-0.0841121495327104,0.1073446327683615,0.0828729281767954,0.0288713910761153,0.0370370370370369,0.0425531914893617,0.1073446327683615,0.1329479768786128,0.1736526946107783,0.1807228915662651,0.380281690140845,0.1199999999999998,0.2024539877300615,0.2894736842105263,0.2727272727272727,0.3066666666666666,0.3110367892976586,0.2894736842105263,0.4464944649446494,0.5680000000000001,0.6198347107438016,0.5870445344129553,0.4518518518518517,0.4306569343065691,0.5870445344129553,0.6470588235294119,0.380281690140845,0.4000000000000001,0.4736842105263157,0.6333333333333333
PLMM-L,14.0,0.2480406891990143,1.868587181673423e-07,0.0202744874119918,0.0191708038631428,-0.0115199284074503,0.1166491340341874,0.5354999999999999,-0.1099806094560624,1.826124361759992,0.0002559665362039,42.0580342875679,1.0,0.0001795105471061,-0.3138064598738757,-1.0220743004814745e-07,0.2194439736235749,1.6070016372864178e-12,-0.0230923694779116,0.2603952677548526,9.758742175526174e-06,0.2679196233202006,1.0,0.009675957525875,-0.4014587446323804,-2.5299040550057383,2.2792081241230298,1.9797088909708875,-0.0013152554983989,-0.0700050935948045,2.289851004607864,1.6536866802719628,0.0,1.25,1.25,1.25,0.5,0.2857142857142856,-0.1818181818181818,-0.3571428571428572,-0.3571428571428572,-0.4375,-0.4705882352941177,-0.5263157894736843,-0.55,-0.55,-0.6086956521739131,-0.5,-0.5263157894736843,-0.6086956521739131,-0.6666666666666667,-0.64,-0.6538461538461539,-0.6896551724137931,-0.6538461538461539,-0.6538461538461539,-0.6785714285714286,-0.7,-0.71875,-0.6785714285714286,-0.71875,-0.7,-0.6785714285714286,-0.71875,-0.7,-0.7272727272727273,-0.5714285714285714,-0.625,-0.5909090909090909,-0.625,-0.4,-0.4,-0.5909090909090909,-0.625,-0.6896551724137931,-0.6086956521739131,-0.6538461538461539,-0.6538461538461539,-0.6538461538461539,-0.7,-0.6666666666666667
PLMW-L,17.0,-0.1911737943585078,3.639226234479265e-07,0.0394862210358647,0.3652911621777448,-0.6342561928732282,0.2450224079347511,-0.149,0.3968865471675301,-1.0081926969066397,0.0379661926482425,-0.2241073079977804,1.0,0.3547904191616766,-0.3505016722408026,-1.9721532899927802e-07,-0.0275667790130287,2.1688762601125372e-14,0.0833333333333332,0.0010919017288444,3.0238184613572306e-07,0.1476529160739686,2.0,0.0037507878037892,-0.2311421383277671,-0.0627042566752096,-0.3871437676408996,-0.70721610037146,-0.0245809427382157,-0.045005149330587,0.0414276609305289,1.6536866802719628,0.0,0.0,-0.25,-0.25,-0.25,-0.25,-0.25,-0.25,0.0,-0.25,-0.25,-0.5,-0.5,-0.5,-0.5,-0.5,-0.625,-0.5,-0.5,-0.5714285714285715,-0.4,-0.4,-0.4,-0.4,-0.4,-0.4,-0.4,-0.4,-0.4,0.0,-0.25,-0.4,-0.4,-0.25,-0.25,0.0,0.0,-0.25,0.0,-0.4,-0.5,-0.625,-0.6666666666666667,-0.5714285714285715,-0.5,-0.625,-0.4,-0.5,-0.6666666666666667
PLNG-L,19.0,-0.2634278469340709,1.7475164611382374e-06,0.1896084958790425,0.0742801625154566,-0.2998155982210652,1.195132997048562,-0.2139999999999999,-0.7710938630683449,-0.2465171122488728,7.963474198343569e-05,-0.0258700482046057,1.0,7.1438356164383565,-0.4864759932703507,-1.6766116853712877e-06,-0.3084326154050374,8.426606953960009e-13,-0.1619047619047619,0.0008068234209313,3.88126576915607e-06,-0.0843636363636363,3.0,0.0006383997431488,0.5631425341151106,-0.0632035907377427,0.5947995634433846,-4.097747529103707,-0.0442062436429074,-0.1423891129032257,-0.0112610426172215,1.6536866802719628,0.0,-0.5,-0.5,-0.5,-0.5,-0.5,-0.5,-0.5,-0.5,-0.5,-0.6666666666666666,-0.6666666666666666,-0.75,-0.75,-0.8,-0.8,-0.8,-0.8333333333333333,-0.8,-0.8,-0.8333333333333333,-0.8333333333333333,-0.8333333333333333,-0.8333333333333333,-0.8333333333333333,-0.8571428571428572,-0.8888888888888888,-0.875,-0.8571428571428572,-0.8571428571428572,-0.8571428571428572,-0.8571428571428572,-0.8571428571428572,-0.875,-0.8888888888888888,-0.9333333333333332,-0.8571428571428572,-0.8333333333333333,-0.8571428571428572,-0.875,-0.8888888888888888,-0.8571428571428572,-0.8571428571428572,-0.875,-0.8333333333333333,-0.8333333333333333,-0.8333333333333333,-0.8333333333333333,-0.8333333333333333
PLNI-L^J19,17.0,0.0941209006475998,1.8171781909988065e-06,0.1971669115580521,0.0165126905721077,0.2410316075237541,0.3355476158229205,-1.958,-0.3746609005261491,0.1002788936816229,-0.0026868903991143,-0.265709156193896,1.0,0.0250557411219983,0.0734317222422199,1.294621050624702e-07,-0.0102348513195252,8.877359783030145e-12,-0.0786666666666667,0.0290536439968349,8.127804901482938e-07,0.1433915211970073,4.0,0.0152257823809768,-0.0151547510229884,-0.0806928867142464,-0.2840871735476682,-0.0830280530567632,-0.0044268913463226,-0.0064069343251125,-0.0141357509244899,0.2705432352406134,0.0,0.0,0.0,0.0285714285714286,0.0434782608695651,-0.1627906976744186,-0.1627906976744186,-0.027027027027027,0.0,-0.027027027027027,0.0,-0.1,-0.1428571428571429,-0.2340425531914893,-0.25,-0.3009708737864078,-0.2871287128712871,-0.3333333333333333,-0.3454545454545455,-0.3513513513513514,-0.3009708737864078,-0.3076923076923077,-0.3076923076923077,-0.2871287128712871,-0.2340425531914893,-0.2653061224489795,-0.3271028037383178,-0.3454545454545455,-0.2421052631578947,-0.28,-0.3009708737864078,-0.2340425531914893,-0.2087912087912088,-0.4146341463414634,-0.4330708661417323,-0.5609756097560976,-0.5609756097560976,-0.5384615384615385,-0.5263157894736843,-0.6326530612244898,-0.64,-0.6651162790697674,-0.6603773584905661,-0.6603773584905661,-0.6712328767123288,-0.6962025316455697,-0.6682027649769585,-0.6666666666666667,-0.6666666666666667
PLNK-L,16.0,0.2255149055813469,1.0445124766478223e-06,0.1133313728530426,0.3894945633735636,0.7933750162370488,0.7241580281008817,15.882099999999998,1.6174998903431437,0.1841161868492069,3.375586482422765e-05,0.0465666337655603,1.0,0.1869122757073121,0.2435699502201716,1.5094510843572817e-07,-0.1212678873245918,3.139449605002786e-10,0.3396226415094341,-0.0877413724434821,3.892767779107631e-07,0.1795635905129386,3.0,0.1167535982277042,-0.027169012800846,-0.1280917531868537,0.6667168037989849,0.6548126920934676,0.0358628545768407,0.0492284971789597,0.5429799865472928,-0.0039124371784886,-0.0572916666666666,-0.1152073732718894,-0.3333333333333333,-0.2781954887218045,-0.2699619771863117,-0.2350597609561753,-0.0103092783505154,0.0607734806629833,0.4769230769230768,0.6271186440677967,0.5737704918032787,0.7943925233644857,0.9393939393939394,0.7943925233644857,0.9793814432989691,0.5737704918032787,1.0425531914893615,0.92,0.714285714285714,0.7297297297297296,0.6134453781512605,0.4769230769230768,0.4769230769230768,0.4883720930232558,191.0,191.0,95.0,47.0,47.0,37.4,47.0,37.4,26.428571428571423,12.714285714285712,12.714285714285712,11.0,8.6,6.111111111111111,5.0,5.0,4.647058823529411,4.333333333333333,4.1891891891891895,3.8,4.333333333333333,2.84,2.692307692307692,1.8235294117647056,1.9538461538461536
PLPB-L,6.0,0.0383071758890503,2.561169336771607e-06,0.2778912110049499,0.0320355316368398,0.1543190218172559,0.9286261145825928,163.4466,0.0834744005755878,-0.0048287130402711,-0.000452211538306,0.0250669568418642,1.0,0.0754324011054456,0.0869705115175768,2.015697644604319e-07,-0.0440175051588076,1.880908364354116e-06,0.0175269232419444,0.0465014140283965,3.933377226385336e-06,0.0211596949366468,4.0,1.1673579329271582,0.0444220004731797,-0.0798818196020732,-0.0951906811879823,0.0768150848003301,0.0016145343813132,0.0043413795374881,0.1324942490861121,0.3961294858183095,0.0,0.0,0.0,0.0,0.0,0.0,0.0,0.0,0.0,0.0,0.0,0.0340909090909091,0.1666666666666667,0.2465753424657535,0.6851851851851851,0.6851851851851851,0.6851851851851851,0.6851851851851851,0.6851851851851851,0.6851851851851851,0.6851851851851851,0.6851851851851851,0.6851851851851851,0.6545454545454545,0.6545454545454545,0.6545454545454545,0.8958333333333335,0.8958333333333335,0.8958333333333335,0.8958333333333335,1.022222222222222,0.8958333333333335,0.8958333333333335,1.0681818181818183,0.6545454545454545,0.6545454545454545,0.6545454545454545,0.6545454545454545,0.1818181818181818,0.1818181818181818,0.1818181818181818,0.1818181818181818,0.1518987341772151,0.1518987341772151,0.318840579710145,0.5964912280701757,0.5964912280701757,0.8571428571428572,1.2195121951219514
PLPI-L,16.0,0.1733785790672978,3.253537224613569e-07,0.0353014299529767,0.1612347428424205,0.0783751708519977,2.952603919117869,-3.3320000000000003,0.2186632285643097,0.0069308980504542,0.0077974622235397,-0.0204816477652702,1.0,0.6243784842549345,0.4201571135597344,3.2868637535257564e-08,0.0025037425735343,1.4493948538959322e-09,0.0459122029802657,0.0064392035642352,8.822969583813112e-07,0.1048619109588699,4.0,0.0706118664168301,0.4423836609534534,-1.2588090788490731,1.679665660626449,1.679665660626449,-0.0239851368961453,-0.107479591086269,0.679665660626449,1.3291594335075072,-0.0677419354838709,-0.0828402366863905,-0.1733333333333333,-0.1733333333333333,-0.1242937853107344,-0.1842105263157893,-0.1842105263157893,-0.2030848329048843,-0.226932668329177,-0.2364532019704432,-0.1842105263157893,-0.1666666666666667,-0.0461538461538461,-0.0718562874251496,-0.0220820189274447,0.0264900662251654,-0.0432098765432099,-0.0606060606060605,-0.1388888888888888,-0.1506849315068492,-0.121813031161473,-0.1242937853107344,-0.0746268656716417,-0.1842105263157893,0.0064935064935065,-0.0432098765432099,-0.1412742382271468,-0.0773809523809523,-0.0032154340836012,0.0616438356164383,-0.0828402366863905,-0.1040462427745664,-0.0718562874251496,0.0652920962199312,0.0333333333333334,-0.0490797546012269,-0.0662650602409637,-0.0606060606060605,-0.0519877675840978,-0.0828402366863905,0.0,0.0472972972972973,-0.0577507598784194,-0.0432098765432099,-0.0988372093023255,-0.1621621621621621,-0.0882352941176469,-0.0606060606060605,0.0064935064935065
PLQE-L,16.0,0.0389897404181519,1.103682944370018e-06,0.1197514688205262,0.059566599162731,0.0772282929802203,1.7561963635282851,-6.1676,-0.0320226309450568,-0.0184874301508928,-0.0033260322050046,0.0231902551316324,1.0,0.4697542117492669,-0.013222960932322,-1.713707732581975e-08,-0.0448757517467721,4.4856601030352115e-09,-0.0067237163814179,0.0477161189475209,1.124136747433692e-06,0.0959221040428862,4.0,0.0779782300670575,-0.1488458850137257,0.0287808107698322,-0.1685688410648396,-0.0945743746865062,-0.0049929245001974,-0.0100783778645384,-0.0535329500259446,1.6536866802719628,-0.0614035087719296,-0.1914893617021277,-0.4031413612565445,-0.4328358208955224,-0.4213197969543147,-0.4697674418604651,-0.4887892376681615,-0.5327868852459017,-0.5327868852459017,-0.5476190476190477,-0.5289256198347108,-0.5632183908045978,-0.5546875,-0.6534954407294833,-0.6459627329192548,-0.6274509803921569,-0.6225165562913908,-0.5529411764705883,-0.5269709543568466,-0.4571428571428572,-0.4411764705882354,-0.3522727272727273,-0.3214285714285715,-0.40625,-0.2597402597402598,-0.3522727272727273,-0.3770491803278689,-0.4213197969543147,-0.4571428571428572,-0.525,-0.5210084033613446,-0.4841628959276018,-0.4841628959276018,-0.5086206896551724,-0.5762081784386617,-0.6212624584717608,-0.5971731448763251,-0.6310679611650485,-0.5884476534296029,-0.545816733067729,-0.5808823529411765,-0.5476190476190477,-0.5511811023622047,-0.5269709543568466,-0.5681818181818182,-0.5086206896551724,-0.4864864864864866,-0.4545454545454546,-0.4571428571428572
PLQO-L^E21,3.0,0.0918525060719806,3.0696609407949375e-07,0.0333063411296091,0.0081562219840515,-1.8602564102564103,-0.0219439682160163,-4.6149,2.645910314450204,-57.07066021748449,0.0497685185185185,-150.3947783060593,1.0,0.7747747747747747,-0.3950865888038663,-5.974802769916112e-07,0.1589613679544013,1.4586136298343762e-16,0.5555555555555557,0.0591742106425259,4.5094586323994884e-07,1.4154351395730709,2.0,0.00550277596045,26.46846846846844,-1.079438804826662,-17.90969162995593,-1.0720024965309127,-0.2472902156920791,-0.3220643939393939,-0.4096916299559471,1.6536866802719628,0.5714285714285714,-0.1249999999999998,-0.2222222222222221,-0.4166666666666666,-0.4615384615384614,-0.2999999999999999,-0.2222222222222221,-0.4166666666666666,-0.5333333333333332,-0.4166666666666666,-0.2999999999999999,-0.4166666666666666,-0.5,-0.5333333333333332,-0.5,-0.7307692307692307,-0.6818181818181818,-0.588235294117647,-0.6666666666666666,-0.7586206896551724,-0.7407407407407407,6.000000000000001,6.000000000000001,6.000000000000001,6.000000000000001,6.000000000000001,6.000000000000001,6.000000000000001,6.000000000000001,6.000000000000001,6.000000000000001,6.000000000000001,6.000000000000001,6.000000000000001,6.000000000000001,6.000000000000001,6.000000000000001,6.000000000000001,6.000000000000001,6.000000000000001,6.000000000000001,6.000000000000001,6.000000000000001,6.000000000000001,6.000000000000001,6.000000000000001,6.000000000000001,2.5000000000000004,2.5000000000000004
PLZN-L^A20,18.0,-0.088098016336056,3.924450534340649e-07,0.0425809529990557,0.1233471955640861,0.1061394380853277,1.0458671450918342,0.9095,-0.9525277132020727,0.1537382732300996,-0.0016352201257861,0.0109976153367392,1.0,4.816353887399464,-0.1303011422637591,-3.388769971385946e-08,-0.0621249109958292,4.356074132236638e-12,-0.1999999999999999,0.013613380007779,3.106497428415413e-07,-0.0285446339604945,3.0,0.015000255330721,-0.4469313031918087,0.0633263882935492,0.0100758963622089,0.4706525131191378,0.0030682244493274,0.0055058665127909,0.0100758963622089,1.6536866802719628,0.0,-0.0153846153846154,-0.0303030303030302,-0.0303030303030302,-0.0303030303030302,-0.044776119402985,0.0,0.0491803278688525,0.0666666666666666,0.1228070175438598,0.1034482758620691,0.032258064516129,0.032258064516129,-0.0303030303030302,-0.0588235294117647,-0.0724637681159419,-0.0857142857142856,-0.1351351351351351,-0.1688311688311689,-0.1351351351351351,-0.1578947368421053,-0.189873417721519,-0.189873417721519,-0.0857142857142856,-0.0857142857142856,-0.0588235294117647,-0.0588235294117647,-0.0588235294117647,-0.0588235294117647,0.0491803278688525,-0.0303030303030302,0.1428571428571428,0.1636363636363635,0.1228070175438598,0.1228070175438598,0.1636363636363635,0.5609756097560976,-0.2,-0.2808988764044944,-0.3535353535353535,-0.3663366336633663,-0.3962264150943396,-0.3402061855670103,-0.346938775510204,-0.3725490196078431,-0.2888888888888888,-0.2195121951219512,-0.189873417721519,-0.111111111111111
PMAL-L,15.0,-0.1543316068408763,7.424792433681197e-07,0.0805602554752142,0.1541383719257188,0.0931797552966303,0.836608859558541,40.8095,-0.8736690551881983,0.0124412766426444,-0.0075151935173287,-0.1943075786322752,1.0,0.1957746690869272,0.2301984658338726,4.80741915497836e-08,-0.1541553656246839,3.395371330096042e-07,-0.1834422333500872,-0.3680349683807509,1.5795043868737409e-06,-0.142891454131634,3.0,0.9456482049300752,0.1889648167534115,0.0645944311606804,-0.0577499573604398,-0.1048763264679509,-0.000191296584634,-0.0008049570947921,-0.2463128214726975,1.0840833767656852,-0.175084175084175,-0.0887707097565965,-0.2098261794962753,-0.2672697368421053,-0.2879974428639924,-0.2388518708354691,-0.2525167785234899,-0.1821185973930604,-0.1867469879518073,-0.2562604340567612,-0.2672697368421053,-0.2438900203665989,-0.2001795332136445,-0.2588587589419397,-0.2461928934010152,-0.2305699481865285,-0.2406681438554628,-0.2487352445193928,-0.2297717842323652,-0.2027559055118111,-0.1722408026755854,-0.1965734896302976,-0.220199544897602,-0.1541674577558383,-0.0945121951219513,-0.1402933230412968,-0.0784029788994622,0.0834143968871594,0.2485986547085201,0.319218241042345,0.3414634146341462,0.2371563454595946,0.3064516129032257,0.4169847328244274,0.5560600768424728,0.4178866963717376,0.3099088503381357,0.2485986547085201,0.4592204389125449,0.3745757482258562,0.2050311063024072,0.1653151974888831,0.2478991596638653,0.2588301780163886,0.2212171052631579,0.3382397116251125,0.3603053435114502,0.4894684052156468,0.4138368771818468
PMAM-L,14.0,3.2929580958161813,8.796458388080734e-07,0.095443063405549,0.0566965232139071,0.1613703034678145,1.2603176536113805,-84.1782,46.8642504011093,0.0038326989327237,0.0112152701286283,0.0815931458056131,1.0,2.2505112474437627,2.034940346768635,-1.5936536879095768e-08,0.9840295980693392,6.998517746828916e-08,9.839976255088198,0.1347235879172093,1.0348294603219563e-06,5.51680980129222,3.0,1.1026263854123513,-0.7585552475489542,0.8826363068080458,2.690209015037801,-1.1179420288109667,-0.0114697883410192,-0.0235792999135695,2.690209015037801,1.6536866802719628,-0.1325611325611324,-0.176033934252386,-0.173404255319149,-0.2968325791855204,-0.3243478260869565,-0.25,-0.2322134387351778,-0.1423841059602649,-0.1545157780195865,-0.1190476190476191,-0.1545157780195865,-0.16,-0.1452145214521452,-0.1795142555438227,-0.0615942028985506,-0.0263157894736842,0.0104031209362807,0.0223684210526315,-0.02875,0.0401606425702811,0.0791666666666666,0.1131805157593122,0.2613636363636362,0.2102803738317755,0.182648401826484,0.1099999999999998,0.0387700534759356,0.1099999999999998,0.2140624999999998,0.2842975206611571,0.2842975206611571,0.4335793357933579,0.5175781249999998,0.5571142284569137,0.6638115631691648,0.6745689655172413,1.0887096774193543,0.9522613065326632,0.8588516746411483,0.7228381374722839,0.8544152744630069,0.7152317880794701,0.6854663774403469,0.7460674157303369,0.625523012552301,0.6602564102564104,0.7343749999999998,0.6153846153846154,0.6323529411764706
PMCH-L,9.0,-0.1417450535192993,2.56779428013948e-06,0.2786100285813223,0.063718820861678,-0.0564551422319474,0.6817051049455091,-0.205,-0.336752221839117,-0.1372083382936344,0.0036300719229203,-0.0775680053205462,1.0,0.4899882214369846,-0.0972583550130077,-1.9183034192130454e-07,-0.0676557863501484,5.119909384495341e-13,-0.0707070707070707,0.0069412909503729,1.1313436337346963e-06,-0.2303969022265246,3.0,0.0009878361408266,0.0407712777559655,-0.0289738908077044,-0.2057028514257128,-0.1560574613547909,-0.0193406423718344,-0.0274731300723842,-0.2057028514257128,1.6536866802719628,-0.1,0.0,0.0,-0.3103448275862068,-0.3333333333333332,-0.3548387096774192,-0.3548387096774192,-0.375,-0.3333333333333332,-0.4285714285714285,-0.4444444444444444,-0.3333333333333332,-0.2857142857142857,-0.375,-0.4117647058823529,-0.4117647058823529,-0.375,-0.3548387096774192,-0.4736842105263158,-0.1666666666666666,-0.0909090909090908,0.0,0.1111111111111111,-0.0909090909090908,-0.1304347826086956,-0.1304347826086956,-0.0909090909090908,-0.4594594594594594,-0.4736842105263158,-0.5454545454545454,-0.6153846153846154,-0.6666666666666666,-0.6774193548387096,-0.6666666666666666,-0.696969696969697,-0.6774193548387096,-0.6825396825396826,-0.7142857142857142,-0.7468354430379747,-0.7402597402597402,-0.7435897435897436,-0.736842105263158,-0.6363636363636364,-0.6666666666666666,-0.6774193548387096,-0.7058823529411764,-0.6774193548387096,-0.5652173913043479,-0.5652173913043479
PMGU-L,14.0,0.2479670088734177,4.309761972033666e-07,0.046761647359919,0.1613507789136233,0.2867587065717926,0.9495924657504268,41.6245,-0.3668251500186956,0.0805859575673862,0.0031024853585295,0.0183734291246819,1.0,0.0921883515041531,0.3378641065000092,1.607056141030953e-07,0.1182633452735398,3.963776213056314e-09,-0.0770214125918824,0.2427392243044688,8.019640497791796e-07,0.2044758923465003,3.0,0.3056686543187147,-0.157167458622081,0.2268101068089852,-0.1988832781728131,0.1032334971191632,0.0526619227855766,0.1677430786424304,0.1995510119832026,0.4773406201631187,-0.1137123745819399,-0.114074074074074,-0.1841746248294679,-0.1682892906815021,-0.2362707535121327,-0.2079470198675496,-0.134587554269175,0.1219512195121952,0.2589473684210528,0.472906403940887,0.4409638554216868,0.2915766738660907,0.297180043383948,0.2254098360655738,0.4801980198019802,0.7588235294117649,0.7434402332361516,0.6750700280112047,0.5654450261780106,0.6519337016574587,0.6797752808988764,0.5695538057742784,0.723342939481268,0.8066465256797584,0.9415584415584416,1.098245614035088,1.1824817518248176,1.0067114093959733,1.0909090909090913,1.3359375,1.2651515151515151,1.2397003745318351,1.151079136690648,1.198529411764706,1.0836236933797911,0.6797752808988764,0.6611111111111112,0.9415584415584416,1.3359375,1.5126050420168071,1.166666666666667,1.4813278008298756,1.2313432835820897,1.1205673758865249,1.0479452054794525,1.62280701754386,2.5384615384615388,2.4171428571428573,2.285714285714286
PMLW-L,15.0,0.0937173158292176,2.084966226332842e-06,0.2262223669561766,0.0010039724412594,0.0400308163893614,0.0313726986914702,-24.7035,0.0304906438284914,-0.0742537930948687,7.392609003030774e-05,0.0539206273754661,1.0,0.0074729680648807,0.1359260092092677,7.722955840011018e-08,0.0015025611795345,9.233710513468835e-11,0.0064020486555697,0.0271496656191908,2.0142347823882023e-06,0.0532079965253058,2.0,0.1517021180225741,-0.1919701623519087,0.3242398370814611,-0.2176496684344698,-0.3242398370814611,-0.0024364971190463,-0.0047901414917782,-0.3242398370814611,0.0811388231711831,-0.0773584905660377,-0.039855072463768,-0.094017094017094,-0.1062394603709949,-0.1666666666666667,-0.1451612903225807,-0.1627172195892575,-0.2352092352092352,-0.2042042042042042,-0.2318840579710145,5.624999999999999,5.091954022988506,4.698924731182795,5.091954022988506,5.794871794871795,5.794871794871795,6.260273972602739,6.794117647058823,6.361111111111111,6.681159420289855,6.571428571428572,7.030303030303029,7.833333333333334,7.548387096774194,9.0,7.412698412698413,8.13793103448276,7.688524590163935,7.030303030303029,7.833333333333334,7.548387096774194,7.548387096774194,7.153846153846153,8.13793103448276,8.464285714285714,7.030303030303029,6.571428571428572,7.28125,7.548387096774194,7.688524590163935,7.833333333333334,8.13793103448276,7.688524590163935,7.153846153846153,6.910447761194029,7.548387096774194,8.636363636363635,9.6,9.392156862745097
PMQB-L,17.0,0.638605504587156,6.491842784236695e-07,0.070437593760953,0.1632515805048648,-2.792768664211584,0.0053104459744605,-0.265,2.381319283005183,-49.33208784604072,0.0048942394239423,-286.5091743119266,1.0,0.0368636629607957,0.5599153932487265,-3.00852010702637e-07,0.3686128341353506,4.1124033754937243e-16,0.5,-0.5480733944954128,1.412730765011965e-07,0.9255631733594516,3.0,0.015650435154246,7.323217307418599,-5.1507863089731725,-0.1630434782608694,-0.6390284273533884,-0.0179051330287557,-0.0221241386944129,0.0869565217391305,1.6536866802719628,0.0,-0.5,-0.5,-0.5,-0.5,-0.5,0.0,-0.5,0.0,-0.5,-0.6666666666666666,-0.6666666666666666,-0.75,-0.8,-0.8571428571428572,-0.8571428571428572,-0.875,-0.6666666666666666,0.0,0.0,0.0,0.0,0.0,-0.5,0.0,-0.5,-0.5,-0.5,0.0,0.0,-0.5,-0.5,-0.5,-0.6666666666666666,0.0,0.0,0.0,0.0,-0.5,-0.5,-0.5,-0.5,-0.5,-0.6666666666666666,0.0,0.0,0.0,0.0,0.0
PNCS-L,13.0,0.267799211637074,1.1489075092754815e-06,0.1246584107116051,0.296764445754717,0.1700085324232081,1.881465924525976,0.3434999999999999,0.4807710855278598,-0.0087204971508177,-0.0077615376565388,-0.4320734443937319,1.0,0.5421313506815365,0.5469926110075272,7.774947701373227e-08,0.0605436003137928,1.8385269790041124e-11,0.1009463722397475,0.03889489657097,7.150285016658676e-07,-0.0172000563936275,5.0,0.005482063230271,-0.3253145553331427,0.2963937322937111,-0.4206519137758753,-0.2404141308793035,0.0341816054489992,0.0371008708272859,0.1457816526576912,-0.0665401632563256,-0.0833333333333332,0.0666666666666666,0.0212765957446807,-0.0769230769230769,-0.04,0.0434782608695651,-0.1932773109243697,0.1162790697674418,-0.04,-0.1028037383177571,-0.1192660550458716,-0.0679611650485437,0.032258064516129,-0.1932773109243697,-0.3043478260869565,-0.2319999999999999,-0.2195121951219512,-0.2615384615384616,95.0,47.0,95.0,47.0,47.0,95.0,95.0,95.0,47.0,47.0,47.0,95.0,95.0,95.0,95.0,47.0,95.0,47.0,95.0,95.0,95.0,95.0,95.0,95.0,95.0,95.0,95.0,95.0,47.0,31.0,31.0
PNDH-L,21.0,-0.0549185776005316,1.6883952666173055e-06,0.1831937461373521,0.0498693563341106,-0.4736842105263158,0.0407565266569738,0.005,0.3968865471675301,-0.2648660987957991,2.7700831024930747e-06,1.9969604000458967,1.0,0.0348395671160053,-0.060480048922183,-1.0868766353269213e-07,0.0336593908846269,8.139520582020909e-15,0.0833333333333332,0.0266976847236068,1.8676914476623888e-07,-0.0011754334410813,2.0,0.0051166810976756,-0.3044100220632044,-0.9245914200547588,0.7210021290868258,0.0355825684550411,-0.0106079342659719,-0.0117812846807499,-0.0365736284889317,1.6536866802719628,-0.1249999999999998,0.1428571428571428,0.1428571428571428,-0.111111111111111,-0.111111111111111,-0.2,-0.2727272727272727,0.0,0.3333333333333335,0.3333333333333335,0.1428571428571428,0.0,0.1428571428571428,0.0,0.0,-0.111111111111111,-0.111111111111111,0.0,0.0,-0.111111111111111,-0.111111111111111,-0.2,-0.3333333333333332,-0.3846153846153846,-0.4285714285714286,-0.4285714285714286,-0.5,-0.4285714285714286,-0.2727272727272727,-0.2727272727272727,-0.2727272727272727,0.0,0.1428571428571428,0.0,0.0,-0.111111111111111,0.0,-0.2,-0.111111111111111,-0.3333333333333332,-0.2727272727272727,-0.3846153846153846,-0.2727272727272727,-0.2,0.0,-0.111111111111111,-0.111111111111111,-0.4285714285714286,-0.3333333333333332
PNEA-L,6.0,-0.0813209841153735,3.4973678024513128e-06,0.3794703302117442,0.1915418463042802,-0.9645038111228328,0.6371829065897228,0.1835,-0.470701026290333,-0.2044858562933128,-0.0003940682360261,0.086819687573052,1.0,0.0775984707032986,-0.1179500118736641,-2.115522350410066e-06,-0.0745156022193943,3.506186137901715e-13,-0.0988319856244385,0.0348631470736505,1.9721060833590665e-06,-0.008315577651515,2.0,0.0004777486082052,0.0627588192526813,0.3539366267784274,-0.2832616236985567,-0.463072878287675,-0.0712876838511368,-0.1281728172817281,-0.3584618238987569,1.6536866802719628,-0.2,-0.0909090909090908,-0.1666666666666666,-0.3333333333333332,-0.3333333333333332,-0.3333333333333332,-0.4117647058823529,-0.4444444444444444,-0.375,-0.3333333333333332,-0.3333333333333332,-0.1666666666666666,-0.4444444444444444,9.0,9.0,9.0,9.0,9.0,9.0,9.0,9.0,9.0,9.0,9.0,9.0,9.0,9.0,9.0,9.0,9.0,9.0,9.0,9.0,9.0,9.0,9.0,9.0,9.0,9.0,9.0,9.0,9.0,9.0,9.0,9.0,9.0,9.0,9.0,9.0
PNED-L^A21,16.0,0.1217555450684282,1.0792383292383292e-06,0.1170991866758175,0.2020211053478805,0.4028511087645195,3.5399306829091133,-0.2024999999999999,0.1120620839061255,-0.0012183901985399,0.0017107126002831,0.0267972648309,1.0,0.1017090454355981,0.02608526377263,2.624897624897625e-07,0.0215747330960853,3.8325718192445495e-12,0.0235294117647057,0.0935582822085889,8.675266175266176e-07,0.268942797244684,2.0,0.0013731499669209,-0.0841645328410648,0.0068162863097714,-0.0732364717678208,-0.0083449259597516,0.0171205446535843,0.0334310850439882,0.0249622499056247,0.3121623842635062,-0.142857142857143,0.0,-0.1249999999999998,-0.1249999999999998,-0.1249999999999998,-0.1249999999999998,-0.1249999999999998,-0.1249999999999998,-0.2222222222222221,-0.1249999999999998,-0.1249999999999998,-0.2222222222222221,-0.1249999999999998,-0.2999999999999999,-0.2222222222222221,-0.2999999999999999,-0.2999999999999999,-0.2999999999999999,-0.3636363636363635,-0.2999999999999999,-0.2999999999999999,-0.3636363636363635,-0.2999999999999999,-0.2999999999999999,-0.2999999999999999,-0.2999999999999999,-0.3636363636363635,-0.2999999999999999,-0.3636363636363635,-0.3636363636363635,-0.4166666666666666,-0.4166666666666666,-0.3636363636363635,-0.4166666666666666,-0.4166666666666666,-0.4615384615384614,-0.3636363636363635,-0.4166666666666666,-0.4166666666666666,-0.4166666666666666,-0.4166666666666666,-0.2999999999999999,-0.4166666666666666,-0.2222222222222221,-0.2222222222222221,-0.2222222222222221,-0.2999999999999999,-0.2222222222222221,-0.1249999999999998
PNEO-L,17.0,0.3032258064516128,2.626183623989544e-07,0.0284945371285655,0.0471753057658707,0.0376100928350392,5.664253322348341,-17.25,0.6202995041823653,-0.0207084099297502,-0.0104701698933227,-0.0008867192411496,1.0,1.9069767441860463,-0.0501043841336116,-2.453028659770453e-08,0.0428406656780348,1.0326752579985172e-08,0.130242825607064,0.0098671726755218,7.284052161483086e-07,0.5050685748360169,3.0,0.0974223539525216,0.1124031007751937,-0.106956897486802,0.1771768636458551,0.1002537867227782,-0.0354969574036511,-0.1483050847457627,0.1771768636458551,1.6536866802719628,-0.0446841294298921,0.0871021775544389,0.0383999999999999,0.0639344262295082,0.1778584392014519,0.3956989247311828,0.3506763787721125,0.3450777202072539,0.3882352941176472,0.3450777202072539,0.267578125,0.248076923076923,0.2456813819577736,0.1075085324232081,0.1046808510638297,0.0301587301587302,0.0709570957095711,-0.0166666666666666,-0.1023513139695712,0.0484652665589659,0.0935130581297389,0.1799999999999999,0.1568627450980391,0.5379146919431281,0.4749999999999998,0.5638554216867468,0.488532110091743,0.2651072124756335,0.3882352941176472,0.7056504599211564,0.1875571820677035,0.1208981001727116,0.0109034267912773,-0.0385185185185185,0.0023166023166023,-0.1259259259259258,-0.1170068027210883,-0.1917808219178081,-0.1625806451612903,-0.0681981335247666,-0.1121751025991791,-0.0166666666666666,0.040898155573376,0.3663157894736841,0.582926829268293,0.5023148148148147,0.5926380368098159,0.5733333333333335,0.6770025839793281
PNEP-L^G21,15.0,-0.0173710627773332,1.0856116712069049e-06,0.1177907050742177,0.4204098969947967,0.3335391672547635,0.7693603474983713,-0.2125,0.1039121141674989,-0.0332830837627718,0.0079799228922674,-0.029845904298459,1.0,0.342038301861524,0.0024677430726926,2.3421816017915177e-08,-0.0392145352079601,1.169729830154574e-11,0.0218181818181818,0.0137484542081908,2.036571761166561e-07,-0.11113888194618,5.0,0.0147287643232982,0.0378293818523946,-0.1501185386454526,-0.1585991615498086,0.1032598648120889,0.0084267083027185,0.009926251825673,-0.0521543649306855,-0.3935423884591793,-0.0666666666666666,-0.0714285714285715,-0.1521739130434781,-0.1521739130434781,-0.1875,-0.2441860465116279,-0.2199999999999999,-0.275092936802974,-0.1176470588235294,-0.1216216216216217,-0.3275862068965517,-0.2777777777777778,-0.2909090909090909,-0.2985611510791366,-0.4,-0.375,-0.35,-0.360655737704918,-0.3157894736842105,-0.375,-0.2985611510791366,-0.2985611510791366,-0.2199999999999999,-0.0714285714285715,-0.0346534653465346,0.0833333333333332,0.0,0.0714285714285714,0.3,0.4130434782608696,0.3087248322147651,0.2580645161290322,-0.1333333333333333,-0.144736842105263,-0.144736842105263,-0.180672268907563,-0.2040816326530613,-0.3229166666666666,-0.360655737704918,-0.360655737704918,-0.3275862068965517,-0.3085106382978723,-0.3085106382978723,-0.360655737704918,-0.3321917808219178,-0.4,-0.409090909090909,-0.4,-0.401840490797546
PNEX-L,18.0,-0.3710605970680753,1.2512704533602044e-07,0.0135764963521421,0.4393141584569509,0.4634240743129919,1.30847132585709,0.1281999999999999,0.6667693992414511,-0.0237999804453125,0.001833206619439,-0.0005620461707271,1.0,0.5045871559633027,0.143369818769065,6.837607844633134e-08,0.5003279166363035,8.206334525502336e-13,0.1399999999999999,0.000356104219835,8.296637893042789e-08,-0.6253436197570276,2.0,0.014317490152406,0.2198810363947978,-0.0666454420036082,0.0666454420036082,0.0666454420036082,0.0677866461663689,0.1486341326370412,0.0666454420036082,0.3956120059352512,-0.0148305084745761,0.0825688073394494,-0.0745098039215685,-0.040650406504065,0.0373626373626374,-0.034764826175869,-0.0616302186878728,-0.0781250000000001,-0.034764826175869,-0.0852713178294574,-0.1060606060606061,-0.1291512915129151,-0.1791304347826087,-0.2448,-0.083495145631068,-0.0386965376782078,-0.0146137787056368,0.0654627539503385,0.0465631929046563,0.1568627450980391,0.2388451443569552,0.165432098765432,0.2826086956521738,0.3964497041420118,0.3801169590643274,0.5424836601307188,0.5128205128205128,0.4936708860759491,0.4390243902439024,0.5324675324675323,0.3964497041420118,0.3801169590643274,0.388235294117647,0.4131736526946108,0.4216867469879517,0.2896174863387977,0.2553191489361701,0.2356020942408376,0.2040816326530612,0.1456310679611649,0.1028037383177569,0.1373493975903612,0.2102564102564101,0.185929648241206,0.2259740259740259,0.1919191919191918,0.0488888888888887,-0.0268041237113402,-0.0745098039215685
PNFC-L,12.0,0.4194754464285713,-7.863118774036053e-08,-0.0085316170509325,0.0518142862758973,-0.226570975548694,1.5731754543837997,0.0716,-0.9525277132020736,0.4004792586704926,-0.0018162947586922,0.0762272007219946,1.0,0.4438896814075131,0.0243362831858407,-2.478495796723156e-07,0.0868141245934913,2.5700175016403423e-14,-0.2000000000000001,0.0912388392857143,9.426232061211598e-07,0.3752229930624381,3.0,0.0008277486383976,-0.0664224954524525,1.523138297872341,0.5768617021276596,0.4256264711931805,-0.0564967204539052,0.6209641751437417,0.5768617021276596,1.6536866802719628,-0.3333333333333332,0.0,0.0,-0.25,-0.25,-0.25,-0.25,-0.25,-0.25,-0.25,-0.4,-0.25,-0.25,0.5,0.5,2.0,2.0,0.5,0.5,0.5,0.5,0.5,0.5,0.5,0.5,2.0,2.0,2.0,0.5,0.0,0.5,2.0,2.0,2.0,2.0,2.0,2.0,2.0,2.0,2.0,2.0,2.0,2.0,2.0,2.0,2.0,2.0,2.0,2.0
PNFH-L,16.0,-0.0020212626328914,3.3297824767488737e-07,0.0361287038526387,0.0427166079225629,0.1029816948698785,1.8540898552143423,-0.3329999999999999,-0.3269871254275776,-0.0063690872571462,0.0018889094764581,0.0087121364176219,1.0,3.514173998044966,-0.1877471085984554,3.093174332417978e-08,-0.0718405528621913,1.512638115061948e-10,-0.0686567164179105,0.0259526622041387,1.3946853434592954e-06,0.0556052372107955,2.0,0.0185606702697476,-0.2232381741361163,-0.0183950090273531,-1.5175114263462788,-0.0030752308632624,0.0102437451200054,0.0561604317885724,0.0253984475386799,0.1668263742096103,-0.0882352941176469,-0.205607476635514,-0.2444444444444444,-0.3461538461538461,-0.3625,-0.3818181818181818,-0.3289473684210526,-0.2816901408450705,-0.3419354838709678,-0.3703703703703703,-0.2693409742120345,-0.1904761904761904,-0.3584905660377359,-0.3478260869565218,-0.3625,-0.4104046242774567,-0.4504310344827587,-0.4407894736842105,-0.4715025906735751,-0.4631578947368421,-0.4838056680161944,-0.4620253164556962,-0.482233502538071,-0.4256756756756757,-0.4574468085106383,-0.4364640883977901,-0.4562899786780384,-0.4795918367346939,-0.4269662921348315,-0.3914081145584727,-0.4848484848484848,-0.4288913773796192,-0.2661870503597123,-0.2816901408450705,-0.32,-0.3289473684210526,-0.3245033112582781,-0.3393782383419689,-0.2693409742120345,-0.1747572815533981,-0.2554744525547445,-0.2608695652173913,-0.2249240121580548,-0.1968503937007873,-0.2296072507552871,-0.205607476635514,-0.15,-0.2444444444444444,-0.212962962962963
PNFK-L,14.0,0.2021758839528558,1.4155499965907866e-07,0.0153589572209432,0.0070401877383396,-0.1243133853714946,0.976300846496784,-0.0045,0.5603104195306308,-0.0339503624372109,0.0132970686007857,0.0065543071161048,1.0,0.803921568627451,-0.0926756352765322,-1.9900098798860044e-08,-0.0142719912172362,6.45536528605272e-14,0.1176470588235293,0.0501662133575098,1.676738793325825e-07,0.6566820276497696,3.0,0.0036168212715282,-0.4675324675324676,0.1009451554055301,-2.209315189733377,-0.1853002010300106,-0.011874469889737,-0.0219780219780219,-0.0643876535014935,1.6536866802719628,0.0,0.0,0.0,0.0,0.0,0.0,0.0,0.0,0.0,0.0,0.0,0.0,0.0,0.0,0.0,0.0,0.0,0.0,0.0,0.0,0.0,0.0,0.0,0.0,0.0,0.0,0.0,0.0,0.0,0.0,0.0,0.0,0.0,0.0,0.0,0.0,0.0,0.0,0.0,0.0,0.0,0.0,0.0,0.0,0.0,0.0,0.0,0.0,0.0
PNFU-L^C19,13.0,0.0003282511007732,6.812054304806492e-07,0.0739119429947699,0.0414811234998331,0.1454197677697806,0.3346753672554449,0.2175,1.634935627137886,0.4810741785895998,-0.0806279367791542,-0.000500688446614,1.0,19.335347432024168,-0.0126965564767055,-6.771855418386706e-09,-0.0882284705442983,1.8543944256562098e-12,0.3432835820895521,-0.0291237959410053,5.921339194243372e-07,0.0157439446366782,5.0,0.0195133797414993,-0.7748212643786005,-0.0275096184288947,2.6262819398574657,-0.0126069490314228,-0.000243278718204,-0.0004547473508322,1.6262819398574655,1.6536866802719628,-0.1041666666666666,-0.0103092783505154,-0.04,-0.0204081632653061,0.0666666666666666,0.1999999999999999,0.1707317073170731,0.1707317073170731,0.1851851851851851,0.1851851851851851,0.1566265060240963,0.2307692307692306,0.2307692307692306,0.2467532467532467,0.1707317073170731,0.1999999999999999,0.1707317073170731,0.28,0.2972972972972973,0.3714285714285714,0.4117647058823528,0.4117647058823528,0.4117647058823528,0.3714285714285714,0.2972972972972973,0.2972972972972973,0.2972972972972973,0.2307692307692306,0.1999999999999999,31.0,31.0,31.0,31.0,31.0,31.0,31.0,31.0,47.0,23.0,23.0,23.0,23.0,23.0,18.2,15.0,95.0,95.0,95.0,95.0
PNGA-L,15.0,0.9710843373493976,2.398818729876518e-07,0.0260275895176464,0.6571428571428573,-1.6744186046511629,1.1865243238999867,0.0845,0.9525277132020732,1.0843081807651755,-0.018370883882149,0.0553734457873228,1.0,0.6,1.1036585365853655,-6.362084457498592e-08,-0.0097323600973236,1.488052345553466e-15,0.2,0.0072289156626506,4.4499825713651366e-08,0.4712643678160921,3.0,0.0008087121633282,-0.2800000000000001,-1.3062022090059473,0.9454545454545454,1.945454545454545,-0.0391102419946223,-0.0463768115942029,0.9454545454545454,1.6536866802719628,0.0,0.0,0.0,0.0,0.0,0.0,0.0,-0.3333333333333332,-0.2,-0.3333333333333332,-0.5,-0.5,-0.5,3.0,3.0,3.0,3.0,3.0,3.0,3.0,3.0,3.0,1.0,1.0,3.0,3.0,3.0,3.0,3.0,3.0,3.0,3.0,3.0,3.0,3.0,3.0,3.0,3.0,3.0,3.0,3.0,3.0,3.0,3.0,3.0,3.0,3.0,3.0,3.0
PNGC-L,11.0,1.097797459202644,3.147236740377035e-07,0.0341480516944294,0.2422362542003618,0.3330079067921168,2.513486492530942,-0.0005,2.2852355169515377,-0.0007588487529474,0.0094373725115546,0.0376546122670825,1.0,0.3941310583216886,1.3224069892105206,3.140992468370236e-08,0.2403654201206117,3.243460251231264e-12,0.4798255179934567,0.1333143978516835,1.85133391330276e-07,0.7973650250592719,4.0,0.0090951920076332,-0.3820305900702254,-0.0542319822822371,0.2047411012452704,0.0708763880442917,0.0085108795625496,0.0135833500904886,0.5346922474309149,0.5989141800414155,-0.1881533101045296,0.0070175438596491,-0.2427440633245382,-0.2201086956521739,-0.3247058823529412,-0.0974842767295597,-0.0271186440677966,0.1038461538461539,0.2478260869565218,0.413793103448276,0.5265957446808511,0.7716049382716048,1.0500000000000005,1.2076923076923078,1.2960000000000005,1.2076923076923078,1.4956521739130435,1.2076923076923078,1.5855855855855854,1.1908396946564888,1.391666666666667,1.1578947368421053,1.474137931034483,2.0210526315789474,2.2613636363636367,2.5432098765432096,2.416666666666667,2.2613636363636367,3.159420289855073,3.159420289855073,3.948275862068966,4.218181818181818,4.218181818181818,3.629032258064516,3.864406779661017,3.629032258064516,2.7272727272727275,2.986111111111112,3.629032258064516,5.239130434782608,6.175,6.175,7.96875,7.96875,6.175,9.62962962962963,9.25,7.4411764705882355,7.200000000000001
PNLU-L,16.0,0.7726554267650159,2.991031153697144e-07,0.0324531946217249,0.6237768529974131,-0.4584686774941995,1.528951389059028,0.0135,0.257439922487047,0.1170871813526674,-0.0057769394010846,0.3446028513238288,1.0,0.1824889326119036,0.5432999088422972,-5.0939987161804096e-08,0.0374346793349167,1.7286122245002808e-13,0.0540540540540541,0.2658061116965226,9.716876163812341e-08,2.267326732673268,3.0,0.0047741888239694,-0.4594264222828302,0.092701521653252,-0.3641738660907125,0.2573046285329434,-0.0488185465893892,-0.0646780862374483,0.4233261339092873,1.6536866802719628,0.0,0.0,-0.5,-0.5,-0.5,-0.5,-0.5,-0.5,-0.5,-0.5,-0.5,-0.5,-0.5,-0.5,-0.5,-0.5,-0.5,-0.5,-0.5,0.0,0.0,0.0,0.0,0.0,0.0,0.0,0.0,0.0,0.0,0.0,0.0,0.0,0.0,0.0,0.0,0.0,0.0,0.0,0.0,0.0,0.0,0.0,0.0,0.0,-0.5,0.0,0.0,-0.5,-0.5
PNLY-L^H21,15.0,0.0035935654247841,3.978852294629597e-07,0.0431712213124564,0.1108218424972351,-0.1058595514794936,2.4156778941535912,8.018299999999998,-0.0130109808620037,0.0422491167271382,-0.0004061907805519,-0.0088904526495795,1.0,0.581793605693636,-0.2628554482419996,-1.672765821721411e-07,-0.056706677879252,9.138788786338519e-10,-0.0027318850006505,0.0284317507263717,1.0696512093697064e-06,0.1594932814860625,3.0,0.0479502276752789,0.00062727172743,-0.1096666681362824,0.0004915368826808,0.2648113789630082,-0.0392292066187425,-0.1446907747563472,0.2115933746984223,1.6536866802719628,-0.0647482014388488,-0.1312500000000001,-0.1823529411764706,-0.1419753086419753,-0.1366459627329194,-0.0671140939597315,-0.1312500000000001,-0.147239263803681,-0.0733333333333333,-0.1965317919075144,-0.1726190476190476,-0.0733333333333333,-0.0855263157894737,-0.2011494252873563,-0.2102272727272728,-0.1575757575757576,-0.483271375464684,-0.5397350993377483,-0.5787878787878789,-0.6263440860215055,-0.6017191977077365,-0.5206896551724138,-0.5223367697594502,-0.4945454545454546,-0.5,-0.4612403100775194,-0.4981949458483755,-0.430327868852459,-0.4889705882352941,-0.4208333333333334,-0.3710407239819004,-0.2944162436548223,-0.3474178403755869,-0.4034334763948498,-0.3118811881188119,-0.3474178403755869,-0.4208333333333334,-0.4754716981132075,-0.5947521865889214,-0.5887573964497042,-0.5850746268656717,-0.5366666666666666,-0.5105633802816901,-0.4085106382978724,-0.3822222222222222,-0.3956521739130435,-0.2871794871794871,-0.4232365145228216,-0.4349593495934959
PNMG-L,16.0,0.0680091542430333,2.651547583439829e-07,0.0287697403846066,0.147130347314204,0.3653017239154053,2.952567757241306,-104.2813,0.1336543462806632,-0.0203110847244514,-6.498225341164686e-05,0.0035323633653113,1.0,0.1343323476583434,0.079693159660334,4.4574417590010186e-08,-0.0743343283501019,1.188670533540279e-06,0.028063088228974,0.0392732934127858,2.059131842107643e-07,0.0527532163941007,4.0,4.408217771672971,0.3961875186142153,-0.1717494686495842,0.2956456477733911,0.1670236486770631,0.0151095693810371,0.0283043629257737,0.2552358104434749,0.3655964857871416,-0.0298270664762811,0.0068690095846646,-0.0109838380668444,-0.0570017953321364,-0.0017421602787456,0.0774358974358975,0.0365071534287124,0.0180907769342595,0.268719806763285,0.1973784194528876,0.2824008138351983,0.3261098253734482,0.371111594518164,0.5053737759732506,0.8770101250744493,0.8592920353982303,0.908265213442325,1.0645266950540453,1.0551027062275835,1.0332258064516129,0.9958834705509818,1.20230607966457,1.3206921944035348,1.029298132646491,0.9340288432034364,0.7576687116564418,0.8916566626650659,0.9709193245778612,1.1460674157303372,1.3079458073965582,1.6696315120711565,1.8689121529358217,1.7203280103582217,1.8455981941309256,1.8926112895823768,2.0988200589970503,2.2879499217527384,2.8883405305367056,3.071705426356589,2.893143915997529,2.543001686340641,2.890740740740741,2.7362181387077653,2.515337423312884,2.48424543946932,2.6838106370543544,2.446145434663751,3.040384615384616,3.0533762057877816
PNNQ-L,18.0,2.4375739145125865,5.054337174818277e-07,0.0548404144221112,0.358185481889222,-3.2497952497952496,0.0475605312488592,-0.605,-1.1906596415025914,-187.14197300487024,-0.2523105360443623,23.87087628865979,1.0,0.0068522483940042,2.3693300767620378,-5.2760025601582594e-08,0.3956445595065861,3.057272364248529e-16,-0.25,0.4853860449400237,2.7060449638906943e-08,4.5294117647058805,3.0,0.0107430561506909,-0.9836107041336388,10.199999999999992,-39.39259259259256,-40.94650388457266,-0.04876737577759,-0.0497961104140526,-39.79999999999997,1.6536866802719628,0.0,0.0,0.0,0.0,0.0,0.0,0.0,0.0,0.0,0.0,0.0,0.0,0.0,0.0,0.0,0.0,0.0,0.0,0.0,0.0,0.0,0.0,0.0,0.0,0.0,0.0,0.0,0.0,0.0,0.0,0.0,0.0,0.0,0.0,0.0,0.0,0.0,0.0,0.0,0.0,0.0,0.0,0.0,0.0,-0.5,-0.6666666666666666,-0.5,-0.6666666666666666,-0.6666666666666666
PNOQ-L,15.0,0.2107732842624732,2.20761402954548e-07,0.023952986133873,0.1627978287533599,0.3577180842369095,1.2572498979353188,2.0915,0.2262100474228281,0.0204834792166231,0.0061687089624022,0.0308802357984026,1.0,2.718142904181758,0.1441228735103699,1.9560681705457772e-08,-0.0045931088233846,1.1036269479017038e-10,0.0474967907573811,0.0057044874743841,1.2631961195006516e-07,0.3480118724732613,5.0,0.1172578779207632,0.1689940225541595,0.0199282593399379,0.0888479934235109,0.0283165319748635,0.0189316290847702,0.0310730425412602,0.0888479934235109,0.7327871229692505,-0.0940366972477064,0.0582524271844659,-0.0723404255319148,-0.1227364185110663,-0.0821052631578946,-0.0762711864406778,-0.0603448275862067,0.1122448979591836,0.1443569553805774,0.2861356932153394,0.2457142857142857,0.379746835443038,0.379746835443038,0.3625,0.5244755244755246,0.6029411764705883,0.676923076923077,0.5138888888888891,0.6452830188679246,0.5298245614035089,0.6268656716417911,0.7301587301587302,0.7098039215686276,0.7440000000000002,0.8396624472573839,0.9122807017543864,1.056603773584906,1.2827225130890056,1.3191489361702131,1.5647058823529414,1.4494382022471912,1.8684210526315792,2.1824817518248176,2.253731343283582,1.986301369863014,1.986301369863014,1.9066666666666667,2.048951048951049,2.758620689655173,2.6949152542372885,2.9636363636363634,3.1923076923076925,2.9636363636363634,2.573770491803279,2.516129032258065,2.516129032258065,2.726495726495727,2.4880000000000004,2.4603174603174605
PNOZ-L,16.0,0.049246127838639,1.573347784710724e-06,0.1707108994895043,0.1631980070202589,0.0124722191646891,0.0682713791803223,-95.9101,-0.1968535682027269,0.0106111283397279,-0.0002678796427927,-0.0147489805311187,1.0,0.261219767481617,0.1202011365742124,1.705774305510489e-07,-0.005484181371322,2.8008661239962173e-07,-0.0413328799727983,-0.0006741643651191,1.7154191128534507e-05,0.0430491193002348,2.0,1.8801646449022127,-0.07137612641149,-0.0705589974780303,0.0705589974780303,0.0705589974780303,0.0006681841737618,0.0083731811025089,0.0705589974780303,0.4628008751849915,-0.1483033095936322,0.1275389702409068,0.0575985821887461,0.0742574257425743,-0.0726495726495725,0.0441819772528435,-0.0152640264026401,-0.0308566788469345,-0.146280400572246,-0.1487161198288159,-0.2072401195616073,-0.1089958939902948,-0.0965177895533686,-0.0978835978835979,-0.0493827160493826,-0.064655172413793,0.0771660649819494,0.2043390514631684,0.1834407535944471,0.3531746031746032,0.33203125,0.2676579925650559,0.3365061590145577,0.5797485109199207,0.6564885496183206,0.7694588584136397,1.0109519797809607,1.2329279700654818,1.5286016949152543,1.5393617021276595,1.6317530319735392,1.1621376811594204,1.3287804878048783,1.4659090909090913,1.782051282051282,1.382235528942116,1.2540132200188858,1.3197278911564627,1.765932792584009,1.8148584905660377,1.5420660276890308,1.483870967741936,1.3798604187437689,1.154332129963899,1.418439716312057,1.499476439790576,2.0563380281690145,1.4482051282051285,0.8561430793157079
PNPR-L,21.0,0.1431803490627018,4.027028006031544e-07,0.0436939359408998,0.3550541516245487,1.1624180626365623,0.907965180855528,4.050000000000004,0.2926589028272863,0.0430900484216995,-0.0001759324419422,-0.003046458492003,1.0,0.8387096774193549,0.1452468380252959,1.0826732461293689e-07,-0.0193032725079168,2.9078277474320757e-09,0.0614489003880983,0.0031243266537384,1.0472855163530557e-07,0.135303265940902,2.0,0.5879241946464671,0.1961924907456372,-0.1420118343195266,0.1420118343195266,0.1420118343195266,0.0430685138064272,0.0542690891818073,0.1420118343195266,0.397352276531779,-0.0625,0.0,-0.0256410256410256,-0.3281767955801106,-0.3626834381551361,-0.2855464159811985,-0.3011494252873562,-0.2830188679245283,-0.2380952380952381,-0.2409488139825217,-0.2052287581699347,-0.1532033426183843,-0.0646153846153846,-0.067484662576687,-0.0529595015576324,-0.0529595015576324,-0.0287539936102235,0.0876565295169946,0.0393162393162394,0.1176470588235294,0.2159999999999999,0.1259259259259257,0.1515151515151513,0.2307692307692306,-0.2323232323232322,-0.2603406326034063,-0.30751708428246,-0.3606729758149316,-0.3051428571428571,-0.24,-0.234256926952141,-0.2134540750323416,-0.2371392722710162,-0.2205128205128205,-0.1739130434782608,-0.2418952618453864,-0.2225063938618926,-0.1999999999999999,-0.1925630810092962,-0.1578947368421052,-0.1957671957671957,-0.1968295904887714,-0.2323232323232322,-0.1772665764546684,-0.1400282885431401,-0.1716621253405994,-0.1508379888268156,-0.1543810848400556,-0.1005917159763313
PNRA-L,12.0,0.095250261433483,8.788814450720293e-07,0.0953601253905009,0.0818627278582152,0.3936894073689371,0.7559018103994481,2.8964,0.6625769873304658,0.0540955904722099,0.0060688679742102,0.4154071456208585,1.0,0.0523322074862988,0.1781990499298137,1.0812616050106787e-07,0.1094779814749405,2.353383202159489e-10,0.1391197291474298,0.1838228722323786,3.699615102850624e-07,-0.0573181893678901,2.0,0.0810878694267197,-0.378092629924634,0.1157624475101776,0.3935168214298978,-0.1711511350270743,0.017510948046198,0.0253143953671658,0.1944708972616246,0.3383108582294337,-0.0094339622641509,-0.1054852320675105,-0.1782945736434108,-0.0185185185185184,-0.1129707112970711,-0.1553784860557767,-0.1166666666666665,-0.1653543307086613,0.0,0.0707070707070707,0.1276595744680853,0.2848484848484849,0.2183908045977012,0.2771084337349399,0.3677419354838709,0.1648351648351649,0.6307692307692307,0.7966101694915255,0.7815126050420169,0.4929577464788734,0.593984962406015,0.452054794520548,0.3766233766233766,0.737704918032787,0.606060606060606,1.65,1.3296703296703298,1.5853658536585369,1.2553191489361706,1.019047619047619,0.9813084112149532,1.12,1.1632653061224492,1.231578947368421,1.3043478260869563,1.231578947368421,2.164179104477612,1.5238095238095242,52.0,52.0,52.0,52.0,41.4,41.4,52.0,52.0,41.4,41.4,34.333333333333336
PNRC-L,15.0,0.1325920144580477,2.721415604399601e-07,0.0295278202458743,0.8967000081121923,-0.0974379438410856,0.4850288055886453,39.9299,1.0614442316662234,0.628852195993264,0.0002804513743124,0.0072240200212588,1.0,0.2196043148160622,0.214314205785411,-6.557628864194688e-09,0.0808879838077651,5.468735229981905e-10,0.2228689447990988,0.0075762160768356,5.04831162993032e-08,-0.1689178865395041,2.0,1.1268911893865328,-0.1445449166269954,16.277709868870208,1.298888185898598,0.8210854380663927,0.0101544346886511,0.0126953807867732,1.3000998175625722,1.6536866802719628,-0.1015748992796971,0.0030614744060739,-0.0427719995325464,0.0498590105101255,-0.0236023363928955,0.1821330639341893,0.0715593929879643,0.2467275494672753,0.1512297962052,0.0972538513060949,-0.0263877332699393,0.1648179749715586,0.2617067159581021,0.0806068601583114,0.0554052312846282,0.1530123873873872,0.3996924128503074,0.3973046741726374,0.260929802955665,0.207755824240637,0.1740002866561558,0.419584055459272,0.5592994479345135,0.5673555300420972,0.765301724137931,0.6427998395507419,0.6168574812475327,1.0194773175542404,1.0234683794466406,0.9746865959498554,1.0700025271670457,1.6371538956857696,1.7946093483452747,1.6456718346253227,1.3263277477989206,0.9437588989084004,1.51180619441889,1.6144270667092244,2.0058715596330274,1.1397596656217344,1.0954208237400866,1.3659734257654534,1.2330970556161396,1.9495858840475333,4.074969021065675,4.560760353021045,4.974471188913202,5.877413937867338,6.937015503875968
PNRN-L,13.0,0.1024948994462254,2.556895325098566e-06,0.2774274734993432,0.0955823356874999,0.1226087939214117,0.5966539557099825,-1.1693999999999998,0.7361083328488968,-0.0649207246672909,0.0004313617478311,-0.133237175709341,1.0,0.2191924725486418,0.2071746762513051,-2.1292057641986706e-07,0.0338746212047697,9.35975293182434e-12,0.1545589325426242,0.0469090644127076,1.010400201865776e-06,-0.0958993118404786,3.0,0.0059625293371238,0.025904762437851,-0.1141963188987519,-0.3550815186962578,-0.1111496205438432,-0.0315946213759815,-0.0444284625339693,-0.052152909639227,1.6536866802719628,-0.027027027027027,-0.0263157894736841,-0.2884615384615385,-0.3272727272727274,-0.3272727272727274,-0.4032258064516129,8.25,8.25,8.25,8.25,8.25,11.333333333333334,11.333333333333334,8.25,8.25,8.25,8.25,6.4,6.4,6.4,6.4,6.4,6.4,8.25,6.4,6.4,6.4,6.4,5.166666666666667,5.166666666666667,8.25,8.25,8.25,11.333333333333334,11.333333333333334,11.333333333333334,11.333333333333334,8.25,8.25,8.25,8.25,6.4,6.4,6.4,6.4,8.25,6.4,8.25,8.25
PNRY-L,16.0,0.5940897012641919,1.1628519939433633e-07,0.0126171410916457,0.3498693033299239,-1.010510181738559,0.51315846549463,1.4585,0.5953298207512954,3.931688715432985,0.0125227963525835,1.090562415798715,1.0,0.5337941628264208,0.2094381162056093,-5.526653125152272e-08,-0.1006332257263471,8.926839700555065e-14,0.1249999999999999,0.1970367984539817,6.591488706468038e-08,2.631845841784989,3.0,0.0305487271723196,-0.6678187403993857,0.1969130028063614,1.3457446808510636,1.535634411808558,-0.0634186998030004,-0.0993668381480016,1.4999999999999998,1.6536866802719628,-0.1162790697674418,0.0238095238095237,0.2647058823529411,0.162162162162162,-0.0444444444444445,0.0238095238095237,-0.0444444444444445,-0.0227272727272727,0.131578947368421,0.1025641025641024,0.5925925925925926,0.6538461538461537,0.6538461538461537,0.72,0.5357142857142856,0.72,0.2285714285714286,0.0238095238095237,0.0238095238095237,0.3870967741935482,0.1944444444444444,0.0749999999999999,0.0238095238095237,-0.0444444444444445,-0.0444444444444445,-0.1041666666666666,-0.328125,-0.3857142857142857,-0.4266666666666666,-0.2037037037037037,0.0238095238095237,0.1025641025641024,-0.0227272727272727,0.0238095238095237,0.0238095238095237,-0.2456140350877192,-0.1041666666666666,-0.1730769230769231,-0.3484848484848485,-0.4189189189189189,-0.4189189189189189,-0.5520833333333333,-0.6055045871559633,-0.6018518518518519,-0.6228070175438596,-0.5700000000000001,-0.5520833333333333,-0.7054794520547945,-0.6587301587301587
PNSA-L^D21,14.0,-0.0468518736050745,8.56427889748142e-07,0.0929238766072842,0.0541091796429693,-0.1535671100362756,0.5147612707069836,-1.1955999999999998,-0.2372844837158186,-0.1576949909063077,-0.0003582755785269,0.0935784064688984,1.0,0.099325507353284,1.0904674552470115,-2.557088301118009e-07,-0.1735354525580145,1.1029642595844897e-12,-0.0498220640569394,-0.0608686714436743,6.829043347662199e-07,-0.3593104957331453,4.0,0.0054246200936331,0.1762048204774122,0.0388589836404949,-0.0985641743771381,-0.3927398505809484,-0.0535010312919849,-0.1050864466731504,-0.1168342946361575,1.6536866802719628,-0.081081081081081,-0.0263157894736841,73.0,73.0,73.0,73.0,73.0,36.0,36.0,36.0,36.0,23.666666666666668,36.0,36.0,36.0,36.0,36.0,36.0,36.0,36.0,36.0,23.666666666666668,36.0,36.0,36.0,36.0,23.666666666666668,23.666666666666668,17.5,36.0,36.0,36.0,23.666666666666668,17.5,17.5,23.666666666666668,13.8,11.333333333333334,9.571428571428571,9.571428571428571,9.571428571428571,8.25,8.25,8.25,9.571428571428571,9.571428571428571,9.571428571428571,8.25,8.25
PNSD-L,15.0,0.0728086748059121,1.2117389383027938e-05,1.3147572718142524,0.0542700790448289,-0.3561001358566323,1.7171764595669172,-5.8725000000000005,0.7383229164532823,-0.1112118910397052,0.0005278867067807,-1.0184477533271838,1.0,0.1720380091700445,-0.3422818791946309,-5.471478472727777e-06,-0.0155407475490194,1.3694969318956348e-10,0.1550239234449762,0.0952498134535698,1.6211544141431953e-05,0.943830242510699,3.0,0.0013233731287976,0.4863587131615543,-0.1669982034810743,0.4056642090914856,0.0319624005836488,-0.0720597707072008,-0.1835944337475932,0.1999297648972351,1.6536866802719628,0.0,-0.142857142857143,-0.25,0.0,-0.4,-0.5,-0.4,-0.5714285714285715,-0.625,-0.6666666666666667,-0.7142857142857143,-0.7272727272727273,-0.7,-0.75,-0.7391304347826086,-0.75,-0.7391304347826086,-0.8333333333333334,-0.8333333333333334,-0.8333333333333334,-0.7692307692307693,-0.8125,-0.8181818181818182,-0.8235294117647058,-0.8421052631578947,-0.8571428571428572,-0.8571428571428572,-0.8235294117647058,-0.8064516129032258,-0.8285714285714285,-0.8285714285714285,-0.8571428571428572,-0.8695652173913043,-0.8636363636363636,-0.8461538461538461,-0.8888888888888888,-0.8909090909090909,-0.8846153846153846,-0.8823529411764706,-0.8823529411764706,-0.8846153846153846,-0.88,-0.875,-0.8571428571428572,-0.8333333333333334,-0.85,-0.8571428571428572,-0.8333333333333334,-0.76
PNUN-L^A23,16.0,0.0516539251478277,1.0551003161497372e-06,0.1144801713720901,0.0370009184584172,0.195345255359904,0.4459399585316776,199.0391,10.680078293161817,-0.0603159812784073,-0.0191638742286783,-0.0111815943672561,1.0,6.874306656101426,0.0316465828393749,9.576120294602001e-08,-0.0786901983342807,1.1283001236168957e-07,2.242470879353008,0.0091952016718629,1.2172917718821665e-06,0.0696263064886215,5.0,1.62738355368721,1.0062825645606446,-0.0329818454792896,0.6383417610749437,0.1286713097925638,0.0179915998628996,0.038014062561525,0.5998570948091588,-1.5741090230082582,-0.1088917525773195,0.2576985413290114,0.086074177746676,0.1651651651651651,0.2721311475409835,0.1547619047619048,0.1651651651651651,0.2278481012658226,0.5724417426545088,-0.2305404065443729,-0.2713615023474178,-0.3848592944906857,-0.3657539844707805,-0.4174174174174174,-0.3578816714935872,-0.3144876325088339,-0.3080695497102095,-0.3037236428891879,-0.3691056910569106,-0.4003091190108191,-0.3266811279826465,-0.2861085556577737,-0.2932604735883425,-0.2877466727856814,-0.2462360369111219,-0.26549929010885,-0.2958257713248639,-0.2145748987854252,-0.1870089051859612,-0.0478527607361963,-0.0484365419987736,0.0150425114453891,-0.0263488080301129,0.0291777188328912,0.1173506119510439,-0.0269592476489027,0.1984555984555984,0.2406075139888088,0.2690106295993457,0.2153484729835553,0.1165467625899279,0.1369963369963369,0.1634182908545727,0.2268774703557312,0.3356282271944923,0.4410399257195914,0.4710900473933648,0.4370370370370369,0.3637961335676625
PNWF-L,15.0,0.0652318061568109,9.4691921475683e-07,0.1027423386398668,0.0042815028783174,0.0900991348896536,0.1254818764046281,-14.4645,1.0583641257800815,-0.0155269543133301,-0.0015091423903593,-0.1885108147927945,1.0,0.5914266577361019,0.1167391288589567,1.4651941967544305e-07,0.022542860540416,1.1042317226163123e-09,0.2222222222222223,-0.0037902163920832,1.6592122449425851e-06,0.0379113167237216,2.0,0.4071037523637402,0.9546209186496958,0.053665416669875,0.946334583330125,-0.053665416669875,0.0233914892213178,0.0655009780485956,-0.053665416669875,0.2422382504623689,0.0250272034820457,0.022246941045606,0.0143487858719646,0.0177187153931339,0.0032751091703056,0.0538990825688072,0.10589651022864,-0.4555687203791468,-0.4430303030303031,-0.4616285881663737,-0.4628872004675628,-0.4816694867456289,-0.4647641234711707,-0.4894444444444444,-0.502974580854516,-0.5077664702731656,-0.5045822102425876,-0.4344615384615384,-0.4309597523219813,-0.3925974884335758,-0.3861055444221777,-0.4238244514106583,-0.3965856861457649,-0.3893687707641197,-0.3568929321203639,-0.41427660930529,-0.4423543689320388,-0.4437046004842615,-0.4500299222022741,-0.4172479391249207,-0.3519040902679831,-0.3393242271746944,-0.3815612382234186,-0.3496107572540694,-0.3227708179808402,-0.3282163742690058,-0.3085026335590669,-0.2903474903474903,-0.2043290043290044,-0.1599634369287019,-0.19315188762072,-0.1289099526066351,-0.1622607110300821,-0.2740916271721959,-0.3006088280060883,-0.33454018826937,-0.3105776444111028,-0.2158703071672355,-0.2008695652173913
PNYA-L,15.0,0.100789754066849,4.121484625315947e-07,0.0447188062586689,0.1656771969006361,0.2045144638364425,0.5331906689462594,22.0978,0.375980223024214,0.172362540015266,-0.0055547385817805,0.008313485425356,1.0,2.251597544844787,0.0412461098746296,-1.472113739836614e-09,-0.21507870200492,3.0920199911781364e-09,0.0789436817035583,0.0038112236458331,3.837743858962713e-07,0.1771841734630972,4.0,0.4743703893012864,-0.3859977085224981,0.121503510429321,-0.07586297367204,0.1208575356120784,-0.0063852164449914,-0.0120103984041067,-0.2306051057602889,1.6536866802719628,-0.0244897959183673,0.1085972850678733,0.1574803149606298,-0.0613026819923372,-0.0789473684210527,0.183574879227053,0.0110041265474551,0.0137931034482758,0.1187214611872145,0.0636758321273516,-0.0552699228791774,0.0013623978201635,-0.0636942675159235,-0.1483198146002319,-0.1025641025641025,-0.0892193308550186,-0.0801001251564456,-0.0303430079155673,-0.0801001251564456,-0.0672588832487309,-0.0379581151832461,0.0366713681241184,0.0137931034482758,0.008230452674897,0.1538461538461537,0.1170212765957445,-0.0134228187919464,0.0530085959885384,0.09375,0.2607204116638077,0.2029459901800325,0.1722488038277512,0.0856720827178729,0.0575539568345322,0.0165975103734439,-0.1413551401869159,-0.1208133971291866,0.0410764872521247,0.0905044510385755,0.1593059936908516,0.0294117647058822,-0.0160642570281124,0.0123966942148761,0.252129471890971,0.4134615384615383,0.3243243243243243,0.6628959276018098,0.7294117647058822,0.6406249999999998
PNYT-L,15.0,0.0479956305337198,9.574008553929928e-07,0.1038796144021066,0.0723146682436421,0.0788538422147994,1.4044213581954954,6.4879,0.3725145419720989,-0.0070746125969263,-0.0002760842974854,0.0065534173827107,1.0,0.2102364621088339,0.0123213769499005,7.185879417057985e-08,-0.0149062480820933,7.153735974936219e-08,0.0782160008174107,0.0304039178508924,1.514608708848077e-06,0.0715717879046953,5.0,0.3760737231106429,-0.0129688820499499,-0.0552500509843711,-0.1291633445777961,0.0237672357531915,0.0096592488748518,0.0243473411363612,0.0192571975524948,0.8206608948980767,-0.2441534144059869,-0.0261160036440935,-0.0733891938746027,-0.1425133689839571,-0.1473012496676415,-0.1488853503184712,-0.1905603230691569,-0.1409054379855343,-0.1606909186076943,-0.2193281402142161,-0.223110465116279,-0.2420231623729615,-0.2325915290739411,-0.2742701968771215,-0.318674314850223,-0.3077919274767968,-0.3126875267895412,-0.3444399018806214,-0.3100258175559379,-0.3026744944553163,-0.1889226100151745,-0.1928014095142208,-0.1633185494390816,-0.1223316912972085,-0.0135342971393416,-0.0389571471381479,-0.0963651732882502,-0.0514640638864242,-0.0506216696269982,0.0358527131782946,0.199326851159312,0.2133938706015892,0.4439441692931112,0.3973856209150328,0.4472021660649818,0.2625984251968505,0.2952342487883683,0.3435274403016337,0.7620879120879123,0.604302151075538,0.4452456061288867,0.2502923976608189,0.286401925391095,0.202023988005997,0.3740359897172236,0.3362499999999999,0.5712885840274375,0.5971115537848608,0.555286129970902
PNYX-L,15.0,0.1207239459029435,1.676470471823549e-07,0.0181899885704679,0.166858843221127,1.0826901874310917,1.5932006389546471,0.1919999999999999,0.4290665374784111,-0.0165500231137903,0.0034153776673817,-0.0068929603940908,1.0,0.8637048192771084,0.1473061351603863,2.9779649206333613e-08,-0.0406077088999342,4.010687088863437e-12,0.09009009009009,0.0187947494033412,3.7433892782900425e-08,0.0155555555555557,4.0,0.0308912891719046,0.3285590506129321,0.0005207456143886,0.1017109690077733,-0.0223769271095072,0.0393300798580301,0.0481270358306188,0.0960390667390124,0.3709676110390039,0.0553191489361701,-0.0674603174603174,-0.2295081967213114,-0.1666666666666666,-0.2033898305084746,-0.2701863354037267,-0.2295081967213114,-0.2166666666666666,-0.1454545454545454,-0.1296296296296296,-0.1296296296296296,-0.0599999999999999,-0.1546762589928056,-0.1454545454545454,-0.1360294117647059,-0.2515923566878981,-0.0408163265306122,0.1519607843137256,0.119047619047619,0.1989795918367347,0.1633663366336633,0.3662790697674418,0.4779874213836477,0.5064102564102564,0.3662790697674418,0.4873417721518986,0.5064102564102564,0.7669172932330828,0.9262295081967212,1.175925925925926,1.1171171171171168,0.9915254237288138,0.9747899159663866,1.1559633027522933,0.7537313432835822,0.6785714285714288,0.7279411764705881,0.9583333333333336,1.3737373737373737,1.5000000000000004,1.447916666666667,1.2815533980582523,1.5000000000000004,1.9746835443037971,2.175675675675676,1.9375,1.8658536585365857,1.8658536585365857,2.0921052631578947
PNZO-L,15.0,0.0265386787125916,6.618025148507983e-07,0.0718066937853589,0.0517051705170517,0.128756697988662,1.312708483028399,-9.0,-0.1162841662086308,0.015388249200792,-0.0029032714912901,-0.0215720417738187,1.0,0.2076541459957477,-0.0321737710272741,2.713770015334864e-08,-0.058671337021847,8.544500805916376e-09,-0.0244159124394865,0.0034685811083326,7.464542708847006e-07,0.0792830615210722,5.0,0.2517535188160116,-0.0069782308885779,0.0488012253083857,-0.0488989178114636,0.3983451766767253,0.00375249500998,0.0078938528720188,-0.0016548233232746,0.5580341884045306,-0.1139896373056994,0.0052083333333332,-0.0562347188264058,-0.1345291479820628,-0.1991701244813278,-0.190775681341719,-0.2024793388429752,-0.1422222222222222,-0.089622641509434,-0.1266968325791855,-0.2233400402414487,-0.2716981132075472,-0.2371541501976284,-0.2730696798493408,-0.3045045045045045,-0.2798507462686568,-0.2825278810408922,-0.3298611111111111,-0.328695652173913,-0.2878228782287823,-0.2591170825335892,-0.2798507462686568,-0.080952380952381,-0.1626898047722343,-0.035,-0.2264529058116232,-0.2202020202020203,-0.2548262548262547,-0.1958333333333333,-0.3007246376811594,-0.5304136253041363,-0.5246305418719212,-0.5216852540272615,-0.5338164251207729,-0.4726775956284154,-0.5338164251207729,-0.5613636363636364,-0.5404761904761906,-0.5150753768844221,-0.542654028436019,-0.584051724137931,-0.6170634920634921,-0.6132264529058116,-0.6069246435845215,-0.6124497991967872,-0.6147704590818364,-0.5354993983152828,-0.4726775956284154,-0.4853333333333334
PNZV-L,18.0,0.1460890414586568,2.474615970107943e-07,0.0268500024122695,0.0187131441803289,0.1350996029030802,0.8581309942997114,47.6891,0.5395946545833269,0.0177038032249472,0.0007089600074968,0.0321434440470139,1.0,0.2193200257464075,0.0724954285760093,5.343219730034704e-08,-0.0218069199220247,1.367304755048728e-07,0.1132974184592265,0.0174754386486356,5.626039781558048e-07,0.17330225759576,4.0,2.112874063761233,-0.2156295173747494,0.0841970195750085,-0.0921553270839885,-0.2819071689031303,0.0160619572853463,0.0545175352414251,-0.0822477051198615,0.5697264142437681,-0.1411422119213169,0.0374868980824958,-0.0373569794050343,-0.0192341318412309,0.0376788357178097,0.1717150616252349,0.196969696969697,0.3308288516292312,0.4043565348022035,0.4065869765109087,0.3569067010724942,0.2641424385846291,0.286664627618902,0.3267365765197509,0.4068221720591924,0.5319555717407138,0.5095541401273886,0.5483069562016931,0.515399855907781,0.515263394867177,0.612708453133985,0.6245414172620198,0.7660579345088161,0.8085769561478933,1.050322895089558,0.9650823309587764,1.1430208863983702,1.194730663884179,1.1839065541855938,1.3750176429075514,1.5697923029932803,1.5776654411764706,1.5338051498268337,1.52847483095417,1.6420160150730103,1.5395412013281016,1.545688350983359,1.7984367204390486,2.0080443332141584,1.928981723237598,1.7933266932270917,1.7571686056038014,1.7005296100144438,1.5843956381508215,1.544148775325068,1.734763529985373,1.735652739391969,1.998930671894493,1.9453877122352528
POCE-L^E20,20.0,-0.3620027723548323,3.914335933084956e-06,0.4247120786227694,0.4273453230044705,-0.723125533337946,0.9270174917822636,1.2387999999999997,-0.7026843785916936,-0.1800859164739121,0.0318929667825443,-0.0903613902032077,1.0,0.5843535749265426,-0.3293124246079614,-1.8617007992337668e-06,-0.2274721087470866,1.594480971565942e-12,-0.1475409836065574,0.0771541995369731,1.4209617216775935e-06,-0.4375322818945119,1.0,0.0009265033572889,0.2551271006535516,0.4145169311262762,-0.4145169311262762,-0.4145169311262762,-0.165206304108616,-0.2251777552056882,-0.4145169311262762,1.6536866802719628,0.0,0.0,0.0,0.0,0.0,0.0,-0.3333333333333332,0.0,0.0,-0.3333333333333332,-0.3333333333333332,-0.3333333333333332,0.0,0.0,0.0,-0.3333333333333332,-0.3333333333333332,-0.3333333333333332,-0.3333333333333332,-0.6000000000000001,-0.6666666666666666,-0.6000000000000001,-0.6000000000000001,-0.5,-0.5,-0.5,-0.5,-0.5,-0.6666666666666666,-0.6000000000000001,-0.7142857142857143,-0.5,-0.5,-0.5,-0.5,-0.5,-0.5,-0.5,-0.5,-0.5,-0.5,-0.6000000000000001,-0.5,-0.3333333333333332,-0.3333333333333332,-0.3333333333333332,-0.3333333333333332,-0.3333333333333332,-0.3333333333333332
POCK-L,13.0,0.0478133394444694,3.624130801185758e-07,0.0393224330278501,0.1432291758936765,0.3450629563771718,1.4789961806967515,6.056100000000001,-0.031342113596062,0.0232618452068626,0.007326950616238,-0.0111896094985597,1.0,0.2910455975659144,0.1851494680356065,9.433601684398738e-08,-0.0623842596407719,8.242550594833456e-10,-0.0065808297567953,-0.017916586368004,3.59245763639364e-07,-0.0837428551792442,4.0,0.1116420791842465,0.0659776597315955,0.0609607704688105,-0.3723429977061068,0.0268126423787432,0.0306099166535545,0.0687700158287819,-0.0229555874821946,0.4957095741573812,-0.1484098939929328,0.0017699115044247,-0.0070175438596491,-0.0487394957983193,-0.1001589825119236,0.0161579892280072,-0.090032154340836,-0.1424242424242423,-0.090032154340836,-0.1539611360239163,-0.1867816091954023,-0.1114599686028257,-0.1238390092879256,-0.0929487179487179,-0.0241379310344826,-0.0826580226904375,-0.0190641247833621,0.0699432892249527,0.0599250936329589,0.225108225108225,0.2662192393736018,0.2331154684095862,0.2719101123595506,0.3101851851851851,0.3872549019607842,0.2119914346895075,0.3224299065420559,0.418546365914787,0.6217765042979941,0.7968253968253969,0.9317406143344708,1.0,-0.1627218934911242,-0.141122913505311,-0.1170046801872074,-0.090032154340836,-0.0487394957983193,-0.0629139072847682,-0.0943999999999999,-0.0885668276972624,-0.0471380471380471,-0.0566666666666666,-0.0644628099173553,-0.0943999999999999,-0.0781758957654722,-0.0811688311688311,-0.1114599686028257,-0.1385083713850837,-0.1564828614008941
POCM-L^L19,18.0,0.0761115971312355,5.978681396283578e-07,0.0648697057852589,0.0579589124641801,0.160463633774615,0.5067622034569436,-1.9427999999999983,-0.2126321757131051,-0.0349742013519155,0.0012578055332095,0.2316687576077699,1.0,0.1323240832844012,0.1302965489459306,5.5580268800052e-08,-0.0040362543109035,1.0736056971906228e-08,-0.0446458770209022,0.1392956954620632,1.6517002644431351e-06,0.0577029268725083,5.0,0.4929507323453546,0.0864538577121448,0.0069876961518707,-0.4767813775239831,1.1107919045135866,0.0059235205242642,0.0221472299619518,0.1107919045135865,0.5712015368287157,-0.0997624703087886,-0.0847826086956521,-0.1494949494949495,-0.2303473491773309,-0.2753872633390705,-0.2261029411764706,0.0604534005037782,0.1629834254143645,0.1629834254143645,-0.1192468619246862,-0.0926724137931034,-0.1425661914460285,-0.1696252465483235,-0.3165584415584416,-0.3442367601246106,-0.4295392953929539,-0.4636942675159236,-0.4256480218281037,-0.5011848341232228,-0.4853300733496332,-0.5,-0.3977110157367668,-0.3018242122719735,-0.440159574468085,-0.4002849002849002,-0.4185082872928177,-0.4062059238363893,-0.4574742268041237,-0.4657360406091371,-0.481527093596059,-0.4028368794326241,-0.5473118279569893,-0.5751765893037336,-0.5743174924165824,-0.6227598566308243,-0.6297273526824978,-0.6241071428571429,-0.5751765893037336,-0.5682051282051281,-0.5641821946169772,-0.5322222222222222,-0.5482832618025751,-0.5777331995987964,-0.5806772908366533,-0.5487674169346195,-0.5215909090909092,-0.5047058823529411,-0.47375,-0.4657360406091371
PODD-L,10.0,-0.2031447069704868,2.023111359132182e-07,0.0219511009098593,0.2895264116575591,0.0460939838371744,1.3371665501246208,0.1715,-1.5240443411233169,0.4689534046506572,-0.0013243084167157,-0.0054444440910107,1.0,5.462462462462462,-0.2421875,-3.5843931738380194e-08,-0.1868039307440333,2.3305312341347563e-12,-0.3199999999999999,-0.0344320188346085,3.624319082840039e-07,-0.1647898928865696,4.0,0.0094360949277294,0.6296423434442059,0.0655835738023539,0.767641060503059,0.357122864659516,-0.0253621046408513,-0.0752235665439242,-0.2323589394969409,1.6536866802719628,-0.081081081081081,-0.0512820512820513,-0.159090909090909,-0.1956521739130435,8.25,8.25,11.333333333333334,11.333333333333334,11.333333333333334,8.25,8.25,8.25,8.25,8.25,8.25,11.333333333333334,8.25,11.333333333333334,11.333333333333334,8.25,8.25,17.5,17.5,17.5,11.333333333333334,11.333333333333334,8.25,8.25,8.25,8.25,6.4,6.4,6.4,6.4,6.4,6.4,6.4,5.166666666666667,5.166666666666667,5.166666666666667,4.285714285714286,5.166666666666667,4.285714285714286,6.4,6.4,5.166666666666667,6.4,4.285714285714286,4.285714285714286
PODE-L,17.0,0.0490033871563751,2.344087244409923e-07,0.0254337436302212,0.1737661122486429,0.1097039164310587,2.4019790221256367,0.7291000000000007,-2.3912743441565665,0.0006024872497993,0.000580392162215,0.0004868482691891,1.0,0.1055766124883851,0.0769523692625301,4.952066690524088e-08,-0.0040298595943629,1.7371212067720286e-08,-0.5020902407380712,0.0188077541666709,5.077869662632155e-07,0.0365851214504734,3.0,0.349385481366933,0.1288088175666734,0.0005450231580261,-0.050815188381653,0.0178726902664763,0.0112276017567441,0.0396766820627589,0.0389053682907731,0.6577577010008788,0.030905077262693,-0.0284182305630025,-0.1819413092550789,-0.1752389622212106,-0.1280076997112608,-0.0829959514170041,-0.1065088757396449,-0.1841512832057631,-0.1484962406015038,-0.0483193277310923,-0.0778625954198471,-0.0572320499479707,-0.0463157894736842,-0.0650154798761608,-0.0843860535624051,-0.0707692307692307,-0.0562499999999999,-0.0119956379498363,-0.0503144654088049,-0.0361702127659574,0.0272108843537415,0.0981818181818181,0.1827676240208877,0.215291750503018,0.3235938641344047,0.196039603960396,0.1750972762645914,0.2445054945054945,0.1381909547738693,0.1944627554383653,0.3101952277657267,0.2952108649035025,0.241095890410959,0.2662473794549267,0.335298452468681,0.3054755043227666,0.317818181818182,0.3593398349587398,0.4472843450479233,0.4719740048740861,0.4369547977795402,0.6021220159151195,0.5150501672240801,0.3675471698113208,0.5567010309278351,0.5634167385677309,0.5661192739844425,0.5866900175131349,0.7191650853889946
POFN-L,7.0,0.4146324003149831,2.553469590871196e-07,0.0277055775533356,0.1930529479932594,-0.5900241580218842,0.7491300573821229,0.4077,0.4274162815650332,0.3067459454658572,-0.0108030645427988,0.0116025610509403,1.0,1.387323943661972,0.4892287606080386,-4.579583510711444e-08,0.2977171657278383,3.559972552868882e-13,0.0897435897435898,0.0200443839931276,6.063470905243645e-08,0.1685670261941447,4.0,0.0175828530376265,-0.3948790629446213,-0.390556909719804,1.594412331406551,0.4305855375969528,-0.0238044633368756,-0.0294570730790907,0.594412331406551,1.6536866802719628,-0.1099999999999999,-0.2424242424242424,-0.3548387096774194,-0.4186046511627906,-0.4252873563218391,-0.4594594594594595,-0.4117647058823529,-0.375,-0.408284023668639,-0.4791666666666666,-0.5145631067961165,-0.6153846153846154,-0.6124031007751938,-0.5575221238938053,-0.6124031007751938,-0.5798319327731092,-0.5614035087719298,-0.4505494505494506,-0.2125984251968504,-0.2537313432835821,-0.2700729927007299,-0.0384615384615385,0.0204081632653061,0.4705882352941175,0.3513513513513513,0.1904761904761904,-0.0476190476190476,0.1363636363636364,0.2345679012345678,0.8181818181818181,1.380952380952381,1.5,1.272727272727273,1.380952380952381,0.3888888888888888,0.0416666666666667,0.0869565217391303,0.0526315789473683,0.1627906976744186,0.0416666666666667,-0.0099009900990099,-0.0740740740740741,-0.0740740740740741,0.0,-0.0566037735849057,0.2820512820512819,0.1904761904761904,-0.1379310344827585,-0.2537313432835821
POFX-L,15.0,0.0664724781952688,1.9561562798878382e-06,0.212246269595818,0.1516199211091385,1.0688923729595132,0.0709910333686825,-3.429,0.1587546188670119,-0.2920036091972212,3.996371596203599e-05,-0.0010301480209222,1.0,0.3818181818181818,0.05478610155559,5.792156300893021e-08,-0.0127798604811712,1.0212036130498885e-12,0.0333333333333332,7.992743192407198e-05,6.650640185003949e-08,0.5820179616274324,2.0,0.0196597735930405,-0.5667832167832169,0.3172035807807076,-0.3172035807807076,-0.3172035807807076,-0.003373317141025,-0.0034880022749467,-0.3172035807807076,0.0044912728959042,0.0256410256410257,-0.025,0.0,-0.0714285714285714,-0.0487804878048779,0.0263157894736842,-0.0487804878048779,-0.1136363636363636,-0.1136363636363636,-0.0930232558139534,-0.1136363636363636,-0.1874999999999999,-0.2199999999999999,-0.2199999999999999,-0.2352941176470587,-0.1521739130434782,-0.1521739130434782,-0.2909090909090909,-0.1702127659574467,-0.1136363636363636,-0.1136363636363636,-0.1136363636363636,-0.1333333333333333,-0.1874999999999999,-0.0714285714285714,-0.0714285714285714,0.0263157894736842,0.4444444444444444,0.4444444444444444,0.3928571428571428,0.3,0.4444444444444444,0.4444444444444444,0.3448275862068968,0.3,0.1818181818181818,0.1470588235294117,0.1818181818181818,0.1818181818181818,0.1818181818181818,0.1470588235294117,0.1818181818181818,0.0833333333333334,0.1142857142857143,0.0540540540540541,0.21875,0.0833333333333334,0.0833333333333334,0.0833333333333334
POHS-L,16.0,0.0626678193319515,5.961287859176353e-07,0.0646809829616255,0.1190280556859389,0.0970595178593752,1.4282859581823353,4.326099999999999,-0.0169583884160079,0.0086078498816317,0.0006300965004055,-0.0066165270506355,1.0,0.2847731304411099,0.0300746581348653,5.483781601943896e-08,-0.038148174537524,1.265698111749604e-08,-0.0035607128655605,0.0302552256381089,1.8145868958153304e-06,0.0737966486828788,3.0,0.1661481974362261,-0.0415596974679524,0.0061055319185888,0.0101090277118186,0.0030366580026323,-0.000170622908812,-0.0007144584500751,0.0475417721905661,1.456570632659608,0.0,0.0,-0.0677966101694915,-0.0178571428571429,-0.175,-0.1176470588235295,-0.1081081081081082,-0.1450777202072539,-0.1624365482233503,-0.1951219512195121,-0.2289719626168225,-0.1990291262135922,-0.2666666666666667,-0.3319838056680163,-0.2918454935622318,-0.3037974683544304,-0.2500000000000001,-0.1269841269841269,-0.0178571428571429,0.0312499999999997,0.0185185185185183,0.2406015037593982,0.2790697674418603,0.1956521739130434,0.2890625,0.1702127659574468,0.1073825503355703,0.1301369863013699,0.1702127659574468,0.2595419847328244,0.2313432835820894,0.064516129032258,0.1224489795918366,0.0714285714285714,0.1301369863013699,-0.0406976744186047,0.0185185185185183,0.0248447204968942,0.0443037974683542,-0.0934065934065935,-0.1990291262135922,-0.2289719626168225,-0.2180094786729858,-0.175,-0.2289719626168225,-0.2028985507246377,-0.2142857142857144,-0.1176470588235295,-0.131578947368421
POKC-L,14.0,1.55551510738988,7.457901711381543e-07,0.080919496746127,0.3071938495332235,-0.1238207547169811,0.180961520050296,0.4356,0.2801552097653149,-0.0293245241504339,0.0018376001256478,0.0283170080142475,1.0,3.181818181818182,2.909367396593673,-2.8429841594655023e-08,0.0167912357940001,8.00921527328749e-14,0.0588235294117645,-0.0094648707681106,6.892786084581665e-08,-0.4609800362976407,4.0,0.0024228914644569,0.6470588235294117,0.1394442820057815,0.0837593293525976,-0.2136362550032035,0.0618984696411669,0.0940521451863243,0.0041573393028462,1.6536866802719628,0.0,0.0,-0.3333333333333332,-0.5,-0.5,-0.5,-0.5,-0.3333333333333332,-0.3333333333333332,-0.3333333333333332,-0.3333333333333332,-0.3333333333333332,-0.3333333333333332,-0.5,-0.5,-0.5,-0.6000000000000001,-0.6000000000000001,-0.5,-0.5,-0.5,-0.6000000000000001,-0.5,-0.5,-0.6000000000000001,-0.5,-0.5,-0.6000000000000001,-0.5,-0.3333333333333332,-0.5,-0.5,-0.5,-0.5,-0.5,-0.3333333333333332,-0.3333333333333332,-0.5,-0.3333333333333332,-0.3333333333333332,-0.5,-0.5,-0.5,-0.3333333333333332,-0.5,-0.5,-0.6000000000000001,-0.5,-0.3333333333333332
POLV-L,17.0,0.0596309293364704,1.7650101016902712e-06,0.1915065855086871,0.0620919479102276,0.430131392532155,0.9233916389034976,-1.9842,1.5977423748529744,0.0285322432076224,0.0166575795609647,-0.0416286346496875,1.0,0.2701294397318156,0.1575528361727806,1.3412894748523824e-07,-0.1607716333426881,5.38854181252988e-11,0.3354742025262257,0.2150087272807109,1.333171081878865e-06,-0.0470905823423697,4.0,0.013139219636221,0.5398990548577725,0.4311888587157654,-0.2641609987075577,0.0247512773410606,0.0024404728239352,0.0042838457319146,0.0661363437037348,1.066455504097025,0.5,0.0,-0.2,-0.2,-0.3333333333333332,-0.2,-0.3333333333333332,-0.3333333333333332,-0.2,-0.2,-0.3333333333333332,0.0,0.3333333333333335,0.3333333333333335,0.3333333333333335,0.0,0.0,-0.2,-0.5,-0.4285714285714286,-0.5555555555555556,-0.6000000000000001,-0.6000000000000001,-0.5555555555555556,-0.5555555555555556,-0.6666666666666666,-0.6666666666666666,-0.5,-0.5555555555555556,-0.5,-0.3333333333333332,-0.5,-0.3333333333333332,-0.4285714285714286,-0.5,-0.2,-0.2,-0.3333333333333332,-0.2,-0.2,-0.3333333333333332,-0.3333333333333332,-0.4285714285714286,-0.5,-0.5555555555555556,-0.6000000000000001,-0.6363636363636364,-0.5555555555555556,-0.6000000000000001
POPF-L,17.0,-0.0414668803953242,1.903771104821976e-07,0.0206562389374095,0.1141576838643351,0.385236364918481,2.481528749013996,268.9037,0.1628056338300633,0.0955022143037164,0.0079713050691234,-0.0374327128067735,1.0,0.1301008146031391,0.0002273539398814,2.724850216520137e-07,-0.0986951727941736,8.239681103311602e-07,0.0341839154018451,-0.0292369641372277,8.420308353553048e-07,-0.0552598756679398,3.0,1.9478497585899,0.1300913637537909,0.2012009430536545,-0.0475870432807126,-0.0409145895383143,0.0706583084299903,0.3939799502932672,0.2584832090453042,0.5024293745396057,-0.0184049079754601,-0.1109090909090909,-0.1390845070422535,-0.0392927308447937,-0.1109090909090909,-0.0060975609756097,-0.0650095602294456,0.0794701986754966,0.1267281105990783,0.0915178571428569,0.2902374670184695,0.438235294117647,0.7038327526132402,0.6746575342465753,0.572347266881029,0.5523809523809524,0.9878048780487804,1.2227272727272722,1.5206185567010309,1.2534562211981566,1.183035714285714,1.0375,1.0808510638297872,1.2027027027027022,1.0040983606557377,1.3853658536585365,1.7016574585635356,2.8809523809523805,1.9636363636363636,2.443661971830986,3.327433628318584,2.443661971830986,4.433333333333333,5.985714285714286,7.288135593220339,5.698630136986301,4.821428571428571,4.821428571428571,5.52,5.887323943661972,3.8415841584158414,3.0413223140495864,1.9107142857142856,1.546875,1.4696969696969695,1.5076923076923077,1.893491124260355,2.175324675324675,2.372413793103448
POVD-L,14.0,0.0867268342505438,7.670065512450572e-07,0.0832215099228428,0.0933176500612661,0.6607722335567656,1.1942731933417632,2.4723,0.6637985525725949,0.11323235813673,0.0149124109197675,-0.0499586574806959,1.0,0.2887988440758889,0.2238396928778279,1.2732133714624594e-07,-0.1545420815223664,4.0826857878035416e-11,0.1393762183235867,0.2046491947778118,4.474525251865462e-07,-0.0883482196167009,4.0,0.0283022349498422,0.0855695746044208,0.2542391424136613,0.2686041545389855,0.1520661624952053,0.0369831403098646,0.0585581465027515,0.3357117017989433,0.9021164823610814,-0.0537634408602151,0.3285714285714287,0.3285714285714287,1.0666666666666669,1.0666666666666669,1.2142857142857144,0.9787234042553196,1.2142857142857144,1.447368421052632,1.2682926829268295,1.3250000000000002,1.90625,2.0,2.0,2.321428571428571,2.2068965517241383,3.2272727272727275,3.894736842105264,4.470588235294118,4.8125,3.894736842105264,2.8750000000000004,3.65,2.8750000000000004,3.65,2.444444444444444,4.166666666666667,5.2,3.894736842105264,4.470588235294118,8.3,12.285714285714285,12.285714285714285,12.285714285714285,22.25,14.500000000000002,22.25,14.500000000000002,14.500000000000002,17.6,17.6,12.285714285714285,17.6,14.500000000000002,12.285714285714285,22.25,14.500000000000002,12.285714285714285,12.285714285714285
POXE-L^B19,14.0,0.1212756684918859,1.8655767493459787e-05,2.0241823711348874,0.0115147418604233,0.678827540264117,0.728833053909778,-1.0442,-0.4674512510484834,0.0383724701699167,-0.0036682190551004,0.7104338184992085,1.0,0.0624733550898526,0.152051027501279,3.4669452423486686e-06,0.0452782546669591,8.661069573188494e-12,-0.0981496379726468,0.0298075968811623,6.925604886313799e-06,0.0569160163826239,3.0,0.0008517108082022,-0.2604058731176856,0.4217872627958187,0.4562485645846436,0.1192220376743247,-0.0171786012001349,-0.0276996827403354,0.3893034931710845,-1.4229049150638604,-0.1999999999999999,0.0,-0.6000000000000001,-0.673913043478261,-0.6590909090909092,-0.7,-0.673913043478261,-0.6666666666666667,-0.625,-0.6842105263157895,-0.7,-0.5,-0.5161290322580645,-0.5,-0.5588235294117647,-0.5833333333333333,-0.6590909090909092,-0.7457627118644068,-0.7727272727272727,3.2857142857142856,4.0,6.5,4.999999999999999,9.0,14.0,14.0,14.0,14.0,14.0,14.0,14.0,14.0,14.0,14.0,9.0,14.0,9.0,9.0,9.0,9.0,9.0,6.5,9.0,9.0,9.0,9.0,6.5,6.5,4.999999999999999
POXN-L,11.0,-0.039513427425998,1.3795992465504233e-06,0.1496888549386851,0.0625068918902361,-0.1705591800481798,0.3079090793257556,-6.135000000000001,-0.148832455187824,-0.7312583005562505,0.0156352618367453,0.1504777892224914,1.0,0.0878308151811209,-0.1096910259304738,-1.8238107319826537e-07,-0.1173198553760746,1.4969661547231476e-11,-0.03125,-0.0711735954747652,7.096939562106358e-07,0.1342925332424138,3.0,0.032949463958556,-0.0946953882891272,0.2270278895907096,0.3302029830036747,0.3505594080520775,-0.0391919325482631,-0.0557328363326659,0.1993406532003463,1.6536866802719628,0.0666666666666666,-0.1818181818181818,-0.2241379310344826,-0.1964285714285715,-0.2241379310344826,-0.1588785046728972,-0.1964285714285715,0.0975609756097561,0.1111111111111111,0.2162162162162162,0.0112359550561798,0.0465116279069768,0.1999999999999999,-0.0322580645161291,0.3235294117647058,0.5789473684210529,0.1688311688311687,0.1842105263157893,17.0,17.0,21.5,14.000000000000002,8.0,8.0,6.500000000000001,8.0,6.500000000000001,4.294117647058823,6.500000000000001,5.0,4.0,4.625,5.428571428571428,4.294117647058823,4.294117647058823,4.294117647058823,3.7368421052631575,3.5,3.5,2.7500000000000004,3.090909090909091,2.333333333333333,1.8125,2.214285714285714,2.6,2.6,2.4615384615384617,1.5714285714285716,0.8
POYV-L,15.0,-0.0494666972574561,7.070466685756291e-07,0.0767157610965176,0.1733621794001049,0.0499826892829465,1.94397818706254,-0.539699999999999,-0.1357273687061782,-0.0109866214672405,0.016137634716176,0.0009810599726184,1.0,0.2716529586748356,0.0512368400129086,9.590928289066121e-08,0.0218079274983665,5.530482897773964e-10,-0.0284983558640848,0.0140330281206826,5.314036127668237e-06,-0.0614300945569867,2.0,0.0089376810423041,-0.0556020392724858,0.0365083256958143,-0.2751961704758084,-0.0365083256958143,0.0437717006302556,0.9299584326597108,-0.0365083256958143,1.980095760329579,-0.3142857142857143,-0.2045454545454545,-0.339622641509434,-0.3859649122807017,-0.3859649122807017,-0.339622641509434,-0.3636363636363637,-0.435483870967742,-0.4444444444444445,-0.4262295081967213,-0.4696969696969697,-0.326923076923077,-0.396551724137931,-0.4166666666666666,-0.4696969696969697,-0.4927536231884057,-0.4696969696969697,-0.4852941176470589,-0.4696969696969697,-0.4444444444444445,-0.4615384615384615,-0.4927536231884057,-0.4852941176470589,-0.5070422535211268,-0.4615384615384615,-0.6067415730337079,-0.3,-0.3,0.129032258064516,-0.1025641025641026,-0.054054054054054,-0.1860465116279069,-0.1666666666666667,-0.1463414634146341,-0.1025641025641026,-0.453125,-0.435483870967742,-0.4444444444444445,-0.4615384615384615,-0.453125,-0.4262295081967213,-0.435483870967742,-0.4067796610169492,-0.5512820512820513,-0.5394736842105263,-0.5454545454545454,-0.5569620253164558,-0.5,-0.5070422535211268
PPBO-L,5.0,0.0482410878436403,3.392215517013354e-06,0.3680611291406718,0.0786136537111178,-0.0291276397883928,0.0354887041213852,0.8589,-0.1843602025552399,-0.0651006374692496,0.002774128358007,0.4649405669189552,1.0,0.3473316966016281,0.0482517397041104,-5.8240387125725846e-08,0.0734410537166364,5.597871035112443e-13,-0.0387096774193548,0.0160524368673152,8.667013996759193e-07,0.0481994599323971,1.0,0.0270100827922099,-0.2647856698547975,-0.0529639073521107,-0.0851263193606298,-0.0957207785996042,0.0003042203315751,0.0003819478144952,0.0797877183626217,1.6536866802719628,-0.16,-0.1935483870967741,-0.358974358974359,-0.3243243243243243,-0.3902439024390244,-0.358974358974359,-0.3421052631578947,-0.0740740740740741,0.0869565217391303,0.0869565217391303,-0.0384615384615385,0.1904761904761904,0.1904761904761904,-0.0384615384615385,0.0869565217391303,0.1904761904761904,0.25,0.0869565217391303,0.1363636363636364,0.0869565217391303,0.1904761904761904,0.1363636363636364,-0.0384615384615385,0.0869565217391303,0.1363636363636364,-0.0384615384615385,-0.1379310344827585,-0.21875,-0.1071428571428572,-0.3055555555555556,-0.358974358974359,-0.3421052631578947,-0.1071428571428572,-0.0740740740740741,-0.1071428571428572,-0.1071428571428572,-0.1666666666666666,-0.375,-0.4047619047619047,-0.5192307692307693,-0.5689655172413792,-0.6031746031746033,-0.6875,-0.6031746031746033,-0.609375,-0.609375,-0.5535714285714286,-0.6212121212121212,-0.6527777777777778
PPDV-L^I19,12.0,-0.2208584308822971,2.7639300767939217e-08,0.0029989109472216,0.1259341375303275,-0.0978431136281479,2.409799639531231,0.9889,-0.0348911250257169,0.0078467888458712,-0.0035763470017401,-0.018704274896573,1.0,2.691208791208791,-0.9654576856649396,-8.84260200997141e-07,-0.2105442466570134,1.0441951530347026e-11,-0.0073260073260073,-0.0245861272114255,3.952420009815308e-06,-0.0677532013969733,3.0,0.001424109223806,0.2432528794797808,0.0213156159273566,0.8900501464674049,-0.0361365371898107,-0.048441119262649,-0.4554387828660318,-0.1099498535325951,1.6536866802719628,0.0,0.0,-0.5,-0.5,-0.5,-0.5,-0.6666666666666666,-0.6666666666666666,-0.5,-0.6666666666666666,-0.6666666666666666,-0.75,-0.75,-0.6666666666666666,-0.75,-0.6666666666666666,-0.6666666666666666,-0.75,-0.75,-0.6666666666666666,-0.6666666666666666,-0.75,-0.75,-0.8,-0.75,-0.75,-0.6666666666666666,-0.8,-0.8,-0.8,-0.8,-0.8,-0.8333333333333333,-0.8333333333333333,-0.8333333333333333,-0.8571428571428572,-0.8571428571428572,-0.8888888888888888,-0.8333333333333333,-0.875,-0.8888888888888888,-0.8888888888888888,-0.875,-0.875,-0.875,-0.875,-0.875,-0.8888888888888888,-0.875
PPKR-L^I20,17.0,-0.2411817907747965,1.8461294573576607e-06,0.2003081729940218,0.27733862959285,-0.1277385815076123,7.054803885514279,-0.4113,-0.3968865471675308,0.0247684123110976,0.0037776454965886,0.004749461669471,1.0,0.5306122448979592,-0.163157894736842,-3.225243636194376e-07,0.0891326705519368,1.0317595628469073e-12,-0.0833333333333334,0.0147723846849563,1.4010458355628368e-06,-0.3242065961418792,2.0,0.0002179313941779,-0.2040816326530612,-0.5796865149242377,0.9415204678362572,0.0759742493488622,-0.0468944782576813,-0.0745772594752186,-0.0584795321637427,1.6536866802719628,0.0,0.0,-0.5,-0.5,-0.5,-0.5,-0.5,-0.5,-0.5,-0.5,-0.6666666666666666,-0.6666666666666666,-0.75,-0.8,-0.8333333333333333,-0.8,-0.8,-0.75,-0.75,-0.75,-0.75,-0.8,-0.8,-0.6666666666666666,-0.6666666666666666,-0.5,-0.5,-0.6666666666666666,-0.5,-0.5,-0.5,0.0,0.0,0.0,0.0,0.0,0.0,0.0,0.0,-0.5,0.0,0.0,0.0,0.0,0.0,0.0,0.0,0.0,0.0
PPNZ-L,16.0,0.019718124215475,1.972944404475928e-07,0.0214067809548411,0.3494480905772387,0.4243168903998718,2.3484847015647574,4.184900000000001,0.5012009396637986,0.1182151030110354,0.005257597342552,0.0166347074906022,1.0,0.7727325392779347,0.5031868448383631,1.1667818035740777e-07,0.1162451500838654,1.461514042385961e-09,0.1052359805845295,0.0202419375767451,2.71141423796272e-07,-0.1736693178086081,4.0,0.179234291499986,-0.1620984605880141,-0.0003570970224916,0.0591630249322613,0.0453691198758476,0.0529826703444096,0.1257966565450966,0.0591630249322613,0.2424701329000133,0.0542168674698795,-0.1487179487179487,-0.1530612244897959,-0.2875536480686695,-0.3252032520325203,-0.3712121212121213,-0.4448160535117057,-0.3985507246376811,-0.3851851851851853,-0.4134275618374559,-0.4092526690391459,-0.4113475177304965,-0.3712121212121213,-0.3386454183266931,-0.3540856031128404,-0.3712121212121213,-0.3490196078431372,-0.3412698412698413,-0.3985507246376811,-0.4071428571428571,-0.3805970149253732,-0.2813852813852814,-0.2813852813852814,-0.2350230414746543,-0.2095238095238095,-0.2314814814814816,-0.2522522522522523,-0.2522522522522523,-0.2589285714285715,-0.1782178217821782,-0.2844827586206896,-0.2314814814814816,-0.2589285714285715,-0.0777777777777778,-0.0404624277456647,-0.0879120879120879,0.0374999999999998,0.0246913580246912,-0.0177514792899408,-0.0059880239520958,-0.0235294117647059,0.0993377483443707,0.0,0.0374999999999998,0.0993377483443707,0.0374999999999998,0.1608391608391608,0.2028985507246377,0.2388059701492535
PPPL-L,16.0,-0.1850916036553594,3.3619758871314705e-07,0.0364780078080295,0.1267654217572031,0.0382639247967278,1.578413761137543,68.36529999999999,-0.1114962791770075,0.0120576846847871,0.0028914816421326,-0.0283736741816464,1.0,0.2145984385608235,-0.1770937127980328,3.043374803313565e-08,-0.0491182020534759,1.6991789126619093e-07,-0.0234106110786415,-0.0233161931415286,2.281103226988496e-06,-0.2302215733210654,2.0,0.4639030851289605,0.3165254685485774,-0.0009265386567538,-1.818914456198108,-0.0036096062490741,0.0071402918875069,0.0586372448326218,-0.0324367453139838,1.188587095622968,-0.0791505791505792,-0.0880281690140845,-0.2091603053435115,-0.205521472392638,-0.1423841059602649,-0.108433734939759,-0.1337792642140469,-0.1352253756260435,0.0216962524654831,0.2074592074592074,-0.037174721189591,0.0156862745098038,0.1990740740740739,0.2274881516587676,0.1719457013574661,0.2821782178217822,0.153674832962138,0.1236442516268978,0.377659574468085,-0.3636363636363637,-0.4357298474945533,-0.4269911504424778,-0.4351145038167939,-0.4039125431530495,-0.3516896120150188,-0.3541147132169576,-0.4288864388092613,-0.3743961352657005,-0.3093333333333333,-0.330749354005168,-0.3333333333333333,-0.38698224852071,-0.408675799086758,-0.4307692307692308,-0.345959595959596,-0.3492462311557789,-0.3788968824940047,-0.3743961352657005,-0.3157199471598415,-0.4166666666666667,-0.4011560693641619,-0.4307692307692308,-0.4179775280898877,-0.4045977011494253,-0.462097611630322,-0.4113636363636365,-0.2884615384615385,-0.2631578947368421,-0.3589108910891089
PPPQ-L,10.0,0.1154767346076344,1.2183414082885817e-06,0.1321921063577772,0.3507558303771114,0.0437735913599798,0.1414767501166469,15.085800000000006,0.5912240978495619,0.0568690825130365,0.0024391886526205,0.0439937214209655,1.0,0.1277146730238863,0.0401364275303998,2.890140676880129e-07,0.0024933522149412,1.4457403954712051e-08,0.1241379310344826,0.0079279593868621,7.691138620905526e-06,0.128394046099241,2.0,0.4042862253417365,0.2116866499945956,0.1280682589413164,-0.1280682589413164,-0.1280682589413164,0.0089599459488329,0.0648318393479549,-0.1280682589413164,0.3275830834151921,0.0088105726872247,0.0179372197309417,0.0225225225225225,0.0088888888888889,0.0271493212669684,0.0271493212669684,0.0412844036697246,0.0657276995305164,0.1019417475728154,0.075829383886256,0.1127450980392157,0.0558139534883721,0.0558139534883721,0.0365296803652968,0.0412844036697246,0.0133928571428569,0.0365296803652968,0.0133928571428569,0.0088888888888889,0.0133928571428569,-0.0215517241379309,-0.0340425531914894,-0.0087336244541484,-0.0381355932203388,-0.0130434782608694,-0.0421940928270042,0.004424778761062,0.0412844036697246,0.0318181818181817,0.0365296803652968,0.1293532338308458,0.3841463414634147,0.3431952662721893,0.3197674418604652,0.6330935251798562,-0.5540275049115914,-0.5441767068273093,-0.5329218106995885,-0.5414141414141413,-0.5357873210633947,-0.5270833333333333,-0.5270833333333333,-0.539553752535497,-0.5404858299595142,-0.5513833992094861,-0.5348360655737705,-0.5441767068273093,-0.529045643153527,-0.5241090146750524
PPQA-L,17.0,0.0943612214259893,2.4865360363362764e-07,0.026979337149801,0.0503198468290147,0.2452466041349052,1.8924680625910983,17.041399999999996,0.0580023641327386,0.0091944376170098,0.0050452410177592,0.0019095533257448,1.0,0.3018433615691115,0.1773726141685238,5.477992525054561e-08,-0.0112829991676793,1.7973635041303023e-08,0.0121786197564277,0.046879890773514,3.146540035543516e-07,0.0373602408351297,5.0,0.6194319565045557,0.0525496274072401,0.0200108044450612,-0.0111726203915763,0.0238069837763694,0.026712113788021,0.0641671447910246,0.1091066133166752,0.4621127091814118,-0.0689479060265576,0.0365272631021702,-0.0490529383195726,-0.001529831718511,-0.0185463659147869,0.0883824346859365,0.0481798715203425,0.1377106333527018,0.0883824346859365,0.0294426919032597,-0.0993560257589696,-0.0273224043715847,-0.0076026355803345,-0.0609112709832135,-0.0175614651279478,0.045940170940171,0.0299842188321934,0.1024774774774772,0.0664488017429192,0.0681942171303873,0.283934426229508,0.2772341813437702,0.2260488415779584,0.2206982543640896,0.3176312247644683,0.2739102147039687,0.1572104018912528,0.2034419176398278,0.2298994974874371,0.2966887417218542,0.4005722460658081,-0.4914285714285714,-0.5543923532089212,-0.4988482211415409,-0.4676454594888527,-0.4958805355303811,-0.4656113537117904,-0.3953057442865968,-0.3540085780270537,-0.3669576462980924,-0.3744408945686901,-0.3344663494221619,-0.3694041867954912,-0.3928682170542636,-0.3615911313987611,-0.3184824225548208,-0.274546128195628,-0.2460531382364267,-0.2318556296586896
PPRX-L^E21,16.0,-0.0483756320331486,3.4548948552581374e-07,0.0374861943502984,0.2914682593870464,0.1814903485136809,0.8238187304140936,-5.028299999999987,0.6818567879342762,-0.0255686811682662,-0.0019334533953867,-0.2692719310540352,1.0,0.0964090589787554,0.1201909506086826,1.6780916670229745e-07,-0.072349061772999,2.3375578360526632e-08,0.1431678634613383,0.0137038758443051,1.3115438885862072e-06,-0.0849489526026236,4.0,0.670435410813582,0.549319571790466,-0.0839292974917095,0.0788212919479442,0.1346806956707735,0.0237625383643644,0.1140601835584617,0.3800324647194507,0.4280129356154227,-0.0983050847457627,0.0966542750929368,0.0986964618249535,0.2317327766179542,-0.2804878048780487,-0.2751842751842752,-0.3997965412004068,-0.3407821229050278,-0.3123543123543123,-0.3042452830188679,-0.2891566265060241,-0.3400447427293064,-0.2216358839050131,-0.2934131736526946,-0.2416452442159382,-0.32183908045977,-0.1607396870554764,0.0946196660482376,0.209016393442623,0.1706349206349207,0.2995594713656389,0.0516934046345811,0.209016393442623,0.6526610644257704,0.586021505376344,1.0629370629370634,1.5000000000000004,2.3908045977011496,2.5975609756097566,3.4696969696969697,3.0972222222222223,2.430232558139535,2.55421686746988,2.5975609756097566,4.363636363636363,4.784313725490196,4.784313725490196,3.87603305785124,5.629213483146068,2.619631901840491,2.856209150326797,1.9207920792079207,1.4081632653061225,1.2868217054263569,1.7570093457943927,1.3983739837398377,1.8780487804878048,1.2868217054263569,1.5106382978723405
PPSM-L^I22,16.0,0.036443693595289,5.558679157023427e-07,0.0603126103516584,0.0315633250055492,0.1124500628317422,0.7115574896789145,0.3515000000000001,0.3375676025215354,-0.038991251303347,-0.0012622547121594,0.0142478597635539,1.0,0.0442829672975567,0.0166159813125303,2.851181424510605e-08,-0.0197265694840099,2.8009349681586195e-10,0.0708782742681046,0.0120516144065944,5.857640845647214e-07,0.0528547433065257,4.0,0.1049990827156871,0.0349641676614176,-0.0302289336653664,0.0430380501991594,0.0491882933885319,0.007117229362611,0.0146391514205612,0.1184871519955667,0.6407880581143989,-0.0338028169014084,-0.1057934508816121,-0.0706806282722513,-0.1012658227848102,-0.1080402010050252,-0.0583554376657825,-0.0731070496083551,-0.1466346153846154,-0.0731070496083551,-0.0897435897435897,-0.1212871287128712,-0.1744186046511627,-0.1647058823529412,-0.1686182669789226,-0.1191066997518611,-0.1686182669789226,-0.1705607476635514,-0.1705607476635514,-0.1125,-0.1191066997518611,-0.0193370165745857,-0.0779220779220779,-0.0682414698162729,0.1234177215189873,0.2862318840579709,0.3003663003663004,0.3396226415094339,0.3099630996309963,0.4730290456431534,0.4915966386554622,0.4791666666666667,0.4087301587301586,0.4372469635627529,0.4730290456431534,0.599099099099099,0.5106382978723403,0.4915966386554622,0.4791666666666667,0.4549180327868851,0.4372469635627529,0.3653846153846152,0.5106382978723403,0.4669421487603304,0.4669421487603304,0.4791666666666667,0.5707964601769913,0.5848214285714284,0.5570175438596492,0.5707964601769913
PPTB-L,19.0,0.1465583525557449,4.884024511423483e-07,0.0529924931776723,0.2457948274715777,0.1902097902097902,2.805861599833324,1.3395,0.1446354445209217,0.0105723179918746,0.0033884852555101,-0.0029040689232357,1.0,0.7202614379084967,0.2065823726292301,5.4417471440270896e-08,-0.0225821523127238,3.184838690484884e-11,0.0303687635574836,0.0141744392070337,3.719154433520405e-07,0.0760743321718931,2.0,0.0112063326382529,0.1385164159951279,0.0504581907736277,0.0396499908678832,0.0986043846387397,0.0121293407586669,0.0213694970976524,0.0396499908678832,0.4322915388262806,-0.075,0.0526315789473683,-0.0243902439024389,0.0,-0.0476190476190475,-0.0476190476190475,0.0526315789473683,0.0666666666666666,0.0526315789473683,0.1111111111111111,0.2307692307692308,0.1764705882352941,0.3114754098360657,0.3333333333333335,0.3114754098360657,0.6000000000000001,0.6000000000000001,0.5686274509803921,0.5384615384615385,0.8181818181818183,0.8181818181818183,0.8181818181818183,0.4545454545454546,0.3333333333333335,0.3793103448275863,0.4035087719298247,0.6000000000000001,0.7391304347826086,1.3529411764705883,1.0,0.7391304347826086,0.1940298507462685,0.2903225806451615,0.1267605633802817,0.1111111111111111,0.1764705882352941,0.0810810810810811,0.0526315789473683,0.1594202898550727,0.142857142857143,0.1594202898550727,0.0810810810810811,0.4035087719298247,0.4035087719298247,0.3333333333333335,0.1111111111111111,-0.069767441860465,-0.111111111111111,-0.2079207920792078
PPWV-L,20.0,-0.0109106866518927,3.668642233487538e-07,0.0398053896074216,0.1383027789357721,0.0636902905350643,1.995318796998096,14.826000000000008,0.0149970334946936,-0.007623227928651,0.001858560351235,0.0037968387592467,1.0,0.734274637223941,-0.0890040088490847,3.5720528706558324e-08,-0.0616097865512287,6.371199385932293e-07,0.0031488917932432,-0.0104458691843262,1.099561949240057e-06,0.0180933698298905,4.0,1.1489468689123274,-0.0513383703831133,-0.0025406940840812,0.022521416521892,0.0013501265240628,0.0138129127635276,0.0537358005681955,-0.0704094880044054,0.7811730667801209,-0.1038273615635178,-0.0292490118577075,-0.1091766412767502,-0.0933923957179772,-0.1382456140350877,-0.0417479516191963,-0.048062015503876,-0.0323089046493302,-0.0675778283978739,-0.0643809523809524,-0.1033223804308142,-0.1460361613351878,-0.1020109689213895,-0.2370301335818577,-0.1799666110183639,-0.1913072110635496,-0.2113037893384715,-0.1958087753765554,-0.2281583909490886,-0.2344139650872817,-0.1840531561461794,-0.2312989045383412,-0.1379431379431379,-0.0990462215700661,-0.0811821922933034,-0.2379770400248215,-0.2443076923076923,-0.1971232428898333,-0.1614885626493684,-0.1516407599309154,-0.1184493898061737,-0.0571976967370442,-0.1287690670450515,-0.0284810126582278,-0.008477997577715,0.0008149959250203,0.050470487596236,0.088170137350465,0.1153496821071753,0.097408400357462,0.1023339317773786,0.1579443658651578,0.0891352549889135,0.1028289178266725,0.1173794358507733,0.1974646513895659,0.2448048656867714,0.3254182406907715,0.3797752808988763
PPXV-L,14.0,-0.0417391304347827,7.756891572488697e-07,0.0841635873803684,0.0687387853899974,0.0695968418762239,0.4988766586022277,1.445,-0.6486747867684375,0.0726701001844254,-0.0004203858335732,-0.0027375993301686,1.0,7.0,0.0907423087778719,-5.1327415909486596e-09,0.0323832825567853,6.137413094913226e-12,-0.1362007168458782,0.0008753239274402,4.037517763762717e-07,-0.2216633039440589,4.0,0.0196099254208447,0.2518043303929428,0.0033821838360097,0.2957367439110695,0.0314688819363903,-3.605725892717636e-05,-5.544979021496035e-05,-0.0070801574973811,1.6536866802719628,0.0,0.0283018867924529,-0.0090909090909091,0.2674418604651163,0.4342105263157896,0.4533333333333333,0.2976190476190476,0.2976190476190476,0.6029411764705883,0.6029411764705883,0.493150684931507,0.5138888888888891,0.3974358974358976,1.0185185185185186,1.2708333333333337,0.0686274509803921,0.1354166666666667,-0.2733333333333333,-0.3662790697674418,-0.3550295857988165,-0.5176991150442477,-0.6036363636363635,-0.6064981949458483,-0.5341880341880341,-0.5240174672489082,-0.4976958525345621,-0.5133928571428572,-0.5321888412017167,-0.502283105022831,-0.4076086956521739,-0.5133928571428572,-0.5301724137931034,-0.4809523809523809,-0.4438775510204081,-0.4263157894736841,-0.4010989010989011,-0.4043715846994535,-0.4322916666666666,-0.3806818181818181,-0.310126582278481,-0.3511904761904761,-0.4858490566037735,-0.488262910798122,-0.5045454545454546,-0.4858490566037735,-0.542016806722689,-0.5361702127659574,-0.5045454545454546,-0.4906542056074766
PPYH-L^L22,21.0,0.1468194284703175,1.5708137407338498e-07,0.0170435951425991,0.1990430622009569,1.2474825156997549,0.8767642413710541,3.9499999999999993,0.476263856601037,0.0556614155086087,0.0009676527508985,0.0893481555401563,1.0,0.446215139442231,0.1451587169794117,2.7780669511983363e-08,0.0632739898209379,4.4176139722056247e-10,0.1,0.015501968503937,2.8182640614246786e-08,0.1561646847573154,4.0,0.629491676807164,-0.3228657197980801,-0.0298611083473244,-0.2860623378253799,0.1231637981426395,0.0333895853423336,0.0393801535399488,0.0741692691779748,0.1834475577793656,-0.047202797202797,-0.0599835661462613,-0.2055555555555556,-0.2566601689408707,-0.2191126279863482,-0.1443530291697831,-0.092063492063492,-0.0576606260296541,-0.0766747376916869,-0.0622950819672131,-0.0736842105263158,0.0843601895734595,0.1697341513292434,0.1160975609756096,0.1150097465886939,0.0651769087523277,0.11284046692607,0.1793814432989691,0.16734693877551,0.3348891481913651,0.3849878934624697,0.2999999999999998,0.3717026378896881,0.4915254237288136,0.4088669950738917,0.3164556962025315,0.3458823529411763,0.5714285714285714,0.495424836601307,0.5013123359580052,0.7708978328173375,0.9357021996615904,0.9389830508474576,0.7049180327868851,0.76,0.7203007518796991,0.9589041095890412,0.881578947368421,0.9324324324324323,1.0070175438596491,0.9389830508474576,1.2256809338521402,1.1185185185185182,1.1666666666666663,1.3734439834024892,1.4288747346072186,1.6917647058823526,1.4549356223175964,1.5422222222222222
PPYV-L,18.0,0.1045852468427095,1.820546789216826e-07,0.019753241017025,0.4655211615292169,-0.7562359490418584,1.801322022066861,0.5255,-0.7143957849015552,0.127816702959323,0.6242465556831228,0.0146857978965991,1.0,0.4968765016818837,0.2044462287348824,-4.803009153502329e-08,-0.0283162004125539,2.968111242280482e-13,-0.15,0.047090269804822,4.84662460301692e-08,-0.1617029651010233,4.0,0.0074130990511429,0.8852212739933871,0.0767707178622518,-0.3085966127518654,0.2542474759937496,-0.0279375513557929,-0.0348684210526315,0.0030199950219861,1.6536866802719628,-0.0163934426229508,0.0,-0.0161290322580645,0.0,-0.0161290322580645,0.0,0.0,0.150943396226415,0.0517241379310344,0.0701754385964912,-0.1029411764705883,-0.0161290322580645,0.0892857142857141,0.0517241379310344,0.0338983050847458,-0.0161290322580645,0.1296296296296295,-0.4403669724770642,-0.4351851851851852,-0.4245283018867924,-0.4454545454545455,-0.4649122807017544,-0.4601769911504424,-0.4504504504504505,-0.4649122807017544,-0.4958677685950413,-0.483050847457627,-0.4351851851851852,-0.4299065420560748,-0.4403669724770642,-0.2738095238095238,-0.2823529411764706,-0.2823529411764706,-0.2650602409638554,-0.2375,-0.2077922077922078,-0.2077922077922078,-0.2077922077922078,-0.2278481012658229,-0.2278481012658229,-0.2179487179487179,-0.5763888888888888,-0.5821917808219178,-0.6038961038961039,-0.5906040268456376,-0.5933333333333333,-0.6064516129032258,-0.6013071895424837,-0.6234567901234569
PPZK-L,14.0,-0.1608752965989981,2.246649127153543e-07,0.0243765235544667,0.1262562532427187,-0.9770803613884924,-0.000908739161963,1.0974000000000002,0.0865934284729158,-0.8643124475552287,-0.0038333974869363,-0.0013028103480364,1.0,0.5141242937853108,-0.3345635978402023,-1.2063970456818733e-07,0.0336018807878666,2.3094626991336825e-13,0.0181818181818182,0.0129185341418402,1.4260776094709213e-07,0.4256055363321799,3.0,0.0121839365710386,-0.2794470124978599,-0.1583909302030107,-0.5657758908559491,-0.6016363451740381,0.1413519607301055,0.201018723188621,-0.516415744603664,1.6536866802719628,0.0,0.0,0.24,0.1923076923076923,0.1923076923076923,0.0,0.0333333333333334,0.0,0.5499999999999998,0.24,0.0333333333333334,-0.1388888888888888,-0.1842105263157895,-0.1388888888888888,-0.1842105263157895,-0.1142857142857142,-0.1388888888888888,-0.3111111111111111,-0.4038461538461538,-0.3111111111111111,-0.1842105263157895,-0.1142857142857142,-0.2051282051282051,-0.2250000000000001,-0.2250000000000001,-0.2619047619047618,-0.2051282051282051,-0.4038461538461538,-0.4259259259259259,-0.1388888888888888,-0.1842105263157895,-0.088235294117647,-0.03125,0.5499999999999998,0.4090909090909091,0.2916666666666667,0.4090909090909091,0.3478260869565217,0.24,0.1071428571428569,0.1071428571428569,0.1071428571428569,0.1071428571428569,0.0333333333333334,-0.03125,0.0,0.0333333333333334,0.0,0.1923076923076923
PPZT-L,16.0,0.0708460286829909,6.773518289465422e-07,0.0734938207013048,0.0020542219218177,0.1350470996570854,0.000467598344459,5.9438999999999975,0.0716186250527876,-0.2094151307598006,0.0021280222968861,-0.0008319726386139,1.0,0.2996555683122847,0.0189851474004856,2.8923642046841762e-08,-0.0075765156586497,1.978470710066588e-11,0.0150375939849624,-3.1069975664103854e-05,2.314448163142032e-07,0.1726740786205162,2.0,0.2358090353091725,-0.4687266011081715,0.4104183939464171,-0.4104183939464171,-0.4104183939464171,0.0239464144018539,0.0321319106253714,-0.4104183939464171,0.037294847778621,0.019455252918288,0.0239043824701195,-0.1122625215889465,-0.1419031719532555,-0.0821428571428571,-0.0115384615384616,-0.0246679316888045,-0.0551470588235295,-0.0338345864661655,0.0,-0.042830540037244,0.0342052313883298,0.0404858299595141,-0.0516605166051661,-0.0338345864661655,-0.0356472795497186,0.0259481037924151,0.1524663677130044,0.0342052313883298,0.200934579439252,0.2947103274559193,0.4397759103641456,0.5389221556886228,0.6634304207119741,0.7306397306397303,0.5575757575757576,0.6317460317460317,0.6634304207119741,0.7019867549668872,0.822695035460993,0.8966789667896677,1.0979591836734692,1.0642570281124497,1.1596638655462184,1.2347826086956522,1.0642570281124497,1.0979591836734692,1.0236220472440944,1.0236220472440944,1.089430894308943,1.1065573770491803,1.0642570281124497,0.9693486590038314,0.9693486590038314,0.9543726235741444,1.2445414847161569,1.379629629629629,1.5445544554455446,1.5829145728643217
PQAF-L,14.0,-0.1606840022611644,1.1237656725465257e-07,0.0121930478842677,0.0707189762586294,-0.7488562484950639,1.2462426063633507,-0.636,1.566657423029726,-0.2919244849185343,-0.0515446608462055,0.0768729279080384,1.0,2.4764890282131664,-0.0027045300878973,-5.955323168636392e-08,-0.0802151363810987,3.5417121821591415e-13,0.3289473684210527,0.070944036178632,3.844929329345627e-08,-0.4262978400909435,4.0,0.0110708210001996,-0.4117603258401029,-0.1651673790500725,-0.0608971412813677,-0.5108376608715286,-0.117840925736048,-0.1501493094438223,0.0813953488372092,1.6536866802719628,-0.1428571428571429,0.1666666666666667,0.0499999999999998,-0.0344827586206897,-0.0967741935483872,-0.0666666666666667,0.0769230769230768,0.1666666666666667,0.1666666666666667,0.1666666666666667,0.1666666666666667,0.1506849315068492,0.2727272727272727,0.2727272727272727,0.5272727272727271,0.3548387096774192,0.3333333333333332,0.1999999999999999,0.0499999999999998,0.0,0.1666666666666667,0.1830985915492957,-0.16,-0.1063829787234041,0.024390243902439,0.1351351351351351,-0.0232558139534884,2.818181818181818,4.25,6.0,6.0,6.0,8.333333333333334,7.399999999999999,7.399999999999999,7.399999999999999,7.399999999999999,6.0,6.0,5.461538461538461,6.0,7.399999999999999,8.333333333333334,6.0,4.6,3.9411764705882346,3.9411764705882346,4.25,4.6
PQBC-L,17.0,0.2527091298254049,2.361653035632479e-07,0.0256243354401813,0.4583823353356666,0.211456762846488,1.0902168163840722,2.126,1.9403342305968163,0.10884888653862,-0.0126273514320592,-0.0005422823955525,1.0,1.0399818779023673,0.4139503905382767,6.840412261640624e-08,0.0190283275954314,3.883050953464866e-11,0.4074074074074075,-0.0790711932962889,4.0209095047651414e-07,0.1740733874817695,3.0,0.050041348979903,0.0050003170511087,0.0463124770727446,0.5108897384900489,-0.1337086033450441,0.0436405483070319,0.1242478562879487,0.1890411477197291,-0.5480324449742353,0.0467479674796749,-0.0610687022900764,0.2178217821782178,0.2238805970149255,0.28125,0.9294117647058824,0.6026058631921825,0.629139072847682,0.4819277108433735,0.4097421203438394,0.2118226600985222,0.3190348525469169,0.3666666666666667,0.1770334928229666,0.4730538922155689,0.55205047318612,0.885057471264368,0.921875,0.968,1.0,0.8923076923076922,0.7083333333333335,0.5819935691318328,0.5185185185185184,0.4730538922155689,0.090909090909091,0.0957683741648105,0.0672451193058567,0.0626349892008639,0.0490405117270786,0.1207289293849658,0.0982142857142855,0.0813186813186812,0.2519083969465647,0.4178674351585014,0.0603448275862068,0.1131221719457014,0.1156462585034012,0.2713178294573644,0.2947368421052632,0.1081081081081078,-0.1758793969849246,-0.2754050073637702,-0.3692307692307692,-0.5055276381909548,-0.5340909090909092,-0.5725456125108601,-0.5579514824797844,-0.5798462852263023
PQBL-L,15.0,0.317841813940905,2.71735762488126e-07,0.0294837904807825,0.1410515335789427,0.177908567936335,5.390292272517234,1.6965000000000003,0.1877802365523975,0.0019049245167032,0.0027392407032157,-0.0004790155486661,1.0,0.8533622559652928,0.2597856390558207,9.159866679774029e-08,-0.0263568826006717,1.2858695002855336e-08,0.0394277739009071,0.0126349963074808,6.916752385792368e-07,0.3421411568242049,5.0,0.1051943978575733,0.0022252400316618,-0.0127418345642737,0.1288632876638583,0.0265313098699565,0.0364684156248179,0.1378756476683937,0.1288632876638583,0.6139562710019973,0.0,-0.0466666666666667,-0.2453825857519789,-0.180515759312321,-0.1637426900584795,-0.2142857142857143,-0.10625,-0.1280487804878048,-0.1145510835913312,-0.192090395480226,-0.1966292134831461,-0.2228260869565218,-0.1710144927536232,-0.2164383561643835,-0.175792507204611,-0.1145510835913312,-0.117283950617284,-0.0529801324503311,-0.0714285714285715,-0.12,-0.092063492063492,-0.089171974522293,-0.10625,-0.0774193548387097,0.0214285714285713,0.1721311475409837,0.1578947368421051,0.1439999999999999,0.1085271317829457,0.1439999999999999,-0.1538461538461538,-0.1588235294117647,-0.0833333333333333,-0.0529801324503311,-0.0714285714285715,-0.1226993865030674,-0.1306990881458967,-0.2055555555555556,-0.1851851851851851,-0.1966292134831461,-0.2666666666666667,-0.2311827956989248,-0.2473684210526315,-0.2311827956989248,-0.1898016997167139,-0.1462686567164179,-0.1462686567164179,-0.0305084745762712,-0.0337837837837837
PQCO-L,15.0,0.0956657643739336,3.190846206450985e-07,0.034621221787659,0.0849299540702562,0.2201443478090522,1.1680530074138595,406.1004,0.2547199360933264,0.4442953316373133,-0.0142379549071396,0.0783031382850309,1.0,0.1252873118684083,0.1814079900632439,5.3401689067778194e-08,-0.0089494974839504,2.1428494542235053e-08,0.0534829449186407,0.0672270712897246,3.408619180317369e-07,0.0272719172519838,4.0,1.1649210977545692,-0.2372214099658328,-0.0108524320644252,-0.013536905743849,0.0958674937303106,0.0257587431609693,0.053458947605095,0.1349868529009887,0.0469133199378256,-0.0305084745762711,-0.0664556962025317,-0.0580095795635976,-0.1220238095238095,0.0637019230769229,0.2377622377622377,0.271551724137931,0.3409090909090908,0.4652317880794701,1.029816513761468,0.8534031413612564,0.5608465608465607,0.7455621301775146,0.5458515283842795,0.4774624373956593,0.4425427872860636,0.2377622377622377,0.2386284114765571,0.0369068541300525,-0.0862157976251937,-0.0895061728395062,-0.1850828729281768,-0.0585106382978724,-0.0649762282091918,0.0586124401913876,0.0207612456747403,-0.1436865021770683,-0.1482194417709337,-0.3385650224215247,-0.3003952569169961,-0.2331022530329288,-0.1969147005444645,-0.1136705057586379,-0.0247933884297519,-0.1276490882207984,-0.2307692307692308,-0.1947224749772521,-0.1374269005847953,-0.225382932166302,-0.2044943820224719,-0.2591042277103391,-0.1037974683544303,-0.155937052932761,-0.1285081240768094,-0.1694040356640075,-0.2848484848484849,-0.2490453966907085,-0.1056088933804951,-0.0969387755102041
PQET-L,16.0,0.08400509994242,4.500787683165975e-07,0.04883430868057,0.1668018838056039,0.4394860863953693,0.962129443825547,0.7605,0.4527860608530986,0.0097469613459987,0.0029063021449172,0.0378677343829527,1.0,0.1848571255232663,0.0875404642192989,4.6689615104660334e-08,0.0807965186844409,2.863093347631766e-11,0.0950704225352113,0.0765299827260014,1.5093458479987634e-07,0.0735979887271399,2.0,0.0493180530592077,-0.312931106481357,-0.1714054576665812,0.1714054576665812,0.1714054576665812,0.021237645362624,0.0283597213426219,0.1714054576665812,0.3202377380844118,0.0390625,-0.0656934306569342,-0.2380952380952381,-0.2307692307692307,-0.1741935483870967,-0.1949685534591194,-0.1979949874686717,-0.2289156626506024,-0.1351351351351351,-0.1374663072776279,-0.1773778920308483,-0.1601049868766404,-0.189873417721519,-0.2019950124688279,-0.2307692307692307,-0.2408066429418741,-0.214723926380368,-0.1847133757961783,-0.219512195121951,-0.2426035502958579,-0.2059553349875931,-0.1666666666666666,-0.1688311688311687,-0.1815856777493606,-0.1409395973154362,-0.0830945558739255,-0.1208791208791209,-0.0168970814132103,-0.0303030303030301,-0.044776119402985,-0.0138674884437596,0.019108280254777,0.1188811188811189,0.1130434782608695,0.024,-0.0062111801242236,-0.0031152647975076,-0.0092879256965943,0.0491803278688525,0.0756302521008402,0.1347517730496454,0.2427184466019416,0.2403100775193798,0.2549019607843139,0.2549019607843139,0.25,0.2723658051689861,0.4222222222222223,0.4611872146118723
PQFH-L,14.0,-0.0515229689575253,9.112723121627232e-07,0.0988745893316784,0.0696681927347979,0.572099283373546,1.957399996370038,2.8917,0.2927887504228716,0.0698637520929524,0.0069853666581263,-0.0694432065302276,1.0,0.1331934645983519,-0.0019798964361864,1.4533001245330012e-07,-0.1847549681585932,3.3778157495290827e-11,0.0614761641818516,-0.072931115214376,4.256787048567872e-07,-0.1426349848669799,3.0,0.0135459388628691,0.2344134863745772,0.3554080146014559,0.2332856347474773,-0.1186608584914636,0.0520007906132643,0.0742881467965268,0.3247371956718689,0.3231797848163601,-0.1851851851851852,0.0384615384615385,-0.0357142857142857,0.1250000000000002,0.0384615384615385,-0.0999999999999998,0.2272727272727273,0.4210526315789473,0.4210526315789473,0.3500000000000001,0.2272727272727273,0.1739130434782609,0.2857142857142858,0.5000000000000002,0.6875,0.9285714285714286,0.9285714285714286,0.5000000000000002,0.9285714285714286,0.6875,0.588235294117647,0.5000000000000002,0.5000000000000002,0.5000000000000002,0.5000000000000002,0.5000000000000002,0.5000000000000002,0.1250000000000002,0.1250000000000002,0.4210526315789473,0.8000000000000003,0.9285714285714286,0.9285714285714286,0.9285714285714286,0.6875,0.9285714285714286,1.076923076923077,0.6875,0.5000000000000002,0.5000000000000002,0.2857142857142858,0.1739130434782609,0.1250000000000002,0.0,-0.0357142857142857,-0.0357142857142857,0.1250000000000002,-0.0999999999999998,-0.2285714285714284
PQGJ-L,16.0,0.1889991853483388,2.0139159683366204e-06,0.2185132936226374,0.0334054113994233,0.1493091222373173,1.2429190221678972,-0.7555,-0.377416641080067,-0.0021055210448128,0.0067745522650122,0.014697817264451,1.0,0.388382687927107,0.0945672054970587,1.428896209130535e-07,0.0275120606478289,7.350471703363549e-12,-0.0792452830188679,-0.041124822737833,1.570330557010738e-06,0.3369211708223634,3.0,0.0030911338893322,0.0233663154897494,-0.0219207838198711,0.4284456373562663,0.1355077508267248,-0.0047010537346451,-0.008326888373292,0.1241451474270338,-0.418947994110911,0.2222222222222223,-0.7,-0.75,-0.7662337662337663,-0.7692307692307693,-0.8125,-0.797752808988764,-0.7954545454545454,-0.8085106382978724,-0.8235294117647058,-0.8125,-0.8363636363636364,-0.8333333333333334,-0.8392857142857143,-0.7804878048780488,-0.7954545454545454,-0.7906976744186047,-0.8163265306122449,-0.8461538461538461,-0.7721518987341772,-0.7721518987341772,-0.7692307692307693,-0.8200000000000001,-0.8269230769230769,-0.8200000000000001,-0.8875,-0.9042553191489362,-0.9217391304347826,-0.9134615384615384,-0.9234042553191488,-0.9320754716981132,-0.9345454545454546,-0.9361702127659576,-0.9234042553191488,-0.9333333333333332,-0.949438202247191,-0.9423076923076924,-0.928,-0.912621359223301,-0.8953488372093024,-0.9016393442622952,-0.8983050847457628,-0.880794701986755,-0.8448275862068966,-0.8407079646017699,-0.8333333333333334,-0.8,-0.7954545454545454,-0.75
PQGL-L,14.0,-0.0011606239684821,1.502660511519434e-06,0.1630412106221036,0.0952402789585266,0.0998032156431459,1.3524111637322431,-2.422,0.097196705428783,-0.008431756661313,-0.0022728513705362,-0.0007736483470705,1.0,0.2454580954683228,-0.0129951123294029,1.3568613938087849e-08,-0.0719329927569812,7.171194803549044e-10,0.0204081632653061,-0.0623613551260891,1.6045079188252604e-06,0.0105202408599756,4.0,0.025465881423256,0.24914821661833,0.4065301886490131,-0.3223005676657249,-0.253620729629363,-0.0086224051055724,-0.0178280163989831,-0.133430358038662,-0.9324693811460292,-0.1242236024844721,-0.0473372781065087,-0.0529411764705881,-0.0666666666666666,-0.0852272727272727,-0.0747126436781608,-0.0852272727272727,-0.0720461095100865,-0.0301204819277107,-0.0584795321637425,-0.0799999999999999,-0.0301204819277107,-0.003095975232198,-0.0878186968838525,-0.0501474926253686,-0.0747126436781608,-0.0416666666666665,-0.0720461095100865,-0.0388059701492536,-0.0271903323262839,-0.0242424242424241,0.1541218637992831,0.2828685258964145,0.1838235294117647,0.4907407407407407,0.3879310344827589,0.6597938144329898,0.7405405405405405,0.6345177664974619,0.7790055248618786,0.8295454545454546,0.6947368421052633,0.8400000000000001,0.6512820512820514,0.3142857142857143,0.2480620155038759,0.0878378378378379,0.0841750841750841,-0.0666666666666666,-0.0330330330330329,0.0805369127516779,-0.0747126436781608,-0.1413333333333333,-0.2333333333333332,-0.2387706855791962,-0.3090128755364807,-0.437062937062937,-0.5007751937984496,-0.4864433811802232
PQGX-L,17.0,0.1417214286093744,7.704415541240908e-07,0.0835942135532335,0.0926522626229256,0.1634991186514578,1.0997165442953594,-0.1324999999999998,0.1879508706126691,0.1162371532407177,-0.0119387232897185,0.0042725209260638,1.0,0.2570898260456684,0.138629726563907,4.2900412702272766e-08,0.055033355615885,4.099680626401348e-11,0.0394636015325669,0.0441265270923311,3.133725456205907e-07,0.1493943887318386,4.0,0.0334509555780075,-0.7816296771581298,-0.0067713849699405,0.082011268848623,0.2810506398938894,0.0172863026129816,0.0239758782239369,0.3312526586225571,-0.0168796434391617,0.0841423948220065,-0.0664652567975832,0.7657142857142856,0.7359550561797752,0.7657142857142856,0.7758620689655171,0.7965116279069766,1.176056338028169,1.2720588235294117,1.596638655462185,1.641025641025641,1.553719008264463,1.7345132743362832,1.596638655462185,1.6869565217391305,1.596638655462185,1.4919354838709675,1.5327868852459017,1.5750000000000002,1.641025641025641,1.6186440677966103,1.596638655462185,1.6186440677966103,1.6186440677966103,1.6637931034482758,1.472,1.553719008264463,1.641025641025641,1.641025641025641,1.6869565217391305,1.8348623853211008,1.710526315789474,1.9711538461538456,2.0594059405940595,2.0594059405940595,1.596638655462185,1.5327868852459017,1.4919354838709675,1.5327868852459017,1.5121951219512195,1.472,1.4919354838709675,1.305970149253731,1.0878378378378375,1.2071428571428573,1.1020408163265305,0.993548387096774,1.472,1.2554744525547443
PQHC-L,12.0,0.533784738961646,3.8788572154900425e-07,0.0420862577671855,0.4334640066205253,-3.160652731039113,1.0393799469713714,-2.0073,0.3256961351195426,0.7900205094130787,-0.0147393781042826,-0.0108209355028778,1.0,0.4529980064407299,0.5995367658324245,-2.2059370863840645e-07,-0.0643044957354458,2.408079685652631e-12,0.0683856502242151,0.1455058195803232,7.44953975737402e-08,0.2633988139362491,4.0,0.0257291405315804,-0.5014185189314617,7.907974813032847,-3.665689617825496,0.9716671911678992,-0.1951281465837091,-0.2593890969242384,1.1493127941378407,1.6536866802719628,-0.2,-0.1666666666666666,-0.375,-0.5,-0.5454545454545454,-0.5833333333333333,-0.375,0.0,0.0,0.0,-0.1666666666666666,-0.1666666666666666,-0.1666666666666666,0.0,0.6666666666666667,0.6666666666666667,0.25,0.25,0.25,0.25,0.25,0.25,0.25,0.25,0.25,0.25,-0.1666666666666666,0.25,0.25,0.6666666666666667,0.6666666666666667,0.25,0.0,0.25,0.0,0.0,0.0,0.0,0.0,0.0,0.0,0.0,0.25,0.0,-0.1666666666666666,0.0,-0.1666666666666666,-0.1666666666666666,-0.1666666666666666
PQIZ-L,17.0,-0.0119585570750682,5.752342514860332e-07,0.0624138905858041,0.0574936595205963,0.099883490179356,1.55619147794393,8.644699999999998,0.3083081829114052,0.0011557444606291,-0.0047215772108116,0.0054452031359267,1.0,0.8466552825092276,-0.0264861599555615,1.4247899253963937e-08,-0.071909542539919,3.895793926430834e-07,0.0647347428611768,0.0131333863276529,1.200336175247144e-06,-0.0416067451433958,3.0,1.1297534068337742,0.0885102000421051,0.0084288439618808,-0.0023159280295635,-0.0164759156094462,-0.001659611812914,-0.0052166521834899,0.089777042475905,2.2755471854446405,-0.1187381852551984,-0.0294690975805526,-0.0093632958801497,-0.1164926931106471,-0.1594001390406196,-0.1173219313797059,-0.1883390870732643,-0.1882612448451136,-0.0964022632646525,-0.1824591905727808,-0.2319419237749546,-0.228933224013847,-0.2018106374952848,-0.232429491248753,-0.2910035181772491,-0.2877818916189835,-0.3137668234149505,-0.3304327189304643,-0.3573272589217918,-0.3268114212996102,-0.3027432243183129,-0.2707848711984146,-0.2605276952647213,-0.1470321475360274,-0.1268826077986383,-0.1523284927391086,-0.1263418662262592,-0.0438319023949389,-0.0433996383363471,-0.0234221760701511,-0.0988074957410561,-0.0810986863532732,-0.0299140401146131,0.1085789129011134,0.1244851866613525,0.0480435859336305,0.091706436218238,0.0566791510611737,0.0873586844809866,-0.0018867924528301,-0.0236474795247433,-0.0602864438769844,-0.0985195441474064,-0.1334084160950138,-0.1654506014592782,-0.0536672629695885,-0.1011045029736618,-0.1383487732871832,-0.1516487922221108
PQKB-L^B20,16.0,0.2019625741670472,7.774377969406965e-08,0.0084353317748679,0.6620595382746052,-0.0247125819275813,1.1011830565459817,0.0494999999999999,0.3484857487324653,0.103764678139222,-0.0279503750961118,0.2630608423020499,1.0,0.3225806451612903,13.545454545454533,-5.7093088212832376e-08,0.0339931599129443,9.045718823435712e-14,0.0731707317073169,0.0905979005020539,1.2018702442080075e-06,0.1346330275229357,3.0,0.0011572485432992,-0.7073495177918192,-0.0350352241995258,1.0940983606557375,0.2589514618526911,-0.0089667738039183,-0.1186027619821283,0.0940983606557378,1.6536866802719628,-0.1,0.0,0.0,0.0,0.0,0.0,-0.0909090909090908,0.0,0.0,0.0,-0.1666666666666666,-0.1666666666666666,-0.1666666666666666,-0.1666666666666666,-0.2857142857142857,-0.375,-0.4117647058823529,-0.2307692307692307,-0.2307692307692307,-0.1666666666666666,-0.3333333333333332,-0.375,-0.4736842105263158,-0.5238095238095237,-0.5454545454545454,-0.5454545454545454,-0.5833333333333333,-0.5833333333333333,-0.5833333333333333,-0.5833333333333333,-0.5833333333333333,-0.5833333333333333,-0.5833333333333333,-0.5833333333333333,-0.5833333333333333,-0.6296296296296297,-0.6296296296296297,-0.6666666666666666,-0.6666666666666666,-0.6428571428571428,-0.6428571428571428,-0.6666666666666666,-0.6875,-0.5833333333333333,-0.5833333333333333,-0.5833333333333333,-0.696969696969697,-0.7058823529411764,-0.7058823529411764
PQKD-L,15.0,-0.0155819811376018,7.741839006009934e-07,0.0840002644845544,0.2715858375483487,-1.6957347608357796,0.6942376189309665,1.2795,-1.0930645889204116,5.528967887396698,-0.0061821095943916,-0.0018293415571932,1.0,6.465753424657534,0.0111707841031149,-2.950681788141453e-07,-0.053312079348211,1.6194725725353554e-13,-0.2295081967213114,-0.0449885771190908,1.471503143695961e-07,-0.136144190537496,4.0,0.0051281843944284,0.0974591702383954,1.7021101845917537,3.530178940228088,3.812980358667805,-0.0733141010346398,-0.0922841697155026,2.8129803586678044,1.6536866802719628,0.0,0.0,-0.3333333333333332,0.1111111111111111,0.1111111111111111,0.0,-0.0909090909090908,-0.1666666666666666,-0.0909090909090908,-0.1666666666666666,-0.2857142857142857,-0.5454545454545454,-0.5652173913043479,-0.6296296296296297,9.0,9.0,9.0,9.0,9.0,9.0,9.0,9.0,9.0,9.0,9.0,9.0,9.0,9.0,9.0,9.0,9.0,9.0,9.0,9.0,9.0,9.0,9.0,9.0,9.0,9.0,9.0,9.0,9.0,9.0,9.0,9.0,9.0,9.0,9.0
PQKG-L,17.0,0.1126481165426613,1.932011508675673e-07,0.0209626521024236,0.1021791942810512,0.3367816134300286,1.0419446904280834,20.7209,0.3901342240588208,0.0254262266400754,-0.0018096745746993,0.062403121424768,1.0,0.2664979146570156,0.2214907930321847,4.066343511471919e-08,0.0080232333846819,3.244637820843471e-08,0.081915563957152,0.0338149059300013,1.609747200425102e-07,0.0106538181994201,4.0,2.4067821707564745,0.1394898395270647,0.0047111689224964,-0.0204153002538149,0.0537258134371345,0.028385656364759,0.0520719780009012,0.1796409624364165,0.4613250323642172,-0.0271402723550139,-0.0228901088675909,-0.1829922975180891,-0.240543863455558,-0.1659915812882216,-0.0844014299415816,-0.1162262245413229,-0.1202982323866967,-0.0530255207863648,-0.0139906103286384,0.054952782800884,0.1755289376469271,0.176055549333632,0.1398024530554651,0.0528373771806698,0.0089354342813221,0.0987757664539081,0.0159636222910217,0.0338682681894262,0.1643197693757623,0.3273922386550374,0.4146571467061835,0.7058154645873944,0.7993488690884167,0.9967674462825632,0.8638622648207313,0.9082318735235326,1.132182741116751,1.098940635618629,1.2524667524667523,1.3763294863091198,1.5321919459850497,1.6134892981582878,1.748233446741691,1.6031234506693108,1.3013368397983784,1.4212589347475215,1.508000955337951,1.5549878345498782,1.439256678281069,1.4990480723465014,1.9169444444444448,1.937342657342657,1.7707124010554094,2.2642213242151072,2.135562854583457,2.100383820490109,2.093078055964654,2.089438070020594
PQLB-L,14.0,0.0709578615184705,7.764960660565939e-07,0.0842511383527034,0.2370318227055368,-0.0641589779985805,-0.1263392882320094,0.1274999999999999,-2.311280480563854,-10.539012838314576,-0.0088102907609275,-0.7363435471135295,1.0,1.115884115884116,-0.0090338831165686,-8.908183923329876e-08,-0.1816918767506996,8.214571435919551e-16,-0.4852941176470588,-0.6642379803229999,9.94057677682188e-08,1.8987271721084675,2.0,0.0148148147621597,1.991008991008992,-0.0383608527014234,-0.2065765461242072,-0.6020978468574658,-0.0253174156086146,-0.0285585101182911,-0.9330385344283008,1.6536866802719628,0.0416666666666667,-0.0769230769230769,0.0,-0.04,0.1162790697674418,-0.04,-0.1999999999999999,-0.2258064516129032,-0.04,-0.2615384615384616,-0.3142857142857143,-0.1999999999999999,-0.2258064516129032,-0.25,-0.368421052631579,-0.2727272727272728,-0.2941176470588236,-0.2727272727272728,-0.323943661971831,-0.3043478260869565,-0.3333333333333333,-0.4545454545454546,-0.4216867469879518,-0.36,-0.2615384615384616,-0.1864406779661016,-0.2380952380952381,-0.4,-0.2615384615384616,-0.25,-0.3513513513513513,-0.2258064516129032,-0.0588235294117647,0.1428571428571428,-0.1578947368421052,-0.7176470588235294,-0.7333333333333334,-0.7225433526011561,-0.7,-0.7473684210526316,-0.7957446808510639,-0.7876106194690266,-0.7767441860465116,-0.7931034482758621,-0.7948717948717949,-0.7681159420289855,-0.7419354838709677,-0.7433155080213905,-0.7903930131004366
PQLD-L,15.0,0.0375378975787295,1.4707755746711002e-05,1.595816409691385,0.1498216601512426,0.0261068120788027,1.3033177435493202,102.0733,0.5638014501819122,0.1605581728841131,-0.0066793878410459,-0.018358674550655,1.0,0.2692620412930639,0.2267402710702535,-7.383413706733548e-07,-0.0466527700022625,6.0773111430475514e-09,0.1183800623052959,-0.0437627599436548,1.2365706905593736e-05,-0.1232887463740955,4.0,0.011098723011102,0.2050516174942776,0.0227718709882034,-0.0027231188395373,0.0030060953586681,-0.0050154391986999,-0.009232224744843,-0.0692519678684607,1.6536866802719628,-0.16,-0.5,-0.5901639344262295,-0.7678018575851393,-0.8046875,-0.8067010309278351,-0.804177545691906,-0.7956403269754768,-0.7916666666666667,-0.8120300751879699,-0.8110831234256927,-0.8188405797101449,-0.822695035460993,-0.8407643312101911,-0.8496993987975952,-0.8546511627906976,-0.8704663212435233,-0.8695652173913043,-0.8700173310225303,-0.8658318425760286,-0.8677248677248677,-0.8646209386281588,-0.8623853211009174,-0.89067055393586,-0.8837209302325582,-0.9128919860627178,-0.9002659574468085,-0.8962655601659751,-0.8758278145695364,-0.8688811188811189,-0.8600746268656716,-0.8756218905472637,-0.8796147672552167,-0.8909883720930233,-0.888558692421991,-0.9051833122629582,-0.9017038007863696,-0.9076354679802956,-0.9042145593869731,-0.9013157894736842,-0.9075215782983972,-0.9192680301399354,-0.9204665959703076,-0.9229188078108942,-0.928639391056137,-0.9261811023622047,-0.9232343909928352,-0.9106078665077472,-0.9084249084249084
PQLL-L,19.0,0.0913825170489771,1.781622490254889e-07,0.0193309057805081,0.0186305051615661,0.1385124962360734,1.2756675981343428,-1.8500000000000008,0.0254850094499702,0.0042355912510516,-0.0003815337657382,0.1188992731048804,1.0,0.1287033474413236,0.1119952844090775,5.5294989029644174e-08,0.016896899270764,1.8365184885064613e-08,0.0053510273972603,0.0427154370737755,6.531041787096571e-07,0.0858914972128443,4.0,0.595406311971148,0.001845955799578,0.015808065825353,-0.0091467104969772,-0.0141968599465614,0.009912519881845,0.0462496686986482,-0.0241433021806853,0.4053015177096954,-0.0686845168800931,0.079145728643216,0.0845959595959595,0.039951573849879,0.0724094881398251,0.1055341055341054,0.0618046971569838,0.1897506925207757,0.2595307917888563,0.2725925925925925,0.1783264746227708,0.0539877300613496,0.0670807453416149,0.1214099216710182,0.1453333333333333,0.1214099216710182,0.1963788300835653,0.2431259044862517,0.1930555555555555,0.2917293233082705,0.3338509316770186,0.3463949843260188,0.3591772151898733,0.5149911816578483,0.584870848708487,0.5339285714285715,0.4035947712418299,0.3174846625766871,0.3810289389067525,0.3877221324717284,0.2688330871491877,0.2201704545454545,0.2064606741573034,0.2219061166429587,0.1799450549450549,0.1799450549450549,0.1980474198047419,0.2341954022988506,0.2688330871491877,0.3154670750382848,0.2449275362318839,0.1767123287671232,0.1561238223418573,0.1864640883977899,0.162381596752368,0.1243455497382199,0.2047685834502104,0.2744807121661721,0.3054711246200607
PQMG-L,13.0,0.0482087412568955,6.853684934257856e-07,0.0743636423754802,0.0540616269344181,0.0223740510327724,0.2398300166740095,-7.0718,0.6379661739616015,0.1815794018538326,-0.001421572747175,-0.0033186731474032,1.0,1.0,0.0234421177840649,2.40829413727804e-08,0.0015575332075163,9.867519940991559e-10,0.13395225464191,-0.0003846141448403,1.1509720539161729e-06,0.0635914455147433,2.0,0.3434979637655695,0.4444193912063134,0.0104416046954285,-0.0104416046954285,-0.0104416046954285,-0.0049741696753337,-0.0128682694776051,-0.0104416046954285,-0.1763940702108041,-0.0517241379310344,0.0459016393442623,0.0493421052631579,0.0476190476190476,0.0924657534246575,0.1392857142857142,0.0528052805280527,0.0633333333333332,0.1,0.1352313167259786,-0.0333333333333333,-0.0645161290322581,-0.0713245997088791,-0.1605263157894736,-0.050595238095238,-0.0753623188405797,-0.1212121212121212,-0.09375,-0.0846484935437589,-0.0645161290322581,-0.039156626506024,-0.0780346820809249,-0.0534124629080119,-0.0806916426512969,-0.0108527131782946,-0.0885714285714286,-0.0806916426512969,-0.0123839009287926,0.0668896321070233,0.070469798657718,0.1474820143884891,0.1599999999999999,0.1642335766423357,0.151624548736462,0.0159235668789807,0.0159235668789807,-0.0686131386861313,-0.0975954738330976,-0.0672514619883041,-0.0274390243902438,-0.0154320987654321,0.0159235668789807,-0.0199692780337941,0.0126984126984126,0.0094936708860757,-0.0534124629080119,0.0493421052631579,0.1392857142857142,0.2388349514563106
PQOX-L^B20,17.0,-0.5584893048128342,-2.236019652255205e-06,-0.2426119195145888,0.5988794669897033,-0.3086049170954831,0.6435638597628698,0.3019999999999999,-1.814338501337282,-0.1876301924630639,-0.0165567990188563,-0.0555237095378847,1.0,1.0,0.515852390852391,-8.406636546195207e-07,-0.0287502898214699,9.990650421443151e-15,-0.3809523809523809,-0.0300802139037433,2.742027871178035e-06,0.045913145196666,2.0,0.0007334300092424,-0.4385964912280701,-0.0584877109317681,-0.2626329787234042,0.012525554499645,-0.268910411622276,0.1134422880490296,-0.2626329787234042,1.6536866802719628,0.0,-0.3333333333333332,-0.3333333333333332,-0.3333333333333332,-0.3333333333333332,-0.5,-0.5,-0.5,-0.6000000000000001,-0.5,-0.3333333333333332,-0.3333333333333332,-0.3333333333333332,0.0,-0.3333333333333332,-0.3333333333333332,-0.3333333333333332,-0.3333333333333332,-0.5,-0.5,0.0,-0.3333333333333332,-0.3333333333333332,-0.5,-0.5,-0.5,-0.6666666666666666,-0.7142857142857143,-0.6666666666666666,-0.5,-0.7142857142857143,-0.75,-0.7142857142857143,-0.6666666666666666,-0.6666666666666666,-0.7777777777777778,-0.6666666666666666,-0.7142857142857143,-0.8947368421052632,-0.8947368421052632,-0.9,-0.9166666666666666,-0.9166666666666666,-0.9285714285714286,-0.9310344827586208,-0.92,-0.9166666666666666,-0.9230769230769232,-0.9411764705882352
PQQS-L,16.0,0.2878951557880373,1.251529423095507e-06,0.13579306217633,0.0629163582531458,0.0851474719101123,1.646429475173495,-10.500000000000002,0.2955143351625639,0.0355787014512733,0.0045245168851699,0.4980029169763209,1.0,0.0758190463726388,0.0295913028312307,1.4274926226159936e-08,0.1698331241689995,1.4528007019697452e-07,0.0620484487887802,0.1860927905390038,1.949940788903124e-06,0.5350764951321281,2.0,0.3978504123239797,-0.2463895145532984,0.0513463056259443,0.3298491501690185,0.1163484834921238,0.0032921586766066,0.0071483428841495,0.1475632258764789,-0.5239403343435921,-0.0626631853785901,-0.035264483627204,-0.0128865979381442,-0.0026041666666666,0.0698324022346368,0.1570996978851964,0.1606060606060606,0.2006269592476488,0.3927272727272728,0.5138339920948618,0.5258964143426297,0.4132841328413283,0.4237918215613383,0.3252595155709341,0.2236421725239616,0.2315112540192927,0.1968749999999999,0.1432835820895521,0.1005747126436782,0.1857585139318884,0.2197452229299363,0.0974212034383954,0.032345013477089,0.0132275132275132,0.3629893238434163,0.2354838709677418,0.2516339869281045,0.2682119205298012,0.1536144578313254,0.1820987654320986,0.2852348993288591,0.1968749999999999,0.4132841328413283,0.5506072874493926,0.5078740157480315,0.569672131147541,0.5138339920948618,0.467432950191571,0.5506072874493926,0.3678571428571429,0.2682119205298012,0.0819209039548023,-0.0154241645244216,-0.051980198019802,0.0819209039548023,-0.0448877805486284,0.0464480874316939,-0.1691973969631236,-0.3637873754152824
PQUE-L^A20,6.0,-0.0728718885943009,3.607311360054502e-07,0.0391399392427932,0.1058082070076073,0.4634758562008083,1.1705899270396798,0.0315,0.5788842455924207,0.0034481000565401,-0.0003557995323777,0.0660102312525011,1.0,0.9779501216545012,-0.0596879604095048,-1.4260553526550282e-08,-0.2380755205898452,5.351566074630347e-12,0.1215469613259669,0.0866946382146258,1.612572958230945e-07,-0.1010664081434803,4.0,0.0193999687722258,-0.2056436298876467,-0.0440180849286898,0.0034722472312056,0.0346670512645633,-0.0075092571014267,-0.0114470671824425,0.0475898942900289,1.6536866802719628,0.0,0.0,0.0,0.0,0.0,0.0,0.0,0.0,0.0909090909090908,0.0909090909090908,0.0909090909090908,0.0909090909090908,0.0909090909090908,0.1999999999999999,0.1999999999999999,0.1999999999999999,0.1999999999999999,0.3333333333333332,0.3333333333333332,0.3333333333333332,0.3333333333333332,0.3333333333333332,0.3333333333333332,0.3333333333333332,0.3333333333333332,0.3333333333333332,0.3333333333333332,0.5,0.3333333333333332,0.5,0.3333333333333332,0.3333333333333332,0.3333333333333332,0.5,0.5,0.5,0.5,0.5,0.5,0.5,0.714285714285714,0.5,0.5,0.5,0.3333333333333332,0.3333333333333332,0.3333333333333332,0.3333333333333332,0.3333333333333332
PRAL-L,14.0,0.1027809612232166,1.5795148364129596e-06,0.1713800350446038,0.0058670314925412,0.1720352615661798,1.2965354391502448,0.0569999999999999,0.4085254488439976,0.0074746683886888,0.0012995195715523,0.0057939640901566,1.0,0.0973785620119663,0.0786374455194585,1.2868779710336849e-07,0.0196204234534428,3.163815872412119e-11,0.0857771260997067,0.0723165972756155,1.8614239466344784e-06,0.1241320868186539,4.0,0.0062112900285894,0.0982600495699011,0.0584712558018436,-0.317740242950878,0.066444703766015,0.0109054593874833,0.0246657029273581,0.0777466929161054,0.4694073693209546,-0.0416666666666666,-0.0769230769230769,-0.142857142857143,-0.1272727272727274,-0.1111111111111111,-0.142857142857143,-0.1864406779661016,-0.1111111111111111,-0.0769230769230769,-0.1111111111111111,-0.1578947368421052,-0.0943396226415095,-0.142857142857143,-0.1724137931034483,-0.142857142857143,-0.1724137931034483,-0.1999999999999999,-0.1999999999999999,-0.2380952380952381,-0.1111111111111111,-0.0943396226415095,-0.0769230769230769,-0.0943396226415095,0.0,-0.0769230769230769,-0.1724137931034483,-0.25,-0.2615384615384616,-0.2131147540983606,-0.1999999999999999,-0.25,-0.3513513513513513,-0.3513513513513513,-0.3513513513513513,-0.3513513513513513,-0.3333333333333333,-0.2615384615384616,-0.2941176470588236,-0.2941176470588236,-0.2835820895522388,-0.3043478260869565,-0.2941176470588236,-0.2727272727272728,-0.2727272727272728,-0.2131147540983606,-0.1272727272727274,-0.142857142857143,-0.142857142857143,-0.1111111111111111
PREE-L,8.0,0.4772469161197024,3.0908586256478896e-07,0.0335363396006088,0.0580456512270764,-0.1508122216246295,0.4158893256621185,0.3325,0.6733230771927943,-0.0647723850028994,0.0018377044884388,0.5581962681233504,1.0,0.0455492823235302,0.0106545509810665,-7.265308044331593e-08,0.3271703597539367,2.0003394725431497e-11,0.1413760603204523,0.4849137635494386,4.4019703788095634e-07,0.6913872674806606,4.0,0.0344791251763389,-0.5421765072154857,-0.0894634298397306,-0.0311388475589553,-0.0118779710757872,-0.0082045896715157,-0.0278256544177081,0.1108290577627347,1.6536866802719628,-0.0877192982456139,0.1752577319587627,0.1399999999999999,0.1632653061224489,0.2527472527472525,0.4430379746835442,0.4615384615384614,0.4615384615384614,0.5405405405405403,0.4615384615384614,0.4615384615384614,0.4615384615384614,0.4430379746835442,0.4615384615384614,0.4430379746835442,0.4074074074074072,0.4249999999999998,0.4615384615384614,0.4805194805194803,0.4805194805194803,0.8387096774193548,0.8999999999999999,0.8387096774193548,0.7538461538461536,0.8387096774193548,0.6056338028169013,0.6056338028169013,0.5833333333333333,0.7272727272727271,0.7014925373134326,0.7538461538461536,0.7538461538461536,0.8387096774193548,0.8688524590163933,0.8387096774193548,0.6764705882352939,0.6764705882352939,0.6764705882352939,0.7014925373134326,0.6285714285714286,0.6764705882352939,0.6764705882352939,0.5616438356164382,0.4249999999999998,0.4615384615384614,0.4999999999999998,1.0,0.8999999999999999,0.8387096774193548
PRFZ-L,16.0,0.2953454626632437,1.201726875043619e-06,0.1303894013599325,0.7353942266264542,-0.2179037910162472,-0.4387744173947179,-1.324,-3.356428472166788,-0.1277560120030085,-0.0063901376989849,0.0901037287431746,1.0,0.0758825470141867,0.6112627139667576,-6.69167903219054e-08,0.0792890488231858,3.012054496904007e-12,-0.7047413793103449,0.0306953901105034,1.851158950702296e-07,-0.3806231943871234,1.0,0.0091173147440914,-0.4077885827266921,0.557831408298698,-0.7679269062523133,-0.557831408298698,-0.0193206989908934,-0.0285120464909802,-0.557831408298698,1.6536866802719628,-0.0095238095238094,-0.0454545454545454,0.129032258064516,0.2041284403669723,0.1351351351351351,0.1475409836065573,0.09375,0.0769230769230768,0.0714285714285714,0.1797752808988764,0.0294117647058824,0.2252042007001167,0.2727272727272727,0.2804878048780488,0.2727272727272727,0.5,0.4623955431754876,0.4285714285714286,0.4344262295081966,0.6613924050632911,0.6881028938906752,0.9736842105263156,1.0,1.0270270270270272,1.0192307692307692,1.0270270270270272,1.1,1.011494252873563,1.05078125,1.2826086956521745,1.0192307692307692,1.2925764192139737,1.3333333333333337,1.3863636363636362,1.5485436893203883,1.4881516587677726,1.82258064516129,1.74869109947644,1.5,1.6381909547738696,1.6785714285714288,1.9329608938547485,1.9329608938547485,2.181818181818182,2.088235294117647,2.4426229508196724,2.47682119205298,2.47682119205298,2.523489932885906
PRIF-L,16.0,-0.0415970545684198,1.065239762350761e-06,0.1155803184585275,0.0019254675801732,-0.0171003215108193,0.5440656001291426,-1.639,-1.378901163658841,-0.1028380372256091,0.002958420861682,-0.8351360507734727,1.0,0.1374022499349081,0.1129788324910277,-1.3103291473093772e-07,-0.1461182201790796,1.8755648264120083e-12,-0.2895246289524629,-0.0824080336467183,6.014350420265709e-07,-0.2308125258381522,3.0,0.0072190898384157,0.0717548685838388,-0.1553859483202851,0.1458312535582261,-0.2185915750188583,-0.0458960712790767,-0.0718092272686446,-0.0504252620001374,1.6536866802719628,0.0,0.0,0.0,0.0,0.0,0.0,0.0,0.0,0.0,0.0,0.0,0.0,0.0,0.0,0.0,0.0,-0.5,-0.5,-0.5,-0.5,0.0,-0.5,-0.5,-0.5,-0.5,-0.5,-0.5,-0.5,-0.5,-0.5,-0.5,-0.5,-0.5,-0.5,0.0,-0.5,-0.5,-0.5,-0.5,-0.5,-0.5,-0.5,-0.5,-0.6666666666666666,-0.6666666666666666,-0.6666666666666666,-0.6666666666666666,-0.6666666666666666,-0.6666666666666666
PRJP-L,15.0,0.0136465306320201,4.594061877438596e-07,0.0498463494866888,0.2366744887696949,0.2621616980808094,1.3268403312676214,-3.71,-0.1905055426404148,-0.0121296275173804,-0.000380863992155,-0.0100491186904936,1.0,1.2677677677677677,0.0262642055398687,2.5373708289956112e-08,-0.0110196814397766,8.408414981149372e-11,-0.04,0.0218667484920179,1.9625189693017929e-07,-0.0147108955028189,2.0,0.0538289468828944,-0.1630955976586646,-0.1086774112698464,0.1086774112698464,0.1086774112698464,-0.0034453640933315,-0.0049171754379981,0.1086774112698464,0.4520576186498902,-0.1641791044776119,-0.0472127417519908,-0.1728395061728395,-0.1927710843373493,-0.0936147186147186,-0.1475826972010178,-0.141905737704918,-0.1066666666666666,-0.0994623655913978,-0.1769041769041769,-0.2245370370370371,-0.0846994535519125,-0.0994623655913978,-0.1624999999999999,-0.1916023166023165,-0.2069128787878787,-0.1699702675916748,-0.3055555555555556,-0.3251410153102336,-0.2403628117913832,-0.1557459677419355,-0.159136546184739,-0.1748768472906404,-0.114225277630883,0.0035949670461352,-0.0610986547085201,-0.0911557243624525,-0.1699702675916748,-0.0821917808219178,0.0730301089045484,-0.0439497716894976,-0.0428571428571428,-0.0886833514689879,-0.0563380281690141,-0.051528878822197,-0.1789215686274509,-0.1179568193786202,-0.0356937248128959,-0.0284222737819024,-0.0482954545454545,-0.0704772475027746,-0.0547404063205416,-0.0600448933782267,0.1019736842105263,0.0737179487179486,0.1648122392211404,0.2334315169366716,0.2059035277177825,0.2007168458781363
PRKE-L,13.0,0.4770103301600162,1.7522435698227349e-07,0.0190121395177822,0.0262579630674945,-0.9153335561816532,0.0088530010710032,-0.8005,3.571978924507773,7917.389816396943,0.000870139883247,27.154205607476623,1.0,0.0015796086878477,0.7627114178829233,-5.04284956889306e-08,0.7423746831302638,3.720130863883665e-18,0.7499999999999999,1.021538046046857,5.39377491280232e-08,-0.0324156722728553,1.0,0.0107357497529833,-0.9793394363669,-27.92613636363641,25.75000000000005,26.50078619738944,-0.0209084117078315,-0.0247004919330763,25.75000000000005,1.6536866802719628,0.0,0.0,0.0,-0.1818181818181818,0.125,0.0,-0.1,-0.1818181818181818,-0.3571428571428572,-0.3076923076923077,-0.3076923076923077,-0.1818181818181818,-0.4375,-0.5909090909090909,-0.55,-0.1818181818181818,-0.1818181818181818,0.125,2.0,1.25,1.25,1.25,1.25,3.5,3.5,3.5,0.125,0.125,0.2857142857142856,0.2857142857142856,0.125,0.5,0.7999999999999998,0.5,0.5,0.7999999999999998,0.5,0.125,0.2857142857142856,0.5,0.5,0.5,0.2857142857142856,0.0,0.2857142857142856,0.5,0.7999999999999998,0.125,-0.25
PRKO-L,22.0,-0.2567109308148195,6.18182053231829e-07,0.067073799817805,0.3788083301195526,-4.259719222462204,0.1862683816029525,-0.8859999999999999,0.6667693992414511,-0.6741919378356618,-0.0036535819717651,-0.4051499027512051,1.0,0.3077930582842174,-0.2835825889123088,-2.5488858861363745e-07,-0.0521397665709194,6.201438491790527e-14,0.1399999999999999,0.0161315881215732,5.8893727576375626e-08,0.2259615384615385,4.0,0.0097387549886531,0.1306483300589392,-0.326258142772508,-0.1733066438340313,-0.0619272884901712,-0.1108386986739436,-0.1213982160369868,0.0102376599634369,1.6536866802719628,0.3043478260869563,-0.0416666666666666,-0.0799999999999999,-0.1785714285714286,-0.0799999999999999,-0.2068965517241378,-0.3235294117647059,-0.2333333333333332,-0.361111111111111,-0.5576923076923077,-0.6461538461538461,-0.640625,-0.6461538461538461,-0.6567164179104478,-0.6567164179104478,-0.6891891891891893,-0.7160493827160495,-0.7444444444444445,-0.7604166666666666,-0.7444444444444445,-0.661764705882353,-0.6515151515151515,-0.6714285714285714,-0.6805555555555556,-0.7125,-0.75,-0.7553191489361701,-0.7676767676767676,-0.7325581395348837,-0.7472527472527473,-0.787037037037037,-0.7946428571428572,-0.8,-0.8067226890756303,-0.8130081300813008,22.0,22.0,22.0,22.0,22.0,22.0,22.0,22.0,22.0,22.0,22.0,22.0,22.0,22.0
PRKP-L,14.0,-0.110912690710043,1.037402862841709e-06,0.1125599677132134,0.0049286055070883,-1.3198412698412696,0.8242768445697363,-0.1379999999999999,0.4498047534565349,-0.4557919792801631,0.0016693389029725,-0.0213719085394307,1.0,0.3607705779334501,-0.2020691583558579,-4.404811828559294e-07,-0.1310289554263164,1.492112426973125e-12,0.0944444444444445,-0.0864163981521021,3.5014315759620585e-07,0.34364101371774,3.0,0.0046403353347894,0.7754980114684675,-0.0539461022781453,0.1842568718670828,-0.1253654332429948,0.0011978613366208,0.0015041308703647,-0.0487120095458692,1.6536866802719628,-0.0714285714285715,-0.1249999999999998,-0.1249999999999998,-0.0666666666666665,-0.1249999999999998,0.1666666666666667,0.1666666666666667,0.0769230769230771,-0.0666666666666665,-0.1249999999999998,-0.176470588235294,-0.176470588235294,-0.3913043478260869,-0.2999999999999999,-0.3636363636363635,-0.3636363636363635,-0.2222222222222221,-0.2999999999999999,-0.4615384615384614,-0.3913043478260869,-0.3913043478260869,-0.2999999999999999,-0.2222222222222221,-0.2222222222222221,-0.2222222222222221,-0.176470588235294,-0.1249999999999998,-0.2222222222222221,-0.2222222222222221,-0.2999999999999999,-0.1249999999999998,-0.1249999999999998,0.0,0.0,-0.1249999999999998,-0.1249999999999998,-0.0666666666666665,-0.1249999999999998,0.0,-0.0666666666666665,-0.176470588235294,-0.3636363636363635,-0.3636363636363635,-0.2999999999999999,0.0,-0.0666666666666665,-0.176470588235294,-0.2222222222222221,-0.263157894736842
PRKR-L,16.0,-0.0257948410317935,3.274701557902567e-06,0.3553106655385867,0.1085891022174148,0.031409168081494,1.5639680588955982,0.1809,-0.8659342847291575,0.0752190865063605,0.0012897420515896,-0.0975491888160166,1.0,0.0589225589225589,-0.0423836261546821,1.2387749415178995e-09,-0.0407171072622304,3.5761236363480444e-13,-0.1818181818181818,-0.0343431313737252,7.488394521475703e-07,0.0540540540540541,1.0,0.0004539206072982,-0.161692684419957,0.0020416698313127,0.1276492347531203,0.0837066019610806,-0.0165209387942936,-0.019571143012902,-0.0735827981010891,14.883180122447664,-0.0833333333333332,0.0,0.0,0.1999999999999999,0.1999999999999999,0.0,0.0909090909090908,0.1999999999999999,0.0,0.0,0.0,-0.0769230769230769,0.0909090909090908,0.0909090909090908,0.0,0.0909090909090908,0.0,-0.0769230769230769,-0.25,-0.142857142857143,-0.25,-0.25,-0.25,-0.25,-0.368421052631579,-0.4,-0.4545454545454546,-0.5,-0.52,-0.5,-0.5384615384615385,-0.5384615384615385,-0.5,-0.5384615384615385,-0.4545454545454546,-0.4545454545454546,-0.5,-0.5,-0.4782608695652174,-0.5714285714285715,-0.6,-0.6,-0.6,-0.625,-0.5714285714285715,-0.5714285714285715,-0.5862068965517242,-0.5714285714285715,-0.6
PRKT-L^K19,17.0,0.0930473190017297,7.798918874282352e-07,0.0846195907231786,0.3608375602243667,1.031232414181204,0.9843572506902748,1.3975,0.5953298207512955,0.0104684156269432,0.0042540261318748,0.0103388612538634,1.0,1.7096774193548387,0.0429942741663859,8.829867622506232e-08,-0.0581130237808878,1.0660937883343152e-11,0.1249999999999999,-0.0003397578453175,1.11368153527446e-07,0.6463142218912881,2.0,0.0223269824111094,-0.7430542606749952,-0.3035046056419112,0.3035046056419112,0.3035046056419112,0.0277647910477023,0.0302646720368239,0.3035046056419112,0.4403070496388697,-0.1153846153846154,-0.1612903225806451,-0.3066666666666666,-0.1999999999999999,-0.2121212121212121,-0.0714285714285715,0.0,0.0833333333333334,0.2380952380952381,0.3333333333333332,0.1818181818181818,0.4054054054054055,0.3,0.3,0.2682926829268293,0.3,0.2380952380952381,0.4054054054054055,0.368421052631579,0.368421052631579,0.3,0.4444444444444446,0.368421052631579,0.625,0.7333333333333334,0.7333333333333334,0.7333333333333334,0.9259259259259258,1.08,1.3636363636363638,1.0,1.0,0.625,0.9259259259259258,0.9259259259259258,0.9259259259259258,0.9259259259259258,0.9259259259259258,0.9259259259259258,1.08,1.166666666666667,0.857142857142857,0.7333333333333334,0.857142857142857,1.3636363636363638,1.3636363636363638,1.08,1.6,1.4761904761904765
PRKY-L,15.0,0.0496342904596122,2.06076205748894e-07,0.0223596173640947,0.239281258558257,0.3206313291575839,1.907204816718434,2.0635,0.2819983361453502,0.0410816285331671,0.0071237527003394,0.0022035128674042,1.0,0.5657132512671976,0.2996310276093132,5.7127573679573634e-08,-0.0966776787383899,4.925481714708555e-11,0.0592105263157894,0.0159858187741544,2.321417119975141e-07,-0.0906696169854064,4.0,0.0418080507530456,-0.2342523772107638,0.0128866811069646,0.0794461797005278,0.0363291433389455,0.0387480484722325,0.0941950408443576,0.0911995515695066,0.2049831753179961,-0.0476190476190475,0.0327868852459016,-0.1219512195121951,-0.011764705882353,-0.0232558139534884,0.0,0.0,-0.0232558139534884,0.0632911392405062,0.177570093457944,0.1101321585903083,0.2103746397694523,0.3056994818652849,0.3207547169811322,0.1999999999999999,0.3439999999999998,0.3793103448275863,0.3984461709211986,0.3884297520661157,0.563275434243176,0.6384915474642392,0.563275434243176,0.5869017632241813,0.8155619596541785,0.8529411764705883,0.8234442836468885,1.1176470588235294,0.7403314917127071,0.9384615384615383,0.7201365187713309,0.7439446366782008,0.356297093649085,0.4982164090368608,0.6384915474642392,0.6557161629434953,0.6524590163934425,0.75,0.6777629826897471,0.7084745762711864,0.6258064516129032,0.5849056603773584,0.5162454873646207,0.3846153846153846,0.7236662106703147,0.8234442836468885,0.4823529411764706,0.5460122699386503,0.8327272727272728,1.028985507246377
PRLZ-L^D23,15.0,0.3657931788093386,1.956508356398029e-07,0.0212284470493501,0.0993080887411888,0.188723580257274,1.2389422719977317,-0.509,4.762638566010366,0.0038364059284969,-0.0010927354109315,0.0441984419844198,1.0,3.532315978456014,0.2226625009525263,4.799511929437607e-08,0.1196827173324092,1.7514706529129135e-11,1.0,0.0129447117910353,5.968783268141296e-07,0.4202936397400185,4.0,0.0230568688780943,0.1838402677310834,0.2177817473696244,-0.008728407148665,-0.2960820828703455,0.0034544005146637,0.0150279873448527,0.3484144499941921,0.2453640806094578,-0.0597826086956522,0.0366197183098593,-0.1238095238095238,0.0054644808743169,-0.0441558441558441,0.1253822629969418,0.0919881305637981,0.1151515151515152,0.1323076923076924,0.1428571428571428,0.2689655172413794,0.1794871794871795,0.2474576271186439,0.1499999999999999,0.2912280701754386,0.1870967741935483,0.0985074626865671,0.1428571428571428,0.0514285714285713,0.1219512195121952,0.1572327044025157,0.1428571428571428,0.1719745222929936,0.3381818181818181,0.443137254901961,0.5659574468085107,0.5659574468085107,0.4838709677419355,0.5020408163265306,0.443137254901961,0.3629629629629629,0.3731343283582089,0.6069868995633187,0.6576576576576576,0.5659574468085107,0.3049645390070923,0.3629629629629629,0.472,0.4153846153846154,0.388679245283019,0.4838709677419355,0.7440758293838865,1.0674157303370788,1.021978021978022,1.5379310344827588,1.4533333333333336,1.3741935483870966,1.5555555555555558,1.875
PRMR-L,17.0,0.2312435765673176,4.580846113275925e-07,0.0497029562071116,0.1525545694411129,0.3769153338552735,0.9744575875834948,-5.0,-0.0688779383124667,0.0064780377987475,9.541074324969e-05,-0.077574047954866,1.0,0.1130111524163568,0.3976333583771601,8.501745037540724e-08,0.1442653155227871,5.636644870751535e-09,-0.0144621384465387,-0.0096608427543679,2.793078728118919e-07,0.0301998183469573,4.0,0.4566967462756672,-0.0596842091628564,-0.1459665392246722,-0.2546179919307482,1.063721108415273,0.0260898012595076,0.0395046439628482,0.0637211084152726,0.0802295492963225,-0.037037037037037,0.08,0.0276816608996539,0.0760869565217392,0.1040892193308551,0.1,0.1082089552238805,0.2801724137931036,0.441747572815534,0.441747572815534,0.4487804878048782,0.2857142857142858,0.3686635944700462,0.2073170731707319,0.2272727272727273,0.2746781115879828,0.2272727272727273,0.1082089552238805,-0.057142857142857,0.0102040816326531,0.0607142857142859,0.0569395017793594,0.1040892193308551,0.1292775665399241,0.2222222222222223,0.2801724137931036,0.2426778242677825,0.2857142857142858,0.3083700440528636,0.3258928571428572,0.2222222222222223,0.3258928571428572,0.3258928571428572,0.2323651452282158,0.2692307692307694,0.0959409594095941,0.1165413533834587,0.3141592920353984,0.296943231441048,0.291304347826087,0.2478991596638657,0.291304347826087,0.2531645569620253,0.4630541871921185,0.5797872340425534,0.5000000000000002,0.5714285714285716,0.5797872340425534,0.5230769230769232
PROU-L,17.0,0.1780613733408644,5.728627058491436e-07,0.0621565738674104,0.0955090972116538,0.0128074695463111,0.9641618269535012,9.110399999999998,0.2705036801923956,0.0826148335562108,0.0079211890042093,0.0219156053917883,1.0,0.5688506273762731,0.1617291050163343,-2.2840797103088152e-08,0.000732429736571,2.3132872143578927e-10,0.0567970204841714,0.0893575026363154,6.504869393247708e-07,0.1928297261478863,4.0,0.0652389449780417,0.5910023791902751,-0.1402091938491056,-0.0270864280783922,0.4514091561666655,-0.0019325604276007,-0.0041269858131543,0.2425892940638507,1.6536866802719628,-0.25,-0.1534225019669551,-0.1623199688594784,-0.1681484344800928,-0.1564092512740102,-0.1510848126232742,-0.1422877640494221,-0.0315031503150314,-0.1066832710668327,-0.1903686982693754,-0.179565383149066,-0.1885369532428356,-0.1626459143968871,-0.167504835589942,-0.1748466257668711,-0.2724814063556456,-0.2535553243149496,-0.2417195207892882,-0.1707129094412331,-0.1209150326797385,-0.1820600532117066,-0.1955140186915888,-0.1269776876267748,-0.0651607298001737,0.1422505307855626,-0.0349775784753363,0.0727816550348954,0.3910795087265675,0.3839228295819934,0.3955901426718546,0.5101754385964912,0.492371705963939,0.4639455782312924,0.5006973500697349,1.0534351145038163,1.1139489194499017,1.209445585215606,1.1781376518218625,1.1056751467710368,1.1201970443349754,1.2162718846549945,1.191446028513238,1.1737373737373735,1.1056751467710368,1.1455633100697908,1.1370407149950346,1.0652591170825336,1.001860465116279,0.9617137648131266
PRPH-L,15.0,-0.4942528735632183,3.980048819219265e-07,0.0431842038069149,0.3733153638814016,-0.5330163761225568,0.9561162186015092,0.281,-0.8659342847291575,-0.023296737919949,-0.0119661646379203,-0.0069576325390424,1.0,0.8571428571428571,-0.7819467101685699,-1.007418840774951e-06,-0.031861931629605,7.536860356863669e-14,-0.1818181818181818,-0.0199900049975012,1.610877614362311e-06,-0.2496532593619971,2.0,0.0002832685040052,-0.2781954887218045,0.1333164214777921,-0.4651448639157156,-0.1666595654304171,-0.0783102766798419,-0.3952618453865336,-0.4651448639157156,1.6536866802719628,0.0,0.0,0.0,0.0,0.0,-0.5,-0.5,-0.5,0.0,-0.5,-0.6666666666666666,-0.6666666666666666,-0.5,-0.6666666666666666,-0.5,-0.6666666666666666,-0.75,-0.8333333333333333,-0.6666666666666666,-0.6666666666666666,-0.6666666666666666,-0.75,-0.75,-0.75,-0.75,-0.9166666666666666,-0.9,-0.75,-0.75,-0.75,-0.75,-0.8333333333333333,-0.8333333333333333,-0.8,-0.8333333333333333,-0.8888888888888888,-0.9,-0.9545454545454546,-0.75,-0.75,-0.8,-0.8333333333333333,-0.8,-0.8571428571428572,-0.875,-0.9,-0.9090909090909092,-0.9230769230769232,-0.9285714285714286
PRSE-L,15.0,-0.1209057549182769,5.87090228424207e-06,0.6370028416458597,0.0178507153539472,0.1168443817474669,0.8175284478773394,-1.9293,-0.6920363785670187,0.0050197318622312,-0.0003580732020308,-0.4909066736723277,1.0,0.0364509528235279,-0.1308980247163423,4.49767368104449e-08,-0.1692221551622811,2.4392995924300327e-10,-0.1453052481256694,0.0912773648327073,1.992538095932727e-06,-0.0903093159314067,4.0,0.0092959664187302,0.1423012901922242,0.0530982098725559,-0.0785009910439028,-0.0284979090413426,-0.0040856589632683,-0.0054604988041801,-0.0768555848672239,0.2950192161093078,-0.0833333333333332,0.0909090909090908,0.0909090909090908,0.0,0.0,0.0909090909090908,0.0909090909090908,0.1999999999999999,0.0909090909090908,0.0,-0.0769230769230769,0.0,-0.0769230769230769,0.0909090909090908,0.0,0.0,-0.142857142857143,-0.142857142857143,-0.3333333333333333,-0.3333333333333333,-0.3333333333333333,-0.3333333333333333,-0.368421052631579,-0.368421052631579,-0.2941176470588236,-0.2941176470588236,-0.25,-0.2941176470588236,0.5,0.5,0.5,0.5,0.5,0.1999999999999999,0.0909090909090908,0.5,0.714285714285714,1.0,0.1999999999999999,-0.1999999999999999,-0.1999999999999999,-0.0769230769230769,0.0909090909090908,0.0,0.0,-0.142857142857143,0.3333333333333332,0.0,-0.0769230769230769
PRVS-L,5.0,-0.0481297473540375,3.2491214282751106e-07,0.0352535178147816,0.0041702979187323,0.1666384646786076,0.6718336340779574,24.1761,0.7425467667551188,0.0168485487156419,0.0117866117949327,0.3508408287751346,1.0,0.1533469937401446,0.0619845954977061,5.177249560594558e-08,0.041588693645256,6.888796549996468e-08,0.1559107953424116,0.1172002020182508,8.46232944879527e-07,-0.0845736813846992,3.0,2.0300003177869645,0.1780567019279628,0.1296777032896283,0.2230762095542269,1.5296234031035365,0.0052055645016374,0.0208789340591444,0.5296234031035365,4.611237510454945,-0.1624895572263993,-0.0311614730878186,-0.2627040344933784,-0.1341772151898733,-0.0955799017755949,-0.1413199426111907,-0.1326086956521739,0.001673640167364,0.2488262910798122,0.3411764705882352,0.1559633027522935,0.3096280087527352,0.3734939759036146,0.357912648893931,0.6510344827586207,0.6776454099509461,0.7051282051282053,1.0409207161125318,0.8880126182965302,0.8316755929609794,0.8344827586206895,0.6706210746685277,0.6121212121212123,0.6521739130434783,0.7959489872468117,0.760294117647059,0.9090909090909094,1.375,1.457905544147844,1.5881081081081083,2.694444444444444,2.9117647058823533,3.666666666666667,3.846153846153846,4.970074812967582,4.632941176470588,4.580419580419581,5.015075376884423,4.882063882063882,5.122762148337596,5.060759493670886,4.4409090909090905,4.796610169491526,4.104477611940299,5.333333333333334,6.232628398791541,6.69774919614148,5.959302325581396,6.624203821656051
PRWG-L,14.0,-0.0111654888002875,4.7384857839299883e-07,0.0514133733338331,0.1167351330203443,0.3505191982612896,1.4477654407834837,0.2135,-0.1233235633615508,0.0308853675966452,0.0009967658584164,-0.0054186817917098,1.0,0.6697926435344379,0.0466704854646999,5.242941418632327e-08,-0.1050457945975709,1.0153101771213088e-10,-0.0258939580764488,0.0149044302606136,2.588730689328414e-07,-0.0690137561203077,5.0,0.0433665380098814,-0.4660356737168903,0.0181942525505029,-0.2209406388970066,0.0987322128039287,-0.0061995448763984,-0.0098031167480742,-0.0075720588365837,0.2852594186941249,-0.0843373493975905,0.0427135678391961,0.0297766749379653,0.0,0.086387434554974,0.1369863013698631,0.1857142857142857,0.1857142857142857,0.1789772727272729,0.1527777777777779,0.1925287356321841,0.224188790560472,0.3050314465408805,0.0024154589371983,0.0121951219512197,0.086387434554974,0.0221674876847293,-0.0348837209302324,-0.0071770334928228,-0.0235294117647058,-0.052511415525114,-0.0674157303370786,-0.0568181818181817,0.0121951219512197,0.0427135678391961,0.1789772727272729,0.3174603174603176,0.3132911392405064,0.1857142857142857,0.3787375415282394,0.1527777777777779,0.086387434554974,0.0641025641025643,0.2575757575757578,0.1857142857142857,0.089238845144357,0.0048426150121065,0.053299492385787,0.1216216216216217,0.0921052631578949,0.2425149700598803,0.3741721854304636,0.5257352941176472,0.583969465648855,0.5660377358490567,0.6938775510204083,0.7008196721311477,0.7584745762711866,0.7436974789915969
PSCD-L,14.0,0.0570632969385457,1.2326033575899253e-07,0.0133739552013064,0.1397714434575516,0.8145215882780412,0.6487808766939045,0.4919000000000153,1.0508226585395055,-0.0112541386495726,0.0022700030108477,0.0637146475978084,1.0,0.1301778002048116,0.0577095894355567,4.81854686675213e-08,-0.0606128745324029,9.530631359826337e-09,0.220638758111719,0.0148295265902629,6.145791701229169e-08,0.0557693319749278,2.0,3.579231786012609,-0.5491710843661074,-0.1023936059234689,0.1023936059234689,0.1023936059234689,0.0645571604860069,0.0967455276508465,0.1023936059234689,0.2540827251668406,-0.0949298608606517,-0.0450631718237352,-0.1333366235646367,-0.1329372263734818,-0.0885009343207143,-0.0449419869470631,-0.0409255584481785,-0.0195600387106381,-0.0041022344890166,0.0152437849296589,-0.0357646197492451,0.034807205012866,0.0477317475786081,0.0406534579143866,0.0395855944745928,0.0506990566225891,0.0975436988270588,0.0996055020977269,0.0827013584890148,0.1302995193958118,0.2271943719716733,0.2419491725210993,0.3249748490945672,0.3837930128710269,0.3607387317577166,0.2641215146134279,0.3385760748043498,0.5186220812914384,0.5163927348090149,0.6965412855854693,0.8551607564179311,0.9111554507527662,0.8521604612734237,1.195224602050171,1.1530570541114922,1.0765895384130235,1.259048027444254,1.2672146668961952,1.5037308112732282,1.498269075733864,1.5212251734864797,1.6389320242448528,1.6183399602385684,1.460694100611892,1.4747968243528913,1.9812121555090256,1.8216925549009104,2.136147160376235,2.073570595099183
PSDC-L^B23,14.0,-0.0188662626832017,1.1879934865933017e-06,0.1288993054522286,0.0413307718548575,0.1758884948289973,0.8255065519564138,1.5114999999999998,0.1229068017034934,0.0705561592885627,-0.0112140604148974,0.1115235850058378,1.0,0.2062551953449709,0.0216897856242118,-7.849574341598133e-08,-0.1220646423331702,5.893820126564829e-12,0.0258064516129032,0.0875317080045095,6.268580788030921e-07,-0.0875112650002371,3.0,0.0086284544061731,-0.1343903719512551,0.0059273969549419,-0.2011512037043003,0.1138403614769012,-0.008422320497609,-0.0129545140329047,0.0493591491682574,1.6536866802719628,-0.1911764705882352,-0.0684931506849314,-0.0144927536231882,-0.0144927536231882,0.0625,0.0303030303030302,0.0625,0.1333333333333335,0.1239669421487603,0.1333333333333335,0.2035398230088496,0.4166666666666667,0.2592592592592593,0.3203883495145632,0.2252252252252251,0.2252252252252251,0.3465346534653466,0.3076923076923077,0.1239669421487603,0.3465346534653466,0.5813953488372094,0.0967741935483872,-0.0144927536231882,0.1826086956521742,0.3600000000000001,0.3600000000000001,0.5454545454545456,0.7894736842105263,0.7894736842105263,0.5280898876404496,0.5454545454545456,0.4945054945054945,1.0606060606060606,0.63855421686747,0.5813953488372094,0.5813953488372094,0.5454545454545456,0.9154929577464792,0.0225563909774435,-0.1225806451612903,-0.3025641025641025,-0.3523809523809523,-0.3333333333333332,-0.562700964630225,-0.7258064516129032,-0.7195876288659793,-0.672289156626506,-0.6530612244897959,-0.7490774907749077
PSEU-L,15.0,0.437130624964636,7.305581933943681e-07,0.0792668013618551,0.3045405855879004,0.1562148180680322,0.3534351605179565,-25.4951,1.2643065406528302,-0.0318946472430942,-0.0076613483947987,0.0286161656972174,1.0,49.11998147004324,0.5328798974641606,3.301589914039692e-08,0.1688896877962003,1.003746008302445e-09,0.2654634659190467,-0.0212922480392127,3.992184873922495e-07,0.2745458695852152,2.0,0.3951853249354524,5.070977346031263,-0.2460019119787916,0.5205344943279542,0.2460019119787916,-0.0023100568739141,-0.0036177348843676,0.2460019119787916,0.5822796758588817,-0.0342639593908629,0.1420289855072463,0.072108843537415,-0.0277606415792721,-0.09164265129683,0.0816746739876457,0.0273794002607561,0.0706521739130434,-0.0044219835754896,-0.0337216431637031,-0.1014823261117445,-0.0794392523364486,-0.0890173410404624,-0.0265596046942557,0.0057434588385449,0.0051020408163264,0.1453488372093023,0.0861474844934528,0.0634278002699055,0.0287206266318538,0.1161473087818696,0.0395778364116095,0.2351097178683385,0.1912320483749054,0.26383319967923,-0.0425273390036452,-0.074574280681151,-0.1160964666292764,-0.1812987012987013,-0.1581196581196581,-0.1917948717948717,-0.0069313169502205,-0.1963284038755737,-0.0958118187033849,-0.1331133113311331,-0.2100250626566415,-0.0465819721718089,-0.1263858093126385,-0.0162297128589263,0.0757679180887371,-0.0500301386377335,-0.0069313169502205,0.1912320483749054,0.2095165003837298,0.3078838174273857,0.2547770700636942,0.3355932203389828,0.6554621848739497,0.7949886104783601
PTDQ-L,5.0,0.2095558179671178,2.102974084417291e-07,0.0228176250059041,0.7394761880523264,2.2750741513786665,1.903960015710326,-0.1575999999999999,-0.0652416241919228,-0.0010013392899171,-0.0126927786558493,0.0277701644024522,1.0,0.6555555555555556,0.1872130966207622,9.855547977843077e-08,-0.0805344295991777,9.498518804875348e-12,-0.0136986301369863,0.0031337996184939,5.0610100252025184e-08,0.3121666243332488,2.0,0.0286985212731912,0.5920634920634922,-0.0876272264631043,0.0876272264631043,0.0876272264631043,0.0770692290073182,0.0956154326336286,0.0876272264631043,0.4490926451792248,-0.0180878552971577,0.013089005235602,-0.0652173913043477,-0.0025773195876288,-0.0324999999999999,-0.0373134328358207,-0.0957943925233645,-0.1244343891402715,-0.1264108352144468,-0.1020881670533642,-0.1041666666666667,-0.0674698795180723,-0.0741626794258372,-0.0763723150357995,-0.0957943925233645,-0.0127551020408163,-0.0697115384615384,-0.0537897310513446,-0.0349127182044887,0.0347593582887699,0.013089005235602,-0.0300751879699248,0.0749999999999999,0.1282798833819241,0.1656626506024097,0.0459459459459459,-0.0276381909547738,0.0403225806451612,0.1517857142857144,0.2018633540372669,0.2564935064935065,0.2605863192182411,0.29,0.2986577181208054,0.311864406779661,0.1217391304347825,0.1449704142011834,0.1057142857142856,0.1057142857142856,0.1798780487804878,0.0994318181818181,0.1415929203539823,0.0901408450704226,0.1120689655172413,0.1152737752161383,0.1907692307692308,0.125,0.1727272727272728,0.1449704142011834
PTDX-L,19.0,0.053936018046432,7.252590445062601e-07,0.0786918347320937,0.054068865056429,0.2070829322354984,1.1207463207054973,-22.0829,0.3124328195436442,0.0017994716009629,-0.0041058263334166,0.0243954602288513,1.0,0.1532832374906693,0.0016548653340602,5.7814934003559183e-08,-0.0835551466583809,1.6249262007639064e-07,0.0656007830981319,0.1356081312841277,9.334021849544016e-07,0.0967234512307638,5.0,1.0750798852461725,-0.0912048955533424,-0.0961912791616335,-0.2820832967152443,-0.0379479800475408,0.0038482774702895,0.0087198051176326,0.0232589526115776,0.4320683797574977,-0.0614439324116744,0.0483091787439615,-0.2081094779523568,-0.3020637898686679,-0.2930956474527192,-0.2135306553911204,-0.3731846264944234,-0.4095684377598064,-0.3311643835616438,-0.3503534303534303,-0.4345686160972785,-0.4590402326708676,-0.3514321295143212,-0.3486743371685842,-0.2856620336503291,-0.2177831180534695,-0.1671641791044775,-0.0687805459530337,-0.0903586399627386,-0.0474332398487988,-0.073199667813501,-0.1545454545454545,-0.1546369440536737,-0.0719885958660014,0.1180764276513524,0.0608365019011407,0.1959583588487448,0.1123451516445963,0.125,0.1635388739946381,0.1972413793103449,0.1649269311064718,0.2800262166147798,0.3422680412371135,0.5936352509179927,0.3690851735015772,0.29789001495265,0.3408856848609682,0.5447894008305321,0.4312935141077318,0.2283018867924529,0.1663183039713347,0.0689655172413794,-0.053090909090909,-0.0153768590874716,0.0545356371490282,0.0884770795597047,0.0921291765692717,0.080647392447088
PTEZ-L,17.0,0.1287598782167527,2.985357380849896e-07,0.0323916332253404,0.1798741345185912,-0.3651477852483952,0.4084290323483512,-6.977599999999999,0.8588364627231808,-0.1814889031655812,0.0373863243061581,0.0261402567700694,1.0,0.4762083482915049,0.1223183918045092,-3.570140496418449e-08,0.0034484171259334,1.3673600786545704e-11,0.180327868852459,0.0271755161296114,6.909007530396051e-08,0.1574649424804769,4.0,0.1346235480434048,0.2736247579979072,-0.3230808041660939,0.6118790773594827,0.1889909548648679,-0.0273760232923071,-0.0330297953819204,0.585356523217577,1.6536866802719628,0.0,0.162162162162162,0.131578947368421,0.2647058823529411,0.4333333333333333,0.4333333333333333,0.4827586206896552,0.72,0.5925925925925926,0.5357142857142856,0.4827586206896552,0.3870967741935482,0.4827586206896552,0.72,0.72,0.8695652173913042,0.7916666666666667,1.0476190476190474,1.263157894736842,1.0476190476190474,1.263157894736842,0.5357142857142856,1.263157894736842,1.263157894736842,1.263157894736842,0.72,0.7916666666666667,0.9545454545454546,1.0476190476190474,1.0476190476190474,0.9545454545454546,0.303030303030303,0.5925925925925926,0.72,0.5357142857142856,0.1025641025641024,1.6875,1.6875,1.6875,1.6875,3.3,3.3,3.3,2.909090909090909,2.583333333333333,2.583333333333333,2.583333333333333,2.583333333333333,2.909090909090909
PTFJ-L,16.0,0.1319872025555452,9.792737407559567e-07,0.1062528595110568,0.1845471133621046,0.3958309985430909,2.4991972060480334,0.2051999999999999,0.8964966712490093,0.0143756065988883,0.0042789606266606,-0.0747803187881423,1.0,0.138739604287387,0.0886247832107662,1.108822853558716e-07,-0.0683546059933406,6.2921295544559726e-12,0.1882352941176469,0.1364781393422823,3.914712478406375e-07,0.2629535700351151,4.0,0.0046495233387539,0.1548863831823911,-0.1101705358417786,0.2205013449560407,0.2097917656429632,0.0274061003732067,0.039879435791022,0.4275463046076355,0.2271711156462384,0.0,0.0,-0.05,-0.1363636363636363,-0.2083333333333332,-0.2692307692307693,-0.2692307692307693,-0.3666666666666666,-0.3214285714285715,-0.2962962962962963,-0.2692307692307693,-0.2083333333333332,-0.2962962962962963,-0.24,-0.4411764705882353,-0.3870967741935484,-0.3214285714285715,-0.2692307692307693,-0.2692307692307693,-0.1739130434782608,-0.1363636363636363,-0.1363636363636363,-0.05,-0.0952380952380952,-0.2083333333333332,-0.1739130434782608,-0.1363636363636363,-0.2083333333333332,-0.24,-0.05,-0.05,-0.2083333333333332,-0.0952380952380952,-0.1739130434782608,-0.3448275862068964,-0.0952380952380952,0.0,0.357142857142857,0.4615384615384614,0.4615384615384614,0.7272727272727273,0.8999999999999999,0.8999999999999999,0.8999999999999999,0.8999999999999999,0.8999999999999999,0.8999999999999999,1.1111111111111112,1.1111111111111112
PTIV-L^J19,14.0,-0.0439608661247392,1.1407221482164203e-06,0.1237702851727906,0.1126757913904544,-0.0076810502342417,1.6680435729519174,0.9965,-2.0638100452711585,-0.0190851863619829,-0.0039169843896122,-0.0081826576616304,1.0,6.781934306569344,-0.094524636092332,-1.779026281599914e-07,-0.1272300659411785,8.718617432081698e-12,-0.4333333333333333,-0.1644198259118048,8.987052113828807e-07,0.0289730299569534,4.0,0.0036642557924623,-0.2172710595303414,-0.0020153145312242,0.1682066326974944,0.0079821895306639,0.0255327998274706,0.0456485816579454,-0.2018442722798811,1.6536866802719628,-0.3333333333333332,-0.0943396226415095,-0.3333333333333333,0.0,0.0,-0.2835820895522388,-0.4216867469879518,-0.6862745098039216,-0.6307692307692307,-0.7142857142857143,-0.7176470588235294,-0.7090909090909091,-0.6734693877551021,-0.6065573770491803,-0.6595744680851063,-0.5151515151515151,-0.4782608695652174,-0.4947368421052631,-0.5102040816326531,-0.4285714285714286,-0.4418604651162791,-0.3846153846153847,-0.3846153846153847,-0.3846153846153847,-0.4,23.0,15.0,23.0,23.0,23.0,23.0,23.0,15.0,15.0,15.0,23.0,23.0,23.0,15.0,15.0,15.0,11.0,11.0,11.0,11.0,11.0,8.6,8.6,11.0
PTKG-L,12.0,-0.1183887915936953,-1.213586779655404e-06,-0.1316762210979536,0.1406436233611442,-0.0801740023562819,1.771147258088309,0.6924999999999999,-2.5797625565889484,0.0906724939578318,-0.0188728024819027,-0.0250141210049083,1.0,0.9497716894977168,-0.153236547682472,-1.465085101668144e-07,-0.118391660461653,7.184765518528066e-14,-0.5416666666666667,0.1092819614711033,1.4538225582155812e-06,-0.1476694085389737,4.0,0.0029456954453985,1.3405088062622306,-0.0785468764267731,-149.82450592885365,0.3203831743285016,-0.1017465475223395,0.0204958271968581,0.1754940711462452,1.6536866802719628,-0.25,0.0,0.0,0.0,0.0,-0.2,-0.2,-0.3333333333333332,-0.3333333333333332,-0.3333333333333332,-0.3333333333333332,-0.3333333333333332,-0.3333333333333332,-0.5,-0.5555555555555556,-0.5,-0.5555555555555556,-0.4285714285714286,-0.4285714285714286,-0.4285714285714286,-0.2,-0.4285714285714286,-0.3333333333333332,-0.4285714285714286,-0.4285714285714286,0.0,0.0,0.3333333333333335,0.0,0.3333333333333335,0.0,1.0,0.3333333333333335,0.0,-0.2,-0.3333333333333332,-0.3333333333333332,-0.4285714285714286,-0.3333333333333332,-0.4285714285714286,-0.5,-0.3333333333333332,0.0,0.0,0.3333333333333335,0.0,-0.4285714285714286,-0.5,-0.6666666666666666
PTKS-L,10.0,-0.2137502677232811,9.953988638475241e-08,0.0108002462678322,0.5316268818098645,-1.2738195026543726,1.0871841315815738,0.0222999999999999,1.2484586532260178,-0.1031361717645604,0.0638104407359863,0.0125335798240389,1.0,0.3175591531755915,-0.2858368623543413,-5.669861678151717e-08,0.0059472422062349,6.14321985721902e-14,0.262135922330097,-0.0876633112015419,4.208127589663124e-08,0.0323679727427598,3.0,0.007287835239165,-0.2839352428393524,-0.0327090173663095,0.2468897478787028,-0.0944495818353535,-0.0926179225731576,-0.1150351360395377,0.1241007194244603,1.6536866802719628,-0.111111111111111,0.0,-0.1818181818181818,0.125,0.125,0.0,-0.1,-0.1,0.0,-0.1,-0.25,-0.4,-0.1818181818181818,-0.3571428571428572,-0.3571428571428572,-0.4375,0.0,0.2857142857142856,0.5,0.2857142857142856,0.2857142857142856,-0.1,-0.25,0.7999999999999998,0.7999999999999998,0.7999999999999998,0.7999999999999998,0.7999999999999998,0.7999999999999998,0.7999999999999998,0.7999999999999998,1.25,1.25,1.25,2.0,1.25,0.7999999999999998,1.25,0.2857142857142856,0.5,0.5,0.5,1.25,1.25,3.5,8.0,3.5,2.0,2.0
PTTT-L,14.0,-0.171377183967112,2.642640936352544e-07,0.0286731017551515,0.431875968992248,-3.8645732377075657,0.0877038662008131,-0.1864999999999996,-0.7937730943350607,20.115324133316903,0.0063059368088004,0.2681383045723645,1.0,0.3721825178669599,-0.6307116104868914,-1.4903169418489736e-06,-0.268764929043136,3.581515454107024e-15,-0.1666666666666666,0.0366906474820143,5.215110326543412e-07,1.2412565445026176,4.0,0.0057695741828764,-0.2365595504801882,0.2423075475249387,-2.8313502573923897,-0.6467917840688109,-0.1951460950300382,-0.5702174346698583,-0.1251646903820816,1.6536866802719628,0.0,0.0,0.0,-0.4444444444444444,-0.5,-0.5454545454545454,-0.6428571428571428,-0.6153846153846154,-0.5,-0.5454545454545454,-0.5,-0.84375,-0.8484848484848485,-0.875,-0.8571428571428571,-0.8387096774193548,-0.8717948717948718,-0.8979591836734694,-0.8863636363636364,-0.8979591836734694,-0.9166666666666666,-0.9152542372881356,-0.935064935064935,-0.8648648648648649,-0.8648648648648649,-0.875,-0.8333333333333333,-0.8387096774193548,-0.8214285714285714,-0.8148148148148149,-0.8571428571428571,-0.8611111111111112,-0.8214285714285714,-0.868421052631579,-0.8333333333333333,-0.8809523809523809,-0.9019607843137256,-0.9242424242424242,-0.9206349206349206,-0.943181818181818,-0.942528735632184,-0.9545454545454546,-0.9683544303797468,-0.9662162162162162,-0.96,-0.9681528662420382,-0.9666666666666668,-0.9652777777777778,-0.9726775956284152
PTUL-L^H22,15.0,0.0231263737117923,6.035210124250265e-07,0.0654830520582169,0.0445344987283965,0.2127808860992245,2.803000872748897,-37.7657,-3.918951100170122,-0.0028819596716746,-0.0017949480540899,0.6587196635839319,1.0,0.1042368226746559,-0.1398945520249159,8.068550633160099e-08,-0.0628476667400331,1.5869059907755217e-06,-0.8228529303354221,-0.0205794296907562,8.536457024864846e-07,0.1814398683390984,3.0,1.333297115629853,0.0330306912966115,-0.0858795976029817,-0.0542144979529962,0.0732356697597891,0.0053268011798844,0.0221458715979966,-0.0348990572940436,0.4496228483719651,-0.0137659783677482,-0.0267942583732057,-0.0669724770642202,-0.1023830538393645,-0.1985815602836879,-0.2592862345229425,-0.3219999999999999,-0.2592862345229425,-0.2248475609756097,-0.3086335825968729,-0.3295978905735003,-0.4982733103108041,-0.4716883116883117,-0.5202830188679245,-0.6680809399477807,-0.6837686567164178,-0.6262403528114664,-0.6101954771943273,-0.6324539212143115,-0.6237513873473919,-0.6698051948051948,-0.654786150712831,-0.6500344115622849,-0.7167130919220055,-0.6725692208628461,-0.6821875,-0.6905993306966839,-0.6614513981358189,-0.6590680522963459,-0.5981825365468194,-0.5726890756302521,-0.5687022900763359,-0.6255522827687776,-0.5859120521172638,-0.6195286195286196,-0.6270627062706271,-0.675494575622208,-0.6536103542234333,-0.680289217227287,-0.6759082217973231,-0.7045322486926207,-0.7109152927799887,-0.6955089820359281,-0.7238664132500678,-0.7127118644067796,-0.6785714285714286,-0.5944976076555024,-0.6515930113052415,-0.7144862436833239
PTVJ-L,17.0,0.1067517783640942,3.4374385523341665e-07,0.0372967905069225,0.0993275899602998,0.1740237914993529,0.8899047224282627,-33.131699999999995,-0.3999246285980654,-0.00011285618699,0.0082656622808646,0.0016973800277361,1.0,0.2701844505447341,0.1227144401394733,5.777729526607514e-08,0.0363022085459476,2.3576609128920945e-07,-0.0839712321342662,0.0270440184734044,4.274486882779791e-07,0.0950918764479256,4.0,3.3733421248882483,0.0105940400414224,-0.0119457982571331,-0.1002092413174525,0.0235928405749511,0.0205219355866757,0.0456361622591279,0.0993679445037264,0.6456601012431081,-0.0448173322005097,-0.0636435958631663,-0.1610833927298646,-0.1907872121003782,-0.1594358150330298,-0.1427530954115077,-0.1673151750972763,-0.1695184335861703,-0.1580829756795422,-0.1637655417406749,-0.1906481003953928,-0.1753371868978805,-0.1441556080712598,-0.1586847748391708,-0.1340812948317086,-0.1258819160787226,-0.1122006411465208,-0.134240529606473,-0.1218056332773735,-0.0619645347678819,-0.0246529935777917,0.0131267484398536,0.0157497303128371,0.0146551724137931,0.0712172923777019,0.018386329223448,0.0270506108202441,0.0367760405197092,0.073905109489051,0.200101962783584,0.2118404118404118,0.2028615227388859,0.2190574831693423,0.2951856946354882,0.2234927234927235,0.2234927234927235,0.2130894099458902,0.3110554163185743,0.3567723342939479,0.2672947510094212,0.1918987341772151,0.299475572729782,0.2731206057328286,0.2331063383970664,0.2601713062098501,0.3374999999999999,0.3139826960647502,0.3871538008249853,0.3701979045401629
PTVN-L,18.0,0.0685787282107135,8.603964352959259e-07,0.093354470520919,0.1425180491490956,0.233299717002687,1.3624976496075016,-8.417599999999993,0.1137798088800579,0.0085601845740532,-0.0012128126703253,0.0228580378965888,1.0,0.1804339530655057,0.1366871281082712,1.2217318428281744e-07,-0.0020058881054078,5.09480347510709e-07,0.0238900784309086,0.0624539465777007,8.783681698374224e-07,0.008268519790456,4.0,1.461546501852948,-0.090819593744817,-0.0160271253233456,0.0675150587164403,0.0321336052214583,0.0126504666275642,0.0259360382547581,0.071597581725893,0.2666482740045772,-0.1062458908612754,-0.0714285714285715,-0.2088838031831894,-0.2175120897211647,-0.220479704797048,-0.1429054434802209,-0.1712074978204011,-0.2055781886555939,-0.1832241434861992,-0.1863699582753825,-0.1554691837867851,-0.1611515552614163,-0.1528350228361368,-0.2043314500941619,-0.1725601131541725,-0.102125147579693,-0.1171348966798235,-0.102760736196319,-0.0717685829366533,-0.0735777804848337,-0.040983606557377,-0.0298507462686568,-0.0388018200202225,-0.0454374293962596,-0.0028844893142782,-0.0293554562858965,0.0501242750621375,0.1220123930362937,0.1880956100609279,0.2898575305291722,0.3237597911227152,0.3910737150173768,0.4419795221843001,0.6986821532276075,0.7944785276073618,0.6003787878787876,0.588345864661654,0.5732312784443523,0.7583815028901733,0.6948963672832629,0.5089285714285714,0.6361876075731498,0.5533088235294117,0.4303178484107579,0.4067702552719199,0.5742082384599461,0.5699834847233691,0.7818650421743205,0.7120666366501573
PUHQ-L,14.0,-0.004368165933942,1.0761984270442957e-06,0.1167693521389487,0.0709861187123737,0.3879013928550615,1.8253554477131868,0.5800000000000001,0.1684101331686835,-0.0210071547960228,0.0012811623911011,0.3950727730757419,1.0,0.4116379310344827,-0.0058352381483339,1.0892342342993697e-07,-0.0179769251408638,1.6617075136762084e-10,0.0353606789250353,-0.0213194679292075,3.452276054079137e-07,0.0002331409920149,2.0,0.0279517746669964,-0.0005092701936703,0.070190950318735,0.4382301696762605,-0.2098175269174657,0.0212360675722744,0.0284551659763141,0.2963030099788822,0.4130780746269885,0.0602409638554215,-0.0845588235294118,-0.1915584415584414,-0.2291021671826625,-0.2095238095238094,-0.2761627906976743,-0.2865329512893982,-0.2740524781341107,-0.2885714285714285,-0.2719298245614034,-0.2782608695652173,-0.2567164179104477,-0.2267080745341614,-0.2676470588235293,-0.2454545454545453,-0.2454545454545453,-0.1263157894736841,-0.1699999999999999,-0.1413793103448275,-0.1559322033898305,-0.1354166666666665,-0.0708955223880596,-0.1170212765957445,-0.0348837209302325,-0.1293706293706292,-0.0811808118081179,0.0506329113924051,-0.1354166666666665,-0.1201413427561837,0.0289256198347107,0.1066666666666666,0.0163265306122448,0.1216216216216217,0.338709677419355,0.276923076923077,0.2639593908629443,0.2639593908629443,0.2704081632653061,0.2704081632653061,0.2704081632653061,0.226600985221675,0.2512562814070354,0.2901554404145079,0.3315508021390374,0.3105263157894737,0.537037037037037,0.4647058823529413,0.5562500000000001,0.5759493670886076
PUKG-L,5.0,-0.5260197386106689,6.582159113979496e-07,0.0714175412359367,0.1013154496670533,-0.9629567128835688,0.7954845309631713,104.961,-0.6889431625088667,-0.1531232492711922,-0.0098101307555308,-1.52707864122212,1.0,0.4213406304675112,-0.7476864479162209,-2.1072782509545e-06,-0.6976511311913001,2.4469294384017625e-10,-0.1446557728368605,0.1802447528210212,1.545912791897242e-06,-0.242768357926616,4.0,0.0357600806764509,0.5486414028578053,0.0163181383073443,-0.1508633232371624,-0.2922895546959334,-0.0224269792813161,-0.0745616041878576,-0.1380066979462644,1.6536866802719628,-0.2857142857142857,0.1666666666666667,0.1666666666666667,0.0,-0.1249999999999998,0.0,-0.3636363636363635,-0.4615384615384614,-0.5,-0.5,-0.2222222222222221,-0.4166666666666666,-0.2999999999999999,-0.2999999999999999,-0.2222222222222221,-0.2999999999999999,-0.2222222222222221,-0.2999999999999999,-0.2999999999999999,-0.2222222222222221,-0.2999999999999999,-0.4166666666666666,-0.4166666666666666,-0.3636363636363635,-0.2222222222222221,-0.2999999999999999,-0.2999999999999999,-0.3636363636363635,-0.5,-0.4615384615384614,-0.5333333333333332,-0.5333333333333332,-0.4166666666666666,-0.2222222222222221,-0.2999999999999999,-0.5,-0.5625,-0.3636363636363635,-0.4166666666666666,-0.2222222222222221,-0.3636363636363635,-0.5,-0.4615384615384614,-0.611111111111111,-0.6499999999999999,-0.6666666666666666,-0.5,-0.5625,-0.7307692307692307
PUPL-L^I20,13.0,-0.0405363638373955,9.219705880847908e-07,0.1000353703893635,0.0783785136985083,0.0635106839078767,1.7986404514042027,-12.1642,115.68218396916616,-0.005920884543705,0.0001095412961278,-0.1061064859877007,1.0,0.1292708591216447,-0.0734863860569006,2.881371976509788e-09,-0.089894071127352,1.300118278951777e-07,24.289515646800897,-0.0290325485235809,5.007744160657474e-06,-0.0345604400157967,3.0,0.1844381452942223,0.1931576624241833,-0.1264539047913205,0.2223798457034156,0.1944936604758234,-0.0057928144434531,-0.0351876693657438,0.2318732878605203,30.870801079291333,-0.0415094339622641,-0.0893470790378008,-0.1640378548895898,-0.1871165644171778,-0.2428571428571428,-0.2895442359249329,-0.3424317617866005,-0.2895442359249329,-0.3391521197007481,-0.3536585365853658,-0.369047619047619,-0.2274052478134111,-0.329113924050633,-0.3675417661097853,-0.2679558011049724,-0.2597765363128492,-0.3424317617866005,-0.3407960199004974,-0.4084821428571429,-0.344059405940594,-0.3764705882352941,-0.3675417661097853,-0.3536585365853658,-0.3614457831325302,-0.2837837837837839,-0.2228739002932551,-0.1396103896103896,0.0685483870967742,0.280193236714976,0.25,0.3383838383838384,0.2990196078431371,0.2740384615384614,0.3316582914572863,0.3730569948186528,0.2211981566820275,0.2100456621004567,0.108786610878661,0.3316582914572863,0.1521739130434782,0.0474308300395256,-0.0257352941176471,0.0153256704980841,-0.0074906367041198,0.2679425837320575,0.2383177570093457,0.5963855421686748,0.7785234899328859,-0.0734265734265734
PUZC-L,19.0,0.1563124141426725,4.282577408852892e-07,0.0464666902450385,0.0829213882510092,0.1087565886910454,0.5405444931550258,-89.69210000000001,0.4829605657571144,-0.0159261140164664,0.0126599232964889,0.0645693259878833,1.0,0.1116551632143953,0.1783757358052885,6.046936449378055e-08,0.0672004351099117,1.3196020551175806e-07,0.1014060922455612,0.0729644965752807,7.885438211734004e-07,0.0806718255799139,5.0,2.491997226653787,-0.0626596441066262,-0.0804109238556496,-0.1592829141577467,0.0693103223331203,0.0109894174991168,0.0312306279278451,0.051564507325646,0.3642953429395567,-0.0755555555555554,0.006711409395973,0.0255241567912487,-0.014022787028922,0.0071620411817368,-0.0170380078636959,0.0044642857142858,0.083815028901734,0.1160714285714286,0.1369378473976756,0.0116906474820144,0.0316368638239339,0.0558423275457531,-0.0585774058577405,0.0363887609396591,0.0139702568724651,0.0693916349809886,0.047973917093619,0.0363887609396591,0.0791366906474819,0.1312217194570135,0.2534818941504178,0.3305736250739208,0.4036182158452899,0.4705882352941175,0.3931888544891642,0.3537906137184115,0.4267596702599874,0.3537906137184115,0.3243084167157153,0.4249525015832807,0.4990006662225184,0.4469453376205787,0.4303877940241576,0.5368852459016393,-0.2825255102040815,-0.2884250474383302,-0.258893280632411,-0.1782322863403944,-0.1515837104072398,-0.2110799438990181,-0.1438356164383561,-0.1356127545140223,-0.2001421969427657,-0.2315573770491803,-0.1329479768786127,-0.1932592326998924,-0.1251944012441679,-0.2085824832922969
PVCJ-L,14.0,0.0162687442259396,3.457663646445484e-07,0.0375162362036435,0.2113966336624353,0.2305361893838539,1.7138159693283586,-17.9625,-0.4768579987917479,-0.0091945821705234,-0.0048065214943929,0.0193903558934895,1.0,0.1328936942585491,0.0108772838914273,7.12761757191769e-08,-0.0241037544575726,2.51438287019252e-08,-0.1001247506361183,0.0489250027741059,4.871283254927127e-07,0.0189889960728393,3.0,0.5091918488222162,0.0344898576456752,-0.0060394597533951,0.2264383187735941,0.0057001152047644,0.0235302906312363,0.0595674731455501,0.0222678541027147,0.6168243259542564,-0.0629150646627053,-0.0911689961880559,-0.1084449984418822,-0.1575382803297997,-0.1849002849002849,-0.1695210449927432,-0.1738377129656367,-0.187446748082931,-0.1906647807637906,-0.1799942676984809,-0.1634502923976609,-0.1441818725695483,-0.1505344418052256,-0.1444377990430622,-0.1788174512055109,-0.1795239460854601,-0.1825714285714286,-0.1452046608903495,-0.1585294117647059,-0.1372135102533171,-0.109277708592777,-0.0344245696928787,-0.0024407252440725,0.047985347985348,0.1132295719844358,0.006685432793807,0.0272890484739676,0.0495231107850329,0.0808462410275783,0.1578308377175232,0.1606490872210952,0.0759684091763821,0.0063313401336615,0.0940726577437858,0.1672786617707058,0.1554927302100159,0.1735028712059065,0.1935753024614102,0.2559262510974538,0.1485347250100361,0.0010496850944716,-0.0258767449778686,-0.1158838071693448,-0.1070536828963795,-0.1441818725695483,-0.1142414860681113,-0.1226617601962588,-0.0900127226463104,-0.0708022085092562
PVCL-L^G21,14.0,2.734868924415093,7.273869365460517e-07,0.0789227146225155,0.035202982931887,0.2289379317393933,0.3866024145873847,-0.5135,4.829093987861674,0.159813299283818,0.0046779453730126,0.0208990893501687,1.0,5.601734489659773,3.1523687012065302,3.917792710328052e-08,0.8973048366657842,2.2152412958835828e-11,1.013953488372093,0.0287117947891918,7.015117883401961e-07,2.328699948381388,4.0,0.0361829275860103,-0.3967606442734953,0.2003656257569663,1.0556211620217288,2.055621162021729,0.0001455556993142,0.0002884276420506,1.0556211620217288,-0.5254276203482119,-0.0285714285714284,0.1199999999999998,0.1475409836065573,0.3725490196078429,0.3999999999999999,0.1023622047244092,0.1475409836065573,0.2844036697247705,-0.282051282051282,-0.2553191489361702,-0.2307692307692308,-0.1764705882352941,-0.1954022988505748,-0.1358024691358026,-0.1764705882352941,-0.2222222222222223,-0.2631578947368421,-0.2,-0.2307692307692308,-0.2391304347826087,-0.1411042944785275,-0.1515151515151515,-0.1250000000000001,-0.1025641025641026,-0.1358024691358026,0.1023622047244092,0.0447761194029849,-0.054054054054054,0.2280701754385965,0.0294117647058822,0.0144927536231884,0.0218978102189779,0.0294117647058822,0.1864406779661016,0.1666666666666667,0.1199999999999998,0.1199999999999998,0.0852713178294573,0.5730337078651684,0.4583333333333332,0.5217391304347825,0.8421052631578947,0.7499999999999998,0.627906976744186,0.5555555555555554,0.627906976744186,0.5909090909090908,0.6666666666666665,0.6666666666666665
PVDU-L^D20,13.0,-0.2010801306204471,4.37502059795996e-07,0.04746971450436,0.1752345019126971,-4.839650145772596,-0.2036146038547633,-1.6828,2.2964317288267617,-1.823433570274068,0.0015908163419537,0.3625412245986302,1.0,0.5074349442379182,-0.1642361848840128,-3.195069352797197e-07,-0.0016058088389304,1.4071319446266844e-13,0.4821763602251407,0.0148162103324122,4.486746915518216e-08,-0.4678778067572024,3.0,0.0111226712216733,0.8811149839253156,0.2022953478609081,-0.5594974280635618,-0.9717684066751228,-0.1532952609036061,-0.1778139857898392,-0.6039095139754657,1.6536866802719628,-0.1666666666666666,-0.142857142857143,-0.4,-0.3333333333333333,-0.142857142857143,0.0,0.0,-0.142857142857143,0.0,-0.142857142857143,-0.25,-0.25,-0.3333333333333333,-0.4,-0.4,-0.142857142857143,-0.142857142857143,-0.25,-0.3333333333333333,-0.3333333333333333,-0.25,-0.4,-0.4,-0.3333333333333333,-0.5384615384615385,-0.5714285714285715,-0.4545454545454546,-0.25,-0.25,-0.25,-0.25,-0.25,-0.3333333333333333,-0.25,-0.25,-0.25,-0.25,0.0,0.0,0.1999999999999999,0.1999999999999999,0.1999999999999999,0.1999999999999999,0.1999999999999999,0.1999999999999999,0.5,0.1999999999999999,0.0,-0.142857142857143
PVEB-L,14.0,0.0653828144298225,5.207488505955189e-07,0.0565021323048617,0.0348641559332822,0.1122269799387837,1.584546582107127,-86.9122,-0.0171839909774274,-0.0294330121785413,-0.0009339334887451,0.0096764079030179,1.0,0.1924319791903055,-0.0012812290753489,3.9429475633498136e-08,-0.0052613478675947,1.068822993101738e-07,-0.0036080821039129,0.0811911077654538,7.351709831931156e-07,0.1182645541008143,5.0,0.7630064801364079,0.027837741973674,-0.0980229399284835,-0.1236110808702489,0.0775076023238639,-0.0247049912598377,-0.055390902846131,0.0193348349831482,0.4748207902882546,-0.0425531914893617,0.0480274442538593,-0.0423197492163008,-0.0161030595813204,0.0251677852348994,-0.1308677098150782,-0.1698369565217391,-0.1271428571428571,-0.1183261183261182,-0.2064935064935065,-0.178763440860215,-0.1466480446927374,-0.1027900146842877,-0.175438596491228,-0.2085492227979274,-0.2176696542893725,-0.2013071895424836,-0.2044270833333332,-0.2352941176470587,-0.2064935064935065,-0.1345609065155806,-0.1195965417867435,-0.0728376327769346,-0.0316957210776543,0.0552677029360968,-0.014516129032258,-0.101470588235294,-0.0643185298621745,-0.0393081761006289,0.0738137082601053,0.119047619047619,0.114963503649635,0.1910331384015595,0.3311546840958606,0.3854875283446712,0.3608017817371938,0.3981693363844394,0.4309133489461361,0.4242424242424243,0.4794188861985473,0.3027718550106608,0.2729166666666667,0.2293762575452718,0.2546201232032854,0.2782426778242677,0.2123015873015874,0.3139784946236559,0.2890295358649788,0.2890295358649788
PVFF-L,15.0,-0.0511891375747547,6.772081336119191e-07,0.0734782295141151,0.0949647645632264,0.1613343880721536,6.441694825341278,-128.9812,0.0623793866078435,-0.0141349844729571,-0.0182199078875714,0.0045513437457943,1.0,0.1614017934784166,0.0420258157636969,8.613305201633279e-08,-0.0394060909950449,6.911061337978543e-07,0.0130976528542451,0.0672091651249114,1.138330055853715e-06,-0.0991318187894896,4.0,0.411759429269954,-0.0771627930623005,-0.6177082043302692,0.3785895394292546,0.4125732109463925,-0.0039987853252323,-0.012399757809298,0.3748232179196987,0.5310872049230352,0.0065359477124182,0.0132450331125828,-0.0555555555555555,-0.2388059701492536,-0.135593220338983,-0.1639344262295082,-0.0999999999999999,-0.1206896551724138,-0.0254777070063694,0.0132450331125828,0.0,-0.1306818181818181,-0.1639344262295082,-0.25,-0.2233502538071066,-0.1947368421052631,-0.0999999999999999,-0.1729729729729729,-0.15,-0.0555555555555555,-0.0064935064935065,0.0408163265306122,0.2439024390243902,0.0337837837837837,0.0851063829787235,0.0774647887323944,0.2439024390243902,0.3421052631578949,0.2338709677419355,0.150375939849624,0.2338709677419355,0.2966101694915255,0.3304347826086957,0.2338709677419355,0.047945205479452,0.1679389312977099,0.150375939849624,0.1769230769230769,0.0625,-0.0377358490566037,0.0851063829787235,0.3189655172413794,0.4036697247706422,0.1953125,0.2644628099173554,0.7191011235955056,0.9870129870129868,1.353846153846154,1.2173913043478262
PVFQ-L,15.0,0.0768457900409372,5.344394618640197e-07,0.057987586815885,0.1157423179411315,0.2066472663863498,1.0044641277327702,34.0528,0.2081380506730419,0.0412489551280585,0.0020204902760144,0.0674935238432312,1.0,0.1092408588998548,0.1930809362134461,1.0541147384004905e-07,0.0032000179628097,3.4095540605885673e-08,0.0437022561733879,0.1091291016881805,7.10736589508114e-07,-0.0377080721303003,4.0,0.5551268635584476,-0.1009914100247018,0.3432667391481068,-0.23369871821704,-0.0117108024120262,0.0076001536311088,0.0256642557514414,0.0900685526807887,0.6919730652987824,-0.0981481481481482,-0.1408114558472553,0.0188679245283018,0.0444874274661508,-0.0163934426229508,0.1675675675675676,0.2558139534883723,0.2314709236031928,0.5232722143864599,0.638846737481032,0.9081272084805654,0.7589576547231272,0.7088607594936709,0.419185282522996,0.3688212927756655,0.3516896120150188,0.5766423357664237,0.638846737481032,0.6216216216216217,0.7363344051446947,0.8461538461538465,0.4774281805745555,0.4400000000000001,0.3740458015267176,0.4574898785425101,0.4438502673796791,0.6513761467889909,0.8556701030927836,0.6413373860182372,0.6589861751152075,0.8181818181818181,0.956521739130435,0.898066783831283,1.1343873517786562,1.3893805309734517,1.7551020408163267,1.621359223300971,1.706766917293233,1.5531914893617025,1.849604221635884,2.2826747720364744,2.2432432432432434,1.975206611570248,1.864721485411141,1.975206611570248,1.720403022670025,1.7411167512690358,1.660098522167488,1.693266832917706
PVLU-L,20.0,0.1390028297341623,2.888067054896575e-07,0.0313360167102561,0.1340013725055576,0.1489251731115159,0.4557311364924705,-31.945400000000006,0.0417791316459057,-0.0168216726494149,0.0013726116894756,0.2797053282960692,1.0,0.1106985698885616,0.072401415976463,3.632414121918088e-08,0.0358217605302548,1.314475345740539e-07,0.008772265849454,0.0757084434637578,6.113174495786306e-07,0.175025515413129,4.0,4.24134484192921,0.2207392921756443,0.0613624878507909,0.0875708493055791,-0.2029680253640008,0.0104836130285415,0.0347299406684692,0.252945341055802,0.908172089371164,0.0102723838557889,-0.0678322110335455,-0.1150146627565983,-0.1152741131632953,-0.1197129689049647,-0.1153778507357683,-0.035969844109379,-0.0611038516582665,-0.0310794323508637,0.0304582394318102,0.0285616905248806,0.070901348474095,0.0724235963041932,0.1670662850955215,0.2352844862873515,0.1025135174631006,0.1566883863549253,0.2145041854475209,0.2573118906757767,0.4604142469996128,0.528309531044262,0.6148330479452053,0.7333716255025846,0.7421775776469228,0.935728030788967,0.8340828977756167,0.9786257539994752,0.9414565105506948,0.8956030150753769,0.8252086609410909,0.8236644911771815,0.7498550388495882,0.7592398274454937,0.7818847425602264,0.9044553830619712,0.8920376175548588,0.9716451064941852,0.850729792714338,0.9788852459016392,1.037127041987309,0.9624138379503184,1.042365998917163,0.8802492211838004,0.858022411033124,0.8514110429447852,0.8998992697053636,0.8619200394866728,0.9482246610716588,0.8734790166376953
PVLX-L,15.0,0.0595604845854661,1.4563906503568722e-06,0.1580208523166653,0.0415922710948214,0.180035365437458,0.5329380615451534,-25.3145,0.5279555631747137,-0.019571163756224,0.0143062413282167,0.3895490997138517,1.0,0.1204424939960727,0.0878472820358421,4.9004673849106834e-08,-0.0542931857130954,3.788687420852769e-09,0.1108535858552413,0.1819383663705147,3.065500303922644e-06,0.0282468676588809,3.0,0.1508028291565309,0.5183337462321161,0.0223446069669303,-0.6516286768523216,0.4101610229850502,0.0031845381464364,0.0109888178835645,0.4780708351684739,1.98935900473032,-0.1830985915492957,-0.2871485943775101,-0.4093178036605657,-0.3106796116504855,-0.1299019607843138,-0.0803108808290156,-0.1666666666666666,-0.1147132169576059,-0.0850515463917526,-0.1277641277641278,0.0,0.1059190031152648,0.4609053497942386,0.3813229571984435,0.375968992248062,0.4031620553359685,0.517094017094017,0.8112244897959182,0.8586387434554974,0.7929292929292928,0.8586387434554974,0.7929292929292928,0.8112244897959182,0.8393782383419688,87.75,117.33333333333331,117.33333333333331,117.33333333333331,176.5,354.0,43.375,22.666666666666668,31.272727272727277,31.272727272727277,21.1875,16.749999999999996,15.136363636363637,12.148148148148149,12.148148148148149,9.441176470588234,8.86111111111111,7.874999999999998,6.244897959183673,6.395833333333333,6.553191489361702,5.9607843137254894,4.461538461538461,4.546875,4.220588235294117
PVMD-L,17.0,0.1648041188467215,1.6400314237289008e-07,0.017794618726799,0.1491027337202662,0.2504635286045509,1.6151843063145843,29.3873,0.941710765223158,0.1506589071107743,0.0365518735586471,0.1105401650135515,1.0,0.1713839660999502,0.7876796564105996,8.303885536900119e-08,-0.0120446164977762,1.8073097520510359e-09,0.1977287909151635,0.0579590555549723,8.252152130075008e-07,0.1586235906927496,3.0,0.1923755884416381,0.1443068740898553,0.0150294362628516,0.2109328483296471,0.5384389571823329,0.0392762016675902,0.274115753938327,0.933046351265068,2.426121556246679,-0.0798045602605862,-0.2276729559748428,-0.2237673830594184,-0.2329793878825735,-0.2193261284170375,-0.0753012048192771,-0.0277117973079968,0.1370370370370368,0.4163783160322951,0.7008310249307479,0.7542857142857142,2.07,2.07,2.07,2.07,2.07,2.07,2.07,2.07,2.07,2.07,2.07,2.07,2.07,2.07,2.07,2.07,2.07,2.07,2.07,2.07,2.07,2.07,2.07,2.07,2.07,2.07,2.07,2.07,2.07,2.07,2.07,2.07,2.07,2.07,2.07,2.07,2.07,2.07
PVMF-L,14.0,-0.0553258732853776,1.308237646331592e-07,0.0141946000446658,0.5689658145697649,-0.6294339163552923,0.4373585084863803,-2.4715000000000007,1.3552933869339292,-0.1853839517429394,0.0011462877159557,0.0096411033222274,1.0,0.2160570056683516,-0.105706474205466,-2.5157766738133734e-08,0.0005964110158487,2.2925604597115484e-10,0.284567759688145,0.0138006965285797,4.0311294659007744e-08,0.1263247148771663,3.0,0.6559352604345219,0.1917774731980633,4.729680485310157,-0.1660568024934334,-0.2509072711714885,-0.0296220446733629,-0.0396539778216458,-0.0577241385886377,1.6536866802719628,-0.3613138686131386,0.1206543967280162,0.1357512953367874,0.2070484581497798,0.1634819532908704,0.2057205720572055,0.3141486810551557,0.1298969072164948,0.3699999999999999,0.1476439790575916,0.057915057915058,-0.0214285714285714,0.0719874804381845,0.1848648648648647,0.36420214090117,0.4270833333333332,0.6174734356552536,0.5264623955431755,0.7564102564102564,0.8463611859838274,0.7178683385579938,1.6245210727969348,1.4886466848319708,1.4140969162995596,1.4999999999999996,1.884210526315789,2.0478309232480534,1.9912663755458515,1.8766404199475064,1.81025641025641,1.9383378016085795,2.2619047619047614,1.9383378016085795,1.477396021699819,1.372294372294372,0.96415770609319,0.9747747747747746,1.1507064364207218,2.0444444444444443,2.052924791086351,2.03601108033241,2.167630057803468,1.7987742594484168,2.0444444444444443,3.0,2.9566787003610107,3.0146520146520146,2.9003558718861204,2.6977058029689607
PVPC-L,13.0,0.0311129549926061,-4.8205157886293726e-08,-0.0052303412778604,0.0099845472657138,-0.5217618552254333,0.8174266975575271,-1.4075,-0.4754843740206743,-0.2929152937074413,0.0333100815128308,2.130064380583283,1.0,0.062854130572836,-1.167309321155475,-2.1026507250930186e-07,-0.0232404267637084,3.882561974049149e-12,-0.0998363338788869,0.0968080205451384,4.593611770766888e-07,1.154150260891834,3.0,0.0164748373553238,0.2011309052378184,-0.1352905328906427,-0.1345438178061135,0.768074522878622,-0.0508846496382086,0.8055469858703029,0.1503696492935884,1.6536866802719628,0.0,0.0,0.0,0.0,0.0,0.0,0.0,0.0,0.0,0.0,0.0,0.0,0.0,0.0,0.0,0.0,0.0,0.0,0.0,0.0,0.0,0.0,0.0,0.0,0.0,0.0,0.0,0.0,0.0,0.0,0.0,0.0,0.0,0.0,0.0,0.0,0.0,0.0,0.0,0.0,0.0,0.0,0.0,0.0,0.0,0.0,0.0,0.0,0.0
PVPU-L^B22,12.0,-0.0646644256939549,1.9980516274384915e-06,0.216791985765058,0.0947571902951213,-0.0424350621156882,0.2289703906753356,7.2808,-0.7565442054885254,-0.0788465147887397,0.0008742433972118,-0.0035321193670968,1.0,0.298711676222786,-0.0412547523788322,-5.210419081721695e-08,-0.0074880279964545,2.8138738573627045e-10,-0.1588498045784478,-0.0013845025826298,9.391493266936966e-07,-0.2115957180906834,3.0,0.0867807141796243,0.0672307037430157,0.3391785048263355,-0.5498850817047903,-0.0203809787117537,0.0067063833821327,0.0106086667771662,-0.0799844388059008,1.6536866802719628,0.0,0.0,0.0,0.0,0.0,0.0,0.0,0.0,0.0,0.0,0.0,0.0,0.0,0.0,0.0,0.0,0.0,0.0,0.0,0.0,0.0,0.0,0.0,0.0,0.0,0.0,0.0,0.0,0.0,0.0,0.0,0.0,0.0,0.0,0.0,0.0,0.0,0.0,0.0,0.0,0.0,0.0,0.0,0.0,0.0,0.0,0.0,0.0,0.0
PVPW-L,15.0,-0.3071851225697379,1.6048639577073893e-06,0.1741304576399718,0.1503172279160566,-0.5206393254529444,2.4208754403018515,-1.354,-0.5430373364961144,-0.0630683256963795,0.0022952701041068,-0.2851520676933572,1.0,0.1121783254802464,-0.5214434672227763,-1.7655632001568692e-06,-0.4676206645646362,1.815719941621039e-11,-0.1140202702702702,-0.0456708127037797,2.756364489696378e-06,-0.0629038093761307,3.0,0.0018492834088834,0.4788851275853247,-0.2580462161984884,-0.019946351135669,-0.271998458046622,-0.0154510911597565,-0.0402047423221629,-0.0602476694030888,1.6536866802719628,0.0,-0.3125,-0.3125,-0.3125,-0.3529411764705883,-0.3888888888888888,-0.5416666666666666,-0.5416666666666666,-0.2142857142857143,-0.2666666666666666,-0.3888888888888888,-0.65625,-0.7027027027027026,-0.6764705882352942,-0.6944444444444444,-0.7250000000000001,-0.7608695652173914,-0.7962962962962963,-0.8135593220338984,-0.8166666666666667,-0.8472222222222222,-0.8962264150943396,-0.9166666666666666,-0.9230769230769232,-0.9191176470588236,-0.9246575342465754,-0.9285714285714286,-0.9395604395604396,-0.9320987654320988,-0.9320987654320988,-0.9388888888888888,-0.935672514619883,-0.9325153374233128,-0.934131736526946,-0.9352941176470588,-0.9432989690721648,-0.9405405405405406,-0.9382022471910112,-0.9329268292682926,-0.9140625,-0.9133858267716536,-0.917910447761194,-0.9185185185185184,-0.9191176470588236,-0.920863309352518,-0.9214285714285714,-0.9166666666666666,-0.9035087719298246,-0.9017857142857144
PVQL-L,18.0,1.124020655270655,3.041607870943268e-07,0.0330019605702465,0.2221570189043048,-0.0381879445900411,0.5091230458470669,0.5435,0.3039982063410874,0.2029759559388233,0.0063753007217321,0.0083663584324086,1.0,5.365269461077844,32.21052631578944,-3.8420608419205074e-08,0.392601670039043,6.4170993421815e-13,0.0638297872340426,-0.0038283475783475,3.7229711331672513e-07,0.2035933632780273,2.0,0.0099155628748895,-0.1990497532542278,0.0055051914645449,1.102319236016371,0.2284549113646448,-0.0156933755847291,-0.0489066541264989,0.1023192360163709,1.6536866802719628,0.0,8.666666666666666,8.666666666666666,10.599999999999998,10.599999999999998,10.599999999999998,13.499999999999998,13.499999999999998,13.499999999999998,13.499999999999998,13.499999999999998,13.499999999999998,13.499999999999998,13.499999999999998,13.499999999999998,13.499999999999998,13.499999999999998,13.499999999999998,13.499999999999998,13.499999999999998,13.499999999999998,13.499999999999998,13.499999999999998,10.599999999999998,10.599999999999998,10.599999999999998,10.599999999999998,10.599999999999998,10.599999999999998,10.599999999999998,10.599999999999998,10.599999999999998,10.599999999999998,10.599999999999998,10.599999999999998,10.599999999999998,10.599999999999998,10.599999999999998,10.599999999999998,13.499999999999998,13.499999999999998,13.499999999999998,18.33333333333333,18.33333333333333,18.33333333333333,18.33333333333333,18.33333333333333,18.33333333333333,28.0
PVRU-L,14.0,-0.9368182483557198,1.1444747791441988e-06,0.1241774519844508,0.0893185268035471,-0.0062546046564346,0.0273203799626963,-544.0,-1.7069699305595123,-0.4321836987946834,-0.0003753379353788,-0.0287845008248985,1.0,3.737704918032787,-0.1355183635518363,-1.284802958571398e-07,1.5665058776610896,3.633719622586255e-08,-0.3584084550823748,-0.0008076280469029,7.659579793734635e-07,-0.9736779488047208,1.0,1.8272259861206848,2.9259346621063806,0.5119981541301338,-0.5119981541301338,-0.5119981541301338,-0.0024298777355388,-0.0572847281094828,-0.5119981541301338,1.6536866802719628,-0.0228136882129277,-0.0330882352941177,-0.1348684210526316,-0.1882716049382716,-0.1516129032258065,-0.1857585139318885,-0.2653631284916201,-0.2754820936639118,-0.2694444444444445,-0.2794520547945205,-0.3797169811320755,-0.3981693363844394,-0.376777251184834,-0.3926096997690531,-0.3995433789954338,-0.3981693363844394,-0.3981693363844394,-0.349009900990099,-0.3168831168831169,-0.2774725274725275,-0.2507122507122507,-0.2911051212938005,-0.2485714285714285,-0.2930107526881721,-0.2376811594202899,-0.224188790560472,-0.2420749279538905,-0.2774725274725275,-0.1233333333333334,-0.1233333333333334,-0.2149253731343283,-0.1932515337423312,-0.2528409090909091,-0.2218934911242603,-0.2754820936639118,-0.3256410256410257,-0.3693045563549161,-0.3752969121140143,-0.3256410256410257,-0.3425,-0.420704845814978,-0.4116331096196868,-0.4588477366255145,-0.436830835117773,-0.4497907949790796,-0.3782505910165485,-0.3441396508728179,-0.3425,-0.3723150357995227
PVSG-L,18.0,0.0733984061295802,2.080691039192184e-06,0.2257585019103425,0.0461704069752347,0.0888427496629665,3.6328142243588815,-33.0155,0.0001236021635523,-0.0047361142852481,0.0120408547610706,0.0054814150838818,1.0,0.1393950995196632,0.0791220462654687,1.1057335367404017e-07,-0.0207169662630729,3.0226422772827505e-07,2.5952455102192187e-05,0.083210262285068,2.903519850350514e-06,0.0695322061274576,4.0,0.1548083199807599,-0.0589717529648157,-0.0709465365842052,-0.0452745288142302,0.1127383668040076,-0.0022487096429125,-0.0055675361563067,0.0922937409179205,0.9332980332539308,-0.1546707503828485,-0.0180451127819548,-0.2537142857142856,-0.1928306551297898,-0.2188995215311003,-0.1723700887198985,-0.2855579868708972,-0.2744444444444444,-0.2687569988801791,-0.3133543638275499,-0.2909880564603692,-0.2878953107960741,-0.2502870264064294,-0.2687569988801791,-0.2993562231759656,-0.2468281430219145,-0.2132530120481928,-0.2188995215311003,-0.2170263788968824,-0.2389277389277389,-0.24245939675174,-0.3885767790262172,-0.3763132760267431,-0.3534653465346534,-0.2398137369033759,-0.3604309500489716,-0.3097251585623679,-0.3417338709677419,-0.3660194174757282,-0.226303317535545,-0.244212962962963,-0.1867995018679948,-0.0631276901004304,-0.0060882800608828,0.0847176079734219,0.1030405405405405,0.1436077057793345,0.1278065630397236,0.1765765765765765,0.1143344709897611,0.0847176079734219,0.0938023450586265,0.1476274165202109,0.0251177394034536,-0.0165662650602408,-0.0325925925925925,-0.0724431818181817,-0.0340236686390531,-0.1017881705639613
PVWZ-L,17.0,-0.0298651471112538,2.859605988960711e-07,0.031027209324276,0.2004153305612751,0.0090639548552875,1.4458856293232554,21.518700000000003,0.2396651396314941,-0.0047191443963109,0.0006735642639366,0.000810820863484,1.0,0.5384585649952648,-0.215477875586498,9.924494712902685e-09,0.0218834713502053,1.266964525759311e-07,0.0503219247712639,-0.0033404809658225,2.7901075843128103e-06,-0.0045720143948075,2.0,0.3047199264504884,0.1058832413349802,0.0697626521267232,-0.4228866860288326,-0.1234179087265628,0.0022074183073254,0.0219626679715921,-0.1220802192083734,1.0831736924859725,-0.0819128787878787,0.0337738619676946,-0.1133501259445843,-0.1987860394537176,-0.1817125145292522,-0.1400651465798045,-0.0696035242290747,-0.1062209056284383,0.0100430416068866,-0.112977740445191,-0.1411142740951606,-0.0951156812339331,-0.0469314079422382,-0.1308641975308642,-0.0805398345668262,-0.210762331838565,-0.1966527196652718,-0.3054916146004603,-0.2903225806451612,-0.3124999999999999,-0.3303741280913126,-0.3406181704651888,-0.3248081841432225,-0.3613547021469609,-0.2860040567951317,-0.3200257566001288,-0.2999668544912164,-0.220376522702104,-0.1203665139525198,-0.0621669626998223,-0.0135450723960766,-0.0833333333333332,0.0317537860283343,0.1162790697674418,-0.0841283607979184,-0.1635643564356435,-0.194508009153318,-0.2707182320441988,-0.2879298718813216,-0.3213367609254498,-0.3560975609756096,-0.3644297321697261,-0.3537331701346389,-0.3124999999999999,-0.2537102473498233,-0.2134078212290503,-0.2125279642058165,-0.2521246458923512,-0.2681912681912681
PWCU-L,15.0,0.029432540616906,5.442717669008587e-07,0.0590544085657898,0.1513090681752336,0.7974098057354302,0.9598522874315616,-0.1051,0.2232486827817361,-0.0762877887834323,0.0054295815832845,0.0076292497592717,1.0,0.0667134831460674,0.0178297218904623,3.4989225145667484e-08,-0.0125304559693701,4.751452907627749e-13,0.046875,0.0006278941998273,5.2141700575616593e-08,0.1216879293424927,2.0,0.0061631587521312,0.321114891596772,0.0093264248704663,0.9906735751295336,-0.0093264248704663,0.0215335968379446,0.0237737825100366,-0.0093264248704663,0.7524597802019751,-0.0333333333333333,0.25,0.0,-0.0909090909090909,-0.1176470588235295,-0.3478260869565218,-0.3877551020408163,-0.375,-0.3877551020408163,-0.4230769230769231,-0.4642857142857143,-0.4444444444444445,-0.4545454545454546,-0.4230769230769231,-0.4339622641509434,-0.4230769230769231,-0.4545454545454546,-0.4444444444444445,-0.5454545454545454,-0.4915254237288136,-0.5522388059701493,-0.4827586206896551,-0.4642857142857143,-0.4444444444444445,-0.4117647058823529,-0.5,-0.5161290322580645,-0.375,-0.3333333333333333,-0.3181818181818182,-0.3617021276595744,-0.4339622641509434,-0.4642857142857143,-0.4545454545454546,-0.4736842105263158,-0.4827586206896551,-0.4,-0.4,-0.375,-0.3478260869565218,-0.2857142857142857,-0.2500000000000001,-0.2307692307692308,-0.2857142857142857,-0.2857142857142857,-0.2857142857142857,-0.2500000000000001,-0.2500000000000001,-0.2500000000000001
PWFQ-L^I21,16.0,0.0989984403554099,1.0643498404173542e-06,0.1154837604214529,0.0648719783763456,0.2225318376858663,1.0072167731166162,16.6962,-0.510854641075086,0.0410642041763983,-0.0032254316592097,-0.0394523927765476,1.0,0.0707555735290659,0.0178714039014085,2.135853100599057e-07,-0.0627126434711079,1.0925139805001733e-08,-0.1072629455279085,0.0044925116054361,1.5545315284460149e-06,0.1672542551488288,3.0,0.1785390015717214,0.0655218107449603,0.1070527311104223,-0.113659004913894,-0.0707183489382933,0.0122849977040222,0.0273587305055645,-0.0016261253055711,-0.025773624759842,0.0,0.0,0.0664451827242527,0.0664451827242527,0.0664451827242527,0.0664451827242527,0.0664451827242527,0.0664451827242527,0.0664451827242527,0.0664451827242527,0.0233793836344315,0.0147523709167545,-0.0722543352601156,-0.1041860465116278,-0.144760213143872,-0.122950819672131,-0.0999999999999998,-0.109981515711645,-0.1157024793388429,-0.0530973451327433,0.202247191011236,0.215909090909091,0.317373461012312,0.3776824034334765,0.5582524271844662,0.4724770642201836,0.52373417721519,0.5432692307692308,0.5408000000000002,0.4351713859910582,0.535885167464115,0.5709624796084831,0.4907120743034057,0.4907120743034057,0.4568835098335855,0.4769938650306751,0.4503012048192774,0.6518010291595198,0.6405451448040886,0.6689774696707109,0.6894736842105265,0.6865148861646235,0.4437781109445278,0.5457463884430176,0.5891089108910894,0.6806282722513088,1.0889370932754885,0.8204158790170133,0.4224519940915807
PWHQ-L^A22,14.0,-0.2741668636256203,2.518103256130939e-07,0.0273218468312521,0.1509280364702051,-1.855030652722683,2.1854896194969675,0.0244999999999999,1.160643011884879,-0.0443275309008671,0.0053763440860215,0.4733469230832274,1.0,1.016597510373444,-0.3981857568372596,-1.734630409510222e-07,0.0805258833196384,6.220797128053583e-13,0.2436974789915966,0.0511699361852989,9.6135460644639e-08,0.5771375464684014,4.0,0.004962957386231,-0.4011238985011786,-0.0259358787743068,1.2737991266375546,-0.0510348707064031,-0.0980547836443032,-0.1700321248279027,0.2737991266375544,1.6536866802719628,-0.0394736842105263,-0.1914893617021276,-0.2244897959183673,-0.3870967741935484,-0.4015748031496062,-0.5421686746987951,-0.5581395348837209,-0.5913978494623656,-0.5189873417721519,-0.4722222222222222,-0.5189873417721519,-0.4758620689655172,-0.4722222222222222,-0.5449101796407185,-0.4647887323943661,-0.3333333333333332,-0.3559322033898304,-0.1555555555555555,-0.1914893617021276,-0.1739130434782608,-0.2244897959183673,-0.05,-0.0129870129870129,0.1176470588235294,0.1875,0.3333333333333335,0.1875,0.2666666666666668,0.3333333333333335,0.2459016393442623,0.0555555555555555,0.0270270270270269,-0.0256410256410256,0.1875,0.0555555555555555,-0.0379746835443037,-0.1363636363636363,-0.1264367816091953,-0.1460674157303371,-0.0617283950617284,-0.0379746835443037,-0.1162790697674418,-0.1363636363636363,-0.1739130434782608,-0.1739130434782608,-0.5,-0.62,-0.6,-0.6082474226804124
PWKN-L,14.0,-0.3865842894969108,-4.310123994849036e-07,-0.0467655753687832,0.0992632803412175,-0.0685172171468728,10.682336350031166,-0.0499999999999998,-0.5708393608829084,-0.0324614645728517,-0.0004442470013327,-0.015065821753926,1.0,0.4793814432989691,-2.828685258964143,-3.577684623175343e-07,-0.2778993435448572,1.912278934053613e-08,-0.1198577958354495,0.0005884083553986,2.388879181458812e-06,-0.1918678526048284,3.0,0.0299409266141894,0.2530666840662926,0.3510825276848885,-0.0014021873213177,-0.6418331382533169,0.0253411306042884,-0.1416122004357298,-0.0376340713792887,1.6536866802719628,0.162162162162162,0.0882352941176469,0.15625,0.15625,0.3214285714285714,0.2333333333333334,-0.3392857142857143,-0.3392857142857143,-0.3392857142857143,-0.4126984126984127,-0.4714285714285714,-0.6696428571428572,-0.6696428571428572,-0.6636363636363637,-0.63,-0.6476190476190476,-0.6666666666666667,-0.6725663716814159,-0.704,-0.7063492063492063,-0.7238805970149254,-0.7375886524822695,-0.7338129496402878,-0.7581699346405228,-0.7394366197183099,-0.7318840579710144,-0.7597402597402597,-0.7730061349693251,-0.7658227848101266,-0.7465753424657534,-0.7643312101910829,-0.7612903225806451,-0.7643312101910829,-0.756578947368421,-0.7412587412587412,-0.7797619047619048,-0.7823529411764706,-0.7823529411764706,-0.76875,-0.7549668874172185,-0.7533333333333333,-0.7375886524822695,-0.76875,-0.7658227848101266,-0.7597402597402597,-0.7628205128205128,-0.7412587412587412,-0.7597402597402597,-0.7978142076502732
PWYH-L,18.0,0.5403673405192575,1.7076798313642016e-07,0.0185286154075506,0.1745163523821753,0.4665177913091796,1.0126100321249918,20.228,0.4808749866096219,0.068506179288721,0.0039463727070662,0.0009088491843733,1.0,3.555245313123255,0.3186452399861681,4.5672306357806766e-08,0.2711384023059803,5.288424261605933e-09,0.1009681881051175,0.0167396180911951,1.538229146613941e-07,0.8938939244822567,3.0,1.3140539672780964,0.0064830461106258,0.017155315597074,0.1803022199728358,0.1946420295661574,0.0374533007460473,0.0716808331682257,0.3718947180494273,0.4541116233877156,-0.0052356020942407,0.0859128237523689,-0.2301836094939542,-0.3216258879242304,-0.1699661999034283,0.0558968058968059,0.1227955584585238,0.0984025559105432,0.3697211155378486,0.4336947456213511,0.388529886914378,0.7036669970267593,0.7002967359050447,0.5486486486486488,0.481896551724138,0.4973867595818815,0.5239361702127661,0.4530853761622992,0.3741007194244605,0.4679760888129802,0.4934839270199826,0.5556561085972851,0.6836434867776688,0.8094736842105263,1.0586826347305394,1.0661057692307692,0.7540816326530613,0.9401805869074495,0.8365384615384619,0.8745910577971647,0.8603896103896105,0.7207207207207209,0.7469512195121952,1.0537634408602157,0.91,0.5901942645698428,0.6309297912713474,0.7087475149105369,0.9758620689655176,1.1092024539877303,0.9645714285714286,1.0562200956937802,0.731117824773414,0.6293838862559242,1.4382978723404256,1.3677685950413228,1.4417613636363638,1.6527777777777777,1.3908205841446453
PXAW-L,13.0,-0.2247836983998941,3.2741794337088744e-06,0.3552540141792263,0.0218972513590077,-1.3022768389004105,0.078603811751664,-1.8956,-0.2236598221607077,-1.8566157717805103,-0.0072384395402795,-0.0379487520907502,1.0,1.0268456375838926,-0.3103874445337859,-8.389302715878853e-07,-0.0019999787236305,1.5613769729495764e-14,-0.0469613259668508,-0.0023120732309402,7.886790086275875e-07,0.5994895764631664,0.0,0.0019884412211893,0.4322954172307515,0.0608129228482111,0.7575063980627025,0.0088589438148387,-0.0890054967172877,-0.1104441192982146,0.0949297109461381,1.6536866802719628,-0.5,1.0,1.0,0.0,1.0,1.0,1.0,1.0,1.0,1.0,1.0,1.0,0.0,0.0,0.0,0.0,0.0,0.0,0.0,0.0,-0.3333333333333332,-0.3333333333333332,0.0,-0.3333333333333332,0.0,-0.3333333333333332,-0.3333333333333332,0.0,0.0,0.0,0.0,0.0,0.0,-0.3333333333333332,0.0,0.0,0.0,-0.3333333333333332,-0.5,-0.5,-0.6000000000000001,-0.5,-0.6000000000000001,-0.5,-0.5,-0.5,-0.5,-0.5,-0.6666666666666666
PXBK-L^J20,13.0,-0.046299663054808,9.97437229227424e-07,0.1082236287745108,0.1328571791678316,0.1367608468574049,5.124776883707806,0.493,0.4869151249595257,0.020741172287034,0.0012685799085665,0.0508441211161973,1.0,0.4139387539598733,0.0432978351082445,1.0955701008239115e-07,-0.0374212119708173,1.4944693819403368e-10,0.1022364217252395,0.0065207378857295,8.704811128317733e-07,-0.134458174904943,3.0,0.005881888091359,-0.1529141972329273,0.2616170829429026,0.0777414920581949,-0.1780986811175966,0.019396809452058,0.0377965232791163,0.0777414920581949,0.2582983558190936,0.0333333333333334,0.2765957446808511,-0.1428571428571428,-0.0625,0.4285714285714286,0.7142857142857144,0.7647058823529409,0.6666666666666667,0.875,1.3076923076923077,1.1428571428571428,1.222222222222222,1.1428571428571428,1.1428571428571428,0.875,0.7647058823529409,0.7647058823529409,0.7647058823529409,0.6666666666666667,0.6666666666666667,0.7142857142857144,0.6666666666666667,0.6666666666666667,0.6666666666666667,0.6666666666666667,0.6666666666666667,0.6666666666666667,0.6666666666666667,1.0,0.875,0.5789473684210527,0.7647058823529409,0.875,1.0689655172413794,1.0,1.0,1.0,0.6666666666666667,0.3636363636363635,0.1320754716981131,0.0714285714285714,0.1111111111111109,0.0,0.0169491525423728,0.0,-0.1666666666666666,-0.1666666666666666,-0.2307692307692308,-0.2500000000000001
PXEX-L^A23,14.0,0.0630167372454123,6.963265306122448e-07,0.0755526079703209,0.0712359746020701,0.1650038916012169,1.9834653369298223,2.45,0.2674208820487103,0.0310024422534805,0.0040330711837063,0.0171158048069919,1.0,0.2446351931330472,0.1700960219478736,6.346938775510205e-08,-0.0128048482478859,9.417163199976533e-09,0.0561497326203208,0.0459770114942528,1.4553061224489796e-06,0.0184233076263924,4.0,0.1377648410711059,0.020247026832225,0.074962614863624,-0.3084678851035877,0.4509978966394217,-0.0004646408326363,-0.0014467592592592,0.0871365105008078,0.382847077104763,-0.02,-0.1416309012875536,-0.209486166007905,-0.180327868852459,-0.1416309012875536,-0.2031872509960158,-0.1304347826086955,-0.0243902439024389,0.0,-0.1489361702127659,-0.1561181434599157,-0.2366412213740458,-0.1999999999999999,-0.1999999999999999,-0.1452991452991452,-0.1266375545851528,-0.1031390134529147,-0.0990990990990992,0.015228426395939,0.0582010582010583,0.0526315789473683,0.0638297872340425,0.0526315789473683,0.1173184357541898,0.1560693641618498,0.1428571428571428,-0.4285714285714286,-0.4285714285714286,-0.4285714285714286,-0.4285714285714286,-0.4285714285714286,-0.4285714285714286,-0.4285714285714286,-0.4285714285714286,-0.4285714285714286,-0.4285714285714286,-0.4285714285714286,-0.4285714285714286,-0.4285714285714286,-0.4285714285714286,-0.4285714285714286,-0.4285714285714286,-0.4285714285714286,-0.4285714285714286,-0.4285714285714286,-0.4285714285714286,-0.4285714285714286,-0.4285714285714286,-0.4285714285714286
PXFJ-L,14.0,-0.0472099465351021,1.0754139392622656e-07,0.0116684233885876,0.0186719372686905,0.2279267548589353,0.7537940974826014,-18.08420000000001,-0.467395366609931,-0.0048889998581988,0.0064206026263244,0.0022770127348708,1.0,1.307462655297396,-0.1164961154392423,3.47239128560343e-08,-0.0658000971941323,8.96038382917823e-08,-0.0981379040487351,-0.0044699640630148,2.301640562976159e-07,-0.0098997892242746,4.0,4.874118473484862,0.0097539116944617,-0.0070839201972805,0.9581362881073104,0.9581362881073104,0.0242578595306586,0.0842529341043568,-0.0418637118926895,0.2915967107531029,-0.0230769230769229,0.0961214165261383,-0.0196078431372549,0.0093167701863354,0.058631921824104,0.0455764075067024,0.0483870967741935,0.153163808397398,0.2678803641092326,0.271186440677966,0.2157107231920201,0.1919315403422983,0.2770137524557956,0.2476007677543186,0.2939615129396151,0.2580645161290322,0.2761780104712041,0.2365250475586557,0.2104283054003723,0.1754068716094032,0.2037037037037037,0.204447189623224,0.272845953002611,0.2388818297331638,0.3,0.2468030690537084,0.24282982791587,0.2991339107261825,0.3193504736129906,0.3588850174216027,0.5081206496519721,0.5587529976019185,0.5587529976019185,0.6196013289036546,0.6581632653061225,0.6236469608659452,0.5815085158150852,0.7504488330341113,0.8139534883720929,0.8139534883720929,0.6196013289036546,0.6567544604927784,0.5751211631663973,0.6795865633074936,0.7395182872435324,0.6209476309226933,0.6695205479452055,0.7922794117647058,0.9402985074626864
PXGJ-L^F20,16.0,0.0211371652410798,6.559417706922446e-07,0.0711707931175555,0.1718956923881895,-0.031102869772514,1.6240366086196485,-68.0759,-0.1483386740185699,-0.0423399247286231,-0.0179365229526848,-0.0015123454750126,1.0,0.7877556955008496,-0.1886364908366656,-1.1790825576216755e-07,-0.0859951506207484,1.0681344009171996e-08,-0.0311463219311291,0.0239645067012479,1.717642460012285e-06,0.1332969166804999,3.0,0.1441583042404788,0.00925183814569,-0.3655039179573991,-0.003849853593447,0.1530338419328227,-0.0545340751668124,-0.1658347330027132,0.1340113041729987,1.6536866802719628,-0.1054313099041533,-0.021875,-0.3586065573770491,-0.459412780656304,-0.5015923566878981,-0.4712837837837837,-0.5430656934306569,-0.5307346326836582,-0.5078616352201258,-0.559774964838256,-0.4783333333333334,-0.5,-0.433996383363472,-0.4826446280991735,-0.4721753794266442,-0.448943661971831,-0.3727454909819639,-0.423572744014733,-0.3838582677165354,-0.4565972222222222,-0.3533057851239669,-0.3268817204301075,-0.3150984682713348,-0.2600472813238772,-0.2720930232558139,-0.1353591160220995,-0.2055837563451776,-0.0572289156626505,-0.115819209039548,-0.1082621082621082,0.217898832684825,0.1138790035587187,0.1946564885496182,0.326271186440678,0.0830449826989618,0.252,0.0905923344947734,0.3608695652173914,0.2420634920634921,-0.1353591160220995,-0.2669789227166276,-0.252983293556086,-0.2547619047619048,-0.3225108225108225,-0.2384428223844282,-0.201530612244898,-0.2055837563451776,-0.1031518624641835,-0.2035623409669211
PXHJ-L,14.0,-0.0169968604525279,2.910338412294283e-07,0.0315776647102191,0.4748827863362357,0.9079825834542816,0.461671298095805,-13.0,0.01889935938893,-0.0283519964574837,-0.0020356514084507,0.0024973341095926,1.0,4.545454545454545,0.0480397570403093,5.8038097421147846e-08,0.0326472675656487,6.921478284938303e-10,0.0039682539682539,0.0001082602576594,5.6543060565517224e-08,-0.2512690355329949,2.0,0.7334238414936842,0.3223140495867767,0.0331235508446505,-0.0331235508446505,-0.0331235508446505,0.0398678414096916,0.04768177028451,-0.0331235508446505,0.4128755384034357,-0.0343007915567281,0.0922190201729105,0.0326975476839237,0.0557103064066852,0.0440771349862259,0.0440771349862259,0.0133689839572193,-0.0778588807785888,-0.005249343832021,-0.0524999999999999,-0.1226851851851852,-0.0641975308641974,0.0106666666666666,-0.0231958762886597,0.1179941002949851,0.0215633423180592,0.0498614958448753,0.0797720797720797,0.0922190201729105,0.0890804597701149,0.0736543909348441,0.0412087912087912,0.2031746031746031,0.3392226148409893,0.3439716312056737,0.0859598853868195,0.0440771349862259,0.0767045454545454,0.1554878048780488,0.2265372168284789,0.3251748251748252,0.234527687296417,0.3439716312056737,0.5991561181434599,0.738532110091743,0.48046875,0.4921259842519685,0.4141791044776119,0.534412955465587,0.50996015936255,0.4465648854961832,0.2891156462585034,0.1450151057401811,0.2186495176848875,0.3159722222222223,0.2675585284280934,0.3345070422535212,0.3535714285714286,0.2847457627118643
PXHO-L^J22,16.0,-0.2047921166946049,1.5037329406373054e-06,0.163157570997813,0.1791826078231533,-0.2175151718285351,0.4580384616502753,17.538899999999998,-0.5717879274250425,-0.0287875088600995,-9.472674431102149e-06,-0.0660586876068484,1.0,0.150549923951364,-0.0948038888994907,-2.7038283853666985e-07,-0.042958383406493,2.7400435532094437e-10,-0.1200569641176919,0.100079534031858,6.252947592963969e-07,-0.3846126154320238,3.0,0.0576464162520295,-0.0122169981561584,-1.32970546201863,-1.2338086964713135,-0.5308895298723415,-0.0448107610733684,-0.0634443504887191,-0.3292474264191627,1.6536866802719628,-0.0769230769230769,0.0483870967741935,0.0317460317460318,-0.0151515151515151,-0.3085106382978723,-0.2613636363636363,-0.3367346938775509,-0.3085106382978723,-0.1095890410958904,-0.1333333333333333,-0.1875,-0.1666666666666666,-0.0298507462686566,-0.1447368421052631,-0.2777777777777778,-0.35,-0.3298969072164948,-0.35,-0.3981481481481481,-0.3867924528301887,-0.4196428571428572,-0.3367346938775509,-0.2934782608695652,-0.2934782608695652,-0.2613636363636363,-0.1095890410958904,-0.0972222222222222,0.0483870967741935,-0.0714285714285712,-0.1216216216216216,-0.1447368421052631,-0.2528735632183908,-0.2777777777777778,-0.3229166666666666,-0.2261904761904761,-0.35,-0.3981481481481481,-0.4444444444444444,-0.4491525423728812,-0.5,-0.5578231292517006,-0.5666666666666667,-0.5962732919254659,-0.5323741007194245,-0.4537815126050419,-0.3981481481481481,-0.439655172413793,-0.4628099173553719,-0.4583333333333332
PXJX-L,14.0,-0.0189289012003693,1.232973469072548e-07,0.0133779709735802,0.049359720605355,0.3482230192370394,3.7368725895942574,5.799999999999997,0.1652484060704178,-0.0052022012994167,0.0031086794329768,-0.0225056631491454,1.0,0.1686807653575025,0.2234332425068119,6.709499278620476e-08,-0.0575623397809346,8.95760665148586e-09,0.0346968185345304,0.0369344413665743,2.657254625625544e-07,-0.1015165583410709,4.0,0.3071540029664807,0.1237708326888902,-0.0179891594103619,0.1630165810884075,-0.0219297059165646,0.0656470588235294,0.2071269487750557,0.0988907492674758,0.446698448422713,-0.1245954692556633,0.0164473684210526,0.1529850746268655,0.1486988847583643,0.1749049429657794,0.2093933463796475,0.1423290203327172,0.093805309734513,0.1726755218216318,0.0880281690140845,-0.0492307692307693,-0.1069364161849711,-0.0964912280701755,-0.1392757660167131,-0.134453781512605,0.0032467532467532,0.006514657980456,0.0456852791878172,0.0,0.0198019801980198,-0.0283018867924529,-0.060790273556231,-0.093841642228739,-0.2313432835820895,-0.1568894952251023,-0.1953125,-0.2780373831775702,-0.3369098712446352,-0.2695035460992908,-0.2245922208281053,-0.3390374331550801,-0.3009049773755656,-0.3193832599118943,-0.377643504531722,-0.3079507278835386,-0.3446447507953341,-0.3807615230460922,-0.3474128827877508,-0.3163716814159292,-0.3102678571428572,-0.311036789297659,-0.3223684210526315,-0.3508403361344537,-0.3148558758314855,-0.2754982415005861,-0.3397435897435897,-0.2855491329479769,-0.3369098712446352,-0.2737955346650998
PXKA-L,20.0,0.0389802689200952,4.27117611664417e-07,0.0463429842934868,0.1188618310500039,0.2258916039952587,2.3100025784152143,-163.7408,0.0355245303019288,0.0021313906748723,-0.0015931298221622,0.0322448290425531,1.0,0.1330583139998415,0.0050260897294102,6.899807201619154e-08,-0.0500635558304548,1.9352260629191265e-06,0.0074590019396931,0.040971136495175,6.182823005844006e-07,0.0703931369207867,3.0,2.712379059610463,0.0207263089967312,-0.0697504975230798,-0.0780474692664018,0.1316632964305813,0.0034980260066215,0.0100588067766323,0.1437007421399699,1.776429916238905,-0.0671140939597315,0.0267993874425727,-0.1012064343163539,-0.158720200752823,-0.150190114068441,-0.0674547983310153,-0.0380200860832137,-0.0435092724679029,-0.0007451564828613,0.0395348837209301,-0.0190197512801755,-0.0204528853177501,-0.0509554140127388,-0.0345572354211662,0.0197718631178707,0.046021840873635,0.1037037037037036,0.1306913996627319,0.1184320266889074,0.1147132169576059,0.1027960526315789,0.1174999999999999,0.1640625,0.1165695253955036,0.2280219780219781,0.2179836512261581,0.2603383458646615,0.240518038852914,0.2686849574266792,0.2783603431839847,0.4785005512679161,0.4175475687103593,0.5308219178082192,0.6699875466998757,0.6433823529411764,0.672069825436409,0.8967468175388966,0.9322766570605184,1.0135135135135136,0.9925705794947992,0.8471074380165291,0.776158940397351,0.7506527415143602,0.4883462819089901,0.8097165991902835,0.7927807486631016,0.8170731707317074,1.047328244274809,0.7856191744340879
PXKS-L,13.0,0.1729905057945061,8.586762393480232e-07,0.093167826347,0.0529103660521409,0.3226278342974932,0.6542194408862935,0.416,0.449305525095317,0.0404305412308336,-0.0050005068081224,0.0533645711310686,1.0,0.1948831332912192,0.0310374675404971,6.209903721838068e-08,0.0992007960941628,1.7223169452281761e-12,0.0943396226415093,-0.0377740987262222,3.33082895594222e-07,0.8184032983508244,3.0,0.0081902284447178,0.4206563802155622,0.0068385678593202,0.1906179908623518,0.0393493502919239,0.0236981285598047,0.0335031428454048,0.02089322022015,0.2184804403454942,0.0,-0.0803571428571429,-0.0803571428571429,-0.134453781512605,-0.0964912280701753,-0.134453781512605,-0.1889763779527559,-0.1416666666666666,-0.2196969696969697,-0.2196969696969697,-0.2313432835820895,-0.2481751824817518,-0.2426470588235294,-0.1825396825396825,-0.0803571428571429,-0.0283018867924528,0.0198019801980198,0.0,-0.0462962962962962,0.0618556701030927,0.0842105263157895,0.03,0.0510204081632652,0.095744680851064,0.0842105263157895,0.0098039215686274,0.095744680851064,0.0510204081632652,0.0510204081632652,0.095744680851064,0.0510204081632652,-0.0096153846153845,0.0510204081632652,0.0618556701030927,0.0098039215686274,0.03,0.03,0.0198019801980198,0.03,0.0729166666666667,0.095744680851064,0.1976744186046513,0.0098039215686274,0.1444444444444443,0.1976744186046513,0.2409638554216868,0.2560975609756097,0.3918918918918919,0.3376623376623378
PXMC-L,15.0,-0.188221380729824,1.3802119548339343e-06,0.1497553348252171,0.1090454578550105,-0.2528526568626926,6.944661256804025,0.3554999999999997,0.0595329820751296,-0.0405258623235227,-0.0013816218705624,-4.117809458991056e-05,1.0,1.0270718232044198,-0.4299345295829292,-8.028706943291634e-07,-0.2415613270903664,3.6198490805100525e-09,0.0125,0.0087560695482095,2.8108253202986746e-06,0.0502215495305781,3.0,0.0095778916340007,-0.3521944974045675,0.0169918326833552,0.0391973410755566,-0.0871680964781401,0.0141622424250914,0.0430038920436419,0.0391973410755566,1.6536866802719628,-0.0363636363636363,-0.1851851851851851,-0.0833333333333332,-0.2307692307692307,-0.1199999999999998,-0.0677966101694914,-0.3037974683544303,-0.2198581560283686,-0.4444444444444444,-0.5045045045045045,-0.6,-0.638157894736842,-0.6258503401360545,-0.6540880503144654,-0.6369636963696369,-0.6099290780141844,-0.6405228758169934,-0.6333333333333333,-0.65625,-0.6296296296296297,-0.6271186440677966,-0.6206896551724137,-0.6193771626297577,-0.6014492753623188,-0.6099290780141844,-0.6716417910447761,-0.6901408450704225,-0.7043010752688172,-0.6518987341772151,-0.6283783783783783,-0.7303921568627451,-0.7634408602150538,-0.7471264367816092,-0.739952718676123,-0.7813121272365805,-0.78515625,-0.78,-0.7962962962962963,-0.78,-0.8042704626334519,-0.808695652173913,-0.7996357012750455,-0.7992700729927007,-0.7970479704797048,-0.7981651376146789,-0.789272030651341,-0.7834645669291338,-0.8007246376811594,-0.8053097345132744
PXQV-L,13.0,-0.0464912909468854,7.193940095819121e-07,0.0780554685089342,0.5056982198700986,0.0657561321710926,0.6545813975523184,0.1025,-0.0414142484000901,-0.0663497789165738,-0.0014135224347331,0.000599950412778,1.0,0.4426523297491039,-0.0725090762404195,6.122058404908592e-08,-0.0263893679320744,1.649058023680842e-11,-0.008695652173913,0.0040140491721023,1.0148067937710702e-06,-0.0271452495813232,2.0,0.0107830827890255,-0.0397005243046299,0.2430997698523359,-0.2430997698523359,-0.2430997698523359,0.0142682096664397,0.039785885122053,-0.2430997698523359,0.5669581676400894,0.0588235294117645,-0.0285714285714284,-0.15,-0.3199999999999999,-0.2916666666666666,-0.3461538461538461,-0.3818181818181818,-0.3818181818181818,-0.3644859813084112,-0.4137931034482758,-0.3818181818181818,-0.3703703703703703,-0.3928571428571429,-0.3267326732673267,-0.4137931034482758,-0.3199999999999999,-0.3061224489795917,-0.3061224489795917,-0.2916666666666666,-0.423728813559322,-0.2608695652173912,-0.3398058252427184,-0.2093023255813952,-0.0555555555555554,-0.0555555555555554,-0.15,-0.2916666666666666,-0.4516129032258064,-0.4471544715447154,-0.4516129032258064,-0.5277777777777777,-0.5405405405405406,-0.5,-0.5526315789473684,-0.5277777777777777,-0.5952380952380951,-0.6179775280898876,-0.6136363636363635,-0.6091954022988506,-0.5903614457831325,-0.6114285714285714,-0.6243093922651933,-0.6421052631578947,-0.6458333333333333,-0.6761904761904762,-0.6046511627906976,-0.6344086021505376,-0.6091954022988506,-0.6344086021505376
QAJT-L,14.0,-0.096789653753911,7.109064240638913e-07,0.0771345511044317,0.0623524752648989,0.3162745497507566,0.8855134944023461,-6.7569,0.3609804564558161,-0.0305380094487959,0.0020626824940438,0.0554120249486366,1.0,0.1650018272163881,0.04377874175719,1.26864079130362e-08,-0.1073872585151898,2.4805843745578363e-09,0.075794216053268,0.2004985919186431,4.823029311875069e-07,-0.2389348235250622,3.0,0.2231996396160037,-0.1299123115908344,-0.12111657445338,-0.0522729103998299,0.1470125073358913,-3.1230009222038014e-05,-5.550030715611166e-05,0.0346566279317091,4.079457232495672,-0.0487804878048779,0.0186335403726707,0.0314465408805031,-0.0352941176470588,-0.0574712643678161,-0.0939226519337017,-0.2407407407407408,-0.2190476190476191,-0.1758793969849247,-0.18,-0.2775330396475771,-0.3787878787878789,-0.2931034482758621,-0.2961373390557941,-0.2711111111111112,-0.424561403508772,-0.4793650793650793,-0.3811320754716981,-0.4402730375426622,-0.3543307086614173,-0.4142857142857142,-0.3692307692307692,-0.3195020746887967,-0.2264150943396227,-0.2300469483568075,-0.3903345724907063,-0.4402730375426622,-0.3466135458167331,-0.4057971014492754,-0.163265306122449,0.1081081081081081,0.0512820512820511,0.822222222222222,1.342857142857143,2.215686274509804,2.4166666666666665,1.9818181818181813,1.3098591549295775,1.342857142857143,1.4117647058823528,1.1025641025641022,0.842696629213483,0.5619047619047617,0.6734693877551019,0.822222222222222,0.9759036144578312,0.822222222222222,0.8636363636363635,0.842696629213483
QALX-L,16.0,0.0958821636231943,3.4156231873948765e-07,0.0370600901023668,0.1348774936134371,0.0216256511386026,0.0678778137855734,-10.5974,0.0295014390461341,-0.0281349031222677,0.0001256913667347,0.3246056934962249,1.0,0.8028045428959306,0.0103943459851547,8.372071035361475e-08,0.0122499944235219,1.481465631711113e-09,0.0061943476577621,-4.0021755094300375e-05,4.183580953602073e-06,0.1035048728629982,2.0,0.5433912259007488,-0.079181941898354,0.0215283526525629,-0.0215283526525629,-0.0215283526525629,0.0048650046013917,0.0659582050071544,-0.0215283526525629,0.3638690782625393,-0.0851769911504424,0.1863517060367452,-0.0723447922011287,-0.0665978316985029,-0.1231813773035889,-0.045910290237467,-0.0479199578725645,-0.2400168137873056,-0.214596003475239,-0.2544329896907217,-0.3128088179399468,-0.270967741935484,-0.2951267056530214,-0.273603856970671,-0.3030069390902082,-0.29375,-0.3253731343283582,-0.2223655913978495,-0.2038749449581682,-0.2010605391073796,-0.1311869293608841,-0.0932798395185557,-0.1210500729217307,-0.0737704918032787,0.0878459687123944,-0.0184581976112923,0.2061374249499665,0.1612074502247911,0.1740259740259739,0.20855614973262,0.0072423398328689,-0.1004975124378111,-0.1423149905123339,-0.0305630026809651,-0.0341880341880341,-0.1582867783985103,-0.1124202258222878,-0.1071604938271605,-0.0388091440723019,-0.0583333333333333,-0.149976492712741,-0.1953716065865599,-0.2306382978723404,-0.1837471783295711,-0.1447492904446548,-0.01578660860098,-0.027956989247312,0.0083658672615727,0.0774731823599521
QAND-L,15.0,0.0613046352322311,6.310634848493634e-07,0.0684714569661552,0.2526508804547837,0.4681227395571193,1.2460125220507443,0.1074999999999999,0.0333014387621689,-0.0002776385190403,0.0044760004009343,0.0288259632028123,1.0,0.2272412925317,0.094752175335845,6.301847215579017e-08,-0.0128137026156874,8.874432950028823e-10,0.0069922246461934,0.0367755744716484,1.7814400886090574e-07,-0.0416586437132137,4.0,0.1453173730987384,0.0123817569560649,0.0045466713941606,-0.0681157482026216,0.0087174579444776,0.0221553673167937,0.0284089152105048,0.0573496767894623,0.5550874398305733,-0.0645161290322581,0.0146192450360027,0.0038860103626943,-0.0160812526449428,-0.0023600085818493,0.0041027855754696,0.0141766630316249,0.0023712006898037,-0.0451745379876796,-0.0150391866130057,0.009333622747992,-0.1203178206583427,-0.0406436971322466,-0.029430181590482,-0.018366054464851,0.0170603674540683,0.0435368043087971,0.0601915184678523,0.0706884641952567,0.1032028469750889,0.1411042944785276,0.136086000488639,0.1447562776957165,0.4481469947056991,0.4668769716088328,0.3648371000880539,0.4112291350531107,0.4654900724866058,0.4581373471307619,0.4980670103092783,0.48895292987512,0.4710534640936412,0.4432029795158287,0.479478205536112,0.5220949263502455,0.5677680377612946,0.6379006692497358,0.6134628730048577,0.616266944734098,0.7932896259159274,0.9080837094788674,0.8871753246753247,0.8712273641851105,0.8128654970760234,0.8459706232631996,0.8393987341772151,0.7782026768642449,1.2121788772597526,1.1688432835820892
QAOI-L,16.0,0.0377765561697063,6.34319766456367e-07,0.0688247690358226,0.0087257502149691,0.2308270676691729,1.812600686065917,-15.516000000000002,0.3550432762623782,-0.0401435349333804,-0.0149347007451326,-0.0039890747068568,1.0,2.16000787246605,-0.0390918770300687,7.955187409998537e-08,0.0051366477645419,8.569114959659427e-10,0.0745476003147129,-0.0012538217088121,5.91770212367771e-07,0.1368748504426895,2.0,0.0632022117706782,0.1802344338100872,-0.0372601182283001,0.0372601182283001,0.0372601182283001,0.0229668953597065,0.0446512457224367,0.0372601182283001,0.4809497525076596,-0.1274900398406374,-0.0079051383399209,-0.0346153846153847,-0.1344827586206897,-0.0456273764258555,-0.0703703703703705,0.0680851063829786,0.004,0.1205357142857141,-0.0634328358208956,-0.1099290780141843,-0.1035714285714285,-0.0772058823529413,0.0458333333333333,0.037190082644628,0.0818965517241379,-0.0156862745098039,0.1409090909090906,0.1255605381165918,0.2184466019417474,0.2425742574257425,0.2613065326633164,0.2425742574257425,0.0865800865800865,0.2549999999999999,0.2938144329896905,0.1839622641509433,0.0590717299578058,0.0502092050209204,0.0120967741935482,-0.1797385620915034,-0.1491525423728814,-0.1491525423728814,-0.0156862745098039,0.0080321285140561,-0.1192982456140352,-0.1929260450160772,-0.2573964497041421,-0.2745664739884393,-0.248502994011976,-0.3306666666666668,-0.3629441624365482,-0.3756218905472637,-0.2949438202247192,-0.261764705882353,-0.1929260450160772,-0.0938628158844766,-0.1577181208053691,-0.1404109589041096
QAOV-L,15.0,0.0843733055290998,9.95419228601749e-07,0.1080046722886486,0.0723449273228269,0.0622582471092422,0.6751031782899193,-24.852,0.9247064833892132,-0.0118363840873663,0.0036914091113123,0.2416185570730001,1.0,0.0771966367091526,0.0505805496546888,4.7949932397735895e-08,0.0461049024672747,7.285510155521024e-08,0.1941584419167533,0.0818070520138001,1.968679088309118e-06,0.1025970546209962,4.0,0.648567800429197,-0.1374000607967291,-0.0011174060034908,-0.5873618019718791,0.0230072963776374,0.0045035333714008,0.0134311544838408,0.0776044607134594,0.7065040133633245,-0.0809928151534944,0.0088962108731465,0.0808330391810803,0.1585319712447976,0.1620493358633776,0.1882033372138145,0.2136345620293303,0.1914396887159533,0.2663358147229115,0.2903497682258744,0.3313043478260871,0.1745301112389721,0.2055118110236222,0.2700124429697221,0.2316975060337893,0.1315594974131559,0.21604447974583,0.1664761904761904,0.1416853094705443,0.2262715258309973,0.2544039328144203,0.3324630113141862,0.3602843180808528,0.3007646559048429,0.4922027290448343,0.2416869424168695,0.2150793650793652,0.1429637924598732,0.1442451420029895,0.2447154471544714,0.3694096601073346,0.4189063948100093,0.4601812112541728,0.5332999499248874,0.2784968684759916,0.2346774193548386,0.3542680229986732,0.2508169934640523,0.2233320015980822,0.3388718845649321,0.3500881834215168,0.4422986340084787,0.3518763796909494,0.3620996441281139,0.344161545215101,0.3024245002126753,0.2097984986171475,0.3394575678040246,0.3074295473953885
QAOZ-L,14.0,-0.2190636422464754,4.846179594973358e-07,0.0525818694242284,0.2571908543252162,-0.1899571153208958,1.8472202607882924,-3.3369,-0.0895547286924151,0.0165793708577567,0.0536371105299785,-0.0130550592286814,1.0,0.2815852689514681,-0.2137988026850329,-1.5851664867100794e-07,-0.2092509545749364,8.554304360029259e-10,-0.0188035954127492,-0.0060195188368023,4.465632074237868e-07,-0.2246979290545561,4.0,0.0840604506761339,-0.1734354755144324,0.0437559273771056,-0.0873076958083464,-0.3576802581443165,-0.0984829475662096,-0.1892324672821878,-0.0960484649137467,1.6536866802719628,-0.1999999999999999,0.3636363636363635,0.1111111111111109,0.1764705882352941,0.1111111111111109,-0.1304347826086955,-0.368421052631579,-0.3478260869565218,-0.2682926829268293,-0.52,-0.5652173913043478,-0.5238095238095238,-0.5384615384615385,-0.5683453237410072,-0.4230769230769231,-0.4642857142857143,-0.4871794871794871,-0.4,-0.1176470588235295,-0.1044776119402985,0.0,0.0909090909090908,0.1111111111111109,0.1111111111111109,-0.5918367346938775,-0.795221843003413,-0.8421052631578947,-0.8351648351648352,-0.7833935018050542,-0.781021897810219,-0.7718631178707225,-0.7761194029850746,-0.765625,-0.8433420365535248,-0.839142091152815,-0.8309859154929577,-0.8230088495575221,-0.8739495798319328,-0.8620689655172413,-0.888268156424581,-0.8852772466539197,-0.8857142857142857,-0.888682745825603,-0.8867924528301887,-0.8726114649681529,-0.875,-0.8481012658227849,-0.8627002288329519,-0.8897058823529412
QASO-L,16.0,-0.1961347929790226,2.592732745085221e-07,0.028131589426731,0.2727387649326844,0.2615143775232759,2.164428549163985,-1.1565,0.2426822199240952,-0.0584027844749109,-0.0419851996819766,-0.0078895463510848,1.0,1.390334572490706,-0.3227364962798338,4.48706637150574e-08,-0.0795389048991353,5.895133049420262e-12,0.0509554140127389,0.0047703504372821,2.2694272208728534e-07,0.02215928023992,2.0,0.007600473039599,-0.0997833703297587,-0.0039305238809871,-0.6882391996091969,-0.117379562510968,0.0247142034706801,0.0435696679715818,-0.3092918311881442,1.0620131277261822,-0.0652173913043477,0.2777777777777777,0.1004784688995215,-0.0128755364806868,-0.1153846153846155,-0.206896551724138,-0.2333333333333334,-0.2812500000000001,-0.2333333333333334,-0.2698412698412699,-0.250814332247557,-0.3750000000000001,-0.413265306122449,-0.425,-0.5660377358490567,-0.61082910321489,-0.7142857142857144,-0.7228915662650603,-0.7683786505538772,-0.7350230414746544,-0.7088607594936709,-0.6973684210526316,-0.6870748299319728,-0.5818181818181818,-0.5353535353535355,-0.5390781563126252,-0.547244094488189,-0.460093896713615,-0.4390243902439024,-0.339080459770115,-0.3646408839779006,-0.3352601156069364,-0.2767295597484277,-0.2013888888888889,-0.2281879194630872,-0.353932584269663,-0.353932584269663,-0.353932584269663,-0.3646408839779006,-0.434889434889435,-0.4334975369458128,-0.4575471698113208,-0.4471153846153847,-0.4320987654320988,-0.4087403598971723,-0.3979057591623036,-0.416243654822335,-0.4010416666666667,-0.381720430107527
QAUL-L,13.0,0.2385709554471842,7.28499274979504e-08,0.0079043405226561,0.2078206275015768,0.3271489201785881,1.3697706708207849,1.5446999999999995,1.092703188900369,-0.004959679104493,-0.0013717774245336,0.0107296821585804,1.0,1.0774882387728897,0.2596782406648001,2.29566537916422e-08,0.008948393484285,3.514189570976641e-10,0.2294323144104803,0.0751769672085294,1.3353310977642492e-07,0.2273519929882236,4.0,0.3408334852526553,-0.344084712039209,-0.0292244719309827,1.2675416277909035,0.1588504309186627,0.0234877835845815,0.0709079536276242,0.2675416277909038,0.745117774437751,-0.1113628872775214,0.0162877360465603,-0.1031297343236152,-0.174534076996327,-0.0210534806808099,-0.0168104670474339,0.0266474917519667,0.0747431810131065,0.1697913152441081,0.0725585505965531,-0.0309805174065793,0.0275602218365014,0.0582951820361892,0.0776539537361808,0.0031824757181235,0.0227540873082756,0.0969899665551838,0.1806021693662143,0.1334640889137948,0.3423293883419975,0.4933858364609611,0.4403038215048658,0.5644215275539799,0.6309635801639566,0.6638332876336717,0.4778373112518266,0.4847076094935161,0.5934873949579833,0.6019007391763462,0.6818181818181819,0.7359462165641539,0.8649250864387246,0.8277108433734939,1.005453193423118,0.8424168817367541,0.9141955835962146,0.9261963336243156,0.8894597540090299,0.7354497354497354,0.8178550029958058,1.2837786977794503,1.2214900237964486,1.01678437889489,1.2192557374051385,1.0474061577393503,1.6552893556503667,2.4823529411764707,2.374391769776171,2.298274222041038
QAVK-L,15.0,0.0652430204544005,2.229304264797181e-07,0.0241883288601245,0.0568238723371965,0.1610576715744481,1.0315828673981262,2.7318,0.2627650830876926,-0.0022591632135251,0.0011306197014477,0.0867965707031259,1.0,0.1886876582017696,0.1179513335285168,3.2441695753207484e-08,-0.01393825864574,6.521034057420395e-08,0.055172165480491,0.0743845481668864,3.506539487751109e-07,0.0366603887013065,5.0,2.143478233904635,-0.1372468923965246,-0.0423757589730792,-0.0724510946126994,0.0181470005198042,0.0136355611202389,0.035461105705124,0.0653154458136572,0.6568137912489789,-0.0854873871068203,-0.0115437894412805,-0.0903682719546741,-0.1150613201047263,-0.0753059755219582,-0.0363145258103241,0.0442276422764227,0.0796906523201077,0.1174525839568469,0.1041953232462173,0.095156889495225,0.0108610105461985,0.0203368287257705,0.0798722044728434,0.1360339642667609,0.1402698863636362,0.2030723117272386,0.1718978102189781,0.145558330360328,0.181166084237631,0.2190584662110857,0.2729435084241822,0.3631925281256634,0.3010534846029173,0.3716360529688167,0.1490427625693327,0.128646748681898,0.1435185185185186,0.1934584649693365,0.2416860015467903,0.4759825327510918,0.4145374449339207,0.3742777658891505,0.3505783385909569,0.4318840579710143,0.4220549158547388,0.4542572463768117,0.4855424473745084,0.6168177240684793,0.6521739130434783,0.4399103139013451,0.6059014753688421,0.5404173662748861,0.5951316443119723,0.4921003717472119,0.5545872670055676,0.4851988899167436,0.6466666666666667,0.6624385192855293
QBE-L,21.0,-0.0018795092919485,2.1655323879106518e-07,0.0234963931945822,0.0719523680412951,0.2364561907256047,1.1863256801310516,1567.2344999999998,-0.1143152754051985,0.0555505104656497,0.0093864066030716,0.0703429918498461,1.0,0.1497052279312779,-0.1407075785337905,1.7570155176567234e-07,0.003565372539416,1.703797639542773e-05,-0.0240025090757537,0.0191856251603468,8.826060301883834e-07,0.0399522973338388,3.0,13.49624205262312,0.0133817799973096,0.0128228193558262,-0.1380849210680488,0.3009639448589822,0.0523036567781317,0.2804535189864129,-0.039454729626518,0.453535334723291,-0.0320452403393025,0.0326034063260338,0.0037842951750235,-0.0393843368039837,-0.0254879448909299,0.019947128094208,0.0236372407139411,0.0448055145248647,0.0728008088978764,0.1439353099730458,0.0525793650793651,0.0285991274842463,0.0313487241798298,-0.0004710315591145,-0.0308289563827358,-0.054577856983738,-0.0148560817084494,0.0172579098753595,-0.0175925925925927,0.0684793554884188,0.0821009688934217,0.0980595084087969,0.325007805182641,0.2891859052247871,0.3703584113658378,0.232288037166086,0.1445523193096007,0.2029478458049884,0.2009054895302771,0.1723756906077347,0.3354310887350533,0.3896529142108709,0.3409162717219589,0.3481575603557814,0.3815104166666667,0.4504442925495555,0.5023008849557522,0.4761739130434781,0.5824011931394482,0.6558720249707375,0.4435374149659863,0.5288184438040344,0.476687543493389,0.4761739130434781,0.5087095627444009,0.4761739130434781,0.456417295813315,0.6149162861491626,0.5794566430963899
QBGD-L,12.0,0.110268591266216,1.6265293501560569e-06,0.176481189416281,0.0821858514811307,0.1874800722712296,2.6643839269756806,0.165,-0.0517678105001127,-0.0052305173162176,0.0015987575369998,0.0050370784944732,1.0,0.2170491803278688,0.0856185252894576,1.5095117554072488e-07,0.0633793670721676,2.331431201831206e-11,-0.0108695652173913,0.0140995188501126,1.1474267531903588e-06,0.1471930625285256,3.0,0.0036952811263072,0.1234560114248312,-0.0532604709322616,0.167325963640584,0.0766257683232057,0.0174954452898939,0.0297670602178967,0.1758005399117704,0.5109425075638675,-0.0897435897435898,0.0833333333333334,0.0,0.0,-0.025,0.0263157894736842,0.1142857142857143,0.1142857142857143,0.1142857142857143,0.0,0.1818181818181818,0.0540540540540541,0.0,0.0263157894736842,-0.1034482758620689,-0.0487804878048779,-0.1034482758620689,0.0833333333333334,0.3684210526315792,0.4444444444444444,0.471698113207547,0.3928571428571428,0.3928571428571428,0.5918367346938775,0.5918367346938775,0.6956521739130435,0.6250000000000002,0.7727272727272727,0.56,0.8571428571428572,0.6956521739130435,0.902439024390244,0.8571428571428572,0.8571428571428572,0.8571428571428572,0.6956521739130435,0.7727272727272727,0.5,0.4181818181818182,0.4181818181818182,0.471698113207547,0.6956521739130435,0.7727272727272727,0.8571428571428572,0.6956521739130435,0.6956521739130435,0.7727272727272727,0.7333333333333334,0.56
QBIE-L^H21,16.0,0.2667275228313316,8.025760559676098e-07,0.0870808614308754,0.0755422738613586,0.0748125156961357,3.5257519387791776,-7.4068,0.2138932592302334,-0.0026534782534141,0.0021487449076242,0.0061111713054027,1.0,0.1642084363223793,0.6871459711994061,6.632461563737518e-08,-0.0010649283997461,9.108372786585984e-08,0.0449106637561645,0.0105042904476361,1.7160988145867062e-06,0.1538919030402591,4.0,0.1362991433549044,-0.0078692484976352,0.0178945346012949,0.0075689801328673,0.0198554502630056,0.0030260678267216,0.0100728007161083,0.026717354908276,0.7398704054551273,-0.0740740740740741,-0.1964285714285714,-0.2968749999999999,-0.3076923076923076,-0.2931937172774869,-0.3112244897959183,-0.3112244897959183,-0.3414634146341462,-0.3571428571428571,-0.3661971830985915,-0.375,-0.3999999999999999,-0.4026548672566371,-0.334975369458128,-0.334975369458128,-0.3446601941747572,-0.3005181347150258,-0.2931937172774869,-0.2415730337078651,-0.1964285714285714,-0.1964285714285714,-0.1346153846153845,-0.150943396226415,-0.1768292682926828,-0.0753424657534246,-0.1346153846153845,-0.0624999999999998,0.007462686567164,0.1065573770491803,0.1250000000000002,0.0546875,0.1065573770491803,0.0887096774193549,0.1739130434782609,0.2980769230769231,0.238532110091743,0.3235294117647058,0.3775510204081633,0.4835164835164836,0.5340909090909092,0.5,0.5697674418604652,0.6666666666666667,0.6875,0.6463414634146343,0.7307692307692308,0.7307692307692308,0.6463414634146343,0.8
QBJB-L,13.0,-0.3935574229691876,1.9313690809431312e-08,0.0020955681652714,0.450479233226837,-3.1789473684210527,2.34261388283748,0.2945,-2.8575831396062195,1.3582255065118662,-0.0417057169634489,-0.0442773600668337,1.0,2.4324324324324325,-0.7956989247311829,-1.4315849766639874e-07,-0.5719267654751524,2.808570454630522e-15,-0.6,-0.0462184873949579,5.404445059832096e-08,1.044871794871795,2.0,0.0016595177131367,0.3412477898459206,0.1450194467973763,0.5612213244309201,0.4863620657314075,-0.2390300230946882,-0.9078947368421052,0.155206286836935,1.6536866802719628,0.0,0.0,0.0,0.0,0.0,0.0,0.0,0.0,0.0,0.0,0.0,0.0,0.0,0.0,0.0,-0.5,0.0,-0.5,0.0,-0.5,-0.5,-0.6666666666666666,-0.6666666666666666,-0.75,-0.75,-0.75,-0.75,-0.8,-0.75,-0.75,-0.8333333333333333,-0.8,-0.8,-0.8333333333333333,-0.8,-0.8,-0.8,-0.8333333333333333,-0.8333333333333333,-0.8333333333333333,-0.875,-0.875,-0.9,-0.9166666666666666,-0.9285714285714286,-0.9285714285714286,-0.9444444444444444,-0.9285714285714286,-0.9375
QBJH-L,11.0,0.0834814770092195,2.0060223793373346e-06,0.2176568258464958,0.0607157852461709,0.0517646084681393,4.274516757373006,-1.2639999999999998,0.093134419810785,0.0002464645292403,-0.0003113812357306,0.0221064684266822,1.0,0.0521605624128805,0.0729987136254255,1.872438273658554e-07,-0.0073357768034898,6.35076626405678e-08,0.0195552147239262,0.0630141703618729,5.345867791149062e-06,0.0874681506791178,4.0,0.0370593295199642,0.1104707729122198,-0.0054282812301297,-0.1119015614394304,-0.0111993321985553,0.0034795437063853,0.0119072897141518,-0.0093959836164598,0.3863359425650555,-0.054054054054054,0.0277777777777779,-0.159090909090909,-0.26,-0.26,-0.26,-0.2448979591836735,-0.26,-0.159090909090909,-0.1395348837209302,-0.159090909090909,-0.26,-0.2127659574468084,-0.1777777777777778,-0.2448979591836735,-0.159090909090909,-0.1395348837209302,-0.2448979591836735,-0.1777777777777778,-0.2291666666666666,-0.2448979591836735,-0.26,-0.159090909090909,-0.159090909090909,-0.1395348837209302,-0.1395348837209302,-0.2127659574468084,-0.26,-0.2291666666666666,-0.119047619047619,-0.3392857142857143,-0.3620689655172413,-0.421875,-0.4558823529411765,-0.4637681159420289,-0.5194805194805194,-0.5256410256410257,-0.5066666666666666,-0.4393939393939394,-0.4307692307692308,-0.421875,-0.4032258064516129,-0.421875,-0.3272727272727274,-0.3392857142857143,-0.3833333333333333,-0.3392857142857143,-0.3728813559322034,-0.3833333333333333
QBJR-L,3.0,-0.1769809011843888,4.7013072956148283e-07,0.0510099804385294,0.2075246262910549,-1.2376246360187064,0.5824918358086061,0.6709999999999998,-0.6667693992414517,0.8219226533663562,-0.0012866700977869,-0.0229708385529768,1.0,0.4147807637906648,-0.1722721694923743,-1.1643743653002238e-07,-0.0017021276595744,1.0966503312434009e-12,-0.1400000000000001,-0.00131113150649,7.244269047732761e-08,-0.1838141025641026,4.0,0.0197661196663727,0.7565114664628722,-0.4343379383972791,1.4090511682077582,1.1837915903653726,-0.044953003677973,-0.0516118348421285,1.220332505255112,1.6536866802719628,-0.142857142857143,-0.1249999999999998,-0.2222222222222221,-0.2222222222222221,-0.2222222222222221,-0.3636363636363635,-0.3636363636363635,-0.3636363636363635,-0.1249999999999998,-0.1249999999999998,-0.2222222222222221,-0.2222222222222221,0.0,-0.2222222222222221,-0.3636363636363635,-0.4615384615384614,-0.3636363636363635,-0.4166666666666666,-0.5333333333333332,-0.5625,-0.5625,-0.611111111111111,-0.6499999999999999,-0.6499999999999999,-0.588235294117647,-0.611111111111111,-0.631578947368421,-0.6499999999999999,-0.611111111111111,-0.611111111111111,-0.6666666666666666,-0.6499999999999999,-0.6666666666666666,-0.5625,-0.5625,-0.5333333333333332,-0.5333333333333332,-0.611111111111111,-0.588235294117647,-0.611111111111111,-0.6499999999999999,-0.6499999999999999,-0.6499999999999999,-0.631578947368421,-0.588235294117647,-0.6499999999999999,-0.6499999999999999,-0.6499999999999999,-0.6818181818181818
QBKZ-L^E23,6.0,0.066189976196147,1.875863685564772e-06,0.2035343871166644,0.0867554126726059,0.3940303380829321,0.8769011709755156,1.257200000000001,1.0695917676268278,0.0363655356346856,0.0029317761149656,-0.0553941326661831,1.0,0.103138144249966,0.1487291496143004,2.890221210068564e-07,-0.0540642725429195,3.69469678002488e-09,0.2245796637309848,0.0834177904274451,1.194802531885095e-06,-0.045575023751719,4.0,0.1286682137562586,-0.0248205506816343,0.1746807077623657,0.1164435849443179,0.0036141470901612,0.0211490580107125,0.0348267243319452,0.2472095399004912,0.6441721086754975,0.0,0.0,0.0,0.0,0.0,0.0,0.0,0.0,0.0,0.0,0.0,0.0,0.0,0.0,0.0,0.0,0.0,0.0,0.0,0.0,0.0,0.0,0.0,0.0,0.0,0.0,0.0,0.0,0.0,0.0,0.0,0.0,0.0,0.0,0.0,0.0,0.0,0.0,0.0,0.0,0.0,0.0,0.0,0.0,0.0,0.0,0.0,0.0,0.0
QCBC-L,12.0,-0.6026024936026569,7.852472089314194e-07,0.0852006521768178,0.5217666803671736,-2.4488636363636367,0.4233844694461203,22.3772,-1.923979818057168,0.2482181732841228,0.0051178744487395,-0.4568882544861338,1.0,3.230769230769231,-0.5297561627873659,-1.0056140350877193e-06,0.1013597755785864,1.6009553734007633e-13,-0.4039735099337749,0.0003062557848314,1.460446570972887e-07,-0.7831892979756125,1.0,0.0017628276602363,3.6422703510082144,0.9203207701930688,-1.920320770193069,-0.9203207701930688,-0.5105707874623099,-0.6055219443231669,-0.9203207701930688,1.6536866802719628,0.0,0.0,-0.2666666666666666,-0.2666666666666666,-0.2666666666666666,-0.2666666666666666,-0.4761904761904761,-0.4761904761904761,-0.45,-0.5,-0.4761904761904761,-0.4761904761904761,-0.4761904761904761,-0.5,-0.5416666666666666,-0.5217391304347827,-0.5,-0.2142857142857143,-0.3125,-0.2666666666666666,-0.3125,-0.3125,-0.3125,-0.45,-0.5769230769230769,-0.5925925925925926,-0.6333333333333333,-0.45,-0.45,-0.45,-0.3888888888888888,-0.3888888888888888,-0.3888888888888888,-0.4210526315789473,-0.5769230769230769,-0.5,-0.6071428571428572,-0.5925925925925926,-0.6333333333333333,0.0,0.0,-0.6333333333333333,-0.75,-0.75,-0.7608695652173914,-0.7608695652173914,-0.7659574468085106,-0.7555555555555555,-0.7755102040816326
QCBK-L,15.0,0.3077360060053966,1.971525907178594e-07,0.0213913900189079,0.6654675616278446,0.9642464246424642,2.5118145708956234,10.1875,0.3342202502463411,0.0254087334835914,0.0224593722737324,-0.0026676625940351,1.0,0.2577371892440385,0.2392988408255585,7.376018413737135e-08,-0.0457774339317425,1.5280854016243451e-10,0.0701754385964911,0.0006898090851914,9.275625948748493e-08,0.4816437962497306,2.0,0.1250204120931504,0.2356980610063485,-0.7649465963196501,0.7649465963196501,0.7649465963196501,0.1171731034642281,0.1812403100775194,0.7649465963196501,0.4274507050625232,-0.0888030888030888,-0.018939393939394,-0.1220338983050848,-0.1645161290322581,-0.1880877742946708,-0.2704225352112676,-0.1508196721311475,-0.0152091254752851,0.0077821011673151,0.0658436213991768,0.0237154150197629,-0.0460405156537753,0.102127659574468,0.097457627118644,0.1640449438202245,0.1511111111111109,0.2362768496420046,0.1880733944954127,0.3080808080808079,0.3147208121827411,0.4388888888888889,0.4349030470914128,0.3850267379679142,0.7266666666666666,0.8175438596491227,0.8768115942028987,0.7152317880794701,0.6818181818181817,0.6602564102564101,0.5938461538461537,0.6187499999999999,0.5014492753623188,0.4509803921568627,0.4309392265193368,0.3147208121827411,0.2758620689655173,0.3924731182795697,0.3282051282051281,0.3631578947368421,0.3015075376884422,0.2046511627906977,0.1359649122807018,0.2333333333333331,0.311392405063291,0.4153005464480872,0.2821782178217822,0.2949999999999999,0.2603406326034061,0.1212121212121211
QCGF-L,16.0,0.025418647757454,1.530816549267357e-06,0.1660961884068736,0.0249816419420347,0.1072919186890673,0.3017178864884984,4.0838,0.5342790006062623,0.0196891317107871,0.000919557602422,-0.0223966693663091,1.0,0.077959943024089,0.0415303592783092,4.823003738735388e-08,0.0335006142828861,1.7120322719910154e-10,0.1121813031161473,0.0106864885127942,2.2087322966481017e-06,0.0142882325503759,4.0,0.0413818266930413,0.0201671230282918,-1.0208825014476202,-0.3125722392823585,-0.2986139408570956,0.0112182049323817,0.0274824902659566,-0.1661984806305378,0.7788550243451401,-0.0899280575539568,0.0145985401459851,0.0036101083032489,-0.0106761565836299,0.0,0.0072463768115942,0.0183150183150182,0.0373134328358206,0.103174603174603,0.0733590733590734,0.0258302583025828,0.0944881889763777,-0.027972027972028,-0.024561403508772,-0.0313588850174216,-0.0671140939597315,-0.0413793103448276,-0.027972027972028,-0.0176678445229683,0.0145985401459851,0.0036101083032489,-0.003584229390681,0.0072463768115942,0.0036101083032489,0.0183150183150182,-0.054421768707483,-0.0211267605633802,0.0145985401459851,0.0109090909090907,0.0183150183150182,0.103174603174603,0.0901960784313724,0.0692307692307692,0.0944881889763777,0.1300813008130081,0.1631799163179914,0.2139737991266375,0.1982758620689655,0.1583333333333332,0.1631799163179914,0.2192982456140351,0.2034632034632033,0.944055944055944,0.8783783783783783,0.9172413793103448,0.9041095890410956,0.8410596026490065,0.7820512820512819,0.7484276729559747
QCJD-L,13.0,0.012167376676211,7.949265375574742e-07,0.0862508757270497,0.12752980855986,0.2143762218521468,1.261023988188634,-1.186,0.1579725764095392,0.0557818183234173,-0.0105444040395297,0.0784718431583953,1.0,0.0300337458312743,0.046782087083842,1.3242580380525516e-07,-0.024130898539162,3.57286479019655e-10,0.0331691297208538,0.1052269882972198,8.407051846436145e-07,0.0406962971171783,3.0,0.0433398267511078,0.0722750424696735,0.4766612252955375,0.2930740876738143,0.1918104678796395,0.0063610717265216,0.0160252608365146,0.3240202654713615,1.6747248379062063,0.009090909090909,0.0784313725490197,-0.0677966101694914,-0.0350877192982455,-0.0517241379310343,-0.0833333333333332,-0.0265486725663715,0.1,0.2222222222222223,0.3253012048192774,0.2222222222222223,0.5492957746478875,0.375,0.4102564102564103,0.3580246913580247,0.3580246913580247,0.3414634146341464,0.1827956989247312,0.2087912087912089,0.25,0.170212765957447,-0.0983606557377048,-0.0833333333333332,0.0,0.0280373831775702,-0.0598290598290597,-0.1129032258064515,-0.1338582677165354,-0.1338582677165354,-0.1851851851851851,-0.1970802919708029,-0.1911764705882352,-0.0598290598290597,-0.0517241379310343,-0.0677966101694914,-0.1666666666666666,0.0784313725490197,0.1224489795918368,-0.0178571428571429,-0.140625,-0.1538461538461538,-0.2517006802721088,-0.2763157894736842,-0.2198581560283686,-0.2253521126760562,-0.2810457516339869,-0.2465753424657533,-0.3714285714285713,-0.3785310734463276
QCMS-L,15.0,0.1636720026135248,9.487577083782088e-07,0.102941818311724,0.0604556658450469,0.1151832460732984,1.814904970207756,-23.65,-0.4105722901733074,-0.0493892637917571,-0.0041040509637373,0.0337384162921036,1.0,0.1586976320582878,-0.0213882163034705,1.9170774313621543e-08,-0.0531481201872191,9.168113086564568e-08,-0.0862068965517241,0.1579140803658934,1.2796687474488434e-06,0.3510119785212722,3.0,0.3593095375736048,0.096172323158969,-0.0182366798427967,-0.3529225373584908,0.0951126097949516,0.0079133913531723,0.0185979381443298,0.0351893507533971,3.3681210345130994,-0.1932203389830509,-0.1141141141141141,-0.1167664670658681,-0.2277486910994763,-0.2787286063569681,-0.2679900744416873,-0.2804878048780487,-0.2624999999999999,-0.1983695652173912,-0.1873278236914599,-0.2133333333333332,-0.2175066312997347,-0.2216358839050131,-0.2512690355329948,-0.2822384428223844,-0.2455242966751918,-0.2216358839050131,0.0172413793103449,0.0,-0.039087947882736,-0.0327868852459015,-0.0133779264214046,-0.0100671140939596,0.0573476702508961,-0.0359477124183006,0.068840579710145,0.006825938566553,-0.0664556962025316,0.0350877192982457,-0.0514469453376205,-0.1873278236914599,-0.2337662337662337,-0.2048517520215632,-0.2804878048780487,-0.2908653846153846,-0.4887348353552859,-0.5991847826086956,-0.5749279538904899,-0.609271523178808,-0.6256345177664975,-0.6303258145363408,-0.5947802197802198,-0.5616641901931649,-0.5249597423510466,-0.5241935483870968,-0.5712209302325582,-0.5897079276773296,-0.5850914205344585,-0.5603576751117734
QCMV-L,15.0,-0.0520911595291759,6.834412080001063e-08,0.0074154528642465,0.8321150389454762,0.675223470089388,5.6189276328617845,1.0895,-0.4535846253343203,-0.0194234815268467,0.054710556186152,-0.0069633581356169,1.0,0.1100436681222707,-0.1732620320855615,5.954691508254484e-08,-0.0992543070197994,1.3618712514241958e-12,-0.0952380952380952,-0.1357375406962184,9.897961608746689e-08,0.0541431261770243,3.0,0.0063599052285433,-0.3479071718693389,-0.1427923823028295,1.197558268590455,0.122503080952486,0.3881314732614669,0.9501940491591204,0.1975582685904551,0.3106033631097302,-0.0781893004115226,0.0945945945945945,-0.0470588235294116,-0.0470588235294116,-0.0081632653061224,-0.1762711864406779,-0.0999999999999999,0.1146788990825689,0.239795918367347,-0.0357142857142857,-0.0653846153846153,-0.0279999999999999,-0.167808219178082,-0.1163636363636363,-0.2894736842105262,-0.2746268656716417,-0.2746268656716417,-0.3467741935483871,-0.3894472361809045,-0.3848101265822784,-0.3467741935483871,-0.3605263157894736,-0.2680722891566264,-0.1131386861313868,-0.0653846153846153,0.1302325581395349,0.1302325581395349,0.0945945945945945,0.4294117647058824,0.4127906976744186,0.2272727272727273,0.1146788990825689,0.1146788990825689,-0.0653846153846153,0.3806818181818183,0.3806818181818183,0.4817073170731709,0.4294117647058824,0.4727272727272729,0.5283018867924529,0.5677419354838711,0.3351648351648353,0.8134328358208955,1.7000000000000002,2.328767123287672,2.328767123287672,2.328767123287672,2.573529411764706,1.8255813953488371
QCRG-L^H20,11.0,0.2570284278310037,9.883081655634186e-07,0.1072331099046693,0.0534766039857562,-0.1352259365026037,0.2848769660820494,4.704,2.0241213905544058,0.3763381141370635,0.027388560314373,2.903065320662318,1.0,0.1175731560487881,0.1764003629244068,-1.2240017102228498e-07,0.1433492223652619,2.365236393126512e-13,0.425,0.2611119836657767,2.960310920922454e-07,0.6299977910315882,3.0,0.0070081356345827,0.0247365935825849,1.2577326871988157,-2.2858846996245306,-0.032694881678414,-0.0123545285882948,-0.015215246403905,0.1255736337088027,1.6536866802719628,0.0,-0.25,-0.25,-0.25,-0.25,-0.4,-0.4,-0.4,-0.5,-0.4,-0.5,-0.4,-0.5,-0.5714285714285715,-0.4,0.0,0.5,0.0,0.5,0.5,0.5,2.0,2.0,2.0,2.0,2.0,2.0,2.0,2.0,2.0,2.0,2.0,2.0,2.0,2.0,2.0,2.0,2.0,2.0,2.0,0.5,0.0,0.0,0.5,0.5,0.0,0.0,-0.25,0.0
QCXS-L,18.0,0.0668818195346934,5.018333192474866e-07,0.0544497651155323,0.0439271087945731,-0.0352661849272524,1.4821126868213763,-526.9462,0.0573301736726704,-0.0939741428309067,0.0018529786371993,0.15524289767845,1.0,0.1128467597005651,0.113321811587198,-1.1750065884542708e-07,0.0222412615847739,5.24616645510413e-07,0.0120374815090567,0.0472892634018953,1.2010168379669046e-06,0.0530228092827224,3.0,1.3885493510348454,-0.0543441626085854,0.0948965825614873,0.0345200256496184,0.0076309180796557,-0.0499371359741191,-0.171820674146384,0.0574265729701791,1.6536866802719628,-0.062162162162162,-0.1004862236628849,-0.2649006622516556,-0.3126934984520123,-0.3097014925373134,-0.2721311475409836,-0.2843326885880077,-0.2824822236586943,-0.2297015961138099,-0.106280193236715,-0.1232227488151659,-0.1144794575189469,-0.0352020860495437,-0.0381282495667244,-0.0447504302925989,-0.0664423885618167,-0.0372940156114484,-0.075,0.0049796287913081,0.0766246362754605,0.0546318289786222,0.0155535224153704,0.0735009671179884,0.1783439490445859,0.2367688022284122,0.2613636363636362,0.2906976744186047,0.1592689295039164,0.2751292360712234,0.2599318955732121,0.1746031746031746,0.2251655629139071,0.2443946188340806,0.3051146384479717,0.4528795811518324,0.2780656303972364,0.2065217391304348,0.1846318036286018,0.2869565217391303,0.1948331539289558,0.1520498183705241,0.2542372881355932,0.1390456644433042,0.1083374937593608,0.1355498721227621,0.2285556170448255,0.3325330132052821,0.5342087076710433,0.5416666666666665
QEJT-L,13.0,0.092461794831591,1.3217132865300155e-06,0.1434081302324727,0.0958730158730158,0.1043560335401621,1.0042448099559125,0.4224999999999999,1.9951593992746128,-0.0424557780300362,-0.0005415754923413,-0.0007286591988084,1.0,5.172413793103448,0.09076981999234,1.4293809418934157e-07,0.0394672410397964,1.8374957498905307e-10,0.4189189189189189,-0.0134005243524903,1.459082364062629e-06,0.0939990117820629,2.0,0.0302911003011812,0.2396694214876033,-0.4966663349587025,0.5230998793982228,0.4966663349587025,0.0076769025367156,0.0161516853932584,0.4966663349587025,0.4187907826662762,0.04,-0.0909090909090909,-0.1935483870967741,-0.21875,-0.2063492063492064,-0.2424242424242424,-0.2537313432835821,-0.2307692307692308,-0.180327868852459,-0.1666666666666666,-0.2063492063492064,-0.1666666666666666,-0.2063492063492064,-0.1525423728813558,-0.1666666666666666,-0.0740740740740741,-0.1525423728813558,-0.1666666666666666,-0.1525423728813558,-0.1935483870967741,-0.1666666666666666,-0.1935483870967741,-0.1935483870967741,-0.1666666666666666,-0.1666666666666666,-0.1379310344827585,-0.21875,-0.3055555555555556,-0.2307692307692308,-0.1525423728813558,-0.3421052631578947,-0.358974358974359,-0.375,-0.375,-0.4047619047619047,-0.4186046511627906,-0.3150684931506849,-0.3055555555555556,-0.2957746478873239,-0.2753623188405796,-0.2857142857142857,-0.2857142857142857,-0.3055555555555556,-0.1935483870967741,-0.2424242424242424,-0.2307692307692308,-0.1379310344827585,-0.1666666666666666,-0.1379310344827585
QEND-L,13.0,0.0464895972223091,1.2098427102542626e-07,0.0131269983226434,0.1756133256767319,0.6013437805291385,3.0376363265029416,0.5356000000000001,0.3428729719126074,0.0080719427470787,-0.0003324606241948,0.0402030495699433,1.0,0.1805733916150489,0.1726215843426221,5.0226630068486166e-08,0.0056526783948184,7.830269797767606e-11,0.0719922301808911,0.0218926774711161,1.1495758603302273e-07,-0.0591198959848931,3.0,0.0594664221130568,-0.0540837819984662,0.0068958590419271,0.0460154112984363,0.0905981621679778,0.0697385833783388,0.1537608507930736,0.1074252081921042,0.6850485101324297,0.0220646178092986,0.014388489208633,0.0039556962025315,-0.0124513618677043,0.000788643533123,0.0079428117553612,0.0176423416198876,0.3204994797086369,0.5570552147239263,0.6741424802110818,0.6741424802110818,0.7218453188602441,0.5161290322580645,0.5215827338129495,0.5071258907363421,0.4552752293577979,0.4929411764705882,0.5179425837320575,0.5326086956521741,0.5783582089552239,0.562807881773399,0.5551470588235292,0.5666666666666667,0.7455295735900964,0.7773109243697478,0.6544980443285529,0.7823033707865168,0.8498542274052476,0.841799709724238,0.8552631578947367,1.0079113924050631,0.9859154929577464,0.946319018404908,0.9952830188679244,1.0533980582524274,1.1149999999999998,1.210801393728223,1.176672384219554,1.1079734219269102,1.118530884808013,1.2146596858638743,1.1917098445595853,1.172945205479452,1.1079734219269102,1.1435810810810811,1.1363636363636362,0.5437956204379559,0.4964622641509433,0.4670520231213872
QENN-L^H22,15.0,0.1640240014591688,9.534024491208126e-07,0.1034457805492983,0.0650858807379381,0.222912528380443,1.5711874613867811,0.5406,1.1508863627885746,-0.0085032074494693,0.0071539924547126,0.0203266911877894,1.0,0.216697050589231,0.070733704325622,8.571305003274558e-08,0.0191724592025138,3.285404943458411e-11,0.2416488983653163,0.2003816288129753,5.843743950309126e-07,0.3569607904087382,5.0,0.0136517085224833,-0.0824276280137613,-0.0599167735057604,-0.356549015775349,0.1882867233010553,0.0106117202875848,0.0173845144903854,0.3743659895965025,0.5643013583512918,-0.0780701754385965,-0.0555095277547639,-0.1654465592972182,-0.2715654952076677,-0.1454272863568215,-0.146067415730337,-0.190915542938254,-0.237458193979933,-0.1816223977027996,-0.0555095277547639,-0.1051805337519623,-0.1363636363636362,-0.1376701966717095,-0.0129870129870129,0.0008779631255486,0.0205908683974933,0.0826210826210827,0.0401459854014598,0.0391978122151321,0.0008779631255486,-0.038785834738617,-0.023972602739726,-0.032258064516129,-0.0172413793103447,0.1515151515151516,0.1850311850311852,0.1644535240040858,0.1354581673306774,0.2418300653594771,0.2765957446808511,0.3491124260355032,0.3333333333333332,0.1400000000000001,-0.0769230769230768,-0.0499999999999999,-0.0222984562607203,0.021505376344086,0.0070671378091873,-0.0256410256410255,-0.0197764402407567,0.0251798561151079,0.0133333333333334,0.0052910052910053,-0.0256410256410255,-0.0078328981723237,-0.0121317157712304,-0.0452261306532663,-0.0746753246753246,-0.0923566878980891
QENS-L,15.0,-0.509546737506226,-3.4131144709322575e-07,-0.037032870103835,0.6171404417203847,-0.710796460176991,-0.0799865374980196,0.6349999999999999,-2.1100297444349723,-1.9545803288881336,0.0005380768500348,-0.2281105990783409,1.0,6.096969696969697,-1.7082243533856436,-9.84579184680089e-07,0.0201626378522891,3.0509719591956245e-14,-0.4430379746835443,-0.1952515357795119,1.1687501132511155e-06,-0.0302149912841371,3.0,0.0020074604166116,2.2304839439167794,1.4873265668243842,-0.0501308136139597,-0.438522839917233,-0.1212762356127285,0.2940090274928191,-0.6649956784788246,1.6536866802719628,-0.0869565217391304,-0.0416666666666666,-0.0416666666666666,-0.1785714285714286,-0.2333333333333332,-0.361111111111111,-0.3947368421052631,-0.3947368421052631,-0.425,-0.361111111111111,-0.3235294117647059,-0.3235294117647059,-0.361111111111111,-0.3947368421052631,-0.361111111111111,-0.3235294117647059,-0.4523809523809523,-0.4523809523809523,-0.4523809523809523,-0.4523809523809523,-0.4523809523809523,-0.4523809523809523,-0.6166666666666667,-0.6166666666666667,-0.6166666666666667,-0.6290322580645161,-0.6290322580645161,-0.7125,-0.7195121951219512,-0.7444444444444445,-0.7444444444444445,-0.7444444444444445,-0.7444444444444445,-0.7946428571428572,-0.8,-0.8083333333333333,-0.8050847457627118,-0.8357142857142856,-0.8722222222222222,-0.8802083333333334,-0.8915094339622641,-0.9163636363636364,-0.9192982456140352,-0.9276729559748428,-0.8977777777777778,-0.9115384615384616,-0.9154411764705882,-0.9172661870503596,-0.9172661870503596
QEQP-L,5.0,0.379913457327297,6.348478038949922e-07,0.0688820619922736,0.0329794309031073,0.0794467373862371,0.8362046684854748,1.5012,1.103538204319474,-0.0386006493615015,-0.0026621039237688,-0.0007962196394458,1.0,0.8946917808219178,0.3129648355949895,5.8597056207724735e-08,0.0090367747131463,2.7977380705001743e-10,0.2317073170731705,0.1328901028560767,8.85861338391865e-07,0.4344604289820615,2.0,0.0784321197363085,2.097826086956522,-0.4158740428051216,0.2666446577555554,0.4158740428051216,0.0238853156931508,0.0580723567230211,0.4158740428051216,0.5157237179204507,-0.0171428571428572,0.0045924225028701,0.0045924225028701,-0.1098677517802645,-0.123246492985972,-0.1214859437751004,-0.0245261984392419,0.0951188986232791,0.2626262626262627,0.2626262626262627,0.2792397660818713,0.1760752688172042,0.2272089761570828,0.2203626220362622,0.292466765140325,0.3197586726998491,0.0762607626076259,0.1543535620052769,-0.0960743801652892,0.0115606936416183,-0.010180995475113,0.0883084577114428,0.1620185922974766,0.4022435897435896,0.493174061433447,0.4158576051779936,0.3157894736842104,0.3197586726998491,0.9104803493449782,1.3026315789473686,1.2845953002610964,1.4717514124293785,2.125,2.2051282051282053,3.704301075268817,3.861111111111111,4.057803468208093,4.0,3.834254143646409,3.861111111111111,4.087209302325581,4.028735632183908,3.971590909090909,3.834254143646409,3.915730337078652,3.888268156424581,3.72972972972973,3.581151832460733,3.5103092783505154
QEUC-L^D21,13.0,-0.1022654509022776,1.076690472575452e-06,0.1168227399124783,0.2242411467909764,1.4248401489410203,0.933884555532015,3.0486,0.1158861609533677,0.1900443193657658,0.0137981486456121,-0.5458847541392068,1.0,0.1845310579626202,-0.0713266087870965,1.5702222238309156e-07,-0.3223604320312795,5.341229477383151e-12,0.0243323442136498,-0.1236646612298548,1.886338390366485e-07,-0.245707919519325,4.0,0.0118067437770839,0.3301220389702713,0.2093734541862659,0.5168008779114318,0.3528779510622787,0.0382102168745256,0.044904621542446,0.3276414640081598,0.4240550208783533,-0.0714285714285715,0.0370370370370369,0.0,0.0181818181818183,0.0,0.0370370370370369,0.0769230769230771,0.0980392156862746,0.0181818181818183,-0.0175438596491226,-0.0666666666666665,-0.0666666666666665,-0.0344827586206895,-0.0344827586206895,-0.0344827586206895,-0.0344827586206895,-0.0344827586206895,0.0,-0.0819672131147539,-0.0666666666666665,0.0370370370370369,0.0370370370370369,0.0,0.1200000000000001,0.1666666666666667,0.1666666666666667,0.1666666666666667,0.1200000000000001,0.1914893617021278,0.3333333333333335,0.5555555555555558,0.6000000000000003,0.4736842105263159,0.6470588235294119,1.0,0.8666666666666669,0.5555555555555558,0.3023255813953489,0.2727272727272729,0.0,-0.0666666666666665,-0.111111111111111,-0.096774193548387,-0.1515151515151515,-0.2533333333333333,-0.2112676056338027,-0.1515151515151515,-0.2432432432432432,-0.3913043478260869
QEXD-L,14.0,0.5223335292700637,4.934465261872732e-07,0.0535397838634186,0.1021394095169238,0.0561995867777176,1.8117849285396728,-147.7405,1.9141297892690856,-0.0123828332419354,-0.0046330610502251,0.1662056863908576,1.0,0.0863446014098303,0.5367722387579793,2.8409245087407333e-08,0.2464116917321686,6.763954708681901e-07,0.4019053225935936,0.2520633086713247,1.6820451578647984e-06,0.537026771866388,5.0,1.1557208608737737,-0.1970440481438224,-0.136986783930141,-0.3060301667830672,0.1557366828015199,-0.0121900300494028,-0.052396021185632,0.3011360009242084,0.8650055583059578,0.0125495376486128,-0.0288646568313021,-0.1475225225225225,-0.2380473074987418,-0.217166494312306,-0.1546621998883305,-0.3035878564857405,-0.2928538066324148,-0.3204667863554757,-0.346286701208981,-0.3840520748576077,-0.3738626964433416,-0.3914790996784565,-0.4234577303884235,-0.4134056567222006,-0.3787443578169881,-0.3725652714463323,-0.3403050108932461,-0.2951582867783985,-0.3244087460954931,-0.2834831992427827,-0.2707129094412331,-0.2814428096820123,-0.2752513164193394,-0.2106360792492179,-0.2490079365079365,-0.2552877520905066,-0.1771739130434781,-0.1460800902425267,-0.0895971136500299,-0.1115023474178402,-0.0694529809465273,-0.0294871794871793,0.014065639651708,0.0521195274496177,0.014745308310992,0.0557880055788007,0.0837508947745169,0.1107850330154072,0.0884255930984903,0.0167897918065815,0.0860832137733143,0.0412654745529574,0.1189948263118996,0.0775800711743772,0.1772939346811821,0.2239288601455134,0.283050847457627,0.333920704845815
QEXF-L,16.0,0.1729949234580887,1.832652205311589e-07,0.0198845868320008,0.0161656033635501,0.7214517980576863,1.241539963263245,78.6681,0.0308689536685859,0.0810810306062121,0.0165948527141975,0.0196749298942761,1.0,0.1358149536941352,0.1957914055601223,7.227650334448805e-08,-0.0029204221982185,8.503312681624173e-09,0.0064814814814815,0.14290967980856,1.2144046052257066e-07,0.1423023469783738,4.0,1.2566641596491497,0.1806075338112232,0.4665918384642235,-0.2616798301658181,-0.0683598781615477,0.0783774456500782,0.143483476047783,0.0526187402692255,0.4047276795494819,-0.1052392832841914,0.0748415407118479,0.0924182358771061,0.1648612945838838,0.1299333675038441,0.3730924945499845,0.3773820681037179,0.288427819988311,0.5166838665290678,0.6970746728252504,1.2987486965589157,0.9896209386281588,1.028058877644895,0.9500221141088016,1.0631726719700514,0.9914182475158086,1.2290192113245704,1.3602783725910066,1.0758003766478348,1.4014161220043575,1.576855639976622,1.106545628284759,0.938021978021978,0.816646065100948,0.7785397337636146,0.6347793845012979,0.8501888375996645,1.0915559772296015,0.909484625378952,0.9422907488986788,1.072872590503056,1.605791962174941,1.5828939660222616,1.904479578392622,2.2324046920821115,2.711279461279461,2.9225978647686834,3.0561177552897894,3.143796992481203,3.583160083160084,3.3914342629482075,3.720556745182013,3.3056640625,3.139906103286385,3.5174180327868854,3.203050524308866,3.243503368623677,2.986437613019892,2.9900452488687783
QEXP-L,13.0,4.41055351051734,7.441874133480381e-07,0.080745594811238,0.0325958197445617,0.1706395066914481,1.184361600166639,31.0112,9.303290548458987,-0.0341382075703699,0.004908328595793,-0.0481252382126677,1.0,0.131014201481969,2.4609757544493163,6.185788197643858e-08,0.9890874122533724,8.485074588356071e-08,1.95339,1.1427952671972712,1.367139502029635e-06,6.803245014245012,2.0,1.013874846521898,0.0007868959019129,-0.9538215778404662,0.9804365732224428,2.153095037098992,0.0082227296391173,0.0233286268866456,2.6285327270685968,0.3763401382449298,-0.0640569395017793,-0.0570469798657717,-0.121875,-0.0935483870967741,0.0446096654275094,0.060377358490566,0.0933852140077822,0.0643939393939394,0.190677966101695,0.2112068965517242,-0.451171875,-0.5324459234608985,-0.4853479853479853,-0.5867647058823529,-0.5951008645533141,-0.5768072289156626,-0.5915697674418605,-0.5997150997150997,-0.6086350974930361,-0.6008522727272727,-0.5722983257229832,-0.5683563748079876,-0.5467741935483871,-0.5026548672566372,-0.4844036697247706,-0.4853479853479853,-0.5188356164383561,-0.5121527777777777,-0.5204778156996588,-0.4927797833935018,-0.5044091710758377,-0.4575289575289575,-0.4776951672862453,-0.4776951672862453,-0.4468503937007874,-0.5,-0.4853479853479853,-0.4946043165467625,-0.4964157706093189,-0.5171821305841924,-0.454368932038835,-0.4059196617336152,-0.4575289575289575,-0.4241803278688524,-0.4096638655462185,-0.3810572687224669,-0.3341232227488151,-0.3228915662650603,-0.2663185378590078
QEXU-L^D22,16.0,-0.0388430890761706,1.091883123262741e-06,0.1184711682445103,0.588620372471957,-0.4550061471108578,0.9023352097681124,0.0689999999999999,-0.9642151698057794,0.014140069289138,0.0080832204285025,-0.0075245498344242,1.0,0.696911196911197,-0.0596220876903319,-1.302303049865282e-07,-0.0260062644536167,1.2648028059320364e-13,-0.2024539877300613,0.0062231611821709,2.797460992746598e-07,0.0489678053575817,4.0,0.0017158847573549,0.1900572035707172,0.0436196245893709,0.2314774358654265,0.0484216439607224,-0.0143433602347762,-0.0180184331797235,0.2314774358654265,1.6536866802719628,-0.142857142857143,0.0,-0.1249999999999998,0.0,0.0,0.0,-0.1249999999999998,0.0,0.0,-0.0666666666666665,-0.1249999999999998,-0.2999999999999999,-0.2222222222222221,-0.2222222222222221,-0.2222222222222221,-0.263157894736842,-0.263157894736842,-0.2999999999999999,-0.263157894736842,-0.2999999999999999,-0.2222222222222221,-0.2999999999999999,-0.3636363636363635,-0.2999999999999999,-0.263157894736842,-0.4399999999999999,-0.4166666666666666,-0.3636363636363635,-0.2222222222222221,-0.2222222222222221,-0.2222222222222221,-0.176470588235294,-0.2222222222222221,0.0,0.0,-0.0666666666666665,-0.176470588235294,-0.263157894736842,-0.263157894736842,-0.2222222222222221,-0.2222222222222221,-0.2999999999999999,-0.3333333333333332,-0.4399999999999999,-0.4814814814814815,-0.4615384615384614,-0.3636363636363635,-0.3333333333333332,-0.3333333333333332
QEYI-L,15.0,0.089279104905682,2.251142180893492e-06,0.2442527394855352,0.0446238103240757,-0.0276814111205365,0.65364734899774,7.181899999999999,0.3618628716393813,-0.0316107336239906,0.0003439548073292,0.6965343781762147,1.0,0.0409423300857357,-0.0921265832857705,-3.67690567708198e-07,0.132670090248474,7.963368372722654e-10,0.0759794946905895,0.1962965841121721,4.687185108404195e-06,0.20490889505479,2.0,0.0330575893969525,-0.0492586120713146,-0.3847071539102203,0.1591463389144522,-0.0270252506420819,-0.0134293286282053,-0.0399397172206904,0.0834382398678975,1.6536866802719628,0.0588235294117645,0.0,0.0,0.0,0.0,0.0,0.0,-0.0555555555555554,-0.1052631578947368,-0.1904761904761903,-0.2608695652173912,-0.2608695652173912,-0.2916666666666666,-0.2916666666666666,-0.3461538461538461,-0.3703703703703703,-0.3703703703703703,-0.3703703703703703,-0.4137931034482758,-0.4137931034482758,-0.4137931034482758,-0.4137931034482758,-0.4137931034482758,-0.2272727272727271,-0.1904761904761903,-0.3928571428571429,-0.5952380952380951,-0.575,-0.5853658536585366,-0.575,-0.5405405405405406,-0.5526315789473684,-0.5526315789473684,-0.4333333333333332,-0.6851851851851851,-0.679245283018868,-0.6599999999999999,-0.6666666666666666,-0.6136363636363635,-0.6046511627906976,-0.5853658536585366,-0.5952380952380951,-0.6046511627906976,-0.6382978723404256,-0.3703703703703703,-0.3703703703703703,-0.3928571428571429,-0.3928571428571429,-0.4137931034482758
QFAJ-L,19.0,1.2616347551809957,7.214332909859544e-07,0.0782767339952934,0.5121563226606407,0.5213379469434832,-0.2204818810307761,1.461,-4.464973655634718,5.353049194587928,-0.0004361636328241,12.730279414559964,1.0,0.0145988347842467,1.4425702961112905,1.458042187373535e-09,0.4956255798562077,1.2610233094284317e-17,-0.9375,0.0240802345925433,1.127384671878457e-09,-0.9532743824844192,2.0,0.0357119206296331,-0.9434906240048796,0.0104985977960962,0.0098990000502487,-0.1530772892753347,0.0101590143396481,0.0101965932057405,-0.9901009999497512,2.3957026798972327,0.0,0.0,-0.0294117647058823,0.0,-0.0294117647058823,0.0,0.0,0.03125,0.5714285714285716,0.5,0.5,0.4347826086956521,10.000000000000002,10.000000000000002,10.000000000000002,10.000000000000002,10.000000000000002,10.000000000000002,10.000000000000002,1.3571428571428572,1.3571428571428572,1.3571428571428572,0.736842105263158,0.736842105263158,0.736842105263158,0.6499999999999999,0.6499999999999999,0.8333333333333335,0.8333333333333335,0.8333333333333335,0.9411764705882352,0.9411764705882352,0.9411764705882352,0.9411764705882352,1.0625,1.2000000000000002,1.2000000000000002,1.2000000000000002,1.0625,-0.108108108108108,-0.108108108108108,-0.131578947368421,0.0,-0.057142857142857,-0.0294117647058823,-0.0294117647058823,-0.057142857142857,-0.057142857142857,-0.4
QFAW-L,13.0,0.3316157467232784,2.385415081292221e-07,0.0258821576602718,0.1525762083910243,0.1652983969980719,4.217041489048383,1.9895,1.3583444779659095,0.0011010605094406,0.0030047491051905,0.1109451983502772,1.0,0.141684904982056,0.1066435549952725,4.4203187495948106e-08,0.0998427400638703,2.2104628872834976e-08,0.2852083900844457,0.2896321764814473,5.377954842382943e-07,0.4680990742389175,3.0,0.2069313020126917,-0.4648654294046682,0.0370169499150133,-0.3838603317861079,-0.0761234091426912,0.0175706926455487,0.0506038917468128,0.2133645895089288,0.438455194689431,-0.0044150110375277,-0.0065789473684209,-0.0736196319018404,-0.0320512820512819,-0.0755102040816326,-0.0717213114754097,-0.0152173913043477,0.0295454545454545,0.0915662650602409,0.1021897810218976,0.0811455847255369,0.0486111111111111,0.0658823529411765,0.0318906605922553,0.2063914780292943,0.1766233766233766,0.3303964757709252,0.2548476454293629,0.1766233766233766,0.1766233766233766,0.4200626959247651,0.4472843450479233,0.3644578313253013,0.4589371980676329,0.548717948717949,0.4901315789473686,0.4683954619124799,0.546075085324232,0.5408163265306123,0.5783972125435541,0.535593220338983,0.6092362344582594,0.6236559139784947,0.7423076923076923,0.6966292134831462,0.6902985074626866,0.745664739884393,0.8719008264462811,0.9113924050632912,1.157142857142857,0.952586206896552,0.9483870967741934,0.9695652173913044,1.059090909090909,1.0779816513761469,1.2315270935960596,1.265,1.3532467532467534,1.3968253968253972
QFBK-L,15.0,0.0674308833445718,4.606533943006409e-08,0.0049981673510548,0.4144711476673949,0.5952932569198879,1.0463456818472356,9.0,1.2619987423858694,-0.0118582176947721,0.0041000195405186,0.0136978392927399,1.0,0.5652173913043478,0.3163897034864777,2.694366264189145e-08,0.0031311154598824,1.653013212616893e-09,0.2649789029535865,0.0087660148347943,4.404713025206376e-08,-0.1094974642692485,2.0,2.4657520622829026,0.0841054882394866,-0.1487140310669723,0.1487140310669723,0.1487140310669723,0.078332280480101,0.1534653465346534,0.1487140310669723,0.3898025733861545,-0.0713209442491211,0.0733153638814014,-0.0962324103495234,-0.1059721598563089,-0.0446257197696736,0.0220739219712524,0.0326763485477177,0.126131221719457,0.2192284139620333,0.1936450839328538,0.063568376068376,0.10488346281909,0.2490589711417816,0.2705807275047862,0.3498305084745763,0.420114122681883,0.4522246535375638,0.5542544886807181,0.4160739687055477,0.4448476052249637,0.5268404907975461,0.4913857677902622,0.4672070744288872,0.6413849958779885,0.6930272108843538,0.7267996530789247,0.5362654320987654,0.4869305451829724,0.539829853054911,0.5953525641025641,0.5003767897513187,0.5482115085536547,0.4869305451829724,0.5530421216848673,0.4847129008202833,0.3220451527224435,0.3202917771883289,0.3769017980636238,0.6253061224489795,0.8435185185185183,0.6661087866108788,0.7031650983746793,0.5615686274509804,0.6605504587155964,0.7134251290877798,0.7163793103448277,0.9989959839357428,0.9673913043478262,1.0739583333333336
QFBO-L,16.0,0.1988625794769296,1.0387092443835532e-06,0.1127017123231794,0.0254414635759074,0.2964796733248396,1.4777595516688813,5.656000000000001,0.3485968738386636,0.0215210688833781,0.0008988763108265,0.0081636638109868,1.0,0.1100628673958086,0.1088109862701941,1.2297147310387762e-07,0.020737553303281,1.9089600917336883e-08,0.0731940643840796,0.0887618457193103,5.891745251670819e-07,0.399200880596129,5.0,0.296983997649131,-0.0062805703495391,-0.0461812217396742,-0.1723261508796349,0.0606515098080571,0.0124643814297919,0.0189941354491111,0.1259154496965658,0.6678793187186924,-0.1057007125890735,-0.0634037819799777,-0.146477445514445,-0.2145522388059701,-0.1447435246317928,-0.1071049840933191,-0.2655909289140863,-0.292436974789916,-0.3193209377526272,-0.3317460317460317,-0.4170993423329872,-0.3692883895131086,-0.2879492600422833,-0.3367467506892477,-0.3223340040241449,-0.2551968155683326,-0.1638530287984111,-0.1085230280571731,-0.018075801749271,-0.1421293937850228,-0.0597431602456728,0.0801796023091725,0.284515636918383,0.2806083650190114,0.4746059544658494,0.4889478337754198,0.4915854738706822,0.5492180312787489,0.2854961832061069,0.4009983361064893,0.4393162393162393,0.4554883318928262,0.535095715587967,0.5323020928116469,0.7061803444782169,0.6068702290076335,0.7763713080168775,0.8127018299246502,0.7838983050847459,0.6176753121998078,0.3074534161490683,0.2567164179104477,0.1234156104069379,-0.0082449941107185,-0.0041395623891188,0.10862409479921,0.2474074074074073,0.2825590251332825,0.2548435171385992
QFEB-L^D19,11.0,0.5894590934573575,1.338341570037768e-06,0.1452123271571195,0.059625070482769,0.0504613595769071,1.1415036629075714,2.2284,6.646227393486847,0.0308874179213501,0.0012683344645744,-0.005204911955904,1.0,1.5310639753677728,0.3647552480007536,-6.615782234915704e-08,0.3212173970914977,2.682324223203107e-10,1.3954927087936368,0.0271501106876035,6.617254699245754e-07,1.3829988261920656,4.0,0.0420068594201175,-0.3166530880658703,0.2736207090206781,0.524928920770576,-0.0972603965701586,-0.0030049717650426,-0.0039650510417912,0.524928920770576,1.6536866802719628,0.0795454545454545,0.0292397660818712,-0.1813953488372093,-0.1155778894472361,-0.1287128712871287,0.0602409638554217,-0.1926605504587156,-0.2786885245901639,0.0057142857142857,-0.2072072072072073,-0.3481481481481482,-0.375886524822695,-0.2816326530612245,-0.3432835820895522,-0.432258064516129,4.028571428571429,4.1764705882352935,3.292682926829269,3.1904761904761907,3.0,3.1904761904761907,3.756756756756757,3.631578947368421,3.631578947368421,3.5128205128205128,3.888888888888889,3.888888888888889,3.888888888888889,3.888888888888889,4.67741935483871,6.333333333333334,10.0,7.0,7.0,6.652173913043478,9.352941176470589,7.0,6.04,5.518518518518518,7.0,6.04,5.285714285714286,4.028571428571429,3.888888888888889,4.866666666666667,4.5,5.285714285714286,5.769230769230769,6.333333333333334
QFHU-L,16.0,0.1404133239932375,3.331731116353416e-07,0.0361498469223976,0.0170437403276183,0.2999055533246696,1.4903683678116726,13.8279,0.236108144207313,0.0375847171162123,-0.0012789516154982,0.0809676696664678,1.0,0.1027755992376929,0.1623586072669283,8.45092667211912e-08,0.0326193865703256,3.745308674680678e-09,0.0495750708215297,0.1671478528093309,3.700984921901905e-07,0.121382824858297,4.0,0.2929067375280642,-0.0435405297156423,0.1567491772239684,-0.1215512410831157,-0.0113512492773971,0.0464924903053917,0.0962834380991499,0.0707050096479784,0.4757906445724057,-0.1156398104265403,-0.0696649029982362,-0.0195167286245352,0.181410974244121,0.1555312157721795,0.3287153652392947,0.2634730538922156,0.3630490956072352,0.6106870229007635,0.6693037974683544,0.6826156299840513,0.6106870229007635,0.5769805680119582,0.463245492371706,0.4237516869095816,0.3973509933774835,0.6772655007949127,0.9646182495344507,0.8034188034188037,0.7154471544715448,0.8127147766323024,0.4047936085219707,0.5746268656716418,0.3826998689384011,0.4218328840970351,0.4491758241758241,0.6907051282051282,1.2257383966244726,1.105788423153693,1.1313131313131315,1.598522167487685,1.963483146067416,1.9387186629526467,3.5474137931034493,3.709821428571429,3.341563786008231,3.3237704918032787,3.341563786008231,4.328282828282829,4.301507537688442,4.35532994923858,3.567099567099567,3.48936170212766,3.2031872509960166,3.3595041322314056,3.3061224489795915,3.1865079365079367,3.2200000000000006,2.996212121212121
QFKA-L^C20,13.0,0.2176353292020151,1.3168449462876137e-06,0.1428799070704499,0.0986186626168019,0.166831113319036,0.3994096389366328,22.71259999999998,4.997831959087088,-0.0149407505911657,0.0034164428821238,0.2959307446469877,1.0,0.0911789895391314,0.1103032947966494,1.509357825390231e-07,0.0788022831682186,1.594321148334841e-07,1.0493830026815876,0.0698589577182788,1.6897628345895902e-06,0.3411000764256809,4.0,1.894856985475154,0.2543576664087598,-0.0861830311096515,-0.0916073410497405,0.0987296528314549,0.0126376299606807,0.0296224827490978,0.267472683286337,0.2852149903605879,0.0,0.0,0.0,0.0,0.0,0.0,0.0,0.0,0.0,0.0,0.0,0.0,0.0,0.0,0.0,0.0,0.0,0.0,0.0,0.0,0.0,0.0,0.0,0.0,0.0,0.0,0.0,0.0,0.0,0.0,0.0,0.0,0.0,0.0,0.0,0.0,0.0,0.0,0.0,0.0,0.0,0.0,0.0,-0.0240384615384616,-0.0061199510403917,-0.0097560975609756,-0.2782222222222222,-0.3753846153846154,-0.366120218579235
QFKF-L,14.0,0.1469694293827133,2.7095008439836024e-07,0.0293985430773053,0.0634465653531554,0.2630664935170811,0.8942444714232223,-0.2681999999999984,1.151866541006654,0.0057472043772326,0.0002733030971428,0.1863769896810965,1.0,0.1357201264652572,0.1406586071819677,6.09506872437907e-08,0.0417408649999085,5.506743857458001e-10,0.241854704076687,0.190887057682986,4.190836749457439e-07,0.1489591330281788,3.0,0.1865504639744902,-0.2052827320484457,0.0324153484784723,-0.0119174345867322,0.0200750955966298,0.0287719115616272,0.0746004825839024,0.0882500706371725,0.3562283670736681,0.0216802168021681,0.0365168539325841,0.0249999999999999,0.0095759233926129,0.0235783633841886,0.0468085106382978,0.0193370165745856,0.0040816326530612,0.015130674002751,0.0137362637362636,0.015130674002751,0.0013568521031206,0.0588235294117647,0.0468085106382978,0.0453257790368273,0.055793991416309,0.1014925373134327,0.1148036253776434,0.1319018404907976,0.1999999999999999,0.2039151712887439,0.5030549898167005,0.524793388429752,0.5668789808917198,0.6547085201793721,0.4789579158316632,0.6436525612472159,0.6436525612472159,0.5702127659574467,0.607843137254902,0.6473214285714284,0.6113537117903929,0.600867678958785,0.8312655086848635,0.7655502392344498,0.6659142212189617,0.8267326732673268,0.7446808510638296,0.80440097799511,0.778313253012048,0.921875,0.9575596816976126,0.9472295514511871,0.8,0.7956204379562042,0.8778625954198471,0.8542713567839195,0.8683544303797468,0.7740384615384615
QFLD-L,15.0,-0.0463912675261127,1.890304620356392e-06,0.2051012530008021,0.0818927492163597,0.0485271047585846,0.6582832011425004,1.3025,-0.1984432735837648,-0.0377762898766719,0.0005751180909146,-0.033419236844293,1.0,0.3259640957446809,-0.0121291009673696,-1.432177608930516e-07,-0.1329415731419485,8.446084717917881e-12,-0.0416666666666665,-0.0148207396254822,1.5516766971697384e-06,-0.0850495677425814,4.0,0.0049666774558575,0.0667376376476773,0.0645165436775498,-0.0397412614762222,-0.1067833127960282,0.0024504966778501,0.0044620129967358,-0.1606798896350669,1.6536866802719628,0.0326086956521738,-0.1636363636363637,-0.2203389830508474,-0.264,-0.1320754716981131,-0.2459016393442622,-0.352112676056338,-0.4712643678160919,-0.3333333333333332,-0.3866666666666666,-0.4457831325301205,-0.4320987654320988,-0.2203389830508474,-0.2698412698412697,-0.2333333333333332,-0.2977099236641222,-0.3475177304964538,-0.3185185185185185,-0.4025974025974026,-0.4213836477987421,-0.425,-0.4651162790697674,-0.5855855855855856,-0.4424242424242424,-0.36986301369863,-0.3475177304964538,-0.3235294117647059,-0.3947368421052631,-0.3783783783783784,-0.3235294117647059,-0.3134328358208955,-0.3428571428571427,-0.4355828220858895,-0.4424242424242424,-0.4772727272727273,-0.5106382978723404,-0.5490196078431373,-0.3947368421052631,-0.425,-0.5445544554455446,-0.6,-0.5576923076923077,-0.6528301886792452,-0.6488549618320612,-0.6244897959183673,-0.6714285714285714,-0.7526881720430108,-0.7526881720430108,-0.8327272727272728
QFLS-L,14.0,0.1090671030691153,4.4115215102270363e-07,0.0478657555847779,0.0770541043211025,0.0856782108353515,2.154806138748447,1.0836,0.1951255983255614,0.0039196855418825,0.0001568763535084,0.0106337952233596,1.0,0.1258641592903537,0.1489985454865836,7.585486552578948e-08,0.0121206343719227,1.713825264850936e-08,0.0409700622083982,0.0474872524439266,1.167249161918188e-06,0.0946886891920137,3.0,0.187836899408539,-0.0346912390986893,-0.037898409363324,-0.154267874291994,0.0345541968587298,0.0001820270103515,0.0006636542103702,0.0622474430292174,0.249050044098553,0.0211132437619963,0.0786749482401656,0.011650485436893,0.0038535645472059,-0.0561594202898549,-0.0492700729927008,0.1038135593220339,0.1156316916488222,0.0968421052631578,0.0296442687747036,-0.0206766917293234,-0.1214165261382799,-0.1124361158432708,-0.1154499151103565,-0.1001727115716752,-0.1109215017064847,-0.1359867330016584,-0.1017241379310344,-0.1228956228956229,-0.1769352290679304,-0.095486111111111,-0.0510018214936248,-0.0351851851851852,-0.022514071294559,0.0235756385068761,0.0255905511811023,0.0831600831600831,0.1252699784017279,0.1450549450549449,0.1450549450549449,0.0831600831600831,0.1108742004264391,-0.0169811320754716,0.0235756385068761,-0.0151228733459357,-0.0510018214936248,0.0096899224806201,0.0786749482401656,0.0764462809917356,-0.0729537366548043,-0.0038240917782027,-0.0970537261698439,-0.1430921052631579,-0.1528455284552846,-0.1486928104575163,-0.1583198707592892,-0.1359867330016584,-0.1833855799373041,-0.1996927803379415
QFNK-L,20.0,0.124983608682699,4.7570007778983474e-07,0.0516142641543558,0.0295029436283601,0.1510501617088013,0.7508187099291773,4.913600000000002,0.1019036772639407,0.0151268289961623,-0.0052900770958411,-0.0345682866759512,1.0,0.2633842305791939,0.1667299876829194,7.030075049371353e-08,0.0920463940407919,1.1959953448573176e-08,0.0213964750529673,0.0433419397809934,1.0034373767252322e-06,0.1201419629904936,4.0,0.4575653954678861,0.0947360006133408,-0.0220265166951207,-0.1424105337762467,0.0038373949136887,0.0161319974746939,0.0530478713157521,0.0213744255550003,-0.3068616616949816,-0.0949886502531867,0.0341278439869989,-0.1309559939301973,-0.1253817959682346,-0.1198709082526509,-0.0546384945526575,-0.028169014084507,-0.0429478609625668,-0.0233628922237379,0.0082746478873241,-0.0636036625245257,-0.0686290453732314,-0.0215274218349563,-0.0489870474925273,-0.0270132517838939,-0.0475636121736238,-0.0744990303813832,-0.0782230806373732,-0.1434340412802871,-0.0582141095214602,-0.0962600599652832,-0.1009419152276295,-0.1082217377763935,-0.0466122856667221,0.0017491691446562,-0.0642156862745098,-0.1301640340218711,-0.1003770028275211,-0.1152479530356866,-0.0316198850185999,0.027448869752422,0.1231614041969013,0.0232267286046097,0.0898192197906757,0.1463170536429143,0.0775164628410161,0.0975469528555001,0.115070093457944,0.1923797626483447,0.2061920808761586,0.192628071636818,0.436778725539388,0.5337439742903052,0.5284227381905526,0.5211155378486056,0.5329229122055676,0.6091598763697668,0.6348843848130175,0.6242200794100967
QFNN-L^I20,15.0,-0.0155263268580217,1.1733491557454745e-06,0.1273103707514917,0.9862388587448552,0.4229485669414998,-0.4560299553298173,-7.7912,-3.5801903703112394,-0.1539216583289502,-0.0078733218368013,-0.137668266515414,1.0,1.4912663755458515,0.0231413375579948,3.0556721491387127e-08,-0.0198039987484986,2.608317510427224e-13,-0.7517241379310343,-0.1500457658112365,5.333450628817661e-08,-0.462459441104711,2.0,0.011265718121385,5.303245879958981,-0.9558705172117644,0.2098196441759584,-0.2494951635543745,-0.0115672055256645,-0.0120929853391055,-0.7578563675677524,0.3203646525322685,0.0,0.0869565217391303,0.0,0.0,0.0869565217391303,0.0416666666666667,0.0416666666666667,0.25,0.25,0.25,0.1904761904761904,0.1904761904761904,0.1363636363636364,-0.0740740740740741,0.0,0.0416666666666667,0.1363636363636364,0.3157894736842106,0.3888888888888888,0.3888888888888888,0.25,0.0,0.1363636363636364,0.0416666666666667,0.1363636363636364,0.25,0.25,0.6666666666666667,1.0833333333333337,1.272727272727273,0.9230769230769228,0.9230769230769228,1.0833333333333337,1.7777777777777777,2.125,1.7777777777777777,2.125,1.7777777777777777,2.125,1.7777777777777777,1.5,1.5,1.5,1.5,1.5,1.0833333333333337,1.5,0.9230769230769228,0.6666666666666667
QFNS-L,15.0,0.703863258854418,1.3385945093671586e-06,0.1452397715027728,0.0064827254062,0.0793621888622059,0.4087736112227496,0.7465,3.1022691576764765,0.0151009593539364,0.0016931897336976,-0.0232311247111721,1.0,0.3542183622828783,0.6862504384426517,1.78256516879221e-07,0.099163334139216,7.348028346821727e-12,0.6513761467889908,0.004672346353748,3.0884709635676463e-06,0.711611758351979,2.0,0.0100974699439689,0.135582396730404,-0.7704261831881328,0.7704261831881328,0.7704261831881328,0.0098612862547288,0.0328027013989387,0.7704261831881328,0.374029727121806,-0.0238095238095238,-0.0666666666666667,-0.2075471698113208,-0.2075471698113208,-0.1764705882352941,-0.1063829787234041,-0.1764705882352941,-0.1428571428571429,-0.1063829787234041,-0.16,-0.1923076923076924,-0.0869565217391304,-0.0869565217391304,-0.125,-0.1764705882352941,-0.125,-0.125,0.024390243902439,-0.2222222222222223,-0.288135593220339,-0.288135593220339,-0.3114754098360656,-0.2500000000000001,-0.34375,-0.3225806451612903,-0.3823529411764707,-0.3823529411764707,-0.3538461538461539,-0.3636363636363636,-0.2758620689655172,-0.373134328358209,-0.3823529411764707,-0.3636363636363636,-0.34375,-0.3636363636363636,-0.4,-0.3333333333333333,-0.4246575342465754,-0.3636363636363636,-0.34375,-0.4473684210526316,-0.3636363636363636,-0.2500000000000001,-0.2758620689655172,-0.2758620689655172,-0.3114754098360656,-0.3225806451612903,-0.373134328358209,-0.3823529411764707
QFNY-L,3.0,0.9500835421888052,7.773907440434512e-08,0.0084348212429632,0.0753299492385786,-0.3452368337395359,-0.0600429779532208,-2.75,1.190659641502591,-0.9964137205981975,0.0135756056808688,-0.1142830365510777,1.0,4.206896551724138,-0.1240496198479391,-6.218415682138342e-08,0.2656283185840707,1.5179857681675047e-14,0.2499999999999999,0.0058479532163742,2.538505727922608e-07,2.122761031017912,2.0,0.0079167824642314,-0.4741379310344827,-0.0069966773610742,0.7915460335842501,-1.7600003581683277,-0.4343843843843843,-0.5316060271958838,-0.2084539664157499,1.6536866802719628,0.0,0.0,0.0,0.0,0.0,0.0,0.0,0.0,0.0,0.0,0.0,0.0,0.0,0.0,0.0,0.0,0.0,0.0,0.0,0.0,0.0,0.0,0.0,0.0,0.0,0.0,0.0,0.0,0.0,0.0,0.0,0.0,0.0,0.0,0.0,0.0,0.0,0.0,0.0,0.0,0.0,0.0,0.0,0.0,0.0,0.0,0.0,0.0,0.0
QFOI-L,14.0,-0.0253174687866822,1.3525217016949397e-07,0.0146750895459435,0.0534920852150905,-0.4766096035124244,-0.1764430952031568,-2.7295,-1.0391211416749893,-0.991736537575982,-7.036292493049909e-06,-1.2500000000000002,1.0,1.3548387096774197,-0.3285788763083669,-6.237643637498075e-08,0.0219042858365194,5.182007528408219e-13,-0.2181818181818182,-0.000284565859211,1.5989414777558314e-07,0.5771468033679513,1.0,0.1044083691785908,0.2193548387096774,-1.199669512530983,1.199669512530983,1.199669512530983,-0.0555063407315185,-0.1084414369464887,1.199669512530983,1.6536866802719628,0.0,0.0258620689655173,0.0624999999999997,0.0624999999999997,0.0818181818181817,0.1226415094339621,0.1226415094339621,0.1226415094339621,0.1333333333333333,0.1333333333333333,0.1553398058252426,0.1333333333333333,0.1333333333333333,0.1333333333333333,0.1333333333333333,0.1333333333333333,0.1333333333333333,8.916666666666666,6.933333333333334,4.949999999999999,4.666666666666667,4.173913043478261,3.958333333333333,4.173913043478261,4.666666666666667,4.409090909090909,3.958333333333333,3.76,3.249999999999999,3.4074074074074066,2.8387096774193545,2.8387096774193545,2.71875,2.71875,2.5,2.216216216216216,1.6444444444444444,1.38,1.333333333333333,1.1636363636363636,1.0877192982456143,1.1636363636363636,1.0877192982456143,1.1249999999999996,0.9833333333333334,0.9193548387096772,0.9508196721311476,0.9833333333333334,1.0517241379310347
QFPI-L,16.0,-0.1506759385333593,2.707670164416123e-06,0.2937867989392796,0.0302060049537848,0.0520886899180253,1.407434878111807,-0.9475,0.2621635907895606,-0.0379996384407229,-0.0037816384603864,-0.0020611942749286,1.0,0.133865137729029,-0.056844185562721,-3.1802246761545864e-08,-0.0246124718968169,9.278147524394606e-12,0.0550458715596328,0.0087288465279128,2.065205057303767e-06,-0.2805949966193373,3.0,0.0018830598166356,0.0998690549567021,-0.0554482589900347,0.198466905907442,-0.0529308007115223,-0.0162176862958403,-0.0312379376895505,0.0678041074249605,1.6536866802719628,0.0,0.0,-0.2,-0.3333333333333332,-0.3333333333333332,-0.3333333333333332,-0.3333333333333332,-0.4285714285714286,-0.4285714285714286,-0.4285714285714286,-0.4285714285714286,-0.5,-0.5,-0.4285714285714286,-0.3333333333333332,-0.3333333333333332,-0.3333333333333332,-0.4285714285714286,-0.4285714285714286,-0.5,-0.5,-0.4285714285714286,-0.2,-0.2,-0.2,-0.3333333333333332,-0.3333333333333332,-0.3333333333333332,-0.3333333333333332,-0.3333333333333332,-0.2,-0.3333333333333332,-0.2,-0.2,0.0,0.3333333333333335,0.3333333333333335,0.0,0.3333333333333335,1.0,1.0,1.0,1.0,1.0,1.0,0.3333333333333335,0.0,0.3333333333333335,0.0
QFPK-L^J20,15.0,0.0739756164634704,1.0289417296757668e-06,0.1116419204337151,0.0094658825424957,0.2405174303880728,1.7916026119881583,0.131,0.0666769399241451,-0.0039522152334758,0.0005041708680905,0.0265545474662535,1.0,3.78021978021978,0.0943001163241567,8.47303727505663e-08,-0.0154696132596684,5.4778189703071455e-12,0.014,0.0067833898615821,6.796659246196458e-07,0.0446038327916619,2.0,0.0038557540778923,0.3350582147477361,-0.2418938307030129,0.2418938307030129,0.2418938307030129,0.0165878832559954,0.0258725649350649,0.2418938307030129,0.4297877602772226,0.0,0.0,-0.0625,-0.1176470588235295,-0.1176470588235295,-0.1666666666666666,-0.0909090909090909,-0.0909090909090909,0.0,-0.0322580645161291,0.0,0.0,-0.1176470588235295,-0.1666666666666666,-0.1428571428571428,-0.2500000000000001,-0.2682926829268293,-0.2682926829268293,-0.2500000000000001,-0.2682926829268293,-0.2500000000000001,-0.2857142857142857,-0.2857142857142857,-0.2105263157894736,-0.2105263157894736,-0.0909090909090909,-0.0909090909090909,-0.0625,-0.0625,-0.1176470588235295,-0.1176470588235295,-0.0625,-0.0625,-0.0625,-0.0909090909090909,-0.2105263157894736,-0.2105263157894736,-0.2857142857142857,-0.2857142857142857,-0.3023255813953488,-0.2857142857142857,-0.2105263157894736,-0.1666666666666666,-0.1666666666666666,-0.2105263157894736,-0.1176470588235295,-0.2105263157894736,-0.1176470588235295,-0.0625
QFPP-L,14.0,0.0295018499914238,8.076951834930228e-07,0.0876362954378743,0.0448850532308622,0.2354233619728471,0.5127831834761496,2.015,0.6561857579836504,0.058008336020311,0.1980605348222157,0.1265977552027425,1.0,0.0712398943408308,0.0711388146828931,5.4000533328306855e-08,-0.0014971144326659,1.3816883843120058e-11,0.1377777777777777,0.0735340961995541,4.461646717462567e-07,-0.0381509955930131,5.0,0.0188422538085315,0.4960056476913493,0.312086971377584,0.432806718438437,-0.6069942005944018,0.0088604059901131,0.0139101090754493,0.523306493314619,0.1274878650997175,0.0263157894736842,-0.05,-0.0952380952380952,0.0,-0.05,-0.05,-0.073170731707317,-0.05,-0.0256410256410256,-0.05,-0.05,-0.0952380952380952,-0.1363636363636363,-0.2083333333333332,-0.0952380952380952,-0.0952380952380952,-0.073170731707317,-0.0952380952380952,-0.0952380952380952,-0.05,0.0,-0.05,-0.0952380952380952,37.0,37.0,37.0,37.0,37.0,37.0,37.0,37.0,37.0,37.0,37.0,37.0,37.0,37.0,37.0,37.0,37.0,37.0,37.0,37.0,37.0,37.0,37.0,37.0,37.0,37.0
QFPS-L^L20,12.0,-0.1136363636363636,2.471946987869867e-07,0.0268210435029291,0.0578827113480578,-1.4430091185410334,2.1414883150773134,-0.07,-0.4646476649766214,0.7152149556607192,0.0131700250230475,-0.0161489401875563,1.0,1.3618090452261309,-0.4171380090497738,-2.6026807198823925e-07,-0.0947154956459501,1.4051041337533524e-13,-0.0975609756097561,0.0011251125112511,2.2416637168019326e-07,1.4495412844036693,3.0,0.0023441270931486,0.2187396124591831,0.1730141618547815,0.2891781005639979,0.1910493361642553,-0.0945225399903053,-0.1722614840989399,0.1822057987492893,1.6536866802719628,-0.111111111111111,0.0,-0.1,-0.1,-0.1,0.2857142857142856,0.0,-0.1,0.2857142857142856,-0.1818181818181818,-0.4,0.125,0.0,-0.1,0.0,-0.1,-0.1818181818181818,-0.25,-0.3076923076923077,-0.4705882352941177,0.5,0.5,0.5,0.5,0.2857142857142856,0.5,0.5,0.5,0.5,0.7999999999999998,0.5,0.2857142857142856,0.2857142857142856,0.125,0.125,0.2857142857142856,0.125,-0.1,0.0,-0.1,-0.25,-0.3076923076923077,-0.3571428571428572,-0.3571428571428572,-0.3571428571428572,-0.5714285714285714,-0.55,-0.55,-0.6086956521739131
QFRM-L^I19,11.0,-0.0069538926681783,6.111982765780662e-07,0.0663160482221419,0.1368881814564266,0.0101482597320225,2.4173173069993963,-603.5,-0.2164835711822893,-0.0143398829603103,0.0050838840874428,-0.0047192071731949,1.0,0.3161559888579387,0.0355871886120996,-3.42355048392525e-07,-0.0226031553398038,7.461468000865462e-07,-0.0454545454545454,-0.0025699168556311,1.3185920207412712e-05,-0.008997632202052,3.0,0.133860728289495,-0.0102942957490613,-0.0841114109799868,0.016442238047656,0.0337164580804967,-0.1121936367788095,-2.532646048109965,0.0640612856667036,1.6536866802719628,0.2916666666666667,-0.52,-0.5862068965517242,-0.7073170731707317,-0.7419354838709677,-0.7714285714285715,-0.7894736842105263,-0.8110236220472441,-0.7966101694915254,-0.8032786885245902,-0.808,-0.8048780487804879,-0.7983193277310925,-0.8,-0.8032786885245902,-0.8110236220472441,-0.7818181818181819,-0.7303370786516854,-0.7419354838709677,-0.75,-0.7142857142857143,-0.7303370786516854,-0.7272727272727273,-0.7241379310344828,-0.7209302325581395,-0.6571428571428571,-0.6619718309859155,-0.6666666666666667,-0.6065573770491803,-0.6307692307692307,-0.6712328767123288,-0.7272727272727273,-0.7419354838709677,-0.7757009345794392,-0.7777777777777778,-0.8016528925619835,-0.8,-0.8032786885245902,-0.8,-0.7669902912621359,-0.7948717948717949,-0.8235294117647058,-0.8309859154929577,-0.8309859154929577,-0.8309859154929577,-0.808,-0.813953488372093,-0.8125,-0.8016528925619835
QFSS-L,16.0,0.421998478277349,3.366451755731676e-07,0.0365265717404393,0.2358578030752827,0.1567497209931397,0.1307210584850098,-5.8176000000000005,3.1154101897962545,0.0746208019388448,-0.0034673938634548,0.761234093778572,1.0,0.0563750441437222,2.105523979044884,4.20447972415603e-08,0.177957046940739,8.930933320990153e-12,0.6541353383458647,0.0590459673347033,4.407266266960128e-07,0.0055972548036682,3.0,0.1282255247846927,0.1314758767566721,-0.0469567621964881,1.2002099433514923,0.3089752534464223,0.0072255521097962,0.0168146516027262,0.2002099433514923,-1.077068728018847,0.0167130919220055,0.0497076023391813,-0.2673469387755103,-0.2946954813359528,-0.1932584269662922,-0.4105090311986864,-0.1157635467980294,0.1770491803278688,-0.0477453580901857,0.4133858267716535,0.7598039215686274,1.4421768707482991,1.4093959731543624,2.016806722689076,1.9186991869918697,1.826771653543307,1.8951612903225803,1.872,3.662337662337662,3.786666666666666,3.723684210526316,3.723684210526316,3.786666666666666,3.786666666666666,3.851351351351351,3.4875,3.662337662337662,3.786666666666666,3.786666666666666,3.851351351351351,4.202898550724638,4.128571428571429,4.056338028169014,4.202898550724638,4.35820895522388,4.523076923076923,4.790322580645161,4.698412698412698,4.523076923076923,4.523076923076923,4.790322580645161,4.698412698412698,4.698412698412698,4.523076923076923,4.609375,4.523076923076923,4.35820895522388,4.202898550724638,4.128571428571429
QFTE-L,15.0,0.2090569821804245,5.911895838252273e-07,0.0641450711688553,0.0452683542991473,0.7105599125401628,1.5973609631006007,5.642899999999997,0.2774159292506598,-0.0515024666974626,0.0006861987677655,0.0782505248238426,1.0,0.088531723490527,0.5400847233554352,2.2805227877159845e-07,0.0895335426220116,8.117275310826844e-09,0.0582483691352311,0.2116417712454479,3.586831109987644e-07,-0.1092681181228068,3.0,0.3227119126078161,0.1895804250515844,-0.0732150302592159,-0.4623808759020804,-0.1104767497661712,0.066917734691683,0.1076762969716461,0.1293593537319665,0.2815544881202704,0.0317460317460318,-0.1637168141592919,-0.055,0.1962025316455695,-0.0643564356435644,0.0327868852459014,-0.1409090909090909,-0.16,-0.2254098360655737,-0.3942307692307693,-0.3614864864864865,-0.3549488054607509,-0.2559055118110237,-0.2840909090909091,-0.3571428571428572,-0.4,-0.2222222222222223,-0.0956937799043061,0.0738636363636362,0.1962025316455695,0.1183431952662721,0.1524390243902438,0.1812499999999999,0.4104477611940296,0.4427480916030533,0.7999999999999998,1.423076923076923,1.8636363636363635,2.5,4.90625,5.3,3.973684210526315,6.269230769230768,6.269230769230768,8.45,7.59090909090909,6.56,4.90625,4.558823529411764,2.3157894736842106,2.3157894736842106,1.8636363636363635,1.52,1.423076923076923,2.098360655737705,1.8636363636363635,2.78,2.566037735849056,1.7794117647058818
QFTP-L,16.0,0.1111097940223932,5.097541741833443e-07,0.0553091912919734,0.0360701990230791,0.1506687611161042,0.6198806434008843,167.3603,-0.016099884519396,0.4492302491951122,-0.0118294179391555,-0.0063950877345428,1.0,0.8162860810666472,0.0638755803031429,3.3223971465170074e-08,0.1406941920538448,3.755781680054019e-09,-0.003380454824831,-0.0052092009080113,5.12324035429495e-07,0.1624621942125733,5.0,0.5904635662671804,-0.0577198038203502,0.0709192380138766,0.0822565670522268,0.2474923696176843,-0.0064643618173833,-0.0130217166478864,0.1981049510027196,-0.0574823171824399,-0.1359084406294707,-0.0298403886190145,-0.1163084702907711,-0.0463847203274215,0.2663043478260871,0.3705882352941179,0.4008016032064128,0.5413450937155457,0.66626936829559,0.7831632653061225,0.8689839572192513,0.8615179760319576,0.933609958506224,0.9607293127629736,0.8467635402906208,0.738805970149254,0.9203296703296704,0.1148325358851676,0.0309734513274335,0.0043103448275862,0.0574886535552192,0.0778720123361602,0.0845616757176106,0.1166134185303515,0.2177700348432056,0.1837425910245553,0.1669449081803005,0.2284710017574691,0.1563275434243176,0.2674524025385314,0.2020636285468615,0.238263950398583,0.1969178082191782,0.1338199513381994,0.0394052044609667,0.0101156069364163,0.1256038647342996,0.1121718377088305,0.1867572156196946,0.1283292978208232,0.1421568627450979,0.0938967136150235,0.0378619153674832,0.1256038647342996,0.1283292978208232,0.3896620278330018,0.2020636285468615,0.2767123287671233,0.3442307692307691
QFUM-L,20.0,0.2120868396339329,6.289341839132349e-08,0.0068240424208094,0.4535008082060257,1.2577056010605558,1.5710312230239836,1.0434,0.7491791002712935,0.0137501342183225,0.0062607030401237,-0.0001338317374625,1.0,0.231178328070467,0.1783512973134466,1.9209174130386865e-08,0.0413279414776103,8.427078961931745e-12,0.1573033707865168,0.0272340582245382,1.7848848329273276e-08,0.3480822679266258,3.0,0.1146043046983534,-0.2342768097650715,0.0324247120620411,-0.0183805926235429,0.0414218639042487,0.0919453128579635,0.1168803820891242,0.1527520785091282,0.4364790056471903,-0.1158820486290739,-0.1446902654867258,-0.210375816993464,-0.106333795654184,-0.0675349734684034,0.2835325365205841,0.3748221906116642,0.4425373134328356,0.6298482293423271,0.4599697885196372,0.3817012151536811,0.4677296886864084,0.4823619631901841,0.5007763975155277,0.1437869822485207,0.1976456009913256,0.5753871230643846,0.3936553713049746,0.2708744247205783,0.5626515763945028,0.7620783956244299,0.7015845070422535,1.0784946236559136,1.5739014647137148,1.7302259887005649,1.5334207077326345,1.601615074024226,1.813682678311499,1.9738461538461536,2.667931688804554,3.635491606714628,3.5482352941176467,3.48491879350348,3.505827505827505,2.83531746031746,2.520947176684881,3.052410901467505,3.9948320413436686,4.702064896755162,4.857575757575757,4.46045197740113,4.46045197740113,4.127320954907161,3.7610837438423648,3.5269320843091334,3.808457711442786,7.746606334841628,7.553097345132743,7.190677966101694
QFWB-L,15.0,0.1289783072535615,5.232475126647024e-07,0.0567732413714621,0.0064660558093584,0.3450671014954935,1.4937684176871266,70.8742,0.1107561445128299,0.0121128697261211,0.0028795108558748,0.0860345389643991,1.0,0.0948718039593907,-0.0503634483156936,1.2371763323950697e-07,0.033170600638843,3.668627226906621e-07,0.0232552067467949,0.1222784831134942,6.331520166394973e-07,0.34629700445238,4.0,1.6821500062043464,-0.0362194458784857,0.0445077758033771,-0.0629868491705964,0.0461150474075069,0.029661717755556,0.06844749943417,0.0669463786668956,0.479649483824206,-0.079954954954955,-0.026315789473684,-0.1602836879432623,-0.1815668202764976,-0.1594888783719829,-0.1246919664859536,-0.1502392344497606,-0.126843657817109,-0.0725848563968667,-0.0347826086956519,-0.0623020063357971,-0.0802692905230448,0.020689655172414,-0.0326797385620913,-0.1395348837209301,-0.1638418079096043,-0.1115557778889443,-0.1194843827466534,-0.1340809361287177,-0.1124437781109445,-0.0915601023017902,-0.0682056663168938,0.0131203650884199,0.0660264105642258,0.1226295828065739,0.1134796238244515,0.0770163735597333,0.1532467532467534,0.1615434924787444,0.2402234636871509,0.3383571966842502,0.3577981651376147,0.3175074183976261,0.3434190620272315,0.5376623376623377,0.3313343328335834,0.1480284421460893,0.1769383697813122,0.28788977519942,0.2533521524347213,0.1510045366169801,0.27494615936827,0.221458046767538,0.3434190620272315,0.3672055427251732,0.3353383458646617,0.4936921783010934,0.6914285714285715,0.6353591160220997
QFWC-L^D19,15.0,0.1289783072535615,5.219141537649417e-06,0.5662856967246943,0.0064660558093584,0.3450671014954935,1.4937684176871266,70.8742,0.1107561445128299,0.0121128697261211,0.0028795108558748,0.0860345389643991,1.0,0.0948718039593907,-0.0503634483156936,1.234023713350649e-06,0.033170600638843,3.668627226906621e-07,0.0232552067467949,0.1222784831134942,6.31538594968387e-06,0.34629700445238,3.0,0.1686447474792476,-0.0362194458784857,0.0445077758033771,-0.0629868491705964,0.0461150474075069,0.029661717755556,0.06844749943417,0.0669463786668956,0.479649483824206,0.0,0.0,0.0,0.0,0.0,0.0,0.0,0.0,0.0,0.0,0.0,0.0,0.0,0.0,0.0,0.0,0.0,0.0,0.0,0.0,0.0,0.0,0.0,0.0,0.0,0.0,0.0,0.0,0.0,0.0,0.0,0.0,0.0,0.0,0.0,0.0,0.0,0.0,0.0,0.0,0.0,0.0,0.0,0.0,0.0,0.0,0.0,0.0,0.0
QGBT-L,16.0,-0.0206180461980097,8.958730664823692e-07,0.0972037450929798,0.0068832583001692,0.0921089538399823,0.1770145642336953,-10.573400000000005,0.7902628499263502,-0.0061822939559143,0.001136916207713,0.0012880832381861,1.0,418.953373015873,0.0365722938768045,7.08179783739979e-08,-0.0507839316446686,3.1142557134718086e-09,0.1659296289175159,-0.0006283930637149,2.281387383147004e-06,-0.0413869635446149,3.0,0.4126818285339048,5.090230316139129,0.0441888296017854,0.2572573071914293,-0.1143526877919161,0.0049013227881941,0.0176421838548523,-0.0259541492375774,0.8356114601288614,0.0280373831775702,0.0388349514563106,-0.0046511627906975,-0.0272727272727273,-0.0360360360360361,0.0046948356807512,0.0388349514563106,-0.0695652173913041,-0.0272727272727273,-0.0228310502283104,-0.0360360360360361,-0.0228310502283104,-0.0360360360360361,-0.104602510460251,-0.1157024793388429,-0.16078431372549,-0.1405622489959839,-0.1120331950207469,-0.1439999999999999,-0.0614035087719296,-0.1157024793388429,-0.0572687224669603,-0.0138248847926266,-0.0655021834061134,0.0,-0.1083333333333332,-0.0572687224669603,-0.0316742081447962,-0.0695652173913041,-0.018348623853211,0.0541871921182268,0.0388349514563106,-0.0446428571428572,0.0490196078431373,0.014218009478673,0.0388349514563106,0.1263157894736843,0.0808080808080808,0.07,0.1145833333333334,0.1088082901554405,0.1888888888888888,0.1088082901554405,0.0388349514563106,0.0753768844221105,0.0753768844221105,0.1030927835051547,0.1204188481675394,0.07
QGCD-L,14.0,0.4658040247164413,3.210104544536432e-07,0.0348301780177556,0.2891131491448521,0.1578411352152059,1.859795716287364,12.145499999999998,0.6760863838601956,0.0143406591220068,0.0054660327130368,0.0336922720564476,1.0,0.0993807647675594,0.3165188449715711,9.493727099199272e-08,-0.0037608030602163,8.585873626062897e-09,0.1419562653116776,0.2731931607342294,9.802106310860614e-07,0.5385229287710904,5.0,0.2198518275970091,-0.0308327667092278,0.1927077578535347,-0.7562530394091915,0.1605122696449026,0.0231179757631484,0.0998535459661465,0.3125920769783007,0.7859977511524772,-0.2754321337489374,-0.0814679854242582,0.0114646030381198,-0.0761780104712043,-0.2182100132919805,-0.1680810938236681,-0.1909674461256304,0.0309669880222027,0.1059229081792541,0.0370261533940639,-0.0795513823682838,-0.0515990325181403,0.0531184720978812,-0.0240597345132742,0.0642340168878168,0.2594575303354747,0.3769020678891923,0.5450963222416811,0.5698398576512456,0.7358583374323662,0.7796268280383258,0.9983012457531144,1.3479707252162343,1.8322632423756016,1.85748987854251,1.1743684534812076,1.191925465838509,1.354236157438292,2.190777576853526,2.288909599254427,2.6083844580777096,3.749663526244954,3.860881542699724,4.220414201183432,4.7011308562197085,4.290854572713643,5.202108963093146,5.487132352941176,6.129292929292929,6.1727642276422765,5.511070110701107,5.3130590339892665,4.785245901639344,3.991513437057991,4.55748031496063,5.213028169014085,6.352083333333334,6.216768916155419,5.43978102189781
QGCT-L,15.0,-0.0149709518844033,9.400621025154844e-07,0.101998330347488,0.0352362948960302,0.1142231443061318,1.0009048695592768,-3.599999999999998,-0.4770391983262884,0.0252853663880788,-0.0007826015322514,-0.0024280404517818,1.0,1.190954773869347,-0.128597303280338,1.6369672639646078e-07,-0.0111815691718875,6.097721119831809e-09,-0.1001627966755204,0.0016386116490391,1.931143741772571e-06,0.0517914153955302,2.0,0.1295011624691589,0.2732788365792094,-0.049164446597239,0.049164446597239,0.049164446597239,0.0159254305300117,0.0492757371960682,0.049164446597239,0.7435010405997284,-0.0462962962962962,0.2558139534883721,0.0093457943925234,-0.0608695652173911,-0.1255060728744939,0.074626865671642,0.0434782608695654,-0.1074380165289254,-0.0567685589519649,0.08,0.090909090909091,0.090909090909091,0.1134020618556701,0.0640394088669953,0.0285714285714286,0.08,0.130890052356021,0.2705882352941178,0.3333333333333332,0.3500000000000001,0.2934131736526948,0.3333333333333332,0.2203389830508475,0.2558139534883721,-0.2394366197183097,-0.2677966101694915,-0.2058823529411765,-0.2116788321167882,-0.1755725190839694,-0.2677966101694915,-0.2173913043478259,-0.1940298507462686,-0.2499999999999999,-0.15625,-0.0924369747899158,-0.2525951557093425,-0.4146341463414633,-0.4330708661417323,-0.4447300771208226,-0.4517766497461928,-0.462686567164179,-0.5364806866952789,-0.5573770491803278,-0.5609756097560975,-0.5518672199170125,-0.5045871559633028,-0.505720823798627,-0.52,-0.5394456289978677
QGHS-L,13.0,1.6936037441497656,1.2749438676694946e-07,0.0138333569070682,0.0335920305803312,-0.0632439800090867,1.7502075484297517,0.8859999999999999,-0.3415438015465598,0.2697474557591311,-0.0652533453615997,0.0650629610388429,1.0,0.0790305584826132,-14.203539823008851,-4.255509692355284e-08,0.2115222165906402,3.61178469253448e-13,-0.0717131474103585,-0.022776911076443,6.397791378848195e-07,1.1281978396816374,4.0,0.0032901831528587,-0.0925432343643464,-0.1612184085641762,-0.6464040025015634,0.1096249072100657,0.0391658189216683,0.2325503355704697,0.251031894934334,1.6536866802719628,0.0,-0.1,-0.1,-0.1818181818181818,-0.25,-0.1818181818181818,-0.3076923076923077,-0.5,-0.625,-0.6086956521739131,-0.625,-0.625,-0.1,-0.1,-0.25,-0.3571428571428572,-0.4,-0.4705882352941177,-0.4375,-0.25,-0.1,-0.3571428571428572,-0.3571428571428572,-0.5714285714285714,-0.55,-0.6785714285714286,-0.6785714285714286,-0.7,-0.5909090909090909,-0.4,0.0,-0.1,-0.25,-0.4,-0.5,-0.6538461538461539,-0.5909090909090909,-0.3571428571428572,-0.4,-0.5,-0.5909090909090909,-0.625,-0.5714285714285714,-0.625,-0.6666666666666667,-0.7,-0.6538461538461539,-0.6785714285714286,-0.7272727272727273
QGJJ-L^E23,15.0,0.0396179123264796,1.922137778812239e-06,0.208555204610483,0.0775790813259533,0.8343903239619308,0.8024166114407013,1.4916999999999945,0.0197958082205813,0.0212530950908412,-0.0006716987986011,-0.0084639457580401,1.0,0.4160723744380112,0.1534729951565604,4.255409985564175e-07,-0.0292741887332782,3.121035417195855e-09,0.0041564792176039,-0.0002107732542098,4.836240083302802e-07,-0.2514762862595598,3.0,0.1394291384173195,0.0148347742355269,0.1046720914977616,0.0720306267323197,-0.1792711327460374,0.0434114161527903,0.0545849273495377,0.0201177606549332,0.1446185671372123,0.0,0.0,0.0,0.0,0.0,0.0,0.0,0.0,0.0,0.0,0.0,0.0,0.0,0.0,0.0,0.0,0.0,0.0,0.0,0.0,0.0,0.0,0.0,0.0,0.0,0.0,0.0,0.0,0.0,0.0,0.0,0.0,0.0,0.0,0.0,0.0,0.0,0.0,0.0,0.0,0.0,0.0,0.0,0.0,0.0,0.0,0.0,0.0,0.0
QGLF-L,15.0,0.2633390705679863,1.3545076083834206e-07,0.0146966369698753,0.1525885558583106,1.3028938906752412,2.0435210556370333,4.25,0.6792986861187523,0.0051683765850765,0.0050095381606578,0.0115919626611318,1.0,1.0652173913043477,0.1794117647058823,5.850391964389237e-08,0.0916349809885909,1.0271980240983154e-09,0.1426307448494452,0.0283993115318416,6.289509144164411e-08,0.4919871794871794,4.0,0.4161742864750637,-0.5162780928376391,-0.0679981938880403,0.0785562632696391,0.0734801211376595,0.0919132972071696,0.1290983606557377,0.0785562632696391,0.3876424897173308,-0.0860927152317881,0.0066666666666665,0.0633802816901409,0.0596491228070175,-0.032051282051282,-0.0351437699680511,-0.050314465408805,-0.006578947368421,0.0522648083623693,0.1750972762645914,-0.1169590643274853,-0.151685393258427,-0.0876132930513595,-0.0820668693009119,-0.0591900311526479,-0.0591900311526479,-0.0903614457831324,-0.1468926553672316,-0.1468926553672316,-0.1271676300578034,-0.0820668693009119,-0.1117647058823528,-0.0876132930513595,0.0272108843537415,0.126865671641791,0.0449826989619377,-0.0226537216828478,0.0237288135593218,0.0168350168350168,0.0981818181818181,-0.0876132930513595,-0.0382165605095541,-0.062111801242236,-0.1271676300578034,-0.1169590643274853,-0.1771117166212533,-0.0792682926829267,-0.1011904761904761,-0.0958083832335329,-0.0707692307692308,0.0202702702702703,0.0413793103448276,-0.0098360655737704,0.0633802816901409,0.1310861423220974,0.1310861423220974,0.1310861423220974,0.2905982905982907,0.3422222222222222
QGLJ-L,13.0,0.0934210526315789,9.454482920688273e-08,0.0102582741036852,0.3402833488431794,-0.001318771893674,17.643936646375987,-0.1959,0.7937730943350609,0.001225583002896,-0.0251515522625681,-0.0122992682847651,1.0,0.395054945054945,-0.6464379947229552,-1.728618145946736e-07,-0.0978839304420698,1.2788638522088158e-10,0.1666666666666666,0.0016666666666666,3.143262791915392e-06,0.2261467889908256,2.0,0.0011954477169593,3.9988796120081047,0.0033553660245351,0.6217706381056595,-0.1927578518765789,-0.008943806050412,-0.1730558598028477,0.4737138830162085,1.6536866802719628,0.0,0.0,0.3333333333333335,0.0,0.0,-0.2,-0.2,-0.2,0.0,0.0,0.0,0.0,0.0,0.0,0.0,0.0,0.0,-0.2,0.0,0.0,0.3333333333333335,0.0,0.3333333333333335,1.0,1.0,1.0,0.3333333333333335,0.0,0.3333333333333335,0.3333333333333335,0.3333333333333335,1.0,1.0,1.0,1.0,1.0,0.3333333333333335,0.3333333333333335,0.3333333333333335,0.3333333333333335,0.3333333333333335,0.3333333333333335,0.3333333333333335,1.0,0.3333333333333335,0.3333333333333335,1.0,3.0,1.0
QGMB-L,13.0,0.0143865832579026,5.314306654317959e-07,0.0576611273068577,0.1381261834257029,0.0677552538794778,0.3254919435409961,-0.817499999999999,0.9805432341786045,0.0285844592847947,0.0010740490625308,0.4930378906611467,1.0,0.0282463201879153,0.0878038124918085,5.414305977373195e-08,0.0486576186043087,9.472536849441843e-10,0.2058823529411764,0.0918745284231769,1.541907604183811e-06,-0.0140550337182514,4.0,0.19759548109139,-0.0449558212851256,0.0045343000194973,0.1317838089915028,1.0503324946634762,0.0065897693596851,0.0286834612771166,0.0503324946634761,0.1282463311647892,0.0310559006211179,0.0387096774193549,-0.0061728395061727,0.0769230769230771,0.0805369127516779,0.1141868512110728,0.2931726907630523,0.3879310344827589,0.4570135746606334,0.4000000000000001,0.4439461883408073,0.4636363636363638,0.4663023679417122,0.5260663507109005,0.4976744186046513,0.6563786008230452,0.9166666666666669,0.9166666666666669,0.8830409356725146,1.096354166666667,1.07741935483871,1.037974683544304,1.175675675675676,1.3746312684365782,1.3265895953757227,1.3065902578796562,1.3333333333333337,1.175675675675676,1.0328282828282829,1.161073825503356,1.0251572327044025,0.9827586206896556,0.9827586206896556,1.5394321766561516,1.496124031007752,1.4101796407185634,1.648026315789474,1.3641703377386198,1.4101796407185634,1.4320241691842903,1.661157024793389,1.84452296819788,1.7288135593220342,1.8000000000000005,1.9981378026070769,2.14453125,2.425531914893617,2.60178970917226,2.709677419354839
QGNN-L,16.0,-0.0865568083261057,5.136298834200621e-07,0.0557297123086166,0.0688378275731105,0.038281893946332,1.1973441964793576,-0.062,1.1906596415025914,-0.0174890759931678,0.0021675118599705,-0.0457773787009519,1.0,4.150442477876106,-0.2295837305370193,-2.754047632279153e-08,-0.1201160366240591,6.137197592791452e-13,0.25,0.0050303555941023,6.019712574708626e-07,0.0853705118411,4.0,0.0026542646079165,-0.5397751410603913,-0.0719983342190326,0.3071175120016697,-0.072978132304909,-0.0040270320311053,-0.0086070439256034,-0.0928824879983302,1.6536866802719628,0.0,0.0,-0.1999999999999999,-0.1272727272727274,-0.1578947368421052,-0.2380952380952381,-0.4285714285714286,-0.4418604651162791,-0.4947368421052631,-0.4418604651162791,-0.2727272727272728,-0.2727272727272728,-0.1111111111111111,-0.142857142857143,-0.1272727272727274,-0.0943396226415095,-0.1578947368421052,-0.1864406779661016,-0.4352941176470588,-0.4666666666666667,-0.4418604651162791,-0.4545454545454546,-0.5102040816326531,-0.5,-0.4725274725274725,-0.4418604651162791,-0.4352941176470588,-0.4216867469879518,-0.4285714285714286,-0.3846153846153847,-0.4146341463414634,-0.4666666666666667,-0.4352941176470588,-0.4482758620689655,-0.3142857142857143,-0.3513513513513513,-0.3766233766233766,-0.4,-0.3846153846153847,-0.5636363636363637,-0.5714285714285715,-0.5555555555555556,-0.5826086956521739,-0.5514018691588786,-0.5247524752475248,-0.5339805825242718,-0.4666666666666667,-0.5051546391752577,-0.5102040816326531
QGQO-L,12.0,-0.0999568513838376,8.089425452688823e-07,0.0877716363032666,0.1347039781573456,-0.6648531519041905,1.2527554250654,-2.7558,-0.6018719066936176,-0.1994210911922497,0.0026094639298115,0.3089796191922843,1.0,0.2046579657965796,-0.3543438140419606,-4.3058724327608986e-07,0.0467335400959413,3.335028729944759e-12,-0.1263736263736263,0.0604779222913969,7.445463210821557e-07,0.5737073295054195,1.0,0.0039638747929228,-0.7588336759280054,-0.0314212561799037,0.0675726774525723,-0.1687023437895689,-0.1574642802559347,-0.2415488629379225,-0.1745959972462227,1.6536866802719628,0.0,0.0,0.0,0.0,0.0,0.0,0.0,-0.1666666666666666,-0.1666666666666666,-0.2500000000000001,-0.2500000000000001,-0.2500000000000001,-0.2105263157894736,-0.2500000000000001,0.0,-0.0625,0.0,-0.0625,-0.53125,-0.5714285714285714,-0.5833333333333333,-0.6052631578947368,-0.5945945945945946,-0.5945945945945946,-0.5945945945945946,-0.6153846153846154,-0.6052631578947368,-0.5714285714285714,-0.5714285714285714,-0.5714285714285714,-0.5454545454545454,-0.5454545454545454,-0.5454545454545454,-0.53125,-0.5161290322580645,-0.5,-0.5,-0.5,-0.5161290322580645,-0.5161290322580645,-0.5,-0.53125,-0.53125,-0.5588235294117647,-0.5454545454545454,-0.5454545454545454,-0.5588235294117647,-0.5588235294117647,-0.5833333333333333
QGRB-L,13.0,-0.0089434233714405,6.255449202541347e-07,0.0678726833605371,0.160130415614066,0.1137117263898024,2.2873582654469944,-0.5244999999999997,1.279245350779394,-0.0004911421153314,0.0019004520698809,0.0169511942405891,1.0,0.19100424436805,0.0887016177706334,9.369361692537737e-08,0.0756229071365551,1.1087706692346222e-08,0.2686001326888448,0.0812357758155086,1.254798413504851e-06,-0.0638393700517635,5.0,0.1297969869423136,0.0578415615429263,-0.1800575181997585,-0.201611011098923,0.1702877506609867,0.0109153111754643,0.035946408948122,0.1556520613195291,0.5531404666211411,-0.1270386266094421,0.0043103448275862,-0.0427280197206244,-0.0143824027072757,-0.0775930324623911,0.0383244206773618,-0.1642754662840745,-0.1440117560617192,-0.1898470097357441,-0.26821608040201,-0.2913625304136253,-0.2672955974842766,-0.2080217539089055,-0.2305151915455746,-0.2340565417488495,-0.184173669467787,-0.1318926974664679,-0.1253753753753753,-0.1458944281524926,-0.1338289962825277,-0.1106870229007632,-0.0168776371308015,-0.0543831168831169,0.0051768766177739,0.0610200364298725,0.0619872379216044,0.1755802219979818,0.3468208092485549,0.2704471101417667,0.3530778164924508,0.3299086757990868,0.4224664224664225,0.3625730994152045,0.3738207547169812,0.4526184538653368,0.2718340611353711,0.2173458725182864,0.2263157894736842,0.3208616780045352,0.2608225108225108,0.2060041407867494,0.1720321931589539,0.1755802219979818,0.1615154536390828,0.0562103354487761,0.1191162343900096,0.158051689860835,0.3722025912838633,0.3836104513064133
QGSC-L^A20,11.0,-0.0340873224618621,3.976778738102535e-07,0.0431487228729303,0.0581554316962877,0.0947146249230498,0.7753824468276896,29.85,-0.5518506765391226,0.0386615411470058,0.004390243902439,0.0013816012330374,1.0,4.075471698113208,-0.0192307692307691,3.8988026844142507e-08,-0.0341967248207187,8.862322691747134e-09,-0.1158707865168539,-0.0052077853761178,6.831669447945715e-07,-0.012062937062937,4.0,0.4651261681244095,0.0362844702467344,0.1153650092796873,0.1499030202272097,0.10623248401936,0.0157750342935528,0.0460589554629926,-0.0352821649579754,-0.0153831319095066,-0.0377358490566037,-0.1038647342995168,-0.1038647342995168,0.0,0.036312849162011,0.0421348314606742,0.1967741935483871,0.3690036900369005,0.3202846975088966,0.2284768211920529,0.1557632398753894,0.138036809815951,0.2533783783783783,0.3109540636042402,0.394736842105263,0.5330578512396695,0.5458333333333334,0.663677130044843,0.5588235294117647,0.5020242914979756,0.5458333333333334,0.5787234042553191,0.5787234042553191,0.6130434782608696,0.6787330316742082,0.5854700854700856,0.592274678111588,0.6940639269406392,0.9025641025641028,1.12,1.072625698324022,1.0054054054054054,1.4733333333333332,1.1445086705202314,1.4733333333333332,1.2215568862275448,0.7417840375586855,0.6787330316742082,0.4722222222222221,0.2837370242214532,0.1208459214501509,0.0136612021857922,0.138036809815951,0.1853035143769967,0.2325581395348837,0.24496644295302,0.3250000000000002,0.1521739130434782,0.2491582491582491
QHEL-L,13.0,0.0024346612331339,5.983656569868282e-08,0.0064923687261319,0.3983020141100605,0.4213980793041635,1.137320338500026,0.5570000000000004,1.2370489781845102,0.0011872051224114,-0.0014239983885998,0.0069539371004038,1.0,1.8445355486028696,-0.1434642553899212,1.8302309227365722e-08,0.0231405532553879,2.098601010695889e-11,0.2597402597402596,-0.0177351901469086,5.478508554666274e-08,0.2315514545423303,3.0,0.183909064376,1.3204103764123565,0.0136110254623167,1.1422933695312625,0.0819113434522699,0.0406409451845122,0.0701347130072609,0.1422933695312622,0.3282924434515848,-0.1792294807370185,-0.0370967741935482,-0.1194690265486725,0.3034934497816595,0.4080188679245284,0.3981264637002342,0.5920000000000001,0.6293668122270744,0.6940976163450625,0.6311475409836065,0.5903036760788494,1.0375426621160408,1.0515463917525771,0.9258064516129034,1.2926267281105992,1.32295719844358,1.2961538461538464,1.3283931357254293,1.2751524390243905,1.4979079497907954,1.44672131147541,1.4771784232365146,1.33203125,1.2528301886792454,1.884057971014493,1.4228896103896105,1.3466981132075473,1.9408866995073888,2.006042296072508,2.817135549872123,2.754716981132076,2.754716981132076,2.98,2.9694148936170217,3.0067114093959733,2.7406015037593985,2.6988847583643123,3.2161016949152543,3.402654867256637,3.700787401574804,3.606481481481481,3.5364741641337387,3.488721804511278,3.814516129032258,4.548327137546469,4.740384615384616,4.970000000000001,5.271008403361345,5.116803278688525
QHTJ-L,14.0,0.2143129044537495,3.3771274183012925e-07,0.0366424044875036,0.0337676149960117,0.2244047619047619,1.6701467643788157,-2.75,0.9247841875748284,-0.0074756781438594,-0.0009191176470588,0.0180315971387489,1.0,0.5636743215031316,0.7920454545454544,2.2913927315043647e-08,0.0436651194773931,8.70207218166408e-10,0.1941747572815534,0.0521507422915873,3.4542210055294774e-07,-0.0767029192902116,4.0,0.1312884623946104,0.1067578002116282,0.019732119882447,0.1241942604856512,-0.0485651214128036,0.0012539184952978,0.0025364616360177,0.2041942604856512,0.5254705339181938,0.0507936507936508,-0.2791762013729977,-0.3297872340425533,-0.3181818181818182,-0.4390026714158505,-0.4449339207048458,-0.3218514531754575,-0.3642785065590312,-0.3545081967213115,-0.4084507042253521,-0.48318293683347,-0.3948126801152738,-0.3636363636363636,-0.5594405594405595,-0.5684931506849316,-0.5477386934673367,-0.5198170731707317,-0.4923448831587429,-0.5597484276729561,-0.5209125475285171,-0.4578313253012048,-0.4062205466540999,-0.3977055449330784,-0.4288304623753399,-0.3953934740882917,-0.2808219178082192,-0.3023255813953488,-0.3054024255788313,-0.2164179104477611,-0.1577540106951872,-0.2164179104477611,-0.1497975708502025,-0.1796875,-0.1786179921773142,-0.2363636363636363,-0.2363636363636363,-0.1440217391304348,-0.101283880171184,-0.0895953757225433,-0.0468986384266264,-0.0307692307692307,-0.0396341463414633,-0.036697247706422,0.0588235294117647,0.2352941176470588,0.3606911447084233,0.3319238900634247,0.3999999999999999,0.5555555555555556
QIJV-L,16.0,0.0211124587338301,1.2530359134078718e-06,0.1359565189268305,0.0495527946578096,0.006818278832108,0.0370893112769027,-34.07409999999999,0.1183501308938106,0.028327519199585,-0.0002481725991039,0.6333992334180799,1.0,0.1260058821077,0.0028427841530801,1.0634144972665133e-07,0.1123597619947798,6.572249042846424e-07,0.0248496981774856,0.0005894891581703,1.890658767149605e-05,0.0235011713415868,2.0,4.843289297930745,-0.0920330427230486,-0.0050818137167781,-94.30565987426296,0.0050818137167781,0.000564463621705,0.0090554958091548,0.0050818137167781,0.577262495310335,-0.108359133126935,0.0487012987012986,-0.063768115942029,-0.0771428571428571,-0.0823863636363636,-0.0030864197530865,-0.0122324159021406,-0.0926966292134832,-0.0527859237536657,-0.0849858356940509,-0.1544502617801046,-0.0691642651296831,-0.0527859237536657,-0.0977653631284916,-0.1126373626373626,-0.1945137157107231,-0.1863979848866499,-0.1544502617801046,-0.1002785515320333,-0.0664739884393064,-0.044378698224852,0.1215277777777779,0.1137931034482759,0.2097378277153558,0.3803418803418803,0.2971887550200802,0.6564102564102565,0.5679611650485437,0.7272727272727271,0.9112426035502958,0.7089947089947091,0.5528846153846154,0.5454545454545456,0.5833333333333333,0.5603864734299517,0.3686440677966103,0.2971887550200802,0.292,0.251937984496124,0.1745454545454545,0.1254355400696862,0.080267558528428,0.0319488817891373,-0.0271084337349397,0.0,0.0695364238410596,0.1176470588235294,-0.0499999999999999,-0.063768115942029
QIMZ-L,18.0,0.1489596279706553,1.2072200664023648e-07,0.0130985421926416,0.1737775452313852,0.1136948634923598,1.296075352679957,1.9534999999999911,0.1893525740932326,0.0014321611526072,0.0019964290431088,-0.000657973928686,1.0,0.4251750495753252,-0.0184537549572789,4.185566591485368e-08,-0.026126027801261,1.5074817323224096e-07,0.0397579139102827,0.0103475875081379,6.403816174719472e-07,0.1874189292699572,5.0,2.0069525816691334,0.015035164852112,-0.0092598766473025,0.0228993039162037,0.0612787623676193,0.0151302747661772,0.0961520837461561,0.0349352191779256,0.941199264090636,-0.0729047072330656,0.0023014959723821,-0.127254509018036,-0.1285642821410704,-0.104370179948586,-0.1380504700643245,-0.0654506437768239,-0.0874803562074383,-0.0599028602266594,-0.1002066115702478,-0.1535471331389697,-0.1380504700643245,-0.1148373983739836,-0.1289999999999999,-0.1071245515120451,-0.0506811989100817,0.0063547082611208,0.0122022080185939,-0.0202474690663666,-0.0268156424581004,0.0356718192627825,0.1216999356084997,0.1253229974160208,0.1159513132607303,0.1898907103825138,0.1267787839586029,0.041243275552899,0.0726600985221677,0.0706822372464659,0.0793060718711275,0.1644385026737969,0.0726600985221677,0.1145233525271913,0.2130919220055711,0.3127354935945743,0.2837140751658069,0.2577617328519856,0.1898907103825138,0.2363378282469839,0.2105628908964558,0.1378184193337688,0.1714862138533963,0.1605596269153899,0.1209781209781211,0.1850340136054422,0.1437951411687459,0.252336448598131,0.2380952380952381,0.158244680851064
QIQU-L,13.0,0.1083459421419056,6.169505360244672e-07,0.0669401781149314,0.248986569839375,0.2628807235471261,1.0146162088484074,-7.2685,0.5347546858170833,-0.0226338173281218,-0.0049096438535199,-0.0120439743918577,1.0,0.951583167010588,0.1514063477176468,6.804951609348448e-08,0.0573977919231091,7.988139922830559e-10,0.1122811816192561,0.0486704199864277,3.610222411072863e-07,0.0417670590207849,5.0,0.1267745504187855,0.1263885203017835,-0.0128211287390256,-0.3430409623035874,-0.0732523029739645,0.0122997324393153,0.0194971909620225,0.0240003814041942,0.4132788516238819,-0.1903912323180833,-0.2107221886944277,-0.2908910175311765,-0.3244080929832114,-0.444735352391735,-0.4738853503184713,-0.4372086351574267,-0.4187837937930523,-0.3862818707961833,-0.4882947505705901,-0.4861502193700479,-0.4682523548146642,-0.4549558935889422,-0.4686124466716327,-0.4656088259329883,-0.4324050632911392,-0.5047336531178995,-0.516780589937804,-0.5095318457403588,-0.495953237410072,-0.5089486858573217,-0.5127600124185037,-0.4475499859194592,-0.4925961849337213,-0.4841572442808309,-0.5748496505390909,-0.5565664556962026,-0.5274030354131534,-0.5905129676981684,-0.5091022833906788,-0.4271426485618338,-0.4359951124847265,-0.4802967083912842,-0.4709055357022453,-0.443317253121453,-0.4375716743119267,-0.4101773902585688,-0.4219946965232763,-0.437531359759157,-0.4221649484536083,-0.40710238005289,-0.4268497553137097,-0.3642550433444057,-0.3751891074130106,-0.2211414392059553,-0.2009164969450102,-0.0939845283454566,-0.163165191425829,-0.1798704013377927
QITS-L,11.0,-0.1911097975167971,1.0524100078329083e-06,0.1141882683630206,0.0837387249473022,-0.0146454621146425,2.7007749511690786,6.4841000000000015,-2.334583110161156,0.002802185938799,-0.0639344471140984,-0.0498337843433621,1.0,0.1997957215756799,-0.0306628857170292,-1.1770189295296617e-07,0.0173666289268027,1.307835690710439e-09,-0.4901869158878504,0.5770325394863903,1.025570381523106e-06,-0.3134062196307094,2.0,0.042610317096267,-0.1728955226567511,-0.038480347347458,-0.2007932418067097,-0.0094886483128306,-0.1200213722989579,-0.2990777499136013,-0.2784736559218093,1.6536866802719628,-0.1274900398406374,0.0161943319838056,-0.1192982456140352,-0.1491525423728814,-0.220496894409938,-0.220496894409938,-0.3066298342541437,-0.3848039215686275,-0.4162790697674419,-0.4704641350210971,-0.4898373983739837,-0.4397321428571429,-0.4216589861751152,-0.4636752136752137,-0.4107981220657277,-0.8855449156406748,-0.8700155359917141,-0.8962381149235221,-0.8907745865970409,-0.8968351829017673,-0.8896703296703297,-0.883364312267658,-0.8717424629535002,-0.8634385201305768,-0.8674762407602957,-0.8773216031280547,-0.8721995926680245,-0.842534504391468,-0.8350854139290408,-0.8334439283344393,-0.8131049888309754,-0.8061776061776061,-0.8022064617809299,-0.8170553935860059,-0.7996807661612131,-0.7942622950819672,-0.790133779264214,-0.7524654832347141,-0.6617250673854448,-0.6653333333333333,-0.68625,-0.6983173076923077,-0.727470141150923,-0.727765726681128,-0.7094907407407408,-0.664886515353805,-0.6028481012658229,-0.5891980360065467,-0.5611888111888113
QIUR-L,16.0,2.811431046287053,7.424315639197276e-07,0.0805550821743069,0.0591889309903944,0.0181836497476013,0.1601769840179817,-8.043300000000002,1.0948538273815327,-0.0556777234489709,0.0130417032940098,0.0497816087417936,1.0,0.4446316454908121,3.3451234920984367,-1.804475687980324e-08,0.9185320296503944,7.305467298512528e-09,0.2298838789059496,0.14434041590001,7.455288245733665e-07,2.459416147658252,4.0,0.4873146052116386,0.280033019697727,-0.0956874760380489,-0.1539250235985221,-0.0070654250131109,-0.0055714882447926,-0.0110642611457821,0.3300615978469435,1.6536866802719628,-0.1086519114688129,0.046315789473684,-0.1423641069887834,-0.1311188811188811,-0.0736253494874185,-0.1791907514450866,-0.0684161199625117,-0.0666666666666667,-0.1832374691865242,-0.064030131826742,0.0343392299687825,-0.0368217054263566,0.0091370558375634,0.3044619422572177,0.2662420382165604,0.3396226415094339,0.4281609195402298,0.7877697841726619,0.8510242085661079,1.0162271805273837,1.3443396226415092,1.1942604856512138,1.636604774535809,1.6648793565683646,1.9321533923303835,1.472636815920398,1.8481375358166183,1.897959183673469,1.9939759036144575,2.3468013468013464,2.415807560137457,3.158995815899581,3.0737704918032787,3.1764705882352944,3.3030303030303028,3.437499999999999,3.623255813953488,3.559633027522935,3.4177777777777774,3.437499999999999,3.644859813084112,3.601851851851851,3.559633027522935,3.4177777777777774,3.97,3.97,3.8019323671497594,3.644859813084112,3.559633027522935
QIUS-L,18.0,0.0879528905772437,5.052287129989131e-07,0.0548181710884899,0.091974063604643,0.1758380727389389,1.0201282276762815,23.7191,0.3648555322784397,0.0172020258844849,0.0025813954145057,0.0975106258217935,1.0,0.0984896867824846,0.1042569618404358,9.096018764967753e-08,-0.0048613471481138,1.1016039111931506e-08,0.0766078565949372,0.099278999293695,1.1002177468013078e-06,0.1147975727054827,5.0,0.3117626906723919,-0.1200192586658351,-0.0067835827110599,-0.0470839674485266,-0.0524619903919463,0.0152812660134406,0.048064658996147,0.043540521119146,0.6643845145590584,-0.0780430984274899,0.0153755174452987,-0.0503318584070794,-0.0891246684350132,0.0737961225766103,0.0412371134020621,-0.0617486338797813,-0.0238772029562249,0.0867088607594936,-0.0160458452722062,-0.1194871794871793,-0.1843230403800474,-0.1931390977443609,-0.3037307380373073,-0.2845833333333333,-0.302599512591389,-0.1976635514018689,0.0046811000585138,-0.0092325447201383,0.1688223281143637,0.1736158578263842,0.0664596273291926,0.058569667077682,0.16249153689912,0.2451051486584483,0.3096872616323418,0.4440706476030278,0.4131687242798354,0.3959349593495935,0.4840103716508213,0.4675213675213678,0.5942432683379761,0.6321292775665401,0.7343434343434345,0.7755946225439505,0.6383587786259544,0.7774327122153211,0.80546792849632,0.5957249070631971,0.428452579034942,0.3982084690553749,0.2775297619047621,0.2074542897327709,0.1808803301237966,0.2151450813871196,0.1680272108843539,0.2514577259475219,0.2880720180045013,0.1696185286103544
QIWF-L^K22,14.0,-0.1706609530585176,1.617320812222234e-07,0.0175482047453555,0.0473909694810821,-0.3068351178160006,0.3993096167366826,-2.6599000000000004,-1.238405391537783,-0.348449660785862,-0.0295479346968763,0.0085316952478457,1.0,0.3543379453245103,-0.7902155747252562,-1.4696574828951762e-06,-0.2154546975642032,1.753661293108331e-12,-0.2600250626566416,0.001251919932275,3.802142018883597e-06,-0.0443220998776554,4.0,0.0021602919067149,0.2487645144800756,0.1006937970959115,-0.1048076268636547,-0.1595926224439401,-0.1598443460270253,1.7419084944295211,-0.3444327941996654,1.6536866802719628,0.0,0.0384615384615385,0.0,0.0,0.0,0.0,0.0,-0.0689655172413792,-0.1818181818181817,-0.3076923076923077,-0.3414634146341463,-0.3571428571428571,-0.2894736842105263,-0.2894736842105263,-0.2894736842105263,-0.7610619469026548,-0.7545454545454545,-0.75,-0.7476635514018691,-0.7403846153846154,-0.7428571428571429,-0.7476635514018691,-0.7692307692307692,-0.7692307692307692,-0.8402366863905325,-0.8516483516483516,-0.8465909090909091,-0.8402366863905325,-0.8411764705882353,-0.8402366863905325,-0.8269230769230769,-0.8726415094339622,-0.875,-0.8720379146919431,-0.8682926829268293,-0.864321608040201,-0.7969924812030076,-0.8,-0.8175675675675675,-0.850828729281768,-0.8601036269430051,-0.8714285714285714,-0.8720379146919431,-0.8761467889908257,-0.8738317757009346,-0.7522935779816514,-0.7610619469026548,-0.7692307692307692,-0.7731092436974789
QIZA-L,23.0,0.2188440205372061,5.447917367947689e-07,0.0591108261799749,0.0436680890421916,0.1522587761823169,1.2798365733789758,-5.8074,0.1182848378624879,-0.0189297255209692,-0.003799360245182,0.0200640995619552,1.0,0.165353995191936,-0.0159974409036258,5.284008478772276e-08,0.041499615201377,1.5371080336854104e-09,0.0248359887535145,0.0501390945625421,7.354473966410004e-07,0.4885517092709176,5.0,0.1150931254190396,0.0889171798475441,-0.0741295364319678,-0.1194314030983357,0.0199670136934544,0.0106169269140067,0.0235612597904656,0.0843399262395506,0.5332298010494753,-0.0624327233584497,0.0702764976958525,-0.0682046138415247,-0.0792864222001983,-0.0452209660842756,-0.1398148148148149,-0.0700700700700701,-0.0606673407482306,-0.0568527918781726,-0.0954235637779942,-0.1135496183206108,-0.1554545454545455,-0.0700700700700701,-0.1546860782529573,-0.2245409015025042,-0.2120441051738761,-0.1600361663652804,-0.1742222222222222,-0.1398148148148149,-0.182218309859155,-0.1935763888888889,-0.1414048059149724,-0.146139705882353,-0.142988929889299,-0.0471794871794872,-0.143778801843318,-0.2180134680134681,-0.1977547495682211,-0.1194312796208532,-0.0085378868729989,-0.0392967942088935,-0.163063063063063,-0.1477064220183487,-0.1366171003717472,-0.1067307692307693,-0.187937062937063,-0.0936585365853659,-0.0606673407482306,-0.0491299897645854,0.0556818181818179,0.0840140023337221,0.0449943757030368,-0.0241596638655462,-0.0783730158730159,-0.0471794871794872,-0.0221052631578948,-0.0412796697626419,0.0054112554112553,-0.0179704016913321
QJEI-L,18.0,0.116351831617777,2.928368463246814e-07,0.0317732938168831,0.1733362690282366,0.0400610826422061,1.4177915063576676,0.0648000000000017,0.6744623311802563,-0.0025430392585737,0.0012213535752487,-9.526346078961852e-05,1.0,0.5740343737509539,0.1961646576327519,1.0458396376238293e-07,0.0089774126115215,8.559730788913286e-08,0.1416152667963736,0.0273057609546434,3.2227358892922e-06,0.1067330871749465,4.0,0.2670306734588095,1.9198138921245,0.1085402293570386,-0.304683566605429,-0.1298095811682717,0.007480720363143,0.0958760024431453,0.0440143704535529,0.8271646518834882,-0.0825396825396824,-0.054054054054054,-0.0843023255813953,-0.1622340425531915,-0.1775456919060052,-0.0789473684210526,-0.1076487252124646,-0.153225806451613,-0.139344262295082,-0.0999999999999999,-0.1440217391304348,-0.1775456919060052,-0.0425531914893617,-0.2622950819672131,-0.2427884615384615,-0.3326271186440678,-0.2464114832535885,-0.1225626740947075,-0.0396341463414633,0.0194174757281553,0.0535117056856186,0.3999999999999999,0.4318181818181816,0.3695652173913044,0.5517241379310347,0.5989847715736041,0.6492146596858639,0.7403314917127071,0.7027027027027026,0.6071428571428572,0.6153846153846154,0.5217391304347827,0.507177033492823,0.6844919786096255,0.9207317073170732,0.7119565217391304,0.7027027027027026,0.6578947368421053,0.675531914893617,0.5909090909090908,0.4449541284403668,0.4651162790697674,0.5829145728643215,0.5909090909090908,0.640625,0.9207317073170732,1.1140939597315436,1.202797202797203,1.1140939597315436
QJGN-L,14.0,0.1520660841695601,2.490793929604361e-07,0.0270255360129379,0.2931918295684344,0.5279209737928802,1.111890814059128,0.148,-0.1115698639182517,0.0576522962394666,0.0003876375065479,0.0119184691516906,1.0,1.161852361302155,0.2514934466668649,4.286089152892066e-08,-0.0355297100357246,1.2889572356248528e-11,-0.0234260614934114,-0.0071540310580335,1.081282220740643e-07,-0.0261573704118054,4.0,0.0475312728867632,0.156214581950911,0.0431131201148849,0.0965000168645236,0.1507862469401,0.0140505721240623,0.0201500866798071,0.1550774227222643,0.2348390276014144,-0.0356564019448946,0.1017857142857143,-0.1198288159771754,-0.1185714285714285,-0.0128,0.0457627118644066,0.1017857142857143,0.0266222961730449,0.1934235976789169,0.2339999999999999,0.1865384615384615,0.205078125,0.0920353982300883,0.264344262295082,0.4022727272727271,0.4620853080568721,0.4022727272727271,0.6322751322751323,0.6194225721784776,0.4415887850467288,0.4415887850467288,0.6904109589041096,0.195736434108527,0.2145669291338583,0.191119691119691,0.1819923371647509,0.1819923371647509,0.2591836734693877,0.408675799086758,0.4348837209302325,0.2907949790794979,0.2414486921529175,0.2098039215686276,0.2339999999999999,0.3072033898305084,0.1641509433962265,0.3354978354978355,0.3865168539325843,0.408675799086758,0.3711111111111111,0.4690476190476189,0.4867469879518071,0.4415887850467288,0.4022727272727271,0.6453333333333333,0.6151832460732984,0.4690476190476189,0.4975728155339805,0.5541561712846346
QJHT-L,14.0,-0.2946454095656954,4.30276443864127e-07,0.0466857229374085,0.7056389186614267,1.3740149094781682,1.0484861740262807,-0.1114999999999999,0.5080147803744395,-0.0057683438280963,-0.0008905992303463,-0.0148311770274534,1.0,0.3351648351648351,-0.2791127039721974,9.959997830548473e-08,-0.0501347500354605,4.707508386587067e-12,0.1066666666666667,0.0038482682792743,8.953626425932364e-08,0.4294954721862872,2.0,0.0173490471610689,-0.1366075445022815,-0.0013727121464226,0.0013727121464226,0.0013727121464226,0.0478060389706976,0.0608735179362854,0.0013727121464226,0.3180373667558509,-0.03125,0.032258064516129,-0.2,-0.238095238095238,-0.2195121951219512,-0.2888888888888888,-0.3043478260869565,-0.2727272727272727,-0.36,-0.3333333333333332,-0.2727272727272727,-0.2727272727272727,-0.3333333333333332,-0.2727272727272727,-0.3846153846153846,-0.2888888888888888,-0.2727272727272727,-0.2888888888888888,-0.238095238095238,-0.2727272727272727,-0.3191489361702126,-0.1794871794871795,-0.1578947368421053,-0.1351351351351351,-0.0588235294117647,0.1034482758620691,0.2307692307692308,0.28,0.28,0.2307692307692308,0.3333333333333335,0.28,0.28,0.1851851851851851,0.2307692307692308,0.1851851851851851,0.1034482758620691,0.1428571428571428,-0.111111111111111,-0.111111111111111,-0.1794871794871795,-0.1578947368421053,-0.0857142857142856,-0.0857142857142856,-0.0857142857142856,-0.0857142857142856,-0.0303030303030302,-0.0588235294117647,-0.0588235294117647
QJKZ-L^K19,14.0,0.0908259157026331,7.066683026343863e-07,0.0766747077510377,0.0570604218605563,0.1308447230500462,1.7709373089452325,-1.4095,-0.5701750395927899,0.0168772503213132,-0.0020547095493595,0.0754066891442915,1.0,0.2348923175827708,0.1916953693073096,4.9245968615453874e-08,0.0052510958324989,4.7820684213858316e-11,-0.1197183098591548,0.0790714263561082,8.89672676327944e-07,0.0144391253719756,5.0,0.0123888605744212,0.1331607135744751,-0.0130332660580017,-0.1339709044634444,0.0296344716329811,-0.0108310303436339,-0.0242356101064992,0.1663145093866383,0.7201538768926289,0.0660377358490564,-0.0185185185185184,-0.045045045045045,-0.0862068965517239,-0.0535714285714286,-0.0275229357798165,-0.1016949152542372,-0.0940170940170939,-0.0275229357798165,-0.0862068965517239,-0.1382113821138211,-0.0940170940170939,-0.1519999999999999,-0.1092436974789915,-0.1016949152542372,-0.0363636363636363,-0.0862068965517239,-0.0862068965517239,-0.1016949152542372,-0.1451612903225806,-0.1519999999999999,-0.1846153846153846,-0.1382113821138211,-0.1311475409836064,-0.1016949152542372,-0.0535714285714286,-0.0701754385964911,-0.0185185185185184,-0.0185185185185184,0.1648351648351649,0.0192307692307691,0.0291262135922329,0.06,0.0927835051546392,0.2045454545454545,0.1041666666666667,-0.0185185185185184,0.0392156862745098,0.0192307692307691,-0.0093457943925233,-0.1016949152542372,0.0816326530612245,0.1041666666666667,0.0,0.0192307692307691,-0.0535714285714286,0.0707070707070707,-0.0363636363636363,-0.1166666666666665
QJMP-L,11.0,0.6109004924568121,8.14230376698567e-07,0.0883453749696202,0.303603142995533,0.4384225123452615,1.2199743473979758,0.6429,-0.4419623046020697,0.1720546689479908,0.0027536538868883,-0.0045248818070887,1.0,0.0710033076074972,5.383674057011231,2.679701379572448e-07,-0.2324314209797537,4.383258120959667e-13,-0.0927977839335179,0.0435589775658563,5.592795512755296e-07,-0.2991624096829122,2.0,0.0015310892178372,0.1523335881115524,-0.0972083227531405,0.0618100926646448,0.0972083227531405,0.0704329576747176,0.1309397622967456,0.0972083227531405,0.6775435250699695,0.0,0.0,0.0,0.0,0.0,0.0,0.0,0.0,0.0,0.0,0.0,0.0,0.0,0.0,0.0,0.0,0.0,0.0,0.0,0.0,0.0,0.0,0.0,0.0,0.0,0.0,0.0,0.0,0.0,0.0,0.0,0.0,0.0,0.0,0.0,0.0,0.0,0.0,0.0,0.0,0.0,0.0,0.0,0.0,0.0,0.0,0.0,0.0,-0.5
QJMZ-L^G20,11.0,0.0594186681036662,3.834259205680311e-07,0.0416023618069887,0.0413292158582706,0.1069951348231219,0.5376389172972715,-9.8251,0.0747940641491767,0.0043558678335445,-0.007520505427202,-0.0491606171566172,1.0,0.0841427957624147,0.0735028727453563,1.4725977245904783e-08,0.0268673799409246,8.014778816888166e-11,0.015704333451411,0.0845369819921795,2.763186829927663e-07,0.0404763747598103,5.0,0.125839241301547,0.0555990290950046,-0.070487783598799,-0.0528855787391921,-0.0115395193731153,-0.0416050129146287,-0.0737593797583802,0.085010513667768,-0.2249541772286631,-0.1172413793103447,-0.1158536585365853,-0.2348284960422163,-0.1265060240963855,-0.2731829573934837,-0.2564102564102564,-0.2054794520547945,-0.2467532467532468,-0.2119565217391305,-0.3208430913348945,-0.3160377358490567,-0.3790149892933618,-0.3894736842105263,-0.4268774703557312,-0.3894736842105263,-0.2995169082125604,-0.2032967032967033,-0.2245989304812835,-0.0993788819875777,-0.1212121212121212,-0.0993788819875777,0.0357142857142858,-0.0068493150684931,0.1599999999999999,0.3425925925925925,0.102661596958175,0.0861423220973782,-0.0429042904290428,-0.0553745928338762,-0.0764331210191083,-0.2011019283746556,-0.2388451443569553,-0.2328042328042328,-0.1076923076923077,-0.2892156862745099,-0.2803970223325063,-0.275,-0.3438914027149321,-0.3095238095238095,-0.275,-0.2926829268292682,-0.2874692874692875,-0.3224299065420561,-0.4032921810699589,-0.4423076923076923,-0.4727272727272728,-0.4982698961937717,-0.4324853228962818,-0.4867256637168142
QJYV-L,15.0,0.123647131567071,8.44925039276906e-07,0.091675797848271,0.2181846117105178,0.0122898565211573,-0.0689959948943931,1.1255,-1.171140630986155,0.0616756986453589,0.0018232995680554,-7.734660666524464,1.0,3.4298093587521667,0.053162401362339,4.7259383424181136e-08,0.000861549445869,4.019160954947745e-11,-0.2459016393442622,-0.0023832064635561,4.91444670956591e-06,0.1361243792990319,3.0,0.0584443614576229,4.961896565757634,1.2379063165601727,-0.5516289624487662,-0.4896950759227266,0.0014445026306817,0.0098155113738133,-0.5516289624487662,0.6642353054105421,-0.0782122905027933,-0.0271739130434782,-0.1352657004830917,0.0783132530120482,0.1049382716049383,0.0654761904761904,0.0406976744186047,0.1329113924050633,0.1933333333333333,0.2094594594594594,0.226027397260274,0.3560606060606059,0.335820895522388,0.3259259259259259,0.226027397260274,0.2430555555555555,0.2971014492753625,0.2094594594594594,0.2605633802816902,0.2971014492753625,0.5431034482758621,0.4206349206349207,0.3769230769230769,0.3769230769230769,0.3984375,0.335820895522388,0.4319999999999999,0.6272727272727272,0.8842105263157896,0.8842105263157896,0.6886792452830188,0.5701754385964914,0.9670329670329668,0.9456521739130436,1.1829268292682928,0.8645833333333335,0.79,0.8645833333333335,0.8645833333333335,0.6886792452830188,0.5169491525423731,0.4319999999999999,0.4916666666666667,0.6272727272727272,0.335820895522388,0.2971014492753625,0.3664122137404579,0.5169491525423731,0.5042016806722691
QKGV-L,11.0,1.75613292906535,1.39273653913841e-06,0.1511142734356924,0.0228932950691364,0.0026091042623037,-0.2433002548968617,253.0,10.825565163253344,-0.0396536900215426,-0.0006162862358864,1575.0005567928729,1.0,0.375,0.7923930269413629,9.334167079283068e-08,-0.5818590211949985,3.793854051199213e-07,2.2730184147317853,0.000263653032609,5.51752713704186e-05,1.7903422678357912,2.0,1.1415789579548816,-0.4264705882352941,2.122905027932961,-2.122905027932961,-2.122905027932961,0.0024514276676764,0.0554485415520088,-2.122905027932961,-0.6588566984724706,-0.0647840531561461,-0.0352564102564103,-0.1081481481481482,-0.1568627450980392,-0.1224489795918368,-0.0974512743628186,-0.2291933418693982,-0.2446675031367629,-0.2120418848167539,-0.2282051282051282,-0.2068511198945981,-0.2301790281329924,-0.200531208499336,-0.2110091743119266,-0.2037037037037037,-0.2262210796915168,-0.2171651495448635,-0.2222222222222223,-0.20997375328084,-0.1853856562922868,-0.1908602150537635,-0.2232258064516129,-0.1951871657754011,-0.1809523809523809,-0.1460992907801418,-0.1707988980716254,-0.3190045248868779,-0.3072497123130034,-0.2427672955974843,-0.2567901234567902,-0.3096330275229358,-0.3,-0.3568376068376068,-0.311212814645309,-0.2967289719626169,-0.3435114503816794,-0.3413566739606127,-0.3016241299303944,-0.2640586797066014,-0.2729468599033816,-0.3024333719582851,-0.2799043062200956,-0.2950819672131147,-0.2833333333333334,-0.266747868453106,-0.2967289719626169,-0.2764423076923078,-0.274698795180723,-0.2484394506866417
QLBB-L,11.0,0.4998354721948008,6.139962305616131e-07,0.0666196309683745,0.5737884737731171,-2.40745052386496,0.4789343451754764,0.9702,-1.863641178004056,4.261465828846496,0.0177378815080789,-0.0058552187732853,1.0,30.26666666666667,0.641065830721003,-2.181533885089972e-07,-0.1321574305646966,4.593739374726327e-15,-0.3913043478260869,-0.0737084567291872,5.4391738667229813e-08,-0.2397540983606557,4.0,0.0019177115484497,-0.564899670560048,-0.384070012185665,0.5932203389830509,1.1418975876602997,-0.0938803302408715,-0.1140110600031009,0.5932203389830509,1.6536866802719628,0.0,1.0,1.0,1.0,1.0,1.0,1.0,1.0,1.0,1.0,1.0,1.0,1.0,1.0,1.0,1.0,1.0,1.0,1.0,1.0,1.0,1.0,1.0,1.0,1.0,1.0,1.0,1.0,1.0,1.0,1.0,1.0,1.0,1.0,1.0,1.0,1.0,1.0,1.0,1.0,0.0,0.0,0.0,1.0,0.0,0.0,0.0,0.0,-0.3333333333333332
QLBS-L,11.0,0.0904870863675866,3.992146481295084e-06,0.4331546548947185,0.008523212783758,-0.040579824675288,0.1269160632300814,0.7677,79.13123977426216,-1.2309393739955297,0.0296172775369728,-0.5009314399458864,1.0,0.0951343446176345,0.2200484311179381,-1.833210511409119e-07,0.0606677001307215,9.044140680821718e-13,16.614999999999984,0.0016766680045092,3.419927394351916e-06,0.204319187488821,2.0,0.0063656221826719,0.9132496537711572,34.4343531053557,0.3939724131892281,0.7088499374827941,-0.0027989778242749,-0.0049316856775628,0.6982279947853798,1.6536866802719628,0.1999999999999999,-0.2857142857142857,-0.2857142857142857,-0.1666666666666666,-0.2857142857142857,-0.375,-0.4444444444444444,-0.5454545454545454,-0.5,-0.5,-0.6428571428571428,-0.6666666666666666,-0.7058823529411764,-0.7222222222222222,-0.7222222222222222,-0.7222222222222222,-0.7222222222222222,-0.7222222222222222,-0.7727272727272727,-0.7222222222222222,-0.736842105263158,-0.75,-0.75,-0.7619047619047619,-0.7222222222222222,-0.6875,-0.6666666666666666,-0.5833333333333333,-0.4444444444444444,-0.375,-0.375,-0.375,-0.1666666666666666,-0.1666666666666666,-0.1666666666666666,-0.1666666666666666,-0.1666666666666666,-0.375,-0.1666666666666666,-0.2857142857142857,-0.375,-0.375,-0.4444444444444444,-0.4444444444444444,-0.5,-0.4444444444444444,-0.5,-0.5833333333333333,-0.5454545454545454
QLFR-L,14.0,0.0655856674005256,3.775330209728528e-07,0.0409629722198485,0.1179076560782063,0.4756497538654786,0.7173091752185698,-46.065000000000005,0.6309609918795356,-0.0788865233057335,-0.0064019655515077,0.2551620434284306,1.0,0.1528957125876409,0.0748865533597483,4.331455912589376e-08,0.0094841919328764,2.213368439845521e-08,0.1324813930627719,0.223926450352786,2.015488852290027e-07,0.0338957161983426,4.0,1.7817449842941957,0.018418446089536,-0.1277796275591068,-0.3727179653583072,-0.12695628428379,0.0128965430165877,0.0201154452383834,0.0668272414717309,0.6332340631055539,0.1139896373056994,-0.1316085489313836,-0.0445544554455445,-0.1325842696629213,-0.24609375,-0.3076233183856502,-0.4097859327217126,-0.3799196787148594,-0.3911671924290221,-0.3512605042016807,-0.4277242401779095,-0.4597620713785864,-0.4097859327217126,-0.4160363086232981,-0.454031117397454,-0.5225726654298084,-0.4839572192513369,-0.4733969986357436,-0.5147705845380264,-0.4683195592286501,-0.5025773195876289,-0.4758995247793619,-0.4733969986357436,-0.3677313677313678,-0.3468697123519458,-0.550640279394645,-0.5774493705528188,-0.5231624459542928,-0.5985439417576703,-0.5613636363636364,-0.251937984496124,-0.3063791554357593,-0.1645021645021646,-0.1769722814498935,0.0446549391069013,0.0903954802259887,0.0692520775623268,0.0692520775623268,0.2781456953642383,0.282392026578073,0.2195892575039493,0.1188405797101448,0.0238726790450927,0.0842696629213481,0.1028571428571427,-0.0492610837438423,-0.128668171557562,0.0078328981723236,0.0737134909596661
QLFT-L,13.0,0.042890204461582,3.325747734293113e-07,0.0360849262136116,0.1251173062946734,0.0148682943904786,1.2866781479360982,2.6917,0.3498432335633653,0.3261843692923314,-0.0017256350631383,-0.1690218561585422,1.0,0.0908329660643455,-0.0937530341573295,-6.390817390803455e-08,-0.0011310607656992,2.870476272099315e-12,0.0734557595993321,0.1268162200546752,1.68737390081023e-06,0.0748353359328543,4.0,0.003945313392879,-0.1557567959000569,0.1565196909598594,-0.1754175952708054,0.0966585860592311,-0.0055614540674452,-0.0337793375740293,0.2210378626965722,1.6536866802719628,-0.0833333333333332,0.0,-0.142857142857143,-0.2941176470588236,-0.1999999999999999,-0.2941176470588236,-0.2941176470588236,-0.3333333333333333,-0.368421052631579,-0.368421052631579,-0.368421052631579,-0.1999999999999999,-0.0769230769230769,-0.142857142857143,-0.142857142857143,0.0,-0.0769230769230769,0.0909090909090908,-0.142857142857143,0.0909090909090908,0.3333333333333332,0.1999999999999999,0.3333333333333332,0.1999999999999999,0.1999999999999999,0.0909090909090908,-0.142857142857143,-0.25,0.0,-0.25,-0.2941176470588236,-0.1999999999999999,1.0,0.714285714285714,0.1999999999999999,-0.0769230769230769,0.0,-0.52,-0.3333333333333333,-0.368421052631579,-0.3333333333333333,-0.5,-0.6,-0.6363636363636365,-0.625,-0.6470588235294118,-0.625,-0.6666666666666667,-0.7
QLLM-L,14.0,0.3651219230448353,3.678354523489487e-07,0.0399107695989561,0.0805201665534617,0.4109338650511738,1.498691827727164,-4.802099999999996,0.1585544238873562,-0.0041359626564919,0.0102626495560114,0.0046059222910049,1.0,0.1305652256687109,0.1979533998772633,7.046754066263855e-08,0.1361837552254209,1.2006241687517462e-08,0.0332912988650693,0.0943474084801708,2.510459808830529e-07,0.7159755684465984,4.0,0.5798120763418849,-0.0591768649036617,-0.0273888408222634,-0.4477099803387947,-0.0321204363841624,0.0327445008782532,0.0508742927525876,0.1004520628865438,0.5174051590672479,-0.115819209039548,-0.0193905817174514,-0.1601423487544483,-0.1490384615384615,-0.1344743276283618,-0.0876288659793813,-0.1127819548872181,-0.0647291941875826,0.0743550834597877,0.0694864048338368,-0.0708661417322834,-0.0634920634920634,-0.0070126227208976,-0.0817120622568092,-0.0946291560102302,-0.0585106382978722,-0.0911424903722721,-0.1459589867310011,-0.1237623762376237,-0.1786542923433873,-0.1459589867310011,-0.1365853658536584,-0.082901554404145,-0.0634920634920634,0.0598802395209581,0.0335766423357664,-0.0261348005502062,0.0381231671554251,0.0598802395209581,-0.0923076923076923,0.0042553191489362,-0.0070126227208976,-0.0911424903722721,-0.0125523012552301,0.147487844408428,-0.034106412005457,-0.0070126227208976,0.1010886469673406,-0.0432432432432432,0.0959752321981424,0.0275761973875181,0.066265060240964,-0.0084033613445377,-0.8983196897888841,-0.8930028713918694,-0.898581865062312,-0.8941862202959199,-0.8830718414533443,-0.8756148981026002
QLMG-L,12.0,0.094060985589893,9.534913242968942e-07,0.103455423656435,0.0321989490314422,0.0966163583176942,0.1238901425803786,80.0243,0.7104438562668852,0.0272463592496875,0.0049707384249211,1.7066972740726316,1.0,0.0387217341907248,0.0398404550776268,4.5904161424025633e-08,0.02309871304937,1.4976619426065996e-08,0.1491702228544333,0.0913010529025602,1.379374217451956e-06,0.1442013338723853,3.0,1.7241203448567315,-0.0049624031567255,-0.0237511830684187,-0.3073765005957998,-0.1623746347848162,0.0117469229786453,0.0316656996035744,-0.044892818811859,0.3347957223672504,0.0086083213773315,0.0,-0.0924479166666666,-0.0828947368421052,-0.1121019108280254,-0.1166032953105196,-0.0057061340941512,-0.0141442715700141,-0.001432664756447,0.092476489028213,0.1169871794871795,0.1520661157024794,0.1655518394648827,0.0907668231611893,0.0993690851735016,0.0993690851735016,0.1539735099337746,0.1333333333333333,0.1463815789473683,0.1793570219966158,0.1773648648648649,0.2931354359925788,0.3856858846918487,0.3747534516765285,0.3967935871743486,0.127831715210356,0.1351791530944626,0.1616666666666666,0.1444991789819376,0.2249560632688927,0.3076923076923077,0.3052434456928838,0.3028037383177571,0.3455598455598456,0.2788990825688073,0.3126177024482111,0.4829787234042553,0.4798301486199574,0.617169373549884,0.591324200913242,0.4704641350210969,0.5420353982300885,0.4766949152542372,0.5152173913043478,0.5053995680345573,0.5876993166287017,0.5769230769230769,0.6555819477434679,0.6134259259259258
QLOQ-L,11.0,0.6451468463391495,7.803329729668658e-07,0.084667449251206,0.0270017953321364,0.2587540130336934,1.1537771411040614,10.5715,1.7318685694583142,-0.0097074717511342,0.0014748405369439,0.2761330459297196,1.0,0.0852980928067277,0.4645568157492426,6.510344943262558e-08,0.3520084826271493,6.045751145109251e-09,0.3636363636363635,0.3080045697867157,6.249931145532056e-07,0.9449068693658323,4.0,0.2785467081512254,0.0301738620542949,-0.0451190339890116,-0.4498278887671214,0.0724135186197209,0.0145674214749127,0.0285924634686387,0.3223158230331567,0.392269863692419,-0.0483870967741936,-0.1388888888888888,-0.1621621621621621,-0.2051282051282051,-0.2439024390243902,-0.2439024390243902,-0.253012048192771,-0.2439024390243902,-0.2250000000000001,-0.2051282051282051,-0.2250000000000001,-0.2790697674418604,-0.2790697674418604,-0.2790697674418604,-0.2790697674418604,-0.3033707865168539,-0.3260869565217391,-0.2790697674418604,-0.2954545454545454,-0.1948051948051948,-0.1842105263157895,-0.1621621621621621,-0.1621621621621621,-0.1267605633802816,-0.1621621621621621,-0.1142857142857142,-0.1267605633802816,-0.1506849315068492,-0.1506849315068492,-0.0158730158730159,-0.1267605633802816,-0.1842105263157895,-0.1142857142857142,-0.1142857142857142,-0.088235294117647,-0.0461538461538462,-0.03125,0.087719298245614,0.1698113207547169,0.1923076923076923,0.1923076923076923,0.2916666666666667,0.3777777777777777,0.3478260869565217,0.3478260869565217,0.2916666666666667,0.2916666666666667,0.3478260869565217,0.4418604651162792
QLQI-L,13.0,0.0877455446068639,2.649918571555384e-06,0.2875206532974747,0.7060825779947393,0.8712998278597227,0.5189771242845653,0.4534,1.242021429959566,0.1457077751632995,0.0129378431913346,0.1189320748853184,1.0,0.1289187830994627,0.0995658041424631,6.767650992515471e-08,0.0739748328640625,1.0850717955689788e-12,0.2607843137254902,0.0764012514382346,9.575250458800357e-08,-0.1579830887838846,2.0,0.0039765555292224,0.2796842027533203,0.013711197256449,-0.1324092539251519,0.0175693710578146,0.015819209039548,0.0164795398619695,0.0324266380812005,-0.2413498007041299,0.0,-0.142857142857143,-0.25,-0.25,-0.25,-0.25,-0.25,-0.3333333333333333,-0.4,-0.25,-0.25,-0.25,-0.25,-0.25,-0.25,-0.3333333333333333,-0.25,-0.25,-0.3333333333333333,-0.25,-0.3333333333333333,-0.3333333333333333,-0.3333333333333333,-0.3333333333333333,-0.4,-0.4545454545454546,-0.142857142857143,-0.142857142857143,-0.25,-0.142857142857143,-0.25,-0.4,-0.4,-0.4,-0.3333333333333333,-0.25,-0.3333333333333333,-0.4,-0.5,-0.4,-0.4545454545454546,-0.4,-0.4,-0.3333333333333333,-0.25,-0.4,-0.4545454545454546,-0.4,-0.4545454545454546
QLYH-L^L19,13.0,0.1410786516729014,1.265614451914007e-06,0.1373213116595705,0.0499384047621541,0.0103650228005079,0.3922052030568988,-5.4003,4.662940942299725,-0.0206402615919813,0.0042466019779067,-0.0099055908631598,1.0,0.0925587764241232,0.02870842536141,7.640598136767773e-08,0.0033135500848816,1.0914288078899758e-08,0.9790667248146532,0.0191836011726358,1.2950070451874514e-05,0.1170322536961039,2.0,0.1054431572191864,-0.2993439182307968,-0.2944418418312222,0.2944418418312222,0.2944418418312222,0.0011974813360313,0.0139019454686181,0.2944418418312222,2.295806630067533,0.0423728813559323,0.5733333333333333,0.4390243902439024,0.4390243902439024,0.5128205128205128,0.5128205128205128,0.4390243902439024,0.4390243902439024,0.5733333333333333,0.5733333333333333,0.2421052631578948,0.2421052631578948,0.2421052631578948,0.268817204301075,0.268817204301075,0.268817204301075,0.268817204301075,0.1456310679611649,0.3111111111111111,0.3111111111111111,0.3111111111111111,0.2826086956521738,0.4749999999999998,0.4749999999999998,0.6857142857142857,0.8153846153846152,0.7878787878787876,0.8153846153846152,0.8437499999999998,0.8437499999999998,0.8437499999999998,0.8437499999999998,0.8437499999999998,0.8437499999999998,0.9666666666666666,1.0,1.0344827586206895,1.1851851851851851,1.1851851851851851,1.1071428571428568,0.8437499999999998,0.7878787878787876,0.7878787878787876,0.7878787878787876,0.7878787878787876,0.8437499999999998,0.9344262295081966,0.9344262295081966,0.9344262295081966
QMAF-L,15.0,-0.1768042711588582,7.480571582150221e-07,0.081165468683663,0.3281736083776298,-0.2423428670434331,0.9799473630445852,-169.8506,0.2673650669442333,-0.2057849042141527,-0.0122984045773638,0.0106026062907949,1.0,0.1793503437499279,-0.2974973369457283,-3.092576062839509e-07,-0.0638766253475599,3.795580745441427e-09,0.0561380132543216,0.0128857852578472,9.953143054441158e-07,-0.054749165611843,4.0,0.1433156395553239,0.0935131976298898,-0.2751304272561649,-0.3245174261041632,-0.2043303359506471,-0.1626483300813666,-0.3050800966357641,-0.1357419751275735,1.6536866802719628,-0.1155930162552678,-0.0519406392694064,-0.0668539325842697,-0.3942377826404085,-0.4532587228439763,-0.4676282051282051,-0.6356657161658259,-0.6313803817132713,-0.58753414452446,-0.6279955207166854,-0.5747567844342039,-0.4841614906832299,-0.4325247693884523,-0.5481501632208923,-0.4437374413931682,-0.5391231964483907,-0.4539776462853386,-0.2940926476838079,-0.3012200252419016,-0.1764997521070898,-0.1841846758349705,-0.2127962085308057,-0.1853849926434527,-0.2220140515222483,-0.1084272678475577,-0.2041207474844274,-0.3305118903667875,-0.3601694915254237,-0.56789802289282,-0.5656380753138075,-0.5753004346714395,-0.5470411780747205,-0.5383546414674819,-0.50814332247557,-0.5325077399380805,-0.5685714285714285,-0.5015006002400961,-0.4725309622102255,-0.4126591230551627,-0.3150515463917526,-0.2477355072463768,0.1361149110807114,0.2573807721423162,0.6794742163801819,0.883219954648526,0.889647326507395,0.9633569739952716,0.4233076263924593,-0.0217903415783274
QMQO-L,9.0,0.4702702702702702,2.869345069778844e-07,0.0311328800007037,0.0551816958277254,0.0444444444444444,1.1572471294571445,0.3,2.9766491037564786,-0.0117318408829426,0.0018018018018018,0.0709219858156028,1.0,0.4523809523809523,0.3742857142857143,-4.1757620558112076e-09,0.2086068563092628,5.277165983688376e-11,0.625,0.0864864864864864,1.9984004124239352e-07,0.6341463414634146,3.0,0.0471307783311021,0.0692640692640691,-0.1198830409356728,0.2222222222222221,0.1849087893864012,0.004054054054054,0.0065982404692082,0.7222222222222222,1.6536866802719628,-0.0048426150121064,-0.0327868852459015,-0.2380073800738007,-0.2558558558558558,-0.1789264413518887,-0.1519507186858316,-0.0095923261390887,0.0455696202531645,0.0589743589743589,0.0868421052631578,-0.0372960372960373,0.0811518324607329,0.214705882352941,0.1408839779005524,0.0925925925925925,0.0589743589743589,0.0644329896907216,0.0868421052631578,0.1222826086956521,0.2515151515151514,0.3237179487179487,0.2076023391812864,0.0868421052631578,0.0727272727272727,0.4241379310344828,0.4241379310344828,0.2987421383647797,1.4583333333333337,1.415204678362573,1.4011627906976742,1.36,1.2692307692307692,2.059259259259259,1.95,1.9927536231884055,1.9927536231884055,1.9927536231884055,1.9927536231884055,3.13,2.933333333333333,2.62280701754386,2.441666666666667,2.304,4.036585365853659,4.9,4.9,4.9,5.073529411764706,5.073529411764706
QMUM-L,12.0,-0.0215256293667028,1.575229244222495e-06,0.1709150410332422,0.3473600449354053,0.2980284293943254,0.000431471092914,31.8424,-0.3784878330604268,208.87178866578992,0.0015193318462964,-0.2677105657000724,1.0,0.0715954822796313,0.0243297373344278,4.996894563767608e-08,-0.0135988341694135,1.96170048591285e-16,-0.0794701986754967,-0.0001444466219087,1.330132077145506e-07,-0.3605372779052962,4.0,0.0365686319669945,0.3816045696481889,-0.0289413918769036,-0.3102455078940042,-0.3078884400505675,0.0069754805005676,0.0075644946271707,-0.4596662030598052,0.754035123318813,0.0,-0.0714285714285715,-0.0714285714285715,0.04,0.04,0.0833333333333334,-0.0714285714285715,-0.1875,0.04,0.04,0.04,0.04,0.04,0.04,0.3,-0.2571428571428571,-0.2571428571428571,-0.2571428571428571,-0.2777777777777777,-0.4583333333333332,-0.5357142857142858,-0.5185185185185186,-0.5185185185185186,-0.5272727272727273,-0.4222222222222221,-0.409090909090909,-0.4347826086956522,-0.4583333333333332,-0.1034482758620688,-0.1034482758620688,-0.1034482758620688,-0.1034482758620688,-0.1034482758620688,-0.1034482758620688,-0.1034482758620688,-0.2352941176470588,-0.2121212121212121,-0.5,-0.5666666666666667,-0.5806451612903225,-0.5357142857142858,25.0,25.0,25.0,25.0,12.0,25.0,25.0,25.0
QNFU-L,15.0,0.1918190159200907,4.065794981578734e-07,0.04411456419172,0.072738105797139,0.3050465786657118,1.681533748753726,-5.126599999999996,0.2565844250355521,-0.0020598757113023,0.0042933550748464,0.0218781771217671,1.0,0.2362822611314367,0.1696065284722388,7.42571506582668e-08,0.0342610070350569,2.3264451720007778e-08,0.0538744272695232,0.113742006810965,4.861476058391413e-07,0.2109320683740566,4.0,0.5141203408218556,-0.0602820910755382,-0.0420349861711467,0.0874407167395743,0.0202854308837341,0.0228502530215591,0.0489313711730858,0.0874407167395743,0.5580378720136697,-0.0493089279043705,0.1158816173405585,0.0829288025889967,0.0703718512594961,0.1140241364960465,0.0260636259103104,-0.0730609418282548,0.0151687523701176,0.0452948067161265,0.0412290937378452,-0.0342712842712842,-0.1389514313284013,-0.1205650459921157,-0.112106135986733,-0.1040829986613118,-0.0480085348506401,-0.0626750700280112,-0.032176428054953,-0.082276311278711,-0.0466524216524215,0.0572669826224327,0.0518664047151278,0.1140241364960465,0.1094073767094903,0.2759771210676836,0.1304898648648649,0.1048287247214196,0.2342093130474871,0.2173715325147796,0.4134107708553325,0.4628415300546447,0.4134107708553325,0.3520202020202019,0.142064846416382,0.2901204819277108,0.2609514837494111,0.2509345794392523,0.5821513002364065,0.538505747126437,0.6534898085237799,0.5192962542565265,0.4749311294765841,0.3971816283924843,0.2808612440191389,0.3154791154791154,0.2550398499765589,0.3398398398398399,0.4346195069667737,0.4431266846361186
QNJL-L,12.0,-0.0591379008235499,2.3740930844454133e-06,0.2575931207682755,0.1151077796917919,0.1293079424059452,2.589759222977766,0.0175999999999999,-0.1905055426404148,-0.0067720836997829,0.0123567649872137,0.0013608298279094,1.0,0.1262135922330097,0.1275920044834672,2.686390948767756e-07,-0.0170631517176003,2.1374005623528835e-12,-0.04,0.0042929735412651,1.850187851098612e-06,-0.2238904471209371,2.0,0.0007148152407861,-0.1585760517799352,-0.1503513231016192,-0.0287690169899436,0.2360964569716401,0.005962027678738,0.0102637808589786,0.2780491648282382,1.0338568264657804,-0.5,0.0,0.0,0.0,0.0,0.0,0.0,0.0,1.0,0.0,0.0,0.0,0.0,1.0,0.0,1.0,1.0,1.0,0.0,0.0,0.0,1.0,1.0,1.0,1.0,1.0,1.0,1.0,1.0,1.0,1.0,1.0,1.0,1.0,1.0,1.0,1.0,0.0,1.0,1.0,1.0,1.0,1.0,0.0,1.0,1.0,1.0,1.0,0.0
QNUS-L,9.0,-0.0314932808231937,5.706998659023782e-07,0.0619219020698891,0.0601003769075788,0.1325310285703698,1.0777860097087453,12.2313,0.2244510993855874,0.0285251625222586,-0.0150926766710176,0.0032473375943759,1.0,0.1698673361066798,0.0157793803648037,6.94678134222483e-08,-0.0151940922655881,2.4481651438528114e-09,0.0471274685816876,0.0181062583689829,7.478928505348591e-07,-0.0647076811060685,4.0,0.1725879659834034,-0.0245385999884001,-0.0186730714579225,0.0470995398627965,0.0356005185987339,0.0177128640749441,0.0423074129516818,0.0507178181864117,0.2704787577341601,-0.064655172413793,0.0,0.0043290043290042,-0.0292887029288704,-0.0413223140495868,0.0043290043290042,-0.0569105691056911,-0.11787072243346,-0.1407407407407408,-0.1532846715328468,-0.2240802675585285,-0.137546468401487,-0.0569105691056911,-0.0937500000000001,-0.0937500000000001,-0.1944444444444444,-0.137546468401487,-0.2587859424920128,-0.3176470588235294,-0.2587859424920128,-0.2634920634920635,-0.2634920634920635,-0.11787072243346,-0.0937500000000001,-0.0491803278688525,-0.1888111888111888,-0.1972318339100347,-0.1212121212121213,-0.1501831501831502,-0.1042471042471042,-0.0169491525423729,0.0086956521739129,0.0497737556561086,0.0691244239631336,0.0265486725663717,0.031111111111111,0.1047619047619046,0.2275132275132274,0.2406417112299463,0.2020725388601036,0.2020725388601036,0.1372549019607842,0.1262135922330096,0.0943396226415094,0.1542288557213931,0.1717171717171717,0.1542288557213931,0.247311827956989,0.2275132275132274
QOKW-L,11.0,0.0725090330087574,4.003608551840471e-07,0.0434398308962706,0.1210324746865327,0.4091940976163451,1.3464641194642022,0.2915,0.5243271815791226,0.0267140760403654,0.0103903964491072,-0.0151609295389586,1.0,1.2714617169373552,0.172735760971055,5.1479520789986953e-08,0.0207434548785532,1.706974492255708e-12,0.110091743119266,0.0109620919835874,1.5788115571071537e-07,-0.1185264281900693,5.0,0.0088202388657278,0.6650923306741255,0.0380349218735453,0.1523794632044004,0.0250988321162637,0.0284360189573459,0.0396496815286624,0.3487160401935245,0.1003475508771841,-0.054054054054054,-0.0512820512820513,-0.119047619047619,-0.119047619047619,-0.159090909090909,-0.119047619047619,-0.075,-0.075,0.1212121212121211,0.2333333333333334,0.2333333333333334,0.48,0.5416666666666667,0.6818181818181819,0.5416666666666667,0.4230769230769229,0.5416666666666667,0.6086956521739129,0.4230769230769229,0.4230769230769229,0.48,0.9473684210526316,0.9473684210526316,1.0555555555555558,1.176470588235294,1.6428571428571428,1.4666666666666668,1.6428571428571428,2.083333333333333,2.363636363636364,2.363636363636364,2.7,2.7,2.083333333333333,2.083333333333333,2.083333333333333,2.083333333333333,2.7,3.111111111111112,2.083333333333333,2.083333333333333,2.083333333333333,2.083333333333333,3.625,3.625,2.7,3.111111111111112,2.083333333333333,2.083333333333333
QOPD-L,20.0,-0.0162383009829132,4.917890738692904e-07,0.0533599474796175,0.2855436873880448,0.1924478349277399,1.0976343311791177,0.075,-0.2148558751583625,0.0110004819895201,0.0030206824276423,-0.0123599737960581,1.0,0.1183573844902153,0.0852963777524577,5.147467551339537e-08,-0.0644452340531931,1.92421396940732e-11,-0.0451127819548872,0.0042553746948791,4.131301983646827e-07,-0.1148186261898636,5.0,0.0234154323651846,0.3168227805747209,-0.143462901846141,0.192220072018225,1.192220072018225,0.0131508393713995,0.0248544849807712,0.192220072018225,0.2237318111867829,-0.0325581395348836,-0.0652173913043477,-0.1152263374485598,-0.1078838174273859,-0.0811965811965811,-0.0611353711790393,-0.0732758620689655,-0.1295546558704454,0.0093896713615022,-0.0046296296296297,-0.0692640692640693,0.0436893203883494,-0.0137614678899083,-0.0315315315315316,-0.0092165898617511,0.0858585858585858,0.053921568627451,0.048780487804878,0.053921568627451,0.033653846153846,0.2215909090909089,0.2011173184357542,0.396103896103896,0.3522012578616351,0.4527027027027026,0.5248226950354611,0.5579710144927537,0.5693430656934304,0.5357142857142858,0.853448275862069,0.6538461538461537,0.6929133858267715,0.5140845070422535,0.6796875,0.5579710144927537,0.5579710144927537,0.5579710144927537,0.3782051282051282,0.3437499999999998,0.5579710144927537,0.4827586206896552,0.4527027027027026,0.4333333333333333,0.4726027397260273,0.5034965034965035,0.5808823529411762,0.7768595041322315,0.8220338983050848,0.7338709677419355
QPL-L,30.0,0.1246862993648898,2.2077087669904944e-06,0.2395401405119752,0.103814705586953,0.0939970951992143,1.3958692335321057,-197.0113,0.1607662141926919,0.0007968090581465,-0.0033781867442551,0.0039749549554101,1.0,0.061664775113486,0.1262664856291595,4.454998509992969e-07,-0.002552635193285,9.672169225535618e-06,0.0337557032650001,0.0270736564979736,6.241900659084595e-06,0.1234252475058366,4.0,1.3872222673646877,-0.1619330994666353,-0.0859821855566216,-0.0788586344282434,0.0937528111037041,0.0057782111567722,0.0215599367690411,0.141137577794497,0.4506673388188185,-0.0979020979020978,-0.0034843205574913,-0.1513353115727004,-0.1488095238095238,-0.1339894019682059,-0.0378469301934399,-0.1287128712871288,-0.0877192982456139,-0.0942201108471892,-0.1673944687045124,-0.2126634549208533,-0.1880766501064584,-0.1781609195402299,-0.2342704149933065,-0.2110344827586207,-0.1840228245363766,-0.1193225558121632,-0.1417854463615904,-0.115919629057187,-0.1027450980392157,-0.0095238095238096,0.0641860465116279,0.0641860465116279,0.2042105263157894,0.3474676089517077,0.3089244851258581,0.2911963882618511,0.4002447980416157,0.4517766497461928,0.5212765957446808,0.4837872892347599,0.4211180124223601,0.4818652849740932,0.5714285714285714,0.8044164037854888,0.7627118644067796,0.7151424287856072,0.6898079763663221,0.8015748031496064,0.6603773584905661,0.5132275132275133,0.3700598802395209,0.3458823529411763,0.2118644067796611,0.4140914709517922,0.4685494223363284,0.4647887323943662,0.6090014064697609,0.6067415730337078
QPPN-L,8.0,-0.0801498760395481,5.977028172177563e-06,0.648517680236948,0.0521108277189953,0.1931990454981462,0.5781196988517843,-118.52189999999996,2.035938910188272,-0.0146322060357667,0.0012073796925705,-0.1449508002456591,1.0,0.0585339611412187,-0.0708020893573174,4.868575812851398e-07,-0.1231941719433915,1.0823417533869096e-06,0.4274812967581047,-0.0974781799747422,5.477622604745924e-06,-0.0862750109350111,4.0,0.5936702988708238,0.0391827881965092,-0.031807006781019,0.0162824925106298,0.037567110297302,0.0099710690633736,0.0219689908736806,-0.0520685891658187,0.7534239033855846,0.0046948356807512,-0.0046728971962617,0.0,-0.0138888888888889,0.0047169811320753,0.0047169811320753,0.0191387559808613,0.0441176470588233,0.0757575757575756,0.0492610837438423,0.0923076923076922,0.0649999999999999,0.0649999999999999,0.0441176470588233,0.0492610837438423,0.0240384615384614,0.0441176470588233,0.0191387559808613,-0.1931818181818182,-0.1901140684410646,-0.2169117647058824,-0.3259493670886076,-0.3084415584415585,-0.2705479452054794,-0.2578397212543555,-0.1306122448979593,-0.0046728971962617,0.217142857142857,0.290909090909091,0.5323741007194245,1.2659574468085109,1.3152173913043477,1.21875,1.290322580645161,1.3666666666666667,1.5975609756097562,1.4482758620689653,1.7307692307692304,1.6624999999999996,0.9189189189189186,0.9541284403669724,0.9541284403669724,0.5777777777777775,0.5434782608695652,1.0285714285714285,1.5058823529411764,1.6624999999999996,3.733333333333333,0.290909090909091
QQSS-L^B20,10.0,0.8235753317720531,6.285571637444121e-07,0.0681995168812016,0.132711870291289,-1.6536868268434135,0.0681012372530456,-0.5074000000000001,3.175092377340244,-0.4863002599450328,0.0129390668401251,-0.0101064401677238,1.0,10.98,1.947583947583948,-4.444784611640813e-07,0.0834946087918164,6.4324861075696e-14,0.6666666666666666,0.2595628415300546,1.873970093630881e-07,-0.1998508575689783,4.0,0.0016098276471825,-0.1161609907120743,-0.3823859781379569,-1.6311780866632213,0.1477044108833455,-0.144266786532246,-0.1872950591896849,-0.0718997361477572,1.6536866802719628,0.0,0.0,-0.3846153846153846,-0.2,-0.2727272727272727,-0.2727272727272727,-0.4666666666666667,-0.4285714285714286,-0.4285714285714286,-0.5,-0.5555555555555556,-0.5,-0.4666666666666667,-0.5,-0.6521739130434783,-0.6923076923076923,-0.6666666666666666,-0.6521739130434783,-0.6521739130434783,-0.4285714285714286,-0.4285714285714286,-0.3846153846153846,-0.4285714285714286,-0.5,-0.4666666666666667,-0.4285714285714286,-0.4285714285714286,-0.4666666666666667,-0.4666666666666667,-0.3333333333333332,-0.3846153846153846,-0.4285714285714286,-0.4285714285714286,-0.5555555555555556,-0.4285714285714286,-0.6666666666666666,-0.6666666666666666,-0.6799999999999999,-0.7037037037037037,-0.7142857142857143,-0.6666666666666666,-0.7419354838709677,-0.7894736842105263,-0.8048780487804879,-0.7647058823529411,-0.7894736842105263,-0.7777777777777778,-0.7241379310344827,-0.7777777777777778
QQZS-L^B22,7.0,0.4209906720417096,1.2300713148853671e-06,0.1334648210909875,0.0989551209293328,-0.5905173847945433,0.2037325199615932,-0.8252999999999999,0.4967169056575229,-1.0329741315412102,-0.0001469378159163,-0.0001330589209495,1.0,3.5766738660907125,0.211995579946481,-2.0770646942329717e-07,0.3895593312316792,7.906700440372832e-13,0.1042944785276073,0.0006396116692827,4.9520009305752e-07,1.5196205765873183,1.0,0.0134372474134058,0.5295327459186767,-0.0124671449806023,0.116849302662561,0.0261519921151089,0.0099122961036955,0.0138596518720106,0.116849302662561,1.6536866802719628,0.0,0.0,0.0,-0.142857142857143,-0.142857142857143,-0.142857142857143,-0.142857142857143,-0.4,-0.4,-0.4,-0.3333333333333333,-0.25,-0.3333333333333333,-0.4,-0.4545454545454546,-0.5384615384615385,-0.5,-0.5,-0.5384615384615385,-0.4,-0.4,-0.4,-0.4,-0.4545454545454546,-0.5,-0.5,-0.5,-0.4545454545454546,-0.4,-0.4,-0.4,-0.25,-0.3333333333333333,-0.3333333333333333,-0.142857142857143,-0.25,-0.3333333333333333,-0.3333333333333333,-0.3333333333333333,-0.25,-0.25,-0.25,-0.25,-0.25,-0.25,-0.25,-0.3333333333333333,-0.25,-0.3333333333333333
QQZU-L,13.0,0.0764482056324446,3.765541677662741e-07,0.0408567649890079,0.0256623613696669,0.1038505181041459,0.2822385040086213,9.508299999999998,6.837522915283946,0.0781797584381273,5.41574001680822e-05,0.7383522838842987,1.0,0.0508644721102011,0.1033916972593589,2.4693055822647973e-08,0.0240107676761141,9.39504759141219e-10,1.435658578856153,0.14432528133415,8.149082874143984e-07,0.0644377172875593,4.0,0.5360972697809411,0.1270603399960522,0.2050454492522112,0.1112166438826147,0.2178872861854869,0.0078697921724261,0.0253194376879852,0.268436452744474,0.0036667188302766,0.0048780487804878,0.0173697270471462,0.0224438902743142,0.0098522167487684,0.0275689223057642,0.0275689223057642,0.0459183673469387,0.0649350649350648,0.1021505376344085,0.0761154855643042,0.1171662125340597,0.056701030927835,0.056701030927835,0.0379746835443035,0.0406091370558374,0.0173697270471462,0.0379746835443035,0.0148514851485148,0.0098522167487684,0.0123456790123457,-0.0214797136038188,-0.0352941176470589,-0.0096618357487923,-0.0352941176470589,-0.0120481927710844,-0.0420560747663553,0.0049019607843137,-0.0442890442890443,-0.050925925925926,-0.0442890442890443,0.0379746835443035,0.056701030927835,0.0199004975124377,0.0024449877750609,0.0327455919395465,0.0621761658031088,0.0817941952506595,0.1111111111111109,0.1357340720221607,0.1484593837535013,0.1714285714285712,0.1714285714285712,0.1388888888888888,0.1357340720221607,0.1111111111111109,0.1516853932584267,0.1263736263736261,0.164772727272727,0.1781609195402298
QRFQ-L,22.0,0.1046622784546723,7.655231299379902e-07,0.0830605561984901,0.2490692267031683,0.0097377582471441,0.0677518538160192,-17.094899999999996,0.5628990142236101,-0.0108647918415606,-0.0001314306767905,0.009733151732557,1.0,0.4608842044197068,0.0900669710884554,9.320778379128136e-08,0.012055339088965,7.759502266477336e-08,0.1181905799530673,0.0003564505615015,1.2276013054832711e-05,0.1059179380516191,2.0,1.7688115979261776,0.0265539939471039,-0.1776462382116784,0.1776462382116784,0.1776462382116784,0.0014387393039655,0.0245109736219254,0.1776462382116784,0.3566422737750011,-0.1286422814631121,-0.0902425267907501,-0.1579222135212739,-0.2147030185004869,-0.2313557302835358,-0.2634703196347032,-0.2757072294566681,-0.2629655014850355,-0.2653154179002505,-0.3036909130153249,-0.3390698627330466,-0.2884869872077636,-0.251681744374855,-0.2747302158273381,-0.2703008369147253,-0.2509867657302067,-0.2474924189409844,-0.2158483228001945,-0.1979114868224764,-0.2006937561942517,-0.1797609966946352,-0.1861755802219981,-0.1481383681013994,-0.1144660993686522,-0.0814350797266514,-0.0303576795912234,0.040309577555627,0.040309577555627,0.0228281547241597,0.0657416584076642,0.0409809616005163,0.0894967916244511,0.0359666024405906,0.0869272237196765,0.0843697478991596,-0.0061614294516328,0.0189513581806695,0.0192733017377566,0.0832773673606446,0.0097026604068857,-0.0767029192902117,-0.084822695035461,-0.1073602656336469,-0.0830017055144969,-0.0594752186588921,0.0778483127297025,0.1205279610976033,0.0969058143488608,0.1174229303775544
QRTG-L,13.0,-0.1225816682524579,3.242159287426181e-07,0.0351779774073622,0.5304536417856497,1.8818897637795275,1.7668544591067974,0.0675,0.148832455187824,-0.0067142329340354,0.002415056628914,-0.0011883784370996,1.0,0.870967741935484,-0.1743362831858407,8.08976079434957e-08,-0.0956161837993074,2.985125090522801e-13,0.03125,0.0090390104662226,6.032570764171329e-08,0.323170731707317,2.0,0.0040453827257374,0.0975609756097562,-0.1027833363652902,0.1027833363652902,0.1027833363652902,0.0528461538461538,0.0607104984093319,0.1027833363652902,0.4091595909951248,-0.0341880341880341,0.0540540540540539,-0.025,0.0833333333333332,-0.064,-0.1136363636363637,-0.025,0.0,-0.040983606557377,0.0086206896551723,0.0353982300884956,0.1142857142857141,0.1037735849056602,0.1037735849056602,0.1142857142857141,0.1699999999999999,0.1699999999999999,0.0636363636363634,0.0636363636363634,0.0833333333333332,0.1584158415841583,0.1699999999999999,0.193877551020408,0.1699999999999999,0.1699999999999999,0.0263157894736842,0.0636363636363634,0.0934579439252334,0.0446428571428569,0.0446428571428569,-0.0859375000000001,-0.1333333333333334,-0.1333333333333334,-0.0330578512396694,-0.064,-0.1136363636363637,-0.176056338028169,-0.259493670886076,-0.2094594594594595,-0.2451612903225807,-0.2909090909090909,-0.3352272727272728,-0.3197674418604651,-0.1986301369863014,-0.1136363636363637,-0.1136363636363637,-0.0714285714285715,-0.0714285714285715,-0.1068702290076336
QSHM-L^L20,10.0,0.2096239513018457,4.346578302865071e-06,0.4716111078518378,0.0069622329550762,0.4552189653883636,0.2120161630457362,-0.3652000000000006,0.1543521352833294,0.0226892081132879,-3.197611647432074e-05,1.0202024369447429,1.0,0.0260397921362858,0.0510079494401172,3.893854576796982e-07,0.3579931384429032,8.307921856943177e-11,0.0324089542265285,0.4445663877654796,1.5843312636276675e-06,1.0643433489255223,4.0,0.0254291714116166,-0.4133709276146222,0.0079478232442148,-0.0771305134176873,0.3062025388043323,0.0138239776760855,0.0196831790584335,-0.0154751080122819,0.62718987023058,-0.1884057971014491,0.0,-0.0142857142857143,-0.0675675675675676,-0.0416666666666667,0.0147058823529411,-0.1265822784810127,0.0,0.0147058823529411,-0.1585365853658537,-0.206896551724138,-0.3235294117647059,-0.3168316831683169,-0.3168316831683169,-0.31,-0.2959183673469387,-0.4,-0.4390243902439025,-0.4651162790697675,-0.5632911392405064,-0.5337837837837838,-0.5174825174825175,-0.603448275862069,-0.5035971223021583,-0.425,-0.4152542372881356,-0.4523809523809524,-0.3490566037735849,-0.2417582417582418,-0.3168316831683169,-0.08,0.0454545454545454,-0.08,-0.08,-0.1585365853658537,-0.3551401869158879,-0.3611111111111111,-0.4051724137931034,-0.3727272727272728,-0.3490566037735849,-0.4102564102564102,-0.3611111111111111,-0.4,-0.3551401869158879,-0.4609375,-0.4812030075187971,-0.4692307692307693,-0.54,-0.5306122448979592
QSKD-L,10.0,0.9634331881852995,3.5817023678164205e-07,0.0388620773395023,0.0728608340985286,0.2448320120800302,0.7749436322489405,-0.4044999999999998,0.3384616239804317,0.0170255898745949,0.0011673049682597,0.290074491644856,1.0,0.0555382215288611,2.4751100899865985,7.120780691587315e-08,0.5017349431717574,1.6337946287693548e-11,0.0710659898477156,0.1676984418446042,3.803505263682962e-07,0.3928674663968782,3.0,0.0284951803733933,0.0671148595943839,-0.1042229912114187,-1.3094341778674166,0.1138842674586635,0.0141077019411396,0.0278292447935966,0.1884407462370151,-0.0572844215142012,-0.2698412698412697,0.0327868852459016,0.0161290322580645,-0.0307692307692307,-0.015625,-0.0999999999999999,-0.0999999999999999,-0.0869565217391303,0.0327868852459016,0.05,0.0677966101694915,-0.015625,-0.0307692307692307,-0.015625,0.2352941176470588,0.1886792452830188,0.2115384615384614,0.1454545454545452,0.0862068965517242,0.0862068965517242,0.05,0.0161290322580645,0.0862068965517242,0.2115384615384614,0.2857142857142858,0.3695652173913042,0.575,0.7027027027027026,0.6578947368421053,0.575,0.575,0.6153846153846154,0.6578947368421053,1.52,1.625,1.25,1.52,2.705882352941176,2.5,2.705882352941176,2.5,3.2,3.5,4.25,3.846153846153846,5.3,6.0,6.875,8.0
QTBX-L,8.0,-0.5585477632021527,4.959945131594311e-07,0.0538162447655354,0.5753298557839828,-0.3943385099272655,-0.356031320785829,-0.193,-4.123748026667513,-0.2989044755527159,0.0016712916246215,0.068683049779458,1.0,4.014388489208633,-0.499434650768361,-7.94956039880766e-08,-0.8858488777400193,7.821575141315409e-14,-0.8658536585365855,-0.1964556004036327,3.870381744454722e-08,-0.8243586780679455,2.0,0.0110416023088574,1.1963691492431958,0.0670058549706041,-0.109039570790653,-0.043067084792463,-0.03687551916459,-0.0412326676839381,-0.8829233323271959,1.6536866802719628,0.0,0.1250000000000002,-0.0999999999999998,0.0,0.6875,0.9285714285714286,0.9285714285714286,1.2500000000000004,1.4545454545454546,1.7000000000000002,0.8000000000000003,0.8000000000000003,0.6875,0.6875,0.3500000000000001,0.0,-0.0999999999999998,0.0,0.0,-0.0689655172413792,0.0384615384615385,-0.0999999999999998,-0.2894736842105263,-0.2499999999999999,-0.2894736842105263,-0.3571428571428571,-0.4374999999999999,-0.4130434782608695,-0.4255319148936169,-0.2894736842105263,-0.4,-0.4130434782608695,-0.4130434782608695,-0.4374999999999999,-0.4705882352941176,-0.4374999999999999,-0.4374999999999999,-0.4374999999999999,-0.4374999999999999,-0.2702702702702702,-0.3571428571428571,-0.2499999999999999,-0.2499999999999999,-0.2058823529411765,-0.2894736842105263,-0.3249999999999999,-0.4489795918367346,-0.5263157894736841,-0.2894736842105263
QTFK-L^I19,12.0,0.0732076011457625,1.2333135170698592e-06,0.1338166055194654,0.0717274596770863,0.2414308504301306,0.6483260320879202,593.6187,-0.8352360653803277,0.800488560491927,0.0183658185169275,0.1343134150224318,1.0,0.1259109761163397,0.1170231883410803,6.154587543279937e-08,-0.063412226506204,2.2034903206866467e-09,-0.1753725490196078,0.2038154925259417,6.703011096408516e-07,0.0009658809614395,4.0,0.2109928885293863,-0.2297747333407526,-0.0540005191347044,-0.2003912143547211,-0.3473882873428766,0.0091000200210501,0.0143411415902053,-0.0623985007682483,1.0648435383304242,-0.0161290322580645,0.1698113207547169,0.4198473282442747,0.6756756756756757,0.5245901639344264,0.5,0.4090909090909091,0.3191489361702129,0.3006993006993008,0.3880597014925373,0.0,-0.0606060606060605,0.0751445086705202,0.0219780219780219,-0.0412371134020618,-0.1014492753623187,0.0568181818181818,-0.3519163763066202,-0.3450704225352112,-0.5303030303030303,-0.5848214285714286,-0.6555555555555556,-0.5571428571428572,-0.5026737967914439,-0.5255102040816326,-0.6529850746268657,-0.6338582677165354,-0.5982721382289417,-0.6782006920415224,-0.5991379310344827,-0.4,-0.471590909090909,-0.3161764705882353,-0.2734375,-0.1308411214953271,0.0333333333333334,0.0163934426229508,0.0219780219780219,-0.2734375,-0.2151898734177215,-0.1982758620689654,-0.3673469387755101,-0.3901639344262294,-0.3651877133105802,-0.3085501858736059,-0.3111111111111111,-0.3496503496503496,-0.2705882352941176,-0.205128205128205
QTFR-L,12.0,-0.1169871528527978,2.5767551500224644e-07,0.0279582298141045,0.4885187276491624,0.0118513460788138,3.509375238888216,-1.5515,-0.732713625540056,-0.0416801134249753,-0.0035112359550561,0.0062232368213438,1.0,0.5043680838672102,0.0342944662715589,-6.304191070103892e-09,0.0183938075358122,9.936851006813524e-11,-0.1538461538461538,-0.0013462081802921,6.115728937060785e-07,-0.1835577604535791,3.0,0.0169471449748692,-0.1385393127548049,-0.2161386623468331,-1.2390619726681544,0.1951552832456098,-0.0083324781939456,-0.0256702073849266,0.2070918734856917,1.6536866802719628,0.0,-0.2222222222222221,-0.2999999999999999,-0.2999999999999999,-0.2222222222222221,-0.2999999999999999,-0.2999999999999999,-0.2999999999999999,-0.4166666666666666,-0.4166666666666666,-0.4615384615384614,-0.4615384615384614,-0.4615384615384614,-0.4615384615384614,-0.4166666666666666,-0.4615384615384614,-0.5,-0.5,-0.5333333333333332,-0.5625,-0.4166666666666666,-0.4166666666666666,-0.4166666666666666,-0.5,-0.1249999999999998,0.1666666666666667,0.1666666666666667,0.0,0.0,-0.1249999999999998,-0.1249999999999998,-0.1249999999999998,-0.3636363636363635,-0.4166666666666666,-0.3636363636363635,-0.4166666666666666,-0.5,-0.5625,-0.4615384615384614,-0.4166666666666666,0.0,0.1666666666666667,-0.1249999999999998,-0.1249999999999998,0.7500000000000002,1.3333333333333337,0.7500000000000002,0.1666666666666667,0.1666666666666667
QTGC-L^B19,10.0,-0.4632162661737523,6.694862989766702e-06,0.7264039737737943,0.8000615802437947,0.0059864633677468,-0.1785585588789109,-0.4667,-3.125993010680342,0.2339233212314552,-0.0014447542908798,0.0164779678547234,1.0,0.8707353540845453,-2.0739151789741688,-3.278162655694683e-07,1.143542281250395,1.5768131310438172e-13,-0.6563573883161511,-0.3131043875863411,1.9247801395483723e-06,-0.913656763067677,3.0,0.0004499249770627,3.452660882695341,6.067927973254112,-0.1281427453003212,-0.831135025317204,-0.0090391436928246,-0.0108842263019857,-0.7040763552588274,1.6536866802719628,0.0,-0.5,-0.5,-0.5,-0.5,-0.5,-0.5,0.0,0.0,0.0,0.0,0.0,-0.5,-0.5,-0.5,-0.6666666666666666,0.0,0.0,0.0,0.0,0.0,0.0,0.0,0.0,0.0,0.0,0.0,0.0,0.0,0.0,0.0,0.0,-0.5,-0.5,-0.6666666666666666,-0.6666666666666666,-0.5,0.0,0.0,0.0,-0.5,-0.5,-0.5,-0.5,-0.5,-0.5,-0.5,-0.5,-0.5
QTGE-L^D21,12.0,-0.0134357005758157,1.6223487120679182e-07,0.0176027583102787,0.0392731535756154,0.0268797675263349,1.603886317678365,-1.0,-0.0746755175855284,-0.0612292090803097,-0.0127035830618892,-0.0316301703163017,1.0,0.4915254237288136,0.5142857142857142,-6.045544728932336e-08,-0.0979066022544255,2.3697711250975454e-08,-0.0156794425087108,0.0575815738963531,1.0177942391746844e-06,-0.0653548840477863,3.0,0.3673956146120083,-0.0374293785310733,0.0195075462070768,-0.9865083816289648,-0.0513662627659158,0.0103366804489072,0.0694444444444444,-0.0420639371845204,1.6536866802719628,-0.0952380952380953,-0.0078740157480314,0.05,-0.015625,0.1052631578947369,0.1999999999999999,0.1351351351351351,-0.0307692307692307,0.0862068965517242,0.26,0.0327868852459016,-0.1710526315789473,-0.1655629139072847,-0.4112149532710281,-0.4,-0.3731343283582089,-0.3114754098360656,-0.318918918918919,-0.28,-0.3471502590673575,-0.3538461538461538,-0.2758620689655172,-0.25,-0.2544378698224852,-0.1710526315789473,-0.37,-0.3853658536585365,-0.4,-0.4449339207048458,-0.4638297872340425,-0.4728033472803348,-0.5280898876404494,-0.4728033472803348,-0.4638297872340425,-0.4220183486238532,-0.4193548387096774,-0.4728033472803348,-0.4919354838709677,-0.5909090909090909,-0.5547703180212014,-0.5909090909090909,-0.6752577319587629,-0.685785536159601,-0.65,-0.6460674157303371,-0.625,-0.6037735849056605,-0.5855263157894737,-0.5827814569536424
QTGU-L,12.0,0.1114327062228654,1.0646190057523532e-06,0.1155129653161974,0.0311385014596172,0.4695832254724307,2.33062052327458,5.4,-0.0566980781667899,-0.0230234134420925,0.0027230046948356,-0.0419247260600285,1.0,0.3072196620583717,0.0969387755102041,1.3213264037122233e-07,-0.0507196710075376,6.176801438560828e-09,-0.0119047619047618,0.0942474674384949,5.366096775628141e-07,0.1413525498891352,4.0,0.1078798071374255,0.0527046612339122,0.0497638811071928,0.1271317199935032,-0.0729424985717245,0.0164388020833333,0.0247246022031823,0.1595744680851064,0.4762095765674685,-0.3743315508021391,-0.1147928994082838,-0.2848948374760994,-0.3687763713080167,-0.3853738701725554,-0.3568357695614789,-0.4063492063492063,-0.499330655957162,-0.5208199871877002,-0.5552913198573127,-0.5764439411098528,-0.6216489630753668,-0.6185619581845996,-0.5932572050027188,-0.5618043350908026,-0.5283732660781841,-0.5078947368421052,-0.5130208333333333,-0.5229591836734693,-0.5310344827586206,-0.4959568733153638,-0.4945945945945945,-0.5062706270627062,-0.5461165048543689,-0.5232632249840663,-0.4657142857142856,-0.5133376707872479,-0.5149156939040207,-0.5262824572514249,-0.396774193548387,-0.4559999999999999,-0.3863822805578342,-0.4736101337086559,-0.4579710144927535,-0.4928813559322034,-0.5455650060753341,-0.5520958083832335,-0.4805555555555555,-0.4618705035971223,-0.4823529411764705,-0.4783821478382147,-0.4077593032462391,-0.3495652173913043,-0.2549800796812748,-0.1991434689507494,-0.2067868504772003,-0.2288659793814431,-0.1595505617977528,-0.1382488479262672
QTGY-L,12.0,-0.0479280451276341,1.828828337402437e-06,0.1984309721752117,0.0294828350732746,0.0735633161994059,0.3218911643380745,-0.1847,-0.5495352191550421,0.5919212794466714,0.0009100162770952,-0.1553392156054487,1.0,0.0585408344369176,-0.0446488955307767,4.6609547810889366e-08,-0.0822120946659794,7.449522973894668e-12,-0.1153846153846153,-0.0213859037123555,2.763218924402519e-06,-0.0500868513157326,4.0,0.0111840881092406,-0.0100626002134444,0.1647796873957656,-0.6504436695247608,0.1641542507764172,0.000997587938563,0.0024468916439897,0.3044414674804979,0.5511991631562876,0.0258620689655173,0.0265486725663717,0.0175438596491228,0.0175438596491228,0.0,0.0265486725663717,0.0265486725663717,0.1372549019607842,0.0841121495327101,0.0265486725663717,-0.0085470085470085,0.0175438596491228,-0.1407407407407408,-0.1532846715328468,-0.0252100840336134,-0.072,-0.0333333333333333,0.0,-0.1714285714285714,-0.3294797687861271,-0.3446327683615819,-0.3483146067415731,-0.3519553072625698,-0.3409090909090909,-0.3333333333333333,-0.1532846715328468,-0.1470588235294119,-0.1145038167938932,-0.1212121212121213,-0.1343283582089554,-0.4257425742574258,-0.4368932038834952,-0.4449760765550239,-0.42,-0.4111675126903553,-0.3989637305699481,-0.3695652173913044,-0.3695652173913044,-0.3926701570680628,-0.3763440860215055,-0.3519553072625698,-0.372972972972973,-0.372972972972973,-0.3894736842105263,-0.3829787234042553,-0.3829787234042553,-0.3989637305699481,-0.4141414141414141,-0.4396135265700482
QTID-L,15.0,0.1361033688728777,2.604940404424916e-07,0.0282640445982317,0.0546130931709502,0.7154813475207132,0.6699490608706429,1.8152,-0.2235980547422703,0.1294611225377376,0.0009949076671993,0.1362686931372076,1.0,0.08160688051327,0.1348478519223732,6.135605252876949e-08,0.0302070281884624,1.1877085363662991e-09,-0.0469483568075116,0.0934567290006555,1.1024718911885513e-07,0.1390803677124829,3.0,0.5295451086306301,0.1425727618622363,0.4101145557668876,-0.4428227171036106,-0.039177659115219,-0.0011519597920197,-0.0016341823273242,-0.1492517422118315,0.3646894656763856,-0.0525927746375031,-0.0707924183603563,-0.1371925360474978,-0.0868491921005386,-0.1179275959245611,-0.0334916864608076,0.0470921255790015,-0.0332620574958423,0.049522826928037,0.1072108843537413,0.3901605739665186,0.2999999999999998,0.4332511447692848,0.2139021479713601,0.1672403901319563,0.1160175534832692,0.327136333985649,0.4232249038125217,0.4099099099099099,0.5590038314176244,0.6635322976287816,0.3491379310344826,0.3138521149499516,0.2636645962732917,0.2364023093284717,0.1995872641509433,0.2428222357971898,0.5042513863216265,0.3760568143388569,0.4089335180055402,0.4855786783497626,0.6710472279260777,0.5177172696754941,0.5495049504950493,0.7629982668977471,1.0314528207688465,1.2283680175246436,0.9647513278609364,0.9293504030346134,1.1061076604554865,1.1071983428275507,1.3411967779056386,1.3795321637426898,1.645643693107932,1.7812713602187285,1.7290409121395034,1.965743440233236,1.7126666666666663,1.5132798023471277
QTIN-L,12.0,-0.0492108584103758,1.769103008896024e-07,0.0191950672872848,0.0913306086173528,0.6722240842027197,1.5999589442782325,1.0865,0.3097449639704978,0.0649923175424143,0.0005323893410636,-0.0122227311870512,1.0,1.1196190476190475,-0.0045847894014463,4.086617570520425e-08,-0.1851891959670084,2.3495575882050736e-10,0.0650364203954215,0.0229598785850488,1.182769748799172e-07,-0.0486606832254922,4.0,0.1625155727436725,0.1724503398774449,-0.0104431834450266,0.2865554250870896,0.0605909425396309,0.0322378531131715,0.0594023185100722,0.0605909425396309,0.3883944501798683,-0.0193340494092373,0.0097613882863341,-0.0925925925925925,-0.0528992878942014,0.014161220043573,0.0555555555555555,-0.0053418803418802,0.0344444444444445,0.1465517241379312,0.2683923705722071,0.258108108108108,-0.0791295746785359,-0.0053418803418802,-0.0302083333333332,0.0097613882863341,0.021953896816685,-0.0137711864406778,0.0230769230769232,-0.0074626865671642,-0.0085197018104365,0.0321507760532151,0.0253303964757709,0.0688863375430539,-0.0342323651452282,0.0275938189845474,0.1216867469879516,-0.0137711864406778,-0.086359175662414,-0.0917073170731707,0.0242024202420243,-0.1116412213740457,-0.0241090146750522,-0.0854616895874262,-0.129092609915809,-0.0461065573770491,-0.1818980667838312,-0.1474358974358973,-0.1258215962441314,-0.109090909090909,-0.0010729613733905,0.0032327586206897,0.0032327586206897,-0.0362318840579709,-0.0085197018104365,0.0825581395348837,0.0750577367205542,0.1017751479289943,0.0701149425287357,0.16375
QTIO-L,12.0,0.1928628656576662,2.070223838682625e-06,0.2246227929262972,0.0424951658547067,0.1337345715886497,0.5576769424982712,66.2541,3.620369369830874,0.1515309994847923,0.0121701016857147,1.5748028631657065,1.0,0.1046016259605197,0.3721925268711761,2.679002426411275e-07,-0.0558938333329971,8.431265604258986e-09,0.7601604278074866,0.3303018639758555,9.847227447189793e-06,0.1609651489182933,4.0,0.104805123697158,0.672721069523029,0.7446532897883416,0.8293134413230383,-2.8329936384105334,0.0075891887746882,0.0436879270067493,1.196680898921951,-0.4325666142966637,-0.0434782608695653,-0.1481481481481481,-0.4390243902439024,-0.4651162790697674,-0.3783783783783784,-0.3235294117647059,-0.3428571428571427,-0.361111111111111,-0.2068965517241378,-0.2333333333333332,-0.425,-0.1785714285714286,-0.1785714285714286,-0.1785714285714286,-0.1481481481481481,-0.0799999999999999,-0.303030303030303,-0.28125,-0.361111111111111,-0.3947368421052631,-0.4523809523809523,-0.54,-0.5208333333333333,-0.4523809523809523,-0.361111111111111,-0.1153846153846154,-0.1481481481481481,-0.1153846153846154,-0.0416666666666666,-0.3235294117647059,-0.3235294117647059,-0.425,-0.0416666666666666,0.6428571428571428,0.5333333333333334,0.2105263157894736,0.0,-0.1785714285714286,-0.1785714285714286,-0.3235294117647059,-0.303030303030303,-0.4651162790697674,-0.5660377358490566,-0.5660377358490566,-0.3428571428571427,-0.425,-0.3783783783783784,-0.361111111111111,-0.4888888888888889
QTJO-L^J21,10.0,-0.0151196479801871,1.029581818181818e-06,0.1117113711207677,0.0885484550914878,0.0623178774091304,4.314566939764137,0.1880000000000001,-0.1968032465293541,-0.0021048375865965,-0.0002309868914939,0.0472323026503738,1.0,0.0370022371364653,0.1245333227420764,1.3219999999999998e-07,0.0732642948478293,3.2247895761872915e-09,-0.0413223140495868,0.0143256183269605,2.759145454545454e-06,-0.0587385174571867,4.0,0.0154634005283894,-0.0323502980871652,0.0088176895461611,0.1272743961715122,-0.0114581450213517,0.0113158652461848,0.041640913345224,-0.0220724957549906,0.4214387867616485,0.0185185185185186,0.0588235294117647,0.0,-0.0357142857142857,-0.0689655172413792,-0.129032258064516,-0.129032258064516,-0.129032258064516,-0.1428571428571428,-0.1428571428571428,-0.15625,-0.1147540983606556,-0.129032258064516,-0.1940298507462686,-0.2499999999999999,-0.1147540983606556,-0.15625,-0.1818181818181817,-0.2285714285714284,-0.2285714285714284,-0.2499999999999999,-0.1692307692307691,-0.129032258064516,-0.0999999999999998,-0.0689655172413792,-0.2058823529411765,-0.1692307692307691,-0.1940298507462686,-0.2285714285714284,-0.1818181818181817,-0.3164556962025316,-0.2058823529411765,-0.2987012987012987,-0.3249999999999999,-0.3249999999999999,-0.3249999999999999,-0.2702702702702702,-0.2058823529411765,-0.15625,-0.1940298507462686,-0.2285714285714284,-0.0689655172413792,-0.0999999999999998,-0.0526315789473682,0.0,0.0384615384615385,0.08,0.148936170212766,0.1250000000000002
QTRG-L,18.0,0.3005251445172124,1.1740939626638441e-07,0.0127391183563647,0.0568108925929743,0.266487293177215,0.7187774178679366,-50.21780000000001,0.3807141734078128,-0.0027797876140073,0.0060432807620966,0.0020134690768113,1.0,0.7791942867466334,0.2192439693349393,3.7059916207922086e-08,0.1712062345279329,1.5969149671997448e-07,0.0799376581134803,0.0031267544619105,2.565208805243327e-07,0.3415972837617849,5.0,6.831337346119131,-0.266370890875284,0.0388992343873435,0.0293471322078909,1.0293471322078909,0.0169613160703984,0.0528753233233535,0.0293471322078909,0.5556281729119238,-0.0407137907137907,-0.0712791633145615,-0.2062706270627062,-0.2059430458109781,-0.1066398390342052,-0.0274641954507161,-0.0333277507955116,0.0849624060150375,0.0938032973280271,0.110213502596653,0.0679000925069379,0.0748603351955305,0.087005649717514,0.1271236086701814,0.1859461680706799,0.2009987515605491,0.2343883661248931,0.2501624431448992,0.2733289212442091,0.381191672648959,0.4227261523293073,0.5094142259414225,0.5905208046293744,0.5676262900597502,0.6533944428530509,0.4992207792207792,0.4803795845088483,0.6449130806497576,0.5953565505804312,0.7385542168674697,0.786996904024768,0.8511866581141758,0.9125248508946322,0.9375629405840886,1.0238429172510517,0.9291443850267378,1.1497206703910612,1.063639613872006,1.0273972602739727,1.152928011935845,1.0562878517990737,1.2415533980582525,0.9434343434343436,0.9125248508946322,0.991718426501035,1.1489203276247206,1.1682945154019535,1.2459143968871595,1.2751281040599132
QTSB-L,12.0,0.0688920162227364,1.9677209532701767e-06,0.2135010562453981,0.0462114755243495,-0.0908789954454077,0.6818572038650024,-17.3866,0.887747809528636,-0.20857875781059,0.003030945830286,0.191764944804474,1.0,0.0412865641066751,-0.506206770925417,-3.045159922116961e-06,0.0556282661588088,1.4431954633127874e-10,0.1863983162325704,0.0512878353748948,2.642086018628165e-05,0.1728389484617893,2.0,0.0039507132741971,-0.0934915086175004,-0.5930736031122646,1.0386825429322637,0.1004787272123195,-0.0184257733938371,-0.2699790094068954,0.4100558458278543,1.6536866802719628,0.0,0.0,-0.12,-0.1538461538461538,-0.12,-0.12,-0.2142857142857143,-0.1851851851851852,-0.12,-0.0833333333333332,-0.12,-0.1851851851851852,-0.2666666666666666,-0.2903225806451612,-0.4883720930232558,-0.4358974358974359,-0.5111111111111111,-0.56,-0.6140350877192982,-0.7142857142857143,-0.6206896551724137,-0.6000000000000001,-0.2413793103448275,-0.2142857142857143,-0.4054054054054054,-0.45,-0.5925925925925926,-0.4210526315789473,-0.639344262295082,-0.6666666666666667,-0.6716417910447761,-0.6764705882352942,-0.6507936507936508,-0.4883720930232558,-0.6857142857142857,-0.7411764705882353,-0.7731958762886598,-0.6901408450704225,-0.6271186440677966,-0.3888888888888888,-0.681159420289855,-0.717948717948718,-0.7904761904761904,-0.8666666666666667,-0.8823529411764706,-0.8823529411764706,-0.8428571428571429,-0.8333333333333334,-0.9278688524590164
QTVX-L,12.0,-0.3508411981945014,2.346264741567099e-07,0.0254573698431889,0.7650913606997053,-2.667655786350148,0.3227976755840424,0.3142999999999999,0.2506651876847563,5.996697419026104,0.0026902199790496,-0.1359319351009101,1.0,0.3460207612456747,-0.3944586803331197,-1.7977066797989648e-07,-0.0124409056979348,5.1729282353143805e-15,0.0526315789473684,0.0378881138011215,5.957191621011413e-08,-0.096045197740113,4.0,0.0045307696071524,-0.2370664191070975,-0.9261133603238872,2.557692307692308,1.5991794988054342,-0.1420324055540338,-0.178031903655187,1.557692307692308,1.6536866802719628,-0.111111111111111,0.0,0.0588235294117645,-0.1,-0.1,-0.25,-0.1,-0.1428571428571429,-0.1428571428571429,-0.2173913043478261,-0.28,-0.1,-0.1,-0.3076923076923077,-0.3333333333333333,-0.4545454545454546,-0.4705882352941177,-0.55,-0.6086956521739131,-0.5909090909090909,-0.6086956521739131,-0.6326530612244898,-0.625,-0.5909090909090909,-0.6086956521739131,-0.6727272727272728,-0.6326530612244898,-0.6896551724137931,-0.6538461538461539,-0.6666666666666667,-0.7,-0.7567567567567568,-0.7,-0.7,-0.71875,-0.7534246575342466,-0.7567567567567568,-0.7692307692307693,-0.7428571428571429,-0.75,-0.7272727272727273,-0.7631578947368421,-0.7464788732394366,-0.7534246575342466,-0.7631578947368421,-0.775,-0.7906976744186047,-0.8125,-0.8163265306122449
QTZL-L,12.0,-0.0177704952853447,6.837708429870112e-07,0.0741902945968623,0.0143190739852289,0.1310889992323464,1.9713039218610224,3.9949,-0.1054847965893769,-0.0074845383274419,-0.0014756150292437,0.010251544163536,1.0,0.416873944289396,-0.0315383061165298,6.988030023990324e-08,-0.0613796741443583,1.6519880710138921e-09,-0.0221483942414175,0.0225641959293902,1.1782145919215734e-06,-0.0095989354716737,4.0,0.048877638079093,-0.0416431324266818,-0.0060297295700358,-0.0298991513855679,-0.1146041924699314,-0.0038920261219421,-0.0107530246582062,-0.0618515072865845,0.2956449027355373,-0.0468227424749164,-0.0567823343848579,-0.0416666666666666,-0.1282798833819242,-0.1694444444444444,-0.0771604938271605,-0.2599009900990099,-0.2172774869109947,-0.155367231638418,-0.2707317073170731,-0.3204545454545454,-0.4090909090909089,-0.4227799227799227,-0.4125736738703339,-0.529874213836478,-0.54,-0.5192926045016077,-0.4631956912028725,-0.4182879377431906,-0.4282982791586998,-0.453382084095064,-0.4735915492957746,-0.4411214953271027,-0.4679715302491103,-0.3983903420523138,-0.4563636363636363,-0.502495840266223,-0.4923599320882852,-0.453382084095064,-0.4853700516351118,-0.4641577060931899,-0.4717314487632509,-0.5320813771517996,-0.4826989619377162,-0.4835924006908463,-0.5710186513629842,-0.5349922239502332,-0.4358490566037735,-0.4906303236797273,-0.4897610921501706,-0.4991624790619765,-0.3094688221709006,-0.3499999999999998,-0.3885480572597136,-0.3624733475479744,-0.3370288248337028,-0.3235294117647058,-0.2981220657276994,-0.254364089775561
QUBC-L,13.0,0.0012429216834222,7.498386269143811e-08,0.0081358761054895,0.0260424798976065,0.2647968304184226,0.844203096218031,4.360799999999998,0.1412246217524941,-0.0022364113977071,0.0008373890516355,0.0785445193514774,1.0,0.1239436196589831,-0.0265872701859924,2.2176404811081963e-08,-0.0387616483097905,7.82527000624109e-09,0.0296526011359281,0.037427985221124,1.0587728891953309e-07,0.021935269382295,4.0,2.587534170015409,-0.0347423526030138,0.00949184991922,-0.0520543335597816,0.0101010415763203,0.0272352357153731,0.0656914157136516,0.0013471186159161,0.4920477927543763,-0.0142635221013981,-0.123095975232198,-0.0968112244897959,-0.1041244939271255,-0.1061600605907598,-0.0117236566643406,-0.0219613259668508,0.0694759099833863,0.149512987012987,0.1713813068651777,0.1444965249717149,0.015925394548063,0.0608239700374533,0.0719043293975174,0.1133647798742139,0.0598712767549767,0.1652130985683726,0.2597402597402598,0.297361670941737,0.3544376434583014,0.3846304262807978,0.4543027315670569,0.4581960461285008,0.5746052924171672,0.6240825688073395,0.4409849409849411,0.5153006633854056,0.5430376988450643,0.4715295095594349,0.4170502301380829,0.5919514388489211,0.6498136067101585,0.4973567350391203,0.5665929203539823,0.6308152924919392,0.6622065727699531,0.718272264013589,0.7867776936664144,0.9189701897018973,1.1734192756292208,1.005380911922968,1.1496660595021253,1.214196372732958,1.2169693174702565,1.282720825274017,1.410963568266939,1.5758457620953077,1.4802101576182136,1.5749090909090908
QUCB-L,10.0,0.0706735605230617,1.0938179106745e-06,0.1186810959557208,0.2403358226817942,0.6604407118703266,1.7525186660775829,0.9713,-0.4577277732226011,0.0178220078160701,0.0013249564648008,0.0646502792961896,1.0,0.3473547353422067,0.147484855448466,1.1155813559443337e-07,-0.1327393432031898,6.731697073514829e-11,-0.096108022239873,0.1184244078395193,4.44270279613829e-07,-0.0807885375644609,4.0,0.0152736332272606,0.142742192523097,0.1933782002597817,0.0628762162752775,-0.1761056283204931,0.0234835290394737,0.0328340313428803,0.0310682118845255,1.0394344715134294,0.0526315789473683,0.0270270270270269,-0.0256410256410256,-0.073170731707317,-0.1363636363636363,-0.1363636363636363,-0.1162790697674418,-0.05,0.0,0.0555555555555555,-0.0256410256410256,0.0,0.0,0.0,0.0,-0.1363636363636363,-0.0256410256410256,-0.1739130434782608,-0.3090909090909092,-0.24,-0.3090909090909092,-0.3559322033898304,-0.3968253968253968,-0.3333333333333332,-0.2083333333333332,-0.2083333333333332,-0.2083333333333332,-0.2083333333333332,0.0,0.1515151515151513,0.0857142857142858,0.1875,0.2666666666666668,0.4074074074074074,0.7272727272727273,0.6521739130434783,0.5833333333333335,0.5833333333333335,0.6521739130434783,0.7272727272727273,0.5833333333333335,0.357142857142857,0.357142857142857,0.4074074074074074,0.4615384615384614,0.6521739130434783,0.7272727272727273,0.6521739130434783,0.52
QUCR-L,10.0,2.7650904988661265,3.882972471025226e-07,0.0421309089867612,0.1874587250209941,-0.0710144328852844,0.2823202339242117,2.0784,26.51631201616583,4.239540261147392,0.0270172786259981,2.021573591812471,1.0,0.0841937162225156,1.8383937010334248,-5.8388739642706776e-08,0.4655690973438494,7.30980964867747e-13,5.56756756756757,1.2873976923460635,6.602273528714039e-07,3.659888829390071,1.0,0.026310666731044,-0.4810824815100125,-4.680931539927279,-2.6834455047598063,0.7401516133654582,-0.0245781573991287,-0.0777782237026929,1.1315162682006112,1.6536866802719628,-0.0066225165562914,0.0342465753424658,-0.2412060301507538,0.0342465753424658,0.0342465753424658,0.2276422764227643,0.4380952380952381,0.8641975308641974,0.9610389610389608,0.696629213483146,1.1571428571428577,1.6964285714285712,2.973684210526316,2.871794871794872,2.775,2.973684210526316,2.973684210526316,2.4318181818181817,1.849056603773585,1.9038461538461535,1.7962962962962965,1.4754098360655736,1.359375,1.3968253968253967,3.4411764705882346,3.1944444444444446,3.314285714285715,3.5757575757575752,3.4411764705882346,2.355555555555556,2.595238095238096,36.75,29.2,29.2,20.57142857142857,24.166666666666668,24.166666666666668,29.2,29.2,29.2,17.875,17.875,15.77777777777778,14.1,12.727272727272728,12.727272727272728,11.583333333333334,9.066666666666666,6.190476190476191
QUCT-L,12.0,0.1673031399645275,-2.0132877998083322e-07,-0.0218445136273361,0.4669876173878595,0.0405653821158378,0.2694837122760796,6.020200000000003,0.4141424840009013,-0.0021553034493972,0.0014039513077863,0.0097574992046719,1.0,1.4423062925745307,0.0993669009947556,3.2759451062597353e-08,-0.0069910087079007,1.1543196795647454e-08,0.0869565217391304,0.000854110446517,1.1247843402451675e-06,0.1628429506233037,2.0,1.9582410280325515,-0.0911493984901677,0.0360857556332812,-0.0827470539749869,0.043763680394281,0.0090179527843911,-0.0419990501155059,0.0557968130859903,0.7747586346836037,-0.0306360306360307,0.0452488687782806,0.0344471236651739,0.0121334681496461,-0.0111952584787619,0.2633571729070256,0.2665541965415436,0.194510739856802,0.2138237671786582,0.1964143426294819,0.3102094240837696,0.3993476234855544,0.4306812767984755,0.3775229357798164,0.4479267116682741,0.4389075227599424,0.4940298507462686,0.5015000000000001,0.4720588235294118,0.5128463476070528,0.578864353312303,0.6374045801526718,0.7520420070011669,0.8757026858213615,0.7971274685816876,0.5772058823529413,0.628524945770065,0.800359712230216,0.62061521856449,0.8733624454148472,1.3369649805447472,1.2048458149779735,1.2260934025203856,1.40625,1.3516053249804232,1.3243034055727554,1.1729377713458755,1.5004163197335556,1.6884512085944494,1.2595936794582396,0.8792240300375469,0.8827586206896554,0.8457283343577138,0.699490662139219,0.7530647985989494,0.7091633466135459,0.5763779527559054,0.6711185308848082,0.6320652173913046
QUFH-L,12.0,-0.0119074365311166,4.624449547619155e-07,0.0501760608550413,0.2293087767166894,0.5820629578301326,0.68685162123456,-0.9500000000000028,0.2801552097653159,-0.0243893237642293,-0.0001248439450686,-0.0027344052351968,1.0,0.5633802816901409,-0.0248321099484616,1.0590907836475645e-07,-0.0805740761667946,1.387591022276227e-09,0.0588235294117647,0.0019096832172545,1.890069706201807e-07,0.0212084833933572,2.0,0.3796165729565218,-0.026888604353393,-0.007557289127255,0.007557289127255,0.007557289127255,0.0382013297562113,0.0549128101945003,0.007557289127255,0.4186255792017136,-0.1006097560975608,-0.0238095238095238,-0.1941031941031942,-0.215311004784689,-0.2389791183294664,-0.2511415525114155,-0.2775330396475771,-0.2838427947598254,-0.3050847457627118,-0.3530571992110454,-0.4468802698145026,-0.4777070063694267,-0.4496644295302013,-0.451505016722408,-0.4121863799283154,-0.3937153419593346,-0.3970588235294118,-0.3479125248508947,-0.3492063492063493,-0.3094736842105263,-0.2300469483568075,-0.2245862884160757,-0.2096385542168676,-0.2612612612612613,-0.2336448598130842,-0.2424942263279446,-0.2727272727272727,-0.2300469483568075,-0.2058111380145278,-0.108695652173913,-0.2459770114942528,-0.2209026128266034,-0.1999999999999999,-0.2096385542168676,-0.2077294685990338,-0.2743362831858407,-0.3021276595744682,-0.2759381898454747,-0.2494279176201373,-0.2424942263279446,-0.3050847457627118,-0.2727272727272727,-0.3021276595744682,-0.2424942263279446,-0.1960784313725491,-0.2190476190476191,-0.1368421052631578,-0.1013698630136986,-0.0837988826815643
QUNF-L,13.0,0.617573675124814,2.7428506939776213e-07,0.0297603945983513,0.0361833391526591,0.2378431886822746,0.8445591565562695,-2.1407999999999987,3.2411887137548576,-0.0034919072316541,0.0007656954496079,-0.0867907289776565,1.0,0.2486103850602223,0.0261671117236625,4.376920316832277e-08,0.3241414922183065,1.6415314453058772e-08,0.6805447587155417,0.6611242039029975,9.627309983768495e-07,0.9523643388194284,5.0,0.610552557834186,-0.610806735135346,0.334248750960804,0.0127103718284826,-0.0380786879541125,0.0177494466373209,0.0871059963283513,0.2032066085007864,0.3431182297308927,-0.0832345269148685,0.0351006381934217,-0.0561772605192479,-0.0731868131868132,-0.0927280550774525,-0.071963028169014,-0.1245588540585426,-0.2122174481599102,-0.1319473034170439,-0.1786131671211531,-0.2100037467216186,-0.2294902247396308,-0.2382586705202312,-0.1252852105372329,-0.15979278740785,-0.1306947021232735,-0.146529042703906,-0.1020017035775127,-0.158115392293871,-0.0618464961067853,-0.0599643334819437,0.0381585425898574,0.077139208173691,0.1952947845804988,0.427555856465809,0.1506139154160983,0.2513353115727001,0.183553185517822,0.2090022935779816,0.2159746251441754,0.1167902542372882,0.1936031701103879,-0.0754220565665423,-0.0233904585456229,0.0195841392649904,-0.010790523105794,0.0497883993029624,0.0016627078384798,0.1056633455689564,0.1109062170706005,0.33322794815049,0.3485769107771026,0.5463879721305465,0.719820554649266,0.7891387356809505,1.055068226120858,1.1614556637621734,1.2113266911379128,1.3637892376681615
QUON-L,12.0,0.5091112353269984,1.0089719627403397e-07,0.0109475166897548,0.3043188384324765,0.0309081927880883,1.5511413210413634,-17.2,0.507558325184635,-0.0223573272412774,6.719526945303051e-05,0.1409555502733541,1.0,0.1199928148015088,1.0561507203546363,-8.139209688652758e-09,-0.0333273926216322,2.0764379129210666e-08,0.1065708258457692,0.1936277249860257,1.438047894433905e-07,0.2717217056748958,3.0,1.5509807915997955,-0.0415362662773842,0.00258804479295,-0.2247906031209761,-0.0895265081253376,-0.0120688312699525,-0.0256495118318715,0.0922257138953409,1.6536866802719628,-0.0561529271206688,-0.0118063754427392,-0.0689655172413794,-0.2206703910614526,-0.2425339366515838,-0.1967370441458733,-0.0401376146788992,0.508108108108108,0.576271186440678,0.5471349353049906,0.6127167630057802,1.1083123425692691,1.2994505494505493,1.9892857142857143,1.83728813559322,1.7442622950819673,1.7715231788079469,1.896193771626297,1.632075471698113,2.334661354581673,2.473029045643153,2.308300395256917,2.444444444444444,2.170454545454545,2.170454545454545,2.0216606498194944,2.206896551724138,1.6487341772151891,2.170454545454545,2.7366071428571423,2.088560885608856,1.8277027027027024,1.780730897009967,2.3886639676113357,2.182509505703422,1.7532894736842102,1.256064690026954,1.196850393700787,1.640378548895899,1.412103746397694,1.1083123425692691,0.8116883116883116,1.3511235955056176,1.34453781512605,1.469026548672566,1.2439678284182305,1.0120192307692304,1.0924999999999998,1.5674846625766872
QUQH-L^A21,9.0,-0.2071756462913748,5.380815507066135e-07,0.0583827596240726,0.1491596958754247,-1.182020471740098,1.4693104274691753,-0.5666,0.2976649103756474,-0.0409786992486242,0.0030723643169058,-0.0234679160081163,1.0,0.1766076421248835,-0.2626060564254673,-1.9092079717775357e-07,-0.0881342227612693,1.2429969700100454e-12,0.0624999999999999,0.0809374244986712,1.2256581627414442e-07,0.1826129188926663,2.0,0.005585626850239,0.8464287134004409,0.1284578008740847,0.3098152204099487,0.0664457674723174,-0.0903821917900539,-0.1034488078433187,0.1919444979764886,1.6536866802719628,-0.4583333333333332,-0.1111111111111111,-0.2727272727272728,-0.0769230769230769,-0.1999999999999999,-0.1724137931034483,-0.2941176470588236,-0.1999999999999999,-0.2258064516129032,-0.2727272727272728,-0.4,-0.4285714285714286,-0.368421052631579,-0.4285714285714286,-0.4285714285714286,-0.4146341463414634,-0.4418604651162791,-0.4418604651162791,-0.4893617021276596,-0.5294117647058824,-0.4893617021276596,-0.5555555555555556,-0.5789473684210527,-0.5714285714285715,-0.5789473684210527,-0.5555555555555556,-0.5102040816326531,-0.5384615384615385,-0.52,-0.4285714285714286,-0.1999999999999999,-0.0769230769230769,-0.142857142857143,-0.0769230769230769,0.0434782608695651,0.0909090909090908,-0.04,0.0434782608695651,0.263157894736842,0.3333333333333332,0.3333333333333332,0.4117647058823528,0.4117647058823528,0.4117647058823528,0.263157894736842,0.0434782608695651,1.6666666666666663,2.0,1.4
QVAJ-L,14.0,0.0294469136434457,7.487056635106865e-07,0.0812358326066445,0.0498964592824982,0.1430341520524368,1.1631435488268174,-138.0522,-0.006023300714598,0.0094622644561906,-0.0032399793325769,0.0148513102716623,1.0,0.1499910587345006,0.0514903756495441,9.008879159747232e-08,-0.0253282901996044,1.4796378275201772e-06,-0.0012646982615024,0.058233094664657,1.2067054478400589e-06,0.0157065303225315,5.0,2.607241790181212,-0.0048844640817888,-0.0133031793375928,-0.0969726576223338,0.0503864415983789,-0.0021949382272301,-0.0056911330707764,0.0545009685876901,0.4445394386943777,-0.0687880205896117,-0.1073517126148705,-0.2265653275425262,-0.2613204286208088,-0.2438075017692852,-0.1742658423493044,-0.1957094467444485,-0.1790242028428735,-0.1519841269841269,-0.1938890984534138,-0.2209259934378417,-0.2329504666188082,-0.2146269753766997,-0.2296322999279019,-0.2043931496649291,-0.1553359683794466,-0.1691290824261274,-0.1344673957067639,-0.2046892445106066,-0.1758580794446587,-0.1831039755351682,-0.1796545105566218,-0.1546677215189873,-0.1118038237738985,-0.0347786811201444,-0.160973694542599,-0.1843511450381678,-0.1616320125539426,-0.0998315080033697,-0.059419014084507,0.0383867832847426,-0.0170193192272307,0.04345703125,-0.032593933906745,-0.0074314909428704,-0.0519077196095828,-0.0581754076685764,-0.1009676062263356,-0.0273099681383703,-0.1013456686291001,-0.1684824902723735,-0.1393475634313329,-0.1187628865979381,-0.1606441476826394,-0.1362166531932093,-0.043847874720358,0.0056470588235295,0.009447331128956,0.0004681647940074
QVEK-L,11.0,0.1267593209826355,2.185744031623211e-07,0.0237156929521985,0.0720744287286249,0.5146929680414485,1.647453903856678,-4.432699999999983,0.8622295115978406,-0.0248544572320653,-0.0133354604990149,0.0221500256919788,1.0,0.3758542364005187,-0.005298707573254,1.7178811452891878e-07,0.0472090642750319,6.118686710805232e-08,0.1810402993314114,0.0773821226904597,4.3670615161125673e-07,0.2069593968710396,3.0,0.9936307651869644,0.211491847265275,0.0128747538770242,-0.1575741186990232,-0.1449958784829005,0.0975618184103648,0.3617585346106601,0.0105304543750944,0.5038091126720066,-0.248654970760234,-0.1309209188859523,-0.1054613935969868,-0.0748755680588617,-0.1866438356164383,-0.1898806139852189,-0.2815126050420168,-0.4754601226993865,-0.4402985074626865,-0.432421667551779,-0.3681643511676027,-0.468415816960955,-0.4215938303341902,-0.398311048557354,-0.4243974686953009,-0.4817553642865801,-0.5070341328413284,-0.4296958377801494,-0.4143033292231812,-0.4888198015066364,-0.5167307257517522,-0.5466595970307528,-0.5845481049562682,-0.5970782280867106,-0.54467994461604,-0.5770676691729324,-0.5413090128755365,-0.5508510191216642,-0.5651952807160292,-0.5843057176196033,-0.5900067133403664,-0.5195549561699259,-0.5330930537352556,-0.5388349514563107,-0.5544554455445545,-0.5032535440390425,-0.4650231510449255,-0.4402985074626865,-0.4468167701863353,-0.4220629985129106,-0.4317426558553768,-0.3955888590414251,-0.3446267055036026,-0.3739015817223199,-0.3095930232558139,-0.2745630408959782,-0.0824211204121057,-0.1857142857142857,-0.2372881355932202
QVGU-L,12.0,-0.0542533496501302,4.518976059462071e-07,0.049031655644028,0.118513603185136,0.2000700882474752,1.1850149228366922,0.2164999999999999,0.4609005063880997,0.011078319958917,0.0236540685744133,0.0018457293286784,1.0,5.566666666666666,0.1525483304042179,4.0517809133328724e-08,-0.0160299311390281,4.187681883919964e-12,0.096774193548387,0.0211804574978819,3.78855296964356e-07,-0.2209816368170482,5.0,0.0102003176394193,0.0468134171907755,0.2577344896332187,-0.2280034756481828,-0.0489156002310527,0.0240457373465612,0.0449346405228758,0.0478585933173342,0.2328660835485008,-0.088,-0.1438356164383561,-0.1582491582491583,-0.0909090909090909,-0.1438356164383561,-0.1496598639455781,-0.1830065359477124,-0.2038216560509554,0.0162601626016261,0.4124293785310735,0.4367816091954022,0.7361111111111112,0.7482517482517483,0.7605633802816902,0.5432098765432098,0.524390243902439,0.4534883720930232,0.2755102040816326,0.2626262626262625,0.4044943820224718,0.3440860215053762,0.1682242990654205,0.0964912280701755,0.1261261261261259,0.1415525114155251,-0.1721854304635761,-0.228395061728395,-0.0310077519379845,0.0593220338983051,0.0775862068965518,0.0548523206751054,0.0683760683760683,0.2019230769230768,0.2376237623762376,0.2195121951219514,0.1111111111111111,0.2019230769230768,0.2019230769230768,0.3020833333333335,0.25,0.2254901960784314,0.2254901960784314,0.1961722488038277,0.3020833333333335,0.3157894736842106,0.3812154696132597,0.6025641025641024,0.8939393939393938,1.0161290322580645
QVLD-L,6.0,0.1294515057826634,4.35171175977903e-07,0.0472168096621764,0.0664571399604602,-0.2672225907324931,0.1122951557986484,-0.0145,1.333538798482902,0.1865372989848292,-0.0015388824293823,0.4543815559440562,1.0,0.0309519680943298,0.1605839416058394,-5.3734973302093254e-08,0.002366036619794,1.2916975738950031e-14,0.2799999999999999,0.1568762166494904,1.6473251294705102e-07,0.0547118380062304,3.0,0.009245317444817,-0.0263568579850876,0.1364729458917832,-0.2525464246518296,-0.013334799217537,-0.0243523022966398,-0.0376838235294117,0.2635270541082163,1.6536866802719628,0.0,-0.0886075949367088,-0.1,-0.0769230769230769,0.125,0.0588235294117645,0.0588235294117645,0.125,0.125,0.125,0.125,0.5652173913043477,0.4399999999999999,0.5,0.5,0.4399999999999999,0.4399999999999999,0.4399999999999999,0.2413793103448276,0.2413793103448276,0.161290322580645,0.161290322580645,0.0909090909090908,0.2857142857142856,0.3584905660377357,0.5652173913043477,0.5,0.5999999999999999,0.5,0.3090909090909088,0.3846153846153846,0.3584905660377357,0.4399999999999999,0.4399999999999999,0.4399999999999999,0.2631578947368422,0.2631578947368422,0.5,0.5,0.4693877551020409,0.4399999999999999,0.5,0.180327868852459,0.125,0.125,0.125,0.1076923076923075,0.0909090909090908,0.0434782608695651
QVNL-L,9.0,-0.1798879807237057,8.905875791200597e-07,0.0966302607619066,0.1022117360137749,0.0526281639594874,2.322235930610455,-30.1528,-1.1176798260227507,-0.0167598085111077,-0.0030322729418625,-0.0366903486599015,1.0,0.0896545520875874,-0.1842614864365793,-2.3759333372694978e-08,-0.1340194132296102,2.6982864279847642e-08,-0.2346766000677277,-0.0766736981723081,2.486070325607278e-06,-0.1783097290729589,3.0,0.0801899450145893,-0.0314953566879369,0.0124514832890999,-0.114549546025174,-0.0183114351756054,-0.000331905332021,-0.0012584174716371,-0.2001348566529252,1.6536866802719628,-0.2030075187969925,0.0991735537190083,0.156521739130435,-0.0952380952380951,-0.125,-0.24,-0.261111111111111,-0.1939393939393938,-0.0633802816901407,-0.2443181818181817,-0.261111111111111,-0.2810810810810811,-0.3349999999999999,-0.3214285714285714,-0.1582278481012657,-0.1790123456790123,-0.1840490797546011,-0.0699300699300699,-0.1419354838709677,-0.1790123456790123,-0.2267441860465116,-0.2569832402234636,-0.2692307692307691,-0.3696682464454975,-0.2267441860465116,-0.2267441860465116,-0.0148148148148148,0.0390625,-0.1635220125786163,-0.1582278481012657,-0.1474358974358974,-0.1528662420382165,0.08130081300813,0.1176470588235294,0.1875,-0.0220588235294117,-0.0699300699300699,-0.0220588235294117,0.2912621359223302,-0.0220588235294117,-0.1987951807228914,-0.1363636363636363,-0.3666666666666667,-0.3696682464454975,-0.4743083003952568,-0.4115044247787609,-0.4435146443514645,-0.5283687943262411,-0.5817610062893082
QVOK-L,10.0,0.0136884558467962,4.077359958358487e-07,0.0442400461485914,0.1159869837886226,0.0522166520432145,1.125882564089441,242.1647,0.3942338454847682,0.0195858458891591,-0.002538396317935,-0.0108120168281577,1.0,0.1408469129716932,0.2194115322674042,8.634980330184776e-08,-0.0325416458423954,4.446991174204902e-06,0.0827763518101722,0.0231087511017307,3.315088520632998e-06,-0.007429642412332,5.0,2.728427309442771,0.1925488042077773,0.0266544847501003,0.0020305878050536,0.0441018707404254,0.0057506567177268,0.0550261778688043,0.1389327147965203,0.6456809537875748,-0.1263803680981595,0.0049321824907522,-0.1043956043956043,-0.1217672413793102,-0.0944444444444444,0.0342639593908629,-0.0728100113765641,-0.0964523281596451,-0.0728100113765641,-0.164102564102564,-0.2543458371454711,-0.177598385469223,-0.149269311064718,-0.1849999999999999,-0.1053787047200877,-0.0706955530216646,-0.0664375715922107,-0.0974529346622369,-0.0610599078341013,-0.05011655011655,0.0751978891820581,0.0584415584415585,0.1726618705035971,0.1609686609686611,0.2038404726735598,0.2936507936507937,0.4579606440071557,0.4527629233511585,0.5233644859813085,0.5036900369003692,0.6700819672131149,0.5319548872180451,0.7678958785249457,0.708595387840671,0.8191964285714284,0.7451820128479658,0.6943866943866945,0.8191964285714284,0.8909512761020884,0.591796875,0.4075993091537133,0.3360655737704918,0.3884156729131176,0.4027538726333908,0.4605734767025089,0.5262172284644195,0.6332665330661322,0.5642994241842612,0.6332665330661322
QVPA-L,12.0,-0.0595129486136793,4.825663261961902e-07,0.0523592637361125,0.0624713161981305,0.0487243862277608,0.4959787791233414,-39.712,2.7754686815715583,-0.1363379403754242,-0.0083898591606995,0.0139212973812323,1.0,1.3709211106103536,-0.1272812497713991,-2.3411130008032684e-08,-0.1322757132406302,3.9336266659005115e-09,0.5827586206896552,0.0148619581274185,1.1662203905068369e-07,0.3771197624041272,3.0,1.0843168953080042,-0.3106254783371957,-0.3253916719779026,1.094777054070777,-0.386178451293899,-0.0216306323981763,-0.0260789409300654,0.0947770540707771,1.6536866802719628,-0.0566326530612246,-0.0581451225372415,-0.0316205533596836,0.1694510739856802,-0.0392156862745096,-0.1131221719457014,-0.0866728797763279,-0.1540785498489426,-0.2125351546805945,-0.2586989409984871,-0.1403508771929824,-0.0849673202614379,-0.0815370196813495,-0.1967213114754097,-0.2055127685447912,-0.1551724137931033,-0.0513068731848982,-0.0316205533596836,-0.0406265296133137,-0.0382728164867516,0.0475681453768039,0.1277330264672038,0.3851590106007068,0.3136729222520109,0.3378839590443687,0.4497041420118344,0.4337966349670812,0.5469613259668509,0.3306177868295994,0.3980028530670472,0.4637789395070948,0.4202898550724638,0.2785388127853883,0.3057961359093939,0.3252197430696417,0.2818835840418576,0.3084112149532712,0.5506329113924051,0.757847533632287,0.6306156405990018,0.6867469879518076,0.4486326681448633,0.3084112149532712,0.2365930599369086,0.4306569343065696,0.6766467065868265,1.0480668756530824,0.8702290076335879,0.436950146627566
QVPN-L^I20,8.0,0.0752899664050871,5.000749135065027e-07,0.0542589751143463,0.1398725995138443,0.6293513948941184,1.7455789542160325,15.073899999999997,-0.4507847202396642,0.0185792412638056,0.0048535455180049,0.0615586391959555,1.0,0.0616820854161794,0.0040791159028028,1.0323729382640861e-07,-0.032882681357375,6.142141107812091e-09,-0.0946502057613168,-0.0125526824232824,2.3940326888981344e-07,0.2622897083097326,3.0,0.2926009592414972,-0.0359043487829311,0.1176991738682361,0.3522035944374956,0.222504337150926,0.0432281492775885,0.0641455158297748,0.032845079295848,0.4293773508332844,0.0053691275167784,0.0177595628415301,0.0233516483516482,0.010854816824966,0.0290055248618783,0.0567375886524823,0.0734870317002882,0.0955882352941177,0.1322188449848025,0.1677115987460815,0.1787974683544304,0.2542087542087541,0.2542087542087541,0.2334437086092715,0.4752475247524752,0.724537037037037,0.7612293144208035,0.7205542725173211,0.616052060737527,0.6195652173913044,0.5618448637316564,0.4929859719438878,0.4959839357429718,0.6056034482758623,0.6482300884955754,0.5173116089613035,0.6629464285714284,0.8860759493670887,1.1346704871060171,1.1976401179941,1.237237237237237,1.1911764705882355,1.116477272727273,1.0810055865921786,1.1469740634005765,1.1976401179941,1.2439759036144582,1.8764478764478767,1.8219696969696968,2.004032258064516,2.0658436213991767,2.028455284552846,1.516891891891892,2.225108225108225,2.1567796610169494,2.2675438596491237,1.551369863013699,1.6325088339222615,1.660714285714286
QVPT-L,4.0,0.0121776639228466,8.23280380677192e-07,0.0893273157296911,0.0665033527014898,0.1816673063159314,2.7420002942417434,0.5185000000000004,0.5127358196192349,-0.0145301428072232,-0.0032775151161257,0.0303319591709954,1.0,0.2277515853875105,0.4133174471146281,9.701489093456685e-08,-0.1492873400254193,2.757933866538312e-10,0.1076579321551899,0.0516962082540639,7.090138001312113e-07,-0.2394210683797303,4.0,0.0214698168068364,0.3897075617403828,-0.2027871275861344,0.034012947535321,0.1896098962422323,0.0224165429913776,0.0421520691783041,0.202173538599655,0.2663881113650127,-0.0551181102362204,0.0325203252032519,-0.3135135135135135,-0.3419689119170984,-0.3385416666666666,-0.3712871287128713,-0.427927927927928,-0.389423076923077,-0.4795081967213115,-0.5261194029850746,-0.5207547169811321,-0.4752066115702479,-0.5152671755725191,-0.4572649572649572,-0.492,-0.4752066115702479,-0.4708333333333333,-0.4730290456431535,-0.4147465437788018,-0.4380530973451326,-0.383495145631068,-0.3681592039800994,-0.3952380952380953,-0.0661764705882353,0.0672268907563025,0.0325203252032519,-0.0797101449275361,-0.3585858585858585,-0.1806451612903226,-0.2616279069767442,-0.4549356223175965,-0.5207547169811321,-0.5261194029850746,-0.5261194029850746,-0.5225563909774436,-0.5464285714285714,-0.5415162454873645,-0.5431654676258992,-0.5889967637540453,-0.592948717948718,-0.5876623376623377,-0.5836065573770491,-0.5709459459459459,-0.5296296296296297,-0.5207547169811321,-0.5680272108843537,-0.592948717948718,-0.6548913043478262,-0.6080246913580247
QVTL-L,19.0,0.6838324307104173,4.376106664133559e-07,0.0474814985062953,0.9426320007243468,3.6586078267591535,-0.185603575103133,-2.498000000000001,0.467498264148257,13.409772306969884,-0.011854321212397,0.0002466733710321,1.0,0.3015045988622468,1.1321986765688563,2.278773009436903e-07,-0.0050863250856128,1.6966844621178354e-13,0.098159509202454,0.0045271469530787,4.4501294383900296e-08,-0.4511372448180126,3.0,0.0863063253747401,0.0212132489765538,-0.0052381668772643,-0.7257391815743203,-0.6724549100641034,-0.0862550555318251,-0.1058801538313078,-0.7257391815743203,0.1245320475172567,0.0162932790224032,-0.0502901353965183,-0.2200158856235107,-0.1408573928258967,-0.1355633802816901,0.0061475409836067,-0.1317418213969938,-0.1137184115523465,-0.104831358249772,-0.1302037201062886,-0.199021207177814,-0.0548604427333975,-0.0665399239543725,-0.2904624277456646,-0.3123249299719888,-0.3513870541611624,-0.3264746227709191,-0.3997555012224938,-0.2945402298850574,-0.2899493853940709,-0.2655198204936424,-0.2588679245283019,-0.2965616045845273,-0.1837073981712385,-0.3103932584269663,-0.1917695473251028,-0.1512532411408815,-0.2206349206349206,-0.34314381270903,-0.2231012658227847,-0.2503816793893129,-0.2758112094395281,-0.3035460992907801,-0.2363919129082425,-0.2434514637904468,-0.3400537634408602,-0.3055162659123055,-0.34314381270903,-0.3413816230717639,-0.2093397745571658,-0.2930165586753059,-0.0761994355597366,-0.0391389432485322,0.0803080308030803,-0.0334645669291338,0.2108508014796548,0.1471962616822428,0.4856278366111952,0.4505169867060563
QWAD-L,22.0,0.0534549836325725,3.504356006493507e-07,0.0380228562186551,0.015075634125523,0.030554308021087,0.2471093349491839,43.1698,0.0810954330143181,-0.0285049530051565,0.0012681955956975,-0.0039556819461926,1.0,2.2223128464182977,0.0085205626585681,4.971433441558441e-08,0.1690900684640562,4.8718993795634825e-08,0.017027417027417,-5.392739204059021e-05,1.953445616883117e-06,0.0620913677002597,2.0,1.7319008591796174,0.1584781288532421,0.031060733957927,-0.031060733957927,-0.031060733957927,0.0080766203800973,0.055910910192874,-0.031060733957927,0.431912902741882,-0.004042037186742,0.0334168755221384,-0.0373540856031129,-0.0535577658760521,0.0089722675367047,-0.0056270096463022,0.0308333333333332,0.058169375534645,-0.0513803680981594,-0.0685240963855421,-0.0657099697885197,-0.1157969978556112,-0.0830244625648629,-0.1239376770538244,-0.0891016200294551,-0.0761762509335325,-0.0550038197097021,-0.0628787878787878,-0.0135566188197766,0.041245791245791,0.0016194331983805,-0.03359375,-0.0850591715976332,-0.0403413498836308,-0.0328381548084441,-0.139178844815588,-0.1538987688098495,-0.0469953775038521,-0.0236779794790844,-0.03359375,0.0299750208159865,0.0572649572649572,0.0572649572649572,0.0879507475813543,0.1124100719424461,0.1369485294117645,0.1296803652968037,0.2419678714859436,0.3821229050279329,0.3034773445732348,0.2033073929961089,0.2115572967678745,0.2545638945233266,0.086040386303775,0.0572649572649572,0.0976042590949421,0.0879507475813543,0.1736242884250474,0.1164259927797832
QWHL-L^C19,12.0,-0.0726197695573074,2.594794152230425e-06,0.2815395604340615,0.1026110094794611,0.0655801698057968,1.8040497798644963,-3.0,-0.3166780617190138,0.0215572337020415,0.0102906520031421,-0.0058651026392961,1.0,0.1395197923426346,-0.393485342019544,-2.619878091403437e-07,-0.0890427121843725,4.122669234041505e-09,-0.0664921465968586,0.0344147968465736,1.4453923172359812e-05,0.0246986761509583,1.0,0.0100876286394473,0.117242689458766,0.2308458459935848,-0.114213685883163,0.0478550776616152,0.0060487166911884,0.0397422126745435,0.0921355204660432,1.6536866802719628,-0.1052631578947368,0.7272727272727273,-0.5,-0.5476190476190477,-0.5476190476190477,-0.5365853658536586,-0.5365853658536586,-0.525,-0.4411764705882353,-0.5681818181818181,-0.4722222222222222,-0.40625,-0.4242424242424243,-0.4722222222222222,-0.5,-0.525,-0.5,-0.4722222222222222,-0.4722222222222222,-0.525,-0.5476190476190477,-0.62,-0.5777777777777777,-0.5681818181818181,-0.5681818181818181,-0.4722222222222222,-0.6122448979591837,-0.6041666666666666,-0.5128205128205128,-0.5128205128205128,-0.6346153846153846,-0.6779661016949152,-0.703125,-0.7205882352941176,-0.7432432432432432,-0.7934782608695652,-0.7912087912087912,-0.7865168539325843,-0.7466666666666666,-0.7790697674418605,-0.7978723404255319,-0.7432432432432432,-0.6607142857142858,-0.6545454545454545,-0.6724137931034482,-0.6779661016949152,-0.6779661016949152,-0.8288288288288288,-0.8155339805825242
QWUA-L,8.0,-0.022095811266482,9.929374008122218e-07,0.107735389769904,0.1176314835884745,0.088830367066602,1.4899577170005842,2.4706,-0.6686155765797683,-0.0071524442752169,-0.0002934105498001,-0.0282252885278983,1.0,0.1189324561859512,0.0152758441491784,1.496311260269909e-07,-0.0379922276449514,2.871337273811661e-09,-0.1403876375065479,-0.0060115344808122,3.4697867366505573e-06,-0.029592144501513,4.0,0.0358466572167482,0.1233065064034371,-0.1295665797574045,0.0138337948735154,0.0527479981686582,0.0121641375249997,0.0538185058808592,0.0423243569429195,0.8080335187929011,-0.0298769771528999,-0.0996835443037974,-0.2797468354430379,-0.2667525773195875,-0.268637532133676,-0.2676962676962676,-0.2975308641975308,-0.2341857335127859,-0.2382864792503346,-0.2562091503267973,-0.1894586894586893,-0.2162534435261707,-0.1469265367316341,-0.1620029455081001,-0.131297709923664,-0.1053459119496855,-0.0982567353407288,-0.0792880258899675,-0.0595041322314048,-0.0388513513513513,-0.1011058451816745,-0.0777957860615882,-0.0500834724540901,-0.0626029654036243,0.012455516014235,-0.1191950464396284,0.3050458715596329,0.6445086705202314,0.5674931129476586,0.8655737704918036,1.0035211267605637,1.3224489795918366,1.8308457711442792,2.8707482993197284,13.973684210526317,14.37837837837838,10.38,19.32142857142857,22.708333333333336,24.863636363636367,24.863636363636367,12.878048780487807,11.931818181818183,8.644067796610171,21.76,15.735294117647058,28.947368421052637,32.47058823529412,10.854166666666668
QXCR-L,13.0,0.407567661749332,1.5758633831676806e-07,0.0170983846182863,0.3296305813057142,1.2613751834707012,1.6376698480206693,0.1835000000000002,0.8204545428841394,-0.0193994618577881,0.0006511205330102,-0.0081771006457807,1.0,2.4990439770554493,0.2762124227506023,3.689603532815992e-08,0.2831606498848099,1.5085658957771087e-11,0.1722689075630253,0.0240736438610756,5.1386287108709753e-08,1.0567730802415878,4.0,0.0652131076094509,0.2666891208529339,-0.0163134281022461,0.3481198773697053,-0.0553616807137142,0.0414887252171401,0.0550175093018165,0.3481198773697053,0.1323644982456525,-0.0823529411764705,-0.0116279069767442,-0.1326530612244898,-0.15,-0.1145833333333333,0.1333333333333333,0.1805555555555555,-0.0340909090909091,0.0119047619047618,-0.0116279069767442,-0.1052631578947368,-0.1826923076923077,-0.0957446808510638,-0.1145833333333333,0.1971830985915492,0.2142857142857144,0.2142857142857144,0.2499999999999997,0.1486486486486486,0.2686567164179103,0.2499999999999997,0.3076923076923077,0.4406779661016948,0.4912280701754388,0.5178571428571426,0.6346153846153846,0.6666666666666665,0.6666666666666665,0.8085106382978724,1.125,0.8478260869565215,0.8478260869565215,0.9318181818181815,0.9318181818181815,0.7,0.6346153846153846,0.9318181818181815,1.0731707317073171,1.3611111111111112,1.4999999999999996,1.4285714285714288,1.4999999999999996,1.65625,1.8333333333333333,1.65625,1.4999999999999996,1.4285714285714288,1.8333333333333333,1.931034482758621
QXQF-L,10.0,0.1689029903522407,6.169503090821299e-07,0.0669401534913034,0.0135170520766577,0.1463566627313913,0.9761185921339102,-37.76519999999999,0.2891252171766157,-0.00426595000235,0.0079606384716864,0.0125202481580576,1.0,0.303251916273183,0.062664993749491,7.47246577333955e-08,0.0276793392232148,4.1908031523116577e-07,0.0607069407365955,0.1777360204134093,1.8057619975555e-06,0.2104716379051062,5.0,1.351626009881138,-0.1199547151251346,0.1170137505565111,-0.2526080705392848,-0.0064784277022589,0.0120559798749175,0.0492776371908007,0.0572733374381163,0.5938221082779401,-0.0997346306943829,-0.0152439024390244,-0.0629921259842519,-0.1399771776340813,-0.1246612466124661,-0.1760204081632653,-0.26875808538163,-0.2574712643678161,-0.3178458289334742,-0.3082453724950283,-0.3010819165378671,-0.2966246694664801,-0.2429265025950108,-0.2605069501226492,-0.3745504840940525,-0.3578528827037773,-0.3121387283236994,-0.2436862351563806,-0.2101310043668122,-0.137516688918558,-0.1347110600841944,-0.064929693961952,-0.0567375886524822,0.0080249665626392,0.0553092182030336,-0.0910552763819095,-0.1020651310563939,0.0474866805652072,0.0899011810074716,0.2261388286334056,0.1666666666666667,0.2165725047080977,0.1143420404139969,0.228470524314045,0.338661930136175,0.3307828134196586,0.3669891172914148,0.5174496644295301,0.5194892473118278,0.5789106145251397,0.5287356321839081,0.4677052904901007,0.4568298969072164,0.5297699594046008,0.6063943161634104,0.6330805344889852,0.7439259544928654,0.8525194592380172,0.9491379310344829
QXRQ-L,12.0,0.1351883912022109,4.287718042011029e-07,0.0465224669854959,0.1296356669127525,0.1833542283013845,1.2058514237387634,-26.873,0.6768671266112228,-0.0255423854645967,0.0237995673336753,0.0733166199398232,1.0,0.2394606155570551,0.142991882689142,6.557508997550227e-08,0.0408830508634067,7.778731568495672e-09,0.1421201960278565,0.0803145237227164,6.204309066962623e-07,0.1311537296518646,5.0,0.3538489380605882,-0.1207859786465611,-0.0231345215984988,-0.112127092525283,0.0239639830993527,0.0162342574602592,0.0406565388771745,0.0797797811714975,0.5415936337120817,-0.190739602540463,0.1495525200188412,-0.0212552636855823,-0.016918429003021,0.0290955091714104,-0.0461207738909517,-0.1598967297762478,-0.0912306832991993,-0.0833802816901407,-0.05826741269535,-0.1115762650163814,-0.0157289776164549,0.0303989867004434,-0.0835523845287269,-0.0153318539439176,0.0221989528795811,0.0587852494577005,0.2208604302151078,0.1503653075654019,0.1744465832531279,0.2919534145050291,0.3819365798414496,0.3850737797956867,0.4242777939889115,0.5755326016785023,0.3128025820333513,0.2156911581569116,0.2066749072929543,0.2319535588086825,0.3649328859060403,0.4135534317984362,0.3672268907563025,0.2492961351420528,0.3068273092369478,0.3850737797956867,0.2960701009028148,0.318120442884148,0.4479382972411747,0.4840377014290058,0.5339409176618479,0.5770597738287562,0.5027709359605914,0.367993273542601,0.3874360432063672,0.4005738880918221,0.4230320699708456,0.4706236818318772,0.5862853428664285,0.5791006146878033
QXSD-L,9.0,0.5396752801280584,1.3752145743399958e-06,0.1492131105773414,0.8023824023051672,-5.679569892473118,0.2272247965447764,0.0712999999999999,-0.1700942345003703,2.272152691151931,-0.0165343729840406,-0.0839848067808304,1.0,0.9919354838709676,0.6096434983329058,-6.056553670292779e-07,-0.0210696920583468,2.7138531739228545e-15,-0.0357142857142857,-0.0322433112279899,1.0013911097408828e-07,-0.0338266384778011,4.0,0.0012830830981445,0.0438013915243517,-0.3614948316989131,0.8528330586893138,-1.2482021379980566,-0.0798531552629913,-0.0841897338707524,0.6851311953352767,1.6536866802719628,0.0,0.0,-0.5,0.0,-0.5,-0.5,-0.5,-0.5,-0.5,-0.6666666666666666,-0.6666666666666666,-0.75,0.0,0.0,0.0,-0.5,-0.5,-0.5,-0.6666666666666666,-0.5,-0.5,-0.6666666666666666,-0.6666666666666666,-0.6666666666666666,-0.75,-0.75,-0.8,-0.8,-0.8333333333333333,-0.8333333333333333,-0.875,-0.875,-0.9,-0.9473684210526316,-0.9565217391304348,-0.9583333333333334,-0.9583333333333334,-0.9642857142857144,-0.9666666666666668,-0.9761904761904762,-0.9772727272727272,-0.9772727272727272,-0.9791666666666666,-0.9791666666666666,-0.98,-0.9772727272727272,-0.9772727272727272,-0.9782608695652174,-0.98
QXSY-L,8.0,0.2509714839731242,9.540534347680708e-07,0.1035164135946289,0.0459368268964225,0.2002976923082508,0.4937218890346712,0.721899999999998,0.2123135519245126,0.0646085290399451,-0.0012755380973806,0.1930948945165077,1.0,0.0979936674993382,-0.0292747827020626,1.1968161341592102e-07,-0.0313706216930638,7.140420837131515e-09,0.0445789763346174,0.1481211379733346,1.1354581562044352e-06,0.6530898708988316,4.0,0.3399581272641171,-0.1028948959798541,0.2159366938666247,-0.6448656057727571,0.136223102895079,0.0159661362417254,0.0280678338664071,-0.0764137189151275,0.0908754047629309,0.041714947856315,0.109254498714653,0.0924050632911392,0.0628078817733992,0.0615006150061501,0.0447941888619856,0.0310633213859021,0.0801001251564457,0.1709633649932158,0.1007653061224491,0.1936376210235131,0.1757493188010901,-0.0091848450057405,-0.0389755011135857,-0.0526893523600437,-0.0789754535752399,-0.0485115766262402,-0.0335946248600222,0.036014405762305,-0.0896624472573839,-0.1309164149043302,-0.240985048372911,-0.2369584438549955,-0.2024029574861366,-0.1387225548902194,-0.1796577946768059,-0.161321671525753,-0.1463897131552917,-0.2140255009107468,-0.2342502218278614,-0.0432372505543235,-0.1669884169884168,-0.2649063032367972,-0.299512987012987,-0.0848356309650052,-0.0740343347639485,0.0347721822541966,0.4217462932454696,0.5748175182481752,0.6040892193308551,0.6628131021194605,0.60707635009311,0.5355871886120998,0.5383244206773619,1.1151960784313726,1.1575000000000002,1.451704545454546,1.6072507552870094,1.2242268041237114
QXTE-L,8.0,-0.1477322612039769,8.108346659576254e-07,0.0879769346027633,0.1782095664002269,0.0052533205057279,0.796855990015215,-29.8257,-0.3419330252520264,-0.0840394804295832,-0.0016952864439648,0.0152642145020283,1.0,0.1023532740340706,-0.1577471408040097,4.721369722884407e-10,-0.0214065875294991,6.272760094487683e-09,-0.0717948717948718,-0.0936685909683276,9.503169396904624e-07,-0.1390218710320765,2.0,0.2355162039037087,-0.0553404952241335,0.0581740986202731,0.1113518334510017,-0.0581740986202731,0.0049598832668464,0.0111720044982794,-0.0581740986202731,61.79436176756336,0.0035335689045936,0.0179856115107914,0.0216606498194946,0.0107142857142858,0.029090909090909,0.029090909090909,0.0442804428044281,0.0679245283018867,0.1011673151750973,0.0760456273764258,0.1185770750988144,0.0599250936329589,0.0599250936329589,0.040441176470588,0.040441176470588,0.0179856115107914,0.0366300366300367,0.0143369175627239,0.0107142857142858,-0.030821917808219,-0.1044303797468354,-0.1183800623052959,-0.0929487179487179,-0.1183800623052959,-0.095846645367412,-0.1238390092879256,-0.0811688311688311,-0.0471380471380471,-0.0535117056856188,-0.0503355704697986,0.032846715328467,0.0520446096654274,0.0179856115107914,-0.0035211267605632,0.029090909090909,0.0559701492537312,0.0801526717557252,0.10546875,0.0842911877394636,0.0968992248062015,0.1185770750988144,0.1185770750988144,0.0884615384615383,0.0884615384615383,0.0599250936329589,0.1011673151750973,0.0801526717557252,0.1141732283464567,0.1274900398406375
QYRN-L^G20,7.0,0.2109026868675669,1.8230722981995303e-06,0.1978064321724394,0.0304820931788569,0.2848261540864479,1.1944870490391528,-0.1491,0.4233456503120327,0.0498211471524478,-0.0051511442960031,0.0251658816104694,1.0,0.4543850122183003,0.7273754450295268,1.1761118057350215e-06,0.0223576177333402,6.6061818636717776e-12,0.0888888888888889,-0.0432047963634968,4.566185686242777e-06,0.0817626489840301,4.0,0.0012495764255165,-0.0513602367707587,0.0108782189105412,0.7984825237079616,-1.2849543173452742,0.0663565969609809,0.2325578461305543,-0.005405895565073,0.0461255582307262,0.0,0.0,0.0,0.0,0.0,0.0,0.0,0.0,0.0,-0.5,-0.5,-0.5,0.0,-0.5,0.0,0.0,0.0,0.0,0.0,0.0,0.0,0.0,0.0,0.0,-0.5,-0.5,-0.5,0.0,0.0,0.0,-0.6666666666666666,0.0,0.0,0.0,-0.5,-0.5,-0.75,-0.5,0.0,0.0,0.0,0.0,0.0,0.0,0.0,0.0,0.0,0.0,0.0
QYSD-L,8.0,0.0455111955597643,1.5205490660831342e-06,0.1649821490908972,0.0572721891115028,0.0058122767602837,0.2436200968983705,2.4275,0.274767609577521,0.9869817439490132,-0.0001286592990031,1.1755230560207577,1.0,0.0358689565679215,-0.0340504254306227,-1.5042028618466628e-07,0.0210484395165234,7.982302469562116e-12,0.0576923076923076,0.091688033703319,3.6565134415311058e-06,0.082591831851985,3.0,0.0167698821385201,0.0639585190386307,0.299361969937308,1.4491429743444169,1.0115611507762523,-0.0029964938827178,-0.0102225862282802,1.0751352102792917,1.6536866802719628,0.0,0.0,-0.0217391304347825,-0.0217391304347825,-0.0217391304347825,-0.0217391304347825,0.0,0.25,0.2162162162162162,0.1538461538461537,-0.0425531914893616,-0.0217391304347825,-0.25,-0.2741935483870967,-0.296875,-0.3283582089552239,-0.3076923076923077,-0.2741935483870967,-0.2741935483870967,-0.2622950819672131,-0.2857142857142857,-0.3835616438356164,-0.375,-0.1346153846153845,-0.1346153846153845,-0.1818181818181818,0.3235294117647058,0.4516129032258065,0.4516129032258065,0.4516129032258065,0.5517241379310347,0.5517241379310347,0.5517241379310347,-0.3382352941176471,-0.3181818181818182,-0.2857142857142857,-0.2857142857142857,-0.2857142857142857,-0.3076923076923077,-0.3076923076923077,-0.296875,-0.3283582089552239,-0.3382352941176471,-0.4155844155844156,-0.4078947368421053,-0.5588235294117647,-0.5714285714285714,-0.5673076923076923,-0.5909090909090909
QYXA-L,8.0,0.5173422129069336,5.289315363755331e-07,0.0573899675713683,0.1625728258084639,0.9753316078938856,-0.4711863326674682,-0.8938,2.179512564106439,0.1227361903707045,-0.0286163415706027,5.929534759808796,1.0,0.0123752002958215,0.4321101276729068,8.358326062613025e-08,0.4888841141199614,5.6290412988855725e-14,0.4576271186440678,0.2259220445556269,1.203014586185905e-07,1.055102545095132,2.0,0.0038874795692095,-0.9570148435794134,-0.0252714615138492,0.0350717251479786,-0.529233397819886,-0.0417346089375919,-0.0512267834898596,-0.3687744286981751,0.5164104204466136,0.0,0.0,0.0,0.0,0.0,0.0,0.0,-0.5,-0.5,-0.5,-0.5,-0.5,-0.5,-0.5,-0.5,-0.5,-0.5,-0.5,-0.5,-0.5,0.0,0.0,0.0,0.0,0.0,0.0,0.0,0.0,0.0,0.0,0.0,0.0,0.0,0.0,0.0,0.0,0.0,0.0,0.0,0.0,0.0,0.0,0.0,0.0,0.0,0.0,0.0,0.0,0.0
QYZH-L^I19,3.0,-0.1073371782247855,-5.867332748662844e-08,-0.0063661554098963,0.1388809222904723,-0.3876680573301294,0.3168567705985502,-1.0013999999999994,2.4074876267744703,0.2036292068023674,0.0002278801519201,-0.0171006581311321,1.0,0.3229359925788497,-1.1494033953445275,-4.6810496024492514e-07,-0.1197760822419118,1.3694969318956349e-12,0.5054945054945055,0.0108735405823603,1.3415337734296234e-06,0.2845031492313707,4.0,0.013907813626318,0.4462587993004946,0.1052061146581348,-0.6007737116061023,-0.2619816363914564,-0.1027499809271927,2.246559633027523,0.144779185512383,1.6536866802719628,0.3846153846153846,-0.0714285714285715,-0.2352941176470588,-0.3157894736842105,-0.2777777777777777,-0.1875,-0.2777777777777777,-0.2352941176470588,-0.2777777777777777,-0.2777777777777777,-0.35,-0.35,-0.409090909090909,-0.3157894736842105,-0.409090909090909,-0.409090909090909,-0.409090909090909,-0.4583333333333332,-0.5,-0.4583333333333332,-0.35,-0.3157894736842105,-0.2352941176470588,-0.35,-0.0714285714285715,-0.1875,-0.2777777777777777,-0.3157894736842105,-0.1333333333333333,-0.1875,-0.2777777777777777,-0.35,3.333333333333334,3.333333333333334,3.333333333333334,3.333333333333334,5.5,5.5,5.5,3.333333333333334,5.5,5.5,5.5,5.5,5.5,5.5,5.5,3.333333333333334,2.25
QZAO-L,10.0,0.1066743872619155,2.0952228161123245e-07,0.0227335224319287,0.3057297682073205,0.4100530128723338,1.8502284044894444,2.7460000000000004,-0.033266392777721,0.0186828372187556,0.0042177118085831,-0.0057384354688821,1.0,0.651790499883701,0.1460482816993356,8.270629770538592e-08,-0.0536492186143325,3.6776728509629935e-10,-0.0069848661233993,0.0108929968141322,2.466889863501498e-07,0.0752961910302337,4.0,0.1215524159133402,0.1450260328492788,0.0786367443491078,0.1967475941753161,0.1152128630868457,0.0528965404062111,0.1190573628721422,0.1195276602260045,0.4491471277654724,-0.0118938700823421,0.1517386722866174,-0.1099348534201953,-0.1346001583531275,-0.1781954887218045,-0.165648854961832,-0.1763376036171816,-0.0822837951301427,-0.1185483870967742,-0.2237215909090909,-0.2021897810218977,-0.206821480406386,-0.1185483870967742,-0.1332275971451229,-0.1694528875379939,-0.0936981757877281,-0.0861204013377927,-0.1339144215530903,-0.1248999199359488,-0.1454261141516809,-0.1192586623690572,-0.050390964378801,-0.0018264840182647,0.0779092702169623,0.1893362350380849,0.1153061224489795,0.0399619410085632,0.0951903807615228,0.2104097452934663,0.2665121668597912,0.2350282485875705,0.4048843187660667,0.3628428927680798,0.459279038718291,0.5159500693481276,0.2950236966824644,0.3394607843137254,0.4534574468085106,0.4231770833333332,0.449602122015915,0.5308123249299721,0.4048843187660667,0.2491428571428571,0.1919302071973827,0.2185061315496097,0.2709302325581395,0.2738927738927739,0.4306282722513088,0.3232445520581113
QZAX-L,8.0,-0.0790535646048122,2.113557976546951e-06,0.2293246202815131,0.1883582558893941,-0.3090816428167389,0.4159707971130195,-225.9935,-0.6527940891635831,-1.5408427936417644,-5.348928316847654e-05,0.2017245565149326,1.0,0.2377165501190704,-0.1220647247254448,-4.502064930766532e-07,-0.2646424365745924,6.305977847671197e-10,-0.1370656370656371,0.1156270064501139,7.881789089638343e-07,0.0602330384677038,3.0,0.1389622636695543,0.1568456408780252,0.0979529977654758,1.6467618759977565,0.433602658876472,-0.0960113240908642,-0.1318154546595649,0.6467618759977564,1.6536866802719628,-0.1407766990291262,-0.0462962962962962,-0.1825396825396825,-0.1626016260162601,-0.2426470588235294,-0.1889763779527559,-0.2847222222222222,-0.041860465116279,0.2261904761904762,0.5488721804511278,0.5968992248062015,0.9074074074074074,1.0808080808080809,0.6885245901639345,0.7166666666666668,0.3037974683544304,0.8899082568807339,1.3146067415730336,0.9433962264150944,1.641025641025641,2.121212121212121,1.5121951219512195,2.0294117647058822,1.5121951219512195,1.6075949367088609,1.6075949367088609,1.1020408163265305,1.0396039603960396,1.21505376344086,0.4714285714285715,0.6612903225806452,0.5606060606060606,1.3409090909090908,1.6753246753246755,0.9807692307692308,0.211764705882353,-0.1693548387096773,-0.2342007434944237,-0.2669039145907473,-0.4114285714285713,-0.507177033492823,-0.5888223552894212,-0.5992217898832685,-0.6655844155844155,-0.5521739130434782,-0.6398601398601398,-0.677115987460815,-0.7057142857142857,-0.677115987460815
QZCN-L,11.0,-0.0868620665668101,-5.7060937815189e-07,-0.061912083995698,0.0740198159562931,-0.0190069546450469,2.938602390115786,-295.2658,0.0957971775573148,-0.0436793672746707,0.0379563162327115,-0.0292607897498552,1.0,0.185405971370947,-1.515393351089466,-1.0269468606311488e-06,-0.147780707777105,3.48256578148129e-07,0.0201143076951068,0.0197058546927861,1.1812955663420284e-05,0.0542595834572664,3.0,0.0735022479318169,0.0737749022457684,-0.0410933910184785,-0.0888663481839297,-0.0726360298220636,-0.0916679581814807,-1.6235315794837035,-0.1443047893715861,1.6536866802719628,-0.3,-0.0163934426229508,-0.6590909090909092,-0.6774193548387097,-0.6385542168674698,-0.7356828193832599,-0.7647058823529411,-0.8245614035087719,-0.8032786885245902,-0.8270893371757926,-0.8408488063660478,-0.84375,-0.8328690807799443,-0.8387096774193549,-0.8607888631090488,-0.8765432098765432,-0.8823529411764706,-0.8755186721991701,-0.8739495798319328,-0.8701298701298701,-0.8701298701298701,-0.8678414096916299,-0.8614318706697459,-0.8484848484848485,-0.8328690807799443,-0.8639455782312926,-0.8760330578512396,-0.8698481561822126,-0.8712446351931331,-0.8645598194130926,-0.8547215496368039,-0.8421052631578947,-0.8324022346368716,-0.8387096774193549,-0.8433420365535248,-0.8507462686567164,-0.8571428571428572,-0.8568019093078759,-0.8507462686567164,-0.8429319371727748,-0.85,-0.8773006134969326,-0.8841698841698842,-0.8867924528301887,-0.8861480075901328,-0.8787878787878788,-0.8581560283687943,-0.8642533936651584,-0.8639455782312926
QZCW-L,11.0,0.5515220576265669,6.493389594181242e-07,0.0704543769108414,0.8109065155807365,-0.0651437315553612,-0.8110016600121568,1.6855000000000002,-2.726438019672601,-0.0408464023406145,0.0031385476878612,-0.7367187102836537,1.0,2.6984536082474224,1.7601778994184056,-3.3058499948065754e-08,-0.0848538981753221,8.089184033610935e-13,-0.5724637681159421,-0.1058114927559824,1.1774701259651905e-07,-0.5298087739032621,2.0,0.0139732276848378,-0.5335422058674687,0.0372917066812779,0.3661346541918914,-0.418675472390387,-0.0248092507464101,-0.0560192616372391,-0.6338653458081086,1.6536866802719628,0.0,0.0793650793650795,0.0625,-0.0285714285714284,-0.1052631578947368,-0.1392405063291139,0.0303030303030302,0.3600000000000001,0.5454545454545456,0.8888888888888891,0.5813953488372094,0.5111111111111111,0.6190476190476193,0.6585365853658538,0.9428571428571432,0.7894736842105263,0.6190476190476193,0.6190476190476193,0.5111111111111111,0.4782608695652175,0.4782608695652175,0.4166666666666667,0.4166666666666667,0.6190476190476193,0.6190476190476193,0.7,0.7,0.9428571428571432,1.4285714285714284,1.5185185185185186,1.4285714285714284,1.266666666666667,0.7,0.7,0.5813953488372094,0.5813953488372094,0.5454545454545456,-0.2608695652173912,-0.2989690721649484,-0.3267326732673267,-0.3928571428571429,-0.3818181818181818,-0.3061224489795917,-0.3523809523809523,-0.2916666666666666,-0.2916666666666666,-0.3584905660377359,-0.4516129032258064,-0.5142857142857142
QZDJ-L^D23,11.0,-0.1739411084951163,5.20256967018833e-07,0.0564487621036665,0.0711094223360441,-0.0094421873805075,0.445397204083099,-6.660799999999998,0.2448803193402524,-0.0095261816271549,-0.0036856732466227,-0.2171215760633429,1.0,0.1055946801598164,-0.3185067960270245,-1.3302934117058617e-07,-0.1573357617211915,5.903289573759804e-10,0.0514169437689216,-0.0448111413206693,2.338984652938587e-06,-0.1345001617674808,3.0,0.0983005968577274,0.1462152197491591,0.0079634928809979,0.0999500368854218,0.1376131768931456,-0.0220591697569371,-0.1225878954005763,0.1034926402113521,1.6536866802719628,-0.0757575757575756,0.0366492146596859,-0.1574468085106383,-0.0198019801980198,-0.0149253731343282,-0.01,-0.1502145922746781,-0.217391304347826,-0.28,-0.314878892733564,-0.2877697841726618,-0.2978723404255319,-0.314878892733564,-0.2903225806451612,-0.3888888888888889,-0.3869969040247678,-0.2693726937269373,-0.2693726937269373,-0.2903225806451612,-0.28,-0.3486842105263158,-0.5025125628140703,-0.45,-0.3907692307692307,-0.1951219512195121,-0.1983805668016195,-0.12,0.1445086705202312,0.0476190476190476,-0.0616113744075829,-0.12,-0.1238938053097344,-0.1081081081081082,-0.0480769230769231,-0.0480769230769231,-0.1,-0.2442748091603054,-0.2413793103448275,-0.3172413793103448,-0.415929203539823,-0.3869969040247678,-0.4054054054054054,-0.4830287206266318,-0.5580357142857144,-0.4018126888217522,-0.1818181818181817,-0.0660377358490567,0.2531645569620253,-0.3773584905660377
QZEZ-L,7.0,-0.0837673029426968,1.4095005762708458e-06,0.1529331998585492,0.4404630261393313,0.0525005869922517,0.4040879391818762,0.205,2.600651322229344,0.1207220175024141,-0.001691757716127,0.1711521796945619,1.0,0.1689837905236907,-0.1153722560831064,-3.611715127729415e-08,0.0452107796486547,1.720452843345395e-13,0.5460526315789473,0.0195142731328138,1.972048499326112e-07,0.2304268133019114,2.0,0.0033496557286742,0.1338187213264547,0.0761193111653514,0.3345873659976784,0.1580134489506396,0.0049494340299757,0.0055516109735166,0.2085981406586481,1.6536866802719628,-0.1739130434782608,-0.1785714285714286,-0.2333333333333332,-0.2068965517241378,-0.2580645161290322,-0.3428571428571427,-0.361111111111111,-0.2580645161290322,-0.0416666666666666,-0.0416666666666666,-0.1481481481481481,-0.0416666666666666,0.0454545454545454,0.0454545454545454,0.1499999999999999,0.1499999999999999,0.1499999999999999,-0.0416666666666666,-0.0799999999999999,-0.1785714285714286,-0.0416666666666666,0.1499999999999999,0.1499999999999999,0.2105263157894736,0.2777777777777779,0.3529411764705881,0.4375,0.4375,0.6428571428571428,0.7692307692307692,0.9166666666666669,0.9166666666666669,0.7692307692307692,0.7692307692307692,0.9166666666666669,0.9166666666666669,0.7692307692307692,0.9166666666666669,0.7692307692307692,0.7692307692307692,0.9166666666666669,0.4375,0.2105263157894736,0.3529411764705881,0.4375,0.3529411764705881,0.4375,0.0,-0.1153846153846154
QZGH-L^E19,11.0,-0.0863550226369378,2.1440176180889587e-06,0.2326295429796565,0.1883842100230612,-0.8811333995822123,0.3767570525243491,-149.338,2.0840781954729746,-1.5760830939982389,0.0051161941755422,1.9722048082819976,1.0,0.099097486938665,-0.4947528448972164,-2.4090648307083098e-06,0.054353934381353,4.448363271607743e-10,0.4375889890840057,0.186448345871276,3.1470030854066933e-06,1.0323926015576068,2.0,0.0715776464881355,0.1666629828754229,0.1065774239066305,0.8039804353182569,0.6571160472030717,-0.1211153706680867,-0.2988893075007515,0.6792945548018196,1.6536866802719628,0.0588235294117645,-0.1904761904761903,-0.1052631578947368,-0.15,-0.2093023255813952,-0.3199999999999999,-0.3928571428571429,-0.442622950819672,-0.3584905660377359,-0.3584905660377359,-0.423728813559322,-0.5,-0.4516129032258064,-0.4925373134328358,-0.5342465753424657,-0.5526315789473684,-0.5277777777777777,-0.5952380952380951,-0.5952380952380951,-0.6046511627906976,-0.6046511627906976,-0.6304347826086956,-0.6421052631578947,-0.6458333333333333,-0.6046511627906976,-0.5277777777777777,-0.5696202531645569,-0.5584415584415584,-0.5,-0.575,-0.5211267605633803,-0.5466666666666666,-0.5641025641025641,-0.5696202531645569,-0.6222222222222222,-0.6530612244897959,-0.6599999999999999,-0.6599999999999999,-0.6421052631578947,-0.6530612244897959,-0.7068965517241379,-0.6964285714285714,-0.7424242424242424,-0.7638888888888888,-0.7481481481481482,-0.7553956834532374,-0.7571428571428571,-0.7605633802816901,-0.7553956834532374
QZGK-L,11.0,-0.0489392167271911,3.827072293207424e-07,0.0415243825893789,0.0667753384689284,0.1208075455113722,0.2931040352503082,-5.9105,0.8024324371823527,-0.1079142106107966,-0.0050996811776745,1.305320188842672,1.0,0.0668541089669555,-0.006537182421657,7.554868469828792e-09,0.1530933361373583,7.880115509206523e-11,0.1684848484848485,0.2312467349532901,3.783171467018501e-07,-0.0883029487336351,5.0,0.1661267595119237,0.1050564005448075,0.0117621472903863,0.5580488222519853,0.3973152988671038,-0.0043948499786166,-0.0084035964379941,0.2374455040016082,0.3285887288085194,-0.0608228980322003,-0.0729684908789387,-0.0954692556634304,-0.0940032414910859,-0.0954692556634304,-0.2576361221779548,-0.2878980891719744,-0.2924050632911392,-0.2384196185286103,-0.1898550724637682,-0.2546666666666667,-0.3604118993135011,-0.2814910025706941,-0.3149509803921568,-0.2404891304347827,-0.2192737430167598,-0.0866013071895425,0.0627376425855512,0.0627376425855512,0.0126811594202898,-0.0411663807890223,-0.0805921052631579,-0.0123674911660778,0.0351851851851849,0.0647619047619048,0.0507518796992481,-0.0821018062397372,0.0627376425855512,0.2533632286995515,0.3502415458937198,0.3152941176470587,0.3768472906403941,0.360097323600973,0.6441176470588235,0.3768472906403941,0.6939393939393941,0.6837349397590362,0.7859424920127795,0.6686567164179105,0.6636904761904763,0.6587537091988129,0.5971428571428572,0.6063218390804597,0.5880681818181819,0.625,0.7147239263803682,0.625,0.4151898734177215,0.57909604519774
QZJK-L,11.0,0.1729659903626025,1.0036169510754183e-06,0.1088941390618851,0.0880585832336739,0.1254078480815916,1.1689252015803553,-9.0537,1.0176285281331492,-0.5047847560402912,0.0472462182119453,0.128089582955823,1.0,0.228567895774333,0.2878208233793861,-9.127301693318085e-08,-0.0963317490454772,1.9583650729232643e-11,0.2136690647482012,0.3169346159107395,9.68632288370643e-07,0.0737449007081282,3.0,0.0129571795931432,0.3782830405208748,0.046048112048994,0.4239404732115658,0.0151354726009267,-0.0939695345951047,-0.1846632216087019,0.4775760530362533,1.6536866802719628,-0.142857142857143,-0.1249999999999998,-0.2222222222222221,-0.2222222222222221,-0.1249999999999998,-0.1249999999999998,-0.3913043478260869,-0.4615384615384614,-0.2222222222222221,-0.1249999999999998,-0.2222222222222221,0.0,-0.0666666666666665,-0.263157894736842,0.0,0.2727272727272729,0.2727272727272729,0.1666666666666667,0.0769230769230771,0.0,-0.0666666666666665,-0.1249999999999998,0.4000000000000001,6.000000000000001,6.000000000000001,6.000000000000001,6.000000000000001,6.000000000000001,6.000000000000001,6.000000000000001,3.666666666666667,3.666666666666667,3.666666666666667,3.666666666666667,3.666666666666667,2.5000000000000004,1.8000000000000005,0.7500000000000002,1.3333333333333337,2.5000000000000004,1.3333333333333337,0.0769230769230771,-0.1249999999999998,-0.1249999999999998,-0.263157894736842,-0.263157894736842,-0.263157894736842,-0.4615384615384614,-0.611111111111111
RJX-L,30.0,0.0492369668596635,5.871378020910667e-07,0.0637054459880178,0.133711129334407,0.1838909219758916,1.625769943283104,16.469099999999997,-0.2093190685494683,0.0114595733621248,0.0076567791726597,0.0021561632964348,1.0,0.1380633055530461,0.1691194065093491,1.275435001340011e-07,-0.0263046991442145,4.651923916612807e-07,-0.0439502317146887,0.0195678183652273,9.055151077728532e-07,-0.0161328184343894,4.0,1.417809228275585,-0.0315290581351395,-0.0291558733158428,0.0573156375810573,0.062196553466089,0.0252499040742913,0.0672240248188845,0.0748827720447268,0.5908779529192303,-0.0370668815471394,-0.0032128514056224,-0.1626180836707152,-0.1676727028839705,-0.1967637540453074,-0.1033236994219652,-0.162052667116813,-0.1586440677966101,-0.1453168044077134,-0.1726666666666666,-0.265680473372781,-0.2469660194174757,-0.2515078407720144,-0.3000564015792442,-0.2348951911220714,-0.1941558441558442,-0.1835526315789473,-0.2110616656071201,-0.2229179711959925,-0.2652457075192421,-0.2263092269326683,-0.2185138539042821,-0.2358374384236452,-0.164872139973082,-0.1464924346629985,-0.1071942446043165,-0.0780089153046063,-0.0205209155485398,0.0384937238493725,0.0247729149463253,0.0089430894308941,-0.0205209155485398,0.0122349102773247,0.0499153976311337,0.181904761904762,0.1281818181818181,0.067986230636833,0.0828970331588132,0.0064882400648824,0.0064882400648824,-0.0212933753943217,-0.1580732700135685,-0.2272727272727271,-0.2277535780958307,-0.2847262247838616,-0.2372464658881377,-0.2065217391304348,-0.0834564254062038,-0.0591357088703562
RKG-L,20.0,-0.0247451886003994,3.221879995948524e-06,0.3495794366003687,0.0607517548691849,0.3351098193981996,0.001497092287771,-11.5665,-1.7257875702678007,2.9173798891531715,-0.006611417641549,0.0495664890089165,1.0,0.0928050831620257,0.008640393989047,1.837582060831861e-07,0.0073182356660845,1.6880824043985897e-13,-0.3623595505617977,-0.0120131101240062,5.016025248696656e-07,-0.1957347473545077,3.0,0.058320178244943,-0.7426288506070741,-0.9603549359590832,-0.1804078026662547,-0.4624215457952431,-0.009190298866536,-0.0112663078939552,-0.4217322914552466,-0.7825178698459335,0.0078125,0.0158730158730158,0.024,0.0078740157480314,0.024,0.024,0.0406504065040651,0.0666666666666666,0.1034482758620691,0.0756302521008405,0.1130434782608695,0.0578512396694215,0.0578512396694215,0.0406504065040651,0.2549019607843137,0.2307692307692308,0.2549019607843137,0.2190476190476189,0.2190476190476189,0.2190476190476189,0.1743119266055044,0.1636363636363635,0.1962616822429905,0.1636363636363635,0.523809523809524,0.4712643678160919,0.5421686746987953,0.5999999999999999,0.5999999999999999,0.5999999999999999,0.7297297297297298,0.0,-0.0303030303030302,-0.0518518518518519,-0.0229007633587786,0.0078740157480314,0.024,0.0491803278688525,0.032258064516129,0.0406504065040651,0.2427184466019416,0.2427184466019416,-0.4101382488479262,-0.4101382488479262,-0.4260089686098655,-0.4046511627906977,-0.415525114155251,-0.3962264150943396,-0.3904761904761905
RPSC-L,8.0,0.5207873959741092,3.966796720057261e-07,0.0430404162864408,0.0256071466155303,0.1971621659515997,0.491384519439985,-0.1099,1.2267402366996396,0.0053053184262897,0.0029966100694948,0.0547475075584709,1.0,1.8204512722035524,0.8037974683544303,2.8353645760268053e-08,0.3239159418449622,8.68187745013223e-12,0.2575757575757575,0.0220854968347677,3.519738773475943e-07,0.2922800025711897,5.0,0.0321176938744786,-0.3250120019203073,-0.1504379817945869,0.1906183990093962,-0.1785281039399235,0.0130939232809955,0.0289361212657126,0.1906183990093962,0.4901325140664044,-0.1578947368421053,-0.05,-0.1363636363636363,-0.0952380952380952,-0.0952380952380952,-0.05,0.0555555555555555,0.0555555555555555,0.0,-0.0952380952380952,-0.0952380952380952,0.0,0.0,0.0555555555555555,-0.05,-0.2083333333333332,0.0,0.1176470588235294,0.0555555555555555,0.1176470588235294,0.1875,0.1875,0.4615384615384614,0.357142857142857,0.357142857142857,0.4615384615384614,0.357142857142857,0.357142857142857,0.4615384615384614,0.5833333333333335,0.357142857142857,0.4615384615384614,0.357142857142857,0.357142857142857,0.357142857142857,0.357142857142857,0.357142857142857,0.5833333333333335,0.5833333333333335,0.5833333333333335,0.7272727272727273,0.7272727272727273,0.7272727272727273,0.8999999999999999,0.8999999999999999,0.8999999999999999,0.7272727272727273,0.8999999999999999,0.8999999999999999
RSXX-L^G22,18.0,0.0465654814677588,1.8721029379471656e-07,0.020312633963041,0.0522661557526168,0.2995602340801274,0.7603220038779978,-0.2795,0.7872129861174159,0.0119446116619414,-0.0005011275369581,0.0411604973560097,1.0,9.049555273189323,0.0875718994377303,5.670005134540084e-09,-0.0510018686029442,1.0598054633901704e-11,0.1652892561983471,0.0066030620211456,1.0607989985523457e-07,-0.0187294182217343,5.0,0.0758169568613796,0.003975399480376,0.0255006481779418,1.3322514015933904,-0.0203924332450261,-0.0035213048425843,-0.0055165993185959,0.3322514015933904,-0.1406012219982702,-0.1458333333333332,-0.027027027027027,-0.0886075949367088,-0.0526315789473684,0.0746268656716417,0.1519999999999999,0.125,0.2521739130434783,0.2521739130434783,0.3090909090909088,0.161290322580645,0.4257425742574257,0.4399999999999999,0.6744186046511627,0.7560975609756098,0.5824175824175823,0.7560975609756098,0.6744186046511627,0.5999999999999999,0.6363636363636362,0.7142857142857142,0.7999999999999998,1.117647058823529,1.0869565217391304,1.5263157894736843,1.7169811320754715,1.6181818181818175,1.6181818181818175,1.6666666666666663,1.7692307692307692,1.6181818181818175,1.7169811320754715,1.9387755102040816,2.0,2.0,1.6666666666666663,1.7692307692307692,2.130434782608696,2.0638297872340425,2.130434782608696,2.0638297872340425,2.3488372093023253,2.6,3.0,3.0,2.789473684210526,2.692307692307692,2.789473684210526,3.0
RTRU-L^D20,10.0,0.3986433474419995,1.7957506887514062e-07,0.0194841991271505,0.1268415159948074,0.1659590690394708,0.9994598310890336,15.5398,1.7682149229388762,0.003793826624123,0.0005698367925558,0.1827956787907691,1.0,0.12093391258917,0.2700403045786615,3.4247969207992246e-08,0.2022736354465796,2.1165396836651485e-08,0.3712679218528437,0.1541860333227704,3.464907200869091e-07,0.4882007221922689,3.0,1.601627147671712,0.0357627896835503,0.0433265974209347,-0.0857546852329945,-0.0409362223980189,0.017467166817551,0.0518799287153044,0.3619863530075267,0.0328671695139766,-0.184257602862254,-0.0328719723183391,-0.0283893395133256,-0.1517450682852807,-0.1215295966474594,-0.0278260869565217,-0.0169988276670574,-0.0683333333333333,-0.0135294117647059,-0.0094506792675723,0.0244349419670126,0.1625649913344886,0.1776685393258426,0.1585492227979275,0.21875,0.215657847046031,0.4906666666666666,0.5948644793152638,0.4939866369710468,0.6879718168092601,0.9231651376146788,0.8832116788321169,1.0119976004799036,1.1722797927461142,1.4936802973977694,1.284741144414169,1.4392727272727273,1.4679911699779251,2.0435571687840293,1.576036866359447,1.924149956408021,2.2034383954154726,2.1522556390977443,2.781285231116122,2.6496191512513603,2.9928571428571424,2.7685393258426965,3.384313725490196,2.9458823529411764,3.4719999999999995,2.8244013683010265,3.1925,3.3900523560209423,3.3728813559322037,4.25705329153605,4.723549488054607,5.602362204724409,6.291304347826087,6.1059322033898304
RTZT-L,11.0,0.0890939882190855,2.702898634977646e-07,0.0293269079913455,0.1539960711766279,0.0972993980463203,2.964207142845521,1.443200000000001,0.5574552894649337,0.0045202956585851,0.0031128458420883,0.0354054952254785,1.0,0.2699713100665362,0.1816783952097389,3.817287861915245e-08,0.0017095660036721,1.3037890265332944e-08,0.1170475738896791,0.0851124561540748,8.511926664089608e-07,0.0606002913662426,4.0,0.1676301096946655,-0.2248504462678076,0.1625403240748785,-0.6794949963242868,0.0737294232801844,0.0129197728652488,0.0543568604968468,0.0737294232801844,0.8214883818618446,-0.1506574727389351,-0.0064526408029953,-0.0930114173514653,-0.0902990517870167,-0.0043905164843937,-0.0200361436316491,-0.0760797096081191,-0.0418683260351846,0.0423735896364394,0.0183718461664081,0.0470993199563429,0.039853259963315,0.1439053471521598,-0.0305479984453945,-0.0667464830888954,0.0084903371876767,0.0181224489795919,0.016628627323117,0.0607246130294267,0.0586537645361173,0.1142678459751629,0.0370863129885248,0.016628627323117,0.0853711600382909,0.0847103844146808,0.0717538884592248,0.0585639110507554,0.0896383015900752,0.1770479426198565,0.1913267742859872,0.494010541447053,0.5777356103731817,0.4895497432222619,0.5597798899449726,0.5460518160406593,0.3207667054961345,0.3609777389786119,0.4789517372228151,0.4679849340866291,0.7015006821282401,0.7786651454649172,0.6593932943054817,0.645382585751979,1.6113902847571189,1.659275053304904,1.6496707032079885,1.5609856262833677,1.4819900497512437,1.4330862270776437
RUFV-L,10.0,0.1148797906738512,1.4079596758209086e-07,0.015276600954984,0.1141813836233387,0.3882962435453684,1.813779795483217,-2.9428,0.4509897111854544,-0.0076484124101163,0.0089735167974621,0.0268675906643853,1.0,0.2037774663210323,0.1123498832733569,2.5071684982491693e-08,-0.0088348008482523,2.0046025515372096e-09,0.0946932472272918,0.0891936777574944,1.0305888959852005e-07,0.1287154504489022,5.0,0.5106520929400578,0.0359135992945439,0.0216732099045237,0.0388853263316416,-0.0458512396120797,0.0250347311399831,0.0435977179008316,0.111367770138909,0.4645423964152154,-0.0294331395348836,0.0326454033771106,-0.0851063829787234,-0.1905882352941176,-0.1458721291123526,-0.1913017925359976,-0.096223316912972,0.1264838313548915,0.2247441032487762,0.2054314498466929,0.1715623669646659,0.1533948030176026,0.1913419913419911,0.1021225470564677,0.1452351227632125,0.1841652323580034,0.2351885098743267,0.3556650246305417,0.3664349553128103,0.3556650246305417,0.4400837257980114,0.623598820058997,0.5400111919418018,0.565415244596132,0.8189028420356905,0.6914566687154271,0.8153034300791557,0.8177014531043592,0.9545454545454546,0.9870036101083032,1.0014545454545454,1.0072939460247992,1.072289156626506,1.3302286198137172,1.3401360544217686,1.3029288702928872,1.3662940670679276,1.299081035923141,1.2971619365609346,1.306789606035205,1.283817427385892,1.3282571912013537,1.2283400809716598,1.2483660130718954,1.3029288702928872,0.9884393063583814,1.0175953079178883,0.9380281690140846,0.8721088435374151
RUJX-L^A20,8.0,-0.3710065499264804,7.680954514171724e-07,0.0833396574358354,0.4734884709382637,-1.4401321959715956,0.5950715229103869,-2.0995,-0.7550524555870091,-0.2661779670311367,0.0136709797976236,-0.0094292343347312,1.0,1.8112244897959184,-0.4809702051205271,-7.459384257604145e-07,-0.0414940029267357,9.87388050456043e-13,-0.1585365853658536,-0.0250412155237713,4.830231593173242e-07,-0.0514315551301017,3.0,0.0063445505104168,-0.3461504034812306,-0.6941241400004285,0.504328668507773,0.130248283201478,-0.1747656184014189,-0.2118239208326224,0.0135135135135135,1.6536866802719628,-0.1515151515151515,-0.2325581395348837,-0.4677419354838709,-0.4590163934426229,-0.5147058823529411,-0.4677419354838709,0.8333333333333335,0.6499999999999999,-0.2142857142857142,-0.3773584905660377,-0.4,-0.4,-0.3888888888888889,-0.4,-0.5352112676056338,-0.5657894736842105,-0.5657894736842105,-0.6162790697674418,-0.7155172413793103,-0.7421875,-0.7421875,-0.7421875,-0.8533333333333333,-0.8023952095808383,-0.8081395348837209,-0.8081395348837209,-0.8176795580110497,-0.8146067415730337,-0.8206521739130435,-0.8263157894736842,-0.8324873096446701,-0.835,-0.8166666666666667,-0.828125,-0.8341708542713568,-0.8571428571428572,-0.8625,-0.875,-0.8842105263157894,-0.889261744966443,-0.8928571428571428,-0.89,-0.8877551020408163,-0.896875,-0.8625,-0.8595744680851064,-0.8768656716417911,-0.8653061224489795,-0.8663967611336032
RUTA-L,10.0,-0.3137976805247401,5.2843744097675344e-08,0.0057336357383729,0.3972326156018356,-0.9621176197852452,0.6257650944133463,-0.6540999999999997,0.9027542363851608,-0.3141714841492969,-0.0043276202287179,0.0055807039709596,1.0,1.374326612282592,-0.1610976856585184,-7.11769992123403e-08,0.1540659702670295,1.4485079803680226e-12,0.1895491803278687,0.0182179893359686,5.08223826983764e-08,-0.4230021436761553,4.0,0.0576253108077077,0.3943427243844611,0.0099171783829539,-0.0800016534961107,-0.2319599402350785,-0.1594571548322758,-0.3128154238729799,-0.0800016534961107,1.6536866802719628,0.3314917127071823,-0.0694087403598971,-0.4396284829721362,-0.5446540880503145,-0.5715976331360946,-0.6715063520871143,-0.6415841584158415,-0.6328600405679513,-0.569047619047619,-0.5205298013245032,-0.5475,-0.3671328671328671,-0.35929203539823,-0.5574572127139363,-0.5486284289276808,-0.5041095890410958,-0.4753623188405796,-0.4361370716510903,-0.2297872340425532,-0.2551440329218107,-0.1462264150943396,-0.1061728395061727,0.0055555555555555,0.81,1.0685714285714285,1.585714285714286,0.7403846153846154,0.905263157894737,1.1294117647058823,1.4133333333333336,1.1294117647058823,0.6837209302325582,0.9567567567567568,1.9430894308943087,1.7846153846153845,3.209302325581396,2.584158415841584,1.8503937007874016,1.9430894308943087,1.0568181818181817,0.8854166666666667,0.5603448275862071,0.4031007751937985,0.3308823529411764,0.5083333333333335,-0.0765306122448978,-0.1061728395061727,-0.2426778242677824,-0.0082191780821917
RUWK-L^C19,9.0,-0.2135476016557098,-2.490194927128564e-06,-0.2701903673461982,0.1445149655721579,-0.3580572181333945,0.9135189800780384,-4.723000000000001,0.0438548670903345,-0.4574410112374244,-0.0271098626716604,0.0059923962031372,1.0,0.4261942051683633,-1.2633652696627322,-4.327790339756776e-06,-0.5764131193300757,3.729290281623301e-11,0.009208103130755,0.0004674945215485,1.5346198390507142e-05,1.2268169847063717,2.0,0.0017659300119962,-0.1544066771019977,-0.5555099308559105,0.190723168508561,-0.1431980196886962,0.0058824257885546,-0.030368902244102,-0.1974700336381295,1.6536866802719628,0.5999999999999999,-0.6875,-0.782608695652174,-0.8214285714285714,-0.8275862068965517,-0.8214285714285714,-0.8571428571428571,-0.8275862068965517,-0.8611111111111112,-0.8780487804878049,-0.8780487804878049,-0.8979591836734694,-0.9,-0.9285714285714286,-0.918032786885246,-0.9242424242424242,-0.9166666666666666,-0.9264705882352942,-0.957983193277311,-0.965034965034965,-0.9683544303797468,-0.9715909090909092,-0.9717514124293786,-0.975,-0.9725274725274724,-0.9695121951219512,-0.9606299212598424,-0.9626865671641792,-0.9668874172185432,-0.9612403100775194,-0.9673202614379084,-0.9702380952380952,-0.9726775956284152,-0.9715909090909092,-0.9722222222222222,-0.9714285714285714,-0.9666666666666668,-0.9748743718592964,-0.9728260869565216,-0.967741935483871,-0.9774774774774776,-0.981132075471698,-0.9808429118773946,-0.976958525345622,-0.976851851851852,-0.9778761061946902,-0.976303317535545,-0.981549815498155,-0.9823943661971832
RVIW-L,11.0,-0.290490742405177,1.6999215223333403e-08,0.0018444436440506,0.5277425893083355,-2.626096695911891,0.3607249832765554,-1.028,-0.8548325631300655,5.754261449920762,0.0052616473739596,-0.6866368286445013,1.0,0.3087621696801113,-0.9539042821158692,-6.740235281994928e-07,-0.6157728706624607,3.538494637758156e-15,-0.1794871794871794,-0.2825813410030559,3.496450606591636e-07,1.362837413684871,4.0,0.0030266662415322,-0.0940511189026676,0.2861479548002257,0.0754088734377398,0.3114028620200471,-0.6217429067747539,-1.785120532003325,0.1934900542495478,1.6536866802719628,-0.2,1.5,0.6666666666666667,1.5,1.5,-0.2857142857142857,-0.4444444444444444,-0.1666666666666666,0.0,-0.5833333333333333,-0.7222222222222222,-0.6875,-0.7222222222222222,-0.75,-0.75,-0.7619047619047619,-0.782608695652174,-0.75,-0.7916666666666666,-0.782608695652174,-0.7916666666666666,-0.8275862068965517,-0.8529411764705882,-0.8148148148148149,-0.84375,-0.8529411764705882,-0.8333333333333333,-0.8717948717948718,-0.8717948717948718,-0.8611111111111112,-0.8863636363636364,-0.9107142857142856,-0.9107142857142856,-0.9242424242424242,-0.9242424242424242,-0.9264705882352942,-0.9315068493150684,-0.927536231884058,-0.9404761904761904,-0.9206349206349206,-0.9193548387096774,-0.9137931034482758,-0.9107142857142856,-0.9107142857142856,-0.9107142857142856,-0.9056603773584906,-0.903846153846154,-0.9,-0.9
RVQP-L^H19,8.0,0.0875934230194318,2.0103308520781724e-06,0.2181243024363266,0.0005915992900808,0.1048769301330071,3.057698664339016,-1.0599999999999998,1.333538798482902,-0.0107207463872318,-0.0077724117114397,-0.0465577018325903,1.0,0.1884297520661157,0.0331325301204819,6.127433023826923e-08,-0.0303594443648861,1.7807631530946256e-12,0.2799999999999999,0.0390134529147981,1.8664693810839749e-06,0.153061224489796,4.0,0.000527669002916,-0.4717715718146566,-0.1096840636861651,-0.1610163616195229,-0.0497034629660857,-0.1384002199010445,-0.2668963689371852,0.0264836383804769,-1.092871197397123,-0.5,0.0,0.0,0.0,0.0,1.0,1.0,1.0,0.0,0.0,0.0,0.0,0.0,-0.3333333333333332,-0.3333333333333332,-0.5,-0.5,-0.5,-0.5,-0.5,-0.6000000000000001,-0.6000000000000001,-0.6000000000000001,-0.5,-0.5,0.0,0.0,0.0,0.0,0.0,1.0,0.0,0.0,0.0,1.0,0.0,0.0,0.0,0.0,0.0,0.0,0.0,0.0,0.0,0.0,0.0,0.0,0.0,0.0
RVVF-L^L19,9.0,0.8721101544961436,1.3361236529370938e-06,0.1449716793951125,0.0909719014196863,0.684605629825925,1.009976238049442,15.4485,4.70736616485744,0.1460477798445158,-0.1124195799546379,0.6485135720529142,1.0,0.1115605786599105,0.2557538270872881,2.055123296293016e-07,0.3177277959735922,1.4311566819794174e-10,0.988394584139265,0.3292722669021238,5.37190641236197e-07,0.6503729226798604,3.0,0.065328588498273,0.6784798258968008,23.215381090367,-0.8368295948846001,0.7721965898023176,0.0472571034510108,0.0565756550564246,1.605735913951475,-1.914237011247952,-0.0363636363636363,0.0,-0.043478260869565,-0.0677966101694914,-0.1666666666666666,-0.0909090909090908,0.0185185185185186,0.2222222222222223,0.3414634146341464,0.3095238095238097,0.264367816091954,0.5714285714285716,0.6176470588235294,0.5714285714285716,0.8032786885245904,1.0,1.2000000000000002,1.1153846153846154,0.7460317460317463,0.929824561403509,1.2448979591836735,1.1153846153846154,1.340425531914894,1.75,1.9729729729729728,1.75,1.9729729729729728,2.1428571428571432,3.230769230769231,3.0740740740740744,2.548387096774194,2.333333333333333,3.230769230769231,3.4000000000000004,2.666666666666667,2.7931034482758625,2.1428571428571432,1.8947368421052635,1.4444444444444446,1.2000000000000002,0.9642857142857142,0.5068493150684934,0.4864864864864866,0.8644067796610171,1.5,1.1153846153846154,0.9642857142857142,0.5492957746478875,0.5714285714285716
RVVG-L,8.0,0.183390427005133,4.482108777780425e-07,0.0486316393934084,0.0389864062293783,-0.4412259178480552,0.2020697523274909,0.2413999999999999,1.1196931728037611,0.954949621917302,2.082487322858422e-05,0.0713757416050493,1.0,0.0276635342232842,0.2825222318111892,-1.3522841026567964e-07,0.1246763156012301,1.3031956993908312e-14,0.2350993377483443,0.1230516133734551,2.969648672079239e-07,0.059758066403051,3.0,0.0042881338224366,-0.6990601141649527,-4.828747467863599,0.0253150007241541,0.2112232987670481,-0.0568200668779521,-0.0934668026253428,0.1861771867390896,1.6536866802719628,0.0,0.0,0.0,0.0,-0.1249999999999998,-0.2222222222222221,-0.2222222222222221,-0.2999999999999999,-0.2222222222222221,-0.2222222222222221,-0.3636363636363635,-0.3636363636363635,-0.3636363636363635,-0.2222222222222221,0.0,-0.1249999999999998,-0.1249999999999998,-0.2222222222222221,-0.2999999999999999,-0.3636363636363635,-0.2222222222222221,-0.2999999999999999,-0.1249999999999998,-0.1249999999999998,-0.2222222222222221,-0.2999999999999999,-0.2999999999999999,-0.2999999999999999,-0.2999999999999999,-0.2999999999999999,-0.2999999999999999,-0.4166666666666666,-0.4166666666666666,-0.4166666666666666,-0.4615384615384614,-0.5,-0.5333333333333332,-0.5625,-0.588235294117647,-0.631578947368421,-0.6499999999999999,-0.7083333333333333,-0.72,-0.6956521739130435,-0.588235294117647,-0.611111111111111,-0.611111111111111,-0.611111111111111,-0.588235294117647
RVYY-L^D22,10.0,0.4517954298150163,3.500090834237156e-07,0.0379765783772626,0.0625070901871809,0.1939393939393939,1.0644256515944106,3.65,3.228428909370663,0.0460938265309962,0.0015730337078651,0.0469224926568992,1.0,3.5,0.4030509835407467,2.7439910975135352e-08,0.2575892064619164,1.180419715872799e-09,0.6778656126482213,0.0202393906420021,3.180626177263865e-07,0.5095057034220533,4.0,0.2807438040701858,-0.3984375,-0.158355150687652,-0.0144500941880713,0.267014045202321,0.0074201768850247,0.0141630901287553,0.260999007608336,0.5130049920551709,-0.1343283582089552,-0.0386313465783664,-0.0011467889908256,-0.1048304213771839,-0.1592664092664091,-0.0428571428571427,-0.0102272727272727,-0.0079726651480636,-0.0235426008968608,-0.0213483146067414,-0.18369259606373,-0.1543689320388349,-0.1444007858546168,-0.2510748065348237,-0.2292035398230087,-0.2359649122807017,-0.12374245472837,0.0332147093712931,-0.0213483146067414,-0.0045714285714284,0.1011378002528446,0.0369047619047619,0.0887500000000001,0.2267605633802818,0.1834239130434782,0.1770270270270271,0.1738544474393533,0.3524844720496896,0.3318042813455659,0.4444444444444444,0.5750452079566004,0.625,0.4991394148020656,0.3716535433070869,0.3566978193146419,0.2250351617440225,0.2846607669616521,0.4093851132686086,0.2354609929078015,0.2354609929078015,0.1770270270270271,0.3738170347003156,0.3400000000000001,0.4396694214876036,0.6129629629629629,0.5836363636363637,0.6978557504873297,0.6465028355387525,0.5693693693693695
RWEW-L,9.0,0.2147142021027117,5.459797106413195e-07,0.0592397233544493,0.3027318088231405,0.0675616450425292,2.582775379751844,0.2490000000000005,0.963591319743663,9.851945284885472e-06,0.0003427319496314,0.0010841038979983,1.0,0.1626915961945031,0.1164803374607099,7.155499397645546e-08,0.018776556523386,1.1404892886523536e-08,0.2023229994021691,0.0338924661795115,1.5696207894649223e-06,0.2486488824181604,3.0,0.0925723606882732,0.1819547569086406,0.052538919873408,-0.0296949663266406,-0.2483944854354721,0.0069111444055212,0.0267430516950857,0.1169440182874378,0.7909833506218453,0.0462826193993106,-0.0323963792282039,-0.1245689655172413,-0.139041966935142,-0.1268271711092005,-0.1211596711380355,-0.1123251748251747,-0.1241914618369988,-0.1215397923875433,-0.149141181399246,-0.1346399659139326,-0.1211596711380355,-0.075136612021858,-0.1480704697986578,-0.1610904584882281,-0.091275167785235,-0.0310114503816795,-0.0155113911778962,-0.0058737151248164,0.1672413793103448,0.0972447325769851,0.5695517774343122,0.580544747081712,0.5793157076205286,0.5992125984251968,0.4879120879120877,0.5122859270290394,0.6418755052546483,0.7052896725440805,0.7197290431837424,0.7878521126760563,0.6771263418662263,0.7182741116751268,0.9142318567389256,0.8999064546304958,0.8021295474711623,0.8598901098901097,0.9814634146341464,0.9454022988505746,0.96231884057971,0.877079482439926,0.8893023255813952,0.8581884720951509,0.6405492730210014,0.8313796212804327,0.7941696113074204,1.037111334002006,1.0089020771513355,1.037111334002006
RWFM-L^F23,8.0,-0.0091723903044223,6.652012304823614e-07,0.0721754601879378,0.1082808931702915,0.4330193534107787,0.8019157845538519,-0.0948999999999991,-0.9500915809432444,-0.0016320960068666,-0.0025341127877758,0.1308173821915674,1.0,0.0655367264683934,-0.0232581832920851,1.1320416361907337e-07,-0.0557621425089905,2.3139233180948647e-10,-0.1994884910485933,0.0504741976475096,3.847505845370005e-07,0.0369926338209412,3.0,0.0749626958629005,-0.0304885802110336,-0.0345067873995469,-0.1601481139819184,0.0125692891239655,0.0294580476745833,0.0470628823797974,-0.0444151285245159,0.0161789895267668,-0.0729166666666666,-0.156043956043956,-0.1652173913043477,-0.25,-0.362126245847176,-0.417298937784522,-0.4434782608695653,-0.4294205052005944,-0.4545454545454546,-0.4681440443213296,-0.4739726027397261,-0.4920634920634921,-0.5045161290322581,-0.5151515151515151,-0.5145385587863465,-0.5406698564593302,-0.419939577039275,-0.4907161803713528,-0.4838709677419355,-0.5223880597014925,-0.5345454545454545,-0.5450236966824644,-0.5305623471882641,-0.5,-0.5151515151515151,-0.5057915057915058,-0.4681440443213296,-0.4128440366972478,-0.2862453531598513,-0.2163265306122449,-0.0351758793969849,0.0158730158730158,-0.0769230769230769,-0.0278481012658228,0.3473684210526315,0.0786516853932584,0.1566265060240963,0.1294117647058823,0.1999999999999999,0.3061224489795917,0.1098265895953756,0.0350404312668464,-0.0656934306569344,0.1671732522796352,0.2113564668769716,0.1815384615384614,-0.0025974025974027,0.0847457627118644,-0.2258064516129032
RWHJ-L,10.0,0.1178622026756391,4.127435036496352e-07,0.0447833692278236,0.0144513643478565,0.3187678279542322,1.1960809738879905,-0.8909000000000002,0.1534737999442012,-0.0186503306953088,0.0028189739814469,0.142852128032385,1.0,0.0869446180582021,0.0829150415368063,6.290934306569342e-08,0.0510081166822409,1.4738310845090551e-09,0.0322245322245322,0.1337255191634622,3.4758744525547445e-07,0.1273711274307873,5.0,0.1925896247626685,-0.0910062759546619,-0.0390430448685865,-0.125966374290362,-0.0308013984702375,0.013311901952351,0.0247269958705831,0.042315141652851,0.4759564837380891,-0.0616438356164383,0.0325318246110324,-0.035667107001321,-0.0174966352624494,0.028169014084507,-0.1097560975609756,-0.1247002398081534,-0.0604890604890604,0.0911808669656202,0.0766961651917403,0.1442006269592477,0.0041265474552958,0.0960960960960961,0.0027472527472527,-0.1391509433962264,-0.1960352422907489,-0.2234042553191489,-0.229957805907173,-0.2004381161007667,-0.1599539700805523,-0.2004381161007667,-0.2013129102844639,-0.1511627906976743,-0.0920398009950248,-0.0817610062893082,-0.0954151177199504,0.038406827880512,0.1947626841243861,0.2086092715231788,0.2762237762237762,0.3619402985074627,0.3878326996197718,0.5973741794310721,0.7216981132075471,1.0448179271708682,1.0221606648199448,0.9466666666666664,1.0797720797720798,0.8387909319899243,0.8434343434343434,0.8387909319899243,0.5766738660907127,0.5176715176715179,0.4065510597302504,0.4512922465208746,0.7718446601941746,0.4959016393442623,0.5303983228511531,0.7176470588235293
RWLW-L,10.0,-0.0097824435530454,7.326367710508202e-07,0.0794923305581587,0.054581036659025,0.2937886787919477,0.8406684133129444,84.0689,-0.157191758548478,0.0161653510587908,-0.0023238482003184,0.0163943976892271,1.0,0.5238597382092882,-0.0767613800924607,-2.226271385888164e-08,-0.1859230380533303,3.512419967655539e-07,-0.033005183233998,0.0393647701873836,6.027386937692568e-07,0.0859825469216863,3.0,2.6092693451181184,0.1326469702623184,-0.0108570095025603,-1.500268611582452,0.1354852397682182,-0.0076373045315122,-0.0140597642629024,0.0153664473440806,1.6536866802719628,-0.0063694267515923,0.0466666666666666,-0.0218068535825545,-0.0248447204968944,-0.0542168674698794,0.0501672240802675,-0.0125786163522012,-0.0977011494252872,-0.062686567164179,-0.0513595166163142,-0.1129943502824858,-0.1559139784946236,-0.0951008645533141,-0.1801566579634465,-0.2576832151300237,-0.2360097323600973,-0.2030456852791877,-0.1822916666666666,-0.1928020565552699,-0.1648936170212764,-0.2110552763819094,-0.1129943502824858,-0.0397553516819572,-0.0951008645533141,0.0129032258064516,0.0,0.0064102564102563,0.0295081967213115,0.0096463022508039,0.0261437908496733,0.0,-0.0924855491329479,-0.1671087533156497,-0.1154929577464788,-0.0924855491329479,-0.1277777777777777,-0.1626666666666666,-0.2523809523809524,-0.230392156862745,-0.19693094629156,-0.2227722772277227,-0.1444141689373296,-0.1301939058171745,-0.2360097323600973,-0.1928020565552699,-0.1301939058171745,-0.1467391304347826,-0.0845481049562681,-0.0737463126843658
RXFW-L^F21,13.0,-0.1455450471127868,1.8596096256684493e-07,0.0201770794087696,0.0371966993588736,0.3292411811298024,1.3329423022715017,0.3868999999999998,-1.6349356271378868,-0.0266267169401511,-0.0085397714217634,-0.1252102665486639,1.0,0.3003321896091267,-0.1588092361244657,2.3304144385026732e-08,-0.2430665470842309,7.600575263918211e-10,-0.3432835820895522,-0.0461116119766545,2.704306149732621e-07,-0.1361785736247667,4.0,0.2103022471860964,0.2155207345529031,-0.054021969790978,-0.3346304378798612,-0.0906478027205138,0.0206117116531356,0.048310919453388,-0.0647626705883972,0.7235086749329733,0.0476190476190476,-0.0192307692307692,0.0562130177514792,-0.0083333333333334,0.0469208211143694,0.1018518518518516,0.0469208211143694,-0.0083333333333334,0.0469208211143694,0.02,0.0113314447592067,-0.1163366336633663,-0.0083333333333334,-0.1228501228501229,-0.1658878504672898,0.186046511627907,0.202020202020202,0.2482517482517483,0.4166666666666665,0.3370786516853932,0.2395833333333332,0.2226027397260273,0.2704626334519573,0.3730769230769228,0.4512195121951219,0.22680412371134,0.3076923076923077,0.4631147540983606,0.3271375464684014,0.433734939759036,0.3730769230769228,0.803030303030303,0.4453441295546556,0.2750000000000001,0.6527777777777777,0.302919708029197,0.2795698924731182,0.2226027397260273,0.02,-0.048,-0.1697674418604651,-0.3624999999999999,-0.3865979381443299,-0.3590664272890486,-0.4351265822784811,-0.3314606741573034,-0.3121387283236995,-0.4473684210526316,-0.4185667752442996
RXGT-L^F19,7.0,-0.282548936405734,2.763703214117576e-06,0.2998664797375296,0.1268128985805389,-1.0759753000923358,2.089791415353473,-1.3484,-0.2801552097653151,-0.1979209970546824,-0.0051288674058631,-0.0061983120915726,1.0,2.3719847651290733,-0.4921891085031913,-3.003985648996764e-06,-0.4179458809122255,1.2701743329912214e-12,-0.0588235294117646,0.0045753925059498,2.704525523219029e-06,0.2581612041441324,3.0,0.0004014588252027,0.2891120342772138,0.0482589665936751,-0.1906000996821821,-0.1948499375749634,-0.2436487660645044,-0.4802044728434504,-0.1906000996821821,1.6536866802719628,0.0,-0.5,-0.6000000000000001,-0.6666666666666666,-0.6666666666666666,-0.7142857142857143,-0.7142857142857143,-0.6666666666666666,-0.7142857142857143,-0.8,-0.8181818181818181,-0.8333333333333333,-0.8333333333333333,-0.8666666666666667,-0.8461538461538461,-0.8666666666666667,-0.8571428571428572,-0.8571428571428572,-0.8666666666666667,-0.875,-0.875,-0.8823529411764706,-0.9090909090909092,-0.9130434782608696,-0.9166666666666666,-0.9090909090909092,-0.9090909090909092,-0.9285714285714286,-0.925925925925926,-0.9285714285714286,-0.925925925925926,-0.92,-0.9090909090909092,-0.9,-0.9166666666666666,-0.9090909090909092,-0.9047619047619048,-0.9090909090909092,-0.9090909090909092,-0.9090909090909092,-0.9,-0.9,-0.9,-0.9047619047619048,-0.9130434782608696,-0.9166666666666666,-0.9166666666666666,-0.8823529411764706,-0.9
RXMT-L,3.0,-0.2372881355932203,3.726597897297247e-07,0.0404342183759628,0.2787947269303201,-4.8809523809523805,-0.042391517085914,-0.6616,1.360753876002961,-420.52975068552325,-0.0040936676972403,-2.419015711645085,1.0,0.1888466413181242,-0.2843537414965986,-4.984147567963143e-07,0.0928943937418513,2.0308164817252961e-19,0.2857142857142856,0.1605860384946854,9.759293923055053e-08,0.0184842883548983,3.0,0.0015873603074378,-0.4045035910435149,1.430802940344925,-1.2971380471380471,-1.0868732368732368,-0.2969745937696382,-0.4503744043567051,-0.9537037037037036,1.6536866802719628,0.0,-0.25,-0.25,-0.25,-0.4,-0.4,-0.5,-0.5,-0.4,-0.5,-0.5714285714285715,-0.5714285714285715,-0.625,-0.625,-0.7272727272727273,-0.7272727272727273,-0.75,-0.7692307692307693,-0.7857142857142858,-0.8235294117647058,-0.8235294117647058,-0.8333333333333334,-0.8235294117647058,-0.8333333333333334,-0.8333333333333334,-0.8333333333333334,-0.85,-0.85,-0.7692307692307693,2.0,2.0,2.0,2.0,2.0,2.0,2.0,2.0,2.0,2.0,2.0,2.0,2.0,2.0,2.0,2.0,2.0,2.0,2.0,2.0
RXPG-L,16.0,1.2573908962928206,1.0967252449359806e-06,0.1189965466473714,0.5796131339063912,0.4869052010328292,0.3455815688670423,0.1272,-0.3663568127700278,0.0277371312900679,0.0128339444735463,-0.0052097248196633,1.0,21.25,0.9898314155739898,5.97328838352706e-08,-0.0422098969963263,5.930637237218388e-14,-0.0769230769230768,0.0039887376818395,3.222625955063365e-07,3.153992395437262,3.0,0.0019062675552437,0.517857142857143,0.0993345611713203,0.1556886227544909,0.0395936359471031,0.022804244750508,0.0255625603975887,0.1556886227544909,0.3307373360543925,-0.1666666666666666,0.0,0.0,-0.142857142857143,-0.4,-0.4,-0.5,-0.3333333333333333,-0.3333333333333333,-0.4,-0.25,-0.4,0.5,0.5,1.0,1.0,1.0,1.0,1.0,1.0,1.0,1.0,1.0,1.0,1.0,1.0,0.5,0.5,0.5,0.5,0.5,0.5,0.5,0.1999999999999999,0.0,-0.25,-0.25,-0.142857142857143,-0.25,-0.25,-0.25,-0.3333333333333333,-0.4,-0.3333333333333333,-0.4,-0.5714285714285715,-0.5,-0.5,-0.5
RXRF-L,7.0,0.0877267467756838,2.3153397399381666e-07,0.0251218283376113,0.0629371604641464,0.0670941194970397,0.960012937841042,26.794100000000004,0.3878596163015015,0.0241246010193136,0.0002133815475508,0.092118474069076,1.0,0.0853950091915023,-0.069882181426528,-1.1193998594134248e-08,-0.0443123255720273,5.2903647028457467e-08,0.0814379699248119,0.0962336386095339,1.3430256958804736e-06,0.0878213300670995,3.0,0.9597245572120708,0.3273001669579206,0.1729862272667716,0.2338238057452764,0.3617651552916741,-0.0026596286072744,-0.0189445884603073,0.5334556581685839,1.6536866802719628,-0.1304347826086956,-0.158156348847718,-0.2405218100285365,-0.2647987371744278,-0.1892950391644909,-0.0786350148367952,-0.1098901098901099,0.0670103092783505,0.1290909090909089,0.0926686217008796,0.0384615384615383,-0.0021424745581147,0.1290909090909089,0.0053966540744736,0.0837696335078532,0.237051792828685,0.1443488943488942,0.103019538188277,0.0059395248380129,0.2354111405835544,0.2224409448818896,0.1290909090909089,0.2403462050599201,0.3194050991501416,0.5708263069139967,0.6501328609388839,0.621409921671018,0.4113636363636364,0.6356453028972782,0.7542372881355932,0.9226006191950464,0.3588621444201312,0.3568827385287689,0.3944610778443114,0.5576923076923075,0.1142344497607654,0.1056379821958455,0.0032310177705976,0.1129032258064517,-0.0220472440944883,-0.1137012369172216,-0.0090425531914895,-0.0317047817047816,-0.0528723945094052,-0.111587982832618,-0.3440140845070423,-0.208244793880153,-0.1653225806451613,-0.1828947368421053
RXVK-L,8.0,-0.0071201336478618,4.480524550029096e-07,0.0486144502539788,0.1214284628844988,0.1212011445998436,2.201613816548494,-18.840200000000003,0.6010333439762,-0.0060636787400322,0.0015618259930142,-0.0138863497792617,1.0,0.0684070998876346,0.0143435255603417,6.386004872472187e-08,-0.0957230214824433,1.773710031015124e-07,0.1261975553353153,-0.0411882680227238,1.0593041274566348e-06,-0.0159277035833025,4.0,0.5867053502281451,0.2021219361545324,0.00940978723314,0.0077616233162081,-0.1002125928998667,0.0114987441993799,0.0386845506232684,-0.0034529488165406,0.4238560051240431,0.0062240663900414,0.0168776371308017,0.0233545647558386,0.0104821802935011,0.0277185501066097,0.0277185501066097,0.0455531453362256,0.0663716814159294,0.1004566210045663,0.0758928571428572,0.1157407407407407,0.0570175438596491,0.0570175438596491,0.025531914893617,0.0410367170626351,0.025531914893617,0.0455531453362256,0.0233545647558386,-0.0183299389002036,-0.0102669404517453,-0.1123388581952117,-0.1268115942028984,-0.216260162601626,-0.2719033232628398,-0.2324840764331209,-0.1926298157453935,-0.2456964006259779,-0.1953255425709515,-0.1617391304347826,-0.0990654205607475,0.0365591397849462,0.1235431235431236,0.0807174887892376,0.15311004784689,0.1080459770114943,0.0343347639484978,-0.0417495029821073,0.025531914893617,0.0083682008368199,-0.1252268602540833,-0.1090573012939001,-0.1090573012939001,-0.1573426573426573,0.0343347639484978,0.0104821802935011,0.025531914893617,0.1586538461538462,0.1990049751243783,-0.2275641025641025
RXXF-L,13.0,0.0673252588131808,1.0426019449481874e-06,0.1131240769276805,0.1168378344110561,0.2129663698579733,1.1713797024142676,-10.0,0.159722634835713,-0.0279206558492301,-0.0019485847121564,0.0015304560759106,1.0,0.3958333333333333,0.074345805820494,1.6945544928135805e-07,-0.0201616862501208,1.048488787285352e-08,0.0335365853658535,0.0690168482305974,8.292399716933681e-07,0.0586274806847446,3.0,0.2369272336575923,0.1083333333333332,-0.1606882252537005,-0.0027096261564828,0.0688036929266287,0.0240357914224004,0.0446316030709293,0.0890529141104293,0.3891027482992853,-0.0381231671554253,-0.0606060606060605,-0.014450867052023,-0.0978835978835978,-0.0978835978835978,-0.1142857142857143,-0.2249999999999999,-0.3026584867075663,-0.2488986784140968,-0.2729211087420042,-0.3234126984126984,-0.3743119266055046,-0.3274161735700197,-0.4100346020761245,-0.4059233449477352,-0.3754578754578754,-0.3696857670979667,-0.3416988416988417,-0.4455284552845528,-0.4354304635761589,-0.3708487084870848,-0.3921568627450981,-0.3442307692307692,-0.2472406181015453,-0.231981981981982,-0.1900237529691211,-0.2488986784140968,-0.2925311203319501,-0.1621621621621621,-0.1367088607594936,-0.407986111111111,-0.3454894433781189,-0.3910714285714285,-0.4038461538461537,-0.4059233449477352,-0.3877917414721723,-0.3708487084870848,-0.3822463768115941,-0.4048865619546248,-0.3590225563909774,-0.376599634369287,-0.3844765342960289,-0.3626168224299064,-0.2388392857142858,-0.2124711316397228,-0.2302483069977425,-0.1783132530120482,-0.1211340206185566,-0.0554016620498614
RXZS-L,10.0,0.1782551832079071,5.161705618506172e-07,0.0560053802215908,0.0212719497770903,-0.2346492125178973,1.510998828476405,-0.0167,0.7304660377316519,0.0735803471384875,0.0033875774533136,0.0174988252334401,1.0,0.3627690802348336,0.3517469099995538,-1.2300241915889633e-07,0.0024016693570611,1.7967209353377909e-13,0.1533742331288345,0.1799704122981926,4.201915305274337e-07,0.0178298732923356,4.0,0.0016500826743199,0.0777224664801424,0.0986816207717024,-0.2780034238977148,-0.0040984477787547,-0.0323728276864045,-0.0587261361716506,0.1696095498632182,1.6536866802719628,0.0,0.0,-0.3333333333333332,-0.3333333333333332,-0.3333333333333332,-0.3333333333333332,-0.3333333333333332,-0.3333333333333332,-0.3333333333333332,-0.3333333333333332,-0.3333333333333332,0.0,0.0,1.0,0.0,0.0,0.0,0.0,0.0,0.0,0.0,0.0,-0.3333333333333332,-0.3333333333333332,-0.3333333333333332,-0.3333333333333332,-0.3333333333333332,-0.5,-0.3333333333333332,-0.3333333333333332,-0.3333333333333332,-0.3333333333333332,0.0,0.0,0.0,-0.3333333333333332,0.0,-0.3333333333333332,-0.5,-0.5,-0.5,-0.6000000000000001,-0.6000000000000001,-0.6666666666666666,-0.75,-0.75,-0.8,-0.8461538461538461,-0.75
RYCO-L,10.0,-0.0032724904815377,9.839799921551278e-07,0.106763495759052,0.0078464312737284,-0.0962394537053443,0.5220315924716344,-0.8778999999999999,22.628020099339576,-0.1621556294779279,4.983488042951021e-05,-0.0392576944324621,1.0,0.0422823920977637,-0.2011845228493075,-2.79063534880026e-07,-0.0363891694384221,2.8592484680979725e-12,4.75115207373272,0.0462135457849657,1.85480924003739e-06,0.1475572988320699,2.0,0.002971279110194,0.1705970201418974,-0.3361247261160918,-0.441381084965995,-0.224439032096985,-0.0416313659041701,-0.1201078574961929,-0.3007457985933814,1.6536866802719628,-0.25,0.0,0.0,-0.2,-0.2,-0.4285714285714286,-0.4285714285714286,-0.5,-0.5555555555555556,-0.6000000000000001,-0.6363636363636364,-0.5555555555555556,-0.5555555555555556,-0.5555555555555556,-0.6666666666666666,-0.6666666666666666,-0.6666666666666666,-0.6666666666666666,-0.7142857142857143,-0.7142857142857143,-0.6666666666666666,-0.6363636363636364,-0.6923076923076923,-0.6363636363636364,-0.6666666666666666,-0.6666666666666666,-0.6363636363636364,-0.6000000000000001,-0.6363636363636364,-0.6923076923076923,3.0,3.0,3.0,3.0,3.0,3.0,3.0,3.0,3.0,3.0,3.0,3.0,3.0,3.0,3.0,3.0,3.0,3.0,3.0
RYEP-L,8.0,-0.0417370410939543,6.874893896253323e-07,0.0745937632053862,0.0582335970519544,0.2517863996798771,1.1642922552294583,-0.3624999999999999,-0.4665801182967644,0.0216368858175473,0.0042185148283976,-0.0448874652280199,1.0,0.7364858187567941,0.0155482281796973,4.508445344043336e-09,-0.1593120272533039,8.121641354948461e-11,-0.0979667282809612,0.0324299494717501,5.088720197815802e-07,-0.1095930591577126,4.0,0.0318666497167146,0.181363208473965,0.0424969250049036,-1.89043665203783,0.0635008804051602,-0.0054597791057851,-0.0090120332593089,-0.0442828058839835,-3.249122166326909,0.0,-0.073170731707317,-0.1460674157303371,-0.1363636363636363,-0.1058823529411764,-0.1058823529411764,-0.2323232323232322,-0.1739130434782608,-0.0256410256410256,-0.05,-0.1914893617021276,-0.1739130434782608,-0.1264367816091953,-0.05,-0.05,-0.0379746835443037,-0.05,-0.0256410256410256,-0.1363636363636363,-0.1555555555555555,-0.1162790697674418,-0.1363636363636363,-0.2083333333333332,-0.1648351648351648,-0.1648351648351648,-0.4864864864864865,-0.5706214689265536,-0.5730337078651686,-0.5706214689265536,-0.5449101796407185,-0.6161616161616161,-0.5957446808510638,-0.6041666666666666,-0.5935828877005348,-0.6020942408376964,-0.5957446808510638,-0.5957446808510638,-0.6122448979591837,-0.5869565217391304,-0.5777777777777777,-0.5632183908045977,-0.5337423312883436,-0.5220125786163522,-0.4722222222222222,-0.4411764705882353,-0.4722222222222222,-0.4722222222222222,-0.4864864864864865,-0.4571428571428571
RYFA-L^K20,4.0,-0.1482786663052318,1.7340666596671265e-06,0.1881491696389062,0.0873983104694644,-0.3868907878674054,0.17000781866525,0.0308999999999999,0.8131334137090868,-0.2334403746245762,-0.0049646241485204,-0.1108601929788543,1.0,0.4141578519121237,-0.1638020704343949,-2.638797090797801e-07,0.0194073237551497,9.97945249936292e-14,0.1707317073170731,0.015296441157108,5.250887788306095e-07,-0.0767563662633194,4.0,0.0027371615027279,0.0543038412818649,-0.0617726546733364,-0.1500974011778823,-0.114278211652081,-0.0157430217643585,-0.0193497532014989,-0.1117587430309174,1.6536866802719628,0.0,0.0,-0.25,-0.25,0.0,0.0,0.0,-0.25,0.0,-0.4,0.5,0.0,0.0,-0.25,-0.25,-0.4,-0.4,-0.4,-0.4,-0.5,-0.4,-0.5,-0.5,-0.5,-0.5,-0.5714285714285715,-0.625,-0.6666666666666667,-0.625,-0.4,-0.5714285714285715,-0.5,-0.5,-0.5,-0.5714285714285715,-0.6666666666666667,-0.6666666666666667,-0.7,-0.75,-0.75,-0.75,-0.6666666666666667,-0.7,-0.7272727272727273,-0.7,-0.6666666666666667,-0.7272727272727273,-0.75,-0.6666666666666667
RYGR-L,9.0,-0.2459589340323285,-3.0618365066503763e-08,-0.0033221444693881,0.3215527230590962,-0.5013574660633484,2.539263286825318,-0.401,0.6697460483452072,-0.1530263843201298,0.0048352082099861,-0.0124286629694622,1.0,0.9827586206896552,-1.1735400857802705,-8.393855974505404e-08,-0.0122042341220423,3.056456463418833e-13,0.1406249999999999,-0.0054608999563128,2.315586620428745e-07,1.5714285714285714,2.0,0.0048299881224084,0.1231527093596058,-0.055984557375907,0.1235625196992211,-0.1292680216432708,-0.0563611491108071,1.622047244094488,-0.088558692421991,1.6536866802719628,-0.1941747572815534,-0.0283018867924528,-0.2426470588235294,-0.2076923076923077,-0.304054054054054,-0.3869047619047618,-0.3869047619047618,-0.289655172413793,-0.1043478260869564,-0.0964912280701753,-0.0462962962962962,-0.3522012578616352,-0.3311688311688311,-0.3795180722891565,-0.3223684210526315,-0.3223684210526315,-0.134453781512605,-0.0964912280701753,0.0,-0.0964912280701753,0.2874999999999998,0.2874999999999998,0.2261904761904762,0.492753623188406,0.4305555555555556,0.3205128205128205,0.2409638554216868,0.6885245901639345,1.4523809523809526,2.21875,1.5749999999999995,1.5749999999999995,1.4523809523809526,0.4305555555555556,0.6612903225806452,0.2409638554216868,0.1704545454545454,0.1976744186046513,0.0098039215686274,0.3037974683544304,0.2874999999999998,0.1976744186046513,0.2261904761904762,0.2716049382716048,0.211764705882353,0.4305555555555556,0.4305555555555556,0.3918918918918919,0.3205128205128205
RYJA-L,11.0,0.1281405324436576,1.2913063642470975e-06,0.1401089276632335,0.1150922169570108,0.2514156285390713,1.0509247643547313,0.1885,0.7441622759391192,0.1402711605772272,-0.0018724041669503,-0.0017283097131005,1.0,1.0778739184177997,0.0223645053656776,2.7108663199330444e-08,0.2268364474020986,8.872507317635649e-13,0.1562499999999999,0.0351331109144141,5.959349826004071e-07,0.4541411895497499,4.0,0.0024683751790109,0.1044061994865455,-0.0905215238511412,0.4586182833217028,0.1289158391134137,-0.0129878398166422,-0.0184531886024423,0.4586182833217028,-1.7023245238093736,-0.0952380952380952,0.0,-0.0869565217391304,-0.0232558139534884,-0.1063829787234041,0.0499999999999998,0.0769230769230768,0.0499999999999998,0.0,0.1666666666666667,0.2352941176470586,0.2352941176470586,0.1666666666666667,0.0499999999999998,0.0,-0.0232558139534884,0.0,-0.0454545454545455,-0.125,-0.125,-0.125,-0.16,-0.1764705882352941,-0.2222222222222223,-0.2075471698113208,-0.288135593220339,-0.288135593220339,-0.3,-0.3225806451612903,20.0,20.0,20.0,20.0,20.0,20.0,20.0,20.0,20.0,20.0,20.0,20.0,20.0,20.0,41.0,20.0,41.0,41.0,41.0,41.0
RYNU-L,9.0,0.2093360744951021,1.899345619055533e-07,0.0206082216672796,0.1317454545454545,0.6264399932326087,2.255972697103381,1.4549999999999996,1.0689396320330722,0.0020149294785729,-0.0103709730024883,0.0059912723596626,1.0,0.2321424842878917,0.3349326127033927,4.523940806265968e-08,0.0093733879381697,6.631004056724687e-11,0.2244427363566487,0.0044214059814495,7.888456569170778e-08,-0.0140202616708242,4.0,0.0690281260858328,0.0002690843593857,0.0193486757091023,0.147727599894538,0.0145032157402229,0.0556848002084457,0.0788120246287577,0.1189642275053378,0.0206802027432701,0.0632183908045977,-0.0842105263157894,-0.1999999999999999,-0.2868852459016393,-0.1999999999999999,-0.1753554502369667,-0.2179775280898876,-0.1674641148325358,-0.1470588235294118,-0.13,-0.2126696832579185,-0.1364764267990075,-0.1364764267990075,-0.2179775280898876,-0.2266666666666666,-0.1714285714285714,-0.179245283018868,-0.0224719101123596,-0.0961038961038961,-0.1407407407407407,-0.0961038961038961,-0.0224719101123596,0.0235294117647058,0.0,0.0545454545454546,0.2428571428571428,0.2517985611510791,0.4808510638297871,0.4808510638297871,0.7058823529411764,0.5890410958904111,0.4935622317596566,0.5963302752293578,0.8510638297872342,1.1749999999999998,1.1219512195121952,1.1219512195121952,1.351351351351351,1.351351351351351,1.3199999999999998,1.1749999999999998,1.1886792452830188,1.1219512195121952,1.2307692307692308,1.21656050955414,1.3673469387755102,1.351351351351351,1.5777777777777775,1.5588235294117645
RYNX-L,9.0,0.3662546805934852,1.3907585003910434e-07,0.0150899652881311,0.3337780487976821,0.8422119608063969,1.375221511482895,1.4389999999999998,1.1509709867858384,0.0236899405117363,0.0051277508424162,0.0730254178022823,1.0,0.033847503472476,0.3467978900414203,2.5645114423791944e-08,0.0926148464549594,1.1151429388150524e-11,0.2416666666666666,0.1569582476984149,3.833423661409584e-08,0.441969196919692,3.0,0.0769069077493406,0.3266446585747637,0.0827596855826114,0.1159626889209466,0.1540641644989471,0.0572861608587154,0.0730757806359695,0.507977207977208,0.2197057713490334,-0.0413793103448275,0.25,0.1435331230283911,0.1599999999999999,0.1553784860557767,0.1111111111111111,0.3653483992467043,0.4499999999999999,0.5508021390374331,0.6421291053227633,0.7159763313609468,0.4399205561072492,0.7512077294685993,1.2834645669291338,1.508650519031142,1.5,1.396694214876033,1.5261324041811846,1.543859649122807,1.4744027303754264,1.3199999999999998,1.4247491638795986,1.552816901408451,1.6459854014598538,1.843137254901961,2.085106382978723,2.03347280334728,2.186813186813187,2.0720338983050848,2.5802469135802477,2.215077605321508,2.0982905982905984,2.553921568627451,3.4753086419753085,3.8013245033112586,3.2151162790697674,3.662379421221865,4.555555555555556,6.038834951456311,5.971153846153846,5.712962962962963,5.59090909090909,6.038834951456311,6.178217821782178,6.795698924731182,7.055555555555555,7.430232558139535,8.35483870967742,7.4795321637426895
RYSQ-L,7.0,0.1066287542207216,3.9697611149839554e-08,0.0043072580473488,0.2480208032360589,-0.1677461139896373,1.354552665625955,-0.558,0.0610594687950047,0.1605782673276288,-0.0014217167229429,-0.0356526739505462,1.0,0.2026845637583892,0.247046349591033,-6.658860803829517e-09,-0.0667285304538552,6.614984699605909e-13,0.0128205128205128,0.0289674782299627,2.157740919416154e-08,-0.0655669242012946,4.0,0.0583090623260542,-0.0490358685293701,0.2873247763425954,0.4836019522404444,0.371932452978037,-0.0553825486963424,-0.0717449770605916,0.5222672064777326,1.6536866802719628,0.1842105263157896,-0.1162790697674419,-0.3666666666666667,-0.2597402597402598,-0.0655737704918033,-0.1739130434782608,0.2127659574468083,0.5833333333333333,0.4430379746835442,0.357142857142857,0.0555555555555553,0.8688524590163933,0.8999999999999999,4.699999999999999,7.769230769230768,6.6,5.333333333333333,5.333333333333333,4.699999999999999,3.9565217391304337,4.181818181818182,5.705882352941176,8.5,9.363636363636363,8.5,8.5,10.4,10.4,10.4,7.769230769230768,7.142857142857141,7.142857142857141,8.5,8.5,7.769230769230768,7.142857142857141,6.6,6.124999999999999,4.699999999999999,4.999999999999999,3.9565217391304337,5.333333333333333,6.124999999999999,5.333333333333333,5.705882352941176,5.705882352941176,4.999999999999999,3.9565217391304337,3.56
RYTR-L,9.0,-0.0742569193103961,3.693414012527536e-07,0.0400741676057109,0.0499755628423945,-0.0260896220305512,3.2364912360629585,-12.9506,-0.3189695269931494,-0.0098804009495167,-0.0010585010165049,-0.001467164562163,1.0,1.7151895612718675,-0.0219030093614272,-7.019817505546237e-08,-0.0420606003306912,3.1845412717600136e-08,-0.0669732801622921,-0.0088542709756566,1.122151354243052e-06,-0.0903233047705438,2.0,0.1734164724858725,0.2186873198510638,0.0281818016671114,0.0053570688327213,0.0036458042213913,-0.015360228875884,-0.0601140503722477,-0.0228527863733315,1.6536866802719628,-0.0826446280991735,0.0189473684210526,-0.2155591572123176,-0.2155591572123176,-0.2377952755905511,-0.1151736745886654,-0.2507739938080495,-0.2052545155993431,-0.0986964618249535,-0.147887323943662,-0.1810490693739425,-0.0710172744721688,-0.1310592459605027,-0.1810490693739425,-0.2985507246376812,-0.2923976608187134,-0.2507739938080495,-0.2193548387096774,-0.2507739938080495,-0.2341772151898734,-0.2341772151898734,-0.1810490693739425,-0.2206119162640901,-0.2861356932153392,-0.1167883211678832,-0.1626297577854671,-0.1879194630872483,-0.0936329588014981,-0.0202429149797571,-0.0300601202404809,0.0189473684210526,-0.0358565737051792,-0.2840236686390532,-0.2621951219512195,-0.2666666666666666,-0.2743628185907046,-0.2292993630573249,-0.1433628318584071,-0.2721804511278196,-0.2484472049689441,-0.2530864197530865,-0.2401883830455259,-0.2644376899696049,-0.2553846153846154,-0.2732732732732733,-0.2218649517684887,-0.2206119162640901,-0.047244094488189,-0.0780952380952381
RYVE-L,18.0,0.0502795703660131,4.32882460927016e-07,0.0469684802026577,0.2033122983092478,0.1633027911318803,1.8608159011747536,33.2518,7.77791668647606,-0.0304319008934711,-0.0010699745487812,0.0320212804917148,1.0,0.2094632064594532,-0.0845216523485786,1.638234691774679e-07,-0.033163876226137,9.338564500784868e-08,1.6331108436371595,-0.0321303113345227,1.6350794725075344e-06,0.0937286962960083,5.0,0.4082357008128943,0.5074141360171213,-0.2684214924810496,0.3300928953083697,-0.1382464464142848,0.0338327816125446,0.1313579754940208,0.2851873741046654,0.7331675104040379,-0.2797619047619047,-0.142127659574468,-0.1884057971014492,-0.1391972672929121,-0.1399317406143345,-0.131782945736434,-0.2538860103626943,-0.3715710723192019,-0.3723536737235366,-0.5872235872235873,-0.5727002967359051,-0.5584756898817345,-0.5545735749005745,-0.5252001884126236,-0.5434782608695652,-0.5363385464581416,-0.5160825732117138,-0.4563106796116505,-0.4689146469968388,-0.4568965517241379,-0.4661016949152542,-0.5,-0.4728033472803348,-0.4722513089005236,-0.4356103023516237,-0.5363385464581416,-0.520912547528517,-0.4736292428198433,-0.4885844748858448,-0.4744525547445255,-0.4548404542996214,-0.478530781169167,-0.4843989769820972,-0.4449339207048458,-0.3960455362492511,-0.4014251781472684,-0.3831089351285189,-0.3879781420765027,-0.3517684887459807,-0.3521850899742931,-0.4583557227297151,-0.4314720812182741,-0.4663843303335098,-0.4669487043892121,-0.4722513089005236,-0.4603854389721628,-0.4190201729106628,-0.3750774953502789,-0.399284862932062
RYVU-L,9.0,0.0978243101471198,3.067066008452376e-07,0.0332781856741772,0.1516339956524231,0.2576139030230556,1.5456322389347708,-3.3511000000000006,0.450625737597441,0.0174229315870958,0.0008230409054823,0.0340042392916057,1.0,0.2537367664996275,0.2815064824321971,7.578995806103956e-08,-0.046684408437544,5.970147649696544e-09,0.0946168245504566,0.0453951252836264,4.19838541056991e-07,-0.0060836408885952,4.0,0.3482653009367026,-0.0642388287659652,-0.0020123972990729,-0.0068455427309964,0.0224509922985851,0.0177170348154663,0.0419671035141701,0.068766069722399,0.3317575757666396,-0.1514382402707276,0.0852001468968051,-0.0832945556072591,-0.1294741493592576,-0.0801556420233462,-0.1136772645470907,-0.2023215008773113,-0.1004566210045662,-0.1339390386869869,-0.1168559473998804,-0.1392368191086512,-0.1056295399515737,-0.0778592604150413,-0.1493955094991365,-0.1434782608695651,-0.1075203865901539,-0.0653170963150402,-0.0141784820683903,-0.0610104861773116,0.0658250676284941,0.1415877921576203,0.2726098191214472,0.2238558707806999,0.3696407879490151,0.436558094312105,0.37794357659128,0.3674224895881537,0.4400584795321638,0.5134443021766968,0.6559260297001963,0.6051059206952742,0.7306002928257689,0.7500740302043232,0.9169639961076874,0.9654140339208516,1.0700525394045537,1.347100873709293,1.2969296541002722,1.4231242312423125,1.605820105820106,1.5116872078198045,1.3167385339082711,1.1592985020094997,1.4686716791979948,1.5921052631578947,1.7930056710775046,1.7110091743119265,2.03699897225077,2.488783943329398
RYWD-L^E23,8.0,-0.1453786041498248,1.3842054427149924e-06,0.150188635024258,0.0413814561294337,-0.1114322414900449,0.6737764160807848,-51.0,-0.0919199324780983,-0.1979759354777514,-0.0032336297493936,0.149721203570669,1.0,0.0403899721448468,-0.1957905041605482,-2.072516974485016e-07,-0.136578278241832,6.691052911329237e-08,-0.019300211679741,0.0072756669361358,1.2510925638659548e-06,-0.0883977900552486,3.0,0.6674355300720151,0.0837975858867223,-0.0011948471301219,-0.1559839941797017,-0.034358449912648,0.0013202858030444,0.0025906735751295,0.0440160058202982,1.6536866802719628,-0.0980392156862743,-0.0846153846153846,-0.1736111111111111,-0.283132530120482,-0.2958579881656805,-0.308139534883721,-0.4128289473684211,-0.4765395894428152,-0.4059900166389351,-0.3928571428571429,-0.3969594594594594,-0.4507692307692308,-0.3602150537634409,-0.3812824956672443,-0.4447900466562986,-0.531496062992126,-0.5075862068965518,-0.5162601626016261,-0.5428937259923176,-0.5651644336175397,-0.4971830985915493,-0.5201612903225807,-0.531496062992126,-0.5369649805447472,-0.482608695652174,-0.6089813800657174,-0.6136363636363636,-0.643,-0.6628895184135977,-0.673972602739726,-0.5961538461538461,-0.6055248618784531,-0.6024498886414253,-0.5952380952380953,-0.6911764705882353,-0.6777978339350181,-0.6812499999999999,-0.6956521739130435,-0.5724550898203593,-0.5795053003533569,-0.6214209968186639,-0.6202127659574468,-0.6242105263157895,-0.5896551724137931,-0.6451292246520874,-0.6234177215189873,-0.6059602649006623,-0.6393939393939394,-0.6364562118126273
RYXD-L,9.0,0.0304947344870802,1.1433378849582906e-06,0.124054097039672,0.0119927639372262,0.1654958952201608,0.961974417351114,-1.2813,0.0414798291576523,-0.0122899850237224,-0.0005771473273245,0.0106888300027733,1.0,0.9073847133635038,0.0433501889795242,1.2227777861359606e-07,-0.0203956812873733,1.316998955205107e-09,0.0087094220110848,0.0211405872480674,1.1702975615656882e-06,0.0182377168722249,3.0,0.0758985923138294,0.1008367911722586,-0.0263179334298168,-0.0955346232385954,-0.0224962283727954,0.0234446608387809,0.0494065586714004,0.0109838651725904,0.4064894567844622,-0.0808344198174706,-0.020434227330779,0.010540184453228,0.0039267015706807,0.2532679738562091,0.2677685950413224,-0.0038961038961039,-0.0890736342042755,-0.0013020833333332,-0.0472049689440994,-0.152486187845304,-0.1663043478260869,-0.1725997842502696,-0.0759036144578314,-0.2865116279069767,-0.3071364046973803,-0.3444444444444444,-0.3576214405360134,-0.4086353122590593,-0.3597662771285476,-0.3254177660510113,-0.3410652920962199,-0.3330434782608695,-0.3145665773011618,-0.2956841138659321,-0.5163934426229508,-0.4710344827586207,-0.4529243937232524,-0.4250374812593703,-0.4113584036838066,-0.3774350649350649,-0.4118098159509202,-0.4647592463363573,-0.4389173372348207,-0.4158415841584159,-0.4054263565891473,-0.3554621848739496,-0.3510998307952623,-0.3779399837793998,-0.409545804464973,-0.4263275991024682,-0.4425872093023255,-0.4866131191432395,-0.5048418334409297,-0.5045219638242895,-0.4907038512616202,-0.4721266345492085,-0.4746575342465753,-0.48
RZAY-L,9.0,0.3485940758149664,2.5322851420170576e-07,0.0274757226951649,0.1335426769384728,0.3218147760985805,1.507103976262564,1.5383,4.369069877993501,0.0089051070895512,0.0032276344642373,0.0362610252963151,1.0,0.8124216228249175,0.2082760877362626,1.9617184938339772e-08,0.1674271007710225,4.1234100385928125e-10,0.917363309736402,0.0431926780616896,1.3977956788169424e-07,0.7079178759616916,3.0,0.1918691329469097,0.4241418767391441,0.008506265900622,0.6761801101527901,-0.2163443687312561,0.0120822743918811,0.0187515576201257,0.6761801101527901,0.7979447407821345,-0.1991017964071856,-0.0696378830083565,-0.3134635149023639,-0.3266129032258065,-0.265934065934066,-0.2451977401129943,-0.215962441314554,-0.2878464818763326,-0.1045576407506703,-0.1457800511508952,-0.1753086419753086,-0.165,-0.0443490701001431,-0.1629072681704261,-0.0318840579710145,-0.0886766712141883,0.1739894551845342,0.7981157469717362,0.6292682926829269,0.6432964329643294,0.9560761346998534,1.1341853035143772,1.4468864468864466,1.5399239543726235,1.5941747572815532,2.050228310502283,2.2192771084337344,2.67032967032967,3.1107692307692307,3.840579710144928,3.7714285714285714,4.301587301587301,5.272300469483568,5.100456621004566,5.072727272727272,5.549019607843137,5.301886792452829,5.272300469483568,5.517073170731708,7.675324675324674,6.9523809523809526,6.9523809523809526,7.146341463414634,7.4556962025316444,8.027027027027026,8.150684931506849,8.150684931506849,8.408450704225352,8.408450704225352
RZBO-L,9.0,0.6981371609192425,1.7838950645346177e-07,0.0193555635963591,0.4702636346300534,1.157487042205388,0.3036073430951466,5.901,0.5037406175587883,-0.078705172343093,0.0241987719252791,0.024591685226429,1.0,1.3223922674184454,0.7666719923310431,1.1596221353525929e-08,0.1011330900710581,9.496852227514515e-12,0.1057692307692306,0.1205015933880871,3.3088272114749134e-08,0.4044097507532185,5.0,0.087137258382774,-0.8107761064713738,0.0366701827606299,0.915129941385863,-0.1574358370622685,0.1177700135788718,0.1396143828678917,-0.0848700586141369,-0.3280686152014216,-0.1471215351812367,-0.0619999999999999,-0.3227436823104692,-0.2017021276595744,-0.1472727272727272,-0.3128205128205128,-0.4803324099722992,-0.2812260536398467,-0.2866920152091254,-0.2117647058823528,-0.3463414634146341,-0.2915407854984894,-0.297378277153558,-0.0712871287128711,-0.1418115279048489,-0.1049618320610686,0.4610591900311527,0.821359223300971,1.2657004830917875,1.791666666666667,2.045454545454546,2.3262411347517733,2.3500000000000005,2.126666666666667,3.69,3.713567839195981,3.69,4.51764705882353,4.211111111111111,4.153846153846154,3.620689655172415,3.509615384615385,3.403755868544602,3.060606060606061,3.0782608695652183,2.844262295081968,2.813008130081301,2.924686192468619,3.322580645161291,3.69,3.643564356435644,3.643564356435644,3.263636363636364,3.1875,3.0085470085470094,3.244343891402715,2.892116182572614,2.991489361702128,2.6784313725490203
RZGU-L,8.0,-0.7709437563692636,3.638526888764404e-07,0.0394786330164072,0.2180063551841826,-4.756236559139785,1.0721640344672465,-10.2832,0.1304832483838454,-1.3657886142829283,-0.0421391481583331,-0.000467512762561,1.0,404.22222222222223,-0.8250934720289362,-1.8188898926904725e-06,-0.2541786945802002,8.872507317635649e-13,0.0273972602739725,-4.313575360857541e-05,3.722442608085081e-07,0.0001433794537242,3.0,0.0021074129248848,2.2356952268010675,-0.0423031976316012,-0.2729789705810742,-0.6480823491457203,-2.0472448422402127,-3.1897610416512543,-0.2729789705810742,1.6536866802719628,-0.2857142857142857,-0.5757575757575757,-0.6499999999999999,-0.631578947368421,-0.7254901960784313,-0.7777777777777778,-0.8157894736842105,-0.8028169014084507,-0.8372093023255813,-0.8444444444444444,-0.8352941176470587,-0.8271604938271605,-0.8313253012048193,-0.8292682926829268,-0.8478260869565217,-0.8409090909090908,-0.8133333333333334,-0.7704918032786885,-0.7454545454545454,-0.7021276595744681,-0.6956521739130435,-0.6666666666666666,-0.5757575757575757,-0.5625,-0.5333333333333332,-0.3636363636363635,-0.4166666666666666,-0.4166666666666666,-0.5625,-0.3636363636363635,13.000000000000002,13.000000000000002,13.000000000000002,13.000000000000002,13.000000000000002,13.000000000000002,13.000000000000002,13.000000000000002,13.000000000000002,13.000000000000002,13.000000000000002,13.000000000000002,13.000000000000002,6.000000000000001,6.000000000000001,6.000000000000001,3.666666666666667,3.666666666666667,3.666666666666667
RZHO-L,6.0,1.3517839019439453,7.56377514676588e-07,0.0820682414522968,0.1328176868941707,-0.7632354051808776,0.2932652200384979,-0.6595,2.0686207912974304,-0.0347070935274207,0.0007114506103497,0.0296689705110652,1.0,0.7957405614714425,1.1841897579796563,-8.92008330233646e-08,0.7429948990287166,3.6916760706267054e-12,0.4343434343434341,0.1951752673901163,1.583751300879517e-07,2.712099644128113,4.0,0.0185174540773203,0.2324653618102614,-0.0854201289257089,-1.2525405658810729,0.0616543159050363,-0.0659459893907731,-0.0782397253742729,0.365225744476465,1.6536866802719628,-0.0847457627118642,-0.1690140845070422,-0.1917808219178082,-0.144927536231884,-0.1805555555555555,-0.2435897435897436,-0.271604938271605,-0.2625,-0.2236842105263158,-0.1571428571428571,-0.2027027027027027,-0.2027027027027027,-0.2236842105263158,-0.1571428571428571,-0.1571428571428571,-0.2625,-0.3444444444444444,-0.2531645569620254,-0.3295454545454546,-0.2976190476190476,-0.3444444444444444,-0.3586956521739131,-0.313953488372093,-0.1805555555555555,-0.1323529411764706,-0.0781250000000001,-0.1690140845070422,-0.1690140845070422,0.0727272727272725,0.2291666666666667,0.1132075471698113,0.0925925925925925,0.1568627450980391,0.2291666666666667,0.2291666666666667,0.0535714285714283,0.0172413793103447,-0.0781250000000001,-0.0781250000000001,-0.1323529411764706,-0.1323529411764706,-0.0781250000000001,-0.1060606060606061,-0.1323529411764706,-0.1060606060606061,-0.1571428571428571,-0.1805555555555555,-0.1060606060606061,-0.0781250000000001
RZIA-L,10.0,0.0470726300691093,9.111641500072677e-08,0.0098862853554612,0.1649293231209913,-2.235220125786164,0.1565058715032568,-0.0774,1.1906596415025914,-10.661361688545824,0.010876474327283,-0.0138312586445366,1.0,47.33333333333333,-0.0031218958422022,-2.4890021407315973e-08,0.0229313969042614,2.146134364823585e-15,0.25,0.0016951362628765,1.2542288015046662e-08,0.5521669341894061,3.0,0.0216766427494419,1.7611111111111108,-31.941099476439764,-0.6422338568935424,1.687574212044961,-0.051949179880394,-0.055078335679238,1.6910994764397906,1.6536866802719628,-0.0808080808080807,0.2073170731707316,0.03125,-0.01,-0.0660377358490567,0.4776119402985073,0.4142857142857143,0.4142857142857143,0.7678571428571426,0.7068965517241381,0.5714285714285714,0.546875,0.4347826086956523,0.375,0.4347826086956523,0.3378378378378379,0.4776119402985073,0.4558823529411764,0.375,0.4142857142857143,0.1511627906976744,0.3943661971830987,0.3561643835616439,0.6229508196721312,0.523076923076923,0.3943661971830987,0.4776119402985073,0.3026315789473683,0.3026315789473683,0.2222222222222221,0.1927710843373493,0.2073170731707316,0.2374999999999998,0.375,0.1785714285714286,0.0999999999999998,0.2222222222222221,0.736842105263158,1.25,1.4749999999999996,1.4146341463414631,1.6052631578947367,1.4749999999999996,1.75,2.193548387096774,2.535714285714285,3.5,3.9499999999999993,3.5
RZLX-L,9.0,0.7404195973805481,6.871576864901674e-07,0.0745577728534006,0.1256941783088876,-0.005586793801113,0.6151331351033806,-3.0415,4.896170488421872,-0.1212662109631645,0.0144293242853017,0.0246912007638375,1.0,6.153846153846154,1.3052321185543625,-5.4845951985103554e-08,0.3648810709149209,1.4791651547015736e-11,1.0280373831775702,0.0423478049963618,9.300597812177012e-07,0.4735930581345521,1.0,0.0249493412160241,-0.4395796847635726,0.2471641329877236,-7.580745851815345,-1.198136699842212,-0.0239557739557739,-0.0755724285205837,0.7525874815179892,1.6536866802719628,-0.037037037037037,0.0,0.0384615384615385,0.08,0.0,-0.0689655172413792,-0.0689655172413792,-0.0689655172413792,-0.0689655172413792,-0.0689655172413792,-0.129032258064516,-0.129032258064516,-0.15625,-0.1692307692307691,-0.1818181818181817,-0.2058823529411765,-0.0999999999999998,0.0588235294117647,0.0384615384615385,0.1739130434782609,0.148936170212766,0.148936170212766,0.148936170212766,0.148936170212766,0.148936170212766,0.1739130434782609,0.2272727272727273,0.2558139534883721,0.1999999999999999,0.1739130434782609,0.148936170212766,0.08,0.0,-0.0357142857142857,0.0588235294117647,0.1250000000000002,-0.0999999999999998,-0.0181818181818181,-0.0999999999999998,-0.0847457627118642,0.5428571428571431,0.4210526315789473,0.588235294117647,0.588235294117647,1.2500000000000004,0.5428571428571431,0.2857142857142858,0.2558139534883721,0.4594594594594596
RZWA-L,20.0,-0.1292296616270698,1.6308823529411765e-06,0.1769534975913389,0.0318875827590866,0.2000974500568458,2.115006101732143,-8.0,0.0867704777274445,-0.0018351017286717,-5.999520038396928e-05,0.0065120065120065,1.0,0.1770833333333333,-0.1122673604162497,9.522058823529412e-08,-0.2289782566865009,8.405109461778397e-07,0.0182189927967033,0.0133189344852411,1.0371323529411765e-06,-0.1543764988009592,4.0,0.7647354443130778,0.1703392094017095,-0.0463693420604487,-0.0464491567636803,-0.0746549293775957,0.0120550276556516,0.0200424428200896,0.04050736497545,-0.2937049702413524,-0.1365079365079364,-0.1201117318435754,-0.1943734015345268,-0.3181818181818182,-0.3196544276457883,-0.3674698795180723,-0.3649193548387097,-0.4615384615384615,-0.4177449168207024,-0.4272727272727272,-0.3649193548387097,-0.3046357615894041,-0.2588235294117647,-0.1486486486486486,-0.1775456919060052,-0.1964285714285714,-0.2164179104477611,-0.2517814726840855,-0.2857142857142858,-0.2183622828784119,-0.2517814726840855,-0.2260442260442261,-0.2317073170731707,-0.3181818181818182,-0.3076923076923077,-0.3584521384928717,-0.3597560975609756,-0.3835616438356165,-0.378698224852071,-0.375,-0.4056603773584906,-0.3531827515400411,-0.3326271186440678,-0.3167028199566161,-0.3167028199566161,-0.2905405405405405,-0.3558282208588956,-0.2921348314606742,-0.3046357615894041,-0.3,-0.3687374749498998,-0.3918918918918919,-0.4,-0.3269230769230768,-0.2824601366742596,-0.2553191489361703,-0.2791762013729977,-0.2674418604651163,-0.2464114832535885
RZWS-L,8.0,-0.0553608969866853,5.94506889724927e-07,0.0645050044776397,0.1175968690297331,0.0502046384720327,0.3991526236169433,-0.0799999999999999,-0.0436939317982602,0.1948313376829984,-0.0027551468848247,3.9375848032564456,1.0,0.4752986761381982,-0.0462697528963018,-1.63040442730604e-08,-0.0070424710424709,1.139726905689592e-12,-0.0091743119266055,-0.0027029732705976,1.0225471245169404e-07,-0.1049638055842812,5.0,0.0190377685632378,0.2282700938917239,-0.075236148128934,0.3801081888050287,0.3017242073996714,-0.0175180161085205,-0.020531100953895,0.3208073148974131,1.6536866802719628,0.0,0.04,-0.1333333333333333,-0.1333333333333333,-0.0714285714285715,0.0833333333333334,0.04,0.1818181818181818,0.1818181818181818,0.1304347826086955,0.04,0.0,-0.1034482758620688,0.1304347826086955,0.0833333333333334,-0.0714285714285715,-0.1333333333333333,-0.2121212121212121,-0.037037037037037,-0.1333333333333333,-0.0714285714285715,-0.1875,0.0833333333333334,0.1818181818181818,0.0833333333333334,-0.037037037037037,0.0,-0.0714285714285715,-0.1034482758620688,-0.0714285714285715,-0.1333333333333333,-0.2121212121212121,-0.1875,-0.2571428571428571,-0.1333333333333333,-0.2777777777777777,-0.1875,-0.2777777777777777,-0.037037037037037,-0.0714285714285715,-0.1612903225806451,-0.409090909090909,-0.2777777777777777,-0.2972972972972972,-0.2352941176470588,-0.3333333333333333,-0.3333333333333333,-0.2352941176470588,-0.35
SABI-L,13.0,0.1440131008573354,6.988375301947904e-08,0.0075825055678017,0.545831957824395,10.392370572207083,1.2487868153215296,0.3617999999999999,-0.3663568127700278,-0.0250405933127458,0.0015957631332462,0.015212694181795,1.0,0.1164658634538152,0.0854692429022081,3.5941485182936144e-08,-0.0008087343307723,6.22221894328877e-13,-0.0769230769230768,0.0144494750024082,5.4899143004131675e-09,2.665254237288136,3.0,0.0442988914021355,0.3408505818144373,0.0050900688361342,-0.0443735817625346,-0.0248065957591145,0.11564889352959,0.1247298156389065,0.2078388076179961,0.3512952633528467,-0.1115942028985508,0.1896551724137931,0.0849056603773583,0.0631741140215715,0.0470409711684369,0.1734693877551021,0.2637362637362637,0.2365591397849462,0.3269230769230768,0.5401785714285716,0.4870689655172413,0.393939393939394,0.3330757341576507,0.4375,0.2660550458715596,0.571753986332574,0.8273305084745763,0.8062827225130889,0.7692307692307692,0.929530201342282,0.9166666666666669,1.043838862559242,1.281746031746032,1.5555555555555554,1.5090909090909093,1.5090909090909093,2.066666666666667,2.066666666666667,2.5384615384615383,2.586278586278586,2.3236994219653178,2.343023255813953,2.388998035363458,2.0,1.9690189328743548,1.733755942947702,1.733755942947702,2.1137184115523464,2.122171945701357,2.689839572192513,2.520408163265306,2.916004540295119,3.3125,3.1071428571428568,2.920454545454545,2.841870824053452,3.197080291970803,3.7260273972602738,3.805013927576602
SABL-L^K21,9.0,-0.0775477583000382,7.533557692307693e-07,0.0817403769533623,0.1178145833744832,0.088678866025431,0.271869024279146,2.8221,0.7776386318666296,0.04527983970748,-0.0037307768965057,0.0194426769882059,1.0,0.1579591264665987,-0.0034916394298016,4.1283653846153846e-08,-0.0208739205586059,2.419250828266537e-10,0.1632789515913345,0.0127864739043606,5.906165865384615e-07,-0.1574179653943165,2.0,0.1169595385420001,-0.283312106980096,-0.0261665019065418,-0.6259062753540445,0.0290945604301545,0.0047598572257465,0.0084914931907235,-0.2919844705347556,0.6212350270822534,0.0666666666666666,-0.0151515151515151,-0.0051020408163264,0.0209424083769633,-0.0972222222222223,-0.1371681415929203,-0.1942148760330578,-0.2857142857142857,-0.2137096774193548,-0.2934782608695652,-0.3478260869565218,-0.275092936802974,-0.2857142857142857,-0.247104247104247,-0.1942148760330578,-0.1666666666666666,0.2037037037037035,0.1607142857142858,0.1271676300578035,0.1142857142857143,0.0427807486631015,0.1206896551724137,0.0955056179775279,0.0773480662983425,0.1403508771929824,0.2037037037037035,0.2662337662337661,0.1337209302325581,0.21875,0.21875,0.2341772151898733,0.2111801242236024,0.3175675675675675,0.2913907284768211,0.477272727272727,0.392857142857143,0.8932038834951455,0.0317460317460318,0.0773480662983425,0.0263157894736842,0.0,0.0209424083769633,-0.0151515151515151,0.0427807486631015,-0.025,-0.0051020408163264,-0.0346534653465346,-0.1136363636363637,-0.2231075697211154
SAFO-L,9.0,0.0830605146043276,3.758989424303634e-07,0.0407856719302776,0.0415274350285154,0.2311288543362924,0.9598885583277984,0.2689999999999999,1.568786410960578,0.0062544987591092,-0.0002212156325713,0.8301906174687996,1.0,0.0689795918367346,0.0603439880013245,1.4065913730195461e-08,0.1399497811366159,2.186404968260242e-11,0.329394387001477,0.2693360274182821,2.0891023760104737e-07,0.1264847153442306,4.0,0.0407160271283855,-0.0977476869272656,-0.0014287895763075,-0.040978470077436,0.0307520840784256,0.0090910393443562,0.0120854840860174,0.2772033481043822,0.5512288934239876,0.0408163265306122,-0.0576923076923077,-0.1587982832618025,-0.1009174311926606,-0.1403508771929824,-0.0883720930232557,-0.1694915254237288,-0.2283464566929134,-0.176470588235294,0.0051282051282051,-0.062200956937799,-0.0576923076923077,-0.0050761421319797,0.0208333333333332,0.1395348837209302,0.1878787878787879,0.1264367816091953,0.1264367816091953,0.240506329113924,0.3066666666666666,0.53125,0.7657657657657655,0.7657657657657655,1.0416666666666663,1.0,0.7818181818181817,0.7499999999999998,0.7499999999999998,1.2790697674418603,1.3058823529411765,1.1777777777777776,1.1304347826086951,1.2790697674418603,1.1304347826086951,1.0851063829787235,1.0416666666666663,1.0851063829787235,1.0416666666666663,1.0851063829787235,1.1777777777777776,1.2790697674418603,1.1304347826086951,1.1304347826086951,1.0851063829787235,1.1304347826086951,1.3333333333333337,1.4499999999999995,1.3058823529411765,1.2528735632183907
SAIB-L^K19,13.0,0.0281113537117903,5.350455796426127e-07,0.0580533516214707,0.02920095566764,0.1927184466019417,0.6894430802880505,4.0,-0.1642289160693229,0.0039941852879439,-0.001935305501797,1.5871104815864023,1.0,0.0712457337883959,0.1126039667306462,7.076508528913221e-08,0.0193782801776328,2.3145979029220325e-08,-0.0344827586206896,0.1214519650655021,6.224250762604977e-07,-0.0352885073915116,3.0,0.9137999229160376,-0.0129399000971904,-0.020883016314915,-0.2112991284885889,0.0129941302874284,0.0197183098591549,0.0556915544675642,0.0589711417816813,0.3954468148476432,-0.0835734870317003,0.0579268292682928,-0.1389578163771712,-0.0820105820105818,-0.1102564102564102,-0.1102564102564102,-0.0646900269541778,-0.0771276595744679,0.0,-0.0672043010752688,0.0515151515151517,-0.0440771349862257,-0.0142045454545454,-0.0771276595744679,-0.2219730941704035,-0.2456521739130434,-0.2632696390658173,-0.2755741127348643,-0.3477443609022557,-0.3142292490118576,-0.2710084033613444,-0.3018108651911468,-0.2694736842105263,-0.2271714922048997,-0.2004608294930875,-0.2456521739130434,-0.2219730941704035,-0.2800829875518672,-0.2648305084745762,-0.2356828193832598,-0.1658653846153845,-0.1967592592592593,-0.2537634408602151,-0.2569593147751605,-0.1618357487922704,-0.2390350877192981,-0.163855421686747,-0.1557177615571776,-0.0795755968169761,-0.0795755968169761,-0.1515892420537896,-0.2131519274376416,-0.2456521739130434,-0.205949656750572,-0.2149321266968324,-0.1854460093896712,-0.1368159203980098,-0.1303258145363408,-0.0646900269541778
SAID-L,7.0,0.1358109855997241,4.603915475201402e-07,0.0499532626913624,0.4070756149407835,0.0922065202182734,4.568008738854751,1.5395,0.6061539993104101,1.2600733711483894,0.0024143556280587,0.0003375243492632,1.0,12.15,0.0261121856866537,-6.074912031368486e-09,-0.0885784650167548,3.640939102069394e-12,0.1272727272727272,0.004483918254721,6.827333278682268e-07,0.2240547689435196,4.0,0.0032396669252102,-0.6649326230021937,-1.4228990621719866,1.3163019693654263,1.5647300018337014,0.0166346445545555,0.0338407735033943,1.3163019693654263,1.6536866802719628,0.0,1.0,0.0,0.0,0.0,0.0,0.0,1.0,1.0,1.0,1.0,1.0,1.0,1.0,1.0,1.0,1.0,1.0,1.0,0.0,1.0,1.0,0.0,-0.3333333333333332,-0.5,-0.6000000000000001,-0.6000000000000001,-0.6000000000000001,-0.6000000000000001,-0.5,-0.6000000000000001,-0.3333333333333332,-0.5,-0.5,-0.5,-0.6666666666666666,-0.8,-0.8,-0.8333333333333333,-0.8333333333333333,-0.8666666666666667,-0.8666666666666667,-0.8823529411764706,-0.8888888888888888,-0.8888888888888888,-0.9230769230769232,-0.9230769230769232,-0.9333333333333332,-0.9444444444444444
SAIF-L,11.0,-0.1458104054400722,6.95816112249908e-07,0.0754972267134893,0.1565469805110609,1.3115471600666964,0.8973765512763656,-44.67540000000001,0.1080018634747446,-0.1022042484246334,-0.006971419702901,0.0766606897288652,1.0,0.094158199422269,-0.1642335960106441,1.2395998914888996e-07,-0.0625842717557818,7.580649434103011e-09,0.0226768968456947,0.0918999854294853,1.3304389632280574e-07,-0.0345008368873045,3.0,0.5981613456336083,0.0123900853146802,-0.0234657876806669,0.4666306324170158,-0.0126353500378058,0.040744951073269,0.0461402651541214,0.1074791051606791,0.2651090083066029,-0.1724137931034483,0.0810372771474878,0.0880913539967374,0.0421874999999998,0.1579861111111111,-0.043041606886657,0.0341085271317829,-0.064516129032258,-0.0618846694796062,-0.0059612518628912,0.0487421383647799,0.1401709401709401,0.1382252559726962,0.1043046357615893,0.117252931323283,0.1006600660066008,0.2261029411764705,0.1285956006768189,0.0570522979397782,0.166083916083916,0.1847246891651865,0.2729007633587785,0.295145631067961,0.4468546637744033,0.5159090909090909,0.4563318777292575,0.4437229437229437,0.512471655328798,0.5547785547785546,0.4563318777292575,0.6758793969849246,0.642857142857143,0.4252136752136752,0.4221748400852876,0.6972010178117047,0.5298165137614677,0.4563318777292575,0.4406047516198703,0.3313373253493015,0.3260437375745526,0.2216117216117217,0.2127272727272726,0.1519861830742659,0.1116666666666665,0.1559792027729636,0.249063670411985,0.1539792387543253,0.1324278438030561,0.1401709401709401
SAIG-L^F22,6.0,-0.0536569575012055,3.567786237318211e-06,0.3871108496656051,0.014832305038159,-0.435433353257621,0.3976679856835831,1.4645,-0.5013303753695119,0.0295686129504662,-0.0030554472844505,0.022076813655761,1.0,1.063114134542706,-0.0751465773242976,-3.501078054897931e-07,0.0099315719444972,9.205265200704949e-12,-0.1052631578947367,0.0111647695366951,6.399403180133093e-07,0.0871799990019461,3.0,0.0095715074566314,-0.2955587883929803,1.0317242031021878,0.076561450638012,0.330282088974035,-8.377138788246873e-05,-9.879714476251636e-05,0.076561450638012,1.6536866802719628,-0.2058823529411765,-0.15,-0.3461538461538461,-0.4035087719298245,-0.4137931034482758,-0.3461538461538461,-0.3818181818181818,-0.4137931034482758,-0.4035087719298245,-0.4848484848484848,-0.5072463768115941,-0.442622950819672,-0.4516129032258064,-0.46875,-0.46875,-0.4333333333333332,-0.3928571428571429,-0.46875,-0.5072463768115941,-0.442622950819672,-0.3928571428571429,-0.4333333333333332,-0.5072463768115941,-0.3584905660377359,-0.3818181818181818,-0.4035087719298245,-0.4516129032258064,-0.4769230769230769,-0.3703703703703703,-0.2608695652173912,-0.3703703703703703,-0.4035087719298245,-0.3061224489795917,-0.5,-0.442622950819672,-0.081081081081081,-0.15,-0.2444444444444444,-0.4333333333333332,-0.5466666666666666,-0.5072463768115941,-0.46875,-0.6136363636363635,-0.8034682080924855,-0.8388625592417062,-0.793939393939394,-0.84037558685446,-0.880281690140845,-0.8740740740740741
SALT-L^C23,8.0,0.8730295213528233,7.212309763950103e-07,0.0782547825195069,0.7569304204149073,-3.49435180204411,0.0055447123679582,-0.0605,0.1133961563335794,-10.9354533906018,-0.0066684449186449,-2.677070828331335,1.0,0.1334396597554492,0.9975280158206988,-2.081995863712681e-07,-0.0365123703112529,4.8162843680597104e-17,0.0238095238095236,0.0378331900257953,5.6467964408783495e-08,0.0428571428571427,3.0,0.0047250498595524,0.0292397660818712,3.881861242685984,-0.4506300114547538,-0.2932977388480179,-0.0831675592960979,-0.0896790693837142,-0.2061855670103093,1.6536866802719628,-0.0555555555555554,-0.1428571428571429,-0.1818181818181818,-0.3333333333333333,-0.1,-0.1627906976744186,-0.25,-0.2173913043478261,-0.1428571428571429,-0.25,-0.28,-0.1428571428571429,0.0,-0.0526315789473684,-0.5813953488372093,-0.7313432835820896,-0.767741935483871,-0.7631578947368421,-0.8285714285714286,-0.8153846153846154,-0.767741935483871,-0.76,-0.7831325301204819,-0.7165354330708662,-0.75,-0.7942857142857143,-0.7567567567567568,-0.7631578947368421,-0.775,-0.7631578947368421,-0.788235294117647,-0.8085106382978724,-0.8054054054054054,-0.7942857142857143,-0.7942857142857143,-0.8021978021978022,-0.8153846153846154,-0.8615384615384616,-0.8454935622317596,-0.8054054054054054,-0.8325581395348838,-0.8588235294117648,-0.8421052631578947,-0.8736842105263158,-0.7804878048780488,-0.7869822485207101,-0.8105263157894737,-0.8095238095238095,-0.8200000000000001
SAMC-L^H19,6.0,-0.0723048472377778,1.502717671380026e-06,0.163047412563792,0.136547556489753,0.2694443787961146,3.851358436665479,0.0365,-0.0146018555932867,0.0084064378072225,0.0016933944977316,-0.0404836798888843,1.0,0.2936026149894933,-0.1800068902158934,3.351941140102985e-07,-0.0481151195784351,2.8107481556818073e-10,-0.003065917220235,0.034850102883338,2.245079772884548e-06,0.017113981980264,2.0,0.0053438411111426,0.2912453586195991,-0.0006896408166657,0.0277001692715742,0.0818362475623771,0.0111884774124715,0.0279042083887682,-0.0213292084938022,0.4228308903096888,-0.5308641975308642,-0.0121951219512194,-0.0898876404494382,-0.3017241379310343,-0.3135593220338982,-0.2767857142857143,-0.1980198019801979,-0.1818181818181817,-0.0357142857142855,-0.173469387755102,-0.1473684210526314,-0.4044117647058823,-0.2358490566037735,-0.1195652173913043,-0.1290322580645161,-0.0795454545454544,-0.1195652173913043,-0.1098901098901098,-0.1382978723404254,-0.1818181818181817,0.08,0.08,0.0384615384615385,-0.0581395348837208,-0.1562499999999999,-0.0999999999999999,-0.1098901098901098,-0.3360655737704917,-0.2058823529411764,-0.3249999999999999,-0.3863636363636363,-0.4705882352941176,-0.5597826086956521,-0.554945054945055,-0.5449438202247191,-0.564516129032258,-0.7317880794701986,-0.7412140575079872,-0.7263513513513513,-0.7263513513513513,-0.7263513513513513,-0.71875,-0.7,-0.6896551724137931,-0.7065217391304348,-0.7263513513513513,-0.737012987012987,-0.737012987012987,-0.696629213483146
SAMO-L,12.0,0.1127205769482872,3.263462205700124e-07,0.0354091176788036,0.2982754981321578,0.034138571271374,0.5416970889002659,2.1487000000000007,-0.045830783793985,-0.0091729399854105,0.0024834332738461,-0.020756053450458,1.0,0.1755738113201572,-0.1930578093057686,4.36822800495663e-08,0.0861008341001629,3.167297595029978e-09,-0.0096229817062051,-0.0016154961013524,3.611193060718712e-06,0.1521738803832251,2.0,0.1134451293310025,0.130325240034412,0.0419309696225063,0.0437797364277779,-0.0465079685112717,0.0058209835658134,0.0749707790698446,0.0329032928270819,1.075011743158106,-0.1487341772151899,0.0568561872909698,0.0568561872909698,0.042904290429043,0.1924528301886794,0.234375,0.2690763052208835,0.1703703703703702,0.1490909090909091,0.0463576158940397,0.0533333333333334,0.0095846645367412,0.1087719298245615,-0.097142857142857,-0.3024282560706401,-0.3319238900634249,-0.3276595744680851,-0.3577235772357723,-0.3457556935817805,-0.2850678733031674,-0.2768878718535469,-0.2702078521939953,-0.2564705882352941,-0.4233576642335767,-0.3511293634496919,-0.4180478821362798,-0.3992395437262357,-0.426497277676951,-0.5023622047244094,-0.4689075630252101,-0.4911433172302737,-0.5007898894154819,-0.5190258751902588,-0.4357142857142856,-0.4802631578947368,-0.5168195718654434,-0.488673139158576,-0.5718157181571816,-0.5688949522510232,-0.5318518518518518,-0.5212121212121212,-0.5290611028315946,-0.5262368815592204,-0.5758389261744966,-0.573549257759784,-0.5629322268326418,-0.5359765051395007,-0.4903225806451613,-0.4794069192751236
SAMU-L,7.0,0.1649195807681333,4.571074554716038e-07,0.049596933141685,0.0532930646426092,0.614986087706235,1.380186538894042,1.1187999999999998,2.6760862039891338,0.0090715859724568,-0.0008232701873068,0.1777670986892846,1.0,0.111536745490471,0.0906916833252008,5.3621974628163724e-08,0.1169944740678921,9.079214278792823e-11,0.5618915159944365,0.2613796908354044,1.3485490353327777e-07,0.5053387072228414,5.0,0.0639297436172301,-0.1645437907681014,-0.0202733099057905,-0.3449050266348831,0.0544266773083916,0.0249015975058967,0.0324763416735888,0.2233679520930366,0.2969171052138459,0.0188679245283018,0.0,-0.2374100719424459,-0.2980132450331125,-0.2148148148148148,-0.1166666666666665,-0.0862068965517239,-0.0363636363636363,-0.0363636363636363,0.0392156862745098,-0.0535714285714286,0.1041666666666667,0.0816326530612245,0.0816326530612245,0.0927835051546392,0.0927835051546392,0.2045454545454545,0.2325581395348839,0.2325581395348839,0.2045454545454545,0.2926829268292683,0.606060606060606,0.606060606060606,0.5820895522388059,0.4722222222222223,0.5142857142857145,0.65625,0.7666666666666668,0.8596491228070178,0.8596491228070178,0.737704918032787,0.7096774193548387,0.827586206896552,1.0384615384615383,0.962962962962963,1.0784313725490198,1.0384615384615383,1.12,1.0384615384615383,1.2083333333333337,1.12,1.1632653061224492,1.1632653061224492,0.9272727272727272,1.0384615384615383,1.4090909090909092,1.12,1.12,1.0384615384615383
SANU-L,10.0,-0.022947449112228,2.3028366771229046e-06,0.24986167988367,0.0221576183855125,0.0094739968113828,0.4139510615762808,-12.026600000000002,2.6034991656756588,-0.0388892951478665,-0.0001822743586152,0.2614923510711517,1.0,0.0416733339080024,-0.0248871515235635,-1.672418146365972e-07,-0.0390853843585246,1.3613902658980727e-09,0.5466505865584914,0.0297414117534782,2.9895487871630174e-06,-0.0194876193357586,3.0,0.0941794291081191,-0.13509604440286,-0.1501248482820149,-0.4047341391261269,1.1262779592489158,-0.0149857896380452,-0.0338052366357682,0.1262779592489158,1.6536866802719628,-0.2625,-0.0985915492957745,-0.0532544378698224,0.0289389067524117,-0.0751445086705201,0.0423452768729641,-0.0031152647975076,0.25,-0.0243902439024389,0.0223642172523963,-0.0361445783132529,-0.0778097982708934,0.0702341137123745,0.1188811188811189,-0.056047197640118,-0.021406727828746,-0.0476190476190475,0.1895910780669145,0.0457516339869281,-0.0615835777126099,-0.219512195121951,-0.2289156626506024,-0.17312661498708,-0.069767441860465,0.2075471698113209,0.167883211678832,0.4159292035398232,0.6410256410256412,0.1721611721611722,0.1347517730496454,-0.069767441860465,-0.2326139088729016,-0.2452830188679244,-0.3133047210300429,-0.3927893738140416,-0.4234234234234234,-0.4444444444444444,-0.2873051224944321,-0.2289156626506024,-0.2156862745098039,-0.3786407766990292,-0.4128440366972477,-0.3973634651600752,-0.4482758620689655,-0.4128440366972477,-0.36,-0.2643678160919539,-0.2792792792792793,-0.3561368209255532
SAOO-L,9.0,0.3861196200377486,7.890524390505993e-07,0.0856135260898346,0.0458740438206557,0.1608400308542138,1.0426061924094805,-0.3314999999999999,0.3717181319812971,-0.0033519508809921,0.0025216481111428,0.0415101340615537,1.0,0.0552301569422542,0.3453794855509686,6.5596060292126e-08,0.299804193627864,8.153721058146109e-12,0.0780487804878049,0.1632785667873387,8.796427960241656e-07,0.4248220103776998,4.0,0.007547861372168,-0.0211844119895928,0.0070989071297776,-0.0829888512066139,-0.0397990291517889,0.0138957096298941,0.0293867724118396,0.0120751341681574,0.4761040016455906,-0.0769230769230769,-0.1521739130434782,-0.212121212121212,-0.2277227722772277,-0.2277227722772277,-0.2277227722772277,-0.2277227722772277,-0.2352941176470587,-0.25,-0.25,-0.2777777777777778,-0.2427184466019417,-0.1874999999999999,-0.2571428571428571,-0.3035714285714286,-0.2777777777777778,-0.1958762886597937,-0.2040816326530612,-0.2040816326530612,-0.1789473684210525,-0.2641509433962264,-0.3275862068965516,-0.2777777777777778,-0.3035714285714286,-0.3275862068965516,-0.3275862068965516,-0.417910447761194,-0.3389830508474576,-0.1521739130434782,-0.1521739130434782,-0.2040816326530612,-0.2199999999999999,0.3684210526315792,0.5,0.4181818181818182,0.3448275862068968,0.3,0.21875,0.1999999999999999,0.1142857142857143,0.21875,0.2580645161290322,0.6250000000000002,0.6250000000000002,0.56,-0.2040816326530612,-0.2040816326530612,-0.2352941176470587,-0.409090909090909
SAPX-L,5.0,0.0152907834468428,3.922945765493364e-06,0.4256462600219337,0.0543056042610813,-0.009528198766329,0.2937134604550148,7.8985,0.2939900349389117,0.125181966813337,5.6021626428179976e-05,0.4777049618581631,1.0,0.0484469384111795,-0.041932226380969,-4.650161432714231e-07,-0.0185840011066219,8.443907536633769e-11,0.0617283950617284,0.0877263006230437,5.447270641538655e-06,0.0609252086544694,3.0,0.020500704004407,0.0363635838563079,0.9747184185374962,-0.285480238236216,0.2900411632990659,-0.0032332663943435,-0.0076105448287732,0.2436584755945083,1.6536866802719628,-0.3687150837988827,-0.0820512820512819,-0.06282722513089,0.0228571428571429,-0.1516587677725117,-0.0578947368421052,-0.0867346938775509,-0.0271739130434782,-0.1394230769230769,-0.1138613861386138,-0.0677083333333332,-0.1674418604651162,0.0228571428571429,-0.0271739130434782,-0.1435406698564593,-0.1712962962962962,-0.2217391304347825,-0.1094527363184078,-0.1352657004830917,-0.1900452488687782,-0.3295880149812733,-0.391156462585034,-0.3270676691729324,-0.2811244979919679,0.0112994350282487,-0.1435406698564593,-0.0913705583756344,0.2695035460992909,-0.2693877551020408,-0.211453744493392,-0.5162162162162163,-0.6074561403508771,-0.6331967213114754,-0.6903114186851211,-0.7944890929965557,-0.7951945080091534,-0.802646085997795,-0.802646085997795,-0.7879146919431279,-0.7903981264637002,-0.831924882629108,-0.8471391972672929,-0.8143153526970954,-0.8283796740172579,-0.8056460369163952,-0.8272200772200772,-0.8069039913700108,-0.8,-0.8253658536585365
SAUH-L,9.0,0.1921416123855815,1.4212582732004784e-07,0.0154208929889943,0.3360405463602042,0.7717274908912498,1.4387786287302975,29.3686,0.9626822004019788,0.0193505561368561,-0.0037219799434482,0.0478054172745375,1.0,0.3192576652423257,0.1713728964160151,4.420059579491164e-08,0.000259188956048,1.3219231185949806e-08,0.2021321137556764,0.0879291944602883,7.40367207082292e-08,0.2342809027389608,3.0,1.8993080731465493,-0.0671614960017829,0.0090108892441292,-0.0830190715492462,0.0004373382029735,0.0839981536726974,0.1277602072964292,0.203956667808332,0.3964977686923704,-0.0268777614138439,0.0100409074005205,-0.2097759674134418,-0.2270916334661354,-0.1870697395989223,-0.2190914318573893,-0.2077012835472579,-0.1779661016949152,0.0059259259259258,0.0969305331179319,0.1621737270004277,0.1661657363675397,0.347890818858561,0.2539242843951985,0.2562442183163738,0.2234234234234233,0.3552894211576847,0.502212389380531,0.4370370370370371,0.4175365344467641,0.5335968379446641,0.6621787025703794,0.7740039190071848,0.903293622985284,1.098918083462133,0.9941262848751836,1.0732824427480918,1.1538461538461535,1.0622627182991646,1.2063363119415107,1.3353396388650045,1.3929515418502203,1.3213675213675216,1.3929515418502203,1.6758620689655173,1.8559411146161933,1.6394557823129254,1.581749049429658,1.305602716468591,1.3658536585365852,1.0844205679201844,1.255813953488372,1.1815261044176708,1.3114893617021277,1.4014146772767462,1.8086866597724924,1.7078763708873383,2.1655011655011656,1.9267241379310347
SAUM-L,9.0,-0.0287639379680318,4.191089670460963e-07,0.0454740327878051,0.0784790559137352,-0.6010398799313894,2.166451081250987,-8.259,-0.5109119053549965,-0.1418469139506789,-0.0357175658051835,-0.0237221927525042,1.0,0.146696686132414,-0.278158500171325,-1.889706385847147e-07,-0.0221431689624104,1.1011097910827715e-10,-0.1072749691738595,0.0128531409634363,3.346988607749875e-07,0.7118249872810524,2.0,0.0197849206788366,0.2698166906548551,-0.1931312953434055,-0.4546683906678272,-0.2656920127150713,-0.0841836734693877,-0.1206954760297096,-0.2656920127150713,1.6536866802719628,-0.0555555555555555,0.0227272727272727,0.6981132075471699,0.8750000000000002,1.6470588235294117,0.6981132075471699,0.4516129032258065,0.5254237288135595,0.0843373493975905,-0.0526315789473683,-0.4230769230769231,-0.4857142857142856,-0.5384615384615384,-0.569377990430622,-0.5454545454545454,-0.6170212765957447,-0.6069868995633187,-0.7009966777408638,-0.7049180327868851,-0.7142857142857142,-0.6949152542372882,-0.6959459459459459,-0.6875,-0.6896551724137931,-0.6616541353383458,-0.64,-0.6666666666666667,-0.6739130434782608,-0.6511627906976745,-0.5982142857142858,-0.6691176470588236,-0.6629213483146068,-0.6808510638297872,-0.6842105263157895,-0.6311475409836065,-0.6428571428571428,-0.6218487394957983,-0.6120689655172413,-0.6456692913385826,-0.6052631578947367,-0.6137339055793991,-0.5609756097560975,-0.5794392523364487,-0.5108695652173914,-0.5,-0.4230769230769231,-0.4230769230769231,-0.4767441860465116,-0.4827586206896551
SAUY-L,12.0,0.0912134155488357,1.1837464638670497e-06,0.128438496293061,0.0435743640204902,0.1215287790078106,0.4533058771321265,-2.2625,0.570315962736536,0.0155498994275788,0.0011802562506605,0.2525576544823308,1.0,0.2451194148321561,0.0637842393117919,-1.57625589495946e-08,-0.0126740941816955,1.863660146809512e-10,0.1197478991596639,0.0533144111354108,5.381140632740321e-07,0.1550141505292096,5.0,0.0893442532734939,-0.1513199532288796,0.1058094888584057,0.0311808507727287,1.080579573666638,-0.0128169384165164,-0.0169870457161541,0.0805795736666382,1.6536866802719628,-0.05,0.0344827586206897,-0.0163934426229508,0.0169491525423728,0.0169491525423728,0.0,-0.0322580645161291,0.1764705882352941,0.0714285714285714,0.0526315789473683,-0.1304347826086955,0.0714285714285714,0.1764705882352941,0.3043478260869563,0.5789473684210527,0.1999999999999999,0.0714285714285714,-0.1428571428571428,-0.3181818181818182,-0.3548387096774194,-0.3181818181818182,-0.3877551020408163,-0.4059405940594059,-0.2771084337349397,-0.2307692307692308,-0.0909090909090909,-0.0769230769230769,-0.0769230769230769,0.0344827586206897,0.0526315789473683,0.0909090909090908,0.0714285714285714,0.1999999999999999,0.0,-0.1304347826086955,-0.3333333333333333,-0.3548387096774194,-0.3548387096774194,-0.375,-0.3023255813953488,-0.1666666666666666,-0.0476190476190476,-0.1176470588235295,-0.2,-0.4,-0.4059405940594059,-0.4230769230769231,-0.4174757281553398,-0.375
SAVA-L^G20,9.0,-0.5636969192339717,1.2376537847552246e-07,0.013428753191463,0.237142175572519,-6.282657657657658,0.0380365714310952,-1.6401,-0.6684405004926829,-4.75871967988417,-0.0446255951522146,-7.200365412445731,1.0,7.678947368421053,-0.5661299940369707,-2.3943395649002944e-07,-0.4908695652173911,6.741668981319757e-15,-0.1403508771929824,0.0032264779350541,1.881315401235952e-08,-0.5478331970564186,4.0,0.0082642954707324,1.6083200655051633,-0.00033583904574,-0.5394337714863499,-0.5313166019080898,-0.3360702067529376,-0.3857606283080074,-0.5394337714863499,1.6536866802719628,0.0,0.0,-0.1666666666666666,-0.1666666666666666,-0.2857142857142857,-0.2857142857142857,-0.2857142857142857,-0.2857142857142857,-0.2857142857142857,-0.375,-0.375,-0.2857142857142857,-0.2857142857142857,-0.375,-0.375,-0.5454545454545454,-0.5454545454545454,-0.5833333333333333,-0.6153846153846154,-0.6153846153846154,-0.6428571428571428,-0.6875,-0.5833333333333333,-0.6153846153846154,-0.5833333333333333,-0.5454545454545454,-0.2857142857142857,-0.375,-0.375,-0.375,-0.375,-0.4444444444444444,-0.375,-0.4444444444444444,-0.5,-0.5,-0.5,-0.5,-0.1666666666666666,0.0,0.0,0.0,0.25,1.5,1.5,0.6666666666666667,0.6666666666666667,0.25,0.25
SBBD-L^G20,8.0,-0.2715195038836571,1.6884147423073458e-06,0.1831958592827083,0.2205081582297864,-3.477137121893819,0.1090745051983799,0.8240999999999996,-2.6114665115402005,-0.5770070339807059,-0.0008335831533609,1.3699359290290791,1.0,0.2763072730369613,-0.355673975799215,-1.3784201066649517e-06,-0.3390673921971592,1.9081171136021802e-13,-0.5483234714003945,-0.0783520247703971,3.681087967238945e-07,0.4951640759930915,3.0,0.0066120105382705,0.484694659595783,-0.8297224774630094,-0.2483866009415195,0.0885906340632972,-0.1345171476168326,-0.1572652029657312,-0.3255027485909123,1.6536866802719628,62.0,0.0,0.0,0.0,0.0,0.0,0.0,-0.5,-0.5,0.0,0.0,-0.5,-0.6666666666666666,-0.75,-0.8333333333333333,-0.8333333333333333,-0.875,-0.9230769230769232,-0.95,-0.9523809523809524,-0.9545454545454546,-0.9615384615384616,-0.9642857142857144,-0.96875,-0.962962962962963,-0.9615384615384616,-0.962962962962963,-0.96,-0.9666666666666668,-0.9565217391304348,-0.9583333333333334,-0.967741935483871,-0.9736842105263158,-0.9696969696969696,-0.967741935483871,-0.9743589743589745,-0.9777777777777776,-0.9782608695652174,-0.9767441860465116,-0.984375,-0.9848484848484848,-0.9855072463768116,-0.9857142857142858,-0.9846153846153848,-0.9807692307692308,-0.9841269841269842,-0.98,-0.9830508474576272,-0.9821428571428572
SBEQ-L,8.0,-0.3283210420457811,1.390743151227873e-07,0.015089798747111,0.7511911989256214,-7.176267281105991,0.1534738068219004,0.1719000000000001,0.5953298207512954,10.54120353987661,0.0007231786991001,-0.1376508249199704,1.0,3.932,-0.3461960315086249,-7.6483449799111e-08,-0.0441732554142316,9.404922331783944e-15,0.1249999999999999,0.0017718609328608,9.671784001218696e-09,0.1067961165048544,4.0,0.0265112719641046,4.13060223048327,-4.290287547821795,1.9479452054794524,1.914527626147804,-0.1180505054825968,-0.1262639357013222,1.9479452054794524,1.6536866802719628,-0.0454545454545455,-0.1199999999999998,0.0232558139534884,-0.1538461538461538,-0.1634980988593154,-0.2142857142857142,-0.1851851851851851,-0.2280701754385964,-0.188191881918819,-0.1729323308270676,-0.2280701754385964,-0.2666666666666666,-0.2666666666666666,-0.1999999999999999,-0.1999999999999999,-0.2542372881355932,-0.2413793103448275,-0.2142857142857142,-0.2715231788079469,-0.261744966442953,-0.2198581560283686,-0.1791044776119402,-0.2086330935251797,-0.1472868217054262,-0.1129032258064515,-0.1439688715953306,-0.1698113207547168,-0.1698113207547168,-0.1698113207547168,-0.1999999999999999,-0.2198581560283686,-0.2198581560283686,-0.2142857142857142,-0.1791044776119402,-0.1911764705882352,-0.1603053435114503,-0.1603053435114503,-0.1603053435114503,-0.1603053435114503,-0.0638297872340425,0.0377358490566037,0.0377358490566037,0.0377358490566037,0.2087912087912089,0.1891891891891892,0.1891891891891892,0.170212765957447,0.2359550561797754,0.3095238095238097
SBGB-L,10.0,0.1027620632954664,4.826339610626804e-07,0.0523666022336828,0.0389819885950049,0.1531915352069829,1.6800744009235873,0.7766000000000002,0.4475278573402425,0.0006308335887539,0.0005139540207265,0.0162375169277107,1.0,0.230768048052973,0.1043844959494892,7.691989858376775e-08,0.0105791416760774,9.076126239279439e-10,0.0939663699307617,0.0964130405012674,6.316474732851414e-07,0.1015255918706599,4.0,0.0822902834449784,-0.1198696879551107,0.0036189091326205,-0.019895343086499,-0.013964264209014,0.0178218292420081,0.0409821521488321,0.1560019795809886,0.4798964429006841,-0.0679611650485437,0.0470139771283355,-0.0751964085297418,-0.106290672451193,-0.1522633744855968,-0.140771637122002,-0.1921568627450979,-0.1634517766497462,-0.0813823857302118,-0.1751751751751752,-0.1215351812366738,-0.1298838437170011,-0.0854605993340732,-0.1004366812227074,-0.1889763779527559,-0.0964912280701753,-0.022538552787663,-0.041860465116279,-0.111111111111111,-0.1149301825993555,-0.0657596371882086,-0.0131736526946106,0.1856115107913669,0.2135493372606776,0.2638036809815951,0.2335329341317367,0.3619834710743803,0.5009107468123861,0.6381709741550696,0.6156862745098042,0.5968992248062015,0.5635673624288426,0.8270509977827052,0.8769931662870161,0.851685393258427,0.8899082568807339,1.3815028901734103,1.334277620396601,1.251366120218579,1.1514360313315928,1.2391304347826089,1.1856763925729443,1.0808080808080809,0.9572446555819478,1.06,1.0548628428927684,0.7569296375266523,0.9207459207459208,0.8392857142857142
SBGD-L,6.0,2.539787126203751,4.038449576420585e-07,0.0438178619141425,0.2429608272022271,-1.3793521041477446,-0.3122302744183921,0.0549,2.1772062016047373,-0.1671200634351018,-0.0423722979485061,-0.0086001829826166,1.0,1.8421052631578947,5.033582089552237,-2.100393378954677e-07,0.7705705035168022,7.413650720917397e-14,0.4571428571428569,0.0217942219969589,1.7757190159771405e-07,0.8230769230769232,4.0,0.0033772166788146,-0.3240454076367389,-0.1201334184654861,0.6569044436343013,-0.1868369745015801,-0.0695330544473697,-0.1093499961898956,0.1013488880787459,1.6536866802719628,0.0,0.0,0.0,-0.25,-0.4,-0.4,-0.4,-0.4,-0.25,-0.5,-0.25,-0.5,-0.25,-0.5714285714285715,-0.625,-0.5,-0.5,-0.5714285714285715,-0.6666666666666667,-0.5714285714285715,-0.5714285714285715,-0.5,-0.5714285714285715,-0.5714285714285715,-0.5714285714285715,-0.5714285714285715,-0.4,-0.25,-0.25,-0.25,-0.25,-0.5,-0.5,-0.5714285714285715,-0.5714285714285715,-0.6666666666666667,-0.7,-0.75,-0.7,-0.5,-0.7,-0.6666666666666667,-0.7857142857142858,-0.85,-0.875,-0.90625,-0.9166666666666666,-0.9230769230769232,-0.9423076923076924
SBGU-L,8.0,0.2753694581280787,1.3443464055744733e-07,0.0145863861983506,0.0657116871305138,-0.0339379754242247,4.771247885181852,-0.5,0.5929389379370327,-0.0057549940549028,0.0002463054187192,-0.008399209486166,1.0,0.2714285714285714,0.924170616113744,-2.2185026890022098e-08,-0.0043299415457891,5.157382253914113e-09,0.1244979919678713,0.0650246305418719,2.968489045806688e-07,0.1033846153846154,3.0,0.1698193422467235,0.3254761904761904,-0.0313081209895466,-0.0511622932116374,0.0175831810823524,-0.0156678417547982,-0.0560224089635854,0.1363377067883626,1.6536866802719628,0.0158730158730158,-0.0666666666666667,-0.093525179856115,-0.1063829787234041,-0.1486486486486486,-0.1486486486486486,-0.2125,-0.1818181818181818,0.0862068965517242,-0.0802919708029197,-0.0999999999999999,0.1454545454545452,-0.0307692307692307,0.1454545454545452,0.125,0.1150442477876108,0.05,0.0956521739130435,-0.1310344827586206,-0.0666666666666667,-0.0735294117647059,-0.16,-0.2173913043478261,-0.3038674033149171,-0.263157894736842,-0.2317073170731707,-0.2588235294117647,-0.2758620689655172,-0.1126760563380281,-0.1126760563380281,-0.25,-0.3076923076923077,-0.28,-0.2222222222222223,-0.2125,-0.1923076923076923,-0.2125,-0.1974522292993631,-0.25,-0.0232558139534884,-0.0078740157480314,-0.125,-0.284090909090909,-0.3076923076923077,-0.3076923076923077,-0.28,-0.5895765472312704,-0.55,-0.4939759036144578
SBHB-L,12.0,-0.1411879259980525,4.340385270585685e-07,0.0470939153360113,0.0509708737864077,-0.176,6.410166663878672,11.65,0.4005372775619752,0.1653297109969444,0.0025143678160919,-0.0080471812474745,1.0,0.7078651685393258,0.5562499999999999,-3.399096898651439e-07,-0.1309586170770025,7.286589844595178e-10,0.0840998685939552,-0.2473222979552093,1.103399147100698e-06,-0.2698961937716264,3.0,0.0161292205918912,0.1031664964249232,-0.0370253247951088,0.026036313806098,0.0034996261750708,-0.0317460317460317,-0.1124497991967871,0.026036313806098,1.6536866802719628,0.25,-0.2,-0.2,-0.2,-0.2,-0.2,-0.111111111111111,-0.111111111111111,0.0,0.0,-0.111111111111111,-0.111111111111111,-0.2,-0.3333333333333332,0.0,-0.111111111111111,-0.2,-0.2,-0.2,-0.2,-0.2,-0.111111111111111,-0.5555555555555556,-0.5555555555555556,-0.5789473684210527,-0.5555555555555556,-0.6000000000000001,-0.5294117647058824,-0.4666666666666667,-0.5,-0.5789473684210527,-0.6363636363636364,-0.6521739130434783,-0.6000000000000001,-0.6000000000000001,-0.6000000000000001,-0.6190476190476191,-0.9080459770114944,-0.912087912087912,-0.9,-0.9047619047619048,-0.9090909090909092,-0.9080459770114944,-0.9,-0.9,-0.9058823529411764,-0.9130434782608696,-0.9090909090909092,-0.9111111111111112
SBHC-L,8.0,0.020291400857298,2.1935884813496693e-06,0.2380080656037964,0.0560138293154802,0.0667257489375658,3.378737647538549,-1.0989999999999998,0.2477249206728141,-0.005457008605044,-0.0018677510361882,-0.0277609682299546,1.0,0.1847390428320731,-0.0303478904515173,1.0622190193473697e-07,-0.0449246590557051,1.2521357160857716e-08,0.0520142180094786,0.0158197661548369,5.667126848908409e-06,0.0413416447769527,2.0,0.0181335239275513,0.2236185067091108,0.0103525875989904,0.0814353693203535,0.011007507368481,0.005289027659159,0.0182324423925533,0.0969820026383288,0.2452409381340408,-0.325301204819277,-0.3941605839416059,-0.4315068493150685,-0.4195804195804196,-0.4466666666666666,-0.6227272727272728,-0.6541666666666667,-0.6556016597510375,-0.6311111111111112,-0.6693227091633466,-0.6832061068702291,-0.6856060606060607,-0.7137931034482758,-0.7097902097902098,-0.7087719298245614,-0.7186440677966102,-0.668,-0.5891089108910892,-0.5870646766169154,-0.5990338164251208,-0.5699481865284974,-0.543956043956044,-0.5229885057471264,-0.5537634408602151,-0.5257142857142858,-0.4969696969696969,-0.5202312138728324,-0.5117647058823529,-0.48125,-0.3805970149253732,-0.4539473684210526,-0.48125,-0.4907975460122699,-0.4236111111111111,-0.3851851851851853,-0.3851851851851853,-0.4154929577464789,-0.4275862068965517,-0.435374149659864,-0.4746835443037975,-0.48125,-0.5029940119760479,-0.5088757396449703,-0.5059523809523809,-0.5257142857142858,-0.5117647058823529,-0.5363128491620113,-0.538888888888889,-0.5284090909090909
SBIU-L,8.0,0.7284359913918456,1.083067924811816e-07,0.0117514704281895,0.4499381503310776,0.4205489925271907,3.864759719800373,4.172000000000001,2.393099661083653,-0.0220878186961818,0.0112915933017137,0.111386720992331,1.0,0.1524849292996638,1.1137818852442032,1.6803059512466352e-08,0.11719540318986,2.730782385045153e-09,0.5024734982332154,0.303030303030303,6.057637794921366e-08,0.287508321391901,3.0,0.5296086954353401,0.0246411230316763,-0.0783939427059029,0.5558597074512103,0.0477057418854183,0.0277638359963573,0.0503547330586811,0.9678585368337094,0.382074140428057,-0.1649484536082474,-0.1018518518518519,-0.2049180327868852,0.0837988826815641,-0.0396039603960396,0.0104166666666667,-0.0892018779342722,0.0659340659340659,0.3108108108108107,0.0960451977401128,0.0374331550802138,0.0319148936170212,0.0659340659340659,-0.010204081632653,-0.0849056603773585,-0.1565217391304347,-0.174468085106383,-0.1709401709401709,-0.0892018779342722,0.0319148936170212,0.127906976744186,0.2516129032258063,0.39568345323741,0.4370370370370369,0.5772357723577235,0.5275590551181102,0.8301886792452828,1.3658536585365852,1.852941176470588,2.344827586206897,2.6603773584905657,3.041666666666667,3.409090909090909,3.409090909090909,3.85,4.243243243243243,4.705882352941176,4.105263157894736,4.878787878787878,5.466666666666667,5.928571428571428,5.928571428571428,6.185185185185184,5.928571428571428,6.185185185185184,7.083333333333334,7.083333333333334,3.85,3.409090909090909
SBJL-L^L19,6.0,-0.3023339820712433,2.7515071435226255e-07,0.0298543185420956,0.2866616683032989,-1.8183060458225844,0.0835221182003669,-0.8980999999999995,-1.0824178559114472,-0.1793379190730069,-0.0010436693216149,-0.0175917161345526,1.0,0.4748560460652591,-0.6525225748394161,-5.041206186258319e-07,-0.0407755607182403,2.871104493805364e-13,-0.2272727272727273,-0.0269410533144609,3.89251294437997e-07,1.425733910836943,2.0,0.0080094857584521,-0.2557544662631036,-0.1635465207600897,-0.029060608211165,-0.0444664834303547,-0.1402500635203885,-0.2126589196598962,-0.3665789445646036,1.6536866802719628,-0.111111111111111,-0.1,-0.1,-0.1818181818181818,-0.4,-0.5263157894736843,-0.3076923076923077,-0.25,0.5,0.7999999999999998,-0.25,-0.4,-0.625,-0.64,-0.64,-0.7857142857142857,-0.775,-0.775,-0.75,-0.7954545454545454,-0.8363636363636364,-0.8043478260869565,-0.8043478260869565,-0.8,-0.8200000000000001,-0.859375,-0.8548387096774194,-0.8548387096774194,-0.8363636363636364,-0.8269230769230769,-0.7804878048780488,-0.6785714285714286,-0.4705882352941177,-0.4375,-0.4705882352941177,-0.625,-0.6896551724137931,-0.7567567567567568,-0.7567567567567568,-0.8676470588235294,-0.875,-0.875,-0.8783783783783784,-0.881578947368421,-0.923728813559322,-0.931818181818182,-0.9357142857142856,-0.9419354838709676,-0.9461077844311376
SBKB-L,9.0,0.0144589884312943,1.5626758620689654e-06,0.1695529778073684,0.0450718915294643,0.2235001711333623,1.0758696507962784,-7.448499999999999,-0.0769182560947205,-0.0159086429548558,0.0027073679490655,-0.0126685958605773,1.0,0.2654498706737282,0.0268602063799221,1.083e-07,-0.0248723334017616,6.564121664265067e-09,-0.0161503450300984,0.0244999946981184,7.465931034482758e-07,-0.0105520036925157,3.0,0.1630685873902886,0.1545604161996484,-0.0411008638986678,0.004799370367574,-0.0041316009386823,0.00906501660812,0.0136346992368881,0.0776281544866807,0.4418150391365631,-0.1076923076923077,0.1206896551724139,0.0833333333333334,0.1111111111111111,0.1111111111111111,0.0,0.015625,-0.1503267973856209,-0.2307692307692307,-0.2215568862275448,-0.2737430167597765,-0.2613636363636363,-0.2261904761904761,-0.2655367231638418,-0.3953488372093022,-0.3085106382978723,-0.216867469879518,-0.1823899371069182,-0.2073170731707316,-0.3085106382978723,-0.2857142857142857,-0.3048128342245989,-0.3467336683417085,-0.4560669456066946,-0.3953488372093022,-0.3925233644859813,-0.4583333333333332,-0.4650205761316872,-0.4650205761316872,-0.4537815126050419,-0.5,-0.4628099173553719,-0.5094339622641508,-0.5340501792114696,-0.5057034220532319,-0.5289855072463767,-0.5357142857142856,-0.5272727272727273,-0.5357142857142856,-0.5578231292517006,-0.5517241379310345,-0.5695364238410596,-0.5357142857142856,-0.5094339622641508,-0.4861660079051383,-0.4444444444444444,-0.4273127753303964,-0.3564356435643564,-0.35
SBKW-L,8.0,-0.2360834990059642,7.341215386494823e-07,0.0796534303574297,0.1324007807417046,-0.2350320245057087,0.2240357536319499,5.65,-1.9288686192341984,0.8213349986751685,-0.0107752170008979,-0.044730695732182,1.0,8.8,-0.4399466192170818,-2.7172409611648824e-07,0.037757114680191,1.8950685848208488e-11,-0.4050000000000001,-0.0027335984095427,1.0583245374494125e-06,0.0219594594594594,1.0,0.0482169882091809,1.5666666666666669,0.0224968863804764,0.2031965442764578,-0.0480140693222154,-0.031906512605042,-0.0613636363636363,0.0431965442764578,1.6536866802719628,-0.04,-0.1228070175438595,-0.3670886075949368,-0.3421052631578947,-0.3670886075949368,-0.4186046511627906,-0.4565217391304348,-0.4444444444444444,-0.4186046511627906,-0.4791666666666666,-0.4845360824742267,-0.5192307692307693,-0.504950495049505,-0.4117647058823529,-0.3975903614457831,-0.4117647058823529,-0.4318181818181817,-0.4382022471910112,-0.4444444444444444,-0.5,-0.5098039215686274,-0.3975903614457831,-0.4444444444444444,-0.4680851063829787,-0.4186046511627906,-0.3975903614457831,-0.4736842105263158,-0.4791666666666666,-0.4736842105263158,-0.5098039215686274,-0.8127340823970037,-0.8148148148148149,-0.8113207547169812,-0.8120300751879699,-0.823321554770318,-0.8432601880877743,-0.8226950354609929,-0.8214285714285714,-0.8327759197324415,-0.8542274052478134,-0.8344370860927153,-0.8333333333333334,-0.8251748251748252,-0.8333333333333334,-0.8263888888888888,-0.8120300751879699,-0.8069498069498069,-0.8207885304659498,-0.8360655737704918
SBLC-L,8.0,0.212419459911645,1.0276019925750747e-06,0.1114965566891183,0.0272208246646459,0.2447913498300703,0.4804949350076828,2.3753,0.7224763573793681,-0.0038613753480884,0.0011897418225457,0.4991017204432563,1.0,0.0167615126295202,0.238744588480032,8.564408217547427e-08,0.1570605447207356,1.016235601725898e-09,0.1516966587671552,0.1843575962017483,4.742221063524349e-07,0.1590451553828029,3.0,0.2218341682339719,0.0657293512840198,0.0197572240596826,0.0231064121609155,-0.0460058329684568,0.017117757883123,0.0250173319398947,0.1434868295988424,0.2654944524363073,0.0288461538461539,-0.1492842535787319,-0.3066666666666666,-0.3428120063191153,-0.3202614379084967,-0.3169129720853858,-0.2876712328767122,-0.2802768166089965,-0.2253258845437616,-0.2324723247232472,-0.1937984496124031,-0.2477396021699819,-0.1999999999999999,-0.1223628691983123,-0.1475409836065573,-0.0877192982456139,-0.0325581395348836,-0.0325581395348836,-0.0693512304250558,0.0024096385542167,0.0805194805194804,0.0833333333333334,0.1304347826086955,0.1093333333333332,0.118279569892473,0.1304347826086955,0.1366120218579234,0.1273712737127372,0.276073619631902,0.3774834437086092,0.118279569892473,0.1954022988505748,0.1555555555555556,0.1620111731843576,0.0666666666666666,0.0271604938271605,0.1818181818181818,0.2839506172839505,0.2606060606060607,0.439446366782007,0.4344827586206898,0.5877862595419847,0.5464684014869889,0.5698113207547171,0.631372549019608,0.7854077253218885,0.8738738738738738,0.8407079646017701,0.8325991189427313
SBLF-L,8.0,0.0486854587077765,9.297899048894994e-06,1.0088377950659548,0.0136653725532734,0.0493806182781364,0.2696270958871972,6.5807,1.3408525396080369,0.0892187178884345,0.0015269138885881,0.4455104815841624,1.0,0.0342000977665467,0.0463905740255103,-1.3734403361442216e-07,0.0171031708411085,7.607182254500447e-11,0.2815356489945155,0.0866004868561496,9.84915821331465e-06,0.0490539036896721,3.0,0.0098394426719718,-0.0304477639968942,-0.0555729511737922,0.1598225232902225,-0.039970967249173,-0.0006898425075676,-0.0014228236900301,0.1598225232902225,1.6536866802719628,-0.7142857142857142,-0.1025641025641026,-0.2391304347826087,-0.2222222222222223,-0.1860465116279069,-0.1666666666666667,-0.2553191489361702,-0.0789473684210526,0.0,-0.2222222222222223,-0.2553191489361702,-0.2222222222222223,-0.3,-0.326923076923077,-0.2857142857142857,-0.2045454545454545,-0.4262295081967213,-0.3636363636363637,-0.4696969696969697,-0.5138888888888888,-0.5070422535211268,-0.4776119402985075,-0.4852941176470589,-0.2857142857142857,-0.2857142857142857,-0.2708333333333333,-0.3,-0.2391304347826087,0.09375,-0.2553191489361702,-0.3518518518518519,-0.2857142857142857,-0.4615384615384615,-0.5205479452054795,-0.6111111111111112,-0.6568627450980393,-0.6534653465346535,-0.7033898305084746,-0.6875,-0.7058823529411764,-0.7107438016528926,-0.717741935483871,-0.7154471544715447,-0.7131147540983607,-0.72,-0.7033898305084746,-0.6956521739130435,-0.65,-0.675925925925926
SBLP-L,9.0,0.3503620682106737,8.03080096253346e-07,0.087135550655593,0.2422932197971574,0.7958260896681297,0.674076821372688,-3.3578999999999994,3.5171246862813668,-0.0405534395730485,-0.0056389825314128,-0.0018281419919573,1.0,4.786114662208674,0.5190652964750391,9.557429007342841e-08,0.2363589422817918,6.947494174860318e-11,0.7384823848238481,0.0047966376253228,1.4340507465453736e-07,-0.1660679755662545,4.0,0.0457425589457945,0.3079850464035968,0.1046126202202783,-0.0909348272062329,-0.2664698886401103,0.0163135536970662,0.0192551610459427,-0.0909348272062329,0.3660643953647761,-0.075,-0.1011235955056178,-0.1489361702127658,-0.2660550458715596,-0.2523364485981308,-0.1919191919191918,-0.5121951219512195,-0.5428571428571428,-0.4968553459119497,-0.5580110497237569,-0.5744680851063829,-0.5959595959595959,-0.5744680851063829,-0.5321637426900585,-0.4482758620689655,-0.375,-0.3939393939393939,-0.375,-0.36,-0.2857142857142857,-0.2307692307692307,-0.2727272727272727,-0.2452830188679244,-0.1397849462365591,-0.183673469387755,-0.2156862745098039,-0.111111111111111,-0.0804597701149424,0.0256410256410257,0.1764705882352941,0.1267605633802817,0.1111111111111111,0.0810810810810811,0.1594202898550727,0.25,-0.0243902439024389,0.0526315789473683,0.2121212121212121,0.0810810810810811,0.2903225806451615,0.25,0.4035087719298247,0.4035087719298247,0.1764705882352941,0.1940298507462685,0.142857142857143,0.4035087719298247,0.5384615384615385,0.8181818181818183
SBLY-L,3.0,-0.408167310932699,3.7000107390162484e-07,0.04014574320543,0.6699464076369118,-6.688030160226202,0.2559240946097185,-5.128500000000001,0.4566913693434601,4.422969017513204,-0.0066518049762692,-2.0539064009440064,1.0,0.503582395087001,-0.4418110676355505,-5.440712767045323e-07,-0.047851805728518,1.0202770015285953e-13,0.0958904109589042,-0.0904698186143324,7.24736731976345e-08,-0.145104895104895,3.0,0.0151761247656715,1.888410605425604,-0.8298976362583321,1.470423788868506,0.7451826094821047,-0.3138381401049446,-0.3576447994413164,0.6182648401826485,1.6536866802719628,0.1052631578947367,-0.5365853658536586,-0.6984126984126984,-0.6833333333333333,-0.7285714285714285,-0.732394366197183,-0.8333333333333333,-0.8805031446540881,-0.8698630136986302,-0.8920454545454546,-0.9140271493212668,-0.9233870967741936,-0.9316546762589928,-0.9184549356223176,-0.9321428571428572,-0.9272030651340996,-0.9415384615384615,-0.9387096774193548,-0.9370860927152318,-0.9328621908127208,-0.9323843416370108,-0.905940594059406,-0.92578125,-0.9095238095238096,-0.903061224489796,-0.9095238095238096,-0.9254901960784314,-0.9128440366972476,-0.8869047619047619,-0.8895348837209303,-0.904040404040404,-0.905,-0.8978494623655914,-0.908653846153846,-0.8956043956043956,-0.9214876033057852,-0.9208333333333332,-0.9246031746031746,-0.9246031746031746,-0.9233870967741936,-0.92578125,-0.9340277777777778,-0.9396825396825396,-0.9424242424242424,-0.9010416666666666,-0.9054726368159204,-0.8895348837209303,-0.8950276243093923,-0.8503937007874016
SBMI-L^L20,8.0,-0.1516475551989231,5.447416617224029e-07,0.0591053929498089,0.1631761374731497,-1.312425118049193,0.6084255343962288,-11.396,1.819063341184516,-0.2685862827982445,-0.0248652143153375,-0.046470359563842,1.0,0.6753424657534247,-0.1626810472256467,-1.3615785772789766e-07,-0.2161680722166032,2.802173617475473e-11,0.3819444444444446,0.0157896099189811,7.814604274106944e-08,-0.0658396946564884,4.0,0.0739668819400652,0.6105363879243924,0.0750046853970116,0.6211193968760774,0.0743202379891343,-0.0753387331167721,-0.0844775940570333,0.6086825527252807,1.6536866802719628,-0.0277777777777777,-0.0769230769230768,-0.1627906976744185,-0.1428571428571429,-0.0526315789473683,0.0344827586206897,0.1042944785276074,0.25,0.1999999999999999,-0.0217391304347825,-0.150943396226415,-0.25,-0.2913385826771654,-0.296875,-0.2436974789915965,-0.2622950819672131,-0.3023255813953488,-0.1549295774647886,-0.0721649484536082,-0.1304347826086955,-0.0425531914893616,0.1111111111111111,0.0714285714285714,0.25,0.5254237288135595,0.3636363636363635,0.2244897959183673,0.0714285714285714,0.139240506329114,0.2765957446808511,0.0588235294117647,-0.027027027027027,0.1688311688311687,0.2162162162162162,0.2080536912751678,0.3432835820895521,0.25,0.3846153846153846,0.1999999999999999,0.2328767123287671,0.0975609756097561,0.0465116279069768,-0.0425531914893616,-0.0721649484536082,-0.1428571428571429,-0.2035398230088494,-0.1999999999999999,-0.1044776119402983,0.0714285714285714
SBMQ-L,9.0,0.4578875083841707,8.709503845129748e-07,0.0944995918866571,0.2077863188806356,0.084590569911043,0.6551783804210644,0.5469999999999999,0.2857583139606215,0.0275410061312933,0.0027226903123735,-0.0467663231106599,1.0,0.2313221520365933,1.2615438843849132,6.4072409833248766e-09,0.0694960625828414,2.861931376177744e-12,0.0599999999999999,0.0178542910984062,3.6828060991017777e-07,-0.2078369539827143,4.0,0.0103557905932239,0.2594758202722788,-0.0466681041302586,0.0834420116098962,0.150359494963042,0.0080403110965056,0.0114401496259351,0.1693246947420882,3.321387654444535,-0.0638297872340425,0.0217391304347824,0.0217391304347824,-0.0208333333333333,-0.0408163265306122,0.1749999999999998,0.1749999999999998,0.119047619047619,0.0217391304347824,0.119047619047619,0.0444444444444442,0.0930232558139534,-0.0408163265306122,-0.1454545454545456,-0.175438596491228,-0.175438596491228,-0.2419354838709677,-0.2656250000000001,-0.4197530864197532,-0.2295081967213115,-0.3088235294117648,-0.189655172413793,-0.1454545454545456,-0.0961538461538462,-0.189655172413793,-0.1607142857142858,-0.1454545454545456,0.0,-0.1607142857142858,-0.1296296296296297,-0.2033898305084746,-0.1296296296296297,-0.2166666666666666,-0.2878787878787879,-0.3974358974358974,-0.3974358974358974,-0.3896103896103896,-0.3974358974358974,-0.4125000000000001,-0.4404761904761904,-0.4659090909090909,-0.4659090909090909,-0.4659090909090909,-0.4659090909090909,-0.4659090909090909,-0.4719101123595506,-0.4946236559139785,-0.5,-0.5
SBNH-L^C20,10.0,0.2158273381294964,1.9783782778664072e-07,0.0214657394014868,0.1506849315068493,0.3664906918588497,1.3111968381622057,-0.75,3.0233536357715685,0.2285616430067688,-0.0004035874439461,0.0191857113292336,1.0,1.8996138996139,0.1007654836464857,2.0686797772101643e-08,0.2072584949297177,4.935860873320178e-09,0.6348064405618363,0.0175421306790184,1.0801159949206153e-07,0.4993055555555556,4.0,1.1239695769307043,-0.0600868725868725,-0.2756541663674833,-0.5374140320598311,0.3226735547719419,0.0185396463205932,0.0285839929639401,0.4268716822258833,0.4359174078588728,-0.0216666666666666,-0.0712074303405573,-0.1031390134529148,-0.2268041237113401,-0.2258064516129032,-0.2217898832684824,-0.293286219081272,-0.2546583850931677,-0.1404011461318052,-0.3079584775086504,-0.2700729927007299,-0.231754161331626,-0.2481203007518797,-0.2217898832684824,-0.1176470588235294,-0.1163475699558174,-0.0353697749196141,-0.0797546012269938,-0.1044776119402984,0.0398613518197574,0.0714285714285714,0.1764705882352941,0.0948905109489051,0.0273972602739727,0.0221465076660987,0.0695187165775399,0.0909090909090908,0.0948905109489051,0.1235955056179776,0.36986301369863,0.3392857142857142,0.5625,0.6172506738544474,0.5706806282722514,0.6713091922005572,0.214574898785425,0.3452914798206279,0.3605442176870748,0.4778325123152711,0.5544041450777202,0.36986301369863,0.4388489208633093,0.2987012987012987,0.3157894736842106,0.3888888888888888,0.6304347826086956,0.6949152542372881,0.9354838709677418,0.7543859649122808
SBNM-L^H19,8.0,0.1195617386396967,3.687362009031413e-07,0.0400085023427235,0.4843771659690242,1.181995237995781,1.4100807809273632,0.7543999999999995,0.7141273159857705,-0.0263022463262123,0.0004485087455492,0.0018023812749828,1.0,0.6778988242907992,0.1443756073858114,5.4504246936744856e-08,0.0246463157348945,9.597492811774926e-11,0.1499436302142051,0.0122508233179993,5.2793187052505136e-08,-0.0276923869107386,3.0,0.1005607556785763,0.0434557311190286,-0.1370069132266347,0.3166096357084455,0.041044557589246,0.0343537389563931,0.0392722678027166,0.3166096357084455,0.1548780510005565,-0.1296296296296296,0.0424710424710426,-0.1536050156739811,-0.1614906832298136,-0.1768292682926828,-0.2105263157894735,-0.1867469879518071,-0.1867469879518071,-0.0753424657534246,-0.1205211726384364,-0.1318327974276526,-0.0878378378378377,-0.1059602649006622,-0.1233766233766233,-0.0559440559440558,0.0305343511450382,-0.0357142857142855,0.0188679245283018,-0.0391459074733095,0.0188679245283018,0.0465116279069768,0.1688311688311687,0.139240506329114,0.3106796116504855,0.2162162162162162,0.2328767123287671,0.2328767123287671,0.007462686567164,0.1344537815126052,0.3432835820895525,0.1842105263157896,0.1250000000000002,0.0588235294117649,0.0424710424710426,0.1111111111111111,0.0887096774193549,0.1020408163265305,0.0305343511450382,0.0344827586206897,0.0465116279069768,0.0188679245283018,-0.0073529411764705,-0.0816326530612243,-0.0217391304347824,0.0588235294117649,0.08,0.0384615384615385,0.0188679245283018,0.1440677966101695
SBOT-L,4.0,0.1745852975039753,7.750984073761611e-07,0.0840994900186005,0.0613391169931977,0.0725229520761607,0.6890078957991729,12.6884,1.224029681460973,0.007016890562463,0.0031313295814111,0.0520596124058899,1.0,0.1327408180935873,0.1259327783105648,6.475229095176209e-08,0.1107315431262825,3.09473717079806e-08,0.2570066286777532,0.0289135695061547,1.2412240499785422e-06,0.208105569520862,4.0,0.6677560254110552,-0.0751980068194503,-0.011149923040583,-0.0055670865179925,0.9781737498020616,0.0079519766996223,0.0206868853217727,0.1238652525147835,0.5467209506311478,0.0217065868263472,0.0144267274107821,0.0037565740045077,-0.0125646711012564,0.0014992503748125,0.0075414781297133,0.0182926829268292,0.1032204789430222,0.2036036036036035,0.1255265374894691,0.1370212765957446,0.075684380032206,0.2101449275362319,0.1833480956598761,0.2178669097538741,0.1791703442188879,0.1739894551845342,0.1928571428571428,0.3188548864758143,0.5516840882694543,0.5338691159586679,0.4977578475336321,0.5480880648899187,0.5480880648899187,0.5480880648899187,0.5480880648899187,0.5480880648899187,0.5480880648899187,0.5480880648899187,0.5480880648899187,0.5480880648899187,0.5480880648899187,0.5480880648899187,0.5480880648899187,0.5480880648899187,0.6699999999999999,0.6412776412776411,0.4458874458874458,0.3059628543499511,0.0445660672400312,-0.0450321658327377,-0.037463976945245,0.7106274007682458,0.706257982120051,0.7019108280254778,0.9970104633781762,1.0273141122913505,0.9031339031339032,0.8453038674033149
SBOV-L,8.0,0.0257607918487906,1.872448597553536e-06,0.2031638442831605,0.2341422661192635,0.2756214495071488,0.6382863806926884,-156.7276,1.1175808367850704,-0.3031943243368563,0.0838774416833099,0.061037756666145,1.0,0.0959794081653673,0.1305739615880417,1.714402288025203e-07,-0.0516105150630064,2.7841433822911406e-09,0.2346558155306883,0.0982944631290076,1.0827062969130704e-06,-0.1159753206241192,4.0,0.1886047906629933,0.4351007369420687,0.1009160072558804,0.6666224974527337,0.7016103652084695,0.0222818554229448,0.0359877807223046,0.7516035393654779,1.3176152931499916,-0.0731707317073171,-0.031496062992126,-0.1517241379310344,-0.1086956521739129,-0.1458333333333332,-0.0955882352941177,-0.1398601398601398,-0.1214285714285713,-0.0681818181818182,-0.031496062992126,-0.0238095238095238,0.1284403669724769,0.1714285714285712,0.1388888888888888,0.0982142857142855,0.1603773584905659,0.1495327102803738,0.1941747572815533,0.5974025974025974,0.4642857142857144,0.618421052631579,0.618421052631579,0.7826086956521741,0.6849315068493151,0.618421052631579,0.5,0.5569620253164556,0.5769230769230769,0.7083333333333335,0.6399999999999999,0.3977272727272727,0.1941747572815533,0.1826923076923077,0.3977272727272727,0.7083333333333335,0.6621621621621621,0.6849315068493151,0.5974025974025974,0.6399999999999999,0.5974025974025974,0.2299999999999999,0.1181818181818181,0.0423728813559323,-0.0538461538461538,-0.1214285714285713,-0.1689189189189189,-0.0238095238095238,-0.1458333333333332,-0.1338028169014083
SBOW-L,6.0,0.0070422535211266,2.7642231948976015e-07,0.0299922898532876,0.240465293668955,-0.9194805194805196,1.7967016918850554,-0.2915,2.597802854187472,-0.0562416757778314,-0.0011225706868729,-0.5784531415046442,1.0,0.3546910755148741,-0.0112903225806451,-4.290633556190975e-07,-0.3298245614035087,1.6310616298699694e-14,0.5454545454545453,0.0108834827144685,4.389838956334119e-07,0.2826086956521739,3.0,0.0012469805479199,0.5313851910003509,0.6669831941806712,-0.3386526264433241,1.3264022127444632,-0.2732769044740024,-0.3209027725879979,0.4978858350951375,1.6536866802719628,0.0,0.0,0.0,0.0,0.0,0.0,0.0,-0.5,-0.5,-0.5,-0.5,-0.5,-0.5,-0.5,-0.5,0.0,-0.5,-0.6666666666666666,-0.75,-0.75,-0.75,-0.75,-0.8,-0.8333333333333333,-0.8333333333333333,-0.8571428571428572,-0.8571428571428572,-0.8888888888888888,-0.9090909090909092,-0.9166666666666666,-0.9230769230769232,-0.9285714285714286,-0.9411764705882352,-0.9444444444444444,-0.9473684210526316,-0.95,-0.95,-0.95,-0.9444444444444444,-0.96,-0.967741935483871,-0.9615384615384616,-0.95,-0.9375,-0.9166666666666666,-0.9166666666666666,-0.9090909090909092,-0.9090909090909092,-0.9166666666666666
SBPO-L,8.0,0.1653889740683954,1.434042611426426e-06,0.1555960522408547,0.0667036857083362,-0.811271178762345,0.2362233680465433,-0.4624999999999999,0.6123392442013322,0.0265325024292087,0.0034207525655644,0.5634918599005052,1.0,0.1560956332740565,0.4083099382369456,-6.022727401629046e-07,-0.0697595665424991,9.407074184927978e-14,0.1285714285714284,0.0411972535164322,5.649951792566757e-07,-0.1894685039370079,4.0,0.0024587389838454,0.1733766566408335,-0.1310275706598264,0.2895885793639283,0.061058355020435,-0.0982754547602173,-0.1326847938760864,0.1328229027962716,1.6536866802719628,-0.2195121951219512,0.5769230769230769,0.1388888888888888,-0.267857142857143,-0.108695652173913,-0.4142857142857142,-0.5980392156862746,-0.6306306306306306,-0.5591397849462366,-0.652542372881356,-0.6666666666666667,-0.6583333333333333,-0.6403508771929824,-0.6666666666666667,-0.7696629213483146,-0.7722222222222223,-0.7588235294117647,-0.768361581920904,-0.7864583333333334,-0.7722222222222223,-0.757396449704142,-0.770949720670391,-0.770949720670391,-0.7371794871794872,-0.770949720670391,-0.7795698924731183,-0.7819148936170213,-0.7588235294117647,-0.7616279069767442,-0.7453416149068324,-0.764367816091954,-0.7670454545454546,-0.7112676056338028,-0.6846153846153846,-0.7696629213483146,-0.7670454545454546,-0.764367816091954,-0.768361581920904,-0.7337662337662338,-0.7050359712230216,-0.7371794871794872,-0.6611570247933884,-0.6583333333333333,-0.7028985507246377,-0.6893939393939394,-0.646551724137931,-0.5543478260869565,-0.3492063492063493,-0.3050847457627118
SBQL-L,8.0,-0.0662952196382428,2.408746880506513e-07,0.0261353116335564,0.0429946086125708,-0.5402364826081966,2.148819559750358,-0.0699999999999999,1.4287915698031095,0.0488018246701413,0.0029877260981912,0.1322726615608541,1.0,6.321428571428571,-0.2807492665312571,-1.4243123615671554e-07,-0.0643086816720256,1.768516428027305e-12,0.3,0.0069444444444444,1.9609330974189362e-07,0.4733106189664964,4.0,0.0074398333813101,-0.0535170854708286,-0.0170450230021847,0.3343280882618919,-0.0097066914388019,-0.0663755080861368,-0.1204110448697834,0.3343280882618919,1.6536866802719628,-0.0714285714285715,0.0980392156862746,-0.2112676056338027,-0.111111111111111,-0.205673758865248,-0.3777777777777777,-0.4399999999999999,-0.4074074074074073,-0.36,-0.4536585365853657,-0.4615384615384614,-0.4977578475336323,-0.4862385321100917,-0.4862385321100917,-0.565891472868217,-0.5741444866920151,-0.588235294117647,-0.5590551181102361,-0.611111111111111,-0.4285714285714285,-0.3488372093023255,-0.176470588235294,-0.232876712328767,-0.176470588235294,-0.111111111111111,-0.176470588235294,-0.2955974842767295,0.1666666666666667,0.0980392156862746,0.0181818181818183,-0.3978494623655914,-0.4343434343434342,-0.4285714285714285,-0.3411764705882352,-0.4862385321100917,-0.5130434782608695,-0.5130434782608695,-0.5022222222222221,-0.5087719298245613,-0.4343434343434342,-0.4371859296482411,-0.4455445544554455,-0.4716981132075472,-0.4716981132075472,-0.4399999999999999,-0.4741784037558685,-0.3777777777777777,-0.286624203821656,-0.2533333333333333
SBRT-L,8.0,1.9075839204309983,1.3264343453957938e-07,0.0143920373115674,0.0707325441756733,-0.6209689081706434,2.4826931450158107,0.1608,3.322771092565372,-0.0109208951715547,-0.0167806090739589,-0.0050396375990939,1.0,46.2608695652174,1.4641873278236914,-2.3807605830441005e-07,0.5956092904867959,3.3616908612999e-13,0.6976744186046512,-0.0136759220886862,3.876243017176753e-07,2.09899229401304,3.0,0.0037919875041225,33.399108138238574,0.2099308632709862,0.7924212872666481,-0.0133770499748783,-0.0470340070123428,-0.1845018450184501,0.7924212872666481,1.6536866802719628,0.0,-0.1249999999999998,-0.1249999999999998,0.0,0.1666666666666667,0.7500000000000002,0.4000000000000001,0.4000000000000001,0.7500000000000002,0.7500000000000002,0.7500000000000002,0.4000000000000001,0.4000000000000001,0.1666666666666667,0.0,0.1666666666666667,0.4000000000000001,0.7500000000000002,0.4000000000000001,0.4000000000000001,0.0,0.1666666666666667,-0.1249999999999998,-0.2999999999999999,-0.2999999999999999,-0.2222222222222221,-0.2999999999999999,-0.2999999999999999,-0.2999999999999999,-0.2999999999999999,-0.2999999999999999,-0.2999999999999999,-0.2222222222222221,-0.2999999999999999,-0.4166666666666666,-0.4615384615384614,-0.4615384615384614,-0.5625,-0.611111111111111,-0.5625,-0.4166666666666666,-0.4615384615384614,-0.5,-0.4615384615384614,-0.4166666666666666,-0.5625,-0.5625,-0.611111111111111,-0.611111111111111
SBSV-L,9.0,0.1206025820108023,4.111841648944873e-07,0.0446141783317694,0.0800963565191207,0.6842991982322407,2.241259440840204,4.217100000000002,0.6415015004067588,0.0106332419924918,-0.0006791111064824,0.1212226979445308,1.0,0.1269639135162692,0.1486542262920784,6.706394023665414e-08,0.011021727794877,1.5581741003977644e-08,0.1346945588071657,0.1715374771694995,1.4425013359507065e-07,0.0090956585212827,4.0,0.6445075052048499,-0.3558951570411375,-0.0010760900156008,-0.0390625043695491,-0.0231579751255272,0.0325754638713152,0.0446235073018247,0.1168434117133716,0.3533808058741761,-0.2221656699325613,0.0249087115284298,-0.1196370561218773,-0.1650021249468763,-0.1298715677590787,-0.0005087116876508,-0.0733404079707581,-0.0499274661508704,-0.0573347727000119,-0.059140428588531,-0.1145786390265886,-0.090498784862863,-0.0763897050182159,-0.1365633926609535,-0.1405293088363953,-0.1012122598353155,-0.1144788732394366,-0.1359938434476691,0.0346234860452872,0.0631764069264069,0.218638548612188,0.2090769230769231,0.2212898212898215,0.2245247740729199,0.5696025564210105,0.4678744863653343,0.5307752239968835,0.5996336250763281,0.5664739884393064,0.5854347387532783,0.7468326294732162,0.7196936542669583,0.6749786871270247,0.7051421132566718,0.7938826751883132,0.8125,0.9006045949214028,0.8627636880777436,0.8426729191090272,0.7238429480149156,0.7672588261749496,0.726873214678093,0.7099651871192341,0.6803506521274321,0.7025563258232237,0.7468326294732162,0.6534820113612456,0.8375029226093056,0.8008707607699359
SBTC-L,9.0,0.0087119655746573,5.391346940589244e-07,0.0584970274615535,0.0662427767699226,0.1230775085014118,1.34371144865971,-0.0592000000000005,0.6533830281206013,0.0016412308300896,0.0011872400363325,-0.0057024778978164,1.0,0.53087450410768,0.0291816732328916,2.9379225566218854e-08,-0.0505623261870504,1.84120535438497e-08,0.1371892951910345,0.0303410800323332,8.459754414529973e-07,-0.006801481259098,5.0,0.3542503027952161,0.0624910593072838,0.0471676172970502,0.0600938190882638,1.0713930197078527,0.0044721529927663,0.0111906203632875,0.0713930197078527,0.9370426589166392,-0.11010101010101,-0.0471607314725698,-0.1238938053097344,-0.0721649484536082,-0.0925756186984417,-0.0159045725646123,-0.0139442231075695,-0.0060240963855422,0.0691144708423325,-0.0080160320641282,-0.0159045725646123,-0.01,0.056563500533618,-0.0227048371174728,0.0599571734475374,-0.0070210631895687,-0.0030211480362537,0.0164271047227926,-0.009009009009009,0.0185185185185183,0.032325338894682,0.0421052631578948,0.0831509846827134,0.2073170731707319,0.2873862158647593,0.2958115183246075,0.248423707440101,0.2724935732647815,0.2579415501905973,0.3306451612903225,0.6836734693877551,0.5615141955835963,0.5764331210191083,0.7187500000000002,0.752212389380531,0.6071428571428572,0.5814696485623003,0.6638655462184875,0.5230769230769232,0.5207373271889402,0.3432835820895523,0.3026315789473686,0.3129973474801062,0.2421580928481808,0.2237330037082818,0.2724935732647815,0.4954682779456194,0.4688427299703264,0.2924281984334205
SBUJ-L^B19,7.0,0.1592757529591,2.0672266087369405e-07,0.022429758840065,0.2649201289694387,3.184931506849315,1.7763952993991368,1.1885,-0.0878853602679575,0.0088660274698434,0.0020298840436846,0.082416311423945,1.0,0.1384029843222261,0.1807916107167977,3.6637456380638665e-08,-0.0256715024613162,1.0593514385420779e-10,-0.0184530820573224,0.1081800070315246,1.4752151068933524e-08,-0.0765241765942535,3.0,0.1255759498831501,0.0202852195097171,0.0019431284877636,-0.1333851313370032,0.0182138366030475,0.0457688458466857,0.0490350041155829,0.0965613927271679,0.3829026418693759,0.0,0.0,-0.0114942528735632,-0.0380313199105145,-0.0114942528735632,-0.0732758620689655,-0.0611353711790393,0.0462287104622869,0.1375661375661376,0.2044817927170867,0.1977715877437325,0.2181303116147308,0.1436170212765957,0.239193083573487,0.225071225071225,0.1780821917808219,0.1559139784946235,0.239193083573487,0.1375661375661376,0.303030303030303,0.3870967741935482,0.303030303030303,0.3354037267080745,0.3650793650793651,0.5140845070422535,0.5693430656934304,0.3437499999999998,0.3522012578616351,0.5087719298245612,0.4776632302405497,0.1944444444444444,0.2112676056338027,0.162162162162162,0.162162162162162,0.1025641025641026,0.048780487804878,0.2356321839080459,0.3109756097560976,0.3564668769716088,0.3782051282051282,0.4098360655737705,0.382636655948553,0.3354037267080745,0.5867158671586716,0.5693430656934304,0.5808823529411762,0.5248226950354611,0.6349809885931559,1.067307692307692
SBUK-L,7.0,0.0015702108568864,3.696180093145146e-07,0.0401041800489152,0.0065258457839601,0.3246936852026389,1.5436946481859042,-7.150000000000002,0.3663568127700281,-0.0208859592140025,-0.0019066846119336,0.5442173678406346,1.0,0.265,-0.1246492985971943,9.866634589302289e-08,-0.0212932870110945,1.4473093742031602e-09,0.0769230769230769,0.0208613728129206,3.860341937941427e-07,0.161996943453897,3.0,0.1661276133390473,-0.0316355140186915,-0.071673404317974,0.058074565115002,0.0096422566536822,0.0321367153912295,0.0663265306122448,0.0600200904068308,0.4056212611987833,-0.094240837696335,0.0105820105820106,-0.045,0.0,-0.0990566037735849,-0.0255102040816326,-0.0402010050251256,-0.154867256637168,0.0105820105820106,-0.0103626943005181,-0.0154639175257732,-0.352542372881356,-0.3003663003663004,-0.3696369636963696,-0.3936507936507937,-0.431547619047619,-0.3838709677419355,-0.348122866894198,-0.4229607250755287,-0.4104938271604939,-0.3368055555555556,-0.2952029520295203,-0.236,-0.2450592885375494,-0.2509803921568627,-0.25390625,-0.3818770226537217,-0.3436426116838489,-0.3838709677419355,-0.4176829268292683,-0.4694444444444444,-0.4752747252747253,-0.4141104294478527,-0.4246987951807228,-0.4709141274238227,-0.4767123287671233,-0.4781420765027323,-0.4694444444444444,-0.5176767676767677,-0.4893048128342246,-0.4463768115942029,-0.4194528875379939,-0.4906666666666667,-0.3993710691823899,-0.3798701298701299,-0.3298245614035088,-0.2709923664122138,-0.3250883392226149,-0.2107438016528925
SBVD-L,8.0,0.1017242227066362,1.2926781266692964e-06,0.1402577662094564,0.0167213383021295,0.1463766884716676,1.521623130957101,-0.4604999999999999,-0.3185711415391543,-0.0135998813716906,0.0033430007305895,0.0018443000821487,1.0,0.2941351150705271,0.1676239581107073,7.262469289548368e-08,0.0515469947166276,1.0017875223078854e-10,-0.0668896321070232,0.0484486912625178,6.951326235481789e-07,-0.0033077477630295,4.0,0.0190120059137985,0.2680398781804684,0.0733099815551273,0.2403993458812839,-0.205503042848448,0.0059190780079843,0.0091134441528142,0.4185113748131873,0.6707684518635206,-0.0593220338983049,0.0535714285714283,0.0727272727272725,-0.3370786516853933,-0.313953488372093,-0.2848484848484848,-0.2891566265060241,-0.3218390804597701,-0.3333333333333333,-0.3407821229050279,-0.3789473684210526,-0.2891566265060241,-0.3295454545454546,-0.3333333333333333,-0.1805555555555555,-0.1386861313868614,-0.1323529411764706,-0.1690140845070422,-0.1748251748251748,-0.2287581699346406,-0.0781250000000001,-0.024793388429752,-0.056,-0.0708661417322835,-0.0483870967741936,-0.0708661417322835,-0.1060606060606061,-0.0483870967741936,0.0727272727272725,0.1132075471698113,-0.1571428571428571,-0.1690140845070422,-0.0634920634920636,-0.056,0.1132075471698113,0.0825688073394494,0.1799999999999999,-0.040650406504065,-0.144927536231884,-0.2133333333333333,-0.1862068965517241,-0.1323529411764706,-0.1127819548872181,-0.0084033613445377,-0.0781250000000001,-0.0923076923076924,-0.0708661417322835,-0.0781250000000001,-0.1060606060606061
SBWL-L,11.0,0.0791799274665086,4.322663770937305e-07,0.0469016340632579,0.0536976970483295,0.355900402059674,3.5644402254842804,0.287,-0.0244446804072391,0.0072205794474059,0.0011615720524017,0.0154814073588443,1.0,0.1467563853480547,0.232798459563543,1.0709322410582165e-07,-0.0313258673349516,2.0955733888533963e-10,-0.0051325919589393,0.0179409370142847,3.881102552705464e-07,-0.0523423547190548,3.0,0.0249850596919294,0.0297224701852202,-0.0015434249469963,0.025589939651162,0.0823049775616601,0.0056444090859212,0.0107122403290467,0.0179874126140059,0.3019972102881865,-0.0430107526881721,0.0449438202247192,0.0813953488372094,0.1071428571428572,0.0508474576271187,-0.0210526315789473,0.0108695652173913,0.2077922077922078,0.24,0.15527950310559,0.087719298245614,0.1625000000000001,0.1481481481481481,0.1481481481481481,0.24,0.1625000000000001,0.1772151898734177,0.1005917159763314,-0.0053475935828877,0.0219780219780219,0.0568181818181818,0.0508474576271187,0.0219780219780219,0.0568181818181818,0.0219780219780219,0.0813953488372094,0.0813953488372094,0.0568181818181818,0.0333333333333334,0.0219780219780219,-0.1057692307692307,-0.1184834123222747,-0.1057692307692307,-0.0792079207920791,-0.1142857142857143,-0.0312499999999998,-0.1057692307692307,-0.0926829268292681,0.0333333333333334,0.0751445086705202,0.0813953488372094,0.0449438202247192,-0.0053475935828877,0.087719298245614,-0.2762645914396886,-0.2469635627530364,-0.2677165354330708,-0.1226415094339622,-0.1545454545454545
SBWV-L,8.0,0.1938041179383464,8.901102802271405e-07,0.0965784730236028,0.3416777796730192,0.3723057079475947,2.2654195147373737,2.5882,0.2917510379840788,0.0114897320677787,-0.0007003611333509,0.0095445317683357,1.0,3.754128115454424,1.0320000500163595,1.586840137599165e-07,-0.0545255097197458,3.833619976926703e-10,0.0612582781456953,0.0129350839276375,5.228105350797374e-07,-0.298710188567419,4.0,0.03079791929266,-0.4045874097790468,-0.0140679944849089,0.3934035808802494,-0.1684310012148871,0.0294538391179522,0.0467536966757476,0.3934035808802494,0.3743472871107231,-0.4754098360655737,0.009933774834437,-0.171195652173913,-0.1159420289855073,-0.0527950310559007,-0.0895522388059701,0.0166666666666666,-0.1002949852507375,-0.0224358974358975,-0.2524509803921569,-0.3146067415730338,-0.3440860215053765,-0.2873831775700936,-0.2650602409638555,-0.284037558685446,-0.1801075268817205,-0.2199488491048594,-0.1574585635359117,0.1050724637681159,0.0234899328859059,0.0304054054054052,0.2978723404255319,0.2708333333333332,0.7732558139534882,0.9551282051282048,1.132867132867133,1.0065789473684208,0.8827160493827158,1.3106060606060606,3.295774647887324,2.8125,3.0131578947368416,3.2361111111111107,2.8125,2.7654320987654315,3.919354838709677,3.765625,3.765625,3.919354838709677,4.083333333333333,4.0,4.083333333333333,3.485294117647058,1.479674796747967,1.147887323943662,1.0065789473684208,1.479674796747967,1.210144927536232,1.210144927536232
SBXA-L,8.0,0.0718579325047528,1.2495136196389534e-06,0.1355743440870389,0.0163833582808751,0.2593419634909977,0.6981336932082293,-1.671,0.2814286425369764,-0.0444422686910646,-0.009359208559702,-0.0027124005742582,1.0,8.358974358974358,0.0005185713359694,1.350705198812824e-07,-0.0252046017492585,1.946974506779248e-11,0.0590909090909091,-0.0007252826954142,7.053255451577123e-07,0.1940180896258736,3.0,0.013892101456225,0.3879640260237273,-0.0022468417905371,-0.0407547465564198,-0.2242770173767359,0.0148495187655955,0.0239605587510271,-0.0407547465564198,0.3441670360949589,0.009433962264151,-0.0275229357798165,0.0,-0.0093457943925233,-0.0701754385964911,-0.1239669421487602,-0.171875,-0.1587301587301587,-0.2205882352941176,-0.383720930232558,-0.4646464646464646,-0.3575757575757575,-0.3690476190476189,-0.2980132450331125,-0.2318840579710144,-0.171875,-0.196969696969697,-0.196969696969697,-0.2428571428571427,-0.2837837837837837,-0.3375,-0.3291139240506329,-0.1092436974789915,-0.208955223880597,-0.3116883116883117,-0.5673469387755102,-0.576,-0.6044776119402986,-0.576,-0.4952380952380952,-0.576,-0.5673469387755102,-0.6,-0.5069767441860464,-0.5225225225225225,-0.5288888888888889,-0.6344827586206896,-0.7282051282051282,-0.7095890410958904,-0.691860465116279,-0.6927536231884057,-0.670807453416149,-0.6394557823129252,-0.6418918918918919,-0.6074074074074074,-0.6015037593984962,-0.5810276679841897,-0.5159817351598173,-0.5046728971962617
SCBE-L^E22,8.0,0.2535692053002782,1.7211202738506437e-07,0.0186744464849954,0.0099491041580588,0.1714806511280913,3.4820086054312123,0.9859999999999998,1.0371047645022575,-0.0007451561321487,0.0013512759640238,0.0544488012842443,1.0,0.1781190275123339,0.3075490522115064,6.25141630572792e-08,0.0611967980960996,1.300469996199656e-09,0.2177584442169909,0.026740821310567,6.300443588568165e-07,0.2395897029566535,2.0,0.0642277211917821,0.3139867345348525,0.010898668512031,0.4390479148870971,-0.0118122692360137,0.0199756613987601,0.0930998524848669,0.176369414953826,0.4267092932429229,-0.2268041237113403,0.1149425287356322,-0.0490196078431371,-0.0702875399361021,-0.1441176470588234,-0.302158273381295,-0.3232558139534883,-0.3310344827586206,-0.2027397260273972,-0.2797029702970297,-0.3248259860788862,-0.3386363636363636,-0.3152941176470588,-0.3310344827586206,-0.2902439024390243,-0.285012285012285,-0.3071428571428571,-0.2832512315270935,-0.3038277511961721,-0.2441558441558441,-0.238219895287958,-0.1732954545454544,-0.2281167108753315,-0.2342105263157894,-0.2027397260273972,-0.0849056603773584,-0.1637931034482758,-0.0332225913621261,0.0620437956204378,0.127906976744186,0.0210526315789474,0.0777777777777777,0.0210526315789474,0.1106870229007632,0.0392857142857143,-0.0102040816326529,0.0939849624060149,0.0698529411764705,0.0505415162454874,0.0939849624060149,0.0581818181818183,0.3227272727272727,0.4405940594059405,0.5156250000000002,0.7117647058823531,0.785276073619632,0.7117647058823531,0.7218934911242605,1.1397058823529411
SCCJ-L,7.0,0.1597651219385672,3.231140513567914e-07,0.0350584218447018,0.0369670721943307,0.2130333580061318,2.612378015335646,13.423000000000002,0.9077351431954496,0.001982016895842,0.0002182106053737,0.023408976974829,1.0,0.1194966515796055,0.1395478771273723,6.587898471125089e-08,0.1075470880419521,7.456914552243124e-08,0.1905950095969289,0.1520223104838073,4.0100792425413853e-07,0.1787508008688451,3.0,0.7932956832667166,-0.2386572744179717,-0.0248379532309518,0.0375192331516367,0.0106444735527986,0.026327438936327,0.0574567847239119,0.2464935449630965,0.3870905954030942,-0.1802325581395348,-0.1886792452830189,-0.1246819338422392,-0.1710843373493976,-0.1710843373493976,-0.14,-0.1568627450980392,-0.1179487179487179,-0.1202046035805627,-0.1690821256038647,-0.1809523809523809,-0.1886792452830189,-0.1088082901554403,-0.1506172839506172,-0.1224489795918367,-0.0702702702702703,-0.0444444444444445,0.0177514792899409,-0.0702702702702703,0.0207715133531156,0.1390728476821192,0.1096774193548386,0.1278688524590163,0.2374100719424461,0.3927125506072872,0.4576271186440679,0.3543307086614173,0.2418772563176894,0.34375,0.3333333333333332,0.1241830065359477,0.2418772563176894,0.3079847908745248,0.1821305841924398,0.2112676056338027,0.2070175438596491,0.0783699059561129,0.036144578313253,0.036144578313253,0.0817610062893081,-0.0391061452513966,0.0,0.0552147239263804,0.1466666666666667,0.1132686084142395,0.0955414012738853,0.0683229813664596,0.2070175438596491,0.2883895131086142
SCCO-L^L22,4.0,-0.0148462185597606,1.4197249699627395e-06,0.1540425638916253,0.1148925715482966,0.1187462962812634,3.3898104691156905,-2.0265,-0.8493594454789722,0.0027055868143784,-0.0098731339688045,-0.0048145178046714,1.0,2.557837762820068,-0.0140928408638388,-9.427748495817307e-10,-0.0351093563551618,2.1792817959637246e-10,-0.1783380018674135,-0.0073144719497089,9.897289248222394e-07,-0.015941786227379,4.0,0.0086781532693964,0.3145493085850214,0.0435865440899571,0.0685513469041713,-0.0355608027177355,-0.0229520015413204,-0.0456771799628942,0.0332668635316724,1.6536866802719628,-0.4444444444444444,-0.1818181818181818,-0.28,-0.1428571428571429,-0.2,-0.4375,-0.6000000000000001,-0.5909090909090909,-0.64,-0.6697247706422018,-0.6666666666666667,-0.6666666666666667,-0.6666666666666667,-0.6896551724137931,-0.6814159292035398,-0.64,-0.6470588235294118,-0.6896551724137931,-0.6666666666666667,-0.6603773584905661,-0.625,-0.6923076923076923,-0.7,-0.6727272727272728,-0.6363636363636364,-0.5955056179775281,-0.6043956043956045,-0.5714285714285714,-0.5324675324675325,-0.4545454545454546,-0.4705882352941177,-0.3898305084745762,-0.1428571428571429,-0.1818181818181818,-0.25,-0.2,-0.28,-0.3333333333333333,-0.3333333333333333,-0.3333333333333333,-0.2340425531914893,-0.3207547169811321,-0.3684210526315788,-0.3207547169811321,-0.2941176470588236,-0.2340425531914893,-0.4285714285714286,-0.5662650602409638,-0.8134715025906736
SCDW-L,8.0,0.1783092408991144,5.787489046868798e-07,0.0627952364110188,0.0299585911991808,0.2271424271524602,1.0344136327801183,0.4435000000000002,0.6230575110328631,-0.0079350384923001,0.0009840126013476,0.0263685050319156,1.0,0.8125248772721242,0.0317236297327845,4.667109523550386e-08,0.0551303559433625,3.4363540709989235e-10,0.1308219178082192,0.0400471397217026,5.665688102536555e-07,0.3783535026418952,5.0,0.0802594816887897,-0.0751634218952463,-0.0505845069934189,-0.2140150140888301,0.0408631223453033,0.0123459622142903,0.0244320967478346,0.1114017075543066,0.4237548845191384,-0.1325301204819277,-0.0292397660818714,-0.1573604060913705,-0.1443298969072165,-0.1822660098522167,-0.1530612244897959,-0.1980676328502415,-0.1616161616161616,-0.1530612244897959,-0.2169811320754717,-0.2350230414746543,-0.1902439024390243,-0.2019230769230769,-0.2206572769953051,-0.17,-0.1443298969072165,-0.1487179487179487,-0.1354166666666666,-0.1658291457286432,-0.1530612244897959,-0.0978260869565218,-0.0726256983240224,-0.0459770114942529,0.0310559006211179,0.1140939597315435,0.0849673202614378,-0.0674157303370787,0.0184049079754602,0.0440251572327043,0.177304964539007,-0.0235294117647059,0.0060606060606061,0.0121951219512195,-0.0404624277456647,0.0060606060606061,-0.1263157894736841,-0.0879120879120879,0.0374999999999998,-0.0459770114942529,-0.0119047619047618,0.0374999999999998,0.1369863013698629,0.0921052631578946,0.1608391608391608,0.1140939597315435,0.2028985507246377,0.1448275862068966,0.1857142857142857,0.1690140845070422
SCEE-L,8.0,0.0381244841853858,8.302202793807829e-07,0.0900803064934426,0.0473186210510601,0.0983837675796365,1.1409314065989855,-8.362099999999998,-0.0577826926702563,-0.0094783376982886,-0.0004308794539227,0.0383904098241691,1.0,0.0948491260573219,0.0173638898877607,6.800488212571356e-08,-0.0036829734593829,3.444207453161004e-08,-0.0121324958569469,0.0424586733121775,1.1255156772012005e-06,0.0539895380771805,4.0,0.3602473873275502,0.0214394526993015,-0.0446120266212922,-0.1468550300066287,0.0100634152213967,0.0083883175025347,0.0197602183856464,-0.0151175525851102,0.4637148018209787,-0.0953488372093022,0.1559139784946235,0.0865445356917244,-0.0444444444444445,-0.2515230635335074,0.0399032648125756,-0.1480931154036653,-0.0928270042194093,-0.0990047145102147,-0.1514553527380365,-0.1924882629107982,-0.2979591836734694,-0.3013809910641755,-0.3497164461247637,-0.3257546060368483,-0.345011424219345,-0.3389700230591852,-0.3617810760667903,-0.3865905848787446,-0.335650830436462,-0.3217665615141956,-0.3233674272226594,-0.285120532003325,-0.2803347280334728,-0.1879131255901794,-0.314194577352472,-0.3128246104674391,-0.365547768351162,-0.3548387096774194,-0.2821368948247079,-0.2252252252252252,-0.1828978622327791,-0.2541196877710321,-0.3291731669266771,-0.3309996110462855,-0.2839300582847627,-0.2687074829931972,-0.1291139240506329,-0.1425722831505483,-0.1269035532994924,-0.1326273323247604,-0.1013584117032393,-0.1387080620931396,-0.1228964813870474,-0.1686805219913002,-0.1115702479338842,-0.0595954073264078,-0.0465631929046562,0.0201660735468565
SCEM-L,12.0,0.0714365105528412,5.127274833241352e-07,0.0556318003697738,0.0937288098872803,0.1614126841193703,1.753708390005141,-7.2218,0.1868893891131593,0.0225950924174756,-0.0026866745557145,0.0263820121667856,1.0,0.1257769226966795,0.1791084347881303,6.306473007529555e-08,-0.0206936197538022,3.670322021115721e-09,0.0392407247627265,0.0899806334526479,6.038013190079218e-07,-0.0056427543018988,5.0,0.1568051229486276,0.0081811679082649,0.0768606108667651,-0.095497815599671,-0.0101114771018182,0.0195824913984007,0.0498801196429701,0.0980483059589764,0.5285058995999472,-0.1312410841654778,0.0093592512598992,-0.2015945330296127,-0.275452196382429,-0.1689389448725549,-0.0188943317004898,-0.0577956989247312,-0.2262693156732892,-0.2690302398331595,-0.2651991614255764,-0.2034090909090909,-0.0709078860172299,0.1407648494711146,0.055722891566265,0.3403441682600381,0.5042918454935621,0.6059564719358532,0.9418282548476457,1.2833876221498373,1.4256055363321796,1.3965811965811965,1.727626459143969,1.7117988394584138,2.222988505747127,2.129464285714285,1.696153846153846,2.041214750542299,2.101769911504425,2.0881057268722465,2.9943019943019946,2.9604519774011298,2.5674300254452924,2.3946731234866827,2.3946731234866827,2.768817204301075,1.6452830188679246,1.6704761904761902,1.6156716417910446,1.9829787234042555,1.9147609147609148,1.7490196078431373,1.9392033542976943,1.989339019189765,1.635338345864661,1.6653992395437265,1.2686084142394822,1.3722504230118444,1.5035714285714286,1.3884156729131174
SCER-L,8.0,0.1925673483011284,2.623823863794033e-07,0.0284689333307613,0.0436878677679909,0.1374360296932201,2.167820459818925,5.4879,1.1936799668801912,0.0012040609222621,0.0013788283582074,0.00956140062155,1.0,1.6892183086488843,0.0913799571225776,3.338622095602999e-08,0.0420300708931155,3.7103023116980434e-08,0.2506341706043274,0.0620712486364779,3.880542964935088e-07,0.2723284323934081,4.0,0.7569186903583275,-0.1759846948784337,0.0033260377258411,-0.0864083021326352,-0.0156754835270344,0.0119816350369672,0.0297020499593343,0.2623441252452205,0.6467850555851453,-0.0299412545006633,-0.0041517267408944,-0.1260351109638953,-0.122255489021956,-0.0570050035739814,0.0539245056920312,0.124440656296612,0.1734489659773184,0.1976849750340445,0.1501743679163034,0.1107135339928437,0.125399872040947,0.1547045951859955,0.1180084745762712,0.1454308660733667,0.1536947966768693,0.2378606615059817,0.2549346016646849,0.2346747777257838,0.2636494252873564,0.329889112903226,0.3482370975983648,0.4781512605042017,0.5322299651567945,0.6709943001899938,0.4764969222160045,0.5255854293148308,0.6946050096339114,0.606392694063927,0.7619365609348916,0.8316556751128081,0.9064306358381504,1.0011376564277588,1.004939209726444,1.096543504171633,1.1192771084337352,1.1175762439807384,1.160049119934507,1.3043668122270744,1.1841887417218544,1.243622448979592,1.2706540447504304,1.1364372469635629,1.1399026763990268,1.2804667242869492,1.3953699500680892,1.454418604651163,1.5021337126600285,1.826459560792716
SCET-L,9.0,0.0552879003332131,8.749558012961146e-08,0.0094934186391778,0.3409657696794175,1.3126866684767853,3.6899065456874607,2.363999999999999,0.8688911335062817,0.0110830923669998,0.0042279151365899,0.177302692765192,1.0,0.2646722249468693,0.0930738284223114,4.60759575456245e-08,-0.0049876599303999,4.872408670333211e-10,0.1824390243902439,0.0296177600441454,3.614783079831456e-08,-0.026193267459387,3.0,0.226125699351447,-0.0740231675509384,0.0934547744333771,0.0485283099646794,-0.1211037594174687,0.0857247489454827,0.1409021683950975,0.0485283099646794,0.5031387910860375,-0.1196682464454975,-0.0506186726659169,-0.1153039832285115,-0.0865800865800866,-0.1414038657171923,-0.1180773249738768,-0.1757812500000001,-0.1741682974559687,-0.172549019607843,-0.0023640661938535,-0.109704641350211,-0.0963597430406852,-0.0865800865800866,-0.128099173553719,-0.1370143149284253,-0.0775956284153006,-0.1298969072164948,0.1018276762402088,0.0419753086419751,0.0563204005006257,0.172222222222222,0.3065015479876161,0.4501718213058416,0.4938053097345132,0.5894538606403013,0.440273037542662,0.3291338582677166,0.3354430379746833,0.3973509933774832,0.8755555555555554,0.3291338582677166,0.5262206148282096,0.5044563279857395,0.691382765531062,0.6230769230769229,0.6168582375478926,0.6076190476190475,0.4911660777385158,0.688,0.632495164410058,0.8590308370044051,1.164102564102564,1.3977272727272725,1.4114285714285717,1.511904761904762,1.4678362573099415,1.344444444444444,1.4114285714285717,1.4463768115942028
SCFC-L^C21,7.0,-0.0374077976817702,-3.81924028011836e-06,-0.4143940392082008,0.0633879781420765,0.0489652373867171,0.8028195243137302,-8.5,-0.1457754857095398,0.0287734141644462,-0.0010537407797681,-0.0093645624582498,1.0,0.5511811023622047,-0.0825927861996863,2.415587869476569e-07,0.0370469798657682,7.470813330918408e-09,-0.0306081353201771,0.0110642781875658,7.795167340959522e-06,-0.0600892154290212,4.0,0.1291940325914168,0.0776824538723705,-0.0157082614529423,-0.1464539007092198,0.0735043020076035,0.0052486187845303,-0.0059042883778744,0.0202127659574468,0.4469423460194494,-0.1758241758241758,-0.1333333333333333,-0.0899999999999999,-0.1727272727272727,-0.1946902654867255,-0.272,-0.2834645669291338,-0.3405797101449275,0.1374999999999999,0.1818181818181818,-0.3106060606060606,-0.4647058823529412,-0.4052287581699346,-0.4739884393063583,-0.4550898203592813,-0.4382716049382716,-0.5666666666666667,-0.6026200873362446,-0.6127659574468085,-0.6513409961685823,-0.6553030303030303,-0.6566037735849056,-0.6345381526104418,-0.6714801444043321,-0.6654411764705883,-0.64453125,-0.6956521739130435,-0.6690909090909091,-0.6255144032921811,-0.6345381526104418,-0.6807017543859649,-0.6738351254480286,-0.65,-0.6761565836298933,-0.685121107266436,-0.7101910828025477,-0.6726618705035972,-0.6738351254480286,-0.6678832116788321,-0.72,-0.7540540540540541,-0.7630208333333333,-0.7796610169491525,-0.7807228915662651,-0.7707808564231738,-0.7560321715817695,-0.7493112947658402,-0.7414772727272727,-0.7458100558659218
SCGP-L,8.0,1.435332234647474,4.5943952813069e-07,0.0498499669751299,0.0335320224591132,0.1041789078218756,0.1300295526781741,-4.828199999999999,1.039926803050145,-0.006035997678579,-0.0004439542508811,0.0412668337527945,1.0,0.6499999237534063,1.911073416723164,1.2828518466197364e-08,0.6137308440691254,1.9397339698168797e-08,0.2183509810028027,0.0146785039116965,3.254868655087545e-07,1.1225481879096122,4.0,1.9786036476629905,-0.1978992058283898,0.0038250581933713,-0.7058099547268567,-0.0173560214792333,0.0034344636821235,0.0060669195412869,0.0922307859715225,0.74539294756051,-0.1049454376596239,0.0395848419020032,-0.1290192113245702,-0.1006473167675924,-0.0345214077561084,0.0032611227579781,-0.0041618497109826,0.1703804347826087,0.1934053754502631,0.1631109910883068,0.0629318854886475,0.1953927282819871,0.179353778751369,0.1764545206227807,0.3280912735121801,0.3943023632243445,0.4038461538461539,0.6023065476190477,0.5713243341846042,0.6903453689167975,0.7111640842272546,0.8628892733564013,1.0239661654135337,0.898193036579991,1.127964426877471,0.946226841391776,0.8242270224481152,0.7908523908523908,0.8865527814279459,1.0126168224299068,1.0373699148533584,1.249086161879896,1.3861495844875344,1.64720344191764,1.6150576806314514,1.452733485193622,1.506984866123399,1.7328680203045683,1.562165377751339,1.7555982085732564,2.028832630098453,2.211782252050708,2.0896700143472025,1.9419398907103824,2.3966876971608837,2.539030402629417,2.586178184845962,2.6345991561181434,2.5361247947454846
SCGY-L^B21,8.0,0.3204949479820731,3.440309494531775e-07,0.0373279407160306,0.0932867615472912,0.1187385967822192,1.8871660872452656,-2.132,0.5465322944602058,-0.0403168211227894,0.0026152977637475,-0.0087754525307512,1.0,1.0468648296810588,0.0642004961215892,5.740743990505338e-09,0.1148392350008935,1.0074787924865252e-10,0.1147540983606557,-0.0431236102630275,3.847507721264071e-07,0.678737052567271,4.0,0.0441754185668299,0.9565587619778269,-0.2932680351372727,0.4631089389878606,0.7093696227485444,-0.0042664474913139,-0.0101771646526218,0.4631089389878606,3.3312069823216803,-0.1022727272727272,-0.122923588039867,-0.2435530085959885,-0.2826086956521739,-0.1826625386996904,0.0193050193050194,-0.043478260869565,-0.0469314079422382,0.0076335877862594,0.0393700787401574,0.0731707317073171,0.090909090909091,0.1428571428571428,0.306930693069307,0.4193548387096775,0.4042553191489364,0.2692307692307691,0.233644859813084,0.2279069767441861,0.2165898617511521,0.4831460674157304,0.5085714285714287,0.5,0.6815286624203822,0.6499999999999999,0.517241379310345,0.4505494505494505,0.3608247422680413,0.4505494505494505,0.5529411764705883,0.6923076923076923,0.6923076923076923,0.76,0.76,0.7718120805369129,0.76,0.703225806451613,0.7718120805369129,0.783783783783784,0.8082191780821919,0.6923076923076923,0.783783783783784,1.1290322580645165,1.2758620689655171,1.1639344262295084,1.3157894736842106,0.8857142857142859,0.783783783783784,0.76
SCHB-L,7.0,0.5948853987182506,3.876507960676791e-06,0.4206076795455817,0.0709677920785923,17.915,0.1138999352826939,0.7446,0.3247253567734339,0.0223475914766516,-7.437524791749306e-05,-0.0018116964771798,1.0,0.5444015444015444,0.602037712895377,1.0943576380999369e-06,0.0042707278390308,2.328385882852768e-13,0.0681818181818181,0.0039791250883217,6.871740499823358e-08,0.2740193291642978,2.0,0.0009168903909625,-0.9122576265433407,0.0128026323024811,1.0294383448381947,0.2536197050397061,0.1377773211194802,0.1402233019080408,0.0294383448381947,0.0003706882636715,0.1999999999999999,-0.1666666666666666,-0.375,-0.5,-0.6153846153846154,-0.6428571428571428,-0.7222222222222222,-0.6875,-0.6875,-0.75,-0.782608695652174,-0.7619047619047619,-0.8076923076923077,-0.8333333333333333,-0.7727272727272727,-0.8076923076923077,-0.8387096774193548,-0.8387096774193548,-0.8484848484848485,-0.8611111111111112,-0.8780487804878049,-0.8863636363636364,-0.875,-0.8571428571428571,-0.8611111111111112,-0.868421052631579,-0.84375,-0.8387096774193548,-0.8611111111111112,-0.8648648648648649,-0.8863636363636364,-0.8958333333333334,-0.8979591836734694,-0.8958333333333334,-0.8863636363636364,-0.8958333333333334,-0.8936170212765957,-0.8913043478260869,-0.8936170212765957,-0.8979591836734694,-0.8979591836734694,-0.875,-0.8484848484848485,-0.7727272727272727,-0.7619047619047619,-0.75,-0.75,-0.736842105263158,-0.7222222222222222
SCHE-L,7.0,0.1711082277007021,1.270345677847732e-06,0.1378346576868652,0.1400426136363636,0.0166307729121799,0.3890717186227917,-0.049,0.9338506992177188,0.0161143840195253,0.0031883047650291,0.2553705547996581,1.0,0.0337107024115146,0.4704705758500894,-4.124439897651392e-08,0.0286865776851524,1.736302601585937e-12,0.196078431372549,0.0455301593638752,1.9309836363160824e-06,0.0327852903978986,3.0,0.0061827918136277,-0.0786476215459327,-0.0071421108667695,-0.4138238361619417,-0.169836169152692,-0.0009606700057475,-0.0032100526777875,0.3861761638380581,1.6536866802719628,-0.0555555555555554,-0.0526315789473684,-0.1428571428571429,-0.1818181818181818,-0.2653061224489795,-0.28,-0.28,-0.25,-0.2173913043478261,-0.25,-0.3076923076923077,-0.2941176470588236,-0.2941176470588236,-0.2941176470588236,-0.2941176470588236,-0.3076923076923077,-0.3076923076923077,-0.3076923076923077,-0.3076923076923077,-0.3076923076923077,-0.3076923076923077,-0.1818181818181818,-0.2,-0.2173913043478261,-0.1428571428571429,-0.1428571428571429,-0.1428571428571429,-0.3207547169811321,-0.28,-0.2941176470588236,-0.3454545454545455,-0.4193548387096775,-0.3454545454545455,-0.3571428571428572,-0.3793103448275862,-0.3571428571428572,-0.4375,-0.4705882352941177,-0.3898305084745762,-0.4,-0.4782608695652174,-0.4782608695652174,-0.4705882352941177,-0.4857142857142856,-0.4929577464788732,-0.5068493150684932,-0.5068493150684932,-0.4705882352941177,-0.3454545454545455
SCHG-L,6.0,0.0482976278478941,3.883516415304693e-07,0.0421368108743237,0.0148929459932882,0.1136763391482476,2.458251095554431,1.1175999999999997,1.7477864791040705,-0.0005304221239258,-0.0029152157721551,0.0544434047069357,1.0,0.1535458863149827,0.0777660913600503,4.890717411278234e-08,0.0186159998003054,4.900139322730805e-09,0.3669786096256682,0.0865004886262545,9.495730027427638e-07,0.0364435435617903,2.0,0.102524064133672,-0.1560079389629362,-0.0008964401137551,0.1977927203384585,-0.0185520436243873,0.0130710003629234,0.0465700998391204,0.21083473513377,0.2701544856244631,0.0760233918128654,0.06875,0.0384615384615383,0.1008583690987123,0.0301204819277107,0.0555555555555553,0.026,0.0280561122244489,0.0490797546012269,-0.0411214953271027,-0.0756756756756756,-0.1124567474048443,-0.0723327305605787,-0.0552486187845303,-0.0604395604395604,-0.0968309859154928,-0.0429104477611941,-0.0464684014869888,0.0363636363636363,0.0914893617021275,0.0321931589537223,0.0665280665280665,0.0138339920948618,0.011834319526627,0.1225382932166301,-0.1062717770034843,-0.109375,-0.1245733788395905,-0.0952380952380952,-0.0638686131386861,0.0490797546012269,0.0621118012422359,0.0158415841584158,0.125,0.1299559471365639,0.2857142857142856,0.3086734693877551,0.3753351206434316,0.4615384615384617,0.3902439024390243,0.3978201634877385,0.3255813953488371,0.254278728606357,0.2698019801980198,0.2666666666666666,0.2635467980295567,0.2391304347826088,0.3020304568527918,0.1324503311258278
SCHQ-L^E20,9.0,0.6161176947686208,9.315010865219516e-07,0.1010694456120201,0.2121904521450062,0.1013320759165389,0.1047708505218753,-0.0598,3.810110852808291,-0.0146978484564061,-0.0003606523699197,10.43883740262939,1.0,0.0156037357545787,0.7047391068935054,5.037371516521813e-09,0.3735736615024232,1.0288320677791066e-12,0.7999999999999998,0.5221353579957645,1.8549517215012706e-07,0.2816030123722431,4.0,0.0361112576597958,-0.0397036655106272,-0.0811213397487575,0.3372148288973383,0.1451648065659402,-0.0003980031533559,-0.0004772591450291,0.3372148288973383,0.5776401696158633,-0.0222222222222222,-0.0425531914893616,-0.1089108910891089,-0.2105263157894735,-0.2241379310344826,-0.2241379310344826,-0.2741935483870967,-0.2307692307692307,-0.1891891891891892,-0.2241379310344826,-0.2105263157894735,-0.1964285714285715,-0.25,-0.217391304347826,0.0465116279069768,-0.0425531914893616,-0.1176470588235294,-0.1818181818181818,-0.0816326530612244,-0.0425531914893616,0.0714285714285714,0.0975609756097561,-0.0217391304347825,-0.0425531914893616,-0.0322580645161291,-0.0217391304347825,-0.0425531914893616,0.0714285714285714,0.1999999999999999,0.0714285714285714,-0.0721649484536082,-0.0816326530612244,-0.0425531914893616,-0.0425531914893616,-0.0999999999999999,0.0465116279069768,0.40625,0.3636363636363635,0.267605633802817,0.2857142857142858,0.25,0.2162162162162162,0.1111111111111111,0.0975609756097561,0.0714285714285714,-0.0217391304347825,-0.0721649484536082,-0.0624999999999998,-0.0425531914893616
SCIP-L,16.0,0.1435326725868093,7.665148945979524e-07,0.0831681643438914,0.0936171863424382,0.0328631566733681,1.157040119233956,3.335000000000001,-0.0095259908950275,0.0014495732513302,0.0012846253813979,0.0274992688242458,1.0,0.1008215506976713,0.0042165133275923,4.5243443842073764e-08,-0.0128399347152419,1.8895320503876442e-07,-0.002000149867137,0.0247514378839269,3.730600770241513e-06,0.188561076090909,5.0,0.4043823215084631,0.0219806726718649,-0.0157648452701927,0.0611941667986063,0.0479103634371475,0.0035915438924471,0.021146639628029,0.1056657451293985,1.2149242809170222,-0.1052631578947368,-0.15929203539823,-0.2519685039370078,-0.2276422764227642,-0.1666666666666666,-0.0104166666666666,-0.2016806722689075,-0.1739130434782608,-0.0865384615384615,-0.1666666666666666,-0.2338709677419355,-0.1517857142857144,-0.1037735849056604,-0.0206185567010309,0.0919540229885056,0.0919540229885056,0.0555555555555555,0.1046511627906976,0.2337662337662336,0.25,0.532258064516129,0.8269230769230769,1.021276595744681,1.3170731707317072,1.7142857142857144,1.5675675675675675,1.5675675675675675,1.6388888888888888,1.8787878787878785,2.518518518518518,2.2758620689655173,2.3928571428571423,2.3928571428571423,2.958333333333333,2.6538461538461537,2.1666666666666665,2.064516129032258,1.6388888888888888,0.9387755102040816,0.8627450980392155,0.8627450980392155,0.9791666666666669,0.7592592592592591,0.5833333333333333,0.6101694915254237,0.6666666666666667,0.7592592592592591,0.5833333333333333,0.6101694915254237
SCJA-L,10.0,0.0029904784986424,4.149015246025904e-07,0.0450175181563543,0.1065500315219273,0.341006018056873,1.2064924405842543,-28.4263,-0.3678900530482716,0.0141857318660057,-0.0062255917331263,-0.0010864536454471,1.0,0.7041110527086762,0.0098833883789162,1.6983614620361757e-08,-0.0009663976475158,9.536615520417926e-09,-0.0772450077723304,-0.0033933494684145,1.4010534095962976e-07,-0.0168808932404079,3.0,0.7362730208060786,0.2485831823771762,0.0777098768018426,-1.9679370824852225,-0.0359676076590809,-0.0115447514262526,-0.014889289485661,0.0164778072519463,0.2320681313091178,-0.1062573789846517,0.0886889460154243,0.0521739130434781,0.0600750938673342,0.1946403385049366,0.1634615384615385,0.1071895424836602,0.0379901960784314,-0.0630530973451325,-0.0319999999999999,-0.0504484304932734,-0.0275545350172216,-0.0440180586907448,-0.1495983935742971,-0.1546906187624749,-0.1886973180076627,-0.2243589743589743,-0.1339468302658485,-0.2327898550724636,-0.2091503267973856,-0.2024482109227871,-0.2128252788104088,-0.1824324324324323,-0.1461693548387096,-0.1646942800788954,-0.2039473684210526,-0.2150139017608896,-0.1840077071290944,-0.1529999999999999,-0.1357142857142856,0.0047449584816134,0.0023668639053255,-0.0275545350172216,-0.0174013921113687,0.1263297872340427,0.0405405405405405,0.0762388818297332,0.1071895424836602,0.0831202046035806,0.0095351609058402,0.0456790123456791,0.0900900900900902,0.1057441253263709,0.0707964601769912,0.0367197062423501,0.0534825870646769,0.0495662949194548,0.0707964601769912,0.0776081424936387
SCJR-L^C21,10.0,0.068863191038724,4.974182444061962e-06,0.5397072201724573,0.2611741228695351,0.1110809686578771,10.839913842933791,-3.1859,-2.065984766077556,0.0005463343322746,0.0002949972534738,0.0119606113192393,1.0,0.0416553521968174,-0.0898183835990342,1.259732808786165e-07,-0.0725711970743778,4.917135692583408e-11,-0.4337899543378995,-0.1987405284796864,2.7605114334890586e-06,0.5584397556912827,1.0,0.000343034454267,0.6180695156974594,0.1254551066455421,0.2876039792580564,0.0346726443823077,-0.3683727173183568,-0.4950396354488061,-0.0650753328029954,0.1000604172187979,0.0,0.0,0.0,0.0,0.0,0.0,0.0,0.0,0.0,-0.5,-0.5,-0.5,-0.5,-0.5,-0.5,-0.5,-0.5,-0.5,0.0,0.0,0.0,0.0,0.0,-0.5,-0.5,0.0,0.0,0.0,0.0,0.0,0.0,0.0,0.0,0.0,0.0,-0.5,-0.5,-0.5,-0.6666666666666666,-0.75,-0.75,-0.8,-0.8571428571428572,-0.8571428571428572,-0.875,-0.9090909090909092,-0.9090909090909092,-0.9090909090909092,-0.9090909090909092
SCLG-L,10.0,0.0763956226624185,1.2460828955990986e-07,0.0135202104717946,0.102027027027027,0.2090041453774221,2.6254224440058134,5.0,0.4406642800172528,0.0051974419048447,0.0017182130584192,0.0800230697137913,1.0,0.2681744749596123,-0.0594554084436672,3.878908774613928e-08,0.0126088261783243,5.344062711372859e-08,0.0925252407692979,0.0616428868264302,3.62671351128152e-07,0.1195341234164282,3.0,0.8494940891099757,-0.1616105993305756,0.0141934040330929,0.0014096427143017,0.0255827927982719,0.0091049482015314,0.0375830013280212,0.0780967592787189,0.5672201753151271,0.0237341772151897,-0.0664697193500737,-0.1493943472409151,-0.0906474820143884,-0.0800582241630276,-0.0155763239875388,-0.0201550387596899,-0.051051051051051,0.0326797385620916,0.0533333333333334,0.0326797385620916,-0.0746705710102488,-0.0276923076923076,0.0803418803418805,0.1617647058823528,0.1366906474820144,0.2295719844357977,0.3277310924369749,0.3004115226337449,0.4202247191011237,0.5119617224880384,0.5155875299760193,0.5919395465994963,0.6330749354005167,0.7081081081081082,0.864306784660767,0.9688473520249224,0.9268292682926832,0.9446153846153846,1.1793103448275866,0.9874213836477987,1.1944444444444446,1.1643835616438358,1.1643835616438358,1.1793103448275866,0.9446153846153846,1.072131147540984,1.0858085808580862,1.106666666666667,1.1569965870307168,1.032154340836013,1.1944444444444446,1.1208053691275168,1.1137123745819395,1.0996677740863792,1.202090592334495,1.2815884476534296,1.1423728813559322,1.2898550724637683
SCLM-L^K20,8.0,0.0347840755735492,1.852974096651599e-07,0.0201050827950481,0.118059404649343,-0.0507649715867696,5.087334674706289,0.0794,4.844283798570542,0.0339043865002676,-0.0030701754385964,-0.005890021598242,1.0,7.254147812971342,-0.1215557393461889,-4.815960524733103e-08,-0.1971613801794034,2.0230434683612506e-12,1.017142857142857,-0.0618252361673414,9.632380149611556e-08,0.5734963251837409,4.0,0.0061239958150043,0.3765923790122316,-0.0373060784156893,0.2004670693301283,0.0282541670882494,-0.04392083569736,-0.0667512046664975,0.2004670693301283,1.6536866802719628,0.0,-0.0909090909090909,-0.2771084337349397,-0.2857142857142857,-0.2682926829268293,-0.0625,0.1538461538461537,0.3043478260869563,0.3043478260869563,0.3043478260869563,0.3043478260869563,0.3636363636363635,0.3333333333333332,0.25,0.25,0.875,0.6666666666666667,1.1428571428571428,1.727272727272727,1.727272727272727,1.727272727272727,1.727272727272727,1.727272727272727,1.727272727272727,1.6086956521739126,1.1428571428571428,1.0,1.0,1.0,1.0,0.875,0.875,0.875,0.7647058823529409,0.7647058823529409,0.7647058823529409,0.6666666666666667,0.4285714285714286,0.3636363636363635,0.3636363636363635,0.25,-0.0322580645161291,-0.0322580645161291,0.0,0.0,-0.0322580645161291,-0.1176470588235295,0.0169491525423728,0.0714285714285714
SCML-L,8.0,-0.2430668841761827,4.015342896028663e-07,0.04356715051821,0.110724650051212,-0.2828992122182968,1.9912499098455871,-2.8715,4.247758721036272,-0.0414977512182563,-0.0139994484787204,0.011282858122995,1.0,1.8854166666666663,-0.1859770972648739,-1.271296379308867e-07,-0.2271619919652126,2.3785804365743427e-11,0.8918918918918918,0.0026488782646617,2.619181994832221e-07,-0.3165496859992611,3.0,0.0198596615098773,0.2499871873718736,0.5424020700460138,1.3522928901661877,-0.2705924044982482,-0.0529631089648828,-0.0894675508448711,0.3522928901661877,1.6536866802719628,0.0328947368421053,0.0133333333333334,0.0133333333333334,-0.1314285714285714,-0.1264367816091953,-0.1739130434782608,-0.3666666666666666,-0.2761904761904762,-0.1648351648351648,-0.2727272727272727,-0.2361809045226131,-0.1739130434782608,-0.2083333333333332,-0.2761904761904762,-0.1648351648351648,-0.1602209944751381,-0.2083333333333332,-0.2284263959390863,-0.2549019607843137,-0.24,-0.243781094527363,-0.2863849765258215,-0.2761904761904762,0.0,0.0555555555555555,0.1603053435114503,0.2666666666666668,0.2666666666666668,0.2666666666666668,0.2357723577235773,0.1014492753623188,0.0410958904109588,-0.0952380952380952,-0.0952380952380952,-0.0952380952380952,-0.1058823529411764,-0.0952380952380952,-0.0440251572327043,-0.1058823529411764,-0.1508379888268156,-0.1555555555555555,-0.1555555555555555,-0.0617283950617284,-0.1213872832369942,-0.0952380952380952,-0.0843373493975903,-0.0559006211180124,0.0,0.0555555555555555
SCNO-L,8.0,-0.0125713626665128,2.3505261394138864e-06,0.2550360673159828,0.0278572680021024,0.1106524730248388,0.828894151868494,-9.95,0.0966069195948704,-0.0045818495675118,-0.0030569681732472,1.1958614033390909,1.0,0.0638736263736263,-0.0099238847673187,2.584755291492499e-08,-0.0493848653667591,7.042442731415046e-09,0.0202843273231622,0.0660284873998039,1.566178715119393e-06,-0.0165182418845159,4.0,0.1229139925624193,0.1538425642301949,-0.0130078930180474,0.0226118298384299,-0.0175670610381353,-0.0004432427640618,-0.0010542962572482,-0.0006439841150585,-0.4536662574197419,-0.0603448275862067,-0.1212121212121213,-0.2108843537414966,-0.3255813953488372,-0.5303643724696356,-0.536,-0.534136546184739,-0.4889867841409692,-0.4449760765550239,-0.4844444444444444,-0.5206611570247934,-0.5433070866141733,-0.5206611570247934,-0.610738255033557,-0.4821428571428572,-0.6419753086419754,-0.6568047337278107,-0.6430769230769231,-0.6588235294117647,-0.6568047337278107,-0.6430769230769231,-0.6474164133738602,-0.6293929712460065,-0.6568047337278107,-0.6618075801749271,-0.6864864864864866,-0.7070707070707071,-0.6750700280112045,-0.639751552795031,-0.6484848484848484,-0.672316384180791,-0.6463414634146342,-0.6777777777777778,-0.6666666666666667,-0.6430769230769231,-0.6293929712460065,-0.6516516516516517,-0.6914893617021276,-0.6704545454545454,-0.667621776504298,-0.6994818652849741,-0.6537313432835821,-0.6777777777777778,-0.6452599388379205,-0.6881720430107527,-0.6305732484076434,-0.6386292834890965,-0.6947368421052631,-0.6375000000000001
SCNP-L^A20,7.0,0.739047420676248,2.9360262934454864e-07,0.0318563825715791,0.0569937903644245,0.1312307844887434,1.3930779472726391,-2.4997,7.429716162976169,-0.0056573761603239,0.0022356453516628,-0.0351377224663852,1.0,0.2172949002217295,0.6987222595830529,3.2146515688895275e-08,0.0519131569942077,1.5134006467655997e-11,1.5599999999999998,0.3161494133166701,5.316462496524013e-07,0.7403924552916238,2.0,0.016932214485296,-0.0358303207797555,-0.2285245454588363,0.1026641639683001,0.2046127781151669,-0.0228919661041606,-0.0717783146956317,1.1889041026421214,-0.2186693130938132,-0.0952380952380953,0.0,-0.0454545454545455,-0.0277777777777777,-0.0277777777777777,0.0,0.0294117647058824,0.05,0.0294117647058824,0.0714285714285714,0.1666666666666667,0.2804878048780488,0.1931818181818181,0.0714285714285714,0.0714285714285714,0.0294117647058824,-0.0454545454545455,-0.0277777777777777,0.0824742268041238,0.2962962962962963,0.2962962962962963,0.3461538461538462,0.4583333333333335,0.5441176470588236,0.5441176470588236,0.5441176470588236,0.5441176470588236,0.5441176470588236,0.5909090909090908,0.5909090909090908,0.5909090909090908,0.5909090909090908,0.6935483870967742,0.9444444444444444,0.9444444444444444,0.4583333333333335,0.3461538461538462,0.3461538461538462,0.2962962962962963,0.25,0.25,0.1931818181818181,0.1666666666666667,0.1413043478260869,0.1170212765957448,0.0714285714285714,0.05,-0.0186915887850467,-0.0186915887850467
SCPC-L,7.0,-0.0047946367956552,1.9469381322999734e-07,0.0211246084969352,0.0817191016193796,0.2289131199437214,2.179019135677556,-0.02,1.1566407946025163,-0.05056261810142,0.0029701289884589,0.0136752136752136,1.0,4.735294117647059,0.009402355992651,4.098158852357332e-08,-0.0588222784594772,7.642137753304054e-12,0.2428571428571426,-0.0001272912423625,2.942294618566823e-07,-0.0139713587146349,4.0,0.0134876733825911,1.8085192697768764,-0.0677794436668756,0.0028975741239891,0.004569995358344,0.0309181897302001,0.0689872803184775,0.3778975741239891,0.6468387879598878,-0.0389610389610389,-0.0941176470588235,-0.3583333333333333,-0.384,-0.4210526315789473,-0.4076923076923077,-0.4420289855072463,-0.4761904761904761,-0.5126582278481013,-0.4539007092198581,-0.437956204379562,-0.4832214765100671,-0.4866666666666667,-0.4652777777777778,-0.4076923076923077,-0.3529411764705882,-0.3583333333333333,-0.3739837398373983,-0.384,-0.2735849056603774,-0.2142857142857143,-0.2222222222222222,-0.2222222222222222,-0.1979166666666666,0.013157894736842,0.0845070422535212,0.1666666666666667,0.1492537313432835,0.1666666666666667,0.203125,0.1159420289855073,0.3999999999999999,0.375,0.375,0.3275862068965518,0.2419354838709677,0.1666666666666667,0.1492537313432835,0.1846153846153846,0.54,0.4259259259259258,0.4807692307692308,0.375,0.4259259259259258,0.6041666666666667,0.6739130434782608,0.6739130434782608,0.9743589743589742,0.9743589743589742
SCRK-L,8.0,-0.3637046677310722,2.0524355192351957e-07,0.0222692730137391,0.1657434565240769,0.1700859269004645,0.7627724179606473,0.5433,2.0233431816383907,0.0555117337652522,-0.0357304264511813,0.0554632125184413,1.0,1.6125265392781316,0.0919104009131116,1.4041907148271942e-08,0.1858508666918109,5.5302582261022994e-12,0.4248366013071896,0.0146378114392282,4.912522061536391e-08,-0.7680502443842278,2.0,0.052418653490521,-0.1848766944308345,-0.6876010607334583,0.2526010607334584,0.6876010607334583,0.0030242540418685,0.0071891906440933,0.6876010607334583,-0.339833244456194,0.0256410256410257,-0.0714285714285715,-0.22,-0.176056338028169,-0.176056338028169,0.0263157894736842,0.2446808510638298,0.1699999999999999,0.2999999999999998,0.4624999999999999,0.5194805194805194,0.4624999999999999,0.3928571428571428,0.4268292682926828,0.5394736842105261,0.5394736842105261,0.7205882352941175,0.95,0.857142857142857,1.089285714285714,1.25,1.8536585365853655,1.6590909090909087,2.441176470588235,3.5,3.178571428571428,3.034482758620689,2.9,2.9,2.65625,2.65625,2.545454545454545,2.7741935483870965,3.178571428571428,4.571428571428571,4.3181818181818175,3.5,2.441176470588235,1.7857142857142856,2.25,2.25,2.342857142857143,1.925,1.7209302325581397,1.6590909090909087,1.4893617021276595,1.2941176470588234,1.0172413793103448,0.7999999999999998
SCTC-L^L22,8.0,-0.0477285972822918,6.148146770751061e-07,0.0667084338013274,0.0163955548397487,-0.1227615846603118,0.4510649352902153,-0.0199999999999999,0.4294182313615907,0.1071199664243294,0.0047857793983591,-0.0002288822380152,1.0,9.809523809523808,-0.097633383508948,-7.868579482329101e-08,-0.0773340037080099,2.38756380689481e-12,0.0901639344262296,-0.0042636728934695,2.696170753829204e-07,0.0896948762233736,4.0,0.0098689205720798,0.2050823459274162,-0.0303668872356074,0.2591994124127799,0.0292048071259609,-0.0155245564412445,-0.0216165413533834,0.2591994124127799,1.6536866802719628,0.0,0.0,-0.0833333333333332,-0.0294117647058823,-0.0294117647058823,-0.0833333333333332,-0.0833333333333332,-0.108108108108108,0.1,0.1379310344827586,0.2222222222222221,-0.0294117647058823,-0.0294117647058823,-0.0294117647058823,-0.2666666666666666,-0.2826086956521739,-0.2142857142857142,-0.2325581395348837,-0.25,-0.25,-0.25,-0.3124999999999999,-0.3124999999999999,-0.3399999999999999,-0.3399999999999999,-0.2978723404255318,-0.3265306122448979,-0.175,-0.131578947368421,-0.131578947368421,0.1785714285714286,0.0645161290322582,-0.057142857142857,-0.3265306122448979,-0.4499999999999999,-0.4677419354838709,-0.4677419354838709,-0.4923076923076923,-0.484375,-0.4210526315789473,-0.4310344827586206,-0.4310344827586206,-0.4499999999999999,-0.4499999999999999,-0.4677419354838709,-0.4499999999999999,-0.4107142857142857,-0.3888888888888889,-0.3888888888888889
SCWZ-L,8.0,0.1695185037803422,7.398114366056553e-07,0.0802707939229051,0.4769523906737778,-0.9931367093303652,0.7760475585967799,-0.0793,0.985373496415938,0.5072923997671049,-0.0054542442430961,0.020291527165783,1.0,1.7703349282296652,0.2970477123268503,-2.727007204834438e-07,-0.1168378576669112,2.293032987633229e-13,0.2068965517241379,0.0379029048945483,1.9840034858701829e-07,-0.144234079173838,4.0,0.0035229056242138,-0.1119954606796711,-0.1693813451458242,-0.7897840629204061,-0.148535524282953,-0.0956832520878666,-0.1470830063161042,0.2707486247309255,1.6536866802719628,-0.111111111111111,0.0,-0.1,-0.1818181818181818,-0.25,-0.25,-0.4705882352941177,0.125,-0.1,-0.25,-0.1,-0.4,-0.4375,-0.4,-0.4375,-0.3571428571428572,-0.4375,-0.4375,-0.4375,-0.5,-0.55,-0.6538461538461539,-0.625,-0.6896551724137931,-0.6896551724137931,-0.6896551724137931,-0.7096774193548387,-0.7857142857142857,-0.775,-0.7857142857142857,-0.7954545454545454,-0.8043478260869565,-0.8125,-0.8200000000000001,-0.8200000000000001,-0.8269230769230769,-0.847457627118644,-0.847457627118644,-0.8448275862068966,-0.8448275862068966,-0.8448275862068966,-0.8448275862068966,-0.8448275862068966,-0.8421052631578947,-0.8421052631578947,-0.8392857142857143,-0.8421052631578947,-0.8392857142857143,-0.8421052631578947
SDBE-L,9.0,0.0641061718365191,6.877483204601009e-07,0.0746218576395212,0.1179641401322346,0.078166087399358,2.164952326298121,14.2135,0.3227806856174816,0.0080927471289196,-0.0001981428731221,-0.0050146520477671,1.0,0.1662287981525335,0.0765378761532704,4.684608612175073e-08,-0.0409548895583568,4.238691578200361e-08,0.0677735001604106,0.0040192614608467,1.2244157220873436e-06,0.0545159894644021,5.0,0.2776442690081269,-0.0512650947948397,-0.084068296675323,0.3623297617884911,0.1033831727655246,0.0074774774963156,0.0221682270858139,0.1253627410949845,0.7702119485204727,-0.1458823529411764,-0.1414141414141414,-0.2397137745974955,-0.2115027829313542,-0.1779497098646034,-0.2011278195488722,-0.1550695825049702,-0.1396761133603239,0.1333333333333333,0.0340632603406325,0.0216346153846154,0.009501187648456,0.1303191489361703,0.0216346153846154,0.0897435897435898,0.1740331491712707,0.1184210526315789,0.2039660056657224,0.0925449871465295,-0.0274599542334096,-0.1326530612244898,-0.0995762711864406,-0.0340909090909091,0.0732323232323233,0.1580381471389647,0.1548913043478259,0.1486486486486486,0.2917933130699088,0.3535031847133758,0.3117283950617282,0.756198347107438,0.6159695817490496,0.8888888888888888,0.9675925925925926,0.9406392694063928,0.8318965517241381,0.4505119453924913,0.5917602996254683,0.7857142857142858,0.5799256505576209,0.7206477732793521,0.2247838616714697,0.1394101876675604,0.0651629072681703,0.2108262108262109,0.1612021857923495,0.2283236994219653,0.2039660056657224,0.1184210526315789
SDBM-L,9.0,0.0980858346502139,2.70618046758441e-07,0.0293625164309873,0.3283545198323587,0.0674824377573036,2.802535673512958,-3.305099999999996,0.0794813830194186,-0.0104356670312814,-7.858945127703326e-05,0.0339435078737291,1.0,0.1360283357929589,0.0187448226911728,8.978678682634927e-09,0.0407756246461774,1.902932275368769e-07,0.0166885187523267,0.0870595720893211,2.94287505357734e-07,0.1828634242512729,2.0,1.445838748590686,-0.1760962200992479,-0.0323195841315925,0.1499032919212973,-0.0223812224879425,0.0178703245309637,0.0381201534890952,0.2146928416327915,1.7502041456992,-0.171174808235769,-0.1825082508250826,-0.2009677419354838,-0.3844433399602386,-0.4327913899702313,-0.4131722340677565,-0.3776381909547738,-0.3413985642116458,-0.3629115226337449,-0.3674668028600613,-0.4027007475283337,-0.3702008644800406,-0.3440148305084746,-0.3373461744248262,-0.3364586123761049,-0.3237783237783238,-0.27530719719134,-0.3004800903699519,-0.3299972951041384,-0.2763657610283376,-0.2406499080318822,-0.2281084449984419,-0.2048154093097913,-0.1963011031797534,-0.1505486968449931,-0.3004800903699519,-0.2364364981504315,-0.1514217197670435,-0.1265867418899858,0.2000968992248062,0.2484879032258065,0.095532950022114,0.0736887732986562,0.0626340626340626,0.0346700083542188,-0.0757462686567164,0.0635465865178188,0.0864035087719297,0.1284738041002278,0.1806482364156338,0.1097670250896056,0.1645510108133521,0.1612751992498828,0.2286706349206348,0.4367749419953597,0.4401162790697674,0.3947072072072071,0.2529084471421345,0.2100635075720567
SDCS-L,6.0,-0.0025216974405978,1.0188483310508677e-06,0.11054676958728,0.0253197933831278,0.1093121671976199,1.9581938059832007,-16.9825,0.2800932696349232,-0.0262509374278947,-0.0044161341469412,0.01300987960465,1.0,0.2079204792631207,-0.0336499343435564,6.508538959635218e-08,-0.0178813576648758,5.977049560360231e-09,0.0588105239885032,0.0322994699776216,1.085306963245772e-06,0.0285819917841041,3.0,0.092684165288573,0.120676768454468,-0.0610595417047778,0.0693594878045608,-0.0485934661734702,0.0058145517796833,0.0116777805136801,0.0898854290654309,0.4046988483714046,-0.3828125,-0.037593984962406,-0.0423940149625935,-0.1192660550458716,-0.1812366737739873,-0.3735725938009788,-0.4352941176470588,-0.3962264150943396,-0.4703448275862069,-0.5423122765196663,-0.5508771929824562,-0.5057915057915058,-0.4913907284768212,-0.5083226632522407,-0.5334143377885785,-0.4973821989528796,-0.4838709677419355,-0.4845637583892618,-0.5328467153284673,-0.5412186379928315,-0.5581127733026467,-0.5733333333333334,-0.5816993464052287,-0.5835140997830803,-0.5923566878980893,-0.6293436293436294,-0.644114921223355,-0.5848648648648649,-0.5826086956521739,-0.5555555555555556,-0.5417661097852029,-0.5334143377885785,-0.5524475524475525,-0.5223880597014925,-0.4782608695652174,-0.5089514066496164,-0.4980392156862745,-0.4442836468885673,-0.4181818181818182,-0.4285714285714286,-0.4629370629370629,-0.4553191489361702,-0.4560906515580736,-0.4450867052023122,-0.3524451939291737,-0.3990610328638497,-0.4074074074074074,-0.378640776699029,-0.4442836468885673
SDDO-L,16.0,0.3796033994334279,1.7739693555157876e-07,0.0192478679723438,0.1822381930184805,0.7116883116883116,2.3568264002234875,3.3,0.7558904716309459,0.0037969375559094,0.005259203606311,-0.0944759660873462,1.0,0.3527777777777777,0.2317813765182187,4.139747715418929e-08,0.0327380952380948,6.59349329987374e-10,0.1587125416204217,-0.0219546742209632,1.065547739426492e-07,0.7240566037735848,4.0,0.192879814816892,0.1875954198473283,-0.0254074784276127,-0.7424496644295303,0.0488754721824915,0.0448315248429468,0.0753358925143953,0.1950503355704696,0.3551932658330624,-0.1267942583732056,0.0449999999999999,-0.0210772833723653,-0.0711111111111111,0.0663265306122449,0.1029023746701847,0.1058201058201058,0.1161548731642188,0.1942857142857141,0.2046109510086453,0.2552552552552551,0.2961240310077517,0.3483870967741933,0.3956594323873119,0.4413793103448276,0.3312101910828025,0.2782874617737001,0.3418940609951844,0.4615384615384614,0.4640980735551663,0.7026476578411405,0.6888888888888887,0.7131147540983607,0.7939914163090127,0.7599999999999998,0.7978494623655912,0.6686626746506985,0.8095238095238093,1.0744416873449127,1.1714285714285713,0.8828828828828825,0.8536585365853657,0.981042654028436,1.0591133004926108,1.0,0.944186046511628,0.8095238095238093,1.1272264631043254,1.4231884057971014,2.0510948905109485,1.9857142857142855,2.028985507246377,2.04,2.0735294117647056,2.062271062271062,2.1908396946564883,1.9857142857142855,2.4833333333333334,2.3709677419354835
SDFZ-L,6.0,0.0702122773056859,5.970975537695373e-07,0.0647860959144017,0.0281049455514542,0.1768571199615354,1.503856555577416,-0.33,1.689781848450823,-0.0201198677460006,0.00228846090751,-0.0229243738249742,1.0,0.1440128431125661,-0.026636580558149,-2.5615578927468223e-09,-0.0574344670195567,2.4301099523841388e-11,0.3547995139732686,0.1536795826634733,4.392196719699925e-07,0.2373823397579562,3.0,0.0176711175514794,0.2029411728454358,-0.0393845504611897,-0.0911814230079938,-0.0664205976805196,-0.0016372740488392,-0.0028717129832333,0.3251683868779376,1.6536866802719628,0.2222222222222223,-0.1818181818181818,-0.1818181818181818,-0.25,-0.25,-0.1,-0.1,-0.1818181818181818,-0.1,-0.1818181818181818,-0.3571428571428572,-0.1818181818181818,-0.25,-0.3571428571428572,-0.3076923076923077,-0.4705882352941177,-0.4705882352941177,-0.5263157894736843,-0.5263157894736843,-0.5714285714285714,-0.5263157894736843,-0.55,-0.5714285714285714,-0.5263157894736843,-0.5,-0.5,-0.55,-0.5714285714285714,-0.5,-0.4705882352941177,-0.5,-0.4375,-0.4375,-0.4705882352941177,-0.5,-0.55,-0.4375,-0.4375,-0.4375,-0.3571428571428572,-0.4375,-0.4705882352941177,-0.4705882352941177,-0.5714285714285714,-0.6086956521739131,-0.3571428571428572,-0.4,-0.5909090909090909,-0.3571428571428572
SDGN-L,7.0,-0.1076892705557201,2.0809192205213254e-07,0.0225783259971035,0.652936581208721,-1.145069695405266,2.225850398570527,-0.9940000000000002,0.5669807816679003,36.73478684363872,-0.0276564774381368,-0.0002831257078142,1.0,0.3132530120481927,-0.0977924944812363,-2.88945842340556e-08,-0.0177351207553075,4.053517495858981e-13,0.1190476190476189,0.0014806040864672,2.204644048166709e-08,-0.1914098972922502,3.0,0.0110438812261045,0.0843373493975903,1.0585414585415052,48.39860139860147,48.37017660586559,-0.2779314159292035,-0.3073770491803279,48.39860139860147,1.6536866802719628,-0.1052631578947368,-0.0256410256410256,-0.1555555555555555,-0.1739130434782608,-0.2244897959183673,-0.1999999999999999,-0.2083333333333332,-0.3333333333333332,-0.3214285714285715,0.0857142857142858,-0.0256410256410256,-0.0379746835443037,-0.0379746835443037,-0.0256410256410256,-0.0256410256410256,-0.05,-0.1363636363636363,-0.1363636363636363,-0.1264367816091953,-0.1555555555555555,-0.0952380952380952,-0.1739130434782608,-0.1739130434782608,-0.2083333333333332,-0.2083333333333332,-0.3559322033898304,-0.2962962962962963,-0.3214285714285715,-0.3448275862068964,-0.2244897959183673,-0.2621359223300971,-0.1999999999999999,-0.2323232323232322,-0.2549019607843137,-0.3214285714285715,-0.2962962962962963,-0.0256410256410256,0.0704225352112677,0.1176470588235294,0.0270270270270269,-0.05,-0.0952380952380952,-0.0952380952380952,-0.073170731707317,-0.0617283950617284,-0.0617283950617284,-0.0617283950617284,-0.1460674157303371,-0.2244897959183673
SDHW-L,8.0,-0.0187922629344237,1.3715226655674718e-07,0.0148812532222374,0.2716163154098886,1.0396989374262102,1.6072428942301415,0.2115,0.2976649103756481,0.0226277516064935,0.0142774899251583,0.0243539751617122,1.0,0.4272517321016166,-0.1060045239564055,5.410376932600837e-08,-0.0050005953089653,5.367841419708392e-12,0.0625,0.0180059757823557,5.968765688910078e-08,0.2647058823529411,3.0,0.0356483069298524,-0.4624897563882887,0.1046398459780228,-0.0469896597538064,-0.0560923623185552,0.0721893032802757,0.1029663591669888,0.0497386475008167,0.2916852599313519,0.1041666666666667,0.0909090909090908,-0.1428571428571428,-0.2546583850931677,-0.3142857142857143,-0.368421052631579,-0.368421052631579,-0.368421052631579,-0.323943661971831,-0.3333333333333333,-0.3370165745856354,-0.323943661971831,-0.3333333333333333,-0.3388429752066115,-0.3181818181818182,-0.323943661971831,-0.3478260869565218,-0.3766233766233766,-0.4044665012406948,-0.3424657534246575,-0.3442622950819672,-0.36,-0.1780821917808219,-0.2941176470588235,-0.2727272727272727,-0.2982456140350877,-0.4146341463414633,-0.4352941176470588,-0.3548387096774194,-0.2682926829268293,-0.2771084337349397,-0.2771084337349397,-0.3023255813953488,-0.3103448275862069,-0.1111111111111111,-0.0476190476190476,-0.0625,-0.0769230769230769,-0.0697674418604651,0.0434782608695651,0.0256410256410257,0.2972972972972971,0.3636363636363635,0.3793103448275861,0.4457831325301205,0.4723926380368097,0.6666666666666667,0.5894039735099337,0.3636363636363635
SDIE-L^G20,7.0,0.0467519181585676,-1.862223405137249e-06,-0.2020543935871349,0.0325781379196295,-0.2267537911478239,3.7937088075190974,2.1625,1.4605424935765126,0.0898105201435115,0.0055314441324142,0.8409237457298657,1.0,16.23448275862069,0.5098326615365826,-1.0473405964334725e-06,-0.3456790123456791,3.2717652595877976e-12,0.3066666666666667,-0.09923273657289,3.4037062852735107e-06,0.2578220688119363,3.0,0.001866225594085,2.336487417566193,-0.1068598492205331,0.5146415094339621,0.1468632097627548,-0.1454749804534792,0.1204190599466062,0.5146415094339621,1.6536866802719628,-0.2999999999999999,-0.0476190476190475,0.0,0.0526315789473683,-0.0909090909090908,0.0,-0.0909090909090908,-0.0909090909090908,-0.0909090909090908,0.0,-0.0909090909090908,-0.3333333333333332,-0.2857142857142857,-0.1666666666666666,-0.2307692307692307,-0.1666666666666666,-0.1999999999999999,0.0526315789473683,-0.4444444444444444,-0.6153846153846154,-0.5454545454545454,0.25,-0.2307692307692307,-0.2592592592592593,-0.375,-0.4444444444444444,-0.5238095238095237,-0.5555555555555556,-0.5238095238095237,-0.5744680851063829,-0.7058823529411764,-0.7058823529411764,-0.736842105263158,-0.7435897435897436,-0.7560975609756098,-0.8461538461538461,-0.8601398601398601,-0.8529411764705882,-0.8709677419354839,-0.863013698630137,-0.8581560283687943,-0.8850574712643678,-0.8734177215189873,-0.8823529411764706,-0.8901098901098901,-0.8979591836734694,-0.8952879581151832,-0.8947368421052632,-0.8947368421052632
SDJE-L,8.0,0.3119815587726804,7.173689743278885e-08,0.0077835748753981,0.3980803462883855,1.506958676898146,1.862591479342456,8.6343,8.096485562217621,-0.0056456042141675,0.0092368912168038,0.0084969114203991,1.0,0.5336503291880029,0.4080702320825934,2.4194547982747693e-08,-0.0141600763395294,4.580062037008053e-10,1.7,0.0964147879084225,1.6535056029584707e-08,0.0123246613115934,3.0,0.7178679876917685,-0.053185727058441,-0.0515806678950175,-0.7444232627395129,0.0498495003666937,0.0784203284509542,0.0964415938864628,0.3953470606210188,0.3694668408623677,-0.1143777688280306,-0.1247796968628833,-0.3182317408017573,-0.3443358859255347,-0.3048712206047033,-0.2692760447321953,-0.1684527796383121,-0.1257042253521126,-0.0566109422492402,-0.0123309466984885,-0.0087824351297406,0.0904699165568729,0.2694274028629857,0.2261728395061728,0.1255666364460561,-0.0008048289738431,0.1447671738128169,0.4563049853372432,0.4229226361031517,0.525184275184275,0.6664429530201341,0.7041866849691145,0.9353078721745908,1.1799824407374886,1.3874999999999995,1.5784008307372788,1.5336734693877547,1.5080808080808077,1.7898876404494375,2.406035665294924,2.4013698630136986,3.0704918032786885,2.733834586466165,3.4024822695035457,2.733834586466165,3.1452420701168613,3.3107638888888884,4.734411085450346,4.774418604651163,4.747685185185184,4.88388625592417,7.712280701754386,7.140983606557377,7.742957746478874,8.66147859922179,10.823809523809524,10.880382775119616,13.270114942528735,12.64285714285714
SDJT-L^K19,4.0,0.032823658670573,6.702782655884744e-07,0.0727263270961488,0.0504075124025513,0.1161817925459416,1.8349143122928349,8.450000000000001,0.2636683077085078,0.0023983624668027,-0.0006409082585607,0.0067146953906413,1.0,0.5106544901065448,0.0006055887187471,3.27431454312198e-08,-0.0354914987050958,4.802630985771424e-08,0.0553618134263295,0.0046694744552279,6.371294528687264e-07,0.0691432461343967,4.0,0.4851436666974294,0.0686066488414823,-0.0925818521219324,0.1842381627683107,0.1152407429557753,0.0075359978468577,0.0146252285191956,0.1979602896979849,0.5531801461440724,0.042654028436019,0.0095693779904306,0.0343137254901959,-0.1021276595744681,-0.1134453781512605,-0.0622222222222222,0.0765306122448978,0.1223404255319149,0.3024691358024689,0.3439490445859872,0.1164021164021162,0.0343137254901959,-0.0186046511627907,0.0343137254901959,-0.040909090909091,0.0989583333333332,0.0765306122448978,0.1047120418848166,0.0144230769230768,0.0765306122448978,0.1467391304347824,0.1530054644808742,0.1344086021505375,0.1344086021505375,0.1047120418848166,0.172222222222222,0.1467391304347824,0.0656565656565655,0.1593406593406592,0.2485207100591715,0.2339181286549707,0.2634730538922156,0.1530054644808742,0.1593406593406592,0.2634730538922156,0.2196531791907514,0.2196531791907514,0.1988636363636362,0.2196531791907514,0.2126436781609195,0.2057142857142857,0.3525641025641024,0.2865853658536585,0.3187499999999998,0.3187499999999998,0.6746031746031744,0.6746031746031744,0.6746031746031744,0.6484374999999998
SHS-L,30.0,0.0435261252616999,8.835958758625249e-07,0.0958716491163086,0.0107020825016807,0.2342813073681448,0.7361959380691943,22.1807,-0.10356733175704,0.0642713813340798,0.0013402420208721,0.209824444466124,1.0,0.0246169694338409,0.0388407244375807,8.276783435962742e-08,-0.009867577080427,2.227272410555491e-08,-0.0217457886676875,0.0227828455189823,4.860433418092857e-07,0.0522584954486855,3.0,1.0973555814338214,0.0572867271849348,0.070120429642295,-0.1708548517679919,0.0243022812360242,0.0147978451319299,0.0229374500656919,0.1000222615074089,0.1419124617278114,-0.0727272727272726,-0.0909090909090909,-0.2396313364055299,-0.278688524590164,-0.1656131479140329,-0.1961023142509136,-0.2244418331374853,-0.1901840490797547,-0.1235059760956176,-0.0782122905027933,-0.1056910569105691,-0.1383812010443864,-0.0756302521008402,-0.0756302521008402,0.0328638497652582,0.0393700787401574,0.064516129032258,0.1224489795918366,-0.7564575645756457,-0.7429906542056075,-0.7416829745596869,-0.7383029341792229,-0.7240802675585285,-0.7115384615384616,-0.677734375,-0.7187899446101407,-0.7163730124623979,-0.7132927888792355,-0.7054886211512718,-0.730831973898858,-0.7021660649819494,-0.6944444444444444,-0.6968305006890216,-0.6955719557195572,-0.6833013435700577,-0.6663296258847321,-0.6599690880989181,-0.6585618210036213,-0.6264855687606112,-0.6405228758169934,-0.6428571428571429,-0.5980511571254568,-0.615608619685498,-0.6036036036036037,-0.5782747603833867,-0.5869837296620777,-0.5997574287446937,-0.5241528478731075,-0.5614617940199336
SII-L,30.0,0.0409070743780645,1.7797223466178744e-06,0.1931028890021088,0.0669874797827802,0.2288169260897572,1.9469847804849536,1572.0785,0.1124139429089978,0.0136819221804024,-0.0005279236819305,0.0527277642787166,1.0,0.0972510361889162,0.0849450155882192,2.092167787816967e-07,-0.0154935942665636,0.0007543318919035,0.0236032907706381,0.0331110607822251,1.7619292448724588e-06,-0.0025209352346072,5.0,24.62238095687847,-0.0007856574831751,-0.0519117347095017,0.4621990646859414,0.2034378097285042,0.0140249358815539,0.0289674108465681,0.3509116606456692,0.8296051466605754,-0.0487804878048782,-0.0060606060606059,-0.0875370919881305,-0.0520231213872831,-0.061426936283861,-0.0796857463524129,-0.0882134914751667,-0.0520231213872831,0.080368906455863,0.0658578856152514,0.0115131578947369,-0.0191387559808611,0.0275689223057644,0.017790649565577,0.0640138408304498,0.1431226765799258,0.1388888888888888,0.1714285714285714,0.1399443929564412,0.1988304093567252,0.1336405529953919,0.104129263913824,0.1066126855600539,0.0450297366185217,0.1294765840220386,0.1186903137789905,0.2035225048923679,0.2947368421052632,0.2608918503331625,0.1736641221374046,0.4783653846153846,0.3773796192609184,0.4608076009501189,0.5009151921903601,0.6400000000000001,0.5942968243681142,0.4819277108433735,0.4352392065344224,0.5365396627108057,0.4945321992709599,0.3297297297297299,0.3516483516483517,0.266735324407827,0.1725452812202097,0.1538461538461539,0.1388888888888888,0.1336405529953919,0.1016569637259294,0.1141304347826088
STBW-L,3.0,0.0639976549603816,9.458701448931232e-07,0.1026285127827988,0.0953132572563079,0.0646510763183562,0.1539654192895692,-21.8451,0.5015917572127704,-0.0631824686877428,0.0034993170510286,0.4032165638231789,1.0,0.0719147485367783,-0.0085833381359521,1.4260993452040874e-08,-0.0176512662244191,4.057256658534956e-10,0.1053180396246089,0.0715910889031042,2.7375306172086886e-06,0.0903416050912731,4.0,0.181013474104514,0.0210262731626762,0.0040786792204873,-0.1279468628696337,-0.0861512485871696,-0.0116130978751732,-0.043754047580405,0.1319401427800837,1.4520909342986676,-0.0634328358208956,0.0113207547169811,0.0056285178236397,-0.0359712230215826,-0.0055658627087197,-0.0165137614678898,-0.0359712230215826,-0.0899830220713071,-0.0359712230215826,-0.1198686371100163,-0.1198686371100163,-0.0678260869565217,-0.0289855072463767,-0.03770197486535,-0.0411449016100178,-0.1184210526315788,-0.0147058823529412,-0.021897810218978,-0.0147058823529412,0.0037453183520599,-0.0110701107011069,-0.0596491228070175,0.0367504835589942,-0.0165137614678898,0.0056285178236397,-0.0868824531516183,-0.0726643598615917,-0.0092421441774491,0.0489236790606653,0.0698602794411178,0.1404255319148937,0.0075187969924812,-0.0694444444444443,-0.0496453900709218,-0.0837606837606836,-0.1081530782029949,-0.1559055118110235,-0.1532385466034754,-0.1227495908346971,-0.1140495867768593,0.1964285714285714,0.1832229580573952,0.1074380165289257,0.1074380165289257,0.2099322799097067,0.3994778067885118,0.4644808743169399,0.8611111111111114,0.8231292517006805
STL-L,30.0,3.088467837578359e-05,2.4182586088649485e-06,0.2623851549728876,0.3382350216141952,0.0031805520195288,0.0392841188176292,1329.0,0.2145869691819435,0.0299546819089422,-0.0009380118032416,0.0028710789477447,1.0,0.4956452889944576,-0.0211094593537281,8.295899633327228e-08,-0.0416936719594834,5.784056607776716e-06,0.0450563204005005,0.0003520853334839,4.134435154446413e-05,0.002128871698,2.0,7.272915536733437,0.0484968387341843,-0.0623034356463235,0.0623034356463235,0.0623034356463235,0.000184493177596,0.0034193987557187,0.0623034356463235,0.8646022624721073,-0.0736196319018404,-0.0738636363636364,-0.0523255813953489,-0.0842696629213484,-0.1510416666666667,-0.118918918918919,-0.1930693069306931,-0.2087378640776699,-0.2087378640776699,-0.2274881516587678,-0.1725888324873097,-0.1970443349753694,-0.1375661375661375,-0.1141304347826087,-0.155440414507772,-0.1510416666666667,-0.2125603864734299,-0.2125603864734299,-0.2274881516587678,-0.2311320754716982,-0.2624434389140272,-0.3004291845493563,-0.2657657657657658,-0.2690582959641255,-0.2557077625570776,-0.1283422459893048,-0.0297619047619047,-0.0523255813953489,0.0794701986754966,0.1642857142857143,-0.0944444444444445,-0.0523255813953489,0.0866666666666666,0.0316455696202531,-0.1092896174863389,-0.2557077625570776,-0.3034188034188034,-0.3093220338983051,-0.3400809716599191,-0.3557312252964426,-0.4340277777777778,-0.3895131086142323,-0.387218045112782,-0.3582677165354331,-0.3453815261044177,-0.3802281368821293,-0.3093220338983051,-0.3319672131147541,-0.3236514522821577
TLP-L,8.0,0.0407342208524547,4.920722629563561e-07,0.053390673975214,0.2237996711743642,0.2021848939471248,1.3114513071587075,21.25630000000001,0.0224537277735882,0.025766728884981,-3.984548783400774e-05,0.052501168307725,1.0,0.1008281726439384,-0.041498260706967,2.11443024069224e-07,-0.0022549190595805,3.3843664850756583e-06,0.0047145563246882,0.0452010838420132,1.5621132367867149e-06,0.0858577632936787,3.0,3.446049941992756,0.0087926455628265,0.0307984720714156,-0.1142901484950671,0.0303522330420943,0.0135616133663006,0.0537160620156283,0.0781336742990784,0.3381889666545041,-0.012779552715655,0.0129449838187702,-0.0264385692068429,-0.1057142857142857,-0.1018651362984217,-0.0413476263399694,-0.087463556851312,-0.0234009360374415,0.0178861788617885,0.0032051282051281,-0.0324574961360123,-0.0384024577572964,0.0228758169934639,-0.0157232704402516,0.0296052631578946,0.0145867098865477,0.0468227424749163,0.0313014827018121,0.0398671096345515,0.1178571428571428,0.1878557874762809,0.1381818181818181,0.2854209445585214,0.4195011337868479,0.4834123222748816,0.4130925507900678,0.5768261964735515,0.6051282051282052,0.5610972568578554,0.6430446194225721,0.1901140684410647,0.1923809523809523,0.1340579710144929,0.1258992805755396,0.1279279279279279,0.0262295081967214,0.0868055555555555,0.064625850340136,0.0793103448275862,0.1856060606060605,0.1361161524500906,0.2445328031809144,0.1178571428571428,0.1218637992831541,0.0433333333333332,0.0905923344947734,0.181132075471698,0.288065843621399,0.3579175704989152
TRI-L,30.0,-0.0906722449925625,0.0001028312629399,11.157366198821464,0.197481431770225,0.0104598561525694,0.0587916508662826,118.0,15.73113950591302,-0.0355584600793673,-0.0002496239841251,-0.0258099770724148,1.0,0.1925540432345876,0.2198821073314503,1.4145962732919257e-05,-0.0566580769874965,9.276005776593384e-07,3.303030303030302,0.0095997277338833,0.0015013664596273,-0.1060540687138648,2.0,0.0543187087651789,0.035062435913643,-0.1932998324958124,0.1932998324958124,0.1932998324958124,0.0016411500911439,0.0302764596657726,0.1932998324958124,0.4665175376837479,0.0,-0.034965034965035,-0.0675675675675676,-0.1038961038961039,-0.1038961038961039,-0.1153846153846155,-0.1320754716981133,-0.1320754716981133,-0.1481481481481482,-0.1976744186046511,-0.1929824561403509,-0.1976744186046511,-0.1929824561403509,-0.142857142857143,-0.1153846153846155,-0.1210191082802548,-0.0921052631578948,-0.0675675675675676,-0.0675675675675676,-0.0482758620689656,-0.0142857142857143,-0.0416666666666667,-0.0142857142857143,0.0222222222222221,0.0298507462686565,0.0222222222222221,-0.0142857142857143,-0.08,-0.0416666666666667,0.0298507462686565,-0.0142857142857143,-0.0212765957446808,0.0298507462686565,0.0147058823529411,0.0298507462686565,-0.0071942446043165,0.0,0.0147058823529411,0.0222222222222221,-0.0071942446043165,-0.0071942446043165,0.0,-0.0675675675675676,-0.0612244897959184,-0.0482758620689656,-0.0738255033557048,-0.0675675675675676,0.0147058823529411,0.0072992700729925
TSA-L,30.0,-0.057787051482745,4.914625348603033e-07,0.0533245174440689,0.1522545745591777,0.2425987624896851,0.6530209120221077,908.9969,0.1076540439823892,-0.0015590626566983,-0.0070968234462686,0.1070502451867152,1.0,0.0935965000029735,-0.0442540932687011,5.8577326948305424e-08,-0.2290842819848389,8.884675215650807e-06,0.0226038660062693,-0.2810474488749647,4.537223284499559e-07,-0.0692382712231603,3.0,24.102095538161528,-0.0108655069942561,-0.0172846829871761,0.1132483256642438,0.0843411815028167,0.0202746437133056,0.0409976377974316,0.1220249358740857,1.7487748998942343,0.0049517207229512,0.0178931451612902,0.0233088421586014,0.0107607607607607,0.0290445859872612,0.0295692072393576,0.0455604452498057,0.1748109365910413,0.3054298642533937,0.1917969902626144,0.1758369723435224,1.6537450722733245,1.9985152190051965,1.8706467661691544,2.0186846038863973,1.7216981132075473,1.965491923641704,2.327018121911038,2.408438818565401,2.4374468085106384,2.289087947882736,1.9830132939438705,1.8009708737864076,2.0926493108728943,2.016430171769977,2.302534750613246,2.414201183431953,3.1425641025641022,3.1941848390446514,3.2968085106382974,4.004956629491946,3.329046087888532,4.231865284974093,4.458108108108108,4.957227138643067,4.314473684210527,3.968019680196802,2.9366471734892787,2.9251700680272115,2.824810606060606,2.552330694810906,2.205555555555556,1.969852941176471,1.5118159203980102,1.7476190476190476,1.530701754385965,1.7216981132075473,1.909942363112392,1.7216981132075473
TZE-L,16.0,0.1022068506930495,2.6342120620779427e-06,0.285816470416366,0.0231598316950377,0.3078409710496994,0.7825894474952316,-17.30469999999997,1.3443912022198647,0.0140758224188013,-0.0006401939523385,0.1475914435258653,1.0,0.0570805958779432,0.0699538017277677,3.39689744692468e-07,0.0262868239934246,1.7777681225140898e-06,0.2822786536468278,0.1227435097411023,1.935326275346506e-06,0.1493653884427344,3.0,2.044058493297107,0.06461805540402,-0.0137114066704619,-0.0895635919087718,-0.0035824296256048,0.0120073639450828,0.0203351775421542,0.1430145878779942,0.0283309254393681,-0.1872570194384448,0.0692840646651269,-0.0392197551359203,-0.0079280051424899,0.0486976217440542,0.077997671711292,-0.0374220374220375,-0.0161495962600936,0.0109170305676855,-0.023618726275833,-0.0706543556804496,-0.053556827473426,-0.028127623845508,-0.0670965142051179,-0.0342094284522319,-0.1361940298507463,-0.1009708737864077,-0.0912659470068696,-0.0804369414101291,-0.0285354595048258,0.0149057430951338,0.0395150426582846,0.0912090502003299,0.1224242424242423,0.1796178343949044,0.1766200762388816,0.2091930007834943,0.2629569012547736,0.2719780219780219,0.3518248175182481,0.3690124186871673,0.3629673241095084,0.2213136375626483,0.2864684634620726,0.3172119487908962,0.19762027935851,0.3232352100600171,0.2878998609179415,0.3561804335090801,0.4263709180529882,0.3258877434135165,0.3975249019015996,0.4624131396083384,0.5392287234042552,0.4211172498465316,0.555779569892473,0.5850736049298184,0.5861596437136003,0.7199108469539375
UBK-L,20.0,0.1063223080039343,2.6064958217157845e-07,0.0282809211392855,0.23088474055236,0.0780962638180608,0.9275251449197932,66.8004,0.1329400181367745,0.0076968490905893,0.0006170054451456,0.0075275543755054,1.0,0.259107713191583,0.0830485420779781,4.4898897301197327e-08,-0.006876284789082,1.647784198421914e-06,0.0279131024313981,0.0217405441475911,8.954764603291021e-07,0.1147805171956289,4.0,5.522763740616477,0.0047810951584598,0.0570967275125874,-0.0421201869585883,-0.0272956595373876,0.0103726209575014,0.0464176423564064,0.0158368203555509,0.5292202228857655,-0.0546515198035,-0.0139267332727823,-0.1015998528870909,-0.1087293624008026,-0.0222155508856201,0.0135892116182572,0.0321115453681206,0.055639585133967,0.1275098084468036,0.2139396198285501,0.2431297709923663,0.2290566037735848,0.3085576536761751,0.2501279426816785,0.1537371590506553,0.1440112399016508,0.1625223081499107,0.1802150018118129,0.1328695652173912,0.198307579102281,0.2787593246957205,0.2352718078381794,0.3062834224598929,0.2499680184213892,0.2630558428128231,0.268302180685358,0.3570833333333332,0.4917557251908395,0.417319408181027,0.5360792328250275,0.6247090123046224,0.6493923024983117,0.6083950617283949,0.6954711087975012,0.8349295774647887,0.9151313210505684,0.9727437916414292,1.060088551549652,1.1035522066738426,1.2021636240703175,1.234392865309856,1.47869101978691,1.3989688190522958,1.436658354114713,1.5719926296393787,1.6301480484522206,1.7500703630734589,1.7853477765108323,1.8942535545023695
UGH-L,18.0,0.0030749827670568,4.63444961372021e-07,0.0502845632659929,0.0559769213797148,0.1419212234815213,0.6281893571706048,-67.15539999999999,-0.0440027601136609,0.0063626441830847,-0.0034812866228651,0.0278903748272086,1.0,0.2717825489197988,0.0734654060092604,8.601633420288374e-08,-0.1070846089170527,1.5542373434070628e-05,-0.0092391558804601,0.0729756153761711,2.248329100101724e-06,-0.0037642716109965,5.0,9.780539626187124,-0.0100300446993025,-0.0046424996335488,-0.585475635671681,0.0153902171432548,0.0054321401669169,0.0378086702984493,-0.0524700888057267,0.8047511567514457,-0.0455840455840454,0.0636363636363637,0.1527093596059112,0.0866873065015478,0.0308370044052863,0.0717557251908396,0.0524737631184406,-0.0539083557951483,-0.0250000000000001,-0.0014224751066856,-0.0664893617021277,-0.0303867403314918,-0.0714285714285714,-0.1158690176322418,-0.0811518324607329,-0.1102661596958175,-0.1428571428571429,-0.1279503105590063,-0.1875000000000001,-0.1837209302325582,-0.2138857782754759,-0.1652794292508919,-0.0677290836653387,-0.0589812332439678,0.0717557251908396,-0.1622911694510741,-0.1102661596958175,-0.0811518324607329,-0.0589812332439678,-0.029045643153527,-0.0461956521739131,-0.0689655172413793,-0.075098814229249,-0.0461956521739131,-0.029045643153527,-0.0738786279683377,-0.1439024390243902,-0.1837209302325582,-0.1102661596958175,-0.2156424581005586,-0.2873096446700508,-0.236126224156692,-0.2410810810810811,-0.3035714285714286,-0.2747933884297521,-0.3083743842364532,-0.2770339855818744,-0.237785016286645,-0.3117647058823529
UXW-L,19.0,0.0225241791154008,1.1142898550424448e-06,0.120902336593876,0.088581216221809,0.0076567048051833,0.0675157653838022,488.9875,0.0683422887719827,0.0148091821854386,0.0004425436874416,0.0912669130696416,1.0,0.0986012850638877,0.033276563133177,9.020859725278588e-08,0.0228065170369413,3.11856715843817e-05,0.0143496693743931,0.0044117346483767,1.5615096582387042e-05,0.0229623054343969,2.0,21.86614499444099,-0.2147641633618543,0.0068115258968669,-0.0068115258968669,-0.0068115258968669,0.0014437964632234,0.0219614641567825,-0.0068115258968669,1.0345599348398853,0.0041928721174004,0.017057569296375,0.0236051502145921,0.0105932203389829,0.0302375809935204,0.0302375809935204,0.0460526315789473,-0.00625,0.0369565217391303,-0.0479041916167665,-0.0755813953488373,-0.0164948453608247,-0.0205338809034908,-0.066536203522505,-0.0737864077669904,-0.0516898608349901,-0.0862068965517242,-0.0965909090909091,-0.0479041916167665,-0.0573122529644268,-0.00625,0.0437636761487962,0.0816326530612243,0.1521739130434782,0.3032786885245899,0.1984924623115576,0.3786127167630055,0.4070796460176988,0.5191082802547768,0.6114864864864864,0.4722222222222221,0.358974358974359,0.5639344262295081,0.5953177257525082,0.6505190311418683,0.4112426035502958,0.3104395604395602,0.2891891891891891,0.3667621776504295,0.2293814432989689,0.084090909090909,0.0576496674057649,0.0324675324675323,-0.0265306122448981,-0.0755813953488373,0.0063291139240504,0.0671140939597314,-0.1231617647058824,-0.1631578947368421
VJR-L,20.0,0.0969274475697658,2.444489410281932e-07,0.0265231241354893,0.0711709287691142,0.2126952745067248,0.9810989873300834,67.60390000000007,-0.5236663420869413,0.0119660271094752,0.0016109870515334,0.065266856672829,1.0,0.1296982525993849,0.1327368226086143,4.809799548808214e-08,0.0174803667672806,1.4373363117463475e-05,-0.1099529882078819,0.0734084062868737,3.053851797655307e-07,0.0662999097701969,4.0,33.364863359629986,-0.0599368372171071,0.0194299651157237,-0.0468563497530303,0.0133479000063388,0.0227381537418184,0.0523161311215247,0.1114940868204792,0.6503876250938356,-0.0054177600948107,0.0123403890650442,-0.1328317122407781,-0.1334995965671533,-0.1111027502915836,-0.0488344941422762,-0.1046348580740517,-0.071195502614302,0.0727388303668723,0.09162315760292,0.0733724047067374,0.077730134111851,0.104121880549584,0.0541203765671707,0.1462254997089074,0.1633266039686838,0.2246527057847813,0.2181490074761536,0.1818909454727362,0.2319324225675252,0.3544688413690304,0.4134609632067005,0.4723918733640782,0.5443848869133221,0.649169342454279,0.5821335297662893,0.7797363465160074,0.8469355847404627,0.8239790010036283,1.065029280657285,1.1092759575037945,1.069551506657323,0.9827123195703256,0.9634338901354608,1.1126710185102389,1.2053579762904882,1.1300036062026684,0.9562805332450112,1.0896868919157967,1.2297093242733106,0.9649035262807716,1.0572971090212469,1.020525100487471,1.0376024148339802,0.9925782238340222,0.9744275447100116,1.1809286439582758,1.28867577254674,1.071184360480407
VPT-L,30.0,0.0059105341162563,8.778564476307283e-07,0.0952489114320365,0.0780448628043829,0.0619915507936308,0.7291439380542739,-381.9,-0.004677139046918,-0.0395413173835881,-0.0009314516726147,0.0130784364243618,1.0,0.3856879039704524,-0.0116925799519656,9.945147387464577e-08,-0.0045456968390378,1.9774863129132896e-06,-0.0009820478673938,-0.0089549047037753,2.251304786946315e-06,0.0149493603074235,3.0,3.004854854199741,-0.1824685091126202,-0.0992486954949213,1.022076067446644,-0.1648171364368511,0.0058720391689824,0.0203841937672913,0.022076067446644,0.5039318051934224,-0.0374999999999999,-0.0145576707726762,-0.2307692307692307,-0.3103448275862068,-0.2517006802721088,-0.2413793103448275,-0.2914653784219001,-0.3059936908517349,-0.2226148409893992,-0.3125,-0.3246354566385264,-0.343773303504847,-0.3256704980842911,-0.3343419062027231,-0.36826992103374,-0.3776520509193776,-0.4326241134751772,-0.4544327340359577,-0.4962793360045792,-0.4676346037507561,-0.4919168591224018,-0.5419052576782926,-0.5206971677559913,-0.5154185022026432,-0.4698795180722891,-0.4994311717861205,-0.519650655021834,-0.5011337868480725,-0.4814378314672951,-0.4601226993865031,-0.4465408805031446,-0.4486215538847118,-0.4591272280270435,-0.4344473007712082,-0.4195250659630606,-0.436980166346769,-0.4270833333333332,-0.4037940379403794,-0.358600583090379,-0.3287566742944316,-0.4021739130434782,-0.3960192175703499,-0.4329896907216494,-0.4274560832791151,-0.4183740912095175,-0.4278283485045513,-0.3964334705075445,-0.3457249070631969,-0.341317365269461
VQI-L,30.0,0.0605699058415309,3.8422063967637897e-07,0.0416885901762952,0.1220096213096123,0.1040857477193037,1.8748323453302,-41.789800000000014,-0.5107110520857965,-0.0127564192257392,0.0028164098387226,0.0131975811086016,1.0,0.1804817683261374,0.0322756092658548,6.72536266931265e-08,-0.0128751665967909,9.75631309145182e-07,-0.1072327964860907,0.0557673319927767,1.3355812100474633e-06,0.0690589740290311,4.0,1.4043827305009051,-0.0579804228494926,-0.0701750200254719,-0.1249097642847416,0.0379189768637423,0.017291370455361,0.0780026960423957,-0.0060522507459052,0.4698122432083799,-0.0873626373626373,0.113831089351285,0.0911270983213428,0.0477835348301669,0.0184667039731392,0.0788381742738588,-0.0360169491525423,-0.0945273631840797,-0.1823899371069183,-0.228486646884273,-0.267605633802817,-0.2426133999167707,-0.2519523222359227,-0.3362509117432531,-0.2945736434108528,-0.3539226127085553,-0.3074581430745815,-0.280347963621985,-0.2794932699920824,-0.2242114236999147,-0.1787003610108303,-0.1558441558441557,-0.1069676153091265,-0.0994557149925779,-0.0032858707557503,-0.0845070422535211,-0.0623390005151983,-0.0628218331616891,-0.1147859922178987,-0.1207729468599033,-0.0262172284644195,-0.0849673202614379,-0.0188679245283019,0.0750147666863556,0.2117177097203728,0.1057108140947751,-0.0560165975103735,0.0055248618784529,-0.0360169491525423,0.0167597765363129,-0.0360169491525423,-0.1056511056511058,-0.0858864892014064,-0.0766108574327752,-0.0709545686574782,-0.1320934668574153,-0.1052114060963619,-0.0324295587453481,-0.0545454545454545
VXI-L^E23,32.0,-0.0294393328207687,1.004127215351782e-06,0.1089495036001276,0.0500082835688948,0.0087830355945582,0.0648016342370218,-27.623699999999985,-0.2632117194119394,-0.0136754738535486,-9.87094216787718e-06,-0.0015959005879764,1.0,0.6505420202684329,-0.0255289775807915,1.1321462389965889e-07,0.0066971967359342,2.91459421290146e-06,-0.0552659446573184,-0.000235155003021,1.4362328720787575e-05,-0.0297112212437454,2.0,8.187387604592422,0.1654805271773547,-0.0046802831264587,1.0046802831264587,0.0046802831264587,0.0017943760120029,0.0274602416659236,0.0046802831264587,0.6832381202992986,0.0,0.3859386686611818,0.3859386686611818,0.3859386686611818,0.3859386686611818,0.3859386686611818,0.3859386686611818,0.3859386686611818,0.3859386686611818,0.3859386686611818,0.3859386686611818,0.3859386686611818,0.3859386686611818,0.3859386686611818,0.3859386686611818,0.3859386686611818,0.3859386686611818,0.3859386686611818,0.3859386686611818,0.3859386686611818,0.3859386686611818,0.3859386686611818,0.3859386686611818,0.3859386686611818,0.3859386686611818,0.3859386686611818,0.3859386686611818,0.3859386686611818,0.3859386686611818,0.3859386686611818,0.3859386686611818,0.3859386686611818,0.3859386686611818,0.3859386686611818,0.3859386686611818,0.3859386686611818,0.3859386686611818,0.3859386686611818,0.3859386686611818,0.3859386686611818,0.3859386686611818,0.3859386686611818,0.3859386686611818,0.3859386686611818,0.3859386686611818,0.3859386686611818,0.3859386686611818,0.3859386686611818,0.3859386686611818
WAW-L,30.0,-0.0338654330906739,1.4126845579885374e-07,0.0153278667267768,0.1865366577086437,0.1900936855543659,0.4931029849658405,-1339.8878,-0.0395520406362197,0.1092965492364738,0.0052706003124512,-0.0104062136054138,1.0,0.3674845558263823,-0.0384868414393953,9.206258863762191e-09,-0.0577765970505301,1.3575687886616888e-05,-0.0083046487966757,0.0140327000895068,1.6082549046475974e-07,-0.0238764387649336,4.0,118.1682326591557,0.0012180671392824,0.02573143223551,-0.0317496645256481,0.0533300860843596,-0.0003244863438861,-0.0007174782829938,0.0034938021120591,-0.3297619324601274,-0.0349693251533742,-0.1250670960815887,-0.1203453858607663,-0.1311300639658849,-0.1155724362452522,-0.1198704103671706,-0.1813159216474132,-0.2464170134073046,-0.1721686135093956,-0.2098885118759088,-0.2761989342806393,5.9361702127659575,6.2767857142857135,6.442922374429224,6.761904761904762,6.442922374429224,6.342342342342342,6.442922374429224,6.117903930131004,7.190954773869347,6.874396135265702,7.029556650246306,7.44559585492228,7.15,7.534031413612567,6.342342342342342,6.2444444444444445,6.309417040358745,6.086956521739132,6.117903930131004,6.086956521739132,6.442922374429224,6.409090909090909,6.309417040358745,6.2444444444444445,6.375565610859729,6.342342342342342,6.58139534883721,6.990196078431373,6.409090909090909,5.763485477178423,5.965811965811967,5.417322834645669,6.086956521739132,6.409090909090909,6.2444444444444445,5.965811965811967,6.309417040358745,6.180616740088106
WLX-L,18.0,-0.0075710109656941,1.5003829352434314e-06,0.1627940897385261,0.0871419515261059,0.0104263557723513,0.0899279630100947,905.3472,-0.1703725440701529,0.0334105659101615,-0.0002171510524883,-0.0033680379900247,1.0,0.170959523569308,0.0287430607375162,1.6956502499626038e-07,-0.0610665570388254,8.92027080928123e-06,-0.0357727217190182,0.0001642914184828,1.9868026958996244e-05,-0.0084978644485547,2.0,7.929957993753936,-0.1376835885337771,-0.0750747701833004,0.0750747701833004,0.0750747701833004,0.0016237849564082,0.0236164919047113,0.0750747701833004,0.7128495195305593,-0.0703296703296701,0.0435779816513759,-0.0770791075050709,-0.0618556701030927,-0.1875,-0.1250000000000001,-0.1283524904214559,-0.2288135593220339,-0.196113074204947,-0.2516447368421053,-0.3010752688172042,-0.2823343848580442,-0.2696629213483147,-0.3021472392638037,-0.2989214175654854,-0.3328445747800587,-0.3386627906976744,-0.3032159264931088,-0.2696629213483147,-0.2673107890499195,-0.2314189189189189,-0.1574074074074074,-0.126679462571977,-0.1605166051660517,-0.0695296523517382,-0.2248722316865418,-0.0130151843817788,-0.0130151843817788,0.068075117370892,0.0556844547563806,0.0044150110375273,-0.0319148936170213,-0.008714596949891,-0.0065502183406114,0.0340909090909089,-0.091816367265469,-0.1816546762589928,-0.1889483065953655,-0.1889483065953655,-0.2248722316865418,-0.2967542503863988,-0.2834645669291338,-0.2934782608695653,-0.3168168168168168,-0.3453237410071943,-0.3042813455657492,-0.2073170731707317,-0.2516447368421053,-0.3328445747800587
WRF-L,20.0,0.0276092568519374,1.3974647435053789e-06,0.1516272916178763,0.1108624831756665,0.1372260155181784,1.3384118180325173,-222.7531,0.5281940007226872,-0.0122182473205086,-0.0113211790677859,0.0384493978633384,1.0,0.0841492659767739,0.0404014574232758,8.801454729761088e-08,-0.0056514887847134,1.2448552776079376e-05,0.1109036500254841,0.058254954513212,1.3626056877488833e-06,0.0144151181446787,4.0,5.535373073938722,-0.1371104685120788,-0.2823060687180459,0.0772217743113046,-0.2816455710710429,0.0028203507496371,0.0054916581997868,0.2473150218976302,1.1881854341613969,-0.0542920029347028,0.0014695077149156,-0.1126302083333332,-0.0967528164347248,-0.0937499999999998,-0.0765582655826557,-0.0606478290833907,-0.0201294033069733,0.0740740740740741,0.0516975308641975,0.0186846038863977,0.0217391304347827,0.0051622418879055,-0.0428370786516854,-0.0029261155815654,0.0310136157337368,0.0615264797507788,0.1367806505421185,0.0516975308641975,0.110839445802771,0.110839445802771,0.1181296144380641,0.176013805004314,0.1945661700262928,0.2504587155963302,0.1924759405074367,0.2919431279620852,0.3310546875,0.4242424242424243,0.403707518022657,0.5506257110352677,0.4928806133625409,0.7701298701298702,0.7678339818417641,0.9527220630372492,0.822192513368984,0.5577142857142858,0.6601705237515225,0.7363057324840767,0.5094130675526027,0.2690875232774674,0.1945661700262928,0.0983078162771957,0.0014695077149156,0.0706991358994502,0.0851910828025477,0.132059800664452,0.1292460646230324,-0.0312722103766879
WRH-L,18.0,0.0322213806711848,4.162623844668628e-07,0.0451651737565761,0.0093189285853717,0.1316230058759106,0.936078832522021,-134.30110000000002,0.0851330004951186,-0.0018252551771034,-0.0023318627180858,0.0447779459057201,1.0,0.0677655656464564,0.0054729276941652,6.526986629913975e-08,-0.0230346291806587,2.5066858798086266e-06,0.0178751755597599,0.0587055770743605,1.035243675668377e-06,0.0431819828076312,4.0,5.483100839949307,0.0906239954174965,0.0424452711272152,-0.1645976792847372,-0.0093270863826426,0.0070453949356566,0.0236033978564842,0.0119856160210308,0.4574772280813375,0.0412662521198416,0.0926497838171711,0.0773447015834347,0.0219526285384172,0.0108571428571428,0.0504750593824228,0.0669481302774428,0.0369284876905042,0.1267515923566879,0.1546997389033944,0.1217501585288522,0.1097867001254706,0.0812958435207824,0.0314868804664725,0.0631009615384616,-0.0529978586723768,-0.0133853876185163,-0.0089635854341736,-0.0843685300207038,-0.0364923747276687,-0.0484131253362022,0.0243196294151708,0.0892857142857144,0.0255072463768115,0.0987577639751553,0.014334862385321,0.0611877624475105,0.1516927083333334,0.1077019411396369,0.1769793745841652,0.2572850035536602,0.2396636299929924,0.3142644873699851,0.3514132925897633,0.295970695970696,0.2969208211143694,0.2763347763347765,0.2091592617908406,0.2735781137508999,0.3045722713864307,0.3084319526627219,0.476627712854758,0.4393816110659074,0.3493516399694891,0.3555555555555556,0.3432042520880791,0.3270817704426108,0.3745143745143746,0.4382113821138211
WRU-L,23.0,0.1750593364370567,6.579322485475562e-07,0.0713867633362168,0.4396827093164024,0.0774564665135131,0.7028040353088939,6.587399999999999,-0.1046964976058299,-0.0019094557749564,-0.0046314555257658,-0.0032610811638874,1.0,0.1367277103188611,1.042020509191318,2.2238712396832523e-08,-0.0048368089716267,5.616049972496415e-07,-0.0219828769608972,0.0045480085743326,3.750558540915923e-07,-0.3083574031709218,3.0,4.542757008600806,-0.0924450281714622,-0.039710247671458,-0.0791114099704501,-0.016961989112658,0.0021187037879809,0.0056664274003283,-0.025445501029798,0.4878374441194636,-0.0368920343321788,0.0071276918410676,-0.0588151927437642,-0.0880252677835758,-0.0655691571689882,0.0261124845488256,0.0024150943396226,0.0074332524271842,-0.0219440353460973,-0.0393461594098075,-0.0009026628554235,0.0232665639445299,-0.0056894744722265,-0.0207903273370686,-0.0397628687102371,-0.0642525010567846,-0.0315006562636721,-0.0228075338434372,0.0185582822085887,-0.0193443591258122,0.0015080681646808,0.2019909502262442,0.2311827956989247,0.3163528245787907,0.3555827719942843,0.2654344512195121,0.2539652567975829,0.2837811714672338,0.3564133986928104,0.3986941870261162,0.3960479293672481,0.3639350996097761,0.4135802469135803,0.5390498261877172,0.5103479645212645,0.4566790962930465,0.423885077186964,0.4358918918918919,0.5815670397713739,0.5263157894736843,0.4337219343696026,0.3998735244519393,0.3281999999999998,0.3129695531830763,0.2875145405195811,0.366460905349794,0.3786589163379696,0.4813740798572383,0.5058956916099773
WWA-L,20.0,0.1252929029111378,8.521608934128048e-07,0.0924609002777006,0.0668410436298251,0.1468203139028797,1.223480491084299,-88.49459999999999,0.3408535310256977,-0.0135568604454864,0.0069600466783433,0.0400505719465569,1.0,0.0725207811930633,0.119457207696788,7.613516333878415e-08,0.0794548262961856,4.704675820850852e-06,0.0715682129352151,0.126728015301018,9.89916628379388e-07,0.1313114660201721,3.0,4.750363585646735,-0.1041631290147087,-0.0155133825789174,-0.0659726600950742,0.0243580447197884,0.0138218713504231,0.0303298198568297,0.0750389038834196,0.4919487429068349,-0.0675371454299864,-0.0410189982728842,-0.1200475435816164,-0.1394808213870592,-0.122481232714342,-0.1612537764350453,-0.2025134649910233,-0.1401471157568717,-0.0780406807804067,-0.0916155419222903,-0.1374757281553398,-0.1640948438088069,-0.127993718099725,-0.2010791366906474,-0.2098897189612237,-0.1876371616678858,-0.1681647940074906,-0.1981949458483753,-0.2143615139724088,-0.2121319616885421,-0.2007916516732637,-0.2217939733707077,-0.2050823192555476,-0.2151943462897526,-0.1539047619047618,-0.1477359938603222,-0.1394808213870592,-0.1221343873517786,-0.0275831873905428,0.0136923779096302,0.070877531340405,0.1172032193158953,0.121150933871782,0.1889721627408993,0.2011898323418064,0.1268391679350584,0.12970498474059,0.2277501381978994,0.2853009259259258,0.1813829787234042,0.1555671175858481,0.2243660418963615,0.2311529933481153,0.2083786724700762,0.2727793696275074,0.2250413678985108,0.2927823050058207,0.4384715025906736,0.4640738299274884
WYJ-L,20.0,0.0286008816753932,2.1289732425521795e-06,0.2309972027525949,0.0853871695578638,0.0161076957460525,0.0499517333192966,-6.065799999999996,0.1123906964822269,0.0120659697576871,-0.0002140744374021,0.0152231571190266,1.0,0.4303030568808069,0.0303272080265499,1.6776149275784737e-07,0.0011307101958191,6.430248875905105e-08,0.0235984097731724,0.0003921096384572,1.1933495681918563e-05,0.0282935105088695,2.0,1.6439911411984058,0.190752096798614,0.0521229031646206,-0.0521229031646206,-0.0521229031646206,0.0024406806131087,0.0161213840622226,-0.0521229031646206,0.2347265358184778,-0.0089285714285713,-0.0718232044198895,-0.1493670886075949,-0.2363636363636364,-0.2415349887133182,-0.1824817518248176,14.272727272727272,14.272727272727272,14.272727272727272,14.272727272727272,14.272727272727272,14.272727272727272,14.272727272727272,14.272727272727272,14.272727272727272,14.272727272727272,14.272727272727272,14.272727272727272,14.272727272727272,14.272727272727272,14.272727272727272,14.272727272727272,14.272727272727272,14.272727272727272,14.272727272727272,14.272727272727272,14.272727272727272,14.272727272727272,14.272727272727272,14.272727272727272,14.272727272727272,14.272727272727272,14.272727272727272,14.272727272727272,14.272727272727272,14.272727272727272,14.272727272727272,14.272727272727272,14.272727272727272,14.272727272727272,14.272727272727272,14.272727272727272,14.272727272727272,14.272727272727272,14.272727272727272,14.272727272727272,14.272727272727272,14.272727272727272,14.272727272727272
WYM-L,20.0,0.0155019388553918,7.539589066809566e-07,0.081805818388268,0.1260058248234567,0.2639893255530695,0.8971908610631631,239.1015,-0.0733796858367375,0.0061388145708062,0.0025819236417944,0.2957214898040474,1.0,0.0840183829280258,0.090441188452804,1.1339097112208625e-07,-0.0211082381413456,3.812271338308425e-06,-0.0154073597691053,0.0565108320484758,7.145324572204868e-07,-0.0755206124264669,5.0,6.904464438717458,0.0772281671555161,-0.0777117144081463,0.0493187149106322,0.1168474620543569,0.0221506538463947,0.0489946406193806,0.1168086836187653,0.8461806241723963,0.0435820895522387,-0.0261627906976743,-0.0238927738927738,0.0661998726925525,-0.0193208430913347,0.0188564476885644,-0.0926327193932827,-0.0164415736934822,0.00842865743528,-0.0384615384615385,-0.0088757396449703,0.0806451612903225,0.2102601156069363,0.1410081743869209,0.2280058651026393,0.1795774647887325,0.3551779935275081,0.5727699530516432,0.6199226305609284,0.5144665461121156,0.3854425144747726,0.2786259541984732,0.2208454810495626,0.4439655172413794,0.3865894039735098,0.4902135231316726,0.6834170854271358,1.122940430925222,0.972909305064782,1.2097625329815305,1.829391891891892,1.1952817824377455,2.113382899628253,2.4114052953156824,5.113138686131387,4.60200668896321,3.125615763546798,2.0790441176470584,2.0180180180180183,1.448830409356725,1.1501925545571243,0.8406593406593408,0.6699900299102692,0.4377682403433476,0.6486220472440944,0.3946711074104914,0.4902135231316726,0.3958333333333332,0.2845092024539879
WYN-L,28.0,0.0768167516445162,1.1273478791589014e-06,0.1223191543274617,0.1931059635797169,0.0068788207993342,0.0539188839865401,1369.1748,0.4373289671658336,0.0151790537829907,-0.0002952072785055,0.0773653049853645,1.0,0.1921471163202321,0.0392127543950937,8.308646993238221e-08,0.0160188972625123,2.854735758515204e-05,0.0918249329871322,0.0002584826773695,1.4308008286096062e-05,0.0797741562527183,2.0,36.445826245277146,0.0347255991970798,-0.2043917786133463,0.2043917786133463,0.2043917786133463,0.000705472285118,0.0099075216738307,0.2043917786133463,0.586084774982638,-0.0485294117647059,0.0641627543035994,0.0149253731343284,0.0074074074074073,-0.0476190476190475,-0.0271816881258941,-0.0620689655172413,-0.0672153635116598,0.0225563909774435,-0.0555555555555555,-0.0933333333333333,-0.1134289439374185,-0.0684931506849315,-0.0723055934515689,-0.0810810810810811,-0.0933333333333333,-0.1111111111111111,-0.0684931506849315,0.0044313146233383,0.0691823899371069,0.0510046367851622,0.0271903323262838,0.0044313146233383,0.035007610350076,0.0793650793650793,0.1111111111111111,0.1564625850340135,0.1971830985915492,0.3905930470347649,0.4468085106382977,0.5280898876404494,0.5011037527593818,0.574074074074074,0.4750542299349238,0.4049586776859504,0.2686567164179103,0.261595547309833,0.3492063492063491,0.3518886679920476,0.3627254509018034,0.1703958691910498,0.1908931698774081,0.0897435897435896,0.0526315789473683,0.1744386873920551,0.1663807890222983,0.1111111111111111,0.1165845648604269,0.088
WYR-L,30.0,0.1367438594704304,5.866027411323854e-07,0.0636473909677446,0.0280076812502592,0.025330519996148,0.3146813533768134,-5.291800000000001,0.4887314968261947,-0.0248930339908979,-0.0001679584793277,0.0059856611206448,1.0,0.1496854333535762,-0.0290237377342917,7.029844463836558e-08,-0.1012643274910722,7.529046023111017e-09,0.1026178010471204,0.0014579154239619,4.234832195472511e-06,0.1642769372199782,2.0,0.273856823357777,0.2230565054921259,-0.0271408656902219,0.0271408656902219,0.0271408656902219,0.0016857432887226,0.0138877225338781,0.0271408656902219,0.3080687036998638,-0.0350877192982456,-0.0585585585585586,-0.0442073170731707,-0.061377245508982,-0.2093316519546028,-0.1515561569688769,-0.1803921568627452,-0.164,-0.1422708618331053,-0.2201492537313433,-0.2842465753424658,-0.3400000000000001,-0.2526817640047677,-0.1971830985915492,-0.1549865229110513,-0.1651131824234354,-0.164,-0.0846715328467153,-0.0683506686478455,-0.0141509433962265,-0.0368663594470046,-0.0873362445414848,0.0145631067961164,0.0129240710823907,0.0609137055837563,0.021172638436482,0.0573355817875209,0.1077738515901058,0.2151162790697673,0.2222222222222221,0.224609375,0.2666666666666666,0.2198443579766535,0.3810572687224669,0.342612419700214,0.3227848101265822,0.4347826086956521,0.7038043478260867,0.6413612565445026,0.5873417721518985,0.5330073349633251,0.5330073349633251,0.4513888888888886,0.4649532710280373,0.4315068493150684,0.7762039660056657,0.8660714285714286,0.8333333333333333,0.7368421052631577
WYY-L,26.0,0.0460731973701422,9.028011292024228e-07,0.0979554516324704,0.0614514209136801,0.3294861664196595,1.5422613202120634,-1.7554999999999978,-0.0904715484958691,0.0004353830608217,-0.0010561653492261,0.0031931007242545,1.0,0.226004880317625,0.0612650020658715,1.296206931169886e-07,-0.0192265754023688,5.328969410863023e-08,-0.0189960979070592,0.0308578286411186,5.164046249979898e-07,0.0205335565103213,4.0,0.4857049151999669,-0.02140334887955,-0.0722049773403894,-0.0474494564956062,-0.0263575094218794,0.0454757129330664,0.0717602274931742,-0.0199015131805245,0.8920024030289708,0.0217086834733895,0.0145648312611013,0.003866432337434,-0.012448132780083,0.0014025245441795,0.0081186021884926,0.018181818181818,-0.0069541029207232,0.1005780346820808,-0.2037914691943128,-0.2434437086092715,-0.308976530365352,-0.4615384615384615,-0.4333333333333333,-0.4289142171565687,-0.4124665706644723,-0.3935018050541516,-0.3838187702265372,-0.2825923134890732,-0.4549618320610686,-0.4900910551687198,-0.4621468926553672,-0.5464506908051453,-0.6359464627151052,-0.6084989718985607,-0.5707199759506989,-0.5102040816326532,-0.5377892862922804,-0.5665503111246016,-0.5483156729400601,-0.5862068965517242,-0.6132177681473456,-0.6614107883817427,-0.6425531914893617,-0.655613167731822,-0.6506849315068494,-0.6669387755102041,-0.7024380079183163,-0.6791011235955056,-0.6725521669341894,-0.6309123804600671,-0.6513671875,-0.6648280718225561,-0.6812144212523719,-0.6908756358913302,-0.6415212752604493,-0.6436681222707423,-0.6601618277010948,-0.6521315468940316
WZK-L,20.0,0.0536412142097979,2.0286760751833702e-06,0.2201147902153524,0.1835870201989469,0.0067284234668955,0.0404805650926823,29.60930000000008,0.2169730232860324,0.0054101520456105,-0.0002227262137369,0.0505566078713644,1.0,0.1983267158013184,0.0069167979448097,1.5047075535781166e-07,-0.0296402112414222,2.217572737688741e-05,0.0455573145597293,0.0017641768446431,3.868953807105087e-05,0.0568581703518909,2.0,12.632265080750766,0.0525700110244196,0.0711639086417903,-0.0711639086417903,-0.0711639086417903,0.0006509795719803,0.0145624122352283,-0.0711639086417903,0.4840648052325648,-0.0998998497746618,-0.0164983994090126,-0.1341859960979841,-0.1256567425569177,-0.1896936498275512,-0.146398803163069,-0.1532753868984524,-0.2912156166814552,-0.2454184772340828,-0.3038173261286386,-0.3138635973200482,-0.2774963820549928,-0.2752676465251316,-0.3095937770095074,-0.3376451077943615,-0.3227064609123283,-0.3303152246814219,-0.2970784934882085,-0.2732896652110627,-0.2738181818181818,-0.2351589429337418,-0.1919886708476633,-0.2249175237725597,-0.2193119624706802,-0.1474919957310566,-0.1596886177151273,0.0052856783287189,0.0183579806221314,0.0791677924885165,0.1958083832335329,0.0552179656538969,0.1002754820936639,0.1362731152204837,0.1607090961929671,0.2187976808056146,0.0339114677711622,0.0045271629778671,0.0096056622851363,0.0193976518631955,-0.0042383445524807,-0.043811347857314,0.0152516522623282,0.0162849872773536,-0.0426653883029721,-0.0354986718184012,0.0493956910141879,0.1225407532321529,-0.0099157164105108,-0.0069617105917454
WZX-L,30.0,-0.0275749121836068,0.0001340232558139,14.541750256901096,0.0370785130412715,0.0043491113283938,0.0356123533522143,332.5,0.2668384819969164,0.021152305626111,-0.0006942976684779,0.0033603991531534,1.0,0.4543795620437956,-0.0232203389830508,1.2155038759689922e-05,-0.0001397219075934,4.103269778367164e-06,0.0560274474534492,8.809876096998995e-05,0.003193976744186,-0.0272152048164325,2.0,0.0362687030574952,0.0465122039832214,0.36117901199477,-0.36117901199477,-0.36117901199477,0.001437936433453,0.0357906909511419,-0.36117901199477,-0.0369126491132134,0.0157480314960629,-0.0522388059701492,-0.0863309352517984,-0.1360544217687074,-0.1301369863013698,-0.1418918918918918,-0.1533333333333333,-0.1533333333333333,-0.1533333333333333,-0.2440476190476189,-0.2440476190476189,-0.2485207100591715,-0.2440476190476189,-0.2111801242236025,-0.2012578616352202,-0.20625,-0.1962025316455696,-0.1753246753246753,-0.1644736842105263,-0.1360544217687074,-0.1241379310344826,-0.1301369863013698,-0.1118881118881118,-0.0797101449275361,-0.0797101449275361,-0.0797101449275361,-0.1301369863013698,-0.1533333333333333,-0.1241379310344826,-0.0522388059701492,-0.0797101449275361,-0.0863309352517984,-0.0378787878787879,-0.0378787878787879,-0.0451127819548872,-0.0661764705882353,-0.0451127819548872,-0.0155038759689922,-0.0230769230769231,-0.0305343511450382,-0.0522388059701492,-0.0522388059701492,-0.1360544217687074,-0.1301369863013698,-0.1241379310344826,-0.1418918918918918,-0.1241379310344826,-0.0305343511450382,-0.0305343511450382
XAB-L,18.0,0.0056020004554844,2.518756268919654e-06,0.2732893213061332,0.1441804045185563,0.0060303171647469,0.0465259156400262,1588.0234,-0.213463585711404,0.0319792119848874,-0.0012276131226923,0.0193157774169908,1.0,0.0916396739012864,-0.0474939277166791,1.7496345640096148e-07,0.0128744565894707,3.920021932991496e-06,-0.0448204462196301,-0.0056414631746983,3.494380238992043e-05,0.0096080566315767,2.0,5.599291038695779,-0.2668933448510793,-0.0414881156003813,0.0414881156003813,0.0414881156003813,0.0024657594361931,0.0378681971606286,0.0414881156003813,-0.2138852503107296,-0.1454545454545454,0.0449999999999999,-0.0857392825896763,-0.0719360568383659,-0.218399401645475,-0.1719492868462757,-0.1918020108275329,-0.3398610233733418,-0.2986577181208054,-0.3288375080282595,-0.3258064516129032,-0.251968503937008,-0.2991281019450034,-0.2807983482450104,-0.345648090169067,-0.3423536815607301,-0.297715053763441,-0.3000669792364367,-0.2224702380952381,-0.1758675078864353,-0.1356492969396195,-0.073581560283688,-0.533690316822847,3.484978540772532,4.971428571428571,4.199004975124378,4.870786516853932,4.358974358974359,5.147058823529411,5.698717948717948,3.7935779816513753,2.928571428571428,3.1967871485943773,2.827838827838828,2.928571428571428,1.7645502645502646,1.672634271099744,1.4880952380952377,1.5302663438256658,1.5059952038369304,1.4704491725768318,1.3483146067415728,1.2916666666666663,1.2234042553191489,1.247311827956989,1.4245939675174015,1.6455696202531644,1.5120192307692304,1.266811279826464
XAE-L,30.0,0.0205275683134353,1.28351879971737e-06,0.1392639637216172,0.1470671659321032,0.0055363493517267,0.0307126611740388,-252.9896,0.2673641457475159,-0.0556246246753575,-3.448164704205255e-05,0.0108328664331876,1.0,0.5162204428252938,-0.0229749247427727,1.2655381658924385e-07,-0.0061305512350069,6.829160683085565e-07,0.056137819832817,0.0002243788246185,2.942374906224661e-05,0.0225729035578405,2.0,3.927118079393163,-0.0117344014958426,0.0271834945616831,-0.0271834945616831,-0.0271834945616831,0.00095849369919,0.0240642396170723,-0.0271834945616831,0.5215828494123563,-0.0194968553459119,0.0198845413726749,-0.212481426448737,-0.2998678996036988,-0.2743039707895938,-0.3279797125950972,-0.374015748031496,-0.3820443062572872,-0.4024802705749718,-0.4532324621733149,-0.4419094419094418,-0.4494459833795013,-0.427027027027027,-0.4450261780104712,-0.4684052156469408,-0.4761120263591433,-0.480731548007838,-0.4769736842105263,-0.4530443756449948,-0.4317369549678341,-0.4194961664841182,-0.4272334293948127,-0.401805869074492,-0.3544457978075517,-0.3125810635538262,-0.3667861409796893,-0.3032427695004381,-0.2863554757630162,-0.2262773722627737,-0.1973750630994446,-0.2049999999999999,-0.1770186335403726,-0.1928934010152283,-0.196969696969697,-0.1391445587439089,-0.1301969365426696,-0.1156840934371523,-0.1268533772652389,-0.2049999999999999,-0.2073778664007975,-0.2073778664007975,-0.1613924050632911,-0.1635981062598632,-0.1506410256410255,-0.12300055157198,-0.0835734870317003,-0.086206896551724,-0.0872560275545351,-0.1137123745819398
XBB-L,20.0,0.0341258464168744,3.854407370696872e-06,0.4182097281000185,0.1166038380792631,0.0038123851637318,0.0403599965929804,40.487300000000005,0.0409563513047578,0.0445045495018479,9.502700562850272e-05,0.0033626378955074,1.0,0.4822236281339241,-0.01126934750961,1.1954934378859173e-07,0.031317096089481,1.0599498403972194e-06,0.0085995085995086,-3.856940531484592e-05,5.9154106682048845e-05,0.0372033706666178,2.0,1.84854482584496,0.1413577263553683,0.0473708488492759,-0.0473708488492759,-0.0473708488492759,0.0002740258755138,0.004762353425987,-0.0473708488492759,0.5065006027056819,-0.2358078602620087,-0.0815508021390374,-0.1270648030495552,-0.0601915184678522,-0.1601466992665036,-0.0497925311203319,-0.1444582814445827,-0.2737843551797041,-0.2604951560818083,-0.3838565022421525,-0.4103004291845493,-0.3827493261455525,-0.3537158984007525,-0.3375120540019286,-0.3198019801980197,-0.2866043613707165,-0.3074596774193548,-0.2783613445378151,-0.1632155907429964,-0.0972404730617608,-0.0364656381486675,0.0768025078369907,-0.0157593123209169,0.1152597402597401,0.2180851063829787,0.2468239564428314,0.3577075098814231,0.2889305816135084,0.4312500000000001,0.4077868852459017,0.1743589743589744,0.0700934579439251,0.1336633663366337,0.1624365482233503,0.2137809187279151,-0.0337552742616034,-0.0653061224489794,-0.1007853403141361,0.0014577259475219,-0.0418410041841004,-0.1908127208480565,-0.1792114695340501,-0.2030162412993038,-0.235817575083426,-0.2760800842992623,-0.2148571428571428,-0.1508034610630407,-0.1946072684642438,-0.2866043613707165
XBC-L,20.0,-0.074838666613345,4.604898750962e-06,0.499639313999067,0.1865337128158616,0.0019255975656028,0.0417467077266464,1761.8357999999998,-0.2291908341905408,0.0209081837665621,-0.0006298966044105,0.0013971590502739,1.0,0.9512597736061158,0.0019093884930136,1.830442236771836e-08,0.047755225686802,8.953672344269867e-06,-0.0481226595329346,-0.0001933839856181,8.771032990295543e-05,-0.0795043207324102,2.0,3.6840403673205024,0.2196460078381498,0.0199691584062446,-0.0199691584062446,-0.0199691584062446,-0.0003106309025577,-0.0063740119822887,-0.0199691584062446,6.125453573170313,-0.1443994601889339,-0.0572519083969466,-0.1403712296983758,-0.1598639455782313,-0.2492401215805471,-0.0829207920792078,-0.0996354799513973,-0.2604790419161676,-0.2530241935483871,-0.3550913838120104,-0.4273570324574961,-0.4744680851063829,-0.4653679653679653,-0.3946078431372549,-0.4215456674473068,-0.40290088638195,-0.4587289992695398,-0.4672897196261681,-0.4539425202652911,-0.4737215909090909,-0.4486607142857143,-0.548995739500913,-0.5459558823529411,-0.4903713892709765,-0.4183673469387755,-0.3567708333333332,-0.2537764350453172,-0.3275862068965517,-0.2721021611001964,-0.2962962962962963,-0.3891178895300907,-0.41283676703645,-0.3783557046979865,-0.4072,-0.401453957996769,-0.5530759951749095,-0.570185614849188,-0.599025974025974,-0.5765714285714285,-0.6056412985630655,-0.6702269692923899,-0.6311597809855649,-0.6211656441717791,-0.6511299435028248,-0.6877370417193426,-0.654867256637168,-0.6272635814889336,-0.6188271604938271,-0.6388888888888888
XBT-L,32.0,0.0334105693185926,1.4306480808718288e-06,0.1552277399262151,0.1270650648539963,0.0147128139809562,0.0668156551663966,28.547900000000027,-0.0481508455743398,0.0185145262950367,9.012211149162248e-05,0.6585049333105144,1.0,0.2085345397927929,0.0660774049268403,1.281549498070307e-07,-0.003339151560151,5.99506584574149e-08,-0.0101101196126825,0.0001115317371527,9.281461180554842e-06,0.0285036339885684,2.0,1.6759313780893244,0.057292734378505,-0.0612981742139719,0.0612981742139719,0.0612981742139719,0.0027662547210695,0.02252012818947,0.0612981742139719,0.4366595697675235,-0.04,0.0218978102189781,-0.0566037735849056,-0.0578734858681022,-0.1037131882202304,-0.0056818181818182,-0.0397805212620027,-0.2125984251968504,-0.1626794258373205,-0.1954022988505747,-0.1926182237600923,-0.1666666666666667,-0.1725768321513003,-0.1596638655462184,-0.1293532338308456,-0.1150442477876106,-0.1094147582697201,-0.0885416666666666,-0.051490514905149,-0.0604026845637584,-0.0056818181818182,0.0526315789473683,0.023391812865497,0.0370370370370369,0.2567324955116696,0.1419249592169658,0.3944223107569722,0.2477718360071301,0.346153846153846,0.5730337078651684,0.3182674199623352,0.2773722627737225,0.3725490196078431,0.383399209486166,0.2797074954296161,0.0703363914373089,0.0954616588419405,0.0606060606060605,0.0769230769230768,0.0920436817472698,0.0174418604651163,0.0903426791277259,0.046337817638266,0.0852713178294573,0.0785824345146379,0.1705685618729095,0.2048192771084338,0.3307984790874525,0.2259194395796848
XCA-L,30.0,0.0136584997843815,1.7065965118515176e-06,0.1851686120735143,0.0755683423464931,0.0054059963181525,0.0314884193286366,-32.699,-0.2417892446054749,-0.0236826483780371,-0.0001692299779634,-0.0011380656460286,1.0,0.1270743712169985,0.0014882858032325,1.2427155410713486e-07,0.0004253613006455,2.2083327901423962e-08,-0.0507679180887371,-0.0011503777528023,2.811594389459696e-05,0.0144067427480642,2.0,0.680652150741808,0.0185872678608656,0.0630013229285007,-0.0630013229285007,-0.0630013229285007,0.0008457615029322,0.0146598088396524,-0.0630013229285007,0.4233436846138187,-0.0868311438641461,-0.0129664769133459,-0.1587601078167115,-0.2094731509625126,-0.2775462962962963,-0.2472262421611191,-0.2428432799611838,-0.2930917327293317,-0.2602512443707039,-0.2757020190299374,-0.2492181861919653,-0.2607768829938417,-0.2146451937594363,-0.2618259224219489,-0.2713051599346252,-0.3270806382061233,-0.3401691331923889,-0.3163198247535597,-0.2519175455417065,-0.2452237001209189,-0.2327925270403146,-0.2706239775648515,-0.2402629016553066,-0.1901920083030617,-0.1052178899082568,-0.1521325726704699,-0.152362846279196,-0.149591280653951,0.0009621552277101,0.0878354827466016,0.1214516708587856,0.1122594440484676,-0.0073155216284986,0.0,0.0146293888166448,0.0133116883116883,0.0256325994084785,-0.002237851662404,-0.1444627192982455,-0.1366528354080221,-0.0658485483388205,-0.0252966895690194,-0.0092063492063492,-0.0349412492269636,0.0924046202310115,0.1055614594403118,0.0310538486950777,-0.0411674347158217,-0.0405779280664002
XCC-L,31.0,-0.0252627324171382,1.7600031447851602e-06,0.1909633222039793,0.003063987459028,-0.0673511293634497,0.1097566079188811,-186.0,-0.1716938667997468,-0.3437777570526801,-6.736728644570195e-06,0.1538461538461538,1.0,0.0094221105527638,-0.0889197638068773,-4.227228292850367e-08,0.0169208201139426,6.304962205089549e-09,-0.0360501567398119,-0.0043923470762597,6.671304333597582e-07,0.1950120192307692,1.0,1.6760507071156558,0.1999999999999999,-0.2185338865836791,1.0218125751082692,0.2185338865836791,-0.0056909433698764,-0.0079504438591356,0.2185338865836791,1.6536866802719628,-0.0037174721189592,-0.0627177700348431,-0.0912162162162162,-0.1151315789473683,-0.1405750798722045,-0.1540880503144652,-0.136898395721925,-0.1848484848484848,-0.1387406616862325,-0.1228260869565216,-0.1873111782477341,-0.1994047619047618,-0.1228260869565216,-0.1523109243697478,-0.1765306122448979,-0.1897590361445783,-0.2080471050049067,-0.1978131212723658,-0.2534690101757632,-0.2703435804701627,-0.2270114942528734,-0.2443820224719101,-0.1946107784431137,-0.2429643527204502,-0.1405750798722045,-0.1798780487804877,-0.2372400756143666,-0.2716606498194945,-0.2656960873521383,-0.2232916265640039,-0.2951965065502182,-0.2871024734982332,-0.2596330275229358,-0.2232916265640039,-0.2696832579185521,-0.314358538657604,-0.3497179693795326,-0.3964098728496633,-0.3554313099041533,-0.3406862745098039,-0.3792307692307692,-0.346029173419773,-0.3900226757369615,-0.3433685923515052,-0.3569721115537848,-0.3685446009389671,-0.3763523956723338,-0.3025064822817631,-0.3224181360201511
XCD-L,30.0,-0.0264095817758071,6.231380594937441e-07,0.0676115348914287,0.0351683292150321,0.0036809078622114,0.0361934661371017,228.0,0.2197468574171779,-0.0116520431810264,-0.0001517567446254,0.0004914084735511,1.0,0.7719298245614035,0.093969144460028,1.2804107213140686e-07,0.0642692163614765,1.048673372257009e-06,0.0461397299777166,-3.953530205959156e-06,3.514157309521451e-05,-0.0283015836676988,2.0,3.871197474903988,-0.3202409007593612,-0.0675561401860377,0.0675561401860377,0.0675561401860377,0.0010598393826587,0.0679132580184391,0.0675561401860377,0.335802513634352,-0.0571428571428571,-0.0392156862745096,-0.0540540540540539,-0.0466926070038908,-0.0576923076923077,-0.061302681992337,-0.0992647058823529,-0.095940959409594,-0.0503875968992247,-0.0576923076923077,-0.0925925925925925,-0.1025641025641025,-0.0684410646387831,-0.0892193308550185,-0.0684410646387831,-0.0576923076923077,-0.0892193308550185,-0.0684410646387831,-0.0392156862745096,-0.0040650406504064,0.0,-0.0277777777777776,0.0381355932203391,-0.0120967741935482,0.0123966942148761,0.1666666666666667,0.1290322580645162,0.1611374407582939,0.1893203883495147,0.2827225130890054,0.0381355932203391,0.0986547085201794,0.0606060606060605,0.0381355932203391,0.0208333333333334,-0.085820895522388,-0.109090909090909,-0.0684410646387831,0.0337552742616034,-0.0080971659919028,-0.0576923076923077,-0.0316205533596836,-0.064885496183206,-0.0466926070038908,-0.1249999999999998,-0.1249999999999998,-0.0823970037453182,-0.0160642570281124,0.0
XCR-L,23.0,0.060849130927696,1.3734304504317924e-06,0.1490195301114522,0.1493517430961504,0.0064444367347292,0.0251643377850214,-202.37020000000007,0.1018831289154811,0.0347448509334026,-0.0003327647166323,0.001617948239527,1.0,0.3134418333189961,0.0225982491541721,1.268209273283425e-07,0.0527313463609149,6.722151674802201e-06,0.0213921605646485,-0.0019888350350173,2.252453442207783e-05,0.0632059750688568,2.0,9.36597893424361,0.0855936692098873,0.3250203530752764,0.6749796469247236,-0.3250203530752764,0.0014879015056758,0.0273786084415498,-0.3250203530752764,0.7127414320410662,-0.1129533678756476,-0.0072016460905349,-0.0252525252525253,-0.0844402277039847,-0.1652249134948097,-0.1130514705882352,-0.1353046594982079,-0.2154471544715447,-0.1965029142381348,-0.2455043002345581,-0.2966472303206997,-0.2951059167275383,-0.2678300455235204,-0.3107142857142857,-0.3017366136034732,-0.2940746159473298,-0.3218552354181306,-0.2893961708394698,-0.2571208622016936,-0.2365506329113924,-0.1917922948073701,-0.1673856773080241,-0.1579406631762653,-0.1475265017667844,-0.1122355105795767,-0.0955951265229615,0.0168598524762908,0.0244161358811041,0.1529271206690563,0.2483829236739974,0.1313012895662368,0.1447212336892052,0.1529271206690563,0.1041189931350115,0.2077596996245307,0.0432432432432432,0.0534934497816594,0.0147213459516299,0.0147213459516299,-0.0061791967044284,-0.1266968325791855,-0.1114180478821361,-0.0921919096895579,-0.0539215686274509,-0.0272177419354838,-0.0143003064351378,0.164053075995175,0.146080760095012,0.0534934497816594
XDF-L,30.0,-0.0150713105634041,4.77964355372187e-07,0.0518599421071476,0.132787895385458,0.0380592366674542,0.536800434758662,-47.7,0.7404264005457408,0.128994823366398,-0.0035706784289014,-0.0115542872435055,1.0,1.1504065040650406,0.3008783404971033,4.1403894022328514e-08,0.0107013639992521,1.0270044954108727e-08,0.1554655870445343,-0.0029670589028625,1.5278242883761718e-06,-0.0846223465525753,2.0,0.4094665594668378,0.247282841249465,0.0601019811084175,0.9398980188915824,-0.0601019811084175,0.0073709655454174,0.0304030332818424,-0.0601019811084175,0.8336994208999613,-0.0527182866556837,0.1367041198501872,0.0340715502555366,-0.1047197640117993,-0.1151603498542274,0.0236087689713322,-0.0618238021638329,-0.0632716049382716,-0.1099706744868035,-0.3806122448979592,-0.0940298507462686,-0.3240534521158129,-0.3164414414414415,-0.341648590021692,-0.2773809523809524,-0.3038990825688074,-0.7094303494494973,-0.7436655405405406,-0.8017635532331809,-0.8105493133583022,-0.8005913272010512,-0.7943766937669376,-0.7702498107494322,-0.786942786942787,-0.7890163364615919,-0.7931152010906612,-0.8049485861182519,-0.8017635532331809,-0.7740134028294863,-0.7471886713869221,-0.788722589627567,-0.7916952642415923,-0.7953472690492245,-0.8176081730769231,-0.7953472690492245,-0.8197208197208197,-0.8313888888888888,-0.8254242162784009,-0.8074849349825564,-0.7901832008295886,-0.7940278249066848,-0.7972611890447562,-0.7988067616837918,-0.7972611890447562,-0.777165932452276,-0.7797532656023222,-0.7681436210847975,-0.7534524776604387,-0.7320088300220751
XDI-L,19.0,-0.0593735434709561,1.7492894135515514e-06,0.1898008642188146,0.2097963945926091,0.0042238095380591,0.0356878858027635,804.0,-0.3000087285675819,0.0347610090045131,0.0005135111698841,-0.0281135820756417,1.0,0.1680073546311193,-0.0536726670804883,8.001385020880368e-08,-0.0155931999851985,1.9360329476607284e-06,-0.0629921259842519,-0.0043560380242149,2.477465172251508e-05,-0.0598261445099373,2.0,7.350871430604443,0.0546293513427506,-0.0155910795342411,0.0155910795342411,0.0155910795342411,0.0006501011268419,0.0097752527362352,0.0155910795342411,1.0078635360166122,-0.0180995475113122,-0.0829875518672199,-0.1088709677419355,-0.0905349794238683,-0.1299212598425196,-0.123015873015873,-0.2078853046594982,-0.1814814814814815,-0.1467181467181466,-0.169172932330827,-0.229965156794425,-0.2050359712230215,-0.1814814814814815,-0.2218309859154928,-0.1753731343283583,-0.1264822134387351,-0.1195219123505975,-0.13671875,-0.1467181467181466,-0.1660377358490565,-0.0791666666666666,-0.0942622950819672,-0.0133928571428572,-0.0177777777777777,0.1049999999999999,0.1818181818181816,0.2346368715083797,0.099502487562189,0.1693121693121693,0.3,-0.0791666666666666,-0.0391304347826086,0.013761467889908,0.0045454545454544,-0.1124497991967872,-0.2682119205298013,-0.2916666666666667,-0.3157894736842105,-0.3072100313479624,-0.3262195121951219,-0.3461538461538461,-0.3911845730027548,-0.3519061583577713,-0.35,-0.3594202898550724,-0.4153439153439153,-0.3961748633879781,-0.4390862944162437,-0.427461139896373
XDM-L,30.0,-0.1268949079282637,3.101416357753541e-06,0.336508927821647,0.1366689925283814,0.0317385098487011,0.2083518101432526,-27.50000000000001,0.4330608784854629,-0.0334231239304967,-4.7658990391947534e-05,0.0605247425221853,1.0,0.2052927024859663,0.0462023303553358,4.325783710814459e-07,0.0210008024272237,5.8292308044436185e-08,0.0909287724615717,0.0025836116311438,1.372482804431207e-05,-0.1579542407016917,2.0,0.328027926936094,-0.0141105615128224,-0.0429027485789925,0.0429027485789925,0.0429027485789925,0.0049985152924873,0.030174130768793,0.0429027485789925,0.4757584822181275,-0.1137339055793992,0.0495495495495497,-0.0717131474103586,-0.0189473684210526,-0.037190082644628,-0.0470347648261758,-0.0933852140077821,-0.0331950207468879,0.0219298245614034,-0.0230607966457023,-0.120754716981132,-0.0709728867623603,-0.0505297473512631,-0.073926868044515,-0.0513029315960911,-0.0520748576078111,-0.0585858585858585,0.039250669045495,-0.0021413276231263,0.0043103448275862,0.0552536231884059,0.0264317180616739,0.0807050092764378,0.0411081322609474,0.1310679611650484,0.1261478975350409,0.1310679611650484,0.1121718377088305,0.1702661978905073,0.2567421790722763,0.156901688182721,0.1918158567774937,0.165,0.1277831558567279,0.1404796867351934,0.0286975717439295,0.0286975717439295,0.0196936542669583,0.0663615560640731,0.0852352119236143,-0.0509164969450102,-0.0509164969450102,-0.0954968944099379,-0.0343970161624532,-0.0485912617394854,-0.0139652983495556,0.0448430493273541,0.1228915662650602,0.1201923076923077
XDS-L,30.0,0.1554485765774848,1.099583820758048e-06,0.1193067069657614,0.008267347250398,0.4300272424578751,0.1786816808274808,140.89999999999998,0.2381319283005185,0.0728269361719236,0.0016042693208047,0.0075441228123519,1.0,0.0602910602910602,0.1752067891288001,1.78003925645567e-07,0.112151171968617,1.3806576442190329e-08,0.05,0.0053307456742826,4.363156641600262e-07,0.1079161172316984,2.0,1.6783500539383982,0.16,0.012871961838419,-3.14887196183842,-0.012871961838419,0.0293485708976458,0.0415802810412347,-0.012871961838419,0.0513567292009926,-0.0296540362438221,-0.017799352750809,-0.0545171339563862,-0.076103500761035,-0.0789074355083458,-0.0885885885885885,-0.076103500761035,-0.0603715170278637,0.0099833610648918,0.0630472854640982,0.0376068376068376,0.0340715502555366,0.124074074074074,0.1303538175046554,0.1282527881040893,0.1282527881040893,0.1496212121212121,0.2489711934156377,0.2043650793650793,0.2489711934156377,0.3399558498896247,0.2213279678068411,0.297008547008547,0.3253275109170306,0.4661835748792271,0.421545667447307,0.3340659340659342,0.3340659340659342,0.3826879271070615,0.4626506024096384,0.395402298850575,0.4521531100478471,0.4877450980392157,0.4556354916067147,0.3733031674208145,0.4149184149184151,0.3518930957683741,0.3549107142857142,0.4116279069767443,0.4661835748792271,0.348888888888889,0.4733009708737865,0.4116279069767443,0.428235294117647,0.4521531100478471,0.395402298850575,0.4591346153846154,0.6405405405405404,0.5445292620865141
XDT-L,30.0,0.1019285963754184,0.0003589065764583,38.9419714415936,0.2356648596374461,0.0031465685199841,0.0624309555666573,-610.8471,0.2565858072694067,-0.0103038479729993,2.500731796311407e-05,0.0765200074756387,1.0,0.1320493154913806,0.0329066887761429,7.55381581459245e-06,-0.010424062442903,2.7458051019576976e-06,0.0538747174939095,-0.000392750458085,0.0045753618773857,0.1078764162664146,2.0,0.0307805735183276,0.1486219363299682,-0.1883523719217825,0.1883523719217825,0.1883523719217825,-0.0019302951963728,-0.0255889422222208,0.1883523719217825,2.257737207335994,0.0,-0.0338983050847457,-0.0578512396694215,-0.1023622047244094,-0.1023622047244094,-0.1023622047244094,-0.1093750000000001,-0.1023622047244094,-0.088,-0.1914893617021277,-0.1971830985915493,-0.1971830985915493,-0.1971830985915493,-0.1555555555555556,-0.1363636363636364,-0.1492537313432836,-0.1093750000000001,-0.0731707317073171,-0.0731707317073171,-0.05,-0.0338983050847457,-0.0578512396694215,-0.0338983050847457,0.0,0.0088495575221239,-0.0086956521739131,-0.0420168067226891,-0.1023622047244094,-0.0338983050847457,0.0555555555555553,0.0178571428571425,0.0178571428571425,0.096153846153846,0.0754716981132073,0.096153846153846,0.0654205607476634,0.0654205607476634,0.0458715596330272,-0.0172413793103448,-0.0086956521739131,-0.0338983050847457,-0.0256410256410256,-0.0806451612903226,-0.0578512396694215,-0.05,-0.0806451612903226,-0.0578512396694215,0.0,0.0
XDV-L,30.0,0.0167990146182781,1.1320053539225226e-06,0.1228244982278846,0.0068418431888553,0.0072197095197729,0.0877701536561164,125.00950000000002,-0.0704706076351722,0.0311118784099995,-0.0022523699288199,-0.0141830570291854,1.0,0.1449074462069064,0.069672000259526,1.2739199739386494e-07,0.0005870490063542,1.0873532188283896e-07,-0.0147965474722565,-0.000853169396185,1.87863696247148e-05,0.0138602455632046,2.0,0.7378674875975705,-0.2520774910850857,0.1287052784065718,-0.1287052784065718,-0.1287052784065718,0.0030860388141522,0.0581162570020508,-0.1287052784065718,-0.4021148169836401,-0.1052631578947367,-0.0309119010819165,-0.0779411764705882,-0.1030042918454936,-0.0279069767441861,0.0329489291598021,0.0048076923076922,-0.0015923566878981,0.0866551126516463,-0.0063391442155309,-0.0233644859813084,0.0363636363636363,0.0555555555555553,-0.0353846153846154,-0.0172413793103448,-0.0156985871271586,-0.0047619047619048,0.1525735294117645,0.2318271119842829,0.2294117647058824,0.1675977653631284,0.1379310344827586,0.2848360655737705,0.4547563805104408,0.4615384615384614,0.468384074941452,0.615979381443299,0.9655172413793104,1.184668989547038,1.2234042553191489,1.0693069306930694,1.1770833333333337,1.305147058823529,1.2077464788732395,1.2077464788732395,1.3483146067415728,1.4685039370078736,1.7621145374449338,1.8761467889908252,1.85,1.4396887159533072,1.322222222222222,1.714285714285714,1.7025862068965516,1.548780487804878,1.714285714285714,2.0886699507389164,1.4880952380952377,1.125423728813559
XEC-L,30.0,0.0519816866701728,7.553480376531583e-07,0.0819565414515842,0.1104780983820826,0.0065421416794768,0.0341091860092689,14.830900000000042,0.0761986522069403,-0.0129377965273261,2.9734424824215763e-06,0.0001174551121815,1.0,0.325827443656378,-0.0180913202602993,9.215045337789373e-08,0.0095646849621615,2.4080917499284175e-07,0.015999251497006,1.803589708121172e-05,1.5058814566772976e-05,0.0557608413470671,2.0,4.6746457397641255,0.1393275508977921,-0.1158973149019348,0.1158973149019348,0.1158973149019348,0.0013315863938879,0.0291143808557659,0.1158973149019348,0.4436767035621484,-0.0034324942791761,0.0367734282325029,-0.0961737331954498,-0.0761099365750529,-0.0672358591248665,0.04921968787515,0.0404761904761905,0.0710784313725489,-0.01131221719457,-0.1320754716981131,-0.1563706563706562,-0.139763779527559,-0.1320754716981131,-0.1877323420074349,-0.2353455818022747,-0.2346760070052539,-0.2244897959183672,-0.2090497737556561,-0.1959521619135233,-0.2040072859744991,-0.203281677301732,-0.2366812227074235,-0.261200338123415,-0.2258635961027457,-0.2040072859744991,-0.2111913357400722,-0.2097649186256781,-0.1153846153846154,-0.0374449339207048,-0.0363836824696802,-0.0068181818181818,-0.0427163198247536,-0.0135440180586906,-0.0385038503850384,0.0162790697674419,-0.0353200883002208,-0.0234636871508379,-0.0157657657657658,-0.0632368703108252,-0.1035897435897436,-0.1054247697031729,-0.0819327731092436,-0.1153846153846154,-0.7120263591433278,-0.7142857142857143,-0.7365088935785349,-0.7213898629263628,-0.7097309863832614,-0.7177002583979328
XEM-L,30.0,-0.0149029126213592,2.7533913043478265e-05,2.987476200617764,0.0388311240329177,0.0279655808236017,0.5284796078301167,89.5,-0.147748838071863,0.0070617086654108,0.0009224655849377,-0.0064617030004688,1.0,1.1777777777777778,0.0347712418300653,2.427826086956521e-06,0.0171667522558873,3.992919962860778e-07,-0.0310224754669198,-0.0016990291262135,0.0001115965217391,-0.0276397139047157,2.0,0.0404157059264724,0.0559386973180076,0.0128132920304139,-0.0128132920304139,-0.0128132920304139,0.002757086195221,0.0137947725072604,-0.0128132920304139,0.5117425830067964,0.0087719298245614,-0.0172413793103448,-0.0731707317073171,-0.0952380952380953,-0.1023622047244094,-0.1230769230769232,-0.1363636363636364,-0.1230769230769232,-0.1492537313432836,-0.2244897959183673,-0.2297297297297298,-0.2348993288590605,-0.2400000000000001,-0.2191780821917809,-0.2083333333333333,-0.1971830985915493,-0.1857142857142857,-0.1492537313432836,-0.142857142857143,-0.1093750000000001,-0.1023622047244094,-0.1093750000000001,-0.0952380952380953,-0.0806451612903226,-0.0731707317073171,-0.0806451612903226,-0.1363636363636364,-0.1739130434782608,-0.088,-0.0172413793103448,-0.1023622047244094,-0.1093750000000001,-0.0256410256410256,-0.0256410256410256,-0.0172413793103448,-0.0338983050847457,-0.0338983050847457,-0.0338983050847457,-0.05,-0.05,-0.0731707317073171,-0.0338983050847457,-0.1230769230769232,-0.1023622047244094,-0.0806451612903226,-0.1093750000000001,-0.1093750000000001,-0.05,-0.05
XET-L,30.0,-0.0195952725643275,7.081930166424125e-05,7.684014180338377,0.1201585499485351,0.0097601296890284,0.0388013473224161,117.47590000000002,-0.1791494052919284,0.0766782151511268,5.2357808714837766e-05,-1.2142431191003882,1.0,0.5623075039795217,0.0104114200360869,1.1011121408868456e-05,-0.0014647438118643,2.606804983859812e-07,-0.0376155785934436,8.91593909609144e-05,0.0011512447656143,-0.0213830628880391,2.0,0.052151375821144,-0.2335259986571523,-0.0110544690138774,0.0110544690138774,0.0110544690138774,0.0016869584488698,0.0322316713240607,0.0110544690138774,0.2967972557174562,-0.0518518518518518,0.0331632653061224,-0.0157958687727826,-0.032258064516129,0.1554921540656204,0.1807580174927112,0.1312849162011171,0.103542234332425,0.0438144329896907,-0.0784982935153583,-0.0929451287793953,-0.0753424657534246,-0.0646651270207853,-0.1262135922330096,-0.1290322580645162,-0.1614906832298137,-0.1419491525423728,-0.1176470588235294,-0.1280947255113024,-0.083710407239819,-0.1280947255113024,-0.1491596638655462,0.0945945945945945,0.1080711354309165,0.1522048364153625,0.0799999999999998,0.0857908847184987,0.125,0.2558139534883721,0.2404287901990811,0.1392405063291137,0.115702479338843,0.0588235294117647,0.1020408163265307,0.1234396671289874,0.1424541607898448,0.1505681818181816,0.0560625814863102,0.0175879396984923,0.0424710424710423,0.0843373493975903,0.0397946084724005,0.0438144329896907,0.0150375939849622,0.1538461538461539,0.1538461538461539,0.1234396671289874,0.0975609756097559,0.0505836575875486
XEZ-L,20.0,0.0289705485534844,9.134153968857684e-07,0.0991071176539657,0.0213644843146262,0.0115601657620355,0.273712123794202,-240.4743,-0.0563128031869769,0.0291337783939582,0.0002210819265422,-0.002264180412285,1.0,0.1895833422234722,-0.0473220946791955,8.001780689304476e-08,0.0136014979711746,1.7904943117593004e-05,-0.0118238666248717,-0.0005072290499494,8.440597015068454e-06,0.0382155987479158,2.0,7.291123433260666,0.0765777139604056,0.0530630718305323,-0.0530630718305323,-0.0530630718305323,0.0009586256407766,0.0095792147563753,-0.0530630718305323,0.4123478210533478,0.0038784370477567,0.0429244143926588,0.0211621445882841,0.0266848924283846,0.026745913818722,0.0911445174330469,0.0924555745272877,0.0335646763192534,0.0407880467526209,0.0654372764277786,0.045132796902414,0.0765252072038387,0.062227141363832,0.0095844778212845,0.0817157169693174,0.0855903977879721,0.0496415117268196,0.0976617105095947,0.1248941850621867,0.161578805809575,0.1053170388380575,0.1157398436995413,0.159551617666801,0.1371864920018433,0.2067761089765978,0.0915581953747,0.2005698797692683,0.2679829712272459,0.3740852688514158,0.3524622250058717,0.3325362542425178,0.3394587888656277,0.2288376724996441,0.2067761089765978,0.2847687044474192,0.2713423609066825,0.2835277509473215,0.3223361910594,0.3881076737645641,0.4479088089849969,0.4554722386047687,0.5075486517148093,0.4481515634168831,0.3360402165506573,0.1778944497477157,0.2759435704261763,0.2622387841589944,0.3407062475746993,0.3210216410491702
XFS-L,31.0,-0.0995151235280536,1.2899026089494342e-06,0.1399566178358349,0.0516908929101156,0.0962487326799594,0.4369527231641186,46.2,0.1414645118616934,15.374668403087334,0.0001154467790348,-0.4925373134328358,1.0,0.409090909090909,-0.1356631609699094,3.83117805607103e-08,-0.0889624589964564,1.8212544981595803e-09,0.0297029702970295,-0.0656314938813207,4.1042108023144994e-07,0.0367566079295154,2.0,0.515899734060391,3.4999999999999982,-65.6901408450702,66.61109747255297,65.6901408450702,0.0028291075777109,0.0033173763332493,65.6901408450702,0.1505490007644461,-0.0308823529411764,-0.0476190476190475,0.0179640718562874,-0.0502793296089385,-0.0462833099579242,-0.0449438202247191,-0.0215827338129497,-0.0313390313390312,0.0210210210210208,0.0725552050473186,0.0429447852760735,-0.0116279069767442,0.1074918566775244,0.0932475884244372,0.1111111111111111,0.1371237458193979,0.1295681063122924,0.1525423728813557,0.088,-0.0173410404624277,0.057542768273717,0.0365853658536585,0.096774193548387,0.0179640718562874,0.1333333333333333,0.1505922165820643,0.0828025477707006,-0.0087463556851312,0.0029498525073745,0.1038961038961039,-0.0835579514824798,-0.1029023746701847,-0.0620689655172413,-0.0285714285714285,-0.1237113402061855,-0.1787439613526569,-0.2325056433408577,-0.2307692307692307,-0.2037470725995315,-0.1687041564792175,-0.1885441527446302,-0.1435768261964736,-0.1914387633769322,-0.1446540880503145,-0.1625615763546797,-0.172749391727494,-0.1403286978508218,-0.078590785907859,-0.0529247910863509
XFZ-L,20.0,-0.0175058599755518,8.19697574844807e-07,0.0889385752285214,0.1426950615611665,0.0110092333088865,0.0520747565200234,204.5866,0.0280990319537171,-0.0016683097239226,-0.0008814638604669,0.0163643873331439,1.0,0.135865612609653,0.056710616309578,1.07300094187501e-07,-0.0009759364767669,6.506756169054785e-07,0.005899887544323,0.0005886115236871,1.1029573007695094e-05,-0.0226074813195495,2.0,6.049258372922531,0.3063262550532935,-0.0184776056158483,0.0184776056158483,0.0184776056158483,0.0020586862601557,0.0325430049493184,0.0184776056158483,0.4761588365824514,-0.1059314663419725,0.0743786208185386,0.0105466690103708,0.0411082940963418,-0.0057073676928398,-0.0041572839078467,-0.0209468664850135,-0.1025600999063378,-0.0773551596854437,-0.1524399233377561,-0.1569145035929021,-0.0889064976228208,-0.0451752200631124,-0.0880393401015228,-0.0935036266162093,-0.0935036266162093,-0.0826551779160682,-0.038146227204283,-0.0027753686036425,0.0255083838744203,0.0944222349133827,0.1319157314431975,0.1117772191065558,0.145903926649392,0.1834088102099631,0.1579053373615309,0.2778395198933097,0.2786921708185053,0.46845466155811,0.580263881253436,0.3998052106160215,0.4901503369621567,0.562652894808372,0.4695807770961147,0.4576572008113591,0.3498473820145573,0.4433843836304294,0.4492059490799092,0.3783265403979861,0.3463700234192037,0.2758544163337773,0.3274070653428769,0.3286341576149756,0.3206983689409604,0.3584593572778829,0.4368907773056736,0.5889994472084026,0.5938453008039923,0.5868065139387251
XGU-L,20.0,0.007845718273608,8.027886005725418e-07,0.0871039228805067,0.0192007950508737,0.0109230395145834,0.1542784039941244,256.8928000000001,0.1227244491522837,0.0093592599916317,-7.386323592863024e-05,-0.1131474341665699,1.0,0.2212920289692321,-0.0546722156415619,9.783133892085477e-08,-0.0015359477260837,6.786079832109124e-05,0.0257681634773073,0.0005035788252711,1.0932776655365587e-05,0.0134836617523251,2.0,19.263995406133706,0.0263421122863653,0.0722018109041327,-0.0722018109041327,-0.0722018109041327,0.0018944837496573,0.0284677316930734,-0.0722018109041327,0.5974724243842929,-0.0563055062166963,0.0465980914611476,-0.015963644838033,0.0174698795180723,0.0078166955068919,0.0971094511204937,0.0747693286668786,-0.0264568563029569,0.0475717918501521,0.0080572963294538,-0.0427883253046187,-0.0072297654734614,-0.019106800627214,-0.04941467807294,0.0014229811454997,0.0167960989705615,0.0361327525918655,0.0977512023917845,0.1327208101401649,0.1422195171434368,0.148042414355628,0.1807885906040269,0.2555753791257804,0.2723163841807909,0.342500596137032,0.3232528987778127,0.473693394991711,0.5046770601336303,0.564468321600593,0.5899463428410054,0.4949548592671269,0.4545297967619703,0.5099231181834436,0.5521043925748945,0.515477792732167,0.4020087988710883,0.4305073261624461,0.4779488974448722,0.6515107069521855,0.660440424695242,0.589048828676263,0.657344715925817,0.6739345887016848,0.4972076943533374,0.4232746271172158,0.5358734200236428,0.5210734870317002,0.5819050295026693,0.5485468048042543
XHP-L,18.0,0.0505745500432791,1.5149188209319583e-06,0.1643712579558006,0.0184058430358348,0.0060724581094983,0.0443732040486638,-3.4365999999999985,0.1670178373279897,-0.0030345684647956,-4.800389397488116e-05,-0.0003085706968031,1.0,0.1747740303498308,-0.017829851444322,1.0990432145259952e-07,-0.0034264806528223,1.0403345935968784e-08,0.0350683418473007,0.0003828011857815,2.390219231457105e-05,0.0552325054480615,2.0,0.4289490432553586,0.0606242501810345,-0.0396142984153068,0.0396142984153068,0.0396142984153068,0.0008501431494277,0.0141667908867242,0.0396142984153068,0.7419620960484956,-0.0295983086680762,0.0282608695652175,-0.0425101214574898,-0.0346938775510203,-0.1643109540636042,-0.1462093862815884,-0.1399999999999999,-0.2586206896551724,-0.2431999999999999,-0.2643856920684291,-0.2971768202080237,-0.2468152866242038,-0.2586206896551724,-0.2908545727136431,-0.3002958579881656,-0.282245827010622,-0.2632398753894081,-0.2597809076682315,-0.1942078364565587,-0.1256931608133086,-0.1208178438661709,-0.0833333333333332,-0.0833333333333332,-0.0366598778004072,0.0464601769911505,0.0172043010752689,0.1103286384976527,0.0418502202643171,0.0042462845010615,0.0085287846481876,-0.0307377049180326,-0.0444444444444444,0.0106837606837608,0.0193965517241381,0.0327510917030569,-0.0688976377952754,-0.0207039337474119,0.0106837606837608,0.048780487804878,-0.0725490196078429,-0.1142322097378276,-0.0990476190476189,-0.1175373134328358,-0.1462093862815884,-0.1996615905245345,-0.1256931608133086,-0.0577689243027886,-0.0327198364008178,-0.0521042084168336
XIL-L,30.0,-0.0965703696953128,2.154766492520728e-06,0.2337958140613451,0.006186953597848,-0.0727689599170226,-0.0813043839071588,-239.3,-0.4381302939771029,-2.525065797992477,4.595822907623959e-05,397.5137092602176,1.0,0.0355450236966824,-0.0980991118120693,-1.063381984031232e-07,0.0015533815307186,7.913433844743399e-11,-0.0919931856899487,-0.054365766477313,1.383903797270933e-06,-0.0909540930644572,1.0,0.7088426350023876,-0.2857142857142857,0.8646461876028524,0.1353538123971476,-0.8646461876028524,-0.0167205428237991,-0.0271858680503081,-0.8646461876028524,1.6536866802719628,-0.1296296296296295,-0.1524663677130044,-0.1782608695652173,-0.1800433839479394,-0.2631578947368421,-0.2744721689059501,-0.3114754098360656,-0.3089579524680073,-0.2960893854748604,-0.1524663677130044,-0.2222222222222223,-0.3089579524680073,-0.2688588007736944,-0.2744721689059501,-0.2947761194029852,-0.3189189189189189,-0.3414634146341464,-0.3368421052631579,-0.3614864864864865,-0.3571428571428572,-0.3345070422535211,-0.3593220338983052,-0.3076923076923077,-0.3403141361256545,-0.2894736842105264,-0.3102189781021899,-0.3625632377740303,-0.3614864864864865,-0.3189189189189189,-0.2894736842105264,-0.3345070422535211,-0.3527397260273972,-0.3460207612456748,-0.3164556962025316,-0.3571428571428572,-0.37,-0.3980891719745223,-0.4009508716323297,-0.3903225806451613,-0.380327868852459,-0.4290030211480363,-0.3961661341853035,-0.4383358098068352,-0.431578947368421,-0.4341317365269461,-0.4489795918367347,-0.4584527220630373,-0.3752066115702479,-0.3942307692307693
XIR-L,20.0,0.0128584959458555,5.763030840854525e-07,0.0625298607331699,0.047851641999555,0.0487081740899734,0.2272624879853304,26.999599999999987,0.1303454189019464,-0.0510105085509662,-2.347578458309289e-05,0.0008641416393864,1.0,0.3641978362688832,-0.0243543859898029,7.84937295887089e-08,0.0023914582270013,4.61322523249271e-07,0.0273683205423534,7.937159796793157e-05,1.6901974673312229e-06,0.0271364959249891,2.0,5.428117615123888,0.984248036126114,-0.0219043556473855,0.0219043556473855,0.0219043556473855,0.0072907297076805,0.0296630282751974,0.0219043556473855,0.310740120289586,-0.0135900339750848,-0.001977959875671,-0.0964441033512407,-0.1134538152610442,-0.0873385012919897,-0.0349726775956285,-0.0490037695207323,-0.1089808274470232,-0.1089808274470232,-0.1397954213346323,-0.1489156626506024,-0.1276858483576192,-0.0927305419984587,-0.1103274559193955,-0.1046894803548796,-0.1326129666011787,-0.1482999758861827,-0.1222664015904573,-0.1087559929346455,-0.0394343214577102,-0.0631299734748011,-0.0477217578862227,-0.034181022696199,-0.0226895406751521,0.0074158585282373,-0.0558674151296444,0.0131956397016639,0.0670694864048337,0.1306017925736236,0.127713920817369,0.1389874234118027,0.1804812834224598,0.0696547546941246,0.0709520921770772,0.0622556390977444,0.0208092485549131,0.0683605565638232,0.0992841581076875,0.10375,0.1345968519113396,0.1047857366280888,0.1587926509186352,0.1404585082337746,0.102028081123245,0.0202195262853841,0.0791322945310113,0.0907967881408275,0.1695364238410597,0.1241247612985358
XJA-L,30.0,0.0297687375617735,4.746584248358889e-07,0.0515012430445592,0.0238378436827256,0.0065701978384791,-0.1216184125732154,210.5,-0.1720066493418302,0.0713755763303709,-0.0011721622621137,0.0533226034067791,1.0,0.1234918381831085,0.0722322372101697,8.282925727613344e-08,-0.0166130386819684,5.1676098031397845e-06,-0.0361158309533278,0.0013058239749281,1.3521752419213252e-05,0.0283165950607621,2.0,10.217038831906414,-0.4925257274662881,0.7096380548904034,-0.7096380548904034,-0.7096380548904034,0.0016511363409621,0.0521030096965117,-0.7096380548904034,0.1626216801862129,-0.1058673469387755,0.0006381620931716,-0.1014326647564469,-0.1039999999999999,-0.1215686274509805,-0.0925925925925926,-0.1478260869565216,-0.1708090957165521,-0.1181102362204725,-0.1431693989071039,-0.1747368421052632,-0.1773347324239244,-0.1360881542699724,-0.1524324324324324,-0.1327433628318584,-0.1398793198025233,-0.156989247311828,-0.1245114461194863,-0.1080773606370875,-0.0862470862470863,-0.0514216575922565,-0.0485436893203884,0.006418485237484,-0.0362630608481868,-0.0063371356147021,0.1675353685778109,0.1240143369175628,0.1495601173020526,0.1807228915662651,0.2221356196414652,0.1614814814814815,0.1632047477744806,0.2259577795152463,0.1996939556235653,0.1825037707390648,0.02416721097322,0.0025575447570331,0.0261780104712041,0.1248206599713055,0.1461988304093566,0.0495314591700133,-0.0044444444444444,-0.026691495965239,-0.0272952853598015,-0.0638805970149254,-0.033292231812577,-0.0260869565217392,0.0509383378016086,0.0175210902011679
XJC-L,20.0,0.0392604263812432,2.6819707826108124e-06,0.2909983724852293,0.1492903771415209,0.0069278224462724,0.042752084212076,554.097,-0.1679024112813585,0.0247054208555948,-0.0003783481475416,0.1080832046077913,1.0,0.1870313016722545,0.0402134398566051,1.6981508138514894e-07,0.1169879762014515,8.984223894395517e-06,-0.0352540737564323,0.0053357164822716,5.4654570518751405e-05,0.0392191021836485,2.0,5.74685157238799,-0.0288171367562751,0.0308180588005874,0.9691819411994126,-0.0308180588005874,0.0005298885282036,0.0114865973746364,-0.0308180588005874,0.668065427499589,-0.1353383458646616,0.0234347674011892,-0.0977489978415047,-0.0827586206896551,-0.1355982274741506,-0.0830460670636163,-0.1117182756527017,-0.2708696735609269,-0.2462648119526017,-0.2906666666666666,-0.2837209302325582,-0.2324239244491079,-0.2081190798376184,-0.3011702889897301,-0.3339403596631003,-0.325961759963142,-0.3487647451591363,-0.3128229215594175,-0.2885971310478969,-0.3113673805601318,-0.2596153846153846,-0.2246952835188129,-0.2524271844660194,-0.2586774765644792,-0.1518840579710144,-0.0758054327226783,0.0979362101313321,0.0678832116788321,0.1765178930438278,0.2299285414039513,0.0420227920227922,0.0857142857142858,0.1284226764365601,0.1327913279132793,0.1129707112970712,-0.0672617150143448,-0.0844806007509386,-0.0428524697415766,0.001368925393566,-0.0509244242620823,-0.0743435621638721,-0.041598427775958,-0.0352786020441805,-0.1146747352496216,-0.1173453996983407,-0.032087330466424,0.0781134856300662,0.0717948717948717,-0.0591639871382636
XJW-L,18.0,-0.0280103515594126,1.0161710740119826e-06,0.1102562826639729,0.012983034924756,0.0057489370061685,0.1613802381107605,-32.418799999999976,0.0172566727325718,0.002403305325302,-7.178833951910863e-05,-0.0006182825412056,1.0,0.1929405452818769,-0.0476058105894173,9.196819848596837e-08,-0.0025271143825791,3.3181610444108754e-05,0.0036233429208187,-0.0005860648379591,2.1148551917636263e-05,-0.0270235966186188,2.0,5.865873508355219,0.3462888126756121,0.1667138518178636,-0.1667138518178636,-0.1667138518178636,0.0008896855737981,0.0194451014977707,-0.1667138518178636,0.8717468182969436,-0.0029917726252803,0.0627980922098567,0.0121120363361089,0.0229533282325935,-0.003725782414307,0.0602696272799365,0.0308404009252118,-0.0917119565217392,-0.0297532656023221,-0.0212298682284041,-0.0497512437810946,-0.0103626943005181,0.0014981273408238,-0.0422636103151863,-0.0415770609318996,-0.0311594202898551,-0.0226608187134503,0.0502749410840532,0.0834683954619124,0.0861088545897643,0.0527559055118109,0.133050847457627,0.0644904458598725,0.1113881961762262,0.2806513409961686,0.270912547528517,0.417815482502651,0.3769309989701337,0.3410230692076226,0.4972004479283314,0.3250743310208126,0.2843419788664745,0.3043902439024388,0.327706057596822,0.3056640625,0.0738955823293172,0.05608214849921,0.0782258064516128,0.1104651162790697,0.1311336717428086,0.0644904458598725,0.1349745331069609,0.0730337078651683,0.0324324324324323,-0.0022388059701493,-0.0022388059701493,-0.0429491768074445,0.0090566037735848,-0.0226608187134503
XJX-L,32.0,-0.4591007580898978,1.36501523731411e-06,0.1481064652349668,0.2851466438896137,-1.88183849817888,0.5159239441756279,-396.6977,0.2329845942416901,-1.6070758484412777,-0.0044398688557253,0.0787246514256918,1.0,1.2863037935161576,-0.5314138224586189,-1.51124369541113e-06,-0.5249311858246998,1.3088587004542524e-09,0.0489192263936291,0.0089075010430117,6.816944212497854e-07,-0.2172091576418075,1.0,0.1378282045112125,-0.7013310429593131,0.0458526437193082,-0.0458526437193082,-0.0458526437193082,-0.3601490995886617,-0.5428393147628697,-0.0458526437193082,1.6536866802719628,-0.2707838479809976,-0.0965665236051502,-0.2317518248175183,-0.3165584415584416,-0.4567741935483871,-0.594412331406551,-0.631993006993007,-0.6450252951096122,-0.6474036850921273,-0.6846441947565542,-0.6886094674556213,-0.6474036850921273,-0.6370689655172413,-0.6474036850921273,-0.6407849829351536,-0.6488740617180984,-0.594412331406551,-0.6039510818438383,-0.6024551463644948,-0.5673175745118191,-0.5781563126252505,-0.5242937853107345,-0.4847001223990208,-0.5393873085339169,-0.4581724581724581,-0.4697732997481109,-0.4467805519053877,-0.4201101928374655,-0.405367231638418,-0.3985714285714286,-0.4789603960396039,-0.5549682875264271,-0.5819265143992056,-0.5852216748768473,-0.5682051282051281,-0.6629303442754204,-0.6465155331654072,-0.6546349466776046,-0.6966858789625361,-0.6973400431344356,-0.6897568165070007,-0.6966858789625361,-0.7045614035087719,-0.7230263157894736,-0.7020523708421798,-0.6361279170267935,-0.6339130434782609,-0.6432203389830509,-0.6224215246636772
XKZ-L,29.0,0.0365440593852531,1.815856532716056e-07,0.0197023509395822,0.1049026414608695,0.0929865836567381,1.8875919390609912,-6.3393,-0.1351869113797863,-0.0114738527589531,0.0014295596595258,0.0084922026240051,1.0,0.1289864249061287,0.0065248891919536,3.673276665078933e-08,-0.0355703801669042,1.0008746279894896e-08,-0.0283848773124582,-0.0504082847991732,6.705733897446422e-07,0.0408105625653626,5.0,0.3291014991701532,-0.1438915123944387,-0.0562950768968191,0.1467561323855835,0.1641272231563675,0.0086266457483526,0.0413754112089627,-0.0056781846649778,1.4786579525786032,0.0123456790123455,0.0124999999999999,-0.0240963855421685,-0.0121951219512194,-0.0121951219512194,0.0657894736842106,0.0124999999999999,0.0253164556962024,0.0519480519480519,-0.0240963855421685,0.0384615384615385,-0.0898876404494382,-0.0121951219512194,-0.0581395348837208,0.0519480519480519,0.0253164556962024,0.0124999999999999,0.0519480519480519,0.0945945945945947,0.265625,0.3728813559322035,0.4210526315789475,0.3500000000000001,0.4727272727272726,1.1315789473684212,1.1315789473684212,1.612903225806452,1.7000000000000002,1.7000000000000002,2.0,1.7931034482758623,1.7000000000000002,1.8928571428571428,2.0,2.681818181818182,2.24,2.0,1.7000000000000002,1.8928571428571428,2.24,1.8928571428571428,2.1153846153846154,2.1153846153846154,2.1153846153846154,2.24,2.681818181818182,2.3750000000000004,2.8571428571428577,2.1153846153846154
XLM-L,19.0,0.0853713585402196,7.037805904417965e-07,0.0763613860870964,0.071938788432686,0.0085125184480768,0.0434931551292181,4.495500000000007,0.1745964823796166,0.0021163001435286,7.839947515689306e-05,0.0573567679461275,1.0,0.1522299648701346,0.0419334347921631,8.258602577163856e-08,-0.0319212201357166,3.0332702721746585e-08,0.0366596120952077,0.0003421006268192,1.1298465146222328e-05,0.0881972439091418,2.0,1.6098179870500813,0.0515743991914247,-0.0638107052282623,0.0638107052282623,0.0638107052282623,0.0016230521603709,0.0278129180287875,0.0638107052282623,0.6116370937534553,-0.0492537313432835,0.035548686244204,-0.0707350901525658,-0.024745269286754,-0.0758620689655171,-0.0821917808219178,-0.0859481582537516,-0.1276041666666666,-0.098250336473755,-0.1518987341772152,-0.1809290953545231,-0.0442225392296719,-0.0536723163841807,-0.0523338048090523,-0.0428571428571428,-0.0821917808219178,-0.0884353741496598,-0.0642458100558659,-0.056338028169014,-0.0175953079178885,0.0014947683109118,0.0634920634920634,0.043613707165109,0.0634920634920634,0.1185308848080133,0.0668789808917198,0.213768115942029,0.1985688729874777,0.2761904761904763,0.3729508196721312,0.2713472485768502,0.2786259541984732,0.3267326732673268,0.4046121593291405,0.3871635610766046,0.3900414937759335,0.359026369168357,0.4135021097046414,0.3673469387755101,0.3929313929313931,0.3535353535353536,0.3929313929313931,0.3900414937759335,0.3373253493013972,0.2859884836852207,0.30859375,0.4377682403433476,0.2713472485768502,0.1900532859680284
XMC-L,17.0,-0.12735202710235,1.975134935010884e-06,0.214305485821652,0.0059370355777634,0.0110398030333154,0.2763717143602042,43.0285,0.0753333123451008,0.0576648855063417,0.0001033428412745,0.0030887311946543,1.0,0.0727985856450045,-0.0716764925437422,2.77098999483296e-07,0.0965325636861295,1.3135139848756242e-06,0.0158175581247617,0.0003880565511831,2.796666741604128e-05,-0.1261269930207195,2.0,0.6434856529173323,0.0773035076492214,-0.0076027869170153,0.0076027869170153,0.0076027869170153,0.0015399626464877,0.0237409403228553,0.0076027869170153,0.5912045843321976,-0.0333333333333333,0.0476190476190476,-0.0294117647058823,0.0248447204968942,0.0443037974683542,0.11864406779661,-0.0030211480362538,-0.1560102301790282,-0.0571428571428571,-0.0883977900552487,-0.1450777202072539,-0.0571428571428571,-0.0030211480362538,-0.0322580645161291,-0.046242774566474,-0.0149253731343284,-0.0571428571428571,-0.0677966101694915,0.0153846153846153,-0.0489913544668588,0.0091743119266054,0.0443037974683542,0.1148648648648649,0.1073825503355703,0.3524590163934427,0.3095238095238095,0.6666666666666665,0.5492957746478873,0.5865384615384615,0.813186813186813,0.2790697674418603,0.1148648648648649,0.1743772241992882,0.2043795620437953,0.1956521739130434,-0.0598290598290598,-0.0149253731343284,0.0855263157894736,0.1148648648648649,0.1036789297658862,-0.0434782608695653,0.0060975609756097,-0.0544412607449857,-0.0489913544668588,-0.0807799442896936,-0.0265486725663717,-0.0236686390532544,0.0312499999999997,0.0509554140127388
XNW-L,18.0,0.0583068409192934,1.0572673985832876e-06,0.1147153034866132,0.0822618065599846,0.1128341837319477,0.7205566540051425,-92.2703,2.0118324125747886,-0.0382104403273151,0.0026575687706208,0.0269903480195727,1.0,0.2532148834030225,0.0891671659948054,6.139279725849954e-08,0.0679112407251714,1.621029090843481e-07,0.4224197122436878,0.035431058987887,1.1942269144575576e-06,-0.0365601467744168,2.0,1.2139978322718066,0.6314142966480364,-0.2364571105598087,0.191706551604751,0.2364571105598087,0.0041546846994835,0.0098387735389486,0.2364571105598087,-0.0477784746308721,-0.0501599057397743,0.0391813888403007,-0.0159019380486996,0.0018549747048903,0.0178173719376391,0.0389996502273521,-0.0106577851790174,-0.0872637886003995,-0.1016180251020716,-0.1328273244781784,-0.2071266515414388,-0.1320672023374727,-0.0819038788440735,-0.152979754776162,-0.1144730958414071,-0.074466427792491,-0.0372711067898234,0.0200892857142855,0.0633613746196528,0.1288238647159414,0.1266831025981414,0.1717948717948716,0.2053154798133494,0.2533755274261602,0.3858175880569163,0.2776344086021505,0.3103220114689013,0.2881613183000866,0.2353919733832397,0.2960296684118673,0.3281913704448915,0.231040198922503,0.2204190632703369,0.4074863776356312,0.3723723723723724,0.2678190354246692,0.3264121455682072,0.2948997384481253,0.3651194852941175,0.4395444632905256,0.4199330783938813,0.3822708236389018,0.3591855410661175,0.2573544973544972,0.247585048299034,0.2361631294215562,0.2510002105706463,0.3255243195002231,0.3398737032025258
XNZ-L,19.0,0.0671379569922096,1.4083362935742944e-06,0.1528068732139765,0.0038404616778662,0.1738830496086332,0.0171179668979896,-68.01689999999999,-0.1396452665959828,-0.0776280229440165,-0.0007177064031087,1.6452767617724686,1.0,0.0072212468088441,0.0784413493644855,1.235011080096249e-07,-0.0001034084672834,1.5518315975303043e-09,-0.0293209876543209,0.0328844286251466,7.294242784950891e-07,0.0458865611545186,2.0,0.7191037086854893,0.1805846385794455,0.4089285494531916,0.5910714505468084,-0.4089285494531916,0.0115943123563398,0.0190512122433389,-0.4089285494531916,0.0681628092630837,-0.0342586085734364,0.0274368231046933,0.0798709922215898,0.0482504604051565,0.0902126029496266,0.1065318818040437,0.1352213801356203,0.1384,0.088544654809715,0.0707298720842739,0.09778206364513,0.1702302631578947,0.1748194014447883,0.1811579165802035,0.151061678463094,0.1119359249853488,0.1286932381518937,0.1885571100438505,0.2152006831767718,0.3869395711500976,0.3923679060665361,0.3906669924260935,0.3745472108186429,0.3699157641395909,0.3899877899877899,0.215719777872704,0.2468784227820373,0.2912885662431943,0.2725240330874134,0.359445903988536,0.4685242518059858,0.4811345303148582,0.4432048681541582,0.6436615651169506,0.756248071582845,0.7470841006752611,0.8314028314028317,0.9197301854974708,0.9709141274238228,0.8558852298663189,0.9770753733935396,0.88476821192053,1.0357653791130188,0.9729636048526862,1.0091775503000355,1.0021104467112203,0.9347382732834806,0.8754530477759472,0.8385012919896642
XOC-L,19.0,-0.0112087291545622,9.661307952602366e-07,0.1048268276639859,0.018444213911505,0.0180808496511071,0.3392951165349462,22.794500000000014,0.9374587442649526,0.0205894245849762,0.0002018456193132,0.0150657507058883,1.0,0.1057013998048462,-0.0606279141224827,1.6051929790041797e-07,-0.0145316942459093,1.2270560524774525e-06,0.1968360040913741,0.0034046316156564,1.0729166498121791e-05,-0.0053815896451227,2.0,1.4240931828841068,-0.0656433748590643,-0.0892035821420378,0.0892035821420378,0.0892035821420378,0.0021903676494482,0.0266153229633931,0.0892035821420378,0.4673661237470303,-0.0271739130434782,0.0760233918128656,0.0222222222222221,0.0454545454545454,0.0574712643678161,0.1017964071856287,0.0952380952380953,-0.0612244897959183,0.0823529411764707,0.0514285714285713,0.0222222222222221,0.0574712643678161,0.0823529411764707,0.0697674418604652,0.0514285714285713,0.03954802259887,0.0574712643678161,0.0823529411764707,0.0454545454545454,0.0222222222222221,0.0454545454545454,0.0514285714285713,0.108433734939759,0.0454545454545454,0.2185430463576159,0.1719745222929936,0.472,0.472,0.472,0.6283185840707968,0.3333333333333335,0.1572327044025157,0.1428571428571428,0.2105263157894736,0.2517006802721089,0.0635838150289018,0.0760233918128656,0.1572327044025157,0.2602739726027399,0.2348993288590604,0.108433734939759,0.1358024691358024,0.03954802259887,-0.0054054054054054,-0.065989847715736,-0.0416666666666666,-0.010752688172043,0.0514285714285713,0.0279329608938547
XOK-L,30.0,0.1006066522956168,1.034669696199534e-06,0.1122634145032528,0.0235965835782425,0.2734964274860971,0.2033343617970199,22.7868,0.4409850524083668,0.1102012437025933,0.0010857959580543,-0.0379336292150883,1.0,0.4731284475965328,0.1158129087619918,1.5412204235848544e-07,0.001884745266164,1.9386168775437e-09,0.0925925925925925,1.1181593920553632e-05,5.842666401195294e-07,0.074670931892219,2.0,0.6957213973750849,0.1458015267175573,-0.1384393495312763,1.1384393495312763,0.1384393495312763,0.0274081310933324,0.0435178921203529,0.1384393495312763,0.1914887119260936,0.0313028764805414,0.0323144104803494,0.0180878552971577,-0.023947151114781,0.0033955857385399,0.0883977900552486,0.0824175824175823,0.1015843429636533,0.1225071225071225,0.0725952813067152,0.049733570159858,-0.0058873002523128,0.0251517779705117,-0.0490748189863233,-0.0722135007849293,-0.1397379912663755,-0.117910447761194,-0.0722135007849293,-0.1106094808126409,-0.028759244042728,0.017211703958692,-0.046774193548387,-0.0743931088488645,-0.0743931088488645,0.0016949152542371,-0.0604133545310016,-0.1244444444444444,-0.0956388676358072,-0.073667711598746,-0.011705685618729,0.080438756855576,0.1119473189087487,0.0677506775067751,0.1257142857142856,0.2135523613963039,0.2286902286902288,0.2792207792207792,0.2750809061488675,0.4038004750593824,0.4362089914945322,0.4223826714801444,0.4830614805520703,0.4121863799283156,0.2989010989010989,0.2709677419354839,0.2494714587737843,0.3856975381008207,0.4172661870503598,0.4105011933174223
XOR-L,24.0,-0.0178682910791531,1.0398747791206625e-05,1.1282817481627332,0.1247282465602973,0.0088812969050527,0.0373431777085573,-30.0,-0.2087972168619818,0.0417279011851105,-0.0001009716675963,0.749612024845085,1.0,0.2819460726846424,0.0208358892569418,8.960523384631127e-07,0.0383771705037003,3.734050892376004e-06,-0.0438406597452323,-0.0005048583379817,0.000155673784685,-0.0204032682976698,2.0,1.3498308325733206,0.0740122971295155,0.088551630319262,-0.088551630319262,-0.088551630319262,0.0008055957549445,0.0140928270042194,-0.088551630319262,0.5996632313399027,0.0049008168028004,0.0179356218078157,0.0232835820895522,0.0107323976884066,0.0290585975024015,0.0295530994714081,0.0456320156173744,0.0665836963285626,0.1026762738033968,0.076362722933936,0.1167578837633569,0.0584166975422997,0.0581553278182491,0.0399223395219028,0.0414388139506622,0.0176938605866288,0.0377815451683216,0.0149218379914732,0.0120453471894188,0.0140811738255828,-0.0209071175596937,-0.0339307857062336,-0.0078721926371844,-0.0353444394416929,-0.0099353049907578,-0.0413870246085011,0.0066956419593564,0.0430866601752677,0.0082352941176471,0.013002364066194,0.1004108885464818,0.1202614379084967,0.0830279287248831,0.0630116596378069,0.0967494241105708,0.1260018394429116,0.1492557328684458,0.1778449697636064,0.1570136357499663,0.1699658703071673,0.1924307777932377,0.1935933147632313,0.1612466124661247,0.1587344510546242,0.1310545070608422,0.1728479540166965,0.1491016358272996,0.1873095040177332,0.2002801120448178
XOY-L,18.0,-0.0030994425597461,1.202186522670398e-06,0.1304392739059635,0.0122932475045288,0.0712297694613231,0.0706559614671274,-193.3037,-0.1371062617487841,-0.0422793050089033,-0.0008569862486278,-0.0029255079192962,1.0,0.4179446343252868,0.0082312582575495,9.735882563298677e-08,-0.0155380890421776,2.0027071051661867e-08,-0.0287878787878789,-4.210110716413664e-05,1.3784956089033996e-06,-0.0136177846551078,2.0,2.175966501042744,-0.1401032347375318,0.2307283666220484,-0.1829903705076992,-0.2307283666220484,0.0044792058026172,0.0107119076671721,-0.2307283666220484,0.2152868681326273,-0.053076923076923,-0.0125332320546903,-0.0377498149518874,-0.0579710144927536,-0.0883590462833099,-0.0802971347718429,-0.0962808481056656,-0.1289782244556114,-0.0972222222222222,-0.1353508480212837,-0.1706539074960128,-0.1982732038236201,-0.1480996068152031,-0.1263440860215053,-0.1031390134529147,-0.1525423728813559,-0.1583036581417934,-0.1698595146871009,-0.2053789731051344,-0.1455800197173841,-0.1661321359846055,-0.1436100131752306,-0.1364995018266356,-0.1882610053075242,-0.1129307403616513,-0.2199219921992199,-0.264081517124257,-0.2700729927007298,-0.2841409691629956,-0.2323590197815175,-0.1790337859172719,-0.1932981694073843,-0.2182802164762477,-0.1508817766165905,-0.1324657991324658,-0.1367861885790172,-0.1458607095926413,-0.1547464239271782,-0.1117184830884865,-0.0789939780375487,-0.1135356290487554,-0.0864371047083626,-0.1071428571428572,-0.1877538269290846,-0.2182802164762477,-0.2092457420924575,-0.1798107255520504,-0.058653149891383,-0.0924956369982548
YBR-L,17.0,0.0318503220546053,1.0014898421906344e-06,0.1086633441451081,0.0804890493186946,0.0418788528167242,0.7771517904285586,219.3269,0.1991501225792095,0.0083291550713605,-0.0014224579727538,-2.344628177553415,1.0,0.2054478445754884,0.0190591321533836,9.349316259227236e-08,0.00513760551849,9.82080555610044e-07,0.0418150820850628,0.056871896991535,4.67666148000889e-06,0.0348937987165392,3.0,1.1345889898590966,-0.0026847642223353,-0.0138235331552187,-0.184115095128043,0.0247507953046139,0.0161888799239727,0.0596722706034832,0.0746367174353395,0.2519902803157556,-0.1231155778894471,-0.0455635491606714,-0.140388768898488,-0.0871559633027523,-0.1422413793103447,0.0771312584573749,0.0127226463104326,-0.0635294117647058,-0.0304506699147382,0.0153061224489796,-0.0700934579439253,-0.0995475113122171,-0.0892448512585812,-0.3951367781155015,-0.4310221586847749,-0.3919022154316272,-0.3937547600913937,-0.3815073815073815,-0.4172767203513909,-0.3528455284552846,-0.3005272407732865,-0.3066202090592335,-0.2411820781696854,-0.3017543859649123,-0.2249269717624147,-0.2103174603174603,-0.0871559633027523,-0.0797687861271676,-0.0546318289786222,0.0501319261213719,-0.0160692212608157,-0.0797687861271676,-0.1015801354401805,0.0771312584573749,-0.0432692307692308,-0.1621052631578947,-0.1699687174139729,-0.0797687861271676,-0.038647342995169,-0.0797687861271676,-0.1431646932185144,-0.0351515151515151,-0.0818915801614763,-0.0591016548463357,-0.0351515151515151,0.0088719898605831,0.0934065934065933,0.3200663349917081,0.3113673805601318
YCB-L^H19,20.0,0.058768978818701,5.402205630248403e-07,0.0586148460835395,0.2580506895266493,0.1826098561943211,1.440058260680461,-2.1325000000000003,0.081016937939423,-0.0051002248719196,0.0041101223078246,-0.0118826383799147,1.0,1.6851074986890402,-0.0092483537662614,-6.962113031080007e-09,-0.1690027457914618,6.255820943271813e-11,0.017010935601458,0.0024614504306305,2.429806639096529e-07,0.249483994445904,2.0,0.038525618556602,0.3213492970778089,-0.1186803661117202,1.1186803661117202,0.1186803661117202,-0.0087460981212085,-0.0117578748729859,0.1186803661117202,1.6536866802719628,-0.0647482014388488,-0.0608108108108108,0.0145985401459851,-0.0413793103448276,-0.0071428571428571,0.0373134328358206,0.1119999999999998,-0.0347222222222222,-0.2362637362637363,-0.2445652173913044,-0.2320441988950277,-0.2445652173913044,-0.1524390243902439,-0.1626506024096385,-0.1257861635220126,-0.1823529411764706,-0.1257861635220126,-0.1366459627329194,-0.0915032679738563,-0.027972027972028,-0.027972027972028,-0.0733333333333333,-0.108974358974359,-0.0733333333333333,-0.0347222222222222,-0.147239263803681,-0.1575757575757576,-0.1312500000000001,-0.2445652173913044,-0.2146892655367231,-0.2526881720430108,-0.1726190476190476,-0.1626506024096385,-0.0915032679738563,-0.0915032679738563,-0.1823529411764706,-0.147239263803681,-0.1032258064516129,-0.0141843971631205,-0.0413793103448276,-0.0733333333333333,0.0072463768115942,-0.0671140939597315,0.0,-0.0141843971631205,0.139344262295082,0.188034188034188,0.1779661016949152,0.1680672268907563
YCF-L,18.0,0.0078636768361059,1.1051225736865372e-06,0.1199076710397321,0.032714863559738,0.0128058155844311,0.4772076924358382,-227.0986,-0.0597491455784131,-0.0053205287524305,0.0004955911027499,-0.0016086995938228,1.0,0.1851122670904659,-0.0605305468488527,7.311345422248353e-08,-0.0064385539601372,3.12364954479605e-06,-0.0125453873415518,-0.0007771582371197,8.031232980208471e-06,0.0304207246148909,2.0,1.8268903935600644,-0.0076943079859802,0.0200510978503865,-0.0200510978503865,-0.0200510978503865,8.914523920949846e-07,7.320453319411344e-06,-0.0200510978503865,1.4162935137020995,-0.0704845814977974,-0.0130434782608694,-0.0462184873949579,-0.0087336244541484,-0.0462184873949579,0.0,-0.0215517241379309,-0.1098039215686274,-0.0502092050209205,-0.0580912863070539,-0.095617529880478,-0.0462184873949579,-0.0772357723577236,-0.0772357723577236,-0.0541666666666665,-0.1684981684981684,-0.1978798586572437,-0.1715328467153285,-0.1834532374100719,-0.1623616236162361,-0.1592592592592593,-0.1062992125984252,-0.0619834710743801,-0.0734693877551021,-0.0421940928270042,-0.0734693877551021,0.0460829493087557,0.1182266009852217,0.2270270270270269,0.3511904761904763,0.3121387283236994,0.3045977011494254,0.5133333333333334,0.6099290780141846,0.474025974025974,0.3197674418604652,0.233695652173913,0.1581632653061224,0.3045977011494254,0.2010582010582011,0.1073170731707318,0.0225225225225225,-0.0215517241379309,-0.0772357723577236,-0.0809716599190284,-0.0130434782608694,0.0179372197309417,0.0318181818181817,-0.0257510729613734
YCX-L,30.0,0.0738477354549453,3.2583434794889426e-07,0.0353535786324311,0.0260218142224224,0.328913865416845,0.643952714879904,-6.900100000000002,0.1055014872217483,-0.0645466169230019,-0.0006379221622876,0.0092585747387503,1.0,0.2356620569348531,0.0509073025209169,3.4966419639049435e-08,0.0167079736666609,8.794241638096376e-09,0.0221518987341771,0.0137507666093106,1.242984315943787e-07,0.1415144046249255,4.0,1.6583197066824915,0.0750538229427041,-0.0214146349017382,-0.0317617866675395,0.0650512166995202,0.0214279224205525,0.0302178446593498,0.1599625950967157,0.2279482029110637,-0.0079681274900397,0.0635593220338983,0.0404145077720206,0.102085620197585,0.1909845788849347,0.2379778051787915,0.2169696969696968,0.224390243902439,0.2888318356867778,0.1895734597156397,0.1069459757442115,0.0877573131094255,0.123042505592841,-0.0355427473583094,-0.0176125244618396,0.0224032586558042,0.0297435897435895,0.0339855818743561,-0.7254580257041291,-0.7128967686588504,-0.6881018949984468,-0.6945543048372376,-0.6686468646864687,-0.6707117087569695,-0.6491963661774983,-0.6688654353562006,-0.6857589984350547,-0.6746597537265069,-0.6447275300778486,-0.6498081618416464,-0.6549828178694159,-0.6522341531001039,-0.6498081618416464,-0.5317164179104479,-0.5533807829181495,-0.5938511326860841,-0.5493716337522443,-0.5277516462841016,-0.5126213592233011,-0.4969939879759519,-0.4219919401266552,-0.4422222222222223,-0.496236828901154,-0.5100048804294778,-0.4443829551743221,-0.425629290617849,-0.4406685236768802,-0.3601019757807521,-0.387431360585723
YED-L,20.0,0.0274859630403701,1.06063732737922e-06,0.1150809464687686,0.1218102538585667,0.0475153608634412,1.3567128351194333,82.04350000000002,-0.4983555319567858,-0.0006870846256634,-0.0030551115061627,-0.0671477218254458,1.0,0.1532796811494679,0.1436350040385559,1.0979898098016597e-07,-0.0414851898231002,0.0001345985208742,-0.1046385370314286,-0.0113204902226601,1.127784969215699e-05,-0.0090217770074582,5.0,2.907487609422528,-0.0530998828109953,-0.0637581990287012,0.087478530303828,0.0160796930380183,0.0019805482974457,0.0269709802270229,0.0110777581236535,1.6222876647189066,-0.1058553865388624,0.0830512299706611,-0.0665240225637034,-0.0523301737756713,-0.0417332268370606,-0.0426890085776979,-0.1179930159897076,-0.1069966505396352,-0.0508306962025316,-0.0762271414821944,-0.1348476654047232,0.0643158128188068,0.0872224739465337,-0.0267694179679578,-0.0041502386387216,-0.0369255468593215,0.0507992117363695,0.1186480186480187,0.0986721611721612,0.1009405827024547,0.1727761485826002,0.2295669997437868,0.3220385674931132,0.3818024762453211,0.4480989740494869,0.3798159861989649,0.5298055467006695,0.5346977934122163,0.6345367847411445,0.7231597845601436,0.8415195702225635,0.8274942878903275,0.9413430420711976,0.9863410596026492,1.1234513274336284,0.5485640529202971,0.6147375504710635,0.4857585139318887,0.6727082607180201,0.6240270727580373,0.4720858895705522,0.5263994910941476,0.4912989434431325,0.5713817943680419,0.5616661243084933,0.6553984132459469,0.7793845012977383,0.8075329566854992,0.6832690284110838
YEU-L,18.0,0.0004292956180678,1.5659218198323977e-06,0.1699051697225223,0.1187841937336923,0.0062673143241305,0.0309300117509669,-335.08360000000005,-0.1802078559403808,-0.0695549669449368,-0.0001351854682517,-0.0057542262778364,1.0,0.075789468553006,-0.0272341102881807,1.173919636570033e-07,0.0039722516798098,3.201323193850832e-06,-0.0378378189826275,0.003539377148951,2.125490174122747e-05,0.0025124826548576,2.0,8.713362428633685,-0.0820734653114198,0.166169043696623,-0.166169043696623,-0.166169043696623,0.0013136780569063,0.019952194307322,-0.166169043696623,0.5659283293698558,-0.0585106382978722,0.0867052023121386,0.0,-0.0358974358974358,-0.1607142857142858,-0.1376146788990826,-0.175438596491228,-0.3261648745519714,-0.2741312741312741,-0.3113553113553113,-0.3188405797101449,-0.2357723577235773,-0.2357723577235773,-0.2598425196850394,-0.2878787878787879,-0.2796934865900383,-0.2684824902723736,-0.248,-0.1531531531531532,-0.175438596491228,-0.1255813953488372,-0.0505050505050505,0.0,-0.0829268292682926,0.0502793296089385,0.0053475935828875,0.1124260355029584,0.0444444444444442,0.1604938271604936,0.3428571428571429,0.0742857142857142,-0.0157068062827224,-0.0157068062827224,0.0053475935828875,-0.0309278350515463,-0.175438596491228,-0.189655172413793,-0.175438596491228,-0.1826086956521738,-0.189655172413793,-0.2419354838709677,-0.2133891213389122,-0.2067510548523207,-0.1531531531531532,-0.1931330472103004,-0.1255813953488372,-0.0259067357512953,-0.0052910052910053,-0.0105263157894737
YEV-L,32.0,0.049480266187387,8.887071272736216e-07,0.0964262285515641,0.0398893102685387,0.0094909855933216,0.2373946870656057,8.969099999999997,0.2681151020582192,0.0043375053508925,0.0001048425366489,-0.0029161095835318,1.0,0.106712876364323,0.0249445717649055,7.567559705842484e-08,0.0011864018272444,4.3442884958557305e-07,0.0562954963602912,0.000115995035369,9.163621235594144e-06,0.051943135519228,2.0,1.281565613522453,-0.5289545206174895,0.0107544222806455,-0.0107544222806455,-0.0107544222806455,0.0018150343787905,0.0182690369476115,-0.0107544222806455,0.4468701897061614,-0.0521744525094609,0.0205343575890597,0.0307584090037089,0.0417950319925888,0.0827325242935828,0.1269138449348652,0.1173833676086604,0.1059601134388437,0.1396888993636578,0.1062131125040033,0.1473414477898782,0.1664375135682756,0.1875782804096368,0.1934106614017769,0.1862963962416897,0.0942725894412888,0.0998476129824641,0.0731452919375956,0.0906199959403686,0.1227275893292469,0.0938023071703233,0.086210382084054,0.0972272644763114,0.166015625,0.1853658536585365,0.167930634721283,0.2398594943849032,0.2956353990836748,0.1883954682853701,0.2028206850235057,0.3251397566589937,0.3046539862403885,0.270579889119525,0.2935904981006902,0.3609805521938589,0.3750284349408552,0.4419429866412212,0.4131209818819403,0.3751066370926461,0.3721411951648601,0.4065854155152855,0.3646291906535726,0.2826110020688557,0.260478573662809,0.3311586423321497,0.5368504687748292,0.4546958666746885,0.6167502507522566,0.5845402713152892
YGD-L,19.0,0.5102319059503346,1.4891807331980208e-06,0.1615786318429364,0.0057324662413144,0.0420694230458015,0.0556715889223509,-259.0643,-0.0220425388841592,-0.2929446299124345,-0.000124496321594,-0.0725245160041923,1.0,1.072462378545061,0.5068636319371665,5.451762397988127e-08,0.0450219738139212,7.000382902623577e-08,-0.0046282199622433,0.0015215496257034,1.7123376231570265e-06,0.5950874871150177,2.0,4.776755442101925,1.810406873075052,0.0612441252030909,-2.7698922253271188,-0.0612441252030909,0.0030363183165422,0.0069563083057125,-0.0612441252030909,0.1821925188311317,-0.0779737335834896,-0.0503171548713563,-0.1327128351991667,-0.1673956510872282,-0.1993149861795456,-0.1923263425869802,-0.1985926505082096,-0.2413891261030458,-0.1831667994850732,-0.2106042654028436,-0.2484065655141293,-0.2878901239846088,-0.2921646746347941,-0.2815162299148064,-0.2679778058561776,-0.3108709143566405,-0.302830534191388,-0.3062786339025406,-0.338840924878436,-0.2997898055701524,-0.2834095186878193,-0.2844485017720974,-0.2672129344478663,-0.3042138791708004,-0.2236205791528287,-0.3077202826267664,-0.3631410409597093,-0.3564045595054096,-0.3563734724436072,-0.3244613434727503,-0.2825993324001292,-0.2754214246873301,-0.2995689655172414,-0.264908699729685,-0.2303915906203072,-0.2294570057248598,-0.2277153123913294,-0.2668500687757908,-0.2165451552210725,-0.191100588842348,-0.2297687861271676,-0.1929133858267716,-0.2081179057467166,-0.2687812105580859,-0.2825220762438079,-0.2964996568291008,-0.2982409943121972,-0.1974825343290772,-0.2045251029789265
YGS-L,19.0,7.379013262632035e-05,2.151453499484845e-06,0.2334363487055897,0.0024660798135039,0.0079214965759294,0.0609178182613829,-15.6522,0.1955462914876514,-0.1681392056180156,0.0020032431533943,-0.0056224103782154,1.0,6.891363523880228,-0.042248496229108,1.7097137710295368e-08,0.0081401432915843,3.877140194313462e-10,0.0410583941605838,-9.182825577827434e-05,2.609573322334729e-06,0.0383474659780029,2.0,0.2452193860395166,-0.1520613848121307,0.1985427937404917,0.8014572062595083,-0.1985427937404917,0.0011808041637955,0.0025773174364937,-0.1985427937404917,0.4981021387546638,-0.08125,0.0738255033557047,0.0062893081761006,-0.0361445783132529,0.0,-0.01840490797546,-0.0361445783132529,-0.0476190476190475,-0.0062111801242236,-0.0588235294117646,-0.1752577319587628,-0.1666666666666666,-0.1397849462365591,-0.1351351351351351,-0.1878172588832486,-0.2380952380952381,-0.2233009708737864,-0.2039800995024874,-0.183673469387755,-0.1578947368421052,-0.1534391534391533,-0.1709844559585491,-0.183673469387755,-0.1919191919191918,-0.1160220994475137,-0.1578947368421052,-0.1919191919191918,-0.1752577319587628,-0.1578947368421052,-0.0857142857142856,-0.0643274853801169,-0.0804597701149424,-0.0857142857142856,-0.0419161676646705,-0.0476190476190475,-0.1011235955056178,-0.0588235294117646,-0.0751445086705201,-0.01840490797546,-0.0062111801242236,-0.069767441860465,0.0062893081761006,-0.1578947368421052,-0.2523364485981308,-0.2694063926940638,-0.3191489361702128,-0.3043478260869564,-0.2039800995024874,-0.2270531400966182
YGX-L,16.0,0.0240230781593172,1.989124806226446e-06,0.2158234105438011,0.0163249033489936,0.1075629270019708,0.8260086685571845,2.0263,0.2005247881594113,0.000476112459112,-1.1726468627328323e-06,0.0618366592950427,1.0,0.0811680312998106,0.0583956739491309,7.403032464555796e-08,-0.052862248298757,2.2529176233644843e-08,0.0421037173785349,0.0724305562925315,4.025438651710809e-06,0.0081218088410304,4.0,0.1632137079966764,0.0558437445494965,-0.0682985136839557,-0.030583326620309,0.0358048959108134,0.0008087600490477,0.0024469441644713,0.1281721857238695,-0.2321775206377768,-0.054026503567788,-0.0710227272727272,-0.1770134228187919,-0.1939194741166803,-0.1939194741166803,-0.1939194741166803,-0.1939194741166803,-0.1939194741166803,-0.1939194741166803,-0.1939194741166803,-0.1939194741166803,-0.1939194741166803,-0.1939194741166803,-0.1939194741166803,-0.1939194741166803,-0.1939194741166803,-0.1939194741166803,-0.1939194741166803,-0.1939194741166803,-0.1939194741166803,-0.1939194741166803,-0.1939194741166803,-0.1939194741166803,-0.1939194741166803,-0.1939194741166803,-0.1939194741166803,-0.1939194741166803,-0.1939194741166803,-0.1939194741166803,-0.1939194741166803,-0.1939194741166803,-0.1939194741166803,-0.1939194741166803,-0.1939194741166803,-0.1939194741166803,-0.1939194741166803,-0.1939194741166803,-0.1939194741166803,-0.1939194741166803,-0.1939194741166803,-0.1939194741166803,-0.1939194741166803,-0.1939194741166803,-0.1939194741166803,-0.1939194741166803,-0.1939194741166803,-0.1939194741166803,-0.1939194741166803,-0.1939194741166803
YIP-L,20.0,-0.0041654834950823,1.1677669197352426e-06,0.1267046886895027,0.028762969777367,0.0124760610128523,0.1600775580142306,-95.9988,-0.0501295263634016,0.0155543074161959,0.0003747502213914,0.0069265983457361,1.0,0.2654301184341624,-0.0089701784200836,1.003931668727748e-07,0.0124751257102246,8.829770345598317e-07,-0.010525578556635,0.0004419139871389,1.11878880291182e-05,-0.0206756719010714,2.0,2.0354816043187425,-0.0509128669987747,0.0632736244289137,0.9367263755710864,-0.0632736244289137,0.0015131065934,0.0165480750172488,-0.0632736244289137,0.5166877281525653,-0.0538604404351287,-0.0308562612496786,-0.0856380397865114,-0.0707593688362919,-0.076904237080578,0.0002653927813163,-0.0266012396694215,-0.0399898115129903,0.0222403037700027,-0.0050158394931363,0.0061398825413774,0.0428887659103485,0.0374346270300027,0.0295001365747062,0.0686135525942726,0.0501532460295346,0.0934145633884537,0.1991727648743237,0.2030003191828917,0.1863393138180673,0.2225105416801815,0.2107292001284932,0.1121274712304514,0.1826168810793849,0.2690235690235689,0.2517436067751577,0.329453262786596,0.4228010570026426,0.486198738170347,0.43909889270714,0.339850693210096,0.4021577380952381,0.3601587874413567,0.394376618571957,0.3280479210711768,0.1965079365079365,0.2819727891156462,0.3050554016620499,0.3730418943533697,0.4446147949405901,0.4206558612891065,0.5209846650524614,0.5453054530545305,0.5209846650524614,0.5377396980824152,0.6141327623126336,0.6451331296377127,0.6351409978308025,0.651621384750219
YOP-L,30.0,0.1046869471978464,1.7694882752663231e-06,0.1919924749265684,0.0755902640431741,0.1967355861043573,1.1213485234475358,861.5785000000001,0.0113131193119458,0.0239702558119237,0.0017862712221805,0.0354759086003877,1.0,0.1309921225472561,-0.0195835732849463,3.126364320857503e-07,0.0476693375068944,4.3184636761923854e-05,0.0023753890107648,0.0507132436771908,2.4249605539624704e-06,0.2223764127095414,5.0,7.267655197830513,0.1274577637302111,0.0068908829292835,0.0118684689553742,0.0310232449062943,0.0159702548035526,0.0381459208999785,0.0704853890719224,0.561127633671832,-0.0427375971309025,0.0251225490196078,0.0464425332290852,0.0259083243906177,-0.5361153472896159,-0.5361153472896159,-0.5361153472896159,-0.5361153472896159,-0.5361153472896159,-0.5361153472896159,-0.5361153472896159,-0.5361153472896159,-0.5361153472896159,-0.5361153472896159,-0.5361153472896159,-0.5361153472896159,-0.5361153472896159,-0.5361153472896159,-0.5361153472896159,-0.5361153472896159,-0.5361153472896159,-0.5361153472896159,-0.5361153472896159,-0.5361153472896159,-0.5361153472896159,-0.5361153472896159,-0.5361153472896159,-0.5361153472896159,-0.5361153472896159,-0.5361153472896159,-0.5361153472896159,-0.5361153472896159,-0.5361153472896159,-0.5361153472896159,-0.5361153472896159,-0.5361153472896159,-0.5361153472896159,-0.5361153472896159,-0.5361153472896159,-0.5361153472896159,-0.5361153472896159,-0.5361153472896159,-0.5361153472896159,-0.5361153472896159,-0.5361153472896159,-0.5361153472896159,-0.5361153472896159,-0.5361153472896159,-0.5361153472896159
YOW-L^C23,17.0,0.0089448449917622,4.615772605609512e-07,0.0500819145645848,0.1068564622823672,0.256827657555178,1.293169337963145,35.3218,-0.7735526183586189,0.0480307555479193,0.0006307597202669,0.0602089172812042,1.0,0.0872276794850506,0.035983141348784,6.679059693051398e-08,-0.008918879865487,1.3438965139350316e-07,-0.1624210209607863,0.0004931993174401,4.1097238236661777e-07,-0.0378859291991888,4.0,1.564961958931085,-0.1058152243900858,0.0339149013320653,-0.0488910537958611,0.1430229597178927,0.0265592796790142,0.0503026478203901,0.0371174179045641,0.646725864779658,0.0,0.0,0.0,0.0,0.2234736218138706,0.2234736218138706,0.2234736218138706,0.2234736218138706,0.2234736218138706,0.2234736218138706,0.2234736218138706,0.2234736218138706,0.2234736218138706,0.2234736218138706,0.2234736218138706,0.2234736218138706,0.2234736218138706,0.2234736218138706,0.2234736218138706,0.2234736218138706,0.2234736218138706,0.2234736218138706,0.2234736218138706,0.2234736218138706,0.2234736218138706,0.2234736218138706,0.2234736218138706,0.2234736218138706,0.2234736218138706,0.2234736218138706,0.2234736218138706,0.2234736218138706,0.2234736218138706,0.2234736218138706,0.2234736218138706,0.2234736218138706,0.2234736218138706,0.2234736218138706,0.2234736218138706,0.2234736218138706,0.2234736218138706,0.2234736218138706,0.2234736218138706,0.2234736218138706,0.2234736218138706,-0.1276415891800507,-0.1276415891800507,-0.1276415891800507,-0.1276415891800507
ZTK-L,30.0,0.0688524590163934,5.694976457956598e-07,0.061791459152057,0.0886457940399849,0.3595633386399818,1.6531320573734942,-36.0,0.1432372501055749,-0.0103763059776726,-0.0002492936679408,0.0219096446914077,1.0,0.099878197320341,0.1045688931526561,6.226078919946037e-08,0.0104897743566523,1.9702938939785363e-06,0.0300751879699248,0.060031225604996,2.7179585831263933e-07,-0.0004547521600727,5.0,4.547337251555761,-0.0431983549172232,-0.0186790831798285,-0.022382643755628,0.0345994471590364,0.0142053754016944,0.0211160568885028,0.014130364003386,0.4220431746076409,-0.1483951646519382,-0.0271695052716951,0.0475982532751091,0.0498905908096278,-0.0078577336641852,-0.1180147058823529,-0.0909435392194013,-0.1114814814814815,-0.0369329586511442,-0.0719535783365571,-0.1254101348888079,-0.149290780141844,-0.1641114982578397,-0.2645616186388718,-0.2521820448877805,-0.2771919252786984,-0.194425789120215,-0.1789869952087611,-0.2029900332225914,-0.1462633451957296,-0.0776624375240293,-0.0836516424751719,0.0160948750529437,-0.1260473588342441,-0.055883510428965,-0.0307070707070707,-0.0783711102573954,-0.2261290322580645,-0.123492875411034,-0.1218887262079063,-0.1806693989071038,-0.2170365535248042,-0.2825956937799043,-0.3036284470246735,-0.2384126984126984,-0.2821663674446439,-0.3230812641083521,-0.3013977868375074,-0.284521324187295,-0.2333013742409716,-0.2604808877928483,-0.1787059226292366,-0.2005998000666445,-0.1652748782185108,-0.1480823863636364,-0.2223662884927066,-0.2296082209377007,-0.2391373295274342,-0.2514820592823713
ZUA-L,30.0,-0.2485694750822899,5.545243719079298e-07,0.0601668335743453,0.1653109980993201,0.3225212185555413,1.1055189116187734,173.10989999999998,-1.1577342208047148,0.0191757743264397,-0.0052850738286478,0.0118026405118633,1.0,0.3275248352630475,-0.31619308374884,2.0998076655464297e-07,-0.1069152082177655,5.758362789532501e-07,-0.243086726980952,-0.0980673382180305,7.084056961043231e-07,-0.1852331340662292,3.0,1.8990998694346373,0.0759434102515489,0.0364293361499734,0.125582970179644,-0.0527673652661443,0.0575679785720361,0.1426031756286952,-0.1994061684223746,0.4640410745317099,-0.062296858071506,0.0435274166195589,-0.091535433070866,-0.1116458132820019,-0.3352538710839035,-0.3200736648250459,-0.3223201174743024,-0.2886319845857418,-0.3306744017403915,-0.3279941754641426,-0.3712534059945503,-0.3531885073580938,-0.3554469273743016,-0.3844614871623873,-0.3662890490902849,-0.3292151162790697,-0.255044390637611,-0.308095952023988,-0.2700672202451561,-0.2839410395655547,-0.2660039761431411,-0.2495934959349594,-0.2036238136324417,-0.1658382286488928,-0.1357677902621722,-0.1389925373134328,-0.1267738883632923,-0.0489438433797011,-0.0355276907001045,0.0232815964523283,0.1249238269347958,0.1201456310679611,0.1140615570307785,0.2306666666666668,0.3347794649313087,0.1705770450221941,0.1215066828675577,0.1735537190082645,0.2696011004126548,0.2506775067750677,0.1676154332700823,0.1632010081915564,0.0429378531073447,0.008743169398907,-0.0690872415532021,-0.0420342501297352,0.0148433205057723,0.1187878787878788,0.1215066828675577
ZUQ-L,20.0,0.1121001755877213,6.158487674385465e-07,0.066820634357245,0.0395582055472715,0.148144184138513,1.0380203213508898,-1014.8143,0.4672401957482525,-0.0251767010688577,0.0012753573122932,-0.230693100737418,1.0,0.1482194408841032,0.0484368580636556,6.813092648937491e-08,-0.039441676917419,2.5749746672180625e-05,0.0981053231884562,-0.0652181442826099,8.862818157139499e-07,0.1600074795059052,5.0,14.375819897165252,-0.078353858634883,-0.1006888087323673,-0.211251588505543,-0.0389123248976586,0.0006953674284052,0.001667848910871,-0.0162164839754224,0.4852747370750257,-0.0459297343616109,-0.0178421141222016,-0.1431718061674007,-0.1861924686192468,-0.2065542561871091,-0.1920520631404042,-0.2128692836908133,-0.2302110817941952,-0.1935038009675189,-0.2247907532881625,-0.2825525636296569,-0.2858017135862913,-0.2882410343986338,-0.3003597122302158,-0.2680632212744606,-0.22980464625132,-0.1995884773662551,-0.1985990935311083,-0.2011226725082147,-0.2276637988087358,-0.26898020546229,-0.2441709844559585,-0.2403332899362061,-0.2186663095875737,-0.1368343195266271,-0.1850558659217875,-0.1211025756891097,-0.0428149606299212,-0.019821938518394,0.0051679586563309,0.0855813953488371,0.0281938325991188,0.1201766173929737,0.2040858439950474,0.2776439675936062,0.1122760198246282,0.0785582255083179,0.0859854829704076,0.190573352377066,0.1352140077821011,0.0504050405040505,0.0192139737991265,-0.0328194927896567,-0.1149704231760959,-0.1389995573262504,-0.0650536772953052,-0.0443825745168686,0.0599455040871934,0.0185023564321871
ZVG-L,20.0,0.009956965015031,3.828482738120884e-07,0.0415396861555832,0.1140412431263673,0.1138092535068134,0.843174878417623,-139.8976,0.1005481971111603,-0.0031974168147012,-0.0011672149128429,0.0249206123349462,1.0,0.1452631537199403,0.1406619337864837,5.50238998512807e-08,-0.0133346641488037,3.983394870510742e-06,0.0211118680784943,0.0283988379711933,6.48902528507112e-07,-0.055854406644832,4.0,10.782035983161803,0.0335369587446583,-0.0177612259512224,-0.0744814651493679,0.0306414788643295,0.0130709886405614,0.0353302168259796,0.0109710761508554,0.5040611463037961,-0.0392998112236143,0.056572982774252,-0.0357438358431242,-0.0481868670369159,-0.0178661722568682,0.036463891853433,0.0104040228888504,-0.0123728813559321,0.0100537354827527,0.0072601555747624,-0.0414541865438393,-0.0646869983948634,-0.0515950520833332,-0.0551321550186476,-0.0115351993214588,-0.0338252362792239,0.0327897908543071,-0.0051220761481987,0.0013748066678125,0.0772786097245332,0.0739034279395505,0.0806750741839763,0.1740882530727383,0.1443440691280439,0.1877293110476967,0.0311449301008672,-0.0049521857923496,0.0208479327259987,0.0025808671713696,0.0828842222635197,0.1947918802542547,0.2114345114345115,0.1891836734693879,0.1586796579836946,0.2154776804338758,0.2653637350705755,0.2609824713265527,0.2920177383592017,0.4105543451948681,0.4681279919375158,0.3180275955666138,0.3854018069424632,0.2863134657836645,0.2218494443279515,0.2792535675082328,0.2954646509559806,0.3027051196065282,0.3857312722948871,0.3009600357222595
