Firm Name,Momentum_1,Long Short,Long,Short,Cluster Index
MQEN_M5-L^B08,0.386138613861386,0.0,0,0,0
FUAT_02-L^G99,0.0,0.0,0,0,0
LKXX_89-L^B05,0.0,0.0,0,0,0
LUIF_63-L^F01,0.0,0.0,0,0,0
MNMV_81-L^I00,0.0,0.0,0,0,0
LLJR_71-L,-0.0058105752469495,0.0,0,0,0
FXLQ_34-L^C98,-0.0151515151515151,0.0,0,0,0
FUGK_19-L^J98,-0.0196078431372549,0.0,0,0,0
FVGB_04-L^G04,-0.0204778156996586,0.0,0,0,0
FSCZ_68-L^D05,-0.0272952853598015,0.0,0,0,0
LWJE_89-L^B01,-0.029951690821256,0.0,0,0,0
FVZE_27-L^A22,-0.0358974358974358,0.0,0,0,0
WYN_28-L^G99,-0.0365296803652968,0.0,0,0,0
HRG_P6-L,-0.0386666666666666,0.0,0,0,0
LNUP_82-L,-0.0416666666666667,0.0,0,0,0
LOIR_08-L,-0.0416666666666668,0.0,0,0,0
FSDX_86-L,-0.0468085106382978,0.0,0,0,0
BFRL_28-L,-0.05,0.0,0,0,0
BAMD_17-L^J98,-0.0558139534883721,0.0,0,0,0
FRYL_72-L^L96,-0.0567010309278349,0.0,0,0,0
LVZJ_34-L^G04,-0.075,0.0,0,0,0
YBN_32-L^G95,-0.142857142857143,0.0,0,0,0
FSRH_90-L^J04,0.0,0.0,0,0,0
FSET_80-L,0.0,0.0,0,0,0
LRHF_85-L^A05,-0.0285714285714284,0.0,0,0,0
FSVC_45-L^L10,0.007462686567164,0.0,0,0,0
FTPT_07-L^D03,0.006269592476489,0.0,0,0,0
FUUE_75-L^C21,0.2916666666666667,0.0,0,0,0
FVFC_53-L^G02,0.1428571428571428,0.0,0,0,0
FUET_29-L^F03,0.139344262295082,0.0,0,0,0
FTCD_66-L^B00,0.1346153846153845,0.0,0,0,0
FTLX_46-L^H10,0.1214285714285714,0.0,0,0,0
DOS_59-L,0.1091954022988506,0.0,0,0,0
FTTC_96-L^A99,0.0833333333333334,0.0,0,0,0
LOKA_03-L^I99,0.08,0.0,0,0,0
XOF_38-L^H99,0.0745341614906831,0.0,0,0,0
YCB_24-L^H19,0.0714285714285714,0.0,0,0,0
MNMN_75-L^G06,0.1081081081081081,0.0,0,0,0
FSRC_60-L^I04,0.0147058823529411,0.0,0,0,0
BALZ_07-L^I10,0.0606060606060605,0.0,0,0,0
LOMY_K2-L^D20,0.0365853658536585,0.0,0,0,0
LJYP_55-L^G99,0.0338983050847456,0.0,0,0,0
FSQT_46-L^B04,0.0300751879699248,0.0,0,0,0
YDJ_98-L^B01,0.0266666666666666,0.0,0,0,0
LXFZ_82-L^G99,0.0220588235294116,0.0,0,0,0
LMND_77-L^G05,0.0173913043478262,0.0,0,0,0
MOQT_40-L^H04,0.0153172866520785,0.0,0,0,0
FTRD_95-L^C99,0.0698924731182795,0.0,0,0,0
FSJF_08-L^A99,0.0134357005758158,0.0,0,0,0
FSQK_13-L^F00,-0.004149377593361,0.0,0,0,1
FTPH_62-L^G98,-0.0044444444444444,0.0,0,0,1
BCZB_W7-L^G07,-0.0046728971962617,0.0,0,0,1
FSWI_40-L^L97,-0.0062893081761006,0.0,0,0,1
FSIG_05-L^E18,-0.0076335877862595,0.0,0,0,1
BFUA_68-L^C99,-0.0068965517241379,0.0,0,0,1
FWOG_40-L^I03,-0.0072992700729926,0.0,0,0,1
FSHC_81-L^H08,-0.0076335877862595,0.0,0,0,1
XDF_T8-L,-0.003968253968254,0.0,0,0,1
FVUA_50-L,-0.0064516129032258,0.0,0,0,1
FTTO_38-L,-0.0036496350364964,0.0,0,0,1
LPQM_22-L^A02,0.0,0.0,0,0,1
FTUV_60-L^G98,-0.0034482758620688,0.0,0,0,1
FSAX_41-L^B05,-0.0033149171270719,0.0,0,0,1
BJFG_09-L^J99,-0.0033057851239668,0.0,0,0,1
LXJN_06-L^K99,-0.0031645569620254,0.0,0,0,1
FTHF_97-L,-0.0015313935681471,0.0,0,0,1
FSWY_S4-L,-0.0009474182851728,0.0,0,0,1
XAH_62-L^J95,0.0,0.0,0,0,1
MOKZ_41-L^K00,0.0,0.0,0,0,1
LVZV_88-L^G98,0.0,0.0,0,0,1
LRHH_04-L^K97,0.0,0.0,0,0,1
LZME_09-L^L01,-0.0076923076923076,0.0,0,0,1
FSPV_34-L^H06,-0.0035714285714284,0.0,0,0,1
FTHD_44-L,-0.0077519379844961,0.0,0,0,1
FURR_39-L^F08,-0.0167464114832534,0.0,0,0,1
FVSZ_60-L,-0.0084507042253521,0.0,0,0,1
CWV_20-L^I06,-0.0167597765363128,0.0,0,0,1
LOKI_30-L,0.0,0.0,0,0,1
FTAK_00-L,-0.016,0.0,0,0,1
FTOE_84-L^L06,-0.0158730158730159,0.0,0,0,1
LXLD_81-L,-0.0157480314960629,0.0,0,0,1
FSZD_06-L^D15,-0.0154639175257732,0.0,0,0,1
FTSG_10-L^A09,-0.0153846153846153,0.0,0,0,1
XDI_Y7-L^L03,-0.0146818923327894,0.0,0,0,1
FSFM_82-L,-0.0144153764014949,0.0,0,0,1
FSHU_94-L,-0.0139211136890949,0.0,0,0,1
FTGM_05-L^B22,-0.0138869005010736,0.0,0,0,1
FZEW_05-L^H99,-0.0079575596816975,0.0,0,0,1
FTIL_01-L^J02,-0.0133333333333333,0.0,0,0,1
FTFK_07-L,-0.0133037694013302,0.0,0,0,1
FUIV_05-L^A98,-0.013157894736842,0.0,0,0,1
FSWN_06-L^K99,-0.0125628140703517,0.0,0,0,1
FSSW_06-L^C00,-0.012295081967213,0.0,0,0,1
FUMO_59-L^B97,-0.0112676056338028,0.0,0,0,1
FSDF_86-L,-0.011111111111111,0.0,0,0,1
YIE_96-L^E16,-0.0109890109890109,0.0,0,0,1
FWJN_76-L^G01,-0.0108303249097472,0.0,0,0,1
FTVJ_57-L^D08,-0.0095238095238094,0.0,0,0,1
FSZL_42-L^I96,-0.0090909090909091,0.0,0,0,1
FTAE_98-L,-0.0085106382978723,0.0,0,0,1
FSHK_54-L,-0.0133333333333333,0.0,0,0,1
LNHD_R1-L^A09,0.0,0.0,0,0,1
FTBK_21-L,0.0,0.0,0,0,1
LLVF_88-L,0.0,0.0,0,0,1
BBQS_26-L^G99,0.0,0.0,0,0,1
FTVN_30-L^J00,0.0030959752321981,0.0,0,0,1
FTTA_13-L^K99,0.0042283298097249,0.0,0,0,1
VPZ_06-L^F18,0.0044563279857396,0.0,0,0,1
DOQX_41-L^J16,0.0052447552447552,0.0,0,0,1
FTOR_44-L^G07,0.0053475935828875,0.0,0,0,1
FTQG_18-L^H98,0.0054644808743169,0.0,0,0,1
FZCU_68-L^F06,0.0055865921787709,0.0,0,0,1
VDN_07-L^F99,0.0062630480167014,0.0,0,0,1
FTKK_08-L^H01,0.0076335877862594,0.0,0,0,1
DPXL_94-L,0.0082644628099173,0.0,0,0,1
FSQS_06-L^A09,0.0096153846153845,0.0,0,0,1
FSOU_71-L^I17,0.01,0.0,0,0,1
FTQX_59-L^F08,0.0104712041884815,0.0,0,0,1
FSBW_00-L^B98,0.0111317254174398,0.0,0,0,1
ION_16-L^A02,0.0113636363636364,0.0,0,0,1
FZCT_75-L^F12,0.0113636363636364,0.0,0,0,1
FSWD_60-L^I15,0.0115107913669065,0.0,0,0,1
SZI_08-L^H07,0.0129749768303986,0.0,0,0,1
XOG_03-L^I97,0.0132625994694959,0.0,0,0,1
FTZG_24-L^A06,0.0136986301369863,0.0,0,0,1
FSRE_07-L^C00,0.0136986301369863,0.0,0,0,1
FSRL_02-L^A01,0.0138248847926267,0.0,0,0,1
BFUE_44-L^H96,0.0,0.0,0,0,1
BLNV_40-L^F19,0.0,0.0,0,0,1
FSCA_54-L^C98,0.0,0.0,0,0,1
FSGQ_10-L^F97,0.0,0.0,0,0,1
LLAG_97-L^B10,0.0,0.0,0,0,1
LKWK_09-L^G98,0.0,0.0,0,0,1
FZCV_78-L^I06,0.0,0.0,0,0,1
FZBQ_35-L,0.0,0.0,0,0,1
FZAT_04-L^J09,0.0,0.0,0,0,1
FZAP_79-L,0.0,0.0,0,0,1
FYRW_97-L^F99,0.0,0.0,0,0,1
FWJL_66-L^I96,0.0,0.0,0,0,1
FVTW_80-L^H21,0.0,0.0,0,0,1
FUUP_17-L^A98,0.0,0.0,0,0,1
FTWF_69-L^D08,0.0,0.0,0,0,1
LNBT_03-L^H99,0.0,0.0,0,0,1
FTTX_H2-L,0.0,0.0,0,0,1
FTSE_11-L^A05,0.0,0.0,0,0,1
FTRR_S4-L^A11,0.0,0.0,0,0,1
FTPZ_05-L^F15,0.0,0.0,0,0,1
FTOF_23-L^J97,0.0,0.0,0,0,1
FTNS_87-L,0.0,0.0,0,0,1
FTLW_07-L^F01,0.0,0.0,0,0,1
FTLJ_43-L^A01,0.0,0.0,0,0,1
FTJE_09-L,0.0,0.0,0,0,1
FSRD_76-L^L07,-0.0170068027210883,0.0,0,0,1
FSMD_62-L^K00,0.0,0.0,0,0,1
FSJQ_07-L^A06,0.0,0.0,0,0,1
FTSS_80-L,0.0,0.0,0,0,1
FUUI_N6-L^E12,-0.017391304347826,0.0,0,0,1
FUEY_93-L^H15,-0.0271739130434782,0.0,0,0,1
LMCF_29-L^B99,-0.0175438596491228,0.0,0,0,1
LPCU_96-L^F07,-0.069767441860465,0.0,0,0,1
FRZE_49-L^H02,-0.0691056910569105,0.0,0,0,1
LLAL_11-L^G00,-0.0675675675675676,0.0,0,0,1
FVXU_72-L^K98,-0.0668449197860963,0.0,0,0,1
FRZT_W1-L^G94,-0.0649779735682819,0.0,0,0,1
LLVY_05-L,-0.0611764705882352,0.0,0,0,1
XKW_66-L^D98,-0.0593047034764826,0.0,0,0,1
FTXL_73-L^D07,-0.0585858585858586,0.0,0,0,1
XDN_00-L^A99,-0.0574162679425837,0.0,0,0,1
FTWQ_01-L^E99,-0.0538033395176252,0.0,0,0,1
FUCW_H9-L,-0.0520231213872832,0.0,0,0,1
FSAM_T0-L,-0.0511945392491468,0.0,0,0,1
FRZJ_44-L,-0.050514499532273,0.0,0,0,1
FUEQ_02-L^F98,-0.0497925311203319,0.0,0,0,1
UVV_89-L^L98,-0.0494791666666666,0.0,0,0,1
FTLU_07-L^E02,-0.0491803278688525,0.0,0,0,1
MORM_11-L^G98,-0.0476190476190476,0.0,0,0,1
NVJ_39-L^G03,-0.04739336492891,0.0,0,0,1
XFP_87-L^H99,-0.0460829493087557,0.0,0,0,1
FSME_32-L^G03,-0.0460048426150121,0.0,0,0,1
LMYZ_36-L^D98,-0.0454545454545455,0.0,0,0,1
FWJQ_58-L^I05,-0.0448717948717948,0.0,0,0,1
FSEA_02-L^C01,-0.0434782608695651,0.0,0,0,1
FVNL_12-L^D97,-0.0702247191011236,0.0,0,0,1
FTTN_66-L^A00,-0.0735930735930735,0.0,0,0,1
LRLI_53-L^D05,-0.0738255033557048,0.0,0,0,1
FTDO_30-L,-0.074380165289256,0.0,0,0,1
FSDU_19-L^I02,-0.2058823529411765,0.0,0,0,1
FTTQ_89-L^J99,-0.1469534050179212,0.0,0,0,1
FTMS_64-L,-0.1374149659863945,0.0,0,0,1
FVUH_J7-L,-0.1283333333333333,0.0,0,0,1
FURT_89-L,-0.1210762331838565,0.0,0,0,1
FVWA_N4-L,-0.119533527696793,0.0,0,0,1
LKMB_84-L^J03,-0.1161616161616161,0.0,0,0,1
LUHP_34-L,-0.1142857142857142,0.0,0,0,1
FVWS_77-L^K98,-0.1125,0.0,0,0,1
FVVM_61-L^D02,-0.1087344028520499,0.0,0,0,1
FVYE_M4-L,-0.105865522174535,0.0,0,0,1
FVSF_03-L^A11,-0.043478260869565,0.0,0,0,1
FSUH_43-L^F05,-0.0980392156862745,0.0,0,0,1
BFQZ_11-L^I03,-0.0928571428571428,0.0,0,0,1
FVVN_37-L^L00,-0.0924956369982548,0.0,0,0,1
FSWW_84-L^E98,-0.0921052631578948,0.0,0,0,1
FTLA_26-L^G99,-0.0916030534351145,0.0,0,0,1
LLVM_66-L,-0.081218274111675,0.0,0,0,1
MOQJ_36-L,-0.0804597701149424,0.0,0,0,1
FTYS_87-L^A02,-0.0793650793650794,0.0,0,0,1
FSYC_23-L^H00,-0.0791855203619908,0.0,0,0,1
FTUZ_17-L^C00,-0.077433628318584,0.0,0,0,1
FRZZ_02-L^G01,-0.0756756756756757,0.0,0,0,1
FSOL_53-L^F98,-0.0754716981132076,0.0,0,0,1
XKG_55-L^H00,-0.097142857142857,0.0,0,0,1
XDT_84-L,-0.0430622009569376,0.0,0,0,1
BBTU_63-L^C18,-0.0426439232409382,0.0,0,0,1
FTTP_25-L,-0.0425531914893616,0.0,0,0,1
BFSV_71-L^I00,-0.0273972602739726,0.0,0,0,1
FSVT_07-L,0.0138888888888888,0.0,0,0,1
FTTH_87-L^H98,-0.0261096605744125,0.0,0,0,1
FTJK_00-L,-0.025706940874036,0.0,0,0,1
FSWB_01-L^H01,-0.0252100840336134,0.0,0,0,1
FSTC_32-L^B00,-0.025,0.0,0,0,1
STL_65-L,-0.024793388429752,0.0,0,0,1
FZDL_87-L^A00,-0.0243902439024389,0.0,0,0,1
FTGH_45-L^B03,-0.0243902439024389,0.0,0,0,1
FWJG_10-L^I06,-0.0238095238095238,0.0,0,0,1
UGF_25-L^G96,-0.0236220472440945,0.0,0,0,1
FUTX_46-L^G99,-0.0281690140845071,0.0,0,0,1
FTRZ_42-L^K97,-0.0232558139534883,0.0,0,0,1
FSJK_29-L,-0.0221606648199446,0.0,0,0,1
FVPB_77-L^B03,-0.0216216216216216,0.0,0,0,1
FSRQ_13-L^E09,-0.021505376344086,0.0,0,0,1
FTTG_39-L,-0.0214592274678112,0.0,0,0,1
FTSJ_24-L,-0.0212765957446807,0.0,0,0,1
BLNT_37-L^D19,-0.0211267605633802,0.0,0,0,1
FSKF_44-L^C02,-0.0208333333333333,0.0,0,0,1
FWON_41-L^G09,-0.0204081632653061,0.0,0,0,1
FSRS_45-L,-0.0202020202020202,0.0,0,0,1
LMLR_31-L^L03,-0.0191304347826087,0.0,0,0,1
LNYJ_71-L^A07,-0.018181818181818,0.0,0,0,1
LMFU_49-L^I00,-0.0231213872832369,0.0,0,0,1
TRI_95-L^D00,-0.017391304347826,0.0,0,0,1
FSBL_22-L^A00,-0.028436018957346,0.0,0,0,1
FSEY_39-L^I97,-0.0294117647058823,0.0,0,0,1
FUKE_88-L^G06,-0.0416666666666666,0.0,0,0,1
FTKZ_L8-L,-0.0408163265306122,0.0,0,0,1
FSUX_S9-L^A11,-0.0394088669950739,0.0,0,0,1
FTWC_87-L^B06,-0.0382513661202186,0.0,0,0,1
FSRU_04-L^J00,-0.0382409177820267,0.0,0,0,1
FSCM_81-L^E05,-0.0376569037656905,0.0,0,0,1
FSFV_71-L^B05,-0.0372670807453416,0.0,0,0,1
FTJI_19-L^E97,-0.0362318840579708,0.0,0,0,1
FTIT_63-L,-0.0360360360360361,0.0,0,0,1
FTIC_M8-L^B14,-0.0357142857142857,0.0,0,0,1
FUEG_73-L^A98,-0.0352941176470588,0.0,0,0,1
FSTZ_06-L^A00,-0.0289156626506024,0.0,0,0,1
FWKZ_24-L^C13,-0.0348837209302326,0.0,0,0,1
FRYW_00-L^I99,-0.0344827586206895,0.0,0,0,1
LWCO_33-L,-0.0338983050847457,0.0,0,0,1
FTGF_31-L^H99,-0.0322580645161291,0.0,0,0,1
FSDG_16-L^J21,-0.0322580645161291,0.0,0,0,1
WZG_54-L^I01,-0.0315789473684209,0.0,0,0,1
FTMO_13-L^G06,-0.0315315315315316,0.0,0,0,1
FTJV_58-L^I97,-0.03125,0.0,0,0,1
MQFB_07-L,-0.031055900621118,0.0,0,0,1
FSDV_69-L^F19,-0.0306719737766331,0.0,0,0,1
FSXI_Z5-L,-0.03,0.0,0,0,1
FTNC_74-L^I02,-0.0295983086680762,0.0,0,0,1
FSKO_65-L^D00,-0.0346820809248555,0.0,0,0,1
FSUE_08-L,0.0139860139860139,0.0,0,0,1
BFTH_19-L^F96,0.0261194029850746,-0.0,0,0,1
LOXK_14-L^E14,0.0140186915887849,-0.0,0,0,1
FRYP_57-L^G05,0.0810313075506445,-0.0,0,0,1
FSIW_67-L^J01,0.0810810810810811,-0.0,0,0,1
FTNQ_24-L^J96,0.0814332247557003,-0.0,0,0,1
FTDC_07-L^B06,0.0816326530612245,-0.0,0,0,1
FSIF_16-L^I98,0.0816326530612245,-0.0,0,0,1
FTIP_09-L^I98,0.0818181818181817,-0.0,0,0,1
FSXN_M8-L,0.0833333333333332,-0.0,0,0,1
FTZM_24-L^G04,0.0833333333333334,-0.0,0,0,1
NLY_Z9-L^I09,0.0846306255307105,-0.0,0,0,1
FSUT_25-L^F07,0.0853333333333334,-0.0,0,0,1
FSGG_17-L^F99,0.0864197530864196,-0.0,0,0,1
FSJV_53-L^B01,0.0887096774193549,-0.0,0,0,1
FSKX_06-L^D98,0.088888888888889,-0.0,0,0,1
FSPK_05-L^G03,0.0903225806451613,-0.0,0,0,1
FSBO_P7-L^J07,0.0907258064516129,-0.0,0,0,1
LKGD_51-L^K01,0.0909090909090908,-0.0,0,0,1
FTVI_84-L^I00,0.0923076923076922,-0.0,0,0,1
LLIX_18-L^G99,0.092436974789916,-0.0,0,0,1
XBU_08-L^J00,0.0925925925925925,-0.0,0,0,1
FSIV_B3-L^H15,0.094240837696335,-0.0,0,0,1
FUIS_60-L^H07,0.0956521739130435,-0.0,0,0,1
FVSW_03-L^I01,0.0969696969696971,-0.0,0,0,1
FSDW_08-L^B17,0.0972222222222221,-0.0,0,0,1
UEM_23-L^F05,0.0791075050709939,-0.0,0,0,1
FSSF_79-L^F94,0.0788732394366198,-0.0,0,0,1
FSDD_00-L^D99,0.0786516853932584,-0.0,0,0,1
LMYQ_84-L^G99,0.0784313725490197,-0.0,0,0,1
ZTK_23-L,0.0660377358490567,-0.0,0,0,1
FTMA_04-L^K03,0.0663265306122449,-0.0,0,0,1
MQUF_44-L^F96,0.0666666666666666,-0.0,0,0,1
FSQG_08-L^E11,0.0669856459330144,-0.0,0,0,1
FSSM_86-L^E99,0.0670103092783505,-0.0,0,0,1
FUUQ_52-L^J08,0.0670391061452513,-0.0,0,0,1
FVVT_39-L,0.0675324675324675,-0.0,0,0,1
BDBL_73-L^I97,0.0679117147707979,-0.0,0,0,1
XCC_Q6-L^C09,0.0679738562091503,-0.0,0,0,1
FTHX_01-L^E20,0.0696969696969695,-0.0,0,0,1
FRZG_09-L^C99,0.0698924731182795,-0.0,0,0,1
VPT_B4-L,0.0973451327433629,-0.0,0,0,1
FUBX_Q0-L^D09,0.0702764976958525,-0.0,0,0,1
FSRI_58-L,0.07103825136612,-0.0,0,0,1
FSMQ_X4-L^F21,0.0717703349282299,-0.0,0,0,1
LNHH_78-L^B01,0.072234762979684,-0.0,0,0,1
FSNB_45-L^G02,0.0727272727272727,-0.0,0,0,1
BDRV_05-L^D00,0.0734048560135516,-0.0,0,0,1
FTHP_V2-L^F09,0.0751879699248119,-0.0,0,0,1
FTLC_33-L^B01,0.0752972258916777,-0.0,0,0,1
FSVZ_N1-L,0.0758620689655171,-0.0,0,0,1
FTOH_K0-L,0.0769230769230768,-0.0,0,0,1
BBXK_89-L^E06,0.0769230769230768,-0.0,0,0,1
LRIY_22-L^L06,0.0769230769230771,-0.0,0,0,1
FSVE_88-L^L99,0.070469798657718,-0.0,0,0,1
FTIG_35-L^G10,0.0975609756097561,-0.0,0,0,1
ZVH_33-L^B99,0.0990990990990989,-0.0,0,0,1
MQFA_K7-L,0.099533437013997,-0.0,0,0,1
LLOR_22-L,0.1428571428571428,-0.0,0,0,1
BCZR_85-L^G00,0.1435406698564594,-0.0,0,0,1
FRZW_02-L^H07,0.1454545454545452,-0.0,0,0,1
FTKA_29-L^K01,0.1456310679611649,-0.0,0,0,1
LWBK_05-L^G00,0.1511627906976744,-0.0,0,0,1
BBIO_50-L^J00,0.1538461538461539,-0.0,0,0,1
FSBU_72-L^C20,0.1578947368421053,-0.0,0,0,1
FTVK_52-L^H05,0.1585677749360614,-0.0,0,0,1
FSNF_93-L^K04,0.1592356687898088,-0.0,0,0,1
LOYE_09-L^G04,0.1632653061224489,-0.0,0,0,1
LWNF_29-L,0.1705756929637525,-0.0,0,0,1
FVJL_58-L^K97,0.1424242424242425,-0.0,0,0,1
XZO_68-L^G01,0.172093023255814,-0.0,0,0,1
FSCH_T9-L^K09,0.1777777777777778,-0.0,0,0,1
LXXX_31-L^D09,0.1999999999999999,-0.0,0,0,1
FSAL_64-L,0.1999999999999999,-0.0,0,0,1
BBEK_99-L^L95,0.203125,-0.0,0,0,1
LOIF_35-L^F18,0.2054794520547944,-0.0,0,0,1
LKQL_04-L^H98,0.2164948453608246,-0.0,0,0,1
FVTE_93-L,0.2173913043478261,-0.0,0,0,1
FTWG_42-L,0.218181818181818,-0.0,0,0,1
FUEW_86-L,0.2350936967632027,-0.0,0,0,1
FUIR_X0-L,0.346153846153846,-1.0,0,-1,1
FSMU_93-L^L09,0.9152542372881356,-1.0,0,-1,1
XAP_86-L^E00,0.1758793969849246,-0.0,0,0,1
FSLO_06-L^E10,0.0657894736842104,-0.0,0,0,1
XIL_K6-L^I20,0.1388888888888888,-0.0,0,0,1
FSCL_62-L^F06,0.132183908045977,-0.0,0,0,1
FTKU_11-L,0.0999999999999998,-0.0,0,0,1
FVDH_40-L^H04,0.1,-0.0,0,0,1
FSOR_50-L^H97,0.1008403361344538,-0.0,0,0,1
FGW_82-L^I98,0.1013384321223707,-0.0,0,0,1
LXWG_56-L^H13,0.1024590163934426,-0.0,0,0,1
BFTO_72-L^I99,0.102941176470588,-0.0,0,0,1
FUBS_21-L^K05,0.1035502958579881,-0.0,0,0,1
FSDR_03-L^B98,0.1047904191616766,-0.0,0,0,1
FSCW_23-L^K06,0.1056910569105691,-0.0,0,0,1
FVOR_53-L^K99,0.1058823529411765,-0.0,0,0,1
FSEC_87-L^I00,0.1081081081081081,-0.0,0,0,1
FSDP_14-L^D98,0.1336405529953916,-0.0,0,0,1
FUEE_21-L^G05,0.109375,-0.0,0,0,1
FTJJ_08-L^H12,0.1111111111111111,-0.0,0,0,1
FTEN_42-L^B01,0.1111111111111111,-0.0,0,0,1
FTAJ_84-L^E98,0.1119999999999998,-0.0,0,0,1
BDAJ_H9-L,0.1121495327102803,-0.0,0,0,1
FSNN_62-L^F05,0.1123188405797102,-0.0,0,0,1
FWNV_96-L^G02,0.1126760563380282,-0.0,0,0,1
VBA_B9-L^C13,0.1153846153846152,-0.0,0,0,1
FSAS_27-L^B97,0.1184210526315789,-0.0,0,0,1
FTFN_52-L^L99,0.1194029850746267,-0.0,0,0,1
FYVA_16-L^H00,0.1212121212121211,-0.0,0,0,1
FSPP_03-L^J97,0.1223021582733814,-0.0,0,0,1
LMEO_W1-L,0.1111111111111111,-0.0,0,0,1
XNL_02-L^H09,0.0140186915887849,-0.0,0,0,1
FUMF_38-L^G02,0.0641711229946524,-0.0,0,0,1
LYNI_23-L^L00,0.0633484162895927,-0.0,0,0,1
FTVM_83-L^L00,0.0283018867924529,-0.0,0,0,1
DLY_Y2-L^F16,0.0283333333333333,-0.0,0,0,1
FTCZ_56-L,0.0285714285714286,-0.0,0,0,1
DVX_M7-L^C10,0.0286532951289397,-0.0,0,0,1
FRZQ_54-L^K00,0.0289855072463769,-0.0,0,0,1
LWXY_20-L^H02,0.03125,-0.0,0,0,1
FTUR_66-L,0.0317460317460318,-0.0,0,0,1
FTON_R1-L,0.032258064516129,-0.0,0,0,1
BCYN_75-L^D01,0.0324005891016199,-0.0,0,0,1
BWQW_65-L^I10,0.0325203252032519,-0.0,0,0,1
LWNH_68-L,0.0325732899022801,-0.0,0,0,1
LNTH_27-L,0.0344827586206897,-0.0,0,0,1
LPDL_21-L,0.034965034965035,-0.0,0,0,1
FVOM_51-L^C01,0.0352941176470589,-0.0,0,0,1
LLCF_05-L^G98,0.0357142857142858,-0.0,0,0,1
FSXR_02-L^A06,0.0361990950226245,-0.0,0,0,1
FTHC_39-L^K08,0.0370370370370369,-0.0,0,0,1
FSMG_12-L^D99,0.0370370370370369,-0.0,0,0,1
FSNE_62-L,0.0377358490566037,-0.0,0,0,1
LXNQ_40-L^J00,0.0384615384615385,-0.0,0,0,1
LRMN_M3-L,0.0384615384615385,-0.0,0,0,1
LKTQ_Y7-L,0.0384615384615385,-0.0,0,0,1
FVSQ_63-L^L98,0.0397350993377483,-0.0,0,0,1
BBOU_00-L,0.0277264325323474,-0.0,0,0,1
FUDQ_82-L^H07,0.0270270270270267,-0.0,0,0,1
LRJH_00-L^G02,0.0265486725663717,-0.0,0,0,1
FSPI_08-L^D01,0.0264900662251654,-0.0,0,0,1
BKEO_50-L^A00,0.014388489208633,-0.0,0,0,1
FSDN_02-L^D99,0.0150943396226415,-0.0,0,0,1
FVWF_01-L,0.0151057401812688,-0.0,0,0,1
FSEW_07-L,0.0157480314960629,-0.0,0,0,1
FTPI_91-L,0.0158102766798418,-0.0,0,0,1
LMZA_L3-L^J12,0.0171428571428571,-0.0,0,0,1
FTQA_00-L,0.0175438596491228,-0.0,0,0,1
BCYO_38-L^K98,0.0176991150442478,-0.0,0,0,1
FWXD_42-L^G16,0.0179775280898877,-0.0,0,0,1
FZDB_38-L^A98,0.0181818181818183,-0.0,0,0,1
FTOG_39-L^B08,0.018796992481203,-0.0,0,0,1
FSBV_B3-L,0.0398230088495576,-0.0,0,0,1
FTNU_50-L^A12,0.0190972222222223,-0.0,0,0,1
YDO_74-L^I02,0.020979020979021,-0.0,0,0,1
FTGU_Q3-L,0.020979020979021,-0.0,0,0,1
BCPS_48-L^C06,0.023088023088023,-0.0,0,0,1
FSAZ_22-L^J03,0.0235690235690235,-0.0,0,0,1
FSCO_P5-L^A08,0.0236087689713322,-0.0,0,0,1
FUTS_98-L^F97,0.0236220472440944,-0.0,0,0,1
FUDU_73-L^G99,0.0238095238095237,-0.0,0,0,1
FTVF_02-L,0.024,-0.0,0,0,1
FWWZ_30-L^B04,0.0244897959183671,-0.0,0,0,1
FWIY_55-L^I99,-0.2135922330097087,1.0,1,0,1
URC_45-L^H14,0.0263157894736842,-0.0,0,0,1
FZAM_40-L^C06,0.0202020202020201,-0.0,0,0,1
FTBY_C7-L,0.0410958904109588,-0.0,0,0,1
FTFY_S0-L^J09,0.0413436692506459,-0.0,0,0,1
FSVU_85-L^B01,0.0413793103448276,-0.0,0,0,1
FTVA_51-L,0.0528846153846154,-0.0,0,0,1
FSFY_01-L^H12,0.0531561461794021,-0.0,0,0,1
FTKG_04-L^C00,0.0535714285714283,-0.0,0,0,1
FTKY_B3-L,0.0540540540540541,-0.0,0,0,1
FTAG_01-L,0.0541012216404885,-0.0,0,0,1
FUIW_96-L,0.0543478260869565,-0.0,0,0,1
FSFF_18-L^I02,0.0544871794871795,-0.0,0,0,1
FUBH_07-L^B06,0.0547945205479452,-0.0,0,0,1
WAW_S3-L,0.0555555555555555,-0.0,0,0,1
FSIY_W8-L^C09,0.0566929133858267,-0.0,0,0,1
BDFF_05-L^C99,0.056768558951965,-0.0,0,0,1
FSBR_F1-L,0.0526315789473683,-0.0,0,0,1
FSXE_80-L,0.0569620253164555,-0.0,0,0,1
FSDM_96-L^A97,0.0571428571428571,-0.0,0,0,1
FZAQ_T1-L^H11,0.0588235294117645,-0.0,0,0,1
FSNP_09-L,0.0588235294117647,-0.0,0,0,1
FRZX_33-L^J08,0.0589887640449438,-0.0,0,0,1
FSUM_19-L^D21,0.0591259640102828,-0.0,0,0,1
FSXX_00-L,0.06,-0.0,0,0,1
MOMA_07-L^K99,0.0608695652173914,-0.0,0,0,1
FTLO_27-L^C20,0.0610687022900762,-0.0,0,0,1
XDS_N8-L^D09,0.061269146608315,-0.0,0,0,1
LPGR_01-L^H21,0.0625,-0.0,0,0,1
FSLV_X2-L^J11,0.0625000000000002,-0.0,0,0,1
FVVQ_76-L,0.0571428571428569,-0.0,0,0,1
LPTA_36-L^B02,0.0634920634920634,-0.0,0,0,1
VHS_25-L^A04,0.0521739130434781,-0.0,0,0,1
FSIB_01-L^B99,0.0514285714285713,-0.0,0,0,1
FTRB_07-L^H97,0.0416666666666667,-0.0,0,0,1
FTPD_57-L^E01,0.0416666666666667,-0.0,0,0,1
FRYS_87-L^G99,0.0419161676646706,-0.0,0,0,1
ISS_97-L^L07,0.0421052631578946,-0.0,0,0,1
MOOT_00-L^B03,0.0421348314606742,-0.0,0,0,1
FTUN_07-L^I04,0.0429082240762812,-0.0,0,0,1
FTHI_24-L^A01,0.043010752688172,-0.0,0,0,1
FSSR_11-L,0.0446428571428572,-0.0,0,0,1
FSUD_66-L^F02,0.0452261306532664,-0.0,0,0,1
BCUB_73-L^L00,0.0456852791878172,-0.0,0,0,1
LKBK_49-L^G00,0.046296296296296,-0.0,0,0,1
FSBE_14-L^A03,0.0519480519480519,-0.0,0,0,1
XCF_03-L^L95,0.0465116279069766,-0.0,0,0,1
FTWV_20-L,0.0473372781065088,-0.0,0,0,1
FTOQ_09-L^A05,0.0473372781065088,-0.0,0,0,1
BCQE_67-L^A14,0.0474537037037037,-0.0,0,0,1
FTZA_89-L,0.0476190476190476,-0.0,0,0,1
FTJF_28-L^H05,0.0476190476190476,-0.0,0,0,1
FSYG_05-L^J08,0.0480961923847695,-0.0,0,0,1
FSCG_57-L^F03,0.0482456140350877,-0.0,0,0,1
FSXD_74-L^J00,0.048780487804878,-0.0,0,0,1
FTIM_56-L^A05,0.05,-0.0,0,0,1
BUNQ_03-L^K12,0.0510204081632652,-0.0,0,0,1
FSAJ_L2-L,0.0514138817480718,-0.0,0,0,1
LJYM_69-L^G00,0.0467289719626169,-0.0,0,0,1
BBVN_02-L^I99,-0.28125,1.0,1,0,1
