Firm Name,Momentum_1,Long Short,Cluster Index
MJTK-L,-0.028963903626841987,0,-1
OBAT-L,-0.014477112914841385,0,-1
OAZZ-L,0.03576557249650904,0,-1
OAFX-L,-0.043451092293252454,0,-1
OAFW-L,-0.03244581625979122,0,-1
NZRJ-L,-0.04213149766824499,0,-1
NZNU-L,-0.04298880336761573,0,-1
NZJG-L,0.000795663966884668,0,-1
NZEH-L,0.008153429718208512,0,-1
NYVJ-L,-0.05872487508633077,0,-1
NYTQ-L,0.008234014815464555,0,-1
NYTN-L,-0.012180007215751855,0,-1
NYFP-L,0.013322341168414357,0,-1
NXOR-L,0.010680181439696238,0,-1
NXNY-L,-0.004185378597006894,0,-1
NXNU-L,-0.061475413186986155,0,-1
OBBM-L,-0.03716062865698049,0,-1
OBHR-L,-0.04766959182406326,0,-1
OBWG-L,-0.05965697689545339,0,-1
OCFM-L,-0.016161768226867317,0,-1
OFTJ-L,-0.03012921787705281,0,-1
OFQN-L^J15,-0.15129334756354246,0,-1
OFQD-L,0.15633477173610982,0,-1
OFQA-L^A23,0.25599655928797244,0,-1
OFAN-L,-0.08296940418783968,0,-1
OEZX-L^L20,0.07091038240594162,0,-1
OEPU-L,-0.06584780589905943,0,-1
NXLT-L,-0.06148274332569329,0,-1
OENS-L,-0.04855563711760343,0,-1
ODLG-L^E23,-0.10394924306859946,0,-1
ODFG-L,-0.07565540423280352,0,-1
OCRX-L^E21,-0.012889605784838491,0,-1
OCME-L,-0.025766605652692478,0,-1
OCKN-L,-0.06068024494486944,0,-1
OCKI-L,-0.006127594273091197,0,-1
OCJG-L^I16,0.046706805429060666,0,-1
ODMQ-L,-0.059864741052785324,0,-1
NXAN-L,-0.014828879240071853,0,-1
NWJE-L,0.04607066635958077,0,-1
NWGY-L,-0.04298880336761573,0,-1
NRDM-L^J19,-0.04298880336761573,0,-1
NRAB-L^H17,-0.04298880336761573,0,-1
NQME-L,-0.007289058572918715,0,-1
NQLL-L^K15,-0.0002766087025317258,0,-1
NQJ-L,-0.04298880336761573,0,-1
NQEJ-L,-0.0617591848796257,0,-1
NQEI-L,-0.05514267989833062,0,-1
NRDX-L^F18,-0.34197416602320385,0,-1
NPYG-L,-0.14803771457093043,0,-1
NOZO-L,-0.05752132992986015,0,-1
NOVZ-L^C17,-0.11358256955018506,0,-1
NOVS-L,0.052858178919103854,0,-1
NOSW-L,-0.07080139524255413,0,-1
NOLF-L,-0.15942782651237994,0,-1
NOJL-L,-0.014514006924226391,0,-1
NOHC-L,-0.05110104753422154,0,-1
NPAJ-L,-0.06947000377152693,0,-1
OFUO-L^G18,-0.04298880336761573,0,-1
NREN-L,0.04867094284796598,0,-1
NRZG-L,-0.030531079923632968,0,-1
NWER-L^J15,-0.06898753055505823,0,-1
NVPQ-L,-0.041434286750688866,0,-1
NVIH-L,0.056672984184247016,0,-1
NVEK-L,-0.03566399492839199,0,-1
NVBE-L,0.5300664750555951,0,-1
NUCY-L,-0.09202668937162899,0,-1
NTRO-L,-0.058261140163382505,0,-1
NRYO-L^I22,-0.08506822477840228,0,-1
NTLT-L,-0.05851182927620301,0,-1
NTFU-L,-0.021800864281786726,0,-1
NTEU-L,-0.10593309024247637,0,-1
NTAE-L,-0.02611692594741853,0,-1
NSZS-L,0.025883163639769127,0,-1
NSUZ-L,-0.04298880336761573,0,-1
NSIP-L,-0.057573455204473614,0,-1
NSDX-L^J19,0.0024266947572836807,0,-1
NTID-L,-0.06197200099654193,0,-1
OFUW-L^A21,0.011372171660672961,0,-1
OFVF-L,0.03175753729628131,0,-1
OFVI-L^C17,-0.04298880336761573,0,-1
PJWZ-L,-0.0022479407639970188,0,-1
PJUX-L,-0.12642657899243095,0,-1
PJUD-L,-0.0792294533864749,0,-1
PJTO-L^E23,-8.770956150690991e-05,0,-1
PJQL-L^H15,-0.038902443057972136,0,-1
PJLY-L,-0.09556429917567259,0,-1
PJEH-L,-0.04599292657942774,0,-1
PKBM-L^E23,-0.09104002236583528,0,-1
PJAU-L,-0.06344623495540828,0,-1
PGUD-L,-0.12098498492994304,0,-1
PBBJ-L,-0.0698778979244911,0,-1
OVJR-L,-0.13498429956933514,0,-1
OVJO-L^L19,0.07200556688453355,0,-1
OVJK-L,-0.01699007618017335,0,-1
OVFJ-L,-0.0989532885842844,0,-1
OUNQ-L^K18,-0.08570099803269973,0,-1
PICE-L,-0.03258026158674233,0,-1
OUEK-L^I18,-0.12046976625092357,0,-1
PKBZ-L,-0.04682194904268731,0,-1
PKGW-L,-0.023196814572105068,0,-1
PKQP-L,-0.016827584135251827,0,-1
PKQG-L^L22,-0.09806505438311885,0,-1
PKJZ-L,-0.004159535490266696,0,-1
PKJU-L,-0.04072376274143714,0,-1
PKJM-L,-0.06434490070015773,0,-1
PKJG-L,-0.062278181603460166,0,-1
PKIO-L^C18,0.10959682998764998,0,-1
PKEC-L,-0.17990347978369198,0,-1
PKIG-L,-0.04298880336761573,0,-1
PKHT-L^H21,-0.04298880336761573,0,-1
PKHS-L,-0.011751526672255923,0,-1
PKHN-L,-0.04298880336761573,0,-1
PKHM-L^J21,0.04784219288218316,0,-1
PKHJ-L,-0.03740029191610939,0,-1
PKHH-L^I16,-0.05565767466658127,0,-1
PKHC-L^H17,-0.04298880336761573,0,-1
PKHU-L^C17,0.029807632757223236,0,-1
NOBF-L,-0.04298880336761573,0,-1
OUBM-L^J22,-0.04298880336761573,0,-1
ORUE-L^D23,-0.09493248581450177,0,-1
OJFH-L,-0.04298880336761573,0,-1
OIRH-L,-0.038602710027924994,0,-1
OIQO-L,-0.04298880336761573,0,-1
OIPJ-L^D21,0.04761282167953207,0,-1
OIKK-L,-0.015095125218989433,0,-1
OIJN-L^H17,0.02107948863001016,0,-1
OIEH-L,0.007404308643411387,0,-1
OJIW-L,-0.053741177198617096,0,-1
OHEK-L,-0.06086791987292632,0,-1
OGVR-L^G16,-0.2423123784713411,0,-1
OGAS-L^I20,-0.34197416602320385,0,-1
OFWD-L^A21,0.25599655928797244,0,-1
OFWA-L,-0.0847076911800233,0,-1
OFVY-L^I18,-0.04298880336761573,0,-1
OFVX-L,-0.0002766087025317258,0,-1
OFVT-L^L19,-0.019901130575678366,0,-1
OGWH-L^L16,-0.04298880336761573,0,-1
OSZQ-L,-0.09221370872531776,0,-1
OJJC-L,-0.0662153890423073,0,-1
OJTY-L,-0.058502194826160404,0,-1
ORET-L,-0.04298880336761573,0,-1
ORDH-L^B19,-0.04298880336761573,0,-1
OQPO-L,0.060109597548104396,0,-1
OQPM-L^H16,-0.04298880336761573,0,-1
OQHR-L,-0.05594483574935784,0,-1
OQEI-L^G19,-0.07446094680504604,0,-1
OQDD-L^F19,-0.04298880336761573,0,-1
OJMF-L,-0.08561700158301418,0,-1
OQDC-L,0.031757537296281425,0,-1
OQCT-L,-0.04298880336761573,0,-1
OQCN-L^G22,-0.04298880336761573,0,-1
OQCL-L,0.02345238833362608,0,-1
OQCK-L,0.10650387796017835,0,-1
OQCH-L,-0.07664940711029776,0,-1
ONCO-L^K20,-0.004820459198817269,0,-1
OLFI-L,0.5549819219435606,0,-1
OQCU-L^G19,-0.04298880336761573,0,-1
PKXR-L,0.0444338172919129,0,-1
NNZW-L,-0.061444689951294006,0,-1
NNYI-L^D16,-0.04298880336761573,0,-1
MQWH-L,-0.073890147681833,0,-1
MQVM-L,-0.11730899613719174,0,-1
MQVH-L,-0.016923412777128548,0,-1
MQSD-L,-0.04047632132849303,0,-1
MQS-L,-0.07923900548189362,0,-1
MQRQ-L,-0.10096451504514711,0,-1
MQPG-L^B17,-0.025475016433815525,0,-1
MQMJ-L,0.0158197493318024,0,-1
MQMA-L,-0.04298880336761573,0,-1
MQFB-L,0.03877889391036915,0,-1
MQFA-L,-0.03484402969527385,0,-1
MQDA-L,-0.053827022763880746,0,-1
MQAX-L,-0.03131773295396483,0,-1
MPWH-L^G16,-0.04298880336761573,0,-1
MPVS-L,-0.09110139046161841,0,-1
MQXO-L,-0.0564649443269043,0,-1
MQYW-L^H19,-0.06648983624010736,0,-1
MQZB-L,-0.0975668229340674,0,-1
MRDX-L,-0.0479074814841589,0,-1
MVWD-L^F18,-0.1426505909194784,0,-1
MVSV-L,-0.0736188022941056,0,-1
MVFU-L,-0.19324811383042412,0,-1
MVEY-L,-0.02668051085912909,0,-1
MUZJ-L,-0.07486154688062191,0,-1
MUZE-L,-0.034582124466541714,0,-1
MUWM-L,-0.042662400133275616,0,-1
MPVO-L,-0.053897728761806145,0,-1
MUUZ-L,-0.004522850277423078,0,-1
MSQH-L^L16,-0.029807083971978638,0,-1
MSPW-L,-0.03766515721402057,0,-1
MSBY-L,-0.10942999506885748,0,-1
MRZG-L^D16,0.036740626673874545,0,-1
MRYM-L,-0.056483862538062445,0,-1
MRYI-L,0.05933773786210416,0,-1
MRHP-L,0.012087447647887275,0,-1
MSQY-L,-0.05467696432704493,0,-1
MPRE-L,-0.020731828480103125,0,-1
MPQS-L,-0.19296843154012572,0,-1
MPHH-L^G19,-0.04885126145890174,0,-1
MOLX-L^G19,-0.04298880336761573,0,-1
MOLE-L^B19,-0.05114294962185908,0,-1
MOIU-L,-0.16102471852675995,0,-1
MOIR-L,-0.018252604298987837,0,-1
MOIC-L,-0.052936560350611214,0,-1
MOHV-L,-0.08236736332713217,0,-1
MOHR-L,-0.09818610108864743,0,-1
MOLZ-L,-0.028039535234836384,0,-1
MOGO-L,-0.12692970113199212,0,-1
MOCW-L,-0.04298880336761573,0,-1
MOBH-L^C18,-0.04298880336761573,0,-1
MNXF-L,-0.06722700634875536,0,-1
MNXD-L,-0.053435531622527954,0,-1
MNWX-L,-0.05152186530948754,0,-1
MNNT-L,0.003008944733243915,0,-1
MMZD-L,-0.07279501949472779,0,-1
MOFT-L,-0.04916937933982421,0,-1
MWBG-L,-0.0029141274680598924,0,-1
MOMJ-L^H19,-0.06335565368475389,0,-1
MONE-L^J15,-0.09349308759997856,0,-1
MPEP-L,-0.009013193974935265,0,-1
MPEJ-L,-0.04298880336761573,0,-1
MPBY-L,-0.08148743781132595,0,-1
MOXX-L,-0.0856203328869677,0,-1
MOXM-L,-0.05375883209287572,0,-1
MOXD-L,-0.057270554854798525,0,-1
MOWB-L,-0.05269994211528742,0,-1
MOMR-L^J17,-0.0807787748556826,0,-1
MOVU-L,-0.06031484964334816,0,-1
MOUY-L^F23,-0.06861612016666624,0,-1
MOSH-L,-0.06725428207589533,0,-1
MORP-L,-0.06308208106735853,0,-1
MORB-L,-0.04298880336761573,0,-1
MORA-L^K15,0.04243558596255228,0,-1
MOQJ-L,-0.0026907762270799843,0,-1
MOOK-L^H18,-0.04298880336761573,0,-1
MOVE-L,-0.06016289730605683,0,-1
MWOI-L,-0.05228480524338599,0,-1
MWQQ-L,-0.061334980941879974,0,-1
MWSE-L,-0.0773229387439557,0,-1
NIVO-L,-0.04298880336761573,0,-1
NIRB-L^F22,-0.05416582627062835,0,-1
NINR-L,-0.026778753585083814,0,-1
NINQ-L,-0.06690763238006278,0,-1
NINM-L,0.021152210868373045,0,-1
NIMS-L,-0.05855242498530383,0,-1
NIMO-L,-0.05918998065437168,0,-1
NJCO-L,-0.08036197369956413,0,-1
NIKW-L,-0.013143562175614121,0,-1
NIIN-L,-0.048165105408181384,0,-1
NIIA-L,-0.06167538853358999,0,-1
NIHJ-L,-0.04536052662120495,0,-1
NIHF-L,0.0026895159269879625,0,-1
NIHB-L,-0.01553096394006176,0,-1
NHJE-L,-0.08095519862546825,0,-1
NHBL-L,-0.022809813762064306,0,-1
NIKH-L,-0.05909460513817455,0,-1
NGZW-L,-0.015808315853471384,0,-1
NJIU-L,-0.0596686004474254,0,-1
NJNJ-L,-0.024940863145174616,0,-1
NNHD-L^I21,-0.0078140548198996,0,-1
NNFN-L,-0.059280461098946614,0,-1
NNDB-L,0.032070283491527705,0,-1
NNCP-L,-0.012005864232321663,0,-1
NNAO-L,-0.1426505909194784,0,-1
NNAN-L,-0.06346725286457379,0,-1
NNAK-L,-0.0006708751148248342,0,-1
NJJO-L,-0.13330729833649135,0,-1
NMZP-L,0.012646568144852608,0,-1
NLIY-L,-0.06690763238006278,0,-1
NKVJ-L,-0.16258294842985102,0,-1
NKTC-L^J18,-0.04298880336761573,0,-1
NKTB-L,0.10650387796017835,0,-1
NKSB-L,-0.07173739593065306,0,-1
NKMR-L,-0.04298880336761573,0,-1
NKLJ-L,-0.028720521418759182,0,-1
NMFI-L^B17,-0.16258294842985102,0,-1
NNZM-L,0.006842090408315553,0,-1
NGUM-L^F20,-0.04298880336761573,0,-1
NGTG-L,-0.061408637881333356,0,-1
NDVO-L,-0.47934581913523083,0,-1
NDES-L,-0.05752176276758354,0,-1
NDEQ-L,-0.008786473988520886,0,-1
NCUQ-L,-0.06044780264677416,0,-1
NBNT-L,-0.059409052117579374,0,-1
NBHK-L,-0.0817461651933401,0,-1
NBGQ-L,-0.031949343823409374,0,-1
NEDG-L,0.09500444093496345,0,-1
NBBH-L^H19,-0.017269632386489892,0,-1
NAFG-L,-0.057486204453560515,0,-1
NAFF-L,-0.06805803139976013,0,-1
NADK-L,0.05053995110413229,0,-1
MZXG-L,0.0004999766550152567,0,-1
MZKY-L,-0.10847262919419993,0,-1
MZKE-L,-0.003453548801587567,0,-1
MXNF-L,-0.5300349180322743,0,-1
NAPC-L,-0.04298880336761573,0,-1
NGTY-L,-0.057573455204473614,0,-1
NENL-L,-0.12841319269778384,0,-1
NEUF-L^I19,-0.07119496965587875,0,-1
NGTE-L,-0.061345840656724306,0,-1
NGSN-L,-0.1091398588605551,0,-1
NGLG-L,-0.04298880336761573,0,-1
NGDI-L,-0.03304334431878121,0,-1
NGDB-L,-0.058209876375536485,0,-1
NFOY-L,0.10650387796017835,0,-1
NFKH-L,-0.11198542551890531,0,-1
NESS-L^F23,-0.04298880336761573,0,-1
NFBG-L^L19,-0.04298880336761573,0,-1
NEZP-L,-0.04298880336761573,0,-1
NEYX-L^C16,-0.02725273164890057,0,-1
NEYL-L,-0.021244413356300385,0,-1
NEYF-L^A21,-0.04298880336761573,0,-1
NEYB-L,-0.06723085979914988,0,-1
NEVV-L^L16,0.06663916293943324,0,-1
NEUH-L,0.005596318063917223,0,-1
NEZQ-L,-0.026827432413259685,0,-1
MKMQ-L,-0.025840016980886175,0,-1
PLFL-L,-0.07645285461754164,0,-1
PLKR-L^F15,-0.04298880336761573,0,-1
QGYO-L^H17,0.0054953094954526315,0,-1
QGSC-L^A20,-0.01815295854638482,0,-1
QGRB-L,-0.050142989512913835,0,-1
QGOI-L^E17,0.03591011177760889,0,-1
QGNN-L,0.0017192882444347084,0,-1
QGMB-L,-0.027389567055150218,0,-1
QGLJ-L,0.25599655928797244,0,-1
QGJJ-L^E23,-0.04298880336761573,0,-1
QGHS-L,-0.11773514403151276,0,-1
QGCY-L^I16,-0.04298880336761573,0,-1
QGCD-L,-0.12503004856589592,0,-1
QGBT-L,-0.08072482001346669,0,-1
QFWC-L^D19,-0.04298880336761573,0,-1
QFWB-L,0.016717804605966093,0,-1
QFTP-L,0.007564277274633559,0,-1
QHEL-L,0.0004122976630340928,0,-1
QHMY-L^F16,-0.10942999506885748,0,-1
QHOT-L,-0.034364225598704605,0,-1
QHTJ-L,0.016305772755677257,0,-1
QLBS-L,-0.04298880336761573,0,-1
QKPP-L^F15,-0.04298880336761573,0,-1
QKAE-L^K15,-0.05366685203388676,0,-1
QJMZ-L^G20,-0.11435156482450508,0,-1
QJKZ-L^K19,-0.09940113594414184,0,-1
QJHM-L^G15,-0.04298880336761573,0,-1
QJGN-L,-0.05929709587610237,0,-1
QFTE-L,-0.0659876774180456,0,-1
QJEI-L,-0.039968749199377554,0,-1
QIZA-L,-0.0762093992182366,0,-1
QIWF-L^K22,-0.062189698217057256,0,-1
QIUS-L,-0.0561490944336113,0,-1
QIUR-L,-0.06159233704396337,0,-1
QITS-L,-0.04363736163801827,0,-1
QIQT-L^A16,0.0886315685723862,0,-1
QIMZ-L,-0.06338291433382695,0,-1
QJDD-L^K17,0.006842090408315669,0,-1
QFRM-L^I19,-0.04298880336761573,0,-1
QFPS-L^L20,-0.04298880336761573,0,-1
QFPI-L,-0.04298880336761573,0,-1
QENN-L^H22,-0.06138790260795957,0,-1
QECR-L^J15,-0.04298880336761573,0,-1
QDQX-L^D20,-0.04298880336761573,0,-1
QCXS-L,-0.05910983140895555,0,-1
QCRG-L^H20,0.25599655928797244,0,-1
QCPY-L^D18,-0.04298880336761573,0,-1
QCOU-L^C18,-0.1426505909194784,0,-1
QEPN-L^I19,-0.04043337291756789,0,-1
QCMV-L,0.2493524401178482,0,-1
QCJD-L,0.0036613950609157403,0,-1
QCGF-L,-0.06319051706056082,0,-1
QBPI-L^L20,0.10650387796017835,0,-1
QBJH-L,0.054860951683303946,0,-1
QBJB-L,-0.1426505909194784,0,-1
QBIE-L^H21,-0.035514169301226084,0,-1
QBGD-L,-0.014514006924226391,0,-1
QCMS-L,0.0070828193637550016,0,-1
QLFE-L^C18,-0.04298880336761573,0,-1
QEUC-L^D21,-0.0792294533864749,0,-1
QEXD-L,0.0016490704361010607,0,-1
QFOS-L^H20,-0.04298880336761573,0,-1
QFNN-L^I20,-0.04298880336761573,0,-1
QFNK-L,-0.04506342824859913,0,-1
QFLS-L,-0.0497949742248161,0,-1
QFLD-L,-0.036141810329701624,0,-1
QFKF-L,-0.08820122406187536,0,-1
QFHU-L,-0.08110645916434396,0,-1
QEWF-L^F16,-0.038166458808654664,0,-1
QFDU-L,0.04243558596255228,0,-1
QFCL-L^L16,0.061918341423818725,0,-1
QFCI-L^D17,-0.04994195133635035,0,-1
QFBO-L,-0.11306900026804215,0,-1
QFAW-L,-0.01580831585347156,0,-1
QEYI-L,-0.0938799289260137,0,-1
QEXP-L,-0.00622830795914188,0,-1
QEXF-L,-0.06600927260494738,0,-1
QFCP-L^C16,0.10650387796017835,0,-1
QLFG-L^E18,0.03175753729628131,0,-1
QLFR-L,-0.007715249346450848,0,-1
QLFT-L,-0.09734977839590449,0,-1
TZE-L,-0.011579436812041943,0,-1
TSA-L,-0.13521314408724985,0,-1
TLP-L,-0.04084553911918864,0,-1
SII-L,-0.08745183156043909,0,-1
SHS-L,-0.024313441375915165,0,-1
RKG-L,-0.04298880336761573,0,-1
RJX-L,-0.04336090711703154,0,-1
UBK-L,-0.03359425082532047,0,-1
QXSY-L,-0.04192290189647287,0,-1
QXRQ-L,-0.034490072194915705,0,-1
QXJC-L^J18,-0.10942999506885748,0,-1
QWUA-L,-0.1950152589552029,0,-1
QWSV-L,-0.0038670073024515933,0,-1
QVUZ-L^K15,-0.1924814846954098,0,-1
QVSN-L^L18,-0.026144557584202335,0,-1
QVPT-L,0.014593562773460392,0,-1
QXSD-L,-0.04298880336761573,0,-1
QVPA-L,-0.07581117125535848,0,-1
UVV-L^B16,-0.07623738624085713,0,-1
VPT-L,-0.03715304482521651,0,-1
ZTK-L,-0.016564905624219976,0,-1
YOW-L^C23,-0.04298880336761573,0,-1
YOP-L,-0.04298880336761573,0,-1
YIE-L^E16,-0.04298880336761573,0,-1
YGX-L,-0.04298880336761573,0,-1
YCX-L,-0.05933158551374832,0,-1
YBR-L,-0.0281455584130831,0,-1
VJR-L,-0.03793480327442938,0,-1
XKZ-L,-0.04298880336761573,0,-1
WYM-L,-0.1261400973593845,0,-1
WWA-L,-0.05405028577271906,0,-1
WRU-L,-0.049845723507601476,0,-1
WRH-L,-0.08039048107586626,0,-1
WRF-L,-0.09571215901591924,0,-1
VQI-L,-0.036921114627776336,0,-1
VPZ-L^F18,-0.04298880336761573,0,-1
WYY-L,-0.07222322436173291,0,-1
QBE-L,-0.043196793185115316,0,-1
QVNL-L,-0.04582278784776343,0,-1
QVEK-L,-0.06969956365172651,0,-1
QTBX-L,-0.0078140548198996,0,-1
QSXL-L^K15,-0.04298880336761573,0,-1
QSUR-L^B16,-0.02456393508071667,0,-1
QSKD-L,0.056672984184247016,0,-1
QSHM-L^L20,0.0017192882444347084,0,-1
QPL-L,-0.102532498472754,0,-1
QOKW-L,0.25599655928797244,0,-1
QTEA-L^J15,-0.01807335647965003,0,-1
QNJL-L,-0.34197416602320385,0,-1
QMUM-L,-0.04298880336761573,0,-1
QMAF-L,0.15774555538193993,0,-1
QLQI-L,0.02345238833362608,0,-1
QLOQ-L,-0.055988166961336884,0,-1
QLMG-L,-0.027389567055150218,0,-1
QLLM-L,-0.5796424099265043,0,-1
QLLI-L,0.0309176907719679,0,-1
QNCP-L,-0.04298880336761573,0,-1
QVGU-L,0.009956521269311359,0,-1
QTFK-L^I19,-0.018498534754188774,0,-1
QTGC-L^B19,-0.04298880336761573,0,-1
QVCX-L,-0.0682997335395173,0,-1
QUQH-L^A21,-0.04298880336761573,0,-1
QUON-L,-0.044663791393697416,0,-1
QUNF-L,0.02407561321499986,0,-1
QUCT-L,-0.09036622359600548,0,-1
QUCB-L,-0.020841739467201872,0,-1
QUBC-L,-0.042239935834351934,0,-1
QTFR-L,-0.04298880336761573,0,-1
QTZL-L,-0.07845127991981227,0,-1
QTSB-L,-0.2604327034807707,0,-1
QTJO-L^J21,-0.011516659930185469,0,-1
QTIO-L,-0.04298880336761573,0,-1
QTIN-L,-0.025794756952917393,0,-1
QTID-L,0.02388438567888779,0,-1
QTGU-L,0.04396709891867087,0,-1
QTGE-L^D21,0.02511341812615702,0,-1
QTVX-L,-0.0593715629651822,0,-1
PLKO-L^I18,-0.1426505909194784,0,-1
QAVK-L,-0.02174940602049751,0,-1
QASO-L,-0.026747623173978836,0,-1
POEI-L^A16,0.12271392774271031,0,-1
PODE-L,-0.10120633058659055,0,-1
PODD-L,0.19619948675685484,0,-1
POCM-L^L19,-0.0471579219703828,0,-1
POCK-L,-0.06212386657757337,0,-1
PNZV-L,-0.06870402423800877,0,-1
PNZT-L^K17,-0.018414663971266083,0,-1
PNZO-L,-0.03324589949289192,0,-1
PNYX-L,0.07054994194463288,0,-1
PNYT-L,-0.0822110211072918,0,-1
PNYA-L,0.09860903448290123,0,-1
PNXV-L,0.25599655928797244,0,-1
PNUN-L^A23,-0.010372218350642564,0,-1
PNTC-L^B16,-0.04298880336761573,0,-1
PNSD-L,0.04243558596255228,0,-1
POFN-L,0.004848854657278377,0,-1
POHS-L,-0.010100413475501089,0,-1
POKP-L^A16,-0.06325899744596065,0,-1
POLV-L,-0.11773514403151265,0,-1
PQAF-L,-0.1924814846954098,0,-1
PPZK-L,-0.08285351838836072,0,-1
PPYH-L^L22,-0.029398559610543558,0,-1
PPXV-L,-0.06201514462751684,0,-1
PPUF-L^C16,0.05435526819466878,0,-1
PPSM-L^I22,-0.04298880336761573,0,-1
PPRX-L^E21,-0.0731191112321323,0,-1
PNSA-L^D21,-0.04298880336761573,0,-1
PPQA-L,-0.06523887686756642,0,-1
PPLS-L,-0.09281969714354701,0,-1
PPLK-L^L16,0.2559965592879723,0,-1
PPDV-L^I19,-0.04298880336761573,0,-1
POWH-L^I16,0.21328436462288844,0,-1
POVY-L^F15,-0.009768207516994858,0,-1
POVD-L,-0.1426505909194784,0,-1
POPF-L,-0.11773514403151276,0,-1
PPPL-L,-0.02924234991218629,0,-1
PNRY-L,-0.03745203739251222,0,-1
PNRU-L^L15,-0.04298880336761573,0,-1
PNRN-L,-0.04298880336761573,0,-1
PMEE-L,0.07660534169461947,0,-1
PMAL-L,-0.0377508569181536,0,-1
PLQE-L,-0.010733121089419524,0,-1
PLPI-L,-0.03376086007577671,0,-1
PLNR-L^G15,0.105307936509556,0,-1
PLNK-L,-0.08783660776595394,0,-1
PLNI-L^J19,-0.04298880336761573,0,-1
PMGU-L,-0.07267529327668111,0,-1
PLNG-L,-0.11773514403151265,0,-1
PLMF-L,0.02237641761781646,0,-1
PLMC-L^L16,-0.13498429956933514,0,-1
PLLV-L^H20,-0.002218072096399215,0,-1
PLLL-L,-0.0002766087025317258,0,-1
PLLC-L,-0.0078140548198996,0,-1
PLKY-L^J21,0.05002886501412284,0,-1
PLKS-L,-0.07016929088176013,0,-1
PLMW-L,0.12785997529272028,0,-1
PQBC-L,-0.12041834600406286,0,-1
PNCM-L,-0.04298880336761573,0,-1
PNCS-L,-0.04298880336761573,0,-1
PNRC-L,0.1488700069500862,0,-1
PNMY-L^D23,0.011372171660672961,0,-1
PNMG-L,-0.07834011228171753,0,-1
PNLY-L^H21,0.0816944542504593,0,-1
PNLU-L,-0.04298880336761573,0,-1
PNIL-L,-0.04298880336761573,0,-1
PNHR-L^G15,-0.1924814846954098,0,-1
PNCN-L^L16,0.020945173552447214,0,-1
PNGC-L,-0.04298880336761573,0,-1
PNFK-L,-0.04298880336761573,0,-1
PNFH-L,-0.021330021190990433,0,-1
PNER-L^A18,-0.2423123784713411,0,-1
PNEP-L^G21,-0.08808167773534373,0,-1
PNED-L^A21,0.1563347717361096,0,-1
PNEA-L,-0.04298880336761573,0,-1
PNDH-L,0.016808269163501782,0,-1
PNFN-L^B18,0.3556583468398352,0,-1
PQCO-L,-0.023556962958685323,0,-1
PQFG-L^J15,-0.04298880336761573,0,-1
PQFH-L,-0.10942999506885753,0,-1
PVWZ-L,-0.004837025320418359,0,-1
PVSG-L,-0.10682241297697202,0,-1
PVQL-L,-0.04298880336761573,0,-1
PVPW-L,-0.04738564693608021,0,-1
PVPU-L^B22,-0.04298880336761573,0,-1
PVPN-L^C19,-0.04298880336761573,0,-1
PVMD-L,-0.04298880336761573,0,-1
PWDA-L,0.04751487397677838,0,-1
PVLX-L,-0.030531079923632968,0,-1
PVFQ-L,-0.06519461279561695,0,-1
PVFF-L,-0.13175008290599347,0,-1
PVEB-L,-0.03071014371030208,0,-1
PVDU-L^D20,-0.04298880336761573,0,-1
PVCJ-L,-0.037016561416942324,0,-1
PUZC-L,-0.08762934809400995,0,-1
PUPL-L^I20,-0.05642634775663096,0,-1
PVLU-L,-0.05005753746808029,0,-1
PUHQ-L,-0.02380257688704329,0,-1
PWEU-L,0.10650387796017835,0,-1
PWGA-L^L18,-0.08285351838836072,0,-1
QAOV-L,-0.03846678275805628,0,-1
QAJT-L,-0.0002766087025317258,0,-1
PXKU-L,-0.04298880336761573,0,-1
PXKS-L,0.03674062667387443,0,-1
PXKA-L,-0.1325848609891571,0,-1
PXJX-L,-0.009841867374756756,0,-1
PXJB-L^C18,0.1860212616451752,0,-1
PWFQ-L^I21,-0.0007565210021394991,0,-1
PXHO-L^J22,0.05165404524278632,0,-1
PXGF-L^A23,0.25599655928797244,0,-1
PXFC-L^H16,-0.053994399538987,0,-1
PXDP-L^I15,-0.02891890394852928,0,-1
PXAW-L,0.10650387796017835,0,-1
PWYH-L,-0.07813021092144787,0,-1
PWKN-L,-0.035419553680132464,0,-1
PWHQ-L^A22,-0.06898753055505823,0,-1
PXGJ-L^F20,-0.09734977839590449,0,-1
QAUL-L,0.017043367830306102,0,-1
PUHJ-L^C18,-0.059599101292926136,0,-1
PTVJ-L,-0.06178306398504401,0,-1
PRIF-L,-0.2423123784713411,0,-1
PREE-L,-0.09531124183234366,0,-1
PRAS-L^E16,-0.04298880336761573,0,-1
PRAL-L,-0.04298880336761573,0,-1
PQQS-L,-0.0651906867331297,0,-1
PQLL-L,-0.02729620146027831,0,-1
PQLD-L,-0.061425721928083626,0,-1
PRKO-L,-0.04298880336761573,0,-1
PQLB-L,-0.08680562375679673,0,-1
PQKD-L,-0.04298880336761573,0,-1
PQKB-L^B20,0.15633477173610982,0,-1
PQHC-L,-0.16258294842985102,0,-1
PQGX-L,-0.09955360170786207,0,-1
PQGL-L,-0.1070570953652418,0,-1
PQGJ-L,0.13743339823489437,0,-1
PQFO-L^G17,-0.033022624612429496,0,-1
PQKG-L,-0.076910625515875,0,-1
PTVN-L,-0.09033611864991874,0,-1
PRKP-L,0.016808269163501782,0,-1
PRKY-L,0.10343631267985433,0,-1
PTUL-L^H22,-0.09867817583075265,0,-1
PTTT-L,-0.002585375981725477,0,-1
PTOX-L^H15,-0.04298880336761573,0,-1
PTKS-L,-0.04298880336761573,0,-1
PTKG-L,-0.04298880336761573,0,-1
PTIV-L^J19,-0.04298880336761573,0,-1
PTFJ-L,-0.04298880336761573,0,-1
PRKR-L,-0.08036197369956424,0,-1
PTEH-L,-0.04298880336761573,0,-1
PSDC-L^B23,-0.24872149664187895,0,-1
PRWG-L,-0.020165493241235018,0,-1
PRVD-L^H17,-0.04298880336761573,0,-1
PROU-L,-0.06171195719340597,0,-1
PRMR-L,0.057163928950512415,0,-1
PRLZ-L^D23,-0.056131017110718516,0,-1
PRLD-L^E17,-0.09871907247722154,0,-1
PTDX-L,-0.11126618800314636,0,-1
MKEX-L,-0.015256827701010571,0,-1
ZVG-L,-0.07295630249728044,0,-1
MIUV-L,-0.154773343566632,0,-1
FTXZ-L,-0.1102288646049774,0,-1
FTXS-L,-0.05884048371670716,0,-1
FTXO-L,-0.04152885449605233,0,-1
FTXN-L,-0.053270383244633256,0,-1
FTXF-L,-0.0757476247869524,0,-1
FTWV-L,-0.03357194155169175,0,-1
FTWO-L,-0.04903156553025065,0,-1
FTWJ-L,-0.06443344173387472,0,-1
FTWI-L,-0.06730471795777358,0,-1
FTWG-L,0.020347659749455904,0,-1
FTVW-L,-0.07562110532713424,0,-1
FTVQ-L,-0.04144329632381341,0,-1
FTVH-L,-0.07253024528038285,0,-1
FTVF-L,-0.04298880336761573,0,-1
FTVA-L,-0.036948695031139206,0,-1
FTYN-L,-0.06648250819742801,0,-1
FTYP-L,-0.001774972939647742,0,-1
FTYW-L,-0.02970056502736744,0,-1
FTZA-L,0.0021410626936049734,0,-1
FUIW-L,-0.020165493241235018,0,-1
FUIR-L,-0.04298880336761573,0,-1
FUHD-L,-0.3209188587939371,0,-1
FUGB-L,-0.06547928924207094,0,-1
FUFX-L,-0.07509461412257819,0,-1
FUFJ-L,-0.04845164203876493,0,-1
FUFI-L,-0.09604802124375122,0,-1
FTUU-L,-0.03649304413068087,0,-1
FUEZ-L,-0.023159722321027518,0,-1
FUEW-L,-0.020634757561590483,0,-1
FUCW-L,0.0016871703625295565,0,-1
FUCN-L,-0.07653958147901549,0,-1
FUBX-L,-0.03159888479026008,0,-1
FUAE-L,-0.04153388676101931,0,-1
FTZW-L,-0.053627814566181674,0,-1
FTZU-L,-0.09117556959682349,0,-1
FUEY-L^H15,0.16630095049129603,0,-1
FTUF-L,-0.018716928908490575,0,-1
FTUE-L,-0.04752621028936988,0,-1
FTTX-L,-0.04298880336761573,0,-1
FTOH-L,-0.035132253691994415,0,-1
FTNV-L,-0.07230777849689798,0,-1
FTNS-L,-0.056579047124687906,0,-1
FTMU-L,-0.012323637967042694,0,-1
FTMS-L,0.050548516792791626,0,-1
FTMP-L^C19,-0.000645453216047181,0,-1
FTMM-L,-0.045311921958568126,0,-1
FTON-L,-0.05165504576342988,0,-1
FTLO-L^C20,-0.024342404406299617,0,-1
FTLK-L,-0.041255554888453005,0,-1
FTLH-L,-0.016923412777128548,0,-1
FTKZ-L,0.09918275138646332,0,-1
FTKY-L,-0.021263223382261602,0,-1
FTKU-L,-0.025805736548329083,0,-1
FTJW-L,-0.08054054857487045,0,-1
FTJK-L,-0.004967543376731647,0,-1
FTLN-L,-0.06748899280744858,0,-1
FULC-L^F22,-0.04298880336761573,0,-1
FTPI-L,-0.018245187147842908,0,-1
FTPZ-L^F15,-0.03970324993184009,0,-1
FTTP-L,-0.04298880336761573,0,-1
FTTO-L,0.05708554037162902,0,-1
FTTL-L,-0.09931937894040767,0,-1
FTTG-L,0.004679367826366455,0,-1
FTSS-L,-0.04298880336761573,0,-1
FTSP-L^I22,-0.07006672300434821,0,-1
FTSM-L,-0.06392043955471712,0,-1
FTPQ-L,-0.045575267992152446,0,-1
FTSK-L,-0.05822372630548001,0,-1
FTRX-L,-0.06167538853358999,0,-1
FTRQ-L,-0.04852556934271924,0,-1
FTRM-L,0.042647557151957116,0,-1
FTRH-L,-0.11630165256672563,0,-1
FTRE-L,-0.06199211031606404,0,-1
FTQQ-L,-0.07938950400126325,0,-1
FTQA-L,-0.03026602197801632,0,-1
FTSJ-L,-0.04298880336761573,0,-1
FTJE-L,0.009855121194767285,0,-1
FUMC-L,-0.015808315853471384,0,-1
FUOT-L,-0.05088740657685426,0,-1
FWFK-L,-0.04933332034704459,0,-1
FWDK-L,-0.07166919400915224,0,-1
FWCJ-L,-0.052405665183539715,0,-1
FWBU-L,-0.14550583994893151,0,-1
FWBT-L,-0.09330010015102759,0,-1
FWAN-L,-0.0531117891575878,0,-1
FVZE-L^A22,0.013575994972630625,0,-1
FVYE-L,-0.018021340932911026,0,-1
FVWA-L,-0.04157849505320266,0,-1
FVVT-L,-0.04298880336761573,0,-1
FVVQ-L,0.012208494353415866,0,-1
FVUH-L,-0.007122037214114242,0,-1
FVUA-L,-0.014722868511830668,0,-1
FVTW-L^H21,-0.036219323458432616,0,-1
FVTE-L,0.033490623729026954,0,-1
FWGH-L,-0.0901970185237612,0,-1
FWGS-L,-0.04548410604236827,0,-1
FWHN-L,-0.08184610681743944,0,-1
FWII-L,-0.05972305874013001,0,-1
FWTX-L,-0.056420826234487756,0,-1
FWTS-L,-0.03227015375584568,0,-1
FWTO-L,-0.05045100043888658,0,-1
FWSD-L^I15,-0.21042060645474508,0,-1
FWRG-L,-0.04464392202209503,0,-1
FWQS-L,-0.05329864345918772,0,-1
FWQO-L^K18,-0.03134002300441104,0,-1
FVSZ-L,0.00194860014816186,0,-1
FWQI-L,-0.05349735919791423,0,-1
FWPQ-L,-0.055401939397697435,0,-1
FWPG-L,-0.026827432413259685,0,-1
FWOR-L,-0.045377501338232866,0,-1
FWMB-L,-0.05254653217381887,0,-1
FWLN-L,-0.058588039680081055,0,-1
FWIX-L,-0.08004254489330823,0,-1
FWIU-L,-0.06439887567235449,0,-1
FWQE-L,-0.032287031561873895,0,-1
FVSW-L,0.031011565832569678,0,-1
FVSS-L,-0.021842490881169442,0,-1
FVRF-L,-0.04784301163425356,0,-1
FUYP-L,-0.04404715863365322,0,-1
FUXV-L,-0.06544779774550018,0,-1
FUXL-L,-0.0763639136175418,0,-1
FUWW-L,-0.07021464568810078,0,-1
FUVZ-L,-0.10176936986161896,0,-1
FUUY-L,-0.04827782643228273,0,-1
FUUW-L,-0.041024437837252015,0,-1
FVBT-L,0.1321311947592288,0,-1
FUUR-L,-0.04968731213887406,0,-1
FUUC-L,-0.04043566993370285,0,-1
FURT-L,-0.018245187147842908,0,-1
FURL-L,-0.060716555771367774,0,-1
FUQX-L,-0.10876558315184506,0,-1
FUQR-L,-0.05955726175155264,0,-1
FUQM-L,-0.07241575388766096,0,-1
FUPV-L,-0.038616800723266904,0,-1
FUUE-L^C21,-0.11094002215297666,0,-1
FUMG-L,-0.0564656060248792,0,-1
FVDV-L,-0.17762479533903508,0,-1
FVFT-L^K19,-0.04298880336761573,0,-1
FVPL-L,-0.09531124183234366,0,-1
FVOO-L,-0.03140083868810539,0,-1
FVNP-L,-0.005217440962115224,0,-1
FVNI-L^A23,-0.04298880336761573,0,-1
FVMW-L,-0.07829065819464147,0,-1
FVLD-L,-0.08989619711318582,0,-1
FVKF-L^J22,-0.04298880336761573,0,-1
FVFM-L,-0.07359175540906468,0,-1
FVJH-L,-0.07437245905405043,0,-1
FVIP-L,-0.08268810463308798,0,-1
FVIM-L,-0.06172610465419836,0,-1
FVHT-L,-0.04298880336761573,0,-1
FVHJ-L,-0.040926835349301305,0,-1
FVHC-L,-0.0029671406499386455,0,-1
FVHB-L,-0.015016651168593364,0,-1
FVGU-L,-0.04486626247377326,0,-1
FVIX-L,-0.06941697381663636,0,-1
FTIZ-L,-0.03081292887032942,0,-1
FTIY-L^A23,-0.0684217817933136,0,-1
FTIV-L,-0.08948562287644132,0,-1
FSAG-L,-0.06051089924506763,0,-1
FRZX-L,-0.013459384833730489,0,-1
FRZT-L,0.004666521241383082,0,-1
FRZP-L^D19,-0.06307232718630092,0,-1
FRZJ-L,0.04320517505561681,0,-1
FRZA-L,-0.10197567101645452,0,-1
FRYR-L,-0.06653221048282025,0,-1
DSUX-L,-0.1429591413453356,0,-1
DSUH-L,-0.06965692307114854,0,-1
DSNO-L,-0.054880266655053814,0,-1
DRZY-L,-0.057604009642679393,0,-1
DRXR-L,-0.0442294065321618,0,-1
DRSR-L,-0.0649396274613171,0,-1
DQYN-L,-0.06336214223883722,0,-1
DQVU-L^I15,-0.023056445857243143,0,-1
FSAJ-L,-0.045369260076657016,0,-1
FSAL-L,0.03175753729628131,0,-1
FSAM-L,0.0018226281155575644,0,-1
FSBG-L,-0.05961466858245315,0,-1
FSEO-L^F23,-0.04298880336761573,0,-1
FSDX-L,-0.0283146751391206,0,-1
FSDW-L^B17,-0.1460872042833358,0,-1
FSDV-L^F19,-0.07598029166064606,0,-1
FSDJ-L,-0.025401429093757574,0,-1
FSDG-L^J21,-0.10342201496821331,0,-1
FSDF-L,-0.08285351838836078,0,-1
DPXL-L,-0.028751405145921123,0,-1
FSCW-L,-0.0334059391799367,0,-1
FSCH-L^F18,0.008790784578324164,0,-1
FSCD-L,-0.046901370817852416,0,-1
FSCC-L,-0.1395465195200705,0,-1
FSBV-L,-0.022121776966353333,0,-1
FSBR-L,0.009773319453958556,0,-1
FSBO-L,-0.001619759478163289,0,-1
FSBJ-L,-0.026490912455855123,0,-1
FSCT-L^I21,-0.03615485222120236,0,-1
DPPH-L,-0.05269139504879655,0,-1
DPMG-L,-0.03924680884126306,0,-1
DPCZ-L^F20,-0.10942999506885748,0,-1
BJAH-L,-0.021532755501536195,0,-1
BIUE-L,-0.05005985389003703,0,-1
BFQQ-L,-0.04298880336761573,0,-1
BDRV-L,-0.05402695662149615,0,-1
BDLO-L,-0.05329864345918778,0,-1
BDIM-L^C23,-0.04298880336761573,0,-1
BDAJ-L,-0.012480092892555774,0,-1
BJAL-L,0.0065076548796180215,0,-1
BCZN-L,-0.06974202807924021,0,-1
BCYN-L,-0.07551106837452987,0,-1
BCIP-L,-0.0336455107846286,0,-1
BBXK-L,-0.005888429899404155,0,-1
BBTU-L^C18,0.056672984184246884,0,-1
BBOU-L,-0.042000422003464946,0,-1
BBIO-L^E18,-0.012147906360162625,0,-1
BAJS-L,-0.06538225422148146,0,-1
BCZB-L,-0.09575092618919007,0,-1
FSET-L,0.052407304561404675,0,-1
BKLD-L,-0.09204108942829821,0,-1
BPVK-L,-0.04422641093983615,0,-1
DOXQ-L^G21,-0.05204896587233049,0,-1
DOT-L,-0.06378778511756952,0,-1
DOS-L,-0.04426040512266335,0,-1
DOQX-L^J16,-0.04298880336761573,0,-1
DNLM-L,-0.06804964543636002,0,-1
DNDW-L,-0.0896390017961472,0,-1
DMXC-L,-0.06014370122490355,0,-1
BLYM-L,-0.026215916482506003,0,-1
DLY-L^F16,-0.06167538853358999,0,-1
BUBU-L,-0.008884009148347171,0,-1
BUBP-L^K18,-0.05795192624379891,0,-1
BSW-L,-0.02714975330483927,0,-1
BSBT-L,-0.09818170149533306,0,-1
BRIO-L^L15,-0.006748153348756624,0,-1
BQCM-L,-0.079582283080678,0,-1
BPVY-L,-0.09408560899466774,0,-1
CWI-L,-0.04417603842779667,0,-1
FSEW-L,0.008313888958659543,0,-1
FSFM-L,-0.07031836119719417,0,-1
FSGT-L,-0.04298880336761573,0,-1
FTAW-L,-0.07373729802199475,0,-1
FTAU-L,-0.10212574262332079,0,-1
FTAT-L,-0.04952230244749839,0,-1
FTAN-L,-0.08705423583598218,0,-1
FTAM-L,-0.053469840065874255,0,-1
FTAK-L,0.016808269163501904,0,-1
FTAG-L,0.020078421567547397,0,-1
FTBB-L,-0.047893295120956546,0,-1
FTAE-L,-0.04298880336761573,0,-1
FSXN-L,-0.012902225993468512,0,-1
FSXI-L,-0.010872728606657476,0,-1
FSXE-L,-0.020465768090643103,0,-1
FSWP-L,-0.13531960455880462,0,-1
FSWD-L^I15,-0.0023500162105455453,0,-1
FSVZ-L,-0.026870049564911954,0,-1
FSVT-L,-0.04298880336761573,0,-1
FSXX-L,0.032781459771129166,0,-1
FSVP-L,-0.0563512776762453,0,-1
FTBK-L,-0.022718609289270747,0,-1
FTBX-L,-0.05410960039321989,0,-1
FTIT-L,-0.03406386716894143,0,-1
FTHX-L^E20,0.08239215516537284,0,-1
FTHP-L,0.027881801113708797,0,-1
FTHH-L,-0.05113237355667829,0,-1
FTHF-L,-0.045209678856236536,0,-1
FTHD-L,-0.05529272775673464,0,-1
FTGU-L,0.022966771650095332,0,-1
FTBO-L,-0.028594322517597474,0,-1
FTGM-L^B22,-0.0008781889090822504,0,-1
FTDO-L,0.025453629047518963,0,-1
FTCZ-L,-0.04249389691174052,0,-1
FTCS-L^A20,-0.03479742356883249,0,-1
FTCO-L,-0.060182849782314,0,-1
FTCH-L,-0.06284633539498666,0,-1
FTCC-L,-0.0450894031052427,0,-1
FTBY-L,-0.010729382080484847,0,-1
FTFK-L,0.052686512682172414,0,-1
ZUA-L,-0.0625944009188018,0,-1
FSVI-L^B17,-0.056579047124687906,0,-1
FSUN-L,-0.05072384250940781,0,-1
FSMQ-L^F21,-0.06565241686337459,0,-1
FSMN-L,-0.01925794157727045,0,-1
FSMI-L,-0.044674811051763866,0,-1
FSMD-L^J17,-0.037743446128044006,0,-1
FSLM-L,-0.06277364234177737,0,-1
FSLE-L,-0.05594123785089026,0,-1
FSKE-L,-0.03824300396038419,0,-1
FSNE-L,-0.03293887521112545,0,-1
FSJT-L,0.0597874150452427,0,-1
FSJK-L,-0.016451641001735226,0,-1
FSIY-L,-0.06274554539331538,0,-1
FSIV-L^H15,0.07802908151678895,0,-1
FSIG-L^E18,-0.011666527279887432,0,-1
FSHU-L,-0.13300590180155622,0,-1
FSHK-L,-0.039080497973425096,0,-1
FSHC-L,0.04243558596255228,0,-1
FSJP-L^G19,-0.04298880336761573,0,-1
FSUW-L,-0.08644597817220699,0,-1
FSNP-L,-0.02236912318447169,0,-1
FSOM-L,-0.044153303319536194,0,-1
FSUM-L^D21,0.09749829474766065,0,-1
FSUH-L,-0.04298880336761573,0,-1
FSUE-L,-0.055511750494551274,0,-1
FSSU-L^H22,-0.04298880336761573,0,-1
FSSR-L,0.06716369866339032,0,-1
FSSO-L,-0.0023858528835236535,0,-1
FSSB-L,-0.029135902397281355,0,-1
FSOF-L,-0.04298880336761573,0,-1
FSRS-L,0.016314078481426568,0,-1
FSRJ-L,-0.06878811558142485,0,-1
FSRI-L,-0.04704041848530795,0,-1
FSQP-L,-0.04298880336761573,0,-1
FSQI-L^J16,-0.046425416731472935,0,-1
FSPX-L^C23,-0.04298880336761573,0,-1
FSPS-L^F15,-0.04298880336761573,0,-1
FSOU-L^I17,-0.03241564712439261,0,-1
FSRQ-L^J19,-0.034173510119785144,0,-1
FWWS-L,-0.0005521712487580382,0,-1
FWVH-L,-0.03900233186554115,0,-1
FWZL-L,-0.05058764933931204,0,-1
LYXS-L^D18,-0.05129395233027096,0,-1
LYWK-L,-0.08570099803269979,0,-1
LYWA-L,0.02513444381973342,0,-1
LYTD-L,-0.006190604886927979,0,-1
LYRY-L,0.006842090408315669,0,-1
LYRH-L,0.020121563419843554,0,-1
LYBM-L,0.04900669283410361,0,-1
LXXV-L,-0.012932073788482447,0,-1
LXWQ-L^G17,-0.04298880336761573,0,-1
LXVK-L,-0.054184606673969855,0,-1
LXUH-L,-0.017488985657117963,0,-1
LXPR-L^J16,-0.10828445728090505,0,-1
LXOK-L,-0.08712473785486914,0,-1
LXMV-L,0.015553785124387548,0,-1
LXGK-L,0.0350073781947117,0,-1
LYZR-L,0.004095505712004477,0,-1
LZDB-L,-0.023295156725630848,0,-1
LZDL-L,-0.061384960634943815,0,-1
LZDU-L,0.030885628762556183,0,-1
MACX-L,-0.009768207516994974,0,-1
MAAQ-L,-0.09993839625439441,0,-1
LZZF-L,-0.04298880336761573,0,-1
LZZD-L,-0.04298880336761573,0,-1
LZYY-L^K17,0.06932041915275747,0,-1
LZXW-L,-0.04298880336761573,0,-1
LZXP-L,-0.04298880336761573,0,-1
LXFW-L,0.0024266947572836807,0,-1
LZXI-L^G17,-0.04298880336761573,0,-1
LZWP-L,-0.059329792069241764,0,-1
LZUD-L,-0.03535450979624787,0,-1
LZPC-L,0.03452592028383298,0,-1
LZOS-L,-0.006172333686093581,0,-1
LZOO-L^J22,0.01367920933183646,0,-1
LZLE-L,-0.09638029137185418,0,-1
LZJJ-L,-0.05708702058311786,0,-1
LZWU-L,-0.1327814853339855,0,-1
LWXP-L,-0.06139425150348768,0,-1
LWWC-L^I19,-0.07816355191533197,0,-1
LWUB-L,-0.030205581211319756,0,-1
LUTI-L,0.14387704829212686,0,-1
LURY-L,-0.04797189274520885,0,-1
LUPP-L,0.06433927553439027,0,-1
LUPL-L^K21,-0.03512076750825821,0,-1
LUPI-L,-0.062278181603460166,0,-1
LUOS-L,-0.09637904669897077,0,-1
LUOR-L,-0.04562013769241733,0,-1
LUTK-L,-0.04298880336761573,0,-1
LUMA-L^A23,0.05035296838827529,0,-1
LULR-L,-0.025656318575987377,0,-1
LUKI-L^A23,-0.04298880336761573,0,-1
LUJG-L,-0.03349720455315265,0,-1
LUJE-L^H19,-0.03844149747171324,0,-1
LUIK-L,-0.01436970896927687,0,-1
LTUD-L,-0.05243629623963245,0,-1
LTUC-L,-0.018515240258017807,0,-1
LULZ-L^F19,-0.021136052608735453,0,-1
MASR-L,-0.06165594359585219,0,-1
LUTQ-L,-0.09734977839590442,0,-1
LUWP-L^L19,0.19619948675685484,0,-1
LWSG-L,0.04876331850552775,0,-1
LWNH-L,0.013867429530823892,0,-1
LWNF-L,-0.04298880336761573,0,-1
LWMG-L,0.027791404934523558,0,-1
LWM-L,-0.04569960398902638,0,-1
LWLC-L,0.007902322190782312,0,-1
LWFX-L,-0.018330216756845544,0,-1
LUTV-L,-0.023056445857243143,0,-1
LWAQ-L,-0.33566893277445925,0,-1
LVWS-L,-0.012480092892555774,0,-1
LVWO-L,-0.046499394709951375,0,-1
LVSN-L^A20,-0.0078140548198996,0,-1
LVKP-L,0.02027772388373736,0,-1
LVKF-L,0.038552659174817434,0,-1
LUZN-L^H21,-0.06728476370469795,0,-1
LUWV-L^L16,-0.051069488844793724,0,-1
LVYI-L,-0.08848657594564006,0,-1
FWXD-L^G16,-0.049011530097368604,0,-1
MATB-L,-0.03137772132273854,0,-1
MAUF-L^E21,-0.03479742356883249,0,-1
MDXD-L,0.013604854563620632,0,-1
MDWU-L,0.017496424450050046,0,-1
MDWJ-L,-0.04298880336761573,0,-1
MDVF-L,-0.13236654154733501,0,-1
MDSY-L,-0.11007820181716221,0,-1
MDSP-L,0.008600827835701525,0,-1
MDLC-L^C17,0.07385605100353372,0,-1
MDKX-L^A20,-0.05598816696133683,0,-1
MDFZ-L,0.04273427263853189,0,-1
MDFW-L,-0.13359042841476365,0,-1
MDFN-L^A23,0.03340699196830705,0,-1
MDFJ-L^K19,-0.0078140548198996,0,-1
MDFF-L,-0.08907095100627517,0,-1
MDEE-L,-0.06057617764147383,0,-1
MDED-L,-0.0989038741680056,0,-1
MFBH-L,-0.08985573803340473,0,-1
MFRZ-L,-0.049707575562123345,0,-1
MFST-L,0.06824661112575345,0,-1
MGDO-L,-0.03205908352065813,0,-1
MINJ-L,-0.1312967163882536,0,-1
MILH-L,-0.06492278667728602,0,-1
MILD-L,-0.0608182057278113,0,-1
MIHW-L,-0.18632261018377785,0,-1
MIDV-L,-0.011516659930185469,0,-1
MHRM-L,-0.08512639451702599,0,-1
MHOL-L,0.05121206431839158,0,-1
MDEA-L,-0.12638778876666404,0,-1
MHCL-L,-0.014514006924226391,0,-1
MHCF-L,0.043988756677646124,0,-1
MHBB-L^J15,-0.04061276075048531,0,-1
MGZC-L^D19,-0.0026761702005701693,0,-1
MGRM-L,-0.084846754139398,0,-1
MGQW-L,-0.06725428207589533,0,-1
MGPD-L,-0.05913978115737091,0,-1
MGID-L,-0.04298880336761573,0,-1
MHCH-L^J22,-0.039428207104817155,0,-1
MDDY-L,-0.07696757769829267,0,-1
MDDT-L,-0.025726369034152246,0,-1
MDDL-L,-0.051602087494751876,0,-1
MBOY-L^K21,-0.029398559610543558,0,-1
MBMW-L,-0.013090267102056912,0,-1
MBME-L,0.02630394162552478,0,-1
MBIX-L,-0.013292740259611448,0,-1
MBHR-L,-0.11318536677371036,0,-1
MBEH-L^K22,-0.03371793940930295,0,-1
MBEC-L,-0.04298880336761573,0,-1
MBPF-L,-0.0002766087025317258,0,-1
MBDX-L,-0.03607584700563675,0,-1
MBAL-L^C20,0.012754230347833002,0,-1
MAXR-L^D16,-0.10942999506885748,0,-1
MAWZ-L,-0.018916137198585564,0,-1
MAWT-L,-0.0496342650552526,0,-1
MAWN-L,-0.061347553706116685,0,-1
MAUV-L,-0.029712857569772756,0,-1
MAUU-L,-0.05382563342669376,0,-1
MBBI-L,-0.07787737892621767,0,-1
MATJ-L,-0.044528906540635495,0,-1
MBSD-L^E22,-0.07929416883293713,0,-1
MCAC-L,-0.013758707283818231,0,-1
MDDG-L,-0.06879045565509498,0,-1
MDDF-L,-0.04551534405923529,0,-1
MCUD-L^H22,0.006755728374041989,0,-1
MCUC-L,-0.02557218030029998,0,-1
MCTY-L,-0.03976292281387806,0,-1
MCTP-L,-0.028729359004357496,0,-1
MCRL-L^L15,-0.048711011265330326,0,-1
MBUU-L,-0.0031843980518945127,0,-1
MCRK-L^D19,0.03357256985103377,0,-1
MCMU-L,-0.05873782658568781,0,-1
MCMB-L,-0.08858187919779337,0,-1
MCGR-L^J19,-0.03578433679760152,0,-1
MCGC-L,-0.02891890394852928,0,-1
MCDA-L^D18,-0.07288733963317455,0,-1
MCCY-L^A19,-0.014514006924226391,0,-1
MCCB-L^G20,-0.04298880336761573,0,-1
MCRJ-L^F17,0.019458928276451456,0,-1
LTRU-L,-0.010223284172482782,0,-1
LTTR-L,-0.10220429517561906,0,-1
LTMB-L,-0.05611530700952586,0,-1
LKKB-L^L16,0.05424220887810396,0,-1
LKGM-L,-0.04090346517995693,0,-1
LKED-L^L15,-0.10593309024247637,0,-1
LKDP-L,-0.07998446692853442,0,-1
LKDM-L,-0.04298880336761573,0,-1
LKBE-L,-0.018414663971266083,0,-1
LJXQ-L,0.020459319012758433,0,-1
LJXH-L,-0.030743669060902222,0,-1
KGBE-L,-0.07296622759165886,0,-1
KFZI-L,0.053634515051568236,0,-1
KFYC-L^B18,-0.04298880336761573,0,-1
KEUE-L,-0.09043110884684949,0,-1
KDEC-L^F17,-0.04298880336761573,0,-1
KCMN-L^C16,-0.04298880336761573,0,-1
KAKY-L^E19,-0.04298880336761573,0,-1
LKKH-L,-0.04924842186287397,0,-1
LKLC-L,-0.08865025599088994,0,-1
LKNO-L,0.017009945630723278,0,-1
LKOU-L,-0.04298880336761573,0,-1
LLVF-L,0.026600821111106492,0,-1
LLSV-L,-0.028973864493135035,0,-1
LLSU-L,-0.0312484799364464,0,-1
LLRP-L,-0.06231281244409901,0,-1
LLPQ-L,-0.02094379966950785,0,-1
LLOR-L,-0.02840415153075778,0,-1
LLKY-L,-0.003648624070827766,0,-1
JLPL-L^L19,-0.04298880336761573,0,-1
LLKM-L^A20,0.04900669283410374,0,-1
LLGH-L,-0.0453999756470962,0,-1
LLFH-L,0.0005527543006737307,0,-1
LLEU-L,-0.03591222673671425,0,-1
LLAX-L,-0.07381942829373152,0,-1
LKXH-L^L15,-0.011308235139209054,0,-1
LKTQ-L,-0.05434267789884054,0,-1
LKQE-L^C17,-0.04425479643461178,0,-1
LLJF-L,-0.03012921787705281,0,-1
JILS-L,-0.07256878597433294,0,-1
IVFH-L,-0.05329864345918772,0,-1
ISUP-L,0.017674893403083296,0,-1
FZEO-L,0.015535991024541946,0,-1
FZDX-L,-0.06319751938766408,0,-1
FZDC-L,-0.04298880336761573,0,-1
FZCX-L^B23,-0.06397023232590254,0,-1
FZCB-L,-0.059084919795911184,0,-1
FZBQ-L,-0.051069488844793724,0,-1
FZAQ-L,-0.009768207516994858,0,-1
FZEU-L^J18,0.016808269163501904,0,-1
FZAP-L,-0.015390154507099872,0,-1
FYUT-L,0.06095293825089146,0,-1
FYTJ-L,-0.08712901656207334,0,-1
FXXB-L^J21,-0.04298880336761573,0,-1
FXRZ-L,-0.06778887774130253,0,-1
FXGP-L,-0.061373016605337984,0,-1
FXEB-L,-0.1059727902026623,0,-1
FXCH-L,-0.06430237561586355,0,-1
FYZH-L,-0.07152141665657527,0,-1
LTNM-L^C20,-0.04101530262401443,0,-1
FZFD-L^A23,0.04490190691434199,0,-1
FZGS-L,-0.0078140548198996,0,-1
IQTP-L,-0.09125022017422645,0,-1
IPVV-L,-0.014514006924226391,0,-1
IAYH-L,-0.07128782946258913,0,-1
IAEK-L,-0.024005605738689463,0,-1
HRG-L,-0.06513586726802958,0,-1
HOJK-L,0.016655335474163903,0,-1
GOT-L,-0.030531079923632968,0,-1
FZFN-L,-0.07560538838458895,0,-1
GOAH-L,-0.055966286975689984,0,-1
GJWE-L,-0.09916181089684735,0,-1
GFNF-L^I16,-0.021594501925355416,0,-1
GCAH-L,-0.033005986584457615,0,-1
GBFO-L,-0.1715000557371228,0,-1
FZHT-L,-0.09895351011087944,0,-1
FZHF-L,0.02040031945689048,0,-1
FZGZ-L,-0.044028752455113354,0,-1
GKHK-L^F16,-0.02147906504706984,0,-1
LMDJ-L,-0.07034077660740137,0,-1
LLVY-L,-0.01151665993018535,0,-1
LMGN-L^D23,0.020494390072954397,0,-1
LROS-L,0.009281364928815823,0,-1
LRMN-L,-0.04298880336761573,0,-1
LQZS-L,-0.04259051025572998,0,-1
LQYU-L,-0.0886520223913783,0,-1
LQYE-L,-0.0027407737793635457,0,-1
LQXK-L,-0.04298880336761573,0,-1
LQWW-L,-0.04298880336761573,0,-1
LRRH-L^F20,0.04607066635958077,0,-1
LQWQ-L^A22,0.03104566738519657,0,-1
LQVG-L,0.04421526074026407,0,-1
LQUZ-L,-0.04298880336761573,0,-1
LQUT-L^A17,0.02876768366972531,0,-1
LQUO-L^I16,0.0030089447332440895,0,-1
LQUL-L,-0.14831319248492517,0,-1
LQTZ-L,-0.06392126749752854,0,-1
LQSJ-L,-0.03984158902387272,0,-1
LQVW-L^A19,-0.009768207516994858,0,-1
LMEO-L,-0.003327479750037706,0,-1
LRTP-L,-0.056305224609964184,0,-1
LSQO-L,-0.03909322860988821,0,-1
LTLX-L,-0.04956442646382107,0,-1
LTLD-L,-0.14655486713285035,0,-1
LTLC-L,-0.029879832998230733,0,-1
LTKS-L,-0.04298880336761573,0,-1
LTKR-L^F23,-0.100919993992116,0,-1
LTKO-L,-0.11658520032899122,0,-1
LTIZ-L,-0.017269632386489892,0,-1
LSHG-L^A19,-0.07216977476280108,0,-1
LTIY-L^A22,-0.023056445857243143,0,-1
LTEG-L,0.03591011177760889,0,-1
LTDS-L,0.040936912465531904,0,-1
LTCY-L^H16,0.01396078951916288,0,-1
LTCQ-L,-0.03473279729823078,0,-1
LTCN-L,-0.04298880336761573,0,-1
LTBZ-L,-0.00743378726803225,0,-1
LTBQ-L^A22,-0.04298880336761573,0,-1
LTIB-L,0.0036820825103297556,0,-1
LQRY-L^J20,-0.025401429093757574,0,-1
LQSI-L^L16,-0.03342127176263691,0,-1
LQOS-L^I16,-0.04298880336761573,0,-1
LOIR-L,-0.01732482374052663,0,-1
LOIM-L^D20,-0.04298880336761573,0,-1
LOIF-L^F18,0.12785997529272028,0,-1
LODM-L,-0.04298880336761573,0,-1
LOAH-L,-0.05140015628120007,0,-1
LNWM-L,-0.04298880336761573,0,-1
LNUP-L,0.0006132286863242297,0,-1
LQPC-L,-0.04762509106617016,0,-1
LNEX-L,-0.1579289309922876,0,-1
LMYO-L,-0.07072077903422101,0,-1
LMWZ-L,0.04822706998493656,0,-1
LMWP-L^F16,-0.057693001531005296,0,-1
LMJY-L^C23,-0.04298880336761573,0,-1
LMIU-L^I15,0.018836925905268274,0,-1
LMHU-L,0.0407270981759489,0,-1
LMGP-L,-0.07095146318432533,0,-1
LNAO-L^E21,-0.044144302353724255,0,-1
LOJT-L,-0.018870306801506895,0,-1
LOIU-L,-0.04298880336761573,0,-1
LOMY-L^D20,0.003008944733243915,0,-1
LQNV-L^L18,-0.1070570953652418,0,-1
LQNJ-L,0.037818051404164825,0,-1
LQNF-L^E23,-0.04298880336761573,0,-1
LQIT-L,0.0038402293374763933,0,-1
LQGM-L,-0.015129934301537702,0,-1
LPRB-L^J17,-0.044056608234242775,0,-1
LOKI-L,-0.03351088120850494,0,-1
LPLI-L,-0.04298880336761573,0,-1
LPQD-L,-0.04298880336761573,0,-1
LPDI-L,-0.04298880336761573,0,-1
LPDG-L,-0.024772940616484426,0,-1
LOWH-L,-0.036928289259732086,0,-1
LOSW-L,-0.04298880336761573,0,-1
LOSA-L^D20,-0.08898655146847544,0,-1
LOON-L,-0.019069974355168676,0,-1
LONZ-L,0.02345238833362608,0,-1
LPGU-L^G22,0.022542235022650164,0,-1
PNEV-L^C16,-0.04298880336761573,1,0
NQCA-L,14.933459816925938,-1,0
OFUP-L^J16,0.10650387796017835,1,1
NKSU-L,32.2474303634359,-1,1
