Firm Name,Momentum_1,Long Short,Cluster Index
SIXH.L,-0.3443708609271523,0,0
EUC.L^K06,-0.1338028169014085,0,0
WNS.L^G09,-0.1297297297297297,0,0
MFW.L^J14,-0.1158940363253855,0,0
PALC.L^K12,-0.1153846279531845,0,0
YTV.L^J97,-0.1054766734279919,0,0
HTV.L^I97,-0.092797783933518,0,0
BBT.L^I98,-0.0890585241730279,0,0
BRTR.L^L06,-0.0795454544435667,0,0
BTN.L^F03,-0.0718954248366012,0,0
MTLB.L^K06,-0.0685483870967742,0,0
PON.L^J12,-0.0568828214819027,0,0
FCCN.L^K21,-0.0541012216404885,0,0
WPP.L,-0.0334645669291339,0,0
RNG.L^H00,-0.0329218106995884,0,0
JDW.L,-0.032051282051282,0,0
ANSY.L,-0.0299999999999998,0,0
BUO.L^C01,-0.0272108843537414,0,0
FSJ.L,-0.0268456375838925,0,0
RGE.L^C03,-0.0217391304347825,0,0
RSM.L^D98,-0.019047619047619,0,0
MTVW.L,-0.0189655172413794,0,0
BOY.L,-0.0188679245283013,0,0
CHFT.L^L08,-0.018348623853211,0,0
BAES.L,-0.0160156249999999,0,0
TXH.L^J20,-0.0149812734082397,0,0
TLS.L^J97,-0.0104712041884816,0,0
TTNM.L^A12,-0.0104166666666666,0,0
GDS.L^G99,-0.009009009009009,0,0
AXN.L^J14,-0.0057306609965489,0,0
HAVE.L^H18,-0.0048939641109299,0,0
TTL.L^I05,0.0,0,0
JOVC.L^J04,0.0,0,0
OSL.L^H03,0.0,0,0
MTO.L,0.0,0,0
STWT.L^H18,0.0,0,0
HWW.L^F01,0.0,0,0
TEA.L^F16,0.0,0,0
MNGS.L^L12,0.0020898641588296,0,0
GCT.L^H99,0.0032051282051281,0,0
SLA.L^L99,0.0057471264367816,0,0
RNO.L,0.0057915057915058,0,0
WTCF.L^B00,0.0097087378640776,0,0
BAF.L,0.0102564102564102,0,0
SRP.L,0.0103857566765577,0,0
AMNX.L,0.0155038759689922,0,0
MMT.L^L03,0.0245183887915936,0,0
NTAS.L,0.028169014084507,0,0
KMR.L,0.0364963503649635,0,0
TBR.L^J98,0.04,0,0
AVS.L^L16,0.04020100220341,0,0
SGE.L,0.0424528301886795,0,0
NAR.L,0.0470016207455428,0,0
SNW.L^A01,0.0489795918367346,0,0
FLXT.L^E00,0.0553505535055349,0,0
JLEC.L,0.0571428571428571,0,0
HNL.L^G04,0.0576744185490845,0,0
FWRD.L^C00,0.06,0,0
STAN.L,0.0605006954102922,0,0
DCS.L^G06,0.0611111111111111,0,0
SFR.L,0.0674846625766871,0,0
UTY.L^I99,0.0677966101694915,0,0
PIZ.L^G03,0.0739336492890996,0,0
REAH.L,0.0810489417882172,0,0
EFT.L^J97,0.0830324909747293,0,0
VER.L^J18,0.0851581508532353,0,0
ALV.L^I04,0.0855018587360594,0,0
MOSB.L^F20,0.0901287553648069,0,0
LITH.L^J14,0.1018099547511313,0,0
ADC.L^H00,0.1164383561643835,0,0
IS.L^F03,0.1338582677165354,0,0
PER.L^C01,0.1387978142076502,0,0
WKO.L^K99,0.1423728813559321,0,0
PTY.L,0.1502824858757063,0,0
TLW.L,0.1529411764705881,0,0
GDWN.L,0.1538461538461537,0,0
REDD.L,0.1621621621621622,0,0
KWL.L^G12,0.1824259789875835,0,0
NOKSeq.L^J98,0.2255639097744362,0,0
CNE.L,0.2649880095923262,0,0
CHS.L^B11,0.3170731723371347,0,0
SHOL.L^L07,0.3373493975903614,0,0
BBOR.L^H00,0.6512345657279035,0,0
WKS.L^L00,-0.5997523675002712,1,1
MEN.L^F04,-0.3825136612021858,1,1
PFL.L^J16,-0.3055925432756324,1,1
RBN.L^L98,-0.3055555555555556,1,1
HRB.L^I00,-0.2822185970636215,1,1
8404q.L^L01,-0.2352331606217617,1,1
PRCS.L^L08,-0.2133333322098082,1,1
CHG.L,-0.1958041958041959,1,1
STVG.L,-0.1887072808320949,1,1
FTJ.L^K02,-0.1818181818181817,1,1
ZIN.L,-0.1791044776119402,1,1
COA.L,-0.1777777777777778,1,1
PLN.L^L06,-0.175,1,1
8583q.L^L97,-0.169242658423493,1,1
BRNT.L^L99,-0.1681818181818182,1,1
WCE.L^I99,-0.1666666666666666,1,1
SBRY.L,-0.1662371134020618,1,1
ANAA.L^A17,-0.1562500006744763,1,1
ROD.L,-0.1538461538461536,1,1
ARG.L^H98,-0.150943396226415,1,1
9201q.L^I02,-0.1441441441441441,1,1
5004q.L^C99,-0.1435897435897436,1,1
BTA.L^F00,-0.1428571428571429,1,1
MNZS.L^H22,-0.1376146788990825,1,1
SMDS.L,-0.1337579617834394,1,1
RCHN.L^C00,-0.1333333333333333,1,1
BGP.L^C98,-0.1326530612244898,1,1
DAN.L^L02,-0.1318681289342373,1,1
FLJ.L^K01,-0.1294298921417566,1,1
HTS.L^K00,-0.1294117647058823,1,1
JLG.L^D03,-0.1290322807278849,1,1
2779q.L^D08,-0.1279212792127921,1,1
STYL.L^C09,-0.1275167785234899,1,1
GSR.L^J97,-0.1269841269841269,1,1
EMI.L^I07,-0.1242753623188406,1,1
5401q.L^J08,-0.1201780415430266,1,1
WLG.L^J16,-0.1178082174526399,1,1
DRK.L^H02,-0.1176470588235294,1,1
6301q.L^J08,-0.1173066806943713,1,1
DXNS.L^H14,-0.1170506951549972,1,1
LMNT.L^C03,-0.1168831168831169,1,1
8604q.L^J08,-0.1162123385939741,1,1
BOS.L^G06,-0.1160493827160493,1,1
ONEV.L^J18,-0.1153846153846154,1,1
WDNY.L^H09,-0.1153846153846154,1,1
FGSN.L^A00,-0.1134453781512605,1,1
MKH.L^G01,-0.1111111111111111,1,1
RSW.L,-0.1105263157894737,1,1
SEAR.L^C99,-0.1105263157894735,1,1
BNZL.L,-0.1089743589743589,1,1
JFJ.L,-0.1075949367088607,1,1
7013q.L^J08,-0.1074626865671641,1,1
MEGPM.L,-0.1074074074074071,1,1
NMCN.L^J21,-0.1052631578947368,1,1
BOK.L^H00,-0.1051314142678347,1,1
SMON.L^H07,-0.1038961038961039,1,1
WEIR.L,-0.1028571428571428,1,1
OPSS.L^L15,-0.1025640989476767,1,1
SVY.L^K00,-0.1024258753563281,1,1
5406q.L^J08,-0.1021276595744681,1,1
ISA.L^G02,-0.1020833333333333,1,1
CTY.L^F00,-0.1016949152542372,1,1
REC.L^H02,-0.0999999999999999,1,1
DGP.L^E03,-0.0995260663507109,1,1
4902q.L^L01,-0.0990228013029316,1,1
CRJ.L^J01,-0.0987654314159431,1,1
SYNTS.L,-0.0982961992136302,1,1
SPGR.L^J09,-0.0963855421686746,1,1
SPT.L,-0.0962389380530972,1,1
RFGR.L,-0.0944444444444444,1,1
UES.L^J98,-0.0943396226415094,1,1
9101q.L^J08,-0.0898661567877628,1,1
5332q.L^L97,-0.0886792448679246,1,1
EUTM.L^I98,-0.0878378378378378,1,1
ABCR.L^J14,-0.0875420875420875,1,1
BON.L^G00,-0.087431693989071,1,1
SNXS.L,-0.0869565217391304,1,1
BDH.L^F06,-0.0837696335078533,1,1
TGI.L^B02,-0.0833333333333333,1,1
DKN.L^F00,-0.0826245443499392,1,1
LSC.L,-0.0825688073394494,1,1
5403q.L^I02,-0.082018927444795,1,1
AWA.L^H00,-0.0810055865921788,1,1
CSDY.L^I14,-0.0806451612903226,1,1
BLK.L^B04,-0.0800561797752809,1,1
HTA.L^I98,-0.0799999999999999,1,1
WEW.L^L97,-0.0799999999999999,1,1
GLL.L^G02,-0.0799999999999999,1,1
BGS.L,-0.0773480662983426,1,1
6773q.L^J08,-0.0771001150747986,1,1
MRW.L^J21,-0.0764525910833351,1,1
4188q.L^J08,-0.0762942779291553,1,1
TATE.L,-0.0748945147679326,1,1
8001q.L^J08,-0.0747740345110928,1,1
ENDN.L^H08,-0.0746268669353615,1,1
SSG.L^G01,-0.0738916256157635,1,1
0014q.L^L08,-0.073381060852587,1,1
SYMD.L^J99,-0.0719999999999999,1,1
QRT.L,-0.0718446601941746,1,1
7011q.L^J08,-0.0714285714285714,1,1
SNLG.L^F99,-0.0714285714285714,1,1
VP.L,-0.0714285714285714,1,1
ACN.L^F99,-0.0712468193384223,1,1
N4P.L,-0.0701754385964912,1,1
HLD.L^G99,-0.0699999999999999,1,1
RR.L,-0.0699029126213591,1,1
RDLD.L^B98,-0.0695770804911323,1,1
2802q.L^L97,-0.0692640692640692,1,1
VIDV.L,-0.0688685874912157,1,1
BMAH.L^I00,-0.0685740236148955,1,1
9062q.L^J08,-0.0679051889814221,1,1
TTLS.L^G10,-0.0677966101694915,1,1
EXF.L^G99,-0.0676328502415458,1,1
9501q.L^J08,-0.0665342601787487,1,1
0012q.L^J08,-0.066516709511568,1,1
LWG.L^L99,-0.0657894736842105,1,1
TFW.L,-0.0655737704918032,1,1
WRK.L^I00,-0.0654545454545454,1,1
8063q.L^I98,-0.0648351648351648,1,1
FCL.L^D98,-0.0645161290322581,1,1
PLGq.L^J98,-0.0640286109829257,1,1
SCPA.L^D21,-0.0632653061224489,1,1
0017q.L^J08,-0.0614203331841652,1,1
TSTT.L,-0.0606060606060606,1,1
PRF.L^B06,-0.0604026845637584,1,1
BENT.L^H01,-0.060377358490566,1,1
HKSN.L^J00,-0.0603448275862068,1,1
CFX.L,-0.0600858369098712,1,1
ELM.L,-0.0599250936329588,1,1
ORI.L^J99,-0.0598130841121495,1,1
0010q.L^J08,-0.0591715976331359,1,1
MTLI.L^C08,-0.0588235294117647,1,1
GB0891107.L^I04,-0.05859375,1,1
UDIS.L^G01,-0.0585106382978722,1,1
RBG.L^I99,-0.0583333333333333,1,1
AGA.L^I15,-0.0582089541678405,1,1
JYS.L^I98,-0.0578512396694215,1,1
BGFD.L,-0.056968463886063,1,1
REXp.L^J06,-0.0561403529154301,1,1
HAMP.L^K12,-0.0555555549206708,1,1
ROK.L^K10,-0.0543478237175582,1,1
8002q.L^L01,-0.0540816326530612,1,1
AON.L^G05,-0.054054054054054,1,1
5405q.L^J08,-0.0531914893617021,1,1
KWIK.L^F98,-0.0529595015576324,1,1
TNS.L^K08,-0.0528846048124729,1,1
DMD.L^G01,-0.0526315789473684,1,1
STBa.L^K05,-0.0525114155251141,1,1
APV.L^H97,-0.0519480519480519,1,1
DGE.L,-0.051366120218579,1,1
ERA.L^H01,-0.0499999999999999,1,1
MGN.L^K99,-0.0487238979118329,1,1
RS1R.L,-0.0487012987012986,1,1
HEINq.L^J98,-0.0486863200602033,1,1
OCT.L^E99,-0.0485436893203883,1,1
TI.L^L00,-0.0481099656357388,1,1
HTL.L^B07,-0.0477386934673367,1,1
0191q.L^H97,-0.0477178423236515,1,1
WNDR.L^C07,-0.0465116279069767,1,1
8031q.L^J08,-0.0464,1,1
HID.L,-0.0460526315789473,1,1
GPEG.L,-0.0458774045109372,1,1
5108q.L^J08,-0.0454545454545454,1,1
ENO.L^J08,-0.045296171355544,1,1
0016q.L^J08,-0.044436225298531,1,1
ANW.L^K21,-0.0439999999999999,1,1
YOR.L^J04,-0.0435779816513761,1,1
IAF.L^L08,-0.0432900432900432,1,1
TJG.L^K00,-0.0431034482758621,1,1
GEIN.L^J00,-0.0429184549356223,1,1
TKKT.L^L13,-0.042837078656615,1,1
0013q.L^J08,-0.042588316799168,1,1
4151q.L^L97,-0.0417142857142857,1,1
PTTD.L,-0.0416666666666666,1,1
LSB.L^L08,-0.0408163265306122,0,1
INCH.L,-0.0407407407407406,0,1
PND.L^K99,-0.0402010050251255,0,1
9502q.L^J08,-0.0398277717976318,0,1
FRO.L^K15,-0.0397350983961485,0,1
RDS.L^K98,-0.0396825396825396,0,1
DSN.L^K15,-0.0388349582986305,0,1
RIO.L,-0.0384410037373197,0,1
MVM.L^I03,-0.038095238095238,0,1
9503q.L^J08,-0.0379746835443037,0,1
PMGR.L,-0.0375586854460092,0,1
0020q.L^J08,-0.0374149659863944,0,1
EXL.L^L05,-0.0370751802265705,0,1
LPX.L^K99,-0.037037037037037,0,1
4901q.L^J08,-0.0368421052631579,0,1
LNU.L^B05,-0.036697247706422,0,1
BRGL.L^B01,-0.0342857142857142,0,1
DVR.L^I06,-0.0341588385994877,0,1
MBC.L^J15,-0.0340425533290593,0,1
PKN.L^C01,-0.0340136054421769,0,1
7912q.L^J08,-0.0334987593052109,0,1
RMS.L^I99,-0.033333335588889,0,1
6752q.L^J08,-0.0332889480692409,0,1
5713q.L^J08,-0.032860824742268,0,1
SIG.L^C16,-0.0325203252032519,0,1
BLND.L,-0.0319148936170212,0,1
BARB.L,-0.031890660592255,0,1
SMIN.L,-0.0318352059925094,0,1
CRDA.L,-0.0315934065934068,0,1
ESGN.L^H04,-0.0310077519379845,0,1
MMWGq.L^J98,-0.0309901738473168,0,1
BDPT.L^J99,-0.0308880308880309,0,1
SFG.L^I99,-0.0307692307692307,0,1
BGCG.L,-0.0299850074962518,0,1
SMFT.L^J02,-0.0288184433057339,0,1
AVON.L,-0.0283149171270717,0,1
BGE.L^I02,-0.0280898876404493,0,1
WTB.L,-0.0279898218829516,0,1
DEWH.L^K01,-0.0278551532033426,0,1
4503q.L^J08,-0.027659574468085,0,1
9531q.L^J08,-0.0271565495207667,0,1
C1Y.L,-0.0266343825665859,0,1
WDL.L^C00,-0.0261306532663316,0,1
ULVR.L,-0.0261207200847157,0,1
STRG.L^L03,-0.0259740259740259,0,1
4502q.L^J08,-0.0257466529351184,0,1
WOXC.L,-0.0256410256410256,0,1
OCG.L^J97,-0.0256410256410256,0,1
ABBY.L^D21,-0.0256410256410254,0,1
PEB.L,-0.0254777070063694,0,1
TITN.L,-0.024390243902439,0,1
ECORE.L,-0.0240963855421686,0,1
SLD.L^E01,-0.0232558139534884,0,1
LSMRx.L^E11,-0.0229885057471264,0,1
RHL.L^G19,-0.0229885054382157,0,1
ABF.L,-0.022703818369453,0,1
MSLH.L,-0.0224719101123593,0,1
RHL.L^I00,-0.0222222222222222,0,1
BIBY.L^F97,-0.0220588235294117,0,1
SCTN.L^D08,-0.021849963583394,0,1
RKT.L,-0.0214088397790056,0,1
RGLN.L^J00,-0.0208333333333333,0,1
REL.L,-0.0199727644121652,0,1
IREV.L^H03,-0.0198675496688741,0,1
0293q.L^J08,-0.0188834154351396,0,1
5014q.L^K01,-0.0178861788617886,0,1
SLNG.L,-0.0175438596491228,0,1
RSG.L^I07,-0.0174216027874564,0,1
4204q.L^L97,-0.017391304347826,0,1
ICS.L^I00,-0.0170940170940172,0,1
UNIOq.L^A99,-0.0169055494303563,0,1
ASP.L^G99,-0.0162601626016259,0,1
PSON.L,-0.0160106737825215,0,1
NBO.L^J97,-0.0157894736842105,0,1
EGI.L^K01,-0.0153846416707353,0,1
WILC.L^K98,-0.0142348754448398,0,1
6971q.L^J08,-0.0140252454417952,0,1
CULV.L^E09,-0.0139534871067993,0,1
FCN.L^F03,-0.0137931034482758,0,1
RGO.L^H00,-0.0136752136752136,0,1
BFSi.L^I05,-0.0135135135135135,0,1
SAFL.L^E19,-0.0133333646301611,0,1
MAO.L^B09,-0.013265306122449,0,1
WLSNcq.L^J98,-0.0130861504907306,0,1
LBTY.L^H00,-0.0129032258064516,0,1
CITY.L^A23,-0.0124223602484468,0,1
FKI.L^G08,-0.0123762376237623,0,1
ASSD.L^J99,-0.0121951219512195,0,1
PECO.L^E16,-0.012,0,1
FORM.L^F06,-0.0118343195266272,0,1
8078q.L^J97,-0.0115511551155115,0,1
CARRC.L,-0.0111464968152866,0,1
TYI.L^L03,-0.0109090913520737,0,1
GTJA.L^K01,-0.0108695652173913,0,1
SN.L,-0.0096685082872929,0,1
PFCO.L^G01,-0.0093283561878111,0,1
5201q.L^J08,-0.0093023255813953,0,1
CHB.L^H97,-0.0091883614088821,0,1
6753q.L^J08,-0.0091185410334346,0,1
WLL.L^D98,-0.009090909090909,0,1
ISO.L^C07,-0.0088888888888888,0,1
BATS.L,-0.0082559339525284,0,1
USS.L^L00,-0.0082417582417582,0,1
SNCL.L^B16,-0.0080428954423592,0,1
JET2.L,-0.0077669902912621,0,1
UDG.L^H21,-0.0076335877862595,0,1
LWDB.L,-0.007518796992481,0,1
MBY.L^G06,-0.0074999999999999,0,1
SGRO.L,-0.007181328545781,0,1
BWNG.L,-0.0066889632107023,0,1
SDE.L^D00,-0.0066666666666667,0,1
FWL.L^D98,-0.0066225165562914,0,1
BTWt.L^G03,-0.0065645514223194,0,1
CLDN.L,-0.0064020486555698,0,1
RNK.L,-0.0057405281285878,0,1
PFO.L^L13,-0.0055555555555555,0,1
GMET.L^L97,-0.0054466230936819,0,1
NEWM.L^K09,-0.0054054119576318,0,1
NXT.L,-0.0052863436123348,0,1
CDP.L^F97,-0.0042372881355932,0,1
BYW.L^G99,-0.004,0,1
UNq.L^J98,-0.0039480177660798,0,1
7751q.L^J08,-0.0038910505836575,0,1
VLX.L,-0.0032608695652174,0,1
8053q.L^J08,-0.0032327586206896,0,1
BXI.L^D00,-0.0031595576619273,0,1
CRTO.L^A05,-0.0028355387523629,0,1
LPK.L^K05,-0.0026666666666667,0,1
TIE.L^G99,-0.0026666666666667,0,1
SMWH.L,-0.0023282887077997,0,1
MKS.L,-0.0020366598778003,0,1
CDB.L^C04,-0.0018518518518518,0,1
NORP.L^H08,0.0,0,1
BUV.L^D97,0.0,0,1
7752q.L^K08,0.0,0,1
HVT.L,0.0,0,1
NCRO.L^A00,0.0,0,1
ARS.L^A00,0.0,0,1
PPI.L^L97,0.0,0,1
IKK.L^K17,0.0,0,1
KNK.L^G02,0.0,0,1
IVW.L^L00,0.0,0,1
RIVA.L^L99,0.0,0,1
CDFF.L,0.0,0,1
TYA.L^D97,0.0,0,1
GTON.L^H02,0.0,0,1
CHENa.L^F01,0.0,0,1
GB0160755.L^I07,0.0,0,1
HKG.L^H97,0.0,0,1
APYD.L^A98,0.0,0,1
JCKS.L^C06,0.0,0,1
GHE.L,0.0,0,1
EWD.L^E07,0.0,0,1
BWL.L^J97,0.0,0,1
CFYN.L,0.0,0,1
YGH.L^H12,0.0,0,1
AFLK.L^B03,0.0,0,1
IMED.L^E11,0.0,0,1
INGI.L,0.0,0,1
IAW.L^H08,0.0,0,1
CTID.L,0.0,0,1
ITS.L^E04,0.0,0,1
ESR.L^A17,0.0,0,1
TREBq.L^B00,0.0,0,1
YNGa.L,0.0,0,1
SBSC.L^I16,0.0,0,1
SWJ.L^J15,0.0,0,1
LCKR.L^A02,0.0,0,1
RIICi.L,0.0,0,1
BTB.L^F03,0.0,0,1
LPA.L,0.0,0,1
PHS.L^G04,0.0,0,1
SHL.L^H98,0.0,0,1
CEG.L^H00,0.0,0,1
SAW.L^L03,0.0,0,1
NSM.L^I97,0.0,0,1
PIV.L^J07,0.0,0,1
INST.L^L09,0.0,0,1
BIOM.L,0.0,0,1
AUK.L,0.0,0,1
CSE.L^B99,0.0,0,1
BVIT.L^F05,0.0,0,1
COSG.L,0.0,0,1
HTJ.L^G00,0.0,0,1
LTHM.L,0.0,0,1
SLH.L^I05,0.0,0,1
TOYE.L^I14,0.0,0,1
GGT.L^E98,0.0,0,1
WSE.L^C09,0.0,0,1
SWP.L^K16,0.0,0,1
NMKT.L^J00,0.0,0,1
RGC.L^L99,0.0,0,1
GLR.L^L99,0.0,0,1
VCP.L,0.0,0,1
ITS.L^I99,0.0,0,1
ASBE.L,0.0,0,1
MIDW.L,0.0,0,1
MGIi.L^J01,0.0,0,1
WKT.L^E09,0.0,0,1
BMT.L,0.0,0,1
MNDR.L^C98,0.0,0,1
PACC.L^C16,0.0,0,1
BFS.L^I05,0.0,0,1
LRD.L^G18,0.0012562809116241,0,1
OREPq.L^F98,0.0023160061760165,0,1
INTUP.L^G20,0.0023228815632072,0,1
LIG.L^I99,0.003003003003003,0,1
AEI.L,0.0031347962382444,0,1
GARD.L^G99,0.0035778175313061,0,1
SDWK.L^A99,0.0038022813688212,0,1
IWP.L^C06,0.0038095238095237,0,1
ALO.L^C00,0.0038461538461538,0,1
JHD.L,0.0041958041958041,0,1
BFT.L^G99,0.0049999999999998,0,1
HTI.L^I11,0.0050761421319796,0,1
DSCV.L,0.0052521008403361,0,1
VEBGq.L^J98,0.0056179775280897,0,1
ROR.L,0.0058252427184466,0,1
GOR.L^I98,0.0059523809523809,0,1
DTIi.L^L03,0.0061919504643963,0,1
TSCO.L,0.0070521861777153,0,1
CGT.L,0.0071942446043165,0,1
MRCH.L,0.0071942446043165,0,1
JUSC.L,0.0072115384615385,0,1
DLN.L,0.007462686567164,0,1
5802q.L^J08,0.0076923076923076,0,1
MATB.L^A01,0.0079681274900398,0,1
RELY.L^J01,0.0085106382978723,0,1
DLAR.L,0.0087336244541484,0,1
AV.L,0.0087783467446964,0,1
TNL.L^G06,0.008888888848713,0,1
HAYS.L,0.0089206066012488,0,1
LFI.L,0.0093457943925232,0,1
MYW.L^E05,0.0093896713615022,0,1
PPT.L^I01,0.0098039215686274,0,1
TTG.L,0.0103397341211226,0,1
BRSN.L^I17,0.0105042013253426,0,1
INVM.L,0.0105820105820106,0,1
BRPI.L^H16,0.0106007067137809,0,1
INTI.L^H09,0.0109890109890109,0,1
RAT.L,0.0113821138211382,0,1
HNE.L,0.0115384615384614,0,1
DGSGq.L^B98,0.0116279069767442,0,1
BRAM.L^B17,0.0118389897395421,0,1
SAT.L^F06,0.0118518518518517,0,1
ACRM.L,0.0119047619047618,0,1
OXIG.L,0.0119047619047618,0,1
ERM.L^K22,0.0124777183600712,0,1
BALF.L,0.0126353790613717,0,1
ETL.L^G07,0.0126582278481013,0,1
SCS.L^F00,0.0132231404958678,0,1
FCIT.L,0.0133111480865224,0,1
GNC.L,0.0135135135135135,0,1
AUN.L^G06,0.0141987829614604,0,1
QMOT.L^J04,0.0144927536231884,0,1
TET.L,0.0144927536231884,0,1
GRI.L,0.0145137880986938,0,1
BXTN.L^H09,0.0147420147420147,0,1
ORE.L^I00,0.0157480314960629,0,1
SBGZq.L^F98,0.0161702127659575,0,1
FCHK.L,0.0163934426229508,0,1
MACP.L^I19,0.0165837479270314,0,1
HMPp.L^L05,0.017094017094017,0,1
PANI.L,0.0171428571428571,0,1
BTSM.L^L10,0.0171428571428571,0,1
NRI.L^L18,0.0172910606317227,0,1
GLEG.L,0.0174418604651163,0,1
WDSW.L^F06,0.0175824175824175,0,1
MLD.L^K99,0.0176664854178825,0,1
NWG.L,0.0177462289263525,0,1
FCMCi.L^E01,0.0185185185185186,0,1
DEP.L^J03,0.01875,0,1
HAST.L^L20,0.0187891361636605,0,1
6501q.L^J08,0.0188679245283018,0,1
BTM.L^B05,0.0188679245283018,0,1
ANL.L^K04,0.0196078431372548,0,1
GACC_p.L,0.0198237885462555,0,1
WXW.L^K98,0.0199468085106382,0,1
BAB.L,0.0204081632653061,0,1
DSMNq.L^J98,0.0205882352941175,0,1
DNICi.L^F07,0.0208333333333332,0,1
HST.L^G04,0.0208333333333332,0,1
4523q.L^G02,0.020971302428256,0,1
LEGPq.L^L97,0.0210643015521063,0,1
EOM.L^I03,0.0210843373493976,0,1
MSTL.L,0.0212765957446807,0,1
HWDN.L,0.0214477211796246,0,1
WGC.L^F06,0.021505376344086,0,1
PVI.L^K04,0.0216606498194946,0,1
ATST.L,0.0217099373321396,0,1
SHN.L^H00,0.0218340611353711,0,1
FFE.L^I97,0.0220183486238532,0,1
PSI.L^J99,0.0221238938053096,0,1
LEIH.L^K97,0.0227272727272727,0,1
HDYS.L^I06,0.0230496453900708,0,1
NWB_pa.L,0.0235042735042734,0,1
HDT.L,0.0236486486486484,0,1
AMECp.L^B07,0.0236686390532543,0,1
MTM.L^D00,0.0236686390532543,0,1
MRLY.L^D99,0.0237154150197627,0,1
GDEBtq.L^A99,0.024242438269399,0,1
JMAT.L,0.0245454545454546,0,1
BFRD.L^A07,0.024691357710084,0,1
LAND.L,0.0248655913978494,0,1
FII.L^J14,0.0249999999999999,0,1
WHM.L^D08,0.0250000000000001,0,1
CTY.L,0.0254957507082151,0,1
HFEL.L,0.0260869565217392,0,1
RGO.L,0.0265486725663717,0,1
RSLA.L^F01,0.0270270270270269,0,1
PNL.L,0.0271317829457367,0,1
CTS.L^F99,0.0272727272727273,0,1
MPE.L,0.0273972602739724,0,1
HAN.L,0.0273972602739727,0,1
BLAG.L^H00,0.0274599542334095,0,1
SAIN.L,0.027818448023426,0,1
MPAC.L,0.0278551532033426,0,1
RBG.L^F10,0.0283018867924527,0,1
ARBB.L,0.0284360189573458,0,1
AIEA.L,0.0287769784172662,0,1
MAJE.L,0.0288065843621398,0,1
CCFPq.L^F98,0.0289256198347107,0,1
SUS.L,0.0292682926829268,0,1
WLB.L^D07,0.0295670538542767,0,1
FSH.L^G02,0.0297619047619046,0,1
APT.L^K01,0.0304878048780488,0,1
BOG.L^B03,0.0305343511450382,0,1
WMY.L^I05,0.0308555399719494,0,1
ECC.L^F99,0.0311688311688311,0,1
ADN.L^H17,0.03125,0,1
MACF.L,0.03125,0,1
CTUK.L,0.0313588850174215,0,1
DPLM.L,0.0314637482900135,0,1
HLMA.L,0.0316622691292876,0,1
ANEA.L,0.0316742081447964,0,1
RANDq.L^L97,0.0321285140562248,0,1
CRCRE.L^L16,0.0322580520740836,0,1
MYT.L^K04,0.032258064516129,0,1
CHLD.L^I10,0.0324675324675325,0,1
KPCK.L,0.0324825986078889,0,1
ADIG.L,0.0325814536340851,0,1
SHM.L^K05,0.0328947368421053,0,1
LOOK.L,0.0330188679245282,0,1
MKLW.L^F19,0.0333333333333334,0,1
MCS.L^G99,0.0334728033472804,0,1
JGGI.L,0.0335365853658533,0,1
JMY.L^G01,0.0335570469798658,0,1
BLCK.L^H00,0.0335570469798658,0,1
CEPS.L,0.0338983050847456,0,1
VSVS.L,0.0338983050847456,0,1
TORC.L^J00,0.0340909090909091,0,1
EIS.L^I98,0.0341207349081364,0,1
DYIOq.L^A99,0.034375,0,1
EMPEq.L^I98,0.0343942449583298,0,1
CBRO.L,0.0348189415041781,0,1
HMSO.L,0.0360248447204967,0,1
RTN.L,0.0362318840579711,0,1
SPX.L,0.0371195248700817,0,1
ARFL.L^I05,0.0372340425531914,0,1
CGS.L,0.0372439478584729,0,1
ATG.L^E03,0.037344398340249,0,1
VANQ.L,0.0378109452736319,0,1
BNKR.L,0.0380952380952381,0,1
BEK.L^G11,0.0381861575178996,0,1
OVENq.L^J98,0.0381944444444444,0,1
DIG.L,0.0390243902439024,0,1
ARBBtq.L^E98,0.0391588107324147,0,1
BTW_pa.L,0.0393013100436681,0,1
DJAN.L^E20,0.0393258426966292,0,1
DNIC.L^F07,0.0394736842105263,0,1
LCT.L^E11,0.039506172839506,0,1
MWLM.L^C06,0.0396475770925111,0,1
TDG.L^J08,0.0397877965320681,0,1
SCEA.L^C99,0.0398009950248756,0,1
MEPC.L^J00,0.0404157055803795,0,1
4063q.L^J08,0.0404255319148936,0,1
LWI.L,0.0404721753794268,0,1
SCIN.L^I22,0.0415162454873645,0,1
INCEbq.L^F98,0.0416666666666665,0,1
ELCBtq.L^F99,0.0417508403276563,0,1
MCE.L^F05,0.0418118466898955,0,1
NICL.L,0.0422535211267605,0,1
SVT.L,0.0424739195230998,0,1
MNKS.L,0.0425183973834832,0,1
LNGO.L^L06,0.0429338093772924,0,1
LJH.L^E04,0.043010752688172,0,1
DELBtq.L^L97,0.0431848852901484,0,1
EDIN.L,0.0432276657060517,0,1
LMG.L^K98,0.043370508054523,0,1
CML.L,0.0439560439560438,0,1
SOLBtq.L^F99,0.0441558235810664,0,1
METRfq.L^A99,0.0442307894603244,0,1
RTO.L,0.0444191343963553,0,1
HILS.L,0.0448717948717949,0,1
ESC.L^F99,0.0448979591836735,0,1
HOG.L^L98,0.0449251247920134,0,1
ANE.L^K01,0.0449999999999999,0,1
WSNC.L^K03,0.0453172205438066,0,1
GTM.L^J99,0.0456621004566211,0,1
THCL.L^L07,0.0457317073170731,0,1
KWFT.L^H99,0.046189376443418,0,1
GACC.L^H98,0.0463144161774298,0,1
KLMZ.L^A02,0.0465116279069768,0,1
RCP.L,0.0471092077087793,0,1
FOUR.L,0.0473372781065088,0,1
6770q.L^J08,0.0474308300395256,0,1
CBL.L^B99,0.0476190476190476,0,1
UBIS.L^F00,0.0476190476190476,0,1
GSK.L,0.0479957805907174,0,1
LMI.L^F19,0.0481927712429866,0,1
EXPN.L,0.0482026143790852,0,1
GUS.L^J06,0.0482026146297904,0,1
TTY.L^K01,0.0483091787439613,0,1
LGEN.L,0.0483870967741935,0,1
KGF.L,0.0490894695170229,0,1
SBJ.L^C99,0.0491803278688525,0,1
MAM.L^C98,0.0494571773220748,0,1
SHRS.L,0.0495412844036697,0,1
GENBq.L^A99,0.0501879300643162,0,1
PYSU.L^B00,0.0505952380952381,0,1
HWY.L^J99,0.0507246376811594,0,1
VIP.L,0.050909090909091,0,1
TARM.L^G99,0.0510204081632652,0,1
WNER.L^H13,0.0510440835266821,0,1
WTR.L^C19,0.0512645251067638,0,1
SHC.L^I03,0.0512820512820513,0,1
DNCA.L^J00,0.0515151515151515,0,1
CYXI.L^I99,0.0519480519480519,0,1
GSCT.L,0.0520833333333332,0,1
BND.L^B05,0.0521739130434781,0,1
LAS.L,0.052238805970149,0,1
CHW.L^J15,0.0522388090060015,0,1
HGF.L^I99,0.0523385300668151,0,1
PDUF.L^A01,0.0525641025641026,0,1
GVS.L^G02,0.0526315789473683,0,1
BUT.L,0.0528169014084507,0,1
VICK.L^L99,0.0529411764705882,0,1
CDLY.L^J06,0.0530973451327434,0,1
SHEL.L,0.0530998019201263,0,1
BFP.L^B05,0.0532544378698225,0,1
ARCC.L^I04,0.0532994923857867,0,1
BGEU.L,0.0536912751677851,0,1
CRPR.L,0.0539730134932534,0,1
TOPS.L^H05,0.0542168674698795,0,1
AHLNq.L^J98,0.0544444444444445,0,1
OCN.L,0.0545454545454544,0,1
SMC.L^H03,0.0546875,0,1
JEDT.L,0.0549019607843137,0,1
EDFD.L^A04,0.0549645390070923,0,1
MCKS.L^E22,0.0550161803938595,0,1
ITGIq.L^G98,0.0551181102362203,0,1
RCH.L,0.0551351351351352,0,1
DWW.L^G98,0.055662188099808,0,1
FNLY.L^I00,0.0559006211180124,0,1
HRN.L,0.0561555075593953,0,1
DGN.L,0.0562130177514792,0,1
BCL.L^J99,0.0566037735849056,0,1
GSC.L^J99,0.056701030927835,0,1
BKP.L^B01,0.0569230769230768,0,1
GHT.L,0.0571428571428571,0,1
BP.L,0.0578158458244111,0,1
TIP.L^H01,0.0581241743725231,0,1
HYNS.L^D20,0.0582524271844659,0,1
TMW.L^K12,0.0588235063768012,0,1
GFRD.L,0.0588235294117647,0,1
CHP.L^H01,0.0590717299578058,0,1
BSCT.L^I01,0.059967585089141,0,1
SAR.L^C99,0.0605263157894737,0,1
PWS.L^I00,0.0606060606060605,0,1
UAI.L^L21,0.0606796066366293,0,1
FIL.L^L98,0.0618181818181817,0,1
WTAN.L,0.0619136960600377,0,1
ATRAS.L,0.0620689655172412,0,1
CSLT.L^B13,0.062650616080127,0,1
TOMK.L^I10,0.0633147113594041,0,1
HYVE.L^E23,0.0634920634920634,0,1
CDC.L^G01,0.0636363636363637,0,1
FEV.L,0.0636363636363637,0,1
IMI.L,0.0639147802929427,0,1
HCFT.L,0.0642201834862385,0,1
ITV.L,0.0644225188624492,0,1
BPP.L^H09,0.0646387832699619,0,1
EDU.L^K07,0.0647482014388489,0,1
AGT.L,0.0648148148148148,0,1
JPT.L^D05,0.0648648648648648,0,1
YKLD.L^I02,0.0649350649350648,0,1
AWG.L^L06,0.0652542358355616,0,1
KNBTq.L^J98,0.0654304635761588,0,1
ARD.L^A07,0.0658536585365854,0,1
WES.L^L01,0.0666666666666666,0,1
TRN.L^E05,0.0666666666666666,0,1
AYM.L,0.0666666666666666,0,1
FUT.L^H06,0.0673575129533678,0,1
GHL.L^H04,0.0674846625766871,0,1
NZL.L^B08,0.0675105485232068,0,1
SVE.L^K01,0.0679245283018867,0,1
MCKSc.L^G02,0.0679611650485436,0,1
TPK.L,0.0680628272251309,0,1
ABP.L^H06,0.0686619718309859,0,1
CMH.L,0.0689655172413792,0,1
HZLE.L^B01,0.069767441860465,0,1
FRP.L^G01,0.06993006993007,0,1
APTD.L,0.0700000000000002,0,1
FEP.L^K01,0.0700218818380744,0,1
JMF.L,0.0700218818380746,0,1
SFL.L^H05,0.0703124981026332,0,1
GTA.L^G98,0.0708661417322835,0,1
BTX.L^J01,0.0710659898477157,0,1
WMPY.L^G07,0.0711462450592885,0,1
MRCM.L,0.0712166172106825,0,1
NBB.L,0.0714285714285714,0,1
HLCL.L,0.0717948717948717,0,1
SOFPq.L^A98,0.0725338491295937,0,1
PHGq.L^J98,0.0727611940298507,0,1
WLP.L^B01,0.0730337078651686,0,1
THT.L^H15,0.0731707317073171,0,1
MEI.L^I99,0.0731707317073171,0,1
POP.L^G99,0.0732758620689655,0,1
MARS.L,0.0733067729083667,0,1
ELX.L^C09,0.0735294117647058,0,1
CDI.L^E18,0.0742358066522366,0,1
FFY.L^B17,0.0747663375530065,0,1
WTTp.L^B07,0.0747663551401869,0,1
INME.L^H19,0.0756302819851018,0,1
HEWS.L^B01,0.0757575757575756,0,1
RGAL.L^F01,0.0757575757575756,0,1
NAIT.L,0.0758513931888542,0,1
UU.L,0.0764895330112718,0,1
HOLZq.L^F99,0.0766423357664234,0,1
SVC.L^L07,0.0767888326027108,0,1
RCDO.L,0.0772727272727273,0,1
OMVVq.L^I04,0.077709608482603,0,1
SSE.L,0.0777439024390242,0,1
BALW.L^H01,0.0777777891719777,0,1
ANTO.L,0.0779411764705881,0,1
CAG.L^L98,0.0780780780780781,0,1
SWW.L^D00,0.0781563126252504,0,1
JOS.L^A03,0.0783582089552239,0,1
EPW.L^B00,0.0783898305084744,0,1
BT.L,0.0785804816223068,0,1
ROPO.L^G97,0.0788381742738588,0,1
GNK.L^J19,0.0788863089048392,0,1
BMO.L^K00,0.0790697674418605,0,1
MORE.L^H98,0.0798722044728434,0,1
HYWD.L^J09,0.08,0,1
METGq.L^B98,0.08,0,1
BAA.L^H06,0.0801644398766701,0,1
CMIPq.L^L97,0.0805970149253731,0,1
JGD.L^A99,0.0806451612903225,0,1
BKY.L^K99,0.081012658227848,0,1
IOV.L^A07,0.081081082309097,0,1
ARSP.L^L11,0.0815533980582523,0,1
8264q.L^I05,0.0816733067729083,0,1
CKN.L,0.0817307692307691,0,1
7270q.L^J08,0.0819848975188781,0,1
MKNE.L^J00,0.0820559062218213,0,1
SMJ.L,0.0824742268041238,0,1
BEPL.L^B01,0.0828025477707006,0,1
PRSC.L^E05,0.0829596412556055,0,1
WTC.L^K09,0.0833333333333332,0,1
MCG.L,0.0833333333333332,0,1
JSG.L,0.0834951456310679,0,1
ABD.L,0.0835380835380834,0,1
SSL.L^K10,0.0836083608360835,0,1
MTC.L^B99,0.0838095238095237,0,1
JSRE.L^D07,0.0843881856540085,0,1
GHD.L^F00,0.0847457627118644,0,1
8830q.L^A02,0.0857142857142856,0,1
FSTA.L,0.0857142857142856,0,1
JEI.L^I00,0.086021505376344,0,1
0008q.L^H00,0.0863453815261046,0,1
IPU.L,0.086750788643533,0,1
UBGU.L,0.0870588235294116,0,1
WBY.L^B06,0.0874999999999999,0,1
WTT.L^I04,0.088,0,1
SMET.L^G00,0.0883977900552486,0,1
HSBAq.L^K07,0.0886224283129022,0,1
AB.L^G07,0.088796679639552,0,1
BSWSq.L^J98,0.0888748818153166,0,1
BOC.L^I06,0.0892959358900973,0,1
PRU.L,0.0895218718209562,0,1
GDYO.L^H08,0.089820359281437,0,1
CHCPL.L^A11,0.0903614457831325,0,1
CNO.L^H01,0.0904255374071303,0,1
SFC.L^L97,0.0909090909090908,0,1
TML.L^H97,0.0909090909090908,0,1
GRB.L^L97,0.0912547528517109,0,1
MGBb.L^H01,0.0913404499904195,0,1
ABBZq.L^F99,0.0913705583756345,0,1
GRG.L,0.0915887850467289,0,1
BMK.L^G04,0.0916666635229239,0,1
EGE.L^H98,0.0916666666666665,0,1
RWI.L,0.0919540229885056,0,1
BRSC.L,0.0921052631578946,0,1
UAPPq.L^A98,0.0924369747899158,0,1
7201q.L^J08,0.0925240562546261,0,1
AKZOq.L^J98,0.0929936305732483,0,1
CPG.L^G00,0.0931174089068826,0,1
CSA.L^I99,0.0934579439252336,0,1
HLND.L^A00,0.09375,0,1
GBIBtq.L^E98,0.0939716312056737,0,1
PBF.L^I97,0.0940766550522647,0,1
PARIq.L^F98,0.0943396226415094,0,1
ALUG.L,0.0944767441860465,0,1
GDYOa.L^D04,0.094488188976378,0,1
8801q.L^J08,0.0945054945054946,0,1
CAB.L^I05,0.0952380952380953,0,1
HYR.L^J00,0.0961667787491593,0,1
LAMBtq.L^F99,0.0965391559740784,0,1
JMI.L,0.096774193548387,0,1
JPR.L^K18,0.0975609755126944,0,1
IBST.L^D99,0.0977443609022556,0,1
FAP.L^L05,0.0980392156862746,0,1
BLEYb.L^D06,0.098360655737705,0,1
UFH.L^L00,0.0985074626865671,0,1
JCH.L,0.0989399293286219,0,1
JVP.L^A07,0.09975668437846,0,1
ALUSq.L^D98,0.1,0,1
MDM.L^F99,0.1,0,1
PIRIq.L^D97,0.1,0,1
BULM.L^G03,0.1,0,1
CIU.L^J17,0.1005747126436782,0,1
EUP.L^H04,0.1007751937984495,0,1
SPU.L^A01,0.1012048192771084,0,1
VOD.L,0.1014198782961457,0,1
KCT.L,0.1020618556701031,0,1
REPq.L^J98,0.102323282254078,0,1
FRTH.L^D02,0.1023622047244094,0,1
SB.L^L00,0.1025324274243359,0,1
MTC.L,0.1027131782945736,0,1
SHB.L^C23,0.1032075625186281,0,1
LLOY.L,0.103368176538908,0,1
HEAD.L,0.1035087719298248,0,1
WMU.L^F98,0.1036662452591656,0,1
SXS.L,0.1038961038961039,0,1
PWK.L^I99,0.1044776119402985,0,1
ASCIA.L,0.1048689138576779,0,1
MGB.L^I06,0.1049528301886792,0,1
AST.L^F01,0.1052631578947367,0,1
DGG.L^K07,0.1055408970976252,0,1
HKIN.L^J99,0.1055999999999999,0,1
HSM.L,0.1058823529411765,0,1
MYH.L^B00,0.1066666666666666,0,1
MGGT.L^I22,0.1067961165048543,0,1
MGAMM.L,0.1068965517241378,0,1
8802q.L^J08,0.1069958847736625,0,1
RGH.L^J00,0.1071428458052763,0,1
FEML.L,0.1086956521739128,0,1
GWG.L^E05,0.1093333333333332,0,1
BSO.L^L00,0.1123110151187904,0,1
GGO.L^F05,0.1126279863481229,0,1
BGBK.L^H07,0.1128205128205128,0,1
AMBL.L^L09,0.1128205182403383,0,1
WNFD.L^F01,0.1129807692307691,0,1
DNDL.L^J18,0.1132637845459783,0,1
AMFW.L^J17,0.1135135135135134,0,1
BNGq.L^G98,0.1153439153439153,0,1
SDR.L,0.1155115511551156,0,1
VIAGq.L^B98,0.1157981803143093,0,1
TOWNT.L,0.1160220994475138,0,1
ACOL.L^E98,0.1161825726141079,0,1
HETH.L^J97,0.1162790697674418,0,1
ASHL.L^L00,0.116991643454039,0,1
BND.L^K99,0.1176470588235294,0,1
DLP.L^I00,0.1176470588235294,0,1
BEL.L^I98,0.1176470588235294,0,1
LFC.L^J03,0.1177446102819237,0,1
TPY.L^C06,0.1181102362204724,0,1
BBB.L^J14,0.1185185185185184,0,1
MGNS.L,0.1188630490956073,0,1
PNN.L,0.118909991742361,0,1
SCK.L^E02,0.1194029850746267,0,1
YON.L^F01,0.1203319502074689,0,1
RNSM.L^B11,0.1206896551724137,0,1
HTG.L,0.1211180124223603,0,1
MVS.L^B98,0.12141652613828,-1,1
PWG.L^G02,0.1222707423580786,-1,1
SALBq.L^G97,0.1225296442687746,-1,1
IVZ.L^L07,0.1233140655105973,-1,1
THRG.L,0.1237785016286643,-1,1
MRI.L^L97,0.125,-1,1
IBG.L^K99,0.125,-1,1
PSEC.L^L97,0.1254019292604502,-1,1
SAN.L^J01,0.1263157894736841,-1,1
CAL.L,0.1276595744680853,-1,1
KLMq.L^J98,0.1280991735537191,-1,1
SNR.L,0.1284403669724769,-1,1
BDEV.L,0.1287128712871286,-1,1
WAGN.L^C09,0.1299999999999999,-1,1
DWG.L^J00,0.1301775147928994,-1,1
BOOT.L,0.1304347826086955,-1,1
SGP.L^I07,0.1304347833409986,-1,1
ACD.L^D98,0.1309523809523809,-1,1
IRV.L^C19,0.1310679611650484,-1,1
EDG.L^G05,0.1313131428650316,-1,1
BTV.L^A01,0.1314935064935065,-1,1
BRYN.L^D01,0.1318681318681318,-1,1
PDG.L,0.1322674418604652,-1,1
BGL.L^C02,0.1330128205128204,-1,1
HBR.L,0.1338028169014087,-1,1
SDRt.L^I22,0.1338317757009346,-1,1
LBS.L^I99,0.1349693251533743,-1,1
RNWH.L,0.1351351351351351,-1,1
BCST.L^I05,0.1369863013698631,-1,1
PTG.L^B07,0.1379310402591613,-1,1
SNGT.L^K03,0.139344262295082,-1,1
TW.L,0.1396103896103899,-1,1
AMV.L^B99,0.1402298850574712,-1,1
ELFPq.L^C99,0.1407407310742765,-1,1
FIAq.L^J98,0.1409764123691634,-1,1
CWK.L,0.1411192214111922,-1,1
BHWGq.L^B98,0.1413043478260869,-1,1
EJV.L^B04,0.1415929203539823,-1,1
PORV.L,0.1416666666666668,-1,1
BRLA.L,0.1420118343195264,-1,1
AHG.L^G02,0.1426470588235293,-1,1
AGHPq.L^F98,0.1430536451169188,-1,1
HSBAx.L^G99,0.143474843946542,-1,1
ORKOaq.L^A99,0.1447963800904976,-1,1
HSBA.L,0.1450995405819295,-1,1
ATEX.L^H00,0.1464788732394366,-1,1
CTO.L,0.1495327102803736,-1,1
BCMIq.L^G98,0.1497326203208555,-1,1
AIN.L^E05,0.1506849315068492,-1,1
BUR.L^C97,0.1508196721311474,-1,1
C3U.L,0.1511627906976744,-1,1
TEM.L,0.151969981238274,-1,1
SUZFq.L^F97,0.1522727272727273,-1,1
HLR.L^H03,0.1538461538461537,-1,1
SAVL.L^H02,0.1538461538461539,-1,1
KBKBtq.L^F99,0.1547911550833864,-1,1
RICH.L^J02,0.1549295774647887,-1,1
VMFNq.L^E98,0.1570247933884296,-1,1
ESCT.L,0.1613508442776736,-1,1
DWHT.L,0.1616161616161615,-1,1
DMGO.L^J13,0.1631944444444444,-1,1
PTN.L^B98,0.1645161290322581,-1,1
ETQ.L^L15,0.1650485436387112,-1,1
SAPObq.L^I98,0.1662944162436548,-1,1
OVB.L,0.1666666666666667,-1,1
DBKGq.L^J98,0.1666666666666667,-1,1
ELDA.L^H18,0.1666666666666667,-1,1
LMSO.L^B07,0.1675126876360584,-1,1
BARC.L,0.1679160419790111,-1,1
PHAZq.L^E98,0.1681034482758621,-1,1
BISI.L,0.1698113207547169,-1,1
OLVE.L^H98,0.1699999999999999,-1,1
JMG.L,0.1703056768558952,-1,1
PZC.L,0.1719101123595507,-1,1
TED.L^D09,0.1720430087706252,-1,1
MKP.L^K05,0.1724137931034481,-1,1
GKLL.L^J14,0.1731448763250882,-1,1
FDBK.L,0.175,-1,1
MRST.L^D99,0.1769230769230769,-1,1
KNGS.L^B97,0.1780821917808219,-1,1
WSW.L^E07,0.1782945736434109,-1,1
SPN.L^H01,0.1785714285714286,-1,1
CSRT.L^C20,0.1789473684210527,-1,1
HWE.L^C99,0.1793103448275861,-1,1
BLEY.L^B19,0.1794871794871795,-1,1
SVS.L,0.180327868852459,-1,1
WSPG.L^H12,0.1810344922001678,-1,1
SDG.L,0.1818181818181818,-1,1
BCTL.L^L09,0.1818181818181818,-1,1
LMBT.L^J14,0.1818181818181818,-1,1
DMGOa.L^A22,0.181988745174318,-1,1
EVNS.L^G99,0.182170542635659,-1,1
BLKA.L^B10,0.1826086956521739,-1,1
BKGH.L,0.1841890790546045,-1,1
PEX.L^F00,0.185185098961417,-1,1
SLY.L^K06,0.1872509960159361,-1,1
VDY.L^I06,0.188034188034188,-1,1
JUKG.L^C21,0.1894218942189423,-1,1
CPI.L,0.1911613566289824,-1,1
OLIVq.L^J98,0.192941175678873,-1,1
HBRO.L^I98,0.1941964285714286,-1,1
LMSOd.L^G04,0.1949152619585683,-1,1
PSN.L,0.195804195804196,-1,1
LVCG.L,0.1999999999999999,-1,1
LPT.L^B05,0.2008733624454148,-1,1
EHR.L^L14,0.202365308804205,-1,1
BION.L^A08,0.202429153199569,-1,1
BLOC.L^G00,0.2025316455696202,-1,1
VOWGq.L^J98,0.2029780525758284,-1,1
MCTY.L^L06,0.203125,-1,1
CHRS.L^J98,0.2034261241970021,-1,1
LDSG.L,0.2035714285714285,-1,1
SLU.L^J00,0.2039106145251397,-1,1
HDW.L^B05,0.2089552238805969,-1,1
ELCO.L,0.2105263157894736,-1,1
NFF.L^G01,0.2115384615384614,-1,1
LLSL.L^B01,0.2137404580152671,-1,1
CBRBtq.L^L97,0.2149532710280373,-1,1
FBR.L^H05,0.2162162162162162,-1,1
SJP.L,0.2233502538071066,-1,1
BAG.L,0.2256568778979908,-1,1
SHI.L,0.227272727272727,-1,1
FCD.L^I07,0.2297297297297298,-1,1
WRDH.L^I00,0.2328767123287671,-1,1
BID.L^G04,0.2397260343376821,-1,1
AKERbq.L^A99,0.2412451361867704,-1,1
CSNS.L^L99,0.2426470588235294,-1,1
CALA.L^G99,0.2462311557788945,-1,1
FIFE.L^H99,0.2470588235294117,-1,1
SDY.L,0.2473794549266246,-1,1
RETV.L^K08,0.25,-1,1
RGP.L,0.2500000000000002,-1,1
BWY.L,0.2520729684908789,-1,1
BDK.L^C04,0.2539682539682539,-1,1
AIM.L^H04,0.2567567567567568,-1,1
ELH.L^J14,0.2569832458118231,-1,1
AHT.L,0.2572706935123046,-1,1
PECIq.L^J98,0.2572944297082227,-1,1
DOPR.L^F15,0.2579439252336448,-1,1
MNTq.L^J98,0.2596153846153846,-1,1
HLAS.L^I99,0.2727272727272727,-1,1
APP.L^K99,0.28,-1,1
GRN.L^F00,0.2871287128712871,-1,1
SASRq.L^A00,0.2922535211267605,-1,1
DINT.L^I12,0.2956521739130433,-1,1
LSH.L^F00,0.2962962962962963,-1,1
TAY.L^C02,0.3,-1,1
SRA.L^H99,0.3035714285714286,-1,1
EBF.L^H02,0.3064516129032257,-1,1
MOG.L^I99,0.3065693430656933,-1,1
BBC.L^I07,0.3114754098360655,-1,1
PAGPA.L,0.3245614035087716,-1,1
GEMIq.L^G98,0.3246396705559367,-1,1
RAIN.L^I97,0.3269230769230768,-1,1
MWH.L^L11,0.3333333333312371,-1,1
IPR.L^J98,0.3333333333333332,-1,1
SRY.L^K99,0.3333333333333332,-1,1
DGO.L^I15,0.3333333651925196,-1,1
CKT.L,0.3414634146341462,-1,1
TND.L,0.3448275862068961,-1,1
HIN.L^E01,0.3828571428571428,-1,1
SDD.L^K05,0.3999999999999999,-1,1
POHJfq.L^A99,0.4009661955082451,-1,1
AIE.L^H15,0.4246575308838427,-1,1
BLGH.L^G03,0.4333333333333333,-1,1
JDR.L^J09,0.4477611963531032,-1,1
SNAC.L^I98,0.4653465346534653,-1,1
TGP.L^J00,0.4905660377358489,-1,1
CRGT.L,0.509090909090909,-1,1
FOOI.L^C15,0.5238095737476611,-1,1
DTZ.L^L11,0.5714285714285714,-1,1
TCC.L^I07,0.6428571428571428,-1,1
JQV.L^B12,0.8112212523573352,-1,1
DBCGq.L^B98,1.0625,-1,1
