Firm Name,Momentum_1,Long Short,Cluster Index
WRDH.L^I00,-0.3448275862068966,0,0
YGH.L^H12,-0.3076923076923078,0,0
WRC.L^G03,-0.2302158270867532,0,0
WTCF.L^B00,-0.2283464566929134,0,0
YNGa.L,-0.2122186495176848,0,0
WBY.L^B06,-0.2054176072234763,0,0
WNH.L^F99,-0.2025316455696202,0,0
VP.L,-0.1987179487179486,0,0
WDSW.L^F06,-0.1970802919708029,0,0
WTTp.L^B07,-0.1864406779661016,0,0
WTC.L^K09,-0.1844660178231417,0,0
YON.L^F01,-0.1843971631205674,0,0
WPP.L,-0.1801517067003792,0,0
WEIR.L,-0.1788235294117647,0,0
WTR.L^C19,-0.1787878745828857,0,0
VSVS.L,-0.1715116279069767,0,0
VYM.L^I99,-0.1666666666666666,0,0
WTT.L^I04,-0.1657142857142857,0,0
WTAN.L,-0.1594594594594593,0,0
WTB.L,-0.1582491582491583,0,0
WOXC.L,-0.1571428571428571,0,0
WDL.L^C00,-0.1481481481481481,0,0
WSPG.L^H12,-0.147999995619122,0,0
WAGN.L^C09,-0.1463414634146341,0,0
WRE.L^I99,-0.1441441441441441,0,0
WHC.L^E99,-0.1439393939393939,0,0
VOWGq.L^J98,-0.1428571428571429,0,0
YOR.L^J04,-0.140625,0,0
WGM.L^B05,-0.1388888888888888,0,0
WDNY.L^H09,-0.1374999999999999,0,0
WLB.L^D07,-0.1288614298323036,0,0
WRK.L^I00,-0.1265822784810126,0,0
WMY.L^I05,-0.1174825174825174,0,0
VOD.L,-0.1157517899761334,0,0
WNDR.L^C07,-0.1153846153846154,0,0
WMPY.L^G07,-0.1116279069767441,0,0
WES.L^L01,-0.0999999999999999,0,0
WKO.L^K99,-0.0963302752293577,0,0
WKS.L^L00,-0.0928725701943844,0,0
WSW.L^E07,-0.0872483221476509,0,0
WLP.L^B01,-0.0838323353293413,0,0
WNFD.L^F01,-0.0784313725490196,0,0
WSE.L^C09,-0.0784313725490196,0,0
WNS.L^G09,-0.0782122905027933,0,0
WLN.L^F05,-0.074074074074074,0,0
WNER.L^H13,-0.0732217573221757,0,0
ZIN.L,-0.0714285714285714,0,0
WLG.L^J16,-0.0675675707579025,0,0
WHM.L^D08,-0.063905325443787,0,0
VRD.L^L06,-0.0582608686994486,0,0
0008q.L^H00,-0.0557553956834532,0,0
WKP.L,-0.0473372781065088,0,0
WSNC.L^K03,-0.0391304347826086,0,0
WILC.L^K98,-0.0337349397590361,0,0
WKT.L^E09,-0.0163934426229508,0,0
WXW.L^K98,-0.0142259414225941,0,0
YKLD.L^I02,-0.0061349693251533,0,0
WLSNcq.L^J98,0.0,0,0
WCE.L^I99,0.0188679245283018,0,0
WGC.L^F06,0.0884210526315789,0,0
SAW.L^L03,-0.62500019021735,1,1
LFC.L^J03,-0.6019607843137256,1,1
CNE.L,-0.5876494023904382,1,1
ORI.L^J99,-0.5584415584415585,1,1
BRLA.L,-0.5428571428571429,1,1
SNAC.L^I98,-0.4692307692307692,1,1
ANII.L,-0.4642857142857143,1,1
EXF.L^G99,-0.4637681159420289,1,1
GBLJq.L^J99,-0.4581005586592178,1,1
HYVE.L^E23,-0.456,1,1
IBT.L,-0.4449541284403669,1,1
GSNAq.L^K98,-0.4444444444444444,1,1
TLA.L^I01,-0.4424242424242424,1,1
STYL.L^C09,-0.435483870967742,1,1
HIN.L^E01,-0.4352159468438538,1,1
AIM.L^H04,-0.431578947368421,1,1
OMG.L^I00,-0.4277620396600566,1,1
JOVC.L^J04,-0.4216867469879518,1,1
SFR.L,-0.4172185430463575,1,1
JMG.L,-0.4170506912442396,1,1
PSI.L^J99,-0.4137931034482759,1,1
PALC.L^K12,-0.4117646167940337,1,1
SBCJq.L^D00,-0.4093959731543624,1,1
EBI.L^E01,-0.4059405940594059,1,1
AEE.L^C03,-0.4047619047619047,1,1
CYXI.L^I99,-0.4034090909090909,1,1
FUI.L^J99,-0.4,1,1
SDD.L^K05,-0.4,1,1
DGO.L^I15,-0.3968253968253968,1,1
SLD.L^E01,-0.3962264150943396,1,1
TIE.L^G99,-0.39,1,1
FEML.L,-0.3879142300194931,1,1
CUG.L^G00,-0.3869565217391304,1,1
OCT.L^E99,-0.383177570093458,1,1
AAP.L^I07,-0.3815028901734104,1,1
OLMU.L^B08,-0.3738532110091743,1,1
CDLY.L^J06,-0.3711340206185567,1,1
IVZ.L^L07,-0.3710826210826211,1,1
TEM.L,-0.3698979591836735,1,1
ORKOaq.L^A99,-0.3690140845070422,1,1
CTID.L,-0.3680555555555556,1,1
MOG.L^I99,-0.3669724770642202,1,1
FGSN.L^A00,-0.3609022556390977,1,1
LIBSq.L^D00,-0.3608244472151047,1,1
CAG.L^L98,-0.360655737704918,1,1
DINT.L^I12,-0.36,1,1
AIE.L^H15,-0.3582089572198711,1,1
RUM.L^F99,-0.3577981651376146,1,1
TTLS.L^G10,-0.3571428571428571,1,1
COSG.L,-0.3548387096774192,1,1
GVA.L^L01,-0.3545454545454545,1,1
LWG.L^L99,-0.3541666666666666,1,1
DKN.L^F00,-0.351931330472103,1,1
ADS.L^C03,-0.3509234828496042,1,1
COEG.L^I10,-0.3494623655913978,1,1
TSTT.L,-0.3478260869565219,1,1
BPP.L^H09,-0.3478260869565217,1,1
BGL.L^C02,-0.347547974413646,1,1
MPAC.L,-0.3472222222222222,1,1
GENBq.L^A99,-0.3457189016490064,1,1
600688q.L^J08,-0.3409090909090909,1,1
TLW.L,-0.3395522388059702,1,1
BALF.L,-0.3373015873015873,1,1
SAPObq.L^I98,-0.3362068965517241,1,1
IVW.L^L00,-0.3333333333333333,1,1
PLN.L^L06,-0.3333333333333333,1,1
ROD.L,-0.3333333333333333,1,1
UTY.L^I99,-0.3333333333333333,1,1
REAH.L,-0.3330648509836958,1,1
DRW.L^I04,-0.3315508014057884,1,1
ADC.L^H00,-0.3310104529616724,1,1
CBRO.L,-0.3303834808259587,1,1
JDW.L,-0.3287128712871286,1,1
FOSJq.L^D00,-0.3281250986328383,1,1
SPS.L^D08,-0.3274853805770179,1,1
SASRq.L^A00,-0.3244766505636071,1,1
RMS.L^I99,-0.3225806451612903,1,1
HOF.L^K06,-0.3216783216783216,1,1
FSH.L^G02,-0.3188405797101449,1,1
SOO.L^J09,-0.3188405797101449,1,1
CTN.L^I03,-0.3186813186813186,1,1
CHENa.L^F01,-0.3186046511627907,1,1
SLA.L^L99,-0.3184302036761053,1,1
BDEV.L,-0.3174946004319654,1,1
RBG.L^F10,-0.3171247350631283,1,1
ILG.L^K99,-0.3167701863354037,1,1
DEWH.L^K01,-0.3145161290322581,1,1
LPX.L^K99,-0.3140495867768594,1,1
MTM.L^D00,-0.313953488372093,1,1
FPE.L^A01,-0.3138686131386861,1,1
CRJ.L^J01,-0.313725486751251,1,1
JUSC.L,-0.3132118451025057,1,1
RAK.L^K99,-0.3111111111111111,1,1
STAN.L,-0.3108728943338438,1,1
NZL.L^B08,-0.3107142857142857,1,1
SMON.L^H07,-0.3097345132743363,1,1
PPT.L^I01,-0.3076923076923077,1,1
AMNX.L,-0.3068181818181819,1,1
HOLZq.L^F99,-0.306803594351733,1,1
SGE.L,-0.3064024390243902,1,1
NAR.L,-0.3046357615894041,1,1
CLC.L^E12,-0.2967741916144393,1,1
DVG.L^E99,-0.2959183673469387,1,1
MGB.L^I06,-0.2958280657395702,1,1
GHT.L,-0.295774647887324,1,1
SVS.L,-0.2936802973977694,1,1
FII.L^J14,-0.2935779816513761,1,1
TJG.L^K00,-0.2926829268292683,1,1
LVCG.L,-0.2916666666666666,1,1
MWLM.L^C06,-0.2904411764705882,1,1
BRWM.L,-0.2882096069868995,1,1
ACN.L^F99,-0.2875,1,1
EJV.L^B04,-0.2857142857142857,1,1
HWDN.L,-0.2857142857142857,1,1
JMI.L,-0.2840236686390534,1,1
DSCV.L,-0.2835820895522388,1,1
EGI.L^K01,-0.2826087120538237,1,1
SAFL.L^E19,-0.2826086682580693,1,1
AV.L,-0.2822445561139028,1,1
MGBb.L^H01,-0.2819224700007423,1,1
IMG.L^K17,-0.2805755395683453,1,1
SNW.L^A01,-0.2798594847775175,1,1
HTG.L,-0.2781818181818181,1,1
TMW.L^K12,-0.277777760109461,1,1
SMDS.L,-0.2773109243697478,1,1
ELM.L,-0.2769230769230767,1,1
MMKVq.L^F99,-0.2749999926898405,1,1
SOH.L^K01,-0.2735042735042735,1,1
ITV.L,-0.2734778121775024,1,1
MFW.L^J14,-0.2733485187210109,1,1
SIG.L^C16,-0.2732919254658383,1,1
MCG.L,-0.2727697337692666,1,1
JBA.L^J99,-0.2712014134275619,1,1
EMPEq.L^I98,-0.2692307692307693,1,1
SVC.L^L07,-0.268595041322314,1,1
GARD.L^G99,-0.2666666666666667,1,1
ANTO.L,-0.2658730158730158,1,1
IAW.L^H08,-0.2653061224489796,1,1
FCD.L^I07,-0.2646048109965635,1,1
ESCT.L,-0.2638623326959846,1,1
HOG.L^L98,-0.262582056892779,1,1
CSE.L^B99,-0.2622950819672131,1,1
PECO.L^E16,-0.2607076350093109,1,1
8830q.L^A02,-0.2606800348735832,1,1
RAT.L,-0.2605042016806722,1,1
MVM.L^I03,-0.2603550295857988,1,1
PAGPA.L,-0.2597087378640776,1,1
BATS.L,-0.2594969639394756,1,1
USS.L^L00,-0.2593360995850622,1,1
BGBK.L^H07,-0.2590673575129534,1,1
FKI.L^G08,-0.2590361445783132,1,1
BON.L^G00,-0.2587064676616916,1,1
MLE.L^I04,-0.2580645161290322,1,1
SWW.L^D00,-0.2578125,1,1
THT.L^H15,-0.2574712643678161,1,1
ANSY.L,-0.2574257425742573,1,1
DTZ.L^L11,-0.2558139534883721,1,1
GHD.L^F00,-0.2555555555555555,1,1
ERM.L^K22,-0.2552083333333333,1,1
CPG.L^G00,-0.2548872180451128,1,1
KWFT.L^H99,-0.254841997961264,1,1
OXIG.L,-0.2547993019197208,1,1
DCS.L^G06,-0.2547318611987381,1,1
ARGq.L^F99,-0.2544850148675014,1,1
PTG.L^B07,-0.2543859635050192,1,1
BAG.L,-0.2541871921182266,1,1
INTI.L^H09,-0.2533333333333333,1,1
SGP.L^I07,-0.2526315792545254,1,1
FEV.L,-0.2517006802721089,1,1
NMCN.L^J21,-0.2514970059880239,1,1
AMBL.L^L09,-0.2512077294685989,1,1
JMY.L^G01,-0.25,1,1
AMV.L^B99,-0.2493333333333333,1,1
ABD.L,-0.2493224932249322,1,1
HWE.L^C99,-0.2490272373540856,1,1
CTO.L,-0.2490118577075099,1,1
HBR.L,-0.2483221476510068,1,1
9700q.L^J01,-0.2470760233918129,1,1
QMOT.L^J04,-0.246031746031746,1,1
TPY.L^C06,-0.2451612903225806,1,1
ANE.L^K01,-0.2449664429530201,1,1
GNK.L^J19,-0.2449275344290494,1,1
SEAR.L^C99,-0.2426778242677824,1,1
GNC.L,-0.2419080068143096,1,1
TTL.L^I05,-0.2413793103448276,1,1
SHC.L^I03,-0.2407407407407407,1,1
KNK.L^G02,-0.2406015037593984,1,1
MMT.L^L03,-0.2404761904761905,1,1
DGP.L^E03,-0.24,1,1
VCI.L^A99,-0.24,1,1
MRST.L^D99,-0.2385321100917431,1,1
INST.L^L09,-0.2380952380952381,1,1
SPN.L^H01,-0.2377622377622378,1,1
RGH.L^J00,-0.2375,1,1
SPGR.L^J09,-0.2366863905325443,1,1
HKSN.L^J00,-0.2352941176470588,1,1
REL.L,-0.2351443123938879,1,1
MGAMM.L,-0.2347222222222221,1,1
PON.L^J12,-0.2336371151209202,1,1
REPq.L^J98,-0.2334293948126801,1,1
ICS.L^I00,-0.2327586206896551,1,1
FEP.L^K01,-0.2325581395348837,1,1
JMF.L,-0.2325581395348837,1,1
AGA.L^I15,-0.2323008875350231,1,1
ALUG.L,-0.2307692307692307,1,1
BXI.L^D00,-0.2299999999999999,1,1
SFL.L^H05,-0.2297297342162764,1,1
TIP.L^H01,-0.2294372294372294,1,1
RGO.L^H00,-0.2294117647058823,1,1
MOSB.L^F20,-0.2291169451073985,1,1
VIDV.L,-0.2290748898678414,1,1
EVNS.L^G99,-0.2286821705426356,1,1
GHL.L^H04,-0.2281879194630872,1,1
KCT.L,-0.227979274611399,1,1
GTM.L^J99,-0.2278481012658227,1,1
HWY.L^J99,-0.2278481012658227,1,1
CSNS.L^L99,-0.2277777777777777,1,1
CRTO.L^A05,-0.2275862068965517,1,1
DNIC.L^F07,-0.2272727272727273,1,1
HRI.L,-0.2263157894736842,1,1
ARCC.L^I04,-0.2261904761904761,1,1
CBAOq.L^A99,-0.2256186317321689,1,1
FBR.L^H05,-0.2253521126760563,1,1
PMLJq.L^K99,-0.2249999999999999,1,1
SMFT.L^J02,-0.2241379103448689,1,1
JPR.L^K18,-0.2240963856237777,1,1
BND.L^K99,-0.2236842105263158,1,1
IOV.L^A07,-0.2236842053681124,1,1
GGO.L^F05,-0.2236024844720496,1,1
AWA.L^H00,-0.2235649546827794,1,1
ARD.L^A07,-0.2233333333333333,1,1
BARC.L,-0.2231260894828589,1,1
BSO.L^L00,-0.2222222222222222,1,1
CAB.L^I05,-0.2222222222222222,1,1
N4P.L,-0.2222222222222222,1,1
RIVA.L^L99,-0.2222222222222222,1,1
FUT.L^H06,-0.2216494845360824,1,1
HKIN.L^J99,-0.2213438735177866,1,1
JRVS.L^J14,-0.2209856915670961,1,1
JET2.L,-0.2203389830508474,1,1
GB0097626.L^C07,-0.2201492537313433,1,1
IBST.L^D99,-0.2199999999999999,1,1
8001q.L^J08,-0.2197452229299362,1,1
TNS.L^K08,-0.2196969696969697,1,1
5713q.L^J08,-0.2194492254733219,1,1
HNE.L,-0.2192307692307692,1,1
MYH.L^B00,-0.21875,1,1
REGI.L^F09,-0.2186363656325521,1,1
HEWS.L^B01,-0.2184615384615384,1,1
ABBZq.L^F99,-0.2183908045977011,1,1
CARRC.L,-0.2181069958847737,1,1
BGEU.L,-0.2179962894248608,1,1
IEP.L^G00,-0.217687074829932,1,1
BWNG.L,-0.217391304347826,1,1
DGN.L,-0.2168674698795181,1,1
MGN.L^K99,-0.2157772621809744,1,1
HNL.L^G04,-0.2147766323024055,1,1
QSP.L^H02,-0.2146596858638743,1,1
ESGN.L^H04,-0.2142857142857143,1,1
TND.L,-0.2142857142857143,1,1
AUSC.L,-0.2136752136752137,1,1
BRSN.L^I17,-0.21290322476171,1,1
LCI.L^L06,-0.2128851533659216,1,1
COA.L,-0.2121212121212121,1,1
SCS.L^F00,-0.2121212121212121,1,1
PER.L^C01,-0.2119565217391305,1,1
MEI.L^I99,-0.2114803625377643,0,1
MTC.L^B99,-0.2112676056338028,0,1
RSW.L,-0.2110990206746463,0,1
GSCT.L,-0.211042944785276,0,1
BDH.L^F06,-0.210970464135021,0,1
GFRD.L,-0.2105263157894736,0,1
SBSC.L^I16,-0.2105263015400724,0,1
ECC.L^F99,-0.2096774193548387,0,1
AVS.L^L16,-0.2091295119860633,0,1
GVS.L^G02,-0.2086659064994298,0,1
ARBB.L,-0.2084690553745929,0,1
SSG.L^G01,-0.2083333333333333,0,1
VIP.L,-0.2083333333333333,0,1
MCE.L^F05,-0.2081447963800905,0,1
UKM.L^L16,-0.2079845460399227,0,1
LMNT.L^C03,-0.2079646017699115,0,1
RCHN.L^C00,-0.2079207920792078,0,1
BENT.L^H01,-0.2076502732240437,0,1
DVR.L^I06,-0.2075892857142857,0,1
LWI.L,-0.2074263764404608,0,1
6501q.L^J08,-0.2071468453378001,0,1
DVO.L^D23,-0.2068965517241379,0,1
ABBY.L^D21,-0.2063492063492062,0,1
HEAD.L,-0.2063492063492062,0,1
SFG.L^I99,-0.2058823529411765,0,1
MACP.L^I19,-0.2058047493403694,0,1
ABP.L^H06,-0.2056213017751479,0,1
FNLY.L^I00,-0.2054794520547945,0,1
BRW.L^I22,-0.2048054919908467,0,1
APTD.L,-0.2043478260869567,0,1
ELH.L^J14,-0.2040816344428816,0,1
ALUSnq.L^F99,-0.2038567493112947,0,1
JEDT.L,-0.2037037037037037,0,1
AUN.L^G06,-0.2035928143712575,0,1
BVIT.L^F05,-0.2029520295202952,0,1
CEG.L^H00,-0.2027027027027027,0,1
HSBA.L,-0.2026845637583891,0,1
PIZ.L^G03,-0.2023480662983425,0,1
PVI.L^K04,-0.202247191011236,0,1
IREV.L^H03,-0.2017543859649122,0,1
MSLH.L,-0.2015209125475285,0,1
BNKR.L,-0.2011173184357541,0,1
RR.L,-0.20063025210084,0,1
TOPS.L^H05,-0.2005420054200541,0,1
GEIN.L^J00,-0.1999999999999999,0,1
DNDL.L^J18,-0.199438202247191,0,1
ASCIA.L,-0.1994134897360704,0,1
MCS.L^G99,-0.1992337164750958,0,1
MTO.L,-0.1981481481481483,0,1
PKN.L^C01,-0.1981132075471697,0,1
CFX.L,-0.1979695431472081,0,1
ADIG.L,-0.1977818853974121,0,1
TCC.L^I07,-0.1975308641975308,0,1
LWDB.L,-0.1965881397238017,0,1
BAES.L,-0.1964097148891235,0,1
8604q.L^J08,-0.1963963963963964,0,1
STVG.L,-0.1960526315789474,0,1
POP.L^G99,-0.1959999999999999,0,1
EDU.L^K07,-0.195583596214511,0,1
GB0160755.L^I07,-0.1955555555555556,0,1
RDN.L^B05,-0.1955307328240629,0,1
8053q.L^J08,-0.1950067476383266,0,1
PND.L^K99,-0.1947368421052632,0,1
GDYOa.L^D04,-0.1945945945945946,0,1
PHS.L^G04,-0.1945945945945946,0,1
BCL.L^J99,-0.1944444444444444,0,1
HLMA.L,-0.1944444444444444,0,1
DAN.L^L02,-0.1935483850297656,0,1
ANEA.L,-0.1931818181818182,0,1
MARS.L,-0.1927592954990216,0,1
6753q.L^J08,-0.1924349881796689,0,1
BRGL.L^B01,-0.1915887850467289,0,1
HWG.L,-0.1914893617021276,0,1
BGUK.L,-0.1913183279742765,0,1
BOS.L^G06,-0.1911764705882352,0,1
BMK.L^G04,-0.1911421911421912,0,1
SNCL.L^B16,-0.1909385113268608,0,1
7201q.L^J08,-0.1908801696712619,0,1
RCDO.L,-0.1908045977011494,0,1
C3U.L,-0.1904761904761904,0,1
CEPS.L,-0.1904761904761904,0,1
ISA.L^G02,-0.1901408450704225,0,1
HZLE.L^B01,-0.1900237529691211,0,1
CDFF.L,-0.1898148148148147,0,1
SPU.L^A01,-0.1898148148148147,0,1
HFEL.L,-0.1897018970189702,0,1
IBG.L^K99,-0.1896551724137931,0,1
SDG.L,-0.1893939393939394,0,1
RIO.L,-0.1889763779527558,0,1
TOMK.L^I10,-0.1889067524115756,0,1
CED.L^C02,-0.1886792395772116,0,1
VHE.L^L01,-0.1885714285714286,0,1
DBKGq.L^J98,-0.1884057971014492,0,1
SCEA.L^C99,-0.188235294117647,0,1
GOR.L^I98,-0.1881533101045296,0,1
THRG.L,-0.1878612716763006,0,1
IPU.L,-0.1869565217391304,0,1
BUT.L,-0.1862464183381088,0,1
0017q.L^J08,-0.1862245009871201,0,1
NICL.L,-0.1862244897959183,0,1
BTB.L^F03,-0.1857142857142857,0,1
FCIT.L,-0.1849489795918367,0,1
TPK.L,-0.1849462365591397,0,1
7211q.L^J08,-0.1844197138314784,0,1
BRSC.L,-0.1842857142857142,0,1
SAT.L^F06,-0.1842105263157895,0,1
LSB.L^L08,-0.184,0,1
SMC.L^H03,-0.184,0,1
JSRE.L^D07,-0.1838565022421524,0,1
TW.L,-0.18348623853211,0,1
SYMD.L^J99,-0.1830985915492957,0,1
IRV.L^C19,-0.1827586206896552,0,1
PSON.L,-0.1825,0,1
8063q.L^I98,-0.1822033898305084,0,1
PEX.L^F00,-0.1818181818181817,0,1
UNq.L^J98,-0.1818181818181817,0,1
HLD.L^G99,-0.1818181812012431,0,1
TARM.L^G99,-0.1808510638297872,0,1
HTS.L^K00,-0.1807228915662651,0,1
APT.L^K01,-0.1806451612903226,0,1
AST.L^F01,-0.1806083650190114,0,1
HSM.L,-0.180327868852459,0,1
INME.L^H19,-0.1801802310648159,0,1
JYS.L^I98,-0.18,0,1
PEPJq.L^D00,-0.1799999999999999,0,1
PTTD.L,-0.1794871794871795,0,1
LLSL.L^B01,-0.1793103448275862,0,1
BWY.L,-0.1788194444444444,0,1
AUK.L,-0.1785714285714286,0,1
JGGI.L,-0.1778319123020707,0,1
LIG.L^I99,-0.1773835920177383,0,1
BTN.L^F03,-0.1770833333333333,0,1
BLK.L^B04,-0.1769316909294512,0,1
SHI.L,-0.1767955801104971,0,1
DIAL.L,-0.176470588235294,0,1
GB0891107.L^I04,-0.1763059701492537,0,1
KLR.L,-0.1759036144578313,0,1
MKNE.L^J00,-0.1758104738154613,0,1
MIDW.L,-0.1754563894523326,0,1
MRCH.L,-0.1752450980392157,0,1
AIN.L^E05,-0.175,0,1
EXL.L^L05,-0.1746949261400128,0,1
HAN.L,-0.1746880570409983,0,1
HRB.L^I00,-0.1741472172351885,0,1
5405q.L^J08,-0.174013921113689,0,1
CHG.L,-0.1739130434782608,0,1
8801q.L^J08,-0.1736607142857142,0,1
7013q.L^J08,-0.1735985533453887,0,1
ELFPq.L^C99,-0.173481307627901,0,1
BTX.L^J01,-0.1730769230769231,0,1
ELCO.L,-0.1730769230769231,0,1
GHM.L^K99,-0.1730769230769231,0,1
SNGT.L^K03,-0.1730769230769231,0,1
SVE.L^K01,-0.1729729729729729,0,1
JUKG.L^C21,-0.1725239616613418,0,1
CTY.L,-0.1721789883268483,0,1
MTE.L^K99,-0.171875,0,1
MRCM.L,-0.1716906946264743,0,1
RTN.L,-0.1716738197424892,0,1
OVB.L,-0.1714285714285713,0,1
LMI.L^F19,-0.1714285713801727,0,1
DMGOa.L^A22,-0.1710758364482935,0,1
5802q.L^J08,-0.1710572532490341,0,1
AMFW.L^J17,-0.1707317073170732,0,1
OPSS.L^L15,-0.1706161168482776,0,1
HSBAx.L^G99,-0.1704384724186703,0,1
SRP.L,-0.1704347826086957,0,1
RCP.L,-0.1703910614525139,0,1
EDFD.L^A04,-0.1698113207547169,0,1
SCIN.L^I22,-0.1696306429548564,0,1
BKGH.L,-0.1690376569037657,0,1
JCH.L,-0.1688980432543769,0,1
AKERbq.L^A99,-0.1688888888888888,0,1
7752q.L^K08,-0.1687422166874221,0,1
CLDN.L,-0.1685393258426967,0,1
DLAR.L,-0.1683168316831682,0,1
SMIN.L,-0.1681818181818182,0,1
BNZL.L,-0.1678832116788321,0,1
TWI.L^H01,-0.1677419354838709,0,1
GOH.L^J04,-0.1675675675675675,0,1
FRP.L^G01,-0.1674418604651163,0,1
LPT.L^B05,-0.1672727272727272,0,1
LLOY.L,-0.1672535211267605,0,1
RNK.L,-0.166920731707317,0,1
TOW.L^I01,-0.1666666728973619,0,1
AVI.L^L01,-0.1666664950981148,0,1
SHRS.L,-0.165929203539823,0,1
GSC.L^J99,-0.1657355679702048,0,1
ATST.L,-0.1652100840336132,0,1
HAST.L^L20,-0.1651705570378974,0,1
PFL.L^J16,-0.1650294695481335,0,1
UBIS.L^F00,-0.1649269311064718,0,1
VICK.L^L99,-0.1648648648648648,0,1
DPLM.L,-0.1643835616438356,0,1
BRYN.L^D01,-0.1639344262295081,0,1
PWK.L^I99,-0.1639344262295081,0,1
RNO.L,-0.1634349030470914,0,1
DNY.L^I99,-0.1634241245136186,0,1
DLP.L^I00,-0.1632231404958677,0,1
ETL.L^G07,-0.1631205673758864,0,1
ATRAS.L,-0.1630434782608695,0,1
LBS.L^I99,-0.1628664495114006,0,1
MBY.L^G06,-0.1627906976744185,0,1
GDYO.L^H08,-0.162420382165605,0,1
ATI.L^J04,-0.1621621621621621,0,1
EDG.L^G05,-0.1621621577316535,0,1
JQV.L^B12,-0.1612903225806451,0,1
FOOI.L^C15,-0.1612902733319423,0,1
BFS.L^I05,-0.1605504587155963,0,1
RSLA.L^F01,-0.160427807486631,0,1
CCK.L^G99,-0.1603053435114504,0,1
BRPI.L^H16,-0.16005291005291,0,1
TTG.L,-0.1595547309833024,0,1
SHEL.L,-0.1595365107461578,0,1
MATB.L^A01,-0.1591836734693877,0,1
FUS.L^F11,-0.1591511936339522,0,1
ALO.L^C00,-0.159090909090909,0,1
DLN.L,-0.1589068825910931,0,1
HTI.L^I11,-0.1587301587301587,0,1
PSN.L,-0.1585014409221903,0,1
NAIT.L,-0.157844990548204,0,1
SDY.L,-0.1577253218884119,0,1
7751q.L^J08,-0.1571364918705324,0,1
0014q.L^L08,-0.1570247933884297,0,1
DIG.L,-0.1569560047562426,0,1
ETQ.L^L15,-0.15625,0,1
LAS.L,-0.15625,0,1
SPX.L,-0.1556701030927834,0,1
BONAq.L^F99,-0.1550387596899225,0,1
MCTY.L^L06,-0.1544117647058823,0,1
BGCG.L,-0.1538461538461538,0,1
MIIT.L^I18,-0.1538461538461538,0,1
THE.L^E07,-0.1538461538461538,0,1
TNL.L^G06,-0.1538461530438268,0,1
KPCK.L,-0.1532091097308487,0,1
6301q.L^J08,-0.1530172413793104,0,1
BOY.L,-0.1528822055137846,0,1
FIG.L^A06,-0.1521739130434782,0,1
HAYS.L,-0.151871657754011,0,1
MAJE.L,-0.1513888888888889,0,1
MNGS.L^L12,-0.1512605042016807,0,1
EDIN.L,-0.1510031678986272,0,1
VEBGq.L^J98,-0.150943396226415,0,1
MACF.L,-0.1507537688442211,0,1
TFC.L^G10,-0.1507430997876859,0,1
CRO.L^I99,-0.1505376344086021,0,1
SJP.L,-0.150354609929078,0,1
8002q.L^L01,-0.1503496503496503,0,1
NEWM.L^K09,-0.1503268041538494,0,1
PWS.L^I00,-0.15,0,1
ITS.L^E04,-0.1499999880483734,0,1
CLF.L^F04,-0.1499085923217549,0,1
MGGT.L^I22,-0.1497326203208556,0,1
RGAL.L^F01,-0.1495327102803738,0,1
ISR.L^F00,-0.1494845360824742,0,1
SLU.L^J00,-0.1493775933609958,0,1
ANW.L^K21,-0.1493506361748269,0,1
5007q.L^J01,-0.1493212669683258,0,1
HAVE.L^H18,-0.1487179487179487,0,1
DCC.L,-0.1485148514851486,0,1
LPA.L,-0.1483870967741936,0,1
ICP.L,-0.1482789055604587,0,1
NRI.L^L18,-0.1474423245944578,0,1
TKKT.L^L13,-0.1465581059923953,0,1
RICH.L^J02,-0.1463414634146341,0,1
KMR.L,-0.1463414634146338,0,1
SJG.L,-0.1456310679611651,0,1
VANQ.L,-0.1456310679611651,0,1
INTUP.L^G20,-0.1454545451408977,0,1
MLD.L^K99,-0.1453488372093023,0,1
JEI.L^I00,-0.1452702702702702,0,1
DMGO.L^J13,-0.1447368421052631,0,1
JPT.L^D05,-0.1447368421052631,0,1
TYI.L^L03,-0.1447368421052631,0,1
TORC.L^J00,-0.1446540880503144,0,1
UCM.L^D07,-0.1443850267379679,0,1
MTLB.L^K06,-0.1441281138790036,0,1
IWP.L^C06,-0.1440677966101694,0,1
BGS.L,-0.1434977578475336,0,1
CPI.L,-0.1430948419301168,0,1
SWP.L^K16,-0.1428571996005715,0,1
MWH.L^L11,-0.1428571428633027,0,1
AYM.L,-0.1428571428571429,0,1
CSDY.L^I14,-0.1428571428571429,0,1
HYNS.L^D20,-0.1428571428571429,0,1
IMED.L^E11,-0.1428571428571429,0,1
ACRM.L,-0.1421568627450981,0,1
SAIN.L,-0.1417050691244239,0,1
4063q.L^J08,-0.141622760800843,0,1
BCST.L^I05,-0.1415929203539823,0,1
SDRt.L^I22,-0.141044776119403,0,1
VDY.L^I06,-0.1406593406593407,0,1
AEI.L,-0.1405405405405405,0,1
AGT.L,-0.1404612159329141,0,1
CIV1.L^J09,-0.1403508771929824,0,1
FCMCi.L^E01,-0.14,0,1
PTT.L^I00,-0.1390977443609022,0,1
ADN.L^H17,-0.1390134529147982,0,1
SDE.L^D00,-0.1386861313868613,0,1
MAO.L^B09,-0.1386138613861386,0,1
ASHGnq.L^D02,-0.1384083044982699,0,1
AVON.L,-0.1382327209098862,0,1
SDR.L,-0.1381703470031544,0,1
AHG.L^G02,-0.1379310344827586,0,1
MYW.L^E05,-0.1379310344827586,0,1
TGP.L^J00,-0.1379310344827586,0,1
MRLY.L^D99,-0.1371428571428571,0,1
RKT.L,-0.1370689655172412,0,1
STRG.L^L03,-0.136986301369863,0,1
TSP.L^H09,-0.136986301369863,0,1
JGD.L^A99,-0.1368421052631578,0,1
DWG.L^J00,-0.1365461847389558,0,1
CTS.L^F99,-0.1363636363636363,0,1
SRA.L^H99,-0.1363636363636363,0,1
RWI.L,-0.1360201511335013,0,1
CHS.L^B11,-0.1358024691358025,0,1
PTY.L,-0.1352941176470585,0,1
STBa.L^K05,-0.1351851851851851,0,1
SN.L,-0.1349693251533743,0,1
BSCT.L^I01,-0.1344725111441307,0,1
SMET.L^G00,-0.1344086021505376,0,1
MGNS.L,-0.1343963553530752,0,1
MTC.L,-0.1339999999999997,0,1
FFY.L^B17,-0.1338582603805332,0,1
SCTN.L^D08,-0.133731343283582,0,1
IMI.L,-0.1333333333333333,0,1
RSG.L^I07,-0.1326259946949601,0,1
BKY.L^K99,-0.1324999999999999,0,1
0016q.L^J08,-0.1322957198443579,0,1
8802q.L^J08,-0.1322486441385064,0,1
4901q.L^J08,-0.1320930232558139,0,1
TET.L,-0.1319999999999999,0,1
INGI.L,-0.1317073170731707,0,1
7762q.L^A03,-0.1315331010452961,0,1
MYT.L^K04,-0.1314984709480122,0,1
CKN.L,-0.1311475409836066,0,1
KWL.L^G12,-0.1310344827586207,0,1
6752q.L^J08,-0.1308615049073064,0,1
0010q.L^J08,-0.1307692307692307,0,1
BXTN.L^H09,-0.1307692307692307,0,1
BLPU.L,-0.1305970149253734,0,1
6971q.L^J08,-0.1305269105805905,0,1
ERA.L^H01,-0.1304347826086956,0,1
CTY.L^F00,-0.1301115241635687,0,1
GB0396969.L^F00,-0.1298361798536075,0,1
SVY.L^K00,-0.1296296296296295,0,1
LOOK.L,-0.1292134831460674,0,1
PANI.L,-0.1288659793814432,0,1
7004q.L^J01,-0.1288056206088993,0,1
HJS.L^H01,-0.1285714285714285,0,1
JMAT.L,-0.1282051282051284,0,1
GKLL.L^J14,-0.1280788177339901,0,1
5201q.L^J08,-0.1279620853080568,0,1
MNKS.L,-0.1279290690310321,0,1
9062q.L^J08,-0.1278295605858854,0,1
LNGOp.L^L06,-0.1274131308872066,0,1
BAA.L^H06,-0.1273792093704245,0,1
BBOR.L^H00,-0.1273062730627306,0,1
THCL.L^L07,-0.1269841269841269,0,1
INCH.L,-0.1264367816091955,0,1
MBC.L^J15,-0.1264302063128066,0,1
MKLW.L^F19,-0.1262798634812286,0,1
ABCR.L^J14,-0.1262135922330097,0,1
RELY.L^J01,-0.1261682242990655,0,1
PYSU.L^B00,-0.1260504201680672,0,1
OSL.L^H03,-0.1256038647342995,0,1
REC.L^H02,-0.125,0,1
CRCRE.L^L16,-0.1249999919471943,0,1
RHL.L^I00,-0.1244343891402715,0,1
ROR.L,-0.1234756097560977,0,1
RUES.L^F13,-0.1229773456922951,0,1
LRD.L^G18,-0.1227722758913596,0,1
LDSG.L,-0.1226415094339622,0,1
BID.L^G04,-0.1225806451612903,0,1
HTJ.L^G00,-0.1225,0,1
SSL.L^K10,-0.122257053291536,0,1
FCHK.L,-0.1222222222222221,0,1
HWW.L^F01,-0.1212121212121212,0,1
AHT.L,-0.1206496519721577,0,1
SHOL.L^L07,-0.1204819277108434,0,1
BFT.L^G99,-0.1202185792349727,0,1
EBF.L^H02,-0.12,0,1
GLL.L^G02,-0.12,0,1
HST.L^G04,-0.12,0,1
RGE.L^C03,-0.12,0,1
UBGU.L,-0.1199021207177811,0,1
NCRO.L^A00,-0.1197183098591548,0,1
SAN.L^J01,-0.119047619047619,0,1
MEN.L^F04,-0.1186440677966101,0,1
FOUR.L,-0.1184041184041184,0,1
III.L,-0.117801047120419,0,1
JOS.L^A03,-0.1177504393673111,0,1
AFLK.L^B03,-0.1176470588235293,0,1
AON.L^G05,-0.1166666666666667,0,1
FRTH.L^D02,-0.1166666666666667,0,1
ISCOq.L^D00,-0.1162790697674418,0,1
CKT.L,-0.1151079136690647,0,1
TGI.L^B02,-0.1150442477876105,0,1
CHP.L^H01,-0.1145038167938931,0,1
SPLC.L^H03,-0.1141552511415525,0,1
MMWGq.L^J98,-0.1141304347826086,0,1
LIM.L^K00,-0.113953488372093,0,1
HSBAq.L^K07,-0.113861392020396,0,1
TED.L^D09,-0.1136363392857054,0,1
TITN.L,-0.1135135135135134,0,1
GTON.L^H02,-0.1133144475920679,0,1
NXT.L,-0.1130952380952381,0,1
PRF.L^B06,-0.1130952380952381,0,1
MPE.L,-0.1130434782608695,0,1
RBG.L^I99,-0.1130434782608695,0,1
EWD.L^E07,-0.1125,0,1
UFH.L^L00,-0.1125,0,1
CAL.L,-0.1123595505617978,0,1
5108q.L^J08,-0.1119081779053084,0,1
GRI.L,-0.1116279069767439,0,1
HDT.L,-0.1115702479338842,0,1
BLEYb.L^D06,-0.1111111111111111,0,1
SHB.L^C23,-0.1111111111111111,0,1
SLY.L^K06,-0.1106194690265487,0,1
JSG.L,-0.1099656357388316,0,1
BFP.L^B05,-0.1095238095238095,0,1
RPC.L^G19,-0.1095100890576487,0,1
7270q.L^J08,-0.1092995169082126,0,1
7912q.L^J08,-0.1092847623278543,0,1
PNS.L,-0.1092150170648463,0,1
TOWNT.L,-0.1090909090909091,0,1
ASD.L^K11,-0.1086956521739129,0,1
BMAH.L^I00,-0.108512628624883,0,1
DGE.L,-0.1081460674157303,0,1
BLEY.L^B19,-0.1081081081081081,0,1
EMI.L^I07,-0.1080246913580247,0,1
CPRC.L^A20,-0.107750472589792,0,1
UAI.L^L21,-0.107583774263879,0,1
JVP.L^A07,-0.1074918638690065,0,1
DJAN.L^E20,-0.1069767441860465,0,1
SMWH.L,-0.1069723018147087,0,1
NLC.L^C99,-0.1067415730337079,0,1
ARSP.L^L11,-0.1064638783269962,0,1
HLND.L^A00,-0.1062992125984252,0,1
CDI.L^E18,-0.1060606052802407,0,1
JFJ.L,-0.1056466302367942,0,1
APP.L^K99,-0.1052631578947368,0,1
LITH.L^J14,-0.1049562682215743,0,1
RS1R.L,-0.1049457177322075,0,1
QYM.L^H13,-0.1047619047619048,0,1
HILS.L,-0.1047619047619047,0,1
PFO.L^L13,-0.1044776119402984,0,1
SCPA.L^D21,-0.1044776119402984,0,1
8219q.L^A03,-0.1043956043956043,0,1
FWRD.L^C00,-0.1041666666666666,0,1
HAMP.L^K12,-0.1037037024395777,0,1
TXH.L^J20,-0.1026785714285714,0,1
CALA.L^G99,-0.1023255813953488,0,1
RCH.L,-0.1015936254980079,0,1
EVNVq.L^I04,-0.1013269067792872,0,1
PNL.L,-0.1010362694300519,0,1
LNU.L^B05,-0.101010101010101,0,1
HDYS.L^I06,-0.1002178649237472,0,1
PZC.L,-0.1,0,1
CIU.L^J17,-0.0999999999999999,0,1
NFF.L^G01,-0.0999999999999999,0,1
OCN.L,-0.0999999999999999,0,1
FSTA.L,-0.0995475113122171,0,1
BLKA.L^B10,-0.0991735537190082,0,1
GOG.L^J22,-0.0986577181208053,0,1
TATE.L,-0.0983606557377049,0,1
NWG.L,-0.0979591836734695,0,1
ASSD.L^J99,-0.0975,0,1
NVM.L^G03,-0.0972221931581521,0,1
AXN.L^J14,-0.0971866997896448,0,1
REXp.L^J06,-0.0971659909621092,0,1
ASHL.L^L00,-0.0968858131487889,0,1
LNGO.L^L06,-0.0966057437175615,0,1
SHM.L^K05,-0.096551724137931,0,1
ATG.L^E03,-0.0964125560538116,0,1
CIT.L^J99,-0.0963855421686746,0,1
CTUK.L,-0.0962099125364431,0,1
FLJ.L^K01,-0.0959595959595959,0,1
HMPp.L^L05,-0.0958904109589041,0,1
AIEA.L,-0.0956521739130434,0,1
RHL.L^G19,-0.0952380941777121,0,1
BION.L^A08,-0.0944625391130891,0,1
6773q.L^J08,-0.0942591155934833,0,1
HLCL.L,-0.094170403587444,0,1
SGC.L^F22,-0.0941666652561712,0,1
PMGR.L,-0.0941176470588236,0,1
9821q.L^L99,-0.0939597315436242,0,1
BOK.L^H00,-0.093525179856115,0,1
6991q.L^J08,-0.0933835845896147,0,1
4523q.L^G02,-0.0933221570271025,0,1
MYC.L^B00,-0.0931506849315068,0,1
ABF.L,-0.0931065353625784,0,1
BTM.L^B05,-0.0930232558139535,0,1
5014q.L^K01,-0.0926517571884983,0,1
RGO.L,-0.0923076923076924,0,1
HCFT.L,-0.0915492957746479,0,1
0013q.L^J08,-0.0914205423355303,0,1
BEK.L^G11,-0.0911392405063291,0,1
FCN.L^F03,-0.0909090909090909,0,1
IAF.L^L08,-0.0904522613065326,0,1
PDUF.L^A01,-0.0902335456475583,0,1
RFGR.L,-0.0899999999999999,0,1
BT.L,-0.089244851258581,0,1
ASP.L^G99,-0.0890410958904109,0,1
MEGPM.L,-0.0887728459530025,0,1
ITS.L^I99,-0.088235294117647,0,1
SLNG.L,-0.088235294117647,0,1
LMSO.L^B07,-0.0878661138099407,0,1
GB0379852.L^G04,-0.0878048780487804,0,1
LTHM.L,-0.0874635568513119,0,1
ELX.L^C09,-0.0873015873015873,0,1
SXS.L,-0.0871021775544389,0,1
GDS.L^G99,-0.0869565217391304,0,1
C1Y.L,-0.0868055555555555,0,1
TTY.L^K01,-0.0866141732283464,0,1
REDD.L,-0.0862068965517242,0,1
BP.L,-0.0858024691358024,0,1
CDC.L^G01,-0.0853658536585365,0,1
ITX.L^H02,-0.0851063829787235,0,1
SIXH.L,-0.0845771144278606,0,1
LMBT.L^J14,-0.0845360824742268,0,1
ATEX.L^H00,-0.0841584158415841,0,1
AKZOq.L^J98,-0.0841573742899222,0,1
CLSH.L,-0.0840336134453781,0,1
FCCN.L^K21,-0.0839160839160839,0,1
CHCPL.L^A11,-0.0833333333333333,0,1
9001q.L^J01,-0.0828651685393258,0,1
DSN.L^K15,-0.0823529311293882,0,1
AMECp.L^B07,-0.0821917808219178,0,1
HYWD.L^J09,-0.08207343412527,0,1
LFI.L,-0.081967213114754,0,1
GB0262640.L^J03,-0.0811688311688312,0,1
TI.L^L00,-0.081145584725537,0,1
RNSM.L^B11,-0.0810810810810811,0,1
EHR.L^L14,-0.0809399477806788,0,1
VLX.L,-0.0808823529411766,0,1
LCKR.L^A02,-0.0808080808080807,0,1
LSMRx.L^E11,-0.0806451612903226,0,1
MDM.L^F99,-0.080267558528428,0,1
CMH.L,-0.0799999999999999,0,1
ELDA.L^H18,-0.0797546012269938,0,1
BTSM.L^L10,-0.0794797687861271,0,1
BGFD.L,-0.0794223826714802,0,1
SAVL.L^H02,-0.0789473684210526,0,1
LPK.L^K05,-0.0787499999999999,0,1
BRAM.L^B17,-0.0784499054820415,0,1
JHD.L,-0.0779220779220779,0,1
4188q.L^J08,-0.0778761061946903,0,1
SHN.L^H00,-0.0777777777777777,0,1
8031q.L^J08,-0.077115987460815,0,1
CSRT.L^C20,-0.0771144278606965,0,1
CHW.L^J15,-0.0769230769230769,0,1
IPR.L^J98,-0.0769230769230768,0,1
LMSOd.L^G04,-0.0769230769230768,0,1
SMJ.L,-0.0761904761904761,0,1
GB0397735.L^F00,-0.0758508914100486,0,1
GB0397382.L^F00,-0.0756376429199647,0,1
BYW.L^G99,-0.0755813953488372,0,1
BEPL.L^B01,-0.0752688172043011,0,1
RTO.L,-0.075065274151436,0,1
FJV.L,-0.075,0,1
BLAG.L^H00,-0.0749185667752443,0,1
5401q.L^J08,-0.0748987854251012,0,1
TSCO.L,-0.0748663101604278,0,1
2779q.L^D08,-0.0742240215924426,0,1
SNR.L,-0.0738636363636363,0,1
ORE.L^I00,-0.0736842105263158,0,1
DGG.L^K07,-0.073394495412844,0,1
GWG.L^E05,-0.0732758620689655,0,1
BKP.L^B01,-0.0728682170542636,0,1
9201q.L^I02,-0.0727969348659003,0,1
GB0397575.L^F00,-0.0721844890222713,0,1
GTJA.L^K01,-0.0716783216783216,0,1
GB0395858.L^F00,-0.0714995034756703,0,1
ARFL.L^I05,-0.0714285714285714,0,1
PDG.L,-0.0706521739130442,0,1
RDW.L,-0.070631970260223,0,1
CWK.L,-0.0704441041347626,0,1
5403q.L^I02,-0.0697674418604651,0,1
PRCS.L^L08,-0.0694444369992081,0,1
DMD.L^G01,-0.0689655172413793,0,1
HRN.L,-0.0688888888888886,0,1
UDG.L^H21,-0.0686274509803922,0,1
EPW.L^B00,-0.068259385665529,0,1
LBTY.L^H00,-0.0681818181818182,0,1
BSWSq.L^J98,-0.0676328502415459,0,1
TRFT.L,-0.067103109656301,0,1
4902q.L^L01,-0.0661157024793388,0,1
FSJ.L,-0.0659340659340659,0,1
BISI.L,-0.065573770491803,0,1
FLD.L^E99,-0.0653266331658291,0,1
9101q.L^J08,-0.06494960806271,0,1
GRN.L^F00,-0.0649350649350649,0,1
DNCA.L^J00,-0.0643015521064301,0,1
TDG.L^J08,-0.064128256513026,0,1
RGP.L,-0.0625,0,1
MRW.L^J21,-0.0621468854083461,0,1
GSK.L,-0.0620652755484216,0,1
NFT.L^C01,-0.0615384615384615,0,1
SPT.L,-0.0609195402298851,0,1
LCT.L^E11,-0.0608108108108108,0,1
5406q.L^J08,-0.0596330275229357,-1,1
FORM.L^F06,-0.0594594594594594,-1,1
ONEV.L^J18,-0.0588235294117647,-1,1
BOOT.L,-0.0582278481012658,-1,1
ENO.L^J08,-0.0578703675116178,-1,1
7011q.L^J08,-0.0575471698113208,-1,1
CGT.L,-0.057471264367816,-1,1
CDUC.L^D11,-0.0571428571428571,-1,1
SYNTS.L,-0.0569514237855947,-1,1
PIV.L^J07,-0.0566037735849056,-1,1
KNBTq.L^J98,-0.056550424128181,-1,1
GB0242437.L^K04,-0.0564705882352941,-1,1
DOPR.L^F15,-0.0563218390804598,-1,1
UDIS.L^G01,-0.0559440559440559,-1,1
6770q.L^J08,-0.0556309362279511,-1,1
GLEG.L,-0.0555555555555555,-1,1
ULT.L^G15,-0.0555555312905604,-1,1
ULVR.L,-0.0551839464882943,-1,1
HYR.L^J00,-0.0551415797317437,-1,1
RIICi.L,-0.0547945205479454,-1,1
MHD.L^C99,-0.0541666666666666,-1,1
CLM.L^B00,-0.053968253968254,-1,1
MNZS.L^H22,-0.0535714285714287,-1,1
GPEG.L,-0.052995391705069,-1,1
OMVVq.L^I04,-0.0526315789473683,-1,1
BGE.L^I02,-0.0524691358024691,-1,1
SSE.L,-0.0520570948782536,-1,1
MSTL.L,-0.0512820512820513,-1,1
GCT.L^H99,-0.0498614958448753,-1,1
SB.L^L00,-0.0487455197132616,-1,1
CSLT.L^B13,-0.048426144680712,-1,1
BRNT.L^L99,-0.0483091787439613,-1,1
CHFT.L^L08,-0.0476190476190476,-1,1
JLG.L^D03,-0.0476190476190476,-1,1
CULV.L^E09,-0.0470588235294117,-1,1
BUO.L^C01,-0.0466321243523315,-1,1
BULM.L^G03,-0.0455840455840456,-1,1
MCKS.L^E22,-0.0452830186930713,-1,1
BIV.L^D06,-0.045045045045045,-1,1
BFSi.L^I05,-0.0445344129554655,-1,1
GISNcq.L^J98,-0.0444852941176471,-1,1
SFRIq.L^D00,-0.043478260869565,-1,1
CGS.L,-0.0431266846361185,-1,1
RGLN.L^J00,-0.0425531914893616,-1,1
5004q.L^C99,-0.0421052631578947,-1,1
BND.L^B05,-0.0412979351032448,-1,1
PNN.L,-0.0407494145199065,-1,1
IS.L^F03,-0.0403225806451612,-1,1
MKP.L^K05,-0.04,-1,1
SVT.L,-0.0395614871306005,-1,1
BLCK.L^H00,-0.0394736842105263,-1,1
CFYN.L,-0.0393700787401575,-1,1
PWG.L^G02,-0.0387547649301143,-1,1
DTIi.L^L03,-0.0384615384615384,-1,1
IKK.L^K17,-0.0384615384615384,-1,1
3405q.L^J08,-0.038385437277404,-1,1
FPR.L^J07,-0.0380165283296255,-1,1
BTA.L^F00,-0.0374999999999999,-1,1
LGEN.L,-0.0374659400544958,-1,1
EUP.L^H04,-0.037037037037037,-1,1
ROK.L^K10,-0.037037019843459,-1,1
CHLD.L^I10,-0.0368421052631579,-1,1
EOM.L^I03,-0.0368098159509202,-1,1
BLGH.L^G03,-0.0366492146596858,-1,1
QRT.L,-0.036144578313253,-1,1
CRDA.L,-0.035772357723577,-1,1
DSMNq.L^J98,-0.0357311320754716,-1,1
8264q.L^I05,-0.035450516986706,-1,1
DEP.L^J03,-0.0335195530726256,-1,1
NORP.L^H08,-0.0333333333333333,-1,1
AHLNq.L^J98,-0.0310077519379845,-1,1
TTNM.L^A12,-0.0310077519379845,-1,1
AZN.L,-0.0301837270341206,-1,1
VATEq.L^I04,-0.0295031088150079,-1,1
PHGq.L^J98,-0.0288517022504327,-1,1
VER.L^J18,-0.0285714285766118,-1,1
MKH.L^G01,-0.0285714285714285,-1,1
UU.L,-0.0283018867924528,-1,1
GBGP.L,-0.0277777777777777,-1,1
LSH.L^F00,-0.0277777777777777,-1,1
HDW.L^B05,-0.0272727272727272,-1,1
MTLI.L^C08,-0.0270270270270269,-1,1
HTL.L^B07,-0.0263736263736263,-1,1
BLOC.L^G00,-0.0259740259740259,-1,1
8404q.L^L01,-0.025,-1,1
LSC.L,-0.024390243902439,-1,1
SCK.L^E02,-0.024390243902439,-1,1
DRK.L^H02,-0.024,-1,1
ANAA.L^A17,-0.0239912743756371,-1,1
CTB.L^E01,-0.0237580993520518,-1,1
DYIOq.L^A99,-0.0230769230769231,-1,1
MCKSc.L^G02,-0.0228836028402379,-1,1
9501q.L^J08,-0.0224508886810103,-1,1
KLMq.L^J98,-0.0220264317180616,-1,1
DNICi.L^F07,-0.0209790209790209,-1,1
KLMZ.L^A02,-0.0206185567010309,-1,1
PRU.L,-0.020443925233645,-1,1
BALW.L^H01,-0.0198019801980198,-1,1
GRG.L,-0.0189573459715641,-1,1
GB0397564.L^F00,-0.0188904354742492,-1,1
4503q.L^J08,-0.0178571428571429,-1,1
BLND.L,-0.0177570093457943,-1,1
CRPR.L,-0.0174999999999999,-1,1
JCKS.L^C06,-0.017391304347826,-1,1
DWHT.L,-0.0166666666666667,-1,1
LJH.L^E04,-0.015625,-1,1
9502q.L^J08,-0.0154028436018957,-1,1
BTW_pa.L,-0.0141732283464567,-1,1
CDB.L^C04,-0.0133333333333333,-1,1
MFU.L^H01,-0.0127777777777777,-1,1
9503q.L^J08,-0.0116525423728813,-1,1
BDK.L^C04,-0.0113636363636363,-1,1
OVENq.L^J98,-0.0108984582668791,-1,1
BARB.L,-0.0093023255813953,-1,1
EUC.L^K06,-0.0087719298245614,-1,1
9531q.L^J08,-0.0084602368866327,-1,1
BMO.L^K00,-0.0059171597633136,-1,1
ISO.L^C07,-0.0049019607843137,-1,1
GB0322629.L^D02,-0.0047212596227644,-1,1
GB0322618.L^D02,-0.0047036007873104,-1,1
0293q.L^J08,-0.0044843049327354,-1,1
BOC.L^I06,-0.0038046924540265,-1,1
BWG.L^F06,-0.0033112562821671,-1,1
SBRY.L,-0.0009380863039399,-1,1
AAMq.L^J98,0.0,-1,1
ABSCi.L^K03,0.0,-1,1
AGFBtq.L^F99,0.0,-1,1
ALV.L^I04,0.0,-1,1
ANL.L^K04,0.0,-1,1
ARS.L^A00,0.0,-1,1
ASBE.L,0.0,-1,1
BAB.L,0.0,-1,1
BBB.L^J14,0.0,-1,1
BBC.L^I07,0.0,-1,1
BBT.L^I98,0.0,-1,1
BCTL.L^L09,0.0,-1,1
BEL.L^I98,0.0,-1,1
BGP.L^C98,0.0,-1,1
BIOM.L,0.0,-1,1
BOG.L^B03,0.0,-1,1
BRTR.L^L06,0.0,-1,1
BTWt.L^G03,0.0,-1,1
CBL.L^B99,0.0,-1,1
CHRS.L^J98,0.0,-1,1
CNO.L^H01,0.0,-1,1
CRGT.L,0.0,-1,1
DBE.L^B05,0.0,-1,1
EIS.L^I98,0.0,-1,1
EMC.L^I99,0.0,-1,1
ESC.L^F99,0.0,-1,1
ESR.L^A17,0.0,-1,1
EUTM.L^I98,0.0,-1,1
FDBK.L,0.0,-1,1
FIAq.L^J98,0.0,-1,1
FRO.L^K15,0.0,-1,1
GLR.L^L99,0.0,-1,1
HEINq.L^J98,0.0,-1,1
HGF.L^I99,0.0,-1,1
HLAS.L^I99,0.0,-1,1
HLC.L^I06,0.0,-1,1
HTA.L^I98,0.0,-1,1
HVT.L,0.0,-1,1
ICL.L^L99,0.0,-1,1
JLEC.L,0.0,-1,1
KBKBtq.L^F99,0.0,-1,1
LAMBtq.L^F99,0.0,-1,1
METRfq.L^A99,0.0,-1,1
MGIi.L^J01,0.0,-1,1
MNTq.L^J98,0.0,-1,1
NBB.L,0.0,-1,1
NMKT.L^J00,0.0,-1,1
NOKSeq.L^J98,0.0,-1,1
NTAS.L,0.0,-1,1
OLIVq.L^J98,0.0,-1,1
OND.L^L98,0.0,-1,1
PACC.L^C16,0.0,-1,1
PECIq.L^J98,0.0,-1,1
PINTq.L^B99,0.0,-1,1
PLGq.L^J98,0.0,-1,1
POHJfq.L^A99,0.0,-1,1
RARUq.L^J98,0.0,-1,1
RETV.L^K08,0.0,-1,1
RGC.L^L99,0.0,-1,1
RNG.L^H00,0.0,-1,1
RNWH.L,0.0,-1,1
RST.L^L06,0.0,-1,1
SAR.L^C99,0.0,-1,1
SGRO.L,0.0,-1,1
SLH.L^I05,0.0,-1,1
SNLG.L^F99,0.0,-1,1
SNXS.L,0.0,-1,1
SOLBtq.L^F99,0.0,-1,1
SRY.L^K99,0.0,-1,1
STWT.L^H18,0.0,-1,1
SWJ.L^J15,0.0,-1,1
TNG.L^K98,0.0,-1,1
TOYE.L^I14,0.0,-1,1
TRN.L^E05,0.0,-1,1
UES.L^J98,0.0,-1,1
UNIOq.L^A99,0.0,-1,1
VCP.L,0.0,-1,1
DXNS.L^H14,0.0017985547787606,-1,1
TBR.L^J98,0.0023474178403755,-1,1
PRSC.L^E05,0.0024271844660195,-1,1
HBRO.L^I98,0.0027472527472527,-1,1
FIL.L^L98,0.0036900369003689,-1,1
MEPC.L^J00,0.0051282051282051,-1,1
RWD.L^C12,0.0053619302949061,-1,1
PORV.L,0.0107066381156315,-1,1
AB.L^G07,0.0107843137254901,-1,1
INVM.L,0.0114942528735633,-1,1
4502q.L^J08,0.0123119015047878,-1,1
HMSO.L,0.0164974619289339,-1,1
RDS.L^K98,0.0165289256198346,-1,1
EXPN.L,0.0203651685393257,-1,1
GUS.L^J06,0.0203651696074165,-1,1
DRSD.L^I16,0.0208333333333332,-1,1
PLR.L^L05,0.0227272939062754,-1,1
CITY.L^A23,0.0248447204968946,-1,1
SUS.L,0.0263653483992467,-1,1
FIFE.L^H99,0.0264900662251654,-1,1
AWG.L^L06,0.0272189357091305,-1,1
HID.L,0.032258064516129,-1,1
EGNJq.L^D00,0.0347826086956521,-1,1
NWB_pa.L,0.0353302611367127,-1,1
JDR.L^J09,0.0362694289726073,-1,1
EMEN.L^J09,0.0370370367910317,-1,1
GACC_p.L,0.0382165605095541,-1,1
VERBq.L^I04,0.039119806161312,-1,1
LAND.L,0.0412679425837321,-1,1
TAY.L^C02,0.0436681222707424,-1,1
IVS.L^L09,0.0439560434019761,-1,1
BMT.L,0.0454545454545454,-1,1
PFCO.L^G01,0.0501319231196759,-1,1
MKS.L,0.0504854368932039,-1,1
ECORE.L,0.0535714285714286,-1,1
ABU.L^B09,0.0625,-1,1
9532q.L^L01,0.0641791044776118,-1,1
PEB.L,0.0694444444444444,-1,1
BFRD.L^A07,0.0714285714285714,-1,1
CSA.L^I99,0.0757575757575756,-1,1
BDPT.L^J99,0.0764331210191082,-1,1
TFW.L,0.0782608695652171,-1,1
BTV.L^A01,0.0790774299835255,-1,1
GDWN.L,0.0833333333333332,-1,1
SBJ.L^C99,0.0845070422535212,-1,1
PBE.L^H06,0.0869565217391303,-1,1
UPF.L^F99,0.0882352941176469,-1,1
CML.L,0.09,-1,1
FAP.L^L05,0.0952380952380953,-1,1
ENDN.L^H08,0.1076923040199859,-1,1
0012q.L^J08,0.1124694376528117,-1,1
KGF.L,0.141519823788546,-1,1
FLXT.L^E00,0.1463157894736841,-1,1
LMG.L^K98,0.1704433497536945,-1,1
FTJ.L^K02,0.1764705882352941,-1,1
HLR.L^H03,0.1999999999999999,-1,1
RBN.L^L98,0.1999999999999999,-1,1
GHE.L,0.2199999999999999,-1,1
0020q.L^J08,0.2272727272727273,-1,1
DBG.L^L98,0.2330623306233061,-1,1
ELCBtq.L^F99,0.2434002091915608,-1,1
TREBq.L^B00,0.2519893883764112,-1,1
SDWK.L^A99,0.3072100313479624,-1,1
ISP.L^K98,0.3868312757201646,-1,1
GDEBtq.L^A99,0.3954138641792211,-1,1
