Firm Name,Momentum_1,Long Short,Cluster Index
PJQQ-L,0.3799999999999999,0.0,0
PQRC-L,0.0,0.0,0
PQPS-L,0.0,0.0,0
PNTC-L^B16,0.0,0.0,0
PNRU-L^L15,0.0,0.0,0
PNGC-L,0.0,0.0,0
PNFU-L^C19,0.0,0.0,0
OIQO-L,0.0,0.0,0
OFUQ-L^I14,0.0,0.0,0
NSUW-L^A14,0.0,0.0,0
NNZV-L^L11,0.0,0.0,0
NKSX-L^F23,0.0,0.0,0
NEQI-L^C20,0.0,0.0,0
MSQE-L,0.0,0.0,0
MOBY-L,0.0,0.0,0
LUON-L^F12,0.0,0.0,0
LTIG-L^K20,0.0,0.0,0
FXXB-L^J21,0.0,0.0,0
FVVT-L,0.0,0.0,0
FTVF-L,0.0,0.0,0
FSJK-L,0.0,0.0,0
DOQX-L^J16,0.0,0.0,0
BTDH-L^B13,0.0,0.0,0
LTLD-L,0.0038535645472059,0.0,0
OFVD-L^A13,0.0072463768115942,0.0,0
NVSY-L,0.0112359550561798,0.0,0
PQZT-L^C16,0.0,0.0,0
PTDT-L^I15,0.0,0.0,0
RKG-L,0.0,0.0,0
XDI-L,0.0,0.0,0
PRKK-L^G18,-0.2142857142857143,0.0,0
NREM-L^A15,-0.1351351351351352,0.0,0
PNRN-L,-0.1333333333333333,0.0,0
MOMU-L,-0.1304347826086958,0.0,0
PTLY-L^F12,-0.0925925925925926,0.0,0
MUUZ-L,-0.0730994152046783,0.0,0
FSBO-L,-0.0654205607476635,0.0,0
LOSW-L,-0.0595623987034035,0.0,0
PLNK-L,-0.0588235294117647,0.0,0
OFVY-L^I18,-0.057142857142857,0.0,0
QCBC-L,-0.0441176470588235,0.0,0
MPEJ-L,-0.0416666666666666,0.0,0
QCAX-L^L14,0.0126582278481013,0.0,0
QETJ-L,-0.0322580645161291,0.0,0
PPZK-L,-0.0303030303030302,0.0,0
BPVK-L,-0.0295462539570875,0.0,0
FYTJ-L,-0.0293033865590455,0.0,0
DOS-L,-0.0292762266196801,0.0,0
FSUE-L,-0.0246262093227791,0.0,0
MOUY-L^F23,-0.021081081081081,0.0,0
LMYO-L,-0.0158730158730158,0.0,0
PNKW-L^H12,-0.0106007067137809,0.0,0
YBR-L,-0.0091116173120728,0.0,0
XJX-L,-0.0019102196752626,0.0,0
BLYM-L,-0.0018522634659553,0.0,0
YOW-L^C23,0.0,0.0,0
MAAQ-L,-0.0322580645161291,0.0,0
PNSE-L^F14,0.013157894736842,0.0,0
WYJ-L,0.0,0.0,0
FTSM-L,0.0150250417362272,0.0,0
MPEO-L,0.0976744186046512,0.0,0
BJAL-L,0.0986301369863014,0.0,0
XCR-L,0.0995370370370369,0.0,0
LYWK-L,0.0999999999999998,0.0,0
FSLM-L,0.1066024759284731,0.0,0
FSBG-L,0.1120714491501009,0.0,0
MQS-L,0.1161347517730497,0.0,0
LTKR-L^F23,0.1168136020151131,0.0,0
LXKX-L^A12,0.1219512195121952,0.0,0
SII-L,0.1274014155712841,0.0,0
STL-L,0.1346153846153845,0.0,0
FXCH-L,0.1458852867830424,0.0,0
FSIY-L,0.0963855421686745,0.0,0
LZJJ-L,0.147271849348141,0.0,0
LTKO-L,0.172981878088962,0.0,0
NFBH-L,0.1818181818181818,0.0,0
WYY-L,0.1844968268359021,0.0,0
NVZK-L,0.1944444444444444,0.0,0
QFRM-L^I19,0.2368421052631577,0.0,0
PQOX-L^B20,0.25,0.0,0
NLIY-L,0.2727272727272729,0.0,0
PRKD-L^L11,0.2857142857142856,0.0,0
PNFY-L^A14,0.2862318840579709,0.0,0
QFDU-L,0.3333333333333335,0.0,0
PUPL-L^I20,0.3665480427046261,0.0,0
WYM-L,0.0135501355013549,0.0,0
BCYN-L,0.1531914893617023,0.0,0
LQUL-L,0.096153846153846,0.0,0
PLMF-L,0.1384615384615384,0.0,0
WZX-L,0.05,0.0,0
LLIZ-L,0.0154052243804421,0.0,0
FWQI-L,0.0940947436729395,0.0,0
WAW-L,0.0177514792899409,0.0,0
PVWN-L^K16,0.0256410256410257,0.0,0
FSGT-L,0.0300661455201443,0.0,0
FTGU-L,0.0382882882882882,0.0,0
GJWE-L,0.0395683453237412,0.0,0
XOR-L,0.0422535211267605,0.0,0
LZXB-L,0.0476190476190476,0.0,0
XCC-L,0.055732484076433,0.0,0
LUOR-L,0.0573476702508961,0.0,0
LLJN-L^E18,0.0576923076923077,0.0,0
XBC-L,0.0643115942028986,0.0,0
MOMR-L^J17,0.0642201834862383,0.0,0
FSDF-L,0.0756756756756755,0.0,0
MQRQ-L,0.0659242761692651,0.0,0
PNSD-L,0.0681818181818181,0.0,0
XCD-L,0.0729166666666667,0.0,0
FUBX-L,0.0736842105263158,0.0,0
LUKC-L,0.0740131578947369,0.0,0
NNAK-L,0.0740740740740739,0.0,0
XIL-L,0.0655737704918031,0.0,0
MOXX-L,0.076972833117723,0.0,0
LOKI-L,0.0781893004115226,0.0,0
XDS-L,0.0829493087557604,0.0,0
WYN-L,0.0901639344262295,0.0,0
TRI-L,0.0930232558139534,0.0,0
QBVE-L^I18,0.0,0.0,1
QCMV-L,0.0,0.0,1
QEIK-L,0.0,0.0,1
QBMK-L^K11,0.0,0.0,1
QCRG-L^H20,0.0,0.0,1
QBKZ-L^E23,0.0,0.0,1
FTXZ-L,-0.0018518518518518,0.0,1
QBET-L^G22,0.0,0.0,1
QAXI-L^E17,0.0,0.0,1
QASX-L^B15,0.0,0.0,1
QENX-L^D14,0.0,0.0,1
QAPY-L^F13,0.0,0.0,1
QBJB-L,0.0,0.0,1
QFNS-L,0.0,0.0,1
FTXS-L,-0.0018290233226905,0.0,1
QFWC-L^D19,0.0,0.0,1
QHEZ-L^C12,0.0,0.0,1
QHLS-L^B17,0.0,0.0,1
URC-L^H14,0.0,0.0,1
WRH-L,0.0,0.0,1
WYR-L,0.0,0.0,1
YGX-L,0.0,0.0,1
MPHD-L^K11,-0.0003923107100822,0.0,1
FTWI-L,-0.0016620498614958,0.0,1
FTXN-L,-0.001811922449719,0.0,1
GOAH-L,-0.0018162829768877,0.0,1
LSHN-L,-0.0018278750952018,0.0,1
QAOU-L^F12,0.0,0.0,1
QFPK-L^J20,0.0,0.0,1
PXKU-L,0.0,0.0,1
PQBH-L^H14,0.0,0.0,1
PXEX-L^A23,0.0,0.0,1
FURL-L,-0.0018757815756564,0.0,1
PPNW-L^E15,0.0,0.0,1
PQGJ-L,0.0,0.0,1
PQHC-L,0.0,0.0,1
PQHQ-L^F18,0.0,0.0,1
PQKD-L,0.0,0.0,1
PQMH-L^E14,0.0,0.0,1
PQMI-L^I13,0.0,0.0,1
PQSV-L^L19,0.0,0.0,1
PQUE-L^A20,0.0,0.0,1
PQVB-L^F12,0.0,0.0,1
PQYP-L^J12,0.0,0.0,1
PRFJ-L^D13,0.0,0.0,1
PXJB-L^C18,0.0,0.0,1
PRKO-L,0.0,0.0,1
PRKZ-L^E12,0.0,0.0,1
PROL-L^L11,0.0,0.0,1
PRVD-L^H17,0.0,0.0,1
PSEH-L^G12,0.0,0.0,1
PTFJ-L,0.0,0.0,1
PTKG-L,0.0,0.0,1
PTOX-L^H15,0.0,0.0,1
PTUJ-L^G14,0.0,0.0,1
PVCL-L^G21,0.0,0.0,1
PVKH-L,0.0,0.0,1
PVQL-L,0.0,0.0,1
PVTI-L^B12,0.0,0.0,1
PXBK-L^J20,0.0,0.0,1
PRKR-L,0.0,0.0,1
BIDZ-L,-0.0018984337921215,0.0,1
QFPO-L^F12,-0.0206185567010309,0.0,1
FTWO-L,-0.0019455252918287,0.0,1
FZHF-L,-0.0131004366812228,0.0,1
PKWE-L,-0.0135338345864662,0.0,1
ZTK-L,-0.0135992747053489,0.0,1
NNZM-L,-0.0136363636363637,0.0,1
LWSG-L,-0.0138888888888889,0.0,1
MCCY-L^A19,-0.0152129817444217,0.0,1
LKTQ-L,-0.0155228758169934,0.0,1
PNZT-L^K17,-0.0158730158730159,0.0,1
LLOR-L,-0.0161290322580645,0.0,1
MOHV-L,-0.0165094339622642,0.0,1
PLPI-L,-0.0166666666666667,0.0,1
FRZX-L,-0.0167539267015707,0.0,1
LXLD-L,-0.0169491525423729,0.0,1
PNPR-L,-0.0130434782608694,0.0,1
OCLC-L^A14,-0.0169491525423729,0.0,1
PXDP-L^I15,-0.0175438596491226,0.0,1
LQOA-L,-0.0177514792899408,0.0,1
OQCW-L^F17,-0.0181818181818181,0.0,1
BBXK-L,-0.0188679245283018,0.0,1
PKFS-L^J14,-0.0197368421052631,0.0,1
POVY-L^F15,-0.0204081632653061,0.0,1
QGOI-L^E17,-0.0204081632653061,0.0,1
NSNW-L,-0.0205278592375367,0.0,1
PPLS-L,0.0,0.0,1
PXKS-L,-0.0208333333333333,0.0,1
FTRQ-L,-0.0212765957446807,0.0,1
OCKI-L,-0.0212765957446807,0.0,1
PUHQ-L,-0.021406727828746,0.0,1
LRJH-L^E22,-0.0170940170940171,0.0,1
BQRE-L^F23,-0.0019141372709871,0.0,1
BUBU-L,-0.012135922330097,0.0,1
LNTH-L,-0.0119047619047618,0.0,1
LTLX-L,-0.0020120724346075,0.0,1
LULR-L,-0.0025316455696202,0.0,1
NTIV-L,-0.0029069767441859,0.0,1
FTWV-L,-0.0035714285714284,0.0,1
NEYF-L^A21,-0.0041322314049585,0.0,1
PKXR-L,-0.004149377593361,0.0,1
XIR-L,-0.0042270531400966,0.0,1
ISUP-L,-0.0042553191489362,0.0,1
LWFK-L^G12,-0.0045248868778279,0.0,1
FZDX-L,-0.0049689440993789,0.0,1
PNLA-L^D18,-0.0053475935828877,0.0,1
NNDB-L,-0.0058479532163743,0.0,1
NBGQ-L,-0.0060975609756097,0.0,1
BFQK-L,-0.0120481927710843,0.0,1
LTDS-L,-0.0061728395061728,0.0,1
LXMS-L^G20,-0.0094043887147334,0.0,1
DQVU-L^I15,-0.01,0.0,1
NRZG-L,-0.01010101010101,0.0,1
LQIT-L,-0.010204081632653,0.0,1
LOJC-L,-0.0102564102564102,0.0,1
QFAW-L,-0.0106007067137809,0.0,1
LMGK-L^L21,-0.0106382978723402,0.0,1
OCRX-L^E21,-0.010752688172043,0.0,1
NIIN-L,-0.0110420979986197,0.0,1
FSCD-L,-0.0112219451371571,0.0,1
MDXD-L,-0.011259890444309,0.0,1
NOVZ-L^C17,-0.0116279069767442,0.0,1
FTIZ-L,-0.0117647058823529,0.0,1
FZBQ-L,-0.0071428571428571,0.0,1
POKH-L^L14,0.0,0.0,1
NNHD-L^I21,0.0,0.0,1
POCU-L^E12,0.0,0.0,1
LZTN-L^G12,0.0,0.0,1
LZXI-L^G17,0.0,0.0,1
LZYR-L^H13,0.0,0.0,1
LZYZ-L^C15,0.0,0.0,1
MACX-L,0.0,0.0,1
MBDX-L,0.0,0.0,1
MBEC-L,0.0,0.0,1
MDFK-L^K12,0.0,0.0,1
MDFW-L,0.0,0.0,1
MDLN-L,0.0,0.0,1
MOCW-L,0.0,0.0,1
MOKY-L^C15,0.0,0.0,1
MOML-L,0.0,0.0,1
LZQY-L^C15,0.0,0.0,1
MOMT-L,0.0,0.0,1
MPRE-L,0.0,0.0,1
MQMA-L,0.0,0.0,1
MQYR-L,0.0,0.0,1
MRYI-L,0.0,0.0,1
MSQG-L^B16,0.0,0.0,1
NAPC-L,0.0,0.0,1
NEPB-L^D13,0.0,0.0,1
NESS-L^F23,0.0,0.0,1
NETR-L^B12,0.0,0.0,1
NEUG-L^L16,0.0,0.0,1
NEVV-L^L16,0.0,0.0,1
NEYL-L,0.0,0.0,1
NEZP-L,0.0,0.0,1
MORB-L,0.0,0.0,1
NEZQ-L,0.0,0.0,1
LYZR-L,0.0,0.0,1
LYWH-L^G13,0.0,0.0,1
LOSA-L^D20,0.0,0.0,1
LPDI-L,0.0,0.0,1
LQNE-L^I14,0.0,0.0,1
LQOS-L^I16,0.0,0.0,1
LQUO-L^I16,0.0,0.0,1
LQUT-L^A17,0.0,0.0,1
LQUZ-L,0.0,0.0,1
LQWQ-L^A22,0.0,0.0,1
LQXK-L,0.0,0.0,1
LQYG-L^B12,0.0,0.0,1
LRMN-L,0.0,0.0,1
LTBQ-L^A22,0.0,0.0,1
LTBW-L^C15,0.0,0.0,1
LYYP-L^D15,0.0,0.0,1
LTCD-L,0.0,0.0,1
LUKI-L^A23,0.0,0.0,1
LUOQ-L,0.0,0.0,1
LUPL-L^K21,0.0,0.0,1
LUTQ-L,0.0,0.0,1
LUWV-L^L16,0.0,0.0,1
LVKW-L^G17,0.0,0.0,1
LWFL-L,0.0,0.0,1
LWNF-L,0.0,0.0,1
LWNH-L,0.0,0.0,1
LXUA-L^B13,0.0,0.0,1
LXUH-L,0.0,0.0,1
LXWG-L^H13,0.0,0.0,1
LYWA-L,0.0,0.0,1
LUFX-L^B20,0.0,0.0,1
NGLI-L,0.0,0.0,1
NGUM-L^F20,0.0,0.0,1
NIVO-L,0.0,0.0,1
OVKA-L^L12,0.0,0.0,1
PJQH-L^I20,0.0,0.0,1
PJQK-L,0.0,0.0,1
PJUG-L^C21,0.0,0.0,1
PKHH-L^I16,0.0,0.0,1
PKHN-L,0.0,0.0,1
PKIG-L,0.0,0.0,1
PLKR-L^F15,0.0,0.0,1
PLKS-L,0.0,0.0,1
PLKW-L,0.0,0.0,1
PLLO-L^L18,0.0,0.0,1
PLLV-L^H20,0.0,0.0,1
PLMA-L^G16,0.0,0.0,1
OVJR-L,0.0,0.0,1
PLMB-L,0.0,0.0,1
PLMO-L^L13,0.0,0.0,1
PMCS-L^E12,0.0,0.0,1
PMQB-L,0.0,0.0,1
PNCM-L,0.0,0.0,1
PNCS-L,0.0,0.0,1
PNED-L^A21,0.0,0.0,1
PNFC-L,0.0,0.0,1
PNFZ-L,0.0,0.0,1
PNLU-L,0.0,0.0,1
PNMH-L^J12,0.0,0.0,1
PNOP-L^I13,0.0,0.0,1
PNRC-L,0.0,0.0,1
POCE-L^E20,0.0,0.0,1
PLMI-L^B18,0.0,0.0,1
OVJK-L,0.0,0.0,1
OVJF-L,0.0,0.0,1
OUNQ-L^K18,0.0,0.0,1
NKSU-L,0.0,0.0,1
NKTB-L,0.0,0.0,1
NKTC-L^J18,0.0,0.0,1
NKTE-L,0.0,0.0,1
LLJF-L,-0.021978021978022,0.0,1
NOAZ-L^D15,0.0,0.0,1
NOVS-L,0.0,0.0,1
NPYI-L^I21,0.0,0.0,1
NQLL-L^K15,0.0,0.0,1
NQZD-L^F12,0.0,0.0,1
NRAS-L,0.0,0.0,1
NRDC-L^G13,0.0,0.0,1
NRDF-L^A14,0.0,0.0,1
NRDZ-L^E21,0.0,0.0,1
NSDX-L^J19,0.0,0.0,1
NWER-L^J15,0.0,0.0,1
OFJB-L,0.0,0.0,1
OFQA-L^A23,0.0,0.0,1
OFQD-L,0.0,0.0,1
OFWA-L,0.0,0.0,1
OFWD-L^A21,0.0,0.0,1
OGWH-L^L16,0.0,0.0,1
OIJN-L^H17,0.0,0.0,1
OQCH-L,0.0,0.0,1
OQCM-L^A15,0.0,0.0,1
OQCT-L,0.0,0.0,1
OQDC-L,0.0,0.0,1
OQUL-L^G13,0.0,0.0,1
ORET-L,0.0,0.0,1
PODD-L,0.0,0.0,1
MOLZ-L,-0.0222222222222222,0.0,1
LOIM-L^D20,-0.0425531914893617,0.0,1
MQFA-L,-0.0225225225225225,0.0,1
OFVC-L,-0.111111111111111,0.0,1
OFVF-L,-0.111111111111111,0.0,1
QETT-L^I14,-0.111111111111111,0.0,1
BJHG-L,-0.1176470588235295,0.0,1
NBCX-L,-0.1176470588235295,0.0,1
LOCU-L^J15,-0.1219512195121951,1.0,1
LLAI-L^A12,-0.1249999999999998,1.0,1
LZZD-L,-0.1249999999999998,1.0,1
OGAS-L^I20,-0.1249999999999998,1.0,1
PMEE-L,-0.1249999999999998,1.0,1
PXGF-L^A23,-0.1249999999999998,1.0,1
QFCL-L^L16,-0.125,1.0,1
PKHE-L^L12,-0.1250000000000001,1.0,1
NRYO-L^I22,-0.1063829787234041,0.0,1
FSWD-L^I15,-0.1294117647058823,1.0,1
ODLG-L^E23,-0.1320754716981131,1.0,1
PTTT-L,-0.1333333333333333,1.0,1
QCOU-L^C18,-0.1363636363636363,1.0,1
LURY-L,-0.1363636363636364,1.0,1
LVKG-L,-0.142857142857143,1.0,1
LZOI-L,-0.142857142857143,1.0,1
MCDD-L,-0.142857142857143,1.0,1
NSVG-L^F19,-0.142857142857143,1.0,1
PJQL-L^H15,-0.1470588235294118,1.0,1
MRZG-L^D16,-0.1473684210526314,1.0,1
MSPT-L,-0.15527950310559,1.0,1
LUTV-L,-0.15625,1.0,1
PLHM-L^B13,-0.1578947368421052,1.0,1
DPCZ-L^F20,-0.131578947368421,1.0,1
QFRP-L^B15,-0.16078431372549,1.0,1
LPHI-L,-0.1058608058608059,0.0,1
LLKM-L^A20,-0.1052631578947369,0.0,1
PKHJ-L,-0.0852713178294574,0.0,1
POAF-L^B20,-0.0853658536585365,0.0,1
MCDA-L^D18,-0.0857142857142856,0.0,1
FUEY-L^H15,-0.0869565217391304,0.0,1
BKJO-L,-0.088235294117647,0.0,1
PNEP-L^G21,-0.089,0.0,1
POCM-L^L19,-0.089613034623218,0.0,1
LNWM-L,-0.0909090909090908,0.0,1
MIDV-L,-0.0909090909090908,0.0,1
OQDD-L^F19,-0.0909090909090908,0.0,1
PVUZ-L^G13,-0.0909090909090908,0.0,1
PWXX-L^G12,-0.0909090909090908,0.0,1
MBAL-L^C20,-0.0909090909090909,0.0,1
MDKX-L^A20,-0.1056338028169013,0.0,1
OQCL-L,-0.0909090909090909,0.0,1
NENN-L^J16,-0.0930232558139534,0.0,1
LURX-L^C14,-0.0946745562130176,0.0,1
FTNS-L,-0.0952380952380952,0.0,1
LTNM-L^C20,-0.0977011494252872,0.0,1
LUPN-L^I13,-0.1,0.0,1
LXGK-L,-0.1,0.0,1
MDFJ-L^K19,-0.1,0.0,1
OFVX-L,-0.1,0.0,1
PQKB-L^B20,-0.1,0.0,1
MRYM-L,-0.1029796131730266,0.0,1
FTHP-L,-0.1030927835051546,0.0,1
PKWH-L,-0.1049284578696343,0.0,1
MBMW-L,-0.1052631578947368,0.0,1
QGLH-L^L14,-0.0909090909090909,0.0,1
PQSI-L^C13,-0.1621621621621621,1.0,1
MORA-L^K15,-0.1666666666666666,1.0,1
NSZQ-L^D13,-0.1666666666666666,1.0,1
NSIP-L,-0.25,1.0,1
OFTQ-L^C23,-0.25,1.0,1
QCPY-L^D18,-0.25,1.0,1
PNSF-L^H14,-0.263157894736842,1.0,1
FZFD-L^A23,-0.271551724137931,1.0,1
LMFN-L^L11,-0.2758620689655172,1.0,1
PKHM-L^J21,-0.2758620689655172,1.0,1
LVKX-L,-0.2857142857142857,1.0,1
OFUG-L^C12,-0.2857142857142857,1.0,1
QFCM-L^L12,-0.2999999999999999,1.0,1
LMZA-L^J12,-0.3055555555555556,1.0,1
NRAB-L^H17,-0.3333333333333332,1.0,1
PJQS-L^D12,-0.3333333333333332,1.0,1
NKSB-L,-0.25,1.0,1
PNEA-L,-0.3333333333333332,1.0,1
LTDC-L^I12,-0.3529411764705883,1.0,1
KDEC-L^F17,-0.3551401869158879,1.0,1
QFNN-L^I20,-0.3846153846153846,1.0,1
PXJD-L^A15,-0.4285714285714286,1.0,1
FRZJ-L,-0.4984615384615385,1.0,1
FSFY-L^H12,-0.5,1.0,1
MPOO-L^D12,-0.5,1.0,1
NTTC-L^H12,-0.5,1.0,1
PWMD-L^B15,-0.5,1.0,1
QGCY-L^I16,-0.5,1.0,1
PGUD-L,-0.6000000000000001,1.0,1
OJUL-L^H12,-0.6176470588235294,1.0,1
QGOW-L^K11,-0.7222222222222223,1.0,1
PNLY-L^H21,-0.3428571428571427,1.0,1
MAAD-L^L13,-0.25,1.0,1
FTTL-L,-0.25,1.0,1
PNRY-L,-0.24,1.0,1
QGHS-L,-0.1666666666666666,1.0,1
OTSG-L^H14,-0.1691176470588237,1.0,1
LTCN-L,-0.1739130434782608,1.0,1
MOBH-L^C18,-0.175,1.0,1
LOEB-L^G12,-0.1764705882352941,1.0,1
FTSJ-L,-0.1818181818181818,1.0,1
LUJE-L^H19,-0.1818181818181818,1.0,1
FUYP-L,-0.1825072886297375,1.0,1
MSBZ-L^D14,-0.189873417721519,1.0,1
QFZD-L^G12,-0.1923076923076924,1.0,1
LQYB-L^G12,-0.1924290220820188,1.0,1
FTGM-L^B22,-0.2,1.0,1
OIEF-L^A13,-0.2,1.0,1
OVJO-L^L19,-0.2,1.0,1
PPDZ-L^A20,-0.2,1.0,1
PRJZ-L^A12,-0.2,1.0,1
QAJH-L^C18,-0.2,1.0,1
PXFC-L^H16,-0.2016806722689075,1.0,1
QBGD-L,-0.2142857142857143,1.0,1
NGZW-L,-0.2173913043478261,1.0,1
NMZC-L,-0.2173913043478261,1.0,1
LNWZ-L^G12,-0.2222222222222221,1.0,1
QDQX-L^D20,-0.2222222222222221,1.0,1
QFLD-L,-0.2253521126760562,1.0,1
NKSZ-L^I12,-0.2307692307692307,1.0,1
PPRG-L^G13,-0.2307692307692307,1.0,1
MCRL-L^L15,-0.2340425531914893,1.0,1
GVDY-L,-0.2349570200573066,1.0,1
NKVJ-L,-0.2352941176470588,1.0,1
NSZS-L,-0.0838095238095238,0.0,1
PRWG-L,-0.0224719101123596,0.0,1
NOAB-L^B12,-0.0833333333333332,0.0,1
PPSM-L^I22,-0.0796460176991149,0.0,1
LPQD-L,-0.0310077519379845,0.0,1
PWID-L^E14,-0.03125,0.0,1
QBIE-L^H21,-0.03125,0.0,1
JILS-L,-0.0313588850174215,0.0,1
QHEL-L,-0.0319327731092438,0.0,1
LZXW-L,-0.0322580645161291,0.0,1
QAWQ-L^C12,-0.0322580645161291,0.0,1
PNDA-L^D16,-0.0329670329670329,0.0,1
PNCN-L^L16,-0.0335820895522389,0.0,1
PKQP-L,-0.0340909090909091,0.0,1
FUIR-L,-0.0357142857142857,0.0,1
LQVC-L,-0.0357142857142857,0.0,1
PJTO-L^E23,-0.0369047619047619,0.0,1
LPLW-L,-0.0308641975308642,0.0,1
BCQE-L^A14,-0.037037037037037,0.0,1
MBIX-L,-0.0374999999999999,0.0,1
LXZN-L^G12,-0.0382978723404257,0.0,1
FVUH-L,-0.0388852883992222,0.0,1
OCMN-L^K13,-0.0391061452513966,0.0,1
MURM-L^K18,-0.0396039603960396,0.0,1
LWUB-L,-0.0401459854014599,0.0,1
LULT-L,-0.0410256410256409,0.0,1
LZYO-L,-0.0416666666666666,0.0,1
MOOK-L^H18,-0.0416666666666666,0.0,1
LOIU-L,0.0,0.0,1
UXW-L,-0.0426356589147286,0.0,1
PLNI-L^J19,-0.0434782608695653,0.0,1
PQFO-L^G17,-0.0434782608695653,0.0,1
MOLE-L^B19,-0.037037037037037,0.0,1
MOQJ-L,-0.0454545454545454,0.0,1
LUPP-L,-0.0303030303030302,0.0,1
LKOM-L^K14,-0.0303030303030302,0.0,1
FTLO-L^C20,-0.0226415094339622,0.0,1
FSZD-L^D15,-0.0227272727272727,0.0,1
MCRK-L^D19,-0.0229885057471264,0.0,1
NMZP-L,-0.0231436837029892,0.0,1
LTEG-L,-0.0232558139534884,0.0,1
MBPF-L,-0.0235294117647059,0.0,1
QAMK-L^K13,-0.0238095238095238,0.0,1
PRKY-L,-0.0239234449760764,0.0,1
MCGS-L^F17,-0.0242718446601942,0.0,1
LPGU-L^G22,-0.0245901639344262,0.0,1
FVTE-L,-0.0248565965583175,0.0,1
PNYX-L,-0.025,0.0,1
POKT-L^H13,-0.025,0.0,1
LLSV-L,-0.0303030303030302,0.0,1
PPXV-L,-0.0253164556962025,0.0,1
QCBR-L^G12,-0.0256410256410256,0.0,1
PLKU-L^B14,-0.0263157894736842,0.0,1
MDSP-L,-0.0266666666666667,0.0,1
YIE-L^E16,-0.027027027027027,0.0,1
MSQH-L^L16,-0.0271493212669683,0.0,1
PRLD-L^E17,-0.0276292335115865,0.0,1
OGLN-L^D14,-0.0277777777777777,0.0,1
FSBR-L,-0.0285714285714284,0.0,1
DRXR-L,-0.0291005291005289,0.0,1
CWI-L,-0.0293522267206478,0.0,1
PRLZ-L^D23,-0.0294117647058823,0.0,1
LNAO-L^E21,-0.0296650717703348,0.0,1
KAKY-L^E19,-0.03,0.0,1
FVVQ-L,-0.0256410256410256,0.0,1
MSBY-L,-0.0454545454545455,0.0,1
PRKT-L^K19,-0.0454545454545455,0.0,1
FSBU-L^C20,-0.0476190476190475,0.0,1
LOMY-L^D20,-0.0625,0.0,1
MOPY-L^B12,-0.0625,0.0,1
OFTK-L^C12,-0.0625,0.0,1
MHHQ-L^K20,-0.0625000000000001,0.0,1
PJUE-L,-0.0634146341463414,0.0,1
LTIY-L^A22,-0.0662650602409637,0.0,1
FUIW-L,-0.0666666666666665,0.0,1
PNDX-L^L14,-0.0666666666666665,0.0,1
OIPJ-L^D21,-0.0666666666666666,0.0,1
MQYW-L^H19,-0.0666666666666667,0.0,1
MSRS-L^J17,-0.0686274509803921,0.0,1
PNEX-L,-0.0691489361702126,0.0,1
YCB-L^H19,-0.0693069306930693,0.0,1
OFQN-L^J15,-0.0610599078341013,0.0,1
LQRY-L^J20,-0.0714285714285712,0.0,1
FSRI-L,-0.0728744939271255,0.0,1
FTON-L,-0.0735294117647059,0.0,1
OFUP-L^J16,-0.0740740740740741,0.0,1
NRZN-L,-0.0744186046511627,0.0,1
MBOY-L^K21,-0.075,0.0,1
MPIK-L,-0.0762711864406778,0.0,1
FWSD-L^I15,-0.0764331210191083,0.0,1
NZEH-L,-0.0769230769230769,0.0,1
PKJZ-L,-0.0769230769230769,0.0,1
PVPN-L^C19,-0.0769230769230769,0.0,1
LLVY-L,-0.0783410138248847,0.0,1
LZRK-L^E16,-0.0786516853932585,0.0,1
LZPS-L^A23,-0.0789473684210526,0.0,1
MAUF-L^E21,-0.0719696969696969,0.0,1
LLPQ-L,-0.0606060606060606,0.0,1
LLFH-L,-0.0604838709677418,0.0,1
QBPI-L^L20,-0.0588235294117647,0.0,1
LKBE-L,-0.0476190476190475,0.0,1
NEXJ-L^A17,-0.0476190476190475,0.0,1
LXPR-L^J16,-0.048,0.0,1
LUWP-L^L19,-0.0487804878048779,0.0,1
LZPC-L,-0.0487804878048779,0.0,1
QFPT-L^A15,-0.0489795918367347,0.0,1
NRBE-L,-0.05,0.0,1
FVYE-L,-0.0511182108626196,0.0,1
QGNN-L,-0.0512820512820513,0.0,1
DMXC-L,-0.0525059665871122,0.0,1
MDLC-L^C17,-0.0526315789473683,0.0,1
FZGS-L,-0.0526315789473684,0.0,1
LRRH-L^F20,-0.0526315789473684,0.0,1
LWFG-L,-0.0526315789473684,0.0,1
QGKC-L^K13,-0.0526315789473684,0.0,1
QFWB-L,-0.0528541226215645,0.0,1
FSPS-L^F15,-0.0537634408602151,0.0,1
LWMJ-L^G14,-0.054054054054054,0.0,1
MBME-L,-0.0543478260869565,0.0,1
LWPX-L^J12,-0.0545454545454545,0.0,1
MDFZ-L,-0.0548424737456243,0.0,1
PNDU-L^K12,-0.0553191489361701,0.0,1
LLJR-L,-0.0555555555555554,0.0,1
LYZN-L^A21,-0.0555555555555554,0.0,1
NEDG-L,-0.0555555555555554,0.0,1
POFN-L,-0.0555555555555554,0.0,1
MSRP-L^C12,-0.0566666666666666,0.0,1
LKQE-L^C17,-0.0567595459236325,0.0,1
PTEH-L,-0.0588235294117647,0.0,1
LUSY-L^A14,-0.0833333333333332,0.0,1
LNUP-L,0.0,0.0,1
FSRS-L,0.0102827763496144,-0.0,1
LMJY-L^C23,0.0,0.0,1
PQQS-L,0.109936575052854,-0.0,1
OFWE-L,0.1090909090909091,-0.0,1
KCEU-L,0.1076923076923075,-0.0,1
FTAK-L,0.1071428571428569,-0.0,1
PMAM-L,0.1071428571428569,-0.0,1
MQWC-L,0.1067961165048543,-0.0,1
MSPW-L,0.1062730627306272,-0.0,1
QEUC-L^D21,0.1038961038961039,-0.0,1
FUCW-L,0.1037344398340249,-0.0,1
FSAM-L,0.1027027027027027,-0.0,1
LLVF-L,0.1024,-0.0,1
MIUV-L,0.1021739130434784,-0.0,1
RJX-L,0.1013400335008376,-0.0,1
LKKB-L^L16,0.1101694915254238,-0.0,1
FTHD-L,0.1010638297872339,-0.0,1
ORDH-L^B19,0.1,-0.0,1
OQHR-L,0.0999999999999998,-0.0,1
LJWX-L^H17,0.0982658959537572,-0.0,1
PQLB-L,0.0972222222222223,-0.0,1
TZE-L,0.0971021860701575,-0.0,1
PQFH-L,0.0967741935483872,-0.0,1
LVKP-L,0.095744680851064,-0.0,1
BBIO-L^E18,0.0952380952380953,-0.0,1
LLEU-L,0.0949999999999999,-0.0,1
XDF-L,0.0943775100401604,-0.0,1
GKHK-L^F16,0.0943396226415094,-0.0,1
MNXD-L,0.0943396226415094,-0.0,1
MOLX-L^G19,0.09375,-0.0,1
LQYE-L,0.1,-0.0,1
MDVF-L,0.0937251787132644,-0.0,1
MNRT-L^C22,0.1105623100303951,-0.0,1
PNNF-L^I13,0.1111111111111111,-0.0,1
PLKY-L^J21,0.1200000000000001,-0.0,1
TSA-L,0.1198830409356723,-0.0,1
NQLK-L^F20,0.119047619047619,-0.0,1
FSCW-L,0.1188811188811189,-0.0,1
LODM-L,0.1176470588235294,-0.0,1
POVD-L,0.1176470588235294,-0.0,1
PRPH-L,0.1176470588235294,-0.0,1
PWKN-L,0.1176470588235294,-0.0,1
QFVY-L^I17,0.1176470588235294,-0.0,1
QEPN-L^I19,0.1174242424242424,-0.0,1
LWCO-L,0.1166666666666667,-0.0,1
OQEI-L^G19,0.1162790697674418,-0.0,1
MHCL-L,0.1155555555555554,-0.0,1
QGCT-L,0.1111111111111109,-0.0,1
MHBB-L^J15,0.1154929577464789,-0.0,1
LWWC-L^I19,0.1153846153846152,-0.0,1
BCZN-L,0.1145251396648046,-0.0,1
FVZE-L^A22,0.1145251396648046,-0.0,1
MSSM-L,0.1139455782312925,-0.0,1
LYBM-L,0.1138613861386139,-0.0,1
FZCX-L^B23,0.1136363636363635,-0.0,1
PKHU-L^C17,0.1134020618556701,-0.0,1
MBUU-L,0.1128021486123544,-0.0,1
PTVN-L,0.1118530884808013,-0.0,1
SHS-L,0.1112515802781288,-0.0,1
NNZU-L^E13,0.1111111111111111,-0.0,1
OFVI-L^C17,0.1111111111111111,-0.0,1
PLMW-L,0.1111111111111111,-0.0,1
MHCF-L,0.1153846153846154,-0.0,1
LKDM-L,0.092741935483871,-0.0,1
QCXS-L,0.0921409214092141,-0.0,1
QCMS-L,0.0917431192660549,-0.0,1
FTMU-L,0.08,-0.0,1
FTRW-L^G18,0.08,-0.0,1
UVV-L^B16,0.0794165316045381,-0.0,1
BJJT-L,0.0786163522012579,-0.0,1
FSET-L,0.0779220779220779,-0.0,1
PJWZ-L,0.0774410774410774,-0.0,1
FVSZ-L,0.0769911504424778,-0.0,1
FSVT-L,0.0769230769230771,-0.0,1
LOIF-L^F18,0.0769230769230771,-0.0,1
PLME-L^K12,0.0769230769230771,-0.0,1
PRKP-L,0.0769230769230771,-0.0,1
OJJC-L,0.0763316858868754,-0.0,1
FSQI-L^J16,0.0760290556900726,-0.0,1
FSDW-L^B17,0.08,-0.0,1
LXXV-L,0.0759493670886075,-0.0,1
LZOS-L,0.0757575757575756,-0.0,1
LNEX-L,0.0754716981132077,-0.0,1
IYSA-L^A12,0.0746268656716417,-0.0,1
IAEK-L,0.0724637681159421,-0.0,1
FTMP-L^C19,0.0721311475409836,-0.0,1
FSUN-L,0.0718187660668379,-0.0,1
NREN-L,0.0717948717948717,-0.0,1
MOMJ-L^H19,0.0717131474103587,-0.0,1
NQMH-L^G13,0.0714285714285714,-0.0,1
PWCU-L,0.0714285714285714,-0.0,1
QGSH-L^C12,0.0714285714285714,-0.0,1
FSNP-L,0.0701754385964912,-0.0,1
NWPY-L,0.0699853587115666,-0.0,1
XLM-L,0.0758426966292133,-0.0,1
QHED-L^L14,0.0805369127516779,-0.0,1
FTTX-L,0.080541237113402,-0.0,1
FTJW-L,0.0806270996640539,-0.0,1
MOIR-L,0.0911854103343463,-0.0,1
FSCX-L,0.0909090909090908,-0.0,1
LVKF-L,0.0909090909090908,-0.0,1
QFPI-L,0.0909090909090908,-0.0,1
FUEZ-L,0.0907840440165062,-0.0,1
LUMA-L^A23,0.0903614457831325,-0.0,1
FTKY-L,0.0903225806451613,-0.0,1
FUUY-L,0.089311859443631,-0.0,1
QPL-L,0.0892857142857141,-0.0,1
FTSK-L,0.0889761646803899,-0.0,1
OQCK-L,0.0882352941176469,-0.0,1
OCJG-L^I16,0.0874999999999999,-0.0,1
FVTG-L,0.0857142857142858,-0.0,1
LUBV-L^L18,0.0847457627118644,-0.0,1
FTTO-L,0.0844444444444443,-0.0,1
LULZ-L^F19,0.0841121495327101,-0.0,1
FSUH-L,0.0835820895522387,-0.0,1
BCOU-L^K14,0.0833333333333334,-0.0,1
MAZO-L,0.0833333333333334,-0.0,1
MVWC-L^A15,0.0833333333333334,-0.0,1
NOBF-L,0.0833333333333334,-0.0,1
PLZN-L^A20,0.0833333333333334,-0.0,1
POFX-L,0.0833333333333334,-0.0,1
MCGR-L^J19,0.0833333333333332,-0.0,1
PVNF-L^G13,0.0830188679245282,-0.0,1
VQI-L,0.0829120323559151,-0.0,1
MQVM-L,0.082687338501292,-0.0,1
DLY-L^F16,0.0811688311688312,-0.0,1
BUBP-L^K18,0.0806697108066969,-0.0,1
FUPV-L,0.1214374225526639,-0.0,1
LMWZ-L,0.0,0.0,1
ONCO-L^K20,0.1219512195121952,-0.0,1
PKJU-L,0.1232394366197182,-0.0,1
QECR-L^J15,0.2222222222222223,-1.0,1
PKHC-L^H17,0.2173913043478261,-1.0,1
LQWE-L^A22,0.2163265306122448,-1.0,1
LKDP-L,0.2095548317046687,-1.0,1
FSHU-L,0.1999999999999999,-1.0,1
MORN-L^E12,0.1999999999999999,-1.0,1
NNYI-L^D16,0.1999999999999999,-1.0,1
OLFI-L,0.1999999999999999,-1.0,1
OQPO-L,0.1999999999999999,-1.0,1
PJVE-L^L17,0.1956521739130434,-1.0,1
LKGM-L,0.1923076923076923,-1.0,1
FSHK-L,0.1913043478260871,-1.0,1
PLMC-L^L16,0.1904761904761904,-1.0,1
LOON-L,0.22680412371134,-1.0,1
PNEB-L^J16,0.1904761904761904,-1.0,1
OQCN-L^G22,0.1843003412969284,-1.0,1
NQFY-L^H13,0.1818181818181818,-1.0,1
NQZW-L^L11,0.1818181818181818,-1.0,1
POKP-L^A16,0.1818181818181818,-1.0,1
PMAL-L,0.1787277011107371,-1.0,1
FTPZ-L^F15,0.1782608695652174,-1.0,1
BKJI-L,0.1750358680057389,-1.0,1
BDAJ-L,0.1724137931034484,-1.0,1
LTRU-L,0.1712538226299693,-1.0,1
FTQA-L,0.1680672268907563,-1.0,1
BRIO-L^L15,0.1666666666666667,-1.0,1
FSSR-L,0.1666666666666667,-1.0,1
NFAK-L^L22,0.1666666666666667,-1.0,1
PQGK-L^C13,0.1904761904761904,-1.0,1
OFUO-L^G18,0.1666666666666667,-1.0,1
PPTB-L,0.2380952380952381,-1.0,1
OQQB-L^A15,0.2467532467532467,-1.0,1
PPYD-L^G14,1.666666666666667,-1.0,1
NSUX-L^D13,1.0,-1.0,1
PPKR-L^I20,1.0,-1.0,1
LXWQ-L^G17,0.65625,-1.0,1
LMWP-L^F16,0.5,-1.0,1
NENL-L,0.5,-1.0,1
NKMR-L,0.5,-1.0,1
NRDM-L^J19,0.5,-1.0,1
NRDT-L^C23,0.5,-1.0,1
NWGY-L,0.5,-1.0,1
LJZZ-L^L11,0.4999999999999998,-1.0,1
NSZK-L^A12,0.4499999999999999,-1.0,1
PRMO-L^E15,0.4084507042253522,-1.0,1
PLLL-L,0.2380952380952381,-1.0,1
KCMN-L^C16,0.3333333333333335,-1.0,1
PUXZ-L^L18,0.3333333333333335,-1.0,1
LTUC-L,0.3297380585516178,-1.0,1
FTJK-L,0.318840579710145,-1.0,1
FUUI-L^E12,0.3013698630136987,-1.0,1
NEUF-L^I19,0.3,-1.0,1
LUTH-L^A12,0.2857142857142856,-1.0,1
FZCT-L^F12,0.2758620689655173,-1.0,1
POWH-L^I16,0.2571428571428573,-1.0,1
FWQO-L^K18,0.25,-1.0,1
ORES-L,0.25,-1.0,1
PKHV-L,0.25,-1.0,1
PNSA-L^D21,0.25,-1.0,1
PQVP-L^I14,0.25,-1.0,1
PTKS-L,0.3333333333333335,-1.0,1
PTIV-L^J19,0.1666666666666667,-1.0,1
QBJH-L,0.1666666666666667,-1.0,1
OJIW-L,0.1657509157509158,-1.0,1
NTEU-L,0.1368680641183726,-0.0,1
NFBG-L^L19,0.1363636363636364,-0.0,1
PNGL-L^A13,0.1363636363636364,-0.0,1
MDFN-L^A23,0.1345158906134516,-0.0,1
FZDC-L,0.1341463414634147,-0.0,1
MFST-L,0.1341463414634147,-0.0,1
BBTU-L^C18,0.1333333333333335,-0.0,1
LUKM-L,0.1333333333333335,-0.0,1
PNOQ-L,0.1333333333333333,-0.0,1
XJA-L,0.1328413284132841,-0.0,1
PVMD-L,0.1326530612244896,-0.0,1
LTIZ-L,0.1322314049586779,-0.0,1
FTBY-L,0.1321948134092345,-0.0,1
FTVH-L,0.1369641412779725,-0.0,1
PPRX-L^E21,0.129750982961992,-0.0,1
PPNZ-L,0.129032258064516,-0.0,1
OIKK-L,0.12890625,-0.0,1
OTXM-L,0.1287128712871286,-0.0,1
DQYN-L,0.1274571972098923,-0.0,1
FTSP-L^I22,0.1272727272727274,-0.0,1
PNFH-L,0.1272727272727272,-0.0,1
HOJK-L,0.126086956521739,-0.0,1
FTJJ-L^H12,0.125,-0.0,1
NGLG-L,0.125,-0.0,1
NQZJ-L^K11,0.125,-0.0,1
PNHR-L^G15,0.125,-0.0,1
PREE-L,0.125,-0.0,1
PXCA-L^K13,0.125,-0.0,1
OIQS-L^J19,0.129032258064516,-0.0,1
FVOO-L,0.139099099099099,-0.0,1
OQPM-L^H16,0.1395348837209302,-0.0,1
LOXK-L^E14,0.140625,-0.0,1
PPPL-L,0.165665236051502,-1.0,1
LQNF-L^E23,0.1625000000000001,-1.0,1
PQBL-L,0.1623931623931624,-1.0,1
FTHF-L,0.1619047619047617,-1.0,1
FTUR-L,0.1619047619047617,-1.0,1
FTKU-L,0.1599999999999999,-1.0,1
NTAB-L,0.1599999999999999,-1.0,1
PKGZ-L^A12,0.1593625498007969,-1.0,1
LQSI-L^L16,0.1558441558441559,-1.0,1
LMIU-L^I15,0.1551724137931036,-1.0,1
FZHT-L,0.1541582150101421,-1.0,1
FTTP-L,0.1538461538461537,-1.0,1
FWQS-L,0.1538461538461537,-1.0,1
OFUW-L^A21,0.1538461538461537,-1.0,1
LMGC-L,0.153361344537815,-1.0,1
QFTE-L,0.1526717557251908,-1.0,1
MWOI-L,0.1524973432518597,-1.0,1
PQCO-L,0.1524822695035461,-1.0,1
XDM-L,0.1515444015444016,-1.0,1
PKJG-L,0.1515151515151513,-1.0,1
BLNT-L^D19,0.1514195583596214,-1.0,1
LQSN-L,0.1470588235294117,-1.0,1
FSAJ-L,0.1457725947521866,-1.0,1
PQGL-L,0.1443298969072166,-1.0,1
FVTN-L^K22,0.1442786069651742,-0.0,1
QBPY-L^B15,0.142857142857143,-0.0,1
PNEV-L^C16,0.1428571428571428,-0.0,1
PNIL-L,0.1428571428571428,-0.0,1
WRU-L,0.1408148677626877,-0.0,1
MGZC-L^D19,0.1228070175438598,-0.0,1
LUTI-L,0.0689655172413794,-0.0,1
QFBK-L,0.0691964285714283,-0.0,1
PVEC-L,0.0689655172413794,-0.0,1
LRTP-L,0.0218408736349453,-0.0,1
FSXN-L,0.0217391304347824,-0.0,1
PQMG-L,0.0216138328530257,-0.0,1
LTCY-L^H16,0.0215827338129497,-0.0,1
QENS-L,0.021505376344086,-0.0,1
QFLS-L,0.0213523131672597,-0.0,1
PJUD-L,0.0209205020920502,-0.0,1
WWA-L,0.0206084396467125,-0.0,1
NAVF-L,0.0194174757281553,-0.0,1
MQPG-L^B17,0.0194092827004219,-0.0,1
NNZO-L,0.0192307692307691,-0.0,1
FTTG-L,0.0189393939393938,-0.0,1
LKED-L^L15,0.0188679245283018,-0.0,1
OFWB-L,0.0222222222222221,-0.0,1
PXMC-L,0.0184331797235022,-0.0,1
FTJE-L,0.0169491525423728,-0.0,1
FVHC-L,0.0169491525423728,-0.0,1
NWJE-L,0.0166666666666666,-0.0,1
PQET-L,0.0163265306122448,-0.0,1
NNCP-L,0.0153846153846153,-0.0,1
NBBH-L^H19,0.0142857142857142,-0.0,1
PTDQ-L,0.0142857142857142,-0.0,1
FSDJ-L,0.014240506329114,-0.0,1
LTCQ-L,0.014218009478673,-0.0,1
NJVB-L^K20,0.0140624999999998,-0.0,1
NOBD-L,0.0136986301369863,-0.0,1
NIHB-L,0.0134831460674156,-0.0,1
LWM-L,0.0134543178973716,-0.0,1
FSDV-L^F19,0.0174927113702625,-0.0,1
LUPI-L,0.0126984126984126,-0.0,1
NESU-L,0.0222222222222221,-0.0,1
LUWQ-L,0.0222222222222221,-0.0,1
FUUE-L^C21,0.0290697674418605,-0.0,1
FTAE-L,0.0288461538461539,-0.0,1
LQOJ-L^F13,0.0287081339712917,-0.0,1
LQVW-L^A19,0.0285714285714286,-0.0,1
LQXE-L^K11,0.0285087719298247,-0.0,1
LQGM-L,0.0284810126582277,-0.0,1
FTBK-L,0.0281124497991966,-0.0,1
MBEH-L^K22,0.0270270270270269,-0.0,1
PLNR-L^G15,0.0263157894736842,-0.0,1
FTKZ-L,0.0260942760942759,-0.0,1
FWPG-L,0.0256410256410257,-0.0,1
LUPD-L^H18,0.0256410256410257,-0.0,1
LUTD-L^L11,0.0256410256410257,-0.0,1
LWFX-L,0.0222222222222221,-0.0,1
PKHI-L^C20,0.0256410256410257,-0.0,1
LYXS-L^D18,0.0249999999999999,-0.0,1
QBZU-L^C15,0.0249999999999999,-0.0,1
PXHJ-L,0.0247678018575852,-0.0,1
MQVH-L,0.024390243902439,-0.0,1
PKHS-L,0.024390243902439,-0.0,1
LWLC-L,0.0238095238095237,-0.0,1
LYRY-L,0.0238095238095237,-0.0,1
LZYY-L^K17,0.0235294117647058,-0.0,1
NEYX-L^C16,0.0232558139534884,-0.0,1
NZRJ-L,0.0228371843095109,-0.0,1
PXJX-L,0.0226804123711341,-0.0,1
FVSW-L,0.0224887556221888,-0.0,1
MCTY-L,0.0224141956572496,-0.0,1
LROS-L,0.0254237288135592,-0.0,1
OMPM-L,0.0689655172413794,-0.0,1
FTCZ-L,0.01259559154296,-0.0,1
FWWS-L,0.0121951219512195,-0.0,1
BUNQ-L^K12,0.0,0.0,1
FSAL-L,0.0,0.0,1
FSCT-L^I21,0.0,0.0,1
FSEO-L^F23,0.0,0.0,1
FSEW-L,0.0,0.0,1
FSFM-L,0.0,0.0,1
FSNE-L,0.0,0.0,1
FSOF-L,0.0,0.0,1
FSPX-L^C23,0.0,0.0,1
FSSU-L^H22,0.0,0.0,1
FTIC-L^B14,0.0,0.0,1
FTYW-L,0.0,0.0,1
FTZA-L,0.0,0.0,1
BLNV-L^F19,0.0,0.0,1
FULC-L^F22,0.0,0.0,1
FVFT-L^K19,0.0,0.0,1
FVHT-L,0.0,0.0,1
FVNI-L^A23,0.0,0.0,1
FZAQ-L,0.0,0.0,1
GEJB-L^K13,0.0,0.0,1
GHH-L^L13,0.0,0.0,1
JLPL-L^L19,0.0,0.0,1
LJWT-L^G13,0.0,0.0,1
LJZU-L^D22,0.0,0.0,1
LKOU-L,0.0,0.0,1
LKXH-L^L15,0.0,0.0,1
LLKY-L,0.0,0.0,1
LMEO-L,0.0,0.0,1
FUSD-L,0.0,0.0,1
LTIB-L,0.0124999999999999,-0.0,1
BFQQ-L,0.0,0.0,1
FVWA-L,0.0014556040756914,-0.0,1
NVSW-L,0.0119402985074625,-0.0,1
LLEH-L,0.0116618075801748,-0.0,1
FTCS-L^A20,0.0115606936416186,-0.0,1
LTBZ-L,0.0113207547169811,-0.0,1
MCRJ-L^F17,0.011070110701107,-0.0,1
FTPI-L,0.0100334448160535,-0.0,1
QCJD-L,0.0096153846153845,-0.0,1
FUEW-L,0.009433962264151,-0.0,1
NWVT-L,0.0091743119266054,-0.0,1
FSSO-L,0.0090556274256143,-0.0,1
FUAE-L,0.0088495575221239,-0.0,1
PRMR-L,0.0085470085470085,-0.0,1
MKEX-L,0.0079575596816976,-0.0,1
BAOH-L,0.0,0.0,1
PWFQ-L^I21,0.0068807339449539,-0.0,1
LXFW-L,0.0063694267515923,-0.0,1
PQLL-L,0.0063492063492063,-0.0,1
MAXR-L^D16,0.0059171597633136,-0.0,1
LXMV-L,0.0055865921787709,-0.0,1
MYSM-L,0.0053619302949061,-0.0,1
FVTW-L^H21,0.0052356020942407,-0.0,1
FSRQ-L^J19,0.0045662100456622,-0.0,1
FZEX-L,0.0042194092827003,-0.0,1
LOWH-L,0.0040160642570281,-0.0,1
NCVO-L^K11,0.003669724770642,-0.0,1
MPEP-L,0.0028571428571428,-0.0,1
OAFE-L,0.0022471910112358,-0.0,1
FZAP-L,0.0019723865877712,-0.0,1
FSDX-L,0.0066929133858268,-0.0,1
FTDO-L,0.0294117647058822,-0.0,1
LKPB-L^J12,0.0294117647058822,-0.0,1
LYTD-L,0.0299003322259137,-0.0,1
LUOS-L,0.0555555555555555,-0.0,1
NWHU-L,0.0555555555555555,-0.0,1
PKIO-L^C18,0.0555555555555555,-0.0,1
QEXP-L,0.0555555555555555,-0.0,1
QAJT-L,0.055023923444976,-0.0,1
MCMB-L,0.054726368159204,-0.0,1
LNDU-L^J14,0.0542168674698795,-0.0,1
FTAG-L,0.0541516245487363,-0.0,1
XEM-L,0.0531914893617022,-0.0,1
OIQR-L^D12,0.0526315789473683,-0.0,1
PLLC-L,0.0526315789473683,-0.0,1
PRKS-L^H12,0.0518518518518518,-0.0,1
PSDC-L^B23,0.0517241379310344,-0.0,1
FVUA-L,0.0561497326203208,-0.0,1
LZOO-L^J22,0.0515933232169953,-0.0,1
PVRU-L,0.0510204081632652,-0.0,1
LYRH-L,0.0508474576271187,-0.0,1
LQSJ-L,0.05,-0.0,1
QEQX-L^C14,0.0499999999999998,-0.0,1
OAYS-L,0.0492004920049198,-0.0,1
MQWF-L,0.0490797546012269,-0.0,1
LKNR-L,0.0489510489510489,-0.0,1
FSDG-L^J21,0.0487804878048778,-0.0,1
FVDV-L,0.0483196699060752,-0.0,1
FSJP-L^G19,0.0476190476190476,-0.0,1
MCUD-L^H22,0.046679815910585,-0.0,1
QCGH-L^C12,0.0465356773526368,-0.0,1
PPKZ-L^B18,0.0460526315789473,-0.0,1
BBOU-L,0.0510534846029173,-0.0,1
LPDL-L,0.0294117647058824,-0.0,1
FSLE-L,0.0562248995983933,-0.0,1
LVWS-L,0.0563380281690142,-0.0,1
MZKE-L,0.0685483870967742,-0.0,1
FSOU-L^I17,0.0677570093457944,-0.0,1
FTFK-L,0.0666666666666666,-0.0,1
MHCH-L^J22,0.0658082975679541,-0.0,1
FSIG-L^E18,0.065359477124183,-0.0,1
FSCH-L^F18,0.0652173913043479,-0.0,1
QAOI-L,0.0652173913043479,-0.0,1
LWMG-L,0.0640394088669953,-0.0,1
PJVI-L^K12,0.0638297872340425,-0.0,1
LJXH-L,0.0636363636363634,-0.0,1
LWET-L,0.0634573304157548,-0.0,1
LOIR-L,0.062992125984252,-0.0,1
LONZ-L,0.062992125984252,-0.0,1
FTAU-L,0.0562273276904474,-0.0,1
FRZT-L,0.0616302186878727,-0.0,1
PLMP-L^K15,0.0606060606060605,-0.0,1
FSXX-L,0.0603112840466926,-0.0,1
QGLF-L,0.06,-0.0,1
GFNF-L^I16,0.0592592592592591,-0.0,1
DPDP-L,0.0588235294117645,-0.0,1
NVIH-L,0.0588235294117645,-0.0,1
PKJW-L,0.0588235294117645,-0.0,1
PRKA-L^K14,0.0588235294117645,-0.0,1
QEJT-L,0.0588235294117645,-0.0,1
DOT-L,0.0584795321637428,-0.0,1
FYUT-L,0.058365758754864,-0.0,1
FTOH-L,0.0581818181818183,-0.0,1
BDRV-L,0.0580137659783677,-0.0,1
LMHU-L,0.060702875399361,-0.0,1
FSUM-L^D21,0.0454545454545454,-0.0,1
FTAW-L,0.0460453026364648,-0.0,1
NUCW-L,0.0454545454545454,-0.0,1
LKBG-L,0.0374999999999998,-0.0,1
HRG-L,0.0368698269375471,-0.0,1
XEC-L,0.0367553865652725,-0.0,1
OFTJ-L,0.0357142857142858,-0.0,1
FTNU-L^A12,0.034965034965035,-0.0,1
LPLI-L,0.0347826086956521,-0.0,1
LYQJ-L,0.0347826086956519,-0.0,1
LXOK-L,0.0346153846153844,-0.0,1
PVDC-L^L14,0.0344827586206897,-0.0,1
FVKF-L^J22,0.0342935528120713,-0.0,1
QCBK-L,0.0337078651685394,-0.0,1
PRJP-L,0.0336538461538462,-0.0,1
QBE-L,0.0334498252621067,-0.0,1
PWGA-L^L18,0.0333333333333334,-0.0,1
MQEN-L,0.0331125827814569,-0.0,1
LSHG-L^A19,0.0329754601226992,-0.0,1
OFVT-L^L19,0.0324675324675325,-0.0,1
PJUY-L^D15,0.0324324324324323,-0.0,1
BDLO-L,0.0321969696969697,-0.0,1
BCZB-L,0.0320284697508896,-0.0,1
NNAN-L,0.0315789473684211,-0.0,1
QASO-L,0.0313588850174215,-0.0,1
FSIV-L^H15,0.03125,-0.0,1
OGVR-L^G16,0.03125,-0.0,1
QFCP-L^C16,0.03125,-0.0,1
FSBV-L,0.0310880829015545,-0.0,1
QBFT-L,0.0308641975308641,-0.0,1
FSVI-L^B17,0.0303030303030302,-0.0,1
LUNQ-L^D16,0.0303030303030302,-0.0,1
MNNT-L,0.0454545454545454,-0.0,1
NEUH-L,0.0377358490566037,-0.0,1
PNEO-L,0.0377358490566037,-0.0,1
FTWG-L,0.0379746835443037,-0.0,1
LMGN-L^D23,0.045267489711934,-0.0,1
LUHP-L,0.0450623202301054,-0.0,1
MCTP-L,0.0445362718089989,-0.0,1
POPF-L,0.04437564499484,-0.0,1
LUZN-L^H21,0.0442367601246107,-0.0,1
FSVZ-L,0.0435510887772194,-0.0,1
FTVA-L,0.0434782608695651,-0.0,1
PNUN-L^A23,0.0434782608695651,-0.0,1
LQVG-L,0.0426540284360188,-0.0,1
LQJC-L^I22,0.0423728813559323,-0.0,1
FSMQ-L^F21,0.0421686746987952,-0.0,1
MONE-L^J15,0.0421052631578948,-0.0,1
FZCB-L,0.0378225521385648,-0.0,1
NIHF-L,0.0416666666666667,-0.0,1
LPGR-L^H21,0.0420168067226891,-0.0,1
NEYH-L^B14,0.0409090909090907,-0.0,1
NYFC-L,0.0381471389645777,-0.0,1
FTMS-L,0.0384615384615385,-0.0,1
FTIT-L,0.0384615384615385,-0.0,1
FVIX-L,0.038817663817664,-0.0,1
LQWW-L,0.0388349514563106,-0.0,1
QGSC-L^A20,0.0416666666666667,-0.0,1
OQTY-L,0.0391304347826089,-0.0,1
PPYH-L^L22,0.0392156862745098,-0.0,1
GOT-L,0.0396039603960396,-0.0,1
XBT-L,0.0396659707724427,-0.0,1
XDT-L,0.04,-0.0,1
LQNV-L^L18,0.04,-0.0,1
FTSS-L,0.0405405405405405,-0.0,1
FSWY-L,0.1334635416666667,-0.0,2
VPT-L,0.0757575757575756,-0.0,2
VXI-L^E23,0.0,0.0,2
YOP-L,0.0,0.0,2
