firms,clusters,mom1
47730,24,0.0062335171421721
13777,16,0.0924295774647887
38746,41,0.0252285714285713
60871,5,0.059533480329581
14198,40,-0.0411940298507462
14702,26,0.0833173353810712
15537,50,-0.0307692307692307
68830,5,-0.0602152829585419
85914,27,-0.0172050561797753
49373,28,-0.0657099697885197
18973,18,0.0026350461133068
19271,14,0.0622406639004149
29938,23,0.029448734063566
10866,16,-0.104521625163827
25320,50,0.0117471166168303
21742,35,0.0467793513019643
11267,42,-0.0279667422524566
86474,8,0.0425531914893617
22825,26,0.0415206541361368
26201,8,0.0477350219191428
65541,43,0.0132849310446627
27562,35,0.0297454161720089
27909,21,-0.03206106870229
49154,17,0.0005083884087442
19350,5,0.0580460227725136
49429,32,-0.0939896557874087
61313,31,0.0276447540269917
30737,44,-0.2081632653061225
12008,26,0.0227061015370284
31500,46,0.0222807372898521
33209,37,-0.0592168099331423
77462,42,-0.1402383134738771
62228,28,-0.0282722513089006
59010,12,-0.1198780900778869
21055,42,-0.0789473684210526
83233,46,-0.0514178339596856
32678,43,0.0096871172475225
27828,4,0.0796593186372744
66181,43,0.0135730007336756
32870,23,-0.0304915992532669
42922,11,0.0757211538461537
12503,47,-0.0399364647152257
89757,44,-0.2452054794520548
47571,33,-0.0338983050847457
16678,42,0.0319042871385841
48291,46,0.0
48347,40,0.0018587360594795
64282,32,0.0343667387647199
27617,13,-0.1499999999999999
60097,3,0.0353606789250353
53197,31,0.1074380165289254
57809,5,0.0691139240506328
57817,4,-0.159066808059385
79611,38,-0.0107142857142857
59185,43,-0.1414265276926221
34948,39,0.0166824047843876
13936,29,0.0059495478343645
64785,36,0.0223048327137547
62033,11,0.0385802469135803
91556,6,-0.0167260337618087
50948,5,0.0932090545938748
42585,17,0.0106737825216809
76081,36,0.0818838853149075
60580,17,0.0127296165001611
80179,29,0.0153234960272417
80857,17,-0.0303152789005658
59627,36,0.0727454545454546
81190,44,0.3650793650793651
55976,40,0.1173534681341181
82924,50,0.0214953271028037
83011,28,0.0348977135980745
15456,22,-0.1459398069278819
40539,29,-0.0533025905330259
10182,10,0.0441193021947101
10501,26,0.0036363636363636
70228,31,0.1102001446829032
77420,44,-0.3152173913043479
10514,49,-0.0999999999999999
10645,27,0.1241134751773049
13656,44,-0.392156862745098
71837,16,-0.0167364016736401
11154,39,0.0960451977401128
11343,48,-0.0739845839524517
11379,42,0.0526315789473683
11174,13,0.0419452887537994
75100,13,0.0200479407278273
12266,37,0.4617834394904456
12146,20,-0.1280653950953677
13628,46,0.0531359711547585
13957,35,-0.0188522317715552
14141,10,0.0970830216903517
75905,19,-0.1268090971743625
76052,28,-0.0176470588235294
76076,41,0.0154623847754979
79315,44,-0.1818181818181817
90751,4,-0.1084729981378026
77007,44,0.1057692307692306
76839,20,-0.2108020959290608
77357,9,0.0743822178070283
77478,42,-0.1323529411764706
77501,17,0.0224358974358973
77516,42,0.06994459833795
77584,42,-0.0237388724035609
77606,2,-0.0852135815991237
77699,12,0.2514285714285713
77862,46,0.052589641434263
78034,17,-0.0426908150064683
78975,43,0.0624736175601521
78990,44,0.3892215568862276
79007,38,-0.1613047363717604
78963,32,-0.1072625698324021
79195,31,-0.0156382079459003
79307,8,-0.1076923076923077
79667,42,-0.0789473684210525
79881,22,0.0259414225941423
80114,49,-0.0319148936170211
80274,12,0.1481481481481481
80233,38,-0.0283822138126774
80320,38,0.055862670933954
93397,40,0.0077686663789382
80432,13,-0.0895104895104895
81165,32,-0.1002865329512894
81481,24,0.0510251094217923
82598,29,0.0150822669104204
88988,28,-0.0639204545454545
83399,32,0.1395348837209302
83391,49,0.1564625850340135
83822,6,-0.0481503229594832
83976,49,-0.06994459833795
84084,44,-0.1017543859649122
84275,23,-0.067804760759798
84255,42,-0.0328467153284672
84588,26,0.0039452919516045
84519,13,-0.0318616294947655
85019,26,0.0045553935860058
12493,43,0.0771470160116447
85390,15,-0.079136690647482
13687,12,0.2787258248009103
89606,13,-0.060327868852459
86580,20,0.1568495832634111
86594,11,0.0608673598782651
89416,26,-0.0073298429319371
87390,13,0.0617952187640955
87432,11,0.0596573208722741
90640,45,-0.1428571428571429
89301,32,-0.0953533397870279
89397,17,0.0083632019115891
89447,9,0.0068306010928962
89540,49,-0.0940392447241763
89908,47,0.0923623445825934
90215,18,0.0954827660029973
90387,22,-0.1730769230769231
90679,28,-0.0608108108108108
90657,23,-0.0591715976331362
90715,22,-0.0248618784530387
90706,38,0.0951182687468545
13521,37,-0.0203252032520324
13511,1,0.0215127674175732
91733,48,-0.0546932742054693
92203,46,-0.0118875502008032
92257,46,0.0961626522575327
92322,15,-0.1073609218791471
92471,13,-0.0412105602060527
92635,31,-0.0435729847494553
93373,42,0.0014792899408284
12363,49,-0.1827468785471055
12915,42,-0.1209239130434783
13399,11,-0.0066722268557131
13181,43,0.0272283585923454
91964,47,-0.008
21020,46,-0.0141082333122762
11499,23,0.0366430260047279
81912,14,0.0334613274821722
27991,25,0.0372516556291389
10517,5,-0.1565436626174651
20482,31,0.0163043478260869
10656,49,-0.1032947462154941
60038,14,-0.0217391304347825
10779,4,-0.0138888888888889
61487,28,0.0346987951807229
61241,20,-0.1384313725490196
88845,27,0.0693038846175639
28222,16,0.0542916942203413
11368,29,0.1039758988385461
28804,29,-0.1342598662645863
11587,15,-0.0213541369047618
11691,17,-0.0337118523775726
11790,28,-0.0366032210834553
10145,10,0.0170734431301364
45911,48,0.1173699705593718
28484,23,-0.0582213691618682
81073,35,0.0473193397524498
93330,43,0.08522378908645
12758,3,-0.1161710037174721
24109,35,0.0593678815489748
59176,16,0.0559363254477116
13769,13,0.087719298245614
11144,33,-0.0174672489082968
85257,14,0.0219563900666261
14008,14,-0.0602306248323947
18075,13,-0.0488505747126435
83112,23,0.0934306569343066
39490,23,-0.0967248908296943
14593,14,0.0968076174409549
14761,40,-0.0864661654135338
10516,17,-0.0385791578452129
77595,13,-0.0254110612855007
29209,24,0.0395473199850766
24272,23,0.0396085028291788
15457,23,0.1563025210084032
44644,35,0.0634833516282473
16030,13,-0.0291545189504373
44601,9,0.0796217205613178
27684,28,0.0127226463104326
40416,44,-0.0214592274678112
53110,38,-0.1061224489795918
10318,25,0.036904908352811
57568,23,0.0394673123486684
16505,40,0.0205898720089037
16548,25,-0.020993282149712
49656,24,-0.0296114673708034
39693,15,-0.0759511641113003
27887,13,0.027410358565737
29612,18,-0.0326747720364741
39642,10,0.0649145190099516
17444,46,0.0392953680378058
65875,50,-0.0327338856334613
43772,40,-0.0120693438665788
17778,24,0.0208560821139986
61508,9,-0.0210955230514241
61946,35,-0.0524175983737476
19561,15,0.0148302578643539
52230,39,0.0284068335319824
12437,19,0.1782178217821783
17961,3,0.0723404255319148
19393,16,-0.032632569814873
10874,35,-0.095050920135787
19880,48,-0.0614224137931034
10890,42,0.0294117647058822
20117,3,0.021103896103896
64186,9,0.0549909061731037
67838,39,0.0402498265093684
20336,5,0.0042805429864254
62148,33,-0.0705860670844084
28564,25,0.1286307053941908
86290,6,0.0554545454545454
46690,16,0.0924731182795699
20750,21,0.1009174311926606
21371,28,-0.07501494321578
27334,3,0.0951241399940172
20618,13,0.0366437643139703
18542,11,0.0889263090369658
89792,15,0.0633682819383258
60599,32,0.0047619047619047
90011,11,-0.0115874855156431
64194,15,0.1058153427369461
23182,25,0.0293929712460063
88208,19,0.4466666666666665
14541,50,-0.0137021276595744
30509,50,-0.0222580645161291
23297,32,-0.0357815442561205
23393,23,-0.0676986584107327
79026,15,0.0113967022308438
47677,20,-0.0377833753148614
27422,12,-0.1664335664335664
46578,35,-0.0407853839739216
11995,26,0.0454692931633835
11308,40,0.0215507664963341
24441,11,-0.1741022850924918
24476,20,0.1171067313007612
30648,36,0.0822147651006712
14055,44,-0.1084070796460175
18729,40,-0.0329444063143444
61735,21,-0.0182752896457707
89525,23,-0.0636694386694385
25081,43,0.0302911093627062
25129,35,0.0067509087761812
25452,42,0.0176263219741481
25487,6,0.083815028901734
25778,40,-0.0299580587177951
40125,5,0.0656730321378669
26084,32,-0.0597014925373134
79618,44,-0.1270718232044199
13625,49,0.171222589366176
26463,21,0.0458684654300169
11404,35,0.0665592464055526
26607,28,0.0724593875465995
26650,35,-0.0258032295655068
23229,25,0.044257340241796
30840,16,0.0004157571977965
91983,23,0.0543900543900544
27430,35,-0.1229946524064171
59248,40,-0.0094316511513963
22293,18,0.0464572192513368
20204,31,0.0391298912364046
27618,11,-0.0150501672240803
17726,3,0.0075351640991292
59256,28,-0.0653846153846153
31077,40,0.0696078431372548
27888,41,0.0377159713442898
41080,31,0.0526691662203178
18091,21,0.131145972833365
19828,43,-0.0206052801030263
92570,45,0.0904864091559369
28629,20,0.2791164658634537
80912,12,-0.0242825607064018
91926,35,0.0375362919950228
61743,3,-0.0453673245614033
11674,25,0.0288748137108791
76708,13,0.0306834030683402
29867,47,-0.0183486238532111
40440,23,-0.1553610503282275
79322,23,0.2462908011869435
44943,31,0.1473438022051454
26403,40,-0.0077102566703863
10886,19,-0.0437499999999999
64936,40,0.054725074743273
38682,32,-0.1067961165048545
25953,29,0.0448626764416237
30681,50,-0.0928851086809774
63132,46,0.0287051482059284
27959,40,0.0523117254528122
88590,50,0.0036079374624173
30940,23,0.0347499413007748
31051,22,0.0828729281767954
12486,2,0.088
42200,21,0.0485718428302159
31480,33,0.0069686411149825
11762,40,0.0420627685896599
70578,16,0.0159396625456806
82855,25,0.0407239819004525
32054,37,0.2852011494252875
32062,2,0.1200000000000001
22103,40,0.0257797581158496
32548,12,0.2251308900523561
32986,21,0.0405534351145038
52476,35,0.0239645249551845
33532,39,-0.0919117647058823
31691,28,0.0106666666666666
50788,17,0.0521353300055462
42550,40,-0.0595654492072812
33770,36,-0.0061349693251534
87717,24,-0.0247243568326093
33823,12,0.2869822485207101
87725,3,-0.0214477211796245
11850,17,0.0167113930226883
19166,5,0.0397491882208038
24205,25,0.0581372227908563
34367,35,0.0334855403348555
47706,5,0.0032894736842106
21135,33,0.0681614349775785
34666,12,-0.1396648044692737
34746,25,0.032880629020729
35263,25,-0.0054347826086956
10777,21,0.0832062616489806
35554,41,0.0355812863624744
36397,25,-0.0198433420365534
54244,35,-0.1092783505154638
36768,10,-0.0084812623274161
88924,17,0.0116959064327486
88853,23,0.0235154394299288
37154,26,0.0459016393442621
25785,28,0.0250626566416038
37402,8,0.0945054945054943
37568,31,0.0144927536231884
37584,17,-0.0534711300831273
58421,28,-0.0373983739837399
12036,40,-0.0349252761533463
38093,25,0.0289195775792039
47941,19,-0.0825206301575394
20765,48,-0.0979720079977148
12052,43,-0.0126471446638779
12060,17,-0.1662531017369727
46834,20,-0.0203389830508474
12369,29,0.0643883110450715
55212,19,-0.0017041581458759
38659,2,-0.0196969696969697
46674,40,-0.0775744903293257
57154,17,0.0776349614395888
32299,20,-0.0873015873015873
16432,35,-0.0799999999999999
53604,40,-0.0181148295977893
85908,28,0.0601524601524599
39571,33,0.0654862155388471
60468,28,-0.0748919827172347
52695,4,0.0998609179415854
39731,24,0.0116731517509727
90213,45,-0.0347610180012414
23819,17,-0.0714751249185313
25582,9,0.0580195973587178
25304,12,0.0167464114832536
52978,43,-0.0520118767277567
41188,5,0.1207576953433307
10294,16,-0.0757575757575758
41241,40,-0.0661764705882351
41292,9,-0.0200111172873818
76927,37,0.1720288903479974
32651,33,-0.0597609561752987
32707,23,0.042218384187296
16600,40,-0.0273884766877346
61567,14,0.0569487983281085
52716,43,0.0906756756756757
32803,6,0.0272449263274952
42439,50,-0.1748251748251748
21792,35,0.0126668948990071
32942,40,0.0844681951387691
42877,10,-0.0422218221101908
42906,24,-0.0114613180515759
87464,48,-0.0481586402266288
78892,13,-0.086206896551724
12570,40,0.0535351253670657
80210,50,0.0377293181031499
21928,25,0.0466279995450926
56573,43,0.0578534024159635
43634,13,-0.1535022354694486
43757,20,-0.2331902718168812
51633,21,0.0360346662612134
12431,10,-0.0063922844005832
44274,40,0.0004295532646048
46463,43,0.0157657657657659
44506,33,0.1689240030097818
59328,31,0.1945903361344538
44768,31,0.041095890410959
12490,28,0.0618968844775296
40272,25,0.0315583234203344
45306,43,-0.0054237288135593
21573,16,0.0079197465681097
53065,40,-0.074074074074074
45728,13,-0.0158730158730159
46042,38,-0.0206896551724138
46077,13,-0.1917647058823529
52329,16,-0.0010296893770379
82694,21,0.1604208705678871
22111,35,0.0723022130837791
46886,5,0.0272641509433961
12558,23,-0.0557872784150156
46923,28,0.0638297872340425
47002,25,0.0028684116170669
24432,3,0.0834983498349835
12650,40,-0.0410379094589621
24053,35,0.0782258064516128
26825,17,0.0025653358986692
47379,11,0.0486249501793543
44134,13,0.0820525532969755
47619,23,0.0513176144244105
47715,5,-0.030349013657056
17750,50,-0.0439326988443236
59045,28,0.0742987111448065
48072,32,0.0333333333333334
48144,5,0.0500695410292071
89456,23,0.0514372163388805
49488,44,-0.0491183879093199
12781,25,0.057602143335566
48486,26,0.1271618097255626
48523,35,0.0424575424575424
48531,35,-0.0133717881489249
48961,14,-0.0019841269841269
50286,22,0.0227272727272727
60943,35,-0.0098470563586842
65330,28,-0.0287458661918087
20415,50,0.0019801980198019
50876,35,-0.0420855740004677
81678,11,-0.0001090750436301
21178,43,-0.0068645780764903
50017,44,-0.0746039856923863
56223,33,0.0036927621861153
59774,36,0.0087260034904013
33849,14,0.0695187165775399
66245,31,0.1153267088226437
23835,50,0.0539499036608863
50623,17,-0.0261927034611787
50789,25,0.0224458204334365
51263,19,0.0577777777777777
15069,49,0.0486725663716813
51423,21,-0.01985559566787
45751,21,-0.0343634411168117
34032,43,0.0207639066905922
51829,6,0.0216666666666667
39538,19,-0.0878552971576228
43449,21,0.0652923835392125
89915,11,0.0217142857142857
17478,33,0.0010236069349369
81061,28,-0.1024021873575939
52250,33,0.0254957507082154
17005,50,-0.1572798819478602
22752,40,-0.1396220521630485
42796,3,-0.045045045045045
53074,27,0.0678408071362972
87437,20,-0.0343580470162748
89857,8,-0.1123595505617977
53373,37,-0.0077177508269018
53640,9,0.0367132867132866
24010,50,0.1296490309062337
53859,43,0.1072065189712248
54253,43,-0.0001257703433531
22592,24,0.0966651308558899
24248,21,0.0137145814465
54704,5,0.0935064935064935
76591,48,-0.0663474692202461
42614,31,0.0575998075998076
22779,35,0.0668080593849416
28345,23,0.0071536144578314
65365,46,0.0310262529832936
69550,32,0.1383487408351928
59408,21,0.0808997632202053
84372,29,-0.1447228144989338
13303,45,0.4207650273224044
90377,48,-0.0184027777777777
55993,9,0.0463917525773196
78900,11,0.0966869506423258
25590,17,0.0254372019077901
52337,42,-0.1308581862446743
34497,21,0.0981681540629404
56945,23,-0.0246305418719211
64450,17,0.0545670225385528
47466,11,-0.0255102040816326
60986,29,-0.0442934145769862
21207,21,-0.0359904025593175
34673,12,-0.125
61815,32,-0.0172778561354018
64311,14,-0.0062009220961192
28118,43,-0.5151515151515151
44206,35,0.0363997352746525
38762,23,0.0304806565064479
23931,25,0.0464919695688927
58246,25,0.0172957685195256
24766,15,0.0271444459891558
58318,5,0.0464238116392714
58334,25,0.0302795031055898
90458,40,0.041095890410959
34817,16,0.0319414703783011
34833,28,0.0056066033328141
72611,5,-0.1168316831683168
58975,32,-0.2303007232584697
67029,37,0.0390977443609021
59089,44,0.0096256684491977
23026,17,0.0687641907233216
24440,40,0.0224812656119901
13610,11,0.0665693430656935
25232,40,-0.0205739036275039
60186,28,-0.1585616438356164
91531,15,0.0690368455074337
77157,13,-0.050476947535771
44230,28,0.0220082530949106
90531,23,-0.0516870064608757
22509,23,0.0697588809129394
60506,29,-0.0084324025435443
13688,25,-0.1515641063298575
86136,40,0.0295277315342155
61146,36,0.0478927203065133
61269,38,0.0339912280701752
58675,44,-0.0454545454545455
41355,18,0.0433664724031539
61496,48,0.1058263971462545
22517,40,-0.0102766798418972
13856,3,-0.0107690927039396
50550,29,-0.0070422535211267
62341,2,0.03875178462166
62368,42,-0.0483333333333333
21936,40,-0.0179271708683473
21776,40,0.0674276612689142
52898,35,0.0689966857487194
13901,14,0.0126143172500787
13928,28,0.0219780219780219
62958,39,0.0187861271676299
63125,39,0.0267782426778242
89968,31,0.23167649536647
24459,23,-0.0192719486081369
80185,17,0.0257801899592944
13828,47,-0.3010471204188482
63715,23,-0.0336778926308769
18163,40,-0.0510002198285337
55511,25,0.0769230769230768
23712,3,0.0637837837837838
64929,9,0.0498141939844543
64961,39,-0.1055308328035601
65008,45,0.2153589315525876
87043,20,-0.1339869281045752
65270,2,0.0384440559440559
69649,43,0.0053361792956243
66683,5,-0.0193626462283178
65700,11,0.0815476190476189
24942,9,-0.0341944474220174
58771,40,0.0272151898734178
76711,38,0.04625087596356
76282,28,-0.0012642225031606
80294,25,0.0182009100455022
84381,5,0.1268727834087433
35991,36,0.1410564225690276
36003,5,-0.0483311660164716
45495,49,0.1151750972762646
67847,11,-0.0224314272431428
27633,39,-0.0410408042578356
68196,43,0.0565018015067146
23085,17,-0.1103320272221076
36281,10,-0.0232807724750278
88518,19,0.0397350993377483
85926,40,0.0353464419475655
41574,48,-0.0537190082644628
51625,21,0.0278260869565216
50243,7,0.0233372228704782
88742,31,0.021505376344086
36468,21,0.1036475783809747
49138,44,0.2807017543859649
70704,12,-0.0051282051282051
65402,40,-0.0038700992764596
60206,3,0.0588551814546125
71176,3,0.0265609514370663
26614,23,-0.0162177816391544
63335,42,-0.2549019607843137
15720,35,0.0360243617986264
71475,25,0.0913705583756345
18411,40,0.0622710622710622
58683,27,-0.0378706680957484
66093,40,-0.1409241766658158
71985,36,0.4615384615384612
17523,17,0.0034467901766479
72304,46,0.0642570281124499
39220,35,-0.094922279792746
43481,21,-0.0249529190207157
43350,43,0.0700801483738491
18438,23,-0.0449438202247191
72726,24,-0.0370525434373038
36898,9,-0.0454219459717905
72980,40,0.0047669491525423
73139,43,0.0904802140543585
73219,38,-0.0415860735009672
52396,28,-0.0660660660660659
47861,46,0.0248908296943231
65429,28,0.0256410256410257
43334,6,0.1440000000000001
52038,24,0.0309545875810934
65752,44,-0.0786516853932584
74836,45,-0.2429906542056075
74908,12,-0.0266666666666667
57007,28,-0.1066350710900474
43123,8,0.0535564853556485
44329,15,-0.0206223912055213
63773,40,0.0451774829688058
75460,50,0.0475830815709967
84375,7,-0.0421954837646283
51369,15,0.1501743094663448
37284,1,0.0299563742123121
15579,33,0.078647925033467
23579,14,-0.0211581291759465
62092,21,0.0244714587737844
93423,25,0.0303577289136856
14795,29,-0.0288362512873325
14816,35,-0.063157894736842
62308,35,0.0504432513422399
76639,15,0.0999999999999998
76946,11,-0.066420664206642
55001,6,0.019435736677116
92583,5,0.0811068702290076
59600,6,0.1472326706072004
76185,43,0.017037516232359
77730,43,0.0349183818310858
91103,3,-0.0394218134034166
17929,3,0.0213401621852327
79244,29,0.0514548238897396
77973,28,-0.0693069306930692
78044,14,0.0679202918888575
24985,25,0.0717496542185338
48725,39,-0.001552125549711
63781,49,-0.0903790087463556
78749,6,-0.0384615384615384
92655,15,0.0733724241321203
78829,35,-0.0128876359242851
87447,3,-0.02131734532434
78960,42,-0.204152249134948
79039,44,0.5194805194805194
79303,42,-0.2649962034927866
17830,40,0.0317022742935906
14040,46,-0.1593830334190231
79338,20,0.0381679389312976
67360,25,0.0513546300040437
59619,35,-0.0113104524180968
16555,40,0.0008726003490402
79637,40,-0.0742743825491256
79776,14,0.0251529571719919
43553,39,0.0956425987100835
79864,13,-0.1364755539922616
80128,3,0.0050599617292876
27043,3,0.0412752348590845
81116,23,-0.1565420560747662
61700,44,0.0736842105263158
57808,14,0.1835106382978724
15202,43,0.0179765886287626
21231,21,0.017814726840855
53225,17,-0.0489659391203533
24969,21,0.009078616959629
46068,10,0.040462131780339
42059,17,-0.1073563218390805
79066,22,0.0
62498,15,0.0533970496571785
66384,13,0.0332175925925923
59467,44,-0.3196078431372547
38033,50,-0.0419309372797743
39917,40,0.0552453717308256
25419,3,-0.1112015289525049
38156,23,-0.0503165611462845
58819,23,0.0406543180178011
42286,7,-0.0537261698440207
84403,43,-0.0036077825022549
27983,20,-0.0895163712826674
88857,25,0.0383480825958704
38295,3,0.0390775144138373
84129,43,-0.0152607036880033
90756,33,0.1092803489217348
13600,48,0.0212355212355213
72996,29,-0.0080433969322858
87426,36,0.0686232196806215
86191,49,-0.1739130434782608
88664,43,0.0714077244868176
15318,35,0.043298969072165
71563,35,0.0489987217724756
80072,35,-0.045643153526971
85586,40,-0.0127205580631925
35917,25,-0.0140905209222886
13508,44,-0.1200716845878135
70332,32,0.0106448311156601
90537,44,-0.0956521739130433
10028,47,-0.3283582089552239
10138,46,0.0248207391064534
10107,33,0.1166599543562896
13983,2,-0.0683605565638234
10200,48,-0.0292275574112734
10302,11,0.055925432756325
10363,23,-0.1490514905149051
10333,20,0.2361323155216286
10382,25,-0.0724870558828779
10397,11,-0.0246238030095758
10257,26,-0.0545524691358024
10463,44,-0.067142857142857
70033,28,-0.0180460485376476
10421,26,0.0728929384965832
13502,13,-0.0291234140715108
91204,35,0.0460122699386502
10530,28,0.0454545454545454
79698,21,0.0072341451651796
10606,3,-0.0260115606936415
10550,26,0.0344827586206897
79785,36,0.1493415481611208
75070,23,-0.180182836921262
10547,28,0.0073529411764705
76123,50,-0.0557029177718833
79903,44,-0.02803738317757
10355,40,0.0617081103334704
10661,23,0.1701236635956051
45225,19,0.7901234567901232
10693,35,-0.0045307443365696
10649,6,0.2231508566652738
79909,29,0.2495323606434716
75517,50,-0.0437956204379562
10696,9,0.0036443855734811
44813,37,0.0060240963855422
87656,20,0.0527859237536656
89891,12,0.1538461538461539
71175,21,0.0177977703892038
93179,46,0.1186202041534671
35124,25,0.0147122457810471
22323,42,-0.1192642787996126
10026,35,0.014242193450114
10812,29,-0.1495215311004785
10909,29,-0.0532809871003925
88779,32,0.0723981900452488
90441,28,-0.008718726307809
10860,20,-0.1222222222222222
10032,24,0.0953994293865905
85570,11,0.0433070866141733
11701,4,-0.0933852140077821
77453,25,0.0156004709576138
10838,44,-0.1146341463414634
11292,29,0.2153846153846155
64390,9,0.0047501032631143
65294,3,0.030160390516039
12173,20,0.002451581269919
11378,13,0.0140186915887849
11403,36,0.0934887256143905
14135,47,-0.4577966101694914
11481,20,0.0413793103448276
75470,3,-0.0957322306311928
11552,46,-0.3075710254031665
75107,37,0.144246669973507
11547,3,-0.0047646274061368
13642,50,-0.0037414965986394
91954,44,0.127659574468085
11600,29,0.0210667112522988
13788,33,0.0009410288582183
11043,29,-0.0504612045577862
11654,27,-0.0185185185185186
11638,9,0.0091519219035998
11394,20,0.1179775280898876
75526,27,-0.1759776536312849
11533,15,0.0331672597864769
13652,44,-0.1999999999999999
11707,26,-0.2136363636363636
13563,38,-0.3267716535433069
11775,26,0.0263373362445413
75233,17,0.0151441133365901
75186,21,0.0251486053955189
11809,40,-0.0562610229276896
11731,43,0.0513937282229965
11825,48,-0.1138461538461538
11803,26,-0.063157894736842
75261,47,0.3328822733423546
88197,21,-0.0293333333333333
85789,25,-0.0140405616224648
11618,39,0.030495831505046
82107,35,-0.0220020154517971
11896,10,0.1012366380213791
12448,15,-0.0675856787286999
84769,46,0.0278827977315689
10180,13,-0.0186803253992166
11884,24,0.1224242424242423
75182,6,0.1318933384306606
13643,44,0.0618538938662991
75241,2,0.0144368316684853
75320,17,0.0336158192090396
75285,43,0.0463418774401629
10901,36,0.0593622014093817
75316,40,0.1238343092604641
11891,11,-0.0380484811291808
11955,21,0.0498275201226523
84176,50,-0.0926216640502354
13969,39,0.1202749140893471
11752,26,0.0984204131227217
81774,8,-0.0042735042735041
12149,22,0.0659340659340659
75573,4,-0.3171806167400881
84387,1,0.0578851412944394
17743,25,0.0275696733593047
12226,20,0.1208972455879926
78664,49,-0.075429424943988
12062,25,0.0181493674239916
80926,11,-0.0133451957295374
12209,23,0.1303370786516853
11992,43,0.0082280903176426
36346,43,0.0100393700787402
85269,10,0.0254777070063694
92029,38,-0.0166666666666666
75591,43,0.0554870338355151
76573,40,-0.005722460658083
10375,40,0.0692488262910797
75694,35,0.0837951857060137
63467,21,0.0342394687694542
75649,17,0.0750000000000001
13721,5,0.0156425838397478
13802,23,0.0552147239263802
75654,26,0.1167029379760609
12073,3,0.0286659316427784
13825,45,0.0613247863247863
75603,36,0.0502625656414104
93101,9,0.0145019644095214
75825,50,0.0323547653504239
13766,46,0.0157593123209169
75853,35,-0.0081799591002045
75854,23,0.1228406909788866
13862,29,0.0952380952380951
15070,35,0.0276564774381367
75556,26,-0.0152963671128106
86124,21,0.0011415525114155
11628,21,-0.0329397141081416
75831,40,-0.0188679245283017
11748,23,0.0166666666666666
11348,15,0.0605493133583021
23799,50,0.0312925170068028
11285,15,0.0665504213891312
11442,21,-0.0197469058545404
86896,25,0.0007239819004525
11018,38,0.005859375
87952,25,0.0052966101694915
13794,45,0.4827586206896552
10252,9,-0.0341594105827195
12189,15,0.0232827035265674
11208,23,-0.0273224043715847
13799,22,-0.0642605633802815
52936,40,-0.0127006526724289
56710,17,0.0206349206349205
12068,41,-0.005464480874317
11786,43,0.1720562296221071
10892,4,0.0194871794871795
10932,21,0.046431969552807
11293,35,-0.0151145782545101
12480,35,0.007220216606498
11593,38,0.0784313725490197
69586,15,0.0376726663876099
35685,21,0.0439770554493308
76038,20,0.0070052539404552
89207,44,-0.1102941176470588
10308,43,0.0113768284188531
77519,25,0.0308988764044944
92807,3,0.0249999999999999
14166,20,0.0631290027447393
13908,13,0.0674157303370786
83469,43,0.0746031746031745
13829,19,-0.121345029239766
86814,9,-0.0497572815533982
13812,44,7.2857142857142865
92716,35,0.0456553755522826
13877,24,0.0431177446102819
13870,44,-0.0628571428571428
13970,8,-0.1410132158590308
86384,21,0.052342606149341
13875,24,-0.2248858447488583
13816,11,-0.0267558528428092
13966,49,-0.0652528548123979
10781,3,-0.0078328981723236
13876,50,0.0209205020920502
13914,12,0.0827880891974897
13943,9,-0.0109170305676855
84725,21,0.0302832953435363
83642,41,0.0914634146341464
13924,12,-0.1233595800524934
13890,4,-0.0217391304347825
80517,36,0.0528634361233479
91937,9,-0.0306519623743106
13694,43,0.002972399150743
87759,49,-0.0048543689320389
13911,43,0.1370569054380983
14102,32,-0.0149174214171551
10232,17,0.0323333333333333
13909,25,-0.0087976539589443
13962,29,-0.3836633663366336
90534,35,-0.0052931596091204
12166,36,0.0
13963,28,0.0301659125188538
13959,44,-0.0113636363636365
10629,40,-0.0384889522451887
14006,45,0.0298165137614678
14026,44,-0.3333333333333332
10913,9,-0.0107015457788346
14044,45,-0.0371535580524344
89875,11,0.1064964755191464
13330,19,-0.1354581673306772
77643,21,0.0304317055909413
14099,44,-0.1305217391304347
77379,25,-0.0021008403361344
10253,47,-0.204578313253012
14095,20,-0.0003394433129667
11006,50,0.0361247947454843
14072,23,-0.1399263545502367
14097,26,-0.0127610208816706
86382,20,-0.0076530612244897
77889,9,0.0510510510510511
14161,48,0.096553409924224
14160,5,0.1194029850746267
14159,49,0.0089445438282649
14076,31,0.0776811594202897
14176,46,0.045016077170418
11565,35,-0.0565649640041139
75714,23,-0.0201342281879195
14149,38,-0.1857355126300148
14145,20,-0.3700324725529611
14167,44,-0.1737588652482269
14169,50,0.0030703101013203
14136,26,0.0095808383233533
81620,11,0.0831696136214799
14168,17,-0.0427385892116183
75912,21,0.1807036247334754
85299,35,-0.009031198686371
93191,47,0.294642857142857
89738,15,-0.0365296803652966
77415,25,0.0386710239651415
47723,23,-0.0944055944055943
83155,43,-0.0219780219780219
79851,26,0.0185873605947954
89211,50,0.0419625564880568
92686,47,-0.1815181518151815
11844,35,0.0387096774193547
89141,11,0.0566121842496285
76266,35,0.0166682100194464
91855,25,-0.0034542314335059
85726,25,0.0497991967871487
75906,43,-0.0341419586702604
77236,6,0.0147058823529411
77528,21,0.0330975240020212
13328,44,-0.1686746987951807
79747,21,-0.0223796033994334
89828,21,-0.0843749999999999
11397,21,-0.0305676855895196
84516,43,0.0270720533111203
77300,21,0.0234230532155332
76215,44,-0.7117750439367312
13267,12,-0.0299625468164794
76082,28,0.0355140186915887
76095,35,0.0316162442082312
84184,29,-0.1158129175946547
76963,20,-0.0176240955196576
76127,42,-0.0069930069930069
76128,26,-0.086864406779661
92897,22,0.0081300813008129
76135,43,0.0990509059534079
78981,5,-0.0090316106372303
76868,10,0.015228426395939
88965,36,0.0102954341987466
89655,31,0.0773711536026338
76392,26,-0.1015348288075561
92089,45,0.0959595959595958
85875,21,0.0124688279301745
76544,23,-0.0473684210526315
83671,28,0.2071269487750557
12622,3,-0.0495037064957909
76201,43,0.0403783707468585
87053,13,0.0046948356807512
76360,32,0.0555555555555555
89369,32,0.0785907859078589
17073,32,-0.2675159235668789
90053,32,-0.1594202898550725
77486,47,-0.043478260869565
76330,10,0.0345507094062007
76230,11,0.0415286624203823
76461,47,-0.490566037735849
89948,23,0.0471698113207548
11644,47,-0.2236842105263158
76261,13,-0.0006765899864683
76224,10,-0.0937042459736456
77256,9,0.0510317902955939
76279,22,-0.0723684210526315
76477,46,-0.0017273205166715
76478,43,-0.0333611342785654
90608,23,-0.1537688442211056
79037,3,-0.08179012345679
78071,44,0.1778367617783676
76529,25,-0.0701001430615165
76515,28,0.0841750841750843
91902,28,-0.0064049011417431
88284,44,-0.2317708333333332
76582,10,-0.03504607651494
76613,20,-0.1798107255520504
76614,46,-0.0995258543567721
76644,12,-0.0132501948558066
76837,31,0.0599509694673501
76661,46,0.1264299802761339
76686,3,0.0191256830601092
76856,46,0.0110847189231988
76709,46,0.0686860204073558
76934,44,0.1481481481481481
76712,17,-0.0353901996370235
76721,11,0.1029411764705883
76684,21,0.0061919504643961
76732,32,0.1077245230339694
91403,24,-0.0383944153577661
76736,39,-0.0409126671911881
88031,32,0.0485067873303166
76744,5,-0.0382135647338571
76750,39,-0.119536128456735
76788,37,0.133578431372549
76795,18,0.0682446122674524
14106,16,0.0046838407494145
76869,32,0.0579710144927536
76798,12,0.0789473684210526
76838,3,0.0256175663311986
76892,25,-0.0292995060619667
76841,38,-0.0046627491057741
77235,4,0.0179640718562874
77037,33,0.1000817364453727
13412,12,-0.2377358490566037
77202,19,-0.1067961165048543
77090,23,0.0301707779886146
77117,33,-0.014022787028922
77114,46,0.0556158764627821
77217,4,0.0893909626719056
77165,27,-0.1256871192987668
77182,32,-0.0432368576491436
77191,9,0.0580021482277122
77175,34,-0.0748898678414096
77178,4,-0.0160108024691358
77259,12,-0.0213270142180094
90464,17,0.1042345276872964
77274,17,-0.0747963465810911
77279,38,0.0839865621500559
77282,46,0.0049261083743841
77338,43,0.0606820895925261
77366,33,0.0
77393,6,-0.1549295774647887
13599,37,0.3151658767772511
92871,4,0.0030159414045671
77418,25,-0.0406051732552463
77425,8,0.0035587188612098
77447,26,0.0282485860506545
77496,43,0.0575735145074347
77768,16,0.0456561438631641
77505,36,-0.0917874396135266
77515,46,-0.158273381294964
77520,21,-0.0704893588179477
83738,35,0.0167087011349307
77610,20,0.1369808974015602
77605,15,-0.0353102502571135
77649,21,0.0557692307692305
77629,21,0.1057770545158665
77630,45,0.0865800865800865
77660,15,0.023414354734113
77661,33,0.1071875782619584
77668,28,-0.0320593809222994
89810,3,0.110394265232975
84776,13,0.1114058355437663
77702,28,0.0210389126792032
87505,25,-0.0144605116796441
90352,19,0.2717058222676201
77763,42,-0.1741573033707865
77780,20,-0.0169927909371783
77785,40,0.0083752093802345
77868,4,-0.0316856780735107
77900,2,0.0
77902,28,0.0622032288698957
77918,15,0.0669797835409433
77917,43,0.1404619970193741
77971,50,-0.2769447047797563
78001,20,0.2158069096071937
78018,4,-0.0460526315789473
78015,40,0.0176928520877566
78186,47,-0.2139737991266375
78054,42,0.0598006644518271
78077,26,0.1527143581938101
78066,44,0.0120481927710842
78091,38,-0.1005291005291004
78081,15,0.0675726821573765
91402,12,0.1088452714759113
78189,17,-0.0118421052631578
78172,44,-0.0461538461538461
78170,44,0.2023675310033821
78211,24,0.0369565217391305
78137,32,0.0236391238343094
78156,39,-0.0312185297079556
78213,9,0.1111111111111111
78840,48,0.0975506038441913
91128,44,-0.0446304044630404
88944,43,0.0261078667124698
78841,44,-0.0365853658536584
86889,24,-0.2307692307692307
78908,38,0.3656716417910448
79033,40,-0.0405701754385965
78875,4,0.2664065271372828
78876,36,-0.1431718061674008
78915,41,-0.0536277602523659
78916,28,-0.1352525006099049
79019,25,0.09375
79065,20,-0.14050822122571
79006,47,-0.0361165048543689
48653,9,0.0481057751508435
78955,49,-0.0220264317180616
78950,15,-0.0174164105429822
78987,15,0.0559144575629315
79072,17,-0.0370044052863436
79089,44,-0.1554126473740621
79108,9,-0.1191117092866755
79131,28,0.0871369294605808
79116,43,0.0164417177914111
79133,35,0.0088054686594831
79103,29,-0.0205228211914381
88597,16,0.1508868348738445
79150,11,-0.058103448275862
79166,35,-0.0539048119905338
79198,6,-0.0403940886699507
13949,15,0.0606060606060605
79237,49,-0.0241635687732342
90783,44,0.058064516129032
79323,10,0.0212164073550211
79299,24,-0.0687012453811413
79248,38,-0.098250336473755
79249,46,0.0753582168759949
79336,42,-0.2613390928725702
79265,29,0.2032896427653561
18649,26,-0.0967359050445104
79382,43,0.0325776338350161
79399,5,-0.0892006352567497
79666,28,-0.0001146350783339
79507,26,0.1285099924108272
79499,32,-0.1333333333333333
79545,38,0.0290845207886005
79490,15,0.0035842293906809
88568,40,-0.0690178232840349
79491,21,-0.0075901328273244
80069,47,-0.1593533487297921
79564,38,0.0003510003510003
85913,5,0.0836205332849628
79668,29,-0.0076989941636658
79731,36,0.0494505494505495
79758,15,0.1220729366602686
79686,13,-0.0024850168104079
79734,15,0.0571428571428571
79824,35,0.0099557522123892
79857,28,-0.055396370582617
79906,48,-0.0298954942607503
79790,20,-0.0022371364653244
79862,9,0.0674157303370786
79839,15,0.0090380890897352
79791,10,0.0048721071863579
79878,27,0.1501629991850042
79915,28,0.0377485675766766
79841,31,0.003669404158658
80223,35,-0.0392749244712991
79879,6,-0.0190274841437633
79859,17,-0.0256012412723041
79885,25,-0.0662650602409639
80019,47,-0.0759493670886076
80034,31,-0.0993071593533486
80080,16,0.0035363023538512
80050,29,0.0978647686832741
84723,4,0.0377442273534636
80054,48,0.0510358767054068
80167,23,-0.1246658566221141
80236,25,0.0307692307692308
80204,21,0.051495951122533
80254,17,-0.0391872278664732
80286,28,-0.0478748617475114
80191,36,0.0335998826204972
80193,46,0.1195304162219852
80237,11,-0.0476190476190476
21186,41,0.0810858452317997
80306,49,-0.1412213740458016
13006,9,-0.0365448504983388
80375,46,-0.1418181818181818
80362,16,-0.0160366552119128
80368,20,-0.1446153846153847
80341,40,-0.0186693822131703
80336,3,0.0743362831858407
80357,3,0.0222383302201529
80303,12,-0.1788908765652951
80485,42,-0.3073737373737374
80415,31,-0.0105904404873478
80478,46,0.0120580981090709
80539,48,0.0037499999999999
46392,7,0.0600722673893405
80587,11,0.0276026950662899
80534,8,0.0063888888888889
80498,15,-0.0020833333333333
80577,45,0.1868131868131868
80563,48,0.1154339461308251
80575,10,0.1366231647634583
80633,10,0.0280112044817926
80759,35,0.0096385542168675
80774,23,-0.0353159851301114
80828,25,0.0107334525939177
80791,29,-0.1208333333333332
80795,26,-0.1402787705503931
80812,47,-0.0622710622710622
80837,47,0.0375350538628911
80928,39,0.0416666666666667
80924,10,-0.0144927536231882
80955,35,0.086282095043046
80864,16,0.0087961139556256
80951,32,0.285140562248996
81010,49,-0.0259515570934256
80960,44,0.0099126637554585
80957,18,0.0272249641776787
80969,48,0.0248447204968944
80990,21,-0.0723350253807106
81084,36,-0.2419974391805377
81095,35,-0.0231615518239721
81055,40,0.0888258918025042
81182,3,0.0404858299595141
81184,12,-0.0167865707434053
88379,26,-0.1064400715563506
88865,25,-0.0064620355411953
85205,14,0.0160747663551401
81220,9,-0.018945993031359
81241,26,0.1327404479578393
81254,43,0.0832463465553234
81292,40,-0.0633802816901408
81282,50,0.0570676031606671
81278,22,0.1283618581907091
81501,11,0.0671093194213896
87532,21,-0.0044529262086514
81540,50,-0.0700906344410875
81566,11,0.0035714285714285
81541,21,0.020435362061306
81560,21,-0.00053738317757
90470,35,-0.0016750418760469
81588,5,0.0047706888874752
81565,35,0.0055105348460291
81584,9,0.043076923076923
87476,25,-0.010948905109489
81624,6,0.0823220728107576
81621,19,0.2131147540983609
81736,10,0.0938149688149689
85332,50,-0.0360331632653061
81740,40,-0.0109204368174726
81761,44,0.0966067864271456
81696,28,-0.104923474091831
81666,48,-0.1078561917443408
81665,37,0.0802118804388951
81677,17,0.0099009900990099
88719,25,0.0982658959537572
81893,23,0.0206337509211496
82251,25,-0.0228571428571427
81869,15,-0.0140845070422535
82171,40,-0.024390243902439
91262,33,-0.0676291793313069
82212,50,0.0371287128712871
82179,17,-0.0732963549920759
82176,11,0.0398860398860398
82234,35,0.0437049180327868
82281,6,0.4732142857142856
82272,23,0.0155380333951762
82287,23,0.0616966580976863
82261,26,0.0848623853211008
82486,18,0.0019076055403499
82508,12,-0.052515201768933
82298,19,0.1537931034482758
82518,36,0.1131313131313132
82515,43,0.1165757603771839
82521,42,-0.0364963503649635
82307,28,0.0227310995117022
82575,10,-0.0646214099216709
82567,23,-0.0189504373177842
82581,32,-0.0413465056714233
82621,22,-0.08
82649,50,0.0185721177038107
82552,28,-0.052980132450331
82547,26,0.0490341753343237
82642,11,0.0368137982195846
82651,5,0.0920788770053475
82634,23,0.1398847631241999
82573,25,0.0087483176312248
82587,46,-0.0059171597633135
82599,8,-0.0410094637223975
82762,37,-0.0235690235690236
82779,44,-0.0438596491228068
82686,3,0.0753709971361624
82759,17,-0.0623409669211195
89736,9,-0.0030364372469635
82670,45,-0.3122362869198312
82768,49,-0.1336116910229645
82775,25,-0.0068554934151182
82702,22,-0.1059113300492612
82747,44,2.0450177035912995
82800,14,0.0802313883299801
82812,33,0.1206465517241379
82848,12,0.1714285714285712
83875,19,0.0479041916167666
86122,22,0.0
86098,49,-0.1846153846153846
87832,5,0.0779220779220779
88177,47,-0.023391812865497
84825,35,0.0097712418300652
90710,26,0.0358851674641147
83145,38,-0.0928495197438633
87471,45,-0.0155223880597016
91910,26,0.016
83149,48,0.5546875
83120,5,0.044626353313969
84397,15,-0.0025252525252525
37381,12,-0.0236777868185518
83111,28,-0.1470524732377555
83124,25,0.055860349127182
82859,4,-0.0835030549898167
83303,4,-0.0282075471698113
83143,16,0.0282776349614395
83272,40,0.0081490104772989
83304,46,0.0785714285714285
83244,47,-0.1556091676718938
83390,38,-0.0334728033472802
86080,44,0.3405172413793103
83411,2,0.0277777777777779
84215,21,0.0048076923076922
83414,21,-0.0248552123552123
83421,23,-0.103860294117647
83366,44,-0.040556199304751
83382,37,-0.0017079419299742
83422,35,-0.0075445816186556
83520,42,-0.0833333333333333
83504,40,0.0
83509,17,0.2049041713641488
83462,17,-0.0496603041087027
83565,44,0.0138248847926267
93312,28,0.0012453300124533
86091,35,-0.0261276127612761
83690,5,0.0910132966529115
89202,9,0.0256410256410257
83621,10,0.1139086612890083
83633,44,0.1883408071748877
83630,49,0.0121951219512197
83661,17,-0.0301310633698149
83683,35,-0.0137755102040817
90082,9,-0.094170403587444
83774,21,0.0094579847217171
83779,26,0.0112749349522982
83799,48,0.0740231465566634
83734,8,0.0171874999999999
83756,4,0.0321100917431191
83916,43,-0.0023952095808383
83879,35,0.0278710053990951
83844,38,0.010752688172043
83856,35,0.0117187499999997
83883,19,-0.08
83862,9,-0.0004586104104562
83910,11,-0.0256410256410256
83906,23,-0.0107511868193242
83885,45,-0.2050359712230215
83827,5,-0.029940119760479
83831,25,0.024390243902439
83969,29,0.0203334688897927
92530,28,0.0128813559322034
88436,44,-0.2551079976649153
83950,37,0.392324093816631
83965,17,-0.0030674846625766
88905,45,-0.4382716049382716
84026,28,-0.073170731707317
84103,50,0.0230496453900708
89425,25,0.0020491803278688
84062,4,0.0410509031198687
84636,43,0.0380538883922871
84042,40,-0.0199705696867774
84010,22,0.1386481802426342
84041,32,0.0436974789915967
84032,23,-0.0431010355443605
84203,42,-0.0592874888444004
12877,22,0.0284090909090908
84234,25,0.0340724716062734
84172,13,0.0346454131424853
84262,9,0.0794894110821005
84210,16,0.044205495818399
84348,50,0.0121268656716417
84302,22,0.1272727272727272
84373,25,0.0014950875694148
84319,5,-0.0592635691131243
93131,40,0.0752181500872601
85176,22,0.0184185455700223
88984,9,-0.0105263157894736
84438,5,0.0653703703703703
84385,36,0.0784090909090908
84413,49,0.0512820512820513
84511,37,-0.2416666666666667
84563,32,-0.0061162079510703
84624,38,-0.0856423173803527
84604,47,-0.0438871473354232
84606,9,0.0195168266694798
84389,25,0.0
84597,5,0.0243852459016393
84737,6,0.0354330708661418
84761,20,0.0823632984446836
84607,5,0.0060975609756097
13658,8,-0.0852272727272727
84656,3,0.0101941747572815
84734,15,0.0532694475760993
84780,50,0.0609999999999999
84827,16,0.1018726591760299
84788,26,0.1497165995676204
85079,17,0.0138888888888888
85035,47,0.0725806451612902
85002,37,0.0870811287477955
85072,23,0.0129119945633706
85067,41,0.0299224806201552
85013,48,0.0361445783132527
85077,5,0.0161702127659573
85020,36,0.0701986754966887
85059,15,0.2408963585434171
85168,49,-0.0771312584573747
92245,19,-0.0438247011952191
85187,20,0.1068225678283574
85177,21,-0.0111111111111111
87364,8,-0.0595238095238094
89022,17,0.0010968921389398
85198,7,-0.0297606659729448
85246,38,0.048502105263158
89038,9,0.0081018518518516
78217,26,0.0390625
85280,44,0.0326911850554583
86818,10,-0.0019779608204397
85320,20,-0.1631205673758865
85319,42,0.1888040712468193
13739,9,0.001043962417353
89898,37,-0.1055045871559633
85349,48,0.0
90012,36,0.0666666666666666
85348,17,0.0114114930036679
85372,6,0.3542483660130717
91908,9,-0.0255102040816326
93295,3,0.0377643504531721
89270,21,-0.0082644628099173
90875,28,-0.0626283367556467
85418,40,-0.0107699358386801
85502,47,-0.2995689655172413
13935,26,-0.0039787798408489
85440,33,0.1479050984351337
85488,11,-0.0327240888694321
85517,35,0.0915492957746479
85424,32,-0.0464326160815401
13265,32,-0.1571815718157181
87114,43,0.0343839541547279
85464,37,-0.0180851063829786
87837,38,0.0625
85427,39,0.0843223847640077
85419,32,0.0597609561752987
85540,28,-0.0921428571428571
85621,36,0.0901846695821195
85627,17,-0.0269607843137253
85539,32,-0.0240229885057471
85571,11,-0.1589673913043477
85798,15,0.0822784810126582
85593,38,-0.0175420112732445
85567,49,-0.1571268237934905
85576,4,-0.0166666666666667
85526,12,0.1875
93285,22,-0.1666666666666666
85686,42,-0.1640759930915372
85725,21,0.0545454545454544
85675,4,-0.0522803114571747
85645,21,0.0390417771883289
85710,11,0.0976775956284152
85663,5,0.0197490976107035
85883,50,-0.0212975098296198
92878,9,0.0154258487194758
89938,43,0.0767857142857142
92557,20,0.0266129032258064
85731,9,0.0338983050847456
85751,26,-0.0328653477983408
85656,9,-0.00778231292517
88183,15,-0.0006172839506171
85744,6,-0.2920560747663552
85753,9,0.0106212989942662
85768,36,0.0809248554913293
85724,48,0.0279114533205004
85738,20,-0.0271781033153432
85792,29,0.0096333957720096
85966,9,-0.0181818181818181
85886,35,-0.0422135509045761
85889,11,-0.0403225806451612
88384,35,-0.0305043478260869
85931,49,-0.0687593423019431
85903,41,-0.0262295081967213
88203,23,0.1286307053941908
86444,8,-0.0804416403785488
86102,50,0.0461279461279462
86111,10,0.0511414289684977
87014,43,-0.0254143646408838
85860,21,-0.0064516129032258
85863,39,0.0129912309191295
87488,35,0.0201511335012594
85829,3,0.0055172413793103
87501,9,-0.0214424951267057
87508,23,-0.0857142857142856
88820,9,0.0281564908120923
13121,20,-0.2434210526315789
88951,25,0.0117199999999999
85939,24,0.0173410404624276
90603,36,0.0228666114333055
85953,44,0.0609374999999998
86302,21,0.0808151791988756
87614,9,0.0073529411764707
14175,43,0.0237489397794741
85992,2,0.0069761847486167
85972,33,0.0294762484774664
86047,5,0.0966824644549761
89681,35,0.0015923566878979
90544,15,0.0600155884645361
86062,23,-0.0412371134020617
86026,24,0.0032441200324413
86021,43,-0.0066337635532432
86083,47,-0.2129032258064516
86051,20,0.0163934426229508
86113,32,0.0323999999999999
86048,15,0.0164581961816985
86196,3,0.0685126018716981
86128,6,0.1208459214501511
88341,18,-0.0255942028985506
86211,28,0.0356275154647247
89279,9,0.0165289256198348
87318,9,-0.0059656972408649
92919,25,0.0240963855421687
86158,14,0.0431486076647367
87067,43,0.0296931705707688
86288,43,0.1025163094128611
90221,9,0.0434782608695651
86228,43,-0.0149863760217985
89643,43,0.119804400977995
86299,15,-0.0385416666666665
86287,43,0.0110568269478015
86233,8,0.0697050938337802
86260,45,0.0192307692307691
92935,50,-0.1338912133891214
86728,28,-0.0068965517241379
86312,21,0.0192266380236305
86305,3,-0.0061799922750096
86339,35,0.071014202840568
86356,12,-0.0213208528341133
86868,14,0.0223027952274548
87658,28,-0.0444444444444445
89109,14,0.0154838709677418
86432,3,0.0007606876616461
12380,29,-0.0905349794238682
87753,46,0.6086956521739129
86489,11,0.0466988727858292
86544,5,-0.1422924901185771
86526,33,-0.0001239669421486
87069,29,-0.004991680532446
86573,21,0.0140845070422535
86578,20,0.0943396226415094
90591,15,0.0295159386068477
86582,9,0.0162271805273834
86547,38,0.0119453924914676
91608,15,-0.0159395973154361
86560,40,-0.0349344978165937
86719,43,0.0010036801605888
90590,43,-0.005783530707794
86763,49,0.0043541364296082
86778,26,0.150344097406035
86783,5,0.0443189457270223
86810,36,0.2151659820139893
86820,3,-0.0619047619047619
86822,20,0.0092514718250631
86819,4,-0.0212765957446809
86827,39,0.1749408983451539
86799,49,-0.0478158205430934
86899,17,-0.1683937823834197
86916,49,0.0273144790911288
92318,15,0.0
86924,49,-0.1203703703703704
86876,28,0.0841201716738198
12588,26,0.0249017038007863
86964,39,0.0058891838088916
86949,22,0.2722200079713033
88368,25,0.0218579234972677
86996,24,0.0911488372093023
87006,38,0.0119464118098815
86989,5,-0.0686813186813186
87000,20,0.1073279105515869
86965,3,0.1388888888888888
86979,16,-0.107797340998922
87016,46,-0.0079893475366178
87077,46,0.0485327313769752
87121,17,-0.0303030303030301
87066,17,-0.0087463556851311
87075,35,0.0035192203573362
87056,3,-0.1179757172021058
87034,9,0.0679443482147845
87086,40,-0.0111845449923743
87162,24,-0.0456852791878171
87179,17,-0.1221020092735704
87227,8,0.2222222222222221
87236,8,0.0689655172413794
87267,24,0.0530989062604845
87268,28,-0.1925408781921733
87361,28,0.0555555555555555
87269,35,-0.0261044176706827
87356,5,0.1265392781316348
87302,35,0.0288461538461537
90358,15,0.0605226960110039
87299,28,0.0724548440065682
87321,5,0.0124999999999999
87337,12,0.0919540229885058
13704,26,-0.2210242587601079
87379,29,0.0329578639966625
89597,5,0.0988372093023255
87439,45,-0.225659722222222
87430,37,-0.0795107033639144
12308,36,-0.0804853865916739
90808,33,-0.133944699180214
87394,23,-0.011015911872705
87415,26,0.0551330798479086
87373,31,0.0748898678414096
87510,28,-0.0059880239520956
87445,43,0.06772220553601
87496,10,0.014743263853584
87487,27,0.0483759502418796
87525,9,0.0065019505851755
87541,33,0.0138646668991977
87583,29,-0.1700680272108843
87589,48,-0.1923076923076923
87602,49,-0.0714285714285712
87825,38,0.3333333333333335
87814,19,0.0303030303030302
87812,9,0.1877346683354193
87657,29,-0.0647699204098435
87659,23,-0.1077367046859968
87789,16,0.0501721593703887
88152,48,0.2094332540973351
93368,21,0.0648648648648648
88167,17,0.0466409927257167
88468,45,-0.0212765957446809
88173,47,-0.1708706265256305
88174,46,0.0369003690036899
88195,47,-0.1733333333333333
88159,20,0.0231118448204703
90354,20,-0.0417149478563153
88370,20,0.0859881129271915
88182,15,0.1543042772062806
88260,12,0.1868365180467091
91171,15,-0.0211907164480323
23887,37,0.0271416454622561
89572,36,0.1285046728971963
88534,4,-0.1098901098901098
90071,12,-0.0230558812035951
88343,3,-0.0433577509404078
88319,11,0.018340470227034
88352,36,-0.6411060637931694
13198,25,0.0068965517241379
88281,9,0.0765598963154972
88280,18,-0.0116129032258065
88332,8,0.4244604316546763
88287,43,-0.0269642026964203
88439,36,0.1351819757365684
88417,20,0.2029250457038389
19675,13,0.0510560146923781
88466,4,0.1153846153846154
88485,17,-0.087719298245614
88421,20,0.0992156862745099
88451,8,-0.0873239436619717
88446,46,0.0300702811244979
88511,22,0.0604026845637584
88542,11,-0.2469135802469135
88504,10,0.0554621848739496
88545,35,-0.2240820734341253
88564,39,-0.0109890109890109
89617,15,0.0385391225305651
89395,43,-0.0112023898431665
48506,21,0.0229867809074935
88648,15,0.0266753415744958
88620,8,-0.1836666666666666
88615,13,-0.0498533724340175
88661,39,0.0166335650446871
91360,21,-0.0017079419299744
13453,10,-0.0322580645161291
88740,34,-0.3711790393013101
89576,45,-0.0430044182621502
88807,49,-0.0066225165562914
88863,20,0.1670203735144313
89029,47,-0.3019439799331103
88860,26,0.2829763246899661
88949,14,0.1268149237272562
88839,6,-0.1066666666666666
90029,47,0.0232558139534884
90177,11,-0.0753915582691797
88908,15,-0.0059701492537312
88897,32,-0.0907297830374753
92601,44,-0.111111111111111
88895,48,-0.1046728971962617
90238,44,0.4932343234323433
89290,32,-0.0525778458397141
89006,40,0.0189375307427448
89110,33,-0.0244857982370225
88970,43,-0.0114114114114112
88994,44,0.003900975243811
89031,31,0.0132333480370532
89002,28,0.0098397652900021
89014,5,0.0374110597956498
89167,21,-0.0407589599437807
89036,31,0.1306666666666667
89044,28,-0.0542285345384119
89215,26,-0.0393873085339169
89070,40,0.0386881885728926
89327,50,0.0049099836333879
90175,36,0.0231631749778695
89413,32,-0.1699346405228758
89179,43,0.1018011902254056
90223,6,-0.4202898550724637
89244,20,0.0314580941446613
93302,19,0.1899999999999999
89269,11,-0.0320347215045985
89168,43,0.0345385860766325
89217,23,-0.1760080645161291
89307,21,0.0511891279728198
89252,42,-0.0322580645161291
89262,10,-0.0321100917431191
90125,20,0.0202072538860103
90081,20,-0.0495767835550182
89297,11,0.1022494887525562
89353,25,0.0334592552617376
91015,40,0.007168458781362
92174,25,0.0574412532637074
89332,28,-0.0194174757281553
89424,25,-0.0071428571428571
89387,49,0.0203045685279186
89394,45,0.5454545454545454
91975,3,-0.0475414289595218
89445,44,-0.0254237288135593
91665,4,0.0515463917525773
93016,32,-0.0622857142857142
91152,35,0.0854684563062178
91727,42,0.1529411764705883
89753,36,0.0801186943620175
89453,13,0.0208955223880598
91269,49,0.1999999999999999
89406,31,0.039860921395753
89626,43,0.0109817962103326
89443,29,-0.0352311580199196
89916,31,0.0240770465489565
89533,12,-0.0096024039752885
90601,9,-0.0634265824416654
93069,46,-0.2032085561497326
89482,43,0.0144578313253012
90313,4,-0.0288461538461539
89941,22,-0.2209302325581394
93150,40,-0.0495412844036696
90067,44,-0.0767326732673266
89876,31,-0.0204556962025316
89653,25,0.0198725159355079
89826,5,0.0029137529137528
89574,32,-0.0261780104712041
89546,16,-0.0211267605633802
89509,50,0.0286795108647841
89573,9,-0.0292792792792792
90436,5,0.0207253886010363
12358,49,-0.0322580645161291
89781,11,-0.0135253054101223
89698,49,0.0342465753424658
89796,19,-0.053030303030303
89741,5,-0.0916346153846154
89800,10,-0.0199579831932773
93422,44,0.0443407234539088
90080,35,0.0185406698564594
89824,25,0.0281065088757397
90716,26,-0.0057518488085456
13411,44,-0.0269863013698629
89901,44,0.1007326007326006
89866,46,0.0472353431508751
89889,8,-0.1586206896551724
89964,3,0.1592079207920791
89922,28,-0.0909090909090909
89913,21,-0.2382608695652174
89905,15,0.0283975659229209
91086,4,0.1236786469344608
89973,19,-0.0403458213256484
89971,29,0.0131742095474272
89952,28,0.0107858243451461
89960,37,0.1524310118265439
90088,49,0.0032362459546926
90129,8,-0.2670623145400593
92636,20,-0.0350877192982456
90126,26,-0.0586206896551724
90490,4,0.0169286577992746
90194,9,-0.0189873417721518
90454,26,-0.056961631183222
91977,50,-0.0015698587127158
93012,44,-0.131578947368421
90248,36,-0.078317804079577
91901,14,-0.0481430536451168
91233,43,0.0536118980169972
90700,42,-0.0167364016736402
90533,47,0.0262295081967214
90708,16,0.002588539828215
90427,43,0.0177045177045176
90288,45,-0.0980392156862745
13879,44,-0.067101270091042
90314,12,0.1047619047619046
92453,42,-0.1851851851851852
90353,43,0.0811707317073169
90421,35,0.0033444816053511
90423,8,-0.1331444759206798
13577,13,0.0268184196755625
90312,46,0.0219039595619208
90090,50,0.0153858181338502
19721,36,-0.0467980295566502
90098,47,-0.0792349726775956
90455,36,0.1419052088221493
90274,43,0.0153524075366364
90249,40,0.0028914269191846
90444,15,0.0635544635544638
90371,23,-0.1475409836065574
90476,45,-0.0179640718562874
90496,20,-0.1558567279767666
90568,8,0.0111358574610245
90505,39,-0.01215710723192
90600,3,-0.0195439739413679
90637,10,-0.0151106314085267
90718,25,-0.0031466331025802
90417,25,0.0095238095238094
90409,32,0.0670553935860058
90548,23,0.0806845965770171
90803,17,0.0047169811320757
90386,32,0.0347383047707272
92521,44,-0.2395833333333333
90520,9,0.0003836194495061
90440,21,0.0146113383985972
13797,43,0.1671826625386998
90556,47,0.0183823529411764
90564,25,-0.063685366340587
90605,12,0.056234718826406
90550,11,0.0073018080667592
90569,29,0.1013188379967919
90558,46,0.1677607585703866
90734,26,-0.0579526226734348
91500,9,0.0703017832647463
90494,42,0.149184149184149
90948,9,0.0233812949640286
13938,48,0.0675132275132275
90474,43,0.0086797066014669
90711,25,0.0010934937124111
90634,19,-0.0551457674745345
90672,4,-0.0429447852760735
12487,35,-0.0093632958801498
91018,49,0.059738643434972
90664,8,-0.0808380173735309
13196,5,-0.0809792843691148
90720,26,0.0016675931072818
90636,3,-0.0025510204081633
91114,5,0.0520043336944744
86165,22,-0.1351351351351351
92571,34,-0.0714285714285715
90993,42,-0.0378457059679768
90735,8,-0.1159599999999999
90885,47,0.0922266139657443
13993,26,0.151658767772512
91605,29,0.1610833927298645
90791,49,-0.1278409090909091
90856,31,-0.0415735359856951
90871,21,0.0071599045346062
90984,29,-0.0359999999999999
90776,15,0.0512434061793518
90829,19,0.0802047781569965
90775,4,-0.0199320832718147
92619,49,-0.0482456140350876
90868,26,-0.1023106904231626
90795,23,-0.048611111111111
13455,47,-0.164638346727899
90955,45,-0.2768361581920904
90805,32,-0.113198684828558
90952,40,0.0080645161290322
90961,21,-0.0153846153846154
90971,36,-0.1280820140150532
91594,15,0.0306227483273289
90825,43,0.0966386554621849
90870,15,-0.0106272473032361
90963,35,0.1116838487972509
91349,47,-0.1428571428571429
90900,29,0.0218136491118727
90957,9,-0.0235507246376812
91356,17,-0.1086439333862013
90988,42,-0.0537735849056604
90989,23,-0.1827956989247312
92044,28,0.0451372731503025
91090,4,0.0515463917525773
90978,44,-0.0233196159122085
90979,44,-0.2402912621359223
91547,10,0.0557244174265452
91801,20,0.0206506364922205
91488,11,-0.2410423452768728
90925,10,-0.2115465655288664
91075,23,0.0310880829015542
91083,25,-0.0081632653061224
91408,50,0.0240963855421687
91192,46,-0.1119402985074627
84185,19,0.0444444444444445
91041,15,0.0052812858783009
91080,12,0.1280821917808219
13931,31,0.2013698630136986
89003,21,-0.0067459042724059
91603,42,-0.0668647845468053
13976,44,-0.056338028169014
91176,35,-0.00875
91095,32,-0.0338983050847457
93175,48,0.2124134520276954
91186,5,-0.1229050279329608
91234,24,-0.0671875
91627,44,-0.4285714285714286
91201,49,0.218890134529148
91348,47,0.5884955752212391
91237,15,-0.0012285012285011
91215,6,-0.0254395809951365
91359,46,-0.0059171597633136
91395,47,-0.1337209302325581
14174,44,-0.1304347826086956
13532,9,0.0
91167,21,0.0853092783505156
91299,28,0.0693069306930693
13377,15,0.0595047007567071
13956,4,-0.1583403895004234
13921,21,-0.1618638871857755
13534,21,0.023391812865497
14094,34,0.1666666666666665
13188,9,-0.0604962048261016
13407,26,0.0537835781588342
14033,42,-0.2837837837837837
13641,14,0.0939158840342997
13356,3,-0.0057853946075756
13559,42,0.0164835164835164
13456,37,-0.1032533614830858
13543,14,0.0723418573351279
13447,48,0.0752148387645708
13761,12,0.2297297297297298
13548,28,0.0102272727272727
13337,23,-0.0943396226415094
13622,28,-0.0188163884673749
91363,5,-0.0568561872909698
91463,46,-0.1439144736842105
13967,47,-0.0634682658670666
91491,49,-0.1046770601336304
91277,28,-0.0360627916843445
93035,5,-0.0026041666666667
91472,20,0.0921052631578946
91579,38,0.0978747203579417
91514,21,-0.000751503006012
91503,20,-0.1445750935328702
12452,4,-0.0243902439024389
91446,15,-0.0597826086956521
91391,44,0.0621468926553672
91432,21,-0.0328888888888888
91614,50,-0.0052856271599918
91468,10,-0.0046339202965709
92506,7,0.0139358108108109
91392,14,0.0136609429845364
91413,1,-0.0018691588785046
91618,21,0.0802292263610315
91659,38,0.0356870918754745
91355,40,0.1157894736842104
93189,5,-0.1577977674216972
91461,40,0.034375
91416,32,-0.0868506493506493
91486,40,-0.119224422442244
91611,6,0.1948561464690497
91742,37,-0.1762643678160919
91615,20,-0.115987460815047
12049,6,-0.032
91612,8,-0.0122699386503066
91622,25,-0.0388463802236609
91625,20,-0.0739371534195934
90077,20,-0.0973454545454545
92773,46,-0.0390890550645819
91516,50,-0.0029268292682926
91683,23,-0.1159346271705822
91668,26,0.1504917324111099
92456,12,-0.1067961165048543
91571,43,0.0133498145859085
91616,8,-0.1156462585034012
92589,49,0.2695652173913043
92252,47,-0.0833333333333333
91658,33,-0.0041580041580042
91678,35,0.0321100917431191
91754,38,0.0149253731343284
92035,42,-0.0524193548387096
91741,9,-0.0308123249299719
91743,40,0.0089285714285713
92449,44,-0.2500000000000001
91822,42,-0.0358166189111748
91836,20,-0.024103468547913
91688,15,0.0495049504950495
91692,31,0.1086956521739128
91826,13,-0.1141868512110726
13796,44,-0.0683229813664596
91814,32,0.1875
91959,35,0.0299363057324841
91854,50,0.09057386494584
91968,40,-0.0440173589584624
92091,20,-0.0766550522648084
91900,12,0.0664893617021276
14137,46,-0.1159420289855072
91965,47,-0.2358490566037735
93177,49,0.0609756097560976
91909,4,-0.148148148148148
91849,9,0.0631031922791389
93188,37,-0.0769230769230768
92210,23,0.1974025974025974
91915,40,0.0035901684617509
91979,47,0.2209762532981531
92052,11,0.0435510887772194
92034,31,0.0462541704579921
92050,5,0.0677196804647786
92345,20,-0.0326086956521738
92095,4,-0.056369785794814
92096,38,-0.0322735042735042
92195,35,-0.0060240963855422
92097,5,0.2468513853904281
92121,40,0.0317928039702233
86812,44,-0.0131578947368421
93126,42,0.0709090909090908
92143,2,-0.0638209697472026
92229,13,0.0100582318687134
92220,26,0.0138632162661738
92239,40,0.0189038111144854
92188,5,-0.0029053378378378
92296,38,0.0283049211965262
92172,44,-0.1538461538461538
13284,35,0.1321609379163335
93149,37,-0.0063492063492063
92221,36,-0.0719112915425516
93004,24,0.0566572237960341
68145,42,-0.1093750000000001
13878,5,0.0673400673400672
93071,44,-0.1401869158878504
92936,45,0.0796017699115045
92293,2,-0.010062148564664
93130,2,0.0425531914893617
89756,8,-0.0344827586206896
92402,36,0.0039349871685201
12400,46,-0.0380065929804149
92303,25,-0.0211889346674514
92326,22,0.0598455598455598
92354,13,0.0835629017447199
92428,4,-0.0498812351543943
92429,42,-0.0717131474103585
92432,23,0.021691013722886
92400,47,-0.2103642893791687
13712,50,-0.0343558282208589
92443,35,-0.0167146974063402
92433,47,0.1331444759206799
92448,47,-0.0702179176755447
92493,13,-0.0908071748878924
92466,42,-0.2409821428571429
13524,23,-0.0446735395189004
92467,23,0.0975609756097561
92469,29,-0.0223658920146775
13561,9,-0.0073529411764705
92917,49,-0.1496913580246914
92528,32,0.0543478260869565
92523,35,0.0563002680965147
91365,13,-0.1449378330373001
92687,47,1.528735632183908
92614,21,0.0846619700902238
92587,37,-0.1196969696969696
92611,22,0.0450399087799315
92648,28,0.0016810758885685
92588,5,-0.1011494252873562
10258,44,-0.1468531468531468
92602,35,-0.0573822178182146
93347,2,-0.0841584158415842
92597,35,0.0180180180180178
92984,36,0.0999545661063152
12413,20,0.0699001426533525
92618,35,-0.0317621792698089
82831,44,-0.420045045045045
92753,5,-0.0240506329113924
93031,20,0.0114516672280229
12577,44,0.1507936507936507
93345,26,-0.075187969924812
92621,47,-0.0779816513761469
93079,28,0.2758620689655171
92780,17,-0.0206535947712418
13343,28,-0.0194396798170383
92852,36,-0.0144241356529397
92685,15,0.0093457943925232
92688,37,-0.1107491856677523
92709,29,-0.030387705204331
92692,21,-0.0358126721763084
92810,9,0.024390243902439
93065,50,0.0248780487804878
92696,45,0.2282608695652175
93339,44,-0.088888888888889
92772,46,0.1099887766554432
79678,26,0.0151914431871025
92775,20,0.0965432194722846
92729,26,0.0573689416419387
13305,50,0.0043290043290042
13604,15,0.0494263018534864
93384,19,-0.0766002098635885
93095,19,0.1612021857923495
92782,40,0.0943719972546328
93089,35,0.0223584565452579
12527,49,-0.048125
13869,49,-0.2019230769230769
92777,44,-0.1372699386503066
92797,45,-0.0023474178403755
92913,39,-0.0039177277179236
13556,49,-0.2443082311733799
92809,27,0.0328445692883896
87078,39,-0.0527055516514406
91161,4,-0.086848635235732
92808,11,-0.0245901639344261
12498,3,0.0080808080808081
93344,8,0.1782945736434107
92854,28,-0.0629441624365482
13253,8,-0.018023817186997
92940,33,-0.036254163464002
85909,44,-0.2604729729729729
75754,45,0.2745720244257401
93274,8,0.1999999999999999
92987,25,0.0006335128286347
93073,5,0.0198300283286119
13863,6,-0.107750472589792
93098,16,0.0140799482116846
93132,14,0.0996093749999997
12451,4,0.1549295774647887
93085,45,-0.27104532839963
92596,31,0.1650485436893203
78003,44,0.0394736842105263
93128,20,-0.1573033707865169
92486,47,-0.0714285714285715
12696,21,0.0090750436300175
93272,32,0.0891089108910891
12310,42,-0.0673185408048138
93371,44,0.0601923076923076
93356,38,-0.1331334861576442
93305,6,0.0388489208633093
12384,49,-0.0939130434782608
88244,5,0.0833333333333332
93401,17,0.0157480314960631
14172,12,-0.0169142827380565
93233,32,-0.1816037735849055
93304,25,0.0274509803921567
93264,29,-0.024730500951173
93372,15,0.0647208121827411
93434,32,0.015873015873016
93266,45,0.2108843537414966
11664,26,0.1419927390076643
93420,19,0.0361842105263157
84581,47,-0.1174603174603174
13299,4,0.0484652665589659
93429,15,0.0504506178574748
12402,37,-0.0708860759493671
93393,6,-0.2263759086188993
93289,26,0.030315789473684
11370,46,0.0470588235294118
93106,47,-0.0381818181818182
12449,7,0.0678426051560379
12559,12,-0.0629496402877697
12307,47,-0.021875
12009,13,0.0079610791685094
12340,40,0.1176470588235294
12089,15,0.0852130325814535
93374,43,0.0890534320592355
93436,5,-0.0280563169728432
12374,26,0.0325018896447468
12356,23,-0.0078843626806833
12078,20,0.0109439124487005
10158,46,-0.0128205128205127
93426,5,0.0061475409836067
12592,12,-0.0432732316227462
12348,44,-0.1208791208791209
10220,9,0.0696179935737235
13818,43,-0.0481021514780479
13903,15,0.0355029585798818
12919,4,0.0694006309148265
86092,6,-0.0266666666666667
13837,28,-0.0536277602523659
12360,2,-0.1942857142857141
12575,44,2.191489361702128
12476,32,-0.1226215644820295
12502,25,0.0695435092724678
12660,44,-0.2262443438914027
12639,13,-0.0554050726422064
12373,17,0.0822521834986855
12515,40,-0.0202417767781838
12583,49,-0.1464713715046605
12366,21,0.0106980476063118
12573,47,-0.5869565217391304
12494,32,0.0145348837209302
12916,16,0.011066398390342
12640,23,0.0057803468208093
12971,28,0.0810810810810809
13410,20,0.04
12798,26,0.094057089377632
12795,2,-0.019578313253012
12623,15,0.0282193958664547
12884,43,-0.0130841121495327
12783,28,0.1956642579210674
13860,32,-0.1162432640492686
12579,47,0.0171391958994073
13014,3,0.0
12873,42,-0.0506493506493507
13111,44,-0.0805500982318271
13655,47,-0.076056338028169
12905,49,0.2133479212253828
13844,34,0.022443890274314
12645,36,0.0952149032022404
12913,13,0.0336787564766838
12872,4,0.0652639087018545
12927,49,0.0288916562889165
13400,7,0.0502471169686984
13141,4,-0.0191304347826087
12792,44,-0.2894736842105262
13302,10,0.0198265179677818
13108,12,-0.0826923076923078
13409,45,-0.2990654205607477
12880,17,-0.129810159055926
12960,48,0.0318181818181817
13323,34,0.006578947368421
13046,5,0.1099607283113173
13080,39,-0.0161290322580643
13169,46,0.0317460317460318
12920,40,0.0051597938144329
13325,37,-0.1925722145804675
13201,46,-0.0041152263374486
13249,46,0.0865504358655044
13210,15,0.0366200386671216
13116,47,0.0254622612913002
12908,32,-0.0372340425531914
13109,19,0.1470588235294117
13316,26,-0.1004144086707046
13326,48,-0.0836135395651198
13743,49,-0.0384271671134941
13520,23,0.0688836104513064
13244,29,-0.022099447513812
13375,42,-0.1289473684210526
13260,38,0.1111111111111111
13124,4,-0.0781129156999226
12981,21,-0.0174029451137884
13329,42,0.1325966850828728
13035,43,0.0622704774069933
13037,21,-0.0016694490818029
10966,20,0.0620155038759688
13263,44,-0.2923076923076924
13019,4,-0.1267175572519083
13579,9,-0.0804146819837489
13085,15,0.0569340721111379
13105,6,-0.3433835845896147
13203,25,-0.0075925925925924
13314,15,-0.0066695047537959
13730,13,0.0492575153929735
13318,12,0.0789838337182449
13159,48,-0.1538461538461537
13280,46,-0.1111111111111111
13168,32,-0.074759437453738
57913,44,-0.094876660341556
12629,12,-0.0881057268722467
90542,44,-0.025
91021,42,0.1050477489768078
13748,13,0.280955829109341
90199,31,0.0380147835269271
90272,26,0.1513916297081849
90276,15,0.1537585421412299
90178,45,0.0370244276108606
90188,25,0.0228993869455462
90164,42,0.1024096385542168
92457,32,-0.0047805302042591
90233,11,-0.2378378378378378
90097,20,-0.1665578053559765
90207,44,2.989637305699482
91609,21,-0.025089605734767
90303,38,0.1012914661939732
90399,15,-0.0113507377979568
92155,8,-0.1650485436893204
27204,47,0.4296470007405579
82678,8,-0.0404624277456647
12615,29,-0.0355781448538755
14060,47,-0.1203703703703703
54594,10,0.029380624669137
14526,3,-0.0109821798590965
11581,17,-0.00390625
15203,42,0.1734028683181225
16126,50,-0.0184804928131417
17137,15,0.0291777188328909
20670,46,-0.0223655913978494
64899,15,0.1032098516200668
23660,15,0.032991336290546
82542,26,0.0659784560143625
30680,40,0.0236468733578558
56274,17,0.0124481327800827
31668,36,0.2994843646041252
47511,35,0.025445292620865
60628,18,0.0010195939356325
37875,14,-0.0204960385807786
17144,17,0.0030911901081918
41452,25,-0.0412796697626418
84226,40,0.0791666666666666
64020,32,-0.0905660377358489
52090,25,-0.0303000779423227
53613,37,0.1266209000762777
54114,31,-0.0640668523676879
57665,23,0.0605593056894888
35107,28,0.0205405405405405
61621,41,0.0638759172781855
51692,42,-0.0071599045346062
64742,11,0.0133333333333331
65307,3,0.0387611998441759
66852,23,0.1088777219430485
46922,44,-0.1581632653061224
77354,50,-0.006989247311828
69199,38,0.1508052708638358
38850,37,0.033085194375517
44951,20,-0.2510344827586207
74500,31,0.1482758620689657
74740,40,0.0398941368078176
65306,25,0.0396039603960396
81294,25,-0.0093833780160859
19502,40,-0.1418026418026418
81614,49,-0.0151515151515151
51086,48,0.0983240223463686
83601,14,-0.0108695652173913
21785,50,-0.1059701492537313
10044,50,-0.0338409475465313
10104,29,0.0527404343329884
75510,15,0.1741521098104377
70092,5,0.1372305140961855
75033,12,-0.216374269005848
12211,16,-0.0036996735582155
80297,45,0.0481927710843375
75976,33,0.0353730957913762
77488,6,-0.0030120481927711
76568,40,-0.0019646365422396
76605,50,-0.0094268120083147
76752,43,0.1089861147498034
77637,50,-0.0443349753694581
77669,19,-0.229426433915212
79094,11,-0.0094570928196147
87055,31,-0.0195385610529282
79866,11,0.0461811722912965
80719,12,0.0841121495327104
81655,25,0.0443005839045442
82777,17,0.0969961624983459
83148,40,0.0231660231660231
83597,24,0.0541891066570427
20598,28,0.0948905109489051
89508,10,-0.00936551906081
85040,26,0.0516129032258065
85982,35,0.0206327372764787
85272,5,-0.1173594132029339
85394,50,-0.0610644257703081
85796,50,-0.0551948051948051
87184,15,0.0899332491430633
87214,11,0.0091324200913243
88668,40,0.0106826907027206
88841,17,0.1330935251798561
89216,3,-0.0238206445586175
89900,27,0.0661607778041259
93399,23,-0.4149065420560748
12488,45,0.0316908212560387
90179,40,-0.0070216500877706
