Momentum Index,0,1,2,3,4,5,6,7,8,9,10,11,12,13,14,15,16,17,18,19
ANEA-L,0.1492537313432835,-2.639213275394835,-1.1499188715303463,0.7134793564367297,0.22617555668199207,0.8100306092882548,0.8004383129120336,-0.1725166173214692,0.5898579024656742,-0.3643256112779488,-0.10378066323776283,0.25579879363737007,-0.7337589702288928,-0.48597917845993027,-0.15063687540406578,-0.20487146389649832,-0.010873899426820722,-0.20278457832185662,-0.32124947623421124,0.19083410573229706
CPI-L,0.0341151385927507,5.643507289750935,3.842746141445188,1.3315444365779547,0.8217437766168822,0.2333450028092799,0.00799169604413797,1.1748948533083836,0.9458758259793031,0.25099179293770085,-0.08057006579031528,-1.0913762423655042,0.1682031534491783,-0.32962658369109304,0.13406824404088916,-0.24564065041123972,-0.03740224414504873,-0.025825240668387848,-0.042005872596450944,-0.6217470517546834
LLOY-L,0.0339335180055402,-0.39507182319915496,-2.4213470495097873,0.266499867133559,0.34475892065405433,-0.35419982265650246,0.18112879093889228,0.13315884515322635,0.1416787228036878,0.06127374255829916,0.04543149545396223,0.11892822886455359,-0.18260695667769364,-0.028122184016642474,-0.18079603419407686,0.14971469078353872,0.09710637651544198,-0.1769396931221775,-0.12008338883651494,0.0275091216686416
HSX-L,0.0298013245033115,0.022231148870316023,-2.562042085596967,-1.3590713801437468,-0.4872697923489049,-1.8513345780268202,-0.5018291508670896,-0.3514280789189873,-0.29267994518758833,1.098259905793381,0.9116945981831936,-0.23825693371100262,0.2270459538301379,-0.6153031167084188,0.10612954676834897,-0.4798828358180415,0.5185662117729611,-0.06537959473534502,-0.546055349223718,0.38449784408261484
OXB-L,0.2075471698113207,-0.7553473032570064,6.786877440230574,-1.3876549598919505,-0.13772575557025954,-0.13876334531811865,0.2232076793328135,-0.8287155412605993,0.16713092965359405,-1.9317636832437368,0.4487372899492149,-0.7728988245940991,-0.3186607736100421,0.4350542342601234,0.464060617496791,0.36069949269661716,0.13005738779224488,0.32871168389319416,0.012016018623671168,-0.3309431901179533
COA-L,0.0306748466257664,-3.21926677410287,-4.713465712877864,3.849294109269726,0.9512136706556568,3.3782275976793725,0.9655600476986014,0.20039509494842414,-1.1711155383003733,0.11896439067304915,-0.26395253630935245,-1.13176526389484,0.7410120962268668,-0.3051965384742339,-0.09586563861695781,0.16609048646104996,0.5999133286869384,0.6617027597495532,-0.051611522568028416,0.3547991588284724
HVT-L,0.0,-1.8120264964670272,-1.4313770244843962,0.472577251301026,0.6273305238868184,0.6589386046756145,-0.06795078362207951,0.3177402853689339,0.36688344091431174,0.2493304864863403,-0.49946083838383576,-0.06331969182874393,-0.18923819750417714,-0.004756729204297494,0.012375853435891,0.14606506984879347,-0.028034822171518724,-0.007566978862906202,-0.07894264723855554,-0.13541214231241022
JMG-L,0.0159090909090908,-1.1179429960113036,0.764988263193436,1.1585518716713483,-0.9448312811565529,0.3824045774346821,0.1371052400219783,-0.33860006255089176,-0.18412910782446976,-0.595765126341394,0.43669501178551173,-0.3779236201678193,0.2102983861729371,-0.32062980850970807,-0.178641376302833,-0.22579981002516353,-0.034555455053560814,-0.05127847783821574,0.3095498226558801,0.3010225431733522
MUL-L,0.0520833333333332,1.726305296299799,-3.360548487635067,0.10248478975235147,0.37944606642641016,0.4347045365213822,0.31807191746402674,0.739808095989431,0.057584285223058786,0.4178111291390683,-0.1603787511150563,1.3564247224190757,0.17978848858985247,0.07939622991385092,1.1154125267335946,0.992000487557172,0.209832999343626,-0.7073406209234667,0.8944096953949737,0.1272741870102892
SMDS-L,-0.0305810397553515,0.691633250768801,-1.9189345781813705,1.139975276878461,-0.48279381272744987,0.5518681764591169,-0.04381215238122082,-0.29470744022099726,-0.39367474453844903,-0.31409138894907873,-0.09304721528079755,0.6106266224599484,0.23978726463191485,-0.702523243894364,0.0394924546244214,0.24247874515037401,0.0300014900822066,0.16273259440518298,-0.37799013115750735,0.3608901088308109
JD-L,0.1215469613259667,10.323033826768668,1.3381150365729086,-2.6614389320358764,0.34795723142487683,-2.6153901343114714,-0.12809218700584896,-0.8632998393703808,-2.303932592276054,-2.4571877052581437,0.9802706025126441,0.41110745924331277,-1.317304947817787,-0.0345273827660311,1.2131533905694587,-0.019978381448317453,0.6079677880806698,0.8416682588537467,-0.5617248997868042,-0.7095246012239372
BWS_p-L,0.0,0.17199728623630897,-2.6818265615394687,-0.15758437936077174,0.271332285070496,-0.13674591221505789,-0.11461501056820017,0.07628850681626712,0.46659746244341693,0.39289696285071385,-0.5059659807343078,0.04429883086658401,-0.3250393446349179,0.08402506445058747,0.19403114566487425,0.07670030838503959,-0.01874785616911756,0.0017343594715967655,-0.009264531016153342,-0.1037264500647287
NWB_pa-L,-0.0035335689045936,0.22206664667931966,-2.8114573834963976,0.5954273512017572,0.2714612340273239,-0.19052178849182322,0.1309152011407544,0.14528462255944743,0.6074426036295371,0.19157067618378923,-0.4855530155436601,0.13337049903096168,-0.30687733384055393,-0.12728017424115984,0.2616077880891893,-0.16387940106899102,0.17845386165760704,-0.03927465514731569,-0.05822284330111678,0.04897110938301671
ANTO-L,0.0253411306042885,5.475971572729605,0.16826075437680213,0.8890753890895301,-0.4985634120963548,-0.2282935214869764,0.24099691584270005,-1.3934445876672912,-1.0204705147659507,-1.3026334521431937,-0.3380188711656296,0.6729631014888017,0.41324959582244386,-0.15265919032869169,0.007844629846677022,0.010411668589584257,-0.23589284516710707,0.000617550844579761,0.5303455347800964,-0.25088506982822406
GRG-L,0.0251046025104606,2.5596138225223606,-2.542838276769841,-1.4192342937376274,0.781638766376461,-0.8097717600702029,-0.25664821025577433,1.1967327322874566,0.21311661344126126,0.5650651068052926,0.06848484973766747,-0.2337997522834435,0.11821493231694921,-0.011166977704051355,-0.39991352569732685,0.11560752872741027,0.28336587818324366,0.2788583080729267,-0.16894823510986334,-0.2436173160531319
DLAR-L,-0.0493319630010278,5.767716759340847,-1.176646471562615,-0.6354826924032994,0.598873800001844,-0.6770358201316893,-0.31305816364941425,0.430967763183298,-1.5416537574441496,-1.5787936784846153,0.22208797599667518,0.7521634950713615,0.16268310553234608,0.17659957217602554,-0.3674869914164248,0.19580913114173004,0.4619067589341864,0.25055474905555186,-0.2940664388631893,0.706578489508978
GLEG-L,0.0988764044943819,4.619031532215864,-4.801111340700679,-0.6630192190698447,-0.06657760303787066,-1.3114879620608564,0.30085143057275243,-0.49427964786933937,0.15198325478374333,0.5848306863204807,0.3138365570482306,0.3639521686830832,-0.16198001134658757,-0.0003661562977892841,0.3759813469118522,0.07713129833022127,-0.2735761571272332,-0.340341869551144,-0.40151655272256265,0.09043052257684148
EDIN-L,0.0097087378640776,-2.2033410543187686,0.2597116289142371,-0.12047877900076673,0.014907104454411757,0.049836056425191295,-0.17425753724941817,0.18927635474603058,0.2286103940992176,-0.018781752562151147,-0.03529249242438279,0.011476296648777149,-0.029320996283915605,-0.024071457397613995,-0.011753175490884941,0.04386960758787749,0.013126098829914027,-0.08405856068867633,-0.0023570779112386383,-0.004650971785757685
HBR-L,0.0298507462686565,-0.9185871229966468,-2.4468542067833177,-3.001176098662673,0.4134633380370486,-0.9856103427768126,-0.5138669626466336,-0.2595488691357201,-1.2584272298214796,0.8807557147881475,-0.3950726675077822,0.33126522429735206,-0.030876833545145244,-0.2487754261417897,-0.07902402158835356,-0.6301731997947634,-0.3617859137746917,-0.0015124983965966515,0.24767088002750814,0.08846487556446005
ALUG-L,0.0307017543859648,-1.0067595519109933,-1.372357779511141,-0.25995395564116586,-0.25329603609883294,0.630439296040115,-0.13208194102736728,-0.08729991456559781,-0.16123272532671057,0.015955461839334415,-0.09859904168782527,0.045741566016855764,-0.5503035058017565,-0.19505075089128474,-0.09145610292401544,0.0340246404271774,-0.4163502566594075,0.13992942747127943,0.4032939862937475,-0.4005915618921702
CNN-L,0.0,10.005106700908312,-4.625247706567201,-0.40661005507434367,0.6089597429116076,0.02756011224601138,-0.20800779286727467,0.5946200033097131,-0.3261020474201956,-0.11676099330648894,-0.1455582604926601,-0.0984003020880114,-1.384303973849319,-0.41875209556892706,0.5155338391805468,0.08208232788559555,-0.0351027847946348,-0.4692241015249601,0.16079573743709424,-0.008186121214720659
SNXS-L,0.1212121212121211,2.7817509791332284,0.8688498918871519,1.156778415300543,0.9853892168731753,0.009408103145642993,0.5679269123827054,-0.19178118758587281,0.6474538448607595,-0.46215853738465806,-0.30611574717853346,0.8959015210417006,0.20456000454086581,0.39177849718797236,-0.19858061866373572,0.6782910355022765,-0.4643259326508696,0.27987381428554475,0.007922555292637802,-0.4166822759415588
BAG-L,0.0121816168327795,0.44811985616567535,-2.2808104575110573,-0.6939472966430313,0.6498862077043703,-0.5987002946649013,-0.026078153441115078,-0.0019304105203269595,-0.3987701576544709,0.4919901887777509,-0.453604500006708,-0.5373350284415764,0.05890083385466018,0.08063502141558769,0.0977983275483717,0.07260765420512753,-0.03216152192383179,-0.17496018463737395,-0.19372730113922035,0.08713582675877908
CDFF-L,0.0020833333333334,2.5743358605147137,0.5923092265723502,-0.6236144611972537,0.21289276537744606,0.1790231797040751,-0.34999799125081765,0.5796128525565702,0.4554711897344089,-0.42121709235277655,-0.3374619413754233,0.09388635757477376,-0.277713675519488,0.06295688881741207,0.061068961583440814,-0.02965297596140331,0.08945807898481034,0.2798324413191396,-0.03778011728436815,-0.07680147331836291
PZC-L,0.2868217054263566,7.566569051041874,-5.213814085307114,0.8949688205165056,-0.4350008168261314,0.7490317912505238,2.0129471248973747,-0.1602637910210469,0.8226402365542312,0.46190193725093553,-0.2013084299564973,-0.44123662862149193,0.5148931974787573,0.064305797762344,0.44022798878124153,0.04789475183141485,-0.16796178280735985,-0.12677837436434286,-0.24183518346342497,-0.0018999828010935642
PHARP-L,0.2482269503546097,6.7635174945913334,-1.8127366746850486,-2.01273094046377,-3.667354065939999,2.705077442885964,1.1109349933358204,-0.19991790385230893,-0.661008472482033,0.3014057670338369,-0.2815094352331072,2.327700650963866,1.4003700250383775,-1.0098561742915362,-0.8823432110553092,-0.4644603403635962,-0.9718532957318015,0.40459018220137455,0.7271723896215988,0.0928892144082536
GPEG-L,0.0229166666666671,-0.7011968868998597,-0.5781183152291646,-1.4945284458047359,0.2320845143629425,-0.08610910234961398,-0.44268209609961456,0.35181575713270696,0.1010268223897095,0.018980070326904838,-0.10505867590124439,0.13383633944088932,-0.15949373205241768,0.18134987445486336,-0.3866607372715674,0.09003145195737768,-0.10198498188882513,0.1517392307011045,-0.22335202378120614,-0.047654970198780455
IPU-L,0.0346062052505966,-0.18595450512135142,0.6515928776407596,-0.029876390394098576,-0.32485043966591703,-0.12558217960504373,-0.11076080167900144,-0.19791074925414803,0.014039167784900568,-0.028647988537903426,0.23025438243564514,-0.1147072767160513,0.1440618582872327,0.047084068055428266,0.17119095140312005,-0.18650740500771712,-0.038062888545682697,-0.00031368620550829824,0.030206614147298142,0.027297040946966656
PSON-L,-0.0163240628778718,-4.6868759682886845,2.8970613334428528,-0.41773391234631585,0.05318633289415731,-0.1897535461441276,-0.4344899668926057,0.3538655007471477,0.10117697576029537,0.22919314420745845,0.04158586359486583,-0.4883955253601858,-0.0722191923326396,-0.19555641377529454,0.06488633363255175,-0.2863388422175427,0.02690638170886288,-0.2496721989129293,-0.11069652313209889,-0.1062909088369831
HRN-L,0.0759493670886077,4.72025550096234,-6.466222681837038,1.9319527920195072,1.1636135777748187,1.1149690424090481,0.7873477395678841,1.0550577661629834,-0.2183044148036391,0.3773492939381672,0.10263050840117016,-0.41674655207190714,0.18020173391997488,0.11940001838676219,-0.20593333097580496,-0.20591356450460765,1.425795724145636,0.4670475658850254,0.6060824589474639,-0.6829128983207339
IBT-L,0.3236514522821576,2.945998292863093,7.83330475271277,-3.8472711270741633,-0.9093026186869982,2.2018067070379503,0.6556823966194992,0.235031863764089,-0.7672312481922663,-1.9942112965314247,-0.0009944053201352897,-0.8287657978630056,-0.3113957675662193,0.48874437110207936,-0.0399818638262768,-0.05481912487794505,-0.10374834503057918,-0.38941769832567613,0.4678973492955249,0.10913195723267155
OVB-L,0.875,-9.625082189870698,4.109415259970978,-6.040382267649595,4.008667724590714,1.2404687560280352,2.616459467424999,-0.0011577513256113788,-0.27664020763658126,0.3777770989266547,0.32833948745932456,0.1666284051346769,-0.3925819191902993,0.046470026731865725,-0.21960213390882175,0.16156033367413247,-0.05625515350006709,0.16775856608019374,0.15534502579510695,-0.010830535733425871
ATRAS-L,0.0196850393700787,-1.9927663455459819,1.6929039660985268,1.2861455356963705,-0.5769749303904073,0.1376917749788752,0.05622705974141272,-0.559420362251319,-0.16575555614316437,-0.25267033256043114,0.3916489909239873,-0.5411740917793882,0.12973228325078068,-0.05957674204841399,-0.1802915807583781,-0.004516616438239489,-0.006830936573680499,0.13455768240784036,0.19215318633605435,0.37086149280547326
CRDA-L,-0.0692464358452138,-1.2329554992502798,-1.6027213437854353,0.11424740638694314,-0.41114480994020985,-0.24225940310347188,-0.416519207114272,-0.4453412607621154,-0.395438481486197,0.059708580095378466,-0.22815290265547136,-0.1027008605784457,0.11216993897615099,0.05524050575888182,-0.129907802554366,-0.16266916813180304,0.12644344967138674,0.08883073970360651,-0.20463290122696423,0.10987397021081127
BOOT-L,1.3679245283018866,-6.32517322886529,2.6462091336080564,-6.685809869506736,4.191705316697697,1.4121069412174472,4.752334776464802,-1.2774720081102553,0.07174494376622241,0.5142199556134399,1.2548957665503664,0.012191166077328366,-0.03653924315871462,-0.4313954576008623,-0.18303891227645067,0.27371192239187553,0.033976391621687134,0.28152207406974716,0.08679324484466237,-0.2554518310966507
CFYN-L,-0.0133333333333333,1.880040833397728,-2.9052162653434626,0.6470217676432365,0.3345412244615449,0.061558784798949426,0.04343044876429869,0.1783840328559331,-0.16844647937259882,0.08279206362200621,-0.17456196189961687,0.31418441121443635,0.334721936540351,0.035313393335955345,0.47531399696169585,0.15162848580915236,0.18439517961396723,-0.2111114044178379,-0.3498889312702818,0.08295437975464848
BAB-L,0.1453488372093023,-1.1178148672884294,0.6011137360807465,0.3974047821363124,-0.2950488110748819,-0.7511855505732427,0.32091885470041687,-0.395454065348273,0.03994471022799139,0.06936636527082836,1.3728590844535171,0.14261132693799958,0.1862900161533595,-0.24496968801746696,-0.17190104319689195,0.13445964579072658,0.06208217625135929,-0.294574582684448,-0.16289583252567633,-0.13430998758096585
UBGU-L,0.0331534309946028,-2.8428178721355697,2.073393646678246,-0.5015366086416456,0.5102742094565881,-0.056985628036984454,-0.2825726939576955,-0.08897279411104163,0.013863624737871245,-0.18174029051371562,-0.16202911603099465,-0.31740094032825317,-0.0711037742326412,0.050756139477031045,-0.014267791368078542,0.1964211179173321,-0.009683575546298487,0.10512956587332153,-0.05072093597123826,-0.07487931213380732
FGP-L,0.0641509433962264,-0.5665473393448163,-2.53517454745463,-2.449816341894264,1.4690478631591055,-0.9535695827234277,-0.8780259364943823,0.4054329781610377,0.09166135430385623,0.9162097320604007,0.3372444985815799,0.4010721212169745,0.5542833055411421,0.05327174545857347,0.10031022312291195,0.5157785538068326,0.4640381646654211,0.4182432854456906,-0.27247501931768936,0.3504653443438821
HRI-L,0.011400651465798,-0.22750085483296004,3.8004323724972653,2.219303398904878,-1.1185866892384078,0.13328196754485197,0.045233845774405916,-0.49378531727941916,0.9369410722192568,-0.47761714625004476,0.4804759753128954,-0.3192315240622332,0.3321411687454757,-0.10727486922057873,0.17455596302279358,-0.34047500090573996,-6.169135949342231e-05,-0.01383695078107487,0.07032652273746334,-0.05750206232928697
GNC-L,0.0738461538461536,-1.958602618626956,-2.1430446530173355,0.1435443969063089,-0.1354576650139835,0.5060078307832442,0.19152746979520174,-0.030984151505353854,0.5800445315579322,0.12020849097279288,-0.07132676842134339,-0.2826745677528158,-0.3685513788044513,-0.4965344963043591,-0.11116980312232813,-0.24169819539016565,0.25543576697213183,0.07364791893578791,0.2011377336457888,0.09877648917853048
HSBA-L,-0.0402366863905325,1.54842348507788,0.39798018970386617,0.8068380598256545,-0.12798073044873595,-0.5741832875210011,-0.29052822606699974,0.25304739242205115,0.25996253816539083,-0.9612733799589839,0.49956701227674716,0.504956832474909,-0.04867172679222659,-0.13167531615907505,-0.034337798319665366,0.18728965363674988,0.03927555265821594,-0.39578688463509404,0.20910969563865753,0.2741693955072065
PCT-L,0.0306748466257669,-1.0750649165128616,4.280805229445187,1.9265229172349403,-0.0567052273530458,0.2142071617020485,0.3873598308663761,0.27968790119459735,0.2392155867382682,-0.6846484864205847,0.27139221041480066,-0.30079366200425384,0.08571509075689455,-0.2268522908722882,-0.13815764431308827,-0.016665110356912344,0.02493914067688158,-0.35721691574313413,-0.06365543101154153,0.04154007039733785
TPT-L,0.0784313725490197,1.2213586504622451,2.199859506032255,0.9877641696483076,-0.4809116003338654,-0.870321208485545,0.8439220961356356,-0.9190185149634162,-0.8728368955975475,-1.8931546605417076,0.31217114380448574,-0.5727116694155138,-0.056684840228350825,0.2014912083114135,-0.011137067125131753,0.5219895355732994,0.12334182315650676,-0.2789350531902631,0.10911072608016145,0.256726498930865
AV-L,0.0125673249551165,-1.8821737281291369,-0.3011495219613522,-0.8762831112602167,0.32357783040725396,0.33039342922708687,-0.5812524530525802,0.3627027112327114,0.0973388447469959,0.22367301585170576,0.07535126757656546,-0.00528826340382433,-0.057015612744838004,-0.16758464434395853,-0.21181948659382813,0.014353455288539162,0.321810123453566,0.08216609361845366,-0.005593461562318427,0.06040484810484035
CRU-L,-0.1481481481481481,-2.6616420950038715,0.16015191234848117,1.1894234841800617,0.01979985907740314,-0.24934178146528882,-0.960639868605793,0.12993229042121882,-0.02146936213883057,0.22133787497287635,0.4334545582401187,0.3934482601437785,0.017594153526849114,0.5284390343409607,0.5102262936501991,-0.1890926005077827,-0.19786339919325704,-0.2752616540309908,0.03768447130211785,0.03413200447404065
KLR-L,-0.0297202797202796,3.8119358036828923,-5.012677188536918,3.9308419450242265,0.2638555800269596,-0.346742323875693,1.4591928531248552,-0.5959708366877233,0.057909884043264144,-0.4750902032844489,-1.1666311603584116,-0.5980214759770697,1.0751847288518988,0.1961902910995796,0.1242069414815778,0.3084439314066008,-0.0853737755734113,-0.06203177684348534,0.02448410654970712,-0.199779092265
ECORE-L,0.2098765432098763,1.104757498520747,-1.2247854550819923,-0.6742981066652369,1.1591691110278148,-1.013502578580831,1.1218542991310072,-1.2375262562313936,-0.4956369254412967,0.18972625916120966,-0.7592631591342175,0.056299217300793965,-0.47699493655770925,0.714434757713133,0.5553491149648174,-0.07217773886090802,-0.08177782722145403,-0.06630385950793165,0.025726408323480332,-0.005292680383210466
SHEL-L,-0.000115336181431,-1.1658108955545516,0.3882908372822106,-0.8389746671068922,0.448295810703873,-0.12789880950893706,-0.35938745247730536,0.4353479861643343,-0.28677123935081283,-0.02512028496256855,-0.10498572789336462,0.05760205650206554,0.06993088795423823,-0.08160653180127724,-0.35433918281580706,0.07783917431350501,-0.08830538700623886,0.016665025785020837,-0.09865018370063483,-0.024274441685966406
BTW_pa-L,0.0053380782918148,0.45381523517131495,-2.81691169701878,0.7338684999893923,0.4097375148285312,-0.1417831629931005,0.19287280362430517,-0.06248763878333047,0.5057993151307238,0.4298902181915408,-0.6242764105760384,-0.20593281692894627,-0.25224720289979335,0.038755173164182845,0.22125768875369942,0.022350628602743235,0.02376073987811891,0.11303762245763381,-0.0401382142679081,0.029788106031393643
BZT-L,-0.7115384615384616,-9.031704793275752,2.2689610069374035,0.33789688277860197,-0.6809084429421012,-0.10517119070297253,-3.3852411065141808,1.3899369211011645,-1.2675316431296926,-0.17964291863705117,-1.330306557328487,-0.20470249335045232,0.06084584354136676,0.5936987231037741,0.1777901132491047,-0.05249662237961523,-0.46173259051028553,-0.03343597969171854,-0.22899544688591153,0.20743355816905437
AZN-L,-0.0047846889952153,1.4015102361358354,-0.7056629749007567,-0.7722549325036522,0.36397603704163445,-0.11465825562197872,-0.4682646022716584,0.7785492038629103,0.3511346617799202,-0.034321985717742746,0.05755972695455304,0.15497502778442515,-0.23621808315876616,0.02496182193508886,-0.3420489443031221,0.5345870300261768,0.21785814127820624,-0.3088061929938634,-0.1826311523638467,-0.26410233532552
TOME-L,-0.2657342657342657,-9.907737386809545,4.471048251636526,3.121500734779315,-7.0922160860861645,-5.817636126379847,4.654284251786125,5.570878106734558,-1.7630584145787513,1.4024842377870526,-0.20829091082772982,-0.3024197698859285,-0.6864898194676584,-0.028424696416680363,0.18178852168127696,0.7080023188921669,-0.534254414638517,0.4166360921222462,0.0956702339025495,0.1792928337780593
TV1-L,0.0593220338983053,-5.398334582710703,2.904636928347299,-2.403282945513058,0.8550640845252774,0.705095554196829,-0.7979184943431987,0.2048961480665192,-0.1993845754111085,0.2688323021843762,-0.32285793604625895,-0.20988380146836333,-0.48047667930844123,-0.01243859599596681,0.14990820458632437,-0.020444492150486254,0.07104129423819568,0.0010039736698505607,0.2886194264896556,0.03407710078037671
HID-L,0.0,-8.048086972870479,2.2911071795362057,-0.5896037209317693,-1.4409033174001569,-1.657291133487679,0.6373297381709462,-0.5839612221015595,1.787499294263703,-0.16831901644838995,-1.0733705329450438,1.1899382495100603,1.531012515577061,3.085882230259416,-0.043394316126080634,-1.1027747281530136,0.36631991171856126,0.12295798936031503,-0.14715602513823872,-0.03885801064697031
KIE-L,0.1271794871794871,8.542065298680857,-2.8355577590189105,-0.41760438458104865,1.3125782079102803,-1.394492032473959,0.7359511177974515,-0.5328733645001196,-0.6664166430519666,0.707956352696147,-0.6886941031189744,-0.5540494937647551,0.6608011972711836,0.010664741699258129,0.7900834255466912,0.06531292662928873,-0.18371660900225448,-0.35108068781139445,0.03556889166973422,-0.15502048944961214
SBRY-L,0.0034722222222223,-1.0141976536480657,-1.8165287316747238,-1.2792076885896535,0.2522143874405305,-0.47806780860793585,-0.22510706163390334,0.6884720650118304,-0.0071950347275609155,0.6766911928857791,-0.10872035101847913,0.44003247802125434,0.07521037093509686,0.2672295343784348,0.08409172343823912,0.1292766098444323,-0.21847543539290976,-0.24093588826191914,0.04985982221170746,-0.2357606366212583
KBT-L,0.1020408163265305,-3.6152912278102,0.9362178143058042,-1.941155632032415,0.1342663338295339,0.3378143233136303,0.03349826160405992,-0.47747739833786335,-1.2295225953171864,0.6640096804256285,-0.24384219371670166,-1.0561446873035745,-0.1992117011571989,0.238771727243323,0.08826819202498278,-0.19184357938212873,-0.20230284043664457,-0.24171927969042328,-0.12802975211669365,0.13037915539091596
BRLA-L,0.0950819672131146,-1.533783109096188,0.8172210108825586,-0.15332226109268343,-0.4922832294531456,0.36013359396192657,0.2780721816300742,-0.4383199224137778,-0.2949911730152818,-0.5431864047959492,0.2647006587689557,-0.3983203300666839,0.25039633390696653,-0.046571347661437244,0.026356823259605967,-0.24808467340389223,-0.23286496310823165,-0.08187934156136507,0.5866281854652495,0.37000410152532365
RCH-L,-0.0512820512820512,-2.008561975083356,-0.6529765437636202,1.3636871537759203,-0.31738160939070775,0.10085189005384446,0.12582512718484798,-0.20383962345205545,0.4282524994774854,-0.28175665264042876,-0.6595259617801978,-0.20646771569640757,0.09836654127022162,-0.17820771771562635,0.20368792297891264,-0.06611369541379797,0.08116829111489926,0.06781422522811037,-0.15638122542357508,0.1257047730124391
DSCV-L,0.1613526570048311,1.2523789608870879,0.8146432842600397,1.816157776112665,-1.274649949969153,-0.9585599480101625,1.2242220270631219,-0.08755787329999508,1.044410149191503,-0.501785533159616,1.2741615046731851,1.0427632541214416,0.22843159474360558,0.46926752946060174,0.33016829103859646,0.024572451536979244,0.010084661944251071,-0.5557543117505472,0.2754342639876732,-0.19990423188586723
NETC-L,-0.2282608695652174,-7.451558144652326,2.7470983532479196,3.4769320948159255,-3.8370450077807234,-1.3343086077367277,0.35019823910441394,0.5084252753013718,-0.06124603350538263,0.3952409978539314,0.8646841288461038,-0.21037892822793688,0.19300888047299045,-0.2667814083903284,0.20601379148993187,-0.8187852702715837,0.5321797353481911,-0.174807113153088,-0.03455566493550596,-0.18912701436461782
CNSP-L,0.0576923076923077,-5.396051863402339,0.005439615014042185,2.0386671655193553,0.04571066028958938,2.27763236897032,0.013189995989279332,0.2652809797404743,-1.2095004468637798,0.0825548109115567,1.8734418415303387,-1.041946944816815,0.4937130163891369,-0.47093406984860636,0.0772156339983892,-0.2356734210890052,-0.7935075792870935,-0.6990436004358834,-0.8922201212101966,-0.6006532519285622
HILS-L,0.0,1.2603970813531349,-1.2264534630263546,0.736149904488243,-0.3861977930533061,-0.662857629281376,-0.6572852891987565,-1.399944459447131,-0.16233881867344904,0.2537293546909869,0.7402085319723511,0.160587503237986,-0.011842916029917567,0.25225028993264464,0.46451490211567587,0.47009210404787105,-0.2566353519315236,0.3846681112155705,0.2304178970864471,-0.3216358386313382
HDT-L,0.1240310077519379,-5.006319426225878,1.5707075362510126,-0.25472684389767597,-1.9796634776007866,-1.061272024187651,-0.3685404315736685,-2.0703937902556437,1.0603183706572135,0.8300731257949377,1.1665425337510489,-0.007200093503429707,0.2928067213997119,0.4988379030259638,0.31755540455383835,0.6198877194162329,-0.3740860263888778,0.3471953310816702,0.1375812004764399,-0.1548477055458737
C1Y-L,-0.5023041474654377,-1.8672590079924483,-1.3639986551875414,3.744855438451655,-3.234422078594604,-0.22443573110617557,-3.221685065899588,-1.3462934886504636,-0.4061299222346058,0.7002948921702732,1.897433175075686,-0.4531744263591528,0.12074637572307322,0.03758381047976934,0.012704212372182855,0.3392494662866471,0.612502254461514,0.5305947738018405,0.47853884658486134,-0.12282177091916605
GBGP-L,0.4615384615384614,-9.86344256832368,4.325953374682446,-4.007145711101465,1.6278948061129137,0.5510021293815472,0.5933541542544646,-0.7746394986777064,-0.45538881030603245,0.5235151486010645,0.7518392599494657,-0.30947488997946054,0.014096815618184962,-0.15898400120720382,0.05989757073249251,-0.25737668146327325,0.021109345541682156,-0.08059306352144738,0.059936152703868255,-0.08434653103576407
ATST-L,-0.0358632193494578,-0.6382890642855497,-0.6086655115822834,0.2893450161986497,0.08140803526621408,-0.15009886303331046,-0.30230759569447513,0.2815274956787342,0.27241991216895245,0.037163754118989714,-0.04014269733186967,-0.044077880898047386,0.050145550509620954,0.028767623946541296,-0.019221277897754227,0.016405116068228736,0.03552789088741191,-0.11952689192533318,-0.034892321567479824,0.013243124927400445
JET2-L,-0.0103626943005181,2.5409033128695087,0.19570573730006732,-1.9579247121342402,0.5867254338847576,-0.3349194182519697,-1.1428632346182672,0.889082581872114,0.3105638627774803,0.30084428066156516,0.3757719350558103,0.06502580467885746,-0.171099475334532,0.12657821410313475,0.1475832071299636,0.0532922106746932,0.11835234202375847,0.18127110060224683,0.10294796869515427,0.08356858350122645
HWDN-L,-0.0176056338028168,16.79968872413469,-4.309650765075622,-2.582970348833565,-4.274134213554101,0.42831233485715814,0.06442758884835398,-0.9405955346074472,-0.92330656432018,-0.6056293400281677,-0.7507799412541565,-2.2701102970900107,-0.9731658185269796,0.7712521011078427,-0.59135123243022,-1.1184171014100546,-0.8409654137119337,0.34442813884121,-0.09453124769736503,-0.3988296915562493
ADIG-L,-0.0037105751391465,-1.0076054507750833,-0.10808843138752801,-0.1070176742781017,0.11130481086973333,-0.07743578206476211,-0.18066038516967428,0.45306696676446934,0.10298100837086084,0.0630822030170474,0.04003820857151076,-0.09958512824635125,0.015310938909401032,-0.10870387905839014,-0.04274446842586875,-0.04548054861358099,0.08334558424891367,-0.20202528723715343,-0.09825713956730787,0.06684024670487952
BATS-L,0.0283185840707964,2.5792823896901957,-3.2434464571481314,-1.240464087790715,0.9757434688091065,-1.1175546572676918,-0.5167566089809669,1.0213970381817217,1.0641026006186818,0.0224426955699865,0.3872807280314933,0.7260521432989289,-0.1873150745119069,0.01328430504159515,-0.9677811137845846,0.393221118080205,0.18816163836995625,-0.038833325836928716,-0.21388087209281936,-0.3143693005650114
CTID-L,-0.0204081632653061,-9.654818696938648,2.947826702764613,-2.4827194008958937,0.9256293634626682,0.25615470188779726,-1.0815491476038464,0.017875344936277522,-0.21110059976637097,0.0822951151783734,-0.7637198869490345,0.044989184689254516,-0.3121012964932605,-0.02732233847346112,-0.1615557565300704,0.08212773289624485,0.0585248340050652,0.014764738342499065,0.06180035037630897,0.025635176652754367
BGFD-L,-0.1054852320675105,-2.7079782763034927,3.1519067166765935,0.6729177721648707,0.7876997796119257,0.044772677310151276,-0.508324081310622,0.07277222179849578,-0.5930685853344082,-0.5023891463050777,-0.6940430334140963,-0.10572049172458406,0.18135558760188078,0.20234902953860429,-0.18928430865205528,0.37619637339138556,-0.12445710930395834,-0.2042552760097208,-0.22677086515502362,0.04015890961215558
HWC-L,0.1818181818181818,-4.945995472213066,1.4750098983307698,-1.1865126806746584,0.3837777985353465,-0.8016117885639523,0.5096181981140264,-0.6245890315447278,0.550505645719772,0.29402644728350397,-0.09190227516413252,-0.005430670180553082,-0.44116220355925306,0.7048150830198027,0.07978468152731735,-0.5109949361689504,-0.05446802487263133,0.1371161578606527,0.38781799559183483,0.13586013483696543
INCH-L,0.125226860254084,7.919692555072217,-6.609242432738033,-0.2762202412231691,0.3976156916990036,-1.1100295925820163,0.7422095176223945,-0.32550638449071706,-0.6158462722147523,0.060198549084431084,0.27930733024670346,-1.0611396501241082,0.20182824868592794,-0.06593091341270296,-0.5396242587602706,-0.29131831672499553,0.5256978457011294,0.043134505716182936,0.09432605892328541,-0.4602935456095535
FSV-L,0.0279850746268659,5.291178603354017,-0.2306180738504595,-0.9454479082183926,-0.36893773111383155,-0.4824635910506458,-0.5053436512626144,-0.09698020506017524,-0.1451551967974902,0.10298502108598492,0.39769580670281646,-0.04294428124242565,0.25261816578058055,-0.023395282404738697,0.03149696005446889,-0.09340119415217506,-0.043989403683015994,-0.009392911400552092,0.13119630398515963,-0.0007300311040782285
TRFT-L,0.1149999999999999,-5.620040756249302,2.18959591818563,0.6896642756444012,-0.592598286198677,0.08143575525127834,0.4108507691374278,-0.8969471602358813,1.5484943607833526,-0.5890952758642723,-0.34064790966658925,0.7287756003339405,0.2509321983841306,-0.324401188799289,-0.3565340199056413,-0.028353245243386935,-0.05106274812499767,0.08538632668360246,-0.38315797927566814,-0.2698401943881349
JDW-L,0.1559999999999999,1.6726908681969397,-0.2973175358145353,0.6976859229791617,0.24888472125586017,0.2369850451621676,1.2497790494590229,-0.6778535815438891,-0.2474436672948735,-1.0147614489141104,-0.7380938346285,-0.11407587657630926,-0.11848468629515309,0.013761178059589225,0.004832033196735927,-0.1790689361632327,0.05842576611714499,0.4942459398924563,0.20227442563378661,0.2326369054528932
BOY-L,-0.0547045951859953,-1.732610264147564,-2.7415376904091993,0.5107150158891752,-0.22465706273375013,-0.6490654338399587,-0.7205397762341317,-1.1624530359951986,-0.6671062772009486,0.8840220372271981,0.6721733561784692,-0.5920119678384658,-0.13136262071430452,0.14938150920144808,0.21697259422965204,-0.3632426343494316,-0.3518560035894764,0.06564118247307144,-0.232029279891801,0.4362531597880282
CRGT-L,0.1999999999999999,-7.614180945179362,1.1068456521369523,1.151411344888675,-0.9830628061424748,1.028256268089401,0.4213863041591977,-2.0371327732405415,2.6181186067213598,-0.9069329116188432,-0.19452474568490655,1.0460190706013617,-0.09041801321264527,-0.5642290130515328,-0.4273207024590167,-0.21437277368308807,-0.4459124008614509,0.34934071811847645,-0.5498541209907611,-0.1714983303365021
RIICi-L,0.2781065088757397,0.1150393209904212,0.30237898757071957,-2.3517596366539997,1.7708930243176675,-0.4200351900084849,0.5831916848846441,0.021178822823106867,-0.3054800065070339,0.634602307736647,0.010027920346562424,-0.28356247218921365,-0.22098383029283217,-0.07448146692900992,0.014828208545304424,-0.052373799154440716,-0.0784834234937753,0.20684340826247824,0.04851641143395677,0.09162336126377717
MKS-L,0.033715925394548,2.574326580830278,-7.233647297937457,2.568592391610296,-0.46122772503033943,-0.1652755143162935,1.2937225047889866,-0.6136724303440789,0.5656697687093389,0.3775462589738437,-0.8441372217398962,-0.8987231757123024,0.4324053345553827,-0.0700421604933991,0.029377771461914313,-0.2584789242683767,0.45916878724137294,0.20315255034101137,-0.07380929278800089,0.12072886099529719
BWY-L,0.088699878493317,3.4095223818406315,-3.209790125932487,-0.8441756431755298,0.22312606816207722,-1.6490864774256417,0.0917188921922843,-0.6166376357375336,0.6308151068510569,-0.23022599155568843,0.19160775825727483,0.8164112759051646,-0.30553890925712657,0.003663235131072911,-0.2626568505697182,-0.2294674247400672,0.022895289711920584,0.011268126041560725,-0.37754090828162074,0.4325143102377768
TPK-L,0.0687263556116015,3.611625070200195,-1.7711132586618445,0.16700431284542644,0.8993336467808765,-0.39830791944955996,0.36469880277711647,-0.05774283794394055,-0.375547314554712,-0.6339840685699202,-0.17206632964195553,0.4121068889957556,-0.07732217920780818,-0.06979940074705303,-0.3703003033476792,-0.20194832849552435,-0.1488368112707919,0.5383354072593836,-0.19360685226642865,0.441239248289799
LPA-L,-0.0422535211267606,-6.786177777323743,2.3959068629769424,-0.592815161209376,0.4283385846736229,-0.25349641459298117,-0.5570412868917757,0.11169571223508797,-0.9839519201457899,0.3677064301761026,0.08228351998689303,-0.3288538030184235,0.26564728745929983,-0.06935162376186095,0.03241145868428264,0.043750577168684586,-0.1416616149948044,-0.16928262338864528,-0.18019825273026854,0.06602363058020601
BRSC-L,0.0323529411764706,-2.6203994994354494,1.6645109550907082,-0.0532364592882514,-0.3144873275585572,0.04446274147999715,-0.13892694539305328,-0.09893207014607494,0.12683271590539485,-0.19250584819075486,0.19305407131352972,-0.04706987218334149,0.2779718343917038,-0.06479870410341633,0.10622286266133503,-0.15715591948440355,0.17021322668298278,-0.20906787183632897,0.13538597491701274,-0.023067716662286332
TW-L,0.1088328075709779,-0.8698207843897336,-0.9952923532710266,-1.5838899256870083,0.17582182025730053,-0.5485793857538409,-0.5310225345902705,-0.607896353108252,0.4954374496904537,0.3032303980651882,0.5695670904171438,-0.0985449477021736,-0.04777529569414908,0.30055164483113966,-0.37131182062264534,0.1048479323519576,-0.043474599526747176,0.07061500083702987,0.1801875533042948,-0.1998487171912937
CGT-L,0.0257510729613732,2.127636425329096,-1.7814208280483943,0.2188595356558295,0.836684091131373,-0.21572098499004053,0.11855005281966231,0.16500865154242364,0.177921801647908,0.20685241117462963,-0.5204353524126862,-0.19781975135335358,-0.19065098449410703,0.03552347774808228,0.15705440160724782,0.14131829804428975,0.07745663249400521,-0.0670073670659764,0.05762171203186096,-0.039184222527191934
ABF-L,-0.0497076023391812,1.7251545143462983,-3.4880412336276785,0.32164890407701535,-0.6650716311283748,0.18246195241512977,-0.4133694508974817,0.6847981460403656,1.104317646750748,0.4552908290853019,0.08088682699983844,0.09212464023043174,-1.005083643507926,0.09108121030846304,-0.46479893664567107,-0.29620582965191333,0.47718876868797117,0.2851432119053496,0.042975802990962514,0.15288415919389578
AEGR-L,0.0,-3.4644364180432543,-5.43657183990119,5.9393975753085755,2.813238179645962,8.061630155520177,0.2368113337419219,3.051205037524295,-2.3725250805707394,0.08718068720537885,2.513616055154269,1.3911052121948966,-0.5281594909589874,1.693357287160675,0.12880247756771254,-0.5225206698121876,-0.5294594239951323,0.4895859614120657,-0.2089464525636494,-0.01734216954923098
ACRM-L,-0.032,-8.621235928828023,0.4995756502822121,0.9222476224747502,-0.341352549351657,-0.11488333093139429,-0.33257481613906725,-1.5409930205781333,0.16840704917514304,0.38427134875773805,-0.4498330357372838,-0.4436973123180062,0.2688517061701369,0.016167070934570715,0.27369165748327084,-0.11643828495762554,-0.07230092355177434,-0.045528381222176076,0.42641566948772364,-0.16189841306827726
CKT-L,0.3761467889908256,-6.193083136281855,3.2112751284559833,-3.72453118060314,1.6230379696199089,0.34756864926981396,0.8823022690585024,0.14020698264824236,-0.5623962579737786,0.40019371411352894,-0.01803789721055712,0.10054982503203297,-0.08450354093717452,0.13302362437535786,-0.011250853218219904,-0.5231100956907608,0.3158034331456739,-0.27584713022926177,0.3440954527659761,-0.13353854226925696
DIAL-L,0.067307692307692,-2.564012757713921,1.0781696100157168,-1.0778698298476386,0.041878085198110614,-0.2610474106522696,-0.33723988461434723,0.19463582437344581,0.6736169950108909,-0.10584264051186337,0.403704838695646,0.38441694463852705,0.31550358106814325,0.39755851013073074,0.013116822409113063,0.13481962896859498,0.0620556184293268,-0.211686339005068,-0.07876356194261354,0.037637762556368644
BIOM-L,0.2181818181818182,17.781945356574038,13.89971296807014,4.891852403694696,-3.5263512537349704,3.9764175518948846,1.0012958228051974,-3.8107722217881954,-2.0320066605005342,3.7324289062064753,-0.9200706768829279,1.0152288924439135,-1.0409646472344873,0.39350303268540243,-0.568878639709145,0.9400036124368747,0.6621519471283333,-0.3926219090127016,-0.41442785397645915,0.04648525636414407
RNWH-L,0.5360824742268042,5.801119444537593,0.526138095403292,-2.6441698525034623,1.1580068269356398,0.07913138467238101,1.5749770346087797,-0.7632417988468196,0.7497369991118619,0.7676794422045254,0.41767972892132205,-0.4629623966238951,0.42556779628622676,-0.25365388787179055,0.5603981197963214,-0.352203226185432,-0.6217171897823967,0.07297758106894611,0.11417953499345432,0.18220467909090762
VIP-L,-0.0070422535211267,0.31665887929982744,-1.563907793833987,-0.2899138906927904,-0.07579096217028856,0.11150806363911012,-0.23051412053081585,0.15579303884984674,0.12706888011161535,0.018631600629839214,-0.233828675837744,0.1181787314864192,-0.16227124525266962,-0.12010540177548172,-0.1937705152724449,-0.06643004017582606,-0.022823625588919247,0.10879900450097973,-0.026195910669911913,0.02823819652718056
DCC-L,0.003412969283276,3.3566972934351567,-1.3737393393877229,0.7578033936120088,-0.7504187855565504,0.17695480762932855,0.0547010531403409,0.6039945168709712,0.9519022907634135,-0.2618040103394505,0.24520241628373204,-0.7394238618311672,-0.9384324068710239,0.03427149012469126,-0.4308415690695786,-0.1488599458149658,0.02849014224456297,-0.017806210506307468,0.5167017288926076,-0.09909692500270263
GFRD-L,0.1984732824427484,4.054290393896884,-1.1224238255601116,0.009128133718494531,-0.03481676486430921,-1.0885350390227968,1.151551537886621,-1.2716166989079942,0.01642133311269976,0.08901412500504789,-0.2943112522205887,-0.27569373617315557,0.3377868313585382,0.49343497063104175,0.14568389835595474,-0.1090535816617362,-0.046582506580526234,0.07373848050656562,-0.16064915155121132,0.37475684533910175
DLN-L,-0.0454873646209386,1.4484809916014671,-0.4931740135928223,-0.7683419507820197,0.025847250037902902,-0.6146623267164414,-0.5068517509416446,0.4981646295647025,0.2282078722159649,-0.3536536567656558,-0.14282117827907787,0.6130127753107691,-0.019114444087743362,0.05517381660161932,-0.28680291962401194,0.15318476297964584,0.042943933497669624,-0.07579969018597808,-0.09680613299178645,-0.07884203737849094
TYMN-L,0.0416666666666665,-2.644383279030334,0.1953822724547286,1.3645683044700048,0.618780459839226,-0.3446436829573721,0.6674071487119575,-0.024982809026860345,-0.4448022168612018,-0.040212408148232744,0.15678586350366008,-0.18663691514560793,-0.2537100018155208,0.7471953120985203,0.1332400832022806,-0.19828895309192052,-0.17407547006124258,-0.06755004124177266,-0.5360878094841061,0.19314878435172714
CNA-L,0.032863849765258,2.560697054026721,2.0456293063616227,0.06087836718669132,0.9702144825264889,0.08052922787392545,-0.13475485833086695,0.28712026952089664,0.49162879011645794,-0.12331611106596736,-0.5869974238219972,-0.10976173765546408,-0.5954006550610792,0.09367376283214043,-0.41752254500473457,0.19541258545871573,-0.12352767832153098,-0.26474810258246084,-0.22463853693418948,-0.03738232493936704
MTU-L,-0.0031645569620253,-0.021972516282405225,1.1300949726769145,-0.5652920168576576,-0.15952598360936074,-0.06121255333239805,-0.3139896205280109,0.13194194723895802,-0.24476972940671407,-0.22132718625584358,-0.025245665487600877,-0.26672964379433434,0.10531036340681582,-0.05672923702685134,0.10647452475567545,-0.12047341850106147,-0.018880884600271784,-0.2031032530067663,0.09893765878214207,-0.013489766145442597
CML-L,-0.0359712230215827,7.206731959978948,7.322611391494299,-5.436332761742744,-2.9153658760600707,2.122527718035547,-1.1569510987342941,1.4797147657862582,-1.2731495656559582,0.23016674536875079,-1.7569710956229236,1.628987579736999,0.8551302338235466,-0.7529620397285054,1.8519806735119364,-0.4008805088489402,0.26147973352355675,0.5968264593218306,-0.49173471414614306,-0.5517310366525799
C3U-L,-0.034090909090909,-4.637715197301386,2.296865280845226,0.5219825408893148,0.8813380058629751,0.6523330825628294,0.11243841496344616,0.48026694576493895,-0.33534128338204633,-0.17916433509977095,-1.1674703764055476,-0.4753510734022997,-0.07970441706165052,-0.3837726823173166,-0.298605028360782,-0.3576736997838599,0.5548847735779995,0.04693858029598593,-0.19525864390830036,0.1265627469652812
RFGR-L,0.0,-8.39018773794778,2.7074385813711705,-2.5662830506772782,0.8084115034493655,0.05597022628571902,-1.124800322144162,-0.06305280922097303,-0.12071609288986997,0.28920920484424106,-0.44455585598226277,0.019489809601480928,-0.3495021768680303,0.09391470734744573,-0.012144964290951991,0.4836000776868335,-0.18864524812545777,0.29859210832258987,0.008755674229272184,0.09370723811410121
BAES-L,-0.0156739811912225,-2.365679400928613,-1.1511303224923712,-0.14409363079172519,0.6876581399085595,0.6542651982061681,-0.20991577685835,0.8497328872287829,-0.017368922345626866,0.0809040621554726,-0.2560525992254957,-0.2462899075758319,0.24651473853596512,-0.06455304187958223,-0.4918732502292349,0.6896480074216573,-0.11349574106624702,-0.0006731023703592194,-0.28791692867449253,0.017775198593524357
NAIT-L,-0.0037397157816005,0.12493754239460565,0.16729215893070815,0.6334780506785883,0.2046652061577042,0.025386165622976353,-0.2193154128808586,0.39537580864069677,0.2569203115352496,0.05162279601615133,0.30907458837224305,-0.30410393678922876,0.046553953232552285,0.04375650282544615,-0.0915741587392132,0.2243454948188279,-0.03332927964752519,-0.08003479703374805,0.05997635488677391,-0.008719500520044849
ARBB-L,0.1103448275862069,-1.8048488538969651,-2.745101669416981,-0.4955994045059115,0.6924213386977565,0.38154009447558196,0.009498745981022431,-0.20502221310500318,0.319066430505149,0.25167369318738675,0.2072308525197967,0.03608618168677826,0.3327897088991403,0.033769956732931004,-0.20419464440316804,-0.0561043673108689,-0.1368119264593425,-0.021663535200110495,-0.3278045806242628,-0.11978259771784161
ABD-L,0.0103703703703703,1.3764943535176408,0.6693821742743247,0.9749959824230443,0.2930567177854463,-0.2004498916711995,0.11779841552724865,-0.20075123858665117,-0.24195891069482933,-0.9254325689094225,0.0728979656910924,-0.19102351067069717,-0.14654644947969384,-0.10110706214709608,-0.08313203449601995,0.063724542067999,0.12864719196952557,-0.29861769781794434,0.39898451914676925,0.5582922090579874
EUA-L,-0.0434782608695651,-3.6565719596638337,-0.43701107375769177,0.2715644467721967,-2.1764990622601466,0.9609440616656061,-0.7381211622770129,-0.3007778581661424,1.7376855674751157,-0.07974742496198248,0.07272288100810491,-0.05937957734059358,-0.6024356085706614,-0.15619748231098682,-0.22384653348887756,1.1607539589054419,-0.9767410612097915,0.788022269914284,0.054231279367192624,-0.29477957639435637
AIEA-L,-0.0967741935483871,1.5229610998268073,-1.4302680423719678,0.4197210914660901,0.3491311702845976,-0.5291763055838924,-0.3002830304698045,0.2561862857364883,-0.04721815544160285,-0.017592422214447886,-0.7270817281669013,0.4709545088085445,0.05061637052139769,-0.21983304046798244,0.09555671461612907,-0.08306585008138717,-0.2076380934753279,-0.4027377012034981,0.02488148544612481,0.019337289591579983
CNE-L,-0.049429657794677,6.108118838041081,-2.0924488951989346,-4.379581335458569,-1.4883814109632365,-0.3965063162192705,-1.0505299225788765,0.8141741739502569,-1.98757088343714,-0.3323401248916797,0.12552054633308368,0.7297634279472757,1.155949022430504,-0.6661891592713165,-0.7687553831659504,-0.3259525724015389,-0.24442266767913334,0.014671060397854267,0.4476117131440195,0.2196906290264451
NICL-L,-0.0944206008583691,-1.4398052722015098,-2.6604435129229755,0.18842617740675957,0.08491302221901012,-0.308780803442544,-0.1827142209250185,0.053991078243987245,-0.2800036726346145,0.2093365303092254,-0.7600694604372076,-0.1568944248325628,0.22698614417272903,0.2822158803680913,-0.007840177574929424,-0.03763274331257608,-0.038071652791139714,-0.009808721243339783,-0.1906556361066088,-0.005708529886870356
DPLM-L,-0.0574886535552194,6.986630972259832,-2.640026654495159,-0.3166274315053101,-0.9338043467540423,-0.37522159193795784,-0.3516915702490901,-0.031398752268011136,-0.23135452847507076,0.2879479377620209,-0.293659744701048,0.9317665708808492,-0.0333808445439421,0.03899890282866846,-0.47108366033821136,-0.1860262976865056,-0.556147338807332,-0.11045107855124274,0.13992977280299648,0.09906378701115114
NWF-L,0.0100000000000002,3.0064875154168598,-3.469763937534024,1.1147528476376045,0.15554429432325073,0.9128783445282113,0.08855218098410846,0.3425306714155412,0.639803227306709,-0.16158149009657116,-0.24684152728576558,0.9274289910341516,-0.2761370830492453,-0.16440421781904602,-0.03683498564302855,0.028437006582076693,0.21366190309540606,-0.4883823070853716,0.19343329688390112,-0.26074733060695443
MRCH-L,-0.0025477707006369,-0.21764332183380547,-1.6134917429971602,0.26698336505613757,-0.032103152393775786,-0.5605248159726574,-0.07864020102539435,0.22417817020978373,0.1668998752740495,0.22997345010782924,0.2765736211464158,0.037953376930205694,-0.010345551398302769,0.0012445709593027865,-0.18259111983383494,-0.10684315905143653,0.11045838784925717,-0.027043702466241274,-0.17539194926706556,0.11028169382154837
CMH-L,0.0149253731343284,-1.4643829349605182,-0.9504903900341145,0.533019882021146,0.17306784720384022,0.44828677832383373,0.0194531335264175,0.13799811991636865,0.17055639666978717,0.18490302264079236,-0.12970814391450683,0.33449160450551246,0.2835701593608134,0.3398410631648237,0.07671617748436076,0.12224345608881579,0.08547411243004367,-0.0440502474659592,0.23423846580591445,-0.04319513475681418
FTV-L,-0.094488188976378,-4.535807386932934,2.563096296136978,2.865223720899503,-1.3147613700770453,1.2878289395376494,0.6618777269911189,0.9192804802515159,1.2523224260187202,-0.6974875200020545,-1.108355213471513,0.8967646532633966,-0.9722188344252929,-0.26541948908796154,0.10645634649723795,-1.0290680035436421,0.6837552840776185,-0.17552142245127708,0.19844007141305162,-0.31633003385267316
BVC-L,-0.15,-1.3782690693249582,9.746198558205494,5.427448034275601,0.3557454995126119,-3.0688700872006893,0.5504288925508743,0.09171950800514196,-1.0458454406391604,-1.1792744341299128,0.8428772188472378,0.09516127786158796,0.828504598283617,-0.6387258447198715,-0.696950836050518,-0.6438783950175142,0.20398204138386072,0.24151012905628233,-0.13202934342543873,-0.35841052563948345
BARC-L,0.0534883720930232,2.2747166113286803,-1.456920821813191,-0.17493941945755026,0.09461363650866708,-0.8779221451760466,0.22083818903320884,0.0025828596002164046,-0.04091145888723677,-0.6331093690611244,0.2665373061111918,0.32057782864513407,-0.38081317751507787,0.0903354456193271,-0.27291705934556754,-0.06556927540778015,0.1917624392572582,-0.23739709655840704,0.22165699901685743,-0.08805328802005653
BWNG-L,0.0226415094339622,1.8551531879001475,0.8672338380580737,0.49345250725184736,-0.3910553823512877,1.2152809877567816,-0.04695775391337263,-0.27712427143328267,-0.5443538988657753,-0.4041531260635516,0.03610007625847996,-0.4995012333401861,-0.3770364200991494,0.1692211612125837,0.5129159638384162,0.07753674969728203,-0.4352520810205082,-0.3793852963838588,0.3048558396826025,0.15049223264411404
IMI-L,0.0877551020408164,-0.9267596336125077,-2.1412400086984733,0.06173033151484921,-0.3774009727411146,0.0307075067156786,0.6529886887825195,-0.3508835671903964,0.4393816045630021,0.00538971465414889,-0.5985290579083727,0.02981132461241712,-0.15024141362893823,-0.06878046914257177,-0.27435070747898554,-0.1141986492636945,-0.015884230401634794,0.4853548667437637,-0.28386742079769295,0.23546980722548502
AJG-L,-0.072829131652661,1.8320113996274554,2.55642831298308,2.4165809690885984,1.9319236847192904,-0.2411153398508675,-0.04420311252604601,-0.4426390259934786,-1.053797471767221,-2.027337651825229,-0.4612216830282879,-0.02216824415194425,0.4030932886805049,0.1994969418036063,-0.4261351770419074,0.6710536586672547,-0.1445450161244687,-0.04753658341042992,-0.2187207112326465,-0.07193840270815956
LOOK-L,0.0176211453744492,3.5445264485893833,-3.9271259587111067,-0.6236619777087804,0.3729247936356383,-0.2066927136316001,-0.14258668231453844,0.01946962836829607,-0.18822660423375417,0.09123206952671055,-0.23678986648200281,-0.17960034846634443,0.2228698698418422,-0.11735780119778622,-0.12122067428676073,0.18644733013961734,-0.07010659007003879,-0.41647696278972274,-0.26209069966093956,-0.01692136622730056
CEPS-L,-0.0869565217391304,-6.045671386287461,-0.1698492312208512,-0.951753313200989,0.9361108271106833,0.2121604817701765,-0.905853675364162,-0.32489466912400494,-0.885662184545492,0.5446849036993253,-0.9187811537835153,-1.237423798776876,0.347424271596175,0.002989879823614068,0.15809770495944334,0.3835164981049785,0.11606802447607815,0.3166393194010721,0.3827852537977012,0.11281793634324946
DGE-L,0.0413333333333334,1.9514328116228665,-2.5458635336340034,-0.5534270293737792,0.04115082180563639,-0.8383428793905062,-0.10241481512612872,0.6843739809301222,0.6077798700530797,0.39675499683996623,0.554708792860396,0.37078284650082727,-0.17071447231773726,0.43733842279279395,-0.34996893795413647,0.33447855623545447,0.06024315562696875,0.06358360728589185,-0.06775528066435546,-0.22302334903753193
AURT-L,-0.2036724751733184,1.832205117952879,0.688741320204977,1.6673854783681707,-2.46178807824845,0.37984533696287204,-1.3412207068723256,-0.1237528805911899,0.794039577347258,0.08678864523179394,0.7340446237228357,-0.8212508168165522,0.1691625610768303,-0.12474175001135118,0.3333763528473739,0.08055852009946192,-0.29369027382005364,0.05370350545287497,0.2792952405738316,-0.1777319420351586
REDD-L,0.0092879256965943,1.3585424738662473,-2.5869685673960103,0.7583681762204834,-0.047932386765209216,0.0025557555390287824,0.10649982651850508,-0.383767782160261,-0.48804857753450687,-0.5141742836080807,-0.01559156452775105,0.2597723537021848,0.5021696728215254,-0.5294131079140919,0.31972072119295014,0.106089770481578,0.27916239213530875,0.04582257250394455,-0.10231416283061188,-0.15535068007024702
AAS-L,-0.0216216216216214,2.9840254994259086,1.6234039403449627,1.28231072123848,0.7015506886955675,0.3235914383202006,-0.0015970056235939572,-0.05529395987049279,-0.5212612418376215,-1.5656267410793583,-0.16914567983585327,-0.3401144037680393,-0.2385130609103348,0.06554820731569595,-0.2915715756838332,0.39601361799683116,0.07923713127790437,-0.29723322297555316,0.46577441830098465,0.5268097533735848
GFM-L,-0.0833333333333332,-3.381700112957019,-2.9121929191202796,2.4599115807304557,0.03417282558660919,0.827482272536302,0.36173226946324094,-0.006111210334063078,-0.25911728519059035,0.12438286780790667,-0.7635839747282419,-1.2656707674939418,1.3800966092315101,0.17813018545294515,0.08273022555192769,0.7484441674630918,0.21656531797709025,-0.029704557285832052,0.21662526552941025,-0.32536913434411185
LSC-L,0.5252525252525253,21.42169113158777,9.794316604900464,-6.364708029957483,-3.3726465275036714,3.908879924128444,0.03061105696432575,2.6707319020959934,3.64374365567099,-0.2946227425984872,1.3849393175302125,-1.7312172205273977,0.9523491946371784,0.29909783635571957,0.19358879886085376,0.31178072191013134,0.4363011709890012,0.06615329226186681,-0.4826875053731666,0.7465007652489648
BPFU_u-L,0.002659574468085,-0.5555172887890865,-1.8631318484766748,-0.9830034524973889,0.7880805507529962,-0.5429052938970947,-0.44897132274494334,0.47372161154744946,0.2781256943619809,0.4208141203061103,-0.09964573782361374,0.2512390958469677,0.08055370977600279,0.11660903244088383,0.22261295038982507,0.2968419652472706,0.00829775178828468,-0.1848593122449266,-0.08971035119829536,0.017799523830067693
RTN-L,0.1317073170731706,-1.9730660067718582,-3.0397614664583132,0.9001169822925006,0.37710179780736997,1.0830607634371907,0.4790201557726921,-0.38785703723803955,-0.671573533074115,0.395860242206804,0.7235282457273253,0.07016152141889166,0.1682486658546834,-0.2131232171376319,0.14153709466907874,-0.4372208886123952,0.24122854671666114,-0.05805009892124927,-0.09042097522909774,0.0996729806254133
NWMS-L,-0.0769230769230768,-5.9414725554222905,0.7776497355484526,2.4309779312004527,-2.2212756861948324,0.47771054556711784,-0.4150811011700971,-0.6955418143538262,0.6282292749958805,0.4715415054680893,0.9427841808425715,0.05404909021503332,-0.5322677788733549,-0.2388794668324199,0.402255235650098,0.011391282184373916,0.07605951484760212,0.30875269473016487,0.2577653156948707,0.1338865400662816
TET-L,0.054726368159204,3.304237722654463,-1.5497769750711239,-0.08579444884116143,0.637739748400117,-0.3503207168823563,0.08037174309040596,0.035798503634115526,-0.5789645763536022,0.2077256893249301,0.16603273890043369,-0.4114121228039161,0.1526415543424089,0.20080087084449197,0.14844718698208734,0.32584892790976444,-0.028479960715795147,0.0419200110883944,0.041813704663272805,0.09003964205030564
ELL_p-L,0.0,0.6764660654642909,-2.975321518749357,0.25496675006982134,0.37333431008365975,-0.3161623249943031,0.0438287095479424,0.06766517587662407,0.5464914217622296,0.3441496176613131,-0.5411903617080773,0.09226106876164002,-0.23519389570374022,-0.025575529918229357,0.26766670676410814,0.07426899914935593,0.0017867737299112805,-0.11140649438620163,-0.008490016875321041,-0.10364994853249633
BNZL-L,-0.0909090909090909,4.810329972925355,-0.9698135067686249,-0.00803960976123368,0.13574563891665628,-0.44603229940453926,-0.8194650853033056,0.5989233413878147,0.10318014551288632,0.026743683103888707,0.1337659629004326,0.6307709916734435,0.19582904128651443,0.11850107394930723,-0.03201568535188743,0.15540016494511188,0.029951467147513705,0.16177906921702256,0.3089617767521465,0.4646161217478703
CCP-L,-0.1187499999999999,-7.444801577719146,1.7074044559399022,-0.816879437799996,0.45467071731345826,0.26081233874339615,-1.302728080293935,0.15354573472463082,-0.12503640592040255,0.0863794639061151,-0.26212158958071924,0.009891071890396199,-0.23816103293181692,0.037748122655585366,-0.18957134347938467,0.1454626355694557,0.12033821764364448,-0.019508401579837492,0.02543966076310257,0.001031821307608756
PAGPA-L,0.0093984962406015,4.350318884498726,-4.384773860388493,0.6914504968072935,-0.22970883398423467,-1.9940969024124555,0.11489769913580779,-0.7770039043278893,0.09867135817653302,-0.09071142047807298,0.6764577308733604,0.931373528365588,-1.035396805744168,0.1789942346442797,0.5170982701101935,-0.45680028544320495,-0.35673320822510685,-0.00442852467648824,-0.12360603708509756,0.6337079498940615
MNKS-L,0.0255376344086022,-0.36172974668812213,0.3761434831053003,-0.08592103777653387,0.12850118780931308,-0.0664942228863221,-0.06755669341135907,0.2771760635919886,0.27150465676622065,0.0878470051606512,-0.023992146831410495,-0.22233460906008104,-0.009244891331793686,0.15664496514159815,-0.012306246883089903,0.06491694812889023,-0.07866418671225077,-0.08946032380579004,0.0023518060536755325,-0.013013709174372423
KMR-L,-0.0333333333333333,3.35166082007681,1.2224901952873137,-2.320425545469949,-1.4832597147748336,0.5025254544656507,-0.7058194298426128,0.40016977289307265,0.266045377404242,0.9683090908240714,-0.8396535269275986,-0.4523543681706234,-0.571002131512333,0.5622603677798236,-0.9733075826864058,-0.27133962428506014,-0.020491293466713214,-0.4998200453839944,0.2416032718368937,-0.4883913118643834
GHT-L,-0.0096153846153845,-3.970567736745962,-2.7071754224220874,1.94290363808014,0.9026973207734633,1.1742783666257868,-0.35250729907865663,-0.24262667158389475,0.5438155522872575,-0.017923104692313424,0.3547072531327848,-0.2816057357738699,0.3386406906113212,-0.9080849605499601,0.5970253627988465,-0.6833152431947451,-0.38697294624483763,-0.5662222957699122,-0.10197666785714685,-0.1046204283205396
CTY-L,0.0151515151515151,-1.0371868069752441,-1.3060743031970767,0.31185589045749446,0.2289721342852146,-0.11728867000245483,0.045652642734708385,0.18309420469203297,0.16637663256720714,0.07876839954500711,-0.02649313342653214,0.07385202888614052,-0.01569216629184506,0.033203126359911246,-0.03939749667827966,0.03422290706141174,0.08965891810876177,-0.0821155816307444,-0.06454540570804256,0.04360099855458186
BUT-L,-0.0106241699867197,-1.7535033232671582,1.2924320620801193,0.38281350294488337,-0.13723175120443323,0.2981604809782447,-0.18598618374357329,0.09669583287425934,0.03168253222907244,-0.24966933167429592,-0.030119740983843332,-0.2710314512351619,-0.01764932428508129,-0.0734236684990142,0.0221541670786988,-0.008232144773043367,0.01226041624562556,-0.04555286631881504,0.0385782908024445,0.08431432449764016
KPCK-L,0.01875,-3.3327762069717566,-0.034062412060094464,-0.43102550647773163,0.05059302150096954,-0.27706013573091387,-0.17612082778595875,0.17394079574361695,0.02619699859466914,0.2180110884820435,0.12123766762093628,0.039718335641251365,-0.04208680273636919,-0.12290765598851226,-0.07032848731374529,-0.09986373853538819,0.07501580030061837,-0.10590257039347915,-0.07938299473896991,0.03586964276129183
N4P-L,0.0,-6.282629779765151,1.4088012394820963,0.6147317073941748,-0.899994802153702,2.0719539225483365,-0.01245307618839204,0.3467100393532488,1.3123290225198903,-0.39853754816320697,-0.9434801280825403,0.5506156728706492,-0.2487654398241708,-0.3982833106946355,0.3331565146768412,-0.02912435735211837,0.29754735612147365,0.3657968696909886,0.35468709359710954,0.16580328297249444
CFX-L,0.0,-2.4503368440581252,-0.5558132608691561,-0.9291958006186566,0.10766044292145109,-0.8838362526364681,-0.24977446460143235,-0.7624866209167979,-0.37871105685556533,0.18982820963082161,-0.500721242834704,-0.027763042356859953,-0.030296935874265112,0.010817798128008956,0.2505176988272183,-0.12490898572513767,-0.1754096169980437,0.07207398968616364,-0.08680994574024611,0.10028813266109418
DIG-L,0.0345252774352651,-1.176264782662044,-0.26994093662131263,-0.15499555586711106,0.24981341227992293,-0.11932951539876624,-0.08528191566141925,0.3399257954513122,0.26883111845288465,0.15835149743021887,0.1780111276906119,0.03774551484978015,0.1051280638491969,0.08848344835362136,-0.157340800131646,-0.05586387347776616,0.09355136230670197,-0.19473903620888622,-0.11629975115676705,-0.030947986376903013
RS1R-L,0.0654761904761904,-1.5543955511044103,1.2465594559219588,0.3460358652180244,-0.5116920781159026,0.22723464568814736,0.12303148348450943,-0.14905028906511525,-0.04496863645254615,-0.1470351129221474,0.44100797486989746,-0.15691991587375814,0.15531071472624283,-0.3707611926570721,-0.0066862667549162594,0.05016095487006725,-0.03996144200927942,-0.09746275652342204,0.02219762272182845,0.06952072803436556
JMI-L,0.0087527352297591,-0.5624521684216787,2.6525749706157185,0.10906569316093057,-0.5422014133040283,0.017037980719864253,-0.37843415206089165,-0.16530792385097712,-0.36706000607028066,-0.3675046632302261,0.6036146065503377,-0.09127856609034318,0.0640306583811587,-0.18340876608320716,0.1747596890235857,-0.2569137849445791,0.002794816994544351,-0.13775706838424018,0.2545380628579622,-0.02493041127565824
HAYS-L,0.0295566502463053,-4.221815905110978,1.619551517980724,1.8223605948181358,-1.45155071161837,-0.6754987667245504,0.6451570096905346,-0.5274755903461406,1.429151065239441,-0.3734006920795337,-0.09355232352695918,0.2950573117485086,-0.13135344908586669,-0.4834421097088193,0.027345537921065085,0.1753988503754997,-0.4545792640608816,-0.011871189676990327,-0.4539939959540255,-0.016866934627662818
BMT-L,0.0,-1.9895550005458962,-1.4932582223784876,0.10314594481799184,0.6061295286708761,0.16691571271478628,-0.12038271947863428,0.2511478737674148,0.31624768664047176,0.154583230705259,-0.3914370309368992,-0.04453609735262464,-0.10430523480718498,0.013298133719215463,0.12990961683527857,0.11450638500044895,0.00504126504276577,0.04168420044211331,-0.016444087969148598,-0.026067527151509184
BKGH-L,0.1151419558359621,-0.33018063455106417,-0.5469095659579125,-1.0177674043928449,-0.09731587296119636,-1.0406334891044888,-0.3521640547875456,-0.9922182406008921,0.07066910193905634,0.12633566717330516,0.8547834134902165,0.23162284783573145,-0.20918982990057933,-0.35369259780154455,0.16588213426186352,0.014462858057046456,-0.06607286928717936,0.41017082899505986,-0.16876569316847528,0.3105579424777889
CHG-L,0.008230452674897,8.745313587458787,0.6909520035050114,0.18916499583246518,0.31790920028325703,0.2789143573678623,-0.12106235324008734,0.34889892520107796,0.04140748993873422,-0.7496949351199855,-0.3910266676440252,0.6903994347647986,0.1285895575917778,0.3183266851507424,0.28636275699232644,0.10755079993171958,-0.3954195743456023,0.126248132578826,0.1107396809995486,-0.33576278407396326
BLPU-L,-0.0540376442015785,19.500843695782926,15.800214923873943,7.776639146394385,9.471290159371888,-3.223078685758084,-1.0998955895943112,1.3236760051860843,1.3264574085166232,1.9650900388896562,-0.05968261500431893,-0.03953608709038534,0.16388961663746593,-0.32897213081280924,0.07982095620316548,-0.7125957340753569,-0.6810887003876995,0.6164194840526956,0.4302595655973902,0.11433860061649437
BRSD-L,-0.1538461538461538,-4.5473079626648065,-2.8900145685646623,2.3871026486764624,0.5684196642976007,2.8650662463005983,-0.2504347889586998,0.6658772328402776,1.1043550133211382,-0.7995129896623401,-1.7711345204182762,-0.5067194771299967,-0.7683487873174405,-0.9619732776272543,0.28760191628906906,-0.07844649555315943,-0.31976676602915577,0.1637125669808608,-0.15034049491082424,0.09715718040600983
CGS-L,0.0413793103448276,-1.1818322586606402,-2.285554568386308,0.6881697669541745,0.17306350768419182,0.33781361444002284,0.17168622907126446,-0.11930206844575311,0.40930268158637534,0.13757813703161711,-0.1123948824383278,0.1942995489884572,0.1666269280641324,-0.024494706654091834,0.05577296869708521,-0.007940656142969831,0.042805726846523326,0.05762820796244705,-0.01815765151762114,0.10208020931584472
JGGI-L,-0.0086372360844528,-0.10242916852495361,0.5510405278588512,0.6873872216396903,-0.06893067838245485,0.006009181772511977,-0.14969142230640897,0.23117124289544283,0.1233547709892661,-0.05590486687669814,0.24643844364060527,-0.25817650129205755,0.06649183047902371,0.015318569716586539,-0.0732934822770603,0.08726320989426004,-0.05158312300694002,-0.049262421661768384,-0.009397643804624293,0.0667560259149184
CRPR-L,0.1525423728813559,-3.4911984033987897,1.3651026361239742,-1.627977791344584,-0.3093592811162556,0.08676186798323277,-0.09078603270529323,-0.06184324883727719,-0.0069532762294601804,0.43933284581014426,0.6369123204297794,0.5190497626232314,0.4662374019760493,-0.1741456401020031,0.2697402473568902,0.21758512374537342,0.21308815148733973,-0.12217783457039554,0.13484992376639715,-0.1618131875154272
ELM-L,-0.0595238095238096,-5.419984386885191,1.1253685734961378,-0.990888943153917,-0.923089236919662,-0.8647288538116694,-1.2800560645521077,-0.9764839847504089,-0.1220380827542597,0.5796082599642898,0.5770536130695766,-0.0012399450789221213,-0.28049253201787827,0.028750728640853807,-0.1771572381029592,-0.13525577003824324,0.2749503323395748,0.3837610311345763,0.3051983996504344,0.10078060469759834
BT-L,-0.0992779783393501,-5.964222573026486,1.2136534633048717,0.3733780338111121,0.6506498084801203,0.3054907043817668,-0.8222540023783461,0.1482615773759872,-0.2792260494066105,0.2832045444099493,-0.2787676700338747,-0.5101195166326611,-0.04167616766779726,-0.2274740574028049,0.12757072823921695,0.15442628308822776,0.017911113488451556,0.04205177995860364,0.011158133313220112,0.04427022460528554
AEI-L,0.0063157894736842,0.185910398578031,-0.008225608814365177,0.006462539362325606,0.20837543865738334,-0.10704662752052022,-0.2412138862703333,0.139640999354374,0.11792224267299004,-0.12538798851670624,0.10706813021172758,0.0880001929662021,0.06396028267592825,0.16711065070500472,-0.05101959978896623,0.05853922010108713,0.13907073885006488,-0.0585485600095314,-0.0926530274587395,0.10070648581479495
TITN-L,0.1333333333333333,-0.4464938881746562,-1.0491123080623586,0.29721894610657934,0.2311232069289627,0.06471941606529909,0.4363251491688776,-0.5784365387194242,0.5089536457417183,0.18943260663005504,-0.19834938149154396,0.14373342399831762,-0.15883221597449748,-0.2957968740003324,0.14346907545849935,0.2706420758539917,0.3391269058180748,0.23567146808637632,0.08560202337057571,0.131401810203301
CLDN-L,0.043343653250774,0.8764707139326657,-0.9903718786662404,-0.7422760406685335,-0.44795785203147787,-0.24904405870308233,-0.2767139716669302,0.37849370880852934,0.2958363955465326,0.3466928202761262,0.6757392001773791,0.020646124487811772,-0.10090759233494485,-0.20711856888634242,0.0372182846300871,-0.1380800725105571,-0.18314106215534817,-0.3052758959451335,-0.08435071457543615,-0.12979115374324965
FJV-L,-0.1923076923076923,-1.8923458301995173,3.6074097105941165,2.337214399413579,1.2415114934854716,-0.30704248977948384,-0.36956739081161816,0.07479923203840066,-0.9405797712705822,-1.1922797937639078,-0.8817169533317203,-0.19310377919056376,0.4706892938645582,0.41064524888214976,-0.2792906981522551,0.5314533419697978,-0.2539613303724835,-0.06929909502670555,-0.34489981918057055,-0.05045496231284607
RUA-L,0.0054794520547944,-2.0679755682688934,8.115975581878729,0.09253170082526674,-1.0999466149751698,0.13734573967818406,0.15168865476139054,-0.34412630158686175,-1.5694673913566677,0.3552488261795998,-0.49493323897310204,0.8852347205304248,-0.11612730002866077,-0.37510799812826207,-0.5931226858279735,-0.3569620981700777,0.5399984300154806,-0.396700664685613,-0.2900017195128481,0.12497514065507649
NWG-L,0.0356923076923079,4.775655198491038,-1.2462877239625083,-0.8321453312930048,0.8856901079561779,-1.7617000308575979,-0.39845297169314264,0.6695222419405148,0.3692766384073469,-0.8021003604276419,0.8714200108453114,1.1046846608525858,-0.19687268174753986,-0.23455787159341654,-0.32928670674679683,0.3444510164855631,0.4023019023981831,-0.48874564379856433,-0.03848520139343656,-0.34793771525684847
HTG-L,-0.0433604336043361,1.8006239064598255,-2.4550798989532026,-2.794213671406881,-0.11175061373944915,-1.056031615133321,-0.9401655407603,0.42492112469101945,-1.113171348868851,0.8522972018135924,0.07288578207563609,-0.36909545978082176,0.464290379094311,-0.2597058212335723,-0.8525983725376667,0.05990177116239469,-0.2763063564934422,0.2272731151803414,-0.10293904450960996,-0.506691071421895
HAN-L,-0.0313432835820894,-0.4945831741444808,2.379614574555159,-1.678491859070086,-0.39266932788759595,-0.0893511982816387,-0.8852984499923305,0.3392378746416005,0.28619979808837487,0.1704414852498514,-0.09844020106431739,-0.07811476705302521,-0.024447542240016214,0.08472212798335653,0.023187260038439593,-0.36004425314477023,-0.0009960606225053452,-0.47481987995384345,0.06490410334631982,-0.05706053145623546
