month,1,2,3,number of clusters
1990-01,1746,1707,39,6
1990-02,1756,1717,39,6
1990-03,1682,1649,33,5
1990-04,1688,1655,33,5
1990-05,1705,1672,33,6
1990-06,1718,1685,33,7
1990-07,1725,1692,33,7
1990-08,1750,1717,33,9
1990-09,1745,1676,69,7
1990-10,1752,1680,72,7
1990-11,1764,1693,71,7
1990-12,1887,1848,39,6
1991-01,1894,1855,39,7
1991-02,1878,1833,45,8
1991-03,1806,1766,40,11
1991-04,1827,1786,41,10
1991-05,1845,1803,42,10
1991-06,1879,1831,48,7
1991-07,1915,1862,53,7
1991-08,1975,1936,39,6
1991-09,1960,1922,38,6
1991-10,1957,1918,39,8
1991-11,1979,1940,39,7
1991-12,2057,2020,37,6
1992-01,2022,1984,38,7
1992-02,2051,2013,38,5
1992-03,1956,1918,38,7
1992-04,1953,1916,37,7
1992-05,1960,1923,37,7
1992-06,1987,1950,37,7
1992-07,1999,1962,37,7
1992-08,2004,1966,38,8
1992-09,1984,1945,39,8
1992-10,1967,1928,39,9
1992-11,1980,1941,39,10
1992-12,2049,2012,37,5
1993-01,2037,1998,39,6
1993-02,2047,2008,39,5
1993-03,1993,1953,40,5
1993-04,2031,1989,42,5
1993-05,2013,1971,42,8
1993-06,1994,1953,41,8
1993-07,2004,1959,45,8
1993-08,2016,1970,46,8
1993-09,1983,1925,58,9
1993-10,1981,1918,63,10
1993-11,1992,1927,65,9
1993-12,2023,1910,113,10
1994-01,2047,1933,114,9
1994-02,2043,1929,114,9
1994-03,1978,1858,120,7
1994-04,1988,1859,129,8
1994-05,2002,1871,131,10
1994-06,2002,1893,109,10
1994-07,2018,1919,99,11
1994-08,2032,1933,99,11
1994-09,2017,1935,82,8
1994-10,2005,1931,74,8
1994-11,1995,1925,70,8
1994-12,2057,2015,42,9
1995-01,2061,2019,42,8
1995-02,2065,2023,42,9
1995-03,2051,2009,42,9
1995-04,2073,2030,43,8
1995-05,2086,2043,43,8
1995-06,2050,2004,46,9
1995-07,2077,2032,45,9
1995-08,2103,2058,45,8
1995-09,2101,2058,43,6
1995-10,2109,2066,43,6
1995-11,2130,2088,42,6
1995-12,2347,2302,45,6
1996-01,2362,2313,49,5
1996-02,2378,2329,49,6
1996-03,2192,2146,46,6
1996-04,2212,2166,46,7
1996-05,2233,2187,46,6
1996-06,2306,2265,41,4
1996-07,2568,2527,41,5
1996-08,2556,2511,45,6
1996-09,2465,2427,38,6
1996-10,2502,2461,41,5
1996-11,2571,2530,41,5
1996-12,2658,2616,42,8
1997-01,2690,2648,42,6
1997-02,2690,2648,42,4
1997-03,2560,2513,47,5
1997-04,2604,2557,47,5
1997-05,2615,2568,47,5
1997-06,2628,2587,41,6
1997-07,2644,2598,46,7
1997-08,2706,2659,47,6
1997-09,2620,2574,46,7
1997-10,2629,2586,43,8
1997-11,2646,2604,42,7
1997-12,2689,2604,85,9
1998-01,2705,2621,84,9
1998-02,2729,2643,86,11
1998-03,2674,2590,84,12
1998-04,2696,2612,84,12
1998-05,2711,2626,85,11
1998-06,2728,2649,79,8
1998-07,2737,2658,79,8
1998-08,2750,2672,78,8
1998-09,2725,2642,83,8
1998-10,2681,2599,82,9
1998-11,2704,2622,82,8
1998-12,2734,2693,41,10
1999-01,2744,2693,51,8
1999-02,2762,2710,52,7
1999-03,2857,2643,214,8
1999-04,2853,2639,214,8
1999-05,2849,2634,215,8
1999-06,2841,2790,51,8
1999-07,2859,2808,51,8
1999-08,2862,2812,50,9
1999-09,2820,2762,58,9
1999-10,2840,2771,69,8
1999-11,2880,2808,72,9
1999-12,3066,2892,174,10
2000-01,3100,2924,176,9
2000-02,3100,2912,188,7
2000-03,2609,2400,209,8
2000-04,2621,2411,210,8
2000-05,2639,2420,219,9
2000-06,2594,2410,184,8
2000-07,2617,2438,179,8
2000-08,2634,2460,174,8
2000-09,2587,2446,141,8
2000-10,2553,2418,135,8
2000-11,2589,2455,134,9
2000-12,3032,2966,66,10
2001-01,3099,3038,61,9
2001-02,3129,3068,61,9
2001-03,2883,2820,63,11
2001-04,2896,2831,65,10
2001-05,2898,2840,58,11
2001-06,2898,2837,61,10
2001-07,2902,2841,61,9
2001-08,2928,2866,62,10
2001-09,2835,2776,59,10
2001-10,2860,2800,60,9
2001-11,2897,2835,62,8
2001-12,3035,2997,38,8
2002-01,3062,3021,41,7
2002-02,3076,3033,43,7
2002-03,2969,2929,40,9
2002-04,2991,2951,40,7
2002-05,3021,2981,40,8
2002-06,3014,2974,40,8
2002-07,3039,2998,41,8
2002-08,3068,3029,39,7
2002-09,2984,2949,35,9
2002-10,2993,2957,36,10
2002-11,2992,2953,39,9
2002-12,2934,2878,56,10
2003-01,2941,2887,54,9
2003-02,2947,2888,59,9
2003-03,2877,2800,77,9
2003-04,2886,2813,73,8
2003-05,2889,2816,73,9
2003-06,2943,2894,49,8
2003-07,2970,2916,54,7
2003-08,2992,2936,56,7
2003-09,2881,2828,53,9
2003-10,2885,2824,61,9
2003-11,2949,2915,34,10
2003-12,2918,2730,188,11
2004-01,2931,2746,185,12
2004-02,2941,2752,189,12
2004-03,2850,2662,188,11
2004-04,2872,2677,195,11
2004-05,2879,2673,206,14
2004-06,2892,2703,189,11
2004-07,2909,2724,185,11
2004-08,2939,2753,186,10
2004-09,2910,2744,166,11
2004-10,2919,2753,166,10
2004-11,2931,2772,159,10
2004-12,2966,2885,81,11
2005-01,2971,2889,82,11
2005-02,2979,2897,82,11
2005-03,2898,2816,82,12
2005-04,2903,2821,82,10
2005-05,2918,2835,83,12
2005-06,2839,2760,79,13
2005-07,2836,2759,77,13
2005-08,2873,2795,78,11
2005-09,2800,2725,75,11
2005-10,2794,2719,75,10
2005-11,2796,2722,74,10
2005-12,2929,2821,108,10
2006-01,2921,2791,130,9
2006-02,2914,2784,130,11
2006-03,2827,2719,108,12
2006-04,2827,2721,106,10
2006-05,2832,2727,105,10
2006-06,2839,2707,132,8
2006-07,2841,2709,132,8
2006-08,2850,2713,137,7
2006-09,2811,2777,34,7
2006-10,2817,2783,34,7
2006-11,2823,2790,33,8
2006-12,2733,2640,93,11
2007-01,2742,2663,79,9
2007-02,2734,2663,71,12
2007-03,2635,2562,73,8
2007-04,2625,2562,63,8
2007-05,2635,2569,66,7
2007-06,2599,2528,71,9
2007-07,2606,2538,68,9
2007-08,2609,2541,68,9
2007-09,2563,2499,64,8
2007-10,2557,2493,64,7
2007-11,2561,2498,63,8
2007-12,2568,2531,37,11
2008-01,2576,2535,41,8
2008-02,2534,2292,242,11
2008-03,2449,2194,255,15
2008-04,2469,2197,272,14
2008-05,2521,2479,42,12
2008-06,2491,2449,42,14
2008-07,2533,2492,41,11
2008-08,2536,2495,41,11
2008-09,2486,2446,40,13
2008-10,2476,2436,40,15
2008-11,2493,2456,37,15
2008-12,2271,2211,60,10
2009-01,2295,2229,66,11
2009-02,2332,2263,69,12
2009-03,2586,2516,70,10
2009-04,2595,2525,70,8
2009-05,2602,2533,69,7
2009-06,2542,2476,66,9
2009-07,2563,2494,69,10
2009-08,2573,2502,71,10
2009-09,2556,2486,70,10
2009-10,2567,2497,70,8
2009-11,2570,2502,68,8
2009-12,2359,2300,59,10
2010-01,2375,2310,65,10
2010-02,2381,2314,67,10
2010-03,2307,2237,70,10
2010-04,2307,2239,68,10
2010-05,2311,2243,68,9
2010-06,2290,2218,72,8
2010-07,2302,2232,70,8
2010-08,2281,2212,69,9
2010-09,2226,2157,69,9
2010-10,2217,2148,69,10
2010-11,2231,2161,70,10
2010-12,2282,2213,69,10
2011-01,2263,2192,71,10
2011-02,2305,2234,71,10
2011-03,2332,2264,68,16
2011-04,2338,2271,67,16
2011-05,2397,2330,67,16
2011-06,2365,2299,66,16
2011-07,2383,2317,66,16
2011-08,2390,2323,67,16
2011-09,2425,2360,65,13
2011-10,2406,2341,65,14
2011-11,2446,2381,65,13
2011-12,2154,2086,68,11
2012-01,2118,2050,68,11
2012-02,2164,2096,68,11
2012-03,2258,2192,66,15
2012-04,2258,2192,66,15
2012-05,2260,2194,66,16
2012-06,2289,2224,65,13
2012-07,2297,2230,67,13
2012-08,2304,2236,68,10
2012-09,2295,2228,67,11
2012-10,2292,2225,67,11
2012-11,2290,2224,66,11
2012-12,2354,2301,53,12
2013-01,2389,2329,60,9
2013-02,2374,2314,60,10
2013-03,2309,2252,57,10
2013-04,2302,2245,57,10
2013-05,2329,2273,56,9
2013-06,2270,2229,41,11
2013-07,2281,2246,35,10
2013-08,2261,2226,35,11
2013-09,2227,2195,32,11
2013-10,2131,2058,73,15
2013-11,2138,2066,72,15
2013-12,2217,2134,83,13
2014-01,2244,2162,82,11
2014-02,2243,2161,82,11
2014-03,2202,2116,86,10
2014-04,2216,2129,87,10
2014-05,2210,2122,88,13
2014-06,2204,2118,86,11
2014-07,2216,2131,85,11
2014-08,2243,2159,84,11
2014-09,2215,2127,88,9
2014-10,2212,2127,85,9
2014-11,2214,2129,85,9
2014-12,2179,2092,87,10
2015-01,2186,2099,87,10
2015-02,2191,2104,87,9
2015-03,2161,2075,86,9
2015-04,2166,2080,86,9
2015-05,2171,2085,86,11
2015-06,2156,2070,86,12
2015-07,2159,2074,85,10
2015-08,2166,2083,83,10
2015-09,2112,2030,82,9
2015-10,2112,2029,83,8
2015-11,2172,2115,57,7
2015-12,2205,2153,52,6
2016-01,2213,2157,56,7
2016-02,2215,2158,57,8
2016-03,2152,2095,57,10
2016-04,2157,2101,56,10
2016-05,2162,2106,56,10
2016-06,2144,2089,55,10
2016-07,2153,2097,56,9
2016-08,2161,2104,57,9
2016-09,2129,2074,55,8
2016-10,2133,2077,56,8
2016-11,2148,2093,55,8
2016-12,2061,1996,65,12
2017-01,2057,1990,67,11
2017-02,2082,1991,91,10
2017-03,1949,1873,76,10
2017-04,2019,1943,76,9
2017-05,2081,2029,52,9
2017-06,1993,1921,72,10
2017-07,2051,1996,55,9
2017-08,2055,1999,56,10
2017-09,2011,1954,57,11
2017-10,2025,1967,58,10
2017-11,2039,1982,57,10
2017-12,1972,1799,173,9
2018-01,1964,1786,178,10
2018-02,1977,1797,180,10
2018-03,1921,1735,186,11
2018-04,1955,1760,195,9
2018-05,1964,1764,200,9
2018-06,1995,1807,188,9
2018-07,2005,1817,188,9
2018-08,2021,1831,190,9
2018-09,1992,1822,170,9
2018-10,2062,1893,169,9
2018-11,2116,1947,169,8
2018-12,2081,2015,66,8
2019-01,2083,2029,54,11
2019-02,2088,2035,53,10
2019-03,2054,2005,49,9
2019-04,2050,2002,48,9
2019-05,2048,2000,48,8
2019-06,2041,1990,51,10
2019-07,2053,2001,52,10
2019-08,2080,2026,54,11
2019-09,2012,1958,54,10
2019-10,2017,1962,55,10
2019-11,2024,1970,54,10
2019-12,2065,2028,37,7
2020-01,2053,2002,51,7
2020-02,2052,2000,52,8
2020-03,1975,1919,56,9
2020-04,1976,1920,56,6
2020-05,1977,1921,56,6
2020-06,1965,1899,66,8
2020-07,1962,1894,68,8
2020-08,1964,1895,69,8
2020-09,1889,1822,67,8
2020-10,1884,1818,66,8
2020-11,1884,1817,67,8
2020-12,1962,1875,87,7
2021-01,1948,1862,86,9
2021-02,1942,1856,86,10
2021-03,1892,1806,86,8
2021-04,1886,1800,86,8
2021-05,1892,1805,87,7
2021-06,1888,1856,32,6
2021-07,1895,1863,32,5
2021-08,1893,1861,32,6
2021-09,1867,1838,29,6
2021-10,1871,1841,30,5
2021-11,1872,1842,30,5
2021-12,1809,1781,28,12
2022-01,1821,1793,28,11
2022-02,1848,1825,23,11
2022-03,1758,1729,29,13
2022-04,1758,1729,29,14
2022-05,1758,1727,31,13
2022-06,1739,1711,28,14
2022-07,1619,1592,27,11
2022-08,1541,1510,31,11
