mom1,firms,clusters
0.0200109649122808,47730,0
0.0524809160305341,13777,4
0.1402670785991586,38746,5
0.1269420903954801,60871,8
0.0576535750251763,14198,2
0.0967876512307051,14702,0
0.0440210249671484,15537,8
0.0997827177001504,68830,9
0.0980392156862746,85914,4
0.0343478260869565,49373,7
-0.0308300395256917,18570,6
0.0517015706806283,18973,2
0.0774091627172195,19271,9
-0.0219383504582061,29938,4
0.087154068566708,10866,2
-0.0640312640913872,25320,0
0.0154360896841372,21742,9
-0.0516967126192999,11267,2
0.0456621004566211,86474,3
-0.0258984431834715,22825,9
0.0179127725856698,26201,3
0.0635308583359062,65541,0
-0.0819968507610661,27562,0
0.0325732899022801,27909,0
1.975206611570248,63546,5
0.0789172156975079,49154,1
-0.04109081934847,19350,1
0.1168316831683169,49429,6
0.0515133876600699,61313,2
0.163090128755365,30737,3
0.0477941176470586,12008,5
0.0698924731182795,31500,1
0.1675041876046901,33209,5
0.0660517703064564,77462,6
0.1526881720430106,62228,1
0.2153628652214891,59010,6
0.0794588710931425,21055,1
0.0767373222430909,83233,7
0.0404131118096093,32678,8
0.1163346613545817,27828,6
0.0826220534106039,66181,9
0.0204918032786884,32870,7
-0.0431189363995687,42922,7
0.0966638152266896,12503,3
0.1322556943423953,89757,3
0.0725635593220339,47571,4
-0.0706713780918728,16678,1
0.0608695652173911,48291,7
0.0862688713156001,48347,0
0.1008490987635932,64282,4
-0.0452261306532663,27617,4
0.0099112596519534,60097,4
0.0047036688617121,52813,2
0.0233713117148701,53197,9
0.0559741657696448,57809,8
0.1624178712220763,57817,6
0.0419741697416973,79611,7
0.0845641471184477,59185,8
0.0098904980572236,34948,1
0.0724822243446885,13936,7
0.1057046979865772,64785,9
0.0960929250263991,62033,7
0.0906685482448403,91556,1
0.0653813914501257,50948,7
0.0114821862082541,42585,0
0.1822675316651221,76081,9
0.0425170068027211,60580,0
-0.0144404332129963,37807,0
0.1051987767584097,80179,4
0.0951886465905158,80857,1
0.0413793103448276,59627,9
-0.038917089678511,81190,6
-0.0006847439057792,55976,1
0.1057876581065542,82924,2
0.0374064837905236,83011,7
0.0867663142544659,15456,4
0.0581380292632396,40539,4
0.0,10025,0
0.0846207376478778,10182,4
0.04199066874028,10259,4
0.1182585115998795,10501,9
-0.0136561142147733,77420,1
-0.0533333333333333,10514,1
0.1695501730103807,10645,0
0.3070009460737937,89105,6
-0.006692759295499,71837,7
0.0841750841750841,11154,8
0.0109649122807018,11343,8
0.1291028446389497,11379,1
0.2422096317280453,11174,1
0.0639841688654352,75100,7
0.0276073619631902,89609,7
0.0192254875034332,12266,3
0.0777262180974478,75489,7
-0.124453193350831,75905,6
0.0254691689008044,76052,7
0.0641338445451376,76076,4
-0.0603060306030602,79315,6
0.1454202077431541,90751,6
0.1454545454545455,77007,3
-0.0867696226715492,76839,5
0.0567375886524823,76847,3
0.2190476190476189,77082,9
0.0014792899408284,77357,8
-0.0730593607305937,77478,3
0.0143839899937459,77501,2
0.1571879936808846,77516,3
0.0538668718737977,77584,6
0.0223799126637553,77897,9
-0.1334405144694533,77699,5
-0.0123456790123456,77862,6
0.1014492753623188,78216,5
0.0306953434955106,78034,8
-0.0055550577905205,78975,0
-0.0442176870748298,78990,3
0.0498802873104549,79007,1
0.1213818860877682,78963,6
0.0646123260437376,79195,2
0.3292181069958846,79307,6
0.1524229074889869,79667,6
0.0872727272727271,79881,7
0.0406504065040651,80114,3
-0.0325986842105262,80274,1
0.0351999999999999,80233,6
0.0291777188328912,80320,0
0.003972758229285,93397,6
0.1249215317011929,80432,2
-0.1039999999999999,81165,3
0.07157381049207,82598,6
0.0754052149400987,88988,2
-0.0476602744469935,83399,6
0.2166666666666667,83391,3
-0.0219269102990032,83822,6
0.162829870859068,83976,6
0.0037367059499857,84084,6
0.0679487179487179,84275,7
0.0031347962382446,84255,3
0.03501417926644,84588,9
0.0234666666666667,84519,2
0.0577145055790688,85019,8
-0.0181629475869226,12493,2
0.042404589673235,85390,0
0.0835172921265636,89606,9
0.2146351840034035,86580,5
0.1115942028985508,86594,7
0.0130718954248367,86881,8
0.0763145649139134,89416,0
0.0142857142857142,90539,5
0.19559902200489,87310,5
0.0713877784123357,87390,1
0.0845356176735798,87432,2
-0.0061728395061728,90640,5
0.1644093303235516,89301,7
0.0645940235436159,89397,7
-0.0182089552238805,89447,9
0.1382600976475809,89540,1
-0.0545212765957445,89908,3
0.0300969651177434,90215,4
0.2483221476510066,90387,3
0.015929203539823,90679,7
0.0334412081984898,90657,6
0.1865828092243187,90715,6
0.074050225370251,90706,1
0.1543004798818752,13379,4
0.0197841726618706,91733,1
0.0513132954237747,92203,4
0.0721145542603842,92322,9
0.0053811659192826,92471,6
0.0753093060785368,92635,2
-0.0207468879668051,77186,3
0.0310130944176429,93373,1
-0.0697674418604651,12080,3
0.0275229357798165,12363,7
0.1502262443438913,12915,3
-0.0172711571675301,13399,6
0.0103806228373701,13454,8
0.0349127182044888,13261,6
-0.0046955958549222,13181,0
2.618110236220472,91964,5
0.2539738608265631,21020,5
0.0583524027459954,11499,6
0.0058910162002945,81912,2
-0.0270170244263507,27991,8
0.0941068981269985,10517,7
0.138387178834902,20482,1
0.1745089081772499,10656,0
0.1836065573770491,60038,0
0.0157170923379175,10779,9
-0.2137662337662338,61487,6
0.3346303501945527,61241,5
-0.0566609350691885,88845,9
0.0519572692169296,28222,8
0.0237209302325582,11368,9
0.1531995196431634,28804,8
0.1143832121344181,11587,9
-0.0221487603305785,11790,3
8.596973865193647e-05,10145,4
0.043299620733249,45911,9
0.1456310679611649,24643,2
-0.1073211314475873,28484,7
0.0559605408079173,81073,9
-0.1001048218029351,93330,4
-0.014145810663765,12758,8
-0.0112712227136539,24109,8
0.0608953258722844,59176,1
0.0106053910737957,13507,2
0.0344827586206897,13769,5
-0.0152217074784909,11144,7
0.0173047804455981,85257,2
0.130660606681604,14008,4
0.1679929266136162,18075,6
0.040517726505346,83112,7
-0.0569426980420334,39490,6
0.0900627615062761,14593,6
0.0958772770853306,14761,2
0.0510608533457681,10516,2
0.1513846153846154,77595,7
0.074151857835218,29209,8
-0.0133310098457785,24272,8
0.1506313890559232,15457,7
-0.1469648562300319,15721,3
-0.0317840426689888,44644,8
0.1718494271685759,16030,5
0.0420066889632106,44601,9
0.0145643051098494,27684,2
0.0767195767195767,40416,3
-0.0450499794604958,53110,0
0.0598271659649898,75034,7
0.0707460184409052,10318,8
-0.0224097385530502,57568,4
0.149829351535836,16505,4
0.0017441860465117,16548,8
0.0141570141570139,49656,4
-0.048605204966831,46877,0
0.1452294685990338,39693,8
0.0619195046439629,27887,6
0.0400974745237041,29612,2
0.0377970399198066,39642,9
0.1104020421186979,17444,1
-0.0077005730659026,65875,1
-0.0087395610798214,43772,8
-0.0044936052540615,17778,4
0.0111275434095678,61508,8
0.0001586294416242,61946,4
0.029183029183029,19561,4
-0.0424528301886791,52230,7
0.0434782608695651,12437,3
0.0139860139860139,60898,1
0.0731822474032106,17961,2
0.0171312032630863,19393,0
0.0948808473080318,10874,8
0.0954301075268817,19880,1
0.3612637362637363,10890,3
0.043656207366985,20117,2
0.036065573770492,45655,3
0.0075787952183765,64186,0
-0.0186497575531517,67838,2
0.0418719211822662,20336,4
0.0862730061349692,62148,1
0.0664062499999997,28564,8
0.0699533799533798,86290,6
0.0663600525624179,46690,2
-0.0343544231319783,20750,0
0.0716574798102807,21371,0
-0.0226154428463285,27334,8
0.1919222593379896,20618,7
-0.1524390243902439,30402,3
0.0916765598206041,18542,7
0.0606189967982924,89792,0
0.0837642192347465,60599,7
0.0410521514368253,90011,8
0.0794512508253244,64194,0
-0.0318827440314296,23182,4
-0.031496062992126,88208,3
-0.0224172469712867,14541,1
0.0306074074074074,30509,1
0.0353613002415988,23297,1
-0.0451938963942074,23393,0
0.0377492877492877,79026,0
0.0940919037199123,47677,4
0.3950617283950617,27422,5
-0.0528939229713129,46578,4
-0.0343120634705363,11995,9
-0.0375027575557025,11308,1
0.4371482176360226,24441,5
0.1554804968402701,24476,9
-0.0267281105990783,30648,2
0.0168032786885246,18729,1
-0.0197747871463884,61735,0
0.0315999386408958,89525,4
0.0999270605397519,25081,2
-0.0127348643006263,25129,2
0.0530846484935438,25452,6
0.1396214706794911,25487,1
0.0554371002132196,25778,8
-0.0366565961732124,40125,7
-0.0120724346076458,26084,3
-0.1125,79618,3
-0.0916370106761567,26463,0
-0.0044753853804077,11404,4
0.0291813110527099,26607,7
0.0307562671160732,26650,1
-0.0148277365896205,23229,0
0.067160883280757,30840,1
-0.0269494146233709,91983,6
0.1063044936284374,27430,8
0.0101849105112232,59248,9
0.0849609375,22293,0
0.0983779971791254,20204,2
0.2932862190812721,27618,0
0.0648218347232751,38420,8
0.0453917505427274,17726,1
0.0698097251585623,59256,4
0.0169322709163348,31077,7
0.0652753805115331,27888,2
0.0918712202063323,41080,2
0.056261127596439,18091,9
0.0041580041580042,19828,8
0.2916666666666667,92570,7
0.4255319148936169,28629,4
-0.0858895705521473,80912,5
0.0636837771067801,91926,9
-0.0204157386785449,29285,8
0.0183817990055747,61743,0
-0.0161420500403551,11674,4
0.2483183856502242,76708,7
0.1233766233766233,29867,5
0.1373338703181634,40440,7
0.0831099195710456,79322,5
-0.014901543374135,44943,7
-0.0191167450419136,26403,4
0.0393258426966292,10886,3
0.0011548825869367,64936,2
0.0591016548463356,38682,4
0.0304385458742066,25953,2
0.0796620398310199,20626,4
0.0098171554792001,30681,8
0.0674382716049384,11703,1
-0.0222446916076846,63132,7
-0.0023312740412635,27959,1
0.060817465528562,88590,4
0.0593314146557448,30940,7
-0.0606060606060606,31051,5
0.0757575757575756,12486,1
0.0858450972911102,42200,0
0.2262773722627737,63159,5
0.069258142340169,31480,2
0.0616105809475975,11762,7
-0.0018549747048903,70578,4
0.0086735773217685,82855,8
0.1592465753424656,32054,7
0.1220253164556961,32062,5
0.07170245398773,22103,7
0.1826086956521742,81124,3
-0.0070650574035914,23042,4
-0.0601092896174864,32548,3
-0.0172163451566065,26470,6
-0.0188145597638955,32986,9
0.0316200959205683,52476,9
0.0478515625,33532,8
-0.0084582852748943,31691,1
-0.0195035460992908,50788,6
0.0327235870457067,42550,8
0.0409937888198757,87696,7
0.007952691680261,87717,8
-0.0474418604651162,33823,6
0.216859041622945,87725,9
-0.0510987838702794,11850,1
0.0265601381990929,19166,7
-0.016180982835965,24205,4
-0.0433562071116656,34367,9
0.0637785800240673,92640,6
0.0209627329192545,47706,8
-0.0313901345291479,21135,0
8.389830508474576,34666,5
0.0790221716884593,34746,2
0.0503018108651911,35263,2
0.0033602410103894,10777,8
-0.0310411908990949,35554,2
0.0566037735849056,36397,8
0.1494197292069632,54244,9
0.0373548712771327,36768,0
-0.0191999999999999,88924,7
0.0860389610389611,88853,7
0.0972495088408644,37154,9
0.0071599045346062,25785,1
-0.0376492194674012,37402,3
0.1715582450832073,37568,2
0.0845070422535212,37584,6
-0.0120068610634649,58421,6
0.0475382003395585,37955,0
0.0172845121673868,12036,7
0.0334033613445376,38093,1
-0.0548122572291758,47941,7
0.0317286652078774,20765,8
0.0549410331125368,12052,0
-0.0108005082592121,12060,4
0.0362077179609336,46834,5
0.1144876325088337,12369,1
0.0195286195286195,55212,3
0.1436893203883495,38659,1
0.0097777777777776,46674,8
0.0422429906542054,39029,3
0.0562372188139059,57154,7
-0.073170731707317,32299,9
0.1173031956352299,16432,0
-0.0116745713243342,53604,7
0.0226744980193964,85908,7
-0.0630459551842004,39571,2
-0.0217155266015202,60468,6
-0.0369636523652365,52695,7
-0.0445544554455444,39731,4
-0.0734824281150159,84808,3
-0.0359902848310885,23819,7
0.0381112176414191,25582,4
0.4743975903614457,25304,6
-0.0328610548874864,52978,0
-0.0275150472914875,41188,9
0.034078212290503,10294,1
-0.0154342317438377,41241,1
-0.0621072982116964,41292,0
0.185336048879837,76927,6
0.2725490196078433,32651,5
-0.076865782809474,32707,7
-0.0240549828178693,16600,8
2.1933152664859983,91575,9
0.0367435158501441,61567,8
0.0590683845391475,52716,4
0.0694152292806058,32803,6
0.1213164121316412,42439,0
0.2727272727272727,42455,5
-0.0033333333333332,21792,2
0.0271839861608795,42877,4
0.0626398210290828,42906,2
0.0647619047619048,87464,9
0.2481927710843372,78892,1
-0.0084427767354596,12570,2
0.0373475609756097,80210,6
-0.0061462814996926,21928,0
0.1079109062980032,56573,0
0.1372549019607842,43634,5
0.1422413793103449,43757,3
-0.0178469717106513,51633,8
0.0405150753768845,12431,2
0.0517683239364428,44274,2
0.0166073546856466,46463,8
0.0923994038748137,44506,9
0.0628048780487806,59328,4
0.1711475409836065,44768,2
0.0582421926472527,12490,1
0.0569524867137305,40272,0
0.0605244252873562,45306,4
0.0809344030202925,21573,2
-0.0017316017316018,53065,8
-0.0502885408079143,45728,6
-0.0382978723404255,46042,3
0.1501501501501501,46077,7
0.0744830355350332,52329,2
0.1307348761672757,82694,0
0.03239901071723,22111,4
0.0335836177474402,46886,4
0.0860042735042734,12558,6
-0.0046082949308755,46923,4
0.0150517403574785,47002,2
-0.0203947368421051,24432,8
0.0668220668220667,12650,2
-0.0092708147619897,24053,0
0.0129822412737292,26825,8
0.0790722192936215,47379,4
0.1243781094527363,44134,6
0.0013280212483399,47619,6
0.0008787346221441,47715,2
-0.0576811172534185,17750,4
-0.1266228562269594,59045,6
0.0350738916256159,48072,6
0.0320460147904684,48144,1
-0.0099367660343269,89456,0
-0.0413907284768212,49488,3
-0.0203274985883681,12781,0
0.0679276707113964,48486,9
0.0184155630436486,48523,0
0.0109176748303334,48531,8
-0.1742195367573011,48961,1
-0.0366492146596857,50286,6
0.0285658383877911,60943,0
0.1576805696846388,65330,7
0.053664166185805,20415,7
0.0525714285714284,50876,4
0.0504400812457686,81678,2
0.0524017467248909,49905,1
0.018374501349881,21178,9
-0.065600370885489,50017,6
0.1642651296829969,56223,8
0.1587136929460579,59774,9
0.0762195121951219,33849,6
0.0813475760065736,66245,1
0.0020833333333334,23835,7
0.0818886861313867,50623,7
-0.006458462355127,50789,8
0.0847457627118644,89790,5
0.0220183486238532,51263,3
-0.0912724850099933,15069,3
-0.0395851592170609,45751,0
0.1790562378797671,34032,9
-0.0191570881226053,51829,6
0.0667945030361139,39538,7
-0.0568282548476453,51925,4
0.0416666666666665,51960,6
-0.0223533322253615,43449,4
0.0418437397842432,89915,1
0.1392877121014357,17478,9
0.0423788396666937,81061,0
0.1340206185567012,52250,9
-0.0315437643618131,17005,4
0.0182260024301335,22752,1
0.0495087651704873,42796,8
-0.0599186991869918,53074,9
0.0026109660574411,87437,9
0.1303643724696355,89857,3
0.3865546218487394,53373,1
0.193390452876377,53640,0
0.0004917025199755,24010,2
-0.0477178423236515,53859,9
0.0637730820483533,54253,8
0.018501598903609,22592,4
-0.012068698746712,24248,8
0.030367231638418,54675,7
0.0909090909090908,54704,7
0.2765957446808511,76591,7
0.0234418604651163,42614,2
0.051690162194937,22779,2
-0.1360629921259842,28345,3
0.0381944444444444,65365,7
0.0820999074930619,69550,4
0.0919366993217785,59408,1
0.1872524306805905,84372,2
0.1556420233463036,13303,3
-0.036075036075036,90377,8
0.1430817610062891,55993,0
0.0914606741573034,78900,1
-0.0065049226441632,25590,7
0.1074529667149057,52337,6
-0.0509803921568626,34497,8
0.2381951731374607,56945,6
-0.0339818417639428,64450,6
0.0727272727272727,47466,2
0.0800905908997322,60986,9
0.1247443762781186,21207,9
0.0915371329879102,34673,6
-0.0041817674937273,61815,6
0.0546223423000118,64311,2
0.0048214285714285,28118,7
-0.0235392320534223,44206,4
-0.0324283559577677,38762,7
-0.0178651183564092,23931,4
0.0200724418955628,58246,2
-0.0254183912182832,24766,9
0.1885770556376169,58318,7
0.0018512804689911,58334,8
-0.0369430791184397,90458,8
0.0856102003642989,34817,8
-0.0109846479618845,34833,6
-0.1234567901234569,72611,6
-0.0663094440723376,58975,6
0.2167832167832168,67029,9
-0.0525854513584574,59089,3
0.0002864508736752,23026,7
-0.017709923664122,24440,7
-0.1586151368760064,13610,5
-0.0446762974852863,60186,2
0.0269798136645962,91531,8
0.0433092726263186,77157,6
0.0010695187165774,44230,8
0.0968468468468468,90531,6
0.0053768602976476,22509,6
0.1368806631964527,60506,1
0.0003128911138923,13688,8
-0.0187686370812137,86136,8
0.0751565762004176,61146,2
0.0530410183875529,61269,7
-0.0960698689956333,58675,3
0.0568255437297546,41355,2
0.0708243489799302,61496,9
-0.0010596026490066,22517,2
0.0281291296960544,13856,4
0.0666666666666666,50550,4
-0.0492969970491233,62341,1
0.1877624475104977,62368,3
0.0477137176938369,21936,4
0.0253025302530254,21776,2
-0.0286034772854738,52898,4
-0.0182714617169372,13901,9
-0.0637614678899083,13928,6
0.1134944338854195,62958,5
0.090735434574976,63125,2
0.096551724137931,89968,1
0.0848314606741571,24459,1
0.0963636363636364,80185,1
-0.063548551093035,63715,7
0.0108657139482697,18163,1
-0.0304740406320541,55511,8
-0.0128727740828148,23712,8
0.072421524663677,64929,0
0.0310663308144416,64961,7
0.0201005025125629,65008,5
0.4523809523809523,87043,3
0.1055662188099808,65270,7
0.1135902636916836,69649,8
-0.0669671603348357,66683,1
0.0679776233259874,65700,1
0.0263332107392424,24942,9
0.1082652134423252,58771,7
0.0795180722891566,76711,7
0.1355896126011069,76282,1
0.0152451586320561,80294,8
-0.0036578993206757,84381,8
0.1201309328968902,35991,8
-0.0372394943628288,36003,1
-0.1370328425821064,45495,6
0.1738405998333798,67847,4
0.0778541053320249,27633,7
-0.0646435252546248,68196,0
0.0646153846153847,68591,0
-0.0095162569389373,23085,4
0.0206783547482858,36281,2
0.0467289719626169,88518,3
0.0263215140308896,85926,0
0.0074906367041198,41574,1
0.0251479289940828,51625,8
-0.0881335645964559,50243,4
0.0517153097798257,88742,9
0.0206354063869171,36468,9
-0.1431799322142349,49138,3
0.1532467532467534,70704,5
0.0542503688571105,65402,9
-0.0041186792473274,60206,0
0.0255739025372534,71176,8
0.008222643896268,26614,6
-0.3152173913043478,63335,3
-0.0037337453328184,15720,0
-0.0141487905066178,71475,1
-0.0024240164087264,18411,2
-0.0561081356796736,58683,9
0.0018514232816477,66093,4
0.1589825119236882,63765,3
0.0069312465064281,71942,1
0.3562300319488818,71985,9
-0.0440973817179605,17523,1
0.2413793103448276,72304,6
0.0542986425339364,39220,8
0.0746702166283432,43481,0
0.0942276568962416,43350,0
0.0083963056255247,18438,7
0.2199554896142432,72726,1
0.0802956492524777,36898,2
0.0338082588746679,72980,0
-0.0296253025118917,73139,0
0.0623340103108889,73219,4
0.1411501120238982,52396,0
-0.1581980094290204,47861,1
0.057217165149545,65429,1
-0.0039164490861619,43334,3
0.0206937327552225,52038,4
0.110759493670886,74406,1
0.1119613370922272,65752,6
0.3591836734693876,74836,3
0.423884776955391,74908,3
0.1112521150592216,57007,7
0.3968627450980391,43123,3
0.0169195194856466,44329,9
0.0616992582602831,63773,8
0.189530350844626,75460,2
0.2126153186011585,84375,8
0.0030472320975114,51369,2
0.0164175120128138,37284,8
0.1133280127693536,15579,9
0.0667396061269145,23579,8
0.0749865372892892,62092,9
-0.0317460317460318,50606,3
-0.0269197584124245,93423,8
0.0909980430528376,14795,7
-0.0363353231248377,14816,8
0.000808799741184,62308,2
-0.0412351722839389,76639,0
0.0228855721393033,76946,8
0.2498653742595584,55001,6
-0.0234916201117318,92583,8
-0.121973929236499,59600,3
0.0697183098591549,45356,2
-0.0221343037529659,76185,9
0.1019613714627936,77730,9
0.1425438596491228,91103,4
0.0002209944751381,17929,8
0.0445103857566764,79244,1
-0.0569620253164557,77973,6
-0.0073448402497245,78044,8
-0.0212765957446808,24985,8
0.0664756446991403,48725,6
-0.1966580976863753,63781,3
-0.1176104542626012,78749,3
0.0141643059490084,92655,9
0.0413456117271189,78829,2
0.0035276643148904,87447,4
0.1547619047619048,78960,3
0.1235294117647058,79039,5
-0.344240837696335,79303,6
0.0497318381277427,17830,1
0.1594124047878129,79338,5
0.025076165924537,67360,8
0.0392736486486484,59619,0
0.0271908555594042,16555,8
-0.0340791175183357,79637,9
0.0328571428571426,79776,4
0.0152870385428525,43553,7
-0.048502994011976,79864,4
-0.0319361277445111,80128,7
0.1521342575702298,27043,8
0.0126811594202898,81116,6
0.6354679802955665,61700,3
0.0758676351896689,57808,2
0.0300764373546029,15202,9
0.0,21231,0
0.0279854143076068,53225,7
-0.029017857142857,24969,0
0.0286757008009153,46068,0
0.0221562809099902,42059,8
-0.0327380952380951,63829,3
1.1767955801104972,79066,5
0.0579862941486557,62498,0
0.005289885738468,66384,6
0.0031512605042018,59467,3
0.005759539236861,38033,2
0.0990930466913,39917,2
0.0641466208476517,92872,4
0.1543446951512244,25419,0
0.1081830790568654,38156,6
0.0138539042821157,58819,6
0.2052165354330708,42286,7
0.0156141568355308,84403,8
-0.0187265917602995,88857,0
0.0844865258557903,38295,4
0.1094309590131317,84129,2
-0.051578947368421,88285,3
0.154684552504716,90756,0
0.1240063593004769,72996,7
0.0797972654408296,87426,9
-0.0217391304347825,86191,1
0.0226882090065314,88664,0
0.0845481049562684,15318,2
0.0353833192923336,71563,2
-0.0054824561403508,80072,7
0.039426523297491,85586,2
0.0632118451025058,35917,8
0.0240375586854459,70332,6
-0.104368932038835,90537,3
0.0496756756756755,10116,5
0.1643835616438356,10028,3
-0.0312457174181171,10138,7
0.1076802814148913,10107,4
0.0453216374269007,10200,9
0.1033175355450237,10302,5
0.2892757360842468,10299,9
0.109113712374582,10363,5
0.2171231634318884,10333,3
0.073552983081033,10382,9
0.0936003482803657,10397,2
-0.0059405940594059,10257,5
-0.0575342465753424,10463,3
0.1682119205298013,70033,7
0.0873015873015872,10421,9
-0.0101994560290117,91204,4
-0.0071794871794872,10530,7
0.0291551175444,79698,0
0.0616203226913836,10606,8
-0.0089928057553956,10550,5
-0.042317743391449,79785,9
0.0023162771109708,75070,1
0.1185019564002236,10547,9
0.0400677200902934,76123,1
0.0440251572327043,79903,3
-0.0362463379785502,10355,0
-0.0661478599221789,10661,6
0.1847133757961783,45225,3
0.1089644513137557,10693,8
0.2605412208936437,10649,2
0.1975570897503984,79909,1
0.0934343434343434,75517,1
0.0149912627609674,10696,0
0.0232403718459495,89386,0
-0.0108695652173913,44813,5
0.128048780487805,89891,3
0.0509594212016355,71175,2
-0.0875196232339089,93179,4
0.1506544138123087,75224,8
0.0467775467775468,35124,8
0.3148148148148146,71191,3
-0.1148275862068965,22323,3
0.0196193510522344,10026,0
0.0649798734905118,10812,2
0.0646757679180887,10909,7
0.0363984674329502,88779,1
-0.0151571164510166,90441,7
0.1539763113367174,10860,2
0.0544927536231885,10443,1
0.0634259259259257,10032,8
0.1856899488926746,85570,1
0.0410187667560322,11701,4
0.0157367668097281,10001,6
0.0287476722532589,77453,9
-0.7085201793721974,10838,3
0.0173913043478259,11292,9
-0.0295522388059702,64390,8
-0.0088688572259377,65294,1
-0.0259493670886076,12173,0
0.0494296577946768,11378,7
-0.0102880658436214,11403,0
-0.0172849096912022,85991,9
0.113152400835073,11481,5
0.0445119305856833,75470,1
0.1374835242826726,11552,1
0.0794217220239728,75107,5
-0.1485438927299391,11547,2
-0.0448717948717949,89048,3
0.0608695652173914,91954,3
0.0322372662798196,11600,8
-0.0546579580611894,75104,2
0.3449781659388646,11043,9
-0.0344202898550723,11654,9
0.0186119873817034,11638,9
-0.0708903153781747,11641,6
0.4266211604095562,11394,5
-0.0661816475005867,75526,0
0.120608795681798,11533,9
0.0131451768799535,11707,5
0.1848249027237354,11775,8
-0.0147190008920607,75233,1
0.1228763334650338,75186,4
-0.0132412204951064,11809,7
0.0601051840721262,11731,8
0.1528704939919891,11825,9
0.061884669479606,11803,9
0.3228454172366621,75261,5
0.0136054421768707,37217,1
0.035978835978836,75272,0
0.011111111111111,88197,2
0.0498016747465843,85789,8
-0.0369452579409776,11618,1
0.1426169795460914,11896,8
0.0240034290612944,12448,0
0.0381998953427524,84769,7
0.2016850974196944,10180,9
0.1389569478473924,11884,8
0.207803326810176,75182,7
0.0751273014266713,75241,2
0.0300483829895594,75320,2
0.0786447000310848,75285,2
0.0551181102362203,10901,0
0.182116788321168,75316,7
0.0596553247901017,11891,0
-0.0022634676324126,11955,4
0.0707070707070707,84176,2
0.0714285714285714,11752,4
0.1633752244165169,81774,3
0.0756062767475036,12149,1
0.0453172205438066,75573,6
0.1663003663003663,84387,0
-0.028871829105474,17743,4
0.1247711221553755,12226,5
-0.0219138056975893,78664,3
0.0713134259614645,12062,4
0.182586956521739,12190,3
0.0142475512021371,80926,9
0.0330920372285419,12209,7
0.109680879592384,11992,0
0.0376659462797159,36346,8
0.0250980392156863,85269,8
-0.0072222222222221,92029,6
0.0936662606577345,75591,0
0.0677540777917189,76573,7
0.0743083003952569,10375,7
-0.0031036623215393,75694,8
-0.0216172938350681,63467,8
0.0980148883374689,75649,7
0.0480278422273781,75654,1
0.034106412005457,12073,2
0.2526424336169117,75603,9
0.114878144654088,93101,0
-0.0206185567010309,75825,6
0.0826666666666666,75853,1
0.1233644859813083,75854,1
0.0429184549356223,15070,8
0.0044444444444444,75556,2
0.0044520547945205,86124,2
0.0394067796610169,11628,8
0.0354147250698972,75831,2
-0.0481598984771574,11748,3
0.0073917634635689,75828,5
0.0314197968343963,11348,4
0.0986842105263157,23799,1
0.0648464163822526,11285,8
0.0270508027270728,11442,2
0.0739839376977367,86896,8
0.1561712846347607,11018,1
0.0376222723852521,87952,8
0.098687089715536,10252,8
0.0426509186351706,90086,2
0.0657338106085259,12189,0
0.278313253012048,11208,6
0.0415726109857035,52936,2
0.0706401766004414,56710,9
0.0777323202805377,10297,4
0.0502793296089385,12068,7
-0.0974025974025974,75860,3
0.055275325767129,11786,2
0.0511018843819865,75509,9
0.0305028854080791,81577,8
0.0592047128129602,10932,8
-0.0041867954911433,11293,2
0.0486725663716816,11750,4
0.0294703305455994,12480,4
0.0838445807770962,11593,1
-0.0166256157635467,69586,5
0.0956298200514138,35685,8
0.2874999999999998,76038,5
0.0859167404782994,89207,6
0.119076923076923,10308,0
0.0343213728549141,77519,2
0.0298013245033113,92807,1
0.0050117924528303,83469,4
0.0428911834789516,86814,2
0.0250000000000001,92716,4
0.0365168539325841,86384,2
0.0827020202020201,10781,8
0.0412371134020619,84725,2
0.0777565328234544,83642,2
-0.0039447731755425,80517,7
0.0709498497804483,91937,9
0.1747965672106364,87759,1
-0.0376398779247201,10232,7
0.0539070227497526,90534,2
0.0185614849187936,12166,8
-0.0470494417862838,10629,7
0.0800731261425959,10913,0
0.0856323898244357,89875,5
88.79591836734694,13330,5
0.0489130434782609,77643,8
0.0458765701802292,77379,2
-0.15506958250497,10253,3
0.0585978374607603,11006,2
0.0532959326788218,86382,5
0.368421052631579,12698,5
0.0396239837398375,77889,4
0.0946698488464596,11565,8
0.1035714285714286,75714,0
0.0039761431411529,81620,7
0.057211282597126,75912,8
0.0923207828121677,85299,0
0.32,93191,3
0.12375,89738,9
0.0415647921760391,77415,8
0.170995670995671,47723,6
0.0,83155,7
0.1054172767203514,79851,4
0.0085734698737793,89211,7
-0.0632911392405063,92686,5
0.003462204270052,11844,7
0.2099529586531319,89141,7
-0.0246241011113532,76266,2
-0.0050882321099924,91855,4
0.0400745573159366,85726,9
0.0603191777116582,75906,8
-0.0185962807438513,77236,6
0.0425357873210634,77528,2
-0.0206185567010309,13328,3
0.0861999190611089,79747,8
0.0033301617507135,89828,2
0.001054852320675,11397,2
0.0280172413793102,84516,2
0.054927764268345,77300,0
0.0650887573964498,76215,3
-0.1027308192457737,13267,3
-0.0415695415695414,76082,6
-0.0671140939597315,87604,5
0.1124277456647397,76095,0
0.365531619179986,84184,5
-0.2441860465116279,76963,5
-0.0565149136577708,76127,6
0.0526315789473683,76128,8
0.0458646616541353,92897,6
0.0928649835345774,76135,0
0.0266530731138945,78981,8
0.0359501894964808,76138,6
-0.0374409305707016,76868,2
0.050381679389313,88965,9
-0.0606787795680493,64822,3
-0.0274509803921568,89655,1
0.1820474029248615,76392,0
-0.0288858321870701,92089,4
0.0509773859716367,85875,2
-0.0181818181818181,76544,1
0.1802325581395347,83671,2
0.0015582391897155,12622,0
0.1073054411445912,76201,4
0.1061452513966481,87053,5
-0.0817647058823529,76207,3
0.1633237822349569,76360,5
0.3123160992013452,89369,5
-0.0677179962894247,17073,3
0.0099770642201835,90053,1
-0.0953968253968254,77486,3
0.0786516853932584,76330,9
0.0853858784893268,76230,7
0.0,76461,3
0.0070546737213403,89948,3
-0.0201118648101868,11644,3
-0.1301147063858927,76261,7
0.108274231678487,76224,2
0.0099773242630385,77256,8
0.0048514251061251,76279,7
0.0232558139534884,76477,1
0.0603405107661492,76478,8
0.1500000000000001,90608,4
0.0511501210653753,79037,4
-0.0341880341880341,78071,3
0.0802586534804108,76529,2
-0.0261398176291792,76515,7
0.1839152119700748,91902,7
0.0597510373443983,88284,3
0.1136363636363635,76582,0
-0.1958266452648476,76613,5
0.2173066111930071,76614,9
0.0666666666666666,76978,5
0.6304863582443654,76644,5
0.0265486725663717,76888,3
0.0458778889272164,76837,7
0.253327608415629,76661,1
-0.0822481151473611,76686,7
0.0348212229876379,76695,8
-0.0003896356906292,76856,2
0.0100150764591859,76709,1
0.0247247706422018,76934,7
-0.0104166666666667,76712,7
0.0467809170912461,76721,2
0.110302566066641,76684,7
-0.0402217504128331,76732,2
-0.0836190686870921,91403,2
0.1545580749652939,76736,8
-0.000497853245109,88031,9
0.1276447337828412,76744,4
-0.0147891755821272,76750,4
0.458008658008658,76788,1
0.0580838323353292,76795,1
0.1073446327683615,76869,6
0.1984126984126986,76798,6
0.0403508771929825,76892,2
0.1989495410243345,76841,4
0.0551693536459103,89213,9
0.0895522388059699,77235,6
0.1550323329464433,77037,4
-0.0159509202453986,13412,6
0.2157758620689656,77202,3
-0.0551343015036628,77090,8
0.1401574803149607,77117,8
-0.0469298245614034,77114,6
0.0153217568947905,77217,1
0.0947689420595825,77165,9
0.0079408845263042,77182,6
0.0710684664173035,77191,8
0.0876777251184834,77175,5
0.1681911517640471,77178,1
0.0943333333333333,77259,3
-0.0357422384555178,90464,8
0.2389096739711382,77271,2
-0.0473507552145768,77274,1
0.0472157526995553,77279,2
0.1798839458413925,77282,1
-0.0480949406620863,77281,6
-0.0011726078799249,77338,4
0.047992164544564,77366,0
0.1954022988505748,77393,6
0.1841809497049733,92871,6
-0.1914241960183766,77413,9
0.0422899102529235,77418,8
0.1010850942318675,77425,5
-0.0718190854870775,77437,3
0.0355654101995566,77447,9
0.1010751001831313,77496,0
0.0369249933268085,77768,1
0.0594479830148619,77505,1
0.0495495495495494,77515,3
0.0218544451517079,77520,7
0.0052224371373306,83738,2
0.0448377581120944,77610,9
0.0389388104407359,77605,9
0.032,77649,4
-0.0097990367048663,77629,9
0.0397111913357399,77630,3
-0.0238275340393344,77660,4
0.0444726810673443,77661,0
0.0035620052770448,77668,1
0.087719298245614,89810,0
0.1589299763965381,84776,6
0.0162815126050419,77702,1
-0.0031500572737686,87505,2
-0.1223897911832945,90352,3
-0.1325366648560564,77763,6
0.0626368812965398,77780,5
0.0067060085836909,77785,2
0.0427350427350428,77868,3
0.0731707317073169,77900,6
0.0745741587037804,77902,8
0.057788306963364,77918,0
0.0,77917,8
0.029042750929368,77971,0
0.1740614334470989,78001,6
0.1246684350132627,78018,6
0.1489436619718311,78015,8
-0.03003003003003,78186,5
-0.1463963963963964,78054,3
0.0665890118423606,78077,0
0.018096135721018,78066,3
0.0584415584415582,78091,1
0.1308795170621279,78081,5
0.2440944881889764,91402,6
0.0504424778761061,78179,5
-0.1119842829076621,78189,5
0.0435779816513761,78172,6
0.0048148148148148,78170,3
0.1700753498385361,78211,9
-0.0246764452113891,78137,7
0.1289040318001135,78156,7
-0.1317365269461078,78213,2
0.0294849023090586,78840,2
-0.0694177863083813,91128,6
0.0218360071301246,88944,8
-0.1971698113207547,78841,3
0.0560538116591928,86889,9
-0.0394045534150612,78908,6
0.0374304501770359,79033,2
0.1702127659574468,78875,7
0.2337002540220152,78876,9
0.094595179367346,78916,5
0.0325076765609007,79019,8
0.5619959677419355,79065,3
14.291005291005291,79006,5
-0.0407493884812095,48653,0
0.1204819277108433,78955,6
0.0175837501894799,78950,0
0.0961386918833728,78987,0
0.0870358090185674,79072,8
0.1076060287416753,79089,3
-0.0548302872062662,79108,0
0.046812749003984,79131,6
-0.0572463768115942,79116,8
-0.0120055604701123,79133,8
0.072039798154194,79103,9
-0.0048240635641316,88597,8
-0.0695246971109039,79150,9
0.0634970284641851,79166,8
0.0661290322580645,79198,3
0.3732702112163146,79159,3
-0.0756938603868797,79237,3
0.0757575757575756,90783,6
-0.0231593995711223,79323,4
0.0875000000000001,79299,4
-0.0201459854014598,79248,0
0.0401742497579864,79249,1
0.1762114537444934,79336,7
0.052665589660743,79265,2
0.0353773584905658,79313,1
0.0182421227197344,79444,5
0.151983151983152,18649,8
0.0731016731016729,79382,0
0.058631921824104,79399,6
0.0042194092827003,79666,1
0.0619025944469731,79507,0
0.0326530612244897,79499,7
0.1239837398373984,79545,6
-0.1138613861386138,79490,1
0.0300850228907783,88568,4
0.0090297983345037,79491,4
0.2996183206106868,79564,0
0.0788444176948541,85913,4
0.0639965171963432,79628,1
0.2126884214013582,79668,8
0.0901066568591393,79731,9
0.0657608695652174,79758,9
0.1476008344923505,79686,2
-0.0084566596194503,79734,0
0.0420860018298261,79824,7
-0.0905253283302063,79857,7
0.1279069767441858,79906,9
-0.020253164556962,79790,5
0.1175166297117515,79862,9
-0.0095127610208817,79839,2
0.0240770465489565,79791,0
0.1664688747437697,79878,9
-0.0199185151652332,79915,4
0.0392993487536492,79841,1
0.028862478777589,80223,2
0.0754147812971341,79879,6
-0.0430528375733855,79796,8
0.0441001191895111,79884,7
-0.0360240160106738,79859,7
0.0547576301615797,79885,1
0.0245757753071973,80034,7
-0.0393225331369661,80080,7
0.1470761961015949,80007,8
0.0155279503105589,80050,2
0.1139813581890811,84723,5
0.0586113615870151,80054,4
0.0611055276381908,80167,7
0.0110159118727048,80113,3
0.0180505415162455,80112,2
0.0207351555136663,80236,8
0.0554686979166667,80204,9
-0.0614896073903002,80254,1
0.0612785272979448,80191,4
0.2374193548387095,80193,5
0.0,80237,0
0.1039361975816826,21186,5
0.2746478873239437,80306,3
0.0852272727272727,13006,0
0.0494324423288172,80375,5
-0.0666666666666667,80316,3
0.1056319051468608,80362,8
0.0145631067961164,80368,5
0.0312729948491539,80341,5
0.0165811290959336,80336,2
-0.0026344086021506,80357,4
0.4077253218884118,80303,5
-0.0446428571428572,80485,3
0.0186915887850467,82541,6
0.0881399870382371,80415,4
0.0373990650233744,80478,7
0.2150386507378776,80539,0
-0.0011961722488037,46392,2
0.0819277108433733,80587,4
0.2106598984771572,80524,6
0.0352941176470589,80534,3
0.1164983164983164,80498,9
-0.1096774193548387,80577,5
0.0767025089605735,80563,6
0.0207655741806354,80575,8
0.1142857142857141,89099,6
0.0463917525773196,80633,9
0.0803378864126527,80759,0
0.0125804564072558,80774,2
0.0422535211267605,80828,8
-0.0241286863270777,80791,7
0.0608161648177496,80795,5
-0.0224358974358975,80812,5
0.0083573508946699,80837,5
0.0590604026845635,80928,7
0.111392405063291,80924,4
-0.0083432657926102,80955,0
0.0200260078023406,80864,8
0.2868741542625168,80918,5
-0.0323974082073434,80951,6
-0.0851900393184796,81010,3
0.1612903225806452,80960,5
0.0410039761431411,80957,4
0.2468179302711677,80969,9
0.0982769623484365,80990,8
0.3666666666666667,81084,9
0.0053944706675657,81095,2
0.0232693426410703,50972,4
0.0562116202172886,81055,7
-0.0099909173478655,81182,1
0.0724770642201833,81184,3
0.2900505902192243,81173,4
0.1664037854889588,88379,9
0.0251889168765744,90359,2
0.0438484461472967,88865,4
0.1832061068702291,85205,1
0.0230769230769232,81220,8
0.1167557932263814,81241,8
0.0677903994137048,81254,9
-0.004507042253521,81292,7
0.0153767298821116,81282,6
0.0939416237429482,81278,2
0.0467153284671533,81501,7
0.1008807045636508,87532,0
0.0740040342914776,81540,4
0.4919210053859963,81566,9
0.0581587651598676,81541,0
0.0150281778334377,81560,4
0.012304250559284,90470,8
0.125,81588,1
0.0352422907488987,81565,4
0.0384245917387127,81584,8
0.0250155054786025,87476,2
0.0267857142857141,81624,3
0.1543859649122807,81621,6
0.0893563182033845,81736,4
0.045014245014245,85332,2
0.0103609625668448,13008,1
-0.0683188211654386,81740,8
0.0843781768891902,81761,3
0.0194656488549618,81696,2
0.1994204425711274,81666,5
0.1915572898190849,81728,5
0.0492379835873388,81665,7
-0.0246333475722626,81677,7
-0.0060405300077941,88719,2
0.2295454545454545,89611,3
0.0243632336655592,81893,4
-0.0122850122850122,82251,2
0.0493273542600896,81869,4
0.0098237000669492,82171,4
0.0436986962819891,91262,2
0.0574304322084073,82212,1
0.0562797693657557,82179,9
0.0190972222222223,82176,2
-0.0019120458891014,82234,2
0.0206185567010308,82281,3
-0.0485986469694879,82272,7
11.01127589165339,82266,5
0.0548128342245988,82287,4
0.0369636963696369,82261,0
0.0124183006535947,82508,1
-0.0661734484175914,82298,6
0.0451422963689893,82518,2
0.0877379559714983,82515,9
0.0758928571428572,82521,9
0.0028453181583032,82307,7
-0.0188058298072402,82575,1
0.0653104925053533,82567,4
0.0236425339366515,82581,0
0.0464285714285714,82621,9
0.0717120181405897,82649,7
0.0255439924314095,82552,4
0.0727081138040042,82547,9
0.0206548011426062,82642,4
0.1299680149284048,82651,0
0.108695652173913,86042,9
0.069286090159621,82634,7
0.1222334004024143,82573,8
0.0088028169014084,82587,7
0.0631361323155215,82607,0
0.0482374768089055,82599,3
-0.2142857142857142,82762,3
0.0068775790921595,82779,9
0.1128730178549131,82686,8
0.0281509916826614,82759,7
0.0405213941626523,89736,8
-0.0247524752475246,82670,5
0.2916666666666667,82768,3
-0.1020730058584948,82775,4
0.0902151283830674,82702,4
0.0532544378698225,82747,5
-0.0366938472942921,82800,7
-0.0220994475138122,82812,9
-0.0114942528735632,83875,3
0.2333333333333334,86122,9
0.0338983050847458,86098,6
0.1585903083700439,87832,4
-0.2277847309136421,88177,3
0.0727595385980479,84825,1
0.1033185349611542,90710,9
0.0960108181203516,83145,9
0.5733333333333333,87471,5
0.1053864168618268,91910,9
0.0574712643678161,83149,0
0.1724381625441695,83120,7
-0.0070810385523211,84397,0
0.2542372881355932,37381,1
0.1014046762589926,83111,1
-0.0012403870007443,83124,0
0.1028589185829709,82859,0
0.0476190476190476,83303,6
0.0346472508159678,83143,8
0.0669794109981756,83272,2
0.0593749999999999,83291,4
-0.0900383141762452,83304,7
0.1990521327014218,83244,5
0.177922077922078,83390,7
0.0093749999999999,86080,3
-0.0036563071297988,83411,3
0.016773162939297,83435,4
0.0258152173913042,84215,0
0.0268410185822436,83414,8
0.0204532891100055,83421,2
0.0763358778625953,83366,3
0.2274220032840721,83382,5
0.0597375690607735,83422,0
0.165613147914033,83520,4
0.0116648992576882,83504,2
0.0530973451327434,83509,8
0.1137171286425018,83462,1
0.0962059620596205,83565,6
0.0108451757666419,83503,8
0.1474358974358973,93312,1
-0.0106727037516171,86091,1
0.1221741221741221,83690,2
0.0349586016559337,89202,4
-0.0153168044077135,83621,2
0.068649885583524,83622,5
0.1324237560192616,83633,1
-0.0935143288084464,83630,3
0.0983884648006785,83661,7
-0.1599999999999999,83602,3
0.0650273224043713,83683,8
0.0678571428571428,90082,0
0.0379746835443037,83774,2
0.0352504638218924,83779,2
-0.0694076938733971,83799,7
0.0267229254571026,83734,5
0.0,83756,5
0.0519719867305565,83916,8
0.023529411764706,83879,4
0.1036866359447004,83844,1
0.0266047297297296,83856,4
0.0039215686274509,83883,3
0.0676883780332056,83862,0
-0.0448877805486284,83910,7
-0.1330195927775644,83906,6
-0.0714285714285714,83885,3
0.0329138431752178,83903,5
0.0082644628099175,83827,5
0.0328317373461013,83831,8
0.214574898785425,83969,0
-0.0684745762711864,92530,6
0.1135343168697882,88436,3
0.0456621004566208,83950,7
0.0023148148148146,83965,4
-0.0097701149425286,84140,5
0.0863509749303621,84030,1
-0.0476190476190476,88905,3
-0.032258064516129,84026,5
0.2204334365325078,84103,0
0.0220548682087142,89425,8
-0.1138489618982431,84062,2
0.0352941176470587,84636,8
0.2593769866497137,84042,1
0.2323432648299379,84010,9
-0.1315492957746479,84041,3
-0.0386329866270429,84032,6
-0.0155261644623346,84168,0
0.1550695825049699,84203,3
0.069767441860465,12877,5
0.028365325834454,84234,0
0.1560943927256981,84172,1
0.0946938775510204,84262,0
0.1104177970699946,84210,8
0.034033613445378,84348,8
0.1037131882202304,84325,7
0.0266646804707284,84365,2
0.6172686788718456,84302,3
0.0608033411128854,84373,0
0.2141550583931337,84319,0
0.0171261487050959,93131,1
0.1145344943067649,85176,3
-0.0623052959501557,88984,0
0.0171775008420342,84438,1
0.0163149035348957,84385,9
0.1842948717948718,84413,9
0.0044444444444442,84511,5
-0.0365332296929654,84563,2
0.2026854219948848,84624,1
-0.0147058823529412,84604,3
0.1021823963000434,84606,9
0.0714180749448933,84389,8
0.0661984196663738,84597,2
0.2190201729106629,84737,3
0.0203426124197001,84749,4
0.0595991561181434,84761,9
0.0909090909090908,84607,4
-0.0153559795253607,84656,8
0.0819336337566571,84734,9
0.0399505766062602,84780,4
0.1192052980132449,84827,9
0.0603532601101142,84788,9
0.0152610441767069,85079,4
0.1442272891784293,85035,5
0.3256423702149973,85002,5
0.0945101539834858,85072,6
0.0641141412317141,85067,2
0.0393700787401574,85013,1
-0.0343249427917621,85077,6
0.0062499999999998,85020,9
-0.0672397912189131,85059,9
0.1745562130177516,85168,3
-0.054140127388535,92245,3
0.1447403820285175,85187,5
-0.0588637919233401,85177,9
0.0014432989690722,87364,3
0.0046860356138707,89022,6
-0.0407782515991471,85198,7
0.1233453052847612,85246,2
0.034496753246753,89038,8
0.0498960498960499,78217,1
-0.085076708507671,85280,1
0.013639794077062,86818,9
-0.1278688524590163,85320,5
0.0011047282368539,85319,6
0.4603960396039603,89898,5
0.1638888888888889,85349,7
0.1050106609808101,90012,9
0.0783888084901109,85348,4
0.0310375406443985,85372,7
0.0854037267080745,91908,4
0.0792892465007124,93295,9
0.0399334442595673,89270,8
0.035035035035035,90875,2
0.035238095238095,85418,2
0.0893854748603351,85502,5
0.1164658634538153,85440,9
0.0230517804920005,85488,7
0.0338235294117648,88635,0
0.014069718605628,85517,2
-0.0684579839123737,85424,6
-0.0198019801980197,13265,6
0.0553227158424141,87114,8
0.1923566878980891,85464,9
0.0560640732265447,89615,9
0.0338983050847458,87837,1
0.2625607779578607,85427,1
0.1024335031126202,85419,7
0.040118870728083,85540,4
0.126849662204054,85621,9
0.0625365283459964,85627,6
-0.0098039215686274,85539,3
0.386255924170616,85571,4
0.1526946107784432,85798,9
0.0426937557718263,85593,7
0.0079413561392791,85567,3
0.0046403712296985,85576,6
0.0249221183800623,85522,7
0.1085470085470086,85526,3
0.566579634464752,93285,5
-0.0331294597349643,85686,9
0.0207774798927613,85725,2
-0.0326283208666494,85675,9
0.0295959353991193,85645,9
0.1398042740163769,85710,4
0.1873323397913562,85663,4
-0.0026490066225165,85728,4
0.0053571428571428,85883,7
0.0256410256410255,92878,1
0.0633333333333334,89938,8
0.1333333333333333,92557,5
-0.0068259385665527,85731,2
0.0073333333333331,85751,0
0.0433689503456946,85656,4
-0.0041710114702814,88183,8
0.0634081902245706,85744,1
0.0017349063150591,85753,9
0.252012882447665,85768,5
0.1613445378151261,85724,9
0.0426387771520515,85738,9
0.1072664359861592,85792,7
0.1075593952483802,85839,8
0.0452155625657202,85966,0
0.0844537815126049,85886,0
0.168228279386712,85889,4
0.0921348314606742,88384,2
0.0603948896631825,85931,6
0.0347826086956521,85903,7
0.0195241000610129,88203,4
0.0692640692640693,86444,5
0.0969423210562889,86102,2
0.0190124108793239,86111,4
0.0713001797483521,87014,8
0.0326382592928378,85860,8
-0.0050399721932568,85863,2
0.0226428079834823,87488,1
0.1689230769230769,32687,3
-0.0172562553925798,85829,1
0.0444743935309972,87501,0
-0.0034246575342464,87508,1
0.0842787682333872,88820,2
-0.1554054054054054,13121,3
0.0775280898876404,88951,4
0.09366391184573,85939,8
0.1265632816408204,85951,9
0.1314285714285714,90603,0
-0.01501641639306,85953,6
-0.0047483380816712,86302,8
0.0465729349736379,87614,2
0.068251871422281,89821,9
-0.0948074224232028,85992,1
0.0951625693893736,85972,8
0.0939130434782609,86047,1
0.0171088519712374,89681,4
0.1228571428571427,90544,9
0.0038684719535784,86062,6
0.0930637095020656,86026,8
0.0336764605630921,86021,0
-0.0909090909090909,86083,3
0.1755485893416928,86051,0
-0.0191416309012875,86113,3
-0.0346070656092284,86048,9
-0.0056587572237746,86196,0
0.1903358868591633,86128,9
0.0206671501087745,88341,1
-0.0007427722545996,86211,4
-0.0412541254125412,89279,0
0.5700655933214074,86150,3
0.0715028060694242,87318,9
0.0555555555555555,86157,8
0.0714681440443212,92919,8
0.004367575122292,86158,7
0.0236768802228413,87067,8
0.0249694429893485,88836,3
0.2335483870967742,86155,3
-0.0323383084577113,86178,6
-0.0492088630750937,86288,0
-0.0030303030303029,90221,4
-0.0009744689144417,86228,4
0.0097087378640776,88257,6
0.072194424588992,89643,4
0.0921052631578946,86299,0
0.1741112123974475,86250,0
0.0788997466521896,86287,8
0.0009873949579832,86260,5
0.1845102505694762,92935,8
-0.0909387351778655,86728,4
0.0073875083948957,86312,2
0.1439999999999999,87160,7
0.0659999999999998,86305,8
-0.0433796707088632,86339,4
0.0673170731707317,86362,1
0.3310551046561298,86356,6
0.0483162518301609,88940,4
0.0688517970117108,86868,1
0.2552083333333335,87658,6
0.069936421435059,89109,2
0.1452513966480446,91431,8
0.0499053519187746,90914,9
0.0019611688566385,86432,7
0.0903010033444815,12380,4
0.1159962581852198,86489,7
-0.0144787644787643,86544,3
-0.0220588235294117,86526,1
0.0239704978488015,87069,6
-0.0409560342283858,86573,4
0.0311939763356041,90591,0
0.0140730337078651,87342,6
0.0757961783439491,86582,4
0.2023480662983425,86547,1
0.0639044943820223,91608,4
0.0766396462785554,86560,0
0.0011702750146285,86719,2
0.0744047619047618,86709,4
-0.0265888456549935,86720,1
-0.0133388912046684,90590,8
0.0713770728190339,86763,9
0.0608453320947515,86778,0
0.0820243570135366,86783,4
0.0796972395369546,86810,4
0.0157706093189964,86820,2
0.1474926253687316,86822,7
0.027491408934708,86819,1
0.1528436018957346,86827,2
0.2044748290863889,86799,3
-0.094691754627505,86899,2
0.0223642172523963,86916,5
0.0600461893764434,92318,0
-0.0176991150442475,86924,6
0.0825402990872012,86876,7
0.0655080213903742,12835,6
0.0589394188146445,12588,5
-0.0717596884850731,86946,5
0.0841531974701335,86964,8
-0.1917900403768505,86949,6
-0.0380281690140844,88368,2
0.0654067074300537,86996,4
0.1424660120845922,87006,0
0.2063789868667915,86989,5
-0.1328643331045527,87000,9
0.0318373609512849,86965,8
0.0088928412627835,86979,2
0.0415800415800415,87016,7
0.0373990650233744,87077,6
0.0038610038610038,87020,9
0.0484764542936289,87121,1
0.0628988149498632,87066,4
0.0580971980370428,87075,4
0.277892030848329,87056,0
0.0995791655274078,87034,9
0.0940423436730675,87086,4
0.0039856516540455,86793,4
0.0121951219512197,87162,0
0.2575280898876404,87179,5
0.141772151898734,87172,1
-0.1205673758865247,87227,3
0.316174676750427,87264,4
0.0776699029126213,87236,3
0.0692494088109072,87267,4
0.0599999999999998,93313,5
-0.0008773469029654,87268,2
0.1010561689870379,88475,9
0.0764331210191082,87361,6
0.0265663474692201,87269,1
0.0727865290602933,87356,9
-0.060931899641577,87302,0
0.1228215767634852,90358,9
-0.0965492580010727,87299,2
0.0555555555555555,87321,0
-0.0376344086021506,87337,5
0.0891139240506329,87379,4
0.0714285714285714,89597,4
0.137608695652174,87439,5
0.075609756097561,87430,6
0.0272480755773267,12308,9
0.0973659454374413,90808,9
0.0231607629427792,87394,6
0.1345782356728913,87415,0
-0.251,87424,3
-0.0235294117647059,87373,7
0.043157894736842,87510,0
0.0600706713780918,87445,8
0.0458978772231783,87496,0
0.0183696900114809,87487,0
0.0504570383912248,87525,0
0.1159420289855071,87541,8
0.2612826603325415,87589,1
0.1188630490956073,87602,1
0.1285081240768095,87612,0
0.0413436692506459,87797,1
-0.0078328981723237,87825,6
0.256578947368421,87814,3
0.0931473122691834,87812,8
0.1483004111099968,87657,4
0.0023693875133279,87659,7
0.0269058295964126,88810,3
0.0593178447849727,87789,2
0.2427964100141708,88152,0
0.0519276160503539,93368,4
-0.0863499245852186,88167,1
0.0225921521997622,88468,3
0.1372822299651568,88173,5
0.0528391167192427,88174,6
0.0932642487046633,88195,3
0.175416133162612,88159,5
0.1741803278688525,90354,5
0.3652173913043477,88370,5
0.1371882086167799,88182,8
0.0869565217391303,88260,3
0.0294659300184161,91171,0
0.0526315789473683,23887,1
0.1063673168936325,89572,9
0.0035460992907803,88534,6
-0.076717811874583,90071,6
0.0394670688788336,88343,8
0.065035708858836,88319,7
0.0519345663930645,88352,0
0.0497959183673468,13198,4
-0.5833333333333334,91040,3
0.0665938864628821,88281,0
0.0847701149425286,88313,8
-0.0204309063893016,88280,2
0.1231884057971015,88332,4
0.0594235033259422,88287,9
0.1810642709053214,88439,0
2.977695167286245,88417,5
0.0216587427363972,19675,6
-0.3254545454545455,88471,3
0.1125827814569535,88466,6
0.0803571428571428,88485,4
-0.023391812865497,88421,3
0.1117824773413898,88451,5
0.1849979341786578,88446,9
0.0769230769230768,88511,3
0.3402061855670104,88542,5
0.0958663148636764,88504,8
0.1629497472494794,88545,4
-0.0947075208913649,88564,7
-0.0383256637782564,89617,9
0.087205731832139,89395,9
-0.0434782608695653,71862,3
0.1312560025610929,48506,4
0.3213811420982735,88648,4
15.993202718912436,89169,5
0.2342342342342342,88620,3
0.5901639344262295,88626,4
-0.2819269317814419,88615,3
0.0581737849779087,88661,2
0.0,91360,8
-0.1538461538461538,13453,9
0.0606060606060605,88740,3
0.1710794297352342,88750,1
0.044,89576,5
-0.0756302521008401,89925,6
-0.0052083333333333,88792,8
0.1710526315789473,88807,5
0.4187755102040815,88863,5
0.2345679012345678,89029,3
0.106765983860956,88860,9
0.1893095768374166,88949,4
-0.0034965034965034,88839,6
0.0582990397805212,90029,5
0.1410967344423905,90177,5
0.0577777777777777,88908,0
-0.059610705596107,88897,6
-0.1428571428571429,92601,3
0.0791962174940899,88895,4
-0.048368953880765,89004,6
0.1418181818181818,90238,3
-0.0334883720930232,89290,2
-0.033618984838497,89006,4
0.1300029214139644,89110,0
0.0008510638297871,88970,0
-0.0436507936507936,88994,5
0.1639871382636657,89031,9
0.1822172315230708,89002,2
-0.0061075875029362,89014,8
0.0502873563218391,89167,9
0.0404761904761905,89036,9
0.1794138670478913,89044,1
0.0582937202902176,89215,5
0.0893836185412859,89070,4
0.1528251801289342,89327,4
0.1391585760517799,89413,6
0.1799943486860693,89203,1
0.0,89179,0
0.1378640776699029,90223,9
0.0257953568357693,89244,3
-0.0575221238938052,93302,5
-0.011489421325487,89269,4
-0.0180722891566265,89168,2
0.0509187650807401,89217,0
-0.1002879078694817,89230,2
0.0446853516657852,89307,0
0.0128205128205129,89252,6
0.0220779220779221,89262,2
0.0622710622710622,90125,9
-0.0374665477252454,90081,2
-0.0765765765765766,91379,3
0.0819719117225565,12840,3
0.0666500249625561,89297,0
0.1068840579710144,89353,9
0.0322265625,91015,7
-0.075880758807588,92174,4
0.0671506352087114,89409,8
-0.0283018867924528,89332,6
0.0616666666666667,89424,4
-0.0070140280561122,89387,6
0.0117939168218499,89394,1
0.117091595845137,91975,5
0.1028610354223433,12501,0
0.0805084745762712,89445,3
0.0183486238532111,91665,6
0.1666666666666667,93016,5
0.0600325761310629,91152,0
0.0036764705882352,91727,1
0.0400444938820911,89753,0
0.0196078431372548,89453,7
0.0961538461538462,91269,5
0.0306375309754449,89406,7
0.0496919917864475,89626,8
0.0351351351351352,89443,1
0.0624211853720049,89916,5
0.0806487202118271,89533,6
0.094170403587444,90601,9
4.557077625570776,93069,5
0.2254143646408839,89482,9
0.0866873065015478,90313,6
0.2718204488778055,89941,6
0.0830460670636163,93150,7
-0.0431654676258992,90067,3
-0.0490278951817413,89876,8
0.0259674134419551,89653,8
0.0380667236954661,89826,2
0.1541010770505384,89574,6
0.0965065502183406,89546,1
0.0058665772712034,89509,4
0.0448916408668731,89573,0
0.1517960602549244,90436,5
0.1538461538461537,16852,5
0.1127819548872179,92468,3
0.7492322072372815,12358,5
0.1384769539078156,89781,9
0.030456852791878,89698,6
0.2096774193548387,89796,1
0.0506616257088847,89793,4
-0.0293333333333333,89741,5
0.0818258308792596,89800,0
0.0323312535450937,93422,6
0.4117647058823528,90170,3
-0.0059721300597213,90080,2
0.0777629233511585,89824,9
0.1172839506172838,90716,9
0.2428256070640175,13411,5
-0.2041036717062634,89901,3
0.0848580441640378,89866,8
0.3305785123966942,89889,5
0.1628776978417265,89964,1
0.0275275275275275,89905,9
-0.0088217996471279,91086,7
0.0486725663716816,89973,3
0.3671366594360086,89971,9
-0.0620029653592127,89952,7
0.2087802087081685,89904,4
0.0761904761904763,89960,3
-0.0031446540880504,90088,6
-0.1869158878504673,90129,3
0.001954795357361,92636,9
0.1717597471022127,90126,5
-0.1196013289036544,90490,3
0.0642161204605846,90194,2
0.1118295125054684,90454,5
0.0703319502074688,91977,9
-0.2212389380530972,93012,3
-0.196096946805162,90604,3
0.1211752169279951,90248,9
0.1678657074340528,91901,7
0.0815353168294343,91233,6
0.1677115987460815,90700,6
-0.1422413793103447,90533,3
0.0342382000489116,90708,8
0.0355263157894736,90427,9
0.0,90288,5
0.0911906400550586,90227,6
-0.2038461538461539,90314,6
0.0,92453,1
0.0340884099406202,90353,0
0.0098187311178246,90421,2
0.2222222222222223,90423,3
0.0657036346691519,90312,6
-0.037463976945245,90090,8
0.1232258064516129,19721,0
0.0019920318725101,90098,5
0.0644028103044498,90455,9
0.1394156842644796,90274,8
0.0484277787119555,90249,8
0.0429616087751372,90444,9
-0.0478796169630642,90404,6
0.0156482861400895,90371,9
0.34375,90488,3
0.0393820224719101,90476,5
0.0368936170212765,90496,5
0.072150072150072,90568,6
0.1646355484019313,90505,7
0.0349761526232113,90600,2
0.0120567375886524,90637,8
0.0175145954962467,90718,8
0.007125890736342,90417,8
0.0173783515392254,90409,1
0.012853470437018,90548,6
0.0260646108663729,90803,0
0.0313216195569137,90386,6
0.5335051546391754,92521,5
-0.0310160427807486,90520,8
0.0422827138316983,90440,9
0.0108152173913043,90556,5
-0.0342960288808663,90564,9
0.1589147286821703,90605,7
0.05141065830721,90550,0
0.0565016352768692,90569,2
0.1494423791821562,90558,7
0.0457486136783733,90734,9
-0.0553329517267696,91500,0
-0.0657276995305163,90494,3
0.010179640718563,90948,4
0.0130970724191064,90711,7
-0.0502540937323546,90634,3
0.0604982206405693,90672,6
0.020979020979021,12487,1
0.0448143405889884,91018,6
0.1626118744485063,90664,5
0.0533333333333334,13196,4
0.1457777777777777,90720,9
0.0073170731707317,90636,7
0.0289619264562317,91114,1
0.2532110091743118,86165,5
-0.0710526315789473,92571,5
0.0321925288251083,90993,0
0.0714589536367502,90763,7
0.1666666666666667,90735,3
0.6521739130434783,90885,3
0.1373480243161093,91605,4
-0.136631993252741,90791,4
0.0750176928520875,90856,4
0.0012539184952979,90871,4
0.0374037403740374,90984,7
0.0422664624808577,90776,9
0.0910493827160494,90779,6
0.0240663900414936,90829,3
0.0052605942523136,90775,0
-0.180473372781065,92619,6
-0.1033123028391167,90868,9
0.0495626822157435,90795,5
-0.0055489496630994,90805,6
0.0252707581227435,90952,7
0.0228310502283104,90961,0
0.0809578107183581,90971,8
-0.0967971530249111,90956,9
0.0088372093023256,91594,0
0.0880929332042594,90825,0
0.0491803278688525,90926,9
0.0486896551724138,90870,4
-0.0439398889251878,90963,4
-0.0955882352941177,91349,3
0.1210658428268005,90900,7
0.0198339483394833,90957,0
0.0545730166750886,91356,6
0.1962435233160622,90988,6
0.1237942122186495,90989,7
0.12981806968856,91020,9
0.0976172175249807,92044,3
0.0044326241134753,91090,7
-0.0587475790832795,90978,3
-0.0166957388487416,90979,3
0.0447044077710465,91547,9
-0.0839895013123359,91967,6
0.0197573656845753,91801,5
-0.1147540983606557,91488,5
0.0045333333333332,90925,4
0.0643526729161387,91075,1
-0.0141414141414142,91083,4
0.0036416605972322,91408,4
0.0106640814348037,91073,6
0.1291467576791807,91192,4
0.4243523316062176,84185,5
0.1668085106382979,91041,0
-0.0215449290593798,91080,6
0.2388888888888889,91088,5
0.0793973941368078,89003,0
-0.0257142857142856,91603,6
0.0314658480429776,91176,1
0.0306122448979591,91095,3
0.0708915145005371,93175,4
0.0187667560321715,91186,5
0.0385288966725043,91234,0
0.2934782608695652,91627,3
-0.0769230769230769,91201,5
0.1707595659623071,91348,3
-0.0278688524590163,91237,9
-0.0522331566994701,91215,3
0.0564516129032257,91359,5
-0.1711409395973153,91395,5
0.1720025109855618,91366,2
0.0441791044776118,91167,8
0.0164705882352942,91299,7
-0.0432368107893692,88258,3
0.2025677603423681,13377,9
0.048131575764905,13188,9
0.0845292264613231,13407,9
-0.0413410637761533,13356,2
0.1283132530120481,13447,0
-0.0566146735990756,13337,6
0.1650485436893203,91363,0
0.1979624913174347,91463,7
0.0567599527000393,91277,1
-0.1105603448275862,91283,3
0.0579576816927323,93035,1
0.0789473684210526,91472,4
0.0589123867069485,91579,6
0.0598290598290598,91514,4
0.2053258584442887,91503,9
0.1346153846153845,12452,0
0.0057915057915058,91446,8
0.0043149946062568,91391,5
0.0290205562273278,91432,7
0.0201374081971097,91614,7
0.0117359413202935,91468,8
0.0171919770773638,92506,8
-0.0029481959848379,91392,2
0.1466395112016294,91413,8
0.0643216080402011,91618,9
-0.1434323432343234,91659,4
0.0245700245700244,91355,2
0.1228367193378481,93189,5
0.0093770931011387,92093,3
0.0427528675703858,91461,4
0.0711030082041932,92226,9
0.060883406287306,91416,6
-0.2514285714285713,92682,3
0.1411714224415361,91486,8
-0.037128712871287,91611,1
0.0693266832917707,91742,5
-0.2833734939759036,91615,3
0.5654596100278553,12049,5
-0.0165289256198347,91612,5
0.0971193415637858,91622,8
-0.0009416195856873,91625,5
0.4079333986287952,90077,3
-0.0464870575805599,92773,7
0.084802043422733,91516,7
-0.0027201632097926,91683,7
0.053625,91668,8
0.0230414746543781,92456,5
0.1874110953058321,91571,0
0.2307692307692308,91616,5
-0.0181818181818183,92589,2
-0.1862542955326459,92252,3
0.0526315789473683,91658,2
0.0176470588235293,91678,9
0.0106666666666666,91754,4
-0.050080775444265,91666,6
-0.0180180180180181,91650,2
-0.1383285302593659,92035,3
-0.0500362581580855,91741,4
0.0143839899937459,91743,2
0.0888575458392102,12088,8
0.0607692307692306,92449,3
0.0064599483204135,91822,7
-0.1327967806841046,91907,8
-0.0205655526992287,91836,5
-0.0172294968986905,91688,4
-0.0231994459833794,91692,8
0.0354430379746835,91826,9
0.0558766859344894,91814,7
0.0567164179104477,91959,8
0.1245358469008854,91854,7
0.056910569105691,91968,0
-0.2027358490566038,92091,6
0.0636363636363634,91900,3
6.790697674418605,91965,5
0.0666666666666666,93177,3
-0.0097087378640776,91905,3
0.1746987951807228,91909,6
0.0380368098159509,91849,9
0.0731707317073171,93188,5
-0.19650832318311,92210,7
0.0312671420735051,91915,8
0.1439999999999999,91979,3
0.1259259259259257,92052,8
0.0971599402092675,92207,8
0.2090673575129533,92034,2
0.1703042328042328,92050,2
-0.0649599999999999,92345,5
0.1835443037974684,92038,6
-0.2234042553191488,92095,7
0.0683603425093766,92096,0
0.0660377358490567,92195,8
0.1342281879194631,92097,6
0.0606456428438142,92121,2
-0.0361132075471697,86812,3
0.1734782608695653,93126,5
0.0659781985083189,92143,6
-0.0581717451523545,92229,1
0.0086641911834712,92220,9
0.1751412429378531,92177,3
0.0413347866185964,92239,4
0.0770478507704783,92184,0
0.0950092825161079,92188,8
-0.0740525377909235,92296,2
0.1701444622792935,92172,7
0.0208997520368401,13284,2
0.2057142857142857,93149,1
0.0882206582782401,92221,0
0.2754281719678435,92257,7
0.0777777777777777,93004,7
-0.0342465753424657,68145,3
-0.0428524697415766,93071,6
0.807017543859649,92936,5
0.1320303151176705,92293,6
0.4169278996865202,93130,1
0.0636792452830188,89756,5
0.1156639004149377,92402,9
0.1961828672880603,12400,7
0.0527108433734939,92303,8
-0.0451612903225806,92326,3
0.0489270386266094,93052,3
0.0328515111695137,92354,1
0.0331825037707391,92454,9
0.0192170818505337,92428,7
-0.2095238095238095,92429,3
0.023322227510709,92432,6
0.0067430883344572,92443,2
0.0441176470588233,92448,3
-0.0088070456365091,92493,6
0.2068965517241379,92466,3
0.0328006728343144,92478,6
0.0640301318267422,92467,6
-0.0188916876574307,92469,7
0.0853080568720379,92917,1
0.034,92528,7
-0.0054127198917456,92523,7
0.0672108843537415,91365,1
0.6567164179104479,92687,5
-0.0228375340196427,92614,9
0.1668711656441717,92587,5
0.0523122556289603,92611,6
0.1095993953136809,92648,6
0.0327600327600325,92588,7
0.0523917995444191,10258,3
-0.0143531262288635,92602,1
0.1208791208791209,93347,4
0.0768974700399467,92597,8
0.3544064322875611,92984,9
0.1341614906832298,12413,5
0.019455655593501,92618,9
0.2094281298299847,82831,5
0.2035995500562428,92753,5
1.3131313131313131,93031,5
0.1683277962347731,12577,3
0.0794044665012405,93345,9
-0.1041666666666666,92621,3
0.1043710972346119,93079,4
0.1055718475073312,92780,1
-0.0689655172413793,13343,6
0.2604020570359981,92924,1
0.0536072144288577,92852,4
0.0038461538461538,92685,4
0.6619117647058823,92688,5
0.0608639794443552,92709,7
-0.0479862896315338,92692,7
0.0535129231889335,92810,0
0.0677083333333332,92696,1
0.6666666666666665,93339,3
0.130817610062893,92772,6
0.0455753116697321,92771,7
0.0133737067877868,79678,9
0.1432129514321296,92775,5
0.0931068278340412,92729,9
0.0845644421803362,13305,7
0.014745308310992,93384,3
0.6553398058252426,93095,3
0.0245016611295683,92782,2
0.0518006906758756,93089,4
-0.1458333333333332,12527,5
-0.1099999999999999,82526,3
0.1059129304743338,92777,3
0.1533834586466165,92797,5
-0.0170798898071624,92890,1
-0.0064516129032258,92913,6
0.0234481760277938,92809,4
0.1118110236220473,87078,2
0.1501014198782961,91161,4
0.1392365456821025,92808,0
0.1002962336013542,12498,4
-0.0226244343891401,93344,5
-0.0376319412574577,92854,2
0.0,13253,0
-0.0357142857142857,13340,4
0.1339876253467036,92940,2
0.0398550724637682,85909,3
0.1111111111111111,75754,5
0.4727272727272726,93274,5
0.0162448054401209,92987,2
0.0820424555364314,93073,1
0.0264550264550262,93098,2
0.0981323203545425,93132,0
0.0632911392405062,12451,1
0.11787072243346,93085,5
0.0112612612612612,92596,2
0.0041799852471109,93185,1
-0.0376691729323308,78003,3
0.080949656750572,93246,2
0.0540540540540541,93128,6
0.0951374207188158,92486,5
0.075184275184275,12696,8
0.1172214182344428,93272,7
-0.2512562814070351,93371,5
0.0448844884488448,93356,8
0.0201005025125629,93305,6
-0.1105651105651106,12384,6
0.0404744563520966,93301,3
-0.0055555555555555,88244,5
-0.0235294117647056,93401,6
0.046284224250326,93233,3
0.0334519572953735,93304,8
0.0806883365200765,93264,1
0.0415856976292265,93372,0
0.098623853211009,93434,7
0.0225352112676056,93266,6
0.0526315789473683,11664,4
-0.1862955032119915,93420,3
0.3071428571428571,84581,3
0.1216696269982238,13299,3
0.0327229060342237,93429,4
0.0926151596392883,93428,0
0.0143945808636749,12402,5
0.2241379310344828,93393,1
0.2130144605116795,93289,5
0.1459021314920443,11370,4
0.0496904761904759,90954,5
0.0622406639004149,93106,5
0.0707692307692307,12051,6
0.0597358345559981,12449,4
0.3168940188877232,12559,9
-0.2230854605993341,12307,3
0.0888793473593816,12009,1
0.1214771622934889,12340,4
0.1262875055978505,12089,8
0.0395325708602685,93374,4
-0.1657458563535911,93433,5
0.1060391464104013,93436,5
0.0983453012800499,12374,5
0.0301810865191147,12356,7
0.1528497409326425,12078,5
0.1327231121281464,10158,6
-0.0201192250372578,93426,7
0.1060358890701469,13081,3
-0.0575916230366491,12592,5
0.0036630036630038,12348,6
0.0290746435560524,10220,4
0.2491888384166125,12473,1
0.1712204007285975,12919,5
0.0169082125603865,86092,3
0.2153518123667377,12360,9
-0.0093457943925232,12575,3
0.1121387283236992,12446,3
-0.1158044613194115,12476,3
-0.0122636688809403,12502,1
-0.1597365170852202,12660,3
0.1347871781397791,12639,4
0.1199226305609284,12521,6
0.044961511546536,12373,1
-0.0227864583333332,12515,2
0.0747109398161873,12583,1
0.0418353576248311,12366,4
-0.1075429424943988,12494,3
0.0476639924492683,12916,7
0.1215880893300247,12640,6
-0.0157894736842103,12971,3
0.0908198330878742,13410,5
0.0269058295964126,12798,4
-0.0027418723070896,12509,4
0.0981461286804799,12795,6
0.027078497887282,12623,9
0.0183883751651254,12742,1
-0.0277777777777775,12884,2
0.0504945340968245,12783,7
-0.0979661016949151,12579,3
0.059953434225844,13014,4
0.0923694779116466,12873,6
-0.0603907637655417,13111,3
-0.034351145038168,12797,3
0.3109965635738831,12905,3
0.0050190943807963,12645,5
0.0093749999999999,12913,1
0.0376712328767123,12872,6
0.0753069577080489,12927,5
0.0334392242099983,13400,9
0.0730397422126745,13141,3
0.2349397590361446,12792,7
0.2824010914051842,13302,1
0.4830769230769232,13108,6
0.0721649484536082,13409,3
-0.0837471036080768,12880,7
0.1315519013360739,12960,1
-0.0954773869346733,13323,3
0.1567511639937922,13046,9
0.0955591722855149,13080,5
0.1526104417670681,13169,7
0.010905125408942,12920,1
0.0760667903525047,13325,5
0.2422246615440908,13049,5
0.1041902604756512,13201,1
-0.043780403057679,13249,7
0.0922096097030009,13210,9
-0.6004477611940298,13116,3
-0.0424739195230998,12908,7
-0.0405405405405405,13109,3
-0.0833333333333333,13408,3
0.1509727626459143,13316,1
0.1979987871437234,13326,9
0.0651515151515151,13244,4
0.0243007794589638,13375,6
0.1897727272727272,13260,4
0.0106382978723404,13160,6
0.2427035330261135,13106,6
0.0914265999654995,12981,0
0.0129032258064516,13329,3
0.0707726763717806,13035,0
0.0154525386313466,13037,0
-0.0232558139534884,10966,5
0.025271096616388,13036,4
0.0897513644633112,13263,5
-0.0516986706056129,13019,6
-0.0330578512396694,13041,1
0.1140312454372902,13085,4
0.01985559566787,13105,4
-0.0064039408866994,13203,1
-0.0323321554770317,13314,9
0.0596179183135705,13318,1
-0.0097402597402598,13280,4
0.0881804043545879,13168,2
-0.0214285714285712,57913,3
0.0512367491166076,12629,3
0.1265822784810126,92185,3
0.3498233215547701,90542,1
0.0382775119617224,91021,5
0.0759878419452888,93270,5
0.0743957703927491,90199,2
-0.0044742729306488,90272,0
-0.0154639175257733,90276,9
0.2268877275184717,90178,5
0.0415271265907568,90188,9
0.0613586559532506,90187,1
0.2316770186335401,90164,3
0.1049987440341622,92457,8
0.0425925925925925,90233,5
0.1230228471001755,90097,7
0.0313623651618057,90200,7
-0.0324390243902438,90207,3
-0.0241312741312741,91609,4
0.0657764589515332,90303,4
0.0033444816053511,90399,0
-0.108108108108108,92155,5
0.0,27204,5
10.212121212121213,82678,5
0.0533088235294116,12615,7
0.0351328191945159,54594,2
0.0086299892125134,14526,0
0.0504201680672269,11581,7
-0.0439189189189188,15203,3
0.0350116705568523,16126,0
0.0789473684210524,17137,0
-0.0411883862255233,20670,1
-0.0007825301204819,64899,9
0.0931417507388159,23660,9
0.0235081374321881,23975,2
0.0257321821567633,82542,9
-0.0213017751479289,30680,2
-0.0219619326500732,56274,8
0.1593453919035314,31668,5
-0.0969760166840458,47511,2
0.0666753854262749,60628,8
0.0584223687201637,37875,8
0.0079921480650591,17144,0
-0.0314080124465189,41452,9
0.0095665171898355,84226,2
-0.0756972111553784,64020,6
-0.04143620511859,52090,0
-0.001453488372093,53613,1
0.0963532954165273,54114,8
0.1191135734072021,55213,6
0.0054347826086955,57665,6
0.1149346180316586,35107,6
-0.0036974789915966,61621,0
-0.0038910505836574,51692,3
-0.0233545647558387,64742,5
0.0862862862862861,65307,0
0.1935483870967742,66852,6
-0.0654205607476635,46922,5
0.0376167634435749,77354,8
0.2002457002457001,69199,7
-0.0191489361702127,38850,9
0.0338983050847458,44951,6
0.4170744097751397,74500,9
0.0825379000561483,74740,9
0.0100241963359832,65306,8
-0.0210302256279267,81294,9
-0.0482766902846162,19502,4
0.0629139072847682,81614,6
0.0366492146596859,51086,8
0.047517730496454,83601,0
-0.0184355828220857,21785,6
0.0453201970443348,10044,7
0.002687515269973,10104,1
0.0216097713748824,75510,9
0.0322156476002628,70092,1
-0.050179211469534,75033,3
0.0338933097553786,12211,7
4.429553264604811,80297,5
-0.0195555555555555,75976,2
0.3043478260869567,77488,7
-0.0051756007393715,76568,0
0.0253576781710038,76605,9
0.0582665695557174,76752,4
0.071102413568167,77637,2
0.0762753838533927,77669,1
0.1017866811044938,79094,7
0.0648243164050126,87055,4
0.1073863636363634,79866,7
0.1270168211465843,80719,1
-0.0142543859649121,81138,6
-0.0281023050205241,81655,1
0.0179988662131518,82777,7
0.0687732342007434,83148,7
0.0652955643662496,83597,0
-0.0546028880866426,20598,1
0.1882520905568019,89508,4
0.0595238095238095,85040,9
0.0502446982055464,85982,1
0.0807453416149066,85272,1
-0.167681949342738,85394,7
0.0685335298452467,85796,2
0.0370523415977963,87184,8
0.3062068965517242,87214,4
0.0324920220481577,88668,1
0.0081190798376185,88841,2
0.0459512468478564,88873,4
0.0583561034700714,89216,9
0.0602193630035858,89900,9
0.0498533724340175,93065,8
-0.0199019607843137,93399,6
1.976823304273868,12488,5
0.1544885177453028,90179,2
