Firm Name,Momentum_1,Cluster Index
47730,-0.0529187124931804,25
13777,0.0455840455840457,21
60871,0.0153332191194106,28
14702,-0.0037005887300253,15
15537,-0.0149625935162094,1
68830,0.1079103795153177,5
85631,0.0196095415613843,20
85914,0.0023362386557641,7
49373,0.0595457335788829,13
18973,-0.0574712643678162,10
19271,-0.0032768978700162,5
29938,-0.0863424577751893,28
10866,-0.1966527196652721,4
25320,-0.0351457514988629,28
21742,-0.0511116268568323,28
11267,-0.217391304347826,30
86474,-0.0360360360360361,10
22825,0.0887573964497043,8
26201,0.0285714285714286,1
65541,-0.0536011212624585,28
27562,-0.0073260073260074,8
27909,-0.000805152979066,13
49154,-0.0330326515055265,20
19350,0.0193114650543699,24
49429,0.2248083242059144,8
93096,-0.0043411411124892,20
61313,0.0232658336923738,25
12008,0.2294585384324119,28
33209,-0.1374407582938387,30
77462,0.0894736842105263,4
62228,-0.0959446092977249,10
59010,0.1421021726365237,5
21055,-0.1773444753946147,12
83233,0.1209610604805302,25
32678,0.0037263519969423,9
27828,-0.054239073196419,25
66181,-0.039609666184497,24
32870,-0.0040908161178155,28
42922,0.0507042253521128,13
12503,-0.0098759761139182,9
47571,-0.0827740492170022,4
16678,-0.0501327042170449,28
48347,0.0822004426177678,9
64282,0.0062873310279785,6
27617,0.165,22
60097,-0.0322363356428022,21
53197,0.0796491228070175,25
14696,-0.1600207146556188,22
57809,0.008393180669733,15
57817,0.0151006711409396,12
79611,0.0975855130784708,1
59185,-0.0450097847358123,11
34948,0.0200693756194252,13
13936,-0.022635814889336,1
64785,-0.0171796707229777,10
62033,0.0185873605947957,29
91556,-0.0873339048435489,5
50948,0.0364425981873111,9
42585,-0.0287396121883656,3
76081,-0.1121142137308419,11
60580,-0.0220369267421085,9
80179,0.1052631578947369,6
80857,-0.0796424217797643,8
59627,-0.0883720930232557,30
81190,-0.0992907801418438,12
55976,-0.0082910442427274,24
82924,-0.0236518448438978,16
83011,0.0085139318885447,7
15456,0.1165607023917651,5
40539,-0.087151841868823,8
10501,0.0518207282913163,11
70228,-0.1311138512124947,28
10514,0.4572538860103627,19
10645,0.0893939393939393,20
27167,-0.1522633744855968,22
11154,-0.0210843373493976,11
11343,0.084767313723828,11
11174,0.0193213949104618,24
12266,-0.0485564304461942,20
12146,-0.0508108108108108,20
13628,-0.0232882443173894,7
14609,-0.090146750524109,27
14182,-0.0607016352079188,24
14141,-0.0261412904871205,25
14231,-0.0396173761513568,19
14296,-0.2606284658040665,22
75905,0.0282227307398932,2
76052,-0.0194690265486726,2
14544,0.2317728319263239,28
15145,-0.1071428571428571,8
14939,0.0616521563069447,24
76076,-0.0886011678090886,10
15489,-0.1085271317829458,12
15535,-0.0029765311963364,24
90751,-0.2025782688766113,12
77007,-0.0586206896551724,19
76839,0.1511542420232319,6
15582,0.0812260536398465,28
77357,-0.0005608000747732,20
77584,0.1750858263854831,23
77606,0.1489476524554775,2
77699,-0.0654205607476635,22
15729,0.046133853151397,25
78034,0.0319435801700891,21
15707,-0.0779082177161151,1
15837,0.2553191489361701,23
78975,-0.0353453307791096,20
79007,-0.0774270399047051,5
78963,0.1002570694087403,12
79881,0.0735223450264297,5
80274,0.02555910543131,8
80233,-0.0151515151515151,17
80320,0.0494484594903006,20
93397,-0.0328671328671329,30
80432,-0.0742741390952058,5
81165,-0.014423076923077,1
81481,-0.0111670680972193,5
15014,0.1319261213720317,12
82598,0.0011405109489051,10
88988,0.4483282674772035,24
83399,-0.1359223300970873,8
83391,-0.108974358974359,5
83822,0.0137693631669535,10
83976,0.0208183776022972,3
84084,-0.0359510453850075,20
84275,-0.0201748486886347,23
84255,-0.1383272058823529,4
84588,0.0844510445389539,11
84519,-0.0075585789871503,9
12493,-0.0085308056872037,25
85390,-0.108641975308642,12
13687,-0.1238565417385395,19
89606,0.0689432989690721,24
86580,-0.0736483910599233,27
86594,0.0410344827586206,29
89416,0.0646535036778939,11
87432,0.011392906677234,24
89301,0.0264705882352942,22
89397,0.0070568700705688,11
89447,0.0129772144258337,10
89449,0.130328867235079,22
89540,-0.0212508638562544,20
89908,-0.114366729678639,2
90215,-0.0757998139503495,20
90679,0.0948275862068965,3
90371,0.6519999999999999,22
90715,0.00647016534867,6
13379,0.0526762876734172,20
13511,-0.0962614913176711,9
91733,0.2724545909015163,15
92203,-0.0306038497738105,27
92257,-0.1039883065358112,5
92322,-0.0768372176087149,3
92471,0.1330309901738473,28
92635,-0.0130151843817788,11
93373,0.001639344262295,22
12363,0.0376432078559736,8
13399,0.0182421227197344,2
13181,-0.0782583676992423,11
91964,0.6732673267326732,22
21020,-0.082180634662327,4
11499,-0.0288065843621398,25
27991,0.0941649899396377,10
10517,-0.0774933804060017,6
20482,-0.0341817513553248,24
60038,0.2245908259908546,15
10779,0.017123287671233,10
61487,-0.0412060301507537,2
61241,-0.0817172825954383,19
28222,-0.0725844380777693,7
11368,-0.0093785310734462,12
28804,0.0343980343980343,13
11587,-0.0396964536741213,3
11691,0.2958343726615116,7
11790,0.0090845562543675,25
10145,0.0020654881234432,21
45911,-0.0289347766323024,7
28484,-0.0906425604690935,16
81073,-0.0247767002422409,11
93330,-0.0256319604030405,21
12758,-0.0658096112641567,2
24109,0.1003303560504098,11
59176,-0.0898753117206982,3
13507,0.0188064563897525,2
13769,0.0,8
11144,-0.0167427701674277,29
85257,-0.0120724346076459,9
14008,-0.1464431853950267,28
18075,0.3221884498480241,8
83112,0.1314553990610327,8
39490,-0.1235480464625131,12
14593,-0.0600120887660824,2
14761,-0.0358306188925081,1
10516,-0.0053775005377501,21
77595,-0.0173857050869284,11
29209,-0.0097889651665394,25
24272,-0.0162154540327129,14
15457,-0.1709844559585491,4
44644,0.1324109160218713,21
44601,0.0825250312891112,9
27684,-0.0452786377708978,1
10318,0.0237631875448121,11
10239,0.0015232292460014,1
57568,0.0707410972088546,7
16505,0.1634960022056795,25
16548,0.2003167062549484,16
49656,0.0005824111822945,13
39693,0.0268606603245662,16
42358,0.0154820548909218,22
27887,-0.0354389455359364,21
29612,0.1079854809437386,25
39642,-0.0066614666779039,5
17444,-0.0247651579846286,8
65875,-0.0420238695579089,21
17778,-0.0546904540923309,5
61508,0.1633858267716534,20
61946,0.059263413722191,18
19561,-0.1262857997268425,4
52230,-0.0425009444654326,3
12437,0.0245535714285713,22
60898,-0.0710659898477156,2
19393,-0.0305191574058715,23
10874,0.0814802240706162,9
55597,-0.0161445320007688,25
19880,0.176303317535545,9
10890,0.231490159325211,11
20117,0.2766080741742323,20
64186,-0.0144029278082757,5
20336,-0.1784472769409039,2
62148,0.0163512295609629,9
28564,0.2546527462551067,11
86290,0.2058823529411764,16
46690,0.0549542048293087,13
20512,-0.0217207731281665,9
20750,0.0257767548906788,25
21371,-0.0247071352502663,10
27334,0.0122579063495955,11
20618,-0.0374449339207048,30
18542,0.0529668825321409,28
89792,-0.0453108535300317,11
90011,-0.0463182897862233,25
64194,-0.0042260850582681,24
23182,0.1531435349940688,11
88208,-0.3539133998087693,12
14541,-0.0347222222222222,2
30509,-0.0287037037037037,2
23297,0.0191947565543071,5
23393,-0.0567708889126026,7
79026,-0.0895496221737502,21
47677,0.0033333333333334,5
27422,0.2897196261682242,28
46578,-0.0138935147737545,24
11995,-0.0487368725584541,28
11308,-0.0265343325906419,3
24441,-0.0420054200542004,6
24476,0.1280988010457044,8
30648,0.2648428405122236,28
18729,0.0225534672715488,5
61735,-0.1080465826466312,21
89525,-0.086900129701686,21
25081,0.1898039215686273,16
25129,0.1058802629241428,25
25452,0.0365535248041775,21
25487,0.2792553191489362,23
40125,0.0319327731092438,30
26084,0.1187122736418511,28
79618,0.6221821460775474,12
13625,0.2576863950807071,7
11404,0.0088688946015424,25
26607,-0.058869789911246,2
26650,0.0006802721088434,8
23229,0.0312652662432828,9
91983,-0.020358306188925,30
27430,0.0848580441640378,9
59248,0.0506555423122763,1
22293,-0.0135760567726009,11
20204,0.0123678436066227,16
17726,0.1163153786104604,7
59256,0.0212389380530972,5
31077,0.0161595324050196,11
27888,0.0988272087568411,29
41080,0.0413430573972342,7
18091,-0.0954321252412611,29
19828,-0.0199596322045301,9
92570,0.135551948051948,10
28629,0.0723270440251573,13
80912,0.0169886363636364,30
91926,0.0019620667102682,13
61743,-0.1667314418966187,30
11674,0.0728442280945758,11
76708,-0.0448247758761205,1
40440,-0.1845549738219895,2
79322,-0.023454157782516,6
44943,0.0244464127546499,7
26403,-0.0228078658929722,3
10886,0.0077864293659621,22
64936,0.0178639300646141,21
38682,-0.1986301369863014,12
25953,0.021875576887576,9
30681,-0.0464646464646464,16
63132,-0.0006075334143378,25
27959,0.0400858175248419,21
30940,0.0670575302308538,29
31051,-0.1660022779043281,12
42200,0.0321886702254801,7
31480,0.0486680327868851,14
14276,-0.2154195011337868,22
11762,0.0172498284818192,15
70578,-0.0813150520416332,28
32062,0.0139233924547921,23
22103,-0.0118956840018299,5
32986,-0.0410084736897164,3
52476,-0.1293816526055865,9
33532,0.0174958993985785,24
31691,-0.0079958730977558,10
42550,0.0448994787070728,14
33770,-0.0118845500848895,30
87717,-0.0237516570923551,15
33823,0.0798421372191864,9
87725,0.1636363636363638,21
11850,-0.0498106612292456,30
19166,-0.0299310735530167,9
24205,-0.7362372099726185,4
34367,-0.2149321266968324,4
47706,-0.0194871794871794,9
21135,0.0370967741935484,29
34746,0.0891181988742964,25
35263,0.0924801494628677,16
10777,0.4514712654495265,21
35554,0.1247692474752959,16
36397,0.1039236479321314,16
54244,-0.0607679372197309,8
36768,0.1645833333333333,23
88924,-0.030826140567201,28
88853,0.2883087400681043,4
37154,-0.0593869731800765,10
25785,0.1606606606606606,3
37402,0.0104321907600597,13
37568,0.0152983171851095,9
37584,-0.0786240786240787,2
58421,-0.0344827586206897,8
12036,0.0710588235294118,25
38093,-0.0177116878196628,9
47941,0.0238297872340425,25
20765,-0.1872649786914013,25
12052,-0.051289391843487,13
12060,0.1910112359550559,2
46834,-0.1095,22
14558,0.0642201834862385,21
12369,0.1669482933423454,21
55212,-0.0860284605433376,9
46674,-0.0498056110118734,25
57154,0.0363108206245461,18
16432,0.0795306388526726,1
53604,0.0539714867617107,25
85908,0.0794241747331845,13
39571,0.0089649551752239,9
60468,0.033672670321065,16
52695,-0.0189197527516258,15
39731,-0.0122448979591837,8
90213,0.8230088495575221,22
23819,0.0008298755186721,30
25304,-0.0726096333572968,13
52978,0.0,5
41188,-0.0847868217054264,11
10294,0.1060037523452157,23
41241,0.0132321041214751,9
41292,0.0627032048304689,29
76927,0.0381355932203388,6
32651,-0.0984251968503937,24
15408,0.0213689482470784,29
32707,0.0150170648464162,4
16600,-0.0410212780800892,28
61567,-0.0020864381520119,1
52716,0.0905280804694046,25
14338,0.0291842475386781,28
32803,-0.060882800608828,1
42439,0.0372848948374759,25
21792,0.0919896640826871,10
32942,0.0633585939783687,9
42877,-0.0367146700427283,28
42906,0.1384950926935659,29
87464,0.5479452054794522,23
78892,0.1063583815028901,24
12570,0.0247248094834886,11
80210,-0.0400907715582451,13
21928,0.0979974968710888,18
56573,0.0138191080265457,6
43634,-0.2584363282877377,12
12431,0.0948453608247423,15
14855,0.3734729493891797,5
44274,-0.0014154281670206,29
46463,0.0972364380757422,21
59328,-0.1448435689455388,3
44768,0.0016339869281045,30
12490,-0.0822717185830526,10
40272,-0.1616169865251123,10
45306,-0.0189274447949527,10
21573,0.0791810557474099,25
53065,0.0851829634073184,18
45728,0.0784574468085106,18
82694,0.0070890562693841,25
22111,-0.0790569586243953,21
46886,0.0177556509881464,20
12558,-0.0348742903487429,1
46923,-0.2540556199304752,2
47002,0.0177059276366435,13
12650,-0.0259359619532159,7
24053,0.0861865407319952,25
26825,-0.0263198637559993,25
47379,0.0199530516431925,14
44134,0.0711817553559086,18
47619,-0.2243654822335025,23
47715,-0.0227703984819732,29
17750,-0.1020587836922659,5
59045,0.0641415537738456,1
48072,-0.0305140186915888,23
48144,0.1669642857142859,28
89456,0.0133333333333334,9
49488,0.3765432098765431,4
12781,0.0533834586466164,13
48486,0.0311378749058026,20
48523,-0.0708053691275168,9
48961,0.0043870338776506,24
50286,-0.0687887458273723,12
60943,0.0136021374787465,11
50876,-0.118632549655452,28
81678,0.1062581486310298,9
21178,-0.0864902943018158,5
56223,-0.0315147407658421,28
59774,0.1964933494558645,13
33849,0.0773542600896859,24
66245,-0.0760084925690021,24
23835,0.056,25
50623,0.2705389848246993,4
50789,0.037663581232046,25
51263,-0.1046373365041617,17
15069,-0.0317848410757946,30
51423,-0.0517464424320828,30
45751,-0.097994768962511,21
34032,-0.0277525847995646,15
39538,0.1769230769230769,5
51925,-0.067467652495379,8
43449,-0.0295685894770336,6
89915,-0.0421211612686692,3
17478,-0.1050194091786076,24
81061,-0.009668838358211,28
52250,0.0480507706255668,8
17005,-0.0395547945205478,5
22752,-0.0933092224231465,28
42796,-0.1615853658536584,4
53074,0.0261030391781693,24
87437,0.097707628711011,25
89857,0.1949685534591196,24
53373,0.111455108359133,12
24010,0.0273013295443012,11
53859,0.0320193081255029,28
54253,-0.0167697696951628,9
22592,-0.0013733300894823,3
24248,-0.0030923850019327,16
54704,0.024,2
76591,0.2229465311331935,19
42614,0.03672008713241,8
22779,0.0079714303934697,9
28345,-0.1345291479820628,30
65365,0.0839002267573696,25
84372,-0.0822041553748871,13
13303,-0.0258823529411765,5
55993,0.0263829787234042,7
78900,-0.0095609756097561,13
25590,-0.0155210643015522,16
52337,0.0012239902080781,23
34497,0.0150256535548498,10
56945,-0.0993949870354364,28
64450,0.079940784603997,13
47466,-0.0731479317597569,7
60986,0.029137529137529,3
21207,-0.0096138691883372,20
34673,-0.318952380952381,4
64311,-0.022758118474783,9
28118,0.0702910488742447,1
44206,0.0445242369838418,28
38762,0.0440909090909089,18
23931,0.0147804665990436,9
58246,0.0038476337052713,18
24766,-0.0813654341299384,25
58318,0.2753099173553719,18
58334,-0.0209297202026879,1
90458,0.071751644736842,29
34817,0.0646455639768166,25
34833,-0.0879120879120878,12
72611,0.0879274249825541,19
58975,0.1590909090909091,4
67029,-0.0804878048780487,3
23026,0.0351793800069661,18
13610,0.3368336025848142,13
25232,0.1162432640492685,2
60098,0.0602709427702516,18
60186,0.0003982477100756,19
91531,-0.0485394564743496,9
77157,-0.109537299338999,1
44230,0.0502283105022831,12
22509,0.0625819134993446,9
60506,0.0011726078799247,15
86136,0.0591416018925312,25
61146,-0.0873858306590965,27
61269,0.2283758556316115,29
41355,0.0297519027379657,9
61496,-0.0307719054242003,28
22517,0.0106578463800073,18
13856,-0.0383118298476313,28
50550,0.2138364779874213,10
62341,-0.0383219039935457,4
21936,-0.0332425068119892,3
21776,0.1154921700223714,14
52898,0.0236024844720497,5
13901,-0.0662525879917185,2
13928,-0.1285018270401949,2
62958,0.0964611872146119,23
63125,0.1208609271523177,7
89968,0.1431506849315069,6
24459,0.0,5
80185,0.6486486486486487,2
13828,0.0090502444606261,12
63715,-0.0207210940737671,29
18163,-0.0135980996044249,24
55511,0.2097749818533754,28
23712,0.0590056456018941,11
54148,-0.1194642471376107,24
64929,0.0616547737101564,5
64961,0.0675039246467816,3
65008,0.0879345603271986,8
65270,-0.0992268955245052,4
69649,0.0505772402418911,25
66683,-0.0984848484848486,30
65700,0.0288568257491677,28
58771,0.0509214871630978,9
76711,-0.0977198697068403,4
76282,0.0717929340638579,28
80294,0.0149253731343284,10
84381,0.0744970579344326,6
35991,0.2361819294309606,25
36003,0.0675401365565602,24
67847,-0.0113173004909711,24
27633,0.1661931818181816,3
68196,-0.0309542586750788,25
36281,0.2144436201582185,3
88518,-0.1246182040317654,19
85926,0.0200979129090441,25
41574,0.0262725779967158,13
51625,0.0979137031768611,11
50243,0.0757381258023106,8
88742,-0.0183413975469788,11
36468,-0.0125728537556744,24
49138,-0.0353260869565218,23
70704,-0.0835849056603773,2
65402,-0.0210227272727272,11
60206,0.07068578807857,11
71176,-0.0426865087135304,18
26614,0.0,30
15720,0.1022816679779701,14
71475,-0.0034689793195464,28
18411,0.0595721136112137,21
58683,0.0541333333333333,10
66093,-0.052262364082778,10
71985,0.0227754237288135,7
72304,0.2818246110325317,19
39220,0.0257558790593503,25
43481,0.0488175675675675,29
43350,0.0246609124537608,9
18438,-0.1084745762711865,12
72726,-0.007247598179673,29
36898,0.0682568807339449,9
72980,-0.0306425794648981,11
73139,-0.0305226760090224,28
73219,0.0931981687377372,6
52396,-0.016,12
47861,-0.0693069306930692,9
65429,-0.0141843971631205,12
43334,-0.0597826086956519,30
52038,-0.111057537769206,3
65752,-0.0254545454545453,30
74908,0.1789473684210527,23
57007,-0.0310954063604239,16
43123,0.0561926605504587,30
44329,-0.0651841823281774,21
63773,-0.0780911062906725,16
75460,-0.0122597746852219,18
84375,0.2420749279538903,12
51369,0.1055877170903598,20
15579,0.0126059957003989,24
23579,-0.0080354668883348,29
62092,0.0715709610339501,20
93423,0.065024630541872,30
14795,0.1010697159719662,9
14816,-0.033009708737864,14
76946,0.0549488054607507,24
55001,-0.0338461538461538,29
92583,0.0872807017543859,3
59600,0.0,30
76185,0.1027656644480146,7
77730,-0.0378278412911903,18
91103,-0.0256115107913669,2
17929,-0.0194057004244995,13
77973,-0.1266333333333333,12
78044,0.1674454828660436,13
24985,0.0257966616084976,9
48725,-0.0999644435414233,28
78749,-0.0630155064335202,8
92655,-0.0212656131528246,28
78829,0.2419914303203427,18
87447,-0.0571325691652162,24
78960,0.2982758620689656,8
79039,-0.196,19
17830,-0.0559610705596106,30
79338,-0.0867946147235748,6
67360,-0.105848861283644,13
59619,0.133183235192241,11
16555,-0.0484718242597899,16
79637,0.023640441039058,3
79776,0.0391886816076123,5
43553,-0.0434163701067614,25
79864,-0.0548302872062662,10
80128,0.1430987276534061,11
27043,0.0046511627906977,15
81116,0.0908311910882604,25
57808,0.0417469492613999,18
15202,0.0686145100054973,9
53225,-0.0588205948583453,16
24969,-0.0263774912075028,16
46068,-0.0361497509874634,24
42059,-0.0539583333333334,21
62498,-0.0102945802217016,20
66384,0.0322845417236661,16
38033,-0.0204081632653062,1
39917,-0.0431276297335203,3
25419,0.0058187503398772,9
38156,-0.0234096692111958,29
15648,0.0692307692307692,2
23536,0.0376676986584105,28
58819,0.0702807357212005,28
42286,0.0321207430340557,25
84403,-0.0076097804391217,25
27983,-0.0740543420351624,29
59483,0.0,8
88857,-0.0004731488052993,21
38295,-0.0050734779566129,24
84129,0.1043805612594115,16
90756,-0.0835374149659864,18
13600,-0.1036628915416795,9
72996,0.15625,11
87426,0.0317057107912315,9
88664,-0.0881973061073867,9
15318,0.0847860538827258,1
14318,0.2073033707865166,9
80072,0.1153284671532846,29
85586,-0.0745856353591158,30
35917,0.1641929499072356,1
13508,0.0791075050709939,23
10028,-0.0582750582750583,19
10138,-0.0121665886757136,6
10107,-0.0373698473826844,20
13983,0.0740740740740739,12
10200,0.1289821152895565,19
10333,0.3168789808917196,22
10382,-0.0635944700460829,11
10397,-0.0945463205525124,9
10257,0.2358620689655173,7
10463,-0.0407407407407408,22
70033,0.3398533007334965,3
10421,-0.0277963831212323,2
91204,0.1070422535211266,29
10530,0.0100117785630151,15
79698,-0.0388155262104842,3
10606,0.1060409385921117,9
10550,0.2255244755244754,19
79785,-0.0318457518217709,24
75070,-0.0066068900424729,13
10547,0.0376797223599403,20
76123,0.3107125545322347,24
10355,0.1206611983471075,5
10661,0.155142857142857,5
45225,0.033434650455927,19
10693,-0.0564789165897199,21
10649,0.053191489361702,11
79909,-0.1114006514657979,24
75517,-0.0597426470588234,18
10696,-0.0735565259582726,23
44813,-0.0564705882352941,19
89891,0.2781316348195328,6
71175,0.04931669637552,2
93179,0.1186100902104909,29
35124,0.1368405497266145,7
22323,-0.3094870475210155,8
10026,0.0397270496203696,18
10812,-0.0155913978494625,25
10909,-0.03043297828192,21
88779,0.1078320090805902,20
10860,0.2276088742810189,6
10443,-0.0290376769858411,8
10032,-0.0154325357496812,9
85570,-0.038267875125881,13
11701,-0.0573080967402733,5
77453,0.009456562854621,3
11292,-0.0220994475138122,5
64390,-0.0292595331150311,7
65294,0.0354711572912933,28
11403,0.0256963331145081,20
14135,-0.0067114093959731,19
11481,-0.1233009708737865,4
75470,0.1095752981830344,25
11511,-0.148936170212766,23
75107,-0.0908828412618205,9
11547,-0.0088979280538961,9
11600,0.0791218842899612,25
13788,-0.0412408538428976,20
11043,-0.1451247165532879,4
11654,0.0251655629139073,8
11636,0.1005398110661266,8
11394,-0.2689655172413793,22
11533,-0.0797639522309463,20
13652,-0.0836575875486381,22
81593,-0.0555555555555556,19
11775,0.0664305776041029,7
75233,-0.0515995872033023,13
75186,0.1346950041402153,10
11809,-0.0546135998572193,18
11731,0.0288830539284992,18
11825,-0.2763819095477386,9
11803,-0.02276295133438,7
88197,0.1779206859592712,16
85789,0.2079463364293086,29
11618,-0.0412508316699934,5
11896,0.0301730513237687,9
84769,0.0422092915858502,9
11884,0.099330655957162,14
75182,-0.0368878524485902,11
13643,-0.3297153883260975,12
75241,-0.0747761367600883,1
75320,-0.0138841855739925,29
75285,-0.0744579299059047,29
10901,0.0266031062586498,10
11891,-0.0542528735632183,13
11955,-0.0464787487850137,28
84176,-0.2062937062937062,2
13969,0.0793499043977052,10
11752,0.1210552268244575,23
81774,0.108695652173913,15
75573,0.0025706940874037,19
84387,-0.1320541760722346,22
17743,-0.0168438266557645,8
12226,0.0573729240060392,10
78664,0.1588594704684318,2
12062,0.0610824879162903,28
80926,0.0850622406639003,22
12209,-0.0834990059642146,24
36346,0.0859273670557718,16
85269,-0.1087257617728532,1
92029,0.0671052631578945,18
75591,-0.065895510114577,9
76573,0.0691056910569105,11
11203,0.0363055474876561,1
75694,0.0188915351390626,7
63467,-0.0388778440468302,9
75649,-0.0195023537323469,29
91279,-0.1182994454713494,12
75607,-0.0129558541266794,10
14663,-0.0210526315789473,10
13721,-0.028427902728622,5
13802,0.027442934085663,24
75654,0.0122887864823351,28
12073,0.0349175557710959,16
13825,-0.04696373962429,2
75603,0.0210526315789474,7
93101,0.1078404401650618,18
75825,-0.0473010573177516,30
13766,-0.0385771543086171,9
75853,0.0496575342465752,23
14670,0.0843373493975903,25
75854,0.205110497237569,19
13862,-0.1215941439609596,5
15070,0.0908728577122359,29
75556,0.0429347826086958,25
86124,0.0800160836349013,16
11628,0.0147383935151068,1
75831,-0.0575815738963532,28
11748,-0.0082644628099173,8
75828,-0.0811287477954144,28
14312,0.5086705202312138,4
11348,0.0886826893824155,8
23799,0.0415162454873645,2
11285,0.1509794553272814,16
11442,0.0489498350980732,29
86896,0.0648182152038192,18
11018,0.2432950191570881,18
87952,0.1170046801872075,18
14440,0.0964247020585047,3
10252,0.093738067964872,29
12189,0.0976630434782608,3
11208,0.1548956661316212,10
90983,0.1205443940375889,1
13799,-0.1775777414075285,21
52936,-0.0159535895576503,10
56710,-0.0290297872340425,8
12068,0.1130573248407642,29
75860,0.5666666666666664,23
11786,0.2081290416424237,9
10892,0.175009269558769,8
10932,0.2196137826580841,16
11293,0.1371722846441947,1
12480,0.0033653846153847,1
11593,0.0296874999999998,23
69586,0.1913477537437604,29
14523,0.1343632958801497,12
35685,0.1911703456892961,1
76038,-0.0079474775397374,19
10308,-0.014434078507305,1
77519,0.0526819923371648,1
92807,-0.0177935943060498,13
14166,0.0627250331627817,5
13908,-0.1256022023399862,27
83469,0.0220481578183926,25
86814,0.0898661567877627,1
13812,0.8571428571428572,22
92716,0.1210556511761331,1
13877,0.1674966047985513,3
13870,0.0722891566265058,8
86384,0.2199058507061198,16
13816,-0.0014172335600908,27
15505,0.1620689655172413,13
10781,0.0386774797255144,10
15056,-0.1673640167364016,12
13876,-0.100115074798619,16
13943,-0.0490936555891239,1
84725,0.0274809160305344,1
83642,0.0966595593461265,16
16252,-0.143157894736842,19
13924,0.0360435875943001,23
13890,0.1195577055977883,7
91937,-0.0418852745715285,7
13694,0.1804641496363006,29
87759,0.2801120448179273,2
14051,-0.0322580645161291,22
13911,-0.0230919875658185,28
14102,-0.0898232202580028,5
10232,-0.025535390199637,2
13962,-0.180089485458613,27
14239,-0.011111111111111,4
90534,0.0431034482758623,16
12166,0.1262626262626263,30
13963,-0.0634807417974321,25
13959,-0.0596797671033478,5
10629,0.1150442477876105,1
14044,0.1448571428571428,13
14400,-0.0661764705882353,22
89875,-0.0964197093229352,4
77643,0.1136950904392763,1
14099,-0.0983606557377048,13
77379,0.1057324840764331,29
10253,0.006578947368421,19
14414,0.1181968114348541,5
11006,0.0418636056718433,1
14072,0.2257142857142857,30
14097,0.131171801426073,20
86382,0.1321585903083699,16
77889,0.0179333902647309,16
14161,-0.0297872340425533,12
14159,0.1211016605913324,18
14934,0.1145104895104895,12
14076,-0.0466204100725033,7
14176,-0.0706478272460677,27
11565,0.2289395441030723,16
75714,-0.2882096069868995,30
14273,0.0279955207166853,19
14149,-0.0830357142857142,30
14245,0.1108331248436327,19
14145,-0.2195555555555556,30
14221,-0.0119156736938585,10
14169,-0.0030459945172098,3
14317,-0.0799690109322545,20
14136,-0.0592476260605085,19
14257,-0.2294561333862644,23
76908,0.0362694300518133,12
14943,0.0277777777777779,16
75912,0.0140232108317215,9
85299,0.241019417475728,11
14238,-0.098555649957519,12
14258,-0.0606860158311345,12
14274,0.5330112721417068,27
14295,-0.070561797752809,24
14325,-0.0396475770925109,19
14359,-0.0105697344676461,6
14263,0.0667897814712217,27
15383,-0.01,22
14213,0.1348110465116279,5
14550,-0.2428571428571428,12
14472,0.0012996014555535,20
77415,0.0208799403430275,16
14449,-0.020408163265306,19
47723,0.2118423071023163,4
83155,0.0363020329138432,1
14352,-0.1864801864801863,12
14436,0.2227764934906924,20
79851,0.1407605070046698,16
14422,0.0420432220039292,8
89211,0.0408060453400502,30
14433,-0.095731707317073,2
14532,-0.0782918149466191,27
92686,-0.2647619047619047,19
11844,0.1259731068648266,16
14459,0.0072413793103449,30
89141,0.1295155993431855,11
76266,0.1182284040995609,18
91855,0.0715862503941973,1
14434,0.0256255044390636,7
85726,-0.1039999999999998,2
75906,0.1305908337934844,29
77236,0.0489510489510489,12
14426,0.1667593107281824,22
15351,-0.0811441914769409,21
14503,-0.0989690721649485,2
14457,0.1517771373679155,8
14479,-0.11017199017199,7
14401,0.0004347196058542,18
14487,-0.0436241610738254,18
14590,-0.1522633744855968,2
14451,0.0509164969450102,8
14490,-0.1153846153846155,12
14781,-0.0171526586620925,25
13328,-0.0098901098901098,19
15092,-0.0084925690021231,5
14608,0.0015360983102918,4
79747,0.1834347215722975,29
14667,-0.0378151260504201,8
14547,0.149299962829885,27
14504,0.2059620596205962,10
14580,0.3002159827213821,20
14456,0.0951035781544258,14
89828,0.103688239387613,1
14555,-0.0148936170212766,22
14495,0.0580847723704867,25
14751,0.1374407582938388,12
14531,-0.1155378486055775,4
11397,0.1014350945857796,1
14516,-0.000219154065308,24
14554,0.0883047844063793,8
14567,0.022535600718927,9
14596,0.1699569069985276,19
14574,0.0586226522481503,3
14556,-0.2169491525423729,12
14684,0.0901408450704226,30
14619,0.0592504814101613,4
14589,-0.2621359223300971,4
14750,0.1807923771313941,25
84516,0.1341138903672165,18
14603,-0.0551724137931033,1
14579,0.1695792216376235,19
14759,0.0158552210121716,27
14818,-0.1352874859075534,27
14636,0.2005354100754441,4
77300,-0.018703812700281,24
76215,-0.0726507713884992,22
14763,0.0246322671024983,20
14641,0.0779246016323358,20
14632,-0.1035242290748897,30
15527,0.4717726016581129,20
14625,-0.067193675889328,1
14682,0.0718749999999999,4
14677,-0.1279999999999999,13
76082,0.0247695852534561,14
14810,0.0873634945397814,1
14694,0.3112582781456954,28
14690,-0.0266666666666666,23
14688,0.0447999999999999,11
14884,0.04,9
15064,0.1377199693955622,18
14942,0.0484429065743943,13
14872,0.0289017341040462,4
14830,0.096153846153846,3
14714,0.0095201280394399,5
76095,0.0353542951707537,20
14782,-0.0932826362484157,27
14807,0.059401309635173,6
15226,-0.0241516355854478,8
15429,-0.1428571428571429,13
14836,-0.0496627835683628,13
14823,0.2483574244415243,22
14879,-0.0147058823529412,12
84184,-0.1163227016885554,12
14812,-0.1283950617283951,21
14874,-0.1160493827160493,5
14852,-0.0474180327868851,22
76963,0.0529411764705882,22
76127,0.0875097885669538,4
76128,0.0034735623311461,20
92897,0.068,22
15510,-0.1020408163265306,19
14941,0.064118001204094,18
15062,-0.1419294990723563,22
76135,0.0965360590573536,1
78981,-0.006295322336441,9
15482,-0.0171800947867297,29
14983,-0.1476925484453267,19
14908,-0.1713058419243985,12
88965,0.1389776357827477,13
14969,0.0433734939759036,4
15022,0.1585437463300059,8
15079,-0.0394321766561513,11
89655,-0.0601059494702526,2
14926,-0.0112411103464097,13
76392,0.150574712643678,11
15067,0.025526197939991,19
14882,-0.2004994648590795,23
15084,0.3529222864482981,15
14970,-0.0073914379977606,27
14953,0.1378820184790334,20
15065,-0.066634241245136,8
14353,0.0308880308880308,3
15046,0.0711414931801865,20
15119,-0.008070301291248,20
15016,0.2411764705882353,2
15071,-0.00150489089541,11
15087,0.1066312997347478,23
92089,0.1111801242236023,20
88871,-0.0671641791044777,22
15072,0.0776308223116732,27
85875,0.0621642363775902,16
15028,-0.1112068965517241,12
15590,0.0267062314540058,8
15108,0.0762952448545066,14
15180,-0.0159574468085106,29
83671,0.0019367333763717,13
15125,-0.4353120243531202,22
12622,-0.0059351940968881,5
76201,0.1386224098234842,7
87053,-0.0211382113821139,27
14773,-0.0487444608567206,4
76360,-0.1164383561643834,22
15433,0.21256038647343,2
15264,0.0695284159613061,25
89369,0.0523731587561373,13
15168,-0.0203171456888008,24
17073,0.0386100386100387,4
15167,0.0471464019851115,6
15172,-0.2629618131015212,12
15220,-0.2820415879017014,9
15374,-0.049636803874092,12
15144,0.0412737430167597,30
15398,-0.0368244858919176,29
76230,-0.0117043121149897,9
76461,-0.0381679389312977,20
89948,-0.0509999999999999,8
15198,-0.0955017301038062,19
15178,0.1868686868686868,16
76261,-0.0338747743995556,11
15315,-0.0688429643280242,21
15400,0.0053653551354113,29
76224,0.0337468982630273,29
15382,0.0464285714285714,22
92020,-0.2094818081587651,12
15272,0.0811411335791427,19
14543,-0.0509868421052632,17
76279,-0.0898203592814371,30
76478,0.038853028798411,21
15395,-0.081450945369201,20
90608,-0.0377564979480163,12
15291,-0.0003288662336593,19
15381,0.0047169811320753,23
15397,-0.1024078153377466,20
15650,0.1163174393664412,20
15490,0.1006255823239719,7
79037,0.1853766617429839,10
78071,-0.054889131225009,12
15302,-0.0708387657540201,3
76529,0.1204393879952923,18
76515,0.1716129032258064,1
76504,0.0853321033210332,1
15399,-0.0226086956521739,23
15371,-0.1436119116234391,21
91902,-0.0514921006436511,30
88284,0.4786729857819907,27
76582,-0.0122814782031422,9
76613,-0.0133333333333333,12
76614,-0.0289757210524285,7
15452,-0.1990330378726833,29
15440,-0.1487009988072447,20
15710,0.0168269230769231,4
15396,0.021551724137931,22
76644,0.3160762942779291,2
15454,0.1292407108239095,23
76837,0.1586246418338108,6
76661,-0.0105374077976817,5
15410,0.0074747902122558,27
15496,-0.1739701492537314,4
76686,0.0634920634920637,21
15409,0.0557466063348415,15
76856,-0.0903688166404474,16
15534,-0.0689368770764118,19
76709,0.0806644979945689,20
76934,0.2463963963963962,12
76712,0.0767531750414136,9
76721,0.0677747863748097,7
76684,0.2158426368952686,1
15585,-0.1039043922685462,19
76732,-0.0575196922513281,8
91403,0.1742862474342228,29
76736,-0.0193120096560048,1
88031,-0.0452618453865337,15
76744,-0.2343083933558724,24
76750,0.0367266453044121,2
76788,-0.0192582025677603,22
76795,0.1235047087259484,20
15493,-0.0230515916575192,4
76869,-0.0208333333333333,28
76798,-0.1133200795228628,30
76838,-0.0134271099744246,30
76892,0.1403610949330227,13
15407,-0.1076923076923077,11
76841,-0.1114283034203433,10
15649,-0.0587453482190324,30
15541,0.0112671456564337,20
15651,0.1071844660194174,7
77235,-0.007246376811594,18
15488,-0.0553215246409176,20
77037,0.0522330311739995,7
15478,-0.053132057530013,28
13412,-0.1021351529826105,12
77202,-0.2278481012658227,19
77090,-0.1084962106102911,29
77117,0.1923076923076923,25
77114,-0.2042633822832781,3
77217,0.1374999999999999,1
77165,-0.0347572300344918,3
77182,-0.0444347636680461,29
77191,0.0566492146596857,7
77175,-0.0393646408839779,20
77178,0.0482664853840923,20
90464,-0.0452155625657202,1
77274,-0.0797594556100649,10
15627,-0.0381369685167152,15
77282,-0.0315430520034101,23
15643,-0.3250291942390034,19
15530,0.1789594053744998,21
77338,-0.0601604378568104,28
77366,-0.1907001044932079,5
77393,0.1744608157164211,8
13599,-0.0845070422535211,23
92871,0.1507393545430475,15
77425,-0.093121693121693,8
77447,-0.0271941358718612,18
77496,0.0573829285787477,29
77501,-0.0388471177944862,23
77505,-0.0635761589403972,13
77515,-0.1376811594202898,22
77520,0.0371617072842331,9
83738,-0.025347912524851,16
15623,0.0618120237087216,15
77610,0.0972114032747923,7
77605,-0.1031143679665008,28
77649,0.005675691015381,7
77629,-0.0869014732965008,3
15539,0.1065468549422334,4
77660,-0.119655116948526,3
77661,-0.1166203887346289,20
15533,0.0829127613554434,22
15531,0.2768244389967944,12
89810,-0.056777856635912,25
15785,0.0251419302514193,25
77702,0.0121042830540036,28
87505,0.0730359257797079,1
77780,-0.0242925118958176,9
77900,-0.1492537313432836,4
77902,0.0713770728190339,2
77918,0.1161610465771962,11
77917,0.0490874764002517,11
78018,0.1363636363636364,23
78015,0.0702544031311154,25
78038,0.2286105407255305,3
15795,-0.0036529680365295,20
15775,0.4941634241245136,22
78054,-0.0130151843817788,20
78077,0.0501733260353949,9
78066,-0.1592592592592593,19
78091,-0.1090747104492808,19
78081,-0.1350188837599663,12
91402,0.2017930838195532,7
78189,-0.0283687943262411,20
78170,0.0125786163522012,12
78211,-0.0989884393063583,30
78137,0.0533012379642365,16
78156,0.111482254697286,11
78213,-0.1254237288135593,13
88944,0.0515235457063711,1
15779,-0.0045112781954887,4
15658,0.0450581395348836,13
15694,0.342885070480502,20
15833,-0.0945054945054943,12
15774,0.2109542148053058,13
15856,-0.0037488284910964,22
15838,0.1858064516129032,1
15826,-0.0471854813903415,19
15853,-0.0294867127775755,30
15859,-0.0221957986523978,25
78841,-0.1544999999999999,2
86889,0.2639860139860139,19
78908,0.0833668948852195,9
79033,-0.1438631790744466,30
78875,-0.0021964229683087,7
78876,-0.0925825663237681,13
78915,-0.018018018018018,18
79019,-0.0445859872611464,5
48653,-0.0352992574041592,7
78955,0.0887850467289719,7
75985,0.0343511450381679,4
78950,0.1138572618717022,28
78987,0.0225768781627091,28
79072,0.0883937316356513,29
79089,-0.005226480836237,2
79108,-0.0964879852125693,18
79116,0.1812984891792568,29
79133,0.0078621908127207,9
79103,-0.0530926965622603,24
88597,0.1742252456538171,25
79150,-0.0782706979372704,8
79166,0.1116433308769344,18
79198,-0.0484429065743945,2
13949,0.0256839287208232,24
79237,-0.1690420126409716,12
90783,-0.084870848708487,23
79323,-0.0572551519014233,3
79299,-0.0690325717063685,15
79248,0.1317848410757947,9
79249,0.129862700228833,25
79265,-0.0323570432357044,18
18649,0.0423460696033097,13
79382,0.1550561797752807,1
79507,-0.0271300448430493,21
79499,-0.1601941747572814,20
79545,-0.0970573051109965,18
79490,0.2113402061855671,23
88568,0.1259938837920489,5
79491,-0.0160877579328468,5
15724,-0.0291738879260542,28
80069,0.3307013469577333,19
85913,0.0032404406999351,8
79668,-0.0077120822622108,1
79731,0.1320685881065304,29
79758,0.0335614206581946,28
79686,0.1516295237320815,20
79734,0.1301204819277108,1
79824,0.0680759584378358,13
79857,-0.1017543859649122,4
79906,-0.0345442389124135,21
79862,-0.1180534233957629,7
79839,0.1187026671056963,11
79791,-0.1405109489051095,8
79878,-0.1167934878782516,9
79841,0.0974207040780759,11
80223,0.1195652173913044,30
79879,0.052855924978687,11
79885,0.0671282563474839,8
80034,0.2312820512820512,29
80080,0.0348182283666154,25
80050,-0.1052631578947368,11
84723,0.034579641236222,10
80054,-0.1456977196716326,20
80167,-0.1034985422740524,11
80236,-0.0007587253414264,25
80204,0.1316706747110807,28
80191,0.044018817204301,11
80193,-0.0772727272727272,5
21186,0.080886586067933,18
80306,0.1120815138282387,8
13006,0.0668498168498168,29
80375,0.0044014084507042,2
80343,0.0387596899224806,17
80362,0.0136157337367626,30
80341,-0.0533419023136246,13
80336,0.0983606557377048,18
80415,-0.012395736793327,3
80478,0.0805767599660729,13
80539,-0.0452079566003617,30
80534,0.0090090090090089,22
80498,0.2862159789288849,8
80563,-0.2574965612104539,27
80575,-0.086867023466447,7
80640,-0.1563275434243176,4
80633,0.107843137254902,2
80759,-0.0237030411449016,1
80774,-0.218694885361552,30
80828,-0.0206084396467124,11
80791,0.0424183325207214,29
80795,0.0954617051753883,19
80812,-0.0480349344978165,19
80837,-0.0115606936416184,4
80928,0.1934499028587288,20
80924,0.0690298507462687,5
80955,-0.0065040650406503,8
80864,0.0681105448843588,9
80951,0.1359404096834262,4
81010,0.0248596631916597,1
80960,0.0279069767441859,27
80957,-0.132553914211233,28
80969,-0.2126929674099484,29
81084,-0.0956521739130433,12
81095,0.1597826086956522,1
81055,0.0169774561647648,10
81182,0.0082850041425019,8
81184,-0.010928961748634,4
88865,0.0950060901339828,30
85205,1.092485549132948,19
81220,-0.0570873100035347,28
81241,0.0095114569822742,7
81282,0.1163413700727133,21
81278,0.4592964824120604,23
81501,-0.1238095238095238,29
87532,-0.2732919254658386,4
81540,-0.0087701196863393,28
81560,0.0062085206593875,2
90470,0.1426879810538781,16
81588,0.0375,24
81584,-0.0087450808919982,11
87476,0.0407458563535911,1
81624,0.0,22
81621,0.0645161290322582,9
81736,0.119640734972918,20
85332,-0.0063260340632602,29
81740,-0.0338013520540823,2
81696,-0.1219428177747159,29
81666,0.0744763382467028,2
81665,0.1875522138680032,24
81677,-0.04169360051713,8
88719,0.0619779116465861,2
81893,-0.0403470715835141,7
82251,0.0248207391064534,14
81869,-0.0575000000000001,30
82171,-0.0085152500387056,8
91262,-0.0285714285714285,6
82212,0.0786447000310848,28
82179,-0.0660736975857686,18
82234,0.0064102564102563,12
82281,0.1045576407506703,20
82272,-0.2168304668304669,4
82261,0.0320865767989366,7
82486,0.1074281909834506,7
82508,-0.0467791411042944,30
82518,0.0490196078431373,3
82515,0.0457044883809263,27
82307,0.0070052539404552,28
82575,0.1429014259144452,16
82567,-0.046070460704607,5
82581,0.0816604287172506,18
82621,0.1079136690647482,22
82649,0.0924646265218822,25
82547,0.0719733079122975,28
82642,0.0064604810996562,24
82651,0.1386959392219919,21
82573,0.2157794676806084,30
82587,-0.041742286751361,25
82599,0.0128495842781557,6
82686,-0.1774744624591924,28
82759,-0.0385658330822535,20
89736,0.0981830305050841,16
82768,0.548591635166443,22
82775,0.0450352685838308,8
82800,0.156174066710846,7
82812,-0.0416666666666665,10
82848,-0.1517533252720676,4
86122,-0.0919674039580907,8
86098,0.1120224044808959,28
87832,-0.0399188092016238,19
84825,-0.0242718446601941,2
90710,0.0223577235772358,18
83145,-0.0918367346938775,4
87471,0.0578793774319066,5
83149,-0.004149377593361,6
83120,0.0238670694864047,25
84397,0.2107081174438687,29
37381,0.0935251798561151,9
83111,0.0062046666084067,21
83124,-0.0749694749694749,18
82859,-0.3512658227848102,4
83303,-0.0247043363994744,3
83143,-0.0272489734975737,13
83272,-0.0012949496961848,11
83304,0.142857142857143,25
83244,-0.0758426966292135,13
83762,-0.0372093023255813,19
83390,-0.0355160932297448,10
86080,-0.1550387596899225,19
83411,-0.0133928571428572,30
84215,0.0024906600249068,2
83414,0.0983535528596188,16
83382,0.0709724238026126,9
83422,0.0008769365682548,9
83520,0.1999999999999999,19
83509,-0.0708691139001604,7
83547,0.1574074074074074,16
83462,0.5734126984126984,22
83534,0.0261023294509152,28
93312,-0.0214805023132849,9
86091,0.1035611952517396,29
83690,-0.2900677200902934,13
89202,0.1371386212008896,18
83621,-0.0698591489209684,7
83683,0.0638655462184873,17
90082,0.0445344129554656,1
83774,0.0934989043097151,1
83799,-0.0919427134579643,13
83734,-0.0862619808306709,12
83756,0.0,8
83916,0.0042163153070577,7
83879,-0.0636239987909929,10
83844,-0.0222222222222222,2
83856,0.1568803227252353,21
83910,0.4300000000000001,13
83906,-0.0120520139549635,25
83885,-0.1128205128205128,22
83969,0.1495934959349594,2
88436,0.384848484848485,2
88905,0.011111111111111,5
84026,0.0780141843971631,8
89425,0.0473484848484848,16
84062,-0.0417798913043478,8
84042,0.0734368443138899,28
84010,0.0271554650373386,5
84041,0.0138248847926267,4
84032,-0.0728476821192053,30
84203,0.2688821752265862,23
12877,-0.1115702479338842,12
84234,-0.0777322404371584,10
84172,-0.0147734078658414,3
84262,0.0995459308417743,25
84210,0.1265629765172309,3
84348,-0.0142483280023263,1
84302,-0.2487562189054725,19
84373,0.0668180627129007,28
84319,0.0071510485215406,20
93131,-0.050342493030665,2
85176,-0.0303781773093613,30
88984,0.0180032733224222,1
84438,0.1494505494505495,25
84385,0.1693388303557796,3
84413,-0.1613418530351437,3
84511,0.0,27
84563,-0.0630949143323361,9
84389,0.2751817237798546,29
84737,0.0415335463258785,30
84761,-0.0623411209296695,24
84607,0.0030769230769229,10
84656,0.0400658616904501,25
84734,-0.0094498818764764,5
84780,-0.0497512437810945,2
84827,0.0073046018991964,21
84788,-0.0357541233179988,20
85035,-0.0127896297023198,7
85002,-0.032186785742846,20
85072,-0.0164778578784758,16
85067,-0.0121327291331676,11
85013,0.0355555555555555,8
85020,0.266137040714995,29
85059,-0.1108522616967578,11
85168,0.0290456431535268,30
92245,0.1022304832713754,13
85187,0.1876708168842999,15
85177,0.1112540192926045,25
87364,-0.090032154340836,22
89022,-0.0262901655306718,8
85246,0.1798034706251308,10
89038,0.0251685393258427,1
86818,0.0840721975934135,8
13739,0.0395291396691095,15
89898,0.0441176470588235,23
85349,0.1623686723973256,9
90012,-0.0645161290322581,5
85372,-0.0121351262709084,9
89270,0.0957983193277309,16
90875,-0.1068249258160238,4
85418,0.057733664185277,16
85502,0.0431309904153356,7
13935,0.0526315789473683,24
85440,0.2427871529667935,25
85488,-0.0057982218786238,3
85517,0.0161703117729177,21
85424,0.0460420032310175,1
13265,0.179032258064516,12
87114,0.2130965593784684,16
85464,-0.033303491495076,20
85427,0.2001357619640231,24
85419,-0.2102833492518306,12
85540,0.1215519854501365,12
85621,0.0333005125550092,24
92593,0.1275881365416897,13
85627,-0.1020916334661353,24
85539,0.0364589684184855,8
85593,0.1022228721848494,13
85567,-0.1699029126213591,4
85576,0.1475409836065573,12
85526,0.0418410041841004,27
93285,0.0,15
85686,-0.0686495418356616,12
85725,0.0488215488215488,1
85645,-0.0632928118393235,29
85710,0.0868231046931409,10
85663,0.021719140401146,15
85883,-0.0592105263157894,16
92878,0.2102966841186735,29
92557,0.1789709172259508,22
85731,0.1397498640565524,16
85751,0.0583333333333333,29
85656,0.1294049682264588,13
85757,-0.135678391959799,19
88183,0.021122112211221,2
85744,-0.2033644859813084,4
85753,-0.0690749783219439,28
85768,0.0047214353163362,7
85724,-0.0776143790849673,10
85738,-0.1107668474051123,9
14604,0.0313578826237055,13
85792,0.181044267877412,7
85966,0.1655813953488372,14
85886,0.1093521675596687,15
85889,-0.0555127216653815,10
88384,0.0497737556561086,2
85931,0.0336700336700337,10
88203,0.0462786259541985,9
86444,-0.1508620689655172,27
86102,0.1111111111111109,25
86111,-0.0499731518636494,6
87014,0.1816557474687314,29
85860,0.1081550028918449,1
85863,-0.1424465394343527,25
15057,-0.0025873221216041,19
87488,0.0325581395348835,2
87501,0.1010719754977029,16
87508,-0.1774744027303754,4
88820,0.114191419141914,1
88951,-0.0399999999999999,5
15840,0.2014863748967796,2
90603,0.0532378580323786,1
86302,0.0894064613072878,1
87614,0.1185929648241208,16
14175,0.0234192037470726,16
85992,-0.1046182846371347,24
85972,0.0928742994395517,14
86047,0.0580357142857144,9
90544,0.2160702228224174,13
86062,-0.0258620689655172,8
86026,0.0445356917245736,18
86051,-0.0277777777777777,11
86113,-0.0285714285714285,8
86048,0.1556350626118068,18
86128,0.1679002726918581,20
88341,0.0010559662090812,18
86211,0.1096573459086078,23
89279,0.02465483234714,1
87318,0.1168346397909669,1
92919,0.0921874999999998,1
86158,0.0288101411696917,11
87067,0.097248576850095,18
14778,-0.0300429184549357,16
86288,-0.029345581910106,20
90221,0.1492109038737445,29
86228,-0.0554900910551686,21
89643,0.0425531914893617,13
86287,0.18359375,13
86233,0.1600955794504184,27
92935,-0.0494417862838915,24
86728,-0.0151370451723807,5
86312,0.0705472951597596,29
86339,-0.0618618618618619,28
15417,-0.0360360360360361,22
14355,0.2142857142857144,12
86356,-0.0857965451055662,15
86868,-0.0593621436035229,8
87658,-0.0551181102362204,22
89109,0.0290155440414507,2
86435,-0.1882911392405063,30
86432,0.0632838124638239,29
12380,-0.1196754563894523,1
87753,-0.0324675324675325,13
86489,0.2954406051932121,20
86544,0.0562632696390656,2
86526,0.1216887417218544,19
87069,0.0396496081143384,2
86573,0.0760035682426405,15
86578,-0.0701373825018076,8
90591,0.0674734140080675,16
86582,0.2718631178707225,1
86547,0.1646447140381282,2
86560,-0.0683229813664596,4
86719,0.1142333536957849,29
86717,-0.0578747628083491,25
90590,0.0756422454804948,13
86763,-0.015923566878981,8
86778,-0.0076901950013732,9
86783,-0.0515467810593803,5
86810,-0.0287709497206701,3
86820,0.2390717754991904,29
86822,0.0099502487562188,2
86819,-0.0378151260504202,19
86827,0.162849872773537,29
86799,0.0275423728813559,8
86916,-0.1832460732984294,27
92318,0.1085365853658537,1
86876,-0.0631531122217173,10
12588,0.1694214876033057,14
86964,0.0828378268306588,25
86949,0.0493050959629384,21
86990,-0.1822033898305084,2
88368,-0.0026881720430108,30
86996,-0.0882630278741827,24
87006,0.3290099009900988,15
87000,-0.0735006847893753,24
86965,0.1512987012987012,1
86979,-0.0827906976744187,29
87016,0.0746003552397869,23
87077,-0.1725835708732833,3
87121,-0.090641039641804,12
87066,0.1380710659898478,15
87075,-0.0193585668881826,25
87056,-0.0216876971608831,10
87034,-0.0034847952564025,28
87086,-0.0837622835751054,7
87162,-0.2048917401764235,24
87179,-0.0600091617040768,16
90539,-0.0490384615384615,12
87227,0.1185603387438249,27
87267,0.0632774920287018,28
87268,0.0201096892138938,2
87361,-0.0989399293286219,14
87269,-0.032114183764496,25
87356,-0.1015567086730911,10
87302,-0.1555555555555556,4
90358,0.1113871635610765,29
87299,-0.1394970146553283,15
87321,0.0315361139369279,3
87337,0.0439970171513794,19
13704,0.0634318243426401,27
89597,0.3872549019607842,7
87439,0.0854572713643178,27
87430,-0.0202282157676348,15
12308,-0.0328667376974048,24
90808,0.0268295343003599,14
87394,-0.126241134751773,2
87373,-0.045,5
87510,-0.0732436472346786,25
87445,-0.0034170401797827,7
87487,0.2291666666666667,30
87541,0.0498853736817972,9
87583,-0.0775,23
87589,-0.0241935483870967,12
87812,0.0471129279509452,9
87657,-0.1018541718867451,13
87659,-0.0595408895265423,16
88810,0.0333333333333334,5
87789,-0.1603809523809524,3
88152,-0.004341432672782,15
93368,0.0930760499432463,11
88167,-0.0881913303437966,29
88468,0.2833333333333334,22
88173,-0.2291666666666665,12
88174,0.028274668205424,19
88195,0.0941798941798941,21
88159,-0.1623721881390593,21
88182,0.1567542646380819,9
88260,0.0829268292682929,30
89572,0.0241300482600965,28
88534,-0.1038011695906432,20
88264,0.1136950904392763,10
90071,0.0286271958360442,3
88351,0.0248911014312382,24
88343,0.1264637002341919,1
88319,0.2951459115862469,11
88352,-0.0598415328196164,15
13198,0.0112820512820512,2
88281,0.0055199823360565,7
88280,0.2888229475766568,30
88332,-0.0336134453781512,19
88287,0.1684210526315788,10
88439,0.0057842345977938,20
88417,0.0031818181818181,21
88466,-0.0359116022099447,24
88485,0.2039473684210526,30
88421,0.1461425324241207,19
88446,-0.0529959251001658,5
88511,-0.0170940170940171,8
88542,-0.0997920997920996,24
88504,0.070188679245283,9
88564,-0.0386740331491712,4
89617,-0.0380066699117255,24
48506,-0.092979192928094,24
14932,-0.01139896373057,30
88648,0.0403155127081507,18
88620,0.2220421393841167,19
88626,0.0555555555555555,23
88615,-0.0094899169632265,25
88661,0.4222648752399232,13
91360,0.0361613351877607,1
13453,-0.0246913580246913,8
89576,0.004,8
14521,0.1618341200269724,7
88807,-0.1569767441860465,27
88863,0.2146150073565473,27
89029,0.0979020979020979,22
88860,0.3015640365824792,20
88949,-0.1476314579181358,27
88839,0.1229235880398671,25
90029,-0.1365740740740741,12
90177,0.1260606060606062,20
88873,-0.1117242369636219,6
88897,-0.0879120879120878,4
92601,-0.3554006968641114,27
88895,0.0140664961636827,28
89290,-0.046630191494653,7
89006,-0.0753698868581376,21
89110,0.159255290650951,7
88970,-0.0145719489981784,1
88994,0.102102102102102,19
89031,0.0904079382579934,20
89002,0.2277274892806098,30
89167,0.2095531587057009,10
89036,0.0630472854640982,1
89044,0.0016034206306787,15
89215,0.1166609647622305,9
89070,-0.0296752607609812,11
89327,0.0567470497691122,24
89413,-0.018716577540107,19
89179,0.0156744108120183,21
90223,0.0120481927710842,22
89244,0.1213566507684154,16
89269,0.0132007543288188,10
89217,-0.0405211726384364,11
89307,-0.0580720092915214,28
89252,-0.0986193293885601,19
89262,0.0230905861456482,1
90125,-0.0359092214880781,24
90081,-0.0021085925144965,10
91379,-0.2371134020618556,19
89297,-0.0707743547044129,11
89353,0.05648720211827,13
91015,0.1362499999999999,13
89393,-0.0485771053736775,20
89424,-0.0446841294298921,13
89387,0.0101412531691416,25
89394,-0.2278045423262216,19
91975,0.0717017208413002,9
89445,-0.1528150134048257,23
91665,0.0862250262881179,7
93016,0.0644188596491226,23
91152,0.0048198349890553,9
91727,0.218014329580348,19
89753,0.1371841155234658,7
14610,-0.0818181818181819,19
89575,0.0131712259371832,18
89453,-0.0851063829787235,4
91269,0.2079207920792078,19
89406,0.0462683921290552,18
89626,-0.0991572530034068,10
89443,-0.132854578096948,30
89916,-0.0837317913933058,3
89533,0.0086338950006963,13
90601,-0.014016787547877,9
89482,0.1857707509881423,29
90313,-0.0033783783783782,3
89941,0.1539657853810265,8
93150,0.6629023150762281,8
14599,-0.0265379975874546,1
89876,-0.0592515592515592,10
89653,0.1122950819672132,1
89826,0.4455509155155799,13
89574,-0.1456821026282854,3
89546,0.0295857988165679,30
89509,0.0427455815865187,4
89573,0.0075376884422111,1
90436,0.06544901065449,20
92468,-0.1196581196581196,19
91274,0.1368621840724846,13
89781,0.018739129083213,20
89698,0.0645994832041343,19
89741,-0.0220588235294117,8
89800,0.0,14
89824,0.2652028845118932,20
90716,0.1189146049481244,6
13411,0.1148696264975335,19
89866,0.1536242336819329,11
89889,-0.1682887984427535,22
89964,0.0131120331950207,5
89922,0.0791993037423846,2
89913,0.0354609929078013,12
91086,0.6974757281553396,12
89973,-0.0964566929133858,15
89971,-0.0021302836640878,24
89952,0.0173546756529066,11
89960,0.0357698289269052,18
90088,-0.1933962264150943,30
89935,-0.1666666666666666,23
90126,-0.2900692840646651,24
90490,0.1111111111111109,28
90194,0.0267409470752089,30
90454,0.1188977761166136,27
91977,-0.0435722002160605,21
93012,-0.0714285714285714,19
90248,-0.1104213459367944,24
91901,0.0833333333333334,13
91233,-0.1464647914816573,24
14542,0.1030280566552539,24
90285,0.0691489361702126,20
90533,-0.2222222222222223,30
90708,0.1853558308947138,7
90427,0.1519986839940779,15
14650,0.1660777385159011,30
90288,-0.064705882352941,23
90227,-0.0966206568300809,2
90314,-0.104134762633997,3
90353,-0.0119085934985516,18
13577,0.1413189771197847,29
90312,0.0695982284087315,25
90090,-0.0271117002048439,13
19721,-0.039846375420067,30
90455,0.1430207125289051,27
90249,0.0667461263408819,11
90444,0.1989511081035357,11
90476,0.024390243902439,23
90496,0.0209010682768229,22
90568,-0.014388489208633,30
90505,0.0300042863266181,13
90600,0.1650485436893205,1
90637,0.0996204933586337,17
90718,0.0180055401662049,1
90409,-0.0373760488176964,10
90548,0.2999999999999998,2
90803,-0.1792618629173989,2
90386,0.0125889436234263,29
15506,-0.1531645569620252,19
92521,0.0700934579439251,22
90520,0.0563983248022337,11
90440,0.004270082732853,1
13797,0.4609640190088255,3
90564,-0.0930807248764414,18
90605,-0.0541706615532118,25
90550,0.132770066385033,28
90569,-0.0893718068647909,29
90558,0.0936515083295812,11
90734,0.0187711704930373,27
91500,0.1480976201303623,9
14689,0.1531249999999999,19
90494,23.0,19
13938,0.0026178010471202,5
90672,-0.337719298245614,12
12487,0.0395010845986985,8
91018,-0.0546145869339784,3
90664,-0.2247532148375126,27
13196,0.0,21
90720,-0.071122011036174,20
90636,0.0085535554704456,2
91114,0.0726924916307987,8
86165,-0.1668946648426812,19
90993,-0.0564717641179409,21
90735,-0.1539855072463767,20
90885,0.0436363636363634,6
14185,0.1877365632096894,4
90856,-0.1338345864661653,28
90871,0.0108499095840868,2
90776,0.3029728020240354,18
90829,-0.1009443178117877,29
15127,-0.0407523510971785,21
90775,-0.0416975080187514,13
90868,-0.0447932618683002,20
90955,-0.0740740740740741,29
90805,-0.0702802021129995,10
90952,0.1652892561983472,16
90961,0.0897353131052292,25
90971,0.0484848484848483,6
91594,-0.0380750925436276,4
90825,-0.0913793103448276,1
90870,-0.0178203118554574,25
90963,0.0282426778242677,14
91356,0.0949868073878628,29
90988,0.1574803149606298,4
90989,-0.1059999999999999,4
91090,0.2246665106482566,19
90978,0.2781774580335732,27
90979,0.232413178984862,14
91801,-0.1986301369863014,4
90925,-0.0006387735547748,3
91083,0.0381701352258561,2
91408,0.1031300448430492,5
84185,1.7045931452553045,22
91041,-0.0942835931700075,25
91080,0.0701932858596134,10
15273,0.1102362204724409,19
89003,-0.1536580970275052,5
13976,0.0819672131147541,5
91176,-0.0671641791044775,2
91095,0.1434316353887399,24
93175,0.5881032547699214,8
91186,0.1066252587991718,8
91234,-0.0028873917228104,25
91627,0.1076923076923075,19
91348,0.286144578313253,27
91237,0.0342130987292277,21
91215,-0.096136567834681,30
91359,0.0551839464882941,20
91395,0.4060913705583757,22
91366,-0.0797342192691029,4
14174,0.2860262008733623,19
13532,0.1280623608017816,30
91299,0.0347551342812006,8
13377,-0.0929417337754618,23
13956,-0.12987012987013,6
13921,0.2339285714285714,13
13534,0.1759941089837997,17
14094,-0.4578313253012048,19
14707,0.1825396825396825,2
13188,-0.0011627906976743,18
13407,0.0046200841779335,24
13641,-0.1381142098273572,4
13356,-0.0999228395061729,1
13621,-0.1704658077304262,4
13559,0.1081513052743741,12
13543,0.0525040387722131,9
13447,0.0259175463917527,27
13548,-0.0844793713163064,8
13337,-0.1348498635122839,12
13622,0.1822033898305086,22
91363,-0.0536529680365297,11
91463,-0.0296568627450979,29
91357,0.1,30
13967,0.1163636363636362,20
91277,-0.0571030640668523,30
93035,0.0076849183477425,28
91472,0.0076045627376426,2
91579,-0.0031305903398927,11
91498,-0.150506329113924,27
91503,-0.001537042729788,11
12452,-0.0390015600624025,19
91446,0.074803149606299,16
91468,0.0627336258735575,3
92506,0.0363738108561835,3
91392,0.0607932379713913,2
91413,0.2150931866788881,11
91618,0.2647058823529411,8
91659,0.1248747078464105,21
92040,0.2627478753541077,24
91355,0.0,30
93189,0.0456181392837862,28
91461,-0.0928604759682687,10
91416,0.0203174603174602,21
91611,0.3148791540785498,7
91742,-0.1146953405017919,22
91615,-0.2934362934362934,19
12049,-0.1964809384164222,13
91612,-0.0221642764015645,4
91622,0.1129032258064517,1
91625,0.0258722069776558,3
90077,-0.018925831202046,19
92773,0.046008869179601,25
91516,-0.1294869931695974,25
91683,-0.0368239355581128,2
91668,0.0940754839089252,15
91571,-0.1292944933707539,20
92589,0.0096774193548385,6
92252,-0.0335051546391752,12
91658,0.1566134703813904,28
91678,-0.0930232558139535,12
91754,-0.028436018957346,1
92035,0.0,5
14548,-0.1200324412003244,30
92449,-0.0306946688206785,12
91822,-0.2688766114180478,30
91907,-0.1393939393939394,3
91836,-0.157103825136612,15
91688,0.0581818181818181,13
91826,0.1739130434782607,19
13796,-0.1484794275491949,24
91814,0.2125000000000001,10
92043,-0.0157252224291329,3
91959,0.0308191403081914,13
91854,-0.0909783022459078,1
91968,0.0694349897889721,10
92091,0.118279569892473,27
91900,-0.067100977198697,24
14137,-0.2486764705882352,22
93177,0.5004076640847941,23
91909,0.0670908039329092,19
91849,0.0424243181818182,9
14310,0.2080645161290322,16
91915,-0.181,30
91979,-0.0428623320014529,5
92052,-0.0036396724294813,27
92050,-0.0606111839046451,27
92345,-0.1676712328767122,12
92095,0.0162337662337661,10
92096,0.010589873062627,21
92097,-0.3871527777777778,3
92121,0.1251298026998961,3
14328,-0.4989384288747346,12
92111,-0.0161616161616161,8
92143,-0.1180338134001252,10
92102,-0.0220588235294116,4
92220,-0.051851181902906,20
92172,-0.2522123893805309,16
13284,0.0287421741605007,14
14444,-0.140625,19
15540,0.0470869912210694,7
92221,0.1215450377197737,19
93004,-0.0809968847352023,2
68145,0.0518987341772152,19
92293,-0.190748898678414,2
93130,0.0575221238938055,12
89756,-0.0940170940170939,12
92402,-0.0194517629911991,20
12400,0.042519890439546,9
92303,0.0866228070175438,30
92326,-0.1106623586429725,30
92354,-0.0317164179104477,2
92428,0.0028378857750974,25
92432,0.0311952330879776,20
92400,0.0031746031746031,20
13712,-0.2755775577557756,30
92443,0.1140350877192983,1
92448,0.0,22
92493,-0.0937737281700834,9
92466,-0.1519154557463673,19
92467,0.1854545454545453,2
92469,-0.0695058256327842,2
13561,-0.0212622342220721,8
92917,0.2961672473867596,20
92528,-0.0354609929078012,30
92523,0.2028985507246377,2
91365,-0.0940279542566709,6
92614,0.0388596769740474,24
92611,-0.091313647047057,28
92648,-0.1329719387755101,18
92588,0.2344569288389513,13
10258,0.0681051921780175,19
92602,-0.0529403920522736,10
93347,-0.071973602804702,1
92597,0.0313822284908322,3
13262,-0.1240875912408758,19
92753,0.1817073170731706,9
14797,0.2928307854507117,19
12577,-0.2274562584118438,5
93345,0.1337308347529813,6
92621,0.1824644549763034,19
93079,0.0465657741559952,9
92780,-0.046865489957395,28
13343,-0.0046728971962617,30
92852,-0.0196397297973479,10
92685,0.056779661016949,2
92688,0.3028169014084507,19
92810,0.0451345755693581,1
93065,-0.0485933503836316,30
93339,-0.1265432098765432,19
79678,-0.064484249536751,28
92775,0.0544168576878731,6
92729,-0.0861900097943193,25
13305,0.0750670241286863,9
13604,-0.0349751655629139,25
92782,0.1498117267348035,15
93089,-0.0396093033295559,15
12527,-0.1428571428571428,19
92797,-0.1293725707940034,24
92809,-0.0053367684946633,5
87078,0.2383292383292383,10
91161,-0.0245478036175711,3
92808,0.4191670398566951,23
92854,-0.0208223510806536,6
13253,-0.0933333333333332,12
92902,-0.0975,2
82163,-0.0985448046974725,4
75754,0.0100603621730381,24
93274,-0.3217821782178217,23
92987,0.0484429065743945,16
93073,0.0323775261877048,20
13863,-0.2278481012658229,12
93098,0.0331646992692524,18
93132,-0.063152533740769,20
93085,0.003463631865413,2
14262,-0.3775784753363228,22
92596,0.0324472243940578,24
78003,-0.1754,4
93246,0.0852612580045446,19
93128,0.3189920098340504,24
92486,0.0282258064516127,8
15645,-0.1573516766981942,22
93272,0.3166479190101237,19
93356,0.0991395916270707,28
15186,-0.1359649122807017,22
14172,0.857142857142857,22
93233,-0.0658307210031349,30
93304,0.1083202511773939,18
12591,-0.1763128491620111,23
93264,0.0983879933296276,8
93372,-0.0026315789473685,18
93434,-0.0806451612903226,13
93266,0.0104166666666665,24
11664,0.0535467298952776,21
93393,-0.1394366197183097,20
93289,0.1376936316695354,28
11370,-0.0054432348367029,15
14435,0.1575757575757574,22
12449,-0.0721965950358423,21
12559,0.1182266009852215,11
12307,-0.1438356164383561,22
12009,-0.2508250825082507,4
12089,-0.0338306731436502,11
93374,-0.124140640345708,10
93436,-0.095498937192631,28
12374,0.2450778619153673,19
12078,-0.201729106628242,24
10158,0.1494011976047904,19
93426,-0.056477093206951,18
12592,0.4082797134879203,22
10220,-0.0230864855265495,21
12497,-0.1034063260340633,2
15254,-0.1112574061882817,4
12919,-0.0354016477857878,19
86092,0.0984419263456091,20
13837,-0.0411985018726591,15
12360,0.3282674772036476,19
12476,0.1439771917320029,30
12502,0.0484396832789941,10
12639,0.0448294829482949,10
12521,0.1354581673306774,23
12373,0.0796874999999999,2
12515,0.152441807393884,16
12583,-0.1300731869594145,28
12366,-0.0539889129910822,7
12573,0.204225352112676,8
12494,-0.1048780487804877,4
14358,0.0542307692307693,12
12640,-0.054421768707483,13
13410,-0.1190019193857965,13
12798,-0.083864639529181,30
12623,0.0478152753108347,29
12783,-0.1015138023152271,1
13860,0.1166328600405679,21
12579,-0.0396158463385355,22
12905,0.02046783625731,30
14329,0.0487712665406427,13
14441,-0.041255605381166,15
13844,0.1166088874881814,22
12913,-0.0701513067400274,13
12872,0.0054533060668029,30
15327,-0.2346153846153846,12
13302,0.2196878751500599,8
13108,-0.0495098039215685,19
12880,-0.1400242816673411,30
13323,0.1876740525487348,19
13046,0.1137045481819274,20
14715,0.0319634703196347,20
13169,-0.0142543859649121,20
12920,0.0903943115707821,8
13201,0.0557843504305501,19
13249,-0.0881853281853282,9
13210,-0.0443268683494183,20
13116,-0.0579787234042553,8
13316,0.1272352132049519,9
13326,0.0732137606586298,24
13520,0.0720122574055157,5
13244,-0.1440677966101694,4
13375,-0.0779082177161151,2
13260,0.2353515625,7
13124,-0.179591836734694,22
12981,-0.065302820157189,7
14339,-0.1159763313609466,19
13035,0.0359010936757013,9
14960,-0.0634533251982917,8
13084,-0.0772833723653395,20
15543,0.1612061088630727,12
10966,0.0842648323301804,13
15662,0.8163804491413476,22
13019,0.0362499999999998,28
13579,0.1485714285714285,18
13085,0.0637594978526592,3
13105,0.2092944369063771,28
13202,-0.0082644628099173,12
13107,-0.1543739279588336,4
13730,-0.1792618629173989,4
13318,-0.0209059233449476,2
13159,-0.4554455445544554,22
13280,-0.0728476821192053,13
13168,-0.0245022970903522,1
12629,-0.0007299270072992,24
90542,-0.2779386218876665,12
13748,-0.0942668136714444,28
90199,0.0730253353204173,28
90276,-0.1162457460146874,1
90178,-0.1554258821822882,23
90188,-0.0852378011117974,18
90164,0.1392070484581498,2
92457,-0.1005050505050506,1
90097,-0.0079217148182666,24
91609,0.1030478955007256,13
90303,0.0102260495156081,6
13279,19.89193825042882,19
14419,-0.1777777777777777,19
12615,0.0457343887423045,3
14060,-0.1029411764705883,19
14406,0.1151284490960991,11
54594,0.0351063829787234,13
14526,0.1179223210107627,13
11581,-0.0520999468367889,29
15203,0.0173470718664405,5
16126,-0.0155334114888626,29
17137,0.0789473684210526,5
20670,-0.0152990264255911,1
64899,-0.0981432360742705,8
23660,-0.0549229352799608,7
82542,-0.0025157232704403,21
30680,0.0335335335335333,9
56274,-0.0173620834500138,11
31668,-0.0083482409063804,20
47511,-0.1261467889908257,18
60628,0.0316078244274808,24
37875,-0.0115771079073832,25
17144,-0.0415045395590143,28
41452,-0.0202562525837123,24
20415,0.0838888888888889,21
64020,-0.0594405594405593,22
52090,-0.0700155553830214,15
53613,0.0719761499148212,15
54114,0.0102785145888593,5
57665,-0.0434921140672296,20
35107,-0.0302197802197802,2
61621,0.031089381973173,9
64742,-0.0233074361820199,5
65307,0.0220907774022212,7
66852,0.0119904076738608,13
46922,-0.0368809272918861,19
77354,-0.0585993330157216,30
74500,0.1729583975346686,22
74740,-0.0048526315789473,10
65306,-0.1349738606959919,25
81294,0.2856161850932333,20
19502,-0.0523385300668152,30
51086,-0.09134894522934,15
83601,0.2067189798921038,6
10044,0.0,30
10104,-0.0601340033500837,28
75510,-0.0883509999052055,20
70092,-0.1599374837197187,6
75033,0.4733420026007802,27
12211,0.0891601158460901,9
75976,-0.1087539936102237,21
77488,-0.027421686746988,30
76605,-0.0413199531153837,24
76752,-0.0084514721919303,3
77637,-0.0462232243517473,13
79094,-0.0326911850554582,9
87055,0.0073802816901409,24
79866,0.0920436817472698,14
80719,-0.0823129251700679,8
81655,-0.0875521143537819,5
82777,0.1008217446270542,25
83597,-0.0847467749641662,15
20598,-0.0005212405525149,14
89508,-0.0595147426830594,28
85040,-0.1398619957537156,19
85982,-0.0074836295603368,6
85272,-0.1223021582733812,2
85394,0.0383747178329569,21
85796,0.032640949554896,10
88841,-0.0701298701298701,29
89216,-0.129066927210552,29
89900,-0.0601170926745681,28
12488,0.0373134328358206,5
90179,-0.142620232172471,2
