firms,bm,ep,cashpr,dy,lev,sp,roic,agr,gma,chcsho,lgr,acc,pctacc,cfp,absacc,age,chinv,hire,sgr,pchsale_pchrect,pchgm_pchsale,depr,pchdepr,invest,egr,tang,sin,currat,pchcurrat,quick,pchquick,salecash,salerec,cashdebt,divi,divo,securedind,convind,rd,operprof,ps,chpmia,chatoia,chempia,bm_ia,pchcapx_ia,cfp_ia,mve_ia,herf,mve,chtx,roaq,roeq,rsup,cash,cinvest,nincr,sue,aeavol,ear,ms,dolvol,turn,IPO,maxret,retvol,baspread,std_dolvol,std_turn,ill,zerotrade,beta,betasq,pricedelay,idiovol,chmom,indmom
54594,0.6597575168,0.0313493155,2.1728612957,6.77091e-05,0.3827595692,1.118148156,0.0524501521,-0.259403559,0.137950938,0.0079209049,-0.519466168,-0.032553127,-1.272138229,0.0712299782,0.0325531268,47.0,-0.056208031,-0.12962963,-0.209591729,-0.251058338,0.0049328275,0.0955011839,-0.044769623,-0.06974507,0.0795479725,0.4919331688,0.0,2.7820665083,-0.259185599,1.0273159145,-0.472433342,27.431893688,6.9212070411,0.0948498593,0.0,0.0,0.0,0.0,0.0,0.3122091735,7.0,-0.022097501,-0.146263332,-0.109943885,1.6968730384,-0.58626263,0.0837103881,-2207.141621,0.0624291911,14.202568954,0.0016174444,0.013544312,0.0210483708,0.0279691898,0.030334728,0.0262601399,1.0,-0.000918555,1.4150077859,0.0638542632,3.0,14.699504362,2.0894489114,0.0,0.0503611229,0.0319074081,0.0393583205,0.4358587414,4.9463150621,1.4922735e-09,9.1200084e-09,2.1925452345,4.8072546054,0.0111063262,0.0535102756,0.064770167,0.094356988
14526,0.5123668041,0.0160506834,3.282317757,0.0203815396,0.5431548764,1.2797851646,0.0744775578,-0.100879458,0.287753401,-0.027568733,-0.146777347,-0.117930684,-8.190399067,0.1475121857,0.1179306839,47.0,-0.032204805,-0.152777778,-0.112916676,0.067154186,0.0278941868,0.1228635319,0.2840362215,-0.021427983,-0.046505463,0.407320748,0.0,1.611908877,0.1685168127,0.9339698095,0.2935401032,25.561246106,9.4131854685,0.1045967316,0.0,0.0,0.0,0.0,0.0,0.6178397687,6.0,-0.136378138,-0.063158954,-0.459303987,-0.110652884,-13.92697595,0.0508887502,-2117.192475,0.0553124103,13.675095605,-0.007715597,0.0113246618,0.0232037452,0.0198037174,0.0807420086,-0.016730603,1.0,0.0024213075,0.9739361888,0.1222796598,4.0,14.171467127,2.0697898332,0.0,0.0551888086,0.0367763364,0.0432742405,0.5911915931,12.198864121,2.7848877e-09,7.5431175e-09,1.8557964146,3.4439803325,0.0322851567,0.048323386,-0.370922452,-0.098849863
11581,0.2720445744,0.0265393244,6.4873070565,0.0015899043,0.2693062959,0.3489077694,0.0816537848,-0.004909656,0.3112857791,0.0071410653,-0.122603576,-0.016990759,-0.347433602,0.0357599774,0.0169907591,35.0,0.0075109103,-0.086956522,0.071697899,-0.166014552,0.0418139959,0.2157238543,0.1466888931,0.003768073,0.1474614866,0.3841381121,0.0,2.6523032857,-0.179565836,2.0931999644,-0.187829701,3.7666723666,4.7292993631,0.1416144686,0.0,0.0,1.0,0.0,1.0,0.6976805688,7.0,0.0605915954,0.105062545,-0.31129061,-0.078644215,-1.654993065,0.1291272727,-9584.453988,0.0363924557,13.956732345,-0.000568822,0.0038829767,0.0077268691,0.0090140895,0.1557390568,-0.49233149,0.0,-0.002368546,1.5065551377,-0.113074627,4.0,14.095078382,1.167257175,0.0,0.051995784,0.0297662436,0.0344618449,0.4834056183,3.1603618938,3.5065732e-09,1.7069929e-08,0.9689533955,0.9388706827,0.005390895,0.0410439084,0.1745665972,-0.13380379
15203,0.6443839518,0.0132561118,-83.34516603,0.0,0.6534703007,1.553703434,0.022349048,0.1090783386,0.3833962666,0.0234498309,0.1803057554,0.0604685175,5.6291079812,-0.061363973,0.0604685175,47.0,0.0791285271,0.094488189,0.1140613147,0.0131931873,1.1261499967,0.1022007336,-0.279347395,0.1208849652,0.0451196124,0.4915442601,0.0,1.5837127618,-0.052170743,0.3625601665,-0.099805305,498.06309751,9.3747653023,0.0851722005,0.0,0.0,1.0,0.0,0.0,0.6960734834,5.0,0.0981708848,0.0527103321,-0.129845899,0.2936951622,-1.757511296,0.0320033223,-11083.57145,0.0363924557,9.5317720366,0.0296229325,0.0191954834,0.0412746586,0.1114011275,0.0001438573,0.0184923742,1.0,0.0527755062,7.9174969228,0.2400578111,2.0,10.581563447,3.375862069,0.0,0.1347656399,0.0484897259,0.0864056326,0.8122762041,5.8311630845,4.2401505e-07,1.190639e-08,0.6299339454,0.3968167756,0.2442326021,0.0841666912,-0.201571903,-0.13380379
16126,0.4858962307,0.0308816627,33.522526117,0.0137530745,0.2908944419,0.6539897964,0.0841295633,-0.072068137,0.2099669315,-0.039773596,-0.150899389,-0.05064163,-1.323294795,0.0717472061,0.0506416304,46.0,-0.006693803,0.0939442781,-0.209923179,-0.099444313,0.0244140791,0.1830167002,-0.065438569,-0.011932045,-0.017456799,0.330340912,0.0,2.6657180501,1.1097442455,1.8496267018,1.0376384266,56.542225517,4.5058732537,0.2072740474,0.0,0.0,1.0,0.0,0.0,0.34021527,5.0,-0.102500677,-0.119913041,-0.212581931,-0.137123458,-13.37767564,-0.024876229,-1796.128355,0.0553124103,13.825065813,2.67361e-05,0.0123275328,0.0197579673,-0.071656586,0.01961784,-0.051506766,0.0,0.0005781461,-0.101068826,-0.072369024,5.0,13.832711767,1.0619360738,0.0,0.0255402029,0.0198080055,0.0279598313,0.4013224479,2.211313492,3.4945119e-09,1.9870497e-08,1.1807732631,1.3942254987,0.0237676943,0.0364811137,-0.330953346,-0.098849863
17137,1.0938283913,0.1212721028,-3.095569506,0.0516828067,1.7404247333,3.270313783,0.0742374266,0.0474749658,0.5580115713,-0.018203761,0.0589279361,0.0084420335,0.1928278461,0.0978874644,0.0084420335,47.0,0.0560974219,0.0714630613,0.2608982981,0.1084691298,-0.257418258,0.0701009538,0.0808205523,0.0872465215,0.0297538442,0.5529796115,0.0,1.3432077426,-0.01046289,0.7620381615,-0.147353115,9.3404365605,12.875697991,0.1296581368,0.0,0.0,1.0,0.0,0.0,1.4193823957,5.0,0.0134528306,0.041227306,0.0066024546,0.5031868996,0.3226791718,0.1592222907,-2105.54596,0.1515446569,12.029070801,-0.005256503,0.011309199,0.0295082378,-0.027014332,0.1235331784,0.0347147042,1.0,0.0032808399,7.9174969228,0.2681977917,2.0,12.343016053,2.2714754335,0.0,0.1123388484,0.0362810062,0.0513253642,0.7052291032,26.324396585,1.3996557e-08,5.9371494e-09,1.5819723097,2.5026363888,0.0365619583,0.0728716907,0.4984257798,-0.312544723
20670,0.2416342664,-0.053765117,1.6794674713,0.0,0.8607704551,0.7841951241,-0.004481383,-0.125049162,0.2844384385,0.0264261989,-0.053553366,-0.107016921,-2.351089474,0.072641484,0.1070169211,38.0,-0.028216134,-0.089814815,-0.157112538,-0.0333042,0.0224672989,0.3974780504,-0.049343147,-0.053395992,-0.310573598,0.4206024043,0.0,1.9981164623,0.0204114807,1.7774721432,0.0737509379,3.2611916638,4.8730675089,0.0024260486,0.0,0.0,0.0,1.0,1.0,0.9102371682,5.0,0.3157276581,0.0621391984,-0.127396492,-0.161828031,-0.539125089,0.0549275058,-15973.39646,0.0642905452,11.923541901,-0.000258022,-0.025148561,-0.116728674,-0.029536738,0.2264877912,-0.002535328,0.0,-0.018518519,4.1604687884,-0.242497914,3.0,13.049143215,2.551179578,0.0,0.0890301988,0.0832892354,0.0757906747,0.7977631182,38.702266758,1.8862774e-08,4.6639827e-09,1.5678982134,2.4583048075,0.0078875395,0.0623044967,0.0356201605,-0.206298515
64899,0.3283628401,0.0482442664,54.697454885,0.0138961838,0.3181441346,0.2080177831,0.1055483773,-0.007993207,0.1783429467,0.0118768574,-0.112681747,-0.029708973,-0.404654655,0.0677665334,0.0297089733,46.0,-0.003031528,0.0333333333,0.0325283155,0.1367909883,0.0267977715,0.0474640845,-0.149799222,0.0248360368,0.1209301175,0.1961033359,1.0,2.3989441336,0.5917680457,1.3816090143,0.5133872159,18.703647416,7.9144694534,0.1639274066,0.0,0.0,1.0,0.0,0.0,0.3672744358,8.0,0.1271470597,0.0964776996,-11.04676863,0.1756294702,-1.421529951,0.0263629473,25057.345625,0.0426379215,15.734248184,-0.002797623,0.0185791013,0.0420631304,-0.00278078,0.0141534749,0.0166321736,2.0,0.0011982426,1.8579081291,-0.028324028,6.0,9.568741869,0.0026286305,0.0,0.0712849349,0.0324852775,0.0733402502,0.7918182969,0.0199869107,3.3235535e-07,7.6609952e-07,1.059680702,1.1229231901,0.0538257812,0.0352991392,0.0979719094,-0.038553197
23660,0.1002412197,0.0301977786,61.434466291,0.0144187538,0.1236479991,0.1934328082,0.1788702398,0.0739174055,0.4610482426,0.006246676,0.0257725299,-0.031404612,-0.224823757,0.0369869567,0.0314046124,38.0,0.0141565433,0.0,0.004406418,-0.057203083,0.0211243517,0.1639817885,0.0864915233,0.0235930526,0.1399124382,0.3225142846,0.0,1.4701055021,-0.436580247,0.8021405471,-0.371853253,14.416052184,7.7017333483,0.3016151882,0.0,0.0,0.0,0.0,0.0,1.0626776937,6.0,0.3286218387,0.1503730427,0.1710690899,-0.101758822,-0.200213884,0.0115491202,30888.420397,0.2743317733,17.447733771,0.0024881862,0.0375004295,0.0890453079,0.0037754047,0.0141155311,0.003938575,0.0,0.0003079182,0.7423063556,0.0120920334,6.0,17.621228467,1.0164314609,0.0,0.0345128477,0.0210288307,0.0246963878,0.3521005466,1.9873934561,8.572572e-11,1.9260285e-08,0.975644565,0.9518823171,0.0175582892,0.0341193565,-0.318524377,-0.115891899
82542,0.3182892153,0.0415235405,5.7342772693,0.0069856054,0.055310798,0.2711564842,0.2222456362,0.1652942364,0.3906236485,0.0009534908,0.3587129297,-0.043401435,-0.362800534,0.0565883032,0.0434014346,46.0,0.0057497513,0.0678513732,0.1231955644,-0.126703289,0.0534793821,0.5004318175,0.1039928397,-0.000790012,0.1371634653,0.4777143748,0.0,6.4687443047,-0.15810286,5.2167851285,-0.129934289,2.4561538655,6.3300820026,1.1884512819,0.0,0.0,1.0,0.0,0.0,0.4464549922,6.0,-10.43244002,-0.037778264,-0.250723057,-0.036831021,-1.332329845,0.1991648563,-4743.736602,0.02204135,13.51004851,0.0006919209,0.0240672607,0.0282495557,0.0083996186,0.3041000661,0.0049939584,0.0,-0.001190143,-0.250581224,-0.015726084,6.0,12.747938238,0.4839652198,0.0,0.0384616032,0.0161450884,0.0239885176,0.4135363983,1.3025663782,7.1221555e-09,3.4307494e-08,1.0076748324,1.0154085679,0.0835869854,0.0353868356,-0.198578528,-0.351147931
30680,0.5834114736,0.1049599512,0.8110597595,0.0146854699,0.5957883406,1.7108625858,0.1474726217,0.1364478476,0.3119928618,0.011457713,0.0689896297,0.0422895787,0.4466132997,0.0580834411,0.0422895787,47.0,0.0710962881,-0.018411968,0.2288463807,-0.026456051,-0.082150491,0.0998692148,0.0157983318,0.0997033609,0.2147341654,0.5815879729,0.0,2.7913343866,-0.060441976,1.8373183147,-0.138114974,13.520497443,6.0870855117,0.2559496212,0.0,0.0,1.0,0.0,0.0,0.6451224618,5.0,-0.030338539,-0.100990619,-0.061502691,-0.203602889,-0.687326903,-0.053751551,-671.3514146,0.0808307708,15.198855277,0.0018121986,0.0502059749,0.1014821274,0.1571763781,0.0878375318,0.0117145199,4.0,0.0174757282,0.5265128592,0.0075646066,4.0,16.052128859,2.0287603397,0.0,0.0654069707,0.0336953813,0.0444625996,0.3160436227,4.3131815752,5.841646e-10,8.9313194e-09,0.9871543801,0.9744737701,-0.028024373,0.0469534467,-0.263571065,0.0740249043
56274,0.4673415998,0.0709772527,57.660611111,0.0274990403,0.7412608957,0.6112251913,0.0821353373,-0.004860115,0.1615853659,-0.014118507,-0.054976904,-0.007609057,-0.130351093,0.0802292152,0.0076090572,46.0,0.0160046382,0.1272727273,0.0117871617,0.0895055632,0.0203748225,0.1386127994,-0.073692969,0.034527439,0.0857911911,0.1392947927,0.0,0.817282681,-0.069013103,0.3120390355,-0.361674333,141.2209596,14.088298274,0.120820274,0.0,0.0,1.0,0.0,0.0,0.4026739122,7.0,-0.066064945,0.0810351939,-10.95282923,0.31460823,-1.241118745,0.0388256291,1941.9183053,0.0426379215,16.614675533,0.0001571148,0.0122227694,0.032195863,0.0043467064,0.0030408994,-0.027452005,1.0,-0.001309329,0.6344872566,0.0167681221,4.0,17.225768132,1.8543355579,0.0,0.0309212394,0.0133590763,0.0236641642,0.2790504868,2.2291663503,9.059222e-11,1.2504662e-08,0.2608827135,0.0680597902,0.2657011868,0.039597129,0.0639443719,-0.038553197
31668,0.3089871752,0.0968865897,28.651583885,0.0205147223,0.3729258775,1.5705313114,0.1622261285,0.3732129886,1.0746117969,-0.00023955,0.3761257434,0.0625968715,0.3807034221,0.0600015334,0.0625968715,43.0,0.1715391181,0.0646766169,0.8107369129,0.7611916009,0.07429048,0.0544605636,0.0091244547,0.4152975905,0.3697138775,0.5465491778,0.0,1.5334564157,-0.324967757,0.3120390355,-0.613868238,112.93322296,61.13982671,0.3398529219,0.0,0.0,1.0,0.0,0.0,4.9559418909,6.0,0.0861767763,0.60658646,-0.454854458,-0.215123449,5.3947950765,-0.11786656,-2611.318815,0.1434034542,10.507237631,-0.004903359,0.0256980311,0.0595058787,-0.230883589,0.0083157605,-0.044069378,1.0,-0.020458265,0.5888038873,-0.065177144,6.0,9.6628074303,0.3352492624,0.0,0.0481651463,0.0309298858,0.0463773158,0.745174743,1.2466319843,3.8116482e-07,5.6799215e-08,0.8931912613,0.7977906292,0.1107282081,0.0680392867,-0.274285992,0.1061699479
47511,0.5843516504,0.0468455016,2.1745976859,0.0456264376,0.124120942,0.6960000311,0.1313771188,-0.003584915,0.3330689994,0.0012732955,-0.105520527,-0.078683773,-1.19212252,0.1026910791,0.0786837733,47.0,-0.005284302,-0.163273453,-0.183478098,-0.06290529,0.0114053403,0.241876869,0.0166166964,-0.007000293,0.021132814,0.4395785042,0.0,4.2244094488,0.070138256,3.2856327742,0.0843396362,4.7609123554,9.4474413449,0.6231981599,0.0,0.0,0.0,0.0,0.0,0.4137954466,6.0,-0.009649043,-0.090475596,-0.115743553,-0.053269239,-0.634129393,-0.254774443,-2220.369053,0.0984150309,13.166032563,0.0008421556,0.02026283,0.0247706512,0.0213283823,0.2190133054,-0.04157408,3.0,-0.001577287,0.9671090304,-0.016976859,5.0,12.639403841,0.7786256585,0.0,0.0873387903,0.0266473938,0.0243823183,0.5819848809,3.1456551066,6.9812611e-09,1.9673137e-08,0.6922020987,0.4791437455,0.0341976895,0.0247317035,0.1335981735,-0.04445491
60628,0.2875791443,0.0622445591,4.9908951503,0.0081628307,0.6973984636,0.999042427,0.0576958647,0.1256510328,0.2957286808,0.0205717737,0.0609500018,-0.062745499,-0.937488052,0.1205980895,0.0627454994,44.0,0.0001919214,0.1403162055,0.2129823598,0.0142950649,0.0693456076,0.0741762003,-0.024834324,0.0888532303,0.3210166712,0.5304115153,0.0,1.5065885798,-0.048760772,1.4636163982,-0.04246107,11.84690278,6.5675062578,0.1585229818,0.0,0.0,1.0,0.0,0.0,1.1416233944,7.0,0.4151059297,0.3686010544,0.2423924946,0.2609940868,0.3750371257,0.0631784705,77051.838035,0.1434304144,17.888942061,0.0019222239,0.012724259,0.0429258665,0.0476916694,0.0811067456,0.0176656972,0.0,0.0024308721,1.5896809596,0.0431684582,7.0,18.51788747,2.1361691156,0.0,0.1441437006,0.0412366739,0.0338335071,0.6413797876,10.771957348,3.410642e-11,7.5672949e-09,0.8677120059,0.7529241253,0.0730698892,0.0422455628,0.0114012021,-0.173856487
37875,0.4135380418,0.0417982471,19.580430518,0.0091157281,0.693344898,0.8489584409,0.0563925384,0.0589158878,0.246855603,0.0167800104,0.0084102933,-0.012494895,-0.321723991,0.0552457459,0.0124948955,47.0,0.030125731,0.0112009956,0.1748082353,-0.031227575,-0.066865042,0.1966376006,-0.009582059,0.0501141525,0.1559724351,0.270607168,0.0,1.6572843862,-0.138458361,1.0487426206,-0.201835264,53.054591655,5.093914865,0.1142409282,0.0,0.0,1.0,0.0,0.0,0.6642091158,6.0,-10.44989115,0.0719128747,-0.307373434,0.0584178051,-2.011954922,0.197822299,-1964.294122,0.02204135,14.978956381,-0.000757053,0.011949448,0.0324662522,0.0310221709,0.0144544546,0.0692531636,1.0,0.0004100601,0.7829125078,-0.024190606,5.0,15.149971125,1.3831549511,0.0,0.0443956293,0.0245814327,0.0303616587,0.5234029195,7.1119308105,8.800869e-10,1.2220372e-08,1.1316014603,1.280521865,0.028276215,0.0328390583,-0.532441162,-0.351147931
17144,0.2479160876,0.0612512736,8.8077535921,0.0326282535,0.5618792576,0.4745285225,0.1068836217,0.0336030798,0.2288268461,-0.003443752,-0.020481367,-0.020539964,-0.274980768,0.0780941959,0.0205399642,47.0,0.0125844791,0.0,0.0283889122,0.0034298518,0.0126968628,0.1508756963,0.0010514922,0.0297954666,0.1752063039,0.1975698372,0.0,0.6961818578,0.0183832987,0.4759369934,-0.035052237,9.7185288441,9.986777588,0.1356083031,0.0,0.0,1.0,0.0,0.0,0.8218030651,7.0,-0.100857599,0.0749637704,-11.08010196,0.0951827178,-1.459709699,0.0366906098,21843.119905,0.0426379215,17.631834967,-0.000919288,0.0184707505,0.0616159219,0.0081750603,0.0314331806,0.0032910266,0.0,-0.000809454,0.6784253046,-0.028364945,7.0,17.816990243,1.3000289147,0.0,0.0634784922,0.0179432272,0.0229340049,0.4013232819,3.3091243291,4.097042e-11,1.5025145e-08,0.0298548848,0.0007039776,1.1425605707,0.0279301089,0.0115715753,-0.038553197
41452,0.2342270427,0.0479938392,75.528164894,0.0,0.1935547653,0.3966568547,0.1306054721,0.1888797789,0.4906299389,-0.031277288,0.3799463727,-0.028871919,-0.236900758,0.059363616,0.0288719195,43.0,0.1081257224,0.0721212121,0.2292138135,0.1109859952,0.0351946731,0.2230936665,-0.017479009,0.1248264731,0.0668179936,0.2992145008,0.0,1.5806629457,-0.215506579,0.7974180832,-0.366410413,46.515935284,5.3930271938,0.3302540167,0.0,0.0,0.0,0.0,1.0,0.7932054371,7.0,0.1994525378,0.1104714281,0.0345395352,-0.169235255,4.5051024426,0.0416496378,-11075.68359,0.0642905452,15.174598911,-0.001089221,0.0315324155,0.0596952885,-0.002214237,0.0178274145,0.0116749885,1.0,0.0023700624,0.1252023748,-0.057810451,7.0,15.806602169,1.6533711615,0.0,0.0506543331,0.0234156501,0.0311013725,0.3844091761,3.6971777554,5.945547e-10,1.1171165e-08,0.8585228773,0.7370615309,0.1783634769,0.0402958076,-0.407337732,-0.206298515
20415,1.1531296717,0.1829438879,-2.137526164,0.0268960574,5.4275131488,0.98772023,0.0829153839,0.1371608441,0.0889330678,-0.024864765,0.1411416882,0.0017852678,0.0605213241,0.1718718816,0.0017852678,47.0,0.030022129,0.1235591507,0.2995937279,0.2475296758,0.0845465409,0.1814788802,0.0082891738,0.0323451112,0.1222751046,0.6787561217,0.0,3.5494452423,-0.069399141,2.2352776851,-0.039240662,0.4641055172,0.6344374138,0.0394772035,0.0,0.0,1.0,0.0,0.0,0.4023163598,6.0,-10.4839235,-0.039489577,0.022112118,66.527904173,-7.366152341,0.4614225135,-5154.127358,0.058065833,15.704869751,-0.000405924,0.0056301799,0.0310997086,-0.003415983,0.3224627761,-0.004345045,0.0,0.0026609899,2.7599572403,-0.057977291,2.0,16.09950282,1.351164895,0.0,0.0357275419,0.0267765489,0.0333541036,0.4016526159,2.7242691099,5.57682e-10,1.513256e-08,1.3270630428,1.7610963196,0.0543009825,0.0345670254,-0.425388326,-0.055218137
52090,0.1921430858,0.0329008553,40.177566107,0.0161825338,0.3694017254,0.2752076178,0.0831844716,0.0675037429,0.2215439589,1.0044960659,0.0405659104,-0.005841051,-0.096650338,0.0360807341,0.0058410514,47.0,0.0119781561,0.0769230769,0.1279345866,0.0881994873,-0.036536518,0.1353065539,0.0257592493,0.0279659545,0.1235067879,0.1607462614,0.0,0.6811216577,-0.004109652,0.3143805447,-0.088715196,17.963889679,11.497543221,0.1116175586,0.0,0.0,1.0,0.0,0.0,0.6474109167,5.0,0.0602973196,-0.024533674,0.0044199634,0.1211812191,-0.512521982,0.0303747697,7362.192604,0.0431411127,16.851967917,-2.4815e-05,0.0153208531,0.0450017098,0.0075097411,0.0272513134,0.1066458332,0.0,0.0004660918,0.8406989834,0.0567830439,6.0,17.085542305,1.0378791508,0.0,0.0273683779,0.0155547082,0.0256789312,0.3348011222,2.0744920784,1.119697e-10,1.9117712e-08,0.285784802,0.081672953,0.1888340321,0.0307566702,-0.242277911,-0.038553197
53613,0.5327129888,0.0710680087,3.5614849994,0.0013580647,0.1808651114,0.3359391199,0.1384817588,0.0963336935,0.3163120832,0.0053908356,0.0159378831,-0.117429595,-1.127282034,0.1511816981,0.1174295947,38.0,-0.019906334,0.075,0.2925122463,-0.065105341,0.1081642097,0.1840421751,0.0446128125,0.0554789672,0.1266027285,0.5598819691,0.0,3.0988480697,0.1444952376,2.400373599,0.2887586041,3.2091972663,5.2165317266,0.815933509,1.0,0.0,1.0,0.0,0.0,0.4290183609,8.0,-0.854410082,0.0767524183,-0.649892405,0.3896279011,-2.321605107,0.2696464905,63627.768236,0.0740556467,17.926086907,0.003129016,0.0391850329,0.0524890174,0.0203443878,0.1564183783,0.2204833612,0.0,0.0007142857,0.6021530761,0.0975113946,4.0,19.410645372,3.5120620287,0.0,0.0394876786,0.0311316244,0.0379766715,0.2663431845,5.0788916452,2.05033e-11,5.917659e-09,1.1604788264,1.3467111066,0.039622279,0.0423759631,-0.50454125,-0.206298515
54114,0.3011072283,0.0613484713,3.0474788419,0.0118373134,0.4023623308,0.8736575193,0.1656756073,0.003895029,0.5101514193,0.0040140833,-0.16552738,-0.077360416,-0.919699596,0.1177706355,0.077360416,47.0,0.0079206959,0.0,-0.008646344,-0.116917021,0.0662823593,0.160915298,0.062040967,0.0416281221,0.3213063764,0.4699268636,0.0,1.7801517572,-0.00365075,1.3536341853,-0.034703491,6.1002227171,11.149253731,0.2085904319,0.0,0.0,0.0,0.0,0.0,1.6079315708,6.0,0.1712989914,0.1546761215,0.0278592782,-0.398379416,-0.692757655,0.0431020824,1052.4878576,0.1460543126,14.504597765,-0.009267932,-0.000358704,-0.001084305,0.1392342001,0.0525537965,-0.231459159,1.0,-0.001581444,0.5980822367,-0.03725517,6.0,14.807565121,1.1217866733,0.0,0.0379746296,0.0317956291,0.036123645,0.4057321148,3.145210757,2.1144283e-09,1.6133609e-08,1.6113756474,2.5965314771,0.0930706487,0.0587578705,-0.161450423,-0.312544723
57665,0.0592893232,0.0265959077,14.094529534,0.0078575652,0.1159733898,0.2068322923,0.2952110122,0.2041350265,0.6617637675,0.0128369705,0.0724009104,-0.026924524,-0.162388685,0.0309147822,0.0269245245,41.0,-0.014851915,-0.027851459,0.1907600995,-0.432739355,0.0320320241,0.0928027941,0.0249495827,-0.003094889,0.5849782744,0.654617859,0.0,2.7176969196,0.0952228683,2.0091999173,0.2619768076,3.3049866429,9.9793860632,0.2681723995,0.0,0.0,0.0,0.0,0.0,2.5381750466,7.0,0.0168881016,-0.015723826,-0.016210897,-0.393540471,-1.822133957,-0.084789165,205239.71606,0.281925686,18.680482251,-0.001176943,0.0352612285,0.093216203,0.0004255209,0.3880823291,-0.008050094,0.0,0.0012408414,0.7861369741,0.0259706369,5.0,19.079677775,1.2179069853,0.0,0.0454629958,0.0300673006,0.0312790863,0.4474662357,4.6348384573,2.798525e-11,1.5300539e-08,0.9142574061,0.8358666046,0.0496694683,0.0346166175,-0.466206734,-0.202722786
35107,0.4801535124,0.0183385221,1.027044928,0.0287969898,0.09738278,0.1634502022,0.1128592719,-0.048164577,0.0834817738,-0.006628003,-0.084354555,-0.046645074,-1.506163328,0.0459593316,0.0466450739,47.0,-0.009454276,-0.220588235,-0.228913254,0.0724139775,-0.061733232,0.0541609758,-0.420505621,0.0055650635,-0.040472913,0.8316305103,0.0,16.557112473,-0.007102371,15.95733767,0.0009043626,0.3970757324,6.062622822,0.219895288,0.0,0.0,0.0,0.0,0.0,0.1012246338,4.0,0.1098270121,0.0074333042,-0.258169912,0.0766912149,0.0436667191,0.0282453534,-16083.78452,0.0642905452,12.472444579,0.0012148011,0.0107141099,0.0126878398,0.0132318738,0.677820646,-0.003068977,0.0,0.0026675943,0.2125964164,0.0212384611,6.0,12.479780811,0.920552677,0.0,0.0492332242,0.0170740165,0.0250768711,0.3246390876,1.3203605894,1.3267652e-08,2.6263115e-08,0.8272836467,0.6843982321,0.1660818999,0.0363301963,0.0965817335,-0.206298515
61621,0.0810108839,0.0301592419,25.897961595,0.0249710279,0.1725520836,0.1114806492,0.1788433202,0.0791163297,0.3482288,0.002787068,0.0883816061,-0.018314874,-0.14833713,0.0346329773,0.0183148741,38.0,0.0,-0.050632911,0.0040341542,-0.329130467,-0.001272654,0.3849238172,-0.041453422,-0.001695768,0.0598978931,0.2279545257,0.0,1.2493418655,0.0120981415,1.2493418655,0.0120981415,3.7451994092,3.8504176158,0.2140515417,0.0,0.0,0.0,0.0,0.0,1.0576687999,5.0,-0.293297083,0.2278439983,-0.056393656,-0.089576229,-0.23985075,-0.010008611,30929.298034,0.0915965863,17.531737799,0.0032848156,0.0354531188,0.109117792,0.0029021748,0.1098977096,-0.005716752,0.0,0.0010067114,1.5320543479,0.082673796,6.0,17.704489393,1.1277114374,0.0,0.043645069,0.0214215466,0.025855438,0.3606399975,2.3855158532,7.392591e-11,1.8374318e-08,0.9014959558,0.8126949584,-0.010241595,0.028787572,-0.442121094,-0.153428954
64742,0.2873370742,0.0562424427,11.951043893,0.0,0.0394675958,0.0492505925,-0.155910477,0.3054333174,0.1410969129,0.0025570087,0.9096075778,0.1609564217,0.8281452014,0.0096655337,0.1609564217,30.0,0.0012274208,0.0,-0.451931157,-5.544251472,0.2859229914,0.0280663964,-0.019435368,0.0503336638,0.252270151,0.5697595603,0.0,3.1071428571,-0.256537977,3.0583467095,-0.254415594,0.8753790327,1.0044490075,1.5751710593,0.0,0.0,0.0,0.0,0.0,0.1543702692,5.0,-12.84278702,-0.231813012,-0.231396989,-0.080086091,-1.957190237,-0.122719562,-12510.66291,0.0264525406,12.440194669,0.0024394905,0.0129206244,0.0147362274,-0.001708205,0.1109917405,0.1980333935,0.0,0.0019206539,-0.233309548,-0.026388808,1.0,12.26577639,0.8415829198,0.0,0.0277777258,0.0248093405,0.0316626529,0.4617427376,2.1562060801,1.8907912e-08,2.4523627e-08,1.0596437693,1.1228449178,0.0364285456,0.0390870916,-0.334522202,0.1172749973
65307,0.143664441,0.0414757445,33.925845916,0.0160673818,0.3721394409,0.5038622658,0.1189329918,0.11046352,0.4532416709,0.0004787238,0.032900464,-0.044347813,-0.524254789,0.0632196022,0.0443478134,47.0,0.0214823001,0.0594350592,0.1088241607,-0.020832151,0.0163906597,0.1135063021,-0.16459288,0.0632708063,0.3791206746,0.3807124624,0.0,2.0895108509,-0.057101621,1.38492535,-0.061038745,24.36628306,4.6470175941,0.1456344948,0.0,0.0,0.0,0.0,0.0,1.9539726483,6.0,1.4439587138,0.0495854176,-0.118569499,-0.100187498,6.0075576947,0.1499669652,6372.5120689,0.0232852488,16.13730254,-0.000178405,0.0202515194,0.0698181123,0.0130125089,0.0308319927,0.0340589973,0.0,-0.000329525,0.8409850886,-0.040818999,6.0,16.009787846,1.0062267046,0.0,0.0519463606,0.0216029721,0.0264930567,0.308183624,2.3793663081,3.057052e-10,1.8618829e-08,0.8883445823,0.789156097,0.0590711652,0.0301437397,-0.362470004,-0.351147931
66852,1.0724555978,0.0146011354,-0.970718672,0.0275436523,0.3104880705,1.5610157626,0.0448883521,0.0400278662,0.4136212845,0.0092881614,0.0977230193,0.0053533156,0.4972809668,0.0073402687,0.0053533156,38.0,0.0391318913,0.0279187817,0.1349536235,-0.107607153,0.0386123862,0.179049753,0.0953295941,0.0465498938,0.0244395753,0.6794403361,0.0,4.1674682719,-0.03990896,2.1968225401,-0.07327206,4.0847954566,7.0504064393,0.1537775267,0.0,0.0,0.0,0.0,0.0,0.5253750211,6.0,-0.017120943,0.2273599232,0.0476045261,2.1095711194,0.4169057925,0.0198206785,-3570.700521,0.0624291911,12.048098304,0.0032575638,0.0257293734,0.0336001565,0.0782996892,0.2406141378,-0.011924454,3.0,0.0232508289,3.6229108105,0.1592643633,3.0,12.238077696,1.6538998604,0.0,0.0705036372,0.0366762955,0.049610865,0.6647179809,6.7126352972,1.8113282e-08,8.9021411e-09,0.7912731985,0.6261132747,-0.031800397,0.0537968369,-0.552395704,0.094356988
46922,0.5697453313,-0.092683158,-14.58411368,0.0,8.0765494902,9.1584458784,0.0015842822,-0.012374147,0.5345099202,0.007803933,-0.006561066,-0.013100009,-1.229739183,0.0212929529,0.0131000092,47.0,-0.006037331,0.0,0.0964433189,-0.040064334,-0.096967549,0.0789282185,-0.00963896,0.0009854672,-0.08802168,0.4760362064,0.0,1.3811942315,0.032529969,0.6647406439,0.0336942941,149.42785049,16.440485462,0.0259518581,0.0,0.0,1.0,0.0,0.0,7.1917017406,5.0,-0.055706483,0.0716738495,-0.000972395,0.5330368997,-0.523822854,-0.10434527,-22880.86966,0.2560171468,12.834843338,-0.000170955,-0.003850873,-0.071361707,0.1628034722,0.016347718,-0.014714517,1.0,0.023538961,3.2605992874,0.1630211156,2.0,15.047078276,17.10642314,0.0,0.1997019649,0.0661294198,0.0826699331,0.4809304774,33.55360993,2.1868463e-09,1.5439756e-09,0.8202485994,0.6728077648,-0.016196436,0.134647604,-0.442411491,-0.414353799
77354,1.0202357823,-0.009504229,-2.093916726,0.0177988289,0.7136811959,1.1234862701,0.0024995428,-0.012440991,0.3116640441,0.0052068098,-0.031652989,-0.040574977,-7.454545455,0.0613454781,0.0405749771,43.0,-0.000445335,-0.180722892,-0.12561361,-0.171398935,-0.015927768,0.0952006294,0.0046132355,-0.001622738,0.0013568521,0.5480365981,0.0,1.4785046729,-0.283811365,1.0907260963,-0.284687933,3.5478854025,3.7700782836,0.0589636689,0.0,0.0,1.0,0.0,0.0,0.5322252374,4.0,0.0313804171,0.0151798563,-0.133192991,0.3826148934,-1.002949592,-0.296120044,-1577.318533,0.0984150309,13.970849545,0.0039394371,0.0354749909,0.0594792302,0.0907186042,0.1518150149,0.0060945592,1.0,0.0255242175,2.963590732,0.029004833,4.0,13.75113148,0.7578396676,0.0,0.0260717757,0.0131171825,0.0232644857,0.3816792172,1.6862114712,2.7787763e-09,2.9979796e-08,1.1349424895,1.2880944546,0.0146878065,0.0442541069,-0.156662603,-0.04445491
74500,0.3391734515,-0.037769732,0.1952821467,0.0,1.0312205234,4.3250428206,0.0095205003,0.1564950201,0.6081267218,0.0,0.2539355036,-0.093597995,-3.169717138,0.0819496351,0.0935979954,44.0,0.0,0.7928994083,0.1640702965,-0.208487053,0.0855486889,0.1561264822,2.5932132488,0.0261178216,-0.06334606,0.6819933578,0.0,2.0500354024,-0.371918879,2.0500354024,-0.371918879,9.2800701187,7.1000722171,-0.03003899,0.0,0.0,0.0,0.0,0.0,1.9560916348,6.0,-2.929140192,-0.292352612,0.5780749771,0.2613042569,-23.25034632,0.0843425815,-14582.38113,0.03476008,9.67957493,0.0078630437,0.0107322675,0.0202905812,0.45719065,0.2896041877,-0.011756873,0.0,0.0287393738,7.9174969228,0.2681977917,2.0,9.4883409494,2.4535570053,0.0,0.0347129814,0.0177973978,0.0284187538,1.1865424613,1.5339141798,3.1908894e-06,7.7587653e-08,0.5260034529,0.2766796325,0.3312377135,0.1132166375,-0.129235403,-0.202168946
74740,0.9848024023,0.0256592224,-0.207786696,0.0,0.1239270438,0.5433575684,-0.099612435,0.01899015,0.0973245186,0.0017191977,-0.072950524,-0.131131329,-5.61335842,0.1696936342,0.1311313291,41.0,-0.080515938,0.0,-0.206891692,0.0850828742,-0.370387167,0.1235611694,0.0187028226,-0.064934777,0.0318680763,0.7378012497,0.0,6.6443319049,0.0689144228,5.215426568,0.2802195086,1.0383799243,5.463592233,0.4265367316,0.0,0.0,0.0,0.0,1.0,0.1109565481,4.0,0.0481075501,-0.050482979,-0.000903139,0.5283117117,0.2476360699,0.1174692079,-8588.212765,0.0376507894,10.322119547,-0.000629679,0.0144663876,0.0161038454,0.079457805,0.4287668259,-0.049039957,2.0,0.0003920615,2.2287060634,0.0580824832,5.0,7.5578905895,0.2151705737,0.0,0.0244172364,0.0164811391,0.0329867829,1.4583149764,1.2393670939,1.425431e-06,8.1473738e-08,1.0508465238,1.1042784165,0.0972311052,0.0365424984,-0.082725339,-0.13380379
65306,0.4330912855,0.0349420899,3.8484142703,0.0041962141,0.1174933006,0.4222843058,0.1042604179,0.0827811573,0.3119225003,-0.000793903,0.109664161,-0.026720424,-0.404940739,0.0490915657,0.026720424,39.0,0.0281981235,0.0,0.0122256409,-0.078992486,0.0592725564,0.162750025,-0.041586422,0.0645412721,0.0757112196,0.5009008948,0.0,4.3342050497,-0.060593001,3.0575646916,-0.093688074,3.5607914707,8.7659349785,0.5351885227,0.0,0.0,0.0,0.0,0.0,0.3939547271,6.0,0.153779772,-0.203277581,-0.079461351,-0.053675104,-0.434336417,0.0121107431,-13645.30467,0.2344029512,14.776340324,-0.001328463,0.0141554304,0.0179956561,0.0108741296,0.1993987102,0.0028052808,0.0,0.0001565354,0.2606741944,-0.056808489,5.0,14.691095903,1.0055434086,0.0,0.0531530194,0.0221236814,0.026644427,0.3248288349,1.9089789168,1.3645981e-09,1.9875934e-08,0.9414314367,0.88629315,-0.008346421,0.0300810483,-0.077920769,-0.254325381
81294,0.0609974589,0.0213781205,34.630665883,0.0116359147,0.0699588635,0.1485832492,0.2579232052,0.18631855,0.7307527914,0.0032199049,0.1359057749,-0.036539529,-0.206253827,0.0257874396,0.0365395288,47.0,0.0365470965,0.0344827586,0.1948871231,0.0847373809,-0.035193985,0.0888829794,-0.204462132,0.0794844431,0.2499423004,0.5177549413,0.0,2.8069609942,-0.088632883,2.1581991249,-0.098323034,5.6782610719,5.4501998705,0.3575096322,0.0,0.0,0.0,0.0,0.0,1.6380642867,5.0,-10.45952431,-0.018010931,-0.284091671,-0.294122778,-2.332805895,0.1683639928,-2540.444932,0.02204135,14.825709647,0.0004761929,0.043130801,0.0925981376,0.0033126673,0.1412280306,-0.032015519,1.0,0.0004011589,0.5883770649,0.001659018,7.0,14.927520312,1.4954135173,0.0,0.0622376241,0.0228584995,0.0286972121,0.4246659265,2.6962636823,1.0640323e-09,1.674663e-08,0.2751113255,0.0756862414,0.6594824443,0.0361352795,-0.13093131,-0.351147931
19502,0.5332470447,0.0454030747,-5.169503543,0.0370920806,1.3011601317,3.0172096438,0.0544814801,-0.067554546,0.3387248492,-0.00026571,-0.134680033,-0.042277349,-1.785857573,0.1264864996,0.0422773494,47.0,-0.015350916,-0.048338369,-0.050366569,0.1556065096,0.032309305,0.057791447,0.0516123967,-0.018365568,0.1348064157,0.3450374731,0.0,0.71705813,0.0740200067,0.3471479097,0.0899204262,104.33779528,23.399081759,0.064408761,0.0,0.0,1.0,0.0,0.0,1.4070359064,8.0,-0.043229749,-0.174955913,-11.51191663,-0.059502072,-13.63886041,0.145418671,25497.703878,0.2540693609,17.30457661,0.0054168022,0.0440425663,0.1528673299,0.0636432109,0.0442247713,0.0103581835,1.0,0.0080357143,0.4192907627,0.0075315619,5.0,18.05547049,1.7336282302,0.0,0.0198372025,0.0212475474,0.0262983202,0.3385945501,3.2444177636,5.489471e-11,1.3090732e-08,0.6565320118,0.4310342825,-0.030504145,0.040780446,-0.269305376,-0.414353799
51086,0.4591718875,0.1224543226,1.8406906709,0.0097682466,0.4368771733,1.57692865,0.2470964445,0.2035753049,0.3901289607,-0.017239842,0.1347161134,0.0236169741,0.1582000277,0.1030820454,0.0236169741,47.0,0.0839622834,0.1865576748,0.5409875387,0.37698243,0.4524349459,0.1448635759,-0.206100002,0.1066557741,0.2773249898,0.448648008,0.0,2.5999887054,0.0944502,1.7615572732,-0.00285453,8.3528671332,14.123368741,0.3324065548,0.0,0.0,1.0,0.0,0.0,0.7591840632,7.0,28.776951427,0.1872924265,-0.12255296,0.0661422542,-3.32951865,0.0867663421,-18367.79479,0.0580772554,14.248574156,0.0070657331,0.0483038854,0.0942624153,0.1507776123,0.0958066246,0.0152995359,6.0,0.0163389643,1.5963663225,-0.049642518,3.0,16.079092959,5.4020280909,0.0,0.0572553053,0.0320034838,0.0433459698,0.4409835344,14.902408478,7.136718e-10,3.7079713e-09,1.7128830614,2.9339683819,-0.015372418,0.0625598495,-0.450568388,-0.199152466
83601,0.4104157716,0.2124577103,1.2039963393,0.0161780707,0.5346850175,0.9309190362,0.0662192297,0.4468039022,0.3114344107,-0.060165519,0.3343887034,0.1575582496,0.6209161434,0.0805392882,0.1575582496,47.0,0.0559718551,0.0,0.0406593035,-0.775033926,0.3358836138,0.1582133288,0.0099166592,0.0522158339,0.7034079294,0.5047124647,0.0,2.4977655822,-0.013681624,1.7809826361,0.19611045,4.9529509879,4.9405208109,0.5088952851,0.0,0.0,1.0,0.0,0.0,0.8476488784,5.0,0.1483549441,-0.020321342,-0.134959351,-0.495953409,-0.132401733,-0.122607295,1.5706605923,0.0894515012,14.608854606,0.0167375474,0.0310903656,0.0758946787,0.2077696643,0.0640186353,-0.006135216,0.0,0.008336807,2.4102828955,0.0045215255,5.0,14.540249954,1.0712002205,0.0,0.0908191502,0.0354747239,0.0381466171,0.4182400271,2.7443266679,2.5422292e-09,1.7945639e-08,1.3068747972,1.7079217356,0.0011719338,0.0393521447,-0.086426716,0.0740249043
10044,0.5903248716,-0.028009932,1.5018572443,0.0,0.1862038015,0.730779118,-0.088099798,-0.103030521,0.1758277312,0.0089700997,-0.292873183,-0.036651001,-1.074444444,0.0020851838,0.0366510006,36.0,0.0118253487,-0.10619469,-0.262762951,0.1176647868,-0.273986433,0.1889485585,0.0930667782,-0.051659057,-0.020045464,0.548705102,0.0,3.3801587302,0.3920929945,2.3052910053,0.3105629627,4.1692116477,8.1872384937,0.0605095541,0.0,1.0,0.0,0.0,0.0,0.2477784666,4.0,-0.176984515,-0.213831251,-11.18629665,0.4375915018,-2.455115356,-0.039318402,-16324.77063,0.0426379215,10.66511382,-0.023054347,-0.053906193,-0.073848306,0.0243407708,0.220594161,-0.034794001,0.0,-0.038111019,-0.238524183,0.0708206166,1.0,10.416079116,0.4641038014,0.0,0.2043795735,0.0632719129,0.0635586832,0.9098356318,2.2935081038,5.2496073e-07,5.0468267e-08,1.5838463968,2.5085694088,0.0576200303,0.068633297,-0.151126522,-0.038553197
10104,0.0236399193,0.0620378639,3.6211788461,0.0138238016,0.5648442356,0.1826881052,0.1811328856,0.1357351998,0.2959250853,-0.082491034,0.2183974066,-0.017368026,-0.155754401,0.0717005343,0.0173680261,36.0,-0.000559736,-0.022222222,0.0361165148,0.0553928618,0.0146032195,0.3022074826,-0.160580025,0.0217086228,-0.566175253,0.4289007757,0.0,2.2995778845,-0.241412742,2.2937013739,-0.240276847,0.8695063797,6.5215079749,0.1462374274,0.0,0.0,0.0,0.0,0.0,2.6225774391,6.0,-2.859289065,0.0705258723,-0.237046653,-0.054229275,-27.88525681,0.0740934807,206976.06666,0.03476008,19.04232326,-0.007080917,-0.010152615,0.7324623504,0.002306424,0.2136449105,0.0199553643,0.0,0.0011020498,2.1515219553,0.1418958873,6.0,18.576202824,0.6423296557,0.0,0.104137361,0.0318629226,0.0283621311,0.4446100436,2.2156478547,2.957118e-11,2.5286654e-08,0.4225890375,0.1785814946,0.0432003906,0.032943543,-0.320404989,-0.202168946
75510,0.0465053056,0.0151550033,50.968221801,0.0,0.0391100914,0.0496104784,0.2698316467,0.1217674189,0.5892357108,-0.008350731,0.1292196007,-0.09346919,-0.499377852,0.0227230763,0.0934691897,36.0,0.0,0.1542014567,0.2266863537,-0.116661286,0.0129393935,0.2651228733,-0.049541613,0.0043238346,0.1155759952,0.3036903932,0.0,1.250577034,-0.153795653,1.250577034,-0.153795653,2.722490514,8.4052183174,0.4588305489,0.0,0.0,0.0,0.0,0.0,1.07026538,6.0,12.860308318,0.0489653733,-0.161406136,0.0690400742,-9.614659057,0.2704875529,239993.37241,0.0371991411,18.959020823,0.053039038,0.0471618727,0.0855418343,0.0021560208,0.2128409383,0.0019381902,2.0,2.98574e-05,2.6249560143,-0.093448082,8.0,19.516263853,1.4077521368,0.0,0.0552898273,0.0297136185,0.0385847411,0.4116323241,3.8108704748,1.678848e-11,1.3743583e-08,0.5666430168,0.3210843084,0.0309057232,0.0376551654,-0.322733852,-0.202168946
70092,0.8558705007,0.160077312,-3.241819598,0.015321045,0.7983210593,1.6227319999,0.0950868919,0.0895138975,0.2397597136,-0.037288025,0.0467429524,0.1075808855,1.0660403084,-0.010571555,0.1075808855,36.0,0.1617794638,0.2635135135,0.3685612886,0.2527066624,0.1766554613,0.2753687287,-0.012634954,0.1695720779,0.1326844149,0.5502482091,0.0,14.494500533,-0.180578954,1.6633129313,-0.531492384,19.596797382,17.324281223,0.2154979122,0.0,0.0,1.0,0.0,0.0,0.4365513291,5.0,4.9655371709,0.1433429234,0.1152508274,0.0929886888,0.1527089101,0.0718120923,-2077.017282,0.1027605208,14.740634973,0.0055447254,0.0302681544,0.0613125864,0.1363230596,0.050058277,0.0006989148,3.0,0.0040010003,5.3443983222,0.1964260037,3.0,16.47459503,5.5082715738,0.0,0.0861608982,0.0347661367,0.0427715809,0.3928967603,12.843832146,3.459728e-10,3.8171655e-09,1.9550627881,3.8222705055,0.0217109227,0.0613725268,-0.464929489,-0.165368139
75033,0.8279380673,0.0539627404,-0.756591475,0.0,0.3457248252,1.1362375436,0.0307231739,0.247405287,0.384037901,0.0046183559,0.8873774227,-0.019838995,-0.367766279,0.0738084167,0.0198389946,34.0,0.0638519774,0.0098684211,0.4272491764,-0.090875824,-0.038717378,0.1949362168,-0.13890678,0.0894488089,0.0845613479,0.431438408,0.0,2.1753930625,-0.290695225,1.2844082945,-0.231562245,9.4876607636,5.2734477338,0.2881646655,0.0,0.0,1.0,0.0,0.0,0.4399751756,6.0,0.2821298844,0.3690703035,-0.027713256,0.4244757698,-0.053243219,0.0560944385,-15870.87695,0.0642905452,12.215050073,-0.005237777,-0.052580111,-0.068346591,-0.037422048,0.0350878357,0.0004031422,0.0,0.0485908649,3.3516162858,-0.032222154,4.0,12.376217631,1.597619487,0.0,0.106408596,0.0432203509,0.0680592968,0.6189191245,18.84779701,2.196915e-08,8.6026786e-09,1.7745016708,3.1488561798,0.0943461146,0.0963590755,0.1895275523,-0.206298515
12211,0.1883291516,0.0236893694,8.8181731431,0.0078827306,0.1662351364,0.3158690174,0.1112739921,0.1168377953,0.2893908428,0.006737425,0.0982765213,-0.002311811,-0.032791506,0.0244661795,0.0023118114,33.0,0.0669895364,0.0977777778,0.1958196051,0.0858247511,-0.19791689,0.1351130779,0.0256903282,0.0914401798,0.1337507286,0.554027689,0.0,3.0100043403,-0.114175365,1.959338831,-0.17486212,3.8691440996,5.9809501733,0.2013918577,0.0,0.0,1.0,0.0,0.0,0.537166938,5.0,-0.010586814,0.0219051486,-0.12655631,-0.162359638,-1.415939968,0.1178334749,-9302.546508,0.0363924557,14.192643432,0.0031049962,0.0123998525,0.0233450044,0.0361143077,0.1769418503,-0.01284625,1.0,-0.000618472,0.1317342849,-0.12871349,6.0,14.50638616,1.2810820658,0.0,0.0909240842,0.0298058115,0.0321197834,0.40774799,2.5294681966,2.9105275e-09,1.7557038e-08,0.8315811103,0.691527143,0.2115099936,0.0349715314,-0.045275437,-0.13380379
75976,0.1694245091,0.0122741376,10.604404086,0.0,0.0160911319,0.0944438461,0.1415809536,0.154306043,0.2961644894,0.0148830884,0.10846469,-0.02353244,-0.33190434,0.0163479772,0.0235324396,32.0,0.006577484,0.0436507937,0.120257024,0.0359169714,-0.020474095,0.2044204799,-0.104099133,0.063291695,0.1588577685,0.6051904842,0.0,11.034739454,-0.004358936,9.1559544021,0.0036397922,1.2292704815,5.1017609967,1.079212225,0.0,0.0,0.0,0.0,0.0,0.3255715501,3.0,1.4046512905,0.0020108056,-0.134353765,-0.07442743,6.0542419901,0.1030953402,-786.2650811,0.0232852488,14.770182203,-0.00159645,0.0116167045,0.012658953,0.0035879698,0.4021441545,-0.038290555,0.0,-0.001744331,1.0082546112,0.0122448623,6.0,15.111497795,1.1958833312,0.0,0.0288461763,0.0197956492,0.0316463388,0.3218235772,2.5681114387,1.0280608e-09,1.4328311e-08,0.54860062,0.3009626403,0.3331704065,0.036067283,-0.455816321,-0.351147931
77488,0.4073306188,0.0410217358,10.258515483,0.0116318598,0.0562979402,0.368967034,-0.295203943,0.1255713291,0.3129975482,0.0093406593,0.3532182104,0.0482466446,0.5394045534,0.0188944247,0.0482466446,30.0,0.0021645484,0.4084507042,0.1858771175,-0.251195026,0.0236088174,0.0908420103,-0.3397171,0.0811665708,0.1007606912,0.4040140377,0.0,3.9627759512,-0.272182165,2.657703147,-0.271282653,7.3502472027,4.1402711616,0.9858572382,0.0,0.0,0.0,0.0,0.0,0.3647258158,6.0,-10.31552025,0.0699709897,0.0898762741,0.052210382,4.667808648,0.1614709778,-5672.418652,0.02204135,11.365807373,0.0018062279,0.0604267793,0.0720561827,0.0389593661,0.0967385429,-0.058875074,1.0,-0.006622517,-0.26404367,0.0391546992,4.0,9.5384923506,0.1555459272,0.0,0.0426395983,0.0238207012,0.0463238074,0.5826382604,0.3637005563,3.6683899e-07,1.4771805e-07,1.0136938499,1.0275752214,0.0967901871,0.0445203827,-0.273786715,-0.351147931
76605,-0.054893413,0.0662773609,21.619657993,0.0,0.4981911845,0.4467603697,0.2241198623,0.0064009858,0.5633347273,-0.09573922,0.0661283483,-0.093173856,-0.621213797,0.1074497719,0.0931738557,31.0,0.0115086794,0.05,0.1581399001,0.1208071955,-0.024599198,0.053815254,-0.039921711,0.0675409488,1.0473611496,0.5565380852,0.0,0.8704907925,-0.197082261,0.3120390355,-0.352731458,12.017645822,38.662511364,0.1630839399,0.0,0.0,1.0,0.0,0.0,-6.130048487,6.0,0.0294561151,-0.170039056,-0.528715113,-0.340728099,-0.547054603,0.1072350248,24780.934174,0.405178827,17.55036796,0.0020148163,0.0382493379,-0.30888672,0.0136996635,0.0703027858,-0.032543838,0.0,0.0028397365,0.5323704263,0.0683395797,5.0,18.423561322,2.0839319923,0.0,0.0238400213,0.0138983219,0.0257642422,0.3822302516,4.4832099118,3.631415e-11,1.10338e-08,0.8027715972,0.6444422373,-0.057708798,0.0411830121,-0.379727073,0.1015616646
76752,0.1928533695,0.0366641565,8.4702820687,0.0147652477,0.4446489758,0.2484078419,0.1053214986,0.3088506041,0.4542956204,-0.002147329,0.3669019459,-0.083240518,-1.276587605,0.0834691642,0.0832405182,31.0,0.0029526229,0.170935412,0.2016578084,0.0486249606,-0.000681857,1.3235264407,1.3470173187,-0.030059072,0.1921199493,0.1982538736,0.0,1.0460751435,0.1494327176,1.0350789183,0.1373500092,3.3761382194,4.2291552244,0.1588871137,0.0,0.0,1.0,1.0,0.0,1.3098698604,4.0,12.930885651,-0.010484873,-0.144672181,0.2153881381,-9.731075714,0.3312336408,-11897.65477,0.0371991411,14.492949288,0.0002946874,0.0117021969,0.0376184871,0.0082954875,0.1154152766,-0.116360941,0.0,0.0037151703,0.7458883454,-0.062865823,6.0,14.845560996,1.6402221097,0.0,0.0730489567,0.0292415555,0.0305228483,0.5164211766,5.2996878862,1.3687476e-09,1.2579777e-08,0.788114884,0.6211250703,0.0497354202,0.0318055028,-0.10577242,-0.202168946
77637,0.1296815182,0.0221210238,8.2556992218,0.0,0.2757065806,0.3640039388,0.0421337342,0.2152338673,0.8416302808,0.0206037029,0.1630795156,-0.143065892,-2.389635176,0.0749822003,0.1430658923,30.0,-0.002100679,0.0638297872,0.1295602048,-0.117793815,0.0598323797,0.8418045113,0.2642753468,-0.000666871,0.3432963854,0.431481218,0.0,1.0012377416,0.0097468442,0.9829572503,0.0211839189,4.7275871523,3.0928256071,0.1571942047,0.0,0.0,1.0,0.0,0.0,2.8729080114,7.0,0.357159027,-0.183783804,-11.51191663,-0.036001296,-1.802383607,0.3671869393,-499.754568,0.06728965,13.403564108,0.0057190874,0.0152691325,0.0477317406,0.0205686383,0.2221885026,-0.037133371,1.0,0.0047748977,0.8542095139,0.0569661104,4.0,13.567333117,1.5084668302,0.0,0.2143045366,0.0544304923,0.0403644791,0.6867536915,6.7532463539,6.4165219e-09,1.282177e-08,1.2814205961,1.642038744,0.056215121,0.0459136864,-0.436958468,-0.19914151
79094,0.2392751072,0.0779660462,-2.70854077,0.0054889889,1.6261969715,3.2805110085,0.0696840988,0.1567353475,0.2213591661,-0.038807956,0.1547073155,-0.047469655,-1.058908046,0.1605249198,0.0474696548,29.0,0.0825867007,-0.008333333,0.074031012,0.0268305844,0.0729284298,0.195968645,-0.006530652,0.1594105498,0.179208826,0.5612836556,0.0,1.018159693,0.0097555065,0.6049798746,-0.087004537,18.476340694,7.0753805267,0.1159879666,0.0,0.0,1.0,0.0,0.0,1.6876598225,7.0,-0.918815413,-0.104043496,-0.733225739,0.0961900195,-2.362352825,0.2789897122,-9915.568884,0.0740556467,15.79398072,-0.000550117,0.014470998,0.1128277154,0.0871471107,0.0709006141,-0.014570328,3.0,0.0020526856,1.9831248721,0.0362579301,5.0,16.083255131,1.3925581283,0.0,0.0338438451,0.0306750804,0.0318497231,0.4743847475,5.0262007396,4.027521e-10,1.2455464e-08,1.4909140595,2.2228247329,0.0193152615,0.0335432444,-0.483765641,-0.206298515
87055,0.0872758919,0.0248798902,12.508654559,0.028561935,0.2046739915,0.9735753939,0.1519998282,0.0668154655,0.4864641083,0.0012917701,0.1177444303,-0.068818365,-0.789095267,0.0445124937,0.0688183655,28.0,0.0343656378,0.0549450549,0.1749090015,0.0116831951,-0.02852512,0.0650427288,-0.004114766,0.0978832169,-0.039378692,0.6055395829,0.0,1.0021738392,-0.114580126,0.5193437723,-0.187392828,16.092731006,108.66833056,0.1739598416,0.0,0.0,0.0,0.0,0.0,1.4687705097,6.0,-0.037047027,0.0691694199,-0.017708692,-0.705625681,0.0057714455,-0.135788324,155389.44689,0.3247277945,19.173526499,0.0018599399,0.022339205,0.0753814621,0.0299147798,0.2100734228,-0.026064495,0.0,0.0007230524,1.2163844447,0.0329024047,6.0,19.555437282,1.3818362557,0.0,0.067003645,0.0234509061,0.0272799898,0.3113452285,1.8698631224,1.421611e-11,1.7092209e-08,0.3606334747,0.1300565031,-0.147792652,0.0336179676,-0.592765096,-0.025251988
79866,0.6416422474,0.1268223141,-0.264579768,0.0163242723,0.5025446764,2.1178261606,0.1419321313,0.2150013781,0.4164417888,0.0159784494,0.1912551798,-0.018260171,-0.150571157,0.1459180966,0.0182601705,28.0,0.0727954807,0.044525066,0.6109803935,0.2454467214,0.3088482364,0.0844493763,-0.088934468,0.1554035321,0.2350455958,0.4637400143,0.0,1.539220632,-0.050637581,0.8124897265,-0.115100641,99.164246172,12.83434992,0.3717210307,0.0,0.0,1.0,0.0,0.0,0.7490804735,7.0,0.0209101415,0.403278073,-0.016090673,-0.023705981,-0.437754449,0.0503658593,-3876.67321,0.0653433969,13.704345992,0.004209676,0.0309349201,0.0553122652,0.2286506272,0.0110951012,-0.006152253,1.0,-0.0004158,1.7090165609,-0.081286848,4.0,14.765964865,2.3697899463,0.0,0.0540868677,0.0364435146,0.0482891364,0.4389849154,7.599491601,3.18205e-09,8.4556543e-09,1.2579880444,1.58253392,0.0061647087,0.0615653604,-0.428285686,0.094356988
80719,0.9153362861,0.0227317316,-1.655942693,0.0249785173,1.3190472761,1.2234699932,0.0310962222,0.0683192631,0.1047074296,-0.009296352,0.128691316,0.0222414434,2.2478061397,-0.028364794,0.0222414434,28.0,-0.003643536,-0.028301887,-0.373974684,-1.120832951,0.0858468608,0.0763093135,-0.214297087,0.0765915924,0.0113723983,0.5953933493,0.0,6.469346419,-0.439319346,4.1110499238,-0.433820581,2.603502255,4.1763574504,0.0749503052,0.0,0.0,1.0,1.0,0.0,0.257009241,3.0,28.726424443,-0.436684523,-0.337412522,0.5223066529,-2.637482756,-0.044680498,-19240.93315,0.0580772554,13.97494057,0.0019474184,0.0031852131,0.0082584718,0.1134916249,0.1261959654,0.1778122354,0.0,0.0040010003,1.4375553589,-0.131820135,2.0,14.926651144,2.1731209852,0.0,0.0328682736,0.0252350464,0.0340540024,0.3001226047,2.4511580762,2.1958051e-09,1.3320841e-08,1.7433267033,3.0391879943,0.0388386384,0.0537090231,-0.272298698,-0.199152466
81655,0.1501987447,0.0337654851,11.234613065,0.0108867527,0.4187582222,0.3842185443,0.0723091914,0.0713847639,0.1501593589,0.0066900704,0.0299544314,-0.054518449,-0.888045541,0.0637507736,0.0545184495,27.0,-0.00156294,-0.118114618,-0.078238481,-0.447716393,0.1386616566,0.0528018539,-0.00210579,0.0106876062,0.2067175704,0.4620101726,0.0,1.0123356598,0.6478258316,0.9091056647,0.8220733769,5.9241788096,105.51466276,0.1272229734,0.0,0.0,1.0,0.0,0.0,0.6113160604,7.0,0.6171391243,0.1349381691,-5.613781369,-0.375418023,-0.357273304,-0.005007596,10507.40702,0.0823714328,16.462387975,0.0023872839,0.018346187,0.0702659497,0.0347873056,0.076687205,-0.00232315,0.0,7.249e-05,1.0630509256,-0.075023334,4.0,17.277544304,2.0599355428,0.0,0.0364186764,0.0236342405,0.0295303473,0.3730897668,4.8275387284,1.120994e-10,8.5165184e-09,1.7886458917,3.199254126,0.0208105063,0.0475725775,-0.284411083,-0.278106359
82777,0.2463663141,0.0464331607,69.797496793,0.0785129652,0.278342295,0.6942751557,0.1537548256,0.0334469428,0.6009574258,-0.002409769,0.2244991557,-0.003118972,-0.034830596,0.0480504553,0.003118972,26.0,0.0334656815,0.0405384006,0.015920629,-0.123644144,-0.001951221,0.1961073837,0.0224808084,0.0390055532,-0.124776321,0.3933596046,0.0,2.3388138694,-0.227683326,1.2280505688,-0.277427946,80.008486284,5.7876164626,0.2413445663,0.0,0.0,1.0,0.0,0.0,1.0777857629,3.0,-0.053119141,-0.210737235,-0.020077338,-0.418981914,-0.7435005,-0.047501782,-507.8307996,0.0653433969,15.080848616,0.0034574551,0.0268334339,0.0574060863,0.0174721513,0.0251868332,0.0084241197,1.0,0.000635324,0.6613413369,0.0178480973,7.0,15.950132198,1.8229701464,0.0,0.0304063745,0.0192092949,0.0252736817,0.3784227409,4.1061284476,4.672465e-10,1.1290118e-08,0.7857205499,0.6173567826,0.0067383284,0.0266259177,-0.04379354,0.094356988
83148,0.5775413089,-0.09303193,28.343637066,0.0,0.8548171871,1.5498040092,0.0317047061,-0.070918304,0.1837790705,0.0037298111,-0.032645865,-0.091324096,-1.459727537,0.04276934,0.091324096,25.0,0.0064199985,0.1369346734,-0.078265008,0.0030015585,0.180094709,0.0898665575,0.0688669425,-0.011525679,-0.122314364,0.3910460944,0.0,1.4557258951,0.5231903635,0.772004554,0.3977299069,420.2015444,7.772285147,-0.048023538,0.0,0.0,1.0,0.0,0.0,0.3620003116,5.0,-0.101528787,0.0037195392,-10.94316729,0.4248079391,-1.720927673,0.0013657539,-16005.78608,0.0426379215,12.592166734,-0.005781713,0.0064808727,0.0148969644,-0.230883589,0.0025845486,-0.273506184,1.0,0.0163522013,-0.138462553,-0.023400698,3.0,11.957486278,0.5561955748,0.0,0.0705263242,0.0255234252,0.0391712955,0.6751936784,3.3159505368,3.8975839e-08,4.0045628e-08,0.4507727056,0.2031960321,0.6025105065,0.0563866133,-0.088468515,-0.038553197
83597,0.0710638201,0.0279394973,17.986443249,0.0084061116,0.0845049005,0.1112744895,0.3134283199,0.0679431772,0.4161226809,-0.010912438,0.0181750326,-0.07224891,-0.389489226,0.0388216305,0.0722489096,26.0,0.0,0.0389164441,0.065145093,0.08981431,-0.052672319,0.1670981344,0.1082754753,0.0073519671,0.1338479989,0.4602971945,0.0,2.9571213633,-0.02957261,2.9571213633,-0.02957261,2.2169634561,10.526334936,0.3852813491,0.0,0.0,0.0,0.0,0.0,0.9581313624,5.0,12.965075357,-0.073796182,-0.276691149,0.0935985887,-9.655364857,0.2865861071,265.44683391,0.0371991411,16.494753078,-0.00321183,0.0483819788,0.1059149725,0.0020633572,0.3144536552,-0.029164118,3.0,0.0005762213,1.3615972685,0.0091271885,7.0,16.937550379,1.5826487625,0.0,0.0800689235,0.0252537299,0.0264209344,0.4270239249,3.4246765295,1.672319e-10,1.2282485e-08,0.6930654307,0.4803396912,0.0424361975,0.0332765512,-0.659075964,-0.202168946
20598,0.5937739256,0.0012077382,2.8196902248,0.0009685357,0.1268670335,0.7908850053,-0.034754413,0.0186294123,0.1820353793,0.0017427318,0.0983356935,-0.019767902,-11.68737864,0.0153230317,0.019767902,25.0,0.0255834881,-0.096259626,-0.00193991,-0.289248678,-0.082626651,0.0997184222,-0.026902622,0.0834478335,0.0030762374,0.5662740344,0.0,5.7707914803,0.0296575067,3.347014884,-0.069097593,7.958155861,10.652224038,0.2953953925,1.0,0.0,1.0,0.0,0.0,0.2173451853,5.0,6.6309669108,0.0327134225,-0.564173084,-0.993838914,-0.423645228,-0.290952124,1034.0208641,0.9855469238,14.59527451,-0.003698073,0.0009680374,0.0011782231,0.0195233986,0.0691204665,-0.089556594,1.0,-0.008042152,2.879479826,-0.004348518,4.0,15.94984924,3.6049237275,0.0,0.0392025821,0.0214209572,0.0307741187,0.4925884302,7.6327788529,7.927007e-10,7.9277015e-09,0.2426816112,0.0588943644,0.1931606424,0.0413922684,0.3173328668,0.3212107711
89508,0.2238184371,0.0383021916,20.871744999,0.0,0.8808371278,1.0302180799,0.0474008582,0.0217889685,0.1488097864,0.0005580049,-0.00787712,0.0037143166,0.1059807021,0.0342428984,0.0037143166,25.0,0.0145807535,0.1985582255,-0.062273652,-0.313359527,-0.006511467,0.0560045767,0.033762213,0.0202590984,0.1580678584,0.2038988319,0.0,2.4237148435,0.0152865505,0.564974908,0.0609344344,31.953034193,84.03379345,0.0546368559,0.0,0.0,1.0,0.0,0.0,0.8086649199,4.0,-0.009208294,0.200123426,0.2042451053,-0.199004018,-1.290131063,-0.196212427,12809.273584,0.4119188279,16.491414823,0.0005407769,0.011018462,0.0548175356,0.148022036,0.0240500384,-0.004062509,0.0,0.0012035398,2.2174401912,-0.039001815,2.0,17.568469493,2.6602561686,0.0,0.0719267502,0.0347720382,0.0420277275,0.3678853127,4.812636357,1.584786e-10,8.8074961e-09,1.5691229377,2.4621467935,0.0072717425,0.0470989267,-0.313591548,0.1015616646
85040,0.1857937313,0.0109627962,5.7701093816,0.0053917412,0.0159096151,0.052074963,0.1935821478,0.068613364,0.2341499329,0.0109923204,0.1461327305,-0.054081515,-0.963095481,0.0215210157,0.0540815155,25.0,0.0,0.0656934307,0.1172665849,-0.119157571,0.0459686224,1.1464354528,-0.471679813,0.0054090321,0.0624599451,0.7476786329,0.0,12.036720235,-0.486702056,12.036720235,-0.486702056,0.3759263454,3.5740327667,1.0045895719,0.0,0.0,0.0,0.0,0.0,0.2525955549,5.0,12.949727627,-0.115060985,-0.249914162,0.2083284999,-3.40191794,0.2692854923,-13144.23787,0.0371991411,13.813750928,0.0018361002,0.0168131661,0.0182528863,0.0018113916,0.6869840989,-0.01846952,1.0,0.001490313,0.7570463562,0.0270265285,6.0,13.778684725,1.1446596824,0.0,0.0557121113,0.0366144553,0.0451042927,0.4709964415,4.1246787644,5.6869022e-09,1.6367017e-08,0.8201882683,0.6727087955,0.0295080564,0.0700729072,0.1822026804,-0.202168946
85272,0.2144760567,-0.037972134,7.141695766,0.0,0.1913780588,0.3109706123,-0.235321665,0.0530280937,0.308253135,0.0267451422,0.5673519485,0.0319136343,0.3325111001,-0.050598291,0.0319136343,24.0,0.040720661,0.1126760563,-0.255304832,-0.65482057,-0.134887476,0.1357862462,-0.020500256,0.0340721299,-0.186687504,0.6629696746,0.0,2.1172056064,-0.536400223,1.1406025825,-0.543735357,3.6228721082,3.1910803537,-0.205210948,0.0,0.0,0.0,0.0,1.0,0.4472543866,2.0,41.679729956,-0.161136375,0.0317702863,0.4118756021,-0.579128276,2.0980186404,-7469.246601,0.0357482652,12.222929763,0.0017532581,0.0298737553,0.0503794266,0.0169595331,0.6020623872,0.0087994082,4.0,0.0005740528,1.1110496303,-0.254760793,1.0,13.477018877,3.2345548079,0.0,0.0926773995,0.0449410825,0.0562321213,0.3157931659,2.7547726109,1.6622764e-08,1.0221621e-08,1.5098695457,2.2797060451,-0.067539024,0.1287874686,-1.256668908,-0.314244479
85394,0.351760757,0.0376465038,4.4375890834,0.0082742145,0.3034285995,1.391091406,0.1114396945,0.0295535135,0.4282383474,0.0027387434,-0.041884836,-0.01736922,-0.298102345,0.0488690149,0.0173692201,25.0,0.0477021604,0.0947368421,0.087313483,0.0417745215,0.0651810957,0.0761050712,0.0091140885,0.1045511747,0.1005459777,0.5541408538,0.0,1.3067217441,0.0623393054,0.5763130866,-0.159152233,14.143435962,133.95518632,0.2019571548,0.0,0.0,1.0,0.0,0.0,0.8416592623,8.0,-0.035003096,-0.141471048,0.0220830951,-0.441140816,-0.142966898,-0.131431803,-23554.16171,0.3247277945,14.611060468,0.0013087047,0.017886727,0.0333327871,0.044240986,0.1226381298,-0.015162579,1.0,0.0006971556,-0.013179022,-0.001364395,4.0,14.673905912,0.9692551403,0.0,0.0221964289,0.0164008394,0.0262987798,0.4633535837,3.4132867886,1.9082907e-09,2.3216622e-08,0.682030461,0.4651655497,0.2978345709,0.0418689275,0.1774384409,-0.025251988
85796,0.5996313488,0.0162939908,-0.15002548,0.0271566514,0.8699492811,1.6207838706,0.0425383543,-0.082404303,0.3362048803,-0.019573045,-0.126332288,-0.015733626,-1.482758621,0.0404540462,0.0157336261,24.0,-0.008740903,-0.207142857,-0.302790236,-0.143484242,-0.025533104,0.1337629676,0.0379131202,0.0140328994,-0.010201979,0.4947614698,0.0,2.0299029126,0.1797273909,1.6541747573,0.1736181349,5.3005308289,8.1181988743,0.0744186047,0.0,0.0,1.0,0.0,0.0,0.8608821105,4.0,0.0538428009,-0.197029979,-0.179283579,-0.099855296,-0.996754022,-0.034214507,-167.2808224,0.1460543126,13.759157812,0.00364734,0.0041495569,0.0106512815,0.0961544727,0.1186820769,-0.001511268,0.0,-0.000893655,0.9082187729,-0.024168243,4.0,14.456043833,1.6397770215,0.0,0.0517890975,0.0265907471,0.032004068,0.3815288709,4.0016094532,2.477531e-09,1.165593e-08,1.4897209019,2.2192683655,0.0684878415,0.0486565118,0.1236549339,-0.312544723
88841,0.6873226793,0.0526192516,0.3032530817,0.038063393,0.3985664805,1.3129597198,0.0770728712,-0.016132476,0.4561841789,0.0230525137,-0.152633913,-0.028031339,-0.583217726,0.0833077318,0.0280313386,21.0,0.0,0.0932129333,-0.104978581,-0.294567673,-0.018727782,0.2018894641,0.0865531909,-0.031344663,0.0852430836,0.4003192489,0.0,2.3315263711,-0.042142242,2.3315263711,-0.042142242,8.4622602197,4.0973711102,0.1649184625,0.0,0.0,1.0,0.0,0.0,0.7897095775,4.0,-0.292194907,-0.029233899,0.0874521885,0.5167355662,0.4971732344,0.0386661439,-4981.410666,0.0915965863,13.424278061,0.0064652731,0.0277963994,0.0419692235,0.0812495548,0.1312363901,0.0077382367,1.0,0.0081490105,1.6127732399,0.0907452577,3.0,13.564473206,1.4123777074,0.0,0.1195003167,0.038077053,0.0404168,0.7082889124,7.3482516326,6.5608946e-09,1.1767435e-08,0.8380424549,0.7023151561,-0.016181525,0.0404570127,-0.103387738,-0.153428954
89216,0.3148300542,0.0471667623,7.042295461,0.0029411856,0.2356952218,0.5329551566,0.1408327388,0.0238852135,0.4394421056,-0.094692975,0.1219762498,-0.028980585,-0.334312765,0.0629352131,0.0289805853,20.0,0.0222448633,0.1304347826,0.0404954454,-0.102418806,0.0083083824,0.3060226231,0.0106919272,0.0331357219,-0.039012926,0.3617309726,0.0,2.2310026004,-0.042948388,1.655013002,-0.087052492,7.0445756157,6.0528156698,0.2807793285,0.0,0.0,0.0,0.0,0.0,0.7098472385,6.0,-0.92675169,-0.016448408,-0.594457623,0.1717449666,-2.743540383,0.1814000055,-12348.552,0.0740556467,15.488243025,0.0005016821,0.0245028111,0.0428466618,0.0189999278,0.1397825605,-0.008734909,0.0,0.0020362553,0.4571534461,-0.038921808,6.0,16.113019005,2.1399545543,0.0,0.0568460785,0.0283240399,0.0314770118,0.5007930362,5.8089413254,4.611316e-10,1.0201442e-08,1.1744201243,1.3792626283,0.0114941481,0.0432907716,-0.404959659,-0.206298515
89900,0.7995706286,0.0399552957,-13.53914899,0.0050842577,1.9984681772,3.1972983699,0.0275300193,1.0541407824,0.1435759794,0.8690669431,1.1644016675,-0.020163768,-1.049735616,0.0818977926,0.0201637682,19.0,0.1715391181,-0.544885177,0.281193422,-0.986963813,-0.637246556,0.1607238613,-0.441932252,0.2414829615,0.8221322703,0.4289744884,0.0,1.2459479445,-0.200057023,0.7792365943,-0.278970536,31.775812558,3.3528672992,0.0377037339,0.0,0.0,0.0,0.0,0.0,0.4201406407,4.0,-0.050286407,-0.608290858,-0.963458488,0.1342224002,-1.609970093,-0.013654445,4708.5635304,0.0653433969,15.985144005,-0.00499941,0.0113677765,0.0510804904,0.6133821798,0.0359610835,0.1107878722,3.0,0.0019331142,0.4658255044,-0.00743421,2.0,15.769901649,0.754190663,0.0,0.03387684,0.0284114552,0.0319819424,0.3802240903,1.5839040878,6.315211e-10,2.5072672e-08,1.1976994846,1.4344840555,0.0268853077,0.0440259131,-0.141300981,0.094356988
12488,0.1025399139,-0.063732569,6.2158846232,0.0,0.3043112814,0.1058483742,-0.446034496,0.2509602195,0.1323731139,0.1119421591,0.1332833833,-0.067887504,-0.390740091,-0.038829699,0.0678875042,11.0,0.0890337914,-0.007692308,-0.219676994,0.1304357032,0.0129363447,0.13039686,-0.095420122,0.3015089163,0.8187946075,0.6236788749,0.0,1.057536552,0.267775664,0.6434206374,0.1510947455,0.9618119033,5.4739884393,-0.152507317,0.0,0.0,1.0,0.0,0.0,0.6181601903,3.0,-1.453065924,-0.171596281,-0.732584713,-0.040545174,-3.105930236,0.0796350932,-18797.79796,0.0740556467,9.3387599678,0.0,-0.02840068,-0.11292784,0.0259727599,0.238823058,-0.481519491,1.0,0.0062320697,1.6561860046,-0.006393492,2.0,10.107536346,4.5590139809,0.0,0.1690647602,0.0551950863,0.0870497345,1.3723866663,57.506713559,2.8625561e-07,2.9908618e-09,1.3417540755,1.8003039992,-0.256552188,0.15707973,0.2922031038,-0.206298515
90179,0.493052209,-0.035395525,7.4163767364,0.0,0.1368575344,0.3265009394,-0.033030898,-0.055158579,0.272272279,0.0123952835,-0.124592729,-0.096293694,-1.76369342,0.0270313293,0.0962936939,18.0,-0.019540485,0.0,0.1016554549,0.065575394,-0.048156119,0.5130986977,-0.078812861,0.0028272643,-0.033888654,0.2225041554,0.0,2.4464955543,-0.17691783,1.6022679911,-0.113746379,6.0424409792,8.2189962437,-0.059022742,0.0,0.0,1.0,0.0,1.0,0.3537852407,5.0,41.679729956,0.2516995629,-0.08090577,0.6904517545,-0.076673017,2.0980186404,-6631.328731,0.0357482652,13.538384395,0.0006677757,-0.015026189,-0.019155866,0.0054747495,0.0618856061,-0.030164571,0.0,-0.001165049,2.3598220818,-0.206758067,4.0,13.696442164,1.3552732871,0.0,0.0544217154,0.0296802824,0.0430520064,0.6574885959,4.7551027752,5.4781838e-09,1.4615692e-08,1.0856380004,1.1786098678,0.0206029321,0.051426456,-0.314991465,-0.314244479
47730,0.5432887162,0.0426406692,-8.006990127,0.0172183225,0.9544352478,2.1028635954,0.0924452371,0.174561148,0.2688448198,0.0082998742,0.2417640341,-0.045780521,-1.488519398,0.1061121324,0.0457805214,47.0,0.0,0.0877192982,0.0402498497,-0.272194987,0.1154524039,0.3770973154,0.0827856526,-0.001323837,0.0725854829,0.2346395564,0.0,1.0896717997,-0.254180526,1.0896717997,-0.254180526,99.181528662,5.2358776059,0.0847245082,0.0,0.0,1.0,0.0,0.0,0.6577351196,5.0,12.983838391,-0.078890319,-0.227888295,0.5658234848,-9.542576404,0.3538766091,-11074.56745,0.0371991411,14.988956951,0.0016415579,0.008800739,0.0217047396,0.0712365891,0.0141562599,0.0061037571,1.0,0.0013633265,2.4473637374,-0.097159189,4.0,15.708116725,1.6830618275,0.0,0.038946718,0.0193615278,0.0288118328,0.353448952,2.3990643238,8.072554e-10,1.3867702e-08,1.1513857423,1.3256891275,0.0019682097,0.0454306437,0.174071507,-0.146789762
13777,0.1800038465,0.0118967172,4.8115824925,0.0211240634,0.0805458789,0.1638508431,-0.001738099,0.0342337398,0.387511457,0.0195135571,0.0558115325,-0.055485722,-1.195079738,0.0261142429,0.0554857225,39.0,0.0,-0.009345794,-0.035144545,-0.100406271,-0.029637917,1.1491192134,-0.230516987,0.0004553601,0.0248614158,0.7130553972,0.0,2.6966485078,0.018394354,2.6966485078,0.018394354,1.0644347627,4.1821389692,0.256927708,0.0,0.0,0.0,0.0,0.0,0.5558272345,6.0,-2.925235567,0.0358802018,-0.224170226,0.102134652,-27.63606061,0.0285071893,-13918.35787,0.03476008,13.206834503,0.0024755796,0.0184669223,0.0261905891,0.003445445,0.6200391965,0.0060161423,1.0,0.0017283097,1.4665522244,-0.201067471,7.0,12.525156019,0.4992036467,0.0,0.0615078956,0.0283475148,0.0381432172,0.3423573041,1.0078565458,1.705164e-08,3.487603e-08,1.2092647721,1.462321289,0.0358119095,0.0497002085,-0.38500111,-0.146789762
60871,0.4168606254,0.0152559464,22.936008031,0.0121719108,0.1572260266,0.0802974773,0.0368072474,1.437143721,0.2358250791,0.421792495,0.5130447114,-0.036444904,-0.96707834,0.0300096417,0.0364449036,47.0,0.0160548744,0.5534591195,0.3061240152,-0.672160435,-0.062778696,0.4757979857,-0.191954939,0.0775508309,2.1665874448,0.0933883134,0.0,1.9414120142,0.0525530644,1.5080276157,0.0780383356,3.6999085929,5.0157677293,0.2071459355,0.0,0.0,0.0,0.0,0.0,0.4065704585,5.0,-0.968485908,-0.060782221,-0.171433286,0.2737755377,-1.467168752,0.1484744341,72297.143426,0.0740556467,18.28755301,-0.012233586,0.0034973585,0.0061714961,0.0089233695,0.0378036259,0.5079894375,0.0,0.0002305608,0.3832140767,-0.033811251,5.0,18.558541172,1.5202710242,0.0,0.0406503677,0.0218144089,0.0329987084,0.2873111118,1.9187878624,2.869243e-11,1.4049055e-08,0.8780224174,0.7709233654,-0.003899046,0.0292847889,-0.153090448,-0.209159143
14702,0.1004743551,0.0483051362,18.638358674,0.0069816017,0.1113938756,0.1892087901,0.3511244231,0.155325907,0.5055249855,-0.024070022,0.1531210191,0.0185146747,0.0757472826,0.0446461534,0.0185146747,47.0,0.0168126531,0.125,0.3407161958,-0.315985829,0.0591846962,0.1768402154,-0.127086596,0.0468393504,0.1577802987,0.4915048596,0.0,2.5389344262,-0.153182092,1.8597099622,-0.123883072,4.2247664407,4.4747768723,0.4955626553,0.0,0.0,0.0,0.0,0.0,1.0459444129,6.0,0.040710902,0.0943792796,-0.099334088,-0.250214434,-1.069233802,0.1380134487,110792.16049,0.0363924557,18.440837078,0.0081420838,0.0699374974,0.1419568823,0.0117727361,0.2113843175,0.0119421081,0.0,0.0,0.7471241777,-0.049084315,6.0,19.066002709,1.9779959775,0.0,0.0602598451,0.0368480309,0.0452180954,0.2203809472,2.5436769741,3.444598e-11,1.0177811e-08,1.3173445494,1.7353966619,-0.009293919,0.04527984,-0.269167657,-0.155344743
15537,0.9746430715,0.0167567144,-2.294868433,0.0064860491,0.5323258424,1.5142771383,0.0162158525,-0.010208805,0.4058064184,0.0093457944,-0.099339796,-0.122858484,-11.105919,0.2028554277,0.1228584844,41.0,-0.033299302,-0.104109589,-0.130487238,-0.010744011,-0.009387766,0.4464925373,-0.081365052,-0.011520263,0.0463467601,0.4113736111,0.0,2.8958889737,0.2886612053,1.4622758489,0.4924402367,10.143631436,6.6628194086,0.1688448983,0.0,0.0,1.0,0.0,0.0,0.6492889667,4.0,0.1055263538,-0.020105136,-0.105012728,0.518152381,-0.178952411,0.1506310013,-8553.014365,0.0376507894,11.421084261,-0.00125321,-0.003688148,-0.005146712,0.0070365019,0.0754787151,-0.027034784,0.0,-0.003030303,0.851468268,-0.091110693,6.0,10.647974521,0.2730709666,0.0,0.0275302995,0.0163144658,0.0418822276,0.9468218014,0.7289135041,2.5414668e-07,1.0806396e-07,0.9349429734,0.8741183634,0.1100305322,0.0628208499,-0.261029995,-0.155344743
68830,0.8394264248,0.0065468555,-0.07413135,0.0,0.0919788476,0.8133851672,-0.025012981,-0.042271559,0.0694642579,-0.047679593,-0.100946776,-0.011475261,-1.873375541,0.0188115745,0.0114752609,37.0,0.0045843892,-0.0703125,-0.108096471,-0.462607472,0.0876693321,0.1260430232,-0.016615697,0.0179399883,-0.040458147,0.6471512063,0.0,8.4181930572,-0.018914997,7.1858021277,-0.035825065,2.0446499079,14.489021879,0.5368860742,0.0,0.0,0.0,0.0,0.0,0.0866992347,5.0,1.4071979175,-0.082553302,-0.248317059,0.595574486,7.7010635307,0.1055589375,-5288.062621,0.0232852488,13.150734672,-0.00147108,0.0263616528,0.0333757439,0.151439316,0.4209594929,-0.004367904,1.0,0.0061773735,2.1348421955,0.1847546874,5.0,13.361480272,1.3943130631,0.0,0.0477307364,0.0259327164,0.0445388134,0.3188542691,1.8994681463,7.2978795e-09,1.5663007e-08,1.2492581036,1.5606458095,-0.029709784,0.0615408445,0.0072146074,-0.317329651
85631,0.0158477102,0.0198313863,29.979015723,0.0,0.1036428756,0.0622155988,0.1351750083,0.1780946062,0.572524396,0.000911577,-0.000648898,-0.034029021,-0.189538156,0.0235901907,0.0340290213,36.0,0.0,0.1386138614,0.1576214763,0.1717254163,0.0077769491,0.1990155865,-0.041629032,0.005939184,-3.26553694,0.363073024,0.0,0.8293237472,0.0039329925,0.8293237472,0.0039329925,2.0409218178,5.893951174,0.2104854861,0.0,0.0,0.0,0.0,0.0,-6.469352964,7.0,-2.686210626,0.0536747829,-0.07621057,-0.062021484,-27.53794031,0.0259831371,46325.334656,0.03476008,17.625240738,0.0045083691,0.018421691,0.1029522518,0.0024793487,0.2100691595,-0.012765192,1.0,0.0002550298,3.9370489844,-0.213136123,6.0,17.842216744,1.8706628865,0.0,0.1030631885,0.0387101577,0.0485621271,0.3198555865,3.2929310086,7.517383e-11,9.3806548e-09,0.7997057317,0.6395292573,0.0329108458,0.0415671219,-0.071909537,-0.146789762
85914,0.1640162565,0.0642906538,2.1626204444,0.0207389206,0.5177578795,1.6899359739,0.1910429996,0.2229491373,0.7269578603,0.0019727557,0.1955085865,-0.180564372,-1.740266963,0.1761735547,0.1805643719,36.0,0.0252755497,-0.184,0.0830468857,0.1596352234,-0.032435095,0.1722085386,0.0682443459,0.0236675005,0.3184823225,0.6325011276,0.0,1.1919019105,0.0846482328,0.6584925387,0.4410670275,8.4021333333,44.544769086,0.1983303249,0.0,0.0,1.0,0.0,0.0,3.2428858867,5.0,0.2363873228,-0.113501998,-0.083611884,-0.561548979,0.165493393,-0.24155316,23408.599407,0.4274172795,16.731164106,9.43307e-05,0.0268582809,0.1151095732,0.0019126161,0.1809770172,0.0050668802,0.0,0.0017997382,3.3355425511,-0.145078618,7.0,17.507240344,3.4380995523,0.0,0.0896964222,0.0413762776,0.0559890886,0.4934907131,14.598664268,9.258999e-11,4.7923716e-09,1.1434973547,1.3075862002,-0.028759066,0.042960748,-0.150329398,-0.359949562
18973,0.338257826,0.0455419484,10.422605355,0.0160680089,0.1456707299,0.4020683271,0.1354967121,0.2059492361,0.5137387021,0.0013654897,0.4843840598,-0.060316909,-0.586199184,0.0722386014,0.0603169086,38.0,0.0003531435,0.0555555556,0.0586322562,-0.108270419,0.0046410653,0.1557440671,0.0430805554,0.0070873006,0.1158142079,0.3130356529,0.0,1.8056401019,-0.341155864,1.2772415989,-0.364813325,7.7693555503,6.710661922,0.4470165187,0.0,0.0,0.0,0.0,0.0,0.6795400615,4.0,-12.15961894,-0.031965901,-0.872761229,0.0101120464,-0.850479895,0.1338035601,-2644.594319,0.1249505785,14.662100273,0.0009083896,0.025437015,0.0363914653,0.0163999705,0.1117018486,0.002347165,1.0,-0.000383951,0.5921344113,-0.072851385,6.0,15.015300853,1.2751158424,0.0,0.0536298864,0.0231830592,0.0296740123,0.2824462255,1.458930763,1.5380444e-09,1.8870607e-08,0.9612932023,0.9240846207,0.0581878194,0.0326462042,0.0890549083,-0.208206726
19271,0.7042735081,-0.051690057,-36.97205333,0.0,0.7684657399,2.2583755176,-0.072998114,0.0097048614,0.3738529008,0.0,-0.026476433,0.0031338821,0.0888606215,-0.056283268,0.0031338821,47.0,0.047905458,0.2415630551,0.214476941,0.232176056,-0.321793339,0.0914990533,0.2168677145,0.0828809335,0.0523818881,0.5287035015,0.0,2.7423787033,0.0452152605,1.307076779,-0.131917351,448.0,7.3424950374,0.0140609832,0.0,0.0,1.0,0.0,0.0,0.7977851388,2.0,0.0143028006,0.08929437,0.1690599416,0.6333116414,-1.491592033,-0.061989232,-15488.19592,0.0431411127,11.59840567,-0.004501459,-0.024077833,-0.0544249,0.1132146575,0.0023917342,-0.056350881,0.0,-0.053427775,-0.816076548,-0.028744567,1.0,8.8945159203,0.0466380228,0.0,0.041444961,0.0208889828,0.026465736,1.2006025049,0.1257651653,1.6574841e-06,4.9693818e-07,0.5124847706,0.2626406401,0.561154202,0.0678320743,0.3970846565,-0.053101737
29938,0.072732355,0.0247279053,28.172563583,0.0092558494,0.1058672004,0.0947766117,0.192293373,0.1311134235,0.3765175165,0.0010873907,0.0197836982,0.0139973958,0.0952380952,0.0223728667,0.0139973958,47.0,0.0107421875,-0.020833333,0.0291406482,-0.291911983,-0.042770816,0.085650723,0.0405405405,0.0202913632,0.3448101266,0.4794782275,1.0,4.2668845316,0.1500331969,2.3594771242,0.3141391578,3.0095652174,4.5962815405,0.2559749249,0.0,0.0,0.0,0.0,0.0,1.0582278481,4.0,-0.091195111,0.0215083533,-11.08010196,-0.080001015,-2.065400934,-0.019030719,20160.546025,0.0426379215,16.18388507,-0.000629921,0.035871713,0.0879612374,0.0002768367,0.1621825877,-0.001716312,2.0,-0.000589188,0.3200556619,-0.029815355,5.0,12.890253267,0.0456509532,0.0,0.0252795555,0.0226961623,0.0237520767,0.3829955061,0.0787717045,9.5062313e-09,4.9693818e-07,0.6448500594,0.4158315992,0.1348400104,0.0326257683,0.1007710454,-0.053101737
10866,0.3490653259,-0.765452024,-5.982463285,0.0187635229,2.8992397078,3.6904209775,-0.046329567,-0.232206018,0.3639365269,-0.060177736,-0.06697102,-0.263083957,-1.287745324,0.2202552404,0.2630839566,46.0,-0.060692428,-0.263157895,-0.275363658,-0.231109931,-0.021541966,0.0833021438,0.1694979601,-0.132448523,-0.68999613,0.4643621596,0.0,0.8642167002,-0.166489817,0.3253429839,0.0491017653,22.003991145,13.156122024,-0.219732989,0.0,0.0,0.0,0.0,0.0,1.3323554455,2.0,-0.135982382,0.1441662214,-0.138966509,4.728857669,-0.214709672,-0.565800176,-5388.241202,0.1259346863,13.893051214,0.0098827859,0.032528815,0.2477056216,0.1549222771,0.0440429157,0.0489188702,3.0,0.0190806592,1.5317751975,-0.028303182,2.0,14.808008998,4.6326600976,0.0,0.2990922332,0.0745437361,0.0562553151,0.5456375411,19.984264168,1.305449e-09,3.7558747e-09,2.2609580513,5.1119313096,0.0769530257,0.0872316989,0.2667449441,-0.232879901
25320,0.2387256654,0.0763437407,96.513623188,0.0336276001,0.6498306502,0.641953915,0.0848838206,-0.051568057,0.2496766893,0.0,-0.124757727,-0.002240106,-0.026785714,0.0783886623,0.0022401062,47.0,0.0051439476,-0.027586207,-0.024738235,-0.059520844,-0.034640571,0.1216890595,0.0002154044,0.0199644358,0.2298088178,0.2044018238,0.0,0.934399118,0.2047284225,0.4200661521,-0.146827333,122.84057971,14.245378151,0.1441549257,0.0,0.0,1.0,0.0,0.0,1.1217323449,5.0,0.1249889909,-0.008979888,-0.10008932,0.1677637987,-0.826699882,0.072682698,-2391.217396,0.0431411127,16.486525931,-0.002335508,0.0222430544,0.0828045685,-0.008620047,0.0057988066,-0.011614724,0.0,0.0017521902,1.1206175138,0.0212754118,7.0,16.672924937,1.7142109372,0.0,0.034662012,0.0241807072,0.0287226934,0.4069914564,4.1223436975,1.043959e-10,1.0745178e-08,0.0430387927,0.0018523377,1.0741853624,0.0305640413,0.3639040299,-0.053101737
21742,0.2354077606,0.0381124275,15.18668083,0.0059794732,0.3078756975,0.9323097587,0.1182762662,0.1309422266,0.5974897386,0.0039124056,0.0986435791,-0.116890995,-1.569792266,0.0979410215,0.1168909948,38.0,0.0120394479,0.0013996178,-0.056470696,-0.469803607,0.155203656,0.0754766331,0.0051403054,0.098366791,0.1761642643,0.5463571816,0.0,1.1809615356,2.2430408365,0.7132365781,4.0149477846,22.743434013,85.736244903,0.2394600029,0.0,0.0,1.0,0.0,0.0,1.4027774989,6.0,-0.001612943,-0.088715246,-0.033929246,-0.309666828,-0.009287065,-0.141493634,-2052.016278,0.1402277265,15.866610266,-0.000500501,0.0190763464,0.0476843793,0.1860996697,0.0593471957,-0.045535718,0.0,-0.000835335,1.5437234758,-0.040937315,4.0,16.112866357,1.660098434,0.0,0.0265264232,0.0194937622,0.0290158615,0.3012810838,2.4110867389,2.436933e-10,1.2886957e-08,0.6690846307,0.4476742431,0.0367250642,0.0350469789,0.1994789282,0.3385037207
11267,0.9591082719,-0.184753378,-1.292778334,0.0307850962,1.3421943984,2.2377208632,-0.19359209,-0.136536171,0.2071955806,-0.069794239,-0.063800338,-0.026281153,-0.353242213,-0.119490686,0.0262811533,41.0,-0.048952232,-0.264413519,-0.303178709,-1.32491284,-0.248303614,0.0539015373,0.0076123986,-0.108973161,-0.221209804,0.6378993917,0.0,1.5970077061,-0.122686158,1.1346257434,-0.086079489,3.88998539,10.904025179,-0.091957568,0.0,0.0,0.0,0.0,0.0,0.4478064161,1.0,-0.033121664,0.0331837715,-0.140222133,5.338900615,1.0885875266,-0.905546102,-5704.899982,0.1259346863,12.447778069,0.0067544354,0.0145614388,0.031419368,0.0551685774,0.3474856853,-0.010543728,0.0,0.0314859036,2.6294016654,-0.188208923,3.0,12.493236473,1.2660389791,0.0,0.0687960833,0.03045008,0.0463562574,0.3869424649,2.1553070856,1.9263504e-08,2.0006128e-08,1.0359119607,1.0731135902,0.1278974691,0.062853555,-0.27151912,-0.232879901
86474,0.5173549644,0.0807456767,2.1126170229,0.0,0.1312231553,0.7501601262,0.123650772,0.2162069472,0.4541178776,0.0249643367,0.1469513588,0.2056593346,1.5050962627,-0.04078434,0.2056593346,35.0,0.0573228695,0.1070110701,0.3340767587,-1.36428274,0.1395321444,0.3563165201,-0.216033376,0.0687129489,0.235123503,0.6296608725,0.0,4.3381003202,-0.063369495,3.1450373533,-0.059269764,4.3992951812,3.7539386808,0.7393501037,0.0,1.0,0.0,0.0,0.0,0.5781561876,5.0,-0.831084901,0.1754204351,-0.617881335,0.3742698768,-2.575397144,0.0776804529,-18765.98277,0.0740556467,11.119774982,0.0129342021,0.0175162666,0.0210512688,0.1360174706,0.2629108927,0.000290463,0.0,-0.002628121,2.6990409226,0.0371546485,2.0,8.9120717757,0.2065750898,0.0,0.0772495344,0.0300816856,0.0336002684,0.8797383887,0.5580207659,7.349739e-07,1.5745436e-07,0.9403261264,0.8842132241,0.1106796174,0.0520287947,0.088891163,-0.209159143
26201,0.7639752891,-0.112112591,-3.147319918,0.0161257209,0.7512703144,0.8875249507,0.0370828787,0.0682667722,0.2413636574,0.0545176972,0.2945828557,-0.034161345,-0.446951551,-0.062003694,0.0341613453,46.0,-0.002022095,0.0019665683,-0.056784738,-0.303551708,0.0019771191,0.3810735596,-0.323676202,0.0289626062,-0.088439994,0.2321427272,0.0,1.4123334037,-0.18596523,1.0175721283,-0.165694809,18.848870743,3.6790525583,-0.098725852,0.0,0.0,1.0,0.0,0.0,0.3960720846,2.0,-1.078308004,-0.071314765,-0.722925837,0.6208902014,-1.321700611,0.0564610981,-18187.1192,0.0740556467,12.712446704,0.0002025017,-0.00602551,-0.011950815,-0.03248081,0.0314520305,0.0108403265,0.0,0.003245248,-0.491301302,-0.022577566,1.0,12.658652893,1.0635453186,0.0,0.0516129322,0.0358262337,0.0516269336,0.4243381686,2.5670725337,2.2404147e-08,2.1176782e-08,1.6942088993,2.8703437945,0.0413971183,0.0624659449,-0.513869765,-0.209159143
65541,0.3377321842,0.1432654301,130.58936656,0.0001459559,0.129618555,0.1421853566,0.0648390591,0.4257810761,0.3188719852,0.0040733198,-0.08531603,0.2699633498,0.7491764866,0.0359343385,0.2699633498,39.0,0.0018600439,0.0,0.2022296269,0.0187202103,0.008272965,0.1927583198,0.0353626089,0.0286307978,0.8150394813,0.1710898899,0.0,2.001502527,0.5777029808,1.2016118017,0.7148321875,30.347871236,5.6714535222,1.1669565529,0.0,0.0,0.0,0.0,0.0,0.5536526696,6.0,4.7616120786,-0.027223558,-0.178580476,0.0626912624,-3.765425398,0.1275402602,12270.627731,0.0345323743,16.665765108,-0.000178108,0.0114769109,0.0162559689,0.003770527,0.0100247757,0.0305875547,0.0,-0.000239854,1.7939316593,0.0400337107,4.0,16.765128493,1.4745756986,0.0,0.0376322642,0.0258942161,0.0300821026,0.3135678803,3.5381524193,1.405611e-10,1.1724993e-08,0.7186317905,0.5164316504,0.0460985994,0.0310604048,-0.025186607,-0.251074085
27562,0.2073968839,0.0795397503,13.027501055,0.0074272894,0.5400491939,0.8817504462,0.0685732417,-0.059964045,0.1587307577,-0.008439887,-0.187127241,-0.01920197,-0.18619874,0.0943499516,0.0192019695,40.0,-0.000312402,0.2727272727,0.1183815392,0.1288694088,0.1267916465,0.054796357,-0.148555672,0.0600285034,0.5861626381,0.5437538874,0.0,0.7599932941,-0.4668847,0.4626984366,-0.585842015,19.513005471,58.180101041,0.1876541608,0.0,0.0,0.0,1.0,0.0,0.8322302929,7.0,-0.402811852,-0.168118281,-0.351586359,-0.21006586,-1.587583793,-0.015843503,-6471.123516,0.0775136454,14.659104111,-0.016712658,0.0139549625,0.0502928576,0.0442110463,0.0530463343,0.0028181774,0.0,0.000300368,0.7530407592,-0.066823361,5.0,16.00060854,3.7743209443,0.0,0.060893748,0.034224512,0.0450141108,0.2057754353,3.6373493332,6.627451e-10,5.6945943e-09,1.5327051502,2.3491850774,0.0045628724,0.0396071405,0.0680931748,-0.214036468
27909,0.7404395194,0.01846995,-0.722568472,0.0303738271,0.4882885422,1.7202652028,0.0833828281,-0.004667944,0.2652638039,0.0022792023,-0.003653995,-0.085095674,-5.674331883,0.1232745764,0.0850956744,38.0,0.0373283873,0.0221586848,0.1700225635,-0.244101434,0.0014934218,0.1295821147,-0.256755029,0.1071581336,-0.005335472,0.6216827541,0.0,2.3387607787,-0.381423716,1.4255617978,-0.448899441,6.5567028351,7.9446535546,0.1224920803,0.0,0.0,0.0,0.0,0.0,0.4395056207,7.0,0.0964696245,0.3252020071,0.0873897611,-0.12360188,0.6288682312,-0.008784271,-1504.555058,0.5623720727,11.124463515,-0.005764982,0.0040094606,0.006568943,-0.014176205,0.1348572794,-0.011542178,0.0,-0.007558579,2.571120602,-0.023910169,4.0,11.016856431,0.778005129,0.0,0.0740102977,0.0249199295,0.0396763517,0.5413949407,2.0466355287,6.764193e-08,2.3431878e-08,0.5445956028,0.2965843706,-0.016395637,0.0529240041,-0.121175976,-0.264290669
49154,0.159129178,0.0481354743,6.2565957103,0.0150643758,0.4056251235,1.031044669,0.158668133,0.1979709671,0.6513709998,-0.006588668,0.1894267434,-0.130962383,-1.409569597,0.1159857755,0.1309623831,47.0,0.0353302775,0.1114130435,0.1977801106,0.0179464308,-0.01178309,0.0853775854,-0.064944947,0.0669019846,0.2203160652,0.5994658523,0.0,1.0313540373,0.1580550254,0.5020124224,0.8600138012,10.9929503,82.432599119,0.2022906397,0.0,0.0,1.0,0.0,0.0,2.3155581847,6.0,0.017825285,0.2944875946,0.1019930682,-0.185976817,0.1168019532,-0.685659093,44829.249188,0.3504378997,18.133792348,0.0027437279,0.0289578671,0.1001345895,0.0241885316,0.1057322968,0.0175669576,0.0,0.0009629458,1.8179210834,-0.042958536,7.0,18.946291085,2.5219439748,0.0,0.043344833,0.059386833,0.0368218347,0.6150001506,23.351153426,2.030258e-11,5.3318545e-09,0.4120479249,0.1697834924,-0.360467856,0.0426813872,-0.411883612,0.1717752917
19350,0.1747780754,0.0565461268,6.6854814363,0.0106681859,0.6228324015,0.4168558091,0.1074146239,0.1201608715,0.2045384933,-0.017825261,0.0568490836,-0.022147546,-0.295656549,0.0732643595,0.0221475456,47.0,0.0223862316,0.0849584973,0.2368880135,0.1224416728,-0.020622572,0.1565004962,-0.006982923,0.025542342,0.4246734173,0.6017908077,0.0,18.994238156,-0.245457877,16.82362356,-0.260653359,5.3917576352,0.9899783803,0.1253725739,0.0,0.0,1.0,0.0,0.0,1.1102264822,6.0,0.0540361051,0.0407396568,-0.139375591,-0.175910714,-1.680786648,0.1666316548,94354.090642,0.0363924557,18.513817465,0.0,0.0159007535,0.0815587057,0.0145182157,0.0969279787,0.0311190713,0.0,0.0003797727,0.9743017652,0.0535387757,6.0,18.620403861,1.4851468195,0.0,0.0703775436,0.0406956641,0.0366158289,0.4062489678,5.3917929837,3.025403e-11,1.3924571e-08,1.0331585253,1.0674165384,0.0474416565,0.0356383549,0.0788608509,-0.155344743
49429,0.7454246068,-0.037066175,-1.5544719,0.0070201951,0.8543144494,2.2932594307,-0.028478034,-0.098459678,0.3976734105,-0.090176468,-0.086049348,-0.099528237,-4.530102995,0.1308474156,0.0995282374,47.0,-0.099485759,-0.236842105,-0.301113427,-2.519674009,-0.051534335,0.1596048811,0.0810973353,-0.121611296,-0.112274751,0.5761768273,0.0,2.1503292244,0.0830522935,0.7429086388,0.8051666622,12.302817625,28.494202414,0.0819567993,0.0,0.0,0.0,0.0,0.0,0.8095498007,3.0,-0.020685561,-0.326916908,-0.246262081,0.4003186115,-0.173573956,-0.670797453,-23820.5596,0.3504378997,15.272162715,0.0268966412,0.0583211098,0.1225972754,0.1025397202,0.1656921188,0.0093166611,6.0,0.0172622653,0.9843757386,0.0656006737,1.0,16.29741585,3.8162320554,0.0,0.124247022,0.0686652885,0.07128982,0.3255793621,8.916392439,5.24797e-10,4.5652391e-09,1.3544943085,1.8346548318,0.1758380313,0.0885604145,-1.09207375,0.1717752917
93096,0.1421544206,0.0566602026,24.345102272,0.007595824,0.4097679594,0.7201757912,0.1519912544,0.1330790283,0.5018672439,-0.044261241,0.1909620691,-0.050160874,-0.459919399,0.0827193289,0.0501608743,45.0,0.0234403723,0.1048951049,0.2159282204,0.0300965312,0.0583597486,0.0425698108,0.0272001764,0.1057667959,-0.00615621,0.443364535,0.0,1.2107304725,0.0624115071,0.2918587521,1.6467561211,24.515039115,154.01168736,0.1825587554,0.0,0.0,0.0,0.0,0.0,1.6866358821,7.0,0.0299599871,0.0082986628,0.0954751296,-0.202951575,0.5514470283,-0.71892554,944.53194755,0.3504378997,17.735709768,-0.000734626,0.019108391,0.0793580392,0.006199677,0.018848845,-0.004429595,0.0,0.0002708559,1.7321832768,0.0040856129,5.0,18.320147547,2.0914299895,0.0,0.1371455342,0.0459614028,0.0349978905,0.4370417149,6.0712977763,3.977266e-11,8.5501246e-09,0.3182073775,0.1012559351,0.3639590913,0.0323482342,-0.094424251,0.1717752917
61313,0.1374093745,0.0346695537,28.589642594,0.0130630141,0.1526354594,0.3457046333,0.18554239,0.0693219282,0.4810211173,-0.010416419,0.017972276,-0.04951774,-0.400836528,0.0485663773,0.0495177403,47.0,0.026610403,0.0564516129,0.1051533648,-0.109743896,0.0222351703,0.14245142,0.2669733486,0.0429475185,0.1519602877,0.4986544871,0.0,2.0507748104,-0.239304101,1.4169139466,-0.255296391,12.84021544,5.0401691332,0.3052837573,0.0,0.0,0.0,0.0,0.0,1.0806402593,7.0,28.726387027,-0.011582869,-0.252659022,-0.255620259,-4.241751064,0.032250674,-12394.36848,0.0580772554,15.681079826,0.0029523222,0.0321223231,0.067804063,0.0165547387,0.0823457043,-0.100694295,0.0,0.0008331945,1.2388980709,-0.033142218,5.0,15.434401873,0.763107776,0.0,0.0399602801,0.0190581945,0.0285813669,0.2849613195,0.8500396331,8.52639e-10,3.347049e-08,0.9074921445,0.8235419924,-0.017076509,0.0266791034,0.0112881195,-0.209530018
12008,0.3266002338,0.0138227063,82.168399026,0.0,0.456043033,1.2878561988,0.0596398904,-0.123314474,0.2521745051,-0.030680091,-0.160241418,-0.166966377,-10.11853103,0.1536881893,0.166966377,37.0,-0.013203434,-0.062639527,-0.042074964,-0.026553889,0.0263714199,0.5217343588,0.2412346249,-0.023664893,-0.065963316,0.508188072,0.0,2.6056991237,-0.331073161,2.4477268167,-0.318363719,243.43060417,3.026723483,0.1694148478,0.0,0.0,1.0,0.0,0.0,0.6096667757,6.0,-0.002963077,0.1342484891,-0.089091889,-0.211364919,-0.737834333,-0.021853229,1478.5240802,0.1489431475,14.830290487,-0.002844464,0.01280951,0.0367968058,0.0182414265,0.1202311431,0.0077935451,3.0,0.0020146059,2.9242080246,0.1716722343,4.0,15.076677835,1.9232088071,0.0,0.174541831,0.0427022302,0.0382310197,0.3647216882,3.8109859078,9.286196e-10,1.0786621e-08,1.865353552,3.4795438741,0.1389191309,0.0686628672,-0.251689071,-0.1846282
33209,0.4340371824,0.0498358675,1.4562944232,0.0,0.2854408642,0.7450446377,0.0349484962,0.0102454282,0.4994313032,0.0120471866,-0.167143675,0.0661984096,0.9508571429,0.0024490769,0.0661984096,42.0,0.0430360387,0.1473214286,0.5797517612,0.4641188982,0.6636025934,0.0782026484,-0.032368813,0.0537151895,0.1748000206,0.6657773175,0.0,2.706780181,0.2911378858,2.2215830649,0.1949647613,2.7063353409,11.544518533,0.2116217687,0.0,0.0,1.0,0.0,0.0,0.9622308628,7.0,-4.336443815,0.3061766769,-2.970874131,6.1792099056,-0.581630184,1.9941673308,-4382.093371,0.3321262589,11.630866597,0.0,-0.020397393,-0.033811565,-0.012810081,0.3344399338,-0.014087948,0.0,-0.015700745,0.7603306944,-0.105972596,3.0,10.053331094,0.2663793103,0.0,0.0420167632,0.0250408382,0.048720135,0.8203768221,1.7944663132,1.9359472e-07,6.300862e-08,0.5248271077,0.2754434929,0.1075776331,0.0856363296,-0.466077079,-0.232528815
77462,0.5466903073,-0.844554082,-3.172540793,0.0250539624,3.2448093329,3.8752269846,-0.067166979,-0.163706783,0.3197619497,0.0047535684,0.024197364,-0.236277586,-1.164553753,0.1389745435,0.2362775863,44.0,-0.072740367,-0.384463415,-0.285578935,0.0396044392,-0.106755685,0.1087548197,0.0311198552,-0.089174381,-0.59965501,0.4910961256,0.0,1.1543774501,-0.025305384,0.4498786634,0.5948226355,10.546037296,65.56884058,-0.199345532,0.0,0.0,1.0,0.0,0.0,1.0156813549,2.0,-0.227212554,-0.1614199,-0.39388339,0.201584312,-0.383599094,-0.662670325,-23820.5596,0.3504378997,15.72311972,0.0094202144,0.0129771407,0.0759694851,0.185295724,0.0172875978,0.012009528,0.0,0.0366452588,1.7394078146,0.0956523046,2.0,17.923404376,11.17345795,0.0,0.1931286454,0.0647424881,0.063297997,0.3946192754,31.987512085,1.175824e-10,1.6199081e-09,1.787038497,3.1935065898,0.0302603237,0.0753521413,-0.729453723,0.1717752917
62228,0.5592547173,0.0068633833,1.0649353877,0.0,0.308922903,0.5475970588,-0.023051475,-0.057627416,0.2171545642,0.0114022585,-0.173677106,-0.129470027,-16.87794118,0.1227031637,0.1294700268,41.0,-0.03719288,0.0909090909,0.3071048257,0.6492819963,0.8789545104,0.1496002063,-0.002469971,-0.034390201,0.0216277012,0.5415456078,0.0,6.0119797456,0.5240283583,3.5837964678,0.6460851054,2.6965208748,7.2697306713,0.1058435703,0.0,0.0,0.0,0.0,0.0,0.363116749,8.0,52.176185989,0.2631346159,0.0100033208,0.7566542628,-1.136297669,4.164304914,-7423.551351,0.0357482652,11.200505094,-0.000167375,0.0057414168,0.0091846541,-0.011388764,0.2528693259,0.0160964837,1.0,0.0018152868,0.6725496329,-0.030680518,4.0,9.7494349922,0.1571833208,0.0,0.0493333191,0.0269563292,0.0252475949,1.1441291464,0.8480509567,2.0211155e-06,2.3163928e-07,0.6056776586,0.3668454262,0.1191909804,0.0484867748,-0.193598086,-0.251074085
59010,0.345150855,-0.087806166,0.2654038301,0.0120155806,1.4728989239,1.8221429986,-0.042227501,0.0065794283,0.3810220045,0.0080862534,0.0764257454,-0.065724279,-1.356390977,0.0312933254,0.0657242786,45.0,0.0214951909,-0.093023256,-0.157663432,-0.306397609,-0.065585451,0.0718333806,0.1052486208,-0.102492872,-0.211700844,0.5649119036,0.0,1.5468589083,0.0991741003,0.9158084449,0.2452666524,5.7452123231,38.016528926,-0.01468538,0.0,0.0,1.0,0.0,0.0,1.5111580217,3.0,0.0233223285,0.0250524106,0.0311681297,4.724943198,-0.216524014,-0.754762091,1611.5925377,0.1259346863,15.221295844,-0.006192166,-0.011047314,-0.050331126,-0.006009856,0.084428795,-0.006475145,0.0,-0.011458792,3.1647653132,-0.263268028,5.0,17.13607331,6.5679289141,0.0,0.124603942,0.0534290087,0.0703131246,0.5130639669,28.111131653,3.831465e-10,3.0129487e-09,2.0016313633,4.0065281146,0.026166657,0.0701314886,0.1809875785,-0.232879901
21055,0.9750788293,-0.09656512,-2.076439739,0.0,1.759035314,3.0791119415,-0.012006406,-0.055406854,0.5114818522,0.0172143975,-0.038191182,-0.130831747,-3.815395873,0.2718690404,0.1308317467,46.0,-0.045475215,-0.138321995,-0.186856471,-0.262725627,-0.040659933,0.0560519981,0.1005566842,-0.108775598,-0.085041418,0.5295098345,0.0,1.65683873,0.1800235855,0.9347186753,1.3672096768,8.3059263289,56.877745941,-0.009154824,0.0,0.0,1.0,0.0,0.0,1.3814410982,4.0,0.033465177,0.0853491628,-0.01413061,5.3548711724,0.2189855887,-0.514186376,-5381.697962,0.1259346863,13.552879653,0.0069306866,0.0198846029,0.0560808846,0.1372433228,0.1748901695,-0.031729637,2.0,0.0173460967,0.8062114946,0.0397980232,4.0,14.751138181,3.3273362954,0.0,0.0801019743,0.041190595,0.051991597,0.4160727918,8.2625748261,2.3650958e-09,5.9804129e-09,2.4829731039,6.1651554345,0.0913395349,0.0886992954,-0.258109904,-0.232879901
83233,0.4821389043,0.1243952123,-3.055408347,0.0336857268,1.3423666608,1.7690100814,0.0950979343,0.0553267161,0.2408680978,0.002249742,-0.017271922,-0.000935842,-0.013565395,0.1260826825,0.0009358419,44.0,0.0363036012,0.0,0.2305869324,-0.166679797,-0.083210323,0.1294598476,-0.017024527,0.0598268885,0.3142683562,0.3442907081,0.0,1.2663419831,-0.027887153,0.8864622175,-0.121531051,44.591492777,6.2463181563,0.1469734197,0.0,0.0,1.0,0.0,0.0,1.0716021524,6.0,0.0184896326,0.0898253187,-0.031521613,-0.481058691,-0.189637035,-0.016391107,-6163.191365,0.068785119,14.274251275,-0.000979876,0.0182577399,0.07212368,0.1327370463,0.0214243956,0.0341825578,0.0,0.0064935065,0.8603388874,-0.003139831,3.0,14.44279788,1.6316533974,0.0,0.0331280455,0.0194482524,0.0327602092,0.3782124632,3.0728548347,1.2865035e-09,1.1624526e-08,1.056988607,1.1172249153,0.0729921431,0.0399824028,-0.002997962,-0.104011427
32678,0.1198300469,0.0161085078,144.82333303,0.0012179603,0.0502434324,0.0987882225,0.1265292459,-0.013897412,0.2309452489,0.0027383472,-0.27890882,-0.039699591,-0.459746236,0.0235143336,0.0396995906,47.0,0.0042136677,0.0769230769,0.0440249601,-0.155818503,0.0203208259,0.3426096098,-0.116965518,0.0230015917,0.1428629865,0.2131463763,0.0,3.1788693706,-0.342310506,1.5577014379,-0.465196269,17.22729875,5.7407013096,0.3498128072,0.0,0.0,1.0,0.0,0.0,0.4100855631,6.0,28.712739225,-0.082200803,-0.232187558,-0.273199586,-3.138739012,0.0071986304,-1783.968528,0.0580772554,15.868819892,0.0004228078,0.0248616622,0.0393529008,0.0044077859,0.0309563753,0.2124716952,5.0,0.0002869646,0.7509504569,-0.044102984,5.0,16.030699839,1.4341026958,0.0,0.0275464281,0.0190570847,0.0286950808,0.2993026725,2.0676541564,3.414847e-10,1.4926626e-08,1.23838205,1.5335901019,0.1036836765,0.0346610535,0.0465594651,-0.209530018
27828,-0.049808948,0.1963076316,0.427178822,0.0283156325,1.2153383433,1.9164974019,0.1596513729,0.1132896975,0.4049479542,-0.162372587,0.090790864,0.0025651171,0.014454867,0.1934700309,0.0025651171,47.0,0.0536764405,-0.037735849,0.1209060894,0.0728189166,0.1431803192,0.2089352595,-0.007424607,0.0629739627,-0.259425494,0.439486532,0.0,0.7619604069,-0.032419514,0.4894143525,-0.126152923,14.750697026,7.1744829924,0.1887804688,0.0,0.0,0.0,0.0,1.0,-6.18940754,5.0,0.0480103854,0.0386763633,-0.262069937,-0.400497738,-1.648723914,0.2868373262,22026.938142,0.0363924557,17.526951956,0.0099766443,0.0872392534,-0.786149163,0.0427753212,0.1114737115,0.0099797621,1.0,0.0016485328,1.0436709305,0.1243681004,5.0,18.648035685,3.3431914632,0.0,0.0562516861,0.0330099056,0.0394857009,0.287198186,3.8829572018,6.407529e-11,8.7563786e-09,1.0510062055,1.1046140441,0.0286196136,0.0400818075,-0.107485796,-0.155344743
66181,0.0113106061,0.044111021,33.219777074,0.0221172234,0.2306760232,0.4529385188,0.3282870178,0.3775665548,0.8812163323,0.0,0.2378937298,-0.09806513,-0.464246852,0.0645894236,0.0980651305,40.0,0.0344122741,0.2143372624,0.1985484237,-0.22215433,-0.004293544,0.0790752274,0.0089828279,0.1249902412,-2.05872914,0.503479605,0.0,1.2292583959,0.1402131764,0.5115255115,0.7805041247,16.733375554,44.154411765,0.2514264104,0.0,0.0,1.0,0.0,0.0,-6.469352964,5.0,-0.020243206,0.055273892,-0.039644671,-0.239733937,-0.185345135,-0.041148842,219564.77791,0.4045142944,19.262011872,0.0037209163,0.0583447555,0.7158267922,0.0084456323,0.0693814955,-0.011091237,0.0,0.0015602303,0.9868479564,0.0595288244,6.0,19.377973744,0.997633353,0.0,0.0339388996,0.0246107821,0.0364962331,0.2823922129,1.8852483679,1.384535e-11,2.0435781e-08,0.9006387299,0.8111501217,0.0119970123,0.0357365601,-0.505488531,-0.070721276
32870,0.3037647883,0.0395924163,21.475726557,0.0231166574,0.2490960108,0.4960248567,0.0848859077,0.2813855116,0.2161925751,0.0046769046,0.6440599019,-0.008236815,-0.102432884,0.0436479817,0.008236815,47.0,0.0262279231,0.0471204188,0.1850168112,-0.030268696,-0.117134582,0.0922752644,0.0005195772,0.0691021915,0.0851810616,0.2518102017,0.0,2.082299771,-0.124992777,1.1151156992,-0.330848536,17.939707764,12.595174622,0.2414393594,0.0,0.0,1.0,0.0,0.0,0.3266320631,3.0,0.0594922626,-0.090255257,-0.025382695,0.2328029216,-1.114009555,0.0379420173,7360.218444,0.0431411127,17.09360019,0.0026516201,0.0228457543,0.041503567,0.0450730384,0.049990198,0.0206150409,1.0,0.0,0.795760981,0.0822438607,5.0,16.73081499,0.7522372553,0.0,0.0170106925,0.0212582231,0.0243730396,0.2571409206,1.0788418828,1.145881e-10,2.931199e-08,0.0430387927,0.0002464032,1.0741853624,0.0261006694,0.3255349375,-0.053101737
42922,1.110195335,0.0314964883,-1.325040743,0.0171079388,0.4401126684,1.0951828161,0.0298788132,0.1260929123,0.2002299978,0.008073115,0.4652053266,-0.080850793,-3.75680071,0.1498225179,0.080850793,42.0,-0.005243481,-0.005633803,0.3784160772,-0.160990121,0.0653211192,0.1974942301,0.0280384722,-0.006818758,0.0314560368,0.6216499827,0.0,3.5711469755,-0.283571761,1.7451521498,-0.133206899,2.7978420946,5.5184185828,0.1378039655,0.0,0.0,0.0,0.0,0.0,0.2560048108,7.0,3.9174576558,0.1652286595,-0.184214279,0.8351544132,-2.611344705,0.2414284396,-8068.774169,0.0345323743,12.086759772,0.0101875497,0.0065552032,0.0088466068,0.1141910678,0.2524907264,-0.003180642,1.0,0.0264721372,-0.643443417,-0.006750706,4.0,10.942728599,0.4397238719,0.0,0.0434621125,0.0190079525,0.0300725214,0.7068153322,1.2318682584,6.5371013e-08,4.8439149e-08,0.7956029694,0.632984085,0.1430154845,0.0387820789,0.0221821008,-0.251074085
47571,1.2438472675,-0.110749186,-8.423835282,0.0,1.4445952467,4.4477319339,-0.004543983,0.0649954128,0.3178877384,0.0043620502,0.0590589484,-0.052898513,-1.248366013,0.0275063337,0.0528985131,47.0,0.0136977607,-0.081140351,-0.000481225,-0.249501253,0.0234481362,0.1063695024,0.0253795589,0.025009234,0.0735650137,0.5967643426,0.0,1.7687311664,-0.117444536,1.2855094936,-0.10578425,25.731809457,4.2073894437,-0.021154817,0.0,1.0,1.0,0.0,0.0,0.6843941169,5.0,51.928970241,0.095035917,-0.162046121,1.4412468129,-0.99935252,4.1410047171,-7489.471851,0.0357482652,10.621637544,0.0042906241,-0.034330391,-0.077387788,0.0008680556,0.0586681938,-0.010710477,0.0,-0.081765233,0.6477595776,-0.047844674,5.0,7.9853345998,0.1763933644,0.0,0.039737422,0.0184564066,0.0278544902,1.663438983,1.5629645311,2.3646092e-06,8.460083e-08,0.4133050802,0.1708210893,0.6391327974,0.0533323059,0.0892987491,-0.251074085
16678,0.3661810256,0.0988489924,-1.146692862,0.0208405032,1.4956215823,5.0666513709,0.0426436429,0.0752607389,0.68280449,-0.038071066,0.0662159583,-0.090078579,-1.636363636,0.260601889,0.0900785792,46.0,-0.000447199,0.0689655172,0.0835091507,0.0395466653,0.0613115369,0.0941333699,0.0193339808,0.0030272229,0.1132294815,0.4891546998,0.0,0.8136795523,0.0642091701,0.3540283743,0.3248623583,43.385068762,74.395283549,0.1406952965,0.0,0.0,0.0,0.0,0.0,3.5290630086,8.0,-0.00402514,0.0917856665,0.0336366536,-0.178893563,-0.098548853,0.0211672337,15889.063222,0.1402277265,17.460090473,-0.002579181,0.0099667774,0.0520586333,0.0723554212,0.0687952799,5.39208e-05,3.0,0.0032483758,1.8474862013,0.0513124522,5.0,18.005550906,2.302769392,0.0,0.032059215,0.0233746832,0.0308876927,0.3041985857,4.1706761107,4.492421e-11,9.6922662e-09,0.0430387927,0.0027157878,1.0741853624,0.0407434103,0.1523983919,0.3385037207
48347,0.3835368672,0.0527883956,1.2653178158,0.0082538736,0.4979179225,0.859920143,0.1096012777,0.2449199903,0.5395811105,-0.010816233,0.3974391267,-0.126322678,-1.91108481,0.1536714966,0.126322678,47.0,0.0276256352,0.2105263158,0.0177595773,-1.110526139,0.0038674223,0.0581285058,-0.000368857,0.0601238145,0.1038097589,0.5695373197,0.0,1.5141497866,-0.153462707,1.1444455344,-0.098797687,4.1761640563,6.9974055947,0.1615861534,0.0,0.0,1.0,0.0,0.0,1.1028836123,6.0,0.113343148,0.0400753487,0.238385594,-0.315949777,-0.734834336,0.0790029435,247.6517176,0.1460543126,13.913959162,0.001362747,0.0218379923,0.0523022881,0.0794775144,0.1698023966,0.0010730388,1.0,0.0030084236,2.0917489097,-0.081411225,6.0,14.964446831,2.7435219133,0.0,0.0663486868,0.0280584271,0.0399410784,0.2753802113,3.1734632169,1.8625632e-09,9.0419047e-09,1.4390310282,2.0708103002,0.0589471006,0.0408260236,-0.040735613,-0.354566937
64282,-0.058422349,0.074484083,2.2142659493,0.0073248565,1.0794896958,1.0455129518,0.2355549759,0.1428148148,0.5296790123,0.0036101083,0.0526678141,-0.110158555,-1.415876777,0.1799443664,0.1101585546,46.0,-0.00129056,-0.022245763,-0.082623509,0.0382915233,0.1471332355,0.1119707715,0.054772285,-0.090666667,-0.558372248,0.6292473425,0.0,1.974168436,0.4430593313,1.5237084218,0.845881704,3.0353574174,44.040892193,0.1144558108,0.0,0.0,1.0,0.0,0.0,-3.285523682,7.0,0.0266408181,-0.240452891,-0.023218158,-0.095130781,-1.16249617,0.054306143,-12629.2896,0.2560171468,16.096142424,-0.001702356,0.0170323326,-0.148864592,-0.001169044,0.2389321837,-1.467341,0.0,0.0049211174,0.8258275636,0.0499417773,4.0,17.571741275,4.8597757531,0.0,0.0871368647,0.0460543198,0.0591047228,0.4455757333,17.262069602,1.327302e-10,3.3293296e-09,1.8887558787,3.5673987695,0.0067233238,0.0702866316,-0.852266444,-0.359949562
27617,0.6999300329,0.005149208,5.729433032,0.0,0.5616129907,0.261509903,-0.015335262,-0.028988249,0.0588030273,0.0,-0.070829231,-0.006770104,-1.683417085,0.0138174727,0.0067701044,46.0,0.0,0.0,0.0348658612,-0.053872878,0.0374057931,0.0216015393,0.1012103211,-0.002559251,0.0074112696,0.4960650812,0.0,1.842385112,-0.680762351,1.842385112,-0.713544919,8.3044371405,8.3628465039,0.048442753,0.0,0.0,1.0,0.0,0.0,0.1050054002,6.0,-6.290423791,-0.03879603,-0.139540073,1.4288404102,-28.93701299,-0.01978381,-2031.044278,0.085367513,11.25952887,0.0001515121,-0.004009886,-0.007227357,0.0034821713,0.0310915357,-0.025412163,0.0,0.0003411107,-0.816076548,0.0241519577,4.0,9.2637929721,0.1369047619,0.0,0.0781948417,0.0376164763,0.0446800755,1.663438983,0.5286013096,4.4094638e-06,2.5530363e-07,0.0867736878,0.0075296729,1.0741853624,0.0617954494,-0.38365658,0.0023717093
60097,0.2919724623,0.0204723633,10.149475232,0.0177131929,0.2355003055,0.1709834069,0.0675117314,0.0263979093,0.2287046941,0.0032257704,0.0417911947,-0.028665956,-0.730449251,0.0354263857,0.0286659556,47.0,0.0009141763,-0.142448785,0.0416421679,-0.134245884,-0.033623117,0.434474996,-0.061057604,0.0133533284,0.0136192522,0.2197577001,0.0,2.6499001058,0.246827856,2.1430250323,0.2478708845,2.7721833579,5.5139143171,0.1551821693,0.0,0.0,1.0,0.0,0.0,0.3966336204,5.0,51.876200939,0.124543813,-0.223354555,0.4893720078,-0.854701185,4.1489247691,168617.27107,0.0357482652,18.715997098,0.0015122124,0.0142807346,0.0254632327,0.0012469357,0.1162757749,-0.004907,1.0,0.000250292,0.5786146598,-0.023494347,6.0,18.547665084,0.9528720485,0.0,0.0263796058,0.0200677848,0.0232925851,0.3946618043,2.2152627473,2.676766e-11,2.330101e-08,0.8721380979,0.7606248618,0.0444518917,0.0266563713,0.0982769392,-0.251074085
53197,0.5334947719,0.0710745214,2.1309139794,0.0098214179,0.3190507949,0.6322901,0.109418058,0.0703341602,0.2269808843,0.0325415869,-0.065054496,-0.040527206,-0.470155356,0.1044905882,0.0405272061,47.0,-0.004792783,0.1912640635,0.0626037699,-0.396534417,-0.066127152,0.2275740168,0.0620120784,0.0102874653,0.1718151647,0.4313884799,0.0,3.02649304,-0.230534478,2.468792097,-0.183128616,4.6655231561,3.6931432451,0.3059320542,0.0,0.0,0.0,0.0,0.0,0.3904774062,4.0,0.1595627879,0.0441523779,0.1536823866,0.1300324744,-0.498734593,0.08677661,-14646.17525,0.0642905452,14.324552475,-0.001410058,0.0188485264,0.0294338007,-0.003369274,0.1238554554,-0.032919712,0.0,-0.000237699,0.1660899758,0.017411069,5.0,14.606938257,1.147669521,0.0,0.0389960036,0.0207163347,0.0321169063,0.2717228395,1.2559888095,2.4535122e-09,2.2920133e-08,1.0353741677,1.0719996671,-0.017229045,0.0411167781,0.0945131757,-0.209159143
57809,0.1460516841,0.0307351626,39.626049565,0.006607646,0.110383194,0.1597887124,0.1806327662,0.0316505817,0.3885977354,0.0012568654,-0.148164737,-0.02452818,-0.201508469,0.0369285581,0.0245281803,42.0,0.0134381391,-0.098213104,0.1136716798,0.0765515225,0.0320929333,0.2227260643,-0.054968171,0.0213459437,0.227482119,0.2844643772,0.0,2.615297916,-0.069591671,1.88067868,-0.081666183,7.8747649781,4.8268534847,0.3147296008,0.0,0.0,1.0,0.0,0.0,0.7973161887,7.0,0.0704954567,0.0113478648,-0.322547192,-0.204637105,-1.894222254,0.1302958534,3683.6888322,0.0363924557,16.343693376,0.0059385151,0.0300974366,0.053538764,0.0027545894,0.0791282211,-0.00896388,0.0,-0.000826089,1.9957581653,-0.070587587,5.0,15.879402772,0.8282097649,0.0,0.0273391232,0.0187553915,0.0281213947,0.2659991784,1.2676467058,2.647777e-10,2.1982168e-08,1.0142713506,1.0287463727,0.0515508109,0.0282381169,-0.28623646,-0.155344743
57817,0.0545226054,-0.123346222,0.7518502203,0.0103682332,1.6505154621,1.9154416957,-0.088630462,-0.020437506,0.3919071583,0.0141388175,0.054236127,-0.035486381,-0.495652174,-0.062209399,0.0354863813,47.0,-0.005914397,-0.088235294,-0.309778408,-3.806985112,-0.079954521,0.1262939959,0.1374102229,-0.054739653,-0.68845761,0.536600021,0.0,0.8839805825,-0.03665274,0.4317961165,0.1602460535,15.734214391,13.310559006,-0.002112167,0.0,0.0,0.0,0.0,0.0,3.6945863126,2.0,-0.003410853,-0.122462952,0.0359560914,4.4343149485,-0.179878926,-0.848264815,-367.8974623,0.1259346863,15.253665512,0.002242381,0.0069339112,0.2388059701,0.1197372161,0.0280050346,0.0218574618,0.0,-0.004176819,4.561601957,-0.263268028,3.0,16.848045692,9.5936621019,0.0,0.1402320862,0.0570351428,0.0645989794,0.5357928348,39.642243947,2.665562e-10,1.9965595e-09,2.0520606082,4.2109527399,0.1209336426,0.0810364615,0.6350659275,-0.232879901
79611,0.8873913735,-0.232702771,-0.670675643,0.0048411057,0.6037255313,1.0566902662,0.0530840283,-0.151126863,0.3364809491,0.0076455256,-0.087018261,-0.229710226,-1.61344357,0.1427500185,0.2297102259,31.0,-0.024034751,0.0532751092,-0.277572664,-0.575998443,0.0065871879,0.1406806309,0.0343428045,-0.041313194,-0.19233786,0.602197337,0.0,3.9292478323,-0.075528812,2.734144794,0.0194237245,2.2591174935,4.9753588587,-0.32215591,0.0,0.0,1.0,0.0,0.0,0.5377475847,4.0,51.640969699,-0.108527275,-0.027630661,1.084790919,-1.73437152,4.164304914,-7043.398491,0.0357482652,13.219470623,0.0029026273,0.0441765204,0.0722673374,0.0627368206,0.2728911752,0.0106341649,2.0,0.0105105105,3.8266253937,0.2083873693,3.0,14.233263554,2.9988564538,0.0,0.1429910064,0.0473307759,0.0539410358,0.437679084,8.3092601211,3.567132e-09,6.5351501e-09,1.5260765799,2.3289097277,0.0846333957,0.0662850028,-0.870623009,-0.251074085
59185,0.6045575222,0.0421116325,2.1238595421,0.0274693804,0.2589450462,1.1556958342,0.0558386871,-0.035254916,0.3366852918,-0.005495979,-0.22275302,-0.010887953,-0.227031405,0.0516722956,0.0108879529,44.0,-0.001273066,0.0547945205,0.076807649,-0.095401683,-0.191887987,0.1355885194,0.0007626666,0.0480960819,0.0769620219,0.5391759577,0.0,2.6145678379,0.1142901318,2.0093357271,0.098410874,12.402138994,7.4525572416,0.3237078565,0.0,0.0,0.0,0.0,0.0,0.5312343896,6.0,0.4954452999,-0.017932753,0.0410880285,0.1729655557,-0.317696985,-0.038454003,-3697.97003,0.2536234829,11.741430557,-0.003039086,0.0025706828,0.003666815,0.0246446129,0.0583104052,0.0096495199,0.0,-0.013164708,0.1958812475,0.0130735701,6.0,12.428912781,1.5607797422,0.0,0.0330306031,0.0198269206,0.0310165918,0.4273566276,2.7741531194,2.4580211e-08,1.6591026e-08,0.4970286531,0.247037482,-0.059249009,0.0371201397,-0.197184052,-0.280742651
34948,0.3682282399,-0.086847584,7.2132361808,0.0153252969,0.4173987916,0.6923492843,-0.03539802,-0.162318591,0.4595551057,-0.008861502,-0.088881889,-0.189090802,-1.876248798,0.0761000915,0.1890908019,47.0,-0.030211643,-0.360655738,-0.32944314,-0.153518476,0.0087317673,0.1018685818,0.2104223781,-0.082118778,-0.232445072,0.4375039116,0.0,1.3162464586,-0.189820241,0.6867344027,-0.106225207,11.55616318,15.763788151,-0.115284183,0.0,0.0,0.0,0.0,0.0,0.8945588141,4.0,-0.264060343,-0.203143471,-0.343677431,-0.217699357,0.1090001682,-0.035072517,-14482.42654,0.2179887911,14.221669172,0.0087060443,0.027888412,0.0548555095,0.0466320394,0.2015559555,0.011600077,0.0,0.0098144953,1.5800644473,-0.019954981,4.0,15.267958119,2.8990101911,0.0,0.0681875944,0.0289939932,0.0427876298,0.2060839599,2.2543878266,1.5439875e-09,9.0120586e-09,1.5791869988,2.4938315772,-0.001646191,0.0469058824,-0.042263142,-0.216696311
13936,0.779674841,-0.187258437,-1.377124658,0.0004450293,1.4119955378,1.1756355349,-0.012880512,-0.024759739,0.3001907417,-0.015686166,0.095263057,-0.136217943,-1.614118475,0.1149988661,0.1362179428,47.0,-0.014752363,-0.175,-0.280189727,-0.151448386,-0.006003034,0.125663011,0.0791765282,-0.016249725,-0.186044911,0.3193053146,0.0,1.5271452912,0.0623247737,0.9783921933,0.2988933414,4.3191231682,10.699969997,-0.100194653,0.0,0.0,1.0,0.0,0.0,0.6833519745,3.0,-0.279811483,0.0382350468,-0.158021693,0.1937472439,-0.00750376,0.003826258,-9517.248557,0.2179887911,15.388213172,0.0040581722,0.0218561728,0.0555754252,0.0278793773,0.1013342697,0.0159454224,3.0,0.0061282356,1.737813265,-0.084881777,2.0,16.977534377,5.67554248,0.0,0.0648204833,0.0348662982,0.0502904162,0.4080760647,12.484982391,2.553093e-10,3.6944611e-09,2.333004802,5.442911406,0.0179023129,0.0574184282,-0.266277962,-0.216696311
64785,0.4723744536,0.0351349004,0.1696327557,0.0693049204,0.4127949372,0.5777585312,0.1468268557,0.236062682,0.1367805719,0.0043492165,0.9126476008,-0.276707303,-6.323801937,0.2573210513,0.2767073025,40.0,0.0,0.2764298094,0.6410498877,0.6768011169,-5.206028647,0.2268552625,0.0998259328,0.0024572343,-0.054773927,0.8567005542,0.0,1.9784343341,-0.32434278,1.9784343341,-0.32434278,0.8587336828,5.7636668234,0.1334326931,0.0,0.0,0.0,0.0,0.0,0.1965694814,6.0,-0.052627478,0.4643386243,0.2706690646,0.3017873404,-0.901776571,0.2126794634,-4782.033276,0.0915965863,13.292092422,0.0026918556,0.0190079894,0.0365797505,-0.00442228,0.7853896173,-0.001958697,0.0,0.0075133301,0.2285691787,-0.0587657,3.0,13.471258947,1.512098383,0.0,0.0446229689,0.0175053206,0.0250944889,0.3714437641,3.2259706964,3.4287424e-09,1.2919956e-08,0.4900882623,0.2401865048,-0.086257258,0.0394507657,0.2216322534,-0.121276863
91556,0.082939429,0.0021520234,6.5294790524,0.0025558523,0.2376099557,0.3158537081,0.0706221266,0.3604372828,0.3419031367,-0.000762385,0.5740593189,-0.195824172,-25.30452554,0.0566079549,0.1958241719,36.0,-0.029307856,0.012972973,-0.218685207,-0.344188944,-0.122810016,0.062851631,0.0222745456,0.0096919601,-0.02042391,0.7008395027,0.0,1.6870268032,0.3278367219,1.3066463022,1.2058708743,2.5548531663,108.90668046,0.0583312063,0.0,0.0,0.0,0.0,0.0,0.9216110506,4.0,-0.003806375,-0.41668078,0.1371643585,4.4627317721,0.1382310901,-0.729447461,33713.311408,0.1259346863,17.208363466,0.0090453441,0.0282251089,0.0986248414,0.0204812605,0.3787356815,0.0300403524,0.0,0.0028268551,2.4406799389,-0.017604356,5.0,17.819609718,2.34422516,0.0,0.0957283601,0.0615544089,0.0465020501,0.5661754043,19.910971762,7.39479e-11,5.9026428e-09,1.2524220457,1.5685609805,0.0668325877,0.0364315163,-0.08339337,-0.232879901
50948,0.1512855416,0.0129696581,13.32511962,0.0,0.0829559709,0.1288493733,0.0954657271,0.0281908682,0.367860947,-0.010036802,0.0210962255,-0.055306659,-0.985376358,0.0257496525,0.0553066593,47.0,0.0135711057,0.0043227666,0.086947866,-0.050407407,-0.011784848,0.2163698216,-0.266728059,0.0431105828,0.0321868251,0.422191067,0.0,4.3325271737,-0.072430171,3.5340275433,-0.10091144,2.1265950794,8.4494058183,0.2420099633,0.0,0.0,1.0,0.0,1.0,0.5640161665,6.0,0.2101212031,0.104169528,-0.03325891,-0.252176756,0.3689195603,0.0080356743,-11748.20129,0.0642905452,15.218736957,0.0013721741,0.0312971589,0.0485970834,0.0074600332,0.2560108802,-0.038204784,3.0,0.0002352111,1.2607733854,0.0120597957,7.0,15.538013881,1.4166482876,0.0,0.0509158559,0.0330758819,0.0430256504,0.2457672764,1.4269932346,1.3267703e-09,1.7007344e-08,1.141057841,1.3020129966,0.0392504778,0.0414879989,-0.611738073,-0.209159143
42585,0.5725187501,0.0617489884,4.4602306868,0.0282003254,0.5749568592,0.5639149027,0.0872571224,-0.040435111,0.1980271532,-0.050266058,-0.070630446,-0.041419834,-0.785918065,0.1102786338,0.0414198336,47.0,0.0038851768,-0.02739726,0.0258556595,0.0579557683,0.0206690041,0.210636809,0.0013167991,0.0096167444,-0.008069931,0.1472920561,0.0,0.6771403662,-0.455219002,0.3423888405,-0.4956327,23.189510287,14.994753607,0.1567752333,0.0,0.0,1.0,0.0,0.0,0.3886630285,7.0,-0.096613518,0.0930557728,-11.08010196,0.4197853802,-1.472740847,0.0688750477,-2165.576485,0.0426379215,16.425387667,-0.000584771,0.0127068722,0.0252132725,0.0012017896,0.0097593715,0.0022471253,2.0,0.0031743448,1.0310341968,0.0640466893,6.0,16.736573025,1.8487165518,0.0,0.0296080541,0.0275578969,0.0309354772,0.2277714436,2.8225623879,1.076827e-10,9.6778725e-09,0.0751433281,0.0056465198,0.9550833609,0.0285354757,0.0425549089,-0.053101737
76081,0.445870533,0.1006958554,3.4153092671,0.0138561484,0.5655294174,1.8796207686,0.1425926576,0.1529297613,0.3448406469,0.0030254171,0.0817571254,0.0214702804,0.2021452645,0.0803406651,0.0214702804,38.0,0.1051187441,0.393258427,0.5080167773,0.3413494966,0.1476417479,0.1945616139,0.0985842524,0.1428889744,0.2595334389,0.3773628351,0.0,1.56203835,0.1258873274,0.7990589402,-0.126390122,27.450892121,12.966591293,0.2497108403,0.0,0.0,1.0,0.0,0.0,0.8192925025,7.0,28.751655584,0.4902753646,0.0841477917,0.0528408998,-3.508542845,0.0640249618,-14116.52109,0.0580772554,15.245972312,0.0063742531,0.0364049889,0.0829072609,0.250548438,0.0436744757,-0.001627803,4.0,0.0102981561,1.9821871561,-0.06748498,4.0,16.617137149,4.6167073163,0.0,0.0799650848,0.0433876642,0.0580794566,0.3650421791,9.3587743609,3.613067e-10,4.243236e-09,1.6347432764,2.6723855797,0.0048663119,0.0572234756,-0.140349114,-0.209530018
60580,0.1146087288,0.0408083745,19.365479374,0.0111947244,0.1777185395,0.394223155,0.1959899278,0.0290590167,0.5039232757,-0.022094569,0.0268108606,-0.0502953,-0.355199083,0.0553034717,0.0502952999,47.0,0.029618777,0.0574867597,0.1715126824,-0.016681164,-0.058034232,0.1790377505,0.0236338034,0.044128615,0.0325646647,0.45230003,0.0,1.5892794063,-0.0473138,0.8014938865,-0.115192478,9.7619991519,12.761366383,0.2890360696,0.0,0.0,0.0,0.0,0.0,1.2632881485,6.0,0.0017607932,0.0323025134,-0.166847328,-0.236080061,-1.319846525,0.148670767,-1055.622688,0.0363924557,15.973525635,-0.002516799,0.0202516872,0.0485847631,0.0119173436,0.1381446389,0.03278921,0.0,0.0005237247,0.7726307547,0.0089940113,7.0,15.845156128,1.120339291,0.0,0.0270235389,0.0218175253,0.0308912967,0.2999930796,1.346129855,5.61751e-10,2.2578154e-08,0.684647166,0.4687417419,0.0020633261,0.0279388182,-0.084019601,-0.155344743
80179,0.2294541263,0.0797112808,3.9310744603,0.0279126444,0.1853184558,0.138303181,-0.200651861,0.1039661709,0.080453485,-0.005615057,-0.036768763,0.0595155589,0.2951030928,0.0561882353,0.0595155589,38.0,0.0,0.0310559006,0.0023077496,0.2125733064,-0.058742123,0.1555769462,2.8035475113,-0.009067877,0.2516670091,0.4346243891,0.0,1.8348374158,0.2145469138,1.8348374158,0.2145469138,0.8906136309,10.136010038,0.4455181667,0.0,0.0,0.0,0.0,0.0,0.1648891462,5.0,0.1980687638,0.0819882021,0.0785858011,-0.408166763,12.351543013,-0.301277287,-2442.644033,0.0984150309,13.417270942,0.0018315184,0.0688009191,0.120385051,-0.000720597,0.4189590184,-0.001065229,1.0,0.0109001635,-0.380260355,0.0605842294,5.0,12.074790911,0.2405980651,0.0,0.1038570926,0.0415549887,0.0484198326,0.5815854616,0.433140193,7.3020924e-08,1.4002855e-07,0.634439778,0.4025138319,0.3274962132,0.0684083558,0.4285241188,0.0353264004
80857,1.0410371806,0.0609550313,-1.641364754,0.0397850934,1.6692392328,6.1897983704,0.0365217616,-0.028990351,0.61716615,-0.000481,-0.06120269,-0.036239506,-1.635390617,0.1606403175,0.0362395057,47.0,0.0005519382,-0.165844141,0.1250896323,0.4181119194,-0.009449176,0.0626723972,0.1581882187,-0.004495678,0.0275427299,0.4990669795,0.0,1.2890677838,0.0635397176,1.0091271431,0.058632475,17.455594339,119.63526015,0.0958455265,0.0,0.0,1.0,0.0,0.0,1.688435845,6.0,0.0002983395,-0.289967452,-0.320449521,0.5058005059,-0.664277056,-0.008604471,-11425.77265,0.132579171,12.399556742,0.0020069456,0.0082429325,0.021459969,0.01257519,0.1183377514,0.0111568074,0.0,0.0122449948,0.1165894514,-0.019620065,3.0,11.610673149,0.5621861345,0.0,0.0396260619,0.0164136572,0.0230194053,0.221125698,0.5363800993,2.3925417e-08,4.2158147e-08,0.0755271794,0.0057043548,1.0125968246,0.0312522658,0.2394615712,0.3385037207
59627,1.2377890343,-0.050985386,-105.4894458,0.0,1.6183976837,3.490283195,0.0232199881,-0.100408657,0.431830609,0.0130456917,-0.158303039,-0.075984365,-4.494175627,0.178151894,0.0759843653,47.0,-0.038321693,-0.060606061,-0.200289957,-0.024256285,-0.024755556,0.093638602,-0.00748918,-0.051851905,-0.011510818,0.4605875108,0.0,2.3055731476,-0.007380852,0.5743689496,-0.039032886,380.08706468,15.303986378,0.0369493559,0.0,0.0,1.0,0.0,0.0,1.0668576015,3.0,0.070344201,0.0289065296,-0.032746782,0.5383023898,-1.048513506,0.1034833408,-1725.321092,0.1460543126,10.849849592,-0.000674692,0.0088379291,0.0232631634,0.0020576655,0.0126153267,0.0497508626,0.0,-0.075301205,0.3584096117,-0.024909789,1.0,9.0113331707,0.1141266095,0.0,0.068592079,0.0286878147,0.0423083774,1.0290111676,0.3114983896,3.5981985e-06,2.7716499e-07,0.8784163507,0.7716152852,0.134902213,0.0560027411,-0.097541291,-0.354566937
81190,1.0100801462,-1.217104178,-1.9711765,0.0,7.7537439533,9.9809712579,-0.048904738,0.1093603787,0.6230711363,0.0168944216,0.1768610951,-0.22503474,-1.540506744,0.6578530162,0.2250347397,46.0,0.0,-0.087719298,-0.175545838,-0.07231671,0.0270610279,0.1688243009,-0.371551237,0.1173969285,-0.229765951,0.7101553888,0.0,2.1763155461,0.1233006942,2.1763155461,0.1233006942,13.865921128,6.7427983202,-0.129393157,0.0,0.0,1.0,0.0,0.0,3.6899334052,4.0,-2.965080122,-0.693227548,-0.302543729,0.9322109516,-28.66843977,0.6602459626,-14570.69751,0.03476008,11.791708209,0.0008393806,0.0053756466,0.0447172293,0.2308900414,0.3079614308,-0.004885861,1.0,-0.00304878,7.1700243535,0.1296949349,4.0,9.9231470106,2.7231398102,0.0,0.3756446242,0.117312144,0.0152312976,1.6491680627,87.486380309,4.1490313e-08,2.8799431e-09,1.8075561964,3.2672594032,0.3100491259,0.0923104728,0.7834918664,-0.04399803
55976,0.2041898779,0.0340884183,11.373445127,0.015431885,0.4162395206,1.4052527805,0.0935178326,0.0676589357,0.624833506,-0.004057556,0.0646818507,-0.092287997,-1.670170244,0.0910218802,0.0922879971,47.0,0.0021022882,0.0454545455,0.0680959523,0.0311767925,0.0041930295,0.1015221033,0.1739584689,-0.096539039,0.0837830961,0.4188411816,0.0,0.9721733499,0.2235926105,0.4869987587,1.1808550711,31.392424328,85.471608349,0.1541818273,0.0,0.0,1.0,0.0,0.0,1.9479971608,7.0,0.0087081399,0.1525593941,0.0360345702,-0.140916117,0.2004823652,-0.710622989,219564.77791,0.3504378997,19.262011872,-0.003583629,0.01301603,0.0385575383,0.0140138702,0.0657992003,0.0375165939,0.0,0.0004684781,1.5038103194,-0.039801465,4.0,19.199430211,0.7301594829,0.0,0.0285235029,0.0317619809,0.0269804582,0.4834642162,3.5770237477,8.999066e-12,2.1065731e-08,0.1625069052,0.0264084943,0.5237460286,0.0262909855,-0.068208643,0.1717752917
82924,0.3432178952,0.0466274461,7.2920181435,0.0241974858,0.7407088847,0.610614297,0.0633746808,0.0876185072,0.4441137543,-0.000286446,0.0536773489,-0.063993815,-1.427712875,0.1131980512,0.0639938155,47.0,-0.00032531,0.0724637681,0.0600704456,0.0530015604,0.008356301,0.4107604657,0.3009569622,0.0145418099,0.1688763357,0.1614362102,0.0,0.5321657236,-0.197529498,0.4891533835,-0.206080084,20.575684354,6.231327691,0.1368445498,0.0,0.0,0.0,0.0,0.0,1.4876674121,6.0,0.1273093608,0.1190888792,0.1199936686,-0.294402994,-0.844363905,-0.244267471,444.88848674,0.0984150309,14.720393733,0.0048228632,0.0166429761,0.0519220154,0.0139177209,0.0303254811,0.0172225014,1.0,0.0053535167,-0.149269634,0.044256346,7.0,14.800422958,0.9638668667,0.0,0.0282550491,0.013623872,0.0256635504,0.3595856571,1.6505309233,1.4389932e-09,2.6592585e-08,0.8482495116,0.7195272339,0.0931052998,0.0346883264,0.2017397155,0.0353264004
83011,0.1677734682,0.0691659315,5.1697030084,0.0165941985,0.305864114,0.6892257038,0.2742329216,0.1498213388,0.6996232402,-0.010332266,0.0681492537,-0.136340157,-0.87281002,0.1295346496,0.1363401567,38.0,-0.021627071,-0.222222222,0.1500813495,-0.136224887,0.0688630522,0.0962573148,0.0742472999,-0.039254157,0.336061528,0.6225771734,0.0,1.335,0.2239195078,0.7904659091,0.9421704104,5.651070491,47.194624569,0.2983205915,0.0,0.0,0.0,0.0,0.0,2.2818693056,8.0,-0.032958962,-0.075816252,-0.223194617,0.1310650366,-0.750302886,0.0038964262,-14118.8168,0.2560171468,16.008098334,0.0030468518,0.0587801708,0.1634380656,0.0207802604,0.1467166549,0.0665548158,2.0,0.0010229904,1.3108009087,-0.024920882,7.0,17.325444783,5.0560233459,0.0,0.1306313872,0.0563011484,0.0615211252,0.4605651856,17.043688036,1.441841e-10,3.4280889e-09,1.3564523352,1.8399629377,0.0597774278,0.0580844627,-0.494722893,-0.359949562
15456,0.6098383238,0.0710854488,0.0046370024,0.0160657516,0.9390761919,1.661154698,0.0394392523,0.0689027166,0.3313097587,-0.004751027,0.036686103,-0.108421362,-2.287925697,0.2337236737,0.1084213615,47.0,-0.04181338,0.0049608816,-0.057089319,-0.294713082,-0.084475761,0.0502283105,0.0446927374,-0.053270603,0.1205014153,0.590216669,0.0,1.7244525547,-0.137050985,1.1630170316,0.1788135278,4.471563981,60.384,0.1190504593,0.0,0.0,1.0,0.0,0.0,0.8774767489,4.0,0.07439151,0.0968250971,0.1291522671,4.9896306669,0.2586237481,-0.552331743,-1418.080202,0.1259346863,14.968941835,-0.00569963,0.0208305867,0.0473621103,0.0172273814,0.1641700158,0.1079108093,0.0,0.0121669813,3.5466996685,-0.056662437,6.0,16.422458132,6.5649102388,0.0,0.0664672628,0.0343675935,0.0490502164,0.4114638472,15.219565404,3.526369e-10,3.1040759e-09,1.410149795,1.9885224444,0.0233301293,0.055382684,0.0091848068,-0.232879901
40539,0.0756029837,0.001172668,5.674678322,0.0040437409,0.3238009094,0.4165578342,0.0222142319,0.276187665,0.3642950469,0.0046685014,0.372817383,-0.162719662,-43.17241379,0.0591309969,0.1627196623,47.0,-0.019476603,0.1188811189,-0.229643078,-0.517375984,-0.079859218,0.0620812893,0.029701198,-0.00890412,-0.019422307,0.671838215,0.0,1.4568512287,0.1716667436,1.0553774885,0.8780869532,3.0695589217,64.609765561,0.0445243191,0.0,0.0,0.0,0.0,0.0,1.4452859111,4.0,0.017312598,-0.471726715,0.2430725044,4.4553953268,-0.127238784,-0.726924419,71186.952458,0.1259346863,18.128438544,0.0065482568,0.0355412622,0.1596844647,0.0308724528,0.225852122,-0.006491019,3.0,0.0006107803,1.1842833118,0.0547517324,5.0,18.207579375,1.4920848568,0.0,0.0711870492,0.0326076935,0.0412547684,0.4015045968,4.1787771195,4.900147e-11,1.2356966e-08,1.1784009224,1.3886287339,0.0641580957,0.0331896406,-0.111211744,-0.232879901
10501,0.4445743818,0.0351657896,7.2206460893,0.0,0.534771583,1.0436776425,0.0735239022,0.0084470972,0.2555296197,-0.007443729,-0.031064723,-0.057067118,-1.582628525,0.0908201712,0.0570671183,35.0,0.0174551747,0.0101010101,0.0567649074,-0.324281508,-0.077108127,0.2815549325,0.0336387233,0.0229928901,0.0604649569,0.278402772,0.0,1.7785680912,-0.14889392,1.1422155892,-0.166874794,19.150047765,11.874865524,0.1706748111,0.0,0.0,1.0,0.0,0.0,0.5589232847,5.0,-0.07695159,0.0155234773,-0.004230795,-0.084114447,0.0722283422,-0.015539178,-1814.116554,0.0795592663,13.668190492,-0.004568175,0.0012770629,0.0027540324,0.0040209942,0.0050177379,-0.003261949,0.0,-0.004218795,0.7493117042,-0.042428745,3.0,13.700617834,1.4503033225,0.0,0.0583521724,0.0275906508,0.0493319779,0.4176981859,3.3647048586,4.6199288e-09,1.4871337e-08,1.7528288639,3.0724090262,0.0916223078,0.0505013389,0.1357480857,-0.043173128
70228,0.7326278849,0.1153419486,-0.829982749,0.0106488606,0.8574813619,1.2363945098,0.0854620476,0.0426647742,0.1861943533,-0.050661124,0.009634331,-0.041542086,-0.563201528,0.1803027102,0.0415420865,36.0,0.0241016657,0.1333333333,0.2371324117,0.7907185749,0.1143891165,0.0949079596,0.3533159015,0.0086934142,0.0861064133,0.574381871,0.0,17.649808166,-0.233693188,3.1367620443,-0.185687218,5.3192717761,105.87764073,0.1472847969,0.0,0.0,1.0,0.0,0.0,0.3912408325,7.0,4.9691646018,0.0578073395,-0.014929353,-0.030253927,-0.602965935,0.2626863576,1622.4648184,0.1027605208,15.593860634,0.0052129398,0.0332322478,0.0743468656,0.0693339561,0.1456010435,0.0045876975,3.0,0.0076450058,2.4795351798,0.0604325091,4.0,16.653992482,3.2864978793,0.0,0.0797036216,0.0365276975,0.0470956198,0.3610442334,6.8440735787,3.852639e-10,6.9134179e-09,1.8113318236,3.280922975,0.0174865451,0.0502571538,-0.177505639,-0.302339208
10514,0.020038996,-0.052378625,12.228907451,0.0,0.5895017732,2.1310106221,-0.135345989,-0.445469663,0.1666973396,0.061123348,-0.530469177,0.132762163,2.440647482,-0.180216383,0.132762163,35.0,-0.099485759,-0.122580645,-0.514182276,-0.161171088,-0.316159351,0.4269461078,-0.474931693,-0.340318584,-0.67021041,0.4642414775,0.0,1.5373477132,0.1125009574,0.3133113641,0.4993761563,52.905111928,58.257910228,-0.025573694,0.0,0.0,1.0,0.0,0.0,3.2325581395,3.0,0.0827108319,-0.465773726,-0.12355304,-0.016669436,-1.238775393,-0.305854607,-23820.5596,0.2560171468,9.1545696931,0.0510621961,-0.019247898,-0.069873817,-0.186416485,0.0591389115,-0.002573267,0.0,-0.004136505,0.2834669316,-0.123600176,0.0,11.04978715,2.0107913669,0.0,0.1411043108,0.1061623108,0.1335968685,1.287721793,6.5153305031,2.2675371e-06,1.5058024e-08,1.1429828769,1.3064098568,-0.521423559,0.1675317781,-0.308265732,-0.359949562
10645,0.5537270872,0.1581472455,1.5908243973,0.0,0.0766139749,0.7162710658,0.5015859566,0.407625371,0.8170112167,0.0016307075,0.1849090782,-0.046463043,-0.158377485,0.1831942086,0.0464630427,35.0,-0.003384448,0.0934937124,0.4748304873,0.1358857352,0.5790615769,0.1615156995,0.21328237,0.0124239223,0.4452099892,0.714871474,0.0,8.0296219306,0.3018316458,5.1822138496,0.8851433833,3.0230435775,6.7082946587,1.3594090354,0.0,0.0,0.0,0.0,0.0,0.9546159996,8.0,52.112461734,0.3353615774,0.0125879423,0.7511266327,-0.362860214,4.164304914,-7300.644851,0.0357482652,11.824400678,-0.014071621,0.0202457463,0.0231218951,-0.070238244,0.3825851521,0.0947354258,0.0,0.0004782401,0.5089010847,0.0047998114,5.0,11.773469631,0.8358753748,0.0,0.0381007977,0.0162441852,0.0334030806,0.4900068549,1.9707110543,3.4498432e-08,2.6497146e-08,0.0430387927,0.0381733109,1.0608579641,0.0875425468,0.1710680674,-0.251074085
11154,1.0564057672,0.0711147412,-1.524553584,0.0,0.3766007069,0.8512902255,0.097294751,0.0892287545,0.2166671436,-0.049320536,0.2997751377,-0.07679956,-1.719111255,0.1933688931,0.0767995604,35.0,-0.001627468,0.0,0.0886842679,-0.236743835,0.0381256135,0.1287446556,-0.122834916,0.0941615005,0.0232681791,0.6425766441,0.0,3.1258714263,-0.106630485,2.8122204056,-0.092338672,2.3991072397,3.183215918,0.5614216754,0.0,0.0,1.0,0.0,0.0,0.3175988432,5.0,-0.912537741,0.0085006703,-0.724892405,0.9133206795,-2.000734665,0.3118336856,-18062.82,0.0740556467,14.091814418,0.0043999993,0.0154561278,0.0242220244,0.0410433722,0.2137765202,-0.166356245,4.0,0.0061585835,6.6798845541,0.2753120353,6.0,14.30140015,2.1984545705,0.0,0.1875000447,0.0544470333,0.0537919935,0.8487941778,13.361786731,3.4047414e-09,7.4330875e-09,1.1058507173,1.2229058089,0.0252116913,0.0524175278,0.6700951262,-0.209159143
11343,0.4373654758,0.1075754089,4.3281099561,0.0092896247,0.1169610052,1.1345574912,0.3399753581,0.268249694,0.5834077417,0.0035504022,0.1513316797,-0.080301111,-0.370024325,0.147380927,0.0803011113,35.0,0.0290658416,0.0124390943,0.3466031024,0.0611461631,1.5547615951,0.1343084469,0.0843200375,0.0999388328,0.3036526447,0.6261224013,0.0,3.5147202997,0.3624385692,2.3791621773,0.8505209423,10.924714173,20.569353733,1.3483719683,0.0,0.0,0.0,0.0,0.0,0.7582790626,8.0,0.1610658484,0.290201321,-0.060064019,0.3664036091,-0.924705071,0.1416749626,-11364.2389,0.0431411127,15.309052653,0.0240315062,0.0853053028,0.110026553,0.1096080683,0.1873487495,-0.002103668,3.0,0.0125098971,-0.071332794,-0.015263639,4.0,16.087822363,2.2126941458,0.0,0.028330477,0.011929947,0.0174710018,0.5123678397,10.145143754,2.18819e-10,8.7408332e-09,0.3667762293,0.1345248024,0.171152884,0.0434784024,-0.091760618,-0.053101737
11174,0.4066401549,0.1041615407,152.30105075,0.0,0.415512482,0.8085504699,-0.097596871,0.2320237246,0.4928820183,0.0010575616,0.1403155163,0.2120346456,1.5169309984,-0.053844329,0.2120346456,35.0,0.0615636432,0.0571428571,0.2374807042,-0.101892195,0.0059630064,0.0390992147,-0.074685869,0.0791474606,0.3427520741,0.6667152534,0.0,39.193870826,-0.090420773,34.675911687,-0.139854777,279.31731766,1.2857326973,0.2766592937,0.0,0.0,1.0,0.0,0.0,1.0642075735,5.0,0.0453407967,0.2930944244,0.0628297369,-0.016182301,-0.134825446,-0.284299655,-5692.012556,0.4119188279,13.445496774,0.0003154909,0.0259950042,0.0555145917,0.065362031,0.0021743314,0.0117557914,0.0,8.3689e-05,0.9741716707,-0.10249385,3.0,14.14862665,3.2982318477,0.0,0.3076118827,0.0773067077,0.06220514,0.8151488673,26.403496961,4.5006325e-09,4.7424332e-09,1.8210243001,3.3161295016,-0.012333649,0.0547054475,0.5075495987,0.026034953
12266,0.0594683856,0.0085772299,6.8181734691,0.0060389451,0.1436479449,0.0733394463,0.1266802657,1.4671064858,0.3044043858,0.0811925712,1.8570080945,-0.107040442,-1.781127364,0.0238543686,0.1070404417,30.0,0.0052957414,0.1321585903,0.6057753509,-0.490142674,2.0062880864,0.061500374,-0.06078125,0.1243449173,0.8555401728,0.8447465519,0.0,2.9294575392,1.1803167736,2.7621095072,1.5134744451,0.5642115175,3.8417888916,0.1157011101,0.0,0.0,0.0,1.0,0.0,0.754189144,6.0,1.7091720016,-0.11138391,-0.045845968,-0.184383553,7.5312663247,0.1106017316,-4439.268676,0.0232852488,13.624785288,0.0,0.0130188407,0.0789049198,0.0026715521,0.5426404135,0.68528502,0.0,0.0009778357,-0.475591289,-0.027228506,5.0,14.240152309,2.200835557,0.0,0.0800000355,0.048512639,0.067378853,0.3386555421,5.3752440438,4.4809526e-09,7.7886277e-09,1.8658782976,3.4815018213,0.0237028757,0.085075839,-0.998590142,-0.317329651
12146,0.0516076248,0.0025150727,26.696014508,0.0,0.1400867714,0.2851342111,0.016198044,0.3296226688,1.0013011421,0.0539797281,0.3064861012,0.0845227752,5.1699878411,-0.011679108,0.0845227752,34.0,0.0,0.3566433566,0.2775892663,-0.186980964,0.0157009118,0.0810348368,-0.332960513,0.4040183934,0.3967657014,0.6342240223,0.0,1.127779266,0.0097956901,1.127779266,0.0097956901,8.7561339876,5.8746063556,0.0868636925,0.0,0.0,0.0,0.0,0.0,3.9071079353,4.0,1.4872186051,-0.292118841,0.1786387981,-0.192244314,6.4215762044,0.0750682546,-5602.518401,0.0232852488,11.513553281,-0.00011646,0.0098548456,0.0367471478,0.0126577555,0.1631963408,-0.133878518,2.0,0.0010235415,0.3160187889,-0.00725967,6.0,8.5548126009,0.0898042696,0.0,0.0837004632,0.0282855724,0.0223992477,1.0850546412,0.3012628885,1.4044073e-06,4.0676379e-07,0.8896529036,0.7914822888,0.1635893527,0.0684018968,0.0926855982,-0.317329651
13628,0.0593659699,-0.005115204,13.431520337,0.0,0.0985361463,0.0782046988,-0.04090821,0.2790411018,0.5028873894,0.0472965974,0.2565382716,-0.199664546,-5.491153591,0.0229731677,0.1996645462,9.0,0.0,0.0245901639,0.1904468619,0.013931498,0.0186984205,0.2098740323,-0.056657738,0.0516396936,0.3182251239,0.5757107769,0.0,1.1212831407,0.0759125487,1.1212831407,0.0759125487,1.220029639,4.1821432584,0.0017540751,0.0,0.0,1.0,0.0,0.0,1.3508904503,6.0,-2.872341888,0.0586465219,-0.190234267,-0.018503225,-28.49380263,0.0253661141,40615.729166,0.03476008,17.252837361,8.57868e-05,0.0047633024,0.0112234003,0.0030580601,0.3771864348,-0.022033112,0.0,0.0008276433,2.2681189253,-0.04424004,6.0,18.129396416,3.0052378559,0.0,0.0603187233,0.0381396163,0.051217998,0.4137803972,12.464562055,5.222155e-11,4.8758419e-09,1.017159549,1.0346135481,0.0363186177,0.048208639,-0.629017461,-0.146789762
14609,0.2677832072,0.1195642992,5.0629982449,0.0,0.5968506413,1.8995349527,0.222994391,0.0716413602,0.8080601193,0.0075526608,-0.09916603,-0.230826978,-1.613438389,0.3124739295,0.2308269776,7.0,-0.050210613,0.2962962963,0.6378219339,1.0914540942,-0.060742432,0.0652820145,0.0923823299,0.0004654248,0.8560235064,0.5720063815,0.0,1.4274979334,0.296014898,0.3571196159,4.8610737875,22.155925219,154.01168736,0.2352319042,0.0,0.0,0.0,0.0,0.0,4.4870406646,7.0,-0.032803902,0.5271870973,0.2953239012,0.2310747757,-1.009911079,0.1868357062,-23196.29464,0.2560171468,12.941763526,-0.003096295,0.028880957,0.0939911525,0.0201570858,0.0031078391,-0.01178038,2.0,-0.00405562,4.0964827687,-0.071920079,5.0,14.070702582,3.5873544722,0.0,0.0650684536,0.0363794312,0.056149613,0.3038014647,4.983739517,4.1449964e-09,6.2837916e-09,1.0194605651,1.0392998438,-0.044191543,0.0713844952,-0.40125136,-0.359949562
14182,0.0281268915,-0.01310251,10.145909242,0.0,0.3822644962,0.3488358145,-0.010166226,0.2122386353,0.4439808011,0.0069164265,0.2468810887,-0.070413208,-2.012388048,0.0132648244,0.0704132081,8.0,-0.005892549,0.1906170213,-0.208939726,-2.289118508,0.0203934161,0.0570846795,0.0151520555,0.037158248,-0.120032415,0.6023369342,0.0,1.4908681493,0.5377072329,1.0509692422,1.4001840055,4.1561428784,20.449725219,0.0011598967,0.0,0.0,1.0,1.0,0.0,4.5172839483,4.0,-0.008458757,-0.221163803,0.3148084068,4.4079192346,0.2406273418,-0.772790592,10561.567938,0.1259346863,16.224657016,0.0004102017,0.0019476579,0.0201555436,0.0345217757,0.1637803427,0.0676689848,0.0,0.0003981324,1.8410596857,0.0942057641,3.0,17.319347934,3.6047695443,0.0,0.0868897736,0.0509606188,0.0620488283,0.4199628273,11.535123097,1.528571e-10,4.6378691e-09,1.0979831876,1.2055670803,-0.000556927,0.0483962889,-0.332336861,-0.232879901
14141,0.2768531386,0.0375241932,14.197386364,0.0157996603,0.7488679902,1.2668454901,0.0791042081,0.2148163872,0.2061133517,0.0,0.2700974421,-0.104657849,-2.612440191,0.1355539038,0.1046578493,8.0,-0.001150086,0.0833333333,0.1061294874,0.2307882681,0.0539660921,0.5203488372,0.1161681165,0.0072171513,0.0882145378,0.1905532064,0.0,1.0109803922,-0.202527355,0.9498039216,-0.20402762,40.090909091,7.3347193347,0.104091214,0.0,0.0,1.0,0.0,0.0,0.5991531404,4.0,-2.945261648,0.067575973,-0.131491098,0.198983944,-27.05987013,0.1379468502,-9028.553344,0.03476008,15.394837215,-0.000170213,0.0120237087,0.043881335,0.0156327553,0.025862069,0.0041939957,0.0,0.0035642682,1.2818444228,-0.007196992,4.0,15.578401131,1.5453571343,0.0,0.0363373421,0.0182362763,0.025000536,0.3021505695,2.0796768758,6.409901e-10,1.9257449e-08,1.0267752217,1.0542673559,0.1565923842,0.0382859743,0.0997054808,-0.146789762
14231,0.0539155363,0.0090401161,23.466790661,0.0,0.0185501066,0.0348538515,0.2615626996,0.3408301079,0.4714393182,0.0198596877,0.2863227771,-0.064405048,-0.450655003,0.0131140897,0.0644050484,8.0,0.0,0.2870608398,0.3269578953,-0.120575518,-0.01215247,0.2663995586,0.3935571655,0.0048195752,0.3606677257,0.7091335614,0.0,3.2276269918,0.1618769115,3.2276269918,0.1618769115,0.8806480543,2.3954966783,0.5908711118,0.0,0.0,0.0,0.0,0.0,0.6430168456,5.0,-2.952812796,0.079238358,0.0722364086,-0.023953658,4.0239871179,0.0155070361,27436.343736,0.03476008,16.98688148,0.0076876006,0.0315896452,0.0404065193,0.0020238297,0.6982915445,-0.002732759,0.0,0.0002839027,3.3438846989,-0.111836508,7.0,17.291043539,1.6928632277,0.0,0.065708667,0.0373228336,0.0513551246,0.2209332719,1.8109075654,1.712443e-10,1.2215305e-08,0.5740767153,0.329564075,-0.037227972,0.0467847549,-0.367412359,-0.146789762
14296,0.6845526957,-0.678783209,-14.45572941,0.0,2.7579490447,2.273363862,-0.110916343,-0.081031846,0.2610418932,0.0109579659,0.152102176,-0.116729906,-0.618105379,-0.259223657,0.1167299057,8.0,0.0052729537,-0.352864583,-0.413972233,-0.197986005,-0.078417042,0.0596410962,-0.245799907,-0.006544264,-0.493752867,0.3682036529,0.0,1.3449768913,0.0628171179,0.5151787886,-0.028049665,58.212867355,6.8972332016,-0.237246091,0.0,0.0,1.0,0.0,0.0,0.6848830096,2.0,-0.458012102,-0.338171163,-0.335886276,0.0986250987,0.1092245927,-0.370396265,-15487.54919,0.2179887911,11.445013257,-0.006096701,0.0066879635,0.0403438792,0.1597488126,0.0046001456,0.1377997851,2.0,-0.043523316,1.1729674843,-0.032109316,1.0,9.9478607961,0.2000602426,0.0,0.0571429282,0.0250945096,0.0459050683,0.7609566547,0.7558115624,2.9644594e-07,8.738673e-08,1.9044791644,3.6270408875,0.0456408647,0.0885477566,-0.108190945,-0.216696311
75905,1.0215018861,0.0179991947,-1.303238448,0.0,0.8402791598,1.5710755135,0.0483367315,-0.050192641,0.2900885996,0.0076442408,-0.137535358,-0.020478962,-2.175111489,0.0571494498,0.0204789621,31.0,-0.054149506,-0.592592593,-0.349732824,-0.279111456,0.0156063548,0.1575263024,0.4233097798,-0.089752321,0.035306414,0.4359395026,0.0,3.3433664509,0.499752512,2.3072944911,0.7343762941,5.8395778754,4.1712083264,0.052109708,0.0,0.0,1.0,0.0,0.0,0.542559225,5.0,-0.112470271,-0.216696259,-0.575614285,0.4355742891,-0.241850056,-0.054023158,-14276.15082,0.2179887911,14.004117482,0.0047654992,0.0417741952,0.0772657343,0.1356556683,0.1024788335,0.0140092888,1.0,0.0150034892,1.5561172571,-0.048572186,3.0,14.967051238,2.622975635,0.0,0.0866217092,0.0447312545,0.0594716323,0.2786169029,3.5079971838,2.4053092e-09,7.546747e-09,2.7676534082,8.1041259177,0.0233869326,0.0845527562,-0.051615306,-0.216696311
76052,0.991717421,-0.153685733,-4.002883582,0.0,1.0734672905,1.7032530013,-0.138131388,-0.084954333,0.1418400535,0.0145377734,-0.056859142,-0.072651641,-1.021591206,0.0033182604,0.0726516406,32.0,-0.004652981,-0.202531646,-0.336581468,-0.201352572,-0.188013102,0.1176485192,0.0633707938,0.0202004901,-0.113537903,0.5545435627,0.0,1.9069446411,-0.025411951,1.3348081552,-0.078948435,10.112716418,3.330999764,-0.052794297,0.0,0.0,1.0,0.0,0.0,0.2744791386,2.0,-0.222537136,-0.350842227,-0.509057855,0.3686977326,-13.40367399,-0.093305175,-3029.171225,0.0553124103,11.468413507,0.0104952937,0.0040678802,0.0095066162,0.2155262471,0.0960357889,0.0300660717,0.0,0.0483654432,9.1619678163,-0.147369535,1.0,10.9801323,0.5550788592,0.0,0.1365893781,0.0656929498,0.0818229447,0.6518214631,2.4576164865,1.0601291e-07,2.9262104e-08,0.3135206285,0.0982951845,0.138336545,0.0433924523,0.0317604578,-0.102388065
14544,0.410565546,0.0120336818,4.5652215455,0.0,0.7505003984,1.5852210218,0.0521325841,-0.061170282,0.5440348626,0.0071644741,-0.116879909,-0.074841939,-7.456349206,0.1017610154,0.0748419392,7.0,0.0059616412,0.0392156863,-0.015689549,0.2468857653,-0.010101103,0.2065854185,0.3026373076,0.0235428495,0.061200062,0.3523450772,0.0,1.5744533567,-0.181372478,0.3611179911,-0.396606028,39.879532883,37.99031245,0.0668664281,0.0,0.0,1.0,0.0,0.0,1.6593825169,5.0,-0.078652616,0.1038270186,0.0382432912,0.3738571144,-0.884835631,-0.023877208,-23060.09706,0.2560171468,12.867735384,0.0009707088,0.0066917127,0.0189804091,0.0182984814,0.0350151435,0.0015318146,0.0,0.0,1.4601601045,-0.086146798,5.0,13.00263073,1.2420243012,0.0,0.073793821,0.0401060968,0.0722008637,0.3694326498,2.9805798624,1.5446113e-08,1.5457223e-08,1.9076319592,3.6390596916,0.0398899254,0.1095111367,-0.394348483,-0.359949562
15145,0.055561536,-0.015974608,3.2202449997,0.0,0.4415855733,0.2834883333,-0.051943277,0.4080152835,0.6474123195,0.0626194446,0.2804751108,-0.207872826,-5.531899708,0.0723953223,0.2078728263,7.0,0.0,-0.054740958,0.1070082612,0.0168844036,0.0436996488,0.2129734397,0.3933804495,0.076404883,5.7569441338,0.7016121173,0.0,1.4347748756,0.8100081611,1.4347748756,0.8100081611,1.2943001892,3.375994814,0.0299730948,0.0,0.0,1.0,1.0,0.0,9.1062751267,5.0,-2.788485308,-0.107243739,-0.269565389,-0.022307659,-27.59003818,0.0747882688,-11879.41602,0.03476008,15.135878963,9.23997e-05,-0.009085534,-0.041264398,0.0074377943,0.5040755774,0.0211350131,0.0,0.0003871467,2.683285881,0.0840687556,6.0,16.329991545,3.0447392352,0.0,0.0548733808,0.0289028422,0.0467684945,0.303472334,4.2435359251,4.445306e-10,6.9784829e-09,0.5799007107,0.3362848343,0.0905085693,0.0575212195,0.1110453395,-0.146789762
14939,0.1155573759,0.0273013462,13.131889864,0.0,0.1220620591,0.1508903262,0.1813580031,0.0779994458,0.4655029094,-0.016379259,0.0193828105,-0.057070471,-0.478747204,0.0403717894,0.0570704714,8.0,0.0026668445,0.0287769784,0.170575693,0.0097259206,0.00548311,0.3318129989,-0.204263271,0.0284012192,0.1477100394,0.4489383113,0.0,2.9289533995,-0.061589026,2.3353705118,-0.035332242,2.4078947368,6.4588235294,0.2993180096,0.0,0.0,0.0,0.0,0.0,0.9951471034,7.0,3.88447855,0.0377028966,-0.149803498,-0.159483546,-2.96896756,0.1319777111,24462.109731,0.0345323743,17.092487772,0.0008312552,0.0361353152,0.0752,0.002259843,0.2637193163,0.0038131185,3.0,0.0009998889,1.2270542584,0.0054853081,7.0,17.054940947,1.2563769131,0.0,0.0463976525,0.0254769291,0.0319633203,0.2935241947,2.1585034133,1.400532e-10,1.5339243e-08,0.6018208782,0.3621883694,0.0091573533,0.0355569694,-0.61725895,-0.251074085
76076,0.176770161,0.0453585167,5.945185472,0.0264073849,0.2407843002,0.2133576228,0.1774138285,0.0278747114,0.352682572,-0.004720321,-0.012488364,-0.050564076,-0.459163441,0.0661854892,0.0505640759,32.0,0.0028801664,0.0258064516,0.0104866027,0.046312888,-0.00426029,0.504223711,0.0007357653,0.0037426333,0.0884757384,0.3536090136,0.0,1.4895837301,-0.13403609,1.4302090871,-0.143349025,2.0307353661,4.9101123596,0.2177897574,0.0,0.0,0.0,0.0,0.0,0.8707542194,4.0,-0.01907333,-0.025388989,-0.198527636,-0.173918629,-1.753470891,0.1595527845,219564.77791,0.0363924557,19.044212136,0.0017894172,0.030565043,0.0721986675,0.0041139624,0.2433398277,-0.007641822,0.0,0.0003573343,1.9217813339,-0.064069496,5.0,19.049554217,1.2272443486,0.0,0.0332532786,0.0373539746,0.02791727,0.3899138973,4.5507385584,1.528183e-11,1.3427941e-08,0.5792199631,0.3354957656,0.0338897305,0.0297230694,-0.217143146,-0.155344743
15489,0.7407188871,-0.32427274,-20.08105233,0.0,1.8143939085,3.5282041399,-0.093883527,-0.102050099,0.2357726178,0.0637914613,-0.001755832,-0.150050345,-1.249508677,0.0809088623,0.1500503451,6.0,-0.099485759,0.9263636364,-0.225369423,-0.558012982,-0.164160189,0.1759589598,-0.069863359,-0.140215767,-0.279393706,0.4317117461,0.0,1.3428526231,-0.066372381,0.5121942718,0.8070055723,90.085443237,11.843283336,-0.099976627,0.0,0.0,1.0,0.0,0.0,0.6333150609,2.0,-0.144187103,-0.368723511,0.9144225865,0.7040104556,-0.631825806,-0.044729361,-23554.16171,0.2560171468,11.780165971,0.0011495813,0.0180034604,0.087795943,0.05837139,0.0087303446,-0.086244963,3.0,-0.028901734,2.2488894211,-0.263268028,2.0,13.372432538,3.4858138314,0.0,0.0829492286,0.0528100476,0.072702883,0.2432620096,2.3467050055,3.0119408e-08,8.6428161e-09,2.5797297603,6.6550056359,0.015014645,0.1097937974,-0.501691234,-0.359949562
15535,0.2152579055,0.0391362471,10.10356139,0.0,0.1081987517,0.2916836931,0.177692851,0.2566069036,0.4567751733,0.0388643793,0.2486443031,-0.06582712,-0.488504137,0.0582544657,0.0658271198,6.0,0.0102845505,0.1807228916,0.2844924616,1.0658304898,0.0208982822,0.043263657,0.1955102588,0.0465805104,0.2606477568,0.458083527,0.0,2.8498181793,0.16799437,1.6034863071,1.8967482179,4.0454390932,154.01168736,0.4388862038,0.0,0.0,1.0,0.0,0.0,0.6885790242,8.0,0.0469427053,0.1448035984,0.1713029163,-0.12984809,-0.361785214,-0.743390403,-23820.5596,0.3504378997,14.896295485,-0.002962428,0.0113535642,0.0165712015,-0.007239684,0.1180162163,0.0368186596,0.0,-0.001921372,3.9270098879,-0.188777682,5.0,16.478559605,5.4905992479,0.0,0.0871221125,0.0443675645,0.0677978267,0.336138943,11.768708278,5.109698e-10,3.8347981e-09,0.8745352293,0.7648118674,-0.048662833,0.065603292,0.0429392083,0.1717752917
90751,0.2740110008,-0.551049442,-2.343922559,0.008073175,1.9546757749,2.5197314993,-0.167276295,-0.198158673,0.1634610782,0.0088203327,-0.006064824,-0.150811013,-0.685314056,-0.173407514,0.1508110134,30.0,-0.071776687,-0.278481013,-0.360171982,-1.559238734,-0.268902903,0.0882953007,0.3387719301,-0.165895897,-0.662904313,0.5018505996,0.0,1.0370700547,-0.217104843,0.4084083206,0.0354455758,37.507242242,11.398777857,-0.23043338,0.0,0.0,1.0,0.0,0.0,0.5255980602,1.0,-0.152814007,-0.175956549,-0.154289627,4.6538033439,-0.191823534,-0.95946293,-5075.019712,0.1259346863,13.817999999,0.0195453315,0.0412034846,0.2577335493,0.202144554,0.0404093901,0.0230036675,3.0,0.0273466371,1.8349332006,0.1211776873,1.0,15.143277934,4.7085801888,0.0,0.1412125975,0.0435357236,0.055219947,0.32285432,6.5548796789,1.522579e-09,4.6633628e-09,2.3406446601,5.478617425,0.0559505833,0.0753082098,0.3571798143,-0.232879901
77007,0.3607174557,-0.176478181,-6.478305457,0.0,2.6615347441,6.0564660838,-0.034231265,0.0653088468,0.8038290332,0.5861354776,0.0285391834,-0.088602121,-1.470832704,0.0830916993,0.0886021212,30.0,-0.046192362,-0.212121212,-0.09495598,-0.06912021,0.0797812551,0.6490812918,1.6175037809,-0.02826885,0.4469883385,0.5313682673,0.0,1.2403366984,-0.017626207,0.7497465481,0.1643784859,29.329738457,7.3311326694,0.0749118475,0.0,0.0,1.0,0.0,0.0,8.8676580721,5.0,0.0101022184,-0.114208409,-0.213093607,0.3240090241,-0.975733979,-0.042546524,-23820.5596,0.2560171468,10.731156872,0.0,-0.02753113,-0.11561834,0.1651983723,0.1388445704,-0.010100516,0.0,0.0032894737,5.7965647779,0.2290664092,1.0,10.828439087,1.0189614128,0.0,0.0674157366,0.0660865154,0.0960006766,0.7067521334,8.2109569426,1.3018394e-07,9.8977431e-09,1.0168648791,1.0340141823,0.2199125656,0.1166519162,-0.44678996,-0.359949562
76839,0.0784920111,0.0384127722,20.688903708,0.0617344817,0.0443891119,0.2365059118,0.6258989045,-0.140922784,0.6728107473,1.0015016303,0.0251185631,-0.032547104,-0.112687056,0.0427413944,0.0325471045,30.0,0.0132649685,0.0,0.0717877156,0.0538769515,0.0631163256,0.0856962531,0.0028306463,0.0359780219,-0.213053449,0.6943018769,0.0,2.479326603,-0.237504498,1.9937089827,-0.288863786,5.538589486,12.403808334,0.9505545228,1.0,0.0,0.0,0.0,0.0,0.9651228363,6.0,-0.073693976,0.0357624863,-11.08010196,-0.074241359,-1.552264042,0.0013378083,-11823.35791,0.0426379215,15.348578103,-0.002954558,0.064117672,0.096215925,0.0021562269,0.4296899098,-0.021708638,0.0,-0.00141844,2.2928081755,-0.036123298,5.0,14.115676109,0.486757805,0.0,0.0641080961,0.0279771096,0.0441526867,0.6083214658,2.0349520026,1.9351842e-09,3.2288495e-08,0.4937231542,0.243762553,-0.551723187,0.0747115179,-0.021492708,-0.053101737
15582,0.1283709464,-0.00792277,7.8350220762,0.0,0.160811785,0.5483524127,-0.052544994,0.1052709928,1.0806017807,0.0532786885,-0.050770174,-0.080231928,-2.789020893,0.0141740012,0.0802319278,6.0,0.0455370401,-0.579009434,0.1144775814,-0.016065106,0.0277911297,0.3761245052,0.3374096267,0.0531565171,0.3919056836,0.5144405087,0.0,1.2001457476,0.1715518053,0.9379501029,0.1088757591,5.9675391191,24.725157325,0.0342041635,0.0,0.0,0.0,0.0,0.0,3.8354742214,7.0,0.6871036562,0.1315081973,-0.794736894,4.6374320881,0.0173518548,-1.737966476,-16535.57747,0.0456208962,12.738783078,0.0,-0.00315916,-0.007210794,0.0113339544,0.2871190956,-0.055965994,2.0,0.0017316017,0.1333771991,0.0002762576,4.0,12.490212714,0.9165294925,0.0,0.0407692119,0.0198643721,0.0416914214,0.4871547176,2.7925887905,1.7597644e-08,2.5709178e-08,1.2268244421,1.5050982117,0.094234913,0.0648551089,-0.222676587,-0.229002942
77357,0.103831922,0.0148540712,27.021241306,0.0,0.0677158195,0.0824396876,0.0968595911,0.08993679,0.437611067,0.0029092243,0.1076506842,-0.087604802,-0.970416466,0.0292687066,0.0876048022,30.0,0.0043724581,0.0881218409,0.1408066305,0.2836963553,0.005376536,0.2128589166,-0.055886438,0.0108990441,0.0790097983,0.3238244089,0.0,1.163604565,-0.02322046,1.0687114561,-0.029668343,2.6569315619,4.9282806318,0.293124712,0.0,0.0,0.0,0.0,0.0,0.715384142,7.0,12.963505057,-0.00199419,-0.227485752,0.1263666906,-9.839172447,0.2770331832,36960.668694,0.0371991411,17.703815007,0.0003648789,0.0237390091,0.0391081766,0.0024899408,0.1807931894,-0.003464303,3.0,0.0001200552,1.4696661725,-0.01554274,7.0,17.816724512,1.4365452921,0.0,0.1025423929,0.0383891992,0.0411064816,0.3054175903,2.4166144937,9.266642e-11,1.3766308e-08,0.7429458872,0.5519685913,0.0316206939,0.0381564957,-0.404654628,-0.146789762
77584,0.2041614218,0.0669879491,4.1018865863,0.0661236981,0.2312141781,0.4639252246,0.3171811804,-0.025436403,0.485696344,0.0041051904,-0.061738891,-0.113533026,-0.747516117,0.1170625208,0.1135330255,29.0,-0.023568831,0.0285714286,0.0011374568,0.1009461302,0.0493730563,0.0549354483,0.0713578601,-0.105742663,0.0192240484,0.6888352061,0.0,2.1187542099,-0.034438018,1.6290106077,0.0918656544,2.7977140941,154.01168736,0.3254609468,0.0,0.0,0.0,0.0,0.0,1.0832151264,7.0,0.1213297468,0.2888615738,0.1527628141,4.5839537649,0.4541088951,-0.668992895,-4019.184902,0.1259346863,14.313932613,0.0074386415,0.0667074093,0.1302831943,0.0330251166,0.4830152038,0.0269053082,1.0,0.0110523787,1.3034028542,0.0161582604,5.0,15.545570648,3.3569950428,0.0,0.1144645065,0.0458121363,0.0520628225,0.3362121855,5.6441224924,1.3307394e-09,6.823635e-09,0.9970657354,0.9941400807,0.0142296248,0.057670762,-0.327887205,-0.232879901
77606,0.7463930084,-0.023414561,-0.842148833,0.0155139424,1.4567304654,2.2918976999,0.0,0.0537272415,0.3972518035,0.0128205128,0.1137836354,-0.100428208,-9.208588957,0.1922005091,0.1004282082,29.0,-0.063361434,-0.098360656,-0.201211575,-5.127236911,-0.060723579,0.096181358,0.0219138177,-0.07021642,-0.046605505,0.5942107322,0.0,1.930840503,0.1500316956,1.0737921906,1.6738584315,7.02553941,20.221799747,0.0738854827,0.0,0.0,1.0,0.0,0.0,1.0088073394,3.0,-0.031821877,-0.248049143,-0.107780631,0.4012870131,-0.367678657,-0.60944436,-23820.5596,0.3504378997,15.46123972,0.0078995079,0.015671353,0.0465606438,0.0901141446,0.1174221052,0.0343672089,0.0,0.0212239852,2.0834473207,-0.012201108,2.0,17.235929673,6.0448177527,0.0,0.1188501716,0.0580138042,0.0642220091,0.634076884,30.836268269,2.425125e-10,2.6648205e-09,2.3489267616,5.5174569312,0.0741658582,0.0751056767,-0.134776774,0.1717752917
77699,0.2193155744,-0.03449817,4.8249052609,0.0010924164,0.0580083375,0.023754937,-0.13075797,0.6717945975,0.008085373,0.2440118491,-0.36862815,-0.043776532,-0.302973628,-0.024046134,0.0437765319,30.0,0.023024251,0.2183544304,-0.018145645,-0.361817538,-0.680980093,0.1380316322,-0.166823772,0.0749974214,2.3022081954,0.6559345843,0.0,10.297252227,1.59208166,9.0261891226,1.9049424246,0.1569063838,2.9417857445,-0.369807041,0.0,0.0,1.0,0.0,0.0,-0.016088575,4.0,-1.135544676,-0.063586795,-0.506537975,0.0762304867,12.351543013,0.0944186581,-15913.24595,0.0740556467,14.276156076,-1.146e-05,-0.027489905,-0.033303126,-0.001045989,0.5066918176,8.8165856776,0.0,-0.003754693,0.8796575139,-0.154673073,1.0,16.236641449,10.152090786,0.0,0.1139240116,0.0739203429,0.0972554839,0.2572506727,11.303485797,1.0794125e-09,2.3130995e-09,2.5344036443,6.4232018324,-0.444134694,0.2644577741,-0.411560246,-0.209159143
15729,0.1164870365,-0.043810579,3.5860755304,0.0,0.3214137405,0.2615779348,-0.160536559,0.1925536037,0.5159838153,0.0543733523,0.3489687019,-0.181230424,-1.665214339,0.0291434255,0.181230424,6.0,0.0031695849,0.1176470588,0.0247888575,0.019913606,-0.027546235,0.235270012,-0.382140194,0.0464942958,-0.096506762,0.6270396784,0.0,2.5085893305,-0.184225963,2.4471513292,-0.187653018,1.3435436585,3.6542758511,-0.1176816,0.0,0.0,1.0,1.0,0.0,1.4317097087,2.0,0.0624526623,0.0047686728,0.1167439202,-0.340003654,0.0119615476,-0.023081001,-2191.104175,0.0376507894,15.773261913,-0.000535621,-0.010321215,-0.041194705,0.0195237788,0.4772368508,-0.003816079,2.0,0.0037230082,1.6198524431,0.1196688176,5.0,16.792621974,2.9477696478,0.0,0.0567836799,0.0385614354,0.0521386848,0.2918556546,4.7062414393,3.136545e-10,7.3385687e-09,1.4479140448,2.096455081,0.0554044099,0.0531114455,-0.859496449,-0.155344743
78034,0.3095595007,0.0501293588,6.254515512,0.0321034095,0.5742567589,1.9000267846,0.076012386,0.0133172519,0.4721402397,0.0090258163,-0.04899979,0.2927703751,5.1699878411,-0.234775063,0.3243177392,29.0,-0.027590239,0.0,0.0768768951,-0.109287758,-0.074974726,0.2659520318,0.238617658,-0.045422505,0.1547732512,0.4207631011,0.0,1.4829580807,0.0332284405,0.8068077741,0.1870660932,41.27269554,9.3363053784,0.1281469038,0.0,0.0,0.0,0.0,0.0,1.5092522991,5.0,0.0953040357,0.4311490845,0.0196857444,1.3466750224,-0.448271195,-0.222294653,-572.4780507,0.0624291911,14.932850254,-0.00018537,0.0175691214,0.0493493604,0.0314979008,0.0531059608,0.0138243229,2.0,0.0025591811,1.9206212125,-0.095177909,2.0,15.434704447,1.4497140101,0.0,0.0363227576,0.0231463031,0.0327381715,0.3356049626,2.305231425,1.0411961e-09,1.5734523e-08,0.9351880982,0.8745767791,0.1043931138,0.0532651212,0.0381632039,0.005887607
15707,1.0529680135,0.1806880668,-6.440122784,0.0329530323,1.986777862,1.4649072798,0.0304007802,0.0682032769,0.2151069147,0.0059238079,-0.006250165,-0.043754588,-0.713160198,0.3095476044,0.0437545876,7.0,0.0328875521,0.0168350168,0.0297235194,-0.096245719,0.0519186329,0.3997229491,-0.001834693,0.0324724614,0.2443765967,0.2878538969,0.0,0.9125537777,0.032823912,0.6944941267,-0.062568006,6.4136657433,3.1365996839,0.1593629714,0.0,0.0,1.0,0.0,0.0,0.7059629883,7.0,0.1310709702,-0.044109153,-0.207499071,0.7022792239,-1.602235136,0.4029148997,7866.7485922,0.0363924557,16.825250371,0.0030917338,0.0452362812,0.15,0.0076978283,0.0750792908,0.1852944091,6.0,0.0027303754,0.9079531226,-0.015078136,7.0,17.157366753,1.8726038292,0.0,0.0488415621,0.0312923766,0.0365616066,0.3634208426,3.8139654382,1.23044e-10,9.8208671e-09,1.0421781761,1.0861353507,0.012138451,0.0360458094,0.1890896286,-0.155344743
15837,0.4724007757,0.0331528594,2.4250920141,0.0,0.7923257467,1.5598057731,0.0513044938,0.0876004641,0.69934817,0.0093742316,0.0890603603,-0.075127295,-2.738012816,0.1239258133,0.0751272954,6.0,0.002431219,-0.008988016,0.0376187413,0.1340621889,-0.027327685,0.0966141025,0.33079659,0.0314776922,0.0852012655,0.5599514117,0.0,2.1972752157,0.0671941595,0.6400108657,2.5150844277,13.527519536,154.01168736,0.1352681376,0.0,0.0,1.0,0.0,0.0,1.8245321756,5.0,-0.082422371,-0.220979391,-0.009960411,0.4356923441,-1.262021167,-0.00171241,-23551.04233,0.2560171468,12.831111094,0.0009662062,0.0060605668,0.0137358335,0.0205676854,0.0401206571,0.1025678167,0.0,0.011863224,2.6214728821,0.094784366,6.0,12.352760548,0.7224074321,0.0,0.0770694017,0.0388276662,0.0513965115,0.2584248863,0.7337099224,3.2170788e-08,3.395633e-08,1.3604646578,1.8508640852,0.1012686892,0.08207402,0.0375721097,-0.359949562
78975,0.0681530872,0.0142397067,34.032132545,0.0044956591,0.0389969078,0.066385209,0.2113171905,0.4194492727,0.7453114994,0.0439176282,-0.03055794,-0.089840057,-0.57613967,0.0224437667,0.0898400575,29.0,0.0,0.2735849057,0.2567655903,-1.991990629,-9.4296e-05,0.3129310345,0.3780449225,0.0225048029,0.9328241285,0.3195085718,0.0,1.9423728814,-0.141023321,1.9423728814,-0.141023321,2.4839793282,14.721286371,0.4227684798,0.0,0.0,1.0,0.0,0.0,1.5898942421,4.0,12.939371543,-0.154156775,-0.042022687,0.0906878558,-9.532799224,0.2702082433,130769.82448,0.0371991411,18.57691181,-0.000206037,0.0146945089,0.0231026446,0.0039991992,0.2185608608,-0.025460984,0.0,0.000894583,0.9122879488,0.0745980479,7.0,18.741940852,1.5594654415,0.0,0.0821238831,0.0434113807,0.0472331863,0.3718212502,3.5829138782,4.064185e-11,1.1432022e-08,0.844924117,0.7138967634,0.0010468896,0.037161585,-0.851648103,-0.146789762
79007,0.4679825457,0.0241266535,1.9024232156,0.0076901728,0.5017713273,1.4737083825,0.0368658094,0.0228733207,0.4691187096,0.0069246145,0.0047128343,-0.074586133,-2.964417485,0.0956481271,0.074586133,28.0,-0.041269085,-0.078431373,-0.057677818,-1.662670476,-0.045425912,0.0552312997,-0.070312572,-0.048779867,0.0430887501,0.595199794,0.0,2.7143031757,0.0087106051,0.9322999824,0.6280696437,9.1687474186,137.65008455,0.0928023967,0.0,0.0,0.0,0.0,0.0,0.9899348608,5.0,0.0679060102,0.0831522375,0.045760013,4.8477748888,0.0783742053,-0.690407289,-5299.113512,0.1259346863,13.530520361,0.0162157913,0.0597355291,0.1201194116,0.0857037835,0.2430970275,-0.012631217,3.0,0.01446708,1.9245824875,0.051400396,6.0,14.589846653,2.9097763439,0.0,0.1141239032,0.0534307957,0.0614687931,0.4002854053,9.3645524129,3.0308802e-09,7.0269584e-09,1.9441202665,3.7796036105,0.161968394,0.0635295974,-0.462453809,-0.232879901
78963,0.6239986607,-1.361014624,-3.159274348,0.0410219627,4.1938730836,5.0037006685,-0.217930414,-0.173584052,0.211340938,0.01112162,0.0959857471,-0.186199507,-0.728353103,-0.369715399,0.1861995069,28.0,-0.030348492,-0.269005848,-0.350278599,-2.787714338,-0.23748715,0.0763809913,-0.16347278,-0.083786501,-0.688508787,0.5580241882,0.0,0.9311047602,-0.106458576,0.4586878685,0.0570545493,12.108376772,19.801854483,-0.279828829,0.0,0.0,1.0,0.0,0.0,0.6091885937,1.0,-0.172807745,-0.131138873,-0.144814462,5.0037910038,-0.256925461,-1.155770815,-5697.293112,0.1259346863,13.315327314,0.0162077111,0.0150247266,0.0974204377,0.1528302159,0.1125276481,-0.017654366,0.0,0.032967033,1.5372754069,-0.070706146,2.0,14.584879561,3.9920171324,0.0,0.1573603749,0.0601442289,0.0676952554,0.3400551361,6.6013903885,3.5382927e-09,4.9331135e-09,2.621187435,6.8706235695,0.0568173269,0.1104967057,-0.368383748,-0.232879901
79881,0.5506175396,0.0004606624,0.369534971,0.0,0.7711201559,1.2857359601,0.0113312601,0.0695830932,0.2998519438,-0.001643243,0.1121923712,-0.082943431,-43.17241379,0.1065240798,0.0829434312,28.0,-0.00580474,-0.208333333,-0.134053284,-0.152900693,-0.138122073,0.0490816374,-0.093358979,-0.001617791,0.015118648,0.5531709876,0.0,1.3500593732,-0.181335959,0.9200800766,-0.087196401,6.0486893553,38.35099831,0.0526475053,0.0,0.0,0.0,0.0,0.0,0.6807919717,4.0,0.0510986629,0.0780302663,-0.084141948,4.9304098826,0.1407290994,-0.679531336,-3278.814582,0.1259346863,14.50256757,0.0015810008,0.0237396898,0.0532250722,0.0517847953,0.1091678263,-0.023153147,0.0,0.0031318509,2.1826512298,-0.09687137,7.0,15.958697016,4.8601377723,0.0,0.1545303315,0.0542332904,0.0566423863,0.4971756142,19.719235548,7.929161e-10,3.4914747e-09,1.3235365686,1.7517490485,0.0379480096,0.0671531237,-0.144066553,-0.232879901
80114,0.0518149841,-0.370270277,-1.54784228,0.0177582262,5.2965139993,5.1194905916,0.0373380859,-0.109054338,0.1756347705,0.0049531758,-0.059517991,-0.093981901,-1.519632358,0.1924044171,0.0939819011,28.0,0.0012176492,-0.103705832,-0.215948126,-0.01022269,0.0341723414,0.3969716859,0.0712477734,-0.008119372,-0.872751854,0.3322745479,0.0,0.9789213415,0.0944819061,0.9044785842,0.0858313432,6.3319887343,7.2839324496,-0.001288389,0.0,0.0,1.0,1.0,0.0,2.0934491376,4.0,12.898018769,-0.187569049,-0.419313424,0.0743497527,-10.14570508,0.4401688937,-13916.64037,0.0371991411,11.191049424,-0.002073311,-0.001453323,-0.02374855,-0.224988647,0.124518873,-0.003255628,0.0,-0.005206103,-0.137975123,-0.09604514,1.0,9.7745626541,0.3077424019,0.0,0.0504201166,0.0270449604,0.0495344104,0.8256316388,0.9412309479,9.6678927e-07,1.3714637e-07,1.1709040052,1.3710161894,0.1503955469,0.1369731381,-0.030506343,-0.146789762
80274,2.7749694084,0.0706242524,-35.88324309,0.0,6.1240072045,9.4909832016,0.0224006629,0.1027606926,0.1773635698,0.0063634221,0.1401073351,-0.035424522,-4.255678131,0.3711783388,0.0354245217,28.0,0.0588680142,0.044045677,-0.011823856,-0.155812853,0.0386873678,0.1160544045,-0.100004542,0.1104447436,0.0284156532,0.5653143382,0.0,1.6591924046,-0.110199212,0.5095938581,-0.17821142,79.14477059,7.2581606251,0.0559668616,0.0,0.0,1.0,0.0,0.0,0.5098851824,6.0,0.1716467789,-0.100828507,0.0064640001,2.3715071109,-0.029101892,0.3534643606,-16345.08469,0.0642905452,10.649914803,0.0064287431,0.0144769013,0.0454027876,0.6007867885,0.0096721462,-0.039354081,0.0,0.0656374875,9.1619678163,0.2753120353,3.0,11.284689698,3.095625242,0.0,0.1270902604,0.0594528215,0.0841041225,0.4712464557,3.5633411671,1.6001435e-07,1.2116003e-08,1.2498787889,1.562196987,0.0777041511,0.1327983866,-0.734269388,-0.209159143
80233,0.6976266658,0.0393805809,-1.159083232,0.0,0.6545769076,1.7373915011,0.0716883452,0.0067435751,0.3666460039,0.0089073368,-0.071860419,-0.147860099,-5.060040271,0.238647906,0.1478600991,28.0,-0.040424437,-0.207412954,-0.208396011,-0.12172256,0.0818393847,0.2910091681,0.1077652695,-0.089005531,0.0936489999,0.5876399921,0.0,1.8074137225,0.0468930565,1.0765789115,0.2112882004,5.9952861869,6.8860873416,0.1484463835,0.0,1.0,0.0,0.0,0.0,0.7703469319,7.0,103.79230449,-0.02270743,-0.274004107,0.6350138243,-0.323593338,0.1667400624,-4448.078869,0.1707603697,11.916514388,-0.003716089,0.0059880542,0.0119789485,0.1474873497,0.1474464225,0.0233044301,0.0,-0.004141251,-0.442269882,-0.015825395,6.0,12.013035958,1.0713312904,0.0,0.0595611446,0.0268351844,0.0369321276,0.3363784171,1.2894513011,3.3075475e-08,2.3216682e-08,0.9297308047,0.8643993692,0.101304083,0.0490662737,-0.037467295,-0.208206726
80320,0.101294312,0.0268790632,29.357708965,0.0,0.0296472627,0.0772798289,0.321797567,0.3203468566,0.4179157522,0.0072201092,0.0695804793,-0.01356948,-0.058084667,0.0284403246,0.0135694796,28.0,0.0062084934,0.1315789474,0.2207706534,-0.107373622,0.1103564381,0.0504823661,0.0257664273,0.1409606973,0.4176253537,0.5969638569,0.0,4.0439088808,0.4939518008,3.9371043937,0.4854440936,2.5685526492,5.3781379834,1.0591613394,0.0,0.0,1.0,0.0,0.0,0.5719027313,7.0,-0.010857792,-0.252529854,0.0709632087,-0.564053916,-1.1051266,-0.067111913,29661.84587,0.0653433969,17.119487845,0.005060692,0.0570703286,0.0737739222,0.0058968549,0.2639585415,-0.081292022,1.0,0.0001126924,0.5120425552,-0.004683361,6.0,17.003601909,1.1685887753,0.0,0.0408258885,0.0288412818,0.0356452742,0.2291120643,1.278472386,1.688809e-10,1.7918358e-08,1.0053821244,1.0107932161,0.0565086342,0.0319944725,-0.336192739,0.005887607
93397,0.6186306797,-0.01206272,58.924943052,0.0203464185,0.6766866818,0.58202185,-0.029523495,0.0068685832,0.0590734086,0.0044300562,0.0546413156,-0.03337102,-3.791339727,0.0336711491,0.0333710205,14.0,0.0016242985,-0.10367893,0.0089208126,0.0795241502,0.779207538,0.0365531552,-0.035803284,0.0286447639,-0.030485828,0.4264994672,0.0,1.1915128525,-0.118386974,0.9791926169,-0.135987129,378.19362187,6.1978124533,0.0338828009,0.0,0.0,1.0,0.0,0.0,0.1120981876,5.0,0.1136519709,0.0407079395,-0.188466385,-1.032573405,-0.329703792,0.4715100112,-2401.431589,0.5996831853,12.261618346,0.0031570842,-0.012545394,-0.02536781,0.0130477894,0.00111911,-0.043198569,0.0,-0.003099814,-0.320855476,0.0033906822,5.0,11.869969326,0.8940112102,0.0,0.031055849,0.0204362257,0.0392424094,0.425444337,2.8414813792,1.5127609e-08,1.7773044e-08,0.7195095919,0.5176940529,0.1172460171,0.0460336468,0.040272186,-0.217831659
80432,0.2879237837,-0.055449436,2.1321765903,0.0060554174,0.6221656548,0.9960181272,0.0009809123,0.0318826177,0.3451549398,-0.003940285,0.1284658112,-0.121763263,-1.967621396,0.0536540611,0.1217632626,27.0,-0.012074544,-0.195652174,-0.127454034,-0.354541987,-0.119395959,0.0916774218,0.08371364,-0.110325447,-0.129172266,0.6198012057,0.0,1.7736458074,0.2723644495,1.3013645015,0.6260372644,4.4200054793,25.729373999,-0.02082156,0.0,0.0,0.0,1.0,0.0,0.8991732199,3.0,-0.007129321,-0.007738774,-0.071460788,4.6677161267,0.0167182243,-0.732401355,-2187.766312,0.1259346863,14.530750175,0.0057858079,0.0435545184,0.1193416703,0.060568767,0.1975106766,0.0941581266,3.0,0.0067396799,1.417920483,0.0472741798,4.0,16.804274227,9.0682734954,0.0,0.1197358221,0.0502118715,0.0621663327,0.4137656217,27.700605789,3.600051e-10,1.897145e-09,1.4944988827,2.2335269104,0.039611867,0.0672443208,-0.264001368,-0.232879901
81165,0.2484600371,-0.475784661,-1.956347864,0.0765903889,0.3176088576,0.7208807011,-0.878486056,-0.317115477,0.125523803,0.1301775148,-0.116206505,-0.155973508,-0.545779174,-0.216111301,0.1559735078,27.0,-0.036901348,-0.120689655,-0.502870533,0.0989246183,-0.158451926,0.4493731919,-0.053135936,-0.340318584,-0.713793643,0.4425889898,0.0,3.418963757,-0.05692997,1.9573762124,-0.047799479,4.6009542399,4.4691384032,-1.124930984,0.0,0.0,0.0,0.0,1.0,0.2860889306,1.0,51.526585424,-0.140579505,-0.201595425,0.4458595825,-1.949215574,3.897387082,-7493.198571,0.0357482652,9.4585479868,-0.0012257,-0.057671503,-0.076103668,0.0771330096,0.0176188992,0.0021070059,2.0,-0.005882353,-0.338211423,-0.040980447,2.0,9.9615488732,1.9829245876,0.0,0.0475560613,0.0243471735,0.0596675862,0.6217095806,2.1865746027,5.4698845e-07,2.6645081e-08,1.5145060012,2.2937284276,0.1660559555,0.0932128375,-0.179606835,-0.251074085
15014,0.0945321639,-0.127686776,95.223777647,0.0,1.3569762944,0.2692937764,-0.102846173,-0.007305479,-0.017733137,0.5569388622,-0.000407637,-0.066801286,-0.762173027,-0.03036736,0.0668012855,17.0,-0.00451835,-0.462723158,-0.677777441,-5.127236911,-0.435975177,0.0752263311,0.0818335855,0.0175943267,-0.096775715,0.453135487,0.0,0.4376113623,0.6116822478,0.34996834,1.2874953081,36.709444117,6.230189541,-0.030731252,0.0,1.0,1.0,0.0,0.0,-0.470327144,2.0,-0.025209845,-0.136659092,-5.958389909,-0.431084603,-0.547564229,-0.099125729,-6600.82653,0.0823714328,14.432935375,0.0061839089,0.0044390765,0.0460467645,0.1163961911,0.0114879892,0.2252069585,0.0,0.001077296,1.8406837514,0.1827681959,3.0,16.201165173,5.7918940091,0.0,0.1354415566,0.0596780258,0.0698050672,0.2102165901,5.6989653675,8.485346e-10,3.9293103e-09,2.7676534082,8.1041259177,0.0892389153,0.0828701744,0.3983521123,-0.214036468
82598,0.041311897,0.0440258172,2.1555560382,0.0257520876,0.5231835129,0.3464168413,0.1604289319,0.2443499069,0.5336346716,0.0136986301,0.1916208791,-0.071437034,-0.826027397,0.0803923484,0.0714370335,26.0,-0.003672551,0.0185185185,0.0613451589,0.0901221373,-0.009458366,0.323943662,0.4501933883,-0.045732518,1.8305785124,0.6072540598,0.0,1.7384125145,0.4707767086,1.7053881808,0.4935053673,1.2476107732,6.0783068783,0.1174553432,0.0,0.0,0.0,0.0,0.0,9.1062751267,4.0,0.0834006576,0.1277213467,0.0176153799,-0.415178794,0.2372720857,0.0281679221,7951.5396345,0.0376507894,16.577354216,0.0021377672,0.0244648318,0.3111111111,0.0075324271,0.4940360009,0.0266381305,1.0,0.0008958567,2.2405978716,0.0139113744,6.0,17.103722997,1.8324999623,0.0,0.0363172814,0.0279853533,0.0348970664,0.2616277537,2.399272866,1.763183e-10,1.0941438e-08,0.9469189434,0.8966554853,0.0023436765,0.040015187,-0.342699974,-0.155344743
88988,0.1285090675,0.0752008461,2.7375434956,0.0,0.269733879,1.1279074608,0.2173742985,0.2665966646,0.7237603459,-0.006095914,0.0372589633,0.0650857582,0.3094584089,0.0519293119,0.0650857582,26.0,0.0,0.3136942675,0.0752142455,0.0163116097,0.0439101432,0.4614025974,-0.105707433,-0.019159975,1.2048895308,0.6588036009,0.0,1.1438140593,0.1535360456,1.1438140593,0.1535360456,5.1065068711,30.628016256,0.3361690983,0.0,0.0,0.0,0.0,0.0,3.9178034558,6.0,-0.219703551,0.0040304541,0.2876408007,-0.199763952,-1.129849176,-0.122231906,-16612.19878,0.0471991723,13.415830863,-0.008629227,-0.004821956,-0.014994177,0.0213930103,0.5251561364,0.0016700614,0.0,-0.008634886,0.8989280245,-0.019592626,3.0,13.514812608,1.3613059283,0.0,0.046100609,0.0266941636,0.0483307308,0.3424827062,2.0549675755,6.0484751e-09,1.737913e-08,1.5752816275,2.481512206,-0.065688957,0.0873995927,-1.361910241,-0.229002942
83399,0.728485468,0.2168791061,11.041060606,0.0,0.5154118341,1.9400034512,-0.050840281,0.037173806,0.4769133979,0.0477643625,-0.262325101,0.1206847936,0.6797761307,0.0694498665,0.1206847936,26.0,-0.021349446,0.0157728707,0.0698120376,-0.32064663,0.057135154,0.1320280026,-0.067662101,-0.029569451,0.4551769332,0.5671995411,0.0,4.4691958495,0.1058713894,1.8257133593,0.3912100096,448.0,5.5894139887,0.4224918263,0.0,0.0,1.0,0.0,0.0,1.0973132372,7.0,0.1816563131,-0.101432599,-0.027317853,-0.058528894,-0.285589152,-0.042385125,-4574.416935,0.0808307708,10.260458921,-2.7354e-05,-0.000126826,-0.000226306,0.0655131712,0.0034812881,0.0109988155,0.0,0.0131551235,9.1619678163,-0.158956159,3.0,8.5958749996,0.2696221237,0.0,0.0659037977,0.0343752077,0.0310469177,1.0237747772,0.5466327484,3.6258658e-06,1.8521177e-07,0.6195920976,0.3838943674,-0.551723187,0.0821481285,-0.495163323,0.0462315886
83391,0.2991807555,-0.082095514,13.893026152,0.0,0.1452024846,0.1940937076,-0.245205363,-0.179267638,0.2487757101,0.0349480856,-0.457497124,0.0332477268,0.1996249219,-0.098483825,0.0332477268,25.0,0.0,-0.1625,-0.453020296,-0.231494957,-0.036079107,2.2480733409,-0.68321277,-0.025086095,0.0927210247,0.1883385302,0.0,0.9926720043,1.3614203875,0.9926720043,1.3614203875,4.7098381071,3.6564614889,-0.21397199,0.0,0.0,0.0,0.0,0.0,0.4887847548,3.0,-3.22439906,-0.169930833,-0.377324431,0.221311561,-28.40419248,-0.096090878,-14539.83704,0.03476008,11.005666813,0.0318405997,-0.115733277,-0.14171521,0.0367722349,0.1667734803,0.0169095209,0.0,-0.036585366,1.2120784792,-0.094522988,2.0,9.1883728304,0.2017092257,0.0,0.0504201166,0.035782086,0.0597185226,0.7681112394,0.4352110771,9.2818865e-07,1.6730972e-07,1.1361895928,1.2909267908,-0.000586987,0.0763449905,0.0258421835,-0.146789762
83822,0.3645269483,-0.05446418,0.0327803713,0.0096726571,1.2715179072,1.2086013831,-0.062773698,0.0151941447,0.2810966166,-0.024586554,0.0757191057,-0.118606366,-3.573588251,0.1401683737,0.1186063663,25.0,-0.001628249,-0.303797468,-0.304648604,-0.264517952,-0.011108642,0.0647308869,0.0223279986,-0.040814965,-0.150146784,0.5804941193,0.0,1.6163422461,-0.030389057,1.1060155612,0.0521358958,3.8424527296,5.7378647576,-0.009689412,0.0,0.0,1.0,1.0,0.0,1.0315609788,3.0,-0.160502979,-0.249032168,-0.286819161,-0.221400649,-0.358833632,0.0289957655,-14092.8443,0.2179887911,14.03607589,0.0064268746,0.0121616622,0.0489580841,0.0495217025,0.1526142456,0.0110456787,0.0,0.0086914534,1.852506373,0.0829582065,2.0,15.161921477,4.5134435215,0.0,0.1131446958,0.0519750843,0.060294406,0.5098713721,14.773483616,1.2665925e-09,4.3125296e-09,2.1230198657,4.5072133501,0.0067279678,0.0652220995,0.1682705738,-0.216696311
83976,0.6506417275,-0.079206281,-0.517296337,0.0087222008,1.6432901473,2.1710916658,0.0022381577,-0.066136664,0.5369534872,-0.006163794,-0.045550774,-0.151193513,-4.551258102,0.2812819465,0.151193513,25.0,-0.008820076,-0.227272727,-0.137366539,-0.182300559,-0.042685196,0.1151071318,0.2571415867,-0.175579386,-0.115395586,0.6525580261,0.0,1.7319478132,0.1165461109,1.3107956127,0.2870096878,2.8173288153,37.270400801,0.0215768659,0.0,0.0,1.0,0.0,0.0,1.7701750078,4.0,0.0455899907,0.2172426863,-0.103081342,5.0304340705,-0.089089189,-0.50477347,-4522.362532,0.1259346863,13.84553782,0.003235924,0.0154588951,0.0493776697,0.0379147616,0.2791622517,0.0309964707,0.0,0.0055639858,2.3804389238,-0.130388696,6.0,16.36144798,10.093471036,0.0,0.1644839942,0.0820830408,0.0686258773,0.517460147,56.833072151,6.30862e-10,1.6909838e-09,1.6082673885,2.5865239928,0.0190976939,0.0709782615,-0.275313535,-0.232879901
84084,0.4203605405,0.0798353499,1.4834949811,0.0,0.4484113796,1.5261198043,0.2360550365,0.0498948372,0.6593375329,-0.022597865,-0.053646297,-0.156471315,-1.662268063,0.2125431025,0.1564713152,25.0,-0.099485759,0.0490196078,0.1987977038,-0.205590641,0.1214982325,0.0905598344,0.026448765,-0.09855812,0.1886206886,0.622772105,0.0,1.9518906444,0.2243383297,1.0552192437,1.9178777022,6.7761146299,119.24880302,0.2420987847,0.0,0.0,1.0,0.0,0.0,1.5410157972,8.0,-0.043719577,0.0848175,0.0480472128,0.3836521089,0.3459206421,0.0869048791,-23030.33005,0.2560171468,13.393830317,0.000371751,0.0314870874,0.0629518291,0.0474922062,0.0411972831,0.0425257455,0.0,0.0030991736,2.5827461062,-0.044011261,4.0,14.969860139,8.3731220204,0.0,0.1549193859,0.0530741508,0.0752614135,0.5442514759,22.841361067,1.8240104e-09,2.486123e-09,1.748416042,3.0569586558,0.0102899407,0.0731457407,-0.268503131,-0.359949562
84275,0.8110417309,0.0765537739,-60.61053659,0.0,3.2179352109,9.4909832016,0.0319305277,-0.008168213,0.5570074596,0.0312482858,-0.067297633,-0.062334684,-3.293706294,0.328699421,0.0623346841,25.0,-0.004468907,0.0,0.0164339071,0.0527470309,-0.001371788,0.1007724719,-0.062475795,0.0360097546,0.3234388445,0.4783513621,0.0,1.4274225975,-0.086862895,0.5239244069,-0.128083689,448.0,23.913043478,0.0690446168,0.0,0.0,1.0,0.0,0.0,3.5361587078,6.0,0.0082675395,-0.217862711,-0.209278896,0.3045882866,0.2911418468,0.4006735412,-1976.609243,0.130812276,14.720141029,0.0,0.0100996678,0.0501650165,0.1241590998,0.0057507188,-0.006425487,1.0,0.0108319889,2.0171099865,0.1126613943,3.0,15.350216367,2.0321770855,0.0,0.0634590015,0.0310579424,0.0454904625,0.3254201619,3.5919447076,1.2495972e-09,1.2630534e-08,0.0430387927,0.0399522597,1.0741853624,0.1296345361,-0.456823219,0.1164530181
84255,0.7101586391,-0.48991287,-0.1393222,0.0,0.4247982957,0.495316569,-0.448397291,-0.308437371,0.1425024009,0.0128084385,-0.178194965,-0.201203588,-0.570062962,-0.210631688,0.2012035881,25.0,0.0,-0.159340659,-0.672409685,-0.255951305,-0.09341153,0.2991207608,-0.196706449,-0.01042667,-0.368320916,0.3988848992,0.0,2.1257081862,-0.189041137,2.1257081862,-0.189041137,3.6016699411,1.4276721397,-0.960765093,0.0,0.0,1.0,0.0,1.0,0.2080229112,1.0,-3.795699581,-0.438152635,-0.374165091,0.6322894446,-28.08308654,-0.208238742,-14553.87932,0.03476008,10.536593596,-0.000354392,-0.036415535,-0.045777787,0.0468462464,0.3219480877,0.1573963251,0.0,0.4454632739,9.1619678163,0.2753120353,2.0,13.575762835,11.406137343,0.0,0.0578457564,0.0374224474,0.0786543405,0.7677541535,25.558939372,4.8225939e-08,3.7582854e-09,0.9604746816,0.9225116141,0.4045316694,0.1441109789,0.3930097333,-0.146789762
84588,0.129245946,0.0103625389,7.1615892272,0.0,0.3584123796,0.1547864231,0.0569880746,0.1919869296,0.156504327,0.0049720323,0.1910870247,-0.069141373,-3.108330074,0.0425727303,0.0691413734,25.0,-0.003747623,0.0689655172,-0.027495997,-2.265776954,0.0669150083,0.1066566394,0.0749199645,0.0083053152,0.2110185594,0.4505581644,0.0,1.7841212345,0.6188154362,1.7020321933,0.8236123969,1.5173601234,5.5288528349,0.0935355637,0.0,1.0,1.0,1.0,0.0,0.5083349662,7.0,-0.596981811,-0.195584729,-0.16980998,0.0793832286,-5.353822382,0.003615834,8027.6761211,0.060316261,16.140651799,-0.004150802,-0.022289354,-0.087377454,0.003137967,0.2357284759,0.1001529548,1.0,0.0007252473,0.3508745258,2.7306378e-06,4.0,16.658098701,2.2829826174,0.0,0.0474892631,0.0263190495,0.0363497428,0.2576489991,2.3776085124,2.477909e-10,1.0145744e-08,1.1170650994,1.2478344363,0.02403802,0.037707197,-0.249398509,-0.068425316
84519,0.3592139874,0.0594954731,2.6910798433,0.0,0.2194771298,0.4306597964,0.1496324357,0.1636746197,0.4344539727,0.0019150767,0.1040429122,-0.009164126,-0.082867516,0.0644257152,0.0091641256,25.0,0.0031958368,0.0297212742,0.0250631555,-0.189498955,0.0110965842,0.3800086863,0.0134149508,0.0225668197,0.2033876355,0.5589335994,0.0,3.5080316381,0.0219841745,3.0640121888,0.0489697447,2.2572434788,3.6036710689,0.3556433062,0.0,0.0,1.0,0.0,0.0,0.7115002927,7.0,-0.904741254,-0.072109161,-0.695171131,0.2161288998,-2.579060084,0.1828905076,-10435.23665,0.0740556467,15.860754376,0.001202607,0.0222297969,0.0353935182,0.0253358538,0.3296925303,-0.012624036,0.0,0.0,3.6825353177,0.1639441932,5.0,16.273354199,2.1073800697,0.0,0.0443839319,0.0278334736,0.0350295591,0.298612726,2.9784603343,3.443929e-10,1.0361409e-08,0.8221848405,0.6759879119,0.1185885724,0.0447724941,-0.295443834,-0.209159143
85390,0.0871471565,-0.131000253,3.4757739032,0.0,0.9769138664,1.4210146637,-0.045320408,-0.034933219,0.3869173529,-0.008632996,0.1062554824,-0.090154571,-0.74554198,-0.033334065,0.0901545709,24.0,0.0525310098,-0.231213873,-0.186066788,-0.390930862,-0.116390846,0.1426760488,0.2032458701,-0.123204139,-0.602967001,0.4851479809,0.0,0.7614248593,0.0070532615,0.2918587521,0.0725978667,23.959809907,38.513633834,-0.074221259,0.0,1.0,1.0,0.0,0.0,1.892949015,3.0,-0.038436329,-0.121166124,-0.107022487,4.4669394996,-0.059749089,-0.819389481,-4890.420982,0.1259346863,13.346309029,0.0200862841,0.0698906817,0.4689359931,0.1110745367,0.0616171398,0.009732111,1.0,0.0172517795,0.8535892358,-0.046444934,3.0,15.436707766,10.703633419,0.0,0.1403508782,0.0596669063,0.0832979171,0.4353930986,29.897691897,1.2283937e-09,1.8032727e-09,2.4301941759,5.9058437328,0.0663155226,0.087701801,-0.381818741,-0.232879901
13687,0.0447913621,0.027235472,83.369841701,0.0,0.2456154312,0.2855658,0.178420137,0.1850677149,0.5693917555,0.0913863908,0.0099891102,-0.085686639,-0.842319224,0.0501764336,0.0856866393,19.0,0.039495083,-0.019607843,0.0766715048,-0.538608307,0.1290607014,0.0351730159,-0.16246368,0.1368621749,10.67693475,0.4659401931,0.0,0.8696356029,0.431899499,0.2918587521,0.7336607147,27.644127803,35.879281911,0.1355033382,0.0,0.0,1.0,1.0,0.0,9.1062751267,7.0,0.2457778702,0.0437905076,0.0807802724,-0.680773874,0.3928221678,-0.367550281,5422.0426073,0.4274172795,15.783175577,0.0019546515,0.053098047,0.2283135093,0.0114156706,0.40658687,-0.037965446,0.0,0.0004699604,2.9348163499,0.0803269173,5.0,18.273972687,9.4789514201,0.0,0.0868173018,0.0507899031,0.0632537602,0.3442021404,20.842719766,1.291767e-10,2.0630666e-09,2.0290252699,4.1169435459,0.0496556238,0.0582315792,-0.412315509,-0.359949562
89606,0.30657479,0.2620453115,4.1138218144,0.0094636483,0.2071621738,1.2190014591,0.728431555,-0.387638022,0.6455338489,-0.097958815,-0.473430785,-0.122113517,-0.294628671,0.3629101403,0.1221135169,21.0,-0.099485759,0.1370558376,0.5613363994,0.8420641849,0.2553569699,0.2096259607,-0.348050733,-0.120456376,-0.311879065,0.6342587816,0.0,2.1348374518,-0.299062126,1.5102940591,-0.152661533,9.3719971332,15.496408246,1.0510935197,1.0,0.0,1.0,0.0,0.0,1.2050925041,7.0,0.2159212421,0.5271870973,-0.169470372,-0.316444898,-12.8529146,0.2662867049,-2209.992275,0.0553124103,13.467233764,0.0008975654,0.1033856334,0.1697499492,-0.017576453,0.3155157806,-0.003448573,0.0,-0.008372093,4.2080451798,-0.263268028,6.0,14.382558948,4.5719467692,0.0,0.0688665733,0.0262162538,0.0459050653,0.4887334595,12.481387265,1.8793698e-09,5.2420736e-09,0.5156831703,0.2659291321,0.4990184961,0.0708938328,-0.389573149,-0.102388065
86580,0.0524389888,0.0134473273,25.945229651,0.0012261529,0.0369335872,0.0517622766,0.2749854904,0.6627779382,0.6753104245,0.0130718954,1.3279201722,-0.06463367,-0.343951985,0.0180725622,0.0646336702,23.0,0.0367414219,0.3774954628,0.5272943763,0.0613921433,0.105122209,0.3844537815,1.3127770793,0.1044181346,0.3842182891,0.5496341565,0.0,4.0904458599,-0.466957238,3.6252229299,-0.491196782,1.4423492777,6.8649650062,0.6384855077,0.0,0.0,0.0,0.0,0.0,0.9430514585,4.0,0.1713735275,0.0741280411,0.3399137859,-0.351023309,1.2559074436,0.0003585839,219564.77791,0.0642905452,19.262011872,0.0060265615,0.0637516171,0.1165177094,0.0037158836,0.4749458555,-0.00012523,5.0,0.0002737904,1.1014312728,0.0572383339,6.0,19.431006655,4.8692164,0.0,0.0946522281,0.0507081612,0.0659611164,0.1595812412,4.3944260163,3.657577e-12,3.7729382e-09,1.0183515435,1.0370398661,0.0031702082,0.0504054579,-1.361910241,-0.209159143
86594,0.372658004,0.0312152683,1.2709021538,0.0061359245,0.4603037048,0.4963575114,0.0701310233,0.1139641406,0.1604098362,-0.008117539,0.1102624303,-0.047231255,-1.196803956,0.0685738248,0.0472312552,23.0,0.0,-0.03769212,-0.0795942,-0.20080222,-0.118482877,0.202174574,0.2347558706,0.0047896588,0.118724624,0.4670538448,0.0,1.9826576186,0.0004088361,1.9826576186,0.0004088361,1.990219204,3.7236213497,0.1099159322,0.0,0.0,1.0,0.0,0.0,0.3363888909,5.0,-2.929639,-0.060400964,-0.252516551,0.2947888094,-28.49969509,0.0709667712,-10931.69022,0.03476008,15.013327956,0.0049275024,0.0257510584,0.0534665175,0.0488925948,0.257542932,-0.00876717,5.0,0.0020722704,0.6948215142,0.0190246215,4.0,15.0811775,1.3851919188,0.0,0.0389566272,0.022782608,0.0344610155,0.2215059185,1.2836211677,1.061173e-09,1.9185337e-08,1.3471072082,1.8146978303,0.0538356782,0.0364318534,-0.268021271,-0.146789762
89416,0.7189097357,-0.029107827,0.5369517474,0.0218825198,0.264583619,1.5078251087,0.103403251,-0.105242972,0.2975352292,0.0042236864,-0.207522557,-0.21096784,-7.547381546,0.1905800526,0.2109678397,21.0,-0.060736131,-0.082334133,-0.115815685,-0.057967624,0.1029063704,0.1104034662,0.0794504535,-0.077902913,-0.060622864,0.5581341119,0.0,4.1345777121,-0.066247478,2.8379781926,0.1015145394,8.2028067617,6.4843438588,-0.034036677,0.0,0.0,0.0,0.0,0.0,0.4253669,4.0,0.0501474496,0.177156372,-0.054474854,0.0194230912,-1.323510889,0.1159114995,-1410.912902,0.1460543126,12.242956934,-0.009204971,-0.003312428,-0.004507619,-0.054096836,0.1557466962,0.2345911976,0.0,-0.017453392,1.3381359333,-0.052206614,3.0,12.698796736,1.8272510137,0.0,0.0511398613,0.0205971665,0.0399075319,0.2194400656,1.6737906722,1.1061671e-08,1.39893e-08,1.2959560117,1.6795019843,0.1656167243,0.0505042462,0.0722364428,-0.354566937
87432,0.1132268027,0.0254229785,25.237293917,0.0049585313,0.1116930197,0.1327667779,0.1421686747,0.1119767321,0.3788303729,-0.013030784,0.118216239,-0.027050954,-0.227272727,0.0312009282,0.0270509542,22.0,0.0108203817,0.0365853659,0.1835549728,0.0544605605,0.0051673218,0.2822796082,-0.05598295,0.031785603,0.1058895957,0.3239416161,0.0,2.2242388759,-0.044521689,1.7382903981,-0.053776618,4.0120634921,5.3916382253,0.3032770606,0.0,0.0,0.0,0.0,0.0,0.7317874,6.0,3.9089030968,0.0506948063,-0.14199511,-0.161814119,-2.876315115,0.1228068499,39311.209651,0.0345323743,17.460501172,-0.005713099,0.0421313507,0.0893651436,0.0037188985,0.1471275105,0.0072465603,2.0,0.0002539844,0.6901232763,-0.045200642,7.0,17.774029386,1.5145314711,0.0,0.0540977381,0.0287851796,0.0330855138,0.3089227152,2.1334491657,9.708395e-11,1.3725763e-08,0.709267163,0.5030599085,-0.00319423,0.0255575674,-0.24708673,-0.251074085
89301,0.0205772176,-0.01011191,31.402748585,0.0,0.0959312051,0.2398303687,-0.128849577,-0.123098202,0.4753342554,0.0155520995,-0.078027353,-0.127846116,-1.576421249,0.0058287195,0.1278461161,19.0,-0.097197816,-0.375,-0.212836375,-1.174076685,-0.11865148,0.0935943473,0.0146522325,-0.180586587,-0.285854456,0.6506986573,0.0,1.155284129,-0.124750464,0.7065614061,0.1298592408,8.2292643492,18.288896874,-0.063052237,0.0,1.0,1.0,0.0,0.0,2.1362224039,4.0,0.263316414,0.2617790419,-0.274611884,-0.704988018,-0.029798546,-0.411897995,16664.359407,0.4274172795,16.069170781,0.0213731068,-0.029725309,-0.056911447,0.0209571675,0.3860978203,-0.020106142,0.0,-0.001076236,0.2451372399,-0.062453073,1.0,18.098205908,13.534216046,0.0,0.291867584,0.1036876098,0.1353879008,0.673464591,44.837993208,2.111716e-10,1.7280735e-09,0.3775221299,0.1425229586,1.0741853624,0.2644577741,-0.248081456,-0.359949562
89397,0.2610032179,-0.001496493,2.8040505962,0.0015765996,0.3651677268,0.2622939867,0.0980935154,0.081310439,0.3070100111,0.0159875189,-0.000202411,-0.083192072,-35.93133343,0.05227449,0.0831920716,19.0,-0.000131266,-0.030769231,-0.022958131,-0.002383517,0.0534536582,0.492874018,0.2293828002,-0.01165528,0.0309663177,0.3589371863,0.0,1.098245804,-0.227312957,1.0809840482,-0.22352894,1.7167848521,2.9067347344,0.0501330323,1.0,0.0,1.0,0.0,0.0,0.7196526996,4.0,-2.96716159,0.0533776388,-0.245593662,0.1831340233,-28.45441164,0.0546674365,-9742.272754,0.03476008,15.009770587,0.0026450683,0.0058107505,0.0096034,0.003135228,0.1342366156,0.1288020368,3.0,0.0034334764,0.8522054898,0.0080533447,4.0,15.576805649,1.5107585901,0.0,0.056853421,0.0230839961,0.0294496428,0.3155042803,2.870748839,7.438185e-10,1.3675036e-08,0.8360865047,0.6990406433,0.0194637771,0.0305758337,0.0403970952,-0.146789762
89447,0.3171901996,-0.016622193,128.33246935,0.0285944472,0.3073502216,1.4850405892,0.0024207861,0.0367251364,0.1759259259,0.0014155484,0.2585905012,-0.058032561,-2.148417668,0.0190892197,0.0580325613,20.0,-0.002354216,-0.074288592,-0.003342549,-0.200080878,-0.283559169,0.0986458719,0.1679112204,-6.0518e-05,-0.113994421,0.4240275055,0.0,1.3316670156,0.0419624375,0.9760957566,0.1028736971,369.8178634,11.033859337,0.0293414869,0.0,0.0,1.0,0.0,0.0,0.2938121243,4.0,-0.005136255,-0.364411191,-0.283567488,-0.189263245,-0.49687625,0.09106334,-3133.600043,0.130812276,13.309149929,-0.019956986,-0.02820486,-0.050236155,0.0548442341,0.0064099398,-0.024300248,1.0,-0.000497512,1.6950447475,0.0542998351,4.0,13.539388972,1.6590960452,0.0,0.0493747666,0.029800184,0.0482028519,0.3045499655,2.6919446408,5.2743119e-09,1.2972681e-08,0.5297224622,0.2806058869,0.1204559062,0.0417498872,0.2543774069,0.1164530181
89449,0.2608647953,0.045727327,1.2531600506,0.0,0.8029970348,1.4936365941,0.0275860867,-0.083632783,0.4492664082,0.0240756664,-0.154266297,-0.152983001,-3.721617886,0.2159069648,0.1529830005,19.0,-0.080515938,-0.308823529,-0.099993376,-2.399993376,0.1179016626,0.1103518961,0.1263297971,-0.255126147,0.2334741082,0.644268173,0.0,1.2405377907,0.3341976345,0.7893531977,2.030814569,5.4167057018,154.01168736,0.1251260434,0.0,0.0,0.0,0.0,0.0,2.4588135924,7.0,0.0458771895,-0.298269208,-0.309795924,0.2241563637,-1.105593377,0.0902687414,-23596.69528,0.2560171468,11.207691855,0.0030219219,0.020946034,0.0854471525,-0.01018819,0.0778944519,-0.006438139,1.0,-0.003113879,8.1903948962,-0.263268028,4.0,13.006737354,6.1715640059,0.0,0.0438311659,0.0471193509,0.0674299824,0.4117142398,18.572552769,1.26232e-08,3.4631901e-09,1.8008237578,3.2429662068,0.1557379177,0.1303626203,-0.571571403,-0.359949562
89540,0.4110821498,0.0931709994,0.3715780484,0.0194740639,0.9511814227,1.6840187552,0.1472416122,0.1696143657,0.5122540944,0.0165535567,0.1054455803,-0.142199876,-1.928366,0.272838787,0.1421998761,19.0,-0.034587268,0.2043269231,0.095223457,0.084873071,0.1079640354,0.0932705501,0.3673719285,-0.045853549,0.3510837966,0.5952757042,0.0,1.4742580772,0.2702233374,0.7082124604,6.0789336743,5.7802362631,154.01168736,0.165281723,0.0,0.0,0.0,1.0,0.0,1.9327205275,7.0,-0.051608371,-0.199912091,0.203354528,0.3743737183,-0.630118844,0.1472005636,-18269.4103,0.2560171468,15.334472595,0.0041584881,0.037742286,0.1053156428,0.0328152642,0.1716269679,0.003181131,0.0,0.0111102166,2.516886159,-0.082535901,6.0,17.117801347,9.6767650143,0.0,0.0968557224,0.050818779,0.0688204531,0.7834473028,87.031440472,1.406934e-10,1.2365618e-09,1.8351515885,3.3677813528,0.0105315214,0.0565607737,-0.572729584,-0.359949562
89908,1.2119310985,-0.006823645,-5.511550282,0.0,2.6057513777,3.013125369,0.0208328416,-0.190746456,0.349489503,0.0204608939,-0.222925825,-0.237140382,-43.17241379,0.9016014033,0.2371403822,18.0,-0.011872514,-0.037288136,-0.102190325,0.1231695389,-0.038377042,0.0899115509,0.0140107617,0.0184777632,-0.111650563,0.4704765105,0.0,3.9860169251,-0.389147478,3.0582368386,-0.408587561,22.987205443,2.3944467588,0.0276917326,0.0,0.0,1.0,0.0,0.0,1.1281944577,4.0,0.1950942481,0.1671601114,0.0630999799,0.4863658626,0.1777362291,0.5874720892,-4098.415613,0.4274172795,12.657153346,0.0004939342,0.010672654,0.028389758,0.108397315,0.0202202086,0.0373997843,0.0,-0.002694207,1.5945750398,-0.060362798,6.0,14.167722112,5.2068970349,0.0,0.1290042996,0.054962335,0.0686904074,0.2587931792,6.3196432408,6.6105131e-09,4.8551276e-09,1.7416778953,3.033441891,0.2294568429,0.085511325,-0.340219391,-0.359949562
90215,0.2001691932,0.0196440112,12.251098111,0.0,0.119677954,0.1025232134,-0.028563541,0.202717411,0.3090011973,0.0291153415,0.1679299468,-0.012007214,-0.179027505,0.0231608295,0.0120072142,17.0,0.0,0.1388849768,0.2429523921,-0.004669532,0.0270095851,0.2964859615,0.7799018642,0.0072923847,0.2245241257,0.3152855915,0.0,1.2347134477,0.1482378707,1.2347134477,0.1482378707,1.7760320909,2.5719472347,0.249777411,0.0,0.0,1.0,0.0,0.0,0.4989818504,8.0,-2.755216866,0.0425235854,-0.075939454,0.1222999987,-28.14614726,0.0255537759,192691.34666,0.03476008,18.886081707,-0.005715639,0.0052787115,0.0084293948,0.0048966588,0.1074042728,-0.039358386,0.0,0.0011678735,3.832300296,-0.113030899,7.0,19.320503092,1.5723547739,0.0,0.040456336,0.0283841308,0.0437055816,0.2593808733,2.6982290135,1.761689e-11,1.2318395e-08,0.7964881055,0.6343933022,-0.011726541,0.0445520719,-0.634483437,-0.146789762
90679,1.1256527152,0.0495108877,-3.964296537,0.0,0.5500639894,2.5217808455,0.0690046416,0.1255977131,0.4335758836,0.0,0.2987146051,-0.084481557,-2.752988048,0.1858137696,0.0844815571,17.0,-0.027899698,-0.085365854,-0.031954204,-0.385038291,0.2391027461,0.1067804799,-0.37960829,0.0296517672,0.0759455485,0.5290999007,0.0,2.9367125412,-0.582595509,1.3897073076,-0.493113168,17.29491342,6.3762593516,0.1554357956,0.0,0.0,0.0,0.0,0.0,0.6258908707,6.0,0.0142522849,-0.320275152,-0.294644749,0.6191992709,1.9351155135,0.2577878899,-3819.229283,0.130812276,9.7041111459,0.005535343,0.0089057222,0.0124307912,0.0645811339,0.0853323483,0.0634174379,1.0,0.0288780636,3.1975965867,-0.048962883,6.0,9.421801543,0.7804635955,0.0,0.0293160118,0.026180854,0.0314591474,0.59064868,1.4025543637,6.2669294e-07,4.9194279e-08,0.7648541347,0.5850018473,0.1679115679,0.0566220415,-0.075189398,0.1164530181
90371,0.7531141148,-0.257158461,-2.024600746,0.0,2.1713962318,2.856682187,-0.110942383,-0.120735244,0.3971143301,0.0476785479,-0.069821839,-0.130206898,-1.582430492,0.149776929,0.1302068975,17.0,-0.02303476,-0.139534884,-0.245856509,0.0344662399,-0.048660847,0.0842342742,0.1800727043,-0.235536328,-0.240581738,0.5772342255,0.0,1.1216303958,-0.023596604,0.5960728999,0.1294234117,7.3280711825,30.778782399,-0.048130719,0.0,0.0,0.0,0.0,0.0,1.3317800769,3.0,-0.163733108,-0.443273006,-0.140507279,0.7164056832,-1.252851524,0.0241387057,-23820.5596,0.2560171468,12.675185849,0.0076087836,0.02241226,0.0695718565,0.0800901756,0.1783138111,0.0208913138,0.0,0.0350765306,9.1619678163,0.2753120353,1.0,13.778068831,4.6870255127,0.0,0.1462830007,0.0583018372,0.0678454619,0.4525550007,12.722941322,6.8256736e-09,4.4081501e-09,1.6369629945,2.6796478454,0.1187146829,0.124526949,0.1545066519,-0.359949562
90715,0.5010822766,0.0691210192,0.9334879188,0.0,0.4042129228,0.8983021222,0.1544935792,0.0919937261,0.3878894141,-0.008866347,-0.005364012,-0.065025917,-0.815787057,0.125509052,0.0650259173,16.0,-0.000774853,-0.042958129,-0.042042144,-0.025237916,0.006405165,0.0644315794,0.063438937,-0.029412923,0.1856095227,0.6574929064,0.0,2.7386621779,0.0601174451,2.0512606676,0.1805949744,2.6379259843,59.829206426,0.223229747,0.0,0.0,0.0,0.0,0.0,0.7608703115,7.0,0.1052079261,0.1355194457,0.0812332561,4.8808746197,-0.110349126,-0.660546364,-4859.102542,0.1259346863,13.366849745,0.0009444092,0.0297863093,0.0516611251,0.0194956544,0.3456244141,0.0323604527,1.0,0.0036855037,0.860733059,-0.000508247,5.0,14.33884998,3.8380952381,0.0,0.1271836907,0.0435418069,0.0580469527,0.2748738372,4.8842639864,3.0322602e-09,6.6582687e-09,1.6102721078,2.592976261,0.0456818105,0.0605945219,-0.327270178,-0.232879901
13379,0.0592035416,-0.033723628,12.743627,0.0,0.1587601129,0.0828024301,-0.193613538,0.0788707211,0.3232204014,0.0339632925,0.2425665152,-0.126834228,-0.789794929,-0.007088878,0.1268342283,9.0,0.0,0.1206896552,-0.054915245,-0.383330505,-0.060605703,0.173752866,0.0888643049,0.0215657,-0.202769891,0.5016573176,0.0,2.1461775979,-0.002265371,2.1461775979,-0.002265371,1.1992962546,2.0008858382,-0.211111951,0.0,0.0,0.0,1.0,0.0,0.8142924805,1.0,-3.204010437,0.010405571,-0.094134776,-0.018665653,-28.75174448,-0.004695931,12325.856066,0.03476008,16.618986302,0.0003249507,-0.056781939,-0.30257565,0.0040572097,0.3162954107,0.0921857872,2.0,0.0010921005,1.11095934,-0.062127195,4.0,17.396424337,3.0942448726,0.0,0.0953607932,0.0640338253,0.0715244072,0.3342799302,5.4900135846,1.788754e-10,5.6568562e-09,0.99385965,0.9877570038,0.0365979432,0.0556598556,-0.150746558,-0.146789762
13511,0.0163414832,-0.012849119,10.516932737,0.0,0.2441049291,0.109615424,-0.036136553,0.1297460675,0.357513182,0.010384216,0.1901652519,-0.207375563,-4.012627781,0.0387096126,0.2073755633,10.0,0.0,0.3068380334,0.2487090717,-0.023492259,-0.008609588,0.4469292964,0.3254970531,0.0057912502,-0.42412416,0.4062711393,0.0,0.908261184,-0.523362975,0.908261184,-0.523362975,1.4643385515,3.2257844475,-0.027417209,0.0,0.0,0.0,1.0,0.0,2.7933381739,4.0,12.924710249,0.0130949868,-0.008769559,0.0388762517,-9.904163207,0.2864740892,24791.036534,0.0371991411,17.729421484,0.0002864837,-0.010115607,-0.135673127,0.0059983462,0.3324061996,-0.00164168,2.0,5.24465e-05,1.3673860893,0.0103601273,6.0,18.657505291,3.7445542898,0.0,0.0969589949,0.0464680669,0.0582329585,0.3573653683,10.635239296,3.343791e-11,4.3008018e-09,0.8903584821,0.7927382267,-0.02633514,0.0453688563,-0.586424915,-0.146789762
91733,0.2238296675,0.008531661,11.137536467,0.0,0.1157224682,0.1444110971,0.068771395,0.5874171302,0.3142469322,0.0296293218,3.2164736919,-0.083515249,-2.708885174,0.031642951,0.0835152492,15.0,0.0345036736,0.4214975845,0.0751873149,0.1769819997,0.0526119366,0.2354825301,-0.27395268,0.1542531549,0.2004153747,0.3873432551,0.0,4.1756822789,-0.445208422,3.4308052191,-0.49889461,2.1853114348,2.9409810916,0.217582092,0.0,0.0,1.0,0.0,0.0,0.3592893522,4.0,-1.411698315,0.0421112174,0.4181583805,-0.195591806,-0.307249157,0.1091970224,-14978.59425,0.0629453635,14.64602287,-0.020411322,0.0027791444,0.0042207141,0.0132745965,0.1200477247,-0.152738718,1.0,0.0021321962,9.1619678163,-0.185445391,5.0,15.592065634,3.1509466736,0.0,0.0673556253,0.0422764425,0.0543535675,0.340554524,3.4764842748,1.6855138e-09,9.4330387e-09,0.9818958437,0.9641194479,-0.017026435,0.0630725073,0.4020227653,-0.209530018
92203,0.0597175959,0.0137453826,34.15142848,0.0,0.0379664107,0.1027410007,0.2680213978,0.2754536694,0.8058591057,3.06868e-05,0.2238393964,-0.057435483,-0.364099621,0.0187500712,0.0574354834,14.0,0.0344782188,0.3157894737,0.1061954175,-0.776198476,0.0023812551,0.1252787868,0.0532081377,0.1270186027,0.3105944111,0.5616825659,0.0,2.4053803424,-0.174561704,1.6725382652,-0.195243736,3.8260008327,58.142851482,0.5239833073,0.0,0.0,0.0,0.0,0.0,1.3545152232,5.0,-0.106867539,-0.018292774,0.3327677808,-0.526210001,0.1459136915,-0.092422537,27260.159143,0.2179887911,17.39449043,0.0026122406,0.0426296986,0.0703018831,0.0055247971,0.2173205334,0.0672527294,0.0,0.0004720929,2.2535861854,-0.059496988,6.0,18.463358582,2.8163318088,0.0,0.102892682,0.0482637306,0.0523559435,0.3776024883,5.660248589,7.096115e-11,7.2716969e-09,0.9213895002,0.8489586111,-0.061978364,0.0440331007,-0.762166151,-0.216696311
92257,0.1565888336,0.0356048856,7.2758449801,0.0,0.3454089119,0.2035775941,0.0875232007,0.103521716,0.3882254507,0.0038256573,0.0352605652,-0.085011752,-1.142371234,0.0762788827,0.0850117519,14.0,0.0,0.0967741935,0.0884284525,0.0753565571,-0.00707252,0.2492492492,0.0109997638,0.0138434624,0.2913397061,0.2914335194,0.0,1.026949678,0.5845506615,1.026949678,0.5845506615,2.4663592538,3.4507331378,0.1344713376,0.0,0.0,1.0,0.0,0.0,1.4273077472,4.0,-3.357656804,-0.011691275,-0.118050238,0.078719639,-28.07113485,0.0786718291,43202.763056,0.03476008,17.804141918,-0.002195872,0.0135080098,0.0413721414,0.0050893082,0.3522822739,-0.004178125,0.0,0.001252472,0.8648289064,-0.014990204,6.0,16.991987805,1.0284062373,0.0,0.2478320003,0.0615258204,0.0409085457,0.9465262534,9.0319775112,1.195165e-10,1.2894273e-08,0.6919398854,0.478780805,0.087060376,0.041672092,0.1843962881,-0.146789762
92322,0.1270418192,0.0111717184,11.751544236,0.0,0.1963505665,0.3908657906,0.0670725766,0.0464849815,0.4619634316,-0.006165097,0.0434340454,-0.127492493,-3.608610345,0.0514860968,0.1274924926,14.0,-0.025213583,-0.159090909,-0.168437895,-0.554351184,-0.076713135,0.119089317,0.1051207732,-0.032167993,0.0512356382,0.6209971721,0.0,1.8715134854,0.0355576769,1.0021202444,0.4963869867,5.881121475,31.857412135,0.1565074375,0.0,0.0,0.0,0.0,0.0,1.1782782554,5.0,-0.139783087,-0.515373423,-0.160063304,0.0903333876,-1.151606888,-0.074152127,-8221.272002,0.2560171468,16.90310143,0.0089183029,0.0434524789,0.1145268173,0.0222987149,0.1144250494,0.0252107399,0.0,0.0044098432,1.6889235764,-0.012061905,7.0,17.713612053,3.3016840995,0.0,0.1246692687,0.0441278344,0.0428355183,0.4262451181,10.599040101,6.34109e-11,5.0127294e-09,1.3787185428,1.9008648203,-0.016567469,0.0500377054,-0.009772167,-0.359949562
92471,0.7728919817,0.0402931936,-2.709534118,0.0,0.9253279026,2.9377268652,0.0555511069,-0.163587579,0.278632235,0.0097604656,-0.294699312,-0.171556312,-7.937590411,0.3601240604,0.1715563119,14.0,-0.099485759,0.3774566474,0.081254487,0.1316419773,-0.101642494,0.0992734985,-0.127277718,-0.197252659,0.0758524966,0.5833135909,0.0,1.8275086614,0.2412784383,0.5095307087,0.9345935797,17.865831118,20.420234702,0.0769595077,0.0,0.0,1.0,0.0,0.0,0.7666674394,6.0,-0.00189297,0.4332124166,0.3831435272,0.3500695263,-0.982830668,0.1296687348,-6211.033236,0.4119188279,13.298030973,0.0034345112,0.0259908908,0.055674081,0.1450087642,0.1058676199,0.0117597073,3.0,0.0098522167,4.7733670577,0.0333709382,4.0,13.485487334,1.73406298,0.0,0.0767068192,0.0352252259,0.050866018,0.4627801078,3.9618642019,8.994822e-09,1.4188765e-08,1.1840489335,1.401971877,0.0388111491,0.0500182944,-0.288917401,0.026034953
92635,0.6088579725,0.0826446281,1.7372506927,0.0156340198,0.4315578324,1.5550606418,0.1229597999,0.0372159604,0.3483519741,0.0143270843,-0.114002489,-0.030673401,-0.379220779,0.1139851884,0.030673401,14.0,0.0444997118,0.0246880807,0.2590218337,0.0322387286,-0.009611753,0.1847167348,-0.077265032,0.0334116558,0.1799617157,0.4069033448,0.0,1.5762368593,-0.009729151,0.9906139835,-0.117073976,26.76291156,9.898983464,0.3148632625,0.0,0.0,1.0,0.0,0.0,0.6700744043,6.0,-0.028772197,0.1704695982,-0.076474485,0.0803015526,-0.472573002,0.0795660914,-3066.175165,0.0495151733,13.42851128,0.0012377365,0.0290576091,0.0515504861,0.0527414288,0.0558479235,0.0078620179,1.0,0.0043436293,1.9584527032,0.0663178475,4.0,13.472920405,0.983832563,0.0,0.0438774824,0.0207754621,0.0314844823,0.3567052836,1.5025481926,7.4823681e-09,2.5273882e-08,1.7065558008,2.9123327012,0.0355620952,0.0383567107,0.1504426112,-0.102388065
93373,0.0248546788,-1.040076855,-2.749937359,0.0,3.7164478511,3.0997778496,-0.298844346,-0.185555796,0.0589549901,0.0164106254,0.0464672643,-0.050365075,-0.201808366,-0.73243807,0.0503650749,11.0,0.0271187088,-0.29512894,-0.401556265,-5.127236911,-0.433091921,0.0778132135,0.1141241027,-0.099741503,-0.976153206,0.557929987,0.0,0.921283829,-0.085006962,0.4080162624,-0.238226569,21.626767369,9.5980396829,-0.232492178,0.0,0.0,1.0,0.0,0.0,0.2514681198,1.0,-0.161199501,-0.132180135,-0.170937554,4.4046470218,-0.136609748,-1.616236061,-5572.081462,0.1259346863,12.202158455,0.0130329394,0.0104656185,-0.556993275,0.5822769078,0.027788099,0.0417790781,6.0,0.4454632739,2.4532169652,-0.039478973,2.0,14.185790715,10.440125361,0.0,0.1764706075,0.0805002029,0.0995272478,0.5905302687,58.107012218,5.750862e-09,1.5351377e-09,2.2596835368,5.1061696863,0.1293570923,0.2483735701,-0.03255085,-0.232879901
12363,1.115313958,0.0307457137,-2.136897816,0.0,0.5988029678,1.6584905948,0.0591171495,-0.039759953,0.523904751,-0.002656479,-0.159862255,-0.022922292,-1.384748301,0.0733207885,0.0229222919,11.0,0.0339610697,-0.092592593,-0.054400943,-0.432642762,-0.006569437,0.1473127153,0.1622209633,-0.074180327,0.0366626066,0.4855585038,0.0,3.3539508692,0.3398848924,1.5274843076,0.4026639831,7.1524667787,13.411771445,0.168360279,0.0,0.0,0.0,0.0,0.0,0.9188464957,5.0,0.0388369652,0.0174295325,-0.017034964,0.461585248,-0.574314455,-0.008672839,-2437.014667,0.2250075984,12.296622048,-0.002178597,0.0110044776,0.0178984084,0.0297956122,0.1445245438,0.0068158814,0.0,-0.006116208,4.1933269094,-0.142788074,4.0,12.609126364,2.1034183144,0.0,0.1008404046,0.0366441376,0.0508188905,0.3058265663,4.1052226859,1.281414e-08,8.5067739e-09,2.1957349601,4.8212520149,0.0768979025,0.0781358172,-0.112308954,-0.289697963
13399,0.5503139375,-0.003922934,-0.01634984,0.0,1.1815088323,1.8204091226,-0.007317461,-0.075309161,0.2949747549,0.0018164082,-0.108310773,-0.076117299,-34.97117904,0.1332666834,0.0761172992,9.0,-0.002286827,-0.105263158,-0.142049088,-0.30758015,-0.081450354,0.0679274205,0.0695131501,-0.070525391,0.00450904,0.6487421999,0.0,1.5884814951,0.1047971544,1.171452317,0.1198264859,3.7645795988,60.904287024,0.0489618502,0.0,1.0,0.0,0.0,0.0,1.0084052007,4.0,0.0542520697,0.0626845338,0.0189282276,4.9301062806,0.0007754187,-0.652788733,-5670.034062,0.1259346863,12.164499712,0.0133310737,0.0389301951,0.121671183,0.153150335,0.2828399399,0.0848024225,4.0,0.0237752161,2.1647294507,0.0930820331,5.0,13.473295134,4.6927339901,0.0,0.0936280638,0.0388904723,0.0506419928,0.3107353788,6.5768032169,1.0328278e-08,6.2195801e-09,1.6157599236,2.6106801306,0.0104193556,0.0732135,-0.582885621,-0.232879901
13181,0.161195978,-0.006939415,6.8975491926,0.0,0.0810679414,0.077553315,-0.107278833,-0.018185916,0.1704939675,-0.003211042,0.0972582349,-0.075999793,-2.677823387,0.0116431131,0.0759997926,10.0,0.0,0.0936802974,0.0012932655,-0.117167888,-0.099160284,0.2081878,-0.174728543,0.0098686937,-0.067525447,0.5794232668,0.0,4.5128931718,-0.243388254,4.5128931718,-0.243388254,0.6639709423,4.0587072501,-0.039799735,0.0,0.0,0.0,1.0,0.0,0.2320674953,3.0,12.910754905,-0.002841403,-0.221927295,0.1837307466,-9.320734094,0.2594075897,-4452.579666,0.0371991411,15.71445298,-0.002719588,-0.022084162,-0.033190627,-0.000369298,0.392915362,-0.004287362,0.0,0.0003181421,2.4302072554,-0.042276645,6.0,15.730694667,1.4810616907,0.0,0.056373205,0.0311386101,0.0416325564,0.2937384439,2.5580199849,4.288196e-10,1.1453975e-08,0.7500102925,0.5625154389,-0.026455887,0.0381149276,-0.503176793,-0.146789762
21020,-0.674497254,-0.906564235,-2.092099612,0.004387424,7.027530861,1.7689481312,-0.212377372,0.0335527961,-0.08255688,0.4513676924,0.1457588209,-0.038392499,-0.263590321,-0.667602678,0.0383924985,46.0,-0.00388515,-0.231862378,-0.621198217,-0.38805536,-0.739255898,0.0595148221,0.1228223466,-0.102225185,10.67693475,0.4930850535,0.0,0.6696239966,0.4942097248,0.5722131692,0.6487482834,2.3199518266,12.918777943,-0.101094675,0.0,0.0,1.0,1.0,0.0,9.1062751267,2.0,-0.177944748,-0.098567537,-0.129786089,-0.727246465,-0.168926641,-0.725022297,2813.1037054,0.1434304144,16.316239545,0.0116769949,0.0023459925,-0.022172949,0.4363164611,0.2258865818,0.0811301331,4.0,0.0063352827,-0.073187723,-0.018761796,2.0,19.207706403,14.000537838,0.0,0.1062464491,0.0362065941,0.0429129963,0.4102872629,27.863769651,3.506016e-11,1.8516896e-09,2.2176811919,4.9181098689,-0.016514299,0.0792157586,0.09362619,-0.152691328
11499,0.8232965402,0.0333571233,-2.316142921,0.0,0.8762917506,1.2837922162,0.0487715149,0.0261283242,0.2629228386,0.0065458064,0.0003849365,0.0091551312,0.4615759347,0.0179602779,0.0091551312,41.0,0.0180155589,-0.120481928,-0.075637159,0.0030956344,0.0001782877,0.3594044341,-0.021589267,0.0127741737,0.0499489682,0.3148739536,0.0,1.6778686126,0.0767269259,1.1032225027,0.0238729697,8.3576472455,5.0123877804,0.0840762028,0.0,0.0,1.0,0.0,0.0,0.5383204588,4.0,0.0818304775,0.0227777072,-0.121385066,0.3668058496,-0.371566795,-0.034264148,-8383.486045,0.0376507894,12.025496065,-0.00033879,-0.003043569,-0.006074419,0.0103210268,0.0823214132,0.0138391777,0.0,-0.014204545,0.4076899603,-0.030035606,2.0,11.634808841,0.5298301516,0.0,0.0538793132,0.0352126856,0.0535225215,0.3444448902,1.1896455806,5.4891027e-08,3.0191921e-08,1.3245647796,1.7544718554,0.071777103,0.0553468604,-0.252058776,-0.028114825
27991,0.6252913067,0.0611093589,-72.29544757,0.040298219,1.5836369938,0.3981374754,0.0364174217,0.0834002598,0.0758975731,0.002241275,0.1037879372,-0.021600498,-0.755243307,0.1072617932,0.021600498,46.0,-0.000603797,-0.02962963,0.0333523565,-0.069051763,0.0772203067,0.0399421286,-0.028175266,0.0794671991,0.0373537375,0.4383835717,0.0,0.880836469,0.7773265709,0.6351080869,0.9294944074,59.814934632,8.4203234341,0.0856770176,0.0,0.0,0.0,0.0,0.0,0.2126871416,5.0,0.7069910265,0.0496242846,-0.03363791,0.1855457106,0.010538833,-0.076341822,-2509.880958,0.0260918659,15.900600474,-0.00027193,0.016133549,0.059429931,0.0065846615,0.00119277,-0.232154986,3.0,0.0011055832,-0.094606328,-0.020694441,4.0,16.495939076,1.3883062982,0.0,0.0253502913,0.0126273167,0.0198258751,0.2697582786,1.5186951483,1.856379e-10,1.9190534e-08,0.8472642923,0.7178567809,0.0601584968,0.0358971415,0.3762356192,0.1163368332
10517,0.2703047327,0.0640383109,65.775685905,0.0030683305,0.0908021897,0.681039722,0.2335966407,-0.445469663,0.7167090181,0.0150634012,-0.679654638,-0.096349804,-0.951675106,0.1249819773,0.0963498038,39.0,-0.006066904,-0.6,-0.370615119,-0.079351023,-0.009092749,2.2480733409,1.5950406126,-0.340318584,-0.432360978,0.3710617738,0.0,20.515295481,5.8389386459,20.515295481,6.2131521364,67.801746487,17.6962935,1.4118782575,0.0,0.0,0.0,0.0,0.0,1.3604050979,5.0,1.9261731076,-0.142723247,-0.871433837,-0.405561442,-0.355351194,-0.186733261,-1080.769513,0.1116995972,14.193969063,-0.000187526,0.0402638297,0.0539933323,0.0142210859,0.0885592515,0.5619810412,0.0,0.0016662699,4.4578382772,0.1001528986,3.0,15.788085283,4.1468336942,0.0,0.0790806636,0.0319973847,0.0456344637,0.7267618404,46.590043558,9.385403e-10,4.1805171e-09,1.995619218,3.9824960633,0.0315043056,0.0724901048,-0.139683384,0.0472491512
20482,0.1690489688,0.0230544759,19.699632443,0.0140358496,0.2039117091,0.1784543287,0.0857458462,0.0686582114,0.3109873761,0.0049514809,0.0808779314,-0.048848222,-0.767166182,0.0407410902,0.0488482216,46.0,0.009912059,0.0186915888,0.0847542628,-0.097549885,-0.026773807,0.3284304047,-0.022336566,0.0420846407,0.0545548121,0.2742339417,0.0,1.7167212564,0.1903199724,1.295792391,0.2400839348,4.8416340235,5.395696913,0.2048574168,0.0,0.0,0.0,0.0,0.0,0.6615414308,6.0,51.935727069,0.1377791297,-0.062214181,0.3664485142,-0.642706484,4.1542394737,186409.34485,0.0357482652,19.114603659,0.0029546804,0.0286615076,0.0621301775,0.0099335651,0.1313368114,-0.003762032,1.0,0.0040633201,0.2332345971,0.0689487513,6.0,18.799942252,0.6417318982,0.0,0.0317310393,0.0190603948,0.0251287463,0.2666305599,0.7744979275,2.464746e-11,3.7676105e-08,0.4647305933,0.2159745244,0.2357941963,0.0329016173,-0.193618738,-0.145662284
60038,0.6233942623,0.0805037013,4.2181593473,0.0,0.6674779659,1.6301825562,0.0958870326,0.1726245835,0.5719780766,-0.003581021,0.2199513117,0.0197659341,0.2936164959,0.0568664866,0.0197659341,46.0,0.0951142069,0.2517006803,0.151245639,0.0850105988,-0.00851735,0.1655708045,-0.178898064,0.1755410884,0.1258594381,0.4886107941,0.0,4.1426167021,-0.060823384,1.6326419484,-0.2010004,39.357571394,6.0355131932,0.1939686567,0.0,1.0,1.0,0.0,0.0,1.1202226012,3.0,-0.093618349,0.121176447,-0.054825529,0.000374574,-12.90657883,-0.039756949,-2978.292005,0.0553124103,11.662704855,0.0016826943,0.0146975327,0.0274673615,0.0395266073,0.0375165275,-0.064350812,0.0,-0.002138057,-0.475647249,-0.03659194,4.0,10.625586555,0.3529300388,0.0,0.026666699,0.012549277,0.0336042657,0.5609958186,1.0329186188,4.2379072e-08,5.5635209e-08,0.284967523,0.0812064891,0.4806971562,0.0474348283,0.0650009037,-0.010696088
10779,0.5941227115,0.0065415749,0.4937532962,0.0264300727,0.3947629418,1.1642684409,0.0673754239,-0.011860833,0.5120716921,-0.006747638,0.0205946536,-0.111255469,-16.91935484,0.1172208014,0.1112554686,43.0,-0.099557522,-0.144144144,0.100723192,-0.530457434,0.0509069206,0.2082752208,0.1702026148,-0.119504481,-0.032307957,0.5352299813,0.0,2.5999366153,0.020556213,1.6025776463,0.4485460341,6.4663053033,6.8263223013,0.1074586568,0.0,0.0,1.0,0.0,0.0,0.8346794982,7.0,0.2390285564,0.1947670786,-0.181725821,0.190660414,-0.665504974,0.0995068231,-16328.99303,0.0642905452,10.569294087,-5.7166e-05,-0.048884571,-0.073257773,-0.002800027,0.265122144,-0.01898502,0.0,-0.072758584,0.2839215207,-0.04846417,5.0,8.8096911302,0.1848206345,0.0,0.0444444008,0.0273755534,0.0639648633,0.699598353,0.9943944241,8.5805785e-07,1.1024524e-07,1.2598488836,1.5872192096,-0.03337986,0.0705615867,0.1551490065,-0.091892872
61487,1.4576790861,0.0097281591,-3.388064919,0.0397925702,1.4381543287,9.4909832016,-0.024463178,-0.104747886,0.0701543335,0.0018885741,-0.179161947,0.1435148933,4.9535809019,-0.430180171,0.1435148933,47.0,-0.022553981,0.093373494,-0.435514869,-0.600123583,0.1055688544,0.1817585751,-0.141264185,0.0491533723,-0.016809438,0.6690637064,0.0,1.6369818766,0.0562042378,1.4681792786,0.0605233854,19.63741477,9.0410215144,0.119940177,0.0,0.0,1.0,0.0,0.0,0.1501309013,3.0,0.0708789443,-0.683308299,-0.426157581,0.933568462,-0.951791539,-0.608048264,-2639.335085,0.1434034542,12.042283235,-0.009373781,0.0042355468,0.0099837909,0.4700038162,0.2764986165,-0.033975451,0.0,-0.013500165,1.7717805978,-0.037225365,2.0,11.569754702,0.4368894994,0.0,0.037333373,0.021724685,0.0359991084,0.6619271276,1.4443948311,5.9634251e-08,5.2796764e-08,1.2260108418,1.5031025841,0.0595598428,0.0636299213,0.2181444704,0.4042341731
61241,0.052556793,0.0224201498,44.816510917,0.0,0.0281377382,0.0879067963,0.2054856115,0.4867285999,0.7571333776,0.035042735,-0.02374258,0.1893262175,0.5698795181,0.0096433656,0.1893262175,47.0,0.0556370914,0.1052631579,0.4504531273,0.3456101257,0.0658259424,0.2555948174,0.2689742696,0.1169542137,1.0647329324,0.5572202633,0.0,2.5415804717,0.3042393589,1.9627637567,0.2808187281,4.2633187773,4.7027938343,0.8558330699,0.0,0.0,0.0,1.0,0.0,1.5978068624,6.0,0.3720577175,0.0949082758,0.067681481,-0.350905505,0.303997687,-0.008070613,94693.905613,0.0642905452,18.747000466,0.0099672505,0.0863342999,0.1306440198,0.0121236613,0.3235004035,0.0085196908,2.0,0.0005830904,0.6664875961,0.0205692798,6.0,19.733784695,13.301387384,0.0,0.0557059906,0.0320787178,0.0462015378,0.1811973896,7.0784856981,3.747544e-12,2.0622606e-09,0.9917095667,0.9834878647,0.0003854332,0.059359855,-0.76174254,-0.091892872
28222,0.238787052,0.0357800521,6.4640197335,0.0227963798,0.2252337347,0.1820571163,0.0861087952,0.0671752389,0.1771341161,0.0017193248,0.003599101,-0.050476957,-0.64722989,0.0589379712,0.0504769575,47.0,0.0018874561,0.0830090791,0.165610921,-0.002090504,-0.099871774,0.0956022806,-0.004324434,0.101360828,0.1208546499,0.5445660258,0.0,2.9924975885,-0.167293933,2.830338323,-0.173913525,1.7795821266,6.2370853725,0.2627879796,0.0,0.0,1.0,0.0,0.0,0.3549810427,6.0,-10.47290388,-0.026006525,-0.235565351,-0.116333185,-2.130637789,0.2015145244,50876.453068,0.02204135,17.76477732,0.001009198,0.0212782977,0.0426969556,0.0091883907,0.2159706916,0.1847897491,3.0,7.80914e-05,0.2574476324,0.0374334867,6.0,18.426538821,1.4327758564,0.0,0.0146993389,0.0137918403,0.0217134125,0.2077265075,1.1888695934,3.58961e-11,1.97507e-08,0.6381962258,0.4072944226,-0.004360986,0.0332833944,-0.261149608,-0.24467985
11368,0.2003499299,-0.106283996,0.8856822886,0.0,1.7434896126,2.5563191317,-0.094951103,-0.070509222,0.1873708123,0.0,-0.007462439,-0.037388295,-0.75017168,-0.026552752,0.0373882955,39.0,0.0776789412,-0.054393305,-0.260421902,-0.024859485,-0.199859628,0.1687944804,0.2280905222,-0.115415349,-0.428267933,0.5388709911,0.0,3.7536463324,1.5820372889,1.1995812484,1.1463389393,9.2946765034,16.07499541,-0.034816119,0.0,0.0,1.0,0.0,0.0,0.988627843,2.0,0.3315312992,-0.201417197,0.0476829836,0.1737648725,-0.472489486,-0.083972371,-6919.130755,0.1434304144,10.805582037,0.010680521,0.052053473,0.5499017253,0.0923350848,0.063134899,0.1092202915,2.0,0.126767167,-0.202638083,-0.056349298,4.0,11.090804922,0.9682484299,0.0,0.0473492257,0.0269973391,0.0514763761,1.3684600336,2.0285530456,1.0480908e-06,6.0400931e-08,1.0338338491,1.0688124275,-0.528481486,0.2502040874,-0.569653325,-0.152691328
28804,0.4625862473,-0.204974629,-1.184,0.0069666604,1.7119406701,0.5520691291,-0.164766355,0.0810436389,-0.059724467,0.009902439,0.2766104826,-0.080624283,-0.82326284,-0.036226634,0.0806242834,46.0,-0.001109508,-0.088547278,-0.593895912,-1.079964023,-0.729168202,0.0551832873,0.1236256594,-0.074809513,-0.310090048,0.5547674783,0.0,0.9331469835,0.4663738312,0.9198695551,0.4984745271,1.0657501494,7.4291666667,-0.09168357,0.0,0.0,0.0,0.0,0.0,-0.20180097,2.0,-0.087478839,-0.094502186,0.0135290114,0.4360011898,-0.331712516,-0.093646253,-528.2998946,0.1434304144,15.740907726,0.0141704522,0.0132368996,0.0583634176,0.1705054684,0.231883014,0.1437034635,0.0,0.006996587,0.4084195141,-0.055422924,4.0,17.301181261,3.6115111717,0.0,0.0521983318,0.0239052564,0.0336075811,0.3258721703,5.4504054906,1.624485e-10,6.5649663e-09,1.8373038727,3.3756855205,-0.004898709,0.0461430182,0.2664457314,-0.152691328
11691,0.3905564332,0.0784607233,21.979898477,0.0159278113,0.7880203356,0.9683865452,0.0743517651,0.0193997329,0.2062978843,0.006993007,-0.049173898,-0.082387748,-1.225789746,0.1746370734,0.082387748,46.0,0.0,1.0,0.081793836,-0.078242744,0.3075552765,0.0556328234,0.0590798879,0.0249174106,0.1929998759,0.4273912294,0.0,0.5980449658,-0.098182885,0.5980449658,-0.098182885,120.97969543,9.3941663382,0.1513407554,0.0,0.0,1.0,0.0,0.0,0.6853667618,7.0,1.4448419942,0.0242200387,0.4877268174,-1.094815877,-6.308573773,-0.216944488,1289.9808075,0.0466779283,15.072266368,0.0239427085,0.0932744878,0.241473397,0.1256926241,0.0235509495,0.0568560156,6.0,0.0265146822,0.2617084275,0.0704806615,5.0,16.331569672,2.8163340815,0.0,0.0542686731,0.042020337,0.052451133,0.3740019954,6.6193331353,5.303144e-10,6.4881698e-09,0.8323395236,0.6927890825,-0.068334298,0.0538630789,-0.244632181,0.3806159504
11790,0.9398997804,0.1352748168,-61.46925508,0.0396871841,0.7202911527,0.4212965148,-0.065308283,0.021890045,0.081889526,0.0044041105,-0.081833247,0.0428277766,0.526549815,0.064045887,0.0428277766,47.0,0.0058845902,-0.115537849,0.1735760537,-0.647406786,0.0747518859,0.040485223,-0.021788347,0.0868336569,0.1195427589,0.533502965,0.0,2.4618039989,0.0036195112,0.5171702681,-0.009209658,122.53273138,11.626044121,0.2577888268,0.0,0.0,1.0,0.0,0.0,0.1354250928,7.0,0.0998101793,0.0663102673,-0.200325304,-0.711304304,0.6215329528,0.5018847492,-2429.000399,0.5996831853,12.610295303,-0.013563336,-0.002174171,-0.003940647,-0.003356743,0.0020451644,0.4261496197,0.0,0.0043808411,0.24298603,0.0263855949,3.0,13.219022284,1.7232870676,0.0,0.0572348237,0.0257318412,0.0332113101,0.482550724,5.1106869047,7.0888685e-09,1.1685211e-08,0.3527415831,0.1244266245,-0.346822268,0.035924205,-0.077721151,-0.121518257
10145,0.1184068267,0.032244927,6.6101419185,0.0173200937,0.315695311,0.2202087641,0.1037094344,0.1006663372,0.200719167,-0.020109689,0.1707201121,-0.023185819,-0.299016531,0.0418866933,0.0231858192,46.0,0.001103314,-0.088495575,-0.110926476,-0.011183215,-0.031493795,0.1579694151,-0.129135522,0.0134971625,-0.051097653,0.4038535131,0.0,1.4676772412,0.092952422,1.2338386206,0.1231270172,2.1443495401,4.6537858263,0.1332718575,0.0,0.0,1.0,0.0,0.0,0.6174434952,4.0,-0.82848833,0.0395384657,-0.039050014,-0.185890236,0.1788156564,-0.009726338,139846.16878,0.1993717396,18.6962546,0.0009454924,0.0196575182,0.0700747018,0.0046257509,0.1890607718,-0.010376605,0.0,4.71076e-05,0.2086882377,-0.027133252,6.0,18.917156304,1.0823759095,0.0,0.0267089568,0.0143809283,0.0208617314,0.2913203948,1.6773888956,2.020019e-11,2.5145857e-08,1.000726264,1.0014530554,0.005938885,0.0274319675,-0.09405123,-0.099161033
45911,0.1944736743,0.0550074392,20.613208509,0.0125045277,0.120918709,0.1875715862,0.2234036932,0.6822409775,0.5704466681,-0.001811594,2.494535809,-0.039963789,-0.182673697,0.0650558515,0.0399637887,47.0,0.0115350358,0.1,0.5225139315,-0.398725906,-0.053847433,0.2512442286,-0.022471673,0.1189222002,0.2720570578,0.3418926863,0.0,4.3514047077,-0.158107581,3.0074411541,-0.107874693,5.008430546,6.756281407,0.9052194235,0.0,0.0,0.0,0.0,0.0,0.6963402334,4.0,-0.890154313,0.0735482179,-0.624892405,0.0513885866,-1.903450122,0.1835206439,8395.602236,0.0740556467,16.718739106,-0.00573756,0.0435868665,0.0652234749,0.0130001563,0.118744689,-0.01265939,0.0,0.0005461828,1.6234702839,-0.038824084,7.0,17.889902906,2.555456131,0.0,0.0498840287,0.0258880299,0.0371502401,0.2104951567,2.4331679238,9.583944e-11,9.3314248e-09,1.0704079777,1.1457732388,0.0060655554,0.0354227737,-0.244045975,-0.091892872
28484,0.3311226771,-0.190861431,3.662147326,0.0189442158,0.770480385,0.2879891043,-0.161856886,-0.13593793,0.0139564778,0.006640324,0.0339516396,-0.218013447,-1.430973165,0.0822561551,0.2180134473,46.0,0.005763121,-0.086760563,-0.281447267,-0.016490002,-0.628850756,0.1548031817,0.2708479996,-0.246717473,-0.385478699,0.5541672068,0.0,1.898336414,0.5097669199,1.6654343808,0.4439517429,2.6837262795,5.426744186,-0.066444101,0.0,0.0,1.0,0.0,0.0,-0.018781493,3.0,8.5781168478,0.1316678046,0.0013751473,7.9440235894,-3.834443997,-3.170634871,14447.320108,0.0340789314,17.278916252,0.0072750277,0.0060002087,0.0209548105,0.0248007918,0.1241149307,0.267205052,1.0,-0.002688516,-0.181591923,-0.055064177,6.0,18.149778497,1.8133753985,0.0,0.0435385369,0.0215492083,0.0366297337,0.2618046511,1.9251056051,8.004693e-11,1.6562707e-08,1.3091032771,1.7137513901,0.0581401338,0.0533961086,0.1419744546,0.818494895
81073,0.4039242613,0.0508544022,1.2811371704,0.0040808831,0.8158372931,0.3781250112,0.0635504302,0.0903095574,0.117156957,0.0,0.063187674,-0.065827781,-1.513513823,0.1278232428,0.0658277806,27.0,0.0003199757,-0.006666667,0.1415269368,-0.19696281,0.1967201202,0.071396744,-0.029218003,0.0531354908,0.1495389412,0.4641280658,0.0,3.1934012315,0.4420495409,3.0298617512,0.4909681999,3.514282332,6.8448024088,0.134075314,0.0,0.0,1.0,0.0,0.0,0.3315270854,8.0,0.1376067292,0.3691662329,0.1460758676,0.2253655019,0.2743901818,-0.611063617,8796.85803,0.1989575041,16.16685643,0.0031383205,0.0271188356,0.080190894,0.0267890153,0.1517829708,0.0292821159,2.0,0.0083897033,0.4766485773,0.0132958926,6.0,15.960460599,0.663623691,0.0,0.0280190352,0.0155537107,0.026535904,0.2840890498,0.7659024597,4.474663e-10,3.9979215e-08,0.9449178117,0.8928696708,0.0549252146,0.0331585341,-0.510843354,0.3033517087
93330,0.3487456143,0.0733559027,-10.79874955,0.0122231977,2.482669629,0.4212451751,0.0377779496,0.0888885739,0.0404182158,-0.046132939,0.0858554807,-0.017993611,-0.666175511,0.1222238086,0.0179936109,24.0,-0.001883834,0.0074919729,0.0804076387,0.049270057,-0.02500363,0.1682320284,-0.135112707,-0.000472512,0.1109803321,0.2758318895,0.0,9.0981423129,-0.330152823,9.0706022488,-0.326364545,3.0438860544,0.477913272,0.0321731864,0.0,0.0,1.0,0.0,0.0,0.3173554349,3.0,0.0426464673,0.0230960354,-0.518422889,-0.881974189,-0.204136569,0.2380581707,-7762.027084,0.0397241163,15.433741574,8.9647e-05,0.0072459365,0.0557053998,0.0205769205,0.0361532701,-0.094470333,0.0,6.50915e-05,0.232709174,-0.064995544,6.0,15.566421759,1.0399937632,0.0,0.0279219896,0.0196805858,0.0249962054,0.2464876673,0.9544768828,8.086883e-10,2.9869121e-08,1.5399473368,2.3714378002,0.0554385472,0.0389509215,-0.283488958,0.045344153
12758,0.5318234672,-0.34400995,1.8361474921,0.0050069586,1.0861680874,0.8250870484,0.0279082868,-0.179254712,0.158187092,-0.009758113,0.0077779162,-0.244431606,-1.275185626,0.0946665934,0.2444316062,37.0,0.0,-0.052631579,0.3622782487,0.3859019797,-0.026019655,0.2123650147,0.8574022994,0.0153972403,-0.404841899,0.2903817378,0.0,2.1421252002,0.1629600549,2.1421252002,0.1629600549,12.645623443,3.5881993568,-0.229831914,0.0,0.0,1.0,0.0,0.0,0.3167543357,4.0,0.24330295,0.0838518756,-0.056639859,0.092077871,-0.113214003,-0.088937022,-10387.46174,0.0260918659,14.222337081,0.0020505627,0.0036872054,0.0110436151,0.0188261714,0.0392715909,0.0516543811,1.0,-0.001854714,-0.439081528,0.0869912575,1.0,16.614717024,5.5306973005,0.0,0.0132743241,0.0034732021,0.0062215642,0.4324425263,8.9475629535,9.497336e-11,4.2360981e-09,1.167909348,1.3640122453,-0.006878167,0.0687327974,0.7031647177,0.0700385402
24109,0.4969721685,0.0532039214,-14.94161308,0.0344576463,1.449438679,0.3607666475,0.0313903816,0.0641026824,0.074717725,0.0049274641,0.0727933346,-0.02084654,-0.742148084,0.0926891097,0.0208465396,46.0,0.0017976438,-0.035673254,-0.041313764,-0.122012843,0.151695999,0.0414216897,0.0064342193,0.0687434694,0.0467955705,0.4621765056,0.0,0.4383632023,0.107152498,0.3063958818,0.0849212083,23.342982319,8.0960004341,0.0843275076,0.0,0.0,0.0,0.0,0.0,0.2260979411,6.0,0.7326060643,0.0307430362,-0.039681534,0.0572265724,-0.073103609,-0.090914506,29832.928522,0.0260918659,17.745321342,0.0009022828,0.0094359529,0.0371206327,0.0136155493,0.019054381,-0.02403953,3.0,-0.000985464,0.0214716719,0.0034421288,5.0,18.134569809,1.2711030278,0.0,0.0313888118,0.0152108049,0.0213309326,0.2588491776,1.3938666661,3.825031e-11,2.0737408e-08,0.6619764779,0.4382128573,0.0945215945,0.0321310426,0.2203325351,0.1163368332
59176,0.2361388867,0.0322091633,-1.173529468,0.0151131353,1.7299762515,0.3923148012,0.0355373867,-0.035064365,0.0326339621,-0.00617284,-0.039184023,-0.012604956,-0.783413078,0.0574422431,0.0126049558,46.0,0.0,-0.012403101,-0.187898766,0.0130737915,-0.211172728,0.3076769691,0.2519448389,0.0058440609,-0.003770968,0.7263546223,0.0,1.7850304063,-0.140495709,1.7850304063,-0.140495709,0.7250132908,0.3263898386,0.0272267215,0.0,0.0,0.0,0.0,0.0,0.25850635,4.0,1.7784681789,0.0226457555,-0.038217103,-0.439727288,-0.171323455,-0.254272995,92603.542477,0.1116995972,18.69502768,0.0017782857,0.009766116,0.0714984925,0.0156055386,0.1974156224,0.0041687764,0.0,0.0032829941,0.2336437802,0.0167931486,5.0,19.072349298,1.0981789853,0.0,0.0244890545,0.0192652913,0.0266980925,0.2233461198,1.0400005598,2.604603e-11,2.4598098e-08,1.3854436819,1.9194541958,0.0305315951,0.0386711384,-0.12813803,0.0472491512
13507,2.4989645092,0.1808964944,-10.85677977,0.0341242593,8.9004952386,1.4674317589,0.018197025,0.0304308765,0.0206572825,0.0,0.0177173918,0.0046513774,0.2888568037,0.1286433112,0.0046513774,46.0,0.0,0.0,-0.068239371,-0.094203238,-0.141501417,0.4322410304,-0.135656165,0.001367459,0.078220473,0.2458896835,0.0,5.752150083,0.0029535181,5.752150083,0.0029535181,1.5397303644,0.5747570005,0.0228074475,0.0,0.0,0.0,0.0,0.0,0.0986265034,4.0,0.0178713321,0.0081506902,-0.525914862,1.2682447059,0.5725478728,0.2444776733,-10441.90122,0.0397241163,15.439079572,-0.001090097,0.0016803875,0.0075491967,-0.027797029,0.0722003756,0.0012337029,0.0,-0.023611449,-0.242002462,0.0027089545,3.0,15.327948845,0.6787914854,0.0,0.0090180514,0.0009217286,0.0018192334,0.4629502046,1.5334459021,3.597293e-11,3.3439717e-08,1.043186655,1.0882383971,0.0069437533,0.041401059,-0.687355825,0.045344153
13769,1.4992198208,-0.549003502,-5.503347977,0.0,1.555924773,1.3874433923,-0.003118563,-0.188349478,0.2092668687,-0.004469658,-0.089614054,-0.344903321,-2.380702749,0.758010644,0.3449033212,37.0,0.0,0.5,-0.134336326,0.2179219211,-0.076448331,0.2167416914,0.2573439137,-0.340318584,-0.259632006,0.5578981971,0.0,0.8764135703,-0.329839782,0.8764135703,-0.329839782,4.1241618497,3.8987978142,-0.012817153,0.0,0.0,1.0,0.0,0.0,0.3871624477,4.0,3.6422039485,0.1408403028,0.4597790227,2.5488289542,-2.028758725,0.9543590623,-4551.411647,0.3461731473,9.5230130572,0.0009743982,0.0007336105,0.0016989292,-0.035256315,0.1623666387,0.4127408914,1.0,0.0149422562,1.025111195,-0.110983471,2.0,8.5545120606,0.4059329934,0.0,0.0298718121,0.0174065337,0.0283239852,1.0435746813,2.6853867331,1.398393e-06,6.0857581e-08,1.4580998174,2.1260550775,0.0141566496,0.0832306261,-0.437645654,-0.094679308
11144,0.7531609141,0.031822936,-5.382860014,0.0024594816,0.6671855379,0.9577029294,0.0263347231,0.0152141926,0.2872594755,0.0228018427,-0.019589375,-0.109532721,-4.852119144,0.1862316132,0.1095327205,34.0,0.0006975757,0.1490312966,-0.020252635,0.0716895141,0.0023697079,0.2565351895,-0.067333658,0.0243815084,0.0481758272,0.364849018,0.0,1.9362436086,-0.201553421,0.9802537881,-0.213930424,28.807636752,3.2412891555,0.1088894018,0.0,0.0,1.0,0.0,0.0,0.5430705843,6.0,1.4210934953,-0.044957704,-0.028973262,0.5093089753,5.8099555541,0.2729789762,-5267.487901,0.0232852488,13.356654465,0.0015168534,0.0074757765,0.0148847636,0.0641817647,0.022718625,-0.009159127,2.0,0.0026578073,0.8782810581,0.0816817433,5.0,14.127584578,1.5927476498,0.0,0.0648329854,0.026642811,0.0376468459,0.2680880306,2.7657899628,2.9056351e-09,1.1139843e-08,1.0747130345,1.1550081066,0.0009294062,0.0427849212,0.5873120147,-0.24467985
85257,0.2133990767,0.0312938056,16.433655442,0.0059196955,0.1581169368,0.162847815,0.1172645984,0.0521022831,0.1871609485,0.0062684704,-0.06786328,-0.040445515,-0.468274573,0.045947899,0.0404455154,46.0,-0.006474197,-0.08839779,-0.119903299,0.0651739637,0.031272531,0.3679570689,0.1454727654,-0.002735826,0.1630056307,0.2284684886,0.0,2.3444881798,0.6501900892,1.8247714736,0.8568780875,3.7433597016,6.8123290364,0.2468400618,0.0,0.0,0.0,0.0,0.0,0.3433599349,6.0,51.947303971,0.0093392949,-0.16930356,0.4107986221,-1.246784389,4.1594462824,20356.340009,0.0357482652,17.189256265,0.0017936651,0.0219016774,0.0405877131,0.0109367738,0.0307093636,-0.033611363,2.0,0.0006451093,0.8723400526,0.0640958576,5.0,17.275966397,0.9519177746,0.0,0.0223916266,0.0145056013,0.0205763527,0.3066165664,1.6700961386,8.287684e-11,2.3901264e-08,0.9146372459,0.8365612915,0.0149121181,0.0227373594,-0.027804514,-0.145662284
14008,0.0707641876,0.0546318481,9.6943492063,0.0289028349,0.4026616901,0.1912114685,0.1702070706,0.0542817425,0.3802736698,-0.022150829,0.0700523644,-0.05271697,-0.445071586,0.0789469314,0.0527169704,38.0,0.0050385227,0.0384615385,0.0882629912,-0.056191007,-0.009179297,0.6494242024,0.7223304276,0.0138844692,-0.027292464,0.3084613649,0.0,1.8144683772,0.2629447734,1.4803913155,0.2789999014,2.3879026956,4.7753568745,0.206694795,0.0,0.0,0.0,0.0,1.0,2.2167890003,5.0,1.3669564855,0.0607602855,-0.13954302,-0.173087751,5.9274670467,0.1656942944,127216.28538,0.0232852488,18.640379162,0.0013305073,0.0315192478,0.2284467079,0.002355443,0.1988060253,0.0095272641,1.0,0.0021631789,0.2894396152,0.0529943686,7.0,18.98922908,1.2392948958,0.0,0.0219577812,0.0140811413,0.020805367,0.2896352339,1.98935787,1.206529e-11,1.9848246e-08,0.3437724255,0.1181794805,-0.02989507,0.033131817,0.269543412,-0.24467985
18075,0.7629714311,0.0794222129,-19.85401021,0.0,3.7689078678,3.2739888964,-8.6772e-05,-0.085581175,0.1387042009,0.4473601012,-0.161294972,-0.052930185,-3.220200753,0.3351776825,0.0529301854,46.0,-0.018656008,-0.083682008,-0.174313402,0.0447123998,0.1536156727,0.1116004374,0.004121508,0.0142668193,0.5657259714,0.4329676538,0.0,1.6313371055,0.0478371109,0.9359833669,0.0463998059,19.507421921,4.3022287405,0.0640291961,0.0,0.0,1.0,0.0,0.0,1.3527198364,7.0,-0.050127404,-0.009155607,-0.390208217,0.1399517428,-13.66358205,0.2385542471,-2978.546315,0.0553124103,11.586747441,-0.000725256,-0.003388392,-0.019199401,0.0614095104,0.026410189,0.0217825865,0.0,-0.028492854,1.7512104011,-0.053954458,1.0,10.572826033,0.2645163532,0.0,0.0236363839,0.0316218344,0.0423004881,0.9583014528,1.0579660615,2.2513278e-07,9.1874713e-08,0.6844293295,0.4684435071,0.0597854142,0.0844243042,0.2558164756,-0.010696088
83112,1.1696023974,0.0093749026,-85.70530028,0.0280444559,3.7833520065,9.4909832016,-0.001254627,0.0952075516,0.1521659603,0.0063281648,0.1502262775,0.0201011592,4.9535809019,-0.090504897,0.0201011592,25.0,0.0318510211,0.0168103448,0.0046810411,-0.225510227,-0.110843455,0.1235224168,0.3513867564,0.0498031015,-0.012036647,0.4750361333,0.0,1.2509351953,-0.074072654,0.5775878224,0.0734037678,281.85406723,12.440153129,0.0675135953,0.0,0.0,1.0,0.0,0.0,0.5569838025,2.0,0.0731354684,-0.213903868,-0.50272073,0.6454917733,-0.704121303,-0.26837299,-1919.206945,0.1434034542,14.34571571,0.0023962286,0.0034308952,0.0135863081,0.4700038162,0.058485894,-0.203088617,0.0,0.0077846254,0.7261052078,0.0320540704,3.0,15.527089246,2.6542910632,0.0,0.0496015511,0.0277363985,0.0410087601,0.275661902,3.1872049421,8.041234e-10,7.0008805e-09,0.8234020098,0.6779908698,-0.207712334,0.0671857371,0.2864320994,0.4042341731
39490,-0.305985122,-0.90731403,5.8224029771,0.0070942249,2.3864599265,0.7863388258,-0.425473259,-0.296073342,-0.114320429,0.0037733039,-0.023229159,-0.40501734,-1.285596708,0.2591258999,0.4050173403,46.0,-0.000648235,-0.281694594,-0.329299363,-0.184289947,-2.032542742,0.2247420342,-0.104951415,0.0261777213,-1.503533026,0.4627733407,0.0,1.4113149847,0.3350276882,1.0351681957,0.3161322845,16.076335878,4.6387665198,-0.222497101,0.0,0.0,1.0,0.0,0.0,-0.77296467,3.0,8.589955849,0.1589495637,-0.193558883,7.30691579,-4.17132719,-2.993765126,3598.3154884,0.0340789314,16.443350627,0.0093980583,-0.008362937,0.117219917,0.1139363899,0.028324568,0.0461946791,0.0,0.00839944,-0.115596945,0.0693545965,4.0,18.408396781,5.7785228285,0.0,0.0492683053,0.0294195851,0.0463263591,0.2414933602,6.160303493,7.424897e-11,4.5282363e-09,2.4313493955,5.9114598832,0.1143288953,0.0816261904,0.2569062462,0.818494895
14593,0.0271426026,0.0407332638,33.410003656,0.00620851,0.1238656047,0.1573819219,0.3677517573,0.0837141234,0.5012102949,-0.03239587,0.1135684145,-0.027731927,-0.098838192,0.044759266,0.0277319267,41.0,0.0074649202,0.0476190476,0.3325938473,-0.042916902,0.0832587901,0.1918145658,-0.103494314,0.0315942548,-0.034420484,0.3691203896,0.0,1.0745531196,-0.211975936,1.0221149019,-0.228634508,5.840083654,7.1024152526,0.3812897901,0.0,0.0,1.0,0.0,1.0,2.4440380171,6.0,-0.890922797,0.2575503617,-0.677273358,-0.115942485,-2.024731249,0.1632240584,214588.83666,0.0740556467,19.277947544,0.0014480314,0.0623059665,0.3197106409,0.0080287724,0.1784576726,0.1502101964,0.0,0.0,0.155064405,0.0036883717,6.0,19.733784695,1.1286214429,0.0,0.0451554693,0.0214013089,0.0266698228,0.1722443098,1.113964875,1.154855e-12,2.1009958e-08,0.6726297956,0.4524308419,-0.034606686,0.0342596143,-0.087968113,-0.091892872
14761,1.1759123189,0.0286088467,-1.527490485,0.0,0.6476798634,1.2018826534,0.0113512199,0.0497450459,0.145709846,0.0033535354,-0.137678714,-0.066593174,-4.148006444,0.1472785273,0.0665931735,45.0,-0.000517254,-0.025925926,-0.194366676,-0.21024371,0.0106485082,0.0815374361,0.0216362429,0.0324830445,0.1925984786,0.6058673244,0.0,3.5795024337,0.2189208252,3.0616211466,0.2778137202,3.6256929841,7.4273203033,0.17391949,0.0,0.0,1.0,0.0,0.0,0.2423957372,6.0,32.831153838,0.177353439,0.0046487457,0.1417425335,0.1104618585,0.0123463702,-23820.5596,0.0799518023,12.348247043,-0.003301067,0.0061979527,0.0095192356,0.1350569459,0.1442569159,0.0006410881,0.0,0.0038924929,0.0918039349,0.0028853165,4.0,10.881906533,0.223020873,0.0,0.0943820402,0.0260951618,0.0363709092,0.9387128592,1.4064846095,7.2655311e-08,7.5632108e-08,0.71257806,0.5077674915,0.19169096,0.0516388566,0.2268950124,0.2073588198
10516,0.7135731605,0.063222582,-1.974228188,0.0288640343,1.0569088867,2.2961000372,0.0181113149,0.1300543219,0.1213264541,-0.001795332,0.1986323541,0.0887361817,2.3465011287,-0.085129278,0.0887361817,46.0,0.0542703487,0.0259317585,-0.004655407,-0.051386382,0.0433788941,0.0883018185,-0.013992698,0.0685046708,0.0412328197,0.44988256,0.0,1.5007149929,-0.034486358,0.8565064349,-0.033977221,9.8161989018,13.179397911,0.1011465484,0.0,0.0,0.0,0.0,0.0,0.2595272803,4.0,-0.099984467,-0.075985781,-11.0541702,0.5608397907,-1.617658069,-0.126532864,11671.057905,0.0426379215,17.735014288,0.0032592923,0.0103222261,0.024372162,0.1554302667,0.17159356,-0.003077596,0.0,0.00149975,0.0387781915,-0.025567936,1.0,18.445978826,1.4763631108,0.0,0.0361871012,0.0188622319,0.029896491,0.3117943191,2.5269917926,3.907569e-11,1.4866984e-08,0.7285396542,0.5307700277,0.0493086492,0.0287591433,0.3800376214,-0.010149049
77595,0.7648744035,0.0656324276,-1.030815406,0.0075297287,0.8773283219,2.7140651935,0.0608273283,0.0773985333,0.1292145685,-0.000708494,0.070089533,-0.078647548,-1.897172996,0.1901484969,0.0786475483,43.0,0.0,0.0,-0.016111782,-0.128471706,0.0999387032,0.1491286521,-0.002774239,0.0514017927,0.0859060368,0.5810922548,0.0,1.4967377163,0.000849098,1.4967377163,0.000849098,7.9601123018,8.7710291665,0.2061276671,0.0,0.0,1.0,0.0,0.0,0.264287858,7.0,0.0086256687,-0.022390429,0.0396886008,0.3493255121,-0.41458484,0.0281676568,-8567.216139,0.2470034686,14.384661048,0.0072642165,0.0345869855,0.0709148078,0.1060302731,0.238732835,0.0195204288,2.0,0.0072153602,1.226388198,0.2143443115,2.0,15.612099596,3.445569896,0.0,0.077845104,0.0373379085,0.0488037565,0.2968690278,6.4326782532,7.104293e-10,5.1579898e-09,1.1465156692,1.3144981798,0.0099621856,0.0580071875,-0.433199421,0.0980376093
29209,0.6988687892,0.0802554286,-19.84175448,0.0,1.6347971668,3.9374459497,0.0534695878,0.0398221525,0.1945716537,-0.071657157,0.0321261534,-0.04635551,-1.326753223,0.1867345771,0.0463555099,46.0,-0.011347402,0.0155440415,-0.008420143,-0.093612017,-0.031142775,0.1709827315,-0.0260651,-0.003379043,0.0576485182,0.5479769251,0.0,1.4404848907,-0.050327138,1.080464069,-0.013967773,76.745748966,3.114860902,0.0659997486,0.0,0.0,0.0,0.0,0.0,0.6299673789,5.0,-0.010823984,0.1253683285,0.0352297858,1.7359843109,-0.201998203,0.1992149869,3598.1760293,0.0624291911,15.882333367,0.0024664713,0.0172196704,0.0561532197,0.1628619087,0.0123881986,0.0001383426,2.0,0.0046308665,0.070928925,0.0411189857,3.0,16.491075371,1.7368747823,0.0,0.0550742187,0.0204097421,0.0256316536,0.3820435581,2.7010957412,3.020441e-10,1.4890613e-08,1.0830022584,1.1728938917,0.045000484,0.0257057503,0.0035011445,0.1631852225
24272,0.5417493464,0.0340561907,0.703805668,0.0139768182,0.7598664525,0.4155642697,0.0218381775,-0.038534245,0.1201105133,-0.06557377,0.0049466285,-0.057380087,-2.23699422,0.1102396926,0.0573800875,47.0,-0.008303062,-0.088888889,-0.092433362,0.1241271476,-0.005819913,0.1579626048,0.0840820698,-0.038970481,-0.093544137,0.2418861162,0.0,1.8383297645,-0.03389651,1.3319057816,0.0636929277,8.5465587045,5.7208672087,0.1085573302,0.0,0.0,0.0,0.0,0.0,0.2476943347,4.0,-10.16174275,-0.037569655,-0.407463319,0.1866291097,-2.351912504,0.2528162457,-745.6926021,0.02204135,15.60314693,-0.001744947,0.0050251256,0.0106183635,-0.003543419,0.0373563218,-0.152308316,0.0,-0.003254039,0.2276011723,0.0225738939,5.0,16.352297322,1.9356425961,0.0,0.0760803372,0.0248788042,0.0258937714,0.2486421745,2.0792554097,2.958471e-10,1.2370962e-08,1.2528464964,1.5696243436,0.0109264413,0.0279590337,-0.020743593,-0.24467985
15457,0.6614943223,-0.283271779,-0.510897258,0.0,0.8547844161,1.2296379677,-0.021075961,-0.208212174,0.1625659882,-0.003355055,-0.112946511,-0.218353309,-1.322462235,0.0913444509,0.2183533089,42.0,0.0160746003,-0.222065064,-0.349572021,0.0216627251,-0.023117649,0.2392269193,0.0590568075,0.0203930928,-0.304703271,0.4208891931,0.0,3.3812729368,0.1889809319,1.7057267219,0.043006233,12.436578244,5.40090913,-0.229755676,0.0,0.0,1.0,0.0,0.0,0.3098876965,3.0,-0.130014103,-0.211377499,-0.259646741,0.2580320248,-0.433527442,0.0736304726,-15958.17677,0.0642905452,12.418547202,0.0097605971,-0.011907153,-0.028149782,0.0120608129,0.0476662527,-0.000822835,3.0,-0.007112376,0.5854636538,0.0579903475,2.0,13.266562857,1.2283001396,0.0,0.0293609798,0.0258180131,0.053000791,0.3840232817,1.9307522608,2.0464008e-08,2.4863891e-08,2.4373285933,5.9405706719,0.0406288379,0.0774635075,0.0102093034,-0.091892872
44644,0.0673766287,0.0308774395,14.971764387,0.0188187804,0.5121769285,0.1783060731,0.0689762682,0.245292413,0.1755575698,-0.014421959,0.2899773444,-0.011253383,-0.190417549,0.0367570458,0.0112533831,47.0,0.0,-0.034482759,0.0284856544,-0.088706006,0.0015813109,0.4453649603,0.111185576,-0.000400863,-0.0142728,0.1055753857,0.0,1.0694845491,0.0207778209,1.0694845491,0.0207778209,5.8034498762,5.5017232529,0.0812695957,0.0,0.0,0.0,0.0,0.0,1.1849553214,5.0,12.967708891,-0.011158155,-0.350090351,0.0899113973,-9.411044694,0.2845215225,70118.765534,0.0371991411,18.327951642,0.0008775634,0.0143626019,0.1235427947,0.0042860746,0.0279459618,-0.006276681,1.0,0.0007002801,0.3119618076,0.0222046997,5.0,18.475105925,0.974361675,0.0,0.0261932276,0.0196989459,0.0234994996,0.1884569864,0.8705823602,3.326818e-11,2.2957596e-08,0.7799429899,0.6083110676,0.0272909979,0.0300159449,-0.231325894,-0.054879185
44601,0.1151303786,0.0431012038,30.170479039,0.01525871,0.3565793058,0.5405289477,0.1483875428,0.1084207841,0.3874070835,-0.002590953,0.0733289768,-0.033769129,-0.351502069,0.0582513661,0.0337691291,46.0,0.009366872,0.0666666667,-0.013946055,-0.032919821,0.0368930887,0.1349501661,0.0425016269,0.0696144877,0.2333056478,0.390925459,0.0,1.254517134,0.207993983,0.8821391485,0.1851247096,23.417870339,5.6440252591,0.1708728247,0.0,0.0,1.0,0.0,0.0,1.7047342193,6.0,0.050904832,-0.01793188,0.1104553539,-0.92288651,-0.051648162,-0.114551703,4074.7288909,0.0738375305,16.515079125,0.0022549294,0.025550798,0.0963254285,0.0199661698,0.0319163623,0.0100025371,0.0,0.0005308624,0.8646443864,-0.011473183,6.0,17.156669796,1.8099958391,0.0,0.0408104733,0.0191208124,0.0288556189,0.3193228341,2.8702696608,1.228509e-10,1.2514047e-08,1.0494578918,1.1013618666,0.0512686429,0.0279078025,-0.1874311,-0.133267297
27684,1.0230901136,0.0483751526,-17.53833132,0.0211194462,1.2127325153,4.8934467588,0.0423619523,0.1011974169,0.2927192269,0.0081787171,0.1056086384,0.0119978023,0.5290398418,0.0227827695,0.0119978023,47.0,0.0592872167,-0.006849315,0.1077639852,-0.113430898,-0.051277241,0.2079266755,-0.223552078,0.0642363165,0.0960138987,0.545251439,0.0,2.3446359989,-0.155191641,1.2851974216,-0.18519077,97.824533905,5.4625192596,0.070505357,0.0,0.0,0.0,0.0,0.0,0.6126758333,5.0,-0.029777844,-0.011017061,-0.067465054,0.3577418852,-1.202189675,-0.072769468,-1187.20405,0.0653433969,15.265904931,0.0045433964,0.0124720153,0.0272558729,0.2346214515,0.0324710636,-0.000584106,1.0,0.0037868542,-0.030210297,0.0137145054,1.0,15.529036496,1.3491943244,0.0,0.1201431751,0.0317818034,0.0305797339,0.4731275953,4.0205250254,7.017336e-10,1.5599439e-08,1.0164469042,1.033164309,-0.007889927,0.0317371668,0.2824577721,0.1631852225
10318,0.2220453651,0.0226870276,32.325762495,0.0050412638,0.0905116504,0.1886436412,0.1039534918,0.008792211,0.216345846,0.0053102292,-0.180588085,-0.056748043,-0.778405398,0.0403467324,0.0567480428,39.0,-0.011434725,-0.05758427,0.0931156353,0.0420690191,-0.023723882,0.21568586,0.0609065983,0.0196161228,0.1137148751,0.2744399203,0.0,2.8263650612,0.022784385,2.0784936671,0.1210424181,8.3201570278,7.1643961146,0.3618716025,0.0,0.0,1.0,0.0,0.0,0.3271800416,7.0,1.4134100271,0.0204264938,-0.235588828,-0.021806574,6.1022214709,0.1270940953,-2016.433561,0.0232852488,15.190980926,0.0006311669,0.0213129449,0.0287624103,0.0048382203,0.0763243111,-0.012076609,1.0,-0.000137864,-0.208197372,0.0008524192,6.0,15.202346225,0.7620752641,0.0,0.022823777,0.0152263686,0.0263129894,0.34291673,1.4700681746,1.1947399e-09,3.9255133e-08,0.5088511453,0.2589294881,0.1286030134,0.0341927163,-0.39582211,-0.24467985
57568,0.1072909931,0.019164956,14.690415264,0.0064538399,0.4886244769,0.3859527296,0.0827532869,0.0513824885,0.1415898618,0.009090209,0.0400251029,-0.047568235,-1.447863248,0.0469131915,0.0475682354,46.0,0.0044367067,0.174863388,0.0267561443,-0.03884778,0.055586436,0.1181673448,-0.179277247,0.0876728111,0.1105459478,0.3499953978,0.0,1.051980198,0.2012476585,0.7475247525,0.1548325608,8.5307748009,6.7784810127,0.0856576429,0.0,0.0,1.0,0.0,0.0,0.7402509325,5.0,-0.103967866,0.0366964611,-0.131662821,-0.515728695,-12.57454148,-0.049710244,27445.567405,0.0553124103,17.07627918,-0.004419043,0.0093492113,0.0491893377,0.0157402151,0.0724220147,-0.037154644,0.0,-0.000666889,0.1062633796,-0.029325113,6.0,17.431186861,1.1102497793,0.0,0.0237007551,0.0187259744,0.024581913,0.3085436239,2.2545690425,9.966895e-11,2.0217601e-08,0.7324393362,0.5364673812,0.1125779686,0.0334521444,-0.089687725,-0.010696088
16505,1.2659689009,0.1067781567,-4.931713499,0.0291527961,12.624253732,0.5488030355,0.0345822927,0.2650022093,0.0398421969,-0.118694424,0.2993319637,-0.002916775,-0.339799693,0.1430613416,0.0029167751,46.0,2.24667e-05,-0.004439252,-0.080126797,-0.138048422,-0.015443023,0.0986107605,0.0519343859,-0.00115964,0.0066913942,0.4998521683,0.0,0.7175332895,0.0207151503,0.7143222335,0.0221709761,0.2146286519,0.091399064,0.010782893,0.0,0.0,0.0,0.0,0.0,0.3480009365,5.0,-0.005160582,-0.006861358,-0.019510482,0.1588017196,-0.782199278,-0.010309233,-2130.988562,0.0256085935,15.601469731,0.0006429034,0.0034148533,0.0426707603,0.009264467,0.2435020193,0.0487501017,1.0,0.0109437363,-0.028962325,0.0215179939,4.0,16.688612104,1.8767973045,0.0,0.0210891571,0.0138242755,0.0256065285,0.2594456807,2.2520710016,2.421286e-10,1.4564338e-08,1.4273414461,2.0373036037,0.0401017327,0.0359281543,-0.14425318,0.0732063074
16548,0.4471515175,0.0500351704,-28.27256064,0.0349501866,6.2555817612,0.2377529434,0.01638395,0.1386065903,0.0311089014,0.001973027,0.1440019266,0.0003818172,0.0480351616,0.0476317229,0.0003818172,46.0,0.0022273359,-0.048022599,-0.051771361,-0.129237904,-0.101783318,0.0675217303,0.1309381491,0.0029349292,0.0681324369,0.4466738722,0.0,0.6821332928,-0.062205495,0.677471599,-0.065211175,1.1901111893,0.0623377228,0.0096570246,0.0,0.0,0.0,0.0,0.0,0.4374549281,2.0,-0.045296025,-0.000179373,-0.063093828,-0.660015664,-0.958563491,-0.105738852,-3801.692862,0.0256085935,14.915011382,0.0005228378,0.0027369663,0.0391864763,-3.3213e-05,0.0285630769,0.0011670961,0.0,0.0023122794,0.039190468,0.0243429325,3.0,15.024471622,0.9399174299,0.0,0.0320644118,0.015636056,0.0247172151,0.3022368803,1.9118507279,8.301952e-10,2.0150634e-08,0.918943282,0.8444567556,0.0171425459,0.0351499257,-0.049768329,0.0732063074
49656,1.0963413507,0.096109226,-2.085228532,0.0348352766,11.253388619,0.4501217276,0.0376928491,0.2309912243,0.0405548508,-0.015453828,0.246432986,-0.003339047,-0.392867017,0.1338673709,0.0033390472,46.0,-4.699574e-06,0.0020661157,-0.153296346,-0.176640805,0.1405347332,0.4525263742,0.2474586362,-6.5529e-05,0.0874779263,0.5073769986,0.0,0.7388367565,-0.040040171,0.7388338286,-0.040029554,0.0863255093,0.3019015879,0.0137483247,0.0,0.0,0.0,0.0,0.0,0.407791044,5.0,0.0289134142,-0.00815598,-0.013005114,-0.010825831,-0.566215709,-0.019503204,30758.653518,0.0256085935,17.340307492,1.40057e-05,0.0020279979,0.0209138491,0.0028731229,0.3873585912,0.0097023828,0.0,0.0011574074,0.146054591,0.0373486183,4.0,18.127063397,1.499189979,0.0,0.0262101684,0.0170763113,0.0271045511,0.2034212251,1.3628287881,6.567076e-11,1.6901558e-08,0.9553459815,0.9126859445,0.0451683775,0.0328350513,-0.481245918,0.0732063074
39693,0.5386369898,0.0246884263,7.2178083935,0.0126225545,0.5039161999,0.4380188458,0.0573345467,-0.022681301,0.1792362877,-0.00356145,-0.118719968,-0.056177038,-2.399794872,0.0839355852,0.0561770382,46.0,0.0019584229,-0.138632806,-0.245940965,-0.011840841,0.0032711013,0.2199725963,-0.138324076,0.0259895155,0.0882696013,0.23572924,0.0,2.1746468097,-0.024539797,1.3688752416,-0.117232983,13.371439784,3.9525958892,0.1093890103,0.0,0.0,1.0,0.0,1.0,0.3734801594,5.0,-0.154126815,-0.070561406,-0.445159015,-0.084382698,-13.67198015,-0.01268785,-511.903785,0.0553124103,14.347513272,-0.000588863,0.010606916,0.0200396579,0.026506809,0.0385503843,-0.036998475,5.0,0.0007189073,-0.101687566,0.022140462,3.0,14.657444853,0.9332859951,0.0,0.0243970528,0.0236149474,0.0325150249,0.2746737593,1.5974366885,1.9330771e-09,2.3726368e-08,1.4777375761,2.1837083438,0.0110697041,0.0369456015,-0.039104722,-0.010696088
42358,0.3318847659,0.2184730436,0.3912917812,0.0,0.5215681424,0.6325690795,-0.799209005,0.6094717429,0.3890133052,0.1412347469,-0.1288007,0.2737208774,0.8671037902,0.0290342394,0.2737208774,47.0,-0.013277129,-0.162790698,-0.01222107,-0.377787879,1.757920745,0.3699352673,-0.450424823,-0.340318584,-3.26553694,0.6802867608,0.0,3.0562616506,1.0501791024,3.0179630571,1.1345095461,1.6051954961,4.3313397129,0.4862926114,0.0,0.0,0.0,0.0,0.0,-2.881662592,6.0,1.4296227534,-0.286972834,-0.362001286,0.8716438215,-4.870039095,-0.087987283,-3261.205294,0.0365722346,10.253350061,0.0009880121,0.0780445969,0.3178549414,-0.011110575,0.4615919787,0.0512192421,0.0,0.0321088641,-0.155473865,-0.013191868,3.0,13.80932328,15.713601821,0.0,0.0524344072,0.0376224659,0.0759490327,0.6238235895,20.646292952,6.8028231e-08,4.4990643e-09,0.8656891738,0.7494177455,0.4427035676,0.1324758328,-0.114237042,0.818494895
27887,0.2144670629,0.0272002191,7.1687311563,0.0120451061,0.2787405388,0.2881199247,0.1147974886,0.1003682735,0.3052272852,-0.002449842,0.0984340045,-0.040092118,-0.695099819,0.0461070864,0.0400921177,46.0,0.0137653093,0.0,0.0273719416,-0.068092193,-0.054015237,0.1545539906,0.0029359087,0.0477656241,0.1023851814,0.4554664069,0.0,2.5235523552,0.0863753309,1.9486948695,0.0759460561,3.1244646681,5.6201251805,0.1784555483,0.0,0.0,1.0,0.0,0.0,0.6839634611,5.0,1.4232207228,-0.044009307,-0.178004559,-0.029384876,5.9623264374,0.1328544494,34767.928979,0.0232852488,17.392261579,-0.002836103,0.0228635301,0.0529785731,0.0063078888,0.1646387641,-0.033976006,1.0,0.0009946537,1.3274782151,-0.034353188,6.0,17.925915601,1.4561842516,0.0,0.0267938226,0.0230772637,0.0283481817,0.3436088767,2.9153962478,7.172949e-11,1.5204976e-08,0.3332797771,0.1110754098,0.0158276097,0.030271866,-0.022025048,-0.24467985
29612,0.2658896544,0.0412734479,8.0876950474,0.014538956,0.3818531681,0.9226326473,0.1279652761,-0.005142867,0.4129077914,-0.005011625,-0.069963452,-0.04256087,-0.669674005,0.068913203,0.0425608701,47.0,-0.011679872,-0.040806452,-0.002998781,-0.162383031,0.0043368778,0.272052294,-0.078532273,-0.010583517,0.1055122329,0.4157594413,0.0,2.7976969839,0.0278349602,1.9500303951,0.078191429,12.554730451,6.0882765757,0.1438521626,0.0,0.0,1.0,0.0,0.0,1.0812609212,8.0,-0.004011305,-0.175136395,-0.10142219,-0.399458574,-1.099182825,-0.026639034,-1671.94517,0.0653433969,15.208299639,0.0020091115,0.023315801,0.0568004152,0.0415085483,0.1073789283,0.0092792062,0.0,0.002219017,0.2521917806,-0.030057151,3.0,15.204199989,0.9260569486,0.0,0.0907013342,0.0260245286,0.0273218082,0.3029012498,1.628111839,7.606525e-10,2.0642099e-08,1.3595515561,1.8483804337,0.0220792614,0.0355076744,0.0550594353,0.1631852225
39642,0.3385533695,0.0299156768,13.948352193,0.0149864385,0.4317038088,0.2895471437,0.0637375877,-0.002703103,0.2159890395,-0.019105777,-0.001917546,-0.047368323,-1.221319312,0.0664522707,0.0473683235,47.0,0.0022803537,0.0416666667,0.1829175673,0.1416331637,-0.001550479,0.3120339231,-0.025316696,0.0217359105,-0.003703236,0.174784131,0.0,1.3338364021,-0.132091733,0.9012979173,-0.155159871,8.4261339992,8.1089307169,0.1398504203,0.0,0.0,0.0,0.0,1.0,0.4693430964,6.0,3.9043450129,0.0405298773,-0.13691381,0.0635124477,-2.936393961,0.1580581924,61646.362051,0.0345323743,18.069597909,-0.000333259,0.0028343732,0.0063807748,0.0009295024,0.0446107006,0.1494606777,0.0,0.0006915629,0.4864810566,0.0035451698,6.0,18.160114752,0.9291705401,0.0,0.0293222461,0.0188258899,0.0236928547,0.2245144361,0.8746982114,5.065157e-11,2.7341765e-08,0.1963949433,0.0385709737,0.548355671,0.0302570645,0.0933205663,-0.145662284
17444,1.0006375463,0.0689086454,-1.754640154,0.0181332871,1.4436994017,2.5084524168,0.0343103107,-0.032097365,0.2799066786,0.0065998533,-0.109015309,-0.072201157,-2.603595154,0.2483188606,0.0722011567,38.0,-0.01548143,-0.077144917,-0.054103068,0.0205966397,0.0862259293,0.3371033294,0.2371370864,-0.070498617,0.1056107967,0.4999567846,0.0,3.2011515262,0.0198476889,2.0572450192,0.0551179963,5.4835941087,5.4471680681,0.1027115671,0.0,0.0,1.0,0.0,0.0,0.7527893318,7.0,0.2129003195,-0.005610605,-0.114726594,0.5971752488,-0.497206405,0.2306048824,-16181.22377,0.0642905452,10.754637989,0.0055267801,0.012098025,0.0291610291,0.1457095907,0.1270778514,-6.4779e-05,0.0,0.0120675784,0.5611617948,0.1472569979,4.0,9.0606795974,0.2668220668,0.0,0.1166667044,0.0402669169,0.0283399614,1.0228807448,1.7000321092,5.5273548e-07,6.1550608e-08,1.6289750658,2.6535597649,0.0797979123,0.0829123549,0.6885893222,-0.091892872
65875,0.2790529652,0.0732204509,2.9019574382,0.0423009448,1.0168391921,0.5277005838,0.0988429299,0.0848533046,0.2642573365,0.0005565995,0.0800246404,-0.078811854,-1.346385035,0.1718033703,0.0788118538,37.0,0.0012298424,-0.020740741,-0.027118027,0.0347992389,0.0264569087,0.1424627654,-0.021249546,0.0487236355,0.1050085512,0.3310243016,0.0,1.3765506808,0.648202064,1.331265759,0.6568536815,5.4905418129,5.2045436105,0.1450154484,0.0,0.0,1.0,0.0,0.0,1.1770013845,5.0,0.5701898149,-0.004683894,-0.236468201,4.7881141069,0.0659801057,-1.580337107,214588.83666,0.0456208962,19.085737028,0.0015926248,0.0183481772,0.0869523913,0.0061356756,0.031149475,-0.023123027,4.0,0.0009257545,0.2423765133,0.0284412582,7.0,19.582499949,1.2469830776,0.0,0.0231645145,0.0204060947,0.0206912494,0.3279277746,2.2267366856,9.49005e-12,1.6642756e-08,0.2456643234,0.0603509598,0.2175288712,0.0206277829,-0.041976958,-0.071440083
17778,0.8252634439,0.0791829366,-1.500335194,0.0,0.7865835263,0.5330681472,0.0967179546,0.0684823456,0.0985803365,-0.049846211,0.0853800178,0.0032492678,0.0646268902,0.0740655896,0.0032492678,46.0,-0.000761473,-0.080106963,-0.125195967,-0.156885184,-0.177136457,0.0550167189,-0.014455075,0.0244873302,0.043251858,0.3457050539,0.0,5.7233437516,0.0005396383,5.2312599272,0.0107882614,1.9193262887,5.1996439794,0.1309011421,0.0,0.0,0.0,0.0,0.0,0.1801568301,3.0,-0.907844179,0.0499283027,-0.030661401,0.5209663812,-0.086722523,0.0224525588,214588.83666,0.1993717396,19.277947544,-0.006840204,0.0113359774,0.0219893752,-0.031248723,0.1729944242,-0.023497686,0.0,-0.001099143,0.7688127907,0.0004293988,4.0,19.543345118,0.8235613464,0.0,0.0177774355,0.0110064865,0.0183837085,0.2982451532,1.4312478752,6.143566e-12,2.3192644e-08,0.6213853646,0.3861197713,0.0167399246,0.0208101911,0.0693619498,-0.099161033
61508,0.5679020275,0.2187854123,4.6089321576,0.0,0.1777680944,0.1444856146,-0.342845265,0.6197835422,0.1925126913,-0.002740092,0.3722048343,0.2927703751,0.8488471776,0.0330700326,0.3079801293,46.0,0.0065053571,-0.014778325,0.0873809675,0.0211183494,0.0278372289,0.1991717459,0.0403955843,0.0173686414,0.7167405987,0.1551698968,0.0,3.3883024879,0.4072811159,2.4030015708,0.3380737223,2.5119659589,5.9731716822,1.4118782575,0.0,0.0,1.0,0.0,0.0,0.2641061592,6.0,52.675554591,0.0175069041,-0.095684095,0.765301573,-0.967828506,4.146568416,9874.6335086,0.0357482652,14.780777575,0.0342923876,0.1402619349,0.3387730619,0.0030444051,0.0674787931,0.0148387161,1.0,0.0018768014,-0.819677871,0.0329279406,3.0,10.053702059,0.0072992701,0.0,0.0226832312,0.0197371293,0.0061565226,0.6368691715,0.0357552608,1.7487299e-07,4.062877e-07,0.4450775392,0.1980940159,0.0967950791,0.0438963565,-0.614210772,-0.145662284
61946,0.6637857271,0.0589848624,-65.00849707,0.0350991651,1.4061898628,0.4397641181,0.05379799,0.0701636591,0.0863615418,0.0214389121,0.0651208742,-0.04016746,-1.380685213,0.1404243897,0.0401674595,46.0,2.91425e-05,0.0227581522,-0.021879647,-0.061581764,0.082998507,0.0372610643,-0.018533017,0.0688199986,0.0843571651,0.4312027151,0.0,0.708209087,0.2142544613,0.5396600018,0.2297982132,158.01666822,6.3804129177,0.0859396112,0.0,0.0,0.0,0.0,0.0,0.2149883812,6.0,0.7278300638,0.0333276115,0.0187498722,0.224040131,-0.163432927,-0.043179226,-7660.533808,0.0260918659,15.373280854,7.68931e-05,0.0050482648,0.0165894458,0.0084885278,0.0016760209,0.0713020889,1.0,0.0014340344,0.3718363956,0.0188041348,6.0,15.695682651,1.252464023,0.0,0.0207030773,0.0156110548,0.0216659148,0.3456550929,2.2015737394,4.409191e-10,2.0283349e-08,0.9488033737,0.900227842,0.1038047676,0.0331236012,0.1446804526,0.1163368332
49373,0.0872402107,0.1461125798,1.9930494863,0.048290934,0.817254518,0.8451648696,0.2947621632,-0.285287088,0.3381711866,-0.057197039,-0.345121787,-0.008149042,-0.060513849,0.1549544144,0.008149042,47.0,0.0,-0.100621118,0.2933140636,-1.992569876,0.2826007206,0.2677861699,0.0727415782,-0.011096533,3.9605298349,0.4806505036,0.0,1.4614003004,-0.254032189,1.4614003004,-0.254032189,3.2118945923,6.426425245,0.1791036976,0.0,0.0,0.0,0.0,0.0,9.1062751267,7.0,0.4667454689,0.3449672972,0.0704479719,-0.114759831,-0.176926112,0.1295165779,-1861.872383,0.2743317733,15.271682042,-0.015579789,-0.041039827,-0.425495387,-0.093077624,0.3060563351,-0.050845476,0.0,0.01,1.8384933605,0.0493718704,4.0,16.492013292,2.9339747252,0.0,0.0183891132,0.0176780153,0.0257529281,0.1791698877,2.1523727684,2.400221e-10,9.4805271e-09,1.1193939776,1.253042877,0.0510026701,0.041106417,0.0952132518,-0.050575745
19561,-0.146937757,-0.095249618,1.3868471747,0.0,1.3654958852,0.4705602261,-0.080448122,0.1385294668,-0.002087933,0.0344833712,0.1993024485,0.0457515196,0.5505769393,-0.14769186,0.0457515196,46.0,0.035645172,-0.124767225,-0.308448678,-0.114398482,-0.710178642,0.1415238678,0.0203438394,0.0422525725,1.1255657421,0.5552143477,0.0,1.3936984418,0.3266644765,0.4574587534,0.7384397319,2.2921453693,5.8358372301,-0.064222006,0.0,1.0,0.0,0.0,0.0,0.2969711036,1.0,-1.553146825,-0.073495891,-0.128106429,-0.566359231,-0.600612678,-0.070137789,106938.18746,0.0629453635,18.291402024,0.0017425168,-0.000731863,0.0065339887,0.0100380322,0.1361630552,-0.001564884,0.0,-0.002591616,0.3573383245,-0.023625168,1.0,19.733784695,3.3433969535,0.0,0.0373836868,0.0260249417,0.0364755341,0.4164937126,12.944702418,1.268556e-11,7.0785366e-09,2.3441701044,5.4951334785,0.0678717874,0.0587105837,-0.164643434,-0.107827317
52230,0.1705218607,0.0433313117,4.8260885573,0.0220769324,0.1912973371,0.7228110322,0.1705316792,0.1064355579,0.897674491,-0.017303683,0.1579224561,-0.119228595,-0.947681176,0.0843955802,0.1192285953,45.0,0.0,-0.262184116,-0.158933708,-0.016481225,-0.041426399,0.1704675105,-0.040410134,-0.003316161,0.0538663248,0.6612031169,0.0,1.7606461143,0.0168073987,1.7606461143,0.0168073987,5.2076325607,7.1538290278,0.2934893208,0.0,0.0,0.0,0.0,0.0,1.8142194996,4.0,-2.954315533,-0.683308299,-0.477008547,0.0926526661,-28.68904873,0.0867885267,-7530.055904,0.03476008,16.203761198,0.011714757,0.062330559,0.1356926742,0.0468357951,0.3738350687,-0.001186159,5.0,0.0012957241,0.013209705,0.0309830941,6.0,16.742026329,1.64060662,0.0,0.035903994,0.0260832675,0.0315438108,0.3139576416,3.1993892845,1.748033e-10,1.2616026e-08,1.0766920029,1.159265669,0.0340961398,0.0328874076,-0.425340872,-0.054879185
12437,2.045674751,0.0189239107,-22.11596581,0.0,5.0110515639,5.2986950071,0.0412513843,0.028681743,0.1230005516,-0.06805075,0.1074864074,-0.088091354,-32.4,0.6320586187,0.088091354,37.0,-0.016313214,0.0597014925,-0.042080055,0.1613583407,0.3200170175,0.1125916056,0.0247858713,-0.036679537,-0.123987034,0.3676994638,0.0,2.3684210526,-0.083444554,1.1526315789,0.0508407382,23.931623932,10.071942446,0.0710458424,0.0,0.0,1.0,0.0,0.0,0.3338735818,5.0,0.0337580951,0.0910443597,0.1034901798,1.0076578624,-0.279340743,0.4592555494,-8294.390719,0.0738375305,13.883930606,0.0046220772,0.0208986416,0.0577617329,0.0938501203,0.0315901248,0.0449762468,0.0,-0.008403361,0.0769644617,-0.037463047,1.0,14.567670584,1.9116892587,0.0,0.0725925565,0.0295926354,0.0452280435,0.3845160777,2.8796816263,3.5536721e-09,1.5625622e-08,1.8124802991,3.2850848345,-0.002416776,0.0847162637,0.2442546875,-0.133267297
19393,0.2717189055,-0.064765108,4.2253654997,0.030015377,0.5790352722,0.3054556719,0.0308592293,-0.088214923,0.2681078003,-0.003109729,0.0300718248,-0.185705947,-2.558735441,0.1009516699,0.1857059475,46.0,-0.017864547,0.0083333333,0.6262382865,0.4870060158,0.162670571,1.5546330615,2.8035475113,-0.021547744,-0.266987093,0.2324581832,0.0,1.5823899371,-0.013283866,1.4736897275,0.0763503759,2.5707721144,4.8564249001,0.0185211999,0.0,0.0,0.0,0.0,1.0,0.6476801426,4.0,1.0733520019,0.0419197704,-0.169671225,0.0278669668,5.8443659798,0.1876990329,133448.86938,0.0232852488,18.89045949,0.0018002804,0.0139534464,0.0420017388,0.0082536147,0.143949573,-0.007099677,1.0,0.0011830319,0.2433307474,-0.011280484,5.0,19.369653547,1.5020292172,0.0,0.0254845489,0.0129115442,0.0187663164,0.2734852473,2.0917130056,8.455235e-12,1.5435888e-08,0.449070009,0.201663873,0.1695101279,0.0294886966,0.3590487852,-0.24467985
10874,0.2543290681,0.0631106635,5.3572231687,0.013188057,0.3807525109,0.7322487574,0.1688340244,0.0578498485,0.3828133767,-0.021289698,-0.001281202,-0.115501022,-1.130504404,0.1344575464,0.1155010225,46.0,-0.03072938,0.1211412535,0.0581978386,0.0407174287,0.0249965728,0.1620536658,0.0277029877,0.0056952082,0.1607348759,0.4572666419,0.0,1.5479058562,-0.041917492,0.8883432172,0.1962802429,7.4063032368,12.877665877,0.2334607988,0.0,0.0,1.0,0.0,1.0,0.9937735414,7.0,0.1864298879,0.2514927382,0.1202381149,-0.202161622,-0.285000679,0.0822331201,-2692.450365,0.0376507894,15.572123664,-2.7094e-05,0.0349401957,0.0817179994,0.0264133519,0.289174999,0.0085426529,0.0,0.001259578,1.1300271713,0.0204987866,6.0,16.87169067,2.5842026498,0.0,0.039114356,0.0249725317,0.0367147346,0.3678038558,5.2963835882,2.445756e-10,8.4036558e-09,1.646159707,2.709841781,0.0174334587,0.0469173076,-0.056569687,-0.028114825
55597,0.5061606724,0.0119370015,13.574548265,0.0071466061,0.3105303407,0.9081092061,0.0431722646,0.2406440944,0.2621565201,-0.00372476,0.6621555169,-0.089603408,-5.535829776,0.0780182101,0.0896034085,46.0,0.0632159663,0.1815384615,-0.007718757,-0.083298236,-0.21999714,0.0895084392,-0.278033965,0.2115836138,0.0736117457,0.454656378,0.0,3.6568755714,-0.089919358,1.6804404023,-0.3177879,45.454594636,7.066958251,0.1513109591,0.0,0.0,1.0,0.0,0.0,0.3596729531,3.0,-0.083603755,-0.076372016,0.0465791107,-0.400208508,1.5430846821,-0.125128373,-2109.901279,0.0894515012,14.370152586,0.0090033868,0.0159054294,0.0266333774,0.0718901066,0.0152275122,-0.04151521,4.0,0.0037878788,2.3670941716,0.2531331237,7.0,14.371860743,0.8828108495,0.0,0.1057459936,0.0338751714,0.0358328953,0.3993769848,2.5289214446,2.8745689e-09,2.304228e-08,1.1278136687,1.2719636714,0.0835921522,0.0421607988,0.1604821394,0.2323533244
19880,0.3958998148,0.0638463753,2.6066649965,0.0,0.6372463436,1.250035132,0.0776575838,0.0461962623,0.2101450348,-0.031332854,0.0053064987,-0.120178917,-1.903081326,0.18535122,0.120178917,46.0,-0.002038953,-0.142857143,-0.12003208,-0.055674842,0.0635620335,0.2569253111,0.2391598467,0.036509662,0.1201318248,0.448834887,0.0,1.6669139817,-0.065045773,1.6035695333,-0.057167717,14.939035919,3.6032740272,0.193103253,0.0,0.0,1.0,0.0,0.0,0.5541942234,5.0,-0.000107022,-0.141213476,-0.169309504,-0.142065338,0.4707958924,0.0098098016,4051.0608602,0.1489431475,15.517816777,-0.002488202,0.0188231112,0.0514681967,0.1101308846,0.0398992358,-0.045896664,2.0,0.0011590172,0.3892582092,0.044683601,6.0,16.537910983,1.8129951691,0.0,0.0275415424,0.0204978784,0.034081845,0.3387299644,2.5140779964,4.07806e-10,1.452401e-08,1.4688917133,2.1576428653,0.04724104,0.0499918856,-0.046141763,-0.073400055
10890,-0.287779068,-0.256242741,-0.977807457,0.0,2.4357981675,1.633517228,0.2342607809,0.0814297125,0.2393769968,0.0096153846,-0.190847467,0.1394884783,1.1441611583,-0.549425732,0.1394884783,46.0,-0.002801282,-0.173076923,-0.309054312,-0.230222195,0.1152412658,0.5015806112,0.5089416712,-0.053554313,-0.718033823,0.505301082,0.0,1.6105229387,0.2228264317,1.5961929205,0.2328416585,2.2540901503,4.0120839937,-0.06590347,0.0,0.0,1.0,1.0,0.0,-0.446973289,5.0,-3.090450824,-0.31362289,-0.387901354,-0.365648263,-28.52139895,-0.547032786,-13358.45334,0.03476008,13.775782468,0.0019938523,-0.007869377,0.0605569948,-0.00420566,0.2650986474,-0.051877807,3.0,0.0,2.0607135655,-0.153625198,2.0,14.269396368,1.0220191805,0.0,0.0184381865,0.0359816966,0.0432901229,0.3467284341,2.6760098311,3.7099928e-09,1.9856857e-08,1.218294864,1.4842423756,0.0611475886,0.0877972336,-0.509687276,-0.054879185
20117,0.3053017869,-0.025501448,3.8282540518,0.0,0.0586594334,0.1251584687,-0.162655514,-0.010421779,0.250991444,0.0360174317,-0.031435275,-0.053824207,-0.772233793,-0.005808368,0.0538242073,37.0,0.0,0.0434782609,0.1641056095,-0.198085672,0.0747169967,1.1710992908,0.3469400251,-0.005070325,-0.006279471,0.5725575109,0.0,4.9967927189,-0.100403057,4.9967927189,-0.100403057,0.7519276562,2.3329559397,-0.29632596,0.0,0.0,0.0,0.0,1.0,0.3004684086,5.0,-2.814067587,0.1585198499,-0.17134617,0.2274325924,-28.93701299,-0.003415422,-11058.57282,0.03476008,14.574119405,0.0028321453,-0.005145191,-0.005951345,0.0070419977,0.443312081,0.2877258613,0.0,0.0044463265,1.5506602592,0.0708939712,3.0,15.311570749,1.4057301564,0.0,0.0384974144,0.0284873029,0.0411666884,0.2243333982,1.1206744966,1.9366213e-09,2.0207051e-08,1.1073890578,1.2263105254,0.1516879487,0.0600417036,-0.50717554,-0.054879185
64186,0.681337271,0.1145197957,-4.483371584,0.0002030973,1.4225611649,2.1692957654,0.0580876527,-0.002073517,0.1594746235,-0.047673885,-0.048281172,-0.012158406,-0.223693545,0.1401371347,0.0121584063,46.0,0.0032388144,0.0,0.0424010566,-0.093181317,-0.082509248,0.5890266975,-0.19340635,0.0088525685,0.1099078036,0.158617603,0.0,0.771722836,0.0378760661,0.6838598634,0.0097398175,13.931826087,12.898800419,0.1045205607,0.0,0.0,1.0,0.0,0.0,0.5170497155,7.0,0.0665985745,0.0589387354,-0.525914862,-0.549382532,-0.248130302,0.2559714967,60829.947116,0.0397241163,18.179488741,0.0001124691,0.0105118445,0.0332792708,0.0534424603,0.0312283227,0.0012416316,2.0,0.0026978417,0.7541550508,-0.00233092,5.0,18.319341929,1.0376142943,0.0,0.0300348476,0.018111518,0.0239926001,0.1703215837,0.6572889471,4.300693e-11,2.6329569e-08,0.8601866991,0.7399211574,0.0836051821,0.0394431356,0.2999782786,0.045344153
20336,0.8676797195,0.0059636097,-1.10131551,0.0,0.7372448724,1.2540910426,-0.036213839,0.1739025072,0.3082673129,0.027595884,0.1997843308,-0.028623123,-7.132478632,0.0484989281,0.0286231232,40.0,-0.022226224,0.0,-0.203663845,-0.694924729,0.1422528686,0.1828463713,0.2382582803,-0.03444869,0.1527730751,0.6329037857,0.0,2.7505469232,-0.14174788,2.5267852134,-0.096791215,2.4595391613,2.128189603,0.0234544392,0.0,1.0,1.0,0.0,0.0,0.5480801788,6.0,12.991750396,-0.242060308,-0.315607593,0.8902144881,-10.01912103,0.2962634047,-13997.29049,0.0371991411,10.369325987,0.0056109609,0.005829315,0.0115160017,-0.108593764,0.3177025439,-0.006347309,2.0,0.0080789071,1.2681002905,-0.042474711,3.0,11.002071855,2.1740569159,0.0,0.0571428724,0.0280900786,0.0526960732,1.0242197316,2.6286630139,4.3635387e-07,3.2985285e-08,1.4261265366,2.0338368983,0.070452164,0.0648683024,-0.123657811,-0.054879185
62148,0.1893221587,0.0399569322,14.744652427,0.0115174231,0.385595234,0.1529346161,0.1117234606,0.0401495151,0.1475546959,-0.01414662,0.0109494582,-0.03838565,-0.541772152,0.0616044854,0.0383856502,46.0,0.0010506086,-0.07690836,-0.113428835,-0.038378125,0.0205475877,0.0420160408,0.0184763048,0.010743132,0.1057562458,0.5417619682,0.0,2.1996037642,0.443364154,2.0500247647,0.4615854388,3.3800702651,11.604166667,0.1563012228,0.0,0.0,1.0,0.0,0.0,0.412812289,6.0,-0.004054947,0.0036864505,0.0234976468,-0.45353674,0.1988207934,-0.011596556,5343.7736171,0.1925484061,18.128509795,0.0020028902,0.0241909284,0.0720989126,0.0097630764,0.0543746418,0.1062341856,0.0,0.0010087424,0.2141755648,0.0227157224,1.0,18.912262617,1.4714615547,0.0,0.0283286124,0.0206155927,0.0282114137,0.2301770945,1.4777458846,2.903819e-11,1.7546823e-08,0.8269120783,0.6837835853,0.0072312816,0.029248025,-0.128363557,0.1401288465
28564,0.3823605238,0.0313030932,6.0996525122,0.0046666752,0.182630256,0.3827070725,0.0830151457,-0.0268981,0.2576077867,-0.006005174,-0.150200517,-0.066325666,-1.21365969,0.0692943956,0.0663256665,46.0,0.0057239505,0.0605042017,-0.095806174,-0.133066652,0.0054574253,0.2209281135,0.1637515581,0.0197573964,0.0455630165,0.3823174145,0.0,2.2226870735,-0.092610404,1.7855468303,-0.113376831,4.6208144007,5.2366110569,0.2785730825,0.0,0.0,0.0,0.0,0.0,0.400921477,5.0,0.1723976266,-0.054751506,0.0229225248,-0.021101774,-0.36718023,0.0515804173,-15258.83498,0.0642905452,13.94347167,-0.03706938,-0.098711876,-0.140644363,0.0086220537,0.1971354642,0.0042629768,0.0,0.0025881592,0.089259086,0.1026918166,5.0,13.600627177,0.7037833458,0.0,0.0628641248,0.0250189716,0.0288282666,0.2466426336,0.8936198557,5.6787949e-09,3.3911653e-08,1.0901723805,1.1884758192,0.1124034532,0.0412863438,-0.102735611,-0.091892872
86290,0.9951012115,-0.250569504,-0.465674763,0.0,0.6933454102,0.6978824711,-0.147155279,-0.123857629,0.0914110823,0.0083031401,0.0026841634,-0.112755108,-0.813497942,-0.046731728,0.1127551079,35.0,-0.013803489,-0.244186047,-0.138799817,0.1683486514,0.2513291213,0.0481572652,0.482209518,-0.055390279,-0.194672542,0.617459229,0.0,3.1830453564,0.2106627404,2.7462203024,0.2389378707,2.1976880114,9.5918367347,-0.279136262,0.0,0.0,1.0,0.0,0.0,0.1277455104,3.0,0.0706841415,0.1028772837,-0.245089185,0.538610521,-0.48249798,-0.098956154,-8605.395595,0.0376507894,10.316034474,0.000584846,0.1402619349,0.2467875883,0.0110035571,0.4851771511,1.9882044353,3.0,0.237213181,1.3215641047,-0.030525717,2.0,10.491309777,1.1086838064,0.0,0.0597701706,0.0282142513,0.0661802969,0.9703120503,20.563622508,2.1535929e-07,1.2513506e-08,1.6065079596,2.5808678243,0.1557044572,0.082706367,-0.096183371,-0.028114825
46690,0.3330804173,0.0879304164,1.9891602353,0.0281377332,0.779415211,1.195853663,0.1600400936,0.188781014,0.3441208198,0.0046044592,0.1265887138,-0.002299984,-0.028,0.0903924681,0.0022999836,47.0,0.0538853294,0.0,0.3006885998,-0.263904702,0.1405764604,0.1091405184,-0.024642962,0.1276519238,0.3704775687,0.5166367211,0.0,1.2423714037,-0.328001562,0.7863993025,-0.327939853,20.0,5.1987767584,0.1960315563,0.0,0.0,1.0,0.0,0.0,1.3125904486,7.0,-10.29020882,0.1921281387,-0.31857443,-0.022039819,-2.137782069,0.2329690212,-2982.375362,0.02204135,15.130913961,-0.03706938,0.0089922481,0.0303664921,0.0861718081,0.0514216576,0.1430697495,0.0,0.001396648,0.6156351658,0.0280129751,5.0,15.757903962,1.8693281828,0.0,0.0272916649,0.0162885296,0.0284705284,0.2830440923,2.3242208403,5.058743e-10,1.488013e-08,1.3976227368,1.9533493144,0.0086976067,0.0405606803,0.2654113662,-0.24467985
20512,0.4435180911,0.0761250883,21.457730572,0.0,0.5836308356,1.0058309132,0.0886641577,0.1136496495,0.3813217279,-0.061331846,0.2172498457,-0.023008757,-0.294620313,0.0985530856,0.0230087571,43.0,0.0024804428,-0.03930131,0.0566591994,-0.265755559,0.000602989,0.2291118172,0.0565869789,0.0158921867,0.0014910707,0.1976305482,0.0,1.5044919705,0.0656676111,1.4144197396,0.0658307257,68.659165521,5.4331696407,0.182473276,0.0,0.0,1.0,0.0,0.0,0.7792155721,6.0,12.983075761,-0.036825271,-0.354908903,0.4660528597,-9.433783837,0.3463175623,-8027.431986,0.0371991411,15.641608894,-0.000382833,0.0142747391,0.0330597645,0.0051390663,0.0168999451,-0.001951693,0.0,-0.000763068,0.1777127233,-0.022540676,6.0,16.464939984,1.5958228335,0.0,0.0182792582,0.0139232469,0.0250989401,0.3761049191,3.1388098553,3.280089e-10,1.7507197e-08,0.7334389567,0.5379327032,0.0133269098,0.032710779,-0.206286311,-0.054879185
20750,0.3387859566,0.0356055751,2.6649387312,0.0153584457,0.9093076498,0.2920733807,0.0424905774,0.0909392448,0.0792611982,0.0371301409,0.0606939515,-0.006484611,-0.217833132,0.043361649,0.006484611,42.0,0.0003338685,-0.012427506,0.1116076114,-0.519457584,0.0918650988,0.0371152969,0.0025007251,0.1095973141,0.1813526245,0.474052041,0.0,0.4518656171,-0.122451784,0.4368649207,-0.114452857,17.600811008,4.0803581519,0.0813170518,0.0,0.0,1.0,0.0,0.0,0.2584401197,7.0,0.7421617677,0.0593318247,-0.016435786,-0.100959639,-0.010265741,-0.140241966,-8799.740538,0.0260918659,14.84119294,-0.003461351,0.0175918132,0.0626094404,-0.01528455,0.03842553,-0.074058793,2.0,0.0057695571,0.9510768374,0.0164773648,4.0,14.963822443,1.045630087,0.0,0.0411606357,0.0204499985,0.0278549136,0.4720332299,5.3377963055,1.0636113e-09,1.7094391e-08,0.4011737458,0.1609403743,0.381551862,0.0410784674,-0.185345072,0.1163368332
21371,0.107805906,0.0367780059,-6.486882888,0.0346712462,2.5677789756,9.4909832016,0.047340594,0.0904430162,0.1755139086,-0.006825939,0.094550213,-0.040108427,-2.79705401,0.1396480748,0.0401084265,38.0,0.0327626468,-0.014583333,0.0624174416,-0.038355879,-0.077965048,0.2854609929,-0.130853771,0.0413825247,0.001117943,0.4366919668,0.0,1.1239501882,0.0232106282,0.5956414712,0.1039140906,47.686234224,17.833918771,0.0346918526,0.0,0.0,1.0,0.0,0.0,3.8988261599,6.0,0.0211253776,-0.123026332,-0.223862229,-0.398647538,-0.438584792,0.211622195,12768.612757,0.130812276,16.593297673,0.0121504062,0.0060963265,0.1513121161,0.3490514458,0.0572883958,-0.014494614,1.0,-0.001415285,-0.096664362,0.0154406925,3.0,17.351291703,2.1162280782,0.0,0.0424385369,0.0196187095,0.0235946504,0.379518587,4.8505797417,7.639106e-11,1.0505399e-08,0.677265345,0.4586883475,0.0549264385,0.037919578,0.4292795347,0.4042341731
27334,0.3071561315,0.0392402639,5.0219707382,0.0136408937,0.4028965657,0.51382717,0.1025945772,0.0673944687,0.2584061135,-0.050149929,0.1666549839,-0.065567134,-1.14898211,0.0843266252,0.0655671337,46.0,-0.001249736,-0.076923077,-0.117715521,-0.008136977,0.0125551655,0.2654511011,0.1144547934,0.0094250364,-0.039768427,0.3627392438,0.0,3.418910554,0.7543382352,2.6397400186,0.9116531953,4.7053868322,6.0889271371,0.1774211812,0.0,0.0,0.0,0.0,0.0,0.5079082791,5.0,32.735516452,0.1743219548,-0.046348405,-0.727013654,-0.139932802,-0.050605532,-23820.5596,0.0799518023,16.418522837,-3.4483e-05,0.0193516346,0.0467347698,0.0249687191,0.041783281,0.0729269925,2.0,0.0003521304,-0.123670782,0.0564446999,6.0,16.816402896,1.4171663636,0.0,0.0392801277,0.021341128,0.0293916384,0.4341181736,4.1154035283,1.890808e-10,1.4226496e-08,0.9935059031,0.9870539796,0.0101382674,0.0295130982,-0.000416577,0.2073588198
20618,0.7205742161,-0.118827724,-1.075125191,0.0202359059,0.8171476189,0.763685494,-0.062895894,-0.079325731,0.0452714427,0.0039916405,-0.11372439,-0.154749613,-2.088850174,0.1293855879,0.1547496128,47.0,-0.096347445,-0.152173913,-0.323460639,-0.379567379,-0.373804176,0.0828529293,-0.061735713,-0.028228805,-0.036937124,0.5180032983,0.0,3.64805746,0.3024455324,2.2582435521,0.8836751105,5.1343075852,4.7800453515,-0.063087728,0.0,0.0,0.0,0.0,0.0,0.0728366881,3.0,-0.197155507,-0.45134622,-0.195264636,-0.066440146,-1.082574761,0.017550596,-2672.690335,0.0808307708,14.426856638,0.0027167833,-0.004981152,-0.010629893,0.0217413024,0.0720294605,-0.130029892,1.0,0.0024434942,0.3311174777,-0.001304144,5.0,15.336498279,2.1121260451,0.0,0.0951869041,0.0371459133,0.0495682652,0.3217269057,3.2051778979,1.6553649e-09,1.3965925e-08,2.0141073812,4.056628543,-0.004091094,0.0585715421,0.4159390471,0.2323533244
18542,0.154458812,0.0302046519,4.9871852326,0.0226383765,0.6341767908,0.4206083415,0.0919229371,-0.001644297,0.1833454425,-0.00868778,-0.013756581,-0.042467964,-1.110406938,0.0637441069,0.0424679641,46.0,0.0017349484,-0.048875855,-0.22401487,-0.171680196,-0.021157254,0.1870962781,-0.017835293,0.002154156,0.0509322731,0.4446585849,0.0,1.5345491309,0.0423094026,1.0911848194,0.0401558018,4.3936013471,2.4605410503,0.0856827325,0.0,0.0,0.0,0.0,0.0,0.910405813,5.0,0.0662009333,-0.040145006,-0.049778994,-0.302031879,-0.276747905,0.0115196806,90626.593715,0.0376507894,18.54135609,0.0023585828,0.0174547413,0.0847145488,0.0242285023,0.1256189344,-0.004273547,1.0,0.0019273845,0.0274788358,0.022611671,6.0,19.150622654,1.4244920075,0.0,0.0437073037,0.0212784968,0.0295302692,0.3160245967,2.1104863806,1.693242e-11,1.7456251e-08,0.8191609629,0.6710246832,0.1479285607,0.0307019554,0.13911944,-0.028114825
89792,0.3281196353,0.0367869896,3.2230808608,0.0,0.1287218263,0.5318198029,0.1402172356,0.1744775311,0.300582036,0.0067589665,0.3221573122,-0.042428376,-0.487761918,0.0547302822,0.0424283762,36.0,0.0200866612,-0.06,0.0435846046,-0.107840908,-0.021772616,0.055941829,-0.118899265,0.0549362006,0.1251740494,0.5939276932,0.0,2.7490004386,-0.083451721,2.1955133612,-0.061586389,3.0910736802,10.621858164,0.3522858028,0.0,0.0,1.0,0.0,0.0,0.3997179,4.0,-0.066811306,-0.133030978,-0.074331805,-0.200569194,0.7161062731,-0.051629067,-1401.635664,0.0795592663,14.575521094,0.0076950969,0.0387383713,0.0538002795,0.046749853,0.2489585236,0.1436501597,4.0,0.0059136606,0.9041862083,0.1008649804,5.0,14.998316185,1.4195641574,0.0,0.0478260852,0.0257671295,0.0363978424,0.2950292921,2.1212416272,1.5706302e-09,1.6552725e-08,1.5029939943,2.2589909469,0.2437047585,0.0442832615,-0.164963291,-0.071410172
64194,0.1063710842,0.0377074398,43.869840295,0.0024880116,0.0629953592,0.2454588308,0.2408837668,0.1313504431,0.5530052818,-0.002258044,-0.014764385,-0.1256446,-0.531583956,0.0577521099,0.1256445997,46.0,-0.000271527,-0.065921519,0.0727490321,0.1907658162,0.0632293557,0.1817822584,0.155778073,0.0368409475,0.2402836192,0.295338345,0.0,1.1012844859,0.5145397983,1.0775639568,0.5422758749,12.78366682,16.393644612,0.699352811,0.0,0.0,0.0,0.0,0.0,0.9620469359,7.0,4.1100541697,-0.044270323,-0.106142496,1.1559802176,-1.378796388,0.2541005281,3907.9596033,0.3461731473,15.811108415,0.0069753627,0.0520329586,0.0826885047,0.0014545486,0.0218058421,-0.005122031,1.0,0.0011824905,0.0704185979,0.0907463531,7.0,15.805172646,0.8392570818,0.0,0.0265536532,0.0176049599,0.0240800308,0.2821540636,1.3506371492,4.985081e-10,2.4170049e-08,0.6021764747,0.3626165067,0.1355986017,0.0333322246,0.0072100017,-0.094679308
23182,0.3689133374,0.0373853633,135.88082881,0.0154035614,0.6538030153,0.2583655559,0.0610148949,0.0837198113,0.0990209724,0.0644964643,0.0112809128,-0.047514254,-1.249596557,0.0841019846,0.0475142538,44.0,-0.000824612,-0.008376963,0.0179189498,-0.095832328,0.1572119908,0.0360444116,0.1707391207,0.0938465611,0.2412990561,0.481136212,0.0,0.4146435605,0.3018896252,0.3723984293,0.3203778473,139.52500714,6.2256653532,0.1048089497,0.0,0.0,0.0,0.0,0.0,0.2761331037,6.0,0.7257995004,0.0422596687,-0.012385243,-0.070832259,-0.205172374,-0.099501631,-9629.723538,0.0260918659,14.610823211,-0.000266937,0.0063335936,0.0168454779,0.0028023537,0.0029112269,-0.005637763,0.0,0.0007496876,0.2439724404,-0.007225692,5.0,14.607106221,0.7020928527,0.0,0.0203978866,0.0135424094,0.0210665504,0.357960722,1.1381084823,1.5757205e-09,3.2607725e-08,0.473752036,0.2244409916,-0.004471456,0.0337118867,-0.153272155,0.1163368332
14541,0.8099791752,-0.034093574,-5.31142228,0.0593608303,0.6585232551,0.5810669359,-0.019165664,0.0099482791,0.0844719241,0.0228555581,0.1609629148,-0.067558223,-2.90817247,0.0650564192,0.0675582229,46.0,-0.000720845,-0.009626556,-0.324555822,-0.185418861,-0.08954251,0.121494454,-0.357274462,0.0767095709,-0.0868507,0.430384428,0.0,1.1755849074,0.1009307633,0.919713294,0.0853606908,15.766188251,8.2356376951,0.1401517432,0.0,0.0,1.0,0.0,0.0,0.1339754391,3.0,32.678017463,0.1492131979,0.0209481156,-0.22419061,-0.582124783,-0.069875738,130052.56006,0.0799518023,19.277947544,0.0079573932,0.0251682413,0.045884579,0.0948795495,0.0261640022,-0.224464385,3.0,0.0084770823,-0.011803689,0.0218295433,5.0,19.733784695,1.7145054856,0.0,0.0355221927,0.0200865359,0.0260480271,0.2076226099,1.2590479646,9.077601e-12,2.1290826e-08,0.9746301532,0.9499039355,0.0709204288,0.0383377405,0.2575969567,0.2073588198
30509,1.2999280887,0.0022642097,-1.253970689,0.0227326657,0.1146595806,1.2494362118,-0.009733885,-0.015288592,0.197396211,0.0,-0.012865497,-0.01823351,-11.48,0.0282573374,0.0182335096,46.0,0.0064166706,-0.036866359,-0.160678977,-0.280878586,0.0394328358,0.1024256711,0.0134360535,0.0074393973,-0.015501749,0.6673609386,0.0,11.891518738,0.0686488666,8.5036160421,0.053051246,3.7790713601,5.3439860546,0.5481655876,0.0,0.0,0.0,0.0,0.0,0.2147609575,5.0,-0.118849004,-0.08377839,-0.343392569,0.6769084004,-13.97872941,-0.068366098,-3056.813315,0.0553124103,10.134715939,-0.002226817,0.0053050398,0.0059023369,0.03509729,0.1721010051,-0.00433477,0.0,-0.005278078,-0.494741111,5.60775e-05,3.0,10.078823132,0.4930986888,0.0,0.0354399309,0.0185043682,0.0255120957,1.1539091169,1.3210678776,1.177795e-06,4.062877e-07,0.3344921099,0.1118849716,-0.047455196,0.0337363782,-0.069901084,-0.010696088
23297,-0.106836591,0.046355738,104.12615063,7.04494e-05,0.9081638584,1.175730869,0.095113283,-0.03442275,0.2136247878,0.02,-0.090614088,-0.102830983,-1.809270517,0.1302258081,0.1028309832,38.0,0.0006910104,-0.043553055,0.0842293325,0.0785280782,0.1475376768,0.0842778588,-0.034205856,0.015704584,-0.366938009,0.4643053761,0.0,0.4037516749,-0.195702341,0.3119314206,-0.212021033,139.65690377,37.843537415,0.1041139416,0.0,0.0,1.0,0.0,0.0,-0.933208099,7.0,-0.474389911,-0.350288432,-0.667866687,-0.524299335,-0.928231368,0.0200323539,-6832.029976,0.0775136454,14.298110613,0.0002997474,0.0058024529,-0.043521266,0.0612069856,0.013336753,0.0839427704,0.0,-0.008970438,2.332415695,-0.067385742,5.0,16.101412966,5.4632269641,0.0,0.0650090203,0.0340947493,0.0515849561,0.1917157788,4.3190033725,7.223993e-10,4.662166e-09,2.3286189351,5.4224661449,0.0441938132,0.0626402876,0.2407688027,-0.164654644
23393,0.1411220336,0.0367195756,87.214925177,0.0110873588,0.2053053661,0.228746276,0.1282739165,0.1137230751,0.3575419834,-0.000228184,0.1013886104,-0.029050803,-0.26008398,0.046269749,0.0290508034,45.0,0.011085923,0.0625,0.1234825711,0.0045151188,-0.010256493,0.2090886203,-0.01869368,0.0307327185,0.1321688282,0.1570206757,0.0,0.8010946277,-0.085073545,0.4443324211,-0.099546747,26.73839432,12.276328987,0.2271073631,0.0,0.0,0.0,0.0,0.0,0.8693680186,6.0,1.4361048378,0.0276716798,-0.115504559,-0.102729905,6.2855750064,0.133017112,15656.302179,0.0232852488,16.980032459,0.0019217182,0.0312682364,0.0682221959,0.0034800688,0.0243836359,-0.015782236,1.0,0.0012110936,0.874287503,0.0418662934,6.0,17.185878246,1.2405517957,0.0,0.0199235603,0.0143462416,0.0205636106,0.2481153012,1.5108007375,7.907237e-11,2.1535821e-08,0.0835277487,0.0069768848,1.0626053941,0.0310127769,0.0979378743,-0.24467985
79026,0.047711232,0.0017545672,54.967809917,0.0032621954,0.3014346511,0.1369862124,0.0198409605,0.0530772246,0.1122696982,-0.005037783,0.1369117647,-0.049031962,-9.511111111,0.0184424512,0.0490319624,36.0,0.0,0.2727272727,-0.207340002,-0.86564116,-0.140862092,0.0858515849,-0.068649415,0.0905135241,-0.277788707,0.2834060453,1.0,0.5542197077,-0.245339168,0.5542197077,-0.245339168,8.7107438017,12.27008149,0.0488151767,0.0,0.0,1.0,0.0,0.0,0.4060594137,2.0,0.952896355,0.0734663582,0.3633804907,0.0112166157,0.8863780907,0.0176666764,3347.1960866,0.0633299066,15.858909498,0.0038001839,0.0206692251,0.1934467549,0.0060032209,0.1299142425,0.0099098499,0.0,0.0006039653,0.0345558275,-0.060616724,7.0,16.09913834,0.9865351742,0.0,0.0670598522,0.0302481949,0.0412206806,0.3313136108,2.0390130527,6.481986e-10,2.3247712e-08,1.6716488429,2.794409854,0.0467978224,0.0432061024,-0.202679565,0.0171249485
27422,0.2902491453,-0.017691103,-35.47636143,0.0035957525,1.9693217527,0.7700663646,0.0034619823,3.7736518902,0.1889377248,0.7680314273,3.2203023758,0.0133170241,1.0975609756,-0.037108166,0.0133170241,46.0,0.1223118156,1.0,1.6905874667,-5.127236911,-1.687253123,0.0359144458,-0.176231082,0.4040183934,4.6384464934,0.4612972393,0.0,1.8088084671,-0.175268753,0.501877774,-0.646048647,47.803571429,4.487845767,0.0226869146,0.0,0.0,1.0,1.0,0.0,1.0366024029,1.0,-0.224983752,0.0888297474,0.9144225865,-0.616120035,-0.171281076,-0.240254749,3547.4460806,0.0894515012,16.40831531,0.0342923876,0.0717344754,0.3205741627,0.439930536,0.002324809,-0.610217122,2.0,0.0065623423,0.721220625,0.1685195025,1.0,19.144108139,9.0398326527,0.0,0.0396104306,0.0286374088,0.0626083769,0.3757482454,19.787023902,4.34298e-11,2.9068629e-09,1.8276778439,3.3404063011,-0.033551778,0.0785480752,-0.292706409,0.2323533244
46578,0.0186062516,0.0321421865,58.167240752,0.0255326664,0.2599442741,0.3323320997,0.2063764141,0.0194752937,0.5438596491,-0.027092132,0.0823751178,-0.09022077,-0.797183099,0.0577653943,0.0902207699,47.0,0.0475013948,0.0227272727,0.0922481774,0.1601494119,-0.046118146,0.127646703,-0.001519123,0.1128279414,-0.547356828,0.3231068835,0.0,0.8895914397,-0.375524425,0.5238326848,-0.525673852,23.012539185,12.15397351,0.1667421019,0.0,0.0,1.0,0.0,0.0,3.6123348018,5.0,-10.49778072,-0.037642523,-0.295847157,-0.336513985,-1.809632463,0.2003419474,16263.817198,0.02204135,16.686537031,-0.00988638,0.0224186928,0.3454987835,-0.00540642,0.0337902455,-0.05924489,2.0,0.0009661252,0.9553570051,0.0216760919,7.0,17.529050804,2.5596062182,0.0,0.0273322519,0.0154935475,0.0230977519,0.2896744481,3.4362244672,6.563122e-11,1.028437e-08,0.0340767013,0.0018047546,0.7987721934,0.032287055,-0.011952714,-0.24467985
11995,0.2055236063,0.0691073577,7.3720544595,0.0037555864,1.0855143185,2.0061406042,0.1017026149,0.0305488521,0.6171649089,0.0,0.0125756313,-0.10141721,-1.866556904,0.1981001733,0.1014172101,46.0,-5.3234e-05,-0.065088757,0.0374611342,0.1120824765,0.0153568218,0.1484157748,-0.086207573,0.0305971424,0.478561876,0.3677767472,0.0,1.315545699,-0.014151973,0.9666491515,-0.004808027,91.386801234,10.216760659,0.1316907045,0.0,0.0,1.0,0.0,0.0,5.4563570753,7.0,-0.074099818,0.0792794005,-11.08010196,0.0527902364,-1.432712469,0.1566965872,-13860.88711,0.0426379215,15.122467702,0.0020100257,0.0210005307,0.112538408,0.0348975611,0.0546436487,-0.010951891,1.0,0.0056573139,0.7670144458,0.1084856768,5.0,15.396382945,0.975783646,0.0,0.0337123275,0.0204423221,0.033975294,0.2392279783,0.8930268275,1.0284071e-09,2.6599039e-08,0.6731859395,0.4531793091,0.0443163282,0.0544618888,-0.269504959,-0.010149049
11308,0.0818025711,0.0328371687,17.413476269,0.0298700823,0.2798047216,0.1399362704,0.11435945,0.0105926072,0.2443014089,0.0051401869,0.0111667662,-0.024148275,-0.270685427,0.0417257117,0.0241482752,46.0,-0.001301266,-0.068445476,-0.114098642,0.094161242,-0.006353156,0.1234888438,0.1202071196,0.0097475139,0.0167535957,0.2467734719,0.0,1.3177179645,0.7413554778,1.0940346552,0.7325855304,3.0249221184,10.500636132,0.1411934956,0.0,0.0,0.0,0.0,0.0,1.0615879037,4.0,-0.110893226,0.0156875187,-11.08010196,-0.070930799,-2.038591184,0.0003221256,214588.83666,0.0426379215,19.277947544,0.0017286796,0.0273965009,0.1110611713,0.0061336718,0.1641061298,-0.047680923,0.0,0.0015246808,0.0231769232,0.0330682811,6.0,19.394084048,0.8785244574,0.0,0.014032241,0.0104488217,0.0169943471,0.2455493567,0.9167810249,8.550191e-12,2.9670665e-08,0.7018826593,0.4926392674,0.0524717931,0.0259021842,0.102749383,-0.010149049
24441,0.2748821623,0.0101580656,15.084012436,0.0,0.2816281769,0.3113421143,0.0747050564,0.0183812116,0.2503387406,0.0091997234,-0.00159352,-0.088465051,-4.802825145,0.0589454785,0.0884650507,42.0,0.0028735581,-0.090951276,0.103947705,-0.154168656,-4.91778966,0.1449617192,-0.232887989,0.0723142294,0.0396924156,0.5034477288,0.0,1.1516394143,0.0433688039,0.6131016454,0.3229029052,8.4645666746,33.446644524,0.2373453904,0.0,0.0,1.0,0.0,0.0,0.4841725087,8.0,1.047086879,0.1091784897,-0.145015666,-0.07396978,-28.93701299,0.0928503467,1045.8916177,0.0885761255,13.745355622,-0.004895905,-0.032065424,-0.063067057,-0.013725894,0.0507875293,-0.094128354,0.0,-0.016207455,0.1043296014,-0.100048001,5.0,15.945417804,5.1437754179,0.0,0.0840163603,0.0457921297,0.0603357348,0.3162710665,8.2990671958,1.3413979e-09,4.8304538e-09,1.2228558145,1.4953763432,0.0226989171,0.084984054,-0.209956106,-0.017140666
24476,0.141474051,-0.017395482,10.345908995,0.0,0.1663342838,0.2423885735,0.0931315166,0.0336164894,0.3405665457,0.0115842849,0.133818446,-0.096699894,-1.683253553,0.0118855248,0.0966998939,47.0,-0.018574297,0.0430769231,0.2103085519,0.0745919699,0.0763531532,0.1449240593,-0.373323643,0.0221746039,-0.063672856,0.5638067038,0.0,3.0853969624,-0.317413624,2.0591656528,-0.296763663,3.2473142223,5.613997743,-0.053908945,0.0,0.0,1.0,0.0,1.0,0.6517572884,6.0,4.1172922033,0.1607319566,-0.135503553,-0.133566871,-3.184362208,0.1034914465,-2146.819849,0.0345323743,15.708365553,0.0034013754,0.0113082091,0.0250852933,0.0122089881,0.2424976045,-0.015466602,0.0,-0.000839698,0.7589679576,0.0014280514,3.0,16.559875323,1.9299263797,0.0,0.0155580007,0.005926034,0.009007415,0.3992909599,3.6986378978,8.939985e-11,1.3372186e-08,1.1797393502,1.3917849345,-0.049247194,0.0563357365,0.0745668555,-0.145662284
30648,0.3180304718,-0.008593791,5.0451175402,0.0015433189,0.358860755,0.3948357297,0.0282467275,0.011724861,0.2686613282,0.019205218,-0.02788251,-0.058648854,-4.592718341,0.0308750693,0.0586488541,46.0,0.0108797928,0.015625,0.0903058137,-0.097294346,0.0272256814,0.5487572696,-0.028892305,0.0076319232,0.0604795972,0.3742117181,0.0,2.7803821086,-0.058537739,1.9635431893,-0.053878353,3.740623548,4.1864875361,0.0663479708,0.0,0.0,1.0,0.0,1.0,0.5708879836,6.0,52.018628985,0.1765686694,-0.06528077,0.5154300173,-0.935099646,4.1443734527,-5911.813651,0.0357482652,14.071484458,0.0059979758,0.0173014845,0.0279135905,0.0478569654,0.2866008101,0.0014552888,0.0,0.000313087,1.7806936648,0.0398438754,5.0,14.740531087,1.6558237721,0.0,0.068681322,0.0288797922,0.0438467806,0.3864609346,3.1453650676,2.9053658e-09,1.5560602e-08,1.9100551255,3.6483105824,0.0279434899,0.0600052953,0.0281638977,-0.145662284
18729,0.0102236776,0.0370831912,69.799390205,0.0206675151,0.2039093914,0.2266409059,0.2733483637,0.058933085,0.6965544765,-0.005625352,0.0236943907,-0.066162693,-0.379962894,0.0511734278,0.066162693,46.0,0.0176390773,-0.002915452,0.0495762442,0.1717984664,0.0197589953,0.1272126505,0.0422123117,0.0307968604,5.3504273504,0.3147415829,0.0,0.985013624,-0.048220863,0.6051316985,-0.120719036,17.806486486,13.03085443,0.2207885305,0.0,0.0,1.0,0.0,0.0,9.1062751267,6.0,1.4297048439,-0.073222007,-0.18092001,-0.233628261,6.1675288735,0.1379207908,66927.985319,0.0232852488,17.986317476,-0.003232898,0.0396274767,1.1117093765,0.0040971687,0.0666246851,-0.019794577,0.0,0.0,0.3356219902,0.0007866181,7.0,18.339873944,1.3711875842,0.0,0.0204288885,0.0156253799,0.0180425813,0.3329005747,3.1346657439,1.841779e-11,1.3776007e-08,0.2749354589,0.0755895066,-0.024783193,0.0237581555,0.0679436121,-0.24467985
61735,0.0733605876,0.0413086227,19.941598154,0.0086479434,0.598870079,0.2322770423,0.0938574301,0.0921271893,0.1133140622,-0.028436019,0.0992063492,-0.026495879,-0.414126016,0.0584155981,0.0264958793,46.0,0.0,0.0,0.0048124943,0.0157499943,0.0416699177,0.258286429,-0.225140713,0.0019724537,0.0355555556,0.1342230803,0.0,1.0717604543,0.0128903881,1.0717604543,0.0128903881,9.283557047,3.4963665087,0.0873969938,0.0,0.0,1.0,0.0,0.0,0.8882962963,7.0,0.012272541,0.0639256792,-1.207747509,-0.156545024,5.3120135949,0.0011353009,36424.614267,0.1719954965,17.936395301,-0.001881438,-0.026026605,-0.201703272,0.0050103148,0.0288848378,-0.023891993,0.0,0.0002449522,0.389721413,-0.029654717,4.0,18.534120927,1.2059932324,0.0,0.0217852276,0.0246870642,0.0240265216,0.209357119,1.2719785967,3.697485e-11,2.4899103e-08,0.8838626615,0.7812132044,0.0239975998,0.0329975724,-0.37327091,0.0946339185
89525,0.37630448,0.0438868438,6.2825314959,0.0177063875,0.7534630328,0.4314692511,0.0634628446,0.0396903733,0.1170249114,0.0060667239,0.0150588209,-0.052869717,-1.34830074,0.1030595078,0.0528697167,46.0,0.0,-0.115789474,-0.049365718,-0.064774857,-0.050815262,0.2370246867,-0.041873497,0.0173415232,0.091833281,0.1828828929,0.0,0.9286359217,0.1078386633,0.9286359217,0.1078386633,8.5973767226,9.032269318,0.1323328292,0.0,0.0,0.0,0.0,0.0,0.3215192322,5.0,0.5593912132,0.0098335456,-0.331516934,4.8853656217,0.0117796594,-1.649080969,214588.83666,0.0456208962,18.995887815,0.0018405592,0.0145665767,0.042502765,0.0186507104,0.043199873,-0.025455697,2.0,0.0021455391,0.2567931814,-0.043906895,4.0,19.210266111,1.0208956203,0.0,0.026675202,0.0215178393,0.0264206971,0.3186705932,2.1558259551,1.430164e-11,2.1455298e-08,0.605176359,0.3662384254,0.002794058,0.0268143281,-0.142071098,-0.071440083
25081,0.9848307659,0.0609730647,-4.712251888,0.0502963466,10.300974779,0.3979971774,0.0207731214,0.2006348601,0.0323560666,-0.020605788,0.2119409762,-0.005621212,-0.957805907,0.1193734262,0.005621212,46.0,-4.9526e-05,-0.00981379,-0.189415772,-0.221809401,-0.085393389,0.1411764706,-0.434055728,0.0041415765,0.0449024157,0.6001841732,0.0,0.9211461664,-0.050208404,0.9209677641,-0.050101745,0.1962326378,0.0602613794,0.0079642021,0.0,0.0,0.0,0.0,0.0,0.3241435785,4.0,-0.123291886,-0.008831223,-0.024885019,-0.122336415,-0.657528414,-0.033997149,898.3138376,0.0256085935,16.18913077,0.0002391458,0.0029653104,0.0330349262,0.0031291535,0.2495424684,-0.003544324,0.0,0.0037267081,-0.06435722,0.0343764373,4.0,17.355492867,2.3936193535,0.0,0.0348277092,0.0207544227,0.0324623996,0.3399206595,5.097540427,1.007179e-10,8.2548888e-09,1.452308896,2.1092011295,0.0030882066,0.0428623278,-0.175235874,0.0732063074
25129,0.4405223841,0.0459134165,-11.52512666,0.0172191684,3.8284849244,0.1801937263,0.023863708,0.2630722208,0.0464039665,0.0447085002,0.2876780131,-0.009152082,-0.762405488,0.0809180572,0.0091520821,46.0,0.0010513189,-0.051085832,-0.03444272,-0.139516316,-0.024476554,0.1179493536,0.062495919,0.0012067158,0.1361741195,0.4229863002,0.0,0.6805614185,-0.097770745,0.6788847039,-0.099168691,0.6359698223,0.0862600812,0.0151696313,0.0,0.0,0.0,0.0,0.0,0.4045473093,4.0,-0.000533891,-0.002950164,-0.066157062,-0.666644797,-0.797882918,-0.072452518,835.7954576,0.0256085935,15.929520777,9.1244888e-06,0.00362005,0.0351618937,-0.000153403,0.0647293925,0.0203161675,0.0,0.001326062,-0.250496685,0.017251147,6.0,15.714230583,0.7367380633,0.0,0.030509457,0.0147533942,0.0236573704,0.2874783318,1.1168619221,3.581716e-10,2.971293e-08,0.7513032488,0.5644565717,-0.01887058,0.0312712389,0.1128195484,0.0732063074
70519,1.4017733282,0.0862038954,-3.140654082,0.042015344,16.045047627,0.6919913132,0.013234606,0.1583326414,0.0131065757,-0.015151909,0.1722489944,0.0150492206,2.8632872504,-0.160622619,0.0150492206,35.0,0.0374763016,0.050765,-0.141229011,-0.11373537,-0.281971097,1.4060714286,0.1162154747,0.0402894076,0.026816994,0.5891160954,0.0,1.505306145,-0.040098412,1.2396040645,-0.072454347,0.1468299157,0.1130569236,0.0078614614,0.0,0.0,0.0,0.0,0.0,0.1002442058,2.0,1.7771085327,0.0584233498,0.0249509976,0.7259071531,-0.40170619,-0.472337858,123652.66188,0.1116995972,18.37462577,0.0001861748,0.0019953881,0.0229769637,-0.000265698,0.2709752756,0.0019009255,0.0,0.005414648,0.1833610547,0.0233515692,3.0,19.733784695,2.8885847227,0.0,0.027096035,0.0155943779,0.0267847317,0.226315823,2.9147990331,1.113756e-11,8.9690694e-09,1.4333580159,2.0545152019,-0.008110309,0.0356055167,-0.274818744,0.0472491512
25452,1.1148658006,-0.0421581,-0.804785516,0.0089198653,0.1892185118,0.9994004912,-0.073896837,-0.060776656,0.303697317,0.007457041,-0.314482524,0.0503369454,1.6074610245,-0.109925604,0.0503369454,40.0,0.0028943308,0.0791366906,-0.163634935,-0.157288518,-0.062488358,0.1256694971,0.0469619474,-0.055282244,0.0021733626,0.5756576967,0.0,4.8074751277,0.1045067548,3.638209196,0.0103416695,2.6858440575,4.1835511447,-0.084157417,0.0,0.0,0.0,0.0,0.0,0.3790513167,2.0,-2.986567125,-0.072128856,-0.135687741,1.0369966061,-28.66211103,-0.107532657,-14555.6918,0.03476008,10.006011656,0.0001743649,-0.034675077,-0.041080909,-0.001664949,0.6696745199,-0.582900467,1.0,0.0071117115,-0.53715744,0.0292314105,2.0,11.073010864,1.0366684597,0.0,0.068627432,0.0661170295,0.0951492628,1.1465011562,6.1101855571,4.8903429e-07,2.2690465e-08,0.9349255132,0.8740857153,-0.103778728,0.0802835722,-0.927024264,-0.054879185
25487,-0.059534326,-0.262719221,-2.323477124,0.0,6.7957473286,2.0748672961,-0.030584869,-0.241632794,0.0868286777,-0.055480379,-0.212594571,-0.067627385,-2.010233918,0.2654078677,0.0676273854,38.0,0.0,-0.333333333,-0.41103358,-0.121242142,-0.108008336,0.1405556039,0.0288696322,-0.189137767,-1.236280488,0.4202879462,0.0,3.5837563452,-0.251982386,3.5837563452,-0.251982386,7.0614379085,8.3493044822,0.0463112815,0.0,0.0,1.0,0.0,0.0,2.1448170732,2.0,-0.04533138,0.1917084882,-0.180590799,-0.238093086,-1.566819465,-0.473478993,-611.46277,0.1989575041,16.374672581,0.0126046132,0.0306636987,1.1117093765,0.2167159017,0.0437297547,-0.354192988,2.0,0.040339885,4.5362210536,0.2629632168,2.0,18.000668522,4.6011003652,0.0,0.1193972528,0.0545693702,0.0762347188,0.4237797947,7.6225947935,1.555649e-10,5.7283832e-09,2.7519937703,7.5734697119,-0.031971777,0.103897845,-0.389589485,0.3033517087
40125,0.6248555265,-0.018721792,-2.930040532,0.0,2.102118029,2.2276419926,-0.098478783,-0.152580174,0.1372375606,0.0042204911,-0.198639651,-0.011364582,-1.832214765,0.015580552,0.0113645825,47.0,0.0,-0.028985507,-0.094396486,-0.040662424,-0.142344318,0.3956400742,0.013547564,-0.013842959,0.0392894462,0.374192758,0.0,1.0071165644,-0.115257007,1.0071165644,-0.115257007,5.9733827493,4.2658806545,0.0828037333,0.0,1.0,1.0,0.0,0.0,0.6704284222,5.0,-2.673606992,0.12431823,-0.243809938,0.546986332,-28.50463204,0.0179734985,-6639.653644,0.03476008,15.763777754,-3.8956e-05,-0.009009441,-0.037029742,-0.062165164,0.1341784738,-0.003942562,0.0,0.001785183,0.5425509435,0.0147162806,2.0,16.799377189,1.8782330789,0.0,0.0253032763,0.0221888345,0.0347464653,0.2563748601,1.6600629534,3.655499e-10,1.5900194e-08,1.7906890472,3.2065672639,-0.016555403,0.0632331729,-0.108489767,-0.054879185
26084,0.8560558295,0.082248459,-2.063346417,0.0,1.0416451328,3.9416704566,0.0809691188,0.1105629277,0.5057590765,0.0318895764,0.0462312101,-0.137921358,-3.023825108,0.3309534146,0.1379213575,41.0,0.0,-0.012658228,-0.071235761,0.0516477371,0.0963178143,0.1197567949,0.0125825449,-0.012463297,0.2003744187,0.5870241925,0.0,1.8503230027,0.0328947451,1.8503230027,0.0328947451,11.13923627,4.6895063152,0.1157202125,0.0,0.0,0.0,0.0,0.0,1.211833444,7.0,-2.92905171,-0.510723743,-0.227482659,0.7781866349,-28.06893764,0.333346361,-14505.41622,0.03476008,11.899896969,0.0067630543,0.0093327007,0.0201939684,0.0159663366,0.1723902282,-0.011468286,0.0,0.0012531328,3.0734319375,0.018846239,5.0,11.018372436,0.3517113143,0.0,0.0214067306,0.01142189,0.0304417764,0.5261538494,1.224226002,3.690062e-08,5.1940888e-08,0.9578038756,0.9173882642,0.0691352018,0.0607789823,0.4468316508,-0.054879185
79618,0.2151429408,0.0570412123,1.8263385354,0.0,0.2856563867,0.3224704849,0.1890329013,0.3750643998,0.6115404431,0.1642418364,-0.172788524,0.0030368764,0.0230263158,0.0557277633,0.0030368764,34.0,0.0,0.0454545455,-0.143099322,-0.342305146,0.0508692821,0.0660079051,0.3957478006,-0.132509016,10.397614314,0.8227148745,0.0,2.2893401015,0.166950733,2.2893401015,0.166950733,1.0315726291,4.7422737307,0.2006661116,0.0,0.0,0.0,0.0,0.0,9.1062751267,6.0,-0.293774659,-0.257681696,-0.081127438,88.029036016,-7.904527762,-9.211317135,-4910.638804,0.0103945171,9.7983047545,0.0001049098,0.0213563132,0.0497121926,0.0275580787,0.6262722646,0.1341461199,0.0,0.0088609822,0.1520258177,0.024260141,3.0,11.383790386,2.4684624641,0.0,0.0288462415,0.0212798436,0.0400981055,1.0680751518,11.890155826,2.1343735e-07,1.1141976e-08,1.5360509806,2.3594526151,0.1544859534,0.1157273227,-0.104983637,0.0069773022
13625,0.1623558715,0.0276154091,4.4583724164,0.0093894546,0.1184096378,0.2565394005,0.2690703159,0.1572246048,0.7011317786,0.0210722033,0.0177003443,-0.137198968,-1.300142129,0.0635193658,0.1371989684,9.0,0.0,-0.133512545,0.0248461622,0.092270018,0.0461632815,0.4572177143,-0.044738781,0.0341072018,0.2857882948,0.6966670321,0.0,1.9035219847,0.241616624,1.9035219847,0.241616624,1.5555913331,15.20517265,0.3708493557,1.0,0.0,0.0,0.0,0.0,1.3471849335,7.0,-2.862717714,-0.048604326,-0.348336976,0.084486677,-28.2676386,0.0659123122,-11999.52684,0.03476008,14.828184379,-0.001752189,0.0201406794,0.0344462257,0.0070449911,0.3573314534,0.0065614467,0.0,0.0011471938,0.6875325576,-0.038992983,7.0,15.61490936,1.7756436791,0.0,0.0365314558,0.0257757532,0.0407842722,0.3517818542,5.0611165243,8.709215e-10,1.1698403e-08,0.5513310882,0.3039659688,-0.070441462,0.0558600969,-0.76739838,-0.054879185
11404,0.762531993,0.0445454303,-11.85979109,0.0413896232,1.7733208072,0.4954617067,0.0444310184,0.0829215379,0.0787547995,0.027027027,0.0994331009,-0.018136128,-0.996366939,0.0889290243,0.0181361284,46.0,6.61299e-05,-0.055003358,-0.026085573,-0.322066661,0.0751681422,0.0447959684,0.0802106195,0.053771587,0.0457773832,0.4216739327,0.0,0.7208322002,0.0608314706,0.6724231711,0.0784501215,8.5278551532,4.4677125137,0.0721898299,0.0,0.0,0.0,0.0,0.0,0.1964820775,5.0,0.6916835649,0.0332845237,-0.059011638,0.3227863969,-0.073971329,-0.094674591,13197.053442,0.0260918659,17.307397097,0.0001174595,0.0085506763,0.0272501646,0.0108962729,0.0034160602,-0.032109384,1.0,-0.00110208,-0.231258078,0.0232725712,3.0,17.39337975,1.0570946057,0.0,0.0234009363,0.0122053056,0.018508733,0.310306609,1.8500300578,5.643819e-11,2.1925287e-08,0.3597556014,0.1294240927,0.3724878958,0.0293660882,0.259780108,0.1163368332
26607,2.7991601235,-0.550125117,-7.014408029,0.0,6.5619967794,6.2802366802,0.0754025132,-0.10650403,0.1197690881,0.0,-0.133593749,-0.14420494,-4.094474716,0.9016014033,0.1442049398,46.0,-0.001795782,-0.6,-0.35158738,-0.23814006,0.3767171608,0.0883817982,0.318468658,-0.04874007,-0.083514793,0.3208537046,0.0,0.5123228877,-0.507318547,0.5028341428,-0.500381892,3.6332813914,22.605316654,-0.01283408,0.0,0.0,1.0,0.0,0.0,0.1962005393,4.0,0.3675108161,0.2074345777,-6.141549751,7.6537527804,0.2594696068,1.6335898966,-8152.72227,0.0823714328,12.550339102,-0.010055907,-0.011424197,-0.01739061,-0.185127544,0.1379214702,0.1468412012,1.0,-0.198795181,1.7230482945,-0.052370834,2.0,11.93343898,0.3689382955,0.0,0.0302101187,0.0173869102,0.0338026568,0.4750712176,0.5191631223,4.3279279e-08,9.2801671e-08,1.5665034959,2.4539332028,-0.0301342,0.0872349789,-0.428796329,-0.164654644
23229,0.3117726616,0.0428290319,9.0661048649,0.0263781455,1.3381377939,0.3789376601,0.0439792388,0.105414167,0.0902112755,0.0178818026,0.082958406,-0.018441499,-0.690066225,0.0723839003,0.0184414987,46.0,-0.001026494,0.0054613722,-0.024105186,-0.034585536,0.10926879,0.0497318844,-0.048827578,0.0992659388,0.0952570745,0.4247752309,0.0,0.7820429408,-0.092816769,0.5946649317,-0.068381243,36.108108108,5.7735522904,0.0794780807,0.0,0.0,0.0,0.0,0.0,0.3702670387,5.0,0.7222657212,0.0252944299,0.0014530922,-0.127972934,8.71429e-05,-0.111219715,6108.9428418,0.0260918659,16.807712168,-0.000478142,0.0053083164,0.0249764373,0.0125984026,0.004326025,0.0550223956,1.0,-0.0008371,-0.118774686,-0.004088053,5.0,17.373941371,1.4472975814,0.0,0.0344536193,0.014304356,0.0187947102,0.3138038093,2.2649458507,7.576305e-11,1.6719355e-08,0.5949832022,0.3540050109,0.1119861558,0.0309339905,0.2046897789,0.1163368332
91983,1.0173624235,-0.100262116,-66.23130398,0.0031210703,1.379179303,0.4344754972,-0.039043982,-0.069609326,0.1025171372,-0.015775829,-0.047471471,-0.133010946,-3.382941651,0.2389187725,0.1330109461,16.0,-0.002462303,-0.046825397,-0.441601987,-0.116112567,-0.106331304,0.1419905748,-0.019050719,0.0765433061,-0.101639698,0.5428277938,0.0,0.9904031803,0.0962617692,0.9065782534,0.1036312472,54.486412471,3.6818392755,0.1610122063,0.0,0.0,1.0,0.0,0.0,0.2008613003,3.0,8.7798171653,0.0741681698,0.0413103138,8.6302633358,-4.081752667,-3.013972253,4194.9319084,0.0340789314,16.82015415,0.0088003143,0.024826046,0.0560769914,0.0384680047,0.0447337617,0.0962726839,3.0,0.0002166847,0.8937848413,-0.105333372,6.0,17.254151483,1.1883007456,0.0,0.03898976,0.0303183725,0.043073463,0.2044040039,0.8389610487,3.319068e-10,2.9938502e-08,1.6594611363,2.7538112628,0.1386812977,0.0799952483,-0.65639084,0.818494895
59248,1.2626787395,-0.096909189,-13.27597325,0.012642105,1.5021230669,0.9889332565,0.0510136972,-0.052969875,0.1530121484,0.0018492834,-0.031402477,-0.09413268,-2.78682824,0.1731600759,0.0941326798,46.0,0.0017226989,-0.039548023,-0.084607823,0.0777717945,0.0026743508,0.1845890801,0.0488979399,0.005048545,-0.078572812,0.1453116084,1.0,0.6186822181,0.0466673398,0.4487671373,0.0573279923,12.575379821,14.094454956,-0.009318817,0.0,0.0,1.0,0.0,0.0,0.3080316557,5.0,-0.227030921,0.0608600617,-11.08010196,1.1099453697,-1.643616727,0.1317564898,-6564.229095,0.0426379215,16.254101863,-0.002692212,0.0158836462,0.0348869447,0.0069484331,0.022294572,-0.018622168,3.0,0.0040965934,1.0024183116,0.0123533906,3.0,16.809778736,1.5329590705,0.0,0.0248254221,0.016913689,0.0253872191,0.1922020841,1.3580144829,1.981515e-10,1.7266536e-08,0.7708444711,0.5942011986,0.1319203937,0.0376242313,0.4376505517,-0.010149049
22293,0.3978576616,0.0185911402,1.9513473054,0.0282861293,0.629157589,0.4142338417,0.0578635015,0.0649525919,0.1895632916,0.0039370079,0.0896798943,-0.055904681,-3.2578125,0.079157589,0.0559046805,46.0,0.0039548875,0.0123232323,-0.008258715,-0.149510722,-0.049370736,0.0925587626,-0.024468823,0.0473043117,0.0329970774,0.465197433,0.0,2.1247677197,0.0024530539,1.4775683568,0.0115726588,4.2694610778,5.3483356774,0.1223064885,0.0,0.0,1.0,0.0,1.0,0.4849627604,5.0,0.1290985775,0.0386907918,-0.025258445,-0.005604636,-0.357836493,0.0614436107,11173.095613,0.0642905452,17.208618024,0.0028413784,0.0124471583,0.0310200669,0.0201033785,0.074833367,-0.018203608,0.0,-0.000274048,0.9931744704,-0.075168656,6.0,17.551945555,1.2043419543,0.0,0.0313771628,0.0175033414,0.0255127877,0.3531723421,2.6189273783,7.754257e-11,1.7152681e-08,1.0828436621,1.1725503966,0.0149937755,0.0358215516,0.1885229167,-0.091892872
20204,0.338685274,0.0400955161,1.4711195869,0.0222408277,0.6773705479,0.6505885153,0.0726964076,0.0373443045,0.255849176,-0.014813057,0.0374567415,-0.028515634,-0.709944751,0.0685611173,0.0285156337,46.0,-0.004238511,-0.153846154,-0.105449118,0.0724708818,-0.017594427,0.1782571672,0.1642620893,0.0025770283,0.0374567415,0.3410454357,0.0,1.4893999621,-0.089717351,1.074673481,-0.055099578,5.0549053356,5.7160373686,0.1021115034,0.0,0.0,0.0,0.0,1.0,0.7304743163,5.0,-0.083267436,-0.072109581,-0.460372363,-0.284334414,-13.94010596,-0.028062318,1435.324405,0.0553124103,15.50295049,0.0008003461,0.0263610056,0.0675863668,0.0372618761,0.100748687,-0.000834401,0.0,0.0121092114,0.370649184,0.0720240464,4.0,15.883373434,1.09622692,0.0,0.0302381832,0.0228715071,0.0278295474,0.3936589113,2.264034823,5.744024e-10,2.1183629e-08,1.4401386558,2.0739993479,0.0003810752,0.0347316257,-0.167386568,-0.010696088
17726,0.1627297108,0.0428664707,4.0695717057,0.0,1.0413813066,0.8569592368,0.0885073534,0.0751370526,0.1543373105,-0.005731018,0.0486841124,-0.045749806,-1.271157168,0.0973564921,0.0457498057,46.0,0.0029215229,0.0,-0.007715388,-0.175879701,0.0409623655,0.1090208522,-0.08978713,0.041986456,0.2831290134,0.3487613077,0.0,1.1459751232,0.1164810108,0.7533442854,0.2362328993,9.3573160873,6.3598901099,0.0771498235,0.0,0.0,1.0,0.0,0.0,1.2218330414,7.0,-0.097994108,0.0129410042,-0.306526209,-0.460289978,-13.0769492,0.0007330567,10428.164125,0.0553124103,16.425617405,0.0002559345,0.0112009584,0.0826702034,0.0334089181,0.1453205048,0.0355685938,1.0,0.0007938083,0.9559289876,-0.031729525,5.0,17.369791021,2.1868984291,0.0,0.0297054686,0.0245377152,0.0290385071,0.3310376912,4.7541793956,1.033178e-10,9.4985543e-09,1.013912732,1.0280190281,0.0351694246,0.0324545224,0.1113947217,-0.010696088
59256,0.541699543,0.0786832658,35.633833605,0.0646701138,0.2098349812,1.0243187059,0.1705441194,0.0158991132,0.4345582705,-0.016622406,0.1004274954,-0.04610646,-0.436934715,0.113062716,0.0461064596,47.0,0.045169407,-0.050724638,0.078587389,-0.007634034,0.0349389646,0.2770539269,0.216145054,0.0075909957,-0.013455557,0.4910183017,0.0,3.2033060405,-0.439696017,1.6325505948,-0.452209058,129.14192496,4.0937015203,0.4918265814,0.0,0.0,0.0,0.0,0.0,0.5854698841,6.0,0.0295986704,0.1692436403,0.0145064386,-0.322341856,0.2151494288,-0.018996132,-1601.499468,0.5623720727,11.052488763,-0.003275533,0.0389379376,0.0544425683,-0.019301187,0.0314315901,-0.004473282,0.0,0.0,1.5971688791,0.0454105651,6.0,10.388731061,0.3954034392,0.0,0.0145867346,0.0093287971,0.0178283906,0.6996450178,0.7339434315,1.2906929e-07,9.4666884e-08,0.5268349491,0.2775550636,0.1711314015,0.0399606765,-0.074965908,-0.192209948
27888,0.7545896633,0.0602481653,-3.531632289,0.0332214458,6.9314383389,0.2703074033,0.018064361,0.2457984482,0.0352500048,0.0054572436,0.2650619144,-0.005053524,-0.583093513,0.0953784797,0.0050535245,44.0,-6.124152e-06,0.0055805967,-0.003525182,-0.181383825,-0.092886128,0.0615640344,0.1517542652,0.0009814729,0.1009725572,0.5463304327,0.0,0.785584383,0.1795894283,0.7855601082,0.1796224458,0.1444020048,0.0862887449,0.0115964654,0.0,0.0,0.0,0.0,0.0,0.3183990049,5.0,-0.037265355,-0.000285851,-0.009490633,-0.352577518,-1.1145239,-0.057992095,-1379.161112,0.0256085935,15.952727946,9.51841e-05,0.0023122137,0.0246866753,0.0014110937,0.3396126332,-0.002730042,0.0,0.0010116338,1.6183652689,-0.005714861,5.0,16.359427164,1.312453521,0.0,0.0273061208,0.018768663,0.0274471361,0.3682174123,2.6594608501,2.752407e-10,1.6727747e-08,1.0955782887,1.2002917867,0.0152842585,0.0359464538,-0.059078996,0.0732063074
41080,0.2404189399,0.0533502212,3.8436384775,0.0233202197,0.4066127817,0.5907888389,0.0700308382,0.1462734965,0.2807417541,-0.018883721,0.2096344925,-0.044049952,-0.521520402,0.0811734501,0.0440499516,46.0,-0.002880008,-0.061510996,-0.159518052,-0.193447086,-0.004609268,0.1425527381,0.0102279991,0.0097785884,0.0739309977,0.4906519625,0.0,1.8779794791,0.2523864429,1.337332281,0.4186917605,5.1297255308,4.9626753507,0.1973742321,0.0,0.0,1.0,0.0,0.0,0.7222592247,4.0,0.1020647337,-0.166896733,-0.062414134,-0.216071751,-0.314893813,0.0289490238,24903.491435,0.0376507894,17.10686218,-0.002225519,0.0236199575,0.0678871091,0.0264638676,0.1308589516,-0.029975281,0.0,-0.001692198,0.2324308748,-0.017608675,6.0,17.958963451,1.8161443347,0.0,0.0232321285,0.0168167165,0.026649411,0.2567509005,1.9930122349,7.158898e-11,1.4589756e-08,0.8183126743,0.669635633,0.0069085579,0.0283239714,-0.162553158,-0.028114825
18091,0.3754952709,0.0423041192,9.284555708,0.0059184007,0.4692204722,0.5023206643,0.0915726196,0.0682930859,0.2567074919,-0.041330834,0.1225550772,-0.015358621,-0.296873759,0.0548631021,0.0153586206,46.0,0.0010388416,-0.098901099,-0.038837024,0.0299330059,0.0040342903,0.2190577171,0.1787581915,0.0059257315,0.0074403789,0.2827036036,0.0,1.60520844,-0.218554373,1.0759745156,-0.274802275,12.062346152,4.0619379737,0.15024686,0.0,0.0,1.0,0.0,0.0,0.5245624931,4.0,-1.397638936,0.0973039668,-0.102240303,-0.043926203,-0.630111877,0.1324171735,-12952.65514,0.0629453635,15.518860812,0.0013442666,0.0170632206,0.0367883321,0.0095956355,0.0574084546,-0.004600802,3.0,0.0002377556,-0.299056872,0.0218479109,4.0,16.216497174,1.2529414315,0.0,0.0243792385,0.0185976283,0.0254340536,0.2319291926,1.1703352258,5.520113e-10,2.1851399e-08,1.3655892728,1.864834062,0.0362869016,0.0340208127,0.121008309,-0.107827317
19828,0.1117984296,0.0239693021,10.163926068,0.0131949958,0.9134360266,0.3526934553,0.056888167,0.0091053631,0.2240287322,-0.002761362,0.0027332593,-0.033191174,-1.413274832,0.0578445135,0.0331911743,47.0,0.0001676211,0.0526315789,0.0145248513,0.0789717742,-0.007825627,0.0683166952,0.0553301282,-0.008684503,0.0643680075,0.2900605156,0.0,1.6637060013,0.0500817823,1.6522569125,0.0502310941,5.0850974595,15.777679701,0.0558855471,0.0,0.0,1.0,0.0,0.0,1.9389242756,6.0,0.5107881577,0.3996629536,-5.443035172,-0.413818338,0.0148185658,-0.010913856,-3305.82291,0.0823714328,15.263795678,0.0001017525,0.0079682609,0.0721847408,0.0037544247,0.1178648918,0.0281443366,0.0,0.0004612546,1.9570802357,-0.055168434,4.0,16.329132473,2.245104949,0.0,0.0190243609,0.0167916953,0.025035857,0.2397810854,2.8221796534,2.592329e-10,9.9914088e-09,1.1997958999,1.4395102015,0.0460493539,0.0415560244,-0.101128613,-0.164654644
92570,0.6231938014,-0.010989197,-3.386406291,0.0053173533,1.9007765434,2.5190074818,0.0182096404,0.0216066482,0.1347645429,0.0039807424,0.054473943,-0.057138942,-13.4516129,0.1368332238,0.0571389422,46.0,-0.006029049,0.0523415978,-0.175638051,-0.272956059,-0.162907156,0.1495288816,0.0775783415,0.0372576177,-0.061398825,0.4803847614,0.0,1.6939721793,-0.011581698,1.1020092736,0.0326089943,12.147008547,4.9622905028,0.0639418015,0.0,0.0,1.0,0.0,0.0,0.4458088628,2.0,-1.388808356,-0.146669709,0.0490023937,0.203772328,-0.545823383,0.2143872952,-14892.27942,0.0629453635,14.578528812,0.0005317735,0.0062508139,0.0256547301,0.065468429,0.0324666755,-0.024606373,0.0,-0.007194245,1.3189340686,-0.086729547,3.0,15.821937174,2.2994265143,0.0,0.0561941937,0.0322684326,0.0483144826,0.2855060914,4.1018602837,9.14288e-10,9.7217863e-09,2.18813578,4.7879381919,0.0208680701,0.0545530462,-0.209754342,-0.107827317
28629,0.5663911089,-0.114322234,0.6825665278,0.0,0.171685232,0.5862619513,-0.168665208,-0.095081503,0.4114776705,0.0247169122,-0.11820471,-0.170586379,-1.159182644,0.0181981155,0.1705863791,40.0,0.009281087,0.0,-0.057492582,0.3340663352,-0.07517493,0.3548106226,0.3267543694,-0.000459673,-0.087830934,0.7839088387,0.0,4.4789057985,0.0239526914,3.4636871508,0.0015260805,1.4348838851,8.1507618284,-0.49574937,0.0,0.0,0.0,0.0,1.0,0.5405016256,5.0,51.782136003,0.1409470866,-0.08090577,0.7637906544,-0.566537555,4.1316964989,-7487.953931,0.0357482652,10.268275074,-0.008437257,0.0004462626,0.0006154477,0.0139088408,0.5225288031,-0.012423819,3.0,-0.004594181,1.6660651529,-0.1550099,5.0,9.406544288,0.3604282622,0.0,0.0395137146,0.0281504032,0.0436263235,1.1540772848,4.2493029399,7.4020966e-07,4.1308895e-08,1.053251295,1.1093382904,-0.050215121,0.0586956861,-0.389329764,-0.145662284
80912,1.8277648927,-0.265121744,-1.045610899,0.0,0.2491895263,1.7298410234,-0.262055983,-0.189886214,0.1340198107,0.0082020011,-0.492574561,-0.284321493,-2.488405577,0.3946086822,0.2843214927,40.0,0.0,-0.518681319,-0.409355642,0.2899728323,0.1611249505,0.3868540794,0.0661972093,-0.111889537,-0.118169922,0.7307141337,0.0,7.8739416745,1.190779255,7.8739416745,1.190779255,1.8501009927,11.725452812,0.215925745,0.0,0.0,1.0,0.0,0.0,0.1649687394,4.0,9.1291349146,-0.099746129,-0.430545608,9.4406658051,-3.963409289,-2.858282344,-1708.380732,0.0340789314,10.687710524,-0.000137005,-0.091052223,-0.10179385,-0.115909417,0.5300840979,4.9115270049,1.0,-0.000424639,4.1044609818,0.0,5.0,9.5267097178,0.1870345484,0.0,0.0801691264,0.0385718225,0.0453622683,1.1275392743,0.9285752721,2.1532715e-06,1.1677704e-07,1.2294181624,1.5114690179,0.0856298474,0.0708970202,-0.215592159,0.818494895
91926,0.0597786434,-0.482632659,-0.923618531,0.0100150661,2.7458427468,0.6661772552,-0.138195744,0.1156635468,-0.064138722,-0.007137845,0.4329117013,-0.125864292,-0.69374243,-0.147809905,0.1258642916,46.0,-0.007602836,-0.188809962,-0.636330759,-0.125468811,-0.682962614,0.0716632571,0.0255814517,-0.072987045,-0.900117203,0.4576186733,0.0,1.0927356062,1.6764007986,1.0467759151,2.0221578435,1.1964585666,12.245702006,-0.168394129,0.0,0.0,1.0,0.0,0.0,-0.329990884,2.0,-0.45451031,-0.126515875,-0.086733673,0.0331935859,-0.242965054,-0.205229524,18673.702535,0.1434304144,17.132800812,0.0227376195,0.0161069726,0.9469164715,0.2233508406,0.1836143055,0.0232122488,2.0,0.0042243605,0.6979380703,-0.045401046,1.0,18.926955821,5.276145626,0.0,0.0621440075,0.0266556408,0.0333402485,0.4126563448,11.062003793,3.250303e-11,4.2449593e-09,1.9021840323,3.6183040927,0.0472345934,0.0520074385,0.2656949251,-0.152691328
61743,0.4411650477,0.0071866161,1.779475642,0.0419635389,1.0884565714,1.461132548,0.1279002055,-0.03522236,0.6073484893,-0.003631961,-0.027997377,-0.109342843,-23.69947775,0.1775056633,0.1093428429,46.0,0.0001094764,-0.026290932,-0.108494236,-0.017678002,-0.000992265,0.8892812997,-0.006272105,-0.016629865,-0.052839483,0.1821782072,0.0,1.2302243699,0.0628010381,1.132778884,0.0689901394,14.544768603,9.8619977531,0.0883806427,0.0,0.0,1.0,0.0,0.0,2.0269855534,6.0,0.1148200934,0.12442419,0.0212389685,-0.196455841,-0.777519983,-0.179959859,-1509.086453,0.0984150309,13.964373049,-0.003688759,0.0041309359,0.0225787403,0.0606174215,0.0402715328,0.0287591851,1.0,-0.003064921,1.4595897322,0.0220952332,5.0,14.277505395,1.1918773697,0.0,0.0302457176,0.0201782635,0.0310844185,0.3836416748,2.173616455,2.4518292e-09,2.0805106e-08,1.3941884827,1.9437615252,-0.015457225,0.0604512406,-0.048732103,0.1210215137
11674,0.5281449819,0.0581490813,-5.539269167,0.0338352842,1.3987659492,0.5176033356,0.0390039272,0.086290053,0.0832577241,0.0081265706,0.0952206617,-0.053308613,-1.70248538,0.1571470421,0.0533086132,46.0,-0.000984229,-0.009345794,-0.038834951,0.0115095107,0.2058362901,0.0513139647,0.0354613643,0.0684064753,0.0645133653,0.3787952128,0.0,1.2998885173,0.6836209992,1.0338164251,0.7757474221,23.598837209,6.7952008929,0.0893047194,0.0,0.0,0.0,0.0,0.0,0.2351782042,6.0,0.7286548204,0.009945865,-0.013354074,0.0883993858,0.1858050218,-0.026456573,12006.450552,0.0260918659,17.049785225,-0.003150386,0.0011685067,0.0046857328,0.0293421221,0.0014200583,-1.022865463,0.0,0.0004475875,-0.26383991,-0.01050354,5.0,17.391575757,1.199921888,0.0,0.0247226711,0.0126249339,0.0181709388,0.2584203798,1.2957275038,7.232196e-11,2.298563e-08,0.8727239427,0.7616470801,0.0952739644,0.0293794445,0.1956605375,0.1163368332
76708,0.7411912423,0.0581276869,-0.047138604,0.0,0.9974928917,0.6336986589,0.1141835921,0.3702399664,0.2964727663,-0.050471362,0.9127695229,-0.03413634,-0.883639108,0.1094915843,0.0341363398,36.0,0.0,0.0295417539,0.0573944321,0.1613212721,0.0505410112,0.1022587842,0.0549358486,0.0113147337,-0.007135875,0.5368295612,0.0,3.7057902629,0.8507554247,3.7057902629,0.8507554247,0.8337330687,14.262013437,0.1122919003,0.0,0.0,1.0,0.0,0.0,0.4930674951,6.0,0.1086523816,-0.296033724,-11.08010196,0.5755084283,-1.082795323,0.4016963233,639.78286205,0.06728965,14.193839552,0.0018923583,-0.025273787,-0.059321943,0.0373407713,0.1182968481,0.100646385,0.0,-0.003438244,1.7018456632,-0.224376071,6.0,14.834018848,2.3331044362,0.0,0.043419756,0.0180132382,0.0291222694,0.2901150007,3.2689053388,9.897984e-10,1.0402837e-08,1.0265307951,1.0537654732,-0.001597571,0.0481371429,-0.282698876,-0.114609465
40440,-0.674497254,-0.324977181,-1.099092784,0.0,5.3980509146,4.7125917994,0.0788150315,-0.035139556,0.3283385216,0.0112741333,0.0453461179,-0.077094522,-1.066889632,0.0217376041,0.077094522,46.0,0.0085123523,0.0,-0.114863792,-0.159430238,0.0768362762,0.5533742331,0.0872462906,-0.009101462,0.5596831982,0.347558074,0.0,1.125977569,-0.048037146,0.8239466505,-0.075422615,10.788775228,6.0323079301,-0.02028379,0.0,0.0,1.0,0.0,1.0,-1.974354139,4.0,0.1160976774,0.0724397107,-0.000903139,-1.094815877,-0.428153886,-0.030486822,-7801.582225,0.0376507894,12.687265604,0.0056232427,-0.000594043,0.0024668155,-0.046710183,0.0640107056,0.0564710965,1.0,-0.014836795,3.7951660655,-0.140554473,3.0,14.051447692,2.845175533,0.0,0.0432431996,0.0434292446,0.0676522662,0.3359009186,8.8929258828,6.5651435e-09,6.5499478e-09,1.7313768435,2.9976657741,0.1148871462,0.0862069015,-0.144044721,-0.028114825
79322,0.9683203825,-0.081060392,-5.423063973,0.0,2.0404567905,5.4585207789,-0.109308807,-0.061488357,0.1733919557,0.0007524454,-0.060771347,-0.048872686,-1.881630013,0.0714652741,0.0488726857,30.0,-0.006081785,-0.108418367,-0.105103453,0.0739025355,-0.17157612,0.1421810166,-0.044967792,0.011349943,-0.0637737,0.6041242843,0.0,2.1005835381,0.0789246192,1.3882063882,0.0640442828,29.21043771,4.8367403828,0.0161045426,0.0,0.0,1.0,0.0,0.0,0.508364595,3.0,0.1633799371,-0.10373722,-0.146000044,0.564858085,-0.376293039,0.0537512958,-16347.83219,0.0642905452,10.429600912,0.0105909235,0.0566293065,0.2042726698,0.1005597501,0.021695007,-0.002374168,3.0,0.051614163,1.054863649,-0.05575032,1.0,9.6085752993,0.4323887646,0.0,0.1399603188,0.0443512994,0.0551701535,1.267651444,3.0312997681,8.6091395e-07,4.2069419e-08,0.8606108466,0.7406510292,-0.037583325,0.0894509802,-0.504136663,-0.091892872
44943,0.308772375,0.031423777,4.4608949065,0.0,0.3086166785,0.3937951432,0.0853217435,0.2074395017,0.3191277943,-0.135352589,0.9797205513,-0.04925997,-0.908694234,0.0599783819,0.0492599703,47.0,0.0390124905,0.2294044836,-0.015943096,-0.245424277,-0.047021684,0.1844756704,-0.118228587,0.1297206756,-0.128887298,0.5237344706,0.0,2.0087550661,-0.29238145,1.4063916102,-0.300290212,3.7628531458,3.8405647673,0.2842817092,0.0,0.0,1.0,0.0,0.0,0.462310109,3.0,0.1247861616,-0.045583171,0.1918228067,-0.094689923,-0.281204964,0.0422644037,-13245.44639,0.0642905452,15.010761948,0.0043760565,0.0343326966,0.0632043333,0.0397162879,0.1431023616,-0.043124001,6.0,0.0011038746,0.9515213472,0.0590247465,6.0,15.593217881,1.5043059945,0.0,0.0516738631,0.0321929799,0.0438681377,0.33396205,2.4991771032,1.0409478e-09,1.2191156e-08,1.1628796581,1.3522890993,0.0448533011,0.0392309123,-0.490992298,-0.091892872
26403,0.2879294254,0.0065810211,9.7551096354,0.0,0.3296525787,0.219209129,0.0154159194,0.0102208396,0.110578569,0.0044198895,-0.025490931,-0.017489473,-1.750494071,0.0181010594,0.0174894732,47.0,-0.001184723,-0.064039409,0.0310454518,-0.020811646,0.0051736295,0.1386786053,-0.06269349,0.014348868,0.0594618523,0.2316154394,0.0,1.0830195965,-0.181905597,0.9699456189,-0.179994541,4.2236561834,5.0436148724,0.0694667562,0.0,1.0,1.0,0.0,0.0,0.2459112499,7.0,-0.197120101,0.0239572781,-0.090092876,-0.040343594,-1.285376359,-0.156060159,214588.83666,0.0471991723,19.129884607,-7.4424e-05,0.0007912136,0.0018445718,0.0124434622,0.0783953558,0.3188461821,0.0,-0.001123131,2.0402714951,-0.08445644,3.0,19.550955699,1.3762469793,0.0,0.0323236845,0.0203389044,0.0270647657,0.4023082895,3.9134857452,9.864499e-12,1.4510751e-08,0.9219000533,0.8498997082,0.0096987144,0.0287791166,-0.248621766,-0.071440083
10886,1.6205272029,-0.230868794,-53.15554688,0.0,4.2951807918,8.0260184659,0.0056073229,-0.059723248,0.3512208319,-0.026793595,-0.030788544,-0.09421739,-2.490867077,0.3441946838,0.0942173905,39.0,-0.042078801,-0.05570118,-0.156555841,-0.172119415,0.0441737029,0.1316236965,0.0591489839,-0.046301568,-0.128669189,0.5083928363,0.0,2.4481473321,-0.099309068,0.8800998862,0.0252726479,164.5515625,8.3767896914,0.0083778473,0.0,0.0,1.0,0.0,0.0,1.108849763,4.0,-0.028286948,-0.075321533,0.0095298968,0.7564858036,-0.408982468,0.2121358362,-1639.419658,0.5623720727,10.627630363,0.0015346109,0.0227518475,0.0853175208,0.2508391696,0.0052962947,-0.0521418,2.0,0.0706189302,7.4068487541,0.0948873768,1.0,10.612074887,0.559613798,0.0,0.0311418381,0.0208197769,0.0489441699,0.5706690582,1.0265246109,2.9101273e-07,6.1893621e-08,1.2453321473,1.5508521572,-0.253656007,0.1364541269,-0.677244452,-0.192209948
64936,0.3915117998,0.0261172853,-3.463291139,0.05117866,1.1457288422,0.2338181722,0.0343350872,-0.076264412,0.061248471,-0.038186158,-0.00495773,-0.036489626,-2.301958307,0.086238187,0.0364896259,46.0,-0.001922615,-0.094240838,-0.144822592,-0.092648679,-0.084202626,0.0399233034,0.0462912904,-0.140951427,-0.198500355,0.3558497993,0.0,0.6350640967,0.0367776046,0.4921147284,0.1254321872,59.797468354,5.6529716793,0.0562362641,0.0,0.0,0.0,0.0,0.0,0.16479211,3.0,0.7383380298,0.0149050885,-0.098249118,-0.048233796,0.1076867428,-0.097365428,49091.913442,0.0260918659,18.00794061,0.0013870952,0.0060124741,0.0221845574,-0.007287028,0.0025249489,-0.507328675,1.0,0.0008216927,0.0171373705,-0.011561598,3.0,17.993714365,0.806054254,0.0,0.0203275643,0.0110389561,0.0181760531,0.1951483289,0.737435809,3.23935e-11,2.9741629e-08,0.5395312943,0.2910940176,0.0535152636,0.0286111596,0.1256174935,0.1163368332
25953,0.1865561342,0.0376581586,23.872278419,0.0156655947,0.3177232565,0.3682752587,0.1111715605,0.0556662184,0.319738434,-0.003804521,0.02297112,-0.047286457,-0.616516766,0.0608750447,0.0472864567,46.0,0.003328891,-0.041666667,-0.063426544,0.001375044,0.0185733586,0.2614269052,-0.042441522,0.0249183428,0.1164367255,0.2584311008,0.0,1.5063204582,0.0343217639,1.0256412763,0.0301163806,13.026867417,5.8006514251,0.1688138279,0.0,0.0,1.0,0.0,0.0,0.8771270106,6.0,0.1149029302,0.0250303099,-0.042569805,-0.269934556,-0.182196379,0.0086506184,9519.1758845,0.0376507894,16.771302133,0.0014540443,0.0273889927,0.0709154186,0.0120597984,0.0746385205,0.0010272517,0.0,0.0005144695,0.5282648238,0.0224883356,6.0,17.088773263,1.2961809433,0.0,0.0345109664,0.023767821,0.0287346722,0.3537443315,3.3667826439,1.01421e-10,1.3507655e-08,1.1126023785,1.2378840527,0.0067669047,0.0288576518,-0.346997381,-0.028114825
30681,0.2300151758,0.070501993,-1.293054192,0.0418433132,1.7793736553,0.9822178969,0.0815432547,0.0322513198,0.0878529238,-0.009672962,0.0283677551,-0.028630954,-0.824201396,0.128609834,0.0286309539,46.0,-0.005746767,-0.084285714,-0.119207955,-0.117215364,-0.028163136,0.1230786244,0.0961174938,-0.014770343,0.0807666702,0.461422437,0.0,1.0041867685,0.100318027,0.9332564686,0.1190940488,2.3517721632,1.6857066066,0.0496355948,0.0,0.0,1.0,0.0,0.0,0.7494656435,4.0,-2.957224459,-0.00714365,-0.299110145,0.1521459812,-28.51257724,0.1310027805,-1188.743344,0.03476008,16.56677686,-4.2053e-05,0.01386117,0.106187291,0.0148357114,0.1732236678,-0.000222484,2.0,0.0040022081,0.9860935899,-0.024058327,4.0,17.561966503,2.0587039188,0.0,0.0445434116,0.0191570284,0.0263968103,0.3166552666,3.1764750781,9.079577e-11,1.2435355e-08,0.8919754699,0.7956202389,0.0121940268,0.0333091353,0.2953092106,-0.054879185
63132,0.5229237007,0.0463231128,2.1061098714,0.0,0.80663411,0.9986462231,0.0612154733,0.05935764,0.2084159362,0.0133932429,0.0208669511,0.0203504659,0.5677315418,0.0200240206,0.0203504659,46.0,0.0175822718,-0.125,-0.127788841,-0.347865595,0.0553258892,0.2137124222,0.1528540669,0.0166352702,0.1247745902,0.4181932257,0.0,2.8710864788,0.219062537,1.9180277393,0.2678835986,11.13840187,2.9659613399,0.1117176888,0.0,0.0,1.0,0.0,0.0,0.5160006831,5.0,-1.356858536,-0.037881193,-0.128339204,0.1035022273,-0.627101282,0.097578092,-17083.43814,0.0629453635,13.323523104,0.0005191238,0.0115598152,0.0277419168,0.0214169327,0.0107104107,0.0125791861,2.0,0.0011916584,0.3835561842,0.0576187014,3.0,13.092930703,0.6565278817,0.0,0.0188821759,0.0183491868,0.0247184803,0.278612132,0.8757557173,7.3681285e-09,3.6735362e-08,1.7629816945,3.1081044552,0.0451842952,0.05424536,0.23423964,-0.107827317
27959,0.6533480359,0.0194575629,-77.29218543,0.0414999991,1.6077912059,0.341146468,0.031848217,0.0223498155,0.0655951347,0.0491132333,0.0208951455,-0.04660893,-5.464233577,0.1257782315,0.0466089295,46.0,-0.000404699,-0.043691175,-0.042226564,-0.072618721,0.0544678931,0.0434417299,-0.008663162,0.0472808774,0.0254569773,0.3841629554,0.0,0.532474701,-0.142740719,0.3382398037,-0.15870619,53.024282561,7.6181414526,0.0542190449,0.0,0.0,0.0,0.0,0.0,0.1815648685,5.0,0.6158932953,0.0400488605,-0.047699455,0.2136024397,-0.21039154,-0.057825384,58890.353442,0.0260918659,18.255948504,-9.2932e-05,0.0084953291,0.0291905593,0.002691657,0.0044429275,0.0431135275,1.0,0.0006148171,-0.096097919,-0.007411613,4.0,18.044984076,0.7813622306,0.0,0.0233736672,0.0109853933,0.017797513,0.2782877767,1.1422707686,2.372327e-11,3.0993491e-08,0.6666185142,0.4443802434,0.1085741262,0.0298782687,0.0690688303,0.1163368332
30940,0.3615774756,0.0242779739,1.2516514133,0.0218786858,0.7412992544,0.778085208,0.0833451697,0.0802975095,0.2569060919,-0.003876474,0.1444071447,-0.037952892,-1.669540773,0.0648110412,0.0379528916,46.0,0.0012489351,-0.058823529,-0.054936436,-0.020067298,-0.053115462,0.1304840013,-0.052016006,0.0189316621,-0.032332658,0.4904958074,0.0,2.5440163345,0.1300547426,1.9595658149,0.1822923638,3.4038368481,3.6153495553,0.06495201,0.0,0.0,1.0,0.0,0.0,0.6745582026,4.0,0.074540517,0.0139819686,-0.059726668,-0.094913215,-0.201641368,0.0125866149,-3838.219115,0.0376507894,15.267889196,-0.005726987,0.0103314837,0.0285953231,-0.012910058,0.2604165252,-0.028707524,2.0,-0.003461206,0.586178082,-0.118149283,4.0,16.499644589,2.4878155817,0.0,0.0301153883,0.0211200225,0.0283365507,0.3851177005,3.8473859865,4.664564e-10,1.103864e-08,1.3262390691,1.7589100684,0.0248599866,0.0407639817,0.1274904264,-0.028114825
31051,0.8413955274,0.0960264901,-2.307483211,0.0380074863,0.6539015261,2.2938381802,-0.155510942,0.0410681987,0.3938184913,0.2579687047,-0.230169492,0.0421705588,0.8085957021,0.0183798829,0.0421705588,38.0,-0.048086947,-0.102564103,-0.105038477,-0.503689887,-0.015588713,0.2777873812,0.3246845886,-0.184594106,0.576,0.4551065917,0.0,2.4673669302,0.1785034706,1.697155671,0.6914279909,7.642948513,6.9830533236,0.2303517845,0.0,0.0,1.0,0.0,0.0,1.3114606742,5.0,3.9580770851,-0.148561392,-0.281144579,0.5663546056,-3.95272239,0.1099858046,-8262.690269,0.0345323743,9.4178074622,0.0,0.0123403168,0.0189307831,0.006536497,0.1392113133,0.0260336416,0.0,0.0334995471,-0.078583333,-0.047214648,3.0,8.8341461901,0.488826611,0.0,0.0362159386,0.0185865461,0.039947271,0.5855721718,1.0296447768,9.0872217e-07,8.6899942e-08,0.7727769554,0.5971842228,0.3952429966,0.1329110448,-0.732353906,-0.145662284
42200,0.2322357314,0.0452658904,24.645697864,0.0019440575,0.2626574651,0.2351734529,0.1345700233,0.2174408632,0.3413287688,0.0085477776,0.134259841,-0.022633336,-0.225352906,0.0554666904,0.022633336,46.0,0.02174375,0.0769230769,0.3117801498,-0.281069389,0.1481731824,0.4283055913,-0.028422211,0.0480544352,0.3275499818,0.2283702321,0.0,1.3551234151,-0.247855573,1.0436778117,-0.217497575,9.3954631483,3.2747948462,0.2451971259,0.0,0.0,0.0,0.0,0.0,0.7754884456,7.0,52.0356013,0.1782823552,-0.003982693,0.4296352769,-0.956372829,4.164304914,8562.2871486,0.0357482652,16.733058446,-0.004317197,0.0123155192,0.0253858253,-0.004696514,0.0328232857,0.1693348638,0.0,0.0038086445,0.3629847381,-0.015871199,5.0,17.145680314,1.2391212438,0.0,0.0379266925,0.023189055,0.0306721516,0.2779180583,1.7740524843,1.78042e-10,1.930509e-08,0.635144057,0.4034079732,-0.102361095,0.0370431108,-0.536087378,-0.145662284
31480,0.6928205207,0.0359076921,-2.035602257,0.0182992401,1.1372894674,1.59680298,0.0513421512,-0.018295963,0.2213936287,0.0009613844,-0.02285049,-0.054955941,-2.827044025,0.1374203186,0.0549559414,46.0,-0.005343488,-0.054324518,-0.04504594,-0.050475422,-0.04521496,0.1608118361,0.3556420329,-0.004272027,-0.010726785,0.3653498592,0.0,2.7476516008,-0.236520356,1.4415728127,-0.236838294,14.903167814,6.3020158859,0.0801505565,0.0,0.0,1.0,0.0,0.0,0.5632937204,4.0,-0.134504534,-0.173826228,-0.360850727,0.0698008323,-13.8662602,0.0407968831,-2928.343375,0.0553124103,11.878888557,-0.000180635,0.0135681355,0.0357360026,0.0517611589,0.030292061,0.0471021324,1.0,0.0042057525,1.6404224418,0.0525657623,3.0,10.965246909,0.3272989426,0.0,0.0107712196,0.0063497063,0.0116031712,0.9364242059,0.8770819891,6.9702653e-08,1.2621787e-07,0.9801147128,0.9606248503,-0.029085023,0.045749607,0.1135423919,-0.010696088
14276,0.1225318583,-0.865679622,-2.727054187,0.0318264567,1.5594963781,1.6374711971,0.237704918,-0.118021201,0.1215547703,0.787037037,-0.135802469,-0.382275629,-0.935661765,-0.055696299,0.382275629,46.0,-0.006759294,-0.085737505,-0.171497585,-0.157544096,-0.102764019,0.185,-0.226363636,-0.022614841,-0.222222222,0.4601458333,0.0,2.1182432432,0.1041267897,1.4222972973,0.065998789,5.0689655172,4.8537735849,-0.479659413,0.0,0.0,1.0,0.0,0.0,1.6161616162,3.0,51.466703044,0.0412245047,-0.166643275,0.3199314037,-0.83843298,4.0578020842,-6894.219851,0.0357482652,12.916766568,0.0,0.0052151239,0.0247678019,0.0653880501,0.2521172638,-0.033767237,0.0,0.4438015068,-0.207392295,-0.013843207,1.0,15.224975207,4.8265543166,0.0,0.0937997103,0.0370350161,0.0530308637,0.3194670539,4.9072368875,3.8133206e-09,6.096346e-09,1.9568094084,3.8291030608,1.0298714097,0.2729889101,-0.148773808,-0.145662284
11762,0.312161977,0.0294808029,21.179431942,0.0245673358,0.3523269574,0.3733816869,0.0643436879,-0.029903978,0.1889955799,-0.036777159,0.0107365643,-0.04747095,-1.087943262,0.0615542438,0.0474709496,46.0,-0.021538319,-0.089108911,-0.16512389,-0.011364704,-0.047174421,0.2211084906,0.0615367337,-0.055540314,-0.071632881,0.1951688348,0.0,1.5606189424,-0.082367505,1.2020064615,0.0414818775,16.20508167,5.9645958584,0.1288667482,0.0,0.0,1.0,0.0,0.0,0.3762591717,4.0,0.1432644329,-0.052657409,-0.126690588,-0.091300321,-0.38814937,0.0438402656,31460.829613,0.0642905452,17.875015941,0.0130708407,0.0170905336,0.0408229491,0.0066705911,0.0193389592,-0.023484337,2.0,-0.000334874,0.3301396312,0.0293414774,5.0,18.019129922,1.0667953216,0.0,0.0363287404,0.0172882572,0.0250491526,0.1794457914,0.8685050715,5.034402e-11,2.2465404e-08,1.0289291655,1.0586952276,-0.00852086,0.0275057047,-0.274957346,-0.091892872
70578,0.0997407166,0.0156473152,40.207191493,0.008755315,0.1928741062,0.1907018564,0.0956757849,-0.131443138,0.2753017619,-0.009216047,-0.018018166,-0.045790369,-0.922886086,0.0300880047,0.0457903685,46.0,-0.011303984,-0.123505976,-0.20904584,-0.042572561,0.0075919917,0.2290134415,0.0664548674,-0.077286515,-0.290007254,0.309393959,0.0,1.74524248,0.3122933784,1.306936771,0.4280018782,9.3558165371,4.8273010154,0.147923782,0.0,0.0,0.0,0.0,0.0,0.6360517196,4.0,1.3943867677,-0.106773731,-0.301510535,-0.144111222,5.5544401825,0.1168353677,56078.852099,0.0232852488,17.696690026,0.0017350846,0.0175086464,0.0483671431,0.0050548974,0.050088697,0.0056103762,2.0,0.0003834723,0.2373977079,-1.0462e-05,6.0,18.203783829,1.154820792,0.0,0.0326782539,0.0193045326,0.026098862,0.2237836333,1.0718563514,6.190396e-11,2.3726061e-08,0.9896641065,0.9794350437,0.0015812566,0.0297741986,-0.230219525,-0.24467985
32062,0.7820133262,-0.007591174,0.3315912824,0.0,0.0333644327,0.4665510849,-0.057067813,-0.011576994,0.3183673469,0.0,-0.066780822,-0.033962827,-3.669354839,0.0202635362,0.0339628275,40.0,-0.00918116,-0.075,-0.077137321,-0.02597902,-0.007369721,0.3640040445,0.2091759353,-0.011131725,-0.0090761,0.8426191155,0.0,22.243902439,0.0723383002,19.294559099,0.087424029,0.8346292849,7.7527975585,0.4180690877,0.0,0.0,1.0,0.0,0.0,0.3325575983,4.0,51.883187194,0.0687905594,-0.15590577,0.9794128716,-1.738121453,4.1337619196,-7506.293091,0.0357482652,9.7337733453,0.0008855435,0.0012127265,0.0013089005,0.0149280992,0.6945862391,-0.00521122,0.0,0.0036881186,2.7785845776,0.0077878232,4.0,9.7214730345,0.5486847271,0.0,0.033542946,0.0184407006,0.0239780354,1.5490641462,2.109920118,2.3959196e-06,5.2756138e-08,0.8668297127,0.7513937508,-0.042798841,0.065561374,-0.161866159,-0.145662284
22103,0.1760910948,0.0410338755,15.979337298,0.0215592659,0.2635575711,0.3249212998,0.1322073384,0.080106634,0.3597587623,-0.00367893,0.0247315552,-0.053448747,-0.552323057,0.063697831,0.0534487468,47.0,0.0051263735,0.0383233533,0.0864462318,0.0131333483,-0.009523155,0.2255586592,0.1082484006,0.0237741456,0.1758477097,0.3348369411,0.0,1.3499839898,-0.113143609,1.0217739353,-0.140598689,7.7468139337,5.2117747928,0.2239025559,0.0,0.0,0.0,0.0,0.0,0.959666865,6.0,3.8613063643,-0.018823977,-0.140257123,-0.098949827,-3.376221397,0.1553037527,47840.831731,0.0345323743,17.796442275,0.0052005944,0.0273648097,0.0721127973,0.0069310367,0.0952458021,0.028025741,3.0,0.0002123142,0.1705977514,-0.005905895,6.0,18.253785435,1.1178759309,0.0,0.0187616926,0.014919181,0.0217170112,0.2300231336,1.2575718454,5.280218e-11,2.4465046e-08,0.9640835087,0.9294570117,0.034421714,0.0240467604,-0.14264121,-0.145662284
32986,0.6769919013,0.0569858462,-24.02498222,0.027732827,1.0019118205,0.2917510457,0.0459538171,0.2766860568,0.0900431095,0.0519375288,0.3657804095,0.1000817497,2.6290734311,-0.092834128,0.1000817497,38.0,0.0042849837,-0.002130379,0.2078427953,-0.27947046,-0.104927713,0.031268088,-0.011933644,0.1300925084,0.1642840009,0.4409341761,0.0,0.8086689238,0.3425838387,0.7534901741,0.6725293299,29.192961113,9.935329055,0.1128329999,0.0,0.0,0.0,0.0,0.0,0.1896581504,3.0,-13.79254248,-0.033103235,-0.233527368,0.3095687357,-1.275230274,-0.225219223,-1188.778062,0.0264525406,16.547146353,-0.000471123,0.0025223351,0.0062672391,0.0080029495,0.0059526244,1.0459625039,0.0,0.0003401361,-0.122481567,0.0192547338,3.0,17.248043782,1.6455610306,0.0,0.0172456838,0.0126384971,0.0190127941,0.3277540381,3.5520656125,9.415446e-11,1.5530948e-08,0.5730301027,0.3283634986,0.0997033193,0.0291943256,0.347335978,0.1163368332
52476,0.1348949196,0.022143305,10.032995262,0.0081105549,0.2725444475,0.1757286897,0.121587237,0.2152990264,0.3022000253,0.004950495,0.2110062239,-0.048639332,-0.819265526,0.0402845515,0.0486393315,46.0,0.0,0.0178571429,0.1700589636,0.2115234541,0.0214760082,0.3431630683,-0.017875797,0.0471235302,0.2287287675,0.2897883331,0.0,0.9980669325,0.1216080436,0.9980669325,0.1216080436,2.414166228,6.3314925602,0.1559088264,0.0,0.0,0.0,0.0,0.0,0.871984798,7.0,-2.700393233,0.0934983977,-0.196967288,0.057025725,-28.19604202,0.0426774979,8889.6186557,0.03476008,17.030282763,-0.001945988,0.0219907283,0.0593555845,0.0050004464,0.1844576976,-0.010746093,0.0,0.0005524426,0.5877127033,-0.049654133,6.0,17.6572559,1.9538562145,0.0,0.0481335334,0.0279055268,0.0315349621,0.3823821251,4.9870886935,6.762286e-11,9.7449537e-09,0.9653222105,0.9318469702,-0.013149405,0.0398710984,-0.478213579,-0.054879185
33532,0.4722511713,0.0880117413,29.899067047,0.0253372276,0.2767513493,0.9286776048,0.1514364641,0.4834418836,0.5199860195,-0.020823074,2.6069264452,0.1261272477,0.898473047,0.0089355639,0.1261272477,43.0,0.1223118156,0.5042735043,0.5157166516,-0.325750203,0.2064462084,0.2024193548,-0.186958131,0.2424804576,0.1029246255,0.4551121905,0.0,3.1558864386,-0.338794316,1.5825230075,-0.354527976,78.073894437,4.1919270833,0.5750878473,0.0,0.0,1.0,0.0,0.0,0.6111833241,5.0,103.79230449,0.5271870973,0.4376823516,0.4096383297,1.7367904297,-0.06297228,-4430.860029,0.1707603697,12.093143251,-0.006365869,0.0257580402,0.0411071224,0.0125944987,0.0255433671,0.0202755713,0.0,0.0037017451,-0.71592964,-0.030342967,3.0,11.394398638,0.5000122684,0.0,0.0528301746,0.0268251548,0.0456838651,0.4946476529,1.995941129,3.1087761e-08,3.0641488e-08,1.0197640017,1.0399186191,0.0999140388,0.0558385833,-0.143752097,-0.182629545
31691,0.8446940393,-0.005068387,-0.209412835,0.0334457847,0.2130114963,0.7723720553,-0.017232785,-0.005967181,0.101546756,0.0083229297,0.0955313664,-0.020396377,-4.269230769,0.0165697268,0.0203963775,47.0,0.1050794067,-0.006622517,-0.120249952,0.2579814911,-0.246487439,0.173854898,0.0593232539,0.1048705802,-0.028661095,0.6787794424,0.0,4.6778074866,-0.091286549,2.1656417112,-0.267519499,2.8029307731,4.949143469,0.046203267,0.0,0.0,0.0,0.0,0.0,0.1242514491,2.0,-0.984088629,-0.122877267,-0.731514922,0.7016089516,-3.335747114,0.1350345192,-18806.6229,0.0740556467,10.471671702,0.0008105847,0.0080566599,0.0100883555,0.0078943012,0.3004729375,0.0096399108,0.0,0.0032822184,1.1890278247,-0.034511989,2.0,8.6910120083,0.1683314835,0.0,0.0493545644,0.0215102706,0.0326340953,0.692465131,1.0051310675,5.2100744e-07,4.062877e-07,0.117432896,0.0137904851,0.5733427168,0.0381700186,-0.13549415,-0.091892872
42550,0.1746832235,0.0622034713,24.55101053,0.0191775338,0.2699138395,0.4623122056,0.1561737886,0.0258565448,0.3495452838,-0.023952096,-0.023279708,-0.007114939,-0.050212885,0.0653268871,0.0071149385,46.0,0.0183780758,-0.006137866,-0.081890339,-0.083584669,0.025827595,0.0866829434,-0.099207059,0.0590786216,0.1123206333,0.5064893708,0.0,2.8742634939,0.0096061419,1.5907794722,-0.042994926,16.065342089,5.977886116,0.2815345411,0.0,0.0,1.0,0.0,0.0,0.9260911319,7.0,1.4353674497,-0.153026601,-0.184142424,-0.069168715,6.5137260097,0.1520742501,-1396.725531,0.0232852488,15.024172716,-0.006759668,0.0209939678,0.0612781291,0.0303421969,0.1799245533,-0.023945207,1.0,-0.012142651,0.1601699418,-0.113923594,5.0,14.768112003,0.7077848204,0.0,0.0558488555,0.0210337457,0.0252234392,0.3219275352,1.141914405,1.4436526e-09,3.702627e-08,0.3009088229,0.0905461197,0.2641534177,0.033529496,-0.02614552,-0.24467985
33770,1.3143908089,0.0137671106,-7.690990687,0.0277183493,3.1837434785,1.8606844888,0.0018586975,-0.011273245,0.0105945461,-0.016671298,-0.035191711,0.0350884883,4.9535809019,-0.144965409,0.0350884883,35.0,0.0,-0.103092784,-0.097504173,-0.165797209,-1.730879468,0.3172054916,-0.050501551,0.0133093402,0.0518918184,0.2369915014,0.0,6.0431291104,0.2363780506,6.0431291104,0.2363780506,4.6697710792,2.2205507006,0.0167641334,0.0,0.0,0.0,0.0,0.0,0.0178753599,4.0,0.0953997455,-0.059666868,-0.629007646,0.0836710056,-0.44561882,-0.029131047,-12955.67661,0.0397241163,10.709650432,-0.007349707,-0.033955868,-0.118023676,0.0594301605,0.1301795289,-0.010532457,0.0,-0.198795181,0.9247966726,-0.082153384,1.0,9.4016481309,0.1605135431,0.0,0.040084403,0.0225959895,0.0353774114,0.6524497511,0.533626658,8.5569438e-07,1.6097443e-07,0.4944275323,0.2444585847,0.2733242993,0.0446866162,0.0502640702,0.045344153
87717,0.1651789184,0.0432343407,7.5522334796,0.0108641078,0.140624702,0.6282922781,0.2721018267,0.3346852176,0.3303798278,-0.001933711,0.5149053467,0.009543138,0.0590800701,0.0406800528,0.009543138,37.0,0.0,-0.044652129,0.2374255482,-0.369834655,-0.073534563,0.0606496527,0.0586953373,0.0237957097,0.2116642703,0.7494606954,0.0,2.0937421918,-0.116886394,2.0937421918,-0.116886394,6.6216393473,4.3502334764,0.4006974305,0.0,0.0,0.0,0.0,0.0,0.5555760564,3.0,103.79230449,0.1801215191,-0.016869785,-0.404050347,-0.348618495,0.1543385683,12766.560593,0.2166316341,16.624427975,0.0161090123,0.0603154185,0.1166011897,0.0976501648,0.2572085202,-0.003063508,6.0,0.0026861412,0.3065083853,0.0371952392,4.0,17.286241288,1.7567688401,0.0,0.0215446651,0.0167252182,0.0261716681,0.3284889817,3.8382190876,8.322572e-11,1.1780056e-08,0.6862889031,0.4709924586,0.07881396,0.0261385913,-0.319569609,0.3361807193
33823,0.2958557967,-0.002121476,7.4946544146,0.0028291359,0.1243001814,0.3443056879,0.0116249191,0.0080166966,0.2396538114,0.0502286221,-0.214181231,-0.114076249,-22.50283286,0.0456177504,0.1140762495,41.0,-0.004146726,-0.28340081,-0.423566847,0.0610112485,-0.144344818,0.0922309895,0.1099241905,0.016912923,0.1439110961,0.6057113877,0.0,3.0421584444,0.5051996327,1.9261484249,0.5180281264,4.2497820967,7.3060320092,0.102855684,0.0,0.0,1.0,0.0,0.0,0.3819775649,4.0,0.015853326,-0.59988347,-0.284303948,-0.160634894,-0.560065231,-0.006606676,-7964.066115,0.0376507894,12.873248024,0.0014771504,0.0009278317,0.0011646153,0.0172078078,0.4169624749,0.0173013572,0.0,-0.001896505,0.9175562569,0.0678372437,3.0,14.1820134,1.564599682,0.0,0.0527869053,0.0401097647,0.0619525713,0.3715918649,2.1374447497,1.3109797e-08,1.8326626e-08,1.0547192877,1.1124327758,0.0966575249,0.068539683,-0.295245066,-0.028114825
87725,0.4090026682,0.0901994707,3.8767678341,0.0423765536,0.1200745754,0.7997582584,0.296693105,0.1562819989,0.4026877615,0.0053874845,0.2130398501,-0.008970481,-0.049061702,0.0946248103,0.0089704809,37.0,0.0276855171,0.036322361,0.2496371277,-0.012361869,0.6930401231,0.1352791571,-0.01386192,0.0718699505,0.1406139659,0.6119932763,0.0,3.5861958779,-0.023031992,2.438045578,0.021818548,6.5707022384,8.6959229648,1.0030351546,0.0,0.0,0.0,0.0,0.0,0.513487385,7.0,0.0316927176,-0.124509867,-0.006768362,-0.378011694,0.7910156646,-0.017210182,-3866.424955,0.0808307708,13.622656542,0.0160283159,0.0676254467,0.0908027553,0.0447232836,0.2300529805,-0.009410276,8.0,0.008935611,0.2350207626,-0.042676104,6.0,13.384994159,1.0206286332,0.0,0.0940384269,0.0305527777,0.0386470012,0.4926180226,3.5614056008,4.4332632e-09,1.7058452e-08,1.4516043937,2.1071553158,-0.006189943,0.0528354988,0.0286535221,0.2323533244
11850,0.9006543054,-0.128607589,-24.50841888,0.085193931,0.9663908939,1.0234390197,-0.097617966,-0.082314525,0.0058301641,-0.000236183,0.0303130289,-0.106732322,-1.653654189,0.0840648893,0.1067323221,46.0,0.0009261563,-0.038718291,-0.301307207,-0.064527559,-0.6511134,0.0834563906,0.1406219225,0.0507091895,-0.180015654,0.4639607814,0.0,0.7964977024,0.0182828154,0.4620584426,-0.062090544,40.91979835,8.6766435061,-0.01770801,0.0,0.0,1.0,0.0,0.0,0.0015183929,3.0,32.575828219,0.115114194,-0.008143619,-0.13351548,-0.504760936,-0.050867268,141954.86236,0.0799518023,19.277947544,0.0064992194,0.0200125115,0.0425676826,0.106285314,0.0141614789,0.124556006,3.0,0.0027201632,-0.189929308,0.0232876136,6.0,19.733784695,1.5729597696,0.0,0.0302457176,0.0190834588,0.0277658377,0.2101247578,1.3464151628,6.94296e-12,1.831308e-08,0.9910215303,0.9821236735,0.0240172189,0.0385839471,0.195484379,0.2073588198
19166,0.1992243686,0.03900003,13.641861874,0.015733196,0.4844532878,0.3122491193,0.1176954904,0.0317744892,0.2213578859,0.0017812335,-0.014922107,-0.006779965,-0.117281821,0.0435740246,0.0067799652,46.0,0.0078368421,0.0,0.0070068116,-0.015680939,-0.020770971,0.1451577802,0.0123740271,0.0145350309,0.1696086562,0.3404490497,0.0,1.5466949452,0.0339261709,1.1594202899,0.0328160532,8.1597820355,1.8356928187,0.0982809109,0.0,0.0,1.0,0.0,0.0,0.8018797141,6.0,1.4245222918,0.0149714899,-0.178004559,-0.04462757,5.6593032285,0.1303213876,9120.2045989,0.0232852488,16.630072055,-0.000941446,0.0154814889,0.0544571961,0.0094267099,0.0327563351,-0.012181638,0.0,0.00109218,0.5485989693,0.1526992742,5.0,17.498866421,1.7257111247,0.0,0.0189206507,0.0138072195,0.0235270108,0.2166289599,1.7083776032,9.744128e-11,1.4979976e-08,1.0979435786,1.2054801019,0.0317558979,0.0357120652,0.692068624,-0.24467985
24205,0.2414657373,0.0193037682,44.269100744,0.0181398548,0.5472707554,0.1190167577,0.0384416202,0.0849087866,0.079453824,3.0081799591,0.0911212489,-0.041275599,-1.734840699,0.0527927308,0.0412755986,46.0,0.0018257769,-0.054054054,-0.062851489,-0.122345611,0.013349558,0.0438215128,-0.14174902,0.0955977942,-0.013295501,0.4223212305,0.0,0.4744825813,-0.112715011,0.3747268286,-0.146202178,12.168356998,6.0514458642,0.0879072378,0.0,0.0,0.0,0.0,0.0,0.2,4.0,0.6745168583,0.028571924,-0.058062334,-0.198279859,0.0430216142,-0.130810885,139694.71344,0.0260918659,18.753709798,-0.001242266,0.0033107923,0.012103325,-0.002693633,0.0072145613,-0.117921448,1.0,0.0006367804,-0.172687337,0.0345706672,4.0,19.014505096,1.0048931874,0.0,0.0118049821,0.0176131106,0.0235650175,0.2864697945,1.8487574846,1.464515e-11,2.2420436e-08,0.7169978296,0.5140858877,0.0998890151,0.031692988,-0.271216996,0.1163368332
34367,0.4632173167,-0.183845331,-0.288506419,0.0025336059,1.0286572458,1.7560890517,-0.158865893,-0.13927461,0.3333978442,0.0291099839,-0.17001916,-0.109934926,-0.964322585,-0.006559126,0.1099349259,46.0,0.0256820468,-0.120661157,-0.206395117,-0.173024225,-0.025364867,0.1701210695,-0.016405272,-0.03185646,-0.062145883,0.5195670106,0.0,1.8243179433,-0.336273793,0.817090766,-0.519396189,38.115539375,9.867066789,-0.045349364,0.0,0.0,1.0,0.0,0.0,1.0273910168,2.0,0.0434698988,-0.168903669,-0.193164271,0.39225545,-0.885555331,-0.01226509,-15368.10283,0.0431411127,11.660081256,-0.000225339,-0.00717147,-0.023094732,0.07327663,0.0179009418,0.0478399852,3.0,0.0273483948,1.7269189971,0.1191583257,2.0,11.967461571,1.2538667245,0.0,0.07310348,0.0306990307,0.0511526294,0.6902664124,2.8055044586,7.2985838e-08,3.1377345e-08,1.7247284873,2.9746883548,-0.021462958,0.084209841,0.0915919657,-0.010149049
47706,0.3498630895,0.0478875415,12.524908201,0.009667204,0.2524934161,0.5634883657,0.1187117381,0.0371514372,0.2903474903,0.0,-0.032830693,-0.033778377,-0.417273673,0.0678697519,0.0337783768,46.0,0.0017689424,-0.027777778,-0.074101367,-0.020450101,0.0030061162,0.1842213961,0.0632335614,0.0256542257,0.0942955112,0.3335733786,0.0,2.7324797844,0.2135937384,1.4858490566,0.3387683851,13.840881273,8.9039370079,0.2730448283,0.0,0.0,1.0,0.0,0.0,0.5185473815,6.0,-1.362001547,0.0286972481,-0.031116982,-0.069558384,-0.472098548,0.1454238233,-15706.44674,0.0629453635,14.54475622,-0.002694537,0.022646192,0.0391420912,0.0078400395,0.0669812757,-0.049121845,0.0,0.0002589332,0.9186155348,0.0196802763,6.0,14.950023149,1.2416903143,0.0,0.0247524306,0.0155500427,0.023781688,0.3772022245,2.3938576997,1.0279644e-09,1.6348534e-08,0.9181355564,0.8429728999,0.0646191925,0.0295207074,-0.239074146,-0.107827317
21135,0.3567931108,0.0238953557,0.2626867995,0.0,1.2613172985,0.7957545132,0.0635721397,0.0688490974,0.1819422104,0.0044631425,0.0379529356,0.0221248334,1.4581191832,-0.010946921,0.0221248334,46.0,-0.00226054,-0.051840594,-0.058340518,-0.078377658,0.009640524,0.120323119,-0.062793612,0.0248067585,0.1931066442,0.3279454035,0.0,2.4027887893,0.0385923944,1.7577895822,0.0848446182,5.5087920863,4.5821578746,0.0459694473,0.0,0.0,1.0,0.0,0.0,0.8568300886,5.0,1.4132577502,-0.03648867,-0.229845153,0.1129411721,5.4328432895,0.0758004421,-4541.362891,0.0232852488,14.4132995,0.0048027224,0.0078814315,0.0222160054,0.0210050994,0.1048107363,-0.054884892,0.0,-0.001474926,-0.137510863,0.0122997763,4.0,14.586033668,1.6004057604,0.0,0.0132743241,0.0041954713,0.0069384551,0.4520671379,5.7993145902,1.704545e-10,7.6268858e-09,1.2189719478,1.4858926094,0.0626414022,0.0488449783,-0.137575795,-0.269539207
34746,1.0684047095,0.0726179338,-4.725310754,0.0449854615,9.239779695,0.4270056641,0.0264850799,0.2084856143,0.0384013603,0.0054223632,0.2254430841,0.0056463191,0.7400140154,0.018879645,0.0056463191,41.0,0.0176928691,0.000150989,-0.057191011,-0.038484156,-0.009934634,0.0945863747,0.0150434255,0.0193719039,0.0803787372,0.571331112,0.0,0.9281183799,0.0250558698,0.8981273691,0.0047001318,0.2296010507,0.0789154417,0.0105417987,0.0,0.0,0.0,0.0,0.0,0.3346884166,4.0,-0.074816604,-0.005770333,-0.01492024,-0.038762472,-0.398501486,-0.13449093,12775.182558,0.0256085935,17.063900301,0.0001188142,0.0034276255,0.0307074937,0.0005807065,0.1801175559,0.0083684201,0.0,-0.000471254,-0.196353762,0.0453843514,2.0,18.051700885,1.9905638789,0.0,0.0440235808,0.0193884205,0.0315274612,0.2481393233,2.2448820874,5.88631e-11,1.1368559e-08,1.6938291739,2.8690572704,0.0212289862,0.0379491452,-0.214827376,0.0732063074
35263,1.0051844925,0.0923858927,-7.395487269,0.0339286145,8.5505506421,0.4289083988,0.0286128376,0.2262550622,0.0492682664,-0.012071651,0.2512041936,0.0063014903,0.5916513045,0.0377256588,0.0063014903,39.0,0.0135206598,-0.01652602,0.0650732506,-0.041566285,0.038149238,0.1836340206,0.0293800213,0.0153515253,0.0484222937,0.586085197,0.0,0.9060332283,0.0252776424,0.8733797507,0.0144172697,0.3804903731,0.0720076237,0.0151118861,0.0,0.0,0.0,0.0,0.0,0.4004433065,4.0,0.0370633282,0.003154508,-0.031597249,-0.101982689,-0.273137739,-0.115644916,-5143.473892,0.0256085935,14.354116472,-0.000295215,0.0012399015,0.0119147377,-0.014993598,0.1252578515,0.0093441726,0.0,-0.004034761,-0.330817247,-0.084295626,4.0,14.395551432,0.849966376,0.0,0.027392609,0.0137131818,0.0278720634,0.2517306169,1.2849208046,1.1456699e-09,2.2077914e-08,0.8292655697,0.687681385,0.050335433,0.0362315934,-0.105914726,0.0732063074
10777,0.6899604968,0.0872307976,-9.133701919,0.0054549961,8.112140073,0.3478382228,0.0174796412,0.2544460073,0.0453632106,-0.076488851,0.2618802995,0.0033794681,0.3085232946,0.0603180646,0.0033794681,35.0,0.001364792,-0.063266444,0.0774252255,-0.059064778,-0.012099881,0.1072073649,0.1095373294,0.0014836848,0.0845319147,0.5764324198,0.0,0.8623390398,-0.01864062,0.8582929774,-0.019535899,0.4163550902,0.0602062273,0.0154493182,0.0,0.0,0.0,0.0,0.0,0.5037574759,2.0,0.0368267948,0.0010923334,-0.078337673,-0.417206684,-0.474487005,-0.09305251,-1238.576322,0.0256085935,16.076037742,-3.6637e-05,0.0022487048,0.0277165815,-0.00122116,0.1794755391,-0.005977083,0.0,0.0255464497,0.3622652013,-0.02219646,4.0,16.993101311,1.6961189651,0.0,0.0718247741,0.0253915749,0.0307472461,0.3295941821,2.2909061127,2.817399e-10,1.5208608e-08,1.3207128475,1.7442824257,-0.006423473,0.0393692259,-0.15282932,0.0732063074
35554,0.9144622399,0.0828401262,-4.852862146,0.0390158266,7.7390692014,0.3845331165,0.0288800098,0.1896039481,0.0430019391,-0.017255377,0.2136957153,0.0042973041,0.4167787507,0.0483141219,0.0042973041,46.0,-0.000388442,-0.022506049,-0.095100149,-0.172184197,-0.048049811,0.2757399975,0.0440846984,-0.000253135,0.0325323439,0.666674905,0.0,1.0187383596,-0.02067273,1.0184489911,-0.020099603,0.2490886046,0.0648883238,0.0145156829,0.0,0.0,0.0,0.0,0.0,0.3563203199,3.0,-0.025126589,-0.004196574,-0.037577278,-0.192704941,-0.60848371,-0.105056453,9458.8888576,0.0256085935,17.216275664,0.0003378569,0.0032894111,0.0296322364,0.0020996303,0.2628386186,0.0076531347,2.0,0.0016070711,0.3385187296,0.059085852,5.0,17.942785151,1.9243494206,0.0,0.0882498398,0.025573483,0.0330868743,0.5459626209,14.7168952,4.982223e-11,6.7321485e-09,1.1670072682,1.3619059641,0.0077621757,0.0423007342,0.2027351984,0.0732063074
36397,1.0647827974,0.1193132826,-7.505330977,0.0403829572,10.717439155,0.4034059743,0.0141194091,0.94429116,0.0489022394,0.7819783028,0.9851762626,0.0105552153,0.7964497041,0.024286254,0.0105552153,46.0,0.0067185122,0.3557903129,0.2539710546,-0.601748582,-0.088447441,0.0827338129,-0.205546086,0.0203518283,0.6096212705,0.6188190692,0.0,0.9760656159,-0.04720934,0.961204864,-0.044117471,0.2857285729,0.0498873736,0.0164187367,0.0,0.0,0.0,0.0,0.0,0.4520856453,2.0,0.1396124818,-0.003552368,0.3407190835,-0.042384384,-0.396288072,-0.129084321,206.5849176,0.0256085935,16.297630657,0.0007321487,0.0026391227,0.0280498126,-0.010194293,0.185086461,-0.008845597,0.0,0.0055248619,0.1233973136,0.0117564062,1.0,18.084885839,3.9018931491,0.0,0.0090180514,0.0063711816,0.0088717038,0.423715454,5.8452419316,3.791594e-11,9.380297e-09,1.4951337897,2.2354250492,0.028487682,0.0464235809,0.3949094558,0.0732063074
54244,1.0325996227,0.2375896506,-0.968933774,0.0,1.3583579378,2.7683912213,0.100010476,0.1379573984,0.2578766758,0.0,0.0066339947,-0.018836855,-0.192209776,0.2832567041,0.0188368554,47.0,0.0054805685,-0.138026608,0.2153535675,0.554560616,0.0500015188,0.0357981838,-0.181470108,0.1270402902,0.2988511577,0.6337147545,0.0,1.9675616872,0.3668593051,1.7557731296,0.3541515057,4.2020749174,154.01168736,0.2211020104,0.0,0.0,1.0,0.0,0.0,0.7118510816,8.0,-0.429893867,-0.193117216,-0.762340239,0.6151368788,2.1991614299,0.1730632499,-9621.346856,0.0775136454,11.14410277,0.0019380534,0.0109864252,0.0271554923,0.1086734739,0.2552772613,0.07916418,0.0,0.0187708728,0.1282623643,0.0015539502,5.0,11.088953172,0.7658239197,0.0,0.0839131474,0.0318993398,0.0519172209,1.159640102,4.2220926081,1.7051892e-07,2.4263934e-08,1.1010006615,1.2122024566,0.1146638645,0.0598547546,0.1157489945,-0.164654644
36768,0.607279955,0.0833288984,5.6845901639,0.0116417499,0.4657097678,1.7315295322,0.100985997,0.2508650884,0.4298467076,-0.130523108,1.0858729799,0.2087491901,2.4184311003,-0.118196301,0.2087491901,47.0,0.1223118156,0.0455974843,0.3052359331,-0.432542259,0.271916733,0.0779473369,-0.515785928,0.4040183934,-0.042944645,0.5568681241,0.0,2.2911048511,-0.326413183,0.6758328237,-0.675305322,356.87406855,8.5543707355,0.2965707239,0.0,0.0,1.0,0.0,0.0,0.5810375773,4.0,0.0706467353,0.298981559,-0.019263122,0.0166384633,-0.760803266,-0.056861475,-1977.72812,0.1515446569,11.70074416,-0.01156311,0.0146674798,0.0259156506,0.1543086592,0.0123344345,-0.05561268,0.0,0.0022540001,0.6320114583,-0.067906668,1.0,12.548470821,1.6308946012,0.0,0.1057157367,0.0301943056,0.0525695437,0.4297476008,3.6526496663,2.906519e-08,1.7356309e-08,0.7253427782,0.5261221459,0.1284652928,0.0715406858,0.1362634989,-0.280901789
88924,0.2867228236,0.0318086219,8.8094131614,0.0349082909,0.4072252471,0.9163457155,0.1504008535,0.0457071235,0.6923234992,0.0004207759,0.0186397861,-0.092956573,-1.983652621,0.0949058782,0.0929565735,46.0,-0.000362417,-0.051546392,0.0640200447,0.1249776932,0.053740521,0.1367979844,0.0595745035,-0.011155601,0.0867194858,0.3561447691,0.0,1.6627547832,0.5853832146,1.2792295256,0.8798288254,14.214188303,14.519578971,0.1520049167,0.0,0.0,1.0,0.0,0.0,1.7106282105,7.0,-0.11137643,0.0556235375,-11.08010196,0.1339894537,-1.667133719,0.0535022921,-11568.3262,0.0426379215,15.542391668,-0.00031458,0.0116815588,0.0272620743,0.0076372703,0.092897145,0.0009458326,0.0,0.0025391452,0.3719148797,0.0219618395,7.0,16.244754393,1.6361522717,0.0,0.0219494104,0.0115664616,0.0173249311,0.417788894,4.0065245661,2.373936e-10,1.5948826e-08,0.0698416763,0.0048778598,0.9665244785,0.0265403402,0.0373305073,-0.010149049
88853,0.4584542968,-0.130783452,-1.429164885,0.006283323,2.6906973512,6.9723868201,0.0460295639,-0.082449378,0.0695178581,0.0038594889,-0.052640427,-0.062813333,-1.632475782,0.0827173663,0.0628133332,46.0,-0.011782827,-0.128831055,0.0920307599,-0.086502339,-2.906666457,0.135940707,-0.120102629,0.0112498867,-0.30751429,0.5644787834,0.0,1.4092824346,0.0045524404,1.3289361224,0.0167700598,7.0511199635,8.4129800147,-0.030303759,0.0,0.0,0.0,0.0,0.0,0.3237804419,6.0,0.1015050657,0.4960939871,-0.155283416,-0.079510856,-0.591957562,-0.092824052,1241.6415302,0.1489431475,15.066913888,0.0002040802,0.0052186241,0.0270529029,0.0203958675,0.3021016706,0.0043761822,3.0,0.0050093926,0.9529582341,0.1643109552,1.0,16.599445055,2.7045093386,0.0,0.0233530868,0.0210592966,0.0378862984,0.3101754312,3.6406926289,4.425657e-10,1.0492433e-08,2.0100067823,4.0401272648,0.0436451873,0.0697162167,0.4271950782,-0.073400055
37154,1.1286044341,0.0832313054,-0.81082483,0.0,0.4413998775,0.7332475799,0.1363086836,0.0512984095,0.2638148442,0.0156661786,0.0022030102,-0.048030506,-0.869905956,0.1556347137,0.0480305059,40.0,-0.000751829,0.1674528302,0.0494806862,-0.053263606,-0.02241922,0.0768593485,0.063368454,0.0127982514,0.0969355005,0.6204278281,0.0,5.4156109726,0.0540363706,5.3326683292,0.0577713314,2.0211713939,1.4694684554,0.264255268,0.0,0.0,1.0,0.0,0.0,0.374888063,6.0,-4.768674033,-0.114288997,-2.95074273,6.8737771573,-2.006967782,2.1473529676,-4417.465931,0.3321262589,11.669834359,0.0031281723,0.0205112239,0.028081405,0.0256513016,0.2307667788,-0.028007781,1.0,0.012858286,-0.280135743,0.0007691942,6.0,11.685772237,0.6417963585,0.0,0.0240699463,0.0154241817,0.0201616039,0.6573913929,1.0712274691,7.1626003e-08,5.6715912e-08,0.8485267665,0.7199976734,0.0402575067,0.0457628279,0.182680394,-0.094679308
25785,0.8775408964,-0.036571352,-2.42101381,0.0170418499,6.7609822402,3.6355184012,-0.010733082,0.0337437195,0.0777374225,0.003471688,0.0494569632,-0.097178004,-19.97498045,0.6939406978,0.0971780037,46.0,8.36823e-05,-0.021052632,-0.184451572,-0.017138184,-0.098633254,0.1319491564,-0.086011386,0.0043630119,-0.075184571,0.4824715765,0.0,1.2011688205,0.0335484378,1.0899662524,0.0358273528,2.5448649947,2.4183357109,0.0323633426,0.0,0.0,1.0,0.0,0.0,0.4534277535,3.0,-1.368588683,0.0701395549,-0.024391836,0.4581194229,-0.558723108,0.7714947692,17259.497306,0.0629453635,17.839132145,-0.00116564,0.0073712842,0.0528502192,-0.03212765,0.183736549,-0.02960125,1.0,0.0183615819,0.694989583,0.0563144945,5.0,19.505401827,4.1509893144,0.0,0.0306317508,0.021363753,0.0402091137,0.3080844401,6.0669384472,1.762397e-11,6.4369477e-09,1.5191445226,2.3078000805,0.0061948003,0.0467092329,-0.636689828,-0.107827317
37402,1.112326201,0.1624362353,-20.22750529,0.0,1.2175955499,3.1288994399,0.0457403033,-0.085830427,0.2538582475,0.0135290731,-0.177400779,0.0229638741,0.3448476165,0.1064204867,0.0229638741,40.0,-0.007326262,-0.15037594,-0.240659973,0.017399206,0.0173654539,0.1737467052,-0.058017126,-0.05609977,0.0410215351,0.4178325301,0.0,2.0494743027,0.1043081823,0.8274642715,-0.00782136,65.760312004,8.5322137981,0.1837462751,0.0,0.0,1.0,0.0,0.0,0.5833853363,6.0,-0.051333157,-0.276009106,-0.130690195,2.1494417226,-0.025669554,0.1189008966,-3525.074721,0.0624291911,11.948842167,0.0342923876,0.0059746118,0.0125755502,0.0708765098,0.017801408,-0.007746131,0.0,-0.003227889,0.125321325,0.0172152985,3.0,11.288061928,0.403520049,0.0,0.0252043512,0.0166114209,0.0271884325,1.0445187928,2.0354519307,1.3046308e-07,4.8039015e-08,1.113524279,1.23993632,0.0720643133,0.0555010506,-0.095589062,0.1631852225
37568,0.2650285949,0.0314033219,15.594436909,0.0090168109,0.1321037035,0.3899097844,0.1186365276,0.0649210751,0.3930778418,-0.003642948,0.0663445283,-0.090305426,-1.108839339,0.0662245607,0.0903054255,46.0,0.0005561298,0.0,-0.051154819,0.026732642,0.0609316319,0.1514181969,-0.062470055,0.0289694102,0.064388076,0.4233213635,0.0,3.03996976,-0.004805862,1.5626693634,0.0864142382,9.5371176034,7.804257103,0.3344628795,0.0,0.0,1.0,0.0,0.0,0.5837711617,5.0,0.1755802951,-0.030612627,-0.037581677,-0.138433703,-0.005039147,0.0485105824,-13167.87977,0.0642905452,14.990815745,0.0019418332,0.0305603818,0.0512282827,0.0290939242,0.0491286762,-0.043154854,3.0,0.0007514089,-0.10579229,-0.029476798,6.0,14.997640432,0.9110113071,0.0,0.0543350801,0.0375723503,0.0288546137,0.4852184486,3.8563507771,9.241911e-10,1.7332576e-08,0.8827188525,0.7791925725,0.0580630578,0.0268932639,-0.254129099,-0.091892872
58421,1.1705272209,0.2046541624,-4.7308021,0.0100678956,0.5315024811,2.2590602103,0.1872077219,0.2283952213,0.3180337195,-0.0239072,1.8312816108,0.0347774625,0.262342437,0.1509646907,0.0347774625,47.0,0.0040382239,-0.087378641,-0.112588141,-0.85355354,2.0062880864,0.0654985129,-0.503800446,0.0338358502,-0.022807149,0.5340160616,0.0,2.6669991745,-0.605538835,1.4281439185,-0.533749176,15.395311928,6.1881931495,0.6195576367,0.0,0.0,0.0,0.0,0.0,0.3675016825,5.0,0.073517979,-0.143681836,-0.222337992,0.2641580403,-0.058922701,-0.052181892,-3349.380439,0.0894515012,11.059662889,0.0342923876,0.084703054,0.2093514664,0.4700038162,0.0515298608,0.0023009195,6.0,0.1632452876,1.1508399195,-0.154294963,3.0,10.77962528,1.1014196811,0.0,0.0931537524,0.0316979269,0.0434111077,0.8049061277,1.3540172709,2.2523245e-07,5.8913532e-08,0.5793478793,0.3356439652,-0.001940293,0.0605939254,-1.014755345,0.2323533244
12036,0.6714440341,0.0515228844,-3.228949214,0.024183511,2.3944077075,0.414790092,0.0228108733,0.0787558388,0.0952794776,0.0061435995,0.0822015504,-0.032294588,-1.851531292,0.1469191171,0.032294588,46.0,-0.000476116,-0.120554273,-0.132443679,0.0369488442,0.0767020524,0.0436228766,-0.058224284,0.06395819,0.0666448695,0.5015625671,0.0,3.38832315,0.2933921702,2.9517990496,0.3659628749,4.1326042379,8.5035161744,0.0715849354,0.0,0.0,1.0,0.0,0.0,0.3256498283,6.0,103.79230449,0.1315496473,-0.092771929,0.1022147684,-0.200684008,0.2605776325,-419.7822872,0.2166316341,15.117316186,0.0002991841,0.0042657305,0.0203408745,0.0028639681,0.0590634551,-0.663346358,1.0,0.0006699419,-0.012518129,-0.024710348,6.0,15.544389,1.1920786517,0.0,0.0134734036,0.0150627927,0.0271762498,0.2872355682,2.249258026,4.694593e-10,1.5642309e-08,0.8961537093,0.8030914707,0.0057333286,0.0339931651,0.1189432198,0.3361807193
38093,0.2582256657,0.0341785224,1.7379809221,0.0145429863,0.6719953323,0.292345749,0.0649150749,0.137337788,0.087869497,0.0293905019,0.1164688993,-0.044497715,-1.140327308,0.0731532248,0.0444977148,37.0,0.0,-0.025445905,-0.026601807,-0.194760028,0.2802713316,0.6193305845,0.1239074625,0.0051286491,0.199922413,0.4146877491,0.0,1.097602368,0.0739468851,1.097602368,0.0739468851,1.9594326162,0.9547152321,0.0871289075,0.0,0.0,0.0,0.0,0.0,0.296557075,7.0,-0.002412506,0.0324116031,-1.233193414,0.0283200541,5.4007647957,0.0158729276,12739.794477,0.1719954965,17.379899457,-0.001324783,0.0080921157,0.0270790477,0.0093827462,0.2233743749,-0.01522816,1.0,0.0008072654,0.0647360534,0.0213476224,3.0,17.466282163,0.9554641707,0.0,0.0245125014,0.0209484746,0.0225676595,0.272034162,1.4294089328,8.036843e-11,2.2630805e-08,0.7524230649,0.5661404686,0.03031068,0.0275681682,-0.153778405,0.0946339185
47941,0.67213527,0.1576662503,-3.273701426,0.0200122468,1.5596446796,0.9594239106,0.1293179924,-0.015139109,0.2063694209,0.0093624692,-0.109614459,-0.046709497,-0.667714767,0.2629423339,0.0467094965,46.0,0.0,-0.065814325,0.2775750523,0.338464137,0.0562601813,0.2371072806,0.2627732493,0.0032286565,0.2940925328,0.1092804203,0.0,1.5856521483,-0.190369677,1.5856521483,-0.190369677,71.70913884,5.2015807757,0.1217736583,0.0,0.0,0.0,0.0,0.0,0.7701280891,7.0,0.6173861679,0.0969845491,-0.281541785,5.1811964117,-0.433172364,-1.489198143,-13781.65178,0.0456208962,15.401689062,-0.00073391,0.0187459037,0.0567872947,0.0041486157,0.0073894988,-0.006660929,1.0,0.0035496957,0.267056374,0.058095075,5.0,16.705484709,3.141416725,0.0,0.0090180514,0.0039558658,0.0066452515,0.2643515209,2.8204771269,4.703511e-11,9.9302032e-09,1.0044790816,1.0089782253,0.1160515928,0.0467470159,0.1423202525,-0.071440083
20765,0.0575281851,0.0339256149,1.3101164295,0.1103260013,0.6569299905,0.5106581126,0.1618018846,0.0709432011,0.1371593175,-0.006468305,0.2511848341,-0.080639121,-1.641975309,0.089630637,0.0806391212,46.0,0.0180109492,0.0321977565,0.0460257381,0.2406070189,-0.036512283,0.1389657374,-0.135429196,0.0244478913,-0.595110109,0.5831694886,0.0,1.1404822422,-0.300348729,0.9353575599,-0.304498212,1.7875808538,12.67706422,0.0846274101,1.0,0.0,1.0,1.0,0.0,0.591815502,4.0,-1.362950877,0.1686732193,0.0288585525,-0.361893288,-0.038354326,0.1671847085,-13654.35174,0.0629453635,14.984938216,0.0019966372,0.0179059308,0.1256266588,0.0050453581,0.269891654,-0.020678648,0.0,0.0025258324,0.0217423816,-0.024079672,5.0,16.192345941,3.2612632765,0.0,0.0771728307,0.0214286207,0.0247630701,0.3196199686,4.6941455495,2.593996e-10,8.4874476e-09,0.584085815,0.3411562393,0.1767372583,0.040389815,-0.033564879,-0.107827317
12052,0.3673388934,0.0742840352,0.9648215156,0.0296713939,0.8361234616,0.8895554262,0.0833058329,0.0505108413,0.1455539403,-0.010814544,0.0108609347,-0.012621194,-0.199557941,0.0891080043,0.0126211944,46.0,-0.011203307,-0.021379981,-0.036213469,-0.017267762,-0.05260991,0.1159591776,-0.017078195,0.0047091583,0.153494881,0.3426546542,0.0,1.3494738161,0.1462340538,0.9896016036,0.2339540257,13.429532578,3.3907018328,0.1114354614,0.0,0.0,1.0,0.0,0.0,0.4875893054,4.0,-1.363259581,0.1142123459,-0.024719185,-0.05208258,-0.331345023,0.1666620758,24920.424216,0.0629453635,18.001940526,0.0002188706,0.0168024539,0.0561321063,0.0025029192,0.0611057037,0.0036055498,2.0,0.0004591134,0.5835654026,-0.025553577,5.0,18.496132516,1.1719606537,0.0,0.0170709677,0.0105768955,0.0201083096,0.2665662883,1.2996402498,2.528412e-11,2.4563961e-08,0.9517238888,0.9057783605,0.0211140866,0.0261512292,0.1008251844,-0.107827317
46834,1.5249441048,0.0001132819,-6.19460943,0.0,0.6951731721,2.8109011914,0.0641199532,-0.020197812,0.437794239,3.8816859749,-0.602526043,-0.003063947,-45.71560737,0.0069857163,0.0030639473,47.0,0.0,0.0503875969,0.1466861786,-0.290965719,0.0286225186,0.939167556,-0.017658453,-0.019406231,1.9501424501,0.2461839543,0.0,1.0811374651,-0.376889643,1.0811374651,-0.376889643,14.967326832,6.4534026875,0.0680699857,0.0,0.0,0.0,0.0,0.0,1.7043976916,7.0,13.074136455,0.198692164,-0.265219996,1.5474788734,-9.386384454,0.2547501929,-13983.56325,0.0371991411,11.194629515,0.0003249648,0.0264263893,0.0385492201,0.1972426434,0.0845912458,0.0177343412,2.0,0.0646273158,0.4574115961,0.0713314451,3.0,10.974855756,1.0723283669,0.0,0.0671936348,0.027558617,0.0421844002,0.7307246676,3.2889947828,8.418908e-08,2.5766843e-08,1.7184815884,2.9531789698,0.2452504769,0.1628529103,0.6036960637,-0.054879185
14558,1.1004518923,0.0812821026,-9.02953126,0.0216303201,12.533760102,0.8024175159,0.0158588577,0.0084198756,0.0209721884,0.0009136275,0.0074235388,-0.014624775,-2.442909761,0.2798469445,0.014624775,7.0,0.0013671105,0.091954023,-0.072256836,0.0181020659,-0.121679334,0.0954687945,-0.152342208,0.0066816501,0.0199084351,0.5809723986,0.0,0.9702262457,-0.113051964,0.9672764789,-0.114694248,0.6381547619,0.092157065,0.0125325901,0.0,0.0,1.0,0.0,0.0,0.1732450055,4.0,1.7924847758,0.0645272361,0.0661400206,0.4245857172,0.0263172143,-0.031868294,8631.8673171,0.1116995972,16.386529723,0.0002105036,0.0039452541,0.0406160867,-0.001232698,0.0667135459,-0.091721994,0.0,0.0048971596,0.6642167396,-0.072702216,4.0,17.65251168,2.703608774,0.0,0.0616204999,0.0263338326,0.0357428988,0.2771533764,4.6127619209,1.098683e-10,7.9359698e-09,1.8494398702,3.4204278337,0.022389057,0.0482677218,-0.088670934,0.0472491512
12369,0.772437217,0.1102477014,-3.255890446,0.0093488404,3.1823281186,2.1010875532,0.0389588193,0.0313852577,0.1317944018,0.0,0.0188763181,-0.044224156,-1.593745138,0.2859544394,0.044224156,46.0,-0.000703753,-0.054878049,-0.107492877,-0.132823735,0.0817537694,0.161578565,0.0349646018,-0.023246228,0.0774789433,0.4407990425,0.0,1.0126892754,0.1465540715,0.8846076836,0.1627645815,3.8737784244,3.5768309777,0.1039344717,0.0,0.0,1.0,0.0,0.0,0.6205254594,5.0,-1.354809843,0.1179505101,-0.058217253,0.3530157435,-0.455397318,0.3635085108,40582.768256,0.0629453635,17.824370321,-0.003066704,0.0100081471,0.0468365945,-0.110048694,0.11226667,-0.032599617,0.0,0.010055018,0.2649291646,-0.061330131,6.0,18.987803724,2.6338747743,0.0,0.0356879346,0.0227620573,0.0394512562,0.2771770428,3.727977902,2.518705e-11,8.7327585e-09,1.5937188207,2.5399396793,0.0074175459,0.0411625538,-0.254749901,-0.107827317
55212,0.2561842019,0.0410008728,7.2290670571,0.0,0.6793441528,0.6349638635,0.0602404234,0.0764581869,0.2363082689,0.0187543832,0.022302555,-0.011551825,-0.254220457,0.0514241334,0.0115518253,46.0,0.0032038265,0.0,0.0223547922,-0.056839077,0.0533543142,0.1696969697,0.1091097895,0.0180838604,0.252388535,0.2403890847,0.0,1.1670371004,0.1236493898,0.8900666781,0.1351520961,22.833089312,4.1017885324,0.0847724656,0.0,0.0,1.0,0.0,0.0,0.9673566879,6.0,0.1228497751,0.0887396684,-0.000903139,-0.200306489,0.1386856413,-0.000800293,-6173.595085,0.0376507894,14.466997669,8.88889e-05,0.0057664385,0.0190881626,0.0085354248,0.2249578279,0.0752113002,0.0,-0.000935454,0.160273721,0.0321783642,4.0,14.230997437,0.6587121046,0.0,0.0206529051,0.0184263985,0.0303766762,0.3196524844,1.0436012394,2.2841016e-09,3.2387009e-08,1.3411380797,1.7986513487,0.0025261904,0.034106694,-0.236338142,-0.028114825
46674,0.2210589509,0.0112705855,4.4064987285,0.0314861097,0.7051030583,1.1407114805,0.0774310713,-0.082305376,0.3897637992,-0.007043707,-0.066475655,-0.132178047,-11.35999266,0.1393043538,0.1321780467,46.0,-0.023137065,-0.090909091,-0.147216744,0.2619390742,0.0495953391,0.1239672501,0.0506505136,-0.020456684,-0.127877134,0.3868107115,0.0,1.2069327482,-0.027881834,0.6120530349,-0.047205261,16.701677295,10.621576194,0.0412081971,0.0,0.0,0.0,0.0,0.0,1.5279103885,4.0,-0.060411397,-0.138574637,-0.071223347,1.2581744725,-0.549742267,0.1517847637,10813.424349,0.0624291911,16.728645164,0.000418687,0.0162278356,0.0706844628,0.0259766373,0.065767519,-0.02320417,1.0,0.001979708,0.4209360509,0.0410377495,6.0,16.989402509,1.1212071989,0.0,0.0287699196,0.0158307443,0.0240636132,0.3198024492,1.8255788471,1.096952e-10,2.0328435e-08,1.088683408,1.1852315629,-0.00887538,0.031206533,-0.058224217,0.1631852225
57154,0.7952304337,0.0285972642,-2.674409191,0.0326495638,0.9755089193,1.2610949074,0.0524120476,0.0024045914,0.1648862668,0.002711987,-0.025948189,-0.067372966,-4.166722802,0.1477541371,0.0673729662,46.0,0.0045241036,-0.055533829,-0.012046271,0.0010120216,0.0791861462,0.0949453749,0.025907008,0.0709638774,0.0395226986,0.4613386358,0.0,1.9410267289,-0.062680725,1.100075854,-0.116222515,9.0223368543,7.4623057069,0.1022881658,0.0,0.0,0.0,0.0,0.0,0.3681170734,6.0,0.0639604342,0.1087902898,-0.011745141,-0.242786455,0.0437559167,-0.025048932,-8096.074879,0.0738375305,13.106026657,-5.1056e-05,0.0055195228,0.0141077821,0.0735549795,0.0700503655,-0.206779239,1.0,0.0007092199,0.5533044209,0.0646165479,2.0,13.648669298,1.2693947525,0.0,0.0227670949,0.0247631775,0.0359634296,0.3008557206,1.8871179485,8.2023843e-09,1.8201236e-08,1.0322941007,1.0656311103,-0.023672302,0.0414433049,-0.455958471,-0.133267297
16432,1.2097010954,-0.492841187,-4.831015887,0.0149345814,5.2062736875,4.8289789989,-0.002448813,-0.039511202,0.1649694501,0.0024500322,0.0480221519,-0.140631029,-1.889154705,0.4382120602,0.1406310291,46.0,-0.041435398,-0.015873016,-0.166700576,-0.037900989,-0.11137429,0.0951539626,-0.016376409,-0.019435554,-0.292576419,0.499824064,0.0,1.1006658833,-0.019342682,0.679005092,0.1644177495,7.5658866995,7.266114725,-0.038629428,0.0,0.0,1.0,0.0,0.0,0.5676855895,2.0,-0.124783659,-0.083004037,-0.004232454,0.7568713013,-1.621837384,0.3225081128,-7549.733737,0.281925686,15.14057657,0.004076087,0.0062322946,0.0313390313,0.2954948822,0.0575010408,-0.157080866,2.0,0.0242937853,1.0879705088,0.0569407884,5.0,17.007140112,5.5309212351,0.0,0.0521148443,0.0294781588,0.0440759295,0.3542783036,6.6357022366,3.375374e-10,6.2503355e-09,1.8403174849,3.3867684453,0.0123395058,0.0658615706,-0.414329443,-0.031359609
53604,0.3725021396,0.0297375509,4.1913153979,0.0181745219,0.0932031609,0.4119987263,0.1405814417,0.0305596196,0.2671308392,0.0013042811,0.054245346,-0.066838476,-1.031205336,0.060403072,0.0668384763,46.0,0.0172126961,-0.041666667,-0.123592656,0.1006061432,0.0018222302,0.1150304524,-0.049662225,0.0274584596,0.0247987839,0.6306328624,0.0,6.4107685515,0.2810836767,4.2631360224,0.2787890217,3.2251139063,6.874436105,0.4925045181,0.0,0.0,1.0,0.0,0.0,0.3320438615,6.0,0.0898736591,-0.049553226,-0.042569805,-0.083988551,-0.33613334,0.0081786457,-7782.630465,0.0376507894,13.631195162,0.0013598629,0.0210894368,0.0270251973,0.0140315194,0.3107985427,0.002349274,1.0,0.0002792516,0.0159421175,0.0633415819,7.0,13.754000054,0.6511645725,0.0,0.0190736018,0.0169928257,0.0276057067,0.429747413,1.4959350027,6.9269198e-09,4.6083368e-08,0.9085132678,0.8253963578,0.0040821237,0.0348767975,-0.48685033,-0.028114825
39571,0.1052734564,0.0270956748,27.412890166,0.0097888676,0.0577427086,0.1353008555,0.2689093281,0.1748707312,0.537425615,0.0076574988,0.0553666457,-0.034550631,-0.192397778,0.0323088225,0.0345506309,46.0,0.0067770949,0.0,0.0024725934,-0.17557824,-0.000289567,0.1402625612,0.0451677982,0.0464268619,0.2526735946,0.4870176734,0.0,3.1855508434,0.148382168,2.2965845128,0.2644188184,4.3549110736,5.2393584932,0.561363701,0.0,0.0,0.0,0.0,0.0,0.8763097223,5.0,0.0990078279,-0.030658541,-0.000903139,-0.351217234,-0.511646683,-0.019915604,3566.2544345,0.0376507894,16.167132539,0.0055291011,0.0465766944,0.0700949122,0.0039842978,0.2539944004,0.0097492283,0.0,-0.001000429,0.8766274965,0.0466764034,7.0,16.062283696,0.8052832389,0.0,0.0297408365,0.0157457692,0.0230876279,0.3374013788,1.5767493804,2.685162e-10,2.5515373e-08,0.7402386918,0.5479533208,0.058896636,0.0228263949,-0.153561833,-0.028114825
60468,0.6905348445,0.0167399822,-0.036794809,0.0309626209,0.3268386339,0.6874322362,0.0342973955,-0.025924926,0.1513232514,0.0078939379,-0.09815939,0.0280164159,1.7253580455,-0.012142481,0.0280164159,46.0,0.0030300958,-0.017804154,0.0759900225,-0.017998017,0.0394673279,0.1098063569,0.000432981,0.013394545,0.0124581283,0.7440466246,0.0,2.7596906341,0.0725752005,1.9030592339,0.043446314,1.4990927543,5.6099090804,0.0883709986,0.0,0.0,1.0,0.0,1.0,0.2316177991,6.0,-0.100605049,0.1232224648,-0.324330363,0.0675151562,-13.54290313,-0.108765916,-2937.079915,0.0553124103,11.258691316,-0.006589592,-0.002654208,-0.004767442,0.0469406692,0.0858180946,-0.29676078,1.0,-0.017741935,-0.141938467,-0.013514759,2.0,11.02306797,0.8443629755,0.0,0.0608107857,0.0248399793,0.0415706492,0.8183055052,0.7755881426,2.9334403e-07,8.5838424e-08,0.8137600439,0.6622054091,0.1959198858,0.0578765661,-0.364529003,-0.010696088
52695,0.0852307822,0.0324044823,30.262649846,0.0149666746,0.1959188987,0.5500369463,0.2391184573,0.0482930891,0.725062448,-0.021680823,0.0651457541,-0.069593496,-0.615827338,0.0523600484,0.0695934959,46.0,0.0126829268,-0.086956522,0.0270764409,-0.007309524,-0.069522009,0.1096573209,-0.219413019,0.0181515404,-0.014555256,0.5473448769,0.0,2.7196391395,0.2837002746,1.5170020819,0.339752365,20.165811966,8.0033921303,0.2138210384,0.0,0.0,0.0,0.0,0.0,2.2948787062,4.0,-0.053267103,0.0871976943,-0.067270777,1.1223463038,-0.173673475,0.0648404582,17763.602289,0.0624291911,17.056247009,0.0001519064,0.0459610028,0.158993576,0.017481092,0.0513302034,-0.007745094,1.0,0.0008650079,0.7521453009,0.1001612069,7.0,17.349724124,1.2590635722,0.0,0.0387726724,0.0223583765,0.0244162691,0.3079329324,2.0813957428,7.78477e-11,1.7914621e-08,0.8526538209,0.7270185382,0.026540565,0.0298199605,0.0110798596,0.1631852225
39731,1.0294123485,0.2407638693,-2.477473066,0.0305359054,3.0770796954,1.3981921288,0.1123794212,0.0962421113,0.1418531268,-0.043721117,0.0786331824,-0.033116661,-0.590243902,0.3828732751,0.033116661,43.0,0.0,-0.094287852,0.1220546654,0.0368965146,0.2458568145,0.2531486146,0.0086998644,0.0116179002,0.1974043716,0.198440403,0.0,5.1137254902,0.8719887955,5.1137254902,0.8719887955,3.0802069858,5.3385650224,0.1210140622,0.0,0.0,1.0,0.0,0.0,0.5450819672,8.0,0.6653712707,-0.006273299,-0.310015313,5.5384734902,0.0518767555,-1.369267202,-15140.76346,0.0456208962,11.773257557,-0.00110742,-0.002216428,-0.006947282,-0.001371942,0.0413934953,0.119550565,0.0,-0.001314636,1.2433570966,0.0168296751,3.0,7.6867865087,0.0298868788,0.0,0.0724637955,0.0352913157,0.0386703425,1.1589991912,0.2198370285,2.2832079e-06,4.062877e-07,1.1781718875,1.3880889965,0.0855791115,0.0606614608,-0.437940903,-0.071440083
90213,-0.598015391,-0.019933846,-17.17128572,0.0,12.392039613,3.071326305,0.0243858866,0.116869773,0.1854958184,0.0122415935,0.1097527907,-0.023749591,-13.3164557,0.2455143358,0.0237495908,46.0,0.0,0.0075488455,-0.052836355,0.3690386449,0.0561968308,0.3169291339,-0.0277113,0.001744325,-0.014143095,0.0663449648,0.0,1.2163777645,0.2651548177,1.2163777645,0.2651548177,6.2070372259,154.01168736,0.0121030365,0.0,0.0,1.0,0.0,0.0,-2.84484193,6.0,0.0777995369,-0.022466059,-0.007522384,-1.094815877,-0.827509211,0.0921437609,-6479.299772,0.0256085935,13.790496448,-0.001513129,-0.003487592,0.0927467301,-0.004896991,0.0340328732,-0.061671767,0.0,0.0049875312,1.7409936441,-0.113428652,4.0,16.033922777,11.622748707,0.0,0.0090180514,0.0088850458,0.0114316261,0.612634385,48.171246049,1.128521e-10,2.5960455e-09,1.4806682824,2.1923785626,-0.134260267,0.1248703769,0.7973304417,0.0732063074
23819,0.297372433,-0.176067916,2.3622707764,0.016620333,0.938450961,0.8635996772,0.2890987409,-0.18508886,0.1025731962,0.0079726651,-0.095378054,-0.209566407,-1.638709677,0.1124562819,0.2095664068,46.0,-0.034305317,-0.272727273,-0.355364156,-0.026327669,0.0210930559,0.2025267994,0.0424210154,-0.217559207,-0.379181228,0.4273940039,0.0,2.143180276,-0.067567483,1.6118525221,-0.026060126,5.6359734686,4.7036795832,-0.114194075,0.0,0.0,1.0,0.0,0.0,0.2571143285,3.0,9.024633943,-0.04296306,-0.184591562,7.9102733453,-4.135226509,-3.140434744,14968.345908,0.0340789314,17.285250439,0.0027785762,0.0112826887,0.0435424354,0.0457878301,0.1251843044,0.154926703,3.0,0.0,0.6243823079,0.0172532666,6.0,18.727541712,3.0906225147,0.0,0.0580132082,0.0283745049,0.0422399447,0.3095326461,4.1848705808,5.155195e-11,8.433802e-09,1.7487454062,3.0581104958,0.0178675906,0.0671319221,0.1497230412,0.818494895
25582,0.5265292783,0.0284809555,7.8696195925,0.0184198864,0.4095312409,0.4622502263,0.0494559564,2.6532568943,0.631214787,0.7564296138,1.386585727,-0.070905113,-1.488849242,0.0708848044,0.0709051129,46.0,0.0260424411,1.0,1.6751948243,-0.126179746,-0.206698496,0.3650627615,0.2899846197,0.2926756944,5.1623550401,0.1692897998,0.0,1.5724056604,0.3833266244,1.3429245283,0.3731978495,14.25862069,4.4636898921,0.1895684869,0.0,0.0,0.0,0.0,0.0,1.8186143324,5.0,51.84359,0.208699351,0.9144225865,0.7239288238,0.3139479726,4.164304914,31837.006749,0.0357482652,17.618613711,0.0005384305,0.0133374002,0.0242158788,-0.005398876,0.0321548918,0.0487472716,1.0,4.5405e-05,0.721715099,-0.030323774,5.0,18.390400368,1.5312317995,0.0,0.0189157519,0.0156277839,0.0280976838,0.2041443884,1.1963707768,4.321111e-11,2.0734134e-08,0.6826204116,0.4659706263,0.1815590286,0.0338804415,0.0597260718,-0.145662284
25304,0.4630931749,-0.022920911,-2.926916115,0.0,1.6066258022,1.3134557462,0.0276481229,0.2643415938,0.2195671576,0.0052091957,0.4449717583,-0.032213379,-2.65461477,0.0379252785,0.0322133789,46.0,0.0059775173,0.1333333333,0.2394839008,-0.130185627,-0.188826505,0.2049060333,-0.070369663,0.1012301333,-0.113846112,0.3135472796,0.0,1.5165264753,0.0799802381,1.1949140727,0.1203809095,23.395097215,3.7547849806,0.0644109852,0.0,0.0,1.0,0.0,0.0,0.6204711562,3.0,-0.090237564,0.0700950127,-0.001626018,-0.443276006,-0.342923003,-0.165221305,-1986.147919,0.0894515012,13.604393795,0.0032150858,0.0016677151,0.0072674523,-0.029058304,0.0263655164,0.0046204178,0.0,-0.002949853,2.3265826293,-0.177516498,4.0,14.310393886,1.3004272751,0.0,0.0322581194,0.0240086911,0.0375134588,0.3553909405,1.8009187913,4.9867044e-09,2.4058801e-08,1.6367195651,2.6788509349,0.0966920424,0.0662534825,-0.35604805,0.2323533244
52978,0.225533898,0.0173251521,4.7239195379,0.0290379013,0.6117570459,0.4255350382,0.0760376323,0.2216395043,0.3285760197,0.00324412,0.340800444,-0.076631138,-3.387670266,0.0760170546,0.0766311377,46.0,-0.005130829,0.2182142857,0.1578771529,-0.003869726,-0.014904805,0.5418257365,0.1456122626,0.0157031212,-0.032996164,0.2889680064,0.0,1.600540664,-0.680762351,1.4359227425,-0.713544919,3.7701134598,3.2607240189,0.0710771492,0.0,0.0,0.0,0.0,0.0,0.9042196206,4.0,103.79230449,0.2621657488,0.151623133,0.1629210565,0.1812418111,0.004109211,8118.1715215,0.1707603697,16.323422396,-0.001001105,0.0250638475,0.0888265217,0.0157142374,0.1154598061,-0.008578996,1.0,0.0029141448,1.2791332086,0.0566072809,4.0,17.045615645,1.9978079297,0.0,0.0515981987,0.0180648429,0.0255828047,0.3190299641,2.7527320033,1.17233e-10,1.155739e-08,1.2026446853,1.4463542391,0.1120904594,0.0454052566,-0.042648931,-0.182629545
41188,0.287013567,0.0273719809,12.290277117,0.0023413547,0.4135811411,0.7356989776,0.0735096576,0.1418084675,0.3879043122,0.0161475154,0.1045200767,-0.034181901,-0.820567324,0.049832534,0.0341819015,40.0,0.0292904851,0.0411764706,-0.011830206,-0.078183263,-0.013563516,0.2147049737,0.0033342476,0.0856756085,0.2001946407,0.3759648737,0.0,2.7072910718,0.0919014802,1.5083952027,0.130024425,15.852924647,7.739915993,0.150864999,0.0,0.0,1.0,0.0,0.0,0.9641089317,5.0,0.1590086743,-0.071649351,0.0035947937,-0.11644873,-0.421154153,0.0321185557,-15868.47499,0.0642905452,12.842907543,0.0016896854,0.016567811,0.0378024927,0.019240245,0.0528285801,-0.011563332,1.0,0.003516624,0.078124299,0.1433624811,7.0,12.46807685,0.4190912414,0.0,0.0278293137,0.0202117674,0.038807904,0.4341861097,1.2049289416,2.5784267e-08,5.341589e-08,1.6990722621,2.8868465519,0.0047852835,0.0522065551,-0.320936815,-0.091892872
41241,0.37735178,0.0583001287,109.88672448,0.0142677401,0.2949206902,0.8491375337,0.1171329267,0.2137580652,0.3761121728,0.9948630137,0.3302019969,-0.006527606,-0.068643241,0.0623020385,0.006527606,43.0,0.0218778064,0.131097561,0.1049115324,-0.242122938,0.0846076429,0.1450890286,-0.089603989,0.1159716229,0.1360350174,0.3945134864,0.0,2.313402969,0.0985181578,1.4070420936,0.1429748556,199.08972648,6.5750622397,0.3505402756,0.0,0.0,1.0,0.0,0.0,0.6208733789,6.0,0.0905827221,0.3649497628,-0.388433514,-0.146758844,-0.244862276,-0.115566055,-2038.701085,0.1434034542,13.565482812,0.0022596199,0.0297527447,0.0513544449,0.0486900836,0.0142359629,-0.037312377,0.0,-0.003440367,-0.273969692,-0.067605211,5.0,13.647874592,0.7178891103,0.0,0.0165008567,0.0157990124,0.0285993267,0.3815499508,1.2170392592,6.2845749e-09,3.6769764e-08,0.8613495545,0.741923055,0.016070498,0.0456553942,-0.083675605,0.4042341731
41292,0.2295530137,0.0471479485,4.9911118929,0.029213649,0.1455164132,0.8410315483,0.199458794,0.0864097582,0.3828633586,0.0045314165,0.1612089047,-0.157242228,-1.201141039,0.1037792844,0.1572422283,38.0,-0.006541423,-0.133333333,-0.043717928,0.2057849025,0.1876678786,0.3263431347,-0.325307809,-0.025271523,0.0437883577,0.6098798417,0.0,3.527690127,0.0167968345,3.3330272402,0.0338946658,6.6591877189,6.8797578429,0.3787551358,0.0,0.0,0.0,0.0,0.0,0.5980382572,7.0,-2.918476947,-0.17549623,-0.348157765,0.1516838192,-28.25652764,0.1061722308,-12505.26484,0.03476008,14.050800246,-0.009156458,0.0116626772,0.0195370097,-0.010924775,0.2585234683,0.00285565,0.0,-0.005202081,0.5760277765,-0.126246643,4.0,15.33283581,3.4567057468,0.0,0.199397549,0.0513919046,0.0445596074,0.4887199947,13.799016629,9.902936e-10,5.9393428e-09,0.7336612767,0.538258869,0.0688231417,0.0466127398,0.2629735264,-0.054879185
76927,0.5095669007,0.0806590238,-1.760786407,0.0,1.2062342909,2.7214498781,0.144400793,-0.009611826,0.2211343743,0.0148350857,-0.085367617,-0.080409102,-1.819529145,0.2274204685,0.0804091017,46.0,0.0,-0.071428571,0.2673709333,0.365042201,0.4523406129,0.2289727132,0.4454243008,0.0239297669,0.215316618,0.3536321106,0.0,1.1232089821,-0.077910587,1.1232089821,-0.077910587,19.638329779,5.4398530482,0.1133961693,0.0,0.0,1.0,0.0,0.0,0.8336789167,7.0,-0.002353375,0.0764115894,-0.097880933,-0.028398252,0.9151852445,0.0518790502,-481.0727798,0.1489431475,13.448381231,0.0010327507,0.020566789,0.070893569,0.1225938368,0.1168975033,-0.003136458,3.0,0.0052933392,0.8805052634,0.0694069806,5.0,13.973802679,1.249468548,0.0,0.0376766473,0.0203729906,0.0350067465,0.3026402491,1.4393535927,4.7363131e-09,2.2454409e-08,1.4339032787,2.0560786126,-0.024316232,0.0565278401,-0.200834644,-0.073400055
32651,0.4941086539,-0.004873453,10.025584842,0.0026564529,0.2802116598,0.2008225553,0.0359003962,0.0115329723,0.1156834924,0.0167719776,0.0216947036,-0.0744889,-11.76789756,0.0524768451,0.0744889003,46.0,0.0114348038,-0.019112207,0.0276369221,0.0075437439,0.3274827584,0.0693249604,-0.18056125,0.0435626025,0.0058597812,0.5514216268,0.0,1.9005975231,0.2411541428,1.2560470007,0.3012447136,5.3290687823,17.652973745,0.1534119017,0.0,0.0,1.0,0.0,0.0,0.1536837975,7.0,0.6505099405,0.0137151813,-0.073176597,0.1452567118,-28.93701299,0.0863817134,1968.2644477,0.0885761255,14.847876301,-0.00371451,-0.000366497,-0.00056896,-0.002076128,0.0713815385,0.1905347157,0.0,-0.008,0.4849758145,0.0220262646,5.0,16.669574249,3.7005750858,0.0,0.0358680077,0.0342024751,0.0519701226,0.252867267,4.2719639472,5.270206e-10,7.096708e-09,1.2966672713,1.6813460124,-0.046100258,0.0778706246,-0.0777578,-0.017140666
15408,1.1819761552,0.0083983696,-8.456488147,0.0465448966,1.1698032375,0.617728392,0.0545635848,-0.015968457,0.0999507146,0.0016380016,-0.002293716,-0.045439189,-12.84550562,0.1162796733,0.0454391892,45.0,-0.00165938,0.027027027,0.0483644953,0.087041103,0.0551288119,0.1302769562,-0.004311835,0.0004928536,-0.02944424,0.1028589903,0.0,1.3425133358,0.3057048931,1.0256791961,0.50245976,7.6631548142,12.692680562,0.026690033,0.0,0.0,1.0,0.0,1.0,0.1718226372,6.0,-0.170066679,0.0913767747,-11.05307493,1.0292427854,-1.835577755,0.0748760872,26032.277905,0.0426379215,17.770153781,-0.00168158,0.0075537418,0.0146608797,-0.002589748,0.0239522851,-0.002741012,1.0,0.0019011407,0.468888632,0.0071740528,2.0,17.867940346,1.2617490915,0.0,0.0214008056,0.0129423408,0.0237244438,0.2319859357,1.0885188527,4.14864e-11,2.0376853e-08,0.5767271326,0.3326141855,0.1038396783,0.0346841969,0.3271944725,-0.010149049
32707,0.9848204855,-0.114102342,-1.31921075,0.0369351046,0.7173293951,0.412024759,-0.09297164,0.0423443165,0.0540063082,0.0038236826,0.4039442607,-0.096089023,-1.404315784,0.046133378,0.0960890225,47.0,-0.004080193,0.4335427743,-0.313067561,-0.510087921,2.0062880864,0.132135821,0.0120739868,-0.237736667,-0.122312577,0.605241419,0.0,1.8314152274,-0.583392755,1.7343860022,-0.557623537,1.0740218441,5.220786009,0.045293517,0.0,0.0,0.0,0.0,1.0,0.0713798405,4.0,0.8276648651,-0.191637096,0.2343321855,1.5245795411,-4.904274903,-0.070888145,-332.3150839,0.0365722346,15.395806955,-0.000428605,-0.01769276,-0.026441642,0.0458290681,0.2253784568,-0.047242061,0.0,-0.003648304,1.1673657346,-0.205263207,4.0,16.725091713,3.264600568,0.0,0.1067166254,0.0355137286,0.0445191171,0.2769801924,4.2300669821,3.517948e-10,7.3901007e-09,1.9351759108,3.7449058058,-0.010391397,0.0679439479,0.2766405551,0.818494895
16600,0.0704415833,0.0403133508,23.478413575,0.0201926788,0.2173433722,0.2569331554,0.2443864085,0.1217938442,0.4875649155,-0.002882741,0.0779561751,-0.047418864,-0.320256853,0.0532239777,0.047418864,46.0,0.0172480234,0.0458488228,0.0204685502,-0.061718363,3.13313e-05,0.1057942087,-0.05155072,0.0470529993,0.2846847613,0.3782252797,0.0,1.5741577221,0.4936252543,1.0644658767,0.642501025,7.1239611989,13.246556995,0.2323965415,0.0,0.0,0.0,0.0,0.0,2.1899257254,5.0,-0.093247771,0.0105063381,-11.03425314,-0.082291787,-1.223696406,0.0118203916,15362.316815,0.0426379215,17.310392282,-0.00416033,0.0500826048,0.1964315121,0.0040159515,0.071565092,-0.012856722,1.0,0.0007680945,0.4682919757,-0.035295236,8.0,17.743712971,1.5183470214,0.0,0.0258278884,0.0117814294,0.0187372227,0.2133042748,1.5041197771,3.900823e-11,1.496703e-08,0.4217696334,0.1778896237,0.2928460115,0.0279201845,0.2221897805,-0.010149049
61567,0.3725426542,0.0078198928,20.406234269,0.0035029173,0.3472328434,0.3706185165,0.0213892343,-0.06737838,0.1216198939,0.0,-0.163387816,-0.076938343,-7.337539432,0.0651986647,0.0769383435,46.0,-0.03956073,-0.333954422,-0.362227788,0.0366305781,-0.151199322,0.0728514513,0.0337600365,-0.020136802,0.0443261185,0.4710934608,0.0,2.9268159476,0.3394677609,1.7607864555,0.5277829762,14.544046467,8.9163204748,0.1116468723,0.0,0.0,1.0,0.0,0.0,0.2249498652,5.0,1.3078626931,-0.277853039,-0.51195898,0.1286907155,5.1915659639,0.1519460277,-1692.686621,0.0232852488,15.334629158,0.0208606709,0.0030849386,0.0059888209,0.0094123389,0.0368307457,-0.042303922,3.0,0.0006735141,-0.089031882,-0.043043374,5.0,16.140570586,1.7443655241,0.0,0.0210985783,0.0177009892,0.033074554,0.3340467351,3.0531254961,4.325434e-10,1.3243817e-08,1.6250497669,2.6407867448,0.0297115381,0.05044787,-0.046141113,-0.24467985
14338,-0.048243836,-0.023150566,7.8246321361,0.0013598934,0.5906146378,0.1394538263,-0.006672598,0.1202112723,0.0389784048,-0.004996684,0.1822541966,-0.089745207,-1.99020979,0.0229239166,0.0897452069,40.0,0.0,-0.184971098,-0.544329242,-0.155748751,-0.216245706,0.2960644007,0.067029791,-0.010162466,2.0912863071,0.2633479558,0.0,1.7285067873,1.3710191048,1.7285067873,1.3710191048,1.3199509654,5.5862516213,-0.022809623,0.0,0.0,1.0,0.0,0.0,-0.319502075,3.0,87.111753918,-0.205439268,-0.617029722,2.1465588614,-0.095776949,0.0091685373,19585.025518,0.1661919548,17.585056737,0.0077646097,0.0159708416,-0.170077629,0.0221609254,0.0905707196,-0.016684502,3.0,0.0,0.2073745527,0.0271980762,3.0,18.273424594,1.8719239374,0.0,0.0624654032,0.0270404161,0.0339309814,0.2520610693,1.7275316673,6.487884e-11,1.5296311e-08,1.2125790498,1.4703479519,0.0434144477,0.0340683209,-0.0397153,0.1917246791
32803,1.23103055,-0.143256414,-2.831843256,0.0546619894,1.3778245003,2.6637857133,-0.014411295,-0.054088418,0.0592358749,0.0035033087,0.0228534953,-0.089505931,-1.761380868,0.1090726926,0.0895059312,46.0,-0.025408056,-0.044918999,-0.360444165,-0.175417226,-0.326696426,0.1053503198,0.0928750973,-0.029187969,-0.135464345,0.4484429013,0.0,2.407553034,0.2276857347,1.5542127584,0.4302998915,8.173277703,15.503037217,-0.01446424,0.0,0.0,1.0,0.0,0.0,0.0986866767,3.0,32.659647837,-0.242541395,-0.014344327,0.1968607646,-0.090274324,-0.025859464,-23820.5596,0.0799518023,15.954079217,0.0043345529,0.0223555941,0.0515832549,0.3465603292,0.1148748707,-0.001224245,3.0,0.0175067914,0.5789884668,-0.052684061,1.0,17.164404659,2.2960728098,0.0,0.0524246357,0.0265773482,0.0428371893,0.1957799964,1.5359570854,3.274963e-10,1.4414191e-08,1.2195140331,1.487214477,-0.0493479,0.0597414823,0.1591378398,0.2073588198
42439,0.3992045267,0.0283416627,2.4892047162,0.035224068,0.5593599043,1.322094582,0.0823087024,-0.023738186,0.5332417219,0.0076065266,-0.047062469,-0.120222508,-4.116515972,0.1450105699,0.1202225083,46.0,-0.017873964,-0.094117647,-0.129768971,0.1323887361,0.0031947432,0.1756457014,0.0356283978,-0.021739579,0.0109152735,0.4055659336,0.0,1.1291648824,0.0221295814,0.81526463,0.068156452,16.598020491,9.6219970672,0.1410850692,0.0,0.0,1.0,0.0,0.0,1.3141989302,5.0,0.069675976,0.1173688117,-0.066258369,-0.300282118,-1.028467166,0.0703420167,-290.1096024,0.1460543126,14.226932512,-0.000965284,0.0129699131,0.0301973332,0.0498203648,0.0832493681,0.0301001678,2.0,-0.007352941,0.2901247302,-0.05308938,6.0,14.55435274,1.0150053085,0.0,0.045009803,0.020367549,0.0295528795,0.2506113899,1.3171806903,1.8971941e-09,2.1381749e-08,1.3490976713,1.8200645266,0.0316496762,0.0397215716,0.0711310018,-0.280901789
21792,0.5016199416,-0.049533398,-9.626836378,0.0549812334,2.1056303747,0.6217237639,0.0349185234,-0.055532041,0.0686249612,0.0977895118,-0.072267356,-0.075054419,-4.375634518,0.1672066472,0.0750544188,46.0,-0.001335075,-0.331019492,-0.396959597,-0.040556327,0.2768438225,0.0530969499,-0.13328615,0.0494088434,-0.095784862,0.4223408324,0.0,0.6051813472,-0.388368839,0.5015544041,-0.409256733,7.1464354528,6.2811176969,0.0229105607,0.0,0.0,0.0,0.0,0.0,0.2834264995,4.0,0.5646095694,-0.123298945,-0.335027772,0.0618743455,-0.065234792,-0.016396968,412.05728181,0.0260918659,16.773899877,0.0014676655,0.0041134207,0.0169109357,0.0082096046,0.038482239,0.2671423495,0.0,0.0004065041,-0.40954947,0.0182211553,2.0,17.312804682,1.6738104808,0.0,0.0238478817,0.0124442255,0.0193441105,0.2597718023,2.2978020789,5.926745e-11,1.2994224e-08,1.2943008072,1.6752145796,0.0391028884,0.0399180858,0.1137272913,0.1163368332
32942,0.2427665373,0.0411882164,18.421013648,0.0236668054,0.3518003778,0.4909278866,0.1198133644,0.0371405262,0.2730573118,-0.002403052,0.0194392523,-0.059430723,-0.845102506,0.0759964813,0.0594307226,46.0,-0.005146124,0.0159574468,-0.088216075,-0.017498652,-0.035949829,0.2524911604,0.0066203878,0.0056903936,0.0631195111,0.2729111719,0.0,1.6743303101,-0.101358354,1.0338536174,-0.071926348,15.567125325,6.5952418465,0.1710814177,0.0,0.0,0.0,0.0,0.0,0.6567202506,4.0,0.1642499684,-0.036901554,-0.02162423,-0.16069576,-0.109413973,0.058282503,-7840.193817,0.0642905452,16.175206397,-0.000123024,0.0199891741,0.0486428,0.0115050856,0.0510902951,-0.011309401,2.0,-0.001439088,0.3312195289,-0.007247757,6.0,16.49095142,1.3270718026,0.0,0.0375897959,0.0191939009,0.0244441077,0.4804876055,3.6826152606,2.470119e-10,1.6714916e-08,0.9226507599,0.8512844247,0.0029966566,0.0252033487,-0.057684142,-0.091892872
42877,0.1800946529,0.0350497542,31.604953368,0.0079122464,0.2305234663,0.6674627536,0.1321291046,0.083623873,0.2695352499,-0.005263009,0.0388239058,-0.108222312,-1.218935449,0.077773142,0.1082223124,38.0,0.0004733665,0.0431236233,0.0514240843,-0.003393331,-0.083783163,0.1378508056,0.0346483913,0.0515279699,0.1469363647,0.5583173015,0.0,1.6981120074,0.187367764,1.6761688528,0.1889652313,30.758096022,7.354747789,0.316412879,0.0,0.0,0.0,0.0,0.0,0.6294617316,5.0,-0.005998742,0.0919395375,0.0828122241,-0.235454239,-0.111140595,-0.084207698,4787.0970011,0.2470034686,16.700432838,0.0041375227,0.0316015418,0.0713922833,0.0382842889,0.0813111547,0.0406658033,2.0,0.0004784117,1.2887179461,0.1021363502,5.0,17.447100204,1.8227925013,0.0,0.0277531557,0.0255998524,0.035769732,0.4155280443,5.4033587243,7.206321e-11,8.436605e-09,0.7312261863,0.5346917355,0.1292714636,0.031168951,-0.289600303,0.0980376093
42906,0.8408059024,0.0635936329,-15.4190706,0.0561211864,8.5656809413,0.4073261699,0.0152012967,0.1287682795,0.0345131282,-0.002750972,0.1320686782,-0.004361317,-0.619339045,0.1029796527,0.004361317,46.0,0.0033701086,-0.005490296,-0.072163121,-0.141486769,-0.065981209,0.3838912134,-0.032315672,0.0034311297,0.019826284,0.528095247,0.0,0.8871831669,-0.048503246,0.8742571856,-0.0513953,0.7796483909,0.065581372,0.011425704,0.0,0.0,0.0,0.0,0.0,0.355173716,4.0,-0.056685287,-0.000897024,-0.020561526,-0.266361279,-0.463983532,-0.050390922,5971.5874676,0.0256085935,16.75600232,0.000291385,0.0021521704,0.0183803813,0.0184238758,0.0585928065,-0.091175212,1.0,-0.008408797,-0.232406464,-0.044795606,4.0,17.4728368,1.7780279211,0.0,0.0406804159,0.0166862609,0.0308900116,0.271153926,2.753411208,6.444386e-11,1.0941267e-08,1.3872607759,1.9244924603,0.0382360324,0.0415085966,-0.195492791,0.0732063074
87464,0.4387803608,-0.009120146,-105.4894458,0.0,2.1209406357,8.0287685888,0.0546967895,-0.162189055,0.5459369818,0.016904924,-0.190641918,-0.15701137,-45.71560737,0.4316869139,0.1570113698,25.0,-0.099557522,-0.120234604,-0.024261084,-0.169715629,0.0057756932,0.0834670947,0.0557855312,-0.135323383,0.0093240093,0.5581864608,0.0,2.0747767857,-0.135911948,0.8950892857,0.0610661069,454.11939356,11.432900433,0.0183799957,0.0,0.0,1.0,0.0,0.0,3.7529137529,6.0,-0.013168721,0.1603386628,-0.10054886,1.4758958825,-0.065076189,0.4441673238,-3585.365241,0.0624291911,12.584076551,-0.001093294,0.060655206,0.2795216741,0.2232560484,0.0138674884,0.0248782124,3.0,0.0862891475,2.1922607085,0.1066660155,2.0,14.08913359,2.7231512313,0.0,0.0090180514,0.000867303,0.0022701344,0.5349354297,8.5313998976,2.02387e-10,8.1160495e-09,1.3025077919,1.6965265479,-0.066624054,0.1137720333,-0.289335992,0.1631852225
12570,0.3191724092,0.0102818426,2.8727959991,0.0088408836,0.3226697367,0.3719175111,0.0517226239,0.0413613458,0.2156437909,-0.014806378,0.0590176856,-0.087868055,-5.37810219,0.0655786426,0.0878680548,46.0,-0.007465445,-0.076190476,-0.129496908,-0.006917379,0.002206268,0.1691704768,0.0050242245,0.007205979,0.0248204733,0.4109635543,0.0,2.2012629162,0.0769306195,1.7654420207,0.1313795045,2.8818329844,4.882364532,0.0823523782,0.0,0.0,0.0,0.0,0.0,0.4269121403,6.0,0.0216701894,-0.011890655,-0.077093615,-0.137318281,-0.372242985,0.0133542163,-1967.410365,0.0376507894,15.587594719,0.0072550522,0.0250122751,0.0405013563,0.013391574,0.1695906433,-0.011482309,1.0,0.000582479,-0.131101443,0.0469220027,5.0,16.424124753,1.8538682635,0.0,0.0346319452,0.0198056324,0.0295156949,0.3524160885,4.0959852381,3.166854e-10,1.1828615e-08,1.1330435125,1.2837876012,-0.010854314,0.0301620347,-0.25171534,-0.028114825
80210,0.3644137733,0.0091678411,21.028341084,0.0361625893,0.4291627018,0.2123985375,0.0318088175,0.3032989211,0.108952966,0.0645475563,0.3117933675,-0.050712252,-4.505716751,0.0504755364,0.0507122524,27.0,-0.001190944,0.1699716714,0.2074299142,-0.601911333,-0.099865629,0.0485065643,-0.014912193,0.2782006686,0.0236642011,0.521680746,0.0,1.8715641631,1.2461147018,1.7553190322,1.3810049006,10.16666075,17.504461921,0.1321077455,0.0,0.0,1.0,0.0,0.0,0.1895483343,4.0,0.2237202844,0.1394816701,0.0726397086,87.979864654,-12.19479113,-9.211317135,556.91530823,0.0109914292,15.655371972,0.0005613095,0.0191527779,0.0471190818,0.0324943925,0.1297790803,-0.777168263,4.0,0.0112107623,0.2552559416,0.0349637398,5.0,15.583795362,0.8295316021,0.0,0.0217933953,0.0146110352,0.0215982168,0.2240468175,0.909254655,5.296658e-10,2.905413e-08,0.8953839697,0.8017124533,0.0091305368,0.032360364,0.1281188301,0.0069773022
21928,0.5282812348,0.048993721,-0.829559704,0.0284446586,0.9345673469,0.2787384214,0.0373225789,0.068367604,0.0724521062,0.0012698917,0.085871548,-0.021943669,-0.634807112,0.0800952835,0.0219436688,46.0,-0.002551024,-0.021575514,0.0032279077,-0.009200862,0.0259313442,0.0365892028,-0.0238796,0.0297524499,0.0386881915,0.4193914415,0.0,2.233886588,0.4817277173,1.8980147511,0.5774456068,4.5006897333,8.5517322157,0.0940440277,0.0,0.0,0.0,0.0,0.0,0.1550599117,6.0,0.7114060673,0.0452742032,-0.025583794,0.0885356386,0.0145041526,-0.103508332,-6673.420698,0.0260918659,15.486569421,0.0007259574,0.0135941916,0.0375604615,0.0041521584,0.041310969,-0.044049779,3.0,0.0,-0.220780706,0.0045192041,4.0,15.894892583,1.0199239173,0.0,0.0235873796,0.0142480208,0.0192790447,0.2269732515,1.0123715842,4.742309e-10,2.4913469e-08,0.7332087043,0.5375950041,0.0835473038,0.0316389431,-0.009445199,0.1163368332
56573,0.0492652829,0.0326628361,22.17698752,0.0216513252,0.1925078485,0.1947380279,0.2187476048,0.0361029997,0.3631537032,-0.009693558,0.0325635488,-0.045501956,-0.330962541,0.0434730113,0.0455019557,46.0,0.0016297262,-0.044444444,-0.108795804,-0.112625754,-0.007054899,0.2142498746,-0.026822753,0.0266126891,0.0512227363,0.3942257879,0.0,2.5195056006,-0.132094185,2.0602549247,-0.127964412,4.9040561622,4.7974055704,0.2072911558,0.0,0.0,0.0,0.0,0.0,1.7402511566,4.0,0.0966886789,-0.010067727,-0.045347583,-0.407225408,-0.345253147,-0.008751415,55939.155635,0.0376507894,17.934199854,0.000669344,0.0410141207,0.1815340909,0.0038392018,0.128053103,-0.00979271,0.0,-0.000629144,0.0395109185,0.018342359,5.0,17.744540221,0.7496256672,0.0,0.0343792625,0.0156119054,0.020840501,0.2170624617,0.8748341127,5.733721e-11,3.2747127e-08,0.8092027043,0.6548090166,0.0053845568,0.0249368545,-0.125319873,-0.028114825
12431,0.1848444177,0.0281895165,6.4687891061,0.0146457404,0.3383665094,0.3592836384,0.1116155017,-0.113974517,0.2008559313,0.0021107404,-0.110038771,-0.023690134,-0.468481375,0.04139578,0.0236901343,46.0,-0.02706409,-0.3,-0.249667147,-0.050770383,-0.019379204,0.1640602786,-0.010956863,-0.078517297,-0.118319665,0.3591968199,0.0,1.5915554634,0.2446090696,1.3174767798,0.4218513553,3.7857381683,5.4278305587,0.1016238784,0.0,0.0,0.0,0.0,0.0,0.5321289009,4.0,0.1035485752,-0.107067769,-0.300903139,-0.271646273,-0.493815497,-0.010828646,26035.728915,0.0376507894,17.301956479,0.0003846282,0.0228096726,0.0648878014,0.005470171,0.1504653284,0.0504896373,0.0,-0.000347524,0.272705895,-0.001897958,5.0,17.787041178,1.4014994726,0.0,0.0321244746,0.0181825687,0.0271651902,0.3671728342,2.5924402266,7.849208e-11,1.793227e-08,0.9505817341,0.9036056333,0.0085345972,0.034777222,-0.268915445,-0.028114825
14855,0.2669662639,-0.126558935,-7.17894592,0.0,3.1870540288,6.6676170768,0.0735014135,-0.108533267,0.3302498145,0.0088132543,-0.100873623,-0.179778219,-5.223404255,0.5345095441,0.1797782195,40.0,-0.07239251,-0.133333333,-0.229918251,-0.118427143,-0.010409468,0.1016789285,-0.011242063,-0.070195399,-0.195828505,0.5301595361,0.0,2.0913570887,-0.196298006,0.9456027293,-0.133975084,55.4656,8.8955606877,-0.006800194,0.0,0.0,1.0,0.0,0.0,3.4333719583,3.0,-0.075550051,-0.275485881,-0.113647589,1.3040817855,-0.4973906,0.546989954,-3164.131991,0.0624291911,14.161426061,0.0192380849,0.02225506,0.1734729494,0.4700038162,0.0168032787,0.0013214182,0.0,0.0691513247,0.7482313427,0.0171745386,3.0,14.773896396,1.6257715251,0.0,0.1015538201,0.0421733642,0.0545496007,0.3189629731,2.2185388398,2.7707156e-09,1.2361315e-08,1.8282311433,3.3424291134,0.0055013645,0.0747167665,-0.260183934,0.1631852225
46463,0.5795718442,0.0511524616,-0.224759631,0.0120135296,1.2906965406,1.6304006133,0.0797602381,0.0605321543,0.2797114189,0.0086229935,0.0237267536,-0.016017541,-0.56892994,0.0802546285,0.0160175406,47.0,-0.01006066,-0.094594595,-0.056861786,0.0963020295,0.0550005623,0.1196239879,-0.029636573,-0.054353858,0.1528341743,0.3716429733,0.0,2.5699519972,0.0369020442,1.6806329895,0.2272698646,8.578208291,7.7021546519,0.0695341044,0.0,0.0,1.0,0.0,0.0,0.8886782994,7.0,-0.027530401,-0.242683989,-0.19575716,0.0510154243,-0.651659492,0.0458355316,-2362.953365,0.0495151733,13.867578951,-0.001433622,0.0049531853,0.016074546,-0.064961092,0.1016234209,-0.082668134,0.0,-0.00203252,2.405578798,-0.099821738,3.0,14.243022024,1.3062958807,0.0,0.0702549443,0.0252941282,0.0351251646,0.3897624761,3.1328536572,2.2970861e-09,1.4474679e-08,1.3979227602,1.9541880435,0.0598393816,0.049447892,-0.271493418,-0.010696088
59328,0.4004470253,0.1032718278,3.4956618539,0.0275141173,0.3560478975,0.3847776169,0.1664834825,0.1213486273,0.4075913393,-0.053146853,0.2240380532,-0.100029349,-0.693095363,0.1748490528,0.1000293493,46.0,-0.002189113,-0.001805054,0.0820120892,0.1315272799,-0.027431488,0.2140134294,0.1073109398,0.0379493715,0.0455976466,0.4203828377,0.0,1.9087420215,0.3631689394,1.568312192,0.5554143144,3.2587152124,10.591267682,0.5062405475,0.0,0.0,0.0,0.0,0.0,0.705499071,4.0,0.1435923156,0.0577685568,-0.039386731,-0.003015272,-0.171361593,0.1571350746,186001.93561,0.0642905452,18.998638769,-0.005025437,0.0441341035,0.0800755806,0.0039641929,0.2062073564,0.098701049,2.0,0.0114489489,1.6485586538,-0.102509683,8.0,19.733784695,1.8187462297,0.0,0.0358248316,0.0246441226,0.0267447225,0.2703656037,2.7319912167,1.218248e-11,1.4033216e-08,0.7204220226,0.5190078907,0.1735570512,0.0377274813,0.0403108016,-0.091892872
44768,0.5301182521,-0.116773165,-0.384578809,0.0090345016,1.5901258499,1.7910911535,0.0782521086,-0.082244533,0.321303764,0.0042454122,-0.071454912,-0.139974204,-2.655382391,0.1933042411,0.1399742036,38.0,-0.018217994,-0.110034602,-0.178527046,0.0333986705,-0.001558562,0.1047086855,-0.046572892,0.0261389453,-0.113155279,0.4385055907,0.0,2.5628246249,0.2309515961,1.379560269,0.2330758674,10.705772758,7.8878236064,-0.023665893,0.0,0.0,1.0,0.0,0.0,1.1669871429,3.0,-0.081992595,-0.076751561,-0.044803526,-0.333923147,0.0187221973,0.0612453935,-1062.812008,0.5623720727,13.531650898,0.0027431985,0.0082883709,0.0326563087,0.0380749276,0.0719872607,-0.028858702,0.0,0.000660066,0.1314311317,0.0909594139,4.0,13.422546789,0.6724682037,0.0,0.0444797017,0.0242489487,0.0371898649,0.4120897812,1.1768646626,9.2622864e-09,3.5984319e-08,2.0554690255,4.2249529147,0.0102308261,0.049349214,-0.234939265,-0.192209948
12490,0.1833008867,0.0489555847,1.0035138102,0.0515898063,1.2035900919,0.6551736311,0.0679612336,0.0248708817,0.2733168623,0.0062483796,0.0308153139,-0.082399556,-2.30794401,0.1619423331,0.0823995561,46.0,0.0014278436,-0.019001702,-0.045717915,0.1622946018,0.0266395263,0.4546380551,0.1259776622,0.0069520192,-0.011707692,0.2366617384,0.0,0.9823421706,-0.036041588,0.9362161078,-0.040887925,5.157267951,3.8273979724,0.0915460977,0.0,0.0,0.0,0.0,0.0,1.9120963485,5.0,-2.987030523,0.0086442355,-0.233826133,0.1054316922,-28.10511448,0.1643352796,97768.866296,0.03476008,18.5937747,-0.002283816,0.0070633591,0.0472609607,-0.034576741,0.0582953111,-0.009562675,2.0,0.0,2.1779849615,-0.098583212,5.0,18.64834135,1.122179294,0.0,0.0710028186,0.0197814788,0.0217750225,0.4971030183,3.8623464505,1.442843e-11,1.8267983e-08,0.8040237388,0.6464541726,0.0140214485,0.0282865237,0.2311799836,-0.054879185
40272,0.5422357134,0.031207482,3.2450412584,0.0279111022,0.6130254429,0.4368228692,0.0567664584,0.0201890346,0.1670615141,0.0014140298,0.0253295817,-0.026142304,-0.965977292,0.061353201,0.0261423036,46.0,0.0006547683,0.002341235,-0.010864608,-0.104519009,-0.001764561,0.1843165513,-0.035781881,0.0196221822,0.0150948064,0.2230233385,0.0,1.607268588,-0.15216689,1.0127208432,-0.136050618,7.7404999117,4.5277673386,0.0977143026,0.0,0.0,1.0,0.0,0.0,0.3358389746,4.0,1.3996676798,0.0027542513,-0.175663324,0.2983837747,5.7564104831,0.148100564,5892.6812989,0.0232852488,17.246285165,0.0025777635,0.004747455,0.0089150315,0.0529689788,0.0197257279,-0.603283345,2.0,0.0,0.5494845939,0.0774525525,5.0,17.720767408,1.3635316031,0.0,0.0286262762,0.019003302,0.0279231276,0.3419245219,2.1412651029,1.012844e-10,1.8654357e-08,0.9840072952,0.968270357,0.0585063399,0.0371057822,-0.21670261,-0.24467985
45306,0.413585136,0.0239588446,0.6933814607,0.023322452,0.4383670127,0.1919825356,0.0740875863,0.0026009843,0.0912540429,0.0037458063,-0.00737708,-0.073514794,-2.648735519,0.0874194872,0.0735147941,40.0,0.0,0.0554414784,0.1065488373,-0.197012625,0.0353446804,2.0734022412,-0.06595507,0.0012486958,0.0155103295,0.6264120679,0.0,3.4719774684,0.0438424563,3.4719774684,0.0438424563,0.386113546,4.1541710543,0.1529519723,0.0,0.0,0.0,1.0,1.0,0.1395955917,7.0,0.3239101585,0.1530294235,-0.041890484,88.029036016,-10.02144217,-9.174627972,-1618.178832,0.0109914292,14.37737305,0.0104212512,0.0175194027,0.0372458942,0.0269073402,0.5304596228,-0.061869929,1.0,0.0058979652,0.4446398542,0.0349498091,6.0,14.48136628,0.9525537199,0.0,0.0336580649,0.0177471688,0.0230785588,0.3158053404,1.3848545476,1.943409e-09,2.5419223e-08,1.1597807762,1.3450914489,0.0659389277,0.0357281827,-0.11591008,0.0069773022
21573,0.4018269462,0.0246601207,-2.859281479,0.0418505783,1.2202155164,1.0529155274,0.0639686264,-0.052373697,0.137372651,0.0025502657,-0.073894304,-0.079123779,-5.350622407,0.1566071151,0.0791237786,46.0,-0.004847444,-0.033333333,-0.080264569,-0.011111288,-0.082212662,0.099022099,0.0525569619,-0.004003466,0.0182808246,0.3502421338,0.0,1.3563495896,0.7663802608,1.1088845968,1.1637138849,34.588235294,6.01930389,0.0712860109,0.0,0.0,1.0,0.0,0.0,0.5183456502,5.0,-0.017218064,0.066862,0.0104553539,-0.636189942,-0.381048236,-0.016195954,10722.904801,0.0738375305,16.66909247,0.0002826633,0.0137369626,0.0517241379,-0.009652588,0.1228665468,0.016669186,3.0,-0.002682403,0.7306750346,-0.062553931,4.0,17.522170806,1.8402139786,0.0,0.0290876962,0.0152622276,0.0244642177,0.3132555562,2.4873868059,9.072726e-11,1.6130653e-08,0.8284083879,0.6862604571,-0.021098683,0.0357932172,0.0314745216,-0.133267297
53065,0.314880365,0.0381880816,-1.790327621,0.0437787036,1.6321244538,0.9855374741,0.0673219982,0.0163813451,0.0761383289,0.0100775194,0.0165361478,-0.083593615,-4.261179151,0.2009143386,0.0835936147,46.0,0.0,-0.075506446,-0.11351785,-0.018129093,0.0192945555,0.1404136065,0.1860790279,-0.014950512,0.0429050038,0.4587589163,0.0,0.9777777778,0.0502078258,0.9777777778,0.0502078258,3.6113989637,1.3899584286,0.0431144242,0.0,0.0,0.0,0.0,0.0,0.4176663424,5.0,-2.964884299,-0.015537805,-0.290330877,0.2370111705,-28.40651761,0.203307285,-5404.325344,0.03476008,16.368930225,0.0099659714,0.0138496799,0.0783244637,0.0288568556,0.1398460009,0.1095548759,0.0,0.0040905372,0.4737870021,-0.034237713,4.0,17.389266937,2.1283387186,0.0,0.0399437994,0.0191601468,0.0274972407,0.2627011689,2.252817956,1.173601e-10,1.2840048e-08,1.3533351382,1.8315159962,0.0135090459,0.0324571518,-0.263474763,-0.054879185
45728,1.0832988427,-0.091765938,-3.101014739,0.001343391,1.9863204504,2.7604057236,0.0104700583,0.1101421621,0.3046134022,0.0229041649,0.1260554442,-0.055833162,-1.775,0.0711186018,0.0558331623,37.0,-0.005579201,-0.128205128,-0.083273705,-0.059211653,0.0182194957,0.1057651109,-0.373530475,0.0413612541,0.082102711,0.3579236983,0.0,1.6253852231,-0.001335133,1.1241221255,0.0442701351,8.0788713936,6.2255861948,-0.024162769,0.0,0.0,1.0,1.0,0.0,0.7489725006,4.0,51.946325761,-0.004306865,-0.209110898,1.2806983881,0.0793648254,4.164304914,-7214.452501,0.0357482652,10.971405534,-0.000222493,-0.023370177,-0.0810246,0.0737429508,0.0798802707,-0.030760287,0.0,0.0147058824,-0.016656841,0.0581786388,6.0,12.716032331,4.301781456,0.0,0.0563380606,0.0319117613,0.0684353992,0.3483199588,5.6519883468,3.2775766e-08,6.1786954e-09,1.655393496,2.7403276265,-0.002698661,0.1029651914,-0.211032989,-0.145662284
82694,0.4098791247,0.0265462123,0.4527910204,0.0035535259,0.6011592977,1.7566073337,0.1171470937,0.0483363759,0.3109610095,-0.026040555,0.0858471791,-0.136124828,-5.065501756,0.1610160972,0.1361248279,45.0,0.0014186092,-0.083333333,-0.041151608,0.0123821241,0.0785132668,0.266290048,0.1614834677,0.0069396513,-0.002170982,0.5164870588,0.0,1.4427190426,0.0515009732,1.3385720995,0.062812016,9.7359793794,4.5768062573,0.0828659141,0.0,0.0,1.0,0.0,0.0,0.7257884027,6.0,-0.013761474,-0.1441762,-0.233723032,-0.074314185,0.2027672825,-0.004510255,1801.1771973,0.1804201449,15.539682571,-0.007584496,0.0194304884,0.0477116445,0.0519468793,0.1255541681,0.0044137594,5.0,0.0008667013,0.0642030016,0.0142215639,2.0,15.84192958,1.3518634391,0.0,0.0216533821,0.0182744421,0.0270641972,0.2495345074,1.9171692691,2.619403e-10,1.3169962e-08,1.1427113587,1.3057892493,0.029450604,0.0283314907,-0.137797624,-0.081003489
22111,0.1527329864,0.0355149209,10.801895516,0.0252978038,0.2694055598,0.1993315362,0.1250492622,0.1088329276,0.3901399878,1.8993302e-06,0.1359597789,-0.053045198,-0.59956504,0.0568084258,0.0530451985,46.0,0.0019481574,0.0317700454,0.0063978357,0.0688935197,-0.008457418,0.3658302135,-0.028402137,0.024339369,0.0640143936,0.2891912701,0.0,1.2057750688,-0.042176645,0.9858800273,-0.022006143,3.2790946992,6.083087802,0.2091264717,0.0,0.0,0.0,0.0,0.0,1.0302836677,3.0,1.4108401391,-0.015024213,-0.146234513,-0.091118952,5.9004807521,0.1435557888,214588.83666,0.0232852488,19.277947544,-0.003895883,0.0207832691,0.0527019258,0.0053064083,0.1729696253,-0.017838327,0.0,0.0013622291,0.1744016574,0.0155551317,6.0,19.581343677,0.6310737267,0.0,0.0305077005,0.013401113,0.0165194298,0.2646371466,0.8647262172,6.354843e-12,3.5191295e-08,0.3664863092,0.1343122149,0.2234275003,0.0234163029,0.109291477,-0.24467985
46886,0.0681900109,0.0419589899,17.139110804,0.0113337153,0.1392140563,0.1396834949,0.3183197973,0.1068069259,0.4758529132,-0.017271213,0.0449362399,-0.010918474,-0.051356595,0.0441138607,0.0109184739,41.0,0.0270465822,0.0896226415,0.191565411,0.0348158672,0.0330537861,0.4143463331,-0.201348115,0.0514461269,0.2671732527,0.4638768235,0.0,2.7083372361,-0.025394335,1.959307293,-0.024074857,2.7735710489,4.9542287282,0.3550566634,0.0,0.0,0.0,0.0,0.0,1.5977075317,7.0,3.9429142716,0.0615639103,-0.088957835,-0.206850911,-2.939015886,0.1357197824,41247.978691,0.0345323743,17.679283372,-0.03706938,0.1040214294,0.3163286212,0.010740978,0.2354836421,-0.004197873,6.0,0.0004484171,0.3903643026,0.0356034916,7.0,18.543239868,1.9485353078,0.0,0.0571192913,0.0323617561,0.0417995721,0.2256292957,2.315152916,5.894437e-11,1.1806758e-08,1.2099423425,1.4639604723,-0.014306604,0.0454135072,-0.327803493,-0.145662284
12558,1.0156242138,0.0038446139,-7.135324078,0.0763107391,1.2731487274,0.3779998506,0.0403825717,-0.02945103,0.0764459188,-0.000299788,0.0035397779,-0.060644631,-37.23529412,0.1469999419,0.0606446315,43.0,-0.000314788,-0.05069457,-0.114240291,-0.058035911,0.0085453862,0.0598799081,-0.087321915,0.0031824373,-0.068342126,0.3009214011,0.0,0.6312573906,-0.005740367,0.5626724478,0.0009171551,9.6774193548,9.0487238979,0.058036225,0.0,0.0,0.0,0.0,0.0,0.1207397309,5.0,0.552959247,0.0428561923,-0.05470285,0.5758786177,-0.34916622,-0.036603673,19433.106632,0.0260918659,17.532847093,-8.3541e-05,0.0070537941,0.0161180033,0.0238576759,0.0040063182,0.3873889878,1.0,-0.000597729,0.3008136313,-0.050296277,2.0,18.286003198,1.631566359,0.0,0.0222826004,0.014916255,0.0218448686,0.2757130376,2.0398334652,3.857487e-11,1.5709049e-08,0.9672176374,0.9355099581,0.0086356209,0.0338037313,0.1035115713,0.1163368332
46923,1.1282864112,-0.026904898,-76.44178715,0.0,1.1905765943,0.6765606061,-0.166242057,-0.125917206,0.1142502125,-0.002501251,-0.186631958,-0.086984034,-8.072107081,0.1902743208,0.0869840339,46.0,0.0,-0.445086705,-0.443966011,0.0531788357,-0.086687903,0.1474774016,-0.134861244,-0.034817867,-0.029865953,0.54055371,0.0,0.6310906516,-0.39996552,0.6310906516,-0.39996552,58.472891566,8.0652264229,0.2263576205,0.0,0.0,1.0,0.0,0.0,0.2427532613,3.0,9.1050835663,0.0409102698,-0.356950995,8.7411873236,-4.027922589,-3.062616705,-1672.073112,0.0340789314,11.947055772,-0.007465941,-0.005858794,-0.01246971,0.0480065096,0.0179247989,0.3937557051,1.0,-0.065782566,-0.644571563,0.0139179323,6.0,11.446818003,0.4801687764,0.0,0.0946508124,0.0303908033,0.0238356492,1.3545403595,2.7416235757,2.3825274e-07,6.6016915e-08,1.3628832728,1.8574508153,0.0095346267,0.1053984416,-0.497120183,0.818494895
47002,0.4712911576,-0.044471103,3.6793077113,0.0139915332,0.3535482386,0.495297118,0.0372021293,-0.079319606,0.1977084351,-0.004166816,-0.060069728,-0.063774155,-1.233821734,0.0103983105,0.0637741548,46.0,0.0210755665,0.0879045997,0.0300036239,0.0944921362,0.0220403724,0.1953229757,0.1756019543,0.0812414593,-0.093250502,0.4147670755,0.0,2.6179622787,-0.429738169,1.8077071257,-0.527315411,6.0576920107,2.9301471687,-0.046264762,0.0,0.0,1.0,1.0,1.0,0.3173789665,4.0,-1.52212871,0.2385105829,0.0845653956,0.0518696841,-0.518859921,0.0879523819,-16129.41675,0.0629453635,13.899518713,0.0026687253,0.012055085,0.0188228621,-0.034355548,0.0994172055,-0.001136428,4.0,0.0025231287,0.3714383493,0.0783029268,2.0,14.359743666,1.2585483833,0.0,0.0337711647,0.0242123665,0.0295230835,0.275633396,1.5810077435,2.5159501e-09,1.6196027e-08,1.4357992782,2.0615195673,0.0014450543,0.0394584339,0.4227667082,-0.107827317
24053,0.6935826641,0.0491036894,-35.98466618,0.0369290241,1.4609836677,0.3902087459,0.0464631941,0.0438444866,0.0817142043,0.0008648038,0.0554025679,-0.042775853,-1.836487142,0.1392819837,0.0427758534,46.0,0.0008626746,0.1117608837,-0.045534015,-0.16253842,0.0663092382,0.0435712482,-0.016479062,0.0570875311,0.0188406304,0.4307838708,0.0,0.6894897699,0.0973490179,0.475337465,0.1259920743,33.908902692,7.7510648367,0.0836466454,0.0,0.0,0.0,0.0,0.0,0.2009122832,6.0,0.704290635,0.0408323617,0.1077526037,0.253837068,0.1882489719,-0.044321632,1072.4353118,0.0260918659,16.560190494,0.0002678452,0.0160449573,0.0500111284,0.0069342574,0.000897733,-0.026420813,1.0,0.004340836,0.0668306272,-0.003756842,4.0,16.853967818,1.3131658227,0.0,0.0221482161,0.012560845,0.0167600097,0.251617912,1.1048766054,1.361401e-10,2.455284e-08,0.7844962175,0.6154343153,0.0777533669,0.0339396014,0.0699183621,0.1163368332
26825,0.1454182712,0.0584570236,24.529510184,0.0365414808,0.6710174726,0.6434478132,0.1021306568,0.0245957641,0.2968572079,0.0068746834,0.0077192982,-0.041338583,-0.587529976,0.0928022772,0.0413385827,46.0,0.0032620922,0.0,0.0141405214,0.0388867143,0.0167017087,0.1095859071,-0.05968952,0.0366089729,0.1328722242,0.2542113803,0.0,0.664757541,-0.074260702,0.4196258114,-0.090715589,31.655172414,8.9590110605,0.1209367354,0.0,0.0,0.0,0.0,0.0,1.8030578813,6.0,-0.086043909,0.0811074482,-11.08010196,-0.007315099,-1.749844677,0.0513986911,5043.4348353,0.0426379215,16.961871495,0.0014269105,0.0168560918,0.0913146936,0.0088513505,0.0239039496,0.0031808904,0.0,0.0023466834,0.3350235623,0.0006015617,8.0,17.408883405,1.4905730601,0.0,0.0173670761,0.0087221492,0.0171670467,0.27991749,1.4954817688,5.549389e-11,1.8925316e-08,0.1813721426,0.0328958541,0.5142390489,0.0289625986,0.1384259451,-0.010149049
47379,1.4881228499,-0.089064709,-7.547977578,0.0037110296,1.6809726856,5.586336484,0.0218906323,0.0327743288,0.3404015158,0.0051150895,0.1174245539,-0.102330193,-3.583333333,0.2300838322,0.1023301934,46.0,0.0,-0.157694885,-0.156770483,-0.143554282,0.0065239299,0.1900161031,-0.359391965,0.0077803757,-0.048635824,0.4672299856,0.0,1.6741573034,0.0529433534,1.6741573034,0.0529433534,20.251121076,3.5578665406,-0.037592233,0.0,0.0,1.0,0.0,0.0,0.6654013444,4.0,-2.976383769,-0.351903428,-0.372519316,1.4102536554,-28.47534632,0.2324767786,-13789.89234,0.03476008,13.408301477,0.0051427855,0.0126688267,0.0279787747,0.2113266799,0.0158730159,-0.003493273,1.0,0.0,1.0715089164,-0.089313142,3.0,14.02953333,1.2592035338,0.0,0.0427835025,0.0224185741,0.0309536496,0.2609033439,1.3792506483,4.9209634e-09,2.2198212e-08,1.1336065023,1.2850637021,0.0508651253,0.0539040422,0.353973019,-0.054879185
44134,0.4426987456,0.0181240362,6.2744609113,0.0222197075,0.4320268933,0.6131157611,0.054060928,-0.122409501,0.2226435356,0.0083330318,-0.266421416,-0.063558413,-3.329683654,0.0784713433,0.0635584127,47.0,-0.016166633,-0.039381466,-0.023266262,-0.29623534,0.0642755315,0.1144194899,0.0369979841,0.018113696,0.0810831907,0.4586469117,0.0,2.2972583072,0.4319159894,1.2082058739,0.1815188201,11.953760865,6.0784663883,0.1180044476,0.0,0.0,0.0,0.0,0.0,0.5221333702,7.0,0.02835596,-0.048036202,-0.263715554,0.0920099561,-2.130765356,0.1718386386,-8096.224628,0.0363924557,14.57534928,0.0065920384,0.0135788617,0.0272245654,0.0290681074,0.0411555902,-0.045066764,4.0,0.0017528484,0.6815517237,0.0044313654,4.0,15.663819552,2.4255064256,0.0,0.0400146917,0.0236455616,0.0356707594,0.3905348653,5.8733665137,6.916745e-10,8.2774418e-09,1.3955484306,1.9475554221,0.0154656688,0.0388061432,-0.345359621,-0.028114825
47619,1.7629770962,0.0618655962,-52.3990095,0.0,3.3938573919,7.3922047924,0.0293716323,0.1869212526,0.1596465274,0.0001858736,0.2579818704,0.0581754804,4.467403824,-0.214513005,0.0581754804,39.0,0.0669229512,-0.050688033,0.1539957284,-0.075617654,0.0377280718,0.1288073038,0.1365269024,0.0928324712,0.0705106571,0.5602765762,0.0,2.3618010339,0.0917555742,1.2779527248,0.1226404123,149.35156925,3.8392213464,0.051337599,0.0,0.0,1.0,0.0,0.0,0.3899114723,3.0,-0.942821151,-0.096706114,-0.775580439,1.6198920085,-2.311852097,-0.096048212,-18772.36352,0.0740556467,10.964604577,-0.00034297,0.0022523394,0.0065882543,0.1365917116,0.003945509,0.0227739758,1.0,-0.012922963,1.1539928765,-0.001455057,2.0,9.8916022176,0.3003159264,0.0,0.012612557,0.0080549293,0.0198906584,0.5889892515,0.7255902668,1.2734051e-07,1.0638568e-07,1.2511663081,1.5654171306,0.0963857281,0.0668478994,-0.094165963,-0.091892872
47715,0.4942604885,0.0152936779,3.2904730711,0.0279229232,0.4226074628,1.1734391957,0.0029998511,0.1510043571,0.5271534975,-0.001029448,0.4485300874,-0.047849101,-2.680420712,0.0562871689,0.0478491013,45.0,0.0106732526,-0.217948718,-0.218244193,-0.076987702,-0.022736908,0.2013165269,0.2475438802,-0.001747496,-0.020939885,0.35141554,0.0,1.3827163708,-0.349564384,0.9116120859,-0.454049529,20.148295032,9.6921714247,0.165186665,0.0,0.0,0.0,0.0,1.0,0.8299522868,3.0,-0.094007449,-0.570535311,-0.282809325,-0.096381003,-0.634775443,0.1176219952,-1769.41259,0.1515446569,12.547378871,-0.011574619,-0.011356403,-0.021066466,0.0210286724,0.0717333857,-0.023817314,0.0,-0.002678571,0.6201777424,-0.033870295,6.0,12.68726715,1.0104180883,0.0,0.0356234349,0.0157314601,0.030549002,0.3044240187,1.2567074239,1.2047565e-08,2.6111174e-08,1.4009947285,1.9627862294,0.0112680899,0.0400549783,-0.036337419,-0.280901789
17750,0.0137069816,0.0514997136,120.29094693,0.0319245673,0.3640451691,0.4190920568,0.2082718744,0.1465680822,0.5169796506,-0.007977789,0.1039840637,-0.083948058,-0.585459184,0.0816506938,0.0839480583,46.0,0.0068889837,0.15,0.037398374,0.0497713302,0.034941474,0.0927522722,-0.206396589,0.0491395668,-3.26553694,0.4299113166,0.0,0.8030420612,0.0987241489,0.5076827565,0.0751934472,63.168316832,8.5637583893,0.1986997412,0.0,0.0,0.0,0.0,0.0,-6.469352964,5.0,0.0200807394,0.0315854426,0.1937886872,-1.024309907,0.037010809,-0.091152376,36847.334201,0.0738375305,17.660865809,0.0007259089,0.0263084086,0.8950381679,0.0073321057,0.0160900141,-0.045968352,1.0,-0.000302024,1.0228519901,0.0156701887,8.0,17.886854945,1.2694219782,0.0,0.0812645406,0.022366272,0.0196206414,0.5036814059,4.1811696492,3.553435e-11,1.6086626e-08,0.3048672354,0.0929440312,-0.015465574,0.027864407,0.1028790662,-0.133267297
59045,0.9911743014,-0.087585535,-14.69245513,0.0,0.9115781113,0.6978048895,0.0234909527,-0.025484542,0.1017568892,0.001317567,0.0476881852,-0.119548413,-2.632531756,0.1429861673,0.1195484131,44.0,-0.006952438,-0.052631579,-0.234988457,-0.47670407,0.0421046591,0.0537521872,-0.036529391,0.0433896679,-0.084401549,0.4840763286,0.0,2.248710389,0.2599413692,1.5842173928,0.438540397,27.028404989,3.6179158988,-0.018984056,0.0,0.0,0.0,0.0,0.0,0.1691643737,4.0,1.2256916478,-0.083374714,-0.651926894,-1.094815877,-5.942979725,-0.248595394,1940.6463475,0.0466779283,15.182903665,-0.008697869,-0.045897797,-0.085350245,0.0355031959,0.0100887181,-0.200168694,0.0,-0.002919099,0.1219938453,-0.060882,4.0,16.124189112,1.9702598121,0.0,0.040152628,0.0226741584,0.0340081159,0.4241974799,5.7034061614,4.902075e-10,1.0308121e-08,1.3496045822,1.8214325283,-0.001092456,0.0416859089,0.4212744198,0.3806159504
48072,0.0979234819,0.0024712235,25.265320863,0.0,0.0337617154,0.0977784101,-0.039898833,0.1658104517,0.3115589017,0.1625928427,-0.090921336,0.0059299853,0.2935222672,0.0017458644,0.0059299853,47.0,0.014804515,0.0294117647,0.0673875055,0.1059975441,0.1062861682,0.0844952593,-0.089697599,0.0302922941,0.291567696,0.5204079547,0.0,7.5774853801,0.632486758,4.7012670565,0.8632636182,2.8123741007,8.7219991075,0.1124673675,0.0,0.0,0.0,0.0,0.0,0.4641726049,6.0,-0.88988311,0.0022892763,-0.69548064,-0.045161606,-2.126260251,0.1202106568,-18642.63078,0.0740556467,10.997697531,0.0,-0.003760827,-0.005057471,-0.005642332,0.2561351323,-0.015758349,0.0,-0.001512654,-0.713553374,-0.030648416,1.0,14.562149236,9.7593280863,0.0,0.0502793491,0.0333667248,0.0653027038,0.6814778666,10.949332204,4.1452298e-08,7.9389749e-09,0.0340767013,4.6389465436,0.6897812352,0.2729889101,-0.461655936,-0.091892872
48144,0.3034453392,0.1017252834,2.7653755941,0.0096211531,0.1403010482,0.4204825688,0.4746606981,0.5187584276,0.6740422126,0.0060593262,0.7074909297,0.0505451968,0.1828325993,0.0831265854,0.0505451968,47.0,0.0417996105,0.2644569817,1.4353697832,0.3149861746,-0.144929851,0.1807910636,-0.250466757,0.0889067161,0.4449151313,0.7436723977,0.0,3.8419609236,-0.294790099,3.3664426288,-0.289755533,2.05148502,3.6032507663,0.9638540113,0.0,0.0,0.0,0.0,0.0,0.9374797162,4.0,0.1537928812,0.5271870973,0.0401228936,-0.04724345,-0.708746983,0.1764938807,-7490.300828,0.0363924557,14.825008639,0.0128583702,0.0948398459,0.1373730919,0.0852338966,0.4618966541,0.0440483071,5.0,0.0176733013,0.5949436122,-0.019075604,3.0,16.340416073,3.0908901291,0.0,0.0647227839,0.0289802624,0.0403051314,0.2257727178,2.9422194326,6.19508e-10,8.5237191e-09,1.1927918272,1.4227523431,-0.026198435,0.0522898106,-0.188371592,-0.028114825
89456,0.6175345152,0.0276259246,2.7069149869,0.025201359,0.7327884793,1.4858679837,0.0380334506,0.6650180248,0.505755734,0.008825991,2.3428043726,-0.096457293,-3.773176551,0.1318634157,0.0964572932,37.0,0.0879534029,0.2453358209,0.0329037368,-0.418883912,0.0064897326,0.1933967862,-0.213406508,0.1482384493,0.0435163087,0.3459272926,0.0,1.7632837295,-0.28840623,0.9318992877,-0.314537884,138.30499562,5.3529850746,0.1386254166,0.0,0.0,1.0,0.0,0.0,0.6908194113,4.0,-0.953403917,-0.259507625,-0.479556584,0.4744494275,-2.726093546,0.2503282081,-18630.12258,0.0740556467,12.163423209,0.0040595176,0.010923189,0.0238850347,0.1764538312,0.0085784477,-0.04419704,1.0,0.0,1.5895271572,-0.027268928,3.0,11.505538247,0.5351341212,0.0,0.1948717684,0.0510097462,0.0475404156,0.8360236003,3.1929243101,6.3092319e-08,3.3433651e-08,1.4172136292,2.0084944707,0.0416857021,0.0628915468,0.0697764517,-0.091892872
49488,1.4810162327,-0.625268141,-28.71697491,0.1143489518,6.3783995818,3.5481045723,-0.026499566,-0.032326464,0.074382929,-0.00225456,0.0417125072,-0.055465729,-0.959409475,-0.025379962,0.0554657294,46.0,-0.003490537,-0.033726813,-0.037674966,-0.10299468,0.1420945545,0.0758292548,0.0563423052,0.0098531083,-0.399808453,0.5205638373,0.0,1.2076984016,-0.046745739,1.0252761079,-0.015349083,21.600836203,8.2563512021,0.0123926849,0.0,0.0,1.0,0.0,0.0,0.1221723346,2.0,1.4144014444,0.0183025615,-0.211731371,1.2371642939,5.788164781,0.0613674008,-5647.435501,0.0232852488,14.466566828,0.0012982218,-0.00850703,-0.020577877,0.0764097868,0.0305757605,0.0631278893,0.0,0.0073457395,0.0496589515,0.0075819828,5.0,15.461813418,1.955056347,0.0,0.118711412,0.0578970971,0.0873667673,0.4207653278,4.3260131443,1.9623527e-09,1.0434027e-08,1.5868116914,2.5179713439,0.0066024363,0.1331505119,0.4594727238,-0.24467985
12781,0.7641152842,0.0859242293,-105.4894458,0.0476583782,2.1151844495,0.7069695049,0.0493610101,0.135320099,0.0804858516,0.0014143998,0.170221328,0.0024889758,0.0806036069,0.0789984265,0.0024889758,47.0,0.0128994863,0.0354451577,0.2048614854,-1.149264057,-0.003883756,0.0416528215,0.0017788571,0.0688613309,0.0595974214,0.3563980805,0.0,0.8185661879,1.0085779199,0.6289249518,1.2837335008,454.11939356,3.7489518699,0.078168963,0.0,0.0,0.0,0.0,0.0,0.242204973,5.0,-13.70088801,-0.011481939,-0.195951831,0.3966921186,-1.314028196,-0.053386669,-9706.133762,0.0264525406,15.141208617,0.0005339028,-0.001113198,-0.003670609,0.0121122487,0.0004595785,0.4811603458,0.0,0.0067015364,0.6999398423,0.0227395796,2.0,15.664785398,1.6141744369,0.0,0.0201174822,0.0132945351,0.0235001798,0.3304745597,2.8990601998,3.19836e-10,1.2515893e-08,0.731136627,0.5345607673,0.1250246493,0.0300958899,0.3330881124,0.1163368332
48486,0.0650003985,0.0421508882,14.302676879,0.0080376466,0.1063890145,0.1577361747,0.4314314342,0.0915654026,0.484666201,-0.01947279,0.0522001997,0.0210366101,0.0819491984,0.0386966567,0.0210366101,38.0,0.0518383529,0.2477876106,0.4561009866,0.0129502341,0.0065628596,0.2033490313,-0.043812952,0.0830397759,0.1652382777,0.6389576423,0.0,3.3029552985,-0.037603457,2.540655019,-0.102623078,2.5529421108,4.8328063097,0.4374993568,0.0,0.0,1.0,0.0,0.0,1.3238644646,6.0,0.0388442543,0.1727066978,0.0234535226,-0.285688391,-0.934509734,0.132063952,81625.761192,0.0363924557,17.983847248,0.0043043744,0.0742343768,0.1957370502,0.014067241,0.2962710863,-0.05361502,8.0,0.0004041114,0.5002973033,-0.023416883,5.0,18.923370233,2.0603347391,0.0,0.0606637597,0.029742475,0.0402954656,0.2425145848,2.7349968072,3.576394e-11,1.0190922e-08,1.4195239832,2.0150483388,0.0043929581,0.0495174636,-0.082057778,-0.028114825
48523,0.1582624555,0.0267163517,22.600482891,0.0152477967,0.0484536549,0.2753750246,0.1985381558,0.1086542246,0.4267314842,0.0002543235,0.2289184158,-0.030417666,-0.223821769,0.0326960528,0.0304176664,47.0,0.0351631165,0.0,0.0994306004,-0.030967534,-0.026658925,0.1096086825,-0.054537298,0.1379398864,0.0764036768,0.4828933246,0.0,2.4348763533,-0.202760667,1.7341352208,-0.271535584,7.8012655872,14.985821833,0.7892462692,0.0,0.0,1.0,0.0,0.0,0.5409664241,3.0,0.0685434273,-0.03585328,-0.072503113,0.0873005888,-0.683232014,0.0269900885,-10267.13359,0.0431411127,15.26732665,-0.001949495,0.0278356647,0.0363578356,0.0092136591,0.1166575198,0.0198286367,0.0,-0.001184764,0.9133522069,-0.051016788,6.0,14.99942267,0.762057021,0.0,0.0382836536,0.0146775022,0.0191205019,0.3063914325,1.4797624207,6.524806e-10,2.5545555e-08,0.3958321336,0.156683078,-0.029303765,0.0298548178,-0.005880552,-0.010149049
48961,0.2653873652,0.0327620791,7.1698652649,0.0,0.2902304425,0.7621817086,0.0928064941,0.2537555826,0.9369463237,0.0018796992,0.3884141536,-0.075596929,-1.152319195,0.0705144518,0.0755969292,46.0,0.0258804991,0.0790960452,-0.051765848,-0.197789585,0.0002275732,0.27279759,0.2865417649,0.0592528457,0.1335265414,0.4221635792,0.0,1.4598908108,-0.219037569,0.8285626818,-0.06625347,11.962539553,7.8982590138,0.1894316356,0.0,0.0,1.0,0.0,0.0,1.7674373385,6.0,-0.014754608,-0.217465744,0.0987817896,1.3025028869,-0.233222146,0.0829948616,-3222.752361,0.0624291911,13.52407124,-0.002069495,0.0050096512,0.0093584318,0.0921009894,0.0300867987,-0.014794513,2.0,0.0,-0.021015543,0.001265811,4.0,12.100396882,0.1737848281,0.0,0.0721621141,0.0337132551,0.0442368614,0.5457339405,0.3943825509,5.5426679e-08,1.4225595e-07,1.0681383891,1.1409196184,0.0615764358,0.0527726991,-0.21769394,0.1631852225
50286,0.4092570625,0.1708956688,-6.741614583,0.0,5.9016796003,5.9601523953,0.0711953549,-0.023732231,0.5022562169,-0.85100486,-0.119545928,-0.031966353,-1.197849462,0.3756029538,0.0319663529,47.0,-0.00144881,-0.086050241,0.2858314833,0.0487122012,-0.048503335,0.2876238687,0.4052996716,-0.053258061,-2.728709923,0.1846582945,0.0,0.7682243123,0.0173622971,0.7237615093,0.0298222676,30.432329963,12.212217612,0.0781009471,0.0,0.0,1.0,0.0,0.0,-6.469352964,7.0,-0.017391662,0.0194705688,-0.072142935,-0.23149085,-1.189080186,0.242731571,-3649.012081,0.0985382656,11.87470199,-0.004730012,0.0058358197,-0.452869434,0.0161032697,0.0309548563,0.0134980609,2.0,0.0493223576,0.4209002556,0.1976380767,2.0,12.140660572,1.2518742307,0.0,0.04509978,0.0254502682,0.0487869654,0.4416923038,2.9926322456,2.8302108e-08,1.8342932e-08,1.1938373483,1.4252476143,0.3279874057,0.1031316067,0.4496890399,0.1210215137
60943,0.2365947247,0.042150564,8.8609343651,0.0369753736,0.5726246046,0.7286463813,0.0909503701,-0.012955735,0.2107383108,0.0060698027,-0.040012557,-0.074187077,-1.433764136,0.1025845309,0.0741870768,46.0,0.0018390036,-0.072727273,-0.099379274,-0.051567144,-0.035022909,0.1943157895,0.0681994644,0.0083672452,0.0592987805,0.339337926,0.0,1.6024850895,-0.033049599,0.9608349901,-0.01070451,12.267698481,7.5943931867,0.1258663871,0.0,0.0,0.0,0.0,0.0,0.7105945122,4.0,0.0850301475,0.064497023,-0.044867994,-0.46289192,-1.096810765,0.0279159778,4105.0816576,0.1460543126,15.377879696,0.0012650628,0.0188734199,0.0633554947,0.0186570408,0.0448319994,0.0122347377,0.0,-0.002007136,1.82922289,-0.091062158,5.0,16.076595279,2.075791155,0.0,0.0348577797,0.0182944118,0.0294808104,0.4828471302,7.4920093209,3.224597e-10,1.0317525e-08,1.3308612816,1.7711917509,0.0679738713,0.0429960229,-0.182233141,-0.280901789
50876,0.0368566639,0.0404635422,33.41812827,0.0182022896,0.26659867,0.1603189099,0.1244452654,0.1870127093,0.5155538473,-0.001031375,0.1153661136,-0.007120644,-0.049388895,0.0424619918,0.0071206436,46.0,0.0183800594,0.0408921933,0.0994780349,-0.150905435,-0.017724721,0.1374583904,0.1103678728,0.0375603585,1.1641029575,0.3314721861,0.0,1.3990273683,0.2016271129,1.0801339572,0.2091372076,6.6660690517,3.5416077356,0.1908937152,0.0,0.0,0.0,0.0,1.0,7.6314780007,5.0,1.4615137119,0.0513306729,-0.137112365,-0.206995275,6.2860411578,0.1292093548,147322.20498,0.0232852488,19.277947544,-0.002129887,0.0232194775,0.1722580845,0.004927736,0.0793844813,-0.016984629,0.0,-0.000173123,0.2285901958,0.0261306888,7.0,19.123868752,0.6333438579,0.0,0.0456426069,0.0202837237,0.0251704704,0.3264780665,1.0983183553,1.698057e-11,3.5859827e-08,0.4080831342,0.1665318444,-0.183966947,0.0416214453,-0.249293286,-0.24467985
81678,0.1138382649,0.0297284126,20.865508844,0.0170804056,0.2198390982,0.3829940903,0.1528541797,-0.023937116,0.4017517617,-0.015695141,-0.01799649,-0.06199631,-0.70468913,0.0506777019,0.0619963096,39.0,-0.005331152,-0.027272727,-0.115831,-0.084928167,-0.011854467,0.1422969901,0.0143587162,0.013146436,-0.035323868,0.4542370469,0.0,2.024469969,0.0599386713,1.3305784522,0.0989425515,10.321091111,6.7123356926,0.1863299201,0.0,0.0,0.0,0.0,0.0,1.1350669541,4.0,0.0876664174,-0.026085853,-0.028175866,-0.342652426,-0.218773724,-0.001546724,-1696.374115,0.0376507894,15.87314205,-0.003670351,0.0126384652,0.036941134,0.0180893838,0.0625035766,0.0063401811,0.0,7.76458e-05,0.4364067126,-0.021342104,6.0,16.118802698,1.0438060485,0.0,0.0584339686,0.0193774208,0.0212948251,0.3779741438,2.1759450301,3.262067e-10,2.0640945e-08,0.8584850863,0.7369966434,0.0064581184,0.0233768072,-0.166995655,-0.028114825
21178,0.0607333928,0.0695480648,19.252981013,0.0278374005,0.4510527222,0.66032293,0.1763418688,0.0669500084,0.2097921225,-0.003571429,0.0071014721,-0.026364543,-0.18800813,0.0826236664,0.0263645433,46.0,-0.001506545,0.0363636364,0.0933926302,0.0853443405,-0.056474993,0.1570680628,0.0027785239,0.0230811311,0.9235689159,0.3496749162,0.0,1.3907988229,0.1367207461,1.1363668987,0.1781922165,20.69556962,5.6754317452,0.1837154186,0.0,0.0,0.0,0.0,0.0,2.9996802047,7.0,-1.357063126,0.2287065729,0.0330244323,-0.358688081,-0.121054645,0.1601777378,81326.188256,0.0629453635,18.560357079,-0.004687531,0.011785255,0.094142901,-0.004938799,0.0526011226,-0.005979207,0.0,0.0003767024,2.5706988268,-0.116338936,6.0,19.590830742,1.8595276837,0.0,0.024044225,0.0134710518,0.0260253056,0.2296660616,1.2956466822,1.421279e-11,1.8020249e-08,0.6245389329,0.3900488787,0.1731690619,0.0309650748,0.4341664244,-0.107827317
56223,0.3124888578,0.1263629984,4.1924127103,0.01646011,0.2132217328,0.7060121033,0.4211550941,0.1367847411,0.5286103542,-0.050962526,0.0095923261,-0.081611834,-0.320641283,0.1668801923,0.0816118337,46.0,-0.003060444,-0.0625,0.2069264069,0.0849751874,1.0862178011,0.1100099108,-0.041214436,0.0059945504,0.2452068618,0.6462358581,0.0,3.472027972,0.3686184575,2.5664335664,0.7689542096,5.2112149533,15.152173913,0.7279236277,0.0,0.0,1.0,0.0,0.0,0.9596367306,8.0,0.115861299,0.3520712837,-0.076831805,-0.216199971,-0.592323962,0.0605208435,463.796786,0.0795592663,15.529403305,0.025848961,0.1402619349,0.2316817865,0.0402746223,0.2529166667,0.0437531966,0.0,0.0043995438,0.9471256914,0.134712182,5.0,16.637915724,2.7952483591,0.0,0.0590858273,0.0277820379,0.0450978398,0.2334331114,3.3097932459,3.04461e-10,8.1971649e-09,1.7769514927,3.1575566076,0.0058443238,0.0452071223,0.2020521479,-0.071410172
33849,0.6014894976,0.014642068,0.9513672166,0.0,0.0558153212,0.471359631,0.0783634201,0.1080653798,0.2902312773,0.0687208595,-0.146623497,-0.05380298,-2.297520661,0.0482825217,0.0538029805,46.0,-0.017805303,-0.07253886,-0.023042919,0.0496229974,-0.096950895,0.1646398503,0.0559659366,-0.006068797,0.1396268593,0.7288720515,0.0,9.9443626729,0.4873546938,8.3900500442,0.5846324972,1.2918497637,7.5599223678,0.3733466434,0.0,0.0,0.0,0.0,0.0,0.3258819821,4.0,-0.021220233,-0.102557483,-0.110120537,0.1980272001,-0.700884015,0.0305685435,-16300.79351,0.0642905452,10.953217658,0.0342923876,0.1402619349,0.7787113441,-0.10634353,0.8207114703,0.557733123,1.0,0.4256707759,0.1835408317,0.0103630014,3.0,9.4925411824,0.2133706468,0.0,0.0289991051,0.0191626153,0.0229431062,0.7352450599,0.3753561673,7.3501011e-07,1.654752e-07,0.6315717985,0.3988829367,0.0899615474,0.0568550691,-0.283311206,-0.091892872
66245,0.6726124266,0.1166275869,0.7245612852,0.0282407415,0.5536616922,1.2377886428,0.1210765534,0.1577315301,0.2675700255,0.0363723532,0.1215634201,0.1084720341,1.0628295183,-0.007327655,0.1084720341,41.0,0.1223118156,0.0706521739,0.1846071346,0.0837853084,0.1487500821,0.2981801418,0.1860638264,0.154392761,0.1893014527,0.5944153387,0.0,27.768238168,-0.080534601,4.3600511312,-0.162982179,7.7409280674,53.83505368,0.2391775039,0.0,0.0,0.0,0.0,0.0,0.4667461437,4.0,1.8327623766,0.0473157041,0.0731203699,0.0412862243,-0.468093962,-0.241120866,-1479.321861,0.1021842523,14.781182707,0.0054412482,0.0327383689,0.0625724794,0.0797817895,0.1780004284,0.0024696703,0.0,-0.000428082,0.1451598403,-0.024825325,4.0,15.327137681,1.8848964335,0.0,0.0512114726,0.0284590934,0.0433494903,0.2501576649,2.5506815446,7.756617e-10,9.907312e-09,1.6023245548,2.5674439788,0.074314702,0.0476910436,-0.077145676,-0.280901789
23835,0.5829706637,0.073938948,-7.94632005,0.0319002256,0.9417839712,1.0475222312,0.0644965333,0.0481986407,0.1080331415,0.0006886777,0.0286309665,-0.048021943,-0.967531054,0.1454771762,0.0480219435,46.0,0.0016217146,-0.027322404,0.0367214213,-0.007960358,0.0881383142,0.0539241906,0.0599749316,0.0533240731,0.0814327248,0.4559938569,0.0,1.3879776487,-0.073298618,1.085787351,-0.077051884,92.914000705,6.3304789779,0.1377413844,0.0,0.0,0.0,0.0,0.0,0.2566922563,6.0,0.0143469483,0.1105362441,-0.177712103,0.0987773538,0.1809799206,-0.020049176,2074.9429173,0.1804201449,15.471511739,0.0001478063,0.0167460191,0.0434418886,-0.000211489,0.0066801161,0.0597705439,2.0,-0.00438153,0.4453629683,-0.085188188,4.0,16.306449786,1.8028843396,0.0,0.0140997609,0.0126010332,0.0195553598,0.3320290082,3.7687439817,2.262478e-10,1.2287619e-08,1.0773261034,1.1606315331,0.0252148256,0.0314339861,-0.080189277,-0.081003489
50789,0.3853907085,0.0364928673,18.102306862,0.0204261024,0.5045028936,0.2126886819,0.0373740699,0.0826199617,0.088479697,0.0431233414,0.0421398904,-0.036917733,-0.865902746,0.0680921413,0.0369177326,46.0,0.0009148124,-0.010943912,-0.053127774,-0.077024664,0.0625155159,0.0417872751,-0.040394543,0.0882183676,0.1406186454,0.4777690468,0.0,1.0973832794,-0.221734553,0.8498266344,-0.197158478,11.868868714,6.918679032,0.1330910726,0.0,0.0,0.0,0.0,0.0,0.1853084579,5.0,0.7274458474,0.0243354685,-0.014952192,-0.054354888,0.1372320009,-0.115511474,-8986.791668,0.0260918659,14.850832581,-0.002064921,0.0151675546,0.0346639187,0.0040113161,0.0299886027,-0.086346319,1.0,0.0008163265,0.3712173155,0.0431201404,6.0,14.492741404,0.5005484427,0.0,0.0204285905,0.012036585,0.0202474902,0.3591052632,0.8868565447,1.6647777e-09,4.8583525e-08,0.50616038,0.2561983303,0.1057831804,0.027311325,0.0127735923,0.1163368332
51263,1.3980829773,-0.041497102,-6.328103263,0.0,2.0857181946,3.1359642105,0.0351912124,-0.008777895,0.1804413674,-0.02244523,-0.012142416,0.009934186,0.8376963351,-0.076259071,0.009934186,46.0,0.0072643735,-0.142857143,-0.21302001,-0.444576283,-0.016998455,0.1128838049,0.0792715061,0.022192001,-0.003715745,0.4544641098,0.0,1.9871500688,0.0042806801,0.9015603488,-0.032851684,11.215229215,6.3113248798,0.0190495911,0.0,0.0,1.0,0.0,0.0,0.4045517882,2.0,0.0690016961,-0.151988874,-0.143760281,0.9415922868,-0.319891778,-0.128483498,-8169.367255,0.0376507894,13.053832068,-0.004965743,-0.000118885,-0.000304785,0.0651497721,0.1244959677,0.0484184328,0.0,-0.00280112,0.6189426085,-0.083143721,1.0,13.551733843,1.4925866153,0.0,0.0347957648,0.0271115932,0.0433763681,0.2686735524,1.8815500769,6.4671165e-09,1.5464148e-08,1.1791356819,1.3903609564,0.0072402244,0.0701170054,-0.318800455,-0.028114825
15069,2.0067912812,-0.275717654,-9.733652291,0.0121612198,1.4051909407,0.6105312363,-0.056814221,-0.113064954,0.089552976,-0.00879397,-0.086134454,-0.153084998,-2.015161957,0.2798980738,0.1530849978,37.0,0.0002094186,-0.164,-0.356241234,-0.022016635,-0.100781827,0.1568067973,0.0809299024,0.0459866634,-0.130996462,0.5432814658,0.0,1.328936521,0.0861799668,1.2662819456,0.0710916118,4.3301886792,4.3012048193,0.131981662,0.0,0.0,0.0,0.0,0.0,0.1272113881,3.0,8.6302616967,0.1304406799,-0.075864289,9.6196921935,-4.084376835,-2.972992952,3504.4759084,0.0340789314,16.700676577,-0.000160746,0.0103370787,0.0173029904,0.0555368578,0.0282617563,0.1747830832,1.0,0.0065837601,0.0598318332,-0.027021534,6.0,18.795630894,6.3098593407,0.0,0.0416336693,0.0289684704,0.0427244659,0.1623163412,4.1842233667,5.262999e-11,4.5307905e-09,1.514952214,2.2950802108,0.0768582935,0.0664641617,0.0772781276,0.818494895
51423,1.1909626651,-0.298128123,-27.83161556,0.0122863853,1.8040449312,0.5676047304,-0.141917119,-0.077258006,-0.012183027,0.0038129706,0.0240291815,-0.043077811,-0.450878303,-0.163708621,0.0430778108,47.0,-0.0017135,-0.6,-0.710441328,-0.8185502,-0.358435692,0.0696362112,0.1249799122,-0.02086543,-0.197465543,0.4949235818,0.0,0.4037516749,-0.311304415,0.2961608523,-0.295775364,16.871663827,6.0625414477,-0.066670997,0.0,0.0,1.0,1.0,0.0,-0.052913016,1.0,8.9212793518,0.5271870973,-0.502922569,1.1013138033,-1.102870164,-0.051284547,-11989.67608,0.628146637,12.857785141,0.0111347273,0.0014370293,0.0040203141,0.2047633174,0.0125941301,0.390764457,4.0,0.0326647564,0.0648122198,0.030763678,5.0,13.478787433,1.4263749422,0.0,0.044471141,0.0233118335,0.0347487816,0.2744127828,1.862184072,6.7883462e-09,1.5243565e-08,1.9099766988,3.64801099,0.0243227456,0.0646045672,-0.083295593,0.0281239559
45751,0.1532555208,0.0339370749,18.705150311,0.0158743361,0.4004608507,0.289946517,0.1105375925,0.0539592436,0.1399368562,0.0081369421,0.0160160588,-0.042418408,-0.677579365,0.0569321366,0.0424184082,46.0,0.0,0.0,0.0343502282,0.012487285,0.0656748407,0.2694545455,0.1573634959,0.004113914,0.1682278968,0.2280577325,0.0,1.2438987187,0.1754385317,1.2438987187,0.1754385317,8.2450933461,3.0967277958,0.1168146092,0.0,0.0,1.0,0.0,0.0,0.4969844732,7.0,-0.013936446,0.0044152264,-1.207747509,-0.076650091,5.5119502536,-0.000348161,48187.288267,0.1719954965,18.211926817,0.0010709587,0.0162959366,0.0531262366,0.0080347292,0.0423867564,-0.020072407,0.0,0.0006603711,0.2288495497,0.029551649,6.0,18.224610381,0.8775852703,0.0,0.0245971736,0.0198850202,0.0206341547,0.3103960787,1.5588078492,3.292426e-11,2.417582e-08,0.7761277612,0.6023743017,-0.004776491,0.0261296935,-0.26158706,0.0946339185
34032,0.013748926,0.0571109234,8.5572594268,0.010153053,0.3776371674,0.5068065645,0.3159763314,0.1491943505,0.5426695842,-0.063134978,0.0537084399,-0.026471677,-0.17654321,0.0671934691,0.0264716772,46.0,0.0225842281,-0.181818182,0.0717161175,-0.069425024,0.0151364722,0.1229050279,-0.00352385,0.0471454148,-1.829787234,0.5530313311,0.0,1.804033092,0.0301155391,1.3510858325,0.0687178685,5.4208144796,6.3052631579,0.1804770572,0.0,0.0,1.0,0.0,0.0,-6.469352964,6.0,-0.086880957,0.0950044957,-0.488344391,-0.609270762,-13.73204179,-0.029429966,11104.029925,0.0553124103,16.33823062,0.0028699552,0.0405679513,-0.83573841,0.0163383895,0.1526362824,-0.008854118,1.0,0.001620162,0.5038103209,0.06436877,4.0,17.240436185,2.1794071939,0.0,0.0411530808,0.0206541688,0.0298570899,0.3988229546,4.5682920214,1.348703e-10,1.0713189e-08,0.9263889088,0.8581964104,0.0123147194,0.0355853894,-0.223417314,-0.010696088
39538,0.0981458471,0.020840376,4.8007205638,0.0,0.8105123525,0.754376581,0.0913785263,0.036780223,0.4526048284,0.0040369089,0.0188753023,-0.029848663,-1.278342863,0.0474815218,0.0298486629,46.0,0.0035346567,0.3375,0.0162489959,-0.087992006,0.0639562151,0.2611697228,-0.088562335,-0.039793804,0.2127842608,0.3971099082,0.0,1.8318787586,0.0405542102,1.4521524976,0.0580858384,6.013873345,4.4330858075,0.0669230102,0.0,0.0,0.0,0.0,0.0,4.4983282965,7.0,103.79230449,0.3664619429,0.2709088473,0.0355330055,0.2853188398,-0.024426322,1350.5647415,0.1707603697,15.963676646,-0.03706938,0.1402619349,1.1117093765,0.0193481157,0.0237118266,-0.018968648,2.0,0.0080818966,1.3115866807,0.0064036888,5.0,16.352208186,1.8974866712,0.0,0.1076435596,0.0329880501,0.0312596431,0.5632279471,7.0467336089,3.370372e-10,1.3305928e-08,1.246818574,1.5545565566,-0.001586884,0.0498733408,0.0983168814,-0.182629545
51925,0.0901209769,-0.010181106,151.68883266,0.0,0.0826479462,0.03386217,-0.061088801,-0.016590404,0.0245916307,0.0038465537,0.1202897668,-0.115145188,-1.970445523,0.0098802088,0.1151451881,38.0,0.0,0.5454545455,-0.2493778,-0.41050312,-0.415430562,0.0696342715,-0.027536686,-0.005317109,-0.115679535,0.3053344164,0.0,3.3087885986,0.0223512605,3.3087885986,0.0223512605,8.6766398159,5.5359765051,-0.056158484,0.0,0.0,0.0,0.0,0.0,0.0364886304,5.0,0.0001939323,0.1119716086,0.4927764364,16.224662785,-0.772188421,-0.069278747,-1848.751521,0.1000073361,12.316205003,0.0,-0.003614802,-0.006297286,0.0036870165,0.1304884926,0.0165032804,0.0,0.0023367713,-0.093626838,0.0096347983,3.0,9.6620234192,0.0768389951,0.0,0.0652173907,0.0225235844,0.0282836315,0.9401521571,0.458495061,2.0544457e-07,2.2424743e-07,0.74699331,0.5579990053,0.044603427,0.0359546948,0.1576574575,0.1750913885
43449,-0.048921545,0.0295752495,45.182578644,0.0234632605,0.3779461181,0.1200878296,0.1494274844,0.1076807799,0.229861421,-0.001205949,0.0848978215,-0.030651823,-0.324426593,0.039170247,0.0306518231,46.0,1.79753e-05,-0.024390244,-0.088662729,-0.037453305,-0.03818916,0.0378849015,0.0183152384,0.062996203,-0.046941037,0.4890354857,0.0,1.0100304148,0.0279434869,1.0017634116,0.0341207382,5.5689310255,9.1019286357,0.106735828,0.0,0.0,0.0,0.0,0.0,-1.181053067,5.0,0.4833538476,0.2809783917,-5.520056995,-0.574538313,-0.226058213,-0.029588123,151726.15453,0.0823714328,19.031966814,0.001716,0.0414294001,-0.370161846,0.004347048,0.0816621465,-0.109590486,0.0,0.0012442454,0.4592472474,0.0342253656,6.0,19.242694806,0.9111854751,0.0,0.0285263546,0.01274358,0.0181036905,0.2232731502,0.7759132548,1.502111e-11,3.1213297e-08,0.679906794,0.4622732486,0.025277046,0.0218177323,-0.025352145,-0.164654644
89915,0.4216236703,0.0629924061,151.68883266,0.0252861539,0.3663644863,0.353649142,0.1103760987,-0.026056685,0.2736054967,-0.006914718,-0.122364942,-0.06073594,-0.769924694,0.1114918151,0.0607359398,37.0,0.0,-0.034576888,0.0040755485,0.0414138571,0.0036513447,0.0874208974,0.0830319349,0.016139708,0.0766013286,0.5240917418,0.0,1.2449548712,-0.05293867,1.2449548712,-0.05293867,454.11939356,4.642982257,0.3098979573,0.0,0.0,0.0,0.0,0.0,0.5513914036,7.0,-2.931098474,0.0823484859,-0.249401319,0.3437544757,-28.69382541,0.1138847616,-12979.30454,0.03476008,14.524449233,0.0015099816,0.0145686758,0.0333065471,0.0096550921,0.0014779368,-0.364502483,2.0,-0.004725504,0.5979081708,-0.051060166,6.0,14.400391712,0.7425480934,0.0,0.025954416,0.0178598142,0.0235935382,0.2533602468,0.8055439301,2.032435e-09,3.2158403e-08,0.9578589914,0.9174938475,-0.01081086,0.0312691754,0.2796763298,-0.054879185
17478,0.0064355078,0.0295729915,17.237820867,0.0081550148,0.116129939,0.094092434,0.6604350171,0.104776172,0.4714487134,-0.013934426,0.0750234082,-0.102826041,-0.525010688,0.0450991282,0.1028260414,46.0,0.0,0.0222222222,0.1109120764,0.1007662299,-0.018629512,0.264781491,0.2927566914,-0.022294677,0.0626304802,0.4535554758,0.0,1.6693615835,0.0957842482,1.6693615835,0.0957842482,1.8015008473,4.6716886378,0.2871002313,0.0,0.0,0.0,0.0,0.0,9.1062751267,6.0,-2.942068819,0.0699522078,-0.192602209,-0.071433687,-28.58947676,0.0474920746,64494.144656,0.03476008,18.688075913,0.0065490744,0.0594118525,0.6292490119,0.0023535503,0.4186095954,0.0353837433,0.0,0.0010120266,0.5094870677,0.0272852913,5.0,19.485608298,1.4552895419,0.0,0.0157398805,0.0144830629,0.0221169866,0.2169143287,1.119875336,1.805329e-11,2.1261919e-08,0.7050950004,0.4971589596,0.0228922296,0.0289843643,-0.422148821,-0.054879185
81061,-0.000681457,-0.147259634,-4.053420888,0.0087615913,2.0628355365,7.7305791217,0.0533664614,0.0615213806,0.2029487159,-0.024691358,0.1656337098,-0.143827913,-2.000881446,0.1473894352,0.1438279134,47.0,0.0397902774,-0.05,0.0310624061,0.0696087721,-0.023850673,0.1886349071,0.0241213154,0.054321028,-1.004124116,0.5097640852,0.0,1.0290002948,0.0387975123,0.5926127474,-0.008963993,37.246404003,12.419998957,-0.061894077,0.0,0.0,1.0,0.0,0.0,2.3984681854,4.0,0.0514667068,0.3260600993,-0.569531075,-0.524792081,0.1539534645,-0.030478658,28074.704515,0.1434034542,17.652356392,0.0016894636,0.004245238,-0.504725898,0.1894767033,0.0398264178,-0.010880523,0.0,0.0079245662,1.1898508705,0.067055301,3.0,18.418868025,1.7850743531,0.0,0.0275058802,0.0166099781,0.0234542652,0.2112418941,1.6046888897,3.374271e-11,1.5065466e-08,0.6564900897,0.4309792379,0.0960946155,0.0375375377,0.3818339035,0.4042341731
52250,1.0291083964,0.0357105024,-0.139692576,0.0,0.0748844007,0.5246029675,-0.077252098,0.048908787,0.1213894117,0.0035601807,0.2328337047,0.0113248668,0.3419465978,0.0234994176,0.0113248668,42.0,0.0587409715,0.2025316456,0.1014983208,-0.214766739,-0.093098632,0.205863658,0.1631359328,0.0928612342,0.0376442129,0.8401216804,0.0,14.650302977,-0.228893288,10.804601739,-0.282798787,0.7214232539,32.52402746,0.7616455754,0.0,0.0,0.0,0.0,1.0,0.1288239672,5.0,-0.007577287,-0.005217359,-0.021802442,0.6784196069,-0.985087551,0.1168667129,-10937.08229,0.0363924557,11.725103398,-0.001893696,-0.002035604,-0.002203643,0.0589700045,0.6586798319,-0.096108746,0.0,-0.076645627,0.033730986,0.0205136994,2.0,9.6883939868,0.1478509874,0.0,0.0389220938,0.0153366107,0.0200887857,0.6872022591,0.5029720903,2.0301028e-07,1.4741835e-07,0.6319611222,0.3993748599,-0.065782392,0.0399741602,-0.032926129,-0.028114825
17005,0.7755300482,0.0803370849,-5.829924452,0.0295508142,1.7995819968,2.9997764689,0.0613120533,0.0371590792,0.2285422726,0.0061443932,0.0172796138,-0.038295187,-1.207150807,0.1773160618,0.0382951867,46.0,0.004325145,0.0,0.0452651338,-0.063059279,0.0258639562,0.1332233388,0.0028782295,0.0144797234,0.0865119629,0.2355766508,0.0,0.9089281971,-0.03684546,0.6106873922,-0.007153356,24.728118666,12.344724496,0.0728421857,0.0,0.0,1.0,0.0,0.0,0.7505323813,7.0,4.0708260961,0.1036399039,-0.040220977,1.8251391816,-1.496494692,0.3736644801,84908.732333,0.3461731473,18.653674309,-0.000124518,0.0069128411,0.0218174868,0.0601070151,0.0546679098,-0.000218538,0.0,0.0025925053,1.2161206519,0.0432519661,3.0,18.665085701,0.9252164567,0.0,0.0289547332,0.0185540935,0.0240698878,0.2854086934,1.1876041333,2.063614e-11,2.6191376e-08,0.6976362165,0.4866962906,0.071510886,0.032852015,-0.09378784,-0.094679308
22752,0.1223206059,0.0341446349,17.40647805,0.0304726493,0.3197719708,0.2318858933,0.1547691902,0.0852044504,0.4505728877,-0.003462364,0.133365299,-0.036207631,-0.450827791,0.0495379853,0.0362076313,46.0,0.0037730488,0.0422535211,0.0246370623,-0.141865401,-0.001443197,0.170361727,-0.202770398,0.0617675984,-0.022773768,0.3066654474,0.0,1.0159915102,-0.178571067,0.7850843488,-0.188813103,5.8787359138,5.7907818533,0.1673623375,0.0,0.0,0.0,0.0,1.0,1.4357509553,3.0,1.3540221828,0.0012518209,-0.135751037,-0.121531333,6.2923381699,0.1362853482,201226.03618,0.0232852488,19.228011835,0.0035077951,0.0503594742,0.1371718628,0.0117304675,0.1071298693,0.0042477277,1.0,0.0025296232,-0.130450745,0.0701410789,7.0,19.08144086,0.9566692568,0.0,0.0494017042,0.0152068406,0.0219819044,0.3089402515,1.5831864286,1.057754e-11,2.2997928e-08,0.2762791717,0.0763301807,0.368693122,0.0299213688,-0.237363454,-0.24467985
53074,0.3245056152,0.0026153638,3.0193868076,0.0025282915,0.1559696238,0.1069926632,0.0473386452,0.4313812749,0.2305345473,0.1718714383,-0.024701163,-0.066163509,-10.32345754,0.0296149608,0.066163509,38.0,-0.005974468,0.1,0.1380781225,0.0124392809,-0.015653262,0.7341484936,0.4000783874,-0.000499755,0.8463772595,0.4983075539,0.0,9.3223153178,0.9745160661,8.9792529847,1.1511432327,0.5075966877,5.6306806239,0.1049258929,0.0,0.0,0.0,1.0,0.0,0.4038306827,6.0,51.935084453,-0.028404408,0.0190942299,0.5219051606,-0.641993282,4.1431133442,-6270.794351,0.0357482652,13.93327191,0.0018983516,0.0060735685,0.0093232382,0.0025202215,0.4568922775,0.0168760794,1.0,0.0017859505,-0.304475742,0.0573732541,5.0,14.00416325,0.9928499114,0.0,0.0182239581,0.0177071544,0.0239021058,0.3078700177,1.95803678,2.1959241e-09,1.755839e-08,0.6185943046,0.3826589137,-0.099165098,0.0434457838,-0.531353338,-0.145662284
87437,0.3061126164,0.0240439215,31.085553905,0.0,0.2039316859,0.6940302017,0.0197330508,0.1065966475,0.3723291728,0.0287390029,-0.024447127,-0.031367406,-0.633349237,0.0392721208,0.0313674063,42.0,0.0062971102,0.0669371197,0.0263059686,-0.094340888,0.0576145488,0.2603376005,-0.062967776,0.0431252256,0.215357639,0.2878675176,0.0,1.3186486596,-0.133661659,0.8106020784,-0.151734511,39.954597986,7.8831558031,0.180275274,0.0,0.0,1.0,0.0,0.0,0.6741170041,6.0,-0.009981033,-0.255966005,0.006321381,-0.359235612,-1.05051069,-0.056280117,-4830.51693,0.0653433969,12.076345263,0.0019873565,0.0113522631,0.0189151209,0.0175559106,0.0151057896,-0.007292043,0.0,0.0044945287,0.5140291306,-0.013331527,5.0,11.975257186,0.4685735592,0.0,0.138348192,0.0530462221,0.0820922633,0.5741933834,1.1895010883,8.8773583e-08,5.4950339e-08,1.1311655083,1.2795354072,-0.008502644,0.0656140339,-0.72435971,0.1631852225
89857,0.4805377579,0.0084964173,149.73586207,0.0,0.1093641412,0.1524453343,0.0163371391,0.0754642042,0.1913414755,0.0181372549,0.1763327475,-0.053009281,-3.551282051,0.0386695918,0.0530092814,31.0,0.0,-0.166666667,0.021905805,-1.262304721,0.0339846059,0.095505618,0.0351681567,0.1139906663,0.0548780488,0.531909796,0.0,5.4460431655,1.7008831959,5.4460431655,1.7008831959,48.25862069,4.2995391705,0.5873485868,0.0,0.0,1.0,0.0,0.0,0.2240554758,6.0,9.2699164408,0.1895737775,-0.078530956,8.0934386702,-3.670595389,-3.214221434,-1739.793412,0.0340789314,10.435823121,0.0022526934,0.0638968998,0.0765162961,0.0418874475,0.0084169054,-0.110441409,1.0,0.0343047689,-0.709657107,0.0292952553,6.0,15.165419522,22.071961223,0.0,0.2087500095,0.0614930715,0.0841152402,0.8726033838,51.001191642,3.8520687e-08,2.7362383e-09,1.1853646312,1.4050893088,-0.163600834,0.1362419474,-0.240389707,0.818494895
53373,0.2921847165,0.0228834184,-3.768079719,0.0,10.268701329,0.4220702302,0.0033941926,3.7736518902,0.1795033892,0.1398166219,3.2203023758,-0.133777632,-31.50991597,0.7439380094,0.1337776319,47.0,0.0037432392,-0.053030303,0.9190711013,-5.127236911,-1.035426565,0.5131061599,1.0571224579,0.0749833175,0.8279197344,0.7720090219,0.0,1.0170573048,-0.680762351,1.0150851925,-0.713544919,0.1670095813,0.0538673735,0.0067640183,0.0,0.0,1.0,0.0,0.0,0.2291516289,4.0,1.9365755752,-0.683308299,-0.260051246,2.1707968907,-1.340698857,1.1587122133,-10763.06968,0.0642007103,11.108712245,0.00111515,0.0007789292,0.020199206,0.0431646767,0.265896357,-0.018494503,0.0,0.0027869954,-0.347048083,0.0125244446,3.0,9.4759363717,0.2057011182,0.0,0.0821256414,0.041737663,0.0594712198,0.7030635757,0.7881162481,4.9135928e-07,8.6618921e-08,0.9713617085,0.9435435688,-0.460398906,0.134103222,-0.140681423,0.06707331
24010,0.5465131136,0.0703591726,-9.560125496,0.0383475055,2.3538202961,0.5058724937,0.0251710859,0.1259630169,0.0727737299,0.005503417,0.1409314208,-0.02333897,-0.912245593,0.1345440177,0.0233389695,46.0,0.002994713,-0.017235057,-0.070324478,-0.134146678,0.1272693038,0.0513463169,-0.039512752,0.0921455245,0.0687098328,0.4135622507,0.0,0.6458317577,0.1916884543,0.4850615522,0.3135316992,5.7493273545,7.8660835465,0.0770425177,0.0,0.0,0.0,0.0,0.0,0.2862142038,5.0,0.7320076176,0.0217357892,-0.021243337,0.1067675175,0.0216131189,-0.049059598,8473.1742418,0.0260918659,17.001357172,0.0001576059,0.0095726517,0.0480672985,0.0225447114,0.0169948425,0.3361120964,1.0,-0.001409727,0.1177385047,-0.005693891,5.0,17.219543607,1.2272316029,0.0,0.0286081061,0.0134634535,0.020836976,0.2757682838,1.7282943395,7.039289e-11,1.9046684e-08,0.8964235329,0.8035751504,0.0919742852,0.0340873578,0.2171522069,0.1163368332
53859,0.2734080899,0.0303450696,126.49394567,0.014450334,0.4960860151,0.1118183239,0.0340665742,0.073187834,0.0614280156,0.0022370081,0.0756435766,-0.015829529,-0.388549122,0.0421356197,0.0158295288,42.0,-0.000353063,-0.011363636,0.0519621391,-0.081241988,0.0180279061,0.023037963,-0.019172094,0.1153297475,0.0692296289,0.4626074728,0.0,0.6002497889,0.3388539297,0.510325781,0.3999273715,31.527944778,6.5448830545,0.093875497,0.0,0.0,1.0,0.0,0.0,0.1494755893,6.0,0.7281907383,0.0450337793,-0.015371916,-0.166337506,0.0839173201,-0.141467996,-10253.01825,0.0260918659,14.261396298,-0.001037679,0.0113076677,0.0321320783,-2.4473e-05,0.0051301875,-0.304594567,2.0,-0.001459428,0.3455188679,-0.052574053,5.0,14.617240188,1.1366440762,0.0,0.0368926972,0.0196219008,0.031325325,0.449328711,3.5904701975,1.9431137e-09,1.9703293e-08,0.56989704,0.3247826362,0.0787488374,0.0412310018,-0.537832295,0.1163368332
54253,0.1367852282,0.0205780357,18.197872182,0.0114074359,0.1820640688,0.2310037475,0.1270386271,0.0763301341,0.3619707615,0.0058443397,0.0550808245,-0.047868086,-0.719844131,0.035391014,0.0478680862,46.0,0.0070827094,0.0,-0.038344314,-0.044805543,-0.027676085,0.1615577342,-0.060719936,0.0329678857,0.1053651809,0.3556668377,0.0,2.4288847027,-0.027872319,1.7918787937,-0.021783836,5.7115024528,5.0292003477,0.1540029946,0.0,0.0,0.0,0.0,0.0,0.8588471002,4.0,51.913864258,0.0262628182,-0.08090577,0.3341847737,-0.635710144,4.1488893974,-1686.259331,0.0357482652,15.37161968,-0.001429157,0.0107883272,0.0252017149,0.0062678777,0.073829849,-0.077557095,0.0,-0.001990391,-0.119972996,-0.010272151,6.0,14.751797601,0.5414124466,0.0,0.0352675803,0.0168773589,0.0295052052,0.4779951092,2.6352950096,8.692568e-10,2.9137053e-08,0.8896079948,0.7914023844,-0.024580495,0.0314576841,-0.163394463,-0.145662284
22592,0.1274150604,0.0533148897,14.357269254,0.0335495628,0.3407736437,0.3187010417,0.1644808484,0.0601222598,0.3940079267,0.0044594348,-0.003474937,-0.059324152,-0.506872214,0.0803387258,0.0593241525,46.0,0.0022825343,-0.012229236,0.001493652,0.0194439755,0.0339915478,0.1858045698,0.1886593663,0.0142636423,0.2786445394,0.3426681945,0.0,1.8850025164,0.3401814205,1.3516607952,0.4105483595,6.3882493053,6.8403825717,0.211614887,0.0,0.0,1.0,0.0,0.0,1.6960151048,7.0,0.039187274,0.0106416063,0.0315594515,-0.910601828,-0.086145371,-0.092464344,92162.099781,0.0738375305,18.223277872,-0.001476096,0.0296851388,0.0992524917,0.005856382,0.1187497411,-0.014110032,0.0,-5.7006e-05,-0.037608215,-0.013985761,7.0,18.631183628,1.2463031074,0.0,0.0268163476,0.0128195238,0.0195734306,0.2417646249,1.3258368266,2.198459e-11,2.3175577e-08,0.6915229195,0.4782039481,-0.003156712,0.0236518258,-0.097578661,-0.133267297
24248,0.7112513762,0.0539963348,-27.68858315,0.0397378307,1.0180571865,0.3623829791,0.0206183704,0.1097614358,0.0672466623,0.0078561892,0.043594306,-0.021716202,-0.721010333,0.0929282501,0.0217162024,46.0,0.0002420596,0.002240478,-0.057557437,-0.218345818,0.0232462788,0.0447853265,-0.023236462,0.1132632961,0.0280926565,0.4548380995,0.0,0.5546127067,0.0441947584,0.3931679721,0.0142014696,25.922394678,10.44772118,0.121898128,0.0,0.0,0.0,0.0,0.0,0.1358035754,5.0,0.707970772,0.0244966777,-0.001767802,0.2715057801,0.100995096,-0.090675365,-8293.141658,0.0260918659,15.033897163,0.0001020669,0.0043856164,0.0118832343,0.0164584832,0.0099649411,-0.23487458,0.0,-0.003528226,-0.276472874,0.0342401406,5.0,15.150716943,1.2857627495,0.0,0.0166900586,0.0145655913,0.0205806423,0.6897908946,12.94992501,4.739107e-10,1.0843057e-08,0.9197912409,0.8460159269,0.0564553611,0.0296453104,0.0937860955,0.1163368332
54704,0.457532291,-0.276461295,-3.820915663,0.0,1.2079272357,2.3728173072,0.0798175599,-0.168869214,0.2360523403,0.0137524558,-0.116930456,-0.256328214,-1.710963455,0.1965538778,0.2563282139,47.0,-0.008390216,-0.03539823,-0.084586181,0.0446308785,0.0198454018,0.2117283951,0.39889033,-0.246142829,-0.285304366,0.4053083731,0.0,1.3742540494,-0.192764083,0.957374254,-0.163786752,43.575903614,6.6096491228,-0.144771025,0.0,0.0,1.0,0.0,0.0,0.7034228325,5.0,-1.473625939,0.1924449085,-0.038737434,0.0381108175,-0.852456073,0.2741079492,-16951.09974,0.0629453635,12.924206554,-0.005625786,0.0003014545,0.0011111111,0.029817991,0.0424357035,0.1031189871,0.0,-0.020300088,1.757325752,0.0157002527,3.0,13.007537655,0.9398042917,0.0,0.0453956388,0.02407198,0.0374423708,0.2986454973,1.3263893613,1.1709749e-08,2.9204628e-08,2.2168159441,4.91427293,0.0114521523,0.076699474,0.0425061845,-0.107827317
76591,0.1754157032,0.1066532182,11.901515693,0.0,0.0708743921,0.2187153932,0.6854996155,1.0542669786,1.0806017807,0.0100792968,0.5338715329,0.1297785682,0.2227901966,0.0828919268,0.1297785682,40.0,0.040051315,0.096,2.1065602273,-1.937342816,0.6925586315,0.2279350788,-0.164654386,0.1179370863,1.380591976,0.5576444106,0.0,3.3903092643,0.9206011132,3.0525906559,1.3412413124,3.3915675561,3.1401342855,1.4118782575,0.0,0.0,1.0,0.0,0.0,2.4781751277,7.0,1.7682212646,0.5271870973,-0.082004559,-0.068436236,7.328128059,0.1696392897,1850.9478789,0.0232852488,15.253150357,0.0018329414,0.119326065,0.1528617462,0.0057364815,0.2746163801,-0.112900653,1.0,0.0319518243,0.4683206498,-0.086988419,3.0,16.263818929,1.6253443115,0.0,0.0305737872,0.0237564739,0.0344123746,0.3143647867,3.4552693603,4.64985e-10,1.0606069e-08,0.0340767013,0.0004976776,0.7741077573,0.090497703,-0.509158321,-0.24467985
42614,0.572370269,0.0642705705,-0.895934162,0.0131247356,0.8310881353,1.1658772244,0.0729229906,0.0642742909,0.2684108374,-0.002362743,0.0253572315,-0.040848776,-0.865068057,0.1198689881,0.0408487761,47.0,-0.002987836,0.109086588,-0.011288054,-0.116945917,0.0261467396,0.1276317634,-0.016080562,0.012485775,0.1263479591,0.4341170956,0.0,1.9770613128,-0.129333658,1.2718364408,-0.087572371,28.261618804,3.0150180405,0.1231867439,0.0,0.0,1.0,0.0,0.0,0.6692682629,6.0,28.777317086,-0.116703931,-0.200024047,0.1793406357,-3.257847173,0.1035532848,-18223.42015,0.0580772554,12.404780014,0.0092376197,0.0102172133,0.0252836992,0.0071089252,0.0293938341,-0.009211764,0.0,-0.001836547,0.8012076173,0.0512878704,7.0,8.0304388727,0.0044323219,0.0,0.0258356798,0.0168211228,0.0368357296,0.3442290847,0.0194382392,2.0359683e-06,4.062877e-07,1.3232622676,1.7510230289,0.0417490428,0.0443394061,0.1896593446,-0.107827317
22779,-0.019369509,0.0329420507,18.737770335,0.0155858596,0.3963112679,0.2573576018,0.1427381572,0.0219883481,0.360646495,-0.006451613,0.0081236203,-0.061715773,-0.699683878,0.0559910725,0.0617157728,46.0,-0.004833163,0.0588235294,-0.059972106,-0.044391369,-0.011629249,0.2744966443,0.0770858175,0.010054501,-0.202857143,0.3524482346,0.0,1.2401834336,0.0208211652,0.8271711092,0.0594567764,5.9122807018,5.3338129496,0.1194266116,0.0,0.0,1.0,1.0,0.0,-5.15,6.0,0.1856208406,-0.03337001,0.0212418525,-0.422831807,-0.175841023,0.0382770943,12441.259613,0.0642905452,17.393897644,0.0049223048,0.0275806307,-0.83573841,0.0060836987,0.1447207144,-0.015670517,2.0,0.0009469697,0.1639000502,-0.016165506,6.0,17.798158368,1.1562430886,0.0,0.0324789695,0.0190018553,0.0239699302,0.2634332374,1.349775293,1.053429e-10,2.6564472e-08,0.7604713904,0.5783167356,0.0955777768,0.0311750737,-0.46363122,-0.091892872
28345,2.2675428489,-0.614256969,-15.86945874,0.0516473102,3.3503064409,1.051557509,-0.127803581,-0.09366827,-0.004515508,0.0043417138,0.0528944301,-0.1753209,-1.715341101,0.4394032567,0.1753209,46.0,-0.000899489,-0.178832117,-0.306039403,0.0798902307,-0.720593863,0.1148366761,-0.002238613,0.0631712034,-0.229196556,0.5135484368,0.0,1.3964298129,0.3512287629,1.3041862517,0.368923376,6.2921192765,7.4590289069,-0.014086291,0.0,0.0,0.0,0.0,0.0,-0.042128886,3.0,8.563628593,0.129990869,-0.090696406,9.8804437613,-4.269662457,-2.813487769,100.39380844,0.0340789314,15.593228161,0.0094964817,0.0102942328,0.0281301861,0.054026397,0.0488891724,-0.083568557,2.0,-0.004805767,-0.077466568,-0.002437227,5.0,16.822927626,2.6104725004,0.0,0.0315739922,0.0291362397,0.0466021525,0.2375295402,2.61763664,3.743747e-10,1.0411824e-08,2.0075660786,4.03032156,0.0804470444,0.0763579424,-0.282331275,0.818494895
65365,0.2533363839,0.049259257,14.054640472,0.0262178373,0.2825618372,0.6837389578,0.1209209231,0.132740932,0.5466459383,0.005880541,0.1311723346,-0.025859253,-0.264842666,0.06230521,0.0258592532,46.0,0.0575154616,0.4634146341,-0.010333567,-0.368049721,0.0027914999,0.2223232947,-0.416661321,0.179892337,0.1344956264,0.4358797745,0.0,1.2916265369,-0.423262597,0.8282143033,-0.513920765,18.033603053,6.0220530973,0.2883897205,0.0,0.0,0.0,0.0,0.0,1.1287661535,6.0,-0.018728292,-0.060889063,0.4750551959,-0.19949341,-1.158327939,-0.053398737,-9347.725557,0.281925686,13.586794787,-0.001072648,0.0183587897,0.0391274427,0.0956300778,0.0299701087,-0.037387218,0.0,-0.002043945,1.1536576067,-0.017218381,4.0,13.664843023,0.6980427764,0.0,0.0430415906,0.019414385,0.0271637044,0.378510012,1.2440614985,5.8706939e-09,3.6954668e-08,1.3351831886,1.7827141471,-0.003841771,0.0392379896,0.1550600449,-0.031359609
84372,0.2160696882,-0.001443214,0.160612426,0.0063913744,1.4617691695,1.2797180868,0.0652564103,-0.063758763,0.2241014799,0.010963195,-0.052772211,-0.074478478,-45.71560737,0.132157128,0.0744784782,41.0,-0.021033274,0.0,-0.102386117,0.1524504406,-0.004487497,0.4741980474,0.2180678279,-0.023700901,-0.050724638,0.2197524364,0.0,1.1867816092,-0.041968281,0.8989463602,-0.033251753,18.363905325,5.5568487019,0.0456946827,0.0,0.0,1.0,0.0,0.0,1.6268115942,2.0,-3.029373318,-0.021614503,-0.214824431,0.1382004937,-28.90968698,0.1345500744,-9748.006344,0.03476008,15.378238648,0.002950753,0.0009947774,0.0084092502,0.0610738665,0.0330485806,-0.081718879,1.0,0.0012899897,1.2549616849,-0.079632031,4.0,16.074043207,2.5953855539,0.0,0.1119636893,0.0678423748,0.0520519835,0.6795788559,21.858410374,3.7187e-10,5.8637345e-09,1.5163738273,2.2993895841,0.0619608816,0.0480370267,0.021675921,-0.054879185
13303,1.337314442,0.0629471747,-2.250265361,0.0334674863,0.912481044,0.4911294653,-0.026863648,-0.016757191,0.0657856974,0.0006768398,-0.075899235,-0.007856069,-0.295844687,0.0815697619,0.0078560691,46.0,-1.9898e-05,-0.062157221,-0.078121101,0.0062114326,-0.061932359,0.132193437,0.1126131472,0.0010852174,0.0242064196,0.3164150579,0.0,6.2225615298,0.1262910427,5.5559312175,0.1317187687,0.8196788183,9.9988651244,0.0835379615,1.0,0.0,1.0,0.0,0.0,0.1160075664,4.0,0.0277983693,0.0950511718,-0.06306036,0.8808237515,-0.51959014,0.0293453356,-8396.428945,0.0376507894,12.724165734,-0.000200886,0.0179248349,0.0306659808,0.0218067765,0.2529129577,0.0020310666,0.0,-0.001736111,0.5149156738,0.079401759,3.0,10.517304967,0.0886216011,0.0,0.0363128819,0.0236003323,0.0394692115,0.522917538,0.2068309613,1.6704614e-07,3.0676203e-07,1.4825379216,2.1979186891,0.0251800884,0.0716484487,0.385023823,-0.028114825
55993,0.1384243616,0.0230932013,13.761726299,0.0,0.0451930339,0.1708579261,0.217801098,0.1579111472,0.4954080765,0.0002180193,0.0796792784,-0.066325436,-0.491403361,0.0344412781,0.066325436,40.0,-0.090179474,-0.05081826,0.1250604288,-0.099472974,0.0381270061,0.110789664,0.1551221333,-0.088002419,0.185966804,0.6696973587,0.0,4.7230123457,0.0482607314,3.4917530864,0.4065878981,2.8353514508,4.0609308785,0.5885714286,0.0,0.0,0.0,0.0,0.0,0.6730080487,7.0,-0.889502016,-0.056302165,-0.775710665,-0.004660726,-2.917825179,0.1529060705,-18175.10589,0.0740556467,13.373658917,0.0001791979,0.0632552978,0.0839070009,0.0099634456,0.3449408043,0.0071005609,5.0,-0.000348189,0.9839300781,-0.023328851,7.0,13.002589103,0.6326019491,0.0,0.0203974564,0.0190980025,0.0340478528,0.451571644,0.9081205035,1.4370428e-08,5.2975118e-08,0.8401077603,0.7057810489,0.1206256813,0.0615628762,-0.710032959,-0.091892872
78900,-0.240656032,0.0426592649,3.7648074361,0.0221905215,0.6597722361,0.2921206315,0.6854996155,0.0335005034,0.3679546361,-0.006278677,-0.002306577,-0.006455199,-0.062392777,0.0453208949,0.006455199,42.0,0.0022980882,0.2166666667,-0.266015001,-0.314988714,0.1630833599,0.0951959443,0.0647585305,-0.007665128,-0.059080436,0.8858178368,0.0,6.4870143219,0.0562423413,6.4442540944,0.0537162003,0.9355447548,6.5086680398,0.0714814707,0.0,0.0,1.0,0.0,0.0,-0.423758678,6.0,-0.090184546,-0.251932611,-10.86343529,-0.393389402,-1.978286088,0.0039173088,-16097.28674,0.0426379215,12.180383207,-0.001194372,0.0310910367,-0.060988198,0.043855232,0.7446036065,0.0037508661,0.0,-0.000437003,-0.151536397,0.040945746,4.0,11.841840973,0.6179829891,0.0,0.0189780984,0.0139186695,0.0293839818,0.4728313642,1.9236025726,1.77253e-08,2.9323343e-08,0.7465118108,0.5572798836,0.098472908,0.0418397459,-0.227293055,-0.010149049
25590,0.3729904502,0.075935731,-0.876089825,0.0342673123,1.1857930482,0.3638970897,0.0893994953,0.0717723855,0.1436212973,0.0024957397,0.1373276595,-0.059308817,-1.176707081,0.1652898433,0.0593088173,47.0,0.0002791453,0.0120259019,0.126992914,-0.254702086,0.1465546139,0.0523266339,0.0285451942,0.108766557,-0.094209594,0.4911569143,0.0,0.4226478866,-0.381798875,0.3520818553,-0.293365383,55.273376047,7.839433363,0.1309929337,0.0,0.0,0.0,0.0,0.0,0.4330436423,7.0,-13.48595623,-0.020371557,-0.219371087,0.0055672846,-1.677139884,0.0329047481,-8079.343422,0.0264525406,15.673832665,0.0111066363,0.0120635207,0.0432407114,0.0141991487,0.0042235417,0.5004184638,1.0,0.0045696877,0.6250905401,0.0203186467,5.0,16.096986775,1.3762282774,0.0,0.0328966863,0.0149356301,0.0241541484,0.3685774117,4.6788053736,2.481347e-10,1.5143476e-08,0.5786299537,0.3348126233,-0.012587095,0.0305163681,0.0613328255,0.1163368332
52337,0.0066109847,0.094206532,-2.574662674,0.0,5.7177934488,4.1649203633,0.0532593238,0.1608068177,0.0905742795,0.0179755655,0.1336485348,-0.119230236,-7.538847118,0.8044151745,0.1192302356,47.0,0.0022989873,-0.031690141,-0.04540289,-0.069226958,-0.118298178,0.1105236007,0.0129162937,0.0242816153,-1.075471698,0.339126614,0.0,1.4745203218,0.2203026871,1.3985970704,0.2326767304,7.2117743254,5.2625298329,0.0551131003,0.0,0.0,1.0,0.0,0.0,-2.983827493,6.0,4.1056499301,0.0365838838,-0.071911118,1.0562201182,-1.682384535,1.0007635927,-328.8925667,0.3461731473,15.884743269,0.0150456333,0.0168642951,1.1117093765,0.0473736155,0.0884498128,0.0318184426,2.0,0.0153521975,1.4496147814,0.115237277,5.0,16.920763916,2.6755629408,0.0,0.055496268,0.0436067318,0.0450672391,0.4854024674,10.168331591,1.799025e-10,7.0665484e-09,2.426449951,5.8876593649,0.0752544067,0.0689729866,-0.19738593,-0.094679308
34497,0.6026006053,0.0755898769,1.2310956218,0.0678856912,0.0946877579,0.5709725569,0.1958526423,0.0558606518,0.2188381316,0.0025688597,0.390722527,0.0141921669,0.1274543209,0.0659556204,0.0141921669,46.0,0.0164852037,0.0391730141,0.1497196201,-0.125998502,0.0389181578,0.0742415258,-0.178915692,0.0226689384,0.0173688773,0.6722691691,0.0,6.484426051,-0.245764855,4.0251216148,-0.244293259,2.2881361399,6.2738785906,0.9882117922,0.0,0.0,0.0,0.0,0.0,0.243993184,6.0,-0.103313031,0.1438866751,-0.267353195,-0.020419083,-13.60050011,-0.030667815,-2457.675325,0.0553124103,13.129255811,-0.004809121,0.0101565671,0.011807601,-0.011615608,0.2919074262,-0.034316165,0.0,-0.013860161,-0.102187036,0.0255752495,4.0,13.805887818,1.5586428504,0.0,0.0199043676,0.0146895452,0.0221336574,0.2765126733,1.5048089929,4.1112236e-09,2.0613035e-08,0.4254509333,0.1810084967,0.2188565722,0.0346729981,0.0956399493,-0.010696088
56945,0.5276799703,0.0724589572,0.692981894,0.0,0.3133220804,1.3081291941,0.1299258907,0.1709782792,1.0806017807,0.0147861927,0.1032140807,-0.070571551,-0.764962272,0.1278873258,0.0705715509,42.0,0.0043972103,0.0035971223,0.0634705907,0.0558192722,-0.006821351,0.1440756387,0.1345395823,-0.023659114,0.2025942465,0.6545824055,0.0,2.2118614868,0.1372231718,1.5272920435,0.3401473682,4.1838729648,52.231186441,0.3647609951,0.0,0.0,1.0,0.0,0.0,2.2797947511,6.0,1.4536300478,-0.101764704,-0.174407436,0.2838280316,5.9046592482,0.2146346887,-5451.980471,0.0232852488,12.683876987,0.0197498105,0.0208327973,0.0335230997,0.0500373226,0.3150547232,0.0275847076,0.0,-0.006548069,0.1544057343,0.0948157923,5.0,12.496894565,0.5742918271,0.0,0.0225922167,0.0147505596,0.0250406727,0.3496414941,0.8328159474,1.8438299e-08,4.9977482e-08,0.783780665,0.6143121308,0.1140259235,0.0473114078,0.2899951703,-0.24467985
64450,0.4895035819,0.035384709,-18.33773426,0.0392539454,1.2280393969,0.6473078582,0.0436057255,0.0273754794,0.0717686194,-0.002490907,0.0983342774,-0.048363809,-2.316260921,0.1173449276,0.048363809,47.0,0.0044734008,0.0821799308,0.10387896,-0.35426862,0.0848345113,0.0253876918,-0.12868554,0.0497841755,-0.11591637,0.4562145074,0.0,0.6032603837,-0.482634127,0.4005164493,-0.507933667,454.11939356,10.862524366,0.0586646804,0.0,0.0,0.0,0.0,0.0,0.1710475245,6.0,-13.81926882,-0.042597154,-0.149217058,0.1220804163,-1.011130504,-0.015040168,-9536.556962,0.0264525406,15.237652822,-0.002681065,-0.00020948,-0.000673576,0.0397651012,0.0008299142,0.3723504976,1.0,0.0,0.0661726225,0.0092159803,3.0,15.424623055,1.1846085579,0.0,0.0285651442,0.0142462859,0.0239011201,0.4875358382,5.8039713827,4.745163e-10,1.6810955e-08,0.8027177197,0.6443557374,0.073522488,0.0350292174,0.2423277874,0.1163368332
47466,0.1531154158,0.0115632711,10.744380502,0.0046407642,0.1131547108,0.2060347978,0.1038063478,0.1046130031,0.3941419858,0.0062885512,0.0702553877,-0.089987621,-1.976264448,0.0344153528,0.0899876206,46.0,0.0,0.0444444444,-0.015751712,0.1234691016,-0.239633162,0.0960638199,0.0779209097,-0.047187883,0.1309843064,0.4650685079,0.0,1.7171821969,0.0485066378,1.7171821969,0.0485066378,2.9934613868,9.709943819,0.1712417797,0.0,0.0,0.0,0.0,0.0,0.7019265309,5.0,-0.010726478,0.0977782992,0.0919743449,-0.484505473,-0.959953179,-0.323050169,5922.2813467,0.0984150309,15.669917015,0.0060793413,0.0232776137,0.0385775652,0.009939005,0.2760997355,0.0117504666,3.0,0.0006088898,1.2642585431,-0.066446933,8.0,16.547815722,1.6169586083,0.0,0.0241148956,0.0186692538,0.0306061667,0.3593351676,2.2091462138,4.094629e-10,1.9314166e-08,0.6507344263,0.4234552936,0.0144082433,0.040760338,-0.50078513,0.1210215137
60986,0.429966131,-0.085460486,-0.075404505,0.0435071563,1.1986665501,1.0416190345,0.0719255841,-0.060222478,0.2200485871,0.0021251476,0.014465527,-0.145145343,-2.85974026,0.1589343055,0.1451453431,46.0,0.0020631468,0.0333333333,-0.033958147,0.0548281687,-0.036048068,0.2092614302,-0.169476104,0.0084579977,-0.219470917,0.2741133333,0.0,1.2780999724,-0.07389919,0.8257387462,-0.01763743,9.1919686582,5.5929678188,-0.038515341,0.0,0.0,1.0,0.0,1.0,0.638285012,3.0,103.79230449,0.4113769281,-0.033257819,0.3673532894,0.2179503683,0.0870264619,4284.4867415,0.1707603697,16.074407557,0.003125,0.012995896,0.0476668339,0.0093434565,0.0340220386,0.0005791783,0.0,0.0018066847,0.7889368213,0.0825581386,2.0,16.423588194,1.6810914954,0.0,0.0242077969,0.0141689296,0.0280673349,0.3024228076,2.2449846169,2.139665e-10,1.683991e-08,1.1160649214,1.2456009089,0.1027001043,0.0399116036,0.1685033205,-0.182629545
21207,0.4802137252,0.0556436801,2.1740397805,0.0175112707,0.3650442478,0.2399607614,0.067414758,0.0348976835,0.1618051734,-0.00990099,-0.003816142,-0.054485328,-0.831207802,0.1018951411,0.0544853276,46.0,-0.000885141,-0.138554217,0.1803901437,-0.023363207,0.2540742608,0.1097977843,0.2389503551,0.0294941712,0.0741363212,0.4864149484,0.0,2.5244879786,-0.040034466,1.9931730484,0.0692122628,1.9713648834,25.605790646,0.3042771136,0.0,0.0,1.0,0.0,0.0,0.2864612512,6.0,0.4634123845,-0.033322099,-0.192618607,0.131361783,-28.93701299,0.1358000094,46435.068768,0.0885761255,17.872801609,-0.002046805,-0.000196671,-0.000344249,-0.006346437,0.1202809482,-0.289767788,0.0,-0.005893186,0.2239273597,-0.065058157,4.0,18.984213112,2.1773201739,0.0,0.0419131778,0.0239936974,0.0334013516,0.331586159,3.5528906216,3.083962e-11,1.257992e-08,0.4884120808,0.2385463607,0.3780495344,0.0457122524,0.4888652331,-0.017140666
34673,2.7991601235,-0.462840603,-16.14882562,0.0,1.2684870109,2.8255037699,-0.077679113,-0.212078051,0.0861457716,0.0119124563,-0.370692648,-0.169625874,-1.691372559,0.3199952922,0.1696258741,45.0,-0.060946851,-0.290909091,-0.399324976,-0.050159717,-0.181833701,0.1468064082,0.0662895957,-0.074201265,-0.110477631,0.5318852003,0.0,2.1357820615,-0.425196377,1.173534733,-0.46357717,16.232535917,3.4926796412,-0.123584948,0.0,0.0,1.0,1.0,0.0,0.1213024816,3.0,-0.073585759,0.0830785615,-0.810440166,2.2750494994,-0.739405456,0.1421271991,-2567.266045,0.1434034542,12.683275209,0.0094378635,-0.014777034,-0.022016025,0.1818799329,0.0515842199,0.0249439079,0.0,-0.006060606,-0.250220377,0.0233667148,3.0,13.519419008,1.5490238541,0.0,0.0693333969,0.0356760835,0.0614348287,0.441694855,2.8984344679,1.460084e-08,1.5626293e-08,2.1454124982,4.6027947874,0.1249882039,0.1142012316,-0.170712612,0.4042341731
64311,0.2469270061,0.0336058457,31.316854664,0.0160266328,0.3868261549,0.1634215714,0.0885553776,0.0010283997,0.1216675896,-0.022527675,0.0189981969,-0.042801608,-0.806756085,0.0607175662,0.0428016077,46.0,-0.00060618,-0.223166714,-0.133410057,-0.055149187,0.039003776,0.0363144314,0.0260262845,-0.010415843,-0.025882508,0.4963762973,0.0,1.0731481481,0.1860839696,0.9708333333,0.2155234985,8.7793721973,11.543632075,0.1379655848,0.0,0.0,1.0,0.0,0.0,0.261788725,5.0,-0.021605954,0.0042459912,-0.122760707,-0.395931893,-0.042500415,-0.012483475,-3955.440183,0.1925484061,18.018424303,0.0020430079,0.0194302524,0.0525948174,0.0059429452,0.0379494353,0.0098588092,0.0,8.35946e-05,0.0205657375,0.0203474476,1.0,18.349605297,1.2961304841,0.0,0.0309849177,0.0226135553,0.0276423394,0.2534984945,1.6843763165,3.71479e-11,1.6755781e-08,0.8853217683,0.7837946335,-0.000527234,0.0291445104,-0.169808417,0.1401288465
28118,1.6195197424,0.0796927576,-2.883036744,0.0289561666,0.9457488038,0.6918880714,-0.282826407,0.0706113006,0.0606309286,0.0132070055,0.1298356942,0.0375242141,1.1680524572,-0.013392564,0.0375242141,46.0,0.0153884242,-0.166666667,-0.089070147,-0.977562483,-0.341585401,0.1145282121,-0.091970079,0.1276044184,0.0388124067,0.5076599913,0.0,3.6003980328,0.1117979175,2.6904529537,0.0406584629,1.4520293951,3.1117679839,0.2158846423,0.0,0.0,1.0,0.0,0.0,0.0885062476,2.0,0.4548491399,0.0937099742,-0.032500115,15.780732329,1.1232105639,-4.778713696,-254.9709455,0.3124253585,12.487681956,0.0015883169,0.0523944232,0.0786660628,0.0908431998,0.1789809334,0.0169619439,1.0,0.0785482802,-0.46188844,-0.01327323,4.0,12.742905346,1.0556519727,0.0,0.0742741227,0.0580368382,0.0669964636,0.3307307829,1.8177825091,2.4422521e-08,1.7351176e-08,1.0022235453,1.0044520347,0.0969915952,0.0633898768,0.1388973806,0.7166498019
44206,0.4740162946,0.0406204796,-6.6094378,0.025868795,1.0745395917,0.3001262208,0.0416263312,0.1209924444,0.0734782668,0.0396294421,0.1249935467,-0.010946704,-0.396131822,0.0567115442,0.0109467042,46.0,0.0006908229,0.1293417537,0.0443278402,-0.176591017,0.0684730486,0.0317211451,-0.009773674,0.1073701519,0.1135053588,0.3866685065,0.0,0.6368535825,-0.049004504,0.5828152607,-0.035653252,83.532021876,6.2314496658,0.0726200631,0.0,0.0,0.0,0.0,0.0,0.19473976,6.0,0.7373136104,0.0446737118,0.1253334738,0.0342706985,-0.090326988,-0.126892071,18149.663982,0.0260918659,17.221058493,-0.000325255,0.00599488,0.0195726147,0.0031718476,0.0018370454,-0.168278582,1.0,-0.000611546,-0.105338887,-0.004481544,5.0,17.624064559,1.2098732499,0.0,0.0239760652,0.0127224896,0.0190487801,0.2697227069,1.0778089823,8.163311e-11,2.8274541e-08,0.6644651992,0.4415140009,0.1329759174,0.0341713311,0.0444468475,0.1163368332
38762,0.542140189,-0.00195839,-30.28523567,0.0419273477,1.8029093306,0.5209428437,0.0467366451,-0.027330338,0.0769689053,0.025184751,-0.02821311,-0.050183108,-45.71560737,0.1228444581,0.0501831084,46.0,-0.001055921,-0.116465383,-0.101211388,-0.024656364,0.0761135682,0.0460409478,0.088290177,-0.137543138,-0.045920066,0.4240287289,0.0,0.7279985961,0.4709192197,0.5520312363,0.4468224216,37.274681529,5.916466574,0.0430894457,0.0,0.0,0.0,0.0,0.0,0.267570055,4.0,0.6312778387,0.0305376835,-0.120473663,0.1023945929,-0.125726939,-0.060759157,-2532.312158,0.0260918659,16.284878304,0.0035107812,0.002832328,0.009688645,0.0059810369,0.0024716181,-0.117177345,1.0,0.0004127115,0.5162246586,0.0099074587,3.0,17.266912393,2.4875422419,0.0,0.0188323427,0.0121051385,0.0184249525,0.2368463211,2.9398488953,6.659854e-11,9.8611543e-09,0.731813218,0.5355505861,0.0999953039,0.0294834244,0.2345046319,0.1163368332
23931,0.4067707704,0.0411096634,22.759623721,0.0253690998,1.0991043897,0.321676837,0.0361336108,0.0695567713,0.0805581985,0.0245911172,0.0583998495,-0.026339735,-0.933469111,0.0794842644,0.0263397347,46.0,-0.000172406,0.004418132,-0.000260213,-0.051873117,0.0506608337,0.0437045679,0.0225135561,0.0698342848,0.1009139663,0.4713589525,0.0,0.7725878745,0.1336914265,0.6463788629,0.1493416294,89.348837209,7.0711656442,0.0893316447,0.0,0.0,0.0,0.0,0.0,0.2435229247,6.0,0.7173781266,0.0370554801,0.0004098521,-0.032974826,0.1696206322,-0.104119351,24311.704902,0.0260918659,17.50191896,0.0,0.0107257965,0.0411709032,0.0084686114,0.0109706695,-0.033351974,1.0,-0.00096,-0.085473582,0.0019659232,5.0,17.734604743,1.2606528071,0.0,0.0262761489,0.0113935164,0.0185995699,0.2922319335,1.8267743909,3.217269e-11,1.9078233e-08,0.5495618485,0.3020182253,0.0916482165,0.0329430316,0.230751057,0.1163368332
58246,0.5568752134,0.0623349312,-2.213918796,0.0334123066,8.1605821806,0.3247983419,0.0403082412,0.2424606295,0.0436736818,-0.006771288,0.2590971342,-0.004481275,-0.568510709,0.0977730071,0.0044812753,46.0,-1.6296e-05,0.0555555556,-0.086148134,-0.158465424,0.0677829328,0.4652222429,-0.01166885,0.0007162256,0.1004115059,0.5319863656,0.0,0.691084808,0.0022352644,0.6910799427,0.0022708339,0.0956709615,0.1877059192,0.0120371902,0.0,0.0,0.0,0.0,0.0,0.6086823664,6.0,0.0128717401,-0.004391584,0.0404843261,-0.550291968,-0.716639394,-0.055597568,12524.426818,0.0256085935,16.882332952,0.0001775358,0.0022966944,0.0334686628,0.0056637655,0.3432300898,-0.003023637,1.0,0.0012985808,0.5133629225,0.0349274289,4.0,17.125768254,0.9279217455,0.0,0.0205181371,0.016231297,0.0281639292,0.2729761335,1.2830864292,1.340436e-10,2.7253202e-08,0.9696969366,0.9403121488,0.1050757708,0.0337752972,-0.247305477,0.0732063074
24766,0.2082398157,0.0627731139,4.4705531363,0.0187197339,0.6670996648,0.7243611852,0.0962792579,0.082260459,0.2128306846,-0.006738239,0.0502014255,-0.026087566,-0.349952963,0.0847407512,0.0260875663,46.0,-0.000561023,0.0777777778,0.0874087645,0.0902616174,-0.030866539,0.1472570897,0.2184149968,0.0156246197,0.1995691121,0.3299743192,0.0,1.6016701461,0.4141465754,1.5224425887,0.4504871119,7.4992867332,5.5411835567,0.1347037485,0.0,0.0,0.0,0.0,0.0,0.9243678422,6.0,51.9423344,0.1180229199,-0.003127992,0.4056393612,-0.848348592,4.164304914,43279.376389,0.0357482652,18.043675065,0.000692397,0.0252242418,0.0951485858,-0.006348621,0.0957587494,0.007428347,1.0,0.0017492711,0.9380436696,-0.101218797,6.0,18.692761926,1.3864603772,0.0,0.0201750919,0.0138829818,0.0261809453,0.2253119962,1.1523824341,2.663556e-11,2.2522788e-08,0.4258408815,0.1813404564,0.1510109462,0.0331493015,0.2234885297,-0.145662284
58318,0.3850084439,0.0037602561,0.9184270677,0.0035931336,0.8816964939,1.2853390957,0.0535321954,-0.05125798,0.19501815,-0.025568182,-0.067600406,-0.06949931,-24.04444444,0.094173525,0.0694993095,44.0,-0.076211581,-0.136842105,-0.293285245,-0.28952113,-0.03919119,0.0865554465,0.0710713829,-0.067780698,-0.011584254,0.5317294347,0.0,2.5972625467,0.1218754497,1.7533526891,0.3051406877,4.6261654135,6.4575986566,0.024282056,0.0,0.0,1.0,0.0,0.0,0.5977689585,3.0,0.0623948287,-0.202216961,-0.137745244,-0.071482247,-0.476893026,0.0419490986,-6236.186365,0.0376507894,14.682239548,0.0051454446,0.0154798762,0.0459425476,0.0783298779,0.1803187848,-0.008603748,0.0,-0.004038005,0.5022325329,-0.003818136,3.0,15.559817113,2.205959596,0.0,0.0393000245,0.0217137391,0.0393057552,0.2876780303,3.7699190421,6.325443e-10,8.6758827e-09,1.444558216,2.0867484395,0.0152890061,0.0533287909,-0.194191478,-0.028114825
58334,0.6317461696,0.0499527964,-46.70143496,0.0417319421,2.038434914,0.5499612873,0.0435549678,0.0956480676,0.0735124345,0.0038395904,0.1191010184,-0.020250158,-1.035205555,0.1016642087,0.0202501575,46.0,-0.001437194,-0.003278689,0.0365863135,-0.127751346,0.0360357233,0.0393621153,0.0204624947,0.0859754863,0.0262517624,0.4182499503,0.0,0.5154740282,-0.153713215,0.4292015571,-0.117219276,25.645684169,5.4174269849,0.0640709998,0.0,0.0,0.0,0.0,0.0,0.2413189854,5.0,0.7119093919,0.0469677601,-0.007286968,0.1920005735,0.1205580211,-0.081939407,-10112.49845,0.0260918659,14.309240914,-0.000487549,-0.005459231,-0.022382334,0.0057759553,0.0049633197,0.1542184898,0.0,0.0013046314,1.0930563676,-0.013337983,4.0,15.278374629,1.7211777985,0.0,0.0133805647,0.0097545319,0.0205362631,0.2499042622,1.8677896597,6.017882e-10,1.3099924e-08,0.61356782,0.3764654697,0.0553079022,0.0345153485,0.229443055,0.1163368332
90458,0.7048429622,0.0526201065,-64.90927878,0.0408003725,1.4612716982,0.406366286,0.0373246743,0.0809966397,0.0719454305,0.0026758107,0.1133239729,-0.032021396,-1.268782012,0.1193835512,0.0320213955,46.0,0.0011520184,-0.001956947,-0.047093989,-0.052016184,-0.007433517,0.0362702115,-0.013219441,0.0618508597,0.0196170456,0.441442201,0.0,0.6618026984,-0.266824638,0.5309986857,-0.283721125,70.114061769,7.1252281117,0.0818529834,0.0,0.0,0.0,0.0,0.0,0.1596449207,5.0,0.6773944837,0.0325446247,-0.005965227,0.2650973661,0.1828433513,-0.064220064,-8569.558588,0.0260918659,14.936907896,0.0008581813,0.0053601452,0.0161648636,0.0150431749,0.00363287,0.0279819698,0.0,0.0017452007,-0.126431421,-0.012883577,5.0,15.630203493,1.4670385489,0.0,0.0277221072,0.0177259871,0.0246411299,0.3067779846,1.8948545718,7.26804e-10,1.8946569e-08,0.9902370656,0.9805694461,0.0684746559,0.0358599483,0.1647712743,0.1163368332
34817,0.6710866394,0.0448775523,0.4260764517,0.0306457693,0.5532038647,1.2527458592,0.0995055284,0.0970706144,0.1642666048,0.0014346679,0.1774071323,-0.10269841,-2.738030687,0.1677536676,0.1026984101,46.0,-0.014193167,-0.014925373,-0.108425136,-0.255889714,-0.008842797,0.1123217824,-0.041423082,0.04849257,0.0415914823,0.5322136731,0.0,3.6107943346,0.0814224501,2.2526211442,0.2658762069,6.6082039588,7.3103533639,0.1832472661,0.0,0.0,1.0,0.0,0.0,0.2748445481,4.0,-0.074462547,-0.072197956,-0.149884724,-0.235282541,0.051748898,-0.035392916,12671.210111,0.0894515012,17.543649506,0.029614519,0.0925283387,0.1736369202,0.1913172261,0.0806245293,0.0326136459,6.0,0.0048735912,0.0757685148,-0.008830726,5.0,18.572347097,2.62135392,0.0,0.038094569,0.0282241524,0.0464383615,0.3886671999,5.6009209476,3.649253e-11,8.5421066e-09,0.9521912581,0.906668192,0.0262489731,0.0472451299,0.0284352583,0.2323533244
58836,0.7844692414,0.0777157456,1.0129178415,0.1003099244,1.1595894767,0.2131374955,0.0611509789,0.0546368184,0.0631017129,0.0701412567,0.0556435914,0.0193555869,0.4716380618,0.041062042,0.0193555869,42.0,0.0,0.0091743119,0.5549540433,0.4682054978,1.6711791874,0.0579835569,-0.075272216,-0.00132554,0.0531521355,0.115586935,0.0,6.0055007897,-0.232124756,6.0055007897,-0.232124756,1.7929217307,1.5669249856,0.0696572827,0.0,0.0,1.0,0.0,0.0,0.1006777852,4.0,-0.065486102,0.1617835945,-0.088157651,88.029036016,-12.55751289,-9.211317135,-3055.504412,0.0109914292,13.312969625,0.0,0.0175377113,0.0450241462,-0.004029982,0.1946752011,-0.026939929,0.0,0.0018031013,0.7946237719,-0.053853896,3.0,13.977948518,1.3513651477,0.0,0.0277442131,0.0169091304,0.0238199173,0.1884807997,0.9607091434,4.4429353e-09,2.1667046e-08,1.6764725089,2.8105600729,0.1729586878,0.0612174819,-0.248449306,0.0069773022
34833,0.5464358863,-0.839282357,-12.65083102,0.0986077697,3.8135159553,1.1044690385,-0.062797252,-0.26768499,0.0593432727,0.04183033,-0.181189912,-0.184673221,-1.292248578,0.245279075,0.1846732209,46.0,0.0047625585,-0.180555556,-0.126710146,0.5288092846,-0.284648954,0.1889740258,1.5862363996,-0.029772249,-0.639926441,0.5074173911,0.0,1.0724796303,-0.141775173,0.8416636264,-0.269929816,8.1767676768,8.0040449438,-0.012900014,0.0,0.0,1.0,0.0,0.0,0.2069472824,3.0,8.4501127452,0.1241814047,-0.092419845,8.1593367986,-4.212144997,-3.007611951,14366.335938,0.0340789314,17.759309652,0.0093564204,0.0103831768,0.0454944091,0.0971507819,0.0300826315,0.2794587755,1.0,0.0094658553,-0.101502561,-0.027574899,4.0,19.733784695,7.6861938139,0.0,0.0714285523,0.0326403129,0.0508872635,0.2290755747,6.3585883817,1.755985e-11,4.1109221e-09,1.9120347509,3.6558768887,-0.005561346,0.0868376238,0.3243079927,0.818494895
72611,0.3150232966,0.0759159807,7.1283958279,0.0059757094,0.0630646532,0.4385949678,0.3351150296,0.2510055895,0.6466071149,0.0041300434,0.0578654661,0.0791348541,0.3545804305,0.0489976596,0.0791348541,40.0,0.0840314683,0.2987012987,0.3147731844,0.1087572237,0.1620507731,0.1305563591,-0.00376246,0.1384056835,0.2984642416,0.6551737515,0.0,9.7023809524,0.0301383267,6.1374458874,0.015964565,4.7893285062,5.6562150056,1.4118782575,0.0,0.0,1.0,0.0,0.0,0.801197371,7.0,1.5072056223,0.1564741352,0.1206967401,0.0711713579,7.5021440982,0.1357450226,-5619.771101,0.0232852488,11.209081519,-0.007882815,0.0601888494,0.0744874715,0.0259853274,0.1691669175,0.0283260801,3.0,-0.015521813,-0.068596158,-0.075226506,5.0,9.3625614961,0.1186119874,0.0,0.0666666701,0.0222771597,0.0297200051,0.7284452109,0.3180221563,5.0814939e-07,2.6911496e-07,0.3018411578,0.0911080845,0.8989491612,0.0980777722,-0.002142024,-0.24467985
58975,0.6992969969,-0.629198076,-0.638298554,0.0,1.8843415302,2.3152529973,0.0607847189,-0.253522961,0.1273253954,0.0038107368,-0.106631781,-0.264659914,-1.275081479,0.1730807376,0.2646599137,45.0,-0.013998941,-0.087912088,-0.10753011,0.086101551,0.1132887326,0.2196779246,-0.169943295,-0.080680478,-0.483708734,0.6362965209,0.0,2.677236706,0.2928760193,2.3541165274,0.322549343,3.954800463,3.5273064447,-0.213057087,0.0,0.0,0.0,0.0,0.0,0.2852734288,5.0,9.0764039172,0.2301552076,0.0002236228,8.3121979092,-4.200118825,-3.079810288,-968.6554916,0.0340789314,13.942916313,0.003119203,-0.003574982,-0.013239465,0.0203645062,0.2292615637,-0.026921006,0.0,-0.004504505,0.1080202034,-0.096959646,4.0,15.253443061,1.964161031,0.0,0.0317899138,0.0323366525,0.0558315811,0.2802235227,3.2198146876,2.18379e-09,1.2943405e-08,2.3700713701,5.6172382994,0.0359948106,0.0915494571,-0.432028117,0.818494895
67029,0.3070618232,0.001908955,4.9021491381,0.0,0.1861911484,0.4554198945,0.0204457749,0.2443382995,0.466745785,0.0239235625,0.2333247489,-0.052432853,-12.21792261,0.0252324192,0.0524328529,40.0,0.017707778,-0.002272727,0.0264728305,-0.046897498,-0.051069043,0.2086471829,0.3362336251,0.0004315545,0.251112836,0.4759466615,0.0,2.1081948355,-0.053028409,1.9548330457,-0.074239615,4.0874450415,3.8329243153,0.0752075646,0.0,0.0,0.0,0.0,0.0,0.7538454227,4.0,-0.238705503,-0.162875737,-0.008033472,0.13647471,0.1419750793,-0.019409169,-5203.665176,0.0915965863,11.603070298,-0.002406854,-0.015915463,-0.025550704,0.0178553661,0.226441867,0.0221737651,0.0,-0.011363636,1.2291779261,-0.021660767,3.0,11.992986604,1.213009663,0.0,0.0705393478,0.0279955605,0.0486801459,0.4293490018,3.034715344,3.0165562e-08,1.7224777e-08,1.4964627831,2.2394008612,0.0534712044,0.0560827238,-0.312730829,-0.049938477
23026,0.4353124083,0.0603314005,-3.023408118,0.0508877017,2.239239329,0.6490287254,0.0499261655,0.0511335429,0.0799744687,0.0045611595,0.0538130555,-0.009681323,-0.418743769,0.0855947985,0.0096813231,46.0,0.0008298277,-0.013234816,-0.022202084,-0.134257726,-0.051202462,0.0363836825,0.016606644,0.0532375121,0.037562724,0.471332966,0.0,0.742206235,0.476516659,0.6788569145,0.5259372714,5.9911160466,7.4982626824,0.0613069067,0.0,0.0,0.0,0.0,0.0,0.3323297491,6.0,0.7196196361,0.0361264431,-0.017243096,-0.004433188,-0.104150475,-0.098008817,5105.5554218,0.0260918659,17.023408979,-0.000652103,0.0093771837,0.0559892328,0.0052598358,0.0155972089,-0.057877835,1.0,0.0008422235,0.1767863846,0.0219517406,4.0,17.78771705,1.6130829357,0.0,0.0276586823,0.0161687653,0.0180936975,0.2655768681,1.6244552144,6.371907e-11,1.851566e-08,0.7309678101,0.5343139394,0.0490089125,0.0386069152,0.1094441167,0.1163368332
24440,0.5699623352,-0.027259887,-105.4894458,0.0498744507,1.1122096673,0.3330665411,0.038301128,-0.02771151,0.083352231,-0.00049975,0.0293690449,-0.08154311,-5.103626943,0.1118644068,0.0815431102,46.0,0.0014533346,-0.026804124,-0.048978312,-0.080557259,0.1183370919,0.0417404476,0.0634525417,0.049463458,-0.122647663,0.4908384241,0.0,0.6144250072,-0.060366778,0.3954688844,-0.112925404,454.11939356,9.4157054126,0.0311484562,0.0,0.0,0.0,0.0,0.0,0.1832346902,4.0,0.4324391332,0.0455926997,-0.030812404,0.1302167391,-0.077545137,-0.071739209,-5147.286558,0.0260918659,15.862409809,-0.001876619,0.021219379,0.0693528895,0.0245992281,0.000123178,-0.035474338,2.0,0.0033373786,-0.223539199,0.003639447,2.0,16.386303437,1.3505791622,0.0,0.0225236211,0.0124180415,0.0169420078,0.2990559961,2.1119708702,1.705836e-10,1.7633504e-08,1.0284309436,1.0576702058,0.0604570863,0.0326781345,0.1200826867,0.1163368332
13610,0.3738712737,-0.249943306,-1.37754349,0.0325475199,1.7575403043,1.4838370511,-0.006286195,-0.099795381,0.0970526132,0.0019023462,0.0073556563,-0.159038187,-1.431384679,0.1078217128,0.1590381873,46.0,-0.002405677,0.2307692308,-0.057610475,-0.072720897,-0.212743834,0.1439250219,-0.041983706,0.0283854677,-0.399875905,0.3639519762,0.0,1.4322295437,-0.095706644,0.869463675,-0.075976049,30.353189246,7.3256997455,-0.067930304,0.0,0.0,1.0,0.0,1.0,0.2535677353,3.0,1.2503210384,0.0043016904,0.0527646722,0.1300193349,5.7188038781,0.1945690758,-1865.970621,0.0232852488,15.996108434,0.015750127,0.0451300651,0.1883163831,0.1173611199,0.0353762409,0.006440236,4.0,0.0095336788,0.6874078065,0.1122880047,5.0,16.940521747,2.6291561562,0.0,0.0777319446,0.0264189014,0.038281717,0.2880483397,4.0085112059,1.782779e-10,8.317842e-09,1.3152142433,1.7297885058,0.2279043364,0.0620044184,-0.319999027,-0.24467985
25232,0.3538908103,0.0358909614,15.888791068,0.0359231738,0.9977842951,0.5003015265,0.0779862499,0.0580701437,0.1167191398,0.0765489221,0.0930431273,-0.057306034,-2.098955792,0.1112245028,0.0573060338,46.0,-0.006045193,0.0013879251,-0.159589377,-0.153213056,0.2232749241,0.0300524298,0.1581054318,0.0445056673,-0.029481922,0.5035886879,0.0,1.3906356565,0.9107892734,1.1147152164,1.3369853051,16.286572252,10.294388018,0.073045907,0.0,0.0,0.0,0.0,0.0,0.2822974354,5.0,0.6545328901,-0.071718943,-0.002620355,-0.085854786,-0.530675131,-0.072379113,5554.9008018,0.0260918659,17.157759885,0.0006735474,0.0167262812,0.0663269709,0.091335547,0.0093973647,-0.010250584,1.0,0.0010346611,0.1164313064,0.0047409664,4.0,17.786012498,1.3103434121,0.0,0.0216793623,0.01985163,0.0267906307,0.2821804698,1.7273111306,8.834473e-11,2.0133456e-08,1.7304914111,2.994600524,0.0570407267,0.0502579683,-0.229864495,0.1163368332
60098,0.4928963841,0.0542439215,-105.4894458,0.0341328508,0.9662436553,0.5037286436,0.055939975,0.1340427825,0.1015673416,0.0326709497,0.144275266,-0.047844691,-1.210941983,0.1199301633,0.0478446909,46.0,-0.0023438,-0.060688406,-0.031969444,-0.090762915,0.116288068,0.0396623069,-0.098094704,0.151513792,0.1145055164,0.4807892884,0.0,0.5376362796,-0.599734579,0.3266290586,-0.605277887,454.11939356,7.8107652752,0.1111973398,0.0,0.0,0.0,0.0,0.0,0.2487274179,5.0,0.7218192248,-0.002821898,-0.064696686,0.053150788,0.690634007,-0.063673452,-9752.249858,0.0260918659,14.696353463,0.0010759489,0.0197463156,0.0576468956,0.0346405225,0.0004688281,-0.054389369,3.0,0.0026800071,0.4816513869,0.0261748526,6.0,14.429107097,0.6739529037,0.0,0.0291199945,0.0150161426,0.0222989671,0.2430130536,0.6514819432,1.836844e-09,4.1609484e-08,0.8480499783,0.7191887657,0.0774099721,0.030109444,-0.386486213,0.1163368332
60186,0.3582810175,0.0443157996,-2.049950924,0.0003134721,1.3200974974,4.2669326265,0.0746611841,-0.084391411,0.3515795957,0.1691357828,-0.175214481,-0.071975632,-2.851568,0.1706853155,0.0719756322,47.0,0.0250931295,0.2207792208,-0.07933632,-0.117999085,0.2143334086,0.2027205772,-0.04105326,0.0353376425,0.540728848,0.4618111169,0.0,1.5871458327,-0.066312164,0.6703543884,-0.247216577,71.754019157,12.100847327,0.0625065143,0.0,0.0,1.0,0.0,0.0,2.5909891508,7.0,-0.025426579,0.0494967485,0.2404649652,1.3953965392,0.1236364157,0.1831657253,-1696.630271,0.0624291911,14.816686334,-0.000311788,0.0122856628,0.0520365699,0.1331457251,0.0110931027,-0.000448382,0.0,0.0060722275,0.9050797229,0.248214866,2.0,15.800088772,2.1919133523,0.0,0.0239129905,0.0200807729,0.0426758455,0.2793457974,3.567665534,5.652518e-10,1.0542985e-08,0.0340767013,0.011860622,0.6936365063,0.1372983869,-0.005132076,0.1631852225
91531,0.4876093965,-0.047873468,2.4091933702,0.013374572,0.6924778407,0.8818467809,0.100493289,-0.052468519,0.2091744953,-0.031192661,0.038425492,-0.155796172,-3.963446475,0.1418704601,0.1557961718,46.0,-0.018268589,0.0,-0.014664804,-0.208171298,0.0247999396,0.1132309217,0.0256497328,0.0060963422,-0.157633341,0.4227433815,0.0,1.8097222222,0.1669678958,1.2159722222,0.5720107815,9.7444751381,7.6768226333,0.0136091954,0.0,0.0,1.0,0.0,0.0,0.4234506586,5.0,-0.277931548,0.0445981599,0.0302624685,-0.125821257,0.000884957,-0.0589389,4738.0217024,0.2481721303,16.013651745,0.0040434135,0.0260599379,0.0631527812,0.0355712115,0.0928764653,-0.020139816,0.0,0.0,0.1323186483,0.0215296841,5.0,16.768588847,2.0140848939,0.0,0.0401578322,0.0242573825,0.0334579188,0.5329905749,7.3486925321,1.853345e-10,1.0238416e-08,1.4688957996,2.15765487,0.020303781,0.0360420866,0.0108482116,-0.199501332
77157,0.1585701056,0.1329426137,-3.500908348,0.0042712486,4.5280574585,3.258428802,0.0590383445,-0.075754422,0.1420395421,0.0097514659,-0.062458545,-0.022496215,-0.835341365,0.2439950782,0.0224962146,43.0,-0.022063595,-0.090909091,-0.089512159,-0.092732771,-0.0699706,0.1359605911,0.0644121954,-0.091259105,-0.364025696,0.3487443143,0.0,1.2102212856,-0.029585424,0.7671232877,0.0605758551,10.840142096,9.7961476726,0.0756547042,0.0,0.0,1.0,0.0,1.0,2.4496788009,5.0,-0.067052745,0.0103807012,-0.060646622,-0.454860548,0.0441310105,0.0431857179,-1389.245698,0.2481721303,14.55977303,0.0002319109,0.0087897228,0.1954887218,-0.00134053,0.0716404289,-0.071457379,0.0,0.0056061668,0.3558522402,-0.095413983,4.0,15.070068675,1.4125078951,0.0,0.061660137,0.0295235981,0.0476152887,0.2525683578,2.2007926894,1.7043635e-09,1.5840144e-08,1.9035427167,3.6234748744,0.0205629409,0.0685309937,0.2415613883,-0.199501332
44230,2.1761601027,-0.259538185,-34.1363385,0.0082251706,0.6197168341,2.5742164477,-0.09797381,-0.135659103,0.2701844744,0.0038180083,-0.223666076,-0.139014855,-1.615058539,0.1596311771,0.1390148554,44.0,-0.078533577,-0.312820513,-0.162559226,0.035550943,-0.119224905,0.1963553171,0.2087664477,-0.068720341,-0.106824926,0.432276388,0.0,3.5667713113,0.2516988897,1.3496739918,0.4421851582,54.353982301,6.579539368,-0.182147344,0.0,0.0,0.0,0.0,0.0,0.3556960392,3.0,-0.076880074,-0.033646299,-0.313723651,1.7196694122,-0.344770078,0.1074067508,-8610.552615,0.0376507894,9.8228088422,0.0040690307,-0.013728906,-0.016772304,0.0274623638,0.014203676,0.0219443418,0.0,0.0058814043,-0.170585739,-0.045253294,3.0,8.1480942141,0.3273603689,0.0,0.065878354,0.0206840227,0.0124758773,1.2306791464,1.1419202924,2.3959196e-06,1.3764062e-07,0.101303146,0.0102623274,1.0291747515,0.0511968746,-0.201060776,-0.028114825
22509,0.1666624924,0.0309361209,10.594841763,0.0145306023,0.4025504146,0.4054799715,0.1034738887,0.1043596115,0.3424440931,0.0042684997,0.1167005282,-0.057642765,-1.017045455,0.0623995621,0.0576427651,46.0,0.0013417776,-0.014705882,-0.08664379,-0.075758449,0.0194233628,0.1280825365,-0.056299902,0.0282922973,0.0766464799,0.3555034261,0.0,1.4071620782,-0.002214896,1.0480231836,0.0280496476,7.1789419087,5.077402788,0.1201720034,0.0,0.0,1.0,0.0,0.0,1.1203633611,4.0,1.4111860328,-0.139209187,-0.192710441,-0.077189446,5.6797257583,0.1491469251,28388.404299,0.0232852488,17.224360899,-0.001530055,0.0153894332,0.0551105415,0.0202352133,0.0598638212,-0.074029483,0.0,0.0009789525,0.4686096526,0.0476445807,5.0,17.95525218,1.5780347229,0.0,0.0294678248,0.0177753914,0.0311643024,0.3764572154,3.1409584825,7.269642e-11,1.4668356e-08,0.9205173576,0.8473522056,0.0266185329,0.0320801415,-0.140299357,-0.24467985
60506,0.3474376291,0.0434179998,1.4350215352,0.0229763614,0.5975659703,0.6262738822,0.0798878556,-0.003564742,0.1302170931,0.0008663009,-0.042079871,-0.059652674,-1.300677757,0.0998908263,0.0596526736,46.0,0.0020981578,-0.037037037,-0.268409395,-0.24048995,-0.037816183,0.1521171694,-0.072315426,0.026800794,0.0704608442,0.6662900849,0.0,11.312633709,-0.026082037,10.4,-0.032036435,3.769371654,1.4386397505,0.1285366188,0.0,0.0,1.0,0.0,0.0,0.3804926799,4.0,-1.382178689,-0.097492077,-0.040376241,-0.071983844,-0.479744071,0.1774448978,12191.416256,0.0629453635,17.178489297,8.44542e-05,0.0131151722,0.0340224253,0.0076935863,0.1353354903,-0.038779257,0.0,-0.003167765,0.0759841161,-0.014144985,6.0,17.432244708,1.0795897412,0.0,0.0245706737,0.0161547083,0.0268054272,0.3157398504,2.1805641417,8.075473e-11,1.8974863e-08,0.7567938925,0.5727369958,0.046388054,0.0291957131,-0.055180943,-0.107827317
86136,0.550308008,0.0569462405,-7.821830244,0.0376285956,1.1342722509,0.3093543979,0.0278994962,0.0145892028,0.0685144293,-0.011117091,-0.049498404,-0.007529028,-0.237935977,0.0704957999,0.0075290276,46.0,0.0004686744,0.0527596822,0.0499584449,-0.10447046,0.0222531852,0.0410891333,-0.029914107,0.0697784208,0.1445871767,0.3641235159,0.0,0.6595993566,0.8075274373,0.6145635327,0.8364651613,11.578411405,5.7395254922,0.0878794609,0.0,0.0,0.0,0.0,0.0,0.1892366023,6.0,0.7199808112,0.0557866657,0.0487514022,0.1105624119,0.1599085752,-0.113107815,25234.676142,0.0260918659,17.746039853,-0.006560352,-0.009284632,-0.025008834,0.0091441882,0.0128277898,-0.061606673,0.0,0.0003162055,0.3152989127,-0.020373902,3.0,18.210777709,1.1351383741,0.0,0.0199963823,0.0125612815,0.0186152394,0.2915711945,1.7044424065,4.259553e-11,2.2442394e-08,0.9191577087,0.8448508934,0.1662503516,0.0311813862,0.3397828886,0.1163368332
61146,0.1369054804,-0.026567969,6.3077683384,0.0,0.1128815315,0.155348717,-0.139627015,0.8129074109,0.2574995253,0.317998677,0.330398664,-0.061193076,-0.446337728,-0.014709682,0.0611930756,39.0,0.0086695503,0.053,0.1418240472,0.1129544153,-0.044312415,0.5700456621,0.6448833792,0.0073993207,1.5863110355,0.6750275957,0.0,6.2296103506,1.8033679361,5.6881053079,2.226046121,1.1831907287,4.9740809679,-0.199912535,0.0,0.0,0.0,1.0,0.0,0.5564813925,3.0,0.019784612,-0.402727267,0.0520968614,-0.31958521,-0.541559706,-0.066934108,-7253.471935,0.0376507894,13.703493922,-0.000130748,-0.040032595,-0.073146708,0.0139311248,0.2209783405,-0.022911386,0.0,0.0032515038,0.0508149887,0.0114245033,3.0,14.891907766,2.6060650851,0.0,0.040901538,0.03240893,0.0496238164,0.2691480906,2.4691861938,3.3882662e-09,1.1931975e-08,1.9848641895,3.9396858507,0.0516535229,0.0637467794,-0.238844645,-0.028114825
61269,0.8848326774,-0.01156812,-6.127270909,0.008226219,2.4231356239,3.3295621261,0.0101477513,-0.007554945,0.1598748474,-0.006079267,-0.018942548,-0.05653223,-16.4,0.1781490545,0.0565322303,46.0,-0.012486116,-0.084507042,-0.199653958,-0.143926404,-0.097325908,0.1173001311,0.035465192,0.0101495726,0.0256257449,0.4662970396,0.0,2.3002279388,-0.033251314,1.2878541192,-0.014314915,23.549090909,4.246557377,0.0328885153,0.0,0.0,1.0,0.0,0.0,0.5339690107,3.0,-0.065590872,-0.189795724,-0.064821298,1.921948199,-0.40921584,0.1906294643,-3295.047771,0.0624291911,11.700504941,-0.002443831,-0.005344021,-0.021120563,0.0566462311,0.0435068253,-0.004110786,0.0,-0.030564263,0.2701222387,0.074625276,3.0,12.012157905,0.8559503935,0.0,0.0369155668,0.0390751624,0.06263815,0.3158646207,1.9448583909,3.4871842e-08,1.9385438e-08,1.754708656,3.0790024675,0.1182347394,0.0662522855,-0.23062388,0.1631852225
41355,0.2117467868,0.0440244759,33.664431668,0.011963836,0.3007292008,0.3617475127,0.1230523028,0.0305504725,0.2129487665,0.0045894396,-0.123598238,-0.041362956,-0.474715652,0.0649235837,0.0413629559,47.0,0.013773214,0.0815518606,0.0476155706,-0.146743836,-0.016439292,0.2482492174,0.1228696748,0.025272278,0.3736228903,0.2466897439,0.0,1.8139010361,0.1690068719,1.1387387643,0.1675913192,18.579418388,5.6395761328,0.1833788291,0.0,0.0,0.0,0.0,0.0,0.6465812875,7.0,-0.003095475,-0.095431184,-0.019610705,-0.316809633,-0.503104763,0.0305044868,35906.394895,0.0495151733,17.364967383,0.0013756754,0.0221794683,0.0537199938,0.0148118437,0.0256441324,-0.055213237,0.0,0.0017523782,0.6666618238,0.0783610761,6.0,17.713599445,1.2354410872,0.0,0.0428645313,0.0188553613,0.0311652246,0.3400815955,2.5341695613,8.190099e-11,2.006195e-08,1.3551094167,1.8363215311,-0.009106781,0.03123096,-0.032167383,-0.010696088
61496,0.3503679267,0.0607875743,16.583004222,0.0151572812,0.7477771602,1.5573113794,0.1052416268,0.1920077118,0.3340729698,-0.016544582,0.2264810295,-0.039133763,-0.650024212,0.1003009693,0.0391337626,43.0,0.0365578019,0.16,0.0639750766,-0.524308601,0.0286547376,0.1983975479,-0.133063219,0.122264348,0.1245474702,0.2924897233,0.0,2.3222891169,-0.160045361,0.9466333024,-0.327060372,55.545312395,17.885069624,0.157167731,0.0,0.0,1.0,1.0,0.0,0.901377138,4.0,-1.357517939,0.0044651156,0.1566607959,-0.069053547,-0.150602947,0.1778550407,-16116.50739,0.0629453635,14.174625398,0.0053678269,0.025799802,0.08922678,0.1824216328,0.0190302308,-0.038256579,0.0,0.0054021609,0.4175938292,-0.005660405,4.0,14.894100212,2.0612475549,0.0,0.0504160188,0.026443319,0.0423118409,0.2993866349,3.5996833253,1.3051542e-09,9.39104e-09,2.2704630797,5.1550025962,0.0487737568,0.0616176304,-0.068670431,-0.107827317
60687,0.8973572294,0.0967543809,-11.29451066,0.044411847,8.8264580512,1.032443264,0.0129254505,0.0489947241,0.0181805219,-0.043840804,0.0456616714,-0.020195413,-1.982240437,0.2885448272,0.0201954125,42.0,0.0,-0.051948052,-0.033650872,-0.98100471,-0.048422562,2.1510791367,0.3122413266,-0.000270925,0.0829478386,0.2142620912,0.0,17.006908463,1.0682470425,17.006908463,1.0682470425,1.3854203618,0.5557057484,0.0157840751,0.0,0.0,1.0,0.0,0.0,0.1875897272,5.0,0.0297554506,0.0118711169,-0.577862914,-0.333362574,0.0736013002,0.4043791892,-5460.730764,0.0397241163,16.282202431,0.0013130899,0.007609451,0.0391001607,0.0122776954,0.135461893,0.002986653,0.0,0.0065962012,0.0800526698,0.0651023936,5.0,16.250235215,0.7672635974,0.0,0.0202711374,0.0151747477,0.0227609068,0.3252507136,1.0537539449,2.707961e-10,3.33042e-08,1.5034627159,2.2604001382,0.0653582286,0.0400313224,-0.213865881,0.045344153
22517,0.6167454037,0.0677483734,-6.783952891,0.05898582,1.6023020685,0.3508249672,0.0564473601,0.0533274956,0.0908056042,0.0021818665,0.0628345927,-0.027229306,-0.869298843,0.1266419561,0.0272293062,46.0,0.0006183633,0.0030944625,-0.020852105,-0.084895314,0.0465692163,0.0330177788,0.0072763245,0.0714098074,0.0294049727,0.4727370729,0.0,0.4631085829,-0.17989445,0.4027103898,-0.189617696,10.729196051,5.5163161711,0.0817416064,0.0,0.0,0.0,0.0,0.0,0.2422446309,5.0,0.676956614,0.0431332819,-0.000913817,0.1769998076,-0.04730494,-0.056961659,10163.890842,0.0260918659,16.851881134,-0.002378766,0.0056856824,0.0139780631,0.0052850534,0.1395335226,3.0868699201,1.0,-0.00215208,0.108549083,-0.017820005,5.0,17.787384235,2.011911896,0.0,0.0236851387,0.0132898318,0.0176463738,0.1786174494,1.4703119438,5.923542e-11,1.3147575e-08,1.0771778557,1.1603121328,0.0376732093,0.035836473,-0.014740026,0.1163368332
13856,0.065740225,0.0347904268,16.054758664,0.0273095078,0.38780576,0.3438584147,0.1224225102,0.1829605205,0.5227698066,-0.00790798,0.2463449489,-0.040743009,-0.490589888,0.0518582583,0.0407430088,46.0,0.0097279328,0.0898876404,0.0478104853,-0.026595038,-0.011153076,0.1052563045,-0.09748778,0.0546551746,-0.090085216,0.3246713123,1.0,0.984126305,0.1411849434,0.8056221119,0.1521516763,7.3680242907,8.373631604,0.1334545073,0.0,0.0,0.0,0.0,0.0,2.6924117408,4.0,-0.113916859,0.0358445769,-10.99021432,-0.086993145,-1.609729062,0.0104546722,188297.09791,0.0426379215,19.277947544,0.0029986636,0.0240731721,0.1453689784,0.0100857127,0.0734552941,-0.033267417,0.0,0.0004653946,0.4305346794,0.026570837,7.0,19.173450743,0.8026210858,0.0,0.0170501433,0.0120693819,0.0165771795,0.2540528484,0.9051811595,1.132555e-11,3.2315317e-08,0.487604298,0.2377579514,0.1248265114,0.0257947975,-0.061175422,-0.010149049
50550,2.3607311136,0.1646800529,-6.426197613,0.0,5.3215142014,8.0806518106,0.0549071936,0.1248033507,0.1322372913,0.0108991826,0.1464429121,-0.013508622,-0.593925863,0.2624877955,0.0135086221,46.0,0.0,-0.043956044,0.1950042149,0.1095559999,0.0574598065,0.1963515888,0.6598326358,0.0092336289,0.0789602692,0.6306602661,0.0,1.8020330663,0.0828953112,1.8020330663,0.0828953112,10.020956583,1.6116301309,0.06570006,0.0,0.0,1.0,1.0,0.0,0.3652924503,7.0,1.9183881608,0.1159935914,-0.041487848,1.7294049113,-0.900932305,0.0286945843,-3972.870811,0.1021842523,13.068538446,0.0017168902,0.0031467059,0.0095942781,-0.226007799,0.0582120035,-0.011401412,0.0,-0.025423729,1.1354645024,-0.075610911,2.0,13.587887506,1.19546875,0.0,0.0348718092,0.0201938406,0.035257269,0.2455502061,1.0995527095,7.9626885e-09,2.5789987e-08,1.5068446335,2.2705807495,0.0479706976,0.0787943055,-0.16534593,-0.280901789
62341,1.27757222,-0.353797617,-105.4894458,0.0,1.2809410931,0.6541514342,-0.120991147,0.177421842,0.06214585,0.618400766,0.2409939934,-0.329195027,-2.201235642,0.4249943069,0.3291950274,43.0,0.0,-0.037037037,0.1583767471,0.2413602953,-0.842577233,0.1554348757,-0.033305842,0.3093504141,0.1199015888,0.5313515744,0.0,0.4037516749,-0.530373425,0.3952622083,-0.530373425,454.11939356,5.4829908578,0.0138486969,0.0,0.0,1.0,0.0,0.0,0.0719685276,2.0,8.6862069627,0.2217617248,0.0510986736,8.8904731323,-3.833014525,-2.827896719,289.11803844,0.0340789314,15.710911805,6.3759628e-06,0.0272443381,0.0589560008,0.0513664011,0.0186169306,0.001808521,1.0,0.0160371386,-0.192668664,0.0106941299,5.0,16.875740051,3.3206747075,0.0,0.0410016961,0.0238301528,0.044263611,0.2170179319,1.919039166,3.140788e-10,1.2049235e-08,1.6557081102,2.7413693461,0.1622151437,0.0852193961,-0.08535536,0.818494895
21936,0.3085965649,0.0340862615,7.2769816724,0.0418258193,0.4428822835,0.2045078093,0.0494526423,-0.079169378,0.206992698,0.005963137,-0.127698429,-0.046114921,-1.061989979,0.0702855297,0.0461149205,46.0,-0.00147334,-0.110985277,-0.190183575,-0.099066096,-0.003954172,0.3123651344,-0.205833735,-0.013141162,0.0017742293,0.1975949205,0.0,1.3528935185,0.5385281778,1.0424768519,0.5859933312,3.4288987072,5.284741488,0.1207609934,0.0,0.0,0.0,0.0,1.0,0.5247283211,4.0,1.2692133244,-0.03941076,-0.288989836,0.0647446262,5.978574747,0.1570328926,199174.81938,0.0232852488,19.277947544,0.0001117425,0.0480108286,0.1164729734,0.057009285,0.1657253834,0.0085405347,3.0,0.0069751221,1.249405662,0.0253280445,5.0,19.733784695,1.090652604,0.0,0.043313805,0.0198651295,0.0298373032,0.2305992934,0.9888042468,1.181148e-11,2.5582508e-08,0.378220477,0.1430507292,0.1785083499,0.0346378896,-0.014926241,-0.24467985
21776,0.7910657281,0.0476557319,-46.82446187,0.0362941005,2.2929374544,0.8020874817,0.0269508389,0.0347263897,0.0771261912,0.0031359759,0.0447435954,-0.017869081,-1.157412124,0.1028130538,0.0178690807,46.0,-0.000361786,-0.011402195,-0.04062373,0.2097406429,0.1185704977,0.0599416603,0.1494645101,0.0385030846,0.0112028302,0.3874536913,0.0,0.9836347976,0.1591642107,0.8487980581,0.1724803247,30.008174387,7.1373946857,0.0754870086,0.0,0.0,0.0,0.0,0.0,0.2462760675,5.0,0.6827443256,0.033677583,-0.015410475,0.351320132,0.0092266774,-0.080790562,29671.980922,0.0260918659,17.640977848,-0.001424468,0.0035240657,0.0141879278,-0.084454223,0.025863174,0.2209869131,1.0,0.0008274721,0.1544624586,0.0040951729,3.0,18.271455685,1.9284214607,0.0,0.0399581566,0.0172917676,0.0212627707,0.285780627,2.3839030634,3.532338e-11,1.473374e-08,0.9090216117,0.8263202906,0.0440688062,0.0292109819,0.0580828456,0.1163368332
52898,0.403626161,0.0245464406,151.68883266,0.0200414614,0.7774057791,0.1280281687,0.0370055728,0.4639285365,0.0836117554,0.1115741601,0.6459029852,-0.019349934,-0.783485285,0.0437782155,0.0193499341,46.0,0.003470026,1.0,0.6699059899,-0.869705606,-0.222103111,0.02685191,0.079423219,0.374447513,0.2069172812,0.3906421612,0.0,0.6296357015,-0.680762351,0.5329249693,-0.713544919,307.78993163,5.4358994998,0.0747329172,0.0,0.0,1.0,0.0,0.0,0.1531456945,4.0,0.6479283817,0.0751926832,0.9144225865,-0.036119435,0.4174467169,-0.1398254,85.206541812,0.0260918659,16.242514948,-0.000169111,0.0036244459,0.0104413752,0.0007841941,0.0006838767,0.3688437117,0.0,-0.000868056,0.5503635015,-0.002501479,5.0,16.381667202,0.9316551429,0.0,0.0285546463,0.0178418893,0.0220916257,0.2876102772,1.4322923276,3.206673e-10,2.5719981e-08,0.7888393408,0.6222675056,0.1041272727,0.0299331497,-0.047626556,0.1163368332
13901,0.0372595752,0.0586257564,11.474358876,0.0830367496,0.5833571176,0.2735212421,0.2719285816,-0.037689513,0.2774248544,0.0002352014,0.0357692128,-0.081046698,-0.877098724,0.1100463325,0.081046698,46.0,-0.006764234,-0.02739726,0.0527884421,0.5415944123,0.0072348227,0.1277335984,0.1298206337,-0.005094275,-0.543715847,0.1517648163,1.0,0.7852808121,0.3306147094,0.5683548494,0.8355324136,4.2137080469,152.12408759,0.1081464693,0.0,0.0,0.0,0.0,0.0,2.0003214401,7.0,0.1955658963,0.0598082782,0.0255283861,-0.251959059,0.0437574024,-0.030364187,14496.776424,0.2595729663,18.427976451,-0.026023022,-0.06132288,-0.83573841,-0.00175638,0.0747396623,-0.07027089,0.0,-0.000878735,0.866501914,-0.084695806,4.0,18.630850847,1.0164260685,0.0,0.0226064287,0.0093225753,0.0167437182,0.2303210616,1.0354987374,1.731105e-11,2.4898675e-08,0.5973868484,0.3568710466,0.0311197281,0.0311179204,0.346817138,0.1092705762
13928,0.6988597854,-0.063238979,-0.578364833,0.0428695188,0.767226249,0.4397930319,-0.063126509,-0.111977763,0.079530306,-0.015509721,-0.075992556,-0.1127152,-2.777860052,0.1124300543,0.1127152,46.0,-0.000360544,-0.067307692,-0.423219824,-0.232981659,-0.18868329,0.1832530239,0.1232770202,0.0598888164,-0.146708213,0.5146900891,0.0,2.2486023108,-0.063625254,2.0618710399,-0.085934554,2.3627672956,6.8206245461,0.1393167529,0.0,0.0,1.0,0.0,0.0,0.1357022384,2.0,8.8135001564,0.0209525004,0.0208280184,8.3117606978,-3.900525117,-3.140460972,40952.845488,0.0340789314,18.634168121,0.0200294504,0.0278561643,0.053731141,0.0776416293,0.1377027399,-0.624416727,3.0,0.005312085,-0.048772621,-0.023542841,6.0,19.270684227,1.3984326156,0.0,0.0482485034,0.0266348188,0.0357564563,0.1999567173,1.2819590532,3.126671e-11,2.0872691e-08,1.1540177973,1.3317570766,0.0308626194,0.0502177807,-0.192234286,0.818494895
62958,1.3523513364,0.2620453115,-5.706925982,5.38924e-05,0.7768301861,3.4389040057,0.1922982678,4.28897e-05,0.2903644416,-0.006032025,-0.356177844,-0.062771595,-0.452656622,0.429217464,0.0627715946,46.0,-0.075316016,0.0,0.0987259025,0.2649928823,0.433460747,0.09908926,0.050860567,-0.069678184,0.4660323153,0.541116787,0.0,3.2650287738,-0.114168571,1.0950167584,0.1707852307,24.527366011,14.457125408,0.3731839457,0.0,0.0,1.0,0.0,0.0,0.6550041531,7.0,-0.058591953,0.1694813258,-11.08010196,1.1996179665,-1.524157862,0.3878138779,-15930.12542,0.0426379215,11.466022505,-0.001901002,0.0120358245,0.0198395675,-0.042893836,0.009474717,-0.013539626,0.0,-0.015340289,0.2981651376,-0.090361296,4.0,7.7953419892,0.030994152,0.0,0.0300000515,0.0155286935,0.0423526959,1.5923349656,0.4638432979,2.3959196e-06,4.062877e-07,0.8551010218,0.7311977574,0.0432718657,0.050235835,-0.06484128,-0.010149049
63125,0.0693628431,-0.018236881,9.7831978221,0.0013685693,0.0647274225,0.1191211048,-0.32585002,0.2284584827,0.578253387,0.0170274048,-0.099836966,-0.286893028,-2.352649874,0.0246681141,0.2868930277,47.0,-0.015735915,0.0588235294,-0.146687236,0.1138275821,0.1024473977,0.2281537216,-0.663642349,-0.013289166,0.1131457558,0.6907086526,0.0,2.1843904198,0.6234898094,2.1650956542,0.6790187286,1.3831014317,4.8824031891,-0.206046662,1.0,0.0,1.0,0.0,1.0,1.2452583023,6.0,-2.88063225,-0.12328799,-0.156000902,-0.008506351,-28.84420597,0.0270610606,-13446.72578,0.03476008,13.721501508,-0.000414474,0.0051824683,0.0082184673,0.0027421129,0.5655980861,0.0028238347,0.0,0.0001909855,1.248497122,-0.186643665,4.0,13.222132067,0.5909770789,0.0,0.0367564932,0.0223049999,0.0329150569,0.3490234928,1.0863625642,8.1621462e-09,3.7226452e-08,1.7298369385,2.9923358338,0.0231752118,0.056014845,-0.175262904,-0.054879185
89968,0.59670932,0.0291396019,-0.654933407,0.0202676492,0.7705462107,0.9011938431,0.0759995347,0.2262029239,0.0990103265,0.004301232,0.302687575,-0.40777151,-18.2515554,0.5609826601,0.4077715101,37.0,-0.099557522,0.2097678143,0.4801600853,0.624821317,-0.464700874,0.4386609157,1.2443714151,-0.106122051,0.1342052256,0.4938689997,0.0,59.253559061,-0.604400052,41.701145716,-0.443008221,2.466177759,4.6857940157,0.1013400773,0.0,0.0,0.0,0.0,0.0,0.2007635895,5.0,1.9369326053,0.1514763275,0.0027468713,2.4753214942,1.3445575415,0.9757568641,-9503.078076,0.0642007103,14.537761049,0.0097947807,0.0216242728,0.0478726857,0.0721764622,0.2602680852,-0.005771785,0.0,0.0068611873,0.6760421467,0.0952471474,3.0,15.229179906,1.5981658244,0.0,0.0657688975,0.0313018172,0.0417263171,0.2795997358,2.793426098,1.1487927e-09,1.2405409e-08,1.4976550778,2.2429707321,0.0504442855,0.0398690205,-0.689537255,0.06707331
24459,0.0626742788,-0.180918587,-1.715456007,0.0323693605,4.8649305339,3.3549075579,0.0337492257,-0.045137647,0.2393453328,0.0089528246,-0.005223514,-0.092379394,-2.57556911,0.2850497373,0.0923793938,46.0,-0.000450265,0.0454545455,0.1088725089,0.1545542559,-0.201548748,0.2543019579,-0.012216935,0.009283872,-0.767927549,0.3829068375,0.0,1.1264197042,-0.209271937,1.0912171338,-0.209866638,3.7792261788,3.7126419371,-0.006005876,0.0,0.0,1.0,0.0,0.0,4.2039175661,4.0,0.0411888484,0.2175657974,0.0445514068,-0.393816412,-0.304263642,0.232825311,-7570.274365,0.0376507894,13.723672431,-0.00041217,0.0016944943,0.1591718194,-0.013071837,0.150003411,0.0285678698,0.0,0.0013869626,0.4253131508,-0.005674653,3.0,14.343090366,2.7261923982,0.0,0.2343388051,0.0593203285,0.0466878535,0.4375383407,8.9076339431,2.461339e-09,7.8014729e-09,1.6084493768,2.5871093976,0.1403399595,0.1046401338,-0.168243456,-0.028114825
80185,-0.049715299,-0.035289947,0.6912118949,0.0,1.6896990953,1.0634239582,0.0377705374,0.1803560558,0.4168269704,0.0332607404,0.1730968936,-0.082297407,-3.532312362,0.0893651683,0.0822974075,42.0,0.0121419673,0.2454434994,0.0180419449,-0.065532103,-0.045982992,0.9074740958,-0.170383864,0.0147472016,-0.024753671,0.4149228606,0.0,1.2089324161,-0.160267512,1.0191088089,-0.06836404,2.4297347358,6.4592132025,0.0420721629,0.0,1.0,1.0,0.0,1.0,-6.469352964,4.0,0.6219297761,0.134709937,0.2078618225,-0.453177597,-0.058052561,0.07165119,-14742.33407,0.0642905452,14.355676653,-0.03706938,0.0453312575,-0.83573841,0.0073336817,0.0945601567,0.0098595733,1.0,0.0066122131,0.6119674505,0.1341610211,2.0,16.728017401,7.0692863889,0.0,0.014572911,0.0052634622,0.0091338326,0.4710324718,21.504808725,5.181326e-11,2.4630992e-09,1.9256227593,3.7080230113,0.1187427712,0.0939379289,0.7973304417,-0.091892872
13828,0.1007715984,-0.125226631,11.801133144,0.0,0.1604334444,0.1342316241,-0.514263921,0.3156856796,0.5567354369,0.4359318996,0.3185643564,-0.081493613,-0.14959115,-0.106493835,0.0814936128,8.0,0.0,-0.22,-0.113211301,-0.509044635,-0.00074331,0.3413654618,-0.762217713,0.0096943584,0.3111285266,0.3577775856,0.0,0.7528330126,0.6868054238,0.7528330126,0.6868054238,2.1043437205,4.4348258706,-0.851499947,0.0,0.0,0.0,0.0,0.0,1.4380877743,3.0,-3.316856254,-0.175005467,-0.434824431,0.0229024039,-19.25034632,-0.104100889,-14565.08954,0.03476008,9.599656178,0.0012138601,-0.011856369,-0.130841121,0.0187300993,0.4176530612,0.0075233861,2.0,0.0417710944,-0.757189923,0.0004066145,2.0,8.8371250928,0.4439754491,0.0,0.0718185753,0.0479779612,0.0831190215,1.1121682696,1.5946941668,2.3959196e-06,6.6677101e-08,1.693423951,2.8676846778,-0.42210139,0.2052079307,-0.102613798,-0.054879185
63715,1.0485621245,0.0021965212,-1.093487584,0.042266498,0.4698292673,1.6380234735,0.0024552382,-0.076408387,0.180489034,0.0065426997,-0.185225654,0.0684491508,4.9535809019,-0.106035233,0.0684491508,45.0,0.0089623213,-0.052578868,-0.092459195,-0.20663902,-0.095226633,0.0915330794,0.0387501839,-0.017373242,-0.017620815,0.6796477767,0.0,2.4964591106,0.137544559,1.802857473,0.078400602,3.5121323173,5.9970560122,0.0729556485,0.0,0.0,0.0,0.0,1.0,0.2773313418,3.0,-0.971394869,-0.065301021,-0.777471273,0.9054770368,-2.977806832,0.0124295598,-18555.25932,0.0740556467,12.3343484,-0.001986118,0.0077258325,0.0107611713,0.0512962538,0.3071606082,-0.01594547,1.0,0.013024013,0.3079938675,0.1459984612,1.0,12.71821203,1.3283252695,0.0,0.0334706306,0.0179522727,0.0316989656,0.3053175479,2.2994150423,1.031556e-08,1.7487021e-08,1.2263243569,1.5038714284,0.1605292807,0.0454713275,0.0165728917,-0.091892872
18163,0.1418800857,0.0436371094,22.5761305,0.0252897577,0.2216109959,0.2321801686,0.161950422,-0.011541011,0.3469676885,-0.020179486,-0.015835388,-0.033874012,-0.284146512,0.0560364418,0.033874012,47.0,0.0040415488,0.0202020202,0.0728400282,-0.058083859,-0.007948224,0.121587979,-0.130684287,0.027920464,-0.004068174,0.242847159,0.0,0.6969395147,-0.178823117,0.5163588072,-0.242854372,7.3987169518,16.10962963,0.2326813449,0.0,0.0,0.0,0.0,0.0,0.885941247,6.0,-10.45044958,0.0112140045,-0.29837241,-0.213240151,-2.205850732,0.1986129949,214588.83666,0.02204135,19.277947544,-0.000667228,0.0344657061,0.088662728,0.0030149976,0.086655692,-0.082012174,1.0,0.0001430615,0.2203365905,-0.022294965,7.0,19.376923806,0.6641474565,0.0,0.0265980177,0.0126066278,0.0183538367,0.2151594494,0.6577080709,8.275849e-12,3.4502626e-08,0.3079550155,0.0948362916,0.2446466838,0.0239701111,0.0504726243,-0.24467985
55511,0.4920007935,0.0416036446,-19.77394173,0.0245149973,1.3971311099,0.3656188871,0.0335513052,0.0878339294,0.0792017947,0.0775981118,0.0494736719,-0.041000673,-1.802605841,0.1165986174,0.0410006728,46.0,-0.001510897,0.0239808153,0.0448743588,-0.194663816,0.3511140304,0.0452493977,-0.052751925,0.0813624316,0.2208658139,0.4384472125,0.0,0.4037516749,0.2705284764,0.318169265,0.4245709651,31.448996448,7.9030880438,0.078997155,0.0,0.0,0.0,0.0,0.0,0.2744293494,7.0,0.7689369564,0.0494405862,0.0199725354,0.0522551974,0.0006812723,-0.067004998,-7353.714008,0.0260918659,15.203069391,0.0005601831,0.0139712374,0.0540314131,0.0193274692,0.0060538489,-0.16024694,3.0,0.0052546483,-0.455080587,0.0055707904,5.0,15.764610296,1.623999534,0.0,0.0090180514,0.0066265707,0.0106605062,0.462291268,3.6207086677,1.357203e-10,1.3740655e-08,1.0254790605,1.0516073034,0.0736078519,0.0360505135,-0.069104949,0.1163368332
23712,0.5439843176,0.0648329658,-10.76145455,0.0337267554,1.1593699801,0.326819407,0.0331111111,0.0486067463,0.0744814582,0.0,0.0436567507,-0.024483534,-0.628346457,0.1055705301,0.0244835345,46.0,-0.000388628,-0.01570197,-0.046943231,-0.102999932,0.1554558601,0.0339524929,-0.01717327,0.0541797612,0.0593147326,0.4485573626,0.0,0.6573705179,0.0268489644,0.4983701557,0.0776667421,17.46,5.8590604027,0.0956421365,0.0,0.0,0.0,0.0,0.0,0.1958380277,7.0,0.7389368376,0.0352282808,-0.01971025,0.1042387214,-0.177901599,-0.078033085,17863.913442,0.0260918659,17.370137083,-0.016197354,-0.031729287,-0.098501071,-0.015214898,0.0373285315,-1.781394885,0.0,0.0014778325,-0.155971675,-0.006661093,4.0,17.548187735,1.1296728418,0.0,0.0225780178,0.0132066773,0.0173750249,0.3504073472,2.2585081869,5.34927e-11,1.7803869e-08,0.8112447575,0.6581180566,0.1179263239,0.0284895619,0.0813935976,0.1163368332
54148,0.5718042083,0.1224410666,0.6369114764,0.0117614317,0.4904738443,0.9605005625,0.1636736607,0.13904041,0.2624359613,-0.013954521,0.0719159237,-0.032939351,-0.268334187,0.1552961907,0.0329393513,46.0,0.0081650549,0.0007626311,0.0805961486,0.0022834729,0.0795005812,0.3254949093,0.0955035427,0.0116420018,0.2036959206,0.6260901764,0.0,22.508134812,-0.02029562,5.6760410779,0.6474444982,4.1926659284,40.867717853,0.270436061,0.0,0.0,1.0,0.0,0.0,0.4852047752,6.0,1.8388298438,-0.011775383,0.0032308271,-0.059521994,-0.547525487,-0.078497021,6858.8472192,0.1021842523,16.126253048,0.006782565,0.0393600573,0.0683410486,0.0447635178,0.1292292599,0.0010201501,0.0,-0.00043554,0.5559775194,-0.01941256,5.0,17.066682509,2.5957305637,0.0,0.0448979326,0.0258179157,0.0403444238,0.3327394266,5.2105044173,2.02119e-10,9.2324135e-09,1.6296106144,2.6556307547,0.0739600704,0.0467711891,0.0561156908,-0.280901789
64929,0.2919050801,0.0087675608,13.785804393,0.006142908,0.3472978121,0.3134189649,0.0469954665,0.0145661042,0.1898087791,0.0065407387,-0.023029323,-0.048320228,-3.498184477,0.039438106,0.0483202285,46.0,0.0044631366,-0.066666667,0.2507042328,0.2587046158,0.031242851,0.3407318784,0.9457577589,0.0115197754,0.0641557366,0.235475815,0.0,2.0699994778,0.0406317454,1.579702841,0.0509531265,7.7939305643,3.8010075769,0.0769128653,0.0,0.0,1.0,0.0,0.0,0.4145936126,8.0,32.757673771,0.1796430608,-0.036091995,-0.742264705,-0.062613535,-0.095494051,-23820.5596,0.0799518023,14.88424614,-0.000526662,0.0105466584,0.0225909552,0.0192467004,0.0480629894,-0.015757292,0.0,0.0003785967,0.2263306102,0.0547283429,6.0,14.729742346,0.7491625726,0.0,0.0645413026,0.0307439141,0.0359392597,0.181414984,0.8097994985,2.0708913e-09,2.6712158e-08,1.2412390931,1.5406744864,-0.0028499,0.0364574919,-0.35284952,0.2073588198
64961,0.3555701562,0.0078380564,7.4822258988,0.0,0.1753302796,0.4586856992,0.0327754718,-0.105024746,0.4529298058,0.0141379623,-0.334082135,-0.130445361,-9.35396742,0.0811549811,0.1304453606,39.0,0.0,-0.068990559,0.0306938225,-0.016377094,-3.35012e-06,1.4920115204,0.5871333814,-0.016493176,0.077778943,0.257786329,0.0,1.1495352455,-0.366828303,1.1495352455,-0.366828303,7.0864906141,5.6942231585,0.2205933171,0.0,0.0,0.0,0.0,0.0,0.8064340539,6.0,-2.936244044,0.0445360809,-0.28381499,0.2777009617,-28.74544634,0.0835479275,-13384.34444,0.03476008,14.050079609,-0.000212667,-0.010841163,-0.015438883,0.0096271561,0.1283417411,0.0177007559,0.0,0.0042553191,0.4796342913,0.0993497928,6.0,14.487760752,1.1047296962,0.0,0.0325203389,0.0171699929,0.0286795733,0.2714865542,1.1090352802,2.5653858e-09,2.4273585e-08,1.4079402722,1.98229581,0.019349625,0.0518750055,0.2462382735,-0.054879185
65008,0.5237722662,0.0092235395,1.8081593373,0.0,0.1913150467,0.5211483282,0.0487886104,0.1451056828,0.3518971968,0.0171371685,0.5199475193,0.0682157517,4.9535809019,-0.036466009,0.0682157517,39.0,0.0438151508,0.0,0.3015749355,-0.566572625,0.1063172233,0.0615073254,-0.023243131,0.1095614018,0.0504790294,0.6321611797,0.0,5.3521742008,-0.477357593,3.8911244953,-0.509310904,2.5948653916,3.6183540003,0.1120752825,0.0,0.0,1.0,0.0,1.0,0.4407316086,4.0,0.0731737782,0.1737442299,-0.224334088,0.1730834766,-1.526611652,0.0569012859,-10936.14479,0.0363924557,11.748081103,0.001782601,0.0057627911,0.0079722289,0.056613449,0.2808584161,0.0241525886,2.0,-0.004374453,3.0589327486,-0.242631495,3.0,11.67770459,0.7993856049,0.0,0.0512820557,0.0208199084,0.0307979767,0.4131403827,1.3041716044,3.4145274e-08,3.7669263e-08,1.1195346102,1.2533577435,0.0560646311,0.0766530112,-0.818522908,-0.028114825
65270,0.9306935085,-0.371180894,-40.6103406,0.0,1.9293956937,6.2948412594,-0.002041269,-0.289415948,0.4040115209,-0.112350046,-0.277073859,-0.414219024,-3.841695794,0.9016014033,0.4142190235,39.0,0.0,-0.332844575,-0.212930403,0.1916871704,0.0125476239,0.3088923557,0.6605881868,-0.046593119,-0.313705521,0.448686109,0.0,1.5286176542,-0.536852021,1.5286176542,-0.536852021,204.91689373,3.9066258019,-0.136214288,0.0,0.0,1.0,0.0,0.0,1.1751072432,5.0,-3.019653921,-0.231725839,-0.547669006,0.852824314,-27.99694033,1.0571761327,-14574.39933,0.03476008,12.084807403,0.0180007354,0.0425367482,0.1203586267,0.2107432708,0.0401189341,0.0316626593,3.0,0.0394736842,-0.545502518,0.0033312477,3.0,11.931777071,2.3908896563,0.0,0.2711777985,0.0879932854,0.0925654769,0.9870108367,46.007869183,3.537159e-08,4.5158503e-09,1.8483195796,3.4162852683,-0.063340864,0.1076165525,0.7973304417,-0.054879185
69649,0.4342766205,0.073898132,-2.101147497,0.0115350612,2.8225610114,0.5219746888,0.0478549006,0.3034623647,0.0461648625,0.5066162848,0.3295291024,-0.095489746,-3.722024234,0.3489487703,0.0954897461,39.0,0.0143545482,0.0135135135,0.2132713026,0.0465787801,0.4286762629,0.1417989418,0.0199991108,0.0204077335,0.1589822884,0.7419408153,0.0,1.2498818678,-0.045974309,1.0505176339,-0.006895919,0.5263437434,0.3294328835,0.0327390462,0.0,0.0,1.0,0.0,0.0,0.2902727017,6.0,-10.51626448,-0.071181771,-0.087933519,65.809051122,-7.705221681,0.6384994021,4679.1967823,0.058065833,16.822820092,0.0017690914,0.0075051171,0.0545593285,0.0320769511,0.3042122441,0.0121865882,1.0,0.0042262679,0.3345606815,-0.023702966,4.0,17.277760047,1.3143704572,0.0,0.0360486247,0.0261992196,0.0304507151,0.2574853915,1.8942526243,1.240446e-10,1.6018586e-08,1.0353630527,1.0719766509,0.0157176996,0.0343187549,-0.142209914,0.06707331
66683,0.9327589093,-0.313385561,-1.092588407,0.0,0.23473493,0.8836299569,-0.149543419,-0.249438388,0.111622665,0.0024624224,-0.286905803,-0.314743592,-1.367393681,0.1151358748,0.3147435922,37.0,-0.019557168,-0.257407407,-0.510554978,-0.428052419,-0.103998882,0.3275153335,0.0447416558,-0.340318584,-0.239381068,0.5830095837,0.0,5.3837617043,0.2496605403,4.3416200591,0.3106119098,7.0808322287,2.4449030297,-0.611078955,0.0,1.0,0.0,0.0,0.0,0.1411361466,4.0,8.8946424053,-0.233847777,-0.169271697,8.5456598217,-4.351436673,-3.137755151,-1081.058442,0.0340789314,14.621337996,0.0205786906,0.0066640851,0.0084372907,0.1037398937,0.0977874286,0.1508530801,6.0,0.0020576132,-0.172358566,-0.001457383,5.0,15.421413537,1.6721484137,0.0,0.0732600912,0.0438187345,0.0799527797,0.2723646031,2.2827953862,1.9123892e-09,1.3312569e-08,1.1121955496,1.2369789405,0.3830938312,0.0968499437,0.7973304417,0.818494895
65700,0.3777024005,0.0438332464,4.3776357675,0.0055958327,0.0557657423,0.2495899806,0.1709045905,0.1297821784,0.2648024385,0.0044460253,0.2006687845,-0.115377232,-1.075434929,0.0909730505,0.1153772321,46.0,0.0069259791,0.1241134752,0.0153338767,0.0318122194,0.1098123221,0.1267785916,0.1073714536,0.0757012107,0.1200191589,0.6845960917,0.0,10.700379703,0.0914421913,9.387814981,0.1191266451,1.9231708193,6.9935158188,1.4118782575,0.0,0.0,0.0,0.0,0.0,0.300130796,6.0,-3.841716369,-0.026726748,0.1297349671,0.273793223,-0.666627434,0.2130874909,-368.4308003,0.1947249482,13.339136637,0.0038129308,0.0380597216,0.0433900074,0.012559138,0.326147928,0.0313082909,2.0,0.0029027644,-0.30311077,0.0118274512,5.0,11.601940242,0.1434197378,0.0,0.0318622552,0.0140200127,0.0170313136,0.3584645779,0.2237885823,3.1546282e-08,1.9076585e-07,0.9017575918,0.8131667544,0.2150755657,0.0489961541,-0.006058055,0.2706591205
58771,0.510300063,0.0379656508,2.1144871585,0.0097671801,0.4035229236,0.5830224348,0.0804542344,0.0357279888,0.2162863656,-0.004901961,-0.018680193,-0.054569442,-1.300052826,0.0873230025,0.0545694424,46.0,0.0026386687,0.1758691207,-0.102223595,-0.038504479,0.0549027876,0.2089362379,0.0501181919,-0.003250051,0.0822168347,0.3561202005,0.0,2.252189781,-0.214808501,1.4124087591,-0.148116744,4.7554392279,6.7291666667,0.15789085,0.0,0.0,1.0,0.0,1.0,0.3906681979,5.0,0.1590128495,-0.006408988,0.1382874437,0.1068377655,-0.536771759,0.0696090242,-11380.81839,0.0642905452,15.961920156,0.0008706523,0.016716593,0.0299437148,0.0219812978,0.0732664437,-0.015773676,0.0,0.0001330318,-0.335275278,0.0697971992,4.0,16.488968047,1.5240085169,0.0,0.0234705061,0.0180680291,0.0337940681,0.3815293146,3.0990003325,2.377554e-10,1.4699265e-08,1.0918616959,1.1921619629,0.0183525031,0.0319289047,-0.269226396,-0.091892872
76711,0.0508759036,-0.338250442,1.5245801317,0.0,2.9229528821,1.2389562936,-0.062042056,-0.257977769,0.0275671473,0.0047717959,-0.195346116,-0.011498061,-0.118661267,-0.298113216,0.0114980611,37.0,-0.033861482,-0.6,-0.380177654,-0.262291737,-0.197369593,0.0357688982,-0.1836111,-0.328593962,-0.864394645,0.4024771659,0.0,0.4366022621,-0.542993709,0.3207597551,-0.535968794,14.239606202,15.16560719,-0.082513973,0.0,0.0,1.0,0.0,0.0,0.1845938442,2.0,-0.262870823,-0.289778844,-0.709406101,-0.100984622,-0.933628234,-0.257752995,-4945.12871,0.3320471507,11.025374393,0.0004689143,-0.009315695,-0.544526575,-0.226007799,0.0578602902,-0.041662895,1.0,-0.044252874,-0.223105507,-0.058085525,1.0,13.039722831,4.1669340366,0.0,0.0445544124,0.0314105849,0.0755636332,0.346415179,3.4311689052,3.6243423e-08,9.7805502e-09,1.919959858,3.6862458562,0.1274133618,0.0898683686,0.2913446626,-0.050575745
76282,0.5553564257,0.0655298956,-3.478588099,0.0,1.141624151,3.4996190993,0.0898631607,-0.062229093,0.3399315205,-0.065641473,-0.098859264,-0.080839921,-2.16291252,0.2072653273,0.0808399207,40.0,-0.069239617,-0.136,-0.04432477,0.0325249224,0.0616395588,0.056561086,0.0991652148,-0.056500337,0.0232756712,0.4509101667,0.0,0.996831417,0.1525559595,0.3730766461,0.7214923645,35.79076707,23.412561718,0.0822079856,0.0,0.0,1.0,0.0,0.0,1.0837734417,6.0,-0.00732223,0.3180759427,-0.13031312,0.1325339703,-1.206597104,-0.023189998,-865.0637758,0.4119188279,15.726600156,0.0053190934,0.0431571412,0.1266101932,0.122131751,0.0088567322,0.0198295807,0.0,0.0089520368,0.4411494907,0.1260138983,3.0,16.636476974,3.3390598657,0.0,0.0864905193,0.0304542852,0.0488829443,0.3538675194,7.0330850999,1.753498e-10,5.3994276e-09,1.3158895892,1.731565411,0.0500627237,0.0490618881,-0.224904328,0.0086816377
80294,0.5290985075,0.0536092869,7.7730566535,0.0325519071,1.116587728,0.3989386401,0.0395280485,0.1009265834,0.0823736155,0.0263480392,0.0913678991,-0.004954469,-0.145119778,0.0613890547,0.0049544686,32.0,0.0073134175,-0.01980198,0.1918351169,-0.262336446,-0.054990433,0.039806284,0.0010591839,0.0710806589,0.1216587166,0.3971451973,0.0,0.9665564696,0.109427669,0.6244329976,0.3436539675,49.522397892,15.186868687,0.0919000295,0.0,0.0,0.0,0.0,0.0,0.2154509045,6.0,-13.80779354,-0.011120576,-0.251198969,0.1616753419,-1.421412318,-0.070996041,-12679.78456,0.0264525406,12.22152417,-3.550128e-06,0.0,0.0,0.0189718076,0.004895053,0.0922181044,0.0,0.0048888889,-0.010983499,-0.000666934,4.0,10.119062336,0.1556871957,0.0,0.0287275147,0.0142443349,0.020387085,0.6921668171,0.4711220742,1.1655718e-07,1.5340201e-07,0.2739813625,0.075065787,0.2061988137,0.0336364889,-0.080984152,0.1163368332
84381,0.0700584954,0.039816891,41.015751358,0.0145857472,0.2347645641,0.2051503666,0.0908745364,0.4730959296,0.4250003441,-0.00172117,0.3530982274,0.010809126,0.0714969443,0.0369701049,0.010809126,47.0,0.0238335105,0.0425531915,0.1054693671,-0.034951736,0.0099972321,0.1977907461,0.050570072,0.0447506435,1.3249659467,0.2458757756,0.0,1.0237952009,-0.309744452,0.7570683778,-0.347749825,10.557332529,4.9121797122,0.2223131831,0.0,0.0,0.0,0.0,0.0,2.9119478498,3.0,-0.908197917,-0.165057758,-0.682339214,-0.073026592,-2.48516495,0.1554348973,15266.108236,0.0740556467,17.195117982,-0.014618635,0.0091565478,0.0345875925,0.0069718406,0.061934664,0.0439166059,0.0,0.0004421167,1.4758568219,0.063091179,3.0,17.652027962,1.2185896223,0.0,0.0361035764,0.0211168223,0.026679662,0.2424433302,1.364496194,1.044138e-10,2.0681976e-08,0.9298631442,0.8646454669,-0.023033901,0.0327623753,-0.420504851,-0.091892872
35991,0.3519418456,0.0172358429,8.6757949266,0.0,0.0838691497,0.2767192346,0.0705862603,-0.007207145,0.2891537024,0.0053830005,-0.28304267,-0.090703638,-2.301780356,0.0569089676,0.0907036378,46.0,-0.024041596,-0.069444444,-0.106513704,-0.206827731,0.119420427,0.258230475,0.3914358506,0.0046482001,0.0930024628,0.4058534895,0.0,4.2523473442,-0.08168568,3.3343945332,0.0088958622,4.1848059024,4.8943359637,0.416853352,0.0,0.0,1.0,0.0,0.0,0.3855562694,6.0,0.1772821627,-0.006938285,-0.107026121,-0.051520452,-0.268140478,0.0391949894,-13466.55306,0.0642905452,15.442856791,0.0065886293,0.0191316781,0.0233397296,0.0103988911,0.1641117649,0.0195952206,0.0,-0.000750751,10.682574947,0.2629632168,6.0,16.373436151,2.6521299793,0.0,0.0090180514,0.0022990736,0.0036699778,0.3889772537,4.1791595485,3.263559e-11,1.1134867e-08,1.0442265921,1.0904091756,0.0278070649,0.0482245658,0.3191013127,-0.091892872
36003,0.0490105813,0.0135794339,151.68883266,0.0083555294,0.0470935999,0.1125208726,0.2115635424,0.0582007549,0.6378372553,0.5014216736,-0.025937245,-0.097463816,-0.670801,0.0226885317,0.0974638162,46.0,0.0063321037,0.0444087747,0.0723119143,0.037699102,0.0164887715,0.2262560388,0.1053521461,0.0185493265,0.1539809991,0.2337595785,0.0,0.6661792001,-0.118243218,0.6009045292,-0.151282974,21.946444347,14.403044258,0.3809289502,0.0,0.0,0.0,0.0,0.0,1.3577027276,7.0,-2.919662132,-0.125421865,-0.170415656,-0.028858613,-28.39464014,0.0250814781,4608.9874957,0.03476008,16.619907302,0.0021571748,0.0488387063,0.0893256203,0.0038253941,0.0673320688,-0.012578731,0.0,-0.000283046,0.3051896221,-0.11343343,7.0,16.410132091,0.6822706096,0.0,0.0274545513,0.014901638,0.0224370792,0.3113636005,0.8874406353,2.6778e-10,4.3922386e-08,0.3618380532,0.1309267767,0.1389562867,0.0361778683,0.0109367264,-0.054879185
67847,0.3330184627,0.0404488662,21.401587758,0.0103506056,0.0198131685,0.0823406349,0.1095915446,-0.041457014,0.1866093431,0.0003051991,-0.679654638,-0.038619817,-0.345811352,0.0544365433,0.0386198174,40.0,0.0022196825,0.037037037,0.2346281918,-0.483669511,0.025157929,0.0809327532,0.0730507422,0.0257124442,0.0961840352,0.5604410623,0.0,5.7050285122,-0.313868516,5.3654935392,-0.333215197,2.726039767,11.897840114,1.4118782575,0.0,0.0,0.0,0.0,0.0,0.2257332816,7.0,-0.801172607,0.0324741336,-0.089544946,88.029036016,-10.61227301,-9.211317135,2542.0828962,0.0103945171,15.963145236,0.0065798247,0.0264654803,0.0281744426,0.0044006217,0.0571013698,1.1615093779,0.0,0.0011519531,0.0784888064,0.0244619446,5.0,16.826699896,1.7819842878,0.0,0.035744641,0.0154400606,0.0262699033,0.316371641,3.5516541825,1.845307e-10,1.3657854e-08,0.6421558603,0.412364149,0.1950413493,0.0488178446,0.4353439563,0.0069773022
27633,0.6796941205,-0.033749102,-22.03247769,0.0365503773,3.2172471229,2.5373272973,0.0343536249,-0.106621374,0.2202008603,0.0085213409,-0.110227882,-0.16730944,-20.47170435,0.6571525314,0.1673094397,46.0,-0.001432539,-0.022556391,-0.0566571,-0.019098797,0.0732268877,0.1899001982,0.1634237131,-0.095854438,-0.089145947,0.4917095686,0.0,0.7771134862,0.3061015437,0.7473099845,0.3245436794,55.653832935,7.1214877151,0.1569467663,0.0,0.0,1.0,0.0,0.0,1.1852869794,5.0,0.1035209171,0.3258552877,0.1301861433,0.5011353612,-0.042832971,-0.081734329,103.48555,0.1989575041,15.089016322,0.0025558502,0.0107462306,0.0573394249,0.0694612947,0.0157207071,0.0444802681,0.0,0.0061661226,1.0788735919,-0.050672784,4.0,16.043169465,2.9441695837,0.0,0.0397069454,0.0294667024,0.0402642767,0.343106907,6.617717625,3.142519e-10,5.5381606e-09,1.3342717243,1.7802810342,0.0607527153,0.0502475001,-0.244427684,0.3033517087
68196,0.2111289565,0.0542759047,7.7536635408,0.0126912274,0.0518566501,0.2043519615,0.2344017415,0.007384132,0.2465796214,-0.042398745,0.0357665684,-0.019170912,-0.092549286,0.0592991009,0.0191709122,40.0,0.0002676777,0.0617678381,0.0207123527,-0.0958005,-0.041267468,0.3680121698,-0.070450327,0.0230388078,0.0006493066,0.5735342631,0.0,4.1004712001,-0.077472935,3.9931069262,-0.077965834,2.1378700997,3.82314695,1.2643507103,0.0,0.0,0.0,0.0,1.0,0.3047398805,5.0,1.9701926335,0.0092321394,-0.145253105,2.0897411308,-0.090187542,0.4740733048,-2652.108356,0.0642007103,15.850015099,0.0038947707,0.0645163552,0.0764535563,0.0073110472,0.3623659265,-0.005293157,5.0,0.0001686341,-0.245601842,0.0323329875,7.0,16.061591082,1.0073142657,0.0,0.0276377574,0.0156846457,0.0247755845,0.276065074,1.3234243269,2.905564e-10,2.4714978e-08,1.0255397719,1.0517318238,0.0466668711,0.0281096492,-0.142482912,0.06707331
36281,1.0846859228,0.0804207797,-1.123267383,0.0028417237,0.7306071542,2.0250122834,0.0382854765,0.0181384248,0.1186953063,-0.003433476,-0.058586598,-0.001261432,-0.028268551,0.0826941586,0.0012614317,46.0,0.0245979186,0.0,0.0418128655,0.2182834537,0.2488445739,0.0872210953,0.1863333039,0.0563245823,0.0770316027,0.5722403501,0.0,3.1171003717,0.1063380125,2.0223048327,0.0328696074,4.5044247788,13.394736842,0.1716333459,0.0,0.0,1.0,0.0,0.0,0.2023137698,7.0,-0.809234616,0.0839496916,0.0494455613,0.7803888601,-0.158920972,0.0310811278,-4844.200218,0.1993717396,15.40580921,0.0133868809,0.0132956153,0.0225311601,0.1325605636,0.2262642965,0.0190433029,0.0,-0.012394728,0.5899434405,0.0418611879,6.0,13.78656386,0.1613551536,0.0,0.0145428153,0.0100113388,0.0268781316,0.3649051692,0.2291890478,2.9210036e-09,1.6733791e-07,0.684440729,0.4684591115,0.0304006304,0.0354988531,0.0214105005,-0.099161033
85926,0.0243217643,0.0682560355,8.7355806452,0.0141982705,0.83346809,0.6913302893,0.143683041,0.0552626101,0.3056095192,0.0024399241,-0.008404066,-0.042687147,-0.522412725,0.1039138569,0.0426871466,46.0,0.0044560722,0.0,0.0233975496,0.0032362593,0.0211246225,0.1337790072,0.1275025937,0.0316901408,-1.879204893,0.3385647786,0.0,1.3759689922,0.2635336743,0.9395933889,0.3579994215,8.9360306178,7.1778656126,0.1108762118,0.0,0.0,1.0,0.0,0.0,-6.469352964,7.0,-0.00638619,-0.004859618,0.0116405617,-0.42850803,-1.507431864,-0.011790091,-3001.750837,0.281925686,16.054082334,0.0050101232,0.017946925,1.1117093765,0.0207111885,0.0639144128,-0.01319775,0.0,0.0005475452,0.3294755137,0.0441789129,4.0,16.561011848,1.2812354536,0.0,0.0267563667,0.0180765039,0.0269864588,0.2711035614,1.3363982605,3.659154e-10,2.5887451e-08,0.9514514074,0.9052597806,0.0995378652,0.0348725804,-0.120375601,-0.031359609
41574,0.5626952388,-0.015578987,1.5630688267,0.0,0.1857689286,0.6417567468,0.0107823144,0.0678122772,0.280369389,0.0193599818,0.3028440327,-0.069309333,-3.22503962,0.0346638636,0.0693093333,46.0,0.0267019741,-0.023076923,-0.083881825,-0.090174077,0.0312596401,0.2142446595,0.4594857588,0.0885001717,0.0046173343,0.5338371092,0.0,3.7118362535,-0.105990175,2.666291593,-0.162684116,3.5762735184,5.3730039791,0.0732734313,0.0,0.0,0.0,0.0,1.0,0.3509614855,4.0,51.916013344,0.0107532416,-0.103982693,0.7600947843,-1.18165092,4.148162247,-7360.614751,0.0357482652,12.31645513,-0.000334865,0.0027158365,0.0036673087,0.0222523996,0.2731559884,-0.051811286,1.0,0.0011013216,-0.183376204,0.0662828777,6.0,13.777624463,2.8031606106,0.0,0.0090180514,0.0019676049,0.0033700918,0.6116434313,5.4656936619,9.301222e-10,1.0700708e-08,0.841466381,0.7080656704,0.1315105394,0.0734248896,0.6773767338,-0.145662284
51625,0.2091034594,0.0615478885,-10.87164192,0.0163909144,1.5226070535,0.4189242718,0.0579847276,0.0612684547,0.0844142503,-0.057775202,0.0766505472,-0.020462206,-0.559100768,0.0959593602,0.0204622058,47.0,-8.4348e-05,-0.018663089,0.0868903378,-0.016882385,0.145007096,0.0812194872,-0.023643821,0.0124520469,-0.038701528,0.1026110433,0.0,0.4610078756,-0.312943964,0.4316807487,-0.310273438,14.852214186,36.326957295,0.0563554123,0.0,0.0,1.0,0.0,0.0,0.5437941813,7.0,0.328717655,0.1977108827,0.1524060014,0.0071034175,0.1028314032,0.0705215237,2480.8991567,0.2743317733,16.194083903,0.0019331058,0.0136762812,0.1094055798,0.0116037693,0.0272259466,-0.004828761,1.0,0.0116163292,-0.065150482,0.0688448845,5.0,16.484827793,1.2412076236,0.0,0.0252555683,0.015817074,0.0233114975,0.2950414089,1.8063351319,2.040202e-10,1.8983926e-08,0.8190288942,0.6708083295,-0.001663207,0.035082944,-0.326853242,-0.050575745
50243,1.644076874,0.004873216,-3.793541702,0.0,0.8085152627,2.4290057713,0.0054513099,0.0173438448,0.1957145745,0.0070833333,0.0409712636,-0.01454939,-7.26,0.040252764,0.0145493898,44.0,0.0652317682,-0.152,-0.09820524,0.3225639329,-0.178933778,0.1199966714,0.203468194,0.079138872,0.0061135632,0.6085462764,0.0,5.5906337716,0.3309346038,2.1328113458,0.1412851796,8.39831508,6.5275013096,0.09480771,0.0,1.0,1.0,0.0,0.0,0.2833711082,4.0,0.1315237891,-0.149579443,-0.189581677,1.2406145765,-0.72983706,0.0225387857,-16346.38406,0.0642905452,10.221051679,0.0077752088,0.0616022678,0.0912884127,0.0219958571,0.2181395606,0.0102544926,4.0,0.1786718489,1.3968244349,0.0041396238,2.0,9.4216666462,0.4102461209,0.0,0.0405324437,0.0333982928,0.0340077886,1.4845893211,4.9668907202,1.466534e-06,4.0352429e-08,0.4258951218,0.1813866548,0.4658509845,0.0504112665,-0.41801196,-0.091892872
88742,0.2700280185,0.0012175496,0.883693199,0.0078588978,0.6719765615,0.1023627231,-0.002360168,0.091909941,0.0714277653,0.0039660969,0.041720185,-0.154270452,-45.71560737,0.1404248256,0.1542704523,26.0,-0.002943173,0.0079646018,-0.651722811,-0.244800635,0.0116658286,0.0999075006,-0.316209369,-0.340318584,0.2406619204,0.2501903498,0.0,1.1660959173,-0.281231689,1.1660959173,-0.26358466,1.1298791691,3.1363203728,0.036374236,0.0,0.0,1.0,0.0,0.0,0.283124779,6.0,0.5027624461,-0.218207473,-0.207762858,4.7790891602,-0.080277836,-1.611715652,-14686.88578,0.0456208962,13.8265803,-0.002822167,0.0030710579,0.0094447845,0.0044812876,0.4125049301,0.0388433226,1.0,0.0075997467,0.7589562388,-0.089215059,6.0,14.325014329,1.1428932928,0.0,0.0212044101,0.0284210051,0.0313363795,0.3596347461,1.9877186775,3.1334563e-09,2.2554384e-08,0.6079040346,0.3695473152,0.1935468528,0.0461747166,-0.219624221,-0.071440083
36468,0.0548605353,0.0308487955,151.68883266,0.0074144071,0.2551103015,0.2789777035,0.1437125155,-0.00461549,0.4366955826,-0.028064464,0.025523884,-0.067397268,-0.678782506,0.0517884183,0.0673972683,46.0,-0.004181154,-0.001309093,0.0257474526,0.0300944658,0.052872007,0.1616976304,-0.009732097,0.0076306828,-0.124293648,0.2284188593,0.0,0.9993470312,-0.024343688,0.6066733415,0.0004435224,81.031332745,8.6201117318,0.1575095662,0.0,0.0,0.0,0.0,0.0,2.0881817961,6.0,1.4413912149,0.0112083138,-0.179313652,-0.188991403,5.8673332871,0.1385357813,60071.354069,0.0232852488,18.093473196,-0.002907298,0.0244741613,0.1768060837,0.0003340368,0.015108552,0.0027121804,0.0,-0.00114396,0.1665006797,0.0347547438,7.0,18.319093346,1.2850371544,0.0,0.094145596,0.0270628761,0.0285079895,0.4664413777,3.9682772761,3.879022e-11,1.5633888e-08,0.7194120821,0.5175537439,-0.016845762,0.0328061156,-0.288524137,-0.24467985
49138,0.9637548021,-0.014430491,-105.4894458,0.0,1.1856308824,1.9342490124,-0.028761262,-0.092498442,0.1414701348,0.0120013523,-0.201229964,-0.039851085,-6.238223419,0.0755901352,0.0398510851,47.0,-0.025991333,-0.152466368,-0.123110246,-0.015087899,-0.142261922,0.1306371588,0.0837219695,-0.010906288,0.0900423962,0.5611611487,0.0,1.3227214592,0.0373849041,0.9738920091,0.0638192174,287.83526012,3.0280944997,0.1006612304,0.0,0.0,1.0,0.0,0.0,0.3649583727,4.0,28.636995421,-0.248802694,-0.461577003,0.5707251689,-4.164398963,0.0592744319,-20618.15265,0.0580772554,10.106111593,-0.002755273,-0.021293456,-0.051699526,-0.091962819,0.0031264684,-0.037200704,0.0,-0.146091726,-0.068600509,-0.105551797,2.0,9.9581075015,0.4613134658,0.0,0.0610916317,0.0322937357,0.0466865344,1.0716159684,2.5518832059,9.6979174e-07,4.829254e-08,0.9656028042,0.9323887754,0.1332343276,0.1268791375,-0.013576583,-0.107827317
70704,0.8903095165,-0.371218185,-1.841472197,0.0,0.3280416048,0.255372279,-0.310263352,-0.207988302,-0.158024977,0.0405856037,0.0217391304,-0.220043336,-0.817016248,-0.067926896,0.2200433361,41.0,-0.020177535,-0.158482143,-0.104512942,0.2145239275,-4.97636911,0.0755912881,0.0888405834,-0.153433889,-0.268581862,0.4259772811,0.0,1.1743644905,-0.376991071,0.5824515959,-0.469782366,5.0275392218,57.894475138,-0.956981738,0.0,0.0,1.0,0.0,0.0,-0.214589602,2.0,-0.416154513,0.0027505372,-0.212546533,0.5414575744,-28.93701299,-0.034022028,-1066.593037,0.0885761255,12.668122927,-0.001361176,-0.033424638,-0.044851175,0.0203829703,0.1250351998,-0.049531178,0.0,-0.198795181,0.0640517388,-0.03437645,3.0,13.401736496,1.0471075914,0.0,0.0417951196,0.0262191015,0.0548469694,0.3706087422,1.5086334407,1.677665e-08,3.0370374e-08,1.1510360703,1.3248840352,-0.018142669,0.0736522618,-0.307393942,-0.017140666
65402,0.2084181069,0.0388916329,8.4807589907,0.0178953382,0.1479889214,0.3264799789,0.1768038525,0.0335840419,0.3885546109,-0.003707536,-0.056641748,-0.069853828,-0.629747753,0.0633835513,0.069853828,46.0,-0.000932671,-0.079470199,-0.032545862,-0.024912274,-0.023689246,0.1372448104,0.038187755,0.0188031393,0.1088912887,0.5011172209,0.0,1.8255669638,-0.067383979,1.4869682952,-0.048136631,4.1985208817,4.9492307692,0.3143216452,0.0,0.0,0.0,0.0,0.0,0.7084833213,4.0,0.1631642029,0.0188949243,-0.117051876,-0.195044191,-0.168853445,0.0456695731,-7498.672987,0.0642905452,15.853937386,0.0009760695,0.0419081587,0.0724549909,0.0159053116,0.2076363636,-0.004161858,2.0,0.0016374652,0.6935823441,0.1185769215,7.0,16.483934271,1.7998195372,0.0,0.0320492983,0.0209838304,0.0279542987,0.4193097131,5.4504296982,2.163429e-10,1.0735596e-08,0.8404271356,0.7063177702,0.0235011256,0.0331585273,-0.280239223,-0.091892872
60206,0.4131000405,0.067717777,4.2508298462,0.0262770896,0.2927632826,0.4257687729,0.159634368,0.1517168701,0.3700886976,-0.010027447,0.1979935475,-0.062297972,-0.60861244,0.1089316586,0.0622979724,46.0,-0.00226924,-0.0390625,-0.030852816,0.0008357308,-0.003606241,0.1672720983,0.0447264924,0.0099762888,0.1219676748,0.3901987098,0.0,2.6465791055,0.0535174797,2.0057515667,0.1731684369,4.2692224388,3.0716845878,0.2910282704,0.0,0.0,1.0,0.0,0.0,0.6022410607,4.0,-0.115736393,-0.039830215,-0.345588709,-0.209919648,-13.77578573,0.0123082231,6180.120205,0.0553124103,16.243973969,0.0009253941,0.0288886271,0.0490083429,0.0086942279,0.1117628288,-0.010357375,0.0,0.0011007418,0.6904715882,-0.065690408,6.0,16.795366649,1.6521339978,0.0,0.0488672778,0.0177933359,0.0270527541,0.423614874,4.0551726808,1.250464e-10,1.2289084e-08,1.0728058531,1.1509123984,0.03753264,0.0309532063,0.1957107537,-0.010696088
71176,0.3191816966,0.0348590324,3.8607089872,0.029164151,0.5656959803,0.880022922,0.1159330833,0.0294501539,0.2536419621,0.0024850795,0.0169598476,-0.095766944,-2.40118961,0.118562179,0.0957669441,46.0,-0.010211324,-0.130434783,-0.02544822,0.035469156,0.02876085,0.1610653915,0.0958378689,0.0116292702,0.0537659998,0.4168633436,0.0,1.2109779727,0.1180734599,0.9128283631,0.2601486683,9.2723051157,6.869282203,0.1381890775,0.0,0.0,1.0,0.0,0.0,0.6796517633,5.0,-0.000574791,0.0028255041,-0.086646095,-0.718835192,0.0211712768,-0.05424089,-2871.337969,0.0738375305,15.613207317,0.000557113,0.0222545185,0.061354367,0.0175613486,0.0324887567,0.0047226335,1.0,0.0001678416,0.7385290349,-0.022319192,5.0,16.102176058,1.4038204452,0.0,0.0232889336,0.0189989555,0.0218358995,0.4589732615,4.25834355,3.411073e-10,1.657591e-08,0.7105249037,0.5048456388,0.0207515045,0.0281952893,0.1875406992,-0.133267297
26614,0.7661746867,0.0725814547,-51.21728301,0.0528855256,2.3168051631,0.7110495196,0.0386029224,0.0508704955,0.0629875231,0.0887287053,0.016334332,-0.02363938,-0.980685018,0.1437609998,0.0236393798,46.0,-0.002040065,0.0272727273,-0.053568468,-0.091771485,0.3398473939,0.0272690646,0.1107543749,0.0545177477,0.1665251425,0.3926746414,0.0,0.4355569458,0.1560607636,0.3994622011,0.1584678751,45.274871494,4.5818448267,0.0554112391,0.0,0.0,0.0,1.0,0.0,0.1933599525,6.0,0.7632657005,0.0271653785,0.0232644473,0.3264290906,-0.136373861,-0.039842616,-9351.528958,0.0260918659,15.24704,0.0012268338,-0.003805442,-0.013777161,0.0435372139,0.003618303,0.0586330667,1.0,-0.000470367,0.0440766787,-0.053457327,3.0,16.44695812,2.8760882411,0.0,0.0090180514,0.0043230236,0.0075377103,0.5312201325,10.310355674,6.803182e-11,8.6976568e-09,0.7847721621,0.6158673463,0.0238574883,0.0506959982,0.5901025083,0.1163368332
15720,0.5901792524,0.0365921219,-105.4894458,0.0460867483,2.2443868309,0.5704337905,0.0366418331,0.0775061353,0.0718368488,0.0467477934,0.0928077568,-0.005861507,-0.450057405,0.0530606774,0.0058615069,46.0,0.0006130658,0.0320012368,0.0997003321,-0.749045749,0.093848055,0.0403561683,0.0471842497,0.0716659936,0.0560024055,0.4046827971,0.0,0.4924588888,-0.235997067,0.4530505011,-0.217084506,152.56179775,5.755828741,0.0554789901,0.0,0.0,0.0,0.0,0.0,0.2758776216,5.0,0.6589394171,0.0544757864,0.0279929568,0.1504336563,0.0233131608,-0.130542938,12283.651182,0.0260918659,17.081077476,0.0035883074,-0.004173576,-0.017154739,0.0310834132,0.0071758213,-0.022179,0.0,-0.000540833,0.8478900422,-0.001975206,2.0,17.273477457,1.0183709339,0.0,0.0178242251,0.012790745,0.0183858352,0.2772176383,1.1834255369,8.545725e-11,2.5831451e-08,0.8269105916,0.6837811266,0.0526279902,0.0347168513,0.0311580819,0.1163368332
71475,0.218773709,0.0294659707,46.972409015,0.0160945399,0.3920602102,0.1664628744,0.0706076703,0.0915549636,0.1529216228,0.0011398486,0.1059135354,-0.020824752,-0.413595603,0.0416529666,0.0208247522,42.0,0.0012758766,0.0,0.0303332778,-0.023611261,-0.006912374,0.0241926642,-0.023413151,0.0740673271,0.0667348262,0.5151451789,0.0,1.3250598792,0.255179786,1.2523698681,0.2520568485,13.290225114,5.2433845956,0.1125937387,0.0,0.0,0.0,0.0,0.0,0.379804831,4.0,0.7076107223,0.0382500616,-0.00400828,-0.220971887,-0.24276371,-0.141950649,-8586.242168,0.0260918659,14.882618108,0.0004825019,0.0152809606,0.0423905417,0.0009709486,0.0038089396,-0.06761937,2.0,0.0001169317,0.6485161554,-0.004200702,6.0,15.148165347,1.0785709132,0.0,0.0420130938,0.0200099911,0.0250308965,0.3609160871,3.1084450897,9.601446e-10,1.887329e-08,0.3004652444,0.0902793631,0.4976000873,0.0364636762,-0.283471874,0.1163368332
18411,0.4307923842,0.0482662424,-10.62862911,0.0415822765,1.3923902278,0.3137921789,0.0376586513,0.0356781803,0.0729823083,0.0037986705,0.0433929602,-0.029482484,-1.136566688,0.1031240456,0.0294824839,46.0,0.0008276947,-0.008696275,-0.048741771,-0.027034526,0.0804197516,0.0393353907,0.0990085451,0.0529738837,0.0169787311,0.4283460447,0.0,0.7133868698,-0.088300737,0.5074095538,-0.143093248,19.131455399,6.1094452774,0.0751383712,0.0,0.0,0.0,0.0,0.0,0.2468642065,4.0,0.6404478337,0.0421939808,-0.012704555,-0.008953212,-0.116237943,-0.08047957,53412.223442,0.0260918659,18.172602157,0.0006414524,0.0087683767,0.0387504388,0.0094098224,0.0162520237,-0.006164652,1.0,0.0001613684,0.072472284,0.0097607415,5.0,18.336800525,1.1780124389,0.0,0.0290518329,0.016446751,0.0209418777,0.241264314,1.3076824043,2.826316e-11,2.0044208e-08,0.8152328037,0.6646045243,0.1253772718,0.0291728065,0.2413861949,0.1163368332
58683,0.3225057122,-0.111692492,0.3455072101,0.0034154503,0.9342346635,0.3287552596,-0.235814435,0.3357018729,-0.061865225,0.1375745573,0.6006972546,-0.064381727,-0.633376708,-0.040949069,0.0643817271,46.0,-0.003802721,-0.06961015,-0.596575709,-0.637091363,-0.62209751,0.0708119393,0.0673491161,0.0111604557,-0.097233523,0.6895516653,0.0,2.0214495071,2.0291288897,1.9662936318,2.2327384006,0.6785660717,8.007079646,-0.087085577,0.0,0.0,1.0,1.0,0.0,-0.198433686,2.0,-0.070913013,-0.184752003,0.0324661388,0.2959206548,-0.126228963,-0.098368688,20534.357245,0.1434304144,17.136860626,0.0151383233,0.0116735591,0.0460363336,0.0948018447,0.4312584209,-0.053714748,4.0,-0.000194439,0.1683728945,-0.035718242,3.0,18.31043032,2.6660072585,0.0,0.0754320323,0.0272081499,0.0315586514,0.2738140278,3.4267066276,6.140667e-11,9.229412e-09,1.281552369,1.6423764745,0.0157635248,0.0425940141,0.2350496371,-0.152691328
66093,0.7888738338,-0.025255986,-14.81309913,0.0735038963,1.6908287083,0.8380927532,0.0705655517,-0.046962943,0.1664766373,-0.017731343,-0.009189815,-0.089668934,-9.332689335,0.2104502821,0.0896689344,37.0,0.0013513639,-0.068765133,-0.05243704,0.0277845283,-0.001967639,0.1875694769,0.0248085743,-0.007946794,-0.122396469,0.2093270783,0.0,0.8198240802,0.0316629936,0.7632018664,0.0134112533,17.56596441,7.2335228469,0.0670443055,0.0,0.0,1.0,0.0,0.0,0.454844996,3.0,0.4706941657,0.0315700914,-0.284492593,5.2979349756,-0.149803917,-1.541690195,188097.83994,0.0456208962,18.735435361,0.0009841186,0.0085623543,0.0287376152,-0.057110594,0.0389996838,0.0715535585,0.0,0.002961866,0.2609474219,-0.003765767,4.0,19.190668196,1.4722895656,0.0,0.0615038462,0.0215930445,0.0246034181,0.3162026451,3.9148628592,1.094638e-11,1.2352168e-08,0.6212853138,0.3859954411,0.0352567496,0.0267469031,0.1731809794,-0.071440083
71985,0.1997183187,0.0378261491,33.536257204,0.0035541147,0.1584048503,0.6739090054,0.1683583413,-0.203064343,0.3555312882,2.82941e-05,-0.430072815,-0.065193815,-0.695535291,0.0641355707,0.0651938151,37.0,-0.032184351,0.2443438914,-0.106496401,-0.14085881,0.3969697139,0.0943430084,-0.039263056,0.0177255142,0.1629175979,0.4225925598,0.0,1.6731146171,0.0453789658,1.1758298255,-0.039417478,32.196856394,8.3855133231,0.2118168525,0.0,0.0,0.0,0.0,0.0,0.9223405799,8.0,-1.350542392,-0.019408596,0.2410046873,-0.219703155,0.136239652,0.1416896421,-16710.16902,0.0629453635,13.701689728,-0.000868093,0.0499239996,0.093334285,0.051475066,0.033813259,-0.022571841,3.0,0.0021047093,1.7977875509,0.2048051748,6.0,14.295774054,1.6614342523,0.0,0.016355196,0.0314761989,0.0486465363,0.3028718802,3.718010136,1.9468157e-09,9.6480457e-09,1.2380595551,1.5327914621,-0.002406547,0.056319992,-0.54573769,-0.107827317
72304,0.0535986069,0.0016069635,22.490666369,0.0,0.0163587964,0.0444231794,0.0616502958,0.2443670993,0.5929325889,0.0362768283,0.2812413529,-0.064779735,-2.543209877,0.0056938091,0.0647797347,37.0,0.0041741962,0.0454545455,0.0883909845,-0.094232858,-0.027830515,0.0926924229,-0.358094322,0.0529620767,0.2335318106,0.8076155018,0.0,5.2482782035,0.0359780146,4.809074595,0.0525842023,1.0721993008,4.2238817541,0.1680989037,0.0,0.0,1.0,0.0,0.0,0.7671624428,4.0,51.864738751,0.0188044438,-0.035451225,0.2509981524,-1.139274981,4.1191921925,-3843.017291,0.0357482652,14.81963999,-0.000566686,0.0204457305,0.0256582929,0.001842299,0.6045686296,0.1927041485,0.0,0.0001556057,0.1755095451,-0.032241433,8.0,16.174363116,2.1229215034,0.0,0.0489657819,0.0289861118,0.061294163,0.3415068304,4.6621363944,9.510952e-10,1.0627377e-08,0.9958533937,0.9917239818,-0.042110251,0.0748520731,-0.3826736,-0.145662284
39220,0.6085062278,0.0889331947,-1.526706691,0.012405991,0.4493317674,1.248105952,0.1186689746,0.0479988606,0.3976838715,-0.004853504,-0.005380635,-0.018701418,-0.217354539,0.1082632283,0.0187014182,46.0,-0.024307885,0.0238095238,-0.008194827,-0.469564702,0.0232084311,0.2210846359,0.0765037431,-0.015784515,0.091244437,0.4325738432,0.0,1.977964455,0.1140735851,0.8361940767,0.4280067752,57.911945813,5.6988168997,0.2620010162,0.0,0.0,0.0,0.0,0.0,0.7152518305,6.0,0.1782466615,-0.02438654,-0.013772153,0.2050439303,0.0501784398,0.09054925,-15462.66385,0.0642905452,13.776999024,-0.0024427,0.0252511307,0.0499849216,0.0279342911,0.0277185626,0.0035252043,2.0,0.005719515,0.0056617266,0.0291148894,5.0,13.827289598,0.8509390747,0.0,0.0203447174,0.0140568197,0.02101878,0.1965233726,0.6033092056,4.0509382e-09,3.381972e-08,0.7878645663,0.6207305748,0.0536627776,0.038605416,-0.230134536,-0.091892872
43481,0.4430292664,0.0337180767,3.0022222385,0.0101828714,0.3987398994,0.5740829966,0.0952599485,0.0336725113,0.2924776394,-0.015691402,-0.028658742,-0.047582247,-1.168539034,0.0731189656,0.0475822473,47.0,0.0072167306,0.0263157895,0.0855153134,-0.106317816,0.0200906641,0.1816594296,0.0458451855,0.0113559457,0.0970318349,0.3911043687,0.0,2.6050282167,-0.035840528,1.9658058994,-0.021920704,4.8122492979,4.7675341092,0.1503560912,0.0,0.0,0.0,0.0,1.0,0.5767992687,7.0,-0.949714696,0.0430286881,-0.698576616,0.2999441787,-2.530620888,0.191583758,-17699.43572,0.0740556467,13.955776209,0.0027263983,0.0164421345,0.0312405588,0.0204473712,0.1360371502,0.0172557867,2.0,0.0005055101,-0.003158565,0.0391159374,6.0,13.543032721,0.8499309583,0.0,0.0286229048,0.0196175796,0.0237015802,0.3708750616,1.7663708475,3.2924033e-09,2.6524598e-08,1.1210776275,1.2568150469,0.0050150381,0.0349245626,-0.330017492,-0.091892872
43350,0.3375606703,0.0429837403,6.9931896732,0.0158828718,0.4354777561,0.5063636504,0.0943970679,0.1441839915,0.2629366012,0.0472033666,0.0912749686,-0.035699648,-0.638920408,0.0704469292,0.0356996483,46.0,0.0218463914,-0.106632121,0.0063979172,-0.033200598,0.0314709981,0.2243654428,-0.000768755,0.0417010575,0.2688474785,0.2272466106,0.0,1.3241778733,0.3090540898,0.7236469737,0.4481156758,10.39447901,9.6115593176,0.1512797285,0.0,0.0,0.0,0.0,0.0,0.6795175674,6.0,0.1263479423,0.0489928474,-0.107535259,-0.11893002,-0.249542136,0.0182225029,20074.236755,0.0376507894,16.713206392,-0.003424345,0.0158411545,0.0342475641,-0.002466646,0.0124719443,-0.0004542,0.0,0.0013119617,0.8717789671,-0.037705858,6.0,18.276505712,3.2131951114,0.0,0.0313191079,0.0250940781,0.0285262795,0.3611042711,7.5891439783,3.812425e-11,7.649892e-09,1.2828463794,1.6456948332,-0.000782529,0.034958148,-0.200805489,-0.028114825
18438,1.2580939865,0.2339375578,-12.00921911,0.0,1.5203908066,3.3079882153,0.0928948974,0.0683506773,0.4611571492,0.0173153978,-0.203228098,0.0613995056,0.705916436,0.0687971908,0.0613995056,47.0,0.042472891,-0.032996633,0.0903098024,-0.118707156,0.0570549788,0.1561677836,-0.098172284,-0.085196574,0.8166496314,0.481729638,0.0,2.3064868734,-0.383285408,1.1346321268,-0.382102666,24.123448655,6.2619454898,0.1917408665,0.0,0.0,0.0,0.0,0.0,1.710088511,6.0,0.1424154376,0.0419490264,-0.134159198,0.7295375666,-0.911774851,0.0343780938,-3689.235105,0.0495151733,10.70747372,0.0197730937,0.0175189445,0.0386903693,0.1341011918,0.0349530847,0.0449148386,0.0,-0.009794716,0.7457404095,-0.020462334,4.0,10.355731923,0.6315184241,0.0,0.0293915328,0.0162065837,0.0359689145,0.9415006749,2.1460717333,3.0516808e-07,5.7016754e-08,1.1176214803,1.2490777733,0.064055931,0.0739505327,-0.988671414,-0.010696088
72726,0.923210629,0.0941535557,-2.231867649,0.0348601595,11.224737905,0.4699118369,0.0442602622,0.2813240503,0.0472904198,-0.011844237,0.3044005082,-0.003969189,-0.459504132,0.1374175035,0.0039691888,46.0,0.0,0.0085926911,-0.080191912,-0.139959398,0.0690391794,0.3799582463,0.1067429439,-0.001083018,0.1052680609,0.4605877708,0.0,0.6310978407,0.1479165356,0.6310978407,0.1479165356,0.0977714457,0.4344135525,0.0137810609,0.0,0.0,0.0,0.0,0.0,0.5410126229,6.0,0.0669907281,-0.00466537,-0.006478538,-0.183956552,-0.809009777,-0.015953071,18827.083038,0.0256085935,17.017675206,0.0001323165,0.0021866425,0.0283704852,0.0052944063,0.3559025682,0.0257093131,0.0,0.0007082153,0.4002902052,0.0572847044,5.0,17.567864295,1.3424676191,0.0,0.0296140555,0.025334187,0.0361872261,0.3778074063,3.4892559649,8.397756e-11,1.3577458e-08,1.0607425097,1.125174672,0.0419627565,0.0413077652,-0.501088296,0.0732063074
36898,0.3679660499,0.04727616,3.2620674519,0.0094742514,0.2849066438,0.6972832703,0.101111852,0.1095179271,0.2809815578,-0.001821089,0.1122481514,-0.06509944,-0.855454761,0.0877187761,0.0650994401,46.0,0.009086044,0.0039404553,0.0059206615,-0.08249471,0.0779064236,0.1098662171,-0.053929874,0.094775945,0.1064272362,0.6184183576,0.0,2.1741502902,-0.099542371,1.6489290704,-0.090982354,5.3430893473,6.2052383196,0.2875985118,0.0,0.0,0.0,0.0,0.0,0.486569042,6.0,1.4292328883,-0.074205122,-0.174064103,0.1241141112,6.1351763331,0.1744661391,-3064.972261,0.0232852488,14.643893166,-0.004737116,0.0195622859,0.0352021022,0.0545990904,0.0538196743,-0.031436918,0.0,-0.000177085,0.3657016036,0.0249524019,5.0,14.557216842,0.7730280808,0.0,0.0316968113,0.0174981913,0.0251989065,0.4417121338,2.1594611198,1.8539289e-09,2.8482831e-08,0.6195916449,0.3838938064,0.1957943987,0.0281535953,-0.066839689,-0.24467985
72980,0.7776097606,0.1198430025,-0.872763128,0.0235794521,0.7474813203,1.7677486941,0.1701854583,0.2422109701,0.1678575577,0.1273356109,0.1515364244,-0.06770586,-0.780484813,0.213378646,0.06770586,46.0,0.0,0.0943396226,0.2091455399,-0.010414756,1.104226211,0.1215049004,-0.193658614,-0.00049222,0.3449805033,0.3442663685,0.0,2.7603383959,-0.292532707,2.7603383959,-0.292532707,4.2808148216,26.020726097,0.1929110152,0.0,0.0,1.0,0.0,0.0,0.3542551512,6.0,0.0732075805,0.0293884085,-0.43157524,-0.453110043,-0.412026279,0.329213008,-11733.71358,0.0397241163,14.153059043,0.0038419087,0.0408899183,0.0784644289,0.1402242153,0.2906670371,0.0097156194,0.0,0.0134366108,-0.282174319,-0.025865163,4.0,14.52689005,1.4280021221,0.0,0.0194290169,0.0168133581,0.035955815,0.3156796815,2.9881102055,1.2627053e-09,1.2639431e-08,1.0926378747,1.1938575253,-0.016181236,0.0400962922,-0.49395889,0.045344153
73139,0.1419711886,0.0173503463,23.606,0.0096029121,0.2305349948,0.1557190865,0.0952213633,0.1379984752,0.3149136474,0.0042723632,0.2238479263,-0.052033428,-1.049405879,0.0355579016,0.0520334279,42.0,0.0065739492,0.075,-0.035810266,0.0305568269,-0.025547307,0.2557480315,-0.029932595,0.0238339908,0.0216287968,0.2494919313,0.0,1.925609998,-0.254165142,1.2324935529,-0.328673975,4.7457010582,5.3132173269,0.1249028648,0.0,0.0,0.0,0.0,0.0,0.717185914,3.0,51.893574602,0.0437229527,-0.00590577,0.339370734,-1.221381105,4.149056285,84636.916149,0.0357482652,18.327730676,-0.003159264,0.012997804,0.0316931983,0.004251866,0.0772880363,-0.015363776,0.0,-0.000492947,0.4034262838,-0.02618376,6.0,18.305170913,0.8321459864,0.0,0.0490810238,0.0264595195,0.0273523641,0.4793687215,2.3660315913,4.079228e-11,2.4804686e-08,1.0272114454,1.0551633535,0.0270382101,0.028357549,-0.106508006,-0.145662284
73219,0.2325052286,0.0794034267,5.6104022557,0.1018810666,0.0733962138,0.500394953,0.5728909147,-0.002014552,0.6299586487,0.0025786488,0.3158275987,-0.153202939,-0.590809531,0.1263157281,0.1532029391,46.0,0.0022259864,0.1435674332,0.3853999475,0.2859318624,0.3111279857,0.3784948598,-0.012514382,0.0620441826,-0.072721731,0.6817329509,0.0,2.8665622974,-0.295834438,2.5109281931,-0.304213351,4.0358898791,9.8431474186,1.4118782575,0.0,0.0,0.0,0.0,0.0,0.7694301789,7.0,-0.024141597,0.4843884873,-0.162958776,-0.39051446,-13.24196347,0.0296922926,-1940.431355,0.0553124103,13.997194892,0.0150723835,0.0882529909,0.1103019972,0.0250634161,0.4586786205,-0.031781535,0.0,-0.002710762,2.0077242539,-0.050411079,7.0,14.916555099,1.8791281499,0.0,0.0331676863,0.0150841384,0.0231461981,0.2296057598,1.5245300428,1.5041168e-09,1.7103337e-08,0.4888188133,0.2389438322,0.3885982524,0.0396617935,-0.359315136,-0.010696088
52396,-0.205615141,-1.45860494,-2.412029156,0.1143489518,9.0740650157,9.4909832016,0.0438654944,-0.154392175,0.1363735806,0.0184654569,0.0639899089,-0.325366183,-1.615840601,0.9016014033,0.3253661833,46.0,-0.011143272,-0.05,-0.197981475,0.1393477974,-0.003265071,0.183262961,0.0715934448,0.028490693,-1.085509953,0.5069605481,0.0,1.6598640633,-0.104360056,0.989352635,0.0181034086,7.2217447498,20.402580071,-0.158036023,0.0,0.0,1.0,0.0,0.0,0.5303587747,2.0,-1.508986633,0.1078317948,-0.053339204,-0.625036614,-0.610580774,1.5117679265,-17608.56046,0.0629453635,11.370614969,0.0053187595,-0.00633602,-0.043101967,-0.034298804,0.0696871098,-0.002416569,0.0,-0.085106383,1.3950644891,-0.163427964,3.0,11.71865634,0.7054208717,0.0,0.0393258743,0.0238846464,0.0573262122,0.4879670812,0.9077458119,1.2113606e-07,4.7178558e-08,2.1340100758,4.5539990038,0.0117528766,0.1234863282,-0.607323678,-0.107827317
47861,0.5357131675,0.1146906456,7.3002861562,0.0170836673,0.5655250196,1.4724130782,0.1319478742,0.0974861604,0.5485619879,0.0107696349,0.0045436714,-0.00088463,-0.008116804,0.1156215671,0.0008846301,46.0,0.0435328356,0.3529411765,0.3981831745,0.204428043,0.0369156951,0.2009389671,-0.070365779,0.0614042175,0.2162814019,0.4513690128,0.0,2.3691452437,-0.223881209,1.5131875048,-0.241338842,101.83623357,3.6964046347,0.2435535693,0.0,0.0,1.0,0.0,0.0,1.2369981086,7.0,-0.032553249,0.5271870973,0.3699194836,-0.05021443,0.5619750281,0.0044489589,-15226.55482,0.2179887911,12.457293879,-0.000980291,0.019096304,0.0380651603,-0.011866829,0.0151658229,-0.009028858,1.0,0.0,1.250772374,-0.055948016,5.0,11.808122501,0.3868241502,0.0,0.0514215641,0.0213179682,0.0382705663,0.3645021757,0.7180495147,3.2126181e-08,5.7321577e-08,0.9605189194,0.9225965946,-0.005206648,0.0710433935,-0.421929508,-0.182618162
65429,1.6886236479,0.1614820341,-6.569917232,0.0,6.4960835509,0.0312321273,-0.174256338,-0.046842965,-0.02147838,0.0090960417,-0.085399796,0.0501429266,2.6039421004,-0.259007833,0.0501429266,34.0,0.0,-0.1,-0.690792713,-0.264082615,2.0062880864,0.0083342534,0.5373051334,-0.03691316,0.1376589436,0.5074782621,0.0,1.0773150478,0.1682292613,1.0773150478,0.1682292613,0.0781629224,1.1893939394,0.0323073182,0.0,0.0,1.0,0.0,0.0,-0.415355749,3.0,5.3099144018,0.1381851863,-0.152678109,17.823165456,-0.322896514,-0.338166789,-2031.203881,0.1000073361,10.791862683,-0.000309469,-0.010571221,-0.063494298,0.0336142183,0.0359804524,-18.76666667,2.0,0.027904963,0.3570202389,-0.017996259,4.0,8.940393419,0.0930891,0.0,0.0352113172,0.0356606266,0.0702479278,0.6750939395,0.5748770642,1.3242486e-06,1.6295316e-07,1.7234321847,2.9702184951,0.1062362263,0.0844840109,-0.36252712,0.1750913885
43334,1.1217424833,-0.380927234,-105.4894458,0.0,1.7698789896,3.5763880157,-0.030205854,-0.195231671,0.1175130348,0.0149303251,-0.159251689,-0.194945506,-1.659331793,0.2511574365,0.1949455062,46.0,-0.056469351,-0.132013201,-0.161117811,0.0353525094,-0.077303799,0.1585283781,0.5995509164,-0.063982084,-0.246134202,0.4961657906,0.0,4.0864090177,0.1271339097,1.3463123994,0.1165293495,454.11939356,9.0834900472,-0.120176656,0.0,0.0,1.0,0.0,0.0,0.263475134,4.0,-0.150575988,-0.027335375,-0.266972552,0.2153733027,-0.166780781,0.0480108533,-3333.620839,0.0894515012,12.029066718,0.0209554324,0.0377769689,0.0967650565,0.2625292719,0.0052374006,0.0012465325,4.0,0.1827639136,7.75163302,0.1220215894,2.0,12.244714297,0.8861653646,0.0,0.0720551759,0.0245956465,0.0346701547,0.526001879,2.4908715963,2.5954887e-08,2.7837052e-08,0.2499934282,0.0624967141,0.8651833829,0.0712550895,0.2100471579,0.2323533244
52038,0.0390224505,0.0131727558,9.8069144494,0.023456325,0.4982054502,1.2890544772,0.0734412338,-0.053681842,0.4461344497,0.0070298804,-0.075078324,-0.062651065,-2.631837683,0.0478413109,0.0626510653,47.0,0.0272529248,0.0175438596,-0.030163871,-0.292931495,-0.026545688,0.1466667037,0.0225226475,0.0535025971,0.3403060383,0.487722559,0.0,1.46636554,-0.202247889,0.9615434427,-0.301912365,16.993395155,13.534090324,0.0612052758,0.0,0.0,1.0,0.0,0.0,8.2072348575,6.0,-0.000659408,-0.470192539,-0.191735036,-0.467430994,-0.851918625,0.1198154311,35950.360757,0.130812276,17.585430021,0.003819835,0.0176529905,0.2434245436,0.1163408274,0.0938293251,0.0038814713,3.0,-0.000764331,0.4579983744,-0.03433301,6.0,17.704516702,1.0410408603,0.0,0.0254917331,0.0146405587,0.0223970115,0.2390156744,1.1429951861,5.75753e-11,2.3508293e-08,1.6514146403,2.7271703143,0.0800029304,0.0394488069,0.2058895204,0.4042341731
65752,0.6376999619,-0.704856615,-1.223558123,0.0,1.5344165959,2.5333480325,-0.031815331,-0.258056854,0.2556959533,0.011632098,-0.058654956,-0.337919067,-1.222442381,0.1567899833,0.3379190673,41.0,-0.002728133,-0.205882353,-0.267146273,-0.068338593,-0.01832003,0.1960389106,0.0349554985,0.003784953,-0.5085465,0.4290016731,0.0,2.1332591501,0.0111918943,1.8561697393,0.0037264052,34.675791101,4.2460927772,-0.359266761,0.0,0.0,1.0,1.0,0.0,0.5086174915,3.0,-0.542422393,0.0488605459,-0.211643098,0.4671128487,-0.454835652,0.1121483954,-5124.347366,0.0915965863,11.03643174,0.0059014721,-0.112165782,-0.538673655,-0.226007799,0.0247610627,-0.021885591,0.0,-0.198795181,5.4095072889,-0.242631495,2.0,13.965982482,14.277368087,0.0,0.2242152393,0.0796358053,0.1154366191,0.8960304164,52.414007538,2.3062528e-08,2.3828565e-09,1.46962363,2.1597936137,-0.047772613,0.113032929,0.3498538866,-0.049938477
74908,0.8787977068,0.2620453115,-0.698345714,0.0,0.4541369793,1.7181107496,0.0860105546,0.1284544707,0.2595902899,0.0036237136,-0.244166432,0.1871840094,0.8032290616,0.0576433863,0.1871840094,46.0,0.0008062484,0.0,-0.149080794,-0.950934792,0.7673112374,0.1743754004,-0.243090503,0.0513388867,0.5142254239,0.6567808263,0.0,2.2701500259,0.3008097523,2.0745990688,0.3116034208,4.0840192732,5.2327974277,0.6643183092,0.0,0.0,0.0,0.0,0.0,0.5263043004,6.0,0.1277513477,-0.403529013,-11.08010196,0.2860485898,-12.452626,0.0765755578,-18396.34654,0.2540693609,9.0376927037,7.0809e-05,0.0635534153,0.0963959635,0.0057214594,0.2847806682,-0.015756429,0.0,0.1275940986,-0.283462849,0.0003510509,2.0,9.0609745859,0.7888984757,0.0,0.0489510857,0.0289918216,0.0471635837,0.5683647071,2.0881488693,9.2975511e-07,3.1693849e-08,1.1313844524,1.280030779,0.0208820347,0.0972142739,-0.365398588,-0.215279818
57007,1.1323676566,-0.001948893,-1.791316211,0.0,0.2397086246,0.0996305925,-0.026453369,-0.005696838,0.0141280852,0.0068973445,-0.029638159,-0.030156976,-21.92027027,0.0407713773,0.0301569758,46.0,0.0003681081,-0.198113208,-0.236112513,0.3003698987,-0.176119478,0.0131910404,-0.053558571,0.0299468691,-0.000664731,0.4909092494,0.0,5.2952314707,-0.024766091,5.064147152,-0.034525755,0.6512196382,8.2025151778,0.0454289672,0.0,0.0,1.0,0.0,0.0,0.0177129988,3.0,-2.143769109,0.0469527944,-0.1863677,-0.283978773,-0.335955542,0.1911549219,-2270.179984,0.6016428333,13.089588823,-0.000567903,0.0004060293,0.0005041483,0.0030960776,0.0853251576,-0.004922715,0.0,-0.000563063,0.7358355287,0.0637652613,5.0,12.148681441,0.3588349319,0.0,0.0319735371,0.0166516193,0.0212897859,0.3757286638,0.7559268793,1.3787074e-08,5.6071167e-08,0.7113038004,0.5059530965,0.0463201358,0.0331185381,-0.145583043,-0.121518257
43123,0.2450231454,-0.739442331,-0.554516396,0.0,1.5956362389,1.4021944388,0.0427998899,-0.283906577,0.0800944166,0.0058135385,-0.013918754,-0.359791096,-1.106129976,0.0784769967,0.3597910957,46.0,-0.032721444,-0.197530864,-0.27662826,0.0823332981,-0.158116229,0.1029812143,0.5710726841,-0.241436837,-0.750681786,0.5583171082,0.0,3.1624062452,0.1660943914,1.6361549059,0.2106149221,4.616968571,7.7416926272,-0.415894892,0.0,0.0,1.0,1.0,1.0,0.1662599876,4.0,-0.643845744,0.0029699039,-0.332490215,-0.661346035,-0.181343432,-0.124669586,-1278.463579,0.0894515012,15.037309667,0.0041864966,0.0122546553,0.1029598309,0.0603458881,0.2176159084,0.4981455805,1.0,0.0036079375,0.9882563606,0.0696923332,1.0,16.467664912,3.7674456698,0.0,0.066830799,0.0276112942,0.0432317865,0.3313356693,4.8014149356,4.261034e-10,8.5130902e-09,2.1813661757,4.7583583924,0.0373749787,0.0647510981,0.7973304417,0.2323533244
44329,0.1736644694,0.0174786315,38.638697457,0.0032906887,0.1986302623,0.1320604014,0.0718788657,0.1335599114,0.237776355,0.0070328343,0.1458045339,-0.014946095,-0.299597083,0.0227151785,0.0149460953,46.0,0.0054431687,-0.027777778,-0.022426929,0.0339464218,-0.013227465,0.3955324804,0.0049509483,0.0216202681,0.1198719842,0.1742672269,0.0,2.6339886709,0.1353013561,1.6836732237,0.1424791383,6.7499095456,6.4220254081,0.157572228,0.0,0.0,1.0,0.0,0.0,0.4812614959,4.0,51.876453516,0.0819166442,-0.108683548,0.3710640149,-1.08862692,4.136213562,11689.459749,0.0357482652,16.410477836,0.0046340035,0.0282330985,0.0575591832,0.0040790044,0.0683479542,0.009236845,2.0,0.0012481742,1.5858752879,-0.043038793,5.0,17.096388701,1.4400355366,0.0,0.0358398855,0.0246200251,0.0319332109,0.3775726106,3.8068381534,1.685423e-10,1.4595412e-08,0.8469466161,0.7173185706,0.0660017304,0.0353412165,-0.04443675,-0.145662284
63773,2.2692703757,0.1067558503,-4.153965636,0.0368449395,3.2697521942,2.4681385748,0.0103203193,0.1617660699,0.2663018273,-0.008695652,0.2899739098,-0.112074144,-5.778761062,0.7236724013,0.112074144,40.0,-0.001287222,-0.021276596,0.0094667697,-0.110360817,0.0018048048,0.1828973843,-0.117108013,0.0747611539,0.0324521814,0.4093391617,0.0,2.6244579358,0.3142782583,2.4908933218,0.3677165386,3.5910652921,4.0223248653,0.1847330729,0.0,0.0,1.0,0.0,0.0,0.5809155384,6.0,0.5974055606,-0.007702892,-0.237004056,6.7783315175,0.4499958778,-1.028468076,-14726.69678,0.0456208962,14.491442507,0.0010928962,0.0031298905,0.0076613676,0.0013412917,0.0565967574,0.0347695241,1.0,-0.003076923,0.420900832,0.003030044,7.0,15.040186528,1.849045168,0.0,0.0429026186,0.0260989301,0.0355358183,0.4364394396,9.5841391146,9.207776e-10,9.8030863e-09,0.9040391899,0.8172868569,0.0488798663,0.0452683516,0.1663147331,-0.071440083
75460,0.3117621642,0.0259545082,3.8448629787,0.0125536642,0.5210155733,0.7709336125,0.0690205254,0.0185341989,0.432307837,0.0091623037,-0.035775371,-0.093311582,-2.970326409,0.1030478695,0.0933115824,46.0,-0.020880914,-0.02606906,-0.120077356,-0.015285596,0.0027127765,0.232173913,-0.061488171,0.0004704111,0.1247568769,0.4404492887,0.0,1.9410145497,0.1093241159,1.4388517499,0.1953470718,7.0992907801,5.0075037519,0.1264059212,0.0,0.0,1.0,0.0,0.0,1.2192275632,6.0,0.1010480348,-0.06100519,-0.026972199,-0.144728526,-0.290533694,0.0508234432,-7331.214685,0.0376507894,13.997368986,-0.000376117,0.0198816349,0.0492893168,0.007349662,0.1317589729,-0.017474992,1.0,0.0063556457,0.5496413482,0.0139866802,7.0,13.848653647,0.666846071,0.0,0.0245330669,0.0200037146,0.0277044823,0.3083687801,1.3395741326,3.0559976e-09,2.6575934e-08,0.9976271146,0.9952598598,-0.00145564,0.0318953191,-0.195002656,-0.028114825
84375,-0.13786753,-1.45860494,-6.88500321,0.0,13.431077936,9.4909832016,0.0186609152,-0.103886285,0.1549977317,0.006190688,0.0159495224,-0.171465029,-1.413543721,0.7287283725,0.1714650291,46.0,-0.020416301,-0.064102564,-0.118681948,-0.114741838,-0.095576388,0.1864106352,0.1212967993,-0.089671858,-1.083508772,0.4540934863,0.0,1.2148954332,-0.089305062,0.8429364063,-0.030036507,18.986419753,6.0834651899,-0.077377847,0.0,1.0,1.0,0.0,0.0,1.2421052632,2.0,-1.437988446,0.0992845562,-0.067441768,-0.557289003,-0.781511706,0.8062824439,-16850.08434,0.0629453635,14.171348664,-0.03706938,0.0012561762,-0.357142857,0.0648933051,0.0519972452,-0.016058239,1.0,-0.034337772,1.9510316126,-0.114693191,2.0,16.197652622,5.5489046134,0.0,0.0131278271,0.010352219,0.0159918827,0.3076814897,4.2691130737,3.614927e-10,8.0107736e-09,2.8149696938,8.1460812957,0.0693034245,0.124790224,-0.023879682,-0.107827317
51369,0.1108136218,0.0393717537,11.614431813,0.0033409507,0.0723792825,0.156727895,0.4151330963,0.3104871378,0.6696184519,-0.001724656,0.1030603219,-0.026334294,-0.108127685,0.0436289303,0.0263342941,46.0,0.0079194206,0.0185185185,0.3601379542,-0.012792327,-0.037607464,0.2468394571,-0.159812588,0.0563208509,0.4910691967,0.5897764308,0.0,3.4463317786,0.1198328348,3.1293133829,0.1536032955,2.1731180917,6.2742338786,0.6513389441,0.0,0.0,0.0,1.0,0.0,1.2444982225,7.0,51.969620755,0.2513471691,-0.062387252,0.3082131673,-0.597923084,4.1571273137,12393.858619,0.0357482652,16.647820508,6.9838255e-06,0.06416471,0.1020892835,0.0073299563,0.3489599918,-0.012046953,0.0,0.0015572044,0.1764182914,0.0606078235,7.0,17.680010858,2.2815719223,0.0,0.0504138507,0.0300252894,0.0429021365,0.3146904955,4.19279053,1.2971e-10,9.8952831e-09,1.346267454,1.8124360576,-0.012338198,0.0506777337,-0.342871265,-0.145662284
15579,0.0608839719,0.0370791143,21.016987214,0.0227047445,0.0673587341,0.095835759,0.438394743,0.073981574,0.5584970585,-0.013602537,0.1155745802,-0.029115042,-0.097229669,0.0406843043,0.0291150419,46.0,-0.002461934,0.0077936039,0.0054230689,-0.311150488,0.0083790669,0.276477146,-0.041545894,-0.001276501,0.0314359493,0.5461203555,0.0,4.2841004184,0.038140074,3.4661087866,0.0885427447,2.2017356882,10.227015559,0.6834760052,0.0,0.0,0.0,0.0,0.0,1.1084540249,6.0,0.2057624127,0.0199214609,-0.029788073,-0.342578326,-0.284607256,0.022970326,134526.66763,0.0642905452,18.871713773,0.0051628495,0.0945008009,0.1745718641,0.0046537939,0.4203153869,0.0355514462,4.0,0.0003121586,0.9146729381,-0.060564903,7.0,19.255071248,1.3702021615,0.0,0.0381368846,0.01799699,0.0268679623,0.3199380715,2.461543422,1.369736e-11,1.6832006e-08,0.6612464418,0.4372468568,-0.027851321,0.027036471,-0.136660235,-0.091892872
23579,0.5340807225,0.0282345497,-0.153487791,0.0016447311,0.8770071471,1.0645978611,0.0474637956,0.0282993741,0.1420295645,-0.006632859,0.0103157895,-0.030136896,-1.485436893,0.0701751916,0.0301368964,46.0,-0.036505696,-0.057142857,-0.145194424,-0.109249724,-0.037877196,0.1322862129,-0.084122121,-0.014116394,0.0592606017,0.4665004209,0.0,10.12757732,0.8372566543,5.6005154639,1.1881231384,5.1690328305,5.5693116635,0.0720494293,0.0,0.0,1.0,0.0,0.0,0.3564697354,4.0,-1.39150099,0.0258937809,-0.060482061,0.1146592491,-0.375978354,0.147729263,-6769.193224,0.0629453635,16.522278821,0.0020175273,0.0120293907,0.0303228979,0.0165260611,0.142903923,-0.019728307,2.0,0.0008594757,0.2222224429,0.0198006742,5.0,16.838465754,1.224428089,0.0,0.0798861161,0.0255965237,0.0291367364,0.261333925,1.6613483065,1.979796e-10,1.8569622e-08,1.4604056583,2.1327846869,0.0022356134,0.0348203859,-0.212052325,-0.107827317
62092,0.1867651824,0.0345039568,13.105217066,0.0018943349,0.186970853,0.1743762322,0.1331300986,0.1827820695,0.2939826313,-0.005188845,0.2034069533,-0.030039315,-0.300235294,0.0448632624,0.0300393148,46.0,0.0103426899,0.0666666667,0.2613734242,-0.045573264,0.1215127252,0.3476895469,-0.168110386,0.0436443363,0.1628306655,0.3004096623,0.0,2.1309200311,0.1103431794,1.7399068323,0.2650712941,3.1173681664,4.9780593325,0.2750944649,0.0,0.0,0.0,0.0,0.0,0.5597304128,8.0,51.975270646,0.1772899227,-0.014239103,0.3841647278,-0.379973657,4.1583616458,177238.79053,0.0357482652,19.192798266,-0.000749286,0.0280953647,0.0516090519,0.0035934563,0.1636820652,0.0080897204,1.0,0.0020478533,-0.105203317,0.0201702826,6.0,19.081153788,0.8182326765,0.0,0.0737973303,0.0287036866,0.0286080437,0.2972424995,1.3940253931,2.087983e-11,2.6733291e-08,0.4588638258,0.2105560106,-0.11614143,0.0338678965,-0.473426668,-0.145662284
93423,-0.399348645,-0.14593817,18.626227181,0.0072955297,1.1746826608,0.1229106313,-0.148458922,-0.038108404,-0.012235737,0.0052224874,0.1102697596,-0.082224758,-0.549152062,-0.065795923,0.0822247579,38.0,0.0017470551,-0.386521308,-0.759084457,-0.095948064,-0.288450005,0.0829925179,0.0424949693,0.0221783566,0.617815779,0.3577274774,0.0,0.6780207999,-0.38777014,0.5436478377,-0.423530249,2.260237069,9.7398251844,-0.093621966,0.0,0.0,1.0,0.0,0.0,0.2662703633,1.0,-0.263035262,-0.129203929,-0.29586809,-0.435843261,-0.197717718,-0.066571698,-1445.917313,0.0633299066,15.009613674,0.0288959194,0.0536952102,-0.135534593,0.1400996378,0.127615523,0.0641047325,2.0,0.0063529412,1.549096156,-0.129136179,3.0,16.48894095,3.5477173783,0.0,0.0329363868,0.0208120764,0.0365363229,0.1682824164,2.7054761373,3.367358e-10,7.206122e-09,1.9166153624,3.6734144473,0.0669731248,0.0628162349,0.0549854113,0.0171249485
14795,0.3677470759,0.0485967965,6.4736419292,0.0148608833,0.4810826627,0.6001063807,0.1044549516,0.0373876006,0.2431943044,0.0018136327,-0.030532512,-0.059203151,-1.030228471,0.0986625998,0.059203151,46.0,-0.000141393,-0.074300281,-0.073009842,-0.099259286,-0.026837835,0.144825793,-0.005066641,0.028951213,0.1523926774,0.3830042248,0.0,2.3588443396,-0.073122404,1.366745283,-0.025039148,9.7942570393,5.0768786127,0.1578607009,0.0,0.0,1.0,0.0,0.0,0.5956535703,4.0,0.0930787829,0.0078374169,-0.07520342,-0.088743615,-0.204314662,0.0464381735,-2775.345005,0.0376507894,15.276616113,-0.001262961,0.0170531532,0.0384565018,0.028754154,0.0595071517,-0.016530514,0.0,-0.002598594,0.1439603258,0.0093651409,6.0,15.970455193,1.5798563804,0.0,0.0380416177,0.02356637,0.03434983,0.2964731171,2.2249804026,6.646474e-10,1.6240155e-08,1.3038889832,1.7001264805,0.0110829721,0.0340664696,-0.032444086,-0.028114825
14816,0.3894600223,0.0301000672,4.6954916741,0.012111967,0.1129909431,0.240342876,0.0516636383,0.0068455327,0.192813111,0.0147463595,0.0148614898,-0.016015923,-0.266378507,0.0381180782,0.0160159232,46.0,0.0005004021,0.0,-0.106333936,-0.037021898,-0.019943318,0.0970703792,-0.025858762,0.0169839569,0.0045706149,0.3802770766,0.0,4.582510961,0.031645351,3.7316376516,0.0087933924,2.2501647989,10.444161142,0.3510745486,0.0,0.0,0.0,0.0,0.0,0.2479173631,5.0,-0.104114397,0.0074732625,-11.08010196,0.2367266525,-1.724562456,-0.003285508,-14396.93969,0.0426379215,14.165879149,-5.4988e-05,0.0248583357,0.0328538467,0.0129251251,0.1143286513,0.0063511474,1.0,2.94109e-05,-0.268698214,0.0123663067,4.0,13.811898978,0.5381315813,0.0,0.0489130169,0.0177760948,0.0238351836,0.3027693765,0.7759050323,4.3270608e-09,4.5793508e-08,0.1382871505,0.019123336,0.6791066257,0.045790957,0.1376318177,-0.010149049
76946,0.2051094934,0.0212846381,151.68883266,0.0,0.155825079,0.4735429025,0.0917023929,0.0311734128,0.4191161549,0.0104321908,-0.065487016,-0.121796202,-2.034141959,0.0645806137,0.1217962019,43.0,-0.019551334,-0.009067358,0.0013633816,-0.070136431,0.091458728,0.2399113784,0.0601640217,0.030033874,0.1191139863,0.3664089664,0.0,1.9460663432,-0.159810152,1.483255111,-0.094729772,309.52678571,5.0420326953,0.2603643509,0.0,0.0,1.0,0.0,0.0,0.787753216,5.0,-0.293712957,0.0890942436,-0.014828102,0.0345223802,-0.136437001,0.0199390258,-5094.835326,0.0915965863,13.216976951,-0.003363478,0.0229908723,0.0393054089,0.0181120315,0.0161136483,0.0215463144,0.0,0.0021712159,1.002509358,0.1244796654,7.0,13.617357445,1.1685925532,0.0,0.0296692792,0.022546924,0.0368150407,0.4201638547,1.6444911624,1.1214481e-08,2.9331746e-08,0.4856120374,0.2358190509,-0.015840715,0.0523381047,-0.522706746,-0.049938477
55001,0.5930566531,-0.050205854,-3.898296848,0.0309352648,2.2803417136,0.6819401152,0.0294770747,4.59696e-05,0.0869974947,-0.071070234,0.0574614472,-0.091810701,-5.427309783,0.2222768696,0.0918107015,47.0,-0.01289418,-0.463157895,-0.334664404,-1.681098174,0.1548160832,0.0375679684,-0.052216855,-0.018249937,-0.143490468,0.5347394677,0.0,7.6368286445,0.5795793879,5.5831202046,1.0608222479,8.7539404553,3.1008064516,0.0182652614,0.0,0.0,1.0,0.0,0.0,0.2673759913,4.0,-1.47867024,0.0615418827,-0.466497099,0.1736351797,-0.733243672,0.299830941,-14781.30274,0.0629453635,14.653583309,0.0017195525,0.0025066729,0.0155406864,-0.014979341,0.0406210274,-0.709530279,3.0,0.004416636,0.1402507916,0.0330141839,5.0,15.731136065,2.0866269908,0.0,0.0154088577,0.0223248541,0.02888993,0.3681180223,6.754926058,4.728185e-10,9.6324835e-09,1.0276043136,1.0559706253,0.0093981231,0.0425412408,-0.02522052,-0.107827317
92583,1.3023824851,-0.02860425,-1.244943541,0.0,0.6225361859,1.6492915749,-0.016811024,0.0742007852,0.2829220415,0.0653416825,0.1653985163,-0.059513831,-3.909413854,0.0832216006,0.0595138307,36.0,0.0042722332,-0.063551402,-0.05811693,-0.349525766,0.10828868,0.2120627685,0.0194593748,0.0671340437,0.069598598,0.6825018274,0.0,2.7353579176,-0.019198149,2.4978878867,-0.010165119,2.5996636502,3.6173389793,0.1630430008,0.0,0.0,1.0,0.0,0.0,0.4157139281,3.0,-0.049666117,-0.108678671,-0.28788549,0.9516936955,-1.558760194,0.1765888959,-11079.95712,0.0363924557,9.9124170916,0.0048286257,0.0238082807,0.0355777483,0.2016610085,0.2766822069,0.0615046972,1.0,0.0553507993,10.682574947,0.2629632168,3.0,11.520515824,2.8653925705,0.0,0.0332870707,0.0270011632,0.0640453902,0.5047662305,4.7899811999,1.2597491e-07,1.2770291e-08,0.7493625635,0.5615442515,-0.414406329,0.1056800237,0.1921594173,-0.028114825
59600,0.6704071,-0.153013045,-2.705002431,0.0,0.7452840714,1.125399388,-0.014781645,-0.063625577,0.2029735454,0.0181262121,-0.061075832,-0.127285178,-1.219657458,0.0336104566,0.1272851775,47.0,-0.019805457,-0.078163772,-0.114475891,-0.353137205,-0.07731476,0.1867638997,0.1389998286,-0.083817535,-0.065851681,0.4926037587,0.0,2.4435717923,-0.062739202,0.9801425662,0.2253893741,17.713209076,5.5349573321,-0.123617532,0.0,0.0,1.0,0.0,1.0,0.4113810989,4.0,0.0211376169,-0.034150893,-0.30249786,0.3197183104,-2.234936935,0.1269777519,-10905.41424,0.0363924557,12.159984082,0.0043427498,0.0069713485,0.0147454113,0.0108658115,0.0799719092,0.0552489656,1.0,0.0131332083,1.6145750692,0.0982959538,1.0,11.845889805,0.3335042485,0.0,0.0687542707,0.0381419703,0.0682045496,0.6882782285,0.8273487612,1.3020028e-07,8.3865452e-08,1.1630836776,1.3527636412,0.056039358,0.0770798054,-0.257012292,-0.028114825
76185,0.1122344903,0.0110092152,22.351088738,0.0,0.0351017203,0.063102265,0.0881196854,0.1896593104,0.2744324502,0.0312905442,0.0811182896,-0.066794224,-0.822651678,0.0200659646,0.066794224,46.0,0.0,0.0245901639,0.027830678,-0.033513986,0.0242899192,0.4316207735,0.0810514368,0.0096787117,0.2282249616,0.4082867719,0.0,1.9725595762,0.4774469688,1.9725595762,0.4774469688,1.6523327562,2.7645852985,0.4606767978,0.0,0.0,0.0,0.0,0.0,0.3715636669,7.0,-2.899857378,0.010542573,-0.190234267,0.0343652958,-28.64098979,0.022458911,3097.7909357,0.03476008,16.609935968,-0.001440114,0.0095173392,0.0209535999,0.009270864,0.0605352879,0.0074037081,1.0,0.0005450779,0.2642413744,0.0086069508,5.0,16.754592209,1.054500008,0.0,0.089500688,0.0311755246,0.0332165868,0.4075151886,2.605274635,2.802792e-10,2.033522e-08,0.5594043941,0.3129332761,0.0840344911,0.0348192173,-0.551974164,-0.054879185
77730,0.6151021584,0.1057505093,0.4377752468,0.022385651,0.6405072693,1.6518180966,0.1358216074,0.0537787323,0.2230961226,0.0,-0.032249607,-0.022412209,-0.260255989,0.1332727128,0.0224122094,47.0,0.0147813184,-0.014388489,0.1020956351,-0.127412562,-0.016361172,0.1428059273,-0.014663347,0.0422858138,0.1618591845,0.3091198876,0.0,1.5528853755,-0.134651661,0.8600790514,-0.026056511,18.069096431,19.830833333,0.2260892738,0.0,0.0,0.0,0.0,1.0,0.4758751803,6.0,0.0904771828,0.0354821385,-0.086891603,0.5441402917,-0.73809204,0.1275667484,13218.442604,0.0431411127,17.120384572,0.0086196889,0.0379945602,0.0818187308,0.0468883945,0.0725439974,0.0629479014,3.0,0.0083607803,1.2473866649,0.0062978938,5.0,17.995546958,1.9103378965,0.0,0.025241917,0.0152617681,0.02093428,0.162182968,1.034084307,7.664531e-11,1.7363852e-08,0.6275141576,0.393774018,0.0461026565,0.0371774897,0.1333390914,-0.010149049
91103,0.441897315,-0.524122839,-1.245996293,0.0,3.9732203554,1.138478737,-0.188174753,0.1318545551,-0.057041303,0.241342112,0.3044790652,-0.052354247,-0.415334559,-0.306436511,0.0523542471,46.0,-0.002496456,-0.225,-0.645044962,-0.594458451,-0.583864268,0.0691053523,0.054943945,0.05373401,-0.483132426,0.5480508833,0.0,1.163064833,1.1203151666,1.0898231827,1.285843682,1.2862288491,11.857142857,-0.096780327,0.0,0.0,1.0,0.0,0.0,-0.352441245,2.0,-0.158548034,-0.238051392,-0.122923711,0.4153122576,-0.246284934,-0.36385613,6499.6603554,0.1434304144,16.618865818,0.010148883,0.0066573773,0.096451876,0.341545775,0.2839495483,-0.035771343,3.0,0.0100903931,0.1531357039,-0.043273197,2.0,19.12524889,9.9366471705,0.0,0.0930782035,0.0336006515,0.0388241232,0.4121170709,22.717255251,3.462092e-11,2.4087573e-09,2.3330383121,5.4430677659,-0.002013334,0.0633205412,0.2463333091,-0.152691328
17929,0.5953939062,0.1645211641,-1.310392338,0.0316257453,1.2551607833,0.8351664004,0.1521377368,0.1957811941,0.2112263139,0.0041371896,0.136474411,-0.000911815,-0.009543286,0.1660912366,0.0009118145,47.0,0.0148495506,0.0,0.1353864918,-0.208457352,0.7545687225,0.0631605435,-0.037584693,0.0752949589,0.2860949612,0.360320995,0.0,1.4235959948,0.619190519,1.2194166304,0.6436837069,8.4914481186,8.3206703911,0.1871673004,0.0,0.0,0.0,0.0,0.0,0.640503876,7.0,-13.65879216,-0.026521394,-0.231396989,0.2279707406,-1.239289823,0.0337061414,-3951.436142,0.0264525406,15.789074372,0.0163532356,0.0349860056,0.1030017657,0.0351920527,0.0524427435,0.6454301018,1.0,-0.002111685,1.3171825352,-0.023048906,3.0,16.92327091,2.0876156189,0.0,0.0236967467,0.0140057456,0.0212521481,0.451982575,5.7182819687,1.824286e-10,1.2842155e-08,0.9662319043,0.9336040928,0.0176226403,0.0306503766,-0.204973469,0.1163368332
77973,1.4513780282,-0.890348106,-7.030942128,0.0,4.0131329556,1.3489244026,-0.153927977,0.0122326506,-0.132533172,-0.000376861,0.2876930848,-0.145342629,-0.886650226,-0.100920757,0.1453426288,43.0,0.0,0.0555555556,0.0378350811,-0.303601272,2.0062880864,0.3307163886,2.8035475113,-0.071999202,-0.363973058,0.2686476979,0.0,59.253559061,0.3512985399,52.180412973,0.3512985399,2.1243557121,1.2241521919,-0.241925924,0.0,0.0,0.0,0.0,0.0,-0.313538244,3.0,-0.513706819,0.0273492747,-0.470359307,0.2206582249,-0.543671427,0.0149136051,-13002.14191,0.0397241163,9.604237185,-0.026622985,-0.018940966,-0.071814826,0.0187945362,0.2462169186,0.3259746198,0.0,0.4438015068,-0.819677871,0.0362064461,3.0,7.7122604771,0.5477222746,0.0,0.0902527049,0.0409982958,0.0407294265,0.8768966497,0.2597418392,2.3959196e-06,4.062877e-07,0.378231781,0.1430592802,0.5549368121,0.0743552882,0.1524002093,0.045344153
78044,0.7957503324,0.0645469392,-0.352492556,0.0,0.4372598333,1.4821662799,0.0980266812,0.1712621425,0.2505198645,0.002385341,0.2464574354,-0.01477956,-0.261686101,0.0814379761,0.0147795596,47.0,0.0612259963,0.1268115942,0.1007124379,-0.430964333,0.8015230936,0.1201750385,0.0945755684,0.0996958845,0.1336812639,0.6115440789,0.0,3.1213966592,-0.325489943,1.7818312892,-0.323221861,8.5312000818,6.6730505882,0.306325291,0.0,0.0,1.0,0.0,1.0,0.3644889374,6.0,0.079205068,0.0467136893,0.1087135763,0.0010806853,-0.01875369,0.1003776787,-1602.736964,0.5868411012,12.511276553,0.0113603813,0.0156292764,0.0242174661,0.1341280136,0.0903144677,0.0095220059,0.0,-0.003191974,-0.018241962,0.0184562448,5.0,12.637527432,0.7289930368,0.0,0.0266272649,0.027534966,0.0422339767,0.4143248928,1.5684617884,2.2434419e-08,3.6537139e-08,1.6396412943,2.6884235739,0.1020852449,0.0653508265,-0.277901192,-0.192209948
24985,0.452039737,0.0440508627,-7.560269231,0.0249840714,1.1606972437,0.2930318009,0.0357052817,0.1070404037,0.0820861991,0.0288383428,0.106984372,-0.028082607,-0.982778416,0.0873430998,0.0280826075,46.0,0.0008857832,-0.015016626,-0.01962775,-0.040063717,0.0695835409,0.040101466,-0.016123629,0.1102201638,0.1090706043,0.4782474867,0.0,0.7582568807,0.3273469506,0.519266055,0.3882192827,37.141025641,7.73564753,0.0890984845,0.0,0.0,0.0,0.0,0.0,0.2407246557,5.0,0.7188107575,0.0349329583,-0.019024905,0.0122941409,0.2497932524,-0.096260516,8253.3114418,0.0260918659,16.991172066,0.0002293803,0.0125309588,0.0448217676,0.0087704164,0.0006634934,-0.288032064,1.0,0.0008641975,0.101228328,0.001071184,5.0,17.212517906,1.0015348253,0.0,0.0230671447,0.0113568919,0.016011786,0.2171110939,0.9670921526,7.225662e-11,2.4112968e-08,0.6226744261,0.3877234409,0.1115466435,0.0274257412,0.1087991698,0.1163368332
48725,0.1213116609,0.0382648941,55.913025305,0.0187998021,0.3250620279,0.1397323194,0.1304103615,0.0117555494,0.1673665948,-0.029981173,0.0435181996,-0.051438289,-0.596560105,0.0610922033,0.0514382894,46.0,-0.001821538,-0.174025558,-0.100193477,-0.043767145,0.0635159222,0.0396263291,-0.003476504,0.0139282993,-0.064541041,0.5309232027,0.0,1.0098250659,0.2702367337,0.8569374551,0.3768592566,10.467845659,12.978737542,0.1698938023,0.0,0.0,1.0,0.0,0.0,0.5069505737,5.0,0.0149051265,0.0064043639,-0.073619551,-0.521547238,0.0651979966,-0.012108838,75932.972087,0.1925484061,18.806894889,0.0015224284,0.026952137,0.1169684682,0.0051223093,0.0203976908,0.0535525562,0.0,-0.000204071,-0.082024545,0.0515907677,3.0,19.397833148,1.2522845428,0.0,0.0144556426,0.0188278642,0.0258634831,0.3121623323,1.9634409593,1.512155e-11,1.7191838e-08,0.7961128419,0.633795657,0.0446240126,0.0288441578,-0.117740148,0.1401288465
78749,0.1567540212,0.050035932,6.6160513322,0.0542447033,0.0237084023,0.1663221631,0.6854996155,-0.035832727,0.5078864353,0.0,-0.094797688,-0.02380266,-0.087443268,0.0544112374,0.0238026603,43.0,0.0163900671,-0.107142857,-0.192146481,0.1462710592,-0.034291858,0.2448071217,0.0863316024,0.0195745369,-0.026239067,0.8648961409,0.0,7.9533239038,-0.07657007,6.9519094767,-0.097930973,1.3427034955,7.9149855908,1.4118782575,0.0,0.0,0.0,0.0,1.0,0.590520079,3.0,1.367580138,-0.170444922,-0.285147416,-0.087097918,5.3208412589,0.1411586004,-5680.398089,0.0232852488,11.502418097,0.0061492956,0.0817640431,0.095175644,0.0129378798,0.7035079994,0.0128275209,0.0,0.0045834432,6.4641684818,0.0160666564,5.0,10.946570208,0.6197213757,0.0,0.0457370691,0.0351441663,0.0549631988,0.732984922,2.5149943334,4.4615352e-08,2.5672836e-08,0.5675038605,0.3220606317,0.1323636002,0.035848973,0.6143155706,-0.24467985
92655,0.1974146997,0.0464304808,8.7509367575,0.0138179137,0.3820725472,0.7751204486,0.129914183,0.1345686041,0.3853032682,-0.002109705,0.1344616789,-0.036483843,-0.43958969,0.0668408415,0.0364838433,37.0,0.0,0.0153846154,0.0618859821,-0.121787487,0.1013488524,0.3351495479,0.0724785532,0.0009028748,0.1366807831,0.2157229749,0.0,0.7417564209,0.074897856,0.7417564209,0.074897856,12.999393357,10.122067391,0.1534236006,0.0,0.0,0.0,0.0,0.0,1.1340079145,6.0,0.0497667476,-0.075401124,-0.510530247,-1.033305104,-0.299692234,0.1826752036,214588.83666,0.0397241163,19.277947544,0.0005184087,0.0194301257,0.0592053786,0.0196208903,0.1120467507,-0.002987339,0.0,0.0003582945,0.4326539775,0.0607655469,6.0,19.733784695,0.6887091777,0.0,0.0270202216,0.0162129512,0.0223183372,0.2013685252,0.6334169778,7.983689e-12,3.348635e-08,0.8071469117,0.651486137,0.0986210586,0.0364018328,-0.052366766,0.045344153
78829,0.9109324203,0.0865059525,-5.677944498,0.018314073,9.0915327858,0.4132494865,0.0210489586,0.2472068537,0.0437061663,-0.022241232,0.2569677663,-0.002918334,-0.303997878,0.1128035784,0.0029183336,46.0,2.379e-05,-0.021525886,0.0612509324,-0.130628787,0.0289704655,0.1761679687,0.1496542895,-0.000373814,0.1574975829,0.5055524754,0.0,0.779636439,0.0135526213,0.7792132423,0.0136574647,0.263658456,0.086145691,0.0129215558,0.0,0.0,0.0,0.0,0.0,0.4453948681,5.0,0.0578117821,-2.3935e-05,-0.036597115,-0.196234761,-0.743419721,-0.040566996,-3563.676702,0.0256085935,15.28914541,0.0002989325,0.0025797253,0.0305694308,0.0041099886,0.1932725919,0.0103095717,1.0,0.0015510288,-0.181180584,-0.064968263,6.0,15.425793311,0.937450073,0.0,0.0330047347,0.0175668783,0.0286621869,0.3916982423,2.2285307112,7.202117e-10,2.3471805e-08,1.0519300677,1.1065568673,0.0051674111,0.0337118828,-0.106622129,0.0732063074
87447,0.0045124048,0.0092239873,17.061690944,0.0243958323,0.4240355542,0.5812416929,0.2479315264,0.0786594535,0.1996301225,0.0093392482,0.1312896251,-0.151598553,-6.787788533,0.0718344622,0.1515985532,22.0,0.0018126637,0.096969697,0.1421707561,0.0615319162,-0.043217378,0.0763721799,0.0788541246,0.046493942,-0.798898072,0.5358418792,0.0,1.1880582981,0.0706626059,1.1516220028,0.0697896534,13.3989867,7.6732251337,0.0694849243,0.0,0.0,0.0,0.0,0.0,3.2941536578,6.0,-0.04623062,0.170259884,0.1366582978,-0.411036487,-0.127555085,-0.090146378,135948.1179,0.2470034686,18.698248611,0.0015383136,0.0359031278,0.2155483572,0.0123016416,0.1606352394,-0.009175928,0.0,0.0007688083,0.8761295283,0.04306438,4.0,18.754551006,0.9971987651,0.0,0.0201717261,0.020012192,0.0270126263,0.3440589132,2.0020811709,2.055677e-11,2.0749266e-08,0.557635674,0.3109575449,0.0344973822,0.0402719428,-0.204029938,0.0980376093
78960,0.1805483039,-0.082908951,29.187051143,0.0012107179,0.15421519,0.1320691421,-0.270460617,-0.028771725,0.0570322769,0.0902800706,0.1696958102,-0.146773357,-0.602677213,-0.032941616,0.146773357,33.0,0.0017781729,-0.422680412,-0.366715046,-0.208264342,-1.222274396,0.079636558,0.0759764215,-0.015481233,-0.151895735,0.5602515038,0.0,0.4037516749,0.25415364,0.2909860531,0.5721468054,5.6974972797,21.907949791,-0.422008641,0.0,0.0,1.0,0.0,0.0,0.0904028436,4.0,-0.237539313,-0.014667593,-0.557639763,-0.725820877,-0.686446047,-0.236088199,-3365.555539,0.0894515012,10.632360086,0.0,-0.002877201,-0.003093964,0.0108704363,0.6256189015,0.2800589551,0.0,0.0092892819,-0.410558948,-0.034469651,2.0,12.473406454,1.913595005,0.0,0.0233277474,0.0342997099,0.0854664396,0.6291639378,3.7703650898,1.190242e-07,2.0076421e-08,1.0142361582,1.0286749846,0.513179697,0.1368117765,-0.495061259,0.2323533244
79039,0.7016242105,-0.527344262,-0.024632619,-0.001637969,0.3108866001,0.19082344,-0.570647513,-0.081978169,-0.167520606,-0.752498881,0.6818785999,-0.443050716,-0.888647305,-0.058721204,0.4430507162,46.0,0.0,0.0,-0.64551955,-0.363396645,-0.863620599,0.0615283267,-0.201320705,-0.299621297,-0.069815418,0.6036690124,0.0,2.1312811227,-0.032099215,2.1312811227,-0.032099215,0.7677100494,4.53307393,-1.973236412,0.0,0.0,0.0,0.0,0.0,-0.246036916,2.0,6.4981940011,-0.082643748,0.0881357107,8.3145251229,-1.488703077,-3.31161223,-1745.943852,0.0340789314,11.501462997,0.0,0.0045952232,0.0055931501,0.0645776445,0.409331136,-0.355775461,1.0,0.0837688316,-0.819677871,0.0577815212,3.0,15.143649202,13.509228053,0.0,0.1323876977,0.0513151894,0.0800819848,0.6659875518,16.282259323,2.6599833e-08,6.3110478e-09,1.5442365895,2.3846666443,-0.038400473,0.1108476199,0.1336774837,0.818494895
17830,0.6641474847,-0.02861348,-2.380813123,0.0251437846,0.8123780099,0.5207947801,-0.000547385,0.1605900541,0.0912780211,0.7578653024,-0.074651431,-0.044489497,-2.159858475,0.0331875868,0.0444894971,46.0,-0.010196476,-0.255756579,-0.265542663,-0.348951292,-0.188337091,0.2310889443,0.2038030909,-0.011831143,0.7274620577,0.2261910788,0.0,1.2099977684,0.1160621601,0.9474726624,0.2343876709,6.4288798,2.9495439145,0.0085266717,0.0,0.0,0.0,0.0,0.0,0.2715804089,4.0,-1.485035854,0.00424449,-0.259095783,0.2447260112,-0.51542557,0.1107416583,90941.851146,0.0629453635,18.76739564,-0.000917493,0.0088140118,0.0196864234,0.0113941038,0.047086388,-0.006358081,3.0,0.001977664,0.0941106275,-0.029535411,3.0,18.896302125,0.8934056833,0.0,0.0255941935,0.0138005155,0.0232378402,0.1924696438,0.6954473735,1.942265e-11,3.1705967e-08,1.3236036858,1.7519267171,0.0443915078,0.029883828,4.07173e-05,-0.107827317
79338,-0.673085461,-0.144359452,4.6721535746,0.0,2.6659562862,0.6910986795,0.0459684618,0.0224100397,0.20642848,0.0106382979,0.0595946355,-0.131703919,-1.827768014,0.1194961373,0.1317039195,37.0,-0.006711834,-0.081632653,-0.198823529,-0.102716473,-0.039361726,1.0884086444,0.0321116456,-0.004482008,0.1993670886,0.2556409068,0.0,2.6182472989,0.2418436105,2.3889555822,0.3347483413,2.4042365402,3.666218035,-0.001468788,0.0,0.0,1.0,0.0,0.0,-0.501356239,3.0,-0.063006802,0.0198036274,-0.082535792,-1.094815877,-0.402512861,0.067271711,-4688.090365,0.0376507894,15.516468278,-0.021599605,0.0122391136,-0.037863691,0.0132790753,0.1045859873,-0.375493135,5.0,0.0199831467,-0.085682646,-0.059059928,3.0,16.364021992,1.6846530427,0.0,0.0683367103,0.0353431713,0.0526555854,0.2900147708,2.0029600796,6.584646e-10,1.5232802e-08,2.5542233703,6.5240570255,0.0061866173,0.0887070808,-0.667596162,-0.028114825
67360,0.5853309973,0.0484515633,-47.71979333,0.0340063767,1.638174439,0.6298703226,0.0502819868,0.0781295594,0.0918441786,0.0054922974,0.0952716298,-0.030540246,-1.350931677,0.1139063149,0.0305402464,38.0,0.0002808299,-0.001949318,-0.044728435,-0.104080952,0.0511233186,0.0454773031,-0.024424393,0.0941785819,0.0329261816,0.4982398674,0.0,1.0235121234,0.2494823325,0.9566495224,0.2510032216,69.766666667,3.5534804754,0.0832573102,0.0,0.0,0.0,0.0,0.0,0.2642060542,5.0,0.6846402479,0.0209035766,-0.005957598,0.1455854012,-0.072625109,-0.0696973,-10854.70532,0.0260918659,13.613169134,-0.000491608,0.0,0.0,0.0156597093,0.0058316766,0.2039990642,0.0,-0.003038803,0.4250382986,0.0211413736,5.0,13.591712614,0.9117958955,0.0,0.0499506146,0.0206283538,0.0280031467,0.3292556683,1.4797461749,3.785833e-09,2.5278963e-08,0.8506037805,0.7235267914,0.0729426806,0.0375331164,0.5072239294,0.1163368332
59619,0.2993719241,0.0350760789,77.336753734,0.0211654171,0.2584194997,0.4267883312,0.1000740054,0.0004074359,0.2726539249,0.0008279712,-0.060610649,-0.062802444,-0.9985019,0.0700996104,0.0628024445,46.0,-0.023654622,-0.027106949,0.0068537055,-0.091321256,0.0028741446,0.1058910863,-0.126195957,0.018209914,0.0598317357,0.374283341,0.0,3.4339839318,-0.122675578,1.6681253039,-0.081426286,53.774767864,5.6891027284,0.1911168552,0.0,0.0,1.0,0.0,0.0,0.5213858158,7.0,1.4370826729,0.0397983384,-0.205111508,0.0555199854,6.2777147726,0.1568469733,-2625.463231,0.0232852488,15.083882818,0.0030695249,0.0199749077,0.0359131907,0.0054222965,0.0190573334,-0.026609989,1.0,0.0005489679,0.1246869645,0.0829266328,6.0,15.15766502,1.3469337584,0.0,0.0289151371,0.0149323943,0.0246185267,0.4734018114,3.2815994164,6.74493e-10,1.8963685e-08,0.8458609352,0.7154807217,0.0061294398,0.0308422084,-0.283304393,-0.24467985
16555,0.9039921001,0.0604436701,-1.814650316,0.0522031116,0.6870006383,1.3714835394,0.080842774,0.1042014295,0.2030891297,0.0038080419,0.19463059,-0.059605028,-1.5216108,0.1524154113,0.0596050277,46.0,-0.008942726,-0.166666667,0.0384182234,-0.0401557,0.0441295095,0.1174896255,0.0849522049,0.0119834732,0.0486369634,0.4671144649,0.0,5.3055461749,-0.041172316,2.6222808939,0.0418268178,10.05652035,5.3971541463,0.1448034557,0.0,0.0,0.0,0.0,0.0,0.3269771751,5.0,0.0809794319,0.3649773487,-0.686197742,0.379881476,0.7860316498,-0.025452682,-1295.475635,0.1434034542,14.1686803,0.000305045,0.0081424219,0.0149636646,0.0646874852,0.0415046925,-0.0446275,1.0,0.0100970665,0.2843046161,0.0273544074,6.0,14.552756711,1.1325314261,0.0,0.0182286762,0.0137293123,0.0235148991,0.2785847448,1.3418968041,1.67038e-09,2.2680457e-08,0.6031017746,0.3637317506,0.0955200903,0.0328110093,0.4028919861,0.4042341731
79637,0.5401041581,0.0807062145,1.6511686498,0.0014828795,0.6045010917,0.9529533298,0.0772543022,0.1550043066,0.1248869368,-0.018949092,0.1619210438,-0.112643367,-1.500303511,0.2017900316,0.1126433672,40.0,0.0024281442,-0.015486726,-0.020421578,-0.128107341,-0.171780341,0.0894090115,-0.025816774,0.0702790907,0.147715387,0.4169724618,0.0,1.3227800933,0.0793801718,1.246031199,0.1093296107,9.1024810329,6.4467097531,0.2211179008,0.0,0.0,1.0,0.0,0.0,0.2441570428,6.0,4.0829564484,0.0392757299,-0.055707703,1.5897132915,-1.335046426,0.3981384498,7131.8948333,0.3461731473,15.92396297,-0.000898368,0.0170418497,0.033695622,0.0214406607,0.0147696093,-0.024727265,0.0,-0.00014454,0.3285806519,-0.083076087,6.0,16.846988744,2.214808525,0.0,0.0438576862,0.0417616908,0.03296346,0.4368713336,7.8414865251,1.566891e-10,8.5731165e-09,1.1820813752,1.3973163777,0.0235294086,0.0369685947,0.151972111,-0.094679308
79776,0.3348106787,0.0351606243,3.7932719519,0.0133895617,0.0290552186,0.137405818,0.2263485995,0.0178345341,0.2392633008,-0.021225148,0.0263400046,-0.084312876,-0.864882386,0.0655704289,0.0843128758,39.0,-0.006238376,-0.005494505,-0.100447666,0.0340947214,-0.030499201,0.6330566837,-0.007680873,0.0056564074,0.0171030635,0.57261805,0.0,16.423634925,0.0317511427,14.782379319,0.0624652178,0.817949215,10.282163743,1.4118782575,0.0,0.0,0.0,0.0,0.0,0.2598399494,5.0,51.864050047,0.0506070737,-0.086400276,0.5322102242,-0.379173721,4.164304914,-7215.522951,0.0357482652,12.641667385,0.0027738344,0.0360121239,0.0391747776,0.0061781754,0.537118378,-0.021776237,2.0,0.0037547248,-0.247419503,0.0567154028,5.0,12.715961317,0.8109739369,0.0,0.0246828087,0.0128814383,0.0262863594,0.4000784378,1.3184615741,1.2232606e-08,3.51274e-08,0.6240066625,0.3893843148,-0.114336136,0.0424246016,-0.222868658,-0.145662284
43553,0.0975664457,0.0113301894,17.31621858,0.0241599355,0.3415237744,0.2949448411,0.0626410094,0.2354009624,0.4706622531,0.0080475911,0.3757689286,-0.077012755,-2.700205125,0.0419240249,0.0770127551,46.0,-0.018649929,-0.166666667,-0.117952849,-0.1100612,-0.020292474,0.1098150846,-0.085792775,0.0072266403,-0.089705105,0.3079976989,0.0,2.1650847306,0.3023561245,1.6847182757,0.3646532854,6.5257311652,7.1128108399,0.0675537906,0.0,0.0,1.0,0.0,0.0,1.5203569261,4.0,-0.100066579,0.0533991512,-0.14968836,-0.488361151,0.0253975331,-0.069248583,15739.659823,0.2179887911,16.822326381,0.0013288499,0.0342465667,0.1417375528,0.0224208192,0.0980308497,-0.030085842,2.0,-0.000597104,0.3309226171,-0.043205106,6.0,17.659441597,1.7018940504,0.0,0.0299820136,0.0169991575,0.0285233794,0.2966229268,2.861027876,8.843085e-11,1.558558e-08,1.190834015,1.4180856512,0.0123832817,0.0361057175,-0.117786168,-0.182618162
79864,0.8373940778,-0.012152563,-105.4894458,0.0093488485,0.9959038272,1.5549898774,0.070235718,-0.077770185,0.095744706,0.0077484047,-0.122211106,-0.050348567,-7.91568362,0.0840432806,0.0503485665,40.0,0.0427997257,-0.31556196,-0.120867309,0.1901352659,0.0131287282,0.4062027497,-0.005862875,0.0306420417,-0.018683507,0.291024668,0.0,2.5494656247,0.1779640252,0.7292714109,-0.12420112,454.11939356,8.214264432,0.0395641829,0.0,0.0,1.0,0.0,0.0,0.1858739029,5.0,-0.349065443,0.0405814265,-0.321322704,0.6668069646,-0.682503713,0.0394016927,-5035.367016,0.0915965863,13.224020315,-0.000591723,0.010610195,0.0224685799,0.0573198851,0.0004195247,0.0070591164,1.0,0.0,-0.006134261,0.1058274535,2.0,13.053753886,0.6616849244,0.0,0.1749433577,0.0488132443,0.0361369321,0.5003719452,1.9277328614,1.4188854e-08,2.8120693e-08,1.3415211105,1.79967889,0.0042957356,0.0528313066,-0.507230623,-0.049938477
80128,0.3183671584,0.0378931313,3.9138020742,0.0103404646,0.4700716565,0.7798118406,0.101365439,0.068664777,0.3091425778,-0.014806907,0.0864004183,-0.06143578,-1.248114689,0.0851881052,0.0614357803,46.0,0.0260211935,0.0995741229,0.0463968607,0.0195214299,0.0519985312,0.1214835634,-0.047307123,0.0582841278,0.0634988898,0.4973870674,0.0,2.3089530271,-0.145580997,1.6421789298,-0.167812083,7.2252736284,4.4878509627,0.1328999798,0.0,0.0,0.0,0.0,1.0,0.7291827863,5.0,-0.111275458,0.0192999224,-0.206952086,-0.30465253,-13.34054406,-0.01143533,633.99317497,0.0553124103,15.483386609,0.0013666631,0.0151727193,0.0398957843,0.0270154211,0.0497748049,-0.005586527,0.0,0.0006805036,-0.05343311,-0.04652546,6.0,15.665708129,1.0399480706,0.0,0.0656865984,0.0230779396,0.0271420663,0.4669545648,2.8178750456,5.215853e-10,1.9311465e-08,0.9216918264,0.8495158229,0.019400703,0.0331859294,0.0735527242,-0.010696088
81116,0.4730884065,-0.009720709,0.9141102439,0.0,0.5672904293,0.5261335197,0.0393263092,0.0977596542,0.2566630974,0.0148997836,0.1039596371,-0.059915439,-6.127040877,0.0498384724,0.0599154387,41.0,0.0149625441,0.0408805031,0.0830191559,-0.342512759,0.104852809,0.4038069521,0.0890745124,0.0151707396,0.0904163284,0.5708570291,0.0,4.0014112257,-0.005915716,3.0066948003,0.0369080516,1.4190199154,4.4861364916,0.0473927048,0.0,0.0,0.0,1.0,0.0,0.4946009741,5.0,0.2769166897,0.1541477086,0.0399773645,0.016597716,-0.443593212,-0.002385954,-7766.431725,0.0376507894,13.976344197,0.0002259379,0.0092187771,0.0212231701,0.0341517498,0.3369546045,-0.011740034,3.0,0.0022512382,2.1927242179,0.1271468615,2.0,15.019792558,1.8314241295,0.0,0.0306393709,0.0202264696,0.0341554404,0.2887034979,2.4635469598,1.8853288e-09,1.2693005e-08,1.7682155443,3.1265862112,0.0354289856,0.05569154,-0.112029858,-0.028114825
57808,0.5261297999,0.0410308577,0.414338254,0.0183482767,0.5258203737,0.835116462,0.0949449951,0.0107979588,0.2385891325,0.0014746097,-0.035289103,-0.061197581,-1.562075446,0.1051241531,0.0611975814,46.0,0.0052813849,-0.035714286,-0.06236431,-0.094190677,-0.037494851,0.1589797294,0.0098689453,0.0593634594,0.0613177533,0.5785637893,0.0,3.0178993391,-0.078349527,2.220899572,-0.09164915,3.2143611486,7.3882503721,0.1802587121,0.0,0.0,0.0,1.0,0.0,0.4801053632,4.0,0.1553679269,0.0045974774,-0.073295963,0.1226675024,-0.261781964,0.0874101748,-13371.03721,0.0642905452,14.719012946,0.0023963086,0.0288947389,0.0584301587,0.0596387453,0.2674832476,0.0132614093,5.0,-0.00099552,0.5785365458,-0.003634012,5.0,15.351644539,1.4635022664,0.0,0.0476712771,0.0211330329,0.0273674901,0.3372935741,2.1984565749,1.2925695e-09,1.8276007e-08,1.3303096074,1.7697236517,0.0381522236,0.028800154,0.1894380171,-0.091892872
15202,0.3066805383,0.02991816,9.3008205754,0.0091696887,0.2879685545,0.2471233551,0.0876160227,0.0974863536,0.1576034955,0.0010954061,0.1258498218,-0.043192203,-0.820353915,0.0544616396,0.0431922029,46.0,-0.000870624,-0.035539082,-0.014663317,0.0084426672,0.0439733986,0.0818303996,0.0320061696,0.0360606127,0.0721243888,0.3795782515,0.0,2.1731099751,-0.156227536,1.7450230608,0.0147139204,4.0540678607,8.7159385179,0.184307301,0.0,0.0,1.0,0.0,0.0,0.2737245006,5.0,-3.857940249,-0.040269691,-0.02991759,0.2027713608,-0.355858749,0.17657608,18641.14516,0.1947249482,16.946486162,-0.00044985,0.015307025,0.0281447354,0.0092041197,0.009967123,0.8938899685,0.0,-0.00094585,0.5683439063,0.0054407226,6.0,17.34581081,1.2390841962,0.0,0.033645235,0.0220607999,0.0264554527,0.3192078791,1.6987644152,1.26309e-10,2.1186237e-08,0.9700330368,0.9409640925,0.0354496832,0.0361323985,-0.160963086,0.2706591205
53225,1.4144239501,0.1130112584,-2.821326828,0.0112761055,0.9995204589,1.0848768523,-0.038354932,0.0864715213,0.1637626626,-0.061935241,0.022556964,0.0144968771,0.2986433173,0.0792612013,0.0144968771,46.0,0.0018898852,-0.154349812,-0.016601759,0.0912522332,0.0852797343,0.1490677246,0.2072755124,-0.006351121,0.1325794858,0.2997297503,0.0,1.8682667015,0.1701295152,1.7412488443,0.1669927025,2.853075687,5.0901655695,0.1620351568,0.0,0.0,0.0,0.0,0.0,0.281090033,5.0,-0.394228614,0.0166873222,-0.258817499,1.0469450941,-0.943388114,0.0355526179,136.23212016,0.0777638582,14.675427283,-0.006177393,0.0060192727,0.0099760943,0.0316746385,0.1388174095,0.1082717535,0.0,-0.002121665,-0.134158094,-0.02473625,3.0,14.733876124,1.0024672452,0.0,0.0146091841,0.0139146249,0.0189389087,0.1604224965,0.6791235074,1.1301786e-09,2.6229616e-08,0.9728597721,0.9464561361,-0.019682448,0.032950933,0.0903027845,-0.114609465
24969,0.7303133842,0.0465909288,-101.875989,0.0396703653,1.573217795,0.4756280847,0.0350349825,0.0525513049,0.0751214641,0.0306950295,0.0553196923,-0.032282453,-1.556252317,0.1190981696,0.0322824534,46.0,0.0001390518,0.0,-0.01763571,-0.000324706,0.0654848498,0.0438720359,0.0473652577,0.0586935606,0.0466368,0.4533652977,0.0,0.6799590416,0.1826575083,0.5466247858,0.2161213348,93.117145675,8.0715323743,0.0830742091,0.0,0.0,0.0,0.0,0.0,0.1814391291,5.0,0.6601559025,0.0403082963,-0.00400828,0.2905677881,-0.187483371,-0.064505446,-8740.033098,0.0260918659,14.890113385,-0.001001252,0.0021615031,0.0069402106,0.0084384328,0.0028558364,0.0645195796,1.0,0.0030674847,-0.478615546,-0.023043255,4.0,15.388291449,1.2704951224,0.0,0.0132890027,0.0143655727,0.0216853237,0.2378541758,1.4097744743,5.178872e-10,1.72358e-08,0.6787495725,0.4607009821,0.0339799723,0.0307557361,0.1584923678,0.1163368332
46068,0.1703507388,0.0308896626,43.727536678,0.0304466777,0.0807348637,0.5792180413,0.1850706802,-0.028094474,0.478381839,0.0085877363,-0.162596833,-0.105068775,-0.982272358,0.0612317243,0.1050687748,47.0,-0.055346406,0.0,0.0596529152,0.0568841398,-0.002723352,0.0842827121,0.1068020055,-0.055251997,0.0357043584,0.4510739695,0.0,3.0472343963,-0.090364883,1.4434018619,0.0647009596,34.606913266,9.4433800123,0.3822649711,0.0,0.0,1.0,0.0,0.0,0.8510234237,6.0,-0.036492308,0.0861613651,0.0196857444,1.2074662604,-0.141964704,0.0737121342,5043.1112293,0.0624291911,14.261061132,0.0042554156,0.0449805919,0.0893981924,0.023973208,0.0443883878,-0.007922818,0.0,0.0008313808,0.0539325843,0.0296336575,6.0,8.8671188138,0.0024721168,0.0,0.0458938032,0.0244418948,0.0179619662,0.4027242526,0.025378696,1.1684593e-07,4.062877e-07,0.4506687284,0.2031023027,-0.032851673,0.0341903276,-0.056106799,0.1631852225
42059,0.8912293157,0.092470927,-1.34705701,0.0259363699,0.5243464006,3.1979954671,0.1049851858,0.0864539778,0.6567551663,0.0,0.0932026841,-0.091003303,-1.337680903,0.2161675202,0.0910033029,46.0,-0.006168222,0.0434782609,0.1606700422,0.1428090567,0.0122579449,0.0802255566,0.0330678816,0.0552125197,0.0825222315,0.5825504529,0.0,1.8084263968,0.0386714436,1.0315044084,0.3179596736,15.162724762,72.455972516,0.3239304079,0.0,0.0,0.0,0.0,0.0,1.0393428068,8.0,-0.000239391,0.2759799204,0.0081493973,0.3461547269,0.2766418491,-0.023267135,-8975.943398,0.1402277265,14.580332688,-0.000839058,0.0156158844,0.0240244062,0.0432022896,0.1690254071,-0.002170305,0.0,-0.002001429,0.1606057578,0.027417555,6.0,14.010310953,0.5273874142,0.0,0.040874958,0.0177085573,0.0272581315,0.3798733655,1.2156418345,2.446296e-09,3.6330335e-08,0.0784513928,0.006154621,1.0502827588,0.035975373,0.3341174811,0.2763973556
79066,0.4347332481,-0.005228059,151.68883266,0.0,0.0287543268,0.0101545,-0.151429195,-0.203626943,0.0070811744,0.0,-0.679654638,0.092875685,4.9535809019,-0.053788688,0.092875685,35.0,0.0,-0.6,-0.828813559,-0.722962625,-0.189012528,0.0182926829,-0.675925926,-0.340318584,0.7956810631,0.653069833,0.0,23.182926829,1.4297006143,23.182926829,1.4297006143,3.7407407407,0.0274232962,-0.021816199,0.0,0.0,1.0,0.0,0.0,0.0120431894,5.0,3.0746861755,0.0810673077,-0.652678109,16.569275056,-0.885952466,-0.132947644,-2061.472552,0.1000073361,9.4187195028,0.0,-0.001681379,-0.001796542,0.0,0.0549668874,-0.008076923,0.0,-0.004116672,-0.6871041,-0.117356156,2.0,13.798922504,22.071961223,0.0,0.0598591827,0.0360400294,0.0834851503,0.7831516689,23.519863581,1.5094673e-07,4.887319e-09,0.0340767013,0.0002555055,0.6300081761,0.2729889101,-0.360588116,0.1750913885
62498,0.0884321096,0.0165085987,30.041250219,0.0023270353,0.0447906609,0.1023752473,0.1853280081,0.193217733,0.3745195182,-0.000863873,0.2227284561,-0.049189905,-0.364818024,0.0225312331,0.049189905,46.0,0.0333385263,0.1219512195,0.1668568944,-0.039845267,0.0697810974,0.1078596144,-0.05137782,0.1277867942,0.1788075261,0.5755219056,0.0,2.7288438617,-0.119511606,2.0905840286,-0.132267917,3.488058489,5.5720218012,0.5332942899,0.0,0.0,0.0,0.0,0.0,0.5512967201,6.0,-0.013926539,0.0379077238,0.1335917812,-0.364397684,-1.082350289,-0.093172714,10876.725573,0.281925686,16.96934239,-0.003523308,0.0598602352,0.0863918134,0.0050383977,0.2189270031,-0.004278114,0.0,0.0006359825,0.5258759946,0.0227534862,7.0,17.339712839,1.1258347283,0.0,0.0268653072,0.0197359962,0.0345483597,0.33189704,2.4944205402,1.331213e-10,1.8482353e-08,0.4403382108,0.1938977399,-0.047744166,0.0407967039,-0.575120656,-0.031359609
66384,0.4890886829,0.0374537644,1.3253293769,0.0,0.703045023,0.7719763727,0.0524997803,0.0183150183,0.2193905385,0.0198675497,-0.043448576,-0.041587829,-1.31181486,0.0865861692,0.0415878287,43.0,0.0210835232,0.0282131661,0.0111137667,0.062395818,0.0374986378,0.3554252199,-0.30004382,0.0466448445,0.1225002618,0.3362183147,0.0,2.0034907598,-0.024383257,1.2609856263,-0.070608453,5.0213649852,7.4975631369,0.1289892773,0.0,1.0,1.0,1.0,0.0,0.5553345199,6.0,0.0592472998,-0.021413914,-0.196120922,0.1383998933,-0.880920258,0.1799534645,10820.720492,0.0363924557,16.626106858,0.0014565782,0.0233430277,0.0568976775,0.0643200758,0.1246637111,0.0112747129,0.0,0.0012402551,2.0368456424,-0.069586547,5.0,17.394257928,2.4279130264,0.0,0.0511488803,0.0224097224,0.0315891722,0.3752522394,4.8609220896,9.158827e-11,8.0958091e-09,1.5077009193,2.273162062,-0.01896791,0.0557839188,0.2745797853,-0.028114825
38033,1.2109780566,-0.054676859,-2.703886311,0.060759942,0.4433046397,1.2589854346,-0.008201668,-0.135384636,0.2768181007,-0.007697762,-0.208563901,-0.175082545,-5.711962286,0.2576352996,0.1750825452,46.0,-0.099557522,-0.149847095,-0.357342333,-0.056034408,0.0020512053,0.0776280591,0.1224026342,-0.135243182,-0.105093479,0.4453128518,0.0,5.5178065311,0.4441930454,3.0932840419,0.7676150015,5.6318641723,5.4263296764,-0.068727242,0.0,0.0,0.0,0.0,0.0,0.3910254579,5.0,-0.037680709,0.0074585757,-0.66937817,0.6868674325,-0.636275183,0.0797672065,-2586.431005,0.1434034542,12.37631047,-0.000767792,0.020098012,0.0269434183,0.0390160002,0.1355794055,-0.002321657,2.0,0.0495077738,0.0186878328,0.039071833,4.0,11.026042877,0.2547656115,0.0,0.0453038514,0.0269583545,0.0349012767,0.7582636591,1.1335008492,5.6206683e-08,6.4342164e-08,0.88137821,0.7768275491,0.1125880216,0.0455084532,-0.086300606,0.4042341731
39917,0.3484063465,0.0318039008,28.648119293,0.0152834304,0.3024762463,0.3005608295,0.113113303,-0.005790564,0.1558576131,0.0027975312,-0.07886742,-0.044747379,-0.918444166,0.061014008,0.044747379,46.0,0.0016505181,-0.002978723,0.1492218493,-0.157903458,0.398598974,0.0330370267,-0.065311259,-0.00975253,0.0677510089,0.5371372693,0.0,1.6936842105,0.0576327224,1.2273684211,0.0332490641,15.216161616,14.157894737,0.1605414637,0.0,0.0,1.0,0.0,0.0,0.2692919164,8.0,0.0521266087,0.0632257409,-0.017310528,-0.180282482,0.7738250667,-0.045345341,21574.675036,0.0795592663,17.242873914,-0.001528491,0.0270330903,0.0463461538,0.0088202466,0.1285651117,-0.0467211,0.0,-0.002811358,0.1535796724,0.0359153692,3.0,17.588410706,1.2484743635,0.0,0.0404319577,0.0161749921,0.0260098787,0.2294341791,1.2513368921,8.665961e-11,2.1098107e-08,1.4918765282,2.2256955754,0.0171414036,0.0379284523,0.2643333292,-0.071410172
25419,0.3352006995,0.0953808782,-1.063221346,0.0275289861,1.3800668966,1.716679339,0.1063855568,0.0778030825,0.2260473492,-0.001605877,0.0594730068,-0.021360659,-0.38760407,0.1323508948,0.0213606587,46.0,-0.012796003,0.012987013,-0.047161957,-0.461629655,0.1260295,0.1356255969,-0.024512316,0.0027011281,0.1890453834,0.4222999509,0.0,1.0822328932,0.224277789,0.8196878752,0.3830580297,6.6312201772,6.2579607591,0.1084725694,0.0,0.0,0.0,0.0,0.0,1.2766823161,5.0,0.1652503383,-0.040874927,-0.024594664,-0.068261598,-0.280164331,0.1146369165,-5033.395817,0.0642905452,16.177498114,-0.00206297,0.0234550072,0.0951322965,0.0158417944,0.1409728351,0.014924019,0.0,0.0028450898,1.2621268176,0.0377496365,6.0,17.68226726,4.121217513,0.0,0.0463465564,0.0225776286,0.0363063747,0.4161012327,14.082356226,7.831928e-11,4.6083794e-09,1.2015098354,1.4436258846,-0.00832797,0.0411236633,-0.028532601,-0.091892872
38156,0.4824706577,0.008675755,12.448239437,0.0799320742,1.2163326227,0.3173846094,0.057779181,-0.040725456,0.1038227628,0.0008250825,-0.003167543,-0.0728341,-15.56872038,0.1437461581,0.0728341001,46.0,0.0002438889,-0.015170407,-0.05877332,-0.065745432,0.0829858766,0.0591185463,0.0142935179,0.0209600348,-0.119597839,0.3739078909,0.0,0.6162138853,0.5475548714,0.5575679172,0.5205701,54.35915493,7.6350148368,0.0652063856,0.0,0.0,0.0,0.0,0.0,0.2692076831,5.0,0.6304445599,0.0469421206,-0.019178687,0.0427250615,-0.513666379,-0.039857457,12801.363442,0.0260918659,17.547010322,-0.001308664,0.0036258158,0.01433287,0.0172111793,0.0046536914,-0.022669676,0.0,0.0023130301,-0.294502185,-0.00084741,3.0,18.117708038,1.5101356418,0.0,0.0228825137,0.0146248433,0.023556902,0.2502742302,1.6409142268,4.394676e-11,1.7175812e-08,1.0023825002,1.0047706768,0.0290889523,0.0379524733,0.0662780163,0.1163368332
23536,0.360657473,0.041375177,151.68883266,0.0275306315,0.9082352571,0.2494601777,0.0391953383,0.0594046659,0.0767342454,0.0,0.0675542167,-0.027643828,-0.828324036,0.0756472307,0.0276438283,46.0,-0.000589053,-0.031428952,-0.037404793,-0.059759234,0.1286689833,0.0379312891,-0.03107935,0.0724254545,0.0352304863,0.4034363011,0.0,0.5021576143,-0.236617769,0.3747257781,-0.22746487,292.00403226,6.020701696,0.0852675529,0.0,0.0,0.0,0.0,0.0,0.2155852631,5.0,0.7235479576,0.0366950636,-0.035437232,-0.079088123,-0.110879667,-0.107956385,17510.196492,0.0260918659,17.267378009,0.0001101011,0.0076809305,0.0267279239,0.0034326135,0.0006770675,-0.085884774,1.0,0.0019274376,0.1592855746,-0.002025149,5.0,17.447097027,1.0425338554,0.0,0.0220190492,0.0118826745,0.0180458717,0.183969699,0.8000797809,6.646353e-11,2.6327889e-08,0.5294471992,0.2803143367,0.1790457396,0.0350523028,0.1883367846,0.1163368332
58819,0.4417624569,0.0484633919,36.068482222,0.0300566229,0.9181638124,0.2653060043,0.0361480293,0.0604345926,0.0807151796,0.0197736539,0.0466022168,0.0071489391,0.1971153846,0.0389105118,0.0071489391,46.0,-0.000598651,-0.061718098,-0.063519478,-0.088140219,0.0658244821,0.044295592,0.0220083294,0.063087176,0.0927743943,0.445805703,0.0,0.6838858905,0.6045345605,0.5165767155,0.6369951115,63.259259259,8.2912621359,0.1071910579,0.0,0.0,0.0,0.0,0.0,0.2061439742,5.0,0.7357040715,0.026826265,-0.065726378,0.0020168607,-0.268272554,-0.144693104,1356.4114818,0.0260918659,16.506778839,-5.7013e-05,0.014437817,0.0430304037,0.00740624,0.001091167,0.0720720434,1.0,0.0008931761,0.318695731,-0.011373549,4.0,16.630689035,0.979930679,0.0,0.0297093075,0.0166612637,0.0218459284,0.2609006612,1.5631629361,1.697173e-10,2.0969107e-08,0.6676957827,0.4458176582,0.0740075817,0.0299590058,0.0333703406,0.1163368332
42286,0.2187041952,-0.053332035,3.6624568221,0.0128947432,0.6094421855,0.6977575418,0.0678699955,-0.138145161,0.3131854839,0.0122492236,-0.080629995,-0.19318231,-3.257852447,0.1204158652,0.1931823104,46.0,-0.045523455,-0.15,-0.212253156,-0.022337697,0.0242761562,0.1228004493,0.1333692841,-0.051048387,-0.267770966,0.3813552447,0.0,2.2270935961,0.8132700833,1.6283251232,1.0716484117,5.1557282671,6.6757361163,-0.063747704,0.0,0.0,1.0,0.0,0.0,0.9561758184,4.0,-0.08024639,0.0290139942,-0.074442372,-0.435024515,-0.706149135,0.0384222381,-152.4254667,0.2250075984,14.293686921,-0.003438487,0.0,0.0,0.058424782,0.0684716939,0.0239043025,0.0,-0.000335121,0.753678259,-0.103072251,4.0,15.002458922,1.4242244077,0.0,0.0424571149,0.0277520268,0.0410578535,0.2304291126,1.8887617853,1.7557425e-09,1.5112466e-08,1.6988757119,2.8861786845,0.0565529317,0.0490268058,-0.197838287,-0.239458447
84403,0.3101108428,0.0292147699,8.2596571617,0.0050464154,0.2627063785,0.3144585646,0.0575916245,0.0480788741,0.1743590611,0.0097144869,-0.018023101,-0.064050316,-1.227036794,0.0650623674,0.0640503156,34.0,-0.004496181,-0.006622517,-0.100106785,-0.04410766,-0.017625756,0.1335382947,0.0347777158,0.0020190422,0.1114601112,0.388974377,0.0,3.9991672514,0.2957689636,2.8525106687,0.4479225791,4.8817977489,4.1968597815,0.1786023436,0.0,0.0,1.0,0.0,0.0,0.324337562,5.0,28.721961821,-0.136527617,-0.315733152,-0.08291879,-3.915615588,0.0487466641,-13527.73965,0.0580772554,15.732163435,6.3023e-05,0.0122057254,0.0226667097,0.0054541499,0.1124521022,0.017916097,1.0,-0.000441696,0.870656755,-0.004010773,5.0,16.59008632,1.6909940363,0.0,0.0278463475,0.0171109799,0.0248649945,0.3088059012,2.4579264886,2.913903e-10,1.5628278e-08,1.6524285515,2.7305201178,0.0191358368,0.0382919123,0.075230064,-0.107827317
27983,1.2155012034,0.0417339469,-2.202956443,0.0484722404,1.9412806236,1.526332162,0.0286315789,-0.02033628,0.1983784143,-0.066814055,-0.033336941,-0.023902243,-1.854166667,0.1191156401,0.0239022425,46.0,0.0100040285,-0.085185185,-0.225457754,-0.052077028,-0.058027603,0.3632773939,-0.063082256,0.0008639596,0.0008949347,0.3492009362,0.0,2.3337368846,0.3056003581,1.99354318,0.2574037501,2.6518126888,3.3549928333,0.061640066,0.0,0.0,1.0,0.0,0.0,0.4957938071,4.0,0.0635086917,-0.021737657,-0.086088324,0.7590105129,0.0692820112,0.0668912138,-4029.069025,0.0376507894,14.806759861,-0.002149557,0.006378455,0.0163606617,-0.002499957,0.1580853633,0.0041445766,0.0,0.0029747149,1.5163669993,-0.145940474,2.0,16.169293499,3.4667359757,0.0,0.0309399124,0.0402072064,0.0369967745,0.4650468645,15.381468626,4.1176e-10,5.4519782e-09,1.3669215458,1.8684745122,-0.007160617,0.0465716563,0.2461226107,-0.028114825
59483,-0.674497254,-0.240611042,-1.19131682,0.0,10.834692748,9.4909832016,-0.023656166,0.1933828347,0.0797663245,0.4887142222,0.059970081,-0.087618858,-3.289719626,0.5509318259,0.087618858,46.0,0.0,0.016088061,-0.07339054,-0.160815174,-0.030839993,0.1296865987,-0.016032716,-0.041548373,-0.493880326,0.6384765303,0.0,1.469673184,0.5500273632,1.469673184,0.5500273632,9.4428870293,8.938019802,0.0347722079,0.0,0.0,1.0,0.0,0.0,-0.023118767,4.0,0.0073209802,-0.441245662,0.0557766618,-1.094815877,0.0060126286,0.3889509857,-9428.171539,0.2470034686,12.348785365,0.0051700422,0.0033317277,-0.028980447,0.4105070318,0.1495046289,-0.064875976,2.0,0.0389380531,1.7130862902,0.2176282774,2.0,13.880229324,3.3098593372,0.0,0.0904762223,0.0492842454,0.0777377683,0.3426545291,6.8229343626,7.5882005e-09,4.7547591e-09,1.7866073144,3.191965696,-0.142806485,0.1535868303,-0.442198494,0.0980376093
88857,0.235363085,0.0272705197,65.025709716,0.0155920732,0.4332674052,0.0884788544,0.064818201,0.1194622712,0.1151655026,0.0035343834,0.1498229734,-0.009440795,-0.219122786,0.0332461119,0.0094407945,33.0,7.7872927e-06,0.0188679245,0.0440885649,-0.164083716,0.0027969844,0.0237451541,-0.030201329,0.1014967169,0.0675708909,0.4817399013,0.0,1.3582923372,1.1937637108,1.2740765447,1.3051097184,10.766093563,6.1531078611,0.1004971108,0.0,0.0,0.0,0.0,0.0,0.2769236502,6.0,0.7375718854,0.0495895917,0.0148596446,-0.204382511,0.5202664085,-0.150357503,-10910.64396,0.0260918659,13.137520573,-0.000685212,0.0113878226,0.032456366,0.0004298152,2.321543e-06,-0.130548986,2.0,-0.000686813,0.2543993154,0.0181446795,5.0,13.163979842,0.7032851327,0.0,0.0194836631,0.0158524027,0.0249988296,0.5086200664,5.2625428361,7.0281321e-09,2.1783924e-08,0.7486088801,0.5604152554,0.0966473554,0.0369927234,-0.121940554,0.1163368332
38295,0.3671880243,0.0037669265,6.4234858968,0.0183606485,0.9632854385,0.7479220161,0.037450927,0.0456405537,0.2272825172,-0.027842227,0.0460246512,-0.052317735,-18.09933775,0.0719458022,0.052317735,47.0,0.0009762914,-0.008264463,-0.24370617,0.2137942643,0.0010624696,0.3694347963,0.2446345361,-0.056037437,0.0457548845,0.1663428957,0.0,2.5028777596,0.3685372346,2.0194141397,0.6303352876,15.955827568,9.6062159564,0.0349799415,0.0,0.0,1.0,0.0,0.0,0.7419538188,7.0,-0.95670729,-0.190691534,-0.733156868,0.2241029366,-2.826600492,0.1904105946,-14833.95876,0.0740556467,15.059323395,-0.013157637,0.0010876378,0.0039309747,-0.10297929,0.0351846304,-0.257587563,2.0,-0.003135779,1.830844075,0.1098942081,5.0,15.681835326,1.8495111503,0.0,0.0422235318,0.0209374541,0.0260167149,0.214873469,1.5874375731,7.069883e-10,1.616408e-08,1.4322908726,2.0514571438,0.0384341761,0.0512741903,-0.159078798,-0.091892872
84129,1.0269259997,0.0756165456,-9.896631048,0.0363352232,10.324394139,0.412734466,0.015789259,0.1779188111,0.0343491586,-0.005858582,0.1904592439,-0.002389629,-0.333951763,0.1008688243,0.002389629,46.0,-0.000690337,-0.050058893,-0.093374422,-0.186397196,-0.056536132,0.0604781997,-0.56249813,0.0001445672,0.0785324886,0.5629554855,0.0,0.8637962471,-0.019354279,0.862575912,-0.018064333,0.3985369818,0.0558264863,0.0092310873,0.0,0.0,0.0,0.0,0.0,0.3500810373,4.0,-0.030887665,-0.002206428,-0.065130122,-0.080241182,-0.114594603,-0.052501751,252.4589576,0.0256085935,15.961827361,0.0003956252,0.0027520411,0.0298767584,-0.003096729,0.1347247073,0.0354696712,0.0,0.0017773469,0.2268819722,0.0098570404,3.0,17.094563617,2.2572206916,0.0,0.0353508927,0.026652464,0.0338020054,0.404142662,5.5157802325,1.833594e-10,9.9707998e-09,1.3149087411,1.7289849974,-0.001472083,0.0401779559,-0.23556766,0.0732063074
90756,0.4664778514,0.0678933679,0.7715049866,0.0129840501,0.5233548848,1.1112996735,0.099765876,0.1849584759,0.2257604154,-0.002039589,0.2288547147,-0.117867401,-1.584302941,0.1754570304,0.1178674011,36.0,-0.037458194,0.0416666667,0.1284126706,-0.151411368,-0.036520779,0.1150344488,-0.101324225,-0.019463883,0.1392991195,0.5422707789,0.0,2.053213738,-0.079543782,1.4641911047,0.1430699961,5.5998407759,4.5076026799,0.1713421092,0.0,0.0,1.0,0.0,0.0,0.4436804995,5.0,28.739150239,-0.050418015,-0.267443969,0.0734482182,-3.834307161,0.1591413271,-13707.25241,0.0580772554,15.633079727,-0.004315755,0.0133754828,0.0277820795,0.0400437296,0.2004904521,0.1505113029,0.0,-0.007521735,0.130176069,0.0187389366,5.0,16.431309051,2.0681004129,0.0,0.0275740791,0.0176079435,0.0311960389,0.3014810944,3.6832518765,1.976009e-10,9.2195264e-09,1.0658753612,1.1360902856,0.0411227544,0.0333055904,0.0052215524,-0.107827317
13600,0.0845530999,0.0191422522,11.495416348,0.0,0.0694718765,0.0758739494,0.2396617603,0.0906013546,0.468440279,0.0027333572,0.1507314624,-0.125336035,-0.966605513,0.0376452587,0.1253360351,9.0,0.0,0.1621411947,0.1285917284,-0.155194826,-0.011046865,0.2994402305,-0.029441668,0.0455915264,0.0457054366,0.6600468568,0.0,1.8587768349,0.0499456113,1.8587768349,0.0499456113,1.0194902591,3.6231445712,0.4006072685,0.0,0.0,0.0,0.0,0.0,0.8181761775,7.0,-2.902755223,0.094738933,-0.052683236,0.0066839053,-28.16098354,0.0400382052,-9814.530234,0.03476008,15.481763014,-0.000861284,0.0376628397,0.0706599321,0.0027432419,0.4571490915,-0.018490827,2.0,0.0006289873,1.6318899007,0.0994739517,7.0,16.389079849,1.8409126024,0.0,0.0354014263,0.0248530903,0.0332250171,0.2562153936,1.6622071212,6.247596e-10,1.6342219e-08,0.2975580942,0.0885408194,0.2265255113,0.0525243949,-0.133303581,-0.054879185
72996,0.7115923532,0.0967304158,-6.88831204,0.016182448,4.2970074879,0.7335088226,0.030204058,0.0810244116,0.0309981319,0.5096153846,0.0680526933,-0.04523502,-2.300711857,0.3192792304,0.0452350204,38.0,-0.004582649,0.0246191347,0.0861682391,0.0043380647,-0.049151492,0.0629312785,0.2820558524,-0.011511354,0.1207262426,0.5077657508,0.0,0.911176407,0.0307949144,0.8457586261,0.0502736906,1.356490216,0.2873765397,0.0260451671,0.0,0.0,0.0,0.0,0.0,0.2153367641,6.0,2.0128139547,0.035655995,-0.182401808,2.5902045274,-0.888938137,0.7340534343,-5688.177936,0.0642007103,15.699870279,0.0010278216,0.0064675585,0.0426668796,0.0363885727,0.087741554,0.1175086684,0.0,0.0023543261,0.8003609631,-0.048776567,4.0,16.132458769,1.2751563033,0.0,0.0389886908,0.0248249899,0.0327139366,0.2850319731,1.5543296185,5.227863e-10,1.9808246e-08,1.4185957606,2.0124139319,0.0174981127,0.033513059,-0.203721983,0.06707331
87426,0.2784371359,0.0485680029,34.104399375,0.021580636,0.425998463,0.8571332896,0.1016258498,0.2337792166,0.4101079408,0.0043919189,0.3086683309,-0.035071645,-0.460489775,0.0709330716,0.0350716455,36.0,0.048210053,0.180952381,0.1790795798,-0.164206615,0.1292579213,0.1993907167,0.2305691855,0.0952799723,0.1344545582,0.3380929252,0.0,2.0888893692,-0.155283907,0.9027555632,-0.116544719,53.958163679,10.409180084,0.2091834487,0.0,0.0,1.0,0.0,0.0,0.9372277287,5.0,-1.363343957,0.009178309,0.1776131769,-0.140984338,-0.325788997,0.1484871431,-14451.00166,0.0629453635,14.720941945,-0.001507569,0.0228375126,0.0642897414,0.0992151665,0.0235138115,-0.02231903,0.0,-0.000891332,0.9851682541,0.0695840397,6.0,15.41736412,1.5151550921,0.0,0.0525112189,0.028080233,0.0414259481,0.2827590963,1.9083352466,1.3429776e-09,1.5467129e-08,1.4279596764,2.0390688375,0.0210036315,0.0386929936,-0.259081053,-0.107827317
88664,0.1090317928,0.0257410971,151.68883266,0.01105779,0.0840378816,0.1453070464,0.1744159281,-0.038014819,0.3584860287,-0.034294663,0.1571235773,-0.063241007,-0.483707849,0.0381922678,0.0632410072,36.0,0.0,-0.000446628,0.0360374694,-0.010777915,-0.024222145,0.5697631444,0.1188655142,0.004922021,-0.148672507,0.2025532948,0.0,1.0439215912,-0.227950071,1.0439215912,-0.227950071,34.480408692,4.8881539988,0.5140368739,0.0,0.0,1.0,0.0,0.0,0.5610355117,5.0,12.965931855,0.0098797112,-0.316054221,0.1315665614,-10.01583072,0.2859567444,-1936.461446,0.0371991411,16.441133629,0.002105713,0.0437102659,0.0774006058,0.0029852128,0.0194005816,-0.01288062,2.0,0.0003657199,1.4641782219,0.0026885459,6.0,17.139561256,1.6428819778,0.0,0.0171022341,0.0134783391,0.0197733507,0.2872050873,1.5702260273,1.251011e-10,1.8673099e-08,0.4788040349,0.2292533038,0.2078809301,0.0339888798,0.1163896192,-0.054879185
15318,1.4276643071,0.1171840173,-40.36135427,0.0498044775,11.203381239,0.5422171647,0.0192211967,0.0319054452,0.0338276363,-0.023102226,0.0303711431,-0.007392883,-0.792933491,0.2101031493,0.0073928832,33.0,-0.000879977,-0.044977511,-0.086252136,-0.150264056,-0.001161588,0.1986848498,0.0793510241,-0.001437328,0.0196469314,0.545418621,0.0,0.9412825407,-0.042699926,0.9358666207,-0.041138673,1.9823349831,0.0589764709,0.0135031099,0.0,0.0,0.0,0.0,0.0,0.2988912282,4.0,0.0431213094,0.0018842611,-0.060048741,0.3204971258,-0.765536999,0.0567325744,-4257.753642,0.0256085935,14.90921687,0.0023393353,0.0026003858,0.0216079991,-0.001949776,0.0489506199,-0.024885177,0.0,0.0070028011,0.1139069218,0.020200151,6.0,15.857405106,1.8351861232,0.0,0.0435188748,0.019549067,0.0280019035,0.2539175431,2.5549628965,4.579598e-10,1.106329e-08,1.2107108391,1.4658207359,0.0126706808,0.0376161168,-0.124725949,0.0732063074
14318,0.7100218853,0.0889430602,0.8698925284,0.0,0.4132187596,0.2246221044,0.1194274844,0.5875127673,0.1828199804,0.2458380877,0.8348956487,-0.045891189,-0.472308033,0.130951582,0.0458911891,8.0,0.0,-0.183800623,0.143918093,-0.191299261,-0.13247882,0.2898000876,0.0127264916,0.0083871989,0.4720137142,0.1192850259,0.0,4.2474398859,-0.288028324,4.2474398859,-0.288028324,2.3435143818,5.6089140312,0.2947624511,0.0,0.0,1.0,0.0,0.0,0.244759356,3.0,-0.011004072,-0.038783215,-0.709715485,-0.520697918,-0.06876146,0.2467859441,-11097.33771,0.0397241163,14.273819032,0.0029210018,0.0261037227,0.04123008,0.0083861537,0.0683330039,-0.005396461,5.0,0.0,1.0311216862,-0.054898504,5.0,14.952593807,1.6396023808,0.0,0.0286623668,0.0207532262,0.0325152592,0.3399623803,2.606673059,1.6419007e-09,1.5297856e-08,1.7152912171,2.9422239596,0.0276824366,0.0520772276,-0.182626915,0.045344153
80072,1.1129624385,0.0991983684,-26.08518983,0.0487514651,9.1664274044,0.3978923591,0.018325228,0.0868162801,0.0314193122,0.0014406935,0.09204101,0.0061207011,0.6120771314,0.0384813156,0.0061207011,33.0,0.0056582711,-0.005986137,0.0203390382,-0.058862791,0.0603923441,0.1438489114,0.2484796862,0.0046267205,0.0498100729,0.604501309,0.0,1.0493811577,0.0189437356,1.0397823094,0.0125043139,1.1787128396,0.0491500906,0.0136773624,0.0,0.0,0.0,0.0,0.0,0.2817618506,6.0,0.0849257842,0.0015879547,-0.021057367,0.0057952572,-0.523427182,-0.114889259,-2937.985392,0.0256085935,15.617834804,8.64759e-05,0.002969892,0.0258727297,-0.002837485,0.036342743,0.0640946807,7.0,0.0,-0.037671895,-0.045529001,2.0,15.871618173,0.9724625802,0.0,0.0339256935,0.0168207591,0.0257318991,0.1970413635,0.9663215238,4.751004e-10,2.3882279e-08,1.222649713,1.4948723207,0.0055293953,0.0375591424,-0.060482929,0.0732063074
85586,0.9045278336,0.2313712294,-1.43039252,0.0,1.9694634834,2.3661050031,0.032169072,0.051527564,0.1275144147,0.0139920046,-0.055086387,0.0228975112,0.2792555254,0.1667595351,0.0228975112,36.0,0.0060852314,0.3795562599,0.2383322378,-0.878012557,1.6434484226,0.0392390012,-0.111192121,0.0017545462,0.380129767,0.4577480833,0.0,1.081127969,0.2110996374,0.9704128947,0.2010593306,6.8786187471,29.350100156,0.1462861898,0.0,1.0,1.0,0.0,0.0,0.501546801,7.0,-0.364082529,-0.108696934,-0.244757372,0.4870650897,-0.967736809,0.056566081,-9615.212031,0.0775136454,11.065637862,0.0163583709,0.0421166906,0.1569258348,0.3779631599,0.118914996,-0.091079854,1.0,0.1565501339,-0.009576239,0.0491161877,1.0,10.61780012,0.5756381381,0.0,0.0365923047,0.0203749299,0.0283969251,0.5572899063,1.1440413233,1.5915835e-07,5.9553464e-08,1.7271534987,2.983059208,0.1638397394,0.0681660296,0.336822631,-0.164654644
13508,0.5623838636,0.0810925608,-1.604848382,0.1143489518,2.0187362784,4.1589084794,0.0445564705,-0.039180571,0.4298393058,0.0032376813,0.0071197462,-0.049816325,-1.617948593,0.2122961555,0.0498163248,10.0,0.0005550274,-0.018726592,0.0180104587,0.0215319988,0.0141343355,0.0584299838,-0.012341648,-0.002037278,-0.175279951,0.5435583907,0.0,1.013866878,-0.086966263,0.2909860531,-0.216686597,44.577920432,124.33926258,0.0983552612,0.0,0.0,1.0,0.0,0.0,1.6791050813,6.0,0.0044709061,-0.470933307,-0.173331972,0.0271471889,-0.142337276,0.0430513672,-11499.98855,0.132579171,13.043268689,0.0012481813,0.0111573444,0.0526892481,0.033377148,0.0361452588,0.0241482309,3.0,0.0137157186,0.6179507093,0.0631821242,2.0,13.205258648,0.9865208508,0.0,0.1115385443,0.0370170816,0.0506887453,0.6736436193,3.1331881891,1.521664e-08,2.6941389e-08,0.3355429335,0.1125890602,0.8642687051,0.0841576168,0.7973304417,0.2763973556
10028,0.1255481751,0.0455967431,12.625189846,0.0,0.1642811228,0.8136704521,0.2066260642,0.5027589527,0.8543124838,3.71416e-05,0.4549307357,-0.015181557,-0.080357143,0.0492607671,0.0151815572,35.0,0.014737652,0.1259259259,0.3888861797,0.4392530909,0.0302206117,0.0700153669,-0.503698765,0.2738954931,0.5703055208,0.5494924468,0.0,3.8840244507,0.0178341008,2.2307946473,0.2132878827,12.358646127,40.014752371,0.3665550116,0.0,0.0,0.0,0.0,0.0,2.0054493479,6.0,-0.05080855,-0.642268286,0.1249535309,0.0888397436,12.351543013,-0.076377456,-23820.5596,0.2560171468,11.892749604,0.0007004688,0.0670536948,0.1429162833,-0.010088565,0.1690738822,0.0503586171,3.0,0.0096153846,0.607603034,0.0429008924,5.0,10.45739792,0.26545342,0.0,0.075203225,0.0338589402,0.0490649834,0.9619223701,1.4315752136,1.7154212e-07,5.9715101e-08,0.6271731799,0.3933461976,-0.528481486,0.1035986742,0.1162743338,-0.215279818
10138,0.2233160802,0.0687507543,10.638919278,0.0245163793,0.0402849807,0.1798437673,0.3287919542,0.1423947526,0.3145953014,-0.030818744,0.2555766278,0.0454040642,0.1912589034,0.0556015604,0.0454040642,35.0,0.0621629464,0.0424983028,0.1048078463,-0.204301823,0.0338763029,0.2332103321,-0.040268591,0.0837691846,0.0851719914,0.4447514401,0.0,30.526904635,0.4548894715,16.753329782,0.4166394284,2.7505871926,6.9887400068,1.4118782575,0.0,0.0,0.0,0.0,0.0,0.4133002915,5.0,2.0114120486,-0.009512757,-0.16452264,2.1019282544,-0.304694289,0.4703757644,23618.544874,0.0642007103,17.146522325,0.0005328281,0.0689055961,0.0984669961,0.0080522492,0.3065402115,0.0041454746,0.0,-0.000203355,0.2453878677,0.0383909987,6.0,17.867295105,1.6128721453,0.0,0.0417055301,0.0238419835,0.0315789097,0.3201605815,3.0891940495,9.293946e-11,1.5278533e-08,0.8725887722,0.7614111654,-0.014782416,0.0279202158,-0.667030845,0.06707331
10107,0.0697079887,0.0300805573,13.615565394,0.0082826963,0.0941584138,0.0825215962,0.3263781366,0.1077557739,0.4206816213,-0.006868313,0.047998164,-0.048714355,-0.252468541,0.0376749518,0.0487143554,36.0,0.0023335275,0.1104294479,0.1753172744,-0.013117951,-0.014941211,0.153948279,-0.337847174,0.0889247323,0.2001961049,0.5897801899,0.0,2.0799936835,-0.173216374,2.0502611187,-0.176456052,1.2896711526,4.4183686881,0.385119451,0.0,0.0,1.0,0.0,0.0,1.051748039,6.0,13.018486894,0.0503554795,-0.205178145,0.0922427573,-9.10967272,0.2854394284,214588.83666,0.0371991411,19.277947544,-0.007348813,0.0614328643,0.1444136124,0.003855529,0.3894096322,-0.004977605,2.0,0.0007448922,0.2560065466,0.045208371,6.0,19.733784695,0.9146083903,0.0,0.0481089465,0.0253906712,0.0285439704,0.2708035724,1.354683953,2.284135e-12,2.6127063e-08,0.5266934836,0.2774060256,0.0206063218,0.0292530297,-0.480236696,-0.054879185
13983,0.3998496039,-0.008945494,-2.792074742,0.014298813,1.3290767691,0.6471366033,0.0022223881,-0.181567118,0.1859428052,0.0011763168,-0.251576139,-0.025160913,-5.9796875,0.0445457646,0.0251609128,9.0,-0.001801435,-0.374041621,-0.018631566,-0.078465072,0.0243868682,0.4733139253,0.1760005702,-0.001392808,-0.04789323,0.1289061089,0.0,0.7382214126,-0.592449497,0.4687836383,-0.711023674,14.915914948,7.5763377516,0.046934577,0.0,0.0,1.0,0.0,1.0,0.958130866,6.0,-10.23674308,0.008769238,-0.692616051,0.0447293671,-2.462445495,0.1871223177,1328.9073979,0.02204135,15.732799176,0.0202192339,0.0165067122,0.0579933282,0.0385572488,0.030088899,-0.017809278,1.0,0.0076335878,1.290478432,0.1941473726,6.0,16.721555405,2.2887403861,0.0,0.0349397548,0.0219893448,0.0415605937,0.3553751754,3.3317034321,3.084042e-10,1.1347935e-08,2.3114831717,5.3429544532,0.0354855373,0.0804125596,0.1092151589,-0.24467985
10200,0.1457186769,0.0057105826,12.013780204,0.0,0.0356148587,0.0349023461,0.0678941797,0.3590953016,0.158644338,0.0515188755,0.0981122097,-0.001634272,-0.045038881,0.0059677809,0.0016342719,35.0,0.0243372691,0.482260184,0.3552887195,-0.279374222,0.0198374204,0.2936683832,0.0436570172,0.0512487206,0.4429101464,0.4569679755,0.0,2.8291739299,-0.680762351,2.5312488243,-0.713544919,0.5106149239,5.1304822872,0.2435490602,0.0,0.0,0.0,0.0,0.0,0.1981443108,6.0,1.501303418,-0.010094528,0.3042556254,-0.098133262,6.0814214474,0.0927151439,4747.3998089,0.0232852488,15.980703699,0.0030772545,0.0166163599,0.0208961685,0.005267479,0.2771030746,-0.023077336,0.0,0.0004844458,-0.007152983,0.0614928594,6.0,16.63966278,1.8285497808,0.0,0.1048681065,0.0371041696,0.053941581,0.4124918539,6.734082644,2.800358e-10,8.9288057e-09,0.4543689192,0.2064511147,0.2128920668,0.0607711069,-0.8308863,-0.24467985
10382,0.4909142432,0.0358348296,2.8587020258,0.0076406886,0.1567869303,0.7827121413,0.0700934579,0.059590405,0.3390389483,0.0027049798,0.0363060638,-0.114757221,-2.017057569,0.1081157438,0.1147572205,35.0,-0.054389585,-0.085100879,-0.108917523,-0.074899885,0.0855875601,0.1499442586,0.1267778733,-0.11214394,0.0673661722,0.5679013204,0.0,3.3223722842,0.133698909,1.8561362302,0.5142943602,6.2885205648,8.4941956882,0.3660614418,0.0,0.0,1.0,0.0,0.0,0.4497058721,6.0,0.1340217441,-0.03298856,-0.086004018,0.0344235527,-0.409932952,0.0558913175,-7320.857805,0.0376507894,13.702478654,-0.002022802,0.0099745096,0.0136612022,0.0289792356,0.1908422093,0.0165634412,1.0,0.0020442297,1.0017530684,0.1178090174,5.0,14.305303947,1.3570761463,0.0,0.0677097961,0.0290971004,0.0408502411,0.3128003015,2.1164814238,4.0360791e-09,1.690275e-08,1.0578063178,1.118954206,0.0405401568,0.0500500768,0.0218713009,-0.028114825
10397,0.4485392493,0.063460737,23.507398923,0.0092970254,0.3609347716,0.8903592677,0.0979240761,0.0059761254,0.2259219801,-0.018961658,-0.068954433,-0.128742437,-1.637297579,0.1673648481,0.128742437,35.0,0.0013109982,-0.034861809,-0.037148583,-0.007768918,0.0961616927,0.169510993,0.0445720001,0.0294762168,0.075635819,0.5263839626,0.0,1.667491442,0.1043330681,1.6234717934,0.0969216823,80.867866639,6.3207177153,0.4335580188,0.0,0.0,0.0,0.0,0.0,0.4321580043,7.0,0.0013377661,0.0742320009,0.0048267917,0.0329903579,0.0059087168,0.005384008,-6986.229059,0.2470034686,14.762620893,0.0028624349,0.0267581027,0.0491761808,0.0380542805,0.0183240889,0.1033885922,0.0,-0.003614186,0.8854189765,-0.028806331,5.0,15.826113948,2.7671411151,0.0,0.0415083766,0.0233502067,0.0344452013,0.4063366198,8.6047548769,3.404846e-10,5.8840592e-09,0.5225904647,0.2731007938,0.0798476578,0.0318448499,-0.1061873,0.0980376093
10257,0.4195362388,0.0648731122,0.9655398944,0.0,0.8412850056,1.5736701492,0.1057711747,0.0741329905,0.2804502021,0.0249919381,0.0110432277,-0.186587941,-3.501232134,0.2920089371,0.1865879411,36.0,0.0,0.0454545455,0.1764419055,0.1605735714,-0.047222138,0.371719115,0.3676588202,-0.01310184,0.2277635346,0.3061145965,0.0,0.9305019887,0.1933525651,0.9305019887,0.1933525651,10.232173298,7.1451715928,0.1395560345,0.0,0.0,1.0,0.0,0.0,0.8925650766,7.0,-4.778808051,-0.099268208,-3.072741014,6.1647089619,-1.948238237,2.2837271909,-4383.729891,0.3321262589,12.171660817,-0.001176714,0.0161341755,0.0463322944,0.0926639988,0.1219810316,0.0034952152,4.0,-0.000813008,0.1711537573,0.0683458336,4.0,11.984262358,0.7711442786,0.0,0.0477727428,0.0288170477,0.0435885866,0.3085105629,0.8690020047,4.6658852e-08,4.5926716e-08,1.1201767039,1.2547958481,0.0575866287,0.0596740458,-0.501505605,-0.094679308
10463,0.0600370388,-0.026383839,17.426264404,0.0,0.0098277263,0.0093318318,-1.830995792,-0.249152132,-0.304021318,0.0103026813,-0.273333333,-0.012175718,-0.037590773,-0.02539205,0.0121757177,35.0,0.0,-0.25,-0.470588235,-0.382173601,0.3202835637,0.0907859079,-0.574004586,-0.019622093,-0.245039683,0.9026294564,0.0,24.017699115,0.2720472913,24.017699115,0.2720472913,0.1734758014,1.3846153846,-2.194980695,0.0,0.0,0.0,0.0,0.0,-0.355725624,3.0,-0.683929904,0.1011177726,-0.255760745,-0.110550074,-0.265289878,-0.070033638,-5372.145406,0.0915965863,10.983069923,0.0,0.0040493637,0.0048521257,0.0068868483,0.5808837843,0.1004817701,3.0,0.0056156201,0.7988215055,0.0890387055,3.0,10.210219005,0.3510795155,0.0,0.109375082,0.0616901329,0.0786701471,0.8582481297,1.223176039,9.1739283e-07,8.2207841e-08,1.2305323824,1.5142099441,0.0472428637,0.1006485365,-0.05223959,-0.049938477
70033,0.3069513086,0.0002312667,-0.12835798,0.0121311677,1.8329963307,0.7223747163,0.0441236101,0.1408073339,0.1712784733,0.0030367028,0.179232843,-0.104406099,-45.71560737,0.2098665108,0.1044060986,35.0,-0.007105449,-0.080357143,-0.243838764,0.1034301965,0.0034323208,0.2353841065,-0.079870503,-0.015701321,-0.045018872,0.439522545,0.0,1.4679810465,0.1165829981,1.3365136815,0.1870603988,1.1963890352,2.4533011501,0.0196731786,0.0,0.0,1.0,0.0,0.0,0.8457205353,5.0,-1.43691761,0.0456556795,-0.083696347,-0.112470165,-0.588804262,0.2874205823,-12100.66404,0.0629453635,15.525812565,0.0017399874,0.0149390067,0.0746120447,0.0354359161,0.1977870327,0.0202640912,0.0,0.0084676318,1.6414469819,0.0028197696,5.0,16.639566646,2.8912162376,0.0,0.0590684488,0.0274941115,0.0422669966,0.3669832986,4.3409600685,2.991034e-10,9.4491475e-09,1.4427737514,2.0815960978,0.0864780618,0.0557751101,0.2467398309,-0.107827317
10421,1.0577165882,-0.00420952,-2.248970696,0.0034699493,2.3472840276,1.0515671795,-0.040489043,0.0346234841,0.0692591356,-0.002821771,0.0593385043,-0.094808387,-45.71560737,0.3132114981,0.0948083874,35.0,-0.002850846,-0.087445255,-0.284275746,0.3079595328,-0.313380879,0.084146793,0.3100293544,0.0528804534,-0.016307481,0.5695713023,0.0,1.0436222155,0.2691753698,0.9467825961,0.3471979291,2.5754757188,55.425139403,0.1010691869,0.0,0.0,1.0,0.0,0.0,0.1545709591,3.0,0.2529420568,0.2322037364,0.0146310336,1.0311315307,-0.000991688,0.2557918791,-4964.839785,0.1434304144,14.202619064,-0.001187081,0.0013850584,0.0043060956,0.1155744111,0.1314752161,-0.039739437,0.0,0.0072963113,0.1449166495,-0.080445889,6.0,15.571198101,3.0834949791,0.0,0.0532640256,0.0261375169,0.0397535219,0.2682933759,3.0661514671,1.1274193e-09,9.363757e-09,2.2841880112,5.2175148707,0.0284730428,0.0542302555,-0.189057763,-0.152691328
91204,0.6823349556,0.0404752844,-8.515573969,0.037341714,1.6858608778,0.5601257099,0.0415342714,0.0804145818,0.1012628068,0.0016780964,0.1125280028,-0.047185478,-2.658064516,0.1480612016,0.0471854779,27.0,-0.002748669,0.2339776195,0.0103626943,-0.060783551,0.10512287,0.0598707636,0.0557162512,0.0138193948,0.0084909301,0.5013842761,0.0,0.8846625767,-0.081720245,0.7963190184,0.0229939865,8.3463035019,7.9151291513,0.0993555755,0.0,0.0,0.0,0.0,0.0,0.2724816673,5.0,0.6800446735,0.0437568093,0.2299693396,0.2425893595,0.1925807744,-0.035542414,-7689.789068,0.0260918659,15.259953597,0.0036080731,0.0054951094,0.0187899286,0.0226118931,0.0308111507,-0.068346527,1.0,-0.003192169,0.7329126393,0.047955676,5.0,15.843223462,1.4196367196,0.0,0.0354416706,0.0178216232,0.0233611032,0.3541159986,3.376793267,3.925111e-10,1.3791147e-08,0.7691940406,0.5916594721,0.1258626981,0.0333600117,-0.01233647,0.1163368332
10530,0.3935130647,0.0855906678,9.0111687529,0.0,0.1455378168,0.3810401071,0.2565839315,0.1097095452,0.5340607658,0.006803037,-0.229724929,0.0106247727,0.0636072094,0.0801464843,0.0106247727,36.0,0.0364404906,0.02,0.2532020326,-0.13774105,0.0213261304,0.3119591837,-0.13873788,0.0813056277,0.3257817138,0.3475918323,0.0,4.0886188689,0.324068176,2.4591258986,0.2797805194,6.3871732535,5.9344384707,0.6213393919,0.0,0.0,1.0,0.0,0.0,0.8664413296,7.0,-10.41223601,0.0280656819,-0.29857443,0.038392828,2.4379908922,0.2227230374,-4991.247722,0.02204135,13.924440527,-0.000135715,0.0149069575,0.020663902,0.0144447062,0.1106705921,-0.082507361,0.0,0.0015592516,1.2567888371,0.0747429579,4.0,14.511656742,1.996626506,0.0,0.0641466305,0.0233671635,0.0325316881,0.4717491775,4.5583130212,1.4095462e-09,1.3098716e-08,0.5216237235,0.2720913089,0.3868872368,0.0859299195,0.3997724875,-0.24467985
79698,0.0766201974,0.0187431491,13.54801473,0.0,0.4374447714,0.2880493413,0.0757186013,0.0230270214,0.3851581266,-0.00354427,0.002066412,-0.087996339,-2.386297775,0.063469884,0.0879963388,29.0,0.0,-0.067208802,-0.034371488,0.0334751634,0.0564981913,0.2225338601,0.1006903698,-0.002125489,0.1617687326,0.2921078649,0.0,0.7881468122,0.1152337848,0.7881468122,0.1152337848,5.7528779104,3.2639910251,0.078102529,0.0,0.0,1.0,0.0,0.0,2.811381504,7.0,-0.281940246,0.1713976811,-0.072969546,-0.093966916,-0.579266694,0.0188282961,8770.7260144,0.0915965863,16.989744052,0.0077135024,0.0207092319,0.2821347212,0.0064145784,0.1100457079,0.0047156933,0.0,0.0015137554,0.801810143,-0.017616491,6.0,17.475411567,1.406742903,0.0,0.0339012705,0.0208040774,0.02716012,0.2275317927,1.2471676313,1.382447e-10,1.9462457e-08,1.2534125054,1.5710429088,0.017137149,0.0402046637,-0.81906793,-0.049938477
10606,0.2614421189,0.0279331036,11.885879854,0.007673661,0.1633463379,0.3686778656,0.1275587442,0.0087632755,0.3899367419,-0.007175338,-0.102939203,-0.066160113,-1.001749781,0.055915084,0.0661601133,34.0,-0.003755814,-0.069791667,-0.057419556,0.0435813535,-0.014669934,0.1755379388,-0.099332164,0.0334861587,0.0938650307,0.3717033138,0.0,2.2682225064,0.2941430085,1.425511509,0.2859659546,6.8917313842,7.6346153846,0.2275203396,0.0,0.0,1.0,0.0,0.0,0.6734151329,4.0,-0.110691389,-0.024525011,-0.376317876,-0.361577569,-12.93574549,-0.040708352,1013.023025,0.0553124103,15.067523221,0.0036278525,0.0250094324,0.0415063959,0.0125780631,0.128112924,-0.003635443,1.0,0.0006544113,0.2831646982,0.0423515551,7.0,15.600874478,1.5346239852,0.0,0.0438959971,0.0195632023,0.0269936087,0.2319159667,1.1633185403,8.678684e-10,2.1606072e-08,0.8491953254,0.7211327008,-0.026843976,0.0308862896,-0.857978738,-0.010696088
10550,0.1802520441,0.0399383388,16.959481659,0.0,0.1816162301,0.3413067609,0.0870156356,0.2953800681,0.4581700186,-0.043295723,0.6773872679,0.1827394116,1.4669662921,-0.018649858,0.1827394116,35.0,0.0055706408,0.0,0.0917207326,-1.029132808,-0.051910306,0.0532319392,-0.477063551,0.2595900533,0.053614521,0.6037370784,0.0,4.2597070845,-0.018016718,2.8228882834,0.0221139552,7.581539075,3.4783682429,0.3180185759,0.0,0.0,1.0,0.0,1.0,0.7296715979,1.0,3.7936417207,-0.176545589,-0.178580476,-0.094788878,11.474488791,0.0729560637,-8172.106509,0.0345323743,10.908647793,0.0009741209,0.0267857143,0.0537741486,0.0148555536,0.159632151,-0.233713863,1.0,0.0,6.4023265142,-0.152330074,4.0,10.357939038,0.6254950723,0.0,0.1142241508,0.0483290343,0.0695574324,0.7353645561,2.5023143427,2.3873673e-07,2.8331213e-08,0.8344349957,0.696281762,-0.222405738,0.0745775384,-0.228814488,-0.145662284
79785,0.2058412588,0.0597839506,3.880787086,0.0,0.1773832392,0.5018904473,0.3769176564,0.5163836039,0.4332575204,0.0170657859,0.8208632746,-0.005011184,-0.026653041,0.0613773747,0.0050111839,35.0,0.0611676949,0.0701754386,0.0185231304,0.0173742082,0.0135095469,0.1719750702,0.1173505641,0.0782959278,0.3253953881,0.7415779085,0.0,13.350036141,0.1939610093,7.0247698013,0.8288869099,2.692749829,154.01168736,0.4457256463,0.0,0.0,1.0,0.0,0.0,0.6873713291,5.0,1.811754152,-0.548275006,0.0726436346,-0.425484943,-0.841449527,-0.172415837,10444.002239,0.1021842523,16.503634576,0.0067373707,0.0567229704,0.1091550175,0.0240704521,0.474665627,-0.00055342,2.0,-0.00203793,-0.036968145,-0.031656987,5.0,17.113832816,1.6549138804,0.0,0.0303735547,0.0183089265,0.0300291242,0.2785699112,2.0359013118,1.574138e-10,1.5646154e-08,1.1806476972,1.3939289848,0.1045935877,0.0386299957,-0.081375982,-0.280901789
75070,0.9741505456,0.0559193944,-2.905640559,0.013010443,1.320126288,9.4909832016,0.0472393757,-0.248998732,0.1564481677,-0.035276074,-0.368695864,-0.094256007,-4.511861314,0.3082199469,0.0942560066,35.0,-0.047442508,-0.218181818,-0.447070806,0.1247331985,0.2287116262,0.1774927596,0.0450546236,-0.044105867,0.009997884,0.4424450814,0.0,1.567280285,0.1885487574,1.3628266033,0.204898893,30.902094718,16.440523298,0.0584513678,0.0,0.0,1.0,0.0,0.0,0.4702179433,5.0,0.0749615466,-0.683308299,-0.737712893,0.4500399215,-0.457786696,0.1303518538,-781.6514847,0.1434034542,14.2486946,-0.003506136,0.0041334908,0.0111499332,0.4700038162,0.1435708746,-0.001256853,1.0,0.000297442,0.0013573458,-0.056341226,4.0,15.006746594,1.5842947446,0.0,0.0478702784,0.0285123575,0.0378999025,0.2928788152,2.9892231706,1.2905072e-09,1.3070233e-08,0.9324082475,0.86938514,0.0468554617,0.0585650696,-0.193885987,0.4042341731
10547,0.1712510544,0.0335280878,20.431233574,0.0,0.0364310953,0.2321663793,0.2417294593,0.3212483079,0.6661279998,0.006007326,0.7607621173,0.085204875,0.463619816,0.0179838019,0.085204875,36.0,0.1185761817,0.0869565217,0.512275047,-0.339492125,0.0615051989,0.3152129262,-0.004515412,0.132774379,0.25462521,0.4483397241,0.0,3.4930389331,-0.307351056,2.14850276,-0.412901919,5.9667231878,7.2412285215,1.3068637926,0.0,0.0,0.0,0.0,0.0,0.767102099,6.0,-0.874546729,0.2243224343,-0.637935883,0.0281659667,-2.408464225,0.1364485943,-18236.26396,0.0740556467,13.594793502,0.013400212,0.0651072261,0.0769581528,0.0295545962,0.18735456,-0.001109127,7.0,0.0036240091,1.4301011496,0.0615147278,5.0,14.511964155,2.2953577307,0.0,0.0644864663,0.0393021041,0.0536298824,0.3624585253,4.2517194533,4.003169e-09,1.1351704e-08,1.1183297584,1.2506614486,-0.012636513,0.0732328851,-0.613739759,-0.091892872
76123,0.2202835125,0.0180842139,16.644119391,0.0016490748,0.1876928809,0.064232705,0.0218500427,0.1408780808,0.0658500076,-0.008953968,0.2360372323,0.0080881269,0.1741477336,0.014934889,0.0080881269,32.0,0.0006596262,1.0,0.2633670378,-0.102533424,0.1755418783,0.0223056757,-0.023197015,0.1345947628,0.0598551358,0.4238914669,0.0,5.6528215637,-0.57180518,5.5729823455,-0.575104435,1.4871023017,4.799133164,0.1366556815,1.0,0.0,1.0,0.0,0.0,0.0870205439,5.0,87.441826917,0.1980579108,0.9144225865,2.4150862097,0.9773702633,0.0011795097,-8800.165792,0.1661919548,14.957978515,0.0039734519,0.0137894111,0.0267127935,0.0048225591,0.11676829,0.4869017674,0.0,0.0030032582,0.1160649315,-0.000574108,5.0,15.033227786,0.7531840737,0.0,0.0505107008,0.0291859353,0.038831692,0.215363121,0.8991258164,1.8952753e-09,2.9227809e-08,1.0049660445,1.0099567506,-0.028583584,0.0455332713,0.1050485636,0.1917246791
10355,0.5755496728,0.2551810512,0.2357403123,0.0,0.3072479307,0.1116309738,-5.255526177,0.6371245939,0.05202976,0.0,0.4038044489,0.2927703751,0.970894597,0.0074271473,0.3484499771,36.0,2.22522e-05,-0.0625,-0.011072844,-0.310745334,0.1573467387,0.0469667319,-0.050268147,-0.000356282,0.796523236,0.9588708014,0.0,10.947195108,0.4165541314,10.945930848,0.4166263059,0.136353848,5.1857412852,0.9741805215,0.0,0.0,1.0,0.0,0.0,0.0852682005,6.0,15.168614618,-0.045285022,-0.378107593,0.5980844413,-10.28759929,0.255191624,-13594.0975,0.0371991411,12.780222702,-0.03706938,-0.003643132,-0.00554167,-0.003611863,0.927376676,-0.000795594,0.0,-0.075270499,-0.139919956,-0.088141479,2.0,12.124787122,0.5377745595,0.0,0.1052460596,0.0312672959,0.0359271989,0.6574888521,2.4469480245,1.7356556e-08,3.203879e-08,0.5547398619,0.3077363143,0.332938948,0.0409176806,-0.375383015,-0.054879185
10661,0.8443327982,0.045583368,-0.716272896,0.0,0.6856333115,1.6026022157,0.0030982591,-0.028565137,0.4047252021,0.0172987359,-0.13192397,-0.047234545,-1.608695652,0.118913134,0.047234545,34.0,-0.039511059,0.0105263158,0.0139816295,-0.116937591,-0.134864505,0.111671884,-0.025555991,-0.009091767,0.0754133535,0.5986625215,0.0,2.6008953168,0.1229693998,1.1520316804,0.4435013706,8.5864082825,13.277914614,0.1791866752,0.0,0.0,1.0,0.0,0.0,0.7771677395,7.0,1.4332268188,0.0101256618,-0.167478243,0.6004808595,8.3365054193,0.2056604969,-5726.267821,0.0232852488,9.7904174335,9.02174e-05,0.031154747,0.0552363616,0.047632154,0.069112932,0.0436459706,2.0,0.0458347142,2.7511820705,0.0401352802,6.0,10.295599874,0.9661399549,0.0,0.0363036729,0.0236361417,0.037182943,0.7665090431,1.1693251874,8.9952351e-07,6.0315719e-08,0.0340767013,0.0045939963,0.5708781808,0.0552753665,-0.039596131,-0.24467985
45225,1.5754847645,0.1174976916,-3.075246787,0.0313942752,4.3453370268,4.2698522622,0.0596646943,0.0339607787,0.1719868308,-0.85100486,0.0375351375,-0.035645794,-1.990176817,0.3513388735,0.0356457941,35.0,0.0056653236,0.0032432432,-0.025191041,-0.064984479,0.0032130189,0.1111111111,0.1580594679,0.0400443745,-3.26553694,0.486577164,0.0,4.569003458,0.03374745,2.8770826784,0.0271882694,3.4451480723,5.4037394099,0.0645981551,0.0,0.0,1.0,0.0,0.0,-6.469352964,7.0,1.4185046375,-0.021956846,-0.174761315,1.3316328258,6.037137425,0.4380862365,-5313.250621,0.0232852488,13.709584721,0.0100844528,0.0138834502,0.0539643005,0.18235495,0.2015425772,-0.025178422,2.0,-0.003429061,0.3934140535,0.0592854965,5.0,11.975779831,0.1706451651,0.0,0.0680992156,0.0340153201,0.0479073191,0.5384962806,0.4951790631,3.080092e-08,1.063025e-07,1.0288899064,1.0586144394,0.0501872099,0.0715099818,0.4972249061,-0.24467985
10693,0.1931862311,0.0345740094,18.08689537,0.0135765638,0.5406659742,0.5650088991,0.1096832611,0.0600588748,0.1720690052,0.0082663069,0.0714320154,-0.067137132,-1.479591837,0.0857294314,0.0671371322,35.0,0.0,-0.005344391,0.0085559175,-0.123236218,-0.105171355,0.0990906496,0.0130172582,0.0623447958,0.1743824878,0.3119707876,0.0,1.3224592221,0.2615680062,1.3224592221,0.2615680062,16.04837595,8.1082402235,0.1227145235,0.0,0.0,1.0,0.0,0.0,0.6331164029,5.0,4.0530489063,0.0682972046,-0.045565368,1.2427953646,-1.424981967,0.2820778497,3655.7798533,0.3461731473,15.738929336,-0.000105892,0.0114624446,0.0430192963,-0.021844296,0.0253953613,-0.024354917,1.0,-0.000533049,1.230350791,-0.068206242,6.0,16.213419305,1.7078177343,0.0,0.0479840115,0.0265576147,0.0249122077,0.3128786842,2.4260554671,3.676739e-10,1.5173759e-08,1.0514375928,1.1055210117,0.0567908118,0.0333668902,0.3373515606,-0.094679308
10649,0.5343639551,0.0635154201,-2.428424924,0.0,1.5270885589,1.7344979193,0.0660859073,0.1618103287,0.1816513356,-0.003652809,0.177392771,-0.092444648,-2.791439951,0.2408149014,0.0924446476,35.0,3.34386e-05,-0.004876219,-0.053195689,-0.320676804,0.0795861226,0.1241635737,-0.122689619,0.1806794656,0.1194700504,0.5718991794,0.0,0.946673411,0.1161130397,0.9363652389,0.1179698584,17.215680034,5.8145020663,0.18670401,0.0,0.0,1.0,0.0,0.0,0.609434596,6.0,0.0190783578,-0.025672583,0.0348123817,0.1188150637,-0.368098507,0.0788340612,-9369.850099,0.2470034686,13.424974628,0.0109625754,0.0374255746,0.1204300954,0.1217280813,0.1011926369,-0.074956152,2.0,0.030575861,0.9027391578,0.181430593,2.0,12.315352969,0.4212062694,0.0,0.0974191278,0.0550341761,0.0827517223,0.4572164074,1.7716654826,2.0280665e-08,3.093694e-08,1.6434355642,2.7008804538,0.2010551492,0.071280538,-1.151491613,0.0980376093
79909,0.986307442,0.1879636826,-2.57235129,0.0,1.0847651687,2.3870958278,0.1203017335,0.2552491126,0.3256895679,0.0150778553,0.2560798899,0.0301307385,0.2982399093,0.1319054109,0.0301307385,33.0,0.0952483438,0.0813704497,0.218396666,-0.17667888,0.1599994764,0.1169410542,-0.363505875,0.1279306457,0.2543366714,0.5658656614,0.0,13.110147628,-0.158100054,1.5255481529,6.2131521364,11.68032284,135.77327628,0.2003656598,0.0,0.0,0.0,0.0,0.0,0.6423943947,5.0,1.8386162408,0.0745290586,0.0838386457,0.3549812397,1.0284134092,-0.1018878,-3354.908401,0.1021842523,14.042033166,0.0014823047,0.0318066745,0.0620588267,0.033471266,0.0725914134,-0.000522127,0.0,-0.007612457,1.3286771601,-0.070246443,2.0,15.003622187,2.4583642641,0.0,0.0612196475,0.0292852526,0.0436751651,0.2221600059,2.3989962933,1.6467202e-09,9.6773674e-09,2.1170005823,4.4816914656,0.0540359884,0.0648933517,-0.047970387,-0.280901789
75517,0.4353192193,0.0487716851,8.9794206602,0.0367478858,0.148282063,0.6135927107,0.0965658144,0.0440002712,0.2331047746,0.5118914868,0.0618401282,-0.147520424,-1.728028777,0.1330505605,0.1475204241,35.0,0.0,0.0183508686,0.0368837539,0.1752755758,0.1026210174,0.1570667281,0.0592053029,0.0321697846,0.0380596028,0.5776077274,0.0,1.9562331559,-0.031489097,1.9562331559,-0.031489097,13.22264733,9.8053670954,0.8403265903,0.0,0.0,0.0,0.0,0.0,0.3107286111,6.0,0.0048876877,0.1229029776,0.0580394694,0.0197703279,-0.062160097,-0.02893028,-8225.514949,0.2470034686,14.169135844,0.0009975951,0.0240557328,0.032546918,0.0271013212,0.0928731225,0.0137807265,0.0,0.0,0.1464907701,0.064270051,5.0,14.468870222,1.2673589925,0.0,0.0487805605,0.0246898715,0.0336328974,0.3195615331,2.7926195067,1.9847576e-09,1.2870878e-08,0.7189131671,0.5168361418,0.0636833719,0.0368948705,0.0197298465,0.0980376093
10696,0.4243688475,0.0125748641,24.653119205,0.0,0.5419792673,0.1949497718,0.0246857552,-0.037658469,0.1321141619,-0.015884689,-0.03261328,-0.041916955,-3.328810021,0.0544341977,0.0419169547,35.0,0.0,0.0,0.4579365858,0.565772675,0.1367084951,1.447467167,1.1440490378,0.0009156682,-0.01967919,0.0512101475,0.0,1.0372194155,-0.043039438,1.0372194155,-0.043039438,16.392935982,5.9838839645,0.0963178202,0.0,0.0,1.0,0.0,0.0,0.2889111253,7.0,-2.962610726,0.0565322378,-0.214824431,0.3464996529,-28.00208003,0.0568271441,61585.432656,0.03476008,17.963315304,-0.000967225,0.0056482264,0.0134620828,0.0052646278,0.0123140681,0.0152401402,1.0,0.0001843318,2.7584313549,-0.114702361,4.0,18.178557869,1.1542206972,0.0,0.0502601638,0.0249674232,0.0265868424,0.2987495699,1.6016164095,4.731849e-11,2.4278186e-08,0.8007701255,0.641232794,0.0971159139,0.0307841953,0.1742825729,-0.054879185
44813,0.1190578154,-0.076574472,9.8135347768,0.0,0.0407206622,0.0,-1.104521956,0.871669627,0.0,0.1155951459,-0.070786679,-0.301943199,-0.483320041,-0.039564495,0.3019431988,36.0,0.0203941378,0.0,-0.925498257,-1.0,0.0,0.0785231592,-0.241851627,0.2265393724,1.8658184215,0.7717091604,0.0,11.499110998,1.7713006955,10.989331979,1.7771227641,0.0,0.0,-1.700336281,0.0,0.0,1.0,0.0,0.0,-0.058245045,4.0,-4.898743811,-0.037693053,-0.31857443,-0.236062421,0.2830748045,0.1030120578,-5350.687672,0.02204135,11.726175076,0.0,-0.10302353,-0.137221126,-6.1073e-05,0.5563727428,-18.76666667,2.0,-0.005951417,-0.013502383,-0.004034532,4.0,13.565994198,8.6453481663,0.0,0.114551045,0.0681245347,0.1154366191,1.220977107,107.87623787,1.2889205e-08,1.1785474e-09,0.9075454819,0.8236388018,0.3823375655,0.1399971846,-0.2087954,-0.24467985
89891,0.2581043159,-0.048185197,4.1293522605,0.0,0.041526113,0.1122444516,-0.639559548,-0.125482329,0.220555785,0.0034825871,-0.239804241,0.0525003777,0.350537996,-0.065075939,0.0525003777,34.0,-0.012804049,0.0,-0.018558527,-0.897951151,-0.0397345,0.1229383229,0.2425901314,-0.011953508,-0.105783129,0.8147298242,0.0,7.2204741615,0.1584488734,6.7778870316,0.1643419695,0.6611237027,1.5992036011,-0.927542337,0.0,0.0,1.0,0.0,1.0,0.2616511599,4.0,52.190742828,0.1531297167,-0.08090577,0.4555038614,-1.525186759,4.0484224439,-7275.747051,0.0357482652,11.774426352,0.0104488497,-0.060663534,-0.073607866,0.0102542214,0.455931178,-0.004250866,0.0,0.002166065,0.6968227652,0.1156521058,2.0,12.419535441,0.7225398853,0.0,0.0321591981,0.0342277658,0.06934711,0.213913296,1.068876933,5.154444e-08,2.6154915e-08,1.0764211132,1.158682413,0.0130664678,0.0745761584,-1.148012216,-0.145662284
71175,2.3265177698,0.1697110286,-24.36327723,0.0499074551,12.788207528,2.8169890627,0.0174785925,0.0539056368,0.0195274378,0.0037105111,0.047440419,0.0028407605,0.2465321564,0.1278718027,0.0028407605,35.0,0.0,0.0388349515,0.0969365646,-0.335588656,-0.329294164,0.2060595627,0.1299870391,-0.000256665,0.0909182137,0.2329282288,0.0,11.61517732,0.3107672224,11.61517732,0.3107672224,5.1308957667,0.6933117027,0.0156279965,0.0,0.0,0.0,0.0,0.0,0.1124335173,4.0,0.0155659232,0.0292359203,-0.487079911,1.0957979665,-0.50077065,0.2437061648,-8353.631064,0.0397241163,15.633746565,0.0001838658,0.0046407251,0.0300159854,-0.005095254,0.0338961924,-0.009378047,3.0,-0.007182761,0.0426124834,0.0306758047,3.0,16.74356488,2.6706067613,0.0,0.0254533645,0.0195648981,0.0269976702,0.3314022849,3.9876965181,2.064076e-10,9.6414726e-09,1.7841753351,3.1832816265,0.034679303,0.0516074978,0.3024805511,0.045344153
93179,0.5368829047,0.0198432745,-0.412556901,0.0,1.0259419199,2.5321919367,0.0628622005,0.0523956531,0.1654801134,-0.02428157,0.0728917742,-0.086368389,-6.643203141,0.1516661783,0.0863683889,34.0,-0.003394695,-0.035897436,0.0598359975,0.0473190023,-0.194132386,0.1144130571,0.1526046978,0.041599107,0.0150843561,0.4614217734,0.0,1.4981115618,-0.049693692,0.7968280019,0.0811681686,22.04917707,14.88283426,0.0912499284,0.0,0.0,1.0,0.0,0.0,0.4154085482,5.0,-0.13831559,-0.016714028,-11.08010196,0.3841495348,-1.592539793,0.1102625923,-11581.63177,0.0426379215,15.734395302,0.0010765113,0.0078366518,0.0235142007,0.1061869547,0.0639878916,0.0353482621,1.0,-0.000687758,-0.340018149,-0.028746343,4.0,15.877484261,1.1027101624,0.0,0.0953984708,0.0270811764,0.0280452616,0.3414944215,1.8216409684,5.825699e-10,2.4902706e-08,0.5387947474,0.2902997798,-0.164003835,0.0458801702,-0.168545007,-0.010149049
22323,0.5952806825,-0.029911516,0.679043343,2.64938e-05,0.026582127,0.0887807718,-0.530661809,3.7736518902,0.613633751,1.0597840286,0.0114247312,-0.013903811,-0.162385592,-0.025054317,0.0139038109,26.0,0.0084686848,0.2641509434,0.0385330579,0.0529908892,-0.038533058,0.0796038151,0.017738496,0.0064375216,10.67693475,0.9555306322,0.0,37.369239311,5.8571308481,36.825097168,6.2131521364,0.15750141,4.9158924205,-1.059137989,0.0,0.0,0.0,0.0,0.0,0.9327275904,4.0,-10.43570905,-0.683308299,-0.054423487,0.2401604457,-1.717177674,0.1175222361,-5712.298624,0.02204135,10.724117174,0.0,-0.031853556,-0.033275969,0.0020104056,0.8978314656,-0.02088752,0.0,-0.017088447,0.1968174937,-0.071000727,6.0,10.669889485,0.5872876185,0.0,0.0532394573,0.0259957554,0.0516487165,0.3019052305,0.5278379712,2.7365957e-07,6.5844502e-08,1.3307895283,1.7710007686,-0.224743654,0.1945111705,-0.127066247,-0.24467985
10026,0.2899633471,0.0190668901,6.3232277829,0.0157672932,0.0948304071,0.3924606965,0.0838496499,0.0621511652,0.3296748956,0.0089347079,0.1194470867,-0.042126482,-0.82529178,0.0348026377,0.0421264823,36.0,0.0130688296,0.0487804878,0.119898673,-0.167271416,0.0610078258,0.1535111984,-0.074492355,0.0479512149,0.0446647181,0.5766912474,0.0,3.4884715652,-0.063380681,2.7537538254,-0.054485822,3.9309377275,7.024585888,0.4010465605,0.0,0.0,1.0,0.0,0.0,0.4302901304,7.0,0.1048540482,0.0348962956,-0.023722626,0.2190014804,-0.81974986,0.0290966733,-12678.24052,0.0431411127,14.869995897,0.0073777652,0.0171350084,0.0226039783,0.0241817281,0.259460943,0.0464509268,0.0,-0.001701348,0.2449327855,-0.012975681,6.0,14.65096938,0.7694567579,0.0,0.0222436935,0.0148179909,0.0200063622,0.1894348219,0.5747033717,1.1784501e-09,3.4591999e-08,0.5924337447,0.3509777419,-0.055755433,0.0340855669,0.1194536625,-0.010149049
10812,0.4961805889,0.0485032634,4.4257946349,0.0044539759,0.1553904651,0.4420149809,0.0752371602,0.0581190325,0.209722437,-0.016762569,0.0586637545,-0.116797569,-1.525915883,0.1225151633,0.116797569,35.0,0.0,-0.066666667,0.0811759088,0.1074391368,0.0708595825,0.2038588488,0.0706129204,0.0447386952,0.0579485554,0.4659278146,0.0,2.7168717097,0.134735166,2.7168717097,0.134735166,5.6145379241,11.61023445,0.8194843056,0.0,0.0,0.0,0.0,0.0,0.2753575137,6.0,-0.014704688,0.134150718,-0.026978066,0.0806316975,0.2718000215,-0.039465677,-8190.702799,0.2470034686,13.901010607,0.0022839257,0.025564664,0.0329820995,-0.007646282,0.1891910506,0.0884395107,2.0,0.0006242197,0.9577087112,0.0362536367,6.0,13.688916782,0.8260254477,0.0,0.0358209349,0.0184669151,0.0308779445,0.3321131257,1.8224311682,2.5904085e-09,2.1588136e-08,0.5189475126,0.2693065209,0.107851731,0.0270825743,-0.059430577,0.0980376093
10909,0.1867476092,0.0324991392,16.925267501,0.009783637,0.1265877401,0.229375879,0.1327545935,0.0908641547,0.72045313,-0.016268321,0.1789609567,-0.09109737,-0.841721703,0.05985437,0.0910973702,34.0,-2.1504e-05,-0.03649635,-0.032816299,-0.058366604,0.0273129098,0.3653495014,0.0518322423,0.0148134299,0.0382734414,0.3892283803,0.0,2.2684648468,0.1116583946,2.2487605102,0.1143231828,5.2035256047,4.7109878225,0.5261565402,0.0,0.0,0.0,0.0,0.0,1.1438028336,6.0,-2.890775447,0.0176612001,-0.251320782,0.1088784147,-28.64807663,0.0622473164,9405.0500957,0.03476008,17.13112596,-0.008029821,0.022768123,0.0436596793,0.0047517858,0.1036931472,-0.012275125,1.0,0.0007090187,0.3442463887,0.0891713016,6.0,17.944792441,2.1819597549,0.0,0.0090180514,0.0018460648,0.003043057,0.4480247178,3.5089662395,6.984727e-12,1.3820323e-08,0.5571837602,0.3104537426,0.091772683,0.0313188872,0.2720219301,-0.054879185
88779,0.098366583,-0.056748093,9.6657029353,0.0,0.0807459941,0.0957015817,-0.081138188,0.3313691674,0.520575836,0.2143078512,-0.316819805,-0.218329395,-0.603350369,-0.02250911,0.2183293948,36.0,0.0109524299,-0.173913043,-0.052393108,-0.121039503,-0.065012675,0.2310151878,0.015025127,0.0082878222,5.0195227766,0.6793126912,0.0,2.5253417706,0.6292415945,2.3376514835,0.6562724598,1.0924005003,2.8262276361,-0.551786698,0.0,0.0,1.0,0.0,0.0,4.1918753697,4.0,51.761520236,-0.125356993,-0.254818814,0.2957661285,-0.414333881,4.0909892734,-7212.309051,0.0357482652,11.414818552,-6.2752e-05,-0.032691817,-0.04264409,0.0082676633,0.5446704291,-0.009330846,1.0,-0.000930233,2.1799373589,-0.208934635,3.0,12.181875551,1.5356868663,0.0,0.1821191907,0.0580194806,0.0767246898,0.4093404885,3.6268573685,4.6925773e-08,1.2572216e-08,1.5381790784,2.3659948771,0.058657721,0.0842760847,-0.243579293,-0.145662284
10860,0.524886701,-0.019651102,1.4773603278,0.0,0.0736172262,0.2261430691,-0.031044065,0.3011122404,0.3167179605,0.1621065591,0.3262396204,-0.051579624,-1.389156949,0.0076473629,0.0515796244,34.0,0.0216679709,0.2076271186,0.1107079331,0.0596361566,-0.021056021,0.1519962521,-0.183734372,0.1024263159,0.2976639698,0.6280491229,0.0,6.2142227194,-0.094696647,5.5288347781,-0.101940107,0.8200581659,4.4218102227,-0.125689692,0.0,0.0,1.0,0.0,1.0,0.3599472562,3.0,1.2222861379,-0.02111779,0.0296225601,0.2810347622,7.8075091311,0.0943947259,-4987.103891,0.0232852488,13.003500943,-0.003567746,-0.03228692,-0.037090925,0.0072488513,0.4059773081,-0.088004123,0.0,-0.015030946,0.7604855217,-0.061412796,5.0,13.477148844,1.3572374959,0.0,0.0487444513,0.0243215041,0.040113089,0.2338671751,1.3801349997,6.0995866e-09,1.8043933e-08,0.0340767013,0.0010689989,1.0626053941,0.084804216,-0.590675123,-0.24467985
10443,0.8619647565,0.0298103159,-0.269790163,0.0,0.3603660421,0.0552903405,-0.021292056,-0.003322506,0.0203698611,-0.046144443,0.0491730545,-0.010978048,-0.463861581,0.0436381761,0.0109780476,35.0,0.0,0.0833333333,-0.007282371,-4.530009643,-0.048612901,0.0274528831,-0.012694922,0.0114782551,-0.01929643,0.3580138526,0.0,22.057771664,0.92243369,22.057771664,0.92243369,0.3182376358,3.8819753086,0.1235335265,0.0,0.0,1.0,0.0,0.0,0.0186775784,4.0,-0.250107488,0.1463238678,0.0306552243,16.996506565,0.7954736409,-0.03552078,-1644.888681,0.1000073361,13.186281026,-0.003528995,0.0005166957,0.0008876314,0.0045129516,0.2407105383,-8.597278002,1.0,-0.00969667,-0.53614929,0.0812589386,6.0,11.879433492,0.2102417303,0.0,0.0252828896,0.0132622714,0.0172696299,0.4610810841,0.42859144,2.0207843e-08,1.1724011e-07,0.8122127878,0.6596896127,0.0629506077,0.0344669444,-0.138934581,0.1750913885
10032,0.4100328069,0.0553945776,1.0010323718,0.0,0.5717075952,1.3434178007,0.0826597852,0.075133808,0.1673141623,-0.032928764,0.0924230094,-0.001542592,-0.02638361,0.0568560865,0.0015425925,36.0,0.0879050436,-0.015384615,-0.006349999,-0.071673673,0.020952367,0.1280617148,0.0464310707,0.1143569355,0.0519212669,0.6118506791,0.0,1.7107122068,-0.035089735,0.8492703572,-0.16091472,12.453615908,5.3055749354,0.1447471968,0.0,0.0,1.0,0.0,0.0,0.3773693579,6.0,-0.934021097,-0.160068115,-0.740277021,0.2669477192,-2.401380944,0.1753208789,-16334.84949,0.0740556467,14.631087403,-0.000705287,0.0143622248,0.0326728404,-0.027909836,0.1098800801,0.0258386471,1.0,-0.00078291,0.2221506722,-0.094639846,6.0,14.718538643,1.0444276112,0.0,0.0644329935,0.0203584168,0.0279645612,0.2558496453,1.2153646619,1.4766267e-09,2.4993054e-08,1.1822405829,1.3976927959,0.0099825136,0.0313260389,-0.015386871,-0.091892872
85570,-0.064380647,-0.096224921,56.848052126,0.0,0.2535938991,0.0013765683,-0.143398139,-0.03077264,0.0070512486,0.2956707981,-0.372558895,-0.322847101,-0.644921596,-0.034167391,0.3228471013,36.0,0.0,0.1111111111,0.2267573696,0.10430839,0.0,0.0071220278,0.3439400865,0.0503232365,-0.691882413,0.4834351089,0.0,2.5633173844,-0.235792019,2.5633173844,-0.235792019,0.0742112483,9.8363636364,-0.289633509,0.0,0.0,1.0,0.0,0.0,0.133770915,3.0,-2.236532817,0.0564872226,0.1071028312,-0.504126243,2.4817156917,-0.217771007,-11126.28026,0.0260918659,11.517763751,0.0,-0.077122871,1.1117093765,1.00249e-05,0.1667180098,-18.76666667,1.0,-0.009943182,-0.130539058,-0.065005082,3.0,12.03540368,1.4310288228,0.0,0.0904977545,0.0518988222,0.0792025127,0.4200959019,2.9957776865,6.4091364e-08,1.5592378e-08,0.4089923339,0.1672747292,-0.298764686,0.0659488131,-0.194835702,0.1163368332
11701,0.7839894154,0.1991199274,-2.102826604,0.0100703745,0.8253122362,3.977056386,0.1678017489,0.0626783882,0.6949058574,-0.06248766,-0.041559565,-0.028877567,-0.226507722,0.2442221286,0.0288775675,35.0,0.0118076098,-0.037037037,0.0818353931,-0.042638491,0.005475982,0.0829986803,5.05149e-05,0.048963328,0.2000754274,0.5516256946,0.0,1.8799208097,0.294685076,0.605972597,0.898394038,66.229203458,51.010615451,0.3468801964,0.0,0.0,1.0,0.0,0.0,1.579790097,8.0,0.0156006054,0.1036126637,-0.191642417,0.2487527408,0.0179241068,0.0749773403,-10499.61113,0.132579171,14.103650555,0.0017111576,0.0319213595,0.078468281,0.1102598362,0.0373142537,-0.006558141,0.0,0.0110630598,0.4827542512,0.0052076341,4.0,14.647133998,1.6258214327,0.0,0.0461635478,0.0167894592,0.0277019471,0.2353845788,2.2307610986,1.1216294e-09,1.2621839e-08,0.0340767013,0.0014488946,1.0359095081,0.0420846829,0.2164237597,0.2763973556
77453,-0.399904109,0.0810460501,32.319341154,0.0183620607,1.2556351037,0.5591984323,0.1683712391,-0.082012847,0.2158910545,-0.075254148,-0.048830771,-0.019344036,-0.213369129,0.0983387753,0.0193440355,33.0,0.0002882435,0.0192307692,0.1195920533,0.1716470924,0.0415673147,0.0369934287,-0.130810673,0.0160782043,0.0309077457,0.457380805,0.0,0.5134471504,-0.479250043,0.5063513095,-0.483664965,15.545753589,15.385350104,0.0805846913,0.0,0.0,1.0,0.0,0.0,-0.433592022,6.0,-0.448470566,-0.175878259,-0.605082863,-0.817366853,0.272206134,-0.011854679,-7625.749686,0.0775136454,14.37036316,0.0008245502,0.0217815877,-0.047971789,0.0112717842,0.0420355664,-0.018963382,0.0,-0.00030823,1.2897512135,-0.084316749,5.0,15.991584799,4.508695239,0.0,0.0256500486,0.0220467501,0.030558669,0.2869798115,4.2579385886,6.405093e-10,7.1942726e-09,1.6348404277,2.672703224,0.1133138152,0.0508727359,0.0178120503,-0.164654644
11292,0.6580906362,-0.023793421,1.5701762115,0.0,0.2813071482,0.3571806891,-0.042215707,0.0428512354,0.2380595472,0.0008318314,0.2455416967,-0.059158422,-2.287671233,0.0306381037,0.0591584221,34.0,-0.010753776,0.1296296296,0.1179771187,0.0065349256,-0.095328068,0.083896336,-0.064964788,0.1121161997,-0.024973268,0.6292433953,0.0,5.4984170059,0.0401509159,4.5517865219,0.0642589609,1.9310258024,8.2262734584,0.1216489166,0.0,0.0,1.0,0.0,0.0,0.2977820703,5.0,1.4447409844,0.0205875774,-0.048374929,0.4142386974,7.8717575504,0.1173854667,-5703.497571,0.0232852488,11.230785583,0.000200065,0.0033844043,0.0045864452,0.019692443,0.2372996315,0.0344130275,2.0,0.0064997482,0.0949865551,-0.011951784,5.0,10.013258538,0.2696198717,0.0,0.2711777985,0.0720319329,0.0694005104,0.8602930694,1.7279174992,3.0528084e-07,6.4588235e-08,0.2362057243,0.0557931442,0.4544150812,0.070311069,0.3031651368,-0.24467985
64390,0.2859210443,0.098585359,-0.104736176,0.0499925896,0.8132730464,0.7368601474,0.140647838,0.1676464105,0.1406677803,0.0010263428,0.1478955521,-0.02018596,-0.210531851,0.1193407172,0.0201859596,42.0,0.0,0.0422169301,0.0933490949,-0.023063826,0.2719025802,0.2609516319,0.1951260791,0.0004171578,0.2553549885,0.3209932401,0.0,5.080229102,0.0897985696,5.080229102,0.0897985696,3.8550233265,3.4508291585,0.1371033499,0.0,0.0,0.0,0.0,0.0,0.5694536129,7.0,0.0789976776,-0.027836067,-0.483697932,-0.944798759,-0.675179493,0.2351750792,44838.296336,0.0397241163,17.95538385,-0.005918195,0.0016971169,0.0063451777,0.0172093851,0.1036573526,0.0141574179,0.0,-0.004978427,0.2654693018,0.0081717279,6.0,17.933570425,0.9027909572,0.0,0.0324450806,0.0202474208,0.0242414182,0.2527283032,1.2836921423,5.819657e-11,2.3416895e-08,0.3742593515,0.1400700622,0.0668087599,0.0332818323,0.2063824954,0.045344153
65294,0.241612962,0.0334119339,5.9761615974,0.0187153707,0.5960696573,0.2092089735,0.0415002568,0.1107712649,0.0528738725,0.0061066661,0.0988788523,-0.028371213,-0.675837572,0.0559929741,0.0283712127,44.0,0.0,-0.033149171,-0.019893562,-0.153966163,-0.172187387,0.1099310712,0.0160410227,-0.000527678,0.1412414054,0.1639540471,0.0,18.700792618,-0.267446835,18.700792618,-0.267446835,6.3090965069,1.5502795189,0.0614712937,0.0,0.0,0.0,0.0,0.0,0.180706418,4.0,0.0157648564,-0.014771237,-0.559064033,-0.989106841,-0.460703647,0.1718273362,-8324.636214,0.0397241163,15.464432692,-0.00077205,0.0068314711,0.0235488238,0.0016882255,0.036889989,0.0179705189,0.0,-0.000498654,-0.070465959,0.0493562631,5.0,15.138953222,0.6815179333,0.0,0.0466221236,0.0177474815,0.0219031235,0.3792657497,1.2701511468,7.811721e-10,3.0551214e-08,0.6469256748,0.4185128287,0.2691512524,0.0321279142,0.1093312091,0.045344153
11403,0.0655093336,0.0155204234,37.230346035,0.0,0.0383059187,0.0704986492,0.2216140868,0.1768007804,0.7420345672,-0.003265977,0.162186855,-0.086009187,-0.532093782,0.0237787441,0.0860091872,34.0,0.0055155918,0.0826937361,0.1483410442,0.0420965048,-0.002557719,0.2965111963,-0.041520214,0.0438484165,0.1855176723,0.368720732,0.0,1.8556377446,0.0670214973,1.7603123965,0.0629318656,2.8897011305,7.7051172328,0.5327513976,0.0,0.0,0.0,0.0,0.0,1.1747753334,5.0,-3.142607503,0.0229328644,-0.132130695,-0.012359861,-27.97947976,0.0261716906,23457.627286,0.03476008,17.543568581,0.002005965,0.0427665124,0.0700536368,0.0020082805,0.2405906677,-0.00224075,1.0,0.0003301638,0.2473290859,0.0447955399,6.0,18.053715648,1.3570956282,0.0,0.0365034267,0.0245039996,0.0359387411,0.2870801901,2.2385814235,8.420378e-11,1.7951154e-08,0.6947686234,0.4827034401,-0.032420354,0.039156755,-0.442317154,-0.054879185
14135,0.6912502412,-0.298759458,3.7538470163,0.0,0.0358986587,0.0736525688,-0.474663461,-0.352590808,-0.127807252,0.0197295282,-0.679654638,-0.323046528,-1.000367085,0.00010967,0.3230465277,9.0,0.0,-0.0625,-0.378738822,0.4778452718,-3.173170195,0.1686240114,0.3488750624,0.1982570629,-0.283084681,0.5591383038,0.0,4.4251769464,1.4862012966,4.4251769464,1.4862012966,1.0039865454,12.210606061,-2.002344996,0.0,0.0,0.0,0.0,0.0,-0.148897651,3.0,5.9775464938,0.1457386964,0.0256357107,8.3041511535,-4.249927637,-3.252781356,-1648.734962,0.0340789314,11.529792168,0.0,-0.003617542,-0.003794468,0.0139960906,0.2205398944,3.5355259724,0.0,0.0166733089,-0.819677871,-0.052019352,3.0,13.569745961,3.1969975311,0.0,0.0707964972,0.0454609673,0.0770380478,0.4670206911,5.0331601164,5.3383583e-08,1.4693575e-08,0.3829194584,0.1466273116,1.0626053941,0.1437490379,-0.565728785,0.818494895
11481,0.5290437948,0.0797278188,1.9403747483,0.0079790823,0.7851770832,0.5399443691,0.0931485274,-0.013675383,0.179511554,0.0007542962,-0.083075146,-0.005047649,-0.086374314,0.0866142544,0.0050476487,34.0,0.0,0.2290909091,0.077493692,0.2579740815,-0.321928381,0.2635877521,0.0437393134,0.001947074,0.1142763136,0.1818381976,0.0,1.8908929411,0.2203926769,1.8908929411,0.2203926769,4.5146529266,3.9878441347,0.1151276892,0.0,0.0,1.0,0.0,0.0,0.4619697008,6.0,-2.958375744,0.1239255465,0.0142664779,0.4511746003,-28.16293801,0.0890072009,-13439.63879,0.03476008,13.727242657,0.0005688304,0.0099927307,0.0243034255,0.045298425,0.0708657454,-0.00492846,0.0,-0.007055329,2.1505926584,-0.090384621,4.0,15.250943676,2.5222455913,0.0,0.0557575822,0.0279924195,0.0465132344,0.4175082446,2.8248521357,3.7097603e-09,1.4575565e-08,2.3156380235,5.362179456,-0.020392258,0.0933400243,-0.182574874,-0.054879185
75470,0.275573689,0.0288998058,14.00043252,0.0,0.4497270357,0.3503846677,0.0639955934,0.040049035,0.1984549422,-0.009823812,0.0558028284,-0.062224971,-1.531597634,0.0731626801,0.0622249713,34.0,-0.008917728,-0.050010227,-0.150767745,0.0333708767,-0.027583163,0.2447500991,0.0779572567,-0.004075053,0.0153250388,0.206483505,0.0,1.814321293,-0.110035851,1.0428941904,-0.007887558,9.3742218476,6.5502451204,0.1004254951,0.0,0.0,1.0,1.0,0.0,0.4695276488,4.0,0.0710998455,-0.014288786,-0.050913366,-0.180917001,-0.321491312,0.0209382538,-1456.789405,0.0376507894,15.940210421,0.0073128794,0.0324493899,0.0827734073,0.0192961588,0.043561838,0.042155088,3.0,-0.000997009,0.3237440591,0.0088342633,5.0,16.762336261,2.0874793161,0.0,0.04155875,0.0177644418,0.027015903,0.2805558122,2.9408430384,1.673624e-10,1.0295856e-08,1.5941386922,2.5412781701,0.0256146954,0.0502877777,-0.162666718,-0.028114825
11511,0.1717778549,0.0245319742,147.93292308,0.0,0.0530355346,0.563938214,0.1002953483,-0.077903369,0.5208333333,0.0081017642,-0.468453832,-0.087633324,-0.837004405,0.0450653447,0.0876333237,33.0,0.070221966,-0.315789474,-0.02771567,0.2590472369,0.5606576137,0.4036557502,0.0797407614,0.1067154255,0.192646783,0.6021515443,0.0,3.8113938053,0.8727828713,1.7599557522,0.478378945,107.04102564,7.1605488851,0.5084865629,0.0,0.0,1.0,0.0,0.0,0.8600637779,7.0,-0.093859738,1.77057e-05,-0.285527005,-0.441652798,-0.026732264,-0.155744016,-3225.221378,0.2481721303,10.835456333,-0.03706938,0.1402619349,0.2755658852,0.0149068372,0.2196657509,-0.028496288,3.0,0.0350023195,0.2252142592,-0.05253385,4.0,13.149051371,3.6864878601,0.0,0.0762124583,0.043064396,0.0911166315,0.867989623,18.262398463,5.8290975e-08,6.5940717e-09,2.4429750069,5.9681268842,-0.026910816,0.2613211817,0.0407717753,-0.199501332
75107,0.0921515136,0.0156297367,22.166583284,0.0,0.0114132249,0.0587364845,0.1912889935,0.2284469223,0.5826034845,0.005821058,0.090651408,-0.036190512,-0.21750582,0.0190292954,0.036190512,34.0,-0.006661451,0.123046875,0.007895272,-0.140114179,-0.009533582,0.1136598471,-0.010705811,0.0333672568,0.2479750644,0.539528713,0.0,6.1097240422,0.2672241588,5.4812086625,0.3245187201,1.4519946205,8.7212463598,1.4118782575,0.0,0.0,0.0,0.0,0.0,0.6651690434,5.0,51.946778421,0.002038015,0.0421411049,0.289551059,-0.758681734,4.1325276788,6906.5979786,0.0357482652,16.38447381,-0.000289162,0.0390518612,0.0435579669,0.0025913251,0.4251925121,-0.03072678,1.0,0.0002150406,0.7377011162,-0.047207699,7.0,16.768987616,1.372260264,0.0,0.0726675838,0.0330506319,0.0402958756,0.3132608824,2.1148612563,3.234048e-10,1.8477899e-08,0.8855723209,0.7842383355,-0.069019669,0.0542804164,-0.172174578,-0.145662284
11547,0.2191386489,0.0029413692,81.659306916,0.0070911815,0.3222417208,0.2665556712,0.0412273381,-0.013194787,0.2788577513,0.0164309338,-0.02065792,-0.031197969,-5.780603131,0.0199442571,0.0311979694,34.0,0.0171556507,0.0303030303,-0.09699329,-0.033824651,0.0009425516,0.345610449,0.0962281966,0.0222179658,-0.002011353,0.189420506,0.0,2.190598367,0.0368934074,1.1660611669,-0.057685183,31.527233514,4.8684688855,0.0526806573,0.0,0.0,1.0,1.0,0.0,0.6347191354,6.0,51.903171918,-0.001077492,-0.05060274,0.4165381944,-1.323256396,4.1334426405,-4287.059851,0.0357482652,15.183007152,-0.004594611,0.0084836666,0.0200779316,0.0028741259,0.0179642801,0.0145219035,2.0,0.0002293052,0.2774928187,0.0125653616,5.0,15.904231904,1.7286346497,0.0,0.0493239611,0.0261429444,0.0309572155,0.3734849803,3.4370285008,5.538423e-10,1.2370726e-08,1.5227462517,2.318756147,0.033943967,0.0414809957,-0.129464323,-0.145662284
11600,0.4337562435,-0.007248192,9.6281552511,0.0075975022,0.381796315,0.2918488757,0.0387596899,0.0859128898,0.2285275895,-0.011748757,0.2462941847,-0.080022736,-8.65060241,0.0554530329,0.0800227363,34.0,-0.010665983,-0.013157895,-0.170554949,-0.077204565,-0.025289292,0.3453981386,0.0290253713,0.0080205512,-0.024644084,0.1838131021,0.0,1.3599088838,-0.323071507,1.0060744115,-0.30361071,7.6301369863,4.7136812412,0.0637055838,0.0,0.0,1.0,0.0,0.0,0.3766323024,2.0,51.832018621,0.0237503665,-0.094063665,0.6311557889,-1.263873718,4.164304914,3928.5041486,0.0357482652,15.969345653,0.0022482267,0.0089571337,0.0165549862,0.0123722097,0.0302508343,-0.009837062,0.0,0.0005167959,1.688871673,-0.050150202,4.0,17.240793685,2.3187811292,0.0,0.0163506772,0.0311520677,0.0250307902,0.6200540624,14.858418816,1.169008e-10,9.3806368e-09,1.0201436721,1.0406931117,0.0371899725,0.034652315,-0.148351497,-0.145662284
13788,0.0479119535,0.0208224409,19.926228912,0.0051356936,0.1250363423,0.0850058989,0.2316768323,0.1787786921,0.427024686,-0.000441614,0.1130474143,-0.038800986,-0.297924298,0.027025952,0.0388009859,8.0,0.0173332273,0.0660377358,0.0654875717,0.1327067246,0.0016119954,0.1842105263,-0.048096576,0.0604590732,0.3918020679,0.4775957822,0.0,3.0465437788,0.1588159361,2.2963133641,0.2424032161,1.8554384018,6.6011846002,0.2226744497,0.0,0.0,0.0,0.0,0.0,1.7289512555,6.0,1.4228626729,-0.013967512,-0.111966823,-0.195939985,5.9284308851,0.113773315,72918.678379,0.0232852488,18.240707305,-0.000801457,0.039235198,0.1268965517,0.0022197841,0.2388909157,0.0010607935,1.0,0.0007211291,0.4141992608,0.0216317181,7.0,18.342082876,0.9962751977,0.0,0.0342250355,0.0187453413,0.025753699,0.1920999242,0.8088955033,4.170092e-11,2.4326445e-08,0.645802891,0.417061374,0.0369951755,0.0303400985,-0.429799899,-0.24467985
11043,0.4439503778,-0.136924913,4.0661242499,0.0352335938,0.4077232889,0.7578948265,-0.283467171,-0.128146453,0.2752170281,0.0036251586,0.0728223322,0.0086932899,0.0580461259,-0.144872873,0.0086932899,34.0,0.0,-0.323529412,-0.433090928,-0.980974526,-0.175494669,0.1990826367,-0.06149685,0.0188877992,-0.256123662,0.5935949673,0.0,2.4354224816,0.1058042316,2.4354224816,0.1058042316,7.5397105542,3.6506580072,-0.105215746,0.0,0.0,1.0,0.0,0.0,0.4460166468,1.0,3.8482902871,-0.461225152,-0.363750389,1.4935595112,-1.897418489,0.0514755448,-4536.084337,0.3461731473,10.454895468,0.0211009174,0.0300565339,0.0563476935,0.0321999966,0.0832733889,-0.007140776,5.0,0.0396538984,0.1498511992,0.0165950189,2.0,10.174803948,0.623211731,0.0,0.052316878,0.0251683198,0.0470333502,0.793373133,2.7361620003,2.5725009e-07,2.8595106e-08,0.718035336,0.5155747437,0.1741702462,0.0572193401,-0.497009127,-0.094679308
11654,0.7392182985,0.09939566,0.1411231444,0.0,0.3710537463,1.6478559826,0.1713141535,0.0006489023,0.28934386,-0.046652844,-0.176742852,-0.083481645,-0.932206538,0.1920529441,0.0834816453,34.0,-0.008033799,0.0769230769,0.5017328981,0.4349504453,0.0217011798,0.1137150047,0.1453935951,0.0101744549,0.1220035026,0.6728309292,0.0,3.6402682131,0.2808931202,2.416727075,0.3162954056,5.5556592911,9.3755580064,0.3393615348,0.0,0.0,0.0,0.0,0.0,0.4856322242,8.0,-10.38063031,0.350795598,-0.241651353,0.3840980618,-1.98813992,0.3346294972,-5717.197892,0.02204135,11.004918195,0.0112013442,0.0270699445,0.0406578175,-0.015991693,0.1515401436,0.4437456694,2.0,0.0115149417,0.2943063266,0.0616122298,5.0,9.8495803582,0.498102981,0.0,0.0209643412,0.0233816645,0.022164533,1.2607721204,3.4079540524,1.5216949e-07,4.0233828e-08,0.775963607,0.6021195194,0.1513306751,0.0632776539,-0.063015921,-0.24467985
11636,0.1223713746,-0.117603645,7.6434049911,0.0,0.0605740685,0.0458652043,-1.553434667,-0.31051402,0.1078352984,0.0111401488,0.0745041167,-0.098017171,-0.186810866,-0.095634006,0.0980171711,34.0,0.0391002126,-0.034632035,-0.392757317,-0.442181826,0.0328091727,0.0729738043,0.1914294502,0.0495844238,-0.414384588,0.7981996487,0.0,3.065237115,-0.381243936,2.6564198121,-0.434284649,0.4251406536,2.1179928315,-1.98601838,0.0,0.0,0.0,0.0,1.0,0.1322198423,2.0,0.2554986532,-0.078143813,-0.212636593,-0.121480564,5.8959826349,-0.008886643,-3813.874471,0.0232852488,13.043961865,0.0,-0.129642548,-0.327320875,0.0029969545,0.5755587591,0.0208835114,1.0,0.012160898,0.1659254349,0.0142701212,4.0,15.190883612,4.5325331772,0.0,0.0576923788,0.0411857069,0.0636967572,0.269871716,5.0861400421,3.3891885e-09,6.057719e-09,1.1321719445,1.281813312,0.1219035726,0.0666827215,-0.219326865,-0.24467985
11394,0.3105897725,-0.875595409,0.70453149,0.0,0.802713912,0.5217908178,-0.652065449,0.3711055607,0.1315235967,2.1417018284,0.0483983774,-0.108554638,-0.119748028,-0.73243807,0.1085546377,34.0,0.113821589,-0.18,-0.253161646,-0.334538798,-0.433888713,0.3444753946,0.4247857654,0.1196923886,10.67693475,0.6000114573,0.0,2.4903141787,0.6882415865,1.5336154973,0.6982308431,1.3607038123,7.0506512301,-1.065897296,0.0,0.0,0.0,1.0,0.0,-6.469352964,3.0,50.971951239,-0.217328309,-0.26090577,0.507989318,-1.845392687,3.342753798,-7503.953701,0.0357482652,8.7482302996,0.0,-0.079141186,-0.220248447,0.0342187889,0.3352215343,0.0722039932,1.0,-0.198795181,-0.627823943,0.0477203876,2.0,11.002730986,3.0193816576,0.0,0.0709945261,0.0407748132,0.0876391609,0.7756706876,4.8588871071,1.0147645e-06,1.6943595e-08,1.0388852747,1.079282614,0.3544493535,0.1348693447,-0.234827221,-0.145662284
11533,-0.010113094,0.0357410394,53.569654269,0.0,0.153026204,0.1200109289,0.2955082329,-0.023946608,0.625306928,-0.05251581,0.3164784286,-0.019995488,-0.080934188,0.0386337114,0.0199954884,35.0,0.0,-0.088183862,0.0169740808,0.0830253107,0.032687682,0.3135340746,0.1471229281,-0.028970764,-1.335089192,0.2926030791,0.0,0.985277366,-0.235302135,0.985277366,-0.235302135,6.7392323679,4.2182200335,0.2814322605,0.0,0.0,0.0,0.0,0.0,2.9125745284,6.0,13.078790712,-0.014626715,-0.403791455,0.0124216745,-10.10099042,0.286398188,-3066.394226,0.0371991411,16.099508277,0.001518453,0.0539406162,0.6866498983,-0.003626118,0.124605811,0.0070284869,0.0,0.0019601437,1.1221017792,-0.051302426,6.0,17.087805136,2.1490179444,0.0,0.0269132536,0.0234077261,0.0333318761,0.3969608512,5.2578828348,1.590807e-10,9.2602019e-09,0.9710572875,0.9429522556,0.0867750177,0.0416024117,0.1742974789,-0.054879185
13652,0.2858694858,-0.172791539,1.7187425612,0.0,0.1271824818,0.1099143128,-1.930928626,-0.106390057,-0.325277441,2.2081925877,-0.475301369,-0.080165652,-0.203051494,-0.137705959,0.0801656523,9.0,0.0,0.1428571429,0.4645784543,1.0237370871,-0.603860351,0.644137931,-0.041749694,-0.005014139,0.3004847334,0.846572705,0.0,3.1723959233,0.6956816183,3.1723959233,0.6956816183,0.3218708785,19.892644135,-0.907323743,0.0,0.0,0.0,0.0,0.0,-0.684023787,6.0,2.5661702249,0.0726240369,-0.035147416,0.0420175471,4.9436482764,-0.050958596,-5655.416071,0.0232852488,10.289265851,-3.6572e-05,-0.174246708,-0.234278267,-0.083173434,0.83430138,-18.76666667,0.0,-0.198795181,-0.533701261,-0.101004444,3.0,11.484665513,1.5268950526,0.0,0.0914332345,0.0554730775,0.0892084614,0.766368987,4.050425369,3.062502e-07,2.0838769e-08,1.3651325024,1.863586749,0.1505638782,0.1278675448,0.1047718698,-0.24467985
81593,0.9017055532,0.109876226,-8.784391336,0.0,7.8033735467,0.9845630351,0.0311814546,0.3201311117,0.0545206228,-0.01822911,0.3475799428,-0.001224394,-0.085245902,0.119242724,0.0012243937,9.0,0.0773722628,0.0769230769,0.3617339312,-0.191390676,2.0062880864,0.3474178404,-0.110457617,0.0909041246,0.1214157706,0.5374498241,0.0,16.875555556,0.7434870362,11.791111111,0.7980584031,2.9934282585,0.221259715,0.020087452,0.0,0.0,1.0,0.0,0.0,0.1944444444,7.0,1.8151920224,0.084634888,0.0511090745,0.2258393781,0.1157570171,-0.192472514,-1953.156813,0.1116995972,15.016544922,0.00206849,0.0133001545,0.0925649448,-0.000970016,0.0391948663,-0.013299164,0.0,0.0179742531,-0.380462247,-0.010569762,3.0,16.034882024,2.9907630413,0.0,0.0643877313,0.0300253251,0.0425241688,0.3126336901,4.9309506676,4.84448e-10,7.334626e-09,1.6807961495,2.825075696,0.0997844686,0.0603841373,-0.245686172,0.0472491512
11775,0.4278925407,0.0778139997,1.8353714732,0.0086893435,0.2013751392,0.7014664095,0.2465730375,0.2348990707,0.6364641977,0.0042637581,0.2849826709,0.0410763468,0.3005840659,0.0544243513,0.0410763468,34.0,0.1133774696,0.1666666667,0.2649606452,0.2050872575,-0.023437204,0.1111728692,-0.227592117,0.1709936889,0.2126553822,0.663027598,0.0,3.5710111216,-0.02937738,2.3598822418,-0.143870739,3.1260438847,10.538985712,0.5044565138,0.0,0.0,0.0,0.0,0.0,0.9187542978,4.0,-0.922626289,0.0245921231,-0.558225739,0.284807453,-2.168982796,0.1728891437,-17770.98936,0.0740556467,13.437554819,-0.003719603,0.0105035677,0.015312033,0.0014735768,0.3565959302,0.0383353567,0.0,-0.006710775,1.5312235895,-0.017421002,6.0,13.319086821,0.8311383929,0.0,0.0264467709,0.0185278248,0.0309455204,0.2479375539,1.131349874,4.7790803e-09,2.3984572e-08,0.8430835196,0.710789821,0.1515343759,0.0390150017,-0.026679731,-0.091892872
75233,-0.369316769,0.0520300716,3.9910811125,0.070051204,1.121405973,0.8627845281,0.344002188,-0.107422219,0.4337391344,0.0353850829,-0.085388143,-0.122597242,-1.878768641,0.1497825386,0.1225972425,34.0,-0.000854485,-0.100846262,0.0610566248,0.0279237653,-0.017419331,0.078932051,-0.249669553,-0.002047055,-0.037605184,0.5250997686,0.0,2.3433386866,0.5853412614,1.9990399379,0.5815735104,3.08968306,32.623560542,0.0527363224,0.0,0.0,1.0,0.0,0.0,-0.769219098,6.0,-0.406117728,0.2790263999,-0.153524371,15.76522504,0.6299918679,0.0706235823,-285.1826309,0.1000073361,14.48702595,-0.000725583,0.0199896149,-0.050523187,-0.119937203,0.4497551365,0.0403267578,0.0,-0.004705882,1.3899872487,0.1358508877,6.0,14.80840333,1.2685891561,0.0,0.0365448147,0.0185055704,0.0269836275,0.321738216,2.3519725217,1.2588935e-09,1.6133179e-08,0.6971890707,0.4860726003,0.1842117171,0.0526292726,0.4689932591,0.1750913885
75186,0.4844925662,0.0330734574,-4.808934064,0.0129927859,4.9419605195,0.1213963309,0.011280073,0.8673457934,0.0193398071,0.4626860332,0.8105817968,-0.008429279,-1.076993028,0.0686933404,0.0084292788,34.0,0.1223118156,0.6243654822,0.0274925753,-1.173182121,0.0050115104,0.1581151832,0.2255059332,0.4040183934,1.5499683411,0.6265050008,0.0,1.1100427441,0.0016320689,0.3903595787,0.1065376097,0.133436918,0.1307201537,0.0102011346,0.0,0.0,0.0,0.0,0.0,0.2835056986,6.0,1.9666523941,0.0184641802,0.4173445392,2.3631047405,-0.462327206,0.4834675444,88854.584004,0.0642007103,18.6060295,0.0007010767,0.0026560749,0.026562228,0.015669276,0.1261184301,-0.061942104,1.0,0.0005491488,0.265515689,0.0555174313,3.0,18.836634222,0.9802220477,0.0,0.0469589382,0.0293704617,0.037504212,0.3677670688,2.4635755391,2.594353e-11,1.949248e-08,0.8964270201,0.8035814023,0.0118991377,0.0428444049,-0.358518294,0.06707331
11809,0.3218518442,0.0323487792,3.0749062103,0.0,0.6693421778,0.7543011171,0.0578226134,0.0055041442,0.2378354422,-0.018369834,-0.017302017,-0.071782714,-2.193463219,0.1033046366,0.0717827141,34.0,0.0013965301,-0.027777778,-0.078569189,-0.030286864,0.0325624197,0.1814030349,0.0214213811,0.0242135129,0.0564949327,0.4998392834,0.0,2.3983871602,0.2328279902,2.0517712157,0.2455954256,5.5067045212,4.7122696582,0.1559063147,0.0,0.0,1.0,0.0,0.0,0.709286328,7.0,0.7228257579,-0.051198606,-0.031786058,-0.117893752,-0.193916854,-0.080298979,-7351.061258,0.0260918659,15.572410168,0.0019222213,0.0153051571,0.046427074,0.0304579259,0.16340334,-0.014149437,0.0,0.0013478386,1.2517320629,-0.089043274,4.0,16.5245394,1.8338722518,0.0,0.0172878578,0.0121773261,0.0233521323,0.4995901939,3.4730749994,3.155395e-10,1.5639211e-08,1.4219157902,2.0218445145,0.0170388224,0.0338966879,-0.332683376,0.1163368332
11731,0.3436719057,0.041519031,5.1895590844,0.0104845144,0.3074566173,0.3792761309,0.1426532835,0.0512545036,0.2966694882,0.0010523709,-0.053918793,-0.027552786,-0.422602927,0.059065095,0.0275527857,34.0,0.0101372084,-0.130434783,-0.145638307,-0.243644352,0.0907815372,0.1559303059,0.0675482775,0.0594118972,0.1680060915,0.5071297434,0.0,3.7580673048,0.2320714144,3.179233272,0.2318606032,3.732077442,2.7422674762,0.2281258532,0.0,0.0,1.0,0.0,0.0,0.6021343012,6.0,0.0260453103,-0.026596922,-0.065203706,-0.520369494,-0.200771725,-0.072993753,695.7656325,0.5623720727,14.724228061,0.0021486665,0.020215637,0.0357109383,0.0082129181,0.1858258729,-0.042838474,0.0,0.0020814362,0.0528626875,0.0106281501,5.0,14.935651092,1.1654074074,0.0,0.0514263324,0.0257780848,0.025748312,0.2221844397,1.8323226294,9.174272e-10,1.7261716e-08,1.505033294,2.265125216,0.0374652799,0.0405933518,0.0664693523,-0.192209948
11825,0.3958832444,0.0346899278,5.390529661,0.0,0.0857158996,0.423607396,0.0827584024,0.0980316533,0.4534084492,0.0195667365,-0.006094571,-0.002836228,-0.037617555,0.0359948781,0.0028362276,34.0,0.0615960345,0.0578034682,0.1831496887,0.2655854025,-0.003413469,0.3229166667,-0.006466328,0.0773288888,0.1235169056,0.5178151438,0.0,4.9846991458,0.1350826034,3.0818548766,0.0459428776,4.24437046,4.7578883083,0.5363454309,0.0,0.0,0.0,0.0,0.0,0.5643817296,7.0,51.990934003,0.205100247,-0.023102302,0.5932827899,-0.798053784,4.1494932615,-7357.104301,0.0357482652,12.657159854,0.0012723263,0.0527629626,0.0679690045,0.0265238733,0.188979368,0.0069566246,2.0,0.0059021922,1.1932924802,0.1462760177,6.0,12.769745381,1.4452548172,0.0,0.1028062478,0.0421573958,0.0574910758,0.7329312014,12.618503943,1.2646516e-08,9.6099277e-09,1.1884256081,1.4123554259,0.1748802784,0.071157514,-0.250272827,-0.145662284
11803,0.2360282431,0.0097652509,2.9296673338,0.0,0.2776853981,0.1466342138,0.0568024833,1.4811296215,0.6257611407,0.0569889899,3.2203023758,-0.09973049,-3.680496365,0.0457062212,0.0997304903,34.0,0.0,0.2444444444,0.1824795183,0.1881047888,-0.001407906,0.8337839098,-0.053477337,0.0053265072,0.4581490136,0.4762899905,0.0,5.2043153358,0.5067435076,5.2043153358,0.5067435076,0.66788018,5.792331496,0.1283068081,0.0,0.0,0.0,0.0,0.0,0.7616357766,4.0,12.953060753,-0.249755012,-0.071163148,0.2585630117,-8.717935256,0.2934706978,-13219.54997,0.0371991411,13.113031962,-0.002944063,0.0042779559,0.0095849865,0.003222851,0.4273814431,-0.03588382,0.0,0.0010810811,0.3293753252,-0.021990106,6.0,13.716427105,1.6168399215,0.0,0.0301857851,0.0353839562,0.0447720589,0.5282672418,10.733964388,3.5949591e-09,1.0200433e-08,1.0978175149,1.205203296,0.0472315223,0.0594260523,-0.568426331,-0.054879185
88197,1.1737733718,0.0862140767,-12.14859684,0.0449582876,11.277901905,0.4708100172,0.0216620507,0.1837103926,0.0357156891,-0.011375123,0.1916735094,0.0009855883,0.1322848798,0.0748092579,0.0009855883,33.0,0.0018163834,-0.057142857,-0.0664448,-0.183354973,0.0062697899,0.0929089314,0.0750836872,0.000744173,0.0349136871,0.593688604,0.0,0.9865610049,-0.004420756,0.9823351244,-0.006110119,0.5261657986,0.0522070983,0.0096826408,0.0,0.0,0.0,0.0,0.0,0.3337387967,3.0,0.0031587297,-0.002451556,-0.072214087,0.0666061905,-0.975931386,-0.078561317,-4810.518642,0.0256085935,14.706962765,0.0001855282,0.0028981846,0.0280672777,0.0017225896,0.0936313414,-0.006404024,1.0,0.0078534031,-0.049213277,0.0625144017,2.0,15.474787643,1.5168433319,0.0,0.0331457593,0.0168219622,0.0259571897,0.2884876748,2.2448593837,6.8452e-10,1.460794e-08,0.9920532158,0.9841695829,0.0488991492,0.0384368206,0.0020383642,0.0732063074
85789,0.9435769761,0.0810336922,-50.0591065,0.0305432253,7.5538907045,0.4036554595,0.0221799253,0.1438597348,0.0447199906,-0.018770988,0.1574056738,6.68679e-05,0.0066169409,0.080497497,6.68679e-05,30.0,0.0084798589,-0.020669082,0.0760675689,0.0182719826,-0.062779798,0.0853571899,0.0620257691,0.0103840024,0.0546021519,0.4766778191,0.0,0.7862314457,-0.111435334,0.7656498714,-0.121561748,2.721811447,0.076870525,0.0136992434,0.0,0.0,0.0,0.0,0.0,0.3738969403,3.0,0.0162144942,0.002069389,-0.035740311,-0.163590205,-0.559329398,-0.072873078,-4061.336802,0.0256085935,15.345207013,-4.9882e-05,0.0026337838,0.0236922127,-0.002093912,0.0161089098,-0.025301883,0.0,-0.000335796,0.9619525135,-0.047338638,4.0,16.253757835,1.6328137429,0.0,0.0500758588,0.020630831,0.0315803182,0.2708488256,2.1312774686,5.09025e-10,1.5179314e-08,1.0229438626,1.046414146,0.084044422,0.0416821088,-0.118767636,0.0732063074
11618,0.0974881333,0.0306424906,100.07339357,0.0286557758,0.0439253023,0.2014286313,0.3061037913,0.0433695624,0.7184925919,5.39948e-05,0.085691616,-0.062514489,-0.282504947,0.0392991458,0.0625144888,34.0,-0.007444041,-0.072125023,0.0587959578,0.0215891635,-0.033984577,0.1275025516,0.0858724369,0.0233164031,0.0253601441,0.5571324438,0.0,4.0796474621,-0.095643833,1.8966867961,-0.052873764,22.984533985,7.3398752274,0.8635556683,0.0,0.0,0.0,0.0,0.0,1.0205957383,5.0,-0.034422075,0.0596735468,-0.052439278,1.1346036549,-0.382852163,0.0517795556,24352.184929,0.0624291911,17.276132427,0.0016063866,0.0584409351,0.0845251319,0.0047500077,0.0593250444,-0.005902648,3.0,0.0,0.7083448579,0.0179954967,6.0,17.695744264,1.2642415124,0.0,0.0318471342,0.0205191895,0.0267774897,0.2301397639,1.600136166,7.110822e-11,1.7337853e-08,0.6738442295,0.4540660456,0.0061737599,0.0304249555,-0.122486315,0.1631852225
84769,0.137582375,0.0307464633,17.610874518,0.0079203952,0.1756641462,0.2196989887,0.1564596757,0.13978087,0.2742730341,0.0046995636,0.1054941874,-0.033582799,-0.322918398,0.0406750619,0.033582799,30.0,0.0131444769,0.0810810811,0.045408126,-0.078526451,-0.025185262,0.2363565285,-0.080340055,0.0450094771,0.1886409289,0.3745818143,0.0,2.3828494554,0.206758889,1.7482966628,0.2852339777,4.9472987745,4.406077065,0.2299709043,0.0,0.0,0.0,0.0,0.0,0.6293181467,5.0,0.1672037115,0.0187292371,0.0434994042,-0.265879923,-0.112535938,0.0229610837,22772.556613,0.0642905452,17.570270609,0.0018121645,0.0287655144,0.0732744292,0.0113134042,0.0872632503,-0.014355831,2.0,0.0004096682,0.1633751035,-0.031163413,6.0,17.749732077,0.9890142831,0.0,0.0483181179,0.0209534198,0.0240746657,0.2865096426,1.6329709695,8.856232e-11,2.3695162e-08,1.0184065562,1.0371519137,0.0120309378,0.0217695029,-0.208753224,-0.091892872
11884,0.2802442669,0.0199887197,3.5549948365,0.0054423878,0.0981653824,0.281904284,0.1611504089,0.0739751844,0.4099721053,0.0030463618,-0.146196676,-0.031151086,-0.700541615,0.0339916497,0.0311510858,33.0,-0.010456219,-0.014925373,-0.244571235,-0.196099338,-0.008069721,0.2046080246,-0.074915764,0.001126887,0.1449367954,0.5604664341,0.0,3.8457155661,0.2374060204,2.828961941,0.286957324,1.8190835212,4.1888201557,0.2320620128,0.0,0.0,0.0,0.0,0.0,0.7218485312,5.0,1.4033817383,-0.232762846,-0.192929932,0.0363923281,6.9725777034,0.1207390127,-3834.422211,0.0232852488,14.772025433,0.0099708275,0.0345712742,0.0682606504,0.0430292095,0.2876389973,-0.193845967,1.0,0.0120369132,0.2703905359,0.0290634567,6.0,14.571185994,0.6163814309,0.0,0.022532545,0.0163405445,0.0280617064,0.3479403939,1.2606554738,1.9604031e-09,3.5865789e-08,1.3473305178,1.8152995241,0.079647148,0.045319003,-0.371912478,-0.24467985
75182,0.1940543576,0.0211603179,4.2004600599,0.025856959,0.589301289,1.1911156506,0.1152958298,0.0456313456,0.4310320506,0.0079463297,0.0504335653,-0.197236548,-7.161858974,0.1727075305,0.1972365478,34.0,0.0124655352,0.0714285714,0.0357510293,-0.135747151,0.0075027293,0.2570498915,0.1070201761,0.0440222827,0.0329431705,0.4334687547,0.0,1.168360326,0.0972875145,0.5450936805,0.6465342284,11.068221207,26.90540023,0.1136442528,0.0,0.0,1.0,0.0,0.0,1.6633589019,6.0,-1.388226595,0.1565387153,0.0680893674,-0.225367116,-0.460158273,0.2502616019,-11815.39974,0.0629453635,15.546590101,-0.004515428,0.0258552108,0.1033112583,-0.0241899,0.0649857298,0.0324379364,0.0,0.0003342805,0.9676603753,-0.069734036,7.0,16.80800186,2.6952843561,0.0,0.0350910723,0.0259847354,0.0387084233,0.4270799673,7.5884589232,2.239801e-10,8.1808159e-09,1.3827708986,1.9120553581,0.1269200351,0.0465482718,0.0057778399,-0.107827317
13643,-0.204603289,-0.337071267,1.683408848,0.0,0.9164272212,0.3834357333,-2.139238669,-0.231024287,-0.282813564,0.0049614951,0.0625765999,-0.157040532,-0.381453725,-0.208494176,0.1570405317,9.0,0.0,-0.145797599,0.2408234855,0.1486933205,-0.549382774,0.1671580979,-0.158140161,0.0044735232,-3.26553694,0.8903818849,0.0,3.0475384753,-0.315532783,3.0475384753,-0.315532783,0.6553010457,7.5258128956,-0.374670498,0.0,0.0,0.0,1.0,0.0,-5.073046784,3.0,1.9056048877,0.0862601366,-0.323802157,-0.448455228,8.3688243328,-0.121746813,-4930.955421,0.0232852488,13.053637394,0.0,-0.032257695,0.0830630675,-0.029356869,0.8197042866,-0.039116988,4.0,0.032996633,2.5228286331,0.1087394878,3.0,15.094752123,5.341982746,0.0,0.0551319979,0.031204831,0.0488811283,0.2938081496,5.8652294164,2.3506803e-09,5.3166003e-09,1.3211078226,1.745325879,0.0973612123,0.0874066219,0.0794150418,-0.24467985
75241,0.6175968214,-0.010676754,2.2067192072,0.0194316918,0.4089196691,0.3749675921,0.0490749097,0.008496355,0.1273928777,-0.006463421,0.1024755325,-0.119229162,-11.415,0.1111983904,0.1192291623,34.0,0.0009922707,-0.20232458,-0.273704891,0.0554697732,-0.101712954,0.1022811344,-0.043446246,0.0761000682,-0.045383282,0.5617043528,0.0,1.3614900315,0.5510173978,1.2439664218,0.5634139924,4.6795469687,10.048640916,0.1997535597,0.0,0.0,1.0,1.0,0.0,0.1893720604,3.0,9.0713920136,0.0460192513,-0.11418887,8.2304977337,-4.074708098,-3.141692635,16974.131438,0.0340789314,17.849100432,0.0161247826,0.0284090909,0.0461613217,0.0763615038,0.016698181,-1.685701672,2.0,0.0015014113,0.0710606132,-0.021439719,6.0,18.95789626,2.1320636967,0.0,0.0397724994,0.0212777526,0.0329230543,0.2299177271,1.9704594587,4.220174e-11,1.477631e-08,1.1778991726,1.3874464609,0.0068159857,0.0516689669,0.053820205,0.818494895
75320,1.6712511461,0.0867641153,-2.842086553,0.0,1.9872392341,1.5295490539,0.0028701268,0.1858157766,0.2748652621,0.0,0.3302054273,-0.112972822,-4.401746725,0.4686777755,0.1129728215,33.0,-0.001793219,-0.036363636,0.0037294878,-0.059717482,-0.001048523,0.2014749263,-0.1082869,0.061244488,0.0509888015,0.4121947113,0.0,3.0114810563,0.4358619149,2.8438576349,0.5116181617,3.1197836167,3.5948352627,0.1985198084,0.0,0.0,1.0,0.0,0.0,0.5079818918,5.0,0.6026780581,-0.021281558,-0.252091097,6.1803122879,0.573415217,-1.283462702,-14204.33678,0.0456208962,14.230266186,0.0011982571,0.0033266129,0.0073284477,-0.004001667,0.0259266562,0.0441885596,0.0,-0.003135779,0.2038672505,0.0226409659,7.0,13.660440787,0.4406619475,0.0,0.0387032777,0.0222838115,0.0293572813,0.2757126883,0.6500462445,4.5726638e-09,5.0968328e-08,0.7674002404,0.588903129,0.0401621933,0.0460637636,0.0457529895,-0.071440083
75285,0.4871339677,0.0047496061,-1.856076906,0.0257636195,1.3719177282,3.5923386124,0.0474930632,0.0113185455,0.3145124569,-0.052970651,0.063800814,-0.098382924,-38.34453782,0.1868710559,0.0983829237,33.0,0.0,-0.107142857,-0.137201332,-0.068797547,-0.022489309,0.142403882,0.0916401217,-0.004184826,-0.110098432,0.5752577132,0.0,1.4229849727,-0.025361175,1.4229849727,-0.025361175,11.486822794,3.6644002931,0.0150109846,0.0,0.0,0.0,0.0,0.0,1.0418155304,3.0,-2.960452209,-0.320316967,-0.321967288,0.4092647732,-28.29193422,0.1892640023,-9587.351464,0.03476008,15.389634536,0.0002905255,0.0103250761,0.0409283231,0.0946399791,0.17060398,0.0011841261,0.0,0.0001847063,0.6553176748,-0.077032043,4.0,16.161762783,1.8273606371,0.0,0.0712032393,0.0239298905,0.0314727653,0.2927044583,2.9403465416,3.899538e-10,1.1761504e-08,0.9732382985,0.9471927857,0.0153963777,0.0419297492,0.1385708699,-0.054879185
10901,0.6923613702,0.1361770924,0.1350768958,0.1095634871,0.2850080836,0.8166756484,0.2307978306,0.0721201396,0.1967615662,0.0015881419,0.1374860405,0.0194763157,0.1350837139,0.117781785,0.0194763157,35.0,0.0,0.1343283582,0.2883129339,-0.253336534,-0.054582803,0.1540189206,-0.030918938,0.0079729284,0.0473448229,0.3144531766,0.0,2.3994447529,0.1150629597,2.3994447529,0.1150629597,3.4892109691,12.659740816,0.5377272082,0.0,0.0,0.0,0.0,0.0,0.2713391373,6.0,0.0423293581,0.1666191957,-0.391586504,-0.538358433,0.8647428639,0.2336161471,-12736.80366,0.0397241163,12.782607463,0.0013045954,0.0457595941,0.0625296415,0.0398531825,0.2973526518,-0.013472283,0.0,-0.002307396,0.3274182324,0.1246765666,4.0,11.552564585,0.2342294852,0.0,0.0217955224,0.0138604282,0.0158191274,0.4865579368,0.6111095608,3.1907464e-08,9.7759317e-08,1.2577977893,1.5820552787,0.0157956221,0.0415020469,-0.050590483,0.045344153
11891,0.4176131632,-0.064021992,-0.003505898,0.0049824216,1.6209905334,0.331413405,-0.076637953,0.0772981014,0.0504591167,-0.017549508,0.1961349399,0.0140920822,0.497229253,-0.095855599,0.0140920822,33.0,-0.000413947,-0.358024691,-0.59982843,-0.00707515,-0.077416295,0.0528193794,-0.081851966,-0.026011505,-0.158211088,0.4880633655,1.0,3.2051672346,1.5523522963,3.1575943548,1.5807227886,1.0118481578,9.2193700138,0.009204762,0.0,0.0,1.0,0.0,0.0,0.1333097804,1.0,0.6934788132,0.0370266406,-0.267371473,0.3811185469,-0.532543774,-0.096631374,11228.951267,0.0633299066,16.698413758,0.0096979106,0.0365140091,0.2172837656,0.0780323389,0.1347619496,1.4138216077,5.0,0.0037079954,-0.162145723,-0.021740369,1.0,17.728936443,2.4571883244,0.0,0.0438770577,0.026063071,0.0385166343,0.2533113202,2.6002208456,1.204716e-10,1.1430711e-08,2.1435912967,4.5949836474,0.0047251982,0.0465129462,-0.287958813,0.0171249485
11955,0.1494553668,0.0300033855,54.503248185,0.01859167,0.4390401817,0.3052082356,0.0938185617,0.0577442959,0.2156219587,-0.003591578,0.0589174285,-0.066809137,-1.27473262,0.0682496797,0.0668091368,33.0,0.0006306054,0.074610245,-0.015334843,-0.146857051,-0.00029787,0.1215273026,-0.034380019,0.0992322388,0.0543293718,0.3540800136,0.0,0.9963411202,-0.495490984,0.9614410357,-0.50470742,24.232484076,5.7995426829,0.1537449488,0.0,0.0,0.0,0.0,0.0,0.7794284097,4.0,0.6988333488,-0.02487151,0.070601965,-0.290290229,-0.20345883,-0.115353936,38341.753302,0.0260918659,18.038965044,0.0016550945,0.0185280849,0.0731773667,0.0128691071,0.0066225166,-0.10936326,1.0,-0.000602571,0.9261697071,-0.057421396,4.0,18.051725346,0.9727292652,0.0,0.0525133796,0.0176439341,0.0196233915,0.3423556387,1.5899870646,4.076179e-11,2.527576e-08,0.5063012273,0.2563409328,0.0405101305,0.0263254803,-0.136560974,0.1163368332
84176,0.9308941577,0.122888448,-0.396248806,0.0132632201,2.957793319,1.4864329438,0.1025130166,0.3644774893,0.1207355744,0.0094736972,0.3877359844,-0.02941072,-0.80637389,0.2219824838,0.0294107204,33.0,0.0,-0.084745763,0.304558952,0.3087058955,1.1729809208,0.2710102152,0.6030933733,-0.027329501,0.2954890944,0.4430892884,0.0,5.842237262,2.0299617196,5.842237262,2.0299617196,1.1423456401,4.2083420182,0.0819930501,0.0,0.0,1.0,0.0,0.0,0.3752921982,6.0,0.673109871,-0.011859077,-0.300473223,5.4399552995,-0.211773458,-1.530157993,-15594.05566,0.0456208962,13.966369909,-0.00151863,0.0088942746,0.0315365916,0.0415867805,0.0161787413,-0.117851743,1.0,0.0199335548,0.2725813152,0.0260350201,3.0,14.051115713,0.8092413819,0.0,0.0190294776,0.0196831191,0.0345837166,0.3755101942,2.3022340675,2.5096572e-09,2.112974e-08,1.8072642709,3.2662041447,0.0693030387,0.0691172436,0.0246316487,-0.071440083
13969,0.5269059358,0.0742993094,-0.492265512,0.0455791948,0.823595909,0.805528346,0.1951577527,-0.002077023,0.1318839294,0.0344051447,-0.051845554,-0.078896772,-1.695381526,0.200264986,0.0788967721,8.0,0.0,0.0428571429,0.0570816039,0.17871464,0.116048015,0.1106988422,0.3771615917,-0.013031566,0.0868789142,0.4133073282,0.0,3.9832039911,0.1623926212,3.9832039911,0.1623926212,1.7277832891,11.537877978,0.1227964223,0.0,0.0,1.0,0.0,0.0,0.4261313801,8.0,2.0161064082,-0.053552259,-0.1641638,2.4055181101,-1.189351886,0.6150391899,-10759.02409,0.0642007103,12.231448765,0.002086998,0.0183614287,0.0505327452,0.041750408,0.3096584504,-0.016395777,3.0,-0.000641849,-0.351857217,0.0164105098,6.0,12.125515072,0.6596096704,0.0,0.0411086045,0.0213559062,0.0384073049,0.290525347,1.0088667101,2.397319e-08,3.219348e-08,1.0823151013,1.1714059785,0.2019477463,0.0398451925,0.1473395432,0.06707331
11752,0.3866739653,0.0388589671,1.6227298962,0.0048622029,0.3108568492,0.4056155439,0.1099688712,0.2441271863,0.2769171343,0.1396499568,-0.246241582,-0.047125636,-0.930260929,0.075007946,0.047125636,34.0,0.0129421375,-0.000348296,0.3049572891,0.2032425945,0.0575086394,0.2172883549,0.1950082371,0.0586459929,0.4256773512,0.4773206692,0.0,4.1494512664,0.5607518694,3.1957252645,0.8392546783,1.9510689167,4.7133082029,0.2049834486,1.0,0.0,1.0,1.0,0.0,0.6691453161,8.0,3.9760515817,-0.144622766,-0.178928772,0.1116330435,-3.387033902,0.1666138677,-626.2995293,0.0345323743,15.689750624,0.0004873306,0.0114337482,0.0180197796,0.0106394144,0.2394426094,-0.011179445,0.0,0.0006738544,0.8620469746,-0.003808052,5.0,16.807494853,2.4899818706,0.0,0.0323115289,0.01955461,0.0341141516,0.1950568686,2.5082201654,2.219455e-10,9.2653417e-09,1.1377839579,1.2945523348,0.0364637337,0.0527512876,0.1103172458,-0.145662284
81774,0.2681803277,0.0157892684,1.5077677144,0.0,0.6188127946,0.374250471,0.0556261707,0.0327133721,0.1084809723,0.0048242591,0.0049227345,-0.058298072,-4.03672788,0.0795262481,0.0582980724,33.0,-0.004339807,-0.109090909,-0.025398133,-0.23533815,0.4816481329,0.0562411966,0.0188852174,0.0329829204,0.0942138094,0.5420862044,0.0,2.7225636523,0.1038163942,1.5832601697,0.3224054879,3.7820990943,10.055240793,0.0971881205,0.0,1.0,0.0,0.0,0.0,0.3959991396,7.0,0.5857064747,-0.003636999,-0.163155299,-0.080671614,-28.93701299,0.1134311164,36460.228768,0.0885761255,17.892901694,0.0080537239,0.0307905625,0.1164765632,0.046739501,0.1659526398,0.0500428394,6.0,0.003381494,-0.241863775,-0.030562326,5.0,19.18038909,2.5744109761,0.0,0.037580844,0.0338882313,0.041948997,0.3350210244,5.0970287756,3.083224e-11,9.6506645e-09,1.6895448808,2.8545619041,0.0187158062,0.0519045472,0.0791245947,-0.017140666
75573,1.2176684732,-0.206615023,-3.661269959,0.008420048,2.3822258747,6.2891281248,0.0457651688,-0.23977568,0.3139105458,-0.85100486,-0.28415726,-0.124951434,-2.520376176,0.3141325582,0.1249514337,33.0,-0.015852048,-0.075,-0.088006011,0.5277065346,-0.041686822,0.1082474227,0.1100667071,-0.056763781,-0.134836631,0.471929651,0.0,1.1251791687,0.0099519431,0.6808408982,-0.12773427,13.319615912,15.388272583,-0.029491833,0.0,0.0,1.0,0.0,0.0,1.0368154625,5.0,-0.115093305,0.0144361728,-0.075972395,1.1809600416,-1.206979431,0.1884943349,-22416.6354,0.2560171468,14.565485443,-0.006440383,0.0135738193,0.0396523628,-0.080239128,0.1407213605,-0.031647784,1.0,0.0042330677,-0.163497716,0.0058312849,2.0,15.145468268,1.5557384935,0.0,0.0353547074,0.0201469222,0.0333197487,0.2923594213,2.4022471686,8.59615e-10,1.3022949e-08,1.1925912924,1.4222739907,-0.053414491,0.0701500544,-0.07722243,-0.215279818
84387,0.8358986115,0.0726601389,-6.358634713,0.0,0.6369531045,1.9787407023,0.0551131822,-0.076952249,0.2514193613,0.0130743844,-0.245615514,-0.11599877,-2.449357012,0.2506307594,0.1159987704,31.0,-0.019268359,-0.112026359,-0.217855007,-0.057166062,0.6425753157,0.13810119,0.1402613054,-0.00769634,0.1125956459,0.4642216086,0.0,1.5690512571,1.1484661999,1.0589804139,1.2451145341,53.826192205,7.3715687575,0.2255490941,0.0,0.0,1.0,0.0,1.0,0.48556132,6.0,0.0464513605,-0.151062015,-0.100385797,0.3830688174,-1.968397393,0.134926812,-9981.791457,0.281925686,11.373893256,0.002091954,-0.017576819,-0.032437832,0.2273329927,0.0034270621,-0.004893433,0.0,-0.071531965,3.8366794251,-0.112679927,2.0,10.573649608,0.2629987908,0.0,0.0320841335,0.0183407175,0.0265552059,0.7870332806,0.9321177746,3.9469311e-07,1.1318512e-07,1.2972530343,1.6828654349,0.4126074154,0.11871561,-0.090000804,-0.031359609
17743,0.5343094629,0.0449296306,-5.109661811,0.0071243779,1.8864497925,0.6811090533,0.0292138763,0.0736949089,0.0323865608,-0.030461475,0.0855553053,-0.039312554,-2.046499708,0.1368781065,0.0393125537,34.0,0.0,0.0002669158,0.0270228451,-0.083409845,-0.128573209,0.0929162737,0.0589048269,-0.001688822,0.038825575,0.2387094085,0.0,18.872762388,0.0927544923,18.872762388,0.0927544923,2.9643143901,1.5098014413,0.0272703474,0.0,0.0,1.0,0.0,0.0,0.1172607659,4.0,0.0259201418,0.0114175417,-0.525647946,-0.69641034,-0.658660698,0.2527124686,-1215.143164,0.0397241163,16.728026161,0.000386887,0.0086242562,0.0397211975,0.0257926349,0.0928652439,0.006608419,2.0,0.0027329872,0.1095797007,0.0609792862,6.0,16.579781273,0.978599234,0.0,0.0267341938,0.0151570116,0.0214767807,0.4097673395,3.7324137386,1.109037e-10,1.6155018e-08,0.9386436591,0.8810519188,0.0409987624,0.0311196719,0.2630548209,0.045344153
12226,0.3297737668,0.0506804101,21.734833349,0.0102830546,0.1307038292,0.4968438836,0.1695548681,0.1363248883,0.3519654554,-0.006577402,0.1364892467,-0.037465248,-0.319990086,0.0668976389,0.0374652482,32.0,0.0118402953,0.0557184751,0.0903554839,-0.268631109,0.1983828254,0.0945071932,0.1017862885,0.0077899051,0.1362621191,0.5807739535,1.0,4.1681449118,-0.110847343,1.5239738229,0.2667276863,18.258748038,6.9431064144,0.5450455517,0.0,0.0,1.0,0.0,0.0,0.4805661357,5.0,-0.111129171,0.0146255582,-11.02438348,0.1770403969,-1.434034245,0.0254940528,-15560.83513,0.0426379215,14.512640507,0.0133021512,0.0235394564,0.0402238627,0.0515065709,0.015884529,-0.092700983,5.0,0.0105990783,2.8311224654,0.1233339943,6.0,14.438912507,0.9822311168,0.0,0.0490085445,0.0226659744,0.0343587643,0.3965397414,2.7002179007,1.4750923e-09,1.7926615e-08,1.0460856972,1.0942952859,0.0351455299,0.0553227343,0.3543578367,-0.010149049
78664,0.331095309,-0.1149924,8.47267511,0.0,0.2324015829,0.4283484978,-0.053307904,-0.091980548,0.3118645579,0.0555801218,0.030386891,-0.168106691,-0.865495942,-0.015466944,0.1681066915,33.0,0.0072203572,-0.192961165,-0.114218225,-0.158511147,-0.118967393,0.3565770794,-0.079524352,0.0232871554,-0.175111412,0.3913016336,0.0,2.0344562681,-0.111549344,1.3705571046,-0.147721671,7.4288761498,4.877203424,-0.353797243,0.0,0.0,1.0,0.0,0.0,0.4737656538,2.0,-0.049732967,0.0659005139,-0.193864304,-0.125395381,-0.500365685,-0.067691371,-7328.737005,0.0376507894,14.20636076,0.004423978,0.1402619349,0.6272916091,0.00577396,0.500199482,0.0109691786,1.0,0.0010881393,2.115928837,-0.079462113,4.0,15.906106338,2.7424872401,0.0,0.0428062566,0.0331398101,0.0524857385,0.3736208985,5.2740544494,1.6477353e-09,9.8157935e-09,2.5343346167,6.4228519496,-0.060620502,0.1248925655,-0.904636259,-0.028114825
12062,0.4716134762,0.0784082535,4.5089529073,0.0,0.5387096977,0.7052006374,0.1623901507,0.1122273694,0.2968736147,0.0030864198,0.0221812167,-0.030389762,-0.372212583,0.107592792,0.0303897623,33.0,0.0093656295,0.1138461538,0.2112282342,-0.278230118,0.2877924709,0.2223685616,0.0727796569,0.0298064988,0.2369102683,0.2596758072,0.0,1.6649017379,0.4831765851,1.527432191,0.4823878724,10.596229558,4.6394947955,0.2062163721,0.0,0.0,0.0,0.0,0.0,0.6805999736,8.0,4.1097715123,0.2042527683,0.0736251766,1.5212226096,-1.534581571,0.3039412103,15281.857333,0.3461731473,16.924050362,-0.003361865,0.0287651038,0.0573249651,0.0061753689,0.0984832147,-0.008684896,1.0,0.0079945992,0.2863231262,0.0123479748,6.0,17.750083106,2.0333812713,0.0,0.0264648497,0.0210467894,0.0254382798,0.4165086085,4.8003110182,6.624147e-11,1.163045e-08,1.0144881632,1.0291862333,0.0112338153,0.0387094361,-0.242395902,-0.094679308
80926,1.3588749113,-1.45860494,-41.6485254,0.0,6.9794868184,1.9745620097,-0.572512937,-0.393611364,-0.265544825,-0.85100486,-0.08048888,-0.477587119,-1.220938728,0.9016014033,0.535295845,33.0,0.0,-0.362105263,0.5384009458,0.9029235584,-5.122966626,0.1160068509,2.2533364792,0.0541860706,-0.779418535,0.5345065093,0.0,0.4037516749,-0.128925953,0.3588133766,-0.128925953,51.054902155,7.7616614955,-0.538602481,0.0,1.0,1.0,0.0,0.0,-0.649481837,3.0,6.6245564154,0.2609515248,-0.273969552,8.9717758237,-3.619321109,-2.183042835,-1234.925652,0.0340789314,14.963800683,0.0004893322,0.0378106004,0.2269968625,0.1160635466,0.0007893025,0.6918916128,5.0,0.010798696,-0.034814832,0.0256210612,3.0,17.163958901,6.7790079429,0.0,0.0565334484,0.0366793649,0.0590554726,0.246651661,7.1537093161,2.981472e-10,3.6503579e-09,2.6581566749,7.0657969084,0.0635152796,0.1395316891,-0.392417324,0.818494895
12209,0.555026177,0.0382858369,3.4420439061,0.0,0.1565431111,1.2085862623,0.0939723453,0.05408251,0.526786811,-0.006747295,-0.037929528,-0.053871651,-0.975556931,0.0756358505,0.0538716512,33.0,0.0091921815,0.0293159609,0.0892998228,-0.000215978,0.0974959867,0.1514046651,0.0437759595,0.0273044729,0.0833044323,0.4812059465,0.0,2.8494254235,0.413358941,2.0284326502,0.5082973473,12.87231895,12.700858957,0.4802048161,0.0,0.0,1.0,0.0,0.0,0.6913597373,8.0,-0.079349315,0.172008044,-11.050786,0.4022928072,-1.002960678,0.0342322644,-16272.48445,0.0426379215,11.388361706,-0.003956859,0.0075420706,0.0095990401,0.040654357,0.1424225192,0.0032923963,0.0,-0.015572215,2.3496751231,-0.027919004,5.0,11.30097031,0.3813627038,0.0,0.0765586495,0.0382850282,0.0463512191,0.9378304446,0.4962275086,9.8668817e-07,2.2696698e-07,0.935596038,0.8753399464,-0.141681199,0.0993529039,-0.040898936,-0.010149049
36346,0.8667564459,0.0795923128,-25.23004316,0.0282844596,6.2410930585,0.3586086352,0.0212760751,0.1047347819,0.0443481706,-0.004704222,0.1059207085,-0.010482103,-0.897086091,0.1509934697,0.0104821034,33.0,-0.001083994,0.0,-0.044496585,-0.119758638,-0.005493227,0.2042636612,0.1919500246,-0.008662078,0.0707106439,0.5670172716,0.0,0.9426356553,-0.005598277,0.940408286,-0.003868256,1.5096668546,0.0686005265,0.0180386634,0.0,0.0,0.0,0.0,0.0,0.3546011781,4.0,0.0198401863,-0.001020634,-0.015071229,-0.240410735,-1.305426378,-0.002377105,-5852.433942,0.0256085935,13.883353228,0.0004424664,0.0042083544,0.0360431235,0.0010824123,0.0800194172,0.0269305442,6.0,0.0057154953,-0.376400963,0.0361548895,6.0,13.211186654,0.3869728703,0.0,0.024236938,0.0146240872,0.0238442136,0.3439508683,0.6861773794,5.7090982e-09,5.2477628e-08,1.1081898099,1.2280846548,-0.005868657,0.0324694403,-0.119353493,0.0732063074
85269,0.8137718392,-0.061505759,-4.174908717,0.0692534941,1.3907832954,2.6019836238,-0.032801344,-0.038801426,0.0192336254,-0.002164714,0.0256639428,-0.044851285,-1.66713582,0.0410326953,0.0448512846,41.0,-0.018459267,-0.025239679,-0.414819574,-0.10091571,-0.418754723,0.05064413,0.0329039133,0.0292031784,-0.137687474,0.5386096496,0.0,1.7067758268,0.1840987865,1.0563395454,0.1627156589,18.145185632,9.8403994107,0.0056413489,0.0,0.0,1.0,0.0,0.0,0.0182543687,3.0,32.710382805,-0.514397989,0.0053349925,-0.220397946,-0.349987925,-0.093899462,-9425.870221,0.0799518023,17.636334708,0.0077708188,0.0083489613,0.0262308085,0.4658498447,0.0639593352,0.0268274373,2.0,0.006234944,0.0728182423,0.0106330626,3.0,18.583301762,2.3332598212,0.0,0.0549721159,0.0272950442,0.0379884226,0.2869462732,2.9882321779,4.038434e-11,1.010055e-08,1.5202808942,2.3112539973,-0.014687074,0.0514754001,0.4059337646,0.2073588198
92029,0.427255966,-0.058327661,7.4572989858,0.0,0.4458160968,0.563071076,0.0863714696,0.0009893519,0.1985495095,-0.031079595,0.2310286337,-0.17361245,-2.597417252,0.0931736117,0.1736124496,22.0,0.014011682,-0.085714286,0.0641853137,0.0223885104,-0.001017495,0.1711014851,-0.047417065,0.076909533,-0.162341573,0.3286509616,0.0,2.5645455208,-0.292215215,1.475690648,-0.413454832,10.412035159,6.7892602063,-0.054287912,0.0,0.0,1.0,0.0,0.0,0.3185037564,3.0,-0.293491687,0.0659512987,-0.392240495,-0.195763722,-13.07140441,-0.003449824,-1711.448815,0.0553124103,14.042887009,0.0179912972,0.0157355717,0.0327811245,0.0165612699,0.1088487276,-0.073446853,1.0,-0.00092707,-0.098676664,-0.040345255,4.0,13.450612113,0.4338863396,0.0,0.0418118387,0.0198697635,0.0329828215,0.3167624642,0.8848715164,5.4793764e-09,4.8935962e-08,0.9238342553,0.8534697313,0.0194267022,0.0322232423,-0.159492204,-0.010696088
75591,0.1678759244,0.024966442,11.556880288,0.0100032177,0.1238529241,0.1554146445,0.1588059818,0.1574462127,0.2923575583,-0.00166912,0.2085461697,-0.046545402,-0.506898231,0.0376218873,0.0465454024,32.0,-0.000864576,-0.048931308,-0.057295176,-0.040392974,-0.017563981,0.2062322932,-0.027025464,0.0168121341,0.1223800155,0.3648585209,0.0,4.1528574794,0.1781823037,3.4263716051,0.2667845663,2.2923855414,8.0220982036,0.2693757656,0.0,0.0,0.0,0.0,0.0,0.4728995608,4.0,0.0977072824,-0.000199779,-0.049834447,-0.288614766,-0.056746309,-0.014602539,6501.7908345,0.0376507894,16.485945538,0.0042398763,0.0241986353,0.0433037164,0.0083074903,0.1661311928,0.0012859938,1.0,9.66417e-05,0.3771191549,0.0052565521,5.0,16.811383171,1.3631906253,0.0,0.0283649322,0.0176213149,0.0246049901,0.4099145225,2.7566504705,1.805619e-10,1.7623211e-08,0.7521448373,0.5657218563,0.0632805559,0.0243323202,-0.14493506,-0.028114825
76573,0.3875345399,0.0695960136,6.1596062794,0.0114098287,0.3629691572,1.1964344677,0.1765029267,0.1149780443,0.3150261864,0.0024232208,0.0263881129,-0.072826148,-0.756883858,0.1222721128,0.0728261484,46.0,0.0157923344,0.0086623691,-0.01340113,-0.337873333,0.1067566736,0.1104852996,0.0094111706,0.0504237968,0.2071229649,0.5052811056,0.0,2.4300839411,-0.179359968,1.5026336477,-0.123529485,18.841726053,6.7072122216,0.2566796072,0.0,0.0,0.0,0.0,0.0,0.6408585975,6.0,-0.037385104,0.0067771123,-0.126296982,-0.518834641,0.4154084123,-0.08087447,-1400.876869,0.0894515012,14.940861344,0.0315342406,0.0955496058,0.1807942342,0.1540161084,0.0625083524,-0.027978791,3.0,0.0544052298,0.4255183747,0.0816447339,6.0,15.351341904,1.3634079047,0.0,0.0735798851,0.029372718,0.0333163528,0.2078102162,1.1707450654,9.952731e-10,1.7624585e-08,1.2781779353,1.6337388343,0.0276454492,0.0346147674,-0.144714029,0.2323533244
11203,1.1303796421,-0.035683008,-8.221694447,0.0313957702,5.6776216359,1.2326797253,-0.00160203,-0.004631699,-0.00028532,0.0090745157,-0.014358669,-0.012011268,-2.329020333,0.0474234428,0.0120112677,35.0,0.0,-0.012951602,-0.051608647,-0.024137127,-0.993301533,0.1186440678,0.0555230859,-0.000922536,-0.037785638,0.3621278832,0.0,4.981797138,0.1761150952,4.981797138,0.1761150952,1.8302810694,0.5032582938,-0.003333064,0.0,0.0,0.0,0.0,0.0,-0.016787379,4.0,0.0223302578,0.0059824941,-0.538866464,-0.100340161,-0.614449779,0.1632578049,-11510.15186,0.0397241163,14.216464957,0.0008570657,0.0021604313,0.0118025186,0.0280135761,0.0954069651,0.0192643684,0.0,0.0080428954,0.1889713778,0.0679285596,4.0,15.126553187,1.8077121117,0.0,0.077236779,0.0233697434,0.0308468887,0.5103852231,3.8851502501,1.9124381e-09,1.88365e-08,1.0382711995,1.0780070838,-0.025503464,0.0461207398,-0.281338045,0.045344153
75694,0.0891095692,0.0080051867,67.687767432,0.002829096,0.0394371607,0.05308087,0.158032069,0.1160826972,0.3413892066,0.0130548982,0.0701209938,-0.098707251,-1.508111958,0.0200779044,0.0987072508,33.0,0.0063376549,0.1304347826,0.2603808629,0.0738938471,0.0230554684,0.3114456185,-0.065350709,0.0330791891,0.1316102323,0.2430876353,0.0,3.3529852118,-0.313414293,2.586338683,-0.339634499,4.0207986042,6.403906868,0.3410112695,0.0,0.0,0.0,0.0,0.0,0.4910577241,6.0,-10.61438384,0.0350481044,-0.188139647,-0.266010668,-2.256624834,0.1626544575,11714.345698,0.02204135,16.517393015,-0.003673477,0.030762847,0.0445401738,0.002812325,0.1035425716,-0.03924343,1.0,5.67513e-05,0.1659792738,-0.036726238,6.0,16.727265608,1.2642945744,0.0,0.0355826393,0.0210075749,0.0328790788,0.366219354,2.0640187915,1.995335e-10,1.845908e-08,0.7843800215,0.6152520181,0.166420947,0.0405769683,-0.500545468,-0.24467985
63467,0.279806331,0.0358109216,5.153717575,0.0074972314,0.3884760882,0.1947776864,0.0877822425,0.1762695202,0.0921577458,0.0047895475,0.2199456436,-0.029074622,-0.501919943,0.0537851373,0.0290746217,37.0,0.0,0.1044332044,0.0924699781,-0.04871897,0.0752158829,0.0677019322,-0.037494609,0.009803982,0.120570257,0.2581756734,0.0,1.2565024261,0.0301422954,1.2565024261,0.0301422954,2.0254842677,2.2869835664,0.1068569527,0.0,0.0,0.0,0.0,0.0,0.1920822117,6.0,-0.009105943,0.0794736939,-1.103314305,0.0499007193,5.6524093564,-0.00349516,2200.4489074,0.1719954965,16.680444924,0.0029090276,0.0156396284,0.0370891855,0.0061518355,0.1495787901,0.0018477458,1.0,0.0009017133,-0.5266319,-0.025866779,4.0,17.291961539,1.3016087263,0.0,0.0163807385,0.0193248255,0.0243846899,0.3185085403,2.3472165072,1.144895e-10,1.9417409e-08,0.7885602055,0.6218271976,0.0045421568,0.0279424199,-0.205559868,0.0946339185
75649,0.1951830565,-0.03012715,16.276456188,0.1143489518,0.7263143558,1.3517932303,0.3028881326,-0.277545786,0.2723091257,0.0027573805,0.2080739702,-0.14859988,-5.418285511,0.1331103522,0.1485998804,32.0,-0.024346293,-0.2,-0.223238766,-0.021515647,0.1943407921,0.1448445082,0.1489285211,-0.340318584,-0.710536723,0.4070915357,0.0,1.3387731613,-0.124534362,0.8667585541,-0.12928959,63.759074793,8.47364642,0.0259203434,0.0,0.0,1.0,0.0,0.0,0.5079748055,4.0,-0.125930588,-0.012372378,-0.334959351,-0.711186124,-0.571302139,-0.070036231,-2846.469539,0.0894515012,12.864547616,0.0138291875,0.0116336611,0.0434630947,0.061215469,0.0554252758,-0.007700543,0.0,0.0564904829,0.0248517303,0.0137144546,5.0,13.170754033,0.8857019073,0.0,0.0307017881,0.0196980123,0.0293959655,0.2028965589,0.7199442351,1.2437823e-08,3.2102788e-08,0.9349620553,0.8741540448,-0.053133605,0.0512913229,0.1283729013,0.2323533244
91279,-0.3511719,-0.331532235,2.9064077809,0.0,0.9585042289,0.161142091,-1.517224409,-0.295628069,-0.298726696,0.1679471728,-0.039944828,0.0321686623,0.0712961332,-0.355169202,0.0321686623,7.0,0.0139087519,0.931372549,1.8363152805,1.0914540942,-2.184837373,0.1681237391,0.2579018157,0.0105942751,1.579261987,0.8303776017,0.0,6.8516261011,-0.318649574,6.2439777898,-0.348056251,0.3722561145,2.9825208161,-0.337081176,0.0,0.0,1.0,1.0,0.0,2.4023003001,2.0,7.1442201989,0.1759474464,0.7533679904,-0.595023838,6.5168700338,-0.268421839,-5455.254201,0.0232852488,11.698563118,0.0,-0.101354211,0.1833197369,0.0443773108,0.6094061904,-0.015803739,0.0,0.0102880658,-0.186479587,-0.008736493,1.0,12.53772727,1.9021518995,0.0,0.0510203578,0.0428066386,0.074375669,0.6769679117,12.315712037,2.0539569e-08,7.3647771e-09,1.4251725835,2.0311168929,0.0465413039,0.1083596759,-0.215970092,-0.24467985
75607,-0.040548869,0.0564440263,9.8042060988,0.0244104194,0.5564115872,0.2072858209,0.1996303142,-0.177634131,0.2934712346,-0.015280136,-0.11184466,-0.001418842,-0.014367816,0.0572550037,0.0014188422,32.0,0.0,-0.233205898,0.0265060241,0.2827874311,-0.017168541,0.974025974,0.3745994265,-0.059082094,-3.26553694,0.1790929099,0.0,0.7200374532,-0.386833971,0.7200374532,-0.386833971,2.6876971609,17.27027027,0.1160016454,0.0,0.0,1.0,1.0,1.0,9.1062751267,4.0,-2.899281123,0.2430382951,-0.44803033,-0.118418064,-28.93701299,0.0596479502,-2267.493344,0.03476008,16.49470031,0.0055441153,0.0507235339,-0.670020121,0.0044822949,0.2288727165,0.0350894754,1.0,0.0003952569,0.8379486105,-0.018220429,5.0,17.60973382,2.0615041329,0.0,0.0166477691,0.0144547592,0.0217498116,0.2791180255,1.7421118572,1.381634e-10,1.8915171e-08,0.4918675287,0.2419336658,-0.025284411,0.0458852996,-0.195567483,-0.054879185
14663,1.5997308508,0.0243099466,-5.881049761,0.0,0.8037329169,2.3195544838,0.0157634116,0.2674692521,0.2376512597,0.1977493007,0.7981274984,-0.022560626,-1.99516441,0.072812287,0.0225606255,9.0,0.0,-0.04,-0.003222906,-0.256532258,0.0220928362,0.4131349078,-0.372636078,0.0144068637,0.1038057232,0.2115417347,0.0,1.5064589005,0.0906104933,1.5064589005,0.0906104933,13.126663119,5.6632799495,0.0868829655,0.0,0.0,1.0,0.0,0.0,0.2995587567,6.0,0.7196204662,-0.085837865,-0.04400828,1.1599852547,1.960920367,-0.110791328,-11476.75253,0.0260918659,11.555717489,0.0001891499,0.0034181979,0.005433635,0.1191537001,0.0798918387,-0.011681284,0.0,-0.001639344,2.1474624797,0.0496714003,1.0,11.341822163,0.6395125192,0.0,0.0559321903,0.0270270505,0.0400643968,0.8613165176,2.2468817223,1.5924162e-07,5.134974e-08,0.9651441791,0.9315032864,0.2398983764,0.0725621682,-0.5859784,0.1163368332
13721,0.0691361677,0.0244059766,13.79348991,0.0437679104,0.7268285941,0.2420717574,0.1102453102,0.6895584357,0.4295012063,0.1935348418,0.4130150997,-0.108244326,-2.810225303,0.0929922696,0.1082443258,9.0,0.0124916555,0.5666666667,0.3763001263,-0.248976219,-0.002910338,1.0533941071,0.7265844909,0.0529540481,-2.600097895,0.1320612692,0.0,0.8434109068,-0.680762351,0.7279229615,-0.713544919,5.3996933601,5.1897528905,0.0944559221,0.0,0.0,1.0,0.0,0.0,-4.416911405,4.0,1.280798147,-0.049420924,0.3886621081,-0.174715771,6.3893004504,0.1797396325,183387.55033,0.0232852488,19.277947544,0.0021454208,0.0214837942,0.2529238603,0.0076562715,0.0822864744,-0.004886984,1.0,0.0008343376,0.40490512,0.0585280461,7.0,19.316959002,0.935440729,0.0,0.0335312448,0.023053639,0.0312719246,0.3527639067,2.6492888831,1.133612e-11,2.1593841e-08,0.5297903536,0.2806778187,-0.053410274,0.0316085205,0.254793594,-0.24467985
13802,0.0567404578,0.0669024629,11.621998195,0.0638782477,0.2728643904,0.283059435,0.397879107,0.2338673485,0.391830072,0.1187488924,0.153135339,-0.101707869,-0.498831232,0.1002755009,0.1017078694,8.0,0.0,0.0295454545,0.1259337232,-0.113065259,0.1277546539,0.0575196652,0.1687575163,-0.005909263,0.3584294464,0.2908558225,0.0,2.2591338589,-0.463588368,2.2591338589,-0.463588368,4.5102381549,8.6935684948,0.2708070468,0.0,0.0,0.0,0.0,0.0,2.6744611769,6.0,2.0489364052,-0.026751542,-0.177475488,1.9353526321,-1.179312384,0.5150497049,-7715.061936,0.0642007103,14.575284106,0.0088735833,0.0708411282,0.3923280531,0.0262731552,0.2307084381,-0.006954752,0.0,-0.000204415,0.9797395305,-0.051121211,5.0,15.538961436,1.9661814963,0.0,0.0585980117,0.0249087906,0.0325974133,0.2338891332,2.1708469319,9.888045e-10,1.4159266e-08,1.2599074855,1.587366872,0.0001250884,0.036081642,-0.313914313,0.06707331
75654,0.0894335121,0.0124836855,33.119225356,0.0276695029,0.0381554983,0.0574649438,0.1382494545,-0.045194028,0.3387285352,0.0194270471,0.0156065821,-0.035921085,-0.375818737,0.0171752884,0.0359210847,32.0,0.0003086824,-0.093515659,0.1176847545,-0.078394559,0.0214968365,0.2604589455,0.1188751448,-0.003707445,-0.068973453,0.3082358186,0.0,4.5480320793,-0.097652688,4.0882332933,-0.099515362,2.1783284494,6.103034134,0.3793099254,0.0,0.0,0.0,0.0,0.0,0.471206969,5.0,51.858391847,0.1003306804,-0.17442143,0.2868330576,-1.359993492,4.1306736718,6590.6722986,0.0357482652,16.279355327,-0.001999015,0.0389644831,0.0551959,0.002381403,0.1916201802,0.0213101592,3.0,-0.000747943,1.7134237626,-0.13981161,5.0,16.621984434,1.0339610985,0.0,0.0227040146,0.0204660863,0.0286432765,0.3662172248,1.1937719885,4.274537e-10,3.1046254e-08,0.7342281598,0.5390909906,-0.001804573,0.0372031023,-0.245106074,-0.145662284
12073,1.3579211411,0.0405233917,-13.28565213,0.0587183208,10.239537717,0.4118401895,0.0185310318,0.0768393133,0.0313501668,-0.04255951,0.0956980882,-0.01024477,-2.838342441,0.1555426543,0.01024477,29.0,-0.008172148,-0.078781351,-0.031588996,-0.033778179,0.0477992311,0.1242621015,0.2995605228,-0.010165592,-0.044709273,0.5656325719,0.0,0.915287786,-0.10707153,0.9146490927,-0.096972931,0.52595857,0.0513714081,0.0057249679,0.0,0.0,0.0,0.0,0.0,0.2384494554,5.0,-0.090045913,-0.000816266,-0.09385258,0.2507539598,-0.899619032,0.0021720794,-1456.518342,0.0256085935,15.969828416,3.61419e-05,0.0022055329,0.0180267369,-0.005921107,0.1277409749,0.0097732611,0.0,-0.00057241,0.3066229235,0.0537471042,2.0,16.680642942,2.5480150671,0.0,0.0571281835,0.0291220891,0.0347135546,0.4794225713,8.9887676338,1.900412e-10,5.8379339e-09,1.0550100935,1.1130462974,0.0726576218,0.0444426408,0.1700596671,0.1234823876
13825,0.3474139173,-0.068708856,2.9182374735,0.0,0.0329262554,0.0844326742,-0.577220966,-0.097383015,-0.218539409,0.0080191264,0.3021016063,-0.019461079,-0.113929819,-0.060880869,0.0194610795,9.0,0.0,0.0992907801,-0.207384485,-0.872481794,2.0035155546,0.3129341093,0.3410480379,-0.003517563,-0.123251679,0.6681906762,0.0,8.8195565631,-0.51228026,8.8195565631,-0.51228026,0.3978410013,1.595798195,-2.26096311,0.0,0.0,0.0,0.0,1.0,-0.233195048,2.0,-10.9732433,-0.062362319,-0.21928365,-0.007706319,-2.593750927,0.0816956843,-4675.811822,0.02204135,14.103630458,-0.03706938,-0.054611532,-0.058662768,-4.8707e-05,0.5560779506,-0.030491488,0.0,0.0047526844,0.7064335644,-0.037744643,5.0,14.993510643,2.073110285,0.0,0.0425034948,0.0330190974,0.0475243817,0.3315684665,2.6274587544,2.0240062e-09,1.1810949e-08,0.4227618963,0.178727621,-0.528481486,0.0574232554,-0.941813271,-0.24467985
75603,0.2841481258,0.044461964,6.3985371017,0.0,0.0903397538,0.280102763,0.171384345,0.1493943844,0.4688339192,-0.010130147,0.2168956566,-0.076885664,-0.605496356,0.0713835211,0.0768856635,32.0,0.0155043787,0.0263340263,0.0687724217,0.3628411759,-0.051977005,0.1365731914,-0.320496193,0.0134798205,0.129475296,0.4505084584,0.0,3.9441926876,-0.037682644,3.1330742943,-0.012810059,2.7502254645,12.595021709,0.6382641792,0.0,0.0,0.0,0.0,0.0,0.6063235752,5.0,0.2019102656,-0.005763694,-0.011247651,-0.119314172,0.1150378736,0.0536695429,-11478.59131,0.0642905452,15.271791923,0.0030384784,0.0469105394,0.0604920202,0.0252016648,0.1773875193,-0.001894801,1.0,0.0024286582,1.4125774605,-0.001496825,6.0,15.779225777,1.7566284672,0.0,0.0464737862,0.0206169329,0.028174284,0.2392128861,1.4564494606,5.883804e-10,1.6795446e-08,0.7461900213,0.5567995478,-0.029302146,0.0488233705,-0.148007068,-0.091892872
93101,0.4677844872,0.0165970141,-0.68843348,0.0065026787,0.8988251746,1.7848858318,0.0504863639,0.0408415939,0.1344720717,-0.006353934,0.0648166526,-0.038996418,-3.183596215,0.0694352055,0.038996418,27.0,0.0110435754,0.0639853748,-0.139563762,-0.248296803,-0.13755693,0.1647794903,0.0441958994,0.0497133439,0.0270363473,0.4795574682,0.0,1.3348631985,-0.02777738,1.0588768294,-0.040316391,12.902505488,4.896443755,0.0839175964,0.0,0.0,1.0,0.0,1.0,0.3691289054,4.0,0.0686769256,0.0149846256,0.091844653,-0.231702157,-0.810459262,-0.005233348,7780.8121876,0.1460543126,15.849720175,-0.001837964,-0.001997934,-0.005540572,-0.067739386,0.084562318,0.0066632195,0.0,-0.006007157,0.537286428,0.0445426619,5.0,16.892910937,2.0549533273,0.0,0.033544831,0.0236411604,0.0360706305,0.3025425685,2.8436049824,2.661922e-10,1.2955314e-08,1.4210477975,2.0193768429,-0.002106455,0.041486687,-0.187447655,-0.280901789
75825,0.6975949629,-0.020773753,-0.308076423,0.0300337573,0.5326901483,0.3785896974,-0.007812309,-0.03555612,0.1889419546,0.0028474998,0.0012155858,-0.153912406,-9.283187114,0.1720728815,0.1539124057,32.0,-0.00378164,0.0,-0.356501827,-0.074133599,-0.124314901,0.1314152646,0.030823077,0.0519121172,-0.061866206,0.5737607657,0.0,1.6942172836,0.441578594,1.5123149478,0.5059200564,3.3097672884,7.1300245326,0.2109249396,0.0,0.0,1.0,0.0,0.0,0.3132170858,3.0,8.9634355185,0.0226198824,0.0881357107,8.3104958753,-4.07158286,-3.080818144,27344.531678,0.0340789314,18.040152427,0.0098103388,0.0296868646,0.0524400172,0.0519374786,0.1154901539,-0.044916104,5.0,0.0024915909,0.2105825639,0.0257284004,6.0,18.817375419,1.6034815686,0.0,0.0518984757,0.0247640153,0.0362483644,0.2844838511,1.5580524037,4.603816e-11,1.8846441e-08,1.2193433824,1.4867982841,0.0372403343,0.0590045337,0.0336396406,0.818494895
13766,0.4540481687,0.093381509,1.0841374309,0.0423431902,0.5950017926,2.9217713791,0.2292909989,0.1608449754,0.5543959876,0.0055148002,0.1238864903,-0.065337385,-0.683150549,0.1571751382,0.065337385,8.0,0.0032161186,0.0049916805,0.1790570021,-0.509437511,0.2063447227,0.1418450884,0.0181815708,0.0435143098,0.2131222107,0.6424221073,0.0,2.4978053519,-0.059768355,1.5369693245,0.1267268649,13.505380111,13.997381965,0.2421976895,0.0,0.0,1.0,0.0,0.0,1.2977314531,7.0,-0.023731681,0.2594440751,0.0246774249,1.4911636903,-0.104861006,0.1696555481,-1810.240071,0.0624291911,14.907905,-0.001687028,0.0346368567,0.0754283505,0.1366585298,0.3040089014,0.0055224561,0.0,-0.001111523,1.0854273564,0.1296716295,4.0,15.667107248,2.3561403064,0.0,0.064767234,0.0322979805,0.0442298741,0.2535375115,2.2525273921,1.2473397e-09,1.3034987e-08,1.4421847142,2.0798967498,-0.005437386,0.0471200778,0.5165401821,0.1631852225
14670,0.4565888853,0.0780200178,-4.379040007,0.0179810124,5.0334881173,0.1928486587,0.0294273802,0.3336071482,0.0364027304,0.0059674772,0.349764484,-0.002080525,-0.128095348,0.0880140191,0.002080525,7.0,0.0006160829,-0.023762376,0.0104945936,-0.155532001,0.1166036697,0.0627168646,0.1075112722,0.0002307868,0.1783134247,0.6912078368,0.0,1.0635898708,0.0229037351,1.0614925794,0.0227794128,0.1895341933,0.0500299245,0.0182382851,0.0,0.0,0.0,0.0,0.0,0.3867569878,6.0,0.0821253686,-0.002987561,-0.038833606,-0.650578296,-0.597779924,-0.065356556,-4702.206882,0.0256085935,15.287966611,4.14221e-05,0.003974993,0.0489371579,0.0018922038,0.3043704016,-0.125921779,1.0,0.0001285347,-0.247804224,0.0462141135,5.0,15.345975883,0.8162952048,0.0,0.0402765125,0.0208769536,0.0284352193,0.3112596965,1.582303936,8.084699e-10,2.5590897e-08,0.9432503069,0.8897211415,0.0929912001,0.0325105031,-0.271681188,0.0732063074
75854,0.061583861,0.0075920327,31.476134304,0.0,0.0473604941,0.0653793968,0.1135363195,0.1111915375,0.4200968602,0.0175750469,0.0396789951,-0.068563707,-0.934651418,0.0146879368,0.0685637068,32.0,0.0148891364,-0.001338688,0.0099655277,0.0141365688,0.0197600454,0.2647467822,-0.340353881,-0.0100749,0.1732532908,0.4425173887,0.0,4.1871166798,0.5926296531,3.3769048425,0.6248699179,2.2383344668,5.8143378163,0.2198804477,0.0,0.0,1.0,0.0,0.0,0.7733772001,5.0,0.1761658266,0.0419212175,-0.038920365,-0.341878436,-0.273355455,-0.003026041,-10124.57087,0.0642905452,15.704220159,0.000268159,0.0385537061,0.0672992462,0.0032617945,0.2574375141,-0.021665793,6.0,0.0006187162,0.9680009468,0.1150676496,7.0,16.530624802,1.9694065155,0.0,0.0559336692,0.0351681545,0.0489359119,0.1881818234,2.2451209409,3.965094e-10,9.8290638e-09,1.1702896873,1.3695779522,0.0254898332,0.0521964506,-0.688422259,-0.091892872
13862,1.0552397627,0.0733010436,-3.164337148,0.0,1.2478587382,1.845577547,0.0447060351,0.4751159334,0.1990624296,0.2232005366,0.5349203363,-0.135530594,-3.614223686,0.3382274116,0.1355305941,8.0,0.1223118156,0.1739130435,0.2871155103,-0.07903209,-0.083316037,0.036810031,-0.1490007,0.3070063668,0.3809877898,0.498558454,0.0,29.823489749,0.0623485629,2.9312196869,0.2090154506,11.475784905,63.68720192,0.0729780856,0.0,0.0,1.0,0.0,0.0,0.3468226816,4.0,1.7971454897,0.0410854701,0.1763812395,0.4239135604,-0.297833607,0.1044342003,-1309.995411,0.1021842523,14.96370329,0.0024684573,0.0206584219,0.0467110772,0.0502890307,0.0446248737,0.0047249033,3.0,0.0034910784,0.6309232214,0.0972401313,5.0,15.773519012,2.0158170273,0.0,0.0643362403,0.0310496933,0.0442418324,0.2946020304,2.6310208241,7.955613e-10,1.1454947e-08,2.2098591291,4.8834773703,0.0582946237,0.0626311353,-0.12036743,-0.280901789
15070,0.720542654,0.0879733813,-8.265091406,0.0339163059,7.2276725338,0.3114826994,0.0254365266,0.1583911565,0.0384831712,0.0345379384,0.1636389623,-0.000432713,-0.036421976,0.0911775457,0.0004327133,28.0,-0.000326499,-0.005769231,0.0451147389,-0.039820014,0.0248787123,0.1432475281,0.2045235082,0.0001705255,0.1082564429,0.6075913698,0.0,0.91098566,-0.021790766,0.91098566,-0.021340055,0.3794157867,0.0563388077,0.0152944038,0.0,0.0,0.0,0.0,0.0,0.4061306872,4.0,0.0488601891,0.0030428049,-0.02084046,-0.386624527,-0.916916623,-0.062193029,-6411.527082,0.0256085935,13.12502401,0.0002721244,0.0033337688,0.0367925945,0.0027395906,0.1469788048,0.0374313625,0.0,-0.000395809,-0.60719834,-0.011435891,6.0,11.915192341,0.2477784021,0.0,0.0308582149,0.0122352102,0.0203333798,0.3370542602,0.3608953742,1.6427539e-08,9.8069454e-08,0.8556795054,0.732187416,0.0284892104,0.0271278311,-0.173413621,0.0732063074
15580,2.7991601235,0.2620453115,-15.18380618,0.0094875984,6.1854147793,4.6450710857,0.0445915804,0.072984911,0.0479124848,-0.002784291,0.0034525059,0.0081705337,0.2627989153,0.2133164031,0.0081705337,29.0,0.0,-0.012903226,-0.014285066,-0.253243522,2.0062880864,0.2028145695,0.1150728743,-0.001705391,0.2253356882,0.1624553971,0.0,3.7449868816,0.1149254601,3.7449868816,0.1149254601,9.145505618,3.3351202773,0.0506354949,0.0,0.0,0.0,0.0,0.0,0.1392862877,6.0,0.1112567975,-0.025784798,-0.538818088,2.2172731773,2.0867765308,0.3291507651,-12984.22476,0.0397241163,11.038627814,-0.002428874,-0.00226213,-0.00642669,0.0357206834,0.0416678009,-0.000343301,0.0,-0.033001135,-0.563491796,-0.038534542,1.0,8.611257177,0.1036071359,0.0,0.1011147276,0.0353790497,0.066527009,1.1276922819,0.8287145232,9.2342624e-07,1.6851064e-07,0.9876843278,0.9755203314,0.029123468,0.1240887441,-0.245103977,0.045344153
75556,0.9546110857,0.2620453115,-1.875178008,0.0013596752,7.9773538092,0.6168160187,0.1050174799,0.7289611056,0.1117295559,-0.005976339,0.7769403493,0.036808461,0.8833755227,0.0342547768,0.036808461,29.0,-0.018116355,-0.021978022,0.5501300739,0.4764754269,0.357201169,0.2306805075,-0.244349422,-0.023446389,0.4106617134,0.8076863814,0.0,1.0982646328,-0.023689333,1.0973845997,0.0043925303,0.1485990474,0.1453173343,0.0488337863,0.0,0.0,0.0,0.0,0.0,0.8529552808,5.0,0.1361180611,0.0119072402,-0.060162575,0.0370601169,-0.275937499,-0.122799229,-8425.94391,0.0253456805,12.56401239,0.0007192985,0.0045423983,0.0425016459,0.0136469081,0.1391988844,-0.05868836,0.0,0.0041518387,0.0470458645,-0.038096964,1.0,12.519284315,0.7848702856,0.0,0.0537634604,0.0190156129,0.0304826977,0.3902581693,1.9441396224,1.2662093e-08,2.2342839e-08,1.2693992169,1.6113743719,0.1731507082,0.0654735714,-0.044594896,0.0732063074
11628,1.0203938216,0.0695704819,-56.75428493,0.0484079749,11.288381379,0.4808432182,0.0185575216,0.0967807657,0.0338890929,-0.003747039,0.1027867207,-0.006269247,-1.060258096,0.1433331486,0.0062692474,33.0,0.0011802728,-0.037470726,-0.002199981,-0.11108729,-0.069735453,0.1114860305,0.2795287634,0.0033070156,0.0343695603,0.5553733229,0.0,0.8629220454,-0.021181163,0.8600430495,-0.022444197,2.4754821413,0.0527810354,0.0086130752,0.0,0.0,0.0,0.0,0.0,0.3855369712,3.0,-0.043841401,0.0029741849,-0.052541955,-0.08677336,2.0360664629,-0.010037426,-6339.851812,0.0256085935,13.412400407,0.0006940285,0.0028996385,0.0376542395,0.0068229862,0.0477981582,-0.03103168,4.0,0.0070093458,-0.067581469,0.0115634296,6.0,14.106624172,1.3486256291,0.0,0.039742589,0.0170157915,0.0257184316,0.2505459708,1.2768744057,3.297872e-09,1.9826746e-08,1.3628652592,1.8574017147,-0.016988305,0.0401226188,-0.142913151,0.0732063074
75831,0.6561029879,0.0143934791,1.0812902803,0.0,0.2041330252,0.4285441103,0.0417855744,0.1718405393,0.3547198505,0.1749657064,-0.064689341,-0.082488179,-4.568493151,0.0801499899,0.0824881795,32.0,-0.013319828,0.0045731707,0.1051344393,0.3666536788,0.0434712531,0.750539258,0.0049580271,-0.009712833,0.2719165545,0.359321837,0.0,4.1848288967,0.50676283,3.439659999,0.7774527955,2.0247192191,7.0563811788,0.2054136149,0.0,0.0,1.0,0.0,0.0,0.5048021534,7.0,-0.000738056,-0.096245115,-0.219760917,0.3054141984,-0.141604893,0.1735172852,-10379.45227,0.0363924557,13.574920502,-0.002833461,0.0074838798,0.0098566828,0.0082436895,0.246044185,-0.028000687,3.0,0.002378687,0.591390201,0.0942766191,5.0,13.394661421,0.8743337609,0.0,0.0376546942,0.0227214353,0.0332142366,0.339585341,1.9960117023,6.597368e-09,2.5827536e-08,1.460054985,2.1317605594,-0.028691132,0.0481919013,-0.327973366,-0.028114825
11748,1.2174901692,0.1241888223,-8.598296713,0.0407661008,3.8627414769,1.8289581669,0.0328360566,0.123421284,0.0336560486,0.0503162138,0.1158860031,-0.023664434,-0.914872669,0.2378057816,0.0236644341,28.0,0.0,0.0,-0.042280003,-0.13448581,0.1459340684,0.0585421412,-0.053776313,4.78379e-05,0.1480169218,0.2874644299,0.0,59.253559061,-0.185590319,52.180412973,-0.185590319,3.9451156421,1.3192316825,0.0340763128,0.0,0.0,0.0,0.0,0.0,0.1408597478,5.0,0.0568587671,-0.027434797,-0.525914862,-0.013229634,-0.690035063,0.3536401437,-12600.99984,0.0397241163,11.220884548,-0.002058104,-0.00298789,-0.012200154,0.0145516089,0.0588446347,0.0015534276,0.0,-0.035886818,-0.819677871,-0.031971905,5.0,5.856703805,0.0214571753,0.0,0.051454179,0.0303543245,0.0260959709,1.5923349656,0.8794153438,2.3959196e-06,4.062877e-07,0.4245215924,0.1802185824,0.3247412577,0.0476469093,0.0233956384,0.045344153
75828,0.2021724927,0.0215839766,4.3306263038,0.0025271562,0.1404892526,0.1451567553,0.1501011268,0.1958243341,0.3848992081,-0.006754203,0.4921939195,-0.089918033,-1.310633214,0.0498726532,0.0899180328,32.0,0.0,0.1224489796,0.0166154958,-0.113536348,-0.021964333,0.2346521146,-0.021774951,0.0161087113,0.0507974802,0.5366247742,0.0,2.4335357625,-0.005226443,2.4335357625,-0.005226443,0.884228715,10.804222649,0.2217826135,1.0,0.0,0.0,0.0,0.0,0.5672161909,3.0,-3.339611986,0.0003456024,-0.092375452,0.1243032982,-28.36463204,0.0522655996,24180.473706,0.03476008,17.313653172,0.0068003487,0.0230877965,0.0380434783,0.0167280074,0.1514709271,-0.016455441,2.0,0.0030228471,-0.040356743,0.0052961516,6.0,17.695832229,1.470977108,0.0,0.0351543427,0.0182104635,0.0248305201,0.3286137804,2.5970642274,5.470895e-11,1.5064764e-08,0.3847252857,0.1480135455,0.3241885012,0.0328504562,-0.145515031,-0.054879185
14312,0.2158058028,-1.144687052,-3.005807041,0.0,4.6057313888,2.4602190726,-0.069170758,-0.195786838,0.1877961397,0.0123119235,-0.0082951,-0.262482087,-1.240181061,0.2749321508,0.2624820865,8.0,-0.020332144,-0.235294118,-0.258422894,-0.089771047,-0.009124335,0.5012860597,-0.053259273,0.0012872179,-0.840272971,0.2968375851,0.0,1.1252308267,-0.123997827,0.8226635086,-0.08666064,3.6674679943,6.722368524,-0.190602905,0.0,0.0,1.0,0.0,0.0,0.7168673635,2.0,-0.301129667,0.0315630202,-0.187764217,-0.421815086,-0.361907183,-0.082533371,-2315.510993,0.0984150309,14.802656808,-0.002326037,0.0513263667,0.3514839442,0.050109175,0.2014612143,0.0351773356,3.0,0.0379746835,2.0087434112,0.2494938895,2.0,16.872429473,6.8721580233,0.0,0.0132743241,0.0027166788,0.0044719216,0.300835469,12.931557186,1.924031e-11,1.8332916e-09,2.3036039607,5.3065912079,0.0802656871,0.123994321,-0.198059217,0.2310528787
23799,1.039606936,-0.03795777,-26.28793494,0.0,5.328441106,0.8251220466,-0.001292048,0.0564398924,0.0005346901,0.0057734422,0.038633762,-0.033342288,-5.444302876,0.1686958252,0.0333422882,28.0,0.0,-0.248466258,-0.025256586,-0.031179663,-0.705712273,0.1985654733,-0.636261075,0.0060156934,0.1582113333,0.0825705303,0.0,9.6314222294,-0.680762351,9.4922310649,-0.713544919,4.0720800586,2.0472084612,-0.005118948,0.0,0.0,0.0,0.0,0.0,0.0035907265,2.0,0.0066033033,0.0114609974,-0.77438112,-0.191112867,-0.857549741,0.2845301873,-12736.80006,0.0397241163,11.895440629,0.0001778416,-0.001542998,-0.010400372,0.002524316,0.033952535,-2.9189e-05,0.0,0.0165994868,2.5918946894,0.0639810869,4.0,11.399504049,0.4090756103,0.0,0.0377359279,0.0343387262,0.0407234885,0.3928399236,1.30896611,4.7504623e-08,3.8192031e-08,0.4427142178,0.1959958786,0.3881195482,0.0459855302,-0.638454002,0.045344153
11285,0.9240748068,0.0842725244,-17.1664228,0.0214640135,6.6157918935,0.3299761094,0.0244836338,0.1865526278,0.0430411032,-0.034525861,0.2088532022,0.0036330368,0.2994955632,0.0590332773,0.0036330368,28.0,0.0040476752,0.0063006301,0.0334729524,-0.022225426,-0.063201681,0.0839685254,-0.061316455,0.0049929692,0.0481228905,0.5232460819,0.0,0.8124509452,-0.14518402,0.8043579791,-0.149418823,0.8686051894,0.0681844363,0.01592564,0.0,0.0,0.0,0.0,0.0,0.3102166703,3.0,-0.005418682,0.0018751505,-0.008770599,-0.183092374,1.9221691424,-0.094337298,-5908.783072,0.0256085935,14.104497554,8.8615e-05,0.0033708583,0.0305612984,-0.002506486,0.0464337384,0.0068526299,0.0,0.0006975122,0.9259048102,-0.011804644,4.0,14.254843602,1.0012813318,0.0,0.0383898281,0.0181414247,0.027868977,0.357268801,2.4128751108,2.3395761e-09,1.953705e-08,1.1205006205,1.2555216405,-0.016407116,0.0387007915,-0.371776074,0.0732063074
11442,0.6393077043,0.0816977372,-8.818492828,0.03330554,4.6117426626,0.2216740144,0.0322748782,0.1474237839,0.0415969615,-0.032816046,0.159779241,-3.7115e-05,-0.002232267,0.0818801084,3.71147e-05,28.0,-0.000560432,0.0087145969,-0.084327093,-0.082401728,-0.009578749,0.0752681183,0.1579074005,-0.000609713,0.0655381674,0.5457849379,0.0,0.8872930664,-0.035422789,0.8869383967,-0.034605897,0.4598465173,0.0675739457,0.0202552327,0.0,0.0,0.0,0.0,0.0,0.3172802337,4.0,0.069361379,-0.002631586,-0.006356632,-0.467859477,-0.403792189,-0.071490466,-5778.946242,0.0256085935,13.967529303,0.000209207,0.0038502351,0.0326855276,-0.000599016,0.1074526795,-0.014193627,2.0,0.0024387113,-0.247002155,0.0564106992,6.0,13.829151753,0.9213891116,0.0,0.0309007019,0.0141863472,0.0228006389,0.2963358484,1.7795787797,1.7436351e-09,1.781916e-08,0.6919463839,0.4787897982,0.0099659873,0.0271482793,-0.056373794,0.0732063074
86896,0.6300891504,0.0493133481,-6.363603932,0.0264971355,3.5416716882,0.1848474961,0.0285976179,0.2209232101,0.0510231331,0.0347337529,0.2377720038,-0.001168602,-0.089915956,0.0537474049,0.0011686021,28.0,9.7469e-05,0.0029624753,0.0015088927,-0.073696293,-8.9816e-05,0.1849566871,-0.055053559,0.0001973656,0.1341464203,0.5020915805,0.0,0.8020858667,0.0238123346,0.8018627036,0.0237119745,0.3750602289,0.0839250896,0.0182690638,0.0,0.0,0.0,0.0,0.0,0.3138089319,5.0,0.0298471285,-0.001476506,-0.012108754,-0.477078031,0.955523636,-0.09962317,-3536.230812,0.0256085935,15.060222023,8.58051e-05,0.0030629769,0.0219960215,0.0007659332,0.1514999774,0.0078029111,0.0,0.0002923122,-0.001885405,-0.004159419,6.0,15.016211327,0.8280838434,0.0,0.0236476269,0.0137987421,0.020233389,0.4216254775,2.959522342,6.907074e-10,2.2603753e-08,0.8458037272,0.715383945,0.0873670116,0.0278177201,-0.024895256,0.0732063074
11018,1.1127902632,0.0508283102,-10.70446315,0.0230835364,8.2091709235,0.3996338799,0.0223535309,0.4901811602,0.0428560463,0.0040301989,0.5908297188,-0.012448281,-1.911208237,0.1479717952,0.0124482806,29.0,-0.000493817,0.2404637248,0.0558358172,-0.23175512,-0.173508036,0.0993898124,0.0157006281,0.0033561262,0.0214902674,0.5242077603,0.0,0.8499222093,-0.175122886,0.8412164793,-0.171434431,0.5382890859,0.0705895552,0.0095351544,0.0,0.0,0.0,0.0,0.0,0.2465678119,4.0,-0.055218492,-0.004279327,0.2253924953,0.0056230819,-0.861211808,-0.00539878,-4863.483942,0.0256085935,14.808855346,0.0022219998,0.0035413259,0.0343217889,0.0110023398,0.1250542784,0.0061518013,6.0,0.0045627376,-0.163658244,0.0646206039,5.0,15.794638242,2.2051685788,0.0,0.1011406779,0.0309101126,0.0332312232,0.449750006,7.5951118337,6.772034e-10,9.4509727e-09,1.7875696561,3.1954052754,0.0171200746,0.0482426254,-0.086179528,0.0732063074
87952,0.5254560051,0.060675766,-21.93040857,0.0289619734,3.6890968195,0.1816471633,0.0271069479,0.3522513411,0.0533799367,0.0339798461,0.3816256494,0.0047753517,0.2884947447,0.0431711263,0.0047753517,28.0,0.0058394061,-0.004596192,0.1781221979,0.0102398718,-0.026211127,0.0946409086,0.0846078113,0.0079659462,0.1766217022,0.4722628451,0.0,0.7951267404,-0.125078188,0.7837521386,-0.130998351,1.2596400176,0.0727378739,0.0212883533,0.0,0.0,0.0,0.0,0.0,0.3725397594,3.0,0.0603802473,0.0028697256,-0.019667421,-0.581711176,-0.861594706,-0.110199448,-2485.060382,0.0256085935,15.438558373,-9.9185e-05,0.0036908863,0.0321242335,-0.001815518,0.0163689448,0.0220099393,0.0,0.0012646793,-0.527225641,0.05786253,5.0,15.335716523,0.7404638733,0.0,0.0433646031,0.0176184486,0.0288899051,0.1486844278,0.5795527715,6.474721e-10,2.7398782e-08,1.0106605451,1.0214347374,0.0369627679,0.035351605,-0.109273007,0.0732063074
14440,0.1483217319,-0.118980836,2.9322109909,0.0,0.2782448361,0.1392684835,-0.332723205,0.0043634259,0.3177827381,0.2125600501,0.0329037236,-0.209014889,-0.747726213,-0.030015746,0.209014889,9.0,0.0025176553,0.185520362,0.1310782603,-0.701091509,-0.00121065,0.6998974885,-0.660957146,0.0477099868,-0.045131919,0.6719713601,0.0,4.4291711634,-0.014692544,4.347064537,-0.019052908,0.5484707776,5.9975504279,-0.371496352,0.0,0.0,0.0,1.0,1.0,0.7827673195,2.0,1.3977011932,0.0769758895,0.0075158034,-0.095530207,12.351543013,0.0567316168,-4322.431381,0.0232852488,14.283014971,2.88925e-05,-0.047724455,-0.107248505,0.011541634,0.7111363416,-0.040087729,3.0,0.0032989691,-0.116550756,0.0778147597,7.0,15.525704872,2.4800306494,0.0,0.0803259462,0.0337588675,0.053673835,0.3795303611,4.2478508865,1.1904589e-09,8.8896221e-09,0.9190517708,0.8446561574,-0.070611702,0.0721127775,-0.293186492,-0.24467985
10252,0.7071430726,0.0503219355,-8.184903365,0.0252832767,4.7767426614,0.2124031139,0.0218080539,0.1587634756,0.0372606276,-0.041044885,0.1873221719,0.004596116,0.4665544249,0.0268440138,0.004596116,28.0,0.00201606,0.0623145401,-0.087399984,-0.141179275,-0.06432228,0.1641369594,0.5221784156,0.0009316232,-0.003195283,0.609809073,0.0,0.967347362,-0.015739247,0.9620618984,-0.017477052,0.394429894,0.0551143308,0.0140102445,0.0,0.0,0.0,0.0,0.0,0.2485687674,3.0,-0.020453963,-0.007984099,0.0472433106,-0.400024109,-0.817163035,-0.126526561,-4467.774002,0.0256085935,15.111773393,0.0002218821,0.0028185442,0.0229711154,-0.003097007,0.1381537215,0.0609460178,1.0,0.002232436,0.6493382364,0.0338756982,4.0,15.106513115,0.8506737354,0.0,0.0186528824,0.0134574482,0.0230095826,0.2301373784,0.999291097,7.108677e-10,2.4059645e-08,0.8395922581,0.7049151599,0.0295741009,0.0396982294,-0.120603743,0.0732063074
12189,0.6343393791,0.1099396286,-10.23218483,0.0114311575,5.5524157226,0.2497488134,0.0314299035,0.1029773629,0.0354740255,0.0009363296,0.0943300885,0.001901444,0.1020070513,0.0987250113,0.001901444,28.0,0.0014046968,-0.033333333,-0.003834859,-0.124293562,0.2428624066,0.0430022021,0.0518391398,0.0016314423,0.1849342496,0.7101577257,0.0,1.2776490431,-0.061641508,1.2758605215,-0.062955073,0.4929183797,0.0462207218,0.0209786576,0.0,0.0,0.0,0.0,0.0,0.3716887183,5.0,0.1413529928,0.0018165109,-0.048404563,-0.472827802,0.787081773,-0.054645564,-6413.802642,0.0256085935,13.447364292,-6.2887e-05,0.004711872,0.0427411434,-0.003718743,0.0692463953,0.0150812467,0.0,-0.001655548,-0.674794749,0.024178304,2.0,12.45838661,0.2985236985,0.0,0.017252123,0.0135895471,0.0131237403,0.422275348,0.8986482975,9.0246541e-09,6.1626202e-08,0.5957991237,0.3549765958,0.0839126018,0.034001734,-0.292825929,0.0732063074
11208,1.0433078317,0.0780159875,-4.067884385,0.0219299585,9.1738202752,0.6197299427,0.0459616063,0.05682612,0.0465535364,-0.000233468,0.059118054,0.0170414971,2.1923123495,-0.093019425,0.0170414971,30.0,0.0006307366,-0.064171123,0.2977251247,0.3226308366,0.1113660803,0.2062707847,1.5609062193,0.0001057255,0.0424729254,0.6986105076,0.0,1.0300383572,0.0538706753,1.0234398097,0.0540535452,0.2739062441,0.0914350898,0.0115444604,0.0,0.0,0.0,0.0,0.0,0.4539580357,6.0,0.0449148246,0.0102441906,-0.079242352,-0.06385935,-0.398977427,-0.24639,-5922.895662,0.0256085935,14.073305844,0.001329076,0.0039831528,0.0385843664,0.0014733185,0.2598025901,-0.005896868,3.0,0.0051546392,-0.232489987,0.0316925406,2.0,14.11174632,1.0298684553,0.0,0.0420773551,0.0208741586,0.0299484002,0.334427785,1.6996676914,2.4795202e-09,2.0569361e-08,1.6138613787,2.6045485497,0.0249961971,0.04217059,-0.065767006,0.0732063074
90983,1.0499793755,0.0852373196,-7.814582498,0.0329631335,9.5688854438,0.5319132968,0.0349213062,0.2251078465,0.0543579344,-0.02097429,0.2490237685,0.001708346,0.1932728714,0.0687632581,0.001708346,28.0,0.0037747053,-0.059347181,0.0524502525,-0.060853448,-0.051541451,0.1135176861,0.0969756914,0.0040237877,0.0430882792,0.6005025384,0.0,0.9086812886,-0.024157928,0.9010921426,-0.027535338,0.4386186409,0.0754976665,0.0120720402,0.0,0.0,0.0,0.0,0.0,0.4680659111,3.0,-0.011281093,0.0010448244,-0.07441841,-0.057187806,-0.697120719,-0.084607317,-6742.370882,0.0256085935,11.946992576,-0.000198134,0.0021193156,0.023319163,-0.009574219,0.1629128149,-0.007791874,0.0,-0.006961372,-0.793560707,-0.000679533,4.0,10.486995659,0.1600660066,0.0,0.0204230286,0.0098701812,0.0140910444,1.3455955365,0.5255173984,6.3465383e-07,2.8745847e-07,0.6353689696,0.4036937275,0.6415541042,0.0542090541,-0.228633592,0.0732063074
52936,0.7032620717,0.1296109828,-3.109625318,0.0483143071,1.4862597038,1.3573299789,0.1126560211,0.0745588885,0.1074664846,0.0,0.0503695299,-0.037816384,-0.61667027,0.2095382227,0.0378163837,33.0,0.0,-0.044444444,-0.015065711,0.0475080085,0.4889388007,0.1318064191,-0.003790317,-0.002888359,0.1295330597,0.2509750743,0.0,8.5782605788,-0.249431985,8.5782605788,-0.249431985,4.0410250969,5.6284393929,0.0963459405,0.0,0.0,1.0,0.0,0.0,0.3422274607,6.0,0.0621418385,-0.037162419,-0.570359307,-0.527457732,-0.293402655,0.3253725847,-10136.03848,0.0397241163,14.842397512,-0.005279225,0.0001923264,0.0005911969,-0.02866566,0.1453622712,0.000394873,0.0,-0.002874079,0.6206083003,0.0362824376,6.0,14.682409345,0.7622883218,0.0,0.0266540609,0.0163406734,0.0222784976,0.2985627866,1.3893893673,1.2560457e-09,2.9284784e-08,0.6076124083,0.3691928387,-0.034058016,0.0322746767,0.0537591703,0.045344153
56710,1.6680209578,-0.316904127,-5.441850678,0.0223182278,3.8670466035,2.4505561173,-0.077902748,-0.02204841,0.0105759611,-0.000395101,0.0467886895,0.034623646,0.6115558649,-0.510708705,0.034623646,28.0,0.0,0.0,-0.011127762,-0.540052834,-0.897988523,0.0600882029,-0.021628374,-0.000649629,-0.151418791,0.2503273216,0.0,33.076394194,0.1916464721,33.076394194,0.1916464721,3.2997821566,2.8853630027,-0.082763182,0.0,0.0,0.0,0.0,0.0,0.0142907914,3.0,-0.142646305,0.0098768523,-0.525914862,0.4373011545,-0.804320778,-0.394874343,-12999.08216,0.0397241163,10.631387571,0.0002571421,-0.004194128,-0.014560582,-0.041251092,0.0686210255,0.000636675,1.0,0.0050526932,1.4095549204,0.0365095628,1.0,8.6089607161,0.2271351494,0.0,0.0155763244,0.0058068932,0.0045084099,1.5923349656,1.0904977796,4.4401958e-07,1.368403e-07,0.0340767013,0.0529760689,0.9139281207,0.0843472591,0.723916674,0.045344153
12068,1.0855141144,0.0826769613,-30.50018395,0.033940757,7.2989337521,0.3295926271,0.0213935866,0.1248773557,0.0390449736,-0.025050703,0.1383178085,0.0003038346,0.0291022,0.0802708799,0.0003038346,34.0,-3.8965e-05,-0.097452935,-0.029172726,-0.161162989,0.0268318404,0.0795442144,0.0691012236,-0.002285066,0.0421402211,0.463534915,0.0,0.8361653001,-0.013966428,0.8360875889,-0.013884758,1.5305471145,0.0660985709,0.0143505318,0.0,0.0,0.0,0.0,0.0,0.2793991698,4.0,0.031996298,0.0010906237,-0.112524164,-0.021653067,-0.751212561,-0.073099695,-4137.133122,0.0256085935,15.306448317,0.0002460322,0.0030303688,0.0239863489,-0.002954585,0.0332015015,-0.077150336,1.0,0.003539823,0.1581512542,0.0417840241,4.0,16.162458619,2.8411336285,0.0,0.0305989757,0.0118943821,0.0242421834,0.4063392051,4.3814206009,2.823261e-10,1.1852362e-08,0.8750118285,0.7656457001,0.0032563554,0.0323508152,-0.015904665,0.0732063074
75860,0.0712152007,-0.035279233,3.2750670396,0.0,0.2110949896,0.1051881192,-0.361065734,0.5092620143,-0.079876903,0.2988090798,-0.147345873,0.1160292309,0.7718380961,-0.062509089,0.1160292309,31.0,0.0,0.0533333333,0.6080879046,0.7824493256,-1.326399453,0.1059398951,-0.406126407,-0.031671073,-2.176679234,0.9027788026,0.0,2.6508015663,-0.017709364,2.6508015663,-0.017709364,0.4502171131,5.8807396542,-0.146549139,0.0,0.0,0.0,0.0,0.0,0.551674308,4.0,2.3472552592,0.1547999095,-0.124671225,-0.172636738,5.2659681359,0.0242382742,-4488.713521,0.0232852488,13.878662678,0.0,-0.123866298,-0.545373549,-0.007822438,0.8280273447,-0.050022513,0.0,0.0,0.4799084475,0.0857051853,3.0,15.436657682,3.3235133191,0.0,0.0790514052,0.0386114142,0.05357965,0.4598865308,6.1734581227,2.3165026e-09,8.4012228e-09,1.4800967916,2.1906865126,0.0836537059,0.1090960998,0.0528560272,-0.24467985
11786,0.3915558758,0.0600469405,-5.334391299,0.0008522777,5.3209595355,0.2028331433,0.025876656,0.6268032505,0.0531924112,0.0044912498,0.6631121144,-0.002542614,-0.196230784,0.0718299987,0.0025426142,28.0,1.26424e-05,0.2516835017,0.1530888199,-0.208265869,0.019641061,0.2614128321,0.1353193084,0.0003899449,0.285374351,0.4317025486,0.0,0.6119686132,-0.046609128,0.6119570523,-0.046627138,0.2309370711,0.0912456582,0.0152711743,1.0,0.0,0.0,0.0,0.0,0.6161203712,4.0,0.0122488492,-0.005777297,0.2366122723,-0.715611305,-0.241247071,-0.081540576,13248.112398,0.0256085935,17.172341564,-0.00013687,0.0023684355,0.0331704808,0.0122583522,0.0991643804,0.0827655303,0.0,0.0019941875,0.0502034204,0.0755026442,5.0,18.048112584,1.8687306361,0.0,0.0753482655,0.0350549375,0.0469918165,0.3042661833,3.2323576458,9.148507e-11,1.0746468e-08,1.4177648471,2.0100571616,0.0325451453,0.0430689319,-0.574836308,0.0732063074
10892,0.8359702149,0.0535504008,-7.0646694,0.0113699071,5.852888883,0.3338000179,0.0252558368,0.1695137734,0.0419212908,-0.073903853,0.2054061518,0.0074938842,0.8680711659,0.0070648419,0.0074938842,28.0,0.0085839844,0.0314253648,0.0087831235,-0.035311195,-0.16301763,0.10466145,0.0506356114,0.00742312,-0.031659628,0.5710926028,0.0,0.898336328,-0.051798633,0.8814174037,-0.060713682,0.4323532167,0.0813364355,0.0122592042,0.0,0.0,0.0,0.0,0.0,0.2776837993,3.0,-0.012032249,-0.013114394,0.0163541353,-0.271196966,-1.071907117,-0.146305733,-4732.321362,0.0256085935,14.76868521,0.0001717991,0.0035914251,0.0288770916,-0.008393287,0.1311702919,-0.01544834,0.0,0.0068212824,0.0110452755,0.0316544368,0.0,15.114194756,1.1659038902,0.0,0.0262844041,0.016188998,0.0312126897,0.2843544609,1.8339966367,1.0208529e-09,1.8699623e-08,1.2946935407,1.6762313643,-0.000586404,0.043020301,-0.24207248,0.0732063074
10932,0.8126457491,0.0580293288,-105.4894458,0.0403057655,7.7214442293,0.3386017817,0.0155751491,0.0724380888,0.0341869834,-0.019863736,0.0799987153,-0.005078689,-0.724899262,0.1000947464,0.0050786889,28.0,-0.0008322,0.0142510612,-0.105960283,-0.179285988,-0.030174992,0.1614867934,-0.025808628,-0.002299359,0.0087683125,0.4789654546,0.0,0.7887640424,-0.085977953,0.7881669786,-0.084736067,4.8928408538,0.0604895717,0.0090996725,0.0,0.0,0.0,0.0,0.0,0.3392133758,4.0,-0.057051987,-0.002978139,-0.000820168,-0.294521432,-0.748664853,-0.053275828,-3073.722792,0.0256085935,16.010338293,0.0003478465,0.0028356255,0.0287451891,0.0018583448,0.0736173463,0.0182779866,1.0,0.000734484,0.0023193116,0.0195575338,5.0,16.740786017,1.7187388288,0.0,0.052804675,0.0228847378,0.0294927294,0.2932372658,2.1322618815,3.218953e-10,1.6110171e-08,1.4695328696,2.1595268549,-0.018771826,0.0482527548,-0.167258277,0.0732063074
11293,1.2964293382,0.0605689503,-15.43231376,0.043901124,6.7836951387,0.3322458344,0.022244351,0.0448786879,0.0318015546,-0.008389361,0.0413434484,0.0038846849,0.5116023729,0.0295817316,0.0038846849,33.0,0.0075740094,-0.034380776,0.1139709369,0.0760043299,-0.124848975,0.0170033798,-0.646730862,0.0070065022,0.0070672931,0.5304354355,0.0,0.9395308999,-0.015140623,0.9259399489,-0.025004253,0.7393718241,0.0631365054,0.0094259898,0.0,0.0,0.0,0.0,0.0,0.1927290769,4.0,-0.044692356,0.0047909952,-0.049452006,0.1892621569,-0.957249367,-0.123788843,-4860.650842,0.0256085935,14.479864082,0.0001802184,0.0026173365,0.0159692984,-0.006496959,0.0663692063,0.0078567571,0.0,-0.0032277,-0.44276934,-0.073852012,1.0,14.593575834,0.8841236133,0.0,0.0212892145,0.0134478219,0.0244757355,0.2204576308,0.9234531808,1.4542274e-09,2.7599178e-08,1.1045054162,1.2199322145,0.0148088073,0.0386382443,-0.031109634,0.0732063074
12480,1.1848524515,0.084482719,-5.768019191,0.0398897692,10.551796992,0.4832885521,0.0199224493,0.485457081,0.048749806,0.2302585111,0.5008391383,-0.003309933,-0.38469066,0.116982432,0.0033099332,20.0,0.0038656427,0.0588235294,0.1994482884,-0.08558642,-0.110147497,0.1009735052,0.0946037323,0.0088335844,0.3612148842,0.6188109935,0.0,0.9278978735,-0.047575645,0.922849201,-0.050846893,0.2634868487,0.065051145,0.0115173817,0.0,0.0,0.0,0.0,0.0,0.4425061736,4.0,-0.058220207,0.0029191077,0.0437523,0.0776852702,-0.840178009,-0.036388143,-6657.885642,0.0256085935,12.604985018,7.63069e-05,0.0027173512,0.0276311541,-0.006477109,0.2588026606,-0.005264871,0.0,0.0024145678,0.128765653,0.0046694785,3.0,11.778082003,0.3624669806,0.0,0.0107808551,0.0065880333,0.0193166658,0.60095073,1.9798463347,1.0598619e-08,4.7365605e-08,0.8378544075,0.7020000082,0.0455065763,0.0415220068,0.2272231569,0.0732063074
11593,1.6607243568,0.2620453115,-10.1034872,0.0,8.0835523888,3.0288511594,0.0566020388,0.1607381052,0.2710214891,0.0507230379,0.129396678,0.1284768175,3.3315466662,-0.73243807,0.1284768175,28.0,0.1223118156,0.3209590101,0.700916057,0.6149764204,0.2584143328,0.6148906198,0.65370926,0.1500737386,0.3420110823,0.4120045283,0.0,59.253559061,-0.339165611,52.180412973,-0.505268416,3.5650457975,1.3778209582,0.0581486589,0.0,0.0,1.0,0.0,0.0,1.7949468761,5.0,1.9171039401,0.1663288024,0.2951450077,0.9848581817,-0.160613237,-1.127189925,-4570.048573,0.1116995972,12.080052712,-0.003597625,0.0071841529,0.0377507005,-0.160434258,0.0718546697,0.0003947866,0.0,-0.111271441,0.6326028941,-0.029983686,3.0,10.068578172,0.181441482,0.0,0.0217616633,0.0121327429,0.0250361257,0.5725973016,1.028945365,5.4247009e-08,8.502217e-08,0.7130077074,0.5083799908,0.0975594608,0.0489323177,0.0305864135,0.0472491512
69586,0.6948168836,0.0477986947,-16.34026858,0.0,4.4329472314,0.2142747799,0.023876247,0.1735779828,0.0402523116,0.0723880887,0.1778769832,0.0022150162,0.2200504089,0.0372805724,0.0022150162,28.0,0.0063712781,0.1130334487,0.005915367,-0.086926545,-0.017033352,0.1179971189,-0.106085352,0.0080320618,0.1468722321,0.5439466217,0.0,0.8841024262,-0.072586877,0.8723261144,-0.079333892,0.8610975254,0.0617807414,0.0134446086,0.0,0.0,0.0,0.0,0.0,0.290303042,3.0,-0.024476432,0.0008958243,0.0979622192,-0.412350298,-0.947119985,-0.116090002,-5248.704292,0.0256085935,14.506584341,6.8775459e-06,0.0024626394,0.0194054706,0.0036248346,0.1241669023,0.0477937451,0.0,-0.002366164,-0.164047949,-0.024312634,3.0,15.154132197,1.2485005401,0.0,0.0421723127,0.0175559263,0.0332508738,0.3359098255,1.8783085803,1.4311256e-09,2.2049929e-08,1.3934979749,1.9418366062,-0.013328614,0.0423141344,-0.111161327,0.0732063074
14523,0.1441802937,-0.064428424,11.379572106,0.0,0.024789466,0.0918851108,-0.686597165,-0.250279184,0.0208553901,0.0050519286,0.0991304348,-0.06780223,-0.207498351,-0.051059632,0.0678022297,9.0,-0.003845994,0.0,0.088181783,-1.402014295,2.0062880864,0.493040293,0.2877866461,-0.012153558,-0.289133132,0.5118356676,0.0,3.8595941713,-0.478079351,3.5825956693,-0.48841557,1.2582132307,13.020379805,-2.535901685,0.0,0.0,0.0,0.0,0.0,0.0220141497,5.0,1.7438345142,0.1294101761,-0.178004559,-0.099671645,5.0461150696,0.035687731,-5440.514221,0.0232852488,12.657993972,0.0,-0.097160325,-0.108054897,0.0010400759,0.6380313458,-0.110098467,0.0,-0.101351351,0.5711145004,0.0104884664,4.0,13.81601968,1.7933686864,0.0,0.0360824391,0.0279675299,0.0567548398,0.2526495928,2.0367011745,1.1699404e-08,1.8230691e-08,1.4998583984,2.2495752152,-0.002913316,0.124345671,0.1116101455,-0.24467985
35685,1.3280777056,0.0906754777,-53.41740037,0.0522299132,7.9676770933,0.4155708179,0.0210778999,0.1007129801,0.0396285736,-0.004761856,0.1163693175,0.0030127842,0.2947307618,0.0639506251,0.0030127842,33.0,0.0017501861,-0.007536505,-0.033649051,-0.097218063,0.01663451,0.1229643947,0.1934861741,0.0017008433,0.015288928,0.4615984427,0.0,0.819084168,-0.111955929,0.8156186685,-0.114235284,2.8409008629,0.0734256692,0.0145750042,0.0,0.0,0.0,0.0,0.0,0.2558498557,3.0,-0.012486465,0.0007827509,-0.022607734,0.2209105243,-0.789565758,-0.08941995,-5157.284982,0.0256085935,14.47381938,-0.00014417,0.003741882,0.0264427473,-0.005564306,0.0150124152,0.0470235494,2.0,-0.002990175,-0.264640745,0.0446388815,3.0,14.529225506,0.7370653904,0.0,0.0333486274,0.0198283647,0.0282497334,0.2720904219,1.0175843381,2.2347348e-09,2.9677293e-08,1.2358126124,1.5272328129,-0.015697884,0.0398864058,-0.111861566,0.0732063074
76038,0.1557341195,0.0020236345,12.077924184,0.0,0.022446637,0.0364868821,-0.054712446,1.5300486985,0.322002672,0.5865066026,-0.400692841,-0.024282379,-1.491563555,0.0050420141,0.0242823788,31.0,0.0038456256,0.0,0.7568594498,0.2590109933,-0.233411596,0.2067137089,0.2117541509,0.1742264265,3.7232935978,0.4924569751,0.0,7.366082322,1.342739822,6.6210749374,2.8640151963,0.5316065269,6.0063702223,0.1959592121,0.0,0.0,1.0,0.0,0.0,0.6877847839,5.0,1.5329160167,-0.08567536,-0.178004559,-0.088117819,6.9925753151,0.0917893771,-4428.524911,0.0232852488,13.193999122,-0.02546366,0.0001516405,0.0001746702,0.012840453,0.1343443137,-0.470571988,0.0,0.0021266541,0.5146527688,-0.133268245,5.0,14.561348598,1.8864575965,0.0,0.0953137279,0.0519786206,0.0774600418,0.2932469444,5.045835894,7.6272268e-09,1.1281288e-08,1.0303231468,1.0615657869,0.0269079816,0.0788219338,-1.284540653,-0.24467985
10308,0.6836635156,0.0740552675,-16.28536897,0.0299311638,6.5901075113,0.3132468713,0.0233485987,0.1333033386,0.0420850232,-0.003424888,0.1388706669,-0.003317444,-0.306735578,0.0967706528,0.0033174438,28.0,-4.7394e-05,0.034351145,-0.025595957,-0.093456394,0.0198108189,0.1316213687,0.4362534541,-0.005871129,0.0825748668,0.5457972435,0.0,0.8694351693,-0.096444296,0.8694214999,-0.0963814,0.8448445408,0.0630085523,0.0137678181,0.0,0.0,0.0,0.0,0.0,0.4277963007,5.0,0.0311565414,0.0015842435,0.0192799156,-0.423503666,-0.819398778,-0.056599922,-5827.906642,0.0256085935,13.884019312,3.84887e-05,0.0026716881,0.0293651853,-0.00104748,0.0411047058,0.0023049511,0.0,0.0027190706,-0.396558342,0.0102209225,6.0,13.342599848,0.5400716056,0.0,0.0222135484,0.0143042962,0.0211614085,0.3198957956,0.965317785,3.4010085e-09,3.3765257e-08,0.7626273493,0.5816004739,0.00223565,0.0329767525,-0.162851141,0.0732063074
77519,0.8833237504,0.0815474792,-4.702202685,0.0412696911,8.2922384172,0.3038798749,0.0236031599,0.1303259979,0.0316299205,-0.005045294,0.1389197032,-0.001745014,-0.18502631,0.0966359084,0.0017450143,33.0,-0.000186638,-0.044226044,-0.072423464,-0.116475563,0.0202594828,0.0490904893,0.0689286443,-0.000926585,0.0555571038,0.7033044597,0.0,1.0526725897,0.0464905571,1.0525651886,0.0467530251,0.1765497033,0.0465944754,0.0112795631,0.0,0.0,0.0,0.0,0.0,0.306823692,6.0,0.0312329766,-0.000459847,-0.059297274,-0.223843431,-0.592568607,-0.056734666,-6232.402532,0.0256085935,13.301323529,0.0001328468,0.0027377356,0.0289702779,-0.003861082,0.194518516,0.0050726136,3.0,0.0046918987,-0.349053931,0.0244552435,4.0,13.215454579,0.7486586446,0.0,0.0285803974,0.0167076647,0.022088566,0.2515885183,0.8719954316,6.7598854e-09,3.1489156e-08,1.109062592,1.230019833,0.0098673018,0.0319165504,0.0116916594,0.0732063074
92807,1.9551180011,0.0861084165,-36.86113509,0.0321361554,17.182530749,1.1827640839,0.022281525,0.0926660542,0.0429198145,0.000117247,0.0957923492,0.0048725018,1.2986080905,-0.02571267,0.0048725018,28.0,0.0010975573,-0.042682927,-0.028951415,-0.12892886,0.0360034029,0.1105817175,0.0961936721,0.0007069769,0.0586630702,0.5716248487,0.0,0.9465210632,0.0096010949,0.9405964433,0.008776413,2.0047295582,0.0657371845,0.0058668508,0.0,0.0,0.0,0.0,0.0,0.5097349261,3.0,0.0174886952,0.0015475263,-0.057754156,0.8479508198,-1.106441466,-0.179083245,-6822.212842,0.0256085935,11.126126022,8.4252e-05,0.001051755,0.0128603782,0.0037240225,0.0268708464,-0.006723458,0.0,0.005322186,-0.523086505,0.0184153328,3.0,8.9213454287,0.1477779726,0.0,0.0408162884,0.0120872246,0.0168216318,0.8137200372,0.6801101787,5.1811348e-07,2.5944291e-07,0.536571251,0.2879087074,0.1366182022,0.0340135987,0.0511224841,0.0732063074
14166,0.3769514103,0.020105019,7.3926820626,0.0,0.4659470642,0.6306574661,0.0551352133,-0.013393242,0.3783820399,0.0325241208,-0.093206298,-0.084529666,-3.567941764,0.0918385561,0.0845296656,8.0,0.0,-0.04907793,0.2954348074,0.2636296484,0.0817933512,0.6441417202,0.7976384559,0.0111595422,0.1070504519,0.2927468153,0.0,2.1211871999,-0.034336283,2.1211871999,-0.034336283,10.157235514,3.0359499546,0.1298590229,0.0,0.0,1.0,0.0,0.0,0.9067403073,6.0,-0.306855345,0.2198601301,-0.054838675,0.2063642971,2.6120727594,0.0471969682,-4415.463366,0.0915965863,14.434096381,0.002433988,0.013470066,0.021456144,0.0102787964,0.1263388713,0.004009936,0.0,0.0009130567,1.5651262756,-0.016730225,3.0,14.47243507,0.7933096698,0.0,0.0444110893,0.0171591449,0.0290798763,0.3190108964,1.3582850475,1.8297368e-09,2.9113995e-08,1.4639168442,2.1430525268,0.0701784809,0.0552528491,-0.004846144,-0.049938477
13908,0.728453904,0.2620453115,-37.44991273,0.0066511898,6.0626060527,0.8547764338,0.0816379449,2.0966035239,0.2499878234,-0.096911418,2.4643380235,0.2927703751,4.7640404546,-0.73243807,0.3753819093,8.0,0.1223118156,0.5734282325,1.3542015043,-5.127236911,1.0180112657,0.2386818602,0.6460434318,0.4040183934,0.6441312108,0.5730459388,0.0,59.253559061,1.347188691,52.180412973,4.0915634145,5.9823469422,0.2577956627,0.0920174311,0.0,0.0,1.0,0.0,0.0,1.1056615379,5.0,2.0215933051,0.0689214663,0.5476142301,0.0525877288,0.6949802806,-1.644003128,-76.15580287,0.1116995972,14.804611445,-0.003299844,0.0104400569,0.0709510907,-0.082807663,0.0291152688,0.0072900134,1.0,0.0078521184,0.2595960011,0.0297616581,2.0,15.794225899,2.5544535665,0.0,0.0515158027,0.0298636679,0.038894124,0.3677934526,5.0496670643,7.27357e-10,8.5739074e-09,1.5927741994,2.5369296503,0.1354544891,0.0544872014,-0.249467771,0.0472491512
83469,0.4883190901,0.0484699051,-105.4894458,0.027023478,1.2214519839,0.254039716,0.043738094,0.0586221911,0.069814836,0.0069952647,0.0592151962,-0.006139117,-0.210560742,0.0586757643,0.0061391175,26.0,0.0004698393,-0.016736402,0.0543812429,-0.413996505,0.035094933,0.0197635048,-0.021222623,0.0714369843,0.0571417875,0.524358659,0.0,0.4037516749,-0.273924154,0.3678528954,-0.272451034,454.11939356,7.3714978674,0.0678729736,0.0,0.0,1.0,0.0,0.0,0.1965645045,6.0,0.7208415332,0.0548202404,-0.020744682,0.048573494,-0.258485669,-0.124927851,-11172.329,0.0260918659,12.893957253,0.0,0.0082889187,0.0294192948,0.0012088227,0.0009895481,-0.189211403,3.0,-1.9497e-05,-0.291886412,0.0086876755,4.0,12.793179897,0.5795644891,0.0,0.0245464575,0.0138149819,0.0217995882,0.4436218146,1.2007774452,1.6835789e-08,5.4000581e-08,0.4558644959,0.2078124386,0.3377459318,0.031359392,0.1628357338,0.1163368332
86814,1.173902479,0.1043815516,-7.269818041,0.041141166,9.4223623256,0.3914803253,0.0253995306,0.2305622239,0.0370164007,-0.008128613,0.2566029064,0.0023040358,0.211982027,0.0822545387,0.0023040358,23.0,0.0047802683,-0.036619718,0.0431196482,-0.05370248,-0.044143156,0.085760409,0.1193938071,0.0050945109,0.0550681013,0.6008982702,0.0,0.9131637901,-0.009977529,0.9068264065,-0.015120118,0.3009936694,0.056520869,0.0139084857,0.0,0.0,0.0,0.0,0.0,0.2864784018,4.0,0.1104710921,-0.003207549,-0.051690948,0.0667352977,-0.818327158,-0.071116036,-6587.772422,0.0256085935,12.827198386,0.0003141249,0.0031790514,0.029278003,0.0026085382,0.1576135817,0.0044097945,0.0,0.0042372881,-0.330945555,0.0443062409,3.0,12.212859173,0.4355190236,0.0,0.0202352107,0.0122375076,0.0226561582,0.1874397621,0.3125616371,1.6697219e-08,6.6277194e-08,1.021456956,1.043374313,0.021218376,0.0367548907,-0.158312418,0.0732063074
13812,0.8035726081,-0.713942379,-0.947917679,0.0,1.0768838354,1.5234598488,-0.751092884,-0.124937933,0.4142765942,0.4306901615,-0.001836764,-0.211243096,-0.596114156,-0.28835122,0.211243096,8.0,0.0,-0.292576419,-0.388551268,0.0450542803,-0.080541514,0.3786135916,-0.197004707,0.0026481924,-0.249050332,0.6892792294,0.0,1.4207264163,-0.162866772,1.4207264163,-0.162866772,2.0231443995,5.921983014,-0.426520848,0.0,0.0,0.0,0.0,0.0,0.831291548,2.0,-3.15504672,-0.253960112,-0.50740085,0.7257034136,-28.54207565,-0.285958274,-14578.61248,0.03476008,10.481460369,0.0066906539,-0.103385632,-0.21325884,-0.004537156,0.7712581111,0.0463625355,0.0,0.0066677086,-0.319111804,0.177110903,3.0,13.635443777,22.071961223,0.0,0.0614035539,0.0376967411,0.0673351725,0.7117577538,28.699542506,3.3075327e-08,3.0142527e-09,1.3603742248,1.8506180316,1.0626053941,0.2729889101,-1.357821455,-0.054879185
13877,0.932681026,0.0746068141,-7.876647751,0.0167839284,5.6501770142,0.2582826508,0.0252117869,0.1868719292,0.0373384323,0.0043538999,0.207606665,0.002868333,0.2331605445,0.0572114487,0.002868333,8.0,0.0026081202,0.0299523485,-0.043489784,-0.165901508,0.0315589907,0.0925929977,0.0312651643,0.0028264751,0.0750491608,0.6359392202,0.0,1.0333984609,0.0136347105,1.0276256696,0.0113337538,0.3830524469,0.0536720778,0.016269645,0.0,0.0,0.0,0.0,0.0,0.2387052077,4.0,0.0615646635,-0.010327934,0.0148811191,-0.174486155,-0.908992913,-0.096159126,-4178.685402,0.0256085935,14.868489759,-0.000200911,0.0028372068,0.0205829206,-0.005256344,0.1619111201,0.0429441612,0.0,-0.001266892,0.5921184844,-0.065455487,3.0,15.083888862,1.0518048919,0.0,0.0197432488,0.0148487187,0.0270396122,0.2585021516,1.7385421184,6.380052e-10,1.7496917e-08,1.3485348259,1.8185461768,0.0653083396,0.0410856962,-0.018491633,0.0732063074
13870,0.2418447279,-0.143446989,2.8050490109,0.0,0.0373993149,0.017705924,-7.905398368,-0.290284479,-0.369814703,0.0199058289,0.2040534805,-0.073336959,-0.171959009,-0.118779987,0.073336959,8.0,0.0,0.2558139535,-0.570892244,-0.181536501,0.5592284129,0.1322803554,-0.707059993,0.0181694813,-0.332654249,0.9659103785,0.0,9.5696706903,-0.252208673,9.5696706903,-0.252208673,0.0680327246,3.0802752294,-4.151942612,0.0,0.0,0.0,0.0,0.0,-0.401511569,2.0,2.3076889262,-0.011440308,0.0778093949,-0.002007211,5.310736884,-0.032032624,-5443.049341,0.0232852488,12.860266939,0.0,-0.126495144,-0.155771345,-0.002793955,0.9187187502,-1.176867289,0.0,0.0,1.4775943969,0.0197439082,3.0,13.957549125,2.6637121247,0.0,0.1004366949,0.0447855237,0.0831159164,0.5612822241,19.656195954,7.0099909e-09,6.5379516e-09,1.516703107,2.3003883147,0.2251110948,0.1135983327,0.2380874056,-0.24467985
86384,0.9999370212,0.0913652997,-8.035392608,0.0338416869,12.035625184,0.5447540544,0.0260512404,0.2565960412,0.0391682668,0.1039480588,0.247078593,0.0009384135,0.1217054027,0.0802456491,0.0009384135,23.0,0.0016043691,0.1645796064,0.0744236474,-0.124130739,0.0083312755,0.0775063399,-0.0473986,0.0031870581,0.17505558,0.6271580579,0.0,0.9277275223,-0.03422197,0.9254853956,-0.035726745,0.3664880776,0.0584955755,0.0099910512,0.0,0.0,0.0,0.0,0.0,0.4833850331,4.0,-0.015499378,-0.000258852,0.149508377,-0.10723016,-0.952141909,-0.073124926,-6517.236072,0.0256085935,12.938593307,0.0003210493,0.0028954998,0.0346715541,0.0115007786,0.1404898627,0.0594355895,1.0,0.0020542317,0.1762939701,0.0488412982,4.0,12.021961797,0.3213325425,0.0,0.0511590242,0.0158359499,0.022232458,0.3371789547,0.4536477271,1.7139091e-08,7.0998964e-08,0.9724518141,0.9456625308,-0.041429252,0.0431033245,-0.04131423,0.0732063074
13816,0.1022519892,-0.024617201,5.9571787728,0.0,0.1989045317,0.1601397047,-0.058969459,0.1358144182,0.3433825596,0.0355532581,0.2282651481,-0.144214127,-1.658775263,0.0162172029,0.144214127,9.0,0.0,0.257362356,0.2011039638,-0.005315748,-0.073083451,0.354752581,-0.718288511,0.049926629,-0.009248342,0.5727666923,0.0,2.304917115,-0.273477493,2.304917115,-0.273477493,1.1690850744,4.4794488827,-0.099864416,0.0,0.0,0.0,1.0,0.0,0.7671230679,3.0,12.894711138,-0.084390811,-0.058245237,0.1247867578,-8.623100902,0.2639816795,-12828.55197,0.0371991411,13.755153921,-0.00116457,-0.017010292,-0.050034626,0.0082956912,0.4548420792,-0.128271541,2.0,0.0023880597,3.4207189107,-0.128655989,5.0,13.644202277,0.8577920197,0.0,0.0203689002,0.0137761371,0.0260172865,0.3553888821,1.2895623384,3.6807676e-09,3.3206428e-08,1.1233519658,1.2619196392,0.0511487861,0.0527590929,-0.017446242,-0.054879185
10781,0.6213553392,0.0730175305,-8.924376112,0.0412157458,5.3965164953,0.233303498,0.0249045271,0.1965830212,0.0451649727,-0.001808318,0.2124414427,0.0126218916,0.9548057576,0.003299972,0.0126218916,28.0,0.0161717347,-0.037974684,-0.022121169,-0.194477123,0.0212760706,0.0250834128,0.9084114788,0.0161545842,0.0745192308,0.5460689715,0.0,0.8176344337,-0.043752086,0.7895815213,-0.061914889,0.4271820552,0.0652018053,0.0157960152,0.0,0.0,0.0,0.0,0.0,0.3928040963,4.0,0.0036957865,-0.000269368,-0.053045913,-0.485811842,-1.491961061,-0.150070603,-6787.125042,0.0256085935,11.504116816,9.4500095e-06,0.0029677874,0.031709601,0.0006184428,0.2374732393,0.0078865466,1.0,0.0002151105,-0.133287172,-0.001497003,3.0,11.288511402,0.3689489489,0.0,0.0287356321,0.023497125,0.0318616512,1.0717542012,1.1801620643,3.0217474e-07,8.9931222e-08,0.5926936924,0.351285813,0.0109266536,0.0324495338,-0.10892672,0.0732063074
15056,0.431407085,-0.370300573,1.6843556088,0.0,0.5838067255,0.2063933543,-0.378077389,0.634049618,-0.065661613,0.7684851141,0.1836111717,0.1568507964,0.3465920342,-0.498643802,0.1568507964,8.0,0.1223118156,0.2961783439,0.4385498654,-2.376147541,-0.360663014,0.0859722586,-0.162416986,0.3597501003,2.369182606,0.6477320932,0.0,7.7074748082,0.2598515103,3.6198425828,0.5502717677,0.7549936518,3.1895444587,-0.651836857,0.0,0.0,1.0,0.0,1.0,-0.77616157,4.0,1.2677622457,-0.002891255,0.1181737854,0.1875551463,8.2823156427,-0.411896439,-5541.889771,0.0232852488,12.796079307,0.0,-0.076082194,-0.158727172,0.0665665055,0.1441962789,-0.145712292,1.0,0.0088495575,1.0733050624,0.1506153084,2.0,13.905822545,2.6249660474,0.0,0.0684210509,0.0306111443,0.0623621168,0.4450293969,6.4372022306,4.9908555e-09,7.9663204e-09,0.9574184383,0.916650066,0.1776231144,0.0882861752,0.7681934011,-0.24467985
13876,0.5649727601,-0.00302046,0.8127337493,0.0,0.6612214906,0.3697532164,0.1856890156,0.0183811667,0.2087615948,0.0039428164,0.0314400385,-0.115045565,-45.71560737,0.1369087688,0.1150455646,8.0,0.0,-0.048484848,0.0120291592,-0.182274126,-0.043784752,0.3412457612,-0.015661313,-0.004157983,0.007501581,0.3563624227,0.0,4.4299411585,0.0391546479,4.4299411585,0.0391546479,1.124287021,4.0973494498,0.0384504871,0.0,0.0,1.0,0.0,0.0,0.4034236867,5.0,0.5918990185,0.0507574591,-0.264212309,5.0740339019,-0.50429884,-1.615231708,-16434.79866,0.0456208962,11.265390626,-0.00646476,-0.023777891,-0.056696213,0.0281563381,0.0905491405,-0.032261997,0.0,-0.026272578,-0.093079639,-0.003836869,3.0,11.307421579,1.1027724049,0.0,0.053811606,0.0362074404,0.0751236587,0.4618760169,5.9905053909,4.1005527e-08,1.0869319e-08,1.0183556784,1.0370482877,0.0616047263,0.0532110602,-0.552219112,-0.071440083
13943,1.0218714983,0.079695131,-21.1527069,0.0138709768,16.102650162,0.4832730784,0.0146797295,0.2744087223,0.0226311228,0.1111868102,0.2792545177,-0.004548927,-0.888115135,0.150473583,0.0045489272,8.0,-0.000172794,0.115942029,-0.129838942,-0.379606481,0.1018643619,0.1250334195,0.102804362,-2.704161e-06,0.148059588,0.6385826667,0.0,1.0178894343,-0.031306286,1.0175685518,-0.031020951,0.6299346411,0.03343985,0.006072512,0.0,0.0,0.0,0.0,0.0,0.3478786703,4.0,0.0113243889,-0.008827219,0.1008707996,-0.085295683,-0.742744907,-0.002896992,-6308.022642,0.0256085935,13.831554896,7.33111e-05,0.0017343126,0.0251910472,0.0097317897,0.0386493216,0.1627320557,4.0,0.0014184397,10.682574947,0.2629632168,2.0,14.555247427,1.4896492949,0.0,0.0261037536,0.021386884,0.0251973711,0.3984468064,2.7848699542,2.4259931e-09,1.5545705e-08,1.4470411126,2.0939279817,0.0334829253,0.0544613277,-0.253577869,0.0732063074
84725,1.1884909695,0.0506831722,-5.78030763,0.0305047616,11.792686974,0.5499682525,0.0184203293,0.1461157831,0.0326930977,0.0066625666,0.1585853766,-0.0017151,-0.411276949,0.0715279926,0.0017150998,26.0,0.0016701476,-0.046831956,-0.076832378,-0.103283978,-0.105181124,0.0995940852,0.0915059898,0.001052188,0.0355289588,0.6699076736,0.0,1.0062032509,-0.017091455,0.9976276322,-0.017868489,0.2728019941,0.0601349023,0.0061153957,0.0,0.0,0.0,0.0,0.0,0.3226324489,4.0,-0.058394889,-0.002679624,-0.061903185,0.0813237882,-0.848772446,-0.081842582,-6709.046482,0.0256085935,12.335868554,0.0001531553,0.0021389413,0.0240022482,-0.000999058,0.2108944637,0.0378955472,1.0,0.0053606858,-0.457953064,-0.012680274,3.0,10.962735118,0.234256927,0.0,0.0673384964,0.0178255093,0.0299711832,0.869038031,0.8636205138,7.0051246e-08,1.18556e-07,0.5800938194,0.3365088393,0.0382639658,0.0406036079,-0.098546902,0.0732063074
83642,1.1625270061,0.0905435183,-21.10554475,0.0141234121,8.4232804381,0.4097313611,0.0215770289,0.2224327635,0.0342387276,0.1343807026,0.2184864084,-0.001433676,-0.1379736,0.1030361335,0.001433676,23.0,-0.004159934,0.0,0.1541254798,-0.059036514,-0.01916462,0.1470378455,0.1329593959,-0.002696131,0.2518086954,0.6271611928,0.0,1.084964586,-0.025866972,1.0841742146,-0.020442805,1.0620366347,0.0523949579,0.0129346309,0.0,0.0,0.0,0.0,0.0,0.2891054309,3.0,-0.004226003,0.0047715829,-0.015071229,0.0553598248,-0.136054479,-0.050334441,-6088.265492,0.0256085935,13.910361472,0.0004178771,0.0041629907,0.0332625187,0.0002844026,0.0519773913,0.0407085789,0.0,0.0029990003,0.0891542914,0.0337312296,4.0,14.068640255,0.8835644166,0.0,0.0235940386,0.0152610003,0.0291571413,0.2811838511,1.5997692475,2.1689056e-09,2.1717837e-08,1.555748459,2.4203532677,0.0112390242,0.0422252182,-0.419546516,0.0732063074
16252,0.0866364709,-0.30920662,2.6349222516,0.0,0.3158108433,0.1735464895,-1.352682612,-0.060141456,0.2596395163,-0.85100486,0.0691228999,-0.332611968,-0.446761453,-0.171065021,0.3326119684,7.0,-0.024040271,-0.411764706,-0.361787742,-0.012517388,0.1251362793,0.3338718363,0.3262937729,-0.043988136,-0.347653376,0.8428701267,0.0,3.7032569361,0.5421868625,3.3055890631,0.5865531035,0.6905613435,2.6208321039,-0.972155622,0.0,0.0,1.0,0.0,0.0,0.8166838311,3.0,51.01214902,-0.168200768,-0.492670476,0.2840360164,-1.971766313,3.9424333625,-7471.448481,0.0357482652,10.280489733,0.0,-0.036962226,-0.048832801,0.0025979495,0.8562277019,0.0485583164,0.0,0.0216450216,0.9844748756,0.0651756944,2.0,10.530262034,0.6859737901,0.0,0.0515873469,0.0285238778,0.0498979212,0.4601407572,1.3684397118,3.3295382e-07,4.2790625e-08,1.5382969838,2.3663576104,0.1807653095,0.1601747848,-0.139351393,-0.145662284
13924,0.1347958222,-0.209930653,2.342979556,0.0,0.2615602526,0.0142814529,-3.574827694,0.1153680383,-0.521520812,0.0393115368,2.0890296623,-0.056466428,-0.10944608,-0.186954566,0.0564664281,8.0,0.0232942387,0.4975369458,-0.337731092,-0.547314263,0.5937123065,0.2047592126,2.8035475113,0.0135377977,-0.49347134,0.82766065,0.0,9.3339400922,-0.195953514,9.0929032258,-0.216716969,0.0421888299,5.0763285024,-1.191799606,0.0,1.0,1.0,0.0,0.0,-0.784450384,1.0,-6.1273629,-0.016230041,0.3195323872,-0.109056116,6.4251297579,-0.100207203,-4642.781401,0.0232852488,11.575015414,0.0,-0.186737163,-0.83573841,0.0030824338,0.6660015469,1.2386524115,0.0,-0.017578125,0.2312719705,-0.020086122,4.0,13.445799274,3.3752135456,0.0,0.0990056843,0.0542471333,0.106346883,0.5000178423,4.3182798092,3.8316215e-08,9.8105917e-09,1.3483973956,1.8181755365,-0.091781932,0.0970359237,-0.384105405,-0.24467985
13890,0.2805259676,0.0405939023,4.0321559857,0.0,0.1090482676,0.3128307352,0.1756570989,0.2300993416,0.8097734685,0.0335862094,0.0709898767,-0.094532376,-0.822363878,0.0739768612,0.0945323759,8.0,0.0,0.1292834891,0.1162905224,-0.000269181,0.0149552567,0.3865740741,0.2644803796,0.0072310322,0.3054922779,0.5436854385,0.0,2.5601897057,0.1051578122,2.5601897057,0.1051578122,2.0277028444,5.8721716252,0.5182230949,0.0,0.0,1.0,0.0,0.0,1.1931278789,7.0,-2.836482992,0.052080972,-0.085540942,0.2026567731,-27.97222385,0.0763698076,-14134.55374,0.03476008,12.998745035,0.001971849,0.0175398486,0.0239815161,0.0082966615,0.4689672174,0.0138988403,0.0,0.0015854142,1.3073327027,0.0537151722,8.0,13.438146764,1.5411580697,0.0,0.0404331721,0.0235589796,0.0356487251,0.540814635,6.8971720702,8.1441863e-09,1.3490231e-08,1.1748274032,1.3802194274,0.0770066748,0.0681480203,-0.637350049,-0.054879185
91937,0.3902123509,0.0163862434,6.2621607222,0.0,0.8050876701,0.4084438382,0.0478614374,1.3028036953,0.4691961666,0.449175813,1.3191701645,-0.041075229,-2.148688047,0.0515951688,0.0410752291,8.0,0.010888837,0.4150943396,0.5200008889,-0.247660366,0.0203171229,0.1959321001,0.0552376953,0.4040183934,1.2697558095,0.2806120243,0.0,1.100539096,0.4791340069,0.9841035802,0.4755064589,6.5861338469,8.4891398784,0.1751230889,0.0,0.0,1.0,0.0,0.0,1.3065059571,5.0,0.5405777239,-0.040816117,0.1993668794,4.8992734926,0.7783671326,-1.700545308,150613.86232,0.0456208962,18.854839919,-0.002130501,0.0033851972,0.0102415889,0.0022058357,0.0200618429,-0.018245832,0.0,0.0004696306,0.1586692713,0.0597201239,6.0,18.825883696,0.8770087389,0.0,0.0390524752,0.0238028456,0.0265846986,0.297612387,1.2497805739,2.461559e-11,2.6185152e-08,0.5287062581,0.2795303074,0.1866372473,0.0320992034,0.1999213814,-0.071440083
13694,1.2601007328,0.1215432241,-19.43890066,0.0312786711,13.123235566,0.5554756289,0.0245993276,0.2749841008,0.0446374286,-0.038912909,0.2956341889,-0.004620781,-0.487851729,0.1808382961,0.0046207808,14.0,-0.00063679,-0.05801105,0.0117924257,-0.166935638,0.0559767443,0.1247799296,0.0200365219,-0.002488496,0.0934801535,0.5294947134,0.0,0.7971855564,-0.110733051,0.7969858287,-0.109880896,0.8110615637,0.0580856052,0.0123008387,0.0,0.0,0.0,0.0,0.0,0.4369781029,5.0,0.0767732245,-3.0602e-05,-0.073082279,0.1529335515,-0.59425311,0.0274677213,-6717.132042,0.0256085935,12.310079075,0.0001127013,0.0027916018,0.0325821048,0.0073331033,0.025519346,-0.009971328,0.0,0.0057395143,1.8305472755,-0.00508759,4.0,10.631374962,0.1280131222,0.0,0.0211600568,0.0086552759,0.0098404344,1.1686689466,0.3427922529,2.4501765e-07,3.111834e-07,0.7986272379,0.6378054651,0.0781530213,0.0430105274,-0.063040431,0.0732063074
87759,0.6009786708,-0.022284791,1.1544489442,0.0,0.1825423854,0.6818435262,-0.225108594,-0.085604265,0.2726895735,0.0,-0.222150119,-0.002475631,-0.091116173,-0.020254286,0.0024756305,24.0,-0.033173449,-0.292682927,-0.237641183,-0.197805454,-0.004039213,0.0944775311,0.1129228221,-0.02707346,-0.034102962,0.6620061548,0.0,2.1699110122,-0.516937666,1.712458287,-0.491075597,3.6361667569,5.745081266,0.0630246989,0.0,0.0,0.0,0.0,0.0,0.3684425226,3.0,1.4304324955,-0.179397294,-0.470687485,0.3571267321,5.2574558078,0.0664930772,-5726.751087,0.0232852488,11.743741944,0.001243944,-0.065322395,-0.077772707,0.0285669618,0.1212439418,0.0095828941,0.0,-0.010268473,-0.584685369,-0.049447395,5.0,12.505450399,1.2047175833,0.0,0.1085526049,0.0773406087,0.1170139845,0.563082537,6.2165825362,8.8393716e-08,1.8216091e-08,1.1944347409,1.4266743504,-0.308352496,0.1469829117,-0.69965477,-0.351147931
14051,0.9598716681,-0.215114178,-0.014623437,0.0,0.0718506128,0.0243438233,-1.873613854,3.7736518902,-0.853128181,-0.331291067,-0.320128145,-0.053652299,-0.15462572,-0.181851994,0.053652299,8.0,0.0,0.0833333333,-0.033125615,-4.090268472,0.3164319866,0.1125380196,0.4658922296,0.0055091112,7.5639873278,0.9137535328,0.0,31.116762374,5.8571308481,31.116762374,6.2131521364,0.0263746488,16.655367232,-2.392390344,0.0,0.0,1.0,0.0,0.0,-1.811832314,4.0,-0.854152517,-0.039768688,-0.094671225,0.7160197294,6.2143249682,-0.095104631,-5625.352141,0.0232852488,11.015188757,0.0,-0.053555732,-0.05657376,-0.00232619,0.8210395387,-6.231516681,0.0,-0.001680672,0.678988179,-0.020451478,3.0,11.773695826,1.2355295647,0.0,0.1178572029,0.0486673889,0.0808242454,0.8050710097,5.8085714884,1.1772261e-07,1.6795045e-08,0.9529306502,0.9080768241,-0.021026115,0.2043417016,-0.333472412,-0.24467985
13911,0.1751743219,0.0081442486,11.866616193,0.0,0.5337255962,0.331578924,0.0314971183,0.0564706894,0.1659713561,-0.005720229,0.0762891453,-0.070270836,-6.021505376,0.0571848853,0.0702708355,8.0,0.0,0.0447761194,0.0244408369,0.0896417467,-0.005697437,1.3504721931,0.0718389952,0.0032256677,-0.000333167,0.1699660072,0.0,1.1167178587,0.0677295086,1.1167178587,0.0677295086,5.9721345952,4.6062449311,0.0887956453,0.0,0.0,1.0,0.0,0.0,0.5735465601,5.0,-0.284721021,0.2314852551,0.0390153746,0.0045872088,-0.083793711,0.0125432974,28796.430034,0.0915965863,17.544032797,0.0006292738,0.010903622,0.0453125,0.0132165055,0.0654932801,0.0008192715,1.0,0.0002087334,0.4324269974,0.0312834028,5.0,17.82738624,1.3430526718,0.0,0.0435691997,0.0280302008,0.0357737845,0.3712540783,2.8845026516,7.952767e-11,1.6260835e-08,1.0531132906,1.1090476029,0.0357409371,0.0327190001,-0.280026123,-0.049938477
14102,0.3717194381,0.1212431649,5.2172193349,0.0,0.8119900864,2.7284495178,0.1519945441,0.0306358872,0.8741754906,0.0034795481,-0.10084861,-0.074722569,-0.71868151,0.2083783856,0.0747225687,8.0,-0.007868865,0.1,0.1479943956,-0.356619618,0.1076001876,0.070658296,0.0294799729,0.0376234446,0.5143740377,0.4544521523,0.0,0.9391855393,0.009346154,0.42677352,0.5902406973,37.731691952,154.01168736,0.2029688093,0.0,0.0,1.0,0.0,0.0,4.06490226,8.0,0.0079140595,-0.018680825,0.0646711364,-0.173355151,-0.348821647,-0.03105627,-7891.081478,0.1402277265,15.004950667,0.0014402153,0.0221886538,0.0672905408,-0.025923017,0.0895353367,0.0138510703,1.0,0.0069054812,0.530123547,0.0858645299,5.0,16.410326307,3.2281212276,0.0,0.0355668738,0.0207459693,0.0341318405,0.2930221932,4.6128643811,3.43703e-10,7.173153e-09,0.1466069374,0.0214935941,0.8012376819,0.0520692798,0.4814741305,0.2763973556
10232,1.259069134,0.1026537125,-6.526423668,0.0590894416,14.410172242,0.7330398191,0.0244680656,0.0622218121,0.0368291562,0.0031321185,0.0649522635,0.0012050349,0.1812935802,0.0840432534,0.0012050349,28.0,0.0060491475,-0.048,0.0593921667,0.1299392262,0.0330945127,0.0502645503,-0.069876302,0.0056869398,0.0440023741,0.6864965396,0.0,1.047071319,0.015525908,1.0368888946,0.0090607517,0.3329969614,0.0621301094,0.0087576101,0.0,0.0,0.0,0.0,0.0,0.457399562,6.0,0.0530568044,0.0064124309,-0.063071229,0.1519019527,0.3572002686,-0.069327321,-6835.09579,0.0256085935,11.314619605,0.0003367793,0.0023293242,0.0242438829,-0.014515009,0.1734100274,0.0362588705,2.0,0.0118951235,-0.680158041,0.0013370183,2.0,10.028128808,0.2119168072,0.0,0.0090180514,0.0013106713,0.0016524968,1.5923349656,1.3431720686,5.2119728e-07,1.1300035e-07,0.324496198,0.1052977825,-0.041449886,0.066540366,-0.714745895,0.0732063074
13962,0.1032725072,-0.03703569,5.9590182674,0.0,0.0798216392,0.0394709119,-0.852383438,1.0950399224,0.2534898404,0.2243374291,0.524694254,-0.070691051,-0.258144225,-0.027475141,0.0706910513,8.0,0.0079059741,0.0508166969,-0.06571738,-0.21107885,-0.138553418,0.1355860113,0.2357373573,0.0210044889,1.9471440505,0.9154205257,0.0,13.44995822,1.8459073336,12.831100569,1.993475414,0.2661850426,3.7722186495,-0.531195113,0.0,0.0,0.0,1.0,0.0,0.4842680339,3.0,0.8027074406,-0.308056886,-0.127187862,-0.140579432,5.8893679974,0.0592722223,-2774.236541,0.0232852488,13.678105836,-0.000390605,-0.060930733,-0.142272001,0.002421127,0.7496270653,-0.016257148,0.0,-0.003332639,-0.312766362,-0.078434652,6.0,15.134448431,3.1438081696,0.0,0.038848877,0.0792920878,0.0605231636,0.651996206,36.279255318,1.4676043e-09,4.2939183e-09,1.4159432437,2.0048952694,0.1011538102,0.0770399283,-0.217430894,-0.24467985
14239,0.1323997967,-0.213853643,-2.467574248,0.0209228974,4.5426183757,3.1462294216,0.0247896047,-0.059231132,0.2025000693,0.0284276639,-0.032972617,-0.072092658,-1.760725497,0.1626839192,0.0720926579,8.0,0.0080690079,0.0,0.0108806365,0.1353214183,0.0248437751,0.9348186774,0.2009673523,0.0112253666,-0.57551118,0.1938934285,0.0,1.7172622095,-0.001466646,1.1598238968,-0.066067117,16.163824487,5.6715745596,0.0173882859,0.0,0.0,1.0,0.0,0.0,2.8126270477,5.0,0.2110856014,-0.12581661,-0.037581677,-0.271062501,0.113424107,0.1449699409,-13685.63139,0.0642905452,14.038481193,-0.003247938,-0.009249468,-0.111821374,-0.022624676,0.0310519167,0.0051208409,1.0,-0.011773363,0.9348589792,-0.07999951,2.0,15.998064081,4.499178974,0.0,0.0595813021,0.0334559097,0.0613809334,0.283470064,5.6596791362,1.1559466e-09,5.5145397e-09,1.6870316536,2.8460758004,0.0337519279,0.072406967,-0.088038593,-0.091892872
90534,0.9495141626,0.0608880597,-18.40714845,0.0506788091,6.1431117112,0.3220617884,0.0303035266,0.3536298208,0.0532994387,0.1601049869,0.375720813,-0.002857257,-0.289355946,0.0785063819,0.0028572566,22.0,-0.000705324,0.0,0.2092699636,-0.183465876,-0.00063618,0.0793288483,-0.146976758,0.0028969649,0.2262366436,0.5734149167,0.0,0.9541283043,-0.013244795,0.9528758798,-0.011558992,0.9981935459,0.062268193,0.0126621474,0.0,0.0,0.0,0.0,0.0,0.3606638522,4.0,-0.005550572,0.0009257511,-0.015071229,-0.157653019,-0.483101706,-0.074864193,-6559.916562,0.0256085935,12.815788726,0.0004794302,0.0031632325,0.0243281722,-0.003244982,0.0845026702,0.0070424381,1.0,0.0003958828,-0.251930447,-0.00639612,5.0,11.808082992,0.3009932714,0.0,0.0193734262,0.011052723,0.0189298326,0.2843746416,0.4699902709,1.434765e-08,7.287278e-08,0.8740962446,0.7640442448,-0.000852299,0.0323173886,-0.116959147,0.0732063074
12166,1.8366090217,0.0301279873,-5.385361795,0.0055022027,17.182530749,0.9012464903,0.0184842259,0.5161015656,0.0370716101,0.0002889044,0.5386268718,0.003754717,3.1228729719,-0.06395789,0.003754717,28.0,0.0093919074,-0.166944908,0.1756038009,-0.338182558,0.0675415223,0.0416947113,0.1691564979,0.0161117413,0.2364870288,0.5511949778,0.0,0.8625908782,0.3457911407,0.8489981068,0.3350564315,0.1950019347,0.0574331011,0.0033710653,1.0,0.0,0.0,0.0,0.0,0.4971224234,4.0,0.0980124173,-0.00044233,-0.182016138,0.7294418404,-1.173891401,-0.217328465,-6707.859642,0.0256085935,12.495268336,0.0005025454,0.0011336253,0.0190237828,0.0248215647,0.071031812,-0.064053049,1.0,0.0032467532,0.8222361151,-0.045313381,2.0,13.130235084,1.596004602,0.0,0.0357894897,0.0262632355,0.0373637337,0.3447698016,1.489899108,1.5919865e-08,2.6815708e-08,1.2781490074,1.633664885,0.0408630214,0.0542236267,0.5746706206,0.0732063074
13963,0.5392749833,0.0216734557,0.8300529249,0.0077499023,0.5007881802,0.614606661,0.0413235294,0.1760044878,0.3174391698,0.0038891994,0.2985354223,-0.058455788,-2.748484848,0.0812426202,0.0584557876,9.0,-0.006122712,0.0212765957,0.0388543517,-0.184943915,0.0945958236,0.205624433,0.0590935471,0.0482434612,0.0829596413,0.3132807227,0.0,1.377860235,0.0677322018,1.2996289425,0.1196931654,4.1851520572,6.0257566001,0.149662888,0.0,0.0,1.0,0.0,0.0,0.5900817726,6.0,0.125048167,-0.038337752,0.0351839015,-0.101472929,-1.222458753,-0.051628763,11443.659299,0.0985382656,15.858676341,0.0031944444,0.0116868404,0.0238704177,0.0276080744,0.1279083932,-0.059211846,1.0,0.0042498938,0.5911934289,0.0362636177,4.0,16.497700766,1.4999352158,0.0,0.0319656543,0.0179317686,0.0278981967,0.1942128096,1.1067129755,3.194882e-10,1.9283347e-08,0.9676217647,0.9362918796,0.0834922248,0.0369473354,-0.006763653,0.1210215137
13959,0.0847009528,-0.066334202,32.456836735,0.0,0.9238475719,1.1226961706,-0.052427622,-0.065750993,0.1361596115,0.005664567,-0.012245844,-0.088460015,-1.392278258,0.0260214651,0.088460015,8.0,-0.000622823,-0.056179775,-0.148690234,-0.111529946,-0.199906833,0.0681526363,0.0447972564,-0.016638531,-0.412726662,0.5260099539,0.0,0.4079547214,-0.19257744,0.2909860531,-0.277774725,50.211096939,113.37989631,-0.004755476,0.0,0.0,1.0,0.0,0.0,0.9529770026,2.0,0.4603095734,-0.182321484,-5.551846527,-0.440915815,-0.234553416,-0.042736905,-7871.14387,0.0823714328,12.450198355,5.5070628e-06,0.0130416071,0.132522642,0.0355456133,0.0091408103,0.0227766182,0.0,0.0025423729,1.8170892533,-0.063254187,5.0,13.093127778,1.484884186,0.0,0.1325051486,0.0416369552,0.054184481,0.5363667094,4.3862897726,1.679236e-08,1.540209e-08,2.1925193672,4.8071411755,0.0909799424,0.0680053233,-0.546942295,-0.164654644
10629,1.5879639403,0.093604125,-24.21989516,0.0540146654,10.602244815,0.4701888571,0.0174505354,0.0791275459,0.0319408638,-0.010414904,0.0895667967,0.0048077922,0.6049033936,0.0369826721,0.0048077922,28.0,0.0024293793,0.0027053615,-0.071500033,-0.158236273,0.0141128579,0.1220841509,-0.009374319,0.0026497183,0.0159128978,0.5263688558,0.0,0.9148897741,-0.045964999,0.9092438706,-0.048770953,1.0387960954,0.0572463739,0.0110098991,0.0,0.0,0.0,0.0,0.0,0.2314976968,4.0,-0.013831147,1.90344e-05,-0.012365868,0.480796759,-0.684828717,-0.116387903,-3820.125642,0.0256085935,15.218577117,0.0002778505,0.0029035307,0.0221387731,-0.002016529,0.1044180788,-0.013847142,3.0,0.0034423408,0.2957973253,0.0264887146,2.0,15.919674245,1.6488614486,0.0,0.0252312217,0.0158204761,0.0245694119,0.2224703226,1.6574379057,4.143707e-10,1.4302322e-08,1.3254269375,1.7567565667,-0.007724651,0.03771031,0.0869428437,0.0732063074
14044,0.1330553871,-0.109032145,4.3785792306,0.0,0.151024359,0.0676754004,-1.13476393,-0.042424229,-0.338761773,0.0130553647,0.8122639511,-0.041992484,-0.111833705,-0.096838677,0.0419924838,8.0,0.0084498819,0.0485074627,0.7232851618,0.0652787645,-1.001822195,0.0799714145,0.2470675326,0.0090284381,-0.376295806,0.7761445673,0.0,6.7448884463,0.0241975011,6.589179397,0.0126900399,0.3546617469,8.0001574865,-0.903753917,0.0,0.0,1.0,0.0,0.0,-0.498933692,5.0,3.2954642668,0.1149084774,-0.129497096,-0.110796552,6.1686092493,-0.010091314,-2743.941601,0.0232852488,14.000922578,0.0,-0.04494765,-0.048936123,0.0,0.8213160186,-18.76666667,0.0,0.0008667389,0.4043542394,-0.069491188,5.0,15.037277536,2.1298557496,0.0,0.0431606658,0.0365987241,0.0601129131,0.3172453939,4.1487867765,2.0687804e-09,9.9985396e-09,0.7528181706,0.566735198,0.0265692312,0.0669761874,-0.374847122,-0.24467985
14056,0.0712947654,-0.290455451,3.5020367622,0.0,0.1594578145,0.0026670592,-8.876676888,-0.155782715,-0.853128181,0.6726456592,0.1414049587,-0.095373339,-0.082760266,-0.266417281,0.0953733394,8.0,0.0,-0.368421053,-0.894182318,-0.271733338,1.1531279887,0.25,-0.107142857,-0.093478077,-0.466476585,0.9546319924,0.0,1.9742540665,-0.302610773,1.9742540665,-0.302610773,0.0121419185,6.2432432432,-1.940797345,0.0,0.0,0.0,0.0,0.0,-2.158285813,1.0,-14.07756955,-0.077714852,-0.546425611,-0.172557173,5.2163755492,-0.179669918,-5659.838372,0.0232852488,10.276616769,0.0,-0.077808824,-0.104658564,-0.000112482,0.9564260038,0.0120091896,3.0,0.0287206266,-0.421147325,-0.019122008,2.0,11.295966766,1.4148162328,0.0,0.0357143357,0.0261110108,0.0550784034,0.3749739627,1.436023706,2.128954e-07,2.7836307e-08,1.7479984827,3.0554986955,-0.153488594,0.1743209134,0.0811408282,-0.24467985
89875,0.5454897779,-0.062849788,8.9248677518,0.0,0.740020854,0.5810985255,0.0037257956,0.0096346453,0.2762347605,0.0218362283,0.0880826892,-0.082387506,-1.677088877,0.0425548924,0.0823875056,8.0,0.0275387563,0.0917159763,0.0093344372,-0.318744422,-0.150101054,1.0816351256,-0.016825384,0.0396572597,-0.080318247,0.2855529196,0.0,2.1678991918,-0.28763499,1.3939795074,-0.383832525,26.510045778,2.1763072458,0.0867145055,0.0,0.0,1.0,0.0,0.0,0.5480212979,3.0,1.2792544814,0.0053530095,-0.086288582,0.3016378392,5.8682903262,0.1293022554,-5387.690461,0.0232852488,13.140354589,-0.004998044,-0.009261515,-0.023171475,-0.002195334,0.0324239989,-0.014286132,1.0,0.0094454601,10.682574947,0.2629632168,6.0,14.147750544,1.6630308656,0.0,0.0573718213,0.0256738521,0.0407720786,0.3020073974,1.5647547587,7.0637203e-09,1.9338596e-08,0.9531722526,0.9085373431,0.1017975028,0.0701437783,-0.333737602,-0.24467985
77643,1.0161113366,0.0698382389,-21.83807286,0.0408701129,7.6064384415,0.3762433259,0.0215322855,0.0913890655,0.0368320328,-0.022184474,0.1029047134,-0.003712059,-0.439119365,0.100505562,0.0037120594,29.0,0.0018914791,-0.113303628,-0.036674465,-0.121784374,-0.065390004,0.0928400137,0.2289260367,0.0005636211,0.0122690437,0.573934375,0.0,0.9478992604,0.0083029267,0.9432410327,0.0062679611,1.109663723,0.0594132862,0.0111587569,0.0,0.0,0.0,0.0,0.0,0.2898921533,5.0,-0.033453983,0.0004272758,-0.128374858,-0.091055845,-1.137985769,-0.052865013,-5823.937502,0.0256085935,14.055432936,0.0004250021,0.003625882,0.0308129199,0.0008314632,0.035311158,0.0269741133,1.0,0.0029347029,-0.123107824,0.0014388342,4.0,14.568814928,1.3290180985,0.0,0.0262249913,0.0154451318,0.0246843763,0.2924098724,1.7698350931,1.4552223e-09,1.671182e-08,1.0380236566,1.0774931117,0.025253024,0.0356391242,-0.178856702,0.0732063074
14099,0.1500376169,-0.096337429,9.4678050628,0.0,0.2378198928,0.1833028816,-0.268299774,0.1166164721,0.3144931722,0.2003354214,0.0127748734,-0.05469288,-0.208696946,-0.076232102,0.0546928804,8.0,-0.019894227,0.0902255639,0.3064378851,-0.400397558,0.1128508879,0.2179479326,0.6540475925,-0.024891016,0.3333050344,0.4362934099,0.0,1.4140663695,0.372977961,1.1409113422,0.7731344919,2.4224480778,3.7945219025,-0.335738686,0.0,0.0,1.0,0.0,0.0,0.9094999576,6.0,2.1569694159,0.0228164556,-0.087778995,-0.093814322,6.83216179,0.0105152609,-5537.103121,0.0232852488,12.261801509,-0.00055507,-0.057756547,-0.142589389,0.0064552977,0.1831673525,-0.002144461,0.0,0.0,-0.698102002,-0.008803857,6.0,13.084649587,1.2166708704,0.0,0.2711777985,0.0759496772,0.0737465621,0.6428110491,4.7148256789,5.8644451e-08,2.5877042e-08,1.2473695067,1.5559306862,0.0617951038,0.0948592923,0.7973304417,-0.24467985
77379,1.1333128879,0.1022159411,-6.11020682,0.0271713982,7.5186009606,0.3852954764,0.0301212404,0.1328015908,0.0443159138,-0.013316839,0.1428047098,-0.005496228,-0.437950375,0.1469814509,0.005496228,28.0,-0.000609035,-0.041797283,0.0820373934,0.1098039292,-0.004106993,0.0897929103,0.2759859089,-0.000831914,0.0706302636,0.5545398287,0.0,0.8578466937,0.0125247561,0.8575772542,0.0135307166,0.3085587537,0.0791813648,0.0161417814,0.0,0.0,0.0,0.0,0.0,0.3197479233,5.0,0.0421105446,-0.000249411,-0.056868513,0.0261457066,1.9669313052,-0.006389124,-6348.843492,0.0256085935,13.180593958,0.0003070618,0.0033866941,0.0273699638,-0.003770778,0.159193542,0.0319920519,0.0,0.0016646849,-0.495852873,-0.016162363,4.0,13.575822978,1.2617399238,0.0,0.0252404585,0.0124135319,0.0195509965,0.2956694018,1.2237122131,4.1746721e-09,2.4685337e-08,0.8078481114,0.6526185711,-0.039437398,0.0299185832,0.0274351392,0.0732063074
10253,2.007708564,0.0979497285,-10.23944891,0.0,0.4221696455,0.4781056133,-0.264586486,3.5628691983,0.3079672375,-0.83869987,0.960469268,0.1734544546,2.7246986263,-0.168933762,0.1734544546,8.0,0.0044081953,-0.07,-0.102941934,-0.020997816,0.0143566543,0.2504621072,0.1210141608,-0.156912385,4.9427781842,0.1240931146,0.0,1.4032912534,-0.219893198,1.1829350766,-0.147663284,3.3316111749,4.4529411765,0.4006719504,0.0,0.0,1.0,0.0,0.0,0.4885800211,4.0,-2.585734122,-0.683308299,-0.284824431,1.9298393695,-28.92173156,-0.166540816,-14561.8767,0.03476008,10.46917897,-0.019806569,-0.034515408,-0.039387047,0.0085445709,0.3171821651,0.2579251863,1.0,-0.023255814,1.192395157,-0.153079584,1.0,12.708096959,3.4851524927,0.0,0.0667242184,0.0354530433,0.0891476518,0.5660232474,2.9372541246,1.5499466e-07,2.0359586e-08,0.4517280173,0.2040582016,1.0626053941,0.1355196546,-0.058481543,-0.054879185
11006,0.9586705516,0.0970237197,-16.12553935,0.0415193609,8.6232335816,0.3421532541,0.0171396326,-0.007004173,0.0276018383,-0.006016294,-0.01259513,-0.001183301,-0.117273014,0.1084019838,0.001183301,28.0,0.0,0.0263929619,-0.059296521,-0.009108168,0.0806153834,0.0821872184,0.0955608609,-0.000809694,0.0462853501,0.5858208465,0.0,0.9668866217,-0.049413555,0.9668866217,-0.049413555,0.6880415945,0.0484272686,0.0123184074,0.0,0.0,0.0,0.0,0.0,0.2906853624,5.0,0.0519031286,0.0043302607,0.0113217324,-0.14849663,-0.529872195,-0.044968591,-6450.941292,0.0256085935,12.868857304,9.49815e-05,0.0027785474,0.0274142913,-0.009048218,0.06323532,-0.012759462,3.0,0.0014563107,0.0731243283,-0.011560727,5.0,12.461622157,0.4940396396,0.0,0.0192413609,0.0235860543,0.0229999204,0.4009881598,1.318890104,1.2829574e-08,4.7670415e-08,1.0324739247,1.0660024052,0.0213479048,0.0335632822,-0.113491211,0.0732063074
14072,0.0350931525,-0.054213263,17.767627875,0.0,0.1292539098,0.0539024219,-0.341586236,-0.309757484,0.137696566,0.1493676313,-0.35578255,-0.069454144,-0.257793453,-0.040237439,0.0694541442,8.0,-0.012300902,-0.443407235,0.1372985604,0.358474403,0.1405878171,0.3408541681,0.4846938565,-0.133486044,-0.063267839,0.4597261584,0.0,3.5356897002,0.852084624,3.2660526503,0.8368538585,1.0305742282,5.0510598717,-0.280873841,0.0,0.0,1.0,1.0,0.0,0.6185522444,5.0,2.6836405703,0.1297122905,-0.621411793,-0.208758786,5.142338982,0.0465099244,-3832.288021,0.0232852488,12.528995281,-3.272e-05,-0.065376963,-0.165324506,-0.019629271,0.3035614316,0.123828653,1.0,-0.002004008,0.197152366,-0.0800488,4.0,13.754755402,1.6333386296,0.0,0.1145374402,0.0566315435,0.0793607952,0.6051476944,5.3599088499,2.5563103e-08,1.7303013e-08,1.0873211197,1.1822672173,0.0012686861,0.1171588588,-0.349072035,-0.24467985
14097,0.1627492638,0.0205196355,14.098222885,0.0,0.1284010406,0.2015334432,0.1295249638,1.1114840247,0.4963073348,0.0841048782,2.3103846625,0.0083961143,0.0877759887,0.0187185042,0.0083961143,8.0,-0.001491658,0.1538461538,0.1857926553,-0.136823898,0.0206543247,0.1790789501,0.2801627353,0.1286491738,0.7033893889,0.3946977617,0.0,3.5187890368,0.1464005487,2.7503522,0.6471292205,3.5582023478,7.3481690513,0.3373042568,0.0,0.0,1.0,0.0,0.0,0.6942539081,4.0,-1.380285757,-0.240938056,0.1505069498,-0.25667221,-0.250961283,0.0962725756,-13294.34232,0.0629453635,15.054220966,0.0034374539,0.0301398221,0.0544812145,0.014252235,0.2122932564,-0.004240705,0.0,0.000345925,0.7955361803,0.0713564917,6.0,15.828051099,1.2289101363,0.0,0.0456626564,0.0284221235,0.0468070256,0.25106605,1.1169277073,1.3310267e-09,2.3063346e-08,1.3859979103,1.9209902073,0.1260814967,0.0584612088,-0.541652379,-0.107827317
86382,1.083301163,0.0855880837,-13.16938204,0.040951677,7.9102089361,0.379444428,0.0236367271,0.0874939883,0.0373775917,-0.007026958,0.0942366018,-0.006813811,-0.68718608,0.1444030235,0.0068138106,24.0,-0.002408327,-0.120836055,-0.058787811,-0.070791729,-0.0196112,0.1955704839,0.3025904988,-0.004354907,0.0406699584,0.5302326003,0.0,0.8583982044,-0.06235948,0.8529378651,-0.058990461,0.6460989025,0.0662676078,0.0144560287,0.0,0.0,0.0,0.0,0.0,0.2969460045,3.0,0.0451077429,-0.004580807,-0.135907284,-0.023866018,-1.259015675,-0.008967551,-5703.204442,0.0256085935,14.032329424,-0.000252665,0.002089413,0.0192770852,-0.000575265,0.068518675,-0.014381928,0.0,0.0020300447,-0.115348463,-0.049913555,4.0,13.611577823,0.5889610507,0.0,0.0293996278,0.0176569123,0.0362162887,0.4266161415,1.8919260501,3.2176709e-09,3.0816235e-08,1.2412891824,1.5407988344,0.0090048732,0.0326398788,-0.14176621,0.0732063074
18926,0.5774099907,0.0082683532,1.0861935909,0.0,0.488788967,0.336203931,0.1224074999,2.1832143921,0.5006802883,1.13618094,1.8074748276,-0.111525438,-9.449469112,0.0863999014,0.1115254383,6.0,0.0922925933,0.0,1.9908270234,0.9509584582,0.4397805734,0.0724404115,-0.069782074,0.4040183934,2.5899334837,0.5590145859,0.0,2.901353166,1.5747713763,1.9659036301,1.5328427896,2.4340627275,15.079234679,0.1869203999,0.0,0.0,1.0,1.0,0.0,0.9494987086,7.0,0.6166753626,0.1312165078,-0.05406439,0.2285580486,-28.28537139,0.1203047697,1029.0091277,0.0885761255,14.585043274,-0.004974358,-0.00217714,-0.003436467,0.0003406941,0.1254808548,-0.819897302,0.0,-0.005700579,0.0699339196,-0.003892115,5.0,15.494177139,1.5477880422,0.0,0.0383522697,0.0313905097,0.0421012122,0.2706128915,1.7315813001,1.8547774e-09,1.9336649e-08,0.9078394054,0.824172386,-0.083037553,0.0676537482,0.0412054236,-0.017140666
77889,1.2090154671,0.1276945148,-10.21290955,0.0334989367,14.78314259,0.7083396761,0.027379099,0.2020676451,0.0428022499,-0.016455696,0.2175236136,-0.001466253,-0.16819594,0.1491722137,0.001466253,28.0,0.0055456864,0.0,0.0277766622,-0.078780888,-0.02991072,0.0840569377,0.1163786739,0.0046497049,0.0405510561,0.5765944714,0.0,0.9223786283,-0.036244293,0.9132867349,-0.042127261,0.5137989186,0.0667869408,0.0117473155,0.0,0.0,0.0,0.0,0.0,0.4900905193,4.0,0.0418911183,0.001292529,-0.015071229,0.1018482858,-1.17240792,-0.004198361,-6767.219142,0.0256085935,11.910073273,9.4904405e-06,0.0024878019,0.0336100983,0.0008773726,0.0789778035,-0.018644896,0.0,0.0155913978,0.0299355144,0.029210116,3.0,10.579930521,0.3657226072,0.0,0.0492675826,0.0203211997,0.0283239254,0.6958531575,1.4556226275,5.1365664e-08,5.0853386e-08,0.838462924,0.7030200748,0.1546797196,0.0463336427,0.0694468054,0.0732063074
14159,0.135873664,-0.03843207,2.4216398955,0.0010572838,0.3915320361,0.1743756268,-0.090095325,0.1229537178,0.2325200676,0.0824799041,-0.03512943,-0.098494093,-1.457759897,0.0175926606,0.0984940929,8.0,-0.000609155,0.0,0.0578438782,0.1621486974,-0.033468132,0.7005702375,0.1600013146,-0.002412051,0.0445197573,0.4548612491,0.0,2.0726481042,0.3409430689,2.0673107412,0.3435155089,0.7228155705,6.1245905909,-0.057953175,1.0,0.0,0.0,1.0,0.0,0.8722526102,5.0,-2.870351824,0.078990934,-0.214824431,0.0580044694,-28.67308506,0.019985607,-9204.282624,0.03476008,15.453115301,1.479e-05,-0.03222443,-0.095913899,0.0051736237,0.3867015504,0.0536859278,0.0,0.0117977528,0.37095763,0.0170140704,2.0,17.977443772,7.2707806232,0.0,0.0090180514,0.0049623069,0.0071876177,0.4890263223,12.651274793,3.549944e-11,4.7066059e-09,1.1046977009,1.2203570105,-0.017195672,0.0630407545,0.3828367148,-0.054879185
14934,0.1409250369,-0.044082349,10.244655058,0.0132170113,0.2459071886,0.1760678237,-0.028441079,0.0758543596,0.3604679016,0.3517920729,-0.032917826,-0.094314947,-0.855846422,-0.006354628,0.0943149473,8.0,-0.020655435,-0.366666667,-0.332263523,-2.768160959,-0.004083408,2.2480733409,-0.398667122,-0.013534015,0.3639612807,0.1941561155,0.0,0.9105515217,0.5350843336,0.7920593233,1.1801807576,2.5221512012,85.395522388,-0.125322997,0.0,0.0,1.0,0.0,1.0,1.0089352197,4.0,51.809911872,0.0143665208,-0.447572437,0.3383245824,-1.971766313,4.1071437552,-7457.635851,0.0357482652,9.7565755832,0.0,-0.025136056,-0.03349507,-0.006970766,0.4227743918,0.0039619221,0.0,0.0118720859,-0.819677871,-0.077029597,1.0,12.495163497,8.5738559366,0.0,0.0337079018,0.0261049543,0.0719368188,0.7170113151,10.558467231,1.330995e-07,7.1484006e-09,1.6536787881,2.7346535342,-0.528481486,0.2529620876,0.0660318223,-0.145662284
14076,0.219877496,0.1082702477,12.066483068,0.0019348995,0.533247094,2.6651979153,0.2202133143,-0.000558202,0.5369529622,-0.10541694,0.0092346885,-0.06610955,-0.45998446,0.1580728791,0.0661095498,8.0,0.0191702805,0.0,-0.214605042,-0.190891913,0.4954749936,0.0810301196,0.014320648,0.0921033046,-0.023536737,0.5641528093,0.0,1.1771794389,-0.163652762,0.6516663529,-0.318933137,58.094743276,56.305094787,0.2902424851,1.0,0.0,1.0,0.0,0.0,1.7313823163,6.0,0.0229135144,-0.683308299,0.0056868798,-0.202944959,-0.659411874,-0.072382447,-3125.335506,0.4119188279,15.557913969,0.0044831791,0.0260906651,0.1372212693,0.3935974277,0.0735901131,-0.068401328,0.0,0.0039459524,0.3100113572,-0.077656489,4.0,16.467016145,2.6280748148,0.0,0.0534257926,0.0189760148,0.0295293487,0.3394615684,4.1986610938,2.075031e-10,8.2637413e-09,0.4172645924,0.1741097401,0.221561436,0.0448858139,0.2652796246,0.0086816377
11565,0.9946308704,0.098424798,-18.450967,0.0304374151,7.4637231791,0.3868582096,0.0278117847,0.1219374597,0.040795307,-0.024346318,0.1314784376,-0.001844173,-0.149870801,0.1131758014,0.0018441735,22.0,0.0013710045,-0.028605483,0.0734619832,0.0206372226,-0.010106576,0.111561802,0.0929210433,0.001455927,0.0551703218,0.5168182527,0.0,0.9014253168,-0.051086042,0.8980164564,-0.052692237,1.0408194034,0.0706587521,0.0161648137,0.0,0.0,0.0,0.0,0.0,0.3262781945,3.0,0.0264958307,0.0013202894,-0.043676712,-0.112536311,-0.304233672,-0.040194773,-6179.657982,0.0256085935,13.543250315,-4.6631e-05,0.0037764188,0.0324772585,-0.002427993,0.1297521714,0.1007708176,2.0,0.0044028619,0.2552451833,-0.024509808,6.0,13.356050783,0.68573046,0.0,0.0317716822,0.0163841849,0.0246937293,0.4007932178,1.440744958,4.2522537e-09,2.7969465e-08,1.4169542337,2.0077593004,-0.012771842,0.0385528867,-0.125145545,0.0732063074
75714,1.168752311,0.0118484747,-3.042170732,0.0,0.2934902369,0.6820263566,-0.098357229,0.1308836872,0.2355470876,0.1276199628,0.1765425132,0.025325079,2.9445544554,-0.023040004,0.025325079,32.0,-0.016656306,-0.007874016,0.1608098395,-1.100163094,-0.170423023,0.7445460943,0.3626671726,-0.021883506,0.1199694231,0.3370068193,0.0,4.1259687192,0.0238326858,2.6516838101,0.2058195408,5.9083333333,2.3512901399,0.2265243507,0.0,0.0,1.0,1.0,0.0,0.2820495526,5.0,0.5208026703,0.1200631977,-0.045455693,0.7652900135,0.334524831,-0.040753982,-16324.28287,0.0642905452,9.775797088,0.0001038565,-0.036386512,-0.046527093,-0.026972072,0.1447015549,0.0264551463,0.0,-0.017265925,1.4144162236,-0.011724548,2.0,8.9470262335,0.6194830682,0.0,0.1585365832,0.0612238538,0.0848395369,1.0696614562,5.9884879214,1.6797578e-06,3.6621416e-08,0.670510985,0.449584981,0.2266296802,0.0976228541,-0.187702706,-0.091892872
14273,0.0521785006,-0.000532454,9.5662765049,0.0,0.1405060842,0.0551487213,0.0514453983,0.5119281557,0.3271045361,0.0638241874,0.6579220315,-0.129757428,-39.00707282,0.0202370091,0.1297574284,8.0,0.0,0.3854389722,0.568014679,0.8538395781,-0.141820933,0.3388767632,0.1572248775,0.0839826514,0.2221322337,0.5567163626,0.0,10.780401341,-0.046657337,10.780401341,-0.046657337,0.5624743571,49.898396964,0.0427039827,0.0,0.0,0.0,1.0,0.0,0.8434974711,4.0,-2.925733911,0.0700127086,0.170614541,-0.025690694,-25.94542736,0.0226299555,-2914.649824,0.03476008,14.957856646,-0.000136228,0.002110794,0.0049712904,0.001818557,0.5497050191,-0.025600109,0.0,0.0001470156,10.682574947,-0.242631495,8.0,16.793752673,4.8195480361,0.0,0.0216903482,0.0319524882,0.0490033027,0.2713690089,5.2236759583,3.833514e-10,6.7678851e-09,0.9102690667,0.8285897737,0.1670990585,0.0787054796,-0.241813593,-0.054879185
14149,-0.103814406,-0.051906135,1.9877871372,0.007823199,0.7087749887,0.5728346231,0.0347886803,0.0925250917,0.4803140348,-0.014090091,-0.071511529,-0.149694189,-2.138041734,0.0590713474,0.1496941885,8.0,0.0,-0.230769231,-0.093156254,0.1664444522,0.037927195,0.2514525825,0.2251886735,0.0335802558,0.8949851817,0.7332614137,0.0,3.7424949422,0.5197801107,3.7424949422,0.5197801107,1.4432399847,7.1801044317,0.0020809722,1.0,0.0,1.0,1.0,0.0,-5.312782717,6.0,-2.876135671,-0.052544643,-0.445593662,-0.1816836,-28.26265007,0.0614642938,-14130.19838,0.03476008,12.794367479,0.0001009218,-0.051246679,-0.83573841,-0.004201344,0.3743507458,0.0493648848,0.0,0.0036036036,-0.136782223,0.0045550842,6.0,12.876509069,0.6624737328,0.0,0.0279187765,0.0181864808,0.031424875,0.4011841027,1.0994772807,1.9140922e-08,3.9995473e-08,1.5132658918,2.2899736594,0.0391231395,0.054358631,0.1610644231,-0.054879185
14245,0.0481964568,-0.021737061,15.423070389,0.0,0.0298389226,0.0039407958,-0.593264917,1.0592475701,-0.413525477,0.1583520401,3.1380437428,-0.290155732,-0.773748897,-0.004918034,0.2901557318,8.0,0.0,0.5674157303,1.943258427,-4.071741573,-1.674681083,0.0310588377,-0.516045807,0.2242931909,0.5707345773,0.8693073497,0.0,5.7772310785,-0.292604717,5.7772310785,-0.292604717,0.0650920657,4.4809693514,-1.152505668,0.0,0.0,0.0,0.0,0.0,-0.510710798,4.0,5.0909904453,0.0431969489,0.3894111718,-0.195655482,5.6105853961,0.081829329,2230.1108389,0.0232852488,14.830641301,0.0,-0.042640002,-0.057584989,0.0011795728,0.6893367771,0.0286777899,1.0,0.0023620719,0.0824605604,0.0611363603,6.0,16.295732318,2.6016447788,0.0,0.0657724813,0.0461864748,0.0737074633,0.1443249738,1.7839125137,1.0277192e-09,9.8465851e-09,1.2864335737,1.6549113395,-0.151752423,0.1023099025,-0.084776058,-0.24467985
14145,1.300463624,-0.273541424,-3.339444068,0.0,0.9495891403,1.0979797001,-0.088838634,0.0299469823,0.1750099074,0.2467725919,0.0511990302,-0.030482361,-0.247091631,-0.205951627,0.0304823613,8.0,0.0535419942,-0.139004815,0.2292164382,-0.024368903,-0.135155508,0.0948347591,0.0122881913,0.1184469555,0.0149638049,0.5846266969,0.0,2.0278531818,-0.039156203,0.9575755226,-0.188322893,4.681785529,5.400708975,-0.170321636,0.0,0.0,1.0,1.0,0.0,0.276353755,4.0,0.2645808788,0.1505387832,-0.176586492,0.8970013265,-0.50219397,-0.223665605,-16153.21829,0.0642905452,11.166973794,-0.004517997,-0.033387299,-0.056969033,-0.119631092,0.1057177573,-0.063896412,0.0,0.0125348189,8.1119041713,-0.224615704,4.0,12.354183577,2.5378157342,0.0,0.031999968,0.0330636625,0.0559758844,0.5182577495,4.2688152135,3.9495397e-08,1.227387e-08,1.2493157423,1.5607898238,-0.102993444,0.0762457375,-0.696440997,-0.091892872
14221,0.7747778952,0.0168376617,3.2434443647,0.0240127506,0.6655905231,0.398118654,0.0586650625,0.0074047851,0.1397431926,0.0310012333,0.0016554949,-0.109480858,-5.297511111,0.1060353618,0.1094808583,8.0,0.0,0.09,-0.057713085,-0.114145042,-0.122687468,0.5584171123,0.4151920125,-0.018497212,0.0397239529,0.3084940095,0.0,1.4190114717,0.0633815297,1.4190114717,0.0633815297,2.1942389072,8.5237606947,0.0840700944,0.0,0.0,1.0,0.0,0.0,0.1336992806,5.0,-0.443312107,0.05407027,0.037321891,16.909319704,-0.364025958,0.0268764056,-1403.273851,0.1000073361,13.002161094,-0.002328274,-0.045700444,-0.047767833,0.0340002924,0.1855748166,0.0135652973,0.0,0.0022464698,0.4430238776,-0.070174611,6.0,14.022901298,1.6581542614,0.0,0.0133166742,0.0147207351,0.0305853671,0.4990942155,4.1801522895,4.5401635e-09,1.5821318e-08,1.5733138017,2.4753163188,0.0357556463,0.0487427923,-0.127883357,0.1750913885
14169,0.523090134,0.0674471472,8.0785007912,0.0219530117,0.3033141764,0.4037492518,0.0794867731,0.1948041641,0.3098654747,0.7107096486,0.1873945652,-0.037049096,-0.416942008,0.0955686962,0.0370490958,8.0,0.0325675397,0.04,0.3243787281,0.1589860963,-0.376712619,0.4443131354,-0.230872265,0.0607156484,10.67693475,0.1899294479,0.0,1.0913971294,-0.124438857,0.845331369,-0.233880658,12.786117034,4.2109754606,0.3430671031,1.0,0.0,0.0,0.0,0.0,6.4746486863,5.0,0.0603638412,-0.13288877,-0.169278896,0.0166366897,-0.563738487,0.1675428165,418.34582731,0.130812276,15.267665026,0.0331283598,0.0346317151,0.0547129391,0.0038400749,0.053381629,-0.001612312,3.0,0.0010319917,0.5841129077,0.0655491287,7.0,15.431532955,0.9444147802,0.0,0.0204520542,0.0158340591,0.0236944199,0.3773089987,1.5524910381,7.22603e-10,2.5144042e-08,0.2638470226,0.0696152513,0.1182310562,0.0447027676,-0.174273617,0.4042341731
14317,0.4306979424,0.1224761174,37.898681209,0.0,0.259809925,0.8953974285,0.1811506889,0.096014981,0.3619780147,-0.014787649,-0.163036196,0.0697193347,0.3758532858,0.0764430662,0.0697193347,8.0,0.0394312815,-0.015739769,0.2882103458,-0.767810225,0.0935216505,0.0833528997,-0.10139611,0.0426999337,0.34762711,0.5479240896,0.0,59.253559061,-0.015709102,11.10565955,0.4647724291,65.881948695,20.4239212,0.4305094681,0.0,0.0,0.0,0.0,0.0,0.6694470967,6.0,1.8505205827,0.1584518562,-0.013271573,-0.20062826,2.1160060167,-0.157350145,-1986.524061,0.1021842523,14.611999595,0.0213479022,0.0488382519,0.0781635036,0.0631153609,0.021692948,0.0036559377,0.0,0.0004932704,1.7095172354,-0.063689942,3.0,15.76180338,3.0178878278,0.0,0.05980682,0.0298513431,0.0460938069,0.2439121344,3.7399752132,6.509045e-10,6.391239e-09,1.6931880104,2.8668856386,0.1404677715,0.066858209,-0.272928754,-0.280901789
14136,0.0091112827,-0.002421809,52.355309891,0.0,0.0546348688,0.0345389005,-0.132167531,0.505842852,0.642345633,0.0401426271,1.6556399786,-0.026300125,-0.575991614,-0.001026867,0.0263001246,8.0,8.25231e-05,0.3288192975,0.3110112554,-0.043200607,0.0087278788,0.3911174563,0.327124426,0.0718939967,-0.581271289,0.3979894287,0.0,2.1141215519,0.1081572083,2.1128637563,0.1083278026,1.8498889589,6.7240249043,-0.00572981,0.0,0.0,0.0,1.0,0.0,1.1835858925,3.0,-2.950196579,-0.028061767,0.1139948663,-0.068757912,-27.40511118,0.0013660793,19671.963756,0.03476008,15.785001178,6.89879e-05,-0.074543712,-0.83573841,0.0055377251,0.1756049215,-0.00262314,0.0,0.000137931,1.9828999309,0.2036527935,6.0,17.325929471,3.0673353504,0.0,0.0431878157,0.0342753006,0.057633601,0.2070071309,3.6751010445,2.970502e-10,8.6322913e-09,0.6605495265,0.436325677,0.4627545622,0.0722797058,-0.416260677,-0.054879185
14257,0.2301236925,-0.100904468,3.4208134121,0.0,0.0644435625,0.0815727219,-1.246384589,0.2119737217,-0.38112838,0.1488183991,0.0120430423,-0.051619978,-0.137514548,-0.087028636,0.0516199779,8.0,0.0,-0.036458333,0.6339970088,-0.177129796,-0.91163091,0.1943437627,0.0803877092,0.0158079494,0.2829491649,0.8500481593,0.0,6.1688473151,0.1619923126,6.1688473151,0.1619923126,0.3848479623,4.5441272042,-1.429983246,0.0,0.0,0.0,0.0,0.0,-0.516429055,6.0,2.5450270292,0.1209779683,-0.214462892,-0.013728246,6.3206592347,-0.000281273,-4460.689921,0.0232852488,12.991201987,0.0,-0.124171482,-0.16576345,-0.00201999,0.7621838025,0.2547937396,0.0,-0.006208214,0.0028864753,0.1077878643,3.0,14.147616595,2.1154770057,0.0,0.0828603283,0.0463259979,0.0687542163,0.3155291438,2.230322812,9.0519361e-09,1.3928372e-08,1.5526233396,2.4106392347,0.5942705438,0.1759150945,-0.237419455,-0.24467985
76908,0.847539813,-0.816470649,-0.208557416,0.0097874061,0.2297356127,0.0437060681,-0.907892398,0.0465237567,0.0121290737,3.8816859749,-0.132768655,-0.165149604,-0.213059752,-0.642513615,0.1651496043,8.0,-0.008089547,-0.153374233,-0.627827922,-0.822372286,-0.71756431,1.1868826893,-0.33301515,0.0964040707,0.1086522013,0.394539127,0.0,3.3076923077,0.5409077776,2.331907031,0.7551973913,0.1940353236,0.7967377666,-2.538780508,1.0,0.0,0.0,0.0,1.0,0.0159899163,4.0,51.316530023,0.1045229527,-0.234280003,1.0449393584,-1.964901325,3.4709847683,-7449.983476,0.0357482652,11.582113282,0.0003743262,-0.07579574,-0.082168735,0.004054573,0.5894653057,-1.221882182,0.0,0.0,1.9837535489,0.25957755,2.0,13.168748819,2.4845041395,0.0,0.0823177993,0.0430862237,0.0785386711,0.2857501602,2.986632259,3.0954346e-08,1.1891286e-08,2.2338430274,4.9900546711,0.0467740605,0.1697394181,-0.536537104,-0.145662284
14943,1.2372356332,-0.097853171,-8.083826836,0.0476666341,11.791950914,0.5236432207,0.0238244829,0.0720244685,0.0358484098,-0.005490483,0.0954769147,-0.01805309,-2.323026316,0.1294623207,0.01805309,9.0,-2.7024e-05,-0.022556391,-0.05834684,-0.153138109,-0.028558565,0.1552910545,-0.018142316,-0.001589059,-0.109644798,0.6426101742,0.0,0.9743027955,0.0650277444,0.9741329398,0.0650971314,0.3538477792,0.0551734429,-0.005952794,0.0,0.0,0.0,0.0,0.0,0.3135403085,4.0,-0.38644558,0.0009188057,-0.03762762,0.1300684519,5.1322002686,-0.023908254,-6766.876302,0.0256085935,11.700418849,0.0004566092,0.0013567203,0.0149619726,-0.006760622,0.1176572296,0.0352092812,1.0,-0.002985075,-0.635158463,-0.009079025,2.0,9.7277045726,0.2805383023,0.0,0.0475236811,0.0295371919,0.0357130467,1.3581261096,2.0618749581,7.75715e-07,8.0586184e-08,0.676781099,0.458032656,0.1309921915,0.0400461529,-0.146395375,0.0732063074
75912,0.1452422105,0.0339810832,34.087801102,0.0,0.1759244589,0.1287612893,0.0969525859,0.3325182145,0.4410332695,0.0089386437,0.2697889935,0.0274042882,0.2266906817,0.0262778883,0.0274042882,32.0,0.0,0.0746436008,0.2391253518,-0.062093967,0.0299848844,0.3374812926,0.0591209901,0.0059445928,0.4173271925,0.1896566147,0.0,1.3769213199,0.1246701443,1.3769213199,0.1246701443,5.5259393576,3.2900985304,0.2547418401,0.0,0.0,1.0,0.0,0.0,1.0022068517,5.0,13.137887556,-0.016687567,-0.240963992,0.1677769791,-9.221549833,0.2740423649,-1.572696095,0.0371991411,16.407762916,-0.03706938,0.0696452087,0.1698261639,0.0063893326,0.0725518906,0.0320028687,1.0,0.0035061357,1.2026679174,-0.044557338,4.0,16.495161963,1.2191589158,0.0,0.1717885286,0.0437851925,0.036548872,0.4512093514,4.2871987422,2.458854e-10,1.4725482e-08,1.1979782376,1.4351518579,-0.003685444,0.0374798021,-0.07576304,-0.054879185
85299,0.4858879209,0.0623628693,-17.59874203,0.0226115961,3.8253527613,0.177427713,0.0271015492,0.1786407021,0.0394362353,-0.008017607,0.1896236644,-0.000536504,-0.034279142,0.0645006149,0.000536504,22.0,0.0012416977,0.0299295775,-0.077864931,-0.220466899,0.0690848443,0.1065136855,0.076253334,0.0010936484,0.0988008582,0.61242454,0.0,0.9627549607,-0.03387514,0.960465017,-0.035038636,0.9600643388,0.0523014778,0.0191455567,0.0,0.0,0.0,0.0,0.0,0.3262164074,4.0,0.0543208578,-0.002662638,0.014858348,-0.62127926,-0.861079301,-0.08886996,-5523.251442,0.0256085935,14.428366844,1.65733e-05,0.0038696186,0.0356062015,0.000729623,0.0895453193,0.0117085247,0.0,0.0002807412,-0.071842134,-0.031905967,7.0,14.817797685,1.2984428838,0.0,0.022473501,0.013513159,0.0236098706,0.2399622713,1.5920128787,8.264284e-10,1.7872633e-08,0.7070221343,0.4998802984,-0.023186039,0.0396373418,-0.088752278,0.0732063074
14238,0.0378901641,-0.2894579,1.8767337039,0.0,0.5976885672,0.1314299259,-0.989602984,-0.111714773,0.1366900276,0.0076832024,0.3235302355,-0.277097255,-0.646697724,-0.102266135,0.2770972547,8.0,0.0140524868,-0.039473684,0.1895890568,-0.271066937,0.1149063677,0.0931464357,0.3536871063,0.0127372914,-0.856436059,0.8252435499,0.0,3.1755398576,-0.294185719,2.9165326595,-0.313339815,0.345883743,1.4840241334,-0.532546875,0.0,0.0,0.0,1.0,0.0,0.2119856244,3.0,2.0702674548,0.0217289587,-0.217478243,-0.205961775,5.2549557679,-0.015518772,-5113.885401,0.0232852488,12.753354212,0.0001581735,-0.11163959,1.0019437573,0.0171645732,0.4764242386,0.3827937059,0.0,-0.009649123,0.1257793574,0.0623721308,5.0,14.348778716,3.3223988647,0.0,0.1189258099,0.0445785542,0.0648246546,0.3926345656,4.0224156116,8.3646734e-09,1.0611822e-08,0.9882583687,0.9766546033,-0.150691377,0.0850040649,0.0483129218,-0.24467985
14258,0.0539145515,-0.611009781,2.5852238001,0.0,2.5963267091,2.7217130811,-0.212821002,-0.148768772,0.1647205141,0.028978763,0.0536650108,-0.17455001,-0.822467924,-0.108473835,0.1745500101,8.0,-0.001570827,-0.083333333,-0.289050468,-0.311836467,-0.264434874,0.0792141699,0.0429764157,-0.135031047,-0.916192191,0.5286715451,0.0,0.4037516749,-0.407118606,0.3097125263,-0.420713691,26.180208521,66.899632522,-0.168254637,0.0,0.0,0.0,0.0,0.0,0.7807924704,1.0,0.3570204326,-0.3182052,-5.579000085,-0.471702216,-0.151343232,-0.177232205,-8114.75627,0.0823714328,12.132671079,0.0095598493,-0.011118906,-0.83573841,0.1509240164,0.0383081477,0.0725354711,3.0,0.0,0.0962724574,-0.028666703,2.0,10.899378404,0.2032365375,0.0,0.0503937304,0.017250109,0.0528523756,0.7111134219,0.7686338143,1.046256e-07,1.1854084e-07,1.7478009105,3.0548080228,0.0565080578,0.0805068784,0.0844974231,-0.164654644
14274,0.4351969089,0.0717184187,7.8240283833,0.0,0.8918811644,1.2183234524,0.0971911949,-0.075714724,0.4889185423,0.0107829542,-0.1902635,-0.071264068,-1.372681571,0.1701649705,0.0712640678,8.0,0.0057115295,0.0,0.080937559,0.0946240932,-0.011557187,0.079108309,0.0128803648,-0.024293504,0.3016510371,0.3249877447,0.0,0.946075854,-0.225800492,0.3382996841,-0.431656875,42.322304864,34.091591488,0.1148387622,0.0,0.0,1.0,0.0,0.0,2.036042369,6.0,0.2767075045,0.1479348653,0.1003881155,-0.290368327,-0.283228183,-0.247561744,-3745.476273,0.4274172795,12.867321194,0.0002887946,0.0250754708,0.073589899,0.0587552611,0.0205990159,0.0132233626,1.0,0.0273109244,3.3634064995,0.2276214845,2.0,13.843354648,2.706077479,0.0,0.0596627817,0.0251322329,0.0426161612,0.3007164204,1.8938186118,7.7672152e-09,1.6314465e-08,1.7630499708,3.1083451995,0.1011737278,0.0911256087,-0.093272172,-0.183850483
14295,0.1849061095,-0.026346553,4.430066991,0.0,0.1254891261,0.0862193934,0.0165258673,0.0531906092,0.2239668485,0.0210115454,0.3525891328,-0.163212707,-1.874293121,0.0230346098,0.1632127069,8.0,0.0,0.1224489796,0.0742976456,-0.15101711,-0.053511941,0.2042865871,-0.241355523,0.0791240826,-0.084360229,0.7112770301,0.0,4.4228763853,-0.516810735,4.4228763853,-0.516810735,0.4971977723,3.5674336185,-0.136149713,0.0,0.0,0.0,1.0,0.0,0.3088626814,3.0,-3.668711825,0.073142908,-0.092375452,0.107036915,-27.63508207,0.0254275562,28505.106656,0.03476008,17.437998947,-0.014619302,-0.035028984,-0.069562998,0.0071980597,0.5082111637,-0.130106068,0.0,0.0001655903,1.5874601119,-0.120801943,4.0,18.926884363,13.499704913,0.0,0.2711777985,0.0702884887,0.0586397591,0.7935586652,91.408827685,8.779434e-12,7.722668e-10,1.1818997012,1.3968869036,-0.025921654,0.0587189274,-0.05399909,-0.054879185
14325,0.061417158,-0.005764717,11.273025306,0.0,0.0587017955,0.0836371901,0.0326725102,1.1968507559,0.8309190151,0.0494814466,1.6699254944,-0.113284574,-1.717497528,0.0041361703,0.1132845735,8.0,0.0281010048,0.4381591563,0.3768233947,-0.38758575,-0.023889561,0.14973852,0.1956393942,0.1380730428,0.8786894999,0.8596988296,0.0,6.1359916034,1.2086290026,5.5224165158,1.4173644547,1.0286512035,6.0688606363,-0.099455366,0.0,0.0,0.0,1.0,0.0,1.3240707974,4.0,51.921498338,-0.286697838,0.3572533862,0.2588167035,-0.569176886,4.1176345537,-1558.415051,0.0357482652,15.635395838,2.22887e-05,0.0072857592,0.0167415519,0.007396122,0.6997620781,-0.030814357,2.0,0.0004188306,0.6429703205,-0.028920014,6.0,16.276286028,1.6561762269,0.0,0.0412760787,0.028277157,0.0448476623,0.3630948297,2.8054911785,5.443044e-10,1.5045518e-08,0.9279318833,0.86105758,0.0933466443,0.0625275126,-0.775765698,-0.145662284
14316,0.0441709005,-0.171518125,4.106050111,0.0,0.2293957596,0.0925372763,-2.887182247,0.0613195553,0.3531290365,0.1308398348,0.0706189919,-0.118546807,-0.183616697,-0.140024534,0.1185468074,8.0,0.0075590489,0.2449567723,1.5895140978,0.9511269189,-3.142671011,0.0839233293,0.177253027,0.0039428674,0.0155101057,0.8579254209,0.0,4.5933093035,-0.235740079,4.5493912264,-0.242106061,0.420676066,8.220867945,-0.769366527,0.0,0.0,1.0,1.0,1.0,1.5473942219,5.0,4.4441988936,0.2364246533,0.0669522138,-0.199681038,5.6475317716,-0.053277171,-4602.122581,0.0232852488,13.090769077,0.0001836564,-0.180802395,0.6232497714,0.0372216534,0.8131321479,0.0067837206,2.0,0.0034364261,8.2892009337,0.2629632168,3.0,15.619003636,9.6761061724,0.0,0.0936228707,0.0409800987,0.0655166069,0.3760763538,8.6348872753,1.8412205e-09,3.9755722e-09,0.9066073113,0.8219368169,0.1986669681,0.1181864464,0.5326336417,-0.24467985
14359,0.2267105857,-0.027458625,3.0372883551,0.0,0.0518020009,0.0485917026,-0.840584192,0.0492264081,-0.105935099,0.0170644266,0.6976209944,-0.093672051,-0.927826576,-0.001981783,0.093672051,8.0,0.0,0.2168674699,-0.217013401,-0.301584882,-4.701042001,0.1794808252,0.0517041841,0.0171920925,-0.034991512,0.9063612558,0.0,5.2673610824,-0.372167121,5.2673610824,-0.372167121,0.2034716245,5.1244204987,-0.611395773,0.0,0.0,0.0,0.0,1.0,-0.119694673,1.0,0.6803206954,-0.056004251,0.0388629113,-0.017141353,6.3769408101,0.08476558,-3221.451631,0.0232852488,14.212529506,0.0,-0.05777873,-0.062124964,-0.008214168,0.413331249,0.1139062132,0.0,-0.002755664,0.2320952698,-0.102804981,6.0,14.730411392,1.2026994497,0.0,0.0697151646,0.0277307639,0.0436162191,0.3115429274,1.6943941229,2.7644001e-09,2.1086635e-08,0.6835479869,0.4672378504,-0.047263471,0.0565940961,-0.298065405,-0.24467985
14263,0.1478859598,-0.012255838,6.8751243402,0.0,0.0126146409,0.041245884,-0.301524133,0.6611303286,0.2841082511,0.1728161209,0.00486618,-0.068811743,-0.721819588,-0.003409334,0.0688117426,8.0,-0.005868578,-0.096045198,-0.023968164,0.0209384527,-0.054686169,0.4719301372,1.0336440526,-0.002688836,0.7591280199,0.8183441114,0.0,22.387164055,1.083689168,22.109647816,1.135290261,0.3362767772,6.3638481122,-0.752287691,0.0,0.0,1.0,0.0,0.0,0.3255768307,3.0,1.224445329,-0.270659235,-0.274049756,-0.095965979,5.9730386973,0.083338029,-2898.093681,0.0232852488,14.195643568,-0.00297258,-0.013751722,-0.014548326,0.0088648473,0.1417188432,-0.008560138,0.0,0.0,0.9721755205,-0.079221249,6.0,15.531785378,2.3311125108,0.0,0.070215635,0.0397724748,0.0684079827,0.250845263,3.5408054027,1.8680733e-09,9.8149927e-09,1.5904340414,2.5294804402,0.0567852936,0.0771338261,-0.534884951,-0.24467985
15383,0.2154040022,-0.119183585,1.8014394095,0.0,1.7990448586,1.3190858224,-0.034633857,0.0434881526,0.101057676,0.0167459097,0.1211364834,-0.062801726,-1.033606238,0.0040053119,0.0628017264,8.0,-0.002690961,-0.117647059,0.176183492,0.6007064999,-0.3341313,0.068197756,0.912919291,0.0247210591,-0.324503118,0.5079072826,0.0,0.8436449309,-0.125519957,0.7825361376,-0.085865998,5.8209144966,23.068909475,-0.01480357,0.0,0.0,1.0,0.0,0.0,0.453109518,3.0,0.2599908085,0.1753705155,-5.61331381,-0.310212765,0.4166832545,-0.064753058,-8114.17037,0.0823714328,12.618514041,0.0087289553,0.0502579428,0.2782055255,0.0941516335,0.0878704834,0.0825828668,0.0,-0.008419083,0.8751859895,0.1247649044,2.0,12.610547819,0.6503333436,0.0,0.0250544157,0.0239039625,0.046582757,0.3724620694,1.409481073,1.861675e-08,3.6113303e-08,2.2367366601,5.0029908865,-0.01045276,0.0902451252,-0.717269358,-0.164654644
14213,0.3727741555,0.0292023555,1.8614943823,0.0,0.1583476901,0.4887096473,0.1280472953,0.0988499846,0.3794275028,0.0063596659,0.0848048121,0.0063837393,0.110882861,0.0259643148,0.0063837393,8.0,0.0,-0.128848347,-0.11101053,-0.114099572,-0.014247151,0.1014237856,0.4318250226,0.030241145,0.1049267842,0.6009177446,0.0,3.5662292112,-0.114848428,3.5662292112,-0.114848428,1.7859694577,55.193317422,0.2407501574,0.0,0.0,0.0,0.0,0.0,0.5417724946,3.0,-0.432545012,-0.15313828,-0.181526456,16.507315964,-0.097822643,-0.053194641,-604.4824209,0.1000073361,14.391242509,0.0143724187,0.0414835467,0.0568381159,0.1078699524,0.4547115692,-0.005398112,2.0,0.0123092073,0.4413888963,0.0716295021,4.0,14.342341402,0.9510071141,0.0,0.0689066276,0.0345066641,0.0370898882,0.2647437031,2.0338585867,1.4903936e-09,1.4930657e-08,1.0841370763,1.1753532003,0.0865232973,0.0336328887,-0.360002147,0.1750913885
14550,-0.172978862,-0.337382388,3.6431334175,0.0,1.4416745335,0.8158100226,-0.096378131,-0.063770268,0.1659348718,0.2268262343,0.00293588,-0.332607049,-1.293334788,0.0989659913,0.332607049,7.0,-0.032355499,-0.139534884,-0.329775547,-0.033863327,-0.133441228,0.1710244321,-0.130686884,0.0460442336,1.1007151371,0.6336242711,0.0,6.9292579777,-0.253054555,5.4411123927,-0.217405654,2.7987794613,4.0639858217,-0.169758741,0.0,0.0,1.0,0.0,0.0,0.1685041716,2.0,0.9567463686,-0.107627171,-0.317539442,-0.4168308,5.8550604078,0.1857133542,-5664.937771,0.0232852488,11.248984929,0.0,-0.028473413,-0.131965475,-0.010934436,0.1488762977,0.7765593193,0.0,0.0145631068,2.0463820332,-0.131912022,5.0,10.766820421,0.3806791094,0.0,0.0560000427,0.0390602688,0.0806940481,0.6541442111,1.1246765827,2.5190907e-07,7.018569e-08,1.5543185373,2.4159061155,-0.019800057,0.098953613,-0.032901192,-0.24467985
14472,0.0180700515,-0.018058334,16.507046121,0.0,0.0886322088,0.056222484,-0.299502372,0.7450865817,0.8123947573,0.0404146094,1.0527226622,-0.201805002,-0.937857675,-0.001122187,0.2018050021,7.0,0.0,0.0921219822,0.1514575711,-0.10255057,-0.004018061,0.1194894637,0.7276917477,0.0065784513,0.0057627336,0.7422225563,0.0,2.2988238901,0.7589628618,2.2988238901,0.7589628618,0.9813150854,3.0547304702,-0.244372194,0.0,0.0,0.0,1.0,0.0,2.696018475,3.0,-2.950784546,-0.082004067,-0.122702449,-0.059799143,-28.85195313,0.0012707596,-9392.386754,0.03476008,15.370159406,0.0025969167,-0.02258382,-0.040874075,0.0036141279,0.7684873243,0.0916247778,2.0,0.0004930156,0.3689354295,-0.03516863,4.0,16.372673609,2.0805664568,0.0,0.07242468,0.0379826834,0.0524425937,0.3222361703,2.6933345453,7.308394e-10,1.2777155e-08,1.3401178996,1.7959159847,0.0213340484,0.0499528302,-0.555378268,-0.054879185
77415,0.8480012259,0.0745367214,-13.80483335,0.0337074664,6.9584800587,0.3531318911,0.0248196311,0.1252563189,0.0422831588,-0.003835879,0.1337625798,-0.00368292,-0.364256428,0.1016872013,0.0036829204,29.0,-0.001027855,0.0134228188,-0.033229924,-0.079349967,-0.011743412,0.1695751285,0.5126241518,-0.005105433,0.059997483,0.5486816167,0.0,0.8879560108,-0.076169211,0.8876722531,-0.07479128,0.7352043539,0.0669326969,0.0128189498,0.0,0.0,0.0,0.0,0.0,0.3666735987,3.0,0.0118669136,0.0006078379,-0.001648411,-0.259165955,-0.348962913,-0.051683374,-5475.119742,0.0256085935,14.225946778,5.0690254e-06,0.0032339673,0.0305561542,-0.000113072,0.1122277701,-0.002631954,0.0,0.0019379845,-0.346853186,-0.034126604,5.0,14.134357958,0.8136490294,0.0,0.0302080754,0.0126020887,0.021613852,0.3030378075,1.1665492217,1.9093687e-09,2.7200483e-08,0.6362472963,0.4048106221,0.0478442157,0.0328229322,-0.008764068,0.0732063074
14449,0.3983008163,-0.299364454,1.6213585746,0.0,0.3994440062,0.4616637986,-0.404001934,1.6759149608,0.4065301979,-0.755252293,2.6374770361,0.0607194907,0.1111360701,-0.332634643,0.0607194907,7.0,0.035652374,0.4105263158,2.6767932489,0.9562304242,-5.206028647,0.0751801552,-0.690244854,0.4040183934,1.1151682885,0.7008873177,0.0,2.6085634254,0.0437633399,2.4541016407,0.0394172206,1.9112611359,1.9413927183,-1.104053876,0.0,0.0,1.0,0.0,0.0,0.6224444246,4.0,5.3150412442,0.4416677926,0.2325217572,0.1544488776,6.1232401132,-0.24588728,-5686.967941,0.0232852488,10.179991344,0.0,-0.012351046,-0.021293268,0.1628300716,0.4471475156,-0.177941897,1.0,-0.074812968,-0.139877973,0.0190953836,1.0,11.158024917,1.4892946483,0.0,0.017937202,0.0186089666,0.0616163232,0.3452332284,2.0216063862,1.2261965e-07,1.7526119e-08,0.8812950225,0.7766809167,0.267574447,0.1659501349,-0.35888783,-0.24467985
47723,2.7991601235,-0.138232359,-19.61016486,0.027468681,4.3307620337,5.3800389806,-0.006167489,-0.097496164,0.1276422783,0.0062458909,-0.153096303,-0.145218874,-9.452733119,0.9016014033,0.1452188743,31.0,-0.016069018,-0.245901639,-0.237376983,0.1991359176,-5.206028647,0.1326133476,-0.122768186,0.0108099345,-0.032736386,0.5369123526,0.0,0.8893835136,-0.300514451,0.4180171324,-0.360347769,20.05500787,16.795060358,0.163800954,0.0,0.0,1.0,0.0,0.0,0.2156215736,5.0,0.7836264978,0.0812684386,-0.111735088,18.278403403,-0.093467269,-3.596879891,-395.5996455,0.3124253585,11.784052051,-0.002243839,0.02113649,0.0439203867,0.1576127789,0.0214688021,0.046260833,1.0,0.0844594595,0.0254166299,-0.10294342,6.0,12.480696074,4.088116507,0.0,0.2506202757,0.0750238698,0.1106605741,1.2996649449,59.45001705,2.3487517e-08,2.8690983e-09,1.0490599763,1.1005268339,-0.178541099,0.1151899107,-0.241501005,0.7166498019
83155,1.2066932688,0.0908091477,-7.407852105,0.0356013639,9.2996215032,0.4922494893,0.0290757641,0.1713853733,0.0458317214,0.0,0.1870029477,-0.002028903,-0.217565065,0.1105660458,0.0020289028,26.0,-0.000460866,-0.070422535,-0.044927611,-0.142777323,-0.025565964,0.0688987022,-0.04147104,0.0013964661,0.0635439503,0.6358631514,0.0,0.9891862954,-0.011944326,0.9884959733,-0.011199492,0.3949560734,0.0660852474,0.012179567,0.0,0.0,0.0,0.0,0.0,0.3623058379,4.0,0.0517008804,-0.000636005,-0.085493765,0.0995260875,-1.022538713,-0.042804529,-6762.637442,0.0256085935,11.887919537,0.0001986048,0.0024543488,0.0217753041,-0.001332035,0.1104596355,0.0030179033,1.0,0.0058139421,-0.256608455,0.0168184559,6.0,9.3828220085,0.1030315731,0.0,0.0499015264,0.0160542454,0.011016297,1.262927146,0.4680814126,7.5661952e-07,4.062877e-07,0.7343002244,0.5391968196,0.2028427848,0.0431408453,-0.155147195,0.0732063074
14436,0.124800614,-0.020169833,6.4873349692,0.0,0.0654266037,0.0293013193,-0.928704711,0.5495915441,-0.279926129,0.1552785366,0.2562586666,-0.037544071,-0.291296378,-0.014294434,0.0375440709,7.0,0.0010376328,0.2067567568,1.6132441136,1.0914540942,-1.848496764,0.1075158498,-0.059743108,0.0460318663,0.7657365655,0.7410416929,0.0,6.8314478743,-0.170770307,6.7626325755,-0.167833141,0.2235520216,8.2901538556,-0.320734337,0.0,0.0,1.0,0.0,0.0,-0.53711431,5.0,4.61160969,0.092081873,0.0287521982,-0.119051325,6.7117297842,0.072452929,3503.3035489,0.0232852488,15.41210883,-0.000103281,-0.048264927,-0.075087613,2.88768e-05,0.50317652,-0.052641536,2.0,0.0039915733,0.180931782,0.0249642991,7.0,15.646610152,1.2679489013,0.0,0.0654089749,0.034743492,0.0461234113,0.3234459682,1.9992343516,6.29137e-10,1.5834455e-08,0.9735940363,0.9478853475,-0.112159827,0.0703627395,0.0906480101,-0.24467985
79851,1.0366754225,0.0939326433,-8.048041697,0.0040037418,9.2286923124,0.4781703238,0.0285919908,0.1537791994,0.0450639242,-0.020145664,0.1595080081,0.0006475956,0.0660557053,0.0877278563,0.0006475956,28.0,0.0024734065,-0.003738318,-0.058974768,-0.106055834,-0.028036233,0.0723882402,0.1494799063,0.0018375706,0.1051701552,0.5897050154,0.0,0.9246813158,-0.001601718,0.9187354877,-0.003943211,0.4293534766,0.070787248,0.0122232826,0.0,0.0,0.0,0.0,0.0,0.4274321251,3.0,-0.028311919,-0.000977113,-0.018809547,-0.070491759,-0.680314011,-0.065642719,-6579.387742,0.0256085935,13.324860025,-0.000149925,0.0025878029,0.0266254772,-0.006940027,0.1585441442,-0.008678834,0.0,0.0015313936,0.3636864823,0.0226867264,2.0,13.617010975,0.9625589468,0.0,0.0414507948,0.0197835136,0.0279584386,0.3082664522,1.2755124265,7.1301565e-09,2.7775555e-08,1.0947002277,1.1983685886,0.0225324714,0.0442934033,-0.008728576,0.0732063074
14422,0.3299934945,0.0111455186,2.6921617245,0.0,0.0293626767,0.1790200892,0.033812838,0.163968767,0.0240128091,0.0674657534,-0.520909917,0.0551341358,1.6524375743,-0.007271755,0.0551341358,7.0,0.0,0.1940298507,2.6767932489,1.0914540942,-5.206028647,0.0408282868,-0.229623841,0.0068338205,0.3336029093,0.6827757535,0.0,10.553752097,1.7327271118,10.553752097,1.7327271118,0.7466187647,65.446705426,0.2520101751,0.0,0.0,0.0,0.0,0.0,0.0299604205,6.0,6.828314094,0.4587290684,0.0160252922,0.0861415558,12.351543013,0.0794756078,-4991.887261,0.0232852488,13.054755691,0.0008971292,-0.004574313,-0.004978719,0.0133256474,0.6406002879,0.070553148,1.0,0.0252427184,1.0659829765,0.0295204576,3.0,14.275951769,2.2292300324,0.0,0.0714847445,0.0410271533,0.0545282046,0.2674378306,4.5537166799,4.0282369e-09,8.7005227e-09,0.8614942806,0.7421723956,-0.271548076,0.0841180158,-0.781491507,-0.24467985
89211,0.894757783,0.0828897348,-7.145476007,0.0491691048,9.1060800542,0.4077765028,0.0214904141,0.1016739696,0.0346875651,0.0017043034,0.1060396295,-0.003882323,-0.446797317,0.1199246459,0.0038823234,22.0,0.0005754342,0.005988024,-0.031336596,-0.021567683,0.018249738,0.0921647413,0.0630622404,-0.000142915,0.059254001,0.6468406785,0.0,1.0365875447,-0.017203299,1.0330818907,-0.017549725,0.3506125854,0.0562229618,0.0116378137,0.0,0.0,0.0,0.0,0.0,0.3727800723,5.0,0.037703054,0.00243628,-0.009083205,-0.212409398,-0.590175932,-0.033445929,-6692.162112,0.0256085935,12.01465301,-6.4647e-05,0.0021769303,0.0247257687,-0.010395298,0.1473981194,-0.043127142,2.0,-0.002053027,-0.426275655,-0.009239648,5.0,10.389497716,0.1998677624,0.0,0.0193358157,0.0110497315,0.0137292764,0.6683785909,1.0280169183,5.7787819e-08,8.9466683e-08,0.9141193237,0.835614138,0.029311724,0.0439552834,-0.008884134,0.0732063074
14433,0.6376339051,-0.268949074,-5.974635996,0.0,1.6020868803,1.4741968571,0.0391088955,-0.133511584,0.1258103303,-0.006233304,-0.046033729,-0.185742524,-1.665972052,0.179112567,0.1857425241,7.0,-0.000402543,0.0061193269,-0.041072149,-0.567049803,-0.025992319,0.0672070383,0.0948012829,0.0033764002,-0.29576607,0.3012004311,0.0,0.4037516749,-0.127591626,0.2909860531,-0.102319574,62.169236603,90.038989566,-0.11533238,0.0,0.0,1.0,0.0,0.0,0.343126773,4.0,0.5711154525,0.4005530814,-5.489547424,0.1120171377,-0.407610826,0.1103541973,-7888.11579,0.0823714328,13.027604561,0.0008783929,0.0051603084,0.0175979165,0.0109819839,0.0045750317,-0.001325051,0.0,0.0011454754,1.9602110251,-0.046361802,5.0,15.150845146,7.5963448768,0.0,0.0104986774,0.0016572395,0.0023480241,0.4932568885,7.0393718885,2.2925e-10,1.0227039e-08,1.9613842681,3.8470282471,0.0090667366,0.0715505283,0.5462156902,0.0235490623
14532,0.6944206666,0.2620453115,-5.629367388,0.040580626,1.5849232566,9.4909832016,0.1092834045,0.5719340136,0.2772932648,0.5969852105,0.2671674263,0.2177772443,1.329835815,-0.100832065,0.2177772443,8.0,0.1158207565,0.5954545455,0.3940457718,-0.395625656,1.6142406908,0.7538257285,1.5728851932,0.1566721853,2.5901845471,0.4940065107,0.0,1.3588604607,0.0595784567,0.4953120486,0.2876757961,75.075341453,37.694164422,0.2301827415,1.0,0.0,1.0,0.0,0.0,1.8844105184,5.0,-0.02595594,0.1568188258,0.5348388068,0.0290724382,0.640260531,-0.196384302,-4657.01713,0.0653433969,13.718232001,0.0001715992,0.0218398917,0.0717659939,0.2170039515,0.0237388177,0.0002328208,0.0,0.0067477507,1.1414388608,-0.114437666,1.0,14.732796899,2.0903827225,0.0,0.0506021604,0.0292205229,0.0423733975,0.3360722012,2.6024335468,3.0171435e-09,1.294561e-08,0.6860529213,0.4706686108,0.5577210297,0.0750978285,-1.028313879,0.1631852225
11844,0.9924294605,0.0901766358,-13.02025083,0.0411602149,6.7957939595,0.3500755084,0.0299748305,0.1770814175,0.0434044594,0.0009554319,0.1954508484,-0.000604936,-0.04831608,0.0945336173,0.0006049356,32.0,0.00216851,-0.002,-0.019445458,-0.110503435,0.0155243021,0.0968197624,0.0286946141,0.001586348,0.0650185563,0.5627160232,0.0,0.9650256145,-0.06078025,0.9573183516,-0.062751093,0.6824657291,0.0658837844,0.0157490966,0.0,0.0,0.0,0.0,0.0,0.308193714,5.0,0.0209995723,-0.000594744,-0.017071229,-0.114737721,-0.999479368,-0.058836957,-6215.750142,0.0256085935,13.476394795,0.0003698893,0.0038480839,0.0309056065,0.0021000411,0.0386255161,0.0046113759,0.0,0.0009501188,-0.609288783,0.0134915429,6.0,13.340358356,0.5994039303,0.0,0.0248417053,0.0131797174,0.0208324712,0.333840397,1.0177551527,6.2264763e-09,4.0567195e-08,0.7715768048,0.5953307656,-0.039090622,0.0310669322,-0.070309401,0.0732063074
14459,0.3535784539,-0.005894946,2.3139927082,0.0,0.1134987009,0.3119770624,-0.057741086,0.0324429571,0.3303020752,0.0045390586,0.0925933137,-0.094242024,-7.349802711,0.0374317459,0.094242024,7.0,-0.023865172,0.0225490196,-0.147691764,0.000722488,-0.042214758,0.5014167364,-0.083248987,0.0041422724,0.0145144956,0.622126298,0.0,5.3905307706,-0.074316781,4.9529536237,-0.031224627,1.3341766896,9.7115378561,0.118652505,0.0,0.0,0.0,0.0,1.0,0.4287521654,2.0,51.845325243,-0.083367542,-0.05835675,0.5509779993,0.7985212268,4.1509301294,-6533.814771,0.0357482652,13.266107114,-0.013101442,0.0244372448,0.0328214474,0.0191769717,0.4779655927,-0.070809529,3.0,0.0171733581,1.9176091429,-0.037145184,6.0,13.933558569,1.4418608046,0.0,0.0882171765,0.0304563858,0.0500787394,0.4280236239,3.3628240428,4.9013018e-09,1.4717199e-08,0.7656351825,0.5861972327,0.2299573896,0.0688940174,0.031216913,-0.145662284
89141,0.8705937366,0.0888334799,-1.848768567,0.0116604561,0.5037901251,1.390339491,0.1121967874,0.0634636542,0.3868178453,-0.018225516,0.0243328909,-0.026465979,-0.397241888,0.1241218592,0.0264659792,26.0,0.0040663583,-0.004693262,0.0485275176,-0.061258514,0.0377317525,0.1006441224,-0.004709853,0.0317733428,0.0876719981,0.5188150371,0.0,2.4699250294,-0.136785292,1.530026789,-0.089633106,10.325379081,5.032572341,0.2622769227,0.0,0.0,0.0,0.0,0.0,0.6156255237,6.0,0.1791850004,-0.015895618,-0.042274939,0.4671314391,-0.217060862,0.1064078809,-16031.41151,0.0642905452,12.591096923,-0.003008577,0.0221489463,0.0352630816,0.0248418556,0.0776469683,-0.04764174,3.0,-0.007050606,-0.657593332,0.018351465,6.0,12.446076353,0.5138326586,0.0,0.0215946715,0.0145074011,0.0247461299,0.5745548284,1.232480654,2.3972287e-08,4.6703879e-08,0.8061785547,0.6499238621,0.0689502438,0.0472968844,-0.191506847,-0.091892872
76266,0.6072242581,0.0746719546,-19.78427868,0.0412116247,4.8091796298,0.2821637085,0.0327075785,0.0842033484,0.0515565042,-0.001957665,0.0855673922,0.001825042,0.1272406057,0.0651706498,0.001825042,31.0,0.0018800948,-0.079181961,0.0561315117,-0.039406932,0.0788647199,0.1260579537,-0.043787689,0.0039107882,0.0735200936,0.5919046146,0.0,0.9856923035,0.0499463629,0.9813215382,0.0478749929,1.3047717249,0.068463683,0.0178163836,0.0,0.0,0.0,0.0,0.0,0.4553494583,6.0,0.077621743,0.0040487884,-0.094253191,-0.499942923,0.3474141305,-0.088199925,-5162.477502,0.0256085935,14.46335129,0.0002446968,0.0035619241,0.0331347158,-0.004196179,0.0874420397,-0.008194912,0.0,8.20008e-05,-0.446250304,0.0304688844,6.0,13.819115908,0.5241758467,0.0,0.0260260496,0.0134839269,0.0239547454,0.3263479001,0.9334782305,2.853878e-09,4.4971686e-08,0.4856811927,0.2358862209,0.0162827894,0.0405075206,-0.113132325,0.0732063074
91855,1.2753423644,0.109241262,-5.260276625,0.0319897452,8.3067894946,0.4283475949,0.0305056527,0.0517710897,0.0378449404,-0.048851966,0.0609128326,0.0024008403,0.2054145875,0.0868015133,0.0024008403,28.0,-0.007642376,-0.106116208,0.0114901119,0.1295202509,0.0422160269,0.1110230658,0.5077359201,-0.010224683,-0.004109873,0.5750261737,0.0,0.9599948219,-0.014761097,0.949935439,-0.003658138,0.2877332758,0.0789323286,0.0161442415,0.0,0.0,0.0,0.0,0.0,0.269245391,4.0,0.0513747501,-0.000657361,-0.121187437,0.1681751831,-1.380470315,-0.066569062,-4542.206622,0.0256085935,14.953917216,5.30382e-05,0.0034399288,0.026510134,-0.011537883,0.0767759569,0.2240012917,3.0,0.0060893099,-0.050239497,-0.062428319,3.0,15.125488516,1.2591195065,0.0,0.0315118022,0.0152131696,0.0304799893,0.6232232672,10.293019956,5.801165e-10,1.0424593e-08,1.0474539082,1.0971596898,0.0704261268,0.0386394599,-0.25235494,0.0732063074
14434,0.2442764654,0.0718520605,22.593348682,0.0,0.2365588499,0.6060761628,0.221852161,0.5560704395,0.5300578616,0.0121868324,0.675617068,-0.035197889,-0.195491665,0.0858985394,0.0351978887,8.0,0.071695639,0.4735376045,0.4185050286,-2.202036847,0.1235255291,0.1573059188,-0.070328867,0.187409133,0.4668395004,0.2945631839,0.0,1.5831715066,-0.10746089,0.7149989212,-0.026045094,22.336965693,18.588295482,0.4597185206,0.0,0.0,1.0,0.0,0.0,0.9839421793,5.0,28.749682591,0.0486940606,0.1644269692,-0.148753168,-3.973081186,0.0695828361,-19140.93034,0.0580772554,13.846132764,0.0033005394,0.0362743409,0.0721531326,0.0497214998,0.0391288719,-0.023585176,0.0,0.0012860817,0.2359813477,0.0666908752,6.0,14.656975076,1.8646214375,0.0,0.0270911399,0.0247907959,0.0424917276,0.369111929,4.4358485465,1.6394562e-09,1.0131911e-08,1.6285786514,2.6522684239,0.0909787541,0.0534411308,-0.134826881,-0.107827317
85726,-0.138925726,-0.005448569,140.99240104,0.0,0.5978888436,0.3151404951,0.0156361453,-0.063941858,0.1856720542,0.1202732288,-0.061919856,-0.004440525,-0.386825645,-0.003340923,0.0044405252,32.0,-0.00032311,-0.225,-0.453433668,-0.230099849,-0.009311529,0.0558513574,-0.081275006,-0.069387276,-0.055177309,0.343606023,0.0,0.6305682967,0.1429341847,0.6152660084,0.1439414168,48.005353666,13.860368167,0.0138604608,0.0,0.0,1.0,0.0,0.0,-0.488324255,3.0,0.2887986458,-0.274616349,-5.720666751,-0.664542494,-0.636291968,-0.072099292,-7282.81531,0.0823714328,13.581240108,0.0072449462,0.0293177673,-0.123361798,0.0306501192,0.0298887656,0.0317177259,1.0,0.0,2.6870097332,0.0010623503,2.0,14.053184303,1.3674271887,0.0,0.0344563387,0.0186244335,0.0296237633,0.1630152372,0.9792701127,3.1990946e-09,1.8712098e-08,2.1771692309,4.7400658599,0.0622381861,0.0588896105,-0.033203792,-0.164654644
75906,0.9363876288,0.0881949237,-8.286013847,0.0494452447,7.2810721201,0.3758287651,0.0198670439,0.101962245,0.0391454001,-0.035621625,0.1098532051,0.0025167215,0.2236440578,0.0684706531,0.0025167215,28.0,0.0009277624,-0.02938707,-0.049625683,-0.084007633,0.0063408716,0.0868146871,0.0597590205,0.0004291065,0.0442323062,0.6733386512,0.0,1.0804283377,-0.025130023,1.0760764621,-0.025778833,0.448359052,0.0588234883,0.0153394384,0.0,0.0,0.0,0.0,0.0,0.3255315339,3.0,-0.004752568,-0.00113735,-0.044458299,-0.170779552,-0.878533608,-0.084899922,-6203.088942,0.0256085935,13.492628383,0.0003090202,0.0036510445,0.0323465548,-0.004949189,0.1410886426,-0.000824318,5.0,0.0034665207,-0.619015355,0.0002073061,5.0,13.525803528,0.6937249947,0.0,0.0215839483,0.0116585767,0.0206632657,0.2945862793,0.6803986919,5.4421214e-09,4.4812996e-08,0.9877235247,0.9755977613,-0.012119621,0.0293979011,0.0044976375,0.0732063074
77236,0.794337046,-0.062741626,0.1504387044,0.0106974624,0.3865316122,0.2217402309,-0.05520546,0.1698526324,0.0998280378,0.456287102,0.0343514543,-0.0936171,-1.634067878,0.0397824499,0.0936170997,30.0,0.0,0.1764705882,-0.119993592,-0.43026178,-1.519578532,0.0743313917,-0.46414254,0.1669532703,0.2495039131,0.5513461128,0.0,0.8076109937,-0.680762351,0.8076109937,-0.713544919,9.0086100861,2.4846771458,0.0405947166,0.0,0.0,1.0,0.0,0.0,0.1427142698,5.0,1.5011259196,-0.124012294,-0.022740001,1.3340961016,-3.489978001,-0.077239073,-3190.737754,0.0365722346,11.704301652,0.0112875167,-0.034275828,-0.049988711,0.0042487091,0.0208441941,0.4679724779,0.0,-0.065359477,1.6388814673,-0.021496918,3.0,12.528731613,2.0715096803,0.0,0.1099999771,0.0459161226,0.0904255947,0.6851322528,8.489025499,2.8752551e-08,8.614631e-09,1.015888466,1.0320293754,-0.046488086,0.0829214293,0.1062027205,0.818494895
15351,0.5359855104,-0.04406159,3.4838792452,0.0654399322,1.1394427418,0.1824656948,0.0100258911,0.0466662465,0.0793914713,0.0082433435,0.2057837851,-0.045768849,-1.71305409,0.0314182969,0.0457688487,6.0,0.0159096765,0.2168674699,-0.366771831,-1.073408502,0.2506741766,0.0647638954,-0.051037638,0.1109362536,-0.173014051,0.4982258336,0.0,2.8125281619,0.331827732,2.2974422406,0.1082043934,2.2704778897,3.716319536,0.04007862,0.0,0.0,1.0,0.0,0.0,0.1059136762,4.0,-3.443371065,0.0043844774,0.0020430387,0.4581163158,-28.59349046,0.0338112433,-12589.71852,0.03476008,14.5723701,0.0008802102,-0.002395084,-0.008283653,0.0062242772,0.0981203058,5.4763768985,0.0,-0.017730496,0.517735526,-0.039858302,4.0,15.189610304,1.456266992,0.0,0.0603410192,0.0364918351,0.0512077143,0.9276817893,14.243082943,1.6795683e-09,1.1805957e-08,1.5760321608,2.4838773717,0.000720395,0.0515692778,-0.100577603,-0.054879185
14503,0.3445180931,-0.021581027,1.127046236,0.0264632916,1.5967129365,0.4373872648,0.0107643979,0.0956096836,0.0976348401,0.006316156,0.0604572476,-0.033974041,-3.140983607,0.0462046241,0.0339740407,7.0,0.0,-0.152687296,-0.306306812,-0.027686122,-0.01597846,0.0721965459,0.0301593156,0.0015049328,-0.10970927,0.3325934813,0.0,1.8222097588,1.7178438349,1.8222097588,1.7178438349,1.7363764045,5.9096558317,0.0199336306,0.0,0.0,0.0,0.0,0.0,0.3605778022,3.0,0.1356698518,-0.036777752,-0.250019259,87.959968973,-12.04177229,-9.211317135,-661.5367918,0.0109914292,15.247961538,-0.000408824,0.0057345807,0.0255934431,0.0318605006,0.0882352941,-0.064393779,2.0,0.0051587302,0.2922467677,0.0824460543,3.0,16.097839875,1.7649899396,0.0,0.0282227229,0.0198730397,0.0270692804,0.2750396966,1.9259163585,4.847605e-10,1.5972444e-08,2.2748094153,5.174757876,0.0294513029,0.0571875439,0.0178636091,0.0069773022
14479,0.1057078717,0.0322039706,10.412043841,0.0,0.2876310454,0.5475211515,0.1730596263,0.0802170846,0.4997958124,-0.013093017,0.0224216197,-0.073060199,-0.859223151,0.0598743677,0.0730601992,7.0,0.0022499568,0.0529411765,0.0936711323,0.0027565866,0.0693531138,0.4428346896,0.0628773275,0.035891545,0.2765697054,0.4766847128,0.0,2.6385156993,-0.029063546,2.3121429327,-0.024046657,7.1407437802,5.6831385356,0.1945502235,0.0,0.0,1.0,0.0,0.0,2.0766384968,7.0,0.020293422,0.017434147,-0.097448522,-0.378485438,-0.118169065,-0.105651984,-187.3341727,0.1804201449,14.672407806,0.0021854313,0.0273959051,0.0962431732,0.0280471422,0.1442475782,-0.007380959,0.0,-0.001493234,0.6071945876,0.034445921,7.0,15.380468092,1.7420808301,0.0,0.0464057662,0.0292958522,0.0425771349,0.3049626697,2.3519928484,1.0951056e-09,1.1736577e-08,1.8979397374,3.6021752469,0.0798160926,0.0513864504,-0.304658751,-0.081003489
14401,0.5471614716,0.0481209643,-41.76822345,0.0282450843,0.929873715,0.3749158495,0.0502159294,0.0561308971,0.0873109332,0.0074850299,0.0604907639,-0.028642384,-0.855792925,0.0893025451,0.0286423836,7.0,-0.002262756,0.0277777778,-0.074096797,-0.200910175,0.1219131678,0.03973711,0.0131538957,0.069233397,0.0488031784,0.4845987392,0.0,0.6773092755,0.1677410701,0.4932472189,0.2433894304,191.45101964,5.2230250695,0.1061232704,0.0,0.0,0.0,0.0,0.0,0.2027303594,5.0,0.7239414707,0.0203856887,0.0237694978,0.1074158754,0.028303,-0.09430107,-7437.655968,0.0260918659,15.333616526,1.75233e-05,0.0024749351,0.0087404726,0.0086237614,0.0007950658,0.1518840068,0.0,-0.000157803,0.1016167141,0.0193575921,6.0,15.797408792,1.2414309484,0.0,0.0253619365,0.0133272695,0.0228419076,0.2683587467,1.5920797003,3.681579e-10,1.9715762e-08,0.6787298633,0.4606742273,0.1511933157,0.0324211251,0.4246222538,0.1163368332
14487,0.7720285052,0.0017175931,0.3904543978,0.0,0.2081249074,0.4526746349,0.0333753566,0.0001813127,0.1940650308,-0.00098144,-0.040152964,-0.075660976,-43.17241379,0.0758702352,0.075660976,7.0,-0.007070554,-0.176470588,-0.105872719,0.0708190106,-0.042629005,0.282122905,0.2451784834,0.0093073855,0.0116414435,0.2585254094,0.0,1.4113689876,-0.449478884,0.9737638749,-0.40176307,5.1711772666,5.8165905632,0.1770034843,0.0,0.0,1.0,0.0,0.0,0.2359332557,4.0,0.1133263478,-0.007724063,-0.214052265,0.3685662077,-0.276569178,0.0581562569,-14678.49523,0.0642905452,14.35450683,0.0013791449,0.0164694691,0.0207942347,0.0157208237,0.0812441968,-0.022462559,2.0,0.0026680896,0.557035509,0.0549738994,5.0,15.35224026,2.2329682306,0.0,0.0169862714,0.0148958672,0.0238873794,0.3784276586,4.4590004366,7.614979e-10,1.1120015e-08,1.0142280086,1.0286584534,0.016304247,0.0349196247,-0.108453576,-0.091892872
14590,2.2886635063,-0.451283277,-7.947703978,0.0881208506,3.0349600654,1.3245266256,0.0199852976,-0.024710435,0.1472833291,0.0244831764,-0.234163448,-0.101071019,-1.497384148,0.2244611483,0.101071019,7.0,0.0024606104,0.0273972603,-0.07304266,-0.059352969,0.0048228302,2.2480733409,-0.402118552,0.0038128714,-0.165577662,0.1594701756,0.0,2.9552984235,0.1115557439,2.4867610896,0.1281578644,3.1509694183,2.1728277649,-0.016187245,1.0,0.0,1.0,0.0,0.0,0.291001547,6.0,1.4339011659,0.0152799796,-0.150607298,2.0448115676,5.5171636021,0.3112085113,-5627.432251,0.0232852488,11.491998013,-0.03706938,0.0013452739,0.0025440734,-0.031772922,0.0583221707,0.0427375726,1.0,-0.046296296,0.3375689673,0.0111527182,4.0,10.768724949,0.2469895537,0.0,0.043478217,0.025488298,0.044290473,0.5867151234,0.5798449973,3.8829739e-07,1.4134303e-07,1.454301832,2.1149938186,0.0440924416,0.0852356772,-0.041291033,-0.24467985
14451,0.3256776256,-0.185645334,1.9595540296,0.0,0.0697752928,0.0196208094,-2.577874552,0.1585207062,-0.516778084,0.3350932328,-0.219720109,-0.038613708,-0.076625739,-0.171420123,0.0386137079,7.0,0.0,0.0142857143,2.6767932489,-2.232229755,-5.206028647,0.1046898441,0.069862259,-0.004357283,0.2927841352,0.8941853412,0.0,14.022794262,1.0721887067,14.022794262,1.0721887067,0.0598922213,2.4872521246,-2.282180457,0.0,0.0,0.0,0.0,1.0,-0.700217826,6.0,64.532790415,0.0633957768,-0.163718844,0.0818256869,5.2502176195,-0.084672761,-5343.714941,0.0232852488,11.602792622,0.0,-0.179402172,-0.217396265,-0.009040218,0.8285208411,21.766666667,0.0,0.0,10.133190008,0.1448040288,3.0,10.873969232,0.4048005725,0.0,0.0612903424,0.035004004,0.0507743899,0.8242746976,1.3001451909,3.9905277e-07,9.3840438e-08,1.0950788962,1.1991977888,0.0980806511,0.0904343198,0.4820948535,-0.24467985
14490,0.7846735683,-1.444916631,-4.935714984,0.0,5.9176738514,7.33939351,0.0496556845,-0.226657931,0.3411351254,0.0706405873,-0.095802095,-0.204305615,-1.086162281,0.1244973127,0.2043056152,7.0,-0.005615081,-0.148435662,0.8232526317,1.0914540942,-0.083597468,0.2434926618,1.6342013193,-0.044879458,-0.628973583,0.2884207347,0.0,0.8588776474,-0.207994683,0.8115621206,-0.194683553,18.704148154,10.835557818,-0.157797598,0.0,1.0,1.0,1.0,0.0,1.1645977606,3.0,-0.122326317,0.4037461148,-0.100905762,0.1470526794,0.9271271085,-0.232968209,-2270.671973,0.0984150309,13.257844558,-3.4095e-05,0.0049388188,0.0277072954,-0.015078249,0.050222285,0.0050893176,0.0,-0.002994012,0.3001729824,-0.055232385,1.0,14.312548856,2.4206283696,0.0,0.0322579741,0.0198904561,0.0357074799,0.39634637,2.9683225361,4.0064914e-09,1.4005873e-08,2.8149696938,8.1460812957,0.0327790536,0.1272241318,-0.58615376,0.1210215137
13328,0.3490143259,0.1161771929,2.8958848354,0.0,0.2610253793,1.0797138778,0.3111716378,0.5489261597,1.036558534,0.0681943678,0.2808839974,-0.073493746,-0.317529551,0.1530668848,0.0734937456,7.0,0.1223118156,0.2244897959,0.5345111926,0.5494000316,0.1534126386,0.4252836305,-0.530935969,0.2728566969,0.8363229053,0.6077543806,0.0,2.1611422614,0.3611695747,1.2545930757,0.4257100707,7.7139092993,8.2087446144,0.5675986015,0.0,0.0,0.0,0.0,0.0,2.1405966523,6.0,0.1387747753,0.4108020214,0.2235866573,-0.107476365,1.8926405565,0.1008424585,-8296.132565,0.0376507894,12.521651521,-0.03706938,0.0117753745,0.0196197229,-0.060910408,0.1187499471,0.0294936693,1.0,0.0071890726,0.4479337698,0.0012634839,6.0,14.991805664,6.2592190016,0.0,0.0304054581,0.0274656608,0.0596145818,0.4044974184,12.570683238,2.7805325e-09,4.1147244e-09,1.112201729,1.2369926861,-0.080079731,0.0789557658,-0.456323281,-0.028114825
15092,0.7775764431,-0.201368366,-0.076136571,0.0,1.2231288369,0.6157423681,0.1802798945,-0.375224698,0.0515199301,-0.006354428,-0.452911744,-0.249944177,-3.229046913,0.4488595347,0.2499441766,7.0,-0.099557522,-0.33029909,-0.501425859,-0.109356366,-0.140501604,0.283117918,0.068031631,-0.213085291,-0.195532706,0.6916094484,0.0,33.027350855,0.5048835131,30.255843034,0.9798264175,0.9121451919,0.8167808024,-0.086435313,0.0,0.0,1.0,0.0,1.0,0.0134938629,4.0,1.5398122506,-0.031794153,-0.356113092,0.1017102679,-0.432781045,0.1371442962,-3797.689443,0.1116995972,14.25920775,0.001392301,0.00622068,0.035659053,0.0565024246,0.1978479233,-0.004122916,2.0,0.0049575071,3.4794049364,0.2153513599,4.0,15.721747455,4.2000052188,0.0,0.1869090647,0.0554283258,0.0596926108,0.5108866135,14.750665596,1.1256855e-09,5.0935575e-09,1.5656469713,2.4512504386,-0.012154149,0.1012428021,-1.357821455,0.0472491512
14608,0.0932300462,-0.334442087,1.6492836333,0.0121143395,1.4984858295,0.3497985063,-0.187563717,0.0681490212,0.1934529558,0.1591477827,0.2051334714,-0.085378774,-0.39383959,-0.202725553,0.0853787735,7.0,0.0,-0.185837838,-0.664376345,-0.156719588,0.5510465563,0.6685393603,0.2578879448,-0.006633969,-0.6213628,0.3236964252,0.0,3.0358167871,1.7750291066,3.0358167871,1.7750291066,0.889598677,4.6244237235,-0.181476274,0.0,0.0,1.0,1.0,0.0,0.9218033375,3.0,-3.935894079,-0.374034304,-0.400662269,0.0153608517,-28.68229672,-0.200332606,-10784.3834,0.03476008,15.044365379,0.0020670261,-0.041977203,1.1117093765,0.0425698258,0.1919576814,0.0983002139,3.0,-0.000844595,1.8849381955,-0.108630167,1.0,16.849870724,4.9519318854,0.0,0.0595463254,0.0313800947,0.0534743125,0.4894544582,10.854397367,4.98228e-10,5.7851003e-09,2.8149696938,8.1460812957,0.0688650264,0.0924322021,0.3157465913,-0.054879185
79747,1.0443382043,0.0610133693,-33.39948335,0.0325904894,6.5244059686,0.3021362553,0.0205598312,0.1176029252,0.034062708,-0.015899801,0.124258134,-0.003962955,-0.465745633,0.0894300796,0.003962955,28.0,0.0021188747,-0.055304173,-0.058411555,-0.16121757,-0.020640778,0.196557306,0.0619139248,0.0024331848,0.0776789004,0.5387848164,0.0,0.9192774299,-0.063821803,0.9129480724,-0.065969915,1.5883833981,0.0565293107,0.0125952433,0.0,0.0,0.0,0.0,0.0,0.2380496295,4.0,0.0065383678,-0.005194946,-0.070375402,-0.062828977,0.2847403307,-0.063940495,-4282.277382,0.0256085935,14.745298917,0.0002689325,0.0037302352,0.0271382594,-0.005060057,0.0533340837,-0.011410546,0.0,0.0043419267,-0.015259858,-0.011395869,4.0,14.633984835,0.7589694368,0.0,0.0408333689,0.0173975966,0.0296418601,0.318531752,1.207642044,1.3010386e-09,2.8419187e-08,1.1771936897,1.3857849831,0.0598959378,0.0424385335,0.0153990576,0.0732063074
14667,0.159889769,-0.181339875,5.0353732778,0.0,0.0489950807,0.0201673121,-3.674439577,0.8036039015,-0.894597428,0.7833273012,-0.085091169,-0.266407217,-0.238509186,-0.138088649,0.2664072174,7.0,0.0,-0.12987013,2.6767932489,1.0914540942,-3.357830731,0.2634351949,0.171684862,0.0049594974,1.5679581796,0.8294402689,0.0,4.3901897112,1.4951693072,4.3901897112,1.4951693072,0.1265619994,15.192307692,-3.412247946,0.0,0.0,1.0,0.0,0.0,-2.815395654,6.0,31.894269477,0.1553327606,-0.167451807,-0.243572528,-0.176151196,-0.155802628,-16210.21519,0.0642905452,12.591777095,3.5841e-05,-0.212638183,-0.386691344,-0.006409298,0.568876038,0.0738767001,1.0,0.0,-0.227420468,-0.04058115,4.0,11.93681319,5.2289266613,0.0,0.2865753174,0.095913869,0.044074402,1.5917278384,75.324187322,2.5590284e-08,2.0594921e-09,1.6860342832,2.842711604,-0.127297124,0.1191991376,0.7901100527,-0.104193809
14547,0.0457858579,0.0067987098,39.028413054,0.0,0.186046028,0.0606463654,0.0264883327,0.216169734,0.2274114042,0.0149092802,0.2167428457,-0.024556571,-0.762944972,0.0119857513,0.0245565708,8.0,0.0,0.1527777778,0.1565564286,-0.116447837,-0.026506277,0.4139126749,0.2598172955,-6.5973e-05,0.2138464984,0.1104678152,0.0,1.0888406955,-0.077589201,1.0888406955,-0.077589201,3.0556052684,100.80181905,0.0644581308,0.0,0.0,0.0,0.0,0.0,1.146723915,4.0,12.95769489,0.0064182765,-0.162829815,0.0683206264,-9.87451188,0.2597502279,-3619.993266,0.0371991411,16.162433444,-0.005750552,0.0128088915,0.0648564779,0.002978416,0.0182556276,0.0342030276,1.0,0.0007132668,0.9237817272,-0.0777182,5.0,16.112918512,0.8630627362,0.0,0.0414398015,0.0275094496,0.0405136452,0.2065811715,0.7373231294,6.302353e-10,3.1074798e-08,1.2781303234,1.6336171235,0.0864541985,0.0523036653,-0.957620259,-0.054879185
14504,0.2858407219,-0.075653272,2.1124437042,0.0,0.3931445344,0.5159421038,-0.054461048,-0.008693478,0.36024212,0.026541048,0.1077446237,-0.155838911,-1.404781206,0.0306230228,0.1558389114,7.0,0.0,0.0848880597,0.022301449,-0.076218949,0.0230436888,1.0854583458,-0.277845809,0.0253252874,-0.13390622,0.5778677709,0.0,3.1189649212,0.0250001007,3.1189649212,0.0250001007,2.0017194009,3.2393043175,-0.089806475,0.0,0.0,0.0,1.0,1.0,0.6967204493,5.0,-3.001122459,0.1518348034,-0.129936371,0.2079715274,-28.32461747,0.0330159692,-13734.07428,0.03476008,13.13039207,0.0004521249,-0.013451769,-0.032710241,0.0269171949,0.4051765064,0.0254141747,1.0,-0.006872852,1.5374192856,-0.116869945,3.0,13.962509572,1.9458432371,0.0,0.0454545431,0.0318159809,0.0490547886,0.2974360426,1.8781424011,6.4420888e-09,1.2797735e-08,1.2908656576,1.6663341459,0.0388514469,0.0677956198,0.4304093196,-0.054879185
14580,0.1089752888,-0.015258305,22.034613079,0.0,0.1591587559,0.0632891838,-0.04649019,1.3763919822,0.4524195181,1.1160369656,0.9681443867,-0.062015771,-0.774198982,-0.003445341,0.0620157712,7.0,0.0,0.2815315315,0.4169319882,-0.750939649,-0.035137418,0.7782553729,0.0939567992,0.0756732132,2.4092070469,0.5206526263,0.0,1.1625303046,-0.006626117,1.1625303046,-0.006626117,1.881775574,0.4698833497,-0.009955611,0.0,0.0,0.0,0.0,0.0,1.5969839909,3.0,-3.017653517,0.0087351059,0.0667071004,0.0311060943,-27.9994054,-0.001052394,-11096.46275,0.03476008,14.056833027,-0.005948245,-0.009569606,-0.027395949,0.0192106321,0.0742889176,0.033209307,0.0,-0.000357143,3.7257046384,-0.17660458,2.0,15.596382379,3.4104540975,0.0,0.0582191199,0.0436071166,0.0646435183,0.2703722624,4.1585334125,2.0934104e-09,8.8562242e-09,2.6757981635,7.159895812,-0.020734082,0.1107894684,-0.317895678,-0.054879185
14456,0.3059066975,0.0197166587,3.7222479763,0.0,0.1104800578,0.3088521088,0.2709634419,-0.005358392,0.5632714473,-0.042039618,-0.108795436,-0.147743745,-3.12853449,0.0814009054,0.1477437449,7.0,0.0059439403,-0.018518519,-0.041298266,-0.106147029,0.0963996314,1.7034183919,1.8868356367,-0.005735522,0.0381584382,0.5736082586,0.0,4.3603781016,-0.056651422,4.1483523697,-0.068436549,1.8205806796,3.673963652,0.2178326167,0.0,0.0,0.0,0.0,0.0,0.785861788,5.0,1.4076882552,-0.038027104,-0.196523077,0.0620547588,5.9050382378,0.1681482683,-5138.386131,0.0232852488,13.236418377,-0.035879933,-0.021275952,-0.028853408,-0.013953978,0.3892164629,0.0199220632,0.0,-0.004840445,-0.191766707,-0.001798123,4.0,14.323813885,2.0650707405,0.0,0.0373737067,0.0261644634,0.0360183219,0.3067673623,2.6777825773,3.7340786e-09,1.2091669e-08,0.4513444393,0.2037118029,0.3364564629,0.0466420982,-0.439977185,-0.24467985
89828,1.1485855406,0.0778183655,-24.64044929,0.0290632919,9.3615978076,0.4681989832,0.0227706789,0.1775851136,0.0393789245,-0.001363559,0.1993755793,-0.000727635,-0.090864524,0.0848892943,0.0007276346,22.0,0.006549906,0.0263459336,0.0098670912,-0.190590452,-0.072842469,0.0531341359,-0.082774119,0.0069209303,0.0256990588,0.635569802,0.0,1.0467952197,0.0181706385,1.0383274696,0.011292559,1.2838877821,0.0540359819,0.0099897332,0.0,0.0,0.0,0.0,0.0,0.3138617909,4.0,-0.031542657,4.04357e-05,0.0112747041,0.0414183593,-0.041791282,-0.068481281,-6272.719542,0.0256085935,13.523589142,2.88273e-05,0.0032898044,0.0282581845,0.0021158199,0.1292802483,-0.037145023,1.0,0.004381161,-0.198024703,-0.010864693,2.0,13.132554797,0.5684339765,0.0,0.0390438065,0.0168564924,0.0235952504,0.4551064038,1.8965465713,6.7584294e-09,3.4154999e-08,1.1118547623,1.2362210126,-0.012393302,0.0346885183,-0.151735896,0.0732063074
14495,0.1540626747,0.0236672066,3.0699577568,0.0,0.2322577118,0.2995955373,0.1292668772,0.0611487559,0.6603795616,-0.015906161,0.0579126983,-0.132669103,-2.103165694,0.0734432635,0.1326691027,7.0,-0.005856277,-0.086419753,0.0606646349,0.1076160594,0.0029979627,0.1550044287,-0.014995295,-0.013716325,0.0660648791,0.7747342948,0.0,2.2481258118,-0.007081752,2.0557895713,0.0103296425,1.4261945716,4.4176803589,0.1376994616,0.0,0.0,0.0,0.0,0.0,1.663599511,6.0,0.2704427296,0.0773595928,-0.087322892,-0.302428016,-0.247981371,0.0212188371,-7876.868805,0.0376507894,13.893829214,-0.03706938,0.1402619349,0.6014698205,0.00837666,0.5006262602,-0.006453464,2.0,0.0022255193,4.8981699231,0.2629632168,5.0,14.933985458,3.3512781624,0.0,0.0939393789,0.0313244715,0.0356739423,1.0436174556,47.770629815,2.0610594e-09,4.497927e-09,1.2610608429,1.5902744496,0.0699997168,0.0621130324,-1.357821455,-0.028114825
14751,1.7639709464,0.1034604808,-9.186890547,0.0,5.2997782558,9.4909832016,0.0354497832,-0.070128629,0.5198518578,-0.01242236,-0.11291711,-0.105239265,-7.456140351,0.8748763466,0.1052392646,7.0,-0.036111512,-0.2,-0.171527796,-0.096609562,0.0698212173,0.1056002928,0.2752962466,-0.061287882,0.0874673629,0.5630168308,0.0,2.074993328,-0.069141654,1.4539631705,-0.013107489,52.616915423,7.0109380179,0.0493184501,0.0,0.0,1.0,0.0,0.0,2.388847445,6.0,0.0836779352,-0.046021018,-0.719531075,1.2398603222,-0.399820778,0.6970082535,-2411.054485,0.1434034542,14.563362112,0.0060179691,0.017637462,0.0690131125,0.1350590711,0.0184445389,0.0133469345,2.0,0.0075926753,2.1084156892,0.2629632168,4.0,14.984866974,1.316697306,0.0,0.0463018939,0.0266570011,0.0447328223,0.1181826491,0.7277748673,1.7435674e-09,1.7603906e-08,1.8496847636,3.4213337248,0.0665595289,0.1147130387,-1.251213709,0.4042341731
14531,0.5972351662,-0.924868164,-0.403340208,0.0,0.9563775062,0.7122572883,-0.518751966,-0.164758604,0.2810629136,0.2169632217,0.0533332979,-0.385870533,-0.712124176,-0.266247185,0.3858705329,7.0,-0.078188986,0.0555555556,-0.118489199,0.1462545232,-0.155979848,0.946250493,-0.034847023,-0.074140205,-0.372733099,0.530760991,0.0,1.984744531,0.3344653472,1.6587049683,0.7869303907,1.0974487615,10.334453193,-0.905259617,0.0,0.0,0.0,0.0,0.0,0.5265416446,3.0,0.9532130946,0.0549417254,-0.122449003,0.3533832275,4.9912816348,-0.179499822,-5331.843421,0.0232852488,11.241154808,0.0,-0.097315902,-0.340970389,-0.022342912,0.3440401018,-0.019527701,1.0,0.0,0.7065274936,-0.095140357,4.0,14.408341656,10.822878356,0.0,0.0796389803,0.0454981011,0.0879787203,0.4710675574,30.12187781,5.8005346e-09,1.4287167e-09,1.7462779274,3.0494865999,-0.058986043,0.1162544989,-0.755017436,-0.24467985
11397,0.6906455567,0.0902799326,-24.76866021,0.0463339332,6.695748521,0.3482711721,0.0255170025,0.0794515573,0.0405361464,-0.005644186,0.0813934866,0.0060606072,0.4776095891,0.0471613711,0.0060606072,28.0,0.005937218,-0.016155089,0.0175075451,-0.056444889,0.0610420153,0.0700450412,-0.081969904,0.0067208184,0.0609801149,0.5649547743,0.0,1.0066892733,-0.125358326,0.9926168584,-0.131342012,1.3875236295,0.0648809071,0.0148310502,0.0,0.0,0.0,0.0,0.0,0.4261120336,4.0,0.0355146873,0.0033559231,-0.031226318,-0.416521625,-0.488649029,-0.106209204,-6102.138642,0.0256085935,13.610448468,3.21379e-05,0.0032042146,0.034226147,-0.006494019,0.049484702,-0.020993355,1.0,0.0028312571,-0.264863366,0.0216089799,3.0,13.544302048,0.6694133917,0.0,0.0266175102,0.0139481673,0.0222170337,0.3291479996,1.1680921118,4.2975635e-09,3.6986051e-08,0.9632124456,0.9277782153,-0.001407909,0.0336334732,-0.216265765,0.0732063074
14516,0.0915135447,-0.019575379,11.442104151,0.0,0.1100013393,0.0572882095,-0.090265568,0.4034617419,0.2075232259,0.1483073616,0.2274777706,-0.111065497,-0.979000145,-0.00041108,0.1110654967,7.0,0.0,0.1124523507,0.276613077,-0.332634585,-0.082349483,0.6151874399,0.6135780481,0.0097539809,0.6956870104,0.4337152167,0.0,4.2256936349,2.0153947452,4.2256936349,2.0153947452,0.7423475265,10.734873927,-0.122249458,0.0,0.0,0.0,1.0,0.0,0.4848396993,3.0,-3.056491882,-0.005552253,-0.10237208,0.0136443502,-27.53930736,0.0019818663,-7568.033484,0.03476008,14.895580466,0.000371083,-0.022826701,-0.05285902,0.00503642,0.2881519693,-0.125012984,0.0,0.0,1.4387499959,0.1114212573,4.0,15.625953156,1.4938053613,0.0,0.0621129274,0.0306483044,0.0437085176,0.2012446381,1.2186831154,1.4143666e-09,1.7623835e-08,0.9635456061,0.928420135,-0.033845531,0.0457409993,-0.094961188,-0.054879185
14554,0.3246131271,-0.074680441,3.29746316,0.0,0.2081113079,0.26719049,-0.165555228,0.3011669742,0.4668857376,0.1397379226,0.2685016191,-0.180212032,-1.136749136,0.0102124858,0.1802120322,7.0,0.0,0.1296169631,0.3477850805,-0.038725096,-0.041254479,0.1180419137,0.0282264764,0.0195166957,0.3230087873,0.3969287052,0.0,2.548277155,0.5229624884,2.548277155,0.5229624884,1.492741864,16.598439877,-0.37648097,0.0,0.0,1.0,1.0,0.0,0.7406636204,6.0,-0.256769155,0.0898402954,0.0251492767,-0.042865729,-1.202062748,-0.033496098,377.20410016,0.0777638582,13.552026855,-0.000101109,-0.029332582,-0.065520771,0.0124745079,0.467830057,0.0170386993,0.0,0.00059577,1.92520778,-0.041212175,4.0,15.376297254,6.8544261643,0.0,0.0578198731,0.0400057839,0.0681191394,0.2902067537,4.3359518613,2.3459789e-09,5.9118897e-09,1.4964101081,2.2392432117,0.1295614435,0.0991171994,-0.414764542,-0.114609465
14596,0.0240780838,-0.003633741,18.522400227,0.0,0.067670383,0.0375111091,-0.015617157,1.2051950744,0.5709627265,0.0802027817,1.7440280916,-0.141556746,-2.597483978,0.005804843,0.1415567465,7.0,0.0,0.2801652893,0.3259147699,0.0258108197,0.0218691901,0.4165684207,0.2153341652,0.0723599652,0.420985656,0.6312924798,0.0,6.6542231149,0.1517320662,6.6542231149,0.1517320662,0.7205915734,8.6932917566,-0.031841196,0.0,0.0,0.0,1.0,0.0,1.2576377648,4.0,-3.022446346,-0.094651399,0.0653408581,-0.053791111,-27.66817449,0.0081977894,-3004.181344,0.03476008,15.851290869,-0.000526998,-0.018082866,-0.126221528,0.0038816678,0.3608365931,-0.099261094,0.0,0.0001252035,0.2226060278,0.0918207727,7.0,17.267423577,3.7653722846,0.0,0.0685170591,0.0373925912,0.0571164548,0.4653019965,8.4154603559,2.808071e-10,6.6875696e-09,0.4845868353,0.234824401,-0.238581995,0.0603826348,-0.143821477,-0.054879185
14574,0.1768596211,0.065906872,8.4293858838,0.1013334143,0.2771334749,0.3476375494,0.2636703559,0.1163992875,0.252325513,0.1601887396,0.1093111974,-0.220783257,-1.400115193,0.1581840848,0.2207832575,7.0,0.0,0.0273037543,0.2635405755,-0.550442506,1.0445988601,0.0207358861,-0.144858739,0.0234786073,0.0839486541,0.3319176702,0.0,12.167226085,-0.126535377,12.167226085,-0.126535377,4.6401881112,9.3197118947,0.2567260881,0.0,0.0,0.0,0.0,0.0,0.6108040468,7.0,2.0573160205,0.1096445541,-0.179717189,2.0554717954,4.9335800027,0.5729582888,-8179.687196,0.0642007103,14.871562088,0.0315079635,0.1085681228,0.2918393192,0.075087172,0.1970602946,-0.009728207,2.0,0.0153547761,0.4867042001,-0.028184807,4.0,15.51472119,1.8671901111,0.0,0.0500220954,0.0271058698,0.0367208174,0.2200296309,2.2498313063,6.798909e-10,1.0996239e-08,0.9205837498,0.8474744404,0.1590735631,0.0390266289,-0.770760846,0.06707331
14556,0.4446202876,-0.288527776,1.1386504761,0.0,0.0370448926,0.002963954,-8.876676888,1.1355087606,-0.853128181,0.8459221781,-0.303866462,-0.180457295,-0.221161096,-0.224716657,0.1804572952,7.0,0.0,0.0588235294,0.635,0.4286507937,-0.805510427,0.2099056604,-0.278365303,-0.050634946,1.5799715984,0.9690284481,0.0,14.655840456,1.9507118528,14.655840456,1.9507118528,0.0064460171,4.3026315789,-6.321751356,0.0,0.0,0.0,0.0,0.0,-1.659022774,5.0,94.817108532,0.0640785807,0.0212418525,0.0411579901,-0.351861431,-0.242430635,-16256.57879,0.0642905452,11.262466709,0.0,-0.193795337,-0.345043324,0.001065754,0.9304207652,0.3571493264,0.0,0.1923076923,-0.675874411,-0.060906738,3.0,11.901040974,1.4402936012,0.0,0.0654204935,0.0319742339,0.0528961404,0.5395047929,4.5134289881,5.7722801e-08,2.0076921e-08,1.9406073942,3.7659570585,0.4157880972,0.1342055692,-0.084134625,-0.091892872
14684,2.4061725461,-0.293481932,-7.103931128,0.0,2.3066067856,3.938537013,-0.080004488,-0.084039808,0.0788794692,0.007675145,-0.068186171,-0.226433244,-3.802907916,0.822602831,0.2264332436,7.0,-0.099557522,-0.2,-0.312789543,-0.129563737,0.1611542609,0.1127285037,0.0215721688,-0.109749355,-0.098739123,0.5651129779,0.0,1.9756906077,-0.447672255,0.9900552486,-0.071926507,8.0807392996,13.123222749,0.0093198493,0.0,0.0,0.0,1.0,0.0,0.1296394956,5.0,-0.037529018,-0.133463545,-0.334959351,1.4998033655,-0.548140478,0.6194562479,-3194.285559,0.0894515012,13.773350109,0.000203314,0.0471263287,0.0878947368,0.2279944641,0.1540666428,0.0016698073,0.0,0.0290519878,-0.04475762,0.0755507241,2.0,15.462590168,3.5098442929,0.0,0.0691016614,0.0359992452,0.0547643591,0.3429294043,4.0838624316,2.0300658e-09,7.8216569e-09,1.4891813401,2.2176610637,0.0115154395,0.0854592573,0.3211547668,0.2323533244
14619,1.5925471371,-0.679442376,-50.27303006,0.0095501509,1.8497837678,2.6809708055,0.0672171036,-0.236164724,0.1522210262,-0.85100486,-0.237130745,-0.294150278,-1.874197393,0.5939667541,0.2941502778,7.0,0.0003553966,-0.183673469,0.0041208973,0.101725754,-0.085618462,0.189480233,-0.058194387,0.0547688862,-0.271623142,0.4674772148,0.0,1.0209651865,-0.145266628,0.9680298035,-0.151651751,86.064825345,5.900169299,-0.089279815,0.0,0.0,1.0,0.0,0.0,0.3031244358,4.0,87.228410908,0.2600032003,-0.615732093,3.7873498344,-0.325458675,0.5802113748,-11102.16064,0.1661919548,12.818036885,0.0021693572,0.0007579906,0.0014994074,0.0379319333,0.007233474,-0.202810984,2.0,-0.012005336,0.825107643,-0.000168132,2.0,11.879795037,0.4046879413,0.0,0.1102724969,0.0324381421,0.043854597,0.470301241,1.2574339626,2.495201e-08,4.9610503e-08,1.7302890871,2.9939003248,0.114637179,0.1003868799,-0.214251045,0.1917246791
14750,0.4068303681,0.0029684813,4.579596439,0.0,0.3110968448,0.2910595957,0.0483183325,-0.091301897,0.1651324441,-0.024570188,-0.301566145,0.0364173228,4.9535809019,-0.024489971,0.0364173228,7.0,-0.000787402,-0.05,-0.055849783,-0.000803912,-0.041686151,0.4160305344,0.2360907223,-0.007326695,0.1804478898,0.1915501344,0.0,1.7003367003,0.5057035645,1.6262626263,0.5590848241,3.1886178862,9.5194174757,0.0506180106,0.0,0.0,1.0,0.0,0.0,0.3428079242,5.0,-2.991363011,0.0752642554,-0.264824431,0.3289611736,-28.32177489,-0.022097025,-7860.841534,0.03476008,15.533867373,-0.000187758,0.0083205605,0.0151515152,0.0035532825,0.035095613,0.0339741121,0.0,0.0004799616,0.156659859,0.0103839864,3.0,16.077967858,1.3114792776,0.0,0.0359426923,0.0168268117,0.0157455737,0.3107527526,1.4301773025,3.562588e-10,2.1323767e-08,0.6650577036,0.4423017491,0.1166685535,0.047660733,0.338205097,-0.054879185
84516,0.777366832,0.0765065597,-3.572899459,0.0231802083,8.3718034658,0.5266537505,0.0352833095,0.2295658108,0.0656682054,0.0011328404,0.2510183976,0.0232864006,2.5394920193,-0.117781238,0.0232864006,26.0,0.0303135287,-0.051533742,0.3102857935,0.2221497426,0.0037474645,0.0731848043,0.009840282,0.0378425959,-0.0188951,0.6481684108,0.0,0.9404660675,0.1253107749,0.9047722498,0.0877487016,0.234087808,0.10963427,0.0124834913,0.0,0.0,0.0,0.0,0.0,0.6202938083,5.0,-0.00307191,0.0140593046,-0.066604972,-0.329800349,1.014449537,-0.271151813,-6462.887862,0.0256085935,12.980888036,-6.0217e-05,0.0025155436,0.0300434679,-0.014457743,0.1931764826,-0.041608957,1.0,0.0056588521,-0.34459546,-0.002814996,4.0,11.614211233,0.2542679569,0.0,0.0274767447,0.0159884611,0.0264553738,0.3759274394,0.4188655277,3.1195494e-08,1.0221856e-07,0.9797271208,0.9598652312,0.0022306345,0.0376799627,-0.111713206,0.0732063074
14603,0.2039135494,0.046492621,7.9297034717,0.0166103085,0.5153179358,0.7124138213,0.0929672389,0.0729817625,0.3867580666,0.0012359717,0.0115792017,0.0074798899,0.1117771444,0.0412958085,0.0074798899,8.0,0.0241819832,0.0147058824,0.0412267572,-0.11945676,0.0070861289,0.1698744592,-0.095691809,0.0770998597,0.2673960171,0.4955709435,0.0,3.0399778206,0.0579036966,1.7219344854,0.061037921,8.9403724842,5.6747609838,0.1439318858,0.0,0.0,1.0,0.0,1.0,1.5384317018,6.0,-10.43144719,-0.055427403,-0.303868548,-0.151206687,-2.251568969,0.1838723617,-4655.777082,0.02204135,12.810062372,-0.001451452,0.007766321,0.0273928956,0.0223174538,0.1162319208,-0.04333891,0.0,-0.000928505,-0.223733095,0.0171387028,4.0,12.861193178,0.9736453929,0.0,0.0281301849,0.0226914428,0.0324037324,0.397871935,2.3667991871,1.3575119e-08,2.5365464e-08,0.7875076161,0.6201682454,0.1317500616,0.0531760689,-0.072987961,-0.24467985
14579,0.0251084322,0.0054936603,151.68883266,0.0,0.0747638788,0.0322234639,0.0746726043,0.0486526088,0.2990272695,0.0013701006,-0.004091233,-0.032878042,-0.583842792,0.0087010943,0.0328780416,7.0,-2.747884e-06,0.1203187251,0.1406629785,-0.329302482,0.0063613222,0.1712325032,0.0772585599,0.0399269457,0.244983176,0.1277252135,0.0,1.0853157395,0.0171156145,1.0846457862,0.0171172412,5.5463318173,42.980742708,0.1006124382,0.0,0.0,1.0,0.0,0.0,1.4066039026,7.0,-3.013758797,0.053035592,-0.094505706,-0.052760762,-28.23777826,0.0110940407,11514.169406,0.03476008,16.645586387,0.002563175,0.0093962829,0.0383449289,0.0020750547,0.0547472545,-0.036368887,0.0,4.03429e-05,0.536819627,-0.064080988,7.0,17.255312491,1.5969119616,0.0,0.0461549312,0.029663573,0.0410887259,0.3273596476,2.6805210198,1.996066e-10,1.4688307e-08,1.2477252196,1.5568182236,0.043248236,0.0535811914,-0.911398905,-0.054879185
14759,0.1107872763,0.030302898,29.862043803,0.0041939978,0.182496612,0.2679569199,0.1787765273,0.0185426484,0.3214881885,0.0324730593,-0.148173286,-0.095317452,-1.016750658,0.0611133895,0.0953174517,7.0,0.0078027142,0.0101010101,0.1845943823,0.0038046928,0.1619595724,0.271366468,0.1010886705,0.0439455367,0.5593458913,0.3377988899,0.0,2.3344267446,-0.165293281,1.386630848,-0.13805554,10.167633289,8.3948160599,0.2517617532,0.0,0.0,1.0,0.0,0.0,1.3813985692,7.0,0.1846823245,-0.098641293,0.0217415718,-0.342042518,-1.298378284,-0.054590558,-2694.541637,0.281925686,15.812782139,-0.002111342,0.030452781,0.0745118745,0.021390537,0.0055871962,0.0060419931,0.0,-0.002403624,0.3871179568,0.0883865925,5.0,16.374700255,1.0776489556,0.0,0.0386802256,0.0276507212,0.0411083793,0.3558072021,1.6721974909,6.959644e-10,2.3550374e-08,1.4860988731,2.2084898606,0.0329599563,0.0432327073,-0.102165973,-0.031359609
14818,0.8342356328,-0.07262069,-0.492444444,0.1143489518,0.3028595066,0.8662240043,-0.071385251,1.4466606386,0.7145187313,0.0933159013,1.7094729082,-0.081490931,-0.898785884,-0.007350239,0.0814909312,7.0,-0.000946492,0.3703703704,0.6313412685,-0.094913928,0.1017369116,0.7821383449,0.6740778813,0.1310745882,1.363487802,0.28621369,0.0,1.544204796,-0.443225559,1.5304575524,-0.439302071,5.0237514934,6.491416574,0.0434030883,0.0,0.0,1.0,0.0,1.0,0.9294502159,2.0,-3.009756825,-0.066662419,0.1555459392,0.7563664383,-28.23822748,-0.004957292,-14476.93674,0.03476008,10.993778661,-0.002140455,0.0104981933,0.0153940572,0.0588005569,0.0653502586,-0.044929506,2.0,0.0039370079,1.2852941739,0.0115961311,5.0,11.321588207,0.8095269702,0.0,0.0388349146,0.0308782288,0.0606291885,0.4694163085,1.7284257806,1.1365527e-07,3.120885e-08,1.2375043347,1.5314169784,0.0895045897,0.062664832,-0.472464422,-0.054879185
14636,0.2711467261,-0.220178331,4.1755642019,0.0,0.5659160837,0.6721537332,-0.361314198,-0.22200346,0.3200883002,0.0135337163,-0.087181611,-0.268782927,-1.167638484,0.0369103616,0.2687829267,7.0,0.0064427368,-0.349206349,-0.448807706,0.2016726882,-0.055076148,0.3687794657,-0.134530105,0.0648529324,-0.405321695,0.5802599693,0.0,1.4207201516,0.2436653648,1.0985470625,0.117202361,5.3396226415,7.779346211,-0.066471798,0.0,0.0,1.0,0.0,0.0,0.6743629452,3.0,-0.170658552,-0.22827,-0.350109488,-0.185343964,-0.633030215,-0.015314065,-8614.062084,0.0376507894,10.237256697,-0.004716264,-0.000449068,-0.001769912,0.0435435922,0.1866636425,0.2042967176,2.0,0.0,-0.819677871,-0.031675428,2.0,12.809809101,5.2633374653,0.0,0.070950456,0.0367111031,0.0606630837,0.642895248,4.9721481979,1.8124197e-07,1.3776313e-08,1.4245367589,2.0293049773,0.1619004038,0.1386188774,-0.575037931,-0.028114825
77300,0.1245204984,0.0634583888,23.796460467,0.0175727142,0.4653328444,0.6052141069,0.1595952501,0.4199082976,0.460996894,-0.003584229,0.4142142217,0.0598740908,0.4742447715,0.0333635797,0.0598740908,30.0,0.1223118156,0.230613621,0.1920321425,0.2195919896,-0.099338271,0.1024912587,-0.225092489,0.2245821624,0.4533849684,0.35325275,0.0,1.7748158541,0.3864745913,0.7869168713,0.2575849915,20.176157313,10.188249897,0.188790743,0.0,0.0,1.0,0.0,0.0,2.1209122203,3.0,-10.44328731,-0.106479023,-0.087960809,-0.230599738,-1.407837891,0.1759401328,2312.0833979,0.02204135,15.569368268,-0.004762609,-0.010538616,-0.043389166,-0.018740132,0.0508541667,0.1436971293,0.0,-0.000409948,1.1231961392,0.1090275818,5.0,16.587048816,1.9396784132,0.0,0.0364854075,0.0318632675,0.0436886858,0.2658935899,2.3582749819,4.671901e-10,1.2705394e-08,0.9959662902,0.9919488513,-0.005967748,0.0502645023,0.0597750821,-0.24467985
14763,0.2123129829,0.0317249285,12.995613113,0.0,0.2623678701,0.2168141266,0.0869509376,0.1717353565,0.2151353437,0.0476755043,0.1327292735,0.0180004145,0.2598290598,0.0234818701,0.0180004145,7.0,0.0283269681,0.2446043165,0.2920531299,-0.061240283,0.0604125127,0.1108128834,-0.125464899,0.1259435479,0.3505588519,0.390582309,0.0,2.4397993311,-0.049616763,1.9690635452,-0.106861894,4.1344364012,3.2164119067,0.1918960161,0.0,0.0,1.0,0.0,1.0,0.5333241341,6.0,-10.37978797,0.0088744614,-0.073970114,-0.142807254,-1.64004699,0.1660584233,12614.225278,0.02204135,16.601868501,0.0031311841,0.0102063213,0.0217594759,0.007878077,0.1982716292,-0.206237255,0.0,0.0004508905,0.3143947417,-0.013275103,5.0,17.192284047,1.4389804311,0.0,0.0284039807,0.0245589251,0.0362847326,0.3094848283,3.0166880746,1.737975e-10,1.4128562e-08,0.9302167957,0.865303287,0.101721439,0.0421217388,-0.568850795,-0.24467985
14641,0.0256812572,-0.012975181,16.115405753,0.0,0.1026134621,0.0612288093,-0.127431644,0.4243329378,0.542485123,0.0389809075,0.6330113903,-0.133232458,-1.121130453,0.0015716895,0.1332324582,7.0,0.0,0.1568627451,0.2610776859,-0.297846638,0.0695963788,0.2506943626,0.2886824116,0.0112096417,-0.057104615,0.5612171536,0.0,1.8421825416,0.2727894155,1.8421825416,0.2727894155,1.0582478068,5.1673785277,-0.124727315,0.0,0.0,0.0,1.0,0.0,1.6994545661,5.0,-2.943563933,0.0583086286,-0.057961686,-0.052187937,-28.43037655,0.003964636,2216.7323357,0.03476008,16.515042638,0.000564686,-0.02419542,-0.117245926,0.0060629238,0.4113292895,0.016986551,1.0,8.5918e-05,7.6411289738,-0.192694031,6.0,17.767132118,3.7181560758,0.0,0.061056722,0.0215999935,0.0343751864,0.3592583202,8.0927594438,5.888525e-11,5.9430436e-09,0.865581885,0.7492319996,-0.025265426,0.0503415429,0.5022764936,-0.054879185
14632,0.8854205512,-0.540879221,-0.484611473,0.0,0.3914090849,2.0507809333,-0.138486312,-0.366436204,0.1967316153,0.0068126877,-0.308724832,-0.474028472,-1.442622951,0.2394055568,0.4740284725,7.0,-0.099557522,-0.443181818,-0.451372416,0.0134924487,-0.04541215,0.2014388489,-0.135286892,-0.144563168,-0.388986014,0.7403263889,0.0,3.1654411765,0.1748029109,2.2022058824,0.4486271253,4.1834625323,8.1767676768,-1.055555556,0.0,0.0,1.0,0.0,0.0,0.2736013986,3.0,-0.269137152,-0.394213929,-0.423496074,1.9225360728,-0.398409523,0.2518859666,-2894.592511,0.0624291911,14.013685662,0.0009624639,0.0046728972,0.007183908,0.13360506,0.2826086957,-0.030762222,3.0,0.0039215686,2.7282422715,0.1828508638,2.0,14.603426129,1.5329858759,0.0,0.0423805453,0.0276592091,0.0418725197,0.3347833343,1.904187238,2.8928846e-09,1.7462751e-08,1.3372321535,1.7881898323,-0.014415184,0.0660516571,0.7744610457,0.1631852225
15527,0.2818433165,0.0295532211,-13.32174768,0.0024350151,3.6254490781,0.1858314563,0.0147857239,0.6349640808,0.0498580469,0.052955329,0.7056181502,0.0524197753,4.9535809019,-0.135493749,0.0524197753,6.0,0.032720349,0.0062992126,0.2654904347,-0.69398402,0.0088143284,0.0827685168,0.1670539118,0.0390571489,0.0666133219,0.6035840891,0.0,1.1548082666,0.28457483,0.9483212167,0.4172407993,1.1526630134,0.0735174687,0.0140210133,0.0,0.0,0.0,0.0,0.0,0.4509228267,4.0,0.135445311,-0.004919343,-0.008772017,-0.825323865,-1.011867129,-0.288864323,-4860.838722,0.0256085935,14.425874374,-0.000285295,0.0041050875,0.0514781386,-0.001470837,0.0433844422,-0.028027456,0.0,0.0018859029,0.4852971988,0.085031691,3.0,15.575775726,1.928616546,0.0,0.0542587154,0.0305691205,0.0502076162,0.3319214757,2.7955405922,1.4330422e-09,1.1783516e-08,1.7852657502,3.1871737987,0.0469925177,0.0653579052,-0.92061658,0.0732063074
14625,1.5736326526,0.0331771158,-3.272995538,0.0240912962,5.8593041977,2.1109589179,0.0064709025,0.0771827166,0.0472874252,-0.031482322,0.1047468225,-0.079862518,-17.25123311,0.6055232747,0.0798625184,7.0,0.0,0.2094339623,0.1616777604,0.2255809282,-0.453979043,0.3221585938,-0.154225646,-0.000349544,-0.014382831,0.4137123447,0.0,5.4095204087,0.0428292243,5.4095204087,0.0428292243,1.1512873247,1.2644448469,0.0111074073,0.0,0.0,1.0,1.0,0.0,0.1866091502,6.0,0.0066706342,0.0432405993,-0.3164809,0.3429128493,-1.138550312,0.7213576368,-12745.18229,0.0397241163,11.645985925,0.000178273,-0.006979001,-0.038628014,0.0120947448,0.1972553091,-0.057483385,0.0,-0.117474302,0.1255689215,0.0170129421,4.0,12.759680805,1.5024430173,0.0,0.014084531,0.0419912559,0.0428059431,0.3135874235,3.6629459933,2.464645e-08,1.642851e-08,0.7443696378,0.5540861576,0.0588284699,0.0492739049,-0.065729461,0.045344153
14682,1.6825826323,-0.000370364,-11.07186956,0.0,4.4414089127,4.2093166132,0.0414114207,0.0200463924,0.1103902309,0.0035478966,0.0208245588,-0.049749581,-45.71560737,0.3013019381,0.0497495814,7.0,-0.007064255,0.0,-0.020554897,-0.329965988,0.4528016891,0.11064535,0.0283696558,0.0260242639,0.0179980023,0.4280599965,0.0,2.1623617747,0.0782887044,1.3654880546,0.2110106242,18.567467139,7.3104450003,0.0786629983,0.0,1.0,1.0,0.0,1.0,0.306928257,7.0,1.4836341832,0.0225937301,-0.178004559,1.4387306936,5.6941711008,0.3880493011,-5333.343421,0.0232852488,12.699444527,0.0097051007,-0.005057958,-0.01702377,0.1057093996,0.1266337905,0.029763558,0.0,-0.029333333,0.1543659874,-0.009647985,5.0,13.349594318,1.3965919592,0.0,0.0469314493,0.035918396,0.0655586883,0.5242559465,3.5809007014,1.7512018e-08,1.8527016e-08,1.6335085502,2.6683501836,0.0795031593,0.1011542918,-0.075394233,-0.24467985
14677,0.9142106251,-0.047382125,-0.027019472,0.0,0.1797912693,0.6655756765,0.0,0.0862582911,0.6111855476,-0.067140157,-0.202688104,-0.13402929,-2.971722365,0.0934243957,0.1340292902,7.0,0.0,-0.386459803,-0.212507065,0.0488794478,0.0157689945,0.4059628949,0.0447861444,-0.002731884,0.1696178396,0.7107708362,0.0,7.5783753528,0.7123503817,7.5783753528,0.7123503817,1.0196257784,7.9118189819,0.0083443826,0.0,0.0,0.0,0.0,0.0,0.7875094341,6.0,-2.855533691,-0.11563569,-0.601284234,0.8363414306,-28.33958773,0.0958173421,-14179.59114,0.03476008,12.722009543,-0.000191171,-0.016437436,-0.019663345,-0.055938606,0.6193877904,0.0300380919,2.0,0.0024038462,1.944463992,-0.03419959,6.0,13.557307426,1.6440246843,0.0,0.0393258743,0.0216189762,0.0420164407,0.2395762484,1.4299674944,9.3240484e-09,1.854162e-08,1.0190108592,1.0383831311,-0.046690386,0.0883512459,-0.056454354,-0.054879185
76082,0.3412120645,0.0308808494,19.418793205,0.0245455699,0.3553979532,0.225855586,0.0678901634,0.0080866991,0.1800077776,0.0023798454,-0.011958859,-0.128225568,-2.880909993,0.1198457968,0.1282255681,31.0,0.0002969777,-0.080438757,-0.290209396,0.0578329159,-0.13183886,0.0958483915,-0.080662137,0.1033028061,0.029849123,0.5526432133,0.0,1.065318559,-0.385020786,1.0261873888,-0.392721203,9.6684971422,6.6394621879,0.2547308835,0.0,0.0,0.0,0.0,0.0,0.3502763438,4.0,8.9851538196,0.0521322671,0.0076969538,7.9541129768,-3.880614312,-3.133045229,4735.4820684,0.0340789314,16.966025575,0.0062272235,0.0136022316,0.0272682014,0.017173663,0.0182321971,0.0634431182,1.0,0.0036764706,-0.520949081,0.0079607582,6.0,18.265481883,2.7331513207,0.0,0.0731615871,0.0247451352,0.0407964237,0.2106079318,2.3562154394,6.992206e-11,1.0108537e-08,0.5180312326,0.2683563579,0.3138984041,0.0588858715,0.0721684087,0.818494895
14810,1.3864480239,0.0791518415,-56.9571969,0.0153983927,11.841700192,0.603455144,0.0219488646,0.0801636732,0.0346546817,-0.055214178,0.0896499103,-0.001727032,-0.277917777,0.1011495453,0.0017270319,7.0,0.0002371313,0.0061728395,0.106952822,0.0125720693,-0.029644718,0.0811679662,0.1937458597,0.0027534813,0.0054054948,0.5951369544,0.0,0.9937292883,-0.01686199,0.9933780903,-0.017133713,2.9939493327,0.0575503205,0.0092646199,0.0,0.0,0.0,0.0,0.0,0.3077577942,5.0,-0.007499689,0.0045555965,-0.00889839,0.2792808426,-0.617557667,-0.05222103,-6700.137782,0.0256085935,12.221488251,-0.001608526,-0.003735259,-0.039822109,-0.001066946,0.1300017655,-0.101013817,0.0,-0.074477748,0.0540989959,-0.004519396,3.0,10.982823074,0.2936453983,0.0,0.0210170615,0.0081817938,0.0138584646,0.8689732788,1.3591153053,2.1791365e-08,7.5164305e-08,0.9846650364,0.9695652338,0.0859926388,0.0422695315,0.2109542761,0.0732063074
14694,0.1726407869,-0.053372727,2.2890489358,0.0,0.4438584417,0.7128231622,-0.026887064,-0.02699788,0.4222738814,0.0292809514,-0.00696081,-0.205299571,-2.404279532,0.0749502277,0.2052995713,7.0,-0.059227645,-0.181425486,-0.253401203,0.2120732435,0.0158052416,0.3449367661,0.1773652524,-0.109482431,-0.074984263,0.6319199312,0.0,2.1191428778,0.2930948351,1.74641121,0.4580219856,2.7221550782,8.3167822909,-0.085619317,0.0,0.0,0.0,1.0,0.0,1.3468263042,4.0,51.859483903,-0.344534622,-0.262331256,0.3700403324,-1.387075369,4.164304914,-6271.370811,0.0357482652,13.96962128,-0.03706938,0.1402619349,1.1117093765,0.0247727663,0.3385128688,0.0078956576,2.0,0.014957265,1.960960717,0.1059579588,4.0,15.187151895,4.009698561,0.0,0.0384167545,0.0244566226,0.0380222219,0.2381032901,4.4603664932,1.0781629e-09,6.1152842e-09,1.2682690576,1.6085064026,0.0290645459,0.0748258331,0.2693083419,-0.145662284
14688,0.4212079379,0.0014689185,3.4238216148,0.0,0.1910881875,0.3662831582,0.0171235544,0.0754125843,0.263409947,0.0197092986,0.1446912063,-0.091713477,-39.8168211,0.0599565847,0.0917134773,7.0,-0.02244282,-0.023186976,0.0852750212,-0.369348568,-0.054741738,0.076687958,0.0736652884,0.0566177886,0.0549078838,0.5703468227,0.0,2.492687231,-0.120970828,1.6296735323,0.0134398575,3.1895809781,5.3002954322,0.1341108213,0.0,0.0,1.0,0.0,0.0,0.3997210029,5.0,1.2691096972,0.0052057807,-0.201191534,0.1773559991,5.7583516816,0.1467039477,-4791.326171,0.0232852488,14.363188804,0.007171046,0.04438336,0.0700201188,0.0315373399,0.1796380722,-0.129959866,3.0,0.0120988953,1.1068380621,0.0503217308,6.0,15.199247294,1.9635606526,0.0,0.0629795492,0.0295240115,0.0494721971,0.3939595906,3.9529479799,1.1186741e-09,1.0547478e-08,0.6808526179,0.4635602873,0.0744006956,0.0415152905,0.7973304417,-0.24467985
14884,0.5275789583,0.0639296188,-1.209059031,0.0,0.9323142934,2.4144309207,0.060018011,0.3257379604,0.207829262,0.0087643179,0.4366000805,-0.036654856,-0.734215583,0.1108677411,0.036654856,7.0,0.0,0.2777777778,0.0093205616,-0.16049139,-0.039675126,0.1967983338,0.0248675015,0.0175134018,0.1666417988,0.374507289,0.0,1.4159931487,0.0696055084,1.4159931487,0.0696055084,20.305396715,4.4308275045,0.0986393516,0.0,0.0,1.0,0.0,0.0,0.4872733672,4.0,-0.290687533,-0.161736854,0.272017033,0.3569918451,-0.863592436,0.0662261532,-4882.878966,0.0915965863,12.956964734,-0.004249709,0.0114467827,0.0308210946,0.1814567678,0.062846535,0.0198765181,0.0,0.0015910899,0.1284847809,-0.00471034,3.0,13.72043259,1.2054338942,0.0,0.0808699876,0.0276412556,0.0351149036,0.3609337136,1.7720585569,1.018347e-08,2.4767656e-08,1.1028186383,1.216208949,0.0308786354,0.0470017531,-0.179713713,-0.049938477
15064,0.7787577237,0.0944400913,-9.582472483,0.0139965971,7.0088754813,0.334174353,0.0255289135,0.1017864462,0.0387279244,-6.7158e-05,0.0983905636,0.0025508613,0.2006305634,0.0754925226,0.0025508613,7.0,0.0003568523,0.0350515464,0.0275421979,-0.028295073,0.1420091501,0.2962185812,0.1116829963,-3.325713e-06,0.1333216044,0.6231795356,0.0,1.000215949,-0.039851925,0.9147488439,-0.025706887,0.4740903309,0.0624608885,0.0152154954,0.0,0.0,0.0,0.0,0.0,0.3983667525,5.0,0.1264048475,0.0029765918,0.019980317,-0.328409458,-0.292149215,-0.077878052,-5982.250642,0.0256085935,14.043236427,0.0003836815,0.0046889245,0.0507153776,0.0062056141,0.1012759689,-0.002186692,2.0,0.0068441065,-0.030051328,-0.022301361,1.0,14.639922642,1.1743579762,0.0,0.0301075596,0.0138757293,0.0266611582,0.3266024023,1.4604530933,2.1319718e-09,2.6395116e-08,1.272204206,1.6185035417,0.0010695496,0.0352293381,-0.284841785,0.0732063074
14942,0.8145970591,0.104671295,-2.11340296,0.0,0.6857959444,2.3809249978,0.0835571251,0.0506331074,0.1962433001,-0.001200624,-0.059107782,-0.092270705,-1.290767903,0.2397776429,0.0922707047,7.0,-0.023484319,0.0,0.0760126609,0.080955112,0.2495127809,0.2063681749,0.0465069724,0.0234554979,0.1650310387,0.5964584988,0.0,1.9396390645,-0.053100503,1.2734046161,0.0229030344,11.793339237,5.1828802985,0.2366247021,0.0,0.0,0.0,0.0,1.0,0.395107614,7.0,-0.911798555,0.0681359709,-0.724892405,0.6715119714,-2.540885401,0.3582424353,-18299.96658,0.0740556467,13.002056167,-0.002773029,0.0031496411,0.0058012725,-0.060341397,0.1102012965,0.0062862104,0.0,-0.01435778,1.1945758502,-0.026713521,5.0,12.924094996,0.7048021462,0.0,0.0399073809,0.0199558366,0.0305683823,0.3164714826,1.0067444502,1.4875367e-08,3.9977237e-08,1.0994321506,1.2087510538,0.0026573711,0.0468133399,-0.628934996,-0.091892872
14872,-0.131751361,-0.729228463,-7.353729693,0.1143489518,4.0046285785,1.8506470248,-0.368608799,-0.135421075,0.067498942,0.0015849338,-0.082807018,-0.005220154,-0.096638655,-0.658756805,0.0052201543,7.0,0.0,-0.381020505,-0.612820513,-0.350525431,-0.114995187,0.9032258065,0.2238976904,-0.004020313,-1.134375,0.1515014684,0.0,2.3925619835,0.8771087734,2.3925619835,0.8771087734,1.4278959811,4.4740740741,-0.05124451,1.0,0.0,1.0,0.0,0.0,0.86875,2.0,-3.31939025,-0.085733585,-0.595844937,-0.209620556,-28.58769572,-0.656363859,-14271.921,0.03476008,11.596627623,0.0031476998,0.0160213618,-0.231511254,0.4700038162,0.1634593616,0.0223252506,0.0,0.3814609302,0.6982271424,-0.004209839,3.0,12.571364657,1.6216976837,0.0,0.0993788615,0.049053288,0.0706458056,0.2881545136,2.9251081012,4.1544562e-08,1.2197521e-08,2.8149696938,8.1460812957,0.0155094374,0.0984702825,-0.125235014,-0.054879185
14830,0.4617831164,0.2092292904,-1.767159199,0.1143489518,1.3637978038,3.96378426,0.4806095313,-0.133109361,0.2826785951,0.0172461752,-0.281363511,-0.158404833,-2.135233868,0.6559827576,0.1584048326,7.0,-0.003692845,-0.030487805,-0.318086577,0.0300161661,0.8234943306,2.2480733409,-0.268818666,-0.043707798,0.2673005293,0.3496629012,0.0,2.2597809422,0.3585309817,2.2432799109,0.3656960028,7.7407789744,7.3589910216,0.2630704031,0.0,0.0,0.0,0.0,0.0,2.2406979024,8.0,0.750985248,-0.324260423,-0.034496085,0.0220375203,0.8220656872,0.4723791423,-11379.2966,0.0260918659,11.624577727,0.0052059104,0.0403165075,0.10188811,-0.226007799,0.2499961782,0.0066787413,2.0,0.0332117711,0.1424500551,0.0416424101,3.0,12.694346573,1.6169891237,0.0,0.0232558548,0.0124752102,0.0272336327,0.3273594078,2.4558922096,1.5596496e-08,1.4579076e-08,1.1606662956,1.3471462497,0.152183987,0.0474668576,-0.428284247,0.1163368332
14714,0.1500094481,0.0286690369,6.0801112964,0.0,0.0640930579,0.1047042853,0.3614252772,0.1322797226,0.3630491555,-0.002814541,0.0991969651,-0.022535779,-0.158468034,0.0332121629,0.0225357788,7.0,0.0528546564,0.1360869565,-0.038658385,-0.010800777,0.0041091513,0.4034551082,0.5832014615,0.0564175959,0.1470297642,0.7352039275,0.0,4.9945108514,-0.141012315,4.3701406977,-0.191620145,0.8066893432,5.7092826173,0.5010593408,0.0,0.0,0.0,0.0,0.0,0.5249156558,5.0,0.0247646872,-0.031272143,0.1351838179,-0.306481242,-0.092479635,-0.019012263,13504.238815,0.0376507894,17.388393585,-0.005207334,0.043067001,0.060658368,0.0054224076,0.6228182846,0.0607847634,2.0,0.0001746013,2.8787659329,0.2076584394,5.0,17.934247746,1.3474219068,0.0,0.0497482494,0.0292253812,0.0383950762,0.2362425013,1.5600438001,1.046976e-10,1.9319418e-08,0.8106478356,0.6571499134,0.0684058585,0.0510375034,-0.171536249,-0.028114825
76095,0.2253269509,0.0999619278,10.769313791,0.0,0.2511092766,0.30083653,0.3291782802,0.2395980989,0.5794213291,-0.014932155,0.0474100479,-0.056950675,-0.245204382,0.1244730305,0.0569506754,32.0,0.0131672841,0.153250774,0.4914468806,0.5752256735,0.1124769509,0.627641524,-0.044849787,0.0255287807,0.5594410764,0.276385094,0.0,2.3882273138,0.3318319354,2.010476334,0.363607334,4.8126975989,5.9746472897,0.4958540991,0.0,0.0,1.0,0.0,0.0,1.5087978708,8.0,3.8890587011,0.1339593773,-0.025329702,-0.049713971,-3.45742582,0.2160789522,10438.599661,0.0345323743,16.703264317,-0.005795047,0.0382743929,0.0848056537,-0.001623747,0.1312010224,0.0766405149,1.0,0.0086709118,0.3387466379,-0.024001198,4.0,17.071446331,1.4503764655,0.0,0.0249082539,0.0190304802,0.0291321559,0.3399981177,3.8135846321,1.107426e-10,1.2757299e-08,0.8218657839,0.6754633668,-0.023782069,0.0411208359,-0.136388549,-0.145662284
14807,0.218745902,0.0048784416,4.0789256993,0.0,0.0345018787,0.1130237643,0.0945570748,0.0650092164,0.3623312203,0.0460649329,-0.135921464,-0.064559203,-3.249086925,0.0207289226,0.0645592035,7.0,0.0042381491,-0.035087719,-0.176545422,0.1961407159,-0.025290047,0.1249224405,0.0589871863,0.0089766069,0.1055579569,0.8441013128,0.0,12.962375432,0.2880156987,12.162294082,0.2880749254,0.6102004694,6.9326775956,0.1889213386,0.0,0.0,0.0,0.0,0.0,0.4354513364,5.0,51.715220271,-0.091166694,-0.115993489,0.4161454474,-0.767961965,4.134227306,-7242.005451,0.0357482652,12.932128613,0.0113312034,0.0340830908,0.0396906105,0.0077412191,0.7566040383,0.004329892,3.0,0.0017862459,0.2382546193,0.1024886761,5.0,13.910915791,1.4663376058,0.0,0.0473315418,0.0549231461,0.0555317276,0.4355256984,3.7352156824,1.474712e-08,2.2312112e-08,0.7804759664,0.6091427341,0.0636016004,0.0546748408,-0.44820304,-0.145662284
15226,0.2550145371,-0.065322065,4.9844577924,0.0,0.048657342,0.0011052214,-0.348554056,-0.053635605,-0.002561734,0.0282222869,0.8157270163,-0.170909133,-0.817044494,-0.011951031,0.1709091328,7.0,0.0,0.1694915254,-0.41112532,-0.607846631,-0.049079566,0.4073091999,0.5312375936,-0.015938847,-0.132854007,0.4830206279,0.0,14.051073709,-0.127886886,14.051073709,-0.127886886,0.0078357638,12.616438356,-1.619040046,0.0,0.0,0.0,0.0,1.0,-0.002795165,3.0,-14.07756955,0.0441187549,-0.046235935,4.7640756788,-0.452433589,-1.764091508,-16010.35958,0.0456208962,13.767017217,2.83836e-05,-0.007162175,-0.008493249,-5.9306e-05,0.4092026581,-0.032156329,1.0,0.0003294893,0.0171637808,-0.026847286,3.0,13.798332177,0.7644449139,0.0,0.0198817253,0.0187835016,0.029199788,0.4432812118,1.392864864,5.2149386e-09,3.2838294e-08,0.7577114569,0.5741266519,0.0881524694,0.0563862624,-0.545870534,-0.071440083
15429,0.5699812253,-0.014934427,3.1091135758,0.0,0.3941899503,0.3762260726,0.0169512116,1.1428437693,0.4205888367,0.7037782477,0.2207141337,-0.046826156,-2.216952423,0.0181744872,0.0468261558,6.0,0.0102904981,0.1712598425,-0.022822216,-0.263420438,-0.069982928,0.1781158918,0.5633833179,0.0307967846,3.4869154719,0.2436510707,0.0,2.2883956077,-0.125052067,1.8443928252,-0.151646798,4.2633020148,6.2851375875,0.0346743254,0.0,0.0,0.0,0.0,0.0,1.4070208811,3.0,1.2860493391,-0.272608493,-0.006744716,0.3261292865,5.5090804871,0.1049218501,-4844.306871,0.0232852488,15.33239102,-0.006077804,-0.015638807,-0.026400205,0.0077865505,0.1078948734,0.0761479257,1.0,0.0007788162,1.6199065218,0.1849850062,5.0,16.736673697,3.7139415839,0.0,0.1233086064,0.0379313949,0.0506284664,0.4630708911,12.064061299,3.779244e-10,6.2286865e-09,1.3891452322,1.9297244762,-0.056361661,0.0728052457,0.7973304417,-0.24467985
14836,0.088847711,-0.095883985,6.9096913447,0.0,0.2126248816,0.1068023416,-0.390638231,0.5373761004,0.4055996538,0.0217465488,3.2203023758,-0.195186033,-0.506436759,-0.04732481,0.1951860329,7.0,-0.026358775,0.0099502488,-0.261933994,-0.02539342,-0.071788072,0.1247420417,-0.14443891,0.001244067,-0.432380694,0.5156035157,0.0,2.6706217371,-0.608132496,2.3981964879,-0.594718042,0.9151055926,5.5204221491,-0.730528408,0.0,0.0,0.0,1.0,0.0,0.4848210202,1.0,51.418259471,-0.209016403,-0.070955521,0.2862472565,-1.737529662,4.066173573,-6768.393451,0.0357482652,13.738077751,-0.002564443,-0.158563178,-0.765030866,0.0018462025,0.3552985972,-0.079272023,0.0,-0.001838235,-0.302103983,0.0033629856,3.0,14.230707341,1.9910589302,0.0,0.0090180514,0.0039532879,0.0055338521,0.4844785734,7.7135760597,1.672032e-10,7.0923232e-09,1.5772622742,2.4877562818,0.0258139938,0.0654157322,-0.221757363,-0.145662284
14823,0.0483714746,-0.098933476,5.9637103882,0.0,0.1180875497,0.011062603,0.6854996155,2.3256667513,-0.762941326,0.5098541741,1.2552871191,-0.477587119,-0.655908659,-0.034042152,0.5572082991,7.0,0.0014503689,0.1242236025,2.6767932489,-0.691372908,-3.395685365,0.1989382309,0.3214845486,0.0018669037,-3.26553694,0.935342114,0.0,9.2319231923,0.8456174851,9.1868811881,0.8662015977,0.0763098699,1.4204211557,-1.140181548,0.0,0.0,1.0,1.0,0.0,9.1062751267,6.0,12.907264026,0.0631542868,-0.053780956,-0.195480464,5.3194302246,0.0527052107,-4173.312721,0.0232852488,12.521004527,0.0,0.0115167724,0.033110272,0.0081937682,0.8233756929,0.0534701353,1.0,0.029,-0.090179085,0.0890135532,2.0,13.313865128,1.6226984541,0.0,0.0762886405,0.0451740367,0.0633488212,0.2970222932,3.6879772572,1.5981302e-08,1.3005418e-08,1.6103899115,2.5933556672,0.0706811665,0.0970683534,0.1763883696,-0.24467985
14879,0.0475225844,-0.254866136,3.7997572827,0.0,0.3831433483,0.098737618,-1.075469652,1.7760303307,-0.007161413,1.9234581063,0.1257941144,-0.066620802,-0.076563101,-0.235352794,0.0666208025,7.0,0.0006879625,-0.01986755,1.175164967,0.3702092148,-2.170946692,0.1155015198,-0.516071238,0.2337288493,-1.256609322,0.7049287033,0.0,5.467755102,5.8571308481,5.0967346939,6.2131521364,0.4297328688,3.5555991371,-0.678816347,0.0,0.0,1.0,0.0,0.0,0.1682693722,4.0,5.9149731019,0.1741212044,-0.197872108,-0.196329354,6.0001528757,-0.148605431,-5562.832661,0.0232852488,11.057578868,0.0,-0.176962661,-0.83573841,0.0143718728,0.6009537816,-0.459919296,0.0,0.0,0.5698497967,-0.018369222,3.0,11.743566498,1.4000094242,0.0,0.1085879356,0.0486022397,0.0926590746,0.4882377987,3.009044158,9.9522011e-08,1.9125561e-08,2.3129340071,5.3496637213,-0.068305681,0.1711480027,-0.083504334,-0.24467985
84184,-0.143843625,-0.179101481,7.2093723359,0.0,0.3577930396,0.0255685867,-2.557918588,-0.304997619,0.0540007737,0.0529894533,0.1017891018,-0.244144148,-0.355641367,-0.115405585,0.2441441481,25.0,0.0101558488,-0.185454545,0.2009250296,0.4658680376,-0.117492194,0.2575660013,0.3238892466,-0.002804559,7.5122645345,0.8582899866,0.0,11.764528627,-0.211977787,10.442100732,-0.251022241,0.1635442148,4.2227685325,-0.50871024,0.0,0.0,0.0,1.0,1.0,1.1235939829,2.0,3.4801474562,0.056503597,-0.363459104,-0.387695563,9.0709210037,-0.028658222,-5309.781981,0.0232852488,11.177329622,0.0,-0.095606933,0.1288315412,-0.001228265,0.7026034672,0.0598531534,2.0,0.3259005146,-0.107948868,-0.012829184,4.0,11.774837975,1.1463022643,0.0,0.1248828769,0.0493685036,0.0877123277,0.3319011741,3.5559821544,5.8060172e-08,1.1661192e-08,2.0244322861,4.0983260809,0.065068889,0.0970242583,-0.644401703,-0.24467985
14812,0.4210356113,0.0371226306,22.483047129,0.0,0.4969751594,0.6462968985,0.0665808561,-0.031262005,0.1545813379,0.0369231645,-0.135930651,-0.026135533,-0.656737763,0.0615024639,0.0261355331,7.0,0.0001479707,-0.058741259,-0.036721452,-0.442531609,0.0349539374,0.0653092496,0.0394357544,-0.014520962,0.1303600661,0.2669365323,0.0,0.4768565922,0.4291205406,0.4452358008,0.4526090515,32.232922309,34.127913496,0.1170070838,0.0,0.0,1.0,0.0,0.0,0.379869363,7.0,0.5241022321,0.2920336654,-5.55440801,-0.104581156,-0.478206008,-0.007255906,-7562.50307,0.0823714328,12.877507781,0.0032285152,0.0169653397,0.0347520059,0.0076177119,0.0408234525,0.0142603339,2.0,0.0023668639,1.3513986941,0.0584999644,6.0,13.175995126,1.042564577,0.0,0.0559305623,0.019964003,0.0328984087,0.3551373415,1.9576638552,7.08672e-09,2.032412e-08,1.2993388481,1.6882814423,0.0522125924,0.0553386388,-0.143278772,-0.164654644
14852,2.7991601235,-1.45860494,-20.82332112,0.0,9.1519509358,4.5941498361,-0.09634849,-0.200757832,0.0349148261,-0.85100486,-0.103713492,-0.208393804,-1.002969846,0.0158061929,0.2083938035,7.0,-0.002767117,-0.538461538,-0.590288897,0.1305909564,-0.102140689,0.1142566515,0.1548895203,-0.089647796,-0.255018155,0.5461658652,0.0,1.2233416548,0.0469493485,1.1770684736,0.0503854517,6.7935499634,8.3002985075,-0.299896752,0.0,0.0,1.0,0.0,0.0,0.0103258182,3.0,8.3181215688,0.0121668805,-0.450325828,21.217957572,-4.239723043,-3.237084833,-1739.996652,0.0340789314,10.934927427,0.0001097172,-0.010871186,-0.019470821,0.4700038162,0.0109557923,0.9811335892,3.0,0.0033333333,-0.643083445,0.0513515715,2.0,13.310269274,5.6294582752,0.0,0.1086956561,0.0478734375,0.0773958043,0.5331574721,10.595405448,4.7990033e-08,6.2200732e-09,2.8149696938,8.1460812957,0.4997111525,0.2034612517,-0.045727554,0.818494895
76127,-0.088824739,-0.2483407,-11.68869195,0.0,9.7834091679,3.4803356956,0.0003097013,-0.109348686,0.0834854653,0.0039448203,-0.042664476,-0.086381973,-3.853665776,0.7086813577,0.0863819731,31.0,-0.04977792,-0.307692308,-0.636089227,0.0008893521,-0.020763253,0.2723657202,0.8126902719,-0.340318584,-1.280452681,0.2031421376,0.0,1.1672367864,-0.373041354,1.0711835184,-0.059052302,5.6109897946,5.8946128156,0.0103755494,0.0,0.0,1.0,0.0,0.0,2.5270124807,4.0,9.2388680809,-0.26463718,-0.219556597,7.5240761739,-4.339636965,-2.544209668,-1649.625768,0.0340789314,13.059936691,0.00041841,0.0059859552,0.0249106412,0.0555229,0.1017979943,2.6955467315,2.0,0.0032051282,-0.040114688,0.0902026854,4.0,14.220996238,1.9921406179,0.0,0.0461538024,0.0353226357,0.067070768,0.3012795096,2.4304457959,7.7113005e-09,1.3316757e-08,2.1163285271,4.4788464346,0.1289382706,0.1295616468,-0.147533731,0.818494895
76128,0.087799205,0.0044823093,17.000005474,0.0,0.0112831063,0.074223639,0.0884530098,0.6460097953,0.5919693262,0.0691407985,0.2933987434,-0.052238267,-0.92892239,0.0086460268,0.052238267,31.0,0.0253765507,0.0345167653,0.127764025,0.0520982766,-0.058724265,0.1477225659,-0.185881984,0.1472082483,0.7066383865,0.7888911314,0.0,7.8229704046,0.307570975,6.4093747686,0.4770100388,1.3995507484,7.2337374082,0.7246844548,0.0,0.0,0.0,0.0,0.0,0.6932361039,5.0,0.1744542732,-0.143492983,-0.003064912,-0.315663092,1.2441529701,-0.009067951,-12371.19623,0.0642905452,14.482975092,-0.004043471,0.0297036579,0.0337734917,0.0011581228,0.4988339908,0.0345521964,0.0,-0.000968992,0.4211191339,-0.034978156,8.0,15.896998155,2.6270400613,0.0,0.0919235274,0.0396724069,0.0577113766,0.3903642054,5.2433472815,1.4292622e-09,8.7236e-09,1.1833663416,1.4003558984,-0.024043787,0.0535408556,-1.244373461,-0.091892872
92897,2.2247034615,-1.406772478,-9.811937184,0.0,0.9398731744,2.7455382778,-0.436504322,-0.22038243,0.1268238788,0.3366929134,-0.001311112,-0.347178401,-0.891373101,-0.152813331,0.3471784015,18.0,-0.099557522,0.0,-0.071548649,-0.044413456,-0.050963889,0.1716394402,-0.162335231,-0.08459407,-0.286504113,0.5218141334,0.0,2.7482895302,-0.235622067,1.9364033427,-0.175429273,12.445412499,2.2505227328,-1.447672512,0.0,0.0,0.0,0.0,0.0,0.1640868169,2.0,-10.41850201,0.1332558042,-0.31857443,1.8695832247,1.7443607878,-0.010236778,-5741.246762,0.02204135,11.23021025,-0.004380623,-0.050032055,-0.071169158,-0.057427537,0.0877714586,-0.012366962,1.0,0.2146331488,-0.486729348,-0.055241324,3.0,11.375303469,0.474198869,0.0,0.0471698828,0.0309552398,0.0322581243,1.4335253284,0.9426518205,1.5902876e-06,1.1440164e-07,0.225143505,0.0506895978,0.8006500746,0.1369958954,0.0214357583,-0.24467985
14941,0.5743003513,-0.012432129,6.7119243049,0.0,0.1902755561,0.326709026,0.0481009415,-0.070460102,0.233774172,0.0033453964,-0.220995509,-0.014226472,-0.908088235,-0.001142659,0.0142264716,7.0,0.0132473217,0.1446808511,0.0246559633,-0.000374562,-0.054406886,0.1918604651,0.2920684439,0.007501667,-0.006876383,0.2651618843,0.0,2.8093806374,0.1086228142,1.7937462417,-0.02911086,6.4107623318,4.2572960095,0.0330282949,0.0,0.0,1.0,0.0,0.0,0.3211349984,5.0,51.949847149,0.1450209087,0.063775081,0.7716998968,-1.572556827,4.1123557245,-5334.748291,0.0357482652,14.137443954,0.0341837585,-0.020970712,-0.027231351,-0.001064252,0.061205332,0.0143050589,0.0,-0.00224359,1.5107811781,0.1381337736,5.0,14.840091231,1.4579679521,0.0,0.0352238901,0.024859927,0.0335548227,0.2237870597,1.2031135172,2.2425071e-09,1.8114647e-08,1.2657311071,1.6020752356,0.031709851,0.0509077177,0.1946165631,-0.145662284
76135,0.799843262,-0.118966012,-1.795050191,0.0194569852,1.1381901834,2.9204816692,0.0020908609,-0.048796046,0.1829384098,0.0036260549,0.0488897552,-0.169426417,-2.849955553,0.2200818336,0.1694264171,31.0,-0.021722281,-0.035714286,0.033913628,0.0459793841,0.2982477932,0.191660218,-0.033475693,-0.013017128,-0.145257304,0.5350222215,0.0,1.5427900803,-0.056520473,1.2806120502,0.0016088021,8.1682296348,6.5872410376,-0.023728844,0.0,0.0,1.0,1.0,0.0,0.3797976471,5.0,-0.019830469,0.2200037922,-0.062166647,0.2618781097,-0.346329956,0.0445404153,214.24197017,0.1489431475,14.123137698,-0.000951664,0.0141365236,0.0366794922,-0.001688352,0.1811448866,0.0034169963,0.0,-0.003539823,0.4751889543,-0.089863442,4.0,15.17338361,1.9276886224,0.0,0.0168790035,0.0148281576,0.0301650283,0.3165805685,2.1351381819,1.39892e-09,1.5145474e-08,1.513894712,2.2918771989,-0.020779816,0.0586140151,-0.175920013,-0.073400055
78981,0.1338415816,0.0371645998,12.322385314,0.0207633546,0.1861004188,0.8002191873,0.2080736866,0.1583569784,0.5868743744,-0.027537811,0.3620883493,-0.012079143,-0.096878806,0.0407650618,0.012079143,28.0,0.0,-0.009752438,0.0114343198,-0.428916777,-0.019324903,0.15305867,-0.006640007,0.0206967657,-0.04107453,0.6613513946,0.0,1.4987216813,-0.169596976,1.4987216813,-0.169596976,14.227614032,4.601468864,0.2852897064,0.0,0.0,1.0,0.0,0.0,1.1558833436,4.0,-0.011415629,-0.091275582,0.0299361627,-0.28170731,0.6015279324,-0.121215778,-4481.463339,0.2470034686,15.564879455,0.0088449618,0.0579346212,0.1188607676,0.1078659647,0.1396040421,0.0109760494,5.0,0.0017741731,0.1320143073,0.0372325163,4.0,16.011010395,1.9907524623,0.0,0.0376372561,0.0240635533,0.0330264474,0.279115283,4.0649678796,2.434098e-10,8.5253328e-09,0.5930087361,0.3516593611,-0.057706925,0.028492888,-0.128419275,0.0980376093
15482,0.5570441872,0.0164412417,-1.384069995,0.0,1.4180804068,2.568749767,0.0768715234,-0.021524912,0.3082773911,0.003260148,-0.041852163,-0.027082134,-3.289224953,0.0705201842,0.0270821336,6.0,-0.018988622,-0.08184466,-0.110036718,-0.178737692,0.0429848569,0.1817070188,0.1084382048,-0.014195972,0.0343374885,0.3616081039,0.0,1.7426439232,0.0294213003,1.2636105188,0.1048968907,21.37868598,6.6663978061,0.0591547181,0.0,0.0,1.0,0.0,0.0,1.0847760849,7.0,0.092208237,0.0820558794,-0.601375735,0.0329335631,-0.18333146,-0.107347909,475.9030553,0.1434034542,15.414243404,0.0055491256,0.0128890382,0.0402172877,0.1175237282,0.0335185354,-0.00216767,0.0,0.0079764903,1.8772920026,0.0829278226,5.0,16.16771281,1.4408189153,0.0,0.0322366022,0.0180189681,0.0284018535,0.3378925811,2.223392678,4.383758e-10,1.6986513e-08,1.7629884611,3.1081283138,0.0345688593,0.0364146022,0.0428862192,0.4042341731
14983,-0.053024442,0.0082299977,8.2734028253,0.0,0.2563288666,0.6292817253,0.1793347554,0.5475295356,1.0806017807,0.0635149573,0.4784314913,-0.327459462,-6.658170987,0.06302673,0.3274594619,7.0,-0.00253623,-0.050809538,0.549804718,0.3848852324,0.3298320468,0.1914079432,0.3806511117,0.1158291365,0.2623246149,0.7749707357,0.0,1.4064510707,0.6458209874,1.3823689944,0.693504636,5.4590515827,82.018021152,0.0974641275,0.0,0.0,0.0,1.0,0.0,-4.497116102,7.0,0.0480115167,0.0774533745,-0.051781933,-0.089732873,-0.826063114,-0.062611493,-1482.313152,0.2560171468,15.622934259,0.0010786585,-0.016666795,0.0506012797,-0.026978271,0.5358478999,-0.013793117,0.0,0.0004696489,1.2654856119,-0.040870529,6.0,17.829047247,6.5029497042,0.0,0.0932092369,0.057060275,0.0823703785,0.2990699652,13.95189898,1.633683e-10,2.7770957e-09,2.1546567549,4.6425457314,-0.013625187,0.1022997129,-0.53390641,-0.215279818
88965,1.2562544866,0.115511055,-16.67924098,0.0255407458,8.6576238983,0.4594571339,0.0285888977,0.1962978182,0.0466743189,-0.047339406,0.2189412008,-5.914273e-06,-0.000465954,0.1155648778,5.9142726e-06,22.0,0.0018716701,0.0043763676,0.0626571616,-0.137006633,-0.050554784,0.1253464249,0.0289032755,0.0016717492,0.0605284043,0.5827536119,0.0,0.9952635382,-0.04252689,0.9920516964,-0.044365433,0.917754906,0.0630005599,0.0161002094,0.0,0.0,0.0,0.0,0.0,0.3265328996,4.0,0.0076228824,0.002106269,-0.010694862,0.1490873053,-0.960075583,-0.037805697,-6596.918702,0.0256085935,12.638093785,0.0002956005,0.0032968126,0.0273599442,0.0024803313,0.0857536457,-0.002854171,1.0,0.0012914335,0.0235472816,-0.039936827,4.0,12.26335429,0.6076872101,0.0,0.0161501896,0.0166972802,0.0285141117,0.2961897594,0.9672972497,1.2565122e-08,3.3745138e-08,1.1576758807,1.3402134448,0.0364730064,0.037813856,-0.182355675,0.0732063074
15022,0.9505241447,0.0583587967,-28.15449332,0.0269009859,6.0169165077,0.2916194199,0.0198927922,0.1088549161,0.0311093601,-0.033800721,0.1261586839,-0.004025678,-0.457033418,0.0850307171,0.0040256779,7.0,0.0004382501,-0.053019146,-0.097029345,-0.230621848,-0.060259793,0.121842725,0.0074488441,0.0002354513,0.0105635133,0.5768590921,0.0,1.0645100468,0.0181078803,1.0608632539,0.0179358193,1.5994541319,0.0552816881,0.0124763283,0.0,0.0,0.0,0.0,0.0,0.2078213163,4.0,0.0155586885,-0.023442181,-0.068090375,-0.156643037,-1.202145078,-0.068339858,-5609.597562,0.0256085935,14.387152805,0.0003443887,0.0039397723,0.0289376993,0.0042231494,0.0348300826,-0.108664121,1.0,0.0005081301,-0.253705754,-0.047035411,3.0,15.402382087,1.5947223097,0.0,0.0520564094,0.0198031183,0.0320662055,0.2988425261,2.6161260481,1.3213535e-09,1.5965614e-08,1.6128761855,2.6013695898,0.0069007204,0.0388471134,-0.414687782,0.0732063074
89655,0.20924853,0.0345166212,14.739550425,0.0570760992,0.0047492084,0.0630650016,0.2067469437,-0.088014793,0.2208105864,-0.00041365,0.0705256154,-0.021986987,-0.142893792,0.0394488321,0.0219869868,26.0,0.0002236857,-0.043478261,-0.159216118,0.1117564132,-0.000356822,0.3011695906,0.1575171904,-0.00153463,-0.09106994,0.3061063572,0.0,23.722492697,-0.45083309,19.924050633,-0.480031989,1.1800508119,10.878818737,1.4118782575,0.0,0.0,0.0,0.0,0.0,0.2250657093,4.0,0.143333392,0.0337740867,-0.081059938,-0.194213767,0.1606974389,0.0217348538,-16028.11109,0.0642905452,12.319677119,0.0038677034,0.0505686546,0.052418949,0.0079051125,0.4828807725,0.0046432408,2.0,0.0046059248,-0.167276274,0.0155174723,5.0,12.412145907,1.0641689091,0.0,0.0313761309,0.0233895777,0.0313471779,0.3197221967,3.0231712148,9.1760068e-09,1.6094333e-08,0.9926165482,0.9852876117,0.0065241558,0.0317341796,-0.232903584,-0.091892872
14926,0.0796377872,0.0300629334,31.479840764,0.0120914278,0.3673309498,0.2771421496,0.1625811529,-0.0495778,0.3142496759,0.0,-0.354343775,-0.012646631,-0.193939394,0.0358933205,0.0126466309,7.0,0.0,-0.277777778,-0.146370083,0.1438130298,-0.033194498,0.9563953488,0.0476177968,-0.01566168,-1.806576078,0.151798459,0.0,1.5267445018,0.173116983,1.5267445018,0.173116983,10.657324841,5.9949838767,0.0991419726,0.0,0.0,1.0,0.0,1.0,-1.295587989,5.0,12.920648296,-0.061043527,-0.593385371,0.1021725558,-9.568612238,0.2836577971,-7999.193466,0.0371991411,15.663909776,-0.000651645,0.0262478803,0.1480865225,0.0051550989,0.0306629729,-0.081679037,1.0,0.0023501763,1.1580485889,0.0114231594,4.0,15.923241744,3.1402999143,0.0,0.1124718934,0.0253944232,0.0066859298,0.956883482,32.17339507,6.090982e-11,3.2744334e-09,0.9567796556,0.9154273094,0.0517042689,0.0296554233,0.4417550276,-0.054879185
76392,0.3104562893,-0.003187879,32.291442301,0.0,0.2285961647,0.3121728147,0.0602066589,-0.052878785,0.2774080546,0.0074257874,-0.125785104,-0.102353877,-17.79061262,0.0535264439,0.1023538767,31.0,-0.016178427,-0.057592447,-0.031137295,0.0315688975,-0.021578863,0.2040705646,0.0170934547,0.0019120013,0.0090857987,0.3153062931,0.0,2.3226903202,-0.071737384,1.2523404899,-0.005876752,16.935044627,6.1018649819,0.1113231712,0.0,0.0,1.0,0.0,0.0,0.5026622622,4.0,51.906411621,0.0916044835,-0.138498217,0.5078558347,-1.383481355,4.164304914,-4434.995121,0.0357482652,15.072031159,0.0008290881,0.0072863194,0.0120582326,0.0056858026,0.0419336817,0.0088482304,1.0,0.0012534819,0.2339742593,-0.026287876,6.0,15.596340696,1.4831483801,0.0,0.0296834633,0.0228772716,0.0363049436,0.4246115775,4.3121869304,7.644921e-10,1.3398361e-08,0.8143856119,0.6632239249,-0.079974129,0.0507883784,-0.135602593,-0.145662284
15067,0.0681770599,-0.000551409,79.620783381,0.0,0.0069564404,0.055139204,0.0048183123,0.8396449353,0.6182419556,0.1264246985,-0.616454163,-0.072723314,-7.647741531,0.0036656267,0.0727233138,7.0,0.0196177858,0.2792207792,0.2966216821,0.3043177157,-0.085817731,0.0720048176,-0.194829205,0.4040183934,2.0028491982,0.5650953249,0.0,3.2938619003,1.5457640407,2.7166148365,1.7298786685,4.740583223,17.289836208,0.2428591122,0.0,0.0,0.0,0.0,0.0,1.1074620043,4.0,-0.110566182,-0.281601861,-10.80088118,-0.08455631,-0.706447618,-0.037737959,-10575.35327,0.0426379215,15.216642159,-1.4086e-05,-0.002640951,-0.002874366,0.0037796469,0.2252801232,0.2259676739,2.0,-0.001261476,1.8220150303,-0.169925218,4.0,16.265494322,1.9693585158,0.0,0.0445245504,0.0328160225,0.0551582485,0.2189322661,2.2596737119,5.219238e-10,9.7635477e-09,0.977596848,0.9556955972,0.002614677,0.0493633647,-0.244834686,-0.010149049
14882,0.3246223903,-0.113708441,1.5559140593,0.0,2.0289546566,0.2248281866,-0.000675095,3.7736518902,0.3024526141,1.682115278,3.2203023758,-0.055728,-0.666476949,-0.037924386,0.0557279996,7.0,0.0012193058,1.0,0.3740735189,-5.127236911,-0.102931279,0.0395066748,-0.500159999,0.4040183934,3.4895668588,0.3290145115,1.0,2.5791102515,1.9365727151,2.5620889749,2.00864441,0.9192908177,9.0942408377,-0.065450762,0.0,0.0,1.0,1.0,0.0,0.476166182,2.0,0.5075042762,0.0204961879,0.9144225865,0.288127774,0.0558396782,-0.038700161,11104.790317,0.0633299066,16.469328288,-0.006291564,-0.005899629,-0.044604597,0.0517445135,0.0352651301,0.1080147721,0.0,-0.009440684,0.1268047097,0.0115005726,2.0,17.64851739,2.6787488066,0.0,0.0527071208,0.0355752555,0.0551788544,0.2323327493,3.236435915,1.534463e-10,8.5700387e-09,2.8149696938,8.1460812957,0.0447820748,0.0779767389,-0.513247372,0.0171249485
15084,0.5646961166,0.0530289113,-13.86754985,0.0014088807,4.3144466014,0.3013580086,0.030806804,0.1730123746,0.0569385552,-0.00388544,0.1775214769,-0.006057245,-0.520164313,0.0806126585,0.0060572451,7.0,0.0036802179,0.0167118338,0.0616242902,-0.114976629,-0.030872671,0.1567617386,0.0682696008,0.0047615782,0.0709891767,0.6566704742,0.0,1.1112682865,-0.036035722,1.1057605054,-0.039550713,1.1572840362,0.0742377583,0.0172483008,1.0,0.0,0.0,0.0,0.0,0.4526084293,3.0,0.0425132498,0.0007185736,0.0016406044,-0.542471065,-0.752531977,-0.072757916,-5668.269242,0.0256085935,14.37343407,0.0001442574,0.0040607546,0.0308295936,0.0063337635,0.0884323852,-0.025621346,0.0,-0.001198442,0.0408740712,0.0083486037,6.0,15.071113637,1.8110815215,0.0,0.0634573027,0.0352980995,0.0539404441,0.3833981634,5.3415731717,1.288166e-09,8.8167443e-09,1.4590597476,2.128855347,-0.011638893,0.0527974743,-0.73149335,0.0732063074
15059,0.2229464128,0.1049325753,1.5385487048,0.0,0.4448827294,0.3670021662,0.4741073776,1.0581888699,0.3568045152,0.0304972501,0.8460684923,-0.03502546,-0.165610538,0.1223105156,0.0350254603,7.0,0.0550562301,0.089347079,0.2989656557,0.1929455983,-1.705e-05,0.1439393939,-0.271734683,0.0923269923,1.6705001236,0.817889145,0.0,5.2692289208,0.7661285266,4.9655413895,0.7133250341,0.8546930841,2.9451498287,0.3126651457,0.0,0.0,1.0,1.0,0.0,1.185593172,4.0,1.4505440801,-0.644407489,-0.08865748,-0.020905526,8.9123639735,0.2090578786,-4486.174681,0.0232852488,13.458698343,-0.000228932,-0.052097109,-0.246626552,-0.025228148,0.6319139413,-0.104332106,0.0,-0.00746733,0.5651934013,0.0584686482,5.0,14.622050339,2.2489096694,0.0,0.0295719188,0.022487219,0.0507858351,0.3071360214,2.9183581946,2.8552958e-09,1.0871855e-08,0.9845313395,0.9693019585,0.1056849809,0.0589513395,-0.590058663,-0.24467985
14970,0.0417165555,-0.004651121,13.634336747,0.0,0.0662248232,0.0483007429,-0.077624382,0.2575073219,0.4798721442,0.0735653591,0.3169779509,-0.098200379,-2.045653938,0.0048634626,0.0982003786,7.0,0.0,0.2474165929,0.3084580506,-0.058134035,0.0041697395,0.0982982155,0.0857731444,0.0514577497,0.1733912037,0.7820643282,0.0,3.2702979342,-0.049641974,3.2702979342,-0.049641974,0.7057455427,6.9841417984,-0.045042748,0.0,0.0,0.0,1.0,0.0,1.1177737638,4.0,-2.95610787,0.0276327006,0.0325921617,-0.036152639,-28.32708267,0.0072564091,3683.5372557,0.03476008,16.708606675,0.0001018438,-0.00680418,-0.017047627,0.0034793508,0.5667819751,0.0948089479,1.0,8.87456e-05,0.1837906801,0.0207276689,6.0,18.111157278,3.0067617074,0.0,0.0798623338,0.0440503984,0.0669083413,0.2410955244,3.4434465071,1.605837e-10,8.7729766e-09,1.2661259714,1.6030749753,-0.012739293,0.0623935412,-1.070745344,-0.054879185
14953,0.2166526072,0.0325814762,16.141632307,0.0,0.2955463482,0.4902040176,0.0999031883,0.0095921861,0.3449055975,0.0153771391,-0.106676749,-0.103897558,-1.625568316,0.0855448917,0.1038975575,7.0,-0.013945064,0.53125,0.0566667652,0.3167050061,0.0146663128,0.0812322763,0.0631121726,0.019940284,0.2275399216,0.4200599305,0.0,1.6893564803,0.3730240391,0.4452665391,0.4510126941,12.21483841,69.962493149,0.1463316365,0.0,0.0,1.0,0.0,0.0,0.9620849692,7.0,0.1026947249,0.4056242359,0.6554413855,4.5964449503,0.1725451035,-0.700510525,-4139.215342,0.1259346863,14.798367801,0.0105587604,0.0398329292,0.0860717882,0.0487324859,0.0381186387,0.0324489247,0.0,0.0043884325,0.9548587805,0.0172679672,6.0,16.291190959,3.673874298,0.0,0.0525314584,0.0299376352,0.0462781617,0.272650398,4.3730917443,5.548832e-10,7.000641e-09,2.0323972312,4.1306385052,0.0522240087,0.0622401725,-0.619386503,-0.156062375
15065,0.1244794893,-0.055812589,3.8011755958,0.0,0.1136328157,0.051987785,-2.326913544,-0.035639266,-0.296517249,0.0431682581,0.1968999134,-0.321680381,-1.431092868,0.0240604089,0.3216803811,7.0,0.0114508825,0.1280602637,-0.312802784,0.4146367757,2.0062880864,0.3376470228,1.5527532513,0.01539077,-0.182039583,0.9197167711,0.0,4.6272681035,-0.323223589,4.5259732699,-0.331484879,0.25682374,4.209798725,-0.472853423,0.0,0.0,1.0,0.0,1.0,-0.497224563,3.0,0.6433322356,-0.069217922,-0.049944295,-0.119372449,5.6368103729,0.1108077718,-2354.903931,0.0232852488,13.673568371,-0.000135465,0.0615840854,0.1911044593,0.1181465582,0.5718924931,-0.885533248,1.0,0.0362035225,0.1371487853,-0.075004794,5.0,14.616551595,1.6012740537,0.0,0.043261189,0.0356640288,0.053641388,0.3486928798,2.9653126612,3.8125318e-09,1.5193664e-08,1.2297120107,1.5121916293,0.0024317115,0.084759114,0.3381230516,-0.24467985
14353,1.4517801755,0.0901732738,-4.741622381,0.0072205343,1.7155560653,3.041489238,0.0683134432,-0.061468672,0.1150190768,0.0125206078,-0.088071241,-0.020388968,-0.835447498,0.1655083097,0.0203889684,7.0,-0.010824384,0.0,-0.071087196,-0.105623501,-0.123137874,0.0505525058,-0.04387584,-0.007922434,0.0735406412,0.5846934352,0.0,1.0200615473,-0.269995732,0.8759757781,-0.248855359,7.9114012976,10.643095397,0.1254715064,0.0,0.0,1.0,0.0,0.0,0.2782268012,5.0,1.4027231095,-0.030237669,-0.599295315,-0.783112213,-6.876956083,-0.226073251,-1045.232233,0.0466779283,12.300663338,0.0,0.0469143183,0.1300755032,0.4700038162,0.0748556603,-0.025624774,2.0,0.0356435644,0.8206861756,0.0515192803,3.0,13.632040107,2.0069411236,0.0,0.0628803149,0.0367057355,0.0492607515,0.4395172889,3.4590072015,1.8594938e-08,1.5042376e-08,0.9919628174,0.983990231,-0.019725074,0.0623439735,-0.111825001,0.3806159504
15046,0.0648913147,-0.01387581,9.1082016089,0.0,0.0669807462,0.0604792532,-0.305339078,0.6809036613,0.5512589296,0.0963416181,0.5830204546,-0.133838149,-1.014338169,0.0001989537,0.1338381492,7.0,-0.013157299,-0.011723329,-0.072278382,-0.009911934,0.0085670918,0.1513592018,0.1045606097,-0.010948695,0.795499926,0.8943309231,0.0,3.1488972049,-0.473176811,2.8006188196,-0.401601657,0.6157593074,4.6615422251,-0.23926537,0.0,0.0,0.0,1.0,0.0,1.0958530543,5.0,51.958359648,-0.144318939,-0.0926291,0.2622908602,-0.236455253,4.1136973371,-1536.310551,0.0357482652,14.590695884,-0.000174707,-0.083521949,-0.139727549,-0.003755959,0.6465503032,-0.016637343,0.0,0.0004296271,2.5848884606,-0.042033737,4.0,15.693669875,3.0134804269,0.0,0.077308543,0.0360484832,0.0529616338,0.4478709801,5.5829138994,9.767966e-10,7.7790683e-09,1.2899139587,1.6638780209,-0.01340354,0.0639638299,-0.115802143,-0.145662284
15119,0.0143794871,-0.010827176,7.7096419125,0.0,0.1437856985,0.078655528,-0.230996564,0.0937660505,0.4110684472,0.0460987585,0.1061452226,-0.120645603,-1.686867226,0.0074368326,0.1206456027,7.0,0.0,0.0873417722,0.1802773498,0.0299900852,0.0439864922,0.0950253268,0.2585601999,-0.022388752,-0.016313913,0.8567959395,0.0,2.2466234199,-0.087824451,2.2466234199,-0.087824451,0.6633373456,4.8780332145,-0.072074928,0.0,0.0,1.0,1.0,0.0,3.8527309735,6.0,-2.915523575,-0.068629286,-0.127482659,-0.063489707,-28.64693137,0.009829779,-10128.24516,0.03476008,15.349997802,-0.001384723,-0.008889105,-0.091138678,0.0034342774,0.6962657372,0.0236797021,1.0,0.0018444949,1.341611252,0.039204191,3.0,16.200760947,1.5895020095,0.0,0.0368643925,0.0252286428,0.0431061229,0.2821754019,1.824086166,7.602165e-10,1.8159351e-08,1.1003708583,1.2108160259,0.1657549844,0.0513160256,-0.945621458,-0.054879185
15287,0.3664026383,-0.900480511,0.5408147207,0.0,0.4614528644,0.0318614508,-8.205317667,1.0815782512,-0.853128181,0.5285049402,0.3265092474,-0.152973494,-0.104099075,-0.73243807,0.1529734941,7.0,0.0,-0.460992908,-0.891074591,-0.85265609,1.4845324121,0.1206526406,0.7800754271,-0.013104613,6.3522247483,0.9053358424,0.0,2.8865446109,1.6393858835,2.8865446109,1.6393858835,0.0458943393,1.5271528317,-2.202789861,0.0,0.0,1.0,0.0,0.0,-6.469352964,3.0,-14.07756955,-0.683308299,-0.638997466,0.1225506995,5.1201617702,-0.71999396,-5622.884371,0.0232852488,10.655474392,0.0,-0.018041771,-0.028274796,-0.008869883,0.8953033268,-8.95397166,1.0,0.4438015068,0.8119749382,0.1066936357,3.0,12.102015907,2.0331720636,0.0,0.0361267328,0.033354252,0.0854709664,0.5218121714,1.9099360274,1.5090443e-07,2.2768077e-08,1.3369227693,1.7873624911,-0.165089423,0.1256983264,-0.216855577,-0.24467985
15016,-0.002827616,-0.456616878,1.719772045,0.0,0.860646186,0.3616556754,-0.432405645,-0.173313634,0.2105291482,0.0221840937,0.3837106805,-0.159729178,-0.331528567,-0.305235339,0.1597291782,7.0,0.0484008335,-0.247787611,-0.148842877,-0.002008262,-0.057351437,0.2002935421,0.1302603228,0.0611680789,-1.006802472,0.6469333345,0.0,1.8294933484,-0.18016752,1.1410133031,-0.316526776,1.2960685502,3.0311449602,-0.587919481,0.0,0.0,1.0,1.0,0.0,0.4100046408,2.0,51.935745179,0.0498773507,-0.328693381,0.1945719292,-0.980118069,3.8082630443,-7325.642141,0.0357482652,11.395289213,0.0,0.1402619349,-0.83573841,0.0128987998,0.3542682339,0.0630283277,2.0,0.2617801047,0.1198610553,0.0188534167,3.0,12.469869358,2.024691358,0.0,0.133802861,0.0632562022,0.0927359676,0.6362641098,8.799846772,3.4788993e-08,7.5238624e-09,2.8149696938,8.1460812957,0.1305507092,0.1011505995,-0.611906584,-0.145662284
15071,0.4578548345,0.0272256048,7.9843391887,0.0,0.6808546346,0.6236011735,0.0462437235,0.0817719028,0.1365257563,0.0006643175,0.0897469136,-0.029993489,-1.207062717,0.0600886173,0.0299934891,7.0,0.0,0.0129166667,-0.055613406,-0.087171174,0.0436948893,0.5059376315,-0.118483517,0.008387942,0.0701261596,0.1821605046,0.0,1.1018689165,0.0696324067,1.1018689165,0.0696324067,16.224155225,3.2836402358,0.0898050747,0.0,0.0,1.0,0.0,0.0,0.3058071978,6.0,-0.276470215,0.1739154155,0.0071559219,0.2872677214,-0.36047691,0.0154470294,1620.2175844,0.0915965863,15.830041026,0.0024661697,0.0097563816,0.0241594089,0.0274761624,0.0149124512,-0.004562534,2.0,0.0005715592,0.8898302128,0.0945513682,3.0,16.62170981,1.5858964985,0.0,0.0384671949,0.0299139503,0.0353447844,0.3705780367,3.3997589374,3.761113e-10,1.4307756e-08,1.4484199039,2.0979202179,0.0380457762,0.0446063891,-0.317007693,-0.049938477
15087,0.2228139203,-0.037220313,3.5664360134,0.0,0.5120290994,0.2120320273,0.0044312137,0.1259961673,0.2266835325,0.1876039604,0.028311194,-0.090964847,-1.69544505,0.0258846822,0.0909648471,7.0,0.0,-0.026442308,0.3105548494,0.4285944219,-0.055889382,2.2480733409,0.2642034398,0.0026824279,0.4404470523,0.2890332124,0.0,2.6152198979,0.4181583075,2.6152198979,0.4181583075,1.1669766307,5.9024942852,-0.005835326,0.0,0.0,1.0,0.0,0.0,0.8082645482,5.0,-2.911204945,0.0740224434,-0.241266739,0.1449447258,-28.17919248,0.0282776287,-13222.18991,0.03476008,13.054746678,-0.004522689,-0.010526577,-0.035368309,0.0018315359,0.1757679031,0.0195778895,2.0,0.0026913876,5.6900009827,-0.215585991,3.0,13.782554921,1.6868448219,0.0,0.0484808683,0.028167767,0.0485065796,0.3990153825,2.8068591389,8.3734349e-09,1.5573056e-08,0.9804916096,0.9613637966,-0.055836652,0.0590781577,-0.226217021,-0.054879185
92089,0.5504146013,0.0977416153,11.457634012,0.0,0.2801711954,0.8390830491,0.0969681566,0.1294151374,0.2679537976,0.0034463635,0.0011120224,0.084310867,0.6912826647,0.030174531,0.084310867,7.0,0.0976922161,-0.043478261,0.2328790137,0.1260993527,0.1546371027,0.5977498777,0.5086438128,0.1036195989,0.2237789773,0.5083361329,0.0,36.030096652,0.3599576666,1.5847232984,0.1227786058,29.018016947,154.01168736,0.3603130354,0.0,0.0,1.0,0.0,0.0,0.4296535721,7.0,1.8532973573,0.0960715946,-0.041010065,-0.080911601,-0.435570472,-0.20361868,-3467.880941,0.1021842523,13.815482596,0.0041595118,0.0376859943,0.0676160354,0.0638626215,0.0393396946,-0.001437778,0.0,-0.005847953,0.7028647879,-0.044432476,2.0,14.732850255,2.328742515,0.0,0.0599469021,0.0257256237,0.0427463139,0.2571063659,3.1078576486,1.9860448e-09,9.8726608e-09,1.5141358103,2.2926072519,0.0528951923,0.0542891068,-0.253060655,-0.280901789
15072,0.0558178464,0.035417743,15.311951009,0.0,0.1209964999,0.1578506425,0.120944938,0.5039811468,1.0806017807,0.0197363682,0.1842042912,0.0362576412,0.1506797296,0.030081007,0.0362576412,7.0,0.0,1.0,0.2111824317,0.4349112453,0.0054667463,0.1344942936,0.3505380118,0.0567199012,2.6271630834,0.5120761261,0.0,1.3450711763,0.3715601005,1.3450711763,0.3715601005,2.8185878963,21.354803493,0.3833090265,0.0,0.0,1.0,0.0,0.0,9.1062751267,6.0,0.4193909693,-0.237897994,0.9144225865,87.671268727,-11.73076255,-9.211317135,-3116.330892,0.0109914292,12.997592871,-0.008971625,0.0285940009,0.0834976744,0.003801772,0.2446913973,-0.064727492,0.0,0.00091818,0.1209980029,0.1326659406,5.0,14.793431123,3.9231035198,0.0,0.0324951001,0.027481145,0.0482294299,0.3365664981,5.1251008555,2.8905881e-09,5.5458856e-09,1.5834005163,2.507157195,-0.020051304,0.0698332305,-1.227904752,0.0069773022
85875,0.9192955674,0.0706224776,-5.543561559,0.0295154084,5.0023016177,0.2437895576,0.0338996208,0.1582258542,0.040707778,-0.029447853,0.1857586329,-0.010543348,-0.823660194,0.1287914013,0.0105433476,26.0,-0.000812168,-0.258901629,-0.107597489,-0.195096545,-0.026962102,0.0590108319,0.0703483636,-0.003591545,0.0283019358,0.5418193039,0.0,0.8851467936,0.0907136391,0.8795053284,0.0946283673,0.2891928754,0.0777089602,0.0179103016,0.0,0.0,0.0,0.0,0.0,0.2328029563,5.0,0.0101571083,-0.003988478,-0.273972859,-0.187871614,-1.348860337,-0.024579174,-4506.407442,0.0256085935,14.739177264,0.0003109969,0.0035659971,0.0238875253,0.0031461332,0.1458981715,0.0218248369,0.0,0.0044938804,-0.137553869,0.0482586913,5.0,15.004695226,0.9169568796,0.0,0.0290697869,0.0200832097,0.0301349442,0.3374413288,1.2339074867,1.9172157e-09,2.8062857e-08,1.5556922792,2.4201784677,0.0457364277,0.0468834365,0.0440132274,0.0732063074
15028,-0.674497254,-1.45860494,-4.984070592,0.1143489518,11.63290452,9.4909832016,-8.796494899,-0.277394249,0.0395399361,0.3018610985,0.0913929504,-0.362887341,-1.151672827,0.9016014033,0.3628873413,7.0,-0.00014244,-0.326816004,0.0212120172,-0.347303061,-0.409435215,0.3832000738,1.3091465944,-0.033107987,-3.26553694,0.2851975403,0.0,1.0054391037,-0.069137597,0.9914709071,-0.062145847,3.5853705579,15.530677249,-0.607761316,0.0,0.0,1.0,0.0,0.0,0.5992366412,3.0,1.3420743266,-0.030544199,-0.533836947,-1.094815877,-1.258839258,1.7237279188,-10868.46904,0.0642007103,10.624949183,0.0032118118,-0.000312186,-0.00065643,0.4700038162,0.1444444444,0.0404273584,3.0,0.0405498282,0.6828138139,-0.114274461,2.0,9.537865511,0.4450879451,0.0,0.0576642305,0.0473223324,0.0491471503,1.167377563,2.9548635036,3.7301036e-07,3.9731906e-08,2.5930417662,6.7238656013,-0.067649352,0.1443450978,-1.07973625,0.06707331
15590,0.6297225156,-0.106177929,-59.85834908,0.0,1.4376789102,2.2353894135,-0.045009962,0.0935594287,0.2277904552,0.0,0.2428465792,-0.040780275,-0.760070053,-0.025475265,0.0407802751,6.0,-0.010298429,0.0131578947,-0.211654611,-0.290722572,-0.110110749,0.2160192695,-0.262991229,0.1066904041,-0.141789154,0.4021507196,0.0,0.7232314999,-0.680762351,0.5359029421,-0.713544919,158.17631579,4.3264233787,0.019710012,0.0,1.0,1.0,0.0,0.0,0.4954637608,3.0,-1.346259791,-0.034289936,0.0098186907,0.2103010421,-0.432139953,0.0520788065,-17659.45409,0.0629453635,9.7417242527,-0.005933099,-0.016541742,-0.060713117,-0.145691122,0.0104758945,0.0207771027,1.0,-0.090909091,0.4298414568,-0.142792154,1.0,8.6565202441,0.1720503423,0.0,0.0529411249,0.0318439702,0.0549925949,1.0009640908,0.613292949,2.3959196e-06,1.2903876e-07,1.5072627393,2.2718409653,0.1621016352,0.0814373181,-0.191344913,-0.107827317
15108,0.105608472,-0.049136416,3.7136149496,0.0,0.2503263269,0.1703225681,-0.304289871,0.1113963863,0.4258379859,0.0655269227,0.132924078,-0.197569262,-1.362732984,0.0178233988,0.1975692619,7.0,0.0,0.0173627405,0.1136561525,-0.067300817,-0.119628971,0.3348617993,0.2377976167,0.0107029848,0.059738019,0.7293454901,0.0,2.2688492514,-0.145979083,2.2688492514,-0.145979083,0.8181208835,3.8364621582,-0.154602651,0.0,0.0,0.0,1.0,0.0,1.3080823983,4.0,-3.079593935,0.0827840501,-0.197461691,0.0277392775,-28.75340681,0.0202163452,-10678.39002,0.03476008,15.247454206,0.0001013288,-0.0404859,-0.153562973,0.0063167979,0.6085624631,-0.005190091,1.0,0.000418002,5.1242518507,0.2629632168,6.0,16.215503109,3.1406654712,0.0,0.0703078806,0.0399447697,0.0516316518,0.3519353985,4.4902832387,6.369238e-10,8.8857884e-09,0.9913145215,0.9827044806,-0.144858247,0.0735667884,-0.482637217,-0.054879185
83671,0.6590497645,-0.213820713,-4.198183083,0.0,0.8191383023,2.7833278967,0.0053111419,-0.136933781,0.3909193728,-0.046451024,0.0650846169,-0.278138187,-2.075366079,0.229935542,0.2781381866,26.0,0.0,-0.161290323,-0.22054358,-0.041806822,-0.070138644,0.2326583088,-0.335577092,0.0065123157,-0.301583295,0.3504925212,0.0,1.4086672343,-0.229064717,1.4086672343,-0.229064717,29.538451693,6.3614720181,-0.208453362,0.0,0.0,0.0,0.0,0.0,0.7095274077,3.0,-3.04290184,-0.269360129,-0.376114754,0.5811805699,-28.28779431,0.2323284885,-13934.92917,0.03476008,13.706235936,-0.000524115,0.0183111541,0.0400705028,0.1067583745,0.0486961671,-0.007984721,2.0,0.0011078287,0.5622607019,-0.089915183,3.0,14.128458499,1.3831650236,0.0,0.0476767793,0.0301630743,0.0327884187,0.3122387107,2.822251874,2.5523631e-09,1.2757498e-08,0.7474063383,0.5586162345,-0.063233206,0.0497390653,-0.065966153,-0.054879185
15125,-0.085040327,-0.262988147,-0.294017191,0.0,0.8529575439,0.0170284996,0.6854996155,-0.445469663,-0.452567742,-0.833932279,-0.679654638,0.2927703751,4.9535809019,-0.73243807,0.5572082991,7.0,0.0,-0.6,-0.925498257,0.06339794,0.6034222,1.7649880096,-0.121564853,-0.095260215,-0.904756456,0.9226202444,0.0,1.5968179426,0.3479031282,1.5968179426,0.3479031282,0.0135149746,154.01168736,-0.085590644,0.0,0.0,0.0,0.0,1.0,2.1081740855,3.0,1.7193805861,-0.037049035,-1.028471848,-0.328892266,6.1409662841,-1.842581639,-5717.088081,0.0232852488,9.5052492312,0.0,0.0514693605,0.3249868213,0.2038972097,0.9282170473,3.3368285714,2.0,0.4438015068,-0.064049785,-0.037894106,3.0,9.7481381943,1.0891986063,0.0,0.0714285001,0.0421935038,0.0650505896,0.6091282886,1.5489301765,8.2008267e-07,4.0298874e-08,2.2244875483,4.9483448527,0.0138047589,0.1246551659,0.2183374218,-0.24467985
12622,0.0102468561,0.0672494716,21.372446286,0.0026871126,0.7989323212,0.9231664942,0.1667783916,0.0539748768,0.2307914244,0.0028955875,-0.022466738,-0.118381813,-1.459243474,0.1653828241,0.1183818127,27.0,0.0038034317,-0.017857143,0.003837463,0.0484984455,0.0172740845,0.1078777306,0.0201426847,0.0543299747,-1.203703704,0.453951674,0.0,1.4169347426,-0.01829557,1.1842830882,-0.017173006,26.994761655,7.3003258252,0.1435364272,0.0,0.0,1.0,0.0,0.0,-3.139245014,6.0,4.0744516718,0.0402305705,-0.05807812,1.0598559895,-1.806536502,0.3617312423,51257.732293,0.3461731473,17.986784723,0.0093304061,0.0471098746,-0.83573841,0.0258235934,0.0229813163,-0.011986304,2.0,0.0030487805,0.3938310113,-0.034709968,6.0,18.333812647,1.2268120552,0.0,0.0503894202,0.0533074505,0.035833013,0.5369553742,6.5820178435,3.906799e-11,1.4227236e-08,1.2785190638,1.6346109966,0.0139821339,0.0374358947,-0.390917366,-0.094679308
87053,0.3497844857,0.0037334103,5.443682835,0.0,0.1281768856,0.2492634734,0.0164798017,0.2627921314,0.3505996749,0.0846493058,0.0871716445,-0.067442724,-7.735795455,0.0326143089,0.0674427245,26.0,0.0057832817,0.4095238095,0.0928388747,-0.318774503,-0.0252592,0.2413480429,1.1766576621,0.004203329,0.3422466422,0.3514365902,0.0,2.0316615138,-0.304011812,1.6643192488,-0.343707092,2.4567739912,6.1185889091,0.0991767596,0.0,0.0,0.0,0.0,0.0,0.5092185592,4.0,-1.201702181,-0.14155958,-0.315368596,0.206699398,-2.055640305,0.1510791013,-18653.96422,0.0740556467,11.650057202,0.0342923876,0.0082400846,0.011861356,0.00565845,0.2122758743,-0.009352334,3.0,-0.001930502,1.5773132188,-0.146228746,3.0,10.623130597,0.3502469608,0.0,0.1163636148,0.0436192887,0.0700169705,0.4472693743,0.8367630645,1.7770024e-07,5.6512379e-08,0.844685351,0.7134933423,0.1167446152,0.0652459412,-0.194689711,-0.091892872
14773,0.3262071728,-0.541863077,-5.821318978,0.0,2.5002412704,4.1391093172,-0.114102236,-0.209844995,-0.038991913,0.0140646712,-0.080265826,-0.153843449,-0.909031353,-0.049292551,0.1538434489,28.0,-0.076955234,-0.003551136,-0.421482784,0.0903308908,-0.958472329,0.0658872451,0.1639532534,-0.078512975,-0.620089411,0.5046610463,0.0,0.7243467474,-0.274145855,0.2909860531,-0.415780203,43.523078637,27.986333145,-0.164519703,0.0,0.0,1.0,1.0,0.0,-0.270766164,1.0,32.61912936,-0.683308299,0.0270235353,-0.707962613,-0.457238346,-0.184224708,-23820.5596,0.0799518023,13.690534311,0.000210349,0.0324047885,0.4820616175,0.4700038162,0.0827816001,-0.006128262,1.0,0.0260814249,0.7793264169,-0.047793864,1.0,14.360484916,1.9012197827,0.0,0.0735900775,0.0325481127,0.051068494,0.363188966,4.0324152517,3.0486105e-09,1.0797121e-08,1.6623743933,2.7634886234,0.0931439144,0.0735838837,-0.068874485,0.2073588198
76360,0.4643354879,0.2620453115,2.2700361337,0.0,0.9804806136,1.9349081132,0.0815163499,-0.060305137,0.2305778741,-0.008007611,-0.258517294,0.0790385471,0.4552332162,0.1427535816,0.0790385471,32.0,0.0021719569,-0.037963762,0.1283019898,0.1656711976,0.1763691039,0.0526561044,-0.019045724,0.0019760665,1.1728268809,0.5237448469,0.0,0.8880956076,0.226784504,0.7869781158,0.1829427461,13.996499548,154.01168736,0.279675436,0.0,0.0,0.0,0.0,0.0,1.6594594595,7.0,-0.243788162,-0.182992589,-0.662277394,0.046872744,-0.595857676,0.0325601274,-9606.883536,0.0775136454,10.650399206,6.01848e-05,0.0131153713,0.0418599993,0.0782686121,0.0945335767,0.0037528252,0.0,-0.004183484,0.6316670147,0.0185668392,3.0,9.5683294521,0.2487454623,0.0,0.0527858734,0.0325516148,0.0504893659,0.6719263227,0.6496836341,6.2516124e-07,9.6231074e-08,1.0141257673,1.0284510718,0.6947925927,0.0900182451,-0.367491304,-0.164654644
15433,0.2216095566,-0.265914326,0.7230606508,0.0,0.5284216917,0.2094387801,-0.890148667,-0.255760222,-0.225525702,0.0143265957,-0.175630954,0.0704246527,0.2327692721,-0.32781101,0.0704246527,7.0,0.0,-0.031496063,-0.366386482,0.3822506183,0.5660471794,0.0808314088,1.9337197065,0.0374919382,-0.395797632,0.8147327874,0.0,3.4193271619,-0.197203,3.4193271619,-0.197203,0.4163070021,17.188159437,-0.429126356,0.0,1.0,0.0,0.0,1.0,-0.619664278,0.0,0.6975997118,-0.072753263,-0.209500622,-0.022242382,6.0508781708,-0.241063647,-5606.443121,0.0232852488,12.242763221,0.0,-0.106663226,-0.353930781,0.0030242302,0.7616576524,-0.277951164,0.0,0.0,-0.252056194,0.0222425601,4.0,12.274805894,1.1820848122,0.0,0.0514469743,0.0276477332,0.0432817031,0.4721361604,2.4422901434,1.8057271e-08,2.0847594e-08,1.2538168085,1.5720565894,0.0475563583,0.1038095491,-1.357821455,-0.24467985
15264,0.6956120932,0.0600647475,-0.156548767,0.0,1.1718661976,1.0154463054,0.0519819505,0.0591153508,0.1789214457,0.0095491091,0.0262926822,-0.064688635,-1.96352751,0.1780035317,0.0646886354,6.0,-0.002125468,0.0,0.0496417867,0.0439558405,0.0208928532,0.1067955067,-0.054674229,0.0655663991,0.119373101,0.3991884742,0.0,2.7682350498,0.0404925469,2.1206331793,0.0973246278,5.5776111301,9.1577841819,0.1274262277,0.0,0.0,1.0,0.0,0.0,0.4372810278,7.0,-3.820144207,0.0023597633,0.0056214919,0.5917029157,-0.300227411,0.300117972,1284.6684797,0.1947249482,15.016517601,0.0093486511,0.0166661239,0.044054349,0.0020105405,0.061205711,-0.102918729,2.0,0.0018329684,0.1521287777,0.0071732309,5.0,15.99867089,1.5595540502,0.0,0.0300942678,0.0218865244,0.0365887159,0.3110920208,1.7156894762,1.1646821e-09,2.1051102e-08,1.7975028663,3.2310165543,0.014196377,0.0573739929,-0.458473606,0.2706591205
89369,-0.14863282,-1.45860494,1.1021759964,0.0,3.8480161108,2.5904453515,-0.016292631,-0.398412747,0.1085886737,0.0200520632,-0.146883798,-0.466217508,-1.16741454,0.3292364939,0.466217508,23.0,-0.036611708,-0.14884696,-0.122705884,-0.078289831,-0.330053443,0.2698368814,-0.094964157,-0.021678669,-1.090694496,0.5027573906,0.0,3.908112171,0.8946330428,2.6972554135,0.9296259399,5.132367129,3.576065848,-0.408644887,0.0,0.0,1.0,1.0,1.0,0.2297389203,4.0,-11.15282019,0.0350893659,-0.46742139,-0.503753057,-2.544587852,0.471813047,-5640.708012,0.02204135,10.221504802,0.0069987278,-0.032676307,0.8132940191,-0.206391742,0.1524473561,-0.001355218,1.0,-0.033333333,0.4050462715,-0.134176804,4.0,10.789919369,2.0841699201,0.0,0.0656934157,0.0451619797,0.0670046301,0.5196925588,3.069279066,1.9153142e-07,1.7715683e-08,0.6751897605,0.4558812127,-0.052356296,0.0972921437,-0.390281755,-0.24467985
15168,0.3924264538,0.1416425655,2.8201807494,0.0,0.5473450147,1.185016637,0.1838284679,0.2685639001,0.5022392903,0.0089939523,0.0834310022,-0.050289143,-0.298339925,0.1839001978,0.0502891426,7.0,0.0780748412,0.3409090909,0.2674746607,0.2104844726,0.3645930548,0.2412097907,-0.097988847,0.1224490383,0.6655111242,0.4980313473,0.0,2.8699655086,-0.001392981,1.6442827594,0.0739392908,9.1485499353,6.5563552269,0.3350206351,0.0,0.0,0.0,0.0,0.0,1.5213071039,6.0,0.1035530077,0.339750881,0.0343828818,-0.230593234,-13.16656003,0.0872767623,-1200.844805,0.0553124103,14.499619287,0.0342923876,0.0753535878,0.1742770823,0.0880278976,0.1314700957,-0.020585272,2.0,0.0153807988,2.7668214244,0.081986282,5.0,15.491853415,2.8866847971,0.0,0.0357343964,0.0222983743,0.0351128013,0.2374789421,2.5933890839,7.989303e-10,9.7768845e-09,0.7738734192,0.5988800689,-0.219418957,0.0969159315,-0.441024805,-0.010696088
17073,2.1322565967,-0.083763999,-105.4894458,0.0,1.1730855332,0.8936166292,-0.237588473,-0.106869307,0.0717244921,0.0313381598,-0.345320092,-0.13614511,-10.70709382,0.8131050004,0.1361451098,7.0,0.0,-0.115942029,-0.244371595,0.077529914,-0.21996341,0.122156701,0.8384322333,0.017450244,-0.002077763,0.53431806,0.0,0.6258874833,0.0401479816,0.6258874833,0.0401479816,96.735609103,5.966846951,0.4371101513,0.0,0.0,1.0,0.0,0.0,0.2184747254,4.0,9.0805424853,0.1584234887,-0.027806318,9.7451575091,-4.180315213,-2.439786025,-1596.425902,0.0340789314,13.804278184,0.0003110459,0.0081539626,0.0249887865,0.1486749474,0.0003094795,0.1982315517,1.0,0.0141304348,-0.28620442,0.0494328928,6.0,14.84293366,2.476398793,0.0,0.072188437,0.0448160137,0.0660624244,0.4233159659,6.7779971673,2.425867e-09,6.9834301e-09,1.7866382667,3.192076296,0.0401553638,0.1005980525,-0.11680484,0.818494895
15167,0.1240872829,-0.012843213,13.520276665,0.0,0.2165582308,0.159288677,-0.040188867,0.1828832513,0.0910811883,0.1249673127,0.0999128865,-0.075234101,-1.885952844,0.0113784807,0.0752341012,6.0,0.0006311459,-0.022885703,-0.120520959,-0.066113452,-0.283239385,0.0759125654,0.1075055424,0.1018385406,0.3631155167,0.4680160493,0.0,1.8521124835,1.0996311829,1.8257873388,1.1235829239,2.8453798433,55.201330236,0.0097897192,0.0,0.0,1.0,0.0,0.0,0.2924093249,4.0,0.4089778878,0.1637833891,-5.518552454,-0.401529485,-0.263322701,-0.057379889,-4939.26543,0.0823714328,14.63248459,0.0001943366,-0.001520666,-0.005222107,0.0206763873,0.278763065,0.0323212509,0.0,0.0,5.9658882039,0.2629632168,4.0,16.351871288,4.6446138419,0.0,0.0665699095,0.0324333683,0.0472521737,0.3041787776,7.3520035916,5.240572e-10,5.230335e-09,1.6347638033,2.6724526925,-0.010003446,0.0631963872,0.2000101877,-0.164654644
15172,0.3498508021,-0.508509051,0.7589782556,0.1034355461,0.5382875717,0.2344021778,-1.588919164,0.3932843652,0.1475341028,3.8816859749,0.1883638512,-0.146299544,-0.219457014,-0.396913173,0.146299544,6.0,-0.001262715,-0.074074074,-0.040521301,-0.058353949,-0.023891794,0.1872651357,0.3712436959,-0.056998951,0.8964467005,0.8413580961,0.0,3.7382739212,1.8756645154,3.2188421335,2.2380863124,0.3949064683,5.903638814,-0.977570245,0.0,0.0,1.0,0.0,0.0,0.2643944888,3.0,51.882821908,0.0403791053,-0.154979844,0.5472503476,-1.971766313,3.7165852105,-7485.251919,0.0357482652,9.5285467922,0.0,-0.128623426,-0.284226363,0.0009001549,0.6840358053,-0.002309041,0.0,0.4438015068,0.2685231567,-0.051427171,2.0,13.995331848,22.071961223,0.0,0.0821917802,0.0419191468,0.0813622384,0.773058133,24.459495497,1.3373094e-07,4.4759018e-09,1.9337720367,3.7394742899,0.0705007185,0.1616685989,-0.388764609,-0.145662284
15374,0.5815400674,-0.837883411,-0.045476721,0.0,0.8315802152,0.3432230609,-3.04737004,-0.219885192,0.130853964,-0.85100486,-0.020615632,-0.113998282,-0.21935793,-0.65408704,0.1139982818,6.0,0.0055280949,-0.25,-0.554832327,-0.057044716,0.065912659,0.6024150268,0.6503013722,0.0061171569,-0.395702962,0.9047252401,0.0,4.5427031509,-0.02278294,4.336511885,-0.037592417,0.2979160859,5.3801132788,-0.932731355,0.0,0.0,1.0,0.0,0.0,0.2035460993,2.0,-0.019410866,-0.20254027,-0.428004559,0.3376881287,5.3552529909,-0.567339677,-5721.542621,0.0232852488,8.9402181265,5.44811e-05,-0.120337621,-0.243533431,0.0173406605,0.7365751876,0.7131286183,0.0,0.357267951,1.1724223317,0.0033124195,3.0,10.810050512,13.232083236,0.0,0.1328125596,0.0721886469,0.1086354167,1.5590920427,107.87623787,2.00533e-07,6.342711e-10,1.2613882608,1.5911003445,-0.017856056,0.1047054245,-1.170106932,-0.24467985
15144,0.9274210115,0.0160493447,-1.14566474,0.1143489518,0.4222646781,2.0868770286,-0.009145244,-0.187245821,0.2653357869,0.0115487119,-0.161918353,-0.036629162,-3.4352,0.0711820535,0.0366291617,7.0,-0.00054594,-0.163097199,-0.083922311,-0.068937296,0.021623825,0.2928591727,0.2254685284,-0.109325952,-0.198277393,0.5342283486,0.0,2.6460667799,-0.035428353,2.5474816072,-0.038658064,7.4564638958,16.484381339,0.4347150977,0.0,0.0,1.0,0.0,0.0,0.380305452,7.0,-0.016748069,-0.028526993,-0.182969874,0.5395234864,-0.913295838,0.0501300677,-12404.09403,0.2420552254,10.233265619,-0.002984428,0.0007609047,0.001114051,-0.023342167,0.2073630137,-0.006270565,0.0,-0.013070586,-0.453949098,-0.058550057,1.0,9.6555952644,0.418079096,0.0,0.0362499952,0.0132137321,0.0201443686,0.9205612679,1.2390305007,5.7013429e-07,7.5335512e-08,0.5894729848,0.3474783999,-0.170216161,0.0515225703,-0.689784323,0.0980376093
15398,0.198855707,0.0535662974,1.0908521176,0.0401135743,1.5328766489,1.2153923837,0.0667782427,-0.024249104,0.1910994764,0.008234805,-0.045101326,-0.082008368,-2.684931507,0.1973881372,0.0820083682,6.0,-0.019525802,-0.071428571,-0.100796236,0.1533565879,0.0109012229,0.0862533693,0.0685988161,-0.003995591,0.1799709724,0.5541539113,0.0,1.8259361997,0.0132400734,1.1747572816,0.0661372031,4.4968325792,11.066815145,0.0840218239,0.0,0.0,1.0,0.0,1.0,1.702467344,6.0,1.4703988311,-0.046261382,-0.24943313,-0.044996232,5.4987418315,0.2841355002,-1658.059031,0.0232852488,15.477208678,0.0046056419,0.028613451,0.2383073497,0.0937845288,0.1369189907,-0.200304953,1.0,0.0079146593,0.2214762901,0.1041194517,5.0,16.691754055,2.6280158745,0.0,0.0483391806,0.0209424669,0.0330463833,0.1986520275,1.9647234388,3.76111e-10,1.2637705e-08,1.984407707,3.9378739475,0.0642696853,0.0672371486,0.2597030593,-0.24467985
76230,0.2147926694,0.0232832889,47.411089609,0.0,0.1957671351,0.1879682186,0.0650847458,0.0355685395,0.284578433,0.0036014406,-0.068744141,-0.041738178,-0.723518851,0.0401291873,0.0417381784,31.0,-0.001538735,-0.007140369,-0.035719756,-0.055943367,0.0223028937,0.5187811925,-0.044310902,0.0028159682,0.1532221866,0.1526940773,0.0,0.9771982003,-0.040139447,0.7471211775,-0.011561256,13.242322255,5.0728444803,0.1728002824,0.0,0.0,0.0,0.0,0.0,0.5810195576,5.0,51.888418033,0.0572962477,-0.088046139,0.4121922149,-1.148577907,4.1536275707,9223.2881486,0.0357482652,16.629821024,0.0031852422,0.0178104622,0.032303444,0.0052943242,0.0732786932,0.0494682694,0.0,0.0008510638,-0.015874614,-0.0071154,5.0,16.896569084,1.1080919371,0.0,0.0335520431,0.0238442057,0.03012333,0.3846724554,1.3459281515,4.044789e-10,3.0940696e-08,1.3159788163,1.7318002449,0.0522871942,0.0296581762,-0.302067955,-0.145662284
76461,0.2232578131,0.010839352,4.2007870283,0.0,0.0378996168,0.089805072,-0.028948878,2.4562121682,0.9317476331,0.1446524677,0.206224047,0.1999642999,3.105896673,-0.022826555,0.1999642999,32.0,-0.009839306,-0.256637168,0.438298272,-1.200691588,0.1142831136,0.134996801,-0.513485555,-0.023300481,4.0577529806,0.7640145105,0.0,9.6247225217,4.2468365196,9.2711993404,5.7223156263,0.5006579001,4.441061331,0.3216596879,0.0,0.0,0.0,0.0,0.0,1.4326990136,5.0,0.5416195435,-0.340161578,-0.272465173,-0.264704071,2.0582544915,0.0021764238,-10099.29536,0.2672167036,13.75190338,0.0146088779,-0.023851438,-0.027715399,0.0057143351,0.6868428882,0.0115096401,0.0,0.0046893318,2.0874417114,-0.20093552,2.0,13.489162067,22.071961223,0.0,0.2711777985,0.0879932854,0.1154366191,1.5923349656,107.87623787,4.1913048e-09,1.715194e-10,1.6272752817,2.6480248423,0.1768176763,0.1267150351,0.5103084072,-0.031359609
89948,0.8543703242,0.0183462051,0.3102563963,0.0,0.0286828575,0.0363676986,-0.041488452,0.0286200593,0.0399041795,0.0,0.2740384615,0.0123679304,0.587020649,0.0075766039,0.0123679304,27.0,0.0,0.0,-0.171393342,-0.13255839,0.0361474399,0.0003245348,0.4996754652,0.0002521591,0.0220107464,0.734284795,0.0,20.68128655,-0.287821578,20.68128655,-0.287821578,0.0964824121,6.7878787879,0.7230443975,0.0,0.0,0.0,0.0,0.0,0.0409788308,4.0,0.4598242126,0.1211924025,-0.097331963,88.029036016,-12.30354463,-9.211317135,-3469.615776,0.0109914292,10.029779653,0.0037372871,0.0112,0.0115328289,0.0005934512,0.4617860487,0.1825245459,1.0,0.006345363,-0.426456071,0.0375328474,3.0,12.284580577,3.9629248198,0.0,0.0661920607,0.03587473,0.0450343821,1.3539124657,5.6101809104,3.427262e-07,4.062877e-07,0.2390411712,0.0571406815,-0.011087691,0.0464439349,0.0238966768,0.0069773022
15198,0.25428719,-0.077480473,13.506586982,0.0,0.1871090964,0.0359755308,-0.115304542,3.3890488881,0.150068897,0.8815134216,2.61774401,-0.144188889,-0.504289486,-0.038407885,0.1441888888,6.0,0.0120519856,0.6153846154,0.2895159207,-0.309144231,-0.22568266,0.3339687621,0.6768771046,0.0862562868,4.205702771,0.1364804175,0.0,3.7285473736,-0.310080769,3.4654564869,-0.348979305,0.7898694842,5.3746107416,-0.608817269,0.0,0.0,1.0,1.0,0.0,0.2305552629,3.0,3.0321327668,-0.129566385,0.5751636381,1.3038963235,-1.347785023,0.157940533,3207.6259933,0.3461731473,14.008257297,-0.006404051,-0.039671198,-0.074671108,0.0071003734,0.2449397451,-0.198795993,0.0,-0.008793528,3.2475567003,-0.230181648,4.0,16.286441432,5.561796103,0.0,0.0637544245,0.0518049458,0.0864377502,0.1747827626,5.8259667305,1.2660234e-09,4.2420502e-09,1.7165200374,2.9464410389,0.1416498136,0.0936104222,-0.558934948,-0.094679308
15178,1.2568512734,0.0697265425,-22.28781214,0.0147342839,9.8990516111,0.4553669208,0.020182558,0.2654352056,0.0418851772,-0.043469511,0.2985276231,-0.001012937,-0.145067698,0.0798416115,0.0010129369,6.0,0.0021528285,0.1675126904,0.1988992455,-0.101101779,0.0397453438,0.0884666845,0.0539219735,0.0022419638,0.0538984795,0.5402198696,0.0,0.9080326685,-0.0196333,0.9052183062,-0.022076294,1.0364208426,0.0591329537,0.0092308841,0.0,0.0,0.0,0.0,0.0,0.3096278788,5.0,0.0304535838,0.0074950233,0.1524414609,0.1496840921,2.6914725691,-0.073528963,-6727.317042,0.0256085935,12.253833104,-0.000313165,0.0023374852,0.02213123,0.0177378795,0.0412543892,0.0616191399,1.0,0.0113895216,-0.154225328,0.051027121,5.0,11.229005912,0.3531587365,0.0,0.0348780565,0.0206934085,0.0328932101,0.6115443474,0.6334815732,7.4206973e-08,1.0586999e-07,0.9727705632,0.9462825686,0.0406283673,0.0479588959,0.0870536972,0.0732063074
76261,0.0775095747,0.0177001544,16.555417343,0.0086541045,0.046870074,0.0857434313,0.2024693734,0.0296142603,0.178871197,0.0009274287,0.025511353,-0.036309354,-0.251477856,0.0221513513,0.0363093536,31.0,0.0,-0.027477102,-0.041464625,0.0298949783,-0.062228999,0.0868153389,0.079005219,-0.002898417,0.0321112574,0.6372282346,0.0,3.1270842568,0.0647981136,3.1270842568,0.0647981136,1.6154834331,3.5844574911,0.4142274144,0.0,0.0,0.0,0.0,0.0,0.2877307988,5.0,-0.283277085,0.1317283872,-0.033237847,-0.093077538,-0.925744511,-0.022490237,-796.9598456,0.0915965863,15.417937087,0.0023584817,0.0397077905,0.0633731081,0.0030089175,0.4183172621,-0.003524609,0.0,0.0005302696,0.0017329696,0.0052018543,5.0,15.770657558,1.1722563133,0.0,0.0335394591,0.0247845622,0.0287516533,0.249179895,1.357108865,5.930603e-10,1.9797542e-08,0.7309994058,0.5343601313,0.0644939639,0.0365893445,-0.358650991,-0.049938477
15315,-0.000919355,-0.035284711,14.186452104,0.0,0.4592998897,0.2363740662,0.054247697,0.0209007808,0.2918491716,-0.021461586,0.1677085032,-0.197846727,-2.544334478,0.0544913954,0.1978467265,6.0,0.0,-0.057374715,0.1099695459,-0.274136414,0.0338294341,0.5021287253,0.1095582318,-0.002412239,-1.016709845,0.1568052511,0.0,0.5579898021,-0.291186826,0.5579898021,-0.291186826,4.3344223732,79.346889952,-0.049248567,0.0,0.0,1.0,0.0,1.0,2.2638601036,4.0,-3.134576493,0.1291138324,-0.272199146,-0.07878855,-28.4912139,0.0568843418,-566.7201943,0.03476008,16.418897137,-0.000757112,0.0132435039,-0.83573841,0.0103293707,0.1566730611,-0.011597887,2.0,0.0028694405,1.755670533,0.0808610343,5.0,17.280008987,2.2510762294,0.0,0.0482483134,0.0272842472,0.0294709236,0.3123113923,2.950154969,1.383544e-10,1.1821428e-08,0.9176449769,0.8420723036,-0.016972519,0.040462474,0.3715752432,-0.054879185
15400,0.1362292837,0.0616229737,4.3501012976,0.03783934,1.7815894913,1.1572020826,0.1078303905,-0.125831398,0.2223521813,-0.024139642,-0.141607617,-0.003502301,-0.116842759,0.068823172,0.0035023007,7.0,0.0404254923,0.0169491525,0.1008088021,0.1005300953,-0.038772614,0.2487883683,0.0538488525,0.0416004748,0.1507602718,0.231417993,0.0,1.5210270499,0.1340454064,0.7514792899,-0.271158825,12.647551277,8.4187796043,0.0564194221,0.0,0.0,1.0,0.0,1.0,3.5972177289,6.0,-0.904403344,0.0740872453,-0.707943253,-0.006855804,-2.547480165,0.1872879644,-16231.49256,0.0740556467,14.584767753,-0.002810607,0.0167155543,0.2442748092,0.0011489678,0.0477084373,0.003860078,2.0,0.0020486556,0.2383963296,0.0388783109,4.0,15.434842451,2.0977824561,0.0,0.0341965072,0.020048616,0.0282162696,0.1719121223,1.3393059821,8.694147e-10,1.3600966e-08,1.0525746603,1.1079134156,0.1371148131,0.0442554267,0.0945128754,-0.091892872
76224,1.0094458696,0.0143370389,-1.416035885,0.023774697,0.7697903543,2.0943307798,0.032064647,-0.008886432,0.1217587168,-0.017912709,0.0128918907,-0.060719002,-7.56905016,0.1228548059,0.0607190016,31.0,0.0070893913,0.0598113208,-0.094777335,-0.024747085,-0.008319634,0.1805510934,0.072740599,-0.001781946,-0.024875053,0.5973014152,0.0,2.4989836553,-0.039692884,1.818558578,-0.051085942,5.1848051718,4.5370353592,0.0831985832,0.0,0.0,1.0,0.0,0.0,0.2029064909,4.0,0.1641918731,-0.003443945,0.0222296438,0.6059835721,0.0107994489,0.1051408276,-15386.57644,0.0642905452,13.638451237,0.0006705075,0.0044342643,0.0083378305,0.0488402999,0.1582277656,0.0182486958,1.0,0.0,0.3192953993,-0.105641739,4.0,13.798181306,1.0703706866,0.0,0.0428942703,0.0173604559,0.0268670801,0.2927063782,1.518652334,3.7234269e-09,2.2874236e-08,1.0898965913,1.1878745798,-0.017862827,0.0377627068,0.2464601627,-0.091892872
15382,0.8146976451,-0.136786927,-0.226866015,0.0,0.5523194567,0.2360786612,-1.382708353,0.4535519126,0.1073555596,0.5557483229,-0.224843286,0.2927703751,4.9535809019,-0.73243807,0.5572082991,6.0,0.0504992368,-0.049180328,2.6767932489,1.0914540942,-5.206028647,0.0706887347,0.3707784523,0.2414502364,2.5983127839,0.7131817395,0.0,5.0199556541,0.0075213387,4.4162179284,-0.053975383,0.313008922,5.7140825036,-0.185531084,0.0,0.0,1.0,0.0,0.0,0.447761194,4.0,22.15073626,0.2290578867,-0.03743482,-0.601648785,0.3624285084,-0.737570772,-2615.851604,0.6016428333,9.9719320115,-0.00020663,-0.030735332,-0.052257445,0.0448815441,0.5998176538,-1.802662737,1.0,0.4438015068,0.6386671996,0.0091377236,2.0,14.350775438,21.09525741,0.0,0.099999994,0.0663065772,0.0921701742,0.8967820151,21.125585173,8.2316102e-08,3.956829e-09,1.2959052746,1.6793704809,-0.245856069,0.1488906003,-0.238108348,-0.121518257
15272,0.0659868327,0.0085280632,14.177619947,0.0,0.0821283568,0.0886871292,0.0778565215,0.630583344,0.3301873916,0.0544603051,0.9786867051,-0.041881277,-0.586743347,0.0135318476,0.0418812773,6.0,0.0818458425,0.3056355409,0.0235757474,0.2075831307,-0.051703572,0.0922703242,-0.269861957,0.215414713,0.3376828021,0.6697247649,0.0,3.9425474491,0.8458768912,3.1819495115,0.8237083054,1.4119153589,4.4850413691,0.1692528066,0.0,0.0,1.0,1.0,0.0,0.5949991992,4.0,0.1610394605,-0.352968622,0.268053864,-0.337475465,0.6964922923,-0.004182131,87.241933019,0.0642905452,16.445199777,0.00228548,0.0206869254,0.0450401726,0.013519118,0.2571606872,-0.044413343,3.0,0.0003016364,0.6373294593,-0.004474891,7.0,18.390322928,3.9533223801,0.0,0.0386581533,0.0329158972,0.0546763136,0.31185399,5.8977085022,9.958283e-11,6.9562582e-09,1.6224694073,2.6324069778,0.0572971987,0.0760156782,-0.63981304,-0.091892872
14543,-0.057543988,-0.000509254,35.538158681,0.0,0.6848960954,1.2052853913,0.0236414172,0.1216231117,0.2728636013,0.0058044957,0.0486476278,0.1602292723,4.9535809019,-0.095579478,0.1602292723,7.0,0.1223118156,0.0311059908,-0.222044287,-0.529534776,-0.001871484,0.121170067,-0.071408142,0.2525432005,-0.386511366,0.4120301303,0.0,1.2507653347,0.1946127164,0.2909860531,-0.542542586,58.416175591,68.625965687,0.0346546454,0.0,0.0,1.0,0.0,0.0,-1.430189743,1.0,28.711100481,-0.60721529,-0.278004644,-0.450573621,-4.072206419,-0.111895181,-20102.14455,0.0580772554,13.147671902,-0.012526188,-0.006579509,0.0510136506,-0.157193976,0.0328886018,-0.008249109,0.0,-0.005752637,1.6852755003,-0.102655523,1.0,13.295516012,0.7425630125,0.0,0.0295285936,0.02287012,0.0388230615,0.4837312589,1.0829444325,2.0398553e-08,5.3742376e-08,1.0019909511,1.0039858661,0.2530735935,0.0633415205,0.0895261982,-0.107827317
76279,1.0243018749,-0.112008523,-2.003153389,0.0,0.6529418201,2.4156519212,-0.101736352,-0.096178307,0.0978581508,0.0155688165,-0.130856027,-0.057374303,-0.904848834,-0.010657742,0.0573743027,31.0,-0.056641208,-0.063103448,-0.388341578,-0.390802238,-0.194321242,0.1944913362,0.0385922782,-0.064866328,-0.072591096,0.5813678832,0.0,1.8984041929,-0.003405769,1.6499328562,0.0785754378,8.0283030115,4.0813236765,-0.068291786,0.0,0.0,0.0,0.0,0.0,0.1593561316,2.0,0.0347344846,-0.482192267,-0.291263688,0.4750590659,-1.381756528,-0.027549698,-1074.456804,0.1311308807,12.112445277,-0.010805693,-0.037509945,-0.061420682,-0.052562104,0.0827890387,-0.011454165,0.0,-0.036328872,1.7770819904,0.0152864568,1.0,13.68135251,2.8430567479,0.0,0.0432900712,0.030078313,0.0513281808,0.3376498404,3.7742997368,1.0973617e-08,9.1879694e-09,1.3264391157,1.7594407276,-0.032925417,0.069654525,-0.109701619,-0.073400055
76478,0.5081464715,0.0316420466,11.003236591,0.00415409,0.277893972,0.3565261721,0.056317315,0.1483935835,0.2125301142,0.0008833244,0.3537535686,-0.040424038,-0.939319012,0.0613640226,0.0404240379,31.0,0.0054112892,-0.007735584,-0.023843147,-0.039521719,0.013308375,0.2259350603,-0.118624805,0.0362949874,0.0604214872,0.248657011,0.0,1.6782376406,-0.037956463,0.81088622,-0.028473347,12.723004695,4.8888554814,0.2177134977,0.0,0.0,1.0,0.0,1.0,0.3012286878,4.0,3.906092674,-0.042405771,-0.18631606,0.2331055497,-3.624422866,0.1529699443,-6276.831269,0.0345323743,14.299948799,-0.000489981,0.0144567656,0.0202666258,-0.001271742,0.0356497786,0.0460958775,1.0,0.0011688312,0.1315802376,0.0143401613,6.0,14.512491793,1.0769538251,0.0,0.0281961262,0.0182473938,0.0271742965,0.3447556383,1.867666052,1.60664e-09,1.8672206e-08,0.8776257788,0.7702270075,0.0085284784,0.0295266353,-0.038746716,-0.145662284
15395,0.1113510189,0.0226672043,19.303676164,0.0042129183,0.2228838127,0.0986863493,0.1035511312,0.424041454,0.2876185303,0.054768154,0.2955409386,-0.070673829,-0.886951322,0.0427719112,0.0706738293,6.0,0.0,-0.012722646,0.1346167841,-0.836243849,0.0284223014,0.2077290229,0.1678340509,0.0559132136,0.7767990503,0.2932739635,0.0,3.0364063868,2.1711547836,3.0364063868,2.1711547836,2.3051108958,16.562671066,0.2149789348,0.0,0.0,1.0,0.0,0.0,0.9897203913,7.0,0.6543225159,-0.033995141,-0.228450107,4.6204121607,0.1695697786,-1.709368566,-3414.980619,0.0456208962,15.763018588,-0.000649366,0.0076506566,0.0310879349,0.0083277292,0.0709412328,-0.323277372,0.0,-0.002178553,-0.083659087,0.0330915637,6.0,16.267121542,1.2727626676,0.0,0.0249481164,0.0220056988,0.0291205734,0.3541959387,3.2041254094,2.893441e-10,1.5977903e-08,0.5907019328,0.3489287734,0.0392918254,0.0337776311,-0.274679768,-0.071440083
90608,0.5695656016,-0.164525158,1.2483214295,0.0,0.2228127841,1.0053939838,-0.293649921,0.1463295429,1.0806017807,0.8909076882,-0.454901096,-0.051796639,-0.233538672,-0.126102171,0.051796639,18.0,0.0,0.0,-0.274441284,-0.100874405,0.2153003489,1.4785388128,0.0106006431,0.0440520022,1.0163450805,0.3841643454,0.0,1.6647955092,2.2037147408,1.6647955092,2.2037147408,5.6570776834,7.1676300578,-0.290064903,0.0,0.0,0.0,0.0,0.0,3.1357040344,3.0,-3.030149595,-0.626965785,-0.214824431,0.4916964071,-28.25788401,-0.123709225,-14553.89284,0.03476008,10.80764968,0.0,-0.041271272,-0.052781781,0.0917567792,0.3247923975,-0.002233294,1.0,0.0,0.3163961672,-0.036666175,2.0,10.833561478,0.8725540114,0.0,0.1376775056,0.055793107,0.0771932262,0.7033777097,2.4857839715,3.3514857e-07,3.4514513e-08,1.7115070515,2.9292563875,-0.257841796,0.1798471828,-0.326500089,-0.054879185
15291,0.0331624599,0.0156000567,12.645127095,0.0,0.0742408165,0.077079903,0.5783350629,0.5589755127,0.855232139,0.0633159545,0.463448673,-0.16707539,-0.944062351,0.0303274829,0.1670753902,6.0,0.0,0.1403225806,1.1085890523,0.6393962796,0.1069410179,0.4406321465,0.5524643589,0.0009848595,0.8257794479,0.7303138442,0.0,4.1674313339,-0.146965169,4.1674313339,-0.146965169,1.0337924705,76.338199513,0.291255612,0.0,0.0,1.0,1.0,0.0,3.1405244028,7.0,-2.854240497,0.2955330039,-0.074501851,-0.044706735,-28.78497127,0.0327204293,7789.1894157,0.03476008,16.287519381,-0.002150819,0.0273308907,0.1694385147,0.0030770755,0.2332380963,0.1832623491,0.0,0.0004327755,1.5860113216,0.1156135877,7.0,18.412789347,6.5889966619,0.0,0.0717827231,0.0430592881,0.0715579544,0.200863604,8.0763904771,8.881099e-11,3.4746115e-09,1.5647749468,2.448520634,-0.037561268,0.082245134,-0.889345583,-0.054879185
15381,0.4140853503,-0.51217928,1.6722131577,0.0,0.5580802041,0.082344187,-0.567436109,3.7736518902,0.2591633084,3.4940881405,3.2203023758,-0.093530321,-0.107359506,-0.457191966,0.0935303209,6.0,0.033669586,1.0,0.2043440983,0.9929488248,-0.235549263,0.4032118805,-0.065739248,0.4040183934,3.9361751689,0.3565540793,0.0,2.2908301682,0.6970766763,2.0892566468,0.6659410039,0.3153955542,6.4532924962,-1.376574707,0.0,0.0,1.0,0.0,0.0,-0.162590263,3.0,-1.24604921,-0.204517341,0.9144225865,0.1702334116,9.0061482764,-0.370444603,-5695.275181,0.0232852488,10.101044854,0.0,-0.088343397,-0.152431045,0.0016512789,0.4070060524,-0.53718973,2.0,0.2430555556,-0.777536845,0.0176818478,2.0,10.870400352,1.2499033464,0.0,0.0921241269,0.0519218329,0.0840985231,0.5725386342,5.6229284088,1.8688145e-07,1.5039273e-08,0.0918646754,0.0084391186,0.7417295652,0.1687812416,-0.485858599,-0.24467985
15397,0.2219090956,0.0406412325,12.120953556,0.0,0.2412727575,0.4471827087,0.1443260225,0.0811532268,0.3114184034,-0.0140639,0.010623166,-0.04091381,-0.44878817,0.0588805368,0.0409138098,6.0,0.0045360554,0.0134615385,0.0357898893,0.0392969921,0.0690581489,0.2368114501,0.1917592397,0.0135374427,0.169925292,0.3071873939,0.0,1.8860994568,0.1530832613,1.5610713084,0.17994161,8.2363040784,6.3603641129,0.2121174419,0.0,0.0,1.0,0.0,0.0,0.6752306597,7.0,0.0246638871,0.1004726907,-0.13692816,-0.262284214,0.1113520249,-0.106645815,2871.3309573,0.1804201449,15.603745149,0.0032793496,0.0318256001,0.0647104452,0.0220266746,0.1050749066,-0.011832659,2.0,-0.000439432,0.3321199692,0.0106801768,4.0,16.33411371,1.6744157667,0.0,0.0539031737,0.0275178487,0.0409117951,0.3012505702,2.6571414623,4.859811e-10,1.4226939e-08,1.5954270406,2.5453874419,0.1597489605,0.0479043517,-0.450637358,-0.081003489
15650,0.0860746342,0.0655909035,1.8128975176,0.002688943,0.2699327178,0.5772511737,0.6854996155,0.2296759892,0.2579711727,0.0320232266,0.2789113308,-0.331425015,-2.994810675,0.2620232413,0.3314250154,6.0,0.0,0.104719764,0.4675105078,0.4426770895,1.4399619599,0.0793935399,0.1153324537,-0.006836857,3.9142720612,0.6022199125,0.0,25.973893171,0.4344303117,25.973893171,0.4344303117,2.3651537944,4.4368518566,0.3076583981,0.0,0.0,1.0,0.0,0.0,7.8301688436,8.0,2.0801996955,0.1357547194,-0.102301179,1.9646868085,-0.348689881,0.6767974453,-9100.922476,0.0642007103,14.263366221,-0.002526822,0.0211037939,0.149884328,-0.035037572,0.3096266833,-0.013271763,0.0,-0.003412969,1.4246560227,-0.093976177,4.0,14.944674459,1.7120141821,0.0,0.0382614024,0.0170637879,0.0294432461,0.4370268819,3.3420200212,1.2686668e-09,1.5011896e-08,1.0600604271,1.1237281091,0.2618459044,0.0446651268,-0.344107325,0.06707331
15490,0.3294484644,0.0663472602,1.6824203494,0.0,0.2636522889,0.2910395295,0.2011086198,0.0786612404,0.2859746097,-0.027975659,0.0229363742,-0.099763303,-0.859300277,0.1233594792,0.0997633032,6.0,0.0021916367,0.0264936963,0.0382461575,0.1093382346,0.0800436287,0.413302217,0.0159179561,-0.004464557,0.1278298651,0.6863841086,0.0,3.6665663557,-0.493834986,3.3710502558,-0.487396044,0.8955806783,8.0350391886,0.3679456793,0.0,0.0,0.0,1.0,0.0,0.500171507,6.0,0.143037178,-0.080951009,-0.197840392,-0.021240325,-1.666125679,0.2167267746,-5111.449508,0.0363924557,15.538900165,0.0004723387,0.022947404,0.041311841,-0.000662258,0.5355498721,0.0313091168,1.0,0.0029925784,1.5473428307,0.0745698766,6.0,17.031565496,3.0105845411,0.0,0.0392609872,0.0228510094,0.032367889,0.170323197,1.8272858286,3.272725e-10,1.0893178e-08,1.0204042248,1.0412247819,0.0478467598,0.0502025201,0.0124517531,-0.028114825
79037,0.5045545045,0.0861470937,1.0707407549,0.0621499489,0.4763924948,0.9836733276,0.1357724729,0.0970730055,0.6585392484,0.0073444298,0.1258868437,-0.107052343,-1.165019582,0.1865101447,0.1070523432,29.0,0.0273760101,0.2430988424,0.1616243132,0.0462016735,0.0257260489,0.0481662434,-0.011419211,0.0262095188,0.0712602685,0.544167489,0.0,1.3187867906,-0.202953875,0.675746532,-0.095686113,6.5506233508,75.910591624,0.2438424903,0.0,0.0,0.0,0.0,0.0,1.2486854739,7.0,0.0218511435,0.0064990122,0.1782382357,-0.086086987,-0.694630042,0.247844971,-1557.77764,0.1515446569,13.305760579,0.0085121626,0.029496008,0.0573435806,0.0522314762,0.1380890882,-0.05154994,2.0,0.0075949367,0.4494691639,-0.072719473,5.0,14.724656982,3.7689755943,0.0,0.0365135595,0.033450141,0.0369226086,0.3921639615,9.950519909,1.5528637e-09,6.1058578e-09,1.1059891082,1.2232119074,0.1586289653,0.0434582701,0.1743717475,-0.280901789
78071,0.2435118462,-0.413527836,0.9863041005,0.1143489518,0.7616686878,0.5597578058,-0.929269246,0.2881904104,0.2095016799,2.1064283215,0.1269587348,-0.110714678,-0.239705271,-0.314403034,0.1107146778,30.0,0.0044461522,-0.140127389,-0.397338554,0.0824559666,-0.165726279,0.1809282088,-0.729344665,-0.006499827,10.67693475,0.6998821207,0.0,3.1283970418,1.9848235442,2.1342778223,2.4335713918,1.274334303,4.9989027869,-0.558271512,1.0,0.0,1.0,0.0,0.0,9.1062751267,3.0,51.655707655,-0.331841637,-0.221033159,0.4409113916,-1.507998197,3.7990953489,-7481.931679,0.0357482652,10.254158488,-4.7624e-05,-0.053486588,-0.09850854,0.0305235271,0.5740335646,-0.002265246,0.0,0.4438015068,1.3833079026,-0.058830716,3.0,11.517634113,22.071961223,0.0,0.0433648564,0.0783980349,0.0857462085,0.8875180438,21.540903956,8.9477609e-08,8.6339908e-09,2.8149696938,8.1460812957,0.2177237637,0.1568360835,-0.421998016,-0.145662284
15284,0.2268095312,0.0484266447,5.5570094133,0.0,0.0383092309,0.122459787,0.3573045229,1.4281582153,0.4454834999,0.1729582724,0.0204245176,-0.060305339,-0.23305892,0.0597129063,0.0603053394,6.0,0.0070739425,0.1201044386,2.6767932489,1.0914540942,-5.206028647,0.064513908,0.3630725186,0.0073223738,2.1658436684,0.5522782751,0.0,7.0928502622,0.4614577052,7.0272472898,0.4479404355,0.9104042099,31.361768541,1.3035595151,0.0,0.0,0.0,0.0,0.0,0.6789272955,8.0,7.0399027661,0.5271870973,-0.05790012,-0.017042407,5.1690818025,0.1464602692,735.14647893,0.0232852488,15.06138349,-0.000125146,-0.074732518,-0.088229716,-0.119225633,0.4751015689,0.0122822594,0.0,-0.003501605,0.9791213073,0.0853124494,4.0,16.008152512,2.2625102818,0.0,0.0505187251,0.0332438441,0.0496840986,0.4429707197,5.5888338156,8.393123e-10,1.0425338e-08,0.7976299103,0.6362134739,0.122714726,0.060919473,-0.649165102,-0.24467985
15302,0.4781891556,0.2113930684,-4.046115205,0.0392361936,2.6789411844,1.0357002472,0.1877606495,0.0492029134,0.1797574659,0.0317528772,-0.018291773,-0.041813572,-0.634148032,0.3454475667,0.0418135719,6.0,0.0355524088,-0.035573123,1.0787637525,1.0319595751,2.0062880864,0.3686587145,0.1652314855,0.0312832163,0.5767463734,0.5474564196,0.0,3.2391382215,0.2625236685,1.9230822192,0.2309424896,2.5510064299,0.9620876232,0.0951604313,0.0,0.0,1.0,0.0,0.0,1.6255270445,8.0,2.2509099971,0.1725907599,-0.242594066,2.3568013299,-0.309513547,0.7602217707,-7822.034436,0.0642007103,14.930496645,-0.003266642,0.0068179284,0.0446789487,-0.020089917,0.1060929517,0.031675588,1.0,0.0028653295,0.9822812688,0.1092535015,5.0,16.070103174,2.5809061796,0.0,0.0217624269,0.0313855297,0.0317998292,0.2993011579,6.5186832842,3.161562e-10,7.5895964e-09,0.2135244833,0.045592705,1.0626053941,0.0510240507,0.324061809,0.06707331
76529,1.0440744797,0.1549701974,-16.14610917,0.0417771154,8.9539629477,0.6598955949,0.0382140487,0.2906345271,0.0800251339,-0.046958378,0.322465566,0.0368272933,2.1084286062,-0.1717734,0.0368272933,28.0,0.0417388737,0.0162412993,0.3035958633,-0.085584666,-0.025845604,0.0841082664,0.0909866348,0.0464745656,0.0698059551,0.5864530596,0.0,0.927322531,0.0653181382,0.8432301487,0.0334915632,1.2076402363,0.0984205651,0.0222582348,0.0,0.0,0.0,0.0,0.0,0.6352013596,5.0,0.0796062775,0.011895979,0.0011700699,-0.063092702,-0.347056274,-0.325143975,-6663.389192,0.0256085935,12.369599764,-0.000576335,0.0036179978,0.0374212749,-0.02849371,0.1886165461,0.0004289435,1.0,-0.000470478,-0.418685322,0.0277905583,3.0,12.335196062,0.6870093404,0.0,0.0226311833,0.016288932,0.0205005321,0.2186525056,0.7978237055,1.5361156e-08,3.1897074e-08,1.1838352483,1.4014658951,0.0362192322,0.045977436,-0.141383865,0.0732063074
76504,0.9448227756,0.0894207047,-11.46792891,0.0385596019,6.4957542631,0.2904606105,0.0279935553,0.0524473553,0.0297018748,-0.00277189,0.0522238139,-0.004905852,-0.398038102,0.1250135522,0.0049058523,31.0,-0.000286828,-0.011484824,-0.086759752,-0.121788238,-0.055625955,0.0571996087,0.1703144927,-0.000532659,0.0539868011,0.6595710034,0.0,1.0491612941,-0.00906758,1.0488560065,-0.008703116,0.5231197725,0.0480372546,0.0145888103,0.0,0.0,0.0,0.0,0.0,0.2342474751,4.0,0.0023155988,-0.00084856,-0.026556053,-0.162344406,-0.766095212,-0.028357023,-4316.248122,0.0256085935,14.918355019,0.0007807243,0.0037417638,0.0295213951,-0.000427906,0.0918490225,-0.007898535,0.0,0.000966417,-0.118325587,0.0014397101,5.0,15.109462014,0.8657688947,0.0,0.0411571003,0.0177016697,0.0297887082,0.2596042317,0.8968026737,1.233949e-09,3.2517253e-08,1.3497229993,1.8217521748,0.0098595717,0.0324617839,-0.093317987,0.0732063074
15399,-0.082406764,-0.158993468,0.9477563622,0.0,2.1178847061,2.9154534376,-0.011558303,0.0841962759,0.3287811134,0.0400204829,0.1646300068,-0.170136634,-2.070160843,0.1701485839,0.1701366335,6.0,-0.048613723,0.1111111111,-0.042320226,-0.26190728,0.2706254611,0.1887149918,0.0579872291,-0.011827855,-2.51458671,0.528432912,0.0,1.432727666,-0.113497016,0.8091066407,0.2440827928,13.044584731,7.5638297872,-0.029458545,0.0,0.0,1.0,1.0,1.0,8.6507293355,3.0,-1.255227538,0.2335714456,0.107771907,-0.501828238,0.058259965,0.2477026554,-17486.42997,0.0629453635,11.539693199,0.0006768116,-0.005152381,0.1482593037,-0.026534241,0.0487903828,-0.001535689,0.0,-0.022937261,-0.207811238,-0.045269862,4.0,10.941498455,0.3285405575,0.0,0.0228571203,0.0293444992,0.0477572338,0.8340734166,0.9591366727,2.4578232e-07,1.0389315e-07,1.6527091376,2.7314474936,0.2935504843,0.1023286822,-0.419247771,-0.107827317
15371,0.2683352182,0.0385876749,1.5380341841,0.0,0.6603552432,0.4471739173,0.1192186918,1.1019810514,0.7852250393,0.0277027228,1.0916982684,-0.141431342,-2.511587919,0.1355040131,0.1414313424,6.0,0.0125686344,-0.082352941,0.0448768289,-0.097228362,0.9969762524,2.2480733409,2.0347465541,0.0431502243,1.1277221155,0.3989780443,0.0,1.1605213593,-0.084339934,1.0953138638,-0.101923375,1.78051414,3.720787326,0.2609859904,0.0,0.0,1.0,1.0,0.0,2.4205554031,5.0,1.5797899841,-0.323833401,-0.2603575,0.0244832795,5.805095931,0.2222513761,-5053.172261,0.0232852488,13.212140666,0.0011043065,0.0112730916,0.0317940774,-0.000484792,0.2605017774,-0.006753463,0.0,-0.037487335,1.331372127,-0.048764258,5.0,14.245764746,2.5825999078,0.0,0.0436590537,0.0251892662,0.0423559379,0.3162662934,3.4772634312,3.0083595e-09,9.4817197e-09,1.0523076377,1.1073513643,-0.121711538,0.0806092601,-0.060095786,-0.24467985
91902,0.7336945662,-0.018556016,-1.47658509,0.0240311411,0.4341077651,0.7215988563,-0.011406997,-0.025447457,0.1057507793,-0.004753605,-0.216373547,-0.057710632,-3.679373488,0.0497184969,0.0577106322,17.0,0.004282957,0.0531309298,-0.112656032,-0.192236268,0.0351071073,0.1315499321,0.081434167,0.0138339005,0.1387060076,0.5592368539,0.0,4.8725425465,-0.470311026,1.5241399755,-0.447448472,7.0749905712,5.6983427839,0.0470805027,0.0,0.0,1.0,0.0,0.0,0.1927389959,4.0,-0.049561573,-0.296718821,0.0100402066,-0.053319796,-1.034294792,-0.062116495,-4136.964855,0.0808307708,13.095809406,0.0055018155,0.0045315184,0.008657275,0.0327823659,0.0873374752,0.0373160312,3.0,0.0032214765,0.6722359261,0.0203590265,4.0,13.358753488,1.0835273029,0.0,0.1455399245,0.0494225192,0.0551604714,0.4843661585,3.7935588293,1.0603362e-08,1.7637476e-08,1.1692839443,1.3672249423,0.0248367799,0.049774458,-0.403778635,0.2323533244
88284,-0.674497254,0.2620453115,-1.447483795,0.0,17.182530749,9.4909832016,0.0430990624,0.0254340445,0.0846306618,0.100056865,-0.010899814,-0.105456271,-3.26223092,0.9016014033,0.1054562708,26.0,-0.001201961,-0.125,-0.107570023,0.0310521067,-0.113538468,0.0935613682,-0.043612001,-0.018258697,-0.26735798,0.4076615019,0.0,1.6021314387,0.0668409522,1.4831261101,0.1013647196,7.0340095465,5.7144934561,0.0623178267,0.0,0.0,1.0,0.0,0.0,-0.122633003,6.0,4.1643239651,0.0512254176,-0.165220977,-0.637795897,-1.483788474,2.4579903603,-3601.250507,0.3461731473,13.847928948,-0.000666021,0.0070839773,-0.064896755,-0.007120296,0.0825781749,0.0201360611,2.0,0.0504273504,1.0522269143,0.1222284641,4.0,14.880297434,2.1070723269,0.0,0.0389249362,0.0489348542,0.0624145502,0.4763791906,7.4167500644,2.2493806e-09,1.0083501e-08,1.8793715142,3.5320372885,0.0903774941,0.1197567981,-0.589391787,-0.094679308
76582,0.305616082,0.0382647136,10.344362755,0.0,0.1314405623,0.3912575022,0.1481712727,0.172503919,0.397107981,-0.011947908,0.3724054911,-0.039877386,-0.421970619,0.0544112985,0.0398773861,30.0,0.0158338761,-0.022246535,0.1023060962,-0.073973223,-0.003955675,0.2307497058,0.1370785594,0.0333771343,0.1033824381,0.5882541901,0.0,2.8605154272,-0.164116444,1.9346712331,-0.099578755,7.0238854322,2.3710135871,0.4313651334,0.0,0.0,0.0,0.0,0.0,0.5173555813,4.0,-1.344923091,0.1301414124,-0.025585739,-0.113805391,-0.788415834,0.1319653699,-14920.31916,0.0629453635,14.94837824,-4.1421e-05,0.0260768805,0.0370711714,0.0159504462,0.0354383581,0.1404014178,1.0,0.0,0.1915582489,-0.03451267,5.0,14.771651142,0.7617124565,0.0,0.0476964936,0.0160263819,0.0279293128,0.3161657706,1.1971394201,1.0796303e-09,3.0642973e-08,0.7468477038,0.5577814926,0.099295549,0.0472471085,-0.106654797,-0.107827317
76613,-0.674497254,-1.068787417,-3.023932133,0.0,7.5994589596,3.5221605785,-0.040382998,-0.169819978,0.2964055679,0.0075922671,-0.011735231,-0.217363697,-1.246044325,0.2629690785,0.2173636966,30.0,-0.004311284,-0.175337187,-0.297717528,0.235512654,-0.086744411,0.2741279736,-0.326591224,0.0096829249,0.9745247148,0.5738893658,0.0,0.4037516749,-0.582916069,0.2909860531,-0.591707123,3.0812548665,6.3538612938,-0.041047194,0.0,0.0,0.0,0.0,0.0,-1.502308528,4.0,9.1505201283,0.0462839874,-0.087201476,5.5255138672,-3.702249653,-2.989921947,-1723.324902,0.0340789314,9.5792564388,0.0117825259,-0.002527027,0.0068579214,0.4700038162,0.1385117439,0.1308018759,1.0,0.3533834586,-0.267191116,-0.181895807,4.0,13.615619788,22.071961223,0.0,0.2711777985,0.0879932854,0.1154366191,1.5059876705,107.87623787,9.3416982e-08,2.864164e-10,1.4260700459,2.0336757757,0.6018339649,0.1281674359,-0.639214818,0.818494895
76614,0.2133828635,0.0679942202,10.371200895,0.0,0.1187944107,0.1644522624,0.2421130941,0.1592751196,0.5328127955,-0.030160414,0.6519983851,0.0559988739,0.2547819652,0.0506705192,0.0559988739,30.0,0.0313496098,0.1262962963,0.0805885495,-0.447108785,0.0020311255,0.0716414204,0.009124569,0.0703131332,-0.00580719,0.5419089977,0.0,3.6253799956,-0.011461459,2.9148439238,-0.025876407,2.3688597714,2.0650594211,0.7599330187,0.0,0.0,1.0,0.0,0.0,0.7061958394,4.0,1.5613048655,-0.044321497,-0.051708262,-0.030469075,6.3742814236,0.1374178821,45922.646989,0.0232852488,18.08103615,0.0017532952,0.0759660987,0.107897642,0.0176435561,0.2444965465,-0.012311864,0.0,0.0086420569,0.6143448524,-0.041712875,4.0,18.508736936,1.2855833673,0.0,0.0244262442,0.0162600797,0.0238867865,0.2825928801,1.5288923329,3.273958e-11,2.0088619e-08,0.2297540858,0.0527869399,-0.16609066,0.0421603757,-0.299651435,-0.24467985
15452,0.4582017676,-0.247178999,0.8582485611,0.0,0.555066775,0.7561016912,-0.050809769,-0.085332924,0.1570805366,-0.002742673,0.3192042435,-0.221756502,-0.951457908,-0.011998586,0.2217565023,6.0,0.0,-0.147058824,0.20800276,-0.423594543,-0.016866339,0.4267941321,0.1023372223,0.0137201563,-0.32824348,0.3840073348,0.0,1.3592895597,0.1452261534,1.3592895597,0.1452261534,2.849709436,8.0943118394,-0.413429396,0.0,0.0,0.0,1.0,0.0,0.2243944325,4.0,-2.909587257,0.2780370636,-0.361883255,0.3803325731,-28.42091535,-0.009605639,-13246.05063,0.03476008,14.731624907,-0.000193276,-0.010082212,-0.021231215,-0.006420526,0.2145988313,0.0053645925,0.0,-0.000322581,-0.624938352,0.0346808529,2.0,15.478380867,1.5664210201,0.0,0.0418053679,0.0262796765,0.039196017,0.2138013339,1.5607317179,1.1938589e-09,1.4791174e-08,1.2398223191,1.5371593829,-0.033342614,0.0871744335,-0.411127106,-0.054879185
15440,-0.086736715,0.0059227268,91.867314387,0.0417612465,0.1405014829,0.063230051,0.3324753454,0.2736209689,1.0806017807,0.0078079913,0.4722094259,-0.22359788,-1.811722303,0.0166530629,0.2235978797,6.0,0.0004289368,0.0446428571,0.2460736393,-0.214213933,0.0166288725,0.2195549325,0.4446426305,0.0007404598,0.6297247741,0.3323269303,0.0,1.4387890555,0.5693237764,1.4309432766,0.5772228002,5.4476605434,29.165514008,0.0664012684,0.0,0.0,1.0,0.0,0.0,-0.87593827,5.0,0.5140794389,0.4340724232,-5.451023894,-0.612353482,-0.642378982,-0.052105307,-4286.76562,0.0823714328,14.824020729,0.0274248831,0.0481934911,-0.035035672,-0.001043896,0.2941869976,0.1017887606,0.0,-0.00036601,3.0758017226,-0.048247904,6.0,16.54173443,3.7037408932,0.0,0.0412848368,0.0300082748,0.0524017563,0.2300251676,4.1821920106,4.776596e-10,6.4543343e-09,1.1921608308,1.4212474466,0.0689365759,0.0560672856,-0.53937945,-0.164654644
15710,2.0197452092,-0.587280832,-12.91685053,0.0,6.8796291062,4.1855749807,0.0038531057,-0.080756472,0.1846722576,0.0029661017,-0.000800225,-0.035574565,-0.56275939,-0.256783029,0.0355745647,6.0,-0.024766535,-0.138888889,-0.534657366,-0.461511919,0.2556103918,0.1911856587,0.0246227944,-0.068045647,-0.277644565,0.5175452987,0.0,1.5633237697,0.1714268179,1.1634104248,0.2997321963,14.01987285,2.6577404951,0.0585519251,0.0,0.0,1.0,0.0,0.0,0.5426822419,3.0,9.1203592273,-0.229783811,-0.050753178,9.6326461216,-4.219832061,-3.509674055,-1611.684132,0.0340789314,12.329273992,-0.008216503,-0.012812819,-0.066946612,-0.055535358,0.0498537966,0.053328133,1.0,0.045045045,0.1144275406,0.0032563712,4.0,13.152238582,2.3373855621,0.0,0.0787036642,0.032875418,0.0508870791,0.6354983446,4.4409173258,1.4677153e-08,1.4415951e-08,1.4881637354,2.2146313033,0.0580890529,0.124539159,0.2815704006,0.818494895
15396,-0.674497254,-0.063403027,-0.241972027,0.0,4.8661692789,2.9630477236,-0.111006851,-0.055428487,0.2915426348,0.1741924354,0.0093286943,0.0470947073,2.3673873576,-0.213502553,0.0470947073,6.0,-0.046314939,-0.125,-0.340810442,-0.330506086,0.3342512108,0.1752492387,0.0263955815,-0.134789208,0.1451295064,0.5153693325,0.0,1.4355762982,1.0982148033,0.9686115378,1.266005948,8.3994630912,3.4582343566,0.0050628891,0.0,0.0,1.0,0.0,1.0,-0.414572339,3.0,0.2290287974,-0.209865087,-0.125903139,-1.094815877,1.0943325653,-0.265726979,-8438.513845,0.0376507894,13.374423443,0.0013256206,0.0205114713,-0.814215803,0.0496487092,0.1586971007,0.1806198959,2.0,0.0109204368,1.3347320382,0.2090526698,0.0,13.98068024,1.1629564425,0.0,0.0421455838,0.0278769862,0.0425463521,0.2546341549,1.1105507889,8.8327456e-09,2.6860901e-08,2.1448687373,4.6004619,0.1015642092,0.1136568991,0.3423546436,-0.028114825
76644,1.0241720178,-0.315150661,-1.762754205,0.0021641247,2.2128175133,2.6350923469,-0.064742433,0.0388525155,0.0157649897,0.2963080578,0.0884896873,-0.110111125,-1.118454936,0.0373311512,0.1101111252,37.0,-0.032365741,-0.150909091,-0.247043364,-0.09156333,-0.538921548,0.1136443973,0.0473364343,0.0236044108,-0.074780059,0.5384056721,0.0,1.6686746988,0.1487729044,1.140813253,0.4766443734,4.8998993964,9.7997987928,-0.066517999,0.0,0.0,1.0,1.0,0.0,-0.029814272,3.0,-0.12491293,-0.19567314,-0.285868442,0.1178028372,-0.413803838,-0.165815432,291.44320059,0.0894515012,15.887860535,0.0242093598,0.1244715245,0.3421637327,0.4700038162,0.1189061328,-0.177293576,5.0,0.0172963132,0.54969033,0.0894090612,2.0,19.045248954,13.912994545,0.0,0.0176649019,0.0231115676,0.0529766666,0.2683814787,15.379333915,4.012097e-11,2.2167468e-09,1.5441517577,2.3844046508,-0.066190068,0.0862787287,0.0122807862,0.2323533244
15454,0.1960036158,-0.035341491,6.6043732936,0.0,0.0992729187,0.0660616428,-0.164866735,0.2286192571,0.2324535679,0.0401130982,1.3293437517,-0.106760122,-0.80898727,-0.006750675,0.106760122,6.0,-0.029353551,0.0883333333,-0.050741822,0.0106372547,-0.036844868,0.324743348,2.8035475113,-0.02361437,-0.008648808,0.487188298,0.0,9.4451329926,1.0731448568,9.1270572613,1.3905184021,0.5563224588,6.2386366788,-0.369832423,0.0,0.0,1.0,1.0,0.0,0.2615956107,2.0,51.322040686,-0.098209703,0.0074275633,0.3934031613,-0.50373075,4.1067477086,-4117.338631,0.0357482652,14.620606733,0.0010970182,0.0059690052,0.0106618748,0.0043761982,0.4031137202,0.0605314278,1.0,0.0004151962,1.9013975073,0.2514052,3.0,15.223337544,1.879994648,0.0,0.0511933416,0.036349628,0.0496138557,0.4459082622,5.5948315711,9.303193e-10,9.0514852e-09,1.6600182371,2.7556605476,0.0263388475,0.0660285962,0.5491155048,-0.145662284
76837,0.1295686535,0.0140728625,23.81943626,0.0,0.1927145788,0.1541469772,0.0648395385,0.4362786183,0.3674219286,0.0108499096,0.6003697053,-0.019005952,-0.369150235,0.019267863,0.0190059517,30.0,0.0339082867,-0.098535286,-0.11939151,0.1085165088,-0.102217857,0.303830002,-0.158020449,0.0353418409,0.2462251473,0.3342964005,0.0,2.73593562,0.2456042419,1.4632714649,0.20631021,4.5264709706,6.8242170044,0.1852177346,0.0,0.0,0.0,1.0,0.0,0.7820251435,4.0,51.935979893,-0.096454786,-0.179441056,0.326968199,-1.212096105,4.1327662464,-1875.660161,0.0357482652,14.767108566,-0.001261481,0.0082800734,0.0219412772,0.0084373625,0.1068111687,0.0738673507,2.0,-0.000141663,2.0010168904,-0.178288413,6.0,15.674986376,2.2529412532,0.0,0.0370301791,0.0193471182,0.0314078792,0.3390267624,2.9957492746,5.931692e-10,1.0853214e-08,0.6952440591,0.4833643017,0.0217723303,0.0659948106,-0.284110856,-0.145662284
76661,0.1062645913,-0.056863571,3.2124320974,0.0,0.1948526693,0.0918897451,-0.260668741,-0.260849918,0.2112348722,0.0001852644,-0.001392902,-0.173284554,-1.079532713,0.0045225141,0.1732845539,30.0,0.0013462883,-0.073439412,-0.350378898,-0.559313758,0.0011339951,0.0794584323,-0.08593663,0.0139422946,-0.426721202,0.8640180311,0.0,3.6531624518,-0.633414425,3.6155027861,-0.634752765,0.384956551,9.5698913443,-0.2816548,0.0,0.0,1.0,1.0,1.0,0.4336609353,4.0,0.5360692803,-0.104429152,-0.251443971,-0.137587347,6.0800339746,0.0912698771,2189.8430189,0.0232852488,15.46656904,-0.00205963,-0.033025119,-0.141530255,-0.005698675,0.8283050222,0.035701143,0.0,-0.002981515,0.0092171425,0.0488222584,5.0,15.854701904,1.5712939064,0.0,0.0502159968,0.0287831568,0.0381832937,0.3318210936,3.0528255044,4.338429e-10,1.2807414e-08,0.7185318589,0.5162880323,-0.045405659,0.0514187591,0.4091573427,-0.24467985
15410,0.0461815615,0.0255851213,34.666011073,0.0,0.0167269254,0.0500799882,0.0617484533,0.4974125535,0.7344311078,0.0070872137,-0.191897122,0.2927703751,0.6950878456,0.0078012145,0.3389995412,6.0,0.0,0.0766129032,0.2110994797,-0.11883969,0.0263624624,0.47,-0.107073454,0.0533713697,1.1668813945,0.5294360558,0.0,4.0026704146,2.0737601567,4.0026704146,2.0737601567,1.8398874904,30.829869742,1.4118782575,0.0,0.0,0.0,0.0,0.0,1.4314361501,6.0,-2.570287868,-0.129409179,-0.138211528,-0.031687633,-26.89532406,0.0101941609,-8407.077824,0.03476008,14.547680736,-0.03706938,-0.00035332,-0.000490833,0.0028105043,0.3939202773,-0.043010306,0.0,-0.000581395,0.9465426144,-0.032987571,6.0,15.132992049,1.2936270601,0.0,0.0349927023,0.0248864375,0.0385088976,0.2687631987,1.4697181403,1.6777424e-09,1.8468232e-08,1.0630108306,1.129992026,0.0257938689,0.0477314247,-0.121859946,-0.054879185
15496,0.1803332709,-0.385230052,0.7243755449,0.0,0.953489176,1.0903883255,-0.661965582,-0.012376374,0.5260097243,0.3566813864,0.0727756071,-0.08315728,-0.246284938,-0.290353692,0.0831572803,6.0,0.0071023517,-0.044280443,-0.11194772,0.018049609,0.0413419699,0.2501289029,0.1339924701,0.0431377424,-0.304337187,0.725617972,0.0,1.7252821889,-0.413396171,1.3182509137,-0.417968099,2.3981097199,7.0372530959,-0.343045525,0.0,0.0,1.0,0.0,0.0,2.1843763382,3.0,51.936601545,-0.070828405,-0.125186213,0.3777328163,-0.861376703,3.8231446911,-7459.566831,0.0357482652,11.495355003,0.0001124845,-0.076873848,-0.103182241,-0.007556011,0.6163977505,-0.026665113,0.0,-0.097744361,0.1317814815,-0.023318301,4.0,11.081181747,0.5333462764,0.0,0.0664889291,0.033720423,0.0622977242,0.4304608851,0.8449918933,1.4746277e-07,6.0569067e-08,0.9059934366,0.8208241071,0.0490464891,0.1114919594,-0.88483575,-0.145662284
76686,0.6959561625,-0.009093493,-3.005728109,0.0113162128,1.7459537432,2.3260502728,0.0584095251,0.0486453002,0.3874572578,0.0234757245,0.081765991,-0.060627422,-15.90289325,0.1355193603,0.0606274215,30.0,0.0377013307,-0.035714286,0.0466279858,-0.25897,-0.013578118,0.2035131996,0.0942551844,0.0282368189,-0.026155545,0.4120582317,0.0,2.3396068196,-0.237265986,1.2113566946,-0.165283557,21.387787448,4.5220762881,0.0384248788,0.0,0.0,1.0,0.0,0.0,1.180321348,4.0,-0.047767959,0.0328359398,-0.342240495,0.0729364742,-14.20867602,0.0388959249,-2748.220075,0.0553124103,12.541462359,0.0022576294,0.0165503277,0.0519890323,6.74145e-05,0.010721073,-0.007701828,2.0,0.0115448048,-0.145750562,0.112942324,1.0,11.588909374,0.2927100723,0.0,0.0382469743,0.0228187365,0.0332288878,0.3887796809,0.6860052814,5.6852212e-08,7.4773453e-08,1.4129964203,1.9965588837,0.0648889364,0.0733233612,-0.427236174,-0.010696088
15409,0.0913735209,0.0152082786,17.892952312,0.0,0.0494702234,0.1207244652,0.1319082768,0.3117395334,0.7017886371,0.0160776986,0.3263153484,-0.037576213,-0.311189036,0.0199409281,0.0375762125,6.0,0.0156853196,0.2103448276,0.2301921121,0.1532531282,-0.004836516,0.3629602178,0.0979252519,0.048687789,0.3151994511,0.518149266,0.0,4.4037719959,0.3697969354,3.913091175,0.4156766184,2.4382760131,7.4166886686,0.4784300129,0.0,0.0,1.0,0.0,0.0,1.0933780588,5.0,-2.920036367,0.0433253386,-0.004479604,0.0135043264,-28.41506377,0.0223338745,-9479.173544,0.03476008,14.933701283,-0.006817612,0.0117030648,0.0236085219,0.0085573435,0.5925996443,-0.011827055,0.0,0.0019184039,0.7305127294,0.0430800011,8.0,15.226412529,1.1787290115,0.0,0.0305355918,0.0210871919,0.032682519,0.256192828,1.7263329399,8.522904e-10,1.6396901e-08,0.8110670735,0.6578297977,0.1285314946,0.0511844074,-0.213826376,-0.054879185
76856,0.4466528619,0.0370799651,19.937851481,0.0155696957,0.3786596474,0.5675410143,0.0846745958,-0.027564933,0.1430578329,-0.030499185,-0.000939045,-0.048085506,-1.08543897,0.0773280042,0.048085506,30.0,-0.031134518,-0.19047619,-0.125053702,0.0158235254,-0.049557469,0.0625981232,-0.04286896,-0.004118158,-0.04905058,0.3315464563,0.0,3.0259052547,-0.171428688,2.1036840014,-0.10277048,24.772725892,4.5442830281,0.1365459524,0.0,0.0,0.0,0.0,0.0,0.2367620099,3.0,-0.095901341,-0.056533236,-0.191448586,0.4099444304,-0.962291381,-0.048310219,-21086.26808,0.2560171468,15.146999639,0.0037020884,0.013595323,0.0258720065,0.0112451286,0.0196989678,-0.042869295,1.0,0.0,-0.029169605,0.0348606678,5.0,15.692274984,1.3983018709,0.0,0.1214388832,0.0317185519,0.0337796811,0.5200297029,3.3344688144,1.0352773e-09,2.0601671e-08,0.7224166429,0.5218858059,0.0060790233,0.0416273578,-0.327391392,-0.215279818
15534,0.056664833,-0.026773725,10.675139377,0.0,0.0519661488,0.0455668298,-1.144571939,0.5998342075,0.3381034435,0.105352221,0.4670976657,-0.062359017,-0.205581889,-0.021269532,0.0623590169,6.0,0.0100831194,0.7468719923,0.2933138843,-0.179292065,0.1703975908,0.157323689,-0.043174827,0.0410207738,0.7445884805,0.8945758658,0.0,4.3338357121,0.4900488083,4.233204222,0.4907666933,0.5302043091,4.9768344683,-0.589788521,0.0,0.0,0.0,1.0,0.0,0.652704773,3.0,3.8951963334,-0.049402002,0.706651015,1.1062739665,1.4577000662,0.1750788866,4016.6452933,0.3461731473,15.034139705,0.000252889,-0.177977448,-0.505743706,0.0056925684,0.7808047132,-0.05101531,0.0,-0.003230438,0.4926931091,0.0175301554,4.0,17.634470459,5.5310166054,0.0,0.0931385309,0.0398085051,0.069429413,0.3603112495,8.5610283941,6.364642e-10,6.776158e-09,0.9507237713,0.9038756893,0.0563905245,0.0713756282,-0.734818666,-0.094679308
15431,0.0779874377,-0.039775601,7.6217805659,0.0,0.0750598406,0.0148231917,-1.008206081,1.5893989731,-0.61576563,0.3038934748,-0.069560311,0.0188607009,0.0502990115,-0.041776275,0.0188607009,6.0,0.0,0.4351851852,-0.037385886,-4.296209416,0.3363776193,0.2867730404,0.1636505417,-0.010080036,-3.26553694,0.7948898787,0.0,5.7907357535,1.6583088913,5.7907357535,1.6583088913,0.1309657119,3.538404176,-0.473122532,0.0,0.0,1.0,0.0,0.0,1.7481168777,3.0,0.7703569518,-0.116457996,0.2571806266,-0.165864501,5.5334686357,0.0449710881,-3505.705121,0.0232852488,12.985965943,0.0,0.1402619349,0.6749846635,0.1960325667,0.87659131,-0.252127251,1.0,0.1681034483,3.8308676518,0.0920619201,1.0,14.074587254,1.6204814052,0.0,0.038147103,0.0383871161,0.0573937645,0.2321703418,1.622734228,9.0612998e-09,1.6437445e-08,1.0380255638,1.0774970712,1.0309136421,0.2729889101,0.4857933098,-0.24467985
76709,0.0147983566,0.013620459,107.71384642,0.0,0.0389050351,0.0633678314,0.377730865,0.2521649681,0.9096631605,-0.000257397,0.0043006074,-0.032123296,-0.113939042,0.0151723611,0.0321232962,30.0,0.0071983864,0.0108695652,0.1245361268,-0.094188567,0.0223501653,0.1483666441,0.0371941656,0.0625514673,2.5616009196,0.4848247185,0.0,1.8236258089,0.9462439226,1.4634901786,1.1904246125,7.0499025859,7.2227158952,0.4086767161,0.0,0.0,0.0,0.0,0.0,9.1062751267,7.0,1.4541531418,-0.100173613,-0.167134993,-0.229053582,5.6338379273,0.101919724,36966.941009,0.0232852488,17.403556298,0.0127668803,0.072646839,0.234440639,0.0016790538,0.0608627749,0.021575443,0.0,0.0002251166,0.5984851324,-0.06089497,6.0,17.936652688,1.2513917491,0.0,0.0305466745,0.025988689,0.0349444105,0.2531205427,2.0902534285,1.027297e-10,1.8126379e-08,0.7600150816,0.5776229242,0.1153548422,0.0429114926,-0.567161392,-0.24467985
76934,0.6488264434,-0.449060293,-0.480076263,0.0,0.7415576373,1.7010773672,-0.685379137,-0.158975868,0.2052383755,0.0134172602,0.4667051578,-0.194059912,-0.657638137,-0.153741119,0.1940599124,30.0,-0.015153937,-0.259259259,-0.203698643,0.0028075383,-0.251882934,2.2480733409,0.8610531804,-0.096703943,-0.434627777,0.8114273217,0.0,2.2067988669,-0.375536465,2.1934214668,-0.366485784,2.4525813692,2.8668415874,-0.646485137,0.0,0.0,0.0,0.0,0.0,0.2956588096,1.0,-2.974733418,0.1361413827,-0.47408369,0.5709572489,-28.93701299,-0.151348172,-14588.01633,0.03476008,9.594304003,7.11086e-05,-0.079519945,-0.177251732,-0.071135571,0.3948815567,0.0808854339,0.0,-0.002643041,10.682574947,-0.138482057,1.0,15.143582309,22.071961223,0.0,0.1210247278,0.0599824425,0.1150799828,1.3850304874,107.87623787,2.1164578e-08,3.895515e-10,1.0921441057,1.1927787476,-0.528481486,0.2729889101,-0.004361158,-0.054879185
76712,0.1684553051,0.0027500297,-0.129462522,0.0246863128,1.8553746612,0.6177973605,0.1049324957,0.0283820732,0.111477651,0.0021341872,0.0537575824,-0.076453092,-45.71560737,0.1696064803,0.0764530923,30.0,-0.000761894,0.025,-0.051918736,0.0549135622,0.1646449299,0.0457988832,0.0227222227,0.0065382786,-0.12082777,0.4439028986,0.0,1.0096978739,-0.016360091,0.9237224916,-0.007738234,5.6130156886,6.7176634214,0.0389445014,0.0,0.0,1.0,0.0,0.0,0.803070761,5.0,0.6833958931,0.0304693035,0.0209917201,-0.271290291,-0.311127809,-0.013997135,4116.9084418,0.0260918659,16.42765217,0.0079668486,0.0098770409,0.1050535988,0.0322578937,0.0522694833,0.0277733186,2.0,0.0021901007,0.0519078241,-0.009873789,2.0,17.43015783,1.9030734984,0.0,0.0200655106,0.0210215625,0.0280098481,0.2358832151,2.1108203168,1.166749e-10,1.2491504e-08,1.1897771436,1.4155696515,0.0461454782,0.030802255,-0.079039341,0.1163368332
76721,0.1201822015,0.0252772939,10.385616823,0.0,0.1114336274,0.3013492282,0.2075995285,0.0204199299,0.3532888099,-0.00517558,-0.097952319,-0.114201803,-1.035960825,0.0514635802,0.1142018026,30.0,0.0,-0.037395397,-0.066834396,-0.050944968,0.0575577329,0.2021338071,0.4953197601,-0.070494403,0.1617776513,0.5839102905,0.0,1.6554290287,0.0589578088,1.6554290287,0.0589578088,3.9554811188,8.5387348969,0.3239306857,0.0,0.0,0.0,0.0,0.0,0.7751790882,6.0,-0.02248828,-0.200150762,-1.245142907,-0.10972341,5.2181961248,-0.005816717,-9382.871893,0.1719954965,14.817832389,0.0019316998,0.0380417674,0.0700186025,0.0065643654,0.3084836232,0.0831747507,0.0,0.0012717608,0.228308835,0.0104591661,6.0,14.250381228,0.5247298302,0.0,0.0351687558,0.026106803,0.0295421047,0.1554128312,0.277505926,4.0857925e-09,5.9653411e-08,0.6800805981,0.4625096199,0.0201389975,0.0455018225,-0.719434902,0.0946339185
76684,1.165578941,-0.015310695,-16.21905069,0.0324031301,10.235456555,0.4685359421,0.0088434291,0.0992735245,0.0217003455,-0.008992744,0.1130172433,-0.012464788,-8.862730774,0.1203838732,0.0124647881,30.0,0.0019129083,-0.036266925,-0.041118438,-0.056257697,-0.388108081,0.1018796556,-0.034811051,0.0020397208,-0.00826488,0.5190943955,0.0,0.8429366987,-0.073218998,0.8376037629,-0.075398131,0.743193885,0.0647809248,0.0001698857,0.0,0.0,0.0,0.0,0.0,0.1914957673,2.0,-0.22239119,-0.000173809,-0.051338154,0.0584117597,-0.689603427,-0.032986702,-3925.124082,0.0256085935,15.211626076,0.0003596506,0.0036919307,0.0363698009,-0.001855002,0.101665714,0.0252511242,1.0,0.003820034,0.5335898162,0.0653424761,3.0,15.548979832,1.0720320177,0.0,0.0441419035,0.0191503845,0.0329332592,0.2924964387,1.5516068149,7.204295e-10,2.1001827e-08,1.8578841005,3.4517333311,0.006024101,0.0462954458,-0.127486434,0.0732063074
15585,0.5285758478,-0.016144191,17.452464768,0.0,0.0622783775,0.0364044968,-0.005096733,3.7736518902,0.4397417812,1.0653775322,2.1784487824,-0.044593718,-0.889698971,-0.001780721,0.0445937175,6.0,0.0058371407,0.8333333333,0.9771338516,-0.995420057,-0.066207222,0.9467273066,-0.106840854,0.0631078713,10.67693475,0.0551238953,0.0,3.1853605452,-0.511465949,3.0155178582,-0.537514471,1.3908023327,6.4624027505,-0.336501673,0.0,0.0,0.0,1.0,0.0,0.6354231898,3.0,3.8050922454,-0.095311634,0.793112356,1.5781849812,-1.341915938,0.1945676973,25485.921093,0.3461731473,15.509311657,0.0017200168,-0.00478902,-0.005270898,0.0114751216,0.0468127632,-0.005214219,3.0,0.0012617301,1.2173439115,0.0524164573,4.0,18.062582774,7.9719490682,0.0,0.0420900583,0.0879932854,0.0716295241,0.7535333156,107.87623787,1.664093e-10,1.9247358e-09,0.4540715525,0.2061809748,-0.528481486,0.0752534596,-0.642259553,-0.094679308
76732,-0.371667421,-0.10898371,1.9332148857,0.012793749,2.54616984,0.7223395961,0.0551380039,0.0124097895,0.1431551233,-0.004236775,0.0603639442,-0.097223488,-1.927966998,0.1011332864,0.0972234884,30.0,0.0,-0.031741573,-0.242710766,-0.133321496,-0.0479216,0.0801946587,0.1009256663,-0.019950125,0.4668698868,0.3836887532,0.0,1.6826157306,0.7359436447,1.6826157306,0.7359436447,1.6285011565,5.6545115959,-0.025912536,0.0,0.0,1.0,0.0,0.0,-0.932701614,3.0,-0.001898179,-0.010799448,-0.129073536,87.243783459,-12.07432649,-9.160914172,-2533.877712,0.0109914292,14.004575925,0.0041170187,0.012189841,-0.081736227,0.0372387385,0.1918565367,0.0629961578,0.0,0.001354513,1.8567734735,0.1571513861,3.0,15.713367922,3.4377848089,0.0,0.0463080443,0.0255733128,0.0367140391,0.2523145935,2.4577339782,1.7034879e-09,1.1134398e-08,2.8149696938,8.1460812957,0.0926709754,0.0766450985,-0.016581798,0.0069773022
91403,0.4683442993,0.0184165972,0.72921543,0.0277527889,0.7240664256,0.749900819,0.0872371819,0.2217926877,0.1516183986,-0.003529115,0.4291303799,-0.105045858,-6.184027778,0.1323053462,0.105045858,30.0,-0.015099236,-0.086879433,-0.225480483,0.1052117601,-0.000347553,0.0798531436,0.0535410683,0.0173633862,-0.002043875,0.7121418995,0.0,7.0840176879,0.5479823211,6.1238155401,0.7328099768,1.5028835063,7.3065420561,0.0841733347,0.0,0.0,1.0,0.0,0.0,0.2582095653,4.0,-0.070402595,-0.209872536,-0.221838783,-0.438024881,-0.130751074,-0.070841237,-1841.394639,0.0894515012,14.243868937,0.0049269085,-0.000952578,-0.003191342,0.2863288012,0.1213277532,-0.379831033,1.0,-0.007250367,1.3880836142,-0.133753434,6.0,14.656066168,1.4170648893,0.0,0.0573536642,0.0274919384,0.041379069,0.3793432502,2.6320788236,1.8624191e-09,1.4006115e-08,1.5696819164,2.4639013188,-0.010254905,0.0498296678,0.1922657976,0.2323533244
76736,0.3360295991,-0.03491397,2.5465278642,0.0,0.2780079294,0.3271402537,-0.097874577,0.0799417083,0.500077822,0.0087590871,0.2261053029,-0.103167052,-1.747260082,0.026089816,0.1031670516,30.0,0.012747884,0.0044742729,-0.112892385,-0.203568615,-0.011086746,0.1699199329,-0.208548355,0.0942764579,-0.017006897,0.5993395911,0.0,2.5349702687,0.0306530263,2.2480662076,0.0221801936,1.6357666682,3.5875583676,-0.036197463,0.0,0.0,0.0,0.0,0.0,0.8237962047,4.0,1.4781061118,-0.075168214,-0.173530286,0.0921776603,5.4078892212,0.112837179,-2571.188671,0.0232852488,15.366231693,6.76677e-05,-0.014961016,-0.026403085,0.0058416938,0.2807913274,-0.031432788,0.0,0.0032425422,0.4909725683,-0.089762128,6.0,15.851343722,1.8636251456,0.0,0.1193809807,0.0383229456,0.0465309098,0.4145983667,5.0491825641,4.843426e-10,1.0249874e-08,0.7333892199,0.5378597479,-0.08813612,0.0534658455,-0.424045874,-0.24467985
88031,0.1056721531,0.0288624053,20.687624043,0.0,0.0213327172,0.094471502,0.4018426694,0.2043285585,0.5428968738,-0.016025772,0.0641271164,0.0080032992,0.0322298477,0.0279321744,0.0080032992,30.0,-0.004870225,0.0388211958,0.098318685,-0.134283614,-0.014266038,0.1690228505,-0.081553539,-0.00444591,0.2372362351,0.4676463383,0.0,4.1880070081,0.1952977211,3.7438865689,0.2656473835,2.2378076669,6.9275598638,1.4118782575,0.0,0.0,1.0,0.0,0.0,0.6703147067,5.0,-0.064395377,0.01958216,-11.04128076,-0.047061217,-2.132359921,-0.013471412,32481.508465,0.0426379215,17.630630768,-0.000247294,0.0476847839,0.0571001802,0.0034933029,0.3942242122,-0.001230551,0.0,-0.000168862,0.3849695661,0.0657768054,5.0,17.767266574,1.1897265787,0.0,0.0281601995,0.0138778499,0.0242475943,0.3197294291,1.9890654179,5.156614e-11,1.8777814e-08,0.7453021648,0.5554753168,0.0034932371,0.0282572176,0.1321628215,-0.010149049
76744,0.14142747,0.0441475241,7.5921138274,0.0,0.049900246,0.1010328925,0.5030019129,0.4127375664,0.6706643593,0.0034634141,0.3724539578,-0.053996077,-0.199826157,0.0529693542,0.0539960767,30.0,0.0112878385,0.1333333333,0.4907398132,0.0932230891,0.0081564803,0.0852855467,-0.335456832,0.0795977383,0.42752123,0.6920772641,0.0,4.3319499577,0.1989651232,4.1824042507,0.1992253431,0.9318464973,7.0092833133,1.0649483014,0.0,0.0,1.0,0.0,0.0,0.9072351084,7.0,1.5711820934,0.063413572,-0.044671225,-0.102424469,8.3869160926,0.1397167172,55675.951979,0.0232852488,18.06225648,0.0134826533,0.0697062582,0.0926371592,0.0095946253,0.5519883316,-0.076232628,1.0,0.0024808424,0.680718074,0.0232488592,6.0,18.271171575,1.301181595,0.0,0.0347856991,0.0161117867,0.0234907955,0.2479431658,1.7573417803,2.655874e-11,1.633517e-08,0.2133132719,0.045502552,0.4493304167,0.0385503299,0.6298987798,-0.24467985
76750,0.3402094222,0.0155746939,37.575113485,0.0135157066,0.4820172394,0.510876191,0.0404360698,-0.115954128,0.2305483843,0.006129071,-0.19230702,-0.077998151,-4.387831813,0.0839138313,0.0779981514,30.0,-0.01303146,-0.046920821,-0.104099086,-0.166937377,-0.023558564,0.09594019,0.0702455499,0.0410074473,0.0207623293,0.3197289093,0.0,0.9171036694,-0.607726685,0.3586966994,-0.713544919,37.574132176,27.299471336,0.0939134181,0.0,0.0,1.0,0.0,0.0,0.6049288746,5.0,0.0985227406,0.1954801072,0.1058217132,0.1616506629,0.5752297288,-0.654973029,-1011.49237,0.1989575041,14.243457247,0.0015904685,0.0110927978,0.0276631281,0.0306456776,0.0035842913,-0.091659765,3.0,0.0012171796,0.1802977881,0.0575784617,6.0,15.138982384,2.3239568964,0.0,0.0354252979,0.0193526661,0.0347805872,0.4475483438,6.2246737202,9.298236e-10,9.6399552e-09,0.9023554361,0.814245333,0.013946394,0.0495021504,-0.134117997,0.3033517087
76788,0.0038099345,0.0592634471,8.4809240424,0.0,0.5995509196,0.4561437778,0.2881854918,-0.445469663,0.1152293646,0.0171729967,-0.588756929,-0.102116752,-1.979602244,0.1765815,0.1021167515,30.0,-0.0330239,-0.6,-0.613038685,0.0084515238,0.0265279811,0.2539771855,-0.519271583,-0.060112983,-0.983887885,0.2551732693,0.0,1.8849392069,0.7057069962,1.8849392069,1.2011963014,4.3603526423,11.837466533,0.0676677867,0.0,0.0,1.0,0.0,0.0,0.6340619629,5.0,4.4533678261,-0.531149205,-0.690220977,1.0534190679,-1.860142812,0.3729299183,-3604.671107,0.3461731473,14.287125509,0.0018808197,0.1402619349,1.1117093765,0.0268543398,0.2263686595,0.1435061071,1.0,0.0026019081,1.729039107,0.117527036,2.0,15.312198181,3.509319341,0.0,0.0136774154,0.004350179,0.0082302087,0.697627326,30.454527915,1.321052e-10,3.5805957e-09,2.2028070364,4.8523588395,0.139884654,0.0888045045,0.2494332156,-0.094679308
76795,0.104345877,0.0245290681,84.281512813,0.0,0.1572488473,0.2164787597,0.1350569168,0.1409467204,0.4396094248,-0.010017962,0.125,-0.090818957,-0.908730159,0.046819372,0.090818957,30.0,0.0073369026,0.0731707317,-0.008249721,0.1793471779,-0.040877919,0.3569682152,-0.253426476,0.0208023774,0.165851006,0.1981380465,0.0,0.6877363587,-0.191981717,0.4116693679,-0.198358124,23.166666667,8.4885496183,0.2130099951,0.0,0.0,1.0,0.0,0.0,1.0848287113,4.0,0.099658051,0.0036475655,0.0722675931,-0.352144814,0.0291811285,-0.005405054,11917.410095,0.0376507894,16.781418754,0.0013346044,0.0355801895,0.0768636539,0.0110339778,0.052514919,0.0018156224,0.0,0.001008886,0.6299438893,0.0833000075,7.0,17.466463149,1.7421893844,0.0,0.042322237,0.0233542841,0.0322802694,0.295414251,1.9674336604,1.465686e-10,1.5534775e-08,0.9356706724,0.8754796072,-0.009291497,0.0411412342,-0.402431138,-0.028114825
15493,0.161022427,-0.133217501,24.30583193,0.0,0.0206791704,0.0005584772,-0.129348016,-0.445469663,-0.041927031,0.1114348771,-0.679654638,-0.281742389,-0.571927645,-0.057026729,0.2817423895,6.0,-0.003174239,-0.086956522,-0.925498257,0.0203494599,0.1621687386,0.0959412477,-0.09707825,-0.109554525,-0.372058319,0.5933212477,0.0,2.4198031268,-0.136884388,2.1039374638,-0.213608682,0.0165314557,3.375,-1.953234998,0.0,0.0,1.0,0.0,1.0,-0.071225473,2.0,-14.07756955,-0.01178998,-0.090964802,-0.278723169,-0.838455269,-0.240630345,-11325.90356,0.0260918659,11.185102484,0.0,-0.036351238,-0.043727915,-0.000622684,0.313446031,21.766666667,1.0,0.0193236715,0.3638942142,0.0387175158,4.0,13.241003568,2.5751715062,0.0,0.068376109,0.0443869665,0.0819944103,0.550290989,3.9195128988,7.2601796e-08,1.5105151e-08,1.9201008882,3.6867874209,-0.018219525,0.1278423483,-0.033559733,0.1163368332
76869,0.350374333,-0.218484119,2.0454112848,0.0,0.5673799379,2.0887377519,-0.384407058,-0.164336199,0.493436955,0.0666553883,-0.048732394,0.0336028002,0.1550292218,-0.252355542,0.0336028002,30.0,0.0055337945,0.3709677419,0.2386911642,-0.073420423,0.1420451372,0.1973324763,-0.188320986,0.0215402503,-0.301747807,0.5969483743,0.0,1.4867442734,-0.25215173,1.0419827262,-0.293007962,21.128484024,6.5424692138,-0.304547423,0.0,0.0,1.0,0.0,0.0,1.0640192861,4.0,0.1994634153,0.4389603353,0.3103520033,-0.314973895,-1.393830378,-0.34790778,-5149.45253,0.0653433969,9.6181666777,-0.000520148,0.0220360025,0.0664241164,0.2516162852,0.1077182191,0.0249721633,2.0,0.0543354077,10.682574947,0.1567239463,1.0,9.2447359913,0.4892334846,0.0,0.0396825038,0.0320474228,0.0659350627,0.8726538785,1.2939854872,1.8699083e-06,7.2878907e-08,1.3026608421,1.6969252697,0.1444583328,0.0971866244,-0.592749679,0.1631852225
76798,1.5841537401,0.0202944969,-1.581963364,0.0,1.4013689454,1.7192139469,0.0261789498,0.0583848431,0.3755023922,0.0136339801,0.0853756917,-0.030703744,-4.392243381,0.1094328666,0.0307037445,31.0,0.0122551984,0.1016949153,-0.113343161,-0.464455384,0.1085826801,0.1203762937,-0.059720063,0.0414670395,0.0356032025,0.4794327999,0.0,3.9388024863,-0.120503415,3.2231507273,-0.141543418,2.7673921949,3.554658494,0.0687643372,0.0,0.0,0.0,1.0,0.0,0.6582810452,6.0,0.0400009158,-0.074366782,-11.08010196,0.9914046231,-13.81514894,0.1283650381,-17995.67513,0.2540693609,12.836799061,0.006986499,0.0012537844,0.0023068308,0.0603391307,0.2080840722,0.0691148197,1.0,0.0171730515,-0.093365165,0.0753659415,3.0,13.016649638,1.4400422216,0.0,0.0689076185,0.028625378,0.0357222422,0.4263358428,3.3941731908,7.8953424e-09,1.5564145e-08,0.9295198506,0.8640071527,0.0391470072,0.0535019022,-0.386706568,-0.215279818
76838,1.4072499558,-0.183286377,-4.331471342,0.0258376353,3.4477921176,0.9250117499,0.0012537718,-0.031379231,6.8669899e-06,0.0018776026,0.0036150987,-0.05667201,-1.525491245,0.0963153865,0.0566720103,28.0,0.0,-0.139438085,-0.121828507,-0.059444527,-0.875067364,0.1433127447,0.0391990634,-0.000237639,-0.107613996,0.2691655587,0.0,35.077678884,0.3106548227,35.077678884,0.3106548227,1.1322328399,1.4309933651,-0.051104674,0.0,0.0,1.0,0.0,0.0,-0.01023207,3.0,-0.152123975,-0.00306655,-0.665352948,0.1765301525,-0.50993909,0.2121497486,-12067.52319,0.0397241163,14.09802473,-0.000607353,0.0019186287,0.0085664729,0.0564089056,0.088261474,-0.00964274,0.0,0.0042052145,0.2509687465,0.011255472,3.0,14.003241427,0.7030972469,0.0,0.024244858,0.0162020906,0.0259458195,0.3414012626,1.2840719705,3.0236482e-09,3.219139e-08,0.5906281706,0.3488416359,0.0745132376,0.054371323,0.1562306424,0.045344153
76892,1.104314438,0.0912240115,-33.6648312,0.0302878481,8.6771175445,0.4430767621,0.0238934289,0.1066836944,0.0410177402,-0.013346557,0.109129781,0.0191638048,1.9568443556,-0.08728718,0.0191638048,29.0,0.0015768246,-0.037595457,-0.050926458,-0.101002623,0.031956931,0.1795965232,0.0079792749,0.0020353305,0.084532193,0.3810932977,0.0,0.6654451321,-0.200203827,0.6584642545,-0.202267086,1.7897656477,0.0934152796,0.0135737474,0.0,0.0,0.0,0.0,0.0,0.356234355,2.0,0.0183294971,-0.002165367,-0.052666687,-0.002852743,-1.499295713,-0.240657755,-2106.800402,0.0256085935,15.54678811,7.61713e-05,0.0039937333,0.0353127343,-0.000899092,0.040315954,-0.005867788,2.0,0.0070351759,-0.205040181,0.0603831201,2.0,15.296892508,0.5425966169,0.0,0.0361270197,0.0152180753,0.0315075419,0.2554789676,0.6261900691,9.346158e-10,4.7405222e-08,1.4956211867,2.2368827341,-0.000908641,0.0397204582,-0.335676798,0.0732063074
15407,0.3548838063,-0.089240718,3.6625447515,0.0,0.0882115183,0.3189796124,-0.308079193,0.5128706304,0.7021267588,0.4499581677,0.3355967207,-0.104358375,-0.430328154,-0.050837925,0.1043583746,6.0,0.0386724662,0.0906735751,-0.029783195,-0.080060281,-0.016034875,0.2744370522,-0.316997339,0.1671629574,0.5644861516,0.6808799259,0.0,5.2361766525,0.6595764649,3.477430273,1.1626526795,2.0093603947,5.9013917565,-0.869656087,0.0,0.0,0.0,0.0,0.0,0.9065597668,3.0,51.889223373,-0.028904523,0.0097678051,0.5522833518,-0.718454797,4.0626604587,-7038.756801,0.0357482652,12.744043303,-0.004221122,-0.044376806,-0.052126058,0.0056475019,0.2626487179,0.0279332083,0.0,-0.012714558,0.4954114157,0.0219192491,5.0,12.516261907,0.4895199275,0.0,0.0581395738,0.0243340913,0.0438468216,0.4796901273,1.5740263855,2.6307586e-08,4.2845731e-08,1.7213198253,2.9629419409,-0.035363465,0.0717517179,-0.096558946,-0.145662284
76841,0.2867432094,0.1072067964,7.8640527183,0.0,0.3733667082,0.3602840811,0.1966762022,-0.096033311,0.4347936242,-0.125143513,0.0027059704,-0.008840342,-0.057291406,0.1133488245,0.0088403416,30.0,0.0101980206,0.2297297297,-0.064912122,-0.006871891,0.0037217724,0.1188618394,-0.059978355,0.0229967357,-0.198070928,0.2809066083,0.0,1.8403880071,0.0679423499,1.5548340548,-0.002005665,5.1509903835,5.7769088643,0.3203679747,0.0,0.0,1.0,0.0,1.0,0.866583728,6.0,1.3049252019,-0.012260769,0.0517251712,0.0428912707,5.7693042531,0.2000961875,31570.213379,0.0232852488,17.234056702,-0.010692185,0.0134529881,0.0306178443,-0.014365704,0.1264391957,-0.022098773,0.0,0.0022262271,0.6010289258,0.0019049458,6.0,17.730020194,1.4737593205,0.0,0.0493084192,0.0211209709,0.0295566347,0.2382102995,1.6152968819,7.246782e-11,1.6087556e-08,0.5632905071,0.3172961954,-0.145703905,0.0653779438,-0.219707433,-0.24467985
15649,-0.049090425,-0.003352819,54.112994753,0.0,0.3632513148,0.0998880145,-0.056066521,0.0617126953,0.1084707545,0.0050425071,0.0518858111,0.016803624,1.5316038412,-0.00848801,0.016803624,6.0,0.0,-0.253409091,-0.310943299,-5.127236911,-0.139101698,0.007540207,-0.674297449,-0.011427316,-0.012938073,0.4061531186,0.0,0.5030058814,0.1381489352,0.5030058814,0.1381489352,5.7710172691,4.6078074949,-0.005683209,0.0,0.0,1.0,0.0,0.0,-0.595547525,3.0,-0.454399689,-0.036310932,-0.492184588,-0.098953142,-6.020408467,-0.047444906,-148.1631889,0.060316261,14.976090504,-0.016952252,-0.012523484,0.0802954363,-0.008492018,0.030331281,0.0307261295,0.0,0.0031728959,-0.041514633,-0.039643944,1.0,15.348686849,1.1411890136,0.0,0.0174297038,0.015199628,0.0207603415,0.3664147642,1.8013810778,8.896583e-10,2.5555929e-08,0.9988546927,0.9977106972,0.0373646336,0.0341847681,-0.169848456,0.0171249485
15541,0.0151926069,-0.020993262,13.601297463,0.0,0.1787335785,0.0873901957,-0.123411347,0.3732954537,0.4559799553,0.0463625253,0.4466578999,-0.131474904,-1.049439043,0.0010378868,0.1314749039,6.0,0.0,0.1962435233,0.258570961,-0.012733152,-0.020623298,0.1881338742,0.2709280974,0.0224766248,-0.139861485,0.5009883729,0.0,1.3383926906,0.052345741,1.3383926906,0.052345741,1.3169406252,3.647957872,-0.107098068,0.0,0.0,0.0,1.0,0.0,3.3552568295,3.0,-3.014987232,0.0781613416,-0.018580908,-0.062676588,-28.78133722,0.0034308332,-9889.687344,0.03476008,15.5320753,-0.000368013,-0.030395651,0.3951989098,0.0054584117,0.2416367934,0.0071562267,0.0,0.0011502389,1.1880114828,0.0763100609,6.0,16.471608357,1.7656014005,0.0,0.0652773902,0.0302069767,0.0431355208,0.293877799,2.5831503395,5.075978e-10,1.4153689e-08,0.9404163694,0.8843829478,0.0444416282,0.0481414178,-0.842712507,-0.054879185
14551,0.5385552642,-0.449389561,0.170703162,0.0,0.3498200277,0.2940536414,-0.063882064,0.0573715995,-0.267244723,0.8057014254,-0.400693808,-0.183796303,-0.353480423,-0.290539149,0.1837963025,6.0,0.0,-0.043478261,0.5972187105,1.0914540942,-0.86870338,0.1162162162,-0.425304425,0.0317469112,1.0999183229,0.8568946003,0.0,3.9420886843,1.1581922325,3.9420886843,1.1581922325,0.3990902486,150.4047619,-0.952055648,0.0,0.0,0.0,0.0,0.0,-0.875487794,5.0,2.4924510988,0.0456060972,-0.221482819,0.2947033255,9.7884758627,-0.203791786,-5703.485671,0.0232852488,9.7588992832,0.0,-0.125074504,-0.154144614,-0.073410481,0.9564260038,-0.134779487,0.0,-0.198795181,0.9468981466,-0.03278603,3.0,11.771253198,17.335892137,0.0,0.0233723447,0.0263917066,0.0569153949,0.6076425117,3.5523375757,1.9238909e-07,1.8472526e-08,1.1839166937,1.4016587376,0.0536623196,0.1092641564,-0.622111252,-0.24467985
15542,-0.674497254,-0.084537841,15.03773447,0.0,0.1093749969,0.0637987659,0.1544116668,0.5960500755,-0.853128181,0.3209267089,-0.392687507,0.2927703751,1.1178962231,-0.179042374,0.5572082991,6.0,0.0,-0.038461538,1.3205499276,-5.127236911,-1.756698204,0.1107184923,1.8502914439,-0.009389165,0.6309816262,0.4269514504,0.0,1.1291079812,4.3236764964,1.1291079812,4.3236764964,1.1160605533,40.594936709,-0.577623531,0.0,0.0,0.0,0.0,0.0,0.2527662166,5.0,4.8110928238,0.2398145492,-0.216466097,-1.042918054,4.9436482764,-0.092295011,-5645.915761,0.0232852488,10.74082288,0.0141924496,-0.050184672,0.0227296489,0.0294295129,0.6224470319,1.5574337964,0.0,0.0326797386,-0.396977203,0.055617746,1.0,10.58344219,0.7086675729,0.0,0.1479221582,0.0592445452,0.0889159388,0.7714160517,2.9043403042,4.0513115e-07,3.7373327e-08,1.3486747415,1.8189235583,0.0437329508,0.1064620975,-0.075936393,-0.24467985
15651,0.1950002011,0.0190677675,151.68883266,0.003848766,0.2191051572,0.1984040778,0.0864859302,1.3695838806,0.5576243416,0.0615165491,3.2203023758,-0.041739203,-0.644509531,0.0313571254,0.0417392031,6.0,0.0712633479,1.0,0.086386383,-0.204946416,-0.001411624,0.1365164528,-0.313019101,0.315839077,0.4888036106,0.240077629,0.0,2.5928481655,0.0220706961,1.4074902112,-0.135469031,41.554817605,4.3353327473,0.2159770131,0.0,0.0,1.0,0.0,0.0,0.7354060295,4.0,1.3968762064,-0.378560391,0.9144225865,-0.048851738,5.715966192,0.1181044884,-3633.565621,0.0232852488,14.320667507,0.0027880827,0.0200952842,0.0421483578,0.0251385489,0.0191900087,-0.244452528,0.0,-0.001801096,0.4878971093,-0.062562685,6.0,14.025572308,0.6153388191,0.0,0.0224037711,0.0153353229,0.0251031092,0.3004062716,0.8405607446,2.9967469e-09,4.4482991e-08,0.8444471459,0.7130909821,0.0821801342,0.0330036835,-0.262710781,-0.24467985
77235,0.6740082489,-0.210876899,0.1081731161,0.0,0.5753487304,1.0884877326,-0.04843285,0.1314490803,0.5176973389,0.0173239437,1.28436853,-0.245222612,-1.368447082,0.0776969781,0.2452226124,30.0,0.0325914766,-0.025974026,-0.146624149,-0.096025673,0.0962105323,0.6849315068,0.3187047765,0.0516398668,-0.209231899,0.3461486706,0.0,1.8585946322,-0.235237589,1.0945887258,-0.280683542,8.5026476578,5.9810888252,-0.358558956,0.0,0.0,1.0,0.0,0.0,0.6405432688,3.0,-0.017596926,-0.141690933,-0.063555703,0.2705459514,-0.122269594,0.0599829999,-16328.55026,0.0642905452,10.479696936,-0.015725168,-0.00393353,-0.00681785,0.0423525407,0.0280455549,-0.001552376,0.0,0.0241545894,-0.484951949,-0.028032903,3.0,9.3801506715,0.381275756,0.0,0.0368098542,0.0169793955,0.0448826769,1.2231113891,4.9686497108,4.0164284e-07,3.9765869e-08,1.2587928074,1.5845593319,0.0141190361,0.0705010956,-0.381413077,-0.091892872
15488,0.072933638,0.015308814,15.91927289,0.0,0.1833122998,0.0781616599,0.0322076188,0.3710283833,0.2519042331,-0.000852515,0.46250436,-0.02714605,-0.393146121,0.0213274148,0.0271460497,6.0,0.0,0.1422413793,0.2071798334,0.4384028877,0.0508219177,0.4729514718,0.1263712683,0.0159936103,0.1856085283,0.2442548203,0.0,1.3263713684,-0.072487573,1.3263713684,-0.072487573,1.5983014229,6.3323494687,0.127266289,0.0,0.0,0.0,0.0,0.0,0.7534498075,5.0,-2.881955885,0.0678142002,-0.072583052,-0.004935557,-28.02023269,0.0237203612,214588.83666,0.03476008,18.438780526,-0.000686164,0.0147258047,0.0519971299,0.0023667164,0.1784152199,0.0055625623,0.0,0.000153722,2.3888384018,-0.09918119,6.0,19.733784695,4.2446728956,0.0,0.1147560328,0.0430541611,0.0490300146,0.318873453,6.9542335464,1.796679e-11,6.8358629e-09,0.8936382705,0.7985893585,0.0532262234,0.0504375274,-0.508719298,-0.054879185
77037,0.1455872812,0.0294424125,25.517447547,0.0031363771,0.0456560875,0.175736952,0.2554681439,0.0935641691,0.2972896469,0.4689539203,0.1402097172,-0.062245711,-0.38702091,0.0408372418,0.0622457106,30.0,0.0,-0.016214872,-0.022871614,-0.135710784,0.1305323744,0.0865545709,0.0352302813,0.0494195068,0.0797122878,0.6113716303,0.0,3.3321871734,0.4072633761,3.3321871734,0.4072633761,5.4873678427,8.8395740409,0.9539876188,0.0,0.0,0.0,0.0,0.0,0.3846698674,5.0,0.0155671712,0.0067863312,0.0234737289,-0.26996161,-0.506251851,-0.121143598,13196.858341,0.2470034686,17.277073101,0.0069845997,0.0632125733,0.0842451956,0.0103943815,0.1224030591,0.0946838909,3.0,0.0004545772,-0.037127735,0.0318875744,6.0,17.752987441,1.7689303715,0.0,0.074524872,0.0310681148,0.0383488571,0.2847993721,3.3556393006,6.04519e-11,9.152891e-09,0.7880050643,0.6209519814,0.0885580565,0.0298437777,-0.504087616,0.0980376093
15478,0.1343920903,0.0181573756,30.31541717,0.0030526823,0.2473624984,0.1437247274,0.0891881836,0.0278918068,0.2525164483,0.0095389507,-0.020591562,-0.061588376,-1.294289044,0.0416582678,0.0615883756,6.0,0.0,0.025,0.0227777569,0.0340394878,-0.014809182,1.2738919668,0.0209429681,0.0130883428,0.1312906386,0.1353588134,0.0,1.6647103085,0.0709473883,1.6647103085,0.0709473883,5.4748085449,5.7300147648,0.1505085033,0.0,0.0,1.0,0.0,0.0,0.7428075176,5.0,-2.945455575,0.0920644141,-0.189824431,0.0565228958,-28.1717569,0.0440512142,4303.1166557,0.03476008,16.639199118,2.77863e-05,0.0125488499,0.0330873177,0.0022027459,0.0948138085,-0.015371855,0.0,0.0007123141,0.6403976014,-0.058768248,7.0,17.460592724,1.8429296604,0.0,0.0308888759,0.0196643815,0.0274398526,0.3042403402,2.7921372243,1.054086e-10,1.2688409e-08,1.1210243672,1.2566956318,0.021596559,0.0340412971,-0.343669221,-0.054879185
13412,0.2718445142,-0.143096304,2.76724705,0.0,0.047559386,0.0389866621,-0.23509717,0.8465780187,0.0162039955,1.3040890356,-0.512398052,-0.314083618,-0.577787733,-0.060417015,0.3140836184,14.0,0.0,0.8333333333,-0.399564691,-1.461642963,-0.552717948,0.3612982241,2.2212111297,-0.040049156,4.5602109843,0.7639945694,0.0,13.76303499,5.8571308481,13.76303499,6.2131521364,0.1614282956,3.502486911,-1.86578839,0.0,0.0,0.0,0.0,0.0,-0.417826385,4.0,-2.836791167,-0.06301961,0.8299941293,-0.147576959,-1.205905387,0.0171370565,-17026.8688,0.0629453635,12.788233429,-0.006817657,-0.074732167,-0.096623187,0.0168126102,0.5292534223,0.2927231528,0.0,-0.198795181,1.0008406722,-0.116333462,1.0,14.148819401,2.4483594108,0.0,0.0761905238,0.0418596566,0.0710672196,0.3605732709,3.1937101167,7.0859591e-09,8.6211378e-09,1.1007957638,1.2117513136,0.0522787963,0.2106526296,-0.310237057,-0.107827317
77202,0.2643959458,-0.949635143,-36.97704485,0.0,2.4567814319,3.7845720607,-0.37589688,-0.161293656,0.4459943515,-0.046378322,0.1761087038,-0.295251475,-0.927394681,-0.068948562,0.2952514751,30.0,0.0105647654,-0.139423077,-0.03504573,0.3944703501,0.1266828911,1.2921630094,-0.296855359,0.0459116897,-0.771202011,0.233723461,0.0,0.4037516749,-0.330021524,0.2909860531,-0.395107159,89.35883905,8.9217597471,-0.215153154,0.0,0.0,0.0,0.0,0.0,1.2034619476,4.0,0.798545464,0.2214232523,-0.143431357,-0.17534965,1.2903608354,-0.252552178,-11510.33786,0.0260918659,8.8511895199,0.005101055,-0.03525641,-0.269038355,-0.007912423,0.1021369069,-0.069513705,1.0,-0.008170999,-0.707475705,-0.046198266,2.0,11.203987344,3.7578115788,0.0,0.1810345203,0.0608625588,0.0841853569,0.7553110658,7.1915567289,6.6812434e-07,1.0009894e-08,1.2949646898,1.6769335478,-0.094636222,0.1214671618,-0.482901775,0.1163368332
77090,0.9725087109,-0.02127126,-2.845371963,0.0163684171,0.4961210451,0.6860124578,0.0416136511,-0.041579481,0.1067491152,-0.006499188,0.0145760112,-0.090683095,-7.109899448,0.1299652623,0.0906830946,30.0,0.0002266942,0.0,0.0381152529,-0.210860398,0.070623931,0.147259366,0.1142044308,0.0087978874,-0.045070268,0.4272941199,0.0,1.6228503056,-0.150916728,1.5856430155,-0.150882382,4.3376858386,9.5167687068,0.2268714317,0.0,0.0,1.0,0.0,0.0,0.1706156581,5.0,0.5711526238,0.0665985197,-0.21572746,5.4815698527,0.0876003719,-1.622175215,-16179.7763,0.0456208962,13.340451773,-0.000341293,-0.002456463,-0.004081467,0.0740904475,0.0631676359,2.8719744335,0.0,-0.005549626,0.1703084534,-0.093631275,4.0,12.907353088,0.5394728485,0.0,0.030873483,0.0150043794,0.0301027354,0.2414995371,0.4958619514,8.8649993e-09,5.3901051e-08,0.3966152581,0.157303663,0.4535694506,0.0443961272,0.0756275608,-0.071440083
77117,0.4472835961,-0.107614348,0.9128262517,0.0189970058,0.8358317997,1.6370931585,0.0189988695,-0.109705647,0.142376423,-0.017541235,-0.034471537,-0.17967601,-2.274319386,0.13713505,0.1796760096,30.0,-0.018786234,-0.15942029,-0.361016775,-0.018949513,-0.073155913,0.2175332626,0.2099321576,-0.020252324,-0.222863099,0.4395961928,0.0,2.314982206,0.1091016896,1.6203993162,0.1856856868,6.8077426646,12.413833833,-0.064202302,0.0,0.0,1.0,0.0,1.0,0.310081998,3.0,-1.462587064,-0.384118089,-0.162759494,0.0278621226,-0.776322667,0.2146891215,-16808.03646,0.0629453635,13.461207443,0.0024454845,0.0093248623,0.0275213761,0.1746264264,0.0421517237,0.0121988182,0.0,0.0,0.2508435437,0.0528742811,2.0,14.027854153,1.8008348119,0.0,0.0582524054,0.0361485816,0.0478180667,0.3582352587,3.8437198567,4.9693064e-09,1.1347287e-08,1.2040629122,1.4497674966,0.0434314806,0.0457830702,0.0390999195,-0.107827317
77114,0.4585733816,0.0999788452,27.02100851,0.0,0.6221195339,0.5939105575,0.1498128977,-0.073601622,0.1485536159,-0.128457992,-0.11127397,-0.112153263,-1.260446519,0.2259968327,0.1121532628,30.0,0.0,-0.151976496,-0.111174197,-0.023229472,0.7271818846,0.1067046978,0.1096797123,-0.007220756,-0.017076776,0.6314614941,0.0,18.260380117,0.3269523132,18.260380117,0.3269523132,33.305791947,0.7148174904,0.1725156643,0.0,0.0,1.0,0.0,0.0,0.3090665909,7.0,1.9607337385,-0.0277192,-0.177790498,-0.217292793,-0.011508998,-0.085718406,-3845.990723,0.1116995972,13.996106562,-0.002279331,0.0121522707,0.0306803692,0.0113631379,0.0148047614,0.0157090809,0.0,-0.00058023,5.559846925,-0.210770423,6.0,14.253808824,1.098969948,0.0,0.0445158742,0.0234826279,0.0402221988,0.2979517122,1.2889038786,3.6771876e-09,2.55058e-08,1.303947317,1.7002786055,-0.033435751,0.0790292797,-0.400096902,0.0472491512
77217,0.3429163116,-0.04591922,0.8697344229,0.0259030506,0.6411793854,0.3267328613,0.1664475646,-0.041183396,0.0604347487,-0.045283813,0.0701422534,-0.071019199,-1.824428551,0.0378571159,0.0710191992,28.0,0.0191888308,0.0432692308,-0.054783292,-0.152294284,0.0131222776,0.0427089434,0.0743853618,0.0174057722,-0.210860906,0.1409208513,0.0,1.9170664468,0.2313249555,1.4455060204,0.0805103163,3.4552128022,8.613104736,-0.071923114,0.0,0.0,0.0,1.0,0.0,0.1388539827,5.0,1.9068085308,0.0199874265,-0.163751712,2.2215284858,8.6889830473,0.4526313199,-10116.60423,0.0642007103,13.658207167,-0.001030681,0.0058332858,0.0149446844,0.017830344,0.1256188933,-0.280422708,0.0,0.0017636684,0.1415779888,0.0923624486,3.0,13.980183191,1.4994323831,0.0,0.0254237447,0.0195175175,0.0294530093,0.2787785337,2.1473881047,2.0715226e-09,1.3950286e-08,1.4688054834,2.1573895479,0.0258687312,0.0480936626,-0.028791666,0.06707331
77165,0.238740813,0.0588163621,151.68883266,0.0565736197,0.1535471225,0.8451948939,0.21819937,-0.022093129,0.4936250942,0.0042910938,-0.078348176,-0.111565531,-0.752515023,0.1030765582,0.1115655307,31.0,-0.059733569,-0.051094891,-0.024554251,-0.190568333,0.0764506153,0.1337736924,-0.044115583,-0.037046854,0.0178644885,0.507780442,0.0,2.2470859447,0.0551767952,0.7701189573,0.2930961664,454.11939356,12.927388266,0.4800356726,0.0,0.0,1.0,0.0,1.0,0.838195418,7.0,0.0822883157,-0.104276445,-0.123598004,0.1677789463,-0.070490372,0.0973705938,-14578.93664,0.0431411127,13.449142436,0.005552503,0.0483090939,0.0793792836,0.0171295354,0.0013238007,-0.005660819,1.0,0.0014684288,-0.121986472,0.0216240962,8.0,13.483877853,1.1844924777,0.0,0.0263662133,0.0168276644,0.0213765459,0.3907219123,3.9698673022,1.6988036e-09,1.2983477e-08,0.2954632423,0.0872985275,0.5115917697,0.0326326144,-0.076436024,-0.010149049
77182,0.9500805748,-0.027317484,-2.870447205,0.0208157209,0.980018924,0.8544357814,0.0558444912,0.0165466225,0.1969048083,-0.022042616,0.0611209139,-0.070101537,-4.912669127,0.1068842747,0.0701015367,29.0,0.0204389683,0.0267857143,0.0513498987,0.2054263067,-0.028458609,0.3172300082,-0.151679753,0.0418443733,-0.025621145,0.2365257912,0.0,2.267366136,0.0986062913,1.3989146165,0.0441831385,7.8972049689,4.7358227023,0.0392212239,0.0,0.0,1.0,0.0,0.0,0.3608153279,4.0,1.3547419694,0.0288418971,-0.151218844,0.7062286361,6.1811210433,0.1936316377,205.78137893,0.0232852488,15.344777029,0.0342923876,-0.004799516,-0.009780262,0.0027180694,0.1905110893,0.022930118,1.0,-0.004648215,0.8106085569,-0.094252458,5.0,16.302704226,2.3367694274,0.0,0.0201124009,0.0147897747,0.0265856819,0.213741615,2.3788990988,2.230782e-10,1.0165067e-08,0.7417794179,0.5502367048,-0.004476997,0.0415304298,-0.325787783,-0.24467985
77191,0.1531023444,0.0288791601,35.176297608,0.0049669277,0.1665034109,0.3986235831,0.1139077679,0.0832453949,0.2195468851,0.0034202651,0.0008097317,-0.028884063,-0.307383703,0.0377561433,0.0288840634,30.0,0.0,0.05,0.0729983161,0.0390166877,0.035373611,0.0940332998,0.0503448134,-0.007669773,0.1898345639,0.3356181435,0.0,1.2562985941,-0.002967981,1.2562985941,-0.002967981,19.29249916,4.0830260647,0.1912570953,0.0,0.0,1.0,0.0,0.0,0.4911285728,6.0,-0.632890173,0.0293402943,-0.081874963,-0.229858606,-1.682096774,0.0638880081,1406.5826806,0.1086739101,15.827337944,-0.009977474,0.0330372799,0.0695689366,0.0171988603,0.0646473867,0.015357196,2.0,0.0004017678,0.2805320438,0.044614573,5.0,16.050087825,1.2563070867,0.0,0.0193501655,0.0204605734,0.03176222,0.3839722216,2.876300526,4.069566e-10,1.907841e-08,0.8444863424,0.7131571826,0.0370459895,0.0389152976,-0.585713942,-0.049938477
77175,0.2228596778,-0.043347844,4.7601986393,0.0,0.0999190922,0.1665350061,-0.196757506,0.360626546,0.1819690756,0.2207131481,0.0074002698,-0.095550815,-0.617206103,-0.01659329,0.0955508149,30.0,-0.038699548,-0.070247934,0.3647827313,0.5837737244,0.3189569243,0.4199623352,0.1624027124,-0.020256388,0.6144227973,0.5844475916,0.0,2.5830919535,0.1222614892,2.2564681624,0.2273901879,1.1599499408,6.5670460541,-0.332667716,0.0,0.0,0.0,0.0,0.0,0.3127154904,6.0,0.1751844748,0.1345189235,-0.107829611,-0.18060262,-0.564890609,-0.034307268,-15843.74111,0.0642905452,11.931782222,-9.8897e-05,-0.023073681,-0.037400994,0.0164058328,0.2756585834,-0.111294466,3.0,-0.002743484,0.2310710426,-0.029625662,2.0,13.288605467,2.0019985274,0.0,0.078534022,0.0365225056,0.0661797989,0.2782483219,2.4998108774,1.8677636e-08,1.2176474e-08,1.6178893541,2.6175659622,0.0206242098,0.0766191428,-0.825979315,-0.091892872
77178,0.0685722162,0.0623214624,9.5047124215,0.021343533,0.2156406678,0.2313261315,0.3032678832,0.1586222397,0.5867842895,-0.00530504,0.06006708,-0.038863003,-0.165100077,0.0726107407,0.0388630034,30.0,0.01639899,0.0975609756,0.5446136855,0.6505342451,-0.038665167,0.3119085174,-0.066065739,0.0643928752,0.6373210466,0.4716833414,0.0,1.679775751,-0.213401625,1.4096728307,-0.232166146,2.7038827131,9.3785973736,0.3494663443,0.0,0.0,0.0,0.0,0.0,3.3498436729,6.0,-0.910392556,0.2420341687,-0.62733143,-0.074512871,-2.199492472,0.1910755331,126259.96824,0.0740556467,18.868264942,0.0039613418,0.0721710645,0.3421792834,0.0192277873,0.3010184287,0.0587245876,2.0,0.002325942,2.0935782475,0.1544594539,6.0,19.729698562,2.1773630952,0.0,0.0968911573,0.037226366,0.043060478,0.3981639032,5.1556858401,1.593873e-11,9.8182424e-09,0.8321016137,0.6923930954,-0.004180309,0.0438145721,0.0904399681,-0.091892872
77259,0.6320802849,0.1007863366,-1.316280992,0.0,0.425489205,2.1674140508,-0.031102733,-0.100142334,0.3908092721,0.0,-0.340127861,0.2927703751,3.2430349733,-0.226067278,0.2927703751,30.0,0.0279338578,-0.133027523,0.1374866746,0.1939693447,0.1043159421,0.1548128342,0.0377453855,0.0348718991,0.1915756279,0.5648343125,0.0,1.8815012651,0.1289007591,0.5529940961,-0.16995084,49.97107438,12.339795918,0.2529723695,0.0,0.0,0.0,0.0,0.0,0.8527987386,6.0,3.9930877794,0.1142123472,-0.311607999,0.3570393631,-4.18592051,-0.134461356,-8266.789889,0.0345323743,9.2375507655,0.0,-0.055586939,-0.093005671,-0.102250818,0.0153413749,0.0008878306,0.0,-0.030003683,-0.481846237,-0.004458059,1.0,11.765776557,5.3325859492,0.0,0.044943776,0.0355590556,0.0499025798,1.103103071,39.12913688,2.933909e-07,5.2233756e-09,0.0340767013,8.1460812957,-0.356901214,0.2729889101,-0.629075675,-0.145662284
77274,0.2491443789,0.0016835929,4.1041084614,0.0474143571,0.686933293,0.3379367966,0.1996773496,0.1100167135,0.3514693235,-0.009478673,0.2875798548,-0.123736869,-45.71560737,0.1118015211,0.1237368688,30.0,0.0117046311,0.1525423729,0.0997817275,-0.254459776,0.0296373986,0.2636736148,-0.029065108,0.0235286482,-0.191920089,0.2293445261,0.0,1.403527244,-0.547893373,1.2558568044,-0.582763445,2.9886212323,5.0375433585,0.0359566188,0.0,0.0,0.0,0.0,1.0,0.9179134295,4.0,1.1819758911,0.0380760235,-0.025462186,0.0052924402,5.7315270643,0.1985488841,67311.589379,0.0232852488,18.125382188,0.0062419922,0.038126618,0.1315535705,0.0096279164,0.0984977198,0.0014660741,1.0,0.0138869005,0.278634913,-0.042168285,6.0,18.876883671,1.7974064953,0.0,0.0214788895,0.0147101109,0.0207587088,0.1703305295,1.159748134,2.261885e-11,1.7008663e-08,0.1459827254,0.0213109561,0.1432808102,0.0350296846,-0.108357085,-0.24467985
15627,-0.109787948,-0.002331635,12.600465743,0.0,0.3974573511,0.0632435943,0.0422391171,0.0771883135,0.1086723077,0.0547086915,0.0538016548,-0.025864841,-3.077112934,0.004843069,0.0258648411,6.0,-0.000226526,-0.068587896,-0.409674464,-0.146922038,-0.069201135,0.1656731163,0.1249378689,0.0334907611,-0.000829493,0.3879141067,0.0,5.0656061486,0.3643443922,5.0613789714,0.3654228472,0.7883249321,10.517252082,0.0155976864,0.0,0.0,1.0,0.0,0.0,-0.147912963,4.0,0.8375632968,0.0722342895,0.0220653217,-0.146282564,0.0092459457,0.0040672943,2082.3853166,0.0633299066,15.725167203,0.0041686279,0.0091824643,-0.025613615,0.0074653471,0.3002897373,0.0333901,2.0,0.0007638447,2.8707012823,0.1561140774,7.0,16.822573002,2.2585231064,0.0,0.0376187488,0.0203621234,0.0299679426,0.2044096972,1.6492246375,2.847308e-10,1.44018e-08,1.9932536826,3.9730602432,0.0982435291,0.0575394741,0.0588972627,0.0171249485
15902,1.1096021288,-0.39280864,-0.141025708,0.0,0.0821819949,0.1223534058,-5.338603426,0.6119617851,-0.528072242,3.8816859749,-0.679654638,-0.053712797,-0.132084771,-0.340924601,0.0537127969,6.0,0.0,-0.111111111,-0.58214876,0.1133467352,2.0062880864,0.1017964072,-0.529191617,-0.016882607,3.0433862434,0.9550361289,0.0,24.636178862,5.8571308481,24.636178862,6.2131521364,0.1094088116,7.4792899408,-1.429177719,0.0,0.0,0.0,0.0,0.0,-1.425749559,4.0,-0.376939389,-0.245193374,-0.136925114,0.4337359537,-0.976079718,-0.652639839,-4718.676793,0.1116995972,10.32562487,0.0010044815,-0.146578673,-0.15033432,-0.001309654,0.6759247766,-0.147951904,0.0,-0.123468721,-0.819677871,-0.037320742,1.0,11.14257135,1.1739230064,0.0,0.0729614049,0.0402113964,0.0595594032,0.4965666392,1.1178706042,5.513598e-07,4.5599692e-08,1.8575505869,3.450494183,-0.250606998,0.2165674894,-0.72990639,0.0472491512
15643,0.434958314,-0.012408731,6.515959495,0.0,0.5076428591,0.0659954781,-0.036187089,1.4771095945,0.0731209207,0.7003317828,0.7017722146,0.0143222513,0.8338120119,-0.02275528,0.0143222513,6.0,0.0022263296,0.7708333333,0.0740911134,-0.055930028,-0.021230474,0.0310645702,-0.299746646,0.4040183934,5.3001095642,0.3751861799,0.0,1.2622415561,-0.088199344,0.9482202371,0.0620946635,1.3024192865,9.6928873987,0.0152524668,0.0,0.0,1.0,0.0,0.0,0.2040724306,1.0,-0.051022484,-0.007088192,0.7332516564,0.0314960165,0.1028019634,-0.040469258,-2393.356107,0.0642905452,15.250132511,0.0059099383,0.0015638898,0.0039192997,0.0251570137,0.0584830552,-3.110505078,1.0,0.0038636364,-0.163809946,-0.026395113,3.0,17.600975528,6.8358581652,0.0,0.0995057151,0.0421227764,0.0735117911,0.2532410662,10.804664673,2.193129e-10,3.4761926e-09,2.141340398,4.5853387,-0.010619304,0.0892656623,-0.830748966,-0.091892872
15530,0.2162769406,0.112705271,7.9536464384,0.0,0.3384408665,1.0550353061,0.3292595528,0.329626833,0.6723787171,0.0045040271,0.0604766964,-0.051067028,-0.220188713,0.1375216996,0.0510670275,6.0,0.1149710043,0.6968325792,0.4482156481,0.3248079329,0.2295075935,0.1922472932,-0.260723599,0.2591343911,1.2056067117,0.3970265391,0.0,1.4837593722,0.4493475974,0.7638546757,0.3610497029,13.395699582,42.284519501,0.4137615379,0.0,0.0,1.0,0.0,1.0,2.7913034582,8.0,28.898439784,0.5177010194,0.3877219439,-0.176752693,-2.75956386,0.1212059963,-20171.26132,0.0580772554,12.990637495,0.0044882113,0.0442450987,0.1134820203,0.0565775616,0.0417802226,-0.038896261,0.0,-0.001196172,0.1766104569,0.0172188297,5.0,13.326859722,1.1959469445,0.0,0.0278637391,0.0227614421,0.0384513627,0.2997647847,1.5112642459,7.7036572e-09,2.0470265e-08,1.9838983858,3.9358528053,0.1210880919,0.0626071068,-0.045482685,-0.107827317
77338,0.231744565,0.0210011463,98.86552384,0.004860537,0.2995267212,0.1222232662,0.0610376742,0.3266846689,0.2241494514,0.0076849183,0.5718927701,-0.027313053,-0.60587554,0.0337252272,0.0273130534,29.0,-9.493588e-06,0.1178614824,0.0298688231,-0.10398786,0.0269132649,1.2724358974,0.2506086569,0.0019106627,0.1040782141,0.0599105841,0.0,0.7168630339,-0.140481402,0.6356979218,-0.153744129,17.927667856,4.9060003551,0.1322804801,0.0,0.0,0.0,0.0,0.0,0.4053350752,4.0,-3.097041161,0.0313424891,-0.096962949,0.1538753705,-28.65831596,0.0361181736,30623.047656,0.03476008,17.720004555,0.0007018434,0.0088446192,0.0190094867,0.0007203566,0.0148558039,0.0001667752,1.0,0.0001569049,0.3888665706,0.0271273621,5.0,17.667627827,1.0630423083,0.0,0.0367694348,0.0166613661,0.0215413662,0.520993918,5.1823822046,4.87587e-11,1.7251592e-08,0.6249154285,0.3905192928,0.0256378131,0.0253565335,-0.129467141,-0.054879185
77366,0.2987209219,-0.056121036,3.0323392667,0.0008360635,0.5769571837,0.7027442804,0.0389890002,0.0102277526,0.3566518137,4.24637e-05,0.0936653271,-0.180237839,-2.798084044,0.10091034,0.1802378393,29.0,-0.05282471,0.0,-0.065607799,-0.011595803,-0.070649997,0.1154279904,-0.028645934,-0.029323434,-0.119513444,0.4260261224,0.0,2.3324618168,0.5461472298,1.4314415547,1.2511911772,4.3413753452,11.173551163,-0.069992567,0.0,0.0,1.0,1.0,0.0,0.8494252319,3.0,103.79230449,0.0528512584,-0.066591153,0.2361080804,-0.042033666,0.0290024964,-2463.735239,0.1707603697,15.214702185,0.0309559845,-0.002199033,-0.004276282,0.0741116933,0.0689340103,-0.910438601,0.0,0.003257329,1.5662499747,0.0064045117,3.0,15.981593416,2.0770130376,0.0,0.0476409048,0.0303083912,0.045443232,0.2604427528,3.0443288856,5.71976e-10,1.0865291e-08,1.9039818954,3.6251470581,0.0566024053,0.0515332585,-0.123278932,-0.182629545
77393,0.3570212333,-0.07663418,3.9394803074,0.0,0.0475860066,0.0067767936,-0.449236432,-0.139697796,0.0114840849,0.0219753812,-0.099009205,-0.007676918,-0.043391932,-0.073308875,0.0076769183,29.0,0.0,0.0,-0.480512091,0.4984352774,-0.055098608,0.3621669627,-0.013095027,-0.022482029,-0.148372418,0.4169784806,0.0,5.6634058437,-0.360591152,5.6634058437,-0.360591152,0.0438520653,3.623015873,-1.375817839,0.0,0.0,1.0,0.0,0.0,0.012756841,2.0,-6.560256486,0.0013576724,-0.178004559,0.1131692945,5.0891028219,0.0134384885,-5477.001661,0.0232852488,12.240691367,-0.008090018,-0.058068777,-0.06274406,0.0040020559,0.4961741304,-0.347773236,0.0,-0.003968254,-0.135740153,-0.022002773,4.0,12.32343877,0.7612911715,0.0,0.118644163,0.0433362364,0.0698861757,0.3087058414,1.3602985807,3.649452e-08,2.7177292e-08,1.3209275153,1.7448495006,0.004044137,0.094649542,-0.29702903,-0.24467985
13599,0.3679737749,0.128906291,1.6106908604,0.0,0.4191403948,2.2012343772,0.3593001908,0.3372284593,1.0806017807,-0.049186055,0.6362252664,-0.04911016,-0.262059873,0.1626874572,0.0491101599,12.0,0.032803087,0.0647773279,-0.054672305,-0.57306311,-0.011790549,0.1353180518,-0.526241065,0.3091020263,0.1068442894,0.6111767134,0.0,1.9069804357,0.0875978737,1.266280408,0.0567401443,9.5012082506,55.559172344,0.4812281637,0.0,0.0,0.0,0.0,0.0,5.4723341553,4.0,-10.44581014,-0.683308299,-0.253797102,0.0128535381,-1.717407209,0.3052640104,-5725.506452,0.02204135,10.801634705,0.0030906398,0.0421175634,0.0900915587,-0.017889084,0.2636215723,-0.037054509,0.0,0.0029542097,0.1002625365,-0.038124318,5.0,10.422306394,0.7853322743,0.0,0.0402685255,0.0237648879,0.0424198495,0.5539322946,1.7896177227,1.4777218e-07,3.8841318e-08,0.7729126365,0.5973939436,-0.052185998,0.0596125017,-0.273215327,-0.24467985
92871,0.4321703106,0.0485909848,1.7401081068,0.0151916335,1.598585485,0.3669960274,0.009021308,0.0818530291,0.0561474415,0.1136730797,0.0716869855,0.0917504212,3.8278074465,-0.137405949,0.0917504212,21.0,-0.006295363,0.0051903114,0.0721709519,-0.067674189,0.0023129516,1.1012726352,0.2236015344,-0.007734425,0.2589775093,0.1266360292,0.0,6.5228837131,1.7309538649,5.9611159498,1.8800724795,1.7769538825,7.1467828022,0.0451301882,0.0,0.0,1.0,0.0,0.0,0.1449856247,3.0,1.9710927308,0.0252623457,-0.201830632,2.3107824849,-1.215515875,0.2773682553,-9247.565476,0.0642007103,14.096105104,0.0040831988,0.0159054512,0.0752187627,0.0413104272,0.1570942136,-0.004883824,0.0,0.000322248,-0.046611233,-0.060239923,3.0,14.825992882,1.4392702618,0.0,0.0552814975,0.0304745075,0.042547581,0.3515794641,2.8295093125,2.7251027e-09,1.5930913e-08,1.6107481843,2.5945097131,0.0089202797,0.0409525067,-0.617653169,0.06707331
77425,1.0846191425,0.0607738096,-105.4894458,0.0,3.4001960487,7.0574706903,0.0417196569,-0.001362949,0.1574862422,0.0223287351,-0.025570736,-0.093616876,-6.913190055,0.480914706,0.0936168756,29.0,0.0005877804,-0.024390244,0.0545451762,-0.155295398,0.3221934448,0.1672361297,0.1710710769,0.0371475008,0.0829806549,0.5167186179,0.0,1.0900058926,0.4975865639,1.0766447864,0.496528885,454.11939356,8.2435347084,0.1713844953,0.0,0.0,1.0,0.0,0.0,0.6345271126,7.0,0.0154242157,0.1549308443,0.0152983569,0.6690702511,-0.666789851,0.3189338659,-9572.429249,0.2470034686,11.903759246,0.0037179393,0.014020502,0.0516261209,0.2887549141,0.0010772671,0.026634931,2.0,0.0039267016,0.7423935241,0.0277978731,1.0,13.384905183,4.8292628774,0.0,0.0613742545,0.0482151063,0.0649847581,0.4507149613,11.255977428,1.0214227e-08,3.9295626e-09,1.4567124956,2.1220112948,0.0155200282,0.0813200644,-0.402158355,0.0980376093
77447,0.3326001024,0.0192329389,6.8075835962,0.0,0.0578794782,0.2818518888,0.1021371018,0.0421352862,0.326048729,0.0152347893,-0.170439617,-0.078633756,-1.564199378,0.0493170899,0.0786337557,29.0,-0.013143241,-0.0125,0.0054027458,0.3917462645,-0.028905613,0.1659747096,0.0585430056,0.0350760053,0.0907762169,0.5373943571,0.0,4.7101458913,0.3265977206,3.0991620969,0.414071636,3.0990715315,10.258830071,0.5983758958,0.0,0.0,1.0,0.0,0.0,0.3993816637,4.0,51.910547116,0.081452413,-0.09340577,0.5299996478,-1.026302239,4.1628154733,-3005.897431,0.0357482652,15.447395671,0.0032748668,0.0172400022,0.0199587097,0.0035292876,0.2922193752,-0.007619081,2.0,0.0011140629,0.3569075341,0.0193329443,6.0,16.277888898,1.849179779,0.0,0.0313860625,0.0229942739,0.0352186537,0.3514859864,2.6274411424,5.723219e-10,1.5288516e-08,0.5258520914,0.276520422,0.1534770651,0.0500801842,-0.210186335,-0.145662284
77496,0.8615574567,0.0520504182,-1.365637371,0.0,0.584168942,0.9643147211,0.0607857468,0.0702990585,0.2361010348,-0.018902167,0.1000642177,-0.090511979,-2.432614746,0.1786690331,0.0905119791,29.0,-0.026650953,0.004784689,-0.041970591,-0.161760794,-0.012766343,0.12269861,0.0765910893,0.0029943944,0.0510447187,0.435397138,0.0,2.2619540428,0.3852122468,1.4551974319,0.8384288114,7.1265587161,5.5877368319,0.2025162886,0.0,0.0,1.0,0.0,0.0,0.3820109285,4.0,0.0215118274,0.0431525819,0.0700157653,-0.002483943,-0.044389712,0.0466101854,8226.9000925,0.5623720727,16.008594484,0.0022241384,0.0183182446,0.0309084468,0.0200696561,0.0780625316,-0.021423266,0.0,0.000789177,0.8797467978,-0.079586459,7.0,17.091104895,2.5996894296,0.0,0.0786052793,0.0264896747,0.0398410223,0.4345145082,7.4410960793,2.222857e-10,1.0400699e-08,1.7599308212,3.0973564955,0.0305845639,0.0566744105,-0.066331095,-0.192209948
77501,0.379648467,-0.41485707,-0.809103427,0.0,4.3280853298,3.9677619369,0.0623040032,-0.015429666,0.2074071239,-0.00518032,0.0880653563,-0.143295617,-1.638838141,0.2650265191,0.1432956172,29.0,-0.001314336,0.0064676617,-0.055703905,-0.155336267,0.0248269296,0.3176616871,0.1670011986,0.0014089706,-0.527641936,0.332780025,0.0,2.6848019642,0.4936424608,2.0373677962,0.8186134017,6.7622943977,7.7729820817,-0.041005976,0.0,0.0,1.0,0.0,0.0,1.0043375622,4.0,-0.205704719,-0.577170646,-0.300058547,-0.243371221,-13.75976581,0.1684030836,-1915.174795,0.0553124103,14.94619429,0.0342923876,0.1181057403,1.1117093765,0.1177678464,0.1189938397,0.0320934821,2.0,-0.015058179,0.8437218878,0.0324473325,1.0,17.108601458,5.0112808916,0.0,0.0090180514,0.000980177,0.0021426546,0.1896404416,2.7193173212,1.509161e-11,7.8004077e-09,2.3327806618,5.4418656163,0.0716538812,0.088221043,0.6866214825,-0.010696088
77505,1.0814183997,-0.121103002,-12.70759702,0.0,2.7454023031,0.4863646826,-0.021355829,0.5383740643,0.1289412734,0.2072037673,0.8725850151,-0.034343484,-0.895346699,-0.012673829,0.0343434842,28.0,-0.000486791,0.1394799054,-0.104483937,0.5264167493,0.0105831862,0.9948408119,-0.085281838,0.0008983895,0.0586862821,0.0785214047,0.0,1.0234498876,-0.075619604,1.0221671147,-0.073482904,2.2922980019,12.430170778,-0.00583885,0.0,0.0,0.0,0.0,0.0,0.3140086787,3.0,-2.610308563,0.034640275,-0.075344526,1.0035492052,-28.49905527,-0.010280883,-14463.60634,0.03476008,11.708741057,0.0015695176,0.0138166391,0.0356581158,0.0109220257,0.0293463512,0.073627216,3.0,0.0011098779,-0.095778555,0.0024597719,2.0,10.741287922,0.4012554803,0.0,0.0853461698,0.0408888739,0.0580849426,0.8320892275,2.2472928007,1.0349659e-07,3.4734803e-08,0.9903752906,0.9808432162,0.0430661285,0.0569550878,-0.578663257,-0.054879185
77515,0.1369526596,-0.021244881,7.7548915558,0.0,0.0927145664,0.1932701362,-0.190370123,0.1045833624,0.2702627361,0.0352209945,0.3317191283,0.0001324562,0.0013602358,-0.021273779,0.0001324562,29.0,0.0151662325,0.045751634,0.3593956435,-0.481474172,0.8813593642,0.191077194,0.0200434044,-0.028550189,-0.006082002,0.7181648825,0.0,2.3371638431,-0.217138366,2.0732140742,-0.218294067,1.9340659341,3.1391692091,-0.223112298,0.0,0.0,0.0,0.0,0.0,0.4066552483,4.0,1.0573106417,0.3746518083,0.0081699571,-0.266509638,2.1432766244,-0.038987757,-16159.2779,0.0642905452,11.898372898,7.96622e-05,-0.036817985,-0.053469624,0.0029932235,0.5388216933,0.0479761771,2.0,0.0038986355,3.5272960922,0.2569124885,2.0,13.823496355,2.8929361505,0.0,0.0663899779,0.0360215719,0.0715239305,0.2471426765,3.8910385624,1.7439366e-08,9.4998604e-09,2.1630084016,4.6786053452,0.1476665874,0.1248458498,-0.332126012,-0.091892872
77520,0.3856191201,0.0552677605,0.5504714324,0.0062113147,0.7099273882,1.1839930414,0.087000313,0.0959444308,0.2925370826,-0.006757473,0.1305458817,-0.057722932,-1.099040037,0.116009242,0.0577229324,29.0,-0.012825952,0.0221840561,0.0119782335,-0.057353434,0.0220961106,0.1625239006,-0.041826004,0.0302073534,0.0442217394,0.4358449707,0.0,1.2990365172,0.0048190807,0.7119067444,0.2442407926,8.1759449558,10.688901869,0.135236824,0.0,0.0,1.0,0.0,0.0,0.7867054454,7.0,0.1404736112,0.0626790093,0.0212809175,-0.07087157,-0.081981283,0.0637848157,-901.8077855,0.0376507894,16.066449759,0.0016246238,0.0204551352,0.0577701303,0.0248216624,0.0600543509,-0.010187747,0.0,0.0048151473,0.9077188744,-0.048617638,7.0,17.34852388,2.4261688846,0.0,0.0336162113,0.0226809456,0.0341309402,0.2656105428,3.1507137787,1.627683e-10,1.0705202e-08,1.2504127895,1.5635321441,-0.005803523,0.0412395302,0.1819087746,-0.028114825
83738,0.4663308035,0.0449546037,-2.27297683,0.0278537839,3.4677952029,0.2644993462,0.0204601942,0.2488274008,0.0202200037,-0.008336778,0.2776363719,-0.011395148,-0.897878932,0.0853183953,0.0113951483,25.0,0.0,-0.018716578,-0.08944049,-0.242660883,-0.066387992,0.2255130104,0.2417339558,0.0009613188,0.0694950653,0.6203422944,0.0,0.8518477481,0.1988355622,0.8518477481,0.1988355622,0.2056736308,0.1670776082,0.0176226875,0.0,0.0,0.0,0.0,0.0,0.146078873,5.0,-2.956388779,0.0713702573,-0.233541009,0.388461609,-28.51549506,0.0877113417,-14038.26171,0.03476008,13.177812498,-5.5487e-05,0.0029947195,0.0260960934,0.0052616453,0.2294252996,0.0086831738,0.0,0.001746491,-0.291065127,0.0146318669,4.0,13.520929807,0.9122537171,0.0,0.0384720117,0.0163312943,0.0234246052,0.3433001655,1.3541753855,7.1690929e-09,3.2212341e-08,0.9163702229,0.8397343855,-0.005433201,0.0336286007,0.0533744773,-0.054879185
15623,0.3050324854,0.0689563492,2.2468627834,0.0197240499,0.2298403874,0.3363150702,0.2904202924,0.4466682528,0.2532154087,0.0407942128,0.5051608311,-0.130178622,-0.853870723,0.127836157,0.1301786223,6.0,0.0381636189,0.0556673374,0.3157616909,0.0432659752,0.3540757465,0.0767536454,-0.211591668,0.0628114559,0.405512291,0.5227752882,0.0,18.476107192,0.6292069456,16.725425387,0.5776432687,1.4955089204,14.071267146,0.3780691557,0.0,0.0,0.0,0.0,0.0,0.4313802975,7.0,2.0550145996,0.0252540331,-0.151353606,2.1836446596,-0.670817514,0.542610361,-6357.294006,0.0642007103,15.254884802,0.0137844769,0.0525262217,0.0815276347,0.041592032,0.3933123701,-0.007330949,1.0,0.0069489685,0.9940467872,0.0816931892,6.0,16.011283517,1.8262017126,0.0,0.04620222,0.0220034714,0.032933415,0.2084655946,1.712311562,4.235741e-10,1.2583447e-08,0.2595508979,0.0673666686,0.6027547372,0.0397373653,-0.95822118,0.06707331
77610,0.0833564211,0.0121806359,13.269938686,0.0025978331,0.032559812,0.0391676874,0.2810050851,0.1330804521,0.3102074084,0.0033904016,0.1548583127,-0.012907087,-0.115616471,0.0135889181,0.012907087,27.0,0.0231339864,0.1254019293,0.0584682744,-0.380040801,-0.007034464,0.3354229996,-0.060800008,0.0511946093,0.1247955812,0.7114543502,0.0,5.6050315228,0.1423686002,5.0497999515,0.1195590452,0.5874826029,4.823065677,0.5127852055,0.0,0.0,0.0,0.0,0.0,0.4282239013,5.0,0.1373189589,0.0285979859,0.0878202523,-0.320105876,-0.119639053,-0.00412506,-5417.393987,0.0642905452,15.612216153,0.0019894511,0.034136735,0.0464988463,0.0032547467,0.5522525341,0.0807805537,1.0,-0.000643425,0.3203837612,-0.046795027,6.0,16.509028284,1.7990497169,0.0,0.0468601026,0.0279690792,0.0437312892,0.2632570717,2.7556353928,4.519575e-10,1.3459927e-08,1.1461185486,1.3135877275,0.0139304199,0.0486506208,-0.12137073,-0.091892872
77605,0.3009372475,-0.00161013,15.284016941,0.0006479792,0.3033917142,0.1946490235,0.034992197,0.006936038,0.2271879601,0.0155556973,-0.07412512,-0.051840501,-19.3902439,0.0296106857,0.0518405008,29.0,-0.007433732,0.0555555556,-0.076571961,0.13139493,-0.057160574,0.4417781275,0.0563308691,0.0010796663,0.1044173813,0.1668659064,0.0,1.818527574,0.883157092,1.4515077425,1.263793806,5.1045314109,6.4748530372,0.0647811071,1.0,0.0,1.0,0.0,0.0,0.4743820711,3.0,51.476010553,0.0241809843,-0.025350215,0.498336793,-1.156148092,4.1431090691,43404.933049,0.0357482652,17.911177423,0.0044091425,0.0134432752,0.0262827751,0.0044322793,0.0659409606,-0.003495494,1.0,0.0002304678,0.0127031351,-0.02833848,5.0,18.227469983,1.2980511311,0.0,0.0452674776,0.022791424,0.0274615998,0.4404793396,2.60569178,4.55218e-11,1.7353975e-08,0.9045586132,0.8182262848,0.0485519476,0.0316793056,-0.012869682,-0.145662284
77649,0.2387120547,0.0244432917,51.982630288,0.0082320504,0.1650262327,0.1911373762,0.0945091182,0.211754057,0.2918367099,0.0050515755,0.3289706359,-0.048706452,-0.73537997,0.0424183988,0.0487064515,29.0,0.0111346175,0.0,0.0252809814,-0.013808094,0.0152648343,0.158231941,-0.00224707,0.0630098301,0.1435273416,0.2387816311,0.0,2.0967504153,-0.126422078,1.5515763427,-0.186474528,14.091075631,5.0992589505,0.2622948658,0.0,0.0,0.0,0.0,0.0,0.4549977666,4.0,51.915502724,0.0578825625,-0.08090577,0.4361116002,-0.856408951,4.1559167822,8735.4115886,0.0357482652,16.926063914,-0.001419191,0.005769024,0.0106183209,0.0216000445,0.0326309889,-0.134505512,1.0,0.0006853339,0.240544689,-0.046424541,6.0,17.126187245,0.992449589,0.0,0.0257682744,0.0206707237,0.0253287042,0.237790482,0.9438214837,1.559624e-10,2.6086892e-08,0.66219387,0.4385007215,0.1930506496,0.0309038462,-0.150174849,-0.145662284
77629,0.1786919434,0.022772611,31.279938028,0.0026594144,0.1193119428,0.2736860972,0.1296929844,0.0597598267,0.2024391766,0.0060273973,0.0165220459,-0.112189514,-1.84125135,0.0647027118,0.1121895143,29.0,0.0,-0.142592593,-0.122414512,3.03061e-05,0.0132361548,0.1020046485,0.0475912763,0.0045752391,0.1494358125,0.2104584167,0.0,0.9373636247,-0.33514214,0.9373636247,-0.33514214,12.849170667,8.1899312615,0.2500211873,0.0,0.0,0.0,0.0,0.0,0.4657637447,5.0,4.0700140561,-0.082780587,-0.18281357,1.2283010769,-1.738624583,0.26105113,-3018.814667,0.3461731473,14.114188968,-0.000806342,0.0160668938,0.0352618303,0.0118799129,0.0304524058,0.0276521812,0.0,0.0007233273,1.1118766913,0.0169961181,5.0,14.219452476,1.330331255,0.0,0.0444533676,0.0209820981,0.0266651896,0.4072398736,3.0841221643,2.0668528e-09,1.812248e-08,1.6123248825,2.5995915267,0.0162338917,0.0439917893,0.0051353088,-0.094679308
15539,1.0991928117,0.0558553772,-15.19012396,0.0076244804,5.9184096713,0.2980165166,0.0231827573,0.3423044283,0.0467271891,-0.01844431,0.4255125694,-0.004716146,-0.516979558,0.0847314654,0.0047161464,6.0,0.0,0.0972222222,0.1490952218,-0.221517922,0.0937737764,0.0574997365,-0.237704788,0.0004751343,0.0213178714,0.686726184,0.0,1.1302710137,-0.057236722,1.1302710137,-0.057236722,0.7629057851,0.048635164,0.0121030369,1.0,0.0,0.0,0.0,0.0,0.226983584,5.0,0.0305738614,0.0013629267,0.0821509928,-0.00797437,-1.430256363,-0.068639109,-6661.038642,0.0256085935,12.554361368,0.0004552792,0.0032092491,0.0219638354,0.0066288491,0.1176159695,-0.001339374,1.0,0.0043695381,-0.298014716,0.029969072,5.0,11.509313508,0.3120543484,0.0,0.0154738724,0.0114033638,0.0223612855,0.3153129057,0.4592230461,2.506054e-08,7.7892253e-08,0.7014229551,0.491994162,0.0679419657,0.0331103458,-0.218543086,0.0732063074
77660,0.3891839892,0.071160243,4.8963626479,0.0,0.8766570077,0.2821562794,0.1056023238,0.0088641017,0.1020718827,-0.068708113,0.0234021981,-0.075669586,-1.340142518,0.1665251102,0.075669586,29.0,0.0,0.0084325397,0.1210879785,0.0939084306,-0.407084963,0.1481481481,0.2663622527,0.0002020692,-0.022417526,0.7193927761,0.0,53.637161668,0.1759948433,52.180412973,0.1759948433,4.2016108734,0.2407100319,0.0838274302,0.0,0.0,1.0,0.0,0.0,0.2401817178,5.0,1.6516854447,0.0755988253,-0.017381463,-0.286682186,-0.73034411,-0.145190128,1187.2173571,0.1116995972,15.722717003,0.0007949875,0.0320455303,0.1044713748,0.00506161,0.0617307959,0.0037216206,0.0,0.0072954041,0.2455854793,0.1129992108,5.0,16.438860531,1.4929223744,0.0,0.0491154045,0.0303766192,0.0407503035,0.3532426857,1.8611115422,6.796733e-10,1.7952342e-08,1.4558708998,2.1195600769,0.0420567257,0.063561748,-0.658538797,0.0472491512
77661,0.4979651298,0.1396837933,2.9124439392,0.0096773125,0.2943568839,0.930048936,0.2528045381,0.2698561254,0.4218207198,-0.021934066,0.2958267067,0.1696507191,0.8720245222,0.0178761002,0.1696507191,30.0,0.1223118156,0.2132564841,0.3671992172,0.1818639187,0.2180798799,0.1710618436,0.7707612172,0.2589373054,0.2573057432,0.6000239175,0.0,19.664485981,-0.001321413,3.0237043331,-0.177760606,8.5887495366,86.426795151,0.5450883551,0.0,0.0,1.0,0.0,0.0,0.6609290541,5.0,4.9711743944,0.0440604096,0.064993798,-0.264916682,-0.281010119,0.1002597475,24289.688448,0.1027605208,17.020683807,0.0082538877,0.0614403377,0.0970085996,0.0571874642,0.1347940323,-0.105806007,3.0,0.0026199833,0.687908684,0.0285113403,4.0,17.914859564,2.2773295837,0.0,0.0398038402,0.0278925691,0.0415063145,0.3425956904,4.3397121887,9.132455e-11,9.723556e-09,1.233472845,1.5214552593,0.0600798833,0.04219739,-0.128819994,-0.280901789
15638,0.1552359857,-0.092342875,3.8952086676,0.0,0.1148331568,0.0461813228,-1.530157562,-0.090562857,-0.29623577,0.0206780555,0.4159977921,-0.046958722,-0.144175187,-0.079029324,0.0469587218,6.0,0.051241332,0.1051136364,2.6767932489,1.0914540942,-5.206028647,0.0939348111,-0.127918165,0.0515312794,-0.280868646,0.8878561399,0.0,7.9988232615,-0.089900241,7.489877518,-0.146071263,0.220725202,7.0744571429,-0.91091861,0.0,0.0,1.0,0.0,0.0,-0.424476494,3.0,103.79230449,0.1765685758,-0.072890922,-0.088615953,7.4737060799,0.0077180389,-3065.648241,0.0232852488,14.507911785,0.0,-0.115432898,-0.224812044,0.0092423152,0.6353266039,-0.010226106,0.0,-0.001177394,0.8631069753,-0.094546996,5.0,15.828042753,3.2011889766,0.0,0.0449910015,0.0318056333,0.0488015137,0.3069254237,4.254886183,9.522065e-10,7.5745804e-09,1.0359091534,1.073107774,0.2066611819,0.0707699116,-0.054901781,-0.24467985
89810,0.3140490752,0.0368885841,0.1948516201,0.0183009712,1.3150901491,1.4464161543,0.0840823347,0.070604535,0.2162718281,-0.077592533,0.210386395,-0.087104575,-3.929468022,0.1818410955,0.0871045745,21.0,0.0042002054,0.0430555556,0.0649015438,-0.20602485,-0.041534025,0.1193641695,-0.067583755,0.0802342968,-0.0929181,0.420230851,0.0,1.0881180653,-0.27762122,0.4807713024,-0.187965957,36.647486034,10.024297066,0.1133135633,0.0,0.0,1.0,0.0,0.0,0.9176538021,3.0,0.00603985,0.1135123472,0.0868442428,-0.723967813,0.8617907664,0.0090380262,-4287.544279,0.0738375305,15.720680162,0.0015230409,0.0093088498,0.0402425579,0.014418511,0.0080839768,0.0874103181,1.0,0.0005252101,0.5989747799,-0.039018473,5.0,16.310728935,1.928958257,0.0,0.0450622514,0.0186407822,0.0250390543,0.3458267334,3.5539255925,2.169899e-10,1.1911015e-08,0.8643352053,0.7470753471,-0.002140408,0.0310530381,0.0190594908,-0.133267297
15785,0.8493119102,0.0548535831,-1.988926569,0.0,0.9143018461,0.5327357397,0.0441020726,0.0864408799,0.1267052566,0.0674730566,0.1497663556,-0.016885522,-0.521294279,0.0834484422,0.0168855221,6.0,0.0005384355,0.5,0.1200143223,-0.162406695,0.0763687446,0.1807480614,0.0109945567,0.0261535894,0.0908162723,0.1370412775,0.0,1.9409540217,-0.315010566,1.6817651817,-0.336807735,5.875197938,7.3747479144,0.0978572574,0.0,0.0,1.0,0.0,0.0,0.2353419828,6.0,-0.072759935,0.0923726664,-10.58010196,0.6965785404,-1.12106745,0.0420448561,-14448.62201,0.0426379215,14.959704805,0.0010769967,0.0076470313,0.0155632035,0.0120845954,0.0664037448,-0.010676062,0.0,0.0005757052,0.1416772942,-0.032909301,2.0,15.816917939,2.426795963,0.0,0.0546945669,0.0201848352,0.0255749436,0.3269704374,3.5786302599,4.258094e-10,1.0994695e-08,0.4874418086,0.2375995167,0.0845266206,0.0282699704,-0.03686177,-0.010149049
77702,-0.04088017,0.0322611623,18.151996857,0.0207212647,0.2820026459,0.2232583367,0.1602147933,0.068702446,0.266268362,0.0057103895,-0.012557197,-0.058906876,-0.426213893,0.0460113179,0.0589068756,30.0,0.0017279087,0.0974212034,0.2356748023,0.4236495765,0.5386724221,0.0987093903,-0.008595794,0.0281843095,-0.318240638,0.5134758606,0.0,1.1968986922,0.1264315577,1.0001349461,0.1747068621,4.3912117137,25.646986144,0.1527050256,0.0,0.0,0.0,0.0,0.0,-0.94144854,8.0,-0.400861544,-0.099789512,-0.526892428,-0.458342914,-0.83691979,-0.064182136,120494.85502,0.0775136454,18.265249757,0.0147508894,0.0598572437,-0.259440066,0.0149317255,0.210810828,0.055994677,5.0,-9.0654e-05,1.5085603985,-0.077986298,5.0,19.240184783,1.7572148109,0.0,0.0246187318,0.0178331875,0.0231482359,0.2460343183,2.3047568935,2.043462e-11,1.2888787e-08,0.8652801949,0.7487098158,-0.006755775,0.0322384744,-0.223075453,-0.164654644
87505,0.9961322023,0.0798317976,-9.832310565,0.044690314,6.5499415252,0.2579723548,0.0250685344,0.1496674703,0.0333808178,-0.008936826,0.1589959152,0.001607596,0.1420663059,0.068490389,0.001607596,22.0,-6.8977e-05,-0.037815126,-0.027097886,-0.073520342,-0.011448298,0.058838195,-0.108589403,0.0005590704,0.0918813886,0.4509260992,0.0,0.6912183159,-0.051798922,0.6893534483,-0.051432191,0.3880721884,0.0683293043,0.0136620195,0.0,0.0,0.0,0.0,0.0,0.2401619803,3.0,0.0197413783,0.000931041,-0.052886355,-0.111034979,0.1913087958,-0.084880186,-6674.224722,0.0256085935,12.255827626,0.0002995476,0.0034616153,0.0300781761,0.0045803167,0.079433417,-0.001886647,1.0,0.0060589369,-0.723326695,0.0103188936,4.0,10.849041918,0.3274571761,0.0,0.0157142635,0.0128290245,0.0322779787,0.8880649885,1.1843940293,5.5656397e-08,7.8436618e-08,0.6185823271,0.3826440954,-0.013316894,0.0374559212,-0.102782944,0.0732063074
77780,0.5146456763,0.0638948551,1.3038277947,0.0,0.7971336455,1.3910640848,0.0964913789,0.3322766359,0.439917858,0.0077730134,0.500478723,-0.036325953,-0.65305181,0.105621506,0.0363259534,29.0,0.0900366639,0.1111111111,0.2256252901,0.2419332031,0.0025727295,0.1512162745,-0.015139787,0.1711221511,0.1350720605,0.4345260835,0.0,2.9553912456,-0.14694751,1.6434784107,-0.33353374,7.5165384213,8.5724472215,0.1435722824,0.0,0.0,0.0,0.0,0.0,0.9105500263,4.0,-0.005641492,-0.217994969,-0.098167785,0.008192232,0.3605713258,0.1775956262,-1469.644243,0.130812276,13.115144283,-0.001809039,-0.000962701,-0.00242429,0.0265935923,0.1410224983,0.0171933141,0.0,0.003255814,0.7446246349,-0.036058044,7.0,12.781293222,0.7458539167,0.0,0.0232029222,0.0146422458,0.0241783306,0.2392738675,0.8283468536,7.6904406e-09,3.3572289e-08,0.5895553088,0.3475754622,-0.041132234,0.0445042648,-0.10374276,0.4042341731
77900,-0.182355162,-0.028830856,4.2383627776,0.0,1.2676839896,1.912992802,0.00109948,0.1206811006,0.2960532251,0.0111684576,0.1144393241,0.0059980219,0.2136363636,-0.034990175,0.0059980219,29.0,0.0782082505,0.0348837209,0.000754122,-0.084649196,0.2791795754,0.1565863271,-0.001135262,0.102142535,0.0786821705,0.6536489706,0.0,1.4310375013,-0.138057913,1.0960117651,-0.205475732,14.515246934,3.5413634158,-0.005212495,0.0,0.0,1.0,0.0,0.0,-1.512273902,3.0,-1.32245272,0.5643910822,0.0315445169,-0.601776636,-0.973925635,0.0425638965,-17667.44746,0.0629453635,10.502892589,-8.3879e-05,0.1083504763,-0.513779714,-0.049600213,0.0626409472,-0.02713874,1.0,0.1355285911,-0.776752354,-0.003669109,0.0,10.667758203,1.2088256571,0.0,0.1092149913,0.0407662431,0.0663300412,0.8564031837,8.8168506211,1.5064326e-07,1.1427464e-08,1.5526040032,2.4105791908,0.185160117,0.0763847436,0.467000405,-0.079756092
77902,0.1707595799,-0.149863353,2.9068834734,0.0237294733,1.3250087627,1.1730615836,-0.041617099,-0.032929392,0.0538975489,0.0189863522,-0.012666323,-0.091728414,-1.011477513,0.0017200585,0.0917284145,29.0,-0.00284091,-0.081081081,-0.201179607,-0.307284602,-0.405879929,0.0448432818,0.065434696,-0.000436529,-0.495064207,0.4923235732,0.0,0.5824572958,0.4640029531,0.5154205918,0.6056099918,12.870980303,15.181886382,-0.07210082,0.0,0.0,0.0,0.0,0.0,0.2677798727,3.0,0.343929867,-0.063106116,-5.576747832,-0.354857188,-0.22923588,-0.067038311,-6531.13733,0.0823714328,14.482483796,0.0022453531,0.0120045991,0.1148246009,0.0965630428,0.0482132436,0.0460891645,0.0,-0.001702128,0.6930158825,0.025327649,1.0,15.994966805,3.9258010331,0.0,0.0393228419,0.0252064719,0.0431857435,0.2906403705,6.0028659965,5.201945e-10,5.4078243e-09,1.7319204511,2.9995484489,0.0104892486,0.0511996256,0.2589135271,-0.164654644
77918,0.257966367,0.0208449215,6.0913006651,0.0075112341,0.1826243864,0.2318357267,0.0904565939,0.0733212808,0.2177082837,0.0043476478,0.0704362506,-0.048250671,-0.985067623,0.0413785787,0.0482506706,29.0,0.0077230465,0.0796460177,-0.038685448,-0.189202726,-0.030486427,0.2658370947,0.053356102,0.029777749,0.0753795584,0.4326291227,0.0,4.4161720745,-0.0082372,3.4801885013,0.0236166198,2.1025874845,6.2110972676,0.205351241,0.0,0.0,0.0,0.0,0.0,0.3584732228,4.0,0.1651042025,0.0277053505,0.0420643408,-0.14549593,-0.142997093,0.0236646005,-10131.04497,0.0642905452,15.550949336,0.0035665714,0.0314445988,0.0528411579,0.0219939008,0.2284643369,-0.001485552,2.0,0.0028909137,0.1641901281,-0.053416081,6.0,15.471090105,0.8536858132,0.0,0.0300604515,0.0174992864,0.0257968973,0.3357568834,1.3322992152,6.739195e-10,2.763854e-08,1.0678565913,1.1403176996,-0.00190535,0.030765565,-0.333321841,-0.091892872
77917,0.3591750312,0.0453296949,8.1524672012,0.0,0.3826659066,0.8940563786,0.1056398988,0.1144353029,0.3718977358,0.0,0.0803092257,-0.072193459,-1.120818772,0.0961360678,0.0721934592,29.0,0.0,-0.023255814,0.0068044548,-0.017648375,-0.038751357,0.5813350616,0.072792663,0.005065615,0.1532480744,0.2569313606,0.0,2.3892359443,0.0290467889,2.3892359443,0.0290467889,14.397230321,5.8208339473,0.1781272074,0.0,0.0,1.0,0.0,0.0,0.7660223805,6.0,-2.933299436,-0.032950469,-0.238080245,0.2813058367,-28.25340443,0.0985290143,-10179.55634,0.03476008,15.577529203,0.0020861876,0.0191684977,0.0385509943,0.0286282989,0.1873431683,0.0134842045,2.0,0.001237405,-0.051720453,0.0007136669,4.0,15.511662642,0.8187214612,0.0,0.0560570434,0.0231919646,0.0254552253,0.2491398769,0.8665148071,9.234466e-10,3.1809626e-08,1.2696916927,1.6121169944,0.0082892747,0.0427861977,-0.189565888,-0.054879185
78018,1.3833532078,0.2248537626,-0.455977857,0.0,17.182530749,2.8127310568,0.0606761208,-0.154909582,0.0485348227,0.0091429586,-0.138694638,-0.092671645,-10.01476219,0.9016014033,0.0926716447,29.0,0.0,-0.220792079,-0.215844419,-0.044384037,0.236346878,0.1278669725,1.302199682,0.0001575269,-0.341880468,0.7170797313,0.0,59.253559061,-0.187854313,52.180412973,-0.187854313,1.8810769188,0.1397675155,0.0107887971,0.0,0.0,1.0,0.0,0.0,0.1080926367,5.0,1.9044233423,0.0478339886,-0.246606082,0.7074870327,-1.015550899,2.1649954841,-4632.602643,0.1116995972,12.389028967,0.0016208852,0.0065036554,0.0921241339,-0.015772114,0.0824860355,0.0442876579,5.0,0.0568965517,1.6102652082,-0.098764712,3.0,12.436169869,1.4488116713,0.0,0.0549084693,0.0285181791,0.0518705649,0.3007135199,1.3653148151,2.1469342e-08,2.2892185e-08,1.3213992421,1.746095957,0.4079503857,0.0795089851,0.2446390455,0.0472491512
78015,0.6940492272,0.053403021,-0.32880624,0.0032307878,0.8127806771,0.7577147506,0.0762938886,0.0310994024,0.1589989077,-0.019192358,0.0194874851,-0.040556786,-1.140569395,0.1143128725,0.0405567858,29.0,-0.001613413,-0.017089305,-0.109547739,-0.090408983,0.035459806,0.0820724438,-0.040652669,0.0067146437,0.0414201183,0.4221405559,0.0,3.4942528736,0.5148604984,2.6551724138,0.5889566104,4.2894029048,4.3219512195,0.1191607401,0.0,0.0,1.0,0.0,0.0,0.3238040921,5.0,-3.856328234,-0.067073271,-0.011467814,0.5901400498,-0.271149149,0.2364273128,1092.4470397,0.1947249482,14.561357512,0.0005911453,0.0127255402,0.0276055211,0.0365132532,0.0919835712,0.0324197774,0.0,0.0007159221,0.2285786869,0.0239056759,6.0,14.589620784,0.9627191652,0.0,0.0292587653,0.0178605886,0.0300272486,0.3129725749,1.4044095507,1.6790688e-09,2.6295859e-08,1.254322656,1.5733253254,0.0083503872,0.0333812883,-0.011015326,0.2706591205
15795,0.0789670012,-0.079308554,-2.69266241,0.0269826691,2.588833402,1.270644628,0.0504808362,0.0785630317,0.0756739525,0.0235907422,0.1416779635,-0.069592891,-3.126614987,0.1686587596,0.0695928912,6.0,0.0019363311,0.125,0.0156710713,-0.153493811,-0.119493629,0.1109161109,0.1903546021,0.0243878141,-0.610512129,0.1993808283,0.0,1.4394755747,0.0904951975,1.3381824713,0.1117079337,5.8512110727,4.8668236525,-0.005992151,0.0,0.0,1.0,0.0,0.0,0.5997304582,3.0,4.048307892,0.1238376194,0.0847790227,1.1285761347,-1.905474249,0.3650071778,-3100.365047,0.3461731473,15.341455687,-1.8822e-05,-0.004074298,-0.029930728,0.0180736434,0.0586689396,-0.03049637,1.0,0.0002361833,-0.004783785,0.1676595365,2.0,15.461024451,0.9110236104,0.0,0.0828505754,0.0487537353,0.0558830665,0.5058696377,2.5744431482,1.4527456e-09,2.4219918e-08,2.3200514745,5.3826388444,0.0938769038,0.0838377912,0.3900316517,-0.094679308
15775,0.1290023139,-0.175271829,4.3342674253,0.0,0.113528889,0.0222096414,-2.888068216,-0.27989664,0.0256772841,0.0873306658,0.1673066761,-0.148106529,-0.244770692,-0.132370422,0.1481065288,6.0,0.0,-0.220779221,0.533475278,0.4368843689,-0.097752866,0.2031817396,-0.077226942,-0.002360194,-0.461465843,0.8162421592,0.0,3.8653354847,0.0346551507,3.8653354847,0.0346551507,0.1197465408,8.396373057,-1.624831353,0.0,0.0,1.0,0.0,1.0,0.0361025289,4.0,20.386346248,0.0707236207,-0.398783779,-0.114849625,5.2244914259,-0.045623059,-5454.595391,0.0232852488,13.617413483,0.0,-0.073411886,-0.090439022,0.0001905477,0.7509924325,0.0454408972,0.0,-0.003333333,0.4346258098,-0.059991624,3.0,14.262379494,1.5537382476,0.0,0.0848214254,0.0392172065,0.0593739199,0.7121984677,17.696893981,6.4563189e-09,1.1310606e-08,1.6843473186,2.8370258898,-0.528481486,0.2106494419,-0.017376898,-0.24467985
78054,0.0262010264,-0.083552667,6.6773185722,0.0,0.2592039847,0.2640264266,-0.100828729,-0.00914365,0.6622840207,0.0168228437,0.3269946067,-0.341135853,-1.170652174,0.0142584442,0.3411358525,29.0,-0.00525799,-0.028571429,0.146281839,0.0556448857,-0.026492949,2.1308089501,2.2702192406,-0.096828099,-0.717378527,0.5402677083,0.0,0.8766486304,-0.162354306,0.8688704768,-0.153893236,2.4475500926,4.4330588594,-0.318168195,0.0,0.0,1.0,0.0,1.0,2.0505485893,4.0,-3.001867296,0.1934117237,-0.24339586,-0.051668168,-28.48844156,0.0166513906,-14488.18315,0.03476008,10.044849055,-0.001071642,-0.09696546,-0.194464638,-0.004649378,0.5084229641,0.0400328248,2.0,0.0161290323,0.6751480978,-0.121040776,2.0,9.8177553516,0.4663491174,0.0,0.0333333686,0.0368650536,0.0796491575,0.7383422362,2.6194387058,5.9874136e-07,4.2259125e-08,0.7150823233,0.511342729,-0.528481486,0.1153682823,0.2565410374,-0.054879185
78077,0.304425818,0.0339210299,14.312997599,0.0067877704,0.2646683503,0.3902602322,0.1006103202,-0.012578415,0.3081956638,0.0116574634,-0.159361166,-0.040373699,-0.682803102,0.0570824143,0.0403736988,29.0,0.0043911004,-0.071428571,-0.098795988,-0.008935379,0.0449358066,0.2845906523,-0.005637273,0.0144274937,0.163647682,0.2747388265,0.0,2.1517878356,0.0569557899,1.3587401996,0.0192172689,9.5292316927,6.4069171476,0.1835257388,0.0,0.0,1.0,0.0,0.0,0.6626622347,7.0,0.1206682678,-0.053276005,-0.07233171,-0.152064872,-0.306399573,0.004857988,-7002.449205,0.0376507894,14.584103744,0.002228931,0.0198751598,0.0386614642,0.0191072229,0.0738345536,0.1417160834,0.0,0.0012248898,0.3608034985,0.0226765946,5.0,14.316776156,0.6371876251,0.0,0.0271435492,0.021297641,0.0278884896,0.3015607696,0.7584755582,4.1704585e-09,4.9347412e-08,1.0155907306,1.0314245321,-0.007281326,0.0349677857,-0.415741236,-0.028114825
78066,0.0217478424,-0.177188728,19.868820225,0.0109730755,0.0943783645,0.0151210302,-2.457424834,0.8689472416,-0.853128181,0.3976759199,0.134936407,-0.427911663,-0.237642231,-0.135081203,0.4279116634,29.0,0.0285498363,0.0588235294,0.3905775076,-1.92462782,-0.406848193,0.1832460733,-0.605705001,-0.033485907,-1.816377171,0.6577810003,0.0,1.3845174973,0.8137369135,1.3484623542,0.7665041814,0.3426966292,0.3063274188,-1.983058736,1.0,0.0,0.0,0.0,0.0,6.6054590571,5.0,6.3341410872,0.0525442233,-0.119181029,-0.222104096,5.3795457123,-0.04833384,-5685.938871,0.0232852488,10.348428762,0.0026684456,-0.193795337,-0.427344435,-0.003258486,0.8010044643,-0.015023757,2.0,0.0114285714,0.0300632993,-0.019468965,4.0,8.6470857486,2.7100461133,0.0,0.117381528,0.0588841341,0.1055685777,1.5923349656,107.87623787,9.826497e-07,3.1131604e-09,1.4195431965,2.0151028867,-0.126192976,0.1401993041,-0.261630794,-0.24467985
78091,2.7991601235,-0.204430261,-2.57837193,0.0,0.4130850906,0.6848413747,0.0320845178,0.0529523619,0.0660552693,-0.789903957,0.0538899901,-0.061839666,-2.105225653,0.2259415689,0.0618396655,21.0,-0.000941933,-0.034653465,1.6617910729,1.0914540942,-0.206580105,0.0662645646,2.0486262533,0.1352654064,0.0528948299,0.6245699195,0.0,15.107841757,-0.111311716,15.048711812,-0.109055452,0.2993674513,4.3242373141,0.1236504011,0.0,0.0,1.0,0.0,0.0,0.069591459,5.0,3.5530593691,0.0783863531,-0.212658024,6.4820493268,5.3019766603,0.3126889319,-5705.262981,0.0232852488,10.564766076,0.0055200308,0.0181934722,0.0193920957,0.1550709237,0.3247974143,-0.672042879,1.0,0.1770959841,0.9151471336,0.0271162409,5.0,9.5816666049,0.2348166539,0.0,0.0374863036,0.0326232828,0.0421858791,1.1386343699,1.0549467704,9.5191173e-07,8.6943403e-08,0.872987981,0.762108015,-0.203643399,0.0793785887,-0.132636598,-0.24467985
78081,0.44368717,-0.00186661,1.6643274229,0.0,0.4081903204,0.1165733675,0.0379382302,-0.088720763,0.1055578411,-0.044165725,-0.102961042,-0.040298894,-19.28676717,0.0341342558,0.040298894,29.0,0.0134334313,0.347826087,0.5498495203,0.1350751598,-0.120954695,0.7466099871,-0.65418218,0.0272778051,-0.075214537,0.3583193157,0.0,5.0000399556,-0.680762351,4.7354636354,-0.713544919,0.4529911622,3.1562203711,0.0358797864,0.0,0.0,0.0,1.0,0.0,0.1699355606,4.0,-3.830985197,0.0598572564,0.1698215284,0.1998352313,6.68982924,0.1208816188,-4147.294621,0.0232852488,14.263851531,0.0051681472,0.0109234941,0.017447811,0.0098757561,0.2537663231,-0.043847106,0.0,0.0041630778,0.9095444876,0.0833498249,3.0,15.207533428,1.9400391436,0.0,0.0440030135,0.0287784238,0.0405425514,0.3378456327,2.5450703317,1.6628524e-09,1.2505679e-08,0.9515850813,0.9055141669,0.0250290762,0.0674720924,-0.364053852,-0.24467985
91402,0.3769012745,0.016512048,14.650362807,0.0,0.2375434243,0.2820947989,0.0458610222,0.0359071492,0.1517691626,-0.01047486,-0.206405124,-0.04109345,-1.506531205,0.0413879634,0.04109345,29.0,0.011480829,-0.248128156,-0.093911169,-0.065161602,0.042048128,0.2038600724,0.0467231635,0.0176916257,0.2811176279,0.2661810154,0.0,1.1074354127,-0.378054013,0.7161310649,-0.40353945,9.3346550357,4.1979315264,0.1369520579,0.0,0.0,1.0,0.0,0.0,0.288856305,5.0,-0.081478525,-0.075597112,-0.554654365,-0.246118414,-13.38878417,-0.055235472,1093.814675,0.0553124103,15.636909808,-0.000285376,0.0052650177,0.0094519158,0.0080937519,0.0345764303,-0.023775177,1.0,-0.001726754,1.7433774192,-0.0666786,3.0,17.452354882,3.647785516,0.0,0.0868473947,0.033018351,0.0428908476,0.3544587139,5.1313182423,2.957806e-10,8.3108496e-09,2.2664506167,5.136798398,0.0228858961,0.0706528049,-0.15415703,-0.010696088
78189,0.4712416231,0.0450941009,-0.062294296,0.0,0.6404134104,1.4529616984,0.0417256692,0.1864842517,0.2623167707,0.0031363486,0.2464926634,-0.056327956,-1.251833741,0.1015444178,0.0563279563,29.0,0.0016914889,0.0,0.4351679168,0.295767104,-0.421633209,0.0795216741,0.1330357163,0.030985492,0.1081834387,0.4591441858,0.0,1.1113976276,0.1102475704,1.0928920305,0.1133402315,13.304644119,4.37234572,0.1162549106,0.0,0.0,1.0,0.0,0.0,0.5430562308,7.0,0.7007415119,0.3199442135,-0.00400828,0.0314960269,0.0161152451,-0.082059198,-11446.72718,0.0260918659,11.229254813,-0.034008128,0.0206254728,0.0396890793,-0.175787114,0.0957774123,0.0517757478,0.0,-0.000831549,0.2075084602,0.0147803929,4.0,9.9789196856,0.2082830416,0.0,0.0572686866,0.0247246071,0.0364078454,1.0008339735,1.0319168889,4.9089476e-07,1.0691145e-07,0.9505929883,0.9036270293,-0.038659866,0.0703100028,-0.172289002,0.1163368332
78170,2.7991601235,-1.088850884,-105.4894458,0.0032411447,4.2155828883,1.6043125111,-0.282158604,-0.209115144,-0.039115373,0.0155237724,-0.16452945,-0.276085637,-2.034435676,0.9016014033,0.2760856368,29.0,0.0,-0.050943396,-0.291120364,-0.152416005,-0.939192574,0.1787498727,0.2491409343,-0.089168835,-0.266582612,0.531158509,0.0,0.4037516749,-0.348077478,0.3489042192,-0.348077478,454.11939356,6.9347326952,0.0245169185,0.0,0.0,1.0,0.0,0.0,-0.154898483,2.0,8.6170019023,0.1509617278,0.0371923144,10.48401967,-4.06965119,-2.126544826,-1055.933052,0.0340789314,15.281038323,0.0044765178,0.0169390528,0.0551320475,0.1495479403,0.0058870477,0.0110056405,2.0,0.026914329,0.3216144932,0.0234848973,5.0,17.036935896,4.3066314361,0.0,0.0528882556,0.0331613319,0.0524171073,0.2546011017,4.6376388742,3.541143e-10,6.4461805e-09,2.7467675573,7.5447320139,0.0703875435,0.1328595241,-1.137236963,0.818494895
78211,0.9549012352,0.0406074587,-6.059503379,0.0523401555,2.783282616,2.2801603477,0.0157261848,0.0226118294,0.1825505916,-0.045989338,0.0681332288,-0.005889163,-0.536142371,0.0623788379,0.0058891627,28.0,0.0,0.1291925466,0.1420331697,0.2570838557,-0.20747543,0.0877323975,-0.193817251,0.0088321553,-0.090380461,0.2413609281,0.0,5.0184452524,0.8501250818,5.0184452524,0.8501250818,5.0734219599,4.1600226465,0.0187778799,0.0,0.0,0.0,0.0,0.0,0.6354674317,6.0,0.0153069757,0.1159201058,-0.396722316,-0.275818568,0.2316195238,0.1782131999,-12555.79959,0.0397241163,12.880035817,0.0033675026,0.0086195594,0.0419742868,-0.060063824,0.1268801079,-0.000174737,0.0,0.0099693252,0.3568553374,0.0668200189,4.0,13.828764143,1.9448501691,0.0,0.0244698357,0.0161170689,0.0281793131,0.3527835635,2.8348504817,5.7177876e-09,1.5488261e-08,0.8576027122,0.735482412,-0.073398898,0.0491082804,-0.207758577,0.045344153
78213,1.1311121699,0.0506676273,-3.089815076,0.0,0.2012178824,1.0431023463,0.0436163088,-0.047427658,0.2179002055,0.0058612214,-0.40305111,-0.116829284,-3.151376147,0.2103403795,0.1168292838,28.0,-0.011096231,-0.071553229,0.0085865443,0.3092575069,-0.072481459,0.1172171413,0.041545826,0.0101966698,0.064469679,0.3959596953,0.0,3.4478776863,-0.15778754,1.9407142093,-0.178586762,10.110954661,5.1159874608,0.2938562562,0.0,0.0,0.0,0.0,0.0,0.2830960757,6.0,0.1675100199,0.0204106595,-0.109134906,0.7276498724,-0.55712983,0.1926264013,-16263.64319,0.0642905452,11.285615508,-0.002707408,-0.004285086,-0.004912045,-0.022716808,0.1158743385,0.0106338583,0.0,-0.021067416,1.0880112079,-0.105298286,4.0,10.014578894,0.3152477212,0.0,0.0570505634,0.0242569899,0.0446518024,0.6482207936,0.6673230396,3.297249e-07,1.409669e-07,0.8620243586,0.7430859949,0.1893891368,0.0544997777,-0.003267717,-0.091892872
88944,1.1157438403,0.0939334315,-5.755600369,0.0467392424,6.7572822987,0.3761651409,0.0322719043,0.0758487334,0.0449245707,-0.035587963,0.0904537837,-0.003414124,-0.276067472,0.1198653964,0.0034141236,22.0,-0.000739761,0.2049335863,0.1826469379,0.1519151038,-0.06562018,0.100939689,0.4474683284,-0.002629654,-0.004871519,0.6754047977,0.0,1.0286095575,0.0342185184,1.0277914908,0.0352867165,0.3151145192,0.0665921452,0.0168874992,0.0,0.0,0.0,0.0,0.0,0.2932169517,6.0,-0.031883537,0.0070751396,0.1898623569,0.008576659,-1.196273357,-0.033505178,-6493.148302,0.0256085935,13.007295982,0.0005034044,0.004029038,0.0294900523,-0.002075746,0.2022501434,0.0437327016,0.0,0.0018915511,-0.206737227,-0.041371427,6.0,11.999236925,0.3025794244,0.0,0.0221402347,0.0122493447,0.0227644565,0.2598359838,0.51085743,1.462388e-08,7.3406531e-08,0.841546565,0.708200621,0.0620393217,0.0361269068,-0.292269173,0.0732063074
15658,0.2222192338,-0.065444589,2.5989077227,0.0,0.1943695464,0.0909265057,-0.570651052,0.4222788146,-0.221986793,0.01308391,3.2203023758,-0.094835134,-0.514058427,-0.031802246,0.0948351342,6.0,0.0,0.1906614786,2.6767932489,1.0914540942,-3.60783177,0.0698940822,-0.618367756,0.1798866457,-0.160916221,0.8064310033,0.0,6.5219958992,-0.363436626,6.5219958992,-0.363436626,0.3248980536,3.5656416526,-0.543967291,0.0,0.0,0.0,0.0,0.0,-0.247225104,4.0,3.3859206149,0.205333819,0.01265692,-0.021632705,7.2362250683,0.0549451165,-4046.539261,0.0232852488,13.995662972,5.5435036e-06,-0.069828862,-0.115141598,-0.038020519,0.4246153462,-0.695263675,0.0,-0.002385496,-0.420050937,0.0636370592,5.0,14.917869883,1.9574504258,0.0,0.0554383919,0.0271539569,0.0470553541,0.2508451613,2.0309142331,2.1348296e-09,1.2846552e-08,1.4545174178,2.1156209186,0.0140445397,0.0729525661,-0.238324312,-0.24467985
15694,0.1006646398,-0.002463977,21.22436488,0.0,0.0290610227,0.0888552206,0.0029740452,0.2358939242,0.5493654462,0.0403691218,0.027217563,0.0235612714,1.1170551522,-0.005216375,0.0235612714,6.0,0.0893756666,0.2222222222,0.0344096236,-0.047808675,-0.069246192,0.0790027153,0.3628572078,0.1006696191,0.320248121,0.6501117265,0.0,5.8311180757,0.1463456334,3.7587792169,0.1034601252,2.1381139741,4.9406760436,-0.030835908,0.0,0.0,1.0,0.0,1.0,0.752889531,2.0,51.805849368,-0.049115324,0.1413164521,0.2980641852,-0.852041314,4.1082820087,-1150.002851,0.0357482652,15.687443924,0.0118548247,0.0097229455,0.0130352556,0.0039949634,0.2742660862,0.1821202976,0.0,-0.000150094,0.7468040727,0.030564829,5.0,16.148856204,1.1637914256,0.0,0.0738692656,0.0352566188,0.0490011355,0.23046531,1.241493204,6.085412e-10,1.6423064e-08,0.8728765081,0.7619133983,0.0565488947,0.0573745109,-0.279813721,-0.145662284
15833,0.1240388391,-0.325154376,8.1918847919,-0.030018601,0.0969291739,0.033831529,-2.099447514,0.2117477637,0.1800382176,0.689888248,0.2698822284,-0.477587119,-0.370340457,-0.204736555,0.5572082991,6.0,-0.000450766,0.7777777778,-0.007555556,0.1560912116,0.1215034651,1.1468574984,0.1389915348,0.0066465424,0.1700171494,0.5245951548,0.0,1.708045977,0.1719446585,1.7078489327,0.1731995069,0.3533786992,1.5277080958,-3.645961466,0.0,0.0,0.0,0.0,1.0,0.3096894055,4.0,-5.783552681,0.0574956476,0.5997732192,-0.1198131,5.1841062917,-0.117989192,-5548.440061,0.0232852488,10.743669648,8.4478e-05,-0.193795337,-0.809292199,0.000980179,0.7516045136,0.0710305683,0.0,0.0825688073,-0.492168924,-0.038338389,3.0,10.887265512,0.6455898954,0.0,0.2021526992,0.0744419986,0.1154366191,0.4979001844,1.684053316,2.8358305e-07,3.097014e-08,1.1288733073,1.2743549439,-0.16449429,0.0970542467,-0.569667311,-0.24467985
15906,1.3033379168,0.0887896401,-6.045408257,0.0108961806,10.756716021,0.4854711876,0.0230951782,0.3494418206,0.0439377687,0.0784551685,0.3798043977,-0.001646486,-0.1946819,0.106075376,0.0016464862,6.0,0.0030333301,0.1904761905,0.1335008946,-0.119127806,0.0595564472,0.0777113799,0.1729538807,0.0086982156,0.1420349356,0.6724141885,0.0,1.0202269701,0.0047576752,1.0144021047,0.0026933207,0.2761755297,0.0562795249,0.0119402292,0.0,0.0,0.0,0.0,0.0,0.3440768417,5.0,-0.005929517,0.0023391845,0.175404961,0.1961707355,-0.708530576,-0.047295199,-6601.569662,0.0256085935,12.934143744,0.0001963049,0.0026270019,0.0257101767,0.0129885425,0.2488942254,0.3911839035,1.0,0.0050290135,-0.36248651,0.009365374,2.0,11.765780969,0.2521552149,0.0,0.0190591775,0.0106645224,0.0183533333,0.4586072038,0.6782473718,2.2821934e-08,1.0358328e-07,1.0732594151,1.1518857721,0.0397829219,0.0340807941,-0.154261271,0.0732063074
15774,1.1000000812,0.0660201006,-12.02731998,0.0,7.6721275413,0.3623580511,0.0212250429,0.2118059854,0.0367469887,-0.015396609,0.2355170894,-0.002812516,-0.341041859,0.0885357184,0.0028125159,6.0,0.0001555767,0.0170068027,0.0145658263,-0.127672261,-0.033579734,0.108056872,-0.086787488,0.000952199,0.0687511006,0.6015088031,0.0,0.9763597423,-0.063325004,0.9745162957,-0.063251818,0.591149714,0.056305706,0.0111072953,0.0,0.0,0.0,0.0,0.0,0.2584505505,3.0,0.0045711004,-6.992279e-06,0.0019355733,-0.0071671,-1.039562277,-0.064834856,-6185.911602,0.0256085935,13.632362771,0.0001570106,0.002928403,0.0241525692,0.0043185892,0.1336971825,0.0183754068,0.0,0.005242464,-0.14687626,-0.024954368,2.0,13.783533051,0.7631269016,0.0,0.0318602696,0.0163841605,0.0253145064,0.4663953914,1.8595752409,5.1811533e-09,3.0510811e-08,0.9233805295,0.8526316022,0.0896276236,0.0384368511,0.0543891135,0.0732063074
15856,0.5775855487,0.1375134179,0.2705462134,0.0,0.4014653726,0.6404941665,0.2240882082,-0.262645169,0.0879495997,0.0136443781,-0.579765561,0.2927703751,3.6323725538,-0.361986547,0.4330601093,6.0,0.0,-0.037634409,0.639298407,1.0914540942,-2.277173044,0.0620660499,0.0428443198,0.0534276694,0.5507677466,0.8404048795,0.0,7.3888141672,0.8434989364,7.3888141672,0.8434989364,0.9447382659,21.108671518,0.2237608686,0.0,0.0,0.0,0.0,0.0,0.3135400756,5.0,2.0492462424,0.1793600771,-0.215638967,0.33373361,6.5110232441,-0.275239184,-5479.269421,0.0232852488,12.549245515,0.0,-0.120430035,-0.227410075,-0.226007799,0.6575546343,-0.782344155,1.0,0.0114068441,-0.819677871,0.0990863722,3.0,14.498401397,4.4609683794,0.0,0.0931758583,0.0787373868,0.113096804,0.8376512948,36.200377629,8.0737418e-09,4.396357e-09,1.345969644,1.8116342827,0.0780337502,0.1292245895,0.7973304417,-0.24467985
15838,1.2984925568,-0.238803449,-12.81530257,0.0,11.485331012,0.5715706549,0.0254690737,0.0161480543,0.0334909198,-0.058469308,0.0386542717,-0.029785755,-1.581846072,0.1389468484,0.0297857548,6.0,0.0024867718,0.0263591433,-0.104984363,-0.110316423,0.1033465283,0.082020828,0.0717364002,0.003600891,-0.14728486,0.5414008859,0.0,0.8304528671,-0.040117699,0.8234546451,-0.043070378,0.638693419,0.0701485191,-0.019031753,0.0,0.0,0.0,0.0,0.0,0.2766912103,3.0,-0.508019058,0.0008108336,0.0112879139,0.1913253755,-0.201780733,-0.014423726,-6561.670452,0.0256085935,13.116156738,0.0015363836,0.0027582953,0.0285063984,0.0139926614,0.0333823724,-0.037374046,0.0,0.0020970641,-0.136668531,-0.018529201,3.0,12.774277371,0.5969935283,0.0,0.0945431292,0.0277802881,0.0298169049,0.4407368954,2.0423742283,1.01878e-08,3.072903e-08,1.0735774744,1.1525685936,0.0452037764,0.0448494967,-0.229432631,0.0732063074
15826,0.0270090468,0.0021464161,23.791001092,0.0,0.0723981056,0.0956606111,-0.051738018,1.1685323047,0.603069525,0.0540391916,1.5343631356,-0.023368732,-0.79068065,0.0038435458,0.0233687322,6.0,0.0018648054,0.4281616688,1.0149735865,0.2530171215,-0.5684012,0.1219742529,-0.57672201,0.1079051111,0.5635515,0.5223449355,0.0,1.8811035786,-0.01026512,1.8662883921,-0.003299634,2.4456553955,7.8139718181,0.0593199111,0.0,0.0,0.0,1.0,0.0,1.5671741349,3.0,-2.996668589,0.2043446555,0.2133372377,-0.050860148,-27.03584346,0.0062364922,84685.810056,0.03476008,17.758986772,0.0002244193,6.0800447e-06,3.12401e-05,0.0073339582,0.388070507,-0.006478324,0.0,-0.000125083,0.3785350243,-0.046681394,7.0,19.733784695,8.3000775497,0.0,0.0865888894,0.0463749809,0.0696378633,0.2422925438,5.4438836527,2.503074e-11,4.023392e-09,1.9079862715,3.6404116121,-0.006448941,0.0717433307,-0.648419362,-0.054879185
15853,0.353820772,0.0647343035,0.5171598836,0.1143489518,0.2723787943,1.1012194353,0.2993971941,-0.278654348,0.1528932145,0.0054281532,0.0056578128,-0.060762656,-1.011261766,0.1301976295,0.0607626557,6.0,0.0,0.0,0.0300811698,-0.043231584,0.0282427203,0.0281939092,0.0765529663,-0.004389695,-0.340647642,0.4854100432,0.0,3.1367636184,-0.437707555,3.1367636184,-0.437707555,3.799155379,6.8489865894,0.2448296928,0.0,0.0,0.0,0.0,0.0,0.3566528334,6.0,-0.637342282,0.2097481217,-0.131874963,-0.029140179,-0.482052883,0.1563294943,-6103.516609,0.1086739101,12.954878185,0.003527692,0.0188051433,0.0451265272,0.0424011864,0.3210111847,-0.004514814,2.0,0.0095665172,-0.038524638,0.0108428244,3.0,12.92001511,0.9112587623,0.0,0.0439970307,0.0204267649,0.0261925599,0.4825330531,2.9008923488,8.4955728e-09,2.3745057e-08,1.4524432281,2.1095913307,0.0119746544,0.0407948443,-0.279860712,-0.049938477
15859,1.0826799249,0.0413595264,-7.403545292,0.0387968018,1.5658958714,0.4499005277,0.0236718111,0.0989946536,0.0554393305,0.0002330059,0.16818906,-0.019573914,-1.21686747,0.0916885886,0.0195739144,6.0,0.0003045446,0.0638523226,-0.002840013,-0.100825361,-0.021200908,0.0368728294,-0.009149899,0.069618782,-0.001837632,0.4559106628,0.0,1.2306940371,1.1799997586,1.1453242098,1.315827475,3.5847986387,5.271059216,0.0773507728,0.0,0.0,0.0,0.0,0.0,0.1011353941,4.0,0.6900697994,0.0399613276,0.0598440426,0.6429343288,-0.086185095,-0.091915027,2528.2630918,0.0260918659,16.657199025,-0.001094276,0.0028719276,0.0057695306,0.0068019392,0.0362663649,0.0240045188,1.0,0.0012345679,-0.155145432,0.0028914458,4.0,15.843304378,0.3818895533,0.0,0.0173068736,0.0127833703,0.0202590132,0.3418678284,0.8086384429,2.910937e-10,4.7360212e-08,0.5708536543,0.3258738946,-0.012083477,0.0291075694,-0.196370529,0.1163368332
78841,0.6035360744,-0.472189545,-0.620186696,0.0,0.7834047122,0.659688557,-0.312842335,-0.332353205,0.0039520273,-0.008513572,-0.216496263,-0.428229238,-1.57088784,0.2695672694,0.4282292378,28.0,0.0160671714,-0.081081081,-0.205215272,0.368306219,-0.776933686,0.1574029024,1.2587305389,-0.000647641,-0.439865111,0.6204374858,0.0,1.2168670116,0.112062731,1.1425745587,0.0604654241,1.4012807943,8.4839605961,-0.426243591,0.0,0.0,0.0,0.0,0.0,0.0076193948,5.0,8.4959569718,0.135843404,0.0070546296,8.2164369868,-2.260057804,-2.983323757,-1656.324222,0.0340789314,12.857603917,-0.03706938,0.1402619349,0.4093711308,0.2185349041,0.2565693785,-0.19711848,1.0,-0.020408163,0.504528686,0.1427355539,4.0,14.714676502,5.0544859824,0.0,0.0770269856,0.0454816283,0.0709541498,0.3485063994,9.7599883529,3.3271208e-09,4.0315517e-09,1.6806127187,2.8244591103,0.1378268438,0.1074573888,0.7973304417,0.818494895
86889,0.2784420983,0.1100300226,2.7785590582,0.0,0.2997567005,1.0043145393,0.4444370039,0.4428448968,1.0806017807,0.0184345724,0.2697735654,-0.041303686,-0.18373887,0.1302468146,0.0413036859,22.0,-0.013472064,-0.050691244,0.7865722554,0.0571090073,0.1760453369,0.2156979133,-0.131442303,-0.007392994,0.6909686962,0.6715353942,0.0,2.0043994721,0.376284074,1.6096819259,0.9185981093,5.8708656063,5.8014593942,0.4747884195,0.0,0.0,1.0,0.0,1.0,2.6158108526,8.0,103.79230449,0.5271870973,-0.117282397,0.2158292568,0.3267957569,0.058338971,-4175.339059,0.1707603697,11.451650729,-0.025647642,-0.011943429,-0.023196753,-0.060091636,0.0550290259,0.014351053,0.0,-0.005370569,2.3096722956,-0.193208098,6.0,13.098352585,4.3375896057,0.0,0.066666685,0.0399105362,0.0625730547,0.2821358971,6.7886900011,1.6655555e-08,5.3047098e-09,2.4773596906,6.1373110366,0.0707002127,0.145534872,-0.31614917,-0.182629545
78908,0.8822993368,0.1030418278,-0.871006243,0.0201178306,0.2437241019,1.3630235748,0.1497175423,0.1130323671,0.5439011592,-0.014547927,0.2044206947,-0.048179308,-0.499761496,0.1545381658,0.0481793078,28.0,0.0038857989,0.0368066356,0.0255206947,-0.027520783,0.0720508025,0.1483494706,-0.141004435,0.0415788093,0.0901819551,0.5585915728,0.0,4.0813845885,-0.119236949,2.141159993,-0.02702876,9.7805875921,5.1790863589,0.5774604434,0.0,0.0,0.0,0.0,0.0,0.6798962686,6.0,0.0637243853,0.1186536841,0.112364264,0.2285706268,0.5122454483,0.0725445386,-2515.911607,0.2250075984,12.54832677,-0.009697779,-0.000784246,-0.001998974,0.1374026658,0.0236237752,-0.079562164,0.0,-0.024574669,3.4844657627,-0.213602189,5.0,12.887748586,0.8959843202,0.0,0.0292249452,0.0224576562,0.0320310349,0.2556786566,0.7760074246,1.9625952e-08,3.4229402e-08,0.9371840133,0.8783138748,-0.076930962,0.0655811282,-0.330520351,-0.239458447
79033,1.3283053361,-0.013335895,-1.811784316,0.0133777222,0.3900104456,0.6679310554,0.0134932226,-0.023399922,0.0363598184,-0.003005008,-0.068218913,-0.056129506,-7.318870883,0.0842677987,0.0561295056,28.0,0.0,-0.173652695,-0.221488235,-0.051147553,-0.467616718,0.1061071806,0.0024187512,-9.1127e-05,-0.009409832,0.3874259802,0.0,5.0931534376,0.3359604064,5.0931534376,0.3359604064,1.8657722042,6.0903254513,0.079508225,0.0,0.0,1.0,0.0,0.0,0.045941815,3.0,0.449666931,-0.060002329,-0.389380155,5.8373664778,-0.562595916,-1.667872678,-16700.22934,0.0456208962,11.656161433,0.0010075505,0.0136623802,0.0177567115,0.0349461167,0.2437380936,0.0165616096,2.0,0.0327313266,0.0653319283,0.1231866963,1.0,10.517347329,0.3532494759,0.0,0.0217348188,0.0140874858,0.0169392,1.3441427509,4.0226346481,2.5532696e-07,6.3774448e-08,0.7573041271,0.5735095409,0.0928513502,0.0503682032,0.0629781158,-0.071440083
78875,0.1868112142,-0.030124577,7.5560537242,0.0,0.1174178872,0.0463916722,-0.067227991,0.0667904673,0.084184463,0.0591504166,0.1650902084,-0.064632064,-0.632288309,-0.011077159,0.0646320645,29.0,-0.003743748,-0.324366472,-0.418519748,-0.28161022,0.1789335023,0.0926862925,-0.367803181,0.0544103993,0.0160337958,0.5862426599,0.0,3.2947860963,-0.397638303,2.923573975,-0.397789671,0.4552225879,4.8756957328,-0.178309939,0.0,0.0,1.0,1.0,0.0,0.1036916135,3.0,-1.377876755,-0.139180452,-1.049258877,0.0437261266,-1.135196851,0.1073876332,-7512.912134,0.0740556467,16.243234953,0.0003521916,-0.020337705,-0.033120718,0.0043818052,0.2640359517,-0.514126539,1.0,0.0002477394,2.4145875024,0.2629632168,4.0,17.675456151,2.9253636376,0.0,0.0487559624,0.0387285146,0.0554807759,0.2247129213,3.6011045736,1.944932e-10,8.2872791e-09,1.3865595147,1.9225472878,0.0304117591,0.0587716198,-0.444556983,-0.091892872
78876,0.3578435123,-0.018160357,7.0853202169,0.0,0.5015173892,0.2756679508,0.0266384034,0.3033910451,0.2913082387,0.0365801673,0.4398483551,-0.041648448,-1.741457859,0.0134651395,0.0416484476,28.0,0.0286253331,0.0,-0.083248257,0.044014055,0.0094977318,0.4010223048,0.1853989012,0.0473719318,0.1505691364,0.2082573004,0.0,3.8795561289,-0.06432286,2.6716775815,-0.101046998,4.0870751154,5.1941869052,0.0103247426,0.0,0.0,1.0,1.0,0.0,0.5591047827,4.0,51.849998206,0.0109188923,-0.08090577,0.5552430578,-1.063936779,4.1269635229,-6604.033581,0.0357482652,13.611252837,-0.001696497,0.0130561865,0.0350588898,0.008071697,0.0795513123,-0.165256344,3.0,-0.001345895,0.1875880016,0.0645261367,5.0,13.76664371,1.0643831982,0.0,0.0547882393,0.0313765456,0.0431146374,0.2806639001,1.9609600347,4.7234215e-09,1.6591962e-08,1.1189699574,1.2520937656,0.0715554309,0.0514181437,0.2757089565,-0.145662284
78915,0.4335841683,0.0533806421,3.9538613896,0.0,0.2726174245,0.8506692177,0.0819752084,-0.095485493,0.3549797132,-0.012191624,-0.320164964,-0.064814617,-0.902727367,0.1015688085,0.0648146166,28.0,-0.045986361,-0.116862204,-0.184208675,-0.117687067,0.2072842622,0.2783993558,-0.035918186,-0.016828589,0.1417716537,0.5526442513,0.0,1.8207509331,0.2809173566,1.1498690881,0.3115035196,10.754990989,4.3156032352,0.2806662161,0.0,0.0,0.0,0.0,1.0,0.7240004519,7.0,0.2256079667,-0.137385459,-0.154443881,0.0301218708,-0.259680698,0.0838548303,-15644.32035,0.0642905452,12.835871263,0.002508764,-0.001831663,-0.003107025,0.0032731872,0.1145516081,-0.025999738,0.0,-0.000812183,2.1469041576,-0.155418679,5.0,13.006913012,0.9431776194,0.0,0.0359239727,0.0155766005,0.026913948,0.2283291338,0.8123758487,8.1481343e-09,2.9494102e-08,1.1393298849,1.2980725867,0.0463586442,0.0532032949,-0.007995221,-0.091892872
79019,0.8689605285,0.101142183,-11.45848426,0.0427434776,7.9493711711,0.4393001922,0.0290023527,0.011223469,0.0386054665,0.0123875785,-0.001134577,-0.002054951,-0.178171759,0.1191628637,0.0020549515,28.0,-0.000142121,0.0,0.1171010931,0.1192385018,-0.00906878,0.0841883141,-0.113688069,0.001628978,0.1402823671,0.5376090089,0.0,0.8466977836,0.0196163384,0.8454536827,0.0199535869,0.6695417894,0.0787972937,0.0145660019,0.0,0.0,0.0,0.0,0.0,0.4417743066,7.0,0.0473706535,0.0075315954,-0.015071229,-0.238206653,0.3093459772,-0.034207711,-6796.978762,0.0256085935,11.478900005,0.0003576043,0.003973519,0.0418300277,-0.005978629,0.1251495793,-0.027679588,2.0,0.0167832168,-0.267332966,0.0041035847,6.0,10.070001533,0.1780949066,0.0,0.0655263588,0.0364305482,0.0482105829,1.2627042579,0.9563334041,2.9185257e-07,9.4186716e-08,0.5779030305,0.3339719127,0.1542921764,0.039359967,0.1288834978,0.0732063074
48653,0.2596665524,0.0636871563,1.4113776322,0.0062608995,0.4017757313,1.4478755769,0.2613572314,0.2027584784,0.517472656,-0.024556224,0.2467570582,-0.070952329,-0.674784675,0.1066622734,0.0709523289,28.0,0.0,0.0586956522,0.17966342,0.1024138445,0.1699060094,0.2193732194,-0.097708411,0.0311618628,0.1404835092,0.5874903486,0.0,1.7650440496,-0.030060015,1.7650440496,-0.030060015,4.4433737737,30.159968479,0.2081090966,0.0,0.0,0.0,0.0,0.0,1.226385312,5.0,0.0492836911,0.0328484425,-0.46721921,-0.971053251,0.0197475453,0.2224966354,39841.522806,0.0397241163,17.847001717,-0.008576552,0.0402153927,0.1031462642,0.024610645,0.3976831421,0.0018072381,1.0,0.0002826674,0.2991793384,-0.012945325,5.0,18.370365036,1.7277477805,0.0,0.0352301598,0.0192340524,0.0239273431,0.2732849436,2.1243461227,3.884191e-11,1.4134816e-08,0.9521009104,0.9064961435,0.1806385837,0.0457754659,-0.080737775,0.045344153
78955,-0.188559284,0.0156919954,7.7655267397,0.0,0.6214126654,0.5113388923,0.1665825205,0.0027769288,0.7782794872,0.0294322132,-0.046401874,-0.093506894,-2.575754836,0.0561107286,0.0935068941,28.0,-0.008525986,-0.046885934,-0.124632092,-0.166726295,0.0284925582,0.1839157512,-0.334603766,0.0016332942,-0.142895831,0.6229549614,0.0,1.1369806839,0.1561980874,0.9954891863,0.1767412313,4.4326311777,3.7087650345,0.0436062578,0.0,0.0,1.0,0.0,0.0,-1.397646452,6.0,51.93433226,-0.14421391,-0.127791704,0.0088402613,-1.179560328,4.164304914,-6817.682451,0.0357482652,14.170849808,0.0010864492,0.057556339,-0.113879854,0.0085595823,0.2085531417,0.0179242912,2.0,0.0006915629,1.6891291275,0.1094735144,6.0,14.977522736,1.4182602508,0.0,0.0419977158,0.0256369428,0.0382526955,0.233589174,1.532985354,2.3559903e-09,1.8809353e-08,1.2499618351,1.5624045893,0.0615661413,0.0783462799,-0.152261976,-0.145662284
75985,2.6464445901,-1.419126145,-3.556307632,0.0,17.182530749,7.412574831,-0.056108195,-0.006514525,-0.038168255,0.0010483915,0.0670613121,-0.014981178,-0.243609187,-0.73243807,0.0149811779,30.0,0.0,-0.127572016,-0.015679389,-0.323119814,-5.206028647,0.2485349879,0.2220848977,-0.000253465,-0.350802562,0.5653783289,0.0,12.449915695,0.8781100457,12.449915695,0.8781100457,1.3096423511,0.7410465932,-0.06745221,0.0,0.0,0.0,0.0,0.0,-0.237000631,3.0,-0.143148341,-0.00703175,-0.653486879,1.4157247868,-0.891993039,-0.957579617,-12961.69414,0.0397241163,11.017587589,0.0063872823,-0.001356613,-0.011426399,-0.226007799,0.2998846211,-0.005230054,1.0,0.4383561644,0.6800998345,0.1184051509,2.0,10.957440839,0.5833058457,0.0,0.027777819,0.0229203247,0.0390779491,0.6020375293,1.4476395376,1.606887e-07,5.3852767e-08,2.0348144666,4.1404699133,0.0576106449,0.0915008704,0.1672151106,0.045344153
78950,0.386738991,0.0350056327,15.72458711,0.0037855288,0.2989887773,0.719192362,0.0917598717,-0.085287892,0.2688357082,0.0048843188,-0.247773738,-0.109989613,-2.255041497,0.1139447871,0.1099896128,28.0,-0.032473304,-0.06557377,0.0396090563,0.1803183055,0.0443346244,0.2069447329,0.5887747641,-0.030472566,0.0980874303,0.3996839594,0.0,3.1978766013,-0.087551848,1.7358403001,-0.067393955,23.178922203,5.3998663337,0.1783451023,0.0,0.0,1.0,0.0,0.0,0.5444373654,6.0,0.1001060979,-0.042215523,-0.066476909,-0.069751699,-0.498799465,0.0617203608,-7011.900715,0.0376507894,14.227166006,0.002380995,0.0144925738,0.0260745578,0.0283028795,0.073239129,0.0078983356,0.0,-0.003583459,1.0185483458,-0.008186566,6.0,14.003626299,0.7262870363,0.0,0.0189047586,0.0134929396,0.0228826204,0.2092126081,0.7286420193,2.0544089e-09,2.778445e-08,1.2615237357,1.5914421358,0.0431158757,0.0321882057,-0.124830442,-0.028114825
78987,0.125705501,0.0082294696,119.45025312,0.009145687,0.2624220983,0.1280914348,0.0633149758,-0.054360987,0.2041420628,0.1149613168,-0.059025725,-0.092440916,-4.485117344,0.0451396063,0.0924409156,29.0,-0.001221062,0.0833333333,0.0311326836,-0.037068601,0.0080704012,1.143012884,-0.063850257,0.0083036365,-0.044472294,0.1152344528,0.0,0.8902722444,-0.342534831,0.6142928287,-0.343230116,19.285106383,5.4509371555,0.1307702014,0.0,0.0,1.0,1.0,1.0,0.5730015218,6.0,0.1237340954,0.0901847256,0.0457516564,-0.277756796,0.3189814625,0.027425628,26090.266993,0.0642905452,17.403283311,0.0004531659,0.0148668739,0.0438413739,0.0079913585,0.0157446809,0.0013338595,0.0,0.0001303016,1.5245603843,0.0863050921,5.0,18.355941008,1.964064387,0.0,0.0588600859,0.0290620907,0.0378988528,0.2073281704,1.872451907,7.410174e-11,1.2992507e-08,1.3814117654,1.9082984655,0.0025485915,0.0353416798,-0.105667818,-0.091892872
15491,0.3823399562,-0.319745015,1.4193398905,0.0,0.0557435521,0.0267163642,-8.356991525,0.0270504428,-0.755583365,0.2972136223,0.2376237624,-0.106662867,-0.142386205,-0.274217736,0.1066628675,22.0,0.0,0.25,0.0138461538,0.2940393906,0.3155915155,0.1990049751,1.1201683888,-0.003465537,0.0022316684,0.9444249695,0.0,7.5287272727,-0.199215145,7.5287272727,-0.199215145,0.0668221456,4.4228187919,-6.312952534,0.0,0.0,0.0,0.0,0.0,-0.834325186,2.0,49.760123044,0.0903572229,0.1690942299,0.5797395017,-1.577029471,3.8392806479,-7497.961321,0.0357482652,9.7110144917,0.0,-0.077627866,-0.080726863,0.00222101,0.9564260038,0.3838043969,3.0,0.0077720207,0.3317237039,-0.1265666,2.0,10.007947589,0.892297382,0.0,0.0530611724,0.0311152577,0.0523566648,0.5246112696,2.1034432517,4.852166e-07,2.8358549e-08,1.6324995763,2.6650548668,-0.464278035,0.2323439139,-1.357821455,-0.145662284
79072,0.5559978216,0.051849777,-4.490385995,0.0224630649,4.2404460124,0.2417580587,0.0315752402,0.0754864893,0.0445076781,0.000795253,0.0772015386,-0.006159821,-0.549826281,0.080358147,0.0061598207,28.0,0.0077949771,0.045174538,-0.020152526,-0.144126631,-0.051942065,0.0692431138,-0.082005813,0.0144052634,0.0625837696,0.6852746264,0.0,0.9927146737,-0.008631105,0.9820635698,-0.01708941,0.2871745648,0.0736674102,0.0150281043,0.0,0.0,0.0,0.0,0.0,0.3793494257,4.0,-0.032786188,-0.000691706,0.0301033086,-0.55116936,0.8799177965,-0.073012428,-4954.946642,0.0256085935,14.799774281,0.0005005787,0.0035178384,0.0342438213,0.0053226675,0.3637042633,-0.049452955,0.0,-0.000665336,-0.58845064,0.0171983747,7.0,14.863976567,0.8371522262,0.0,0.0205578152,0.00920669,0.018944848,0.1991924978,0.8521347654,6.21987e-10,2.670552e-08,1.2702743183,1.6135968438,0.0067164767,0.0350041796,0.3233973173,0.0732063074
79089,0.9838899642,-0.215324663,-1.948009149,0.0,2.3269561202,3.6150948246,-0.079336052,-0.07865924,0.5069319986,0.0189642885,-0.056697711,-0.128003783,-2.053519954,0.2268488287,0.128003783,28.0,-0.099557522,-0.264705882,-0.272519155,-0.190694465,-0.022690639,0.1265516766,0.0154852796,-0.157998345,-0.127151359,0.5797239861,0.0,1.7733731286,-0.064016897,1.2446672133,0.1462713073,5.104126725,5.8507240228,-0.049510976,0.0,0.0,1.0,0.0,0.0,1.553817284,3.0,51.886152247,-0.230940251,-0.345611652,1.1812895097,-1.55356013,4.164304914,-7076.348271,0.0357482652,13.133167138,0.0103381749,0.0234926778,0.0770368046,0.0911741332,0.134148401,0.0187022629,2.0,0.0249767537,10.682574947,0.2129319385,5.0,15.035228735,4.0076689783,0.0,0.0507399105,0.0292553828,0.0484899033,0.3163585149,4.0494687563,3.9585393e-09,8.727893e-09,1.6904072844,2.8574767872,0.0216447007,0.1226901287,-0.080407629,-0.145662284
79108,0.7580028368,0.1085373193,-2.120173993,0.0,0.9393555203,2.7262207108,0.0817034251,0.1150550169,0.1753303243,-0.010646318,0.0865018621,-0.01738081,-0.257786303,0.1365167536,0.0173808099,29.0,0.0439207331,-0.054054054,-0.029269565,-0.099591674,0.0629235085,0.1824568176,-0.022693566,0.0638226756,0.1525919127,0.6276794426,0.0,1.8614226877,0.0052278815,1.2734937921,-0.0097813,10.394419608,4.3840855192,0.1693886439,0.0,0.0,0.0,0.0,0.0,0.3938301115,7.0,-0.920864883,-0.11718562,-0.778946459,0.6149177491,-2.430506177,0.254981546,-16364.13998,0.0740556467,14.72695401,-0.003428619,0.0141320995,0.0307566411,-0.09319834,0.1545208986,-0.001269593,0.0,-0.000778412,1.4774006274,-0.044218226,4.0,15.075135183,1.3503550062,0.0,0.0425638668,0.017281989,0.0297027779,0.2655023531,1.6717616494,1.0966345e-09,1.8070189e-08,1.1561494537,1.3366815593,0.1312794216,0.0358656298,0.1588399147,-0.091892872
79116,0.882095474,0.0618000982,-9.715693711,0.0250798899,6.4021894402,0.3073871703,0.0235016524,0.180546333,0.0417401399,-0.026110601,0.2066279206,-0.007085115,-0.771253124,0.109463617,0.0070851148,28.0,0.0001685245,-0.097972973,-0.008973338,-0.101223294,-0.124217938,0.1091353953,-0.007220231,-0.000339814,0.0204551221,0.5333059398,0.0,0.8223208228,-0.032406168,0.8209168737,-0.032372665,0.4814838601,0.0690127759,0.0125402455,0.0,0.0,0.0,0.0,0.0,0.2979450015,4.0,-0.044622683,0.0007520008,-0.113044202,-0.225071707,-0.921113265,-0.043906958,-5826.842082,0.0256085935,14.055013068,0.0006593466,0.003356276,0.0283642607,0.0032164239,0.0875187248,0.0351829233,0.0,-0.000230415,-0.227920867,-0.015841965,4.0,13.641049349,0.5158831634,0.0,0.0375782512,0.0149820796,0.0227328405,0.2056843476,0.5580926016,3.5886744e-09,4.1183979e-08,1.0418706043,1.0854943561,0.0247839785,0.0331058324,-0.091023097,0.0732063074
79133,0.2079943128,0.0240593209,19.702637863,0.0104152895,0.2404659655,0.3292745796,0.103698957,0.1201346726,0.3048238984,0.0190836104,0.0750808974,-0.094307439,-1.663768454,0.06408846,0.094307439,28.0,0.0009491309,-0.071428571,0.0243407424,0.0103171151,0.0188774015,0.173656957,0.0354641495,0.1028677032,0.1771551406,0.403023205,0.0,1.7543818056,-0.071648725,1.2682035398,-0.053432126,9.597690793,5.026907738,0.2103782027,0.0,0.0,1.0,0.0,0.0,0.6696127528,5.0,-0.055442765,0.0051169756,-0.05978801,-0.244835481,-1.446916091,-0.051615487,-1197.819727,0.281925686,15.834128062,-0.001570273,0.0114984981,0.0237931975,0.0084409854,0.0278050144,-0.00901104,0.0,0.0,0.5412546782,-0.048382801,6.0,15.698955844,0.8271697192,0.0,0.0282431468,0.0177959494,0.0255048307,0.4094908696,1.8363110739,5.637988e-10,2.8028379e-08,0.6050274393,0.3660582023,0.0571888907,0.0260333215,0.1511973901,-0.031359609
79103,0.004357444,0.0544393746,56.767893888,0.0,0.3559194593,0.360520813,0.2157003476,0.0820629719,0.5972036435,-0.059455957,0.1101340915,-0.097186575,-0.618786602,0.0881257302,0.0971865754,28.0,0.0178457262,-0.061140317,0.1433014926,0.0214056137,-0.013612597,0.0516638219,0.1208349569,0.0591896547,-0.647007601,0.5137928678,0.0,0.8550798996,-0.00311577,0.2909860531,0.8943004809,24.92159823,35.133829255,0.1898344633,0.0,0.0,0.0,0.0,0.0,9.1062751267,6.0,0.0090351654,0.2884842617,-0.055453438,-0.418465011,-1.044576168,-0.142329595,25496.723974,0.4119188279,17.50398431,0.0002177712,0.0467517308,1.1117093765,0.0065748224,0.0381107242,-0.016926294,0.0,0.0017837856,0.4515625518,-0.05593346,6.0,18.348379967,1.9053429694,0.0,0.0366403311,0.0339373999,0.0292044812,0.355779444,5.4962657843,4.688991e-11,1.1978216e-08,0.7073484183,0.5003417848,-0.026918367,0.0340977699,-0.150937577,0.0086816377
88597,0.461473954,0.035893325,1.1040246343,0.0204211266,0.8589381449,0.8815890084,0.0521110688,0.4879479424,0.281459078,0.1872561769,0.4224984238,-0.02200447,-0.678787879,0.060257279,0.0220044697,28.0,0.0163560009,0.5,0.1325322248,-0.432922321,0.1081087663,0.1439804073,-0.131324354,0.1367427367,0.6133662896,0.3311907402,0.0,2.0001248439,-0.071507498,1.5912609238,-0.107425105,4.9916859122,6.2758420441,0.0906049002,0.0,0.0,1.0,0.0,0.0,0.7956079475,4.0,1.431256164,-0.14189843,0.3219954414,0.2176220152,5.723330039,0.147004642,-2068.886621,0.0232852488,15.32323478,0.0004246375,0.006141776,0.0175319534,-0.025114324,0.1088006386,-0.025528907,1.0,0.0004314995,0.4935974416,-0.036101887,5.0,15.472540202,1.0505545468,0.0,0.1228069589,0.0330341941,0.0352975725,0.4434401856,2.3566572022,7.653804e-10,2.1461025e-08,1.4148848277,2.0018990757,0.0004471716,0.0368359048,-0.14842759,-0.24467985
79150,0.4200264802,-0.036978983,3.0936404321,0.0,0.1437172103,0.201157836,0.0172660848,0.1055154062,0.2886879744,0.0014677104,1.2017622602,-0.106408737,-1.544783588,0.0201455432,0.1064087374,28.0,0.0695489829,0.7987012987,0.138268912,0.0939429013,-0.098880317,0.1838540529,1.2601067321,0.0906413474,-0.055406446,0.4923520548,0.0,4.8114302764,-0.665754822,3.5580329292,-0.713544919,1.3268882605,5.4127043399,-0.155204852,0.0,0.0,1.0,0.0,1.0,0.3310654766,4.0,0.9958193188,0.0154161832,0.6206967401,0.1761745414,5.5195237628,0.1068929062,-5097.920081,0.0232852488,12.65438116,0.0058558191,0.0015366355,0.0019455796,0.0127637516,0.2577734962,0.00877116,0.0,0.0037593985,0.1643606857,0.0580382561,5.0,13.069865888,1.1072607261,0.0,0.0409185588,0.0281153957,0.044498259,0.268468274,1.2962949106,1.5050087e-08,2.2434497e-08,1.0560619267,1.1152667931,0.0335708995,0.0623312519,-0.51965864,-0.24467985
79166,0.7123646267,0.0709389547,-11.40841589,0.0229613694,4.9636377706,0.2609529529,0.0272449201,0.1318663602,0.0436974381,-0.00633647,0.1383463586,-0.006444202,-0.485581096,0.10538557,0.0064442022,28.0,-0.000193915,-0.05752754,0.0351654913,0.0415690187,0.0064182914,0.0976157693,0.0932400596,-0.000219889,0.0886846049,0.518838345,0.0,0.8292721592,-0.106881732,0.8250766462,-0.106310573,0.6595108202,0.075247278,0.0175226741,0.0,0.0,0.0,0.0,0.0,0.3348907323,5.0,0.0413239762,0.0015134721,-0.072598769,-0.394802555,-0.821812604,-0.047985005,-5998.659462,0.0256085935,13.84987194,0.0003624689,0.0040171493,0.0331064704,0.003646126,0.08208702,0.030911123,0.0,0.0028475278,-0.060385008,0.0156544109,7.0,13.192387196,0.3798089424,0.0,0.0229272358,0.0143824058,0.0247620259,0.2719049446,0.4105669803,6.9714728e-09,7.4508107e-08,0.7540350767,0.5685688968,0.0142910738,0.029558498,-0.019106876,0.0732063074
79198,0.6009677356,-0.202445776,-2.391181034,0.0010157824,2.7845815087,4.2217426925,-0.001606809,-0.073967946,0.1655342738,0.0181477365,-0.023167776,-0.109605343,-1.947688282,0.1918554899,0.1096053427,28.0,-0.036974342,0.0967741935,-0.130708528,-0.149327415,0.1436242242,0.1557188925,0.1692465364,-0.079515789,-0.236690497,0.5897581056,0.0,1.9975038746,0.0143224109,1.1067874593,0.1646247987,10.723854859,6.1530151564,-0.008076443,0.0,0.0,1.0,0.0,1.0,0.6553176269,4.0,0.0931160729,0.0615301723,0.0958710549,0.1444770451,-0.473804122,0.1396310636,-8331.348145,0.0376507894,13.674437655,0.0049195796,0.0099224968,0.0616193886,0.3261839732,0.0827085476,0.0008926638,1.0,0.0,1.0664293167,0.0899908831,3.0,14.553806507,1.5428550149,0.0,0.0706687197,0.0314797145,0.0470030142,0.3011324141,2.3295670985,4.158162e-09,1.7358451e-08,1.3543066853,1.8341465978,-0.146731418,0.1024173999,0.7973304417,-0.028114825
13949,0.0693599236,0.0421635184,9.4891511842,0.0117426869,0.4303299059,0.9875139839,0.1490201021,0.1681751131,0.4544215816,-0.007692308,0.1432711568,-0.060631569,-0.666835764,0.0702796604,0.0606315692,22.0,0.0171585727,0.0101010101,0.0241287904,-0.033210862,0.0774500453,1.3875285668,1.6411072604,-0.006650499,0.3507237322,0.4877783128,0.0,1.5272041659,0.2302624824,1.3322473899,0.2494046408,13.09566019,5.1411430639,0.1608701704,0.0,0.0,1.0,0.0,0.0,3.6240758096,5.0,-0.036427471,-0.145306418,0.0297867545,1.1064754452,-0.396434632,0.0827600703,15016.953129,0.0624291911,16.908742789,0.0029164001,0.0296522039,0.2541952708,0.0219272027,0.0271982778,0.0069014061,0.0,0.0004395121,0.3202828296,-0.013939771,7.0,17.252592672,1.3937826263,0.0,0.037593063,0.0201491413,0.0255984732,0.3250187053,2.8150190393,1.047902e-10,1.6409524e-08,1.1203183612,1.2551132304,0.0076437364,0.0327373051,-0.172171491,0.1631852225
79237,2.7991601235,-0.399022248,-8.051299103,0.0,7.2971105582,2.2181977509,0.0083493899,-0.095457374,0.0477909147,0.0053426294,-0.152721033,-0.042039687,-1.701940035,0.2800896906,0.0420396872,28.0,-0.0019604,-0.183050847,0.0207253886,0.1633724474,0.1868217812,0.0442067131,-0.025539273,-0.053349927,-0.036250211,0.5350434783,0.0,1.9769119769,-0.063682349,1.6637806638,-0.092578974,2.0205128205,5.4065180103,0.0189321891,0.0,0.0,1.0,0.0,0.0,0.0446804923,6.0,9.404563802,0.2155976918,-0.094915137,15.658090217,-3.92628898,-2.972801335,-337.1806916,0.0340789314,14.7558173,0.0022694909,-0.006132654,-0.011496286,-0.059565265,0.0703661327,0.0561636943,0.0,-0.013192612,0.0446819126,0.0005928427,4.0,17.459221069,7.4750686189,0.0,0.0414746143,0.034364817,0.0603083367,0.2291192345,5.3842825826,5.072907e-10,4.9721085e-09,2.7035401894,7.3091295558,-0.035544504,0.1289551318,-0.031117436,0.818494895
90783,0.3058768084,-0.884799782,1.9852171702,0.0,0.2531454648,0.3445888252,-1.265025807,-0.445469663,-0.137068843,0.2627068864,-0.333475611,-0.477587119,-0.64941004,-0.31020192,0.5572082991,18.0,-0.062001465,-0.155172414,-0.554757735,-0.302621771,0.6185967821,0.2991145788,0.9864529562,-0.340318584,-0.72776957,0.7029461663,0.0,2.3025882679,-0.375621526,1.8924500191,-0.401646509,1.3513630353,4.3676337635,-2.725909231,0.0,0.0,1.0,0.0,1.0,-0.183747316,2.0,-0.507856973,-0.110239615,-0.333176972,0.0620248696,5.5346893382,-0.223454557,-5592.234941,0.0232852488,11.524453996,0.0008530257,0.0071270548,0.0150174072,-0.029310934,0.3186014809,-0.002892139,4.0,-0.007936508,-0.47502753,-0.026467174,2.0,12.974443518,5.4773161382,0.0,0.1043478325,0.049659372,0.0835068224,0.3519792095,2.5943061491,5.1892807e-08,1.3831288e-08,0.9551041349,0.9122239086,-0.514625997,0.1407155042,0.3584683682,-0.24467985
79323,0.8447085421,0.1667467282,-7.465841378,0.0237739686,2.863940846,1.3394463238,0.0746646082,0.0503293039,0.0746561067,-0.045791757,0.0193503065,0.0006912339,0.0152439024,0.1642048573,0.0006912339,28.0,0.0,-0.089220134,0.0025965305,0.0481463126,0.2535403751,0.3344827586,0.1889474477,0.0002667778,0.1893473684,0.2252161334,0.0,15.453309157,0.3446138958,15.453309157,0.3446138958,3.9592504199,1.9665012952,0.0638934863,0.0,0.0,0.0,0.0,0.0,0.3636631579,5.0,0.0630097168,0.0036196794,-0.615134996,-0.386011261,-0.578718666,0.2800392194,20413.656826,0.0397241163,17.368613161,-0.002378819,0.0016058141,0.007551317,0.0491507265,0.0602967626,-0.00489937,0.0,-0.013903071,1.0644442522,-0.050488855,5.0,18.094532256,1.73805411,0.0,0.0153462747,0.0192910927,0.0213111938,0.2553976997,1.9638800029,5.948977e-11,1.7751924e-08,0.8554497592,0.7317942905,0.0245145589,0.0301743866,0.0507431167,0.045344153
79299,-0.102184972,0.0209788849,18.088248057,0.0157750843,0.3191570205,0.6566254802,0.2006751224,0.1943956722,0.4667923872,0.0204113626,0.1149648495,-0.16028403,-2.218238625,0.0675150576,0.1602840303,28.0,0.0034125542,0.0121212121,0.1195497682,0.0118126678,0.0585980499,0.1273763479,0.0249855387,0.0358317333,-0.150887245,0.476568993,0.0,1.0607126414,0.2149531811,0.9559419668,0.2906585135,13.926100581,17.65116913,0.1250537596,0.0,0.0,1.0,0.0,0.0,-0.975180624,7.0,0.5519011888,0.195243661,-5.483545539,-0.627801739,0.0338763186,-0.001243312,-5460.33422,0.0823714328,14.996972338,-0.000562035,0.0341877945,-0.179277888,0.0086707394,0.1188971565,0.0072240908,0.0,0.001102449,2.6999354207,0.0715768812,6.0,16.318167182,2.8278437398,0.0,0.0365314856,0.0235952191,0.0331124593,0.2828363908,4.7774403741,3.644074e-10,8.2893859e-09,0.5958632538,0.3550530172,0.0867994274,0.0456708154,-0.551161431,-0.164654644
79248,0.2730794649,0.0278001901,4.987741974,0.0,0.2033004755,0.4252688554,0.1353648936,0.4061846117,0.4239385966,0.0075595275,0.7135701275,-0.058283935,-0.854498241,0.0515554036,0.0582839349,28.0,0.0044817095,-0.017653079,-0.060293264,-0.352993955,-0.011007957,0.2197486123,-0.134258744,0.0668269667,0.240518354,0.5923841797,0.0,3.1245436539,0.3096468191,2.5303178888,0.5526067978,3.4027017459,3.7827297358,0.2891974469,0.0,0.0,1.0,0.0,0.0,0.6427758384,5.0,-1.331455858,-0.034546426,-0.020992283,-0.146342009,-0.585429443,0.1291094751,-15566.12412,0.0629453635,14.619196544,-0.005379582,0.0167967165,0.0243114645,-0.006008407,0.2066637146,-0.018759086,0.0,-0.003089089,2.0623473262,-0.153376855,6.0,15.19619229,1.181767878,0.0,0.0378915742,0.0187801642,0.0332830001,0.2999586183,1.4001548933,1.3629972e-09,2.5541564e-08,1.3973943539,1.9527109804,0.0053331412,0.0430703055,-0.118469841,-0.107827317
79249,0.3841191407,0.065426301,-0.895180033,0.017673724,1.1174982734,1.7067690266,0.0560088342,-0.099867701,0.2124530594,0.0069204152,-0.16312597,0.0754090003,1.8267436695,-0.05409078,0.0754090003,28.0,0.0,-0.094503679,-0.065251281,0.1767497377,-0.056456449,0.0836022851,0.1946349172,0.0057960645,0.1538774964,0.4997612749,0.0,1.4033829141,0.1327838502,1.4033829141,0.1327838502,3.2999179539,7.0470993912,0.0610011494,0.0,0.0,1.0,0.0,0.0,1.0574159337,3.0,-2.952368128,0.0021377829,-0.30932811,0.3062499462,-28.45297644,-0.051697834,-14082.21648,0.03476008,13.174614989,-0.000626762,0.0172366814,0.0748613493,0.0339610991,0.2445612738,-0.002703068,0.0,-0.000262261,1.0010455827,-0.050326305,2.0,13.839452534,1.518989071,0.0,0.0290909577,0.0171835528,0.0214154883,0.295301832,1.7361634417,5.328155e-09,2.1515111e-08,1.3128199729,1.7234962812,0.0378038087,0.0407010468,-0.242257228,-0.054879185
18649,0.0361391695,0.0047138047,1.0921624775,0.0084455668,1.3841470258,1.0356060606,0.0700169944,0.3644720761,0.2711089856,-0.011976048,0.3871829481,-0.067622536,-17.91071429,0.0891414141,0.0676225364,28.0,0.0,0.1842105263,0.0030437264,-0.056968336,-0.014858563,0.1747112567,0.0037885209,0.063659068,-0.328467153,0.4023389672,0.0,1.3581799132,0.1040858941,1.3581799132,0.1040858941,3.9144129812,5.2502133713,0.0517121553,0.0,0.0,1.0,0.0,0.0,4.826903024,4.0,-2.942592188,-0.131152784,-0.030613905,-0.041730025,-28.53129292,0.0915343606,-11034.29334,0.03476008,14.846521091,-0.007342294,0.0034059946,0.1091954023,0.0337834577,0.1262043257,-0.054399748,0.0,-0.003159558,0.4766919387,0.1472673034,5.0,15.523845664,1.4121387406,0.0,0.0425870046,0.0182668214,0.0252998125,0.2675383763,1.7454975593,8.491982e-10,1.7085399e-08,1.3745259616,1.889321619,0.0754723852,0.0506765507,-0.005307262,-0.054879185
79382,1.1452536047,0.0735426312,-39.25140959,0.0383563816,7.2630393393,0.3714965611,0.02053423,1.0789134135,0.0704639849,0.8900658895,1.0472613443,0.0222260172,1.8817477052,-0.064846046,0.0222260172,28.0,0.0381717497,0.7095851216,0.7126961944,-0.256906412,-0.16267083,0.3760603454,1.5457483614,0.0665764003,1.3049086391,0.580811073,0.0,0.9574302631,-0.05095412,0.9207297282,-0.081590034,2.0006153228,0.0589056233,0.0197349455,0.0,0.0,0.0,0.0,0.0,0.5735756171,2.0,-0.030042459,0.0095119706,0.6945138922,0.0380864234,0.134460426,-0.218216621,-6017.917642,0.0256085935,13.759343694,-1.9355e-05,0.003734665,0.0275955213,-0.005033211,0.0154109667,0.0072612544,0.0,0.0,-0.047270599,-0.025942016,2.0,14.175197093,0.9158647082,0.0,0.0261962991,0.0126904685,0.024787903,0.2817520988,1.0491825015,3.6681512e-09,3.4345271e-08,1.5769426389,2.4867480863,0.0110428684,0.0401240209,-0.178176339,0.0732063074
79507,0.3262890424,0.0209903956,22.511788061,0.0,0.2693256227,0.1634809455,0.0171186528,0.0998546355,0.1632093479,0.0157102696,0.1265699337,-0.012108314,-0.327983782,0.027874905,0.0121083137,28.0,0.0016963489,0.0,-0.259878956,-4.333421398,0.0457058396,0.030259892,0.0201560625,0.1340005697,0.0787395113,0.5348462233,1.0,0.6684331713,-0.328948999,0.5969536932,-0.344974797,6.5140586365,6.4412504366,0.1429919074,0.0,0.0,1.0,0.0,0.0,0.2714763439,5.0,1.0460063221,0.1129340994,0.090653218,0.2897944261,-0.191423399,0.0270991303,-3218.969193,0.0633299066,14.096229402,0.0052608212,0.0334618984,0.0556338151,0.0414721465,0.0491294235,-0.226691921,2.0,0.0029855202,0.2708751096,0.0901319264,7.0,14.813511445,1.3906048565,0.0,0.0549419597,0.0514074028,0.0415472431,0.6967719109,8.5202998387,2.8590045e-09,1.6150634e-08,1.9923452425,3.9694395651,0.0472759817,0.0590584711,0.0136396989,0.0171249485
79545,0.6962516696,0.0541577217,-1.749518885,0.0158140547,1.0078752,1.1010264812,0.0391251864,0.6521335807,0.2581941868,0.1575665672,0.9153972828,-0.053165442,-1.368,0.1282454849,0.0531654425,28.0,0.0372313552,0.7137931034,-0.000295043,-0.520232899,-0.013484484,0.1182840483,-0.188986366,0.2765409194,0.3659158521,0.4380208996,0.0,1.6186351706,-0.017257218,1.2811023622,-0.01495959,6.1606060606,3.4633730835,0.1508155052,0.0,0.0,1.0,0.0,0.0,0.5150871228,3.0,-1.382406784,-0.045250282,0.7104538994,0.2768301961,-0.35266164,0.2057995563,-8480.937904,0.0629453635,15.994594476,-0.005875872,0.0056929372,0.0144382614,0.0851309861,0.0915650961,-0.206279851,0.0,-0.003008563,0.5633286561,-0.000336517,6.0,16.840586412,1.8396006818,0.0,0.0305711813,0.0208670941,0.0297805951,0.3513788238,4.5938591899,2.384659e-10,1.3343578e-08,1.2496185034,1.5615464041,-0.025501022,0.0422250317,-0.110746727,-0.107827317
79490,0.5316925416,0.0013790215,0.5046771712,0.0,1.4628791793,1.1781628281,0.0662539018,0.0060614664,0.3162467173,0.0017727877,0.0045091762,-0.041721803,-45.71560737,0.0843454601,0.0417218028,28.0,-0.003684388,-0.273817035,-0.240842159,-1.463870264,0.1737046455,0.0575815162,-0.027811678,-0.012884756,0.0103572447,0.5326834857,1.0,1.9204981238,0.2832366009,1.8581914148,0.3220000113,3.3314499443,25.609502447,0.0502156322,0.0,0.0,1.0,0.0,0.0,1.0011052481,6.0,1.0816629,0.0447584803,-0.183163817,0.4951979253,-0.572520669,0.0835696854,-4240.411593,0.0633299066,12.647005621,0.000903642,0.0098664115,0.0451162336,0.0145450152,0.5839239979,0.1367918175,0.0,0.0047125353,-0.330339092,0.0581535995,5.0,13.137241097,1.1771482366,0.0,0.045405414,0.0197666283,0.0414154822,0.3414179854,1.4929733882,1.1949616e-08,2.5899318e-08,2.4631072357,6.0668972545,-0.001124211,0.092622931,-0.109919362,0.0171249485
88568,1.1776500258,0.1216247135,-44.87047631,0.0443808282,2.4710449182,9.4909832016,0.0587772781,0.0007830871,0.6261906153,-0.01375478,-0.028795312,-0.101384582,-3.04030877,0.4914013968,0.1013845816,21.0,0.0020087854,0.0465116279,0.0951750016,0.0597180341,0.0504518124,0.103325668,0.0404746358,0.0238037378,0.0691030896,0.4546218787,0.0,1.4715888821,-0.165586505,0.6858853694,-0.156382044,454.11939356,26.144927901,0.1056844576,0.0,0.0,1.0,0.0,0.0,2.04577347,7.0,0.0818641809,0.46129328,-0.473019447,0.6535394017,-0.192377393,0.3135333037,-2117.449575,0.1434034542,14.029717622,-0.000436345,0.0068696198,0.0200694018,0.0157995644,0.0109890845,0.006088007,0.0,-0.000456621,0.6852560892,0.0238010535,6.0,15.101581553,2.2918212183,0.0,0.0426049195,0.0201332605,0.0350029457,0.5205447493,7.5318715139,1.4188252e-09,1.0305487e-08,0.1378887925,0.0190133191,0.6940896645,0.0744725581,0.2843955683,0.4042341731
79491,-0.016305451,0.0427346386,103.23695392,0.020392202,0.0612181615,0.094663035,0.6854996155,-0.445469663,0.9996442547,-0.048632219,-0.135077135,-0.28755701,-0.449250578,0.0619331997,0.2875570102,28.0,0.0004507163,-0.081632653,-0.098732588,0.2004389776,-0.00788899,0.0872459075,0.3887367332,-0.011076615,-1.914122751,0.549307469,0.0,1.6054111033,-0.53507681,1.5960119466,-0.536832023,9.8836026332,6.2976167779,0.6580398628,0.0,0.0,1.0,0.0,0.0,4.8266388175,5.0,0.2764600898,0.197772975,-0.178964616,87.59914543,-12.18372913,-9.200114259,-2790.228912,0.0109914292,13.468690876,0.0156533385,0.1402619349,-0.791382152,0.0024073852,0.6836935167,0.0007613288,1.0,0.0009290762,3.5296214209,0.0585446637,6.0,12.850082102,0.5084794481,0.0,0.0321479775,0.0193019663,0.0240278641,0.3417574703,0.8389516823,8.9917281e-09,4.4799848e-08,0.8065335624,0.6504963873,0.1813781784,0.0364148817,-0.312303317,0.0069773022
15724,0.3278014918,0.0063347043,130.87612613,0.0,0.8933333852,4.5452826298,0.0315778725,0.0163218778,0.4776221874,0.0091393755,0.0053423482,-0.003070914,-0.587223587,0.0100545921,0.0030709137,21.0,0.0372621327,0.15,0.2177243481,0.0661449545,0.0025635883,0.1670857368,0.1611944692,0.073150511,0.0474982592,0.4164773443,0.0,1.4167458056,0.0741573992,0.6889047167,-0.052751493,454.11939356,17.920409917,0.0663132059,0.0,0.0,1.0,0.0,0.0,1.7580324281,7.0,-0.000653088,-0.317867605,-0.059278896,-0.178651953,-0.31031475,0.0820287123,2580.3477573,0.130812276,15.846805068,0.0002713213,0.0005990543,0.0022316129,0.4308722473,0.0030306432,0.0581331657,0.0,0.0,0.6102231826,0.0180996144,3.0,16.678403974,2.0945364146,0.0,0.0372847058,0.0238223766,0.038807952,0.2164766007,1.784822151,3.09835e-10,1.3864822e-08,2.2137326504,4.9006122475,0.0727964008,0.0574166127,0.3183509777,0.4042341731
80069,0.0627688547,-0.021625225,15.841369943,0.0,0.0462643593,0.0212320193,-0.459243075,0.3591271246,-0.269412807,0.0190572009,3.2203023758,-0.477587119,-2.215665114,0.0262890314,0.5063428335,27.0,0.0,0.4181034483,0.5715860533,-5.127236911,0.0424226836,0.1252177338,-0.009174116,0.048924121,-0.114680399,0.5779676349,0.0,2.6245905443,-0.668793722,2.6245905443,-0.668793722,0.3759954757,13.484836665,-0.732390554,0.0,0.0,0.0,0.0,0.0,-0.304840627,4.0,-10.51238899,0.0013470871,0.0995290182,-0.292351382,-1.140978187,0.1688655845,687.60200787,0.02204135,15.284630509,0.0,-0.086231694,-0.145057108,0.0047058754,0.5179047185,-0.189838961,0.0,-0.004805382,0.7731670074,0.0025925841,5.0,15.821068267,1.3657946836,0.0,0.0697977617,0.038730917,0.0555996066,0.2247654342,1.3212833206,1.0520542e-09,1.7924259e-08,1.0484368329,1.0992197926,0.1468505805,0.0880894593,-0.23297482,-0.24467985
85913,0.0100479385,-0.006239069,32.06368073,0.0036452986,0.567147709,0.2485112227,0.0412189389,-0.013971498,0.0501776376,0.0012345679,-0.003162477,-0.076620035,-7.138576779,0.0382990027,0.0766200354,28.0,0.0,-0.304597701,-0.492895289,-0.231099882,0.016645289,0.1337157988,0.0728003165,-0.037483534,-0.388335704,0.1357609004,0.0,0.4911335188,0.0487043508,0.4911335188,0.0487043508,12.126567845,6.0152714932,0.0014809025,0.0,0.0,0.0,0.0,0.0,1.1550497866,5.0,87.285164764,-0.257050848,-0.736656325,2.2048506357,-0.456940052,0.0245436234,31495.098858,0.1661919548,17.877709653,0.0012327024,0.008978126,0.2763819095,0.0350797805,0.0315024892,0.04721316,0.0,0.000135053,0.212830414,0.0143153062,6.0,18.41338156,1.5953677281,0.0,0.0753490999,0.0282840277,0.0338297906,0.341118675,2.1527212289,5.067047e-11,1.5581011e-08,1.4913074196,2.2239978197,0.0565880784,0.0411975983,0.0319306764,0.1917246791
79668,0.4012639761,0.0290284894,0.699075487,0.0048381707,1.2737930408,0.9958163456,0.0513193249,-0.078380948,0.2079422114,-0.017928637,-0.023866625,-0.036375201,-2.192765981,0.0926811736,0.0363752012,28.0,0.0048774206,-0.114285714,-0.12600984,-0.012999805,-0.029093111,0.2565236684,-0.092841389,0.0236770491,-0.218020164,0.3427561828,0.0,2.1092170881,0.106149684,1.634338977,0.0300594823,3.7106339916,6.2756378509,0.0675778352,0.0,0.0,0.0,0.0,1.0,0.6766922228,4.0,0.1453757837,0.0401308985,-0.151867391,-0.002198321,-0.23071957,0.0749671953,-14496.36269,0.0642905452,14.641193661,0.0030196813,0.0134287402,0.050603226,0.049296561,0.1372496578,-0.050913762,0.0,0.0022313766,1.0140664282,0.021819884,4.0,15.027800725,1.4991112316,0.0,0.0352964401,0.025130656,0.0352017827,0.315164904,2.17639908,1.5925624e-09,1.6663632e-08,1.4012277852,1.9634393061,0.0470835189,0.0451806436,-0.534818798,-0.091892872
79731,0.948915617,0.096813546,-31.20011758,0.0060390609,8.1325232373,0.4988673445,0.0236747963,0.1576164431,0.0458426783,-0.001389942,0.1635469199,-0.009742399,-0.851655607,0.1792653453,0.009742399,27.0,-0.003019303,0.0602582496,0.1048032616,-0.035577412,-0.057965257,0.1005739787,0.0171384401,-0.003535511,0.1091657623,0.5587764698,0.0,0.9401281153,-0.058232783,0.9393066569,-0.054267232,1.9882869972,0.0749871186,0.0143857416,0.0,0.0,0.0,0.0,0.0,0.4203671983,4.0,0.0282616914,0.007417682,0.0451870202,-0.158251564,-1.232742607,0.0258947705,-6249.851102,0.0256085935,13.772887783,0.0006672282,0.0054373993,0.0500653475,-0.003154812,0.0213044858,-0.009157854,2.0,0.0064152411,0.1015451859,0.0005911704,5.0,13.828164797,1.0109342247,0.0,0.0302120578,0.0154763136,0.0247380258,0.4133048984,3.892749052,1.856146e-09,1.4803959e-08,1.2292271701,1.5109994358,0.0360417653,0.0354374109,-0.159586385,0.0732063074
79758,0.2341652062,-0.028063748,5.5198133678,0.0,1.1323430693,0.4538722693,0.0288020834,-0.013713536,0.1390041871,0.0025909523,0.0093041602,-0.064157622,-3.145746102,0.0602176782,0.0641576223,27.0,7.79766e-05,-0.41218107,-0.34503546,-0.229264092,0.0368010078,0.0813474162,0.0661311988,1.92477e-05,-0.11167745,0.3711664961,1.0,1.2409345409,0.7298576682,1.1977760476,0.7674760699,4.067389969,40.746857699,0.027048474,0.0,1.0,1.0,0.0,0.0,0.5484294704,4.0,0.9360745149,0.0865404661,-0.321527852,0.1976705899,-0.05572137,0.0594419035,452.77760657,0.0633299066,15.711945903,0.0012911786,0.0219605707,0.101728158,0.0268498363,0.0906011384,-0.004335319,6.0,0.0012646222,0.1411625248,0.0174689158,5.0,16.776759315,2.327471772,0.0,0.0308739822,0.0231225873,0.041020218,0.2756815272,2.8942477452,3.122966e-10,1.1149488e-08,2.0244377987,4.0983484007,0.0278314096,0.0459911251,-0.012178788,0.0171249485
79686,0.1566061075,0.0414849359,6.6374610437,0.0,0.0784513401,0.2760393485,0.4677449868,0.2280793692,0.7999776785,-0.003178685,0.1575717042,-0.108645622,-0.55843168,0.0646514384,0.1086456217,28.0,-0.016974067,-0.055555556,0.1936297322,0.0476610205,0.0459773311,0.1030770522,0.1988190703,-0.038506774,0.266730695,0.7430309609,0.0,3.5245768285,-0.111718008,2.9305097701,-0.000641147,2.3368203929,11.465405264,0.6275297039,0.0,0.0,0.0,0.0,0.0,1.2332272042,6.0,0.0735085412,0.1868236206,0.0200020729,-0.497122602,-0.012870159,-0.017342189,6502.6592333,0.2250075984,15.795034488,-0.000386764,0.0445445836,0.0719266632,0.0099074151,0.3095756279,0.0076924833,2.0,-0.001082732,0.4266347019,0.0462291867,7.0,17.298797254,3.486166685,0.0,0.0715180933,0.0311898985,0.0401660429,0.28159289,3.662739369,2.562237e-10,8.4089001e-09,1.3949416114,1.9458620993,0.0397629193,0.0458183597,-0.496607309,-0.239458447
79734,0.9787050277,0.0676082104,-5.104279466,0.0288006328,9.0228037613,0.383711457,0.0177927403,0.3119474123,0.0420957514,-0.008561036,0.354274612,-0.010033092,-1.307773109,0.15602441,0.010033092,28.0,-0.000201468,-0.079365079,-0.054426855,-0.082430438,-0.071081141,0.114558813,-0.187030658,0.0057045684,0.0184825622,0.6076578922,0.0,0.8838491598,-0.070078584,0.8838491598,-0.069806851,0.2237245772,0.0643185431,0.0112647349,0.0,0.0,0.0,0.0,0.0,0.3339559133,4.0,-0.036982037,-0.004439117,-0.094436309,-0.128462154,-0.3732885,0.0026538351,-6720.718212,0.0256085935,11.956162026,0.0008623527,0.0039764603,0.0409616757,0.0077572514,0.2146243894,-0.328407638,2.0,0.0123796424,0.4399775889,-0.004796149,4.0,10.874641425,0.2881848722,0.0,0.02691219,0.0161926398,0.0186463884,0.4752581213,0.4066990987,1.09642e-07,1.563257e-07,0.9009039142,0.8116278626,0.1410481744,0.0453618233,-0.121216696,0.0732063074
79824,0.3284937841,0.0395467219,-7.949369311,0.0141903818,1.805984713,0.0986667554,0.034983926,0.3198015499,0.0569220623,0.0463753297,0.3114812588,-0.000900936,-0.042735381,0.0412367661,0.0009009363,28.0,0.0057259646,0.1152416357,0.1787638558,-0.053471743,0.0132255601,0.0899212056,0.0100005316,0.008002806,0.3674984538,0.412758349,0.0,0.6820906896,0.0112438463,0.6723958101,0.003457001,0.691364781,0.0987487704,0.0264218078,0.0,0.0,0.0,0.0,0.0,0.3832334988,5.0,0.0527614748,0.0049187913,0.1001704063,-0.778673397,0.3209952942,-0.112133809,-1766.868617,0.0256085935,15.550326515,0.0001235847,0.0047795931,0.0342531166,0.0007648421,0.0447365429,-0.018436711,1.0,0.0006528836,-0.511011927,0.0604955354,7.0,15.240619275,0.6658795722,0.0,0.0296013765,0.0126513076,0.0254020391,0.2862002098,1.0890125143,5.788156e-10,3.3210626e-08,0.8502044336,0.7228475789,0.0099558091,0.0310100802,-0.24669109,0.0732063074
79857,2.0427935292,-0.814349589,-6.187022831,0.019112125,1.3000237225,1.1391574266,-0.146963034,-0.256902006,0.0726022414,-0.022964444,-0.201112083,-0.279776251,-1.346971228,0.2825558766,0.2797762514,28.0,-0.000845622,-0.482758621,-0.544964656,-0.020676597,-0.000651237,0.2415177557,-0.196935593,-0.108037071,-0.28852175,0.5598255781,0.0,1.7461365911,0.1071370744,1.6252657806,0.0934183809,4.9985505635,6.8284459615,-0.091922305,0.0,0.0,0.0,0.0,0.0,0.0993626527,3.0,8.6354691759,-0.005724331,-0.39462291,9.6556944416,-4.192407599,-2.970335149,-771.2413316,0.0340789314,15.084152904,-0.001331911,-0.027006097,-0.04591316,0.0885978415,0.0633923266,0.2717898785,6.0,0.0022222222,0.6777290459,-0.134525314,3.0,16.696497325,4.1435517153,0.0,0.074553363,0.0364316435,0.0555832412,0.2897875637,4.2943411619,4.27557e-10,5.8741008e-09,2.1245480105,4.5137042489,0.0580491986,0.0952964579,0.6584412231,0.818494895
79906,0.1367789557,-0.015488692,8.6472716261,0.0,0.0497429353,0.1396826043,-0.155678668,0.0391531334,0.7422989713,0.0153160821,0.1464439895,-0.048971417,-0.578626094,-0.006526531,0.0489714165,28.0,0.0014382481,0.2177197802,0.2352939814,-0.325521927,-0.022929997,0.0868935308,-0.34080071,0.0609848982,0.0049499578,0.6935312313,0.0,3.738771695,-0.226568469,3.7127496257,-0.228406886,1.4803686291,5.5326456346,-0.275138161,0.0,0.0,1.0,0.0,1.0,0.9780992655,2.0,1.0990107431,0.0689286369,0.0397152216,-0.107072983,7.3439736505,0.0802208322,13344.702599,0.0232852488,16.625155067,0.0048481752,0.0465445704,0.0619031351,0.0126604822,0.5439787884,-0.045496911,2.0,0.0061064263,0.9943123858,0.00288295,7.0,17.054768697,1.4736236202,0.0,0.0239789952,0.0147153753,0.0235747325,0.3763513613,3.0892404732,1.17145e-10,1.6427509e-08,0.3185318393,0.1014625327,0.2784347325,0.0442802015,0.3346470655,-0.24467985
79862,0.3177394294,0.03558034,38.42888875,0.0,0.2002150771,0.4410977939,0.0986725289,0.2316460968,0.2833572045,0.007867187,0.5095334411,-0.005291896,-0.069791454,0.0380635437,0.0052918964,28.0,0.0180532594,0.2096273292,-0.014187938,-0.356356531,0.0371255686,0.1822006952,0.1240474087,-0.013165727,0.1036271967,0.238190015,0.0,1.4076892536,-0.261869875,1.0824278719,-0.308222993,32.213701878,5.2153038032,0.267477781,0.0,0.0,1.0,0.0,0.0,0.412852912,4.0,-0.03549273,0.0427004491,0.0746679784,-0.588629751,0.1755776153,-0.165083039,-1064.273839,0.0894515012,14.066658683,0.0001098157,0.0234830327,0.0353653086,0.0318786624,0.0113080915,0.0094148551,2.0,-0.003876525,1.2711992436,-0.112976631,5.0,14.573092405,1.5102308419,0.0,0.0402649827,0.0228869137,0.0428506145,0.2474078754,1.3651591085,2.532473e-09,1.9240837e-08,1.410128585,1.9884626263,0.0194718598,0.0451095916,-0.128615999,0.2323533244
79839,0.2105275859,-0.014942326,10.829382457,0.0,0.4555146941,0.5603468858,0.0374740412,-0.037231876,0.2417963241,0.0125935755,-0.073557466,-0.06301911,-2.889638513,0.0282355943,0.0630191102,28.0,-0.017128943,-0.145696203,-0.13151806,0.0864805654,-0.052530951,0.342459485,-0.063023066,-0.018340072,0.0515235571,0.2773698042,0.0,1.6916961115,0.1389204363,1.360040662,0.1868630998,10.502674779,5.8766507674,0.0214139349,0.0,0.0,1.0,0.0,0.0,0.7857001203,3.0,51.875853475,-0.006149501,-0.226601973,0.4079271314,-1.211128278,4.1417339777,-3644.048251,0.0357482652,14.582401715,0.0043505738,-0.000751029,-0.001590262,-0.015552085,0.0778824377,-0.012012703,1.0,0.0,0.1391707118,-0.006991716,5.0,15.544941484,1.9871954196,0.0,0.0369342342,0.0212722767,0.0341659689,0.223803394,1.3970629389,1.3559503e-09,1.7632628e-08,1.1954084945,1.4290014687,0.0608042176,0.0473424031,-0.250311775,-0.145662284
79791,0.6251844007,-0.253991415,-0.104668759,0.0,2.9301821508,1.6099633294,0.0369093437,-0.063475031,0.2127087632,0.0025762712,-0.001888884,-0.080995411,-1.18759635,0.0476478623,0.0809954108,27.0,-0.000548428,-0.358748222,0.394272936,0.6698863385,0.0770183382,0.0510935412,1.5491308919,-0.013381483,-0.276487086,0.511263507,1.0,1.5727606669,0.1210224898,1.5451689577,0.1304993266,4.7981959535,36.939176885,-0.03872986,0.0,0.0,1.0,0.0,0.0,0.6828530489,5.0,0.9753130449,0.2912176046,-0.268095004,0.5886897844,-0.453346334,0.0468720876,-4158.018273,0.0633299066,12.651247411,0.0032227333,0.0162979567,0.088037392,0.0524078698,0.1446632715,-0.018152733,2.0,0.0066815145,2.1672427571,-0.004261518,2.0,12.765083806,0.7526218108,0.0,0.0593385808,0.022892416,0.041711153,0.3686091856,1.0002430115,2.4818344e-08,4.4880642e-08,2.8149696938,8.1460812957,0.1006459101,0.0982922128,-0.418042886,0.0171249485
79878,0.4295055523,0.0725819077,2.9684764686,0.0090203119,0.2711002401,1.5158847519,0.1841381597,0.272781304,0.4620199134,-0.003305704,0.4590387879,-0.041775181,-0.363480537,0.0989640185,0.0417751809,28.0,0.0372110634,0.0,0.1671167337,-0.095383299,-0.006764392,0.1470043911,0.0281661226,0.0881259735,0.1741564587,0.5732472307,0.0,3.3172297946,0.0744385282,2.0849619083,0.2271891378,11.182076561,10.819998321,0.4112796857,0.0,0.0,0.0,0.0,0.0,0.6944235617,5.0,-0.058085193,-0.104392716,-0.014331805,-0.099183277,-0.014688931,-0.00739533,-85.150714,0.0795592663,15.384874944,0.0045983613,0.0374939248,0.0697028382,0.1444107158,0.0630180606,-0.017001536,0.0,0.0054427773,0.1543356263,0.08924881,5.0,15.459477728,1.1420610121,0.0,0.040471904,0.0267211545,0.0370993631,0.2543818621,1.6581236747,6.966415e-10,1.6475319e-08,1.3393823174,1.7939449923,0.0211119057,0.0430523446,-0.027510768,-0.071410172
79879,0.1921732794,0.0114341613,3.3720022737,0.0,0.2943118396,0.2973626028,0.1076568339,0.1042053707,0.4409728086,0.0,0.1142830313,-0.105519437,-4.277657267,0.0603455845,0.1055194371,28.0,0.0062070257,0.0,0.0550910851,-0.017699884,0.0034224284,0.4247200332,-0.161581399,0.0423351911,0.089120045,0.5514697665,0.0,1.5774468085,-0.598041137,1.4428368794,-0.595456551,1.7037089669,4.3501451379,0.1319120586,0.0,0.0,1.0,1.0,0.0,1.0503233062,6.0,0.0089872174,-0.022824172,-0.224334088,-0.15851551,-1.01894335,0.1537128798,-7067.861508,0.0363924557,14.999412251,0.0027406271,-0.027939227,-0.07072793,0.0111585903,0.4248444342,-0.01557577,0.0,0.001905972,0.7891079172,-0.041127375,6.0,15.692406112,1.6550484058,0.0,0.0242887158,0.0179688406,0.0259060693,0.2368875338,1.8491165062,6.490178e-10,1.4504888e-08,1.0536741585,1.1102292322,0.0153067038,0.026590149,-0.010151358,-0.028114825
79859,1.2951754948,0.1044322954,-25.91941137,0.0747602334,10.106824123,0.3614656642,0.0147290848,0.049687886,0.020488016,-0.007371396,0.0540250621,0.0032181523,0.3461355601,0.0682845644,0.0032181523,28.0,0.0021271351,0.0581478823,-0.063680341,-0.086269962,0.12599783,0.0430642726,-0.048282119,0.0013502217,0.0209297883,0.5831085005,0.0,1.3798033117,0.0280117141,1.3761366137,0.0253281309,0.9081805259,0.0414404179,0.0110999067,0.0,0.0,0.0,0.0,0.0,0.1770043232,6.0,0.1171959404,0.0021696681,0.0430766528,0.1880083135,-1.67587625,-0.08508601,-1981.444542,0.0256085935,15.277677788,0.0002118993,0.0025927022,0.0215442452,-0.000303601,0.0435653826,0.0019942095,0.0,-0.000777001,1.6745746914,-0.095752371,3.0,16.772566034,3.4204483004,0.0,0.0261375085,0.0179759192,0.0300236355,0.3480844274,6.8126853815,2.099565e-10,6.4045029e-09,0.7620153228,0.5806673522,0.1782091352,0.0390141444,-0.303352762,0.0732063074
79885,1.3556299482,0.0457656207,-105.4894458,0.0247190853,10.865415175,0.2199645458,0.0103765695,-0.030868018,0.0150965693,-0.008018328,-0.039036441,-0.000887399,-0.240740741,0.0567832701,0.0008873985,28.0,0.0,0.0625,-0.425739836,-0.312065524,0.2044484882,0.1080669711,0.6323800369,0.0002324272,0.0399859128,0.1760919648,0.0,0.5318228381,-0.156110712,0.5318228381,-0.156110712,2.1471906239,0.0772024193,0.004354356,0.0,0.0,0.0,0.0,0.0,0.1460461084,5.0,-0.126843028,-0.007971007,0.0243154472,0.4380789794,-0.791362425,-0.100270736,-8641.06621,0.0253456805,10.257027563,-0.000168598,0.0007830605,0.0070593139,-0.010641197,0.0079040812,-0.005681929,1.0,-0.00497034,-0.658031088,0.0054729113,2.0,7.725241784,0.0662051828,0.0,0.009296108,0.0050711631,0.0094599958,1.5923349656,0.5863152857,2.3959196e-06,3.1569049e-07,0.1980626423,0.0392288103,0.4180389569,0.0217433689,0.0121440358,0.0732063074
80034,0.2661366575,-0.006304667,6.542655189,0.0042697095,0.1190515226,0.4118626409,0.0588256383,-0.110183655,0.362890618,-0.010823755,-0.205821367,-0.051814925,-3.402891776,0.0151494324,0.0518149253,27.0,-0.029362591,-0.3,-0.327527464,-0.418158441,0.0035282973,0.1200163156,0.1931189192,-0.079520775,-0.062661361,0.5436951258,0.0,2.9597017583,0.1580228011,2.5298029807,0.222647765,4.1850845852,4.3275084169,-0.002642661,0.0,0.0,0.0,0.0,0.0,0.560058467,5.0,-0.041675073,-0.297088646,-0.224442372,-0.387592053,-0.647203915,-0.066844195,198.63415333,0.2250075984,15.003127433,0.0156780543,0.0568072264,0.0860648169,0.0556406566,0.1999238497,0.0030880501,2.0,0.0022410359,1.7078424165,0.0817167833,2.0,15.486205227,1.6947306914,0.0,0.0368779749,0.0223694293,0.0377113056,0.3352793282,2.8433390648,6.449553e-10,1.1323922e-08,1.4661071916,2.1494702972,0.0039166526,0.0442717923,-0.198558762,-0.239458447
80080,0.4422456714,0.0350976973,5.1917146809,0.0266536906,0.7324257966,0.6221397267,0.0791758455,0.0046851574,0.1591704148,-0.000963646,-0.000100241,-0.060889346,-2.043933054,0.106835041,0.0608893459,28.0,-0.017637344,0.0,-0.086271972,-0.188090154,-0.01780679,0.0986899563,-0.066813659,0.0201774113,0.0109097012,0.3397632904,0.0,1.7374877331,-0.064027234,1.0608439647,0.1439721837,15.023049645,5.5927392739,0.1045561626,0.0,0.0,0.0,0.0,0.0,0.3910708291,4.0,1.3914794747,-0.034784472,-0.178004559,0.1983937327,5.844824747,0.193582404,7872.6764589,0.0232852488,16.398699955,-0.003622962,0.0218039508,0.059051144,0.0441708254,0.0440986531,0.0458447005,1.0,-0.000397062,0.2693115328,-0.040609431,5.0,17.450362083,1.8984704355,0.0,0.0214972142,0.0163280894,0.0273142167,0.2420984159,2.1183195487,1.031823e-10,1.2737298e-08,1.3366399552,1.7866063699,0.0495779994,0.0320647109,0.0867748429,-0.24467985
80050,0.5061316166,0.0382517883,6.0795576463,0.0,0.0752818312,0.5132274678,0.0986198804,0.0765318556,0.2805285074,0.007252216,-0.017035902,-0.059536384,-0.872765353,0.0716366237,0.0595363836,28.0,0.001867528,-0.124783362,-0.095815628,-0.00942575,-0.052304516,0.1478884576,0.0780166801,0.0094459573,0.091992765,0.4096250025,0.0,4.7475721741,0.4539606951,3.5160203475,0.6394824677,7.4017083436,6.7872332375,0.8152907042,0.0,0.0,1.0,0.0,0.0,0.3241105987,5.0,51.89707867,-0.016037794,-0.205689132,0.7035311621,-1.215795389,4.164304914,-7173.127851,0.0357482652,13.160071132,0.0027309333,0.0174378469,0.020336636,0.0160057162,0.1499596712,-0.011770429,0.0,-0.001136548,0.8827896598,0.0424478976,5.0,12.880680961,0.6470484504,0.0,0.058590278,0.0216819517,0.0294303347,0.3855458194,1.3068121541,1.1579009e-08,3.5931784e-08,0.8705601645,0.757875,0.033014927,0.0395937462,-0.126767181,-0.145662284
84723,-0.012610949,-0.005612202,5.0302421503,0.0,2.2104814946,0.6178704808,0.0826011672,0.0057759495,0.111010932,-0.005126183,0.0127658287,-0.037927208,-15.88235294,0.0835227782,0.0379272079,25.0,-0.000561885,-0.007189542,-0.038232271,-0.355951212,0.1668487136,0.0296985247,0.1348756036,0.0552237124,10.67693475,0.5436207244,0.0,1.4430783242,-0.357946634,1.3101092896,-0.37047569,4.4519505233,14.463678516,0.0252795479,0.0,0.0,1.0,1.0,0.0,-6.469352964,4.0,9.1023563842,0.1768931558,0.0809461682,7.6002899633,-4.009276486,-3.169368248,13387.414908,0.0340789314,17.357860979,-0.03706938,-0.029494993,1.1117093765,0.0702764956,0.073620548,-0.005972185,0.0,-0.056004915,-0.107940028,0.0213133132,5.0,18.292070792,1.9635566888,0.0,0.035353113,0.0208095028,0.0361474922,0.2062157914,1.7998643298,5.511634e-11,1.3387127e-08,0.8932423413,0.7978818803,0.1063868154,0.0398396119,-0.012999427,0.818494895
80054,0.068033148,0.044502382,11.70780043,0.0230617687,0.0514157641,0.4044633511,0.6854996155,0.4183393012,1.0806017807,0.0006800408,0.3230536289,-0.179875387,-0.411602291,0.0628196644,0.1798753869,27.0,0.0196330435,0.2963636364,0.3099042697,0.9035020429,-0.011403461,0.1074958706,0.1284742176,0.0410782264,0.4999809219,0.813170698,0.0,2.1043017512,0.0837186099,1.62480467,0.2240462435,5.3580283708,154.01168736,1.0252038014,0.0,0.0,0.0,0.0,0.0,6.6956177503,5.0,-0.10533896,0.1264071916,-10.78373832,-0.084700222,-2.026314192,0.0214160783,-14045.58761,0.0426379215,14.537638455,0.0116185437,0.1152610684,0.2156362198,0.0634243215,0.4305567523,0.0039598982,0.0,0.0008305648,0.7688515074,0.0465923259,6.0,15.385003621,2.1971223438,0.0,0.0528714173,0.0290325143,0.0385464426,0.2279881823,2.2862881182,1.1291208e-09,1.1079295e-08,1.352762564,1.8299665547,0.0659612131,0.0627279887,0.0486728746,-0.010149049
80167,0.3831491223,0.0166326667,27.482981376,0.0,0.1718453941,0.4957173217,0.117420965,0.0079764144,0.2465902839,-0.027639005,-0.083062379,-0.059462584,-1.976281596,0.0495034997,0.0594625839,28.0,0.0169489983,-0.279916025,-0.04070348,0.1803696888,0.1047533888,0.1067771445,-0.063815442,0.0319490672,0.0549539539,0.2597608354,0.0,1.9868713718,0.0636042296,1.004169622,-0.03592152,25.969105455,11.319281192,0.153132907,0.0,0.0,1.0,0.0,0.0,0.3697617131,7.0,0.0952535085,0.0046650636,-0.352419139,0.3121872556,-0.571371151,0.0437975354,-11620.00912,0.0431411127,14.91804563,-0.003827736,0.008799551,0.0127462188,-0.010806826,0.0135193358,-0.034839045,0.0,0.0004675082,0.0961567431,0.0485441119,6.0,15.63458221,1.6470037975,0.0,0.0342136659,0.0173904008,0.0229014381,0.2170078562,1.493601825,6.35899e-10,1.5659288e-08,0.2435817394,0.0593320638,0.5081357919,0.0473754492,-0.346630617,-0.010149049
80204,0.3329709901,0.0407544237,33.403189882,0.0079417428,0.2649602791,0.2673569332,0.0931300979,0.0443365312,0.1621165463,-0.001602564,-0.019002574,-0.031778065,-0.456449376,0.059356755,0.0317780653,27.0,0.0017574014,-0.016504635,-0.001941297,-0.005024017,0.0640856321,0.0684248415,0.0593186069,0.0306762999,0.1009007999,0.3929744443,0.0,3.3412777889,0.9637354917,1.9212898057,1.1891581765,15.538436268,8.0756359911,0.234676414,0.0,0.0,1.0,0.0,0.0,0.2841070494,6.0,-3.829397436,-0.01864767,-0.010883143,0.2290618127,-0.384737263,0.1814711954,16679.0282,0.1947249482,16.910597516,-0.001705732,0.0226853543,0.04156124,0.0110642962,0.1728612671,-0.061549474,2.0,-0.000263404,0.6296671759,0.0391092008,6.0,17.397133038,1.456992437,0.0,0.038991224,0.0208032429,0.0266575929,0.2543035068,1.671556635,1.109568e-10,1.8575206e-08,1.147693856,1.3172011871,0.0204859155,0.0374788069,-0.211504212,0.2706591205
80191,0.2708037013,0.0238408787,10.973976784,0.0104045776,0.3795587873,0.1985180587,0.0478660501,0.0598409084,0.1246175918,0.0075631837,0.0372912167,-0.041665417,-1.126105747,0.0506882291,0.0416654174,27.0,-0.001845921,-0.016666667,-0.128298472,0.0240323201,-0.037439001,0.0422486809,-0.001918947,0.0601853002,0.0854414139,0.4354429292,0.0,1.2244000468,-0.224678536,0.8080294187,-0.218123294,4.1901813789,4.905576277,0.1034496816,0.0,0.0,1.0,0.0,0.0,0.2861773794,4.0,1.3884545847,-0.086821119,-0.194671225,0.0269517626,5.9420997836,0.1374355921,10014.881219,0.0232852488,16.932695002,-0.014202819,-0.036378966,-0.063705762,0.0032676362,0.054932713,0.0415506028,0.0,0.0013700507,0.6219782935,0.0645273766,6.0,17.720302884,1.962446526,0.0,0.0404444896,0.0256187915,0.0431897891,0.2744135266,2.2595701376,1.115343e-10,1.4097391e-08,1.4345509174,2.0579363345,0.0057817992,0.0479845152,-0.722958259,-0.24467985
80193,1.3428216549,0.2263340752,-1.899754872,0.0,2.5080994366,3.9648346722,0.0391152495,0.0355321099,0.2013743599,0.0090932542,-0.042694348,0.0443062044,0.7409068587,0.0586416065,0.0443062044,28.0,0.0738391059,-0.010348071,0.0062179225,-0.218936022,0.15663733,0.3967186125,-0.102487553,0.0774413693,0.2220489538,0.5483092822,0.0,13.579319444,0.0422347546,2.3221731601,-0.1739096,7.8072502307,60.097237042,0.0983702612,0.0,0.0,0.0,0.0,0.0,0.5510350304,6.0,4.9697281244,-0.098369597,-0.158610758,0.5799398431,0.1627839373,0.1410252539,-5065.153572,0.1027605208,13.069841534,-0.005041146,0.0231092086,0.0717913317,-0.177475332,0.1318749669,0.0004119555,3.0,0.0428985507,1.7920200476,0.1509920917,3.0,13.973534505,2.2975183843,0.0,0.0456069969,0.0285973189,0.0470789178,0.3332672937,3.6487440403,5.2958783e-09,1.0605163e-08,2.193209441,4.8101676522,0.0570201674,0.0677356082,0.020945425,-0.280901789
21186,0.883782218,0.0634837693,-25.73444483,0.0178948046,1.3300012495,1.4196267309,0.0387153618,0.0164907904,0.1575172778,0.0176651306,-0.03134428,-0.049681221,-1.719670762,0.1726549514,0.0496812214,28.0,0.0051659372,0.0121703854,0.0664038501,-0.130074569,0.0015616607,0.1271196237,0.0074353492,0.0337355845,0.0978025699,0.3243403055,0.0,1.5530858099,-0.080058845,0.9566971269,-0.040813948,64.441732554,6.7286791098,0.1270763584,0.0,0.0,1.0,0.0,0.0,0.3857167046,7.0,0.0562896357,-0.016140715,-0.019351228,-0.079415377,-0.432632092,0.0301811618,3900.9625148,0.068785119,16.38330119,0.0015705515,0.0110049262,0.0282680267,0.0468763608,0.0099438373,-0.007284359,2.0,0.0,0.4661227917,0.0108199734,3.0,17.285483732,2.0243199975,0.0,0.0334168412,0.0152918955,0.0246208993,0.191223353,1.5044502902,1.241218e-10,1.4877216e-08,1.098260743,1.2061766596,0.0494758887,0.0441046668,0.1710559525,-0.133267297
80306,-0.014617026,-0.138728945,4.0695282679,0.0,0.2686164938,0.0135166889,-5.269328934,0.9095799911,-0.853128181,0.1479796472,1.5832080566,-0.178816738,-0.249422911,-0.104126768,0.1788167381,27.0,0.0276040839,0.7571428571,-0.635261595,-0.025670698,1.3468111591,0.0685295465,0.0352315608,0.0514599331,-1.50355537,0.9514325561,0.0,3.0647206921,0.7218715817,2.9980975637,0.6844402845,0.0588657147,2.0601434189,-0.741602462,0.0,0.0,1.0,0.0,0.0,-4.796716512,3.0,-6.616718098,-0.216692897,0.5791382986,-0.258468964,6.4421905505,-0.017379405,-4428.672271,0.0232852488,14.360201437,0.0,-0.193795337,0.5543341975,0.013505204,0.7671985942,0.0259518548,0.0,-0.002087683,1.9997093677,-0.242631495,3.0,16.252418972,4.9963492311,0.0,0.1518755555,0.0879932854,0.0783611556,0.5903109837,40.239222365,6.82645e-10,2.8881592e-09,1.0021924888,1.0043897847,0.2645587677,0.1163964265,-0.660960167,-0.24467985
13006,0.935884793,0.1119435802,-10.27632717,0.0338268713,7.2739562229,0.3995976276,0.0335849789,0.253960749,0.0507300876,0.0187560984,0.2656940092,-0.002946213,-0.194192377,0.1336821702,0.0029462135,26.0,0.0007778554,-0.012222222,0.1446840445,0.0006436939,0.0001238427,0.1218579235,0.0222931187,0.0016127992,0.1696841725,0.5668574754,0.0,0.8867848287,-0.047535677,0.8849593891,-0.048163544,0.5870764784,0.0727087893,0.018476257,0.0,0.0,0.0,0.0,0.0,0.4151094688,4.0,0.0436698455,0.0052885527,-0.027293452,-0.171282388,0.9588463592,-0.019688405,-6501.529342,0.0256085935,13.163510214,0.0003061041,0.0049112623,0.0436376421,0.0012091555,0.0240599545,0.0077052772,4.0,0.0025461489,0.8361243269,0.0619938667,7.0,12.736316438,0.538932016,0.0,0.0162804797,0.0095603309,0.0220177772,0.4242254445,1.4226896541,8.0416348e-09,4.6963035e-08,0.8124557906,0.6600844117,0.1018876029,0.0353089003,-0.215670133,0.0732063074
80375,2.038952176,-0.037898865,-56.01811856,0.0059947267,2.3003154852,8.3597242426,0.0066638113,-0.013778664,0.3926457344,0.0071844307,-0.004712737,-0.104245985,-12.01912422,0.4176123038,0.104245985,27.0,-0.051978049,-0.125806452,-0.218421319,-0.353397212,0.0716143745,0.1067629304,0.0243855487,-0.017918421,-0.02381045,0.5352356788,0.0,3.1738331032,-0.235823793,1.2799605445,-0.115668873,223.05150913,8.1407378579,0.0408197439,0.0,0.0,1.0,0.0,0.0,0.8030886779,4.0,-0.045239811,-0.22315835,-0.106120707,3.0760676976,-0.100688585,0.4300927136,-3536.418121,0.0624291911,12.853239394,0.0262004221,0.0501673446,0.1258634334,0.4700038162,0.0155903495,-0.009509304,5.0,0.0447454844,1.1003831499,0.0392858537,2.0,14.154658858,2.0662293314,0.0,0.0568246096,0.0342964291,0.0515358218,0.3362558365,2.6731630588,7.4727108e-09,1.2983477e-08,1.0357190236,1.0727138958,-0.231912771,0.0845508634,0.3488303387,0.1631852225
80343,0.9062389039,-0.497384497,-4.229070173,0.0882376999,0.9475015994,1.5244733212,-0.041798626,-0.445469663,0.0544363625,0.0088152577,-0.679654638,-0.143094475,-1.111470356,0.0554436271,0.1430944749,27.0,-0.051874851,-0.39692414,-0.495505935,-0.174734618,-0.096646126,0.1667433219,-0.201178469,-0.14597752,-0.280587188,0.4731358291,0.0,2.0848194825,-0.040224747,1.4792165144,0.1197483889,8.8814242386,4.5767168014,-0.137812092,0.0,0.0,1.0,0.0,0.0,0.138803262,4.0,-0.16346974,-0.049493504,-0.397827279,0.4497482134,-0.628963243,0.0032192008,-8349.193345,0.0376507894,11.798004393,0.006906198,-0.005503738,-0.011999687,0.0154163817,0.0413834735,-0.046884661,1.0,-0.005714286,0.1033405093,0.0746396901,2.0,11.96473665,1.2305612516,0.0,0.0878660232,0.0397591387,0.073920236,0.5535968805,4.4130293261,4.1402025e-08,1.3465447e-08,2.2518228095,5.0707059652,0.1258280619,0.0938421753,-0.076347138,-0.028114825
80362,1.0193843364,0.063278727,-11.86838017,0.0,1.3111811178,4.39267207,0.0440455692,-0.012061978,0.2081456468,0.0054414258,-0.072353055,-0.056811716,-2.105157637,0.1964904223,0.0568117159,28.0,0.009035079,0.0,0.0338192244,-0.257162312,-0.049770117,0.5397216585,0.2103099305,0.003446617,0.0780616472,0.4928196519,0.0,1.6640443475,-0.005822732,1.0226799229,-0.017724146,46.597148688,4.8357137376,0.0807392364,0.0,0.0,1.0,0.0,0.0,0.5090675065,6.0,-0.00093739,0.0626055452,-0.060615739,0.354036108,-1.517281179,0.1009381849,-4461.92526,0.0653433969,13.677040134,0.0042720891,0.0132040505,0.0301877348,0.1125581939,0.0326927076,0.0017141315,5.0,0.0109226789,1.0323349132,-0.124467589,2.0,13.717832163,0.8878276263,0.0,0.0408345461,0.0203324682,0.0319750662,0.2794684949,1.1594604255,4.6324419e-09,2.7236081e-08,1.5145944856,2.2939964557,0.0690884212,0.0467106906,-0.22663317,0.1631852225
80341,0.7027682973,0.0501175578,-19.04148472,0.0,1.2758951022,1.2619981914,0.0228323585,0.0911844989,0.1619926669,0.004006537,0.0901838252,-0.042602949,-1.611706091,0.130892331,0.0426029487,27.0,0.0921170452,0.4207377866,0.0089894097,0.34049525,-0.112419756,0.088891016,-0.088999572,0.1399021143,0.0930059524,0.3657321903,0.0,1.2965832748,0.0093748481,0.2909860531,-0.41062801,31.48657933,8.512632424,0.0622372993,0.0,0.0,1.0,0.0,0.0,0.3996189024,6.0,0.2209888018,-0.0307204,0.3831561097,0.2993059998,-0.065958287,0.1131783528,-15938.39189,0.0642905452,12.579658469,-0.004934337,0.0040743855,0.0120664292,0.0556819352,0.0215517055,-0.087864172,2.0,0.0005128205,-0.127551716,-0.040886268,4.0,12.54408027,0.6793335078,0.0,0.0228280723,0.0176819111,0.0348128964,0.3607073123,0.8336087028,2.1150434e-08,5.4590634e-08,1.0103383258,1.0207835326,0.0652787386,0.0599385498,-0.072014715,-0.091892872
80336,1.1668348527,0.1795591116,-12.47159388,0.0334652569,9.7766357607,0.6135849783,0.0375703969,0.189853425,0.0606350748,0.0335001088,0.1927240077,0.004279915,0.2400348843,0.136458661,0.004279915,27.0,0.0077933054,0.0103806228,0.2587112623,-0.061860725,0.0937896872,0.126335822,0.2004743373,0.0078921144,0.1663336617,0.5115521903,0.0,0.7922102464,0.1926809021,0.7751762502,0.1858219615,0.7853403759,0.0947818812,0.0226341255,0.0,0.0,0.0,0.0,0.0,0.5574410489,7.0,0.128532855,0.0133828423,-0.004690607,0.0596676714,-1.230275647,-0.016911914,-6767.050292,0.0256085935,11.757230298,-0.000317684,0.0036123689,0.0341276557,-0.018825117,0.0935120132,0.0241691521,0.0,-0.006946819,1.6585400935,7.76276e-05,3.0,10.042644526,0.1495957774,0.0,0.0258260649,0.0143533179,0.0188426219,0.7751189549,0.4398047227,1.6750878e-07,1.6545982e-07,0.5719959673,0.3271793866,0.0502594713,0.0363969951,-0.264679301,0.0732063074
80415,0.2386250135,0.058676198,14.522065805,0.0,0.2598188985,0.2849196603,0.121135602,-0.041316506,0.1826806303,0.0173353502,-0.257621877,-0.106525147,-0.924411819,0.1129171689,0.1065251467,27.0,-0.012676171,-0.083333333,0.1184355817,0.5832052632,-0.064240892,0.076482378,0.2077846123,-0.154445765,0.4041430273,0.4953467308,0.0,3.9071353496,-0.022393795,2.5150867414,0.0519921292,6.0429092805,10.819705143,0.2666568381,0.0,1.0,0.0,0.0,0.0,0.5129292664,6.0,-0.010005096,0.0385603735,-0.053070865,-0.37480564,-0.277700617,-0.087892191,2432.8518124,0.2481721303,15.398965126,0.003270315,0.0353272244,0.0734008849,0.0115554904,0.0172583849,0.0346963544,2.0,0.0,0.0738765821,0.045085635,5.0,16.48502274,2.204342173,0.0,0.038950447,0.0222474761,0.0339842532,0.3895922411,4.1060155399,3.866721e-10,1.0619585e-08,1.4594854891,2.130097893,0.0196768617,0.0363754156,-0.243831875,-0.199501332
80478,0.7079048118,0.1178413503,-18.05284697,0.0139821085,6.0372012005,0.3234942383,0.030734573,0.06229867,0.0447462529,-0.024323436,0.0583660637,-0.001747959,-0.097117423,0.1292857985,0.0017479586,28.0,-0.000127416,-0.008130081,0.0609712142,0.0337457553,0.2149047785,0.0846481577,0.0222248081,-0.001309124,0.0970632521,0.6418165412,0.0,0.998386393,-0.008359053,0.9974309283,-0.00815331,1.039704265,0.058864835,0.0223803143,0.0,0.0,0.0,0.0,0.0,0.4403070289,6.0,0.0332891332,0.0028220647,-0.046314634,-0.209646157,-0.69744734,-0.027768207,-8269.01561,0.0253456805,12.883732025,0.000291648,0.0047198143,0.0449716501,0.0033243154,0.04103718,0.0388601434,0.0,0.0062374694,-0.242877056,0.0285128987,5.0,12.384890587,0.5626701046,0.0,0.0224444065,0.0161025557,0.0267930882,0.4077340619,1.632177092,1.1426994e-08,3.3260788e-08,0.7233059457,0.5231714911,0.0771929058,0.0356544904,-0.527570948,0.0732063074
80539,0.351879295,-0.145168439,1.7511065114,0.0,0.1507316399,0.0499469713,-0.835035051,-0.221805785,-0.185814795,0.0203167049,-0.193181401,-0.074600917,-0.295097201,-0.102329639,0.074600917,27.0,0.0014942594,-0.006915629,0.3341389148,0.1388506153,-0.477747245,0.0671544768,0.2159600062,0.0001021566,-0.233455316,0.7806878423,0.0,9.829114088,1.4469450051,9.6970348682,1.4357649919,0.1440018608,3.4762099616,-0.835929041,0.0,0.0,0.0,0.0,1.0,-0.28784872,4.0,2.3551556696,0.0481043526,-0.184920188,0.1080273563,5.2197753451,-0.015582276,-2684.903621,0.0232852488,13.553251422,6.03182e-05,-0.094582641,-0.143325506,-0.001542272,0.7211470331,0.0132513062,0.0,0.0061247216,1.7255210762,-0.192935538,4.0,15.534203206,4.2620458751,0.0,0.0805604234,0.0620555688,0.076218874,0.5145975919,21.963070885,1.4839821e-09,4.0252571e-09,0.7952252479,0.6323831949,-0.150793921,0.0834071452,-0.500647477,-0.24467985
80534,0.4563351362,0.0515172255,-1.000644494,0.0,1.4186694966,2.5433078259,0.0154372531,0.0108565339,0.2342480352,0.0001408583,-0.014841823,-0.032791229,-1.18705036,0.1126707666,0.0327912292,27.0,-0.07532046,0.053968254,-0.063089509,-0.077939808,0.1836885209,0.15389818,0.0768263147,-0.091398029,0.1000670092,0.5806029189,0.0,1.7382642042,0.0195361563,1.0226120686,0.2540334625,7.0951232121,9.7174887892,0.0901272715,0.0,0.0,1.0,0.0,0.0,0.9850346214,6.0,-1.293041102,0.1103233352,0.0506290499,0.0369136628,0.4840289949,0.1902248381,-17680.85422,0.0629453635,10.763595632,0.0342923876,0.0037373198,0.017606899,0.0454615253,0.1448668259,-0.024639276,0.0,-0.041236141,-0.01171947,-0.181773033,3.0,11.680804077,1.0948785193,0.0,0.0752212703,0.0392844591,0.061557117,0.6802450871,1.5512875436,4.1511403e-07,4.7823862e-08,0.9201554724,0.8466860935,-0.184379337,0.1033914339,-0.511085613,-0.107827317
80498,0.9998723779,0.0989595225,-8.105987863,0.0157602147,6.7203203692,0.4427149456,0.032270636,0.1203809505,0.0514140572,0.0005323435,0.1279752351,-0.027734805,-2.047452555,0.3015744498,0.0277348047,27.0,-0.025680268,-0.018736223,0.4106103733,0.2931469705,-0.031104005,0.119263735,0.0537471048,-0.025901875,0.0718769411,0.6425431434,0.0,1.0366069395,-0.035682022,0.9670497209,0.012124113,0.5534944783,0.0820680428,0.0177186363,0.0,0.0,0.0,0.0,0.0,0.379790993,5.0,0.0665961298,0.0104160287,-0.033807453,-0.107294803,-0.011846734,0.1482038749,-4228.184772,0.0256085935,14.878661891,-0.000252342,0.0037319074,0.0287909358,-0.024702271,0.1665298238,-0.013875988,0.0,-0.000385505,-0.140536217,-0.033561578,4.0,15.493792205,1.4974988959,0.0,0.0601711795,0.023005698,0.0345021858,0.2517594445,2.615651493,6.835584e-10,1.2740372e-08,1.4572694254,2.1236341781,0.0167535113,0.0418769613,-0.173163349,0.0732063074
80563,0.1958001552,-0.049784742,5.1823847681,0.0,0.8931880915,0.2661159908,0.0079918594,0.0333086759,0.1205185107,0.3427361631,-0.02682579,-0.069870902,-1.506049291,0.0251935333,0.069870902,27.0,0.0,-0.352614841,-0.324951899,-0.41176137,0.053870899,0.0392318391,-0.056854086,-0.02963824,0.4212230798,0.4730707765,1.0,2.4244186047,2.415609036,2.4244186047,2.415609036,1.9146648119,37.123443983,-0.02486645,0.0,0.0,1.0,1.0,0.0,0.6284881524,5.0,0.8499397693,0.1193824359,-0.261961623,0.1593055389,-0.179900094,0.0244177586,9100.8864566,0.0633299066,15.620175385,0.0034229004,0.0057102307,0.0291045533,0.0335779822,0.174865227,0.1710611465,0.0,-0.004002208,4.6478182951,-0.138520059,4.0,17.470980087,5.1906700319,0.0,0.0544863679,0.035105439,0.056771646,0.2510086842,6.2111406,2.014966e-10,4.891022e-09,2.7050902166,7.3175130798,0.0203525096,0.0808622203,-0.292656893,0.0171249485
80575,0.2422790552,0.0461863567,10.389801521,0.0098838803,0.0621480652,0.3131644923,0.2627561513,0.1252576764,0.5610763891,-0.019973309,0.2370445752,-0.017674033,-0.110010695,0.0512673499,0.017674033,27.0,0.02735042,0.0674258316,0.1156194376,-0.069248965,0.0434700141,0.1269204189,-0.052434139,0.0723310747,0.099764899,0.5751682494,0.0,3.8809394984,-0.037756722,2.4188116108,-0.011912348,4.6167696503,7.6785584516,0.9898139704,0.0,0.0,0.0,0.0,0.0,0.6858940509,5.0,-0.074698405,0.0673371843,-0.239100378,-0.380740633,-13.2764134,-0.045356086,969.91862497,0.0553124103,15.318390075,0.0017427506,0.0536967948,0.0678789775,0.0070161246,0.2068675993,-0.0170222,3.0,-0.001028326,0.2341610746,-0.071037035,6.0,15.396396433,0.9775332098,0.0,0.038637694,0.0211873388,0.0284625425,0.2623781154,1.3962079386,8.620637e-10,2.2434526e-08,1.1065065057,1.2243566472,0.010604986,0.0358624331,0.0360139395,-0.010696088
80640,-0.674497254,-0.370764206,7.5939701239,0.0,1.5079431065,0.3143139193,-0.703052042,-0.445469663,-0.174083344,0.0076484648,-0.148254594,-0.017418945,-0.045178966,-0.354013463,0.0174189447,27.0,0.0371851924,-0.351648352,0.4495965993,-0.521349347,-1.220177273,2.2480733409,2.8035475113,-0.291855392,0.5358788567,0.402574727,0.0,2.9547738693,-0.254560681,2.4674177338,-0.363062356,1.5748079732,5.7283167638,-0.209922339,0.0,0.0,0.0,0.0,0.0,0.5521737679,4.0,5.291017092,0.206508631,-0.52965291,-1.094815877,4.9436482764,-0.2672661,-5640.126981,0.0232852488,11.554724371,0.0003840436,-0.022598192,0.0335097786,0.0386349987,0.4662791393,0.048278512,0.0,-0.002506266,0.049275225,-0.013317818,1.0,10.978879486,0.5440470601,0.0,0.1074168384,0.0452048561,0.0513993532,0.5087233572,1.2738378767,1.5120566e-07,4.5253111e-08,1.6844706313,2.8374413076,0.0084301565,0.1562834415,0.1095199667,-0.24467985
80633,1.2587446957,0.1255916385,-9.555150126,0.0,9.8299412412,0.5719161848,0.0281254593,0.1696687023,0.0531904907,-0.015483072,0.1771366339,-0.00787094,-0.644535042,0.2065398504,0.0078709403,27.0,0.0031246685,-0.052631579,0.1627958855,0.0852663412,-0.080618082,0.1893797345,0.3689476326,0.0018697622,0.1144547103,0.6119464357,0.0,0.9251978109,-0.033356153,0.9166188802,-0.036063296,0.5437990472,0.0730015717,0.0172022217,0.0,0.0,0.0,0.0,0.0,0.4464532424,5.0,0.0638063997,0.0072471784,-0.067702808,0.1515775144,-1.247280018,0.0531692756,-6793.582889,0.0256085935,11.606428389,0.0002571089,0.003688995,0.0335222957,-0.009566265,0.144157667,0.0070379278,0.0,0.004848655,3.3433286713,-3.812602e-07,4.0,10.202222145,0.1691991485,0.0,0.0090180514,0.0046111371,0.0063888018,1.3435973301,0.7558178646,2.7838771e-07,2.316605e-07,0.2954956513,0.0873176799,0.3381413121,0.0231090464,-0.097230259,0.0732063074
80759,0.583082645,0.0026655814,-2.522077843,0.0253770676,1.2784485547,1.5306757579,0.040324309,-0.019566899,0.293544974,-0.011372204,-0.044843279,-0.077910966,-45.71560737,0.1491360723,0.0779109662,28.0,0.0068155834,0.0,0.1152795223,-0.015590949,0.000430171,0.4392290003,0.1392218589,0.008686053,0.0421426081,0.2725825441,0.0,1.762058014,-0.029940948,1.2282504058,-0.02816607,33.980600293,5.0058415414,0.0955043535,0.0,0.0,1.0,0.0,0.0,0.9491164967,7.0,0.0088199102,0.0709421811,0.0139073057,-0.057665267,-1.128250354,0.0162646894,-2690.644741,0.0985382656,13.746408941,-0.000115312,-0.001771523,-0.005874569,0.0363645757,0.0241998585,-0.02380299,0.0,0.0008648025,1.1262594558,-0.060037106,3.0,13.712049811,0.750952959,0.0,0.030701749,0.0210795322,0.0278504454,0.2801780845,1.1051952733,4.6652708e-09,2.8531523e-08,1.1503492239,1.3233033369,0.0388037815,0.0444586836,0.0386029107,0.1210215137
80774,0.8494940279,0.1051580316,-1.272405178,0.1143489518,3.300882255,2.1863868615,0.0533296297,0.0330262599,0.1324302252,0.0007671685,0.0682098314,-0.074894904,-2.908034893,0.4109612567,0.0748949037,27.0,0.0,-0.090909091,-0.051585159,0.1140257561,-0.021025009,0.0599397754,0.043306114,0.0118502831,-0.083994262,0.3982325241,0.0,1.7294673423,0.250040246,1.7294673423,0.250040246,7.5745107392,6.3696751059,0.0721190533,0.0,0.0,1.0,0.0,0.0,0.4463499293,4.0,-0.31119546,0.1974111129,-0.096669836,0.6789069147,-0.214233698,0.3663196688,-4385.996486,0.0915965863,13.594426068,0.0008896297,0.0076058225,0.0351963788,-0.023894291,0.1236208801,-0.00627813,0.0,0.0066934404,1.4486670045,0.1233120169,6.0,15.117342831,3.9694725589,0.0,0.0710900947,0.035984023,0.0488015599,0.2835949034,3.9199263917,2.4674575e-09,7.6752857e-09,0.9906628078,0.9814127988,0.118697354,0.0643134415,-0.686284973,-0.049938477
80828,0.6513865542,0.0687932538,0.6317536204,0.0189383238,0.2674173426,1.5019806599,0.111402832,0.0164376083,0.2243964415,0.0004385965,-0.13490749,-0.078137395,-1.03516594,0.140005687,0.0781373952,27.0,-0.010187543,-0.022900763,-0.203968388,-0.043980486,0.0367667593,0.0958956119,-0.029433862,0.0302193807,0.0950889205,0.6482185261,0.0,2.5864097143,0.1182533853,1.8280298513,0.13887725,11.322577841,4.5981135539,0.3154277851,0.0,0.0,1.0,0.0,1.0,0.3363005812,6.0,-1.360229315,-0.312738926,-0.026239967,0.2319650808,-0.304813989,0.2175597585,-17279.61364,0.0629453635,12.631108014,-0.001319777,0.0089969332,0.0132813957,-0.009399366,0.1233576017,-0.007507164,0.0,-0.006969073,-0.374107932,-0.006316789,5.0,12.65368341,0.9267758606,0.0,0.0315398313,0.0173795196,0.029066133,0.5146113507,3.257428898,9.5623464e-09,1.865458e-08,0.6216713893,0.3864753163,0.0178966192,0.0301553309,-0.097768238,-0.107827317
80791,0.523415799,0.0033374522,3.0076539251,0.0243277529,0.2143590246,0.7108717028,-0.015223771,-0.035660169,0.4303747079,0.0046022491,-0.072602191,0.0352933376,4.9535809019,-0.023182521,0.0352933376,27.0,0.0507136273,-0.215083799,-0.044430735,-0.168253065,0.0344213251,0.245569209,0.1353309441,0.042935658,-0.019667425,0.4835930844,0.0,3.3698682492,0.1857925767,2.0379539881,0.0346606245,8.0004738588,4.2083617209,0.1197440671,0.0,0.0,0.0,0.0,1.0,0.6166770936,5.0,0.272323688,0.1066112989,-0.252665476,0.1199535014,-0.375361773,-0.040896499,-15654.38482,0.0642905452,13.658181479,0.001373691,-0.018909156,-0.0277672,0.0054071408,0.1401923601,0.0172167735,0.0,-0.009594883,0.2330479056,0.05670554,2.0,14.377296402,1.7803474484,0.0,0.0331395157,0.0178830731,0.0313142185,0.2775857044,1.9280098139,2.4695355e-09,1.4568077e-08,1.2725913932,1.619488854,0.0811272597,0.0575374054,-0.141674384,-0.091892872
80795,0.0840723329,0.0190755006,99.867205154,0.0,0.0785902355,0.2152153606,0.1583371786,0.2411041026,0.7323331314,0.0164168009,0.2176723028,-0.074449556,-0.573744063,0.0300199558,0.0744495561,27.0,0.0,-0.014084507,0.0557264544,-0.010702626,0.0833568837,0.2458368542,0.5061842948,0.00248823,0.2635240846,0.2107284721,0.0,0.7932383304,-0.26018896,0.7932383304,-0.26018896,24.851170268,8.0402064857,0.3083569659,0.0,0.0,1.0,0.0,0.0,1.4266718713,6.0,4.093876278,-0.373107318,-0.054305484,1.1336814663,-1.812391195,0.2263683741,5061.0629533,0.3461731473,15.240531159,0.0130609214,0.0281364348,0.0514782585,0.0019375146,0.0661669191,0.0093674566,0.0,0.0010060362,0.4290399131,0.0467097703,6.0,16.316524947,2.0249183884,0.0,0.0343024544,0.0286271473,0.0481238859,0.2865531779,3.4588205836,5.4745e-10,1.1238249e-08,0.5028503894,0.2528585141,-0.23776451,0.0524606808,0.1262751389,-0.094679308
80812,0.2995266001,-0.421026697,1.0990587695,0.0,0.573148197,1.1845907467,-0.290732948,0.0560524747,0.4573643411,-0.71636627,0.0515304146,-0.292509115,-0.590202307,-0.172535769,0.292509115,27.0,-0.043669208,0.4047619048,0.3245179063,0.4597339953,1.0098299198,0.1392884179,-0.145469829,-0.096856632,0.0648148148,0.5981589901,0.0,1.4656609766,0.0272502795,0.719200741,0.48610589,7.7263544536,8.3265710045,-0.729870947,0.0,0.0,1.0,0.0,1.0,1.2232232232,6.0,0.3925774504,0.5271870973,0.3671802278,-0.103935697,0.6385529167,-0.190249747,-16352.69864,0.0642905452,8.8857840622,0.0001421767,-0.085061931,-0.203462431,-0.203831913,0.0290728729,0.0252467408,1.0,-0.04516129,1.1868231894,-0.113778047,4.0,11.989241142,8.2170746824,0.0,0.0677966475,0.0328526978,0.0626768446,0.6681701284,6.7015517296,2.5778581e-07,9.2174417e-09,1.6178014389,2.6172814958,-0.155838405,0.1419629859,-0.519565237,-0.091892872
80837,1.6125913697,-0.09741512,-21.07776995,0.0,17.182530749,1.0173107611,0.0156082133,-0.101146518,0.0244551129,0.0033070466,-0.104434283,-0.010856917,-2.64467138,0.160215859,0.0108569171,27.0,-0.015650085,-0.06870229,-0.135387083,-0.032584138,0.1800291621,0.0442729938,-0.012222644,-0.016456836,-0.05634833,0.6474205925,0.0,1.1045699301,-0.01062671,1.100015168,0.005998163,1.1514609077,0.055422765,-0.00256364,0.0,1.0,0.0,0.0,0.0,0.3576738215,3.0,0.0026804621,0.0009021211,-0.08377352,0.5054241884,-1.449321471,0.0068452842,-6836.407282,0.0256085935,11.023828717,0.0005255009,0.0013737547,0.0200874556,-0.020700765,0.0485800329,0.0156188915,3.0,0.0342583076,-0.67433822,0.0293508498,2.0,10.561456436,0.2773987027,0.0,0.0241100304,0.0136549308,0.0256914223,1.4230998837,0.5353565348,9.5504576e-07,2.0094624e-07,0.9672103052,0.9354957744,0.4742264136,0.0805060351,0.4732635916,0.0732063074
80928,0.309106773,0.0317260202,65.254564366,0.0,0.2842249256,0.3817912638,-0.028450384,0.0501515549,0.1652133536,-0.009616852,-0.015835476,-0.05983106,-1.104484551,0.0667669193,0.0598310604,27.0,0.007841338,-0.00990099,0.0618382505,0.0627780657,0.0779206613,0.1741852399,0.0312396566,0.0729506415,0.1270900247,0.2978515037,0.0,1.4615529279,0.0967590123,0.8604586076,0.0684721177,43.709287812,8.7275466074,0.2413704083,0.0,0.0,1.0,0.0,0.0,0.3170426285,7.0,-0.116020872,0.0695119572,-11.08010196,0.1563734032,-1.83243567,0.0253633332,-7001.206095,0.0426379215,16.288512388,0.0070293809,0.025167816,0.0470766145,0.0288299168,0.011367395,-0.038399191,0.0,0.0006954103,0.4225592396,-0.080044072,6.0,17.266422575,1.8243908681,0.0,0.0516297519,0.0337070133,0.0412908358,0.2548940832,2.1302961993,2.531653e-10,1.2688138e-08,1.403654354,1.9702455454,-0.016864758,0.0440725301,-0.348675438,-0.010149049
80924,-0.085960392,0.004928145,151.68883266,0.0089158043,0.4746819371,0.3024601977,0.1796920678,-0.073190421,0.4001255718,-0.054170444,0.0616743795,-0.175681966,-14.40458015,0.0759160048,0.1756819663,27.0,-9.3101e-05,0.2629025143,0.0315627406,0.0285776659,-0.010037666,0.2461089494,0.1001280388,0.0212575119,2.1046195652,0.1603513017,0.0,0.4037516749,0.0024649764,0.302178718,0.003099313,113.23943662,11.964285714,0.0519936334,0.0,0.0,1.0,1.0,0.0,-5.5,5.0,0.4765529349,-0.010907426,0.0471750541,4.4231007497,0.0160640833,-1.676224472,9738.333221,0.0456208962,16.977464732,0.0018688096,0.0306222659,-0.13638171,0.0070584011,0.0162472756,0.0519812978,0.0,0.0049180328,0.1445357246,0.0101703313,5.0,17.356576861,1.0911935968,0.0,0.056951452,0.0210662837,0.0227278506,0.3740138381,1.9779548923,1.235755e-10,2.5457039e-08,0.9170968675,0.8410666643,-0.033079222,0.0322398365,0.0293862869,-0.071440083
80955,1.0435687173,0.1073448203,-2.696425,0.0352862502,0.6534912361,0.8636594308,0.1213671767,0.1704336303,0.2737097843,0.0,0.0952835188,-0.027488891,-0.596759941,0.171403909,0.0274888912,27.0,0.0083172213,0.0339805825,0.1036809568,-0.190822735,-0.01411997,0.0418222722,-0.026395491,0.0837370242,0.0741717113,0.6253947163,1.0,4.7954545455,-0.037720004,2.3737677985,0.3156028114,1.9510714286,8.6549429658,0.2657696393,0.0,0.0,1.0,0.0,0.0,0.5915185836,5.0,-0.083358937,0.0630621923,-11.04612138,0.8908353475,-1.714289598,0.1300003229,-16325.27504,0.0426379215,10.738030095,-0.00229824,0.005745461,0.0074712455,0.0114751718,0.1638516701,0.3118311533,0.0,-0.006973861,0.1237296854,-0.057661863,5.0,10.172836213,0.5299093656,0.0,0.0279268809,0.013628312,0.0424958591,0.6902509757,1.8459268613,8.9251364e-08,3.1872876e-08,0.6239893806,0.3893627471,-0.047363233,0.052116114,-0.526371475,-0.010149049
80864,0.671656097,0.0484631242,1.9053401609,0.0215464608,0.3918147083,1.157009493,0.0875809061,-0.002988526,0.3461647256,-0.048673228,0.0230030854,-0.099015267,-2.178000542,0.1540158349,0.0990152668,27.0,-0.027749894,-0.163398693,-0.197005595,-0.037186591,0.0424131761,0.1138663461,0.0367393214,-0.011585148,-0.017516229,0.3937721172,0.0,5.0779771615,0.1391794489,2.7608482871,0.3663619262,12.892318947,9.4914907368,0.2021318059,0.0,0.0,0.0,0.0,0.0,0.5132716168,5.0,-0.06030276,-0.168468557,-0.143712948,1.7087716186,-0.354919294,0.1664962447,3932.0521293,0.0624291911,16.323579463,0.0134021779,0.0443113102,0.0702629757,0.1973147923,0.068998314,-0.00196783,6.0,0.0030894537,0.2439648607,-0.032260177,6.0,16.886738817,1.4844654657,0.0,0.0522616729,0.0190957669,0.0302496036,0.2441440288,1.49796463,2.021565e-10,1.6913789e-08,0.9474221969,0.8976088192,-0.017293611,0.0333704509,0.4495095299,0.1631852225
80951,1.2000032521,-0.224725039,-77.12868468,0.0,1.7562731636,5.8372692398,-0.097048434,-0.094059192,0.3423906013,0.0298437864,-0.101419132,-0.068825779,-0.95241077,-0.010694492,0.0688257786,27.0,-0.08088751,-0.131268437,-0.309009102,-0.280168054,0.0126256481,0.1569704082,0.181549659,-0.090024867,-0.083067513,0.5312073324,0.0,1.9424324512,0.3355928041,1.2053344447,0.4343997049,336.34324324,4.6390442108,-0.089561546,0.0,1.0,1.0,0.0,0.0,0.8432672664,4.0,-0.036842069,-0.622488246,-0.111582692,2.2371187737,1.7335349217,0.0017859183,-3620.089711,0.0624291911,10.893569329,0.0037456559,-0.006063315,-0.016919014,0.394357579,0.0102134131,0.0004948466,1.0,0.0071684588,5.9697571301,-0.071882138,2.0,10.363243851,0.6519190355,0.0,0.0306644477,0.0195794839,0.0398432656,0.7891093215,3.9278418963,1.295971e-07,3.490128e-08,0.8434684927,0.7114390981,-0.120589813,0.0849626048,0.417417734,0.1631852225
81010,0.6473150246,-0.378245159,0.6542108783,0.0,0.1964079509,0.4439648091,-0.071539331,-0.28339603,0.1964779348,0.0399698756,0.0297703646,-0.397654501,-1.062656489,0.0236995137,0.3976545011,27.0,-0.031061922,-0.12654321,-0.181208339,0.0186287139,-0.057828059,0.2227115445,-0.079101622,-0.002285166,-0.343760667,0.5717248591,0.0,4.2412034445,0.0290969934,3.2448507045,0.0577805316,1.7413270833,4.9102179734,-1.735807096,0.0,0.0,0.0,0.0,1.0,0.2345743987,4.0,-0.727273109,0.0927180691,-0.127446348,0.1908243341,0.1256849901,-0.028524913,-7456.536125,0.0376507894,14.058144225,-0.000391593,-0.014779759,-0.018802823,0.0220868109,0.423343583,-0.022910214,1.0,0.0032527881,2.6439251002,0.0468753874,5.0,15.076253594,2.0734109176,0.0,0.0425212793,0.0285191838,0.0518447687,0.194980526,1.7634283049,1.9271569e-09,1.2483417e-08,1.3443906675,1.8073862668,-0.044298497,0.0807996692,-0.792632617,-0.028114825
80960,0.8763982125,-0.12873534,-7.848280351,0.0,17.182530749,0.8758034394,0.0202127641,0.1692865905,0.0383312888,-0.099189189,0.1784776061,-0.009729849,-1.567761807,0.0730910095,0.0097298486,27.0,-9.5578e-05,-0.028037383,0.0449026256,-0.083990259,0.0803256155,0.0509646705,0.2142266732,-0.005349275,6.0240995763,0.6329714753,0.0,0.99550991,0.0321864575,0.9954021047,0.0323374476,0.3506369806,0.0554023858,-0.004988205,0.0,0.0,0.0,0.0,0.0,5.8752648305,5.0,0.104166403,0.0036099398,-0.043108613,-0.230768969,-1.377066191,-0.080279565,-6845.347002,0.0256085935,10.315389213,0.0,0.0015872853,0.0209711743,-0.000775658,0.1119435713,-0.034180206,1.0,0.0299657128,-0.663224703,-0.056586996,2.0,11.986939791,4.7917160699,0.0,0.0466760844,0.0298514897,0.0550500637,0.8058399231,34.656440703,4.3303571e-08,4.0983475e-09,1.6676440431,2.7810366546,0.839917172,0.2729889101,-1.203692403,0.0732063074
80957,0.0857284957,0.03423789,21.559596686,0.0,0.069935748,0.0759453085,0.3065949074,0.1885824152,0.5390981488,0.0028500126,-0.137009828,0.032621598,0.1365496884,0.0295627168,0.032621598,27.0,0.0,0.1093567251,0.1848268882,0.1465546727,0.021557336,0.2688668117,0.1505810326,-0.002221848,0.7170619681,0.4528580812,0.0,5.4286511694,0.9571487638,5.4286511694,0.9571487638,1.8675013755,1.9644373306,0.4681051428,0.0,0.0,1.0,0.0,0.0,1.3985907671,6.0,13.030812064,-0.025642158,-0.206250868,0.1082632643,-9.47728936,0.2773271935,-4695.911986,0.0371991411,16.172601868,-0.008660177,-0.007704264,-0.013989263,-0.00461725,0.1878275136,-0.011685473,0.0,-0.005341904,-0.221386725,0.0010707281,3.0,16.790465337,1.2496109134,0.0,0.0855037719,0.0247279403,0.0293112768,0.4116046659,2.3903715088,2.39952e-10,2.016747e-08,1.0048122398,1.0096476372,0.0830191005,0.0474223896,-0.185762915,-0.054879185
80969,1.1453666996,-0.055644325,-40.78071369,0.0,1.5214466705,3.3046147667,0.016649484,-0.232435007,0.0943990745,-0.074588172,-0.27365393,-0.099027437,-5.464589235,0.2484290527,0.0990274366,27.0,-0.001400194,-0.117117117,-0.062565957,0.3372524604,-0.060567861,0.1638540613,0.0523638945,-0.210060796,-0.169857559,0.4396642358,0.0,1.1080738636,-0.297581748,1.0846897234,-0.300834173,99.745569169,7.6880008068,0.1090253628,0.0,0.0,1.0,0.0,0.0,0.2181736649,4.0,-0.028491067,0.1319465192,-0.077428516,0.7298178082,-0.295662006,0.0864482126,-9396.767559,0.2470034686,12.555739706,0.0066410346,0.0247687721,0.052434003,0.1378704765,0.0315191049,0.0466259981,5.0,0.0007233273,3.0681123767,-0.163458416,2.0,13.025479906,1.6145078502,0.0,0.0941872969,0.0396909819,0.0533343872,0.3118894485,2.9024771133,1.3401317e-08,1.2505991e-08,1.4530149308,2.1112523893,0.0511294715,0.0681709742,-0.594977114,0.0980376093
81084,0.8597372407,-0.110223809,-24.10732938,0.0,2.5614548527,3.1239603025,0.0366248495,-0.102712694,0.2145065583,0.0168664524,-0.103782527,-0.098858403,-3.244047619,0.2473474751,0.0988584034,27.0,-0.086471115,-0.055555556,-0.08918974,-0.305664122,0.8991283841,0.2141276476,-0.045587012,-0.082341121,-0.099510097,0.2963818211,0.0,1.6453175885,0.0197237328,0.4681617199,0.4219957522,109.49925816,15.052518866,0.0069356306,0.0,0.0,1.0,0.0,0.0,0.5833167077,6.0,0.0865174894,0.1732229277,-0.035869811,1.8968527623,0.3889297453,0.2598278849,-3636.798551,0.0624291911,12.616014723,0.0035527155,0.0832275726,0.3099791003,0.1235800251,0.0482060335,0.0206915463,3.0,0.0708215297,1.4097491292,-0.02703466,1.0,14.148183794,3.3795591182,0.0,0.0581395179,0.0343104132,0.0625608397,0.3640965349,7.3082643873,5.4017636e-09,5.7537341e-09,1.1579769883,1.3409107055,0.1216953355,0.120763952,0.1770336,0.1631852225
81095,0.9508602299,0.0462569395,-16.1103266,0.0575520519,7.5808909687,0.3499723641,0.0238114165,0.3156459919,0.041930804,0.1886598228,0.3420928749,-0.005397574,-0.876118845,0.086783516,0.0053975741,26.0,0.0049438325,0.0814402057,0.0958731547,-0.091185804,-0.089459819,0.0893708873,-0.035947622,0.0069703298,0.1370132677,0.6018347921,0.0,0.9642819486,-0.059847945,0.9590214284,-0.06487602,0.7691846954,0.0545199119,0.0087452521,0.0,0.0,0.0,0.0,0.0,0.3251480656,3.0,-0.044149041,0.0009875001,0.0663689763,-0.156306951,-0.451809732,-0.066587059,-5257.388582,0.0256085935,14.289682263,0.0001687601,0.0024522914,0.0222571207,-0.009453048,0.0757847794,0.0264636366,0.0,0.0037650602,-0.130880668,0.0199882837,5.0,15.061890555,1.5938389498,0.0,0.0229708441,0.0101920004,0.0193627378,0.2110773704,1.4895972183,7.521664e-10,1.5934556e-08,0.8597576381,0.7391831962,0.1354976787,0.0293452502,-0.066173686,0.0732063074
81055,1.2201400441,0.0598862023,-8.233766099,0.0163766832,7.9656804319,0.6966592549,0.0118875083,0.0800199813,0.0136564497,0.0052785821,0.0873887481,-0.034439823,-5.146117041,0.3680676084,0.0344398233,27.0,0.0056898864,0.0016377649,-0.067832601,0.0198463347,-0.39740965,0.1550954846,0.0565766246,0.0051182867,0.0413672448,0.5116618043,0.0,1.0267736055,-0.10689577,1.0168939118,-0.114200903,0.7633987875,0.1330647368,0.0103379882,0.0,0.0,1.0,0.0,0.0,0.0823206291,4.0,1.7628955459,0.0586777393,-0.024176237,0.544273869,-0.247057331,0.0563523699,40640.374677,0.1116995972,17.738564429,-0.00050725,0.0073307827,0.048031691,0.00296953,0.0773031922,0.0039782791,0.0,0.0103105513,0.5894212752,-0.092617516,4.0,18.423442325,1.536265438,0.0,0.0406516306,0.0248856542,0.0324555661,0.2816499894,2.3205633095,4.572655e-11,1.6031325e-08,1.7103582174,2.9253252317,0.0169686254,0.0454913639,-0.191042658,0.0472491512
81182,0.9025125296,0.0186861425,-2.662142697,7.0381e-05,0.3081278034,0.5831061788,-0.050812945,0.0518551358,0.0155932307,0.0221743811,0.0947052572,-0.009164196,-0.579096045,0.0295072137,0.0091641956,27.0,-0.002548093,-0.344086022,-0.440457899,-5.127236911,-0.399341064,0.0716669274,0.1741342463,-0.045755431,0.037983649,0.4092779304,1.0,0.9363051015,1.7120235601,0.9146111937,1.9384317073,7.4122120331,7.773868168,0.2274612791,0.0,0.0,1.0,0.0,0.0,0.0206410879,5.0,1.0314543417,-0.147185217,-0.253432804,0.8660179133,-0.710828474,0.028731439,-4290.175353,0.0633299066,11.915219538,-0.000221759,0.0345164319,0.0507912529,0.1051947678,0.1787286127,0.0960474322,3.0,0.0118698707,1.4676282051,0.0446017913,6.0,10.232362264,0.2686505476,0.0,0.222428441,0.0632648197,0.0541067116,1.4279156869,2.3143908582,3.8877685e-07,6.208991e-08,0.3484459653,0.1214145907,0.571632135,0.0457251846,0.7973304417,0.0171249485
81184,2.7991601235,-0.286626562,-105.4894458,0.0,1.1642332427,2.7046610261,-0.049590269,-0.177397333,0.0603557556,0.0096601887,-0.38237149,-0.127659004,-2.250118129,0.358317061,0.1276590041,27.0,-0.099557522,-0.288050314,-0.260387561,0.2310859607,-0.235360256,0.1056233892,0.1173373393,-0.079769489,-0.071795209,0.5367880784,0.0,4.0455551294,0.0591039232,0.7593308353,-0.136242866,454.11939356,9.9293409204,-0.015269285,0.0,0.0,1.0,0.0,0.0,0.0790750855,4.0,-0.177580014,-0.011526423,-0.423009665,2.4897500218,-0.465217991,0.1551704778,-3338.749119,0.0894515012,11.263513632,0.002463498,0.0254152118,0.0359654841,-0.002921847,0.0002461412,0.0263675073,3.0,-0.006882989,0.5946377909,-0.027564131,2.0,11.81457231,1.2957091288,0.0,0.0431566462,0.0283353178,0.0535732557,0.9947018415,7.3335005267,8.8226513e-08,1.5985782e-08,1.1536829194,1.3309842784,-0.037513476,0.0561320573,-0.119477486,0.2323533244
88865,1.6565438598,0.1211337865,-14.24173822,0.0458170261,16.147470194,0.7664017202,0.0180642505,0.1198414498,0.0322394489,-0.002662338,0.1306407725,-0.003067613,-0.426746611,0.1728272194,0.0030676132,23.0,0.0008253782,-0.048973144,-0.026807716,-0.079790092,0.0573640095,0.162659102,0.0677276558,0.0017345036,0.0244590931,0.6221515498,0.0,0.9843622986,-0.010909647,0.982290643,-0.01170572,0.6813083611,0.0557378665,0.0100281506,0.0,0.0,0.0,0.0,0.0,0.316986438,5.0,0.0758997363,0.0015789272,-0.064044373,0.5493766785,1.2053742184,0.0194566446,-6527.268522,0.0256085935,13.466426996,0.0006907075,0.0040379361,0.0440564068,0.0096976006,0.1216473084,0.032483637,3.0,0.0144566301,0.3611185185,0.056152517,2.0,13.629414399,1.0386100809,0.0,0.0340672918,0.0188758899,0.0289456361,0.3271734722,1.9336140466,4.299163e-09,2.0832461e-08,1.3091501921,1.7138742255,-0.024829037,0.0431113288,-0.044784458,0.0732063074
85205,0.0990943698,-0.021835307,10.58695683,0.0,0.1957198292,0.1362500648,-0.176339869,1.5586605833,0.4118461789,0.0025920166,3.2203023758,0.012179766,0.1143594153,-0.02433238,0.012179766,25.0,0.0723459786,0.9,0.4696233293,1.0071489816,0.2081065081,0.0540377903,-0.683783885,0.4040183934,-0.060101505,0.535534883,0.0,2.5241499841,-0.680762351,2.0413091833,-0.713544919,1.7166173862,4.6003169572,-0.171478166,0.0,1.0,0.0,1.0,1.0,0.4238269077,2.0,1.5711562527,0.0828925199,0.7219954414,-0.144757569,12.351543013,0.0624149827,-5639.925901,0.0232852488,11.651870736,0.0,-0.052120593,-0.083338571,0.0691929293,0.318201845,-0.52196291,0.0,-0.119230769,-0.148906583,0.0421794602,5.0,10.328657244,0.3436221964,0.0,0.1121751294,0.0461848782,0.0525303896,0.77493381,2.9882718673,1.2047112e-07,3.8329124e-08,0.4218902299,0.177991366,1.0626053941,0.1149790347,0.1454289467,-0.24467985
81220,0.5025965549,0.0646352762,-8.860923913,0.0,1.1113130464,3.122657713,0.0687893776,0.0317250649,0.3117245575,-0.004537334,-0.016421565,-0.043101406,-1.059673309,0.1331275532,0.0431014061,26.0,-0.001221122,-0.022644525,0.0788221477,0.0095117319,0.065579301,0.2908168244,0.2938891072,0.0082320552,0.1569492156,0.5267240135,0.0,1.4260387598,-0.118780927,1.3426928561,-0.114867536,65.001823666,3.105842675,0.0795835196,0.0,0.0,1.0,1.0,0.0,1.0866391799,7.0,-0.0381842,-0.155448169,-0.002958781,1.5397120765,-0.715019738,0.1456079631,-1013.060601,0.0624291911,15.064065679,0.00176756,0.0118882454,0.0395790636,0.1626261344,0.0242031232,0.0099447502,0.0,0.002553286,0.7326814426,0.0850958861,4.0,15.689695202,1.3789416662,0.0,0.0237691496,0.0138049129,0.0235554701,0.1661247505,0.875283384,5.917181e-10,2.1378909e-08,1.2887133288,1.6607820439,0.0243396317,0.0344378192,0.1058047312,0.1631852225
81241,0.1741702774,-0.003793853,25.078172663,0.0039064762,0.0649429648,0.067508865,0.0160828187,0.1670084182,0.1775784495,0.0069752953,0.430281525,-0.105797693,-6.190931449,0.0196936284,0.105797693,27.0,-0.032223645,-0.113643558,-0.427484166,-0.086591587,0.0945451578,0.3152426415,-0.24560476,-0.046356771,0.0920556289,0.2532765247,0.0,2.252660191,-0.267726665,2.0776381677,-0.179552514,2.1892027803,3.8002248903,0.0666699218,0.0,0.0,1.0,0.0,0.0,0.2264558583,6.0,-0.775964075,-0.223760766,-0.245518521,-0.208790673,-1.059581261,0.0458254932,954.47559057,0.1086739101,15.541984662,-0.012737914,-0.012702077,-0.017125328,-0.014358133,0.1289647994,-0.244956107,0.0,0.0001954079,0.7011914675,-0.085480725,5.0,15.971480347,1.3225628648,0.0,0.038431976,0.0279607646,0.0369432741,0.2790840388,1.6604639816,6.315837e-10,1.7256594e-08,1.5767171357,2.4860369261,0.0824870088,0.0530994459,-0.507211493,-0.049938477
81282,0.2680960769,0.0161444633,13.753136285,0.0,0.4844463272,0.2875878611,0.0555115288,0.0397137835,0.2101859873,0.0097080682,0.0247888902,-0.079357213,-3.628433801,0.0747235795,0.0793572127,26.0,0.0,-0.06222001,0.0286324182,-0.234819349,0.0216990856,1.3240231371,0.3801193127,-0.010729589,0.0678151948,0.2656736553,0.0,1.2752955207,-0.152067097,1.2752955207,-0.152067097,7.826635384,1.3654813285,0.0988775897,0.0,0.0,1.0,0.0,0.0,0.5558192798,6.0,-2.93661155,0.0125759072,-0.277044441,0.1902268824,-28.47957703,0.0771165259,-10097.67918,0.03476008,14.972131525,-0.000613261,0.0043348724,0.0116786587,0.0002854614,0.0444284642,-0.006712182,2.0,-0.00130166,3.8736639112,0.0712639298,4.0,15.307992074,1.185261978,0.0,0.0368029661,0.0248727228,0.0396257006,0.3890342463,2.9144946175,9.846476e-10,1.520091e-08,1.1930643636,1.4234025756,-0.014035839,0.0394835878,0.0881908567,-0.054879185
81278,1.0737463964,0.133191228,-8.736377463,0.0,0.5741551561,2.8686773033,0.123036877,0.169530588,0.3707243593,0.0146666667,0.0779765604,-0.043804287,-0.560003551,0.2077787886,0.0438042867,27.0,0.0529865928,-0.020621248,0.2595250454,-0.425856192,0.5377182225,0.198256513,0.1169916977,0.0720103937,0.1932966325,0.5307349137,0.0,2.2547310885,-0.134206858,1.2436575053,-0.037465075,33.549602489,6.4177180036,0.4520332846,0.0,1.0,1.0,0.0,1.0,0.6447294084,7.0,28.791549216,0.2888233251,-0.329731883,0.6807167632,-3.994841903,0.1914630853,-20500.47055,0.0580772554,11.852375072,-0.005132749,0.0003155559,0.0005395109,-0.17230904,0.0227797525,-0.004794586,0.0,-0.01722365,0.4548450085,-0.118327133,5.0,11.13922425,0.5372380712,0.0,0.0461357534,0.0234546107,0.0380939989,1.10948452,2.719662318,1.531809e-07,3.6635298e-08,1.1604741104,1.3467001609,-0.002220097,0.0790678497,0.2327485437,-0.107827317
81501,0.2123933498,0.0249105549,12.526417454,0.0236769831,0.1143779747,0.2231095061,0.0629642154,0.1408078872,0.6044504201,0.0056856059,0.3870933825,-0.02098645,-0.258306128,0.0313451038,0.0209864503,26.0,-0.003618392,-0.04109589,-0.049174743,-0.121489025,-0.033802169,0.273229982,0.1443745983,0.0097700269,0.0412470778,0.4188935955,0.0,2.2247054479,-0.281123392,1.7166224522,-0.29647363,4.0189002202,4.8213580446,0.408153593,0.0,0.0,1.0,0.0,0.0,0.8471985379,3.0,-2.947627869,0.0040025537,-0.255920322,0.1345241553,-28.43446647,0.0337380502,-8831.300164,0.03476008,15.371680233,0.0025538649,0.0148343722,0.0219940566,0.0113472441,0.1254871734,0.0048491218,2.0,0.0007647209,1.6466084402,0.0451640878,7.0,15.240534751,0.8718064047,0.0,0.0393332168,0.0267825908,0.0242572878,0.4448614241,4.0069118553,7.270123e-10,2.4934085e-08,0.9681398388,0.9372947475,0.0424632714,0.0277441691,-0.176589845,-0.054879185
87532,0.7123009182,-0.59717908,-4.759122115,0.0,5.5779090635,0.7131527227,-0.111885802,0.0224892554,-0.032268674,-0.001606684,0.1375172076,-0.051274651,-0.536794479,-0.276616647,0.051274651,27.0,-0.000900995,-0.501004016,-0.718674124,-0.633684405,-0.661680368,0.0381358104,0.0093340421,0.0270478482,-0.425418732,0.5016848815,0.0,0.4681900719,0.9272284166,0.459409487,1.016086561,2.8988086374,9.7205992509,-0.074946106,0.0,0.0,1.0,0.0,0.0,-0.247766884,2.0,8.7558172722,0.5271870973,-0.403926585,0.6226520563,-1.030915988,-0.164192573,-12299.2523,0.628146637,11.302856816,-0.000601393,-0.013782962,-0.086950155,0.1958432869,0.1396338402,0.1622827568,0.0,-0.023715415,0.1730739484,0.0391468192,5.0,10.055671205,0.2162746157,0.0,0.0393120013,0.0167171196,0.0308972316,0.5711750423,0.8009020014,1.9998374e-07,1.0128455e-07,1.7800981994,3.1687495997,0.0396048029,0.0708125721,0.0319820521,0.0281239559
81540,0.0089858354,0.0619535599,-8.355693828,0.014750748,2.2832662718,8.6090623542,0.0495151262,0.2950429172,0.1530061888,0.0189153193,0.2579866068,-0.022141006,-0.730488749,0.1072099384,0.0221410064,27.0,0.0546993787,0.9090909091,0.1268861912,-0.155945874,0.17069761,0.1563590511,-0.249259001,0.0957641396,-1.21920575,0.4585615033,0.0,0.9381983562,-0.039170271,0.5666109048,-0.062780944,71.08961579,11.636753557,0.0401499158,0.0,0.0,1.0,0.0,0.0,-6.469352964,5.0,0.0183423808,-0.533184748,0.6998120133,-0.497467609,-0.319846362,0.1791840586,21011.653807,0.130812276,17.269943299,0.0319919918,0.007825687,1.1117093765,0.3889428361,0.052498138,0.0171563042,1.0,0.0003348681,0.2040947427,0.0191415907,4.0,17.486893923,1.2354342512,0.0,0.030226374,0.0170848703,0.0225463175,0.3644985647,2.6376667555,5.918978e-11,1.7875132e-08,0.5263107407,0.2770029958,0.0747187306,0.0319937569,0.2312001036,0.4042341731
81560,1.1670940554,0.0896230846,-6.592909396,0.0343563903,13.869605233,0.6682770487,0.0186482322,0.1326330871,0.0372836639,0.0066866498,0.1400614411,0.0020470023,0.3233313817,0.0606451288,0.0020470023,23.0,0.0075300772,0.0218340611,-0.026523476,-0.056239098,0.0041377361,0.0935603762,0.078869283,0.0062024159,0.051233576,0.6145575628,0.0,0.9665101691,-0.028791083,0.9538273712,-0.03708397,0.3325630129,0.0686425502,0.0093707896,0.0,0.0,0.0,0.0,0.0,0.4458360904,3.0,-0.008434383,6.49957e-05,0.0067628317,0.0599268741,-0.87786599,-0.092725446,-6799.380282,0.0256085935,11.848949604,0.0003383859,0.0028375954,0.0364816305,0.0297813254,0.129973625,0.0176201141,3.0,0.0074844075,-0.512987999,-0.00277529,1.0,11.131143633,0.2814899278,0.0,0.021619074,0.0114817365,0.0135989817,0.991166513,0.8113329771,2.0531466e-07,1.2908375e-07,0.5241086126,0.2746898378,0.3942838681,0.0513053951,-0.013952499,0.1961553834
90470,0.9559747016,0.0860202453,-9.155629037,0.0313004171,8.0597136571,0.3356888734,0.0228207104,0.1372710877,0.034413185,-0.010842459,0.1397498974,-0.005851061,-0.576233422,0.1355879856,0.0058510608,20.0,-0.00266212,-0.007092199,0.1350780008,0.0574572091,0.0022403159,0.1310265283,0.264885363,-0.003115964,0.1167934577,0.5109219395,0.0,0.7707012047,-0.039800364,0.7696298048,-0.035679129,0.3840844181,0.0651267591,0.012740348,0.0,0.0,0.0,0.0,0.0,0.3187030531,5.0,0.028306493,0.0048238233,-0.022163428,-0.15119248,0.0251489866,-0.017782589,-6656.476182,0.0256085935,12.267886191,0.0001873958,0.0032194336,0.0319528655,-0.00171178,0.0707848136,0.0072602571,1.0,0.0049409261,0.0505259064,0.0012789717,6.0,11.663030626,0.3433421323,0.0,0.0098481644,0.0071642175,0.0178102715,0.5490491176,0.6717810397,1.9809836e-08,7.207035e-08,0.7241164843,0.5243446829,0.0242512742,0.0319375369,-0.031266913,0.0732063074
81588,0.6994783757,0.071786068,0.7265859892,0.0443710796,0.0538263453,0.3537008914,0.0979103693,0.04868005,0.2549452166,0.0125152095,0.299744898,-0.049748744,-0.509933775,0.1083922086,0.0497487437,26.0,-0.005025126,-0.111111111,-0.012826183,0.3619291985,0.0782840811,0.0578178427,0.0998382889,-0.003897345,0.0414471097,0.7541074258,0.0,12.681074766,-0.00659846,8.5712616822,0.0467085917,1.006614552,10.478873239,1.4118782575,0.0,0.0,0.0,0.0,0.0,0.2726700747,5.0,0.0507313008,0.0917929218,-0.091425367,1.7365938973,-0.065076189,0.1208726185,-3665.116621,0.0624291911,9.8066847459,0.0,0.0454850396,0.0493198516,0.0220455799,0.4690535136,0.0037191874,2.0,0.0104872698,1.6253195867,0.0289114595,4.0,10.190858849,0.812084474,0.0,0.0227272511,0.0136239815,0.0206195647,0.7673029045,2.497672524,4.3920731e-07,4.4252929e-08,0.7203831469,0.5189518783,0.3593074491,0.0627195078,-0.104313266,0.1631852225
81584,0.4880748122,0.0544237245,6.1193717442,0.0,0.5634540359,0.6695708167,0.0519260331,0.0806554091,0.1154254719,-0.023818546,0.0938565356,-0.047004524,-0.874290017,0.1020058435,0.0470045235,26.0,0.0,0.0,0.0163144332,0.0426891286,0.0815446448,0.1223062652,-0.013432618,0.007763565,0.0658062794,0.1878668793,0.0,1.153743054,-0.074197227,1.153743054,-0.074197227,33.699157431,4.4588735978,0.1307244939,0.0,0.0,0.0,0.0,0.0,0.2377017102,6.0,-0.285688404,0.167867772,-0.005760745,0.317487699,-0.307786371,0.0573642557,-4021.299576,0.0915965863,14.6026818,0.0003171672,0.0130958791,0.0304563041,0.0262043261,0.0233942951,-0.007035349,1.0,0.0040197897,0.5401590623,0.0150226757,5.0,14.356866816,0.8309743904,0.0,0.0352798253,0.0162855132,0.0220400557,0.3359731126,1.5479749773,1.3226891e-09,2.5341003e-08,0.9170625023,0.8410036331,0.0104862749,0.0302780128,0.0482212345,-0.049938477
87476,0.772779827,0.0652343666,-12.07287839,0.0269764231,5.5084730042,0.2333700037,0.0261590364,0.0755909991,0.037164608,-0.005671356,0.0772755192,-0.003773843,-0.350605119,0.0881058694,0.0037738428,22.0,0.0,0.0065359477,-0.012171182,-0.143054693,-0.019110109,0.0983262913,-0.461115106,0.0049714104,0.0637344561,0.5816139267,0.0,0.904862895,0.0518434608,0.904862895,0.0518434608,0.5400758786,0.0523739859,0.0135023908,0.0,0.0,0.0,0.0,0.0,0.2987487678,4.0,0.0042561125,0.0024033886,-0.008535282,-0.334387354,0.2338300349,-0.065264705,-6412.020642,0.0256085935,13.122495816,-0.000277962,0.0017183841,0.0151499072,0.0080705094,0.1372284656,0.1530059681,0.0,0.0119205298,-0.249689093,0.0263690035,5.0,12.931334719,0.5289325082,0.0,0.0174509622,0.016736712,0.0270297009,0.4319065951,1.1154705526,1.2318703e-08,4.9924571e-08,1.0414471053,1.0846120731,0.0049250575,0.0338986263,-0.251835075,0.0732063074
81624,0.8059090567,0.0442272239,0.3710598489,0.0,0.0854588127,0.548076407,0.0528122318,0.1168221863,0.5915654486,0.0056359196,0.6432,-0.07373113,-1.408278457,0.1065114706,0.0737311301,26.0,-0.000541779,-0.163636364,-0.105824056,0.1708873959,0.0211329773,2.1867881549,0.6504061546,-0.009852474,0.080131601,0.5077329164,0.0,8.2309782609,0.0679104384,7.7078804348,0.0897439779,1.5308541546,5.8261831048,1.2245762712,0.0,0.0,0.0,0.0,0.0,0.6324095243,5.0,-0.130500031,-0.122168915,-0.260968326,88.029036016,-12.12900395,-9.155535988,-3464.058742,0.0109914292,10.497574299,0.0055069803,0.0283114724,0.029679481,-0.012073256,0.3985001172,0.042744407,0.0,-0.001161861,-0.050058662,0.0073860002,5.0,9.5994687775,0.5820812465,0.0,0.0590111464,0.0189203342,0.0378223732,0.6827686746,2.2911824272,1.8201354e-07,3.7649893e-08,0.9505924536,0.9036260128,0.0171490046,0.0669955256,-0.063915115,0.0069773022
81621,0.3559214425,-0.040333317,3.0398759187,0.0,0.4591543967,0.5220016724,-0.016507128,0.0071442314,0.3554731861,0.0688870748,0.0022558358,-0.116102982,-2.337945407,0.0539637767,0.1161029817,26.0,0.0101607499,-0.002559727,-0.059678708,0.2479834778,-0.073550834,0.222173501,-0.428656241,0.0402416371,0.0231970402,0.3549974506,0.0,1.6160426355,0.2337464124,1.3782137887,0.1896268794,3.8403466978,4.9828481987,-0.040751579,0.0,0.0,0.0,1.0,0.0,0.7814344454,3.0,0.105111987,-0.026784935,-0.040141404,-0.047540855,2.0673812856,0.0362497985,-15641.17683,0.0642905452,13.674173489,0.0002788593,0.0023493643,0.0057233918,0.0350260433,0.1994731823,-0.03375787,2.0,0.0068571429,2.3785673982,0.1618456459,6.0,14.025251879,1.5222304102,0.0,0.0339578427,0.0199462599,0.0354425584,0.162811592,0.9130884715,3.5593678e-09,1.9819855e-08,1.0174800754,1.0352657039,-0.028696838,0.0589256801,-0.24474169,-0.091892872
81736,0.0803695126,0.0132155155,98.455275156,0.0063142204,0.0513142616,0.0890352902,0.2074612099,0.0306818103,0.4301280296,0.0052523691,-0.118594072,-0.05629606,-0.552603239,0.0205184522,0.0562960597,27.0,0.0086131707,0.0257400257,0.0810994067,-0.210351651,-0.0094811,0.2700801432,-0.058059563,0.0363623998,0.1556458941,0.2830130551,0.0,1.7271503873,-0.316647908,1.2258890987,-0.332228868,9.8557321758,5.1134064317,0.3226255119,0.0,0.0,0.0,0.0,0.0,0.7805962851,5.0,3.790279444,-0.005028198,-0.152840451,-0.194671409,-3.378710773,0.1121243739,27621.616691,0.0345323743,17.191130719,0.0038289542,0.0430642168,0.0705598232,0.0039599622,0.0653998897,-0.006729047,2.0,0.0006450389,0.1136913858,-0.017894385,6.0,17.309951963,0.8296476057,0.0,0.032027211,0.0239583822,0.0282230926,0.252581443,1.2096654452,1.759799e-10,3.2787818e-08,0.6249732633,0.3905915798,0.2228448011,0.0424526544,-0.640203632,-0.145662284
85332,1.2207687233,0.098660808,-13.87397098,0.0398186759,9.836465348,0.5018274983,0.0232441985,0.0154352751,0.0372140192,-0.041264944,0.0127416911,-0.001333083,-0.148267357,0.1132889852,0.0013330827,26.0,0.0058829814,0.1543478261,0.0282774474,0.0594823767,0.1433229782,0.0922988725,0.1235452909,0.0064647513,0.0376734013,0.5613733354,0.0,0.9613184159,-0.034791032,0.953064381,-0.042280873,0.7481715168,0.0664721285,0.0118533956,0.0,0.0,0.0,0.0,0.0,0.3444515359,6.0,0.0964143579,0.0063343018,0.1392765967,0.113601542,-0.838408514,-0.04008159,-6538.658202,0.0256085935,12.878990177,0.0001450886,0.0030299409,0.0265369178,-0.000394876,0.0912700674,-0.021437016,1.0,0.0035650624,-0.400739731,0.0421535717,5.0,11.752290208,0.2696773907,0.0,0.0299892947,0.0153345113,0.0255250225,0.2921192445,0.3721183833,2.8545788e-08,8.9025646e-08,1.0320381924,1.0651028305,0.2079176667,0.044465582,-0.159696521,0.0732063074
81740,-0.540679364,-1.024489783,1.3227123511,0.0271612867,6.1015284229,2.5221801083,0.0825734549,-0.229591249,0.1797351756,-0.191976671,-0.01513906,-0.257674298,-1.641259321,0.6569636224,0.2576742976,26.0,0.0,-0.016949153,0.4016509434,0.3571165304,0.1014785703,0.6607843137,0.5397521273,0.0059873345,-1.848202397,0.203784935,0.0,3.1112185687,0.2111643862,3.1112185687,0.2111643862,4.7204130262,4.6069767442,-0.120103538,0.0,0.0,1.0,0.0,0.0,1.6418109188,5.0,0.1602520327,0.079642241,-0.232676613,3.9683817781,0.0582870119,-1.095176855,-14487.38193,0.0456208962,13.879493665,0.0342923876,0.001486698,-0.011699507,-0.001672663,0.0823666796,0.0072170872,1.0,0.4438015068,0.1375620426,0.0094640162,1.0,15.480296904,3.4483370981,0.0,0.0332312323,0.0238297493,0.0405455372,0.2822572543,4.0864095464,1.4203028e-09,7.4771907e-09,1.7040679188,2.9038474719,0.1857546578,0.0581985261,0.0511693563,-0.071440083
81696,0.8098406264,0.1035898512,-2.02090464,0.0,1.4168322096,0.9105277195,0.0572324777,0.1507334055,0.1642959188,0.0059594026,0.1417900099,-0.043349206,-0.878837425,0.1946284893,0.0433492062,26.0,0.0016076757,-0.15625,0.2096984123,-0.667053497,0.0586856053,0.3124948614,0.3971180772,-0.008356581,0.1915889123,0.1556993129,0.0,1.1540593478,0.2923104896,1.0915507402,0.3292099021,4.1503477724,14.031341186,0.1095549074,0.0,0.0,1.0,1.0,0.0,0.3910312412,8.0,0.5820268446,0.0794961992,-0.37197746,5.3189017682,-0.236859238,-1.557511988,172.20826095,0.0456208962,15.933256006,-0.002610938,0.0140583468,0.0388107012,-0.003566332,0.1273303446,0.1815639333,0.0,-0.00069029,2.9057088181,-0.113308092,4.0,16.57610702,1.7618763433,0.0,0.0641658679,0.0286195444,0.0384550351,0.2973573473,2.2620123651,2.850985e-10,1.3740549e-08,1.2545847229,1.5739828268,0.0332736374,0.0469216789,-0.222765036,-0.071440083
81666,0.7042719938,-0.599571797,-1.697164345,0.0064705665,3.9638650428,0.9913708178,-0.224121911,-0.036008611,-0.097281216,0.0438619314,0.1093805627,-0.049410376,-0.391883508,-0.364609498,0.0494103758,26.0,-0.000539937,-0.290305231,-0.701714339,-0.707637395,-0.818384539,0.0559156522,0.0378021198,-0.025963354,-0.44522165,0.6161703466,0.0,1.1134141923,0.3686435833,1.0781326527,0.3848509315,0.9773166085,5.1979216017,-0.111875051,0.0,0.0,1.0,0.0,0.0,-0.408470728,2.0,-0.312493714,-0.18862255,-0.188228942,0.6776869363,-0.362698498,-0.422029117,-6135.469395,0.1434304144,13.676829785,0.0124440585,0.002812235,0.0240288694,0.3902247451,0.4077802914,0.1841821834,3.0,0.0180055402,0.6442275138,-0.072026476,2.0,15.534294237,4.5893064729,0.0,0.0446138009,0.0357768069,0.0468902613,0.3515785982,10.192302973,1.3249111e-09,4.9438214e-09,2.1143243302,4.4703673732,-0.002518052,0.0584263661,0.1058764095,-0.152691328
81665,0.0792436958,0.0475610571,46.876842857,0.0999449983,0.1989254199,0.7634996533,0.2388652482,-0.055429579,0.9095490048,-0.003370578,0.2109304426,-0.010624514,-0.063962559,0.050603184,0.0106245141,26.0,0.0513086292,0.034965035,0.0867039814,-0.073159964,0.0078988082,0.0436634718,-0.178913738,0.0755857899,-0.391452991,0.581886103,0.0,1.4152360515,-0.256803414,0.705472103,-0.412229186,45.9375,10.058651026,0.2786516854,0.0,0.0,0.0,0.0,0.0,2.056980057,6.0,-0.028774712,0.5271870973,0.0546507794,1.1163592174,-0.673771842,0.0630835939,-2336.306591,0.0624291911,13.972351937,-0.000451773,0.0575968222,0.1724907063,-0.005792965,0.1258724988,-0.002597228,2.0,0.0013196094,0.6940100106,0.009700465,5.0,13.255064699,0.3543177642,0.0,0.0292341951,0.0192335836,0.0259526588,0.432135168,0.7147508572,1.2826773e-08,8.6623414e-08,0.6627277339,0.4392080492,-0.143476869,0.0509079511,-0.171693551,0.1631852225
81677,0.7320926633,0.0299713701,-1.395977284,0.006690038,0.6004254835,0.5464929288,0.0475837849,-0.0258496,0.1248192059,-0.01466883,-0.072486761,-0.01974935,-0.891167954,0.0566808947,0.0197493496,26.0,-0.007005591,-0.018181818,-0.092142256,0.0589485543,-0.040019082,0.2906468531,0.2146720329,0.0013882877,0.0166524381,0.18227111,0.0,1.2025540092,-0.065403745,0.6935808821,-0.065859234,12.620845165,5.3494513274,0.1020031996,0.0,0.0,0.0,0.0,0.0,0.2175161955,5.0,-1.342637314,-0.00731294,-0.021521022,0.3126711898,-0.574977983,0.1342349661,-3886.703344,0.0629453635,16.628486655,-0.000184338,0.0070547309,0.0126865092,0.0025956239,0.0248693596,-0.008244025,3.0,0.0001159958,0.2071805532,-0.02129524,4.0,17.224309745,1.3892076563,0.0,0.0406888984,0.0240969391,0.0282403859,0.3362912503,1.7823564399,1.987552e-10,1.9788575e-08,1.3798515348,1.9039902581,0.0134964117,0.0356971002,-0.11469694,-0.107827317
89611,1.4497737579,0.2620453115,-0.709921853,0.021714133,1.0922322221,0.1533895422,-3.724131398,1.363025472,0.0447284345,-0.021679141,3.2203023758,0.2927703751,1.1729487677,-0.101051065,0.3627298513,26.0,0.0,0.1764705882,1.6482304819,1.0914540942,-5.206028647,2.2480733409,0.9770098313,-0.00143472,0.6259176895,0.8771756188,0.0,3.6667494552,-0.680762351,3.6667494552,-0.713544919,0.0659870472,58.85770751,0.9567402025,0.0,0.0,0.0,0.0,0.0,0.0221516245,5.0,5.5946422411,0.161287602,0.0791386254,88.029036016,-11.54944627,-9.211317135,-3293.934452,0.0109914292,12.298109076,-0.00016881,0.1402619349,0.6070815015,-0.053110851,0.8581819443,-0.036481764,2.0,-0.029455081,-0.238822176,0.0691447057,2.0,12.650518521,1.4121589173,0.0,0.1310345232,0.0364941872,0.0503926374,0.4089310538,3.8974641868,1.2410254e-08,1.4370248e-08,0.9291618688,0.8633417785,0.1742704426,0.0655927146,-0.12393508,0.0069773022
81893,0.5367272326,0.0537003296,-2.727674799,0.035984262,1.4501249487,3.0195092793,0.0548812277,0.3108306079,0.2616387263,-0.03195739,0.4910953409,-0.229564037,-7.486589182,0.4557326362,0.2295640374,26.0,0.0149136094,0.9366197183,0.2050642128,0.2760238413,-0.120184883,0.1659985852,0.0228642332,0.0302262415,-0.011910023,0.6125602871,0.0,1.1364970729,-0.26370653,1.0943745626,-0.274522778,8.5718958702,2.6813613157,0.0513077125,0.0,0.0,0.0,0.0,0.0,0.7275057451,4.0,-0.052991032,0.0448031898,0.9144225865,1.5738427542,-0.848095057,0.4682130461,-3600.733671,0.0624291911,11.934121196,0.0037883237,0.0143621498,0.050220228,0.0677216433,0.1743024177,-0.009961217,2.0,0.0161827022,2.5893253906,0.0700432505,5.0,12.036741425,0.7696100403,0.0,0.0640907735,0.0267563296,0.0396448462,0.8600055279,3.1083488958,4.7320902e-08,2.3245044e-08,0.5981043143,0.3577287707,-0.193866005,0.0517834201,0.202778214,0.1631852225
82251,0.7243728145,0.0501390562,-7.176819543,0.0244708729,5.7101416364,0.2239037782,0.0200219899,0.1554792427,0.0342211845,0.0,0.1636019963,-0.002548647,-0.305071103,0.0654350333,0.0025486473,25.0,0.0013628651,-0.070336391,-0.012958131,-0.012009641,-0.036049959,0.0750687154,-0.043441598,0.0104677133,0.0952119437,0.4729437067,0.0,0.6812103473,-0.104978889,0.6771402919,-0.106757718,0.2956873196,0.0729846826,0.0115555815,0.0,0.0,0.0,0.0,0.0,0.2881274917,3.0,-0.027546051,0.0021226613,-0.085407621,-0.382794367,3.042440733,-0.087935541,-6726.944102,0.0256085935,11.584400962,-1.8126e-05,0.0018094404,0.0176815066,-0.004921186,0.138275645,0.0834705536,0.0,-0.000511401,-0.045855145,-0.008765499,4.0,10.612730471,0.215301479,0.0,0.0291232616,0.014011826,0.0183542964,1.2885279005,0.9651643284,5.428682e-07,1.1730841e-07,0.7935787619,0.6297672514,0.093294999,0.0497814049,-0.049494778,0.0732063074
81869,0.386439416,-0.387616576,-0.767072516,0.0,1.0552131983,2.1196229558,-0.101514405,-0.330188518,0.2584901468,0.0174901186,-0.252800208,-0.238589955,-1.106102306,0.0411270126,0.2385899549,26.0,0.0,-0.085399449,-0.305573968,0.085047449,0.0374748585,1.1992653811,0.2088472394,-0.012715992,-0.477856752,0.3946843583,0.0,0.8728643918,-0.023451411,0.8728643918,-0.023451411,8.5974336019,5.4205079962,-0.236302646,0.0,0.0,0.0,0.0,1.0,0.7183259605,4.0,-2.976677331,-0.11321495,-0.30022388,0.3085702215,-28.93701299,0.043519959,-14571.10926,0.03476008,10.400782433,0.0012014321,0.1402619349,0.8796431593,0.0574162679,0.0996229949,0.0008369004,2.0,0.3938091983,5.6639054954,0.073568508,1.0,10.705987632,0.5346690144,0.0,0.0731707364,0.0404399198,0.0598551218,0.8279664886,1.1573235372,8.4763318e-07,7.4234311e-08,1.1294810727,1.2757274935,-0.026840555,0.0783154567,0.0807321056,-0.054879185
82171,0.9454855632,0.1893699906,-86.44042308,0.0408707828,1.3497469422,9.4909832016,0.0759163558,0.0021808395,0.5348322615,0.0241635688,-0.100738576,-0.028638832,-0.346735285,0.2550312482,0.0286388319,27.0,-0.019978109,0.0053821313,0.1245590565,0.0730391312,0.0215205259,0.0913494197,0.0680787568,-0.022350945,0.1978978562,0.5121091072,0.0,2.8974669043,-0.108047272,0.8775246096,-0.007876567,454.11939356,35.192514704,0.1592936994,0.0,0.0,1.0,0.0,0.0,1.5312157553,7.0,0.0005361653,0.0205378871,-0.203896764,0.4390321188,-1.050678924,0.3270053684,-3762.489263,0.130812276,11.492296628,0.0032446636,0.0336209682,0.0888997829,0.3175982647,0.0027599238,0.0040010949,2.0,0.0430635521,0.2718171123,0.1311377581,4.0,10.221508482,0.4706552707,0.0,0.0441421755,0.0216062873,0.0518041283,1.2077621479,4.1772419103,2.3197882e-07,3.0465418e-08,0.5294740342,0.2803427529,0.2680939286,0.0712725864,0.3846332478,0.4042341731
91262,1.5069119055,0.2400662835,-2.55653205,0.0,2.5104652777,2.1396354121,0.103272106,0.1194931114,0.1734332088,0.0636233621,0.0484733107,-0.113756588,-1.802057255,0.6726794713,0.113756588,25.0,0.0007358849,0.1321438528,0.1722871259,0.2570730241,0.2974248635,0.048346475,-0.085098696,0.0475282329,0.2618934827,0.5657261774,0.0,1.0614852343,0.8445645085,1.0157210775,0.910959896,3.7500726981,12.093642311,0.1552445005,0.0,0.0,1.0,1.0,0.0,0.4572166062,8.0,0.5905878022,0.4373474409,0.2342201419,1.480326848,0.1291062402,0.6152598523,-5486.858715,0.1434304144,14.479959181,7.95171e-05,0.0194712981,0.0478704105,0.0869821602,0.1251633095,-0.018134776,2.0,0.0085700294,0.4666380936,0.0704279635,5.0,16.383582821,5.0800638524,0.0,0.032095816,0.0311971091,0.0411661899,0.5291864978,16.550899497,4.410133e-10,4.2819241e-09,0.9450308346,0.8930832783,0.3401830672,0.0679428893,-0.344670047,-0.152691328
82212,0.1928023244,0.0600464026,5.4974061226,0.0179874545,0.320503929,1.4976508676,0.218083251,0.2569340767,1.0396169236,-0.032802617,0.3986308928,-0.123509895,-0.947911276,0.1169650648,0.1235098945,26.0,0.0,-0.130434783,0.0373411648,-0.010424042,-0.034338922,0.120419808,-0.038253768,-0.020045917,0.0757609274,0.605615626,0.0,3.1330732393,0.0854830457,3.1330732393,0.0854830457,13.506174748,6.1202506426,0.238974143,0.0,0.0,1.0,0.0,0.0,2.348564835,4.0,-2.939856998,-0.200386317,-0.345259214,0.1149331299,-28.62528599,0.1193580112,-13665.03177,0.03476008,14.219607574,0.001323642,0.038924444,0.108267706,0.0291809802,0.2212499952,0.0187773107,0.0,0.0015090543,0.1645976121,0.0767881065,5.0,14.441388913,0.9728301534,0.0,0.0277498886,0.0170887783,0.0260341928,0.293563639,1.2181636751,2.8310114e-09,3.1220329e-08,0.9290704091,0.8631718252,0.0007355056,0.040249465,-0.075055701,-0.054879185
82179,0.27668005,0.0244544539,7.1386723838,0.0,0.3835997034,0.250562265,0.0644851938,0.0944212349,0.2949949141,-0.017852568,0.1133127733,-0.020218618,-0.522361306,0.0372285144,0.0202186178,26.0,-0.001716299,-0.075,-0.096002325,0.0836396168,0.0047591106,0.3141603173,0.1758797442,-0.020724804,0.0692655512,0.2779814007,0.0,3.0851917519,0.1910858878,2.3118577203,0.4128749109,2.9178375297,5.8888058997,0.1256640396,0.0,0.0,1.0,1.0,0.0,0.6400105595,7.0,51.986620903,0.0405256451,-0.15590577,0.4740795954,-1.412495709,4.1507268978,-2047.469811,0.0357482652,15.44171445,-0.000467639,0.011643275,0.0274473152,0.0028670101,0.1245821593,-0.014713913,1.0,0.0018983645,1.6290146144,0.0838147374,5.0,15.953085414,1.2248471362,0.0,0.049316451,0.0242632416,0.0294470091,0.4075768147,2.4173018622,7.05187e-10,2.1457447e-08,1.0307834909,1.0625146051,0.0051088009,0.0353737403,0.0231145994,-0.145662284
82234,0.9081384079,-0.27731338,-4.342421767,0.0,0.9540050008,0.7213838679,-0.059157596,-0.037027397,0.1120885604,0.01272578,-0.109353464,-0.267528197,-1.830973987,0.2304402049,0.2675281972,26.0,-0.010872255,-0.216216216,-0.65627498,-0.080938794,-0.047027275,0.1068958503,-0.394127278,-0.219301442,0.0527830721,0.274950864,0.0,1.1036128153,-0.170480834,0.9633141228,-0.172450809,4.4913306873,3.8682979489,-0.239044353,0.0,0.0,1.0,0.0,0.0,0.2333035124,4.0,51.699202913,-0.569329596,-0.297121986,1.1055379533,-1.750850221,4.164304914,-7492.824024,0.0357482652,10.980511805,0.0342923876,0.1124440636,0.1579510499,0.0097700436,0.1424259242,0.2537843994,3.0,0.122328719,0.5679488022,0.0485100574,3.0,10.26022307,0.3969284576,0.0,0.0548387356,0.0219362515,0.0438869201,0.652846775,0.6798211727,3.3548807e-07,9.2788542e-08,1.1300647209,1.2770462733,0.1371175091,0.0834150941,0.4299556618,-0.145662284
82281,0.262731558,0.018636776,6.0334262639,0.0,0.0634813784,0.2295478051,0.0925788458,0.1912838865,0.8120005883,0.0716550577,0.1337808679,-0.05606264,-0.902521008,0.0354568579,0.0560626398,26.0,0.0,0.2878787879,0.1835002076,0.0501240373,0.0356362006,0.450282841,1.8786538372,-0.009248819,0.2060635938,0.5327356899,0.0,4.6941457587,-0.328132476,4.6941457587,-0.328132476,1.9919235847,4.1548554305,0.5802996255,0.0,1.0,0.0,0.0,0.0,1.0207049544,5.0,-3.105622459,-0.147530496,0.0730543567,0.1848623635,-28.45287797,0.0378498043,-14374.81048,0.03476008,12.042995418,0.001397585,-0.13539749,-0.155742302,0.014443199,0.2403123794,0.0408802921,0.0,-0.003099174,1.3318781386,0.0155243318,5.0,13.035131295,1.5397360597,0.0,0.0786516815,0.037683155,0.0596191404,0.3138824077,2.0048507805,2.2857842e-08,1.4599944e-08,1.1437430183,1.3081480919,-0.13230319,0.0911640704,-0.473883976,-0.054879185
82272,0.3558686043,-0.004560923,0.4362778126,0.0,1.2379386568,0.815039249,0.0615548916,-0.192467934,0.1030707197,0.0159647707,-0.017633425,-0.057166884,-22.35908142,0.0974171172,0.0571668845,26.0,0.0,-0.4092827,-0.512756358,0.0022846647,-0.008183151,0.2151963863,-0.516132863,-0.020939236,-0.501342899,0.4397920368,0.0,3.4868916471,1.5826966228,3.4868916471,1.5826966228,1.3932879362,7.0761952788,0.0071890647,0.0,0.0,0.0,0.0,0.0,0.2113674753,4.0,4.3916166579,-0.095156957,-0.449503678,1.4054777378,-1.585371716,0.2937655354,-2463.815447,0.3461731473,14.2946503,0.0014356934,0.0124639451,0.0393704584,0.0189357728,0.1724890632,0.0351074254,4.0,0.0017587056,0.8119024013,0.0070282808,2.0,14.853285877,1.2217103479,0.0,0.0303818937,0.036032423,0.0390199913,0.2225035958,1.7377443885,1.9058865e-09,1.5644436e-08,1.8597199991,3.4585584751,0.0450337587,0.0609944564,-0.354442211,-0.094679308
82261,0.1147010962,0.0107099646,28.191244262,0.0,0.0934262246,0.1420801738,0.0825293025,-0.005239521,0.3096376372,0.0031667237,-0.141845131,-0.110343158,-2.149951708,0.0337358713,0.110343158,25.0,-0.027529879,-0.03930131,-0.056661966,0.1192751433,-0.000987679,0.3385166195,-0.003056175,-0.016820047,0.1429554237,0.3351490836,0.0,2.662835182,0.1791741309,1.8509835506,0.3283964781,4.7229436883,7.869307432,0.1969571928,0.0,0.0,1.0,0.0,0.0,0.6298097667,6.0,0.1779317189,-0.042793628,-0.076882987,-0.288761201,-0.07122639,0.016021893,-12209.93453,0.0642905452,15.339941779,-0.002139857,0.0154941369,0.0275887106,0.0063264972,0.0846073951,0.0831564376,2.0,0.0009708738,0.831753178,-0.087079624,5.0,15.406494824,0.7452853088,0.0,0.0387001187,0.0191422467,0.0304002068,0.3638635397,1.1005944393,1.2859783e-09,3.7517134e-08,1.1010131331,1.2122299193,-0.019477807,0.0397934402,-0.564323468,-0.091892872
82486,0.0925096384,0.0228386791,60.477312859,0.0215039622,0.0723441307,0.1975085856,0.156626419,0.0500347181,0.1782287823,0.0,0.0521944264,-0.023850318,-0.168054305,0.0266768174,0.0238503185,26.0,0.0,0.0375438596,0.0238933709,-0.051294551,-0.063449487,0.075771659,0.0986507484,0.0278250605,0.0483519567,0.3275236004,0.0,1.166697734,-0.230783956,1.166697734,-0.230783956,14.173813675,4.9714607711,0.3471174536,0.0,0.0,1.0,0.0,0.0,0.3133642708,4.0,-0.038626256,0.0203241855,-1.17020365,-0.137395973,5.2295310147,-0.03060348,1625.6532674,0.1719954965,15.817419232,0.000658997,0.0416995587,0.0724623364,0.0036826945,0.1192157771,-0.008373364,3.0,0.0005604753,0.0423771881,0.0231667086,5.0,15.077256693,0.3532731458,0.0,0.0296939518,0.0204046229,0.0256998888,0.3166747804,0.5750912566,8.409764e-10,6.3579856e-08,0.1326733859,0.0176022273,1.0626053941,0.0381736971,-0.182987423,0.0946339185
82518,0.291641123,0.0491996302,11.064703245,0.0023354255,0.3006795439,0.3166739649,0.1612615429,0.0102124217,0.3174550401,-0.008264463,-0.111347579,-0.032127263,-0.384196994,0.0681019802,0.0321272631,26.0,0.0007911218,0.2193828351,0.4755718788,0.3576040257,0.0765399578,0.0411365225,-0.036629757,-0.005895831,0.17746086,0.4109753551,0.0,2.2996742671,1.7292033487,2.1841910966,1.8037254282,5.4715574735,25.06521181,0.1957961738,0.0,0.0,1.0,0.0,0.0,0.6848305079,8.0,-0.304542899,0.0795533442,-0.404930797,-0.125821621,0.5277212989,-0.042091474,-9054.354976,0.0775136454,13.280682212,-0.006427786,0.0062510362,0.0129298471,0.0424187872,0.0978720253,-0.002711082,0.0,0.0082599458,1.3552418025,0.0188992154,6.0,13.772963916,1.7399030123,0.0,0.0486316942,0.0290361777,0.0418646738,0.2803948769,1.9871329057,5.7994916e-09,1.5953087e-08,2.2888564938,5.2388640491,0.0264187963,0.0802891399,-0.017220042,-0.164654644
82515,0.0426699639,0.0244713547,151.68883266,0.0061341535,0.07341313,0.2626793457,0.2832114366,0.1728644761,0.7819912275,0.003942706,0.0252673132,-0.019139691,-0.084100911,0.026529418,0.0191396913,26.0,0.0488467658,0.0,0.230380398,-0.046220982,-0.014252962,0.0923193979,-0.075125507,0.0758704103,0.5589984885,0.4806423304,0.0,2.3216333609,-0.067963293,0.7055120652,0.0164123373,115.3487752,13.612112725,0.364183085,0.0,0.0,1.0,0.0,0.0,2.8277853625,6.0,-0.026858283,0.1968486829,0.0196857444,1.0797854855,-0.41457562,0.0390098278,11302.372129,0.0624291911,16.602913156,0.0145037538,0.0834065405,0.211106513,0.0156348062,0.0365760201,-0.014198641,0.0,0.0016574204,0.2365540286,0.0825810867,5.0,17.316469168,1.9698640848,0.0,0.0470170267,0.0229886537,0.0396136187,0.3573081367,4.0741052633,1.28927e-10,1.0770714e-08,0.6656289147,0.4430618521,-0.032153495,0.0416158209,-0.434250581,0.1631852225
82307,0.1072022016,0.0606916826,12.595640086,0.0,1.0918634334,0.8949700833,0.1108344444,-0.018651184,0.2057599174,-0.126427374,0.0202696597,-0.069722224,-1.526542363,0.1533401071,0.0697222238,26.0,0.0007974365,0.0307692308,0.0142358782,-0.043791119,0.0110943325,0.0987382287,0.0117655663,0.0350070595,-0.35147644,0.3380304286,0.0,1.2716244579,-0.182580252,1.2265442666,-0.190060077,22.132215348,4.7361425869,0.1013298971,0.0,0.0,1.0,0.0,0.0,1.5186661348,5.0,4.0756294915,0.193160915,-0.009451747,1.156811335,-1.608380097,0.3496885253,8341.8665333,0.3461731473,16.160774921,0.0005228,0.014584473,0.2032853856,0.001188682,0.0660827359,-0.020623788,0.0,0.0006881129,0.6364866238,-0.077124959,6.0,16.729313982,1.450602537,0.0,0.032304436,0.0264162078,0.0269418241,0.3711590283,2.3776171907,2.647071e-10,1.8070225e-08,0.8325852174,0.6931981443,-0.027703476,0.0401276106,0.1637379851,-0.094679308
82575,1.0160921917,0.0706932008,-10.58775739,0.0269746199,8.1502312475,0.3767129006,0.016439209,0.1926044136,0.0406252571,-0.015495637,0.2139293953,-0.000684478,-0.081585122,0.0764607142,0.0006844781,26.0,0.0024135488,-0.037306642,0.0166779674,-0.03752257,-0.069959778,0.117595704,0.1086538088,0.0010710066,0.0453127098,0.560404666,0.0,0.8898093114,-0.080464443,0.8703452198,-0.080603803,0.5005432744,0.0636625008,0.0116338814,0.0,0.0,0.0,0.0,0.0,0.321224014,4.0,-0.015710654,0.0008487226,-0.052377872,-0.09107499,-1.057792984,-0.076909861,-5235.735822,0.0256085935,14.428526941,0.0003139582,0.0030827117,0.0298847779,0.0017974114,0.1502945177,0.0316917071,0.0,0.0057960514,-0.103580975,0.0417604544,4.0,14.690793595,1.0897816306,0.0,0.0398334377,0.0152787279,0.0272249167,0.2566814665,1.3729738087,1.1613996e-09,1.8036995e-08,1.4141123637,1.9997137773,0.0253318658,0.0388151593,-0.087587857,0.0732063074
82567,0.6315742264,0.01155653,5.9820553655,0.0,0.3028410867,0.5362315314,0.0117050114,0.0709275477,0.2398054452,0.0003090341,0.1540633509,-0.003717849,-0.290655856,0.0149155031,0.0037178491,26.0,0.0329993612,-0.13566273,0.5735202648,-0.343289618,-0.028709609,0.4787844455,-0.150241441,0.0515439498,0.0351705734,0.1844268351,0.0,1.393349366,0.0711777707,1.0408939952,-0.041774092,19.65369542,4.6954005876,0.1550081048,0.0,0.0,0.0,1.0,0.0,0.3293630814,7.0,4.440598161,0.3596093956,-0.175883707,1.6811833598,0.1552368706,0.2112639214,-1917.625467,0.3461731473,14.425340004,0.0024703843,0.0118675283,0.0164921654,-0.012968363,0.0614645369,0.0161329745,1.0,0.002739726,0.3842226041,0.0522816749,3.0,15.099966477,1.2213459755,0.0,0.0487805158,0.0320843573,0.047516057,0.2262787373,1.2811716923,2.5801153e-09,2.2487928e-08,1.1230460679,1.2612324706,-0.000904318,0.1018278989,-0.211989165,-0.094679308
82581,0.3515113094,0.0422892156,5.9523586547,0.0,0.3632987217,1.0623685112,0.0857168801,0.0869000452,0.4173543347,-0.00620845,0.0701183101,-0.026280732,-0.486837401,0.0628771874,0.026280732,26.0,0.0112171078,0.0,0.0133527569,-0.129910291,-0.098854717,0.2697942937,-0.123118555,0.0294326706,0.1167854775,0.335122447,0.0,1.6606419687,0.0491241317,0.9981665296,0.1317952469,24.025406888,7.1022131729,0.1711965395,0.0,0.0,0.0,0.0,0.0,0.9816953987,5.0,-0.068626492,0.1830967164,0.0196857444,1.388626831,-0.424435404,0.0753575973,5841.0283093,0.0624291911,16.231061403,0.0025955535,0.0199759579,0.0482955814,0.0319143551,0.0141475488,2.82544e-05,1.0,0.0022321429,0.8053209441,0.034003214,4.0,16.748411353,1.4087305899,0.0,0.0246587209,0.0176274745,0.0221334559,0.3223696564,1.8773913445,2.205368e-10,1.8760796e-08,0.8569939844,0.7344386893,0.0130993601,0.0373512525,0.0091100656,0.1631852225
82621,0.1191490401,-0.053959417,8.2247300337,0.0,0.0254757283,0.0399860089,-1.384488146,1.9852043929,0.5669615619,0.2989448529,-0.296935255,-0.026945306,-0.047976012,-0.051370659,0.0269453056,26.0,0.061239331,0.1875,-0.35080597,0.0173997575,-0.010424482,0.1447963801,-0.762217713,0.2216290421,8.5524764151,0.8520443513,0.0,6.4494264859,4.2152181678,5.6082725061,5.1775002543,0.3822412823,5.0296022202,-1.725896794,0.0,0.0,1.0,0.0,0.0,2.1916273585,3.0,51.471033371,-0.683308299,0.1065942299,0.3165485855,0.1282336869,4.0621277245,-7386.655291,0.0357482652,11.138976456,-0.001203249,-0.09705603,-0.115532444,0.006829106,0.7217213727,-0.003416927,1.0,0.0,-0.042199157,0.0046486864,1.0,10.448962676,0.4034905697,0.0,0.0956521854,0.0493043513,0.0909463063,0.5665321991,1.3503533452,2.0337486e-07,4.5115921e-08,1.2856251682,1.6528320732,0.2366257331,0.1185914381,-0.327169053,-0.145662284
82649,0.5157281812,0.0665302056,5.1330575868,0.0436654094,0.7425501353,0.8529839254,0.0933211345,0.0769178501,0.2576612081,0.0138524776,0.0701372998,-0.050906236,-0.928400955,0.1282969121,0.0509062357,26.0,0.0119740889,0.0588235294,0.0504497458,0.0568723534,0.034528795,0.1839464883,0.1138277015,-0.051912754,0.0868328593,0.2874404694,0.0,2.3750748951,-0.124416834,1.2983822648,-0.231022003,19.641681901,6.9450549451,0.1655889018,0.0,0.0,1.0,0.0,0.0,0.583403045,4.0,1.411025169,0.0234576456,-0.119181029,0.2718762425,5.9960958289,0.2150442751,-4486.872371,0.0232852488,13.589611257,-0.002074689,0.0050344571,0.0186830015,0.0956617778,0.0304157368,-0.154195932,1.0,-0.003750721,1.481171237,-0.110718383,5.0,14.405029056,1.5699197959,0.0,0.0250771455,0.0184310342,0.030800342,0.4302106027,3.15375797,3.2595108e-09,1.5296032e-08,1.0750928371,1.1558246083,0.0472765287,0.0401308474,-0.034972555,-0.24467985
82547,0.2194126781,0.0363819274,5.1056664293,0.0,0.2241478548,0.3812879638,0.1941077576,0.0752124437,0.3800820409,-0.001694562,-0.026690179,-0.041596595,-0.489577782,0.0541937107,0.0415965948,26.0,-0.0054546,-0.083997435,0.7945745474,0.8377428547,-0.017932853,0.2185379868,0.7845527662,-0.000900545,0.2039635651,0.5417558377,0.0,3.3072163348,0.2222923455,2.5604273997,0.2881456809,2.9311832587,5.8997174788,0.216734184,0.0,0.0,0.0,0.0,0.0,0.8521886646,7.0,51.945956319,0.3360275765,-0.164903205,0.4168122235,-0.52333849,4.164304914,-3809.355641,0.0357482652,14.87122041,-0.001903174,0.0118458625,0.0240210242,-0.013096215,0.3006219791,0.0090905489,0.0,0.001025641,0.1613613197,-0.013753649,6.0,15.098103403,1.1547609539,0.0,0.0503792167,0.0269408887,0.0351925189,0.2285053468,1.0630172373,1.649329e-09,2.0887606e-08,1.7282438777,2.9868269008,0.065216036,0.048282288,0.0011704095,-0.145662284
82642,0.0526383014,0.0249417079,20.327814183,0.0065787014,0.1305572399,0.1410379715,0.130380846,0.2356447894,0.7325234801,0.0034227862,0.0871264201,-0.038287382,-0.265156794,0.0315551713,0.0382873818,26.0,0.0222881868,0.2916666667,0.1353714845,-0.290089152,0.0143328142,0.1400447427,0.0347087721,0.0469602385,0.5392630241,0.4522604797,0.0,1.8437146093,0.0738414262,1.3708946772,0.0395114983,3.2732956837,9.5352526439,0.2424242424,0.0,0.0,1.0,0.0,0.0,3.2660736976,7.0,-10.32579476,-0.128849354,-0.026907763,-0.302481935,-2.090310159,0.1741317244,109242.77012,0.02204135,17.93249491,0.0031279674,0.031496063,0.1142479775,0.0076823693,0.1851251158,-0.004482063,0.0,0.0007001634,0.702675993,0.0491529456,7.0,18.443545397,1.3652322714,0.0,0.0488752536,0.0249016685,0.0310799975,0.2097982195,1.2469557205,5.333292e-11,1.8413408e-08,0.787382781,0.6199716438,0.0362936958,0.0335297965,-0.219661766,-0.24467985
82651,0.015058159,0.033832014,31.256707225,0.0,0.1691549458,0.1534308116,0.282212257,0.1106213984,0.576229295,-0.004441817,-0.059697058,-0.099661755,-0.515626827,0.0512767081,0.099661755,26.0,-0.006029303,-0.007365743,-0.017132498,0.0073990082,0.005031249,0.2134694468,0.0353560107,0.0485331759,-2.073344399,0.4696224091,0.0,1.7404504194,-0.215851759,1.362453617,-0.187788428,5.337665239,4.1257613602,0.2404454693,0.0,0.0,0.0,0.0,1.0,-6.469352964,5.0,51.896533246,0.228019202,-0.088271513,0.2124577045,-0.919508694,4.164304914,7893.8649286,0.0357482652,16.722625936,-0.000812903,0.0519340634,0.6008245332,0.0029946965,0.2102727449,-0.029635708,0.0,0.0008676182,0.4884643986,-0.055068653,6.0,17.072632698,1.3077280651,0.0,0.0426862612,0.0236748197,0.0291060502,0.2824353244,1.9726135039,1.667306e-10,1.6325257e-08,0.6750386745,0.4556772121,-0.001104054,0.0338665803,-0.401265736,-0.145662284
82634,0.0790004647,0.0158468675,66.12126303,0.0,0.0348256294,0.1436200376,0.2212319926,0.3081123696,0.8458830974,0.0115410163,0.3248435248,-0.050513753,-0.320103146,0.0209194996,0.0505137528,26.0,0.0204465321,0.1386278195,0.391981591,0.0273373939,-0.066352273,0.0963325635,0.0191031611,0.1532573665,0.3008702674,0.4808329882,1.0,1.5926614063,0.3158715853,1.0880415383,0.745436603,10.65476905,19.602393212,0.6959997514,0.0,0.0,1.0,0.0,0.0,1.2117541828,7.0,-0.083897338,0.0294885452,-10.94147414,-0.073732905,-1.110048089,-0.020484086,-4243.467025,0.0426379215,15.158636424,-0.029884115,-0.03742716,-0.053888123,0.0114159066,0.0591065687,-0.047334604,0.0,-0.013732222,0.5586623836,0.0298723325,6.0,16.268331256,3.4045941008,0.0,0.0488821752,0.0201219798,0.042679204,0.4321440826,8.6353163694,2.609287e-10,6.8550694e-09,0.6638916143,0.4407520755,-0.126818215,0.0617090804,0.3566153494,-0.010149049
82573,1.2087125989,0.0677077605,-45.02758381,0.0484522311,14.366755329,0.5377137342,0.0154965989,0.1365985463,0.0260927394,0.0930141705,0.1427893989,-0.004882431,-1.055661302,0.1391842232,0.004882431,26.0,-3.1879e-05,0.1181434599,-0.042714066,-0.200799991,0.1337764503,0.0787106257,-0.071798642,0.0012472612,0.0678400889,0.6219814098,0.0,1.1109052524,-0.029680981,1.1109052524,-0.029640999,1.7496251303,0.0413498208,0.0059274397,0.0,0.0,0.0,0.0,0.0,0.3158907106,5.0,0.0197845134,0.0009905725,0.1030722305,0.1015454175,-0.979883361,-0.014186352,-6363.498002,0.0256085935,13.38850588,0.0006951665,0.0031145882,0.0387885837,0.0123384918,0.0221110084,-0.106697503,3.0,0.007079646,-0.263289944,0.0147061381,1.0,13.358926421,0.851835986,0.0,0.0476414301,0.0187672715,0.0252452626,0.2851100229,1.0111373547,6.053166e-09,3.0226822e-08,1.2575746555,1.5814940141,0.0398073578,0.040221699,-0.140321461,0.0732063074
82587,0.5899906548,0.0061348432,1.17013445,0.0,0.1491998503,0.5683095614,0.0226227456,0.0072513101,0.3460442362,0.022616294,-0.158767074,-0.061476574,-7.380681818,0.0514141685,0.0614765736,26.0,-0.025382552,0.0310077519,-0.10158424,-0.102527669,0.0848047355,0.1815431165,0.1059924142,-0.030667659,0.0601609721,0.6820382904,0.0,5.2333080013,0.1900561952,4.0559656932,0.2672076571,2.2142145767,3.4149270404,0.1613918984,0.0,0.0,0.0,0.0,0.0,0.4563277066,6.0,0.1078935613,0.0076784097,0.0301046133,0.1334999643,-0.433192189,-0.000810258,-8457.508825,0.0376507894,11.756266184,0.000586963,-0.036225668,-0.044644025,-0.115428154,0.4057542107,0.0037337789,1.0,0.0167364017,0.9851773348,0.1039155805,3.0,11.23336431,0.5551298935,0.0,0.0611110963,0.0224499624,0.0413637505,0.5884390176,1.2484038943,6.5156976e-08,5.0968634e-08,1.2069112443,1.4566347516,0.0404204086,0.0656294426,0.3613865959,-0.028114825
82599,0.9716900046,0.0686532255,-1.592018878,0.0,0.3725978128,1.0303641864,0.0802923411,0.2023239698,0.2060855131,0.0059505489,0.6652278255,-0.10841261,-1.944199475,0.2021287906,0.1084126101,26.0,-0.045891754,0.2496732026,0.023593265,-0.098796679,0.0160834672,0.1032007773,-0.128853283,0.0916856033,0.0865094013,0.5413916572,0.0,4.1821093222,-0.108724121,1.8692621076,0.061459156,7.5383499881,6.6988519213,0.4061132732,0.0,0.0,1.0,0.0,0.0,0.2534836677,4.0,-0.087276499,0.0028995653,0.1147138518,0.0653208239,0.6393882592,-0.001017793,-3127.719939,0.0894515012,12.486942886,-0.001954611,0.0135838444,0.01800431,0.029968877,0.0083681789,-0.008371815,1.0,0.0092827004,0.9918091268,0.1781680994,5.0,12.410807012,0.9928062391,0.0,0.0342726447,0.0202563241,0.0349501342,0.4687012416,5.5616467588,9.7531655e-09,1.5430825e-08,0.8819206976,0.7777841168,0.0884393951,0.0473149534,0.41000131,0.2323533244
82686,0.0070353279,0.0316465851,14.798068091,0.0107908528,0.2997621936,0.203055435,0.1587516031,0.1142468567,0.64618565,-0.058016253,0.3454916129,-0.092973447,-0.855122253,0.0587082842,0.0929734474,26.0,0.0009033035,0.0714285714,0.0751141647,-0.147052241,-0.015633209,0.2543466182,-0.162367382,0.0040823199,-0.866122848,0.3557969441,0.0,0.9250515813,0.1182002469,0.915718396,0.1186749864,3.6906162772,3.6151764363,0.1453037731,0.0,0.0,0.0,0.0,1.0,3.3084870161,4.0,-3.010074642,0.1562266878,-0.14339586,-0.070833867,-28.59730633,0.0611012307,1341.6887557,0.03476008,16.354799469,-0.002090225,0.0077127653,0.1768397832,0.0008426406,0.0687956264,-0.002515859,0.0,0.0028872124,0.5332869418,-0.067027083,7.0,17.798508034,3.6681334597,0.0,0.0106014041,0.0035489149,0.0048682723,0.2884641075,2.2073328064,2.047923e-11,1.3893309e-08,0.2147695471,0.0461259584,0.5813639908,0.0415416521,0.2908864366,-0.054879185
82759,0.1218093339,0.0030647916,18.826336401,0.0,0.2608191743,0.1574774939,0.0393488327,-0.330326011,0.1687620078,-0.010415137,-0.232798969,-0.05040269,-7.844555625,0.0271067198,0.05040269,26.0,0.0,-0.12345679,-0.188796287,0.0014979767,-0.013533103,0.4591137704,-0.591409273,0.0190553381,-0.4691741,0.1911150932,0.0,0.746327608,0.0970497897,0.746327608,0.0970497897,3.9718300403,5.9185315917,0.0514923498,0.0,0.0,0.0,1.0,1.0,0.3765994155,5.0,-2.982707831,0.0791105709,-0.338281221,0.0439401393,-27.86306557,0.0294996662,-5207.116464,0.03476008,16.690899006,-0.001845919,-0.003112593,-0.006583133,0.0014578583,0.0618531039,0.0017128173,1.0,-0.00181686,1.0086877289,0.0030997621,6.0,17.960083825,3.681305171,0.0,0.0104986774,0.0017023312,0.0034724925,0.3799276349,6.8718384378,4.80118e-12,6.9036113e-09,0.7879432218,0.6208545207,0.005646567,0.0359401324,-0.225767238,-0.025760408
89736,1.1584097631,0.081171763,-46.18710625,0.0199601635,9.3148849693,0.3865647945,0.0213378297,0.3557066881,0.0412544001,0.1468504795,0.3608874552,-0.003369761,-0.380098305,0.1120250125,0.0033697608,21.0,0.0022137072,0.0550314465,0.044590069,-0.147506198,-0.01947932,0.1131609939,-0.188843242,0.0041513,0.2473733269,0.4233395336,0.0,0.6878247225,-0.12847951,0.6830802332,-0.130838636,1.9262209998,0.0664112271,0.0120337642,0.0,0.0,0.0,0.0,0.0,0.3453147604,3.0,0.0102086617,-0.003076856,0.0399602171,0.0512425818,-0.541884961,-0.041345562,-5176.275862,0.0256085935,14.433144505,-2.7606e-05,0.0030441447,0.0258933061,0.0097116246,0.0174004572,-0.001705885,0.0,0.0006239601,0.120173961,0.0392449619,5.0,14.325456703,0.6471245378,0.0,0.0358445607,0.0166642495,0.0246883034,0.2431990627,0.6477173926,2.6685008e-09,4.2767488e-08,1.1761832725,1.3834070905,-0.014468887,0.0345380047,-0.123701216,0.0732063074
82768,0.0804702533,-0.486204263,124.6542029,0.0,0.6435668684,1.0654990131,-0.643160655,-0.393361312,0.183299722,0.1834937538,-0.099326293,-0.289174611,-0.570243511,-0.208949437,0.2891746107,26.0,-0.099557522,-0.086021505,-0.174528777,0.1304612426,0.0553564358,0.1214788732,0.1171661753,-0.272633128,-0.831997827,0.4542386343,0.0,1.1029996386,-0.241744375,0.3688109866,-0.163528686,237.37681159,9.4078116025,-0.682952531,0.0,0.0,1.0,1.0,1.0,0.4098872742,3.0,-0.251246309,0.0065692428,-0.123603182,-0.322992044,-0.423464597,-0.226663415,-16351.53225,0.0642905452,8.6926794428,0.0,-0.016879409,-0.057593123,7.08099e-05,0.0223413026,-0.022343752,0.0,0.1123044939,0.9797087847,-0.004037011,2.0,12.291283981,9.9763369853,0.0,0.1561467797,0.0807391359,0.1154366191,1.3050404543,35.252723986,1.0245937e-06,5.360206e-09,0.7180918373,0.5156558868,0.3458415098,0.1038941057,-0.632878639,-0.091892872
82775,1.0377707538,0.0989248051,-10.49237157,0.0276784429,3.1639421703,1.1569703031,0.0299173242,0.0465142551,0.0386347911,-0.003006369,0.0184794764,-0.029449106,-1.22855498,0.2204593671,0.0294491058,26.0,0.0,-0.051282051,-0.008056641,-0.02344229,-0.13453189,0.3859180036,0.010574639,0.0019910473,0.1434487952,0.2207508332,0.0,28.626248217,0.1281942582,28.626248217,0.1281942582,4.1007266855,1.3442069741,0.0394179942,0.0,0.0,0.0,0.0,0.0,0.15687751,5.0,0.030711788,-0.003165789,-0.577196913,-0.19294905,-0.204320778,0.3362937292,4532.5115559,0.0397241163,16.95648886,0.0003871735,0.0064497136,0.0264196448,0.0121613986,0.0701140385,0.0012109191,0.0,0.0007117438,-0.104540009,1.92916e-05,6.0,17.518225885,1.3914088354,0.0,0.0231884103,0.0146962067,0.0249535268,0.2632772495,1.6714635837,8.689845e-11,1.8632302e-08,1.2469642248,1.5549197778,0.0220414338,0.0392547062,-0.14758592,0.045344153
82800,0.1435078851,0.0311932209,15.745595128,0.0230334049,0.1920873938,0.1586059284,0.2184058346,0.0328571254,0.2488328437,0.0,0.0127026348,-0.072747115,-0.772542028,0.0552912951,0.072747115,25.0,-0.007093623,-0.036640794,0.0959838586,-0.150561436,0.013686722,0.0743075582,0.0126786454,0.0358313932,0.0608636918,0.5612367096,0.0,3.4771808203,0.2268639284,2.7910167533,0.3224235403,3.0777443725,7.0252507478,0.2441245181,0.0,0.0,0.0,0.0,0.0,0.5417235658,8.0,0.5196403667,0.0120987674,-0.090705184,-0.205344057,-28.93701299,0.0891961634,48867.340768,0.0885761255,17.689630527,0.0129305039,0.0490296913,0.1095800442,0.0127137485,0.1772748105,-0.036795341,0.0,0.0,-0.091712464,-0.043526726,5.0,16.887022598,0.3053624632,0.0,0.0299077295,0.021332052,0.0308639106,0.3574130227,0.583986584,2.092585e-10,7.8728816e-08,0.9879742505,0.9760931196,-0.003703811,0.0400270549,0.185452462,-0.017140666
82812,0.9424468337,-0.012377025,-3.612905139,0.0,8.3765276083,0.3599169467,0.0202365797,0.0976658212,0.0298953832,0.0061001866,0.1097565648,0.0279578716,4.9535809019,-0.261324881,0.0279578716,25.0,0.0,0.0,0.0430191631,0.1378244526,0.0997759758,0.0476377953,-0.415964827,-0.00055181,0.0007574517,0.7343324169,0.0,1.4454836359,0.0409812222,1.4454836359,0.0409812222,0.1942481974,0.0518397574,-0.00126148,0.0,0.0,0.0,0.0,0.0,0.2695094989,2.0,0.0144878883,0.004086627,-0.015071229,-0.164720348,8.5458181548,-0.414695456,-6823.740342,0.0256085935,11.103362756,-8.8138e-05,0.0001748322,0.0012686198,0.0105804446,0.1962153558,-0.275504102,0.0,0.0017878895,-0.760806457,-0.007003039,1.0,10.300654345,0.8648817911,0.0,0.0632910803,0.0277439154,0.0519098654,0.8439779998,2.9217328142,1.4855757e-07,4.441552e-08,0.997230544,0.9944687579,0.5639559048,0.1553599775,-0.932470497,0.0732063074
82848,0.150379077,-0.315361785,2.9063938666,0.0,0.1939345119,0.2059835716,-3.045998504,-0.150703634,-0.741335854,-0.85100486,-0.436889603,0.2927703751,1.3225327393,-0.73243807,0.5572082991,25.0,-0.07609745,-0.428571429,0.3397950706,0.4495634493,-0.914554107,0.3847167325,0.9141234152,-0.340318584,1.4647592463,0.8199011995,0.0,1.7352592943,-0.248082155,1.6575893914,-0.183676907,0.8937742472,5.4728506787,-1.125434989,0.0,0.0,0.0,0.0,1.0,-5.462665736,4.0,4.4436512062,0.2603579369,-0.606575987,-0.093472862,7.0530232764,-0.645690707,-5722.963311,0.0232852488,9.034936829,0.0,-0.16642044,-0.218932205,-0.04087678,0.7697416208,-0.301921935,0.0,0.0855614973,-0.752838415,-0.024629802,3.0,10.31472758,2.5264012795,0.0,0.0429999828,0.030309674,0.0885798128,0.9547159576,25.449220038,2.2471752e-07,4.9844407e-09,1.0943660525,1.1976370569,-0.528481486,0.1401351803,-0.277307152,-0.24467985
86122,0.1544697932,-0.007086811,4.4575368452,0.0,0.1906635522,0.7307805697,-0.02372699,0.0610750889,0.3102558739,0.005325746,0.1468421771,-0.003585684,-0.1696,-0.005884888,0.0035856843,25.0,0.0,-0.039840637,0.1417815257,0.3657893331,-0.070137938,0.1553095815,0.2640363365,0.0049501499,-0.028593839,0.7812763651,0.0,2.1288091984,0.1476257157,2.1288091984,0.1476257157,4.702247191,5.403622034,-0.011182768,0.0,0.0,1.0,0.0,0.0,0.623716486,4.0,-0.275783078,0.2067685136,-0.045601382,-0.01611732,0.0983667553,-0.050526475,-5372.681966,0.0915965863,10.724323845,-3.0354e-05,0.0543360188,0.0811916678,-0.104334476,0.583390415,0.3541713631,1.0,0.0373489341,-0.811666507,0.0123617137,2.0,12.507873909,3.2151636436,0.0,0.0892857388,0.0419829396,0.0734514433,0.5174017862,2.5039977077,1.5047172e-07,2.0921016e-08,2.3436013783,5.4924674203,0.0413467334,0.1536660967,-0.079077925,-0.049938477
86098,0.4432130542,0.1128361504,-0.243576921,0.0,0.6642075293,1.9710586859,0.0377254562,0.5759725009,0.3265829873,-0.85100486,0.5442394674,0.0475555046,0.3814413018,0.0697957823,0.0475555046,25.0,0.0093830947,-0.044176707,0.7729355092,0.0315320496,-0.62555846,0.2449010198,-0.151821861,0.0190533962,0.626047556,0.5493675931,0.0,1.2397046398,0.0698951025,1.2215017817,0.0603972734,11.273551291,3.6263698699,0.2388390628,0.0,0.0,0.0,0.0,0.0,0.8297846746,6.0,-2.884428395,0.4415157503,-0.259001138,0.3653438597,-28.56385984,0.0721887287,-14506.79784,0.03476008,10.265609766,0.0025168745,0.007387564,0.0126585274,-0.226007799,0.2399745469,-0.004703121,1.0,0.0095238095,3.3421234548,-0.087339313,3.0,11.011442059,1.0709904937,0.0,0.037900839,0.022897989,0.0357481029,0.6339460926,1.3928129685,3.1783757e-07,4.4448766e-08,1.1511128355,1.3250607601,-0.017773288,0.0874723221,0.0812702716,-0.054879185
87832,0.4011147274,0.1810162197,3.5870685214,0.0,0.0586902622,0.6863459264,0.6793232257,0.8062534457,1.0806017807,0.0415211486,0.8055098684,0.1648751555,0.3253341209,0.122125467,0.1648751555,23.0,0.1018962888,0.0,1.2007928855,0.0952476851,0.7727595679,0.0924188641,-0.052516324,0.2040639521,0.8063622957,0.6269474434,0.0,9.4502734108,-0.192820544,6.5881749829,-0.031125991,4.4092392238,11.364390838,1.4118782575,0.0,0.0,0.0,0.0,0.0,1.519306588,6.0,0.1556345677,0.5271870973,0.0116405617,-0.051715067,-1.58632552,0.0064215195,-9944.530937,0.281925686,10.891885193,-0.035463624,0.0113303553,0.0123028492,-0.175569591,0.259299556,0.0060511828,0.0,-0.082873995,0.6848347863,-0.170781765,2.0,11.908505835,2.1782198576,0.0,0.0404762104,0.0207694822,0.043769361,0.4361337928,6.0973962292,4.7520787e-08,1.3555761e-08,0.0340767013,2.6883081862,-0.255365248,0.2415057548,0.0075270211,-0.031359609
84825,1.9121376648,0.136382225,-24.8943788,0.0279240153,17.182530749,0.961386758,0.0186829591,0.1221751186,0.0305547505,-0.033529284,0.1261870251,-0.034129025,-5.69942446,0.9016014033,0.0341290253,22.0,-0.029722779,0.1226993865,0.0496411355,-0.05125498,0.0221974842,0.0698661443,0.1432434637,-0.032069643,0.0776359735,0.5192995862,0.0,0.8597007552,-0.043965451,0.8581684836,-0.000256565,1.1271857169,0.0603950729,0.008122431,0.0,0.0,0.0,0.0,0.0,0.3696113778,5.0,0.0876151074,0.0019500465,0.1076281571,0.8049704835,-1.225465656,0.7603118394,-6824.650922,0.0256085935,11.446561168,0.0005266184,0.00267129,0.0325955345,0.0125912076,0.0596102989,-7.129435e-06,4.0,0.0198416446,2.0884934943,0.0254080575,5.0,10.798992529,0.2318777609,0.0,0.0213487931,0.0202358162,0.0266075678,1.4530464571,1.2013426581,1.5841552e-06,1.3847298e-07,0.3594206922,0.129183234,0.2471171081,0.0418080254,0.1066735689,0.0732063074
90710,0.8224377345,0.1188648103,-5.291159435,0.0153230906,8.305525674,0.3930873646,0.0335201318,0.2847752693,0.0502386178,0.0030971738,0.2955554474,-0.010274352,-0.701554404,0.2022549414,0.010274352,18.0,-0.000307573,-0.032786885,0.0091068154,-0.128480923,-0.025490613,0.1015981735,0.1097646646,-0.001712917,0.1851843086,0.6240656743,0.0,0.9097850661,0.0244381216,0.9093712974,0.0250641732,0.2588786917,0.0683067088,0.0177433503,0.0,0.0,0.0,0.0,0.0,0.514360097,5.0,0.0127530615,-0.001927152,-0.047858115,-0.284729447,-0.426526765,0.0488843666,-6753.833642,0.0256085935,12.233018349,0.0006460869,0.0051879631,0.0615975279,0.0212248418,0.237351414,0.1639231837,5.0,0.0157265451,-0.170587988,0.0386052486,6.0,11.845159407,0.6056820127,0.0,0.05185185,0.0249641535,0.0535900174,0.5028854481,2.254760161,3.0372196e-08,2.5650249e-08,0.800753318,0.6412058763,0.0404585155,0.0418698152,-0.441555537,0.0732063074
83145,0.4977500072,-0.181403881,0.7268191983,0.0,0.3039066755,1.0417896758,-0.41993514,-0.196593227,0.4609197713,0.0083424012,-0.124297985,-0.09849957,-0.488544794,-0.092779959,0.0984995699,25.0,-0.078366411,-0.03030303,-0.163417497,0.0547526197,0.0255957788,0.2685135855,0.3636431218,-0.10501824,-0.235146444,0.7496652723,0.0,2.9212072342,-0.065053048,2.262988135,-0.011149931,3.1263547222,4.986555083,-0.512967285,0.0,0.0,0.0,0.0,1.0,0.7067165823,4.0,51.950820415,0.1391400233,-0.1112088,0.6951495526,-1.213953813,4.0207184241,-7487.738851,0.0357482652,11.01599533,0.0,-0.042854315,-0.080543155,0.0367128525,0.5058763009,-0.04044697,0.0,0.001305483,1.3988876175,-0.100974363,3.0,10.815682935,0.5175090745,0.0,0.0308057163,0.0184218516,0.0483048911,0.8205831039,1.6683114351,2.2372876e-07,4.7019808e-08,1.9284487638,3.7189146346,-0.047326786,0.1248114228,-0.392512337,-0.145662284
83149,0.489857383,-0.046466205,3.9143084871,0.0,0.3068666109,0.5611687833,0.0002090476,0.1478928008,0.3327798213,0.0422524332,0.61700492,-0.154952733,-2.485714286,0.0690355046,0.1549527333,26.0,-0.00636095,-0.029569892,0.1000057195,0.3417396224,-0.118906383,0.1573895492,-0.401561174,0.2454440357,-0.028640032,0.4919675523,0.0,2.4506392045,-0.146576252,1.4255445076,-0.140120102,5.6774907749,8.0252451492,0.0190353093,0.0,0.0,1.0,0.0,1.0,0.4517892788,2.0,3.7444898707,-0.00596596,-0.208150369,0.2148164612,-3.163064771,0.1606414263,-8214.983829,0.0345323743,10.662275486,-0.006262705,-0.01157276,-0.018822408,-0.007060949,0.0735460009,-0.186199039,1.0,0.0046948357,1.9990040499,-0.004672066,4.0,10.47699358,1.0887344253,0.0,0.0795454457,0.0490828147,0.0792203211,0.6107204976,3.5760844056,1.5487629e-07,1.5869277e-08,1.1995451203,1.4389084956,-0.353233461,0.1201490719,0.0602563675,-0.145662284
83120,0.4189590192,0.0071961672,1.913593137,0.0045400813,0.4901889041,0.5133903396,0.0514380922,0.0522834208,0.2168417375,0.0089180549,-0.014934404,-0.080031947,-9.859872611,0.0781494587,0.0800319472,26.0,-0.014159622,-0.115448782,-0.197142229,-0.101340351,-0.020414532,0.2584408908,0.0434708466,-0.01624207,0.1435853188,0.3502311054,0.0,2.4031567669,-0.024763364,1.7967790535,0.0928442306,3.2140288037,5.6974645466,0.0596158308,0.0,0.0,1.0,0.0,0.0,0.4853176872,4.0,0.0479134185,-0.059144065,-0.116351921,-0.037531671,0.2348917196,0.0259250324,-7364.244525,0.0376507894,13.826378954,0.0036468557,0.0096183167,0.0209854884,0.0478863794,0.066401425,-0.057671963,1.0,0.0002068252,0.5107664097,-0.038512622,3.0,13.891029855,0.7989095537,0.0,0.0394180343,0.0229405177,0.0344165109,0.3816183321,1.6406057191,5.0103152e-09,2.7789122e-08,1.4227404999,2.0241905302,0.0158995021,0.0416317787,-0.204053302,-0.028114825
84397,0.9477294079,0.1288481702,-7.854987666,0.0179724778,9.7273883559,0.5005972661,0.0283277276,0.1396044776,0.0409443716,-0.03905891,0.1455302256,-0.005492874,-0.427211978,0.1838936518,0.0054928741,22.0,-0.003217635,0.004784689,0.0881297308,-0.05499017,0.0070216712,0.0845026781,0.2582495738,-0.004324171,0.0821484795,0.7030415756,0.0,1.1707772798,-0.067115047,1.1647854661,-0.06277822,0.418861799,0.0575794937,0.0152863872,0.0,0.0,0.0,0.0,0.0,0.4379406256,5.0,0.0145772027,0.0045531868,-0.01028654,-0.159437773,-0.78769865,0.0305230769,-6692.107842,0.0256085935,12.620764238,0.0006981432,0.0047934664,0.0501123143,0.0039671052,0.108668761,0.0969830652,1.0,0.0038461538,-0.118512904,0.0909221526,6.0,11.283401335,0.4196283945,0.0,0.0285714548,0.0108643244,0.0231921446,0.6791856527,3.1247419043,1.1107116e-08,3.5781359e-08,0.946968215,0.8967488002,0.1745701073,0.048889824,-0.012306738,0.0732063074
37381,0.3095760214,0.0217917565,6.6303475177,0.0,0.5161818347,1.6228204605,-0.046026239,0.0258317834,0.4371254391,0.0179077297,-0.028262742,0.0536570438,2.0076335878,-0.021958106,0.0536570438,27.0,0.0401407732,0.0588235294,0.1317941876,-0.020665691,0.0926631207,0.0836103298,0.1456459533,0.0523868568,0.1307914325,0.5486986805,0.0,1.7751109878,0.2818793633,1.4889012209,0.200533727,27.675177305,4.454057756,0.0675799087,0.0,0.0,0.0,0.0,0.0,1.2591523621,5.0,-0.009967868,-0.10553451,-0.069644823,-0.162222478,-0.156516863,-0.041064394,-4461.092928,0.2025613765,9.7050018542,-0.000464972,-0.004437167,-0.011213456,0.0973143324,0.0710112812,-0.02059812,0.0,0.0009565084,0.8806855166,-0.032687245,0.0,9.7256017599,0.8922572309,0.0,0.0476190746,0.0396904138,0.0519500833,0.5235802658,1.9722374936,3.9997807e-07,2.7362924e-08,0.9232191845,0.8523336625,-0.02912382,0.0791486465,-0.115798072,-0.239458447
83124,0.2864909035,0.0398209435,2.3947652696,0.0209797385,0.61694281,0.6718325124,0.1244963145,0.038167463,0.3821173316,-0.005411815,0.0262159735,-0.087424618,-1.946977568,0.1173514273,0.0874246185,25.0,0.0,0.1078589537,-0.006297088,0.0477473757,-0.003126429,0.2491130561,-0.000134504,0.0158086717,0.0648738725,0.4008210586,0.0,1.6626668095,0.0404508782,1.6626668095,0.0404508782,4.1221197102,3.715776048,0.1187868637,0.0,0.0,1.0,1.0,0.0,1.1893879424,5.0,-2.963215831,0.0167389429,-0.106965477,0.2086217089,-28.46262425,0.1197443737,-13123.91843,0.03476008,14.509389091,-0.002177988,0.0124875744,0.0366774296,0.0121236671,0.1645275786,-0.013593244,0.0,0.0006224066,0.7039371945,0.0429807343,7.0,15.299726164,1.7883141172,0.0,0.0207645074,0.0136182885,0.0185216334,0.2684207134,1.8029046721,7.733187e-10,1.5268827e-08,0.6392804469,0.4086794898,0.0910285034,0.0301531852,0.1389214722,-0.054879185
82859,-0.674497254,-0.947903819,13.565600824,0.0,6.7221541079,2.9225758286,0.0222167366,-0.151949272,0.4137086493,0.0022426839,0.04471893,-0.189423234,-0.842810985,-0.149000067,0.189423234,25.0,0.0051558557,-0.154929577,-0.215512989,-0.047586678,0.0137392968,0.3300322432,0.0557716958,-0.00684426,0.524729774,0.3300762353,0.0,1.2395167022,0.0672067054,0.6915422886,-0.001905255,19.654994851,5.4172580187,-0.110737357,0.0,0.0,1.0,0.0,0.0,-0.788568621,3.0,1.160482324,-0.10166775,-0.332934136,-1.094815877,5.2988206902,-0.062252704,-5093.430781,0.0232852488,12.712994079,0.0011771432,-0.021953035,0.0262871287,0.0771202418,0.0299403643,0.0114046596,3.0,0.0484668645,10.682574947,0.2629632168,5.0,12.286844711,0.4442386794,0.0,0.0405405313,0.0286774509,0.0606592328,0.5985324107,2.2683767492,3.2147622e-08,4.0720509e-08,1.8376226707,3.3768570799,-0.045567519,0.101218804,-0.282054926,-0.24467985
83303,0.9123435441,0.1386281291,-3.583708991,0.0,1.8695240448,9.4909832016,0.1837422956,0.0565034262,0.5681523857,0.0009004313,-0.057437622,-0.066444939,-1.613899614,0.3623600132,0.066444939,25.0,0.0,1.0,-0.08841883,-0.040040567,0.0059416724,0.3740122915,0.3314154449,-0.008185076,0.1690319177,0.6255261279,0.0,1.5503321291,0.116191247,1.5503321291,0.116191247,14.432569497,4.9136078782,0.1174811126,0.0,0.0,0.0,0.0,0.0,2.3475600106,7.0,-2.934412734,-0.493333584,0.9144225865,0.8344743496,-28.08924327,0.3647529596,-14574.00534,0.03476008,10.174048938,-0.003892277,0.0124236681,0.0495194931,0.2895154017,0.1565842126,0.0054143519,1.0,0.0012178727,0.1211274536,-0.010089778,5.0,8.9205360125,0.3677729458,0.0,0.057376992,0.0374114336,0.0620186378,0.8868767714,1.3306820148,1.7175016e-06,8.4836796e-08,1.2187593175,1.485374274,0.0521727809,0.0772567218,-0.030401944,-0.054879185
83143,0.1337597637,0.0403249453,22.483785653,0.0845036079,1.5241579173,0.4880124068,0.0358294405,0.0240613322,0.1735259411,0.0033867038,0.0543615023,-0.046124729,-1.88204603,0.1162183484,0.046124729,25.0,0.0,-0.04,-0.027052605,-0.037212461,0.0140062932,0.0973390586,-0.039900272,0.0379850177,-0.223525611,0.3121322493,0.0,0.6362630562,0.0032851463,0.6362630562,0.0032851463,19.017544342,4.826088272,0.0788316182,0.0,0.0,1.0,0.0,0.0,1.3363789497,6.0,0.2835502088,0.0954511175,-0.137331963,87.749210644,-12.00444831,-9.14582911,5010.1943282,0.0109914292,16.56325806,0.0010292589,0.0047283433,0.05897057,0.0074320548,0.0113414725,-0.028762266,0.0,0.0002301496,1.1301500291,0.0224685073,6.0,17.11284306,1.3138813747,0.0,0.0237045381,0.0151164618,0.0219802757,0.2327243125,1.1301129786,1.589449e-10,2.2593027e-08,0.8117085211,0.6588707232,-0.04084766,0.0409941231,0.0338243492,0.0069773022
83272,0.5937810884,0.0377209392,0.4644033219,0.0,0.4858626603,1.7925607307,0.0580577417,0.0571517805,0.2600350276,0.0057619944,0.0340261597,-0.049497556,-1.378417325,0.0897161353,0.0494975555,25.0,0.0,0.0,-0.047019493,-0.211450885,-0.107430641,0.1721994734,0.0379936228,0.0485214207,0.0768581922,0.4183209168,0.0,1.2716474046,0.0077584362,1.2716474046,0.0077584362,28.076108782,6.7192910964,0.2116550987,0.0,0.0,1.0,0.0,0.0,0.4725592149,5.0,103.79230449,-0.00028959,0.0277823434,0.0245518228,-0.143993121,0.2033746507,-1384.907747,0.2166316341,14.641134865,0.0038107091,0.0198232656,0.0359032903,0.0636458918,0.10065809,0.0262968693,2.0,0.0024727273,0.45872697,0.0096663777,6.0,15.180762276,1.7899092103,0.0,0.0370838307,0.0300601122,0.0449527307,0.607155078,9.6887272112,9.183699e-10,8.5700959e-09,0.6773532519,0.4588074278,0.0588824008,0.0395264704,-0.340747227,0.3361807193
83244,0.5497737642,-0.124129473,-1.113669276,0.0,0.8592417282,1.6158979472,-0.05048278,-0.066746683,0.0310062012,0.0097548943,0.0349217897,-0.114648363,-1.347931873,0.0431886,0.1146483634,25.0,-0.02034974,-0.000481,-0.126048132,0.2621754205,0.0730949756,0.0916823153,0.0737409613,-0.01213576,-0.190962963,0.5513694627,0.0,1.897627965,-0.089932987,0.6862255514,-0.037966938,19.040332147,26.184339315,-0.048027649,0.0,0.0,1.0,0.0,0.0,0.0220740741,3.0,-0.086836194,0.0243587967,-0.135440351,-0.356595416,-0.768045106,-0.159957983,-2411.883759,0.0894515012,14.246697938,0.0046250178,-0.037284759,-0.141468683,0.1554978962,0.0462664518,0.0296521643,0.0,-0.005204461,0.1637973109,-0.01859804,2.0,16.474391854,4.7364776979,0.0,0.0557350218,0.0481945474,0.0678937377,0.292437798,7.4896961702,7.503098e-10,4.9757293e-09,1.9652540861,3.8622236228,-0.055049695,0.0957291973,0.4335124057,0.2323533244
83762,0.8026170601,-0.190840555,0.3302307574,0.0,0.0436017656,0.0021602091,-0.655895372,2.1942232554,0.0044512587,3.0583421585,-0.550054705,-0.095090976,-0.28,-0.137405199,0.0950909756,26.0,0.0,-0.115384615,0.1642857143,-0.206445993,1.1434065934,0.1101924233,0.0112102687,0.0024234631,3.9931568967,0.6714430819,0.0,36.578947368,2.946436309,36.578947368,2.946436309,0.0041792729,0.1450177936,-2.578192794,0.0,0.0,1.0,0.0,0.0,-0.04798417,5.0,-14.07756955,0.0122872537,-0.293389174,0.5587651214,5.2671776882,-0.050657836,-5670.994961,0.0232852488,10.827642237,0.0,-0.057342406,-0.05838369,-3.1038e-05,0.6,0.8576839827,1.0,0.0,-0.048257335,-0.035053356,5.0,10.983271645,2.2793693788,0.0,0.1759258658,0.0879932854,0.0927261453,1.3434721358,81.106863631,1.4091299e-07,4.1083601e-09,0.0340767013,0.0896175684,1.0259220838,0.1391827839,-0.242111474,-0.24467985
83390,0.6304794185,-0.104885494,0.8323258835,0.0,0.247188433,0.7588326828,-0.093479215,-0.07924129,0.3423775396,0.0238320093,0.04665803,-0.098495491,-0.859662716,-0.014719345,0.0984954906,25.0,0.0063136127,0.0413907285,0.0139897664,0.0016458845,0.0354967666,0.1846404711,0.1305404998,0.0424442427,-0.120708852,0.5984617056,0.0,2.4776895165,-0.129541332,1.8727566931,-0.162149315,4.2083035075,4.5648347856,-0.203285563,0.0,0.0,1.0,0.0,0.0,0.455026702,3.0,0.5415754025,0.0673327602,-0.174336732,5.1395405602,0.1748210314,-1.766859822,-16634.49628,0.0456208962,11.922284157,0.0006536768,0.0207870769,0.0289258804,-0.036945589,0.1586153873,-0.03813808,1.0,0.0041536864,-0.346310909,0.0113832963,4.0,12.442288029,1.0595250697,0.0,0.0318681262,0.0183032495,0.0349748265,0.3532908587,1.45599451,2.5653089e-08,2.6030473e-08,0.6752251645,0.4559290228,0.2822510776,0.0440870775,0.010559614,-0.071440083
86080,-0.214244481,-0.051689046,1.6092442472,0.0,0.7525617695,0.4984114117,0.0977100819,0.4966073317,1.0806017807,1.3429707508,-0.179260936,0.2927703751,3.0021462517,-0.206867123,0.3456047156,23.0,0.0869526852,0.056122449,0.1500191981,0.6301317684,0.0241963695,0.1250480215,-0.153199854,0.1235459993,-0.615525725,0.7903043984,0.0,0.6443902213,-0.202919513,0.4931077549,-0.185553196,1.6135553218,22.698664742,-0.049562143,0.0,0.0,0.0,0.0,0.0,-0.628722164,3.0,1.647364033,0.0998225786,-0.12188211,-0.458096419,5.9883053737,-0.12011976,-5620.253671,0.0232852488,10.891662729,0.0,-0.038806329,-0.83573841,0.0208612494,0.5828681632,-0.00979504,1.0,0.022556391,2.0126617997,0.0016573025,4.0,11.189128304,16.90557338,0.0,0.2711777985,0.0879932854,0.0981686028,1.5923349656,107.87623787,2.7188717e-08,4.411094e-10,1.2401419675,1.5379520996,-0.14142856,0.1246262423,0.6892352234,-0.24467985
83411,0.3284217948,-0.098884467,17.727761986,0.0261197442,0.1330109773,0.1967222187,-0.280320318,-0.167487899,-0.094173956,0.01696201,0.2274342178,-0.250775864,-1.287930405,0.0284718446,0.2507758641,25.0,0.0,0.25,0.1048346228,-1.179689878,-1.643979646,0.0881770709,0.0200897836,0.2358744492,-0.263463925,0.5874423774,0.0,2.746132848,-0.535857232,2.746132848,-0.535857232,6.1970816752,2.7725307334,-0.561794393,0.0,0.0,1.0,0.0,0.0,-0.118450165,3.0,0.1215275455,-0.033869932,0.0507894112,0.8681808504,-3.791086643,-0.088549678,-3123.592274,0.0365722346,12.267062321,0.0342923876,0.0680259693,0.095576518,0.069544138,0.0927880746,0.442271386,3.0,0.0017605634,-0.031447402,0.0031122752,4.0,12.924029743,1.493736787,0.0,0.0589101762,0.0297026723,0.051426671,0.4437863593,2.8866156189,2.0177713e-08,2.0627371e-08,1.0459124576,1.093932869,0.0646535484,0.0628138769,-0.742643622,0.818494895
84215,1.1569140847,0.1071686118,-13.25644466,0.0214727164,11.521802086,0.6208630576,0.0253045431,0.0673673498,0.0429798549,0.0001180359,0.0655565867,-0.008043169,-0.921528199,0.2059275096,0.0080431693,23.0,-0.011355498,-0.037593985,-0.032018806,-0.158059093,0.0621533492,0.0628926,0.0158173988,-0.01272391,0.0857425163,0.6864487342,0.0,1.188403584,0.0473945865,1.1442327897,0.0641297917,0.7889990089,0.0585257194,0.0105521672,0.0,0.0,0.0,0.0,0.0,0.4791285467,5.0,0.0486090133,0.0012585278,-0.052665214,0.0497469034,-1.418557307,0.0525569347,-6798.675802,0.0256085935,11.728682359,0.0002475772,0.0034194772,0.0380799732,0.0036213842,0.1646148698,-0.000234089,3.0,0.0068957561,1.0615869378,0.0134410788,5.0,11.502254953,0.3218165765,0.0,0.038517423,0.0156483735,0.0134261762,0.9954202339,0.3188307539,5.0533683e-07,3.250337e-07,0.7224063027,0.5218708662,0.2770592056,0.0352369513,0.0314842079,0.0732063074
83414,0.9704179625,0.0640053149,-36.47357828,0.0351044591,7.4787014959,0.3474308286,0.0183166304,0.483187627,0.0440614106,0.3456391192,0.5112635652,-0.004202837,-0.464431219,0.0937313814,0.004202837,26.0,0.0022929487,0.2360515021,0.2554563433,-0.283871084,-0.110071251,0.1616545329,0.543367635,0.0022697874,0.2974304794,0.6035523937,0.0,1.0576917193,-0.005622154,1.0497431045,-0.005080428,1.7719551654,0.0514185343,0.0124121212,0.0,0.0,0.0,0.0,0.0,0.3355822817,4.0,-0.056164389,0.0052251444,0.2209802727,-0.136749219,-0.596917835,-0.059639193,-5360.845812,0.0256085935,14.394300788,0.0003768694,0.0044080044,0.0364697749,-0.003242045,0.0856259714,0.0208042438,0.0,0.0017459625,-0.363799317,0.0259620734,3.0,14.473466322,0.6821028588,0.0,0.0340751335,0.0174929281,0.0274949095,0.3037843893,1.0100849866,2.8538467e-09,3.6436267e-08,1.3331588591,1.7773125437,0.0063273125,0.0339694628,-0.222149608,0.0732063074
83382,0.1335228144,0.0073649378,55.724904344,0.0,0.4427953616,0.3968802353,0.0075970712,0.0610093962,0.2362121347,0.0025507794,0.0466683146,-0.069048246,-5.247792208,0.0460146007,0.0690482456,25.0,-0.003604379,0.2638230648,-0.076949087,-0.106159549,-0.011557472,0.1867855368,-0.095250901,0.1064594593,0.1115145338,0.1997542282,0.0,0.8664437149,-0.066744806,0.8549381769,-0.056753439,37.444591505,18.477734236,0.0878648577,0.0,0.0,1.0,0.0,0.0,1.0297471177,3.0,-2.966567744,-0.081075776,0.0489986336,0.0556536198,-28.24201866,0.0484075471,-13814.17266,0.03476008,13.337739316,-0.002559994,0.0028436587,0.0124070598,0.0018732354,0.0112226732,0.0307080557,0.0,0.0007803174,0.8637952761,0.0855111377,5.0,13.349019039,0.7289673324,0.0,0.027098991,0.0233882174,0.0306086548,0.3862866874,1.9257312849,6.5383552e-09,2.7827098e-08,0.5441916836,0.2961445885,0.0770925779,0.040165237,-0.346819158,-0.054879185
83520,0.4134888985,-0.503295006,-1.442556612,0.044321271,11.095867227,9.4909832016,0.0847534496,-0.09816769,0.4322165696,-0.838256177,-0.12759829,-0.166546932,-4.052192798,0.9016014033,0.1665469319,25.0,-0.04496747,0.3123689727,-0.138273011,-0.013118274,0.0591184006,0.2845873786,-0.236000538,-0.085101664,2.9887755102,0.6311560256,0.0,1.8140974643,0.0654186709,1.5346216713,0.1385292707,5.5653824992,4.9996801737,-0.010325595,0.0,0.0,1.0,1.0,0.0,9.1062751267,6.0,103.79230449,0.1696679367,0.2457778201,0.350876057,0.118396052,1.4642455496,-4697.164159,0.1707603697,11.782007089,0.0013861935,0.1152980824,-0.83573841,-0.047233346,0.0652761618,-0.002128543,2.0,0.0723905724,0.6286935724,-0.048719883,3.0,12.837019164,2.4998261716,0.0,0.0543084703,0.0394724359,0.0608053624,0.3096692487,2.2273448056,4.240872e-08,1.537035e-08,0.9081346132,0.8247084757,0.7570788404,0.1180912957,0.1840934427,-0.182629545
83509,0.363474042,0.0546910993,5.1623896689,0.0,0.3575037143,0.6389242339,0.1168936638,-0.00207643,0.2950711821,-0.077801551,0.0642828439,-0.041862025,-0.552429728,0.0849040884,0.0418620251,25.0,0.0,0.1354409916,0.0461415461,0.0186233181,-0.077686145,0.1666673119,0.1027715323,-0.006301152,-0.05973977,0.3508101732,0.0,1.6856996199,-0.123960674,1.6856996199,-0.123960674,8.3446345689,3.2517406297,0.1899758234,0.0,0.0,0.0,1.0,0.0,0.5381756743,5.0,-0.298575815,0.2143187796,0.1296802468,0.1928869288,-0.313490764,0.0402625006,-1608.656646,0.0915965863,15.50749959,0.0016991137,0.0236453041,0.0466556093,0.0173132088,0.113912756,-0.019569897,1.0,0.0039346696,0.6621355854,-0.013842456,7.0,15.545302677,1.1676530316,0.0,0.0205108505,0.0155668995,0.0247953045,0.4629259217,3.2959014238,3.633498e-10,1.5535584e-08,0.2247604396,0.0505172552,0.5408018812,0.0323626074,0.059303019,-0.049938477
83462,-0.128207324,0.0702728955,5.0714066139,0.0,0.8922528241,1.0898561977,0.167746114,-0.033666033,0.9645912548,0.0074803793,-0.07457451,-0.043427466,-0.480392157,0.1040314433,0.0434274665,25.0,-0.007170769,-0.053274336,-0.032148618,0.0292666025,0.0117946355,0.146138482,-0.053733144,-0.00586185,-0.26101083,0.4341332076,0.0,0.6003077938,-0.232029639,0.3405518303,-0.200115391,12.509705248,12.376244666,0.1053306343,0.0,1.0,1.0,0.0,0.0,-4.2566787,7.0,0.0137656499,0.0570188665,-0.041633775,-0.581037118,-2.004720075,-0.011672504,-8497.531277,0.281925686,13.595915001,-0.02845392,0.0483924983,-0.512411348,-0.041362117,0.1025089012,-0.094352764,1.0,0.0260416667,2.6761889581,-0.242631495,2.0,14.886344343,3.6794706802,0.0,0.0286017451,0.0221781383,0.0485898812,0.245931849,2.9555347372,1.6855941e-09,9.5481499e-09,2.3411957473,5.4811975273,0.0336735839,0.1465291386,-0.122129772,-0.031359609
83534,0.1256642649,0.0454475715,9.5375468165,0.0,0.0678979801,0.1167041863,0.3562172004,0.328213531,0.2573428073,0.0133084793,-0.090592527,0.1176029519,0.4389884606,0.0254966121,0.1176029519,25.0,0.0070456534,0.2071428571,0.3271377399,0.0859763731,0.1091440808,0.0675039246,0.0533039922,0.0229510582,0.7681886193,0.574624719,0.0,5.4487935657,2.7063852602,5.2986595174,2.6808332608,1.3057428215,6.6575429663,0.6510558329,0.0,0.0,0.0,1.0,0.0,0.4761957097,5.0,1.7593765327,0.0190533488,0.0291382986,-0.118187674,5.682731542,0.1122439751,3215.5243789,0.0232852488,15.967830419,0.0049913483,0.0115007156,0.0175891182,0.0041243835,0.3796658901,-0.052632153,0.0,0.0006255865,1.8469938177,-0.057836521,7.0,16.412496508,1.5266015882,0.0,0.0201946255,0.0143069496,0.0256948022,0.3001596802,1.8145690091,2.055675e-10,1.7220869e-08,0.5386922617,0.2901893528,-0.031727228,0.0464148394,-0.261474353,-0.24467985
93312,0.3050361785,0.0333610809,44.279275093,0.007262385,0.5446575313,0.2490821968,0.0619923098,-0.048831917,0.169714057,0.0117831893,-0.121969892,-0.034257164,-0.894913628,0.0632163668,0.0342571645,21.0,0.0,0.0789473684,0.0075546634,0.038437656,0.0068697868,0.9498428497,0.0313244667,0.0010274116,0.1173550165,0.0691823457,0.0,1.0066570315,0.0031520337,1.0066570315,0.0031520337,21.69098513,6.9836923998,0.1237169123,0.0,0.0,1.0,0.0,1.0,0.5064990911,8.0,-2.900166187,0.0944795167,-0.135877063,0.227166984,-28.69796537,0.0656093132,4142.1066557,0.03476008,16.617302461,0.0001292374,0.0105763661,0.0316637189,0.0063259999,0.020951931,-0.000985668,0.0,0.0017291066,1.0064046989,0.0560413459,4.0,16.860513845,1.0128070775,0.0,0.01634036,0.0194831729,0.022140838,0.4183241947,2.9064532747,1.632495e-10,2.2980129e-08,1.0997679739,1.2094895965,0.022878398,0.034287521,-0.257375477,-0.054879185
86091,0.856061696,0.0803476266,-52.64813916,0.0422545599,5.9981542922,0.2753725091,0.0192392003,0.0384230764,0.0321230989,-0.025781273,0.0317271929,-0.001216387,-0.101846555,0.0885307555,0.0012163865,22.0,0.0004282867,-0.015384615,-0.005632957,-0.024080175,0.0525924689,0.0756957886,-0.039555384,0.001321398,0.0878930622,0.3961296783,0.0,0.7544077617,-0.02931731,0.7536371307,-0.030081975,2.597225297,0.0780209783,0.0156056881,0.0,0.0,0.0,0.0,0.0,0.2694523851,5.0,0.0658478882,0.0027321835,-0.030455845,-0.251105485,-0.856180915,-0.064839819,-5853.141112,0.0256085935,14.04571801,0.0001660418,0.0040802472,0.0327661002,0.0008310856,0.0122108707,0.02498609,1.0,0.0067902847,-0.117641931,0.0611153748,5.0,13.784586524,0.6309382977,0.0,0.0223180596,0.0112773673,0.0241191934,0.338771145,1.1572002559,2.8611487e-09,3.4931354e-08,0.8767052978,0.7686121793,0.0245392123,0.0301462141,-0.080811076,0.0732063074
83690,0.5577359011,0.0505321252,-0.583154515,0.0098792906,0.7553652584,2.083065213,0.0538247028,-0.123831893,0.2569364449,0.5165497044,-0.235995864,-0.202760264,-5.64115174,0.3355915114,0.2027602639,25.0,-0.099557522,-0.129348426,-0.184842561,-0.123749716,0.0384337269,0.045445054,0.0974112218,-0.148663953,0.0936133293,0.5296640851,0.0,1.3222963905,0.1638865259,0.4864023358,0.8971605388,15.176959955,27.457748969,0.086927947,0.0,0.0,1.0,0.0,0.0,0.7465124843,5.0,-0.005029136,0.0574638617,-0.123661547,0.1349134457,-1.321811136,0.1051361857,-4417.868336,0.4119188279,13.317450374,0.0041389197,0.0238310594,0.0510212109,0.0350960727,0.0935045866,0.0030411164,5.0,0.0033215235,-0.147551477,0.0656619295,4.0,11.991293669,0.2350846422,0.0,0.0607929118,0.0272584686,0.0323434179,0.4294516451,0.7442771874,2.2564958e-08,7.1434209e-08,1.2474772634,1.5561995228,-0.023216472,0.0427942937,-0.246827982,0.0086816377
83651,0.2230094072,-0.132063469,3.5988398897,0.0,0.0660795964,0.0414101721,-0.910165785,0.2445947131,0.0739737506,0.2676839995,1.6947356681,-0.194482669,-0.463913683,-0.070797419,0.1944826688,25.0,-0.027660452,0.152,2.6652142338,0.0727935069,-0.433200611,0.1820970441,-0.180182699,-0.014859058,0.1170628125,0.5964851723,0.0,9.2809679037,0.199262645,9.1109578736,0.2711736902,0.228119868,3.2596340151,-2.796993389,0.0,0.0,0.0,0.0,1.0,0.1039523255,5.0,9.3708248749,0.1098723912,-0.026004559,-0.020842532,8.4541869181,0.0159499444,-5380.815821,0.0232852488,10.97689589,0.0,-0.070741597,-0.107848101,0.0232630231,0.4595814315,0.2289991712,0.0,0.0404488068,-0.106494761,-0.03641805,6.0,11.306731995,0.6519674854,0.0,0.0334999934,0.0411674199,0.0733546847,0.688147901,1.8258624275,2.308667e-07,4.4804001e-08,0.4838316689,0.2340930838,0.1786866503,0.0845739668,-0.205203876,-0.24467985
89202,1.0605730952,0.1108933085,-7.557478449,0.0227812137,8.2733353834,0.5397069876,0.0242728056,0.211117712,0.0592406726,-0.050367126,0.2353872594,-0.007806077,-0.599772484,0.1774040636,0.0078060769,26.0,-0.000266502,-0.031746032,0.1652621123,0.1121323488,0.0169753113,0.2863267818,0.6685152737,-0.000129023,0.0501785531,0.6185943583,0.0,0.9665475386,-0.046125469,0.959629594,-0.044464491,0.4964132876,0.0845562804,0.0215019438,0.0,0.0,0.0,0.0,0.0,0.4520845886,6.0,0.0510110798,0.0075033074,-0.046817261,-0.046594086,-0.606970069,0.0240334888,-6740.850482,0.0256085935,11.813837139,-0.000228198,0.0031260786,0.0284896922,-0.027940439,0.1057857828,-0.039786844,1.0,0.0061817342,-0.360869745,0.0206372514,5.0,10.981460296,0.3516192071,0.0,0.0464701615,0.0183135065,0.0255363019,1.4067345608,2.3826026461,2.586028e-07,7.2343225e-08,0.9544301889,0.9109369854,-0.034298422,0.044150915,0.020764079,0.0732063074
83621,0.1301122668,0.0137764237,28.991220072,0.0,0.0585084688,0.0533831618,0.0980475347,0.2276769431,0.3150949795,0.0097744186,0.3299944858,-0.021044249,-0.261411381,0.0173777377,0.0210442492,25.0,0.0,0.1707317073,0.1091139738,-0.084536372,-0.016105972,0.3640605722,0.1388593882,0.01200586,0.1866267792,0.266442903,0.0,2.3589160635,0.0541935045,2.3589160635,0.0541935045,1.8412037002,2.2083218405,0.3216391913,0.0,0.0,0.0,0.0,0.0,0.4383304005,4.0,-2.979095445,0.0286222448,-0.044092724,0.0522430723,-28.46329692,0.0197706841,16896.600256,0.03476008,16.992825503,0.0008334202,0.014487405,0.0200794406,0.0024991474,0.1809891021,-0.014385705,0.0,0.0007049493,0.9920907674,0.0875750645,5.0,17.50022201,1.2883856382,0.0,0.0663623437,0.0279806406,0.0334903447,0.2207611362,1.2073515405,1.657286e-10,2.0896428e-08,0.6939204037,0.4815255266,-0.031818894,0.0362910886,-0.311765313,-0.054879185
83683,0.9773247302,0.0580574504,-13.82056254,0.0320425526,8.1109659781,0.3054062996,0.0085338885,0.0057433612,0.0305224938,0.0141204949,0.0032815348,-0.003399376,-0.530617643,0.0888637579,0.0033993763,24.0,0.0,-0.095505618,-0.15331233,-0.09589515,0.0557795424,0.6682307774,1.0206541999,-0.000745218,0.0266503194,0.5776659392,0.0,0.982149806,-0.139179912,0.982149806,-0.139179912,0.5660167924,0.0467401523,0.0131112752,0.0,0.0,0.0,0.0,0.0,0.2897334968,5.0,-0.078925813,-0.003097943,-0.133690171,0.0597737614,-0.387777043,-0.068190248,-8539.15134,0.0253456805,11.614210008,0.0002753302,0.0022533026,0.0209538026,-0.006836174,0.0740169473,-0.012058593,0.0,0.0047477745,-0.819677871,-0.01939493,3.0,9.8874903311,0.1608785175,0.0,0.021086257,0.0091676686,0.0149569588,1.309951797,1.2609582483,1.5856896e-07,1.0173817e-07,0.7862813599,0.6182383769,0.0458737627,0.0343370906,-0.159457958,0.0732063074
90082,1.3153802009,0.1092316207,-25.66644042,0.0296874656,9.4434861781,0.428481929,0.023355352,0.2551055109,0.0469358167,-0.041526203,0.2852844493,0.0018645592,0.1649874674,0.0912097723,0.0018645592,20.0,0.0,-0.003472222,0.0022477272,-0.163855564,-0.016803557,0.3350788528,-0.077922085,-0.000582431,0.074050533,0.4281272878,0.0,0.6731893354,-0.090462693,0.6731893354,-0.090462693,1.1357039187,0.073262948,0.0165297078,0.0,0.0,0.0,0.0,0.0,0.3285217071,3.0,0.0230317977,-0.000686547,-0.018543452,0.2082130196,0.1270632823,-0.062160803,-6689.336742,0.0256085935,12.332486875,0.0004270568,0.002859398,0.0259750089,0.0083145161,0.0288254399,-0.019017854,0.0,0.0,-0.446930833,0.003517153,1.0,11.905073307,0.6570889442,0.0,0.0237334762,0.0188676494,0.030242392,0.4668359591,2.5856295927,1.5180859e-08,2.319519e-08,0.9899770093,0.9800544789,0.0020180485,0.0383873446,-0.182998024,0.0732063074
83774,1.3191050533,0.0562695169,-7.911705088,0.0381449534,8.8562410324,0.4031044412,0.0217371394,0.3883230285,0.0397122534,0.1981351056,0.4047859122,-0.007042286,-1.095373486,0.1179056537,0.0070422857,25.0,0.0048097795,0.0909090909,0.2922706071,0.0510891996,-0.18780855,0.1136298776,0.1093628646,0.006747274,0.2870562362,0.6008388602,0.0,0.9576549363,-0.042873778,0.9522015958,-0.047715195,0.3565143295,0.0588633897,0.0091505005,0.0,0.0,0.0,0.0,0.0,0.2839889031,4.0,-0.075419218,0.0073189296,0.0758378615,0.211937872,1.3259359008,-0.035464921,-5750.507682,0.0256085935,13.916113889,0.0008550121,0.0021044243,0.0160174816,-0.004589197,0.0829376058,0.0228716463,0.0,0.0014012144,-0.013883735,-0.001815306,3.0,14.051752686,0.8532974126,0.0,0.0279536247,0.0155790453,0.0259362865,0.3242736517,1.3864136608,2.7488778e-09,2.6735087e-08,1.206146422,1.4547891914,0.0210233021,0.0366596718,-0.126813243,0.0732063074
83779,0.0502970415,-0.005693544,20.965318767,0.000896803,0.09852959,0.0943945737,-0.159355593,0.6290033022,0.7376727741,0.0162187967,1.3824253817,-0.046974324,-0.990826585,-5.2229e-05,0.0469743236,25.0,0.0,0.1204655674,0.1164537851,-0.056082719,0.0559662965,0.1975770252,-0.145310378,0.0266771729,0.0058663105,0.5409805163,0.0,2.1230943093,0.5870613905,2.1230943093,0.5870613905,2.1874183091,2.1093768787,-0.053087356,0.0,0.0,0.0,1.0,0.0,1.3118736202,4.0,-2.900543394,-0.049744287,-0.094358864,-0.027572153,-26.85884934,0.0023407172,-3818.891944,0.03476008,15.650719019,0.0001526228,-0.035235902,-0.108079346,0.0029206406,0.2262110574,0.2485191906,0.0,-0.001258851,0.7353628792,-0.077630905,5.0,16.039540033,1.2593642801,0.0,0.0687969923,0.0303105781,0.0384133108,0.3236040532,1.9563536678,7.587333e-10,2.1226694e-08,1.1358813332,1.290226403,0.0083764913,0.0427881411,-0.29012287,-0.054879185
83799,0.7510402447,0.0370588776,1.3393643012,0.0240585436,0.235189071,0.4414576291,0.0620890101,0.2829980642,0.3017316341,0.111723196,0.6758229313,-0.027727794,-0.656523856,0.0613889148,0.027727794,25.0,0.0,-0.351031928,0.0306036182,0.0291479576,0.0286320119,0.3904758157,-0.248521825,0.0645923121,0.1952601678,0.1722810345,0.0,1.4302381381,-0.572239011,1.4302381381,-0.572239011,4.9151891408,19.916527772,0.447094783,0.0,0.0,1.0,0.0,0.0,0.3681666222,4.0,-0.384006818,0.0241223433,-0.455499614,0.3835613887,-0.477688726,0.0176803314,-193.7371498,0.0777638582,14.29312401,-0.001820918,0.0016307616,0.0022236582,0.0179046301,0.1247624262,-0.183602308,0.0,-0.004113475,3.1190753602,-0.044942833,6.0,14.801089342,1.3491605562,0.0,0.0251860656,0.0179626005,0.028461557,0.2284415704,1.3010111706,1.5093415e-09,2.1473505e-08,0.8091322814,0.6546950488,0.1136013093,0.0525647791,0.0421171133,-0.114609465
83734,0.6973198432,-0.208739691,-0.781564075,0.0,0.5973225047,1.7575789069,-0.126948065,-0.174167295,0.3157809637,-0.000968617,-0.101544132,-0.087789471,-0.601902449,-0.08309876,0.0877894706,25.0,0.0,-0.385964912,-0.44899608,-0.205907424,0.0003016548,0.721548238,1.119850612,-0.016707987,-0.227644939,0.3782501224,0.0,1.2733147743,0.0472378392,1.2733147743,0.0472378392,7.4879409647,5.8218583823,-0.247154907,0.0,0.0,1.0,0.0,0.0,0.5442889898,3.0,0.9899216043,-0.358485559,-0.295311694,0.6608252269,-0.507819941,-0.083874535,-4323.338283,0.0633299066,10.106254912,0.0271967241,0.0345488868,0.0579950707,-0.005586661,0.2071004275,0.3224341501,0.0,0.1388735706,2.0925438692,-0.041095675,1.0,11.000043759,1.1879645789,0.0,0.0818915814,0.0307672791,0.0503764245,0.8809946902,4.3272095194,6.980371e-07,3.1900217e-08,1.0419588767,1.0856783008,-0.096376717,0.0951829317,-0.16288031,0.0171249485
83756,0.4271898469,-0.153132373,1.2811080768,0.0,0.1210628084,0.0005123516,-1.065852342,0.6356507187,-0.463728801,0.5542727022,0.96894144,-0.041100758,-0.118557996,-0.134977306,0.0411007576,25.0,0.0,0.1956521739,-0.45,-0.350249377,0.5095519112,0.0265412397,0.2047234588,0.0170254415,0.5607783656,0.7400013482,0.0,6.4595022624,0.2846202384,6.4595022624,0.2846202384,0.0012866282,0.3504155125,-1.674206538,0.0,0.0,1.0,0.0,0.0,-0.573526692,3.0,-14.07756955,0.0152002008,0.0176476153,0.1833379082,5.9145925864,-0.048229943,-5252.649091,0.0232852488,13.183762546,0.0,-0.105866957,-0.151510164,2.2767246e-06,0.7703418203,0.906118945,1.0,0.0072992701,0.5174245812,-0.052260159,5.0,13.63894464,1.2677152907,0.0,0.1176470295,0.0627674301,0.0775053986,0.3459169526,2.1004129612,1.5236603e-08,1.7850155e-08,0.3783303439,0.1431338491,1.0626053941,0.0752294936,-0.146484471,-0.24467985
83916,0.1304674088,0.0348091466,14.968156526,0.0394756752,0.2950451292,0.5718736046,0.1739464765,0.1014099484,0.3606430329,0.0053345953,0.1222304675,-0.105953416,-1.291821185,0.0797763397,0.1059534162,25.0,0.0,0.2323232323,0.1858874834,0.0561219828,0.0529047834,0.2632893305,0.2478899004,0.005182352,0.0624976108,0.4082374104,0.0,1.6578791933,0.0954199504,1.6578791933,0.0954199504,12.258264944,4.6489144771,0.2077079406,0.0,0.0,1.0,0.0,0.0,1.1593524217,7.0,-2.925529669,0.0860972056,0.0174988012,0.0525982143,-28.266866,0.0821692861,-11189.76393,0.03476008,15.060162736,-0.000322271,0.0070842175,0.0279258818,0.0167817962,0.0821296853,0.011137237,0.0,0.0018175986,0.2500215757,-0.09512586,6.0,14.740455168,0.5879397341,0.0,0.0277636331,0.0230407309,0.0311315693,0.2326375901,0.6397429289,1.9609043e-09,4.5106118e-08,1.1679679866,1.3641492177,0.0375048971,0.042934178,-0.145761797,-0.054879185
83879,0.1432225296,0.0289817808,52.504517106,0.0300443088,0.5464074157,0.18681535,0.0695703536,-0.025199477,0.1708977463,0.0039696358,-0.036164978,-0.055654691,-1.341437059,0.0678590157,0.0556546906,25.0,0.0,-0.083333333,-0.105373725,-0.050158568,-0.025207372,0.1012196398,0.062754471,-0.020854867,0.0190306582,0.2838445958,0.0,0.694633053,0.5067742911,0.694633053,0.5067742911,12.905066259,6.5137220059,0.1067042786,0.0,0.0,1.0,0.0,0.0,0.7436266527,4.0,0.2065642935,0.0639322136,-0.180665296,87.75867341,-12.19509472,-9.194188443,4909.8029282,0.0109914292,16.07857653,8.44524e-05,0.0186933385,0.0867469684,0.0079041826,0.0150496151,0.0527153887,0.0,-0.000881446,0.5999487165,0.0236472953,6.0,16.243394317,0.9788809507,0.0,0.0215187464,0.0155756663,0.0232520335,0.271418719,1.2304724853,2.889297e-10,2.5882177e-08,1.6475894446,2.7145509778,0.0263890979,0.0417489757,-0.164565389,0.0069773022
83844,0.6103452654,-0.101755394,0.6015428497,0.0,0.0796241973,0.1511362953,-0.643037587,-0.102979758,0.192164017,-0.002984657,0.4461165049,-0.042863816,-0.307328605,-0.070483051,0.0428638158,25.0,0.0,0.2676056338,-0.077042357,0.1449500594,0.0444174991,0.1515806539,0.2906697399,0.0084267223,-0.14531674,0.8478450647,0.0,7.4405248807,-0.438503141,7.4405248807,-0.438503141,0.2932451705,2.5053167922,-1.399682477,0.0,0.0,0.0,0.0,1.0,0.2069804435,3.0,-2.93207252,0.1002698467,0.0527812026,0.5324760708,-24.88998596,-0.068090104,-14523.46684,0.03476008,11.01201055,0.0140893602,-0.032874602,-0.036477464,0.0196848822,0.694889079,-0.000561191,0.0,0.0022913619,0.8404802871,-0.070838973,2.0,9.0969476846,0.217278132,0.0,0.0684172958,0.0308209484,0.0524546941,0.8878466808,0.6314614187,8.1792751e-07,1.6293041e-07,0.5492133332,0.3016352853,0.143583111,0.0532236091,-0.210259746,-0.054879185
83856,0.4267220531,0.0285484438,-105.4894458,0.0107309502,1.6063121692,0.5845387022,0.0693802972,0.014224323,0.1058601201,0.0078409409,0.0023660686,-0.058732279,-4.153200746,0.147115862,0.0587322792,25.0,0.0002373021,-0.028244548,0.2018956101,0.2150260893,0.08867621,0.0520237587,0.0817497471,-0.001455183,0.061495615,0.155427869,0.0,0.7303946906,-0.347703472,0.5803130233,-0.371511513,370.58267717,13.123849739,0.0344925018,0.0,0.0,1.0,0.0,0.0,0.3833931385,7.0,0.292016799,0.2154042401,0.1428245422,0.2247220113,0.1650170243,0.1216780255,-5337.702143,0.2743317733,13.398225793,0.0020193656,0.0111599371,0.056022433,0.0143404958,0.000934728,-0.004631671,1.0,0.0051581072,0.1922770798,0.1422588164,2.0,14.305875069,1.7886359057,0.0,0.017812686,0.0242396715,0.0326593354,0.4548538617,4.2534500181,2.9797859e-09,1.5253784e-08,0.8954551639,0.8018399506,0.0253820306,0.0494876532,-0.553069709,-0.050575745
83910,0.4768325551,-0.088787118,2.5292113138,0.0,0.1894177741,0.4824941137,-0.260505519,0.1715426638,0.3957460969,0.1955823293,0.1851011347,-0.05414517,-0.376554174,-0.055353958,0.0541451704,25.0,-0.020764162,-0.164179104,-0.331227595,0.2011194127,-0.056440817,0.2410201149,-0.103602067,0.0173317434,0.1662423822,0.520684948,0.0,4.2071076601,0.2910915179,2.5218754666,0.5045458659,2.9534704122,8.7992522289,-0.387248262,0.0,1.0,0.0,0.0,1.0,0.545437013,2.0,-0.08765428,-0.394172816,-0.165082243,0.0203418645,-0.524523597,-0.107578384,-8566.230265,0.0376507894,11.088369262,0.0020569754,0.0234543798,0.0335280765,0.0244099586,0.3859025006,0.0801390422,2.0,0.009352518,0.0391584341,-0.023273945,4.0,10.320815345,0.8931046081,0.0,0.0943153128,0.0428563981,0.0674063864,1.0599009215,13.656947032,7.9170258e-08,1.0864197e-08,1.8819337451,3.5416746209,0.1631695534,0.0841709171,-0.643514177,-0.028114825
83906,0.3826550697,-0.00902273,51.722851782,0.0,0.4956202757,0.4212969174,0.0628676936,-0.132841386,0.1804722697,0.0043859649,-0.232747483,-0.09776269,-10.2530541,0.0834878062,0.0977626904,25.0,0.0,-0.17025641,-0.191423132,0.1091464073,0.1009197259,0.2189815249,-0.009847101,-0.031893739,0.0425586683,0.1605136244,0.0,0.7925692153,-0.151010983,0.7925692153,-0.151010983,50.196998124,7.0278434463,0.0486082375,0.0,0.0,1.0,0.0,0.0,0.462482303,5.0,0.7919760417,-0.012725217,-0.17426469,-0.057090526,-0.485803593,-0.100115809,-5168.658558,0.0260918659,15.346315697,-0.00168643,-0.011962807,-0.026508153,0.0020033188,0.0068562026,-0.021673563,0.0,-0.00235398,2.7368959302,-0.101749003,3.0,15.988412206,1.1724509889,0.0,0.0312900096,0.025940072,0.0318885671,0.5155195486,5.1032188602,6.673416e-10,2.0593016e-08,0.8796280844,0.7737455668,0.0770357139,0.0361320231,-0.127294161,0.1163368332
83969,1.8189636132,0.048710238,-5.934606272,0.0167047934,9.7500976903,1.4750587391,0.0569440339,0.2186634292,0.1051149949,0.0336689742,0.2665003713,-0.038878138,-8.585966352,0.4669347029,0.0388781379,25.0,0.0082103217,0.0,-0.278541402,-0.453527893,0.0884378556,0.0491850272,-0.038085829,0.1521590141,0.0390394419,0.4904961898,0.0,7.2120844875,1.3288918391,4.6396295014,1.2113696848,3.7401583782,10.442251229,0.0597329261,0.0,0.0,1.0,0.0,0.0,0.402362861,5.0,-3.069989991,0.0167205628,-0.214824431,1.7410944187,-27.85634872,0.4693276493,-14398.17114,0.03476008,12.240932434,7.77025e-05,0.0011156777,0.0068920524,-0.007802017,0.0286174351,-0.301945755,3.0,-0.000405932,0.066937533,0.0182401864,4.0,11.406527369,0.3592622729,0.0,0.0146771288,0.0108574314,0.0182668334,0.3376640285,0.7094116819,2.2932896e-08,5.8764173e-08,2.0188562948,4.075780739,0.0059608275,0.0722860654,-0.178341491,-0.054879185
88436,-0.391848699,0.1496454357,0.5290750036,0.0,5.994293126,1.7555352435,0.1034878981,-0.013300989,0.2167077213,0.0154892131,-0.03349187,-0.016074481,-0.605857822,0.2403092934,0.0160744807,21.0,0.0026155018,0.0709331652,-0.003873916,-0.125651926,0.0401352157,1.0470352229,-0.049144573,0.0057970971,-0.252254529,0.2435349642,0.0,1.9247183018,0.0867780536,1.6437697795,0.0628891619,2.0960823105,5.0200225143,0.0759863564,0.0,0.0,1.0,0.0,1.0,-1.728240262,7.0,1.6258840529,0.0293414857,-0.107071393,-0.635700638,6.0201179087,0.3270566563,-4092.781741,0.0232852488,13.060972962,-0.000286517,-0.005353859,0.0798794896,0.1811785152,0.1838815161,-0.036770128,0.0,0.1049382716,2.0046352105,0.2232769495,5.0,14.784289702,3.9238511247,0.0,0.083003968,0.0490020125,0.0768734201,0.3042508052,5.8929465747,4.0590204e-09,5.5536385e-09,1.8069229603,3.2649705845,-0.147758921,0.1241209538,-0.271122082,-0.24467985
88905,0.1789384992,0.0844270041,9.0827415925,0.0,0.14033261,0.224732574,0.0834347592,0.6009747573,0.6692228307,0.0097747865,0.1937994403,0.202043547,0.6206473194,0.0320276103,0.202043547,25.0,0.0128358849,0.0393258427,0.2077681974,0.0449383006,-0.03254265,0.0917216578,-0.231503795,0.0756077167,1.1855963303,0.5384259332,0.0,2.0028636975,-0.40133498,1.7146586504,-0.398777014,2.8153452397,2.9705327535,0.6853734265,0.0,0.0,1.0,0.0,0.0,1.5563669725,4.0,1.8089578829,-0.237604019,-0.138678716,-0.064913439,9.0351376382,0.1187749733,-5080.774981,0.0232852488,13.760674046,0.0117500354,0.0253646193,0.040847396,0.0132287938,0.2646731783,-0.013767646,2.0,0.0,1.1813096215,0.0285285823,4.0,13.772759076,5.050261825,0.0,0.2711777985,0.0879932854,0.013857341,1.5923349656,107.87623787,3.5106277e-09,1.6670648e-09,1.5470610947,2.3933980307,0.0075767912,0.0543901143,0.5011605118,-0.24467985
89425,0.7037716017,0.1029159196,-7.115247897,0.0434636656,9.3189654169,0.3455542317,0.0223621693,0.2878504227,0.0325161873,0.0054334554,0.3095569995,-0.003383023,-0.292644901,0.1330337387,0.0033830232,19.0,0.0,0.0233918129,0.0265624854,-0.143207961,0.0582273943,0.0515527737,0.070739204,-0.000243765,0.0560617505,0.6345630973,0.0,0.980222096,-0.001420653,0.980222096,-0.001420653,0.2770567684,0.0487908565,0.0130978269,0.0,0.0,0.0,0.0,0.0,0.379732792,5.0,0.0670476015,-0.000250172,0.0083205834,-0.40339558,0.6366531948,-0.020336836,-6557.758942,0.0256085935,12.937899528,0.0004657977,0.0038871009,0.0515402027,0.0041697958,0.0099913838,0.0534089647,0.0,0.0016650017,-0.301786051,0.0221644146,5.0,11.757624896,0.2769125929,0.0,0.0362903848,0.01566263,0.0310499159,0.2857280031,0.4082319781,2.2495153e-08,8.0977762e-08,0.9338137399,0.8720081009,0.0319617351,0.0341404666,-0.425470164,0.0732063074
84062,0.3420037503,-0.067384941,7.2248532828,0.0,0.8912902615,0.9062771101,-0.071093316,-0.011808776,0.0526264733,0.1654916706,-0.020671607,-0.092353395,-1.700371426,0.0471944873,0.0923533949,25.0,-0.000404409,-0.243124312,-0.329708554,-0.394266828,-0.366448441,0.0803209146,0.0786579241,0.0185498524,0.0120604781,0.5299666772,0.0,0.5356410098,0.3135537624,0.475657536,0.4084985718,15.068713224,32.94583157,0.0196958447,0.0,1.0,0.0,0.0,0.0,0.1696321227,4.0,0.4096529097,-0.161830351,-5.738791064,-0.183613017,-0.38418024,-0.021563882,-7362.75765,0.0823714328,13.386832857,-0.000521209,-0.002035364,-0.006492925,0.0856183111,0.0574502887,0.0488547004,0.0,-0.005507663,1.1869158139,-0.04476931,3.0,14.894844481,3.9315243824,0.0,0.0666939095,0.0360209423,0.053901575,0.3024467066,6.4230619845,2.1038648e-09,5.2684776e-09,2.6989110855,7.2841210476,0.0358572122,0.0736256564,0.2877145839,-0.164654644
84042,0.6916896315,0.1137701159,-91.31837838,0.0142631533,2.0779173363,4.2818572771,0.0356381081,-0.049882734,0.2283990906,-0.008534254,-0.108704441,-0.048444459,-1.212444772,0.2517100982,0.0484444592,25.0,-0.061427221,-0.148148148,-0.118014271,0.0417274761,0.0395885731,0.0239581821,0.0332840409,-0.04743701,0.1822510203,0.3834333444,0.0,0.9430789963,-0.036252862,0.2909860531,0.0680316815,413.00808081,25.33634899,0.0625777828,0.0,0.0,1.0,0.0,0.0,1.0836972865,6.0,0.0028638493,-0.027923884,-0.142461268,0.2688671761,-1.028029185,0.0212547725,-1916.871866,0.4119188279,15.901074293,0.0043044805,0.0266630595,0.0948992965,0.06674389,0.0093715849,-0.017376625,2.0,0.0093439364,-0.035141752,-0.068349656,3.0,15.725441107,0.9827515779,0.0,0.0806548968,0.0252401516,0.0393277854,0.1954844423,0.9412001453,4.854646e-10,2.1801365e-08,1.7785794587,3.1633448908,0.0144214665,0.0467322267,-0.22395997,0.0086816377
84010,0.2722822972,0.0768567877,3.1867413447,0.0,0.1228318986,0.6995210569,0.5305255798,0.2397849629,1.0806017807,-0.028492265,0.2058745203,-0.061731477,-0.28666656,0.0988890586,0.0617314766,26.0,0.0368260724,0.0178103719,0.0695087765,0.2226701552,-0.009817845,0.1056763661,-0.079997412,0.0678752026,0.2557149031,0.6791595835,0.0,2.530364782,0.0458534741,1.9935504215,0.0420327117,3.6376471946,152.91698113,0.7585599478,0.0,0.0,0.0,0.0,0.0,2.6300666454,6.0,1.4320308826,-0.003781434,-0.160194187,0.0284303584,5.8546266095,0.1856364216,-4124.420821,0.0232852488,14.20126411,-0.001296898,0.0462085488,0.0652854717,-0.013338588,0.429725743,0.0131927085,0.0,-0.000867679,-0.066898714,-0.07374589,6.0,14.203191184,0.834045584,0.0,0.0198129527,0.0170285905,0.0269980678,0.247569365,1.0978274173,2.2533167e-09,2.7298561e-08,0.9287987043,0.862667033,-0.048808454,0.0582463469,-0.288743504,-0.24467985
84041,-0.674497254,-0.382217717,1.2264593597,0.0,2.7716637579,1.5848832982,0.1152138064,-0.177630486,0.1399648965,0.2377068148,-0.130744734,-0.10229324,-0.616067508,-0.146745801,0.1022932398,25.0,-0.019373008,-0.330063069,-0.355295321,0.1004062476,0.0590663846,0.3617428647,0.2556641291,-0.116444035,0.0481130578,0.4822412598,0.0,2.1638438291,0.3686599876,1.6065158895,0.4313194439,3.1696491841,5.6881540839,-0.101708554,0.0,1.0,1.0,0.0,0.0,-0.533932192,3.0,-1.5896941,-0.113692871,-0.333402273,-1.094815877,-0.679008495,-0.069191729,-16533.51144,0.0629453635,14.191462457,0.00037696,-0.004815521,0.010977626,-0.103379544,0.1078026142,0.0842630408,2.0,0.0,0.5051212069,-0.055404716,1.0,15.24493179,2.1912721382,0.0,0.0375790671,0.027093416,0.0423562771,0.3196276202,2.5004792356,1.9799406e-09,1.4551188e-08,2.8149696938,8.1460812957,0.0143313669,0.0918613543,-0.106428378,-0.107827317
84032,0.9773500257,-0.476856769,-1.272020597,0.0035642323,0.8722989673,1.1424302604,-0.032321254,-0.244885543,0.0597764089,0.0061365115,-0.123137847,-0.300545975,-1.364280094,0.1737094288,0.3005459745,25.0,-0.068376809,-0.221201274,-0.281754924,-0.036358607,-0.147853204,0.141195347,-0.197862081,-0.095596623,-0.330161995,0.5180487461,0.0,2.7900374933,0.0255544328,2.0358864488,0.1681912284,3.5992907801,3.2307692308,-0.440068321,0.0,0.0,1.0,0.0,0.0,0.0902545642,4.0,0.4090710834,0.1258318008,-0.222104413,0.5208593352,-0.099222446,0.1214850024,-3298.899215,0.0376507894,15.778687478,0.006490952,-0.007186751,-0.013508222,-0.008395161,0.1743493258,0.0037722661,0.0,-0.003813883,-0.45267339,0.0054752275,3.0,17.150923928,2.9037246551,0.0,0.0516262241,0.0278713706,0.0518786559,0.2207201204,2.7717812123,2.888948e-10,9.9815901e-09,1.2431419448,1.5454018948,-0.050611691,0.0691625574,0.3634409854,-0.028114825
84203,0.6211392095,0.1089211892,-0.488488497,0.0,2.4953674918,2.6737542868,-0.122508057,0.9193497626,0.1827834868,0.0037748059,1.208957842,0.0268011568,0.5779260158,0.0459728003,0.0268011568,25.0,0.0086712382,0.4412641622,0.4760967071,0.374703695,-0.579225484,0.0544653968,0.1161134062,0.4040183934,0.2609958877,0.5318104414,0.0,1.0813056601,0.0951932581,0.996683683,0.1005118552,6.1948171198,25.178726933,0.1223017213,0.0,0.0,1.0,0.0,0.0,0.5611031647,4.0,0.571581999,0.0840273258,-5.054402589,0.0955224421,-0.393537551,-0.022785569,-8176.35931,0.0823714328,11.951970427,0.0021105692,0.0304021333,0.0830498574,0.1243736564,0.1602875523,0.5263567034,0.0,0.0,-0.173137191,0.0009499863,4.0,12.097760913,0.7436469567,0.0,0.0541400909,0.0422449249,0.0605792836,0.3477488293,1.2358280314,6.2832542e-08,2.911463e-08,1.5869417617,2.5183841549,0.030917665,0.1104377542,0.0931818589,-0.164654644
12877,2.2380360422,-0.175508721,-21.87615887,0.0143925147,17.182530749,4.0211087018,-0.021031907,-0.030970208,0.0253510196,0.6655161935,-0.056398331,-0.012495347,-1.949886105,0.1667132957,0.0124953471,25.0,-0.001853866,-0.248122318,-0.493069906,-0.309071957,0.0213717925,0.1713021492,0.2622263624,-0.060862567,0.6003430532,0.1908708993,0.0,22.519368723,0.7821868686,22.37733142,0.7927737705,3.5057511328,0.7902262728,-0.002662441,1.0,0.0,1.0,1.0,0.0,0.277301315,5.0,-0.132065807,-0.096229687,-0.554648527,1.6150163539,-14.0057938,0.0700898603,-2828.766055,0.0553124103,12.370934786,-0.000194366,-0.001672458,-0.023755888,0.4700038162,0.0524764634,-0.033443522,2.0,0.0482987548,0.941144033,0.0658572745,2.0,12.172498246,0.5229941479,0.0,0.0163487587,0.0210701255,0.0353919872,0.5230242246,1.5852301736,2.907412e-08,4.5016633e-08,1.9226954649,3.6967578507,0.1789710133,0.0744249261,-0.173387649,-0.010696088
84234,0.418012287,0.0552957097,2.2539472994,0.0,0.3823027507,1.1656590104,0.1140609346,0.1844237185,0.4348227338,0.0002222222,0.2160849048,-0.055501619,-0.740755676,0.0962563206,0.0555016194,25.0,0.0198349554,-0.012032932,-0.01264225,-0.131285825,0.0230400924,0.5808575974,0.2409081743,0.0172079818,0.1568770634,0.5271296752,0.0,1.6927621668,0.0072174298,1.5404581117,-0.00655316,12.104806965,2.9102733015,0.1922411779,0.0,0.0,1.0,0.0,0.0,0.8090137716,5.0,-0.034318474,-0.191429529,0.0076528121,1.4551278086,0.5775261789,0.1087367304,-2338.608951,0.0624291911,14.233247569,0.003602542,0.0291558692,0.0538244985,0.0179879534,0.0499585506,0.0055274198,2.0,0.0022902251,0.9216944086,0.0467205406,6.0,14.175519419,0.925376288,0.0,0.0383512452,0.0150837285,0.028267504,0.3459357037,1.5702800307,1.4344004e-09,2.065238e-08,1.235113133,1.5255044513,0.019794626,0.0396626062,-0.080118492,0.1631852225
84172,0.3216030542,0.0688162229,2.9464259175,0.028189999,0.3822122534,0.9285304569,0.1603180846,0.1063139413,1.0806017807,-0.084532374,0.1891963563,-0.10079542,-0.981348802,0.1363489407,0.10079542,25.0,0.0206517194,0.0441767068,0.066731504,-0.191158845,-0.023833969,0.1142775855,-0.090146516,0.0522835988,0.0216865515,0.500565743,0.0,1.6637892922,-0.198053588,1.0846928099,-0.166496135,6.0909178837,40.743790437,0.2695139641,0.0,0.0,1.0,0.0,0.0,2.2656585425,4.0,1.4193247742,0.0048436718,-0.133827852,0.0777511155,5.9096827566,0.2230963037,-2965.783621,0.0232852488,14.575187624,-5.504453e-06,0.0242582854,0.0541812936,-0.030674998,0.1527555841,-0.022147556,0.0,-0.004200642,0.1805878727,0.0460664462,5.0,15.404978501,2.5790312301,0.0,0.023010347,0.0296647773,0.0405968196,0.5462709081,15.694288136,6.656923e-10,6.9548932e-09,0.8183094078,0.6696302868,0.1509776243,0.0552920051,0.3100154708,-0.24467985
84262,0.5587629826,0.0708325264,1.1685022263,0.0270685693,0.6323409956,1.2346951047,0.1081138532,0.1196018737,0.2084674951,-0.016731701,0.1677608878,-0.04973512,-0.791925522,0.1269266118,0.0497351198,25.0,0.0176161131,0.1478831246,-0.08251407,-0.233617422,0.0322240752,0.0761464485,-0.224210626,0.1663303634,0.0660797275,0.5738172537,0.0,3.3829766275,-0.199243878,1.9184333807,-0.246764194,7.0154579291,9.8789013065,0.1906874552,0.0,0.0,1.0,0.0,0.0,0.3941404385,4.0,-0.06077284,-0.088559759,0.0129237738,-0.347606198,1.6580094026,-0.076219971,4371.1977406,0.0894515012,16.599296822,0.0317169973,0.0927044367,0.1973586656,0.2360214056,0.0949811395,-0.045229691,5.0,0.0054719562,0.3664906092,0.029433965,5.0,17.754095824,2.5300227887,0.0,0.0318997763,0.0203222459,0.0412716294,0.3186650417,3.5658353477,9.804334e-11,9.9750865e-09,1.1209624985,1.256556923,-0.006581962,0.0467871034,0.078918435,0.2323533244
84210,0.2331364614,0.0125374571,3.5103064466,0.0,0.5753575842,0.5634752375,0.035869255,0.0079135115,0.4194333187,0.0200064364,-0.047019989,-0.058850939,-3.78018018,0.0599313038,0.0588509387,25.0,0.0,0.0016713092,-0.027535375,-0.028599142,0.0392876044,0.3068889627,-0.025572691,0.0037502347,0.1750797024,0.314713971,0.0,0.8050566276,0.1274171713,0.8050566276,0.1274171713,4.952830605,5.3011866108,0.0841958268,0.0,0.0,1.0,0.0,0.0,1.6620173574,7.0,-0.249079097,0.0100461589,-0.004089436,0.0625493482,-0.393264258,0.0152897159,-4664.061666,0.0915965863,13.868884737,-0.002758213,0.0067649039,0.0224414646,0.0101184675,0.223834439,-0.011508009,0.0,0.003045067,0.8755002386,0.0669582458,4.0,13.258545147,0.5059511196,0.0,0.0324616618,0.0168863427,0.0260671146,0.3169818002,1.1970599925,5.0048191e-09,4.0467795e-08,1.1603415257,1.3463924563,-0.037660332,0.0419750395,-0.179725011,-0.049938477
84348,0.7138233351,0.0011204579,0.2066843612,0.0,0.8992298174,0.6848747839,-0.004735785,0.0953340672,0.2218411718,0.1026920044,0.0453491269,-0.141405319,-45.71560737,0.2207569127,0.141405319,25.0,0.0082585003,-0.049180328,-0.023008023,0.255330522,0.0707056741,0.1171067955,-0.009156685,0.1653517253,0.159623274,0.4607743405,0.0,1.3991829902,-0.191055353,0.9239508947,-0.256475136,7.6232965815,9.4535432345,0.1383008403,0.0,0.0,1.0,0.0,0.0,0.4782336606,6.0,0.1694020908,-0.019717906,-0.086762005,0.3103610376,0.1412072909,0.2030429344,-13072.71536,0.0642905452,14.823370515,-0.001457894,-0.003522043,-0.008058019,0.0148705061,0.0363188861,-0.199737354,0.0,0.0009079354,4.849974349,-0.151803522,5.0,15.314618456,1.0939362593,0.0,0.0410616472,0.029345598,0.0432356274,0.3739409004,2.3909516861,1.5797026e-09,2.0059278e-08,1.6514806877,2.7273884619,0.0391666814,0.057783297,-0.535852795,-0.091892872
84373,0.4264458242,0.0902861332,5.4711658031,0.0190540966,0.4501688054,0.5954089722,0.1580559045,0.0921124348,0.3095071245,0.0,0.0077683616,-0.042725818,-0.401118099,0.1265015354,0.0427258179,25.0,0.0074435223,0.0425531915,0.2214600052,-0.209930972,0.1228078338,0.1618108472,-0.030610396,0.0448493343,0.19819181,0.2539933695,0.0,1.7218468468,0.376094468,1.5962837838,0.3420383311,8.1493955095,6.1963230466,0.2521280338,0.0,0.0,1.0,0.0,0.0,0.6752348874,8.0,4.1130530694,0.1994771773,0.0023322142,1.4760549577,-1.443354684,0.3228499536,11285.342333,0.3461731473,16.569689045,-0.001696953,0.039265998,0.0856077301,-0.000671399,0.0727232538,-0.007471133,0.0,0.0118367628,0.2926819386,0.005451147,6.0,17.447495017,2.2180008236,0.0,0.0260358565,0.0165022532,0.025640738,0.2892950864,3.0223097474,8.687833e-11,1.1051442e-08,0.7364849015,0.5424100101,0.030873692,0.0356410225,-0.202024489,-0.094679308
84319,0.3431645275,0.0606388417,13.514700375,0.0037520525,0.6757046864,1.6922014685,0.0836487167,0.2988543533,0.3658179786,0.1422413793,0.1352627702,-0.01028171,-0.15288114,0.069909377,0.0102817103,25.0,0.0084656085,0.0152234637,0.0356356578,-0.180205926,0.1034778646,0.0374974609,-0.151938494,0.1168329525,0.8133814812,0.4150452158,0.0,1.3459692705,0.1261780338,0.3406460459,0.3742992407,81.924469413,21.375081433,0.1141546952,0.0,0.0,1.0,0.0,0.0,1.4420521905,6.0,0.009492097,0.0007051225,0.0209103434,-0.079657928,-0.442401938,-0.160545949,1064.3428642,0.4119188279,15.937644853,0.0082555467,0.0305078028,0.0728171412,0.265408827,0.013503714,-0.012213994,2.0,0.0065922281,0.8524358563,-0.002996981,6.0,16.676870573,2.4310154144,0.0,0.0441280454,0.0235967681,0.0402312564,0.2621502878,3.5835940675,1.506187e-10,8.067772e-09,1.6031314982,2.5700306007,0.0121726649,0.0554142713,0.0568600825,0.0086816377
93131,1.047322038,0.0809786318,-21.37408474,0.0412333401,11.290482941,0.4981361894,0.020052591,0.1278569993,0.0329958833,0.0044296788,0.1343138366,-0.002857848,-0.412418494,0.1143757172,0.0028578485,14.0,0.0001745721,-0.012345679,0.0240280245,-0.126961121,-0.072455777,0.0850423426,0.067107367,-0.000840165,0.0688531818,0.606510688,0.0,0.9443694069,0.0320080983,0.9439005312,0.0318524201,0.9618370137,0.0518655868,0.0095069653,0.0,0.0,0.0,0.0,0.0,0.3698745897,4.0,0.0037100184,0.0037315871,-0.027416908,-0.059845143,-0.93765877,-0.038994858,-6792.280017,0.0256085935,11.487635905,0.0003380013,0.003048618,0.0361996289,0.0117323237,0.0378331647,0.0550080337,1.0,0.0216903569,2.6807488344,0.0159435391,3.0,11.784534873,0.578305911,0.0,0.0292524882,0.0128837838,0.0139493503,1.2465116115,2.2543191393,1.6933256e-07,6.0426956e-08,0.3647371454,0.1330331852,0.0009619449,0.0628813375,0.3251812431,0.0732063074
85176,0.8438576069,-0.068546656,-0.720054263,0.0002107759,1.1873590495,2.3542868909,0.0428748305,0.101381594,0.3804508893,0.0911156555,0.1437559783,-0.167741016,-4.746284465,0.2567952737,0.1677410162,25.0,-0.038992943,-0.071714598,-0.206696081,-0.060799369,0.0119608782,0.2023695879,0.0441962045,-0.056959986,0.0480996899,0.4229547004,0.0,2.7825729412,0.0093409859,2.1228498223,0.1269280661,8.4179736893,5.3361750015,-0.013861367,0.0,0.0,1.0,0.0,0.0,0.828279802,4.0,-0.095816949,-0.386188697,-0.052028853,1.8809731286,-0.763448703,0.2692756835,-3257.054031,0.0624291911,12.995743075,0.013000904,0.0079027929,0.0201435066,0.1249866832,0.0691533117,-0.003153102,0.0,-0.003043625,0.9529165167,-0.014918504,2.0,13.060051246,0.8176616782,0.0,0.0436096825,0.0222374648,0.0431482959,0.342062757,1.1451154102,1.5545643e-08,3.7655268e-08,1.9421107579,3.7717941959,-0.003649303,0.0567017034,-0.409137998,0.1631852225
88984,0.982375824,0.074724505,-3.260603804,0.0466976038,8.1291105357,0.3278922286,0.0313053714,0.1418458616,0.0358044934,0.0021208908,0.1592473104,-0.004721959,-0.540006696,0.115076238,0.0047219592,22.0,-0.001706697,0.0168067227,-0.153586189,-0.250722668,-0.04115857,0.1178386504,0.0708020016,-0.002628227,0.0156826568,0.7001092322,0.0,0.9918616576,-0.003305661,0.986608947,-0.00029435,0.1337135162,0.0608849146,0.0114243041,0.0,0.0,0.0,0.0,0.0,0.2953926268,4.0,-0.061327684,-0.004997083,0.0017354933,-0.124791357,-0.38261842,-0.038294337,-6755.690142,0.0256085935,11.82615112,0.0001287538,0.0021217574,0.0220673341,0.0132514261,0.2006743602,0.0651106201,0.0,0.002516373,-0.609211636,0.0025753662,3.0,9.815644944,0.1074909006,0.0,0.0669191554,0.0189906921,0.0229144047,0.6906487836,0.4901912936,2.1214303e-07,2.1477452e-07,1.1417012812,1.3034818155,0.0942432724,0.0480991221,0.0612160413,0.0732063074
84438,0.3550739183,0.0083062258,34.577269272,0.0067510722,0.4026276159,0.3055625499,0.0601515111,0.2693689558,0.2101999411,0.0023091085,0.5518255407,-0.081370405,-6.635110423,0.0634189511,0.0813704054,24.0,0.0217161981,0.0204081633,-0.057016397,-0.453788061,-0.006880531,0.2431960387,0.0072728957,0.0608064,0.0522024251,0.1892891936,0.0,1.9843374059,-0.212267847,1.1221369872,-0.201158919,20.708714416,5.1530019113,0.0951236385,0.0,0.0,1.0,0.0,0.0,0.3488113622,3.0,-0.185768362,-0.034626186,-0.286118046,-0.26794577,-13.85312811,-0.033204484,-1367.167985,0.0553124103,14.593289291,0.0061131044,0.0207103594,0.0421663414,0.0378128707,0.0336588641,-0.040610718,0.0,0.003166484,1.2132302303,0.1825637762,5.0,14.560148895,0.7424531593,0.0,0.0286421664,0.0178556725,0.0318652836,0.3214508527,1.3618898212,1.8209869e-09,2.8953814e-08,0.663989606,0.4408821969,0.0121091251,0.0469733689,-0.522640893,-0.010696088
84385,0.0141695811,0.044384129,3.0933714603,0.0198644479,0.4944982167,1.3764400167,0.202334368,0.1356849769,0.5783916226,-0.028421213,0.1072867756,-0.139709298,-1.505501421,0.1112044983,0.1397092981,24.0,0.0,-0.005120332,-0.006442935,0.1569839084,0.1072978547,0.1126286026,-0.197754028,0.0684976874,9.8193184604,0.6715130792,0.0,1.1904513528,0.0613593653,1.1904513528,0.0613593653,6.7522826537,10.915461902,0.1156072835,0.0,0.0,1.0,0.0,0.0,9.1062751267,5.0,-2.942226223,-0.367365815,-0.219944763,-0.063699613,-27.50706396,0.1135974447,-11483.73408,0.03476008,15.21732474,0.0022714113,0.0157955285,0.3128051156,0.0473315329,0.316271369,-0.016981819,1.0,0.0003612064,0.5116123103,-0.015483397,6.0,15.629939435,1.3117016463,0.0,0.0887585804,0.0250741878,0.0273004779,0.4309010767,2.0640672104,8.363544e-10,2.7110716e-08,1.6841063594,2.8362142296,0.0656251843,0.0580917913,-0.570980965,-0.054879185
84413,0.0892006128,-0.051435188,7.4762519275,0.0,0.1010615462,0.0981742945,-0.68964143,0.3375721147,0.4603316519,0.1654919572,0.0841237798,-0.098793126,-0.319327731,-0.035010506,0.0987931257,24.0,0.0194547099,0.062992126,0.2183441039,-0.042283372,-0.004140337,0.1151950795,0.3911615507,0.0222430302,0.8194980018,0.8020614818,0.0,3.0585086871,0.2017445692,2.6707740021,0.2376961477,0.8551955926,4.852161726,-0.50199034,0.0,0.0,1.0,0.0,0.0,1.269981771,4.0,1.6527399632,0.0371098986,-0.115012433,-0.154651326,5.1243981365,0.0517368572,-4582.714221,0.0232852488,13.613723255,2.34352e-05,-0.055715585,-0.14764296,0.012306501,0.5479022225,0.0199610228,2.0,0.0049261084,2.113583149,0.1801163647,7.0,14.402226508,1.7213893505,0.0,0.0861678272,0.0333067129,0.047674503,0.3192940123,3.3032401707,4.1850796e-09,1.3298412e-08,1.3804158037,1.905547791,0.02577363,0.06576711,-0.381967216,-0.24467985
84511,0.0949217956,0.0020248475,16.590611949,0.0,0.0504430231,0.0877945305,0.0130507469,0.3417559613,0.5652057584,0.0209522111,0.6928369753,-0.081973883,-5.13547486,0.0124234008,0.0819738829,24.0,0.0141564905,0.132780083,0.0537038608,-0.018914891,0.0022316694,0.0412726454,-0.236858374,0.1970594761,0.2085587491,0.66381134,0.0,5.4957078682,-0.025681454,5.0795712316,-0.040909275,1.6380941074,3.598974032,0.092462223,0.0,0.0,1.0,0.0,0.0,0.7795861051,5.0,1.5219900273,-0.158011969,-0.045224476,-0.148930143,5.9474709064,0.0991707638,-4332.023101,0.0232852488,14.110356906,6.3490451e-06,-0.022217216,-0.032635745,0.0009850017,0.4385191596,-0.191991354,0.0,-0.00204918,0.6431830153,-0.091559297,6.0,15.274884915,2.1639006791,0.0,0.0622866489,0.0376460889,0.0549968058,0.3260202764,3.5737893981,2.0330609e-09,9.6749494e-09,1.6189087313,2.6208654803,-0.004958803,0.066045282,-0.11796777,-0.24467985
84563,0.307007973,0.0756502179,2.3602842623,0.0132235097,1.2886117098,1.206088521,0.0776009262,0.3205248609,0.2203374569,-0.006526449,0.3457182507,-0.051349142,-0.951616665,0.1476402259,0.0513491417,24.0,0.0077829907,0.1807866868,0.0962189363,-0.130617055,0.0844647428,0.107014992,-0.089322802,0.1020233179,0.2243194224,0.3560417006,0.0,1.5098714355,0.0931469279,0.9412891694,0.2389850083,12.019954528,7.9445761741,0.1151634493,0.0,0.0,1.0,0.0,0.0,0.9602744786,6.0,-0.084737975,-0.032219887,-0.125739522,-0.316011715,-13.46504697,0.0510167905,1002.017485,0.0553124103,15.408045595,0.0001749688,0.0158071025,0.0765472641,0.038384516,0.0358469443,0.0661462621,3.0,-0.000521376,0.3095657206,0.0283505595,6.0,15.72505932,0.9798164862,0.0,0.0180935506,0.013385949,0.0228148761,0.3429966124,1.2646753803,6.825927e-10,3.0327689e-08,0.4417089812,0.1951068241,0.0756969387,0.0279736513,0.1516822243,-0.010696088
84389,0.9057815004,0.0235088328,-6.977488792,0.0191481852,6.4587304634,0.2379821099,0.016153798,1.3735729308,0.0566302864,1.1032776197,1.4462503503,-0.0155019,-3.451082631,0.1046397575,0.0155018998,24.0,0.0099443382,1.0,0.6628299328,-0.476883955,-0.243103071,0.0800481321,-0.233086159,0.0332249823,0.958640766,0.5930722612,0.0,0.9498461941,-0.041975455,0.9388216192,-0.047467481,0.264938477,0.0504473015,0.0071535122,0.0,0.0,0.0,0.0,0.0,0.379945664,3.0,-0.117776962,0.0032617052,0.9144225865,-0.201385681,-0.504478425,-0.048730817,-1744.262742,0.0256085935,15.584842402,0.0002006379,0.0030411234,0.0258086864,-0.009888375,0.1539792676,0.1596551233,1.0,0.0054908263,-0.200535632,-0.018883153,2.0,15.993341637,1.0887390252,0.0,0.0432828516,0.0178262511,0.026125035,0.2779607299,1.3622823725,4.095713e-10,2.2908332e-08,1.0754205195,1.1565292937,0.0337910272,0.0471364308,0.0656599468,0.0732063074
84737,2.6886367108,-0.582464902,-3.476424732,0.0,2.2337076854,5.3397190636,-0.165712097,-0.084794107,-0.03620187,0.0062897202,0.0488450625,-0.03456581,-0.305643836,-0.404438095,0.0345658101,24.0,-0.099557522,-0.07309322,-0.172593535,-2.34998384,0.4093822905,0.124352931,-0.0623789,-0.300422902,-0.172400694,0.6426706406,0.0,1.4973986912,-0.103762815,1.4744136894,0.3275286006,4.9056629591,3.0267385484,-0.183105528,0.0,0.0,0.0,0.0,0.0,-0.061689098,2.0,-1.304458348,0.041666733,-0.076432424,2.2692152374,1.6472297469,-0.326884024,-17666.2332,0.0629453635,10.979905363,0.0001105284,0.037500261,0.051149147,-0.092628225,0.5402204952,0.5313963826,3.0,-0.010075567,0.2413550178,0.0376126566,2.0,10.782795597,0.431737982,0.0,0.0387811922,0.0189082032,0.030887286,0.7800265227,0.7455441661,5.1086487e-07,9.5015206e-08,0.5825416828,0.3393548122,-0.041998816,0.049823633,-0.002953003,-0.107827317
84761,0.1637349519,0.0289388794,4.427826552,0.0,0.1325021363,0.165743866,0.2109601062,0.2181092427,0.3968768792,0.0145983472,0.1189987666,-0.058928765,-0.549226845,0.0448328889,0.058928765,24.0,-0.000248883,0.1198275862,0.0918759328,0.1154067406,0.0442364477,0.6120645471,-0.259518415,0.0132419124,0.3121590521,0.6500854413,0.0,1.8886144318,0.1020977208,1.8806751644,0.1035007249,1.0313032236,5.1233328675,0.3059793016,0.0,0.0,0.0,0.0,0.0,0.7710444526,7.0,-2.895789602,0.0331546505,-0.094996845,0.0858657573,-27.9592666,0.0472258353,5751.0087557,0.03476008,16.439273698,-0.001442731,0.0016307545,0.0028453146,0.0009608795,0.4610795749,0.020130688,0.0,0.0017524502,0.4709952137,0.0494707734,6.0,17.973268248,2.4338054022,0.0,0.0371018387,0.0240439143,0.0357439107,0.3170022115,6.2417064452,8.86247e-11,6.6990585e-09,0.3603572811,0.1298573701,-0.037279327,0.0432674631,-0.371768413,-0.054879185
84607,0.4969123807,0.0926943694,1.5137875617,0.0,0.1566908251,0.5727436984,0.1804253603,0.4322842817,0.5192449363,0.2515312511,-0.167876065,0.094380793,0.5650664899,0.0403158874,0.094380793,25.0,0.0441876673,-0.056847545,0.4387258463,0.240882782,0.1574851312,0.1127299975,-0.267830589,0.0872616662,0.8539157642,0.7281712487,0.0,5.1875988497,0.6725702961,4.026240115,0.811169065,2.2103735945,4.9190934492,0.6224918534,0.0,0.0,0.0,0.0,0.0,0.8840308028,7.0,-0.715199547,0.1002752025,-0.78173995,0.353827293,-2.354906406,0.1587806798,-18565.89144,0.0740556467,11.767666529,0.0021466877,0.0286412479,0.0387091361,0.0376806967,0.3964427337,0.0132600333,0.0,-0.002673797,1.9332433334,-0.137112085,4.0,12.738420019,2.5508737329,0.0,0.0532543845,0.0263140987,0.0458932074,0.2448173621,2.841949504,1.3011317e-08,9.6383034e-09,1.5657867626,2.4516881858,0.0875711813,0.0712315927,-0.739412075,-0.091892872
84656,0.2994203521,0.0232312108,1.7834928705,0.0,0.7126848241,0.925693524,0.0743351904,0.20463138,0.232455104,0.0012264173,0.233372053,-0.08869239,-3.54200107,0.1055161845,0.0886923901,24.0,0.0076902465,0.0459689043,-0.128714493,-0.257108808,-0.03909771,0.1844867904,0.0379355221,0.0744624291,0.1420917884,0.4933569047,0.0,1.3565731355,0.0891084811,1.1028949125,0.1755693074,6.3209981327,3.9915317826,0.1074307729,0.0,1.0,0.0,0.0,0.0,0.7116442253,5.0,-1.387123505,-0.077347894,0.0426297002,-0.120001121,-0.600489956,0.183070256,-9668.020444,0.0629453635,15.67734102,-0.003025506,0.0077265584,0.0226923077,-0.025491634,0.1202236719,-0.022397604,0.0,-0.006882874,0.4090761386,-0.015067871,7.0,16.586911422,1.8498084203,0.0,0.0416437425,0.0271200463,0.031117932,0.4862275369,5.1534003345,3.122425e-10,1.139752e-08,1.4785377729,2.1860739458,0.0476475544,0.0444138161,-0.202548449,-0.107827317
84734,1.0255055197,0.2506687731,-43.81499429,0.005125198,13.435939424,0.9989476757,0.0365280289,0.3340496862,0.0799879653,-0.070191238,0.3426296676,0.2927703751,4.9535809019,-0.73243807,0.3155200354,24.0,0.067766647,0.1708960252,0.5270655271,0.0777004228,0.0855861194,0.193877551,0.1521865889,0.0780538124,0.23098434,0.577884883,0.0,1.3123717018,0.0778213749,0.9569919391,0.099408367,3.4414125201,0.1159482992,0.0244062407,0.0,0.0,0.0,0.0,0.0,1.0408277405,5.0,0.1330296046,0.0175743806,0.1558247957,-0.081661662,-0.690887163,-3.894299161,-4729.352082,0.0256085935,14.446373081,-0.000915999,0.0056161094,0.0608486789,-0.06705578,0.0055099475,0.0161075242,1.0,0.0216620717,0.6368571482,-0.112076741,3.0,15.374696354,2.0303121361,0.0,0.0254407637,0.017539996,0.0301300067,0.4080449464,5.281705567,7.299451e-10,9.4674414e-09,1.3578806708,1.8438399161,0.031918021,0.0397972316,-0.266536229,0.0732063074
84827,0.4679950604,-0.02075173,1.7689761245,0.0,0.1736718406,0.1263029708,-0.072597361,-0.065405464,0.173787478,-0.003861555,-0.079781453,-0.174436717,-5.582515876,0.0950951302,0.1744367172,24.0,0.0033817236,-0.090510949,0.0995192544,0.3696052858,-0.008147553,0.5577018785,0.1237077612,0.0079425774,-0.05995563,0.5401818087,0.0,8.1490729526,0.0565685962,7.9805972235,0.0506679542,0.4900477271,1.4774946616,0.0218316824,0.0,0.0,0.0,1.0,0.0,0.2290193405,5.0,0.5029277342,0.1552204454,-0.187842912,88.029036016,-8.043552875,-9.166952329,-1537.846632,0.0109914292,14.825112766,-0.000100839,0.0031882462,0.0044257803,0.0100362329,0.3489979762,0.0724928132,0.0,0.0004504505,0.1374369976,0.0443935569,4.0,16.248304395,2.2178071043,0.0,0.043177247,0.0273713011,0.0385657575,0.4565155727,3.9684646658,1.0629956e-09,1.3376424e-08,1.0217055588,1.043882249,0.002249616,0.0391564005,-0.155550472,0.0069773022
84788,0.0570149917,0.0130207142,16.599862813,0.0,0.1390465288,0.2356583847,0.079423924,0.4259616068,0.7502663731,0.0100401606,0.3958808246,-0.163724304,-2.097088744,0.0403263074,0.1637243043,24.0,0.0112546048,0.626566416,0.376234306,0.2449995215,-0.077623622,0.1111590461,-0.307892585,0.3079050646,0.5050596197,0.5979921263,0.0,1.0502274795,-0.042678852,0.8686948609,-0.002408481,4.5618405038,19.321555478,0.1947879554,0.0,0.0,1.0,0.0,0.0,2.6965678376,5.0,-0.058998388,0.0520386541,0.625594021,0.0203065602,0.7203289533,-0.085311916,214588.83666,0.2560171468,19.277947544,0.002076696,0.0087589053,0.0274905708,0.0088062837,0.2071254112,0.080227344,0.0,-4.0791e-05,0.7082678679,-0.000706544,8.0,19.733784695,1.5684548147,0.0,0.0465342067,0.0398328747,0.0357849803,0.3512279925,4.8443625241,2.537595e-12,1.5302075e-08,0.4322171942,0.186811703,-0.227797154,0.0372634929,-0.235560801,-0.215279818
85035,0.2251209931,0.035674244,10.820264674,0.0,0.1260467001,0.1952574887,0.1541425428,0.1007194069,0.3468555556,-0.018041439,0.1428684177,-0.082460562,-0.77458217,0.0633068773,0.082460562,24.0,-0.001365679,0.1518987342,0.2396209365,-0.020105887,0.0753457358,0.3432047412,0.0262819129,0.0215604109,0.0784501003,0.378999466,0.0,3.6441802222,0.161917627,2.8991667902,0.331845453,2.8699624039,8.223790847,0.4895884044,0.0,0.0,1.0,0.0,0.0,0.5116427674,7.0,0.2471637778,0.1231446485,0.1143170573,-0.178341304,0.0884365087,0.045592899,4197.259513,0.0642905452,16.308315535,-0.003906103,0.0438937279,0.0686665115,0.0105564364,0.1522046719,-0.009974412,1.0,0.0010766194,2.1775753856,-0.097675772,7.0,17.368236235,2.6469544648,0.0,0.0617575534,0.0260128727,0.0383424722,0.2963728813,3.0972485524,1.625595e-10,1.0231238e-08,1.0194289877,1.0392354609,-0.004682042,0.0400185799,-0.217695999,-0.091892872
85002,0.0562911883,-0.040948021,5.9944233459,0.0,0.1642684938,0.0399113296,-0.493092271,0.6374160505,0.2615269072,0.0557159008,1.212703121,-0.275231823,-1.193937141,0.0079413421,0.2752318233,24.0,0.0252029104,0.1655450875,0.4182043048,-0.057055973,0.0259812908,0.0953644872,-0.47347,0.1098582308,-0.068967119,0.7757894371,0.0,5.9736554927,0.0767328248,5.4160917827,0.1051751808,0.2786067676,3.8972962052,-0.326693506,0.0,0.0,1.0,1.0,0.0,0.5093823295,6.0,2.2686009346,0.0215276119,-0.012459471,-0.18756075,6.3221594535,0.0946887051,7786.0226389,0.0232852488,15.660506213,5.07073e-05,-0.017449339,-0.09924388,0.0061506976,0.6006694418,-0.097597389,4.0,0.0202205882,0.0186928444,0.0847733328,7.0,16.440115183,1.6662590523,0.0,0.0568355694,0.0273160133,0.0393224748,0.3689753997,2.8750473167,4.242764e-10,1.4005545e-08,0.7493173723,0.5614765244,-0.318730271,0.0812649104,-0.203085205,-0.24467985
85072,0.2888862859,-0.013432702,1.5931288697,0.0,0.5860141058,0.4881472765,0.033662785,0.0834626849,0.3913103202,0.0096551724,0.1518051801,-0.066194602,-4.145334434,0.0422503403,0.0661946016,24.0,0.003006448,-0.184738956,-0.28556122,-0.662306525,0.0327024281,0.1098735301,0.0156064963,-0.007074273,-0.032936022,0.60953458,0.0,2.655224634,0.6457483807,2.1762998486,0.725206246,1.5841612671,7.6950515824,0.0256334917,0.0,1.0,1.0,0.0,0.0,1.0397682968,4.0,-0.168321636,-0.06565277,-0.167760649,-0.297041311,-0.265118685,-0.068922268,-6568.952897,0.2179887911,15.390249581,0.0044893957,0.0242781246,0.0711263201,0.0379537341,0.374539851,0.0218014528,2.0,0.0061239193,1.718623448,-0.02737312,4.0,17.187264628,5.0921588961,0.0,0.0378104933,0.0247544988,0.0369659417,0.2853280901,6.0953250679,2.192346e-10,5.6679442e-09,1.4350084639,2.0592492914,0.0070180129,0.0457291823,-0.135371011,-0.182618162
85067,0.2871875241,0.0564935275,16.519868429,0.013354744,0.5119019757,0.8253807183,0.1083826827,1.034356167,0.4906084945,0.0073165973,2.370409116,-0.073611412,-0.776517857,0.1003617603,0.0736114116,25.0,0.0,0.0437317784,0.2290739634,0.1631657432,0.0497967882,0.3749049493,-0.087151496,0.0065417034,0.1920650272,0.2152951142,0.0,1.3674295349,-0.177147483,1.3674295349,-0.177147483,27.173053586,5.0634646145,0.2232447051,0.0,0.0,0.0,0.0,0.0,0.788031106,4.0,-0.640809381,-0.395430207,-0.088143185,-0.095773427,-1.483970814,0.1264936251,-1500.367059,0.1086739101,15.322445023,-0.007726075,0.0119009022,0.0357866506,0.0353656854,0.0380119763,-0.013973434,0.0,-0.000721154,0.8435517509,-0.040656026,6.0,15.640424646,1.3172672453,0.0,0.0262662265,0.0143321367,0.0197841453,0.3794282971,2.2093610409,5.369799e-10,2.0323085e-08,0.6939110502,0.4815125456,0.0085069863,0.0251829465,-0.060574107,-0.049938477
85013,0.6549185903,-0.013097786,1.2019224579,0.0,0.2528531329,0.7876672168,0.0121732074,0.0387674789,0.4348488654,0.0142568153,0.1610778846,-0.06806029,-4.629050279,0.0475325255,0.06806029,24.0,0.0048297671,0.0303030303,-0.112710188,-0.020089706,-0.054132947,0.2132310862,-0.202634321,0.0148538893,-0.001828969,0.4041865549,0.0,3.0447154472,0.0225694257,2.2005420054,0.0387134707,5.2372287633,6.3809128631,0.0602008769,0.0,0.0,0.0,0.0,1.0,0.5791809787,3.0,51.867195222,0.0455314882,-0.05060274,0.8523181358,-0.910475991,4.1610309089,-7454.295694,0.0357482652,11.372386814,0.0060838682,0.0307694484,0.0424630523,0.0541174487,0.2508129374,0.019348471,0.0,0.0,2.51445792,0.2140084617,4.0,12.417379375,1.42423141,0.0,0.0163398273,0.0238303865,0.0482325899,0.3950857203,2.1021945792,4.0810072e-08,1.9583145e-08,1.3826261895,1.9116551799,0.0072637295,0.0646264717,-0.196262829,-0.145662284
85982,0.2401192153,-0.031513184,9.0704758234,0.0,0.5066666852,0.0926488119,0.0173519731,0.122411963,0.0884671968,0.115862069,0.1503941305,-0.073228898,-1.64071715,0.0201910377,0.0732288978,24.0,0.0163725285,0.03125,-0.151140879,-0.221128838,0.0008886696,0.0514780083,0.137953229,0.1040838749,0.0676164033,0.5566817283,0.0,46.445295405,-0.125407753,39.003282276,-0.149532983,1.3100210231,5.2592488395,-0.00087913,0.0,1.0,1.0,0.0,0.0,0.1802296115,4.0,-0.159793005,0.096601644,-0.066081963,87.855570096,-12.00459608,-9.211317135,-3084.548332,0.0109914292,13.497767369,0.0010157064,-0.008780355,-0.01757519,0.0028028773,0.0879972133,8.700212301,0.0,-0.005463673,-0.466634509,0.0412485722,3.0,13.378281073,0.5394004843,0.0,0.0216215868,0.0135597322,0.0189699555,0.461230573,1.1250322764,8.3628645e-09,5.3186442e-08,0.6261919055,0.3921163025,0.1341362226,0.0410751673,-0.090760279,0.0069773022
85020,0.9278741896,0.0203878017,-18.29801192,0.0269921914,5.7395339028,0.2371671818,0.0147124058,0.6759955747,0.0385291727,0.5877894666,0.7401585183,-0.009643585,-2.51772133,0.071718605,0.0096435846,23.0,-9.5962e-05,0.4691848907,0.2506631418,-0.242256481,-0.299105105,0.1962974434,-0.258784916,0.0043549548,0.3647307902,0.5187973924,0.0,0.854352768,-0.156994191,0.8543157016,-0.15683321,0.7945249663,0.0541354514,0.0067858512,0.0,0.0,0.0,0.0,0.0,0.2254404018,3.0,-0.16119709,0.0020905084,0.4541136612,-0.179292992,-0.970419993,-0.08165197,-3915.458252,0.0256085935,14.906428272,0.0004443607,0.0043882248,0.0320208259,-0.000665468,0.0154736841,0.0285677707,0.0,0.0033783784,-0.073724304,0.0511061437,2.0,14.987905156,0.8335615717,0.0,0.0357143208,0.0220829389,0.0311427976,0.2144155968,1.0710753144,1.0864997e-09,2.3072203e-08,1.5311741564,2.3444942973,0.0047445475,0.0371378144,-0.222845955,0.0732063074
85059,0.3654528986,0.0787858242,8.4635324978,0.0081331399,0.5567236314,1.4990391151,0.1101970738,0.1676684306,0.3861271538,-0.012821212,0.1535465604,-0.083602489,-0.90829831,0.1503468551,0.0836024886,24.0,0.0020960241,-0.075,0.0922969154,0.0740759843,0.0090276093,0.28607626,0.0754153114,0.0261233797,0.1898586034,0.396135527,0.0,1.1716659162,-0.098476605,1.1522231074,-0.102012107,52.037653017,3.9241222901,0.2128288215,0.0,0.0,1.0,0.0,0.0,0.9785359403,6.0,0.0154090584,-0.150998609,-0.225389698,-0.118740411,-0.027641426,-0.015179497,-1301.146483,0.1804201449,14.925299176,0.0040048416,0.0263808086,0.0615641772,0.0466042717,0.0347049762,0.0156482189,2.0,0.0042063937,0.1309194186,0.0427118206,5.0,15.062600917,0.920175268,0.0,0.0290749464,0.016743265,0.0267922775,0.2683721527,0.9113884327,1.2534838e-09,2.9940788e-08,1.0937445784,1.1962772029,-0.004353578,0.0450052531,-0.188369121,-0.081003489
85168,2.7564257889,0.0351169928,-5.172747494,0.0,1.1939951748,1.1617320118,0.0049761632,-0.037914208,0.0822642006,0.0097590135,-0.156383961,-0.030078848,-3.455668801,0.1564696891,0.0300788478,24.0,0.0,-0.069090909,-0.024409869,-0.492336999,-0.123021065,0.0691853546,0.2728306868,-0.009561637,0.0240675551,0.583491517,0.0,1.881961426,0.2230852147,1.881961426,0.2230852147,2.518038583,3.9598538176,0.1892229481,0.0,0.0,1.0,1.0,0.0,0.1077200338,6.0,9.1312365391,0.1861818619,0.0190448016,10.369326701,-4.467320214,-3.096421337,-1126.721892,0.0340789314,13.342667847,-0.002510503,-0.007876471,-0.011201369,-0.021821019,0.1315686668,-0.154350826,0.0,-0.007731959,-0.206090275,-0.051360281,4.0,14.734368619,2.7897233341,0.0,0.0836819261,0.0403088255,0.0625750764,0.3102081231,4.4795348589,3.6327005e-09,9.0882828e-09,2.8149696938,8.1460812957,0.0607714059,0.0916885543,0.2061827546,0.818494895
92245,0.7062668254,-0.051670217,151.68883266,0.0670606864,1.392189423,0.6605287376,0.0961241621,-0.106191529,0.1600581998,0.0067660958,-0.088856687,-0.137094659,-5.898502447,0.2531066826,0.1370946587,24.0,-0.003666403,-0.264705882,-0.093750809,0.1854056468,0.0712273579,0.0801765114,0.0986518926,-0.07993344,-0.138500115,0.5034155268,0.0,1.6295795581,-0.026314231,1.0595297783,-0.068048258,454.11939356,8.378932248,0.0644711966,0.0,0.0,1.0,0.0,0.0,0.3610261123,4.0,-0.071675838,0.068901206,-0.265609021,0.2497761349,-0.704946068,0.2008822563,-7304.989445,0.0376507894,14.117560047,-0.000657089,0.0034514764,0.010181425,-0.008233867,0.0013322008,-0.167342151,2.0,-0.001212121,-0.148561981,0.0018038431,5.0,14.931398683,1.5425893116,0.0,0.0318331458,0.0239366857,0.0356402736,0.2624875884,1.760780368,1.959001e-09,1.6256064e-08,1.2593668618,1.5860048927,0.0520717255,0.0461083086,0.195678815,-0.028114825
85187,0.2079823826,-0.010432702,11.970630343,0.0,0.0817183621,0.1429690952,0.0060349915,0.6358418159,0.3803840867,0.2022329358,0.2547113138,-0.042662701,-0.954441281,-0.000475301,0.0426627014,24.0,0.0417096745,0.5595854922,0.6086857273,-0.234233197,-0.042527216,0.2776896997,0.1972402738,0.1520268059,0.8595851364,0.3918492543,0.0,4.0668407931,-0.063766244,3.1161818829,-0.114138926,2.2855769454,5.3224092356,-0.029742051,0.0,0.0,1.0,1.0,0.0,0.561018113,2.0,1.3558872753,0.0172522643,0.3815809337,-0.035869556,5.2515477378,0.0862720624,-4366.271221,0.0232852488,13.985029004,-0.011006187,-0.003275995,-0.004375631,0.0013030262,0.373245545,0.0109041927,0.0,-0.000154715,3.2746962645,-0.101354443,5.0,14.493020564,1.2660241559,0.0,0.067182593,0.029969623,0.0506780054,0.3554522919,2.5343155371,2.6461387e-09,1.5996436e-08,0.9448781125,0.8927946474,0.143857638,0.0527860861,-0.732427897,-0.24467985
85177,0.0453357664,-0.04677094,20.197963327,0.0,0.1462868221,0.1503652446,-0.282336159,-0.031730944,0.4931798168,0.0577249246,0.0156792375,-0.219744027,-0.915052692,-0.003973065,0.2197440267,24.0,0.0,0.0125373134,0.1929624841,0.031387578,0.0255066277,0.2824402153,0.3151637019,0.0068480149,-0.158479744,0.4308031733,0.0,2.2782794246,0.0145569666,2.2782794246,0.0145569666,3.3055195067,8.3191748711,-0.234415727,0.0,0.0,0.0,1.0,0.0,1.7135704212,5.0,0.6527503028,0.1036658013,-0.203190147,4.5543969081,-0.425239864,-1.756113543,-13303.33738,0.0456208962,13.897178356,0.0001396884,-0.062641159,-0.269930355,0.0084529546,0.2315179492,0.0018550635,2.0,0.0,0.5687695315,-0.014647985,5.0,15.470232205,3.0794888913,0.0,0.0365369357,0.0335341429,0.0524703633,0.3476132549,3.3931366109,1.8385346e-09,8.2463919e-09,1.0867091649,1.1809368092,0.0271098822,0.066616446,-0.284285357,-0.071440083
87364,0.2969824189,-0.265207892,0.5076164938,0.0,0.485203678,0.2053452554,-1.007199211,-0.015447252,0.1516285475,0.3316528628,0.0418773301,-0.13295722,-0.395211192,-0.160394765,0.1329572196,22.0,-0.017256984,-0.407407407,-0.162560621,-0.010375789,-0.124661445,0.3422706326,-0.088038281,-0.040204766,-0.09665051,0.8119162308,0.0,1.5650677326,-0.006907028,1.4158338885,0.0150644648,0.3795498505,5.11492891,-0.51693262,0.0,0.0,1.0,0.0,0.0,0.34268972,2.0,0.3741155341,0.027976997,-0.444989084,-0.106479879,-0.611604912,-0.178108743,-16324.85813,0.0642905452,11.043749002,-0.000889067,-0.04464721,-0.142936782,0.0328826605,0.6608504894,0.1166472608,1.0,0.0055970149,10.682574947,0.0176406056,3.0,10.426187398,0.490803485,0.0,0.0342742093,0.0206709145,0.0385328598,0.5163144585,0.884054868,1.9835655e-07,6.2466072e-08,1.6018437803,2.5659034965,-0.007184947,0.1148330319,-0.053835119,-0.091892872
89022,1.1865203762,0.0533555115,-10.44844041,0.0362740708,12.231878958,0.4696116691,0.0229371354,0.0897381943,0.0359924352,0.0053059781,0.0948600191,0.0001640918,0.0395683453,0.0512443222,0.0001640918,22.0,-0.000323211,-0.117647059,-0.071351762,0.0361084749,0.0612067306,0.1038152089,-0.023877498,-9.8716e-05,0.0396020179,0.5241188502,0.0,0.8293690292,-0.101375007,0.8277243865,-0.101020649,0.3957889629,0.0581895868,0.0056529375,0.0,0.0,0.0,0.0,0.0,0.3883127803,3.0,0.0498387452,0.0026716802,-0.132718288,0.0793531949,0.1292240782,-0.102126253,-6844.348642,0.0256085935,10.525198877,-9.5145e-05,0.0020518793,0.0250882893,0.0103026788,0.0726961866,-0.000362825,1.0,-0.001765347,0.0576729243,0.0383050693,3.0,8.9676966486,0.2708406203,0.0,0.0639600083,0.0189387728,0.0140082393,1.3743569124,0.4018972891,1.4955622e-06,4.062877e-07,0.2699413316,0.0728683225,0.6645221805,0.0469114861,0.1543045877,0.0732063074
85246,0.7281025048,0.0530831144,-6.378722493,0.0,1.1472151243,2.187934311,0.0514211828,0.0470941884,0.0678656583,-0.008632396,0.028300214,-0.05089124,-1.769440994,0.1470105532,0.0508912398,24.0,0.0,-0.027837259,-0.077477868,-0.141679662,-0.080660401,0.1650988113,0.2286973297,0.0007679593,0.078681542,0.3777103342,0.0,1.0531838506,-0.014724129,1.0531838506,-0.014724129,19.754584425,3.0938030323,0.0733069122,0.0,1.0,0.0,0.0,0.0,0.1709814189,4.0,-0.402407939,-0.184283074,-0.080515368,16.862644313,-0.09042531,0.0678515969,5511.0299691,0.1000073361,16.199765621,0.0028484905,0.0176290031,0.0408310812,0.0726040405,0.0489467483,0.0051973193,2.0,0.0048369543,0.4032477512,0.0202572944,5.0,16.743465717,1.2830870743,0.0,0.0283510182,0.01888411,0.0298878337,0.2424906002,1.4619204252,2.430698e-10,1.9122666e-08,1.3477661293,1.8164735394,-0.012065999,0.0442725098,-0.527186205,0.1750913885
89038,1.133446527,0.0754669172,-18.67605897,0.0402029433,12.583702447,0.5842881448,0.0254753248,0.3998582415,0.0497647631,0.0975659229,0.4295188893,0.0019741207,0.307576027,0.0522551026,0.0019741207,20.0,0.0,0.2222222222,0.0512907199,-0.330119039,-0.014095093,0.0490096392,-0.582042735,0.0048711504,0.1377675089,0.639506109,0.0,0.9997595135,0.0135354518,0.9997595135,0.0135354518,0.8920740953,0.0520324445,0.0078136497,0.0,0.0,0.0,0.0,0.0,0.4895017278,3.0,-0.03890064,-0.002666638,0.2071509928,0.0262793457,-0.321391685,-0.101115472,-6726.591702,0.0256085935,12.252878719,0.0008755499,0.0032307149,0.0397236025,0.0039955475,0.0890882123,-0.0115914,2.0,0.0088772846,0.7756664654,-0.001976797,3.0,11.374329842,0.2928433502,0.0,0.0212598797,0.013268857,0.021380989,0.6648678229,0.7183415607,7.4623346e-08,1.1262806e-07,0.769158321,0.5916045227,-0.024636074,0.037585613,-0.128070347,0.0732063074
86818,0.3891474535,0.0817294001,2.1572293304,0.0802834233,0.1472274991,0.299484207,0.2438243573,-0.03508714,0.1666189889,-0.038239757,0.0611772235,-0.078807528,-0.546054163,0.1263580793,0.078807528,23.0,0.0,-0.023255814,-0.06068201,0.082114118,-0.014024196,0.1473293769,-0.274238276,0.0073570402,-0.04550027,0.4370971353,0.0,21.181570338,0.0330483678,21.181570338,0.0330483678,1.4385649587,7.8429386038,0.586281076,0.0,0.0,0.0,0.0,0.0,0.2355695441,5.0,1.9170050902,0.0544155922,-0.230276757,2.2677596278,2.1068818332,0.5411322832,-10420.03985,0.0642007103,13.187966184,0.0220462551,0.0891197908,0.1220921646,0.0435934718,0.3112292577,-0.003895794,2.0,0.0270336956,0.2166263836,0.0575406961,5.0,13.00293483,0.4982655314,0.0,0.0289908834,0.0187206981,0.0214366373,0.3980292007,0.7371810652,1.4831414e-08,5.5596852e-08,0.7712940664,0.5948945368,0.0369850302,0.0348401941,-0.418927941,0.06707331
13739,0.1227337823,0.0025804938,20.692988892,0.0,0.2335418628,0.1448461824,0.0020656136,0.1189723819,0.1019288858,0.0446064543,0.0354784261,-0.051743869,-6.764226437,0.0200355385,0.0517438687,19.0,0.0,-0.207100592,-0.265237387,-0.507983683,-0.166698542,0.0829227865,0.0240863417,0.0163309733,0.3217742168,0.338815033,0.0,1.1759015399,1.4828800777,1.1759015399,1.4828800777,3.6957273672,8.1901788755,0.0577484021,0.0,0.0,1.0,0.0,0.0,0.3107113588,5.0,0.310108322,-0.147059573,0.1376618254,5.4910394445,-0.006132268,0.1420921991,5217.14839,0.677687065,15.728345609,0.0050297793,0.007169163,0.0210983177,0.0146111973,0.1189851681,-0.031145959,4.0,0.0002869029,0.8831979351,-0.102151726,6.0,16.052007507,1.2522319299,0.0,0.0219308436,0.0196460373,0.0294516367,0.3370553234,1.8924858716,3.968342e-10,1.9694053e-08,1.3254380745,1.7567860893,0.0626244721,0.0431384871,-0.457978593,-0.117570829
89898,-0.309051513,-0.165689555,14.539201687,0.0,0.7793516719,0.0228086013,-0.330852843,1.2061913696,-0.853128181,0.3284448196,0.1883773688,-0.477587119,-0.373008372,-0.103885964,0.5572082991,20.0,0.0,0.0,-0.336479011,0.2843740698,0.5703531311,0.016286645,-0.762217713,-0.340318584,-0.056871714,0.56177311,0.0,0.4037516749,4.3637599439,0.2909860531,4.3637599439,0.3308453675,12.74375,-0.230744049,0.0,0.0,0.0,0.0,0.0,0.667064928,3.0,-2.465655773,-0.300442039,-0.599295315,-1.094815877,-6.928296622,-0.495467525,-1081.727093,0.0466779283,11.362716118,0.0,-0.193795337,0.1331139208,-0.000150297,0.3770753512,-0.060203953,0.0,0.0146324706,-0.662670929,0.015913141,2.0,10.562938827,0.3998987598,0.0,0.110280402,0.050166044,0.0618040134,0.9517862067,4.1402695828,1.7400777e-07,3.7635118e-08,0.4893266055,0.2394405269,-0.158019735,0.0895604632,-0.033932511,0.3806159504
85349,0.3842469463,0.1338839534,-3.793752475,0.0,1.5550621188,2.5558446705,0.0500715308,0.0187239945,0.2000693481,-0.030428769,-0.027626622,0.0010305737,0.015,0.1318756941,0.0010305737,25.0,0.0570250773,0.1162790698,0.2542706965,0.1355058508,0.1195388274,0.1502590674,0.0103626943,0.080443828,0.2424242424,0.3663298162,0.0,1.4288888889,-0.191447129,0.7611111111,-0.348388365,37.801980198,8.1061571125,0.1218166384,0.0,0.0,1.0,1.0,0.0,1.0974025974,5.0,28.697607618,0.1799764703,-0.192831566,-0.008782687,-3.657204062,0.1155599908,-19175.80985,0.0580772554,14.749039604,-0.008321775,0.0206896552,0.1022727273,0.1251814964,0.0343771273,0.1065066419,1.0,0.0112623182,1.2699682783,-0.023330016,3.0,16.447259285,5.0873414625,0.0,0.0090180514,0.0032121492,0.0044591058,0.5296299557,12.949016745,4.113189e-11,5.8230195e-09,1.6014859954,2.5647573936,-0.005365739,0.0639105229,0.574868252,-0.107827317
90012,0.198147987,0.0429237418,4.4261617868,0.0317534421,0.0648225223,0.433704696,0.5258833794,0.2071425352,0.5791029017,0.0051076069,0.8257812191,-0.05525932,-0.309512139,0.0562091609,0.0552593198,20.0,0.096470451,0.023364486,0.0883062033,0.4151342022,0.0188006082,0.0953634578,0.0751099613,0.1043953568,0.0866993331,0.8160727638,0.0,3.5871147213,-0.323186426,2.8211193947,-0.382056711,2.6046176654,119.52647855,0.9235415007,0.0,0.0,0.0,0.0,0.0,0.69190237,4.0,-0.064956811,0.054814246,0.0223920909,0.1614395555,-0.607954478,-0.069429062,-23247.60753,0.2560171468,13.037763836,-0.003026128,0.0366310299,0.0452378747,-0.014305048,0.6685781687,-0.002163769,1.0,-0.002605136,1.0203227351,0.0545622851,6.0,14.556128146,3.403865701,0.0,0.0217917264,0.0233702991,0.0380769056,0.1949630263,3.4022633584,2.1853812e-09,6.9334123e-09,0.3574391304,0.1277627319,-0.389657719,0.0641458719,-0.199420617,-0.215279818
85372,0.2835458977,0.0004950011,4.133119273,0.0,0.1300766796,0.2395332988,-0.036372033,0.0795946118,0.3588309965,0.0235535074,0.0674136261,-0.041019958,-33.0127186,0.016836332,0.0410199578,24.0,-0.022051808,-0.249724972,-0.214726332,-0.063128423,-0.004748594,0.2894223342,-0.29079336,0.0100032454,0.0852761512,0.5404900512,0.0,3.0008707977,-0.013123886,2.5618497967,0.0296000702,1.6396653612,4.7105360901,0.0928846532,0.0,0.0,1.0,0.0,0.0,0.5261994265,4.0,52.084505165,-0.06197896,-0.330630743,0.4809454432,-1.256560321,4.1303347154,-6251.923521,0.0357482652,13.34737671,0.0001793122,-0.007655174,-0.010787381,0.0070399747,0.2513329351,-0.006438507,0.0,-0.001063668,-0.099742401,-0.004528989,4.0,13.710302262,1.1630067722,0.0,0.0219569188,0.0502752564,0.0438477235,0.4782736379,8.4177728772,4.5184408e-09,1.4136547e-08,1.238604782,1.5341418061,-0.02198134,0.041204801,-0.503917874,-0.145662284
90875,1.0331025941,-0.142462444,-0.711920676,0.0,0.2521963724,0.4895838679,-0.674836519,-0.055872227,0.0761288844,-0.007037938,-0.141617613,0.0460630743,0.5337782799,-0.218505803,0.0460630743,19.0,0.0056711504,0.0709565217,-0.133850341,0.0565240627,-0.043640073,0.3619182416,-0.061442494,0.0252866571,-0.049043289,0.6456370719,0.0,5.6071061155,0.2521013929,5.1811011621,0.233705096,0.5844792528,2.7404085909,-0.462233558,0.0,0.0,0.0,0.0,0.0,0.1087339299,3.0,13.316421676,0.0360847737,-0.244651071,1.0556373627,-9.723584541,0.0292586736,-13769.3914,0.0371991411,12.564200635,0.003156978,-0.030336423,-0.035998548,-0.002384623,0.5643226555,-0.04927353,0.0,0.0602343722,-0.204285224,-0.038398618,1.0,11.883886683,0.3201191864,0.0,0.0301811062,0.0243716655,0.0492191691,0.7539732868,0.740374778,1.4326221e-07,1.2961304e-07,0.9389170872,0.8815652966,-0.003844339,0.0605884011,-0.109174281,-0.054879185
85418,0.9922578193,0.1115131068,-29.25210929,0.0370329393,8.1909831888,0.3893379478,0.022947752,0.1059310928,0.0393674621,-0.015582701,0.1044777364,0.0088453738,0.6935413375,0.0341741576,0.0088453738,23.0,0.0063988313,-0.046948357,-0.013962807,-0.050480854,0.0588867652,0.0771692076,-0.054022377,0.007212518,0.1180761066,0.5052316524,0.0,0.8412780844,-0.057391613,0.8308435142,-0.065546959,1.4247396655,0.0652711523,0.0153734228,0.0,0.0,0.0,0.0,0.0,0.3683427859,3.0,0.0522054733,0.0020511802,-0.062019586,-0.114909362,-0.890405387,-0.119196417,-6342.166622,0.0256085935,13.393696532,-3.706e-05,0.0028415768,0.0268354022,-0.004056141,0.068991961,0.0029541527,0.0,-0.001461378,-0.11502449,-0.032383389,2.0,13.37709789,0.6555904294,0.0,0.0108556962,0.0095142102,0.017074834,0.3610652461,1.1736894778,3.6793829e-09,3.9176949e-08,0.7457354654,0.5561213844,0.08760894,0.0374225524,-0.05694119,0.0732063074
85502,0.2227442292,-0.033264372,6.7545358927,0.0071285451,0.2898854806,0.566373988,-0.027295839,0.0586533545,0.4698188864,0.0629341811,0.1450633172,-0.043648485,-0.654064643,-0.011507322,0.0436484852,24.0,0.0542632112,0.1280276817,0.0377887887,0.0070748531,-0.117784573,0.5316110398,-0.010221254,0.0583842407,-0.036011393,0.5004999809,0.0,1.2855699613,-0.04033899,0.7973684844,-0.084849907,7.6185467613,4.5923812543,-0.04300456,0.0,0.0,0.0,0.0,0.0,0.9434026113,2.0,0.0626521937,0.0578487023,0.127124543,-0.233746461,4.3425851787,-0.063731749,-8476.172865,0.0376507894,12.513899127,0.0001593762,0.0239851179,0.0344687203,0.0101427956,0.2956928308,-0.023040239,2.0,0.0021231423,2.0692001764,0.1595318345,3.0,13.744852105,1.7584807104,0.0,0.0531480461,0.0301768394,0.0509243019,0.3903369159,3.4909030624,1.3636256e-08,1.4864689e-08,1.1603970895,1.3465214053,0.0331467802,0.0793200108,-0.565032654,-0.028114825
13935,0.0592510907,0.0343262946,28.257804843,0.0048624311,0.0636667088,0.122783295,0.4279724104,0.2054298234,0.7597235398,0.0177569344,-0.111642436,-0.027659888,-0.090606549,0.0374364817,0.0276598882,24.0,0.0,0.0104166667,0.0413730056,-0.268338281,-0.013151637,0.5210219426,0.3677953942,0.0027736369,0.9553386842,0.3951606919,0.0,1.7080268931,1.2351327676,1.7080268931,1.2351327676,3.841942923,8.6157476243,0.599737238,0.0,0.0,1.0,0.0,0.0,2.5014289189,5.0,-2.913092443,0.0124018755,-0.204407765,-0.018618104,-28.39467622,0.0398294282,-13512.82809,0.03476008,13.669506482,0.006915738,0.0635960724,0.1264584561,0.0039974493,0.3360224348,0.003702646,1.0,7.36127e-05,1.8760569765,0.1263108775,6.0,12.813982186,0.3353708555,0.0,0.0184263363,0.0164011385,0.0254378009,0.240274386,0.2513176968,1.4507851e-08,1.0916831e-07,0.8490371424,0.7208640692,0.1323263315,0.0431387441,-0.049423456,-0.054879185
85440,0.3633477855,-0.009737976,4.6864457041,0.0,0.3978165473,0.7937442946,-0.001974469,0.0318809583,0.3077984554,-0.01466725,0.0399257136,-0.05980793,-4.602641509,0.035082438,0.0598079301,24.0,-0.00474168,0.0212765957,-0.219391203,-0.206263695,-0.058769296,0.2365550959,0.1077668398,-0.024239093,0.0232145814,0.4750418582,0.0,2.2914658195,-0.041290091,1.6714778703,-0.025889037,8.7664335286,4.7387911807,0.0777234848,0.0,0.0,1.0,0.0,0.0,0.6182563883,2.0,0.0827774058,-0.305736813,-0.016305081,-0.040114512,-0.228331078,0.0173684598,-15550.51301,0.0642905452,13.196317356,-0.002213249,-0.016287905,-0.033026177,0.0106752355,0.0797873868,0.0009216057,0.0,-0.012260912,1.6759770433,-0.09278859,4.0,13.449698465,1.1416071755,0.0,0.0602119453,0.0311244811,0.0402864585,0.4528523412,2.9005536804,1.0546573e-08,2.2794322e-08,1.246190625,1.5529910739,-0.043639579,0.0589097001,0.4676344683,-0.091892872
85488,0.3525799604,0.0408055289,8.9694163472,0.0,0.410290944,0.6320131627,0.0978850305,0.0913064694,0.3655955937,-0.00877193,0.0691538781,-0.049015646,-0.878026712,0.0766338732,0.0490156462,24.0,0.0399425838,0.0029594555,-0.01641619,-0.093547083,0.0023344677,0.3100542268,-0.028723573,0.0438409165,0.1182692711,0.3792590231,0.0,2.0576331261,0.0995901834,1.204279992,0.055914954,14.227258631,3.9459492935,0.1636491836,0.0,0.0,0.0,0.0,0.0,0.7871562102,6.0,3.8521147233,-0.067111411,-0.175621021,0.0775390386,-3.68314332,0.1682397949,-6468.847709,0.0345323743,14.11426637,0.00035564,0.0137622466,0.0297771248,0.0143161469,0.0387505237,0.0300901602,0.0,0.0003164557,0.0526689788,-0.010682564,4.0,14.492558632,1.1797895643,0.0,0.0288761873,0.013020099,0.0231213148,0.3464148236,1.4923261324,1.8331134e-09,2.6028722e-08,1.0079266628,1.0159161576,0.1065375515,0.0280805365,-0.114638289,-0.145662284
85517,-0.000970416,0.0127184842,23.04934121,0.0021007676,0.2687681752,0.1305931064,0.1169964379,0.1447068954,0.2349712116,-0.002998043,0.129700897,-0.023318051,-0.459946675,0.0185683087,0.0233180509,23.0,0.0,-0.17100166,-0.305652931,-0.305984213,-0.081318029,0.1148646157,0.4825429906,0.0098884235,-0.75534856,0.3469939452,0.0,1.6920815956,1.3307469368,1.6920815956,1.3307469368,3.2970240098,4.3449355898,0.0771739319,0.0,0.0,0.0,0.0,0.0,-6.469352964,4.0,0.1610886403,-0.231475743,-0.268333623,87.614480465,-12.05086771,-9.211317135,2439.2635682,0.0109914292,15.870213587,0.0161386266,0.0674776752,1.1117093765,0.0160165814,0.2224708913,0.0299902396,3.0,0.001345256,0.1556981131,0.0563124283,5.0,15.911778224,0.9915904608,0.0,0.0409818552,0.0212749474,0.0280273014,0.2133483726,0.8561808095,5.654325e-10,2.7757421e-08,1.284040428,1.6487598208,0.0276838498,0.0293859262,-0.238027117,0.0069773022
85424,0.9928002139,-0.029328522,-0.277934529,0.0,0.1045143161,0.3478977737,-0.02296027,-0.045909669,0.1058078098,-0.012325711,-0.053683629,-0.008211264,-0.314612585,-0.0201014,0.0082112636,24.0,0.0063399777,-0.214994487,-0.120135678,-0.153823621,-0.038962716,0.1338316537,0.0388593603,0.0108895915,-0.04508385,0.673314628,0.0,10.094407802,0.1113732169,7.6089554682,0.0920678964,1.0549724675,1.4227857477,0.0143764301,0.0,0.0,1.0,0.0,1.0,0.1164783016,2.0,0.0191932549,0.0765841907,-0.215897626,0.5363095233,-0.030748086,-0.072325826,-7580.559205,0.0376507894,13.820292039,0.0178355364,-0.009907452,-0.011195349,-0.009312928,0.343018477,-0.010153914,2.0,-0.010325655,0.3972537905,-0.027162193,2.0,15.294892374,2.2372606391,0.0,0.0597015731,0.033881767,0.0589087026,0.3263106213,3.0665058104,2.8711979e-09,1.3265666e-08,0.7077989995,0.5009794237,0.0213558743,0.0686278519,0.4571278082,-0.028114825
13265,0.2552296628,-0.451857869,3.2603287593,0.0,0.7278369424,0.5717847009,-0.399891282,0.0294117647,0.1183172792,0.0808230279,1.3239389763,-0.235401642,-0.504825905,-0.223748311,0.2354016421,12.0,-0.0078032,0.9172413793,0.63519496,-0.520381053,-0.329104113,0.3896944011,1.5183748276,0.0573583965,-0.602314632,0.3486571429,0.0,0.6688423778,-0.680762351,0.638553242,-0.713544919,10.981703831,2.3436031969,-0.718225883,0.0,0.0,0.0,0.0,0.0,0.1458357492,2.0,-0.206795836,0.3850294241,0.8907890179,-0.28273549,4.0642325667,-0.399289729,-938.3943898,0.1489431475,11.529160116,-0.025991094,-0.074144902,-0.162846514,0.0552867689,0.0674220828,-0.43057174,0.0,-0.198795181,0.4223194573,-0.107398208,2.0,13.948710234,3.6747493767,0.0,0.0220588017,0.0314569086,0.0607982442,0.4503287897,4.695163545,2.2766398e-08,1.0444863e-08,1.6848497734,2.838718759,-0.063571443,0.1392658061,-0.188511381,-0.073400055
87114,0.9951945756,0.0994802406,-5.706167193,0.0404114531,9.0058940318,0.4360853315,0.0238341496,0.2214279718,0.0422162368,-0.005783866,0.2423352653,0.0015516231,0.1418505596,0.0853689128,0.0015516231,23.0,0.0044385193,-0.026354319,0.0442110603,-0.079769066,-0.019982397,0.1598568497,-0.040708299,0.0053791515,0.0599984156,0.6631485785,0.0,1.1218600444,-0.015742555,1.1151510764,-0.020037813,0.3090785072,0.0608751409,0.0148535581,0.0,0.0,0.0,0.0,0.0,0.3681765696,3.0,-0.00141854,0.0007785908,-0.041425549,-0.111972606,-0.909491119,-0.068001662,-6431.924542,0.0256085935,13.117290922,0.0002318685,0.0031636936,0.0333069256,0.0050769937,0.1662555404,-0.000405844,0.0,0.0043709023,-0.434348793,0.0532425148,4.0,13.07549685,0.6071030318,0.0,0.0184085183,0.0129622662,0.0274391107,0.264665439,0.6402161443,8.9213737e-09,4.3105713e-08,0.9782693874,0.9570109943,0.0080474203,0.0367197556,-0.155562973,0.0732063074
85464,0.1144221708,0.0287857975,16.602451374,0.0,0.2628011308,0.2447370997,0.0615233811,0.280756333,0.2937291216,0.0690088092,0.0275836423,-0.045921132,-0.535815424,0.0442096719,0.0459211318,24.0,0.000177792,0.0,0.0421020059,0.1283939918,0.0561167562,0.1743961097,0.0186658463,0.1181840027,1.950168224,0.448929365,0.0,1.8844430218,1.3935448802,1.824477166,1.504432155,5.0186209846,10.407298427,0.2397767467,0.0,0.0,1.0,0.0,0.0,2.0449602046,7.0,0.7836186252,-0.109044254,-0.00400828,-0.325323425,-0.053235062,-0.139393943,-8354.323008,0.0260918659,15.242356029,0.0062629808,0.0129178805,0.0408270955,0.0100690104,0.036302022,0.3240503597,2.0,0.0009217804,0.2283001449,0.0399597476,5.0,16.080768757,1.4440912651,0.0,0.0151335867,0.0180608175,0.0245569044,0.3681120512,1.6950234419,6.582686e-10,2.2713328e-08,0.5776038069,0.3336261578,0.1079865194,0.0355020583,-0.343867384,0.1163368332
85427,0.6110129675,0.120761048,-13.91347377,0.0046365498,1.5341921904,4.5740828649,0.1096539453,-0.08631647,0.3175648989,-0.028827571,-0.15637965,-0.09735825,-1.811169284,0.3394797489,0.0973582498,24.0,-0.081372659,-0.193449268,-0.098972085,0.0426023562,0.0729823269,0.0416918761,0.0290207193,-0.057951241,0.1544158637,0.4238055566,0.0,1.0876431324,0.0470126613,0.2909860531,0.146852451,124.30469645,26.396983702,0.0910953824,0.0,0.0,1.0,0.0,0.0,1.3265111093,6.0,0.0070356934,0.0915168136,-0.187762388,0.1881905121,-1.247816239,0.1090244233,-4318.958396,0.4119188279,14.881345514,0.0034113256,0.0355237958,0.0983466363,0.1097383725,0.0624054145,-0.005177951,0.0,0.0019161167,0.2925272823,-0.047462515,3.0,15.984485816,2.6293283522,0.0,0.0666586012,0.030154425,0.0442310871,0.2370719704,3.1024770758,7.965027e-10,9.9969069e-09,2.0233950086,4.0941273607,0.0577916278,0.0566248608,-0.127613755,0.0086816377
85419,-0.674497254,-1.45860494,-3.142276643,0.0,17.182530749,9.4909832016,-0.003726657,-0.445469663,0.0607629905,-0.85100486,-0.216400958,-0.292890894,-0.977001571,-0.26414886,0.2928908938,24.0,0.0,-0.482424242,-0.142558712,0.1650161562,0.0959705172,0.0918863816,0.7088004029,-0.340318584,-3.26553694,0.5380872626,0.0,0.4037516749,-0.680762351,0.2909860531,-0.713544919,16.764857655,65.020691995,-0.210310837,0.0,0.0,1.0,0.0,0.0,2.2578065234,4.0,-0.310108322,0.1470595731,-0.137661825,-1.094815877,0.0061322682,-0.142092199,-5217.14839,0.677687065,12.2061559,0.0001012883,0.053780151,-0.19149271,-0.226007799,0.0245498235,0.1301931281,0.0,0.4438015068,0.4320207677,0.0132252472,1.0,11.942908894,0.4349713835,0.0,0.0506288819,0.0298950749,0.0516890407,0.7292826014,1.4429548789,1.2020209e-07,7.0940442e-08,2.5523859732,6.5146741564,0.1395799988,0.1203366599,0.3405274312,-0.117570829
85540,-0.08533967,-0.265970279,-26.94293706,0.1143489518,1.8928519734,2.6610095211,-0.012761351,-0.311931292,0.1284122474,0.5078206465,-0.376333046,-0.166364049,-1.662131519,0.1761073048,0.166364049,23.0,-0.099557522,-0.036842105,-0.3469423,0.122673085,-0.114637352,0.2041522491,-0.364997743,-0.208039335,-1.428139183,0.5387683634,0.0,1.0193750998,0.0156481537,0.4354074626,-0.123067833,61.708624709,4.799311095,-0.088689444,1.0,0.0,0.0,0.0,1.0,1.3883005547,5.0,-0.047213595,-0.101941593,-0.025201544,-0.538169464,0.0629028754,0.0604033574,-10084.21546,0.281925686,8.5928434195,0.0,-0.008863293,-0.034786791,-0.069785076,0.0171208102,-0.207068665,0.0,0.0545496893,-0.784645043,0.0080217193,2.0,10.298906553,2.6829048263,0.0,0.085714303,0.0546588504,0.0853505055,1.0478741104,14.628384292,4.4878372e-07,7.7339208e-09,0.7569845092,0.5730255472,0.8720985808,0.1828779553,-0.627205014,-0.031359609
85621,0.010567065,0.0225318198,151.68883266,0.0,0.0946474822,0.1153312666,0.2831351012,0.0090444951,0.6606661621,-0.027067358,0.0689593298,-0.043527063,-0.202342971,0.0270909752,0.0435270625,24.0,0.0083249611,0.0185185185,0.0254349789,-0.023223225,0.0098445586,0.1096878858,0.0362208659,0.05135049,-0.328211892,0.412776211,0.0,1.2577294315,-0.144798347,0.9035684918,-0.183882832,32.732584294,5.1955713032,0.2861729058,0.0,0.0,0.0,0.0,0.0,4.2877370597,6.0,51.930970362,0.1058078229,-0.062387252,0.2079666104,-1.021560336,4.1405893586,19227.941109,0.0357482652,17.184388678,-5.1689e-05,0.0648088519,1.0640672016,0.0045670567,0.057269342,-0.011716961,2.0,0.0003412325,0.3762783637,0.0328897645,6.0,17.39039734,1.1335978836,0.0,0.030786382,0.0211720567,0.0289964683,0.2662233514,1.3298605586,1.241888e-10,1.9641916e-08,0.7251107919,0.5257856606,0.0444492618,0.0328241731,-0.264902087,-0.145662284
92593,1.3130181835,0.0168774758,-60.41740766,0.0361223343,12.847059183,0.5693109235,0.0164759191,0.1940605638,0.0350730503,-0.008971662,0.2163800964,-0.000496757,-0.382908048,0.0233399972,0.0004967571,15.0,0.0103006585,0.0116731518,0.0454870909,0.0441616227,-0.072451762,0.1341569089,0.1932270859,0.0101809943,0.0123147773,0.4706049797,0.0,0.7854883464,-0.164474531,0.7717933103,-0.176767211,2.702754691,0.0651955235,0.0040712002,0.0,0.0,0.0,0.0,0.0,0.3206694932,4.0,-0.137164268,-0.004236406,-0.003398078,0.2058510022,-0.602665544,-0.130030578,-6483.194142,0.0256085935,13.057968178,0.0004203944,0.002837083,0.0307584675,-0.000680879,0.0235751537,0.0110917574,0.0,0.0043103448,0.0388897211,0.0704736924,2.0,12.524387048,0.4166454082,0.0,0.0412233956,0.0200474939,0.0226859761,0.4090528225,0.9178833804,1.4841825e-08,4.9272403e-08,1.2553472997,1.5758968428,0.0136042431,0.0373498831,-0.040473762,0.0732063074
85627,0.5050650655,-0.031404589,-4.608134977,0.0105394804,1.8169263311,6.054199112,0.08595803,-0.079842595,0.3497009974,-0.030300923,-0.06240118,-0.084877015,-6.547903837,0.1742296421,0.0848770146,24.0,-0.069238846,-0.129032258,-0.065743108,0.0753941055,0.0017254145,0.0602414742,-0.049665512,-0.042485756,-0.137557104,0.5338639295,0.0,1.0279314387,0.0526646427,0.3468977232,0.4342497769,40.112208565,26.279083909,0.0133253894,0.0,0.0,1.0,0.0,0.0,1.4332372952,5.0,-0.023930976,0.175472935,-0.123345378,0.0822426101,-0.773079687,-0.056225684,-5078.144746,0.4119188279,14.013204541,0.0019618045,0.0231627486,0.0894918815,0.2418784727,0.0912964569,0.0132777134,0.0,-0.000761325,0.4012047074,-0.014090783,3.0,14.973327994,2.9782177019,0.0,0.0475972071,0.0253295989,0.0474126109,0.2614874216,5.6585628394,8.337901e-10,5.4027992e-09,1.9295825517,3.7232888237,0.0340492599,0.0623211539,-0.138828527,0.0086816377
85539,0.6247311835,0.1437165543,1.2971389938,0.0,0.1035777805,0.4401578896,0.1265784934,0.3275125243,0.3883651978,0.0332999413,0.2361761949,0.1113619791,0.4947310905,0.0726155067,0.1113619791,25.0,0.0704050884,0.0625,0.3442050087,-1.505273382,0.8957997088,0.1174399337,-0.620597112,0.1597382681,0.3439762525,0.4876653523,0.0,6.360903593,0.7255770088,4.3242618285,0.7033379218,1.8294400149,20.520920502,1.4118782575,0.0,0.0,0.0,0.0,0.0,0.4581523313,6.0,1.0633561814,0.0560016537,0.048793508,0.193139217,-0.643714107,-0.017510792,-3872.72312,0.2536234829,10.668131783,0.002533854,0.012738363,0.0148503295,0.0258633003,0.2880026447,-0.110539359,0.0,0.0033333333,2.9353760692,0.0227306243,3.0,10.093523064,0.5749074044,0.0,0.0616437756,0.0302019829,0.0461625497,0.6649618657,1.6444780016,2.825802e-07,4.0750684e-08,0.7297831474,0.5325834423,0.3109789243,0.082607225,-0.49820726,-0.199501332
85593,0.6211897738,0.045186377,-0.88573627,0.0036873156,0.8715696791,0.4530928757,0.1436322051,0.0307571699,0.149447965,-0.085239085,0.2045896779,-0.103857834,-3.991592483,0.22555198,0.1038578341,24.0,0.0,-0.025,-0.094704412,-0.093083666,-0.023142264,0.9346733668,-0.247860926,0.0005226367,-0.053719149,0.1762722306,0.0,4.7083866837,0.0327917677,4.7083866837,0.0327917677,1.9500817544,4.7019944341,0.077502872,0.0,0.0,0.0,1.0,0.0,0.3579574468,5.0,2.1012267946,0.008354735,-0.232020943,2.4998019481,-0.468153478,0.6403261839,-6418.276476,0.0642007103,15.403564721,0.0009648608,0.0160065821,0.049202943,0.0130262576,0.1391287187,0.0006783251,1.0,0.0004633,1.4809117401,0.1215003701,4.0,15.992638172,1.4412411118,0.0,0.0440019183,0.026266511,0.0342965602,0.2454016217,1.7887496324,6.214885e-10,1.6310136e-08,1.39321643,1.9410520209,0.0111885201,0.0391695799,-0.293685101,0.06707331
85567,1.1501128258,-0.113479758,-1.657605466,0.0,0.1733521175,0.7658753386,-0.169470032,-0.122647114,0.1984050951,-0.051276425,-0.170164251,-0.039250344,-0.489755265,-0.057902449,0.0392503435,24.0,-0.004202136,-0.003072197,-0.01005969,-0.331731921,-0.317365107,0.2964796872,0.0547659357,-0.082212529,-0.115009008,0.5059118704,0.0,3.9436342136,-0.371685794,2.8796478781,-0.379367616,4.0261437908,5.2094453597,0.2839039432,0.0,0.0,0.0,0.0,1.0,0.230297571,3.0,3.9047137659,0.0367858037,-0.181652673,0.875071904,-3.82434888,0.0337034726,-8159.664769,0.0345323743,11.228568827,0.0012898392,-0.029152746,-0.033476726,-0.016881486,0.1437329576,0.0107187809,0.0,-0.009453955,0.9661112537,-0.043748786,4.0,11.650835694,1.1577694139,0.0,0.0443262421,0.0255341728,0.052490933,0.8250639901,7.2050291238,9.5575866e-08,1.7827202e-08,1.518060379,2.3045073142,-0.014579913,0.0760015379,-0.656846395,-0.145662284
85576,0.7697679602,-0.080578645,-0.356365138,0.0,0.5984007058,1.1354748902,-0.230329488,-0.445469663,0.3288869136,0.0051534256,-0.679654638,0.0480973873,1.202484472,-0.177473214,0.0480973873,24.0,0.0,-0.282560706,-0.604550499,0.0557579828,0.3067825223,0.0962479608,-0.762217713,-0.035247944,0.1899677627,0.5692244606,0.0,2.1041281577,2.7078994199,2.1041281577,2.7078994199,2.0074325321,6.5894084616,-0.049393073,0.0,0.0,1.0,0.0,0.0,1.3545067698,3.0,-2.89420925,-0.683308299,-0.497385138,0.6918987657,-28.90806444,-0.175080267,-14538.3519,0.03476008,10.081145447,-0.002014125,-0.09531386,-0.137357815,-0.029661133,0.423990705,0.0436208024,0.0,-0.031446541,1.5407306924,-0.077328533,2.0,10.26784518,1.075757896,0.0,0.0981685221,0.0400151736,0.091522552,0.8254408485,13.530596277,2.4351679e-07,1.5401276e-08,2.2397530484,5.0164937179,0.0816784622,0.1133108439,-0.305628334,-0.054879185
85526,0.2256825584,0.0233887401,1.9421403992,0.0,0.4652588227,0.1923587022,-0.053415953,3.7736518902,0.6200704626,0.4511750774,3.0137044651,0.0007771568,0.0136759982,0.0230688758,0.0007771568,24.0,-0.00051115,0.3467933492,0.4818336668,-1.138881477,0.2489739104,0.1424923753,0.3958224117,0.3207507347,10.67693475,0.6453364672,0.0,3.4299116297,5.8571308481,3.4189878241,6.2131521364,0.571008896,3.1591101396,0.1398540955,0.0,0.0,1.0,1.0,0.0,4.8222163519,5.0,-0.448218592,-0.6445772,0.2149183862,-0.157278392,-0.37060637,0.0492007406,-6189.117419,0.1086739101,12.8037787,-0.001428734,0.0530836257,0.100062926,0.0307026858,0.487559654,-0.136321849,2.0,-0.004103967,1.3741585357,-0.101787694,2.0,14.101139411,2.2288849696,0.0,0.0543897413,0.0514364193,0.0768365203,0.3957650222,5.2175438013,1.0960546e-08,1.3715448e-08,1.2598201863,1.5871469017,-0.004422345,0.100375807,-1.357821455,-0.049938477
93285,0.1000084538,-0.075900168,10.431552693,0.0,0.0529112551,0.0470888451,-1.006218468,0.3705173317,0.2088792394,0.475752806,-0.183341929,0.025139753,0.043803654,-0.079224873,0.025139753,24.0,0.0033477561,0.1294117647,-0.27076326,0.4680760257,-0.118867018,0.1859358207,-0.067376212,0.0568241372,1.1374754508,0.7378159074,0.0,4.4896825397,2.2054666462,4.376984127,2.2460430573,0.5762036185,48.179487179,-1.117814053,0.0,0.0,0.0,0.0,0.0,0.4981253348,2.0,-0.388178745,-0.233551114,0.0753473749,-0.248843488,-17.68890479,-0.045320004,-1357.221352,0.0885761255,11.096440236,0.0102533172,0.021512693,0.0339248865,0.0900655168,0.4437244542,-0.329652302,2.0,-0.198795181,2.7952557799,-0.100993443,0.0,11.751393139,1.003239227,0.0,0.0672673732,0.0376342301,0.0681132114,0.3287167961,1.0259053961,9.947106e-08,2.9124455e-08,1.0204896992,1.0413992261,-0.016175054,0.0978649985,0.2835617083,-0.017140666
85686,1.3669266452,-0.692992461,-9.029477802,0.0,6.1006186839,2.6168197071,-0.064831072,-0.424713091,0.1716599958,0.4040277915,-0.471965764,0.0901397325,1.3298749289,-0.73243807,0.0901397325,24.0,0.0199893069,-0.6,-0.536936175,-0.555446188,-0.053766506,2.2480733409,-0.6630971,0.0108636683,-0.042168467,0.2026621273,0.0,0.7103537675,0.2611511083,0.6220852238,0.1419219835,5.1128163187,2.3962795941,-0.004778429,0.0,0.0,1.0,1.0,1.0,1.2865868387,3.0,2.0984862118,-0.041770997,-0.962004559,1.1230747065,4.9504004709,-1.527838399,-5705.838347,0.0232852488,11.47068189,-0.003016854,0.0119801549,0.0405137376,-0.224896242,0.1962078816,-0.002803197,1.0,0.1324503311,10.682574947,0.2629632168,2.0,13.100779105,3.862669572,0.0,0.1071428433,0.0596390733,0.0928961516,0.5911448888,14.251640327,1.7116344e-08,4.1415655e-09,1.6637117953,2.7679369379,-0.062066079,0.1409666031,0.7973304417,-0.24467985
85725,1.4230100218,0.1623937084,-21.84341922,0.0407214137,13.890796711,1.1184878596,0.0408474343,0.2587605404,0.0771488664,0.0674810937,0.2678585909,0.0547532389,4.634037166,-0.590144772,0.0547532389,22.0,0.0660777372,0.0839813375,0.199248949,-0.014119026,0.0308402276,0.0794439492,-0.218280581,0.0834887947,0.1760154856,0.5615970901,0.0,0.9218832844,-0.111285303,0.7989616322,-0.173185028,1.7576180641,0.1159954312,0.0155473181,0.0,0.0,0.0,0.0,0.0,0.7759135426,3.0,0.034087488,0.0072552382,0.068910108,0.3158428404,2.2036156419,-0.743515347,-6739.416942,0.0256085935,12.120965621,-3.364008e-06,0.0035386168,0.0381409635,-0.028679664,0.0911986378,0.0519560183,0.0,0.0046885848,-0.356756219,0.0099094801,3.0,10.257621447,0.157428356,0.0,0.047523465,0.0152713886,0.0131211362,0.6620086884,0.4095475924,9.5430436e-08,1.4231754e-07,0.7133763667,0.5089058406,0.0885864296,0.0458329976,-0.203559005,0.0732063074
85645,0.5597338309,0.0660072427,0.4483439398,0.0324345934,0.7238035577,1.1355901205,0.1079973779,0.1354304636,0.2468543046,0.002978284,0.1567141558,-0.074585207,-1.382183908,0.1572413913,0.074585207,24.0,0.0086835168,0.0909090909,-0.03575455,-0.070554959,0.0089921478,0.0810502283,-0.094816314,0.0572847682,0.0849264706,0.4805255176,0.0,1.8155006859,-0.187227239,1.1865569273,-0.116704735,9.0030075188,5.921859545,0.1576950105,0.0,0.0,0.0,0.0,0.0,0.5205882353,5.0,-0.114581383,-0.051897704,-10.98919287,0.4070004611,-1.575034055,0.1158378052,-11084.75337,0.0426379215,15.548841619,-0.000928218,0.0166244012,0.0418143161,0.0440834506,0.0626968222,-0.020548252,0.0,0.0038197955,0.761873174,0.0086478363,7.0,16.007198185,1.329170442,0.0,0.0333906598,0.0149283785,0.0207280603,0.2686200339,1.4031312552,3.799613e-10,2.1676235e-08,0.7458247047,0.5562544902,0.0569962512,0.0286614231,-0.127248567,-0.010149049
85710,0.1652472601,0.0145131779,8.9232190244,0.0051141538,0.0189485303,0.0995707259,0.1447174593,0.1237013245,0.3368259078,1.0356087119,0.1711153119,-0.063802581,-0.765187704,0.0256184831,0.0638025814,24.0,0.0146412181,0.0371959943,0.1608128956,-0.275809027,-0.014577056,0.1592334672,-0.176916381,0.0950670236,0.1185086937,0.6931310626,0.0,9.6157118639,-0.103403464,7.9703483351,-0.107876098,1.0871030651,13.30204304,1.1525325346,0.0,0.0,0.0,0.0,0.0,0.3737140223,5.0,-0.146473772,0.0321314666,-0.000385683,-0.238215037,1.8768358455,0.0079045049,-11462.67179,0.0642905452,15.355521219,0.0033855819,0.0434303285,0.0482958462,0.0093181888,0.5462153852,-0.037667204,5.0,0.0006061218,0.4530937101,0.023959104,6.0,16.056148712,1.6090359242,0.0,0.0643377081,0.0307031483,0.038431186,0.307473534,2.1475585419,7.240123e-10,1.6145713e-08,0.8760500956,0.7674637699,-0.036185675,0.0398030867,-0.471978601,-0.091892872
85663,0.2714533839,0.0531558882,41.595080545,0.0,0.7957257281,0.5094603663,0.1051737801,-0.058091724,0.2547706906,-0.029114333,-0.12001321,-0.095987839,-1.986516854,0.1587509559,0.0959878386,23.0,0.0002714588,-0.044502618,-0.087798096,0.0527247794,-0.013206368,0.1988596579,0.0791893113,-0.02804428,0.1866840731,0.367080535,0.0,1.0671957672,0.273450758,1.0010582011,0.2777734761,42.227722772,6.4866920152,0.2022274532,0.0,0.0,1.0,0.0,0.0,1.1349869452,5.0,-2.960663517,0.0498009331,-0.259327049,0.1935841894,-28.75758037,0.1611439023,2144.9129257,0.03476008,16.944470911,0.0041322314,0.020823787,0.0802905379,0.016099272,0.015758889,0.2527165471,2.0,-0.00039894,0.3500876063,0.0047287699,5.0,17.811712469,2.0211091251,0.0,0.0351348072,0.0278872668,0.0359584936,0.3191914764,3.6418077845,8.535362e-11,1.0087661e-08,1.5773308357,2.4879725652,-0.000256843,0.0395374586,-0.350001007,-0.054879185
85883,0.9048218548,0.0700501249,-14.22780819,0.0363257279,7.6975192872,0.307677057,0.022863845,0.5048341879,0.0429104265,0.2997313952,0.5158308498,0.0008324482,0.0850795756,0.06409029,0.0008324482,23.0,-0.000383458,0.2045454545,0.2251674004,-0.300457223,-0.0286749,0.0631153305,-0.188060649,0.0064463965,0.4173603632,0.6067747443,0.0,0.9836230001,0.0094363793,0.9829944932,0.0104765113,0.5930094097,0.047392568,0.0120104965,0.0,0.0,0.0,0.0,0.0,0.3842448409,4.0,0.0021027664,0.0039998708,0.1894742251,-0.202345326,-1.114641999,-0.089280285,-6660.336222,0.0256085935,12.345173777,0.0003365711,0.0034464475,0.0348181288,0.0056330074,0.1070915732,0.0205412888,5.0,0.0094808731,0.4744763044,0.006910625,1.0,10.03391169,0.0994758015,0.0,0.032108441,0.0122844681,0.0173349007,0.7197550651,0.3791954937,1.1913807e-07,2.2598152e-07,0.5299016139,0.2807957204,0.2215024175,0.0433776929,0.0446648455,0.0732063074
92878,0.9494451602,0.1001978188,-6.04317212,0.0168301882,10.11556534,0.3728044072,0.0247855345,0.3168650923,0.0414772802,0.0010962241,0.3347797317,-0.004176345,-0.405713451,0.1408494216,0.0041763451,15.0,0.0,-0.005208333,0.0687527545,-0.276972955,-0.023272256,0.0589044461,0.0550428789,0.0007091921,0.1521186817,0.6289054918,0.0,0.8947901352,0.0269866096,0.8947901352,0.0269866096,0.2246796908,0.0510656348,0.0123177544,0.0,0.0,0.0,0.0,0.0,0.4229101892,5.0,0.0440310833,0.0016003836,-0.020279563,-0.157722021,-0.317998574,-0.012521153,-6739.010862,0.0256085935,11.879752832,0.0002739724,0.0025809538,0.0333333333,0.0130784932,0.3673675474,0.1078600493,1.0,0.0055773892,1.8051689623,-0.028127734,6.0,10.131039414,0.1194686693,0.0,0.0146342684,0.0083645823,0.012033241,1.5923349656,1.6451193253,3.5830359e-07,1.5260467e-07,0.5358760073,0.2871630952,0.4898533587,0.0478841984,0.041230902,0.0732063074
92557,1.2903269894,0.2620453115,-18.07504288,0.0,2.3346772816,4.6636313937,0.1667823171,0.0734009602,0.5042254092,-0.004405286,-0.110224173,0.0098240329,0.0643972177,0.4986503571,0.0098240329,22.0,0.030425651,0.0895652174,0.4238524932,0.3523848723,-0.103260861,0.1032103846,0.1030351061,0.091428021,0.7188893946,0.4446047663,0.0,1.5207820197,-0.090619025,0.4316964286,-0.211445705,58.529373928,12.662043694,0.2619786732,0.0,1.0,1.0,0.0,0.0,2.1451524807,5.0,-0.157507524,0.0405275699,0.0224459801,0.7421145446,1.1584571425,0.3999592175,-2957.463366,0.4405899556,11.68070177,-0.006458514,0.0357912112,0.1045467241,0.1661598387,0.0220272223,0.0790105054,0.0,0.0450336557,2.7712742496,0.1437888378,3.0,11.937681983,0.9659776055,0.0,0.0479798391,0.028137402,0.0433719708,0.9280001665,2.2035430647,8.8411407e-08,3.9875061e-08,1.1450147798,1.311058846,-0.125704846,0.1106701549,0.1883682774,-0.183850483
85751,0.8568683361,0.1142344782,-2.535595997,0.0355711827,6.5654115908,0.2986960546,0.0440692115,0.1444477509,0.0440740547,0.0052941884,0.1501311715,-0.001222099,-0.074393648,0.1227327978,0.0012220985,24.0,-0.000769469,0.006993007,-0.01023755,0.0345618586,0.0808307121,0.1231237323,0.120268561,-0.001445742,0.1026967969,0.7343403336,0.0,1.0062360121,-0.022528884,1.0041876916,-0.021363091,0.118491222,0.0744723033,0.0206625053,0.0,0.0,0.0,0.0,0.0,0.3678462932,5.0,-0.055951386,-0.004110681,-0.031191546,-0.060682633,-0.919655212,-0.034321208,-8427.92491,0.0253456805,12.298476145,-6.9605e-05,0.0034577066,0.0295736442,-0.004464517,0.3396299479,0.0002249558,0.0,-0.001403962,-0.170729429,-0.008938155,5.0,11.362100723,0.2493779597,0.0,0.0125714261,0.0099111252,0.0127245473,0.9717527379,1.8191182263,1.0518252e-07,1.2480338e-07,1.2236382645,1.4972906024,0.0785222848,0.0399817066,-0.037248683,0.0732063074
85656,1.3867740992,0.1421496604,-8.824491644,0.037559098,14.878609538,0.682534233,0.026260526,0.3441115108,0.0456781741,-0.007310459,0.3762397149,0.0046423382,0.4631996642,0.0763059854,0.0046423382,22.0,0.0065092159,0.0495495495,0.1659362753,-0.186221814,0.0864261278,0.1201252937,0.1269988092,0.0069497014,0.0748883863,0.6779931213,0.0,1.0911035408,0.09770737,1.0807421866,0.092235136,0.414333408,0.0530835519,0.013009861,0.0,0.0,0.0,0.0,0.0,0.4284453114,5.0,0.0816349795,0.0038210179,0.0344783201,0.2796069179,-0.627613116,-0.077064589,-6691.234542,0.0256085935,12.92944013,0.0004530067,0.0028271485,0.0286530686,0.0153171345,0.2186218123,0.0126468033,4.0,0.0072595281,-0.438859036,-0.000151716,3.0,11.676997742,0.2692604891,0.0,0.0403726324,0.017465871,0.0276176088,0.2996197863,0.4272601727,2.2594828e-08,8.453592e-08,0.6954620326,0.4836674387,0.0406974123,0.0476092967,-0.119058469,0.0732063074
88183,1.1827208567,0.0544084912,-9.104062373,0.0252910132,11.197164499,0.5430752903,0.0220627735,0.1628306818,0.045043661,0.0046153846,0.1739265739,0.0122980919,2.6023380961,-0.087180798,0.0122980919,22.0,0.0121218286,0.0336700337,-0.009720535,-0.129679083,0.0080390852,0.0613260142,-0.012595922,0.0123813642,0.0673220598,0.6019994365,0.0,0.9010275141,-0.032823631,0.8875225348,-0.046641293,0.4466235459,0.0650612815,0.0073367229,0.0,0.0,0.0,0.0,0.0,0.4327599402,2.0,-0.007150081,0.0010509194,0.0185988042,0.0755536754,-1.057614546,-0.240551373,-6776.563602,0.0256085935,11.798230857,0.0001791269,0.0014966925,0.0159095457,0.0092126214,0.1405156653,0.0159157609,1.0,0.0072480994,-0.819677871,0.0054014921,1.0,11.058086272,0.2663004382,0.0,0.0367346779,0.0138033374,0.0137100061,1.0964407185,1.2609826723,2.148853e-07,1.151446e-07,0.7930698299,0.6289597552,0.1948398857,0.0445406717,0.2755942963,0.0732063074
85744,0.3615539009,-0.326848112,0.673677636,0.0,0.4611002603,0.6581085155,-1.613403954,0.7544002166,0.0803095947,0.4312393888,0.8159769971,-0.020464674,-0.040433797,-0.313632402,0.0204646743,23.0,0.0043583694,0.0033444816,0.0145832993,0.0221969087,-0.033331576,0.150189087,0.075910401,0.0190676054,0.6816772479,0.8588327803,0.0,5.4302352849,0.8222523029,5.124364887,0.9083543839,1.0599533053,14.911771757,-0.889559748,0.0,0.0,1.0,0.0,0.0,0.0826812343,3.0,51.982165097,-0.129182619,-0.077561288,0.5589534464,-0.189824235,3.7998659814,-7428.119121,0.0357482652,10.336159471,0.0,-0.119040889,-0.416469813,0.0126420137,0.5656484778,-0.029533592,1.0,-0.083892617,7.4685388111,-0.107481955,4.0,10.869994661,10.594413233,0.0,0.0885700434,0.0459390753,0.1015547165,0.7799651391,4.0369942434,2.5898249e-07,2.8836236e-08,1.4809481232,2.1932073437,-0.012633188,0.0970492087,0.0553985295,-0.145662284
85753,-0.056615891,0.0331863593,21.067008768,0.0,0.1285733997,0.0515193134,0.6854996155,-0.046978736,0.6101518385,-0.027802767,-0.055919529,0.046786465,0.1039468001,0.0297367435,0.046786465,23.0,0.0,0.0424311927,0.0271105442,0.5538448148,0.0035976681,0.1804647106,0.0104777332,-0.028677315,-0.067043823,0.7415169363,0.0,1.2318687398,-0.070101632,1.2318687398,-0.070101632,1.0841069597,154.01168736,0.2649473168,0.0,0.0,0.0,0.0,1.0,-0.698666532,5.0,-2.792432054,0.135835947,-0.172393239,-0.134485086,-28.17397466,0.0321296899,9956.6146557,0.03476008,16.789743177,0.0181997907,0.0899413109,-0.1104695,0.000717231,0.6603936613,0.0040620531,1.0,0.0001463343,0.5251489113,0.0334860645,4.0,17.328251483,1.1865291281,0.0,0.0258440226,0.035695829,0.0241760162,0.3928563627,3.9149213566,1.397433e-10,1.9244581e-08,0.4365142744,0.1905447118,0.086536534,0.0288995701,-0.215338898,-0.054879185
85768,0.3652025449,0.0700344626,10.903950227,0.0,0.4181134373,1.6219866684,0.1188082729,0.3676783319,0.5517636942,-0.001444878,0.4381233865,0.0428271107,0.4283647107,0.0400341703,0.0428271107,24.0,0.0861033041,0.3055502575,0.290242481,-0.001824287,-0.004082634,0.2585877979,0.198563126,0.1573908886,0.22109822,0.4734164021,0.0,1.5538510911,0.014213604,1.1945378691,-0.085304614,66.500454447,4.683744452,0.260985337,0.0,0.0,1.0,0.0,0.0,1.0882557454,4.0,-0.004652042,0.0592892957,0.1130097328,-0.070491632,-10.61660264,0.0234803218,-3926.114293,0.1816823856,13.319718666,0.0092644792,0.0314388278,0.0685824327,0.161948163,0.0301387124,-0.011784156,2.0,0.0085464783,0.050858838,0.0449265651,1.0,12.397871668,0.3318581233,0.0,0.0190037396,0.0415348204,0.0388808696,0.7524413448,2.2627719062,1.8324602e-08,6.5791572e-08,1.1266625019,1.2693683933,0.0493677308,0.0475004482,-0.35654429,-0.081003489
85724,0.6282265139,0.1405315636,0.5038772297,0.0,0.1871546733,0.7767286222,0.4502389469,0.2042423716,0.9606106024,-0.001268692,-0.013351127,-0.084203162,-0.447126751,0.203366985,0.0842031616,23.0,3.02878e-05,0.175,0.0949651428,0.2517764338,-0.000271747,0.2038492293,0.7023918362,0.0077259967,0.2889252136,0.6701069095,0.0,4.4989741367,0.295980693,4.4932331551,0.2963989604,1.6749049615,14.45303333,0.8345203787,0.0,0.0,0.0,0.0,0.0,1.3340729663,6.0,-0.318118819,-0.020800201,0.0705323137,0.2607476579,0.2002559997,0.1596584016,-1636.71736,0.0777638582,13.55278024,0.0245162347,0.0353106932,0.045254982,0.0065809437,0.5750538905,0.0134878774,1.0,0.0066287879,0.8157348725,0.041181393,6.0,14.265191611,1.5516557864,0.0,0.0179794542,0.0136099545,0.0222735459,0.2176510871,1.3932671198,2.1619024e-09,1.7569338e-08,1.1747350685,1.3800024811,0.010854586,0.0428246215,0.1419245467,-0.114609465
85738,0.405352256,0.0169455534,17.373171584,0.0,0.128637792,0.2523632197,0.0562217523,0.2138279776,0.2581690176,0.0098533874,1.0846213087,-0.019744482,-0.56738766,0.0265602514,0.0197444822,24.0,0.0244244231,0.2244478685,0.1599101191,-0.224478213,-0.058104415,0.3441971913,0.035103453,0.0717815635,0.0717527066,0.2802522253,0.0,4.263938524,-0.154190234,2.7944013844,-0.229525856,8.1166911164,3.1673202435,0.3705610487,0.0,0.0,1.0,0.0,0.0,0.2994084276,3.0,-0.981053078,-0.005652788,-0.500444537,0.2622671683,-2.488113957,0.1450250438,-15181.15828,0.0740556467,14.984139064,-0.001596315,-0.003651918,-0.004810847,0.0073681803,0.0487528841,-0.05607571,0.0,0.0002108815,0.140863295,0.023723837,6.0,16.234503232,2.0452204671,0.0,0.0200155303,0.0196130285,0.0318565821,0.4272836937,2.8970699497,8.673218e-10,1.8726189e-08,0.7360304058,0.5417407583,0.0361388788,0.0488506515,0.3974522137,-0.091892872
14604,1.1947550631,0.1106765089,-11.2906789,0.0396571343,9.678350402,0.4176366037,0.0191854226,0.1650186016,0.035972217,-0.023416351,0.1794812061,-0.002920624,-0.266607617,0.1401837093,0.0029206239,9.0,9.88967e-05,-0.058823529,0.0208846001,-0.10183389,0.0324673453,0.0745243915,-0.063177777,-0.00025128,0.0597538544,0.6214010851,0.0,0.9767831857,-0.011515885,0.9760852287,-0.011493566,0.4854114079,0.0515042513,0.0138555022,0.0,0.0,0.0,0.0,0.0,0.297792716,4.0,0.0651781793,0.0015837292,-0.073894759,0.0875878818,-1.167066493,-0.013186866,-6610.387242,0.0256085935,12.782736783,4.41963e-05,0.0030342899,0.0279970821,-0.002033292,0.1115151421,0.1783769787,1.0,0.0023971438,-0.631575291,0.0095847487,5.0,12.014733907,0.324874512,0.0,0.0355287567,0.0131613777,0.0218978826,0.465647571,0.6771953057,2.3433052e-08,7.1737801e-08,0.6330064226,0.400697131,0.0565888098,0.036794351,0.0104130257,0.0732063074
85792,0.4361467239,0.0447369103,15.682024799,0.0030664536,0.4065412857,1.1247249348,0.0735291717,0.0079923838,0.2263772189,-0.028519247,-0.053426592,-0.080141404,-1.504459196,0.1120417663,0.0801414039,23.0,-0.000627258,-0.111662531,-0.078799828,-0.025309718,0.0727625977,0.1661402112,-0.009185954,0.0315861791,0.0725599537,0.4111133152,0.0,1.6779495136,-0.008797743,1.6543485417,-0.008316018,60.263439038,3.5336147985,0.1795466421,0.0,0.0,1.0,0.0,0.0,0.4545573504,6.0,0.0132810539,-0.104465831,-0.262052229,-0.048046586,0.2057944258,-0.053484586,6753.5594373,0.1804201449,16.629380915,-0.001068526,0.0199946196,0.0388623613,0.0210384442,0.159082351,-0.019998196,2.0,0.000175716,0.5264052286,-0.025741853,4.0,17.606802494,2.0903538864,0.0,0.0227957405,0.0252027616,0.0309455399,0.3151823525,4.2245170095,6.883117e-11,9.6989114e-09,1.0739539317,1.1533770474,0.0058791337,0.0381718246,-0.298931498,-0.081003489
85966,1.0382842527,0.0849020572,-7.94097005,0.0273066286,11.637553369,0.6204569046,0.0273570866,0.1640987704,0.0474522425,0.0,0.1694669365,0.018851049,2.6160812526,-0.137208623,0.018851049,23.0,0.0256128848,0.0162162162,0.1474915277,0.0586876281,0.0216384335,0.0874478015,0.0854298278,0.0273936804,0.1071368366,0.5550020261,0.0,0.8887543278,0.0671776328,0.8518055372,0.0337449796,0.4705186751,0.0824374437,0.0097613648,0.0,0.0,0.0,0.0,0.0,0.5509708366,3.0,0.0385020152,0.0040693086,0.0011449868,-0.068882929,-0.359203366,-0.290579198,-6736.450292,0.0256085935,12.616273287,-0.000296684,0.0031802579,0.0380069982,0.0210793077,0.0704442961,0.3278214555,1.0,0.0123523093,-0.656535206,0.0109963408,3.0,12.09090021,0.514196899,0.0,0.0165619086,0.0088302343,0.0198527161,0.517545478,1.882616878,7.4999306e-09,3.0614005e-08,0.6067099789,0.3680969985,-0.05653166,0.0392005692,-0.290380852,0.0732063074
85886,0.5141706879,0.0450597388,2.4236819821,0.0067672431,0.3062801713,2.0930295133,0.0828232132,0.0832551862,0.4468061045,-0.006642627,0.1147657658,0.0201433087,0.3526764099,0.0291682319,0.0201433087,23.0,0.0165933668,-0.004216175,-0.081468521,-0.19037138,0.0094492884,0.1829392937,0.0726832492,0.0214523089,0.065317623,0.6395391585,0.0,2.5097294455,-0.001414007,2.0981505288,-0.005489945,27.079504469,4.239281465,0.1929383689,0.0,0.0,0.0,0.0,0.0,0.7009736955,4.0,-0.045852862,-0.480409642,0.0154695696,1.5512862095,-0.63504033,0.0416486417,-2446.468571,0.0624291911,14.07783934,0.0031425228,0.0194371611,0.0301169973,0.0854710299,0.0884956101,0.0005837489,2.0,0.0013627072,1.1493886961,0.062865596,5.0,12.972797871,0.3416200302,0.0,0.0366482548,0.018320522,0.0286509675,0.2481707831,0.4295141964,5.4608891e-09,6.0116513e-08,0.7160860349,0.5127792094,0.0525790162,0.0430241936,0.08378013,0.1631852225
85889,0.1812730692,0.0054827711,14.957046565,0.0,0.0705332561,0.136048295,0.0271316834,0.1530489503,0.5491902846,0.0166032768,0.4455022807,-0.061383495,-2.632050979,0.0199137043,0.0613834955,24.0,0.0043703816,0.0513513514,0.1082813291,-0.212276564,-0.012633987,0.2464873174,0.1067324672,0.0323649141,0.0689023692,0.3923665413,0.0,2.3563642462,-0.486000908,2.1296327352,-0.501090975,2.7048109082,4.5884868852,0.2657702109,0.0,0.0,0.0,0.0,0.0,0.7048414788,5.0,-0.86431871,-0.005641699,-0.075230632,88.029036016,-10.25221426,-9.211317135,-4164.501804,0.0103945171,13.200903537,-0.006760961,-0.001630935,-0.00205209,0.0018478634,0.1997512745,0.0477818627,1.0,0.0026978417,1.4244621311,-0.138263818,5.0,12.955709386,0.6608291637,0.0,0.0346330777,0.0220391804,0.0365655885,0.2749449247,0.768464484,1.4310843e-08,4.3607613e-08,1.0195398744,1.0394615555,0.1009062452,0.0457435774,-0.34599411,0.0069773022
88384,1.5565070688,0.0486105429,-8.80823801,0.013288438,14.43470946,0.8150301845,0.0232283222,0.1290327079,0.0479639627,0.0030854173,0.1418244577,-0.004033946,-1.251200591,0.1094320828,0.0040339461,22.0,-0.00038946,-0.035714286,-0.072864322,-0.243670733,0.0283373731,0.0671121627,0.0489157143,-0.002294805,0.0227733988,0.6380484609,0.0,0.9381382541,0.0452072426,0.936925028,0.046030702,0.4802857143,0.0710978204,0.0063747535,0.0,0.0,0.0,0.0,0.0,0.4463940152,6.0,0.0037388187,-0.002090881,-0.050785515,0.4493398875,-1.276195879,-0.043938492,-6819.923134,0.0256085935,11.171092699,0.0001090345,0.0008838941,0.0094280114,-0.00668845,0.0787491612,-0.223775025,0.0,0.0064028762,0.7019393337,0.0179712106,2.0,10.469838311,0.2785726032,0.0,0.0166667141,0.0079174726,0.0103281506,0.898952394,0.7797176879,1.6078883e-07,1.2653696e-07,0.5485383295,0.300894299,0.2297342198,0.0500402835,-0.044494462,0.0732063074
88203,0.3102986599,-0.006577598,4.0478429195,0.0,0.1421183296,0.2600786051,-0.027297557,-0.024357074,0.4033934004,-0.002586614,-0.022281396,-0.053639706,-3.735472044,0.0179928367,0.0536397055,23.0,-0.017705288,0.1693548387,-0.152724202,-0.084716773,0.0408071862,0.5175714717,-0.012198371,-0.014871155,-0.025304805,0.4826998745,0.0,2.7512217146,-0.036469812,2.5773531287,-0.004090863,1.8714567083,3.3317011384,0.054930121,0.0,0.0,0.0,0.0,0.0,0.5875782608,3.0,0.107858587,-0.058452787,0.1317731618,-0.093163638,-0.634766959,0.0002788585,-15537.57435,0.0642905452,13.2454598,-0.002319143,-0.002751688,-0.004085566,0.0011151651,0.2865575884,-0.003658516,2.0,0.0085197018,0.0405417394,0.043171986,4.0,14.300648381,1.5103487336,0.0,0.0540166683,0.0323736994,0.0458268212,0.3413975933,1.665389168,1.0215463e-08,2.2623731e-08,0.7404641213,0.5482871149,-0.006520145,0.0691424645,-0.069687456,-0.091892872
86444,0.2788656613,-0.100633675,2.7950878553,0.0,0.0475505015,0.0044816519,-0.644545731,2.7496665555,-0.822468601,0.8434210397,-0.432459743,0.0338382154,0.0695146355,-0.107629188,0.0338382154,26.0,0.0,0.3789473684,0.8018477997,-5.127236911,-0.66632903,0.148864627,-0.152390859,0.0025077804,10.67693475,0.8117526937,0.0,11.297439217,2.8364113239,11.297439217,2.8364113239,0.0180034642,0.3887431809,-1.499461271,0.0,0.0,0.0,1.0,0.0,-6.469352964,4.0,58.487444997,0.1091250999,0.2980415983,0.4762652068,-0.432292629,4.0058691951,-5868.996501,0.0357482652,13.334850404,0.0,-0.101663958,-0.118313886,3.65158e-05,0.7371561679,-10.58979164,1.0,0.0069832402,1.4470758506,0.0633969628,1.0,15.338551341,4.1335816149,0.0,0.0654205754,0.0443121764,0.0627298628,0.2911864297,3.8370675347,3.0845893e-09,6.5039133e-09,0.5449054824,0.2969219847,-0.232759483,0.252161614,-0.666105204,-0.145662284
86102,0.396175506,0.11371835,2.2595616608,0.0723863689,0.2393279201,0.5046348475,0.2865657546,0.0961145793,0.2382552067,-0.017787401,0.0958732539,-0.023789575,-0.143634102,0.1300521831,0.0237895746,23.0,0.0,0.0876232202,0.0914722653,0.0534338448,0.112933438,0.1705898516,0.0821011842,0.0180838463,0.0919224416,0.2981544604,0.0,2.167457788,0.0840625052,2.167457788,0.0840625052,3.2528828056,13.667547469,0.5422633638,0.0,0.0,0.0,0.0,0.0,0.4276208128,7.0,2.0286105568,-0.010464026,-0.119397723,2.2747876803,-0.456262068,0.5448263871,-8023.143876,0.0642007103,14.775010698,-0.004873421,0.0348967309,0.0614167807,-0.012013525,0.1795789066,-0.021067461,1.0,0.0006153846,0.2003112855,0.0023647519,6.0,15.466251554,1.5552476745,0.0,0.0358629189,0.0185152385,0.0278449709,0.3309213601,2.6375531608,8.668489e-10,1.5034745e-08,1.3030025396,1.6978156181,-0.004681408,0.0387758303,-0.306757478,0.06707331
86111,0.0410440492,0.0169510369,47.213340389,0.0202217267,0.4256609309,0.0806292223,0.0699741077,0.1035451946,0.1305348398,0.0032513717,0.1722587789,-0.048665465,-1.295871288,0.0389173989,0.0486654649,23.0,0.0,0.0300696736,0.0608419192,-0.056056571,0.0066412196,0.0913831022,-0.000982908,0.0415545213,-0.190271789,0.2841406735,0.0,0.7948570647,0.7080182919,0.7948570647,0.7080182919,4.320135382,10.65381558,0.0908352475,0.0,0.0,1.0,0.0,0.0,0.9481346679,5.0,0.2248154661,0.1096307487,-0.067262289,87.656494929,-11.5961234,-9.211317135,96246.218088,0.0109914292,18.515654201,0.0002918321,0.01225779,0.1256473532,0.0036518543,0.0611151495,-0.722254861,0.0,0.0015447798,0.0672118698,-0.017355529,6.0,18.555890503,0.8656630498,0.0,0.0340843536,0.0182135021,0.0236003902,0.2273400005,0.8889094912,2.98874e-11,2.7192428e-08,0.5675939374,0.3221628778,0.1292581612,0.033446026,-0.253632092,0.0069773022
87014,0.9342944552,0.0962940327,-39.34325217,0.0331638996,7.815796829,0.3664764404,0.0281358704,0.2416988232,0.0466243018,0.0067386326,0.2592703807,-0.001576387,-0.129302562,0.1087450978,0.0015763873,23.0,5.88179e-05,-0.001949318,0.0034889603,-0.387666344,0.0188194863,0.1181097825,0.039290486,-0.000334256,0.111906494,0.5702744591,0.0,0.9580919955,0.1312812042,0.9577220352,0.1313372142,1.8888079869,0.055233627,0.0153226463,0.0,0.0,0.0,0.0,0.0,0.3910147598,6.0,0.0326046379,-0.000355429,-0.017020547,-0.172872726,2.1480048663,-0.044625477,-6507.529682,0.0256085935,12.701136198,6.31325e-05,0.0032410894,0.0296453461,-0.000495316,0.1226784836,0.0372915431,0.0,0.0020593081,-0.370642678,0.0220730816,7.0,11.908381295,0.4349728225,0.0,0.0264484081,0.0167697637,0.0242000649,0.5290189294,1.3222694383,2.1974968e-08,5.6804001e-08,1.2518682375,1.567174084,0.0197953636,0.0396629708,-0.050418321,0.0732063074
85860,0.995175116,0.0503358187,-18.07920362,0.0384595876,8.4542682154,0.3713882056,0.0161632544,0.138168679,0.0283728103,-0.018653083,0.1576269811,-0.007720928,-1.361456912,0.118865867,0.0077209275,23.0,0.0006446706,0.0024660912,-0.068777672,-0.140435461,-0.116184487,0.0705979459,-0.178184916,0.0002418271,-0.004048198,0.6267913264,0.0,1.0990942157,-0.05133235,1.0983106477,-0.052008675,0.808110513,0.0491198397,0.0072951167,0.0,0.0,0.0,0.0,0.0,0.2357440625,4.0,-0.059511117,-0.001862928,-0.012605138,-0.111992065,-0.993983775,-0.034504708,-5929.266642,0.0256085935,13.928980629,0.0003317707,0.0034080741,0.0296620629,-0.001916988,0.0287686873,-0.00684786,0.0,0.002621232,-0.247552746,-0.001995114,4.0,14.306425555,1.0226464944,0.0,0.0257452652,0.01170349,0.023998125,0.27369886,1.1635372915,2.4809658e-09,2.9120517e-08,0.9733004554,0.9473137765,0.1060634487,0.0340103348,-0.097180856,0.0732063074
85863,0.3165899839,0.018657996,4.1741447492,0.0029702373,0.1733948354,0.4342060258,0.1052395015,-0.032412434,0.4217549447,-0.019375083,-0.072397019,-0.058272982,-1.555960857,0.0476891074,0.0582729819,23.0,-0.017141682,-0.18258427,-0.17799517,-0.105718204,-0.014795516,0.0977079854,0.2118694153,-0.030836157,-0.009016749,0.6230976926,0.0,3.3578485837,0.1294263931,2.350776842,0.1680312396,3.1740200442,5.5495965294,0.1643658698,0.0,0.0,0.0,0.0,0.0,0.668531188,5.0,-0.143519961,0.0034339578,-0.165605963,-0.269337613,-0.431106679,-0.063483501,-9795.165137,0.2179887911,15.457477086,0.0042031223,0.0351213757,0.0540180065,0.0167115992,0.2078699809,-0.001418656,1.0,0.0028171953,0.158175508,0.0321801733,6.0,15.995706519,1.4044547657,0.0,0.0219168793,0.0222150425,0.0271292801,0.4208301909,3.4035521866,4.678475e-10,1.9554512e-08,1.0180450099,1.0364156422,0.0150620643,0.0360039471,-0.161462489,-0.182618162
15057,0.275443041,-0.354056081,3.9561464531,0.0,0.0818844527,0.223744806,-1.534020094,0.2712282867,-0.853128181,0.4555706786,-0.413248091,-0.06972591,-0.062858743,-0.331800561,0.0697259104,10.0,0.0677847659,0.6557377049,2.6767932489,-5.127236911,-3.740690866,0.2791005291,0.2471694972,0.0832378097,0.9436866037,0.7579309149,0.0,3.4529339853,0.6226279336,3.0342298289,0.508451748,1.3772692601,3.2196861626,-3.008841634,0.0,0.0,0.0,0.0,0.0,-2.002098636,6.0,4.5165496846,0.4976148015,0.523862742,-0.10751791,0.013457419,-0.305668696,-6614.590319,0.1086739101,9.4860308465,0.0,-0.193795337,-0.289389274,0.0675844136,0.4546715683,-0.099042146,0.0,-0.041187384,0.6788903203,-0.051797433,4.0,10.873784205,1.9009796778,0.0,0.0418302864,0.0258084255,0.0570236935,0.5315334522,2.9140249256,3.3803262e-07,2.0098905e-08,0.404492848,0.1636144641,1.0024877383,0.1677183176,-0.485717235,-0.049938477
87501,0.8379167688,0.105384603,-2.902105735,0.0380104253,8.3922791883,0.3186168006,0.0306938099,0.2770999193,0.0398850525,0.0027562749,0.2975647936,-0.000174068,-0.013591911,0.1068169811,0.0001740682,23.0,0.0007417006,-0.024725275,-0.046723111,-0.078508511,0.0329539121,0.05634161,-0.016016218,0.0007656724,0.1028836294,0.6891913728,0.0,0.9587681476,0.0204697314,0.9552211859,0.0206636901,0.116365715,0.0645927575,0.015329551,0.0,0.0,0.0,0.0,0.0,0.3794241938,6.0,0.0338603884,-0.002802849,-0.039796504,-0.269250413,0.6083049756,-0.046553594,-6589.373382,0.0256085935,12.610612326,4.94276e-05,0.0024487553,0.0290149345,-0.005204962,0.4376832673,-0.015574444,0.0,-0.00124533,0.1142654018,-0.001086188,6.0,11.774220953,0.4085264981,0.0,0.0189099088,0.0084552456,0.0158029312,0.4462902637,1.2808044232,1.5378525e-08,6.4440875e-08,0.7960236496,0.6336536507,0.0047879248,0.0306654519,0.1670460905,0.0732063074
87508,1.0300019884,0.0335104032,-0.957865302,0.0,0.4662808635,1.035109592,0.0385246799,-0.021102483,0.3316718095,-0.051368421,0.0758392764,-0.159333786,-7.844769404,0.296391789,0.1593337865,23.0,0.0,0.0335714286,-0.025739729,0.3377230976,0.0084590859,0.294389046,0.0798209139,-0.008522374,-0.073540381,0.6291057779,0.0,2.3673808408,-0.082352532,2.3673808408,-0.082352532,1.6294615042,2.8895143894,0.2402379755,0.0,0.0,1.0,0.0,0.0,0.4907777853,6.0,12.979346409,-0.005739655,-0.282036164,1.052536757,-8.592629915,0.5441562656,-13983.47032,0.0371991411,10.658114041,-0.001167788,0.0021707503,0.0034400732,0.0150285134,0.3337907503,-0.110559637,0.0,-0.010290843,0.7463783101,-0.145842213,5.0,8.9594208409,0.2040344797,0.0,0.0385674536,0.0246410457,0.0383716427,0.9648043909,1.2389801567,8.541172e-07,1.0100338e-07,1.0828861277,1.1726423656,-0.018886761,0.0680649021,-0.202797292,-0.054879185
88820,1.2205542859,0.0606477397,-7.780544663,0.0087526136,12.418800985,0.5268008271,0.0144373243,0.1365192975,0.0302847124,0.0025360596,0.1461978656,-0.001901507,-0.401954795,0.0850253895,0.0019015072,22.0,0.002629744,0.1233183857,-0.033377803,-0.022957528,-0.0485547,0.1248303167,0.1425945174,0.0022761481,0.0465996363,0.6396797636,0.0,1.0357216087,-0.039584419,1.0290477254,-0.042089396,0.3482356327,0.0528462801,0.0060952665,0.0,0.0,0.0,0.0,0.0,0.311647725,3.0,-0.049040898,-0.001145349,0.1082471562,0.1133871046,0.2273859969,-0.068345185,-6443.739642,0.0256085935,13.252138743,-2.7861e-05,0.0024467824,0.0263176955,-0.004082519,0.098747413,0.0037563257,0.0,0.0017985612,0.5136122942,0.0075154193,2.0,13.375595688,0.6615677735,0.0,0.02715756,0.0146531927,0.0309776996,0.243634947,0.6522865622,8.2414495e-09,4.193193e-08,1.6484907763,2.7175218395,0.0271509616,0.0398655006,-0.125273213,0.0732063074
88951,1.3406947264,0.1652457097,-15.30198338,0.0200385201,10.414900682,0.805264989,0.0396039926,0.1119504917,0.0611831175,0.0012239902,0.1040455508,-0.003725493,-0.251690294,0.2068364511,0.0037254929,22.0,0.00336392,0.0230414747,0.2678986892,0.1773576551,-0.027099482,0.0706808751,0.1913717511,0.0039010743,0.1774406263,0.5362091214,0.0,0.8344326783,-0.039006593,0.8124533325,-0.040406586,1.1752638777,0.107401111,0.0184654569,0.0,0.0,0.0,0.0,0.0,0.5680674397,6.0,0.0409170596,0.0161036191,0.0079702452,0.2335275451,0.5221405077,0.0534658763,-6792.370962,0.0256085935,11.618413744,-0.000367432,0.0038987005,0.0353537972,-0.059988021,0.113225159,0.0676685483,1.0,-0.011816131,-0.819677871,0.0111602891,5.0,9.533119314,0.2223238792,0.0,0.0477371663,0.0185802656,0.0347653516,1.2793229535,1.6718663231,1.0242556e-07,4.9646399e-08,0.5094771559,0.2595669724,0.242135963,0.0571243559,0.1709538647,0.0732063074
15840,1.0317360319,0.1173788864,-7.474132374,0.0360143704,13.255454713,0.7190395567,0.0271100676,0.1680801581,0.0394716458,0.0,0.1759477978,-0.00149925,-0.16935722,0.1372578483,0.0014992504,10.0,-0.000973358,-0.008752735,0.2453623101,0.0439468505,0.0380396187,0.0631303012,0.1660416511,0.0005639481,0.0756226097,0.6607637082,0.0,0.9794808518,0.1437587644,0.9782598861,0.1458560862,0.4154269789,0.0684012075,0.0113522772,0.0,0.0,0.0,0.0,0.0,0.5033276116,7.0,0.0581187685,0.0092187262,-0.023823965,-0.075431149,-1.047095941,-0.016112727,-6702.513072,0.0256085935,12.415080761,0.0002798001,0.0028381986,0.0363489612,0.0140714767,0.0955130529,-0.033476646,2.0,0.0081066268,-0.646991357,-0.004573844,4.0,10.875845926,0.1390314454,0.0,0.0139596108,0.0097172205,0.0233210527,0.6506940909,0.4212907178,6.0436165e-08,1.7137266e-07,0.4171278255,0.1739956228,0.6018208048,0.0505971387,0.0277902774,0.0732063074
90603,0.6972325132,0.092179322,-5.625021509,0.0237719893,6.1280300562,0.2923563242,0.0268194069,0.1113021745,0.0333191386,-0.000133923,0.1105523046,-0.007019356,-0.493709334,0.1376891137,0.0070193557,18.0,0.0,-0.046594982,-0.059192013,-0.135222698,-0.026403855,0.068346998,0.4942120515,-0.000304203,0.1179366616,0.7020503171,0.0,1.064013569,0.0036871746,1.064013569,0.0036871746,0.2901055348,0.0555339349,0.0162651852,0.0,0.0,0.0,0.0,0.0,0.328110805,5.0,0.0180139111,-0.002068116,-0.061666212,-0.409934668,-1.330075246,-0.015681461,-6121.992602,0.0256085935,13.80960753,0.0009017664,0.0046889224,0.0467736136,0.0020515006,0.181047319,-0.049436059,5.0,0.0022495501,-0.017373223,0.0036879871,5.0,13.979040394,1.10881552,0.0,0.0321575925,0.0156047547,0.026935093,0.2949373429,1.6861131718,2.1423141e-09,1.8405756e-08,1.0970005316,1.2034101663,0.0473844208,0.0384600005,-0.068255977,0.0732063074
86302,1.0873534771,0.0664184478,-3.560368968,0.0584781138,7.6321756558,0.3017947846,0.0272503234,0.1276689923,0.0337219243,0.009247406,0.1481761402,-0.005212283,-0.645542367,0.1092943698,0.0052122833,22.0,0.0001479944,-0.06162465,0.0489853044,0.0233726819,-0.067617129,0.1014849348,-0.421861416,0.0064621582,0.0020478301,0.6469015626,0.0,0.9471570469,0.0893709238,0.946723018,0.0892576833,0.141806055,0.0622919062,0.0105418647,0.0,0.0,0.0,0.0,0.0,0.2402931813,4.0,-0.007173138,4.40048e-05,-0.076695879,-0.019813704,12.351543013,-0.044076205,-6344.146852,0.0256085935,13.427995144,0.0002945655,0.0027041865,0.0235121108,0.0047924537,0.2967868216,-0.019458682,1.0,0.0017196905,-0.290621151,0.0217025671,3.0,12.968311443,0.5544010589,0.0,0.0359333791,0.0156099097,0.0238449739,0.3121315018,0.899862348,6.1047525e-09,3.7381104e-08,1.2457318428,1.5518478242,0.0182330303,0.0394153081,-0.057759473,0.0732063074
87614,1.191372275,0.0897182325,-25.40546114,0.0397085616,10.763618865,0.4304378751,0.0164904769,0.142009758,0.0309294741,-0.00035645,0.1527805087,-0.003822189,-0.477641782,0.132571409,0.0038221887,22.0,-0.000135091,0.0274566474,-0.025878715,-0.193065473,-0.033591154,0.0748157568,0.7437602464,-0.000237512,0.0531131465,0.5949750264,0.0,0.9637147035,-0.052169902,0.9635079122,-0.051967123,1.0217038765,0.0463776456,0.0096847193,0.0,0.0,0.0,0.0,0.0,0.2862065209,4.0,-0.003672682,-0.001077273,0.012385418,0.0842050937,-0.306085895,-0.020799166,-6234.514642,0.0256085935,13.788800379,0.0004827056,0.002837831,0.0279774965,0.0024671755,0.0810812729,-0.023005084,0.0,0.0017016449,-0.324553069,-0.042461613,5.0,13.368117734,0.5825975095,0.0,0.0335655324,0.0150804951,0.0270987456,0.4108411282,1.2777356299,4.6205953e-09,3.9559745e-08,1.0802272373,1.1668908841,0.0163638072,0.032831935,-0.158466246,0.0732063074
14175,1.266570516,0.1032123237,-23.39823629,0.0180314539,11.695345569,0.5084435049,0.0241441612,0.1273426513,0.03261854,0.0006779661,0.1314223269,-0.006248472,-0.74039415,0.1796301243,0.0062484718,11.0,-0.002439346,-0.015463918,0.0162364643,-0.086846417,0.0093538803,0.0790691054,0.0217428829,-0.003675031,0.0910167829,0.6088508107,0.0,0.9593704636,-0.023805148,0.9573430828,-0.020460041,1.0314539674,0.0498652824,0.010659411,0.0,0.0,0.0,0.0,0.0,0.3230575115,5.0,0.0451173859,0.002501121,-0.030535147,0.1594033347,-1.260539005,0.0262595495,-6719.272722,0.0256085935,12.352402935,0.0004089009,0.0029174614,0.0313980055,-0.000426452,0.0646173331,0.0155077493,0.0,0.0008136697,0.1197411951,2.48672e-05,3.0,10.415326405,0.3001473622,0.0,0.0296052173,0.009189454,0.0168645408,0.8951248613,1.9210794002,1.665982e-08,4.7485142e-08,0.6905561106,0.4768677419,0.1183764842,0.0347803889,0.0194632025,0.0732063074
85992,0.0327603322,0.013056421,30.503411543,0.0,0.0368936682,0.0877569884,0.438599654,0.2501698995,0.8501285326,0.0011031092,0.0717996878,-0.128078253,-0.614912884,0.0210849824,0.1280782532,23.0,0.0,0.0,-0.051099686,-0.137215714,0.0015564677,0.1811921496,0.3298691623,-0.007217705,0.5385161444,0.6672343966,0.0,1.6957601048,0.3271070715,1.6957601048,0.3271070715,2.8644732664,5.2790161691,0.4037052271,0.0,0.0,0.0,0.0,0.0,2.2244127694,6.0,-2.929458721,-0.328303976,-0.214824431,-0.045108862,-28.93701299,0.0234779288,-7916.523484,0.03476008,15.924454212,-0.008170636,0.0771668032,0.1725300071,0.0020061866,0.4792011402,-0.000951329,3.0,0.0011108933,0.3001962958,0.0641609716,6.0,16.085287535,1.1629854971,0.0,0.0301331934,0.0208311255,0.0342813223,0.293694279,1.6256284886,4.486207e-10,2.2401397e-08,1.2614571299,1.5912740905,0.0281536951,0.0430568084,-0.603666778,-0.054879185
85972,0.5334778067,0.0625490535,-0.596766644,0.0188742094,0.8920035602,1.2975170346,0.0700227949,0.0473836506,0.2603315937,-0.015611004,0.0417267774,-0.055243265,-1.23050557,0.1395160122,0.0552432647,23.0,0.0,0.0667522465,0.1262888539,0.0200180566,-0.112219574,0.0693971528,0.2478713417,-0.001929702,0.0569807485,0.4730974289,0.0,1.0991300698,0.0234949791,1.0991300698,0.0234949791,11.129737067,3.0400538197,0.109045042,0.0,0.0,0.0,0.0,0.0,0.6958447745,7.0,-0.004669186,-0.044697076,0.0283705908,0.2100196571,-0.053579069,0.0372266575,-10892.22553,0.8462205999,13.316665645,-0.000390783,0.0204592824,0.0553249996,0.0199396057,0.0371102854,-0.009677542,0.0,0.0033219247,2.0548078617,-0.174606346,2.0,13.278964335,0.7979743172,0.0,0.0188263226,0.0106138939,0.020655208,0.4147160774,1.5437925701,4.4926644e-09,2.9722227e-08,1.190318216,1.4168574554,0.0847789228,0.0528225978,-0.6211471,0.0635717044
86047,0.6351138934,0.0923404713,-0.325045426,0.0026524762,0.7286873442,1.3792409266,0.1150138431,0.0695746989,0.3004045264,0.0084051411,-0.013685344,-0.08888625,-1.277274367,0.2102845883,0.08888625,23.0,0.0157834089,-0.020236088,0.246243569,0.1147247851,-0.042108523,0.1878825227,-0.080979049,0.1316792369,0.1843218473,0.6242682594,0.0,1.6207850078,-0.141801402,1.3948762412,-0.169931892,6.0647483483,5.2465857021,0.3155753324,1.0,0.0,0.0,0.0,0.0,0.6856389775,6.0,0.2047951219,0.2217964303,-0.057817765,0.2316515959,0.1197397793,0.19257061,-12705.04307,0.0642905452,15.342499657,0.0002854017,0.0324822519,0.0708051841,0.0536684163,0.1370761854,-0.056141227,2.0,0.0145592795,0.435448916,-0.038528439,5.0,15.194950167,0.8341129481,0.0,0.0618220903,0.0280635368,0.0406818103,0.2019438597,0.7769551757,1.167751e-09,2.7704995e-08,1.486032969,2.208293985,0.0115530872,0.0559214408,-0.225900488,-0.091892872
90544,0.9853745473,0.1096237058,-27.71295499,0.0307461495,9.8852545022,0.4727264227,0.022637886,0.2924461575,0.042049235,0.0429526956,0.3103712528,-0.004847659,-0.426323182,0.1563588328,0.004847659,18.0,-0.001092221,0.0835509138,0.0861797247,-0.166122787,0.0025190936,0.0841187518,-0.138967084,0.0045184257,0.1364847193,0.5930013295,0.0,0.9621016077,-0.071702573,0.9553264287,-0.06856558,1.3537434736,0.0567610415,0.0145398122,0.0,0.0,0.0,0.0,0.0,0.4079083321,4.0,0.0130406758,0.0008023454,0.0684796844,-0.121792634,-0.639161921,0.002988258,-6589.851282,0.0256085935,12.758575338,0.0001455786,0.0037396109,0.0388252799,-1.572e-05,0.0601629946,0.1042992587,6.0,0.0040799674,0.7621385856,-0.012262237,6.0,11.663544522,0.258333986,0.0,0.0800472721,0.0219961121,0.0244227216,0.466813189,0.4554423847,2.921469e-08,1.0094473e-07,1.0018678967,1.0037392825,0.0334744251,0.0386075174,0.1198757569,0.0732063074
86062,0.4033110631,0.0267625401,2.1288888889,0.0,0.390658167,1.0968063091,0.0256850365,-0.037149203,0.8840601656,0.0026307136,-0.122311577,-0.040372351,-1.220839813,0.0594353146,0.0403723514,23.0,0.1162312281,0.061302682,0.0233786408,0.2490129934,0.0029911219,0.798894264,0.194800198,0.101958409,0.0627330555,0.5049677605,0.0,1.6450201088,0.1850011126,1.2469836764,-0.0213878,9.5374592834,4.4281633339,0.1791832669,0.0,0.0,1.0,0.0,1.0,1.9132485194,8.0,-2.538547799,0.4662671453,-0.153521749,0.3254418686,-28.55060742,0.061828261,-14574.26722,0.03476008,10.012770594,-0.007397931,-0.03081048,-0.06574325,-0.227496466,0.1811330298,-19.13333333,0.0,-0.030013622,-0.820649912,0.0040181656,5.0,11.1818918,1.6618827536,0.0,0.0382513292,0.0223106809,0.0404921256,0.6896606989,1.6322196728,5.9770798e-07,4.0503703e-08,1.0559719619,1.1150767843,0.3997961373,0.0871876878,0.0589658225,-0.04399803
86026,0.4231950538,0.0128607561,8.1974841406,0.0114716152,0.2027697605,0.5346400029,0.0551254258,-0.048611111,0.2643654684,0.0035906643,-0.177123113,-0.081780755,-4.083623693,0.0653792443,0.081780755,23.0,-0.017165585,-0.05,-0.211590564,0.0301902582,-0.031194148,0.1817457154,-0.098681656,0.0123229847,0.0281981492,0.3708118649,0.0,2.2432646593,0.0801694813,1.3716323296,0.0793114131,11.33048433,5.3888888889,0.1482442139,0.0,0.0,1.0,0.0,0.0,0.4207947741,5.0,1.3668278959,-0.179492269,-0.228004559,0.1793431151,5.9369593132,0.1521266073,-3514.855541,0.0232852488,14.676338299,-7.4421e-05,0.0160076618,0.0240345111,0.0534784633,0.0597694988,-0.028580359,1.0,0.0005936832,0.5288495386,0.0251357914,5.0,14.361350497,0.6665054738,0.0,0.028690638,0.0161375212,0.0264364309,0.3346039987,1.0337021597,1.9945303e-09,3.3780152e-08,1.0623554422,1.1285990857,-0.001204397,0.0329622449,0.1240777022,-0.24467985
86051,0.4708058048,0.0080622634,1.4433457346,0.0004407105,0.1078869278,0.2374383874,0.0039417202,0.3380941934,0.1549503244,0.0328558771,0.4166149018,-0.010061067,-0.811303274,0.0146032041,0.0100610673,23.0,0.0090499817,0.0870445344,0.1453949265,-0.145025966,-0.005323771,0.0365629325,-0.336691158,0.1093177046,0.0256789963,0.6089146663,0.0,4.2103134997,0.0237453239,2.8919513756,0.2427810339,1.3091485681,3.8830930858,0.2048513874,0.0,0.0,0.0,0.0,0.0,0.1867558434,6.0,0.232858443,0.0568306757,0.0494628575,0.0673435073,-0.139726852,-0.003110774,-15965.2802,0.0642905452,12.442790859,-0.003317049,0.012281677,0.0190206374,0.0256294937,0.1561443692,-0.083023817,0.0,-0.00120048,-0.132514301,-0.093053287,5.0,12.288859183,0.701007326,0.0,0.0329860374,0.0223697212,0.0437780228,0.320457782,1.0992497451,2.3767131e-08,3.551236e-08,1.636775567,2.6790342568,-0.03152321,0.0771383076,-0.10644621,-0.091892872
86113,2.7991601235,0.0013810247,-10.47805226,0.0,4.0427525796,5.7924122556,-0.0028836,-0.015335253,0.147857612,0.0059339525,-0.028838863,-0.032549614,-45.71560737,0.2536153254,0.0325496137,23.0,0.0012347722,-0.074856046,-0.140980441,0.1192685481,0.1095365022,0.049504782,0.1055544536,0.0679980799,0.0017013233,0.5492710071,0.0,0.8880288657,0.0821322924,0.8350695455,0.0735076633,13.947743468,6.2943509487,0.0702787829,0.0,0.0,1.0,0.0,0.0,0.2834188496,6.0,0.7154790058,-0.146996483,-0.078864326,3.2192794004,-0.473613766,0.0700117101,-11509.14916,0.0260918659,9.2611855809,0.0,0.0124872967,0.0254967059,0.3082196296,0.0522431738,-0.012710998,3.0,0.0133148771,2.0765918275,0.1460899496,1.0,8.7108791245,0.4811435523,0.0,0.0636363775,0.0216516705,0.0328546345,1.2628298739,4.2132238539,9.9185326e-07,4.062877e-07,1.0496579369,1.1017817844,0.0805714385,0.066763199,-0.252558987,0.1163368332
86048,0.3264627704,0.0130805705,4.9037326863,0.0211953904,0.1197017027,0.5549266944,0.1414773919,-0.006142411,0.3831419207,0.0078978323,-0.079524599,-0.198902351,-6.805314438,0.1020979659,0.1989023506,23.0,0.0,-0.083989501,-0.152192076,0.1893242568,-0.087399795,0.2160011574,0.4192034566,-0.017461997,0.0237839173,0.4361839051,0.0,1.9929053022,0.1072034074,1.9929053022,0.1072034074,4.8424224042,7.306180975,0.1878659108,0.0,0.0,0.0,0.0,0.0,0.5384771898,5.0,-0.350911372,-0.028086607,-0.089750246,0.1558756573,-0.727808401,0.0574563781,-5029.317866,0.0915965863,13.517993389,0.0096162181,0.0389494055,0.0563232961,0.0239207992,0.2504683952,0.0374883194,0.0,0.002038736,0.2336615107,0.0147480181,3.0,13.456771433,0.8298842585,0.0,0.0252525415,0.0140038796,0.0207346535,0.2396228807,1.330044682,2.5654017e-09,2.1686777e-08,1.1298526735,1.2765670638,0.0617633236,0.0349842971,-0.162863729,-0.049938477
86128,0.5618531047,0.1463718327,0.8795746021,0.0,0.3899977884,1.9486685838,0.2688577717,0.2998817261,0.8683986849,-0.001875314,0.290723989,-0.245523912,-1.412462334,0.3531165331,0.2455239123,24.0,-0.075168439,0.5357142857,0.3666551192,0.1199907893,0.2696431195,0.049410766,-0.30305487,0.0579954831,0.3063151492,0.5325150875,0.0,2.0610650237,0.1159947612,1.1411508883,0.5146836294,9.285919385,38.673258233,0.4607527021,0.0,0.0,1.0,0.0,0.0,1.470411531,7.0,0.0439723656,0.2356666507,-0.043000827,0.2760184186,0.1344926017,0.352901786,-6906.195086,0.405178827,13.705129952,0.0049295838,0.0343335878,0.0573108625,0.0600186943,0.2204672844,-0.048164665,0.0,0.0051525144,1.204431494,0.0645836829,5.0,14.974900544,3.9434485107,0.0,0.0971301422,0.0346487899,0.0521749065,0.2743762545,7.6467857167,1.1477667e-09,4.2782288e-09,1.6569063514,2.7453386575,0.1205235539,0.0650340995,-0.121681936,0.0086816377
88341,0.9202111167,0.100717346,-7.711313963,0.0219784092,11.296733187,0.5474871752,0.0243563438,0.1612693424,0.0416440606,0.0325047801,0.1634473309,-0.003630962,-0.409850976,0.1419964485,0.0036309621,21.0,0.0026448131,0.0408163265,0.0662577024,-0.030657097,0.0344415983,0.0655362981,0.2010114617,0.0006966018,0.1351814183,0.6496982133,0.0,1.0686546604,0.0051631879,1.0541967872,0.0040904707,0.4094835537,0.0612324192,0.0111087779,0.0,0.0,0.0,0.0,0.0,0.5404561971,5.0,0.0001877263,0.0049589438,0.0257450971,-0.186956065,-0.732959633,-0.011374126,-6733.698642,0.0256085935,12.057230444,0.0001581056,0.0033915245,0.0424606053,-0.002499189,0.0689839025,0.0005741028,1.0,0.0054551486,-0.335105657,0.0189391162,5.0,10.514148403,0.2439561565,0.0,0.0359968282,0.0134871876,0.0148903717,1.3737057254,2.0985483329,1.7051014e-07,8.8623759e-08,0.4941880395,0.2442218184,0.1122493861,0.0438917669,-0.068804086,0.0732063074
86211,0.1484673065,-0.00201985,46.579286196,0.0,0.2449825321,0.1290553763,0.0932944586,0.5990163337,0.4375874864,-0.052293397,1.2366180406,-0.051333588,-8.126395534,0.0143942509,0.0513335877,23.0,0.0,-0.166527546,-0.011498436,-0.216973314,0.0191029512,0.0977936383,0.1341721678,-0.009947947,0.0874746096,0.1808774321,0.0,0.9544916637,-0.65818515,0.9544916637,-0.65818515,7.9121611613,2.4210947769,0.0058701524,0.0,0.0,0.0,1.0,0.0,0.7850927818,3.0,-3.025745883,-0.054439563,-0.381351977,0.070598112,-28.89177237,0.0167871974,-10873.26449,0.03476008,15.011195988,-0.018346369,-0.013769458,-0.466758806,9.78123e-05,0.0194639152,0.0141979259,1.0,0.0008471646,0.0792640673,-0.026933865,4.0,17.641485015,9.5045711021,0.0,0.0566283129,0.0465139472,0.0663731667,0.2080707989,9.1029641932,2.642183e-10,2.9622701e-09,1.4442926971,2.0859813948,0.0571535215,0.0848311612,-0.592805301,-0.054879185
89279,0.7020875007,0.1111730427,-7.157187569,0.0497218286,8.7921511224,0.4580016808,0.0272836202,0.2527654563,0.0520166981,0.0017889088,0.2641695035,0.0202057905,1.551503319,-0.061312302,0.0202057905,22.0,0.0252188444,-0.039800995,0.141988137,-0.004722829,-0.001219853,0.0947131505,0.2415706032,0.0272467328,0.1256072269,0.6493683449,0.0,0.9357921436,-0.04662618,0.9033693988,-0.070183017,0.3894072488,0.069161405,0.0163936053,0.0,0.0,0.0,0.0,0.0,0.6320170372,1.0,0.049596308,0.0043957192,-0.054872224,-0.405079681,-1.419206152,-0.214682877,-6760.429842,0.0256085935,11.828670075,0.0001218866,0.0036815156,0.0476525793,-0.005563678,0.1142049546,-0.011514484,2.0,-0.00154779,-0.579845249,-0.003817929,3.0,9.4985200635,0.0916370107,0.0,0.024146352,0.0099601057,0.0122708521,0.7467670157,0.2727618072,2.281319e-07,2.838122e-07,0.8339108899,0.6954073723,0.2018941471,0.0477394366,-0.014892958,0.0732063074
87318,0.9454314392,0.1007356874,-5.31520216,0.0215845317,7.5251844933,0.3319446497,0.0294537948,0.2368616707,0.0356343323,-0.043951746,0.2665891087,-9.1712e-05,-0.006973385,0.1014381561,9.17115e-05,22.0,0.0034812586,0.0467479675,-0.04314902,-0.067043673,-0.005405427,0.1210621294,-0.176565749,0.0035371002,0.0421699851,0.6593916917,0.0,1.0374000879,-0.035726191,1.0272586208,-0.03794953,0.2435263309,0.0569471833,0.0154923228,0.0,0.0,0.0,0.0,0.0,0.2690115992,4.0,0.0269053217,-0.003272614,0.031676738,-0.161735742,-0.538795974,-0.051932419,-5563.096642,0.0256085935,14.294955478,7.47059e-05,0.0039786627,0.0333826826,-0.007744348,0.2158321607,-0.014152327,0.0,0.0029565217,-0.305232379,-0.000480204,4.0,14.417686124,0.9743349958,0.0,0.0259572882,0.015173824,0.0268264083,0.2677586221,1.4365318462,1.3242938e-09,1.9094664e-08,1.2727435716,1.6198761991,0.023654243,0.0415159256,-0.171031943,0.0732063074
92919,1.3283719003,0.1427526837,-20.13311286,0.0410515785,13.509384008,0.6901628065,0.0232235077,0.1541148857,0.0447246099,8.92857e-05,0.1593953774,-0.001444531,-0.140120168,0.1627552136,0.0014445311,20.0,0.0008465388,-0.091304348,0.0527008681,-0.149710042,0.0469009311,0.1484015172,0.2844075067,-0.000647848,0.1030239777,0.565861611,0.0,0.8895365907,-0.016130558,0.8845579749,-0.016089474,1.021411806,0.0652908669,0.0141653239,0.0,0.0,0.0,0.0,0.0,0.4774534264,6.0,0.1049545001,-0.000661536,-0.106375577,0.221204719,-1.12852056,0.0093846388,-6690.234092,0.0256085935,12.473205595,0.0001588975,0.0024691723,0.0270438974,-0.004710199,0.1085000881,-0.013299571,0.0,0.0,-0.301867264,-0.004130888,4.0,11.691740478,0.5080355797,0.0,0.1186056584,0.0281019652,0.0249298764,0.6032443916,2.0363945468,9.4936647e-09,3.0877612e-08,0.9138308956,0.8350869058,0.0489479909,0.0410140971,-0.006095696,0.0732063074
86158,0.2494848446,0.0320489944,10.290198238,0.0110513774,0.1401452796,0.3833907007,0.1681808578,0.0443717601,0.3731177487,-0.032846715,0.174642995,-0.115132671,-1.369971264,0.0759551959,0.1151326712,23.0,0.0,-0.01025641,-0.007805517,0.0478731529,-0.012926585,0.2438162544,0.0748112991,0.0190693656,-0.01687534,0.3765688708,0.0,1.9353107345,-0.241488382,1.9353107345,-0.241488382,6.1130690162,4.8847169258,0.3450173041,0.0,0.0,1.0,0.0,0.0,0.5463618218,4.0,-2.965613434,0.0509752426,-0.225080841,0.1716156501,-28.2350402,0.0783481423,28835.206656,0.03476008,17.557053081,-0.004737318,0.032325153,0.0485497546,0.0128592604,0.1400301764,-0.012944195,3.0,0.0001347527,0.7219751846,-0.020884575,6.0,18.01585191,1.2110222945,0.0,0.0156324599,0.017759311,0.0242124543,0.2708878563,1.494514719,5.575628e-11,2.1156664e-08,0.8723109573,0.7609264062,0.147066548,0.0307144116,0.0648392368,-0.054879185
87067,0.8043936289,0.0975407184,-24.61659969,0.0483694675,7.6852910509,0.3424226081,0.0223373571,0.1413575819,0.034755481,0.0046793284,0.151496966,0.002000437,0.1633307531,0.0816093194,0.002000437,22.0,0.002878083,0.0408163265,0.0258293839,-0.110367206,0.0730518974,0.0815015963,-0.104029149,0.005955638,0.0527886009,0.484885662,0.0,0.8401115466,0.0571537496,0.8364207955,0.0528570734,1.1563201923,0.0652088178,0.0146977889,0.0,0.0,0.0,0.0,0.0,0.3383496151,4.0,0.0472868362,0.002524485,0.0257450971,-0.302773552,0.0386158228,-0.071761255,-6597.480642,0.0256085935,12.645649431,0.0002333858,0.0036785185,0.0384958681,0.0020353627,0.0477962643,-0.049284959,1.0,0.0059905845,-0.531101432,-0.012745007,4.0,11.664611851,0.300958254,0.0,0.0146407345,0.0116132019,0.020911967,0.3925394967,0.6306023062,1.9923246e-08,7.3337209e-08,0.8148324589,0.663951936,0.0794060788,0.0374754542,-0.102656442,0.0732063074
14778,0.7670441596,-0.650395655,-0.64260366,0.0165457753,5.2661543312,2.9285391279,0.0566591227,-0.127098054,0.1010803056,0.0040607531,-0.043291693,-0.138222974,-1.381811568,0.2483285849,0.138222974,17.0,0.0,-0.20416079,-0.139241739,-0.008370002,-0.181349483,0.1255424229,-0.204815382,0.0167060617,-0.458746995,0.2743498976,0.0,2.346417057,0.0405917834,2.346417057,0.0405917834,4.4616419758,6.3331514139,-0.091326856,0.0,0.0,1.0,0.0,0.0,0.3177644466,3.0,0.493622743,0.0357327858,-0.41988825,5.2761053013,-0.188415987,-1.503811892,-16716.87704,0.0456208962,11.844790642,0.0038274251,0.0176202381,0.4343639483,0.0728860171,0.0439701741,-0.004295099,2.0,0.0053557766,0.1732068354,0.0495628472,1.0,11.496729716,0.4348557817,0.0,0.0330578201,0.0220588212,0.0369526141,0.6200850234,1.292216471,7.5766754e-08,5.0901629e-08,1.1920821119,1.4210597616,0.0257716708,0.0634621897,-0.474885541,-0.071440083
86288,0.147554822,0.006234715,8.148805382,0.0,0.0422750233,0.0455404473,0.1146950728,0.7943552467,0.36547564,0.0748881859,2.4346231988,-0.048095132,-1.140229298,0.0133437198,0.0480951317,23.0,0.0,0.0956882638,0.1852514683,0.0583108786,0.0314703388,0.4974964372,0.3644942323,0.0111168022,0.5783914872,0.5720542368,0.0,11.753096569,1.0293697392,11.753096569,1.0293697392,0.4417086982,15.959932274,0.3460698613,0.0,0.0,0.0,0.0,0.0,0.4071960449,5.0,-3.027566812,0.008242783,-0.119136167,0.0696856275,-28.2038065,0.0157366662,21831.278576,0.03476008,17.04266538,0.0012185676,0.0090881159,0.0116340436,0.0021682389,0.5274744521,-0.117179243,1.0,0.000232396,0.4812359482,-0.094920843,6.0,17.588523984,1.4205447242,0.0,0.0621770211,0.0262632961,0.0345088872,0.2366714691,1.1811192549,1.6881e-10,2.1655182e-08,0.731793376,0.5355215451,-0.018841632,0.0436282845,-0.267766643,-0.054879185
86228,0.2763445736,0.0315044345,151.68883266,0.0172245088,0.4868073552,0.3307314162,0.0850159677,0.0330720602,0.1766106208,0.0,0.0262516394,-0.06524162,-1.555417701,0.0805069895,0.0652416204,23.0,9.97446e-05,-0.027777778,-0.014156164,0.0388168856,0.0281786409,0.1272778088,-0.008364143,0.0387368959,0.0450469316,0.2477527183,0.0,0.6668711656,0.2725363476,0.6409728309,0.2679611008,265.80104712,7.6440563126,0.1427201345,0.0,0.0,1.0,0.0,0.0,0.4512083959,5.0,0.6996312557,0.0307229483,-0.031786058,-0.163401023,-0.111503996,-0.103096626,19181.153442,0.0260918659,17.562669611,0.002656847,0.0146433632,0.0399052208,0.0094883289,0.0016414984,0.0155615717,3.0,0.0004997501,0.5525770895,0.0322466786,5.0,17.447749486,0.9003400962,0.0,0.0191015396,0.0115057961,0.0175669914,0.2824048603,1.1215297155,5.381009e-11,2.9896781e-08,0.609106284,0.3710104652,0.0234870589,0.0258066891,-0.271676197,0.1163368332
89643,1.0699391799,0.0792544634,-19.23127462,0.0280400235,9.8806749068,0.4491740239,0.0206014778,0.1923498585,0.042569336,0.0080645161,0.1989934148,0.021160239,2.6878898901,-0.133772808,0.021160239,21.0,0.0262302775,0.0082644628,0.0527903469,-0.088730544,-0.024470155,0.0533475593,-0.038612088,0.0281266262,0.1343078689,0.5065248118,0.0,0.7949845848,-0.00713358,0.7556332409,-0.040323555,0.8806622354,0.0686473935,0.0104792714,0.0,0.0,0.0,0.0,0.0,0.4144799241,2.0,0.0120134004,0.0023386791,-0.006806767,-0.037228001,-1.186945811,-0.287143382,-6748.185642,0.0256085935,11.917317983,0.000521058,0.0031340493,0.0344240069,0.0132823463,0.051075224,-0.041252288,2.0,0.0075757576,-0.58788564,0.022722702,3.0,11.124594758,0.2442239859,0.0,0.0104414439,0.0102937462,0.0153187531,1.3248891071,1.5785067521,1.5063457e-07,1.1519734e-07,0.467499953,0.2185562061,-0.024876162,0.0390070966,-0.109487975,0.0732063074
86287,1.0923478191,0.1104470379,-10.97440063,0.0314719528,7.0915075587,0.4501825296,0.0311731774,0.0975044299,0.0512586563,-0.002244187,0.1006835768,0.0025129268,0.1779304711,0.0907951444,0.0025129268,23.0,0.0036857505,0.010989011,-0.025142072,-0.107659727,0.0631284315,0.1627020047,0.1859449658,0.0042730671,0.0773038454,0.6415415707,0.0,1.1180145023,-0.11954358,1.1065756835,-0.122635807,0.698764588,0.071403289,0.018964076,0.0,0.0,0.0,0.0,0.0,0.3769607612,4.0,0.0192498354,-0.00073645,-0.004082218,-0.014819362,-1.298092236,-0.06257543,-6121.891922,0.0256085935,13.518883431,-0.000355103,0.0032962928,0.0241181413,-0.040567402,0.1634303192,-0.015137502,0.0,0.0017769003,-0.737061286,0.0118144878,3.0,12.667811813,0.250420545,0.0,0.0177767985,0.0114054912,0.019783564,0.2313548301,0.2072999831,1.2571086e-08,1.237337e-07,1.0228427574,1.0462073063,0.009543522,0.0308739387,-0.435571898,0.0732063074
86233,-0.674497254,0.1942294086,-0.617075099,0.0239216367,2.8809505473,0.7662064537,0.052994012,0.0666812898,0.1436718579,0.2793449551,0.0177850656,-0.026958183,-0.233455882,0.2395734065,0.026958183,22.0,0.0006368075,0.1608695652,0.0233667144,-0.379476888,0.9614817705,0.7684210526,0.1965413534,-0.001316078,-0.06090776,0.4398356981,0.0,1.1092597651,0.0108189634,0.9322589456,0.0291209862,1.4099868594,7.25,0.0771394636,0.0,0.0,1.0,0.0,0.0,-0.191508053,7.0,1.7490942236,0.0640570219,-0.017134993,-1.094815877,12.351543013,0.3263207695,-5466.369451,0.0232852488,12.846847642,0.0012815036,0.0840990811,-0.155121592,0.0262266839,0.3513957307,0.0122896026,2.0,0.0654423176,1.1870915418,0.0548804551,4.0,14.802731948,3.5309753795,0.0,0.062278647,0.0492252793,0.0813349189,0.2613103813,4.0750718242,6.3770397e-09,7.6692632e-09,1.6523323616,2.7302022333,-0.006003101,0.1119461665,-1.357821455,-0.24467985
92935,0.263577041,0.0728084614,4.0153671625,0.0,0.1632192792,0.4324148159,0.257112286,0.3933611645,0.5551204374,0.0480698754,0.1746477726,-0.14029807,-0.706325769,0.1242349538,0.1402980697,15.0,0.0073475499,0.0434782609,0.494232198,0.6973355055,0.3202829572,0.0989404566,0.1011592292,0.0721331462,0.574954358,0.6475246649,0.0,2.6291610797,0.432906862,2.2727219728,0.6131353514,2.7523319048,7.8319327731,0.5563898511,0.0,0.0,1.0,0.0,0.0,1.0094664954,8.0,-13.65060243,0.0137393044,-0.187918728,-0.103846125,-1.586501708,-0.008150141,-12691.48436,0.0264525406,11.337828984,-0.005830274,-0.017777837,-0.028786708,0.0048043114,0.4584660622,-0.057141264,0.0,-0.00120919,-0.007629147,-0.024212562,4.0,12.066657134,1.4507805799,0.0,0.0415705107,0.0370680258,0.0579251501,0.4872749843,6.1523749078,3.2448224e-08,1.1166018e-08,1.0268887754,1.0545005571,0.2525002137,0.0718249036,0.0519382532,0.1163368332
86728,0.6742366422,0.1625364091,-0.888186255,0.0871741354,1.0218947784,3.9305462532,0.0770178974,0.0383484576,1.0806017807,-0.130197396,0.1042414722,0.0036020864,0.0368950647,0.1565396178,0.0036020864,22.0,0.0417124724,0.0511627907,-0.04007532,-0.056245532,-0.041365185,0.1617754654,-0.093964419,0.0827360425,-0.047772686,0.5755190707,0.0,1.327945728,-0.064880744,0.926939069,-0.132651372,6.5399766749,126.80653266,0.219991468,0.0,0.0,1.0,0.0,0.0,4.2493858845,3.0,1.4374152791,-0.143587474,-0.126841768,0.4303847035,5.7215171289,0.2432869807,-5707.930021,0.0232852488,11.075703866,0.0052343564,0.0458859273,0.1234619922,0.0235627668,0.4395528697,-0.001488443,1.0,0.0209199159,0.598561127,0.0648650192,5.0,10.964353355,0.5454700855,0.0,0.0616263859,0.0279286458,0.0364365947,0.7832956284,1.8561419502,2.2589214e-07,5.0813916e-08,1.595056578,2.544205487,0.1489833017,0.0715522583,-1.260437333,-0.24467985
86312,1.1773653882,0.1126855099,-12.42759594,0.0310121094,11.031741545,0.5073396112,0.0232657191,0.162894805,0.039040926,0.0060155697,0.1703205769,-0.001548559,-0.156030151,0.130267847,0.0015485589,22.0,0.0017364142,-0.034825871,0.0207735982,-0.087403665,0.0033733587,0.0881274086,-0.186232377,0.0043876208,0.0976375874,0.6506833403,0.0,0.9958470393,-0.041861383,0.9934247002,-0.043545484,0.5724188602,0.0523061325,0.0127674435,0.0,0.0,0.0,0.0,0.0,0.3821301307,5.0,0.0480202731,0.0033303602,-0.0498971,0.0701982069,0.5489277625,-0.023102728,-6769.652032,0.0256085935,11.929146004,-3.2489e-05,0.0024034814,0.0262168872,-0.003554326,0.1131090585,-0.157389405,0.0,-0.002940024,-0.046684098,-0.000115096,7.0,10.706531412,0.2233772234,0.0,0.0401721969,0.0139688268,0.0155483472,1.0101078458,0.5591644476,2.9592373e-07,1.9480795e-07,0.7371231769,0.543350578,0.1320135967,0.0369536447,-0.121878305,0.0732063074
86339,0.1378935618,0.0153911427,145.74970745,0.0315256077,0.4271479353,0.0851176832,0.0412065014,0.0080869543,0.1006578776,0.0360576923,0.0478761442,-0.0517708,-1.892992424,0.0445264593,0.0517707996,23.0,0.0,-0.039215686,0.0133610967,0.1922343361,0.0115263802,0.0743549431,-0.016215991,0.0510180201,-0.098007436,0.3188907088,0.0,0.5606907059,-0.105875286,0.5606907059,-0.105875286,15.531914894,10.017152659,0.09302488,0.0,0.0,1.0,0.0,0.0,0.3017446849,6.0,0.2952154176,0.1204364431,-0.136547649,87.753344442,-11.8473787,-9.211317135,65122.796288,0.0109914292,18.19998336,5.1565e-05,0.0089805763,0.0401698611,0.0017629561,0.0137678187,-0.052961182,2.0,0.000230787,0.6240728423,0.0592756113,6.0,18.179204532,0.8851470561,0.0,0.0240519345,0.0161170029,0.0220669564,0.2326574661,0.849554224,4.203164e-11,3.1016153e-08,0.4870774643,0.2372444563,0.2090378865,0.0351967532,0.0751693814,0.0069773022
15417,0.9370260736,0.0195792778,-1.186493808,0.0,1.2188930075,1.7891394741,-0.329201657,-0.170050324,0.2660103156,0.1792543835,-0.077193644,0.1803010443,4.9535809019,-0.416930766,0.1803010443,9.0,-0.019481354,0.2891156463,-0.008892872,-0.295504524,-0.228911458,0.1379274718,-0.415212268,-0.104723533,-0.268111716,0.6222616925,0.0,1.7677708238,-0.313689521,1.4799267287,-0.300598782,2.5074704959,4.12894888,0.0590272107,0.0,1.0,1.0,0.0,1.0,0.4551257128,3.0,-0.426750667,-0.009822577,0.1572406833,0.5540651228,-1.699588366,-0.390798901,-6630.832739,0.1086739101,9.1474584974,-0.026180883,-0.023834464,-0.046760772,0.16447423,0.3249149981,0.0311302633,0.0,0.1003437988,-0.186536616,-0.108787104,2.0,10.032905986,1.289152039,0.0,0.0409889556,0.0374448737,0.0857226937,0.5445111082,7.1771871074,4.2212655e-07,1.3668291e-08,2.0108578495,4.0435492907,0.0941190127,0.1504537431,-0.540770895,-0.049938477
14355,0.8446402596,-0.425074234,-0.31366521,0.0,0.4122459067,0.9494049323,-0.290200877,-0.140669762,0.0234614245,0.1177051935,0.3002628872,-0.100520667,-0.322591645,-0.287948837,0.1005206673,17.0,0.0260333652,-0.181818182,0.1048370092,0.1634244892,-0.216155999,0.1392741378,0.5752410129,-0.016497086,-0.263127944,0.5424334981,0.0,1.9464469619,-0.178509205,1.6240988671,-0.266739485,4.9779593388,7.4450127877,-0.905242236,0.0,0.0,1.0,0.0,0.0,0.019980399,3.0,0.025300163,0.1049320103,-11.08010196,0.6919068898,-2.3309842,-0.329352424,-16329.30691,0.0426379215,10.207162749,-0.000234412,-0.067758726,-0.097031613,0.0590919503,0.1781283284,0.0886959125,0.0,-0.198795181,3.3388834786,-0.155408438,3.0,12.545120643,5.6075511,0.0,0.1978704929,0.0794368573,0.1141698612,0.6774185518,15.052868937,9.5276279e-08,5.1941495e-09,0.9198007635,0.8460334445,0.0850214573,0.0989897693,0.3584290006,-0.010149049
86356,0.1036047831,0.0739576969,6.0601150026,0.0133833755,0.4582060458,0.2988274999,0.1123740635,0.062506878,0.4610432486,-0.140703518,0.0290773654,0.0065628001,0.0483870968,0.0703790987,0.0065628001,23.0,0.0,-0.045112782,-0.048981481,0.3624470899,-0.012405323,0.3256561328,0.0194038243,-0.020964015,0.2407665505,0.2651178146,0.0,1.7966016992,0.5522699764,1.7966016992,0.5522699764,2.6845269211,24.92961165,0.2028789489,0.0,0.0,1.0,0.0,0.0,2.8132404181,4.0,-2.857886063,0.1118497211,-0.259937213,0.0257355886,-28.35864957,0.0727720451,19772.706656,0.03476008,17.205485801,0.0,0.0088929391,0.0217424708,0.0055100654,0.1805379909,-0.003994587,0.0,0.0002870676,1.0039997368,-0.103994898,4.0,18.511189942,2.5588427925,0.0,0.0328466967,0.0182761859,0.0285983703,0.1957476682,1.9388359964,5.234498e-11,1.2428403e-08,0.866777844,0.7513038309,-0.024836783,0.0412679379,-0.701298374,-0.054879185
86868,0.8954741381,0.0999691944,-3.183408432,0.024720155,11.260469181,0.565403527,0.0214728253,0.1712643308,0.0210812433,-0.008291874,0.1825392069,0.0215093163,2.4513162068,-0.145086912,0.0215093163,22.0,0.0106169028,0.0574412533,-0.00786321,-0.206904122,-0.189952464,0.0748023754,0.064353518,0.0128866187,0.0716779237,0.623981801,0.0,2.0488627629,-0.083279711,1.356741579,-0.034067968,0.2027191912,0.1419771926,0.0115548558,0.0,0.0,1.0,0.0,0.0,0.1818952215,2.0,2.028314031,0.023249964,-0.14957969,2.7740863123,-0.606323905,0.2696872919,83726.071524,0.0642007103,18.464064813,0.0004699402,0.0038748575,0.0527824124,0.019274478,0.2944035254,-0.120338729,0.0,0.015580774,0.8270382342,0.0694347257,3.0,19.231428112,1.7852798248,0.0,0.0256186724,0.0195434863,0.0282818957,0.199771405,2.0286520563,1.542102e-11,1.2350651e-08,1.2289629681,1.510349977,-0.00241971,0.0276511985,-0.448572069,0.06707331
87658,0.1432062774,-0.100949844,7.5323086514,0.0,0.2768537122,0.2594643785,-0.067669981,0.6100314327,0.2865109677,0.3721649896,1.6427609428,-0.169664478,-0.572239693,-0.043182336,0.1696644782,22.0,-0.011732256,0.0833333333,0.1009503854,-0.495749445,-0.125573559,0.0997072986,-0.399165748,0.365295569,-0.082848591,0.6517420228,0.0,1.8455067994,-0.078295303,1.2581662695,0.261467413,2.8221753309,4.4717325228,-0.431463167,0.0,0.0,1.0,0.0,0.0,0.4712825436,1.0,-0.060578683,-0.145522361,0.0457516564,-0.26025602,-0.069759942,-0.060896314,-16253.50154,0.0642905452,11.0761319,0.0,0.0257985501,0.0868871,-0.009327074,0.1644225444,0.0033966854,2.0,0.0132743363,0.2988218146,-0.07177661,3.0,11.363472322,0.9613825291,0.0,0.0380953178,0.0371881439,0.0598224672,0.5761865539,2.5028829713,1.0524494e-07,2.8487655e-08,1.5803730643,2.4975790223,0.2326311511,0.1507715852,-0.545880867,-0.091892872
86435,1.9475299764,-0.962411785,-10.0146316,0.0625165003,15.643002585,5.2907282009,-0.074117908,0.2116349566,-0.060282473,-0.048352411,0.3655225121,0.0105462861,0.175925689,-0.73243807,0.0105462861,23.0,0.0,0.056022409,0.036178951,-0.811472989,-3.102764203,0.2655138753,0.3983970455,-0.000515684,-0.364035176,0.3215977045,0.0,2.8978834179,-0.271195809,2.8978834179,-0.271195809,3.4667016298,0.9263392328,-0.069299768,0.0,0.0,0.0,0.0,0.0,-0.316595159,1.0,-0.137328384,-0.040368141,-0.469892453,0.7168101731,0.3555531719,-1.015890379,-12945.0691,0.0397241163,9.135785579,0.0090176445,-0.018275478,-0.251803605,-0.226007799,0.099100823,-0.002422566,1.0,-0.198795181,0.1803276836,-0.035225556,1.0,10.233150965,1.4184409308,0.0,0.077829726,0.0712415075,0.1077079573,0.9316408929,17.720745774,4.4458223e-07,9.2438659e-09,0.6791590712,0.461257044,-0.060694516,0.075185241,-0.290434982,0.045344153
86432,0.9548251047,0.0823745039,-20.52485651,0.0270721783,4.3497592427,0.1986448707,0.0269005187,0.0582111476,0.0354898827,-0.022956114,0.0653725463,-0.001612711,-0.100995644,0.0906939699,0.0016127108,23.0,-0.000921579,-0.037169956,0.3324474337,0.2678125191,0.0678185792,0.0825100112,0.5517260545,-0.00095648,0.0267691202,0.4637699186,0.0,0.7779471948,-0.026516856,0.7758503758,-0.024708025,0.949309627,0.0641439172,0.0206970446,0.0,0.0,0.0,0.0,0.0,0.1913077484,7.0,0.1046349332,0.0094156058,-0.052241186,-0.152342077,-0.384880644,-0.062676605,-454.8860824,0.0256085935,15.611497835,-7.440297e-06,0.0035620574,0.0203776756,-0.003412637,0.0289115786,-0.002669545,0.0,0.0001405877,0.1497677438,-0.003023095,5.0,15.925266557,1.0756510671,0.0,0.0312828012,0.015451338,0.0225851514,0.3798109435,3.4159324278,3.282519e-10,1.7574188e-08,0.9756014692,0.9517982267,0.0144207753,0.0304065932,-0.159764865,0.0732063074
12380,0.4232692785,0.038610321,2.1681562111,0.0054956639,0.0929011028,0.1970092335,0.0837611805,0.0302446145,0.2585390504,-0.00677479,-0.086752097,-0.02369144,-0.312120476,0.0506613928,0.0236914397,21.0,0.0,-0.135802469,0.0483581196,0.2333612901,0.0140121027,0.2165042631,0.021511386,0.0011416593,0.0600573093,0.5359557287,0.0,3.1934200624,0.0482802164,3.1934200624,0.0482802164,0.872746157,4.0861700058,0.4652821279,0.0,0.0,0.0,0.0,0.0,0.3219419391,8.0,13.080077703,0.0181261696,-0.451410062,0.4458040471,-10.21905414,0.2984258695,-13929.89895,0.0371991411,11.411936472,0.0002761109,0.0172034807,0.0209787111,-0.006293498,0.4113265286,-0.327479255,0.0,0.0037098517,1.5900931796,0.1041072872,5.0,11.441623684,1.1953466695,0.0,0.052208785,0.0276060926,0.0486578852,0.4788423845,0.9554952049,1.5529879e-07,5.2317923e-08,0.7231450703,0.5229387926,0.0133813998,0.0708866093,-0.216454525,-0.054879185
87753,0.2504976887,-0.04357916,-2.691827978,0.0,0.989213933,0.4836596897,-0.04915204,0.3428849903,0.1198180637,0.4600993861,0.2217365536,-0.127575783,-3.16586373,0.0943865214,0.1275757828,22.0,0.0024405802,0.7450980392,0.1436473884,-1.104390288,0.0960164772,0.2627661416,-0.475506832,0.0395224172,1.2071881607,0.123938247,0.0,1.0886273398,0.0612305501,1.0858542888,0.0585272868,6.4362402714,11.261173184,-0.023141819,0.0,0.0,0.0,0.0,0.0,0.9746300211,6.0,0.1286764913,0.0184192747,0.7300268098,-0.856669493,-0.254649293,-0.058984053,-6808.927392,0.0256085935,11.195280935,0.0005755443,0.0018340271,0.0084003575,0.0519958728,0.0708348737,-0.063742049,0.0,0.0050675676,0.8664093448,0.0017476054,4.0,11.217205286,0.5369304462,0.0,0.0642857403,0.0280086237,0.0581352648,0.613007738,1.2129400843,2.1232147e-07,6.1903777e-08,0.858315956,0.7367062803,0.5695007831,0.1103221459,-0.618408014,0.0732063074
86489,-0.10776331,0.0669684849,151.68883266,0.0,0.4927355103,0.8932507272,0.2367139804,-0.007328393,1.0806017807,-0.091949501,0.0607370059,-0.174914502,-1.009217682,0.134554264,0.1749145021,23.0,-0.007101326,0.0453529937,0.0931508898,-0.502153946,2.11562e-05,0.1257802141,0.066238708,-0.034098677,0.4048585281,0.416667909,0.0,0.4037516749,0.0279474956,0.2909860531,0.2424496969,437.55715296,58.252172822,0.2018025843,0.0,0.0,0.0,0.0,0.0,-6.469352964,8.0,0.1241999209,-0.02044687,0.073212272,-0.807249954,-0.933147714,0.0598857109,309.3270576,0.1460543126,13.708781407,0.0009357571,0.0628686384,-0.133085434,0.0515993649,0.002071026,0.005012178,1.0,0.0083440308,0.5730168638,-0.00695131,8.0,15.602119354,5.9310739053,0.0,0.0644833595,0.0363529021,0.052460348,0.3805565709,19.571209201,7.425356e-10,3.2516954e-09,1.7878204744,3.1963020485,0.1978068337,0.0725066686,-0.330390211,-0.280901789
86544,0.4074254419,-0.447171243,1.9319262812,0.0,0.9809600198,0.9849391661,0.0508905992,-0.064505807,0.3160512038,0.0088790233,0.5218932228,-0.351385525,-1.128602063,0.0575071442,0.3513855254,23.0,0.0,0.2260869565,0.0515457312,0.0703589376,-0.043170912,0.4869379538,-0.682148739,0.0506675621,-0.514712167,0.2094652093,0.0,1.984532616,0.3340038999,1.984532616,0.3340038999,5.0075748531,19.071668561,-0.486128356,0.0,0.0,1.0,0.0,0.0,0.5115793727,4.0,1.4874356155,0.0429681838,0.0190660135,2.2860376161,2.0748652429,0.4722813481,-10126.58041,0.0642007103,13.771320398,-0.015069316,-0.024032556,-0.072686251,-0.001552277,0.1680699532,0.0065871468,0.0,0.007055805,1.2346160105,0.0993959252,4.0,14.479017074,1.9791878316,0.0,0.0306627527,0.0193252434,0.0318563688,0.3638834693,3.2921154619,2.6481765e-09,1.3464355e-08,1.6005579634,2.5617857942,0.010838057,0.0536264523,0.0781661873,0.06707331
86526,0.949127588,0.2549838456,-5.131288352,0.0,11.770740862,0.8816870823,0.0562406945,0.6773645867,0.0873163779,0.2209821429,0.7087354244,0.1298582421,4.9535809019,-0.73243807,0.1298582421,23.0,0.1223118156,0.416,1.1864642064,0.8366376565,0.1141342377,0.0744576901,0.9531605877,0.1667149322,0.3662848359,0.6902486535,0.0,1.2579649079,0.1110720964,1.0035649151,0.0559743206,0.4618032062,0.1143459944,0.0276821624,0.0,0.0,0.0,0.0,0.0,0.953163741,5.0,0.1215229359,0.0320545189,0.4009287706,-0.158039593,-0.707058573,-1.216650111,-6759.493482,0.0256085935,11.61601336,-0.00125576,0.0027033104,0.0340066245,-0.156660328,0.0503787577,0.0043075651,1.0,0.0122249389,-0.570076256,0.030859686,2.0,9.7942218359,0.1352657005,0.0,0.0285761692,0.0160813019,0.0109117349,1.5923349656,1.432382998,1.1966408e-06,1.1391436e-07,0.4877284625,0.2378790531,0.0275054605,0.0349657788,0.0511745626,0.0732063074
87069,0.6248664289,0.1000143868,-12.56664014,0.0101509882,8.566728085,0.2840396889,0.0217824279,0.3122203383,0.0350893933,0.0,0.3247762594,-0.001965883,-0.159176343,0.1159343112,0.0019658831,23.0,3.3014e-05,0.0376344086,0.0973307082,0.0043030751,0.0894456846,0.0483649526,0.0333005926,0.0005098989,0.1613213773,0.4269295144,0.0,0.6185896221,-0.105491118,0.6185577036,-0.105537274,0.4405875797,0.062613553,0.0137364401,0.0,0.0,0.0,0.0,0.0,0.4567990373,4.0,-0.055455293,-0.002245773,-0.000550144,-0.29268454,-0.24665388,-0.041119695,-8429.99885,0.0253456805,13.004623716,0.0003457207,0.003233144,0.0475585624,0.0101409307,0.0515577361,0.0008258358,0.0,0.0072634497,-0.569104925,-0.002020878,4.0,12.303270605,0.4188104468,0.0,0.0514541194,0.0268457158,0.0402903448,0.6600958993,1.9032267169,2.605255e-08,4.4906394e-08,0.4350457269,0.1892647845,0.6394664886,0.0473549097,0.1937861156,0.0732063074
86573,0.5411528342,0.0495523221,-4.460201883,0.0158571344,4.4353021092,0.1870672303,0.0291754225,0.2296748262,0.042156095,0.0035671819,0.2446674756,-0.002091004,-0.190405686,0.0589873659,0.0020910036,22.0,0.0038969197,0.0,-0.018830169,-0.091364864,-0.001144546,0.0748736507,0.148575797,0.0038767559,0.1194200494,0.5434015956,0.0,0.7668916255,0.04755432,0.7580728094,0.0440908016,0.2098154528,0.0764413958,0.013857601,0.0,0.0,0.0,0.0,0.0,0.3529483184,4.0,0.0373784447,-0.000822872,-0.015071229,-0.566014347,-1.373643996,-0.094383209,-6671.160082,0.0256085935,11.734205486,0.0001930042,0.0027218805,0.0261179757,0.0011555928,0.150647914,0.003258381,1.0,0.001380897,-0.107285588,-0.003835853,5.0,9.433867869,0.1041604902,0.0,0.0153925465,0.0093070401,0.01826391,1.0600265129,0.3921681414,4.5476742e-07,2.4974225e-07,0.7271531784,0.5287517449,0.0513579035,0.0441998418,0.0257358576,0.0732063074
86578,0.2879254344,-0.243912276,2.6685674694,0.0,2.516927372,1.2393798907,-0.01918916,-0.097631306,0.1580707179,0.0100434018,-0.028587908,-0.104681772,-1.268902211,0.0655885505,0.1046817715,22.0,-0.001568904,-0.1625,-0.286883225,-0.13060822,-0.016258346,0.1076102025,0.1537666652,0.007607485,-0.443432823,0.4679119806,1.0,1.1854725262,-0.018954962,1.13797141,-0.007295809,6.7030552927,50.638678144,-0.008515621,0.0,0.0,1.0,0.0,0.0,0.7112416478,2.0,0.8891230654,0.0855829881,-0.071846782,0.2514308181,-0.558391835,0.0648127758,-3786.926403,0.0633299066,14.144728527,-6.5882e-05,0.0174511714,0.1049958979,0.0539999726,0.1333627689,-0.015229736,0.0,0.0052963944,0.5840931537,-0.051040141,4.0,15.803580971,3.008063032,0.0,0.0342520997,0.0296266865,0.044368129,0.3126433891,2.3515219647,2.0014734e-09,1.2163663e-08,2.6257198326,6.8944046394,0.0311535909,0.0810304156,-0.584847751,0.0171249485
90591,0.9891688543,0.068192809,-15.33568268,0.0181474061,7.9507512678,0.3293779414,0.020306983,0.3296766979,0.0353304314,0.1758279019,0.3411356746,-0.007155833,-0.82181652,0.1242347859,0.0071558332,20.0,0.0008230437,0.0,0.014032909,-0.330721048,-0.093653967,0.177007709,0.1765307286,-0.000139082,0.2442270104,0.5824366191,0.0,0.9629261643,0.0120781367,0.9559450391,0.0137349002,0.6588353086,0.0506868819,0.0113888433,0.0,0.0,0.0,0.0,0.0,0.2987897623,5.0,-0.017342798,-0.006744872,-0.015071229,-0.117998327,-1.219655236,-0.029135789,-5784.821142,0.0256085935,14.31323822,-2.390064e-07,0.0013446419,0.0124411943,0.021543218,0.1083406476,0.0032594101,0.0,-0.015017668,-0.193191854,-0.019181299,2.0,14.03829545,0.6679555341,0.0,0.0371347517,0.0167453924,0.0274391288,0.221634685,0.8747372409,2.210964e-09,2.8571824e-08,1.1970101398,1.4328332748,0.010600937,0.0380941326,-0.017233025,0.0732063074
86547,0.3920958555,-0.594017284,-2.544664273,0.0,5.8661984799,4.9853850371,0.0331740283,-0.109607802,0.1452156638,0.0062166963,-0.021379895,-0.161771848,-1.810083734,0.4812037396,0.1617718476,22.0,-0.008024903,0.0,-0.278690533,-0.239185535,0.034644779,0.2014997369,0.0637141907,-0.006621919,-0.621010638,0.4277931139,0.0,1.9166751761,0.0589274415,1.5866435209,0.0972449197,8.4574506284,5.8359762141,-0.018166731,0.0,0.0,1.0,0.0,0.0,0.7617635025,4.0,-1.403193691,0.0191868102,-0.003339204,-0.027325618,-0.814305919,0.558757811,-16768.30974,0.0629453635,13.538224561,0.001497787,-0.000410614,-0.005438477,-0.19995603,0.0887372619,-0.06934786,0.0,-0.010215664,0.3046247456,-0.009373323,2.0,14.930852551,3.3648131649,0.0,0.0582241789,0.0284418695,0.0455877138,0.2768086312,4.8465633278,1.7858547e-09,6.92667e-09,2.3653571294,5.5949143498,0.0077373195,0.0827568134,-0.249373414,-0.107827317
86560,1.8518106838,-0.695713594,-32.98158313,0.0098889536,7.5941275872,3.0471016922,0.0168515925,-0.097407345,0.0466871661,0.0220791368,-0.042797228,-0.094468971,-1.351847876,0.2447853505,0.0944689709,22.0,0.0,-0.144294826,-0.28795399,-0.016624499,-0.290322854,0.0870221284,0.1699036793,-0.001187536,-0.268542606,0.1633413977,0.0,1.8321379852,-0.091489418,1.8321379852,-0.091489418,34.262304612,3.842413311,-0.07102626,0.0,0.0,1.0,0.0,0.0,0.0941047805,3.0,0.6312442311,-0.035423893,-0.360022287,6.3608718255,-0.527696433,-1.507355127,-16495.51052,0.0456208962,12.731410678,0.0044581071,-0.001437605,-0.007577253,0.1171555859,0.0186990167,0.0647914755,0.0,-0.198795181,0.1391719753,-0.156619623,1.0,12.67278675,0.7811013761,0.0,0.0396825038,0.0229372492,0.0549727849,0.3471663495,0.9633150634,1.8001282e-08,3.6029521e-08,2.1333158488,4.5510365109,0.1399937845,0.0971029038,0.1190223268,-0.071440083
86719,0.7339950292,0.0790940091,-7.073489181,0.0221198333,6.5314525752,0.2550006835,0.0202474147,0.1801248916,0.0317242274,-0.027879828,0.1967727997,-0.002605585,-0.221079012,0.0965800346,0.0026055855,22.0,0.0003539692,-0.028536733,-0.124822332,-0.222169672,0.0130596194,0.6034291006,-0.086192765,-5.8218e-05,0.0501349545,0.6405649071,0.0,0.9824694437,-0.053388677,0.9820768686,-0.053753269,0.2911381413,0.0484654988,0.0159808348,0.0,0.0,0.0,0.0,0.0,0.2794328463,5.0,0.0252929607,-0.005287342,-0.043607963,-0.373172152,-1.306734546,-0.05679054,303.1505076,0.0256085935,16.12983061,0.0002274899,0.0037665937,0.040639396,0.0061977777,0.1362258242,-0.009177255,5.0,0.0011606913,0.060758077,0.0039831018,4.0,16.883791234,1.6022939745,0.0,0.0537046753,0.0248980111,0.036426897,0.3752613307,2.8735800395,2.283782e-10,1.5211945e-08,1.3508027758,1.8246681392,0.1020974993,0.0418441819,-0.146689211,0.0732063074
86717,0.2845721328,-0.010159503,6.549719455,0.0,0.2242313688,0.2940336694,-0.003031657,0.0284830994,0.3880174547,0.0252537228,-0.103065596,-0.114868556,-5.673133595,0.0474767169,0.1148685564,23.0,0.0,0.172,0.0659896296,0.0229997768,0.0306809925,0.5593236222,0.0794374858,0.0098066286,0.162871431,0.3036664243,0.0,1.6784394488,-0.186926362,1.6784394488,-0.186926362,3.2702708328,6.4595220477,0.0984615223,0.0,0.0,1.0,0.0,0.0,0.7726681858,5.0,12.949911842,-0.011220063,-0.143607593,0.3071069014,-9.76227122,0.2952411935,-12433.30051,0.0371991411,14.75934326,-0.005611278,-0.006015486,-0.010755446,0.0066407685,0.1591125685,-0.016139137,1.0,-0.00101833,0.1636501426,-0.02048594,6.0,16.2910406,3.7893596551,0.0,0.0090180514,0.000859539,0.0020442059,0.3492343822,6.215329566,1.857103e-11,8.5489796e-09,0.9961116619,0.9922384429,0.0602962933,0.0439714558,0.2694345648,-0.054879185
90590,1.0964215308,0.10312905,-14.25462444,0.0272838236,12.064610402,0.5314050841,0.0197620449,0.2408850685,0.0416939589,0.0095560254,0.2523441265,-0.002449591,-0.282267294,0.1322390079,0.0024495912,16.0,-6.3454e-05,-0.020446097,0.0564437811,-0.140033491,-0.026778753,0.1041337283,0.0929972427,0.0001391014,0.1273761887,0.6115063226,0.0,0.9245859853,-0.007575762,0.9244815154,-0.007458135,0.6386859588,0.0535065089,0.0115558271,0.0,0.0,0.0,0.0,0.0,0.454697766,3.0,0.0085287305,0.0010135677,-0.035517326,-0.01074565,-1.04172756,-0.021131567,-6570.594742,0.0256085935,12.926180132,3.54632e-05,0.002220415,0.0289758544,0.0032371551,0.1447572377,0.083759492,0.0,-0.001142253,-0.517909233,-0.01015984,5.0,11.472178024,0.1710178453,0.0,0.0324900448,0.0180905214,0.0318270874,0.4521240485,0.4583928623,4.1892702e-08,1.3766168e-07,0.6664460592,0.4441503498,-0.088608569,0.0462087601,-0.155390201,0.0732063074
86763,0.502191535,-0.209669193,-0.420372675,0.0,0.7622489696,2.3540132128,-0.222888325,-0.084068234,0.5588143595,0.0016733856,0.0414146505,-0.202736159,-1.278739003,0.0584429818,0.2027361594,22.0,0.0,-0.128654971,-0.32822137,0.0915532753,0.3758583108,0.6200171086,-0.435413612,-0.149630322,-0.225682594,0.6859369301,0.0,1.3267533159,-0.053125416,1.3267533159,-0.053125416,5.0685112862,5.4869222501,-0.131517222,0.0,0.0,1.0,0.0,0.0,1.1154247251,4.0,-2.894911917,-0.35716887,-0.343479402,0.4243223404,-28.88693169,0.0608359282,-14565.76591,0.03476008,10.434216418,0.0,-0.073055868,-0.175219311,-0.017407441,0.3645431642,0.0013536301,0.0,-0.053763441,5.2212593408,-0.199951936,2.0,9.727244857,0.3606149029,0.0,0.0615384951,0.034764796,0.0530200938,0.8607151963,0.8678890461,1.3088686e-06,1.3051619e-07,1.6337631028,2.6691818761,0.2061864809,0.1183121484,-0.44328459,-0.054879185
86778,0.2842954611,0.0421584315,6.4629050837,0.0052984033,0.1857933275,0.2805745369,0.1545081166,0.1426915511,0.3213106501,0.0110081325,0.1076285593,-0.044562111,-0.465866895,0.0617986491,0.044562111,22.0,0.0107249608,0.0545454545,0.2264623194,0.0761130648,0.019950992,0.2116492426,-0.410704372,0.0606409821,0.1668307515,0.4212424561,0.0,4.8258892752,0.069440577,3.4848890078,0.139676637,2.7870813397,5.87790111,0.3060755972,0.0,0.0,1.0,0.0,0.0,0.5281356013,8.0,51.998464047,0.1239060141,-0.026360316,0.4816950065,-0.64321098,4.164304914,781.76079862,0.0357482652,15.663022093,0.0044522648,0.0314571503,0.0506348478,0.018160099,0.2014704872,0.0071055348,0.0,0.0002650586,0.2950170666,0.0018492881,5.0,16.732564817,2.2991549734,0.0,0.0581250191,0.0351601114,0.0440777085,0.3390917696,6.0341169451,3.041829e-10,7.3570451e-09,1.196451126,1.4314952968,-0.001001697,0.0403515615,-0.078163198,-0.145662284
86783,0.0536342733,0.0006467243,7.2859315348,0.0,0.1861360299,0.074976176,-0.107218979,0.0220540136,0.3195962994,-0.011034116,0.0977438748,-0.00120159,-0.440677966,0.0009317215,0.0012015898,22.0,0.0,-0.231060606,-0.545997611,0.1391214371,0.0,0.3564202335,0.0320227655,0.0071488646,-0.175290747,0.5553949895,0.0,3.5637956204,0.9448110749,3.5637956204,0.9448110749,0.6171614184,12.930056711,0.0318644068,0.0,0.0,0.0,1.0,0.0,1.092870386,4.0,-3.253739866,-0.276576769,-0.445885037,-0.024234921,-28.47317241,0.0033246679,76630.685856,0.03476008,18.31297777,0.0074508918,0.0322013316,0.160241717,0.021102149,0.5220427574,0.0298167085,1.0,0.0022157911,0.4248946822,-0.021252762,3.0,19.455022979,2.3828783366,0.0,0.0458295494,0.0244375973,0.0319050866,0.2088103873,1.8196837819,2.246704e-11,1.2606832e-08,1.1304595047,1.2779386917,-0.002106791,0.038504107,-0.068573777,-0.054879185
86810,0.0607059926,0.0181160452,73.564416069,0.0,0.0187689741,0.0908562508,0.3678164463,0.3009815294,0.6473670258,0.9882900362,0.2718853101,-0.017117098,-0.066406272,0.0193190642,0.0171170979,22.0,0.0178054216,0.2905405405,0.1817730534,-0.195509867,0.0143434273,0.0483636589,-0.271498044,0.3135288287,0.3102487894,0.57850776,0.0,3.0276249847,-0.21444553,2.3860069768,-0.240353346,7.2376644399,7.1351235318,1.1911083763,0.0,0.0,0.0,0.0,0.0,0.8535559637,5.0,-0.060080907,-0.124807434,0.2762087359,-0.467982836,1.5045690612,-0.087040285,6209.631986,0.0795592663,15.710802653,0.0137503742,0.0821020894,0.1137449597,0.0088767842,0.0566804167,-0.141712677,4.0,0.0004905327,0.8962533191,0.1647779397,7.0,16.958391616,2.5529171341,0.0,0.0725933611,0.0339461312,0.05639492,0.3395514772,4.9874183191,3.155438e-10,8.4398808e-09,1.3472960156,1.8152065536,0.1284857749,0.0523491152,-0.438377976,-0.071410172
86820,0.7972521408,0.0488270593,-105.4894458,0.0756581322,5.3837817318,0.1789771445,0.0164549237,0.0151812681,0.0215248559,0.000486916,0.0227512597,0.0001689466,0.0212270971,0.0477906025,0.0001689466,23.0,-1.359942e-06,-0.054224464,-0.140786316,-0.123888979,0.234965297,0.0979191072,0.0286491773,-0.000501833,-0.033144493,0.536296027,0.0,1.0797554065,-0.095148676,1.0797296388,-0.095147858,6.5988594955,0.0393836192,0.0104912613,0.0,0.0,0.0,0.0,0.0,0.1589365059,4.0,-0.031377264,-0.000563387,-0.092409017,-0.120298828,-0.731997489,-0.109263403,-7111.19104,0.0253456805,14.106011124,1.65486e-05,0.0019226574,0.0149908211,-0.004826102,0.0043880096,0.2555205069,1.0,0.001740644,0.3434434759,0.0301318541,4.0,14.338745154,0.9898695282,0.0,0.0116731413,0.0102722991,0.0217448077,0.2999953733,1.4474501739,1.547012e-09,2.4402349e-08,0.5991245667,0.3589502464,0.0175724333,0.0280201916,-0.162366904,0.0732063074
86822,0.0385267454,0.0013693871,3.0460769399,0.0,0.6759403884,0.7139896874,0.0528315682,0.031667225,0.6478886474,0.0511546089,-0.018553133,-0.143374585,-45.71560737,0.1022336628,0.1433745848,23.0,-0.029865558,-0.055340557,0.0647655796,-0.210226883,0.0238432753,0.6017230314,0.0379323946,-0.035576986,9.0904038533,0.4216894088,0.0,1.0699912223,0.0276624442,0.9978275181,0.1289431744,4.0884671154,6.4509445538,0.0593505985,0.0,0.0,1.0,0.0,0.0,9.1062751267,8.0,0.1315107154,-0.108855792,-0.279674645,-0.312162044,-1.527204938,0.1956009581,-9685.868388,0.0363924557,14.043463048,0.0007806198,0.0125691397,0.2330909892,0.0249452909,0.1896790655,-0.003506678,6.0,0.0050761421,1.7993251452,0.1999645159,3.0,15.15540193,1.8972836222,0.0,0.0457447134,0.0445358268,0.0458684864,0.4972765859,6.1581686555,2.570616e-09,1.3402393e-08,2.1800854839,4.7527727169,0.0089433014,0.0620071999,0.1128061683,-0.028114825
86819,0.194712965,0.2371303798,0.320397473,0.0430069654,2.4976641574,1.1448519692,0.2038183127,0.2893921172,0.1780797338,0.0144790683,0.1705942157,-0.110674231,-1.260242244,0.5359721017,0.1106742307,22.0,0.0,0.0250783699,0.0052029182,-0.262412746,1.1460964031,0.109184835,0.6160699977,-0.00444425,10.67693475,0.7646040304,0.0,28.257123002,0.3032335328,28.257123002,0.3032335328,1.7547275458,0.49379236,0.1037593126,0.0,0.0,1.0,1.0,0.0,9.1062751267,7.0,1.988747542,-0.101545587,-0.000735632,-0.48115321,1.948491711,0.2242568632,-4332.095073,0.1116995972,13.372118532,0.0012733345,0.0330837532,0.1825750332,0.0373493531,0.1448294743,-0.003155458,1.0,0.02016585,0.6821765355,-0.029014304,4.0,13.956080166,1.100024587,0.0,0.0562071465,0.0332688291,0.0543051763,0.3266311795,1.6347071331,1.0585161e-08,2.6875417e-08,2.3110869237,5.3411227691,0.1308641595,0.1083372014,-1.357821455,0.0472491512
86827,0.470470298,-0.066292567,-0.392898072,0.0203517319,0.9145796882,1.1064935668,0.1055169052,-0.066764751,0.2050918473,0.0101220912,-0.027750263,-0.074829119,-1.619327976,0.0410568414,0.0748291191,22.0,0.0,-0.121910112,-0.132638014,0.0308188523,-0.025836154,0.0760827458,-0.060677769,-0.022009707,-0.134296297,0.6091115266,0.0,1.4853223059,0.037336396,1.4853223059,0.037336396,1.8704973965,5.5387174275,-0.054714063,0.0,0.0,0.0,0.0,0.0,0.5600925222,3.0,-3.063957566,-0.077384225,-0.336734544,0.3926011035,-27.06597878,0.0434497878,-14029.49654,0.03476008,13.353772295,0.0273303716,0.029442376,0.081781855,0.138169315,0.3671518566,-0.013768573,4.0,0.0094107103,0.1840489439,0.0284386314,2.0,14.134258837,1.3493085844,0.0,0.0259132646,0.0454632886,0.0381960385,0.5586724935,4.842188323,3.9733711e-09,1.6047665e-08,0.8203328598,0.6729460009,0.0277139382,0.0417742776,-0.429294544,-0.054879185
86799,1.8575714473,-0.20320168,-105.4894458,0.0,1.5202383875,0.5286818158,0.002958602,-0.112467037,0.0590221223,0.1810836731,-0.116913591,-0.149550155,-2.643472689,0.3339564109,0.1495501553,22.0,0.0003125846,-0.034261242,-0.345925317,-0.062845502,0.0039113277,0.0703399162,-0.179561971,0.0349029656,0.0629463056,0.4906732757,0.0,0.6193622652,-0.342292312,0.5974797875,-0.35650698,76.973214286,8.3768659945,0.0046764477,0.0,0.0,1.0,1.0,0.0,0.0874841908,4.0,8.8356342455,0.131544219,0.0538744687,9.4704723596,-4.202447654,-2.918934615,622.60870844,0.0340789314,15.221143284,-0.036688598,-0.108140499,-0.211007145,-0.226007799,0.0268287427,-18.76666667,0.0,0.0340729002,0.1066450471,-0.019435661,5.0,16.710569118,3.721629224,0.0,0.0311614648,0.0208528578,0.0391252843,0.24202952,3.8243634677,2.95551e-10,7.2254719e-09,0.3359723332,0.1128774087,0.9278408755,0.0816895749,0.3178972331,0.818494895
86916,2.7991601235,-0.14522468,-3.846852609,0.0,17.182530749,6.7365241592,0.1003509696,-0.043548422,0.2180173275,0.0351645493,-0.057174234,-0.067048171,-10.10477012,0.9016014033,0.0670481711,22.0,0.0,-0.158917418,-0.138676993,-0.140071273,0.0230713138,0.162052903,-0.338669592,-0.006705234,0.0208821521,0.1522546795,0.0,2.0855681,0.1326744913,2.0855681,0.1326744913,5.0954128192,3.5404624821,0.0015866147,0.0,0.0,1.0,0.0,0.0,1.0815075789,4.0,0.5538542426,0.0037857504,-0.374644879,7.8545809613,-0.209930825,-0.429903147,-16787.81162,0.0456208962,11.207207742,0.0052736926,0.0112017181,0.058719546,0.055276707,0.090365783,-0.024557487,0.0,0.0762608,7.962618992,-0.242631495,2.0,12.261359517,4.006516566,0.0,0.0916905254,0.0458006335,0.0754419807,0.6919103831,20.567858116,2.4393395e-08,4.1271592e-09,2.8149696938,8.1460812957,1.0324355629,0.2729889101,-0.993081222,-0.071440083
92318,1.0355179782,0.085295506,-6.581222934,0.0306544553,7.5268315568,0.4259178215,0.0278917294,0.2242096216,0.0485055529,0.0002477632,0.2475864266,0.0013281349,0.1212560552,0.0749529094,0.0013281349,16.0,0.008371382,0.0154223624,0.079159446,-0.058126714,-0.034158977,0.0906507539,-0.137902719,0.0127633329,0.0768499867,0.6244330791,0.0,1.0298843031,0.0335245807,0.9827214092,0.0348784789,0.3898112254,0.0764251553,0.0150926336,0.0,0.0,0.0,0.0,0.0,0.3532081267,3.0,0.0315412662,0.0022100224,0.000351133,-0.071649203,-0.32908129,-0.078417665,-5169.366002,0.0256085935,14.511154947,0.0004723084,0.0031892259,0.0271878324,-0.013898377,0.2064283226,0.0078239479,0.0,0.0016072003,-0.304011719,-0.002879877,5.0,14.459642759,0.6098766111,0.0,0.02587099,0.0148523475,0.0259715864,0.1984600183,0.4743080738,2.4204479e-09,4.4603081e-08,1.0577609616,1.1188582519,0.0178052384,0.0343863993,-0.144603378,0.0732063074
86876,0.8507976573,0.0255871189,-7.047479043,0.0076687567,2.1739445727,3.1363036969,0.0437784546,1.3676919505,0.4726049224,0.1978132402,2.0967511718,-0.05247662,-4.409019491,0.1384012249,0.05247662,22.0,0.1223118156,0.8947368421,0.4745923425,-0.619114711,0.0248812455,0.1302119585,-0.125137159,0.3412818987,0.4759422163,0.3435208033,0.0,1.8436515629,-0.213266251,1.1192342136,-0.206327889,27.443853184,4.5224677876,0.0393106516,1.0,0.0,1.0,0.0,0.0,0.9615026906,4.0,-0.056835007,-0.175472958,0.9144225865,1.8879131789,0.220942827,0.1508816348,246.0546293,0.0624291911,15.648174372,0.0017336883,0.0097239801,0.0338581235,0.1008977978,0.0201745563,0.006817747,3.0,0.0018210198,0.5231191216,0.0244739261,2.0,16.4013879,1.8204248495,0.0,0.0490505658,0.0285610714,0.0389834802,0.3178515636,2.3073946549,4.694085e-10,1.3342769e-08,1.9128836911,3.6591240157,-0.011242223,0.0513415507,-0.461186008,0.1631852225
86964,0.1957642503,0.0274742771,8.4623131164,0.0,0.2187274811,0.2159363504,0.1328302999,0.0682696583,0.4741891695,-0.007315995,0.0782674722,-0.064898917,-0.947814431,0.0535147935,0.0648989168,23.0,-0.00120783,0.0576199051,0.1074492241,-0.172677146,-0.01401735,0.2522873299,0.4206819007,-0.010749008,0.0573161466,0.3108640891,0.0,1.157792842,-0.168341141,1.1419433471,-0.166764859,2.8589896629,4.6829756157,0.1736326561,0.0,0.0,0.0,0.0,0.0,0.9937064008,6.0,12.960047371,-0.037000185,-0.257987688,0.2182990189,-9.933846622,0.3012792701,-1980.123906,0.0371991411,16.130381642,-0.001513279,0.0231379729,0.0505061425,0.0055722251,0.182220528,0.0214056067,2.0,0.0013079787,1.7825112007,0.0385556001,6.0,16.909499155,1.9133538387,0.0,0.0408260413,0.0362164991,0.0295269502,0.5097394759,8.6355246227,1.845938e-10,1.0573181e-08,0.8304481494,0.6896441288,-0.011693072,0.0329593563,-0.337746693,-0.054879185
86949,0.4464983318,0.017735166,1.0122778241,0.0,0.5554080924,0.8301201705,0.0351954865,0.1879085859,0.477461724,0.0075254595,0.3096821332,-0.043509054,-2.362820097,0.0596401725,0.0435090542,22.0,-0.009918254,-0.106870229,-0.120001473,-0.10539551,0.0099238203,0.0580931218,-0.055743881,0.064333674,0.072049303,0.6275657616,0.0,2.7577590941,0.2110773516,1.9193250466,0.3582498376,3.1349911287,6.6956222007,0.0811839056,0.0,0.0,1.0,0.0,0.0,1.0022469774,5.0,0.0079621638,-0.200783241,-0.031312601,-0.207230378,0.3070182895,-0.022353455,2838.1829933,0.2250075984,15.486397692,0.0011407023,0.0178913812,0.0377320457,0.0387522059,0.1766736846,-0.008749902,0.0,-0.002136752,1.0096850891,0.0026864912,6.0,16.664220092,2.5275846048,0.0,0.0497193411,0.0260344772,0.0365521236,0.2868580256,3.4278863316,3.27276e-10,1.0290913e-08,1.3209393184,1.7448806829,0.011292691,0.0446030167,-0.124155013,-0.239458447
86990,0.9310929551,-0.148673415,-1.038082653,0.0,1.0241337376,1.0930579107,-0.119736976,-0.171792576,0.0473841746,0.0163728946,-0.528733005,0.0576299837,1.1861751152,-0.325026121,0.0576299837,23.0,-0.002261316,0.0573065903,-0.036332337,0.0594687683,-0.538070237,0.6368177477,2.4363406824,-0.283102663,-0.105832812,0.5475594586,0.0,2.6824420542,0.1159637779,2.6501439176,0.1296029255,0.8518340541,7.7986068679,-0.000117857,0.0,0.0,1.0,1.0,0.0,0.0598907787,4.0,-0.832865074,-2.7911e-05,-0.069275393,88.029036016,-10.90206526,-9.211317135,-4878.903204,0.0103945171,10.594262935,-0.000698041,-0.016340374,-0.02942518,-0.226007799,0.4489821251,0.8474804266,0.0,0.017160459,-0.347593901,0.0480470518,1.0,8.386913617,0.0746835597,0.0,0.055248633,0.0302826885,0.0429461874,0.9955263319,0.5336213009,2.3959196e-06,2.9077875e-07,1.018595846,1.0375374975,0.0425795834,0.0785023418,-0.011879658,0.0069773022
86996,-0.155709437,0.0007779691,102.84593547,0.0067176008,0.4507988349,0.0672343619,0.1078145951,-0.061672811,0.1646126754,-0.017499441,0.0414819413,-0.116495548,-45.71560737,0.0363433005,0.116495548,22.0,0.0,0.0054237288,0.0339975529,0.3467634298,0.0218615546,0.1429392784,0.1004926781,-0.006195837,0.3156184321,0.3407185998,0.0,0.7693383713,1.412689193,0.7693383713,1.412689193,6.1227166249,19.131718159,0.0545015137,0.0,0.0,1.0,0.0,0.0,-0.325390162,6.0,0.2022310961,0.1138202578,-0.091908234,87.459741443,-11.80331123,-9.211317135,27495.140758,0.0109914292,17.437943608,-0.000154184,0.0047988452,-0.009876146,0.0018303545,0.0260177768,-0.716068007,0.0,-0.00114953,0.3830790689,0.015701897,5.0,17.818591312,1.2894861308,0.0,0.0309218466,0.0193145026,0.0292165496,0.2471816734,1.5140616079,6.478368e-11,1.7623099e-08,0.4903896663,0.2404820248,0.2619435232,0.0362995206,-0.147354422,0.0069773022
87006,0.5025668976,0.0762021203,1.602570861,0.0,0.1805581709,0.2195621699,0.1953956835,0.1792814432,0.3641590433,0.0141734078,0.0766107679,-0.056493598,-0.467948718,0.1118608048,0.0564935979,22.0,-0.001618123,0.0326086957,0.0238128106,-0.015817308,0.0110430459,0.0682066703,0.1045319835,0.0054428374,0.2211192634,0.5170666306,0.0,6.7033714816,0.6646076675,6.4358181256,0.6824480787,0.8083378747,9.4237611182,0.4800238014,0.0,0.0,0.0,0.0,0.0,0.5041001295,6.0,1.8361081525,-0.031637651,-0.145395863,0.2587149589,5.6521309527,0.1986081678,1009.2669089,0.0232852488,15.900370878,-0.001382844,0.0335817045,0.0447039428,0.0077737888,0.396205114,0.0431386374,0.0,-0.000758479,0.5726380862,0.0405227244,6.0,16.777892159,1.9804635762,0.0,0.02920679,0.0207824203,0.02979647,0.4293280037,3.7746976889,2.550412e-10,1.3165599e-08,0.4513386109,0.2037065417,-0.155924269,0.0419789915,-0.015614812,-0.24467985
86965,1.2495948136,0.1061990054,-47.46832059,0.0502209478,12.311967197,0.5664990511,0.0210308054,0.1204622623,0.0353491578,0.0024370431,0.1264088212,-0.001102137,-0.133648127,0.1203923035,0.0011021371,22.0,0.0005548334,-0.150969529,-0.022497263,-0.132891386,-0.022322736,0.1303206419,-0.003720669,8.16573e-05,0.0697691518,0.542169282,0.0,0.8516957521,-0.084576338,0.8499962719,-0.08510537,2.1780928439,0.0577169845,0.0110201553,0.0,0.0,0.0,0.0,0.0,0.3675759394,3.0,-0.008754296,0.0016727177,-0.166040759,0.1424276323,-0.404382584,-0.032978271,-6514.665642,0.0256085935,12.962016587,0.000325254,0.0032435636,0.0352578183,0.0028297381,0.0512922107,-0.104619845,0.0,0.0039151713,-0.399898239,0.0038013989,3.0,13.080287298,0.789092969,0.0,0.0261962991,0.0131171471,0.0237480086,0.2392064343,0.6522816852,9.1702269e-09,4.1903129e-08,1.3463515446,1.8126624817,0.0058034197,0.0400305132,-0.129517889,0.0732063074
86979,0.6159402657,0.034948696,-0.072699484,0.0358027565,0.6554303943,0.6026006548,0.0531888143,0.0611697614,0.3138599409,-0.024412027,0.1437628634,-0.038888889,-1.373933282,0.0829658727,0.0388888889,22.0,0.0131313131,0.0563754114,-6.7485e-05,-0.096009284,-0.020345002,0.2182912662,-0.001270046,0.0189076343,-0.01455342,0.3340799932,0.0,1.5136735922,-0.27192951,1.4164083106,-0.298925112,2.4394138953,4.6106213048,0.1025171322,0.0,0.0,0.0,0.0,0.0,0.5849130265,4.0,0.0880300294,0.1123579359,0.0554722728,0.1594495751,-0.153121133,0.0307414464,-1253.113365,0.0376507894,16.134694625,0.0065212141,0.0101909806,0.020479624,0.0056556838,0.1560070631,-0.003323369,2.0,0.0,1.4954133671,0.0612139539,5.0,17.487047239,2.7178920545,0.0,0.0292226765,0.0209156472,0.0285807842,0.3017715699,4.2747559321,1.23015e-10,8.3944123e-09,0.7551095585,0.5701904453,0.0668024929,0.0285861767,-0.098289655,-0.028114825
87016,0.3427940653,-0.038977771,2.8483010578,0.0199021613,0.3354719394,0.4915734318,-0.008315317,-0.063811185,0.3029417171,0.0456578018,-0.152405423,-0.082693813,-1.982347063,0.0382896985,0.0826938129,22.0,-0.016246984,-0.080952381,0.4546048251,0.5790064117,0.3188275485,0.4553069607,1.0764282783,0.0028112432,-0.059116285,0.2571082562,0.0,1.8041952198,0.0595560296,1.4455958549,0.1026924684,6.1618117711,4.4361868312,-0.006888348,0.0,0.0,1.0,0.0,0.0,0.7748663737,7.0,51.983196574,0.0873085699,-0.161858151,0.5401936107,1.2652778327,4.1517880819,-7291.547421,0.0357482652,11.466100528,-0.001716842,-0.01437152,-0.021623753,0.0068240714,0.1494971352,-0.025000972,0.0,-0.011940299,2.3732249572,-0.025634519,5.0,11.211987935,0.5475663513,0.0,0.0385965407,0.027563191,0.0616693259,0.6087151403,1.0973073185,1.5747544e-07,6.0784255e-08,1.7176657477,2.9503756209,-0.026202558,0.0609712269,-0.533841031,-0.145662284
87077,0.9973136351,0.1735196377,-2.552230897,0.0,2.9850795046,1.2297608851,0.1189478588,-0.009252029,0.2065764417,0.0079750458,-0.061808284,-0.02066935,-0.476832446,0.2562594309,0.0206693496,22.0,0.0,0.0647829083,0.0742079201,0.0736978566,0.0368654595,0.2144780183,0.0209517501,0.0130003361,0.1911723129,0.5503813139,0.0,16.301773805,0.0365811785,16.301773805,0.0365811785,7.9361891069,0.4507767898,0.0676393424,0.0,0.0,1.0,1.0,0.0,0.7900895428,8.0,1.8611101512,0.0839637715,0.0389689059,0.32144746,-0.173815041,-0.055455808,-3508.119773,0.1116995972,14.153704756,0.0010473255,0.0178569292,0.0617019234,0.0061359392,0.0347789412,0.0114486383,0.0,0.0140044652,1.6922766678,0.1002712429,4.0,15.620150746,3.1193646344,0.0,0.0261174701,0.0150994657,0.0252799168,0.2903127577,3.2411443323,8.427335e-10,1.0726701e-08,1.7546753252,3.078885497,0.1676723721,0.0754502838,-0.302997883,0.0472491512
87121,2.7991601235,-1.45860494,-37.18730119,0.0240357589,14.028378772,8.513018949,0.0270643671,-0.060632488,0.0765037695,0.0,0.055658451,-0.142036803,-1.422681366,0.8234499638,0.1420368033,22.0,-0.000409972,-0.100201748,-0.069551552,0.1063110104,-0.097823229,0.1102787169,-0.014433279,-0.014207689,-0.286740165,0.1818167703,0.0,0.90043256,0.1466956748,0.8906999607,0.1541348025,37.350039526,8.2075878123,-0.105543236,0.0,0.0,1.0,0.0,0.0,0.1403542072,3.0,0.4583309731,0.0291654379,-0.315929209,9.383923846,-0.335791838,-0.928690513,-16815.92646,0.0456208962,11.051421798,0.0008064859,0.0415344472,0.1596237348,0.0535753901,0.0441851089,0.0013173496,2.0,0.167115903,-0.497321969,0.0400568265,2.0,11.34965864,1.2514042134,0.0,0.0296736341,0.020486115,0.0491758026,0.4504180905,1.651590001,7.4476399e-08,2.9750179e-08,1.7365056611,3.015451911,-0.098460036,0.1521187964,-1.096710604,-0.071440083
87075,0.2795350323,0.0347781653,8.0074160245,0.0,0.5665204511,0.3438375213,0.0994773256,0.0454911596,0.3776472212,-0.069415591,0.118314322,-0.091870832,-2.186336847,0.1108149497,0.0918708324,22.0,0.0,0.5210355987,0.0856664534,-0.15749579,0.030171521,0.8716380486,-0.047194339,-0.003317316,-0.076399185,0.1682053694,0.0,0.7057255225,-0.337073644,0.7057255225,-0.337073644,6.1220763208,4.5746501279,0.1632212059,0.0,1.0,0.0,1.0,0.0,0.9090949304,5.0,-2.997779302,0.05386258,0.3062111675,0.2016658377,-27.93918862,0.1132078961,-10266.03491,0.03476008,15.238300468,-0.008075099,0.0018277967,0.005229046,-0.00028038,0.1426562075,0.0446235813,1.0,0.0005855658,0.0132771168,-0.023691682,7.0,15.821244006,1.546311175,0.0,0.0359643474,0.0224008251,0.0310043604,0.2174824431,1.2106276112,8.430572e-10,2.0537491e-08,0.814183535,0.6628948286,-0.017616922,0.0347434417,-0.57215255,-0.054879185
87056,0.2576417101,0.0539064504,10.520583422,0.0,0.1093074228,0.1167390585,-0.024152381,0.2469022113,0.2848980574,0.0105817458,0.1112232387,0.1468458281,0.9006343848,0.0053564476,0.1468458281,22.0,0.0034680011,0.019326891,0.09178556,-0.096201319,-0.134898997,0.0965124176,-0.019017724,0.0264488206,0.3150227343,0.4020143606,0.0,4.7553111575,1.2832211224,3.3370778076,1.4660543471,1.7462731817,4.1495502408,0.5826902694,0.0,0.0,1.0,1.0,0.0,0.4185504588,4.0,1.8926791872,-0.004055446,-0.158677668,0.0137897714,5.7318655616,0.0921038106,10190.417669,0.0232852488,16.526844892,0.0342923876,-0.006187001,-0.008603888,-0.004795779,0.180590634,0.026572618,0.0,0.0009056799,1.4610010055,0.0659725154,5.0,16.866807477,1.3878735461,0.0,0.0397953428,0.020689954,0.0295046262,0.3812697172,2.8812592617,1.766086e-10,1.7046258e-08,0.6224271139,0.3874155121,0.1671392176,0.0516521043,0.0099452915,-0.24467985
87034,-0.001627568,0.0339885625,74.321515736,0.0112216508,0.195079691,0.3458914447,0.2440767008,-0.001179419,0.546808197,-0.006348137,-0.070518344,-0.12553474,-0.714925791,0.0582878624,0.1255347396,22.0,-0.05148252,-0.080357143,-0.045466485,0.0162748298,0.0122750691,0.1102170943,-0.028043346,-0.008206791,-0.899529965,0.5128122017,0.0,1.5508341651,0.3872971874,0.9242834735,0.6067597762,28.171317829,8.106401963,0.2019883893,0.0,0.0,1.0,0.0,0.0,-6.363102233,5.0,0.0985300682,-0.076954868,-0.081260281,-0.458118258,-0.325808315,0.0060634361,1876.8351645,0.0376507894,15.854624002,0.0005552191,0.0572867057,-0.592123769,0.0004552471,0.0208617848,-0.008302988,0.0,-0.001801679,0.6388009204,-0.025247934,6.0,16.766639634,2.1348037168,0.0,0.0363720208,0.0233364866,0.0303340265,0.2384634902,2.6046544264,2.238058e-10,1.1519159e-08,0.8744045348,0.7645832905,0.0528961778,0.0358063837,-0.180694223,-0.028114825
87086,0.257849421,0.0197477489,11.481264122,0.0,0.2562823471,0.4005251235,0.0977970471,0.2268084535,0.3613003753,0.0122132105,0.5095095134,-0.123090363,-2.908419204,0.0771824809,0.1230903634,22.0,0.0,0.2382744644,0.0824116267,0.0516877927,0.012688556,0.5607937987,0.0867932254,0.0236583751,0.0342847394,0.261333548,0.0,1.7575263811,-0.298439282,1.7575263811,-0.298439282,7.3570140859,4.5995641883,0.1795810553,0.0,0.0,0.0,1.0,0.0,0.580769786,4.0,-2.955795167,0.0151720057,0.0234500332,0.1799802265,-28.59877493,0.0795754273,-13069.96724,0.03476008,15.052276893,0.005875693,0.022126826,0.0422240184,0.0094724402,0.071613484,0.0092359968,4.0,0.0002592913,0.8181559012,0.0037002759,5.0,15.529917269,1.4385696557,0.0,0.0463840552,0.029505345,0.0361353076,0.2234118121,1.9883645877,7.924952e-10,1.3281013e-08,1.1515234804,1.3260063259,0.0591936452,0.0433343603,-1.079571058,-0.054879185
87162,0.2457284036,0.0572733937,7.120263405,0.0,0.2739852151,1.0244089732,0.1645454686,0.3902767824,1.0806017807,0.0112002987,0.5149935542,-0.059032561,-0.460489499,0.0836471901,0.0590325609,22.0,0.0606153916,0.1162790698,0.424672588,0.0522256253,0.0160775936,0.1409870754,0.0226582264,0.1983962502,0.2733944679,0.4030373222,0.0,1.5043318367,-0.283524367,0.9257646519,-0.405614728,12.22681523,101.87917047,0.3420718053,0.0,0.0,1.0,0.0,0.0,2.2276811398,6.0,-0.038706736,0.190395928,-11.08010196,-0.347020713,-13.05131134,0.1025793616,-16348.34914,0.2540693609,12.848921807,-0.004618797,-0.012258993,-0.025927672,0.0128819112,0.0034728403,0.083678997,0.0,0.0016388069,1.2152163891,0.0868041329,6.0,14.605018384,4.7811684365,0.0,0.0507462919,0.0464915168,0.061804026,0.4508518105,14.638698708,3.1038688e-09,6.8386014e-09,1.3596953147,1.8487713487,0.0457311366,0.0678663434,-0.686975599,-0.215279818
87179,0.9657764866,0.0093179291,-1.252830143,0.0,0.5196599252,0.4002597541,0.0168462979,-0.011365155,0.2088839524,0.0211988203,-0.087372229,-0.062708151,-10.05420628,0.1030023107,0.0627081507,22.0,0.0001888635,-0.032374101,-0.067881411,0.0061043697,-0.000532977,0.9456476279,0.0422763451,0.0002204773,0.0350169434,0.2233819733,0.0,1.7566640326,0.062388959,1.7011950641,0.0647132417,1.7447303302,4.2044032632,0.109079189,0.0,0.0,1.0,0.0,0.0,0.3307382816,6.0,-2.913085306,0.0795563252,-0.247198532,0.8879072921,-28.6486999,0.1053952571,-12521.43702,0.03476008,14.640712467,-0.000694708,0.0026033167,0.0039421754,0.003289212,0.157743441,0.0008467208,1.0,0.0033395176,10.682574947,0.0606581089,5.0,15.093951133,1.2046241579,0.0,0.0290604308,0.0188414365,0.025627735,0.3103296927,1.6486684294,1.481281e-09,2.2656098e-08,0.937502031,0.8789100582,0.0985724386,0.0381714105,0.1051898075,-0.054879185
90539,0.7328680237,-1.148815798,-0.17644542,0.0,0.4871489402,0.2714544447,-2.149139484,-0.150916995,0.1550028918,1.0039086758,0.2376217394,-0.10291699,-0.119008727,-0.73243807,0.1029169904,22.0,0.0127334551,-0.458598726,0.7915782024,-0.414660966,0.6766333246,0.2509613906,0.5365771043,-0.061997425,-0.297512591,0.7842596352,0.0,3.6806980309,0.1396602177,3.5765829501,0.1160802822,0.3967557401,2.6514794449,-2.410044133,0.0,0.0,1.0,0.0,1.0,0.2088087162,5.0,13.549489353,0.1410832976,-0.636603285,0.489016085,5.4265188138,-0.925349329,-5709.147861,0.0232852488,9.7517895301,0.0,-0.021090684,-0.038142558,-0.042087302,0.6628938439,-0.461044279,2.0,0.4438015068,-0.260547338,-0.110752106,3.0,10.738588096,22.071961223,0.0,0.2711777985,0.0879932854,0.1154366191,1.4316582333,107.87623787,8.3221797e-08,6.172083e-10,1.496077116,2.2382467371,-0.084650092,0.1321994398,-0.240091059,-0.24467985
87227,0.1284711418,0.0194097105,3.8705506183,0.0,0.1910625075,0.2183543622,0.1536288358,0.2225921776,0.6346939864,0.0133026183,0.1597927672,-0.066289588,-0.991952867,0.0386632285,0.0662895884,22.0,0.0,0.091954023,0.076420685,-0.082245864,0.0624916091,0.1567679558,0.007206709,-0.002358465,0.3296671574,0.7297270934,0.0,1.4900300593,0.0572282106,1.4900300593,0.0572282106,1.237974003,2.9754475315,0.1162221909,0.0,0.0,0.0,0.0,0.0,1.716867296,6.0,12.953377593,-0.109252513,-0.22365357,0.1510059104,-9.663106816,0.2864277051,-13677.99659,0.0371991411,12.704868285,4.3376e-05,0.0048095808,0.0119623977,0.0074590642,0.6452177419,0.1256312855,0.0,0.0039215686,0.3591346099,0.0886541712,6.0,12.389002511,0.9050417439,0.0,0.0336496457,0.0206041735,0.030053413,0.3172263019,0.5771239868,2.6993468e-08,5.7431046e-08,1.1508741886,1.324511398,0.1298102726,0.0728383318,-0.046940338,-0.054879185
87267,0.3205835846,0.044812466,-6.757325098,0.0205345039,1.2659249073,0.1472396618,0.0340328335,0.0495783468,0.0394788343,-0.017177946,0.042133844,0.0068807074,0.2410786699,0.0340091363,0.0068807074,22.0,0.0041376836,0.0185185185,0.1145883486,0.047828572,0.0169771792,0.2541353383,0.2606570189,0.0052128429,0.0517482934,0.0745694082,0.0,16.124860647,0.456654078,13.935340022,0.4454648919,1.8667204239,4.2432573972,0.0386053718,0.0,0.0,0.0,0.0,0.0,0.1923271828,6.0,2.0049971406,0.0348305954,-0.188502424,2.1991957588,-0.589790617,0.4487833403,99165.584344,0.0642007103,18.367071048,0.0003270388,0.0094992145,0.0466516804,0.0053425904,0.0434931265,0.2263379758,2.0,0.0013473875,0.9791603413,0.0620612185,3.0,18.862530898,1.1822120134,0.0,0.0317205973,0.019349782,0.0272895057,0.2077980865,1.1627858735,2.979445e-11,1.9447532e-08,0.9749355516,0.9504993299,0.027221086,0.0270449925,-0.493326973,0.06707331
87268,0.2679899824,-0.195565144,2.1577350229,0.0,1.2024463813,1.0057652684,0.019616745,-0.231427416,0.1784988562,0.0044696665,-0.143624008,-0.098125178,-0.848874021,-0.029554974,0.0981251775,21.0,-0.006323341,-0.2155,-0.198112024,-0.1525404,-0.006327519,0.1071462361,-0.061992906,0.0131126589,-0.473594253,0.3287450359,0.0,2.4611664003,0.0115440594,1.679748414,-0.093098533,9.9581594808,4.5464599429,-0.129712214,0.0,0.0,1.0,0.0,1.0,0.5833842176,3.0,-0.273054689,0.0550659025,-0.522026209,-0.355029706,-13.55360908,-0.126178409,-2310.057635,0.0553124103,12.894382375,-0.03706938,-0.004663335,-0.02807583,0.0066091595,0.0672023113,0.0044938344,1.0,-0.00212057,0.2972880918,-0.107256988,1.0,13.558367758,1.1672590252,0.0,0.0347163267,0.0254138492,0.0410402734,0.290977205,1.5396551529,1.0587539e-08,2.2460949e-08,2.3270826859,5.4153138268,0.1257135267,0.0615830539,-0.141868076,-0.010696088
87361,0.5896834063,0.0282213535,1.0343815866,0.0339283934,0.133244102,0.6397170498,0.0619871845,-0.019117631,0.4601006309,-0.009779163,0.0154843583,-0.113176593,-2.927421715,0.1108371567,0.113176593,22.0,-0.022074131,-0.01510574,-0.145237649,-0.100416015,0.0566654589,0.2117985804,-0.158728142,-0.003731636,-0.026612134,0.7044778764,0.0,5.5008513537,-0.023306972,4.6508598672,-0.006818008,2.1312494841,4.6657430275,0.4109931293,0.0,0.0,1.0,0.0,0.0,0.5596455351,4.0,0.1704066869,-0.118594866,-0.052687417,0.1862211088,0.7578200467,0.0931231784,-16245.82586,0.0642905452,11.272305642,-4.6909e-05,0.0075846707,0.0096199817,0.0308794991,0.3792583589,0.0006434199,2.0,0.0,-0.360182556,-0.048402151,6.0,10.507812234,0.4572757809,0.0,0.0183907878,0.0141027261,0.0376850392,0.5843883634,0.8834202823,8.8624797e-08,5.7158164e-08,1.023943266,1.048459812,0.0943154815,0.0661623955,-0.121493817,-0.091892872
87269,1.0213618129,0.0592152,-31.46698851,0.0458189464,11.372667456,0.4358993965,0.0167717043,0.213527472,0.0352248639,0.0016134815,0.2295420244,-0.005375405,-1.026114558,0.1199767787,0.0053754054,22.0,-0.000362039,-0.003448276,0.1310603206,0.0016212019,0.0784818177,0.0400800887,0.1181553684,0.0017123488,0.059822695,0.3597799264,0.0,0.6326780127,-0.128925593,0.6298721043,-0.128045472,1.2059421386,0.0787943557,0.0066716989,0.0,0.0,0.0,0.0,0.0,0.3733067376,4.0,0.0423748129,0.0024734571,-0.018519505,-0.085805368,0.3614868969,-0.033393796,-6758.562992,0.0256085935,11.547399353,-0.000184105,0.0014049415,0.0171573548,-0.001509712,0.069271837,-0.11787968,0.0,-0.001915447,-0.604889004,-0.027950512,5.0,9.4221419836,0.1718415418,0.0,0.0504109636,0.0244290887,0.0266645996,1.3079525435,5.7074852907,4.8128979e-07,6.1616461e-08,0.3057570051,0.0934873462,0.238305691,0.0355889501,0.0859712626,0.0732063074
87356,0.1040111887,0.0352517229,4.8062202876,0.00996495,0.2430517889,0.2606224069,0.2861554853,0.3074771752,0.4238137615,0.0066511387,0.2672885046,-0.164314026,-1.427499222,0.0855735298,0.1643140261,21.0,0.0001170533,-0.0625,0.014331943,0.5975123295,0.3029030419,0.0790569397,0.2713398123,0.0211029063,0.4121223568,0.6899651143,0.0,1.4646183358,0.2473907057,1.4477204125,0.2586889742,1.6417457453,18.732228354,0.2093987148,0.0,0.0,1.0,0.0,0.0,1.3980553961,7.0,1.1003245291,0.0089676611,0.028153218,0.0675165723,-0.498283383,0.0847977551,-609.0072134,0.0633299066,14.743722068,-0.00050064,0.0372970409,0.1204801919,0.0080320115,0.3846742664,0.0466587728,1.0,-0.001123516,0.7718152073,-0.051444266,7.0,16.074181998,3.2103932541,0.0,0.0177882425,0.0125601288,0.0238425718,0.393920645,5.3115295801,3.148284e-10,8.834145e-09,0.5837555592,0.3407705529,0.1001750901,0.0500380665,-0.153208491,0.0171249485
87302,0.4300300241,-0.093899747,0.007654321,0.0,0.6775793848,2.3434672817,-0.1951298,-0.033528519,0.3625677727,0.0147983438,0.0203608054,-0.130180647,-1.562202223,0.0527906468,0.1301806472,22.0,-0.001676335,-0.28,-0.204763592,0.1249890126,-0.034843431,0.2910344828,-0.325137431,-0.061505097,-0.107776403,0.8432641594,0.0,1.7640003528,-0.036958131,1.7237851662,-0.035692829,3.637654321,7.632183908,-0.093071508,0.0,0.0,1.0,0.0,0.0,0.8621080858,3.0,0.0765342912,0.0288694843,-0.260314256,1.4671455457,-0.409573797,0.0652710567,-3663.930671,0.0624291911,10.262014763,0.0,-0.047720608,-0.100720234,0.0046065694,0.8217031166,-0.015512727,0.0,-0.015470735,-0.098284832,-0.033648992,4.0,10.483834119,0.8670807656,0.0,0.013245021,0.0233886994,0.0450293088,0.4283006627,1.5683807447,1.6477936e-07,3.631248e-08,1.800794307,3.242860136,0.2278334708,0.1624692659,-0.293684897,0.1631852225
90358,0.830838115,0.0667017135,-21.37596164,0.0,8.2041251487,0.4365781453,0.025060246,0.0950037381,0.0332362236,0.0130327121,0.0936082684,-0.000964676,-0.125,0.0750394276,0.0009646759,21.0,0.0144764539,0.0495867769,0.0992385298,0.0100608268,-0.174071552,0.0363569958,0.1261040261,0.01593952,0.1089769746,0.6715159034,0.0,1.0551032828,-0.04911284,1.0264364898,-0.06277166,1.1914249109,0.05715918,0.0095086972,0.0,0.0,0.0,0.0,0.0,0.3660400272,5.0,-0.065120776,0.0039370504,0.0345155474,-0.276329066,-0.71312749,-0.078331147,-6600.835092,0.0256085935,12.807167874,0.0014656707,0.0052890687,0.0556983855,-0.007731274,0.0461655441,0.2340665387,1.0,0.011588785,0.2159815848,-0.027750959,3.0,12.270570419,0.4596016535,0.0,0.0230028965,0.0149713353,0.0248889414,0.4597411856,0.9350880173,2.2367388e-08,5.9296197e-08,1.1586487976,1.3424670362,0.0178421954,0.0393313971,-0.197680772,0.0732063074
87299,0.2488623302,0.0326088225,10.874417184,0.0,0.2056342478,0.1872132198,0.1039268041,0.1080714029,0.3404900551,0.0043765162,0.0489428259,-0.089086086,-1.181117091,0.07112366,0.0890860859,22.0,0.0,0.0833764889,0.1052426772,-0.090627186,-0.018359443,0.1959359515,-0.078477001,0.0748580753,0.1622047055,0.3587840846,0.0,2.5449846341,-0.209303107,2.5449846341,-0.209303107,2.9125103704,4.8452985522,0.2921299223,0.0,0.0,0.0,1.0,0.0,0.6321354701,5.0,-2.930476225,0.0596362303,-0.131447942,0.1709931357,-27.94826138,0.0735166064,2484.6295557,0.03476008,16.707269236,0.0006450288,0.0225877289,0.0399664303,0.0039727039,0.2362504967,-0.099273582,3.0,0.0005736686,0.9559815469,0.0514683179,6.0,17.606862086,2.0155536841,0.0,0.0187335536,0.0142523376,0.0190018792,0.2097459975,1.636364621,7.325822e-11,1.4592033e-08,0.3294274344,0.1085224345,0.4424345778,0.0329899191,0.0944758509,-0.054879185
87321,0.3916834681,0.0027383811,7.434592622,0.0,0.1887952833,0.3525969033,-0.039317538,0.0362148212,0.069830087,0.0412527818,-0.039615653,-0.102974712,-21.44701349,0.0614684772,0.1029747119,22.0,0.0,-0.088888889,0.2380184887,0.3618280125,-2.212390942,0.1896557155,0.1780990052,0.0333515428,0.0772121775,0.4364911786,0.0,0.7679501008,-0.119932115,0.7679501008,-0.119932115,5.3016263388,33.01729249,0.3439485214,0.0,0.0,1.0,0.0,0.0,0.1075833648,7.0,-2.600224521,0.2028983938,-0.30371332,0.3138142735,-28.537726,0.0638614236,-14408.7653,0.03476008,11.237863435,0.0,0.0056682787,0.0084364528,0.015660609,0.1247287659,0.3035765612,3.0,0.0,0.7428529957,0.0409307536,6.0,10.90584443,0.6549593496,0.0,0.0894309059,0.0426408227,0.0677371708,0.6504019817,2.3769428909,1.2980424e-07,2.6055547e-08,1.0018247175,1.0036527646,0.1665734489,0.079705336,-0.411025213,-0.054879185
87337,0.0944418549,-0.038381113,10.003911097,3.3478171e-06,0.0504981506,0.0197304242,-0.194902593,1.9192540302,-0.070212816,0.5098309375,0.2345271541,-0.291602288,-0.739202053,-0.010009715,0.2916022877,22.0,0.0443313506,0.5389221557,0.3310646763,-0.25114675,-2.662995899,0.0570092568,0.1669620073,0.1485041183,9.8919653398,0.7296175921,0.0,7.2097173129,2.469587296,6.5828858728,3.1197097463,0.2226481988,5.0051118733,-0.817889186,0.0,0.0,1.0,1.0,0.0,-0.851335398,3.0,-1.406400101,-0.129431268,0.5013404788,-0.309020443,2.9003665091,-0.027723694,-834.394977,0.0642905452,16.312914255,0.0044274767,-0.018427052,-0.02208112,0.0025063571,0.7601026115,0.7206617804,0.0,-0.003915427,0.2081586057,0.0483444347,3.0,18.7606451,7.2510024183,0.0,0.1203246266,0.0561738101,0.0720541077,0.3904408271,14.110925834,7.753965e-11,3.1268013e-09,1.8708915843,3.5002353201,0.027506304,0.1076579763,-0.79308077,-0.091892872
13704,0.1150613893,0.0006914018,17.745182425,0.0,0.0487290769,0.073655835,-0.017165844,0.3929846964,0.2835677218,0.0696118571,0.4549228592,0.003194653,0.6500479386,0.0002419575,0.003194653,21.0,0.017812075,0.0,0.0871217866,-0.051934512,-0.111574355,0.2713145322,-0.187248463,0.1130166623,0.3683150443,0.4658507899,0.0,6.1316152658,0.347724556,5.7281609117,0.3246785397,1.5002008378,4.0968235533,0.1608151007,0.0,0.0,1.0,1.0,0.0,0.3826782392,3.0,4.0596850335,-0.004667216,-0.040220977,1.1646705227,-1.03566109,0.1965903757,1469.8503333,0.3461731473,13.974954384,-0.00259217,-0.01072978,-0.017718342,-0.000690446,0.2846793437,0.2529709795,0.0,0.0002072968,0.5936052472,-0.093340876,5.0,15.693353674,3.3781320637,0.0,0.2158399075,0.0577972461,0.0726131117,0.5336494151,17.382501514,1.1877691e-09,4.8878984e-09,0.89912973,0.8084342714,0.1184388306,0.0610008007,-0.733532333,-0.094679308
89597,0.6945979825,0.0975109966,-0.304741784,0.0,0.3707514177,1.02872955,0.1224868102,0.0836009883,0.3279184682,0.0036836935,-0.050339794,-0.080869166,-0.91635875,0.1868660516,0.0808691657,20.0,-0.023982095,0.1052631579,0.1445699708,-0.173103407,-0.000388936,0.1513157895,0.0991028708,0.0216491662,0.1839651611,0.4637963063,0.0,2.4126219744,-0.063810061,1.3515397288,0.1029564365,7.021462106,5.3322580645,0.3294603666,0.0,1.0,1.0,0.0,0.0,0.578248004,6.0,1.4420240013,0.0844769963,-0.072741401,0.4507460438,5.5285745462,0.2736134146,-5715.920731,0.0232852488,10.456698855,0.0143679832,0.0314052711,0.0482392468,0.0248325717,0.1512750178,-0.032916128,0.0,0.0,0.6518628326,0.0162389157,5.0,10.831430772,0.7132584633,0.0,0.0570570752,0.042494181,0.0615269787,0.8835691317,4.2630878644,2.3869188e-07,2.2799725e-08,1.1805215082,1.3936310313,0.2037004352,0.0783172013,-0.324777845,-0.24467985
87430,0.2741484059,0.0238505854,5.7425405242,0.0,0.1844939072,0.2215289777,0.0262323189,0.3177065767,0.1819561551,0.1538973705,0.0432233205,0.0246653085,0.4211180124,0.0138066743,0.0246653085,22.0,0.0146245634,0.0666666667,0.0420905923,0.0122116211,0.0358314856,0.1317621853,-0.104692843,0.055143339,0.611740115,0.4610285385,0.0,3.8704453441,0.354137044,3.45951417,0.3707508976,1.9598951507,2.7458685274,0.1723515907,0.0,0.0,1.0,0.0,0.0,0.3347848807,6.0,-2.846841842,-0.018663411,-0.148157765,0.1962792113,-27.88532731,0.0161996207,-11223.11413,0.03476008,14.455372815,0.0004751561,-0.001024131,-0.001709584,-0.000506123,0.23444036,0.0445596998,0.0,0.000896459,1.2406189523,-0.048163562,4.0,15.762640329,1.9661887924,0.0,0.0570047498,0.029673111,0.0461685083,0.4362744153,3.1463862612,1.6838829e-09,1.615265e-08,1.4536185808,2.1130069784,0.2395175296,0.050591807,-0.090715234,-0.054879185
12308,0.1857404066,0.0251399114,66.944632315,0.0,0.888908877,0.3777774948,0.0636281192,-0.026871272,0.1236537371,-0.077365985,0.0415809539,-0.077566571,-3.519553073,0.1136211636,0.0775665711,22.0,0.0,0.0105152471,0.0579713312,0.0696462301,0.0498884028,0.2728064997,-0.019287293,0.0261222231,-0.242963905,0.1498009792,0.0,0.4037516749,-0.242958399,0.3955443038,-0.242958399,48.514028056,21.997728305,0.1157714664,0.0,0.0,1.0,0.0,0.0,0.4603593576,6.0,0.6076281083,0.0675117925,-0.205212213,4.6948015483,0.0824535449,-1.638519313,111319.06627,0.0456208962,18.091141041,0.0011789754,0.0084498632,0.0629200703,0.0068151349,0.0032702902,-0.006397649,2.0,0.0012782451,0.7779911745,-0.061178665,4.0,19.06068238,2.0476553595,0.0,0.0454937778,0.0279168992,0.0381510005,0.3358123226,5.3522738406,2.8964e-11,1.1829966e-08,0.6100278452,0.3721339719,0.0625711996,0.0314237966,-0.367234811,-0.071440083
90808,0.0794225077,-0.137385159,2.1763026689,0.0064695155,0.7712924853,0.2734553758,-0.120099875,-0.127288009,0.164316399,0.0069986466,-0.075701229,0.0609385129,0.4678407351,-0.201659533,0.0609385129,20.0,0.0,-0.248031496,-0.569155548,0.1143448373,-0.0785922,0.3154362416,-0.02630725,0.0223197609,-0.619359718,0.3349705725,0.0,1.0421753607,0.443550978,1.0421753607,0.443550978,1.2500601106,6.3325213155,-0.112614236,0.0,0.0,0.0,0.0,0.0,0.796319637,1.0,103.79230449,-0.186083052,-0.220249153,-0.489806758,-0.672629449,-0.088001017,15677.251053,0.2166316341,17.092185615,0.0056405305,0.0155493983,0.2339763535,0.0587378297,0.3015858549,0.0439463208,2.0,0.0097010372,2.1372010191,0.1423777984,3.0,18.840294204,4.2729447882,0.0,0.0488214605,0.0261215212,0.0363825269,0.2124135295,3.1692618603,4.949162e-11,7.4975315e-09,1.7111841391,2.928151158,-0.006415794,0.0484882544,0.1299629252,0.3361807193
87394,0.2097509248,0.0177062682,3.5378552468,0.0,0.105395078,0.0998448628,0.0534309441,-0.230023709,0.0316144432,-0.139937607,-0.217614563,0.0486835794,0.9959266802,7.21233e-05,0.0486835794,22.0,0.0,-0.035714286,-0.152894056,0.0074941756,-1.052102308,0.5792951542,-0.09612026,-0.010813149,-0.236111609,0.7322362946,0.0,8.4681093394,-0.063963568,8.4681093394,-0.063963568,0.511676355,2.2004190449,0.176215183,0.0,0.0,0.0,0.0,0.0,0.0471244195,6.0,-2.204609648,0.100906211,-0.250538717,0.1318817303,-28.93701299,0.0024650697,-14293.26012,0.03476008,11.963857014,0.0049865044,0.0265658793,0.0337522152,-0.001872641,0.7390155928,0.0022317611,0.0,-0.002923977,6.326786684,-0.197911164,1.0,12.952216549,2.0177703735,0.0,0.0283223595,0.0167454977,0.0323387473,0.3299040549,2.5835510732,1.2065255e-08,1.3065886e-08,1.1256608687,1.2671123913,0.0574198251,0.0575783741,-0.347841437,-0.054879185
87510,0.3818667445,-0.040138926,-0.584701322,0.0,1.1726487935,2.4977802897,0.0048269995,0.0469185887,0.4498939138,0.0485282009,0.0257198627,-0.035031396,-1.32630814,0.0130976581,0.0350313963,22.0,0.0017419722,0.1833333333,0.1648958241,0.0368297801,-0.073356263,0.1600073855,-0.153598436,0.0058150957,0.1178643098,0.4827292891,0.0,1.2841563664,0.0980450471,1.2410550594,0.0977681419,31.23620611,4.0169000539,0.0199140961,0.0,0.0,1.0,0.0,0.0,1.9238290423,5.0,-2.948142517,0.1896528724,-0.031491098,0.3039975499,-28.17774919,0.0154906046,-14461.16959,0.03476008,12.448397292,0.0049675119,-0.033447604,-0.147651007,0.0075542199,0.5668516157,0.1134418689,0.0,-0.011782683,-0.37940972,0.0430357347,3.0,12.346158345,0.7284995324,0.0,0.0256183725,0.0121310421,0.0217462895,0.4350474729,1.3423072286,1.3845391e-08,4.0803386e-08,1.0435083272,1.0889096289,-0.061015381,0.0969921125,-0.907744939,-0.054879185
87445,0.2229011888,0.0277470073,15.149375962,0.0,0.1281512688,0.2130699525,0.1123149806,0.1102668239,0.2854709813,0.0110539564,-0.004771862,-0.044906152,-0.539935307,0.0427285962,0.0449061523,22.0,-0.009539971,-0.094995759,-0.024465798,0.0312158478,-0.010805748,0.1896523584,0.0423252942,0.0002401852,0.1893026854,0.3219593888,0.0,2.2638980155,0.3152218661,1.8074648443,0.4989211878,4.5850542267,4.9450408588,0.2784510789,0.0,0.0,0.0,0.0,0.0,0.4757800125,5.0,51.92516235,0.0017963184,-0.175901529,0.4203007342,-1.164074005,4.1562269796,6961.8171086,0.0357482652,16.820295073,0.0016539177,0.0094284569,0.0183387123,0.0280865444,0.0381934591,-0.13887371,1.0,0.00160622,0.3448389661,0.0041405074,6.0,17.266632839,1.1565513168,0.0,0.0219271015,0.0158876778,0.0226657229,0.290871898,1.8555728227,8.411734e-11,1.7929844e-08,0.9999504043,0.9999008111,0.0892015846,0.0310391037,-0.042617962,-0.145662284
87487,0.507546042,0.0331443039,-1.502053071,0.0409593876,2.1146517232,1.3938119067,0.0557323633,0.0084726719,0.0684121018,0.04268808,-0.009002952,-0.064931053,-5.221129468,0.2061950057,0.0649310526,22.0,0.0002662286,-0.038461538,-0.022578795,0.0958728986,0.1430301371,0.2209186581,0.0394736338,0.006212782,0.0920247993,0.5399824675,0.0,10.984844977,1.3477019489,10.713638132,1.3471113162,2.4177449255,1.4057025847,0.0424373862,0.0,0.0,1.0,0.0,0.0,0.278938098,6.0,2.0058140509,-0.020037056,-0.245482481,2.3861582163,-0.465442075,0.6209692097,-9417.468476,0.0642007103,13.993875153,-0.003319341,-0.002221106,-0.015772364,0.0094655599,0.0867657125,-0.004866542,0.0,-0.01024841,0.3248004595,-0.097057589,4.0,14.649245275,1.470867289,0.0,0.0208333768,0.0222073659,0.034347083,0.4573326073,4.2777419356,1.9483109e-09,1.4700322e-08,1.1724507971,1.3746408715,0.1542309476,0.0529105553,-0.337865832,0.06707331
87541,0.2482259278,0.0352500239,7.6950613775,0.0245373811,0.320148211,0.5091143372,0.1387218637,0.0272810194,0.2481964676,0.0018488194,0.0053063773,-0.077960324,-1.240347072,0.0789722879,0.0779603245,21.0,-0.00084532,-0.019354839,-0.04395273,-0.004278381,-0.072672946,0.1174918066,0.030010497,0.0425799497,0.0570823836,0.5320212425,0.0,3.5143112701,0.0263308979,2.5075389727,0.0775732995,6.1638585447,7.9500895522,0.2074068752,0.0,0.0,1.0,0.0,0.0,0.5531422989,5.0,-0.016650464,0.0018144107,0.0244338485,-0.789790961,0.0847116675,-0.093830781,4255.1825809,0.0738375305,16.530355854,0.0049778911,0.0326834862,0.0728159568,0.0234689227,0.207535802,0.0377484091,3.0,0.0021100116,1.0359658565,0.0095931641,6.0,16.993507482,1.4508774364,0.0,0.0214926247,0.0143100401,0.0214978205,0.2283647506,1.5476128771,1.355885e-10,1.6831264e-08,0.579228181,0.3355052856,-0.004135179,0.032845263,0.2453773684,-0.133267297
87583,-0.326622837,-0.290126497,4.6266221426,0.0003351672,0.6400169938,0.1413956535,-1.194700268,0.380976599,-0.700646989,0.4228257557,0.109352198,-0.226135531,-0.231148501,-0.223064192,0.226135531,21.0,0.0,0.0945121951,-0.412388036,0.5165998731,1.2995910877,0.1191139871,-0.397635811,0.1990536582,-0.09622109,0.6197390613,0.0,0.8760355394,0.2371663497,0.8760355394,0.2371663497,0.8828388621,76.205704408,-0.457890229,0.0,0.0,1.0,0.0,0.0,0.7539759314,2.0,0.0825221982,-0.535203997,-0.083492363,-0.570474776,5.6879042352,-0.136316829,-5122.881241,0.0232852488,13.12237719,0.0,0.1402619349,-0.78023798,0.1832499896,0.5975884233,-0.138010288,1.0,0.0304761905,0.1336088789,0.0424347199,3.0,14.792953284,3.1734756259,0.0,0.0447154045,0.0344292903,0.0533222652,0.2973589979,3.4699926568,3.8302526e-09,7.9265267e-09,1.1901490152,1.4164546783,-0.025209645,0.0986512071,-0.760947603,-0.24467985
87589,2.7991601235,-0.40639025,-19.60197505,0.0319786992,10.785651217,4.7154627762,-0.000180938,-0.028216193,0.0315264584,0.0487935657,-0.008570443,-0.029332597,-1.237194641,0.0963935896,0.0293325967,21.0,0.0,-0.210709318,-0.211849178,-0.080255284,-0.391737435,0.1255018604,0.6038454758,-0.006023209,-0.059085046,0.1380310419,0.0,1.9160899654,0.2794779864,1.9160899654,0.2794779864,9.9303434655,4.3494883427,-0.01408299,0.0,0.0,1.0,0.0,0.0,0.0248401801,3.0,0.4399232074,-0.040560243,-0.426436779,10.633210778,-0.120105526,-1.655746887,-16799.96018,0.0456208962,9.9759738157,0.0006997891,-0.002098815,-0.006395402,0.1696355447,0.0630998927,-0.047431872,0.0,-0.04494382,1.1248741481,0.0146358144,1.0,9.3685877861,0.5413557458,0.0,0.0404623896,0.0247989959,0.0418419675,1.0254092423,1.5716470969,1.0252558e-06,5.7835522e-08,1.8493208808,3.4199877202,-0.025174449,0.092694049,-0.117149925,-0.071440083
87812,0.2145097726,0.0022403151,5.5594894595,0.0,0.1418894862,0.1585217388,0.0295451465,0.1902459499,0.3268268917,0.0098629759,0.4177262675,-0.067162259,-9.830580161,0.0242639127,0.0671622587,21.0,-0.003486591,0.1896440129,0.0586505467,-0.199549588,-0.020402902,0.3728735714,0.004841166,0.0110355954,0.0760413649,0.4609444501,0.0,3.4299749032,-0.499595836,3.1956604264,-0.494666254,1.2235377399,9.3168678877,0.1108930672,0.0,0.0,0.0,1.0,0.0,0.4639294526,4.0,0.1588053217,0.0399173104,0.152062336,-0.188952525,0.2036586395,0.0065499345,-10773.49489,0.0642905452,15.411892176,0.0066096265,-0.010411381,-0.016078139,0.0091675842,0.7491428772,0.0170686383,0.0,0.0013555936,3.2633055615,0.2099817805,5.0,16.661214431,2.4703807988,0.0,0.0417976677,0.0276957071,0.0397721218,0.4206718592,5.8621047078,4.672361e-10,9.2041744e-09,1.0437500363,1.0894141384,-0.010247509,0.0412881313,-0.624481153,-0.091892872
87657,0.0803144397,0.0144570557,35.502740276,0.0,0.0467527906,0.0770135817,0.2138572337,0.1154421171,0.5260245681,1.9856527977,0.1380459868,-0.03364614,-0.280422638,0.0185111413,0.0336461399,21.0,0.023518783,0.071942446,0.0088086477,0.0026327171,-0.003832205,0.0719752921,-0.080844087,0.09195296,0.1026926693,0.4263985713,0.0,3.4578811948,0.0457077715,2.5603535071,-0.013928981,3.0906848929,7.2765428003,0.3720465358,0.0,0.0,0.0,0.0,0.0,0.8189137719,5.0,51.869046222,0.020299566,-0.008963324,0.2777139852,-0.371923546,4.1320095247,49432.261149,0.0357482652,18.000958152,0.0017203858,0.044387309,0.066253677,0.0023957881,0.221131576,-0.0305426,0.0,0.0,0.083674465,-0.006715908,7.0,18.000665081,0.8967391071,0.0,0.0454468094,0.0287102306,0.0339665584,0.3306672372,1.806539916,5.696223e-11,2.2700366e-08,0.8514542966,0.7249744191,0.1026265577,0.0340657654,-0.371572796,-0.145662284
87659,0.8027336417,0.0592815982,-0.876187396,0.017075127,1.059113887,1.0575938461,0.0867497027,0.0377587619,0.2937671214,0.0002759636,-0.008396584,-0.03104428,-0.957264957,0.1160297948,0.0310442797,22.0,0.0087589218,0.1896551724,0.0705749603,0.0670936722,-0.003484275,0.2072329289,-0.032912999,0.0275353724,0.1056598507,0.2879326729,0.0,2.115685544,0.0980657485,1.4716840537,0.1221728296,4.3558013356,9.05160451,0.0972298311,1.0,0.0,0.0,0.0,0.0,0.6785539814,7.0,-0.015330767,-0.058894495,0.0884926071,0.2741772218,-0.215016632,0.0816106979,-1782.002165,0.0495151733,14.539390835,2.82414e-05,0.0120914674,0.0291743848,0.0275634098,0.130408752,0.0191761807,2.0,0.0046831956,0.6489104394,0.140227771,5.0,15.317180135,2.1385806093,0.0,0.0240835305,0.0119244778,0.0289234563,0.2362611486,1.6368166156,7.296837e-10,1.6157097e-08,0.8786091852,0.7719541003,0.1981014914,0.0532788676,0.1751797877,-0.010696088
88810,0.0574172368,-0.050191568,8.943386188,0.0,0.128840324,0.1832927079,-0.557105427,-0.252024477,-0.191551071,0.0079112794,-0.185613414,0.1739969839,0.75447149,-0.088059675,0.1739969839,21.0,0.0022020027,0.036809816,0.832090811,0.2523261982,-1.418878906,0.0343201594,0.4003429041,-0.043247566,-0.367722754,0.7306634112,0.0,2.1787664357,0.0657564956,2.1386596802,0.0581776381,1.8947616306,6.800287986,-0.34141065,0.0,0.0,1.0,0.0,1.0,-0.550404162,4.0,2.2713716768,0.4452382799,-0.141194743,-0.186434702,5.8110022283,-0.001312312,-5153.841121,0.0232852488,12.91421361,-0.00110517,-0.103929602,-0.307620026,0.0050820058,0.7674648023,-0.031305091,0.0,-0.005509642,1.3776595093,0.0368359592,3.0,14.353313857,2.214096126,0.0,0.0668896511,0.0303893133,0.05066072,0.3555076918,2.8149310798,6.7867155e-09,1.3389003e-08,1.5127679581,2.288466895,-0.095749401,0.0956631133,-0.200844823,-0.24467985
88152,0.2509143773,-0.019577006,12.249614096,0.0151795523,0.3631091197,0.3425215325,0.1149647871,-0.094923262,0.2643907952,-0.022489684,-0.023196949,-0.149840348,-4.946118961,0.077253196,0.1498403482,22.0,0.0063304112,0.0566762728,0.0748573374,-0.045092224,-0.054953238,0.3381596728,0.0542020854,0.0189024295,-0.181861338,0.276009014,0.0,2.5987865422,-0.183322022,1.7561474414,-0.237990803,6.4514326886,7.9935975589,0.0476290372,0.0,0.0,1.0,0.0,1.0,0.5491472225,3.0,-10.63989311,0.0274121484,-0.261898157,-0.104205859,-2.778203759,0.2198297492,-2322.596622,0.02204135,15.448429445,0.0042045608,0.0071378885,0.0163659099,0.0107672536,0.0864662685,-0.016120705,0.0,-0.001298385,0.9293712904,0.0088112801,5.0,16.592367164,2.7984574697,0.0,0.0190550759,0.010837947,0.0136140591,0.3496835869,5.6003932133,1.277414e-10,6.9765493e-09,1.3831007054,1.9129675612,0.0014780605,0.0500609193,0.6960344854,-0.24467985
93368,1.0638018162,0.1475040952,-15.43498037,0.0181893431,7.6840132021,0.6866807405,0.0409679147,0.1929068731,0.0845208962,0.0548030515,0.1845322919,0.0165128678,0.9001226068,0.0147323245,0.0165128678,13.0,0.0250893856,0.1879194631,0.4032436889,0.3268547369,0.0818977301,0.1126918757,0.1171264051,0.0434257204,0.2571038723,0.5758610176,0.0,0.9233962808,-0.09031988,0.8705060484,-0.114787702,1.4143004498,0.1190122278,0.02731855,0.0,0.0,0.0,0.0,0.0,0.7324324546,6.0,0.097637626,0.0174581291,0.1728482337,-0.043365365,0.3813742861,-0.13863825,-6731.845142,0.0256085935,11.819139467,-0.000467719,0.0034913617,0.0310715969,-0.007626589,0.0674805942,-0.117664807,1.0,0.0008988764,0.5488686216,0.0025759675,3.0,10.585795194,0.4061176705,0.0,0.0091911238,0.0098151091,0.0160873059,0.5924874253,0.4491149674,9.0239984e-08,1.4577814e-07,0.5837612041,0.3407771434,0.0635192363,0.0338604318,-0.058671401,0.0732063074
88167,0.4856913956,0.0204868481,4.6451826042,0.0,0.2417116589,0.3559515348,0.0289939381,0.0219980226,0.310603337,-0.027363415,0.0982652468,-0.044012418,-1.545880349,0.052157064,0.044012418,21.0,0.0,0.2203196347,-0.036542942,-0.554188451,0.048738226,0.6001908587,0.1991326209,-0.011102169,-0.012141894,0.2125978437,0.0,0.960508029,-0.550117392,0.960508029,-0.550117392,5.265754721,5.3107592191,0.2788176068,0.0,0.0,0.0,0.0,0.0,0.4493565328,5.0,-2.937763047,0.0398157853,0.0054952035,0.407822201,-28.93701299,0.0545500105,-13910.48622,0.03476008,13.27162305,-0.000866633,0.0030223533,0.0044068524,0.003555267,0.1224020343,-0.007920455,0.0,0.0020993702,0.0810365197,-0.095897632,5.0,13.092380926,0.7255856804,0.0,0.0361445434,0.0206069802,0.0302258239,0.254550212,0.8228166284,9.0535094e-09,3.2552312e-08,0.6647000257,0.4418261242,0.1004985378,0.035133404,-0.383632044,-0.054879185
88173,0.3231364464,-0.121041588,1.843633689,0.0,0.0979859493,0.0495850192,-3.524391901,-0.445469663,-0.420983206,0.3314513701,-0.679654638,0.2715835644,1.4408269881,-0.295441576,0.2715835644,21.0,-0.013653997,-0.576086957,-0.925498257,0.0675145503,-1.08666956,1.9226736566,2.8035475113,-0.177980202,0.3353515341,0.7526146535,0.0,3.3696320984,-0.348119842,3.3696320984,-0.33982648,0.1575767526,60.746835443,-0.319741632,0.0,0.0,0.0,0.0,1.0,-1.625904134,1.0,-1.428224529,-0.683308299,-0.754091515,0.0792845077,6.1865054193,-0.208694213,-5262.534301,0.0232852488,12.50900705,0.0,-0.134687078,-0.168487171,-0.009235384,0.7016654094,-9.401486457,0.0,0.0041580042,-0.145543845,-0.122375548,2.0,12.660190502,0.8942537802,0.0,0.1199999899,0.0559544983,0.0689937274,0.5437147557,2.913144764,3.1902182e-08,2.6363932e-08,1.1940133451,1.4256678683,0.0580136161,0.1631687723,-0.746322332,-0.24467985
88174,0.0580258441,-0.025593942,5.7314529651,0.0,0.1813793488,0.0872097984,-0.168178721,0.962965419,0.5296853972,0.0582927326,1.093768106,-0.18589309,-1.312331543,0.0079937954,0.1858930897,21.0,0.0,-0.104399702,0.2572314298,0.3393702109,-0.036263557,0.2400509989,0.1433582554,0.0537828402,0.6422661326,0.7638095371,0.0,3.5905414023,1.2004003597,3.5905414023,1.2004003597,0.5604507821,4.5586461584,-0.14554001,0.0,0.0,1.0,1.0,0.0,1.7298683812,4.0,-2.903477189,-0.153052404,-0.319224133,-0.01984335,-28.37520446,0.0103867418,-10394.40792,0.03476008,14.341461146,0.0049931387,-0.031431645,-0.125364933,0.0056994141,0.5936164819,-0.035762411,0.0,-0.000339271,2.5207611334,-0.036855709,6.0,15.856672803,3.8558047907,0.0,0.0606059991,0.0356239808,0.0513658573,0.1980896301,2.260484468,1.3780648e-09,9.4079503e-09,1.1634715654,1.3536660835,0.1288972241,0.0841074071,-0.503405345,-0.054879185
88195,0.2247442588,-0.054579086,2.0528405046,0.0,0.1990100456,0.0533142528,-0.464192352,0.4721983448,-0.194301006,0.2249661559,1.154460706,-0.369110177,-2.403972032,0.0766275103,0.3691101769,21.0,0.0,0.1666666667,0.1539032296,0.9874006093,0.0695041778,0.0505655474,0.3794873202,0.0170803556,0.1518423133,0.752240797,0.0,4.5954844058,-0.20809601,4.5954844058,-0.20809601,0.1842652976,18.88352772,-0.357030842,0.0,0.0,0.0,0.0,0.0,-0.28636887,4.0,1.3224880822,-0.0001865,-0.011337892,-0.01910768,5.6553290503,0.1633748733,-3529.557506,0.0232852488,13.319164701,-0.000156686,-0.05708656,-0.107054104,-0.022271236,0.5481798244,-0.16849084,0.0,0.0011098779,4.3177189533,0.2410015268,6.0,14.323082866,1.6950922713,0.0,0.0404475294,0.0344343375,0.0549406209,0.2507720917,1.6579929456,6.0568047e-09,1.5524623e-08,0.9508528658,0.9041211725,-0.195549879,0.0780361429,-0.17822015,-0.24467985
88159,0.3004487806,0.0178725096,3.4529486812,0.0,0.0412864389,0.157896086,0.1014001979,0.1334607858,0.5093187037,0.0222943205,0.2930395593,-0.048322609,-0.869566384,0.0334138432,0.0483226088,21.0,0.0040203798,0.2528363047,0.0204210689,-0.355719994,-0.001989976,0.0828034132,-0.100083221,0.0195569744,0.1145589779,0.6528286168,0.0,7.0624896168,-0.003014129,6.960011336,-0.00479836,0.8184902896,5.9715071807,0.5281359189,0.0,0.0,0.0,0.0,1.0,0.5696465536,4.0,1.1984060421,-0.077511067,0.0748317461,0.0565968419,7.3080709038,0.1201612061,507.90326893,0.0232852488,15.783292225,0.0099652162,0.0161384142,0.0186992463,0.0145559363,0.5730716608,-0.027374053,0.0,-0.001892148,1.7018771821,-0.103530132,6.0,16.13376284,1.3197450071,0.0,0.027715642,0.0150450121,0.0251337526,0.2467143076,1.3385530197,3.227307e-10,2.0379893e-08,0.650274278,0.4228566367,-0.014967027,0.0593223967,0.1649067889,-0.24467985
88182,0.2625080104,0.0173744174,7.292638613,0.0,0.379084268,0.3898486914,0.0554916809,0.0287816747,0.2563527387,0.0012861252,0.0016662093,-0.076064001,-2.775832622,0.0656028921,0.0760640009,21.0,0.0022230672,-0.00862069,-0.047644937,-0.006510186,-0.053482867,0.2130937099,0.0968500388,0.0346329595,0.0717206288,0.422976096,0.0,1.9015228426,0.1449434229,1.1541952822,0.1740818422,4.8589921405,7.7736686391,0.1564149521,0.0,0.0,1.0,1.0,0.0,0.6031741224,5.0,0.1738753156,-0.01009322,-0.046202367,-0.140954287,-0.333295194,0.0478889138,-2887.315727,0.0642905452,16.935321913,0.0156580938,0.0360350926,0.0818359581,0.0215428773,0.1577728813,-0.006420831,3.0,0.0028402884,1.983764077,0.2036492471,6.0,18.312801501,3.2107082526,0.0,0.0638547242,0.0332331063,0.047114758,0.276287571,3.6393022,9.051678e-11,8.0010162e-09,1.6176120603,2.6166687775,-0.015376421,0.0476667272,-0.148519973,-0.091892872
88260,0.3670437352,-0.184174452,2.4468460977,0.0,0.1330715778,0.2836310157,-0.611137154,0.1141562399,0.3910945451,0.329005568,0.1191032228,-0.333852738,-0.860115345,-0.02576318,0.3338527378,21.0,-0.04324957,-0.139737991,-0.40578867,0.1661765156,0.0453829637,0.4469211717,-0.159711214,-0.036484835,0.1123734983,0.5892613621,0.0,3.7411742496,0.1226888262,3.5103832358,0.2654437108,1.2966959723,8.7446489726,-1.173462641,0.0,0.0,0.0,0.0,0.0,0.5270045656,3.0,-0.349651474,-0.39580496,-0.177319668,-0.036418562,-0.047798041,-0.043477158,-16222.86161,0.0642905452,11.643390186,0.0002762296,-0.064260133,-0.091705318,0.0275326652,0.6226111522,0.1478201051,2.0,0.0020920502,0.5756386077,0.1552442666,3.0,12.441377359,1.6149487018,0.0,0.0518868566,0.0282613343,0.054133943,0.4216884889,2.4128857514,4.4002472e-08,1.9374807e-08,1.5605302489,2.4352546576,-0.004906771,0.0873164257,-0.870548341,-0.091892872
89572,0.2575726237,-0.002348759,5.4691116576,0.0,0.045477455,0.0990506731,-0.022887424,0.0334353463,0.3134155497,0.0193232291,0.0043389151,-0.058088689,-7.373686423,0.0149702505,0.0580886894,21.0,0.0,0.057591623,0.1511611896,0.0481124738,0.0068022893,0.3498617622,0.2579485833,0.0031176247,0.0387486711,0.5256733626,0.0,5.94602555,-0.121576561,5.94602555,-0.121576561,0.770967494,3.2131053036,0.074885507,0.0,0.0,0.0,0.0,1.0,0.3706486381,5.0,0.2395873581,0.1596814866,-0.03974034,87.873023504,-11.78885716,-9.211317135,-2475.218212,0.0109914292,13.644999024,0.0001757504,-0.000537626,-0.000630151,0.0079890848,0.4571229828,0.0682238169,0.0,0.0007030701,1.334539561,-0.055293249,6.0,13.793304863,1.0706396059,0.0,0.05069777,0.0278652013,0.0409442206,0.3788431723,2.6582443968,4.7612257e-09,1.7201563e-08,1.0004118725,1.0008239146,0.1020120281,0.0568921868,-0.025936157,0.0069773022
88534,0.2030577348,0.0418339405,11.373934188,0.0710887909,0.0206567986,0.1903382346,0.2032412327,-0.348047947,0.3178163963,0.001858844,-0.679654638,0.0137836578,0.0933859822,0.0379272369,0.0137836578,22.0,0.0074017951,-0.011627907,0.0670957585,0.1410257196,0.0130743986,0.0516735891,0.0090464979,0.0042362682,-0.114660233,0.6654550321,0.0,7.1561488673,1.9486703983,5.3175566343,1.5172116753,2.7879264457,5.6957488878,0.6742843101,0.0,0.0,0.0,0.0,1.0,0.4754942562,6.0,0.064163161,0.1007946141,-0.235961995,-0.147631055,0.204970667,0.1312945322,-10978.56557,0.0363924557,11.769074767,0.0087613729,0.0566310101,0.0664957191,0.0047656829,0.3051761057,-0.006157412,0.0,0.0023621929,4.6863986937,-0.11824625,4.0,11.02123694,0.3192257218,0.0,0.0141570317,0.0129107807,0.0290063992,0.5523509509,0.5121302379,1.1974405e-07,1.3184756e-07,1.0237225262,1.0480078107,0.2153853048,0.0690426928,0.0091061726,-0.028114825
88264,0.7199807545,0.0928638515,-1.113215473,0.0,0.9019107159,0.8844922578,0.0267468517,0.8986989942,0.6286537867,0.3163969151,1.5943139366,-0.010983954,-0.146436997,0.1064625551,0.0109839542,21.0,0.0262046853,0.7129923042,0.4984523478,0.3168871857,-0.10105296,0.6582493995,-0.293802791,0.1124090081,0.4213055219,0.2547592009,0.0,1.366315661,0.0113607505,1.2266764338,-0.041193951,6.2182288481,3.5492643162,0.2796642801,0.0,0.0,1.0,0.0,0.0,1.0155756278,5.0,-2.603468403,0.1696297245,0.498167873,0.6421115599,-26.78166561,0.1088555015,-13644.30534,0.03476008,13.157511206,0.0010909779,-0.040734399,-0.088798278,-0.023314647,0.0748255657,-0.012267049,0.0,-0.001672241,1.5656591445,-0.088168072,5.0,13.049590378,0.7358114814,0.0,0.0819672123,0.0260654176,0.0393027061,0.3982607905,0.7612040521,1.9309359e-08,6.0911297e-08,1.6644598398,2.7704265582,0.1296161463,0.071959944,-0.17965732,-0.054879185
90071,0.183187896,0.0556106113,0.8238960814,0.032385003,1.4417323573,0.9915044869,0.0967918338,0.1892107573,0.1248902721,-0.019132837,0.2182806597,-0.096744796,-2.601960784,0.200307241,0.0967447964,21.0,-0.004082674,-0.103342801,-0.074126871,0.0439219095,-0.004743052,0.152738764,0.2518026855,-0.006463969,0.0132689988,0.421346732,0.0,3.1477806789,1.4046679473,2.9770234987,1.596228626,2.313740458,10.058628319,0.0785046729,0.0,0.0,0.0,1.0,0.0,0.7008443908,4.0,0.3454677078,-0.129847062,-0.107351081,-0.2565577,-0.092376669,0.0167036256,-2348.374958,0.0260918659,15.978066504,0.0342923876,0.0748415745,0.6360062893,0.3804158263,0.0722689076,0.0362823728,3.0,0.1178055351,1.731516651,-0.079118803,3.0,17.144054593,2.4020596978,0.0,0.0422647595,0.0226236757,0.0278771956,0.1896651561,1.8870828558,1.782917e-10,1.1162436e-08,1.0353932105,1.0720391004,0.0438636722,0.0370508689,-0.214829853,0.1163368332
88351,0.0806447212,-0.085966588,5.6632140605,0.0,0.1520824322,0.0480602012,-1.014962092,0.0725529739,0.1815521778,0.1458598158,0.0824884265,-0.097165076,-0.25414669,-0.064118464,0.0971650761,21.0,0.0276628355,0.1977011494,0.2047821085,0.3436132233,-1.804531112,0.1566134954,0.6805232761,0.0195150472,0.0543042106,0.7834458227,0.0,5.2428897287,-0.195049081,4.8254732465,-0.219324023,0.3086084436,9.9271223282,-0.557224727,0.0,0.0,1.0,1.0,0.0,0.4020345927,4.0,1.4919136428,0.0277553968,0.0196965909,-0.163207218,5.0912776888,0.0226288991,-2325.470351,0.0232852488,14.779459971,-0.003443497,-0.091653568,-0.212246235,0.0009553622,0.6453534954,-0.012767097,1.0,-0.001089325,0.7095202356,0.1226327717,5.0,15.324742757,1.5944482096,0.0,0.0430020057,0.0290420362,0.0470560281,0.3255196838,2.7551373455,9.536839e-10,1.3902062e-08,1.4823044788,2.1972265679,-0.078980464,0.0797954649,-0.165173154,-0.24467985
88343,1.1952329007,-0.411462955,-8.189865348,0.0531122859,8.6122744611,0.4154450134,0.0209089369,0.1018884527,0.0306908204,-0.011412399,0.1873561413,-0.061186067,-1.390985105,0.1608758866,0.0611860674,21.0,0.0004829281,-0.073569482,-0.082868058,-0.084317111,-0.193361228,0.1209088862,0.0283975853,0.0005410371,-0.274435753,0.5704600519,0.0,0.8784785137,-0.126657862,0.8779161,-0.127197137,0.3953448345,0.0666953791,-0.049370992,0.0,0.0,0.0,0.0,0.0,0.1658260838,3.0,-1.297011921,-0.00169427,-0.088640712,0.0880657194,-0.730284277,0.0075053118,-3867.869642,0.0256085935,15.166911089,0.0011995406,0.0040150296,0.0363939718,0.0068766352,0.1030828568,0.068797832,0.0,0.0037511033,0.4195585285,0.003225185,4.0,16.304593507,1.9872112527,0.0,0.0573533401,0.0287985961,0.0403273039,0.3265374397,4.0254064052,4.641429e-10,9.1434653e-09,1.7923540044,3.2125328772,-0.009455887,0.0449662435,-0.40578493,0.0732063074
88319,0.1107342598,-0.016023562,3.43770672,0.0,0.5038838024,0.7290720776,0.0163834951,0.0,0.1536767944,-0.004042066,0.0507159905,-0.098634963,-4.0,0.0480706864,0.0986349626,21.0,0.0035226772,-0.090909091,-0.134804754,-0.090500956,-0.04594642,0.1710526316,0.0280263158,0.0603258476,-0.19375,0.5961950683,0.0,1.6274271845,-0.034433537,1.4126213592,-0.041435506,5.096,4.2185430464,0.0279313355,0.0,0.0,1.0,0.0,0.0,0.69375,2.0,-1.404314429,-0.062975943,-0.094248295,-0.308687214,-0.578687233,0.1256247579,-14218.37838,0.0629453635,14.895110853,-0.003696858,0.0023562677,0.0126903553,-0.043890848,0.1946601942,-0.031306009,1.0,-0.004979341,0.7083512602,0.1301418878,6.0,15.889383725,2.9199601579,0.0,0.1233183295,0.0385529856,0.0463627582,0.4641318965,10.0884452,5.129668e-10,6.3883504e-09,1.44650064,2.0923641016,0.0540819888,0.0562872764,-0.003988536,-0.107827317
88352,0.1010641043,0.0110146009,16.470940733,0.0,0.0146411318,0.0460939136,0.1645951288,0.1475054453,0.3299634242,0.0146551724,-0.026717294,-0.040589223,-0.399962285,0.0154200259,0.0405892231,21.0,0.000574105,0.1030576031,-0.008953891,-0.034790401,-0.020744892,0.1647574945,0.1115561961,0.0508054905,0.177605944,0.6176151188,0.0,6.8647948612,0.5167742603,6.2416079569,0.5810047742,0.8582422895,6.1084503165,0.9313228143,0.0,0.0,0.0,0.0,0.0,0.3886347685,5.0,51.853080135,0.0325346922,0.022151833,0.2984636498,-1.169369697,4.1289184093,88767.742149,0.0357482652,18.268675891,0.0033435366,0.0309425063,0.0351095732,0.0025555363,0.3194532494,0.0279471936,0.0,3.01765e-05,3.0113982334,0.0248579276,6.0,18.786115495,1.1897543903,0.0,0.0669802055,0.0417099414,0.0372982292,0.4544221124,3.7675690536,4.568677e-11,1.7622947e-08,1.0137379142,1.0276645587,0.0478235822,0.0358621894,-0.589831749,-0.145662284
13198,1.2689422895,0.0946971858,-7.764083421,0.0231038315,14.920587472,0.7731892111,0.0240812791,0.1736876787,0.0462824341,-0.004131283,0.181798602,-0.000277781,-0.043975904,0.0988615801,0.0002777813,12.0,0.0020890676,-0.0875,0.0988271538,0.048833608,-0.023355456,0.0927203765,0.0132456035,0.0073394597,0.08604443,0.6430284783,0.0,0.9294871543,-0.024689112,0.918758587,-0.02561945,0.4030390738,0.0675505952,0.0096769094,0.0,0.0,0.0,0.0,0.0,0.5463910815,3.0,0.0083733954,0.0045162168,-0.102571229,0.1617751082,-1.177997549,-0.054508995,-6823.021962,0.0256085935,11.185298778,0.000113057,0.0020707558,0.0276247962,-0.003881624,0.1562605091,0.0063846253,0.0,0.0062545408,3.4061537145,0.0670335293,5.0,8.5784256515,0.0892919918,0.0,0.0332902372,0.012524503,0.0155342906,1.357116768,0.429811684,2.2013804e-06,3.1468087e-07,0.7800966486,0.6085507811,0.1508372771,0.0381904301,-0.171574222,0.0732063074
88281,0.1700554054,0.0292971748,38.831240141,0.0,0.2691774438,0.2351414648,0.0652494061,0.1700568319,0.2561292962,0.0169813634,0.1060193668,-0.035796894,-0.50032665,0.0439553321,0.0357968939,21.0,0.0049167187,0.0760233918,0.1154829839,-0.086268655,0.0040960333,0.1803531151,0.0781519146,0.053661681,0.2936637089,0.2682035734,0.0,1.4303418513,-0.005408067,1.2092108256,-0.002215086,12.574866034,4.7332745168,0.1880379912,0.0,0.0,1.0,0.0,0.0,0.6824537619,6.0,-0.263608854,0.2015490843,0.070262647,-0.000531708,0.0431493578,-0.000686256,6973.9086544,0.0915965863,16.322542806,-0.002791685,0.0153899677,0.0446101689,0.0073300963,0.0308629233,-0.106814389,2.0,0.0002423244,1.6909579932,-0.143183693,6.0,17.339990461,2.2598235082,0.0,0.0559401475,0.0369414125,0.0411951048,0.3419112941,4.703802024,1.798399e-10,9.6735709e-09,1.0445987542,1.0911865573,-0.001297216,0.0409372023,-0.811348609,-0.049938477
88280,1.3648469305,-0.589679445,-7.546698573,0.0420149836,13.387064956,0.5456397814,0.01489441,-0.028598506,0.0231516113,0.0251689019,0.0168305112,-0.056867773,-1.443593316,0.2615778605,0.0568677733,21.0,0.0227836949,-0.029032258,-0.198112347,-0.040822473,-0.060121792,0.1048175538,0.2344802054,0.0206382127,-0.308602616,0.5858289314,0.0,0.9639269845,-0.009341962,0.9311149935,-0.039396284,0.3048055845,0.0596977679,-0.042849453,0.0,0.0,0.0,0.0,0.0,0.1781043593,3.0,-1.214785232,-0.004330851,-0.044103487,0.2576797492,-0.893880343,0.1082072857,-6005.349682,0.0256085935,13.984456719,0.0012574461,0.00519411,0.0542365123,-0.0124112,0.1793476481,0.0148264824,2.0,0.0107487027,-0.162910109,0.0518366108,2.0,14.567211488,1.3720600976,0.0,0.0334171876,0.0176461953,0.0278184206,0.2143442888,1.7805752112,1.3739844e-09,1.4393416e-08,1.3412672754,1.798997904,0.0104581336,0.0545477156,-0.315774654,0.0732063074
88332,0.1123952491,-0.15687046,1.3893032928,0.0,0.7921416491,0.5770430443,-0.411690772,0.4336015144,0.1123250625,0.2536904878,0.523747005,-0.223228524,-1.092511013,0.0145122452,0.2232285236,21.0,-0.099557522,0.0982142857,-0.018715724,-0.286757596,-0.201064496,0.1010368102,-0.195519408,-0.093367588,0.0117502496,0.7396195412,0.0,2.5222892965,0.1978374312,2.1789818899,0.6639778688,1.3654735227,3.2844170349,-0.220246843,0.0,0.0,0.0,0.0,0.0,0.2419937025,4.0,0.1534926739,-0.031219483,0.0973111471,-0.344095441,-0.306403202,-0.037712181,-8512.429005,0.0376507894,10.706995652,-0.000106464,-0.052713042,-0.266376322,0.0312642157,0.353156695,0.1067953206,0.0,-0.016632017,1.4298948278,-0.210950125,2.0,10.917892501,1.5236538755,0.0,0.0381944068,0.0274790493,0.0736711656,1.0940232745,44.562482946,1.3539786e-07,7.8951238e-09,1.4774627539,2.1828961893,0.1501384312,0.1041390922,-0.237094647,-0.028114825
88287,0.8654227514,0.1065478136,-9.375613268,0.0,1.4179111725,2.292804374,0.0720750993,0.0334506498,0.2751677054,0.0123367199,-0.026846097,-0.012102715,-0.254779267,0.1336939874,0.0121027151,22.0,0.0378879814,0.077480916,0.1447180468,0.0284885386,0.0619269845,0.1218861604,0.1331992156,0.0418436527,0.1511207318,0.4763725822,0.0,2.3038184732,-0.02442683,0.7705218043,-0.089376426,46.581697952,6.4143045969,0.124351991,0.0,0.0,1.0,0.0,0.0,0.7596536555,7.0,0.2204810051,-0.084742638,-0.001980435,0.3786563615,-0.957962518,0.0967131649,-17779.42995,0.2344029512,12.212958964,0.0001166025,0.0159300223,0.0435542506,-0.010231656,0.0215893601,-0.004408174,0.0,0.0146466496,0.8004879128,0.098874839,2.0,11.39686696,0.4407828465,0.0,0.0258481167,0.0198954067,0.0340509622,0.5457363837,1.3918525205,3.6195019e-08,4.7780204e-08,1.5235113666,2.3210868841,0.0337879072,0.0674537637,0.2898558392,-0.182618162
88439,0.1063742258,0.0227453682,19.239563224,0.0033535594,0.1186123657,0.143373571,0.1702402813,0.1596169606,0.3712937475,0.0016255094,0.1392426439,-0.05583772,-0.514308283,0.0344434995,0.0558377204,21.0,0.0135618249,0.0943396226,0.1685957716,0.0406868603,0.005756969,0.2389710323,-0.104800381,0.0517732701,0.183212124,0.4293700691,0.0,4.0784896209,0.1566824495,3.0080462353,0.2326482609,3.2007839654,7.0324102091,0.2987752038,0.0,0.0,1.0,0.0,0.0,0.7595980406,7.0,0.1061040621,0.1388277753,0.093436484,-0.350116465,0.1034607647,-0.017780927,4338.6702345,0.0376507894,16.532587052,-0.0021127,0.0408882697,0.0775150776,0.0057733402,0.1579377713,0.0024373075,2.0,0.0003971406,0.2642277432,-0.015474498,7.0,17.525438597,2.0811114464,0.0,0.0621880963,0.0334671529,0.0410803741,0.2640300399,2.7763828877,1.849033e-10,1.0138298e-08,1.0837018461,1.1744096913,-0.019608757,0.0427546053,-0.460187868,-0.028114825
88417,0.4917352071,0.0510336525,1.9860081876,0.0,0.1460312723,0.484545039,0.1305607332,0.1396293337,0.3685207282,0.0321620377,0.1115670685,-0.033632979,-0.394562042,0.0711695947,0.0336329791,21.0,0.03532307,0.0386521308,0.3837262872,0.3465694092,-0.007363444,0.0619014674,0.2631946759,0.0487361657,0.1482379532,0.6132992921,0.0,5.5760443439,0.0191506814,3.6682616574,0.0703844568,2.3322308445,5.4631900075,0.392964014,0.0,0.0,1.0,0.0,0.0,0.4691471937,7.0,0.1632968341,0.296596223,0.0377489922,0.0352445166,-0.448075007,0.0189451684,-7650.247405,0.0376507894,14.40348322,0.0065875907,0.041649007,0.0556868825,0.0421931561,0.381284653,0.0055956639,4.0,0.0023389326,1.2422902424,0.0219251341,4.0,16.11899613,3.2353018373,0.0,0.0584172681,0.0366100533,0.0544732105,0.4366597444,6.1857186693,1.1966161e-09,7.2742006e-09,1.6572737124,2.7465561579,0.0670312425,0.054515704,-0.331396736,-0.028114825
88485,1.1801077568,-0.016719405,-1.834062434,0.0450312153,1.8732575045,1.4710767126,0.1114241355,0.1388982018,0.2039667784,0.0081204434,0.1903442129,-0.095984097,-17.22736573,0.271311896,0.0959840974,21.0,0.0,-0.093297101,0.2575198757,-0.731164549,-0.117518513,0.1637654105,0.2146557615,-0.023386163,-0.042308066,0.4093020961,0.0,2.2609542143,-0.287627556,2.2609542143,-0.287627556,2.3260873975,2.4226500662,0.0331766959,0.0,0.0,1.0,0.0,0.0,0.435774468,5.0,-2.878765131,0.1746559544,-0.308121533,1.1022385622,-28.89200277,0.2737048424,-14364.43334,0.03476008,12.69686899,0.0023057236,0.0155921842,0.0422738899,0.2242777952,0.2216795449,-0.002687645,2.0,0.0070422535,0.820244553,0.0555604734,5.0,13.423917813,1.3001074079,0.0,0.0379746035,0.0238404918,0.037622902,0.3638492662,1.705196136,1.0511054e-08,1.9319185e-08,1.0762523062,1.1583190265,0.0610606033,0.0711014763,-1.357821455,-0.054879185
88446,0.0868937431,0.0121436505,13.761232719,0.0,0.0535172158,0.0599592743,0.0982251398,0.0367687261,0.3272279934,-0.006802721,0.0695523492,-0.056908932,-0.646341463,0.0199925953,0.0569089323,21.0,0.0017448493,0.2142857143,-0.085802992,0.0398514584,-0.012502093,0.128610729,-0.012160145,0.018179333,0.0175590722,0.6343558339,0.0,3.6036977492,-0.461590878,3.3046623794,-0.462951984,0.9328917051,6.4650698603,0.3013943511,0.0,0.0,0.0,1.0,0.0,0.5083459788,4.0,51.841823202,0.05569605,0.1333799442,0.2842932885,-1.067460093,4.1334909787,46497.372149,0.0357482652,17.657190796,0.0090491626,0.0365417867,0.0611969112,0.0049308449,0.0839806148,0.1765617796,2.0,0.0007396267,0.1599611486,-0.021410688,7.0,17.93080796,1.0815658816,0.0,0.0414997153,0.023016962,0.0339180206,0.1720995952,0.7957285922,7.610909e-11,2.2608748e-08,0.7281608795,0.5302182665,-0.066120983,0.0491041794,-0.341846518,-0.145662284
88511,0.1743658385,-0.039909187,3.2666883094,0.0,0.0983291491,0.0144582066,-0.696603837,3.7736518902,0.2975190133,1.7526021298,0.0676635081,-0.034819285,-0.139394142,-0.03434608,0.0348192847,21.0,0.0,0.0,0.0830667733,0.1450273158,0.0020152961,0.019886756,-0.762217713,0.1970262341,-3.26553694,0.8541073998,0.0,17.139795615,3.4839180544,17.139795615,3.4839180544,0.0643049604,3.5606309563,-0.417137331,0.0,0.0,0.0,0.0,0.0,-0.157765917,4.0,1.8694165916,-0.168922774,-0.178004559,-0.0694861,12.351543013,0.0524012826,-4997.049241,0.0232852488,11.335424691,0.0,-0.060990215,-0.098253819,0.0004126595,0.7490673268,0.0328696042,0.0,0.0012771392,2.9345259057,-0.047540314,4.0,14.202549048,5.4784694564,0.0,0.053435158,0.0789378572,0.0821115894,0.8337261325,47.993047776,2.0212636e-08,3.4064461e-09,1.0375534297,1.0765171194,0.6408011792,0.2729889101,-0.460170155,-0.24467985
88542,0.3071140447,-0.026943101,8.3060971352,0.0,0.1763560561,0.4762146515,-0.027949767,0.0681995496,0.4954440405,0.0303567001,0.2361649465,-0.118833586,-2.064292779,0.0286753482,0.118833586,21.0,0.0181923003,0.2892561983,0.1937105448,-0.123534944,0.0360833751,1.0214570858,0.7468191218,0.0132925088,-0.009114359,0.4297491663,0.0,1.8873775367,-0.137581676,1.2287438768,-0.065267876,7.3392545436,4.6188691438,0.0020884239,0.0,0.0,1.0,0.0,0.0,0.7175193465,6.0,0.1185463842,-0.038711541,0.0649221103,-0.043574745,-1.283291071,0.1220426435,-10949.54543,0.0363924557,12.117446263,-0.000117079,-0.031461015,-0.049527074,0.0610369119,0.0976356394,0.0094474895,0.0,0.0017182131,1.4359602209,-0.171629356,4.0,12.333792433,1.2873824166,0.0,0.0527858734,0.0414587957,0.0528694229,0.4443381575,3.4277103334,2.1273362e-08,1.8296468e-08,1.5333630002,2.3512020905,0.0783909806,0.0745194241,-1.234288629,-0.028114825
88504,0.1168340125,0.019180615,8.2910034299,0.0030022889,0.2521801142,0.2415809404,0.1260795972,0.1001262854,0.3697997474,-0.014070163,0.1316751214,-0.059926123,-1.105196451,0.0403789627,0.0599261232,21.0,0.0395498668,0.0235131397,-0.041059539,0.0303514438,-0.017282982,0.1739036509,-0.144973716,0.0769258524,0.0599911778,0.5338688422,0.0,2.4308624826,-0.126334789,1.5566359389,-0.175650757,2.7159059852,5.2704852824,0.1219549642,0.0,0.0,1.0,0.0,0.0,1.1143581826,4.0,51.906352766,-0.045658479,-0.05739263,0.314233558,-0.640259464,4.1538773461,704.42845862,0.0357482652,15.965270448,0.0002431062,0.0282150956,0.0869261477,0.008229885,0.2141509736,-0.000173693,2.0,0.0023047375,0.1692693931,0.023266233,6.0,16.315693428,1.1181512624,0.0,0.0489566512,0.0224824775,0.0343805883,0.3050505475,1.5853393787,4.405087e-10,2.2127972e-08,0.8310092808,0.6905764248,0.0037215379,0.0365842124,-0.456324159,-0.145662284
88564,0.1375542748,-1.10518628,1.2330753833,0.0,0.5607684281,0.5790653662,-0.48589063,-0.445469663,0.2176401778,0.08529921,-0.595401072,-0.454426568,-0.546651562,-0.501034474,0.4544265678,21.0,-0.099557522,-0.6,-0.670057461,-0.245438756,0.049371469,2.2480733409,2.8035475113,0.2419610081,-0.30071751,0.6767605539,0.0,2.2250176195,1.7315081431,1.7372018025,4.8271466812,2.3144761385,2.8480378436,-1.109360977,0.0,0.0,0.0,0.0,1.0,2.168383289,3.0,50.699827319,-0.321076987,-0.870210583,0.3349538202,-1.270601749,3.6124639093,-7346.915391,0.0357482652,10.541099424,-0.007746044,-0.048619045,-0.156328107,-0.049112691,0.4361279292,-0.029586505,3.0,-0.198795181,1.5337157899,-0.179671966,1.0,11.978952186,22.071961223,0.0,0.0445811599,0.0374713075,0.0834957188,0.3300438867,2.8349503279,8.064153e-08,1.2526555e-08,2.1252402182,4.5166459849,-0.028189546,0.1211916763,-0.333039892,-0.145662284
89617,0.1670494636,0.005808832,30.884752403,0.0147078626,0.2571993306,0.0942312258,0.042536932,0.1268995601,0.1663049749,0.0448492521,0.0824774071,-0.076121465,-5.246537778,0.0362850884,0.0761214645,21.0,0.0,0.1951539747,0.0784599093,0.0762708001,-0.091141263,0.0894784944,-0.050922646,0.1498728908,0.2028573607,0.399302459,0.0,1.2886306951,-0.032001319,1.2886306951,-0.032001319,3.701580835,6.9732765726,0.1142599221,0.0,0.0,0.0,0.0,0.0,0.4018259608,4.0,0.2340329105,0.1147186709,0.0978220119,87.782500344,-11.5328113,-9.211317135,60169.626408,0.0109914292,17.996829155,0.0008821444,0.0054498399,0.0142973184,0.0021844258,0.0500705855,-0.344645379,1.0,0.0001265615,-0.236001359,-0.031998903,6.0,18.128479829,1.0071045095,0.0,0.0536982678,0.0239283466,0.0258937546,0.2829994217,1.2578853602,6.456312e-11,2.6241187e-08,0.4723985442,0.2231603846,0.2157535131,0.0371641066,-0.304179692,0.0069773022
48506,0.0288940313,0.0327428857,18.079329496,0.0077529555,0.1960521718,0.0989100333,0.2566446055,0.2088650755,0.3795421335,-0.003164844,0.1291896479,-0.032460086,-0.206974128,0.039519816,0.0324600864,21.0,0.0,0.0369100262,0.1122385587,0.1044866207,0.0196614994,0.3278688525,0.2262295082,0.0011690209,1.5637254902,0.3285869127,0.0,2.0292529253,0.0546158177,2.0292529253,0.0546158177,1.9922106825,3.7559440559,0.1990634652,0.0,0.0,0.0,0.0,0.0,6.1388888889,7.0,-2.902886933,0.0765122881,-0.177914405,-0.048975163,-27.7575927,0.0419127624,39703.578976,0.03476008,17.887406951,0.0011137766,0.0377629063,0.2168344007,0.0025751743,0.1625502983,0.0861743517,0.0,0.0008166484,0.4211109412,0.0354301659,5.0,18.168163311,1.1282926829,0.0,0.0222542677,0.0142689082,0.0209405738,0.2482631383,1.2633264981,3.689563e-11,2.3683702e-08,0.8242779371,0.6794341176,0.0576801747,0.0305534442,-0.455311437,-0.054879185
14932,1.0019682639,0.0581700371,-10.9496295,0.0267126509,8.6963752591,0.4084792113,0.021394821,0.1771741474,0.0334366477,-0.007004981,0.1947630899,-0.005230624,-0.806443885,0.1050809078,0.0052306237,16.0,0.0053525913,-0.051546392,-0.012431358,-0.128172696,-0.115458178,0.0877588467,0.1940926549,0.0060787754,0.0438033025,0.651547667,0.0,0.988661443,-0.004644959,0.9819156056,-0.010094111,0.5215225455,0.0537562831,0.0087427585,0.0,0.0,0.0,0.0,0.0,0.2869751406,3.0,-0.034338672,0.0024959703,-0.066617621,-0.105198917,-1.00839453,-0.048289667,-6732.083142,0.0256085935,11.951655107,0.0006440462,0.0038258573,0.0356330969,-0.000346653,0.0968990347,0.0092152022,4.0,0.0088142707,1.0191295162,0.0200320249,5.0,10.404583989,0.231045082,0.0,0.0408163257,0.0152735841,0.0297507212,1.2143646184,1.5433163302,1.4712123e-07,6.9886734e-08,0.7228115708,0.5224565669,0.2625550877,0.0460569383,-0.05995885,0.0732063074
88648,0.98039018,-0.011125051,-1.246748198,0.0,0.9857714294,1.4293796053,0.0491891806,-0.186745721,0.1300822004,0.011941996,-0.363715524,-0.0940275,-18.52569266,0.1949742213,0.0940274997,21.0,-0.001972471,-0.350194553,-0.217151029,-0.04346979,0.0254409857,0.2033181431,-0.031739765,-0.223607689,0.1289814134,0.4639933773,0.0,2.4105156685,0.6995460033,2.1872710145,0.6963008706,4.6622789632,3.2173708396,0.0647099454,0.0,0.0,1.0,0.0,0.0,0.3035682314,7.0,0.1445336669,-0.050011199,-0.387776229,0.5769278825,-0.326392308,0.1772602431,-14894.01224,0.0642905452,14.162179651,0.001256188,0.0069265792,0.0142535455,0.0325227133,0.1738451932,0.0323977977,0.0,0.0,0.1681173349,-0.038898936,5.0,14.89894543,1.8654879288,0.0,0.0539143644,0.021698946,0.0287289954,0.3346101672,3.1259891383,1.7267052e-09,1.5779804e-08,1.0030367757,1.0060827733,0.0561547607,0.0355271915,0.1709587292,-0.091892872
88620,0.0138447254,-0.025505691,41.241128014,0.0,0.0140826171,0.0066253542,-6.041694687,0.4177755279,0.1085478739,0.0753859754,0.9422396857,-0.189692818,-0.177101368,-0.020988598,0.1896928185,21.0,0.0002991057,0.3018867925,0.0249008374,0.0887536512,-0.042570994,0.2679474216,-0.674118001,0.0567688747,0.1122682536,0.9076766131,0.0,2.90671875,-0.137738465,2.90203125,-0.137521082,0.2796584691,5.3768786127,-2.355769231,0.0,0.0,1.0,0.0,1.0,0.171778439,2.0,0.9248523159,-0.064753982,0.1238822339,-0.230007213,8.6278588028,0.065758765,-5044.450421,0.0232852488,11.176190476,0.0,-0.173870211,-0.207246253,0.0011720305,0.9390804837,-0.017198459,0.0,-0.092307692,4.9546026175,-0.242631495,3.0,11.585387475,0.8139869945,0.0,0.0647181347,0.0448676146,0.0964338756,0.2759168766,0.9752514695,1.1012653e-07,2.6246057e-08,1.2642178457,1.5982467614,-0.02243255,0.1226682036,-0.395694195,-0.24467985
88626,0.0952141768,-0.03402456,6.6199438182,0.0,0.0843220453,0.0714693775,-0.658939234,-0.120657987,-0.145501046,0.0423851642,-0.437523749,0.2927703751,1.6999651203,-0.091865125,0.3014827324,21.0,-0.018792411,-0.1,0.0185022324,0.6121036159,-0.372014629,0.0198,-0.555350515,-0.072971402,0.7548118985,0.7942611547,0.0,5.8918994674,2.0159595653,5.717742689,2.0714718638,0.5404760195,32.032978723,-0.288511035,0.0,0.0,1.0,0.0,0.0,-0.64536308,4.0,1.636892897,-0.04552083,-0.278004559,-0.148637762,6.2855837603,-0.005117762,-5325.137311,0.0232852488,11.537250179,0.0,-0.093886155,-0.135809863,0.0012190613,0.8247687879,0.0790758906,0.0,0.078125,0.5640272085,-0.063195193,2.0,11.513086152,0.6689921732,0.0,0.155853644,0.0666371054,0.0901643472,0.3911842486,2.7103474815,1.124154e-07,2.3096806e-08,1.7614293704,3.1026334271,0.0612248992,0.0927041413,-0.322121716,-0.24467985
88615,0.4757297525,0.0289160809,20.964161281,0.0,0.4120075551,0.4017672697,0.0434546559,0.0079741855,0.1431137656,0.0063608563,-0.083127257,-0.044056763,-1.347213234,0.0678722078,0.0440567625,21.0,-0.007590768,-0.105119048,-0.146771227,-0.062619754,-0.023648047,0.2651938873,-0.017582529,0.0123794512,0.1028791623,0.182493867,0.0,2.643795097,0.1397478024,1.6877669008,0.2180347348,21.815266431,5.4074413637,0.1360750185,0.0,0.0,1.0,0.0,0.0,0.2595168019,5.0,51.921570033,0.0340512397,-0.186024818,0.6731292979,-1.000107738,4.164304914,-4850.827331,0.0357482652,14.727101173,2.24582e-05,0.0093534124,0.0167856915,0.0236061581,0.010847781,-0.011772384,0.0,0.0014551153,0.4381902391,-0.025110053,5.0,14.920048558,1.194212005,0.0,0.0486451164,0.0284364079,0.0418743802,0.4734712622,4.4912631912,1.4050595e-09,1.5474154e-08,1.3230776637,1.7505345041,0.0174805169,0.0455112027,-0.12384701,-0.145662284
88661,0.2681964278,0.0686434081,3.4181267983,0.0,0.4215620284,0.4728429825,0.1715986555,0.0578228717,0.5416950607,0.0119478639,-0.092903431,-0.06003704,-0.586789739,0.1089226556,0.0600370402,21.0,-0.000257564,-0.052023121,0.1582013141,-0.742341937,0.0323078938,0.1005655953,0.025582764,-0.043537518,0.4317782464,0.466021915,0.0,2.367302567,0.6153216881,1.851942769,0.7763844829,2.8506300228,12.634784521,0.1955082676,0.0,1.0,1.0,0.0,0.0,1.8533649622,8.0,0.2017280563,-0.116290801,-0.180491474,-0.203602071,-0.577059277,0.0898163677,7667.521282,0.2025613765,15.977746823,0.0118154769,0.02706862,0.0696161753,0.0303226757,0.2065359803,0.0169663294,2.0,0.0029713668,1.3595155964,0.0730041822,4.0,17.581188294,3.435471786,0.0,0.041580651,0.0221664602,0.0383801973,0.2337994242,3.2284064071,1.573607e-10,8.0104589e-09,1.9174018672,3.6764299204,0.0121582954,0.052289146,0.035323903,-0.239458447
13453,0.2897422925,-0.266219508,2.4134006763,0.0,0.3871714764,0.3387072378,-0.456868933,0.1644206786,0.2026413537,0.1380399233,0.1710733893,-0.10999743,-0.259942792,-0.197017666,0.10999743,20.0,0.0483995324,0.0956790123,-0.057857474,0.0199688499,-0.106799675,0.179393375,0.6311302387,0.1110193974,0.1556480133,0.6221189669,0.0,3.2174722695,-0.356785118,2.2040320622,-0.37247527,1.4076996445,9.6150429375,-0.663391949,0.0,0.0,1.0,0.0,0.0,0.4698564593,2.0,1.0277193046,-0.158201614,-0.082325546,0.0458903538,6.0743933521,-0.110270303,-5650.586121,0.0232852488,9.7641568017,0.0015002786,-0.128386147,-0.421411547,0.0237909802,0.4283997477,-0.087609737,1.0,-0.012,0.7453106158,-0.066155124,3.0,11.129914457,2.1399422055,0.0,0.0657966062,0.033270249,0.0717747597,0.5318672758,5.0310707665,2.4475397e-07,1.5649682e-08,0.776805061,0.6034261028,0.7573952472,0.1239904999,-0.315309978,-0.24467985
89576,1.0306415464,0.169553577,-13.78414467,0.0,12.968053799,0.7546264004,0.0336262891,0.3070868182,0.0604982667,0.0096352374,0.3153223066,0.0251783123,1.8345803133,-0.141506077,0.0251783123,18.0,0.0336849975,0.0410958904,0.2126453257,-0.087472039,0.0479794333,0.0461599055,-0.064545145,0.0381982295,0.2116325675,0.6599340433,0.0,1.0761597058,0.035520017,1.0170875384,0.0088204586,0.8761823663,0.0685982504,0.0158730297,0.0,0.0,0.0,0.0,0.0,0.7617094654,4.0,0.1194505549,0.0073691046,0.026024661,-0.076525635,-0.113910842,-0.294876652,-6825.160512,0.0256085935,11.293473559,0.0001017372,0.0040379869,0.0491514216,-0.003190764,0.0880474371,-0.022536195,0.0,0.0083065349,-0.819677871,-0.025245566,2.0,9.5647633363,0.1646341463,0.0,0.0435764454,0.021807499,0.0353821366,1.5923349656,1.1506145521,2.3959196e-06,4.062877e-07,0.64467301,0.4156032898,0.0445623857,0.0371198126,-0.107182259,0.0732063074
14521,0.1133216572,0.0507800507,1.5523678121,0.0,0.4547801595,0.7531129571,0.2760215883,0.1073508006,0.288573508,-0.037761529,0.0717113946,-0.094629598,-1.007352941,0.101933484,0.0946295977,7.0,0.0,-0.068965517,0.0461618257,0.1482026421,0.1131948994,0.3615384615,0.1003344482,0.0087336245,0.2778947368,0.6586625041,0.0,1.1550802139,0.0143221761,1.1550802139,0.0143221761,2.3104238259,15.28030303,0.135485241,0.0,0.0,1.0,0.0,0.0,1.6252631579,7.0,-0.279609594,0.1458095179,-0.074726262,-0.057265456,-0.342212955,0.0572918962,-104.4397656,0.0915965863,15.524318237,0.006975933,0.0258562794,0.1034946237,0.027822572,0.5604431411,-0.002386861,0.0,0.0054979911,1.2431819511,0.0158735472,7.0,16.733873475,2.0718729588,0.0,0.0234456547,0.0166350194,0.0250535813,0.304602553,2.5136782136,3.550696e-10,1.4595004e-08,1.2759357126,1.6280119427,0.0112350622,0.0400005454,-0.410318338,-0.049938477
88807,-0.018084122,-0.072325432,37.079608397,0.0018885317,0.166022358,0.2040914897,-0.111799221,0.4091204848,0.7226177861,0.2125673994,0.2846158878,-0.477587119,-1.180281437,0.0130389328,0.5572082991,21.0,0.0445613954,0.0820895522,0.4297845974,-0.093414426,0.0467525784,0.9669896194,-0.013487959,0.1699478847,-0.253235942,0.4197795192,0.0,1.5071322908,0.0463944511,1.0586961116,0.213574738,7.8428589279,10.482030728,-0.366804398,0.0,0.0,0.0,1.0,1.0,-2.864520114,6.0,-0.003898066,0.3222587749,0.0445078753,-0.421546419,-0.184506632,-0.004675045,-14829.20186,0.0642905452,12.631606489,-0.000987758,-0.031992525,0.8065963653,-0.034369291,0.2793691533,0.0141762353,2.0,-0.001501502,1.0735114631,0.044626493,4.0,13.910040162,2.0494427219,0.0,0.0496689044,0.0333419541,0.0551458207,0.2454587265,2.1247886624,1.0170174e-08,1.2529635e-08,1.354754677,1.8353602348,0.15911012,0.0905399893,-0.238520746,-0.091892872
88863,0.1336755632,-0.040173037,9.6060669287,0.0,0.0994985157,0.070608574,-0.04454111,0.4048539436,0.3442985959,0.0799113977,0.7258691951,-0.233668926,-1.160844658,0.0064616183,0.2336689258,20.0,0.0072450497,0.2165450122,0.7019318881,-0.073151844,0.037837321,0.2735328098,2.1670131396,0.0299472184,0.2340094954,0.4828022055,0.0,3.8180375241,0.621201859,3.6578118379,0.7467476103,0.8105443136,6.352156228,-0.412839415,0.0,0.0,1.0,1.0,1.0,0.488755326,5.0,-0.765160936,0.245906664,0.2107842674,-0.03691155,-0.767642228,-0.03817997,15661.079304,0.0915965863,16.086168574,-0.000253998,-0.024825953,-0.046904541,0.0029205757,0.1831059762,-0.028591085,1.0,-0.00136197,1.2359519027,-0.008959749,5.0,17.09136797,2.1467882956,0.0,0.081378758,0.0445573676,0.0603835533,0.3868324126,5.1668810742,2.700131e-10,9.7308716e-09,0.8864735488,0.7858353527,-0.047658101,0.0651923059,-0.144213789,-0.049938477
89029,0.3381089883,-0.435897672,0.6628901341,0.0,0.6187901879,0.7835779588,-1.479867165,-0.117140121,0.4903713161,0.6310234052,0.1759807144,-0.134373058,-0.314550265,-0.298785944,0.1343730576,20.0,-0.041701983,0.0434782609,-0.326293873,0.1065540237,0.0532654815,0.3372641509,-0.356463539,-0.020214916,-0.393713813,0.8369134731,0.0,4.2794117647,-0.186396403,3.9531590414,-0.157482979,1.1538461538,9.6932952924,-0.73260147,0.0,0.0,1.0,1.0,1.0,0.9028122415,2.0,-0.13281699,-0.121380256,0.005896584,-0.065353309,-0.361520634,-0.316499923,-16358.23263,0.0642905452,10.643457226,0.0,-0.067443142,-0.07257484,-0.014686322,0.7484435959,-0.006962949,0.0,-0.023326697,-0.303137934,-0.013605407,2.0,9.6625974221,0.3877183339,0.0,0.1785714775,0.0583616403,0.0751125722,0.6821449795,0.9627940182,8.3794586e-07,6.1369685e-08,1.4694966527,2.1594204124,0.3375630692,0.1188492391,-0.212713587,-0.206298515
88860,0.0767387848,0.0421413655,38.899142524,0.0,0.0378683507,0.0586585242,0.1026635891,0.9313308823,0.7412762496,0.005444137,0.3822194775,0.2927703751,0.627130765,0.0157132187,0.3038623483,20.0,0.0074173457,0.243633861,0.027067105,-0.113645257,-0.010157664,0.1144512122,-0.003171816,0.0912631733,1.4022726716,0.4101140911,0.0,1.3952448738,-0.170610287,1.2902079887,-0.176561325,2.5726794076,3.4896923153,1.3594090354,0.0,0.0,0.0,0.0,0.0,1.3770269558,4.0,52.456552113,-0.265408776,0.1627280909,0.2741383303,-0.936971681,4.1292116021,34618.578949,0.0357482652,16.944314958,0.0081187455,0.0335403057,0.0534713584,0.005369914,0.2190793133,-0.050899384,0.0,0.0004207805,1.507963943,0.0699607152,5.0,18.259724405,2.3580691825,0.0,0.0459741876,0.0440704896,0.0490982036,0.4602392638,10.644975748,8.166737e-11,9.0879522e-09,1.5298927064,2.340571693,4.86873e-05,0.0620522806,-0.584103338,-0.145662284
88949,0.1100931286,0.0193689545,10.840016207,0.0,0.0161854353,0.0686653377,0.400977186,0.8137574993,0.9113001424,0.0517925044,0.5559425813,-0.078268704,-0.395812081,0.0270354207,0.0782687039,20.0,0.0097325953,0.3034267913,1.3731920459,0.9736725524,-0.130997374,0.2029204431,0.8839405704,0.0450244938,0.8590439522,0.7491374734,0.0,7.8899360537,0.739111713,7.5907228872,0.8049792528,0.8500113307,6.5867848665,1.4118782575,0.0,0.0,0.0,0.0,0.0,1.0713744752,7.0,1.8720571072,0.2233908254,0.1254222327,-0.13375881,6.1083904075,0.1137827837,25936.725659,0.0232852488,16.998377609,-0.000708828,-0.074351025,-0.086647968,-0.020543783,0.6124808252,0.0024593408,0.0,-0.00606596,-0.127798815,-0.007388751,7.0,17.234577505,1.2764781938,0.0,0.0366308577,0.0245526236,0.0376364848,0.4709839348,3.0998810739,1.55244e-10,2.0370168e-08,0.4814938374,0.2318363154,-0.279388092,0.055439036,-0.483576341,-0.24467985
88839,0.4535833475,-0.046197701,8.0039713839,0.0,0.470690102,0.6039417819,0.0204073356,-0.052259356,0.3634499909,0.0319210223,-0.043317784,-0.106756269,-2.19475032,0.0551947186,0.1067562686,21.0,0.0012518529,-0.091089109,-0.121160997,0.0207439488,0.021647893,0.6511389813,0.1147586931,0.0020622308,-0.061363136,0.2525870634,0.0,2.4557070251,0.1602862731,1.3982805301,0.1232038583,12.27606108,5.7469323427,-0.002187417,0.0,0.0,1.0,0.0,0.0,0.67435797,4.0,51.88595306,0.0565006895,-0.171994879,0.6509828929,-1.024397892,4.164304914,-7353.571821,0.0357482652,12.279685548,0.003555817,-0.001104104,-0.002160074,0.0197509665,0.0360559426,0.0135280912,2.0,0.0,0.63352936,0.0826699845,4.0,12.457776604,0.7600688635,0.0,0.0472027957,0.0208636449,0.0368679647,0.2430348019,1.0330276426,2.3281937e-08,3.1085992e-08,1.5455743123,2.3887999547,0.1056603388,0.0907576709,-0.39335309,-0.145662284
90029,0.1196972339,-0.153442828,2.1308896241,0.0,0.6007580369,0.0949351019,-0.500786247,0.2658993507,0.1412343945,0.3138033408,0.0878985737,0.0538033336,0.2260898458,-0.188134693,0.0538033336,17.0,0.0707119588,0.0606060606,0.3217581419,-1.22843317,-1.70318887,0.1185126859,-0.593486147,0.0811880975,6.0799758745,0.6981921805,0.0,3.7464313857,-0.04752414,2.9236930152,-0.073080227,0.2820657311,2.0542341468,-0.242208021,0.0,1.0,1.0,0.0,0.0,2.4550060314,4.0,4.1335122041,0.020131851,-0.117398498,-0.124154705,5.1254258757,-0.10138733,-5256.105121,0.0232852488,13.924546561,0.0,-0.043879619,-0.340969057,0.0412218761,0.4503099343,0.0354518438,0.0,-0.008328995,0.8222799498,-0.21070181,3.0,15.291771872,2.5965360905,0.0,0.0563240796,0.0296002756,0.0518149927,0.2126469032,2.4124657878,1.811608e-09,9.737466e-09,1.3491701079,1.8202599802,0.0912557536,0.1189754276,-1.357821455,-0.24467985
90177,0.0734697466,-0.03299459,12.336407609,0.0,0.018233242,0.0517626189,-1.589361335,-0.000723969,0.4180785334,0.0280985349,0.8514063392,-0.18574287,-0.51642849,-0.015955244,0.1857428699,17.0,0.0042674698,0.1948310139,0.3028200168,-0.024792593,0.3551055004,0.0519452909,-0.761419748,0.0583477936,-0.103164625,0.8987846198,0.0,6.7720705503,-0.333473264,6.6807024828,-0.336935567,0.6990258846,8.7855495008,-2.325442824,0.0,0.0,0.0,0.0,1.0,0.4683387329,3.0,1.4733181239,0.0684805023,0.0168264553,-0.170382192,11.663754565,0.0707921191,2787.7968589,0.0232852488,14.906342944,-0.000167156,-0.019956407,-0.025594949,0.0041343872,0.752837295,-0.058987406,4.0,0.0108368453,0.2407375036,0.079719685,7.0,15.962792014,1.9413632825,0.0,0.0570873506,0.0398228645,0.0541991706,0.3350256714,3.6268262066,9.743965e-10,1.0439848e-08,0.6407204906,0.410522747,-0.398544474,0.0960965091,0.1542435106,-0.24467985
88873,0.4252961292,0.0090952264,13.867336392,0.0036288789,0.2600803581,0.1155117716,0.027386378,-0.006263849,0.1216895523,-0.006308581,0.0176149134,-0.039007594,-2.959060426,0.0360085509,0.0390075938,21.0,0.0,0.0,0.5113438976,0.6109366073,-0.071096855,0.783811851,0.623783194,0.0118133787,-0.018788834,0.1049650841,0.0,1.0095115706,-0.172464392,1.0095115706,-0.172464392,3.5523308535,3.6659093098,0.1327086078,0.0,0.0,1.0,0.0,0.0,0.1825824667,6.0,-2.948381995,0.0879447811,-0.214824431,0.3474269346,-27.83338841,0.0384014974,49668.386096,0.03476008,17.468376053,0.0001634576,0.0065722735,0.0111163046,0.0062242423,0.0539534985,-0.010153109,3.0,0.0001269197,2.6282897041,-0.053542217,4.0,17.883300102,1.4564987805,0.0,0.0566162951,0.0277860869,0.0319042838,0.2602994436,1.7065636434,8.254875e-11,1.7672148e-08,1.0870476992,1.1816727003,0.0340508346,0.0390726699,0.2935270295,-0.054879185
88897,2.4739367258,-1.45860494,-9.041533932,0.0,1.2886051075,2.0835435408,-0.109476611,-0.333131543,0.0441411289,0.0083304408,-0.216850566,-0.417438537,-1.283432575,0.4334926502,0.4174385366,20.0,-0.035391495,-0.317969662,-0.372809268,-0.071499131,-0.272058378,0.2364831462,-0.034768147,-0.06446561,-0.381003736,0.4380814807,0.0,2.6126427849,-0.010611429,1.5617953273,0.0909332869,8.8607990446,3.9113311061,-0.823212161,0.0,0.0,1.0,1.0,1.0,0.0506639476,2.0,-0.398560619,0.0106298411,-0.3188728,2.0174460353,-0.841989421,0.3812682239,-8323.395265,0.0376507894,12.944169134,0.0035120674,-0.011689271,-0.018065363,0.014709608,0.0618747705,-0.010981377,6.0,-0.004694836,1.285232849,-0.037104536,2.0,14.665427843,3.6835458036,0.0,0.047058776,0.0386753953,0.0637933425,0.2016750388,2.5495998677,6.3149441e-09,8.3226469e-09,2.3881644247,5.7033293196,-0.00117523,0.108792097,0.0352977489,-0.028114825
92601,-0.555262639,-1.45860494,151.68883266,0.0379597478,2.723754885,1.3731005082,-0.966838912,-0.445469663,-0.346674959,-0.85100486,-0.18668317,-0.477587119,-1.366081667,0.8247529782,0.5572082991,14.0,0.0,0.0416666667,0.1689408597,0.5143281979,-3.402642319,0.2205102257,0.834352059,0.1124166542,-1.399730775,0.5108857754,0.0,0.6884723935,0.0530025272,0.6884723935,0.0530025272,386.70168067,7.7759628248,-0.609218271,0.0,0.0,1.0,0.0,0.0,-1.290014517,4.0,7.6988363326,0.322855664,0.1298023773,7.057638273,-4.112164515,-2.428138048,-1355.991252,0.0340789314,14.472903571,0.0,0.0114974217,-0.074623849,0.0594453136,0.0016124598,-1.027480316,1.0,-0.000934579,-0.08647905,0.040416908,3.0,16.10388975,3.2254320062,0.0,0.0510018058,0.0354707664,0.0536232668,0.3401999147,3.9992857721,1.3204746e-09,9.9281478e-09,1.0934567282,1.1956476164,0.2667601529,0.0898646145,-0.516972087,0.818494895
88895,0.1716277739,0.0394837899,11.817162132,0.0275151899,0.070875474,0.486998555,0.2945508771,0.1399144744,0.5303253026,-2.9525e-05,0.2668045877,-0.093047737,-0.536412261,0.0606633788,0.0930477371,20.0,0.0067533209,0.2228826152,-0.179063861,0.1946385615,0.0023553075,0.1297304475,-0.071713473,0.0255049444,0.0946355489,0.5538303663,0.0,3.7178469209,-0.106745959,1.764657003,0.0237461697,7.5958888924,50.961538462,0.6852293651,0.0,0.0,0.0,0.0,0.0,0.7195643164,5.0,-1.373815846,-0.509800818,0.2195434111,-0.2477937,-0.411767117,0.1382174503,-17220.77648,0.0629453635,12.901402523,-0.001404602,0.0490763777,0.0734544576,0.0166136617,0.0688880623,-0.002908122,1.0,0.0003574348,-0.719267377,-0.035413477,5.0,10.742982566,0.1000722473,0.0,0.0599314906,0.0304137277,0.0413776881,0.5651069712,0.2221673273,1.2426292e-07,2.1675612e-07,1.069910016,1.1447074424,-0.038338745,0.067575559,0.2038421318,-0.107827317
89290,0.175952037,0.0144807508,4.4105614732,0.0,0.2291451466,0.2436986649,0.11197411,0.3146770575,0.4346439957,0.0354609929,0.440036584,-0.12222619,-3.010050251,0.0580685383,0.1222261899,20.0,-0.01020252,0.0547945205,0.0042731839,-0.172017056,0.2036021237,1.0716029292,0.4448116318,-0.00153501,0.1808082041,0.4991460841,0.0,1.4995551036,-0.660317928,1.3953222321,-0.650883398,1.6018175296,5.819287576,0.1980040294,0.0,0.0,0.0,0.0,0.0,0.8627762178,5.0,-0.970246044,-0.173901522,-0.670097885,0.0328669493,-2.246876063,0.1765333307,-13345.5792,0.0740556467,15.586942002,0.0012958477,0.0180528112,0.0415632754,0.0062840892,0.1948715071,0.0202283544,2.0,0.0004451121,1.7732356041,0.1533129418,5.0,16.936860232,2.877429074,0.0,0.0663324073,0.0334460933,0.0531505266,0.340921845,5.6000132815,2.892569e-10,6.5143425e-09,1.375941321,1.8932145189,0.0032101052,0.0610765171,-0.628164471,-0.091892872
89006,0.3323487329,0.0428421113,9.0178366521,0.0207040077,0.4839290637,0.3203336598,0.0434585856,0.0505197602,0.1733411827,-0.011032706,0.0795204043,-0.006180162,-0.115049226,0.0477710631,0.0061801615,20.0,0.0015261524,-0.0125,0.0275630122,0.0183385503,-0.018089898,0.0875413907,-0.005833364,0.0153216936,0.0111090742,0.1825727621,0.0,0.6582888053,0.3219267464,0.4836730655,0.4576787391,7.2824657534,8.9983073798,0.1137885565,0.0,0.0,1.0,0.0,0.0,0.390944088,4.0,-0.122054519,0.0701455991,-11.08010196,0.1796153631,-1.678646448,0.006367477,66622.201685,0.0426379215,18.306788651,-0.000739634,0.0189238383,0.045674037,0.0063705856,0.050626142,-0.043615569,2.0,0.0,-0.131878013,0.0261580551,6.0,18.699173204,1.204523996,0.0,0.0338797495,0.0141980968,0.0184198296,0.2214774922,1.1774155557,1.816349e-11,1.9853918e-08,0.4590689685,0.2107443178,0.1513895848,0.0247394902,0.0631996085,-0.010149049
89110,0.1884202012,0.006269748,7.8744374887,0.0,0.1669000519,0.1737565784,0.0395248383,0.4704136814,0.3758206333,0.0154514383,1.1665731274,-0.100267705,-4.773436044,0.0361979888,0.100267705,20.0,-0.007642284,0.0592592593,-0.005372191,0.1163511976,-0.022900955,0.5347981819,0.1021281975,-0.0139554,0.1446298982,0.4072079842,0.0,3.0005245584,0.4715571173,2.652152679,0.6751181986,1.8360909435,4.4529578814,0.1489129836,0.0,0.0,0.0,1.0,0.0,0.5431231322,4.0,0.0753461996,-0.077691107,0.0583561206,-0.268070489,0.3679665657,-0.016026437,-3494.824705,0.0376507894,15.389341102,-0.004738038,0.0149500712,0.0278527265,0.0127011148,0.2350454869,0.0025036831,2.0,0.0010779492,0.2305643214,0.0008691424,6.0,16.3983885,2.234339412,0.0,0.020006787,0.0157804326,0.0304265879,0.3805177572,4.5683651374,2.913299e-10,1.123005e-08,0.8290708109,0.6873584094,0.0882753879,0.0450568349,-0.615652955,-0.028114825
88970,1.1336218071,0.0914365832,-9.266038937,0.0345866288,10.104503935,0.4093778011,0.0239435684,0.2399125212,0.0381251062,-0.05736,0.2721414076,-0.001546148,-0.171646535,0.1071313559,0.0015461482,20.0,-4.2376e-05,0.0034013605,0.0091564331,-0.154169085,-0.009240536,0.083313705,-0.004552673,0.0006753312,0.0114988434,0.6375990384,0.0,0.9568296677,-0.037326833,0.9568296677,-0.037273396,0.3767768582,0.0488944492,0.0117279157,0.0,0.0,0.0,0.0,0.0,0.3083266771,3.0,0.0273838475,0.0002450084,-0.011669869,0.0264546258,-0.517755168,-0.046239219,-6703.578842,0.0256085935,12.897817777,0.0002817022,0.0021770915,0.0232331062,0.0111584132,0.1374980427,0.0522052063,4.0,0.0016920474,1.9359852684,0.0227243351,5.0,12.487218179,0.5935426431,0.0,0.027477989,0.0116486659,0.0199902908,0.1393923213,0.4024904034,7.6480861e-09,3.6413618e-08,1.0597079466,1.122980932,-0.006281313,0.0434396427,-0.010345999,0.0732063074
88994,0.1360494862,0.066419306,10.231867909,-0.006586268,0.151059158,0.2244650631,0.2758319736,1.6793353413,0.9658481801,0.0392348891,3.2203023758,0.0725083074,0.215745366,0.0520896485,0.0725083074,20.0,0.0386266988,0.3,0.9585616193,-3.017247271,0.5657879471,0.0269639616,-0.66089337,0.4040183934,0.7867122794,0.6791033238,0.0,2.4900723962,-0.276216152,2.1232528134,-0.163404348,3.1916254045,2.4874506229,0.7624075708,0.0,0.0,1.0,0.0,0.0,1.3532589125,5.0,52.142686741,0.1527940049,0.2190942299,0.3334490316,12.351543013,4.164304914,-7157.929671,0.0357482652,11.750847967,-0.007817619,0.0371205136,0.0873759093,0.0248780319,0.1682472443,-0.176552423,0.0,-0.005649582,0.6627668272,-0.097499352,3.0,11.912612244,0.9131143227,0.0,0.0674486831,0.033572659,0.0532979919,0.3847415031,2.3694921022,4.1066356e-08,2.0758747e-08,1.840613578,3.3878583437,0.0687883538,0.1156264608,-0.569390781,-0.145662284
89031,0.1249467178,-0.000220647,11.478894672,0.0,0.0518045317,0.0871586723,0.0013430866,0.6331117652,0.5022556907,0.0717503109,0.339652616,-0.036112351,-23.32076566,0.0049250192,0.0361123511,20.0,0.0459099765,0.3298538622,0.282829748,-0.223604094,0.0745244904,0.097611931,-0.540997959,0.1547291457,0.7962538754,0.6438665294,0.0,3.8307968993,0.210118749,3.4798522223,0.1728487223,1.2117189252,2.3230847428,0.0304167987,0.0,0.0,0.0,0.0,0.0,0.7813724137,4.0,-0.10848819,-0.014938866,0.0233276531,-0.498072971,-9.879060631,-0.091698416,4734.474435,0.0553124103,15.890675867,-0.03706938,0.0317796721,0.0442051965,0.0055419143,0.3534955606,-0.005388967,2.0,0.0051994058,4.0596189979,0.0530404495,4.0,16.333793063,1.1309984838,0.0,0.0626992434,0.0300652353,0.0395654588,0.3124844145,1.6587624119,5.674013e-10,1.9745834e-08,1.2255012863,1.5018534026,0.0081084935,0.0627233059,-0.563521132,-0.010696088
89002,0.4131672627,0.0801027487,-2.118983648,0.016264931,5.7091537077,1.2277171803,0.0522039683,-0.148999049,0.0940410949,0.0441176471,-0.155822777,-0.064748715,-5.382033898,0.5112184578,0.0647487149,20.0,-0.002189964,-0.058823529,-0.189901994,0.0184881244,0.0295030186,0.2924094836,-0.092384874,-0.001181364,-0.041994585,0.6815381402,0.0,1.8839559006,-0.07242555,1.8681910208,-0.071795679,1.0904924992,0.298241448,0.0197727075,0.0,0.0,1.0,0.0,0.0,1.257759869,5.0,1.8027679114,0.0578638852,-0.084637532,-0.262698912,-0.668028317,0.1995032194,-1046.237523,0.1116995972,14.818958309,0.0004925898,0.0093983239,0.1001025441,-0.021376018,0.2079722159,-0.012389005,0.0,0.0126870849,2.2079928728,-0.098045737,5.0,16.363723122,3.3183194043,0.0,0.0596681088,0.0287559652,0.0443150481,0.2812054094,3.1967103975,7.280601e-10,9.2253242e-09,2.2508784318,5.0664537149,0.0082317174,0.0613202186,0.0899950814,0.0472491512
89167,0.4810838755,-0.040393906,21.86561875,0.0,0.6296986703,2.6065537289,0.0467028709,-0.066429726,0.5301929524,0.0085305679,-0.076802178,-0.108652635,-3.098750193,0.0847767174,0.1086526354,20.0,0.0,-0.150459548,0.0172617194,0.0163335601,-0.023521247,0.4190393013,0.0775723987,-0.03179871,-0.050771066,0.3887204775,0.0,1.9600205517,-0.08640981,1.9600205517,-0.08640981,454.11939356,4.7877058517,-0.015992854,0.0,0.0,1.0,0.0,0.0,1.2287987604,5.0,-2.884758799,0.3215861215,-0.36528398,0.403214681,-27.68061843,0.0871696638,-14277.40335,0.03476008,13.481617484,0.002900754,0.0474700084,0.1223035851,0.2304591264,0.001617924,0.0026519641,1.0,0.0127118644,2.3718095074,0.2347355387,4.0,14.4270645,2.3317370597,0.0,0.0483472869,0.036489321,0.052764013,0.4272084452,5.34166436,3.6694687e-09,8.5018173e-09,0.5742771205,0.3297942111,-0.476287562,0.0723166496,-0.652302431,-0.054879185
89036,0.6049089601,-0.024445389,1.1506478887,0.0,0.2785476464,0.611662968,-0.009992051,-0.035553478,0.3879687146,-0.006940174,-0.082866611,-0.083470641,-3.072232589,0.0506565308,0.0834706412,20.0,0.0070029053,-0.043126685,-0.160531125,0.0358291849,-0.057181685,0.7769794114,0.0052528365,-0.017037012,-0.012085369,0.3487903277,0.0,1.8641390856,-0.013015031,1.3451067567,-0.03161345,5.0642528204,4.4633373777,0.0581343631,0.0,0.0,1.0,0.0,1.0,0.5716218522,3.0,51.913784676,0.0115977229,-0.124032455,0.8023085056,-0.355356249,4.1641549142,-6843.031371,0.0357482652,13.955831445,0.0058536749,0.0100194528,0.0133380562,0.0129296671,0.1225458841,-0.010099306,2.0,-0.002392344,0.7310699417,0.0877305181,5.0,13.609001116,2.1495532487,0.0,0.2711777985,0.0664423583,0.0198917409,1.2116141292,31.955169288,2.0614818e-09,4.5688218e-09,1.0503294293,1.10319191,0.0097967341,0.0494688739,0.3477132666,-0.145662284
89044,0.2946203327,-0.050709835,3.4604156026,0.0,0.0666792301,0.1106161114,-0.096783491,0.2005310089,0.2450948469,0.1337415008,0.223269643,-0.235792717,-1.539677427,0.0273669531,0.2357927167,20.0,0.0,0.1983002833,0.0287550389,0.1736331207,-0.028806134,0.1779631485,0.1944900346,0.0182930902,0.1955015625,0.6969037833,0.0,4.5819215733,-0.130783621,4.5819215733,-0.130783621,0.5917228958,2.3267970402,-0.667461461,0.0,0.0,0.0,0.0,0.0,0.299306168,3.0,-3.334578413,0.0570578489,-0.016524148,0.2167511381,-28.68125989,0.0297598995,-13802.33334,0.03476008,13.680958073,0.0046199712,-0.008795264,-0.010787723,0.0075035548,0.5241149028,0.0153489046,3.0,0.0026041667,4.2176695716,0.259310815,6.0,13.453341622,0.8009975827,0.0,0.0495049357,0.0318937419,0.0413823475,0.648160424,5.3236612267,1.0941296e-08,2.8282167e-08,1.1679297779,1.3640599661,-0.02990963,0.0567934011,-0.339028946,-0.054879185
89215,0.2552423738,0.0220046462,37.492866699,0.0,0.4776252233,0.7453878095,0.1152399218,0.2183945713,0.410633729,0.007084457,0.2836428701,-0.086886513,-2.634415906,0.079974036,0.0868865126,20.0,0.0,-0.072929543,0.0772271542,0.0185971201,-0.010332277,0.4857278414,0.6160327968,0.0145280243,0.1125699363,0.2031448982,0.0,1.2619131496,-0.148730557,1.2619131496,-0.148730557,50.03687368,5.2416138392,0.1208267277,0.0,0.0,1.0,0.0,0.0,1.0766306251,3.0,-2.961229268,-0.089859276,-0.287753974,0.1773731792,-28.17981421,0.0823669824,-11386.92609,0.03476008,15.318179241,0.0079970489,0.0281195072,0.0765980741,0.0601254653,0.0572754418,-0.034157942,1.0,0.0036601307,1.5428617707,-0.035861164,5.0,16.598229559,3.007893913,0.0,0.0291782562,0.0199252923,0.031702109,0.1982421914,2.9447471348,2.718548e-10,8.4003639e-09,0.4562588444,0.2081721331,0.2864399167,0.058886579,-0.25426563,-0.054879185
89070,0.3811987864,-0.004342106,19.219154719,0.006217746,0.3819521684,0.2195905328,0.0355817775,-0.008969629,0.2185342571,0.0077669903,-0.002253816,-0.054769612,-9.671706263,0.0376534695,0.0547696121,20.0,0.0026785496,0.0050251256,-0.119979454,-0.185086867,-0.013037211,0.4447076049,0.036118772,0.0195464858,-0.015652118,0.1811673663,0.0,1.9880714928,0.4483685181,1.0296061637,0.5149812358,8.757636205,4.8354787637,0.073070037,0.0,0.0,0.0,0.0,0.0,0.4175297261,3.0,51.760563656,0.076366287,-0.075880644,0.5785983319,-1.189357135,4.151151853,24466.456149,0.0357482652,17.045351308,0.0007741774,0.00669606,0.0128956344,-0.007977209,0.0383029414,0.0227349641,1.0,0.0,1.4190380127,-0.02442749,6.0,17.849560204,1.7826669911,0.0,0.04288112,0.0218540638,0.0242304781,0.3208691585,2.0998196378,1.05679e-10,1.6519706e-08,1.0529405957,1.108683898,-0.010663794,0.0316324232,0.0539045572,-0.145662284
89327,0.3221736714,0.0905146129,151.68883266,0.0,0.9858407607,2.5374690115,0.0926827941,0.2627692096,0.4202246419,0.0002593361,0.2233112583,-0.12086344,-1.564858491,0.2321571735,0.1208634404,19.0,-0.033335357,-0.070588235,-0.010887203,0.0195725671,0.0575122351,0.0302292714,-0.185563305,0.0731288428,0.401052143,0.3815660855,0.0,1.1490109531,-0.105942432,0.4336275952,-0.124459826,454.11939356,21.137522229,0.116327098,0.0,0.0,1.0,0.0,0.0,1.7771932539,5.0,0.0051785046,-0.072765109,-0.064901356,-0.100648784,-1.10526305,0.0017018478,-3880.816236,0.4119188279,15.264748646,0.0039653317,0.0417033107,0.128015327,0.1473267137,0.0925687405,-0.011786866,0.0,0.0047270509,0.63596638,-0.134352671,3.0,16.260219218,3.0889099754,0.0,0.0985586792,0.0347675058,0.0494470668,0.3290799297,4.5312700129,5.256232e-10,8.2331293e-09,1.5471966537,2.3938174853,0.1224873438,0.0534359047,-0.046713765,0.0086816377
89413,1.0390017565,0.2498377662,-3.956394036,0.0243853093,2.0872931547,4.6502338265,0.1054002581,0.0162514518,0.5276146922,0.0122784343,-0.080782333,-0.133645451,-1.658973901,0.6643120998,0.1336454507,19.0,-0.08372012,-0.045454545,0.0448742844,-0.411889602,0.0518848198,0.0549349118,-0.069275443,-0.061618757,0.2897678132,0.5656387983,0.0,1.4499947826,-0.052192847,0.4015985976,1.8362288353,16.104370959,52.377483777,0.1524722685,0.0,0.0,1.0,0.0,0.0,2.0044186459,7.0,-0.027691035,-0.213285219,-0.046426941,1.002293325,-0.875628368,0.5386738764,-23736.6643,0.2560171468,12.685629546,-0.002265317,0.0317758166,0.0917699495,-0.029806703,0.1529557136,0.0157253659,0.0,-0.002604167,4.3887441184,0.2629632168,4.0,15.248383701,8.3322584016,0.0,0.0544522405,0.0301940599,0.0549273721,0.3124530247,10.575783046,2.1368441e-09,3.2231144e-09,2.8149696938,8.1460812957,-0.005416261,0.1280724629,-0.743708263,-0.215279818
89179,0.4213295253,0.058023392,0.4022648973,0.0121960804,0.6779040913,1.5466178278,0.147793565,0.1182910927,0.3293222987,-0.02973644,0.1682012028,-0.074554453,-1.337707787,0.1356417352,0.074554453,20.0,0.0,0.1813031161,0.1694030495,0.1803246128,0.0388868605,0.2419472027,-0.114372924,0.0118652602,0.0463628341,0.470784333,0.0,1.5533561946,-0.060138517,1.5533561946,-0.060138517,3.9653466957,11.121281256,0.1123853905,0.0,0.0,0.0,1.0,0.0,0.7792170953,6.0,0.0384047318,0.1111311946,-0.344611746,-0.809390278,-0.342031349,0.2514760973,65769.527426,0.0397241163,18.611365501,0.0037771155,0.0157028835,0.0431537406,0.0515167085,0.3462879869,-0.000848393,0.0,0.0009388412,0.5147020588,0.1062212717,7.0,18.857588199,1.0356292041,0.0,0.0247563999,0.0177788104,0.0237701201,0.2107059599,0.9785056318,2.653706e-11,2.2958904e-08,0.902446594,0.8144098551,0.074429637,0.0429046315,0.0055411688,0.045344153
90223,1.069909584,-0.306824687,-19.13745041,0.1112348344,2.8078087318,4.5378122964,-0.120665983,-0.025033127,0.2243484982,1.3393466602,-0.030062371,-0.003712546,-0.0628193,-0.287550175,0.0037125461,17.0,0.030080569,0.0291262136,-0.315470508,-0.014140478,0.0309586053,0.7331541063,1.4482353532,-0.314587014,-0.126380659,0.2744011303,0.0,1.145344755,0.0922036111,0.916280485,0.1499622085,22.80134189,6.0241233141,0.0645240107,0.0,0.0,1.0,0.0,0.0,0.9018724816,4.0,4.0451172211,-0.598807686,-0.011094764,2.1195187174,-1.500920822,-0.091201756,-4547.042847,0.3461731473,9.5552625191,-0.000127974,-0.028400499,-0.04886789,0.4700038162,0.0766488176,0.1651959702,0.0,-0.154553818,0.4250283208,-0.014204236,2.0,11.465089971,5.0168607876,0.0,0.0990991071,0.0372659901,0.0523780874,0.97832174,60.144200019,1.5547898e-07,4.1313785e-09,1.3252574589,1.7563073323,0.5087834302,0.1716718478,-0.560606072,-0.094679308
89244,-0.325745784,0.0446117785,10.3216117,0.0,1.2058561523,0.8188782829,0.2174080638,-0.011439525,0.5685176805,0.0230498821,-0.069147094,-0.040853328,-0.81062614,0.0807752523,0.0408533278,20.0,0.0082242318,-0.411764706,-0.024914794,-0.15716028,0.0473532304,0.296292615,0.356172047,-0.006389849,-0.200325873,0.2050272635,0.0,0.8797203167,0.1736056915,0.7637070382,0.1221839789,8.3076069855,39.88204312,0.0597483799,0.0,0.0,1.0,0.0,0.0,-1.062672947,6.0,0.2660423596,0.1482940219,-0.240695616,-0.527745826,0.4291903063,0.0553374158,-4218.364343,0.2743317733,13.442329401,0.0031556697,0.0322786512,-0.086131732,-0.021326359,0.1282322036,0.0161266967,2.0,-0.000547945,0.2333100232,0.0717991553,5.0,15.048636195,3.7656794301,0.0,0.0773809254,0.0292960805,0.0499363533,0.3146039763,4.3621238334,2.5400355e-09,8.8160661e-09,1.688110709,2.8497177659,0.0164394559,0.0845118996,-0.061871078,-0.050575745
89269,0.7383505377,0.0517959792,-1.2759948,0.0,1.2249118823,3.1832468087,0.0647016919,0.6763184856,0.3470507879,0.4009921744,0.5107412904,-0.06735756,-2.04369469,0.1576511469,0.0673575602,20.0,0.0,0.2597173145,0.4886989376,-0.061784499,0.0602395491,0.2952264382,0.3688665851,0.0409328194,1.0534618755,0.3137357208,0.0,1.0837618717,-0.310376985,1.0837618717,-0.310376985,8.9753634895,11.359129012,0.0848309152,0.0,0.0,0.0,0.0,0.0,1.0755318301,5.0,0.0455880142,-0.02660478,-0.266197548,-0.492369266,-0.099624105,0.273485509,21879.904706,0.0397241163,17.664606182,-0.000994676,0.0081633794,0.0225386901,0.0912044251,0.1921716425,0.0790180147,1.0,0.0,1.2484770252,0.0198772014,5.0,17.788554032,0.9200580625,0.0,0.0351204127,0.0194549831,0.026005975,0.2933032227,1.3763465887,8.190255e-11,2.5545204e-08,0.7591412046,0.5762953686,0.0998601079,0.0508047886,-0.023185902,0.045344153
89217,0.3405410008,0.0471676636,1.9884838537,0.0066237608,0.7921652502,0.9668787935,0.0785031301,0.0525500899,0.4185010035,-0.041469263,0.0754184328,-0.041291032,-0.966828999,0.0927707287,0.0412910322,20.0,0.0091848805,0.0149253731,0.0409226364,-0.046869563,0.0029953655,0.0650813813,0.0370980533,0.0267944464,0.0029390707,0.4991218694,0.0,1.3216933693,0.0390842529,0.3650575527,0.2938509419,12.103494405,13.475112633,0.0930065193,0.0,0.0,0.0,0.0,0.0,1.3131943171,5.0,-0.006283678,0.2524376393,0.0206122529,-0.082281455,-0.795327758,-0.137684597,3761.1089742,0.4119188279,16.316585512,0.0002126493,0.0143438588,0.0514340926,0.0060825538,0.0509639485,0.0178961233,0.0,0.0020106276,0.9954334652,-0.011231346,5.0,17.603416385,3.1041556728,0.0,0.0375034623,0.0257817244,0.0292963031,0.3428169526,5.6406893141,1.07754e-10,8.6721533e-09,1.1797153463,1.3917282983,-0.00199648,0.0398042278,-0.242279712,0.0086816377
89307,0.4387876269,0.0334852924,35.959889787,0.0143411954,0.1762060374,0.6996500844,0.0728677161,0.0501680809,0.1800799274,0.007267478,0.0275081326,-0.058642468,-1.051306729,0.0686886057,0.0586424681,19.0,0.0,0.0561797753,0.1331010785,0.129259968,0.0203334607,0.3104742251,0.1912778856,0.015967919,0.0595515221,0.207334478,0.0,1.4230518931,-0.061234634,1.4230518931,-0.061234634,61.136212463,5.9594168329,0.2998424321,0.0,0.0,1.0,0.0,0.0,0.2533760621,7.0,-2.942835757,0.1199011928,-0.158644656,0.3609184324,-27.95225343,0.0710815521,-10998.8026,0.03476008,14.967636383,0.0024388821,0.0165828336,0.0233005274,0.0005254347,0.0636618872,-0.010414869,4.0,0.0018440464,1.2991637007,-0.083725101,6.0,15.542949223,1.4964596673,0.0,0.0223267972,0.0101706761,0.0243757667,0.3907556207,2.0685381944,5.642313e-10,2.1550831e-08,0.8114918416,0.658519009,0.1191461799,0.035819749,-0.078594578,-0.054879185
89252,0.9631580561,-0.034718743,-1.62114456,0.0,1.1147786377,5.3239767944,0.0461571022,0.3135199382,0.3272044258,3.8816859749,0.0791011992,-0.147425184,-7.770457241,0.2350617677,0.1474251843,20.0,0.0,-0.194915254,-0.175178715,-1.830088969,0.7527061474,0.0604982011,-0.316115828,0.0128371598,0.7547111626,0.6623485929,0.0,1.4744025002,0.6896680625,1.4744025002,0.6896680625,9.0783296539,11.034809076,0.0145180048,0.0,0.0,1.0,0.0,0.0,0.9294304932,6.0,4.0775314005,-0.683308299,-0.235136232,2.0127671895,-2.393962226,0.431410186,-4345.682567,0.3461731473,11.153143334,-0.001415681,-0.022584723,-0.050506501,-0.226007799,0.3328510227,-0.083030032,1.0,-0.01369863,0.9998460565,-0.031692785,2.0,10.21687031,0.2767144891,0.0,0.0831759572,0.0373358346,0.0612483213,0.649628352,0.8274773631,3.4208322e-07,9.1680266e-08,1.4900289846,2.2201863751,6.81364e-05,0.0823382745,-0.26726176,-0.094679308
89262,1.3291062001,0.0657691759,-24.81423986,0.0295389513,12.545380878,0.5540620574,0.0190090421,0.0845345078,0.0312902824,-0.046134279,0.0973576164,-0.006092323,-1.23513152,0.1470027582,0.0060923234,20.0,0.0,0.0529411765,0.0289476264,-0.052947702,0.0210454515,0.0719137036,-0.104872117,0.002055489,-0.023204496,0.6209695057,0.0,0.9781858861,-0.081385971,0.9781858861,-0.081385971,1.080451489,0.0495633781,0.0067185202,0.0,0.0,0.0,0.0,0.0,0.2941893942,5.0,0.0106903649,0.0046422003,0.037869947,0.2219390188,1.2106373633,-0.006367817,-6705.090032,0.0256085935,12.179131795,0.0006506385,0.0024372064,0.0269860644,-0.007408853,0.0591429498,0.144454745,1.0,0.0023446659,0.0030666295,0.0405152342,5.0,11.326798711,0.3048661585,0.0,0.0272727013,0.0123040528,0.0202273313,0.5757710319,0.7406329687,6.3146819e-08,9.7032511e-08,0.8217882531,0.6753359329,0.0492322169,0.0493900456,-0.321733718,0.0732063074
90125,0.1713734118,0.0347145951,5.6332655617,0.0,0.0158468782,0.1158803579,0.6854996155,0.3866465201,0.8460025418,0.0190835363,0.1765864333,-0.09340852,-0.433530483,0.0497644302,0.0934085197,17.0,-0.00104467,0.145631068,0.1546171766,-0.225250346,0.0016120028,0.1254780115,-0.197511892,-0.00073003,0.409922895,0.8138115302,0.0,10.074977892,0.2731805136,9.9715964122,0.2827531058,0.8029889085,12.869081388,1.4118782575,0.0,0.0,0.0,0.0,0.0,0.9397465394,6.0,1.4091952525,-0.110751853,-0.032373491,-0.072478527,6.0815159235,0.1365117932,-2692.663021,0.0232852488,14.642077452,0.0039634917,0.0536008303,0.0582981776,0.0043205357,0.6172388405,-0.001796118,2.0,0.0020325203,0.7691803657,0.1032003267,5.0,15.440049014,1.8398320957,0.0,0.0501775816,0.026562157,0.0351307285,0.2309080805,1.9692444528,1.0369766e-09,1.2127987e-08,0.4143069391,0.1716502398,-0.117784534,0.0733137061,0.4051799567,-0.24467985
90081,0.1334457299,-0.056017646,6.6583138138,0.0,0.1779581391,0.3464779489,-0.214410756,0.1670066293,0.6812498901,0.2349119866,0.1188418196,-0.056339285,-0.290781924,-0.039728727,0.0563392854,17.0,-0.043924032,-0.277404922,-0.187268865,-0.237788442,-0.035645357,0.0719483871,-0.511094907,0.0396173662,0.2380828001,0.6720082873,0.0,1.9554803341,0.206091452,1.4310313109,0.3724321883,3.1390524369,6.5216604107,-0.313026892,0.0,0.0,1.0,0.0,0.0,1.6865613164,2.0,51.828379041,-0.403600182,-0.358310692,0.3308452754,-0.681150773,4.0737696564,-7096.387161,0.0357482652,13.800197159,-0.001636595,-0.005261903,-0.026057777,0.0218178376,0.6052837442,0.0019609267,0.0,0.0027896996,0.1754771176,0.0372645934,3.0,15.505126,3.6462955826,0.0,0.0543854609,0.0450515261,0.0646209695,0.5256019233,16.017712044,1.4759556e-09,4.3532704e-09,1.8448592033,3.4035054802,-0.00628945,0.0780217872,-0.168878121,-0.145662284
91379,0.5272898497,-0.330590018,4.4094202899,0.018998485,0.0330016787,0.045203292,-0.749285714,-0.032112038,-0.334983732,-0.85100486,-0.672357724,-0.456041981,-0.785731979,-0.070834869,0.4560419812,18.0,0.0,0.0,-0.446893788,-0.646893788,2.0062880864,0.0707012488,0.0590855986,0.2034233979,0.1027573215,0.598555247,0.0,5.9224137931,5.8571308481,5.9224137931,6.2131521364,0.4444444444,5.75,-4.493570116,0.0,0.0,0.0,0.0,0.0,-0.411029286,3.0,4.3856739587,0.1477033476,0.0881357107,8.1401907621,-2.428962577,-3.323725895,-1745.942592,0.0340789314,10.472874856,0.0,-0.03146571,-0.032770049,0.0072893252,0.4519520892,3.0955002782,0.0,-0.004020173,-0.753851868,-0.036613192,3.0,16.852934802,22.071961223,0.0,0.2711777985,0.0879932854,0.1154366191,0.987594221,107.87623787,8.9519938e-09,2.475008e-10,0.6578609692,0.4327810548,1.0626053941,0.2263811045,0.7973304417,0.818494895
89297,-0.103713084,0.002199029,8.1083357707,0.045781972,0.4576509719,0.1956399949,0.2233874147,0.0733303724,0.3743557724,0.0079846285,0.1389677611,-0.138780845,-21.57400257,0.0496408858,0.1387808451,19.0,0.0,0.0304471931,0.0409810916,-0.050437741,0.0282312458,0.1575034764,-0.131708283,0.1880554518,0.4393530997,0.6861165324,0.0,4.8318774287,-0.088995363,4.8318774287,-0.088995363,1.4894007827,12.515921693,0.0738382331,0.0,0.0,1.0,0.0,0.0,-1.406428743,4.0,0.5181427313,-0.015849382,-0.185280267,4.405348058,0.2434096147,-1.702499591,-14016.9746,0.0456208962,14.84662796,0.0102955898,0.013178372,-0.039626228,0.0013985115,0.3518764331,0.0514761467,1.0,0.0004234896,0.3666139774,-0.015975657,5.0,15.273711367,1.2645666006,0.0,0.037076097,0.0217392364,0.0305235807,0.4408625255,4.0096853131,9.595447e-10,1.7782052e-08,0.3151528135,0.0993212958,0.3547086971,0.0411878302,-0.253913978,-0.071440083
89353,0.8599150314,-0.294691205,-1.194353095,0.0,2.0578326049,0.6435759929,-0.192890949,0.1248531633,-0.04950495,0.1205673759,0.3281359742,-0.052993208,-0.495568685,-0.148651472,0.052993208,19.0,-0.000789765,-0.038342065,-0.634667655,-0.058910079,-0.581054466,0.0581332174,0.054813389,-0.012586004,-0.17670348,0.6031263613,0.0,1.2509349289,0.8651958095,1.2243829469,0.9123353593,0.9685555192,30.173469388,-0.098829492,0.0,0.0,1.0,0.0,0.0,-0.160241717,2.0,-0.156814543,-0.114567705,0.0637342241,0.8333299739,0.056566528,-0.206071091,-2392.995895,0.1434304144,15.077342837,0.0181642224,0.0090183836,0.0340938893,0.3041523902,0.2340607008,-0.000982895,4.0,0.0032701112,0.0300449968,-0.037598884,3.0,17.251197905,6.7251422794,0.0,0.0435496904,0.0411789791,0.046644514,0.4840058562,25.184230671,1.583473e-10,2.3602185e-09,1.9901832683,3.9608294413,0.0164670848,0.0504060828,0.0956507733,-0.152691328
91015,1.18006885,0.1101298325,-9.330272251,0.0555744588,13.579731211,0.641749033,0.0199930605,-0.029734463,0.0271992675,-0.023348747,-0.036053291,-0.041368013,-5.680970418,0.735774153,0.0413680129,18.0,0.000490182,-0.17260274,-0.057450406,-0.110982184,-0.022211164,0.0989755453,0.1374299843,-0.000516601,0.0421110059,0.6810491266,0.0,1.1047772913,-0.044831577,1.1030758612,-0.045415112,0.4639492449,0.0529572496,0.0091041643,0.0,0.0,0.0,0.0,0.0,0.3687499126,5.0,0.0458537561,0.0020272292,-0.187673969,0.0729016687,-1.02380517,0.5824035782,-6686.225082,0.0256085935,12.676068158,-2.2869e-05,0.0028744227,0.0321904349,-0.006291475,0.1486945952,-0.010051784,2.0,0.0006775068,-0.203481446,0.01069831,3.0,12.261286183,0.7305828576,0.0,0.0765143782,0.0225626368,0.0291379216,0.5216505013,2.2706144645,1.0507302e-08,2.4580782e-08,0.6735535605,0.4536743988,0.0620655063,0.0351491128,0.1360945663,0.0732063074
89393,0.0462040022,0.0115304775,26.562628995,0.0,0.1178150152,0.1043734998,0.1744734779,0.1561305617,0.2959009954,0.0093161686,0.069015485,0.00912738,0.1210685179,0.0101344997,0.00912738,19.0,0.0,0.0930232558,0.2401022859,0.6162242713,0.0455354909,0.038596902,-0.218507289,0.0288286232,0.4593789076,0.2608470788,0.0,1.2505571189,0.3876238386,1.2505571189,0.3876238386,3.0462377293,40.922197902,0.1053717217,0.0,0.0,0.0,0.0,0.0,1.2247105936,7.0,9.5155566383,0.5271870973,0.1901006868,-0.04344486,0.5315837719,0.1225585734,214588.83666,0.628146637,18.253113788,0.0036352863,0.0353682384,0.1045213851,0.0038758087,0.1761044966,0.0134297171,1.0,0.0010485959,0.85483451,-0.004668688,7.0,19.733784695,5.0266112054,0.0,0.0582370386,0.0816715564,0.0545112589,0.8822072267,67.092157103,1.116448e-11,2.419809e-09,0.5141530855,0.2643533953,-0.249584779,0.0498158736,-1.068641711,0.0281239559
89387,0.5151800905,0.0366962778,11.079927393,0.0111716803,0.3252641019,0.6812947588,0.0687434032,-0.039215051,0.4068270763,0.0075229869,-0.18661187,-0.104814669,-2.449529693,0.1265849,0.1048146685,19.0,-0.001027241,0.0,-0.036943714,0.1128271851,-0.013883482,0.6749202491,0.0544371539,0.0005477209,0.084910522,0.1677823656,0.0,1.7932802735,0.1250933964,1.7643288286,0.1310630184,20.873490648,6.1174511391,0.1959049994,0.0,0.0,1.0,0.0,0.0,0.7301013849,6.0,-2.960118803,0.0620956585,-0.214824431,0.4373108959,-27.35489178,0.1289778465,-14210.07958,0.03476008,13.063315295,0.0002499195,0.0069793646,0.0129714194,0.0033845568,0.0441786144,-0.030127965,0.0,-0.000846024,0.7923395137,-0.101271806,6.0,13.669295141,1.3146166351,0.0,0.0246733949,0.016324709,0.0241203921,0.2756412239,1.1593169213,5.7313539e-09,2.5325997e-08,0.9633517533,0.9280466006,0.0273280528,0.0436276396,-0.318321014,-0.054879185
89394,0.1821483077,0.0272965099,2.4628528649,0.0003563106,0.1919924232,1.2428381086,0.2266853716,0.9874559222,1.0806017807,0.0837218731,0.6420757737,-0.22512763,-2.508401636,0.09576712,0.2251276302,19.0,0.0006458639,0.0849349039,0.7471231683,0.6650081498,0.227868322,0.2095286014,0.1003331421,-0.015818944,2.24712384,0.7523136818,0.0,1.7789188018,1.1664308918,1.7598609199,1.2161937398,4.894552763,84.640099585,0.2739743752,0.0,0.0,1.0,0.0,0.0,5.0245212193,6.0,0.0325068838,0.5271870973,0.0839625089,0.1454398762,-0.781650139,-0.029871103,-21908.98864,0.2560171468,14.175757396,-0.003022603,0.027616692,0.0449968943,-0.008445092,0.4811792844,0.0120802459,0.0,0.0002566735,1.4085008835,0.1690957211,5.0,16.628797621,12.569850187,0.0,0.0396531187,0.0310068015,0.0669878136,0.2590609824,15.79118399,4.319579e-10,2.5824938e-09,2.3498622096,5.5218524043,-0.045155799,0.1387790115,-0.816056351,-0.215279818
91975,0.3000147432,0.032593741,0.1171231846,0.0,0.9848751798,1.4755747664,0.0568657919,-0.097315314,0.0742076034,-0.08835684,-0.071048626,-0.033153081,-1.391273364,0.0779405446,0.0331530809,15.0,0.0,-0.055555556,0.007619047,0.0914505499,0.0962431277,0.1652166306,-0.08907304,-0.000887379,-0.176181559,0.3983723112,0.0,1.1180481064,-0.095738433,1.1180481064,-0.095738433,10.853315501,3.2811745166,0.0498528268,0.0,0.0,1.0,0.0,0.0,0.2562654933,6.0,-0.638070702,0.1702218311,-0.187430518,-0.082946208,-1.193103199,0.1040724094,2386.1824906,0.1086739101,16.115408217,0.0023673449,0.0079413423,0.0350818693,-0.023800474,0.1047554814,-0.014065301,1.0,0.0001583531,0.6579869295,0.0363870803,4.0,16.576903147,1.1897337361,0.0,0.0220518932,0.0164990881,0.024248768,0.3948877251,2.2176784245,2.571221e-10,2.0840946e-08,1.4181287036,2.01108902,0.0198027105,0.0318324702,0.007265846,-0.049938477
89445,0.2542573554,0.060398866,2.3700333381,0.0,0.3092884252,0.3675730608,0.2971085652,0.3115770482,0.7633470928,0.0538607108,0.163680717,0.0034531775,0.0283925168,0.0586839902,0.0034531775,19.0,0.0290019607,-0.011235955,0.4047257808,0.1634264769,0.0109252645,2.2898252826,0.2464900853,0.0267023865,0.5514750151,0.651584454,0.0,3.4415510897,0.5779657435,3.1124068308,0.5787028476,1.4022709349,3.2496573209,0.2714858191,0.0,0.0,1.0,0.0,0.0,1.8965482641,6.0,1.7186348632,-0.007579398,-0.189240514,0.0104054167,5.1082052385,0.1454313532,-5320.763821,0.0232852488,13.220598172,0.0017283961,0.0266411534,0.0585421092,0.0046209176,0.393290897,-0.004071877,0.0,0.0,1.1335656071,-0.182606312,4.0,13.862541542,6.1571898235,0.0,0.2865753174,0.095913869,0.0203443339,1.4544939431,75.324187322,2.7010388e-09,2.0554702e-09,0.9168040882,0.8405297362,0.1238495094,0.0605188397,0.5265482688,-0.279230938
91665,0.4048190833,0.0771913066,1.2375544317,0.0,0.7139066066,0.856657333,0.1426675693,0.0673743694,0.2333135016,0.0115115972,-0.01099566,-0.01384368,-0.19430283,0.0921897959,0.0138436798,15.0,0.004850246,0.0412017167,0.0310364601,-0.647933902,0.0659190459,0.0851861767,0.0256007465,0.0203297413,0.2407632096,0.5491736877,0.0,2.0574007159,0.3952615798,1.8606250035,0.4026269073,3.3883007713,10.318456735,0.1696384492,0.0,0.0,0.0,0.0,0.0,0.6543545252,7.0,0.0153048879,0.0612479084,0.0147493554,-0.133146069,-0.255502786,-0.083351622,-149.2241098,0.1489431475,13.723787383,-0.000937698,0.0145382479,0.0383396696,-0.007261299,0.1828360956,-0.019019653,1.0,-0.003976143,0.1273603238,-0.015039622,5.0,13.449773645,0.6419738137,0.0,0.0228083152,0.0125604204,0.0229686992,0.3517924387,1.2364857989,4.8618341e-09,4.1230391e-08,0.798769532,0.6380327653,0.0926466764,0.0430434143,-0.062068038,-0.073400055
93016,0.3939553034,-0.141095547,0.1044154303,0.0,0.64533865,0.5347555686,-0.128562192,-0.050236114,0.2067011468,0.0458926113,0.0089251366,-0.130325468,-0.985350541,-0.002066973,0.1303254677,14.0,0.0053514174,0.0247933884,-0.00530941,0.2175644898,0.0611329804,0.1716408351,-0.035963339,0.1564200585,-0.133470448,0.557347997,0.0,0.4667192844,-0.15967105,0.2909860531,-0.284206484,10.747774481,20.501886792,-0.014324014,0.0,0.0,1.0,0.0,1.0,0.4656852132,5.0,3.0481583448,0.1948051553,-0.15321117,0.1501033646,11.318648276,0.0846803895,-5726.131057,0.0232852488,9.4885674363,0.0,-0.041466105,-0.126762722,-0.015923212,0.0252433592,-0.130125358,0.0,0.006921491,-0.819677871,0.0227401028,4.0,9.8778096431,0.7372256729,0.0,0.0483870879,0.0457753018,0.0827800346,0.6160399721,2.2976492416,8.0153e-07,3.3772832e-08,1.0729828249,1.1512921426,0.337417233,0.1209065599,-0.410413852,-0.24467985
91152,-0.08457227,0.0197219284,7.2311232191,0.0,0.6445880287,0.1391556068,0.1196116237,0.0500135906,0.1449850503,0.0145367001,-0.006170907,-0.012357465,-0.342647059,0.0264795892,0.0123574649,16.0,-0.00519756,-0.063380282,-0.059768763,-0.198657652,0.0095550883,0.2928240741,-0.115319494,0.0003261756,-0.265861027,0.3372016567,0.0,4.2273000601,-0.018488952,3.5147324113,0.0004945529,1.0022978901,5.5725900116,0.0418498251,0.0,1.0,1.0,0.0,0.0,-0.404833837,5.0,28.739339598,-0.103422149,-0.372490917,-0.477601903,-3.716027591,0.0101638859,13809.746002,0.0580772554,17.311695403,0.0056537102,0.0109487139,-0.066602932,0.0030743006,0.2478384675,-0.014636312,0.0,0.0009286389,0.3930118184,0.0248280009,5.0,17.871485454,1.2167933804,0.0,0.0237897914,0.0148298832,0.0242931241,0.3214433855,1.5928424518,7.294022e-11,2.3263494e-08,1.4417261769,2.0785743692,0.0381699479,0.0396714404,-0.062927731,-0.107827317
91727,1.3482409636,-0.02925413,-1.407809567,0.0,5.8994061195,9.4909832016,0.0181171072,0.0659151721,0.429172412,0.7544239798,0.0543651177,-0.077398197,-18.58457443,0.5144214295,0.0773981966,14.0,-0.007125655,-0.145374047,-0.207822036,0.2479060503,0.1210688836,0.0285744471,-0.204273978,-0.032979407,0.1217277556,0.5814188919,0.0,1.7653218687,0.6399823297,1.3771117056,1.406480459,10.030067205,51.319372227,0.0214548344,0.0,0.0,1.0,0.0,0.0,2.3747918319,5.0,-0.013237188,-0.683308299,-0.139687167,0.9254185082,-1.138077302,0.2839661039,-6216.299736,0.4119188279,13.242728579,0.0016461263,0.0062756042,0.033364293,0.4700038162,0.1736767592,0.0129927112,0.0,0.0102430207,0.5704378709,-0.038098733,2.0,14.185641233,1.9009009009,0.0,0.039619267,0.0298906183,0.0499206486,0.2627476394,2.3858398027,5.7802333e-09,1.4410259e-08,2.043604642,4.176319933,0.0253532971,0.1060688292,-1.256012823,0.0086816377
89753,0.2233559016,0.0235706929,9.4230138671,0.0,0.0657783917,0.2082066367,0.1127983599,0.1468480096,0.3937731729,0.022081436,0.1018075772,-0.100641174,-1.155495842,0.0508065306,0.1006411739,18.0,0.0177150561,0.1797385621,0.1766893313,0.0497757561,0.0260490994,0.3610066811,-0.274340919,0.0977875463,0.1608229056,0.4806273903,0.0,3.1511344301,0.0269087368,2.509170543,0.0204515668,2.6995356875,6.231781713,0.608624509,0.0,0.0,1.0,0.0,0.0,0.5146030325,7.0,51.968562131,0.1348948022,0.098832792,0.4207554471,0.7079957629,4.164304914,-4191.245091,0.0357482652,14.905761013,0.0035855995,0.0207344929,0.0266351503,0.004099378,0.2649517033,0.0029824878,1.0,0.0013394053,0.2731987401,0.0353519637,7.0,14.845878976,0.8862856118,0.0,0.0979955643,0.0398562116,0.0476906864,0.2888019624,1.4377021802,2.2482774e-09,2.3705956e-08,1.4247218403,2.0298323223,0.0027777444,0.0485954205,-0.058072725,-0.145662284
14610,0.8229667436,-0.538867245,-0.127430946,0.0,0.2642070029,0.1713999376,-0.694899321,1.7810452896,-0.853128181,-0.720954395,-0.055368796,-0.21508164,-0.295186288,-0.379801023,0.2150816403,9.0,0.0210145831,0.7431192661,0.4754800825,-0.124350713,-0.148711893,0.8898353208,-0.67604901,0.1343135869,6.4126536035,0.5068589924,0.0,2.5026821821,4.0830529463,2.4000990344,4.1810464623,0.3576594599,4.9164463247,-1.769032608,0.0,0.0,0.0,0.0,0.0,-3.658087014,5.0,-0.688829922,-0.054832126,0.5282948349,0.745097549,-18.32899801,-0.377408077,-14544.05178,0.03476008,10.462910217,-0.016237902,-0.192874425,-0.235676554,0.0182901757,0.5758465638,-0.135915328,0.0,-0.198795181,-0.5770463,0.0207386673,4.0,12.294832015,3.3431993669,0.0,0.0809523314,0.0389981141,0.0743680949,0.5732271001,7.9362191765,8.9543325e-08,8.103174e-09,1.7312104018,2.9970894553,1.0626053941,0.2729889101,-0.462758678,-0.054879185
89575,0.7624948438,0.1191225008,-5.117460161,0.0471754786,1.0080598661,0.722236022,0.0838766878,0.0156248996,0.0862508893,-0.031788338,-0.036786923,0.0141041987,0.2080225163,0.0943423384,0.0141041987,19.0,0.0,-0.037766831,-0.04151492,0.037519538,0.4321867521,0.1417032253,0.4814652529,0.0034350653,0.0943498688,0.2110471661,0.0,5.9429789754,0.0302827334,5.9429789754,0.0302827334,5.1477988967,2.4722204193,0.122269918,0.0,0.0,1.0,0.0,0.0,0.2152594117,5.0,0.0980252597,-0.015529904,-0.563681693,-0.46822496,-0.253345466,0.2101767005,-11866.03706,0.0397241163,14.053268157,-0.002706254,0.0117747354,0.0269694958,-0.008991652,0.0616045485,0.0011192596,0.0,0.0069400631,0.1876437375,0.0045261271,5.0,14.315745805,1.0039795595,0.0,0.0243258029,0.0111347858,0.0170502471,0.2342007879,0.8996026032,1.6766699e-09,2.8395633e-08,0.5921008926,0.350583467,0.1011339947,0.0247474454,0.1453935715,0.045344153
89453,0.4037385576,-0.923341281,-3.075574584,0.0,2.856388503,2.9055175585,-0.149031475,-0.212383038,0.0593198015,0.2031262091,-0.026262741,-0.267864625,-1.073289914,0.0676716032,0.2678646253,19.0,-0.002370363,-0.130643456,-0.339387261,-0.537797666,-0.374466916,0.1026933894,0.0564262186,-0.037678372,-0.665169755,0.5221888977,0.0,0.4290608924,-0.208535243,0.3115514875,-0.233224672,53.903884339,26.188200892,-0.217795072,0.0,0.0,1.0,0.0,0.0,0.1754410296,2.0,0.2111769753,-0.056018808,-5.626310207,-0.12187821,-0.525337067,-0.001086766,-7922.78943,0.0823714328,12.246337685,0.0200044325,-0.015900597,-0.137225983,0.2067746259,0.019264986,0.0033104959,0.0,-0.017346054,0.8040085278,-0.056419203,2.0,14.27480185,4.4699522784,0.0,0.0550393462,0.0297016162,0.047292412,0.2315821952,3.2628619039,7.3674888e-09,7.0521255e-09,2.8149696938,8.1460812957,0.0384484852,0.0824806577,0.1173350671,-0.164654644
91269,0.1308078417,-0.019489243,12.471602167,0.0,0.2255754382,0.0937790298,-0.017454623,0.4936286408,0.0566517409,0.4915311717,0.1029587677,-0.022739573,-0.347124376,-0.012724051,0.0227395732,16.0,-0.028646828,0.435828877,0.6926196269,-1.151042345,-0.088650433,0.034304947,-0.164120653,0.1206896552,2.8514516722,0.6318656342,0.0,0.8570188172,0.7748041763,0.7857520791,1.3387045285,1.8172407121,1.0944847478,-0.05927319,0.0,0.0,0.0,0.0,0.0,0.2723263506,5.0,0.4450295535,0.1805427317,0.3982472001,-0.272654456,1.2769209015,-0.03043803,-15966.32443,0.0642905452,11.497431565,0.0,0.1041764234,0.1966253511,-0.005135981,0.092010739,-1.085472204,1.0,0.0969719894,2.3041147479,-0.077081505,2.0,12.779033483,2.1161313043,0.0,0.1451612413,0.0499607677,0.077763168,0.5963189853,6.5385981335,4.1963732e-08,1.2082249e-08,1.1555933478,1.3353959856,0.1736172903,0.1978390296,0.07034289,-0.091892872
89406,0.6954122112,-0.015281659,-0.043229978,0.0139920677,0.6168760894,0.6925106304,0.0668992634,0.0238317527,0.2204314284,-0.003058401,-0.145956079,-0.036467818,-3.168776371,0.0331425013,0.0364678175,19.0,-0.008740622,-0.169811321,-0.109231152,-0.1266454,0.0641055667,0.2839815977,0.1571460013,-0.023242101,0.2160333747,0.2742168362,0.0,2.8663366337,0.1993104314,2.1777227723,0.1528255594,4.6797385621,5.5705394191,0.0425634359,0.0,0.0,1.0,0.0,0.0,0.4872026159,6.0,-0.072352778,-0.067858286,-0.158170759,0.2425824172,-1.614874902,-0.082561446,-8543.285217,0.281925686,14.477467109,0.010326087,0.011284559,0.0214649852,-0.032644283,0.153295861,-0.021024528,4.0,0.0016069789,3.3410336163,0.1307618332,3.0,14.607781042,1.0295032051,0.0,0.0261932556,0.0197734759,0.0281929268,0.3134160227,1.3556647772,1.9631541e-09,2.6032681e-08,1.3594526295,1.848111452,-0.010230221,0.0423123631,-0.007710148,-0.031359609
89626,0.403713679,0.0322910815,-31.88712235,0.0324828156,1.5079208024,0.074908192,0.0196754475,0.6573702425,0.0416564183,0.0017931474,1.0039974723,-0.00610782,-0.289948698,0.0416538386,0.0061078204,19.0,0.0,0.002293578,0.0032046015,0.0652216816,0.020349023,0.4388169706,-0.018525998,0.0012417686,0.0073099135,0.0211361179,0.0,1.0123132183,-0.014430017,1.0123132183,-0.014430017,2.8086036347,10.586603078,0.0348741654,0.0,0.0,1.0,0.0,0.0,0.1135524266,5.0,2.0048055383,0.0147563143,-0.204727365,2.2823258532,-0.54941705,0.4564280426,54301.395174,0.0642007103,18.182864356,0.0003546471,0.0051846932,0.0346184313,0.0004211035,0.0084299607,-0.005342245,1.0,5.17117e-05,0.0941814679,0.0030760886,3.0,18.383378933,0.9863928165,0.0,0.0593613163,0.0221890864,0.0275586111,0.2648808398,1.0977787629,4.79493e-11,2.679651e-08,0.5870971202,0.3446830285,0.0240786489,0.0325174122,-0.084773294,0.06707331
89443,1.0825689593,-0.074100454,-0.269985949,0.0307682114,0.1527312482,0.5363938662,-0.053037811,-0.165382442,0.0681786388,-0.062380363,-0.393786982,0.0050204509,0.0919861406,-0.080916669,0.0050204509,19.0,0.0,-0.175757576,-0.222322286,-0.101050373,-0.248030696,0.2844224351,0.2697120447,-0.009870906,-0.118526911,0.6423420403,0.0,8.1663557741,0.491031434,8.1663557741,0.491031434,0.7844787907,5.5933154849,-0.258079041,0.0,0.0,0.0,0.0,0.0,0.0821649909,2.0,1.7993852162,-0.026416487,-0.382778519,2.9611811336,-1.196740465,0.3338575349,-10772.33498,0.0642007103,11.838801999,-0.010319703,0.0123404088,0.0139520033,0.0163597496,0.565975662,0.0118962095,1.0,0.0771870619,-0.17556072,-0.047653673,1.0,10.363979822,0.3074143157,0.0,0.0160277225,0.007472392,0.0291028675,0.6513841987,0.8194608517,4.4887228e-08,7.0928178e-08,1.1706515575,1.370425069,-0.039074724,0.0615595382,-0.135981497,0.06707331
89916,0.533192545,0.1717978345,-4.642931976,0.0213917088,2.3008398468,0.9530061538,0.0885162868,-0.041849321,0.1889427228,-0.054491803,-0.089546092,-0.032323048,-0.545608368,0.2655321706,0.0323230481,18.0,0.0,-0.233495955,0.4810099219,0.4573879014,0.1651891197,0.2264102367,0.0671781863,0.0344582604,0.2396730096,0.1362378125,0.0,1.6554957805,0.1604637598,1.6554957805,0.1604637598,26.58611769,4.9748718226,0.1086527223,0.0,0.0,1.0,0.0,0.0,1.1360863442,8.0,0.6820385448,0.0872026744,-0.449223415,5.0422536867,0.1507421352,-1.486608307,-12120.44495,0.0456208962,15.672601819,5.08634e-05,0.0127610349,0.0649628185,0.0061960691,0.0158427385,-0.02235788,0.0,0.0005264543,1.2669724364,0.0897144955,3.0,16.668807436,1.9007276507,0.0,0.0090180514,0.0110325479,0.0267655192,0.3406771951,2.5326413529,2.132333e-10,1.3038685e-08,1.5987797456,2.5560966748,0.0381524256,0.045121098,0.0401787456,-0.071440083
89533,-0.028916201,-0.169822105,3.1448076985,0.0087893677,1.1999392387,0.1721728807,-0.112895259,-0.000125006,0.0298128197,0.0048805931,0.1846788543,-0.071722445,-0.481229849,-0.088098639,0.0717224446,19.0,-0.00160298,-0.089403974,-0.682978428,-0.260753383,-0.154468694,0.075610631,0.2192932089,0.0110971726,-1.201943725,0.6341126495,1.0,2.0273120994,0.4073706026,1.9920707666,0.427133305,0.6019074494,10.471032884,-0.099622028,0.0,0.0,1.0,0.0,0.0,-0.090212244,2.0,0.0403504777,-0.044141374,0.0012492445,-0.065410817,-0.625837112,-0.088874414,7825.9941266,0.0633299066,15.915967353,-0.029083313,-0.012766127,-0.83573841,0.0625675094,0.1966556932,0.09803227,0.0,0.0014159292,0.5738433873,-0.051366142,2.0,18.037395287,5.6778510758,0.0,0.0590798259,0.0279652519,0.043353001,0.2343765898,5.0493350518,1.092268e-10,4.9457667e-09,1.9999555136,3.9998220565,0.0054850885,0.0524607252,0.0854782468,0.0171249485
90601,0.2938336611,0.0426157012,1.4640599584,0.0146163177,0.5272379839,0.257018811,0.114557412,0.2912237863,0.1127549555,-0.000969145,0.3932407966,-0.019998119,-0.341907824,0.0571863429,0.0199981193,19.0,-0.006018243,0.1075441413,0.3202721727,-0.020960055,-0.119047995,0.2359813084,-0.093334973,0.0072536627,0.1408051073,0.4279056121,0.0,1.5556458164,0.5328006681,1.5160438668,0.6024799762,0.8368530637,9.9416961131,0.1144845673,0.0,0.0,0.0,0.0,0.0,0.2605071821,5.0,1.9927110776,0.0946696345,-0.099476802,2.1724458354,0.1267448165,0.4719605468,11000.262684,0.0642007103,17.070347021,-0.000674263,0.0160707335,0.0433933934,-0.00182808,0.2464532261,-0.010242843,0.0,0.0001207129,1.0280686296,-0.021559444,6.0,17.273613184,1.0600586194,0.0,0.0208754279,0.01693587,0.0219625491,0.3736122932,2.3166008217,9.416027e-11,2.0853151e-08,0.7183564232,0.5160359508,0.0140652863,0.0277969723,-0.552768042,0.06707331
93069,0.0932928607,-0.319017164,8.0865876584,0.0,0.0765237373,0.0039425506,-0.198320413,-0.445469663,0.0028970262,0.4804495711,-0.679654638,-0.420656038,-0.924217189,-0.024176018,0.4206560384,19.0,-6.0646e-05,-0.6,-0.611518325,-5.127236911,0.2958360435,0.0162337662,-0.762217713,-0.011706513,-1.094970737,0.8687515692,0.0,2.9938271605,5.3909198172,2.9938271605,5.3911889284,0.0379035554,0.0682236116,-0.284153575,0.0,0.0,0.0,0.0,0.0,0.000389446,5.0,-14.07756955,0.0646644695,-0.882316245,-0.582573314,-0.447508289,-0.335891256,-4634.906003,0.1116995972,10.67221177,0.0,-0.079723132,-0.08444619,0.0799098443,0.5627636178,2.4410075393,0.0,-0.027683687,-0.321421449,-0.102965742,1.0,11.776020132,1.564169533,0.0,0.0551306009,0.0307450223,0.0617842229,0.5073804516,2.5559120798,1.4137338e-07,2.7884556e-08,2.0190452195,4.0765435986,-0.132650097,0.2729889101,-0.242681713,0.0472491512
89482,0.9637737696,0.017012492,-29.23875686,0.034793482,9.4440396375,0.4182429278,0.0127404476,0.0062495449,0.027258792,-0.012693797,0.008519086,-0.007931875,-4.953714013,0.1012875117,0.0079318751,19.0,-0.002703342,-0.074242424,-0.233372269,-0.220332242,0.1864791243,0.1262176504,0.02048414,-0.003913566,-0.007096262,0.5657411367,0.0,0.9924097078,-0.143772093,0.992177528,-0.140880025,1.3999021823,0.0531382282,0.0043722555,0.0,0.0,0.0,0.0,0.0,0.2974450113,5.0,0.0191213803,0.0014677689,-0.089313654,-0.143393412,-1.067265891,-0.052083063,-6136.506692,0.0256085935,13.928722394,0.0008141527,0.0028863595,0.0279371372,0.003033255,0.0224478577,0.0692556083,2.0,0.0216333153,0.9444031198,0.0788734639,1.0,13.912505749,1.0481670579,0.0,0.0315388776,0.018021177,0.0307554272,0.3215176185,1.860040483,2.0638443e-09,1.642277e-08,1.5734544267,2.475758833,0.0466673156,0.0497670478,-0.250506714,0.0732063074
90313,1.5750443806,-0.025867915,-3.717572504,0.0,2.0135678774,2.1693519433,-0.030356435,0.0721190853,0.1143016892,-0.01032912,0.1056869524,-0.091268599,-12.5313253,0.2982913463,0.0912685993,18.0,0.0078887098,0.1606833375,-0.03196601,-0.036837151,-0.021760877,0.1561435924,0.232388749,0.0554181743,0.0484455985,0.6070135536,0.0,1.3418320714,-0.076051601,1.0926670879,-0.073444028,3.0219681621,1.7837020586,0.0462642756,0.0,0.0,1.0,0.0,0.0,0.2512629188,3.0,-1.393235866,0.1637224449,0.1573441334,1.1556229072,-0.850999031,0.3758454177,-17520.71526,0.0629453635,11.394747191,0.0039405413,-0.000455758,-0.001015401,-0.061506791,0.1676042708,-0.05902427,0.0,-0.018404908,-0.480790032,0.0397561758,4.0,10.233476301,0.1965620813,0.0,0.0703125298,0.0404579164,0.0603400839,0.5685227078,0.5004535732,5.5760258e-07,1.4010943e-07,1.2687614882,1.6097557139,-0.121239389,0.1144556545,-0.083265295,-0.107827317
89941,0.017625851,-0.093516744,0.2612327746,0.0,0.8938757858,0.4996103857,-0.369334869,0.8775899373,0.8306868605,-0.009931179,1.1957641671,-0.477587119,-5.686434765,0.4382601206,0.5572082991,19.0,0.0,-0.435406699,-0.518893835,0.1582051284,-0.031844455,0.2291666667,1.0635432473,-0.058362976,-0.825922857,0.6990445801,0.0,0.8452274647,-0.180894769,0.8452274647,-0.180894769,0.849986521,11.861252489,-0.111295003,0.0,0.0,0.0,0.0,0.0,4.1551136887,3.0,-3.16392643,-0.683308299,-0.65023113,-0.060243344,-28.71659105,0.4406530671,-14491.00774,0.03476008,11.328839166,0.0052169919,0.0224132492,1.1117093765,0.0138610598,0.5579190554,-0.025576366,0.0,-0.000862069,1.9963456621,-0.092228621,3.0,11.95160146,1.3249444268,0.0,0.1414944082,0.0453234618,0.0709970089,0.7552834919,8.4193787752,5.983184e-08,1.3033169e-08,2.1300048959,4.5369208564,0.0854310419,0.0732254809,0.0214993745,-0.054879185
14599,1.1586470623,0.1099616762,-1.855206361,0.0563445744,0.2594299582,0.4558775643,0.1263900347,0.0751060283,0.1172219526,0.0153595215,0.1225313102,-0.025257892,-0.314350797,0.1445282168,0.0252578918,15.0,0.0,-0.047619048,-0.01883854,-0.123477159,-0.019835972,0.1756245269,-0.581146526,0.0103707299,0.0650310829,0.183987194,0.0,3.5442446043,0.3486245348,3.5442446043,0.3486245348,2.0673987126,10.6640625,0.4614904542,0.0,0.0,0.0,0.0,0.0,0.1421243828,4.0,-10.55132077,-0.055774216,-0.14906608,66.533421564,-6.854321456,0.4340788487,-14234.53674,0.058065833,11.217560603,0.0002954023,0.020029458,0.0243228774,0.0158499556,0.1554977675,-0.043573329,0.0,0.0073892243,-0.679964854,0.0031931954,4.0,9.9278386434,0.2280748663,0.0,0.0449382626,0.0259924458,0.0326674462,1.0318511084,0.7510454277,7.2392545e-07,1.0336844e-07,0.8699323777,0.7567823417,0.0227771728,0.0383891177,-0.341389546,0.06707331
89876,0.2277672173,0.0266407853,2.0591347545,0.0063762865,0.5959975181,0.7407297512,0.1250820323,0.2322687339,0.520761377,-0.004162591,0.3104986847,-0.156264456,-4.376505008,0.1432343157,0.1562644563,18.0,0.0017166482,-0.113300493,-0.141621808,0.115317297,0.017419665,0.109894979,0.1535250612,-0.031394234,0.0657891448,0.5957381253,0.0,2.4554516411,0.0539922161,1.6993156112,0.5727359969,2.7674374934,16.356105773,0.0941487693,0.0,0.0,0.0,0.0,0.0,1.5652858101,6.0,-0.116678323,-0.198602448,-0.096322185,-0.35816038,-0.128742122,0.0320617076,-11465.8803,0.2179887911,15.047260016,0.0013173368,0.0256266274,0.0774265971,0.0059588145,0.2862634234,0.0207562171,1.0,0.0028794735,0.4256876299,0.0202339785,5.0,16.169197397,2.8773950164,0.0,0.0332013778,0.0229074809,0.0348716261,0.3728990539,5.980199056,3.747412e-10,7.2512201e-09,1.0248568601,1.0503315837,-0.007013818,0.0375185305,-0.04554739,-0.182618162
89653,1.1620664924,0.0695540913,-20.96750735,0.0472224005,8.1067481221,0.3126063657,0.0191540783,0.3171879757,0.0362215604,0.1797136256,0.3460746482,-0.00087644,-0.102732308,0.0766995437,0.0008764397,18.0,0.0001548729,0.1822660099,0.0010935892,-0.334751278,0.017878668,0.0940489205,-0.122716736,0.0022311083,0.1456720704,0.5842424446,0.0,1.0391126451,-0.007842666,1.0386593487,-0.007914748,0.8185170366,0.0448226515,0.0109636703,0.0,0.0,0.0,0.0,0.0,0.251288689,5.0,0.0010953943,-0.000427252,0.1671947804,0.0548993111,1.0508640676,-0.076671031,-5481.717082,0.0256085935,14.347273292,0.0002818669,0.0028198628,0.0222158111,0.0048982225,0.0377308207,0.0714011229,0.0,0.0012782275,-0.112972996,0.0542387175,4.0,14.560112049,0.9733882976,0.0,0.0220622104,0.0120838987,0.0203559944,0.4084441431,1.9499023168,1.4907533e-09,2.4509684e-08,1.3728828808,1.8848074044,0.0020171545,0.0349467549,-0.159075806,0.0732063074
89826,0.9061611052,0.022074079,-3.719664678,0.0032467268,11.60658929,0.4137255623,0.0183669093,0.1590886083,0.0244666435,0.0026421391,0.1729402909,-0.073243987,-38.8236359,0.8790700842,0.0732439866,18.0,-0.065286268,-0.068469505,-0.138848534,-0.127602876,-0.050344673,0.8184410023,1.4423876554,-0.071083633,0.0145273124,0.707633876,0.0,1.0861127332,-0.085687061,1.0769773732,-0.01246511,0.1349529348,0.0513904455,0.0043739355,0.0,0.0,0.0,0.0,0.0,0.2968923944,4.0,-0.133062999,-0.00630158,-0.083540735,-0.201006076,-1.408215222,0.7256995094,-3872.586142,0.0256085935,14.772994407,-2.9194e-05,0.0012316718,0.0139295663,-0.020646466,0.2344515981,0.0106835282,0.0,-0.005664778,0.081244809,-0.012407498,3.0,15.646531895,2.1512003102,0.0,0.037486583,0.0200274604,0.0354697224,0.4353437771,5.5004114968,4.801319e-10,8.4706129e-09,1.5816330596,2.5015631351,0.0663248524,0.0529292989,-0.035470992,0.0732063074
89574,0.7422513322,0.0826035229,0.5156930779,0.0,1.7033758097,0.5893098909,0.080859826,0.0065937429,0.0832222132,0.0037211555,-0.036705498,0.001720185,0.0511252921,0.0783803937,0.001720185,19.0,0.0,-0.13417951,0.0728639674,0.0708256852,0.3156505017,0.1658925315,0.1918823638,-0.000376592,0.1475378574,0.6105422528,0.0,26.59477806,-0.198463777,26.59477806,-0.198463777,8.8016555553,0.3001242285,0.053471306,0.0,0.0,1.0,1.0,0.0,0.1927837467,5.0,1.8935246792,0.0714246318,-0.159993513,0.0663851571,-0.092037763,-0.233334845,-2921.106423,0.1116995972,14.338761339,0.0012222291,0.0080914408,0.023702726,-0.002244799,0.014149946,0.0081062818,0.0,0.0014238253,0.8344164426,0.0125381686,4.0,14.682762016,1.168141074,0.0,0.0169644877,0.012281308,0.0226864128,0.2389932097,1.6327749117,8.86455e-10,1.7106041e-08,1.2149897266,1.4762000357,0.1164257202,0.0480165421,-0.15782708,0.0472491512
89546,2.0013710375,0.0143850731,-6.251690925,0.0,0.4396437976,0.5414691106,-0.011796629,0.0705709111,0.1138402593,0.0089802131,0.4210729349,-0.103950601,-17.05807522,0.2597667327,0.1039506015,19.0,-0.003889595,-0.151851852,-0.132438427,-1.704588658,0.0882010102,0.10964376,0.1319441214,0.01105811,0.0155474721,0.5851458991,0.0,6.6953319216,-0.130546075,4.8606942271,0.2548724538,2.3528089888,2.9056015712,0.573735142,0.0,0.0,0.0,0.0,0.0,0.1316549115,6.0,-2.736148786,0.0551067085,-0.366676283,1.923501843,-28.93701299,0.2621596791,-14472.6075,0.03476008,11.958666861,-0.000147874,-0.004096556,-0.005066539,0.0184880447,0.0802613159,0.0730606041,1.0,-0.003853565,-0.367319624,-0.051005224,5.0,11.817957219,0.6642889584,0.0,0.0556920804,0.0341547808,0.043124951,0.6362148379,1.8728426164,5.2693083e-08,3.3511425e-08,1.03889248,1.0792975849,0.0646636153,0.0646040235,-0.183298152,-0.054879185
89573,1.0841240686,0.1537552896,-3.664208757,0.0312345855,10.145020423,0.4798551797,0.0327788181,0.2362428323,0.0352030741,0.0003376097,0.2490377803,-0.004303252,-0.284543408,0.1975053437,0.0043032524,19.0,-0.002435442,-0.03960396,0.0640688902,-0.033984776,-0.044111631,0.0651038773,0.4334937263,-0.00301399,0.1317862285,0.7515293121,0.0,1.252822864,0.051610244,1.2526099835,0.0546819421,0.1934601102,0.0577569691,0.0171809534,0.0,0.0,0.0,0.0,0.0,0.3341633494,4.0,-0.000108255,2.85906e-05,-0.05467519,-0.023043113,-1.153574142,0.0441347689,-6690.719442,0.0256085935,12.565936208,0.0006737951,0.0049969831,0.0487009674,0.00445718,0.2893909395,0.0001957787,0.0,0.0151951062,-0.709486166,0.0095676818,4.0,11.595047082,0.3957301547,0.0,0.0480727851,0.0163390367,0.0247483702,0.4877153987,1.2878360646,1.6869531e-08,3.9826643e-08,1.754214049,3.0772669296,0.0940935747,0.0472295515,0.0259860302,0.0732063074
91274,0.9889327382,0.0805252877,-7.721770354,0.0133797278,6.9136952342,0.3272680817,0.0195559851,0.3071890119,0.040989248,0.1230188278,0.3265665256,0.0002902814,0.0251404628,0.0785008447,0.0002902814,17.0,0.0020066802,0.0674318508,0.2226564067,0.0287968695,-0.101144343,0.100072904,0.9769765643,0.007000497,0.1860673438,0.5533568841,0.0,0.8724559223,-0.032192552,0.8659951415,-0.033045732,0.3793218073,0.0691058332,0.0164072273,0.0,0.0,0.0,0.0,0.0,0.2971978707,2.0,0.0327743826,0.0024655814,0.0523606214,-0.118234443,-1.018859877,-0.07486973,-6223.579442,0.0256085935,13.399103993,0.0002782641,0.0029279096,0.0244404986,-0.001361703,0.1192506954,0.0800633473,1.0,0.0007735946,1.6637663609,0.0558775114,4.0,13.160249504,0.8302988887,0.0,0.0271838531,0.0148361226,0.02640821,0.5395807056,2.6860179506,3.8028046e-09,2.2762129e-08,1.3500437417,1.8226181045,0.0207736555,0.0341803186,-0.229486046,0.0732063074
89781,0.1670369745,0.0536335324,0.8995057223,0.0,0.5925987319,1.5478812762,0.3254353411,0.4044496832,0.394430529,-0.048387097,0.5405013466,-0.149151296,-1.808320951,0.1506201726,0.149151296,18.0,0.0,0.05,0.1541386892,-0.0350505,-0.054754706,0.1904761905,-0.036918138,0.0086930897,0.0693877551,0.7838491397,0.0,1.5863041289,-0.130948852,1.5863041289,-0.130948852,3.2215956212,11.616626794,0.124113186,0.0,0.0,1.0,0.0,0.0,1.3137755102,3.0,0.0378712963,-0.009730844,-0.475914862,-1.063682829,0.0082105506,0.2664545346,-478.1596641,0.0397241163,16.727391874,-0.003679736,0.0135802469,0.0603375527,0.1283046877,0.6577540107,6.59972e-05,0.0,-3.6858e-05,-0.05014558,-0.001431317,4.0,18.197915142,2.258109029,0.0,0.0356408246,0.0198315898,0.0260193974,0.2886383567,2.0726975853,1.283966e-10,1.7537566e-08,0.8409774429,0.7072430594,0.1700979036,0.0515787608,-0.099276248,0.045344153
89698,1.2159262215,-0.04408974,-0.661510902,0.0,0.3939345571,3.5984038308,-0.141548281,-0.028220281,0.8367805755,-0.085490463,0.0408622306,0.0039743729,0.147224457,-0.050580828,0.0039743729,18.0,0.0,-0.025641026,0.0814083636,0.0306072694,-0.184355616,0.5507692308,2.8035475113,-0.005609798,-0.04867625,0.7875787688,0.0,4.0255769807,-0.150039513,4.0255769807,-0.150039513,3.9081593343,7.5454072146,-0.097722263,0.0,0.0,0.0,0.0,0.0,1.0840317478,2.0,-2.942730168,0.4155666786,-0.240465457,1.138057027,-28.93701299,-0.048187882,-14570.10084,0.03476008,11.434756912,-0.005841573,0.0297000179,0.0429273339,0.4547348861,0.4867931513,-0.006690529,2.0,0.0025125628,10.682574947,0.2592190094,1.0,12.14796032,1.5093285799,0.0,0.0696378797,0.0409203734,0.071551737,0.4790288389,3.4465146212,4.8430772e-08,1.2755937e-08,0.5005789868,0.2505793221,0.4530316394,0.0667613461,0.7973304417,-0.054879185
89741,1.6521973558,-0.072446918,-3.630432371,0.0,17.182530749,0.6488723943,0.0175639811,0.8549562912,0.0336415565,0.1226778829,0.8176023289,0.0037362516,0.8644501279,-0.135073665,0.0037362516,18.0,0.0,0.4210526316,0.3076923077,-0.183695013,-0.049504052,0.0759602935,0.0731037993,-0.001001988,1.474538643,0.7012995083,0.0,1.0856525773,-0.01000501,1.0856525773,-0.01000501,0.1282102912,0.0459372069,-0.003598372,0.0,0.0,0.0,0.0,0.0,0.5916470099,2.0,0.1310940857,-0.002660861,0.4059814021,0.5450301745,-1.183205756,-0.28844424,-6864.816532,0.0256085935,10.111001574,0.0,0.0031175207,0.031434252,0.0666396468,0.2494471354,-0.032559189,2.0,0.0602828559,2.1258464703,-0.030337926,1.0,9.8190651939,2.2647009828,0.0,0.0495309159,0.0189396621,0.0408649653,0.9751976933,3.3660042475,3.5537101e-07,3.4099452e-08,0.6775796509,0.4591141833,0.4882566056,0.10170205,-0.634141969,0.0732063074
89800,0.5581553346,0.0471965536,0.4375219208,0.0,0.3373420488,1.0162662497,0.0968233914,0.157170911,0.4036500864,0.015839599,0.2003197741,-0.119171502,-2.107577239,0.1466669358,0.1191715021,18.0,-0.061475799,0.0111248455,0.2567566079,0.0406999203,-0.002121814,0.4154667956,0.0031478071,-0.050231583,0.1325643633,0.6444556919,0.0,2.446573699,-0.018913126,1.975128262,0.1587442437,3.5526126605,3.7240603824,0.2021354456,0.0,0.0,0.0,0.0,1.0,0.6338400474,6.0,0.1882924693,0.2826063649,-0.026456831,0.1546930371,-0.32729921,0.1289529575,-15131.79302,0.0642905452,13.34443551,-0.002932106,0.008617101,0.0132558783,-0.092578856,0.2658529595,0.0062888341,0.0,0.0031338139,3.3893676035,-0.037561564,6.0,13.915242089,1.7487516365,0.0,0.0261640884,0.019405707,0.0395125382,0.4284475652,3.9696588249,2.9077725e-09,1.2005562e-08,0.7614673352,0.5798325026,-0.007746838,0.0535523649,-0.022103539,-0.091892872
89824,0.2078783485,0.0452584007,5.8004989747,0.0010035089,0.5122607141,0.6912317452,0.105408444,1.3869406627,0.4852514559,0.099961494,3.2203023758,-0.255841217,-2.888175955,0.1759726255,0.2558412173,18.0,0.0,1.0,-0.093559099,-0.239387445,1.7580932558,0.447786975,0.1705284951,0.0280172955,0.2960339051,0.2561374186,0.0,1.3136670444,-0.230602087,1.3136670444,-0.230602087,7.4645771068,6.4984070612,0.1903034745,0.0,0.0,0.0,0.0,0.0,0.8573295297,5.0,0.1411770802,-0.591140888,0.9144225865,-0.067930528,0.1858098297,0.1602069729,-23820.5596,0.3903927283,14.194052945,-0.020667353,-0.004803965,-0.018501822,0.0677262933,0.059336263,0.0137321005,0.0,0.0007708402,0.5381042383,-0.056967777,4.0,14.375985863,1.1540542465,0.0,0.0439677648,0.0371065031,0.0432327939,0.2487831396,1.1165046432,4.8286106e-09,2.6402136e-08,0.8355287057,0.6981082181,0.1076117614,0.0522791989,-0.523224826,-0.176256426
90716,0.4583157792,0.0134355836,9.6005538911,0.0,1.1498103729,0.8414048266,0.1136428242,0.0643813972,0.1688904034,0.0038935428,-0.090509679,-0.167375281,-19.42752901,0.2744557729,0.1673752813,18.0,0.0010350532,0.2111872146,0.081526915,0.1389899223,0.0136646454,0.1384382157,-0.02684813,0.108135373,0.8583944111,0.4151533974,0.0,0.9031352239,-0.108888931,0.7693219598,-0.117171577,39.542158665,10.23102579,0.1345496444,0.0,0.0,1.0,1.0,0.0,0.8919629319,6.0,0.3460435976,0.366976597,0.3132635037,0.4317307217,0.497811573,0.2170361539,-5121.025495,0.1434304144,14.659982161,0.0025283251,0.0194225586,0.0559446394,0.0322749561,0.0154578865,-0.091263776,0.0,0.0054242542,0.7053111181,0.059960637,6.0,15.36612007,1.364846089,0.0,0.0387916602,0.02573448,0.0332749945,0.4750856115,3.0453286455,1.5859134e-09,1.7935139e-08,0.5873387015,0.3449667503,0.3319369967,0.0428237123,0.3118644668,-0.152691328
13411,0.1936812755,-0.029178308,4.023279636,0.0049721154,0.0099276068,0.0005531289,-4.948731642,3.7736518902,-0.853128181,3.2798464045,0.1372922438,-0.04048331,-0.1549697,-0.024656554,0.0404833101,11.0,0.0,-0.142857143,0.493877551,-0.082477129,-0.363996187,0.4819027921,0.5374064786,-0.015970047,10.67693475,0.9690284481,0.0,21.79375715,5.8571308481,21.79375715,6.2131521364,0.0027942984,1.14375,-3.052409883,0.0,0.0,0.0,0.0,0.0,-2.501436192,5.0,15.661467763,0.0036393268,-0.320861701,-0.050170663,8.0612953353,0.0620908088,-5084.760431,0.0232852488,10.968716111,0.0,-0.048095788,-0.04976317,-0.00019361,0.948588938,21.766666667,0.0,0.0,-0.019308509,-0.050900419,4.0,12.773431189,3.3415000231,0.0,0.0481927246,0.0405873737,0.0773614159,0.320592654,6.8425944178,2.9964439e-08,6.7090416e-09,1.5759220234,2.483530224,-0.011002512,0.1606277652,-0.362858531,-0.24467985
89866,0.5287097482,0.0596997849,7.5196176246,0.0,0.6230743737,1.0870902299,0.0825808246,-0.032818814,0.3615616517,-0.01036087,-0.135215073,-0.064059931,-1.260918448,0.134976345,0.0640599314,18.0,-0.028493081,-0.137254902,-0.070148037,-0.019099176,0.0143590325,0.1129836842,-0.07848413,-0.016571262,0.1291391522,0.3068150333,0.0,2.0286900972,-0.057232005,0.8143964443,-0.073559522,37.253503079,10.83375179,0.1297739322,0.0,0.0,1.0,0.0,0.0,0.9017907411,6.0,-0.026575341,-0.006612204,-0.117569158,1.5658252698,-0.415187204,0.1474567549,7013.1598493,0.0624291911,16.457207408,0.0008905362,0.0228375665,0.0483257354,0.0169272251,0.0323174323,-0.022782804,0.0,0.0031796502,0.1594771262,0.0027639354,6.0,16.835052516,1.4807159466,0.0,0.0412219577,0.0179620235,0.0275198292,0.240619182,1.4142269717,1.67899e-10,1.627448e-08,1.5384738805,2.366901881,0.0337522599,0.0423638003,-0.269125217,0.1631852225
89889,0.0492971189,-0.226294849,12.126620571,0.0012824095,0.2145658451,0.113179845,0.5441312057,-0.316859833,0.1386816371,1.6837966999,-0.540851172,-0.460637165,-0.681518625,-0.072070695,0.4606371647,18.0,-0.004475862,0.0,-0.200351225,0.1867228051,-0.108025383,1.9219444444,0.8779476327,-0.172075335,-1.634475405,0.472500623,0.0,0.7518647612,0.5762538984,0.7489717672,0.5852988063,1.8647397472,1.3385736196,-0.590635582,0.0,0.0,0.0,0.0,0.0,-0.52060828,3.0,7.8732744143,0.5271870973,0.097077431,-0.040351743,-1.384481025,0.040353379,-12130.82985,0.628146637,11.712071975,-0.003525264,-0.002281831,-0.007113585,0.0068815861,0.1507133407,0.0337852085,0.0,0.3187250996,0.9397457956,-0.242631495,2.0,13.031526596,3.3882310217,0.0,0.0912436694,0.0340507471,0.0616536832,0.4995371673,3.728622847,2.8399732e-08,1.4409344e-08,2.6675790146,7.1159777991,0.2102878208,0.2038131927,-1.343931109,0.0281239559
89964,0.9634182318,0.1290063046,-0.723372138,0.011631845,7.327209854,0.5566067335,0.0274588273,-0.044827338,0.0290968355,-0.034783922,-0.060984734,0.0060242739,0.3961718633,0.0778976365,0.0060242739,18.0,0.0,-0.060757576,-0.160197293,-0.101620877,-0.169127352,0.8369221874,2.0356464522,-0.012473886,0.102789947,0.6860791596,0.0,59.253559061,0.1468867799,52.180412973,0.1468867799,1.586652685,0.0749688813,0.0227958955,0.0,0.0,1.0,0.0,0.0,0.1507450417,5.0,1.9935745895,0.0613101102,-0.086571578,0.2875520567,0.1774995489,-0.233817602,-1997.024763,0.1116995972,14.617993168,-0.000157768,0.0023074522,0.0187514998,-0.003723225,0.0558448679,0.2057862636,0.0,-0.00567895,1.0118608194,0.0168133266,3.0,14.552344003,0.6885102179,0.0,0.0246672891,0.0114835218,0.0173673253,0.3132796535,0.8041080456,1.4676096e-09,4.3530182e-08,0.8172950172,0.6679711452,0.0855139862,0.0330796608,-0.120485469,0.0472491512
89922,0.6653021569,0.067020809,1.3631963754,0.0140784707,0.5708550676,0.4073527347,0.0908617401,1.5775932897,0.7764367405,1.111547763,1.4859688373,-0.149816984,-1.913581172,0.1952705673,0.1498169838,18.0,0.0052380278,1.0,2.1850235836,1.0914540942,2.0062880864,1.2182970446,-0.421352591,0.1136051987,1.658966511,0.1913436733,0.0,2.4315732783,-0.583930891,2.3878693734,-0.591409113,3.4690726661,3.5909760634,0.3668271244,0.0,0.0,1.0,0.0,0.0,1.4159051379,7.0,0.5554699866,0.294737571,0.9144225865,0.2618398594,-0.213555195,0.177556589,-14177.10689,0.0642905452,14.298945852,0.0158189677,-0.017489563,-0.03126305,0.0084218301,0.0939976439,-0.034916334,0.0,0.0111464968,1.0098812168,-0.003923191,5.0,14.624956901,0.9892834124,0.0,0.0360419527,0.0194595529,0.0286680201,0.2506459899,0.9412964174,2.3699941e-09,3.0265454e-08,1.1522237428,1.3276195536,-0.025385936,0.0584152848,-0.00061529,-0.091892872
91086,2.7991601235,-1.45860494,-4.865503499,0.0,10.066389564,3.901008075,-0.232489779,-0.208871127,0.1625435466,0.1911909604,-0.192623001,-0.05387888,-0.387453059,-0.73243807,0.05387888,15.0,0.0048254745,-0.511627907,-0.204986279,-0.119400082,-0.014406838,1.6041796147,2.8035475113,-0.20660908,-0.234428286,0.2026037713,0.0,1.6126176668,-0.307324851,1.4036808207,-0.310616926,1.8148565598,7.5752488486,-0.131947675,0.0,0.0,1.0,1.0,0.0,0.3198475002,4.0,2.1845171244,0.0469450895,-0.689632466,5.8245443591,4.9921962604,-1.469045054,-5707.238449,0.0232852488,9.8014991333,-0.00643257,-0.05508059,-0.142124411,-0.226007799,0.1062484043,1.2337810928,0.0,0.4438015068,1.944457179,-0.052011485,4.0,10.148735012,0.9010236339,0.0,0.0372670442,0.028708477,0.0636433044,0.5598172191,1.84366175,3.7926184e-07,3.6675264e-08,1.073523968,1.1524537099,-0.340367991,0.1303500019,-0.445541237,-0.24467985
89973,0.849421413,0.0656946567,-0.736697699,0.023653861,1.4599613573,1.5097155643,0.0415883555,0.1597104853,0.4113231112,0.0056973076,0.2206781462,-0.085074553,-2.784719841,0.2486358706,0.0850745534,18.0,0.0,0.053968254,0.1141171894,0.5552059934,0.1508567871,0.0498993334,-0.175025515,0.1564456391,0.0680255152,0.6098719102,0.0,1.3818170859,-0.067126411,1.3818170859,-0.067126411,2.2954506532,14.768522191,0.0970620815,0.0,0.0,1.0,0.0,0.0,1.0278152298,5.0,0.2657344161,-0.388798687,-11.08010196,0.683738599,4.4639574712,0.5408406096,-893.642978,0.06728965,12.74130554,0.0009661049,0.0253573609,0.0679751915,0.0953092907,0.284794272,-0.042726832,2.0,0.0133136095,2.2258110202,0.0649690442,6.0,12.795530456,1.2791699453,0.0,0.0550898239,0.0267442145,0.0457782024,0.5240279656,2.9478614464,1.3392793e-08,1.6373321e-08,1.1975254603,1.4340672281,0.0454607355,0.0680010002,0.2211468416,-0.114609465
89971,0.0910290476,0.0630479186,58.796923077,0.0,0.5052329049,0.6646241166,0.1641463339,0.0806061794,0.5687830688,2.8085501859,0.0346857185,-0.096132111,-0.877866972,0.118395604,0.096132111,18.0,0.0161999247,0.2162162162,0.1838055377,0.1523539248,0.0324106785,0.120659936,-0.083683964,0.0849826899,0.4008344924,0.2854957384,0.0,0.9934345507,-0.1466086,0.673266311,-0.186123435,56.567692308,9.5827469377,0.1625761848,0.0,0.0,1.0,0.0,0.0,4.6300417246,7.0,0.1308199338,0.4085121524,0.2440754945,-0.608457597,-0.29751956,0.0437270509,3763.2016576,0.1460543126,15.395049357,0.0053249986,0.0541554796,0.4419820717,0.0252574697,0.1126631299,0.1154773128,2.0,0.0006464124,0.7773401075,-0.06627343,7.0,16.873262939,4.1462995033,0.0,0.0593283661,0.0282013615,0.0451694112,0.3104320914,7.2240835774,2.101933e-10,5.5764842e-09,1.8633490682,3.47206975,0.0241899547,0.0511309411,-0.5573461,-0.280901789
89952,0.1336478016,0.0095299865,85.02638674,0.0333321539,0.6100103343,0.3814730496,0.048735119,-0.278841477,0.1156312182,0.0027974911,-0.289613424,-0.072859932,-6.784688995,0.0741879813,0.0728599322,19.0,0.0118179016,-0.311551564,-0.167479351,0.112988983,-0.057935341,0.1021499261,-0.213584313,0.0198540792,-0.225218081,0.4666481084,0.0,2.7195496418,0.0668919459,1.0731832139,-0.304166391,46.220994475,6.1878698225,0.0687364173,0.0,0.0,1.0,0.0,0.0,0.574147502,4.0,10.388177877,-0.060187853,-0.454801664,-0.191129629,-15.83718595,0.0665539228,607.54358234,0.1913238797,14.516791091,-0.000509778,-0.002332066,-0.024651661,0.0169168661,0.0110981667,0.3826414437,1.0,-0.005434783,3.9574852406,-0.212280864,5.0,15.46408787,2.1459724337,0.0,0.0360573418,0.0222856267,0.0333063365,0.2280395836,1.8482965126,1.110673e-09,1.3310347e-08,0.9325394757,0.8696298737,0.04505047,0.0473197617,-0.082327886,0.2706591205
89960,0.4623432241,0.0370919423,0.536093283,0.0482949859,0.7198971331,0.9512719091,0.0831249256,0.0360667413,0.2082103978,-0.000942483,0.0787161868,-0.019287945,-0.604068858,0.0594980295,0.019287945,18.0,0.0079950031,0.0190909091,-0.053318699,-0.097274743,-0.004245197,0.1055020883,0.13968576,0.057330349,-0.024016665,0.572869102,0.0,4.6821675634,0.0387755535,2.68754804,0.0147209427,4.5866218864,5.0736842105,0.102096322,0.0,0.0,1.0,0.0,0.0,0.4776375444,4.0,1.405592632,-0.060486616,-0.158913649,0.2184912853,6.083394193,0.1462453924,-4023.704491,0.0232852488,14.37930712,0.0052904618,0.0183964434,0.0443786982,0.0578113085,0.1871788476,-0.034244284,4.0,0.0032232071,0.291191908,0.0762429992,5.0,13.256631888,0.2642658768,0.0,0.0339409746,0.0149848727,0.0267952962,0.3555272923,0.5181253075,5.5381677e-09,9.3374277e-08,0.9180940354,0.8428966579,0.0875740655,0.0428094691,0.409190683,-0.24467985
90088,0.6536885114,-0.521308151,0.2010303979,0.0,0.3007900142,0.6354505424,-0.603328614,-0.382077252,0.2564638035,-0.071107497,-0.016989012,-0.383700784,-0.91972488,-0.041848074,0.3837007839,17.0,0.0,-0.158075601,-0.517412279,0.127093308,0.1423266542,1.0677861655,0.2144124765,-0.100898788,-0.472265069,0.543991447,0.0,2.0209049255,-0.431955383,2.0209049255,-0.431955383,1.5130424507,8.0900331701,-1.434845728,0.0,0.0,0.0,0.0,1.0,0.3198181053,3.0,-3.721744079,-0.294221344,-0.372900033,0.5758193168,-28.44161948,-0.039455128,-14517.69226,0.03476008,11.09005303,0.0048861721,0.0472024734,0.0682797139,-0.000832168,0.4049826526,0.0263112742,3.0,0.0067001675,2.8683512793,-0.217505571,4.0,9.6790694227,0.1291973194,0.0,0.058823593,0.0400551027,0.0678318055,0.6656320059,0.2535172598,1.554624e-06,2.8012195e-07,1.2984103927,1.6858695478,0.069451581,0.0697161045,-0.600546637,-0.054879185
89935,0.1541223747,-0.128722997,1.0052060928,0.0,0.3883188413,0.1084147121,-3.847813467,-0.16988671,0.1605555767,0.0098731998,-0.052300205,-0.048719993,-0.226315535,-0.099590983,0.0487199929,18.0,0.0,0.4901960784,0.2034724864,0.8428370222,0.0743917313,0.0307078979,-0.694611364,0.040361802,-0.367588023,0.9409210043,0.0,8.154816684,-0.089166964,8.154816684,-0.089166964,0.2267933727,4.5892904247,-0.320361362,0.0,0.0,0.0,0.0,0.0,0.4305019305,3.0,-10.0505736,-0.037748332,0.1716216483,-0.200997862,-2.320835761,0.0429855697,-5504.579852,0.02204135,11.088953252,0.0,-0.100575538,-0.353980512,0.0035981716,0.8250761266,-0.007211049,0.0,0.1449275362,-0.016102576,0.0310084317,4.0,13.719332113,8.6066600577,0.0,0.1755896807,0.0590395622,0.0919292015,0.6051993597,58.870486648,1.0393217e-08,1.6942592e-09,1.5309706564,2.3438711507,0.0645423987,0.0984172133,-0.598311912,-0.24467985
90126,0.0768337994,-0.086257855,2.6809242339,0.0,0.2848969063,0.0378317504,-1.42339733,0.8418813446,-0.317831437,0.200145339,0.3979005889,-0.330816387,-1.070256894,0.0060602089,0.3308163867,17.0,0.0,0.1794871795,1.0778621408,1.0914540942,-1.133840168,0.1125384143,-0.605723885,0.0420476582,-3.26553694,0.8915737641,0.0,15.199878201,0.6921627641,15.199878201,0.6921627641,0.120303409,12.630769231,-0.347931351,0.0,0.0,1.0,1.0,0.0,9.1062751267,7.0,3.6661309564,0.0449715409,0.0014826209,-0.167018139,9.1635795479,0.0928075719,-4270.758921,0.0232852488,15.043671989,0.0,-0.134832058,-0.83573841,-0.012100037,0.5771764231,-4.137698833,0.0,-0.005316172,0.2268278064,0.1297104107,7.0,15.790332547,2.4213561855,0.0,0.1152447239,0.040818525,0.0533400433,0.4398932618,4.964159428,8.630617e-10,1.0309376e-08,0.8124981738,0.6601532824,-0.110554298,0.0960636695,-0.230168786,-0.24467985
90490,0.7397980438,0.1025954174,-15.45310001,0.0,7.2503642732,0.3760308662,0.0364009667,0.1095778777,0.0482822674,0.0124909836,0.1011531057,0.0993436795,4.9535809019,-0.651981682,0.0993436795,17.0,0.1011008728,0.0375816993,0.0412519034,-0.412017571,0.0920012136,0.2134257156,-0.283898948,0.1066524565,0.1995203273,0.5245518102,0.0,0.8982358304,0.1123206079,0.545903194,-0.000202897,0.8549527517,0.112053109,0.0155231671,0.0,0.0,0.0,0.0,0.0,0.5637413648,4.0,0.1294906113,-0.000906332,0.0225104699,-0.367369138,0.281719818,-0.805352257,-6090.039492,0.0256085935,14.075446477,6.40267e-05,0.0043041813,0.0455412536,0.0022329231,0.0506230953,-0.016451404,0.0,0.0023575639,-0.308632212,-0.023234626,1.0,14.704906984,1.3138714087,0.0,0.0439255498,0.0277499623,0.0389256392,0.3200193906,1.8679176691,2.6631709e-09,1.8938222e-08,2.4008911652,5.7642783871,0.0239860919,0.057950178,-0.63309933,0.0732063074
90194,0.2750789691,-0.259604838,7.8005064748,0.0,1.4366904325,1.632896404,0.0191914705,-0.231075966,0.0874560692,0.0060130719,-0.135118025,-0.162763153,-1.232638889,0.0603941811,0.1627631529,17.0,0.0,-0.489539749,-0.346697121,-0.126734089,-0.08700091,0.104368932,0.6797093895,-0.122938632,-0.510558674,0.2274000176,0.0,0.4782745592,-0.16216991,0.4782745592,-0.16216991,78.194244604,8.5853080569,-0.138409311,0.0,0.0,1.0,1.0,0.0,0.2884255547,2.0,-0.074101791,-0.113400959,-0.336797215,0.0965202098,0.4737439397,-0.678492679,-2549.37573,0.1989575041,13.404480494,0.0310729462,0.0103473097,0.05799294,0.1158302118,0.016299399,-0.021825087,4.0,0.0052168243,0.1285318006,0.0172802717,1.0,13.023844491,0.592511392,0.0,0.0254582502,0.0193192416,0.0282667714,0.4476580663,1.6633255058,7.6097299e-09,3.2148936e-08,1.572173576,2.471729753,0.0206086473,0.0540927699,-0.055690612,0.3033517087
90454,0.0440442331,0.0138062704,33.631021449,0.004200952,0.0173568389,0.0318929517,0.5258649645,0.3942686899,0.434345973,0.0018188528,1.0361936604,-0.091947065,-0.351102456,0.0186536858,0.0919470652,17.0,-0.056448703,0.1499051233,0.3314421031,-2.900445928,0.1092217339,0.2234000298,0.2742876778,-0.029560282,0.2401923928,0.6738558586,0.0,5.1808201485,-0.680762351,5.018733567,-0.713544919,1.1375271399,2.6350681466,1.1951846645,0.0,0.0,0.0,0.0,0.0,0.5371157435,6.0,2.0469162324,0.0051914682,-0.05711582,1.9226564074,-0.03864219,0.4334278897,10791.056324,0.0642007103,16.112999494,-0.002932949,0.0376858919,0.0567181414,-0.000134336,0.3497144396,-0.008132008,0.0,-0.000261475,0.1821676228,0.0143314451,5.0,16.963509413,2.0396728667,0.0,0.0392697603,0.0341764613,0.041764902,0.4028373863,6.9797862036,1.600853e-10,7.3326666e-09,0.3203570812,0.1026286595,0.2559792368,0.0479106696,-0.1915587,0.06707331
91977,0.4668913603,0.0740783275,7.1329326204,0.068457404,1.6476590869,1.1044898584,0.0785193902,0.1673012991,0.1646212809,0.0032477164,0.2155837068,-0.042740695,-1.132595387,0.1579790996,0.042740695,17.0,0.0058946472,0.1062435323,0.1851917654,0.2123178172,0.0079636414,0.1576484273,-0.077654436,0.0387161938,0.023795693,0.1709963924,0.0,3.0014044258,-0.016265462,0.9952982268,0.1386145363,37.71241041,13.234444773,0.0731446355,0.0,0.0,1.0,0.0,0.0,0.5293215612,6.0,-0.085126797,0.1090314067,-10.97385843,0.3141579905,-1.98010012,0.1165755135,-14575.1664,0.0426379215,14.432868323,-0.002361154,0.0055157434,0.0246517072,0.0099011671,0.0068578443,-0.038181753,0.0,-0.00100368,2.5543176599,0.0663146619,3.0,16.025269593,3.2698894292,0.0,0.0276162867,0.0146951483,0.0225306243,0.3183237307,4.4373265648,4.44342e-10,8.0329089e-09,0.0340767013,0.0044038133,0.7554179416,0.0604286368,-0.094551621,-0.010149049
93012,0.6952761018,-0.425344487,1.2781908665,0.0,0.1389337151,0.1381743069,-0.151665409,-0.151671944,0.0673411074,0.4991114496,-0.291440744,-0.321843403,-0.687645063,-0.13285845,0.3218434027,14.0,0.0127433776,0.0,-0.115244347,0.1365477675,0.0384841566,0.1033282576,-0.150792267,-0.063402579,-0.116861194,0.3506720073,0.0,3.7257442117,-0.017165174,3.105016538,-0.082534747,1.0652810304,4.3580838323,-2.431599229,0.0,0.0,0.0,0.0,0.0,0.0830037619,4.0,-1.765350429,0.0361959137,-11.08010196,0.542542732,-1.415743133,-0.174262036,-16330.56579,0.0426379215,10.572955545,0.0,-0.038134597,-0.052703675,0.1816788826,0.0092540387,-1.887532384,0.0,-0.056001018,-0.271946131,-0.028207188,2.0,7.9734191878,0.3620262769,0.0,0.2679833174,0.0879932854,0.1154366191,1.5923349656,15.452620503,2.3959196e-06,1.7404615e-08,0.0340767013,0.0922274195,0.9732472698,0.119432553,-0.278855845,-0.010149049
90248,-0.22143944,0.0329633215,45.707040287,0.0081978227,0.3265879912,0.2762561522,0.613084663,0.1339100436,1.0806017807,-0.001695176,0.0145319227,-0.068829469,-0.20659236,0.0397732919,0.0688294691,17.0,0.0093094539,0.0992366412,0.1377916941,-0.025339667,-0.003014553,0.1237329539,-0.026186761,0.0708136651,-0.033771118,0.5607714814,0.0,1.8465355052,0.0639880232,1.7049035829,0.0531892189,10.659301429,16.835995257,0.1151183849,0.0,0.0,1.0,0.0,0.0,-0.43544202,7.0,0.5315470594,0.0530926519,-5.39643011,-0.747056207,0.1259093024,-0.028985078,6682.5458096,0.0823714328,16.31523636,-0.006317908,0.0699282666,-0.029078605,0.0017357183,0.2843111027,-0.010009621,1.0,0.0001886951,2.0763653008,-0.052602784,7.0,17.63607359,2.9394923013,0.0,0.0384463258,0.0221627397,0.0316802465,0.4377373035,10.006933979,9.425418e-11,6.7360168e-09,0.4589631888,0.2106472087,-0.017321569,0.0407378248,-0.468111525,-0.164654644
91901,0.4704101838,-0.133825947,1.3606012864,0.0,0.0748006457,0.1725579954,-0.627699712,-0.145757159,0.1407065064,0.0340522623,-0.069659443,-0.065761175,-0.290769588,-0.094913432,0.0657611754,15.0,0.0006415211,0.0722891566,-0.360242715,0.0349567957,-0.100824619,0.1516552155,-0.076108813,0.0029543394,-0.156725159,0.7240770214,0.0,8.5025462343,-0.112269388,7.9205306888,-0.125715499,0.5139663769,7.0093528817,-1.627185245,0.0,0.0,0.0,0.0,1.0,0.1609866021,1.0,-0.369374618,-0.059349547,0.0347074797,0.0669478863,-0.437547971,-0.11262741,-16206.21059,0.0642905452,11.408769575,-0.000212675,-0.054023682,-0.062583934,0.0088593515,0.622075629,-0.006087836,0.0,0.0056818182,1.1837107663,0.028097976,3.0,9.8252594691,0.1515978388,0.0,0.143250674,0.0444042378,0.0531901979,0.6741405638,0.3701538867,5.8490692e-07,2.0390164e-07,0.8483937983,0.719772037,0.1888881625,0.0609712265,-0.170605139,-0.091892872
91233,0.0179949447,0.0180512581,29.690968028,0.0046205139,0.0762117305,0.0430825613,0.364672493,0.1487207552,0.2987412779,-0.011916584,0.1644224564,-0.025883477,-0.12681329,0.0203403976,0.0258834766,15.0,0.0,0.1290322581,-0.093703726,0.1125226555,-0.04884487,0.3049421661,0.0678817619,0.0124504036,0.0845070423,0.4594877025,0.0,1.6133198278,0.1362536522,1.6133198278,0.1362536522,1.3588809947,3.4688279302,0.2779058674,0.0,0.0,0.0,0.0,0.0,1.4176141184,4.0,-0.024479067,-0.131255417,0.1139610286,-1.089172237,-0.772815529,-0.133030177,214588.83666,0.0256085935,19.277947544,0.0,0.0691472602,0.3747283452,0.0033569406,0.214261508,0.0079805026,5.0,0.0005177174,1.1099882378,-0.060985894,6.0,19.671463196,0.8915969978,0.0,0.0507396534,0.0246950002,0.0265383432,0.3451483702,1.2603033244,1.467598e-11,3.0804764e-08,0.9152060831,0.8376021745,0.0690499586,0.0330278105,0.2055302788,0.0732063074
14542,0.1880514067,0.0340276175,6.5027220367,0.0,0.0820265932,0.1542367312,0.1859426422,0.1584109253,0.4040245153,-0.019050317,0.3035572804,-0.083472566,-0.617224167,0.0550302853,0.0834725662,17.0,-0.000910121,0.1379490156,0.1277053201,-0.013863136,-0.030649854,0.1410787954,0.0242410149,0.0842814116,0.1047547185,0.6614355226,0.0,3.0667558152,-0.091076271,3.0539465813,-0.088907313,1.3352963554,5.8159253123,0.6289881601,0.0,0.0,1.0,0.0,0.0,0.5516277638,4.0,-2.931014786,0.067389554,-0.076875416,0.1101822122,-28.30415132,0.0574232317,214588.83666,0.03476008,19.277947544,0.0067369997,0.056460149,0.0797087113,0.0106609831,0.4087558254,-0.019287785,6.0,8.58419e-05,0.3306850242,0.0559127394,8.0,19.733784695,1.020793977,0.0,0.0381758362,0.0244458175,0.0292600014,0.3327235325,1.9631074147,6.472006e-12,2.4425127e-08,0.6623368371,0.4386900858,-0.010518408,0.0296989279,-0.455015672,-0.054879185
90285,-0.238074373,-0.075531829,11.443714694,0.0,0.3813895537,0.0859616613,-0.40943419,0.1587943452,-0.24523873,0.1432045253,0.0168020517,-0.287763242,-0.508595388,-0.037116689,0.2877632418,17.0,0.0080856805,0.0343347639,0.0334084203,-0.167274756,-0.488223411,0.0695867321,0.1646209456,0.0145425447,-0.053047878,0.7986331209,0.0,1.0782986229,0.1645703217,1.0108269453,0.1718392017,0.9699388056,15.444286392,-0.193414016,0.0,0.0,1.0,1.0,1.0,0.1703494536,5.0,1.3616072328,0.034686664,-0.143669795,-0.481926312,5.2559289782,0.0496306737,-4988.624411,0.0232852488,13.580456961,0.0022784043,-0.017508535,0.0241131892,0.0063009263,0.5837443904,0.0839960181,1.0,0.0068965517,-0.382785957,5.58766e-05,2.0,14.774113054,2.4625436356,0.0,0.0580110624,0.0343508105,0.0504857279,0.2091332453,2.492858033,3.1348298e-09,1.0383475e-08,1.309171641,1.7139303857,-0.105022407,0.0940749794,-0.366091,-0.24467985
90533,-0.674497254,0.1223762099,0.1112804739,0.0,3.7204051724,1.1225127052,-0.01709193,-0.062903064,0.1669092644,0.0044893378,-0.083167609,-0.072744909,-1.871368087,0.3513871436,0.0727449094,16.0,0.0,0.0412371134,-0.351960007,0.0163311868,-0.127988214,0.1722311555,-0.122323727,0.039269955,-0.164734425,0.4814860321,0.0,0.9324173913,0.2495203429,0.9324173913,0.2495203429,7.9274116087,6.9787396819,0.1316212814,0.0,0.0,1.0,0.0,0.0,-0.425348385,5.0,9.148552131,-0.018521545,0.1293728241,6.9384036579,-4.543866767,-2.901503882,-1449.352242,0.0340789314,13.430931538,0.0159613683,-0.033330056,0.1461373531,0.1159882784,0.2071700074,0.0783401235,1.0,-0.018817204,-0.225396701,0.0044756921,5.0,15.58995346,7.0471895132,0.0,0.1113635823,0.0471908914,0.0685065166,0.4661474166,12.347048082,1.8506501e-09,3.6194243e-09,1.265931569,1.6025827374,0.1095300988,0.0973053915,-0.091089306,0.818494895
90708,0.127986118,0.022508806,16.85629009,0.0052446726,0.1434080728,0.1398747137,0.1028766018,0.1371209245,0.3511324813,0.0011669156,0.1066573448,-0.063431289,-0.718694097,0.038685752,0.0634312893,16.0,0.0,0.1843550542,0.1785411366,0.1143727587,0.0177514342,0.4587186262,0.1672576766,0.0330254334,0.1733111849,0.2872468472,0.0,1.1652035116,-0.042261437,1.1652035116,-0.042261437,2.993321844,6.7028461167,0.2673402412,0.0,0.0,0.0,0.0,0.0,0.7580287929,7.0,-2.9074547,0.0226911039,-0.030469377,0.0501169235,-28.29159632,0.0410786985,-4664.403484,0.03476008,16.196978081,-0.000312134,0.0180678466,0.0363016743,0.0064224672,0.1775615799,0.0044724554,1.0,-0.002436417,0.7072043415,0.0672090747,6.0,16.017745395,0.7186429836,0.0,0.0606843978,0.0303052541,0.0376097494,0.5154468391,2.8197667222,6.58171e-10,2.9308181e-08,0.7246246473,0.5250808795,-0.033764935,0.0373057509,-0.396398751,-0.054879185
90427,0.170592388,0.0057486106,10.673398191,0.0045961296,0.254206118,0.4410774383,0.0191265169,0.1722131617,0.1496225231,0.0023342939,0.3132984162,-0.092455635,-6.372836346,0.0423835653,0.0924556354,17.0,0.0009733736,-0.092783505,-0.129905234,-0.120973156,-0.271992741,0.072721025,-0.019386458,0.0754666472,0.0125666762,0.5646766645,0.0,1.0085578628,0.6974272245,0.9643879933,0.7675983982,6.6035797387,24.366711374,0.1225152043,0.0,0.0,1.0,0.0,0.0,0.3192106062,4.0,0.4726939406,-0.061163424,-5.588450256,-0.355024379,-0.191168718,-0.026374804,-2784.81155,0.0823714328,15.540466109,0.001861051,0.0214810868,0.0502524276,0.0373311076,0.1787322527,0.0124640343,0.0,-0.000985437,1.2528168971,-0.009349769,6.0,17.114588863,3.6951697766,0.0,0.0550259128,0.025652404,0.035811215,0.2905767737,4.7553047394,2.506186e-10,7.0883554e-09,1.4566157442,2.1217294262,0.0578694371,0.0386345814,0.0995146877,-0.164654644
14650,1.1407185735,0.0381354824,-5.011180597,0.0283497006,13.4168236,0.5191373397,0.01182822,0.1974118337,0.0266254804,0.0063540475,0.2220045476,0.0035861351,1.256097561,-0.009766404,0.0035861351,9.0,0.0012635613,-0.203821656,-0.088681513,-0.096757845,-0.055663522,0.1505376344,0.2714345302,-0.002203294,-0.031771356,0.6956705704,0.0,1.1020989254,-0.013597954,1.1006689593,-0.014877804,0.1962192198,0.0501794375,0.0048610909,0.0,0.0,0.0,0.0,0.0,0.274752326,1.0,-0.095722591,-0.002304362,-0.218892885,0.0335513922,-28.93701299,-0.163136979,-6720.794192,0.0256085935,12.483226995,0.0004614637,0.0030200566,0.0359286145,0.0109930789,0.0797210925,-0.058725663,3.0,0.0017140898,-0.043745748,0.0063102515,0.0,12.355539355,0.7087145127,0.0,0.0202111043,0.010456963,0.0182790409,0.9534796956,8.0650385006,1.5413708e-08,2.2819291e-08,0.865548455,0.749174128,0.1149748304,0.0387727839,0.0464734847,0.0732063074
90288,0.4377331296,-0.174492703,0.8523129902,0.0,0.229125935,0.6153953945,-0.63150289,0.1597040905,0.774586597,1.7080656674,-0.370531622,-0.003358184,-0.011950287,-0.172407465,0.0033581839,17.0,-0.015178991,-0.130434783,-0.204356735,0.1112170359,0.4561148218,0.102739726,0.1873066726,-0.084131129,1.0743083004,0.8141797373,0.0,3.1014873141,0.9684821896,2.6417322835,1.1340640218,1.4115171226,22.089820359,-0.563071298,0.0,0.0,0.0,0.0,1.0,2.1106719368,5.0,52.045437247,0.1326738735,-0.211340553,0.6351326751,-1.971766313,3.9410909179,-7510.638811,0.0357482652,9.9639898203,0.0,-0.063794224,-0.077758913,0.0004155517,0.8828249791,0.0498835436,0.0,-0.006381687,-0.70968266,-0.23011365,3.0,11.742072045,5.809256662,0.0,0.07272733,0.0478710279,0.0766667583,0.6539786177,11.971290516,1.5360716e-07,8.6403405e-09,1.9411019292,3.7678766996,1.0626053941,0.2729889101,-1.357821455,-0.145662284
90227,0.9951796364,-0.118583026,-10.32630399,0.0,3.3356429101,0.8726268472,0.0820509645,0.2048350232,0.1379492439,-0.082332669,0.2774682895,-0.107524575,-3.571130221,0.3048924013,0.1075245749,17.0,0.0,0.1386138614,0.0380019928,0.2528745439,-0.022329847,0.2451728925,-0.03627223,-0.227293394,0.0041451691,0.1491563171,0.0,1.0855383927,-0.111748223,1.0855383927,-0.111748223,4.0924028148,10.714694571,0.0172288773,0.0,0.0,1.0,0.0,0.0,0.4099160677,3.0,0.5738382633,0.0430259834,-0.077113599,5.5042407782,0.1380323343,-1.447248076,-3114.899079,0.0456208962,15.198351262,0.0032777337,0.0056431316,0.0101926561,-0.058698386,0.0699672109,-0.578532898,0.0,0.0380176511,0.4195602764,-0.041891409,2.0,15.996758484,1.4644315152,0.0,0.0204408132,0.0159917972,0.0262725388,0.3022437522,2.1129815616,5.003894e-10,1.6381903e-08,0.7322269629,0.5361563253,-0.002430989,0.0397811859,-0.276473851,-0.071440083
13879,0.4339767923,-0.160766848,2.252936762,0.0,0.0841662555,0.0082019621,-0.226155861,3.7736518902,0.010816292,3.8816859749,3.2203023758,-0.351273162,-0.639004871,-0.058036049,0.351273162,10.0,0.0478661088,0.0,1.4591194969,-5.127236911,-2.686877504,2.2480733409,-0.372819736,0.4040183934,10.67693475,0.3990190653,0.0,4.7702876771,-0.680762351,4.483755546,-0.705617136,0.0403800475,1.9881355932,-2.858327668,0.0,0.0,0.0,0.0,0.0,-2.281924738,4.0,-10.18282306,0.0159619101,-0.21572746,4.943037934,-0.386719736,-1.810176526,-16700.66222,0.0456208962,10.932490638,0.0024447161,-0.029995946,-0.034206471,0.09572348,0.5780345869,-0.112182438,1.0,0.0129032258,1.3961900445,0.0481054857,2.0,10.633607496,0.6166187505,0.0,0.0755293891,0.0421933496,0.0654006206,0.4830720199,1.4307706305,1.5150793e-07,3.2661692e-08,0.3502359989,0.122665255,1.0120975342,0.1495896633,-0.505131748,-0.071440083
90314,0.3528138728,-0.137059884,-0.307852999,0.0,1.3281035838,2.6550714451,0.0610592517,0.0425559742,0.2153359368,0.0145774488,0.1688654611,-0.160460751,-1.927744339,0.1271565318,0.1604607509,17.0,0.0188160175,0.0534912209,-0.203652087,-0.516443684,-0.019818626,0.197595897,0.3938700384,-0.007080807,-0.258905259,0.5689664087,0.0,1.8833322215,-0.215631404,1.3299411112,-0.180929913,14.211017167,4.7497964937,-0.055711929,0.0,0.0,1.0,0.0,0.0,0.5691750591,3.0,-1.427356697,-0.306427227,0.0501520168,-0.066607601,-1.013523062,0.2047106032,-17442.91924,0.0629453635,12.349684795,0.0079041574,0.0141729015,0.0672805611,0.1738242678,0.0634986923,0.0174140333,1.0,-0.006342495,0.6590485576,-0.087803423,2.0,12.887890367,1.0378498148,0.0,0.0652819127,0.0236226316,0.0411337254,0.3887383246,2.4902770253,1.4736927e-08,2.0507358e-08,1.5861466942,2.5158613355,0.1362233717,0.0900129984,-0.198418379,-0.107827317
90353,0.5205533134,0.0660697687,-0.991630769,0.0071685102,1.0192725396,1.9838851891,0.0960717423,-0.201652893,0.2526338484,0.015942029,-0.2886772,0.0228900256,0.6473779385,0.023297658,0.0228900256,18.0,0.022362532,-0.119493537,-0.043477009,0.0213603448,0.0779049747,0.2516514627,-0.304150296,0.0132806324,-0.010278835,0.3780450986,0.0,1.8240038275,-0.000498843,1.0827694621,-0.130885963,25.546153846,5.2389966872,0.0928634941,0.0,0.0,1.0,0.0,0.0,0.9458231586,6.0,0.0036154462,-0.167914104,-0.180109276,-0.144794915,-0.51611741,-0.072254579,-1831.23613,0.0653433969,15.226274466,0.0029320877,0.0186630472,0.0512858265,0.035962026,0.0468088937,0.0237111892,2.0,0.0008375209,1.1208397626,-0.0659135,2.0,15.444630317,1.1478959976,0.0,0.040027149,0.0155190913,0.0286372207,0.2188566427,1.0692069375,5.803578e-10,2.2339501e-08,1.8150533132,3.2944185297,0.0088011414,0.0404575639,0.1892846302,0.1631852225
90423,0.4297817639,0.1786289014,2.6053864098,0.0,0.3118280381,0.2680953922,0.3960692278,0.379048213,0.4454034486,0.0010267751,0.0235765985,-0.10288936,-0.395321789,0.2492447981,0.1028893595,17.0,0.0,-0.166666667,0.2903193674,0.1077114381,0.0035714831,0.6071428571,-0.607142857,-6.898207e-06,0.7222348044,0.313797578,0.0,55.983306056,-0.302730451,52.180412973,-0.302730451,1.36637632,3.5855468376,0.5795623435,0.0,0.0,0.0,1.0,0.0,0.971336066,6.0,1.4806050328,-0.002788562,-0.344671225,0.1859298252,6.0269816098,0.3359921611,-4490.203741,0.0232852488,13.98867776,0.0126483319,0.0917924349,0.2196555279,0.0078952038,0.1522870388,9.6718747e-06,0.0,0.0281268701,-0.332896179,0.0858419081,4.0,15.63125619,3.9099747964,0.0,0.0314727239,0.0198044237,0.0342124528,0.4780860961,8.7641558074,1.0807959e-09,7.0082361e-09,0.8055851383,0.6489674151,0.0673678977,0.0504602576,-0.546367214,-0.24467985
13577,0.6164452175,0.0370726497,-3.92973745,0.0212842975,1.2075091601,2.8100269027,0.0288547703,0.0066587267,0.2751732352,0.0083403336,-0.048653755,-0.070035341,-3.498652291,0.1667769603,0.0700353414,10.0,-0.027247956,-0.037974684,-0.145725743,-0.025717201,0.0113592577,0.1042020889,-0.073973122,0.0136422694,0.1333823259,0.5081757462,0.0,1.4945098558,0.0564237344,0.820611192,0.1250870009,18.573976222,6.8238291677,0.06455257,0.0,0.0,1.0,0.0,0.0,0.9086900606,7.0,0.1099593767,-0.204129904,-0.038877822,0.159954527,-0.028938079,0.114552534,-7628.902615,0.0376507894,12.905586692,0.0114193437,-0.038770591,-0.129704301,0.1133159943,0.0305335919,-0.021036648,0.0,-0.046358934,1.4442378306,-0.108119627,7.0,13.568414892,1.188330665,0.0,0.0248976033,0.0166976972,0.0320456728,0.2389843393,1.0184253173,6.6732786e-09,2.3364316e-08,1.2102291211,1.4646545255,-0.003472545,0.0465822788,0.0509754968,-0.028114825
90312,0.5793348396,0.0316366866,0.4096938309,0.0131340184,0.6957194988,0.7193990794,0.0347876867,0.0432848201,0.1192217781,-0.004322935,0.0581802275,-0.071375849,-2.93030303,0.1243417652,0.0713758488,17.0,-0.001328609,-0.022269353,-0.075634393,-0.247449065,-0.03566409,0.0903671589,0.0583605953,0.0414750019,0.0312286689,0.4793632815,0.0,2.5622697126,0.1596559859,1.8857774503,0.2958193886,5.715156131,6.1812191104,0.1412681544,0.0,0.0,0.0,0.0,0.0,0.2448805461,5.0,1.4090319972,-0.082473178,-0.200273912,0.3354829009,5.6107384925,0.2110891282,4684.4773789,0.0232852488,16.601344504,0.0151891339,0.0412392146,0.0896470241,0.0993166641,0.2087327566,0.0221901109,5.0,0.0091068686,0.4237295756,0.028796345,5.0,16.746856375,1.0960707764,0.0,0.0352931544,0.0202862136,0.0347396843,0.2798914017,1.6812689664,1.792277e-10,1.8766798e-08,1.4643356282,2.1442788321,0.1063591753,0.04071604,0.2647015973,-0.24467985
90090,0.8040645366,0.0729091951,-5.224054016,0.0165697761,9.3919180716,0.2769348608,0.0169830988,0.4597698447,0.0265970139,0.0008408072,0.4845466986,-0.006039993,-0.711644923,0.1247946536,0.0060399931,17.0,0.0018757513,0.1222826087,0.0346819796,-0.20889121,-0.012401709,0.0651093392,-0.082202957,0.0029724338,0.2216180768,0.640065085,0.0,0.964703173,-0.02459313,0.958269296,-0.023997263,0.1625235022,0.0415292778,0.0096401092,0.0,0.0,0.0,0.0,0.0,0.282242339,4.0,-0.002989525,-0.001560354,0.1072113793,-0.303102645,-0.512223176,-0.028575921,371.1982076,0.0256085935,16.536900044,0.0003833576,0.0024917894,0.035272376,0.0049295684,0.2673663367,-0.015546125,6.0,0.0007712649,0.6582560728,0.0155695407,4.0,18.02926382,2.7480347911,0.0,0.0809798166,0.0313235879,0.0430090771,0.3004513896,4.0025130629,1.050649e-10,8.8994026e-09,1.364275521,1.8612476971,0.0119191824,0.0458999801,-0.372491708,0.0732063074
19721,0.1296622255,-0.50301052,5.7735150461,0.0068158644,0.7366254877,0.5613696698,-0.197105731,-0.35297655,-0.043917036,0.0055536443,-0.287680487,-0.268886213,-0.784422709,-0.108437646,0.2688862133,17.0,-0.00786587,-0.6,-0.697137483,0.1725792112,-0.694658964,0.0920171232,-0.0107095,-0.030134429,-0.794747785,0.430492853,0.0,0.9337378368,0.9640371564,0.8444435349,0.9021139669,9.8981439565,22.858754264,-0.487396035,0.0,0.0,1.0,0.0,0.0,-0.162946152,2.0,-3.851617695,-0.683308299,-0.898279011,0.051793031,-28.54687803,-0.106044699,-13858.25514,0.03476008,13.420929379,0.0052859766,0.0156901816,0.0979172999,0.1832631627,0.1070962203,-0.690141245,3.0,-0.017617265,1.3575812446,0.0889865467,2.0,14.042383577,1.2496398103,0.0,0.0434904397,0.0276754354,0.0354733068,0.310520912,1.320459714,7.1479468e-09,2.4309191e-08,2.6964481581,7.2708326692,0.0140534543,0.0764945023,-0.326939033,-0.054879185
90455,0.0583049355,0.0099151693,25.829271769,0.0057352054,0.0145917513,0.0509377008,0.2419747692,0.2636162593,0.507269638,0.0378530814,0.3227182258,-0.095551411,-0.629219772,0.0161539899,0.0955514106,17.0,0.0273106973,0.1033966034,0.3448379653,0.0192099066,-0.001674219,0.0672610054,0.0458912155,0.112768527,0.2496422066,0.7378910344,0.0,5.7290857256,-0.141125928,4.6604113793,-0.132530409,1.4189775723,10.391848488,0.8642475776,0.0,0.0,0.0,0.0,0.0,0.6272083321,5.0,0.1889948312,0.1266657802,0.0658149265,-0.345157362,-0.470094514,-0.001559988,211.22902302,0.0642905452,16.721766029,0.0019349105,0.0500877282,0.0632452143,0.0028693716,0.4960475326,-0.054281962,3.0,0.000123793,0.3125099299,0.0061627973,7.0,17.828362682,2.1775043058,0.0,0.0512512997,0.0395034524,0.0492598841,0.2963498977,2.7837649344,1.838173e-10,1.1097267e-08,0.9875534389,0.9752617946,0.0258018432,0.0486819039,-0.709644643,-0.091892872
90249,0.3966424388,0.0369332868,3.168948757,0.0076844956,0.4943932626,0.7671182824,0.0829142236,0.0487927727,0.2486923395,0.0101599603,-0.039253898,-0.063567495,-1.499581514,0.0923177609,0.0635674947,17.0,-0.000358637,-0.026315789,-0.035602558,-0.045775246,-0.024984538,0.159968885,0.0074226609,0.0237935147,0.1839487899,0.4352127454,0.0,2.4982968679,-0.040392681,1.732778129,-0.003091075,6.5911449111,4.5054852282,0.1188866481,0.0,0.0,1.0,0.0,0.0,0.5990288537,4.0,0.1714150254,-0.017283043,-0.063897466,-0.006819859,-0.360478686,0.0746037827,-12484.93199,0.0642905452,14.808845647,-0.000434415,0.0102596297,0.0227845559,0.0261522813,0.1158525456,-0.002111989,0.0,-0.000940355,-0.136602607,-0.034893417,6.0,15.306326645,1.4002020202,0.0,0.0246748552,0.0173325337,0.0307516247,0.2996147563,1.8083140146,9.224514e-10,1.9228194e-08,1.4525261627,2.1098322534,0.040215994,0.0300227631,-0.056038379,-0.091892872
90444,0.3573274835,0.0169081014,4.7773422905,0.0044517913,0.3833922272,0.1395571291,0.0479175235,0.1964295273,0.1097279367,0.0970175576,0.1227731056,-0.050297494,-2.101069556,0.0524331984,0.0502974936,17.0,-0.003767501,-0.004261364,-0.054557104,-0.001230718,0.0831685779,0.0613288898,-0.036546503,0.1090188138,0.2970116775,0.535726616,0.0,3.1335749074,1.8381475106,2.892811898,2.1811720523,1.3140292635,4.2196378255,0.1339136805,0.0,0.0,0.0,0.0,0.0,0.1926918602,5.0,0.7116569184,0.018785722,-0.008269644,-0.082418113,0.0444015361,-0.131170417,-6465.141318,0.0260918659,15.286961688,-0.003781085,0.0039025284,0.0081651081,-2.8148e-05,0.0921645487,0.8746683681,1.0,0.000750638,-0.04527905,0.0220725709,5.0,15.941588627,1.5080729538,0.0,0.0245507788,0.0187710414,0.0300249563,0.2820249262,2.5674014359,5.022461e-10,1.5143372e-08,0.5638173916,0.3178900511,-0.011911627,0.0526834214,0.0750705389,0.1163368332
90476,0.1735639823,0.0812045418,1.4050361139,0.0,0.6772505593,1.1204042598,0.1794889175,0.4337530728,0.3102393017,0.0130260521,0.5,-0.05582124,-0.650336215,0.1340147962,0.0558212401,17.0,0.0,0.3486238532,0.134652605,0.2160269268,0.3572653685,0.0276283619,-0.762217713,0.3970802187,1.7952261307,0.5272927674,0.0,2.7435043304,2.03449545,2.7435043304,2.03449545,4.0682622858,5.6547244094,0.1595024188,0.0,0.0,0.0,0.0,0.0,3.6463567839,6.0,-0.382251879,0.4121720392,0.2959457442,16.308105791,-0.175807539,0.05485584,-2045.779921,0.1000073361,10.507038208,0.0013066202,0.0757320517,0.1341731039,0.1088059225,0.2122642606,-0.390999255,0.0,0.0676409303,10.682574947,0.2226821911,3.0,10.100986088,0.3435239974,0.0,0.0607843027,0.0427321435,0.043991784,1.0132019736,2.7880636476,8.3317749e-07,6.829227e-08,0.969678356,0.9402761141,0.3537321062,0.1054600013,-0.000129908,0.1750913885
90496,0.2134152882,0.2620453115,-105.4894458,0.0,3.57198656,9.4909832016,0.1095722715,0.0789613197,0.491786808,0.010356609,-0.00849116,0.0256125731,0.3197621226,0.1987053364,0.0256125731,17.0,-0.003662193,-0.045454545,0.1744456764,-0.34803037,0.1640634925,0.125736337,0.0404939746,-0.015540057,-3.26553694,0.4962568679,0.0,2.9184306123,-0.136026113,1.4247179433,0.0498163853,454.11939356,10.547937461,0.1105265118,0.0,0.0,1.0,0.0,0.0,-6.469352964,6.0,-0.005456032,0.4392582239,-0.025768801,1.2505308098,-0.2950908,0.2111857463,-3407.160491,0.0624291911,13.382826994,0.0004202362,0.0368509239,0.2024084192,0.2099244382,0.0001546995,0.000798638,0.0,0.0249590835,2.437582187,0.2629632168,1.0,14.662176358,3.2470490785,0.0,0.055683665,0.0413974732,0.0659393374,0.380454435,8.0346587498,3.5582069e-09,6.6904792e-09,2.02687533,4.1082236035,-0.00734325,0.1094627406,0.4560190225,0.1631852225
90568,0.6737529572,-0.124359138,-2.181807942,0.0,1.0235600876,1.6377000511,-0.001434114,-0.1116007,0.1796040982,0.0054786182,-0.09638159,-0.134174533,-1.94630081,0.1176811533,0.1341745326,16.0,-0.014520443,-0.197324415,-0.254822579,-0.098528632,0.031982772,0.1855557018,-0.146727906,-0.004524007,-0.133764928,0.4731307065,0.0,1.6470761458,-0.091483704,0.7782892392,-0.180884958,9.625768634,5.4743275485,-0.076993534,0.0,0.0,1.0,0.0,1.0,0.3959773727,4.0,0.0694864972,-0.068775503,-0.198227553,0.2172622667,-0.670416873,0.065456727,-8527.364005,0.0376507894,11.94870091,0.0009481129,-0.006060272,-0.015076203,0.1010977303,0.098233761,-0.023003459,0.0,-0.002785515,0.788896347,0.0320987375,1.0,9.6867832537,0.1167698555,0.0,0.0329670012,0.0158988268,0.0313830897,0.690458429,0.2928061625,2.6986877e-07,2.6911583e-07,1.1862092209,1.4070923158,0.018811792,0.0567193531,0.3007856251,-0.028114825
90505,0.0653047162,-0.037012596,18.223230136,0.0132454571,0.3793296818,0.0853596122,-0.07279757,-0.103107893,0.0550885814,0.0004689025,0.0345674575,-0.016952234,-0.221364985,-0.028819303,0.0169522338,17.0,-0.000227242,-0.08,-0.717155543,-0.117629476,-0.097814777,0.0692583937,-0.01432092,0.0541402647,-0.426836322,0.5662363147,1.0,1.1450844521,-0.304099477,1.1312256388,-0.307693345,1.8184370613,11.49704142,-0.027678808,0.0,0.0,1.0,0.0,0.0,0.1390013495,1.0,0.4153166027,-0.131168385,0.010653218,0.0288100999,0.1950671151,-0.029595078,41178.033887,0.0633299066,17.113871524,-0.001525117,-0.022916871,-0.18747491,0.012481046,0.0834506334,0.6559965639,0.0,-0.008743169,-0.248291738,-0.031839078,3.0,18.127386882,1.9678989952,0.0,0.0433833599,0.0252984802,0.0434327569,0.2279739733,1.8308702234,9.313281e-11,1.4435279e-08,1.0881196486,1.1840043697,0.0005301775,0.0473717849,0.2793797631,0.0171249485
90600,1.1452745691,0.0694372342,-89.59372559,0.0313380638,6.8531188857,0.2800374128,0.0164491372,0.0777665568,0.030523921,-0.055735227,0.099893056,-0.001735376,-0.1926842,0.0828166921,0.0017353765,17.0,-0.000612025,0.0579710145,0.0068978043,-0.067559445,0.2416707536,0.0931670252,0.1963595024,-0.000812497,-0.038031613,0.4864841397,0.0,0.8892400898,-0.155140256,0.8862010615,-0.154224619,3.7582492079,0.0532033834,0.0117626926,0.0,0.0,0.0,0.0,0.0,0.19026967,6.0,-0.034927063,0.0032431684,0.0197864617,0.2277236003,-0.454537982,-0.074237314,-7758.73466,0.0253456805,13.612348388,0.0006002564,0.0027067157,0.0189032201,-0.005016944,0.0075267745,-0.36233548,2.0,0.0032180209,-0.055184549,0.0170797287,4.0,13.949040329,1.115168689,0.0,0.0290556625,0.0112450485,0.0211721427,0.1783836198,0.8484771659,2.4630515e-09,2.5348369e-08,0.8420029016,0.7089688864,0.0015355096,0.0361156986,-0.168382779,0.0732063074
90637,1.100384345,0.0656235835,-9.714871128,0.0187170606,8.181961882,0.3515332216,0.0198934948,-0.100449339,0.0218072788,-0.04546013,-0.113525784,0.0023495786,0.3508997429,0.0425962849,0.0023495786,17.0,0.003536417,-0.032258065,-0.171945162,-0.22277977,0.128831819,0.0665408805,-0.075991628,0.0029672547,0.0103704392,0.4837234368,0.0,0.9924161824,0.0814426119,0.9866411811,0.0751495541,0.4973032313,0.0674144217,0.0080503893,0.0,0.0,0.0,0.0,0.0,0.2066188031,5.0,-0.108514373,0.0005515391,-0.070442617,0.1828333762,-0.987017411,-0.114457721,-8550.82947,0.0253456805,11.70092689,0.0004904553,0.001769696,0.0151561287,0.0019906383,0.0761530549,0.1394096049,0.0,0.00327654,-0.108729161,0.0015062611,1.0,13.358593129,1.7905092593,0.0,0.0287860446,0.0124499589,0.015620472,0.9141243896,1.0470956432,7.3856376e-08,8.6585155e-08,0.728673425,0.5309649603,0.0181505581,0.0435604263,-0.047650769,0.0732063074
90718,1.3335070936,0.0706582172,-2.903868948,0.0461287193,10.980146606,0.4491111238,0.0258353714,0.0731356875,0.0344069112,-0.033250425,0.0839413752,-0.002822821,-0.475171887,0.1042330156,0.0028228213,16.0,-1.8802e-05,-0.049586777,-0.186350936,-0.044716632,0.125109233,0.06,0.0298578738,-0.000316529,-0.008269676,0.7742415336,0.0,1.0808636111,0.0221771579,1.0807509487,0.0222105673,0.1156732129,0.0580912408,0.0079983781,0.0,0.0,0.0,0.0,0.0,0.2936136536,6.0,0.0316341455,-0.003028597,-0.064658006,0.2263399123,0.9389045293,-0.049137559,-6745.930042,0.0256085935,11.809671687,-7.0407e-05,0.0009923809,0.0098776707,-0.004083799,0.3184155331,-0.038766402,0.0,-0.00087108,-0.305738905,0.0081106354,2.0,12.039078744,0.7288409976,0.0,0.0219466127,0.010405518,0.0148780155,0.9260896323,1.257819606,1.2195021e-07,1.1256848e-07,0.9240243732,0.8538210422,0.1722883032,0.0376539235,-0.199356233,0.0732063074
90409,0.4113202917,-0.017675217,8.1725568275,0.0,0.3767359475,0.6491003268,0.0479107825,-0.042376373,0.2279042011,0.001936705,-0.025581817,-0.148450304,-6.765157265,0.1019004063,0.1484503043,17.0,0.0,0.0152,-0.097837953,0.1315218747,-0.066544335,0.433041649,0.1983343107,-0.039997428,-0.05725876,0.2017880075,0.0,1.225702022,0.1155755838,1.225702022,0.1155755838,12.96595561,5.6829475168,0.0115684245,0.0,0.0,1.0,0.0,0.0,0.4139888806,4.0,-0.362767741,0.1498676733,0.0094392552,0.2407331785,-0.52854226,0.0572588184,-4118.995116,0.0915965863,13.911680672,-0.000385081,0.0130006289,0.0255083269,0.0171366157,0.0106563529,0.0299349899,3.0,0.0005769231,0.1722431453,0.0368511314,4.0,13.901186709,1.244959709,0.0,0.0530336164,0.0184143431,0.0261313085,0.3750898507,2.1905114933,2.529167e-09,2.0118423e-08,1.03112809,1.063225138,-0.007663539,0.0417671524,0.1407217785,-0.049938477
90548,2.3316431968,0.0977070733,-3.073081711,0.0134055115,3.0174559023,4.5706162556,0.0434641674,-0.048791569,0.3353067681,-0.05386044,-0.103300065,-0.136297885,-7.803813833,0.8601948836,0.1362978853,16.0,-0.012593936,-0.239130435,-0.243055319,0.0542990344,0.0341124096,0.317277848,0.1095575495,-0.031281236,0.0299927459,0.3973661786,0.0,1.4262462785,0.1580047781,1.3019922095,0.2164762199,5.2678252957,7.978913421,0.1808326674,0.0,0.0,1.0,0.0,0.0,0.8220872161,7.0,-2.925959963,-0.180382979,-0.453954866,2.2537740022,-28.75054035,0.86258783,-14534.96118,0.03476008,12.008735708,0.0001814573,0.0096230129,0.0212804425,0.0004166053,0.1660110245,0.044989388,2.0,0.0030420044,1.7762129077,-0.012872487,5.0,11.861127943,0.6708261121,0.0,0.0403225534,0.0177391337,0.0406474752,0.3605390664,1.2965894884,2.8499319e-08,3.1940621e-08,1.3976453647,1.9534125654,0.128951719,0.0932174035,-0.122662714,-0.054879185
90803,0.9873732438,0.0954430087,-7.501990087,0.0,8.0481967964,3.365885705,0.028723389,0.0345172386,0.2192693989,0.1009852559,0.0246616361,-0.095106731,-8.870460016,0.9016014033,0.095106731,16.0,0.0,-0.058823529,-0.024326957,-0.15501123,0.0004012003,0.1818988107,-0.111532019,0.0477155701,0.1221892684,0.3450611496,0.0,1.2595149185,0.7396939877,1.2595149185,0.7396939877,8.3827437468,9.4005680589,0.1174599073,0.0,1.0,1.0,0.0,0.0,1.7595377859,7.0,0.621135633,0.0394557088,-0.27455099,5.4964343856,-0.011171526,-0.810074076,-16456.25186,0.0456208962,13.439758771,-0.000598139,-0.003618314,-0.04824314,-0.009346049,0.0680204701,0.1828219632,1.0,0.0195865071,0.2668052638,-0.079211254,4.0,13.676590058,0.7866390516,0.0,0.0450885221,0.0179789782,0.0374082707,0.3317189095,1.1488403641,6.0854459e-09,3.5194938e-08,1.2069149443,1.4566436827,-0.063642325,0.0767653768,-0.223723806,-0.071440083
90386,1.0984182323,0.0763621584,-11.82527586,0.0087814763,1.1503733895,0.9952760106,0.0372125523,0.0254579371,0.1032360028,0.0008659746,0.0104421553,-0.046893828,-1.375919532,0.1814303436,0.0468938276,17.0,-0.017253245,0.0013492063,-0.025218104,-0.105653329,0.0961744014,0.0694580707,-0.089064302,0.03227712,0.0431005389,0.4410246137,0.0,1.1190846973,-0.219963474,0.5663435563,-0.10598575,14.914447689,8.1710117647,0.1504094563,0.0,0.0,1.0,0.0,0.0,0.1899624408,6.0,1.6134878682,0.0089790813,-0.176655352,0.8545662936,5.8637866195,0.2681777066,2976.4562989,0.0232852488,16.933254811,0.0073468565,0.0173190211,0.0359740762,0.0765533372,0.0403861205,-0.034988567,0.0,-0.006159015,0.8654196198,-0.101948164,5.0,19.113547323,5.8453727006,0.0,0.0336753018,0.0319694913,0.0552235282,0.2926852431,7.271409379,3.703613e-11,4.5016037e-09,1.4002946311,1.9608250539,0.0127767163,0.0599157764,0.3200735888,-0.24467985
15506,0.2173018679,-0.01870258,14.191107301,0.0242190207,0.097083743,0.0450193701,-0.039347367,3.0655980217,0.2968212964,0.0668719871,3.2203023758,-0.051801743,-0.545284923,-0.008504345,0.0518017429,14.0,0.0292352799,1.0,1.3185433976,-2.1019976,-0.285576365,0.2238883848,0.510481761,0.3622279629,2.008005955,0.2626641685,0.0,4.2020845231,-0.680762351,3.9012564249,-0.713544919,0.8433190094,2.5080791663,-0.254591492,1.0,0.0,1.0,1.0,0.0,0.2990948757,2.0,52.04673701,-0.006629518,0.9144225865,0.4147014134,-0.300476958,4.1049940381,-5774.580291,0.0357482652,13.923398158,0.0041765235,-0.007907351,-0.010070537,0.0148117944,0.4239300522,-0.116101661,0.0,-0.00045106,1.7478239626,0.0478019835,3.0,15.286527656,2.3019280622,0.0,0.0425777733,0.0385739784,0.0642892482,0.3904557851,4.4796660029,3.1565578e-09,1.0917242e-08,1.0882070633,1.1841946125,0.0358162403,0.0866192457,-1.164726033,-0.145662284
92521,0.229183448,-0.041919324,9.7930169647,0.0,0.102818875,0.1678369278,-0.39011925,1.3323987888,0.4834585623,1.2279460719,-0.577195746,0.2927703751,4.0552170602,-0.211911282,0.5572082991,16.0,0.1223118156,-0.277310924,0.0069916675,-0.976454071,0.1829062072,0.176056338,-0.762217713,0.4040183934,-3.26553694,0.5731906433,0.0,4.7917226552,3.3126756307,2.5874764848,6.2131521364,2.4103622192,3.2500772798,-0.219238754,0.0,0.0,0.0,0.0,0.0,-0.62276397,4.0,0.8762493839,-0.12603633,-0.314892601,-0.17427885,1.9981785852,-0.22962526,-16304.26025,0.0642905452,10.936541062,0.0,0.0971010481,0.1727578307,0.0164852789,0.4488203543,-0.612809704,1.0,0.4438015068,1.0840712233,0.019221263,3.0,11.563216913,1.5620665456,0.0,0.0471698828,0.0277961918,0.0388651693,0.6292005599,3.3456290357,8.1225954e-08,1.8964201e-08,1.6743884656,2.8035767339,-0.11955596,0.1519558107,0.196825388,-0.091892872
90520,0.2376813209,0.1346141798,4.946901828,0.0197506032,0.4728011302,0.3811933834,0.0509279717,0.1512241452,0.1709582102,-0.04505876,0.0662815445,0.0641648271,0.3274912369,0.0905292155,0.0641648271,16.0,-0.005886681,-0.007259528,-0.101953311,-0.153604454,-0.061701826,0.0836729801,-0.041919912,0.0545588856,0.4064619067,0.47139802,0.0,1.9072478459,0.2098780187,1.4115560061,0.4336243397,3.8004032258,4.5531400966,0.3452030606,0.0,0.0,0.0,0.0,0.0,0.5995213402,5.0,1.6337989709,-0.098803214,-0.185264087,-0.006170618,5.9274320602,0.1772765785,9088.5392989,0.0232852488,16.580179345,0.0073702528,0.0462566845,0.1366508689,0.0519855589,0.1181041181,-0.007449963,0.0,0.0007966012,-0.1078102,0.023451068,4.0,17.432692384,1.9573596531,0.0,0.028055761,0.0158538113,0.0271297743,0.3406815847,2.8707227365,1.090413e-10,1.3856369e-08,1.1453545265,1.3118369914,0.0126144601,0.0290810352,-0.121423715,-0.24467985
90440,0.3948526171,-0.016971358,8.7904835979,0.0342649578,0.4715459709,0.8513606754,0.0875390219,-0.025610051,0.2275912056,-0.000831206,0.0415183867,-0.133627019,-6.911392405,0.1003243592,0.1336270191,17.0,-0.0170093,-0.036574871,-0.155460842,-0.190833691,0.0071787441,0.1006864989,0.0508154444,-0.054844165,-0.095249815,0.44859757,0.0,2.3387931034,-0.070776306,1.4,0.0820631255,20.968253968,7.3185595568,0.0450900639,0.0,0.0,1.0,0.0,0.0,0.4319468373,3.0,-0.064857465,-0.038472052,0.0072138163,-0.643164271,-0.08642866,-0.07247871,-7891.842439,0.0738375305,13.295131488,0.0007534849,0.0029530201,0.0096069869,0.0986360727,0.0297346752,-0.065025843,1.0,-0.000858185,0.6350739472,0.1033883169,3.0,14.134780447,1.3539234374,0.0,0.0539586321,0.0263194205,0.0364802727,0.502800188,2.9036265473,6.6229907e-09,1.9091108e-08,1.2529399272,1.5698584612,-0.003097923,0.0405466234,-0.251700107,-0.133267297
13797,1.1748904096,0.1045616395,-8.287488173,0.0085273846,13.899466467,0.6148627698,0.013665765,0.0356268397,0.0223293041,0.0060562513,0.0316302037,0.0039263194,0.5563100533,0.0463929483,0.0039263194,11.0,-0.004451826,0.1125541126,0.0547614843,0.0248332827,0.1859486391,0.2083266826,-0.559945226,0.0010687589,0.085371893,0.6188746252,0.0,1.0667256721,0.0111754525,1.0546237486,0.0174900865,0.4125596109,0.0571648392,0.0096711162,0.0,0.0,0.0,0.0,0.0,0.3002561386,7.0,0.053718213,0.0043207918,0.0974828831,0.0677232283,4.6501763141,-0.106977627,-6593.929902,0.0256085935,12.828628829,0.0001903718,0.0028753934,0.0337105908,-0.014314183,0.0958341995,0.1073587247,0.0,0.0041693393,0.9461041664,0.1059525572,2.0,12.70035788,0.7665458312,0.0,0.0473934039,0.0271682213,0.0428346909,0.3535691643,1.4446623462,1.844129e-08,3.1609045e-08,1.4650771666,2.146451104,0.011505,0.0569536156,0.1389450129,0.0732063074
90564,0.617386607,0.0748528388,8.5746665841,0.0,0.9413193779,0.4287872886,0.0871470495,-0.024084886,0.1575725582,-0.00349399,-0.116076253,-0.020430126,-0.43067852,0.1070903486,0.0204301258,17.0,-0.000307352,-0.028846154,-0.02039958,0.2177529206,-0.000693863,0.2935183473,-0.081655546,0.0055769863,0.1599757808,0.0676979299,0.0,2.2092632923,-0.094426448,1.2680410683,-0.238646052,29.204538419,8.2267094557,0.0882872755,0.0,0.0,1.0,0.0,0.0,0.4025437009,6.0,0.1012594662,0.3689032804,-0.548377229,0.0932759828,0.4357756824,-0.070777744,-541.5386047,0.1434034542,14.824882563,0.0020376752,0.012734911,0.0320035982,0.0138045414,0.0116485637,-0.000748641,0.0,0.0005346641,0.4039098536,0.0424125353,4.0,15.074206619,1.1483654541,0.0,0.0307950284,0.0143606831,0.0251904129,0.2133226287,1.0306582616,9.653127e-10,2.3419605e-08,0.6979545588,0.4871405662,0.1345519561,0.0352589409,-0.466029059,0.4042341731
90605,0.4323340221,0.086859125,-1.987993071,0.0102736017,1.4860468049,2.5103517861,0.0789137124,0.0759637934,0.2365189368,-0.013525401,0.0519890646,-0.049929646,-1.063824483,0.1792619887,0.0499296457,16.0,0.0010852999,-0.054120165,-0.079970344,-0.307364304,-0.032403547,0.1602650152,-0.08462128,0.0662178124,0.1674130311,0.4433725981,0.0,1.178576796,0.0907047725,1.1482403311,0.091387945,90.938288553,4.8755187158,0.1522459683,0.0,0.0,1.0,0.0,0.0,1.0674261879,6.0,0.0075656897,-0.158334799,-0.014431564,0.0167851307,0.1615557345,0.0172811485,-9096.383429,0.2470034686,13.200892334,-0.001094746,0.0094925246,0.0364409666,0.1491211868,0.0185681267,0.019542106,0.0,-0.001494024,-0.525720117,-0.047260553,4.0,12.198735526,0.3551294657,0.0,0.0611824468,0.0262685279,0.0377225907,0.5939792162,1.0688168385,2.2118885e-08,5.5867796e-08,1.1610356073,1.3480036815,0.017226517,0.0460444193,0.1213580833,0.0980376093
90550,0.2920907526,0.0348788185,4.5959472305,0.0100256071,0.0563785806,0.1440515991,0.1806547845,0.0645666835,0.4274775693,0.007737021,0.0470537877,-0.045666852,-0.443307642,0.0503408652,0.0456668524,17.0,-0.004843092,0.0345128877,0.1028273564,-0.111479471,0.0245660327,0.1593658615,0.084577998,0.0103934255,0.0679655831,0.6106048501,0.0,5.576190069,-0.037322645,5.5414595983,-0.027254873,1.007378893,3.0879219136,0.8284319776,0.0,0.0,0.0,0.0,0.0,0.5124516832,7.0,-0.849796857,0.0135788638,-0.092069096,88.029036016,-10.86949657,-9.211317135,3957.1377962,0.0103945171,15.443231929,-0.002977385,0.0140954013,0.0168570464,0.0015553565,0.4095296789,-0.020504304,0.0,0.0003409091,1.9179766695,-0.025876358,7.0,16.027478288,1.7727441057,0.0,0.0278800987,0.0109631254,0.017358615,0.444027192,4.189342738,2.761463e-10,1.7015375e-08,0.7341299441,0.5389467748,-0.010993691,0.0272478548,0.0078076634,0.0069773022
90569,0.2118060026,-0.027090202,2.8332990938,0.0,0.683623486,0.1734424299,0.0418261888,-0.013864932,0.1194548166,0.0200133884,-0.009152594,-0.133560461,-4.517591673,0.0952922699,0.1335604609,16.0,0.0,0.06,-0.095041397,0.1518482424,-0.049403067,0.9581233036,0.1346816916,0.0061146594,-0.01144401,0.3631430888,0.0,1.2780134506,0.0144424158,1.2780134506,0.0144424158,1.1731399094,0.7456138925,0.0029608422,0.0,0.0,1.0,1.0,0.0,0.4329159027,3.0,-3.153082769,0.0512596068,-0.154824431,0.1339368081,-28.46801111,0.0976852164,-5604.709704,0.03476008,15.82747248,-0.000272074,0.0052362421,0.0269192756,0.0127498294,0.1223197368,0.0058844248,1.0,0.0009651414,1.661804528,-0.238564003,4.0,16.595267615,1.9275320442,0.0,0.0346943215,0.0221270543,0.0340140187,0.3210689155,2.6122307706,3.432979e-10,1.4898259e-08,1.8072036927,3.2659851868,-0.008715646,0.0462731904,0.3809911286,-0.054879185
90558,0.6361221456,0.0468188791,-0.779688362,0.0262113416,0.9110700807,1.0878610606,-0.014211886,0.0472355769,0.1652644231,-0.018948176,-0.082969432,0.0007045148,0.0231660232,0.0457342719,0.0007045148,16.0,-0.007749662,-0.1,-0.114609386,-0.069488715,-0.048506864,0.093220339,-0.007435548,0.0394230769,0.3096390026,0.4918806381,0.0,1.8029307731,-0.035876167,1.3744315311,-0.028560889,3.7777777778,6.6131868132,0.1013667426,0.0,0.0,0.0,0.0,0.0,0.4771120208,4.0,1.4021334431,-0.112080293,-0.278004559,0.3922702069,5.8524074005,0.1324816349,-214.4941811,0.0232852488,15.798715857,0.0023465481,0.0238655067,0.0544674001,0.0914065606,0.0589333645,-0.023290757,2.0,0.0050692802,-0.1257619,0.0628814446,4.0,17.193760913,2.7207695021,0.0,0.0360468812,0.0194837833,0.0345365772,0.3908212556,4.2906601741,2.110434e-10,1.0393193e-08,1.207058729,1.4569907753,0.099267718,0.0384508066,-0.100561312,-0.24467985
90734,0.2301399257,0.0167995808,14.829607529,0.0,0.1281208146,0.3105932319,0.085465394,0.1602858484,0.3797612011,0.0047754259,0.3773889654,-0.18065861,-3.742526614,0.0796724591,0.1806586097,16.0,0.0,-0.080265798,-0.008189916,-0.065449361,0.0842429989,0.0891272251,-0.055897872,0.0272541869,0.0816847953,0.2567987025,0.0,0.9494978252,-0.42329107,0.9494978252,-0.42329107,7.1996761687,6.5973760196,0.1808679811,0.0,0.0,1.0,0.0,0.0,0.5713994607,6.0,4.0779527259,0.0150001148,-0.120486776,1.2797490591,-0.528314219,0.2760208773,2078.5171333,0.3461731473,15.453761332,0.0022614984,0.0117163225,0.0173544017,0.0070873837,0.0108807285,0.0091543893,0.0,-0.001657001,0.7631166766,-0.028709128,5.0,17.18933867,4.0254071591,0.0,0.0090180514,0.0027923007,0.007331898,0.3114883947,7.5600725118,1.680299e-11,4.2511803e-09,0.7186247418,0.5164215195,0.083936403,0.0449215636,0.5860325847,-0.094679308
91500,0.2517335648,0.0313195069,4.6530276119,0.0,0.1850569262,0.335483038,0.1122245347,0.0547457163,0.2827329835,-0.018312125,0.0304003025,-0.093376856,-1.268463052,0.0710471443,0.0933768555,15.0,0.0,0.0065557237,-0.033199307,0.0776751001,0.0291559072,0.2730731142,-0.130374999,0.0268914907,0.0733894427,0.5004921197,0.0,2.755941342,0.1677839235,2.755941342,0.1677839235,2.3519506461,5.7989907791,0.2686537937,0.0,0.0,1.0,1.0,0.0,0.4825485335,6.0,-2.914346257,-0.003873198,-0.208268708,0.1738643702,-28.19837562,0.0734400907,-11741.41567,0.03476008,15.326649341,-0.00352035,0.0226682265,0.0364100141,0.0120105328,0.2492401996,0.009777284,0.0,0.0004061079,0.6491306477,0.0632551049,6.0,15.82934879,1.42314086,0.0,0.0318353735,0.0212122892,0.027037537,0.298675751,2.5228082489,4.284507e-10,1.3842425e-08,1.1856608912,1.405791749,0.0371386706,0.035514681,-0.217201523,-0.054879185
14689,-0.674497254,-0.644874724,151.68883266,0.0,5.4512047313,2.9123414376,-0.044337032,0.2526928005,0.15935573,0.1098687409,0.2187259112,-0.347848113,-1.067650509,0.0436261032,0.3478481125,9.0,-0.022654254,0.025,-0.180402776,-0.074803562,0.1095996009,0.0433984517,-0.170173448,0.2964483062,0.1967442493,0.5145995493,0.0,0.4037516749,-0.609520492,0.2909860531,-0.559920353,279.65709459,90.915431082,-0.112611694,0.0,0.0,1.0,1.0,0.0,0.0978020768,5.0,1.3723008778,-0.619200068,-0.153004559,-1.094815877,7.1982530794,0.1303734662,-5689.603921,0.0232852488,12.662596466,0.0,-0.122809466,0.1418838289,0.0150721542,0.0434687949,-0.008552891,0.0,-0.007658643,-0.005322217,-0.014100933,5.0,14.910569815,4.9146134567,0.0,0.09316241,0.0486458067,0.0799626522,0.378793123,7.3375008181,5.79012e-09,5.7804267e-09,0.9767522259,0.9540449108,0.4805684403,0.1617396205,-0.632813244,-0.24467985
90672,0.8146232037,-1.45860494,-1.642812148,0.0,4.0667052382,2.8967912442,-0.165625267,-0.254728754,-0.017536562,0.2244029321,0.1889681994,-0.119352065,-0.302428857,-0.73243807,0.1193520648,16.0,0.0642093358,0.3487903226,-0.528405187,-1.376664555,1.8377499776,0.1566911301,0.6877365651,-0.340318584,-0.73980667,0.6393393527,0.0,1.7003471588,-0.233689585,1.1545770144,-0.325301266,1.9997971565,7.796333573,-0.536873914,0.0,0.0,1.0,0.0,0.0,-0.055669786,1.0,-1.809942292,-0.161063155,0.3454511185,0.3952017303,0.456189171,-1.495891835,-17675.7948,0.0629453635,11.352231359,0.0075791668,0.0042985334,-0.07745285,0.4647343097,0.1492952391,0.1689207254,2.0,-0.055187638,0.4747512318,-0.063303502,2.0,13.072521614,2.8180223768,0.0,0.0778341889,0.0595998953,0.0797228466,0.5689756641,7.1420574329,3.8243973e-08,8.3016932e-09,2.0260782014,4.1049928782,-0.019964263,0.137212493,0.7007436631,-0.107827317
12487,0.806877396,0.082103314,-4.753397826,0.0171705346,7.8507908087,0.3932542142,0.0275033274,0.0916811393,0.0397379491,0.9426086957,0.0969049681,-0.005474417,-0.553028891,0.1275088186,0.0054744172,13.0,-0.001730706,0.0322580645,0.0603259748,0.1257086774,0.1376379577,0.0421606543,-0.145488117,0.0030874918,0.0433363016,0.638936765,0.0,0.8993537257,-0.037428776,0.8701193851,-0.033361506,0.246128059,0.0763895908,0.0122974515,0.0,0.0,0.0,0.0,0.0,0.4074997526,5.0,-0.055427464,0.0017015029,-0.005926488,-0.110673573,1.0564943299,-0.029545187,-8604.03991,0.0253456805,11.157115879,5.35426e-05,0.002391596,0.0256614509,-0.014285714,0.1786402971,0.1056429929,1.0,0.0016825397,-0.819677871,-0.006549984,5.0,9.5442915763,0.1156984174,0.0,0.0233333223,0.0106194149,0.0168786645,1.5923349656,0.07433056,2.3959196e-06,4.062877e-07,0.5915015339,0.3498740646,0.3278615903,0.032659207,-0.075650798,0.0732063074
90664,0.0514071284,0.0138924493,12.210581674,0.0,0.0693496656,0.054227273,0.1901693202,0.791440501,0.5655532359,0.0491266376,0.6291986247,0.005384788,0.0364667747,0.0133858364,0.005384788,16.0,0.0343728966,0.4102564103,0.3053523035,-0.191329499,0.0765085412,0.1089385475,-0.12133344,0.1586221294,1.0694538862,0.8083112458,0.0,5.5769418661,0.0200134357,5.1947565543,0.0116518765,0.7115633194,4.4963827305,0.2816115079,0.0,0.0,1.0,1.0,0.0,1.4387038296,6.0,52.109796137,0.0089742256,0.3293506402,0.2488066738,-0.866210758,4.1268842198,28007.464149,0.0357482652,17.506695347,0.0056871543,0.0193836316,0.0437024429,0.0028174737,0.5648987625,-0.033187207,2.0,0.0001142888,0.3714351513,0.1012759721,6.0,18.383143594,1.6150153884,0.0,0.0390344039,0.0249068229,0.0384684858,0.347304387,2.6935654784,7.821976e-11,1.6372543e-08,0.8279258595,0.6854612288,-0.076582193,0.0644279978,-0.958509933,-0.145662284
13196,0.4656157871,0.0663063932,3.6128723715,0.0,0.5659814072,2.5696118867,0.0868108562,0.1906445807,0.735985202,0.0075470175,0.2098847805,0.0269078218,0.3854334655,0.0407496903,0.0269078218,12.0,0.0,0.135986733,0.0396715611,-0.591971304,0.0150250808,0.2634353284,-0.502539479,0.1222970271,0.1728520886,0.4233598187,0.0,1.3953322728,-0.069871118,1.3953322728,-0.069871118,64.918516355,6.1275792201,0.2213288678,0.0,0.0,1.0,0.0,0.0,1.5846861669,5.0,-14.07756955,-0.143308238,-0.368687238,0.0841423271,-19.32546856,0.1162991041,-3711.81567,0.2265462602,12.561247847,0.0048085245,0.0212993469,0.0472286016,0.3925290917,0.0247393454,-0.053381704,0.0,0.0156494523,1.2471983289,0.1418723948,4.0,12.074558399,0.5807788742,0.0,0.0410256833,0.0247325886,0.0379223806,0.3697754695,0.9754264059,3.5036012e-08,5.1931785e-08,0.9901491834,0.9803954053,-0.067691805,0.054005095,-0.150129928,0.3361807193
90720,0.2417855316,0.0657614748,5.6871882182,0.0,0.6336032115,1.7951443594,0.1517265288,0.2844080148,0.7198514228,0.0066952745,0.2459648997,0.0144062617,0.1705380864,0.0545466387,0.0144062617,16.0,0.0601555052,0.6455696203,0.1755999061,-0.205774545,-0.049312089,0.1138682338,0.154835241,0.0945274489,0.3973923363,0.4994361316,0.0,2.068824295,0.300153315,1.3389319284,0.4748503668,20.195263871,8.9485474471,0.1579685699,0.0,0.0,1.0,0.0,0.0,2.7066535912,5.0,-0.059118044,-0.05717529,0.6312378156,-0.286903297,-0.071698083,-0.05181271,1282.647476,0.0795592663,16.202796437,0.0342923876,0.0577018235,0.1118376713,0.3163803297,0.0207911854,-0.046823248,6.0,0.0344027831,1.4673363938,0.1488267463,0.0,17.472411704,2.9649502597,0.0,0.0723009035,0.0355717339,0.0489409608,0.2822552321,4.1483823788,1.714155e-10,7.3807028e-09,1.7962740061,3.2266003049,0.0843528838,0.0472049239,-0.140613904,-0.071410172
90636,0.864723717,0.0300940256,-11.16784106,0.0229508283,4.7252084755,0.2107739257,0.0191860024,0.0527097554,0.0324286284,-0.000729661,0.0614430309,0.0007251225,0.1313186813,0.0261421179,0.0007251225,17.0,0.0002487868,-0.015873016,-0.035924974,-0.077952068,0.1184613561,0.0613157334,0.0881882514,-0.000426611,0.0074165398,0.7045065801,0.0,1.4158955754,-0.008473727,1.4097723976,-0.008486518,0.5821877141,0.0427892394,0.0075965059,0.0,0.0,0.0,0.0,0.0,0.2006125869,4.0,0.9863818676,0.0028522744,-0.054057569,-0.052827252,-0.758188582,-0.130911888,-8608.90729,0.0253456805,11.001956524,0.000360103,0.0016801602,0.0108612513,0.0007666368,0.0769703392,0.0091128369,0.0,0.0048212936,-0.317144946,0.0142108924,2.0,8.5447137491,0.0568670398,0.0,0.018531261,0.0139771761,0.015038523,1.0085446758,0.2288768836,1.8236858e-06,4.062877e-07,0.3556473173,0.1264850143,0.3895871068,0.0417223876,0.0064488049,0.0732063074
91114,0.5197394203,0.1355246776,-2.442991169,0.0,1.9052548956,2.5387681193,0.1034194627,0.0217307938,0.2303464144,0.0141312185,-0.109040472,-0.024468892,-0.434343434,0.1943889315,0.0244688923,15.0,-0.002086495,-0.027830189,-0.058495036,-0.121824349,0.1098369264,0.1057466771,0.0150529494,-0.002940049,1.3197556008,0.3753678844,0.0,1.9325573434,0.1018738886,0.9198904485,0.2362593051,43.353246753,9.467385139,0.1077299229,0.0,0.0,1.0,0.0,0.0,2.1147318398,7.0,1.4326734801,-0.092605293,-0.205834747,0.2758874815,6.8199923625,0.2811362945,-5089.005781,0.0232852488,13.147230696,-0.002476538,0.0063918757,0.0259834871,-0.019068337,0.0271758867,-0.016805158,0.0,-0.007037748,1.2096013571,-0.052813642,5.0,13.457220613,1.0307272699,0.0,0.034930896,0.0251348109,0.0362247407,0.2488965932,0.9290767122,9.8520457e-09,2.7158004e-08,2.4011319593,5.7654346862,0.0496748291,0.0662459874,-0.363034611,-0.24467985
86165,0.7526082173,-0.038403511,-0.055744495,0.0032214642,0.4587868027,2.2789648755,0.1228098826,-0.221515278,0.1357186589,0.305878326,-0.531500843,-0.159535414,-5.748346123,0.1823531647,0.1595354136,16.0,-0.034577757,-0.26,-0.370457603,0.0442543352,2.0062880864,0.1258377264,0.0971625684,-0.293266067,0.3478721807,0.4840719813,0.0,2.4623649729,0.7019374695,1.9818813487,0.8539740387,18.615456451,20.625485733,0.0535375146,0.0,0.0,1.0,0.0,0.0,0.2955696404,6.0,1.4624897834,-0.575926198,-0.438004559,0.5087562786,6.9491344087,0.2691005277,-5352.840781,0.0232852488,12.96550545,0.0,-0.006273988,-0.010168204,0.2803633019,0.0760978395,0.1872654034,0.0,-0.030364372,1.0803266862,0.0443995371,5.0,15.460431768,6.6910023625,0.0,0.0780780762,0.0351749705,0.0546418997,0.4274273623,12.680171841,1.9364743e-09,3.8550371e-09,1.2133746611,1.4722780682,0.2966108335,0.157517935,0.1277518765,-0.24467985
90993,0.3014640752,0.032298618,-29.73866709,0.0103435976,1.6477551997,0.1274628083,0.0248618341,0.335548665,0.0506069233,0.0126353791,0.3817500551,-0.007177391,-0.37912877,0.0445439533,0.0071773912,16.0,0.0,0.4843880447,0.2592026883,0.014263417,-0.090580987,0.4319906597,0.0515652191,0.0044659393,0.1299913069,0.0267742076,0.0,0.9911362629,0.003339753,0.9911362629,0.003339753,5.207833228,6.7024390244,0.0307998824,0.0,0.0,0.0,0.0,0.0,0.2575485367,4.0,1.9666549219,0.0344474197,0.2773671018,2.1800762494,-0.009307849,0.4593181572,53784.613524,0.0642007103,17.988421227,-1.5615e-05,0.004717192,0.030028463,0.0053774405,0.0110379525,-0.017304325,0.0,0.0013934855,0.0144118886,0.0352652366,4.0,18.285827667,1.1259041389,0.0,0.0218509268,0.0155128658,0.0230067374,0.3259722914,1.9066850367,3.743682e-11,1.8778598e-08,0.5523708647,0.3051135722,0.0066390059,0.0271166864,-0.342096682,0.06707331
90735,0.5291701047,0.2620453115,-0.13627518,0.0080072519,0.8259497716,1.7031099283,0.0451834698,0.2589146809,0.91546649,0.0493024731,0.0179613702,0.1140121786,0.5164212911,0.1364661174,0.1140121786,16.0,0.0035731089,0.005723205,0.0722647818,-0.381395881,0.0564742267,0.0714458122,-0.133688716,0.0505383466,1.1105729118,0.4739718504,0.0,1.1095419048,0.2574310015,1.0737261004,0.2568806722,7.7077525903,9.7629992339,0.3972332437,0.0,0.0,1.0,0.0,0.0,4.1027162325,6.0,-0.228257066,-0.172731524,-0.098744481,0.1616912487,-0.651433345,0.0927575339,-2349.50642,0.0777638582,12.180288075,0.0075990205,0.0156920612,0.0349881064,0.0568863009,0.1860283442,-0.323206632,1.0,0.0014947683,0.1545446442,0.0391700419,5.0,12.440364042,0.8408535094,0.0,0.0478394963,0.0272275133,0.0376392967,0.433847014,1.888974001,2.9758118e-08,2.7730796e-08,0.9090221022,0.8263211823,-0.116157659,0.0811240985,-0.128439695,-0.114609465
90885,-0.00659773,-0.06823279,3.4251190099,0.0,1.2405845559,0.3205086597,0.0073889876,-0.093323013,0.1950856328,0.0258589062,-0.057234635,-0.075881357,-1.442935847,0.0302227485,0.0758813573,16.0,0.0007519954,-0.071428571,-0.280467793,-0.132868673,0.0357126482,1.1116354038,0.1872755742,0.0088729413,-1.146291769,0.2928176369,0.0,1.3510250712,0.0947042153,1.2641929325,0.0815381193,1.5210189972,2.8453386531,0.0399201127,0.0,0.0,1.0,0.0,0.0,4.5060754242,4.0,-0.13622272,0.0241861458,-0.07233171,-0.46308842,-0.400456706,-0.022001678,-7432.561945,0.0376507894,14.277267965,-0.001392123,0.0043091251,0.1173217391,0.0256296071,0.1478708333,0.0163085318,0.0,0.0165425972,0.6502968754,-0.033637397,3.0,14.998106394,1.6112316482,0.0,0.0368196666,0.0274570074,0.0463303742,0.3097399812,3.3144669888,1.6856422e-09,1.3076185e-08,2.5356786313,6.4296661213,0.0587935578,0.0785199173,-0.634132674,-0.028114825
14185,1.0363440079,-0.456804925,-2.153197455,0.0,3.3932546297,4.0549026927,-0.048596554,-0.008968797,0.1100952275,0.0032060797,0.1297073198,-0.095919868,-0.940457017,-0.027199528,0.0959198678,11.0,0.000115483,-0.217857143,-0.23580009,-0.192582579,-0.175760032,0.1539051835,0.0854208315,0.006387204,-0.290904313,0.554712727,0.0,1.876607377,0.1237214318,1.6624761649,0.1303580581,5.3678961962,4.3371883051,-0.06050862,0.0,0.0,1.0,0.0,0.0,0.2698023185,2.0,-1.492607395,-0.084977957,-0.221196347,0.6169225344,-0.752948003,0.0503545435,-17127.41275,0.0629453635,11.272836933,0.0130807876,-0.049720724,-0.23778755,-0.226007799,0.1120283828,-0.055923807,0.0,-0.198795181,0.6940640431,-0.175448128,3.0,14.24488332,6.7616870812,0.0,0.063795872,0.0604436118,0.0904112561,0.4720259318,34.504650784,1.3416273e-08,3.191714e-09,2.502467991,6.2623460462,-0.051504883,0.1155889089,-0.715532879,-0.107827317
90856,0.1633624105,-0.019075731,7.679437306,0.0,0.1196892669,0.0818135133,-0.084046853,0.2808112856,0.284751201,0.1435127979,-0.027024155,-0.044460197,-0.587394871,-0.007870744,0.0444601975,16.0,0.0088209937,0.0273972603,-0.105178786,0.0695341858,-0.010813891,0.3161170706,0.2379395596,0.005232308,0.6672960221,0.4143731161,0.0,6.2424852962,1.1765849123,5.5296619655,1.4266225333,0.8456829554,8.9229672514,-0.126026226,0.0,0.0,1.0,0.0,0.0,0.6225039722,3.0,51.841423987,-0.062715531,-0.05350851,0.360761956,-1.540063801,4.1056276391,-4998.216031,0.0357482652,14.69210252,5.9339e-05,0.1385129979,0.2521742066,0.0049154206,0.1953540881,-0.011265779,3.0,0.0347951114,1.7777327066,0.1008607477,3.0,15.030536446,1.0426964512,0.0,0.0731663704,0.0259134184,0.0474828194,0.3130417827,1.9388592702,1.683871e-09,2.2188452e-08,1.1181020798,1.2501522608,0.0267680386,0.0495179185,-0.282073244,-0.145662284
90871,0.1772710628,-0.041732384,4.0678397728,0.0073057245,0.7180827654,0.4582543757,-0.029378097,0.09217189,0.0985598016,0.2059477193,0.0806965443,-0.087305084,-1.794061833,0.0331380933,0.0873050839,16.0,-0.005181088,-0.23989547,-0.406554337,-0.429273004,-0.203894778,0.0712485362,0.1655211513,-0.081122856,0.1412608211,0.5187270811,0.0,1.2028507861,2.2319868507,1.1388742718,2.9692869791,2.9113435777,11.425727097,-0.007947864,0.0,0.0,1.0,0.0,0.0,0.470455149,3.0,0.3417091582,-0.289083982,-5.735562222,-0.348345705,-0.576169927,-0.035620276,-7615.67742,0.0823714328,13.486663775,0.0048560471,0.0137847325,0.0536617431,0.057573277,0.1671108115,0.1135812196,0.0,0.0024142926,0.17375321,0.0088906162,1.0,14.34497122,1.9684371024,0.0,0.0263535809,0.0209801835,0.0369732922,0.3827610345,3.8444969455,2.7972117e-09,1.1765887e-08,2.5975321776,6.7471734135,0.0583953718,0.0776440827,0.348813279,-0.164654644
90776,0.5646257182,0.0837965106,-11.14900707,0.0167559939,5.4663742269,0.2204248519,0.0261769258,0.35937181,0.0415368787,-0.016386407,0.3882471057,-0.005170429,-0.322937229,0.1108575235,0.0051704292,16.0,-0.001082535,0.0435967302,0.0329111569,-0.246084201,-0.007986754,0.1108422072,0.1914531361,-0.000971182,0.1315164541,0.6013679905,0.0,0.9222279639,-0.017771569,0.9221841186,-0.016179496,0.4987835461,0.0497719811,0.0186270837,0.0,0.0,0.0,0.0,0.0,0.3693049602,4.0,0.0306142384,-0.003767494,0.0285255008,-0.542541463,-0.813643023,-0.042513051,-830.0128424,0.0256085935,15.912735746,0.0010402722,0.0048278954,0.0587185525,0.0225256321,0.0173926719,0.0047105749,2.0,0.0005513692,0.1704359269,0.0382722632,5.0,16.769579076,1.9091230922,0.0,0.0507614613,0.0253251212,0.0425120185,0.3211424638,3.6845602846,2.758964e-10,1.1076953e-08,1.4950077381,2.2350481369,-0.025349953,0.0463412991,-0.451460113,0.0732063074
90829,0.3528048934,0.0382748635,0.212588653,0.0311511508,0.7751565419,0.4979354484,0.0690610925,-0.012241209,0.1405685179,-0.00957764,-0.017597552,-0.0755528,-2.883280757,0.148632041,0.0755528002,16.0,-0.005290349,0.0,-0.101525054,-0.196566377,-0.058514219,0.1120263591,0.0968977228,0.0128984555,0.0086296168,0.4367586293,0.0,1.5088300221,0.0301560212,1.1920529801,0.2724161024,6.0380673499,15.562264151,0.1854110382,0.0,0.0,1.0,0.0,0.0,0.5253710735,5.0,1.3863752273,-0.01210964,-0.178004559,0.1089529547,5.7084997616,0.235379404,2535.7474289,0.0232852488,16.8149033,-0.002765904,-0.015407679,-0.056993222,0.0430732923,0.0643379228,-0.043384488,0.0,-0.03529201,-0.054346741,0.0163582391,5.0,18.721779116,4.4843977207,0.0,0.0285144001,0.0242902338,0.0502419054,0.2216407356,3.7038728365,5.97503e-11,6.7476143e-09,1.2024052796,1.4457784564,0.0277306513,0.0498408545,0.5371729988,-0.24467985
15127,0.2299586384,-0.022750276,3.5718733724,0.0,0.031160069,0.1190347148,-0.700399396,2.2848847825,1.0806017807,0.3251778268,-0.552096808,-0.037909199,-0.283782059,-0.016294156,0.0379091986,12.0,0.0095454817,0.2745098039,0.6435528478,0.488897521,0.0415905441,0.2099079073,0.080556856,0.0476207866,10.67693475,0.8700175431,0.0,8.1210479661,2.8604311832,7.8576775337,3.1555186276,0.5741228193,7.9482457841,-0.413614225,0.0,0.0,0.0,0.0,0.0,8.6053247513,5.0,52.503195019,-0.013532087,0.1936040338,0.4273581839,-0.957439666,4.0972042277,-7178.148511,0.0357482652,11.423877789,0.0,-0.06524905,-0.086132957,-0.00222647,0.6421050417,-0.248622455,0.0,-0.007389163,-0.246376938,0.0653688958,3.0,11.740958103,0.8384142142,0.0,0.0369003341,0.0369644063,0.0718592529,0.2770633298,2.3477215944,5.2471953e-08,2.2064434e-08,1.1090237854,1.2299337567,0.1053292128,0.0817776828,-0.280220252,-0.145662284
90775,0.7852000113,0.0207141236,-2.103699945,0.0,1.5243826707,1.8317684767,0.054578118,0.0673814064,0.1922597969,-0.005338078,0.0943630044,-0.06917582,-7.469512195,0.1754385226,0.0691758195,16.0,0.0102775503,0.0092592593,0.0144326051,-0.12673517,0.0219634511,0.1651092874,-0.043134448,0.0375724793,0.0186247201,0.2864266548,0.0,1.442212577,-0.038051898,0.837993338,0.0090655532,11.933077345,14.089378238,0.0728511228,0.0,0.0,1.0,0.0,0.0,0.4596646458,6.0,-0.06916516,0.0951677282,-11.0708427,0.6324666415,-1.874048109,0.1340349365,-13981.71109,0.0426379215,14.382969508,-0.002116638,-0.000806864,-0.00220608,-0.13211678,0.0132617122,-0.0159763,1.0,-0.001504514,1.7431353988,0.0329618128,3.0,15.182788909,1.738487537,0.0,0.0390577242,0.0233304216,0.0367700099,0.3538194216,2.315569468,1.6459636e-09,1.7631412e-08,0.161014666,0.0259257227,0.806177862,0.0473760035,0.1123667071,-0.010149049
90868,0.0312928337,0.0135099924,59.340963906,0.0076717214,0.017095467,0.0717882046,0.5601325559,0.1736029122,1.0806017807,0.0,0.0762987013,0.009052846,0.0301356102,0.0131028605,0.009052846,16.0,0.0065180491,0.0860927152,-0.04996408,-0.227707965,-0.003205596,0.0956885174,0.2882682173,0.01228191,0.2336686106,0.686706138,0.0,2.6225138311,0.1597489921,2.0962461707,0.2184185506,4.4766216731,5.2695123773,0.8551088433,0.0,0.0,0.0,0.0,0.0,1.8024985287,4.0,-0.071329098,0.1412790824,-0.220433494,-0.591726855,-13.97533733,-0.083520575,-1605.172075,0.0553124103,13.929226668,0.009213391,0.07954766,0.1165563918,0.0032201337,0.3288393762,-0.036768295,0.0,0.0009241048,-0.749834421,0.0015150295,5.0,12.493104119,0.2212865729,0.0,0.0415583365,0.0294363467,0.0318281204,0.5297742412,0.3529490256,3.5834269e-08,1.6669026e-07,0.9196090451,0.8456807958,0.2323345566,0.0607229376,-0.143544262,-0.010696088
90955,0.5106752266,-0.087019122,0.3137974823,0.0,0.4119404751,0.4554105894,-0.147422033,-0.011934182,0.3742686353,0.026325378,0.1174959872,-0.138290073,-1.475067996,0.0413399998,0.1382900734,16.0,0.0088609343,-0.052173913,-0.268979928,0.059793442,-0.015765561,0.5500997391,-0.183585042,0.0450753015,-0.096359893,0.546996943,0.0,1.3181335598,-0.024396498,1.1353116042,-0.035803658,1.2748454064,7.8430706522,-0.041793006,0.0,0.0,1.0,0.0,1.0,0.6110354937,2.0,51.851014213,-0.05802259,-0.133079683,0.708074772,-1.198208449,4.1548383832,-7471.926351,0.0357482652,10.686269284,-0.001444841,-0.011603822,-0.020194581,0.0331796127,0.279032465,0.0282687594,0.0,0.0163043478,-0.210888539,-0.082681617,5.0,9.570079835,0.1994547322,0.0,0.025451865,0.0269852811,0.0489823494,0.7192570016,0.3166735924,1.3588619e-06,2.1694747e-07,1.2253534776,1.501491145,0.2536338428,0.0912180099,-0.410722675,-0.145662284
90952,1.0350909816,0.0846329173,-107.8110307,0.0457101019,8.9045058354,0.4003937558,0.0176977075,-0.025304802,0.0270767945,0.0019762367,-0.031717649,-0.000103069,-0.012261937,0.0856706808,0.0001030691,15.0,-0.000222412,0.0451756832,-0.041466416,0.000236073,0.0603970226,0.0671909411,0.0978978758,-0.000411105,0.0335830203,0.5797782348,0.0,1.0646816337,-0.123476278,1.0627624944,-0.12330503,6.1507404713,0.0509358614,0.0103144606,0.0,0.0,0.0,0.0,0.0,0.2757173096,6.0,0.0699941297,0.0042344034,0.0301044538,-0.0720762,-0.066482525,-0.067699894,-4257.480402,0.0256085935,15.129219158,-8.681933e-06,0.0024973406,0.0237858414,-0.003588491,0.0245369374,0.0049860915,0.0,-0.00198544,-0.345482157,-0.03535614,3.0,15.834219298,2.1300468108,0.0,0.0442953557,0.0282104593,0.0318758672,0.4442213635,5.0165610705,5.540133e-10,7.635931e-09,1.04225959,1.086305053,0.0329002125,0.0347005111,-0.041515692,0.1234823876
90961,0.8749605215,0.1718605133,-13.03511602,0.0704237344,3.7518709912,0.6830388488,0.0804126671,0.0942922247,0.145854904,-0.07588036,0.1053298233,0.0869241179,2.239349313,-0.212995209,0.0869241179,15.0,0.0868007005,-0.014563107,0.5321367659,0.5461883665,0.0516638944,0.1261790119,0.5691636946,0.0893371743,0.0493591339,0.5954560542,0.0,1.5642272992,-0.000341529,1.2246752808,-0.09811767,3.403093904,0.2377775353,0.0503661685,0.0,0.0,0.0,0.0,0.0,0.73961736,5.0,0.1184111842,0.0524451188,-0.029634336,-0.23220666,-1.182748351,-0.366365784,-6403.454482,0.0256085935,12.868247103,-0.001542672,0.0086287037,0.0440081716,-0.048467082,0.1605175392,-0.00978216,1.0,0.009272816,-0.287295883,-0.015260136,2.0,13.013479425,0.8929887736,0.0,0.0196078252,0.0285280322,0.0263829872,0.384709953,2.4417674327,7.0352952e-09,2.1708342e-08,0.7594513719,0.5767663862,0.1255298175,0.0242245775,-0.28373197,0.0732063074
90971,0.3554891336,0.0649911315,2.322954709,0.0,0.170266088,0.632106676,0.1504733631,0.2921250324,0.7645905036,-0.005925508,0.4340042578,-0.080531405,-0.577827944,0.1025448234,0.0805314049,16.0,0.0231312198,0.0718085106,0.1782357641,0.0115360289,0.0354823736,0.2890426222,-0.039615264,0.0259124868,0.2336639221,0.646706585,0.0,2.8651350763,-0.023596459,2.2741874128,0.0541522638,2.9570863895,8.3881050397,0.5560737517,0.0,0.0,0.0,0.0,0.0,1.0796388112,6.0,103.79230449,0.2920851343,0.005217358,0.292876292,0.1344414485,0.0306369798,-2462.631899,0.1707603697,14.132818499,-0.01801096,0.050463081,0.0732381674,0.0130143878,0.2049553832,-0.005188366,1.0,0.0114649682,0.7867722218,0.0645849773,8.0,15.682642857,3.7436937601,0.0,0.0401785634,0.0292982553,0.0455801628,0.3139019409,5.4849334253,1.1707931e-09,6.8189701e-09,1.0675298264,1.1396199302,0.009755889,0.0560551234,-0.159559321,-0.182629545
91594,0.2076043156,-0.210949254,-0.351602914,0.001066502,1.8244213927,0.8252786616,-0.103106086,0.1022745201,-0.017012885,0.0062927862,0.2879485293,-0.015684901,-0.144088245,-0.180553946,0.0156849011,15.0,0.0379614632,-0.203296703,-0.566990118,-0.583701756,-0.530178914,0.1078309509,-0.01869606,0.1028661583,-0.513739071,0.5801707559,0.0,2.6237276237,-0.005040442,1.7916812917,-0.104871105,1.8172502135,2.9148189367,-0.088654551,0.0,0.0,1.0,0.0,0.0,-0.193085046,1.0,-1.681253634,-0.565409831,-0.206635907,-0.211817158,-0.799023029,-0.102999874,-13587.59496,0.0629453635,15.299784663,0.0117043183,-0.014674917,-0.202929618,0.0374186426,0.1848516949,-0.165982855,3.0,-0.007694048,0.4814395194,-0.071492445,1.0,17.028201246,3.6898343443,0.0,0.0343357995,0.0244467129,0.043267706,0.3730352288,5.3089033992,3.929449e-10,8.3603072e-09,2.5221369116,6.3611746007,0.0360144581,0.0737156216,0.1145138811,-0.107827317
90825,0.9257500935,0.0772808749,-30.47354235,0.0306630568,2.8743499603,2.0631500669,0.0377809502,0.0932726099,0.1889478591,-0.015573643,0.1444736711,-0.019598102,-0.922580645,0.1485787143,0.0195981019,16.0,0.0074692067,-0.128571429,-0.153653423,0.0616871101,-0.059106176,0.2138535995,0.1225032464,0.0054507638,-0.04006721,0.2082529275,0.0,1.3075956186,-0.044773821,0.7597414257,-0.144182607,45.224043716,4.6494382022,0.0614223889,0.0,0.0,1.0,0.0,0.0,0.630476929,3.0,-0.006765189,-0.002458687,-0.081041528,0.2881292045,-1.251637693,-0.208886808,-1932.429703,0.0984150309,13.47278059,0.0011870317,0.0063638082,0.0258742154,0.1005188305,0.0189127604,0.0033663925,0.0,-0.001164144,1.4292969948,-0.069374475,4.0,13.917944395,1.2773596189,0.0,0.0283018909,0.0179601423,0.0288064306,0.3318966298,1.9918086291,3.2854277e-09,1.8320638e-08,1.6940448341,2.8697879,0.0315068958,0.0483998833,-0.074712066,0.1210215137
90870,0.2477881498,0.0180576261,14.804885408,0.0,0.0411604601,0.1226870165,0.1011941237,0.0849890159,0.1964608839,0.0073476559,0.0019420047,-0.045584963,-0.700857943,0.0307134567,0.0455849635,16.0,-0.002428731,-0.001285347,-0.162863714,-0.044754913,-0.00282366,0.134236332,0.0629492417,0.003482834,0.1001360466,0.4559877072,0.0,8.2527029171,0.3991026087,4.1258301412,0.7507341411,2.5233969379,5.2473288757,0.5995610232,0.0,0.0,1.0,0.0,0.0,0.2310145179,4.0,0.0815717403,-0.034510469,-0.002188486,-0.208702541,-0.753550924,-0.02151097,-3665.920345,0.0376507894,15.396915148,-0.001975312,-0.000907018,-0.001059584,0.002377488,0.5252015638,-0.017290638,0.0,-0.00070688,-0.055710842,-0.027598355,5.0,15.533215004,1.0485786503,0.0,0.0399820767,0.022802255,0.0307041619,0.3017573809,1.8230319209,7.11863e-10,2.0722807e-08,1.3674880381,1.8700235342,0.0953016171,0.0408161178,-0.45333326,-0.028114825
90963,0.3952658711,0.0780072171,-1.553793384,0.0797420719,0.9296146777,0.3057857328,0.0862983536,-0.014770521,0.0722959115,0.0014505517,-0.028843756,0.0156584826,0.2679383848,0.0571060893,0.0156584826,16.0,0.0,-0.089861751,-0.083411183,-0.114674936,0.0101836956,0.1557881773,0.1181357399,3.68409e-05,0.0199923294,0.2921755136,0.0,13.124879498,0.1783941088,13.124879498,0.1783941088,1.4638371085,1.248825583,0.083651831,0.0,0.0,1.0,0.0,0.0,0.2508768871,4.0,0.0518560306,0.007068299,-0.615776613,-0.835453932,-0.385319936,0.1729404514,-11916.10033,0.0397241163,13.705117367,0.0001739051,0.0127042887,0.0408569367,-0.00915877,0.2082851608,-0.001446648,0.0,0.0053418803,-0.002498307,0.0172726554,4.0,14.025651885,1.0945479641,0.0,0.0691173077,0.0240958448,0.0264563439,0.3426956119,1.630638008,3.3735678e-09,2.1011579e-08,0.6492332164,0.4215037693,0.0659695029,0.0349655763,-0.114199269,0.045344153
91356,0.8102353862,0.0666805429,-9.794060713,0.0272623198,4.2888149832,0.2449426635,0.0278684872,0.0909228796,0.0387224042,-0.007681535,0.1016355875,-0.004917462,-0.360367082,0.0907100156,0.0049174615,15.0,-0.000300533,0.0510416667,-0.036398599,-0.055684255,-0.083544009,0.0720782157,0.0392404624,-0.00041325,0.0375177531,0.5648318347,0.0,0.962097913,-0.036958461,0.9617505868,-0.036524305,0.6233228991,0.0717749613,0.0178257888,0.0,0.0,0.0,0.0,0.0,0.2317618218,4.0,-0.0445778,0.0020198263,0.0359704372,-0.296931795,-0.801062585,-0.062660559,-3659.560042,0.0256085935,15.080581804,0.0001300321,0.0042543361,0.0278140739,-0.002672897,0.1846465331,-0.00508678,0.0,0.0012749681,-0.267243429,0.0279620856,4.0,15.156431976,0.7321406283,0.0,0.0378719643,0.0195409488,0.0278020974,0.2246440684,1.2718589417,7.511015e-10,2.0002326e-08,1.2864798957,1.655030522,-0.003989835,0.036755952,0.0581597346,0.0732063074
90988,0.9620927981,0.0985838798,-1.478352139,0.0,7.3308128791,4.1160605796,0.0218930469,-0.04068076,0.0975864255,-0.022510917,-0.061067862,-0.017540909,-1.507333667,0.2471826807,0.0175409087,16.0,0.0,-0.229452055,-0.155934996,0.0266220908,0.3128050751,0.0613411637,0.0135724678,-0.02227931,0.1494609079,0.549503901,0.0,1.1199739986,0.9668409734,1.1199739986,0.9668409734,5.890162096,31.353366111,0.0700681562,0.0,0.0,1.0,0.0,0.0,0.7084020243,6.0,4.1598720716,0.0369551877,-0.269673032,2.0117019315,-1.877121899,0.4435310989,-3732.295947,0.3461731473,13.952564967,5.63647e-05,0.0263945701,0.2839037788,-0.132148488,0.1013124832,-0.002663358,2.0,0.2,0.3755976553,0.1480660414,3.0,15.094603278,2.8092193569,0.0,0.0397162735,0.0277840437,0.0437315405,0.4496896494,5.5916170978,1.5921546e-09,9.4687907e-09,2.3949896204,5.7359752817,0.1006743418,0.0882260657,-0.04311458,-0.094679308
90989,-0.674497254,-0.755708658,2.4258198696,0.0,11.07210271,2.4050961467,-0.031749951,-0.099794503,0.1017004083,0.0023657344,0.0106393305,-0.073248346,-0.763516772,-0.178712423,0.073248346,16.0,-0.000745932,-0.186440678,-0.308964495,0.019924625,-0.165082874,0.1068500029,0.0696731112,-0.11623315,0.2654277198,0.4321266892,0.0,1.2243190736,0.2025533514,1.2091008488,0.2088499702,2.3573297947,3.8751175318,-0.036891607,0.0,1.0,1.0,0.0,0.0,-0.131342411,2.0,-3.118295743,-0.095681333,-0.401265109,-1.094815877,-28.70606004,-0.176319477,-13827.17739,0.03476008,13.963511198,0.0038993256,-0.00762297,0.0125172019,0.1167467131,0.1120524001,-0.026512639,2.0,-0.003690037,0.6664810631,0.0266688019,3.0,14.649555004,1.3109610744,0.0,0.0422078297,0.0316301586,0.0460214289,0.4115927252,2.3868246098,3.5550685e-09,2.2525213e-08,2.3071454779,5.3229202561,0.0817524021,0.084510027,-0.307102698,-0.054879185
91090,0.0704302428,0.0758168418,24.276378728,0.0,0.2006743204,0.3358629799,0.2410516223,0.5142392684,1.0290172468,-0.034822371,0.3644654694,0.0494841254,0.1468991022,0.0646794158,0.0494841254,15.0,0.0033302378,0.209571391,0.1262464519,-0.248118247,0.0737049338,0.1228122443,0.164735642,0.0068340367,1.2033508965,0.419810862,0.0,1.690219628,0.0220539735,1.0896345478,0.1062744906,10.091092439,8.5278796456,0.4745408843,0.0,0.0,1.0,0.0,0.0,5.7124293999,6.0,0.0848157334,-0.492147476,0.2212119527,-0.382399551,-1.31290093,-0.051024532,-5967.626977,0.281925686,15.224159989,0.0342923876,0.1027505653,0.4278272067,0.0299385886,0.2510009656,0.0198602599,0.0,0.0042514636,1.1669308434,0.0555805578,5.0,17.194258144,5.5539964813,0.0,0.0643835217,0.0299530507,0.0501281917,0.1699851804,3.6032160873,2.543666e-10,5.0743883e-09,2.3352155699,5.453231758,0.0373228492,0.0676935095,-1.201106192,-0.031359609
90978,0.0924915127,0.1371592698,13.621575689,0.0,0.2837666256,0.2574112576,-0.513858224,-0.241923624,0.0858650015,0.0137222596,-0.423370855,0.2927703751,1.3126544369,-0.042883454,0.4120811763,16.0,-0.077349091,-0.6,-0.396623798,-0.053965023,0.2874126936,0.106508328,-0.428998534,-0.250197406,10.67693475,0.3697373728,0.0,1.4919175959,-0.029385107,1.0943913043,-0.038588057,4.720559167,4.6119962934,0.363060248,0.0,0.0,0.0,1.0,0.0,9.1062751267,4.0,0.6886288328,-0.170656724,-0.775676915,-0.310970785,-0.841214388,-0.060597432,-11997.13047,0.0642905452,14.869983432,-0.02672998,-0.04700989,-0.164033435,0.0017413312,0.4106656662,0.0183254749,0.0,-0.000440917,-0.181414068,-0.033430452,2.0,16.841113694,4.3316749299,0.0,0.1228398457,0.0420129963,0.0630338638,0.3696700586,6.8978528681,4.435147e-10,5.7815211e-09,1.5254663548,2.3270475996,-0.023843437,0.1120479127,-0.819744245,-0.091892872
90979,0.2145279226,-0.070294924,3.0256897642,0.0,0.4293949184,0.5727595615,0.0006704524,0.0386282239,0.4804079916,0.0071718386,0.2454816213,-0.154350563,-1.387605453,0.027246696,0.1543505629,16.0,0.0007526717,0.012195122,-0.150454745,0.0898747257,0.0292378854,0.1350245705,0.0190003951,-0.023034848,-0.220499915,0.6065922998,0.0,2.2804993504,0.2000887425,1.6465297649,0.2936152108,2.9274603128,8.1322095813,-0.12823146,0.0,0.0,0.0,1.0,0.0,1.0602417484,4.0,-0.218638974,0.0330202237,0.0291734291,-0.371399674,-0.030946241,-0.083925912,-7771.794707,0.2179887911,14.879516141,0.004662437,0.0232872402,0.0614303274,0.0117108252,0.2626136361,0.0059356815,1.0,0.0104063429,2.3204149438,0.2023247568,4.0,17.106568573,7.2363645679,0.0,0.0423939116,0.0260842594,0.0377701509,0.255934175,6.9949882565,2.463163e-10,4.4233456e-09,1.5801377148,2.4968351976,0.0180080276,0.0583050761,-0.203878369,-0.182618162
91801,0.2580301595,-1.45860494,-0.767380544,0.1143489518,1.4495135602,0.4433028716,-2.280497953,-0.445469663,-0.185633412,0.0009531491,-0.224156779,-0.477587119,-1.033923945,0.1110288913,0.5572082991,13.0,0.0,0.65,-0.524995703,0.3269031738,-2.38561335,0.0363571321,0.0106601736,0.0040601361,-0.931301709,0.5621273508,0.0,22.379082177,-0.140807953,22.379082177,-0.140807953,0.4162374369,7.8978853115,-1.948013021,0.0,0.0,0.0,1.0,0.0,-0.373624184,3.0,-7.166052117,0.0827608404,0.5526680372,87.87348104,-6.776288156,-9.151018568,-3394.577512,0.0109914292,10.525484809,0.0006324805,0.0054786592,0.0209933086,0.4700038162,0.0290390484,-4.920340158,2.0,-0.018058691,0.4111323318,-0.069979875,2.0,11.183535428,1.4280239734,0.0,0.0352113172,0.020340896,0.0469386754,0.3645271865,1.2845516543,1.5463557e-07,3.4784259e-08,1.9591400523,3.8382297446,0.0547388966,0.0859295639,-0.25608137,0.0069773022
90925,0.733010581,0.1274495705,-8.803659476,0.0341445475,3.6920876623,0.9460409582,0.0414738609,3.725578346,0.2105460335,0.057649249,3.2203023758,-0.004122227,-0.08677686,0.138509244,0.0041222273,16.0,0.0,0.0795994095,0.2714403681,-5.127236911,0.0934655214,0.5523465704,0.8709542789,-0.001123911,0.5516536603,0.1687403627,0.0,59.253559061,0.2911578916,52.180412973,0.2911578916,2.727916983,1.8062678063,0.0747592014,0.0,0.0,0.0,0.0,0.0,0.4009661836,6.0,0.0564538078,-0.471848311,-0.446315453,-0.497709222,-0.14420173,0.2543436061,-1633.538254,0.0397241163,16.239583576,0.0016036885,0.0134812913,0.0830884015,0.0709513889,0.1036816737,0.0070897,1.0,0.01102779,0.1980951021,-0.001827786,5.0,16.924247775,1.7262870022,0.0,0.0274697617,0.0174129425,0.0295759223,0.3781462764,4.8396544345,1.789887e-10,1.1759442e-08,1.3042520833,1.7010734968,0.0049517713,0.0353329935,-0.222537328,0.045344153
91083,1.2763954877,0.0800026668,-9.050591747,0.0,8.841458114,0.4174910406,0.0244723371,0.0265160206,0.0362959004,0.1526915114,-0.029833019,-0.004108674,-0.512908497,0.1210367143,0.0041086737,16.0,-0.002562849,-0.028846154,0.1150019202,0.1445305302,0.1600167157,0.0458161866,-0.035070338,-0.00227985,0.7175197889,0.6508992132,0.0,1.0333284361,-0.042689163,1.0323343972,-0.039878515,0.4246885015,0.054565087,0.0101274412,0.0,0.0,0.0,0.0,0.0,0.4813896218,7.0,0.0098232474,0.0051629442,-0.067030707,0.3588445189,1.4868330633,-0.036017292,-8592.88696,0.0253456805,11.350806888,0.000474803,0.0019113649,0.0262801365,0.0065361656,0.09716017,-0.06438377,0.0,0.0102879246,-0.674295378,0.0096841259,3.0,9.8256557485,0.1537522307,0.0,0.0203389637,0.0067502267,0.0127255735,1.2944102167,1.0066659477,3.7980807e-07,1.2861145e-07,0.1227863113,0.0150764782,0.9452360816,0.0390432654,0.2192214578,0.0732063074
91408,0.9242932357,0.1285325994,-23.62571855,0.0356009758,9.6576660035,0.4995258092,0.0295894269,0.2440824279,0.0468534925,0.0,0.2570510027,0.0087064422,0.6464771323,0.0454392131,0.0087064422,13.0,0.0,0.064516129,0.2513547439,-0.042447333,0.0562481112,0.0591449256,-0.140379576,0.0001192566,0.1230250653,0.6561026686,0.0,1.0694896702,-0.001844778,1.0694896702,-0.001844778,1.3259261662,0.0547940247,0.0154349375,0.0,0.0,0.0,0.0,0.0,0.4842153718,5.0,0.096378882,0.0085717682,0.0494448996,-0.182873946,-1.449627041,-0.107931362,-6793.787042,0.0256085935,11.572996772,0.0004305548,0.0042112011,0.0480772883,0.0133056748,0.0409411744,-0.018300311,0.0,0.0070060486,0.6633677829,0.0041965381,2.0,10.839092579,0.2829445774,0.0,0.031598527,0.0146117141,0.0215510921,1.3815253856,0.4750195515,3.9095904e-07,2.2859122e-07,0.7588908434,0.5759153122,0.0466731938,0.0536898761,-0.265890756,0.0732063074
84185,2.7991601235,0.0730979979,-2.255173299,0.0,4.3965102838,5.9582445516,-0.004255299,0.0996284031,0.3198981672,0.0004729091,0.0808454918,-0.117386094,-11.33414634,0.9016014033,0.1173860943,15.0,-0.042507306,0.0444444444,-0.302131814,0.0151910309,0.0619460017,0.0716413464,-0.285316919,-0.068150402,0.1142797945,0.6951675057,0.0,1.3136688363,0.0692491816,1.0284754194,0.2222559246,2.1645468162,5.0174345501,0.0451345189,0.0,0.0,0.0,0.0,0.0,0.7803663186,7.0,-0.069462197,-0.253239184,0.0614227516,2.4103994514,0.0685147529,0.7904287952,-15539.39363,0.2179887911,9.8391921795,0.0038554979,-0.010039427,-0.023935695,0.3508247212,0.280042874,-0.088302047,0.0,-0.131468527,1.5134701614,-0.10438746,5.0,10.75123946,0.7171944672,0.0,0.0236220248,0.0294792643,0.0751024655,0.9590525554,1.6906564173,1.4861391e-06,8.5451998e-08,0.9832054625,0.9666929814,0.5766881475,0.1863683508,-0.739895199,-0.182618162
91041,-0.029449413,-0.10757695,4.6069076071,0.0,0.6523579387,0.1161802716,-0.22226281,-0.035197299,0.0417997534,0.0201441205,0.1532132009,-0.059352602,-0.37134949,-0.067628304,0.0593526022,16.0,0.0005466286,-0.6,-0.838830707,-0.325780995,-0.012253448,0.1826964841,0.1035381583,0.0175214783,-1.411733082,0.4030587419,0.0,0.9613332459,-0.05822404,0.9555385402,-0.060291197,0.730894398,3.7127770352,-0.129344021,0.0,0.0,1.0,1.0,0.0,0.2024279555,1.0,0.1197739539,-0.683308299,-0.592744465,-0.065944029,-0.238088138,-0.068404079,11672.733287,0.0633299066,16.975008889,0.0021427723,0.0034814795,-0.046707685,0.1228286696,0.3475572706,0.1596335417,5.0,0.0031822671,1.0383372886,0.1586427558,3.0,18.025019759,2.0653997708,0.0,0.0426435582,0.0248340822,0.0374028594,0.240409491,1.7483170066,1.128473e-10,1.5269403e-08,1.6643159556,2.7699475999,0.0671926305,0.0501934581,-0.198468591,0.0171249485
91080,0.221420059,-0.030361575,1.618541215,0.0367857707,1.6192942171,1.0866110883,0.0594027798,0.0029747646,0.3223056705,0.006834412,0.0450845215,-0.161150658,-9.755502495,0.2658308446,0.1611506579,15.0,-0.006568744,-0.073190789,-0.132935073,-0.063498433,-0.010442005,0.2043851708,0.1126033864,-0.086161824,-0.225306404,0.5948784166,0.0,6.2962987849,0.2693362852,5.4845176102,0.5634717919,3.7606551682,6.5365820931,0.1376511949,0.0,0.0,1.0,0.0,0.0,1.8686260036,3.0,-0.130884917,-0.034314308,-0.053505045,1.2585355806,-0.682308625,0.2783112544,-2608.115541,0.0624291911,14.064733267,0.0026763,0.0122665362,0.1028353752,0.0187505451,0.1145947612,-0.128948742,3.0,0.0057620282,0.4796605183,0.0111863022,4.0,14.520471214,1.2745699906,0.0,0.0436173305,0.0313816528,0.0456439388,0.340201748,2.7089229249,3.1819783e-09,1.682034e-08,1.6679492373,2.7820546583,-0.000930181,0.0488839485,-0.380481569,0.1631852225
91068,0.0520260919,0.0091623157,37.619329395,0.0,0.1020560349,0.1541268869,0.0770966827,0.1720587924,0.2028854736,0.0088632679,0.1581676642,-0.055572672,-0.865965269,0.0170965629,0.0555726719,15.0,6.29538e-05,0.0602409639,0.0712922831,-2.506379772,-0.164807325,0.0548165504,0.0216571022,0.1108724595,0.2002993418,0.5968725046,0.0,1.7273640566,0.0739083128,1.6952003104,0.0802026755,6.289002872,15.452870382,0.1609622743,0.0,0.0,1.0,0.0,0.0,0.6153499708,5.0,0.5197218615,-0.01427165,-5.435425787,-0.473590675,0.2065907248,-0.051661807,30607.48924,0.0823714328,17.523818456,0.0015737867,0.0323448284,0.0940290448,0.0068572483,0.1543014201,0.0353870121,2.0,0.0004236542,0.5900708497,-0.02642352,7.0,18.424834028,2.1759530792,0.0,0.0374459364,0.026210099,0.0343429062,0.3330915796,3.6186847947,5.644491e-11,1.3026585e-08,0.9531922616,0.9085754875,0.0264170311,0.0391710033,-0.374151106,-0.164654644
15273,0.2790752176,-0.130609857,1.8250387656,0.0,0.1498584015,0.3106726584,-0.698600646,0.6993474662,0.171022303,2.5020570085,-0.182110912,-0.279068649,-0.727900119,-0.035538926,0.2790686487,11.0,-0.043079809,-0.303370787,-0.366321244,0.2097012104,0.1569560927,0.3778026906,1.1576493604,-0.087751193,3.033755774,0.8451874678,0.0,3.0522189742,1.8207740951,2.9738905129,2.2496565823,0.963750985,7.170985436,-0.767663846,0.0,0.0,0.0,0.0,0.0,0.5393817363,4.0,-0.099200588,-0.683308299,-0.340952463,-0.12438708,0.1230720208,-0.053252905,-16244.86919,0.0642905452,10.939360423,0.0,-0.058293779,-0.083355914,0.1440021445,0.1176859605,-0.061666007,0.0,-0.009771987,0.1127329467,0.0946972976,1.0,14.796180031,15.013178318,0.0,0.0327868536,0.0281572694,0.0616982821,0.4577592129,12.34612603,1.5501974e-08,3.670438e-09,2.147020694,4.6096978604,-0.186422728,0.2094225615,-0.257440424,-0.091892872
89003,0.5621103424,0.0018014895,5.0290818859,0.0099537998,0.3917099556,0.1431158016,0.0183987441,0.0004295635,0.0917953368,0.0081300813,0.0001455604,-0.051107082,-27.11392405,0.05064694,0.0511070815,15.0,0.0,0.1272727273,0.2147488629,0.1956684031,0.0708460569,2.2480733409,0.5898179858,0.0010142472,-0.002831715,0.0949384557,0.0,0.8007442764,-0.043565684,0.8007442764,-0.043565684,3.1146401985,2.8314910896,0.1061640346,0.0,0.0,0.0,0.0,0.0,0.1487459547,6.0,-2.955705083,0.0483847338,-0.087551704,0.4842411478,-27.93534632,0.0530398864,73106.906656,0.03476008,17.91904575,-0.000961596,0.0019200856,0.0032650025,0.0041698649,0.0494062921,0.0015152382,0.0,0.0004109139,1.4359857733,0.0406046873,4.0,18.29879497,1.3684610653,0.0,0.0500809886,0.0236974462,0.0270033845,0.1938825503,1.1658339588,4.24228e-11,1.855306e-08,0.7501593831,0.5627391,0.0816980634,0.0342626293,0.1741592445,-0.054879185
13976,0.3849857347,0.0337872185,-1.519516966,0.0,1.0872044032,1.2764994607,-0.03381459,0.1308866706,0.1777647289,0.0824004342,0.0436356521,0.0523758347,2.1500754148,-0.038857849,0.0523758347,10.0,0.0638209926,-0.050314465,-0.082018581,-0.201641894,-0.170122394,0.1963180811,-0.267502056,0.1539635937,0.4804036841,0.577546342,0.0,1.5958941706,0.3612566253,0.4204998719,0.4290599877,19.998802395,5.6941350307,0.0932592876,0.0,0.0,1.0,0.0,0.0,0.7437781697,3.0,-1.284153138,0.0079944404,-0.053653669,-0.034435739,3.6588136892,0.0386962221,-17673.98613,0.0629453635,10.143471335,0.0,-0.001173333,-0.004254222,0.0201611376,0.0129295043,-0.021242823,0.0,-0.093457944,-0.755730927,-0.008570051,2.0,10.176251361,0.8123811296,0.0,0.0298655089,0.0170395693,0.0375775538,0.5961251778,2.0023464511,3.3439548e-07,5.4881092e-08,1.3312358379,1.7721888562,0.1051661876,0.0830904869,-0.028263295,-0.107827317
91176,1.1585518776,0.0614575608,-13.71518325,0.013753118,8.0937908717,0.3684756961,0.0204096545,0.1233177653,0.0348667227,-0.015870278,0.1368239244,-0.001611325,-0.229267222,0.0755477651,0.0016113252,15.0,-0.001111737,0.0172413793,0.0212638738,-0.092001181,0.0095656683,0.087327165,0.1000632118,-0.002116657,0.0372283921,0.6163146838,0.0,1.0123460757,-0.024784549,1.0122425521,-0.023368396,0.6359045957,0.0521384431,0.0095683348,0.0,0.0,0.0,0.0,0.0,0.2571100917,5.0,0.051422406,0.0016586907,0.0021701499,0.0513846963,-1.083540472,-0.07782281,-6801.445642,0.0256085935,11.343983623,0.0001948253,0.0023787385,0.0195617972,0.0057493835,0.0859711155,-0.045331182,1.0,0.0055213287,0.1373502567,0.0106949052,4.0,8.9683388209,0.0562459887,0.0,0.0243389979,0.0114152116,0.0097009903,1.5923349656,0.3982057506,2.3959196e-06,4.062877e-07,0.3613989828,0.1306092248,0.7160922306,0.0383035636,-0.003891041,0.0732063074
91095,0.1879886247,0.0709390249,4.4456702873,0.0,0.1678635454,0.3585742215,0.189143734,0.2997548745,0.5196456361,-0.008916324,0.4213914335,-0.06398797,-0.283970245,0.0910835971,0.0639879702,16.0,0.0303443091,0.0696864111,0.250514713,0.3674226617,0.2573210748,0.2239971715,0.0115128235,0.0690216341,0.2074855789,0.5259613814,0.0,1.2076429154,-0.050985398,1.0934388539,-0.086580617,2.4218836695,39.828487473,0.56400818,0.0,0.0,0.0,0.0,0.0,0.9138308814,5.0,0.1611522695,0.1211364033,-11.08010196,-0.404760492,-13.34794615,0.1100157686,-17701.81827,0.2540693609,13.147705306,-0.03706938,0.1373975999,0.2810202383,0.0201014093,0.4160601934,0.0245362748,3.0,0.0069412309,0.6390849099,-0.101592762,5.0,13.466780703,1.1745090323,0.0,0.0280596614,0.0292776566,0.0409479959,0.2481236205,1.2455198095,9.1767106e-09,2.5986004e-08,0.6953512737,0.4835133938,0.4946558296,0.0956801034,-0.578375923,-0.215279818
93175,0.6823172936,-0.254701473,-7.471302197,0.0,2.045671611,1.764774279,0.0345041252,-0.131136127,0.1406087096,0.0038423987,-0.113072375,-0.142417777,-1.670787493,0.1708505623,0.1424177769,12.0,-0.004390043,-0.069958848,-0.133718237,-0.196541418,0.0610771621,0.1227393364,-0.088774607,0.0343403174,-0.195730082,0.3889591927,0.0,1.4925176697,-0.158165627,0.6773258029,-0.129764228,18.197110627,8.6717371767,-0.051663955,0.0,0.0,1.0,0.0,1.0,0.4487752231,4.0,1.2441575677,-0.022867987,-0.247963406,0.4384653549,5.68920741,0.2575979252,-4860.699951,0.0232852488,14.212549969,0.0138682518,0.020917904,0.0782525409,0.1045844935,0.0345670061,-0.01019584,4.0,0.0041630149,-0.820649912,-0.001312488,5.0,15.061044511,1.9901851277,0.0,0.0104986774,0.0025322161,0.0046957007,0.3706803716,3.454701731,1.476759e-10,1.3650975e-08,1.9355406861,3.7463177476,-0.015274549,0.0859885702,-0.036883456,-0.279230938
91186,0.6287274105,0.032370863,0.5409698828,0.0,0.1112319279,0.3442350055,0.1377709632,0.1027559804,0.4675781605,0.0245564893,0.1014655989,-0.055914055,-1.218579937,0.0718173472,0.0559140546,15.0,0.0002752644,0.0281690141,0.0923464267,-0.046804785,0.0159554249,0.1962315862,0.0207842262,0.0022883816,0.1029845843,0.7456682932,0.0,6.2051838146,0.0426487646,6.1857710507,0.0427435619,0.6747417733,8.2623518445,0.3425124025,0.0,0.0,0.0,0.0,0.0,0.550414289,6.0,1.0023298047,-0.052312271,-0.149835544,0.3848754718,6.7051791891,0.1585647101,-5025.524521,0.0232852488,13.236371839,0.0009633557,0.0136898942,0.0161485391,0.0102497532,0.7002261253,-0.005352139,0.0,-0.001166861,1.2772149467,-0.045833942,6.0,14.039597749,2.1612615802,0.0,0.0459769666,0.0242432305,0.0375900697,0.2252794351,1.9790412935,3.5504857e-09,1.2622464e-08,0.6760654646,0.4570645124,0.1424802607,0.0589046518,-0.451886113,-0.24467985
91234,0.2890508703,0.029283611,5.9629674725,0.0144754213,0.3423769915,0.4621319858,0.1054629988,0.088172043,0.3016487455,-0.000695916,0.0912103937,-0.059251631,-1.225852273,0.0651809921,0.0592516306,16.0,0.0152420185,0.0967741935,0.1523700861,0.0029861025,-0.062214646,0.1929146538,-0.067467919,0.0581362007,0.0845949742,0.4313154809,0.0,2.9700136302,-0.20792823,2.1308496138,-0.211173417,4.8835164835,4.9620366235,0.1652085711,0.0,0.0,1.0,0.0,0.0,0.6160449508,5.0,-0.048026753,-0.020259087,-0.004388372,-0.23950555,-0.479647557,0.0307618951,-1351.558065,0.0495151733,14.450595348,-0.002078853,0.0123939108,0.0269320843,0.0126035996,0.1498682477,0.0130066428,1.0,-0.004599212,1.8820517692,-0.069804843,6.0,14.957879825,1.4253590193,0.0,0.0330911912,0.0156324914,0.0245741805,0.3382355782,2.4028107139,1.098838e-09,1.5992039e-08,1.1447410768,1.3104321328,0.0328845026,0.0302528414,-0.41132565,-0.010696088
91627,-0.674497254,-0.099949694,-3.671265455,0.1143489518,16.038450846,2.9089663481,0.0602214353,-0.050396456,0.083387542,0.0,-0.049933833,-0.017124847,-3.144039735,0.2142961159,0.0171248473,15.0,0.0,-0.058823529,-0.126899772,-1.30758513,-0.069950622,0.0382041161,-0.099658553,-0.034327256,0.0126085241,0.4399748669,0.0,2.5265957447,0.4528023721,2.5265957447,0.4528023721,3.1961818182,8.370952381,0.0230224796,0.0,0.0,1.0,0.0,0.0,-0.132379637,4.0,-0.012815923,0.1016207366,-0.156155492,79.123201946,-4.878257278,-9.047751343,-3482.050672,0.0109914292,8.6644262885,0.0,-0.000363932,-0.003631961,0.137992512,0.0690592764,0.0447835434,1.0,0.0022820467,-0.276374788,0.0152319405,2.0,10.701399838,22.071961223,0.0,0.1942028552,0.0618941484,0.075258189,1.0057008402,41.729714606,3.8418559e-07,3.9252514e-09,1.1598338243,1.3452145,-0.177675105,0.2186358704,-0.408260661,0.0069773022
91348,0.1089460146,-0.066261791,8.9918069874,0.0,0.0903745273,0.1215123854,-0.420777021,0.5370760468,0.663508838,0.3371986971,0.0489319859,-0.151132613,-0.412461706,-0.03893134,0.1511326133,15.0,0.0517057038,0.3039647577,0.2771297839,-0.246275789,0.0577424845,0.2892963775,-0.176089414,0.1888342316,1.9767825629,0.6537205261,0.0,3.1581835643,0.0610083264,2.3693064892,0.173623314,1.3442305016,5.8879404951,-0.646649624,0.0,0.0,1.0,0.0,0.0,2.3008411451,5.0,51.878455644,0.0316625147,0.2230589876,0.30634556,-0.1968277,4.0745670435,-6330.477771,0.0357482652,13.914527667,0.0003232543,-0.09756999,-0.181475812,0.017977036,0.3742936058,-0.268732143,0.0,-0.009844135,0.2858994229,0.0347501319,3.0,14.053188373,1.1770752464,0.0,0.1208695918,0.0390869534,0.0544912567,0.6468962193,8.4329824281,3.4560409e-09,1.3677867e-08,2.1998005352,4.8391223946,0.0601523207,0.0838418731,0.1913952853,-0.145662284
91237,0.1880413138,-0.011296692,54.482734807,0.0,0.2474035383,0.3893053597,0.0237196897,0.0228152708,0.5088378398,0.0252214339,-0.005736938,-0.087006292,-3.316359218,0.026167196,0.0870062915,15.0,-0.001068633,-0.029151943,0.0492606861,-0.093068879,-0.025451303,1.4588275828,0.6780508615,-0.023175057,0.0629772406,0.113798573,0.0,0.8547133062,0.2440131219,0.8547133062,0.2547065613,28.969172199,10.729931903,0.0662664236,0.0,0.0,1.0,1.0,1.0,1.1678634788,5.0,-2.952090208,0.0884241032,-0.243976375,0.1101721192,-28.72891388,0.0285601424,-11392.75309,0.03476008,15.44879349,0.0088398849,-0.001453892,-0.003287723,0.0102497993,0.034432822,-0.015215573,0.0,0.0,1.7743450406,0.0966832517,6.0,16.747658837,3.3607527678,0.0,0.0090180514,0.0037167414,0.0062766773,0.5033410199,5.8895277115,5.900725e-11,9.348593e-09,1.2143016787,1.4745285668,0.1269519654,0.0553699792,0.048545341,-0.054879185
91215,0.8490624894,-0.512794272,-3.176684863,0.0582797437,4.2246488618,6.1584230503,-0.121992273,-0.125735787,-0.013938971,0.0042330203,-0.033198224,-0.049443363,-0.534703947,-0.238601151,0.0494433629,15.0,-0.033306972,-0.073938123,-0.214708223,0.0831419126,-0.887113745,0.0980699827,0.3068825914,-0.009107364,-0.395847086,0.4940294257,0.0,1.2082282472,-0.039427352,0.8258722152,-0.035171897,9.2721269841,10.852853746,-0.070264966,0.0,0.0,1.0,0.0,0.0,-0.136109944,1.0,32.641485221,-0.022297537,-0.043363451,-0.185107296,-0.56187328,-0.373533308,-23820.5596,0.0799518023,14.575085849,0.0030804598,0.0017382594,0.0141486811,0.4700038162,0.1227445359,-0.002691931,3.0,0.0267111853,0.3245529441,-0.009382274,2.0,15.828334229,3.872019224,0.0,0.0719455332,0.03421882,0.0515975837,0.215914036,3.4540509496,9.914549e-10,6.4295723e-09,1.1254869485,1.2667208712,0.1601505829,0.0951522049,0.4245782784,0.2073588198
91359,0.2428562574,0.0154211538,13.131979695,0.0,0.1845188189,0.2697348031,0.0673838597,0.5140539041,0.488488743,0.0290556901,1.9682498032,0.0172025413,0.3958112968,0.0093172869,0.0172025413,15.0,0.1223118156,0.595505618,0.1725140394,-0.313713839,0.0045495676,0.2002292186,-0.538264862,0.1576556793,0.1033511687,0.4510394421,0.0,2.5085258434,-0.264310784,1.7241814858,-0.385493094,5.3807757386,2.5840235022,0.203583945,0.0,1.0,1.0,0.0,0.0,0.6257244068,3.0,51.903504234,0.0076391882,0.5145998479,0.4402558028,-0.712986276,4.1228156703,-7216.100851,0.0357482652,12.09308713,0.0119937841,-0.002659924,-0.004416882,0.0163977618,0.1137791966,-0.342582525,1.0,-0.004210526,1.7263773586,-0.135845274,3.0,12.679406759,0.8889025957,0.0,0.0224359538,0.0236027642,0.0452636417,0.2526313821,1.3110249675,2.4591848e-08,2.4032757e-08,1.5211369387,2.3138575863,0.0095624082,0.0590754676,-0.292171398,-0.145662284
91366,0.209222678,-0.051732847,-6.863814559,0.1143489518,0.9128029371,1.4099158652,-0.206265779,-0.093544828,0.3180539187,-0.01183153,-0.221571351,-0.019990575,-0.94729957,-0.002726343,0.0199905746,15.0,0.0,-0.036769138,-0.055316778,0.2181903501,0.121239284,0.9222390318,-0.036423801,-0.123133774,-0.431076409,0.1920923267,0.0,0.9700047954,0.0412734739,0.9700047954,0.0412734739,8.6623503905,6.0956341825,0.1482106473,0.0,0.0,1.0,0.0,1.0,2.2179633792,6.0,-2.637381381,0.1659909247,-0.251593569,0.1313534834,-28.93701299,-0.000333397,-14391.42284,0.03476008,11.634891008,0.0035340792,-0.017487977,-0.046480036,0.0052888859,0.0538410928,-0.000634951,0.0,0.0583333333,1.791079792,0.0717760958,3.0,12.666001991,1.2089897057,0.0,0.0775862038,0.0373417656,0.0589798917,0.5452517998,1.1205401508,1.3441945e-07,5.0165513e-08,0.9012385582,0.8122309387,0.0683462167,0.1112921508,-0.305570742,-0.054879185
13956,-0.674497254,-0.058640208,2.3439367243,0.0,1.5876438577,0.3257134514,0.3143851118,-0.445469663,0.1525858237,-0.025509684,-0.185231688,0.0891050518,1.7324903725,-0.160233802,0.0891050518,8.0,-0.094297056,-0.6,-0.677265037,-0.048778525,0.1370095486,0.1457662348,-0.234831853,-0.340318584,0.6072451052,0.7919529638,0.0,1.1691054127,-0.304736939,1.1049379757,-0.092717002,0.6188037718,6.3838579882,-0.023490144,0.0,0.0,1.0,1.0,0.0,-0.147093184,2.0,0.5721961035,-0.341034658,-0.902722976,3.7348471342,-0.929965578,-1.91237428,-16015.59308,0.0456208962,14.539165994,0.0001990949,0.0560454044,-0.034177404,0.0108570148,0.3006689906,0.4804027739,1.0,0.0046242775,-0.488416544,-0.050010088,2.0,15.473008759,2.8770706475,0.0,0.1009086892,0.0448302264,0.0591955218,0.9587582577,46.735222249,1.0779941e-09,4.1434707e-09,0.7778326627,0.6050236512,-0.528481486,0.1405390489,-0.428234337,-0.071440083
13921,1.5607561387,0.2300116465,-18.92723068,0.0243599506,17.182530749,1.1190865183,0.0209252709,0.6005295504,0.0384219142,0.0117433066,0.6547851618,-2.984e-05,-0.0033716,0.2307871538,2.98398e-05,9.0,-0.02719349,-0.042675894,0.1842578262,-0.457347825,0.1409522654,0.2292739695,0.2453487801,-0.034584653,0.0769653452,0.6490681727,0.0,1.4484163428,0.2272756419,1.4414186862,0.2824711575,0.9303155387,0.0413247777,0.0117390793,0.0,0.0,0.0,0.0,0.0,0.5299117468,6.0,0.097262158,-0.002160353,-0.057747123,0.4535889574,-1.001765315,0.077416579,-6299.213742,0.0256085935,14.142354534,0.0012911951,0.0059099242,0.092779491,0.0742406997,0.0550556436,-0.001465309,1.0,0.0348675035,0.2981223877,0.0764520008,2.0,15.622741325,2.4964575564,0.0,0.0593674593,0.0305127563,0.0450273907,0.2939548372,3.5594221163,1.5279087e-09,9.4054987e-09,1.5777518031,2.4893007521,0.0208657216,0.0532223277,-0.754288839,0.0732063074
13534,0.854300946,0.0337718176,-32.24436518,0.0108112906,6.7397215177,0.3416048971,0.0267458952,-0.053219682,0.0403663643,-0.022619118,-0.056231708,0.0035650545,0.8241786284,0.0059378073,0.0035650545,9.0,0.0044740482,-0.025423729,-0.048215336,-0.032437424,0.2415039908,0.1304375534,0.1671624691,0.0079393433,-0.028765771,0.5995598857,0.0,0.97533345,-0.09307173,0.9436211509,-0.099254347,1.7402098516,0.0587716135,0.0080427852,0.0,0.0,0.0,0.0,0.0,0.3680911569,5.0,-0.143247524,0.0022156789,-0.063608282,-0.063250023,0.1259072531,-0.151116199,-8205.24001,0.0253456805,12.975915441,0.0004167082,0.0029866177,0.0265485387,0.0012469925,0.0224245697,-0.146216364,1.0,0.0064331665,-0.1356219,0.0289638781,2.0,12.501326515,0.6592031889,0.0,0.0202609282,0.0168876047,0.0230196937,0.3535798872,1.5434555452,8.2723365e-09,2.9766822e-08,1.1024232778,1.2153370834,-0.015710257,0.0379374611,-0.221339302,0.0732063074
13188,0.3945277119,0.0239818296,1.908512497,0.0,1.3459028619,0.8957867939,0.0623486522,0.0220636058,0.1678645229,-0.049698795,0.0040567951,-0.034322148,-2.528494301,0.0846197492,0.0343221478,10.0,-0.000399,0.0524509804,0.0926527103,-0.161649826,-0.071621163,0.1981064848,0.015436321,0.0217589963,-0.039271326,0.2091464957,0.0,1.9882767823,-0.15317034,1.421654594,-0.179542622,7.554841058,11.241559848,0.0595398753,0.0,0.0,1.0,0.0,1.0,0.6256787528,6.0,0.1008128348,0.0029823873,-0.020052133,0.3235658452,-0.925886714,0.0789137848,-8643.561396,0.0431411127,15.341950562,-0.001646538,0.0006607018,0.002928826,-0.007969966,0.0663890388,-0.031364475,1.0,-0.004901961,0.4146053106,-0.047709269,2.0,16.27819255,1.9092929459,0.0,0.0252671093,0.0157356485,0.0242138259,0.2553617019,2.1424889249,4.143672e-10,1.5034785e-08,0.6378292311,0.406826128,0.2002896962,0.0325895665,0.182748154,-0.010149049
13407,0.1648478365,0.0374515164,10.113623925,0.0,0.0398672459,0.1104617996,0.3311539214,0.1944877639,0.5708298345,-0.001051893,-0.040096529,-0.0656048,-0.329410554,0.0497884412,0.0656047996,9.0,0.0,0.3039918117,0.2159639023,0.0250624524,-0.020170031,0.1248067514,-0.026607323,0.1121116243,0.2695192669,0.6258904316,0.0,5.0510646819,0.1481113878,5.0510646819,0.1481113878,1.3821850631,7.58403176,1.1368314706,0.0,0.0,1.0,0.0,0.0,0.7534090684,7.0,-2.861876073,0.0652931176,0.0891673805,0.086978642,-28.24948551,0.0521813876,214588.83666,0.03476008,19.277947544,0.0074093296,0.0538834411,0.0665065436,0.007954289,0.3436035027,-0.000673021,0.0,0.0001178585,1.1993798191,-0.07713175,8.0,19.733784695,3.6685112848,0.0,0.1759359837,0.0510108402,0.042310746,0.454782522,9.1887205678,4.044339e-12,7.4969086e-09,0.7769856227,0.6037066579,-0.012501535,0.0422304228,-0.375798263,-0.054879185
13641,1.1493232559,-0.590344911,-40.21797037,0.0308437899,1.0213738054,0.3676422923,-0.332464699,-0.251243041,-0.173260805,-0.005748355,-0.093913043,-0.322478736,-1.468895284,0.276809945,0.3224787363,9.0,-0.000194411,0.0280898876,-0.290363269,0.0203622826,-2.519223948,0.0808560503,0.2150651304,-0.184820025,-0.336251793,0.5172254952,0.0,0.4870550162,-0.292116818,0.4603559871,-0.301166332,26.046296296,6.4370709382,-0.390024331,0.0,0.0,1.0,0.0,0.0,-0.330741943,2.0,7.5117337914,0.163409523,0.1162255983,8.7622241683,-4.05890952,-2.976081081,5893.3051084,0.0340789314,16.924792117,0.0264925373,0.029057533,0.0593995973,0.0695276863,0.0209814921,-0.650175701,5.0,0.0028520123,0.1610754037,0.0499851741,5.0,18.370146208,3.0470046706,0.0,0.036801815,0.0262876046,0.0415910708,0.1792821431,2.0534023801,8.103089e-11,1.027582e-08,1.7967277442,3.2282305867,0.0772933438,0.0763619352,-0.137430314,0.818494895
13356,0.6213107681,-0.130094306,-3.344169554,0.0515468004,1.0865083691,2.0988220737,-0.057864218,-0.068102861,0.023756812,-0.009421213,0.0522011981,-0.107298067,-1.531069182,0.0690890767,0.1072980668,9.0,0.0020627463,-0.013793103,-0.402300243,-0.168692723,-0.375601365,0.0568459903,0.0459828917,0.0369209809,-0.237896427,0.4137834835,0.0,1.3948308468,0.1284612742,0.985816348,0.0811580364,25.508750994,9.8327200245,-0.079012803,0.0,0.0,1.0,0.0,0.0,0.0329586511,3.0,32.666943831,-0.445340617,0.0167815682,-0.412859017,-0.460236006,-0.06584308,-1974.639901,0.0799518023,17.546947038,0.0107588291,0.0070554785,0.0221499807,0.4665558436,0.0513588739,-0.053430237,2.0,0.0251320862,0.4213864301,0.011507113,2.0,18.591320153,1.9632844578,0.0,0.0520217903,0.0242468415,0.0363194697,0.3150100653,2.8216330547,5.326539e-11,1.2964938e-08,1.204244778,1.4502054854,-0.000760033,0.0460784274,0.2425346919,0.2073588198
13621,-0.014469378,-0.14587302,2.6470951398,0.0,0.6082706781,0.547336871,-0.220156218,0.0396543283,0.8213362849,0.0225237864,0.1505182991,-0.253662405,-1.012884407,0.0018794874,0.2536624054,9.0,0.0011854944,-0.007434944,-0.173180048,-0.057143227,-0.023739763,0.3812549643,0.7335980937,-0.0100679,-1.340777644,0.5425233724,0.0,1.2790599974,-0.301330321,1.2488293729,-0.304587167,2.2018016608,8.8129820303,-0.225806383,0.0,0.0,1.0,0.0,0.0,9.1062751267,4.0,1.4280587531,-0.145872817,-0.185439503,-0.258321317,5.0939750738,0.0886268503,-5335.168261,0.0232852488,11.572479163,0.000141386,-0.171816706,-0.83573841,-0.015741758,0.4259767463,-0.004830152,0.0,-0.095577746,4.1707347189,-0.242631495,4.0,12.836037225,1.9076705282,0.0,0.0671141073,0.0392580999,0.0627068868,0.3285179107,2.1559057075,3.7249249e-08,1.4719982e-08,1.1718406484,1.3732105052,-0.147396053,0.1063867293,-0.054496298,-0.24467985
13559,0.8701043984,-0.289944984,-4.074000656,0.0,1.7461573429,3.232050252,0.1168987594,-0.091055072,0.1285644334,0.0160296846,-0.011730618,-0.262528338,-2.487525913,0.4313006772,0.2625283385,9.0,0.0,-0.214241486,0.0365946075,-0.094783344,-4.512840713,0.2314108252,-0.305903074,-0.009843597,-0.217156177,0.4242317412,0.0,0.7061078589,-0.629167887,0.7061078589,-0.629167887,8.5230104941,4.8069358816,-0.103519889,0.0,0.0,0.0,0.0,0.0,0.1981724942,6.0,-2.85087585,0.1795915301,-0.429065917,0.7922352039,-28.4694567,0.4336936236,-14550.04626,0.03476008,12.028737181,0.0135131784,-0.01476353,-0.039443913,-0.027924449,0.3546200783,0.0221977013,0.0,0.0126262626,0.6343012553,0.113238709,3.0,12.414089084,0.820965037,0.0,0.0257235263,0.0233768047,0.0550222301,0.5206830967,1.0245850768,6.0073902e-08,5.0428525e-08,1.312700674,1.7231830596,-0.191206665,0.140789192,-0.672536078,-0.054879185
13543,0.2316187313,0.0157280549,11.31083744,0.0,0.0266305947,0.1213286005,0.1009176655,0.0962144853,0.4037799667,-0.001111946,0.3360694311,-0.06010035,-0.943520555,0.030567798,0.0601003499,9.0,0.0204504848,0.1,0.0046780617,0.0928669993,-0.04455899,0.283701832,0.0884651657,0.0553862502,0.0740453149,0.4623714359,0.0,6.8031409365,0.1024372185,4.906053381,0.1127855312,1.8489950579,5.3277650236,1.0908316354,0.0,0.0,0.0,0.0,1.0,0.4411003015,4.0,51.854107516,0.0542361091,0.0190942299,0.4290182768,-1.072006596,4.1440661814,-1019.280771,0.0357482652,15.471804624,-0.001085138,0.0257953582,0.0287999619,0.0017524101,0.2895432691,0.0232785401,1.0,0.0006525711,0.5398447705,0.0041196621,6.0,16.085367641,1.9645771069,0.0,0.0331386551,0.0361860679,0.0254824348,0.5256262507,12.976637901,2.894002e-10,7.5666418e-09,0.8569284444,0.7343263587,0.1614995891,0.0418975247,-0.217134852,-0.145662284
13447,0.0262942739,0.0010993019,32.684009136,0.0,0.0545516009,0.0419253297,0.0326888638,0.4470997587,0.6298842826,0.0336903109,0.509973709,-0.226374551,-14.07640313,0.0165735186,0.2263745508,9.0,0.0,0.2627519043,0.3060442944,0.0979143514,0.0222702907,0.243298299,0.0460374081,0.0694035464,0.3320298824,0.5073533415,0.0,1.2099726422,0.178249447,1.2099726422,0.178249447,1.460408082,4.4204007179,0.0796931785,0.0,0.0,0.0,1.0,0.0,1.7672896006,5.0,-3.094336324,0.0051128301,0.0479274732,-0.051574921,-27.66733513,0.018966465,93200.119576,0.03476008,18.378189933,-0.000983069,0.0068575161,0.0192366412,0.0029155457,0.3204262503,0.0530618412,1.0,0.0002892635,0.5319668906,-0.000773795,7.0,19.076275646,1.5850360837,0.0,0.0809152648,0.0349305328,0.0431589863,0.2793027176,3.065056523,3.548876e-11,1.318673e-08,0.719305882,0.5174009519,0.0538141249,0.0422853622,-0.692772145,-0.054879185
13548,0.0024294272,-0.093024495,5.0698094341,0.0122942495,1.9641435072,1.8582984355,-0.005606359,-0.064179333,0.1056758974,0.0104662664,-0.018754967,-0.085570952,-1.874832246,0.081380828,0.0855709518,9.0,-0.007170022,-0.180851064,-0.234050967,0.0326095575,-0.201167895,0.0874799876,0.023487541,-0.058922259,-0.9756666,0.3928168723,0.0,0.4037516749,-0.03686676,0.2909860531,0.045756999,28.716768712,30.63847202,0.006368572,0.0,0.0,1.0,1.0,0.0,1.8505007573,2.0,0.4413530798,-0.032794802,-5.676517815,-0.52318734,-0.369041859,0.0126224583,-6515.61395,0.0823714328,14.483636784,0.0030650927,0.0010622921,0.0235766189,0.1086442273,0.025036957,0.015636196,0.0,-0.0004,4.3371175619,-0.000736989,4.0,16.102866904,4.33948119,0.0,0.0303321686,0.0208521638,0.0407595375,0.2730449776,6.0202497288,4.592851e-10,5.7169025e-09,2.337455315,5.4636973496,0.0242759886,0.0620392769,0.3394267319,-0.164654644
13337,2.7991601235,-1.45860494,-3.775482246,0.0,7.2816586326,7.7150143468,-0.239628062,-0.23282043,0.0344647443,-0.85100486,-0.282314328,-0.098317839,-1.040076789,0.0584562023,0.0983178393,9.0,-0.099557522,-0.391304348,-0.464235944,0.0063511562,-0.40600129,0.3512686999,0.130429678,-0.189280662,-0.164190528,0.4578986747,0.0,3.9235996606,0.1598451356,1.8403957289,0.4657017524,3.9845121562,6.2274555552,-0.079279712,0.0,0.0,1.0,0.0,0.0,0.0199798782,5.0,0.5114066762,-0.027108045,-0.392207486,5.6591451016,-0.920457504,0.0062317759,-8563.214565,0.0376507894,11.702592686,-0.000181814,-0.014408806,-0.03203395,0.2922108127,0.0625577369,-0.015318389,3.0,-0.030168589,-0.328618266,-0.023246379,1.0,12.504870813,1.3299539708,0.0,0.0617547184,0.0337742192,0.065747885,0.373956235,1.7245107988,5.7562872e-08,2.3205902e-08,2.0828097019,4.3380962545,0.3401254884,0.1114939948,-0.299479946,-0.028114825
13622,1.1638532094,-0.237655789,-3.489874111,0.0,3.4110207221,4.1068240589,0.0424535664,-0.080737107,0.1618719342,0.0096278289,-0.051404443,-0.153070388,-3.077777778,0.4937959164,0.1530703875,11.0,0.0,-0.07044335,0.1112897463,-2.268457089,0.0017458052,0.2425032595,0.1809478256,0.0110035795,-0.157265774,0.1621358523,0.0,0.9209756098,-0.128457433,0.9209756098,-0.128457433,11.894837476,23.299625468,-0.032786885,0.0,1.0,1.0,0.0,0.0,0.4660611855,4.0,-0.433156665,0.2525826046,-0.123121459,17.298395018,-0.006322836,0.4146369602,-556.6230409,0.1000073361,14.073691689,0.0017026107,0.0153908465,0.0569430569,0.1354577252,0.0981509801,-0.002159574,0.0,-0.010832383,0.8498081434,-0.122629093,4.0,15.198620594,2.3722247612,0.0,0.034105517,0.0338859804,0.0547860515,0.3818565358,6.6584674368,1.2501773e-09,8.0043813e-09,2.3827815493,5.6776479119,0.0519707246,0.0774391832,-0.369520276,0.1750913885
91363,0.4042649724,0.0375887577,5.8288143939,0.0,0.4811399317,0.735493192,0.1054997864,0.1514934439,0.3950709469,0.0084437228,0.1754980303,-0.030612707,-0.673649907,0.0629104208,0.0306127075,15.0,0.0165883056,0.1666666667,0.184796149,-0.36111041,0.0458061134,0.2465951348,0.0975727078,0.0487573328,0.1241715869,0.2947471852,0.0,3.3342764932,-0.199336893,2.6676135108,-0.211393846,8.7980562201,7.2603667114,0.1646065965,0.0,0.0,1.0,0.0,0.0,0.7801519182,6.0,-0.111833375,0.1061572564,-0.139859542,-0.218754716,-13.64260234,-0.033713015,-1878.856415,0.0553124103,13.877943452,-0.007631111,-0.004543889,-0.011151754,0.0548029087,0.0845835155,-0.096815264,0.0,0.0005235602,0.8293989783,-0.015220398,6.0,14.135703739,1.0713185022,0.0,0.036496371,0.0192177564,0.0344034537,0.2918779009,1.5393284219,3.0342266e-09,2.2492303e-08,1.649670427,2.7214125178,0.0590215115,0.0423119408,0.02145635,-0.010696088
91463,0.1314283865,-0.010324577,5.3100164385,0.0,0.1701547219,0.2413110485,0.0917354459,0.0699309885,0.7281581775,0.0102366825,0.1776823063,-0.177114865,-5.004490534,0.0413446699,0.1771148647,15.0,0.0,0.0544808527,0.0783845219,-0.201471251,0.0302385564,0.1188855695,-0.097626133,0.010709096,-0.043383895,0.6671290616,0.0,1.6280727327,0.0413166966,1.6280727327,0.0413166966,1.8212603559,3.8456778967,-0.031964008,0.0,0.0,0.0,0.0,1.0,1.4939136304,5.0,-2.973824166,0.1132829075,-0.160343578,0.053559192,-26.69773939,0.0437376163,-11600.20434,0.03476008,14.814365493,0.0015915904,0.0020622168,0.0048824103,0.0019610104,0.3793593877,-0.021822571,0.0,-0.00119506,2.7625291279,-0.20163639,5.0,15.363673215,1.1485101899,0.0,0.0309813432,0.0188124849,0.0232044769,0.2203758961,0.8957502661,1.540661e-09,3.0509034e-08,1.0962971952,1.2018675403,0.160335644,0.0417555075,0.1071051731,-0.054879185
13967,0.1132772063,-0.102977996,2.8243080143,0.0,0.4057205208,0.0894890446,-0.388423071,0.3599596498,0.2268912945,0.125645828,0.676907714,-0.127393099,-0.557077323,-0.04561129,0.1273930993,8.0,-0.000306885,0.3168077388,0.2403609356,-0.018758946,-0.010422195,0.3678081207,-0.599310857,0.0545941512,-0.189033029,0.5556978918,0.0,4.4413935594,0.3442259314,4.373976411,0.3574135681,0.3450061161,5.4450371091,-0.286434028,0.0,0.0,1.0,1.0,0.0,0.52507866,2.0,1.0857017062,-0.008438194,0.1388031802,-0.130574732,6.2406607065,0.0411360731,-1491.561081,0.0232852488,14.74022528,-0.010235395,-0.064907958,-0.67975399,0.0077354737,0.4323878794,-0.016869529,0.0,-0.004568664,0.0865232895,0.0593159124,7.0,15.219574862,1.6110768454,0.0,0.1109621897,0.0384681825,0.049405023,0.3409133997,3.5220895904,1.0269193e-09,1.2722091e-08,0.739170043,0.5463723525,-0.027159658,0.0531201252,0.0110450187,-0.24467985
93035,0.2843126186,0.0694360541,0.5880568259,0.0,1.6097290487,1.4830414606,0.06717631,0.0429289695,0.1118949284,0.0038934548,0.1043908524,-0.102573227,-2.969470453,0.2756243651,0.1025732266,12.0,0.0,-0.006012024,0.0142633136,-0.170653726,-0.003904361,0.1040975645,-0.019437141,0.0121240474,0.3755103947,0.2984831803,0.0,1.1082019458,-0.164704404,1.1082019458,-0.164704404,9.5860108377,6.0757142245,0.0812263509,0.0,0.0,1.0,0.0,0.0,0.8668667604,5.0,4.0894820948,0.0629391415,-0.046233001,1.333921752,-1.556363798,0.4719727833,-834.2890067,0.3461731473,14.922097548,-0.000508102,0.0096687199,0.0623289919,0.0227434953,0.0946877089,0.005490902,0.0,0.0011058889,0.3131534659,0.0649682111,5.0,15.347973721,1.252900753,0.0,0.0387038998,0.0272065552,0.0339637488,0.3878674636,3.3785553646,1.0789083e-09,1.8504046e-08,1.8229522451,3.3231548879,0.0243876262,0.0494681649,-0.199296156,-0.094679308
91472,1.2318415279,0.0956072275,-16.98310845,0.0,12.701035297,0.6115146563,0.0208780428,0.0533987168,0.0345526775,0.0036134904,0.0493399729,-0.009413306,-1.337034981,0.223437435,0.0094133063,15.0,-0.001016387,-0.099601594,0.0377463875,0.0031640006,0.0053136105,0.1611180057,0.8976978768,-0.001946573,0.0971536643,0.5777211343,0.0,0.9111732956,-0.017297214,0.9086500888,-0.01575478,0.8508560708,0.0606515325,0.0102649181,0.0,0.0,0.0,0.0,0.0,0.4070449173,4.0,0.0042056881,0.002884634,-0.114672823,0.1246743466,-0.910728068,0.0700668601,-6781.423202,0.0256085935,11.863877399,0.0009104817,0.0032421895,0.0350196436,0.0115278281,0.0432332383,-0.096615272,7.0,0.0083472454,0.6753833393,-0.003715425,4.0,11.249329624,0.2745394141,0.0,0.0840336531,0.0300654216,0.0423275839,1.361597165,0.9758754395,3.0988067e-07,1.1441951e-07,1.0354189406,1.0720923826,0.2187459296,0.044537838,0.0245512783,0.0732063074
91579,0.3628936735,-0.016536927,0.9928724312,0.0130917338,0.9407673967,1.3245619084,0.0538167939,0.0635719612,0.1387024609,-0.007424957,0.1679498147,-0.079320625,-6.097222222,0.0842923913,0.0793206252,15.0,0.0,0.0357142857,0.0226990601,0.0991696484,0.0120714545,0.2746478873,0.269206146,0.0022371365,-0.142702116,0.2407931639,0.0,1.123024055,-0.161780653,1.123024055,-0.161780653,13.22706422,5.2474977252,0.0015783243,0.0,0.0,1.0,1.0,0.0,0.3586543679,3.0,-2.98775986,0.0520754237,-0.179110145,0.285024479,-28.25034632,0.0866853377,-10244.40096,0.03476008,15.74460004,0.0001883949,0.010322347,0.0388019061,0.0839629955,0.0943072702,-0.022919167,1.0,0.0017766497,0.404232985,-0.016904946,4.0,17.001999646,2.591501863,0.0,0.053494852,0.0193805974,0.0333293986,0.3286406613,4.3058990315,1.724288e-10,8.7533061e-09,1.3873641561,1.9247793016,0.0539738628,0.043587145,0.0863216085,-0.054879185
91498,0.4575585414,0.0248293679,8.9082196211,0.0,0.1106062297,0.3183698579,0.0556249822,0.4023386199,0.0893513512,0.1205048409,-0.055979857,0.1720983175,3.3731573157,-0.058923996,0.1720983175,15.0,0.0,0.3066666667,0.1512699501,-0.094224352,-0.572421428,0.2264068431,0.1870306059,0.014655477,0.5887996904,0.2711293511,0.0,3.9213344707,1.1285634851,3.9213344707,1.1285634851,6.2409535334,2.6369506296,0.2801066836,0.0,0.0,0.0,0.0,0.0,0.1257028173,3.0,-0.080516562,-0.104404393,-0.901080843,0.2276529297,5.8524904307,-0.116204293,-9386.277093,0.1719954965,12.283171664,-0.006651022,-0.043750382,-0.050477121,-0.028459393,0.1963965254,-0.01791086,0.0,-0.019259259,8.9226240383,-0.242631495,3.0,14.621124004,4.9078725096,0.0,0.0541176498,0.0353621372,0.071806772,0.1979386362,3.8628510483,8.2389903e-09,6.43333e-09,1.089295569,1.1865648366,0.2434670546,0.0954396126,-0.445432983,0.0946339185
91503,0.2076225229,0.0255299234,23.303969901,0.0092579058,0.0965348723,0.1556410964,0.1315535442,0.34229934,0.4661704037,0.0181574639,0.9959701493,-0.061566221,-0.6399623,0.0418681118,0.0615662211,15.0,0.0205643873,-0.158663883,0.1035041627,-0.076317223,-0.043539415,0.2644202945,0.4676888652,0.0418867904,0.1649172073,0.3125687473,0.0,3.7487770929,-0.151221049,2.1912109763,-0.204898107,4.7952405664,6.61650982,0.4889486707,0.0,0.0,1.0,0.0,0.0,0.5838289197,3.0,51.933154759,0.0171316983,-0.239569653,0.4050220683,-1.178892078,4.1553664953,-6691.446351,0.0357482652,13.762685459,0.0002485004,0.0263848603,0.0349991659,0.0016836593,0.2317280023,0.0037297062,0.0,-0.000376719,0.4487382047,-0.05549583,5.0,14.016549351,1.208561103,0.0,0.0365986861,0.0269941444,0.0350433368,0.314602305,3.2500490902,2.6169711e-09,1.3363753e-08,0.8749569012,0.765549579,0.058485322,0.0458342711,-0.160297121,-0.145662284
12452,0.1069055105,0.0454673711,32.902927032,0.0,0.1475328573,0.2554798256,0.1100717859,0.2242628496,0.8545264061,0.0209234483,-0.011443136,-0.033459127,-0.170090007,0.0532009166,0.0334591266,13.0,0.0011576767,0.0855018587,0.2006164088,-0.01621421,0.045637411,0.3050836397,0.0950826707,0.0897076643,0.8246619504,0.4784859626,0.0,1.29456016,0.4650223163,1.164064878,0.5501234542,10.094112769,6.6160326087,0.5543582989,0.0,0.0,1.0,0.0,0.0,2.9750156712,7.0,-2.778263188,0.0639558281,-0.129322572,0.0290363159,-28.50177363,0.055593863,-14217.0969,0.03476008,12.002144763,-0.003175275,-0.004666813,-0.010022371,0.0053666688,0.0017407634,-0.022675713,0.0,-0.003837299,0.0729710512,0.0795295779,4.0,12.404563623,1.4771178189,0.0,0.0672947541,0.0317942387,0.0444039155,0.4616291072,5.8953774435,2.6019051e-08,1.3900316e-08,1.2729945189,1.6205150452,0.1243367272,0.0681189417,-0.258340968,-0.054879185
91468,0.531425348,0.0391005765,1.9163806457,0.007509354,0.6547679987,1.0720661068,0.0670736131,0.1932935256,0.3825239744,0.0022259911,0.3481395001,-0.077132146,-2.150439418,0.1231839974,0.0771321456,15.0,0.0,0.0714285714,0.0191745151,0.1229563438,-0.001793324,0.1780277054,0.2141537517,0.0036536916,0.0453571544,0.2678987759,0.0,1.1139225389,-0.133952048,1.1139225389,-0.133952048,18.379438204,4.0925892731,0.1106765773,0.0,0.0,1.0,0.0,0.0,0.7285372213,3.0,-0.302211242,0.0914905042,0.0656678267,0.3608382348,-0.484876796,0.0785424095,-4055.293666,0.0915965863,14.434438529,0.0017032967,0.0124878352,0.0264286575,0.0200278675,0.0263463238,0.0061511534,3.0,0.0022398925,0.7367541722,0.0418184716,5.0,14.372522805,0.8721687153,0.0,0.0285804383,0.0106235564,0.0234903692,0.2752807978,1.2521571997,9.835495e-10,2.4122869e-08,0.9108758487,0.8296948117,-0.019630967,0.0338651492,-0.120961032,-0.049938477
91392,-0.252927168,-0.065631357,1.6642859985,0.0363177471,2.2260184875,0.6135105143,0.0575608205,0.0214678653,0.1659734335,-0.024652963,0.0757176884,-0.083233771,-2.47826087,0.0970202674,0.0832337714,15.0,0.019646887,-0.311111111,-0.415038338,-0.212079758,-0.02497977,0.1662269129,0.1210013302,0.0171742922,0.8396226415,0.5760605543,0.0,59.253559061,0.2416085226,52.180412973,0.2165453458,1.7957479119,0.8778767632,-0.015340017,0.0,0.0,1.0,0.0,0.0,-1.779245283,3.0,-0.624829551,-0.091512832,-0.36378922,15.881614641,-0.247063577,0.0178613111,1783.4457791,0.1000073361,15.372668441,0.0076706725,0.0152131345,-0.109189189,0.043321367,0.0718073019,0.0617386137,3.0,0.00311755,0.2233660157,0.0403918959,4.0,16.177485117,2.1115130655,0.0,0.048499275,0.0266075178,0.0394190564,0.3355723789,4.2227927765,4.714715e-10,9.5630066e-09,1.7918159294,3.2106043249,0.0079344489,0.045966985,0.1835430327,0.1750913885
91413,0.2755131686,0.0784662801,0.9181674684,0.0243876781,0.4211247966,0.5122755342,0.4779742821,0.2971873842,0.2404128664,0.0401776598,0.2778873145,-0.210334834,-1.790768853,0.2189812504,0.2103348337,15.0,0.0,-0.052631579,0.1281142842,-0.074485803,0.1212982475,0.0625879379,-0.340717388,0.044149706,0.4153424796,0.7167193748,0.0,2.23191122,-0.117158832,2.23191122,-0.117158832,1.210706113,5.433051801,0.2247065113,0.0,0.0,0.0,0.0,0.0,0.6937046116,5.0,2.0150760808,-0.06242749,-0.259652522,2.1541253428,-0.600491744,0.6337554544,-6425.246476,0.0642007103,15.216994718,0.0166455109,0.0541298778,0.138617741,0.0807322519,0.5344865105,-0.007218181,1.0,0.0096506322,0.9631193544,-0.058827378,4.0,16.179311403,2.6476249128,0.0,0.0610758401,0.0275612365,0.0403157261,0.3219712066,3.8538668144,4.502361e-10,8.9539221e-09,1.5464754247,2.3915862392,0.0587243538,0.0360710612,-0.390299624,0.06707331
91659,0.2252615175,-0.059295485,1.9775474533,0.0036593244,0.8244228252,0.3188978348,-0.058056147,0.0824105729,0.0527855858,0.0063178556,0.2032246297,-0.133567198,-2.274475401,0.0755706375,0.1335671978,15.0,-0.001393681,-0.133915265,-0.462198901,-5.127236911,-0.310618753,0.0813706998,0.1793713179,0.0056463342,-0.208463348,0.6174704165,0.0,1.3688835054,0.4915062462,1.3340591431,0.5308221587,1.4087629981,5.1508623156,-0.003339582,0.0,0.0,0.0,0.0,0.0,0.1114072645,3.0,0.0593577283,0.0239241234,-0.031838976,0.19867646,-0.072965697,0.0181510185,-3882.964455,0.1434304144,14.849256191,0.008234947,0.0101308332,0.0342191932,0.0732784255,0.2955617212,-0.071175999,0.0,-0.001381215,0.4323745695,-0.048170619,7.0,16.024089476,2.6430792442,0.0,0.0530298091,0.0262749339,0.0375579713,0.3000238828,3.9038195157,5.528109e-10,8.7132387e-09,1.5808968908,2.4992349794,0.0318091041,0.049659988,0.1419137336,-0.152691328
92040,0.0473274433,-0.045752837,11.586451169,0.0,0.0991797325,0.0431142795,-0.610783358,0.0427107751,0.0441010248,0.0260161774,0.6055882841,-0.050165628,-0.157347608,-0.038553737,0.0501656276,14.0,0.006351027,-0.172945205,0.4315753661,0.021798897,-5.206028647,0.131717268,1.2349179165,-0.010857356,-0.398898043,0.6355707057,0.0,4.4685909498,0.1067833505,4.317784324,0.0991052628,0.539835992,5.5598746883,-0.550364403,0.0,0.0,1.0,1.0,0.0,0.0316314215,5.0,2.311345579,0.094878129,-0.350949764,-0.196524495,5.1049015245,0.0481936259,304.58404893,0.0232852488,14.500400753,-0.001009392,-0.063914743,-0.235117573,0.0045510469,0.582183082,0.0026870564,3.0,-0.00104712,-0.195702472,-0.046955884,4.0,15.668774505,2.2910829291,0.0,0.0340479165,0.0247539351,0.04775067,0.5508181821,10.608053845,9.338872e-10,7.7798889e-09,0.8780812064,0.7710266051,0.1531862062,0.0743333911,-0.392787455,-0.24467985
91355,0.9999910894,-0.075944226,-2.701299071,0.0,1.5102616595,3.420590297,0.0533970559,0.0090817693,0.4445429622,-0.000872476,0.0212649774,-0.075527652,-2.499511122,0.113879211,0.0755276521,15.0,0.0,-0.011359026,-0.021020782,0.0202783844,-0.048067161,0.1074977021,-0.175045093,-0.030643552,-0.014823011,0.5408773745,0.0,2.1525343941,0.1497632839,2.1525343941,0.1497632839,9.7028514257,2.7188514431,-0.035561462,0.0,0.0,1.0,0.0,0.0,1.0467551231,3.0,-0.351673257,0.1925196226,-0.017119771,0.8294039762,-0.673971085,0.0692376231,-5353.137006,0.0915965863,11.168423564,0.0025244568,0.0043614613,0.011918162,0.0680703906,0.1022898325,-0.029569439,2.0,-0.007309457,0.4094166572,0.023725016,1.0,11.205727385,0.561048309,0.0,0.0378787518,0.0251041049,0.0530663807,0.5200634579,1.4931228754,1.0163941e-07,3.4313494e-08,1.5373960343,2.3635865664,0.1331708782,0.0649370034,-0.150521133,-0.049938477
91461,0.020683399,0.0825008247,1.8654331905,0.041366798,1.0319198273,0.535928372,0.1242778516,0.0842381686,0.2555917109,-0.016267943,0.0581609457,-0.014593422,-0.178960097,0.0972651802,0.014593422,15.0,0.0,-0.043478261,-0.086374029,-0.496125067,-0.019294941,0.6645066274,-0.003111129,-0.000422447,-3.26553694,0.1817761655,0.0,3.1609103613,0.2249239934,3.1609103613,0.2249239934,3.3404725715,35.577630611,0.1071256979,0.0,0.0,0.0,0.0,0.0,-6.469352964,5.0,-0.00866988,-0.060597914,-0.05854949,-1.086483782,-0.817297306,-0.056105395,2146.1173576,0.0256085935,15.689625113,0.0029907558,0.0259186242,0.8127837932,0.0034065321,0.1140795852,0.0492544149,3.0,0.0029673591,1.0307967567,0.0167152463,5.0,17.071473049,2.7925286374,0.0,0.0306451451,0.032510149,0.0243606353,0.3824050472,6.0861854254,2.062852e-10,1.1458399e-08,0.8244055831,0.6796445655,-0.026305039,0.0364654456,0.2208338377,0.0732063074
91416,0.1600536216,-0.014861569,1.6323745474,0.0419287405,1.3538238339,1.3104525701,0.1237421134,0.046898104,0.366111929,-0.037652194,0.1254660688,-0.069627699,-6.933777901,0.0881852474,0.0696276987,14.0,-0.055105807,-0.031746032,-0.043429933,-0.063854118,-0.030896092,0.1307412647,0.0738289476,-0.057141256,-0.341774793,0.3718709684,0.0,1.6204425474,-0.109797717,0.9115342631,0.2244656512,7.3186119527,8.0113841271,0.0087472169,0.0,0.0,1.0,0.0,0.0,2.0364420041,2.0,-0.175980892,0.2174870046,-0.014767725,-0.425873975,-0.132347224,-0.022987361,-10498.73174,0.2179887911,15.346575835,-0.000886799,0.0242851425,0.3143901528,0.016302144,0.1170642942,0.0188113224,3.0,0.0034965035,0.3202718908,0.0242339224,3.0,16.626221864,2.9879005436,0.0,0.0267794318,0.0182724981,0.0304734077,0.402170342,5.622593462,2.143033e-10,8.4555426e-09,1.2312907766,1.5160769765,0.0969355277,0.052617057,-0.028853406,-0.182618162
91611,0.5266281387,0.0379981322,2.1736661381,0.0,0.1514758142,0.2586274852,0.0665252146,-0.054121186,0.125400745,0.0050356096,-0.343507976,0.0494009417,0.906816784,0.0035407882,0.0494009417,15.0,0.009644148,-0.227272727,-0.114845434,0.4720057639,0.3639614185,0.0798302432,0.0902629795,-0.01999657,0.0832215795,0.5354414636,0.0,3.5574015988,0.3026698583,2.8875664092,0.2267916727,1.5503841749,9.2133490552,0.3132851251,0.0,0.0,1.0,0.0,0.0,0.1798471462,6.0,0.3521181158,0.0164735835,-0.264854404,0.1231658412,-0.427804671,-0.01417319,-5883.362787,0.0642905452,15.867558985,-0.005335554,0.00623621,0.007815673,-0.033898036,0.2645953914,0.2269473811,0.0,-0.001780851,0.2000553664,-0.019794544,3.0,17.615118509,3.4261427606,0.0,0.0161061715,0.0168982177,0.0371352032,0.4132386723,5.8023743729,1.329238e-10,8.5672549e-09,1.0050658761,1.0101574154,0.0146089772,0.0541025498,-0.95198534,-0.091892872
91742,0.3448655037,-0.296765672,0.56942891,0.0,0.6188673519,1.1979301639,-0.279372156,0.0292562324,0.4660394204,0.1778277997,0.643442623,-0.083728171,-0.268039003,-0.217220897,0.0837281711,15.0,0.022878029,-0.25,-0.016212505,0.2929947818,-0.198825089,0.2010628875,-0.144193863,-0.136803791,-0.383917289,0.5480893441,0.0,3.1836684649,0.2507911719,2.563266307,0.2236572057,4.4144549763,6.6389878831,-0.566925065,0.0,0.0,0.0,0.0,0.0,0.7781734635,2.0,1.324760164,-0.027931634,-0.428004559,0.101013565,5.8125803153,-0.130473534,-5730.899631,0.0232852488,9.0178060742,0.000275558,-0.007081651,-0.021640338,-0.120766464,0.4232398628,-0.025554716,2.0,-0.014969078,-0.819677871,-0.038525578,4.0,12.581607913,9.2879716221,0.0,0.0301886499,0.0338392672,0.0740157714,0.8643081895,14.305382709,2.6668004e-07,7.5383338e-09,0.7159790237,0.5126259623,-0.372575274,0.1155126352,-0.28976643,-0.24467985
91615,0.4946415561,-0.52961726,0.815452484,0.0,0.2589447508,0.0414622958,-1.782987552,-0.131355425,-0.555449216,-0.85100486,-0.679654638,-0.099039693,-0.151577503,-0.449339198,0.0990396927,15.0,0.0,0.0,-0.008684864,-0.236945733,0.1689997454,0.0500963391,0.0818835009,-0.057183874,-3.26553694,0.807495524,0.0,5.7012127894,0.0769065925,5.7012127894,0.0769065925,0.0823541538,7.0707964602,-0.777265149,0.0,0.0,0.0,0.0,0.0,2.2731946144,4.0,4.7178903692,0.003107469,-0.178004559,0.2507896174,6.1895499158,-0.362591835,-5727.180101,0.0232852488,9.6139757886,-0.000300372,-0.095120984,-0.117192845,-0.003833093,0.8071995119,-1.037731448,1.0,0.0267111853,2.9542001742,-0.110270906,3.0,13.530020783,15.606406856,0.0,0.0481586605,0.0404096095,0.0885158151,0.7921025821,97.500726352,3.4203749e-08,1.3219085e-09,1.4487702727,2.098935303,-0.277784774,0.1430495295,-0.132842567,-0.24467985
12049,0.4183109668,-0.029250997,4.2454007516,0.0130245711,0.0702097843,0.41902249,-0.019106681,-0.445469663,0.1575135225,0.1322078792,-0.565257195,-0.279354368,-6.591059864,0.1635440731,0.2793543679,14.0,-0.094635577,-0.6,-0.330023787,0.0806884236,-0.081326339,0.2842219769,0.6105750194,-0.340318584,-0.427184957,0.6489221064,0.0,3.5476210178,0.9591339949,2.720562681,1.8694083675,3.4779874214,17.880914826,0.4560717846,0.0,0.0,0.0,0.0,0.0,0.1923471131,7.0,0.4140147847,-0.176387258,-0.88218939,0.0694590246,-28.93701299,0.1974489414,-1260.494162,0.0885761255,11.993252955,-0.002845726,0.0133410116,0.0163944973,0.0221531911,0.2591043286,0.7034417203,1.0,0.0152014958,0.4180087183,0.0392296351,5.0,13.879982981,3.5222834762,0.0,0.0625000447,0.0396832759,0.0585671031,0.323448836,3.8820613708,1.3166087e-08,8.9822728e-09,1.0965630277,1.2024504738,-0.035312082,0.0727654887,0.3143693634,-0.017140666
91612,0.7460899035,-0.193352206,1.1365923562,0.0,0.8200931196,0.226591312,-0.067659774,-0.080258702,0.0720864963,0.1434746925,-0.166985223,-0.142261649,-1.202619506,0.0391769284,0.1422616488,15.0,-0.002810621,0.0297619048,-0.024529677,-0.042314604,0.0572290035,0.1176909553,0.1340029124,0.0063184167,0.0385964654,0.4853423876,0.0,0.5996322725,-0.402263498,0.4793678589,-0.35572077,7.5781185491,5.8015532578,-0.046294496,0.0,0.0,1.0,1.0,0.0,0.0454653695,5.0,-0.392118472,0.0549547816,-0.185965555,5.2551510453,0.6237013523,-1.712963549,-16276.63386,0.0456208962,14.551431047,-0.000188904,-0.035266068,-0.074939582,-4.7749e-05,0.0127879292,0.6430303656,0.0,-0.005988024,-0.306163343,-0.005449031,2.0,14.532806808,0.6089137037,0.0,0.0603448749,0.0358117984,0.0662122082,0.2878585126,0.4655774848,8.4346468e-09,6.4973016e-08,1.9685690567,3.875264131,0.0141474961,0.1510550397,-0.596182289,-0.071440083
91622,1.3234247095,0.0789099362,-13.09986701,0.0329946343,9.1428006213,0.4853467668,0.0250313917,0.1346363379,0.0358688105,0.0077330246,0.1506186328,-0.002194518,-0.273800833,0.1005155424,0.0021945181,15.0,-0.001082803,0.0914285714,0.0760273458,-0.028930127,-0.057193087,0.1397519634,-0.027369015,-0.001662644,0.0352904377,0.6271524134,0.0,1.0702160564,0.0270871717,1.0689507466,0.0287649997,0.7300762036,0.0595761248,0.0113312425,0.0,0.0,0.0,0.0,0.0,0.2588292365,4.0,-0.049217781,0.0060041543,0.076357342,0.2162575282,-0.593390104,-0.052855032,-6580.502052,0.0256085935,12.725175738,1.7752e-05,0.0018290792,0.0152602349,-0.002814091,0.1884899767,0.0309838928,0.0,-0.008990318,-0.569829534,0.0384226292,1.0,11.996905189,0.3808363454,0.0,0.0219458807,0.0112159051,0.0184463273,0.3752394123,0.7543117601,1.7708032e-08,6.2872359e-08,1.2744670831,1.6242663459,0.0272398704,0.0383009119,-0.156778761,0.0732063074
91625,0.3336094282,-0.028587656,7.4216511178,0.0,0.4755912375,0.7710542093,-0.026097225,-0.0672633,0.2941331581,0.0576672175,-0.115451061,-0.144715114,-4.243998344,0.0927383094,0.1447151144,15.0,-0.091720416,-0.067539628,-0.117623827,-0.189140611,0.0762822251,0.5743044491,0.3127177226,-0.085876071,0.0112746446,0.3114132086,0.0,1.3164823464,-0.00983794,0.8129209722,0.4487567898,13.764478085,5.8522931385,0.0165319175,0.0,0.0,1.0,0.0,0.0,0.7432238549,4.0,-0.340058602,-0.034488963,-0.073300373,0.1630223151,-0.37740958,0.0480967215,-4953.801966,0.0915965863,12.779809035,0.003388078,0.002207697,0.0049176585,-0.013645736,0.0124190372,0.0071947226,1.0,0.0036527114,0.2497034256,0.0073230456,4.0,13.161841998,0.8001665909,0.0,0.0431491062,0.0290642768,0.0367081383,0.4544891849,1.0637488394,3.4237848e-08,4.5948982e-08,1.4775926836,2.1832801386,0.0253003181,0.0616944791,-0.071750586,-0.049938477
90077,2.0259268031,0.2620453115,-1.055250097,0.0012465253,17.182530749,6.0068669694,0.1591106047,-0.231483634,0.0063168427,0.1105527638,-0.239526923,-0.00384849,-1.916930658,0.9016014033,0.0038484905,15.0,-0.009923537,-0.074468085,1.6196995933,1.0914540942,2.0062880864,0.048673856,0.2353669557,-0.008883697,0.3180944371,0.965555271,0.0,38.644210661,0.1723386221,37.095109666,0.1714040008,0.0225950574,2.1809313085,0.0020768798,0.0,0.0,1.0,1.0,0.0,1.2270515439,7.0,2.1590413552,0.0407674817,-0.281489028,3.9045389774,0.7949447073,2.3277288798,-10871.41627,0.0642007103,10.025740609,5.30061e-05,-0.000524668,-0.057644784,-0.226007799,0.9410661847,-0.190498261,0.0,-0.161638205,1.1444783425,-0.106453171,2.0,10.692510638,1.1625921614,0.0,0.0120933019,0.0142476414,0.0346680137,0.5888276213,3.3939321634,8.5934905e-08,1.8355752e-08,0.88442332,0.782204609,0.8552417348,0.2459102918,0.0871492502,0.06707331
92773,0.5380906412,0.0790278165,-0.717732843,0.0087042469,0.9446449195,2.6285116709,0.100675737,0.0759998143,0.2473202164,-0.0114045,0.0448425602,-0.108921342,-1.971469126,0.2348287167,0.1089213417,15.0,-0.028126509,0.0736082474,0.123994593,-0.003555252,-0.036599138,0.1463974276,0.0598779477,-0.049176575,0.1372358401,0.5763340682,0.0,1.4589797427,0.0717240588,1.1842964882,0.2228808704,10.68572644,6.3674872158,0.1526809009,0.0,0.0,1.0,0.0,0.0,0.688004175,7.0,0.0069983064,0.1682327197,0.047155886,0.0001254888,-0.538186832,0.0592872984,322.74008017,0.1489431475,14.027131544,-0.000618654,0.0176649596,0.0470425543,-0.022355269,0.0766072118,-0.029864107,2.0,0.0,0.7000131914,-0.026829555,5.0,14.825887639,1.7011563223,0.0,0.0421456061,0.0215087272,0.0342821764,0.4107450031,3.627064841,1.4353036e-09,1.2279756e-08,1.2780474353,1.6334052469,0.1292345715,0.0512332734,0.0355588294,-0.073400055
91516,0.1265037058,-0.023594947,18.770799562,0.0110259384,0.3556356122,0.2628550055,0.0592438037,0.1508069377,0.2793812362,-0.001625271,0.1233605105,-0.188616975,-3.601664685,0.0613861407,0.1886169749,15.0,0.0080951491,0.08,-0.097485791,0.2022535657,-0.009534757,0.1422300263,0.104501966,0.0416527155,0.2356810085,0.3164340995,0.0,1.8096343587,0.1491622441,1.3366221706,0.1793278049,6.8436815194,11.624069479,-0.002587646,0.0,0.0,1.0,0.0,1.0,1.077281447,4.0,-0.490250865,0.0113416444,0.1102624685,-0.486926947,0.0910826597,-0.13942322,302.0881624,0.2481721303,15.198331798,0.0008569505,0.0295916584,0.1019466185,0.0101114516,0.0553111619,-0.023098168,0.0,-0.001466429,0.684768665,0.0161371353,5.0,16.165713263,2.0528534923,0.0,0.0271080416,0.0206444624,0.0287036086,0.4068660947,4.7894215837,4.052736e-10,1.2435109e-08,1.1955637442,1.4293726664,0.0149301992,0.0381632201,-0.218239147,-0.199501332
91683,0.1475577386,0.1260695947,2.1002871865,0.0,1.3488975691,2.0367021368,0.1885075177,-0.01658465,0.6775942638,0.0045283086,-0.108800418,-0.049458412,-0.592025282,0.200705982,0.0494584119,15.0,0.0197991076,-0.033333333,0.1026275279,-0.077279967,0.0408452285,0.1180995207,-0.049933996,0.0462591364,10.67693475,0.4837478796,0.0,2.0809362878,-0.181967146,0.7704025232,-0.298383906,9.6643222873,58.199741668,0.1247345116,0.0,0.0,1.0,0.0,0.0,9.1062751267,7.0,-0.025334728,-0.002914367,-11.08010196,-0.445191378,-13.97584478,0.2196381534,-16517.44257,0.2540693609,14.324944678,0.000576482,0.0245300704,0.30660458,0.0170546999,0.140829087,0.0281833473,0.0,0.0071216617,0.7885686812,0.1325787958,6.0,15.43916825,2.9393058632,0.0,0.0264858399,0.0181497145,0.0371631644,0.3152524836,4.2020873284,6.393342e-10,7.5580213e-09,1.3591014456,1.8471567393,0.1884070627,0.0686913098,0.230486836,-0.215279818
91668,0.2168556469,0.0133461261,6.5117062369,0.0,0.028569485,0.1004249737,0.1372869917,0.0751762722,0.2293787512,0.0078474279,0.0414521042,-0.044391098,-0.78812699,0.0238645683,0.0443910983,15.0,-0.005575934,0.0167785235,-0.086610867,-0.188156868,-0.011841844,0.1526918984,-0.010456002,0.021151567,0.0795648629,0.7220629206,0.0,10.010704732,0.0128966795,8.3097242029,0.0520009404,0.8617298269,4.3931069808,0.7590586366,0.0,0.0,1.0,0.0,0.0,0.2607724611,5.0,0.1634670059,-0.007560353,-0.020803153,-0.186606651,-0.39411924,0.00615059,-4410.476057,0.0642905452,15.417756336,0.0070828199,0.0244295179,0.0278758912,0.0071900176,0.483158551,-0.003004445,4.0,0.0006313131,1.2635560969,0.1034974102,6.0,16.787419196,2.5783098465,0.0,0.0409190133,0.0235211912,0.0409613124,0.2676575302,2.8405947804,3.075307e-10,9.4893509e-09,0.9520448049,0.9063893105,0.0125948997,0.0504470685,-0.138217181,-0.091892872
91606,0.4892740968,0.2163188221,1.0998009667,0.0,0.0656488953,0.343514278,0.6854996155,0.7117000071,0.9087883534,0.0037235123,-0.080417037,0.1965543268,0.3993971967,0.129921691,0.1965543268,15.0,0.017681226,-0.026315789,0.1638906809,0.554229487,0.0019179286,0.7076923077,2.8035475113,0.0162045277,0.9353874244,0.7667363663,0.0,6.9978906662,0.5143328828,6.7935050097,0.4964003878,0.848835883,18.535647572,1.4118782575,0.0,0.0,0.0,0.0,0.0,1.1654228004,6.0,1.7350731544,-0.385757839,-0.204320348,0.245422158,5.5225956449,0.216669054,-5399.818741,0.0232852488,13.572843059,0.0342923876,0.0493903314,0.0546669913,0.0121398714,0.7829499032,-0.045876814,0.0,0.0,-0.154020269,0.0215357789,2.0,14.671621018,2.3218654732,0.0,0.0528254695,0.0242421008,0.0408868508,0.2086974527,1.9108831941,2.7745283e-09,1.3035277e-08,1.1992497853,1.4382000475,0.2674024007,0.072961415,0.0033157523,-0.24467985
91571,0.3041347189,0.064126816,4.4140949316,0.0,0.3018647431,0.3269185499,0.2244771632,0.2388604821,0.4721350922,0.0270793037,0.1593477559,-0.08862873,-0.756801049,0.1126580576,0.0886287304,15.0,0.0324345072,0.199563795,0.4063291139,0.5676077191,0.0530944483,0.1627906977,-0.146928599,0.1036823787,0.3293523197,0.4563335877,0.0,3.1102730819,-0.019597686,2.3118335501,0.0783903319,2.5026548673,6.7362494586,0.3102803738,0.0,0.0,1.0,1.0,0.0,0.9807073955,7.0,1.5637941725,0.1282490852,0.0215592364,0.0602827801,6.566202937,0.1994054206,-988.6906211,0.0232852488,14.30633847,-0.010816802,-0.011217069,-0.021182872,-0.020901836,0.1408892764,-0.041404341,0.0,-0.054723387,6.1994627966,-0.242631495,5.0,15.56009418,2.3764827641,0.0,0.0625913218,0.0360256684,0.0449920605,0.2660340936,4.1633488556,1.0895335e-09,9.6288478e-09,0.5814593162,0.3380949364,0.103584384,0.0811369182,-0.102478449,-0.24467985
92589,0.7763134671,-0.019984303,0.1744178051,0.0,0.175892247,0.1478942266,-0.003668539,0.334121729,0.0575861084,0.4265599273,-0.403479372,0.0934575772,3.8954204349,-0.097831567,0.0934575772,14.0,-0.0185581,0.0740740741,-0.43332523,-0.10791208,0.0615985581,0.0925743388,-0.198360517,-0.020626694,0.8533579366,0.5379578879,0.0,3.6649999403,1.4712869794,3.4299437927,1.6950098476,0.539716954,0.8143493865,-0.020462008,0.0,0.0,0.0,0.0,0.0,0.0809108727,3.0,-1.440392242,0.0300810876,0.07073487,0.3568919936,12.351543013,-0.020277495,-17193.12354,0.0629453635,12.178141407,0.0099402438,-0.015617371,-0.017637171,-0.005595186,0.4281672762,0.4057655216,0.0,-0.018672951,5.1527331547,-0.065520991,2.0,14.115854544,2.88786738,0.0,0.018656699,0.0233707375,0.0544015448,0.4355618138,3.9037798801,1.2015682e-08,1.3377928e-08,1.4605677292,2.1332580916,-0.177451971,0.1260260091,-0.178224911,-0.107827317
91658,0.5569523902,-0.007112879,3.2034045204,0.0056903034,0.6168400439,0.4814442958,0.0593368237,-0.017648295,0.1750822887,0.0070691185,-0.06352164,-0.067830142,-11.29411765,0.0732208156,0.067830142,15.0,-0.002849808,-0.009347826,-0.058938989,-0.056120954,0.0147182679,0.330998703,0.0079477638,0.0085206714,0.0387036363,0.1789018322,0.0,2.074875208,0.0562492255,1.4914032169,0.1390055593,6.784591195,6.9681065805,0.0446553534,0.0,0.0,1.0,0.0,0.0,0.3526504708,5.0,0.0235150379,0.0938042267,-0.010250965,0.1004616997,-0.417342003,0.0209963892,-5044.594255,0.0376507894,14.746611476,0.0001929617,0.0084047579,0.0172120387,0.0087668016,0.0617129674,-0.006573087,0.0,-0.000361337,0.4292118506,-0.041482359,2.0,15.178264241,1.1702608402,0.0,0.1060227528,0.0369686805,0.0468944296,0.4273461495,2.183274737,2.1753256e-09,2.0105895e-08,1.7611952983,3.1018088788,0.0163712277,0.0514859251,-0.135572782,-0.028114825
91678,0.8754495863,-0.094992013,-2.463935103,0.0,4.7895892907,4.9893198065,0.0035292984,0.0032116063,0.1395601384,-0.032517777,0.0302046189,-0.076047478,-4.527984251,0.3351303244,0.0760474784,15.0,-0.000991294,-0.158730159,0.0579293325,-0.401099002,0.100487213,0.0710968172,0.1392723687,0.0043974741,-0.122567553,0.3987400866,0.0,0.7160309836,1.6874783617,0.6418661771,2.623555514,23.8209162,77.255354201,0.0357049288,0.0,0.0,1.0,0.0,0.0,0.7017048943,6.0,0.5257380041,0.0602829906,-5.65439691,0.3498328189,-0.418179178,0.2663719547,-7911.61455,0.0823714328,11.352869397,-0.000854087,-0.005605695,-0.038013559,0.0802631199,0.0503661951,-0.03884489,0.0,-0.019125683,0.585420094,-0.066708865,6.0,12.007768155,1.1609458715,0.0,0.0529411249,0.0385433399,0.0615824548,0.2160142258,1.2308677615,5.6934169e-08,1.8446345e-08,2.4899575334,6.1998885182,0.0446303529,0.0760591196,-0.248680997,-0.164654644
91754,0.6272115031,0.0174300987,-0.079489595,0.0,0.8881631725,1.5761617493,0.0609019868,0.0949235446,0.4537039153,0.014975357,0.0875574252,-0.179874529,-14.96043557,0.2781919667,0.1798745295,14.0,0.0,-0.022533023,-0.062593363,0.0619979492,-0.055842649,0.5679193401,0.065568398,-0.000521131,0.1055266855,0.4083585713,0.0,2.2623911885,-0.064880122,2.2623911885,-0.064880122,5.6969586097,3.69226209,0.0664355907,0.0,0.0,1.0,0.0,0.0,1.0689162968,4.0,-2.940965858,-0.048175635,-0.237357454,0.5493423085,-28.63588222,0.2805849131,-14440.23342,0.03476008,12.617146393,0.0093145564,0.0185214666,0.0456333027,0.0269151158,0.2238228603,-0.000691198,3.0,0.0055710306,1.1492074427,0.1483228356,4.0,13.272743796,1.2969351844,0.0,0.0676328614,0.0284273719,0.0360540681,0.3069690918,1.4831409284,1.3470619e-08,2.4328686e-08,1.3625549155,1.8565558977,0.140929183,0.0703308909,-1.032160408,-0.054879185
92035,0.3291411306,-0.006322513,6.8838688856,0.0,0.1231793885,0.186985872,-0.026792294,-0.07985999,0.1368112883,-0.030441133,-0.178927265,-0.095039783,-7.188260341,0.0391253535,0.0950397825,14.0,-0.002377838,0.1286407767,-0.152125325,0.2621480565,-0.042209236,0.150474315,0.0689786307,0.0025968845,-0.037311026,0.5384629531,0.0,3.2944528637,0.8228979905,2.9425121802,0.8124594193,2.106234432,3.3855259493,0.1774522386,0.0,0.0,1.0,0.0,0.0,0.1878768222,3.0,-0.098083128,0.2589068722,0.1343276565,-0.093681325,-1.295881148,-0.191329972,-5131.272876,0.4119188279,14.082080665,-2.864e-05,-0.004311034,-0.005270216,0.0083651297,0.2834985193,6.4576465617,1.0,0.0,-0.065962592,-0.096217384,2.0,15.79347793,2.9582977972,0.0,0.0477987565,0.0273120003,0.0527486071,0.2557680646,2.1922027964,1.5643329e-09,1.1055611e-08,1.867401955,3.4871900614,-0.022341174,0.0984487442,-0.20260703,0.0086816377
14548,1.1094217037,-0.053206859,-0.642542905,0.0,0.0721569128,0.5247086383,-0.095172076,-0.075122493,0.1918542337,0.0118324475,-0.480091614,-0.048522934,-1.121323529,0.006455244,0.048522934,9.0,-0.023008621,-0.247863248,-0.449501039,-0.202276369,-0.049749635,0.0964214712,0.1205315815,-0.046107028,-0.025766555,0.5308653229,0.0,10.698136646,0.9740156053,7.2136645963,1.0187203655,1.860015602,5.0231741573,-0.234612264,0.0,0.0,1.0,0.0,0.0,0.2152366229,4.0,-0.045606548,-0.227723042,-0.248766386,0.6529310131,-0.737561092,-0.045769182,-8588.743383,0.0376507894,11.061045425,-0.003588415,0.0019218847,0.0020660239,0.0530477682,0.2176451174,-0.052906519,2.0,0.0086956522,0.830605822,0.0845133904,2.0,11.769110642,0.8838528515,0.0,0.0436508469,0.0234506268,0.0420272394,0.4538055486,0.5503883002,2.5612245e-07,8.7466516e-08,0.9505230681,0.903494103,0.0833496131,0.0677940358,0.1590438857,-0.028114825
92449,0.2021039709,-0.19949681,53.247642017,9.80136e-05,0.1892249885,0.8157669012,-0.445270549,0.2541895948,0.8037768884,0.8135728543,-0.34974739,-0.037781908,-0.066915594,-0.186147363,0.037781908,15.0,0.0338983051,0.2142857143,0.2304849202,-0.969107748,0.3890186706,0.0956521739,0.6511760513,0.0223236618,8.7910731244,0.5499473002,0.0,2.067323849,0.360911076,0.8217766327,1.0416419985,69.941176471,7.7064814815,-0.823659074,0.0,0.0,1.0,0.0,0.0,9.1062751267,5.0,0.1256622759,0.0091112733,-10.86581625,0.0493706011,-2.232737434,-0.227550949,-16305.88875,0.0426379215,10.216476783,0.0,-0.167550325,-0.336071243,0.0505330885,0.0339306963,-0.001560629,0.0,-0.198795181,1.3050525342,-0.162050124,2.0,11.688877627,1.8281196369,0.0,0.0525349714,0.0490665133,0.0634623517,0.7767833964,7.4680087308,1.7905975e-07,1.5421e-08,1.8756339532,3.5180027264,0.2169390059,0.1014714765,-0.270285518,-0.010149049
91822,-0.674497254,-0.225274473,2.6373893688,0.1071259345,3.9777822879,0.3113885684,-0.115944921,-0.215752212,0.0415044248,0.0060849051,-0.077046036,-0.119730185,-1.845565749,0.1904843787,0.1197301855,14.0,0.0,-0.210922787,-0.79676259,0.1119183571,-0.052093356,0.7854166667,0.066061828,0.0002654867,0.2466403162,0.2458395396,0.0,3.998,0.8787298466,3.998,0.8787298466,0.5005537099,5.5802469136,-0.023025769,0.0,0.0,1.0,0.0,0.0,0.0234519104,3.0,-3.744064478,-0.21116166,-0.425747218,-1.094815877,-28.67891775,0.1928773251,-14307.98082,0.03476008,12.100172224,0.0028238295,-0.01786134,0.0295604823,0.0897697173,0.1342519205,0.1727437428,1.0,-0.18258427,0.3422235601,0.0474569313,2.0,12.976064781,1.5277254528,0.0,0.0427351072,0.0238611415,0.0400676492,0.2122250366,1.2808390377,1.7361565e-08,1.8049353e-08,2.0215144214,4.0865205561,-0.023723628,0.090679513,-0.045816493,-0.054879185
91907,0.6160385214,0.0628640555,-1.777290435,0.0,0.6437663662,1.9991415894,0.0654982845,0.1685136289,0.2933021516,-0.034860425,0.3430808065,-0.005330949,-0.099137353,0.0690962315,0.0053309491,15.0,0.0910760682,0.0421369451,0.0653257393,-0.065341082,-0.058186641,0.0956201656,-0.134982073,0.1280762579,0.028797605,0.6078178477,0.0,1.9272027132,-0.143778576,0.852821149,-0.185867777,15.299621103,6.3102269603,0.1401547657,0.0,0.0,1.0,0.0,0.0,0.5257972483,4.0,0.0019908907,-0.176021289,-0.182197143,0.2653497319,-1.343678347,0.1624635268,-9320.164748,0.0363924557,14.597256639,-0.000184401,0.0113458557,0.023204178,0.1448195962,0.1113853297,0.0024997384,0.0,0.0054689636,1.98869531,0.1765796924,6.0,14.439920085,1.1131703495,0.0,0.2196121514,0.0545784075,0.0412440004,0.6794135278,6.5150865038,2.0689377e-09,1.7498645e-08,1.0826106516,1.1720458229,-0.003935241,0.0538741447,0.2336318432,-0.028114825
91836,0.5016227668,0.2620453115,1.4820785533,0.0,0.3127854008,0.7521837971,0.0971162664,0.6554579785,0.6006529441,1.0653703704,0.0287796976,0.2927703751,0.8429439163,0.0473290458,0.388900292,15.0,0.0403640979,0.0192878338,0.1519807913,-0.025486011,0.0603492829,0.3469098408,0.6119801926,0.039426922,1.6693699859,0.4404117681,0.0,1.7665328062,0.1861456792,1.5084933952,0.1365800267,5.734241375,3.2094774447,1.0248671475,0.0,0.0,0.0,0.0,0.0,1.5724581762,6.0,-0.54104643,-0.213712713,-0.705604571,0.3585376791,-2.923516049,0.1657938383,-18477.04795,0.0740556467,12.718576747,0.0084628309,0.0157297256,0.0255379497,0.0186831065,0.1531566527,0.0012576464,1.0,0.0042604991,0.1595032335,0.0739318994,3.0,13.147966166,1.7155607295,0.0,0.1090850681,0.0342921909,0.0407591323,0.4540515721,3.9236387454,8.7909152e-09,1.4550775e-08,1.2883882556,1.6599442971,-0.07119257,0.0750237771,0.1630108144,-0.091892872
91688,1.3189671621,0.1302871587,-9.439217247,0.0334961977,2.947012876,0.7736751642,0.0412854212,-0.020354137,0.0392347843,-0.088981024,-0.045273579,0.0218249713,0.7220367279,0.0362150449,0.0218249713,14.0,0.0,-0.018465909,-0.148941261,-0.043678103,-0.078689024,0.2246575342,-0.056438356,-0.001348618,0.0403156631,0.224978968,0.0,47.205240175,0.1904173286,47.205240175,0.1904173286,2.2512658228,0.9299346405,0.0461419225,0.0,0.0,1.0,0.0,0.0,0.1344141362,3.0,0.027474302,-0.007332153,-0.544380771,0.0882473589,-0.835489609,0.152049407,-12106.77231,0.0397241163,13.90280041,-0.000903365,0.0039096098,0.0124626122,-0.012315512,0.0457187952,0.0008814906,0.0,-0.004558116,0.0723248905,-0.044756834,4.0,14.154157639,1.0075107554,0.0,0.0329107381,0.0163262835,0.0232287436,0.3328359873,1.8337507534,2.2046357e-09,2.3812956e-08,0.5726607833,0.3279403728,0.1011907876,0.0336722676,0.0673383221,0.045344153
91826,0.1401180695,-0.00253924,12.187824423,0.000119158,0.1736753141,0.74496244,0.0005424321,1.1259977714,1.0806017807,0.3296928139,0.3694518699,0.1277103438,4.9535809019,-0.032001477,0.1277103438,14.0,0.1223118156,0.956109134,0.5815889146,-0.785589804,0.2631090895,0.1735561222,-0.365968228,0.4040183934,5.7454956775,0.6048623705,0.0,1.9363286514,0.860984037,0.6954667334,3.2226728246,12.398301771,70.257043368,0.0697682212,0.0,0.0,1.0,0.0,0.0,9.1062751267,4.0,0.0360569424,0.2953451521,0.9144225865,0.1034096379,-0.092617959,-0.157639701,-23364.72211,0.2560171468,12.688144651,-3.1114e-05,-0.022063106,-0.049553287,0.0298705149,0.0932333674,0.0121322102,0.0,-0.001921845,1.8325971353,-0.01330862,3.0,14.388845154,3.6022513609,0.0,0.0474820733,0.03279747,0.0589702041,0.4373180801,8.5624586594,4.6606102e-09,5.8813213e-09,1.47687341,2.1811550693,0.1182382312,0.1006686849,-0.48806299,-0.215279818
13796,0.1538849104,-0.019004217,4.2196238857,0.0,0.1734892015,0.2766622322,0.0887009931,-0.027265804,0.6169924685,0.0087358483,-0.032241766,-0.038727168,-0.672326482,-0.006227179,0.0387271682,11.0,0.0113418955,-0.060150376,-0.044835337,-0.019569866,0.0419360724,0.1819232137,0.0121546069,0.0237454515,-0.019053805,0.7454912482,0.0,3.7161774238,0.2415895633,3.3492916011,0.2293879767,1.4919709366,18.358752817,-0.042045801,0.0,0.0,1.0,0.0,0.0,1.2348525856,3.0,1.344940977,-0.087595499,-0.238154935,-0.089967028,5.5308417369,0.0805201842,-5569.805621,0.0232852488,12.117240719,0.0,-0.077856515,-0.358919105,0.0176325108,0.6599643972,0.0282972492,0.0,-0.02420242,1.1576418407,-0.083318334,4.0,11.416130408,0.5354839505,0.0,0.0426470526,0.0230107904,0.042778692,0.7498164716,2.4498105747,3.8354819e-08,3.0281588e-08,1.3163688869,1.7328270464,0.0942485414,0.0803782227,-0.64455365,-0.24467985
91814,0.167691622,-0.015373356,1.0080086206,0.0,1.0018088479,0.9653449332,0.061095523,-0.022058269,0.3379239683,-0.003904451,-0.03752469,-0.092321001,-7.102360957,0.0938137674,0.092321001,15.0,-0.017393991,0.0675965665,0.0348916768,0.0901435101,0.0201109624,0.1833075113,0.0715914521,-0.049263944,0.0817946099,0.554035297,0.0,1.8339303074,-0.064935939,1.1792741697,-0.036593809,3.389142129,4.6048524849,0.0001860354,0.0,0.0,1.0,1.0,0.0,2.3415258898,5.0,3.8261672236,-0.019277472,-0.11098391,-0.1073493,-3.804095333,0.1854196891,-7873.012829,0.0345323743,12.416549625,0.0001872135,-0.002141229,-0.014933178,0.0615654413,0.2211797148,0.0107032451,1.0,0.0075949367,0.9161875919,0.0988134453,5.0,13.062732308,1.3961085609,0.0,0.1064516678,0.046139421,0.055903845,0.3658291162,2.278494621,1.939563e-08,1.8501476e-08,1.599062132,2.5569997019,-0.032642938,0.0687379073,-0.528635948,-0.145662284
92043,0.3528098372,0.0352629002,-1.844556401,0.0057867323,15.674087878,0.4506417808,0.0411612547,0.3348819689,0.0257687371,0.1827100977,0.359922179,-0.094087419,-40.37435897,0.9016014033,0.094087419,14.0,-0.015368528,0.2373706634,-0.034108527,-0.299875167,-0.047899425,0.25,0.4516129032,-0.017872091,0.3436639118,0.8558763156,0.0,1.1022149075,-0.052654909,1.0949130148,-0.03290848,0.0510572037,0.0545773106,0.0031513443,0.0,0.0,0.0,0.0,0.0,1.0922865014,4.0,2.0243555456,0.0204085349,0.0303497204,2.2314220115,-0.677894469,1.8737540946,-5363.185316,0.0642007103,15.582224226,-4.7227e-05,0.0004025649,0.0195348837,-0.014870541,0.4372424305,0.0013815793,0.0,0.0009624639,0.3858173425,0.0541414451,4.0,16.527686747,1.7715122156,0.0,0.0260655768,0.0209869007,0.0333535101,0.365004491,2.9905098881,3.432641e-10,1.4170507e-08,0.9115710378,0.8309617569,0.161685967,0.0388495168,-0.150579618,0.06707331
91959,1.1699697899,0.095210551,-10.58575938,0.0272112961,9.6208453136,0.4068361222,0.0234603434,-0.016941508,0.0325780361,-0.03824584,-0.024971242,-0.001571791,-0.179676084,0.11231761,0.0015717915,15.0,0.0003051971,-0.003968254,-0.092425673,-0.037898821,0.1525765656,0.066878499,0.0542267537,-0.000481644,0.0544679384,0.6063726682,0.0,0.917197752,-0.100671189,0.9166831182,-0.101022196,0.4415336026,0.0523398165,0.0105600327,0.0,0.0,0.0,0.0,0.0,0.3222986776,6.0,-0.05774782,0.0002438512,-0.042152807,0.2524188211,-0.985103262,-0.044736396,-8496.88252,0.0253456805,12.102991796,3.69683e-05,0.0021528815,0.0196886355,-0.019385295,0.0853889148,-0.019037774,0.0,0.0012128563,-0.090765099,0.0107346219,2.0,10.630426113,0.1226681921,0.0,0.0405644029,0.0176323189,0.0200654749,0.7024290925,0.2052299644,3.150689e-07,3.9396108e-07,0.5771909791,0.3331494263,0.1852667575,0.0360931495,0.0105386926,0.0732063074
91968,0.3237117133,0.0151378038,-16.47643038,0.010670482,2.3032084292,0.0830918866,0.0116053181,-0.039937316,0.0202106634,0.0021809745,-0.049744001,-0.000149688,-0.026516227,0.0155392012,0.0001496881,15.0,-0.001945597,0.0,-0.125649642,-0.080314667,0.1373070048,0.4984160507,-0.052705777,-0.00170425,0.0361437279,0.6738236642,0.0,1.4461940457,-0.021719201,1.4451781016,-0.019742997,0.910559749,0.0355463071,0.0089798446,0.0,0.0,0.0,0.0,0.0,0.1770065909,5.0,-0.086996843,0.0008780205,-0.038184553,-0.593839255,-0.953409264,-0.141514805,-3318.07975,0.0253456805,15.252891641,3.69479e-05,0.0011951505,0.0099519452,-0.003748058,0.0347378792,0.324317819,1.0,0.0,-0.005165028,-0.01129016,4.0,13.538073977,0.1673510282,0.0,0.0240415782,0.0109659658,0.021179727,0.2366482104,0.2370213986,2.5603228e-09,1.2453485e-07,0.7711556085,0.5946809725,0.0975436267,0.0300721942,-0.227857129,0.0732063074
92091,0.4198137171,-0.159761845,0.9510359241,0.048126793,0.4153473596,0.316681463,0.2611525943,2.280206379,0.8183864916,1.3047511312,1.7585659898,-0.249852061,-0.852145313,-0.023621538,0.2498520613,15.0,0.0,0.5384615385,0.2156413313,-0.844509045,0.1509000221,1.6371077763,-0.085145654,0.0254221388,3.0351239669,0.2923815312,0.0,1.249910018,1.3653152834,1.249910018,1.3653152834,1.4978535924,9.6781021898,-0.463324048,0.0,0.0,0.0,0.0,0.0,2.0027548209,3.0,12.429217783,-0.411188086,0.2228539456,0.4423484856,-28.96683074,0.224142939,-13994.6599,0.0371991411,9.6306822762,-9.3809e-05,-0.04247887,-0.163426926,0.033414086,0.2531529728,-0.041860589,1.0,-0.097323601,-0.416971052,-0.053398434,3.0,11.103009298,2.2173615189,0.0,0.0505618155,0.0269396582,0.0619120672,0.6242723927,5.5784079613,1.8029379e-07,1.3631918e-08,1.2879797289,1.6588917819,-0.528481486,0.253423679,-0.789201588,-0.054879185
14137,2.7991601235,-1.45860494,-81.93005778,0.0,6.5293785589,2.0016355519,-0.439516758,-0.318137812,-0.213635887,0.2584639821,-0.179770232,-0.397896193,-1.284749736,0.9016014033,0.3978961931,11.0,0.0,-0.293103448,-0.422466697,-0.103034612,-2.093154771,0.0685921874,0.1175372657,-0.254641801,-0.436942943,0.5398354525,0.0,0.5630447729,-0.140458168,0.5630447729,-0.140458168,31.580050293,6.7176820208,-0.512093827,0.0,0.0,1.0,0.0,0.0,-0.430721476,2.0,6.7852263482,0.0863588915,-0.204967738,12.833109761,-4.50948808,-1.974978884,-1701.687768,0.0340789314,13.012241967,0.0005237674,0.0209620584,0.0543314819,0.0611029231,0.0030164201,1.4292064991,3.0,-0.006779661,-0.35309445,-0.072666455,4.0,15.054401322,6.1601765682,0.0,0.1134751812,0.0427437021,0.0718963754,0.4033439924,13.355212824,2.3988546e-09,3.4079985e-09,2.0321245488,4.1295301819,0.0272308252,0.1156400267,-0.560007407,0.818494895
93177,2.7991601235,-0.349741856,-43.22590922,0.0,1.56130709,6.3564984102,-0.02698077,0.0508733005,0.1130190643,0.2938562684,0.0244184605,-0.111251256,-3.906733885,0.9016014033,0.1112512562,14.0,-0.001912467,-0.221962617,-0.141750627,0.0745874011,-0.116573218,0.1070482103,0.0605285223,0.0962996456,0.0547305642,0.4488769075,0.0,0.8129225736,-0.43074117,0.7456379498,-0.440455787,24.370593916,12.094775941,0.4179847746,0.0,0.0,1.0,0.0,0.0,0.1233109431,3.0,-0.0597975,0.0223674655,-0.17817393,9.9869748559,2.3194696623,0.8438034347,-8806.942435,0.0738375305,10.708421573,-0.000501733,0.0064621303,0.0074405049,0.3063244642,0.1122875806,-0.199907082,2.0,0.0538744561,-0.125458745,-0.040039743,3.0,11.390289564,5.2887767121,0.0,0.2229038775,0.0851533285,0.1154366191,1.5923349656,64.273313089,1.9610912e-07,2.0070522e-09,0.9177951223,0.8423478865,-0.027546844,0.103004111,0.4077299744,-0.133267297
91909,0.1564495725,-0.033673326,-25.4545098,0.0,2.1272558378,4.745402766,0.0803481213,-0.183585856,0.5554875851,-0.85100486,-0.190123313,-0.22503007,-16.97731397,0.5380093014,0.2250300698,14.0,-0.035277845,-0.251572327,-0.103256131,0.1038991441,0.0297569963,0.3979082482,0.4296886142,-0.080880024,-0.082930324,0.4996212853,0.0,1.3881736061,-0.220201306,0.7360346797,-0.265452547,304.50784314,5.9741873437,0.0288731625,0.0,0.0,1.0,0.0,0.0,8.4253985313,6.0,103.79230449,0.3785628164,-0.31816348,0.0938367309,-0.127933781,0.4661014578,-4692.799059,0.1707603697,10.151659283,0.006641745,0.0033076509,0.0356032778,0.0452816084,0.0042262855,-0.119354422,0.0,-0.104553525,10.682574947,0.2629632168,4.0,11.301391067,1.3533302569,0.0,0.0090180514,0.0018646733,0.0037223645,1.0888111421,3.2658549105,4.5389542e-08,3.2210031e-08,1.6084129903,2.5869923475,-0.301767548,0.2581719429,0.7973304417,-0.182629545
91849,0.096466642,0.0291943433,53.722867006,0.0141999153,0.3365054654,0.2662790724,0.0906483441,0.6605587141,0.3454947033,0.0086880973,0.7810233398,-0.014235641,-0.16913242,0.0341320532,0.0142356414,15.0,0.0002613455,0.142,0.1026054317,-0.050775701,0.0292450306,0.5034153005,0.1624363473,0.002535891,0.343557371,0.1366349417,0.0,0.9792701863,-0.011069844,0.961257764,-0.013285276,18.145712209,6.086908825,0.1559975644,0.0,0.0,0.0,0.0,0.0,1.2119569254,4.0,12.971112834,-0.257510605,-0.173607593,0.1190014105,-9.617456787,0.2818965299,4717.1045339,0.0371991411,16.638702862,0.0006737268,0.0082760659,0.037145542,0.0090556191,0.0395221962,-0.016582353,0.0,0.000600096,0.3419322199,-0.032289079,5.0,16.708193607,0.9762967007,0.0,0.0231575649,0.0200033329,0.0236299606,0.2155131739,0.7436979877,2.449625e-10,3.0763685e-08,0.5095270579,0.2596178227,0.0334585854,0.0272050978,-0.319012654,-0.054879185
14310,1.2881031201,0.1052086846,-20.30284584,0.0128968277,11.404614922,0.5169171865,0.0200571931,0.1663775914,0.0329918616,-0.03675644,0.1809147913,-0.002322242,-0.260180995,0.1325819849,0.0023222423,10.0,-0.000361646,-0.063348416,0.0837974253,-0.102139167,0.0530544171,0.1064339875,0.2669240683,-0.001458053,0.0517462996,0.6634474528,0.0,1.1157795922,0.0196455123,1.1154775357,0.0201438615,0.9570229558,0.0472193588,0.0109709978,0.0,0.0,0.0,0.0,0.0,0.2931451061,7.0,0.0884002918,0.0022809922,-0.078419646,0.1809359388,-1.226230531,-0.02078859,-6690.758982,0.0256085935,12.542527398,0.0004082433,0.0036986599,0.0354950093,0.0029316557,0.0812565114,-0.004939658,1.0,0.0028388928,-0.169642819,-0.026568854,3.0,11.626859522,0.3479730303,0.0,0.0287315939,0.0124598355,0.0175459634,0.3267175583,0.4994508376,2.5776797e-08,7.3207358e-08,1.0224319028,1.0453669959,0.0481301194,0.0423716414,-0.234459572,0.0732063074
91915,0.3816943835,-0.298791689,0.2157652387,0.0204954625,2.3076604192,0.3324487925,-0.109825658,-0.045486312,-0.056809889,0.0121551489,0.0877362465,-0.050343523,-0.464845954,-0.159899581,0.050343523,14.0,-0.001596532,-0.550769231,-0.790956654,-1.959605007,-0.704308922,0.0897719626,0.0721006109,-0.010143416,-0.4512012,0.421768302,0.0,1.472108581,0.6432236134,1.4513431645,0.6773281031,1.047261108,3.6042664482,-0.078107775,0.0,0.0,1.0,1.0,0.0,-0.337477556,2.0,8.5406503456,0.5271870973,-0.4536918,0.2920455217,-1.159794409,-0.047475507,-10344.02412,0.628146637,14.468816013,0.0193480075,-0.014927435,-0.20098771,0.1737758813,0.1069223369,0.037644797,3.0,-0.003643935,0.3847246648,0.0422238652,4.0,16.142543325,4.4357473564,0.0,0.0443911068,0.0220548592,0.0355893982,0.1988199811,4.1656208788,4.672528e-10,5.8553299e-09,2.0013620129,4.0054499066,0.0131330092,0.0812974885,-0.043175363,0.0281239559
92052,0.1218190727,0.0102673893,16.766717412,0.0,0.1528329888,0.0892567466,0.0731220645,1.0602505325,0.5055007039,-0.000710656,2.7004529764,-0.104353442,-2.073177877,0.0315535136,0.1043534422,14.0,0.0,0.4483821263,0.1076390185,-0.375019088,-0.01361099,0.1747707347,0.3549539093,0.0261136782,0.3239926512,0.290572412,0.0,2.7524451721,-0.483611555,2.7524451721,-0.483611555,1.7941475212,3.6925067815,0.1487671938,0.0,0.0,0.0,1.0,0.0,0.7271806003,3.0,-2.950394258,-0.144708501,0.2335576952,0.0439498781,-28.19904403,0.03394646,-12935.94281,0.03476008,14.509960413,-0.012253089,0.0207043287,0.0515085228,0.014106165,0.2050990078,-0.003998341,2.0,0.0006066489,0.2015907133,0.032739595,6.0,15.085905314,1.3056852792,0.0,0.029301079,0.023508248,0.041915916,0.21678564,1.0849898376,2.1273939e-09,2.3155338e-08,1.1455706307,1.3123320699,0.0925623956,0.0538571452,-0.515885729,-0.054879185
92050,0.0357669268,0.0004029409,16.946734603,0.0,0.0752136518,0.0535911342,0.05090241,0.6387260478,0.5501793683,0.0531546622,0.1895970009,-0.051197029,-11.35294118,0.0049775047,0.051197029,14.0,0.0353471716,0.4074074074,0.2251422379,0.2130649432,0.0187746761,0.1122366288,0.671480978,0.1482194418,6.95256917,0.7240082759,0.0,6.0091434071,0.6034550174,5.2666025024,0.6949861523,0.9544111439,10.792362768,0.0532465865,0.0,0.0,1.0,1.0,0.0,7.5638998682,6.0,51.913907631,0.0044562315,0.3265016373,0.2331664723,-1.183739435,4.1184758881,9353.2978586,0.0357482652,16.623198952,0.0004676722,0.0065498778,0.0274450011,0.0021235649,0.4287858322,-0.039522724,1.0,-0.000281462,1.0992196156,-0.014865719,8.0,17.487595206,1.5707095472,0.0,0.0538131781,0.0298135192,0.0424349895,0.2896757501,1.7257202897,2.450106e-10,1.9873186e-08,0.8514552249,0.7249759999,0.0748364105,0.0543175696,-0.279246259,-0.145662284
92345,0.4229784067,-0.379059801,1.1689302209,0.0,0.1002676528,0.341116049,-0.383749239,0.3581105169,0.5360962567,0.4955258071,-0.679654638,-0.477587119,-0.572334451,-0.162110818,0.4775871192,14.0,0.0087686144,-0.107142857,0.505379603,0.4678561508,-0.284307739,0.0980769231,1.0550887574,-0.060962567,10.67693475,0.8763332458,0.0,5.0271796682,2.0476037494,4.8125661843,2.0789812003,0.8311579652,8.9819168174,-1.669021037,0.0,1.0,0.0,0.0,0.0,5.8838643371,5.0,1.7692364541,0.1263177922,-0.285147416,0.1791264679,6.3120693291,-0.075363455,-5717.328567,0.0232852488,9.4189591835,0.0,-0.168271705,-0.204210902,0.0032899433,0.7376419642,-0.003168218,0.0,-0.198795181,-0.26365657,-0.120781058,2.0,10.274849006,1.5669099294,0.0,0.0608108342,0.0353873232,0.0819458039,0.5328787592,4.1974283718,3.092514e-07,1.4187654e-08,0.0340767013,0.0253139473,0.6373197347,0.2729889101,-0.195371328,-0.24467985
92095,0.2019690174,-0.097943252,2.9924580577,0.0,0.6188704153,0.6422675778,-0.076084238,0.0639664492,0.3070406758,0.1118674572,0.0518681305,-0.056190203,-0.45676098,-0.053206596,0.0561902027,14.0,-0.042324006,-0.064704079,0.0436773645,0.1300993067,0.0009959022,0.4511135938,-0.175686989,-0.01594325,0.1028341547,0.4593199232,0.0,1.6751797642,0.2709466635,1.2503289235,0.4846963244,4.4990524614,4.2438233342,-0.0836596,0.0,0.0,1.0,1.0,0.0,1.1725665205,4.0,0.312836598,0.1134860763,-0.102285755,-0.20149328,0.2407621824,-0.070920574,-14256.26383,0.0642905452,14.319220664,0.0026064817,-0.034471688,-0.142843866,0.0089227678,0.1345481033,-0.027095521,0.0,0.0036057692,1.0874925376,0.1291527916,3.0,15.231189378,2.0064298272,0.0,0.0492228754,0.0288730251,0.039053326,0.3989696936,3.5393129335,1.4725097e-09,1.2706922e-08,1.041451304,1.0846208187,-0.063708822,0.0730708217,0.1899648091,-0.091892872
92096,0.3947449794,0.025737827,2.2148078625,0.0,0.3102306864,0.254941322,0.1752626629,0.1800004586,0.4032071728,0.0005343688,0.1846192372,-0.109489533,-2.770275254,0.0970386921,0.1094895335,14.0,0.0027806676,0.1975308642,0.0933525954,-0.020424031,-0.003487074,1.0822585413,-0.207971508,0.0027680601,0.1763989243,0.3987195648,0.0,4.3435406772,-0.028885348,4.1976183374,-0.013965748,1.1082151888,5.9612272693,0.1948951673,0.0,0.0,1.0,0.0,1.0,0.687481798,4.0,1.2757692446,0.0056774159,0.0195263056,0.1508930406,5.3174865722,0.1837860551,3524.5729289,0.0232852488,16.116585559,-0.00593456,-0.003998564,-0.01278788,0.0296819818,0.0538364976,-0.170790141,1.0,0.0071423086,-0.042399346,0.0099434219,6.0,16.861804927,1.832402653,0.0,0.0330127962,0.0182232853,0.0293263598,0.3187519534,2.6497162306,1.819954e-10,1.275111e-08,0.6633908009,0.4400873547,-0.028337779,0.0400919496,0.3950537926,-0.24467985
92097,0.35508859,-0.039071663,2.3553217268,0.0,0.2817043174,0.4665696087,-0.074006983,0.5005946439,0.5000023881,0.0446488916,2.2449103474,-0.155115014,-2.106396223,0.0432287402,0.1551150136,14.0,0.0,0.0131147541,0.1473329545,0.1869598083,-0.108141793,0.409595531,0.2039434453,0.0297178665,0.051970433,0.5723615435,0.0,6.6305139933,2.0219596994,6.6305139933,2.0219596994,1.8605594756,6.3703888197,0.0428230428,0.0,0.0,0.0,1.0,0.0,0.6049466485,4.0,-2.943228981,-0.012680083,-0.201709677,0.2772193955,-28.52751898,0.0456216866,-14104.91787,0.03476008,13.108979351,0.0004474673,-0.047284345,-0.106857981,-0.035321724,0.2397502088,-0.103026974,0.0,0.0,0.6988101312,-0.055516675,4.0,14.827124862,3.0391888698,0.0,0.0938775539,0.0682435877,0.0649188058,0.5471156476,16.657130699,3.9840087e-09,6.9177726e-09,0.5859649307,0.3433549,0.4381332828,0.0865525528,0.2459099152,-0.054879185
92121,0.3540827148,0.0411078935,-3.691532444,0.0206800446,3.6750312702,0.4666700656,0.0227878736,-0.009710867,0.0204042247,-0.011478058,-0.001292382,-0.044560019,-4.430324277,0.2232291922,0.0445600194,14.0,0.0,0.023255814,-0.074058189,0.0364650331,-0.455282159,0.1927945472,0.2425843684,0.0006052844,-0.129957507,0.6953571207,0.0,1.3430873902,-0.046868127,1.3430873902,-0.046868127,0.7020596206,0.155657033,0.0131183196,0.0,0.0,1.0,0.0,0.0,0.1497875354,4.0,1.7168225507,0.0587416585,-0.002558188,-0.32178346,-0.128494205,-0.088486046,23027.218887,0.1116995972,17.27235923,0.0009891515,0.0098301572,0.0828334978,-0.00231972,0.1417950324,0.0137568954,0.0,0.0017908018,0.4252854044,-0.038795655,5.0,17.790836948,1.2672634195,0.0,0.0838239491,0.0266612,0.0328074697,0.288535505,1.6261594797,1.018061e-10,2.2022201e-08,2.1616841502,4.672878365,0.0347608386,0.0539949164,-0.000605686,0.0472491512
14328,-0.674497254,-1.45860494,2.9119040448,0.0100928127,17.182530749,2.6123563446,-0.141104542,-0.248570468,-0.069451147,1.1601636976,0.0540059061,-0.288875343,-0.753873308,-0.73243807,0.2888753434,8.0,-0.001352694,-0.356374768,-0.772911716,-0.145232138,-1.403311194,0.0675671686,0.2014594783,-0.019333421,-3.26553694,0.3919588669,0.0,0.4037516749,-0.113902378,0.2950269243,-0.102665119,3.8655880523,12.549494949,-0.322813543,0.0,0.0,1.0,1.0,0.0,-1.108548839,1.0,5.8312195547,0.5271870973,-0.259297337,-1.094815877,-1.108232689,-2.262540906,-11932.84632,0.628146637,15.883223437,-0.000597635,-0.019789745,0.1596070335,0.0329471671,0.1483337102,0.5530414412,3.0,0.0175380977,0.1303466936,0.0079258718,3.0,19.733784695,20.712996698,0.0,0.0686499327,0.0463008398,0.0844837616,0.4397979064,24.190377068,7.447113e-11,1.5917352e-09,0.9948077304,0.9896424205,0.6765202072,0.2729889101,-1.357821455,0.0281239559
92111,2.1707673925,-0.177723717,-11.05460211,0.0339258595,15.98295637,4.965932732,-0.000540965,0.3627708133,0.0305569885,-0.054422359,0.4674937363,-0.063321734,-5.639892997,0.824619032,0.0633217342,14.0,-0.006077343,0.3597621407,0.0648242782,-0.350737456,-0.465520179,0.1219106068,0.1220663644,-0.00329302,-0.105305204,0.3986016784,0.0,4.0047359445,-0.224270282,3.7840701984,-0.194605888,3.6069586545,0.6810054147,-0.00625208,0.0,0.0,1.0,0.0,0.0,0.0868985233,2.0,-0.012770711,-0.038726437,-0.166152721,0.9400475892,-0.504262085,0.940453394,-12862.21602,0.0397241163,12.913457522,0.0003867806,0.0006252419,0.0051883892,0.1842459847,0.0580365811,-0.013671458,0.0,-0.031672616,-0.536882317,0.0465334202,3.0,12.217050201,0.3610800692,0.0,0.056951452,0.0210187179,0.0348000892,0.4796754438,0.6935322352,2.618178e-08,7.524119e-08,0.9621997665,0.9258283906,-0.089024942,0.0829647127,-0.821776372,0.045344153
92143,0.0530415617,-0.034889408,5.8598351128,0.0,0.1916751102,0.1143994051,-0.291353036,0.0519455219,0.3121017247,0.0194933146,0.2142424443,-0.052398322,-0.358451107,-0.022383261,0.0523983222,14.0,0.0,-0.007077141,0.0083488459,0.2464777453,-0.026411867,0.2133257929,-0.364113801,0.0505409044,-0.290667653,0.7417630299,0.0,2.6656661123,0.3546690779,2.6656661123,0.3546690779,0.7669338324,5.0914518536,-0.162464586,0.0,0.0,0.0,1.0,0.0,0.9035309947,2.0,-2.968476679,0.0431927296,-0.221901572,-0.024827633,-24.75071907,-0.019990314,-12391.77837,0.03476008,14.048089047,-0.00044973,-0.034261774,-0.68116449,0.0007383995,0.6160273043,-0.029513625,2.0,0.0025366404,0.898607164,0.0167235676,5.0,14.588969004,1.482030737,0.0,0.048592519,0.0408478141,0.0523790238,0.3712941581,2.2943011957,3.8267567e-09,1.6083026e-08,1.5826974672,2.5049312725,-0.001516701,0.0593168563,0.2330009319,-0.054879185
92102,1.2608324137,-0.263839327,-5.244652057,0.0,2.4721102978,1.960355165,-0.029305086,-0.063182694,0.258932285,0.0410190537,-0.033871936,-0.06939604,-1.014963062,0.0039478442,0.0693960397,14.0,0.0,0.0307692308,-0.083904334,-0.049472926,0.012482488,0.6888306748,0.0991650535,-0.004935781,-0.115779962,0.1953045194,0.0,0.743616877,-0.081304795,0.743616877,-0.081304795,7.0167320313,5.1317545655,-0.014523351,0.0,0.0,1.0,1.0,0.0,0.6250434407,4.0,-2.201789566,0.1354983384,-0.1840552,1.1829632191,-28.15769389,0.0063407906,-14416.67523,0.03476008,12.118465263,0.0007155374,0.0031559871,0.0051228183,0.014146407,0.0262850357,-0.020064029,2.0,0.0384615385,1.7397610512,-0.026260221,2.0,12.217235142,0.6134391709,0.0,0.0504201166,0.0291425335,0.0577693793,0.2657490658,0.8794090802,3.8715132e-08,3.1786404e-08,1.7589992697,3.0940784307,-0.075628722,0.1039074346,-0.542996579,-0.054879185
92220,0.0949308738,0.0162056738,20.383355323,0.0,0.0205628935,0.0771327006,0.231424108,0.2266439753,0.5532193323,0.0289593266,0.335845155,0.0188755356,0.1220922006,0.0142270875,0.0188755356,14.0,0.0643881004,0.25,0.2195552106,0.1323883871,-0.036142433,0.0956975305,-0.025940362,0.1420535939,0.2053183819,0.6168933025,0.0,4.7091337519,-0.185791341,3.7856147043,-0.259303062,1.7736754936,6.3056498919,1.0113248032,0.0,0.0,0.0,0.0,0.0,0.6610533328,2.0,51.922982086,0.1179057713,0.1690942299,0.2923304193,-0.910720609,4.1277254709,7305.6355286,0.0357482652,15.651332677,-0.001102068,0.0343529834,0.041524976,0.0019601118,0.3700800326,-0.020345702,1.0,0.0001108197,0.6508757755,0.0211281091,6.0,17.271576773,3.7704790045,0.0,0.0482085533,0.0267874216,0.0405810622,0.5565409934,8.4456986327,2.810059e-10,7.0289107e-09,0.539724296,0.2913023157,0.1595458098,0.0499734936,-0.820208852,-0.145662284
92172,1.1219048021,-0.263964668,-12.30256545,0.0,0.9974373045,1.2037633104,0.0393191256,-0.134140076,0.4305496172,-0.050038948,-0.031666752,-0.187549585,-1.622455439,0.164306243,0.1875495852,14.0,0.0,-0.062611807,-0.083631251,0.008623438,-0.016283871,0.2935114411,0.2069426639,0.0256143087,-0.208598282,0.185932208,0.0,0.5121205169,0.1474862925,0.5121205169,0.1474862925,17.915968586,6.413550745,-0.156118381,0.0,0.0,1.0,0.0,0.0,0.7367350104,4.0,-3.242762187,0.0612862413,-0.277436238,1.0440356076,-28.11530262,0.1666991894,-14484.58494,0.03476008,12.533674936,0.0046850619,-0.010914749,-0.019090496,0.0152040041,0.0159045181,7.6522e-05,0.0,-0.006302521,1.5623709461,0.0647612978,4.0,12.738836083,1.1122644979,0.0,0.0393996313,0.0310809472,0.039974223,0.4472809292,3.5082559462,1.5609637e-08,1.6739061e-08,0.5588648017,0.3123298666,-0.05594161,0.070991194,-0.426610173,-0.054879185
13284,0.1564574947,0.0618793531,9.287042871,0.0161424399,0.7700771664,0.4306720191,0.1286297096,0.0060674157,0.2586516854,-0.052174281,0.0141727991,-0.058698331,-0.876254181,0.1161013949,0.0586983309,9.0,-0.00403271,-0.108108108,-0.228687917,-0.129873688,-0.033964229,0.2319749216,-0.144332026,0.0159550562,-0.032010243,0.2040109448,0.0,2.0268096515,0.2320402692,1.5415549598,0.3199762181,6.7129032258,9.1271929825,0.1209742896,0.0,0.0,1.0,0.0,0.0,1.2983354673,5.0,-1.438416358,0.0369309553,-0.111447312,-0.262963979,-0.642476948,0.1936554663,-12881.24845,0.0629453635,15.105844843,0.0020242915,0.0207872623,0.1284153005,0.0095045077,0.0575270002,0.0119626049,0.0,-0.002831257,0.0085219812,-0.004343133,7.0,15.814919212,1.7712563746,0.0,0.0513244122,0.0200825514,0.0277155976,0.2741175577,2.3289779335,5.580566e-10,1.259111e-08,0.9825776476,0.9654588336,-0.011378275,0.0346338394,0.3223018533,-0.107827317
14444,0.6694228083,-0.182350524,0.3890828764,0.1143489518,0.1204514842,0.0154099034,-1.958594976,2.3286323385,0.0220837433,3.8816859749,0.1769328264,0.1052179623,0.2963437189,-0.236388956,0.1052179623,7.0,-0.000353589,0.1428571429,-0.137880987,-0.15777346,-0.037629217,0.0346266166,-0.180934891,-0.006887504,3.9603998462,0.9210727822,0.0,9.5831886072,3.8729676747,9.5488016672,3.9855507315,0.0234310284,0.3131259884,-1.617605962,0.0,0.0,1.0,0.0,0.0,0.0384467512,3.0,47.051033551,0.0806644877,0.0619513728,0.8668223538,0.4772132787,3.8771094271,-7484.081211,0.0357482652,9.4611986596,0.0,-0.088696245,-0.109083291,0.0054389622,0.6909683127,13.664312366,0.0,0.4438015068,2.4935975886,-0.055993139,2.0,10.009290694,0.9637948012,0.0,0.0399999619,0.029902776,0.078989691,0.5148273205,1.5861765764,7.2269135e-07,3.8702013e-08,1.335973928,1.7848263363,0.3649541928,0.1821332926,-0.371572515,-0.145662284
15540,0.4496750408,0.1799696739,-4.404645688,0.0364978372,1.8589912497,0.7919277985,0.1414129781,0.1486305193,0.3480008869,-0.04426813,0.1017822911,0.0592096863,0.7187932615,0.050608685,0.0592096863,14.0,0.1223118156,0.0142566191,0.3843036166,0.2998522335,0.0245403402,0.3202334502,0.0177263828,0.1406449375,0.4212443853,0.53631717,0.0,2.6963208126,0.3136662149,1.6948843345,0.1310942717,8.6107099593,0.7455950457,0.1110815631,0.0,0.0,1.0,0.0,0.0,2.0558947485,6.0,2.1106146518,0.0871066966,-0.192764324,2.3282872151,-0.762700453,0.465382889,-9753.173316,0.0642007103,14.047596785,0.0017312426,0.0123090724,0.0698041479,0.0954416616,0.0751224873,-0.017180852,0.0,0.001334483,0.520225908,0.140421506,1.0,15.09568667,1.9462665903,0.0,0.0444483943,0.045303413,0.0539875441,0.4717905582,9.8537630545,1.5378484e-09,8.822158e-09,1.2481614705,1.5579070564,-0.009860042,0.0553645433,-0.40583679,0.06707331
92221,0.0197691443,-8.462685e-06,20.83497569,3.83035e-05,0.0583500842,0.0475617882,0.0242649638,0.3648585825,0.3607744624,0.0032186683,0.8056463466,-0.209277784,-45.71560737,0.0141549725,0.2092777845,14.0,0.0193692567,0.6021848913,0.7303665788,-0.315310982,-0.177604913,0.1169898316,-0.123933586,0.0888658426,-0.167182016,0.7921761688,0.0,1.4705675105,-0.319872579,1.4380746889,-0.333382615,1.0597234853,2.8869834299,0.0212790789,0.0,0.0,1.0,1.0,0.0,0.8160988745,4.0,0.0017821011,0.1340700462,0.6012124962,-0.016939287,0.145620071,-0.111483251,59582.651798,0.2560171468,17.708341211,-0.001172417,0.0155021559,1.1117093765,0.0089301481,0.3624151234,-0.068191315,3.0,0.0004346791,0.7079672465,0.0784965931,6.0,18.973277029,2.4586195032,0.0,0.0633790269,0.0386554081,0.0538677557,0.1768418288,1.7851764997,7.204052e-11,1.321076e-08,1.2409880617,1.5400513694,0.0061095017,0.0671932527,-0.285331379,-0.215279818
93004,1.0627937378,-0.148073261,-1.461921306,0.0,1.1215752263,0.8468017352,-0.10603255,-0.077341725,0.2753541402,-0.018081761,-0.072459973,-0.11901777,-1.82709638,0.122470858,0.1190177701,12.0,0.0121982767,-0.042553191,-0.212332225,-0.477846999,-0.045364644,1.8251345119,0.5371080619,0.0026972998,-0.080824678,0.4231189783,0.0,1.946857833,-0.062723189,1.5323956832,-0.091866316,1.5125232286,3.0248020682,-0.034894327,0.0,0.0,1.0,0.0,0.0,0.5579484772,3.0,1.3164846665,-0.048423443,-0.22055775,0.8189417991,5.5168190082,0.209218221,-5702.236021,0.0232852488,10.452124683,5.20779e-05,-0.017467445,-0.032365699,-0.029622609,0.2951091115,-0.003101307,0.0,-0.007361683,9.4528539849,0.0865383297,5.0,10.509210702,0.5933676464,0.0,0.1040724069,0.053434604,0.0687706084,0.7394799982,1.9915067337,6.4175463e-07,4.6346419e-08,0.2219287671,0.0492523777,0.9370108699,0.1004622822,-0.133884747,-0.24467985
68145,0.1946078195,-0.072174739,5.8778525733,0.000424936,0.0602894072,0.0770550646,-0.663591504,1.2286175363,-0.729424422,0.2544978737,0.3045416551,0.012245918,0.0262265834,-0.074067636,0.012245918,14.0,0.0195768077,0.0,-0.099608787,-0.517198364,0.2122241719,0.3990634755,-0.066984927,0.185718128,1.3639918661,0.8299204079,0.0,3.4798099762,0.9358604266,3.1774346793,1.185028443,0.5713740094,2.75,-1.169870632,1.0,0.0,1.0,0.0,0.0,-0.852651337,3.0,0.028181074,-0.080081862,-0.037581677,-0.208854478,-0.376683719,-0.091781614,-16289.24564,0.0642905452,11.151164488,0.002406015,-0.145121848,-0.145563732,-0.004549529,0.5374009974,-0.290023699,0.0,-0.00099108,-0.819677871,0.054438639,3.0,11.368393431,0.6603319584,0.0,0.0896947086,0.0451877965,0.0721454226,0.4984033381,1.1871542829,2.9372694e-07,6.1301096e-08,1.5130790602,2.2894082425,-0.047470983,0.1361762504,-0.476849889,-0.091892872
92293,0.1636168486,0.0527664337,1.4380642722,0.0,0.7334125239,0.7510013351,0.0691105769,0.0661157025,0.569761789,-0.018935978,-0.001114206,-0.064941176,-1.069767442,0.1092142464,0.0649411765,14.0,-0.000941176,-0.116227299,-0.033175355,-0.021298871,0.1025184211,0.4562334218,0.2196640141,0.030140982,0.5267175573,0.4760592795,0.0,1.0966386555,-0.041793049,1.0661764706,-0.039031177,3.4706994329,4.4134615385,0.1677814939,0.0,0.0,1.0,0.0,1.0,4.3702290076,6.0,-2.858659782,0.0948888293,-0.331051731,0.0857476541,-28.43553151,0.1116071929,-12153.55734,0.03476008,15.280162401,0.0051960321,0.0075723831,0.0360934183,0.0009651361,0.2872539831,-0.032348948,0.0,0.0019180471,2.0669474467,-0.126928804,7.0,16.194420386,2.1245049347,0.0,0.0198275466,0.0132214995,0.0275046822,0.33877321,3.5805631731,2.895128e-10,1.1642289e-08,0.9970435,0.9940957408,0.0730374172,0.0686496963,-0.412237175,-0.054879185
89756,-0.04809068,-0.07238462,151.68883266,0.0,0.1079184066,0.0536603556,-1.127761308,-0.237134956,0.2510959736,0.9489765939,-0.520549877,0.2927703751,0.3187431494,-0.095456721,0.3337669294,14.0,0.066875813,0.0,1.0209163347,1.0914540942,0.4511952191,0.3788437884,0.8132034681,-0.181830444,-0.672100404,0.4744989833,0.0,0.5157394924,1.8414922607,0.4645055396,1.5592162621,11.879391101,2.0148957299,-0.424949967,0.0,0.0,0.0,0.0,0.0,-0.085869879,5.0,0.2940766761,0.5271870973,-0.214824431,-0.125959875,6.9996536775,-0.093063775,-14409.23384,0.03476008,11.003203415,0.0,0.1402619349,-0.83573841,-0.012793975,0.8679952729,-0.000565452,3.0,0.4438015068,-0.762035245,-0.079460237,2.0,12.259209449,3.2570386149,0.0,0.0411111228,0.0300699789,0.0776485948,0.5269815232,6.4943016479,3.6925182e-08,9.39315e-09,2.0253122817,4.1018898384,0.0202885241,0.1889494356,-0.634868411,-0.054879185
92402,-0.012021104,0.0163222248,27.828688418,0.0067112322,0.1258940767,0.0459812646,0.3043515016,-0.001377592,0.3338580962,-0.026204375,0.0842595441,-0.049811938,-0.347755649,0.0219983706,0.0498119381,14.0,0.0,0.0697879859,0.0883260709,-0.030449817,0.023209482,0.3710646089,0.2014495314,-0.002558962,4.7777459134,0.4346562107,0.0,1.8845727361,-0.184544388,1.8845727361,-0.184544388,1.3036237016,3.0352382606,0.1543349493,0.0,0.0,0.0,0.0,0.0,-6.469352964,6.0,2.0016597835,0.0228113937,-0.137232957,1.8665910701,-0.603947943,0.4367725746,25978.245214,0.0642007103,17.348734096,0.0058586202,0.0354567533,-0.461861792,0.0018296186,0.2498049165,0.0235670932,1.0,0.0001808199,0.0648028765,-0.018651747,6.0,18.091524754,1.5578648061,0.0,0.0373402424,0.0276830533,0.0318137487,0.2538676826,1.7357748468,8.900105e-11,1.5471329e-08,0.6484553861,0.4204943878,-0.010455297,0.0400652727,-0.737305724,0.06707331
12400,0.1587514809,0.057065119,2.4059544608,0.0095499317,0.6288846801,0.7089239909,0.1550654703,0.1094059458,0.1545733353,-0.009509684,0.0725546782,-0.051161865,-0.671337593,0.0953750786,0.0511618649,11.0,-0.002772535,0.0950955561,0.0438738343,-0.067512245,-0.169151838,0.2586052054,0.0200855222,0.0227397258,0.2841963798,0.5020159295,0.0,1.9912741001,-0.010303413,1.9739160569,-0.002923491,3.2547370358,3.8567299861,0.1291057539,0.0,0.0,1.0,0.0,0.0,0.7844361557,4.0,1.9894668729,-0.014091165,-0.111925387,2.0373636551,-0.359050069,0.5101492825,-2610.608856,0.0642007103,16.525094526,0.0005539569,0.0142747606,0.0662828507,0.0446202536,0.2481384514,0.0062985385,0.0,-0.000446542,0.2297802497,-0.062692838,7.0,17.118329537,2.2212801434,0.0,0.0608834364,0.0293409914,0.0381976668,0.4094115966,5.7314014698,8.945919e-11,6.8982281e-09,1.3797479688,1.9037044573,0.0376842772,0.0394669269,0.0985399384,0.06707331
92303,1.408103292,0.0770798311,-15.81438706,0.0349003349,11.093216506,0.5455407029,0.0173136064,0.0341191682,0.0320526722,-0.050326734,0.0386321807,-0.002504438,-0.399485741,0.1078721246,0.0025044385,14.0,0.0,-0.044303797,-0.050265836,-0.043156887,0.0424686555,0.0827423168,0.1096014493,0.0011558368,-0.000108752,0.6353708111,0.0,1.080366997,-0.013525837,1.0799518669,-0.013509214,0.752351253,0.0550217976,0.0088757115,0.0,0.0,0.0,0.0,0.0,0.2751488942,4.0,0.0160352102,0.0010094641,-0.059375027,0.3009361107,-0.810025682,-0.04549845,-6764.608842,0.0256085935,11.955767302,0.0002262959,0.0022366627,0.0197994073,-0.001752163,0.0549311833,-0.016882051,0.0,0.0018326206,-0.417274898,-0.004202472,3.0,10.317832818,0.1675820152,0.0,0.0272727739,0.0130699323,0.0254680122,0.7022494912,0.4342962803,2.2917885e-07,1.8001961e-07,0.8088964837,0.6543135214,-0.040537236,0.0372823832,-0.178620345,0.0732063074
92326,0.6802803289,-0.170904577,-0.912736836,0.0807791166,1.8418973773,2.6236522989,-0.111224838,0.0186939821,0.0202304738,0.0,0.2333482342,-0.087783839,-1.3515625,0.0600836404,0.0877838386,14.0,-0.023341367,-0.042395693,-0.382463859,-0.339453107,-0.536923896,0.1220904699,0.0141591647,-0.004353393,-0.268485284,0.5921244344,0.0,2.1274658574,-0.017839155,1.6752655539,0.1081667815,4.639905549,22.078651685,0.0088070456,0.0,0.0,1.0,0.0,0.0,-0.03661163,2.0,32.632746605,-0.309539207,-0.011821021,-0.353889456,-0.189380134,-0.074848517,-23820.5596,0.0799518023,14.739893317,0.020123839,0.0221169036,0.1739130435,0.4700038162,0.149018595,-0.01267684,4.0,-0.018607443,0.1095902171,-0.116633154,1.0,15.722327741,1.6053588777,0.0,0.0795926303,0.0359846966,0.0515906244,0.2098318542,1.088485069,1.7788838e-09,2.055645e-08,1.1106575542,1.2335602028,0.1318639345,0.0805923046,0.172165023,0.2073588198
92354,0.2458939287,0.0701492549,-0.755140875,0.0766946215,0.6302840199,1.0957876455,0.6854996155,-0.053972886,0.2832109981,-0.037758898,-0.126148046,-0.218761835,-4.784201037,0.405757393,0.2187618353,14.0,-0.046890418,0.052173913,-0.080446579,-0.197081324,-0.105654886,0.0760937696,0.4213202949,-0.056845757,-0.010749269,0.5483449575,0.0,2.9205454595,0.3320747141,2.9205454595,0.4682450118,2.0818665145,3.4965064951,0.1180062466,0.0,0.0,0.0,0.0,0.0,1.7959229106,6.0,2.0163912838,-0.069974205,-0.15484703,2.124506103,-1.318381928,0.8205315969,-10766.57478,0.0642007103,11.587839499,0.0009535477,0.0249706836,0.1427203605,0.1024959034,0.3112182508,0.0027900915,7.0,0.0139413914,-0.071646914,0.0190540509,4.0,11.926312767,1.207064148,0.0,0.0296495669,0.023217749,0.0374422022,0.353445503,2.44815782,2.6994391e-08,1.6138707e-08,1.3248542391,1.7552387549,0.049577251,0.0566295914,-0.424564588,0.06707331
92428,0.6799728441,0.0416989456,0.3812940629,0.0,0.1419939708,0.7128942303,0.2116066196,0.0454244471,0.5624843264,-0.024311503,0.1019359054,-0.071600669,-1.380724684,0.099273709,0.0716006695,14.0,0.0,0.0208333333,0.124061201,-0.225273763,0.0208738163,0.1682366508,-0.027504566,-0.015018442,0.0343473763,0.7589844024,0.0,4.5735406299,-0.071007574,4.5735406299,-0.071007574,1.4132840842,18.229379107,0.5203137653,0.0,0.0,0.0,0.0,0.0,0.6727394661,7.0,-0.363067474,0.1967748889,-0.083634353,0.312493988,-1.00866503,0.0555651256,-2070.2221,0.0777638582,12.811919271,-0.001515401,-0.000569398,-0.000662326,0.0398946031,0.195643727,1.1557743555,0.0,-0.00156189,0.7572266273,-0.004976219,6.0,12.960073493,0.7661398671,0.0,0.0409604907,0.0200393652,0.0321682768,0.2835145785,0.7227252728,1.4536918e-08,4.4489782e-08,0.4908867843,0.240969835,-0.232418692,0.055665254,-0.042509036,-0.114609465
92432,0.2053752582,0.0427978824,10.002015591,0.0027479535,0.4336451918,0.6031629954,0.0956018013,0.0777629451,0.1725168074,0.0212948941,0.0126547326,-0.082678976,-1.190024519,0.0937284119,0.082678976,14.0,0.0,-0.004081633,0.1797533444,0.1924497536,0.2175786629,0.0302541256,0.0752356758,0.0143642283,0.2505055817,0.5629914778,0.0,1.036552341,-0.134679597,1.036552341,-0.134679597,9.6099611617,7.8757629597,0.1311048039,0.0,0.0,1.0,0.0,0.0,0.6085429924,7.0,4.095813776,-0.025144465,-0.04430261,1.2549843916,-1.784897925,0.2900768301,-580.9397467,0.3461731473,15.309866972,0.0022904758,0.0178516345,0.0509168172,0.0167434135,0.1128408224,0.0506566016,0.0,0.0,1.8277606732,0.0976747125,6.0,15.31106189,0.9514994202,0.0,0.0468836911,0.0273566916,0.0374372238,0.3581939575,2.633170516,7.433203e-10,1.7763802e-08,1.0461872547,1.0945077719,0.1017560952,0.0428221643,0.1211781654,-0.094679308
92400,0.256104217,0.0691181855,2.3865349739,0.0,0.5026779176,1.2351436746,0.1215764254,0.1314392903,0.7472320049,0.0068607648,0.0275623966,-0.150538786,-1.556628193,0.1767095018,0.1505387856,14.0,-0.06606017,0.0136363636,0.0046677564,0.8136089329,0.0528080658,0.0852283705,0.0761710459,-0.069713712,0.4115100775,0.6201080347,0.0,1.8086396566,0.19919901,0.7997481992,1.6177395348,6.4593123496,154.01168736,0.1794030863,0.0,0.0,1.0,0.0,0.0,2.761903876,7.0,0.031475242,-0.110173807,-0.24034557,0.0050596736,-0.309924196,0.0709712361,-23820.5596,0.4045142944,12.931006757,-0.00526854,0.0146828609,0.0349670404,-0.02503577,0.1737327765,0.0269226242,0.0,-0.000535332,0.5440886562,-0.040517706,3.0,13.537631564,1.7820723776,0.0,0.0528700761,0.0260280464,0.037277834,0.2490244577,1.7509593295,7.1930881e-09,1.4591454e-08,1.9803400765,3.9217468185,-0.010600625,0.0785263859,0.0095512744,-0.044211948
13712,1.6061748401,-0.391461311,-6.017126127,0.0418556047,9.8676708657,3.4361775285,-0.049528,0.154717986,-0.0204838,0.0011155527,0.2511067212,-0.032347791,-0.891440479,-0.042496852,0.032347791,14.0,0.0,0.3168044077,0.0261054203,-0.394946392,-2.200179064,0.2945399532,-0.164804934,0.0039449291,-0.21343051,0.3785585767,0.0,3.2121464449,-0.054160299,3.2121464449,-0.054160299,2.0847382923,0.9271563501,-0.039200904,0.0,0.0,1.0,0.0,0.0,-0.11949008,2.0,-0.030704982,-0.001920618,-0.209110454,0.3754550368,-0.794602108,0.0733375098,-12779.88494,0.0397241163,11.503489267,0.0075708361,-0.004548584,-0.042206328,-0.226007799,0.0888617569,0.0006591187,1.0,-0.024793388,-0.300551884,0.1572520789,2.0,11.234791777,0.7643845313,0.0,0.0133333206,0.0223589661,0.0542905894,0.6167538691,3.5259632217,3.994938e-08,1.9728034e-08,0.8009354805,0.6414976438,-0.022987157,0.0630617182,-0.082298984,0.045344153
92443,1.1712338949,0.0574571499,-50.90322238,0.033360813,7.3950573616,0.2790170024,0.0127416621,0.0908436331,0.0254263741,0.0617183528,0.0920102518,-0.003448678,-0.492754407,0.0857694137,0.0034486784,14.0,0.0037644825,0.0131578947,-0.001856061,-0.112540087,0.0173967455,0.1338847048,1.2755161766,0.0038891841,0.0835348845,0.5149817909,0.0,0.9549911187,-0.084743292,0.9501107677,-0.089420585,2.0517339852,0.0474470438,0.01001775,0.0,0.0,0.0,0.0,0.0,0.1847200486,5.0,0.0197058363,0.0017504445,-0.001913335,0.0640667136,-0.73180516,-0.067601161,-6231.861342,0.0256085935,13.369340366,0.0005337422,0.0029630121,0.0213486279,0.0003457274,0.0321769665,0.0636599562,0.0,0.0017482517,-0.266953132,0.002500142,2.0,12.957947096,0.608866075,0.0,0.0243346505,0.0133045304,0.0204198107,0.3978837766,1.1575238852,8.382513e-09,4.8208247e-08,0.9406071297,0.8847417725,0.0280273528,0.0281975832,-0.343561813,0.0732063074
92448,1.3657038838,-0.048496517,-0.360186259,0.0,0.059537116,0.2037948638,-0.38381201,-0.102324646,0.0404586075,-0.103626943,-0.161311054,-0.041186536,-1.27939793,0.0135498264,0.0411865356,14.0,-0.019291046,-0.181818182,0.2668746455,0.9003029456,-0.141375045,0.067284448,0.0538575972,-0.018246602,-0.099563844,0.9009401729,0.0,21.67816092,0.0645464366,20.748659004,0.0820791463,0.1726176675,11.57253886,-0.626354422,0.0,0.0,0.0,0.0,0.0,0.0423522334,4.0,0.2550047537,0.0996122592,-0.219399859,0.9622415863,-1.019591023,-0.004164152,-16344.98529,0.0642905452,10.010892519,-9.6491e-05,0.0059348154,0.0061990547,0.0165949031,0.8299919028,0.0141717537,2.0,0.0114794839,-0.134741597,-0.01178654,2.0,9.003227609,0.2357989375,0.0,0.0513112657,0.0189161994,0.0177951,1.403444298,0.8506869586,2.3959196e-06,1.5216364e-07,0.2659108423,0.070708576,-0.079404787,0.0326520547,-0.058058819,-0.091892872
92493,0.6023404944,0.0534865316,0.4379224873,0.0,0.5783867986,1.1503822519,0.09135046,0.4696276681,0.5459985111,0.0139000658,0.9416511281,-0.047310002,-0.877510462,0.1004215226,0.0473100024,14.0,0.0085944102,0.4343434343,0.476567717,-0.087387495,0.0406511638,0.4408060453,0.2145256087,0.0378928557,0.1914903699,0.4937877743,0.0,2.8001528193,0.5273306919,2.6705502802,0.543796925,3.8049727396,4.1612442899,0.2476560825,0.0,0.0,1.0,1.0,0.0,0.8411026329,7.0,0.2717940483,-0.186735677,-11.08010196,0.4366576804,-0.058349808,0.3926262616,220.27495205,0.06728965,14.334419147,-0.000368109,-0.003729799,-0.007311272,0.0194916249,0.1582326402,0.0256564275,0.0,-0.008069004,1.0358220224,0.028798854,5.0,14.841043763,2.3756461535,0.0,0.1465687305,0.042163805,0.0389915721,0.4893584741,10.321675444,9.363014e-10,6.5597038e-09,0.5670537973,0.321550009,0.0092788565,0.0774282944,-0.132915886,-0.114609465
92466,0.2708639999,0.1218920648,6.4074047337,0.0,0.1620641148,0.5452167602,0.0938606526,0.2791780935,0.4347256866,0.0178087623,-0.163287421,0.2927703751,0.9338409734,0.0080642604,0.2951313307,14.0,0.0610337155,0.1767955801,-0.225182112,-0.72713897,0.0440010604,0.1060627777,-0.01121244,0.0766506346,0.871242146,0.5317046574,0.0,1.8612867114,-0.078837802,1.2174700382,-0.181432616,6.0277419688,7.0837474246,0.7240642412,0.0,0.0,1.0,0.0,0.0,1.0072821009,5.0,0.3086390664,-0.683308299,0.1392139032,-0.132598298,0.0572670854,-0.009649718,-16152.50159,0.0642905452,11.334440002,0.0209059748,0.0390843641,0.0601374006,0.0843602097,0.1525990496,-0.003011881,1.0,0.0077120823,0.4971041409,-0.031775603,1.0,11.219037492,0.8267146854,0.0,0.0892193317,0.0320742557,0.0484663906,0.372212554,1.294336257,8.381654e-08,3.1613117e-08,1.5811117241,2.4999142842,0.2221590055,0.0796674988,-0.021700319,-0.091892872
92467,1.0556465115,0.1338305671,-105.4894458,0.0,1.6857555033,4.6989090227,0.0262409113,0.0489940331,0.2782111416,0.0293660449,-0.008285862,-0.063809511,-1.276557864,0.3046730298,0.0638095109,14.0,-0.021467604,-0.106573318,0.0021908836,-0.18148296,0.220960471,0.1731041983,-0.035758186,-0.040659096,0.1555777744,0.5857337665,0.0,1.3033502572,-0.079190868,1.1161045993,-0.013708702,446.78539962,3.6677188541,0.1854753889,0.0,0.0,1.0,0.0,0.0,0.7602466291,6.0,0.0394819223,-0.102127216,-0.133025679,0.5176813592,-0.364904533,0.1291316115,-854.4904598,0.1489431475,11.2940558,0.0018247412,-0.026604559,-0.061038036,-0.226007799,0.0024242918,0.052260009,0.0,-0.0625,-0.203157301,-0.069219324,4.0,12.010445042,1.1766804826,0.0,0.116883114,0.063697553,0.0765091107,0.4185208621,2.0609491027,1.5452232e-07,2.2040502e-08,1.3079900348,1.7108379312,-0.058451917,0.0851864604,-0.227850106,-0.073400055
92469,1.7314353208,-0.019624668,-1.348438568,0.0,1.6941743575,0.9227782762,0.0180715486,-0.011314318,0.1598664188,-0.012720617,0.0168264273,-0.080763584,-14.30978829,0.2612001743,0.0807635836,14.0,0.0025824363,0.0434782609,0.0009681451,0.086399765,0.0399938418,0.2085327815,0.1229534793,0.0497728778,-0.034735088,0.5755265536,0.0,2.0405172432,-0.643138592,1.9717591784,-0.64520333,0.7449492478,9.9572628836,0.1411126677,0.0,0.0,1.0,0.0,1.0,0.2638930406,6.0,0.6105111555,0.0741953031,-0.172249199,6.2404964626,0.0284979355,-1.490940303,-14797.78228,0.0456208962,13.675440307,0.0023909919,0.0053802125,0.0095165906,0.0139592147,0.2517977768,-0.138973352,0.0,0.0007840063,0.7237967218,0.0540245764,5.0,14.344248842,1.8186986847,0.0,0.0357435867,0.0200637994,0.0345999346,0.2968247963,2.3881467005,2.4044215e-09,1.5085172e-08,0.9021157816,0.8138128835,0.0668024019,0.0463688609,0.0358020884,-0.071440083
13561,1.0383376201,0.1085539202,-3.922798822,0.0251676986,9.4247443906,0.5147838973,0.0403640645,0.1966359798,0.0472402004,0.0101285547,0.2083559794,0.0119158516,1.0541568759,-0.005878941,0.0119158516,11.0,0.013332448,-0.090909091,0.0977542933,0.1089615112,-0.004840907,0.0696582512,0.078019424,0.0126761992,0.0998121607,0.7445892313,0.0,1.0866519337,-0.001374192,1.0711381706,-0.014069508,0.2186526198,0.0697786991,0.0138810828,0.0,0.0,0.0,0.0,0.0,0.4375112575,2.0,0.0752405057,0.0056494307,-0.10598032,-0.068829561,-0.953808906,-0.159249516,-6793.282892,0.0256085935,11.511906906,8.76204e-05,0.0028076926,0.0289495728,-0.000365662,0.222712585,0.0028677411,1.0,0.002185469,-0.819677871,-0.005664952,3.0,10.407557367,0.1862895005,0.0,0.0217048358,0.0112265953,0.0154498792,1.5923349656,1.5767242658,2.3959196e-06,1.9083128e-07,0.8332704787,0.6943396907,0.3110422459,0.0378578894,-0.193246862,0.0732063074
92917,0.3027390059,-0.011071368,13.515542705,0.0,0.588346056,1.4778899119,0.0025707162,-0.025914411,0.1916478114,0.0229510177,-0.037573381,-0.055065389,-4.490921318,0.0386492752,0.0550653891,15.0,-0.042375118,-0.017274472,0.1137694984,0.1530922728,-0.00504928,0.0973246946,-0.183183969,0.016001172,-0.002428852,0.5437988837,0.0,1.0546997144,0.2393728865,0.4976131413,0.4001331156,58.865954923,11.284593519,0.0594810305,0.0,0.0,1.0,0.0,0.0,0.5290235525,5.0,0.1258828043,0.144188135,-0.018177611,-0.153751685,-0.230242434,-0.013575151,-8495.329955,0.0376507894,10.511308812,3.17319e-05,-0.016315426,-0.035801755,-0.226007799,0.0203969322,-0.025596418,0.0,-0.007722008,-0.256756102,-0.034736887,1.0,11.806256388,2.6438674161,0.0,0.0663264692,0.0416841732,0.0726551397,0.5805403245,3.1168391712,2.3063922e-07,2.2410649e-08,1.4308840038,2.0474290322,-0.094287241,0.1123016415,0.0591304173,-0.028114825
92528,1.4354869143,-0.212563913,-1.642173033,0.1143489518,2.3757852832,4.7727589076,-0.264285714,-0.126413556,-0.054230919,0.0,-0.078035723,-0.040732612,-0.783178114,-0.046088508,0.0407326118,13.0,-0.004533414,-0.104819277,-0.159422106,-1.292549377,1.211192492,0.2246562645,-0.056054961,-0.233436137,-0.19621733,0.7185489429,0.0,2.7984373015,0.1798448694,2.735738788,0.1944972366,3.6724741164,3.9224902763,0.0049839178,0.0,0.0,0.0,0.0,0.0,-0.135580304,2.0,-0.084770424,-0.092904633,-0.057289377,0.7978660253,-1.350813323,-0.40355403,-2702.368953,0.0984150309,10.350440019,-0.016709601,0.0144007487,0.03961815,0.0156155569,0.3195644357,0.0062470917,2.0,0.0474504357,4.5117266578,0.0586232784,1.0,9.6475625117,0.5873786408,0.0,0.0398161933,0.0162110462,0.0194692691,0.9308549868,1.5725765131,3.5052524e-07,5.7512763e-08,0.9002349806,0.8104230203,0.1420141892,0.0479181757,0.0910888322,0.1210215137
91365,0.1579734382,-0.007824687,6.6894309257,0.0,0.0475795301,0.1509859654,-0.062386191,0.0384308389,0.591831385,0.013610243,0.1538592051,-0.036229602,-0.934133075,-0.000515388,0.0362296015,13.0,0.0133133743,0.001283697,0.0948149401,-0.49304005,-0.04129978,0.1386227737,-0.063342603,0.0268585852,0.0080582755,0.7657509523,0.0,5.20894785,-0.194166503,4.6176761208,-0.209508724,1.2508476705,6.4689880848,-0.119590904,0.0,0.0,0.0,0.0,0.0,0.741104646,3.0,3.9154034629,-0.110515829,-0.177296779,-0.117067484,-3.282505017,0.0910905336,-6568.315869,0.0345323743,13.544568691,0.0002136233,-0.024443581,-0.031805667,-0.001631756,0.5646522406,-0.004245356,0.0,-0.004264392,3.4141008043,-0.242631495,6.0,14.21508718,1.8099464672,0.0,0.0464115441,0.0310247476,0.0494285917,0.2505746767,1.77753663,5.6908075e-09,1.7965145e-08,0.969134668,0.9392220047,0.0718577339,0.0550439754,-0.336972457,-0.145662284
92614,0.2319596553,0.0254817781,24.070840382,0.0143761794,0.6080764501,0.1357470744,0.0510593499,0.0959347306,0.0868382801,0.0026823293,0.1126529002,-0.032080537,-1.011283498,0.0512510797,0.0320805369,13.0,0.0001342282,0.0294117647,0.0462603878,-0.0846409,-0.017371499,0.0328046926,-0.042914639,0.0764289398,0.0544028753,0.4633095452,0.0,0.6615758417,0.0528580516,0.6452620618,0.0633045257,6.5572916667,7.1669829222,0.0817431907,0.0,0.0,0.0,0.0,0.0,0.2359091652,6.0,0.7242773121,0.0492351028,0.0254034848,-0.207785941,0.0004233483,-0.132352536,16304.517502,0.0260918659,17.147875861,-0.001130287,0.0118137005,0.041554559,0.0004236343,0.0041844506,0.0016737124,2.0,-5.9158e-05,0.7489925997,-0.034624903,6.0,17.3925518,1.1494023941,0.0,0.0284177363,0.0169571748,0.0231901799,0.201334387,0.9895288044,1.104015e-10,2.4589213e-08,0.6954443462,0.4836428387,0.105254154,0.0344102024,-0.233351462,0.1163368332
92611,0.0732148199,0.0261192051,18.735887097,0.0059362794,0.0961240211,0.0511415351,0.262243068,0.0244318392,0.2074172938,-0.003766478,0.013375383,-0.035601135,-0.236861344,0.0323058351,0.0356011354,14.0,0.0,0.0487804878,0.1034056578,-0.176930477,0.0248546272,0.2489164087,0.0531078828,0.0064261793,0.1087585143,0.3169692748,0.0,1.7540504479,-0.079353518,1.7540504479,-0.079353518,1.1045179619,6.3284326595,0.2913926413,0.0,0.0,0.0,0.0,0.0,0.5227798483,7.0,-0.092012458,0.0143861103,0.0105959351,-0.844336149,-0.412429359,-0.124748171,214588.83666,0.0253456805,19.277947544,-0.00252104,0.0433525662,0.0948399047,0.003093315,0.2632696391,0.1113566355,1.0,0.000359147,0.6964436337,-0.066539085,6.0,19.733784695,1.0385928582,0.0,0.0646941513,0.0250620284,0.0261915972,0.2824775528,1.4912687875,1.06811e-11,2.3873971e-08,0.776731894,0.6033124352,0.0985276272,0.0284132754,0.1008697749,0.0732063074
92648,0.7819758638,0.0134477214,-4.717813771,0.0,0.8305903389,0.6776756931,0.0304538181,-0.004776473,0.187038097,0.0037100094,-0.034262769,-0.032703592,-3.954952737,0.066632824,0.0327035921,13.0,-0.000914076,0.0266666667,-0.077142672,0.0099659329,0.007145068,0.365904476,0.1504328661,0.0057831287,0.0296263472,0.154153702,0.0,1.6778359851,0.024345666,0.9819492939,0.0109907768,30.382896833,5.9395229456,0.0790413215,0.0,0.0,1.0,0.0,0.0,0.3702405686,7.0,51.937665577,0.0583891419,-0.054239103,0.9793754093,-1.056430035,4.164304914,-2991.302571,0.0357482652,15.064986455,-0.003659232,-0.001821418,-0.003196255,-0.062778294,0.0222623026,0.0828157379,1.0,-0.000653595,0.1011831152,0.0015236477,5.0,16.35151168,4.9182444646,0.0,0.050149262,0.0229213534,0.0453243205,0.5635212837,9.5515295502,4.035685e-10,6.6722637e-09,1.7348516431,3.0097102234,0.0145349217,0.0387367191,-0.456537911,-0.145662284
92588,0.5642596475,0.024272315,1.776927414,0.0,0.3744833695,0.8254478132,0.0297923846,-0.020464064,0.1788680158,0.0064680264,-0.104597852,-0.070380704,-2.750439809,0.0910318564,0.0703807036,13.0,-0.009421394,-0.084051724,-0.086574398,0.0412815369,-0.024378525,0.0962994327,0.4177530816,-0.003655737,0.0471816662,0.546630521,0.0,2.0750811633,0.2286091029,1.7329214668,0.2702809858,6.0074139845,8.3737494585,0.1872505464,0.0,0.0,1.0,0.0,1.0,0.3118940969,6.0,0.7191718931,-0.159524469,-0.088060004,0.1245140514,-0.343375295,-0.092571759,-11027.49169,0.0260918659,13.370705766,0.0109808711,0.0393920497,0.0608763724,0.0530304161,0.1491044581,0.0556899255,5.0,0.0058661146,0.7361803897,0.0309609845,3.0,13.099591393,0.5980287181,0.0,0.0324400589,0.0166238709,0.0299450503,0.5284894237,2.7058065858,6.6081821e-09,2.617536e-08,1.4235025139,2.026359407,0.0040185778,0.0478506684,-0.419748363,0.1163368332
10258,0.3017271098,-0.08615545,2.366903334,0.0,0.0381646451,0.0106908854,-1.255046359,0.9184271107,-0.371283545,1.3334904549,-0.083924309,-0.108013189,-0.32412178,-0.058230592,0.1080131895,13.0,0.0,-0.038461538,1.0761265043,0.3007570462,-1.157146095,0.5408865639,-0.164509515,-0.060244198,1.2265862634,0.8463295567,0.0,13.926721104,1.4310895951,13.926721104,1.4310895951,0.0381541184,4.1165371809,-2.016718423,0.0,0.0,0.0,0.0,0.0,-0.485429562,6.0,7.5977141522,0.0323785446,-0.216466097,0.0578751711,7.0667672915,0.0285167705,-5052.588541,0.0232852488,14.172019753,-0.000887516,-0.099984845,-0.112199778,-0.000204816,0.9193569766,1.2464337296,0.0,-0.001481756,-0.504539366,-0.003387354,5.0,15.308584667,2.3244214399,0.0,0.0765620619,0.0413449577,0.0602850354,0.4175460248,4.9841955256,1.9945936e-09,1.0311002e-08,0.906309699,0.8213972705,0.6048120769,0.1616459273,-0.68442417,-0.24467985
92602,-0.097467721,0.0624810983,15.484556412,0.0574320423,0.4300306574,0.2225462555,0.3278361522,0.0452478134,0.4672419825,0.0009505783,0.0566375729,-0.040050177,-0.217974181,0.0761003645,0.0400501768,13.0,0.0081195119,-0.034013605,-0.037275625,-0.049113128,0.0294994981,0.1389124894,0.0659083858,0.0174927114,0.085514382,0.4239331028,1.0,1.0956920724,0.0059066393,0.6067295437,0.013080725,3.9387783116,7.6293538952,0.1674759081,0.0,0.0,1.0,0.0,0.0,-1.667530448,6.0,-0.04439883,-0.060474844,0.0189120409,-0.386686356,-0.188694218,-0.064310155,67236.590884,0.2595729663,18.858988577,0.0024278668,0.0596273903,-0.218302889,0.0045782472,0.1154151338,0.016836402,1.0,0.0003164891,-0.188452705,-0.013546296,7.0,18.845986468,0.8828180273,0.0,0.0351243243,0.0149573073,0.0198567773,0.2334353461,0.8494920984,2.105525e-11,3.0409071e-08,0.612537159,0.3752017711,0.1645940352,0.033383891,0.0654420627,0.1092705762
93347,0.5505082733,-0.173644376,-1.223644,0.0,1.7515841842,2.847062074,-0.131134496,0.0682697429,0.3125898088,0.2676321462,0.0144787525,-0.078298385,-0.992364532,-0.001325856,0.0782983851,12.0,0.0459218377,-0.025139665,0.1347248739,-0.108142818,-0.009132371,0.0771427389,0.1000335204,0.0095662048,0.2502064009,0.6604552774,0.0,1.1130389226,0.0482509615,0.8515054393,0.0034420595,3.8296801289,7.1906562247,-0.076927333,0.0,0.0,1.0,0.0,0.0,1.4886600942,4.0,-0.084388039,0.0167467896,-0.02611206,0.5137998418,-1.301247608,-0.126964079,-23554.16171,0.2560171468,9.1840220637,-0.000536907,-0.002473874,-0.010216369,0.6133821798,0.3360539329,0.0467969448,0.0,-0.001167053,-0.603927044,-0.135736501,1.0,10.202146615,4.7552937553,0.0,0.1645570099,0.0698635579,0.0927306387,1.1639828721,15.948468084,2.1991089e-06,1.1332362e-08,0.7546552095,0.5695044852,0.0695903958,0.0808315678,0.1006992956,-0.414353799
92597,0.3901111217,0.0805958741,0.9035650425,0.0209955638,0.8974555376,0.923933814,0.1220062625,0.0068967247,0.2585143201,-0.028074866,-0.043088033,-0.069604989,-1.114445778,0.1704156057,0.0696049886,14.0,0.0065481174,-0.045454545,0.1381803735,0.0716094922,-0.010513816,0.258079409,-0.052225618,0.0075989367,0.1422096317,0.304557573,0.0,1.385856439,-0.137848966,0.9882136992,-0.144511944,6.4032185963,6.4319712618,0.1271196865,0.0,0.0,0.0,0.0,0.0,0.9000944287,6.0,0.10690157,-0.12540365,-0.269788633,0.0394223322,-1.537966062,0.263782901,-7998.984508,0.0363924557,14.904835673,-0.001178713,0.0136226284,0.0447081775,0.0197377651,0.111434905,0.0032130867,1.0,0.0021101993,0.9699154923,-0.001177319,4.0,15.157712701,1.076160064,0.0,0.025282247,0.0191555856,0.0279274111,0.3328453037,1.8719986424,9.922183e-10,1.9437245e-08,1.2734119756,1.6215780595,0.0202215023,0.0366852032,-0.02913321,-0.028114825
13262,0.089667686,-0.012872088,8.792035275,0.0,0.0309933721,0.0150892885,-0.700129966,1.4817847458,-0.260088099,0.1530173487,-0.068470748,0.0708451583,0.4658392947,-0.018868412,0.0708451583,9.0,0.0,0.6219512195,0.7961414969,0.8359142242,-0.854545389,0.0153060245,-0.762217713,0.2222992783,4.8426212121,0.8952586534,0.0,8.564529268,1.9019648155,8.564529268,1.9019648155,0.1486382482,154.01168736,-0.394827206,0.0,0.0,1.0,0.0,0.0,-0.863984848,3.0,2.0997543609,0.0107973386,0.4439466609,-0.154184253,12.351543013,0.0678789507,-1445.982781,0.0232852488,14.088755957,0.0,-0.047697959,-0.067541708,0.0105841448,0.592349042,-0.988811084,1.0,0.0122807018,-0.819677871,-0.054506269,3.0,15.814183125,3.364586406,0.0,0.0670123771,0.0326805116,0.0570534834,0.3963707642,7.2095758674,1.242329e-09,6.3270891e-09,1.2153459237,1.4770657144,1.0626053941,0.2659831941,-0.189949211,-0.24467985
12413,0.3317908775,-0.187928577,1.232802504,0.0,0.2526211075,0.0122450704,-1.733209607,0.5718286059,-0.538206397,0.2311362432,0.6635695752,-0.078567272,-0.199882512,-0.150364941,0.0785672718,11.0,0.0019260733,0.5460992908,2.6767932489,-5.127236911,-2.439959488,0.3317751336,3.0447742263,0.0044176222,0.5084897923,0.7963139496,0.0,6.3129299402,1.096456519,6.3005259022,1.0923372707,0.0270100117,2.4258534851,-0.904990991,0.0,0.0,0.0,1.0,0.0,-0.925128234,5.0,101.06497111,0.0354080904,0.3680947322,0.0879389388,5.0151821998,-0.063617578,-4632.287981,0.0232852488,14.205199225,0.0,-0.107400296,-0.212577879,0.023244793,0.6902071885,0.0235530366,1.0,-0.004608295,0.7014561713,0.043341306,3.0,17.044811002,9.59418666,0.0,0.0142252566,0.0050696831,0.0080714888,0.4079571499,19.321483147,6.162619e-11,2.7277284e-09,0.613738515,0.3766749648,-0.593228465,0.0886510473,0.7901100527,-0.279230938
92753,0.2233219391,0.0343355009,5.0621518557,0.0,0.0425371404,0.1548279043,0.365873255,0.0823206586,0.5011919014,0.0195432666,-0.380413563,0.0484217275,0.3606700269,0.0219517149,0.0484217275,13.0,0.0072808124,0.1489361702,0.3685675508,0.3966832778,-0.025162323,0.1072905752,-0.26671347,0.0552724422,0.2618205613,0.7336583935,0.0,9.1036302371,1.2427260129,8.3567296077,1.2656384314,1.0373580004,9.0822074651,0.7086634445,0.0,0.0,0.0,0.0,0.0,0.6956099785,5.0,0.203887022,0.246461743,0.1480330316,-0.233168751,-0.15005192,-0.030272711,-7861.135485,0.0376507894,13.861961594,-0.002071585,0.0051159814,0.0059557572,-0.00612128,0.5155708182,0.0218872119,1.0,0.0010509721,0.6504268278,0.0833917689,5.0,14.452096965,1.3472175568,0.0,0.0301703587,0.022959673,0.0313099732,0.4277289055,3.369084143,2.3662423e-09,1.3726989e-08,1.0682282379,1.1411115683,-0.011729096,0.051707139,-0.047073155,-0.028114825
14797,0.0775206491,-0.005224455,14.372564897,0.0,0.0253578974,0.053655493,-0.139554128,1.4286326251,0.8848921812,0.163372394,0.7223907767,-0.200462473,-2.786416587,0.009333053,0.2004624726,7.0,0.0153696225,0.2305699482,0.5125287248,0.0732802732,0.0554965,0.2570183557,-0.552841759,0.1494437708,1.8048383838,0.7294472729,0.0,3.9455191644,0.9106051202,3.800872618,1.0085087021,0.855324584,5.5508895564,-0.167850775,0.0,0.0,0.0,0.0,0.0,1.3562626263,5.0,1.4924289603,-0.144290259,0.0525653896,-0.16633129,8.1739981174,0.096080416,-2164.450171,0.0232852488,14.295369556,0.000206476,-0.021343164,-0.024793526,0.0066437862,0.6450622545,0.0363442017,0.0,0.0009468203,3.1787066003,-0.242631495,5.0,15.685380786,2.7349918265,0.0,0.0588812307,0.0416202771,0.0583818921,0.2340588081,3.8735537762,1.2402963e-09,7.8217899e-09,1.4742378994,2.1733773842,0.0533587114,0.0807146836,-0.048135351,-0.24467985
12577,0.3108943831,-0.118544554,3.1356221548,0.0,0.4152122489,0.3019375841,-0.214826263,0.2263681404,0.3630877755,0.0655697867,0.6700269784,-0.127560981,-0.709222935,-0.034470037,0.127560981,10.0,0.0196923515,0.1077738516,0.15182996,-0.187562064,0.0487843949,0.2861712643,-0.762217713,0.1871403109,-0.094797281,0.3918419095,0.0,2.1689432063,-0.259210737,1.8060056407,-0.278999281,1.9704097117,5.3118829406,-0.24988296,0.0,0.0,0.0,1.0,1.0,0.6026742702,3.0,52.082102904,0.1629692167,0.0268680815,0.5082939286,3.0527299334,4.079028346,-7075.369851,0.0357482652,12.22938776,-0.003647319,-0.047850958,-0.12648698,-0.022532114,0.1039200816,-0.178718459,2.0,0.0060698027,0.8856769334,-0.081535256,5.0,12.955515231,2.0345190632,0.0,0.0583554469,0.0421488416,0.0863654644,0.251388483,2.9482573682,1.7566726e-08,1.200393e-08,2.0525344013,4.2128974684,0.2336630981,0.1301212651,-0.513380963,-0.145662284
93345,0.1212166007,-0.017109696,7.9863081821,0.0,0.0367299063,0.0492097939,-0.340931853,0.4868286008,-0.147377459,0.0918185369,0.1833731288,-0.04071008,-0.314285714,-0.011732363,0.0407100796,11.0,0.0031991886,0.1242236025,0.0087352829,-0.444402896,0.9923577128,0.0625481139,0.2106048013,0.0100890168,0.6120909427,0.8522706839,0.0,7.3825307233,-0.005276627,7.3439413955,-0.007251171,0.4580677258,2.3578257307,-0.463937581,0.0,0.0,0.0,0.0,0.0,-0.208212895,2.0,1.2435671547,-0.210358009,-0.053780956,-0.122635338,5.9484740137,0.0750150002,-4343.152731,0.0232852488,13.574212077,0.0006593295,0.0105694503,0.0137860702,0.0121895292,0.526343545,0.0834942418,2.0,0.0047291488,0.2558379243,0.1866120428,7.0,14.868397202,2.6476632366,0.0,0.0615906157,0.0409665179,0.07151057,0.3481468339,5.5488800036,2.6312161e-09,8.7167417e-09,1.4807760733,2.1926977793,-0.015654216,0.0671452874,-1.154012058,-0.24467985
92621,1.3049316612,-0.086160095,-9.567836257,0.0,0.4408240324,0.6249383245,-0.039006791,-0.048840068,0.0769329177,-0.85100486,-0.033759207,-0.103309597,-2.146976504,0.0988236041,0.1033095965,13.0,-0.009829643,-0.011235955,-0.105059639,-0.080095645,-0.307499434,0.100448105,0.1159855527,0.0070154329,-0.053828775,0.5012577628,0.0,2.0201437136,0.2154109041,0.7009387506,0.1989435097,10.015458937,8.0811587067,0.0605209542,0.0,0.0,1.0,0.0,0.0,0.0968513031,3.0,-4.052522337,-0.043617847,-0.005614463,1.2010224837,-1.041259528,0.2209380444,-697.1453003,0.1947249482,13.857483696,0.0,0.0072210655,0.0092581725,0.0519688231,0.0476390858,0.0765160542,0.0,-0.000323625,2.0945718254,-0.149085967,5.0,16.60428073,9.1297696845,0.0,0.1505765319,0.0646977969,0.0965028398,0.43599591,19.086114907,5.964734e-10,2.0517108e-09,1.4775795188,2.1832412345,0.076335511,0.1087380768,0.0575474723,0.2706591205
92780,0.4939394579,0.0677295474,-0.823189062,0.0304218141,1.8176886592,0.6756255651,0.0311485995,0.1728164025,0.0762824738,0.002704443,0.1995102631,-0.057033514,-1.80315446,0.1898563829,0.0570335141,13.0,0.0,0.0556900726,0.1397748787,0.1123863321,-0.469697173,0.1477726758,0.0396129581,-0.000708938,0.0840398183,0.6217137817,0.0,59.253559061,0.1889510882,52.180412973,0.1889510882,0.6046606696,1.6222654638,0.0442927317,0.0,0.0,1.0,1.0,0.0,0.2662132228,5.0,0.0371624701,0.0445078054,-0.47022479,-0.736780345,0.9396150925,0.305690745,-12619.07186,0.0397241163,13.402514849,-0.008765359,-0.005773877,-0.028786242,0.0293911379,0.6170312811,0.0119724137,0.0,-0.00505552,0.7383834633,-0.105322873,6.0,14.385885463,1.8740447958,0.0,0.0274534822,0.015699414,0.0317550597,0.2509662698,1.5381533689,3.3686432e-09,1.8214126e-08,0.7704355804,0.5935709835,-0.027893083,0.0528726385,-1.357821455,0.045344153
13343,0.6430084034,-0.503383721,-5.635996891,0.0440920048,1.9767915486,4.7031471789,0.0045906656,-0.233978495,0.2051612903,0.0084881093,-0.189759036,-0.260594252,-1.952554745,0.4795005522,0.2605942523,9.0,-0.093521676,-0.1875,-0.300928454,0.0040824388,-0.032870428,0.1518151815,-0.219236209,-0.099354839,-0.45482866,0.4422307692,0.0,2.4210526316,-0.033964221,1.1453634085,0.0766859121,21.512605042,8.0250783699,-0.18968386,0.0,0.0,1.0,0.0,0.0,0.699376947,2.0,-0.155945483,-0.189041168,-0.167814256,1.680123925,-0.453965078,0.4919809621,-3139.731501,0.0624291911,13.817273484,-0.003878116,-0.006303725,-0.015669516,0.164807517,0.0273414776,-0.004888192,0.0,0.0013623978,-0.365978245,-0.040656202,2.0,14.885195226,2.1991103977,0.0,0.0431534834,0.0260414394,0.043225511,0.3793304958,2.6725106641,2.4263314e-09,1.4235878e-08,1.9282187373,3.7180274989,0.0005600839,0.0728585926,0.5634741971,0.1631852225
92852,0.3624572829,0.0592141562,10.249642023,0.0,0.0622195746,0.1943359632,0.1368615276,0.0912802485,0.3043148243,-0.030267124,0.0947677999,-0.029210143,-0.200730182,0.0711002246,0.0292101431,13.0,0.0,0.0632183908,0.084060346,-0.13608359,-0.018928214,0.1542042525,-0.145410878,0.034368679,0.0906838073,0.2206787592,0.0,2.8112164962,0.2849525157,2.8112164962,0.2849525157,3.2894247669,12.323648787,1.1078773018,0.0,0.0,1.0,0.0,0.0,0.3533090902,5.0,-0.414737261,0.0599422298,-0.041249296,-0.005021573,-0.373813594,0.0273916411,1821.8879702,0.0777638582,14.976687452,-0.000541498,0.0258033847,0.0308929313,0.0022136081,0.0363007532,-0.012278928,0.0,-0.000341064,0.4301685752,-0.114407034,6.0,15.911877506,2.4327175965,0.0,0.0208711401,0.0135138336,0.0199636937,0.2351235425,2.2047501609,4.001064e-10,1.2397704e-08,0.8314201267,0.6912594271,0.1111346109,0.0442668092,0.4681539066,-0.114609465
92685,1.1081639164,-0.000717117,-7.71716458,0.0,8.3168026188,0.3287747301,0.0164094455,-0.002374546,0.0170351834,0.0035885167,-0.001400132,-0.012265175,-45.71560737,0.1150193205,0.0122651749,14.0,0.0267342485,-0.012195122,-0.098643017,0.0253941793,0.0018363682,0.0868876271,-0.046376191,0.0255977413,-0.009627308,0.6675360069,0.0,1.148772223,-0.067964995,1.1080968151,-0.096195673,0.3088000586,0.0467108389,0.0005301,0.0,0.0,0.0,0.0,0.0,0.1438314176,4.0,-0.184479393,0.0018041495,-0.050379675,0.1906129476,-0.786976461,-0.042034686,-8541.09292,0.0253456805,11.71676386,-0.000885298,-0.005220351,-0.041770136,-0.012401446,0.1129643061,-0.026805802,0.0,-0.062978222,4.1091288529,-0.037236315,1.0,10.513561538,0.2438907104,0.0,0.0242085271,0.0162058606,0.0194074587,1.0315847472,1.283998724,2.1460493e-07,1.6282556e-07,0.5488882974,0.301278363,0.2881131853,0.0409128091,0.0344670846,0.0732063074
92688,1.1052377878,-0.139597139,-0.078877713,0.0,0.1173164286,0.1053883718,-0.193738687,3.7736518902,0.1063088184,-0.186189093,-0.059383202,-0.091320613,-0.391763154,-0.084908123,0.0913206129,14.0,0.0,1.0,-0.211903305,0.4463881525,-0.600922715,0.3685106383,-0.245561554,-0.010805159,7.7354463131,0.8684087078,0.0,8.7700224551,5.8571308481,8.7700224551,6.2131521364,0.1148827977,9.46875,-1.080304311,0.0,0.0,0.0,0.0,0.0,0.0976714101,4.0,-14.07756955,-0.15654279,0.6453260289,0.7237643278,12.351543013,-0.009358709,-4008.95421,0.2265462602,11.740107258,0.0,-0.093952995,-0.091836357,-0.008678472,0.7999776491,1.8627573778,0.0,-0.11428006,0.5967182469,0.2102137581,2.0,14.909565222,9.4454807401,0.0,0.2288135439,0.0879932854,0.1154366191,1.2190835767,37.732440538,1.3315521e-08,2.3150303e-09,1.4191994628,2.0141271152,0.1816718466,0.1469240449,0.7973304417,0.3361807193
92810,1.3156136999,0.1012334415,-12.26405277,0.0323055881,9.2792538689,0.4841300791,0.0253221382,0.1778646786,0.0426219004,-0.055339386,0.2048005027,-0.01012663,-0.979810216,0.2004230017,0.0101266298,13.0,-0.000295056,0.0,0.0260866552,-0.121569716,-0.051129016,0.0643988574,0.1004526795,-0.000758476,0.0174280575,0.6222942697,0.0,0.9692432225,0.0097444568,0.9645278457,0.0112806414,0.6289610783,0.0608292488,0.013475219,0.0,0.0,0.0,0.0,0.0,0.2964887822,4.0,0.0044743996,0.0022021993,-0.015071229,0.2084465186,-1.017018481,0.0470524269,-6630.978042,0.0256085935,12.675890399,0.0004823201,0.0054467736,0.0445780493,0.0074862823,0.1498274269,0.0199607121,1.0,0.0170630817,-0.169156436,0.0177654615,5.0,11.925065469,0.4246236173,0.0,0.0181772802,0.0122868033,0.0175272731,0.4102479501,1.1744460422,1.2715008e-08,4.4680503e-08,1.1091398498,1.2301912065,0.0205282651,0.0340509906,-0.185018814,0.0732063074
93065,0.8684854664,-0.438432619,-3.808818323,0.0,1.701935467,2.6121037924,0.0100600156,-0.189705756,0.2788194666,0.0099844533,-0.110087218,-0.256697598,-1.681694332,0.2988770313,0.2566975984,12.0,-0.00042818,-0.018181818,-0.208412928,0.0001872619,0.0478881199,0.2561168935,-0.04005849,0.0179335943,-0.310686371,0.3162661093,0.0,1.4801314556,-0.097487872,1.3605651497,-0.103256043,23.003532609,5.505732709,-0.155511921,0.0,0.0,1.0,0.0,1.0,0.6569158427,3.0,-0.467999028,0.091085932,-0.023942563,0.6978983532,-0.443886652,0.2542354435,-5234.018126,0.0915965863,12.032413908,0.0051121346,0.0057543571,0.0167792731,0.0890831896,0.0384807945,-0.015578314,0.0,-0.006889764,2.68294918,-0.012106642,3.0,11.899579434,0.5347089415,0.0,0.018333355,0.0172396443,0.0369995128,0.2843088815,0.7212786969,2.9871127e-08,4.2242172e-08,1.5623348877,2.4408903015,0.0407530706,0.0639072841,-0.302870288,-0.049938477
93339,-0.674497254,-0.221221521,1.4800907312,0.0,2.4377459686,2.10572723,0.1964583538,0.0108529289,0.8721898666,0.1516310914,0.0744968404,-0.062196038,-0.589248923,-0.090866978,0.0621960381,11.0,0.0268079554,0.1023622047,-0.057894444,0.0523429983,-0.014764431,1.1348600509,-0.120386776,0.035838518,-0.217999943,0.517227254,0.0,2.8268545513,0.0400960035,2.6044703596,0.0007545493,4.5205479452,2.9546511628,-0.046889169,0.0,0.0,1.0,0.0,1.0,-1.261289488,3.0,1.5054516885,-0.011854457,-0.075642354,-1.094815877,8.5068666673,-0.004119615,-5722.316441,0.0232852488,10.58077439,-0.003585982,-0.067356929,-0.710066203,-0.01094693,0.3589111796,0.1028154257,0.0,-0.016587678,-0.18883146,0.0063069779,5.0,10.420279326,1.2662192394,0.0,0.0773380995,0.0313568071,0.0589090676,1.280448279,3.341876002,6.4053093e-07,3.2398244e-08,1.6657136427,2.7746019395,-0.005309701,0.1181461849,0.7973304417,-0.24467985
92775,0.1015059509,-0.006279683,18.278724074,0.0,0.2293670331,0.2532326653,0.0008440135,0.2542498753,0.9024514515,0.0068272476,0.5105645999,-0.057216821,-2.709164229,0.0107330088,0.0572168207,13.0,0.0,0.1770551039,-0.177672571,0.0202322021,0.0016720161,0.4592736706,-0.605735613,0.09692933,-0.093369556,0.2668091952,0.0,2.6502239747,2.2277647857,2.6502239747,2.2277647857,5.3513399079,9.4553256928,0.0652805518,0.0,0.0,0.0,1.0,0.0,2.0554575146,4.0,1.7796584667,-0.278783079,0.1512411015,-0.574360224,1.0556302769,-0.30098223,-1135.513773,0.1116995972,13.829290868,0.0065836428,-0.003478503,-0.010481293,0.0414234563,0.1676762455,-0.0284255,0.0,0.0007151541,0.7593200831,0.071052283,5.0,15.386285584,3.2810590631,0.0,0.0507922731,0.039404115,0.0554327551,0.3702513468,5.676998129,2.0065586e-09,7.9305518e-09,1.4704839471,2.1623230387,0.0420269457,0.0660628121,-0.289487595,0.0472491512
92729,0.1763363714,0.0301136355,45.79495575,0.0035427807,0.3235001583,0.4782200322,0.1097116152,-0.056922032,0.3171967205,0.0019578741,-0.131262078,-0.076972694,-1.316176471,0.0697484941,0.076972694,13.0,-0.025639647,-0.03125,-0.111990543,0.0501344223,0.027163061,0.2433898305,0.0993354692,-0.011697739,0.1187006146,0.2960817875,0.0,1.3466666667,-0.097721924,0.9154098361,-0.062258275,33.680311891,5.6760840999,0.1436639885,0.0,0.0,1.0,0.0,0.0,1.04214223,5.0,0.1041579169,-0.117533529,-0.032153139,-0.280154319,-0.164166335,0.0175240678,-5016.659135,0.0376507894,15.136029708,0.001048623,0.0148256844,0.0427300569,0.0130347366,0.0285504047,-0.001926025,0.0,-0.001280683,0.0294957469,0.0071250966,5.0,15.74380589,1.7159996644,0.0,0.1100809872,0.0354846352,0.0327959361,0.3552333738,3.2604476954,7.879101e-10,1.1809175e-08,1.4384369535,2.0691008691,0.0778810165,0.0447197742,-0.218609391,-0.028114825
13305,0.3042344895,0.025036912,10.051758607,0.0061003643,0.4155449569,0.3035566713,0.0638663484,-0.062308731,0.1631330815,-0.001411639,-0.151984093,-0.022224752,-0.660744501,0.0415799139,0.0222247517,10.0,0.0035855553,-0.033823529,-0.307112121,-0.148874913,-0.012146968,0.1308041889,-0.300252026,0.0283973422,0.0955758963,0.2676831613,0.0,2.8588976378,0.0299991094,1.8192125984,-0.124787348,5.6068075117,5.0354884048,0.0862649701,0.0,0.0,1.0,0.0,1.0,0.4234172387,5.0,-0.109763255,-0.141123834,-0.340349739,-0.318785199,-13.75217061,-0.055043522,1642.133425,0.0553124103,15.183881055,-0.003053973,0.0044693668,0.0101622168,-0.033826989,0.1294624705,0.0755911355,0.0,-0.000155545,-0.180347121,-0.011292322,4.0,15.834312252,1.7354222236,0.0,0.0276796948,0.0226519062,0.0342297452,0.4144906593,4.539546459,5.724555e-10,1.3240997e-08,1.2283466347,1.508835455,0.0091670793,0.0364059147,-0.55590485,-0.010696088
13604,0.3854900573,0.0888566704,0.249532539,0.0,1.7822247868,1.678942545,0.0814126615,0.0707143285,0.1834620681,0.0142215569,0.0063659388,-0.048983605,-1.155525239,0.1915327957,0.0489836047,9.0,0.0369545731,0.0,0.1828507985,-0.096250631,-0.145261906,0.1630082077,-0.011726571,0.0752050775,0.5200764818,0.3512179286,0.0,1.5988700565,-0.085582045,1.0003138732,-0.143316914,12.694775435,7.3709419904,0.1082869912,0.0,0.0,1.0,0.0,0.0,1.3040152964,6.0,-0.019378704,0.0313400355,-0.015828004,-0.102471827,-0.338829557,0.2165357749,-2532.199458,0.2672167036,15.846832028,-0.002035806,0.0129714968,0.0772096173,0.0801285937,0.0610110726,-0.037905564,3.0,0.0,1.4686321136,-0.056006132,3.0,16.572210578,1.6618623689,0.0,0.0460514724,0.0209375393,0.027642232,0.2922616566,1.4111856588,4.905322e-10,2.1302168e-08,0.9762803174,0.9531232581,0.0488131137,0.0399452533,-0.170398963,-0.031359609
92782,0.4268492396,0.0584251935,2.2332539262,0.0,0.5633483654,2.2346246953,0.083145377,-0.011918192,0.3162309462,0.0051054117,-0.119411684,-0.116191303,-1.981109277,0.1741718863,0.1161913032,13.0,-0.031247723,0.014084507,0.0850890733,0.0788804442,0.1656516311,0.2239724211,0.0480255023,-0.010618422,0.177838566,0.5229511216,0.0,1.4359133965,-0.108565705,1.016871899,-0.043987429,99.14381507,5.6278926505,0.1739094501,0.0,0.0,1.0,0.0,0.0,0.8619533516,7.0,0.0113835565,0.0298427762,-0.012367854,-0.111115913,-0.452240551,-0.001369532,0.1363801739,0.1489431475,14.111790288,0.0010069574,0.0220501259,0.0491301352,0.0013588988,0.0686258198,-0.0010048,6.0,0.0023115578,0.8093754786,-0.062602689,6.0,14.515800577,1.1010154473,0.0,0.0167993996,0.0191456771,0.0334893924,0.2769412589,1.6751840856,2.3178508e-09,2.1564815e-08,1.4157720553,2.0044105125,0.035480864,0.0433776247,-0.537043029,-0.073400055
93089,0.0798298463,0.0210861802,130.04803482,0.0052219879,0.1438960939,0.0823861056,0.1397535845,0.0718051933,0.2538127906,-0.002108334,0.0144335058,-0.04868304,-0.499228287,0.0316129979,0.0486830403,12.0,0.0,-0.03655914,0.068083311,0.0888319741,0.0279504753,0.3979331037,-0.057475099,0.0337765053,0.1934713376,0.136657079,0.0,0.5550740844,0.1116385007,0.5550740844,0.1116385007,12.398040962,6.0825688073,0.2217436322,0.0,0.0,1.0,0.0,0.0,0.7309359519,7.0,0.0570058134,0.0772456032,-1.244306649,-0.150075765,5.823723312,-0.025667299,22582.617887,0.1719954965,17.288094943,0.0,0.0261486206,0.0732522244,0.0017446942,0.0423360522,-0.010238392,1.0,0.0003495281,0.2357361483,0.0192380504,6.0,18.119905141,1.6215521864,0.0,0.0204874985,0.0156576974,0.0206105602,0.3151524062,1.9589575586,5.834562e-11,1.7874211e-08,0.5835515434,0.3405324038,0.1567208561,0.0314272177,-0.147691142,0.0946339185
12527,0.3300574005,-0.070540518,2.2044592365,0.0007903018,0.1167215009,0.0072434202,-0.621783208,0.5603520581,-0.320557602,0.5554468805,0.0217657389,0.0568675178,0.295471194,-0.091383208,0.0568675178,13.0,-0.006394175,0.0,0.4459951456,0.4634204657,0.8050299792,0.0219637871,0.1842646792,0.05115247,0.9178529796,0.8132738011,0.0,15.740707299,0.3347532457,15.736644093,0.3518797124,0.024573597,0.4312341658,-0.590771499,0.0,0.0,1.0,0.0,0.0,-0.576618743,3.0,-10.21822991,-0.02794272,-0.31857443,-0.025062836,1.4512253518,0.0511933447,-5496.544372,0.02204135,11.063677647,0.0,-0.035300201,-0.047778238,-0.001411039,0.5723777124,21.766666667,0.0,0.0101499562,0.4510178862,-0.110471389,4.0,12.475269832,2.2738052675,0.0,0.1967476159,0.0753990019,0.1020695118,0.4480468043,5.1368166694,7.5355346e-08,1.1634324e-08,0.0340767013,8.1460812957,-0.528481486,0.2729889101,-0.19421482,-0.24467985
92797,0.3286416077,0.0544359413,12.283795754,0.0,0.2346856478,1.0715009271,0.1478981445,0.1265344873,0.5777841561,0.0305744007,-0.040425244,-0.118050148,-1.153027076,0.1172020555,0.118050148,13.0,0.0,-0.03514377,0.0027224731,0.0094608509,0.071384285,0.6827087693,0.4101494759,-0.013269452,0.2863656007,0.3279433295,0.0,1.8732420008,-0.031625696,1.8732420008,-0.031625696,25.283444054,6.0403622331,0.3098471498,0.0,0.0,1.0,0.0,0.0,1.1121866897,5.0,-2.946224512,-0.007601202,-0.249968201,0.2507724132,-28.93701299,0.119595002,-14417.14464,0.03476008,12.269780701,0.0034676579,0.0313350997,0.0515740222,0.0624382004,0.047331468,-0.011071821,0.0,0.0017636684,1.3632971093,0.0699965321,4.0,10.817125356,0.2812311406,0.0,0.1495070904,0.0481204336,0.0477605498,0.8923387994,1.3399661263,9.4506748e-08,6.9295598e-08,1.2967728379,1.6816197932,0.1248575886,0.0796414609,-0.180633454,-0.054879185
92809,0.9053117862,0.1483967112,-35.21632651,0.0127482547,7.7299042335,0.9320028171,0.0525089384,-0.025001913,0.1016504923,2.0004210526,-0.041648103,-0.048965735,-2.885852471,0.576647727,0.0489657347,13.0,-0.040506368,-0.152298851,-0.028029312,-0.01506951,0.0675830642,0.0687203083,0.195097203,-0.039344337,0.146911084,0.5471457531,0.0,1.0820101338,-0.1980028,0.9055100279,-0.157718393,5.2088359046,0.1725892618,0.0202510876,0.0,0.0,0.0,0.0,0.0,1.1405399563,5.0,-0.120704659,-0.016605978,-0.190483403,-0.012239183,-0.598552815,0.419593721,-8470.14145,0.0253456805,12.094133895,-0.003569597,0.002757263,0.0272821898,-0.201015885,0.0207206485,-0.010688855,1.0,0.0032188841,-0.456638423,0.001284222,5.0,10.211518464,0.1417480242,0.0,0.0183598064,0.0084276008,0.0136945488,0.9261555042,0.473558674,1.1742062e-07,2.1440801e-07,0.931554467,0.8677937251,-0.017833787,0.043343979,-0.315929681,0.0732063074
87078,0.8245615289,-0.065628198,-1.182971021,0.0,0.6192588255,0.7436301965,0.0304539246,-0.089876624,0.2243532614,-0.138685952,-0.348429175,-0.008460719,-0.195326462,-0.052809274,0.0084607185,13.0,0.0,-0.125,-0.151820563,-0.014632381,-0.03608917,1.0448202509,0.021175709,-0.004359057,0.2964974774,0.3326654483,0.0,1.233686751,0.775442386,1.233686751,0.775442386,2.795902989,3.1339352191,0.027559281,0.0,0.0,0.0,1.0,0.0,0.5330846538,4.0,-2.92487889,0.0268010886,-0.339824431,0.7466923343,-28.22474391,-0.050416328,-12577.53086,0.03476008,14.67907653,0.0035934672,0.0079817344,0.0145506841,-0.134827478,0.0870746196,0.0159913754,0.0,0.0067314884,0.2516342309,0.0857292349,2.0,16.220645949,3.2979601218,0.0,0.02531082,0.0167228249,0.0302034866,0.2442292178,2.4515891754,5.682424e-10,1.0979797e-08,1.1561111246,1.3365929324,0.1267494608,0.0533506691,0.6136702462,-0.054879185
91161,1.3774452612,-0.231631978,-2.810910484,0.0,1.708365427,4.0964820708,-0.085495553,-0.070250698,0.0503062622,-0.010407416,-0.036832539,-0.126738752,-1.909170306,0.2105929163,0.126738752,13.0,0.010069161,0.0231707317,-0.204166491,0.2999825757,2.0062880864,0.0906049633,0.1051263005,0.0258164735,-0.139715789,0.5854879433,0.0,1.4193889817,0.1513657853,0.8239024563,0.0758263276,7.000178305,34.212221452,-0.037342564,0.0,1.0,1.0,1.0,0.0,0.0604305065,5.0,1.4297435455,-0.044282432,-0.154833827,1.1335933225,6.4086394663,0.2973402793,-5276.847931,0.0232852488,14.228138964,-0.004730653,-0.029916395,-0.069001274,0.1844295605,0.3411383851,0.0781659264,0.0,-0.030015314,0.7022282537,0.0894864136,5.0,15.867067658,4.4082902902,0.0,0.0742706135,0.037728517,0.0575852019,0.3948672326,8.970504803,8.529201e-10,4.9004888e-09,1.8635732781,3.4729053627,0.0504636026,0.077934517,-0.533832577,-0.24467985
92808,0.1059867077,-0.041156829,8.9597493825,0.0144745241,0.0166830812,0.0303455241,-1.677402597,0.6907367394,0.3161985084,0.3446087096,0.6615016377,-0.157898145,-0.374681132,-0.025736141,0.1578981453,13.0,0.0,-0.060185185,0.043633358,0.0719845144,0.0139491108,0.4126357354,0.1055347094,0.0003136544,0.6961336032,0.8578068187,0.0,8.5752864157,0.0782985921,8.5752864157,0.0782985921,0.308640387,6.1402610699,-2.882283334,1.0,0.0,0.0,0.0,0.0,0.3673279352,5.0,0.2400344099,-0.010823311,-0.097766862,-0.29747559,-0.084016378,-0.04345012,-15576.34299,0.0642905452,13.033669214,6.13459e-05,-0.035643343,-0.044005395,0.0011420291,0.6141872359,-0.003589911,1.0,0.0008710801,0.1867113101,-0.057873697,3.0,13.83230151,1.3138090701,0.0,0.0503597111,0.0336417715,0.0629840055,0.3008187766,1.8806800973,1.0718133e-08,1.9392211e-08,1.6526018451,2.7310928584,0.181938398,0.0880146569,-0.9860998,-0.091892872
92854,0.8329194177,0.1232356306,-11.25541086,0.0,2.0448163713,2.9867457762,0.1002550298,-0.041167386,0.2157959205,0.0034511988,-0.115099952,-0.092384655,-2.203631647,0.3948015663,0.0923846551,13.0,-0.009842038,0.0151975684,0.0608004542,0.0538995759,0.3858257508,0.0884462151,0.018202622,0.0028758588,0.20625,0.5366071984,0.0,1.9399509804,0.1678021788,0.864379085,0.3143812116,52.050139276,11.642367601,0.1380550459,0.0,0.0,1.0,0.0,0.0,0.8303240741,8.0,0.0585472417,0.1579666642,0.0589862556,-0.205097471,-0.686950984,0.2219984969,-8197.191969,0.0738375305,13.229564596,-0.005637966,0.0011422697,0.004097521,-0.010787778,0.0161806647,-0.094679783,1.0,0.0026089225,0.3302200155,-0.008985118,3.0,13.195055139,1.3072185705,0.0,0.2061930597,0.0517232471,0.0384670408,0.4976841606,4.957724281,7.0678925e-09,1.6006138e-08,1.0610737468,1.1258774962,0.1615995722,0.0712632785,-0.458612366,-0.133267297
13253,1.1845847871,-0.21966976,-3.005150146,0.0027840419,3.119351413,1.6286163616,-0.008686512,-0.119960411,0.1060674423,0.0052308361,-0.117876312,-0.043148373,-0.907672621,-0.020281533,0.0431483729,9.0,-0.008228023,-0.259072118,-0.426315229,-0.561830325,0.2200658153,0.1106803618,-0.031207596,-0.02039766,-0.127559319,0.4931647667,0.0,2.4952564201,0.6440830049,1.9581261705,0.7075869491,5.6048568778,4.0877042922,0.0239955335,0.0,0.0,1.0,0.0,0.0,0.270692567,4.0,-3.764410247,-0.182076771,-0.253450626,1.0806756096,-1.00767997,0.1018329071,-492.9140603,0.1947249482,14.153112367,-0.00089869,-0.008865869,-0.031339634,0.1524380701,0.1118384908,0.1093394671,0.0,-0.013767209,0.4048404123,0.0566740185,4.0,15.996213609,4.5509669612,0.0,0.0640755892,0.0317512771,0.0603701661,0.2934824074,5.2585868674,9.696229e-10,6.4034739e-09,2.3954785976,5.7383177115,0.040607179,0.1184497134,0.7973304417,0.2706591205
92902,0.3871769292,-0.320061554,0.3288006034,0.0,0.6674857815,2.5964856258,-0.537547702,-0.355131967,0.5921331425,0.0639694002,-0.324808201,-0.361060071,-1.517363948,0.1655883093,0.3610600714,12.0,0.0,-0.6,-0.049483598,0.7025798596,-0.272004853,0.2249600505,0.1635948101,-0.037783144,-0.40147365,0.5625692473,0.0,1.0854725005,-0.109750141,1.0854725005,-0.109750141,6.9655686522,42.922719412,-0.29649136,0.0,0.0,0.0,0.0,0.0,1.4970486567,3.0,-0.378656165,0.4213200455,-0.753788953,0.0196980732,-1.586030425,0.1218797258,-2368.65484,0.0777638582,10.121334482,0.0017965044,-0.033912733,-0.110787977,-0.226007799,0.2708794169,-0.076434148,0.0,-0.020920502,1.9771411802,-0.197000079,4.0,10.326809748,0.9245072736,0.0,0.1150000095,0.0417204399,0.0626704267,1.104612678,4.2088119487,4.9671167e-07,2.3394157e-08,1.4118276223,1.9932572352,-0.109011828,0.1153368012,-0.039309556,-0.114609465
82163,0.0768406934,-1.084973896,2.4291399271,0.0,0.6012158201,0.3630492111,-1.573213393,-0.354800276,0.0341548045,0.5177421963,1.3186208065,-0.477587119,-0.576825737,-0.459133028,0.5572082991,12.0,0.0268079484,-0.16374269,-0.252645383,0.1653524871,-0.501084836,0.3191374663,0.6118763265,0.0034489246,-0.902933097,0.4955291088,0.0,0.6285255445,-0.537562455,0.4721469437,-0.592026041,2.410940919,15.120768527,-2.340336456,0.0,0.0,0.0,0.0,1.0,0.0409024059,2.0,-0.246319085,0.0201567503,-0.341747249,-0.167011245,5.1864954502,-0.372385665,-5700.927867,0.0232852488,10.981390279,0.0,-0.081121384,-0.110713597,-0.000747822,0.6380779129,-9.449325137,2.0,0.0334719527,-0.729586982,-0.110939499,2.0,11.681392167,1.1747599616,0.0,0.0440463871,0.0290459041,0.0615336082,0.4448336739,2.6367815736,7.1039542e-08,1.8684138e-08,1.4071928389,1.9801916858,-0.341180434,0.1748576026,-0.958508611,-0.24467985
75754,0.4261988566,0.0318944919,1.6931995296,0.0,0.1021805019,0.2805685458,0.1896562969,0.0771534424,0.4232170423,-0.003961965,0.0726550079,-0.067777464,-1.082621083,0.0664241413,0.067777464,14.0,0.0,0.0886075949,0.1369131635,-0.060800033,0.0057058245,0.5135238095,-0.067832605,-0.008335906,0.0782375479,0.6522939895,0.0,4.8849093689,0.0417667431,4.8849093689,0.0417667431,0.9473307425,7.369132856,0.5298765053,0.0,0.0,0.0,0.0,0.0,0.525210728,8.0,-2.867873808,0.1101864614,-0.126216836,0.348329662,-28.93701299,0.0688170877,-14532.26313,0.03476008,11.413798626,0.0010519241,0.0274869813,0.0344897272,0.0058808903,0.5905833377,-0.000432393,0.0,-0.000382409,1.4993337825,0.0055155945,5.0,10.491358365,0.3601198343,0.0,0.0477720015,0.0284706733,0.0284602183,0.9782141597,1.538685559,2.2982275e-07,5.162844e-08,0.5501981429,0.3027179964,0.0204195667,0.065952324,0.0186812401,-0.054879185
92987,1.1344838281,0.0848668785,-4.751719356,0.0426364264,8.4939452124,0.3492337052,0.0180511614,0.011736494,0.0300745861,-0.012769181,0.010675073,-0.001136019,-0.128137597,0.0957415164,0.0011360192,12.0,0.0008219938,0.0,-0.082002398,0.0301826063,0.0282112291,0.0712124738,-0.030026509,0.0014202088,0.0197548075,0.653752759,0.0,1.0680401253,0.0692673434,1.0667176768,0.0682513875,0.2105968207,0.0544145502,0.0107053179,0.0,0.0,0.0,0.0,0.0,0.2572676206,5.0,0.0166472498,0.0021366748,-0.015071229,0.0273166468,0.8779059325,-0.057629058,-6656.384952,0.0256085935,12.253994249,-5.6022e-05,0.0019520871,0.0165655038,-0.009689155,0.0478898174,-0.02739544,1.0,0.0027580772,0.4177540219,0.0064572013,3.0,11.508676451,0.3094851535,0.0,0.0132421814,0.0096786251,0.0131819237,0.8640994843,0.9080440276,4.2694111e-08,8.1214684e-08,0.8300699797,0.6890161711,0.0609528694,0.0285019111,-0.090115121,0.0732063074
93073,0.279901474,0.0178800938,8.2018041329,0.0,0.2017769099,0.4127078365,0.0788397119,0.4017821807,0.3576249945,0.013382852,1.3201494204,-0.099753487,-2.302176078,0.0590432181,0.0997534868,12.0,0.0,0.0571935736,0.1787694342,0.2975274284,0.091703345,0.2087114652,-0.343370124,0.0461893873,0.0905902538,0.3053176851,0.0,1.9992703317,-0.350406168,1.9992703317,-0.350406168,5.271474655,5.6634058561,0.1688925769,0.0,0.0,1.0,0.0,0.0,0.472102138,4.0,4.0734214461,-0.162699955,0.0169725963,1.3295106075,-1.010103223,0.2553916363,-2711.201327,0.3461731473,14.118916259,0.0020059503,0.0130201539,0.0212790986,0.0178675309,0.1647491932,-0.005558793,0.0,0.0002507837,1.828960514,0.0645982362,5.0,14.336392263,1.0698566777,0.0,0.0410009138,0.0244671776,0.0368218072,0.3100265228,1.4173455206,3.3680157e-09,2.5714072e-08,1.0430513129,1.0879560414,0.0607218406,0.0458499385,0.0176474619,-0.094679308
13863,-0.341868348,-0.505972102,5.3112174788,0.0,0.8425635894,0.1788508436,-1.544035046,-0.317219703,0.1952057627,0.10542192,0.1901435053,-0.107480853,-0.131067326,-0.439655692,0.1074808533,10.0,-0.017283443,0.1494252874,0.3066650553,-0.02068369,-0.107874882,0.353406326,2.8035475113,-0.015809103,-3.26553694,0.6286442432,0.0,2.1675951248,-0.448730522,2.0326648435,-0.451851136,0.8060035286,2.0033351862,-0.638187327,0.0,0.0,1.0,0.0,0.0,2.5367894794,2.0,2.1358468905,0.0987903421,-0.028579271,-0.585720287,5.0281380724,-0.352908329,-5383.734971,0.0232852488,11.378507147,0.0,-0.193795337,0.9662957982,0.0192504703,0.5001287996,-0.005373898,0.0,-0.198795181,1.429112487,-0.173889488,4.0,13.558653761,22.071961223,0.0,0.0592991933,0.0342605527,0.0932427878,0.3736268569,4.8231985162,2.4160847e-08,7.3029063e-09,1.4485442586,2.0982804691,-0.018575951,0.1053059724,-0.324592408,-0.24467985
93098,0.4269544693,-0.093475239,0.925889197,0.002659324,0.7864950751,0.2747081699,-0.087100788,0.0845907093,-0.003683022,-0.002786201,0.3292134831,-0.010486721,-0.13086771,-0.081242348,0.0104867206,12.0,-0.000341958,-0.327272727,-0.588446215,-0.339040039,-0.444427592,0.0861111111,0.0335950692,-0.018177498,-0.189550732,0.4436261365,0.0,2.6046747967,0.6580755154,2.5955284553,0.6639574395,1.0913893291,6.5379746835,-0.075832127,0.0,0.0,1.0,0.0,0.0,-0.041393236,2.0,86.878109831,-0.213789053,-0.759331351,2.6217571666,-0.333054877,-0.094997728,-3779.040892,0.1661919548,15.398375317,0.0213550136,0.0133898683,0.0412938747,0.0533242031,0.2943969611,-0.247471045,2.0,0.0343709468,-0.228170338,0.0369999055,2.0,16.803102293,4.075734238,0.0,0.0671438724,0.027221267,0.0384185907,0.3801717247,8.0062584131,2.715663e-10,6.1043136e-09,1.4099346585,1.9879157414,0.0270826804,0.0421503853,0.0796943726,0.1917246791
93132,0.0354655107,0.0202393715,10.953913351,0.0,0.1321048843,0.1074903283,0.2000271838,0.0409213743,0.5387208853,-0.053581829,0.2437587767,-0.150113493,-1.218423746,0.0448995023,0.1501134931,12.0,0.0055233291,0.1632307258,0.2032279009,-0.119572026,0.0195070719,0.1383470742,-0.127245568,0.042748681,-0.352447235,0.6662445543,0.0,1.4978955999,-0.202853393,1.421481279,-0.209877103,1.4120720623,3.6033333333,0.1937727091,0.0,0.0,0.0,0.0,0.0,1.5834783267,6.0,0.1445082604,0.147832181,0.1623275872,-0.42102518,0.2963302342,-0.007324924,15506.484635,0.0376507894,17.651057777,-0.003987508,0.0293403371,0.1553037517,0.0045285626,0.522728034,0.01650443,2.0,2.73935e-05,0.4010365544,0.0384846446,7.0,18.5515053,1.6215153837,0.0,0.0630976409,0.0336842034,0.0439581089,0.1939045505,1.2633456887,8.847914e-11,1.8959344e-08,0.7930286106,0.6288943773,0.1166372705,0.0513198829,-0.787589393,-0.028114825
93085,-0.13706706,-0.156714716,7.1505356309,0.0,0.3425700302,0.0837860317,-2.432098765,0.32177354,-0.795690996,0.1378203354,0.2268547502,-0.238828217,-0.275059575,-0.113608833,0.2388282166,12.0,0.0013081309,0.0736434109,-0.339805912,0.5510282502,1.109272726,0.0575560067,-0.006081719,-0.007403135,0.1076031223,0.8476579744,0.0,4.1181674652,1.2014501851,4.0812826655,1.2061234658,0.5469533838,19.217130955,-0.498170812,0.0,0.0,1.0,1.0,0.0,1.2450445327,2.0,0.3021546699,-0.479211506,-0.104361148,-0.380918999,5.7909536657,-0.02686147,-4865.480386,0.0232852488,12.290749683,0.0342923876,-0.193795337,0.1797755546,-0.03027871,0.4081017581,-18.76666667,1.0,0.0072516316,-0.506530409,0.0675154785,3.0,13.528485295,1.8253998618,0.0,0.0535279289,0.0425524483,0.0790612704,0.3639684056,4.1134783338,1.4949944e-08,1.1379478e-08,1.1046980303,1.2203577381,-0.099278375,0.0920171534,0.1983894171,-0.24467985
14262,0.090385961,-0.163345571,25.395160633,0.0,0.2162304784,0.0218840518,-0.407997173,-0.039111816,-0.34157473,0.595477896,-0.247267926,-0.254103053,-0.465471201,-0.087312912,0.2541030533,12.0,-0.002800301,0.6193548387,0.2721430389,0.2037216237,-0.238317777,0.1495406762,0.0424793397,0.0067930104,1.1014785972,0.2017382676,0.0,0.8938018242,0.5235150169,0.8748237977,0.56922353,0.7081680363,2.5787437121,-0.624822412,0.0,0.0,1.0,0.0,0.0,-2.68048557,5.0,3.2448371154,0.0366028419,0.4413502801,-0.153465978,5.5141779041,-0.000565549,-3919.275271,0.0232852488,13.28330544,0.0004002757,-0.153805763,-0.643520906,0.0001368648,0.2160881521,2.9730520127,1.0,-0.022280472,0.0887969487,-0.093750199,3.0,15.545526013,4.5960604643,0.0,0.0451977663,0.0378289868,0.0678106117,0.2212101782,5.4625683888,2.2327421e-09,4.723196e-09,0.4088528536,0.1671606559,0.8320620058,0.204002523,-0.61341928,-0.24467985
92596,0.2692537407,-0.010632897,14.42819398,0.0,0.3682855199,0.1106726906,0.0089598851,-0.072472435,0.121633522,0.0184149751,-0.102928232,-0.087571261,-5.455828308,0.047378365,0.0875712613,12.0,-0.002135584,0.01953125,0.0410299691,0.1508746494,0.020241401,0.1030835926,0.1107376995,0.0009002204,-0.027303153,0.5592698,0.0,3.0761019527,0.0203381784,2.7888513514,0.0469893434,2.3840499171,9.5409559942,0.1203764932,0.0,1.0,1.0,0.0,0.0,0.23226902,7.0,0.7705086786,0.0676305612,-0.19619621,4.7783148825,-0.619746667,-1.704762112,-11571.92458,0.0456208962,15.335153777,0.0012553762,-0.00065134,-0.001586543,0.0020287823,0.0901461116,0.0373965463,0.0,0.000250941,-0.116038089,0.0621092236,3.0,15.697414005,1.6210622539,0.0,0.063744083,0.0301598434,0.0348802897,0.2187394903,0.8673328422,1.1136512e-09,2.585167e-08,1.2709199093,1.6152374158,0.0208170926,0.0464167725,-0.186744913,-0.071440083
78003,0.1420771306,-0.837937425,-4.82446121,0.110744297,1.8753132705,4.1641829382,-0.245916099,0.0110963895,0.1760682345,0.0497511291,-0.125188819,-0.223124434,-0.997166096,-0.002374634,0.2231244338,12.0,-0.017351561,0.2533333333,-0.173458207,-0.085967423,-0.078433,0.0859350014,-0.005001838,0.0216628023,-0.793639418,0.5313706388,0.0,1.2488469602,0.1299178338,1.0626834382,0.2632483804,12.280854934,12.122093545,-0.309775936,0.0,0.0,1.0,0.0,0.0,0.9056662934,3.0,-0.081931424,-0.108351976,-0.266197742,-0.382033493,0.8778210646,-0.180242727,-2709.189436,0.1434034542,13.326810914,0.0,0.0474361252,0.3897470202,0.1072117801,0.0844103783,-1.221121742,1.0,0.0209923664,-0.105503897,-0.022933321,2.0,16.129250238,12.360116236,0.0,0.1241914034,0.0595905773,0.0798170261,0.5955119694,52.644321076,1.6577454e-09,1.9007113e-09,2.0129835763,4.0521028783,-0.528481486,0.2729889101,-1.357821455,0.4042341731
93246,0.09727127,0.0245279036,18.234367803,0.0,0.1244678327,0.1738759816,0.1955045329,0.2137377146,0.3754217046,0.0045712459,0.1319815397,-0.04607859,-0.387810346,0.0340400784,0.0460785902,11.0,0.0275518497,0.1947618211,0.1274143325,-0.045860834,0.0782838641,0.1694058123,-0.018409172,0.0652132729,0.3466846574,0.4544666954,0.0,2.6027599903,0.0818756627,1.6623166086,0.2262861551,3.7934571565,6.6288616346,0.2503125557,0.0,0.0,1.0,0.0,0.0,0.9374039842,7.0,0.194416474,0.0407047002,0.1571801441,-0.306191028,-0.02903253,0.0163261002,-2073.958477,0.0642905452,16.454063062,0.0001886301,0.0354930204,0.0794552811,0.0093614415,0.1033369671,-0.007716846,1.0,-7.3409e-05,1.2039276663,-0.091818124,7.0,17.537620287,2.68465194,0.0,0.0719300658,0.0393365954,0.0547388852,0.2664726239,4.2777203808,1.337099e-10,7.2468488e-09,1.0579253403,1.1192060255,-0.01901488,0.0514747132,-1.098975565,-0.091892872
93128,1.3895051355,0.2620453115,-6.290636042,0.0195534779,9.5439517838,2.0504092471,-0.060606102,0.5164976923,-0.0045641,-0.061656763,0.7222161732,-0.046945457,-1.409279775,0.7471096812,0.0469454568,12.0,0.0005225468,0.0294339623,0.6543668865,-0.513751019,-1.550566451,0.2038125539,0.2602608815,-0.000780895,0.19712442,0.6467185604,0.0,1.5074249332,-0.183507071,1.0773550225,0.0761155397,1.3669111696,0.3581807685,0.0454204599,0.0,0.0,1.0,1.0,0.0,-0.029091663,7.0,2.1312616177,0.046641299,-0.177586981,3.2681173097,-0.63316966,1.1618838852,-10195.34894,0.0642007103,13.355065516,0.0005805843,0.0037218663,0.0344495436,0.0879025515,0.1243677493,0.0466228324,0.0,-0.004080443,0.1252313307,0.0518421531,4.0,14.749380952,3.5269146293,0.0,0.0394511186,0.0307062264,0.0502720044,0.3769904239,10.06315334,1.9261612e-09,5.4186211e-09,1.6676318539,2.7809960001,0.1164379723,0.0474289429,-0.350730107,0.06707331
92486,0.5349727275,0.0054438288,6.4383833642,0.0,0.2302219126,0.7664254831,0.0708186198,-0.021675029,0.3014383793,0.006260379,-0.120775086,-0.057677746,-8.197100136,0.0500674386,0.0576777462,12.0,0.0,0.171875,0.1030764971,0.0742822756,-0.007545316,1.4594182165,0.3325304921,-0.004645325,0.0281979928,0.2304970988,0.0,1.7163709501,0.0996860162,1.7163709501,0.0996860162,14.735097453,4.9580973049,0.175536741,0.0,0.0,1.0,0.0,1.0,0.427777014,7.0,-0.278752347,0.3081828376,0.1661142552,0.3643856143,-1.111561614,0.0054258507,-5055.460776,0.0915965863,11.569454962,-0.000212896,-0.007887541,-0.011768433,0.0422953033,0.0504453339,0.0007007554,2.0,-0.008810573,1.2101946368,-0.005553413,3.0,11.888804075,0.6981085574,0.0,0.0709677562,0.044778365,0.0700678104,0.380913804,0.968145345,1.1572236e-07,3.6532624e-08,2.3481031468,5.5135883878,3.00033e-05,0.1000971282,-0.076759764,-0.049938477
15645,0.1821418028,-1.45860494,3.3778495575,0.038262188,0.7181571386,0.0863139808,-1.023099911,-0.416338935,-0.512111191,3.8816859749,-0.065236899,-0.477587119,-0.526425591,-0.73243807,0.5572082991,9.0,0.0056439779,-0.28125,-0.113314448,0.0213656871,0.1208762167,0.1964354159,-0.376422042,0.1626742939,-0.764022865,0.2918847626,0.0,0.4037516749,1.2095556982,0.2909860531,1.3445516705,1.8466076696,4.8715953307,-2.305922731,0.0,0.0,0.0,0.0,0.0,-1.023490532,3.0,44.98098416,0.0797535705,-0.36215577,0.3795413483,12.351543013,3.2684210862,-7508.122669,0.0357482652,10.771638693,0.0,-0.095551026,-0.102433695,-0.001918266,0.8160187537,-0.487381729,0.0,-0.198795181,-0.634597229,-0.04253013,3.0,11.390775287,1.0369245033,0.0,0.0516847335,0.0362552443,0.0653493733,0.627385599,2.7478000176,1.8146455e-07,2.8285926e-08,1.7421403733,3.0350530802,-0.026532235,0.1168661131,-0.571644999,-0.145662284
93272,0.1516294203,0.01811169,10.720946565,0.0,0.0795277581,0.292759318,0.1502539489,0.3488667174,0.8861004409,0.1005172902,-0.096858012,-0.048174153,-0.535330307,0.0278074266,0.0481741526,11.0,0.0325595458,0.0288335518,0.2755143403,-0.217078491,0.1406256106,0.4270593363,0.5479038041,0.0042926176,0.8199613057,0.5363247417,0.0,2.641429137,1.1212135931,2.1241290578,1.3665113952,4.0454671161,7.7966983103,0.3047039913,0.0,0.0,0.0,0.0,0.0,1.8123458073,7.0,0.2712384201,0.180042553,-0.008748125,-0.251832877,-0.465279726,0.0100934484,-14518.15367,0.0642905452,14.762782346,-0.03706938,0.1402619349,0.5133231878,0.0068955934,0.2712410362,0.0072139828,1.0,0.001416144,0.5488716756,0.035587871,6.0,15.865699688,2.2327018717,0.0,0.0562516861,0.0378911918,0.0621346641,0.4560641836,4.6957721202,1.3223629e-09,1.0924168e-08,1.3869494368,1.9236287403,-0.021440948,0.0778082384,-0.842377104,-0.091892872
93356,0.1091779839,0.0118296628,17.851413659,0.0,0.0274389738,0.0811281422,0.140778217,0.1766002146,0.5049190953,0.0178986318,0.1423123461,-0.088255649,-0.94274558,0.0229820252,0.0882556489,11.0,0.0,0.1533382245,0.1200398389,0.0551533744,0.0209292128,0.4442672506,0.0674522041,0.0247966208,0.1855436829,0.4444100479,0.0,3.3863625019,-0.195053641,3.3863625019,-0.195053641,1.6675556599,9.310560486,0.6480148865,0.0,0.0,0.0,0.0,0.0,0.6366195516,6.0,-2.9144164,0.063053388,-0.061486207,0.0313087894,-28.03820057,0.0253749716,-10744.76001,0.03476008,15.278313254,-0.003309507,0.0200060111,0.025176526,0.0031596079,0.42616818,0.0004976234,1.0,0.0003719546,0.3911177198,-0.105137344,6.0,15.195163692,0.8265595419,0.0,0.0324164331,0.0240018278,0.0334489342,0.2094245045,0.9080638965,1.1356546e-09,2.6853728e-08,0.9642346644,0.9297484881,0.0399127825,0.0405778868,-0.707643776,-0.054879185
15186,0.1165453753,-0.043314547,10.06538952,0.0049607124,0.0100565415,0.0279426121,-1.161880373,0.8445827181,0.084370386,0.3777958888,-0.009034712,-0.09857014,-0.22214795,-0.033692309,0.0985701398,8.0,0.0096889405,0.1,0.736021586,0.879671401,-2.294810876,0.6969001148,0.6805128895,0.0039021304,0.9926980198,0.8143500219,0.0,14.557350565,1.0110421904,12.586429725,1.4813139553,0.3210701414,8.3376529878,-3.562694053,0.0,0.0,0.0,0.0,0.0,0.099009901,5.0,54.340797795,0.193750486,0.0190942299,0.3139449208,-1.71004962,4.079806074,-7108.171251,0.0357482652,12.704686948,0.0,-0.065669847,-0.067342143,0.0003620901,0.8281307287,0.7930897714,0.0,0.0,4.1865183328,0.0796634806,4.0,14.740431369,4.9000073297,0.0,0.1381957382,0.059567921,0.0753585526,0.3563908684,7.8905841311,5.9103468e-09,5.555983e-09,1.679862113,2.8219367187,0.2901177238,0.1510844637,0.0202572514,-0.145662284
14172,0.4103984587,-0.088422671,1.8492956257,0.0,0.2199610182,0.5771459673,-0.367419825,-0.242967389,0.0530957715,0.0,-0.364258815,0.0253815326,0.2099799062,-0.106989655,0.0253815326,11.0,-0.087074444,-0.010526316,-0.053056068,0.38693668,0.2590334513,0.104747162,-0.173511102,-0.020448807,-0.156738667,0.5696860055,0.0,2.5200433369,0.2454156413,2.0861321777,0.3346658066,2.57565746,6.3094852703,-0.29123064,0.0,0.0,1.0,0.0,0.0,0.0908427137,3.0,0.5992989151,0.4441405808,-0.048107993,0.0069361612,-1.050841023,-0.124703633,-16333.13477,0.0642905452,10.555061941,8.26788e-05,-0.019657578,-0.034587185,0.0564715889,0.2445014489,0.2457772486,1.0,-0.061200567,10.682574947,0.0207699798,0.0,12.846737061,4.0998790392,0.0,0.0727273002,0.0407661057,0.0587036927,0.8505179497,7.7364143405,1.2926807e-07,1.441478e-08,1.8058811364,3.261206679,-0.349056037,0.2329938942,0.2696667524,-0.091892872
93304,0.7741184466,0.06367379,-6.552066971,0.0507968325,6.1970950595,0.2726281008,0.024056883,0.2051665506,0.0414293714,-0.048293408,0.2421636857,-0.006633037,-0.66439206,0.1059781504,0.006633037,11.0,-0.0020376,-0.004448039,-0.019462992,-0.11040082,-0.019047309,0.144412424,0.1418656778,-0.001816419,-0.0268633,0.5323289534,0.0,0.8452205107,-0.018485904,0.8398396286,-0.013994715,0.3031447646,0.0714256147,0.0145696206,0.0,0.0,0.0,0.0,0.0,0.3012562689,3.0,0.013784117,-0.001839011,-0.019519268,-0.333048735,0.2431440437,-0.047392424,-4343.956722,0.0256085935,15.085480331,-6.4442e-05,0.0024867348,0.0238977117,-0.001676366,0.1152940812,0.0078397334,1.0,0.000496771,-0.46418676,0.0060989102,6.0,15.933123017,1.7523821701,0.0,0.0327346772,0.0146882584,0.0291746854,0.303011452,1.8021363447,6.637259e-10,2.0063505e-08,0.937516824,0.8789377952,0.0074586509,0.0342456007,-0.102913748,0.0732063074
12591,0.0780630172,0.0139706701,0.8764282873,0.055560474,1.5497600144,0.2099890365,0.0732252376,1.7708686266,0.1114667476,0.026363938,2.1564590415,0.1100886614,4.9535809019,-0.144192795,0.1100886614,10.0,0.0,0.2167487685,-0.197087231,-0.29374759,-0.132265635,0.0501985978,-0.25873372,0.0184844108,-0.325812071,0.1281122474,0.0,4.086924172,0.1667019642,4.086924172,0.1667019642,0.9543845182,4.6103628526,0.0153380394,0.0,0.0,1.0,0.0,0.0,0.6309070276,2.0,1.7874410291,-0.227639281,0.0097278255,1.9566751915,0.1545194874,0.2705814093,317.12306367,0.0642007103,17.16221754,0.0006483296,0.0093794254,0.1092233205,0.0040376465,0.1348713826,0.0101007861,0.0,0.0097418412,0.2036032618,0.0134046157,1.0,17.853304852,1.2103944755,0.0,0.0403531194,0.0286616027,0.0399210121,0.1828092104,0.9343483264,1.741005e-10,2.4380561e-08,1.3237264859,1.7522518096,0.0311305596,0.0444531715,-0.758372017,0.06707331
93264,0.0342402175,0.0580378247,4.7234925981,0.0,0.2714499289,0.2129206937,0.6854996155,0.3885556229,0.4019535789,0.0195574345,0.0012076637,-0.130272166,-0.5901522,0.0922889746,0.1302721661,11.0,-0.001347213,-0.268138801,-0.090776891,-0.134317822,0.2141426995,0.1397373064,-0.244416844,-0.008918728,-1.671735424,0.8322487742,0.0,15.41164952,1.055660068,15.41164952,1.0600103304,1.0692398277,3.1836519522,0.2211169286,0.0,0.0,0.0,1.0,0.0,-1.419909706,7.0,1.5519105279,-0.339576347,-0.44614336,-0.209611721,5.1998730643,0.1790363375,-3917.022991,0.0232852488,14.428562029,0.0049520235,0.0554447994,0.1091242702,0.0001307361,0.533204987,0.0020869529,0.0,0.0015313936,0.6789390988,0.0122686373,3.0,15.792071229,3.3639564564,0.0,0.0339559056,0.0180454866,0.0293393954,0.294626347,4.7569779204,5.212623e-10,7.8829641e-09,0.5213939409,0.2718516416,0.0491191922,0.0468643611,-0.217000554,-0.24467985
93372,0.2047926056,-0.088536764,15.90304387,0.0265202149,0.3876845016,0.4911589617,0.0966512565,-0.179245992,0.1942567256,0.0027198947,-0.034478718,-0.21779022,-1.616570194,0.0545891301,0.2177902198,11.0,0.0048984471,0.053667263,-0.160144129,-0.106929758,-0.06567799,0.2301395739,-0.029693128,0.0227803796,-0.360703531,0.3355117489,0.0,3.2804730689,0.2112570823,1.956907229,0.2030219155,11.702510358,5.7714285714,-0.173203894,0.0,0.0,1.0,0.0,1.0,0.3731219844,4.0,-0.158617164,0.0327412274,0.0527641244,-0.251698085,0.1872151663,0.0023647037,-7652.046475,0.0376507894,13.47524962,-0.003320987,0.012356681,0.033597943,-0.007342273,0.0122285642,-0.000922736,0.0,-0.002754821,0.6920890555,-0.00587704,5.0,13.452338184,0.6789443789,0.0,0.0354148261,0.017561905,0.0277117545,0.191578861,0.5455291358,6.9169018e-09,4.0687893e-08,1.1744297325,1.3792851965,0.0061377219,0.0375915866,-0.21633805,-0.028114825
93434,0.5563882074,-0.143320949,-0.799399093,0.0,0.5762293111,0.628343981,-0.150411559,-0.028758111,0.0876978122,0.0991535309,0.0329402305,-0.032202767,-0.258202493,-0.106315123,0.0322027668,12.0,-0.003174737,0.0483870968,0.0561307833,0.0368909158,-0.140301133,0.2337207315,0.197145804,-0.010188771,-0.086328816,0.426413901,0.0,1.4381956266,-0.144279784,0.4005663219,-0.140745136,23.823412698,4.3348806024,-0.180635209,0.0,0.0,1.0,0.0,1.0,0.1314083677,3.0,0.0536280928,0.0532201555,-0.036400359,-1.094815877,-0.709859829,0.3315237394,-2552.927919,0.5996831853,10.956519666,-0.001060887,-0.042252312,-0.085993765,0.0176058501,0.0125175874,0.0196498658,0.0,0.0081152785,-0.303321918,-0.004576171,3.0,12.817561893,1.8350256657,0.0,0.0190477148,0.0354372731,0.0695259286,0.6771604985,3.5413641771,9.1500001e-08,2.050269e-08,0.5157413842,0.2659891754,-0.528481486,0.0847899744,-0.813242312,-0.121518257
93266,0.2953417796,0.0235704651,5.0614938632,0.0,0.1544683498,0.5788668061,0.0408081439,0.2542026244,0.2419930414,0.0301857882,0.5065633448,-0.066986665,-1.148800679,0.0506482313,0.0669866646,12.0,0.0,0.0371621622,0.1797695064,-0.160043003,0.176456354,0.9085352176,0.1697113837,0.0134260771,0.1531741318,0.4121296397,0.0,1.7833597149,-0.175100512,1.7833597149,-0.175100512,5.2438133396,6.3244049897,0.3095900012,0.0,0.0,0.0,0.0,0.0,0.3338073954,6.0,12.967395334,0.0038107621,-0.278445431,0.3178765482,-9.246054444,0.2984127079,-13037.18459,0.0371991411,13.162821752,-0.009680853,0.0068807493,0.0104794883,0.0213665148,0.2396924421,0.0006578324,0.0,0.0,4.2588486418,0.087136928,4.0,13.602688094,1.3749703505,0.0,0.0359028652,0.0260359883,0.0392415286,0.3234663017,1.6296982872,9.3736121e-09,2.4771384e-08,1.4114241572,1.9921181514,0.043559024,0.0551649345,-0.011390117,-0.054879185
11664,0.3349251891,0.0076717261,-0.724108422,0.0,1.0299618201,0.4109234024,0.005184517,0.672471643,0.317395015,0.042986469,1.0254149073,-0.056584868,-8.043188794,0.0693768679,0.0565848679,11.0,0.0,0.0,0.1507633836,-1.686078107,-0.085901894,0.5877407291,0.2301645035,-0.004925242,0.088936719,0.5304294582,0.0,0.7841970878,-0.195060186,0.7841970878,-0.195060186,0.827803282,1.4575873188,0.047106185,0.0,0.0,0.0,0.0,0.0,0.8413360134,4.0,-3.013568282,0.0140267185,-0.214824431,0.2570559946,-28.49555818,0.0717698143,-11583.19614,0.03476008,14.178540298,0.0010038723,0.0017103627,0.0068699073,0.0170214224,0.411940841,0.0305418361,0.0,0.0011921319,1.3353404554,0.0398747846,7.0,15.21026441,2.4404805824,0.0,0.0541890785,0.0235734208,0.0351007905,0.3705006094,5.0580004179,1.3119713e-09,1.0804136e-08,1.4903021194,2.2210004072,0.0237664113,0.0685840347,-0.300581331,-0.054879185
93289,0.137401335,-0.034636208,14.820836957,0.0,0.2217875924,0.16813314,-0.056320742,0.4486469791,0.4177327282,0.0362152618,1.1704638826,-0.199262484,-1.746432302,0.0258535846,0.1992624837,11.0,0.0767593259,1.0,0.5089097673,-0.478831004,-0.097669897,1.1835517309,-0.492258792,0.1566766932,-0.057367685,0.3002666684,0.0,1.548046101,-0.433124033,1.1293241063,-0.499733321,3.2117088098,4.7762165183,-0.056332927,0.0,0.0,1.0,0.0,1.0,0.6793598766,3.0,0.024403729,0.1789639652,0.9144225865,-0.266060963,0.7622851571,0.0081396063,-13520.37455,0.0642905452,15.124649476,0.0138849887,0.0090178809,0.0213481773,0.0193535733,0.1608615288,-0.01140074,1.0,0.0026395939,0.7591740335,0.1438383227,5.0,15.619518555,1.6261909379,0.0,0.140259102,0.0491829733,0.0582181003,0.3604958474,4.5222859555,8.551121e-10,1.00276e-08,1.5851397104,2.5126679015,0.0293507082,0.0563418731,-0.990644932,-0.091892872
11370,0.2193328031,-0.000698657,8.2581364919,0.0,0.2624956742,0.2242510363,0.0365466379,0.190026661,0.1745550768,0.0236932743,0.2506282725,-0.087652496,-45.71560737,0.0381534306,0.0876524958,11.0,0.0,0.0143198091,0.1089879539,0.0177517538,0.1817434091,0.741825373,0.0002640275,0.0146912898,0.1233963185,0.2442684478,0.0,2.1373318836,1.3866285188,2.1373318836,1.3866285188,2.5957380417,12.467900679,0.1051474714,0.0,0.0,0.0,1.0,0.0,0.3256540719,5.0,2.0240367664,-0.042238148,-0.192701134,2.0979449773,-0.744510841,0.4529276345,-6441.681216,0.0642007103,15.295908564,-0.000642947,0.0054084036,0.012800984,0.0115216071,0.1776665336,-0.030366337,1.0,0.0003738784,0.0353160584,0.0265700594,5.0,15.810633775,1.8552859671,0.0,0.1080297157,0.0288529585,0.030069347,0.4961395818,8.0108950913,3.793289e-10,1.168086e-08,1.0963827831,1.2020552071,0.0142996788,0.0391789366,-0.177204094,0.06707331
14435,2.7991601235,-1.45860494,-3.575130932,0.0,0.4167142196,0.8521993501,-0.694572534,-0.350452792,-0.277139583,0.0050287356,0.007442367,-0.401152201,-0.91934607,-0.155948727,0.4011522006,10.0,0.0523404075,0.09375,-0.483691944,-2.221041341,-5.206028647,0.0223584565,0.7358857234,0.0437419643,-0.380304934,0.6237236817,0.0,21.380246914,-0.542736949,5.1758024691,-0.713544919,1.2978845054,9.9911971831,-4.645989692,0.0,0.0,1.0,0.0,0.0,-0.300255878,1.0,-1.89230931,0.2497314246,0.1216092782,2.3736117871,12.351543013,-0.23061728,-1755.779862,0.1460543126,8.8872023831,0.0045791505,-0.036136475,-0.04176133,-0.02618298,0.1963907376,0.0407487117,1.0,0.4438015068,-0.682155341,0.0585605265,1.0,9.8356783305,1.8297260408,0.0,0.0598291084,0.0381364237,0.0916577372,1.1451001129,7.328325737,1.1386222e-06,1.793416e-08,1.9923604433,3.9695001358,-0.023845002,0.1371543536,-0.364541494,-0.280901789
12449,0.1469956878,0.0308506813,10.046153937,0.0,0.3434225768,0.1046522717,0.1047843375,-0.086047963,0.1069285721,-0.01963863,-0.081733997,-0.065552111,-1.09110415,0.0645119876,0.0655521108,11.0,0.0,-0.034482759,-0.098153235,0.0881346765,-0.033228006,0.8928498545,-0.05933995,0.0038682975,-0.095970327,0.2772586124,0.0,0.9969778074,-0.03658951,0.9969778074,-0.03658951,1.617786985,1.1558369924,0.116462089,0.0,0.0,1.0,0.0,0.0,0.3178981877,3.0,-2.982571095,0.0686438193,-0.24930719,0.0691264933,-28.20704447,0.066904934,8228.3014357,0.03476008,16.775518584,0.0024808007,0.0179633915,0.0670728754,0.0080224934,0.149314688,-0.00790707,2.0,0.0001530983,1.0342611017,-0.033917008,5.0,17.005198909,1.4398443258,0.0,0.0292809308,0.0176566689,0.0245416429,0.3146992532,2.2499076964,1.207881e-10,1.7086906e-08,1.0157482607,1.0317445291,0.0212208462,0.0341029852,0.1486298313,-0.054879185
12559,0.3933399662,-0.009519156,1.4588451024,0.0,0.3123421128,0.8092437759,0.073951165,-0.032912134,0.4151829066,0.0397931006,-0.178915935,-0.180137102,-13.58131012,0.1197634479,0.1801371018,10.0,-8.81e-05,-0.289940828,0.0402433829,0.3464336839,0.0891527953,0.3218096987,0.0914968975,0.031313587,0.1260939041,0.7058270212,0.0,2.6522223723,0.2537563236,2.1242006665,0.26051684,3.0108537822,7.2894261361,0.1357630693,0.0,0.0,1.0,0.0,0.0,0.8599615495,7.0,0.2037694636,0.1349958588,-0.327522505,-0.010122331,0.4042575925,0.1020494697,-15908.25026,0.0642905452,13.604197596,0.0048000277,-0.006566521,-0.011817627,-0.04067502,0.3397578325,0.0010916997,1.0,0.0057405281,10.682574947,0.2629632168,5.0,14.662418236,2.725037713,0.0,0.0090180514,0.0035755997,0.0065238785,0.2655824699,3.3189771179,2.519822e-10,8.8734763e-09,1.2569073401,1.5798160617,0.1830050804,0.0870814971,0.4148508526,-0.091892872
12307,-0.116899526,-0.21885828,48.754552543,0.0887904591,0.2577456746,0.1144652627,-0.064459768,0.3842302101,0.5457612167,1.0803869444,-0.051747119,-0.477587119,-0.469086724,-0.116194767,0.5572082991,11.0,0.0786492261,0.0606060606,0.1349003979,-0.652676983,0.0041466037,0.1605131591,0.926998843,0.0886087745,-0.308698593,0.5341459199,0.0,0.8988733725,0.9676645966,0.6360017908,1.2356279437,5.6838908769,3.3684241245,-0.805327887,0.0,0.0,1.0,1.0,0.0,-0.155987442,5.0,1.0962293818,-0.137221121,-0.117398498,-0.360751465,5.9207889492,-0.029447404,-4233.878196,0.0232852488,13.902288323,-0.000121395,-0.07389546,0.2813994807,0.0032196599,0.2123760158,0.1835279236,0.0,0.0029133285,4.5269898684,-0.242631495,3.0,15.272471975,3.0410491877,0.0,0.1167401373,0.0456364995,0.0817534445,0.2598280017,3.2064616475,1.9848791e-09,8.1527062e-09,1.5835387893,2.5075950972,0.0052417307,0.1242645413,-0.786413097,-0.24467985
12009,0.4099759182,-0.518685347,-13.8290942,0.0385114121,8.9838837053,9.4909832016,0.0329629234,-0.202474039,0.2460800132,0.0189753321,-0.151831738,-0.136531026,-2.787593985,0.9016014033,0.1365310256,11.0,-0.018550911,-0.193877551,-0.253300709,-0.128328115,0.066758039,0.1881475342,0.0187807293,-0.151172893,-0.62886143,0.4928349328,0.0,0.9948732972,-0.111614952,0.745569064,-0.134143523,53.072463768,7.3405161614,0.037452997,0.0,0.0,1.0,0.0,1.0,2.321270962,3.0,-0.011735376,-0.125329711,-0.146347651,-0.227644971,-1.168551558,0.5697332848,-2529.564053,0.0984150309,12.546413278,0.0068049872,0.0079928456,0.1082513248,0.1154923508,0.0148751357,-0.025620213,0.0,0.0499892265,0.9842229825,0.1739617586,3.0,13.434351899,1.690407069,0.0,0.0496987849,0.0278382757,0.0522536463,0.3260254166,2.2755789443,1.12849e-08,1.492134e-08,1.7240521194,2.9723557104,0.0243365243,0.1102176412,0.6263677357,0.1210215137
93374,0.8617727283,0.1222335931,-3.807524553,0.0348682957,1.3820631697,1.2428113111,0.0925096186,0.1108431712,0.1023453345,-0.018875138,0.109974183,-0.031933171,-0.557458118,0.1903737019,0.0319331709,11.0,0.0,0.0643601999,0.1422313273,-0.679106125,-0.049619066,0.208355244,0.1917255914,0.0027400419,0.110731766,0.2122894594,0.0,47.420451504,0.1553369461,47.420451504,0.1553369461,4.6497823826,6.2423019723,0.1129582413,0.0,0.0,1.0,0.0,0.0,0.2536975589,5.0,0.0312549496,0.0468476471,-0.461554662,-0.368947075,-0.22362016,0.3062080639,-7328.754274,0.0397241163,15.663867106,0.0073526701,0.0288619511,0.0845880803,0.0872141403,0.1324072591,0.0059426555,2.0,0.006562267,-0.059438274,0.0102432137,6.0,16.341743549,1.7088807163,0.0,0.0284352452,0.0170459827,0.0310603801,0.2825770802,2.5515050007,2.343967e-10,1.1539381e-08,1.26800042,1.6078250651,0.0225824982,0.0399864682,-0.342259136,0.045344153
93436,0.0328071785,0.0010642959,32.421934563,0.0,0.0420241874,0.0465515042,0.0717044284,0.5199510333,0.2677140109,3.8816859749,0.0866445284,-0.120799935,-7.242718447,0.0087726912,0.1207999352,11.0,0.0126999549,0.4736129623,0.2830987062,-0.161010055,0.2041098431,0.0993368984,-0.047695296,0.1568101664,2.358265337,0.6853177878,0.0,1.8751403706,0.6526582114,1.5873104997,0.9801007017,1.6071756192,16.493723849,0.111326553,0.0,0.0,1.0,1.0,0.0,1.2834693261,7.0,-1.300292972,0.1539021447,0.4702737583,-0.386614295,0.9459016414,0.0863267626,214588.83666,0.0629453635,19.277947544,0.0008097875,0.0293402967,0.0652314143,0.0064039504,0.2839506173,0.01018861,3.0,0.0002063238,0.0731412874,0.0276295351,6.0,19.733784695,4.9543591922,0.0,0.0561133586,0.040279875,0.054439664,0.2592485558,7.5558798425,1.190513e-12,4.4910271e-09,1.6181824548,2.6185144571,-0.020118362,0.0797976101,-0.788600877,-0.107827317
12078,0.3364834716,0.0245179529,4.9863377912,0.0,0.0487141206,0.3711532271,0.1229579699,0.1162280042,0.8396751391,-0.004084967,0.5669449082,-0.020325781,-0.302709568,0.0319397718,0.0203257811,11.0,-0.027603263,0.1,0.1011671953,-0.13421033,-0.024946978,0.1651773626,-0.134049843,-0.024184088,0.0716033058,0.740520844,0.0,6.8342315154,-0.271776209,6.3785298556,-0.236254305,3.0074859113,2.0519942611,0.7731529657,0.0,0.0,0.0,0.0,1.0,0.9228099174,3.0,3.7900002451,-0.032183092,-0.078580476,0.0614425498,-4.116099654,0.1235456935,-8187.190699,0.0345323743,11.590933279,-0.000843244,0.0118300143,0.013542695,0.021536245,0.2897097625,0.0015939877,2.0,-0.000924214,0.0569793584,0.0560235111,6.0,9.8911476954,0.2176670974,0.0,0.0158103369,0.0093787902,0.0138273577,0.7566765755,0.5220301792,1.8324182e-07,4.062877e-07,1.405455132,1.9753041281,0.2333848681,0.0704601819,0.0300678533,-0.145662284
10158,0.1956170706,0.0214553875,17.587387693,0.0,0.4837060201,0.4097509838,0.0390611714,0.2738241923,0.1642924776,0.0210671184,0.3339171422,0.1002700156,2.8978576186,-0.040719271,0.1002700156,11.0,-0.010846715,0.0124223602,0.1907206209,-0.209119884,-0.083038882,0.0541908732,-0.145809207,0.1150593189,0.149133975,0.4164205363,0.0,1.2809157994,0.0141688017,0.7731201236,0.2178415457,11.666101599,6.2561362893,0.09022531,0.0,0.0,1.0,0.0,0.0,0.4699362956,2.0,0.0045411404,0.1217600862,-0.014030001,-0.342348082,0.0803210791,-0.216260689,1513.6969802,0.1489431475,14.346749513,-0.002708404,0.0089869964,0.0269883019,-0.002929371,0.0417594344,-0.046558391,2.0,0.0011980147,1.7793768139,0.1613302641,4.0,15.983110459,2.7640766265,0.0,0.0366865732,0.0365741157,0.0555619197,0.3257076419,5.195375713,9.96628e-10,7.5741327e-09,1.079195135,1.1646621394,0.0100501942,0.0658972418,-0.941638706,-0.073400055
93426,0.6033191292,0.0252421368,0.8694203458,0.0,0.3370376351,0.6313740081,0.0962378261,0.08497002,0.3179721014,0.0038453006,0.1194534474,-0.063514178,-2.273662742,0.0826342429,0.0635141784,11.0,-0.011775217,-0.041666667,-0.049817226,-0.099379706,-0.005410342,0.1291992066,-0.233666325,0.086889499,0.0682093139,0.5393304113,0.0,4.6666666667,0.9519949567,3.3553746819,1.0480394762,2.7409333794,5.9509914202,0.1708453891,0.0,0.0,1.0,0.0,0.0,0.4823293006,4.0,0.129515655,-0.052089408,-0.079248344,0.1998568317,0.998908888,0.0649202647,-15939.56339,0.0642905452,12.883855899,-0.001138256,0.0122167537,0.0202274317,0.0304975334,0.1679042858,-0.029764924,1.0,0.0002876043,-0.260336338,0.0014087396,6.0,12.489592365,0.6298497214,0.0,0.0162523985,0.0085235095,0.0195422879,0.4102520959,1.8978535398,7.5477384e-09,3.8305586e-08,1.1920463106,1.4209744066,0.0083025371,0.0345461725,-0.153804781,-0.091892872
12592,0.1564240199,-0.075690085,22.478966852,0.0,0.2904740378,0.5748372571,-0.019067093,-0.039137991,0.8451164407,3.8816859749,-0.679654638,-0.148710131,-0.895913427,-0.007878322,0.1487101311,11.0,0.1223118156,-0.219858156,-0.175396555,0.1450301534,-0.024818352,0.3443763459,-0.255476529,0.1403777083,-1.328333899,0.5353825061,0.0,1.2228546922,-0.643906049,0.3882022691,-0.713544919,22.783853054,7.7524709302,-0.086500105,0.0,0.0,0.0,0.0,0.0,-0.689854089,3.0,1.412342047,-0.166893415,-0.397862715,-0.087427919,6.7013274573,0.0788690415,-5653.66436,0.0232852488,10.944789396,0.0001651177,-0.030229908,-0.053240467,-0.002480706,0.333638042,-0.010996681,0.0,-0.004608507,-0.535508795,-0.054301272,4.0,9.0365582607,0.102045491,0.0,0.0567735843,0.0256964877,0.0578938091,0.8131881094,0.2092936004,1.6674392e-06,3.6593985e-07,1.3530634638,1.830780737,0.1789561265,0.1891941631,-0.067607227,-0.24467985
10220,0.1075245745,0.0485035971,87.473243566,0.0127238614,0.2916681928,0.3696062171,0.1145628074,0.2014706799,0.3351980944,-2.0983e-05,0.1135924285,0.0391336793,0.2950730254,0.034191494,0.0391336793,11.0,0.0338086472,0.0387596899,0.1206362274,-0.854923837,-0.05307707,0.0751564229,-0.287247908,0.1701481419,0.5287226619,0.4042749201,0.0,1.4603710968,-0.061499589,0.5841159692,-0.000934038,42.99746897,9.2015131359,0.2157730647,0.0,0.0,1.0,0.0,0.0,1.482408081,3.0,0.1100463478,0.0600455446,0.0378565513,-0.348966116,0.3311136796,-0.018032932,-2884.293285,0.0376507894,15.373273561,-0.000506516,0.0233455242,0.0845052941,-0.004259163,0.0306348563,-0.056400933,1.0,-0.000742666,0.7587449204,-0.065256784,5.0,16.219954309,1.7545498741,0.0,0.0264912993,0.0134376179,0.0235359151,0.2923316103,2.191613331,3.818267e-10,1.8182733e-08,0.5916731394,0.3500771038,0.3631237407,0.0360654138,0.0689977547,-0.028114825
12497,1.1686295788,-0.301909009,-0.326531447,0.0,0.2073025626,0.3842597529,-0.923325504,-0.16667206,-0.171814643,0.0451194791,-0.360083971,0.002583602,0.0129521174,-0.30581937,0.002583602,11.0,0.0,0.2086956522,2.6767932489,1.0914540942,-4.394615874,0.0643928804,0.7994812034,-0.00717255,-0.11946182,0.7873976537,0.0,9.1881062497,-0.205893922,9.1881062497,-0.205893922,0.3655279489,64.31300813,-1.123950771,0.0,0.0,0.0,0.0,1.0,-0.213753171,4.0,6.7474944813,0.2180318827,0.0306910936,0.9247776401,5.2460935789,-0.219072007,-5540.587271,0.0232852488,11.347037095,0.0,-0.071729942,-0.081119442,-0.173090112,0.7265928434,1.3807878869,3.0,0.0431034483,-0.391944793,-0.028032431,4.0,12.543204351,1.9215889608,0.0,0.0526316464,0.0354580207,0.0610361869,0.4990583369,4.5168852206,5.2760486e-08,1.5078438e-08,0.8838173597,0.7811331252,-0.164879168,0.1148195729,-0.177251156,-0.24467985
15254,0.2168402096,-0.203855258,3.1062508521,0.0,2.3447598081,1.3310000025,-0.403607745,-0.297677774,-0.035554728,-0.85100486,-0.394812933,0.0557962793,0.8497085762,-0.377072818,0.0557962793,10.0,-0.002815785,-0.52688172,-0.635499465,0.096524657,-0.545994774,0.2260743023,0.2305400624,-0.092470216,-1.954783259,0.5091342809,0.0,1.0668998688,3.8558546544,1.0024048972,3.7802191056,10.690524881,9.0496249279,0.0786026201,0.0,0.0,1.0,0.0,0.0,1.2044095665,2.0,9.1485243671,-0.304267534,-0.43874601,7.8297411219,-4.307936869,-3.629963844,-1746.371222,0.0340789314,10.329988539,-0.017677576,0.0120383662,0.0399783315,0.077258291,0.0595183037,0.1293425375,2.0,0.006993007,-0.632394582,-0.107906472,1.0,15.820509431,22.071961223,0.0,0.2711777985,0.0879932854,0.1154366191,0.9739347028,107.87623787,2.543823e-08,6.102796e-10,1.2128867305,1.4710942209,-0.468812931,0.1803545257,0.7973304417,0.818494895
12919,0.2486196244,0.0240751515,5.3117436255,0.0,0.1264461796,0.1359061189,0.1331118283,0.368929093,0.4334845044,0.1772117563,-0.090340956,-0.031572466,-0.425586717,0.0343212162,0.0315724665,10.0,0.0040882511,0.1625,0.6925999343,0.0783958407,-0.048712604,1.250692589,-0.631057895,0.0443869456,0.8418874108,0.450268354,0.0,3.5060725786,0.5037533298,3.4201075662,0.5152326492,1.0468751635,3.3354944134,0.3114333911,0.0,0.0,1.0,0.0,1.0,0.8526101501,6.0,1.1532861893,0.1324950619,-0.015504559,0.0047676857,12.351543013,0.1210685792,10444.350929,0.0232852488,16.935995588,0.0124467758,0.0397863347,0.080160083,0.0161346619,0.1274007143,0.0069100784,2.0,0.0019171079,1.4757132045,-0.062099488,7.0,17.478118924,1.5434218997,0.0,0.0315741412,0.020775421,0.0314549085,0.2152680906,1.7167269499,8.405456e-11,1.562783e-08,0.663533437,0.4402766221,0.2789944896,0.0482205687,-0.44532991,-0.24467985
86092,0.4254298923,0.0115301952,13.224756872,0.0031606667,0.1582350338,0.465797012,0.022118508,0.2189911624,0.3779384622,0.049327957,0.5506897887,-0.093342675,-4.300631199,0.0611173123,0.0933426753,11.0,-0.019868638,0.2,-0.023666627,-0.229673779,0.0082016019,0.2747290183,-0.182153889,0.03000456,0.1291558126,0.3870026542,0.0,3.5870371773,-0.271030667,1.8617904647,-0.035981851,12.592444769,4.4277158444,0.2303427339,0.0,0.0,1.0,0.0,0.0,0.473337675,4.0,103.79230449,0.2171188344,0.1334088473,0.3628170507,0.5548487743,-0.010790531,-4244.614059,0.1707603697,13.631535332,-0.024414011,0.0153972176,0.0210521424,0.0513451553,0.0177877123,0.0244458484,1.0,0.0058525166,1.0317589942,-0.001468324,7.0,13.851768088,1.0849451966,0.0,0.0486854911,0.0299202534,0.0388766509,0.4320133823,2.6645084717,6.6619805e-09,2.1323386e-08,0.8542235561,0.7296978838,0.0078847999,0.0447598207,-0.672904225,-0.182629545
13837,0.1190710486,0.0368190537,10.254540422,0.0050703936,0.2574153749,0.1800084934,0.1572498837,0.0602001036,0.2804435412,0.0019166667,-0.013381474,-0.090826698,-0.906325405,0.0701890975,0.0908266983,8.0,0.0,0.0869565217,0.0476307723,0.1186880564,-0.012144723,1.0062186955,0.0902845564,0.0052902313,0.2640622485,0.3000895645,0.0,2.3468285923,0.2270222285,2.3468285923,0.2270222285,2.3092557835,5.8188656022,0.2393601428,0.0,0.0,1.0,0.0,0.0,0.9654062511,5.0,-2.947211405,0.0779813434,-0.127867909,0.0412018541,-28.50771525,0.072582044,-11761.82718,0.03476008,14.855252395,0.0006040421,0.0329795738,0.0896824772,0.0028494423,0.2370723135,0.0092469036,0.0,0.0,0.1502098902,-0.046383121,6.0,14.818413241,0.8089667254,0.0,0.0227213092,0.0178370288,0.0268979648,0.2610380731,1.0560094498,1.3162851e-09,2.9703065e-08,0.9332888471,0.8710280721,-0.018155246,0.039964628,-0.261958011,-0.054879185
12360,0.0672581889,0.0058946217,14.427634475,0.0,0.0157352298,0.0158162225,-1.064772607,1.7974456871,0.263499679,0.2558467597,-0.156648902,0.035233511,0.3367003367,0.0039099006,0.035233511,11.0,0.0032671074,0.0198019802,-0.132004269,-0.234912693,0.063960962,0.1171923428,0.0145969418,-0.009838835,5.1090554837,0.890905394,0.0,9.2355462054,4.6011993514,8.8659550153,5.433818863,0.2468105741,4.6856922255,0.4177153949,0.0,0.0,0.0,0.0,0.0,0.7051914708,6.0,53.220455601,-0.173046598,-0.06110379,0.2646577344,-1.605405241,4.117408284,-2534.521491,0.0357482652,14.167988485,-0.03706938,0.0132784173,0.0640554512,0.0028048035,0.5311247176,0.7151948809,2.0,-0.000782779,0.4746734253,0.1105277454,4.0,16.150621168,5.3349793285,0.0,0.1002110541,0.0480231578,0.0827467364,0.2263597872,6.5828861613,7.179287e-10,3.3650809e-09,1.839041566,3.3820738816,0.0626640894,0.0917051612,-0.647676151,-0.145662284
12476,0.4411200873,-0.258282717,-9.992275288,0.0686305,1.6074895346,1.3729922969,0.0888166062,-0.156225585,0.1096672354,-0.020537355,-0.041839222,-0.190159927,-2.122659116,0.2899634471,0.1901599271,11.0,0.0011530435,-0.114925373,-0.047375765,-0.056498572,0.5082933526,0.0710517491,0.0618463026,0.0180121286,-0.460677126,0.4724234522,0.0,0.8206698887,-0.073275985,0.7186692143,-0.100895263,34.021004942,9.5738293927,-0.069336437,0.0,0.0,0.0,0.0,0.0,0.3398024711,5.0,0.5445938207,0.0465380309,-0.118933653,0.0013744911,-0.770479337,0.1063598317,-5503.010998,0.0260918659,16.634331491,-0.001868914,0.0118221103,0.0620593344,0.2080717122,0.0143119197,0.0134273269,1.0,0.0038610039,0.0540768244,0.0195418512,2.0,17.304226252,1.5069989064,0.0,0.0247779917,0.0207497751,0.0304904993,0.2350692609,1.7647551973,1.512307e-10,1.6981188e-08,2.0978010837,4.4007693867,0.1446002737,0.0574553768,-0.229160885,0.1163368332
12502,0.6750587477,0.0311477163,-13.31883063,0.0168573127,3.4911188015,0.1430649475,0.0153098913,0.0545674597,0.0326815133,0.0028745958,0.0663246559,-0.001627493,-0.212054121,0.0377527179,0.0016274929,11.0,-0.00016426,0.012987013,-0.100192771,-0.053424445,0.1028108837,0.2132189033,0.5304379056,-0.000934866,-0.002321499,0.5095122785,0.0,0.8377764644,-0.093466939,0.8374036779,-0.093285499,0.6091879017,0.0552805329,0.0135418448,0.0,0.0,0.0,0.0,0.0,0.1908159221,5.0,-0.073845099,0.0002202698,-0.02519754,-0.242492221,-1.230699404,-0.119301288,-8538.87725,0.0253456805,11.890402537,-0.000255889,0.0014180197,0.0087514188,-0.005520105,0.0343297253,0.010007451,0.0,-0.003811682,-0.819677871,-0.012179237,3.0,8.684480615,0.0450466512,0.0,0.0752642974,0.0361058202,0.1030480613,1.5923349656,0.4652271606,2.3959196e-06,3.8273063e-07,0.5931612506,0.3518402692,0.1527895885,0.0515021649,0.0181210384,0.0732063074
12373,0.8561084122,-0.00602774,-0.616900958,0.0,1.2436666674,0.1612119565,-0.067622707,0.0863544339,0.0240062536,0.2908467572,0.062080453,0.00532229,1.7861130229,-0.016793964,0.00532229,11.0,-0.000370284,-0.6,-0.462154537,-0.327551026,-0.066207972,0.0319935821,0.414096285,0.0040307753,0.1799383952,0.5691031584,0.0,59.253559061,0.9406481403,52.180412973,0.9467658252,0.5627439165,1.5546169181,0.036520663,0.0,0.0,1.0,0.0,0.0,-0.000168989,2.0,-0.491158823,0.0627062038,-0.652678109,16.990650221,-0.245312005,-0.09595292,2267.5210791,0.1000073361,15.476177199,-0.0042138,0.0004353819,0.0011038871,0.0133764742,0.1522419595,-0.553782096,0.0,-0.028025767,0.0928474299,0.0750326233,2.0,15.491600682,0.9756971491,0.0,0.0290000159,0.018747248,0.0243893695,0.2659537271,1.5437025716,5.632404e-10,2.1425092e-08,1.9699803411,3.8808225445,-0.00549423,0.0489229147,0.343831059,0.1750913885
12515,0.9215630249,0.0611241286,-77.58153044,0.0272037638,9.894476546,0.370980917,0.0140969619,0.0650780607,0.0214943781,-0.021655033,0.07149315,-0.019631628,-3.367727555,0.2669735409,0.0196316284,10.0,-0.000390385,-0.010589014,-0.159714612,-0.184117731,-0.047377865,0.0928982332,0.054740309,-0.001674196,0.000749133,0.5058203753,0.0,0.8739915557,-0.084907361,0.87309411,-0.084356525,3.0193152903,0.0508638355,0.0087328732,0.0,0.0,0.0,0.0,0.0,0.2370346812,3.0,-0.016960561,-0.00277403,-0.025660243,-0.185604156,-1.268902638,0.1136029661,-3638.705602,0.0256085935,14.971982733,0.0002314109,0.0024353026,0.0274995469,-0.008242762,0.0143606783,-0.015890096,0.0,0.0016738403,0.5482536028,-0.023163827,2.0,16.087821577,2.4009316884,0.0,0.0307944883,0.0215618348,0.0325412741,0.2858701859,3.7150368433,3.33605e-10,7.9781606e-09,1.4529230094,2.1109852713,-0.0118007,0.0457057283,0.0566193339,0.0732063074
12583,0.2373157793,0.0557295028,3.2986494703,0.0,0.2507718484,0.1645376587,0.0553177189,0.5335900321,0.3902955846,0.0412570392,0.3753331611,0.0650567208,0.4706541234,0.0295001825,0.0650567208,10.0,0.0060353974,0.0297029703,0.0204761701,-0.096343777,-0.032134158,0.0942702907,-0.312307475,0.093433125,0.7458754057,0.5563526931,0.0,2.5722502053,-0.322097293,2.3170474642,-0.287721295,0.8236118406,7.8623687004,0.2925533138,0.0,0.0,0.0,1.0,0.0,0.8347823882,4.0,1.7817838037,-0.129062786,-0.148301588,-0.006536159,8.6645853766,0.1162475455,-3135.212541,0.0232852488,15.035820308,0.0342923876,0.0133199279,0.0256996833,0.0041062244,0.5116939356,-0.024554285,0.0,-0.001428571,-0.245961852,0.0474572907,5.0,16.076270149,2.454497436,0.0,0.0310664047,0.0299715768,0.0399210792,0.4391940327,6.8445472751,4.61237e-10,8.4180028e-09,0.9942152326,0.9884639287,0.0356359525,0.0499484474,0.5988810789,-0.24467985
12366,0.0976291198,0.0555016482,8.0873141364,0.0165027168,0.403615498,0.7162793035,0.1667449607,0.1471923247,0.3912251359,-0.017834487,0.1246479463,-0.021319335,-0.180186482,0.065502295,0.0213193347,11.0,0.0,0.020387885,0.0529348093,-0.034743534,-0.002957427,0.1898918057,0.0496826312,-0.008565142,0.250853617,0.4297620109,0.0,2.0417952064,0.1643589676,2.0417952064,0.1643589676,7.9306709185,4.9507148324,0.1657351422,0.0,0.0,1.0,0.0,0.0,2.0952150741,6.0,-2.926625836,-0.112874292,-0.194436546,0.0197599252,-28.56943845,0.0678952414,-3626.402964,0.03476008,16.202239186,0.0012881989,0.0258705932,0.1512740674,0.0081485633,0.130886861,-0.000532872,1.0,0.002268431,0.3669209887,0.0976392943,6.0,16.99929758,1.765191977,0.0,0.0282673538,0.0128333253,0.0211313662,0.2549422275,1.6521466755,1.506995e-10,1.6828188e-08,0.561371188,0.3151376107,0.0502041234,0.0362702833,-0.107475117,-0.054879185
12573,-0.4550022,-0.329552177,3.738816397,0.0,0.9960671487,0.0442025456,-1.847836302,-0.274322431,-0.418834012,0.24177799,-0.080806483,-0.023774033,-0.046410263,-0.314257574,0.0237740325,10.0,-0.021173351,-0.454545455,1.3660987331,1.0914540942,-1.648286145,0.0584826413,0.2008435678,-0.003316695,0.3460331257,0.8199849461,0.0,2.6555146016,-0.49581228,2.5633115963,-0.489871271,0.1262882992,7.4090287278,-0.308289413,0.0,0.0,1.0,0.0,1.0,1.0036216138,3.0,17.220478394,0.0637659496,-0.632550013,-0.698854139,5.478230409,-0.227510211,-5623.923741,0.0232852488,10.510345765,0.0,-0.105232076,0.2327099947,0.0040590505,0.6739133443,-2.279929297,1.0,0.0,2.0249115253,-0.112081262,4.0,11.411381964,1.4433704474,0.0,0.060747616,0.0334172852,0.0811405831,0.4858886943,2.7362144806,1.2707842e-07,1.9006396e-08,1.8920191405,3.579736428,0.0760604732,0.0958032448,-0.393173086,-0.24467985
12640,0.4403559725,-0.108462725,1.3047262248,0.0,0.4524125863,1.1383935466,-0.132487964,-0.054817173,0.4208430362,0.0239955298,0.0590192668,-0.120620103,-1.021627744,0.002345804,0.1206201027,10.0,0.0,-0.125,-0.099632174,-0.031039944,0.0087242997,0.2330699963,0.2571985191,-0.066101422,-0.148817803,0.6144722927,0.0,1.651047841,-0.212239904,1.651047841,-0.212239904,5.7225489619,5.0038827462,-0.061397675,0.0,0.0,1.0,0.0,0.0,0.7614799236,4.0,-2.948288737,-0.120414924,-0.339824431,0.362486778,-28.47308529,0.0047387505,-14427.34982,0.03476008,11.598483,0.0023728417,-0.025020475,-0.051839848,0.0208518208,0.2329262079,-0.022108015,2.0,0.0163568623,3.1388850155,5.87199e-05,3.0,10.216117046,0.1830555029,0.0,0.0270270016,0.017814356,0.0428711087,0.6547954377,0.3834945975,3.4822417e-07,1.9189762e-07,1.2134120539,1.4723688125,0.0308592061,0.0757698086,-0.039916736,-0.054879185
13410,0.559976715,0.0954397267,0.5917452128,0.0,0.5707919643,0.3912292041,0.1658645912,0.2963245142,0.4053988599,0.006376944,0.3441420261,-0.008594107,-0.090185112,0.1040469692,0.0085941066,9.0,0.0162866914,0.213362069,0.3249914069,-0.288128641,-0.096063688,0.3124795453,0.7994673558,0.0394266221,0.250962333,0.3861129465,0.0,2.571996834,-0.126130332,2.3748388465,-0.144944922,1.2316126788,3.6939812744,0.2191544735,0.0,0.0,1.0,1.0,0.0,0.7500873321,5.0,1.3730101345,0.0399068676,0.0353575104,0.3161247762,6.2042476917,0.1907943322,-4416.291741,0.0232852488,14.214342502,-0.003520479,0.0137070423,0.0274472714,-0.004703395,0.2854280276,0.0302871643,0.0,0.0063742032,0.5023810583,0.0407222807,5.0,14.941750663,1.763696728,0.0,0.0577998944,0.0264277675,0.035811101,0.3124500434,2.4670063788,1.2385645e-09,1.1765919e-08,0.7869431012,0.6192794445,-0.043518065,0.0585861284,-0.045622218,-0.24467985
12623,0.2753300775,0.1008046996,1.153203125,0.0249115062,0.9060836216,1.3557942425,0.0788750818,0.1601479164,0.2726496942,-0.007352941,0.1493661584,-0.052278114,-0.570402299,0.158303932,0.0522781143,10.0,0.0001316829,0.0,0.0519159456,-0.059424261,0.0385277404,0.0779179811,0.0410803374,0.0285876831,0.1971032746,0.421606473,0.0,1.097933513,0.1625178373,1.0363881402,0.1878554184,18.283203125,5.7891156463,0.1612103599,0.0,0.0,0.0,0.0,1.0,1.1486146096,6.0,-1.345569042,0.0977239269,-0.003339204,-0.144091396,-0.540439397,0.2358580034,-10808.79174,0.0629453635,15.95837912,-0.001184133,0.0180767339,0.0711175617,0.0031000919,0.0533653846,0.0175102615,1.0,0.0031078421,0.4186114684,-0.028795134,6.0,17.052396348,2.4830990253,0.0,0.0456936024,0.0171261607,0.0266405551,0.2298614307,2.6171798302,1.414717e-10,1.10208e-08,0.7469029765,0.5578640563,0.0609796301,0.0344837801,0.0972238494,-0.107827317
12783,0.5855092495,0.0017990201,4.3978220786,0.0,0.3686323528,0.4264851344,0.012759816,-0.004875142,0.1990835957,0.0093872467,-0.130249284,-0.047020342,-24.99914163,0.0467729794,0.0470203417,10.0,0.0075913215,-0.188764045,-0.279814648,-0.150558651,-0.000984077,0.2430761651,-0.233340784,0.0205780272,0.0944524144,0.3042106014,0.0,3.9446288243,0.0974899455,2.5108720531,0.0323981782,6.5623010027,3.3382608906,0.0852990064,0.0,0.0,1.0,0.0,0.0,0.3286610341,5.0,0.1407623191,-0.090643934,-0.226345722,0.182046952,-0.301693165,0.0290590012,-15719.32965,0.0642905452,13.122863252,0.002226209,0.0007634138,0.001239328,0.0258504362,0.0662239564,-0.02256001,2.0,0.0,0.6117392386,0.0078186064,2.0,12.762538955,0.6348325837,0.0,0.0246211737,0.0167251706,0.0271713265,0.4636358782,1.4140129424,1.0534622e-08,3.9097063e-08,1.0582319043,1.1198547633,-0.047762209,0.0490664214,-0.036656537,-0.091892872
13860,-0.042724463,-0.126118796,5.0783509219,0.0,1.0790492088,0.1743573042,-0.122827153,0.1155565833,0.002866311,0.0017634881,0.2787747664,-0.078733052,-0.613445782,-0.048751753,0.0787330518,8.0,-0.001012148,-0.31372549,-0.691199104,-0.059185164,-0.298491876,0.0835850297,-0.022122778,0.0243197402,-1.50169281,0.5600761741,0.0,1.6001368563,2.8091334063,1.5033283825,3.4514156348,0.9920822563,14.198585991,-0.06794718,0.0,0.0,1.0,0.0,0.0,-0.477083057,2.0,0.2579726979,-0.162925807,-0.223072272,-0.079219079,-0.339433434,-0.049527527,-1870.605633,0.0633299066,15.44509785,0.0065384213,0.0366369782,-0.83573841,0.096661125,0.2047630938,0.0955595859,0.0,-0.007953724,0.628471401,-0.064292293,3.0,16.580593694,3.3046035547,0.0,0.0714498907,0.0342820852,0.0464869325,0.2520370354,4.0835883931,3.138913e-10,6.7114328e-09,1.9369194444,3.7516569341,0.0892253662,0.0689823899,-0.097558312,0.0171249485
12579,0.2687892557,-0.073791767,5.018566979,0.0,0.0105033819,0.0101655109,-0.230094494,0.6291841172,-0.04068167,3.8816859749,-0.679654638,-0.169870202,-0.518787637,-0.03550951,0.1698702018,10.0,-0.007699892,-0.456140351,-0.773920856,-0.238238037,0.4107417815,0.0881603406,-0.086130887,0.044912649,1.0189093016,0.7602786146,0.0,16.883617194,5.8571308481,16.426196269,6.2131521364,0.0706681304,10.504743833,-2.581749765,0.0,0.0,1.0,0.0,0.0,-0.081264482,4.0,-4.671699321,-0.18261817,-0.634144909,0.024937317,5.9296225626,0.0512378526,-5201.864121,0.0232852488,13.526693412,0.0,-0.020972065,-0.024959948,-5.3712e-05,0.5200835116,8.2017585342,1.0,0.0,0.495672071,-0.03507483,5.0,16.28458622,9.1631797297,0.0,0.0692841113,0.0387395516,0.0704733868,0.4017352452,18.254340784,1.1973772e-09,3.0289129e-09,1.8150031331,3.2942363732,-0.08646831,0.1749577411,-0.553231957,-0.24467985
12905,1.3025514595,0.0102759923,-11.80242665,0.0561013635,3.0897409353,3.7021345319,0.0469636684,-0.080054738,0.1630174478,-0.017694389,-0.099481949,-0.091530055,-41.64864865,0.4382571861,0.0915300546,10.0,-0.012116892,-0.032450897,-0.167031182,-0.006577373,0.0618668624,0.1006871826,-0.024697222,0.02565857,-0.045972335,0.5398197595,0.0,1.4455632473,-0.086617838,0.6488357458,-0.216409155,27.541322314,25.733590734,0.1179777674,0.0,0.0,1.0,0.0,0.0,0.4666395443,6.0,0.0439324622,0.0758224872,-0.167410248,0.3961822788,-0.321669328,0.235110603,-3045.138889,0.0894515012,13.449106114,0.0055361656,0.0143929912,0.0491033305,0.1232379276,0.0342706503,0.033803581,1.0,0.0159235669,0.711237786,-0.008365567,2.0,14.815487151,2.4758038402,0.0,0.0457142405,0.0260319356,0.0394546625,0.2423072734,2.4408479498,3.1455706e-09,1.1573818e-08,1.1379905009,1.2950223801,0.2685181105,0.0781622698,0.0850523311,0.2323533244
14329,0.3236853879,-0.010797906,3.2740419571,0.0135506089,1.3842262833,1.437925515,-0.009544239,-0.085059943,0.0549042417,0.0116818552,-0.101989341,-0.049713568,-8.233923794,0.0781112263,0.0497135683,8.0,-0.001581782,0.0016135539,-0.057179986,-0.1969459,0.3398098517,0.1884056647,-0.085112077,0.0151434981,-0.004793881,0.2386197119,0.0,1.0144962279,-0.49067931,0.870074294,-0.518211838,22.711546008,6.8256877058,0.032828233,0.0,0.0,1.0,0.0,0.0,0.1630405543,6.0,-0.477426625,-0.15560172,-0.622700078,-0.093777356,-0.853296019,-0.032082228,-1258.850696,0.0775136454,16.046476656,0.0037677204,0.0025216198,0.0131891409,0.1021284322,0.0370468089,0.0208135083,5.0,0.0006086427,0.4728724741,0.003190284,2.0,16.385745512,1.3211239012,0.0,0.0262223184,0.0191475274,0.0243493788,0.3258228813,1.8859865223,3.3436e-10,1.9317059e-08,1.4925638708,2.2277469085,0.0859351285,0.0431521022,0.0556818069,-0.164654644
13844,0.7242278448,-0.627826884,0.0013,0.0,0.3342773264,0.1825008916,-1.825798909,0.799291498,0.082388664,3.8816859749,0.2483878141,-0.105796001,-0.138751897,-0.540714713,0.105796001,10.0,0.0129442817,0.0,-0.176296694,-0.147519716,0.0668875041,0.0881494454,-0.172064703,0.053340081,1.2595207134,0.8444132868,0.0,4.1400809717,0.6512614887,3.7581646424,0.7807549226,0.2423882958,3.2433862434,-2.055780833,0.0,0.0,0.0,0.0,0.0,0.1214935909,5.0,51.180171636,0.003286997,-0.08090577,0.9216273903,-1.661907158,3.57278367,-7505.833413,0.0357482652,9.9016458974,0.0,-0.087784367,-0.099706098,0.0028095091,0.3065061259,0.0018134666,0.0,0.0707317073,-0.727487296,-0.035227721,3.0,9.8394137802,0.57751612,0.0,0.0283018593,0.0237510146,0.0591709472,0.5141513154,1.0633015109,4.8205e-07,5.3702608e-08,1.5835099834,2.5075038675,-0.113688803,0.1301445498,-0.051746702,-0.145662284
12913,0.3598495084,-0.086574201,2.5376873568,0.0,0.6576216087,1.1608574504,-0.072444062,-0.038822941,0.2920322903,0.2284951552,-0.070839223,-0.126543005,-1.517243043,0.044779903,0.1265430049,10.0,-0.041787642,-0.092357989,-0.301666505,0.0263138881,-0.013631035,0.1442567802,0.2238043457,-0.014805476,0.0257700196,0.4576871249,0.0,3.4348444565,0.1381187273,2.7361348665,0.2483542581,5.7513723542,9.4499927741,-0.075912384,0.0,0.0,1.0,1.0,0.0,0.8225271111,3.0,-0.0153391,-0.330894532,-0.611889065,-0.164261116,-0.65425905,-0.13308819,-1784.020735,0.1434034542,14.151476339,0.0077497441,0.0034197574,0.0103768515,0.1866394213,0.1300537203,0.0366574522,3.0,0.000614062,0.8393208685,0.1065812241,3.0,14.333591074,1.3746948455,0.0,0.0395314321,0.019505164,0.0398756405,0.6122675847,4.4123725623,1.9345546e-09,1.4953304e-08,2.8149696938,8.1460812957,0.0799570172,0.0801405003,-0.032298406,0.4042341731
12872,0.8244643711,-0.409688116,-68.48230769,0.0562295175,2.0403812614,2.5915716633,-0.027098187,-0.135943017,0.03427493,0.0030816641,-0.009215676,-0.146423245,-1.219291089,0.0898409529,0.1464232448,10.0,-0.024429276,-0.049417173,-0.437034587,-0.435510197,-0.302216668,0.0832182661,0.0996797484,-0.085900402,-0.341158663,0.377049872,0.0,1.8059758667,0.4457656083,1.2952818745,1.1068718069,167.73798077,8.877735369,-0.138711986,0.0,0.0,1.0,0.0,0.0,0.0557072476,3.0,32.578237737,-0.21221868,-0.018842501,-0.209705414,-0.695565409,-0.045091204,-5604.037641,0.0799518023,17.702034579,0.004975006,0.007359491,0.023996404,0.3878965256,0.1481075028,0.0157392212,2.0,0.0021032195,0.0965711926,-0.033631889,1.0,18.765363882,2.3806024085,0.0,0.0333716013,0.0188680338,0.0274379508,0.1807152685,1.5950517868,3.738696e-11,1.2974993e-08,1.7640349143,3.1118191787,-0.006082922,0.0468384872,0.1385453738,0.2073588198
15327,0.0745476394,-0.77532774,-1.174862342,0.0,4.045055601,2.7163727253,-0.000365085,-0.219414188,0.1931439185,0.1727678855,-0.100028835,-0.189146946,-1.146146245,0.1133112376,0.1891469458,6.0,-0.076895561,-0.054754098,-0.212066303,-0.207499174,-0.053772193,0.0841188391,0.0849355754,-0.058269099,-0.904123682,0.3341970137,0.0,1.1336126532,-0.118944627,0.5560831908,0.6394534983,15.463523868,12.468604306,-0.155282897,0.0,0.0,1.0,0.0,0.0,1.1654116603,3.0,-0.044609856,0.0320735883,-0.010965411,-0.963469249,-0.141394414,-0.059491832,-8141.513419,0.0738375305,12.758452806,0.0014646032,-0.001024306,-0.025691099,-0.029596622,0.0214112533,0.0469597449,0.0,0.0028169014,2.4727771977,-0.242631495,2.0,14.876150482,7.0693820949,0.0,0.094444491,0.0526944722,0.0810205416,0.2494858597,8.9850627734,3.1729994e-09,2.8976907e-09,2.8149696938,8.1460812957,0.0878476653,0.1520726004,-0.613537047,-0.133267297
13302,0.8336347767,0.0818859765,-1.183294563,0.0070275507,2.5479711516,1.145441748,0.0770790132,-0.047200787,0.0748735477,-0.007354944,-0.02807339,-0.128935872,-5.456490834,0.5286960567,0.1289358715,9.0,0.0,-0.058608059,0.0511451648,0.1355968798,-0.229845765,0.1731851638,0.1120885465,0.0014423326,-0.101260639,0.7058823615,0.0,25.569010029,-0.335224378,25.569010029,-0.335224378,5.2020980578,0.3902390659,0.0402135716,1.0,0.0,1.0,0.0,0.0,0.1614753801,5.0,1.7858507103,0.0638721004,-0.084422061,0.1577686015,-0.29233944,0.2169808182,-4402.578003,0.1116995972,12.951478949,0.0023323975,0.018652654,0.0796500145,0.0359356563,0.0853749892,0.0114733091,1.0,0.0087658989,0.9459853074,0.1419584285,6.0,13.186199039,0.9419285911,0.0,0.0266883615,0.0204209763,0.030551097,0.3530960616,1.4211588102,7.702986e-09,2.7459073e-08,1.7365109708,3.0154703516,0.0226257682,0.0607468783,-0.480038019,0.0472491512
13108,0.0982330589,-0.263031046,0.0067651938,0.0,1.1895008488,1.2926238933,-0.17790312,-0.110437544,0.4568483995,-0.85100486,0.0940977446,-0.149080964,-0.77516796,-0.059137807,0.1490809639,10.0,-0.016106729,-0.344523247,-0.361459091,-0.172168117,-0.05198831,0.5448569099,0.20206979,-0.04444261,-0.726668799,0.6888770938,0.0,0.9947155874,-0.079633245,0.9933524177,-0.053799421,1.6647784886,29.252978218,-0.160920526,0.0,0.0,1.0,1.0,0.0,1.75589182,1.0,-0.265173271,-0.343876995,-0.345495642,0.0615246274,-0.936824765,-0.18477603,-22864.45185,0.2560171468,13.277009044,0.000460062,0.0704593429,1.1117093765,-0.133167928,0.4387284889,-0.041690209,1.0,0.0118369136,2.7447740413,0.148209095,2.0,15.321251606,6.7143858478,0.0,0.0697550252,0.0357207355,0.0550341263,0.2209112351,5.3297701672,1.909214e-09,4.5702282e-09,2.5979955331,6.7495807899,0.2445185528,0.1336285165,0.5002966216,-0.215279818
12880,0.4159203049,0.161821222,-0.89442354,0.0,2.8911810189,1.8981645056,0.1241789133,-0.062599188,0.2525360544,-0.253824556,-0.067049631,-0.093840427,-2.120006334,0.5048832377,0.0938404268,10.0,0.0,-0.230241672,-0.08017623,-0.0327355,-0.009933701,0.2598474291,0.1664013345,-0.024561142,-0.073561727,0.3226331395,0.0,2.206987855,-0.238220268,2.206987855,-0.238220268,3.1681188845,3.4186274998,0.0775802465,0.0,0.0,1.0,0.0,0.0,1.9146761473,4.0,0.5384517309,0.003733686,-0.445969132,4.9249814467,-0.439466417,-1.247257239,-15360.68835,0.0456208962,13.840877532,-0.002125899,0.0201935976,0.1508186934,0.0796514525,0.1584883172,0.0400466545,1.0,0.0313371968,1.2403292894,0.1303124391,5.0,15.472182941,2.9147526033,0.0,0.0573096275,0.0298746842,0.0477247252,0.259387664,2.6249782675,2.1546256e-09,1.0432895e-08,1.0645554323,1.1332782685,-0.061079558,0.0728121303,0.0286869298,-0.071440083
13323,0.0213882103,0.005921394,31.57143088,0.0,0.0316456847,0.0342227361,0.4405989365,0.6826462411,0.505834781,0.047543234,0.6237894293,-0.086069016,-0.614493078,0.0095600496,0.086069016,9.0,0.0101477794,0.4731369151,0.2404037589,-0.006224852,0.3061727698,0.2438188172,-0.208293318,0.0573873809,0.7780002351,0.731365124,0.0,1.7471701717,-0.303061432,1.6689667311,-0.288616944,1.1399012922,3.8712733199,0.2571677959,0.0,0.0,0.0,1.0,0.0,1.2481889116,5.0,0.082587172,-0.31190408,0.4355552382,-0.382074087,0.3393402054,-0.008153929,6262.057753,0.0642905452,16.897123161,-0.001451013,0.010381995,0.0373186812,0.0085553418,0.6251212915,-0.005884973,0.0,0.00060012,2.380475994,0.228690071,5.0,18.685491256,5.0096893484,0.0,0.0772281364,0.0464557402,0.0660895762,0.3849840926,11.117599942,7.006829e-11,5.1302578e-09,1.7858388618,3.1892204404,-0.001812389,0.1015291757,-0.966610302,-0.091892872
13046,0.0001381426,0.0315585387,76.358947467,0.0051598987,0.0454650268,0.0971498984,0.6854996155,0.2081955276,1.0806017807,-0.017350207,-0.140015239,0.0056029221,0.0073988297,0.0313250425,0.0056029221,10.0,-0.064081118,0.1978452498,0.4776909303,0.2657536765,0.0215411701,0.0940607364,0.2426299436,-0.035790853,-1.00913497,0.6346893651,0.0,2.5113092051,0.1313984201,1.6655897718,0.4639325713,7.5700292736,11.016919246,0.6535349093,0.0,0.0,1.0,0.0,1.0,-3.125574532,7.0,-0.911827027,0.5271870973,-0.527047155,-0.142946945,-2.942869989,0.1497898349,695.25500602,0.0740556467,16.670154601,-0.005046125,0.1402619349,1.1117093765,-0.000783641,0.2673633363,0.0373858423,0.0,-0.001674088,1.4185295229,-0.09115807,4.0,15.680548667,0.3848632306,0.0,0.0445455089,0.022105247,0.0300169812,0.1556717268,0.2175571216,7.079633e-10,7.3711419e-08,0.6548350835,0.4288089866,-0.121845301,0.0671406946,-0.146525717,-0.091892872
14715,0.1461227949,-0.046966811,22.586153007,0.0,0.063684833,0.215943097,-0.266520858,-0.058723503,0.2395316033,0.1447969386,-0.335639827,-0.118302261,-0.544958503,-0.021371848,0.1183022605,7.0,0.0431103989,-0.046052632,-0.280552466,0.2327482095,-0.040158825,0.2030786387,0.1463116071,0.0675349269,0.1502288523,0.6338409222,0.0,3.3835714799,1.2498987179,2.4430243412,1.0094322532,6.0786251212,6.3876289973,-0.313454997,0.0,0.0,0.0,0.0,1.0,0.4162061366,2.0,-0.156810461,-0.324760891,-0.03441207,-0.306706999,-0.844672882,-0.137075795,-9629.814757,0.281925686,13.559066671,0.0,-0.040692109,-0.053157365,0.0040639488,0.5090317149,-0.021332731,0.0,-0.002173441,0.7493500842,0.1650331465,4.0,14.98275367,2.1864785714,0.0,0.0363367237,0.0311605461,0.0662911467,0.3209931062,3.9071389709,4.1897222e-09,1.2028628e-08,1.2298888737,1.5126266416,0.0238744282,0.0814129566,-1.357821455,-0.031359609
13169,0.2755402331,-0.040223347,3.7390590031,0.0,0.30584357,0.1849861813,0.0028918575,0.6954805942,0.3576722375,0.1384759832,0.9374738901,-0.17403265,-1.999534234,0.0402046126,0.1740326503,10.0,0.0,0.1922464153,0.4941826901,-0.058523659,-0.00127778,0.8300233645,0.7008766277,0.0030967483,0.4890428919,0.29322557,0.0,1.4031990343,-0.294719876,1.4031990343,-0.294719876,1.255595117,9.0795402299,-0.116076493,0.0,0.0,0.0,1.0,0.0,0.647453972,2.0,-3.188614315,0.0358573501,-0.022578016,0.1976710385,-28.45498312,0.042597559,-3922.901344,0.03476008,16.056779293,0.0047314757,-0.00680017,-0.013805204,0.0243065791,0.2432223083,-0.104551662,0.0,-0.005312085,1.5299921995,0.0861874716,5.0,17.727625858,4.4295397005,0.0,0.0191226173,0.0127005593,0.0201567371,0.323339898,6.2592640146,5.432875e-11,5.8178825e-09,0.4989224137,0.2489235749,0.0796847787,0.0604441461,0.438525964,-0.054879185
12920,1.2274945895,0.0769414514,-10.89246134,0.0130801906,10.245962265,0.4401074043,0.0182056268,0.0840551612,0.034755145,0.0066050198,0.0904873705,-0.001983223,-0.284271554,0.0988137174,0.0019832235,10.0,-0.000165704,0.0363636364,-0.037147804,-0.044118933,0.1513438553,0.0693352395,0.0532549863,-0.000716503,0.0331863766,0.548606171,0.0,0.8666675654,-0.046090193,0.8662796271,-0.045843459,0.4706470724,0.0595767973,0.0088293687,0.0,0.0,0.0,0.0,0.0,0.3096143598,5.0,-0.064158938,0.0011160064,-0.001820916,0.3099436207,0.395512991,-0.058240289,-8599.89001,0.0253456805,11.256455496,0.0002079878,0.0023716327,0.0221677764,-0.003040958,0.0406242056,-0.003786188,1.0,0.0080707901,-0.819677871,0.0017246029,3.0,8.9740165599,0.0643544097,0.0,0.0284501109,0.0122888402,0.0178720119,1.5923349656,0.4353334228,2.3959196e-06,4.062877e-07,0.3768999604,0.1420535802,0.3058812384,0.0301232622,0.0373268233,0.0732063074
13201,0.4214211937,0.0440868697,5.6982140078,0.0,0.1031850217,0.7671839732,0.1369057883,-0.181449677,0.171974219,0.0094438884,-0.580887295,-0.259100571,-3.424857303,0.1950781072,0.2591005705,9.0,0.0287450793,0.0796139928,-0.185915368,0.613750618,-0.257731584,0.0620233598,0.0149835306,0.0467135557,0.0677054912,0.5543621313,0.0,2.6760661869,0.4977005876,1.8213684596,0.1956626973,8.9894716475,12.346605352,0.3318531152,0.0,0.0,1.0,1.0,0.0,0.2718751592,5.0,32.673172083,-0.176070322,0.1101886644,-0.612748592,0.2826513522,0.0601459501,-23820.5596,0.0799518023,14.941724229,-0.000269788,0.0175780045,0.0260024063,0.1719801783,0.3674080493,0.0129594532,0.0,-0.005577689,0.3438528708,-0.11284006,3.0,17.751012031,10.094574349,0.0,0.0090180514,0.0018967023,0.0029655705,0.2242371092,8.653425434,1.117327e-11,2.8976796e-09,1.1804675185,1.3935035621,-0.083331175,0.096910962,-0.19867522,0.2073588198
13249,0.1568695312,0.0123836551,20.860114663,0.0,0.0243081603,0.1057541794,0.0973832344,0.1047060343,0.3717281684,-0.000335996,0.1362244956,-0.079135549,-1.102915446,0.0260417795,0.079135549,9.0,0.0011101151,-0.050098619,-0.053044506,-0.069876534,-0.006071423,0.1105192308,-0.014808695,0.0735274253,0.0999778077,0.4933879205,0.0,4.8155768695,-0.030831012,4.5994348709,-0.033127847,2.6865750104,7.4361059281,0.8891836463,0.0,0.0,1.0,0.0,0.0,0.4274927875,3.0,0.0859762436,0.0157886452,-0.051001758,-0.299621159,-0.313756098,-0.026182647,-4522.048565,0.0376507894,13.973593807,-0.002027196,0.0050932802,0.0058114587,0.0097028633,0.0691639677,-0.087137565,0.0,-0.001201201,1.7342107013,-0.190002196,8.0,14.614042528,1.6912884298,0.0,0.0290023219,0.0243253875,0.0385247014,0.3706855794,2.4897316919,2.392363e-09,1.5906062e-08,1.2220424857,1.4933878369,0.0002120961,0.056084658,0.1786906984,-0.028114825
13210,0.0986266903,0.0162715154,12.726015875,0.0,0.0367205271,0.1322708684,0.286863479,0.2126023969,0.4130437107,0.0166702906,0.1392626951,-0.087501863,-0.664039002,0.0270764363,0.0875018628,9.0,0.0,0.1205530907,0.159421187,0.1526984777,-0.00874639,0.1578935473,0.4092346829,0.0122221291,0.2423796084,0.717867208,0.0,4.1051228673,0.0775045657,4.1051228673,0.0775045657,1.9240126286,5.3076824824,0.5626665763,0.0,0.0,0.0,0.0,0.0,0.5807467367,6.0,-2.930246391,-0.027803976,-0.09427134,0.0207574957,-28.55762267,0.0294693827,5508.0084557,0.03476008,16.528373536,0.0020231468,0.0390516661,0.0522699293,0.0103952981,0.3908142937,0.0104800578,3.0,0.0003681111,0.3092695889,0.0460983766,6.0,18.835066337,5.1674861332,0.0,0.1013236046,0.0440518236,0.0613376902,0.3028566204,4.3078953283,1.951392e-10,9.3802632e-09,1.0391483577,1.0798293092,-0.064631087,0.0669290529,-1.077155045,-0.054879185
13116,2.5948501242,0.2570094519,-30.79724084,0.0,0.3414942838,0.5414109359,-0.052728292,-0.019485741,0.1330213095,0.0094458438,-0.489815598,-0.046266214,-0.533845916,0.3942128983,0.0462662141,10.0,0.0012213651,-0.128,-0.303716238,0.1169190707,-0.009583745,0.1252025285,0.5599780256,0.0180309006,0.1158996039,0.5183636706,0.0,1.2406020085,0.1757520519,1.1172869341,0.1384717987,8.8142100796,4.599017313,1.1400778019,0.0,0.0,0.0,0.0,0.0,0.1672495703,6.0,9.4386197108,0.108715798,-0.039864289,10.207751037,-4.362716234,-2.858678128,-1355.336222,0.0340789314,15.420741001,0.0094944615,0.021218779,0.0293542625,0.0886955626,0.0208612533,-0.97895732,1.0,0.006263048,0.3474762446,-0.038945414,6.0,16.625947256,2.3458009188,0.0,0.0375475138,0.0241099204,0.0442774215,0.22232755,1.5809678554,5.579277e-10,1.5504648e-08,0.9947305657,0.9894888983,0.1174357461,0.0901170354,-0.646248474,0.818494895
13326,0.1056150836,0.0085016229,11.278203606,0.0,0.1483040978,0.1358808879,0.1190735933,-0.010714149,0.3322415363,0.0292385423,-0.217271548,-0.096851975,-2.908355937,0.0332273682,0.0968519754,10.0,-0.007791901,0.0476190476,0.1450521379,-0.649574804,0.0598263275,0.464890478,-0.10253243,0.0070034926,0.571688445,0.4682897011,0.0,5.6052620266,0.1052931025,4.7164459825,0.1484646057,1.7596882593,7.1765401443,0.143072372,0.0,0.0,1.0,1.0,0.0,1.2004091342,8.0,-0.791104333,0.0638431497,-0.677273358,-0.037470004,-2.519673603,0.1516921607,-14375.97278,0.0740556467,15.085536939,0.0015901566,0.0155702328,0.038423663,0.0017825803,0.3041074995,0.2762824576,3.0,0.0004624634,0.8376607146,0.0117513603,5.0,15.529007974,1.3545807042,0.0,0.0275140125,0.0246123647,0.0428543286,0.2764360204,2.7433556962,7.667313e-10,1.3520505e-08,1.3559941073,1.8387200191,0.04248645,0.0433575775,-0.503617366,-0.091892872
13520,0.4632013762,-0.0063086,2.7191723971,0.0,0.4822746444,0.6146805484,0.0298654567,0.1067233993,0.1434239994,0.1848401058,0.0027236564,-0.097916028,-13.96721311,0.0818049582,0.0979160282,9.0,-0.000442674,-0.322222222,-0.247222398,-0.846864403,0.1463566703,0.0581855046,0.0662685201,-0.044168055,0.2407046415,0.5544257923,0.0,2.1829493513,3.7083705874,2.1494990535,4.1441039428,3.6968796434,119.71353972,0.0665553236,0.0,0.0,0.0,0.0,0.0,0.3268765133,5.0,0.4981158686,-0.073948192,-5.817888973,-0.062415391,-0.541916683,0.0130465885,-7699.63308,0.0823714328,13.068201519,0.0015214708,0.0116300482,0.0227843198,0.0318839992,0.2104551816,-0.041621749,0.0,0.0015857913,0.6306788322,0.1796180783,5.0,13.771122839,1.8710069169,0.0,0.051916901,0.0273672409,0.0388822461,0.3130514917,2.2275388274,5.7474614e-09,1.4338384e-08,1.9922204952,3.9689425016,0.0394081857,0.0557632362,0.2608745771,-0.164654644
13244,0.9129825504,-0.420966331,-4.828877362,0.0,1.5429542064,0.6118053946,-0.155971594,-0.093962271,-0.023378274,0.0017317799,0.0352490972,-0.27608433,-1.805087617,0.3389147804,0.27608433,9.0,-4.1253e-05,-0.052631579,-0.123561764,0.1524488587,-1.018888558,0.1063899977,0.1428988424,0.1670499077,-0.298379084,0.5490623001,0.0,0.8992665053,0.2908865223,0.8628873704,0.2883689508,9.4342054868,6.2867872795,-0.107346884,0.0,0.0,1.0,0.0,0.0,-0.096438041,3.0,8.4007312001,0.1632242124,0.0355041317,8.5258834628,-3.768125769,-2.913976246,-349.0033916,0.0340789314,15.566952774,-0.008768089,0.0531035071,0.1376086154,0.0603791841,0.0270458385,0.205377776,5.0,0.0086750789,-0.102821969,-0.001174595,5.0,17.020652949,4.0721241623,0.0,0.05247261,0.0281593963,0.0525423957,0.6192074601,42.792939228,1.988527e-10,4.2309633e-09,2.4005762524,5.7627663434,0.0096350431,0.0955034452,-0.424197228,0.818494895
13375,0.5125230544,-0.035413029,1.1192152036,0.0,1.4599490463,1.9241264312,-0.018700352,0.000179375,0.2765628929,-0.012493656,0.0257233708,-0.088770371,-4.94398198,0.1396683501,0.0887703713,9.0,0.0014260795,-0.234732824,-0.160588735,-0.716059213,0.0227163008,0.0904530227,0.0689957232,-0.039849395,-0.066072196,0.5186304798,0.0,1.2945200203,1.0965141077,1.2297370164,1.1799400648,10.347134411,30.345293442,0.0673469118,0.0,0.0,1.0,0.0,0.0,0.9638072247,5.0,0.6322264955,0.0588378312,-5.730399576,-0.013093713,-0.466182748,0.0709099804,-7933.43727,0.0823714328,12.07965421,0.0065589161,-0.005765638,-0.021829164,0.0383482406,0.1449932329,0.6237080598,0.0,-0.010036496,0.7707075629,-0.091431502,4.0,12.394727115,1.6230693057,0.0,0.0491550975,0.0214126594,0.0406878601,0.8574810759,37.46264072,1.3765282e-08,6.5760717e-09,1.5783390318,2.4911540992,0.0117359941,0.08399593,-0.069899769,-0.164654644
13260,0.108108945,-0.007894743,14.811267079,0.0,0.1455916562,0.2680287508,0.0207592529,0.0806168904,0.7409858446,0.0285031356,0.0856457101,-0.150832708,-4.666265268,0.0289442204,0.1508327078,9.0,0.0,0.0213114754,0.0699249139,0.1204211018,0.0332038269,0.3524546966,0.2135456294,-0.010140744,0.0739176774,0.3913625049,0.0,0.8643117041,0.1328596952,0.8643117041,0.1328596952,5.2666791204,6.2885320078,0.0279783437,0.0,0.0,0.0,0.0,0.0,1.7281005896,6.0,-2.850163504,-0.016550314,-0.193512956,0.0302397505,-28.05183004,0.0313371669,-13861.98054,0.03476008,12.587728578,0.0017013806,-0.005280022,-0.011190959,0.0065010865,0.2336084601,0.0249536102,0.0,0.0025996534,3.4323537538,-0.232912682,7.0,12.431171109,0.9025798999,0.0,0.0844645426,0.0312102184,0.0448509822,0.2540607384,0.7961624791,2.5374306e-08,3.5842452e-08,0.9067600676,0.8222138202,-0.043671379,0.0648800521,0.0274899315,-0.054879185
13124,-0.090555504,-1.45860494,-0.361630125,0.0,6.1828129091,2.8598359756,-0.669443621,-0.362927739,-0.254935333,-0.85100486,0.0291656679,-0.477587119,-1.438574516,0.9016014033,0.5572082991,10.0,-0.006893897,-0.082142857,-0.191201042,0.0581095897,2.0062880864,0.1717715347,0.2912042791,0.1583788818,-1.025470557,0.5450045348,0.0,0.6912624307,-0.410741353,0.6750879324,-0.374706229,13.889123613,10.58509441,-0.452184842,0.0,0.0,1.0,0.0,0.0,-0.814032741,3.0,8.2961717935,0.2102770574,0.0059928535,7.5223454084,-4.026885575,-1.633804394,-1521.360092,0.0340789314,14.024210626,0.003209338,0.0765791026,-0.83573841,0.157491803,0.022751942,1.5704459894,1.0,-0.025040089,-0.115080358,-0.04463187,3.0,16.738652834,10.292935714,0.0,0.0672226399,0.041919232,0.0672947556,0.2536996852,9.1007823253,6.143283e-10,2.7256218e-09,1.8948604112,3.5904959778,0.2660187525,0.1301229924,-0.915461773,0.818494895
12981,0.2335112848,0.0465339909,17.233837658,0.0114336817,0.3855986023,0.5123955244,0.1242037299,0.1696628678,0.3636450336,-0.006413242,0.1862818688,-0.039941392,-0.492858434,0.0694686607,0.0399413919,10.0,0.0217728938,0.113562753,0.0565000173,-0.119716372,-0.001095672,0.1425156307,-0.064575787,0.0509910511,0.1437814226,0.2720287415,0.0,1.6418853617,0.219001707,0.9971749312,0.1913518401,14.497262557,8.287249966,0.167663111,0.0,0.0,0.0,0.0,0.0,0.9082255007,5.0,-0.088401435,0.0033637994,-0.192963456,-0.389508403,-13.29386385,-0.027154775,8807.039125,0.0553124103,16.059377359,0.0017180549,0.026260395,0.0664038114,0.0275348765,0.058700183,-0.015822168,0.0,0.0008946544,0.3323448975,0.0307122467,6.0,17.006724684,2.4739858468,0.0,0.0401682742,0.025524111,0.0359378988,0.3387195749,5.1987947198,1.460129e-10,7.2688742e-09,1.451703925,2.107444286,0.0999945237,0.0387473927,-0.264168417,-0.010696088
14339,0.1432579081,-0.0566151,10.426794331,0.0,0.100392519,0.1300277072,-0.187314309,0.0938066857,0.1187095102,0.0538738563,0.1160164271,-0.178465347,-0.735114192,-0.014996537,0.1784653465,10.0,0.0079950495,-0.224489796,-0.309801759,0.213669545,-0.112518544,0.1299934512,0.6701369284,0.0986006737,0.0787620621,0.6782146174,0.0,2.6134881826,-0.017624335,2.0509372453,-0.049251453,1.6982810615,3.8591742333,-0.474466279,0.0,0.0,0.0,0.0,0.0,0.1938624707,1.0,-0.328991678,-0.590990337,-0.225392935,-0.313232782,0.4070296745,-0.067220963,-8456.400365,0.0376507894,10.319604365,-2.4649e-05,-0.056474204,-0.152180751,0.0051437119,0.4275736662,0.2648485903,1.0,-0.058394161,0.2675745291,0.0755915679,3.0,11.875840022,2.243322562,0.0,0.0353535004,0.0400845769,0.0736385052,0.6101384654,9.3515614613,5.7722415e-08,5.9355585e-09,0.9832536343,0.9667877094,-0.02615177,0.0907201596,-0.408905755,-0.028114825
13035,0.1616713272,0.0138357537,6.5643912853,0.0102406366,0.3145182759,0.2656028946,0.0764525994,0.1348897536,0.2706874189,0.0011879649,0.2173729707,-0.069258809,-2.244094488,0.0448844924,0.0692588092,10.0,0.002308627,0.0245398773,-0.071061155,0.0380122046,-0.024692745,0.2701829925,-0.054885174,0.0210116732,0.0037199865,0.3813926857,0.0,1.8011247444,0.1034645883,1.5158486708,0.1906273442,2.6005333333,5.2827735645,0.096034991,0.0,0.0,0.0,0.0,0.0,0.6797429828,4.0,0.0833382728,0.0022058542,0.0236367387,-0.294819363,-0.259445014,-0.007339934,9728.5932945,0.0376507894,16.489485848,0.0007102273,0.0129766648,0.0375,0.0020179821,0.1539688382,0.0022091377,2.0,-8.0854e-05,0.0898972194,-0.038388632,6.0,17.178144322,1.6826528516,0.0,0.032546822,0.0189193073,0.028200895,0.2938329639,3.118831523,1.499405e-10,1.5709556e-08,0.9282618166,0.8616700001,-0.015342593,0.0308373638,-0.565493395,-0.028114825
14960,1.0355573827,0.2620453115,-0.534936765,0.0,1.3424864907,0.7723580498,0.2192389804,0.3390112249,0.2525178613,0.0845489007,-0.007095035,-0.197004313,-0.959229817,0.8363395719,0.1970043126,7.0,0.0,0.1690566038,-0.417587637,-0.550856282,0.112775121,0.1650660867,-0.187267437,0.0385174345,1.4357842135,0.6357001957,0.0,59.253559061,0.2355296012,52.180412973,0.2355296012,1.7612369457,0.5510992295,0.3333718758,0.0,0.0,1.0,0.0,0.0,0.8254122933,7.0,2.2838290529,-0.368155912,0.1432426014,0.3596912075,0.4224847326,0.5246243335,-3843.158013,0.1116995972,14.020799215,0.0042810881,0.0215250696,0.0471334353,0.0513385086,0.1240438193,-0.050815323,0.0,0.01447178,2.48282566,-0.00866654,5.0,15.086153546,2.3628983549,0.0,0.0475922972,0.0222447436,0.0349136255,0.1851734907,1.4461378401,1.8203732e-09,1.4433875e-08,2.1321481963,4.546055931,0.0805461148,0.0618617772,0.2054679228,0.0472491512
13084,0.7787393466,0.0939101995,-0.40452226,0.0033043173,0.7540602268,1.1925018282,0.2024515234,-0.310002608,0.0803983891,0.0647364793,0.0488053271,-0.039806851,-0.760595762,0.1653378993,0.0398068512,10.0,0.0,-0.100977199,-0.065933339,-0.231264382,0.1005789184,0.0782396088,-0.510082407,-0.012293832,-0.481997902,0.6430396579,0.0,2.188201682,-0.513062513,2.188201682,-0.513062513,1.5657693635,10.399836267,0.1470831899,0.0,0.0,1.0,0.0,0.0,0.1134950171,6.0,2.0767221286,0.0598596163,-0.307998142,2.6573515209,-1.2601122,0.5801121032,-10786.54918,0.0642007103,12.405798076,0.005249572,0.0425968139,0.0799758953,0.0324446966,0.5563601839,0.0151602818,7.0,0.0237018296,0.2684718336,-0.010376706,3.0,10.804082307,1.2002370494,0.0,0.2711777985,0.0879932854,0.0047504504,0.9089272073,25.012104863,1.3649401e-09,7.1323998e-09,0.8775818666,0.7701499327,0.7993182721,0.1150303863,-0.036204829,0.06707331
15543,2.7991601235,-0.555054727,-15.62259229,0.0,1.5789624991,1.2635475875,0.0745556595,-0.140630347,0.16755243,0.0209371356,-0.177473792,-0.121098988,-1.246212121,0.1366612016,0.1210989878,9.0,0.0023812654,-0.178571429,-0.294269897,-0.131117948,0.05701032,0.4567511425,0.5118907628,-0.003938795,-0.125876692,0.1496620346,0.0,1.5652384645,-0.123462896,1.4473633191,-0.145754307,5.9406899334,3.3128585893,-0.182467071,0.0,0.0,1.0,0.0,0.0,0.2324151851,4.0,-0.093556359,0.0554611262,-0.275903391,88.029036016,-11.97668379,-9.125386257,-3464.787902,0.0109914292,10.082136572,-0.002850377,-0.008466492,-0.01382466,0.132909397,0.030342294,-0.049781173,3.0,-0.024109146,3.4146978305,0.0392243303,3.0,10.135795786,0.9129980096,0.0,0.1857142746,0.0607158591,0.1100878812,0.8153937284,4.3699926385,4.1470081e-07,2.5589061e-08,1.7411906053,3.031744724,-0.008369522,0.1106052678,0.0524418148,0.0069773022
10966,0.169374736,-0.032714415,5.2216455491,0.0,0.1075974985,0.1544534089,-0.271924304,0.3022315915,0.5973694251,0.025991412,2.4785237884,-0.079545199,-0.595308164,-0.013239257,0.0795451992,10.0,-0.007482642,-0.065989848,0.0523652448,0.0111117037,-0.030688385,0.0306975368,-0.473636081,0.2308413572,-0.068133149,0.7905749202,0.0,6.3620077964,-0.016162502,5.8132363891,0.0018188825,1.0134647318,6.3651306467,-0.439347908,0.0,0.0,1.0,0.0,0.0,0.6835107792,2.0,51.983319665,0.0702762606,-0.146895618,0.3667742815,2.7248460368,4.1002591268,-6795.547751,0.0357482652,12.624498303,0.0,-0.033918834,-0.060158547,-0.00338698,0.4669787733,0.0367904126,1.0,0.003164557,2.0467203597,-0.127627992,5.0,13.100119371,1.39030355,0.0,0.0686695352,0.033372975,0.0641885274,0.4374792819,2.8907872642,1.5859275e-08,1.7224019e-08,1.2646643799,1.5993759937,0.1153633578,0.0782642238,-0.33480226,-0.145662284
15662,-0.674497254,-1.383751853,-3.232483562,0.1143489518,9.103286071,9.4909832016,-0.087298709,-0.022028118,0.3918573632,0.9142954701,0.1535288315,-0.015774648,-0.088607595,-0.73243807,0.0157746479,9.0,0.0,-0.259259259,-0.265554191,-0.189024346,-0.013814043,0.6930428984,0.3198466121,-0.007327698,10.67693475,0.3488454146,0.0,0.634877432,0.861829827,0.634877432,0.861829827,19.787828947,8.3249348746,-0.130382277,0.0,0.0,1.0,0.0,0.0,-6.469352964,2.0,-2.99835788,-0.587499648,-0.47408369,-1.094815877,-28.74642475,-1.258747983,-14586.98929,0.03476008,9.3763480224,0.002930798,0.1122086285,1.1117093765,-0.045715157,0.0282105103,0.0580766948,6.0,0.1025641026,0.397039993,-0.007516338,2.0,10.269213428,1.9705414917,0.0,0.0555555709,0.0518570603,0.091030581,0.5436171155,7.0492475313,2.6128651e-07,8.9194379e-09,1.7825702019,3.1775565248,0.1740299114,0.1351880161,-0.082067652,-0.054879185
13019,0.4144595342,0.0695861647,0.1023387815,0.0536482616,0.5356362625,2.0064513331,0.1594652007,0.1990156422,0.1554107678,-0.004139922,0.3445043418,-0.058000541,-0.757430635,0.1222928575,0.0580005414,9.0,0.0017346609,-0.293706294,0.2030536869,-0.016849167,0.5499061745,0.7600685518,0.2498066841,-0.00884514,0.0438304335,0.5524069201,0.0,1.3728930063,-0.122867497,1.1992038821,-0.101521641,7.8576429888,6.2409424463,0.1891898014,0.0,0.0,0.0,0.0,0.0,0.3191228584,6.0,0.7300238318,0.1829571859,-0.297714574,-0.025286062,-0.687782262,-0.061310758,-11330.24036,0.0260918659,11.98218597,0.0073274588,0.0486911617,0.0910845467,-0.050732458,0.2507953724,-0.028992292,0.0,0.0133691232,0.4479919999,0.1050070385,3.0,10.728320674,0.2433288656,0.0,0.0688073114,0.0197513986,0.0300218968,0.494325805,0.6012725901,7.9773905e-08,9.5158407e-08,0.6187445102,0.3828447689,0.2146599456,0.0590899468,0.44314578,0.1163368332
13579,0.8133378081,0.0877972462,-9.288709288,0.024652126,5.7869406584,0.3550500775,0.0253071121,0.1296643956,0.0535278361,-0.012060173,0.1385696113,0.0156838514,1.11138829,-0.009779585,0.0156838514,9.0,0.0203575145,-0.057010786,0.1011424514,0.1199693621,0.0383648047,0.1091462586,0.0259298306,0.0201560102,0.0701129192,0.5832932569,0.0,0.9076544088,-0.067572892,0.8631630983,-0.088624012,0.5916127914,0.0834336877,0.0187894602,0.0,0.0,0.0,0.0,0.0,0.4114822928,3.0,0.0376400944,0.0066315398,-0.072082015,-0.293829373,-1.187700362,-0.16315016,-5866.569882,0.0256085935,13.913812294,-0.000284971,0.0027781172,0.0232724396,-0.014282356,0.1136982148,0.0522292759,0.0,0.0002470356,-0.387496374,0.0155540793,2.0,14.084511887,1.0002662318,0.0,0.0226454213,0.0150960486,0.0268289185,0.2938554769,1.3300342765,2.5964799e-09,2.4220798e-08,0.9240001325,0.8537762449,-0.02064024,0.0360921583,-0.24886151,0.0732063074
13085,0.4701255951,-0.048768215,0.9757244758,0.0039014572,1.1023390038,0.5118002517,0.0125714286,-0.034295637,0.0854135012,-0.011735847,0.0053372149,-0.063383392,-2.087272727,0.0530243504,0.0633833922,10.0,-0.011042403,-0.181818182,-0.337313433,-0.159300913,-0.230743647,0.1334056399,-0.155097614,-0.001736488,-0.121894667,0.3824070578,0.0,18.43062201,0.2806506061,14.799043062,0.2995168301,2.9092741935,1.373631604,-0.024518106,0.0,0.0,1.0,1.0,0.0,0.1917853594,3.0,87.243995217,0.0168236284,-0.613876805,2.6649282923,0.2276261643,0.0392689711,-5660.830462,0.1661919548,15.651059585,0.0067695039,0.0009602458,0.0033534541,0.0599657025,0.0924237661,-0.033900933,6.0,-0.000254243,0.4360152261,0.0392406229,3.0,16.456895094,1.8484022012,0.0,0.0484267548,0.0244407388,0.0333350767,0.282303671,2.800772725,3.837024e-10,1.2071466e-08,1.9168708998,3.6743940466,0.0185388901,0.0498634854,0.0684608562,0.1917246791
13105,0.4293442526,0.0317032699,2.610121654,0.0,1.0272383388,0.4723978889,0.0555512872,-0.055207466,0.100348997,0.003511332,0.0469936253,-0.066300089,-3.162015714,0.1319495074,0.0663000886,10.0,1.37534e-05,-0.509345794,-0.327448252,-0.112958188,0.0587071701,0.055386773,0.2579793919,-0.334064626,-0.241849443,0.2329267853,0.0,1.9289282479,0.6491824058,1.9252200568,0.6605870162,5.5187366153,7.0348320166,0.0530126443,0.0,0.0,1.0,0.0,0.0,0.2124267726,5.0,4.1019401131,-0.018725172,-0.549566772,1.478953386,-1.718720746,0.3282979256,-140.1814267,0.3461731473,15.621532571,0.0011569081,0.0144886033,0.0280600835,0.006975327,0.0427257158,1.2366594091,2.0,-0.000156789,0.5327526543,0.1054961428,4.0,15.989996842,1.3772318388,0.0,0.042865213,0.0292859239,0.0323127952,0.3945910652,3.8646610417,3.528676e-10,1.2032443e-08,1.9150061304,3.6672484794,0.0156777333,0.0534178124,0.0771104716,-0.094679308
13202,0.3174968838,-0.186536374,1.6335822016,0.0,0.1076234948,0.243797857,-3.336203612,0.0641382734,0.3867393792,1.1275618463,-0.679654638,-0.228594332,-0.50527124,-0.092284909,0.2285943319,9.0,-0.020681708,-0.6,2.6767932489,1.0914540942,-5.206028647,0.4213876512,-0.151319365,-0.023764875,10.67693475,0.9269762357,0.0,8.479377523,1.9831168908,8.479377523,2.0959334778,0.6267684421,154.01168736,-0.75052982,0.0,0.0,0.0,1.0,1.0,5.6176470588,6.0,9.1995082884,0.5252873807,-0.815041596,0.0736449451,9.6579339907,-0.005537546,-5383.379341,0.0232852488,12.485931416,0.0,-0.18392122,-0.258330027,-0.140177821,0.9243723017,-18.76666667,0.0,-0.155844156,-0.174075843,-0.006206848,3.0,13.561812178,2.5134389706,0.0,0.1568627506,0.0592074316,0.0923596153,0.8166516144,34.379261102,1.5600504e-08,6.5522817e-09,1.4311640138,2.0482304344,0.0760058596,0.1152731769,-0.300751688,-0.24467985
13107,-0.318927859,-0.74175418,1.9548189436,0.0,1.5354977708,0.3305279382,-0.830704168,-0.09565355,0.1962577882,0.8869459204,-0.094279745,-0.18269736,-0.315493538,-0.507735529,0.1826973599,10.0,0.0065795768,-0.113636364,0.1504552257,0.2676287498,-0.018426075,0.1927897844,0.0778160086,0.0102926506,-0.089000729,0.4981491626,0.0,1.6808109102,-0.389608263,1.5147246496,-0.407012183,0.6848548676,5.3770631108,-0.448976876,0.0,0.0,1.0,1.0,1.0,-0.60400443,3.0,1.9728161443,0.0881544533,-0.291640922,-0.562779797,5.0512470606,-0.420988166,-5248.695421,0.0232852488,12.569875128,5.05854e-05,-0.117798993,0.3256692579,-0.001499756,0.3384842824,0.0914963459,0.0,-0.01793722,0.5513273262,0.0035674656,4.0,15.729361722,16.252193394,0.0,0.237623781,0.0794194584,0.1154366191,1.0443758084,107.87623787,3.0130782e-09,1.121531e-09,1.6514962493,2.7274398614,-0.149871017,0.1456643957,-0.267062434,-0.24467985
13730,1.9265314623,-1.45860494,-2.590354644,0.0421003649,9.7305787733,9.4909832016,-0.260239113,0.1497306294,-0.153902589,0.0024790284,0.4958805819,-0.077505323,-0.546394714,-0.73243807,0.0775053229,9.0,-0.044416825,0.0833817548,-0.383230919,0.0025175844,-1.917796574,0.0289573279,-0.291716775,0.1328128422,-0.459534149,0.5695615059,0.0,1.5775647563,0.0352343245,0.8897409749,0.3120999437,9.3916744331,29.471436927,-0.177053538,0.0,0.0,1.0,0.0,0.0,-0.551487038,2.0,32.652450129,-0.683308299,0.1139564264,0.892361677,-0.729609432,-0.875617129,-23820.5596,0.0799518023,15.069746446,-0.021125862,0.0050711332,0.0355082913,0.4700038162,0.1243224532,0.023948365,4.0,0.0501156515,-0.41429063,-0.069926456,1.0,16.96252419,6.1298015912,0.0,0.0998171642,0.0409076835,0.0642663018,0.3592313126,8.3912728689,3.727439e-10,3.7941632e-09,1.9025356677,3.6196419669,0.0564871644,0.1040257064,0.7973304417,0.2073588198
13318,0.3474935573,-0.007898708,2.3947136889,0.0,0.1221619995,0.3549754527,-0.070425182,0.0786840385,0.7618819464,0.057413781,-0.04844968,-0.176240886,-10.09704489,0.0718549046,0.1762408864,9.0,0.0,-0.344537815,-0.139284003,0.0332485716,-0.003644435,0.1874914329,0.1731130327,0.0061679275,0.1318466048,0.7051595831,0.0,4.9830455149,0.253495574,4.9830455149,0.253495574,1.4385725233,9.8748076923,0.1012299512,0.0,0.0,0.0,0.0,0.0,1.0804724825,4.0,-3.002013356,-0.027826333,-0.559362246,0.2696243628,-28.39746002,0.0742478511,-12139.1571,0.03476008,14.65407564,-0.005999385,0.0163448071,0.0224838947,0.0176526448,0.5019331497,0.0510801879,2.0,0.0064446831,0.5148059008,-0.022777521,6.0,15.537212321,1.9512788307,0.0,0.0469180867,0.0237685803,0.0329197984,0.1595224745,1.1047080682,1.0726313e-09,1.5495945e-08,1.4136184934,1.9983172448,-0.003187243,0.0474912415,-0.140860119,-0.054879185
13159,0.3336047678,-0.154694727,0.2307814837,0.0,0.4383394087,0.1516125361,0.6854996155,0.4523058713,-0.4000053,0.2816539911,-0.143316655,0.1338337632,0.7986072304,-0.278235054,0.1338337632,10.0,0.0019702624,0.1935483871,0.2448879303,-0.150071803,-0.404120406,0.1141622956,0.2505122514,0.0058474883,2.827534905,0.8083860945,0.0,5.4540545049,0.5922493811,5.4247794992,0.5924369615,0.1954094904,2.2693973025,-0.299770759,0.0,0.0,1.0,0.0,0.0,-4.039673457,4.0,1.4875249958,-0.018479781,0.0155438285,0.0897528291,5.7649702381,-0.191487691,-5445.690531,0.0232852488,11.669537706,0.0,-0.049696526,-0.191917326,0.0365256201,0.6196678542,0.0166505119,0.0,-0.01242236,-0.011393643,-0.07269055,4.0,11.96804539,1.1101263348,0.0,0.0857143179,0.0562964528,0.0698120736,0.5548203519,4.2883984436,5.3806326e-08,1.5191305e-08,1.6735483647,2.8007641291,0.120366786,0.0934495173,-0.41720628,-0.24467985
13168,0.2284943149,-0.074531441,6.0204741148,0.0,0.2792994843,0.1557681334,-0.184397163,-0.007560484,0.2767137097,-0.01929656,0.3159173755,-0.048064761,-0.328719723,-0.050031487,0.0480647609,10.0,0.0,-0.381020505,-0.612820513,-0.350525431,-0.012691083,0.425170068,0.160781773,0.0085685484,-0.236864772,0.3411960386,0.0,2.367768595,0.9324190222,2.367768595,0.9324190222,1.4449760766,4.4740740741,-0.172088143,0.0,1.0,1.0,0.0,0.0,0.4427217916,2.0,-3.498699131,-0.355286961,-0.595844937,0.1506251204,-28.58769572,-0.04763854,-10720.73516,0.03476008,14.99583915,0.006012024,0.0004189359,0.001283697,0.0325077919,0.294982699,0.0715722955,2.0,-0.002363368,3.0891942817,-0.027553782,4.0,16.472692803,3.5185158901,0.0,0.061588347,0.0299539617,0.0396504441,0.2003795896,2.3278871599,6.494989e-10,9.1735675e-09,1.6241675125,2.6379201085,-0.027220432,0.0636177508,0.0790321322,-0.054879185
12629,0.7143652063,0.1179426051,-0.304811174,0.0,0.4673345761,1.0481056341,0.1025432734,-0.039705843,0.2342120646,0.0282471264,-0.629548311,0.0849841219,0.8690828791,0.0154407063,0.0849841219,10.0,-0.058658907,-0.6,-0.359931583,0.0812542146,0.0135033459,0.1100430629,-0.347535317,-0.340318584,-3.26553694,0.7075125995,0.0,2.3592599846,-0.167696436,2.1344042668,-0.066789962,1.8113131385,7.377764521,0.163020281,0.0,0.0,1.0,0.0,0.0,-6.469352964,5.0,0.3077548902,-0.411176278,-0.678544549,0.3109029088,0.5218011032,-0.002273272,-15883.11823,0.0642905452,13.618413947,0.0056690061,0.0193129622,0.0254784907,0.0026502075,0.4910367894,0.0156107378,2.0,0.0112612613,1.2507713716,0.0402156608,3.0,14.424712103,2.4718670646,0.0,0.1650033593,0.0436396611,0.0393717276,0.7491816092,14.926342688,2.3397085e-09,7.1935937e-09,1.0051588287,1.0103442709,0.1920963645,0.0551602008,0.2065658176,-0.091892872
90542,0.1553352346,-0.380307839,1.5146674386,0.0,0.6130635416,0.2885108394,-0.766129721,0.2568965754,-0.454344877,-0.834212234,0.1320369425,-0.375971534,-0.682006433,-0.120935446,0.3759715341,16.0,0.0388492179,0.2023809524,0.6909894427,0.8594447558,-0.958417686,0.8175925926,0.0785063577,0.043757109,1.2258103241,0.6140697363,0.0,4.2395217625,0.1707287366,3.881045137,0.129630359,0.7668173417,3.6429704856,-0.620315346,0.0,0.0,1.0,0.0,0.0,-4.851260504,6.0,2.8874955142,0.1532781096,0.0243763938,-0.088516704,6.6431787929,-0.034188083,-5627.089421,0.0232852488,12.860299945,0.0,-0.093360474,-0.156225144,-0.022135213,0.7114965141,0.0251145712,0.0,-0.018234165,1.7887788688,0.1084116157,2.0,13.241219406,1.0188954484,0.0,0.0650128499,0.0249031043,0.0451249829,0.3213886398,1.0746811298,1.5648025e-08,3.4959593e-08,1.2079269862,1.4590876039,0.0470309813,0.1090936365,-0.087786748,-0.24467985
91021,0.2223285004,-0.604489994,0.2463431584,0.0,0.6655918222,0.0222255149,-2.993615323,-0.445469663,-0.363209781,0.7389847977,-0.588835017,0.0109243222,0.0234194879,-0.61864684,0.0109243222,18.0,-0.00605649,0.0,-0.925498257,-0.001637178,2.0062880864,0.1490228013,0.1027687296,-0.010547161,1.6129310345,0.8014989674,0.0,1.0744817894,-0.214883067,1.0744817894,-0.210622619,0.0363048167,5.1355932203,-0.505731625,0.0,1.0,0.0,0.0,1.0,-6.469352964,0.0,-14.07756955,-0.262586339,-0.178004559,-0.021523438,6.3317079779,-0.531899477,-5732.817641,0.0232852488,9.607279932,0.0,-0.17874628,-0.311762244,0.0,0.8597979798,-9.166666667,0.0,-0.198795181,-0.518462813,-0.060294649,0.0,10.498111898,1.9831966844,0.0,0.0208248142,0.0401810767,0.074857416,0.9450208553,9.5997097859,1.623334e-07,1.0062801e-08,1.3788922206,1.9013437561,-0.264806016,0.1717634272,-0.480701736,-0.24467985
13748,1.0618579686,0.1342256597,-0.856657868,0.0,0.8511041772,1.5507611422,0.08232988,0.0423174704,0.1953346861,-0.104788836,0.0701391264,-0.077603046,-1.08353797,0.2796642587,0.0776030464,7.0,-0.03941137,-0.160894661,0.0575514553,0.140191908,0.1291783368,0.2912075978,0.1152565948,-0.042178045,0.0210411017,0.5750334062,0.0,45.112159619,-0.13884107,8.5938762705,0.4266774939,5.2478243025,51.304416925,0.1800935353,0.0,0.0,0.0,0.0,0.0,0.3067033153,7.0,1.8302555218,0.0342200322,-0.158426465,0.4305317663,-0.798745456,0.0458710474,-2528.598711,0.1021842523,14.575440058,0.0050763538,0.0320074459,0.0584199466,0.0849699172,0.1387455609,0.0059182106,2.0,0.0123691722,0.3844378038,0.0364710027,4.0,15.498339677,2.855901754,0.0,0.0554683097,0.0309612744,0.0434252938,0.3926214525,11.282186734,9.177739e-10,7.0226022e-09,1.7554873362,3.0817357874,0.0426733976,0.0541630315,-0.16104788,-0.280901789
90199,0.3363202607,0.0357300775,2.7768685794,0.0,0.5004889219,1.1320801153,0.0598511664,0.1137201155,0.1028024851,0.0024167145,0.0614060703,-0.063020173,-1.434582155,0.0869878091,0.0630201728,17.0,0.0022758859,0.0,-0.002841539,-0.060038327,-0.092611858,0.2563811951,0.1303119492,0.003920123,0.1356769859,0.4193267748,0.0,1.238193176,0.0577487272,1.2299649929,0.0534913655,11.683820057,3.8317663147,0.1225675565,0.0,0.0,1.0,0.0,0.0,0.2562871298,5.0,-0.419009952,-0.071706561,-0.052678109,16.470862069,0.0222665627,0.0078288528,18974.967039,0.1000073361,17.12819256,0.0051657556,0.0236068204,0.0567409087,0.0353945728,0.1457713899,-0.001296946,0.0,0.0023623665,0.2952252146,-0.004695522,5.0,17.61640733,1.1902300797,0.0,0.0323164165,0.0154857887,0.0238381977,0.256849231,1.6567307371,8.019001e-11,1.9238872e-08,1.3367256349,1.7868354231,-0.009642295,0.0359016278,-0.423748512,0.1750913885
90276,0.1515573976,0.0027444994,2.0196660615,0.0021196341,0.5756385753,0.3247802302,0.0288191232,0.0259768997,0.2906596861,-0.005901506,0.0140239406,-0.069464351,-18.17260593,0.0526192063,0.0694643506,17.0,0.0,-0.141512047,0.0142110986,-0.059336185,0.0141906086,0.7253535448,0.1845813215,-0.023136907,0.0740641792,0.3822411815,0.0,0.8082265316,0.088035215,0.8082265316,0.088035215,1.4159114624,9.5721248585,0.0624937982,0.0,0.0,1.0,0.0,0.0,1.4164263895,6.0,-2.944227646,0.0440061768,-0.356336478,0.0736882031,-26.66680995,0.0550121527,-11786.48734,0.03476008,14.93820964,0.000460887,0.0032510894,0.0152686824,0.0047711649,0.1472635932,-0.002771707,0.0,0.002416489,0.5965786979,0.1594908164,6.0,15.668620244,1.2711217725,0.0,0.0496556349,0.0222287269,0.0337321053,0.2632016078,1.1750122879,1.5045537e-09,2.5776534e-08,0.9691249961,0.939203258,0.0288365721,0.0384635864,-0.181526165,-0.054879185
90178,0.0671743043,-0.056732693,7.0764107885,0.0,0.1580336937,0.0325777664,-0.552994586,0.4224928543,0.1857937802,0.0375441224,1.4996957474,-0.083871707,-0.283496897,-0.040649151,0.0838717072,17.0,0.0064989198,0.0982615268,1.2427895336,-5.127236911,-2.72500242,0.0427450836,0.6644214555,0.0447494796,-0.293631298,0.7995867344,0.0,4.4676422848,-0.081941306,4.339151161,-0.07806935,0.2629397752,0.8181314148,-0.494781995,0.0,0.0,1.0,0.0,0.0,0.2505783031,4.0,3.7078434195,0.0758408149,-0.079743032,-0.176677634,5.4456674551,0.0460982124,9382.0573789,0.0232852488,16.595584393,-0.000169626,-0.058275577,-0.239656793,0.0027385943,0.6704075929,0.0284634107,0.0,-0.000264816,1.9990359743,-0.200851552,6.0,17.180477383,1.4106781223,0.0,0.0556460992,0.0377008816,0.046389455,0.3769768291,3.3978553804,2.23329e-10,1.4147204e-08,0.5589941722,0.3124744846,-0.327374803,0.0603946699,-0.298290761,-0.24467985
90188,0.3175241186,-0.012837896,1.0491120315,0.0,0.6114239243,0.3630194681,0.044180102,0.4284709514,0.434876332,-0.014747339,0.8240367061,-0.097442497,-6.003929696,0.0642399283,0.097442497,17.0,-0.005152923,-0.035714286,-0.100583013,-0.079494005,-0.027410869,0.3626424523,-0.108725397,0.0548419607,0.0040548204,0.5757093215,0.0,1.8678323501,-0.494350304,1.5083911034,-0.309360431,1.0199686606,5.0735351643,0.075767188,0.0,0.0,1.0,1.0,0.0,0.818833335,3.0,51.830890845,-0.073880094,-0.116620056,0.5149236641,-1.111362514,4.164304914,-4628.617771,0.0357482652,14.7984338,-0.001111207,-0.010081189,-0.025733112,-0.00790399,0.1099223864,-1.7654e-05,0.0,-0.004511278,1.7193335335,-0.024149162,6.0,15.803200081,2.1540067767,0.0,0.0582386144,0.0341418717,0.042695836,0.3569336284,3.2410185998,9.229874e-10,1.1361655e-08,1.2482520569,1.5581331976,0.0496142647,0.0466730751,0.2172019677,-0.145662284
90164,0.3817642017,0.1358306687,0.5414964996,0.021154454,2.1576329345,1.3511020343,0.1207957793,0.184928445,0.1199817952,0.0351928525,0.1068089838,-0.097525028,-1.680985511,0.3641600546,0.0975250284,17.0,0.0,-0.116049383,0.0354338033,-0.038291052,0.1755169347,0.0221944678,-0.700379012,0.0662938053,0.9712814773,0.3868199331,0.0,23.895603075,0.0470471192,23.895603075,0.0470471192,2.7654809544,3.6155862837,0.0707216982,0.0,0.0,1.0,0.0,0.0,0.9810632345,7.0,2.0725711809,-0.007522177,-0.323070326,2.260376376,8.9710657782,0.7789342585,-10662.3922,0.0642007103,12.307758475,0.0168246422,0.0380960306,0.2964270999,0.1193603769,0.1877770569,-0.053659749,1.0,0.0294117647,0.5299496956,0.0733509855,4.0,12.801144587,1.5197375615,0.0,0.0334699303,0.0249385716,0.0447762781,0.5324157159,4.779050295,1.697483e-08,1.63311e-08,0.9607332453,0.9230083687,-0.04950225,0.0744178638,-0.26481662,0.06707331
90097,0.42113087,0.0613589101,2.2710434348,0.0,0.4359171022,1.1058836553,0.1361939792,0.0816246444,0.3111723732,0.0180031092,-0.027346507,-0.018569139,-0.253865979,0.0769358499,0.0185691394,17.0,0.0075407673,0.1354545455,0.3117613956,0.0207232412,0.1021540667,0.2274111675,-0.014916048,0.0511135093,0.2196015571,0.4611395011,0.0,2.7092445328,0.2217706608,1.8126242545,0.2957863815,6.9825262107,9.612371134,0.2189428495,0.0,0.0,1.0,0.0,0.0,0.6876070529,8.0,0.2319746943,0.3081634336,0.0978728685,0.0176685725,0.3331893956,0.0592218716,-15102.21439,0.0642905452,14.153873865,0.0034180586,0.0172740564,0.0415635179,0.1009039943,0.2375259875,-0.018463083,1.0,0.0011737089,1.1627147213,0.1888815872,5.0,15.230151626,2.0576570584,0.0,0.0381679162,0.0334095023,0.0515235709,0.4465514152,6.6672429586,1.6640913e-09,8.7608658e-09,2.0322084344,4.1298711207,-0.002357507,0.0643387829,-0.341820815,-0.091892872
91609,1.3335898121,0.1056895092,-10.97560848,0.0197010229,12.363230715,0.6844859594,0.0274257276,0.0769607033,0.0394383931,-0.018727257,0.0781019138,-0.006955222,-0.869155206,0.1975500964,0.0069552225,17.0,-0.002566389,-0.128472222,0.1273408752,0.0815180383,0.0192756661,0.2044748552,0.1721491638,-0.002711512,0.0664948556,0.612706499,0.0,1.0399504036,0.006861375,1.0374242621,0.0104315787,0.6689720112,0.067521044,0.0122653244,0.0,0.0,0.0,0.0,0.0,0.4011211998,7.0,0.0623270573,-0.000707863,-0.143543452,0.2264226308,-1.196130111,0.0441795216,-6755.210802,0.0256085935,11.835073936,0.0003401962,0.0029145999,0.0304665398,-0.003304842,0.059226896,0.0387980632,1.0,0.0043636364,0.0876808523,0.0036453142,4.0,10.410659889,0.2599309974,0.0,0.0289854798,0.0165154415,0.0235726093,0.7444564552,0.543726451,2.0815262e-07,1.604312e-07,0.7949693789,0.6319763134,0.1904652601,0.039079098,-0.066420303,0.0732063074
90303,0.0490724455,0.0215690182,78.509929181,0.0353921273,0.0347961798,0.1204106833,0.615015825,-0.134104006,0.3995039996,0.0113862434,-0.086878437,-0.033566307,-0.164551342,0.0251182291,0.0335663069,17.0,0.0099084797,0.0579268293,0.0406640216,-0.188791635,-0.063529153,0.1119776622,0.2972189325,-0.002164411,-0.184667506,0.3649631801,0.0,16.333737423,-0.291617158,14.066795975,-0.333588619,10.36903376,5.7153398837,0.6276612595,0.0,0.0,0.0,0.0,0.0,0.7522964114,5.0,1.8599564711,0.1843651912,-0.149094114,1.9276846197,-0.444413167,0.4398924331,-7342.428076,0.0642007103,15.145688499,0.013983586,0.1276958298,0.2279138334,0.0106448201,0.359527351,0.0131117435,1.0,0.0013131193,0.1776981935,0.0422402024,5.0,14.364026968,0.4042914459,0.0,0.0420937613,0.0214086219,0.0275837568,0.2285411694,0.4817301117,2.1641968e-09,5.4065975e-08,1.2874376689,1.6574957513,0.0535254963,0.0357637798,-0.571232172,0.06707331
13279,0.8556931545,-0.830417747,-0.057704509,0.0921346288,0.1937082064,0.3901956589,-3.269775785,2.5722956087,0.791324527,-0.414634146,0.0227021041,0.0574685719,0.0464763829,-0.73243807,0.0574685719,9.0,0.0905754665,-0.015151515,0.3502086736,0.2175428413,0.0844191582,0.258419244,0.5494342119,0.2741877901,7.2,0.8734748651,0.0,5.170432357,3.2928936641,4.3456066946,5.503853521,0.5154117892,8.2220994475,-4.232137969,0.0,0.0,1.0,0.0,0.0,2.227638191,4.0,53.080774943,-0.068225037,-0.096057285,1.0530926999,-1.363603048,3.2444858233,-7503.557931,0.0357482652,9.0305587665,-4.216e-05,-0.177867746,-0.202800431,-0.002199831,0.8338759349,-0.003411411,0.0,-0.043651547,4.5041847534,-0.242631495,2.0,10.357161694,2.9999051053,0.0,0.0986373052,0.0550348655,0.1041867542,1.0630849401,51.990062911,4.4555976e-07,4.7737726e-09,1.2162263735,1.4792065917,0.0028492513,0.1243938483,-0.04633175,-0.145662284
12615,0.6694128428,0.0838181353,0.437149993,0.1143489518,0.1249621762,0.3681218916,0.1186370154,-0.247569927,0.0724631504,0.0,-0.418618674,-0.096981054,-1.070333305,0.1735314771,0.0969810539,12.0,-0.007168647,-0.126394052,-0.0035132,0.6671802139,-0.503756028,0.1205427818,-0.003479838,-0.002090349,-0.203843733,0.8171637307,0.0,10.385746332,0.7874302046,9.3584333697,0.7471330179,0.7762308367,5.0518761888,0.6117419027,0.0,0.0,1.0,0.0,0.0,0.0906640576,5.0,1.2149292436,0.0265308953,-0.304398611,0.4255609041,5.5840155121,0.2602788401,-5190.914521,0.0232852488,12.938887891,-0.005382535,0.0268734303,0.0357478614,0.1427554174,0.4941813738,0.0194476935,2.0,0.0074095394,1.2541557729,0.1118388635,5.0,13.488168713,1.1308715886,0.0,0.0331658237,0.0136929177,0.0271405322,0.329839528,1.3750532043,5.1458259e-09,2.8020123e-08,0.8615403285,0.7422517376,0.0959809352,0.0488353855,0.6691351683,-0.24467985
14060,0.3542322193,-0.62274995,1.8070520231,0.0,0.3775122601,0.8107974034,-0.811461096,-0.125105914,0.3643450263,-0.007934667,-0.258852174,-0.145565473,-0.183271693,-0.508617513,0.1455654728,10.0,-0.076285166,-0.273333333,-0.209384286,0.1166508646,0.1846621266,0.637020316,-0.076119028,-0.169081512,0.0832159497,0.6239282359,0.0,1.8669455121,0.4695313736,1.1902554827,0.7260076213,4.4088631985,5.0567955801,-1.291621719,0.0,0.0,1.0,0.0,1.0,0.9187344241,3.0,0.4330155842,-0.022881657,-0.489060794,4.863293361,-0.304731723,-2.26075799,-16815.45518,0.0456208962,10.49939118,0.0,0.008430925,0.0102855926,0.0774315023,0.498108713,0.074799079,3.0,0.0418265153,-0.295121755,-0.020341005,2.0,12.474695614,3.1252009456,0.0,0.0272913221,0.0279205165,0.0659083648,0.5395492014,4.7859832081,7.4043542e-08,1.2253595e-08,2.8149696938,7.924054377,-0.052256905,0.2195647284,-0.172986434,-0.071440083
14406,0.5295016351,0.0175298412,4.9534112025,0.0028303389,0.4942365249,0.4231128463,0.0688972622,0.0367681066,0.2196374063,-0.012192636,0.0285972163,-0.041894684,-2.40234375,0.0596425456,0.0418946843,7.0,0.0007947501,0.0,0.0096955172,-0.098850787,-0.003018252,0.544534413,0.1486327844,0.0095042087,0.0445314962,0.189588415,0.0,3.1495386573,0.110312524,2.5033407572,0.160431547,6.3504624872,4.5951908775,0.1115586362,1.0,0.0,1.0,0.0,1.0,0.3991174749,5.0,1.4153699706,0.1700763658,-0.178004559,0.2856496964,5.9133452461,0.1463899086,-1365.349891,0.0232852488,15.448102587,0.0149302025,0.0077522718,0.0145748988,0.0258488949,0.0538887495,0.0405258072,0.0,0.0004612546,0.2877890551,0.0045085661,5.0,15.906078652,1.1833727605,0.0,0.0644677132,0.0236432925,0.0315128253,0.4399742139,2.5056287179,7.763333e-10,2.0678926e-08,1.1601915542,1.3460444424,-0.008195907,0.0346742485,-0.129231819,-0.24467985
