firms,bm,ep,cashpr,dy,lev,sp,roic,agr,gma,chcsho,lgr,acc,pctacc,cfp,absacc,age,chinv,hire,sgr,pchsale_pchrect,pchgm_pchsale,depr,pchdepr,invest,egr,tang,sin,currat,pchcurrat,quick,pchquick,salecash,salerec,cashdebt,divi,divo,securedind,secured,convind,rd,operprof,ps,chpmia,chatoia,chempia,bm_ia,pchcapx_ia,tb,cfp_ia,mve_ia,herf,mve,chtx,roaq,roeq,rsup,cash,cinvest,nincr,sue,aeavol,ear,ms,dolvol,chmom,turn,IPO,indmom,maxret,retvol,baspread,std_dolvol,std_turn,ill,zerotrade,beta,betasq,pricedelay,idiovol
54594,0.8076296817,-0.052083561,-7.012880804,0.0113723739,0.6401977562,1.5236114088,-0.006231596,-0.311207093,0.114389634,-0.104575329,-0.441191191,-0.00619195,-0.211009174,-0.041093452,0.0061919505,41,-0.035644097,-0.163793103,-0.216560197,0.0076761244,-0.228766082,0.3128813559,0.1403339013,-0.095612639,-0.154477239,0.4539580198,0,2.315776699,-0.166287214,0.9402912621,-0.218820007,29.146252285,6.898745132,0.0404559319,0.0,0.0,1,0.4235294118,1,0.0,0.2252126063,3.0,-0.214931777,-0.038694444,-0.333570046,0.224030672,0.5241355504,-0.055480323,-0.300369876,-1164.287092,0.0457306398,13.606045929,-0.000987566,0.0059462254,0.0107351225,0.0327647663,0.040922716,0.0563212048,2.0,-0.00529316,2.4962631612,0.0859068222,1.0,13.301502904,0.0637951302,0.967117208,0,-0.025224689,0.045230642,0.0200448771,0.0244767849,0.4389772206,2.4322491301,3.8536313e-09,1.7952768e-08,1.3841039613,1.9157437756,-0.012992073,0.0383195837
14526,0.2871565402,0.0379265621,14.101015006,0.0090627035,0.1723655488,0.701183422,0.109458578,0.0826026741,0.4175131819,0.003177015,0.0792283067,-0.030655318,-0.357253148,0.0514759458,0.0306553175,41,0.0228059119,0.125644632,0.2106319958,0.0768748512,0.0313649314,0.1420894905,0.1111971102,0.0643398773,0.0846382894,0.516314242,0,2.0061666264,0.1306460022,1.5941098317,0.1196982943,17.785191956,5.2842965293,0.3527677546,0.0,0.0,0,0.0,0,0.0,0.6667611945,8.0,0.0048290935,0.2325182965,-0.252114265,-1.690453424,-0.479617591,-3.062291036,0.1872840942,-655.5359535,0.0506976226,14.103969908,0.0043926165,0.0298086101,0.0461107155,-0.00416335,0.1426416956,-0.017211329,2.0,-0.000597372,3.1452906336,0.0437070504,7.0,14.651179227,0.2415288899,2.0837963606,0,-0.02939927,0.0922892019,0.0295344823,0.0303240899,0.5435614225,7.9861641269,1.4109214e-09,8.5620607e-09,1.3388099041,1.7924119594,-0.086834276,0.0400382783
11581,0.5301822791,0.0156549281,1.2838245502,0.0018103374,0.7593616974,0.9841476207,0.0956445567,-0.118457907,0.2642859335,-0.106796409,0.1271656563,-0.062451271,-5.489935588,0.1015994748,0.0624512708,29,-0.011373303,-0.034482759,-0.107587748,0.0418651348,-0.049698103,0.3737171658,0.042235449,-0.019453072,-0.328148538,0.2817487319,0,2.3840659247,0.3133283918,1.7767553264,0.3972311959,7.3987775843,6.4701032209,0.0803822143,0.0,0.0,1,0.5070091339,0,1.0,0.460002935,5.0,-5.652113134,0.0052856661,-0.036883632,0.0587323552,-0.490640204,2.0410994541,0.0902310751,-2770.990254,0.0400118084,14.10166605,-0.003135727,0.0094372531,0.0229539035,-0.015552509,0.1059077876,0.0106925231,0.0,0.0028271405,1.9579142212,0.053581671,4.0,14.808930743,-0.0962795,2.2393089872,0,-0.108125767,0.0372906961,0.0302265757,0.0278337684,0.4886744683,8.995498865,7.814285e-10,5.7439236e-09,1.3721571859,1.8828153428,0.0146634074,0.0296375569
15203,1.5011366328,-0.045228631,-32.14246532,0.0163730885,1.0384752991,2.2643495126,0.0044358103,-0.046093893,0.2345186629,0.0029636947,-0.057525379,-0.026270685,-1.510752688,0.0231006447,0.0262706847,41,0.0248994983,-0.357843137,-0.227647221,-0.012754994,0.027460325,0.095822589,0.2403056168,-0.072702917,-0.038022024,0.5123601111,0,2.7203597711,-0.118248781,0.552739166,-0.275052322,62.496644295,11.62063228,0.0280996743,1.0,0.0,1,1.0,0,0.0,0.3830251402,4.0,-5.612796789,-0.237652715,-0.360244011,1.0296867089,-0.567271536,-0.343702449,0.011732245,-4028.029576,0.0400118084,9.4051503031,-0.004688547,-0.001467665,-0.002569318,-0.255971355,0.0142665645,-0.248012661,1.0,-0.034853604,-0.666016268,0.0352026746,3.0,6.5963705079,0.2924455896,0.0817701989,0,-0.108125767,0.043624118,0.0204325377,0.029253259,1.8697918968,0.3588945194,9.20286e-05,2.1937419e-07,0.3028284502,0.0917050702,0.8888533224,0.042548089
16126,0.359403568,0.0555663249,24.318171084,0.0127461242,0.442235835,0.6987711562,0.1080625599,-0.017140256,0.2637673314,0.0060601321,-0.104752832,-0.056306136,-0.81939547,0.1010971198,0.0563061359,40,0.0069517667,0.1083020157,0.0864201308,0.0045277362,-0.076669479,0.2344505883,0.0700300162,0.0275425307,0.117418126,0.3147152311,0,2.0023467568,-0.026372487,1.0544380523,-0.059004632,36.253695565,6.500318375,0.2029460739,0.0,0.0,0,0.0,0,0.0,0.6248147843,6.0,-0.012743362,0.0190226555,-0.269456882,-1.618206396,-0.454236359,-3.279054048,0.2369052682,-818.7310135,0.0506976226,14.256742735,0.0004565191,0.0239287351,0.0526061808,0.0114493919,0.0177586805,-0.035193075,1.0,0.0001679543,1.623215848,-0.029187575,6.0,13.897927972,0.0067159514,0.898949777,0,-0.02939927,0.0425864905,0.0176193105,0.0200465839,0.4119550867,2.0953719796,1.4699347e-09,1.7262398e-08,1.3411162318,1.7985927472,0.0769269368,0.0290260474
17137,0.5181205177,0.0596887596,1.149676898,0.0171415671,0.3072424348,1.258821422,0.1202016581,0.1736145149,1.0477224959,0.0403125893,0.2533903759,-0.045729989,-0.585572358,0.0946408474,0.0457299886,41,0.0100288751,0.4266581633,0.2646872377,-0.127288071,0.1139248314,0.1076150931,0.125462953,0.1216136509,0.1309299123,0.5676898985,0,1.8445084534,-0.090118623,1.0944020038,-0.064201498,7.2555183271,20.329622116,0.3290584956,0.0,0.0,1,0.5982352941,0,0.0,1.6044429708,6.0,2.21886e-05,0.2224883179,0.3904816766,-0.016643865,-0.595729764,-0.064851757,0.0205202154,-1428.397037,0.1761608433,12.472527401,-0.00131674,0.0209964636,0.0322696063,0.0608630797,0.2102087116,-0.070184593,1.0,0.0025510204,1.8336696313,0.2760424539,4.0,12.581905862,0.0652567429,1.1420755005,0,-0.046660203,0.0541984737,0.0357142912,0.0389708578,0.5179449083,4.9093242698,1.199903e-08,1.658089e-08,1.0160842628,1.0324272292,0.0099109498,0.056139169
20670,0.2182255882,0.0237967303,11.070348955,0.0,0.0738523191,0.3612553539,0.1566070165,0.1302652498,0.5031657044,0.0102066427,0.1108894575,-0.063564138,-0.735219288,0.0412925453,0.0635641376,32,0.0193672391,-0.023809524,0.0623264647,-0.23609647,0.0409969607,0.8917814727,-0.475053744,0.0658968566,0.1369764246,0.466213753,0,2.7107967238,0.2377721015,2.313690033,0.2610872725,5.6492414508,5.2300018782,0.5319774011,0.0,0.0,0,,0,0.0,0.675223625,7.0,3.1180512503,-0.136319786,-0.191050054,1.0333800465,1.7526037037,-2.057177511,0.1329413521,-4425.463457,0.0446872923,13.207196161,0.0010241818,0.0104084987,0.0219812626,0.0169402254,0.6029790543,-0.019826206,1.0,0.0016233766,1.8547339625,0.0989680197,6.0,13.925025731,-0.348355875,2.945106576,0,-0.090576468,0.0429577902,0.0221016227,0.027724423,0.5806050777,9.3178873024,2.2911287e-09,7.2260651e-09,1.3198523219,1.7420101517,0.181500379,0.0594729652
64899,0.2585700474,0.0376068485,129.97950518,0.0,0.4150598824,0.2700989907,0.1028625417,0.0589004412,0.1969011544,0.0160390662,-0.006179727,-0.016416157,-0.287978077,0.0484367964,0.0164161567,40,0.005664491,0.1428571429,0.238367196,0.309766954,0.0629729149,0.0753281623,-0.022965117,0.0612637305,0.1584726879,0.200601763,1,2.5743344831,0.898234334,0.9583443884,0.9347401113,54.750227066,8.7286417608,0.1120641412,0.0,0.0,1,0.3716847636,0,0.0,0.4956135948,6.0,24.137063697,-0.035541334,0.0563099499,0.0641738644,1.921121178,-0.11784174,0.0517727761,11360.238705,0.0457936334,15.170468523,0.0026300858,0.0172585399,0.0446163489,0.0035357315,0.0304086256,0.024220888,0.0,0.0009981463,4.6717112922,0.0361595089,4.0,14.721894237,-0.059998528,0.2306056324,0,0.0757477334,0.0414156765,0.0145473601,0.005196388,0.9424695153,0.0314986899,1.7334856e-07,3.8181819125,0.6612720264,0.4372806929,0.0653251654,0.0275878338
23660,0.2009517741,0.0424350358,15.523465719,0.0209942041,0.235012983,0.4655415955,0.18647245,-0.06050306,0.4653089826,-0.045583486,-0.004224985,-0.039792201,-0.421976735,0.0603416336,0.0397922012,32,0.0005638417,-0.03030303,-0.016460697,0.0058846934,0.0027668238,0.1779644971,-0.202122077,0.0118892035,-0.118750507,0.3984783581,0,2.7949193151,-0.024653135,1.5708532858,-0.055407359,10.335552713,9.006622863,0.2486573315,0.0,0.0,0,0.0,0,0.0,0.9169120846,6.0,0.0473913485,0.0340980712,-0.016653997,-0.025958636,0.537331038,,-0.030695331,6595.2005511,0.1781425674,16.140427687,0.0014611807,0.0280025293,0.0624519587,0.0096656412,0.1511216431,0.0014106732,3.0,0.0004367289,0.5583661937,0.0072293459,6.0,16.57550453,-0.010948677,1.3357451995,0,0.1861540867,0.0259278174,0.0119104303,0.0122828387,0.3877000489,2.1679301289,1.454246e-10,1.796216e-08,0.736866561,0.5429723286,0.0048256978,0.0170178378
23975,0.4276563515,0.0519183766,11.557743403,0.0157916597,0.2728778904,0.5708254067,0.1184897009,-0.037226892,0.2892254161,-0.021771174,-0.094732118,-0.010272374,-0.141354377,0.0592572664,0.0102723735,41,5.77251e-05,0.012967581,-0.021038382,0.1213760433,0.0060401308,0.1880379644,0.0752548289,-0.030950847,0.004989765,0.3301026008,0,3.2635984291,0.0046360037,1.9144329897,-0.05422528,14.587221385,5.6514551955,0.2567758562,0.0,0.0,0,,0,0.0,0.4896934949,6.0,-5.571259104,-0.113277165,0.0105667076,-0.043793572,-0.10241779,0.3118718421,0.0478888666,-1445.832764,0.0400118084,14.90276921,-0.003600758,0.0176057313,0.0290967959,-0.015736158,0.0558325305,0.0099667552,0.0,0.0001892864,0.7270221451,0.0346551109,6.0,14.66661461,0.4304027321,1.1474128915,0,-0.108125767,0.0226967428,0.0150360607,0.0170612168,0.5628411645,4.1876385282,7.184067e-10,1.443179e-08,1.1142726291,1.2416034919,0.085665516,0.0258423321
82542,0.4250862059,0.0724846041,3.3910632374,0.0150846636,0.2852094832,0.6556223904,0.2001606891,0.0503044249,0.4132888065,0.0097769966,-0.041645458,-0.058163602,-0.55631127,0.1128086063,0.0581636018,40,-0.008195582,0.0059970015,0.0626768926,-0.023949415,0.0733849924,0.3072261186,0.2881932128,-0.002048504,0.1302800398,0.4267945226,0,3.1533479049,-0.095635867,2.3676564666,-0.093897062,5.4324836258,6.0283123987,0.3675629696,0.0,0.0,1,0.0001382297,0,0.0,0.7353828578,6.0,-16.10421844,0.0696400379,-0.300111099,0.3577521369,10.982854471,0.8134042568,0.4460363098,-4872.213669,0.0238858186,13.210453148,0.0017203982,0.0288836241,0.0482629485,0.0037708385,0.2007537924,-0.016802061,0.0,0.0013277256,0.1310547314,-0.027599325,5.0,12.268178645,0.4106277178,0.5670655025,0,-0.245453587,0.0319680013,0.0171876976,0.0214514054,0.6777860224,2.8032094108,5.0430051e-09,2.3392507e-08,1.0276537226,1.0560721736,-0.083610087,0.0381747478
30680,0.7266445402,0.0888596586,-0.574772883,0.0308157201,1.1308105149,3.2735912115,0.101737546,-0.08573032,0.2338826955,-0.018620204,-0.122643465,-0.043093849,-0.94307658,0.1726611215,0.0430938494,41,-0.043632314,-0.017970515,-0.155804032,-0.031530507,0.1931003892,0.1502619816,0.0220806639,-0.052219047,-0.021712595,0.6017931585,0,3.7371158569,0.3040777445,2.4714261648,0.3608786818,12.245669379,6.5989114154,0.1338989151,0.0,0.0,0,0.0,0,0.0,0.5820783401,6.0,0.9595496325,-0.188267504,0.0074455944,0.8767938624,0.1495676075,,-0.112477249,181.25203269,0.0987435057,14.476769705,-0.000399856,0.0076010393,0.0194307009,-0.305473662,0.1929290125,-0.015644311,1.0,-0.00540906,1.3914832497,0.0400671405,4.0,15.458656933,0.3884983151,3.1590958658,0,-0.177430685,0.0509950072,0.0225194813,0.0309871692,0.3831370288,7.7645861069,5.679899e-10,5.3080522e-09,1.4418810009,2.0790208208,0.0265451796,0.0315036678
56274,0.2737556012,-0.037452379,32.111933643,0.0257968988,0.7822055206,0.9576244324,0.0826218083,-0.094194068,0.2030836913,0.0149082161,-0.077009821,-0.113783779,-3.391149871,0.0895542517,0.1137837794,40,-0.004952775,0.0030487805,-0.105645498,0.1960340882,0.014631354,0.1641584213,0.0379092491,-0.011504461,-0.139298279,0.2287691054,0,1.1079995166,-0.307984797,0.4430245907,-0.396012703,86.468596395,16.273409395,-0.001996778,0.0,0.0,1,0.0187402924,0,0.0,0.6833317486,4.0,24.341012638,-0.03352228,-0.083498412,0.0793594182,-0.514304234,0.0515341003,0.0928902314,5575.490235,0.0457936334,16.853583756,-0.003066399,0.0050144307,0.0236077662,-0.043891192,0.0059957736,0.1519017938,0.0,0.0024431957,0.5708220581,0.0444846489,3.0,16.854943904,0.171453276,1.3399761427,0,0.0757477334,0.0118304845,0.0077631668,0.0143352775,0.4656920087,4.1050201214,4.89405e-11,1.2627309e-08,0.466824987,0.2179255685,0.0006067146,0.0260491727
31668,0.7106397083,0.0495165079,-1.732421875,0.0739577179,0.3277082042,1.8762087302,0.0777695842,0.074889605,1.1882682898,0.0118149824,0.3613505747,0.0644790199,1.3050058207,-0.015102823,0.0644790199,37,0.0754076673,0.1216216216,0.247193164,0.2218682723,0.0220400568,0.0622286541,0.0162209778,0.0976250149,-0.02018757,0.5445576528,0,2.6853122252,-0.203108026,0.7185576077,-0.285888489,84.760416667,10.577835554,0.2003853565,0.0,0.0,0,,0,0.0,1.5826577651,4.0,-1.461370787,0.1405171258,-0.037173969,4.6674601016,0.6841596459,-2.5958373,0.2384246835,-2879.494464,0.1062765098,10.763265045,0.0233073191,0.0584738284,0.0991104464,0.2402737496,0.2569255004,-0.054196896,3.0,0.0130575814,-0.260303962,-0.033421829,3.0,10.613041861,-0.831346147,0.9047034765,0,-0.057863604,0.0753622875,0.0405670647,0.064991074,0.6898836395,3.1459490394,1.9168082e-07,1.7907042e-08,0.80126857,0.6420313212,0.0689848555,0.0692375128
32046,0.9207915242,0.0623290616,-12.97363189,0.0791634012,0.2921614177,0.9678493194,0.0806616034,-0.005773726,0.4634407961,0.0041652782,0.0173839662,-0.123468554,-2.409733022,0.2125254595,0.1234685543,36,-0.021840325,-0.023809524,-0.006253706,0.0919194469,-0.048488922,0.2351434489,-0.051914459,0.0163346112,-0.012902779,0.5443798058,0,5.3296089385,-0.315436325,5.3197716784,-0.225717981,58.96382874,6.0300712147,1.0177779637,0.0,0.0,0,,0,0.0,0.6061102019,3.0,-10.14656159,0.1204398002,-2.465275673,4.6988142934,-0.596657082,1.3379146845,1.2070977375,-3986.832398,0.0288563477,12.829000577,-0.005143777,0.0074809901,0.0096242584,-0.070849992,0.0231218332,-0.266557468,0.0,-0.004830918,0.2363740722,-0.03548817,5.0,12.553755056,0.8286148151,1.0823380309,0,-0.074155426,0.1864927411,0.0399262824,0.006453608,0.8128451917,11.706366512,1.3820337e-09,9.1614208e-09,1.268366955,1.6087547324,0.1261204367,0.0347177899
47511,0.7990903148,-0.125003123,0.6186041965,0.0510617252,0.4732058573,1.6287205432,0.125329972,-0.154909042,0.3015957953,-0.014813672,-0.027852744,-0.221909865,-2.465632228,0.1832086053,0.2219098654,41,-0.020777903,-0.042848041,0.0696811825,0.0827120326,-0.044995221,0.1753324361,0.1410315927,-0.003208744,-0.215617122,0.3872392965,0,5.380326484,0.0521564196,2.4033592566,0.1974761516,37.810504366,9.2299371669,-0.165201729,0.0,0.0,1,1.0,0,0.0,0.4401201317,4.0,-0.141417425,0.1237324936,-0.041643888,0.013220701,-0.457540113,0.4751018389,0.0289559622,-1778.122566,0.0943163074,13.122370233,0.0328388616,0.0204007035,0.0293077639,-0.096579755,0.0336809522,-0.000173841,0.0,0.0025012506,0.5017789064,0.0207667332,3.0,13.255862597,-0.041347183,1.4825173931,0,-0.013747005,0.0630828142,0.0231220612,0.0278304126,0.498652764,3.698431044,4.8194306e-09,1.2587822e-08,0.7351707489,0.5404760301,-0.068569817,0.0295545335
60628,0.3059690631,0.0214278341,5.0974451608,0.0046324937,0.4505151096,0.968395248,0.0692968234,0.1209253099,0.3377381312,-0.015576118,0.2407126398,-0.123069904,-4.11047619,0.1095064359,0.123069904,38,0.0009980182,0.0615855733,0.0413896021,-0.006046295,-0.107526726,0.1250778443,-0.054784748,0.066767463,-0.018590037,0.5204514824,0,1.8366627497,0.0075753926,1.7530636226,0.0100080221,12.61041722,8.2974296206,0.1836514585,0.0,0.0,1,0.004414402,0,0.0,0.713294495,4.0,-0.005730812,0.0368638607,0.0406656067,-0.23244713,-0.530507081,1.6276942002,-0.023834007,42710.324812,0.0725156293,17.522755195,-0.000576037,0.0185528259,0.0452136361,0.0117630899,0.0950457377,0.0198165304,0.0,0.0003784534,1.554032524,0.0557966968,7.0,17.654780398,0.1456376787,1.2188326981,0,-0.024879174,0.0145846615,0.0173634953,0.0168866306,0.4796955658,4.5572403054,2.991631e-11,1.2301162e-08,1.1101924106,1.2325271885,0.055059998,0.0229088368
37875,0.437894995,0.0441346305,5.2094516984,0.0129880623,0.5842781972,1.0457579803,0.0987026702,0.0926941915,0.3496719647,-0.004710699,0.1959386057,-0.059957691,-1.332746079,0.1029548863,0.0599576914,41,-0.001424606,0.2123287671,-0.009404815,-0.119934439,0.0647612972,0.1468022462,0.0467245472,0.0015248747,-0.019242804,0.3978180034,0,2.2918274802,-0.04988736,1.5808511551,-0.024134847,17.493471402,5.2675569481,0.1526856692,0.0,0.0,0,0.0,0,1.0,0.7063020267,5.0,-16.07733947,0.0185913285,-0.093779333,0.370560926,10.786363571,0.8056467654,0.4361825897,-3241.851729,0.0238858186,14.610755993,0.0055607098,0.0120808957,0.0276525282,0.0002392841,0.058351271,-0.053650342,0.0,-0.000251193,1.173510036,0.0614113696,5.0,14.618714413,0.3102301368,1.3056217562,0,-0.245453587,0.0258862078,0.0203668529,0.0206408342,0.3552192315,2.5859614273,8.365937e-10,1.3432534e-08,1.2726617309,1.6196678812,0.0227649738,0.023473436
20765,-0.131671825,-0.015474833,-1.34144955,0.0,1.9731769561,1.5459448698,0.0660708411,0.0589612823,0.1117818485,0.1052631579,0.0420071685,-0.041551877,-4.807017544,0.0589129609,0.0415518767,41,0.0093516997,-0.048905541,0.0694253161,-0.080366639,0.0755640229,0.1705850191,0.0111289441,0.0323168193,-0.148624927,0.3296358543,0,1.1958130301,0.0178315559,0.911568309,-0.019653646,8.0923732828,6.8689183756,0.0212033982,0.0,0.0,1,0.8487706819,1,1.0,-0.961966062,7.0,-4.406121075,0.0286762387,-0.113893761,-0.482387529,-34.14301206,-0.046220825,-0.031132817,-8410.340161,0.0604618429,14.00835822,-0.002497918,0.0038827015,-0.070895522,0.0424426707,0.1037397415,0.0429769671,1.0,-0.006841505,-0.137207589,0.0223471746,2.0,14.031613645,0.4438133501,0.8280651341,0,-0.084019101,0.0256409738,0.0107997282,0.0204403467,0.4468665784,2.5221539265,1.6530959e-09,2.3474497e-08,1.3966643565,1.9506713247,0.1031127388,0.0353848452
17144,0.1486360846,0.0363298277,57.202866053,0.0302733691,0.4697890249,0.5244458868,0.1277862797,-0.051033237,0.2857334192,-0.022211334,0.0420092108,-0.058589853,-1.082043724,0.0756402898,0.0585898533,41,-0.000820214,-0.023255814,-0.015594988,0.0169642649,-0.036613444,0.1554991674,0.0470826238,0.0077552202,-0.235370631,0.1984731635,0,0.7741559477,-0.044353071,0.4590499172,-0.121535152,52.362043362,10.907139322,0.1169403957,0.0,0.0,1,0.0001840241,0,0.0,0.9607026994,4.0,24.364418117,-0.001596836,-0.109803007,-0.045760098,-0.223970693,0.2965774382,0.0789762694,22659.500185,0.0457936334,17.566884356,0.0065320591,0.0237200364,0.1069891495,-0.008383668,0.0300990796,-0.009194154,2.0,0.0,1.1575683713,-0.027250158,7.0,17.414774214,0.2053512182,1.1478133377,0,0.0757477334,0.0509873144,0.0134142043,0.0142797547,0.5234668549,4.1196920379,3.524188e-11,1.5940902e-08,0.4478763387,0.2005932148,-0.146220319,0.0174191252
39328,0.4730015059,0.0386951659,4.7571354616,0.0316933912,0.5422558191,2.8732360327,0.0601727405,-0.019692502,1.2669235112,-0.037586295,0.0372595652,-0.068747673,-1.821871477,0.1091927848,0.0687476735,41,-0.008891252,-0.008,-0.030699721,-0.008214931,0.0233865846,0.1595410184,0.0837728192,0.0374473463,-0.077744227,0.538285079,0,1.4748341506,0.1159890595,1.0968416498,0.1575775638,113.65401208,11.882103554,0.2326991214,0.0,0.0,1,1.0,0,0.0,2.9362905627,6.0,24.403695387,-0.053221514,-0.094547193,0.2786053229,-0.152292617,0.3351546511,0.1125287645,-10911.65929,0.0457936334,11.307318746,0.0073052473,0.013244301,0.0268561693,-0.000603364,0.0561644143,-0.017164592,0.0,0.0108605528,-0.417472768,0.0200661179,6.0,8.2687599985,0.3156596681,0.1459145117,0,0.0757477334,0.0787781775,0.0259857193,0.0429203637,0.9940795951,0.7194584593,5.8339306e-07,1.2766381e-07,0.1842174838,0.0339360814,0.697777728,0.0363605843
41452,0.4144151955,0.060091154,76.478451403,0.0,0.3432320732,0.6620687799,0.1016247731,0.0785579097,0.3935030411,-0.117280699,0.4870339311,-0.029769784,-0.361676985,0.0818247413,0.0297697845,37,0.0024009611,0.0969899666,0.0971625923,0.069127709,-0.001232196,0.3145365993,0.2000479313,0.0074447173,-0.121343931,0.2415361568,0,2.1566837874,0.1540863204,1.0374773261,0.0474411741,117.53810492,6.4828500422,0.2726517452,0.0,0.0,0,0.0,0,0.0,0.571485604,6.0,3.1274942834,0.0116668667,-0.070250564,1.2295696538,-1.572875256,-1.676178556,0.1734735482,-2936.421647,0.0446872923,14.866648866,0.000383286,0.0267764023,0.0513329807,0.0033603972,0.0118604949,0.0086150525,2.0,0.0014505367,1.4661277441,-0.013195271,6.0,15.923995924,0.1243747018,2.0915481152,0,-0.090576468,0.0233526565,0.0147076841,0.018922947,0.529488106,5.8520043033,4.59114e-10,9.9736955e-09,0.9867015813,0.9735800105,-0.030738849,0.0320483166
84226,0.8456739889,0.0343765325,-1.30661173,0.0073610236,0.4424893553,0.3917361084,0.0489159387,0.0214415222,0.1482135354,0.0016228497,-0.00305654,-0.045407812,-1.683670587,0.0922552891,0.0454078122,28,-0.001138612,-0.044970414,-0.010071541,-0.272911777,0.028196611,0.0653756753,-0.000617264,0.0415555837,0.0347459062,0.4557345155,0,2.2321562166,0.0407946569,2.2183788237,0.0548512016,4.0197947031,15.11971699,0.2073150103,0.0,0.0,1,0.3901360185,0,0.0,0.216609528,6.0,-3.685247175,-0.007054442,-0.167991822,-0.641013479,-0.503904477,1.8240564708,-0.019677802,-286.7938615,0.0768509389,13.677172052,0.0014352747,0.0151189797,0.0237364331,0.0118758495,0.0756517179,0.001348576,1.0,0.002809778,1.4861556889,0.0363116565,6.0,13.735310893,0.0847349784,1.091012689,0,0.0324618014,0.0311623551,0.0151108569,0.0276463241,0.3778367142,2.1660314054,2.6492343e-09,2.0350438e-08,1.2372208355,1.5307153959,0.0182838382,0.0236009307
52708,0.5224318372,0.0742541239,1.1858899791,0.003069699,0.7832797656,0.876185603,0.052169905,0.1127652332,0.1713746136,0.0297845776,0.0989328484,0.0893089344,1.522666753,-0.038810162,0.0893089344,41,0.0874640804,0.1353846154,0.2210485181,0.0173927894,-0.034922771,0.7523627537,0.5109822809,0.0883590375,0.1702756566,0.5136698173,0,22.691707556,-0.054886931,3.4686518747,-0.15979979,7.888616887,14.180141831,0.1100741685,0.0,0.0,0,,1,0.0,0.400288791,3.0,0.0088780288,0.0672836376,-0.002149109,-0.593911912,3.0715005636,0.366589912,0.1226885007,8892.9342757,0.0754152071,15.950270471,0.0011244559,0.0198740594,0.0525377163,0.0339809719,0.0832879955,,3.0,0.0015621949,1.8608113511,-0.048502135,5.0,16.82302987,-0.015481953,2.6689185014,0,-0.154743672,0.0294923875,0.0162055923,0.0219257236,0.4874880721,8.1205713976,9.758358e-11,6.0123623e-09,1.1082989946,1.2283266613,0.0568273852,0.03148659
64020,1.2602259559,-0.009899461,-58.54337109,0.0,0.6464882166,2.8434615213,-0.034670818,-0.040579447,0.213542215,0.0065026362,-0.107677446,-0.043313513,-8.518950437,0.0744335589,0.0433135134,41,-0.003976335,-0.016254417,-0.000750543,-0.259262216,0.0849748465,0.1069103718,0.1376985893,-0.361366602,-0.002085428,0.4335834336,0,0.3719921592,0.0679022203,0.2394046871,0.1553114347,262.54830113,76.151690821,0.2104626072,0.0,0.0,1,1.0,0,0.0,0.3227043148,7.0,-0.023952343,-0.053484453,-24.15147796,0.953671934,-0.966393899,0.2156098913,0.0088094185,-4434.454495,0.0775320588,11.885753184,0.0040665287,-0.00658069,-0.009956544,0.2459062556,0.0060202885,0.0342501172,0.0,0.0082808204,0.7054928364,0.0776783889,2.0,10.115991862,0.2013930866,0.3933886201,0,-0.182735922,0.0352696255,0.0206080267,0.0296986794,0.921911621,10.522447092,9.1422374e-08,2.4925934e-08,0.8536727547,0.7287571722,-0.136014295,0.0414338228
52090,0.1527023805,0.0367173249,66.452184725,0.0190352267,0.2579081218,0.3928004055,0.1322827452,0.0211811612,0.4164193643,-0.008566978,0.0829206495,-0.04223221,-0.469123506,0.053942285,0.0422322099,41,-0.000672487,0.0,0.0125141403,0.0903099263,-0.00445272,0.156694696,0.0122175056,0.0106245611,-0.06807276,0.2568258574,0,1.1340912756,-0.101503734,0.56095791,-0.103936824,38.155417407,9.4382688928,0.1837517048,0.0,0.0,0,0.0,0,0.0,0.9959267939,3.0,-7.903205711,0.0562091828,-0.191775532,-0.01984506,-0.659759634,0.008223429,0.015249189,-523.8971318,0.0443391772,16.324798447,0.002446594,0.0332242189,0.0854867358,0.0025874011,0.0249789254,0.0288912591,3.0,0.0001163873,1.4529632625,0.0621432709,6.0,16.286847968,0.1799178954,1.4140821483,0,0.0757477334,0.0385551453,0.0109526204,0.0154498869,0.4741622376,3.8616793344,1.11919e-10,1.3815883e-08,0.5036283085,0.2536414731,-0.135584814,0.0214125801
53613,0.7215253499,0.1700294252,-0.238855439,0.0,0.6366572649,0.9496779764,0.1234467305,0.0731176105,0.3503422526,-0.031686859,-0.001196172,-0.099011599,-0.796481545,0.3054547246,0.0990115992,32,-0.004931284,0.0460526316,-0.01014794,0.1271541937,0.05550603,0.252700398,0.0432452948,0.1657036181,0.142140934,0.5069740712,0,2.2012804097,0.0337101075,1.6020486556,-0.010596138,4.598693553,6.4587155963,0.5124522396,0.0,0.0,1,0.0745361484,1,0.0,0.6973354377,5.0,45.083675023,-0.070328467,-0.073906299,9.0152149945,-0.498008194,-0.958308523,0.5813821605,11840.939384,0.0587429544,16.474948807,-0.003504569,0.0085324939,0.0166788114,-0.074177182,0.1492947351,0.0244425374,0.0,0.0006277464,1.0382080424,-0.003499542,4.0,18.084943243,0.2201590834,5.7088977081,0,-0.090576468,0.1045597419,0.0385097838,0.0391075123,0.4553156412,15.639528308,6.112124e-11,2.9532611e-09,1.8848090609,3.5525051961,0.0699472737,0.0514871834
54114,0.2585949092,0.0589639936,10.884027378,0.0203198993,0.4412925754,1.2955145334,0.1716150381,0.1991119185,0.8511454234,0.0064064739,0.179217841,-0.064430269,-0.72,0.1014180689,0.0644302694,41,0.0469918774,0.1057126031,0.1382571732,0.2102101835,0.0306963957,0.1771543086,-0.085171401,0.1317993743,0.1491534534,0.3445023565,0,1.3208891422,0.041099211,0.951553149,-0.092533272,30.867435159,11.298523207,0.2101594364,0.0,0.0,0,0.0,0,0.0,2.2195646332,6.0,0.0499575814,-0.007164124,0.044810919,-0.282570532,0.1812151426,0.4707034442,0.063847691,-118.7306429,0.1748673505,14.397421374,0.0025127733,0.0289891395,0.0769230769,0.00788316,0.0499169435,-0.005844675,3.0,0.0009460738,0.1359140329,0.0362506779,6.0,14.24928886,0.0501437752,1.2120227683,0,-0.046660203,0.0410125814,0.0274593837,0.0233432363,0.5659945356,5.5115076243,1.0368529e-09,1.2188192e-08,1.2661357965,1.6030998552,-0.001233298,0.0252182113
55213,1.2015308103,-0.008242761,-4.084991305,0.0,1.1969500649,2.9073307204,0.0200571388,-0.028267709,0.2048143768,0.0106767358,-0.063426612,-0.061623126,-18.19192235,0.1417089076,0.0616231259,41,-0.000809198,-0.027272727,-0.036089963,0.2079763795,0.0954243708,0.0696527665,-0.034592518,-0.020690549,0.0094837698,0.5301203821,0,1.0764546076,0.2278313739,0.8928430067,0.292689396,14.954879133,153.68823529,0.1025978441,0.0,0.0,1,0.1374880964,0,0.0,0.374353059,6.0,0.0461330386,0.0502724561,-0.1070635,0.9470599273,-0.050964944,0.2532562121,0.0774550572,-3749.257352,0.0885157098,12.288969248,0.0004439856,-0.017479071,-0.03426669,-0.004963199,0.051182082,-0.025527956,0.0,0.0054249548,2.414897698,-0.004815231,2.0,12.630427314,-0.223615553,1.4064185634,0,-0.182735922,0.055696208,0.0242532967,0.0355400869,0.4497433754,4.0233911281,1.4437064e-08,1.5718877e-08,0.3757801387,0.1412107126,0.5063714778,0.055381512
57665,0.1458375583,0.0375640457,11.244630317,0.0106850371,0.1020644846,0.3512060377,0.2622480225,0.1616650532,0.7891255244,-0.014942529,0.1445302445,-0.070010449,-0.429880843,0.0537121093,0.0700104493,35,0.0194058815,0.1079646018,0.1007949926,0.0792457789,0.0310316041,0.2012620392,0.1011131642,0.0280735721,0.1739652624,0.5747890741,0,2.5222608147,-0.074225678,1.8375434165,-0.05248428,5.1655975692,8.7232041049,0.4655824281,0.0,0.0,1,0.0776340111,0,0.0,1.3524575018,6.0,-0.053941471,0.0069638149,0.0997712009,0.310289558,0.0852797688,-0.3180288,0.076876272,82998.343626,0.1879227517,18.11275712,-0.001982574,0.0378021766,0.0608810299,0.0027103396,0.2708231856,0.0085215228,0.0,0.0001511944,2.1821827814,0.0019381447,7.0,18.481111673,-0.274731664,1.6986794062,0,-0.014908669,0.0384253338,0.015429926,0.018730153,0.4135637574,5.224565925,1.549711e-11,8.3583507e-09,0.6777325086,0.4593213532,0.035078805,0.0256935755
35107,0.4015343117,0.0443171615,0.681948606,0.0876614371,0.3738601316,0.3583890355,0.3083298323,-0.070038426,0.1392547727,-0.002251066,-0.042293968,-0.02464498,-0.447438008,0.064146344,0.0246449796,41,0.001560922,-0.118546845,-0.022188171,0.041183185,0.0348190599,0.1341146324,0.0592807032,0.0009228493,-0.094463532,0.8827130933,0,10.538924775,-0.179105663,10.053155699,-0.180416743,0.5956131744,7.5631561756,0.1365726074,0.0,0.0,1,1.0,0,0.0,0.2546785477,7.0,3.4812257922,-0.017771005,-0.285787375,1.2166887701,-1.34907512,-1.267232007,0.1557951508,-4666.909487,0.0446872923,12.591384517,0.0015431622,0.0124460087,0.023369828,-0.001003863,0.7045906408,0.0159472935,0.0,0.0,0.0631484964,-0.016619917,4.0,12.06571024,0.1814411893,0.5034675892,0,-0.090576468,0.0368533023,0.0239580399,0.0295701788,0.4143169146,1.3793318766,2.1883182e-08,3.4542037e-08,0.9538855983,0.9098977346,-0.114481849,0.035529841
61621,0.1000454309,0.0378161083,21.178516586,0.0309185487,0.2631830797,0.1535057197,0.1760036328,0.0176449349,0.3199635798,-0.004958678,0.0226208879,-0.034281002,-0.326418729,0.0501599942,0.0342810015,32,0.0,0.0236220472,0.0876176109,-0.067471242,-0.010003145,0.3012150325,-0.018325866,0.0104550949,0.0047833427,0.1356427304,0,1.1159413951,-0.01154323,1.1159413951,-0.01154323,5.1054789415,12.772027972,0.1682436142,0.0,0.0,0,,0,0.0,1.1465953855,5.0,0.8144293101,0.0609939718,-0.100748255,-0.235392994,-1.087098422,0.6836879274,0.0175676666,15691.970161,0.0772902197,16.88131231,0.001275002,0.0316229316,0.1056511057,0.0023542845,0.0791783008,0.0008035894,0.0,0.0001843318,0.5927973903,0.0284760704,5.0,16.756544467,-0.004041996,1.156237634,0,-0.066669752,0.0598503873,0.0164309953,0.0146648335,0.5090503564,4.1770456413,7.359225e-11,1.4003809e-08,0.7994018368,0.6390432966,0.0193156956,0.0174365057
51692,0.3110347291,0.0693159791,3.7863839143,0.0199448748,0.5283745655,1.7206634473,0.1529118424,0.1326256217,0.9329075947,-0.08917591,0.6175933324,0.0110524575,0.1260078231,0.0605816234,0.0110524575,35,0.1180900989,0.0810810811,0.0530771111,-0.141568213,-0.047520237,0.2163253102,0.0203400375,0.1914828222,-0.249570569,0.5466152379,0,2.2650053841,0.0449522069,0.6070363869,-0.18809158,18.645886633,63.451181772,0.2620263869,0.0,0.0,1,0.9536010472,0,0.0,1.645290055,3.0,-0.132110531,0.0793377134,-0.207508408,-0.192475002,-0.113390894,-0.114515347,0.015892666,-1316.866184,0.3094931693,12.973086197,-0.005631751,0.0122654247,0.037883335,-0.016457158,0.0551738946,-0.002648082,1.0,0.0295857988,5.1464453724,-0.156198489,4.0,14.435379682,0.6286232871,6.0782802515,0,-0.322429705,0.057553988,0.0384902908,0.0659846825,0.5312136618,27.539245565,1.9186102e-09,2.1615177e-09,1.7563384544,3.0847247665,-0.063671622,0.0569423185
64742,0.5827388376,-0.192300657,1.2728571814,0.0,0.0218591502,0.0193231895,-0.071857632,-0.324597408,0.0148926729,0.0006656128,-0.647699544,-0.244478164,-0.957886544,-0.008098445,0.2444781637,24,0.0,0.0,-0.248139761,-0.559409886,-0.074684956,0.0106094326,2.8571428571,-0.361366602,-0.230077996,0.7693546489,0,26.404936624,3.3514040508,26.404936624,3.6916460452,0.0626600879,1.05684402,-2.346276651,0.0,0.0,0,,0,0.0,0.0131385258,4.0,-9.718800426,0.0673587564,-2.830076356,-211.7153829,-0.814429604,0.5799646278,-50.64733126,-6298.648029,0.0244389518,11.625194132,0.0,-0.001875145,-0.001954741,-0.003695007,0.4920329214,11.5,1.0,-0.000921676,-0.767911418,-0.053042145,2.0,9.1962454534,0.0581729765,0.1783278606,0,0.142330795,0.0924368799,0.0353364025,0.0470609577,1.3478700136,3.019496188,2.626006e-07,5.3573875e-08,1.042329879,1.0864515766,-0.024721696,0.0537991091
65307,0.1937820664,0.035936187,14.851556241,0.020434576,0.510309191,0.6894431692,0.1080935561,0.0721445106,0.4651181434,-0.000525238,0.214661842,-0.020052455,-0.379833308,0.0495859478,0.0200524546,41,0.0133503002,0.185840708,0.049858181,-0.044272349,-0.012178902,0.1612628594,-0.009468686,0.0290494283,-0.066133273,0.3433894752,0,2.3248032629,0.0563671009,1.578370437,0.020997355,18.82927409,4.8049541367,0.107916948,0.0,0.0,1,0.0604581397,1,0.0,1.4121925539,4.0,45.532706439,-0.047043251,-0.022782532,-8.62662061,0.258975209,1.0354303649,-8.707766036,1116.780133,0.0248274717,15.707968362,0.001004943,0.0178986731,0.0644567916,0.0135481736,0.0582991312,-0.028183655,0.0,0.0012771392,0.6895617014,-0.035593091,6.0,15.700888267,0.2376687988,1.0692590617,0,-0.245453587,0.0292602926,0.019096797,0.0148174526,0.3113316962,1.4951624469,3.773306e-10,2.1824109e-08,1.0624605892,1.1288225036,0.0095547549,0.0171800175
66852,1.3231764682,-0.046692794,-0.678053285,0.0275359094,0.2393934802,1.1568207208,-0.105892793,-0.091139551,0.2104596035,-0.025240642,-0.012473868,0.0218871207,0.7691751085,-0.082607728,0.0218871207,32,0.0252226932,0.0974025974,-0.007270223,-0.027983904,0.0268827334,0.1686340641,0.2180438449,0.0437888428,-0.10405216,0.7585630237,0,6.220206854,-0.302261557,4.7240274776,-0.356766253,1.3942907754,6.3166220828,-0.134216893,0.0,0.0,0,,0,0.0,0.2450055764,2.0,-0.182786709,0.0908317043,-0.072374345,0.7395774585,0.4803098599,-0.985705669,-0.341884153,-2092.291652,0.0457306398,10.940309714,0.0054661684,-0.012953529,-0.015173036,0.0033894286,0.4239434284,-0.021788661,0.0,-0.005328597,-0.038704821,-0.026417935,2.0,9.6738479108,0.2356376295,0.4008221994,0,-0.025224689,0.0172084421,0.0092325554,0.0163468028,0.8456824558,1.3755893362,1.2817258e-07,5.8555761e-08,0.6764510408,0.4575860106,-0.019800842,0.0247980437
46922,0.0072326304,0.263838498,39.430951432,0.0,1.1163061078,3.3628355848,0.0954804271,0.2762298969,1.1509731426,0.0177354578,-0.027860569,0.1847422366,0.6923158982,0.0822644528,0.1847422366,41,-0.014039364,0.0,0.0392520485,0.0057010265,-0.001688972,0.1992130514,-0.034218763,0.0423879724,-1.026993398,0.3963689439,0,1.6988965795,-0.005886263,0.538743662,0.046234461,228.89219924,27.044824978,0.2827689516,0.0,1.0,1,0.6208528096,1,0.0,-3.593507032,4.0,1.4825623671,-0.222548923,-0.180331042,-0.25359914,-0.668488699,-0.909270278,0.4496376102,2720.8827999,0.1116949983,15.876583901,0.0064844268,0.0049705194,0.1385678015,0.1772762368,0.0193079412,0.0016168489,2.0,0.0,-0.042260603,0.0052127196,2.0,16.967158408,0.016434977,2.7714724969,0,-0.12197671,0.0343460701,0.0112378061,0.0129767011,0.5517857351,10.178572092,6.119116e-11,5.5886537e-09,0.8746917632,0.7650856806,-0.409796204,0.0592661158
77354,0.8181227671,0.0105244443,-0.644999353,0.0134441288,0.4192123798,1.1107023176,0.056518345,0.1922145895,0.5752044488,0.0269977063,0.0070135378,-0.09036648,-9.767741935,0.1133244998,0.0903664796,37,-0.009012773,-0.082474227,-0.102343193,0.1325561362,0.0006777181,0.1089379122,-0.171433143,-0.027085378,0.316255189,0.5794949789,0,2.0279401023,0.3135451642,1.55752374,0.7129970593,3.0219841123,8.4406604747,0.1030475416,0.0,0.0,1,1.0,0,0.0,0.9563032554,6.0,-0.055188481,-0.248301441,-0.081270074,0.0322531534,-0.883249815,0.9497562167,-0.040928143,-661.6158156,0.0943163074,14.072926755,-0.000787354,0.0381956649,0.05527766,-0.006342957,0.2114962703,0.0280991416,1.0,-0.00491573,2.4605526024,-0.079273415,5.0,13.762498188,0.1559391823,0.7788295165,0,-0.013747005,0.0235142075,0.009939191,0.0149391099,0.4332257374,1.6633123759,1.7404215e-09,2.6340231e-08,0.8133814957,0.6615894575,0.007307034,0.0295057163
69199,0.4612167873,0.0266131166,-3.104794368,0.0263147856,1.7491903992,2.3789164848,0.057683307,0.5548666961,0.2792783263,0.0027386006,0.8021685742,-0.017291053,-1.248337195,0.05983526,0.0172910529,41,0.0130360916,0.2820512821,-0.022383753,-0.099115345,0.136488759,0.1788555585,-0.025216092,0.0404824117,-0.120001594,0.3123997596,0,1.9425255185,0.0329356791,1.2486333301,0.0100804407,24.694700223,5.7791169316,0.0607025425,0.0,0.0,1,0.0002563737,0,0.0,0.72297896,5.0,-16.10636013,-0.463575529,-0.024056818,0.3938827182,11.580688856,1.4122666025,0.3930629635,-4229.703309,0.0238858186,13.485138334,-0.000157059,0.0030161019,0.0121437597,0.0336964547,0.0412544082,-0.040209643,0.0,-0.002889338,5.2972029796,-0.112903439,5.0,13.871803324,0.1006483842,1.6854916352,0,-0.245453587,0.1601322293,0.0429748426,0.0379330614,0.6217785468,6.9719847887,3.0933321e-09,1.0181797e-08,1.8320831541,3.3565286835,-0.003708091,0.0334794843
38850,0.8440861962,-0.151244299,-3.691031031,0.0,0.9774541988,6.7527256837,-0.096668427,-0.232913587,0.2800437996,0.0,-0.153314355,0.0025302729,0.0351002865,-0.156553017,0.0025302729,41,-0.039967984,-0.076923077,-0.024748344,0.2513558355,0.5588648149,0.1140980206,0.0607259453,-0.252516957,-0.308225057,0.53573576,0,2.0891049811,-0.085195618,1.4932195541,-0.101951971,37.434434434,12.25407956,-0.097165992,0.0,0.0,0,,0,0.0,0.5337259893,4.0,0.4848882242,0.3001484485,-0.135598271,0.6460105468,-2.419805877,-0.516596031,-0.213913559,-2165.000768,0.1172520361,11.275624631,0.0,0.0345345345,0.0775544612,0.2904334438,0.1292332238,0.0135357923,1.0,0.0536933072,1.4211337883,0.2021266511,1.0,11.775535823,1.4341124127,1.9216620983,0,0.1861540867,0.0995146409,0.0396880213,0.0664453432,0.6351239962,2.7669673763,1.2904439e-07,2.1120868e-08,0.2307104087,0.0532272927,0.4642018381,0.082710662
44951,-0.25147929,0.0467144192,6.8140350877,0.0,1.9935378387,6.9370912488,0.1123595506,0.0253772291,0.589391861,0.015625,0.0017605634,-0.065018625,-2.4,0.1588290252,0.0650186251,41,0.0277683711,0.0754189944,0.0387642087,0.0610765819,-0.021801684,0.193877551,-0.038957967,0.0621856424,-0.124661247,0.3976205128,0,1.1089367254,0.0715649109,0.4670580561,0.0210902663,156.31578947,36.970954357,0.0791556728,0.0,0.0,1,0.6212402525,0,0.0,-3.219512195,7.0,-1.467660272,0.5121019152,-0.083376596,3.7053411034,-1.383466422,-3.225999726,0.4123565319,-328.0422142,0.1062765098,14.042345802,0.0013784955,0.0032523851,-0.028901734,-0.66262354,0.0288606504,0.0120398002,1.0,0.0,2.9056463491,-0.237445792,4.0,14.875827723,-0.141906542,2.1020210306,0,-0.057863604,0.0465630926,0.0261004179,0.0356227822,0.4583365203,5.0481609898,2.2512435e-09,1.0233448e-08,1.6721037985,2.795931113,-0.070489034,0.0459045983
74500,1.1509938838,0.0245922528,-1.255159854,0.0,0.630479103,7.3143476045,0.046465317,0.0359802404,0.6882695569,0.0,0.0656902865,-0.037734483,-2.699481865,0.0909785933,0.0377344825,38,0.0,0.0436363636,0.1589541692,0.1638405328,-0.033441751,0.5128205128,0.0897435897,0.00103222,0.0218325792,0.7988128959,0,2.8162894099,-0.020448593,2.8162894099,-0.020448593,11.61533792,6.5550987781,0.0444166406,0.0,0.0,0,,0,0.0,1.0559954751,5.0,-10.12123024,0.5121019152,-2.397829785,4.929016653,-1.057123382,-0.414348965,1.0855508712,-4226.573558,0.0288563477,8.9008319643,0.001943145,0.0083327547,0.0130918612,0.0686965386,0.4388630927,-0.000375938,0.0,-0.002216017,0.7317073171,-0.0917208,3.0,6.0105316351,-0.517628886,0.2031940197,0,-0.074155426,0.0679130331,0.0340654728,0.0337170067,1.8110179066,1.5414837593,3.25822e-05,0.954545548,0.275734736,0.0760296446,0.6262362874,0.043964796
74740,0.5878505684,0.0502367289,1.9669151144,0.0,0.189721605,0.7065247353,0.1059473739,0.2272611279,0.345776676,0.0062817828,0.8887100483,-0.019673956,-0.276321839,0.0641182342,0.0196739557,35,0.0811837109,0.1428571429,0.5286092649,-0.114445331,0.0101642588,0.0941191414,0.0594125956,0.1176041705,0.1026340872,0.5962864696,0,3.2606460119,-0.334063731,1.4370468029,-0.244404379,6.247753268,6.4330178759,0.4642203295,0.0,0.0,0,,0,0.0,0.4109262629,6.0,7.1488558529,0.259867009,0.0046514463,0.2222371619,-1.020344212,-0.151798126,0.0564271913,-4407.716003,0.0410566741,11.013640955,0.0075122989,0.026783385,0.034749906,0.0395306783,0.1240896049,0.0343275561,0.0,0.0078313732,2.3947678987,-0.044424929,5.0,8.9112333275,-0.236395577,0.3415492958,0,-0.108125767,0.0309466161,0.0146644798,0.0263432486,1.0520862111,1.2878787018,3.7682356e-07,7.8214342e-08,0.4627302591,0.2141192927,0.0507335655,0.0338801342
65752,0.4969604443,0.035634903,4.6727626693,0.0,0.6772865448,1.1910672747,0.0765424485,0.5252780944,0.5211813689,0.0455750909,1.4453459126,0.2063736874,6.6468725257,-0.033314306,0.4815538916,36,0.0029195116,0.2291666667,-0.03754066,-0.062351165,0.0098748717,0.1823207956,-0.216485442,0.0775113443,0.0267352076,0.3604509337,0,3.4131835938,0.0785194812,3.1100585938,0.0800217181,16.265649774,3.713899467,0.144875351,0.0,0.0,1,1.0,0,0.0,0.8119578188,3.0,0.5862993273,-0.82102481,0.0532573517,0.1670984567,0.4514359181,0.7201585005,0.052982594,-1616.586053,0.0767661838,13.610662516,-0.008311739,0.0146456845,0.0348560354,0.0495046947,0.0628174291,-0.025221945,1.0,-0.043216344,1.4801319046,-0.008194567,5.0,14.305195952,0.5974213051,2.2695922983,0,-0.050760235,0.032089822,0.0154749042,0.024434132,0.2688969289,1.6130442371,2.7576209e-09,1.9618929e-08,1.3018551598,1.6948268572,-0.031794537,0.0389694268
65306,0.5700426021,0.0570401458,2.3355827274,0.0013174865,0.1335516503,0.6684282378,0.1580564406,0.0765896552,0.402083051,0.0024936412,0.004580569,-0.069397491,-0.825573818,0.1041309967,0.0693974906,33,-0.003025633,0.0,0.0442383918,0.0486442847,0.0210581859,0.152584494,0.010762889,0.0383727682,0.0949783112,0.5092712157,0,3.5946955912,0.1653587206,2.3952398281,0.2571713844,5.267001262,9.5923306399,0.6981029082,0.0,0.0,0,,0,0.0,0.5039917705,6.0,-0.639585745,-0.408907659,-0.105252019,3.7537804025,-1.052779676,0.7754336469,0.7836253479,-3397.198551,0.1657105497,14.386062385,-0.000651933,0.0234079924,0.0288921018,0.0013837586,0.19646525,-0.018649041,1.0,0.0009209799,0.6812485281,0.0147000225,6.0,14.622067159,0.1790310481,1.5148741914,0,-0.181791758,0.0896243975,0.0238915149,0.0210805515,0.5112747165,5.7112147406,7.226829e-10,1.0978844e-08,0.8039499301,0.64633549,0.0576458723,0.0235336571
81294,0.130456521,0.0370292626,9.5492248705,0.0179497753,0.1499112015,0.3125095554,0.2807296902,-0.0242263,0.5856045789,-0.020604582,0.0175805683,-0.029863001,-0.228915125,0.0455058209,0.0298630005,41,-0.008551002,0.0962025316,-0.012655452,0.0638637725,0.0201123038,0.5682137834,-0.059247419,0.0005090888,-0.0682171,0.4955648785,0,4.2785791712,2.0139169247,3.610439423,2.0358147023,3.6893042859,6.4365957447,0.2851049869,0.0,0.0,0,0.0,0,1.0,1.1946876015,7.0,-16.09162189,0.0363436262,-0.209905569,0.063122452,11.782915528,0.4632874245,0.3787335243,-4025.254669,0.0238858186,14.331015978,0.0001780804,0.0355541669,0.0764104448,-0.002692425,0.3221691319,-0.010252721,2.0,0.0004049813,0.711255186,-0.000552059,7.0,14.557020103,0.0591772363,1.4846058392,0,-0.245453587,0.037452504,0.0147694818,0.0207571839,0.4667984182,3.9002837373,8.873512e-10,1.241642e-08,0.5836335955,0.3406281738,0.1226093012,0.0232871474
19502,0.327154038,0.0447357519,12.06978587,0.0154560963,0.3973425246,1.0965983703,0.0618214763,0.8498735948,0.7709644452,0.1468065115,1.2550989712,-0.027254539,-0.342180095,0.0600434358,0.0272545393,41,0.0491110188,0.4342629482,0.3541208504,-0.774219734,-0.102166446,0.1156092381,0.0767647657,0.1644344037,0.5085789705,0.3042261202,0,1.1872319865,-0.137360846,0.6631032192,-0.043414996,32.125465839,15.103518762,0.2203944328,0.0,0.0,0,,0,0.0,1.3765459256,4.0,-1.639198618,-0.096831248,0.0889414844,-0.194797017,-1.217810807,-4.164190039,0.0639646861,87003.08793,0.1266995565,18.316702971,-0.003167942,0.0161379431,0.0359677263,0.1039048747,0.0379131043,-0.04427774,1.0,0.0009520409,1.6104823272,0.0025278204,5.0,18.173573049,-0.030108319,0.961465695,0,-0.12197671,0.0437919125,0.0184582005,0.0198115714,0.4608479829,2.2154581632,2.539592e-11,1.8658856e-08,0.6936777269,0.4811887888,-0.364691609,0.031227517
81614,0.8639476961,0.0620797011,-1.114216867,0.0289539228,0.9434620174,2.6764009963,0.0541062025,0.0012417647,0.2176882481,0.0037813682,-0.045663538,-0.077355304,-2.250752257,0.2018057285,0.0773553035,41,0.075321452,-0.063157895,0.006297701,0.5057107481,-0.177865041,0.1540190683,-0.078655717,0.1299713704,0.0580295867,0.5664400041,0,2.7946737142,0.1213145134,1.5846716812,-0.113035815,10.357349398,14.399664992,0.1923362016,0.0,0.0,1,1.0,0,0.0,0.4548574043,6.0,-5.572432903,-0.006877793,-0.065558768,0.3924977722,-0.190139007,-0.696558251,0.1904373288,-4024.306894,0.0400118084,9.0845957203,-0.004078737,0.0045474903,0.0095135135,-0.029572925,0.180312623,-0.041597074,1.0,-0.002820306,1.5804203251,0.0143806525,4.0,7.3440987295,0.013912986,0.6162100457,0,-0.108125767,0.0505415536,0.0241937596,0.0383487841,0.823915425,2.1545409412,1.0233635e-06,0.9545454863,0.7520070899,0.5655146633,-0.238128747,0.0414573566
51086,0.4003268519,0.0746616835,2.701953046,0.0176916122,0.2558371993,1.7691702795,0.2013085105,0.0108065263,0.3053094875,-0.003623054,-0.147039637,-0.01102882,-0.096408639,0.0818597147,0.0110288198,41,-0.001895969,0.0175438596,0.0331604178,0.0728711948,-0.020205994,0.1211543624,-0.238124869,0.0390536475,0.1463828418,0.550512309,0,3.2620634726,0.1972693718,1.8876608259,0.1850272271,13.902603966,14.588636907,0.2980978925,1.0,0.0,0,,0,0.0,0.5571834727,5.0,-4.434317213,-0.087432795,-0.04744436,0.0496111479,-33.43916498,0.021897177,-0.008186063,-8963.403681,0.0604618429,13.331668388,-0.000614834,0.0236295261,0.0387304662,-0.016756581,0.1572564713,-0.005648249,0.0,-0.001777778,3.6769077425,-0.094500299,5.0,13.613976844,0.3129096742,1.8767259116,0,-0.100121626,0.0620083362,0.0260953058,0.0353520059,0.6907378303,10.124357456,3.164923e-09,7.2874647e-09,1.2521842199,1.5679653205,0.0393124228,0.0429974931
83601,0.4292225059,0.0439958913,7.7087137477,0.027679853,0.7134072575,1.9390817367,0.0575043629,-0.091987784,0.2376400083,-0.048466057,-0.078731838,-0.062804646,-1.791886436,0.1228315321,0.0628046458,41,-0.015988504,0.05,0.0824609314,0.1068388962,-0.122774946,0.1658021396,0.0374040028,0.001210165,-0.11953287,0.4117315943,0,1.8920826405,-0.069421425,1.1770164305,-0.120261827,108.933402,6.9575605815,0.1246811205,0.0,0.0,1,0.0058962427,0,0.0,0.59932394,4.0,-0.224577152,0.0506412563,0.0520651918,-0.449751699,0.0725705854,0.3300519118,0.0214725157,-737.9391701,0.0979159386,14.772132215,-0.003005559,0.0114257225,0.0311728214,-0.089591648,0.01394897,-0.021901096,0.0,0.0042248944,0.9878319572,0.0676381644,7.0,14.743752233,0.401048285,1.3307818984,0,-0.177430685,0.1140373424,0.0324138407,0.0293872923,0.5132015937,5.195230568,1.042146e-09,1.1957753e-08,1.3068984215,1.7079834841,-0.017574753,0.0369836227
21785,0.2858314994,-0.145711879,6.3084901961,0.0,0.5709471898,1.1079829262,-0.034171986,-0.118805503,0.6658537708,0.0,0.0489027698,-0.074796987,-0.469450414,-0.077307377,0.0747969866,31,-0.095098327,-0.459459459,-0.178083101,-0.11758488,0.0383256406,0.7365853659,1.5527286585,-0.1475176,-0.332113736,0.2036652916,0,0.7820343461,-0.278437422,0.4969616909,-0.173603035,48.560784314,11.726325758,-0.249187693,0.0,0.0,1,1.0,0,0.0,1.3297093874,4.0,-16.1343786,0.0354640289,-0.76556756,0.2184974304,12.019177568,-0.696480341,0.2559203266,-5212.945339,0.0238858186,9.8877209068,0.0201536833,-0.080447347,-0.209572775,-0.062096435,0.0266304632,0.033837457,0.0,0.0068896621,0.0757496846,-0.01110607,5.0,6.7796945888,0.0543957057,0.0941105039,0,-0.245453587,0.0317460001,0.0179419053,0.0225517674,1.1133942607,0.7317356086,1.6758651e-06,1.3126004e-07,-0.067318219,0.0248185693,1.03910287,0.0373495587
10044,0.2054923348,0.0428889556,8.7695277351,0.0300375164,0.1568311226,0.4520657109,0.257056413,-0.088827203,0.4141621737,-0.020684039,-0.05888504,-0.054019329,-0.49111224,0.0639522467,0.0540193285,30,0.0104463438,-0.142857143,0.0592828889,0.2370871848,0.0330789556,0.2118270079,0.7509245087,-0.020925639,-0.076094408,0.4938710528,0,2.1308072885,-0.002061888,1.5533968867,-0.017412573,5.7996367193,8.6062616629,0.3621426888,0.0,0.0,1,1.0,0,0.0,0.747918911,6.0,24.379802058,-0.1203261,-0.229404336,0.0110961518,-1.04866362,0.3908651603,0.0672882263,-10865.6863,0.0457936334,10.984293033,-0.003036705,0.0139844617,0.0266690856,-0.011782089,0.1634426333,0.0230205823,0.0,-0.008141205,2.1203807546,-0.108302822,4.0,9.7189611937,0.1330096588,0.4525572585,0,0.0757477334,0.0266940687,0.0140205233,0.0229753494,0.5755686434,2.2306254762,7.1395691e-08,2.5923563e-08,0.58937316,0.3473607218,-0.044721421,0.0231824987
10104,0.257643768,0.0526162334,2.1691632946,0.0119389823,0.3272234157,0.2023856046,0.2493761141,0.2275635349,0.3476268485,-0.027105735,0.4407767443,-0.043707484,-0.442543771,0.0759012198,0.0437074838,30,0.0012422545,0.0819672131,-0.001280209,0.0785138708,-0.006335047,0.7761801411,-0.182982321,0.0130722572,0.038077563,0.5510472485,0,4.132038454,0.2351136589,4.1115034988,0.2338197636,0.7030974102,5.9403263403,0.244484346,0.0,0.0,0,0.0,0,0.0,0.6455693502,4.0,-10.15256679,0.0366870447,-2.359498936,4.0356665372,0.5835767222,0.0129427304,1.0704734977,104666.011,0.0288563477,18.625884617,-0.003031382,0.0200353673,0.0466696393,-0.003689345,0.491486904,-0.029706771,1.0,0.0007698229,1.0096228543,-0.017693045,5.0,18.236133112,0.2159417587,0.6944316024,0,-0.074155426,0.0362892449,0.0181094925,0.0159798752,0.4395570084,2.5665689404,1.512271e-11,1.902716e-08,0.9343143565,0.8729433168,0.0533499123,0.0227429619
75510,0.1537807995,0.013827287,8.9542672973,0.0,0.1037762432,0.1053272997,0.1138737163,0.0872110062,0.3989813857,0.0006532873,0.1782996386,-0.074621515,-1.334206442,0.0322757424,0.0746215147,30,0.0,0.1115289223,0.1563626324,0.0208337375,-0.01472859,0.4074059493,0.0773451705,0.0055126963,0.0333055142,0.4169914468,0,2.1783465157,0.1806511381,2.1783465157,0.1806511381,1.202459878,7.136113368,0.2176006913,0.0,0.0,0,0.0,0,0.0,0.6256228504,6.0,-1.505351464,-0.038692831,-0.201502839,0.267824969,-0.531411466,-0.610098866,0.1196825684,40770.080369,0.0278203388,17.681097828,0.0046446129,0.0193515256,0.0325528713,0.0051192179,0.3400923995,-0.011055466,3.0,0.0002186748,1.7716399277,-0.002596509,6.0,17.546770255,-0.139916518,1.1015678255,0,-0.074155426,0.0252144374,0.0199634091,0.0158661227,0.4900982629,4.080186526,3.87222e-11,1.3983834e-08,0.8763939606,0.7680663742,0.0883805892,0.0282016168
70092,1.3004726371,0.0651015448,-1.975355082,0.0070652362,2.557004058,2.3320278926,-0.004953566,0.0541919686,0.1042706855,0.0034908379,0.0515229438,-0.019757041,-1.140578666,0.1393549779,0.0197570409,30,0.019515148,0.0566037736,0.2628464828,0.0451158302,-0.075267781,0.2603816794,0.2729651442,0.0203737218,0.0594795446,0.498484741,0,21.759923917,0.0218245253,3.9044329614,0.3330998465,5.3222921439,19.57070104,0.0271512788,0.0,0.0,0,0.0,1,0.0,0.1937377421,5.0,-0.348100807,0.0321611585,-0.080929951,0.1841288877,-0.163859878,-0.808997002,0.3008536405,-619.6835443,0.0754152071,14.061976514,0.0646946939,0.0088950259,0.026835936,0.1459364308,0.1135878084,0.0004664623,3.0,-0.004258339,4.0084087256,-0.181362324,4.0,15.821194789,0.4929625575,7.0917788382,0,-0.154743672,0.0347271971,0.0194494721,0.0275826372,0.4685733059,17.037718987,4.036339e-10,2.7215574e-09,1.5606991939,2.4357819738,0.0362526977,0.0411463487
75033,1.9085473668,-0.004538425,-44.68233406,0.0,1.3556159394,3.6495199002,0.0155011289,-0.093203507,0.3204644315,-0.012237047,-0.113970009,-0.067903778,-30.06417223,0.2285015008,0.0679037779,28,0.0172812799,0.0,-0.06448119,0.2231602944,0.0369126852,0.2230485935,0.1470401068,0.0007615606,-0.077852062,0.3086917269,0,2.0468715019,-0.110388515,0.9841455059,-0.232149852,86.839160839,6.9976720554,0.0488296805,0.0,0.0,1,1.0248042101,0,1.0,0.5414168125,6.0,3.1338162368,0.0168928416,-0.16724053,2.7237018251,-0.558629816,-0.200326127,0.3201503076,-4911.611207,0.0446872923,11.020237835,0.0032274834,0.0117840654,0.0199774974,-0.222466346,0.0176896858,0.0200637966,1.0,0.0191637631,0.6716497231,0.0295784681,5.0,11.304478003,-0.104847527,1.3098467206,0,-0.090576468,0.0566037185,0.0368831355,0.0586199181,0.7502647592,18.175629937,7.7865777e-08,9.4092735e-09,1.9618912324,3.8490172079,0.0298337559,0.0610495708
12211,0.3352866546,0.0305692286,3.1729972033,0.0148401759,0.2880518574,0.6508913691,0.1480037748,0.0188338831,0.3280460962,-0.09244373,0.7227318212,-0.042093321,-0.850393401,0.0565650988,0.042093321,27,0.0060845573,0.1014975042,-0.093459971,0.1197657159,0.0231917078,0.2086554109,0.0220066996,0.0287455536,-0.245884588,0.5128278201,0,3.3872382034,0.0537476755,2.5994301455,0.0004163478,4.0273845557,7.5635742544,0.2180688698,0.0,0.0,1,0.018545228,0,1.0,0.4445533351,5.0,-5.603369021,-0.141430879,0.0990966307,-0.136163269,-0.168053266,1.0460727032,0.0451966991,-3179.730194,0.0400118084,13.502245051,-0.001307958,0.0129439221,0.0240643194,-0.01695134,0.2478068157,-0.015845047,1.0,0.0010034404,1.6444742762,0.1031587229,6.0,14.329443039,0.1146983266,2.5005957981,0,-0.108125767,0.0625368357,0.0255038794,0.0374555406,0.5430363218,9.5484443872,2.2565078e-09,6.925803e-09,0.8205381055,0.6732827826,0.081770161,0.035242124
80297,-0.627124391,-1.058293067,2.0611015759,0.0,3.6984228865,2.5368796353,0.1490415511,0.2614830336,0.2145446734,0.0427383115,0.9061490274,-0.392331023,-1.185937799,0.1967766836,0.3923310225,22,0.0,0.12,0.1598471333,-0.044281899,0.0740649113,0.1703167213,0.1281295198,0.0253440765,-2.645701016,0.1544916829,0,1.3069026797,0.1916788302,1.3069026797,0.1916788302,37.125604619,6.3742498928,-0.352958528,0.0,0.0,1,0.9940979736,0,0.0,1.1143504659,4.0,-0.805349505,-0.002726519,0.0802011222,3.7817212838,-0.240716247,-2.277617903,0.9191946905,-14227.66958,0.0314049921,10.377048393,-0.007333559,0.0164481193,-0.109878793,-0.118135284,0.0189569647,-0.002570091,3.0,0.0962099969,0.3535786189,0.0061654411,1.0,9.0278301876,0.4967188224,0.9065784705,0,-0.113452532,0.3140354455,0.0892623539,0.126932651,0.8419557984,0.8378672154,3.2494588e-06,8.698369e-08,0.7136154437,0.5092470014,0.5016038037,0.0749430663
75976,0.2022482078,0.019319304,11.765370169,0.0,0.0237518068,0.1632073783,0.194811314,0.1357656074,0.4358052829,0.0107807906,0.0568446963,-0.02784068,-0.306210106,0.0252350702,0.0278406795,26,0.0011471466,0.1468682505,0.1437109306,0.0029236625,-0.003758352,0.2394486542,0.0941864484,0.0211612477,0.1456223214,0.5316844059,0,9.0821417348,0.2013702685,7.0550754243,0.2804145449,2.4808521075,4.7835427645,1.1013600269,0.0,0.0,0,,0,0.0,0.4911982922,6.0,45.532706439,-0.040231241,-0.06175499,-8.618154468,0.1821631755,0.9908867369,-8.732116914,-3812.003237,0.0248274717,14.563900256,0.0012297871,0.0221624579,0.0247929368,0.0050446707,0.2889218217,0.0047549763,0.0,-0.000169319,2.0676470588,-0.019527319,6.0,14.014144339,-0.196176782,0.7341672211,0,-0.245453587,0.0360292383,0.0151869544,0.0256717942,0.3300709691,1.0850101612,2.1264867e-09,2.8753941e-08,0.9853004347,0.9708169467,-0.086773174,0.0365088562
14271,-0.019403871,-0.033510451,8.4801995035,0.0,0.2127003616,0.1377424603,0.0240647405,0.1122363279,0.6405746509,0.0359682633,0.2044300008,-0.328920302,-1.801564491,0.0268607876,0.3289203017,2,-0.003229641,0.2165775401,0.1867469106,-0.276286571,-0.001110728,0.310032688,-0.300290702,0.0305608246,3.4886597938,0.6127613762,0,1.1157263651,-0.031934317,1.097995191,-0.023348837,1.4440760539,6.8126703499,-0.150144107,0.0,0.0,0,0.0,0,0.0,-3.736503322,4.0,-10.35410228,,-2.224888609,3.7586188985,-0.171185484,0.1119278668,1.0214330655,-2220.184268,0.0288563477,13.581709438,-0.008139207,-0.003764324,0.0600075672,0.0095807455,0.357851255,0.0346749639,3.0,0.0,6.8609282221,-0.311623409,7.0,14.128046426,0.3390134652,1.9479924032,0,-0.074155426,0.0628341958,0.0364236266,0.0379211932,0.5326981675,7.5772530317,3.3845945e-09,8.9290572e-09,2.3977382918,5.7491489162,0.0134942851,0.0744341165
14274,0.2283854843,0.0256520994,17.667571417,0.0,0.6417211003,0.8845986121,0.0617447716,-0.018401376,0.5846601164,0.0008969358,-0.032565906,-0.054043365,-1.850306532,0.0731163464,0.0540433653,2,-0.002410258,-0.075471698,0.0445241257,0.2383703749,-0.00295135,0.1834395131,-0.024385595,0.018281398,0.0237136511,0.2338403239,0,1.3173348106,0.0942950539,0.6145749396,0.0627020143,31.282147715,30.052119768,0.0930815625,0.0,1.0,1,0.9993175733,0,0.0,2.2362693092,6.0,-0.093613459,,-0.364061187,-0.275124247,-0.129126006,-0.83598193,0.028427389,-1517.339624,0.3094931693,12.455781963,-0.004985017,-0.002194765,-0.00866206,0.0128219569,0.0184631643,-0.006895841,0.0,-0.008763389,8.6410052323,-0.311623409,4.0,12.661997148,0.166369115,1.6729044672,0,-0.322429705,0.1129706949,0.0417787399,0.0631098099,0.5170950314,5.0918541677,1.5920135e-08,9.8094903e-09,1.9310246829,3.7288563262,-0.04011854,0.0766711408
77488,0.6345518981,0.0253119378,4.117742421,0.0,0.0519248244,0.4287757422,-0.37482629,-0.046098635,0.1921084761,0.0075471698,-0.177971793,0.0482087404,1.4223463687,-0.010690405,0.0482087404,24,0.0285351814,0.3516483516,0.1302791963,0.2477208944,-0.044549975,0.0847387906,0.012800527,0.0438233009,-0.019233291,0.3327211341,0,5.2494553377,0.0505966395,3.2154139434,-0.121943142,6.519458181,4.7977848101,0.5917188844,0.0,0.0,0,,0,0.0,0.2265157145,3.0,-16.1899134,0.1311787964,0.0455402512,0.5672178291,11.26525584,0.1686433617,0.3225372985,-5164.580049,0.0238858186,10.821546317,-0.003525109,-0.004537874,-0.005214601,-0.002492182,0.0711758544,-0.008158897,0.0,-0.016291003,0.1649520626,-0.202669095,4.0,9.3673441208,-0.065528161,0.206083315,0,-0.245453587,0.0971564502,0.0367010898,0.0472913643,1.6496536275,1.0116425179,4.7056271e-06,1.9090910062,0.8160907766,0.6660041557,0.0312623843,0.0482400588
76568,0.0126452539,0.0467750359,29.863664466,0.0101347725,0.4370972422,0.4396345621,0.2011949888,-0.047541215,0.3669266881,-0.050999926,0.0242972512,-0.113103424,-1.11463131,0.0989119554,0.1131034244,25,0.0007474453,0.0111700642,0.097293559,0.1376737433,0.0592406007,0.1010901601,0.1604861549,0.0173786277,-0.721850818,0.4706322788,0,0.97286526,-0.191809912,0.9293221439,-0.199989899,14.988475901,18.191037877,0.1798405895,0.0,0.0,1,1.029904165,0,0.0,3.4039888313,6.0,-0.00491505,0.0979776028,-24.15147796,-0.293908768,-0.874100708,-0.13763948,0.033287815,-3194.427895,0.0775320588,14.067097854,0.0018562476,0.0200927706,0.7146216945,0.0041523732,0.0725397936,-0.001327606,0.0,0.0,3.4941935717,-0.093440074,6.0,15.717237054,-0.286434815,5.0915713164,0,-0.182735922,0.0390625149,0.0263455027,0.0353933518,0.5060134427,22.009223213,3.786065e-10,2.7940829e-09,0.8385314208,0.7031349437,-0.034377074,0.0362409115
76605,-0.077506644,0.0528546579,100.82457488,0.0,0.4466083089,0.4640832125,0.2463275345,0.0777470125,0.744487326,-0.050922486,0.0726525937,-0.046719227,-0.314488111,0.0694768194,0.0467192272,25,0.0360475377,0.0657894737,0.075145486,-0.15866852,0.0040604952,0.076995817,0.0144297792,0.0894627166,0.0490382321,0.5070720781,0,0.8424360258,0.0684154502,0.2312362031,0.200105757,55.336204977,41.099196359,0.1509925276,0.0,0.0,1,0.0185970761,0,0.0,-3.356610971,6.0,0.0102089513,0.2749379159,0.036334436,-0.516917546,-0.060659869,0.1873218408,-0.084620239,15027.678106,0.4483017869,16.959901242,0.0015136513,0.0318564406,-0.151706546,0.0053014264,0.021408628,-0.004394965,0.0,8.93119e-05,1.0495868941,0.0313755134,6.0,17.708332297,-0.042480473,1.9624954388,0,-0.185482894,0.0297140591,0.0088081094,0.0146024622,0.2997119078,2.8527956062,2.895794e-11,9.1094235e-09,0.5041253246,0.2541423429,-0.015165999,0.0199529268
76752,0.4305735008,-0.007253088,1.9533038516,0.0,0.2922818935,0.3111501415,0.0481155755,0.2475773795,0.4836507785,-0.001914083,1.2191707964,-0.143452914,-12.87819566,0.0861535987,0.1434529143,25,0.0,0.6427906977,0.1353880667,0.1624993665,-0.042193447,0.7186405046,2.1765869208,-0.007017883,-0.038253458,0.362330135,0,1.6177244443,-0.356962996,1.6177244443,-0.356962996,1.564802573,5.6810063347,0.1172768356,0.0,0.0,1,1.0,0,1.0,0.6189619785,2.0,-1.743953106,-0.075114188,0.3297589361,0.5446176703,-1.028669471,-0.776276938,0.1735604246,-3546.116571,0.0278203388,14.101575105,0.0230463644,-0.010681972,-0.017878514,0.0122167682,0.2750800059,-0.014674862,0.0,0.0016673614,1.881234659,0.0013451818,5.0,13.775392875,0.2714393563,0.9376405306,0,-0.074155426,0.0901150629,0.027188904,0.0229225188,0.5239253824,3.3090548604,2.7020031e-09,1.9810334e-08,0.6219502351,0.386822095,0.3375637189,0.0277060445
77637,0.464597322,0.0411491389,5.7964340274,0.0,0.278149078,0.7771582744,0.1162240864,-0.02213114,0.6729942589,-0.038296605,-0.042473749,-0.07428708,-1.356063332,0.0969499774,0.0742870801,24,-0.01191629,-0.018181818,0.0232788244,-0.004604958,-0.024558966,0.5077101748,0.1951291304,-0.019089996,-0.00953328,0.3739194747,0,2.4076550436,0.1100486642,2.3080183681,0.1423024814,12.932179377,3.1053145384,0.2471828189,0.0,0.0,1,1.0,0,0.0,1.0729043357,6.0,0.0031409079,0.0286025322,-0.085909265,-0.050831965,-0.415449349,-0.351513541,0.1761601229,-791.2248134,0.1090887662,12.297686634,-0.003617276,0.0039373022,0.0062945198,-0.010723275,0.1165689341,0.0064334361,0.0,-0.00456621,0.0963890017,0.0102449907,5.0,11.781656355,0.0907337014,0.6193835085,0,-0.157567212,0.0587016866,0.0251367264,0.0279135955,0.7086789304,3.3940663274,4.3024543e-08,3.7479895e-08,0.6344810924,0.4025662567,0.2693438821,0.0365145502
77659,0.2109476074,0.0736284579,7.9670813319,0.0,0.3088098289,0.9136463935,0.2692149741,0.0633980346,0.7268337027,-0.152026484,0.6630332963,-0.034826313,-0.238517182,0.0911901102,0.034826313,23,0.023320579,0.0344827586,0.0327898308,,-0.020919055,0.1426570048,0.0299855438,0.0765877081,-0.303986236,0.4996216754,0,2.1020450604,0.0139114424,0.6958023474,0.0360892218,12.055180475,,0.3721819086,0.0,0.0,1,0.0665534915,0,0.0,1.1593474416,4.0,-0.119979451,0.0265785862,-0.25410673,-0.292562123,-0.090302411,0.1282076944,0.0465011528,10602.924576,0.3094931693,15.71400677,-0.001460774,0.0267339978,0.0692357651,0.0010148268,0.0717033275,-0.000935647,0.0,-0.00165077,0.9910001898,-0.049242247,6.0,16.673926227,0.1988639175,3.6251721027,0,-0.322429705,0.0329799205,0.0161571196,0.0267992576,0.5940965993,18.61722986,1.075534e-10,4.3058079e-09,0.7959774705,0.6335801335,-0.090818704,0.0260704178
77669,0.5230340638,0.0727305493,1.8553173452,0.0139388466,0.2307360775,1.614921027,0.1749481574,0.0301959525,0.7543242277,-0.042916225,0.0793984738,-0.023655362,-0.241593795,0.0903017986,0.0236553618,23,0.0468043946,-0.023809524,0.0899036763,-0.505538983,-0.024076048,0.1402281674,-0.140208713,0.1306474977,0.0128138183,0.5912957281,0,2.6869116999,-0.082172578,0.9481359211,-0.301150567,12.172214831,71.044486069,0.4807985504,0.0,0.0,0,,0,0.0,1.0688390612,5.0,0.0011255868,0.0375156902,-0.047186415,0.0164021545,-0.044825346,-0.812990167,-0.0008191,-2691.111418,0.0893035129,13.660869099,-0.008786532,-0.023086095,-0.03294175,-0.047294227,0.0628262194,-0.003765181,0.0,-0.001808318,2.8041068249,-0.099724185,3.0,15.399413626,0.4733778984,6.6915293914,0,-0.268105639,0.2179868817,0.0506153848,0.0372828661,0.6859735883,51.257331242,6.359272e-10,2.1595435e-09,1.1263812796,1.268734787,0.043416664,0.0406570036
79094,0.6228564937,0.0787275006,-4.967524068,0.0163812031,1.955647814,4.8161226706,0.0680983896,0.1324875769,0.236794003,-0.010540198,0.1686371209,-0.104815845,-3.238947066,0.3337217078,0.1048158451,23,0.0552107833,0.1338028169,0.1355811575,-0.056414884,0.2148451984,0.188702269,-0.116418215,0.1589065286,0.032575202,0.5034605802,0,1.0336851543,-0.166516206,0.5918874967,-0.236750498,19.584158221,12.199170283,0.121856755,0.0,0.0,1,0.0209096081,0,0.0,0.8385397988,7.0,45.107291244,0.2134155639,0.0138438858,8.9165461383,-0.467446564,0.404752005,0.6096491437,-1492.534816,0.0587429544,15.076626625,0.0011346228,0.013733433,0.0569733063,0.134852824,0.1105887086,-0.022581417,3.0,0.0019538882,1.4682276326,-0.012960459,5.0,15.934315669,-0.302472693,2.9012783075,0,-0.090576468,0.0376404561,0.0263821268,0.0243688105,0.4542154278,8.0988721314,3.337348e-10,5.1925197e-09,1.2914698518,1.667894378,0.0098733224,0.0323467577
87055,0.1730980559,0.0387542695,5.1480257984,0.046710552,0.3684182696,1.8944919465,0.1313677925,0.0125968992,0.4923994671,0.0006146001,0.1018089619,-0.05741454,-0.802692469,0.0698620297,0.0574145402,22,0.0136013481,0.0512820513,0.0315962358,-0.034605855,0.0374327564,0.0731770664,0.0546315793,0.0436349322,-0.137039746,0.6102383672,0,1.0458887545,-0.142975396,0.5073155985,-0.199361322,18.102352391,94.933823529,0.1625759755,0.0,0.0,1,0.0555339806,0,0.0,1.3116313094,7.0,-0.003802754,-0.059866168,-0.031429583,-0.223487276,0.1147467396,0.2350653513,0.0296120322,41402.112401,0.3343991096,18.048834923,2.88909e-05,0.014354067,0.0452105114,0.0049867019,0.1772305436,0.0105639173,0.0,-0.000433651,1.6319093613,-0.041793722,5.0,18.453324481,-0.224213481,1.2788000957,0,-0.166835933,0.0252066944,0.007765208,0.0131407266,0.2714007987,1.6300185368,1.601836e-11,1.554196e-08,0.5605189534,0.3141814971,0.025318836,0.0191476424
79866,1.1531040737,-0.409399567,-11.91673039,0.0442141695,0.9141132854,4.1319172546,-0.002323821,-0.289926284,0.1768884527,0.0033720495,-0.268432565,-0.288594349,-1.76207438,0.3119929209,0.2885943485,22,-0.051469056,-0.123405518,-0.246968155,0.1316520477,0.051484732,0.1567053518,0.0355483901,-0.100616141,-0.306504805,0.4385635016,0,2.6764276107,0.0226721212,1.3768244691,-0.014894763,84.174862668,16.128996674,-0.244834149,0.0,0.0,1,0.0540839822,0,0.0,0.2990850874,5.0,26.058411231,-0.127721857,-0.122447427,0.543759968,-1.355337456,-0.912783878,0.2192125766,-1706.890561,0.0463645568,13.051968402,-0.000517329,-0.00543594,-0.009786076,-0.526355051,0.0210116688,0.0355951893,0.0,-0.005451242,1.0308678996,-0.113203984,3.0,14.277115785,0.41400986,3.5347206486,0,-0.025224689,0.1195928827,0.0391947387,0.0443648239,0.3474139272,7.4642092553,3.9085704e-09,5.3674974e-09,1.5324391802,2.3483698409,-0.08104278,0.0463288467
80719,0.6079514567,0.1599705464,-1.546329188,0.0139303923,0.7690444317,2.1612997076,0.2705265408,0.180167259,0.3835125708,0.056387955,-0.017408503,0.0003017221,0.0025877448,0.1595565835,0.0003017221,22,0.1369920911,0.1563176114,0.1820884389,0.2003677772,0.4223947704,0.0796739991,-0.009454022,0.1938954684,0.4330315415,0.5477399135,0,3.9288377297,-0.038069226,1.4329850378,-0.275093361,14.330540872,13.290268277,0.253767235,0.0,0.0,1,0.629340492,1,0.0,1.1377872074,6.0,-4.405616747,0.0389259285,0.0913293921,0.2572357527,-33.51192759,0.8099174569,0.0695108058,-8309.938261,0.0604618429,13.615079852,0.0182651515,0.0387782936,0.0947453598,0.3172068024,0.1095586779,-0.015154546,2.0,0.0141676505,2.2406410174,-0.195370045,3.0,14.732891162,0.2032472061,4.0736302179,0,-0.100121626,0.0451934226,0.0373959402,0.0366341548,0.5523816576,17.036013254,1.6332893e-09,4.628331e-09,2.2511375921,5.0676204584,0.0151280812,0.0524099694
81138,0.9503738197,0.0439582704,-1.080462782,0.0,0.8700499201,2.1308858746,0.1588038252,-0.287151201,0.4393050614,-0.004563946,-0.43287584,-0.043657189,-2.184397431,0.1399806032,0.043657189,21,0.0,-0.128205128,-0.151413376,-0.0318959,-0.054929378,0.3383997559,-0.020740888,-0.01026727,-0.030139155,0.560935833,0,1.5519725018,0.1727078207,1.5519725018,0.1727078207,2.8617529969,12.931018498,0.1231203124,0.0,0.0,1,0.5342140278,0,0.0,1.1457649437,6.0,-0.012515941,0.0096698909,-0.195932575,0.4349445329,-0.147219524,1.7217958342,0.2191907488,142.95987657,0.1090887662,13.803176392,-0.006116118,-0.026082243,-0.050242976,-0.167742141,0.433043842,-0.005167163,0.0,-0.002832861,1.2647357132,0.1100228373,3.0,14.665596277,0.5935513249,2.1931120447,0,-0.157567212,0.0111428397,0.0051264305,0.0090447051,0.489676817,2.9120790672,7.354632e-10,1.6690801e-08,1.0224173491,1.0453372357,0.2872072291,0.0675926288
81655,0.2810806998,0.0236572742,7.2507674193,0.0336670476,0.4410082101,0.8147545977,0.0808969004,-0.155759291,0.2005858577,-0.042663664,-0.259436061,-0.041938391,-1.398167006,0.0567340945,0.0419383906,21,-0.005024665,-0.278934955,0.0761104747,0.1453228852,0.0221237762,0.099850737,0.1025321416,0.0079287958,0.0818767676,0.4006499575,0,0.8827609259,-0.277095447,0.7458009526,-0.321713395,12.621757791,86.717948718,0.1202789076,0.0,0.0,1,0.0822299652,0,0.0,0.612638509,6.0,-0.006679866,0.1619661934,-0.358725728,0.0266098169,-0.430414368,-0.831119697,-0.007519756,4165.1373882,0.0885157098,15.898299598,0.0031272137,0.0049946072,0.0124169795,0.0069137704,0.1654863671,-0.595437007,0.0,0.0023144027,1.5809306609,0.0744091403,3.0,17.073136848,-0.011844941,3.4046660751,0,-0.182735922,0.0139486939,0.0124961374,0.0137255255,0.5518997191,11.662521619,5.735809e-11,5.782375e-09,0.4567250628,0.208597783,0.0627247373,0.0260487893
82777,0.3193550922,0.0554212997,59.769854444,0.0681016282,0.1840929829,0.6973255861,0.1861829167,0.0196331719,0.6725493231,0.0006329217,0.1603058969,-0.008881888,-0.079906445,0.0598498187,0.0088818879,20,0.0273030474,0.0100364964,0.0442237548,-0.009811942,-0.018226521,0.2382880655,0.0860888124,0.0478486685,-0.046971785,0.3615267789,0,2.4437262186,-0.214166439,1.2441367912,-0.248159587,76.054537852,7.2134072591,0.4203883902,0.0,0.0,1,0.1270502679,0,0.0,0.986451093,5.0,26.154263266,0.0682996673,0.0109945873,-0.289989013,-1.452415112,0.28197558,-0.032930526,2003.1776594,0.0463645568,15.037022548,-0.000836243,0.0261892456,0.0412860969,-0.006388336,0.0183032515,0.0031140143,0.0,0.0001620746,2.6203947264,0.0678052838,7.0,15.758336573,0.4525908681,2.3221705426,0,-0.025224689,0.0142302411,0.0141826864,0.0206916396,0.2595533114,2.9585741879,2.70174e-10,8.6673143e-09,0.7958362953,0.633355409,0.0272429626,0.0252940724
83148,0.566345102,0.0351165491,5.1948821406,0.0,0.3276127203,1.398172249,0.0386619529,0.1047180851,0.2311597045,0.006526198,0.1606988665,-0.038210057,-0.931113408,0.0678140389,0.0382100568,19,0.0008847305,0.0357815443,0.1309611944,0.1329729654,-0.090503661,0.0839400935,-0.125201218,0.0510421748,0.075654088,0.3069479139,0,1.6596093235,-0.116781722,1.2139639239,-0.112533942,38.172081829,11.564345607,0.1754457567,0.0,0.0,1,1.0,0,0.0,0.3477783414,4.0,24.381976516,0.0552826873,-0.050765649,0.371948919,-0.121330583,-0.199372996,0.0711500186,-10571.81771,0.0457936334,12.584894234,-0.002099097,0.0054526614,0.0084032101,0.0224549906,0.0165464339,0.0518761043,0.0,-0.007025761,0.3047571202,-0.016065014,5.0,12.511777299,0.0897322142,0.7226425721,0,0.0757477334,0.034050189,0.0177507399,0.03225862,0.4473352444,1.4000260301,1.711455e-08,2.9839531e-08,0.8672600413,0.7521399792,-0.091516114,0.0319797698
83597,0.0814715512,0.036943924,31.92301802,0.010560355,0.0314320145,0.1542991336,0.600930971,0.1107624711,0.9552480956,-0.011389467,0.3481035956,-0.093423522,-0.271274544,0.0469658701,0.0934235218,20,0.0,0.1086006929,0.0939147158,0.0417864205,-0.039932244,0.5289720572,-0.114549779,0.0174393708,0.0401148935,0.3829226344,0,2.1760910001,0.1089852848,2.1760910001,0.1089852848,5.5192285553,10.590423294,1.5251233844,0.0,0.0,0,,0,0.0,1.2392688453,5.0,-1.562335243,0.0054663565,-0.204431069,0.1955157207,-0.330738161,-0.718373957,0.1343726961,1765.2498688,0.0278203388,15.697993024,0.0040310667,0.0813999737,0.1128043733,0.0039665548,0.1997598476,0.0343940548,0.0,-0.00017696,0.9560643237,-0.037590847,6.0,15.820565435,-0.006800811,1.4092295582,0,-0.074155426,0.0284414105,0.0168758913,0.0171619737,0.525975427,4.472045559,2.066879e-10,1.212901e-08,0.8451437941,0.7142680328,-0.043481322,0.0200422799
20598,0.2559017897,0.0586516467,7.1975718793,0.0195624305,0.0815068536,0.5732726176,0.3301017747,0.144138994,0.5370727434,1.0056242504,0.0330773203,-0.039160749,-0.211318789,0.0710458417,0.0391607492,19,0.0001643382,0.0858223062,0.0938443633,-0.071393993,0.1918155711,0.1120432565,-0.027924436,0.0969136129,0.1847842744,0.6498642927,0,3.8576290199,0.0488775799,2.7490696317,0.1124015339,6.0941893376,15.455720408,0.913609081,0.0,0.0,1,1.0,0,0.0,0.7281643156,7.0,-0.017284433,-0.017591691,0.013812093,-0.840547018,-4.206346117,0.900441288,-0.033050114,1955.4665975,0.6466410848,14.47738574,0.0442683988,0.0961391205,0.1366268198,0.0633101484,0.3525358821,-0.002654111,0.0,-0.015410017,0.9612827945,0.0060679098,4.0,15.612540779,0.0697191564,3.1971571205,0,-0.106059311,0.036745429,0.0171422914,0.0278439318,0.3227348959,5.1893033037,4.379049e-10,5.3671576e-09,0.7170741831,0.5141953841,-0.406953197,0.0487927403
89508,0.2252069032,0.0426158719,29.956406343,0.0,0.7163605381,1.0610921073,0.075376852,0.1273617497,0.2016305923,-0.057811499,0.1968086425,0.1257149566,2.6206864225,-0.069066965,0.1257149566,19,0.0357714191,0.093847603,0.1334548968,-0.589328282,0.0039986755,0.05675052,0.037691419,0.0638208747,-0.048300315,0.1938259811,0,2.6064063106,-0.136697871,0.5136159924,-0.55113869,46.230387159,108.02244172,0.0762884302,0.0,0.0,1,0.9659815734,0,0.0,0.7015827871,4.0,0.0043669633,0.0794329922,-0.042339108,-0.293338048,-0.00095788,0.5506011655,-0.147583086,6963.6909784,0.5457032371,16.060257789,-8.0119e-05,0.009188203,0.0399251444,0.0139685488,0.024304846,0.0088211176,0.0,-0.00104712,5.2670097971,-0.107730852,3.0,16.977827195,0.0933339333,3.3684327806,0,-0.185482894,0.0280454159,0.0219842515,0.0271736924,0.3786573931,9.3459641815,9.573764e-11,4.5987443e-09,1.2606018432,1.5891170072,0.1035165716,0.0341464825
85040,0.1707861435,0.0336028645,10.176733715,0.0295194563,0.0683074623,0.1601360553,0.3423615176,0.3032743911,0.7471045231,0.0362691131,0.4085827624,-0.13624418,-0.85662243,0.062387832,0.13624418,19,0.0,1.0,0.5979408429,0.318347913,-0.155898525,4.8043478261,-0.560295719,0.0252609504,0.2654356981,0.3832879242,0,3.1920841406,-0.615001384,3.1920841406,-0.615001384,2.1417378084,7.6659690247,0.8731846085,0.0,0.0,0,,0,0.0,1.0155490768,4.0,-1.626010537,0.0663047962,0.6869682384,0.2848303131,1.1801511095,-0.617955686,0.1497946579,-4645.165521,0.0278203388,11.765720389,0.0145344548,0.0404476302,0.0566250256,0.0049613149,0.2559195937,-0.003082863,1.0,0.0,6.9198774748,-0.006209739,5.0,11.630971204,-0.830640875,0.6789037454,0,-0.074155426,0.0441989191,0.0273192115,0.0454734303,0.5901328925,1.7894986193,7.1051383e-08,3.3005802e-08,-0.067318219,0.0078121934,0.5915866656,0.0437919278
85982,0.6916840909,0.0031006101,0.8571397296,0.011278925,0.8352824619,0.2049174946,0.0176726169,0.1229980094,0.0976354378,0.0005825243,0.2651329311,-0.063364655,-29.49647059,0.0945576633,0.0633646551,19,-0.043090594,0.3076923077,0.159750609,0.4414407499,0.0597239922,0.0409537066,-0.085720035,0.1579003847,-0.011159899,0.5323778959,0,49.256326849,0.1544446424,45.7318236,0.5503478503,1.5372995457,6.2584670232,0.0707449144,0.0,0.0,1,1.0,0,0.0,0.1434099229,7.0,2.6407680477,0.2861017053,0.2269360141,-187.3887332,-1.900480757,0.3054019234,78.134021298,-2193.276399,0.0232932967,11.958254977,-0.004372857,0.0008158149,0.0016929731,-0.001787411,0.0872953306,0.2086471733,0.0,-0.000795215,-0.635591378,-0.020687969,4.0,10.764438926,0.3566882112,0.2375155442,0,-0.094980415,0.1244377717,0.0409626242,0.0339810203,1.0594359234,2.2705995462,1.5961622e-07,5.986314e-08,0.7181522895,0.5157427109,-0.13499459,0.0386647292
85272,0.1480386819,-0.215414431,3.5787588203,0.0,0.334383345,0.3246610148,-0.737792499,0.216196319,0.3249897751,0.1476390253,0.9857582756,-0.324142768,-0.660598766,-0.073111923,0.3241427675,18,0.0719743107,0.0,-0.491058728,0.1009766703,-0.125558082,0.2824267782,-0.050565299,0.0711656442,-0.352056738,0.7175044391,0,2.1928209848,-0.038750537,1.1001687375,0.0189255077,1.8125565406,7.2436731743,-0.839499807,0.0,0.0,1,1.0,1,0.0,0.545106383,1.0,-10.71977194,-0.801012051,-0.082562152,0.1206805387,-1.716659085,0.1809489431,8.1319e-05,-3083.248103,0.0318276958,9.9654176836,0.0001670286,-0.071963194,-0.194002221,0.0769239033,0.1509885697,0.0349997922,0.0,0.040898195,1.1608787635,-0.157356052,2.0,8.2600203626,0.0318215531,0.9656715672,0,-0.114580774,0.4821428955,0.1085906459,0.1134727664,1.5776735512,38.459642998,1.8014136e-06,8.058086e-09,1.0742906562,1.1541004141,0.2999813023,0.0935949262
85394,0.2208020544,0.0347322944,10.486020441,0.0082329614,0.165667791,1.0921955084,0.1827995384,0.0547468779,0.5149965221,-0.000827541,0.0845892237,-0.022132501,-0.239879269,0.0430638518,0.022132501,19,0.0422297105,0.1210868281,0.1132188339,-0.136018639,0.0066554428,0.0795423056,0.1908998567,0.071330266,0.0334126745,0.5497711487,0,1.377508551,0.0342360115,0.5849325268,0.0037099122,17.835865159,153.68823529,0.3024719085,0.0,0.0,1,1.0,0,0.0,0.8694955906,7.0,-0.011083152,0.0527100031,0.0383751935,-0.175783277,-0.330796999,0.2643380992,0.0028138542,-14227.66958,0.3343991096,14.860710316,2.69975e-05,0.0238703146,0.0417802126,0.0196807916,0.1337025603,0.0136985554,2.0,-0.000751073,0.6889700703,-0.069993208,6.0,14.671331138,0.219268936,0.9114189204,0,-0.166835933,0.038974043,0.0153450142,0.024851552,0.3256611158,1.1769791921,1.1199088e-09,2.3290255e-08,0.8506763186,0.723650199,0.000127607,0.0360889685
85796,0.2919214097,0.0378644673,3.4064529412,0.0230880898,0.465279981,1.3455738733,0.118957346,-0.002837783,0.5862048995,-0.011458613,0.0080030488,0.0011019284,0.0220673635,0.0370288983,0.0011019284,18,0.0085254458,0.0081300813,0.0236876443,-0.059350656,-0.012296757,0.1507060334,-0.027120298,-0.033416343,-0.019642593,0.4557389941,0,1.5688611773,-0.051173069,1.2640748212,-0.07864969,12.49877451,9.0927191679,0.1374074777,0.0,0.0,1,0.121007807,0,1.0,1.4687638458,4.0,-0.008501088,-0.005764105,-0.052771603,-0.249244032,-0.254336497,0.3980662092,-0.00054148,501.6175371,0.1748673505,13.989002568,0.0081230557,0.0205258303,0.0516690856,-0.005065359,0.1483197499,-0.007082729,0.0,-0.0015,7.6348097911,-0.240154125,5.0,14.379130003,0.1368429034,1.8326393088,0,-0.046660203,0.0386949368,0.0187858177,0.0267888993,0.6577678069,10.373813822,9.544658e-10,7.1407281e-09,1.1375209977,1.2939540203,-0.040790415,0.0344097175
87184,0.1015475225,0.0142035437,7.6021674677,0.0,0.1982058845,0.1410485249,0.0923122769,0.2241555852,0.5074133648,-0.032475542,0.6166643308,-0.128109802,-2.456112896,0.0490890506,0.128109802,16,0.0,0.1587301587,0.1660833499,-0.131833421,-0.005641181,0.4430006215,0.0354860439,-0.0067427,-0.169438454,0.4442465064,0,1.4761750276,0.0786629956,1.4761750276,0.0786629956,1.4171622211,3.8235228761,0.1260234083,0.0,0.0,0,0.0,1,0.0,1.0101736437,4.0,-10.14180933,0.100995442,-2.28273599,3.8795702917,-1.241138131,-0.228855877,1.0436613285,8452.6235616,0.0288563477,16.391708803,-0.000124864,0.0123236505,0.0342443624,0.0045526294,0.291349134,-0.000968886,0.0,0.000122835,2.2217202105,0.0424471638,7.0,16.618935859,-0.213904014,1.6020324395,0,-0.074155426,0.0204397682,0.0199314107,0.0193274751,0.5035130481,6.4465514643,8.474988e-11,8.9821114e-09,1.1583402648,1.3417521691,-0.027587825,0.0336680982
87214,0.3238388108,-0.055506744,0.0867706013,0.0,1.7159598214,2.4874145137,0.0672582905,-0.171249397,0.2338398456,-0.052854123,-0.148224547,-0.082300185,-3.336898396,0.1297136208,0.0823001846,17,-0.014244263,-0.02826087,-0.151306461,0.07271712,0.1237237132,0.131223825,-0.040375464,-0.01121563,-0.275083056,0.4073927532,0,2.2302222222,-0.224216041,1.5022222222,-0.293407633,18.663697105,7.9582146249,0.0151177594,0.0,0.0,1,0.5765104461,0,1.0,1.1069767442,4.0,-16.13046113,0.0098713375,-0.33436897,0.2565047418,11.172372783,0.3035196586,0.4629413243,-4898.401669,0.0238858186,12.695752515,0.0022913652,-0.024085638,-0.149171271,-0.127635828,0.0653376019,-0.018122883,0.0,0.0,0.5834792818,-0.01104904,5.0,12.53791771,0.3642833745,0.916835129,0,-0.245453587,0.1596639156,0.0444952288,0.0397956006,0.6848779141,3.3520431001,2.1352988e-08,2.2355861e-08,2.0691529439,4.2813939051,0.0521777476,0.0438897414
88668,0.1529847602,0.0500319259,8.5912021345,0.0208356927,0.3264331472,0.3283153632,0.2249821006,-0.002775124,0.4093535326,-0.03576838,0.0602829317,-0.037447894,-0.359580052,0.0680224084,0.0374478941,16,-0.004601262,-0.055555556,-0.053863135,0.0846038381,0.0250450019,0.1439774784,0.0588908034,-0.001364815,-0.112380952,0.4591583942,0,2.0523469191,0.0844028372,1.3770523469,0.1581921022,4.0024012807,6.1504715047,0.2071630667,0.0,0.0,0,,0,0.0,1.0841904762,5.0,-94.83846547,-0.063861843,-0.163048948,-0.771186788,1.0175325932,0.708944534,-0.064626201,42947.191994,0.5166690304,17.627707389,-0.010139471,-0.012089416,-0.037911302,-0.015538477,0.1083651963,-0.054041302,1.0,0.0004203447,0.2576550235,-0.038063095,8.0,18.580697109,0.132333729,2.2646458368,0,-0.258361054,0.0240379907,0.0174629089,0.0217637313,0.3560346881,3.5053243548,2.832999e-11,9.0759712e-09,0.6880879028,0.473464962,-0.090768842,0.0255826912
88841,0.5821549531,0.0470372283,1.4953257364,0.0205946044,0.1308605513,1.0098760225,0.1644336375,-0.00737244,0.54361809,-0.023193039,0.0297643877,-0.010137876,-0.154246038,0.0542925344,0.0101378756,15,0.0,0.0465788628,0.041270776,-0.030651202,0.0168326611,0.1957638289,-0.147197376,-0.004865763,-0.015354537,0.4634328662,0,3.2156470281,-0.00667202,3.2156470281,-0.00667202,5.2619344607,6.0991727856,0.42182093,0.0,0.0,0,,0,0.0,0.6604619954,6.0,0.8287122684,0.0936157196,-0.07779144,0.2467165282,-1.67482189,1.2271146093,0.0217002068,-1570.108469,0.0772902197,13.19089008,-0.001161226,0.0214367251,0.0252866461,-0.000898682,0.2640409423,-0.000881256,1.0,-0.00109589,1.7549331143,-0.102641098,5.0,13.198377039,-0.1107124,0.9948659913,0,-0.066669752,0.0467422009,0.0224151578,0.0255673318,0.6089257569,4.6864509611,7.2204079e-09,1.7413834e-08,1.1790088282,1.3900618171,-0.080122774,0.0360399943
88873,0.1112409449,0.0408052924,4.1495500039,0.0007837011,0.7235285843,0.4073475932,0.0926453258,0.4416652358,0.4705540418,-0.051811289,0.7083331745,-0.029893608,-0.527481657,0.0623293357,0.0298936079,15,-0.00028699,0.0732769045,0.0866630961,-1.520744311,0.0097014342,0.3675199055,0.1132358553,0.0027245468,-0.239916288,0.4679625716,0,1.0949602507,-0.192747943,1.0932267738,-0.190758331,4.2652953027,1.0684566704,0.1063339784,0.0,0.0,0,0.0,0,0.0,1.8526333523,5.0,-10.12218666,-0.047907004,-2.368189244,3.8892637141,-0.677874878,-0.737261356,1.0569016136,2579.4004616,0.0288563477,16.212719067,-0.000529991,0.0143930532,0.1001300374,0.0027341174,0.185517692,-0.004507987,0.0,0.0001411433,0.0072324527,-0.046814686,6.0,16.872697141,-0.140753576,3.1643212046,0,-0.074155426,0.0337877683,0.0236246666,0.018863081,0.3619461288,4.26922824,1.315053e-10,9.2986171e-09,0.9831877349,0.966658122,0.0293402547,0.0271456731
89216,0.1611594885,0.0263187665,8.4059795851,0.0026899415,0.1267471977,0.320742932,0.2327833572,0.1206125179,0.5495133988,0.010311924,0.0647023691,-0.029058007,-0.300765421,0.0342345413,0.0290580073,14,0.0055680014,0.1142857143,0.1308543973,0.0282834279,0.0342150335,0.2623138603,-0.07827503,0.0185415802,0.1688869789,0.5217081413,0,2.7577270109,0.0933770613,2.3261662507,0.1228698276,3.5765063425,6.5744474132,0.2583164594,0.0,0.0,0,0.0,0,0.0,0.9959604641,8.0,45.099390158,0.0232832761,-0.005673217,8.4548491331,-0.410233195,0.3169819072,0.3101619772,3229.794734,0.0587429544,16.202640898,0.0037169666,0.0281527824,0.0502941176,0.0088795193,0.2235167378,0.0164524576,1.0,0.0001732502,2.0076834389,-0.106340107,7.0,17.536443109,-0.238834306,2.7432269237,0,-0.090576468,0.050403595,0.0214961049,0.0206071713,0.3807773134,4.0467102327,1.543858e-10,1.0132603e-08,1.3008679264,1.692257362,0.1393216999,0.0340659311
89900,0.487063339,0.0564443455,-0.258038501,0.0061150184,0.715755715,3.6104883736,0.0907156054,-0.057053385,0.2634508668,0.0068081389,-0.135599631,-0.095025668,-2.086483635,0.1742145485,0.0950256678,13,-0.015178457,0.2265625,-0.03621444,0.1226110552,0.1290253196,0.4163264649,-0.088325902,0.0029783312,0.0881874116,0.5733955175,0,1.9027540499,0.327896278,1.2099186876,0.3164247662,31.006836737,7.5803359277,0.1094224807,0.0,0.0,1,1.1328119374,0,0.0,0.7340050969,7.0,26.162110346,-0.467942786,0.227520591,-0.122280767,-0.435649909,0.4206878348,0.0814342042,1523.8946694,0.0463645568,15.141162385,0.0003660056,0.0147482987,0.0355318487,-0.074235581,0.0967960781,-0.000109008,1.0,0.0003182349,2.1946076266,-0.077044375,5.0,15.367199736,-0.174086268,1.5218455554,0,-0.025224689,0.0244685467,0.01414006,0.0212448439,0.4374791821,4.5142768623,3.811309e-10,1.047105e-08,1.3583970232,1.8452424726,0.0861532134,0.0450212741
90992,0.2643256525,0.0226914817,16.532294533,0.0,0.4083650022,0.2623389559,0.0660877548,0.0472383484,0.254408116,-0.012402738,0.0662676974,-0.077391767,-2.242539881,0.0735780343,0.0773917666,11,0.0,-0.022727273,-0.020826217,0.1282542891,0.0346255842,0.68417068,0.0201688996,0.0115729289,0.0191387449,0.1281041785,0,0.9950100663,0.2332044648,0.9950100663,0.2332044648,7.4913745799,6.0592153077,0.1226324493,0.0,0.0,1,0.0029601233,0,0.0,0.5972083947,6.0,-1.572625277,-0.090543437,-0.335759034,0.378369822,-0.704195522,-1.09587233,0.1609848603,3566.8536688,0.0278203388,15.869393976,-0.000397313,0.0083818338,0.0216131397,-0.003195985,0.0520578081,-0.02832882,0.0,-0.001532958,1.6010489386,-0.058047576,6.0,15.878472179,0.0554857155,1.0065577497,0,-0.074155426,0.0338051021,0.0168975857,0.016635709,0.4817945484,3.0972708289,3.281711e-10,1.9374637e-08,1.1527902791,1.3289254275,-0.017719219,0.0227130547
13798,0.3820629244,-0.11128883,2.2400730647,0.0,0.0234826818,0.0,-0.828631024,0.2087881846,0.0,0.1445115312,0.5123885035,-0.09494144,-0.316095133,-0.076110972,0.0949414403,5,0.0,0.0,,,,0.3636363636,-0.151515152,4.58674e-05,0.1940556918,0.6545831752,0,11.666890531,-0.478745317,11.666890531,-0.478745317,0.0,,-5.702564103,0.0,0.0,0,,0,0.0,-0.000721397,1.0,,0.0773757894,-0.3061081,0.3147288553,10.438432227,-0.696085272,0.257116731,-5170.313609,0.0238858186,11.603794361,0.0,-0.090688321,-0.096262285,0.0,0.6312439811,0.2333333333,0.0,-0.004678593,-0.465871559,-0.057680026,4.0,13.235206404,-0.531169342,2.3484813884,0,-0.245453587,0.0621117987,0.0263589719,0.0472456992,0.7775052122,4.1240955795,4.5147683e-08,1.8440724e-08,0.6426564551,0.4130073192,1.0701941497,0.124672949
12906,0.5071010196,0.0159838654,3.4375411477,0.0,0.1541970811,0.11060158,-0.062206448,0.6641674581,0.1838980519,0.3474403518,0.04190312,-0.179156161,-5.933100543,0.1108177458,0.179156161,7,,0.2413793103,0.1978909796,0.3043409981,-0.244967608,0.1231794891,0.4179955751,,1.0334541192,,0,2.2634342228,2.435550849,,,0.9323042686,4.3159441333,0.4919965758,0.0,0.0,1,1.0,0,0.0,0.2801413905,4.0,-2.403203622,0.1090661028,0.3216223558,4.764037216,-0.3642766,-0.448488349,-0.553772912,-809.7168471,0.0273920116,14.081809262,-0.039905332,-0.163879917,-0.213711812,-0.013144562,0.1183403066,-1.930654306,0.0,-0.003511853,0.8089851347,-0.210991912,6.0,15.836875806,0.375220817,6.6512741739,0,-0.131022092,0.0570570752,0.0336008611,0.0598025772,0.4251920558,9.6349668115,9.527205e-10,5.0930961e-09,1.8442266585,3.4011719681,0.0459278094,0.0669449977
93065,0.4607988748,0.0302676945,15.711940313,0.0,0.4267234851,1.3387201209,0.0600938438,0.0625152037,0.4616755111,0.0086800675,0.1246899494,-0.075446189,-2.148062931,0.0952846071,0.0754461892,6,-0.001168506,0.0754716981,0.1408379541,0.1741848313,-0.066296141,0.4199808216,0.1494997261,0.0289229951,0.0112141889,0.3267674036,0,1.8334099633,-0.091392721,1.7174919539,-0.089709232,67.385315017,5.3386074999,0.2305280239,0.0,0.0,1,0.9637822986,0,0.0,0.8275327958,4.0,0.8036870353,0.0706515757,-0.048898605,0.1253604499,-1.4141887,1.2125076396,0.0626922795,-1623.629309,0.0772902197,13.445049455,0.0007066726,0.0245215876,0.0453907979,-0.019457842,0.0220366451,0.002595208,3.0,0.0060380864,0.7212073569,0.171284087,6.0,12.953391178,0.2445973115,0.7824643894,0,-0.066669752,0.0311986953,0.0203204511,0.026345516,0.5135185139,2.2128051972,6.5146754e-09,2.6547128e-08,1.459988271,2.1315657513,0.0470529384,0.0529163649
93399,0.6827871661,0.0871223659,0.0874381104,0.0588685671,0.441293723,1.5379380718,0.1757468354,-0.021626327,1.018958364,0.0029462117,-0.087059202,-0.024365575,-0.317450864,0.1147794362,0.0243655751,6,0.0,-0.008962868,-0.071998309,0.0034935769,-0.008351455,0.1683704314,0.1459043617,-0.067592163,0.0251845504,0.6700758574,0,3.69622127,0.3366226171,3.69622127,0.3366226171,4.3265090139,7.6226451488,0.3603535354,0.0,0.0,1,1.0,0,0.0,1.7382403927,5.0,0.3717173825,0.0283936425,-0.034035836,-0.995772003,-0.876263911,-4.164190039,1.3928779483,-1088.845141,0.1078503062,10.804616708,-0.022425994,-0.014355875,-0.023483912,-0.09184906,0.3377938986,0.0096877962,1.0,-0.066108869,-0.847839831,-0.033402087,5.0,6.9907279029,0.3006394193,0.0421965398,0,-0.157567212,0.0587745048,0.0214304459,0.0266272912,1.6915301557,0.073334043,1.25531e-05,1.9090925891,0.5446328463,0.2966249373,0.5042613913,0.050994149
12488,2.0579565986,-0.932458898,-4.460382696,0.0,0.64304119,0.9921688626,-0.410647405,-0.331447316,0.0152559141,0.0220940051,-0.333041894,-0.182011088,-0.659108031,-0.31786775,0.1820110883,5,-0.068402384,-0.271276596,-0.024652994,0.0315423081,-1.170810649,0.2391356658,0.0249807608,-0.281566204,-0.332756343,0.5355718588,0,2.1650039588,-0.209728905,1.2269200317,-0.305534952,2.9376039933,6.8931185944,-0.725993269,0.0,0.0,1,1.0,0,1.0,0.0178791054,5.0,45.532706439,0.1132409794,-0.391235527,10.351646243,-1.423924301,-0.044052376,-0.041940314,-5194.815136,0.0587429544,8.618074708,0.0,-0.085981308,-0.113052977,0.002801061,0.0983890181,-0.036965186,0.0,0.0815508902,0.5318625965,-0.133242756,2.0,7.1485284616,-0.140690291,1.9310657596,0,-0.090576468,0.4821428955,0.1426865586,0.1244032361,1.6732374248,45.413884828,6.3343501e-06,6.089184e-09,0.7566417958,0.5725068071,0.8393532729,0.1053495179
13750,0.4590649157,-0.022864826,1.9134979872,0.0,0.054986107,0.0037440289,-1.22899182,-0.184607293,0.0007889201,0.0054977235,-0.647699544,0.1338242395,3.349244713,-0.099444723,0.1338242395,4,-0.004200869,0.1666666667,-0.459081836,-0.202560097,-0.36866936,5.4279210926,-0.266355291,-0.003046108,-0.0015625,0.5127489787,0,12.10974106,-0.450729876,12.056103576,-0.447577974,0.0147426831,0.3169590643,0.0833945628,0.0,0.0,0,,0,0.0,0.0009615385,1.0,45.532706439,-0.040205139,-0.041956573,-8.36133776,0.748844281,-0.42660587,-8.856796707,-5474.984037,0.0248274717,9.5965247931,0.0,-0.06636793,-0.070301475,-0.000698121,0.4558652354,11.5,0.0,-0.157957456,-0.816371864,-0.182899686,3.0,7.8813710775,-0.26834751,0.0831301194,0,-0.245453587,0.1457108557,0.047183406,0.0534278252,1.692921988,0.1971240506,9.20286e-05,0.9545459852,1.8191922488,3.3094604381,-0.268373138,0.1087359488
13264,0.404296114,-2.701960927,-0.086648548,0.0,0.6630149186,0.2610219393,-9.195242815,-0.595176877,-0.823610891,-0.750120932,0.4348909657,-0.226840582,-0.175415542,-1.119824114,0.2268405824,4,-0.003857989,-0.456790123,0.1314475874,-0.428011872,-0.093765874,0.5222575517,0.0314328443,-0.092770787,-0.847404832,0.8254437152,0,1.8701646879,-0.698901509,1.8701646879,-0.698036668,0.3360098826,4.7140381282,-4.691061071,0.0,0.0,0,,0,1.0,-0.983556087,4.0,-94.83846547,0.0521644837,-0.564283516,-0.519875434,0.4370003432,0.3553637316,-2.360643596,-2733.213026,0.5166690304,9.0739330485,0.0,-0.307408739,-0.811535723,0.0629484131,0.503146495,0.5732387412,1.0,0.296624072,-0.582176542,-0.005154334,3.0,10.654606422,1.0339487552,10.383054178,0,-0.258361054,0.4821428955,0.1426865586,0.0880668068,1.3408725868,111.5503479,1.8202748e-07,7.998041e-10,1.9946480326,3.9786207739,0.2422044463,0.1356456422
90179,0.9458458306,-0.005671375,-3.41065239,0.0,0.3967203209,0.6198493615,0.034786336,-0.031628845,0.2347529262,0.0170538244,-0.127663553,-0.037532257,-9.02998776,0.0455410723,0.0375322573,12,0.0078269573,0.0,0.0077562249,0.0648976988,0.0101715754,0.5079178886,0.3517005915,-0.009418056,0.015250496,0.1653348672,0,2.547754141,0.1209332343,1.4458688294,0.0666174738,17.787549801,6.1130622304,0.0996378325,0.0,0.0,1,1.0,0,0.0,0.34339229,6.0,-10.05149917,0.0086674857,-0.082562152,0.9184876874,-0.995998394,0.1809489431,0.1187343148,-2537.877803,0.0318276958,13.164109468,-0.002288163,-0.000432761,-0.000610466,-0.006661215,0.0271380681,0.0378203557,3.0,0.0,-0.109242035,-0.075558894,4.0,12.407165353,0.4434462963,0.7094064027,0,-0.114580774,0.0465632007,0.0183291135,0.0307703051,0.4282801258,1.6197760933,1.1903495e-08,2.8869579e-08,0.778131141,0.6054880725,-0.08249737,0.0411710732
47730,0.6322915929,0.0339523327,-7.178190991,0.0225930495,0.7168900115,3.073784381,0.0413025832,-0.019654339,0.2374025263,0.0074518324,-0.066824606,-0.04200152,-1.685767098,0.091188058,0.0420015198,41,0.0,0.0169491525,-0.026824034,-0.019740367,-0.026286188,0.7702702703,0.121126362,0.000319212,0.0399463254,0.2913124477,0,1.6670186554,-0.053582161,1.6670186554,-0.053582161,88.248648649,6.5928119532,0.093897904,0.0,0.0,0,0.0,0,0.0,0.5268373245,5.0,-1.575887114,-0.151470695,-0.296082609,0.7463357625,-1.069626074,-1.432997297,0.178594884,-3166.120371,0.0278203388,14.466078663,-4.5602e-05,0.0099814504,0.0229069532,-0.013744105,0.025816355,-0.004159304,1.0,0.0,0.536433117,-0.016571125,4.0,14.430087436,0.239487372,1.12056243,0,-0.109363199,0.0157575905,0.0081525205,0.0146597215,0.3175688201,1.5182835665,9.380599e-10,2.2220803e-08,0.7798016659,0.6080906381,0.1177756195,0.0212375554
13777,0.334795658,0.0292837215,2.3023241055,0.0408451711,0.1489405818,0.3706329092,0.118899857,0.0232129249,0.4408931565,0.0130417833,0.0693222969,-0.014283239,-0.233267717,0.0361146684,0.014283239,33,0.0,0.0496083551,0.0225842685,0.0322836876,-0.041259529,1.6443066516,1.3234905123,0.0072702332,0.0039541919,0.5820782998,0,2.1806369427,-0.193430408,2.1806369427,-0.193430408,1.6528703867,5.2478192113,0.34905,0.0,0.0,0,,0,0.0,0.6250432152,3.0,-10.15001153,0.052809765,-2.391857794,4.1128184272,2.2166734092,-0.007166621,1.0306869463,-3956.861208,0.0288563477,12.446434189,0.0048554804,0.016252123,0.0230753566,0.0153084153,0.4699768074,-0.001802951,0.0,0.0,2.3939029325,0.0753325251,6.0,11.235345037,-0.250755637,0.3799607666,0,-0.109363199,0.0301074982,0.0136396374,0.0244835965,0.5470188773,1.6542514914,3.1289883e-08,5.638428e-08,0.9837620734,0.9677878171,0.1083148818,0.0300760288
38746,2.2669347833,-0.0870618,-6.605878838,0.0,1.103041916,1.2094885702,-0.026286914,-0.249902675,0.0354532085,0.1157894737,-0.570191297,-0.083700726,-3.779575893,0.2419948812,0.0837007263,41,-0.030697269,-0.507014028,-0.429909431,0.3111786195,0.0085873944,0.1148892977,0.289000557,-0.096010771,0.1767947441,0.467207772,0,52.71547421,3.1272324815,14.207800122,3.3261054212,4.1319502075,4.4198845983,-0.023474893,0.0,0.0,1,1.0,0,0.0,0.0623195168,5.0,3.0904761535,-0.1489624,-0.591735117,12.458314361,-2.324763747,-0.440534463,2.3928749905,-794.7838719,0.0796288203,10.464720582,-0.002783275,-0.005003664,-0.007335308,-0.088427701,0.0917019262,0.1833323681,2.0,-0.016326416,0.7706656961,-0.034468741,3.0,7.4304402584,0.0419194048,0.0626628614,0,-0.177668451,0.01624134,0.0102472361,0.0059054985,1.5546225128,0.2914397002,5.6538805e-06,2.0000005118,0.4463464246,0.1992251308,0.4921661491,0.0476401999
60871,0.2703976324,0.0371448224,4.0269779671,0.0261743079,0.1060288695,0.1830964421,0.262341536,0.0295185351,0.348876407,0.0027505985,-0.053560936,-0.030300532,-0.302664168,0.0483872292,0.0303005315,41,0.0063765868,0.0104166667,0.1990799969,0.0227786391,0.0306293043,0.3450342333,0.5126921008,0.0245104371,0.0662187517,0.556857872,0,3.6626307426,-0.318707248,3.2924539651,-0.32213646,1.1340949669,7.3631151037,0.4493352745,0.0,0.0,0,0.0,0,0.0,0.4973108918,7.0,45.073978354,0.0822701164,-0.109542264,8.564087277,-1.145432987,-0.368570338,0.3243146651,13552.056704,0.0587429544,16.704769197,-0.003153349,0.013498113,0.019013216,0.0087668066,0.4288943156,0.0098168169,0.0,0.00332668,1.0399109531,0.0168258881,6.0,16.801424286,0.0572221036,1.31627569,0,-0.130399472,0.0257223919,0.0101841322,0.0180679122,0.2952394488,1.9397365641,7.416612e-11,1.5926528e-08,1.1250218807,1.265674232,0.0175706246,0.0253971364
14198,0.5305829803,0.0334288944,3.0176793215,0.0051210179,0.0964097262,0.539450159,0.077850725,0.0221830837,0.4114874125,0.0049300897,-0.051119278,-0.008418175,-0.156178131,0.0386497566,0.0084181751,41,0.0127745687,-0.012352941,0.0439437501,-0.076554207,0.0008322459,0.219258883,0.134863779,0.0159015662,0.0367357291,0.5509811679,0,5.070118054,0.1463902976,3.4069353585,0.1563606307,4.3642245557,4.1656656464,0.5726848257,0.0,0.0,0,,0,0.0,0.4931796012,6.0,-0.786728155,0.0260463881,-0.120879877,0.8313011013,-1.247996747,-0.533409069,0.9726684273,-2110.357276,0.0352290716,13.83023364,-0.00210006,0.0021911875,0.0025893378,-0.003094655,0.2094301835,0.0053443224,0.0,-0.002624971,0.2103936134,-0.021910758,6.0,14.002835649,-0.006048596,1.3062378798,0,-0.077015,0.0346414298,0.0153136779,0.0249675407,0.4485375469,2.1338561419,2.2190749e-09,1.9111993e-08,0.3548580024,0.1259242019,-0.629791076,0.0347263736
14702,0.3913494952,0.0707852693,1.5079959718,0.0247774145,0.39556474,0.4965249933,0.152373586,0.1619857295,0.3289054198,-0.04995905,0.4502450057,0.0150270346,0.1554103123,0.0597845085,0.0150270346,41,0.0186784636,0.0367892977,0.0647045855,0.0233872203,-0.031562001,0.4159192825,-0.045049327,0.0276301807,-0.032409761,0.5022377842,0,2.4383886256,-0.011974869,1.9557661927,0.0224311041,1.9454179255,5.5543415756,0.2689023921,0.0,0.0,0,0.0,0,0.0,0.5376207422,3.0,-5.542576853,-0.046984489,0.0343884242,-0.080100429,-0.136450772,-0.297920695,0.0484161087,15412.833106,0.0400118084,17.096305096,-0.006148474,0.0255455029,0.0421210982,0.0053461641,0.3243402143,0.0013289054,1.0,0.0,-0.088487183,0.0292567464,4.0,17.627085993,0.3700279845,2.4441484934,0,-0.119685598,0.1381215453,0.0320093098,0.0194612962,0.5532128852,9.248749404,3.625947e-11,7.1310043e-09,1.4197571286,2.0157103043,-0.000374816,0.0289228444
15537,0.5858815922,0.0430064081,1.4729573751,0.0196305526,0.0998040173,0.8149908051,0.1427790148,-0.046611256,0.5007439331,-0.040999868,-0.046784141,0.0416431376,0.6801801802,0.0137543017,0.0416431376,35,0.0053055275,0.1184210526,0.2880073478,0.0620458093,0.0825866699,0.246210765,0.4614793807,0.029077523,-0.0465818,0.626000861,0,6.4706865921,-0.015775875,4.842303271,-0.039231708,3.8192547121,6.0782249742,0.6067030538,0.0,0.0,0,,0,1.0,0.5860629898,5.0,7.169005797,0.3042320308,-0.019784644,0.2202681856,0.4207921085,0.423374372,0.0060632588,-4342.608569,0.0410566741,11.582879392,-0.001235429,0.0174942968,0.0201746738,0.0163910316,0.2808735787,0.0112729481,1.0,0.0022222222,5.0171803415,0.0297943163,5.0,10.831952899,0.1097949451,0.3007046362,0,-0.119685598,0.0344827585,0.0175873838,0.0310560502,2.022837595,1.7186739324,2.7592558e-06,8.9846208e-08,0.4131922066,0.1707277996,0.6376587796,0.0354918299
68830,0.7981577176,0.197904781,-0.134160584,0.0,0.1459221628,1.305050392,0.3263555313,0.0679625492,0.3700346836,-0.024814815,-0.453673739,-0.114012534,-0.58126671,0.3129402418,0.1140125337,31,-0.00295655,0.0095238095,-0.140913179,0.1540014687,1.0939637793,0.0842748924,0.0077015184,0.0122467677,0.2531142469,0.5691083517,0,8.9862964667,0.9408612892,8.062739684,1.0019812534,4.1557187157,48.440700923,1.1393057902,0.0,0.0,0,,0,0.0,0.5594795206,7.0,47.720519689,-0.334845367,-0.199099431,-8.022244958,2.170618016,0.3455628664,-8.444411742,-5108.892467,0.0248274717,12.856556575,-0.022301213,0.0175260858,0.0230061681,-0.073929932,0.3228356502,0.0257761699,0.0,-0.001274813,1.6113221137,-0.147366373,5.0,13.892879496,-0.054515339,3.2831377331,0,-0.253901646,0.0385863595,0.0158036221,0.0254587413,0.3502187256,4.0365361293,3.5486674e-09,8.8792538e-09,1.7513758352,3.067317316,0.0095423727,0.0583088025
85631,0.1810241913,0.0066725752,3.9935526056,0.0,0.2198034364,0.2049247357,0.055932673,0.0693797606,0.4951686616,0.0013233348,0.1547460896,-0.131730607,-7.656479218,0.0577610084,0.1317306074,30,,0.1609210526,0.1047979243,0.021720275,-0.035326714,0.9108040201,-0.072105052,,-0.0187044,,0,1.9079351475,-0.278888003,,,1.2397354915,5.4743952931,0.0902130029,0.0,0.0,0,0.0,0,0.0,1.0061021446,5.0,-10.19438773,0.1190516361,-2.280545096,3.9590469606,-0.638686679,0.0095876642,1.0523332864,8024.7134416,0.0288563477,16.387413011,0.0043067049,-0.008199483,-0.02302718,-0.001464993,0.437605364,-0.003758172,1.0,0.0012683457,0.270217742,-0.010879673,6.0,16.860841204,-0.254042962,1.8265333072,0,-0.109363199,0.0263342708,0.01652823,0.0244970403,0.2947917951,3.5073194014,1.136228e-10,1.0093486e-08,1.5028404805,2.2585295098,-0.007657499,0.0343937897
85914,0.4037448903,0.1007139406,-0.320315914,0.0202882818,0.8289905094,3.2605936193,0.1277395116,0.0887033469,0.6924284593,0.0136034215,0.0231444533,-0.047080529,-0.552969502,0.1564056782,0.0470805289,30,-0.013803,-0.107142857,-0.048832822,-0.027426095,0.0055474744,0.28583878,0.0371636178,-0.00834939,0.2531359759,0.5928947955,0,1.5081651022,0.0695961564,0.8428700013,0.2267726227,9.9064341847,31.51484375,0.1875739645,0.0,0.0,1,0.0506329114,0,0.0,2.4116909182,7.0,-0.097013556,0.0380981074,-0.395732346,-0.099764841,-0.107135274,-0.488797991,0.1117167208,9970.4686959,0.3094931693,16.159773791,0.0007613247,0.0095090668,0.0279099957,-0.017631646,0.2326194399,0.0183692146,0.0,0.0019982872,3.0534224716,-0.006093993,3.0,16.942775873,0.1148447209,3.1374632201,0,-0.287894832,0.0497545153,0.0272022658,0.0292043337,0.5616465068,18.623250044,1.079016e-10,5.1968956e-09,1.1077947299,1.2272091636,0.1042793942,0.049722215
49373,0.2201921455,0.058472552,1.6993130972,0.0264237927,0.3222452151,0.3698391556,0.4032650472,-0.037947779,0.3315400842,0.0038179909,-0.14488744,-0.03037567,-0.28734612,0.0752744129,0.0303756704,41,0.0,0.1204545455,0.017975429,0.1414189468,-0.013894173,0.5132006153,0.3535908171,0.0168794099,0.177572309,0.6257387585,0,1.5712709812,0.1671564046,1.5712709812,0.1671564046,1.2126491903,18.329272939,0.2222024036,0.0,0.0,1,0.0146527396,0,0.0,0.9706388941,6.0,0.0312443516,0.0465180821,0.1341035787,-0.006718265,-0.120457228,0.5139568737,-0.015762552,5303.0052811,0.1781425674,15.382732233,-0.00254101,-0.039232073,-0.085369411,-0.000706709,0.1771162633,0.0498149685,0.0,-0.001073537,2.0150855196,-0.064152162,3.0,16.84954649,-0.580446258,4.2376264264,0,0.1227964017,0.0230230726,0.0142542149,0.022367842,0.2902310404,4.3897652117,1.881757e-10,6.5763428e-09,0.5974241399,0.3569156029,0.1892554293,0.0367557295
18570,0.3773611175,0.0164384382,66.854064171,0.0292223454,0.6480794436,1.3398523812,0.0452744953,-0.033444224,0.2532462305,-0.002386737,-0.044134707,-0.082395046,-5.228780282,0.1023914199,0.0823950463,41,-0.000593078,-0.061763853,0.0155342057,0.1748977638,-0.047888378,0.0963032095,0.0610830542,-0.017680162,-0.014515493,0.4845001922,0,0.8112442192,3.1272324815,0.6504258877,3.2067220781,212.20352312,27.080205532,0.1447244264,0.0,0.0,1,0.9931724787,0,0.0,0.6716936212,5.0,24.38597174,0.0070215303,-0.148311046,0.1829649346,-0.907519194,0.4360047617,0.1057273995,-9950.535675,0.0457936334,13.689221201,0.0023737336,0.0037391522,0.010160767,-0.161087386,0.0055746658,-0.335463154,0.0,0.000462214,2.6320147249,-0.019389464,5.0,14.247280423,0.2470334249,2.4187718321,0,0.0754917078,0.0139437485,0.0126061275,0.021345813,0.5441877183,9.530172201,8.723648e-10,7.9519335e-09,0.7891937931,0.6228268431,0.0287156745,0.036307309
18973,0.4868810346,0.0040611529,3.0126419313,0.0339464995,0.3936957187,0.9707423012,0.0989587782,-0.152168243,0.4769136891,0.0015026443,-0.087170493,-0.076359709,-18.04283966,0.0773358837,0.0763597089,32,-0.007569838,-0.088888889,-0.043511445,0.0705455662,-0.04251006,0.3547934613,0.0673795572,-0.037857801,-0.198325958,0.3233500603,0,1.9526301452,0.2289973908,1.4531869035,0.2101842174,10.234173567,7.4449506309,0.0890943746,0.0,0.0,0,0.0,0,1.0,0.8003726762,6.0,-0.281984063,0.0775153143,-0.0914929,-0.151606852,-0.551938696,5.8755425586,0.4856151449,-704.5734953,0.1390319872,14.211165034,-0.000341122,0.0175962487,0.0318247097,-0.023609677,0.1054584597,0.0114050755,1.0,0.003956044,2.319832438,0.1828791469,4.0,13.709087369,0.1634690443,1.0536269726,0,-0.072138456,0.1371059865,0.0313840408,0.0246621315,0.7064788559,4.2925526238,2.2622415e-09,1.9070744e-08,1.3404958002,1.7969289904,0.0264124884,0.0334411381
19271,0.4313912959,0.1868858014,1.3503937008,0.0,0.4799462652,1.5787384422,0.1150734236,0.2943825633,0.8580686194,-0.0036212,0.2044281115,0.1196002337,0.5169019557,0.0902841652,0.1196002337,41,-0.019703622,0.0410677618,-0.022136266,-0.423094579,0.2589183876,0.2979970689,0.2913909059,-0.022810094,0.4116831683,0.4342212557,0,2.8679895855,0.2804397948,1.4622475547,0.9195913629,22.329339267,8.9231821602,0.5095408016,0.0,0.0,1,1.0,0,0.0,1.976990099,6.0,-7.742540932,-0.165040644,-0.15070777,0.2588438553,-1.265220043,-0.807230687,0.0515910691,-11378.88513,0.0443391772,11.659030292,-0.090959279,0.1062361527,0.3674609585,0.0093793871,0.0775809407,0.0197955254,1.0,0.1432081135,-0.808524236,0.0385789019,3.0,8.2486023699,0.0638657019,0.051081488,0,0.0754917078,0.0460065119,0.0197386884,0.0301848355,1.0374659856,0.2347278811,1.2557285e-06,2.0000005278,-0.063012655,0.1624133419,0.7253766394,0.0590806145
29938,0.1011629706,0.0363230823,41.583786486,0.0135946039,0.1215017725,0.1664276902,0.2796233325,0.0219351694,0.544479649,-0.022276358,0.1047802994,0.0183220829,0.1111111111,0.0322871843,0.0183220829,41,0.0171166827,0.0476190476,0.047810097,0.0232055275,0.0020019331,0.0870307167,-0.08443686,0.0382646844,-0.0625,0.3867507751,1,2.3528183716,-0.393692647,1.3580375783,-0.411691829,8.4702702703,5.3756432247,0.3372333104,0.0,0.0,0,0.0,0,0.0,1.0861220472,6.0,24.394936272,-0.019659444,-0.038928145,-0.093233212,-0.352358268,0.3088440418,0.035623164,7873.496185,0.0457936334,15.999203019,0.0004713646,0.0461467467,0.1171646163,-0.0011694,0.0451493401,-0.010660565,2.0,-0.000113016,0.1125414636,-0.022844912,5.0,11.960800993,-0.178864125,0.0241694464,0,0.0754917078,0.0166011266,0.0104614056,0.0140058362,0.5991392369,0.0718395936,8.0721294e-09,7.8200745e-07,0.7150561126,0.5113052442,-0.108047074,0.0214905373
10866,0.4354734756,0.0667005185,3.1933812213,0.0098517109,0.5435790353,2.0704203223,0.1126194256,0.0586469672,0.9498104668,0.0086218821,0.004685726,-0.030396224,-0.434061557,0.0956526494,0.0303962235,40,-0.003742686,-0.017857143,0.0233161024,-0.015507534,-0.002656371,0.3446905698,-0.105644812,0.0049834566,0.1346992547,0.4484160544,0,1.9917649459,-0.027789792,0.6240332626,-0.014723866,36.580359302,18.735222123,0.1996168437,0.0,0.0,0,0.0,0,0.0,2.2472671434,5.0,0.0127927545,0.0528467173,-0.041234034,-0.071158434,-0.10104415,-0.326405714,0.0045317511,-2576.345098,0.0893035129,13.881203818,-0.002083712,0.0238064047,0.0597929075,-0.000477767,0.0684750965,0.017449997,1.0,0.0006544503,1.0327256807,0.028452435,3.0,14.087412092,-0.037697845,1.857114327,0,-0.1429665,0.1708103567,0.0432576731,0.0318936115,0.638873443,12.817094442,1.6393272e-09,8.2663753e-09,1.041316302,1.0843396409,0.1631988107,0.0380755558
25320,0.0902780958,0.0452044668,38.533992095,0.0258404694,0.4391571428,0.5287156305,0.1557397959,-0.002958215,0.3809934673,-0.009584665,0.0311827957,-0.060609801,-0.710564399,0.0773251516,0.0606098013,41,-0.002839156,-0.041237113,-0.022496372,0.0118319867,-0.012772043,0.12910098,-0.018832552,-0.00357451,-0.145510836,0.3108444802,0,0.7455452602,0.0611594203,0.391660727,0.0799574844,31.944664032,12.491499227,0.1503440974,0.0,0.0,1,0.0039184953,0,0.0,1.8452012384,4.0,-7.897121287,0.0421110774,-0.233012645,-0.082269345,-0.53225485,0.3905312867,0.0386320556,3824.5868682,0.0443391772,16.745371887,-0.002772086,0.023983187,0.1405797101,-0.003302657,0.0316714836,-0.015819673,1.0,0.003937783,0.7804397671,0.0739821494,8.0,16.91636362,0.0775668091,1.4177911984,0,0.0754917078,0.0168614071,0.0185516053,0.0178563994,0.4656942478,5.3386669582,8.053875e-11,1.2500098e-08,0.4174956447,0.1743026133,0.2936499365,0.0232825502
21742,0.2738812431,0.0565230599,32.218773408,0.009719145,0.4990331424,2.2068163704,0.1329312834,0.071625979,0.6246691796,0.0098423663,-0.004293175,-0.067459419,-0.891633634,0.1069209212,0.0674594191,32,-0.003142304,0.0678005983,-0.019743392,-0.111563615,0.1979480968,0.0773070135,0.0485397321,0.1543965923,0.2445241047,0.5128617924,0,0.8365831801,-0.160558472,0.2957858417,-0.374099706,145.28369832,147.81229773,0.210702339,0.0,0.0,1,0.0110289951,0,0.0,1.9867261796,6.0,-0.078698108,-0.385950195,-0.01088579,-0.474846316,-0.383579224,-1.434211754,0.1957446233,-3450.446445,0.1057354468,15.361991998,0.0063141469,0.0309402617,0.0844458976,-0.054451697,0.0249276554,0.007665087,3.0,0.0058369422,1.4462835036,0.0659486098,5.0,15.990269552,-0.301357441,2.3654188493,0,-0.146202844,0.051380951,0.0196357808,0.0232413351,0.2803022042,2.6492911413,3.672105e-10,1.0518916e-08,0.4314109935,0.1861154453,-0.274547872,0.0283357512
11267,0.32117676,0.0511097805,2.2082329918,0.0286255995,0.1926732792,0.8337072812,0.2434506483,0.0190310897,0.6472329533,-0.045243143,0.108211983,-0.094519066,-0.941406896,0.0992248803,0.0945190658,35,-0.022091013,0.0,0.0726941316,0.026829355,0.034987634,0.1629370991,0.0536151141,-0.001507745,-0.027897594,0.7192477502,0,2.3437269534,-0.070736301,1.6343494876,-0.02160636,3.786938337,24.057577457,0.380410658,0.0,0.0,0,,0,0.0,0.987673513,6.0,0.0043880792,0.0537749914,-0.023376891,-0.185455149,-0.207153693,0.1395071355,0.0081039821,-2634.698778,0.0893035129,13.798559253,-0.00072276,0.0133444765,0.0202070009,0.0089767101,0.4277325968,0.0349994528,0.0,0.0026483051,0.573162039,0.018043058,4.0,13.668819346,-0.091870808,0.876994544,0,-0.1429665,0.048850596,0.0227949054,0.0298898377,0.3065433493,1.2161045358,4.7933194e-09,2.3466839e-08,0.9514315292,0.9052219548,0.0218790572,0.0353697359
86474,0.6710154213,0.0238675995,0.9279973667,0.0606104711,0.1496432328,0.8347044056,0.042868151,0.1110269041,0.4224396293,0.0554748062,0.8534509928,0.0251301382,0.8208955224,0.0042747939,0.0251301382,29,0.0544703905,0.5804195804,0.4191650443,-0.220044181,-0.308888901,1.0814332248,0.5143718637,0.083812739,0.0199180074,0.4565004031,0,4.5074524192,-0.545774026,2.9188259573,-0.620777398,4.3191573404,8.2422110553,0.4272144908,0.0,0.0,0,,0,0.0,0.4742806312,3.0,45.06157955,0.294779496,0.4604606494,8.9647050659,-0.632421389,0.3784270636,0.2802022298,-5169.750476,0.0587429544,9.9323446196,-0.006614076,0.0098650675,0.0125361988,0.0692109494,0.235489272,-0.011174808,1.0,0.0019083901,-0.105875772,-0.016621351,3.0,9.7744456892,-0.649735685,0.557592907,0,-0.130399472,0.029661091,0.0278828836,0.0459280746,0.8039583696,1.0236554085,1.1464122e-06,7.1098995e-08,0.7629184588,0.5820445747,-0.47163168,0.0601152636
22825,0.1780956985,0.0210022871,56.043395965,0.0018193544,0.0776961553,0.2474584749,0.1512897625,0.0893153904,0.5211370058,0.0039090777,0.0380283091,-0.019848667,-0.231831168,0.0258712719,0.0198486666,36,0.0220340375,0.0951760104,0.1560207796,0.0342047892,0.0473515313,0.3830607122,0.0692679564,0.0540450811,0.1133126715,0.2645693054,0,2.6670961713,0.08205912,1.6465082691,0.0510612582,17.81223203,8.0940333787,0.4129234533,0.0,0.0,1,1.0,0,1.0,0.7583190507,8.0,-0.785724728,0.0713033176,-0.013350925,0.4788138195,-0.87392142,0.7328643523,0.9598899426,-828.6884556,0.0352290716,14.834429155,0.0026900532,0.0244062387,0.0350537217,0.0068628277,0.0459388309,0.0196599051,3.0,0.0005060729,0.5237179798,-0.004334579,6.0,14.654185032,-0.367950031,0.9547423785,0,-0.077015,0.0353740938,0.0207470924,0.0255299496,0.2549557352,1.1573487116,1.3343841e-09,2.2306117e-08,0.9804622926,0.9613063072,0.0322124838,0.0311525102
26201,0.8636855109,0.0500147473,-0.060376939,0.0422365881,0.1559246594,0.6611736582,0.1060837844,5.27591e-05,0.3068658568,-0.001670895,-0.057964044,0.0032055577,0.0653473865,0.0467464143,0.0032055577,40,0.0015531866,-0.085126286,-0.114823563,-0.376597754,0.0342084861,0.8286271958,0.1809498464,0.0063205389,0.0112968445,0.5120410381,0,4.674697297,0.0638310046,3.709964717,0.0699011149,2.0356601061,4.4370659158,0.4816894809,0.0,0.0,0,,0,1.0,0.3651319519,4.0,45.093978895,0.0691825512,-0.205085217,9.1573751555,-1.329819415,0.4547645739,0.3226738501,-4744.287696,0.0587429544,12.828206669,-0.004362382,0.003036653,0.0035848723,-0.031462798,0.3283468615,-0.003722323,0.0,-0.004966887,0.8075002157,-0.087632532,3.0,12.93470572,0.3248912831,0.732772917,0,-0.130399472,0.029385969,0.0133126242,0.0304566953,0.381658717,1.7920705505,8.2768621e-09,2.4678103e-08,1.4479486835,2.0965553899,-0.003090097,0.038765379
65541,0.3627234431,0.0276747195,243.47172044,0.0003951531,0.2429533142,0.2443612339,0.0811153933,0.0005091581,0.2872225985,0.0025964315,-0.044491149,-0.042033423,-0.921011384,0.0531634512,0.0420334232,33,0.0085700671,0.0782241015,0.0461550284,0.0221286783,0.0141678207,0.1979149972,0.3423251258,0.0365676463,0.0379905194,0.2164907466,0,1.4790221585,-0.173846726,0.741649273,-0.200415565,109.40338488,6.3518758085,0.2160068654,0.0,0.0,0,0.0,0,0.0,0.4888298199,6.0,-0.825917612,-0.032046858,-0.030302834,0.6634415641,-0.795418489,-0.752678845,0.9871821219,4242.1965044,0.0352290716,15.879652987,-0.0009434,0.008293384,0.0136476344,-0.001694426,0.003682456,-0.045441844,0.0,-0.000787608,3.963000097,-0.122112785,6.0,16.149805974,0.308760824,1.7530892228,0,-0.077015,0.0279540978,0.0094975857,0.0177606482,0.3509639226,2.6339628108,1.376377e-10,1.3561202e-08,0.6952673997,0.4833967571,-0.036269372,0.0276022752
27562,0.1478061993,0.0450070959,9.2878515756,0.0470610734,0.2850140943,0.780479604,0.1971378284,0.1005133189,0.3315166089,0.0065068637,0.1486630803,-0.113115831,-1.038126209,0.0917301417,0.1131158308,34,-0.008222158,0.0,0.0591006295,0.3561368876,0.112085297,0.0687702112,0.0610301832,0.0360070323,0.0182108463,0.5870061159,0,1.0251632029,0.0711549657,0.6816842493,0.4297507624,10.707215912,147.81229773,0.2434069327,0.0,0.0,0,,0,0.0,0.8674071818,7.0,-0.01612881,-0.027012814,-2.727180435,-0.158747823,-0.416259995,0.4600044418,0.0261060013,-931.3332554,0.0775320588,15.103843093,0.0027422233,0.0259261468,0.0759194305,0.0058372032,0.0868097387,-0.009697611,0.0,0.0008002328,1.7628045027,-0.047492334,6.0,15.824343425,0.2982126329,2.6469523571,0,-0.159423938,0.0231840666,0.0117197754,0.0194103368,0.3882932125,6.2187414856,2.265344e-10,7.5428518e-09,0.3452450336,0.1191941332,-0.171798085,0.0272656155
27909,0.3780996808,0.0477140034,3.6369692164,0.0239947205,0.164442509,0.9819694508,0.170063583,0.0648274148,0.3819305931,-0.002530612,0.0559045354,-0.066445383,-0.732532679,0.0826660702,0.0664453827,32,0.0108936723,0.0179948586,0.0801080923,0.0275109256,0.0509459339,0.1635068463,-0.056603382,0.0519402243,0.0687553694,0.6009800429,0,2.7502670816,-0.050750976,1.7635979377,-0.04599783,7.8070427144,10.703499206,0.4147055334,0.0,0.0,0,,0,0.0,0.5479578322,6.0,-2.241791317,-0.044211714,-0.061991818,9.1590057435,0.7277581166,-0.282410943,-1.009831222,-1023.33815,0.4540382957,12.72710351,0.0031022201,0.0221931807,0.0317540535,0.0080000324,0.2159062119,-0.006815839,0.0,0.0003332223,0.9472938568,0.0123918115,4.0,12.252479773,-0.106542412,0.6021198532,0,-0.088007022,0.0393491872,0.0143955073,0.0271021513,0.4244512633,1.3167863197,1.15302e-08,3.3385355e-08,0.6531916832,0.426659375,0.0723188435,0.0362104016
63546,0.0431612638,-0.635632611,-0.767828746,0.1174149381,0.6902482105,4.6909653515,-0.65338548,-0.171288959,0.5701267829,0.151389465,-0.255772329,-0.180255651,-0.325933664,-0.428458545,0.180255651,40,-0.029175995,-0.222222222,-0.070429948,0.336886459,-0.234736638,1.0495867769,-0.233801653,-0.022847332,-0.869017632,0.4919016733,0,1.1701432521,0.0041895058,0.6451369691,-0.123448064,86.415902141,13.016121603,-0.759774243,1.0,0.0,0,,0,0.0,1.6705289673,3.0,7.0845945166,0.2310276083,-0.360427919,-0.322452143,,0.0744744517,-0.436149588,-4444.987099,0.0410566741,7.0995689368,-0.027544216,0.0029594555,0.0073746313,-0.190460455,0.0890846087,0.0033049458,2.0,0.3504013438,-0.61072116,-0.069683288,2.0,7.1296809499,0.2279326326,0.3333333333,0,-0.119685598,0.1516853571,0.0625876033,0.0630298863,1.4970118176,7.2411743414,7.05442e-05,1.3296413e-08,0.9240166492,0.853806768,-0.561708131,0.1013493058
49154,0.2970113036,0.0519668988,8.3380780724,0.027012602,0.5815666784,1.5409278306,0.1215237026,-0.070679864,0.4789800911,0.0115067835,-0.03230704,-0.046302221,-0.812576562,0.0941939828,0.0463022209,41,0.0005584187,-0.051912568,0.000303047,0.1673409089,-0.004781494,0.0820171046,0.1576845284,-0.105312774,-0.137637853,0.5242945126,0,1.20032379,0.325199781,0.4513462849,1.054453681,32.858823529,64.721925134,0.1642950708,0.0,0.0,1,0.0621015348,0,0.0,1.2780481794,4.0,0.0137819834,0.1179969521,-0.079808481,-0.054193308,-0.482930612,0.0801911334,0.0235861503,24883.930979,0.3313016233,17.517561234,0.0003874217,0.0117862626,0.0341414431,0.0075402371,0.0474146201,0.0764539909,0.0,0.0,1.6275376892,-0.023597271,3.0,17.954841201,0.0355242295,2.1514143085,0,-0.126567877,0.0238593221,0.0232464158,0.0205138246,0.5237840362,11.684837867,2.182666e-11,6.8883373e-09,0.6176871443,0.3815374082,-0.127291381,0.0244797928
19350,0.2729946166,0.0785374672,-2.234750012,0.0323663428,2.0723365698,1.1466389243,0.0449952719,-0.055249411,0.1402413575,-0.083405691,-0.02067881,-0.030185104,-0.927989691,0.1514194271,0.0301851045,41,-0.006584286,-0.040974121,-0.202997363,-0.118315386,-0.020748948,0.1361715541,-0.000126621,0.0077914583,-0.2559089,0.6180891702,0,25.845786865,0.0543368212,23.480855019,0.0554687641,6.7242296187,0.8408206401,0.064225229,0.0,0.0,0,,0,0.0,0.8734689824,4.0,-5.587445766,-0.118920847,-0.043374994,-0.198455307,0.034156318,0.2277783818,0.1400510273,20661.219106,0.0400118084,17.06822237,-0.005093224,0.0059593906,0.0454739677,-0.091067027,0.0726898094,0.0952390275,0.0,0.0042307692,1.9724658477,0.0711306445,6.0,17.800271786,0.1888809725,2.2092636965,0,-0.119685598,0.040084336,0.0187537831,0.0202269597,0.5389313966,7.8487844908,4.50567e-11,8.9509735e-09,0.7918593239,0.6270411889,-0.004905652,0.021972391
49429,0.4315222394,0.070917683,3.2353458299,0.0021801888,0.4596306903,1.4489278053,0.1480289962,0.0294593159,0.6190287747,-0.062710476,0.0448176428,-0.068055581,-0.842951548,0.1306978536,0.0680555809,41,0.0070941914,0.0,0.01320307,-0.819157501,0.0027859935,0.123539613,0.0319708874,0.0013340776,0.0135895195,0.5488995852,0,2.1330542638,1.42138e-05,0.5805350138,0.4351542462,16.49273166,119.9810476,0.2767823862,0.0,0.0,1,0.0072121008,0,0.0,1.2264269046,6.0,0.0077842899,-0.008544314,-0.027895912,0.0803176273,0.599955985,0.5959577189,0.0600900211,-14806.59816,0.3313016233,14.44050238,-0.001179692,0.0114293396,0.0234818712,-0.007834898,0.0228551938,-0.003386977,1.0,-0.002905677,5.2178078535,-0.143241898,5.0,15.767438584,0.142240472,4.3352006552,0,-0.126567877,0.0580702871,0.0277473426,0.0393898542,0.5204288383,18.601409642,4.477448e-10,3.5626083e-09,0.9870333684,0.9742348703,-0.078734481,0.0386005715
93096,0.2806031882,0.0523532774,20.289776052,0.0,0.270972715,0.9292566319,0.1675259231,0.0328115217,0.5653732166,-0.042929054,0.0089171177,-0.022578599,-0.234101629,0.064609265,0.0225785986,39,0.0207796365,0.0487077535,0.0802906531,,-0.014132604,0.1614782085,0.0266623609,0.0487847094,0.056985191,0.2881265277,0,1.7771987282,0.0045624921,0.3773571996,0.0477254585,32.612690424,,0.2563064256,0.0,0.0,1,0.0022258619,0,0.0,1.1209845705,7.0,0.004982586,0.0576725921,0.0208118411,-0.070601424,-0.305629241,0.2788813173,-0.005998568,-1893.065741,0.3313016233,17.05464548,0.0011791451,0.0226276541,0.0467473861,0.0173693657,0.0161684322,0.0031723028,0.0,0.0,0.3839764146,0.0514372024,4.0,17.547234039,0.4762582492,2.1986682078,0,-0.126567877,0.046119161,0.0185456543,0.0227432815,0.3573072939,3.9383741559,6.34428e-11,9.7079764e-09,0.6316701309,0.3990071542,-0.177867931,0.0306024666
61313,0.17131459,0.0460168781,14.271543189,0.0201043991,0.2279457471,0.5243154837,0.182411332,-0.068408282,0.4588302887,-0.041365754,0.0967680503,-0.002522425,-0.022737866,0.0470632037,0.002522425,41,0.0061855917,0.0,-0.041339966,-0.01153971,-0.017234709,0.1578756128,0.0616989807,0.0208745729,-0.227149987,0.5211256462,0,1.8384402307,-0.085368944,1.3658523099,-0.143354277,10.908749218,5.1545083223,0.286591662,0.0,0.0,1,0.0012563653,0,0.0,0.8739100813,4.0,-4.446292415,-0.044088143,-0.064988219,-0.179401114,-13.45915662,0.0952991195,-0.042982574,-4992.867361,0.0604618429,15.309504551,-0.00347594,0.021276196,0.0496922308,-0.014604417,0.1154380312,0.0076951085,0.0,0.0,1.1172777835,0.0232661449,7.0,15.406379767,0.1904666853,1.2791695148,0,-0.128625976,0.0208073966,0.010464148,0.0178416707,0.3179652657,1.5102028273,4.80954e-10,2.1398584e-08,1.1204694948,1.2554518887,0.1031968861,0.0216256699
30737,0.742977902,-0.115893003,-2.978094488,0.0,0.6840036334,2.3506017822,0.060900928,-0.066617581,0.8548562648,0.0086526576,0.0082966597,-0.22124348,-2.821368243,0.2110838345,0.2212434804,33,-0.021160692,0.0,0.0025675281,0.2228318453,0.0013422464,0.1809401709,0.0862278586,0.042000128,-0.126373943,0.4109541791,0,1.3235335098,-0.094477236,0.6417723283,0.0948594337,18.909055118,67.837570621,-0.018033552,0.0,0.0,1,1.0,0,0.0,1.533291132,5.0,-0.05865623,-0.039428395,-0.031953442,0.1028114857,-0.344654035,-0.924245902,0.2494774815,-1386.370849,0.0944688312,14.153102182,-0.007670182,-0.006207772,-0.011922798,0.1831080698,0.0557402463,0.2589772965,1.0,0.0975975976,1.0836378397,0.0026696236,3.0,15.316976442,-0.129330247,3.3602990544,0,-0.1429665,0.0457227044,0.0298361259,0.0517646984,0.3098295144,5.1971176383,1.2941485e-09,6.7211843e-09,1.5367293307,2.3615370358,0.2136218201,0.0489689922
12008,0.2300002578,0.0382384498,64.267552257,0.0,0.3862045338,0.9170589141,0.1091699531,0.1208475412,0.3539081819,-0.017916507,0.1708009128,-0.044785001,-0.682794934,0.0643474696,0.0447850007,32,0.0340041179,0.0535309668,0.1163169652,-0.039691051,0.1563051473,0.4147622256,-0.08164583,0.0900001155,0.0459155266,0.404246422,0,3.0727890256,-0.003028757,1.6463852499,-0.007681169,94.993282916,6.3627931562,0.2284463651,0.0,0.0,1,0.4627846413,0,0.0,0.8290468394,5.0,-0.018004709,0.0689876021,-0.022388732,-0.43586277,0.060051809,0.513037674,-0.092383787,1416.6096334,0.1581246918,14.794166337,0.0040383249,0.0226836534,0.0607728707,0.0602685096,0.0142326191,0.0346878924,0.0,0.0031541595,1.2259193374,0.0604709139,6.0,15.842146008,-0.546036921,4.3144999202,0,0.1227964017,0.1348594427,0.0334415377,0.0352055799,0.6362170188,23.267887841,3.697711e-10,4.2008953e-09,1.5284156882,2.3360545159,-0.007647744,0.0485439968
31500,0.1482159725,0.0550343183,4.8371896756,0.0283701589,0.3358952832,0.3354080254,0.3265415496,0.1378350248,0.2658694275,-0.020082698,0.2834918672,0.0052467499,0.0452976348,0.0525413938,0.0052467499,37,0.0,0.0498930862,-0.032221743,-0.039783027,-0.05222963,0.4693278152,0.0554327139,0.0035982207,-0.053336813,0.371632732,0,12.506168677,0.391632848,12.506168677,0.391632848,2.2340408938,7.475582281,0.2010540076,0.0,0.0,0,0.0,0,0.0,0.7032843083,3.0,-0.026179992,0.1285861603,-0.015567522,-0.321235078,-1.877984532,-0.5866093,-0.031285894,-2262.993546,0.0567968909,15.232366391,-0.004734727,0.0382576981,0.100575614,-0.006434001,0.2968441335,-0.001224945,0.0,-0.001384658,0.6495562366,-0.038549366,4.0,15.62293296,0.1324193593,1.5328954522,0,-0.146194979,0.0286633391,0.0144474672,0.0212558744,0.3273589056,2.3249686253,4.640966e-10,1.4691415e-08,1.3526040904,1.8295378254,-0.001683296,0.027138733
33209,0.3083235639,-0.016535684,3.8856369761,0.0,0.1866180366,0.7062871782,-0.230804415,0.0618372638,0.7237273137,0.0412079839,-0.060922763,0.0213094387,0.6192560175,-0.026775505,0.0213094387,36,-0.019487218,0.0168421053,0.017217839,-0.487112554,0.0039431687,0.4767237041,-0.072003467,0.0089425719,0.1530717185,0.5822071673,0,1.940312213,0.1891175962,1.6316053093,0.2710799022,5.3895300679,5.2027826643,0.0564893237,0.0,0.0,1,0.3664921466,0,0.0,1.2549661705,4.0,-19.32577007,-0.037284012,-0.359478228,1.4403654606,0.6808914545,0.2550831833,0.1041180345,-2840.572997,0.2158277373,12.554868471,-0.000574905,0.0648302483,0.1040698493,0.0020597902,0.4118769826,0.0007511789,0.0,0.0,-0.270469091,-0.020025022,3.0,11.749429293,-0.520779704,0.8090060881,0,-0.099957377,0.1475095749,0.0389134336,0.0470820088,0.5287556756,3.2777800932,1.3994636e-08,1.7017238e-08,0.6677667032,0.4459123699,-2.377457651,0.0594696488
77462,0.2471976856,0.0701419986,3.3113741218,0.0193511018,0.7392488615,1.291835432,0.1486599228,-0.007996672,0.5196450032,-0.066754354,0.0453688658,-0.054901961,-0.775229358,0.124518135,0.0549019608,38,-0.001902773,-0.032463768,0.0062296373,0.0381931076,-0.003017073,0.1328205128,0.0326143791,-0.029721734,-0.139382301,0.4555431713,0,1.5677384393,0.0332493443,0.5713511561,0.0448919577,12.310556286,66.285377358,0.1628320834,0.0,0.0,1,0.0039917412,0,0.0,1.7337173948,6.0,0.0083016724,-0.011869916,-0.060359681,-0.104006927,0.2683717672,0.2550956392,0.0539103025,-486.3544408,0.3313016233,16.142003928,-0.002140468,0.0058659773,0.024360033,-0.020029351,0.0214615594,-0.008087135,0.0,0.0007846214,3.5179336538,-0.113675336,3.0,17.276672132,0.2746007339,3.7703972719,0,-0.126567877,0.0364270359,0.0364951324,0.0301840444,0.5468678936,23.072732438,5.795895e-11,3.2765769e-09,0.7977574782,0.6364169941,-0.113047305,0.0333005304
62228,0.7971364559,0.0245366259,0.1819730552,0.0,0.2258741412,0.6647637034,0.026906867,-0.013694846,0.2214028009,0.01493408,-0.163908083,0.007956643,0.3340410474,0.0163403857,0.007956643,35,-0.025184798,0.0,0.0700768693,-0.174037542,-0.095896391,0.228677282,0.0709719376,-0.003381857,0.0392094718,0.5286111861,0,10.011856287,0.1049710958,5.4323353293,0.1295669709,4.1592785745,3.38509152,0.2004901103,0.0,0.0,1,1.0,0,0.0,0.2978063523,5.0,-10.05438124,0.0187968844,-0.082562152,0.7697783128,-1.295638999,1.374862602,0.0895336282,-2998.930143,0.0318276958,11.368675958,-0.003869688,-0.000579238,-0.000737984,-0.033976142,0.1204248407,0.0144019946,0.0,-0.014245014,9.7846655735,-0.025127789,3.0,9.9938276861,0.121275915,0.3030579992,0,-0.077015,0.0272727739,0.0126242513,0.017342929,0.9875308006,0.2072281476,9.4181613e-07,1.0000003705,0.3172678522,0.10065889,0.0593168098,0.0381109914
59010,0.1720201672,0.0727755451,7.2494983498,0.0220863976,0.2714377899,0.9477544246,0.3290688259,-0.020257358,0.8725952351,-0.056053812,-0.016711928,-0.111590192,-0.687004754,0.1227726906,0.1115901924,39,-0.005019628,0.0291970803,0.0177730988,0.4225350036,-0.014403629,0.2019473494,0.0449733391,0.0136323098,-0.025800131,0.5498651495,0,1.9324082363,0.066532311,1.0868397493,0.0620796112,10.848184818,59.763636364,0.3838213609,0.0,0.0,0,0.0,0,0.0,2.2099934683,7.0,-0.000352052,0.0521065041,0.0058201895,-0.334611742,-0.057752421,-0.031635344,0.0316517924,13522.525622,0.0893035129,15.78402332,-0.004732063,0.0340332098,0.0928491202,-0.010446625,0.1334870612,0.0221952589,1.0,-0.000734754,0.6032700734,0.0770860044,7.0,17.264705185,-0.021662681,3.9271257367,0,-0.1429665,0.0422453433,0.0306965339,0.0305949426,0.4404077081,14.822329554,9.848816e-11,3.9279175e-09,1.0419822878,1.0857270882,0.0925349173,0.033489543
21055,0.5799010287,0.0578850776,1.3258538811,0.0,0.3403623688,1.6658679093,0.12104288,0.0999128733,1.0246323867,0.0045152389,0.1211698496,-0.059814629,-0.909613275,0.1105381125,0.059814629,40,0.0204369351,0.2280898876,0.089476002,0.0397666224,-0.010019706,0.2430924409,0.0139998195,0.0694914972,0.0881509698,0.4062585821,0,2.0882596399,-0.156893537,0.6146912169,-0.00937635,25.338176792,51.749705952,0.3142533816,0.0,1.0,1,1.0,0,0.0,1.6082895664,4.0,0.0014529938,0.0442796701,0.2047129968,0.0732691194,-0.076144059,-0.175066671,0.0194172143,-2101.735228,0.0893035129,14.11619718,0.0047901896,0.0195066084,0.0330473687,0.0368373971,0.0161426481,0.0160347894,1.0,0.0014365523,0.556117688,0.0622184086,4.0,14.814647804,0.3745117036,2.5664641399,0,-0.1429665,0.0913722962,0.0301454365,0.0331645622,0.5689830774,13.12526791,1.1762746e-09,6.7571318e-09,1.0156842974,1.0316145919,-0.036384413,0.0341383043
83233,0.6479756198,0.0458738155,-5.952514878,0.0629728177,1.4392510862,2.3075358646,0.0934538102,-0.095899002,0.2218738071,0.0019068374,-0.077080435,-0.038492933,-1.869262865,0.1316240354,0.0384929329,38,-0.024086724,-0.013133208,-0.146823618,0.0481913369,-0.011359705,0.1105362569,-0.081469279,-0.046763375,-0.110760879,0.3645607262,0,1.5587326121,0.1497121033,1.099690881,0.2107118968,34.055555556,8.9588803567,0.0878723404,0.0,0.0,1,0.3270023293,0,0.0,0.6456527449,4.0,0.1004565396,-0.000482029,-0.100347821,12.458314361,-0.172347917,0.8978704131,2.3928749905,-4266.192192,0.0681401166,13.736860386,-0.013142826,0.0036307206,0.0118230359,-0.114588835,0.0320294357,0.0038447995,1.0,0.0085417938,1.3625111995,0.0657362556,3.0,14.573076775,0.0858930889,3.55812841,0,-0.070617454,0.0481856875,0.020371033,0.0280648047,0.1829488122,1.5133947293,2.1663225e-09,1.2098696e-08,1.2058892595,1.4541689062,0.0118610503,0.0357639579
32678,0.2400964139,0.0395378208,59.635393268,0.0027698769,0.2228928192,0.3523930865,0.150524117,0.1659754743,0.3232638157,0.0049138941,0.1144406778,-0.02449094,-0.29617438,0.0512479103,0.0244909398,41,0.015795506,0.3142857143,0.0497539987,-0.163543344,0.0262318935,0.4469575092,-0.111151131,0.0309895018,0.1578006073,0.203398922,0,2.9908009526,0.0555694644,1.5446263666,0.1025647032,35.373270244,6.5456708133,0.2532053057,0.0,0.0,1,0.0055494893,0,0.0,0.6816210235,6.0,-4.423773631,0.0217062693,0.249297495,-0.11061929,-13.45915662,0.4517417866,-0.038797867,-6142.286041,0.0604618429,14.399877679,0.0045661671,0.0240806238,0.0493164673,0.0108058699,0.0193522527,-0.004129234,3.0,0.0001328311,1.8600708688,0.0392149468,5.0,14.462993933,0.3950612711,1.2579113337,0,-0.128625976,0.0306577999,0.0123258874,0.0184597057,0.4064510655,2.1549894542,1.3122377e-09,1.9445446e-08,1.0526137491,1.1079957049,0.0505989855,0.0294609193
27828,0.5710259339,0.0936492402,-2.0922237,0.0250677259,1.6190378421,2.1254100185,0.100610783,0.0356180842,0.2725519834,-0.019338461,0.0348585023,-0.018430372,-0.425120773,0.1334614776,0.018430372,41,0.0006663874,-0.049668874,-0.07266675,-0.081388908,0.0032893932,0.3661857529,-0.041867458,0.0028389822,0.0387939097,0.395705638,0,1.2274418715,0.0705388423,1.0737361049,0.0738588737,5.9286984455,4.8047510576,0.1112977198,0.0,0.0,1,0.0089990817,0,0.0,1.0310875014,5.0,-5.567888878,-0.088949743,-0.052069748,0.09957601,-0.093451461,-0.569138537,0.1220930779,44587.897346,0.0400118084,16.961394263,-0.01209232,0.0141545131,0.0560384687,-0.331905739,0.1631051066,0.0125446886,1.0,-0.024851632,1.2654227024,-0.095708612,4.0,17.409480466,0.3103729043,1.7008313423,0,-0.119685598,0.0688524693,0.0209668948,0.025838284,0.4341756492,3.279452121,1.025572e-10,1.384644e-08,1.1265844693,1.2691925665,-0.015290103,0.0343488043
66181,0.0683045795,0.0464913706,65.815403366,0.0185379303,0.2243895562,0.6094509446,0.2743374408,-0.014117182,0.714595982,-0.052898551,0.0938705529,-0.047151521,-0.298975571,0.0603911547,0.0471515212,34,0.0005468284,0.0164383562,0.0553722783,-0.006144174,0.0017288535,0.0726672535,0.0427996529,-0.013055926,-0.255550232,0.5256965153,0,1.3578844618,-0.044708418,0.3747448753,-0.045918365,48.273940801,56.04851752,0.2728079154,0.0,0.0,1,0.0384136582,0,0.0,2.245807379,6.0,0.1142434188,0.5207043639,-0.005667402,10.99464828,-0.003944046,0.4586786043,0.3235567189,102727.5887,0.3739105922,18.600409833,0.0027221045,0.0393853601,0.1997221257,0.0083112466,0.0688530531,0.0048887682,0.0,0.0003235199,0.9031077627,0.0540437424,6.0,18.525633117,-0.212543947,0.7757086576,0,0.0384619887,0.0166002512,0.010990714,0.0145530591,0.3827031486,2.2762625455,1.131835e-11,2.3189594e-08,0.8532596332,0.7280520016,-0.013123631,0.019368452
32870,0.2240248877,0.0384425151,34.43531487,0.0147958365,0.119819812,0.519067807,0.1810428616,0.1254141831,0.3578954102,0.0022495097,0.159948426,-0.052762765,-0.445867002,0.0555827641,0.0527627647,41,-0.01057087,0.0147058824,-0.005623826,0.0311879702,0.1544970122,0.1318857927,0.0159548682,0.0004362475,0.1088616343,0.3044525713,0,1.6993323861,-0.239328069,0.8811737814,-0.21977858,26.678636328,15.141459675,0.4116131563,0.0,0.0,0,0.0,0,0.0,0.5378821958,6.0,-7.884111298,-0.148125825,-0.17706965,0.0514774471,-0.722084818,0.4372669409,0.0168896681,6385.6021682,0.0443391772,16.718824772,0.0023496875,0.0307385503,0.0476077264,-0.008007625,0.0565551397,0.0040260979,1.0,0.0004441155,0.7224207809,0.0770000312,6.0,17.163638924,-0.394366667,1.3315391487,0,0.0754917078,0.0308690649,0.0223543275,0.0230072945,0.4421332037,4.8284665595,6.781042e-11,1.2485362e-08,0.4858077481,0.2360091681,0.1554760043,0.0224235508
65285,-0.483505,-0.053342165,-1.449853104,0.0,9.0462414282,7.1182965547,0.04875083,0.1364094099,0.1658614019,0.0043528331,0.134007191,0.1244565871,7.1399454114,-0.887213573,0.1244565871,33,0.1370541193,0.035892323,0.041243009,,-0.121850884,0.0729260838,0.0286910266,0.1449555227,0.0406364333,,0,,,,,7.6658329379,,-0.004948122,0.0,0.0,1,0.6486471076,1,0.0,-0.844032746,1.0,-0.149871377,-0.125278596,-0.101641402,-1.988978496,-0.370876514,-0.590593259,-0.900490831,-1618.027364,0.0754152071,12.430909949,0.0643768589,0.0100100261,-0.168434462,-0.017195394,0.1076998099,0.0002610723,2.0,0.8495145631,0.3232783038,0.0142770149,1.0,12.986527386,0.4734365077,2.5742780838,0,-0.141915826,0.0641025826,0.0297075399,0.0507354461,0.5049249962,6.5775944817,1.1580588e-08,8.8161429e-09,1.9035743938,3.6235954727,0.0088674395,0.0599845347
42922,0.9915693206,0.0920976637,-1.263442258,0.0115533889,0.4048400634,1.2461244458,0.1290056872,0.0376058853,0.3060806733,0.0066062375,-0.014013779,-0.051080013,-0.760453929,0.162133694,0.0510800129,36,0.0427365299,0.2463533225,-0.013135225,0.0676174983,0.0157204907,0.2609191904,-0.193261143,0.0623346037,0.0602690637,0.6112940315,0,3.3509049565,0.0621411874,1.7175583075,-0.000208714,3.9716675417,5.2526696356,0.2736575206,0.0,0.0,0,,0,0.0,0.4392602265,6.0,-0.776286236,-0.0659237,0.1378263868,1.2922874415,0.0450647894,0.669355079,1.0961523647,-2935.863736,0.0352290716,12.26362331,-0.000818804,0.0200245931,0.0279824556,0.0197100588,0.2246858742,0.0079837556,1.0,-0.000335128,0.7985546773,-0.00098604,4.0,11.751642984,0.4148664713,0.5963284142,0,-0.077015,0.0524272136,0.0190619456,0.0276520013,0.4353908488,0.7471310445,3.5627998e-08,4.6369193e-08,1.3074903417,1.7095309937,0.0376745192,0.04189628
12503,-0.483505,-0.18654297,-1.40200747,0.0,11.823033568,8.2257963184,0.0550605845,-0.100900175,0.2352546016,0.0012285012,-0.01732858,-0.03296781,-1.245989305,0.0458875754,0.0329678104,41,-0.026034666,-0.070422535,-0.061632426,-0.017062976,0.1485349714,0.1858736059,-0.125498276,-0.052398227,0.1099420228,0.5962552301,0,1.2201689546,0.0298294129,0.9205385428,0.0543580331,9.4677871148,4.5923913043,0.0052691005,0.0,0.0,1,0.5162368672,1,1.0,-0.309856131,6.0,-4.389733028,0.0972619699,-0.135410755,-5.507082605,-13.45915662,-0.046220825,-0.044158202,-8512.910161,0.0604618429,13.729866882,0.0017466076,-0.007534348,0.0105875026,-0.518729114,0.160041841,0.0125542175,0.0,-0.082926829,3.6725354617,-0.022671629,2.0,14.960718901,0.2273665723,3.4158884995,0,-0.128625976,0.0920465365,0.0498096378,0.0666812713,0.3046370045,5.2699613522,2.6120097e-09,6.6885686e-09,2.9007547341,8.4143780274,-0.041455492,0.063054395
89757,-0.279141032,-0.493706852,-26.76848,0.0,4.154534354,8.2257963184,-0.150775882,-0.276655167,0.3914900608,0.0094339623,-0.119666625,-0.018748014,-0.175386445,-0.407117363,0.018748014,41,-0.090094699,-0.132743363,-0.137891014,0.0863404511,-0.045547022,0.1305911441,-0.037693127,-0.212858003,-1.546866015,0.4270399727,0,0.9649440421,-0.118420919,0.2776292254,-0.356189564,124.792,72.722610723,-0.072836729,0.0,0.0,1,0.801607717,0,0.0,3.9309948246,2.0,-0.008986208,0.0522191611,-0.160639275,-0.630345644,-0.179493312,-0.180965024,-0.477725195,-14806.59816,0.3313016233,14.163755428,-0.009558969,-0.034430457,0.4978070175,-0.584300718,0.0230245125,0.0859217075,0.0,-0.000855798,1.7853456345,-0.07834423,2.0,14.658542027,-0.014854808,1.7243496738,0,-0.126567877,0.073410891,0.0446165861,0.0691697731,0.3892549305,5.3700198588,2.3188601e-09,8.7060587e-09,1.6697133416,2.7879426431,0.0332595444,0.0834936341
47571,0.8391872233,0.0849148902,-4.541304511,0.0296925402,0.825110938,2.8592424408,0.0742713048,0.1079930481,0.3887462729,0.0042000764,0.2034885761,0.0187282065,0.3508075942,0.0551261019,0.0187282065,41,0.0122081282,0.042003231,0.0689239516,-0.171053895,-0.077060317,0.1800592164,0.0292125473,0.0411850057,0.0270031509,0.5881725428,0,2.3159344574,-0.136566128,1.7106150558,-0.119889507,22.336090226,4.082594654,0.1957186544,0.0,0.0,0,0.0,0,1.0,0.7083836391,3.0,-10.04016683,0.1064209511,-0.040558921,0.8118290801,-0.794083591,0.8868146274,0.1283193444,-3072.545643,0.0318276958,10.706072914,-0.003357183,0.0099178035,0.0195554305,0.0174407697,0.0705575657,0.0121352226,0.0,-0.011351053,5.3537903644,0.0403936917,5.0,8.5448502001,-0.095796156,0.1205462446,0,-0.077015,0.0187041406,0.010740558,0.0086881376,1.6015900343,0.4172703045,3.4359706e-06,2.0528276e-07,0.0937939937,0.0087973132,0.8616516542,0.0284200355
16678,0.160940425,0.0513867432,10.224800955,0.0101702929,0.7468325634,3.2254994818,0.1070037581,0.0435435948,0.7838871623,-0.041338583,0.0514108683,-0.08138777,-1.409143519,0.1237980394,0.0813877701,40,0.001236693,0.0666666667,0.102566709,-0.031841893,0.031642907,0.108753908,0.0787902336,0.0750657423,0.0052005944,0.4861711611,0,0.781461019,-0.052600203,0.282644918,-0.048218356,86.357484076,85.67535545,0.1500408163,0.0,0.0,1,0.0659093235,0,0.0,4.1716196137,7.0,-0.086192604,-0.007722297,-0.012019721,-0.587787134,-0.337369914,-0.818202396,0.2126217415,26981.252075,0.1057354468,17.345025558,0.0021838396,0.0139046815,0.0724932249,0.0024099817,0.0387375811,0.0020294198,0.0,0.0010582011,0.3547814491,0.0609117183,5.0,17.878530014,-0.085815375,1.9021614513,0,-0.146202844,0.0373372212,0.0130688285,0.0180253345,0.2435939764,1.8658917079,3.850897e-11,1.3249511e-08,0.5310546477,0.2820190388,-0.148285297,0.026285526
48291,0.8100993204,0.0916899262,-0.142949455,0.0,0.3171154194,1.1577693212,0.1329831663,0.0666719889,0.5179680446,0.128877789,-0.312852613,-0.028835895,-0.343422806,0.123178338,0.0288358946,34,-0.024181764,-0.163671685,0.2028083198,0.304284233,0.0419158834,0.2570429253,0.1960716952,-0.072029092,0.3609097884,0.6369262688,0,4.0371733182,0.2440666963,3.2204790209,0.3459947401,2.8745043373,4.8748514803,0.295930415,0.0,0.0,1,1.0051800485,0,0.0,0.9146755678,8.0,-0.705397015,-0.005783965,-0.272198621,1.1108174414,-1.249410174,-0.519285384,1.0571970087,-2768.170471,0.0352290716,12.764311089,0.0003714598,-0.002265953,-0.003152966,-0.100314178,0.3367942433,0.0202586436,0.0,-0.004322767,2.9331503791,-0.142961822,5.0,11.947512403,0.2956600592,0.5714837303,0,-0.077015,0.0578512214,0.0163425437,0.0317895119,0.4168178776,0.8202682229,1.8990762e-08,5.3187933e-08,1.4217954176,2.0215022095,0.0162834013,0.0588178594
48347,0.3940713681,0.0507308262,4.4176470541,0.010911383,0.1815711876,1.0716620135,0.1559958238,0.0042901873,0.6787973473,-0.023739443,-0.000302181,-0.024936946,-0.285657123,0.065222448,0.0249369461,41,0.0126528318,-0.003614458,0.0501555273,0.0112731181,0.0213968691,0.1108965961,-0.267191845,0.070827634,0.0043304476,0.5397243792,0,3.0760405705,-0.014921714,2.063786792,-0.080452849,11.327222302,8.9903057749,0.3592606623,0.0,0.0,1,1.0,0,0.0,1.0021920496,6.0,-0.003319782,-0.00625702,-0.064516142,-0.147094073,0.7071529532,0.3340428554,0.0276520701,-442.2032729,0.1748673505,14.094005662,0.0019916287,0.0275106126,0.0399989309,0.0120424785,0.129057128,-0.015387118,1.0,-0.000350263,2.4169083235,0.0140436399,7.0,14.175166162,-0.021769699,1.2282523524,0,0.024739463,0.0398711152,0.0178419527,0.0213253749,0.2819455765,1.2337702148,2.2639971e-09,2.2056054e-08,1.3304973261,1.7702231348,0.0654403602,0.035534499
64282,0.0007283922,0.0421658177,13.047566924,0.0279621689,0.3045084243,0.4635002646,0.3319686114,0.048068908,0.7288135593,0.0034364261,-0.005550416,-0.100936101,-0.714011516,0.0722726971,0.1009361009,40,-0.017501018,-0.153276956,0.0632135895,0.0304267043,0.0215672211,0.1923583663,-0.033481919,0.03473187,-1.048648649,0.4833068664,0,1.9249553306,0.1158629948,1.3079213818,0.2031558907,6.8138013087,45.452380952,0.1961304002,0.0,0.0,0,0.0,0,0.0,-4.428422697,8.0,1.4199788147,-0.014595325,-0.333607997,-0.260103379,-0.912182161,0.3931700837,0.4396458545,19544.14996,0.1116949983,16.794814882,0.0030773535,0.0241034685,-0.25308642,0.005835981,0.1645124859,0.0304342431,0.0,0.000833507,0.6948056322,0.012840166,7.0,17.664956482,-0.381130375,2.3441645623,0,-0.115623953,0.0481689535,0.0336684917,0.0253163615,0.4974901323,11.840453578,5.791035e-11,5.7721074e-09,0.7153875906,0.5117794048,-0.043638584,0.0304694046
61399,0.1532369146,0.0414760429,74.513705584,0.0131899351,0.3360358865,0.864309696,0.1531566142,-0.027648784,0.5975192472,-0.067961165,0.0469371138,-0.069115073,-0.826908821,0.0757729486,0.069115073,40,-0.006691553,0.0152671756,0.0525300934,,0.006032366,0.0741239892,0.0562921966,0.0046743248,-0.159031469,0.5084835831,0,1.0783055199,-0.07041183,0.2776292254,-0.050492084,95.131979695,,0.195750854,0.0,0.0,1,0.0384650948,0,0.0,1.6058381844,6.0,0.1114786666,0.5207043639,-0.006838583,11.079580615,-0.105930781,0.6058448751,0.3389385128,32514.812331,0.3739105922,18.078241014,0.0024388811,0.022476714,0.0847243007,0.0100292295,0.0411528748,0.0032545418,0.0,0.0002708926,1.4114464176,0.0243130898,5.0,17.970373435,-0.04914622,1.095048179,0,0.0384619887,0.0332588255,0.0129528862,0.0155829125,0.4033535701,2.8038052311,2.171923e-11,1.7276488e-08,0.8680436997,0.7534998646,-0.022195861,0.0232244555
27617,0.4337122062,0.0206547432,11.576064611,0.0,0.1874822345,0.1768135781,0.0511788292,0.0859636792,0.1512333066,0.0,0.1747715022,-0.029855892,-0.862381168,0.0384670048,0.0298558924,40,0.0,0.0,0.1189349112,0.3596861918,0.1533423165,0.0351725426,-0.030630837,0.0388871635,0.0515994468,0.4639351406,0,2.6000494682,0.4745961064,2.6000494682,0.4745961064,4.6279980421,14.175412294,0.2103504944,0.0,0.0,1,0.8526594961,0,0.0,0.2026117119,7.0,8.682886878,0.1003712602,-0.002758405,12.458314361,-2.081536072,-1.315983439,2.3928749905,-735.7622779,0.0855191314,11.605234811,-0.001861285,0.0060358842,0.0086450361,-0.00065841,0.0678101256,0.0378196137,0.0,-0.000338102,0.5377299657,-3.2214e-05,6.0,8.2790628978,-0.166830842,0.0248015873,0,-0.177668451,0.0427026823,0.0209331437,0.050526249,2.1842774686,0.424127329,5.5166591e-06,6.0000000197,0.2232158712,0.0498253252,0.6481415975,0.052852596
60097,0.5029209019,0.0252735941,1.6893579877,0.012632073,0.5050467182,0.1914273979,0.0551229861,1.8117175764,0.3980180798,0.4230724956,1.8894594595,-0.03079625,-0.832523364,0.0463144516,0.0307962497,41,0.0240340736,0.8782870023,0.1914730961,-0.149907119,-0.036090952,0.2779314748,-0.217868132,0.1096908521,1.7377462326,0.2581741201,0,3.3624768342,-0.118717175,2.9849558487,-0.148402896,1.0400924025,3.9634194053,0.1106524911,0.0,0.0,1,0.0038219957,0,0.0,0.7424780127,3.0,-10.08304158,-0.187011511,0.7957248507,0.4755627587,-0.622822489,0.9219369271,0.1195076941,102727.5887,0.0318276958,18.540736265,0.009515214,0.0049700839,0.0098468064,0.0258987971,0.164171709,-0.103507573,0.0,0.0004058442,0.9649598972,0.0213027396,5.0,18.249223406,0.0810862511,0.8111159229,0,-0.077015,0.0146202492,0.0077937947,0.0114332652,0.2229778881,0.9177086352,1.625457e-11,2.8897815e-08,0.6951601331,0.4832476107,-0.045439808,0.0206680299
52813,0.4776536702,0.0552255599,3.6724953426,0.0085991668,0.2862995955,0.4669594159,0.1112223366,0.076105412,0.567853521,0.0005876151,0.0845399638,0.0045184437,0.0606977076,0.051873495,0.0045184437,31,-0.001319966,0.0647509579,0.0758924672,-0.131808139,-0.002608745,0.290511137,0.0481790511,0.0114252913,0.0736796103,0.3610393881,0,1.9619187824,-0.02865393,1.9109324395,-0.024372549,5.4026732557,2.1918954345,0.2683796548,0.0,0.0,0,0.0,1,0.0,0.8959625207,3.0,-10.14232536,0.0971579107,-2.376715191,4.2556764394,-0.242383545,-0.626822566,1.0464457729,-1570.093658,0.0288563477,14.645674236,0.0018649384,0.0074176449,0.0113063062,-0.000673461,0.1401215186,-0.005102965,0.0,0.0003676471,7.8176788811,-0.313875586,6.0,15.282359339,0.4307640476,3.1208771684,0,-0.109363199,0.0743800923,0.0207996451,0.023420903,0.5803643735,7.832820915,6.250186e-10,8.9422094e-09,1.0835619015,1.1741063943,-0.020880431,0.0387086501
53197,0.2817224343,0.0620796384,6.1139399167,0.0084737785,0.0901413543,0.5410323383,0.2797714286,0.0526498697,0.4182450043,0.011471519,-0.199127114,-0.036908491,-0.215628091,0.0754657523,0.0369084906,41,-0.001185135,-0.05935173,0.1401397516,0.1551686533,0.2060571165,0.2508038585,0.0619811917,-0.026238054,0.170706813,0.6250145262,0,3.3560490046,0.0471716962,2.8131699847,0.0804532253,5.241522903,5.1707746479,0.7543168737,0.0,0.0,0,0.0,0,0.0,0.6141872927,7.0,3.0926021341,-0.057125098,-0.22659226,1.0968768926,-0.958172765,-1.52305545,0.1671145592,-3490.618907,0.0446872923,13.901048268,-0.00505476,0.0362368152,0.0453287934,-0.01677025,0.3059517954,0.0138845483,0.0,0.00060006,4.4387979443,-0.108828066,5.0,14.314816351,0.0497473748,1.4510927107,0,-0.130399472,0.0393477716,0.0163401229,0.0240104039,0.267488646,1.4054689953,2.4625848e-09,1.9561514e-08,1.4448437492,2.0875734596,-0.015011355,0.0620830443
14696,-0.397192745,0.0408293821,17.020634921,0.0,0.7744411831,0.8914728682,0.409956976,0.1842868467,1.188421514,0.7461622575,-0.099013315,-0.1211465,-1.032258065,0.082975841,0.1211465002,24,0.0597463171,0.1832946636,0.2258808334,1.1650942551,0.0295586765,0.2875647668,0.0984568666,0.3346263029,-0.265821614,0.5535990025,0,1.6426966292,0.2186566126,0.5662921348,1.7525994928,12.534391534,147.81229773,0.0755383982,0.0,1.0,1,0.7852112676,0,0.0,-0.630537856,8.0,1.447993882,0.4579869812,0.0029636217,-0.658024516,-0.979342128,0.4073854163,0.4503489984,146.98995993,0.1116949983,15.621899105,0.0044842365,0.0412010356,-0.038541934,0.0078661566,0.0550832182,-0.012693314,1.0,0.000427716,1.5345543771,-0.015358062,6.0,15.740577893,,1.2807443249,1,-0.115623953,0.0235666577,0.0116317332,0.0245529256,0.4143573241,1.4486439852,4.431721e-10,2.7864715e-08,1.0797391436,1.1658366182,0.1307925812,0.0356111669
57809,0.1615238112,0.0516645859,56.260064455,0.0134230375,0.4161408378,0.4132623575,0.1426354529,0.0352234302,0.4294307781,-0.081316569,0.2363754814,-0.021911083,-0.240821179,0.0641065124,0.0219110826,36,0.0063789523,0.0445859873,-0.009011039,-0.07380915,-0.016558895,0.2608386013,-0.020277223,0.0264050734,-0.270536927,0.2482400489,0,2.4472136628,0.3492138744,1.6711110958,0.3420214933,33.593260126,4.3349146451,0.1796661054,0.0,0.0,1,0.0145590158,0,0.0,1.0621763777,4.0,-5.586774028,-0.066396675,0.0421851138,-0.309926113,0.3962964957,0.1754255957,0.0527381126,45.81702596,0.0400118084,15.416204051,-0.003546289,0.0214232953,0.0604857239,-0.00547944,0.0212959935,-0.003845444,0.0,-0.001684447,0.7998548536,-0.093909073,6.0,15.169169577,0.31141558,1.1343418035,0,-0.119685598,0.1500393897,0.0343809995,0.0221512232,0.6386502005,6.6614942917,4.699811e-10,1.4929431e-08,1.4584499292,2.1270761959,0.0337460948,0.0229153763
57817,0.168442911,0.0497044655,10.113204353,0.017327529,0.4697762333,0.9323729326,0.1560940841,0.0782598554,0.6540704455,-0.005753138,0.0478903603,-0.056119872,-0.694444444,0.0842214555,0.056119872,41,0.0226724283,0.072,0.0770334928,0.0177776361,-0.010265374,0.1520958084,-0.012047271,0.1045019827,0.1730769231,0.5636171985,0,1.8657142857,-0.093194338,1.2467857143,-0.143066676,16.331318017,5.8568950564,0.1846755395,0.0,0.0,1,0.1178354147,0,0.0,2.6211538462,4.0,-0.003095669,0.0557942305,0.0486231092,-0.338188998,-0.051194922,0.1514137339,-0.006899443,10667.155622,0.0893035129,15.700416037,-0.004423347,0.0083505155,0.0325170614,0.0155501262,0.095620778,0.0198917019,0.0,-0.002606962,4.7581802659,-0.168613065,6.0,17.254473573,-0.157120326,5.0482620771,0,-0.1429665,0.0272163376,0.0352042106,0.0302412594,0.5909736389,34.425258517,7.664998e-11,2.5330036e-09,0.8251378119,0.6808524086,0.0083657043,0.0286644635
79611,0.8121972708,0.0872076753,0.053386739,0.0170184323,0.1663070041,0.988665815,0.1873018874,0.0076268989,0.5568206564,-0.024826334,-0.123264074,-0.013463805,-0.151035229,0.1003791065,0.0134638048,25,-0.018107268,0.0090909091,0.0293289844,-0.049627963,-0.030181811,0.2613930967,0.0212984916,-0.00699262,0.0408047416,0.6372696806,0,7.3446845865,0.2650969868,4.7598074827,0.3088159303,2.9324660532,7.9208161282,0.6053804446,0.0,0.0,0,,0,0.0,0.6943453974,6.0,-10.03583807,-0.021469478,-0.073471243,0.7848391276,-1.398434145,-0.137157626,0.173572349,-2520.395693,0.0318276958,12.724361334,0.0005866038,0.0364942349,0.0486055147,-0.004936764,0.2959952244,-0.000665168,2.0,-0.000777001,1.5035140165,0.1339589916,7.0,13.919241361,-0.257132211,2.6592325553,0,-0.077015,0.0315399021,0.0354811688,0.0319955099,0.537260182,10.797832388,3.1674263e-09,6.1433612e-09,1.2913072115,1.6674743145,0.0611532497,0.0548709931
59185,0.5954147761,0.0612394613,0.4934584378,0.0286157652,0.4282829776,1.408173615,0.0883108829,0.0205527271,0.3874836201,-0.000424208,-0.029219986,-0.082969421,-1.372976777,0.1453198194,0.0829694207,38,-0.016553484,0.0050441362,-0.018440707,-0.033571203,0.0484923873,0.1505743519,0.0847842112,0.0396070976,0.0596310925,0.5216541406,0,2.8608072556,0.010510729,2.1210883412,0.0599513165,11.707362952,8.3074429543,0.2894937391,0.0,0.0,0,0.0,0,0.0,0.6789891475,7.0,-0.232434181,-0.056914046,-0.032505977,0.4873890571,-0.613353193,2.7173527769,0.056517186,-1882.97595,0.2205392669,12.01027411,0.0075915608,0.0285374492,0.0490644904,0.007702909,0.1270316421,-0.020062206,2.0,0.0145303874,0.3052466922,0.0754324682,8.0,11.341353937,0.0336642011,0.6656781336,0,-0.097143003,0.0209474582,0.0178024881,0.0228426127,0.3643347194,0.6659181792,4.2883267e-08,5.4034028e-08,0.780088766,0.6085384828,0.122710556,0.0444859699
34948,0.3152652633,0.0496409488,72.250391971,0.01505024,0.3845410635,1.1021390673,0.1311032126,0.0283147751,0.9691728904,0.0037768031,-0.034537046,-0.078044786,-1.085078019,0.1035052511,0.0780447856,41,0.0070781187,0.0588235294,0.0871341099,0.0362952083,-0.007959581,0.2427583894,0.013359817,0.0734220196,0.1170112583,0.3501645953,0,1.777200796,-0.127595793,0.8408793708,-0.121303513,192.37436092,12.84295358,0.2311627984,0.0,0.0,1,1.0,0,0.0,2.3234818172,5.0,0.9475290661,0.0487674697,0.0458764614,-0.58811687,0.7382280469,-0.956725156,0.0762332404,-4502.102475,0.1633840717,13.875502229,-0.00326935,-0.002395251,-0.004281455,-0.001985919,0.0107853327,0.040340014,0.0,0.0002746498,1.4939808381,-0.105537254,7.0,14.694882266,0.03864786,2.0868890613,0,-0.107635055,0.0373245627,0.0186139824,0.0277689223,0.4213670868,4.3411308473,1.6361311e-09,1.0398102e-08,1.2601662814,1.5880190569,-0.101286508,0.0424153286
60709,1.1074511453,0.0657736802,-0.810442704,0.0,0.4629273185,2.3423001217,0.0990358001,-0.037137054,0.5542214386,0.0095073466,-0.228276699,-0.094258101,-2.293857222,0.2166491115,0.0942581012,33,,-0.080645161,0.0245510126,-0.137565028,0.0367336577,0.5432222501,0.0295537917,,0.0740636142,,1,2.7171148635,0.3029092573,,,6.268264173,94.49339207,0.2722789232,0.0,0.0,1,1.0,0,0.0,0.8513432414,8.0,3.7162017638,-0.246802794,-0.151371265,-0.215895003,0.3763448774,,0.1368628691,-2169.423844,0.0889184991,10.483063934,0.0022805275,0.014238319,0.0198771349,-0.007814999,0.2293303232,0.0078756554,1.0,0.0,0.3684952213,-0.015207989,4.0,9.0685060104,-0.001748813,0.3538617429,0,-0.034489147,0.0301507246,0.0137883839,0.0243630009,1.5759052887,3.5731677843,1.4034315e-06,5.5901378e-08,0.5126762309,0.2628369178,-1.536248103,0.0461857587
18403,0.8634756564,-0.347826401,-2.14520258,0.0,3.8301506391,5.5295826128,-0.046995378,-0.118379798,0.3610710957,0.0009848982,-0.025705761,-0.090970502,-1.30998703,0.1078216729,0.0909705021,41,-0.025489755,-0.025641026,0.0335610085,1.0335610085,0.1866566318,0.1225718726,0.1459756273,-0.038301839,-0.379980564,0.5308366013,0,1.9326193664,0.1380580833,0.7492190986,0.1234339066,9.2996965099,,-0.016275285,0.0,0.0,1,0.5186567164,0,0.0,1.2487852284,6.0,0.0613468968,-0.000637886,-0.053536938,0.5122710443,-0.735177778,-0.180965024,0.0372138404,-14806.59816,0.3313016233,14.68887608,0.0,-0.011239249,-0.069277108,0.0474756687,0.0604739336,0.0035538848,2.0,0.0260580738,2.843821692,-0.09635588,2.0,17.000944089,0.0495923298,10.830768063,0,-0.126567877,0.0410958491,0.0288216825,0.0450932475,0.4400658142,42.986765566,1.740213e-10,1.5147671e-09,1.3528362315,1.8301658693,0.1001244308,0.0820457169
13936,0.4797049839,0.0482529817,3.2127795395,0.0013739459,0.7218712008,0.9058370673,0.072371385,-0.055615193,0.3949781169,0.0042109363,-0.092234629,-0.031109799,-0.797494305,0.0867344598,0.0311097988,41,-0.002102244,0.0271084337,0.0024006676,0.0259615959,-0.011292053,0.3291993937,-0.239557111,0.004699031,0.0067173697,0.192729523,0,2.030799384,0.0513623965,1.1507069859,0.0400085657,16.498898899,11.088805167,0.0982300123,0.0,0.0,1,0.8305755082,0,0.0,1.0215495139,7.0,0.9867640294,-0.085893534,0.0141613657,-0.42367715,0.6559041545,-3.143647892,0.0594624491,3674.0015853,0.1633840717,15.843863027,-0.001580017,0.0206514658,0.0503197424,-0.009189223,0.0342328836,0.0106607697,1.0,0.0018691589,0.9079590548,-0.088178648,3.0,16.703704931,0.1553394063,3.2485694733,0,-0.107635055,0.0434153564,0.0250198098,0.0286784206,0.4957667572,9.8752077521,1.154794e-10,5.0939419e-09,0.794513505,0.6312517097,-0.126698564,0.0365670362
49971,0.3076995609,0.0295575053,76.275591531,0.022304417,0.7948470985,0.2959219485,0.0456652396,0.0682440916,0.0849593448,0.0299499561,0.0600713363,-0.047422724,-1.712446446,0.0801731503,0.0474227244,41,-0.003282869,0.0340606706,-0.066850886,-0.040355579,0.1307975716,0.0296004024,-0.007626087,0.0893351585,0.0899509553,0.4775048177,0,0.4393939394,-0.280193626,0.2933404238,-0.304188375,99.804860303,15.706035243,0.0742211445,0.0,0.0,0,,0,0.0,0.2496786647,4.0,0.1344502818,0.0262746168,-2.727180435,-53.96607616,-0.408507845,-0.411276951,-9.241504288,-1783.513299,0.0244389518,15.398486351,-0.000363275,-0.002849478,-0.010034415,-0.000984812,0.0026892335,0.3904861143,0.0,-0.001109288,-0.356808001,0.0036958518,5.0,15.587323975,-0.542208698,1.1021359048,0,0.0819336322,0.0098350672,0.0022145675,0.0040868364,0.3170728427,1.3810642013,7.006056e-11,2.0643525e-08,0.2552610839,0.065158221,-0.050036561,0.0346007641
64785,0.4168577928,0.0684266924,0.1610343402,0.0228486042,0.4860126918,0.8610592919,0.9227535636,0.2099775445,0.2610437171,0.024149517,0.3063632354,-0.17602264,-2.065495155,0.2097616942,0.1760226396,34,-0.00020154,1.4011142061,0.6843331648,0.4551357147,-0.624601874,0.1218165081,-0.356618114,0.0075841463,0.1865803414,0.915775474,0,1.6912714917,-0.063974169,1.6891594563,-0.063489988,1.1480980907,13.158057425,0.1636535087,0.0,0.0,0,,0,0.0,0.5397484454,4.0,0.7202556735,0.2938012212,1.2767439035,0.0814193679,0.2750542801,0.6694527935,0.1771693665,-1709.993129,0.0772902197,13.153033429,-0.002739045,0.0284351336,0.051406826,-0.024820165,0.7691307359,0.0006903182,0.0,0.0,1.6176457009,-0.138048732,4.0,13.57245243,-0.236745071,1.4147036389,0,-0.061856555,0.0213935487,0.0113859765,0.0206642539,0.2869125997,1.8210349247,3.5323226e-09,1.6886522e-08,1.4013656002,1.9638255454,-0.025940936,0.0345315166
62033,0.3740573578,0.0388983957,8.6767754172,0.022603801,0.0706503619,0.4635409516,0.1419910493,0.202286801,0.3996269287,0.0447269432,0.1445479278,-0.085302666,-0.893391737,0.073649901,0.0853026665,41,0.0008635579,-0.080093313,-0.041867147,-0.067816287,-0.054981201,0.1478049237,0.0212128001,0.1069250113,0.2139981381,0.5131223155,0,5.369437553,-0.054861082,3.6374399397,-0.053039798,7.2444491274,6.6007959643,0.909355236,0.0,0.0,0,,0,0.0,0.4798458001,3.0,-0.088813081,-0.213802027,-0.088286713,0.5385093575,-0.45397506,-0.020280892,0.0968140637,-3317.054374,0.1879227517,13.499381595,-0.022270312,-0.018166339,-0.021032167,-0.035622619,0.1078165955,-0.08330232,0.0,-0.002196595,0.668940872,-0.068154678,6.0,12.915333707,0.3521523159,1.105533892,0,-0.027785261,0.1314248294,0.0336011888,0.0350715155,0.6796832914,2.8791848506,9.6614783e-09,2.7358839e-08,1.3128017045,1.7234483153,0.1389904541,0.0421579228
91556,0.1197877317,0.0486004319,20.53834179,0.0088533845,0.1273934205,0.580313987,0.3705554481,0.2069230191,0.8562622071,-0.027879299,0.2828422409,-0.104219673,-0.484621357,0.0721532392,0.1042196734,30,0.0268653318,0.0769230769,0.0793055723,-0.091045159,0.0056030941,0.1024557647,-0.067807186,0.1714369519,0.1354594376,0.5818514452,0,1.3636456771,0.0173938888,0.5364180821,0.2250099412,15.403674,147.81229773,0.5367820747,0.0,0.0,0,0.0,0,0.0,1.6552048471,5.0,0.0040308225,-0.090943188,0.0535461861,-0.386844178,0.0512778077,0.117817489,-0.018967659,15208.609322,0.0893035129,16.87580485,0.0006285817,0.0447019922,0.0903644395,0.0089838236,0.1033565801,-0.003162339,0.0,0.0005931198,1.4029148046,0.0980688345,6.0,17.054975146,-0.049880818,1.5201196466,0,-0.1429665,0.0261414219,0.0218485334,0.0247362681,0.4870681308,5.5873713355,8.564545e-11,1.1526047e-08,0.7400937676,0.5477387848,0.0640948095,0.0285635426
50948,0.3241263275,0.0164291775,4.3693080303,0.0,0.2222574317,0.327963349,0.1008678263,-0.020558729,0.3748234873,-0.00698542,-0.084783961,-0.083277478,-2.798618814,0.0624081829,0.0832774782,41,0.0142687467,0.0006872852,-0.062341906,-0.107085849,-0.002963348,0.4054524513,-0.121120637,0.0281672182,0.0289543766,0.4109520728,0,3.6716431725,0.0344325435,2.9897909127,-0.005373327,2.4221327846,8.0501724362,0.1889985717,0.0,0.0,1,1.0,0,1.0,0.652724772,6.0,3.4287308854,0.0134585732,-0.166553245,1.1392807858,-0.879509928,-1.190634606,0.1540569897,-3418.113227,0.0446872923,14.245126812,0.0016053392,0.011269548,0.0209613845,-0.029146787,0.213485054,-0.006553642,1.0,-0.002857143,0.6000209782,0.005971086,6.0,14.315843878,0.2301330672,1.3685667162,0,-0.130399472,0.0376344323,0.0195056398,0.0293030301,0.334370228,1.5503488108,2.0842263e-09,2.0917182e-08,1.4265986937,2.0351838328,0.0119199655,0.0390508119
42585,0.511269963,0.0248821079,23.277594268,0.0195868144,0.7066908206,0.4106882443,0.0518290864,0.8609362772,0.240231038,0.1758163958,1.423178726,-0.029921363,-1.125833575,0.0528952203,0.029921363,41,0.017923536,0.5434554974,0.0146330161,-0.375476874,-0.019882001,0.1595662277,-0.189618709,0.0846661743,0.4090384921,0.1165401775,0,2.0069430863,0.1618389252,0.8690592607,0.273362607,45.324044586,13.235759126,0.0885519793,0.0,0.0,0,0.0,0,0.0,0.4164545888,4.0,24.356860962,-0.182394073,0.4569083045,0.31687378,-0.411445366,0.3148402346,0.0562312,2903.861025,0.0457936334,16.553584687,0.0013926383,0.0105021959,0.024684432,0.0424161835,0.0083259458,-0.080075287,2.0,0.0009370474,1.3379455208,0.0901577137,3.0,16.99593115,0.0430653625,1.4175098346,0,0.0754917078,0.0142945927,0.0081488895,0.0129981585,0.2990862081,1.4685922675,7.40614e-11,1.9233862e-08,0.6139344043,0.3769154527,0.1525036431,0.0208050428
76081,0.3638141743,0.0689960895,7.8015108078,0.0195984566,0.1496195513,1.3685273536,0.218373656,0.0671035651,0.4050129266,-0.017532346,0.0163333109,-0.031491439,-0.226975036,0.0846564793,0.0314914391,32,0.0204404859,0.1117021277,0.1365392165,0.1477794466,0.0503637425,0.1340810528,-0.116209709,0.0746267173,0.0894858018,0.427162115,0,2.0506720235,-0.099323761,1.4001506601,-0.173074739,21.838144083,14.409856111,0.5370954639,0.0,0.0,1,1.0,0,0.0,0.583380127,6.0,-4.428220858,0.2098282798,0.0467139083,0.0130984704,-13.45915662,0.3469844284,-0.005389298,-6587.527561,0.0604618429,15.042631857,0.0067076032,0.033750918,0.0476310732,0.0381776906,0.1140415535,-0.009859736,0.0,0.0025887574,1.5112190983,0.0571129369,6.0,15.345753485,0.1755986742,1.865969298,0,-0.128625976,0.0181107875,0.0137367684,0.0186431417,0.3372598388,3.0123868181,3.517028e-10,1.0918078e-08,0.9984238453,0.9968501749,0.0346683686,0.0244569221
60580,0.1123510211,0.0490062093,25.062290794,0.0135038068,0.2045645988,0.5814790407,0.2475676989,0.0932921843,0.7537484852,-0.018445346,0.0737602209,-0.028266801,-0.174997892,0.0575821926,0.0282668015,41,0.048004205,0.120639061,0.1003754771,-0.01884075,-0.01421692,0.2683481855,0.0362397141,0.0874838039,0.130742525,0.4266385647,0,1.6015878882,-0.221747809,0.8477263406,-0.382187489,18.942474757,13.512911481,0.322386245,0.0,0.0,0,0.0,0,0.0,2.1508904477,6.0,-5.562679398,-0.069650587,0.1182381875,-0.359098903,-0.236107229,0.1692803676,0.0462137928,73.21387596,0.0400118084,15.397188295,0.004090019,0.0173197417,0.0506349251,0.0162065616,0.0968620604,0.0006902247,0.0,0.0002657101,1.0450867393,-1.8355e-05,7.0,15.210830047,0.0325433445,1.2099588732,0,-0.119685598,0.0186365638,0.0160009845,0.0184304597,0.5134955227,5.2052743534,4.016054e-10,1.4442888e-08,0.8077746027,0.6524998087,0.0502844092,0.0197677527
37807,0.1337256474,0.062483785,20.19625777,0.0151521294,0.5417107957,0.6870175878,0.1524246443,0.0705571287,0.4121088729,-0.039276027,0.145791072,0.0039044476,0.040815407,0.0599334838,0.0039044476,41,-0.008225775,0.0586892419,-0.028701864,-0.048701936,0.0251056626,0.14634659,-0.064428918,-0.020269954,-0.154369884,0.3209228827,0,1.1935197576,0.2897455131,0.8628721358,0.3480331152,23.456340645,5.1240492922,0.1517350233,0.0,0.0,1,0.0040581558,0,0.0,1.5637356084,5.0,-16.08131756,0.0069178649,-0.247418859,0.0663915784,11.167904118,0.4080408852,0.3931611873,1158.4571313,0.0238858186,15.96565437,0.0013485538,0.0223581471,0.1157599617,-0.017491913,0.043363378,0.0070087806,0.0,0.0004941322,1.4421290942,0.0079724691,6.0,16.656804995,0.2785634852,3.0055421697,0,-0.253901646,0.0098350672,0.002684158,0.0035907799,0.5032358432,9.3715727418,1.441057e-11,8.9919416e-09,0.7586046776,0.5754810569,-0.052757641,0.0292935848
80179,0.2425533211,0.0513574383,3.5189136463,0.041469089,0.3731513708,0.2501879156,-0.07729959,0.0062848921,0.0588661871,-0.000916684,-0.011105512,0.0675288016,0.8070488206,0.0099094783,0.0675288016,32,0.0,-0.005102041,-0.02223996,-0.190565002,-0.023121249,0.6983739837,0.2939178413,-0.013985612,0.0342663223,0.2114776198,0,0.7188906691,0.0648366333,0.7188906691,0.0648366333,2.290919644,25.211497516,0.1852307173,0.0,0.0,0,,0,0.0,0.1535827978,4.0,-0.021365766,-0.014091604,-0.003897888,-0.543316293,-0.408593112,0.7277466159,-0.144343165,-1992.392391,0.0943163074,11.9939374,-0.003175597,0.0227618123,0.0573534493,-0.003846742,0.1655618242,5.08504e-05,0.0,6.16465e-05,-0.805932728,-0.003228968,4.0,9.5023104504,-0.146535913,0.0669263093,0,-0.038149197,0.0492379926,0.0223674961,0.0400909998,1.100822824,0.312729426,1.0306801e-06,3.0758532e-07,0.4233471264,0.1792227895,0.2532376895,0.0548954405
80857,0.6220605769,0.0753559399,0.2855901084,0.0309520463,0.4457739444,3.8977109317,0.1157812742,-0.051397865,0.946881586,0.0081115697,-0.192356739,0.0295114853,0.4295231875,0.0429888164,0.0295114853,41,0.0024189006,-0.042553191,0.042902315,-0.25308159,0.017359914,0.1129268033,0.0480483423,0.0346777085,0.0842040697,0.4760980452,0,1.4133251529,0.2676220659,0.9373466162,0.1588960755,26.825694444,94.56585861,0.2661496605,0.0,0.0,1,0.9836578503,0,0.0,1.8383261272,6.0,0.0190604593,0.1460912908,-0.082078494,0.33120418,-0.537333389,-0.986896009,0.3466354272,-7492.707945,0.1090476693,12.490589353,-0.000707548,0.0102096787,0.017526022,0.0276023532,0.129215319,-0.008963085,0.0,0.0015543073,0.0578996163,-0.010053937,3.0,11.87117036,0.2433061457,0.7191354878,0,-0.146202844,0.0493733101,0.0211008142,0.0313963235,0.5424793558,1.9266987052,2.3527433e-08,3.1767086e-08,0.6015505445,0.3618630576,-0.586774998,0.0413651755
59627,0.630605941,0.0237179127,-84.81334043,0.0,1.6548901224,4.5830047327,0.0326403659,-0.018393646,0.7176881359,0.0091724419,0.0627747179,-0.009808967,-0.954063604,0.04634631,0.0098089673,41,-0.01334504,-0.021428571,0.0521549513,-0.187799646,-0.014600745,0.1254081372,0.0794078759,-0.092220196,-0.182285818,0.5099162827,0,1.820649381,0.0406072902,0.5743050689,0.0971798331,349.04680851,15.017575979,0.0916009289,0.0,0.0,1,0.9751340809,0,0.0,2.114145988,6.0,0.0089714189,0.0720059555,-0.082330256,0.0894404997,-0.465163453,-0.985706812,0.0087759321,-1736.486413,0.1748673505,10.876970001,0.00412784,0.049242735,0.2153183857,0.0498593183,0.017068864,0.0037578068,0.0,0.0027624309,1.7808239148,0.0031746,1.0,8.8915459578,-0.156721604,0.1249944437,0,0.024739463,0.0345533118,0.0244474591,0.0318253652,1.2658719061,0.5497828921,1.3069986e-06,1.6195593e-07,0.4800392503,0.2304376818,-0.005989048,0.0499921545
81190,0.3596728294,-0.110348523,-1.637527518,0.0,1.4630688267,8.2257963184,0.0001226542,-0.229787054,0.5502413205,-0.005830904,-0.212060504,-0.159415196,-3.026028505,0.2235692533,0.1594151963,41,0.0,-0.14375,-0.124635971,0.0647098544,-0.003116362,0.2826727537,-0.202464431,-0.096455134,-0.294362868,0.5889156462,0,2.0613149543,0.7557304815,2.0613149543,0.7557304815,59.483290284,6.9311055342,-0.043593444,0.0,0.0,1,1.0,0,0.0,2.5192135151,4.0,-1.583148771,0.213921337,-0.456781762,0.4737169989,-0.154487521,-0.776276938,0.3109760792,-4580.226151,0.0278203388,11.776779005,0.000518462,0.0002072732,0.0010948849,-0.366398813,0.076998158,0.0067926993,3.0,-0.016241299,1.2599571028,0.0630831607,4.0,10.504411739,0.0180321195,0.2882126114,0,-0.109363199,0.0730897114,0.0278689597,0.0456561827,0.6142570108,0.7561932283,1.068047e-07,7.8891103e-08,0.6974321238,0.4864115673,-0.539348403,0.0498246968
55976,0.2967168016,0.0589904819,12.512472906,0.0225470356,0.4293196183,1.7626459524,0.1217557413,-0.00510376,0.6232350514,-0.001546551,-0.034054839,-0.060628169,-0.765171178,0.1041282984,0.0606281689,41,0.0013857028,0.0,0.0195294133,0.0044028594,0.0008448071,0.0786335776,0.0452592152,0.0207031956,0.0673923021,0.4962240778,0,0.9694509131,0.098742724,0.2778679985,0.1801773968,52.930596606,71.336825022,0.211564938,0.0,0.0,1,0.0693948549,0,0.0,1.640390794,8.0,0.0071108856,0.0362771566,-0.027895912,-0.05448781,-0.07191191,0.1775108844,0.0335204659,102727.5887,0.3313016233,18.600409833,-0.000168359,0.01663478,0.0418911894,-0.008669841,0.0340736263,0.006436607,0.0,0.000174703,0.0667320882,0.0779801775,6.0,18.363648413,0.431776941,0.6174836825,0,-0.126567877,0.0958035663,0.025237791,0.0157846855,0.4430505864,2.1642295046,1.558508e-11,2.8067022e-08,0.415789884,0.1728812277,-0.010681832,0.0223441691
82924,0.3152473437,0.0528483917,2.1697933504,0.0204672928,0.5824244275,0.5445474759,0.1027735961,-0.023761237,0.4500047931,-0.003623925,0.0285396627,-0.058620681,-1.007836353,0.106110922,0.0586206806,41,-0.003852928,-0.039215686,0.0266139776,0.0436442916,0.0172503198,0.5869436817,0.0754061914,-0.018268226,-0.107598406,0.2332781696,0,0.921904532,-0.148231064,0.8425461283,-0.139261962,3.983989192,12.382136524,0.1509520539,0.0,0.0,0,0.0,0,0.0,1.1569078569,7.0,-0.033722156,-0.001416301,-0.038011533,-0.47062227,0.2096504576,0.3595386586,-0.048141721,1212.3277744,0.0943163074,14.770869026,-0.002065384,0.0146230212,0.0403455653,-0.014352034,0.1069210882,0.0085195153,1.0,-0.000573285,1.2371013558,-0.096180222,6.0,14.583776545,0.15837202,0.8965197087,0,-0.038149197,0.0306513496,0.0138419577,0.0190858838,0.2686090066,0.8069693139,1.3543796e-09,3.4046106e-08,1.122884589,1.2608698001,-0.012377052,0.0211524438
83011,0.1703234799,0.0429532378,21.801727696,0.0174366887,0.1537550236,0.6534647262,0.2348214582,-0.002763258,0.8399659525,-0.022945486,0.0229834964,-0.06549931,-0.494871363,0.0642095651,0.0654993099,32,0.0319437859,-0.046263345,0.0708381639,-0.047428039,-0.012172924,0.1837721345,0.0419332247,0.0480371322,-0.024917158,0.5274687696,0,1.5890475234,-0.035783543,0.5756300602,-0.181981239,21.077388562,69.646764989,0.4309805183,0.0,0.0,0,,0,0.0,1.56266869,6.0,1.4149966518,0.1355884514,-0.226594387,-0.090508291,-0.890988513,0.5860085822,0.4315827225,2022.6607099,0.1116949983,15.371362884,7.11822e-05,0.0294168836,0.0617517803,0.0133951218,0.0296689707,0.0058728702,2.0,0.0005423729,3.3069633132,-0.019077334,7.0,16.629403762,0.0357072037,4.6375301441,0,-0.115623953,0.0348143391,0.0232348218,0.0318960388,0.5784492856,20.915279226,1.561554e-10,3.3677832e-09,0.7209690955,0.5197964366,-0.152633835,0.0309758164
15456,0.3329428511,0.069363094,4.1900538573,0.0169406018,0.1441952011,0.9538759329,0.30651341,0.025810152,0.6808144537,-0.031376567,0.0908173562,-0.054360136,-0.369230769,0.0949740825,0.0543601359,41,0.0084937712,0.0241279471,0.0993082244,0.3013284265,0.0136781797,0.2241935484,-0.005457191,0.0040149125,0.0,0.5700125804,0,3.5287356322,-0.060004891,1.7327586207,-0.040082392,7.3950361944,90.518987342,0.6361003861,0.0,0.0,1,0.0151515152,0,0.0,0.9467147436,7.0,0.0088952191,0.1714856547,0.0007510563,-0.173689058,-0.201093965,-0.1327743,0.0038531843,3678.3177016,0.0893035129,15.845023168,-0.008291874,0.0215982721,0.0310197751,0.006710998,0.2376184032,0.0056384891,0.0,0.0008856089,1.6491638048,0.0640435867,5.0,17.772306027,-0.168578024,5.1568681068,0,-0.1429665,0.0321963504,0.0230191942,0.0228647473,0.5501707794,18.289961065,9.359746e-11,3.9737826e-09,0.5999423713,0.3599308489,-0.104968768,0.031349151
40539,0.0944431404,0.0490601222,12.861091969,0.0107035692,0.1520255654,0.6440215642,0.4288209159,0.0909084404,0.8722150585,-0.028770937,0.1495566416,-0.074380047,-0.358101654,0.066628633,0.0743800471,41,0.0235761873,0.0366492147,0.0603773969,-0.016754744,0.0022043868,0.1539668568,-0.00425689,0.0876116138,0.0081176994,0.6081730075,0,1.7088260637,-0.009330292,0.8899398774,0.0094021257,10.473428882,128.49551699,0.4379690977,0.0,0.0,1,0.036051946,0,0.0,2.088162041,4.0,0.0003625577,-0.010593079,0.0132723239,-0.412188769,-0.160560237,-0.066989597,-0.024492265,41332.829642,0.0893035129,17.733945757,-0.00088069,0.0517814853,0.1373355469,0.0079062581,0.1770324671,0.0024120906,2.0,0.0001366307,2.1422092862,0.0633108045,6.0,17.516384002,-0.018224596,1.0303648206,0,-0.1429665,0.0345349759,0.015398978,0.0191965713,0.5336793796,4.3729218211,3.949957e-11,1.5465905e-08,0.6470853552,0.4187194569,0.0672556031,0.0247988105
10025,0.2195963159,0.0706373702,8.8751921456,0.0,0.8587032138,2.7958823241,0.1422990301,-0.015082359,0.4770800052,0.0043298563,-0.094750406,-0.093887061,-1.444186288,0.1726508916,0.0938870609,30,0.0334644271,0.04,-0.043251829,0.0776061153,0.4331626578,0.1627223663,0.1181914114,0.045374609,0.5017170042,0.5778435343,0,2.0900236551,0.0924468944,1.1826726641,0.0298016563,56.596965339,10.877642238,0.1637395196,0.0,0.0,1,0.0636451119,0,1.0,3.2570983467,7.0,-0.000625136,0.001639069,-0.037578816,-0.280220597,-0.770850833,-0.810261447,0.0659791174,-4156.544554,0.2017925001,12.634248343,0.0150465604,0.0252688936,0.1354137572,-0.094152949,0.0458127463,-0.012093052,1.0,0.0268371546,0.5386728716,0.0389523366,3.0,12.331816813,-0.902065618,0.9779037935,0,-0.027785261,0.0413759388,0.0198014529,0.0316537183,0.4409838076,1.9914042754,1.9969823e-08,3.0054067e-08,0.8926295328,0.7967874828,0.3592828564,0.0519497696
67467,0.3250260482,0.0562578491,16.663648227,0.011745891,0.3484046237,2.1311952422,0.1438391543,-0.059616038,1.1749569872,-0.080558838,0.0097462096,-0.107777537,-1.331038116,0.1311391906,0.1077775375,30,-0.037503296,-0.052493438,-0.023545091,,0.0132066713,0.2174206028,0.075907332,-0.02453439,-0.124110993,0.4967756825,0,1.7665494557,-0.09006853,0.3177114433,-0.109824937,99.061977383,,0.3043763984,1.0,0.0,1,0.1993295513,0,0.0,2.2645938052,5.0,0.0100723105,0.0262606773,-0.080389351,-0.026178564,-0.108248964,0.3710505478,0.0605313581,-14806.59816,0.3313016233,14.770414458,-0.000362995,-0.001023214,-0.002658727,0.0041488881,0.0325734916,-0.006122342,0.0,-0.00021692,3.0145749068,-0.112514188,4.0,15.841358578,0.1403904734,5.2301572993,0,-0.126567877,0.1408419311,0.0380170179,0.0303110635,0.7192645245,30.716267607,3.780844e-10,3.1859963e-09,1.0335626895,1.0682518332,-0.231061762,0.0469181007
10182,0.9183587129,0.0820709165,-6.723360252,0.0,1.957508862,8.2257963184,0.0492192397,-0.143858863,0.2040122929,-0.017918134,-0.176088013,0.0083846361,0.3184926815,0.0559319302,0.0083846361,29,-0.073813984,-0.021978022,0.0316430929,0.1721750845,-0.012570757,1.0894079615,0.15885158,-0.074393982,-0.065980784,0.6005383548,0,1.4902311597,0.0637248864,0.9667043001,0.1108912693,50.959275868,9.7098011308,0.0527438281,0.0,0.0,1,0.0107817399,0,0.0,0.6843345432,5.0,-0.145302187,0.3684465955,-0.191754965,0.3347597032,-0.028073369,-0.03246947,-0.203344494,-76.28451177,0.0457306398,14.793775506,0.0001285775,0.0068179204,0.0213351963,-0.130299733,0.0920587325,0.0002770233,0.0,-0.00178596,2.6421512374,-0.082354619,1.0,15.202017195,0.0453050356,2.2131810476,0,-0.04015385,0.0595014691,0.0258116746,0.0322304229,0.3003097842,3.7280684567,6.385369e-10,7.7442641e-09,1.0557711331,1.1146526854,0.0432133727,0.0285189276
10259,0.6379689711,-0.096619196,0.2135248036,0.0,0.2762335744,0.8384245296,-0.101126134,-0.048393002,0.5362159657,0.0258533043,0.0811898787,-0.177517406,-1.722363025,0.0697941349,0.1775174065,29,0.0001994738,-0.034916201,-0.054620393,0.0244490568,-0.032888873,1.0052792442,0.3511962611,0.0147422083,-0.095340013,0.6442645605,0,2.9314829002,-0.076010924,2.529868191,-0.059572786,2.0865937573,6.9750722276,0.0001172264,0.0,0.0,0,,0,0.0,0.7304834239,2.0,3.0424420275,-0.03733129,-0.202156731,1.4531234294,-1.220643816,-1.065658247,0.1614429417,-4894.568807,0.0446872923,12.496695991,0.0150470934,0.0306048197,0.0433015497,0.0243417412,0.4151373769,-0.006568646,3.0,0.0011350738,2.7971575345,-0.313875586,4.0,12.957897365,-0.180949243,1.9928915076,0,-0.130399472,0.0630768985,0.0215401684,0.0374681803,0.4275439335,3.1179792963,9.856317e-09,1.3987431e-08,1.9942197934,3.9769125845,-0.104783613,0.0705566128
10501,0.281926168,0.0435433778,2.3662323485,0.0,0.2073728988,1.0125224469,0.2536577155,0.2085656115,0.4909108537,0.0390281727,0.2117489374,-0.063755885,-0.654609989,0.0720473078,0.063755885,29,0.0122501948,0.0313262815,0.1361981514,0.143363294,0.0759176201,0.145775839,-0.120706644,0.0606215764,0.2062347477,0.716451091,0,3.319908008,0.125492645,2.8954711641,0.1411913317,4.4609843224,17.889666681,0.3149837482,0.0,0.0,1,1.0,0,0.0,0.8476580335,7.0,0.4602486934,-0.113516852,-0.027348912,0.0838505185,-1.085321793,0.5025876082,0.0146867654,-1377.435068,0.1172520361,14.086960709,0.0160355471,0.0430201163,0.0729347198,0.0325847153,0.431553617,0.0016392976,3.0,0.0044016506,1.6199997571,0.2361557931,6.0,14.710487025,-0.612632018,2.0576694898,0,0.1227964017,0.0566785671,0.0177342556,0.029625246,0.32290233,2.7858147973,1.1317996e-09,1.0603348e-08,1.3520993305,1.8281725994,-0.095204167,0.0494882443
70228,0.6713931374,0.0577441184,0.7280256039,0.0,0.7915790753,0.7145879774,0.040535101,0.0938127829,0.116787388,-0.001136844,0.0926716423,0.0343843648,0.8342856041,0.0095690317,0.0343843648,30,0.0596844528,0.1142857143,0.0495494328,,0.034783584,0.0728055165,-0.222991275,0.0672640599,0.0955228551,0.5478427316,0,34.519356159,,4.4619692513,,4.6313162228,51.72964698,0.0794716865,0.0,0.0,1,0.0418633441,0,0.0,0.2147735457,4.0,0.0078759051,-0.036172145,-0.023248011,-0.444950612,-0.344226703,0.5741698709,0.1710676942,4369.3942057,0.0754152071,15.407300219,0.0015879952,0.017050723,0.0357106718,0.0104502183,0.1054034018,0.0520567119,1.0,-0.000834028,1.3922098609,-0.099378815,4.0,16.440241425,-0.243900093,3.3607146518,0,-0.141915826,0.0870848224,0.022583408,0.0217222777,0.4650696349,11.494313934,1.601801e-10,5.7063312e-09,1.1594178214,1.3442496846,-0.052271246,0.0294463727
77420,0.6772786187,-0.047099051,-5.171055901,0.0144145518,0.3806673582,3.2101936921,-0.073424952,-0.025402001,0.7562551789,0.0048381398,0.0884819681,-0.140802819,-3.20395101,0.1038040012,0.1408028195,23,-0.070418895,0.0028502521,0.0158840085,-0.152124691,-0.117602677,0.2851894295,0.0657484582,-0.067826734,-0.079530858,0.4879823611,0,2.0330451284,-0.120670216,0.5048265445,0.0717174143,305.90822981,23.216104741,0.0542533967,0.0,0.0,1,1.0,0,0.0,1.1145858248,4.0,-0.020878905,0.0364828866,-0.02504566,0.3260740065,-0.10086422,-0.514127018,0.0331961687,-14806.59816,0.3313016233,13.211812728,0.0098826107,0.0019667084,0.003505654,0.1254579838,0.0085899122,0.0009300675,1.0,0.0,1.1188913488,0.15374574,1.0,12.897585346,-0.043475956,0.9757390473,0,-0.126567877,0.05152395,0.0274633077,0.0415653963,0.3850585179,1.7854292428,1.0646788e-08,2.3462015e-08,1.5462072787,2.3907569486,0.0017501394,0.0442819921
10514,1.5840735946,0.0163996905,-1.447584467,0.1174149381,0.998637848,3.3065945203,0.0278995739,-0.103733152,0.4365991607,-0.029388009,-0.102403396,-0.050740514,-8.453318335,0.1550314952,0.0507405144,29,-0.080313828,-0.0625,-0.089338742,-0.410128608,0.0086192287,0.2782674868,-0.19707158,-0.067624361,-0.104569438,0.7093925874,0,3.1225738552,0.0372842918,1.5759967692,0.081885964,3.0242877751,101.12552891,0.0538774084,1.0,0.0,0,,0,0.0,0.7010052347,7.0,1.3967607718,0.0175181668,-0.242831042,1.3232418237,-0.826066196,-0.98318961,0.5224046526,-5059.39336,0.1116949983,11.693871922,8.74626e-05,-0.016890877,-0.025621444,-0.028250836,0.2740529478,0.0608622449,0.0,0.0012533345,0.0680469754,-0.018223949,1.0,9.4469898954,0.1224651245,0.0649900015,0,-0.115623953,0.0418848395,0.0183895644,0.0237351357,1.0313579089,0.1296264595,2.1948124e-06,2.0000008146,0.2883042653,0.0831193494,1.8039918753,0.0384102051
10645,1.0543896788,0.1399996666,-4.793700089,0.0,0.4992582468,1.6624272832,0.0668856859,0.1129313433,0.4212776119,0.3175284674,-0.184846506,0.0573017326,0.6036432909,0.0554898071,0.0573017326,29,0.0052328801,-0.086194814,0.0913607266,0.0644669245,0.2430063548,0.114209941,-0.142252783,-0.019928358,0.3457005489,0.4848594649,0,2.8046507723,0.1542666371,1.112743452,0.1697348762,14.749186631,7.0403783707,0.2918915677,0.0,0.0,1,1.0,0,0.0,0.7005488661,6.0,-9.949300387,0.0333002808,-0.168756966,1.0270315356,-0.973064962,-0.470710268,0.1286830496,-3054.111903,0.0318276958,11.066468001,0.0069269957,0.023009714,0.03137905,0.0150291273,0.0468546827,0.0232106105,0.0,0.0024291498,4.0702648716,-0.137128608,2.0,11.544026621,-0.732520566,1.2271536871,0,-0.077015,0.0579531789,0.021245435,0.0366016208,0.6003066629,2.5727194368,7.1905092e-08,2.2548445e-08,-0.063012655,0.5890582472,0.6853243906,0.1267564392
27167,0.1552823736,-0.042486983,3.4157187177,0.0,0.1319283976,0.2851465015,-0.37720329,0.0310325787,1.0071783545,-0.823099258,-0.15123885,-0.298189332,-1.988397389,0.0419940229,0.2981893317,31,0.0,-0.333333333,1.5238614671,2.5238614671,2.1771694607,4.8043478261,,-0.000441745,0.3770491803,0.7275069623,0,11.609427609,2.3219637054,11.609427609,2.3219637054,1.3672625203,,-0.223222901,0.0,0.0,0,,0,0.0,2.3683060109,6.0,-13.62531219,0.5207043639,-0.639441434,0.0879483046,,-0.696480341,0.3752217263,-5202.840669,0.0238858186,10.251238801,0.0,-0.125693161,-0.215405135,-0.042363743,0.7250428449,3.6,2.0,0.0573374003,8.1543907607,0.0671737362,3.0,8.3083789935,0.4478143341,2.5252248133,0,-0.253901646,0.0562582575,0.0265628759,0.0397959006,1.1665939202,1.2996047139,3.6586234e-06,1.2209378e-07,,,,
13656,1.6364274709,-0.654147045,-19.6238428,0.0,0.8658511255,8.2257963184,-0.011855087,-0.237802841,0.6522022935,-0.000747154,-0.130463885,-0.25883059,-1.144545481,0.0945539996,0.2588305903,3,-0.052734698,-0.18974359,-0.027060633,0.1701136868,-0.01723283,0.176934606,-0.27827599,-0.051929626,-0.284533864,0.46476075,0,2.2485553576,0.0556613227,0.2776292254,0.1137765723,119.31697559,147.81229773,-0.66542186,0.0,0.0,1,1.0,0,0.0,0.9296031175,4.0,-0.198031354,0.2260599121,-0.478333079,1.1329177401,0.067662953,-0.376209136,0.0498650422,-2143.151304,0.3094931693,11.858726731,-0.002744121,-0.008714874,-0.013025588,-0.098552217,0.0335308319,0.0103401572,0.0,0.9068457116,2.749606662,-0.062165644,2.0,10.605494615,-0.347670984,0.3352993823,0,-0.287894832,0.0762411878,0.0276246086,0.0401167855,0.4383874272,0.8047397783,8.5983059e-08,6.6671714e-08,1.1712762046,1.3718879474,-0.012481199,0.0642328471
89105,0.8468987058,-0.702566014,-9.477441221,0.046489673,1.3672180447,1.8918803958,0.0662659531,-0.33670622,0.1744370988,-0.005167985,-0.168198059,-0.329415801,-1.301639893,0.211921937,0.3294158011,41,-0.02156587,-0.12987013,-0.16043231,0.0732507108,-0.055212662,0.1708529453,0.1413472453,-0.006258726,-0.500172299,0.4467645563,0,2.2707175164,0.018983964,1.1642262767,-0.094102183,30.831967731,3.9062337992,-0.41307251,0.0,0.0,1,0.0553994134,0,1.0,0.3210784805,4.0,-6.025946086,0.0121248413,-0.132271003,0.3754487819,-0.245317617,0.0111362611,0.2005535373,-2363.650434,0.0400118084,14.327005174,-0.016472794,-0.246772537,-0.479480677,-0.159859467,0.0277135344,-0.087215634,0.0,0.0005820722,1.5557146117,0.0613620561,2.0,16.619891636,0.7093331736,8.3862933111,0,-0.119685598,0.0580270551,0.0488414209,0.0588444561,0.3205673129,17.462556926,5.355099e-10,3.0694045e-09,2.6343060655,6.9395684468,0.0180188742,0.0552030076
71837,0.7613542639,0.0700408799,-1.934303048,0.0426102644,0.5775691401,2.613952036,0.1384031251,-0.044890389,0.7797316896,-0.000233209,-0.063912288,-0.044965299,-0.928150766,0.1350493761,0.0449652988,29,0.0,-0.060217177,-0.013135867,0.0390600047,-0.025317073,0.2062131009,-0.607869197,-0.0837424,-0.020250544,0.6541858547,0,2.1775213993,0.0443459453,2.1775213993,0.0443459453,12.502712834,2.9363111925,0.1679212707,0.0,0.0,1,0.7873417722,0,0.0,1.4808907055,7.0,0.641531058,-0.410096271,-0.236126492,0.4314922763,-1.825635803,1.2323609603,0.2213462763,-2248.528483,0.0767661838,10.376656968,0.0164587241,0.0096949875,0.017987268,-0.068903395,0.1710738064,-0.00016867,0.0,-0.004019548,3.4200595829,-0.090987115,3.0,8.6177323788,-0.21381377,0.1808475142,0,-0.061856555,0.0299906321,0.0163794298,0.0132667928,0.7123135266,0.2224640612,2.2768876e-06,3.021413e-07,-0.063012655,0.0082978896,1.1834587846,0.0383340008
11154,1.0122775296,0.0698670411,-1.650200469,0.0,0.4438439802,0.8207220649,0.0946384655,0.0159077637,0.2184451162,0.0101926285,-0.021402262,-0.085379455,-1.984761905,0.2085364827,0.0853794551,29,0.0016185176,0.0333333333,0.1507682311,-0.013660696,0.1051743404,0.1492534041,0.0437416027,0.0130987395,0.0294642146,0.5648367221,0,1.8896165902,-0.218769566,1.7642507214,-0.2183875,2.5463333123,4.763084248,0.4407321984,0.0,0.0,1,0.1433253874,1,0.0,0.3500199029,7.0,45.118844222,0.0510909519,-0.086625598,9.3059671743,-0.868646833,-0.410903116,0.4844639186,-4570.337436,0.0587429544,13.391082829,0.0033055346,0.0178015106,0.0296165059,0.0273080321,0.1968973416,-0.208500121,3.0,0.0072992701,5.3473566004,0.0584940566,6.0,13.765140514,-0.212101095,1.5918550044,0,-0.130399472,0.0404495075,0.021959495,0.0280112272,0.4301667951,3.305652313,3.6494457e-09,1.4453358e-08,0.6866456269,0.471482217,0.1335000213,0.0379358352
11343,0.6578754089,0.1379814812,1.5965387295,0.0198615757,0.1415581235,1.7908635742,0.3178691356,0.1261721014,0.5091311422,-0.026371536,0.0388928478,-0.069246667,-0.378725098,0.1902385313,0.0692466669,29,0.0067126223,0.0700636943,0.0103194953,-0.08302263,-0.043609201,0.1094200201,0.0142905268,0.1272132694,0.1469049433,0.6096092895,0,3.4902354772,0.0089580202,2.257635801,0.0419624096,14.255538775,21.675609643,1.3366720012,0.0,0.0,0,1.0,0,0.0,0.6271599246,5.0,-7.906185662,-0.302275727,-0.121711838,0.4853279683,-0.705065386,0.4899334636,0.1515454352,-9896.078422,0.0443391772,14.521269203,-0.029792522,0.0221755736,0.0267933881,-0.051907626,0.1571435306,-0.04114957,0.0,-0.005035247,1.3450157934,0.035845344,4.0,15.780328045,0.2753243613,4.0130811593,0,0.0754917078,0.0269640498,0.0170562986,0.0280118037,0.4652178995,9.5512738669,3.687082e-10,6.3108502e-09,0.7062977416,0.4988564998,0.1871962329,0.0342560894
11379,0.3588384246,-0.043410944,5.0197645007,0.0,0.6552617233,1.6080342521,-0.03314439,0.0999195386,0.80046002,0.0017195035,0.2741484782,-0.100232506,-2.235125705,0.0536179722,0.1002325064,28,0.0387737948,0.0256950295,0.0671086104,0.6335396635,-0.002091291,0.1969782594,0.0483814201,0.1836583383,-0.11985215,0.5154132708,0,1.4684908147,-0.114696583,0.2776292254,-0.296964321,90.279110336,114.40176844,0.0831894261,0.0,0.0,1,1.281002589,0,0.0,1.7898467196,3.0,0.1292254865,0.1006706225,0.0023181387,-0.147793485,-0.367267018,-0.423983091,-0.037502926,-3560.994738,0.0893035129,12.379815474,0.0,-0.019898905,-0.058949001,0.0201817402,0.019436346,0.02134371,0.0,0.0034246575,2.4739570082,-0.056581438,4.0,11.464799654,-0.094927903,0.422453863,0,-0.1429665,0.1111111119,0.0353487387,0.0464461634,0.4218102823,0.9804803335,3.5831184e-08,4.1268277e-08,1.3076722759,1.7100067812,0.1892376618,0.0436419497
11174,0.523048772,0.0672560443,177.47197468,0.0,0.3901284479,1.079223144,-0.164213887,0.1020212113,0.5508523329,-0.023695055,0.1396881734,0.0446875434,0.5793887946,0.0282886459,0.0446875434,29,0.0108739776,0.0,0.0876056377,-0.019676263,0.0048582649,0.1127697789,0.1641891967,0.0217287784,0.0757423464,0.677787844,0,32.8296135,-0.138549522,29.72064961,-0.14062857,598.18860759,1.4460893966,0.2075330506,0.0,0.0,1,1.0,0,0.0,0.9263242934,5.0,0.0155257246,0.133597882,-0.136186711,0.004503821,-0.434300818,0.2963939951,-0.050227475,-6615.695862,0.5457032371,12.165249222,-0.012135637,-0.001199868,-0.002124749,-0.006093852,0.0034335572,0.0027538819,0.0,-0.010806075,5.6476317469,-0.116792466,2.0,12.697787485,0.3989786445,1.9950106025,0,-0.183299014,0.0475750901,0.0323885795,0.049104202,0.6532825474,12.041530825,1.1579625e-08,7.360278e-09,0.983767614,0.9677987183,0.0212376315,0.0375678288
75100,0.2530217252,0.0432117306,9.442436999,0.0170615201,0.2079404394,0.3792938062,0.2004358149,0.0901137142,0.5739765434,0.0079026124,0.1543557392,-0.026364363,-0.270433042,0.0548976104,0.0263643625,28,0.0071543672,0.1320754717,0.0542733675,0.0013529944,0.0298543604,0.2118527149,0.0314888468,0.042942956,0.0421336719,0.5129926379,0,5.4881548494,0.1844353931,1.8984990114,0.4667869449,5.8102021035,19.881145739,0.3103464215,0.0,0.0,0,0.0,0,0.0,0.9795613719,6.0,1.4817615952,0.0581474674,-0.04825557,-0.007810046,-0.829769409,0.2559009262,0.4222707678,6036.9945999,0.1116949983,15.870669034,0.0058297107,0.017565872,0.03161918,-0.002023596,0.1403654807,0.0121486046,0.0,-0.000727802,2.9353275786,0.0732308198,6.0,16.86325634,-0.072279596,3.2973120242,0,-0.115623953,0.0219658576,0.0173778678,0.0227073272,0.4664649136,11.474953772,8.192606e-11,4.7631192e-09,1.0687434499,1.1422125617,0.0845848909,0.0281373799
89609,0.7058967076,0.1408463547,-0.793630002,0.0,0.5547773543,1.3272360087,0.0966419838,0.1002968093,0.6226193421,0.0178613956,-0.069956648,0.0535241123,0.4572434608,0.07644528,0.0535241123,28,0.0356533004,0.0443037975,0.2475692595,0.1983332662,-0.064094882,0.2712508639,0.6195684109,0.0274239426,0.2851983231,0.4805244183,0,2.096746162,0.0848954421,1.4441440572,0.0294528166,5.7175339539,5.052184466,0.2929846154,0.0,0.0,1,1.0,0,0.0,1.2828764915,6.0,-0.639327124,0.0942381122,-0.064223138,1.0066148286,-1.060127279,-0.775082219,1.0104639507,-3083.686633,0.0352290716,10.179067929,0.0026898343,0.0294177495,0.0539963718,0.0301459376,0.1841351017,0.0255237532,0.0,0.0456262839,3.800178394,0.0015008769,4.0,8.2935469856,-0.219826982,0.2643178525,0,-0.077015,0.0369369201,0.0219370228,0.0345126877,1.8563143761,0.9912272467,4.32834e-05,1.0000001161,0.124445626,0.0154867138,1.1503548641,0.0481889677
12266,0.2330698629,-0.198819849,2.2914452729,0.0145922825,0.1517226257,0.1057348262,-1.718882591,0.0764150422,0.135059915,0.0809298321,0.6820887683,-0.152535251,-0.284741253,-0.142207636,0.152535251,24,0.0194033264,0.1684782609,0.1955269854,-1.667085627,-0.005588287,0.0688309971,-0.761094135,0.1686896019,-0.127994919,0.8499679164,0,2.157000884,-0.441530137,1.960006429,-0.457560813,0.3938324436,7.0236034618,-1.609694002,0.0,0.0,0,,0,0.0,0.1806404916,2.0,47.318024141,-0.074913135,-0.040144979,-8.587332813,11.331625738,-0.42660587,-8.89955962,-5294.081387,0.0248274717,11.512295977,0.0,-0.143406641,-0.238033402,0.0127429584,0.6391524717,-0.188811721,1.0,0.125,-0.204854128,-0.024316916,4.0,11.243134029,-0.58791686,1.2564034384,0,-0.253901646,0.0830325559,0.0333703042,0.0800771251,0.3927092345,1.6458378653,7.397193e-08,2.389471e-08,1.1482799631,1.3185468736,0.3536100473,0.0765235775
13628,0.0753741345,-0.016600216,7.0357348756,0.0,0.0825156241,0.0527403056,-0.432185322,0.0837986183,0.2614833212,0.0250817884,0.2463075604,-0.154351873,-1.411332274,0.0068282047,0.154351873,3,0.0,0.4423076923,0.6800941702,-0.363177981,0.0903085327,0.3282525547,-0.12991787,0.0440263479,-0.051584504,0.8765064404,0,3.2888727749,-0.314339412,3.2888727749,-0.314339412,0.4241030215,4.1828018072,-0.181826038,0.0,0.0,0,0.0,1,0.0,0.4531581,5.0,-10.07321098,0.1497858031,-1.999158457,3.8533969037,-0.107889753,0.1119278668,1.0014004827,10704.058442,0.0288563477,16.007548647,0.0002311499,-0.031839073,-0.068739151,0.0059487253,0.7551698363,-0.002097884,0.0,0.0005065215,1.796349732,0.0272729131,4.0,16.944921231,-0.154709459,3.5399019608,0,-0.109363199,0.0338886119,0.0178049065,0.0266054472,0.4454935578,8.1426410542,1.388186e-10,7.4170356e-09,2.0020578379,4.0082355862,0.0440731538,0.0421362782
13636,0.0355780395,-0.058859828,-1.182031528,0.0,1.5764990327,1.2689864087,-0.00645202,-0.190275053,0.2524207538,-0.018920498,-0.171860838,0.0700359876,2.1435475857,-0.18502867,0.0700359876,3,0.0024365605,-0.08,-0.268499205,-0.070526936,0.0005864569,0.4135486492,-0.097350545,-0.046203646,-0.592136544,0.4638411335,0,1.0620405536,0.015022252,1.0046958481,-0.002270129,2.461311964,6.6597600112,-0.00271964,0.0,0.0,0,,0,1.0,5.7415726913,2.0,-10.20134959,-0.006400476,-2.521466149,3.8136008087,0.0795557828,0.1119278668,0.8095436084,-3858.290658,0.0288563477,13.339040583,0.0016148051,-0.035944155,-0.147460192,0.0268510726,0.2075853274,0.0799367079,0.0,-0.017001546,0.2923911593,-0.024693047,1.0,14.301610048,-0.115369535,3.6583796315,0,-0.109363199,0.1730219871,0.0422213227,0.0320384249,1.1032797948,62.174485037,2.8568003e-09,2.9747754e-09,1.5350112136,2.3562594259,-0.067970829,0.0405166076
75489,0.4859244681,0.0123221014,2.5953323958,0.0281204706,0.4580154021,2.0602198901,0.0892301995,-0.077061079,0.5577264571,-0.019207793,-0.006690053,-0.084548256,-6.752687213,0.0955293981,0.0845482564,27,-0.017111582,-0.047380975,-0.026905595,-0.075345429,-0.004573957,0.2683368017,0.0955107686,-0.028544388,-0.134893758,0.3966255988,0,1.5731078284,0.0113324568,0.9214133353,0.066114265,35.863030036,11.667487126,0.1179984382,0.0,0.0,1,0.0337891615,0,0.0,1.0083365635,5.0,-1.49865091,-0.103221804,-0.206176566,4.4427448614,-2.564534959,-0.958137539,0.3490569047,8020.6137858,0.1062765098,15.5537507,-0.002121209,0.0191748983,0.0379674017,-0.044080599,0.0757898818,0.0036891006,1.0,0.0,0.3925291116,-0.052720141,3.0,16.769750187,-2.2657e-05,3.4606905807,0,-0.017907774,0.0241545662,0.04304379,0.0298551765,0.5465607503,22.103726223,1.53824e-10,4.9261472e-09,0.6563097667,0.4307425098,-0.18309768,0.0422330308
14609,-0.105083694,0.0462298491,105.16981154,0.0,1.0130555053,2.2135692925,0.1899528575,,,,,,,0.0686639366,,1,,,,,,0.168455548,,,,0.5042702061,0,1.7374365536,,0.2776292254,,376.92918332,117.5428317,0.1516979535,,,1,1.0,0,,,,,,,-0.365915465,,0.6415961508,0.436037094,-4869.6477,0.1116949983,12.806270018,0.0012101398,0.0292736059,-0.394778219,0.0212185492,0.005651922,-0.039899985,2.0,0.0,0.5666949704,0.1956439707,3.0,14.369259477,,2.7083066664,1,-0.115623953,0.0263275392,0.0296922061,0.0339264006,0.5885549818,14.16953379,3.8432845e-09,6.8129369e-09,0.7346839446,0.5397604985,0.2078122121,0.0541934411
13957,-0.134466215,-0.000707717,56.646792353,0.0,1.206657348,1.5714854201,0.1041004184,-0.041745731,0.4052814674,0.0190720256,-0.037810384,-0.048288114,-33.80952381,0.0521941228,0.0482881137,2,-0.000484496,-0.032258065,0.0465417698,0.0063888061,-0.012239913,0.5698924731,-0.057932851,0.0006325111,-0.005235602,0.271729868,0,2.0246696035,-0.039095147,1.0828193833,-0.03856898,104.49411765,8.1636029412,0.0299108427,0.0,0.0,1,0.5709362435,0,0.0,-2.751308901,6.0,-0.120748851,,-0.202035007,-0.718065224,-0.314637314,-0.055480323,-0.207082302,3441.2948382,0.0457306398,15.773947609,-0.002299555,0.0023059185,-0.038167939,0.0047137047,0.0140357273,0.0131918835,0.0,0.0,0.9197956064,-0.059094088,4.0,16.422450425,0.1412987872,2.2718815337,0,-0.04015385,0.0231883842,0.0131127079,0.019754232,0.282759829,1.9356955026,2.366099e-10,1.540166e-08,1.5089894801,2.277049251,0.0430117244,0.0342561282
14041,0.06520487,-0.006916841,14.17031203,0.0,0.010707904,0.0466050787,-0.024100475,-0.335129275,0.2364400933,0.021440678,-0.583082581,-0.002959923,-0.038167939,-0.00665284,0.0029599226,3,0.0,0.1666666667,3.499465812,2.5887843529,-6.071245662,,,0.0,0.0870254093,0.9229484139,0,6.7272727273,1.820330073,6.7272727273,1.820330073,0.7110633727,147.81229773,-0.234179478,0.0,0.0,0,,0,0.0,0.42233437,4.0,-5.396168721,0.4840316004,0.1450321884,1.7953523735,,-0.337592167,-0.217752058,-13966.41381,0.0347046397,12.805573132,-0.025711441,-0.031228382,-0.034117901,-0.008289693,0.8950054885,0.0,1.0,-0.003555003,-0.804174916,-0.066451824,2.0,13.664080233,1.3556736757,2.4062042728,0,-0.10617775,0.0694692284,0.044693977,0.0565871938,0.4744549636,4.8001134903,9.5582279e-09,1.1979436e-08,1.2378978311,1.5323910403,0.7659090403,0.1265400625
14143,0.0593838329,-0.302115181,1.7426846334,0.0,0.5182949699,0.219089891,-1.797424068,0.1276487439,0.2746949849,0.1302117823,1.3082691904,-0.149657163,-0.269965015,-0.220554652,0.1496571629,2,-0.090094699,-0.247139588,-0.266413391,0.0173671839,0.05177932,1.1214640576,0.2198333953,-0.137921511,-0.79362539,0.8544194732,0,3.4274906805,0.4264081378,3.2388714275,0.7701368285,0.5055532439,5.2370689655,-0.730796809,0.0,0.0,0,0.0,1,1.0,0.461734989,4.0,7.1468681338,,-0.385345285,-0.306229574,-0.308325942,0.0744744517,-0.228245694,-4090.542539,0.0410566741,10.943332909,-0.000560722,-0.140589049,1.1013403213,-0.05829384,0.6783804053,0.1003906368,3.0,-0.02484472,1.8554256468,-0.263987944,5.0,11.151522336,0.0423903506,2.4561296637,0,-0.119685598,0.3519047797,0.1053962302,0.1272633088,1.0242458839,18.479556224,1.8557254e-07,7.1954017e-09,3.1128218718,9.6896600057,0.1898553836,0.0958579676
14182,-0.017565986,0.0175670509,44.764322,0.0,0.7166174194,1.2916953608,0.096146876,0.0013265463,0.739476142,0.0212791944,-0.02923985,-0.090124009,-3.58395876,0.080526637,0.0901240092,2,0.0261763008,0.1297557734,0.0868776624,-0.306586097,0.0168159603,0.1617857853,-0.077466383,0.0930944049,-0.561694181,0.3959863052,0,1.0582627902,-0.059069333,0.2776292254,-0.350576706,91.24600651,97.546745515,0.0816373982,0.0,1.0,1,1.0009341411,0,0.0,-4.428422697,7.0,0.0121079181,,0.1063788826,-0.524197895,0.1898459193,1.0505612407,-0.010594261,-63.99242842,0.0893035129,15.277961174,0.0118527613,0.0056530013,-0.371927062,0.0205162074,0.0201927269,0.0196290755,1.0,0.0004159734,1.948463243,0.1015672586,3.0,16.264889049,0.3429325493,3.961093321,0,-0.1429665,0.0744585618,0.0292912836,0.0343328774,0.5144649949,11.830290531,2.78152e-10,4.3575447e-09,0.8799029176,0.7742291443,0.4060500277,0.0453670572
14141,0.1537515375,0.0628375849,4.3285049834,0.0245111147,0.4692764319,1.7313760094,0.2187784868,-0.033863165,0.2460262612,-0.06122449,-0.01588785,-0.095606327,-0.964539007,0.1234468866,0.0956063269,2,0.0056239016,0.0,-0.057267653,0.0667259053,0.0861693876,0.3559322034,0.6427640156,0.000691085,-0.084880637,0.5423276109,0,1.6343154246,-0.072682194,1.5181975737,-0.084210234,12.906976744,7.1415441176,0.1526142252,0.0,0.0,0,,0,0.0,0.899204244,6.0,-10.11745584,,-2.441466149,3.9317743067,-0.43969914,0.449313885,1.1180191646,-1990.541558,0.0288563477,14.718579975,-0.004243281,0.015755329,0.0885416667,0.06257229,0.0877757353,-0.005975102,1.0,0.0019624945,1.5430644723,-0.002122,5.0,14.729934022,0.1406317737,1.25580963,0,-0.109363199,0.0400763042,0.0157707208,0.0197723172,0.2839471752,1.3707176509,1.075673e-09,2.1558515e-08,0.8884894759,0.7894135488,0.0499171059,0.0335960956
14231,0.1079271277,0.0107130474,8.1046607335,0.0,0.0366245989,0.0830934334,0.494813525,0.4714507923,0.5441227303,0.0502916854,0.5303618144,-0.059421021,-0.673327885,0.0179264409,0.0594210215,2,0.0,0.3117241379,0.4904616205,-0.058483584,0.0599735168,0.1393114208,-0.761094135,0.0721102434,0.4524770079,0.8794696544,0,3.7029655483,-0.093269009,3.7029655483,-0.093269009,0.7872411548,3.3803002342,0.3882436949,0.0,0.0,0,,0,0.0,0.7193712156,6.0,-10.10977261,,-2.129742011,3.8859498969,12.449279355,1.1022986381,1.0124987188,-464.9058784,0.0288563477,14.971429098,0.0020992665,0.0177170944,0.0231065808,0.0068558927,0.5431201233,-0.031389937,0.0,0.0003941663,2.0387200104,0.0530169185,6.0,15.603086617,0.0775593642,2.6790157903,0,-0.109363199,0.0813172087,0.0210830142,0.0259219322,0.8060555476,23.458387127,4.249348e-10,5.9271408e-09,1.7842889113,3.183686919,-0.123661529,0.0545063578
14340,0.0986398702,-0.057839716,6.7535060031,0.0,0.0778260922,0.1332228079,-1.0103563,0.1640592733,0.6078372338,0.0634814288,0.9737627068,-0.371793202,-1.054387633,0.0031457653,0.3717932025,2,0.0234337237,0.4155405405,0.8107656701,-0.184651845,0.0267470197,0.2383974289,0.1534052289,0.1225301172,-0.120582619,0.861511377,0,3.1310971214,-0.480311237,2.9871569994,-0.492501905,1.0925122604,6.4549630008,-0.899190067,0.0,0.0,0,,0,0.0,0.821515395,4.0,7.043085822,,0.277334844,-0.266973536,-0.041808761,0.0744744517,-0.004545278,-2742.046889,0.0410566741,13.529178275,0.0001108494,-0.088427711,-0.172136678,0.0118561576,0.6443022302,-0.032079153,1.0,-0.002654867,6.1054744875,-0.313875586,6.0,13.993761004,0.4483535469,2.4286975455,0,-0.119685598,0.1646259278,0.0454020005,0.0554872187,0.7185540934,13.366865678,5.0186132e-09,8.2961457e-09,1.8359535865,3.3707255718,-0.17553271,0.0887708485
14296,0.0835158515,0.0414544702,243.47172044,0.0,0.3600027665,0.3950098208,0.187538931,-0.077578426,0.4026359867,0.0006535236,-0.185303749,-0.111841213,-1.246899756,0.0931440389,0.1118412132,2,0.0086951063,0.4028169014,0.1812332998,0.3404700777,0.0526907546,0.1857913859,-0.09172362,0.0520777522,1.1450627403,0.1567558255,0,1.2581795627,-0.535049337,0.6779500698,-0.627547689,1031.9492386,10.071781519,0.1186362189,0.0,0.0,1,1.0,0,0.0,4.6833477393,7.0,0.974714602,,0.3898698334,-0.819866282,1.5328495021,-2.953427572,0.0658720282,-4562.141195,0.1633840717,12.525642138,-0.012589025,0.0153529911,0.0837395024,-0.132005588,0.000330222,-0.031142289,1.0,0.1428571429,1.828864229,-0.203745991,6.0,12.990978452,0.7614957794,1.6879531113,0,-0.107635055,0.0945179611,0.0323774561,0.0500569168,0.3289352938,1.4073553512,1.9833363e-08,2.2159346e-08,2.2032035983,4.8541060958,0.0458303719,0.0893563662
75905,0.3484084002,0.0505094192,8.8679807408,0.0,0.1306477724,0.9688306251,0.1795529877,0.2597445893,0.910804829,0.0995402074,-0.075885154,0.0306356734,0.2606083671,0.037346242,0.0306356734,25,0.0708782152,0.0212791251,0.2319967455,-0.009394418,0.0617479229,0.2436605405,0.1776676214,0.1028707529,0.4552458073,0.5227697145,0,3.3125562379,0.3631667054,1.5453697292,0.6454721378,16.49231812,10.657009087,0.4383228375,0.0,0.0,0,,0,0.0,1.4315128854,6.0,0.9580652694,0.0671024449,0.008332057,-0.554973733,1.0308334522,-1.6503746,0.0100742313,-3238.922995,0.1633840717,14.393507028,0.0063034904,0.0732724159,0.1110020059,0.0388797354,0.0383327262,0.0053103807,2.0,0.0003630423,0.4989773901,0.1127671544,5.0,15.379720482,0.046126774,3.3515515867,0,-0.107635055,0.052214317,0.0279380195,0.0378514172,0.4732032263,7.875100032,6.619828e-10,6.913456e-09,1.3463974324,1.8127860461,0.0322585285,0.0454494336
76052,1.8071821252,0.0020155453,-8.709877469,0.0,1.843855217,4.7895500369,-0.002056656,-0.090225334,0.2721092185,0.0170177152,-0.134105941,-0.025810838,-33.80952381,0.100924742,0.0258108381,26,-0.029203963,0.0266535044,-0.140974717,-0.057486248,-0.093042524,0.1403379343,0.0319993196,-0.002584692,-0.040620596,0.538612308,0,1.6927922705,-0.104406859,1.104,-0.106292876,17.817940746,4.6564150357,0.0739755518,0.0,0.0,0,,0,1.0,0.5618116812,3.0,-0.068959891,-0.133271036,-0.351105393,-0.170427839,0.998934121,5.8755425586,0.2367328903,-1946.794673,0.0506976226,10.97312065,0.0085447075,0.0413587284,0.0971025606,0.0761720423,0.0654901779,-0.096310526,3.0,0.1726095943,7.4481636257,0.128935273,2.0,9.6767324903,0.4586909206,0.3741819002,0,-0.035100386,0.0699999705,0.0235070527,0.0285186785,0.9329911768,1.856856873,3.5958355e-07,6.1747613e-08,0.8115502196,0.6586137589,0.4384971037,0.0600171142
14544,0.3646015289,0.0665702479,1.161889577,0.0,0.8562637494,1.403003223,0.1240578621,,,,,,,0.1904412975,,1,,,,,,0.1946494374,,,,0.3437605511,0,2.4590907389,,1.2052182451,,6.9202461358,51.719249825,0.0490278021,,,1,1.0,0,,,,,,,0.103769758,,-0.024550586,0.5578144549,-4059.22171,0.1116949983,13.192144845,-0.004319013,0.0076423508,0.0258359651,-0.048950153,0.0779397073,-0.007629092,2.0,-0.001215559,0.9791319819,-0.0995268,3.0,13.317500905,,1.2799812324,1,-0.115623953,0.0300530493,0.0279160916,0.0545100769,0.5102628684,5.1668352901,6.0971583e-09,1.1401643e-08,0.8258054284,0.6819546056,-0.160986842,0.070139987
15145,0.1222500353,-0.076700979,5.2713857449,0.0,0.1023748128,0.0986830878,-1.000807496,,,,,,,-0.038709084,,1,,,,,,0.4965095986,,,,0.8128001932,0,2.446381577,,2.446381577,,0.6550133763,3.9952744859,-1.222151988,,,1,1.0,0,,,,,,,3.9002728045,,0.1119278668,0.9558631939,-2041.137938,0.0288563477,13.315414137,0.0005255765,-0.114826844,-0.274703203,0.0143837269,0.4477193085,0.3374002505,0.0,0.0,4.0293561422,-0.054981925,3.0,14.650817887,,4.1896283444,1,-0.109363199,0.0276338253,0.0160518337,0.0297176049,0.3250416245,3.7610719844,2.0828189e-09,7.7077932e-09,1.6012577656,2.5640264318,0.3180395298,0.0431455364
14939,0.2320826541,0.0914427047,6.6274746998,0.0,0.3932214553,0.5090845315,0.1474380165,0.1501639344,0.5544262295,0.012586352,-0.032880316,0.0417810308,0.2670565302,0.0670223333,0.0417810308,2,-0.003354681,0.0677083333,-0.026252983,-0.073621404,0.0197899986,0.1853281853,0.0622469159,0.0206557377,0.6931079324,0.3737425884,0,2.3017492711,-0.043218816,1.5918367347,-0.094583987,5.9130434783,7.175879397,0.271450858,0.0,0.0,0,0.0,0,0.0,2.1391417425,5.0,-0.736104476,,-0.040818602,0.532800775,-0.50195902,-0.601887663,1.001041004,2498.1543044,0.0352290716,15.473215791,-0.068196721,0.0894413949,0.250678733,-0.002139011,0.1376852908,0.0785445758,1.0,0.0018137848,2.3846350788,-0.042894884,7.0,,,,1,-0.077015,0.1519815624,0.0340759553,0.0222445048,0.7052723623,4.7063156441,5.56639e-10,1.9433699e-08,1.0786147097,1.1634096921,0.1739354054,0.0270839966
76076,0.4130900656,0.062145497,0.8688377251,0.0282737447,0.3720979797,0.3401775724,0.1995250302,0.0793939163,0.302356992,-0.004307813,0.1093598498,-0.032669304,-0.397617192,0.086855615,0.0326693045,26,0.0003293461,-0.029834418,0.0428280514,-0.013562926,0.0270787171,0.6821728691,0.0006432884,-0.000542165,0.0537296572,0.6179062046,0,3.2291834229,-0.046891939,3.1603098675,-0.044570942,0.8137082892,4.9985765125,0.2201335981,0.0,0.0,0,0.0,0,0.0,0.5510996576,6.0,-5.550868764,-0.012941622,-0.032235292,-0.058359858,-0.066214014,-0.316650972,0.0754872153,102727.5887,0.0400118084,18.600409833,0.0016830483,0.0214132762,0.0407048812,0.0029805812,0.5288128618,-0.001520773,1.0,0.0010398614,1.3658854628,-0.063569496,6.0,18.578792754,0.1422329708,0.9863302312,0,-0.119685598,0.0318113938,0.0132684921,0.01740351,0.2726008219,1.5471550983,1.376207e-11,1.9303108e-08,0.9075838563,0.8237084562,0.0165801622,0.0258534358
14803,0.1265948407,0.0089313519,8.8236434395,0.0439275619,0.0128918609,0.077185119,0.376476007,,,,,,,0.0132186819,,1,,,,,,2.2856034148,,,,0.7507711203,0,14.122862643,,14.052089231,,0.7914508355,9.7034459907,1.5787023987,,,0,,0,,,,,,,3.9046176099,,0.1163965439,1.0077909599,-3096.184018,0.0288563477,14.220459159,0.0081054361,0.0201413393,0.021379884,0.0046209127,0.590263395,0.0099853889,0.0,0.0003057169,0.076792653,-0.032801244,3.0,14.289024441,,1.0870246355,1,-0.109363199,0.0324074253,0.0178371223,0.0361915429,0.4361204937,2.0009435561,2.2770322e-09,2.3285303e-08,1.4206721403,2.0183093303,0.2692945318,0.0540705594
15091,1.209950938,0.0406810967,-1.99230034,,0.7772813853,0.783007215,0.0792371113,,,,,,,0.0496392496,,1,,,,,,0.2043949428,,,,0.3657262292,0,6.5296789824,,2.6253785584,,3.6017417162,5.5055194805,0.1581503706,,,0,0.0,0,,,,,,,0.6263519282,,2.3302826092,-0.209637175,-45.05751177,0.0457306398,14.365672195,-0.073557868,-0.093938968,-0.152447606,-0.042713317,0.1196822689,-0.408075337,0.0,-0.002301202,0.132359455,0.0363529758,3.0,14.465365168,,1.8085263817,1,-0.04015385,0.0525812507,0.0402893494,0.0402221359,0.8075880211,18.027183595,1.6664512e-09,7.753451e-09,1.4782862012,2.1853300927,0.0018245721,0.0382320527
15283,0.337778627,-0.212857519,1.1125064201,0.0,0.2485740241,0.2900227556,-0.9975175,,,,,,,-0.157961729,,1,,,,,,0.7748091603,,,,0.7683986634,0,2.3581694861,,2.3581694861,,0.7660280029,3.198312433,-1.584059241,,,1,1.0,0,,,,,,,0.4518227965,,-0.776276938,-0.070554903,-4522.973471,0.0278203388,12.689504486,,-0.094091099,-0.1633335,0.0173278875,0.6368553095,-0.010906185,0.0,0.0031088083,2.2251724181,0.1846012082,3.0,12.461694209,,1.2860943222,1,-0.109363199,0.066066049,0.0250748129,0.0469007088,0.5911599346,4.8430739101,9.7533986e-09,1.5712198e-08,1.8076314418,3.2675314294,-1.157971526,0.1031566374
79315,0.1917736761,0.0631168515,15.137902651,0.0054054249,0.1852563148,0.2247525524,0.3012588344,0.0840679344,0.3121546451,0.0183246073,-0.204048382,-0.009736546,-0.055906314,0.066645482,0.0097365457,23,0.0,0.0512820513,0.2220591319,-0.100705611,0.0629161439,1.2901287554,0.1704063393,0.0092772264,0.6669646349,0.2415655472,0,1.6007637232,0.4946982254,1.6007637232,0.4946982254,4.6125840918,4.1907957814,0.348212501,0.0,0.0,1,1.0,0,0.0,0.895971842,8.0,6.1417213054,-0.166237675,-0.101202552,-53.96607616,-2.035720831,0.7593836065,-1.195972233,-2186.206508,0.0207317787,11.720258258,-0.00854656,0.0247377511,0.0406324692,-0.003844671,0.0803405573,-0.003591005,0.0,-0.049586777,1.3935196443,-0.071991814,6.0,11.628050415,-0.061224789,0.9276376147,0,-0.130971253,0.0202797167,0.0166428721,0.0335318844,0.6507495188,5.0920347471,2.4133976e-08,1.550692e-08,0.8433449598,0.7112307212,-0.06635773,0.0536234464
90751,0.3216574365,0.0486809405,7.0501151022,0.0212860416,0.1358763443,0.794056644,0.1964557817,0.0119606486,0.5792559195,-0.026078047,0.0104636858,-0.031032839,-0.289942298,0.0627956042,0.0310328391,24,0.0371171472,0.0727272727,0.0620619581,0.1460895795,-0.057919828,0.2019603259,0.0038783001,0.092062306,0.0125943374,0.4774634064,0,2.7078825892,-0.052458987,1.1192571972,-0.232958907,10.319888205,102.26951284,0.5207437313,0.0,0.0,0,,0,0.0,0.8239737057,5.0,-0.000943453,0.0391306152,0.0493503819,-0.184974473,0.0121358136,0.0868987417,-0.028325294,-674.9959384,0.0893035129,14.263405806,-0.004477904,0.0259533283,0.0368739314,-0.002014765,0.064963773,0.0062561593,1.0,-0.00521251,-0.054052787,0.0526144775,5.0,15.782054741,0.2641873675,5.9253719958,0,-0.1429665,0.0656249076,0.0351630977,0.0330276371,0.7063885846,47.497150054,3.787014e-10,2.4743856e-09,0.5327520365,0.2838247324,-0.675430828,0.0394506287
77007,0.2388233576,-0.003893368,6.7152147939,0.0,0.4892505332,1.9060493074,0.0425469645,0.1026336621,1.0503626367,0.1325134419,0.1136099089,-0.000256412,-0.045718433,-0.003715369,0.0002564123,24,0.0418969629,0.1818181818,0.0532858488,0.0077584988,0.0126573791,0.207488482,-0.588617195,0.1156671873,0.0808101473,0.6158427031,0,1.6750693976,-0.008626987,1.1627695668,-0.068498586,30.76514046,6.0086216878,0.0456033591,0.0,0.0,1,1.0,0,0.0,3.1186451514,3.0,1.4147109412,-0.066039998,0.0014871399,-0.022008413,1.0989204156,0.0907297218,0.3636577884,-4813.87481,0.1116949983,11.382699667,-8.367501e-06,-0.021684293,-0.06418127,0.0349566604,0.0488173086,-0.016842002,0.0,-0.135658915,9.7846655735,-0.199305424,3.0,11.912979803,0.2633352484,1.6335967734,0,-0.115623953,0.1626741439,0.0740382737,0.1102601581,0.653700986,2.9947988815,1.9269094e-07,1.9784084e-08,2.9914069108,8.948515306,0.0687623738,0.0953944486
76839,0.1422893066,0.0475651337,15.230950702,0.0002652636,0.0964286119,0.6229594299,0.3737078513,0.1117792507,1.029164292,0.0010790979,-0.142935528,-0.037013033,-0.176613737,0.0559657897,0.0370130325,24,-0.004207475,0.0,0.007315152,-0.022682271,0.0009722015,0.1694858928,0.0289177251,0.0253319631,0.394108363,0.6094763391,0,2.5317202759,0.1412117238,1.8838206216,0.2249665713,12.311746988,10.772547581,0.5494810903,0.0,0.0,0,0.0,0,0.0,2.1639432573,7.0,24.405306998,-0.228270079,-0.086547193,-0.052106876,-0.338416397,0.4610138745,0.0593017693,-9920.800065,0.0457936334,14.701192201,0.0055765472,0.0570287826,0.093972665,0.0086420132,0.2790663421,-0.004321928,0.0,0.0013469707,2.0776713108,0.0062728361,6.0,13.864358699,-0.900414636,0.5049044878,0,0.0754917078,0.0502227508,0.0192497462,0.0278839134,0.4097457021,1.0888339028,2.6066662e-09,4.1339545e-08,0.8811231333,0.776377976,-0.116198864,0.0400552794
76847,0.7827995587,-0.062286009,-68.61277733,0.0354031746,13.583119223,8.2257963184,0.031470951,0.0198354202,0.6656883687,-0.001368524,0.0493992505,-0.033651804,-7.686119874,0.4164517231,0.0336518043,24,0.0158349245,-0.023255814,-0.003939225,-0.513555339,-0.010557841,0.1474464015,0.043701673,0.0460288265,-0.315014536,0.4954582938,0,1.9423289766,0.0122335846,0.2776292254,0.1753660406,322.50611219,47.257776141,0.0590450481,0.0,0.0,1,1.011996933,0,0.0,7.0064671747,3.0,0.0059920432,0.0015748164,-0.051151726,0.4315949466,0.1727328948,-1.180965024,0.3458438906,-14806.59816,0.3313016233,10.243725185,-0.00034208,-0.021195297,-1.289705882,-0.270546417,0.0116158196,0.0012564451,1.0,-0.384126984,9.7846655735,-0.293475442,3.0,10.457576069,0.0927165555,1.6977739573,0,-0.126567877,0.0533333607,0.0348263184,0.074242067,0.5966165315,3.5739918329,2.2232908e-07,1.795039e-08,2.7941414324,7.8072263441,0.0285948159,0.1260027574
77082,0.4956734107,0.019698921,6.0934588441,0.0,0.4193423908,0.7438687798,0.0480574751,0.5379003339,1.0870223816,0.2658818303,0.5056795668,-0.127704151,-4.89449113,0.1161151153,0.1277041512,24,-0.003142662,0.6008064516,0.2248402435,-0.367377655,0.0006502943,1.560512185,-0.180892982,0.0292444664,0.5662559572,0.1031675645,0,0.6518043428,0.0399627227,0.6390541689,0.0643278008,17.70709282,19.76686217,0.2556073904,0.0,0.0,1,0.5482413682,0,0.0,2.0166221086,6.0,-1.542340585,-0.096191045,0.28777469,0.6097175802,-0.729697375,-1.680238522,0.2035219412,-4705.162311,0.0278203388,11.140111995,0.0049850449,0.0078194098,0.0144346729,0.0414316898,0.06414706,-0.02422252,4.0,0.0044982977,0.7978232031,0.0418556496,5.0,8.5395298879,-0.21523935,0.1023071725,0,-0.109363199,0.0434783362,0.022196483,0.0410054802,1.1348555811,0.2159338053,4.4619016e-06,3.2624784e-07,0.4171934116,0.1740503427,2.7650187263,0.0491457432
77357,0.4041381436,0.0291349291,2.807451134,0.0,0.2465264224,0.2891404504,0.0687585094,0.0565888507,0.3997714166,-0.00518065,0.1119163348,-0.054825267,-1.19161348,0.0638525034,0.0548252674,24,0.0,0.0898685884,0.0897893143,-0.090688577,-0.010346477,0.8051673084,0.0401375654,0.0063436303,0.025462916,0.273785942,0,0.9907802627,-0.086900055,0.9907802627,-0.086900055,2.3236912331,5.8134453738,0.2411156574,0.0,0.0,0,0.0,0,0.0,0.6237526054,5.0,-1.597090401,-0.066751376,-0.223163173,0.5181823131,-0.936110086,-1.556136796,0.1512593293,2995.2160888,0.0278203388,15.875367714,0.0013575545,0.010044869,0.0158566181,0.0062087133,0.1912375967,-0.002937097,0.0,0.00020008,1.5908389667,-0.070082362,7.0,15.823934468,0.0279406964,1.1161153777,0,-0.109363199,0.0277108643,0.0125611404,0.0179463615,0.452476473,2.2275752634,3.084759e-10,1.9596747e-08,0.9576386042,0.9170716963,-0.008182996,0.0174785567
77478,0.7062834534,0.2449375154,-0.071963869,0.0,0.3126193964,2.1755914979,0.0889903023,0.3158788546,0.9920525178,0.0138923208,-0.030512081,0.1630363897,0.5968043118,0.0987577501,0.1630363897,23,0.0025564106,-0.088118812,-0.039402966,-0.808942776,0.0179702799,0.261289822,-0.276571664,-0.055424291,0.5630744102,0.5250201033,0,2.4462254167,0.194597819,1.4470632331,0.2006193623,8.2825596581,86.39504644,0.9642766534,0.0,0.0,0,,0,0.0,1.6970449866,5.0,0.0947692738,-0.587404982,-0.111495703,0.1996515441,1.2490010313,-1.439018771,0.0076368518,-3626.064288,0.0893035129,11.188770286,0.0018388592,-0.001576032,-0.002337055,-0.128236075,0.1488684619,-0.030855444,2.0,-0.006849315,1.3737136607,-0.093041128,2.0,12.451321233,1.1489547605,2.9746970841,0,-0.1429665,0.0263158269,0.0277133359,0.0545921143,0.4213831607,2.8503830207,4.1330171e-08,1.2881549e-08,2.7984158564,7.8311313051,0.3018614019,0.10297447
77501,0.3509830949,0.0229940024,1.3114042585,0.0,1.0423995053,2.0179347024,0.0741780903,0.423162243,0.5615968725,0.0075071399,0.5772082298,-0.094888415,-4.895162196,0.1355533734,0.0948884146,24,0.0286453744,0.1690079017,0.1409320414,-0.07727089,0.1647897656,0.264851178,0.8104131613,0.099594956,0.1031629499,0.4165861397,0,1.5432523692,-0.029027007,1.0525302838,-0.001601076,14.719327146,9.3746582734,0.1304968429,0.0,0.0,1,0.4371232948,0,0.0,1.611546917,5.0,0.0572327096,-0.006277447,0.1828651679,12.345643412,-0.10554095,0.7137471476,2.3928749905,-1152.484487,0.0502102314,13.97542999,0.0076619616,0.017610111,0.0733271716,0.0869572826,0.0983895033,-0.04184986,2.0,0.0086042065,1.5110991472,0.1120905264,4.0,13.688422393,0.5657820135,0.8962258123,0,-0.035100386,0.0468319096,0.0271861249,0.0269035021,0.540170761,2.1580026462,3.8288117e-09,2.2489702e-08,1.3939798965,1.9431799518,0.0499046418,0.0371683564
77516,0.4335363937,-0.000173005,5.8849101364,0.0155610842,1.1520133213,1.4540254943,0.079898763,1.2805359979,0.9743414157,0.0120469262,3.8431892888,-0.037299578,-33.80952381,0.0423634861,0.0372995781,23,0.1328305751,0.4340659341,0.3150997096,-0.688928688,-0.028482498,0.1990181496,-0.084703535,0.358339281,-0.038989828,0.2801503548,0,2.5425499226,0.0458743205,0.6330769966,-0.015524472,52.240535809,20.179350051,0.0722227047,0.0,0.0,1,0.6420543218,0,0.0,1.4361735546,3.0,-0.031870734,-0.300926628,0.4106890433,-0.073095516,-0.232296521,-0.423983091,-0.048757412,-1581.537988,0.0893035129,13.415939592,-0.013363344,-0.007722208,-0.026648348,-0.013023771,0.0152756864,0.0025694412,0.0,-0.012506253,2.4795639729,-0.258739315,3.0,14.874182294,0.3582987978,4.5613959353,0,-0.1429665,0.0868217722,0.0363195939,0.0550138482,0.5068769574,19.72524951,1.7155093e-09,4.1018068e-09,1.7514976399,3.0677439825,-0.12008152,0.0654876751
77530,0.4610009904,0.0435311985,0.9951073277,0.0199503163,0.4338445507,2.139634611,0.0999780637,0.0549977301,0.8023759294,0.0082375651,0.0319252512,-0.047384831,-0.948673158,0.0848280781,0.0473848307,23,0.0447505869,0.0272727273,0.0442220943,,0.039918574,0.1956957159,-0.015083319,0.0907587486,0.077673685,0.5444821033,0,1.8764468682,0.0308319246,0.4421428464,-0.093041856,20.247986649,,0.2122005265,0.0,0.0,0,,0,0.0,1.5899561651,5.0,0.0022944248,0.0069389872,0.0038958365,-0.045630919,-0.014093008,0.2193041201,-0.00629282,-3200.378938,0.0893035129,12.683041775,0.0009369547,-0.000387203,-0.002663026,-0.007418035,0.0229710106,0.0165994753,0.0,0.0045146727,1.2956183283,-0.011104587,3.0,12.290438762,0.179650187,0.8965527158,0,-0.1429665,0.0663176477,0.030738491,0.0442716851,0.3083277658,1.4854176056,1.7497734e-08,2.3437707e-08,0.9796613741,0.9597364079,0.0924000356,0.0377854493
77584,0.1445853326,0.066157685,11.996535581,0.0718714587,0.0763932349,0.4692872051,0.6630971134,-0.006040714,0.9866701569,0.0009102946,0.0181815223,-0.060964705,-0.204251864,0.0796705155,0.0609647053,23,0.0106124562,0.0113636364,0.0222881008,-0.961732279,-0.008682748,0.1834730081,-0.108420477,0.0732921711,-0.018379245,0.6061439042,0,2.6546687277,-0.042676816,1.5921027881,-0.098904411,7.2267853226,134.6027781,1.0440982805,0.0,0.0,0,,0,0.0,1.4892686431,5.0,-0.001032405,-0.040293507,-0.012013254,-0.362046577,0.4542372476,0.1170187821,-0.011450383,-1361.244178,0.0893035129,13.999869012,-0.00454948,0.0635364299,0.0909793723,-0.006987869,0.2536239623,-0.005129363,1.0,-0.001975169,1.5312799848,-0.003144178,4.0,14.882620199,0.0657834343,2.0824095593,0,-0.1429665,0.0226108693,0.0213589698,0.0317012951,0.3944218052,5.0581272413,1.0484274e-09,8.0971934e-09,0.6887860273,0.4744261914,0.199485979,0.0339683155
77606,0.4990952805,0.0722276094,1.5804690832,0.02640848,0.7031153676,1.5847587248,0.1295300983,0.0036861872,0.4816386146,-0.047393365,0.0047619048,-0.080322122,-1.334486736,0.1686143962,0.0803221216,23,-0.004165365,0.0,-0.000420367,,-0.002315808,0.1040516735,0.0235454273,0.0153707052,0.0021746403,0.5577425681,0,1.993004547,0.0303969087,0.6589716684,0.2714714279,13.520255864,,0.2081947743,0.0,0.0,1,0.3994839819,0,0.0,1.1012044162,5.0,0.0060709689,-0.030778541,-0.027895912,0.1478906684,0.0604911828,0.137209305,0.0980065637,-10238.50156,0.3313016233,15.713653659,-0.000531667,0.0083594566,0.021137925,0.0060166286,0.033628675,0.0006313333,0.0,0.0002168257,3.2660658028,-0.056778878,5.0,16.863529444,0.048331202,3.8671250002,0,-0.126567877,0.0260446444,0.0287531796,0.0319984052,0.5454211444,23.215292664,1.215996e-10,3.6094599e-09,0.8400873848,0.705746814,-0.110759128,0.03503454
77897,0.0407420223,0.0089899177,3.9651132001,0.0,2.0912802591,1.7300477572,0.1029122234,-0.048301105,0.3528797573,0.016771699,-0.052247204,-0.095630534,-23.25497392,0.2180502197,0.0956305335,23,0.0002970805,0.0142857143,0.0436601718,0.1632219625,0.0073818869,0.0864823318,0.0217328582,0.0060128334,0.2103796946,0.4768973417,1,0.8956747573,-0.135272378,0.8459258594,-0.142695987,11.590827652,89.184316534,0.0679210825,0.0,0.0,1,0.0755506129,0,0.0,7.0064671747,7.0,3.8362829554,-0.214750238,-0.05644039,-1.282604126,-0.504928157,-0.579608829,0.1382639773,-1621.029499,0.0889184991,13.381269151,-0.000104136,0.0047693051,0.2037011173,-0.043642668,0.0658080098,0.0438379,2.0,0.0005227392,3.1567600586,-0.220130645,3.0,13.344139729,-0.435964066,1.358788613,0,-0.034489147,0.0569491647,0.0214354703,0.034973322,0.3295055254,1.7729268845,4.5144607e-09,1.8144723e-08,1.1329862523,1.283657848,0.0204010661,0.0628594787
77699,0.345836386,-0.106531497,0.2976950645,0.0116114578,0.4449365501,0.5917380345,-0.205080209,-0.012133155,0.0601312733,0.085029252,0.0023706368,0.0534715264,0.5080213904,-0.160651776,0.0534715264,24,0.0353453422,-0.0328125,-0.09548901,-0.041116398,0.0272946418,0.1413350803,-0.142156671,0.0581358058,-0.046786082,0.5789635106,0,2.7227059075,-0.058341766,1.8446747142,-0.14070643,2.503484802,2.6570590631,-0.206246173,0.0,0.0,1,0.6350972282,0,0.0,0.1391680919,3.0,45.122213267,-0.089615164,-0.152771431,8.6395260307,-1.031847938,-0.044052376,0.1152756595,-4933.460759,0.0587429544,12.370105491,-0.000441854,-0.030563844,-0.05591881,-0.010733341,0.2349665081,0.0327429362,0.0,-1.89937818,-0.567088202,-0.199725142,3.0,13.077299405,0.0350720314,4.2905581818,0,-0.130399472,0.126656875,0.0422278949,0.0616282298,0.5385059056,13.971617836,9.4325146e-09,5.3919396e-09,2.505812497,6.2790962702,-0.162030179,0.1075970651
77862,1.113258605,-0.416012175,-9.710807952,0.0,2.235265273,4.9214059636,-0.102506822,-0.156359705,0.1833261678,0.0103439618,0.0223058876,-0.074850834,-0.658849937,-0.14192258,0.0748508343,23,-0.022908556,-0.175609756,-0.06770994,-0.232289039,-0.128980377,0.321724201,0.2044409805,-0.133721919,-0.373963602,0.4825023253,0,1.5833852729,-0.022920206,0.8980166503,-0.024757828,31.043207006,6.5027070904,-0.051224768,0.0,0.0,1,0.1671144343,1,0.0,0.3621693889,2.0,0.8891175227,0.2025692522,-0.299980059,0.7778201801,-1.838326022,-0.656716794,-0.174514907,-1992.142949,0.0772902197,12.051147997,0.0072513474,-0.017490976,-0.060588505,-0.192951486,0.1432706921,0.0906034698,1.0,-0.055205047,2.3842521263,-0.034083735,2.0,12.501451014,0.7450036461,1.335235402,0,-0.061856555,0.0555555858,0.0257635976,0.0507271457,0.3807293645,1.5940097824,3.2703267e-08,2.4015443e-08,1.5346295183,2.3550877585,-0.217767065,0.0794830254
78216,0.3644682894,-0.055175174,-2.507091556,0.0,3.0915540671,6.7845267145,0.0186085547,0.007358844,0.9658282044,0.0,0.0264264813,-0.084009865,-5.242928453,0.2341043169,0.0840098647,23,0.0045857495,-0.109625668,-0.016685517,0.0353079072,-0.048141534,0.5043668122,-0.045017005,0.0390955312,-0.129767646,0.392928782,0,2.0546855266,0.2509186707,1.7248042435,0.2504426135,23.908443869,8.0100802081,0.0861573635,0.0,0.0,1,0.487817713,0,0.0,7.0064671747,3.0,-7.903675983,0.0337426598,-0.301401201,0.1919208488,-0.542836526,-0.478477261,0.1954112208,-11450.62055,0.0443391772,9.6337088828,-0.002113995,0.0194857916,0.2213341531,-0.072251019,0.0821091778,-0.009993935,2.0,0.0377321075,-0.097520619,0.0458833738,2.0,7.0464557584,0.4172713692,0.0576208759,0,0.0754917078,0.0437808111,0.0222073306,0.0295210714,1.334388675,0.2072300894,2.61083e-05,1.0000005686,0.1986087775,0.0394454465,1.2587380823,0.0653405338
78034,0.3122277451,0.0460387159,6.5564220781,0.0170187416,0.2956195682,0.9021741491,0.1472807622,0.0289837214,0.441620818,-0.006607993,0.0291239206,-0.013567585,-0.176609439,0.0541695877,0.0135675849,23,0.0069589358,0.0,0.076606012,0.0164345119,-0.046302019,0.1185820418,-0.103674065,0.0196811019,0.0288510149,0.4180674223,0,2.7233267265,0.0454259663,1.9327799752,0.0726475498,10.920295932,6.7920433323,0.1770015949,0.0,0.0,0,0.0,0,0.0,0.836745344,7.0,-0.143260199,0.0815281606,-0.169776943,-0.271371265,0.3355118059,0.2634884436,-0.205106837,2638.7359782,0.0457306398,15.391890592,0.0007671178,0.0100392626,0.0281119617,0.0871424634,0.0276522247,-0.002349302,1.0,-0.000843882,0.5925897634,-0.059564588,7.0,15.757602585,0.1214413496,1.9858054404,0,-0.04015385,0.0586554967,0.0168381396,0.0209892852,0.5644891442,8.4745059409,2.438791e-10,7.9268988e-09,0.6749706243,0.4555853437,-0.078847853,0.0192881172
78975,0.0793927378,0.0140605492,14.675877207,0.0097708901,0.0897423915,0.1427162766,0.2616936717,-0.044799077,0.7087098635,-0.025422004,0.2416391898,-0.214573704,-2.641646489,0.0512035496,0.2145737044,23,0.0,-0.0375,-0.069684865,-0.105187823,-0.01225785,0.3387096774,0.0419191092,0.0288406076,-0.242365172,0.4402163849,0,1.4678899083,-0.204169569,1.4678899083,-0.204169569,2.4702416028,23.954285714,0.2706450935,0.0,0.0,0,0.0,0,1.0,1.1887589344,3.0,-1.664469,-0.09166991,-0.350531762,0.1934369074,-0.374956417,0.0224086383,0.1386103756,24613.432849,0.0278203388,17.12207493,0.0051607781,-0.006239936,-0.01329331,0.0039215483,0.1236629272,0.0107776528,1.0,0.0013342913,2.2267655537,0.0695808986,7.0,16.998663779,0.1036726383,1.1596924492,0,-0.109363199,0.0257120505,0.0130004294,0.0178811376,0.5709739099,3.9709700664,8.382027e-11,1.737486e-08,0.8414528201,0.7080428484,0.045650635,0.0230352638
78990,0.5930983035,0.0495992933,-1.502139905,0.0508986936,0.4961913866,2.442678961,0.0813111084,0.1084329819,1.2669235112,0.011138979,0.2303979004,-0.070000046,-1.462132038,0.122120009,0.0700000456,22,0.0085059998,0.0,-0.043127463,0.0253953646,-0.030775912,0.1978801807,-0.148736154,0.0687562806,0.0235499417,0.4785810144,0,1.7053721391,-0.221492933,0.5972149106,-0.273243121,41.093720191,44.530881213,0.2699516705,0.0,0.0,0,,0,0.0,2.1938629896,3.0,-0.021884961,-0.24797293,-0.023376891,0.0864663942,1.5450798224,0.3672769964,0.0309991108,-3606.828298,0.0893035129,11.45702158,-0.00730684,-0.005785938,-0.012509942,-0.150617504,0.0089677145,-0.064678669,1.0,-0.070250701,0.4510679598,0.1833049515,4.0,11.869524637,0.1614707622,1.7640856829,0,-0.284374429,0.1266816258,0.0629829735,0.0796131336,0.8099339866,7.6178104736,8.0954754e-08,1.2898447e-08,1.2206975361,1.4901024747,-0.341593336,0.0625098349
78999,-0.049437872,-0.154109454,1.4444173898,0.0,1.3738657035,4.3404582597,-0.071021503,-0.074677504,0.9068621877,0.0098262188,0.0283154544,-0.152736237,-1.365593596,0.0563414295,0.1527362369,22,-0.005391318,-0.147864078,0.036331525,,0.063737439,0.2705659655,0.0266149409,-0.024207835,-1.518871563,0.4548008792,0,1.066345696,-0.066973083,0.3462956105,-0.164412183,36.602488047,,-0.020697965,0.0,0.0,1,1.0,0,0.0,7.0684064848,5.0,0.0255045603,0.474388423,-0.171240968,-0.556069781,0.1406595885,-0.423983091,-0.034779469,-3627.982878,0.0893035129,9.0833245375,-0.000178116,-0.011560036,0.9844300823,-0.339446984,0.0379751918,0.0117534071,0.0,0.1120238984,2.3348760954,-0.195377588,1.0,8.9440413957,0.2765579826,1.0660239681,0,-0.284374429,0.1610526145,0.0910175436,0.1486012807,0.6447569412,4.0648235794,7.4222486e-07,1.1425424e-08,1.6549971547,2.7390155822,0.1596514298,0.0990014845
79007,0.7029114803,0.0541767201,0.1004340459,0.0104227631,0.2840059677,1.9953340997,0.1036542464,0.0644727836,0.6724077546,-0.009276438,0.1153451854,-0.071245538,-1.258549771,0.1223608189,0.0712455384,22,0.0068214049,0.1132075472,0.0625880864,0.387467035,-0.001170536,0.1980670129,0.0250320226,0.0519948449,0.0452106844,0.5916581989,0,4.3205048002,-0.020404706,0.8571978538,0.1534311974,15.318072211,147.81229773,0.3592635059,0.0,0.0,0,,0,0.0,0.9264845111,3.0,-0.001091,0.0334090363,0.0898306564,0.196279571,-0.040203756,0.2073428435,0.0312399206,-3347.284138,0.0893035129,13.033827825,-0.002555478,0.0182451884,0.0271639096,0.0333906147,0.1001118819,-0.004191221,1.0,-0.001112595,3.1591933783,0.0976672554,3.0,12.905115803,0.4939057126,1.0309047401,0,-0.1429665,0.0503055789,0.0310713871,0.0372712517,0.7436170108,4.84364383,9.4770611e-09,1.610699e-08,0.9072267717,0.8230604153,0.2619221729,0.0433709563
93237,0.6551083336,-0.16322685,0.9533211155,0.0,0.1362193387,0.0005312598,-0.285427478,-0.119662759,0.0005910165,0.0,0.0068114432,-0.049144536,-0.30769777,-0.161795701,0.0491445357,15,0.0,-0.083333333,0.0,0.3552631579,0.0,1.8611111111,-0.371246246,0.000192985,-0.142072158,0.2773548029,0,4.4676227727,0.1524328744,4.4676227727,0.1524328744,0.0024270642,1.0,-1.196981192,0.0,0.0,0,,0,1.0,0.0006389413,2.0,-35.95303455,0.0774486636,-0.389441434,0.5877742646,-34.14301206,-0.696480341,0.1714320021,-5143.064069,0.0238858186,11.144397711,0.0,-0.04484031,-0.05230582,0.0,0.2874030879,0.4333333333,0.0,0.6289308176,-0.742785614,-0.018680292,2.0,9.2260247045,0.2264662926,0.150877193,0,-0.29499903,0.0585937873,0.022597939,0.0437781601,0.9590147957,1.1982499832,5.7384128e-07,1.11784e-07,0.6194787898,0.383753971,0.9238489119,0.1424358127
78963,0.3699547621,0.0253430623,4.2785938318,0.0179456999,0.1940533424,1.0488395754,0.1338255269,0.0491470554,1.1293765785,0.0047373435,0.0711379651,-0.155060268,-3.37002831,0.1107498996,0.1550602682,22,-0.002125439,0.0042194093,0.0344828786,0.3155786099,-0.025585428,0.2017150955,0.0759854866,0.0218423254,0.037969295,0.4992022854,0,1.8583798237,0.1510492717,1.0820981745,0.4559457712,10.292756779,147.81229773,0.3905969189,0.0,0.0,0,,0,0.0,1.7034274444,4.0,0.0008139066,0.1970696294,-0.019157482,-0.136677147,-0.258381827,0.9676436293,0.0196290014,-1267.825498,0.0893035129,14.179325343,-0.020569059,-0.009172167,-0.016347393,-0.010451997,0.1105732939,0.0268064731,0.0,-0.005788712,2.0247848886,-0.028060381,4.0,15.701299002,0.1868252674,4.0944429793,0,-0.1429665,0.0334883407,0.0199054885,0.0354302508,0.4070913185,11.404855743,6.21141e-10,4.7833736e-09,0.8822914889,0.7784382714,-0.198623699,0.035201228
79195,0.8224644779,-0.10123641,-2.292466833,0.0,1.0429242925,2.4236064737,0.0429224744,-0.030769666,0.4297777809,-0.009225211,0.0661744645,-0.132667109,-2.483335575,0.1501675691,0.1326671093,22,-0.032862838,-0.037037037,-0.024393132,0.0368123988,0.0255995672,0.2000990206,-0.0925492,-0.014794796,-0.130968858,0.4334201469,0,2.5126722596,-0.134443676,1.3554531026,-0.090136693,14.005822829,6.4757261773,-0.065326999,0.0,0.0,1,0.1284592903,0,0.0,0.8328647927,5.0,0.9341537663,0.0689592988,-0.049984105,-0.080917656,0.3295071735,-2.01413276,0.1228955584,-5056.672015,0.1633840717,12.616117681,0.001792224,0.0037018097,0.0072457762,-0.017701475,0.0598469664,-0.00011864,1.0,0.005123428,3.2596982706,0.174077688,2.0,12.661993632,0.0889993961,1.2516006081,0,-0.107635055,0.1313069761,0.0388502294,0.0370997692,0.5111639797,5.7935189947,9.9156371e-09,1.4427354e-08,0.7745056888,0.599859062,0.0671944881,0.044670855
79307,1.0796644739,0.0633172282,-17.62771998,0.0,4.0276162412,8.2257963184,0.0368286398,0.0588761368,0.1890377666,0.005576856,0.0838505091,0.0073496621,0.5763552759,0.0268240097,0.0073496621,23,-0.051112788,0.0625,0.2622504393,0.1243374717,-0.131452921,0.1220759295,0.2028065662,0.0139629085,-0.024937897,0.502523276,0,1.6349977659,0.0559956567,1.3395889187,0.2553795322,82.431257432,5.6746476351,0.0840562789,0.0,0.0,1,1.0,0,0.0,0.7513198957,4.0,0.0359083555,0.0647649757,0.0763572662,12.458314361,-0.269606866,-1.519368714,2.3928749905,-1796.864807,0.0502102314,11.501056834,0.0005559747,-0.007906327,-0.03354528,0.1460571541,0.0201863517,0.0194904329,0.0,-0.04554182,0.4882809517,-0.011644196,2.0,10.226722533,0.1155735483,0.3233607721,0,-0.035100386,0.1009174734,0.0425597346,0.0446803368,0.459508878,0.5405928109,2.9324488e-07,1.0579183e-07,1.9801519666,3.9210018108,-0.017104854,0.0737608237
79667,0.8583080645,0.0264097454,,0.0166745977,1.330798298,4.3800926405,0.0474578975,-0.087052562,0.5293359706,0.0692510477,-0.198417428,-0.005707738,-0.527707946,0.0403463779,0.0057077379,22,0.0335761112,-0.003996448,-0.048870483,0.266483626,0.0567092935,0.4321777374,-0.021824784,0.0069892174,0.8056250531,0.3476383511,0,1.1948897882,0.038748009,0.2776292254,-0.392166239,81.623144164,61.571751745,0.1113580964,0.0,0.0,0,,0,0.0,2.8154884803,8.0,1.4262635881,0.0999790885,-0.184327489,0.5974762937,-0.885602101,5.525546954,0.4077195353,-3782.10944,0.1116949983,13.674743023,0.0048548486,-0.007445148,-0.020325015,-0.042636755,0.0054609871,-0.121025832,0.0,-0.016166282,5.0701525963,-0.205632046,3.0,14.156262908,0.1126194375,2.3963799312,0,-0.115623953,0.0433979928,0.0277363087,0.0361917382,0.248357351,2.5625521831,2.3512649e-09,1.12212e-08,1.5755915423,2.4824887083,0.2889546072,0.054272155
79881,0.2919040085,0.0510905487,10.280341803,0.0,0.1232646204,0.7304534194,0.2253584034,-0.14968076,0.5881216308,-0.11409273,0.063994657,-0.043744031,-0.386756329,0.0708501418,0.0437440313,22,0.0228858953,0.0480349345,0.0766112833,-0.200704211,-0.058475151,0.1477837055,-0.020405464,0.1028968843,-0.216153633,0.5193280757,0,2.2873211964,-0.237168795,1.2746084695,-0.381441899,12.840129983,47.163941639,0.6689403355,0.0,0.0,0,,0,0.0,0.7710820048,4.0,-0.019408065,0.1258744298,0.0246580437,-0.214727901,0.1114107854,-0.027814939,-0.020270756,730.87020158,0.0893035129,15.021884903,-0.000118164,0.0272600537,0.042228698,0.0031033748,0.1167801293,-0.015942559,0.0,-0.00034965,6.3616000879,-0.176172692,7.0,16.431956569,0.622119202,4.6030061666,0,-0.1429665,0.1390809268,0.0378839897,0.0338755324,0.5091723468,17.199656477,2.673514e-10,4.0287581e-09,0.8205589285,0.6733169552,0.1541276716,0.0438802663
80114,0.8517941453,-0.108558823,-1.000017664,0.0,1.7783936782,3.3086200854,-0.049401059,-0.011389451,0.1206365162,0.0025527341,0.0781100461,-0.083779065,-2.041510663,0.1130651712,0.0837790654,22,-0.036806851,-0.137931034,-0.223565109,-0.282202602,-0.156610992,0.4105823364,-0.277368185,-0.108277279,-0.157425212,0.7408499402,0,1.957114401,-0.042134477,1.7265049467,0.0069736574,2.8346278268,4.2805221924,-0.031254672,0.0,0.0,1,0.0092504231,1,0.0,0.2556083861,2.0,-1.582104144,-0.641224607,-0.450962796,0.9658383148,0.1193450651,-0.776276938,0.2004719972,-4589.770271,0.0278203388,11.192231648,-0.000681012,-0.033086078,-0.102163885,-0.307046314,0.374860333,0.0012741223,0.0,-0.099323902,0.1777886816,-0.015576083,3.0,10.599613817,-0.285809834,0.5303298278,0,-0.109363199,0.0145985261,0.0122387205,0.0396115289,0.2874390457,0.5353665764,8.566525e-08,5.7486385e-08,1.6435363523,2.7012117414,0.0741262351,0.0576350295
80274,1.7273007692,0.0275161435,-25.30924031,0.0,2.5405658345,7.01576338,0.0173699441,0.1161947417,0.2190246974,0.0159521436,0.1898163344,0.0277549729,4.080841639,-0.084772881,0.0277549729,22,0.1125413312,-0.032142857,0.0348381471,-0.016355176,-0.052109119,0.1598700723,0.0170523984,0.162959539,0.0230841425,0.5234795336,0,2.2225114608,-0.01132044,0.6405814462,-0.19501962,80.277894003,11.145713318,0.0823346172,0.0,0.0,1,1.0,0,0.0,0.4765187886,1.0,3.0930143201,-0.115770373,-0.199383387,2.5424552275,-1.160044874,1.1743354245,0.0068759262,-5086.355108,0.0446872923,10.110579787,0.0009538462,0.0083246918,0.019967182,0.2966448593,0.032295621,-0.003137251,2.0,0.0365870446,6.0212386511,0.1149918702,2.0,8.6020397423,0.1928549581,0.2364563416,0,-0.130399472,0.0235323012,0.012400493,0.0169721423,1.1483333627,0.519405947,1.7854064e-06,1.3518613e-07,1.161122123,1.3482045844,-0.379556082,0.0735637204
80233,0.4529920088,0.044611506,1.0659302745,0.0371235581,0.3577124112,1.3158749282,0.1006806072,0.0616252298,0.442818736,0.0110552298,0.0849337791,-0.087622976,-1.546116272,0.1135860814,0.0876229764,22,0.0103917604,0.0299625468,0.1158976031,0.1160084753,-0.102614288,0.2054802043,-0.075119445,0.0639276432,0.0439151433,0.6350340309,0,2.049676102,-0.000663316,1.3493733277,0.0101337475,7.4097394317,6.8298367781,0.2228285867,0.0,0.0,0,,0,0.0,0.7781792939,4.0,-0.375351039,0.0241826289,0.0601409679,0.1418488758,-12.72994685,0.2162377817,0.1424469479,-1052.680311,0.1187585399,12.767151993,-0.005350714,0.0084893147,0.0149278347,-0.036321372,0.1467199348,-0.016438793,0.0,-0.012371134,3.4454931283,-0.127242733,7.0,12.434400712,0.1211702684,0.8476931335,0,-0.072138456,0.0315934084,0.0249747806,0.0348803747,0.4890053055,2.2634121111,1.4757614e-08,2.6426323e-08,1.0519371139,1.1065716916,-0.244312483,0.0514231477
80320,0.2227800501,0.0507673358,6.8450033771,0.0,0.192988083,0.2647310185,0.2523937081,0.1945495234,0.3439850173,-0.047462007,0.6600033777,-0.02739422,-0.206080543,0.0612294959,0.0273942196,22,0.0008189295,0.0210576693,-0.014963614,-0.127949317,0.0320931044,0.0664946702,-0.095947468,0.0262091155,-0.038898893,0.5522462827,0,3.4467028894,1.0421846915,3.4062901758,1.0544109831,2.5132650018,5.1674527026,0.3979046798,0.0,0.0,1,1.0906398034,0,0.0,0.4984529133,6.0,26.197676443,-0.063822331,0.0220157603,-0.386564056,-1.209272674,0.3133651357,-0.031550848,2158.7683194,0.0463645568,15.504776257,-0.000298063,0.0292285572,0.0545484331,-0.000355571,0.2666335806,0.0078614266,0.0,6.90417e-05,1.8509942096,0.0682380078,6.0,15.273981285,0.1136188025,1.3271074461,0,-0.04015385,0.0958561748,0.0227397946,0.0188786094,0.5116860623,4.4023230099,3.90443e-10,1.5071693e-08,0.8903264264,0.7926811456,0.018577508,0.0214689388
93397,0.5409555043,0.031590531,243.47172044,0.0141581962,0.6065319512,0.4474552047,-0.014295934,0.0883870811,0.0909149646,0.0040488706,0.1623809605,-0.002370621,-0.08655747,0.0343249275,0.0023706213,8,0.0008701302,0.0060422961,-0.030455626,0.0839971724,-0.158229058,0.0184829658,0.0158597063,0.139368756,0.0248713333,0.4744291163,0,0.6995729972,-0.076630058,0.5005083367,-0.141457575,1031.9492386,13.519002695,0.0888788738,0.0,0.0,1,1.0,0,0.0,0.1672624631,3.0,-110.9360336,-0.067996668,-0.101451097,-0.383216044,1.408110144,0.6935652082,-0.098323682,-2519.452506,0.5166690304,12.35977227,0.0079147788,0.0024134979,0.0047505593,-0.00932282,0.0001446985,0.2972981063,0.0,-0.005044136,1.0144343007,0.0626973361,5.0,11.538061652,0.1814369441,0.3930972869,0,-0.287443916,0.054812815,0.0297602534,0.0430409544,0.368294535,0.703273451,7.1466372e-08,5.8110139e-08,1.2818268658,1.643080114,0.0799708293,0.0414735378
80432,0.4173357977,0.0325107467,2.5179064858,0.036464603,0.2040135677,1.2020730217,0.1320001151,0.0016196779,0.6784921649,0.0070774376,0.055259041,-0.147801049,-2.8225078,0.1242725827,0.1478010493,21,-0.007412995,-0.05,-0.006937802,0.0741103558,0.050493862,0.1957153712,0.0441707871,0.0426841793,-0.022665494,0.5796347557,0,1.9397224527,-0.127385329,1.3320634381,-0.124325292,7.9934038963,48.352829411,0.4142863462,0.0,0.0,0,,0,0.0,0.9856788586,4.0,0.0040707242,0.0649113733,-0.073376891,-0.089296112,-0.243700975,0.6817627626,0.0331516845,-1087.459738,0.0893035129,14.855503788,0.0144841745,0.039351577,0.0594220702,0.0218046868,0.1923450978,-0.005265345,2.0,0.0045811518,0.7732488467,-0.015611363,6.0,16.550332837,0.0557780396,6.6742898735,0,-0.1429665,0.1829723418,0.0439905747,0.0268093652,0.4072104801,19.931361064,1.787938e-10,2.6917286e-09,1.0143911924,1.0289894913,0.0882989671,0.0506893522
81165,2.1606626461,-0.13559274,-16.54837843,0.0,0.4888094686,1.2265006511,-0.023047081,-0.125635895,0.2806605037,-0.058291771,-0.052443453,-0.178671792,-3.742058312,0.3718032005,0.1786717918,21,0.0161701686,-0.036082474,-0.097298823,0.0071279274,0.0358600421,0.3655819437,0.5327471022,-0.072403234,-0.140652868,0.4716393873,0,5.4149,0.0835026737,4.2698,-0.013270179,15.515208061,3.0420752232,0.8045457215,0.0,0.0,1,1.1390845831,0,0.0,0.3329519854,5.0,-10.19714536,-0.033422155,-0.118644626,2.1333045029,-1.613064347,0.1809489431,0.444996443,-3046.313663,0.0318276958,10.766225617,-0.003874959,-0.03639722,-0.041763058,-0.134583761,0.0297604693,0.2665234186,1.0,-0.054054054,2.1198026357,-0.176946323,3.0,10.461230739,0.1107991768,0.535318445,0,-0.077015,0.0523415469,0.0189442278,0.0269063876,0.7659292081,2.4821263037,1.2251985e-07,3.4673685e-08,1.4432577367,2.0829928946,-0.157102459,0.0652739197
81481,0.1220591164,0.04097357,13.672099641,0.0,0.121853975,0.5882223702,0.3975729772,0.2868429597,1.168873336,-0.011766571,0.1129153135,-0.103361782,-0.546728972,0.0633750079,0.103361782,20,0.0001262049,0.0297482838,0.0971774039,,-0.010111475,0.1701776126,-0.023731997,0.0939788593,0.5247287947,0.5826311747,0,2.3149953575,0.1525435719,1.1129294336,1.2255345871,9.9550977896,,0.4759990541,0.0,0.0,0,0.0,0,0.0,2.7390450158,5.0,0.0007576366,-0.130236264,0.0018523714,-0.229145496,-0.013794238,0.3711044023,-0.007232825,-7618.160261,0.3313016233,16.875682483,-0.009947442,0.0049441295,0.0202372128,0.1853476206,0.0665249416,-0.220080258,1.0,-0.00091617,1.4278440133,0.0931818774,4.0,17.14416061,0.1935734763,2.265188869,0,-0.126567877,0.1277437657,0.0338252761,0.0254831194,0.6273119244,10.137292953,8.075366e-11,7.5828646e-09,0.6326085367,0.4001935607,-0.069842856,0.0288955848
15014,0.2252067203,0.0066474622,8.8470012416,0.0,0.6024084114,0.6500784455,0.0829687672,1.3922241122,0.5002516306,1.2482596076,2.4519686925,-0.117319451,-10.35607648,0.0754890886,0.117319451,11,-0.015544875,0.477027027,0.913436186,,0.3678650935,0.1625233919,0.5734835244,0.3967232668,0.3135494681,0.3375221119,0,1.1358807674,0.3419298885,0.9895592199,2.7181923334,10.536020656,80.642656587,0.1759281981,0.0,0.0,1,1.0,0,0.0,0.8284089467,5.0,-0.029347371,0.0064996507,0.397236254,-0.029264163,2.6430639743,-0.426456427,0.0112352382,-2988.039812,0.0885157098,14.303425934,0.0053361573,0.0047874756,0.0147547676,0.0182867048,0.019887869,0.0298116885,0.0,0.0023328149,2.3093856058,-0.011974488,6.0,15.613316282,,3.1883995498,1,-0.159423938,0.02764857,0.0182020623,0.0329126672,0.3550854365,3.9047583537,9.382948e-10,9.0895898e-09,1.0941164549,1.197090817,-0.208655567,0.0411672371
82598,0.3076839888,0.0504590567,0.5971899043,0.0186912098,0.5395667406,0.551787223,0.1665438829,0.0197414092,0.4489868969,-0.056702619,0.1020487051,-0.076067109,-1.264868727,0.1142831394,0.0760671092,20,0.0025885588,0.0256204964,-0.031999494,0.0579642867,0.0056775144,0.2982813865,-0.010073626,0.0059332697,-0.098349399,0.6932142173,0,2.5003322259,0.041119283,2.44625323,0.0382387427,1.1489397636,7.8607009886,0.1518590518,0.0,0.0,0,0.0,0,1.0,1.0820810775,5.0,7.1249284396,0.0523377825,-0.1125852,-0.057929418,-0.779449584,-0.191210747,0.1065920965,6645.1139811,0.0410566741,15.785964206,9.80659e-05,0.0131079683,0.038,-0.009820709,0.5574985524,0.0110389321,1.0,0.0011764706,0.9143868678,-0.016595541,6.0,16.493663149,-0.082248471,2.3588308102,0,-0.119685598,0.0350427218,0.0156048051,0.0253730563,0.3968472817,5.2520014579,1.968823e-10,8.6294871e-09,1.1295381886,1.2758565195,-0.024390002,0.0288400096
88988,0.3370552097,0.2127892242,-0.366688679,0.1174149381,0.8833485393,4.0215047827,0.1102927251,0.009878756,0.558113326,0.004391441,-0.076428442,0.1116393014,0.6386081193,0.0769002979,0.1116393014,20,0.0,-0.203821656,-0.033159334,-0.001515753,-0.022635231,0.2016952122,0.0105773105,0.0450272492,0.3351190654,0.6980371313,0,0.9778626129,0.0618913011,0.9778626129,0.0618913011,6.6069065677,23.546421093,0.2817432776,0.0,0.0,0,,0,0.0,2.676153992,5.0,-0.062276214,-0.322137028,-0.225456134,2.0672027132,0.4392288551,-1.327075284,-0.13419892,-13853.44344,0.0347046397,12.668433762,0.0047825354,0.0086332209,0.0313305587,-0.073823533,0.4996036954,-0.006121774,2.0,-0.251470098,1.114368417,0.132871991,3.0,12.313883826,0.5137657407,0.7788394314,0,-0.10617775,0.0494001284,0.0244006363,0.0304052174,0.44373999,1.9708971331,1.6053831e-08,2.8152173e-08,1.3434277567,1.8047981375,-0.005906653,0.044803014
83399,1.2051425934,-0.192598358,-9.219944598,0.0253418892,0.8661495715,3.3292454452,-0.047909953,-0.100121905,0.4768480585,0.0321637427,-0.030002027,-0.114823074,-1.282424812,0.0543945551,0.114823074,20,0.0062902344,-0.052631579,-0.113391501,0.2073857152,-0.10312467,0.1493095512,-0.032181836,0.0494614201,-0.141129422,0.5594368962,0,5.1651603757,0.3581231256,2.007797271,0.0457769312,67.930747922,7.5977486316,-0.112162997,0.0,0.0,1,1.0,0,0.0,0.7553455671,3.0,0.8808125704,-0.102469283,-0.027215469,1.3552919156,0.0909893086,-1.93265505,-0.230743816,-1612.119667,0.0987435057,9.8294383493,0.0303563221,-0.06046948,-0.100382571,-0.384427409,0.024051167,-0.017693453,0.0,-0.177031198,1.2338271561,-0.167669654,4.0,7.5269329355,0.0656570451,0.1157785922,0,-0.120349271,0.0731336325,0.0386852858,0.0469725611,2.1842774686,0.8469230037,7.05442e-05,1.0000002299,0.1144073246,0.0130890359,1.6653962741,0.0434212677
83391,0.2547763527,-0.161041931,4.4291720331,0.0139307773,0.404099805,0.3703924189,-0.309439452,-0.149438082,0.3156650757,0.0207416373,-0.011447127,-0.148305015,-0.749229873,-0.040384506,0.1483050149,19,0.0,0.1388888889,-0.030531672,0.1931912338,0.0369980277,1.9378386994,-0.660915125,-0.043337044,-0.355667831,0.2383710716,0,1.1542657343,-0.400783364,1.1542657343,-0.400783364,4.2356639068,3.876104953,-0.19568839,0.0,0.0,1,1.0,0,1.0,0.6765453867,3.0,-10.14992113,0.085123161,-2.30257726,4.0327991219,12.165564018,-0.856672345,0.9541877724,-4159.838498,0.0288563477,10.064267102,7.04858e-05,-0.008447788,-0.018522271,0.008708994,0.1715161414,0.0191352352,3.0,0.0358974359,0.1366902906,-0.073615875,3.0,10.057511244,-0.131349147,0.4883233739,0,-0.109363199,0.0887096897,0.0460709965,0.075804973,0.8651550528,1.2850891696,2.0779117e-06,6.3393657e-08,0.6126444572,0.375333231,0.0657212472,0.0754400576
83822,0.6701690127,0.0590189779,0.0147387602,0.0480427086,0.3167328931,1.4394552096,-0.105503714,-0.092395792,0.4770977159,0.0042489584,-0.13776917,-0.035210272,-0.626583483,0.0959992946,0.0352102717,19,-0.01890823,-0.061643836,-0.059164294,0.1590845805,-0.051256641,0.3277538879,0.2039389212,-0.047504266,-0.069863163,0.5941348884,0,3.6804110397,0.1198583776,2.6237424081,0.122127684,4.7706620502,10.668273167,0.3277510019,0.0,0.0,1,1.0,0,0.0,0.7270903601,6.0,0.9293690549,-0.007987155,-0.074590904,-0.233213121,0.5249972369,-1.577313473,0.068727284,-3821.515855,0.1633840717,14.10054309,-0.001565205,0.0079584961,0.0118915995,-0.036660108,0.2642977999,0.0247128971,0.0,0.0019002375,2.6987868202,0.1136245206,5.0,14.936521746,-0.327542304,2.9619368408,0,-0.107635055,0.0268750191,0.0245650562,0.034362431,0.5425138527,12.093198663,9.916906e-10,6.7512521e-09,1.0327253434,1.066521635,0.1508482956,0.03937966
83976,0.7852025657,0.0292796667,-0.760020823,0.0324104175,0.6356141546,2.1154348757,0.0646181151,-0.11797487,0.8909132489,-0.092275071,0.0030726596,-0.097158442,-5.029987843,0.1765560345,0.097158442,19,-0.025867519,-0.133333333,-0.090569912,0.1309411596,-0.005735779,0.2341476379,0.1260874971,-0.055370104,-0.196469139,0.5318521349,0,2.370531245,0.0200080913,1.4404610044,0.0355877506,7.0616493648,70.762237762,0.2477166236,0.0,0.0,1,0.1477952556,0,0.0,1.4580492665,6.0,0.0026991375,0.0302878596,-0.156710224,0.2785706564,-0.058149911,1.3273008612,0.0854351363,-2048.601338,0.0893035129,14.111476769,-0.005997898,0.0172946011,0.032612055,-0.02310727,0.1614215376,0.0021495533,2.0,0.0056630486,4.4889110991,0.2671751417,1.0,15.979076282,-0.488796204,8.8071343005,0,-0.1429665,0.0427947417,0.0421144517,0.0408830339,0.5302241065,57.720754918,2.931745e-10,1.6865662e-09,1.4884915672,2.2156071457,-0.004763425,0.0511609268
84084,0.277617933,0.0628985008,8.1417087585,0.0,0.1090842449,0.7808341471,0.3246056609,0.0865916488,0.7848875332,-0.03653198,0.1361621054,-0.066321186,-0.391498152,0.0875231476,0.0663211863,19,0.031915114,0.0740740741,0.0722107129,0.1701869034,-0.015563501,0.1719706177,0.0682372143,0.0356747409,0.068277729,0.608232517,0,3.4810085679,-0.016796229,1.1269522644,0.0609162784,10.322225612,120.5603801,0.7466428827,0.0,0.0,1,1.0,0,0.0,1.0738299405,4.0,1.4101874654,0.0177754863,-0.106256968,0.0167861621,-1.494046514,0.4502255749,0.454896305,-3997.92524,0.1116949983,13.569768294,0.0028532471,0.0400719179,0.0571781072,0.0127699464,0.1007407539,0.0084629479,1.0,0.0029274005,4.7995881753,0.1564993411,6.0,14.90919515,0.3478942684,4.4830421377,0,-0.115623953,0.069435887,0.0268383412,0.0335361061,0.5141340416,16.758341906,1.3036623e-09,4.5560025e-09,1.0069464397,1.0139411324,0.0458852819,0.0308156422
89289,0.7522919828,0.0598333966,-8.526886105,0.0268241022,0.5512566388,2.5900496333,0.0767815215,0.017068782,0.6175174542,0.0131317661,-0.021453844,-0.078704309,-1.700287956,0.1615674001,0.0787043095,19,0.0086150287,-0.027210884,0.0030687653,,-0.002261253,0.2196531792,0.0025765966,0.0666854127,0.0472797528,0.4988074046,0,2.4614516901,-0.017655128,0.305734879,0.0884794972,95.45988931,,0.2852001021,0.0,0.0,1,1.0,0,0.0,1.0951932471,5.0,0.0150410505,0.0140649474,-0.050587775,0.2456600735,0.0286579447,,0.0704465019,-3185.824378,0.0893035129,11.911295433,-0.003494498,-0.011431349,-0.02196103,-0.040512963,0.0226967857,0.0493421721,0.0,-0.011305242,5.3182592382,-0.191087784,3.0,13.499288553,0.2528104126,5.4404876247,0,-0.1429665,0.1086473912,0.0647127876,0.0635452103,0.5599968699,32.997357555,8.0565659e-09,3.149187e-09,1.6324033086,2.6647405618,0.1202573621,0.0657473296
84275,0.6074578847,0.0608250126,15.44613809,0.0,0.510619435,3.5926093282,0.0998693151,0.110113776,0.5800957064,0.006529907,0.1051250203,0.0370794956,0.6477864114,0.021423396,0.0370794956,19,0.060996121,0.0,0.2060257443,0.1512899317,-0.073237916,0.109703521,0.0888903569,0.1218940351,0.11434222,0.4706962238,0,2.926839468,0.1123875673,1.0759578797,0.0369055936,471.47744534,17.26950815,0.181682793,0.0,0.0,1,0.2861486166,0,0.0,1.0597194386,4.0,-94.83846547,0.4013939287,-0.028469549,1.0164951934,-5.562703543,0.5760672901,-0.144275151,-131.368926,0.1242964792,14.44526987,-0.000625083,0.0118151981,0.0217468656,0.0325296519,0.0046385441,-0.014349388,0.0,-0.000792864,2.6488446429,-0.119514747,4.0,15.465041513,0.1938647076,3.3648399198,0,-0.017907774,0.0344023407,0.0217330984,0.0313482845,0.2481549291,2.2188825554,1.0023883e-09,1.0379595e-08,0.9736129413,0.9479221594,0.048404069,0.0386596626
84255,0.741059123,-0.119092985,0.1872935259,0.0,0.1789275817,0.5001090895,-0.18188372,-0.165024379,0.2432368669,-0.00921268,-0.171996231,-0.060642294,-0.514751355,-0.05778971,0.060642294,19,-0.016148421,-0.027662517,-0.211073066,-0.094480134,-0.059935807,0.5568718886,0.1441219753,-0.014218308,-0.163323404,0.6179522253,0,3.8833133527,-0.007628831,3.8015641948,0.0111404433,1.1706453837,3.6587955626,-0.409129295,0.0,0.0,0,,0,1.0,0.3025811848,1.0,-10.3492426,0.0338874726,-2.469128666,4.5190818923,-1.005627866,0.1119278668,0.9367825682,-4003.601918,0.0288563477,11.664498752,-0.004003621,-0.051333754,-0.065837031,-0.005613419,0.3115854297,0.0076251907,0.0,0.1854714065,0.7374956604,0.0007769391,4.0,12.586472022,-0.556172606,1.3869704555,0,-0.109363199,0.0722891614,0.0252368751,0.0395194918,0.4196823065,2.7830177,3.4034203e-08,1.6589738e-08,1.1230139743,1.2611603865,0.1171925206,0.0509938912
84588,0.216359615,0.0286511056,47.910619958,0.0188518952,0.4017344203,0.3495248124,0.0842175044,0.1452593993,0.2449319157,0.0085625898,0.2016251832,-0.08101521,-1.646182268,0.0758160475,0.0810152097,19,0.0027027085,0.1695652174,0.1157920242,-0.071888358,0.8542418676,0.0983596069,-0.086473809,0.151323298,0.0557049277,0.3941498104,0,0.722802379,-0.148008449,0.5384663625,-0.160148629,28.88168183,12.281112378,0.1790159303,0.0,0.0,1,0.9979595277,0,0.0,0.5862314718,5.0,-3.610375761,0.0404096421,0.0465438093,-1.270327853,-0.299518106,-0.096834449,-0.036117044,2070.9656985,0.0768509389,15.375353733,0.0005139119,-0.023934165,-0.068762059,0.0111917933,0.0184710662,-0.242789875,1.0,0.0007007095,1.5705764945,0.0446589985,5.0,15.729360048,-0.075296324,1.5704725825,0,-0.034489147,0.017454857,0.0118918248,0.0152671979,0.2427881436,1.2127611649,3.675426e-10,1.9768236e-08,0.6541528411,0.4279159396,-0.071889227,0.0252008123
84519,0.189657266,0.0035638861,2.012849544,0.0,0.6335924722,0.7470717118,0.0925322207,0.3003036719,0.5476548659,0.267638811,-0.031775981,-0.105059418,-21.46610097,0.0800666241,0.1050594178,19,-0.026961524,0.0356520054,0.0687762778,-0.024839675,0.0593916682,0.6561651899,-0.199125692,-0.003585779,-2.820561941,0.5826507257,0,2.7947750789,0.2893410817,2.4458078599,0.3684170114,2.6408887804,4.2221376299,0.0652842623,0.0,0.0,1,0.2000049789,1,0.0,-4.428422697,7.0,45.1133126,-0.133507053,-0.084306926,8.4833469107,-0.722658901,1.5669750641,0.35599406,-1935.376936,0.0587429544,14.691647994,1.54393e-05,-0.006392768,-0.077771655,0.0308552439,0.3436216977,0.0294567458,0.0,0.0016570008,5.3892442529,-0.190142978,6.0,16.164406457,-0.340858333,5.4508891077,0,-0.130399472,0.0325352214,0.0160203766,0.025974193,0.2147291802,4.1134801686,2.958128e-10,5.1974091e-09,1.4104644418,1.9894099417,0.0638706787,0.0477727775
85019,0.4836384426,0.0475640565,8.7579752561,0.0054938876,0.4660713257,1.2559058312,0.1097290945,-0.033879725,0.4903491218,0.0035196154,-0.089658023,-0.022018706,-0.447355413,0.0688420946,0.0220187058,19,-0.012919263,-0.103683492,-0.093116699,-0.056876204,0.1389608015,0.1679013265,0.0995592288,-0.024248778,0.0267457531,0.4235361344,0,1.9202323829,0.0018132655,1.0858349526,-0.047209884,42.636424105,7.9027986685,0.2056893305,0.0,0.0,1,1.0,0,0.0,1.0116050779,7.0,-16.05522373,-0.001143876,-0.409791593,0.4163043736,11.82230533,1.4335481406,0.4020697981,-4980.104969,0.0238858186,12.43702719,0.0070872208,0.018942973,0.0371978837,-0.057346748,0.043438483,0.0293473394,2.0,0.0033269962,1.0617608181,0.2654557731,5.0,11.995596051,0.4257140402,0.5204498978,0,-0.253901646,0.0582386106,0.0183834609,0.0240831882,0.4683926491,1.037665636,2.704141e-08,4.6797831e-08,1.0961274424,1.20149537,0.2919085938,0.0502016606
12493,0.3194814348,0.0370258236,0.6717128254,0.0127328107,0.4909596758,0.8439948696,0.0859539557,0.2067858253,0.7176945058,0.1473630767,0.0061837663,-0.041495073,-0.83044956,0.0677739026,0.0414950732,18,0.0,0.050955414,0.1081066873,0.0204523155,-0.018493073,0.1737045304,-0.053054146,-0.044886782,0.7398333463,0.6881489154,0,1.4728459977,0.3207629521,1.4728459977,0.3207629521,2.4484426597,3.7188854723,0.1092993564,0.0,0.0,1,1.0,0,0.0,2.5984892142,6.0,-10.10643851,0.084474881,-2.390510735,4.0975042041,-0.856967397,-0.185373009,1.0623461805,-3884.773698,0.0288563477,12.588991876,-0.000517877,0.0100064233,0.0212729202,-0.012447177,0.5102270255,0.0024206943,2.0,0.001174628,2.04184706,-0.105750448,7.0,11.558271259,-0.161125631,0.4588511638,0,-0.109363199,0.0362860374,0.0160739474,0.0311741088,0.3838414822,1.1212855279,1.9295403e-08,4.2308106e-08,0.9975587952,0.9951235498,0.0890076239,0.0371701265
85390,0.4670542943,0.0451009555,1.3437287774,0.0091100949,0.2929405683,1.3963822831,0.1171919212,-0.03231479,0.6281861038,-0.052124161,-0.01164097,-0.107243409,-1.83732949,0.127966271,0.1072434087,18,-0.025436476,-0.03030303,-0.002528615,-0.232420756,-0.048150158,0.1949526428,-0.061050246,-0.000380566,-0.044845958,0.6018400572,0,2.2198624971,-0.042843913,1.1354661945,0.0039414281,7.8179953926,55.165497369,0.3158180781,1.0,0.0,0,,0,0.0,1.0068647066,5.0,0.004396181,0.0071074417,-0.053679921,-0.039577615,-0.128850611,-0.737471249,0.0368453728,-2557.116378,0.0893035129,14.100869622,0.0001195474,0.040017506,0.0727934572,-0.029097514,0.2235854211,-0.001905081,1.0,-0.000558971,1.5707375869,0.1006043376,4.0,16.140847733,0.7238691444,8.5086892021,0,-0.1429665,0.0413307846,0.021778874,0.0312460052,0.4654558573,30.983125168,2.715748e-10,1.8827254e-09,0.4991140279,0.2491148128,0.3397097017,0.0352334251
13687,0.2013027944,0.0260613742,11.377273972,0.0,0.2357165122,0.534796856,0.1306763952,0.488629923,0.7074771999,0.019629393,0.7153601997,0.0066724106,0.093525417,0.0236239733,0.0066724106,13,0.0826717238,0.1111111111,0.2040418811,0.0253148065,0.0366678124,0.0881758451,-0.314754369,0.2660747261,0.2891107557,0.4880107877,0,2.648569081,0.3697660657,1.0247307863,1.0334983975,8.8460649354,71.920739457,0.1925913759,0.0,0.0,1,0.3033904526,1,0.0,1.294924368,5.0,-0.074702852,-0.209740882,-0.177478378,-0.302206936,0.1414960845,0.0371036015,-0.021064984,1090.6293859,0.3094931693,14.116026541,0.000767047,0.0103706182,0.0258139947,0.0114630945,0.188260462,-0.01675446,0.0,9.70026e-05,3.1616659582,-0.094906011,5.0,16.784146821,-0.617926652,11.650175257,0,-0.287894832,0.0293453671,0.0262956233,0.0420920188,0.3038982496,13.891000985,4.042956e-10,2.5926732e-09,0.7985060666,0.6376119384,0.4436502999,0.0509922032
89606,0.2418645468,0.0620022883,11.490043816,0.0,0.3740793528,0.6867101535,0.2109989619,0.2974786568,0.5760531372,-0.023323036,0.4003260667,-0.14827238,-1.304112228,0.1428602306,0.1482723803,15,-0.022469039,-0.005119454,-0.119303565,-0.032801633,-0.083316079,0.2198977915,0.3405117175,0.0709876462,0.1651271108,0.394820886,0,2.4327066695,-0.058707062,1.4835145844,-0.099325652,13.070484581,9.9785191212,0.3076215501,0.0,0.0,1,0.008459259,0,0.0,1.2494440215,3.0,-0.06413061,-0.442171135,-0.382878351,-1.735745417,-0.600764025,-2.289482111,0.278668379,-1183.846823,0.0506976226,14.126388441,0.0100868052,0.0242484366,0.0593624701,0.0357112742,0.1032118148,0.027942209,0.0,0.0027995521,8.6848510267,0.1345211584,6.0,16.249460624,0.0820186511,8.5329499932,0,-0.035100386,0.0462666154,0.0205926312,0.0287257725,0.3741893412,8.359633805,6.225704e-10,4.8880887e-09,0.7910970014,0.6258344657,-0.213793209,0.056828071
86580,0.4221652301,0.0602564488,1.0083868315,0.0178166302,0.2659695742,0.4473466574,0.2781229381,-0.00683033,0.3888626699,-0.04064106,-0.003975672,-0.038065875,-0.436211022,0.0865409759,0.0380658751,17,0.0131644444,0.0476839237,0.1334923424,0.0225993584,-0.006944369,0.3949975058,-0.037496251,-0.001163305,-0.008620415,0.7671150531,0,6.3762340547,0.0718246313,5.8373090187,0.0538875764,1.0125813833,9.8841665664,0.3050304757,0.0,0.0,1,0.0100727388,1,0.0,0.6223566656,6.0,3.1303787092,0.0240487171,-0.119556607,1.2373196885,-1.254459152,-1.950794749,0.1781897827,5345.8819579,0.0446872923,17.032323483,-0.005388281,0.035248603,0.058781362,0.0052163852,0.659046557,0.0045911201,1.0,0.0017624251,0.7340287633,0.1106705461,6.0,17.906803284,0.0371436016,3.6921104869,0,-0.130399472,0.1520944536,0.0343770559,0.0236681167,0.5888654049,19.288892115,3.429895e-11,4.299147e-09,1.4304192767,2.0460993072,0.0334857937,0.0356757061
86594,0.5112667944,0.0554112917,0.6806913268,0.0032014967,0.315165244,0.6685615639,0.1260044381,0.0681991722,0.2407539804,0.0152978258,0.0510781587,-0.016127977,-0.232862139,0.0683144836,0.0161279766,17,0.0,0.0856890459,0.0708215184,-0.012112857,0.0151303211,0.4444820255,0.0263574327,0.0101923859,0.0790339573,0.4419946676,0,2.0946537695,0.0695275593,2.0946537695,0.0695275593,2.621935833,5.3434481652,0.2364762482,1.0,0.0,0,,0,0.0,0.3907504077,7.0,-10.11646265,0.0894171207,-2.355777103,4.2892895636,-1.049266177,0.0891000207,1.0628867615,-2639.854868,0.0288563477,14.317886638,-0.002082121,0.0146996754,0.021870539,0.0142721724,0.2223350637,-0.000666566,0.0,0.0,1.1120584245,-0.017376379,4.0,14.641721274,-0.364440812,1.7013064824,0,-0.109363199,0.0195729267,0.012342543,0.0198124416,0.4421392582,2.5919979633,1.5006581e-09,1.7952635e-08,1.1194304816,1.2531246031,-0.006337346,0.0373320705
86881,0.5874076935,0.0789139512,0.7430890663,0.015643122,0.3488559953,0.5247899942,0.1901958806,0.0815558398,0.4310326957,-0.040667949,0.1350536431,-0.027570516,-0.314773682,0.1037539862,0.0275705163,17,0.000464754,0.1151165585,0.0236032103,-0.025171205,0.0105680832,0.192767244,-0.146870828,0.0119702438,0.0521058229,0.4622604088,0,3.2935945402,0.1666758678,3.221534451,0.1684358334,1.5708850551,9.5956893884,0.3003472829,0.0,0.0,0,0.0,1,0.0,0.651511735,6.0,-5.524217459,-0.024537396,0.112715685,0.1159577696,0.2273799884,-0.369733015,0.0923855865,272.71076596,0.0400118084,15.101693019,-0.002190603,0.0216154188,0.0341235294,0.0056732111,0.3568148804,0.0011194416,0.0,0.0019193858,4.4703639213,-0.07478578,6.0,16.540660377,0.2090535392,3.9423550237,0,-0.119685598,0.0534883738,0.032142336,0.033793799,0.7373327575,43.454631276,2.546384e-10,3.512191e-09,1.4441214168,2.0854866664,-0.008534164,0.0368865126
89416,0.7352686952,0.0647139764,0.6106085922,0.022154427,0.1432680383,1.257183982,0.1411516216,0.0982370836,0.4206237418,0.0019529434,0.3466486121,-0.062470114,-0.810144697,0.1171416611,0.0624701137,15,-0.024785738,0.0059701493,0.0703350519,-0.001817899,0.0726843832,0.1138713635,0.0857778504,-0.055492311,0.0601321929,0.5770211473,0,6.2903445744,-0.241574242,3.9316620339,-0.125582213,6.3199958617,7.5779190572,0.6255461215,0.0,0.0,0,,0,0.0,0.484751823,5.0,0.0094444572,0.0008198259,-0.054931535,0.1941032539,-0.51503276,0.3917549691,0.0795712832,-1577.919183,0.1748673505,12.540899408,0.001683715,0.0265592823,0.0311105736,0.0080863385,0.2772879874,0.0022142963,2.0,0.0020145044,0.8167622923,-0.069442254,5.0,13.365323329,-0.204189579,1.5614687897,0,0.024739463,0.0192630235,0.0091506751,0.0228777304,0.415234776,2.9468898597,4.8427423e-09,1.7644524e-08,0.7869692681,0.619320629,-0.104491367,0.0459331667
90539,0.3545673678,-0.272123132,-0.214839618,0.1565789674,0.1431700595,0.4781622794,0.1524885981,0.5416375698,0.2854399441,0.6778432261,-0.647699544,-0.150771027,-0.576266737,-0.115307623,0.1507710272,17,-0.088745406,-0.573770492,-0.805254888,0.0175378481,0.3784363081,1.3555555556,-0.639731544,-0.25698324,-0.10592686,0.9783942019,0,8.7904191617,3.3542045873,8.7904191617,3.7339911159,0.3924822612,23.650176678,-0.947781009,1.0,0.0,0,,0,0.0,0.5809764006,4.0,-16.19371231,-0.82102481,-1.088716796,0.2872332988,10.367003655,0.3035196586,0.2179200807,-5221.300329,0.0238858186,9.3785156438,-0.000436453,-0.084501016,-0.116760272,-0.418436646,0.9655738633,0.0100334836,0.0,1.1732314081,-0.847839831,-0.042761877,3.0,8.2219895525,0.1989247292,4.3425559947,0,-0.29499903,0.1631081104,0.0546405591,0.0865867786,0.7815715891,5.1302656353,7.9879788e-07,2.1872517e-08,1.1160528088,1.245573872,0.0287301587,0.1099176804
87255,0.307320909,0.0306334304,0.2443238878,0.0,0.8626164169,0.448571307,0.1641683542,-0.095460792,0.2208741649,-0.202258369,0.1534490226,0.0063977426,0.2572327452,0.022753509,0.0063977426,16,-0.001593184,-0.001597444,0.1113247164,-0.031857554,0.0481392878,1.1688037793,0.2707025422,-0.001233685,-0.43667556,0.6701884527,0,3.386902076,-0.296672683,3.3084541426,-0.299873255,0.6076752346,11.235292654,0.0551380271,0.0,0.0,0,0.0,1,0.0,0.5236566288,4.0,-0.777024214,-0.046347179,-0.041396322,4.7161665835,-0.365410604,-1.328715094,0.7451715158,-13823.25279,0.0314049921,13.807533608,-0.001040483,0.0045431822,0.0164901059,0.0156219419,0.5987501997,-0.004171901,0.0,-0.001101322,2.7499034223,0.0712450994,3.0,15.47647771,0.2530341378,4.4477319532,0,-0.10617775,0.0131845959,0.0088567448,0.0192175519,0.5107852393,11.31176953,3.457875e-10,5.4582881e-09,0.8807365385,0.7756968502,0.0290113314,0.0316891459
87310,0.0916322222,-0.271001248,1.5654291045,0.0083901315,0.3551422816,0.2343543524,-4.900898012,0.6839430894,0.6967028004,0.527475998,0.3015594114,-0.526386496,-1.139761168,0.0378754509,0.5670278652,17,0.0067314569,-0.041666667,-0.298502108,-0.023191273,-0.066397532,0.7016885553,-0.510708456,0.060862692,-2.820561941,0.9041154697,0,1.2622368304,0.0626181481,1.2234165408,0.0759210999,0.6632462687,4.7922794118,-0.827369024,0.0,0.0,0,0.0,0,0.0,-4.428422697,5.0,-5.895738418,-0.397153951,-0.04406754,-0.379817702,1.7615565018,-0.988863739,0.0265070512,-4006.994354,0.0400118084,8.6283860265,0.0,0.0693216712,0.3428439945,-0.072994144,0.7907195065,-0.359003631,1.0,0.0809048397,-0.083362289,-0.086327497,4.0,7.5450099464,-0.31186643,13.298353074,0,-0.119685598,0.3941369057,0.1271475071,0.147080333,1.3323749021,55.57223495,2.12305e-06,3.755234e-09,0.9844019,0.9690471006,0.7716202019,0.1109911525
87390,0.5213940217,0.0056150118,1.6045328454,0.0,0.211661902,0.5909031159,0.0492723401,0.0362833596,0.2993270324,0.0704138484,-0.069364282,-0.066707592,-8.556406158,0.0536593335,0.0667075924,16,0.0156822853,0.0307692308,0.0813522782,0.100230119,-0.116441621,0.2894004313,0.1374599679,0.0749185668,0.0863473479,0.64168941,0,5.1784669881,0.1987243899,3.7981918771,0.1629872545,2.5519521982,4.9272266074,0.2221937744,0.0,0.0,0,0.0,1,0.0,0.4295321433,5.0,7.0471412744,-0.09008405,-0.107436466,0.1557806151,-0.425274379,1.1929952848,0.0459682906,-2334.007459,0.0410566741,14.409636359,-0.000584893,0.0042376233,0.0060108746,0.019894651,0.3301751018,0.0541311021,1.0,0.001759015,6.1560162802,0.2122964872,6.0,15.107113529,0.8423961579,2.6161747457,0,-0.119685598,0.0204603374,0.0135785865,0.0261138821,0.3431903364,3.74009016,6.232503e-10,9.459406e-09,1.2665611816,1.6041772269,0.1911336939,0.0517039362
87432,0.3323941954,0.0349384827,2.9898975501,0.010609174,0.263953058,0.3221040943,0.1106862933,-0.309482042,0.2089373096,-0.00885463,-0.401627486,-0.005789186,-0.121004566,0.0391661987,0.0057891862,16,-0.058001092,-0.448598131,-0.421572841,-0.038053003,-0.021037997,0.4205298013,0.1841516912,-0.196565414,-0.213476784,0.4408820698,0,3.7766393443,0.1686982116,3.2223360656,0.2385763287,1.7986636971,6.6633663366,0.1565787985,0.0,0.0,1,0.0229607251,0,0.0,0.4146847867,6.0,-0.745801194,-0.190526251,-0.557125067,0.6331123164,-1.338195954,-0.991560476,0.9731848694,9424.4040244,0.0352290716,16.526314637,0.0024928446,0.0193076817,0.0341213746,-0.000638146,0.30017382,0.1838010647,2.0,0.0007944915,0.9581019821,0.0241521811,4.0,16.469145541,0.0825406466,1.2840002621,0,-0.077015,0.0342338458,0.0110653389,0.0153663004,0.4733743714,4.0876608022,1.084596e-10,1.275132e-08,1.1198851414,1.25414273,0.0170533809,0.0202945832
90640,-0.483505,-1.190958076,-5.195414552,0.1174149381,5.4029614559,8.2257963184,-0.17662776,-0.311733721,0.1751884479,-0.823099258,-0.047274992,-0.314371016,-0.870420018,-0.307307562,0.3143710159,15,0.0,-0.507014028,0.1483258089,0.383788997,-0.294597108,0.3680981595,-0.128214332,-0.286350014,-2.820561941,0.4879689252,0,0.918305796,-0.148041784,0.918305796,-0.148041784,10.329103215,3.530653557,-0.424484067,0.0,0.0,0,0.0,0,0.0,0.3797987328,3.0,0.2048276388,0.2693060616,-0.682037397,-2.358923056,-11.75794564,-0.107982334,-0.325685695,-1422.029892,0.2469190948,8.3031332588,-0.000112752,-0.117275079,-0.746979129,-0.613168234,0.3385381613,0.0642635285,0.0,-0.057095542,-0.534466966,-0.136866063,1.0,8.0816512804,0.2490909186,1.8456583674,0,0.0494961792,0.1403508484,0.0565808533,0.1021330178,0.8593438096,8.7581812909,1.934495e-06,1.1045949e-08,1.3450688553,1.8092102256,-0.920248418,0.1675990789
88172,0.2118377081,0.0237795908,17.141398492,0.0,0.0671832771,0.3878889516,0.1667770353,0.0418466028,0.267585498,-0.000215584,0.1562087321,-0.094939813,-1.091616766,0.0497377909,0.0949398127,15,0.0041778841,0.1627906977,0.0651770139,-0.037558118,0.0107265004,0.1109210595,-0.072931253,0.0928943186,0.010158699,0.4160794839,0,2.5590896353,-0.068436532,2.1949037191,-0.080153049,9.1284371218,16.569256243,0.5417350676,0.0,0.0,1,1.0,0,0.0,0.3385000736,5.0,-0.099793962,0.080691326,0.0841043095,-0.536889851,-0.209592791,-1.987983865,0.1385614929,-5381.988705,0.1057354468,14.079674179,0.0027263835,0.0221254849,0.0298164053,0.0065740722,0.110428957,0.0201599437,1.0,-0.000623453,2.1394934366,0.0561110396,6.0,15.271942927,0.6989115006,4.8231608046,0,-0.146202844,0.2431790233,0.0536438775,0.0122112204,1.0074414127,62.174485037,3.368859e-10,2.6595187e-09,1.0922296571,1.1929656239,0.1770455722,0.0449707055
89301,0.5446439743,0.1035447823,-0.162719226,0.0399323047,0.5738556668,2.4486194249,0.1739178263,0.0378599013,0.6807205358,-0.065915004,0.1840217391,-0.020965014,-0.222335284,0.1265664408,0.0209650143,13,-0.0129772,0.0579710145,0.0283754632,-0.316411267,0.0316055073,0.344561867,-0.014532366,-0.002493034,-0.081593675,0.3674858347,0,1.2578520461,0.1135887523,0.5596755504,0.2867989876,15.236846419,81.9030837,0.2735280944,0.0,0.0,0,0.0,0,0.0,1.2322999023,6.0,-0.108599347,0.0673793278,-0.230618475,0.0411342435,0.1379712133,-0.009781109,0.0818774834,1395.2200959,0.3094931693,14.92242272,-0.000430886,0.0145618422,0.0284145784,-0.015705366,0.0385108583,0.0061920728,1.0,-0.000325591,6.0182261948,-0.013250058,3.0,16.904856823,0.0303656844,6.5205543584,0,-0.287894832,0.0358884595,0.0195798263,0.02782703,0.4455089369,19.084805348,1.656247e-10,3.088707e-09,1.1849135286,1.4040200702,0.1365950523,0.0459795216
89397,0.3069278916,0.0095139846,4.5756084675,0.0,0.4140411907,0.3470926489,0.0556629071,0.3260684289,0.4330351225,0.1361813264,0.1810019223,-0.078951421,-5.263134073,0.0595873611,0.0789514205,13,0.0033036665,0.4117647059,0.2437407141,-0.10507974,-0.023421317,1.5287726036,0.1598770845,0.0229837211,0.591542871,0.2501689348,0,1.486105531,-0.115081599,1.4494756093,-0.123394359,3.1543202802,4.3054957801,0.1017457788,0.0,1.0,1,0.5576502588,0,0.0,1.1660292133,4.0,-10.15816819,0.104968173,-2.029701443,4.0849506608,-0.343538568,1.952998083,1.054159639,-983.3126584,0.0288563477,14.53428266,-0.001393518,0.003208233,0.0072734756,0.0004996628,0.1625172196,-0.002450923,1.0,0.0004203447,3.6896344488,-0.147356471,5.0,15.322930846,-0.020284912,2.3835707472,0,-0.109363199,0.0298043806,0.0164898315,0.0262454983,0.5135673504,5.053708901,9.954342e-10,1.1539871e-08,1.213853919,1.4734413366,0.0628562126,0.029212894
89399,0.4844581083,-1.069140714,-1.18973654,0.0,2.167907571,8.0703891463,-0.476843516,-0.209146734,0.5977462823,0.0082040307,0.1408588114,-0.259948441,-0.730163036,-0.288493685,0.2599484407,13,-0.072143331,-0.28394178,-0.120636453,0.5160627615,0.0385402295,0.3895733577,0.4243151925,-0.297103131,-0.666709418,0.5970772176,0,1.7565439102,0.1210332159,1.1003977893,0.2945656748,12.116395387,100.44045668,-0.39657275,0.0,0.0,1,1.0,0,0.0,1.3478902142,4.0,-0.042327192,0.2038139452,-0.307318671,-0.022173801,-0.8399506,-1.174274745,-0.379614583,-3625.357898,0.0893035129,9.6727407692,0.0082981166,-0.058147306,-0.961144029,-1.035777469,0.0962683029,0.004051943,2.0,0.5259775361,1.3295099838,-0.148714293,1.0,10.665530808,0.1414869521,4.6755506663,0,-0.284374429,0.4173754454,0.1375151479,0.1561155036,0.88462644,35.134068561,1.0735565e-07,2.1340078e-09,1.9759947943,3.904555427,0.24466402,0.1130292375
89447,0.2069694889,0.0304337606,84.974541905,0.0155609511,0.1104137147,0.9587255591,0.1592025405,0.0052246493,0.3290188525,0.005145996,-0.049234979,-0.035481493,-0.370748925,0.0417170446,0.0354814931,14,-0.016269975,0.0387518873,0.0949687544,0.0848435003,0.0761871444,0.115741274,0.0057565984,0.0422699179,0.0310190295,0.3993992946,0,1.1937910033,-0.020112237,0.92451307,0.0141637959,119.48459071,11.125128218,0.3480781958,0.0,0.0,1,1.3083491461,0,0.0,0.5152280303,7.0,-94.80530773,0.419570665,0.0102823382,0.6160067977,-4.880847132,0.4907427972,-0.123981502,-1518.528366,0.1242964792,13.800411144,0.01833037,0.0163544058,0.024115869,0.0081066435,0.0251662602,0.0007067449,0.0,-0.003695779,2.1906627366,-0.012939138,5.0,14.308030059,-0.136833554,1.985210728,0,-0.017907774,0.0203972626,0.0135583214,0.0208431955,0.3509146141,2.3120072745,1.9901069e-09,1.680818e-08,0.6351607807,0.4034292174,0.1494807651,0.0414966047
89449,0.3790113299,0.0446949453,1.3928217233,0.0,0.2745449867,1.2736102416,0.1746958457,0.1063461996,0.8617486664,-0.010171059,0.0918588292,-0.107570549,-1.497361626,0.1116194413,0.1075705486,13,0.0126548842,0.4361774744,0.1021749467,1.1021749467,0.0199436711,0.2048421839,0.0318409602,0.1162464748,0.1170828742,0.6845932619,0,2.9161554549,0.0016038272,1.9441268735,0.0169751551,5.1203473945,,0.3477609662,0.0,0.0,0,,0,0.0,1.4983620377,6.0,1.4163716582,0.0334776518,0.2558464325,0.1181795591,-0.295638952,0.5821730489,0.4789925987,-4769.24148,0.1116949983,12.253953965,-0.005709006,-0.001171168,-0.002172304,0.030508328,0.1251745628,0.0815186917,1.0,-0.003479774,9.7846655735,-0.313875586,5.0,12.972396405,0.3133752472,1.7429108338,0,-0.115623953,0.0639268756,0.028000976,0.0472410732,0.4088542303,4.8964045273,1.4256842e-08,1.2724857e-08,1.2358030158,1.5272090938,-0.000288067,0.0593956516
89540,0.3003535992,0.0564238061,12.04417897,0.0099225823,0.2629366281,1.1170862171,0.1726000064,0.1187408574,0.7327626651,-0.023642812,0.1628824019,-0.080452573,-0.760550613,0.0993369664,0.0804525726,13,0.0487737191,0.0962099125,0.0967792141,-0.293072962,-0.023881586,0.1342881978,-0.053059526,0.1428246318,0.0827607481,0.4929477853,0,1.653851826,0.0234923905,0.4108003607,0.0614864236,30.740300164,72.046085532,0.3390884064,0.0,0.0,1,0.9411466261,0,0.0,1.3281431811,5.0,1.4090008515,0.0707326726,-0.084121129,0.0395218283,-0.725192014,0.6490935539,0.4667101238,932.41650993,0.1116949983,15.157138156,-0.000749549,0.0128446202,0.0257513515,0.0229915771,0.0181841388,0.0077646056,0.0,-0.000448934,4.1919090363,-0.097943071,7.0,16.301225726,0.376506104,5.0998351408,0,-0.115623953,0.0855643675,0.0339566984,0.0289021129,0.6405234827,23.190951779,2.009394e-10,3.0809239e-09,0.7054052589,0.4975965793,-0.231054476,0.0323186119
89908,1.142419259,0.102263188,-24.63605661,0.0,1.7366059045,2.5912313541,0.0700544738,0.2691369553,0.5982768689,0.0062001771,0.402084956,0.1686845654,4.2454497291,-0.331890036,0.1686845654,12,0.0261690798,0.1944444444,0.2435778828,-0.003694241,0.0278019701,0.1559250695,0.0748408384,0.0572432985,0.1092501145,0.4125945935,0,6.3838451406,0.2376117347,5.2868925377,0.2258019626,121.30017181,2.0539471223,0.0907664003,0.0,0.0,1,0.6823020226,0,0.0,1.2676288415,3.0,-0.150618246,-0.037659076,-0.094145045,0.6389095283,0.0508414705,1.3073947521,-0.376578993,-1829.024424,0.3094931693,12.739798358,0.0003425437,-0.001381793,-0.003515722,0.0385090098,0.099095528,-0.000426032,0.0,-0.016341592,0.4227974216,0.0288446657,3.0,14.410148516,-0.304432738,5.1700762265,0,-0.287894832,0.0697887316,0.0430579941,0.0694004348,0.280295874,4.374751029,6.6007196e-09,6.763486e-09,2.308352712,5.3284922432,-0.194984539,0.1050615637
90215,0.1082385066,-0.007152616,27.65555675,0.0,0.1829159893,0.1463150058,-0.015067616,0.1682578147,0.4883619781,0.0663008508,0.103500903,-0.144755454,-5.468091424,0.0319585414,0.1447554539,11,0.0,0.2189753606,0.3199661115,-0.035658434,-0.015646717,0.3999587873,0.3722324042,0.0132383838,0.3082672099,0.2797889775,0,0.8086534644,0.2008545522,0.8086534644,0.2008545522,5.3982614531,2.7561572085,0.0293017524,0.0,0.0,1,0.0837503952,1,0.0,1.4469940859,6.0,-10.1181824,0.0884199705,-2.222490788,3.8862612758,-0.843638326,0.1119278668,1.0265308193,32491.722642,0.0288563477,17.853523265,0.0054684843,-0.002330652,-0.005546317,0.0063627047,0.1244509926,-0.126193977,0.0,0.0002573671,1.3905007797,0.0568088072,6.0,17.604373504,-0.044949799,1.1669205412,0,-0.109363199,0.0413508862,0.013862833,0.0176221902,0.4763851911,3.7944409706,3.207978e-11,1.5388558e-08,1.2048549612,1.4516754776,0.0161514509,0.0350767145
90387,0.6725133137,-0.114286449,-1.958153724,0.0,1.3707673064,6.2495905046,-0.027908325,0.0454609995,0.9596090777,0.012116533,0.1537160045,-0.097810315,-1.710689962,0.0812222321,0.0978103154,11,0.0349184688,0.0080327611,-0.016856499,-0.070189832,-0.050460029,0.3237371702,-0.173287332,0.0332394815,-0.12238661,0.5717895919,0,1.3159592311,-0.061500172,0.6790906437,-0.108423742,13.041044038,123.02891406,0.055176573,0.0,0.0,1,1.0,0,0.0,2.4423618778,2.0,-0.018708722,-0.058911608,-0.01534413,0.1658814044,0.298374621,-0.423983091,-0.009898666,-3670.721578,0.0893035129,11.641871556,-0.000174504,-0.018302366,-0.055445298,0.0558566754,0.1453067323,-0.003082004,0.0,-0.015267176,0.1207784669,0.0680844896,3.0,11.720951813,-0.066141833,0.7901647122,0,-0.1429665,0.0322580338,0.0903327517,0.0591288473,0.8551203488,9.8428346433,8.1203486e-08,1.8712956e-08,0.844805856,0.7136969344,0.0445938206,0.0677502923
90679,0.9195639307,-0.05395498,-2.357680332,0.0,0.4145712813,4.5116749718,-0.063728486,-0.094421482,0.1607578364,-0.008687259,-0.158241588,0.023522121,0.6178343949,-0.087290223,0.023522121,11,-0.036266638,0.2105263158,0.0853458016,0.3740617549,-0.696643132,0.2953929539,0.0122674204,-0.024542397,-0.06375865,0.5745372927,0,3.1806342579,0.0763458508,1.8023660404,0.0675156068,30.657498703,10.772611233,-0.073079352,0.0,0.0,0,,0,0.0,0.2356737423,2.0,-94.89452206,0.5207043639,0.1820567667,1.3286012395,-5.66312152,-0.544464861,-0.25298877,-2386.051306,0.1242964792,10.021816227,-0.010422817,0.0121498768,0.0179648241,-0.268973023,0.1092558469,-0.003698988,2.0,-0.04379785,-0.0769555,0.0660829507,0.0,9.7708078074,-0.025896163,0.8556361239,0,-0.017907774,0.0305555928,0.0235135786,0.0376226226,0.5816877092,1.1527055665,5.0395247e-07,5.2859279e-08,0.8083473497,0.6534254378,0.0294172003,0.045215959
13110,0.2153109367,0.0218785217,87.097902783,0.0,0.58022061,0.895200917,0.0801047163,1.0506760503,0.9378930988,0.0327155046,1.5727705809,-0.050602113,-1.36860184,0.0518215067,0.0506021127,4,0.0685236594,0.7871017871,0.481160051,-0.978622767,-0.011241547,0.1625137331,-0.062158655,0.2709885284,0.3257035179,0.1756899903,0,1.010389348,-0.119022881,0.420512469,-0.171927991,134.36831169,35.368370676,0.1076775809,0.0,0.0,1,1.0016919027,0,0.0,2.1734958538,3.0,-0.13055711,-0.071445216,0.498512298,-0.288198794,0.30566398,-0.167648877,0.0071325493,-378.6276641,0.3094931693,14.042291785,0.0026354669,0.0145434054,0.050808319,0.1569083192,0.0061987594,-0.014480439,2.0,0.0007047216,2.1031341841,0.0224845111,5.0,14.443655442,-0.151117515,1.8474898115,0,-0.287894832,0.036168091,0.0256410296,0.0433783846,0.4810026628,4.1403950646,1.9466816e-09,1.2874953e-08,1.0747601881,1.1551094619,0.1132809379,0.0508459579
90657,0.2648485478,0.0232891967,7.8788541208,0.0,0.4530291555,0.5890114234,0.0548642252,-0.084811396,0.336315794,-0.005559772,-0.056969632,-0.065770037,-2.151661884,0.0733996735,0.0657700367,11,0.002102678,0.0384615385,0.0704076358,-0.114495801,0.0186217478,0.8638651062,-0.249220816,0.0110782043,-0.129896788,0.2610578898,0,1.4453154879,-0.09404411,1.2056514566,-0.102249585,9.3623672018,5.5263075019,0.1539749012,0.0,0.0,1,1.0707131028,0,1.0,0.8486752629,7.0,-5.507030285,0.1111450871,0.036060665,-0.206601376,0.2241179916,-0.135336695,0.0620312738,-644.071134,0.0400118084,14.883425246,-0.003751328,0.0153722434,0.0406753874,0.0069652356,0.0863989661,0.0118506723,1.0,0.000331785,1.7661157981,-0.019927445,6.0,15.616245689,0.1691265941,2.6082707674,0,-0.119685598,0.0269438326,0.0146331,0.0220748683,0.3486432107,4.8537514246,3.070719e-10,7.5197361e-09,1.8288264963,3.3446063536,0.2099617816,0.0330744451
12389,1.3809688507,0.2366497028,-6.785939503,0.0,2.8121475637,1.4517557362,0.0159609426,0.6104474184,0.2747824022,-0.123192125,1.2002450329,-0.080090842,-1.150144009,0.5088309408,0.0800908422,9,,0.6927710843,1.2143445141,0.6706736043,-0.192534092,0.0985102371,0.2789738835,,0.0417767345,,0,1.1385621059,-0.068917105,,,8.4418234592,3.4843223586,0.2696184167,0.0,0.0,1,0.1491574938,1,0.0,0.4763591392,4.0,0.6484313848,-0.001012129,0.5052903246,2.5176608802,-1.778260409,-0.464531207,0.1462148441,-2105.46987,0.0279332649,9.3772195644,-0.007340673,-0.226420443,-1.289705882,-1.027815059,0.042624092,-5.72009573,1.0,0.0,0.3294976044,-0.193079341,4.0,11.827852663,0.0530321314,4.1263176288,0,-0.353476248,0.0259040967,0.0611280113,0.1279346607,0.3793136669,12.436509806,1.4547783e-07,5.6766474e-09,3.3624855359,11.306308979,0.0920223235,0.1554940995
90715,0.32773465,0.0393729348,3.9011679729,0.0,0.1223166272,0.7397931236,0.2297256246,0.1134453308,0.6502278965,-0.006786185,0.2453108614,-0.099764381,-1.082260604,0.081984711,0.0997643815,10,0.0142310171,0.1607142857,0.120405281,-0.108757338,-0.012131465,0.1993704015,0.0292465658,0.065782144,0.0711148981,0.5825246149,0,3.4349085909,-0.082802921,2.2826255111,-0.01801535,5.2478660666,64.139018415,0.5806224941,0.0,0.0,0,,0,0.0,0.8589589279,5.0,-0.008085628,0.0777260495,0.1373373949,-0.178897259,-0.129290225,0.2749426355,-0.009136187,-2721.467158,0.0893035129,12.83976278,-0.007188153,0.0211061429,0.0316369405,-0.019340985,0.1159135738,0.0033178498,2.0,0.0034324943,2.9554227078,-0.016374316,5.0,14.05588299,0.4807251683,3.8676340025,0,-0.1429665,0.0631867498,0.0325512335,0.0472139498,0.3691422615,9.6755802114,3.1357496e-09,5.4434757e-09,0.4995898708,0.249590039,0.6286473371,0.0590724255
90706,0.5906718041,0.025144398,0.4228168297,0.0,0.3021786782,1.8813147396,0.055418865,0.0929085367,0.8665192854,0.0090031738,0.1656695912,-0.10287347,-3.497657818,0.1130908983,0.1028734699,10,0.0149455207,0.04,0.0781672892,-1.391375858,0.0301270043,0.4238598408,0.083163079,0.0535927609,0.0590885549,0.5911791484,0,2.366198702,-0.034758031,1.0813513461,0.1278348954,7.4237528219,147.81229773,0.2911563131,0.0,0.0,0,,0,0.0,1.2682794374,5.0,0.0147469833,0.1128082831,0.0166231092,0.0840398948,0.1756667394,-1.175425047,0.02197,-3461.883958,0.0893035129,12.353512657,0.0051663896,0.0019427367,0.0027509823,0.0055360035,0.2419941904,0.0151553107,1.0,-0.001505457,1.6057078882,-0.125286564,2.0,13.037087403,-0.039160391,1.514055686,0,-0.1429665,0.0537848249,0.0373829736,0.0481431531,0.5693812532,6.4208107386,1.9732996e-08,1.3675451e-08,0.8538782831,0.7291081223,-0.080893831,0.0526294297
14237,0.3104606123,-0.126309683,2.2534549783,0.0,0.0107614744,0.0,-6.542488925,2.3740380118,0.0,0.7103922567,0.4581513828,-0.320245622,-0.486806574,-0.064821299,0.3202456219,7,0.0,1.4,-0.775343861,-1.013287117,0.0,0.2437902484,-0.761094135,0.0383266319,3.1490702805,0.9530680317,0,29.35553854,2.8903895128,29.35553854,2.8903895128,0.0,0.0,-13.84633605,0.0,0.0,0,,0,0.0,0.0,3.0,,0.034789979,1.0938918996,0.2431265433,43.250901134,-0.696480341,0.2684064045,-4862.950919,0.0238858186,12.667846402,0.0052185816,-0.122963238,-0.128979341,0.0,0.9377205157,13.6,2.0,-0.025073403,0.3414769285,-0.141567243,4.0,14.083901794,0.2874616786,5.7612309663,0,-0.253901646,0.0784593001,0.0446130321,0.0714623458,0.2990844959,8.04718633,6.7035856e-09,4.8418783e-09,2.9672092849,8.8043309405,-0.15842815,0.1351474628
13521,0.4688334293,-0.209956457,2.4311948808,0.0,0.2034337211,0.5673361883,-0.549731774,-0.25678006,0.512828552,-0.006152546,0.0608824254,-0.066306954,-0.248986943,-0.15768004,0.0663069544,7,0.0,-0.127659574,0.0274781715,0.0554111324,0.0027548749,0.7683823529,-0.498597956,0.0066886137,-0.342241379,0.3769464951,0,1.4898728215,-0.440603824,1.4898728215,-0.440603824,4.2086255259,3.6306715064,-1.012558306,0.0,0.0,0,,0,1.0,0.650729443,3.0,-9.990068367,0.2923738191,-2.569125723,4.2468561985,-0.911337795,-0.888072133,0.8368922376,-4213.264791,0.0288563477,9.1389624926,0.0,-0.026344849,-0.040791402,0.0131607002,0.2262476357,-0.012683536,2.0,0.0812434288,-0.116971638,-0.154397483,3.0,6.5039886735,0.0535137767,0.1299721121,0,-0.109363199,0.1016080081,0.0492029291,0.0595105369,1.2845147965,0.4577035895,3.90156e-05,2.0000002485,0.5237875931,0.2743534427,1.1526545842,0.1003398256
92294,0.2363659552,-0.178203164,9.0446408402,0.0,0.205289862,0.0234939537,-0.425586211,-0.107954458,0.0062088835,0.0754889136,0.0561158419,-0.18055974,-0.474574095,-0.093632559,0.1805597401,10,-0.026773718,-0.032786885,,,,0.0397038734,-0.211978492,-0.035312062,-0.214006696,,0,2.3696557772,-0.529223742,2.3144047358,-0.450056656,0.3051619935,,-0.822963585,0.0,0.0,1,1.0,0,0.0,-0.067674513,3.0,,0.0511397222,-0.077797935,-1.87943483,-2.238468125,-0.243856173,1.4257614522,-344.5053353,0.0938685987,11.413418414,0.0002339611,-0.087599309,-0.163681544,0.0,0.1007528703,-14.026477,1.0,0.0149328653,-0.167184503,0.0105331689,2.0,11.686233871,0.3610181382,1.2772586472,0,0.1119043336,0.0684930831,0.0336690447,0.0564439125,0.3950400371,2.3800171034,8.9069909e-08,2.3065864e-08,1.5343756095,2.3543085109,-0.414632847,0.1053835677
13342,0.1990039388,-0.019587805,2.7910475281,0.0,0.1331613443,0.2214051898,-0.192897353,0.2067935297,0.6310409703,0.0684827023,0.2171122217,-0.178830365,-2.772735664,0.0347240002,0.1788303655,4,0.0053415254,0.1172214182,0.2228369418,-0.036937907,0.0046179271,0.3826910657,-0.177006105,0.03021799,0.1999860442,0.8290687683,0,2.8846403347,-0.001492834,2.8220442138,-0.003407205,0.9253074031,6.6721518711,-0.108501522,0.0,0.0,0,,0,0.0,1.047353639,5.0,-1.564843758,-0.058064935,-0.195810343,0.3130481084,-0.156173408,-0.776276938,0.1221308262,-3376.884771,0.0278203388,13.882648061,0.0003308991,-0.003290025,-0.00549151,0.0280111723,0.7335756788,-0.008684728,4.0,0.0042918455,4.2003911973,0.2536383979,6.0,15.763614581,0.6719807549,4.7987182642,0,-0.109363199,0.243631646,0.0557560362,0.0347144051,0.6090185758,20.39811381,9.215828e-10,5.1373173e-09,1.0000531014,1.0001062056,-0.31515041,0.0736440628
13379,0.1274650422,-0.034026787,6.0375959227,0.0,0.0680908729,0.0706618923,-0.543926846,0.1994173008,0.3783584263,0.0640654608,0.7009822921,-0.280663356,-1.478914497,0.0162959214,0.2806633562,3,0.0,0.4,0.4898900612,-0.050794778,-0.061761274,0.2480247747,-0.425340088,0.0409600406,0.0361991469,0.7765157667,0,2.8842889617,-0.396153383,2.8842889617,-0.396153383,0.5303388523,3.5111320505,-0.593199235,0.0,0.0,0,,0,0.0,0.5014829763,3.0,-10.3467951,0.0725316083,-2.041466149,3.9054878114,-0.315988353,0.1119278668,1.0108681993,2146.3161416,0.0288563477,15.846580362,0.000255046,-0.05557214,-0.087124084,0.0080219565,0.6877838783,0.052456767,0.0,0.000534188,1.6071454948,-0.010372792,4.0,16.444667487,0.0856290828,2.7213927353,0,-0.109363199,0.0463274643,0.0229571161,0.0401751983,0.5253944876,8.6441781069,2.162e-10,6.1421524e-09,2.2670294174,5.1394223794,0.0210039606,0.0546540995
13511,0.030965615,-0.010470956,17.479522319,0.0,0.0937588574,0.058900922,-0.113773265,0.3292006715,0.4766785303,0.0662608936,0.4628219309,-0.299267869,-3.123286177,0.0222328367,0.2992678686,4,0.0,0.531358885,0.5514620206,-0.015606561,-0.004193413,0.4484875473,0.291186404,0.0211678862,0.0412221527,0.4958636928,0,1.040497875,-0.621975001,1.040497875,-0.621975001,1.1762695839,4.3700592374,-0.109990423,0.0,0.0,0,,0,0.0,1.4563652544,5.0,-1.37111484,-0.113485341,0.2183271234,0.1450097846,-0.841300179,-0.776276938,0.1096396627,10996.623269,0.0278203388,16.274210798,0.0020404374,-0.020303504,-0.081779221,0.0075816889,0.3634931245,0.0284504974,1.0,4.16149e-05,1.2990952185,0.0904864459,5.0,17.852480192,-0.408934931,4.3742880633,0,-0.109363199,0.0287852511,0.0363123714,0.0312605408,0.603866335,27.107099798,8.054381e-11,3.8508846e-09,1.327963247,1.7634863853,-0.046207239,0.0466320604
13527,0.0961073514,0.0264846843,24.030835945,0.0,0.0665056541,0.3751324124,0.3323779761,0.2706611392,1.0247226939,0.004225794,0.0469869162,-0.050884771,-0.279152091,0.0338779393,0.050884771,3,0.0997312665,0.2181818182,0.2704808723,,-0.005742765,0.1977286834,0.0332127454,0.2511484396,0.4910971739,0.5866865652,0,2.6143247566,0.2956667521,1.1577687938,0.2908307816,10.765327762,,0.5532925598,0.0,0.0,0,,0,0.0,2.0335406809,5.0,0.0177753188,0.0370608124,0.1902859058,-0.255097261,0.2462997585,0.5134258762,-0.036729893,-14806.59816,0.3313016233,14.644406654,0.0017906459,0.012782161,0.022537246,0.0169266219,0.0455049889,-0.015287773,0.0,0.0002912056,2.6699956581,0.0520480974,6.0,15.828487343,0.6520602557,3.6106673977,0,-0.126567877,0.0420210175,0.0231724807,0.0351219445,0.3468287837,4.6452371747,6.744385e-10,7.1878801e-09,0.805006316,0.6480351688,-0.205546723,0.0497753619
91733,0.5845753807,0.0048503512,0.8715246666,0.0,0.0813501903,0.4346015173,0.0306682634,0.0325051824,0.2993448568,0.0059541787,0.1428201568,-0.093346165,-12.61416235,0.0660334683,0.0933461653,9,-0.028846363,0.0608,0.0305717453,-0.004167961,0.0724837358,0.6197496111,0.3537010347,-0.026252487,0.0188193315,0.739711644,0,7.0403765914,-0.134226657,6.1970257837,-0.087107301,1.1337771154,5.089927987,0.24738033,0.0,0.0,0,,0,1.0,0.3364820552,4.0,3.7157075081,-0.024501586,-0.04668463,0.0747224812,-2.88985714,-0.470854932,0.0249353018,-9891.143736,0.0588548821,13.419502968,0.0108228079,0.0115296107,0.0128047243,0.0224306467,0.5420612637,0.0257895708,1.0,0.0117035111,3.1463027978,0.1270911414,4.0,13.477424367,0.1367153906,1.1714978948,0,-0.128625976,0.0251133349,0.0161682131,0.0251126394,0.2838912652,1.2086372265,5.1917393e-09,2.4493546e-08,1.1050506924,1.2211370329,0.1365099774,0.0377617279
92203,0.1158814489,0.0254224522,12.199367926,0.0,0.0219778132,0.1911433215,0.5839973786,0.0372292924,0.7782294461,-0.023069988,0.3505679516,-0.059245037,-0.315504554,0.0334433516,0.0592450374,8,0.017303108,0.1319863553,0.1294787291,-0.025356186,-0.05675641,0.1971703467,0.0270916308,0.0810514304,-0.006486839,0.7302126441,0,5.9482490102,-0.283854891,4.6465558759,-0.303006487,2.7046949565,130.74443474,1.5787023987,0.0,0.0,0,,0,0.0,0.886805838,4.0,0.9082714883,0.0599134564,0.1190392872,-0.787500685,0.7024511038,-1.404874983,0.0061713409,3978.5550053,0.1633840717,15.929613832,-0.008084161,0.0410694928,0.0485208148,0.0087979088,0.3052803545,0.0287619365,1.0,-0.000406752,2.3088582312,-0.110073563,5.0,17.115351798,0.5600919572,3.4008183014,0,-0.107635055,0.0245486703,0.0164202129,0.0260379318,0.2852802746,3.9089942166,1.148425e-10,7.3206393e-09,0.7768152361,0.603441911,0.0895336775,0.0519835398
92322,0.1473127811,0.0303639268,12.024048888,0.0,0.0868709307,0.3827588273,0.2836387286,0.2373723036,0.7914953701,-0.000731734,0.2268520912,-0.077780817,-0.54234935,0.0468317828,0.0777808175,8,0.0687671732,0.1428571429,0.2137354043,0.0991527352,-0.002744035,0.1837305256,0.0298437981,0.2145649259,0.2436611125,0.6446572548,0,3.5049389033,-0.067359079,1.8885910221,-0.075018064,6.009680027,61.811003051,0.5824919456,0.0,0.0,0,,0,0.0,1.2646382094,4.0,1.4161989194,0.0136243158,-0.037473899,-0.11351899,-0.844965083,0.5147621228,0.4142049402,3300.6269199,0.1116949983,16.493282924,0.0024776896,0.0335883851,0.0528877674,0.0148728525,0.1606077327,0.0193211014,0.0,0.0003449069,2.9553199376,0.1120622612,7.0,18.071951157,0.3010484351,4.6240959239,0,-0.115623953,0.0910664573,0.0234945271,0.0209495972,0.511545266,11.326209102,6.264127e-11,5.7116143e-09,0.654837941,0.428812729,-0.260408883,0.0452233154
92471,1.2447614908,-0.106315808,-6.648008437,0.0,3.2115526869,6.2824948908,0.0281744962,-0.137347825,0.217398418,0.0068199991,-0.157736108,-0.050243704,-2.276798209,0.1357438328,0.0502437041,8,-0.090094699,-0.014523557,-0.146511526,0.0782796031,0.0443229005,0.1522330841,0.127139806,-0.12315997,-0.078948849,0.5741500444,0,1.5467052811,0.0512989134,0.3413440386,0.4128741683,14.900617904,24.824240999,-0.00036617,0.0,0.0,1,0.3681250094,1,0.0,0.7470221713,4.0,-0.019155355,-0.07565797,-0.150710268,0.7262165399,-0.104449202,-0.024003774,0.0572277119,-6751.107942,0.5457032371,12.347328956,-0.000743274,0.0026988867,0.0093712885,-0.561501817,0.065687334,0.0065664113,3.0,-0.001635323,2.9321615665,-0.175507879,1.0,12.784378397,0.057782966,1.5364863196,0,-0.183299014,0.0352113172,0.0264561831,0.0417571098,0.4189050493,1.9218723298,1.7102169e-08,1.9392772e-08,1.6212110612,2.6283253051,-0.1646432,0.0682639093
92635,0.6168167565,0.0243640239,5.3566676757,0.0086055842,0.2757781562,1.0072793412,0.0583597192,0.1062011591,0.2854907921,-0.062185895,0.8373062489,-0.0945201,-3.296592801,0.1046822898,0.0945201002,8,0.0104136827,0.2207615594,0.0842212757,-0.07563698,0.0700476844,0.2503696542,-0.178290697,0.1043369631,-0.060878552,0.3128581895,0,1.9518855951,-0.443309868,1.237659777,-0.547308983,27.914724324,10.011290323,0.3725071356,0.0,0.0,1,0.1344452317,0,0.0,0.3483797396,4.0,0.064182451,0.1655919974,0.2346188256,12.458314361,-0.365728311,-1.144067865,2.3928749905,-1286.519267,0.0502102314,13.43226058,0.0066948617,0.0167735079,0.0256898512,0.0493756122,0.0404261308,-0.057778321,3.0,0.0026497085,1.6061003539,0.0971897217,3.0,13.807308824,0.0245637509,1.6138148483,0,-0.035100386,0.0510089584,0.0181864549,0.024309218,0.42222782,2.9648263347,2.4868188e-09,1.4304512e-08,1.3223588788,1.7486330043,0.1037995147,0.0319155847
15380,0.3640361337,-0.236518828,1.6926879975,0.0,0.032221696,0.0,-5.974964838,-0.096517059,0.0,-0.823099258,1.1858006042,-0.095809661,-0.169090995,-0.196525624,0.095809661,5,0.0,0.2325581395,,,,0.3678097345,-0.726028903,0.0359463851,-0.141115898,0.927290812,0,11.599170698,-0.599224875,11.599170698,-0.599224875,0.0,,-9.757230915,0.0,0.0,0,,0,0.0,0.0,1.0,,0.0773757894,-0.073549961,0.2967020647,13.15647734,0.3035196586,0.1367020797,-5145.482409,0.0238858186,10.293146403,2.79971e-05,-0.19772408,-0.215225104,0.0,0.8847950523,13.6,0.0,1.0158562162,-0.29917756,-0.081320728,4.0,12.232161765,,3.3176457247,1,-0.253901646,0.1586206108,0.051041227,0.069074127,0.7128412191,14.724585864,1.2769445e-07,8.1151151e-09,,,,
77186,1.0711549529,0.0297536798,-86.02884149,0.0,3.2702969723,6.563963004,0.0359397867,-0.087793219,0.6403435017,0.0069620665,-0.123970973,-0.103431666,-15.81828485,0.5004058618,0.1034316656,7,-0.072701807,-0.058154788,0.014062519,0.220161753,0.0611223798,0.4190746753,-0.34270414,-0.04822817,0.0438144895,0.4483571843,0,4.3033241399,0.0833526169,0.625417332,0.0274617295,380.92302674,21.022968643,0.0416436615,0.0,0.0,1,0.2419793695,0,0.0,2.8674392622,8.0,1.4390057739,0.1379670075,-0.23848583,0.810323182,0.2516310211,-0.638343623,0.8677790192,-5078.846254,0.1116949983,10.552385752,0.0,0.0081440759,0.0385437882,-0.213764318,0.0030813255,-0.003240957,1.0,-0.077501245,7.3709983686,-0.159649316,3.0,7.2190195582,0.0701720909,0.0384234758,0,-0.115623953,0.0674206093,0.0315266162,0.0285527828,1.6822714294,0.4271934549,2.08416e-05,6.0000000197,0.1356827193,0.0184098003,0.794829443,0.0554585587
93373,0.5045619432,0.0619661659,0.2741365673,0.0,0.6546338848,1.963945187,0.1484713908,0.0807325797,0.621689905,0.0039539814,0.0193616447,-0.071719996,-1.29154775,0.141998428,0.0717199958,5,0.0232060858,-0.052631579,-0.024173492,-0.362875747,-0.040040013,0.182283425,0.0082471524,0.0855961511,0.1723037114,0.557626011,0,2.2759280454,0.1671278846,1.4373284538,0.1593410846,6.255740859,93.05091956,0.1994878006,0.0,0.0,1,0.262177963,0,0.0,1.4989558947,5.0,-0.018836476,-0.210691579,-0.07600847,-0.002069966,-0.031175941,-0.150698893,0.0508775298,-2715.846538,0.0893035129,13.950060452,0.0056428834,0.0229299663,0.0440114366,0.0303715551,0.0762065091,0.0215750033,2.0,0.0207253886,2.7612026455,0.0091103744,3.0,15.988901166,-0.080401345,7.812075389,0,-0.1429665,0.0385356694,0.025509256,0.0334888009,0.5655216739,49.915561826,3.852499e-10,2.1829372e-09,1.2065987632,1.4558805754,0.0983657359,0.0515762885
12410,0.1782797914,0.0341743556,27.638991049,0.0,0.1131454488,0.9506278191,0.2112150947,0.1444206904,1.2661510813,0.0027144071,-0.022018813,-0.158875164,-1.269337564,0.0775531489,0.1588751638,5,0.0110835286,0.0598290598,0.1597644175,0.1383414307,-0.005960057,0.1579983376,0.0795382323,0.1514943743,0.2829961173,0.5603238782,0,1.1176382524,0.4089358229,0.6083188476,1.0962425721,36.158189993,134.19825475,0.5923351057,0.0,0.0,1,1.0,0,0.0,2.3019491542,7.0,-0.084343985,-0.039396844,-0.018857328,-0.570447767,-0.815405609,-0.166735853,0.166376851,-4801.878805,0.1057354468,14.109263244,-0.0052355,0.0172695421,0.0273159502,0.0116939644,0.0670253033,0.0058584257,0.0,0.0004012841,0.2062479471,-0.096987186,5.0,15.405879527,0.7070919134,6.7566161197,0,-0.30952522,0.2354221046,0.051834192,0.0177334507,1.1338420176,62.256112654,5.394709e-10,1.5381938e-09,1.2879140168,1.6587225146,-0.098088076,0.0503160902
12080,0.5313322722,-0.047987917,-16.45468955,0.0,2.6008181139,8.2257963184,-0.00424643,0.0960929913,1.2604789005,0.008084449,0.1404995702,-0.224291483,-13.9976985,0.6237324825,0.224291483,5,-0.001110947,0.0,0.0252491684,-0.217126718,-0.016006029,0.1495398522,0.1608371027,0.1263122805,-0.079368497,0.5215849778,0,1.1791984468,-0.241002396,0.3058105672,-0.142429782,84.258318051,45.898958185,0.0578213207,0.0,1.0,1,1.0,0,0.0,6.2037316111,3.0,-0.016048628,-0.141674766,-0.023376891,0.0247003629,-0.410637406,5.306248702,0.5326115843,-3746.029478,0.0893035129,10.421460496,-0.000485404,-0.010943094,-0.075694482,0.1168352444,0.0306142194,0.0043941511,1.0,-0.01497593,-0.322521202,0.0739496425,4.0,8.8476070887,0.0081195187,0.2603556325,0,-0.1429665,0.1031390205,0.051194978,0.0873277851,0.893333316,1.6573763678,9.0706784e-07,5.5501241e-08,1.1652292496,1.3577592042,-0.168850197,0.0706509422
12363,0.3722413483,0.0534341829,3.445723471,0.0,0.121449414,0.6660331769,0.2135838063,0.1332334115,0.8513397832,-0.013125816,0.1932759064,-0.177347295,-1.542230929,0.1358420326,0.1773472954,5,-0.090094699,-0.034482759,-0.050428994,-0.298065909,-0.036845911,0.1323358073,-0.255786317,-0.004853917,0.1149298248,0.6604074808,0,4.2458563974,0.037965048,2.6851179242,0.4736543593,4.5327360809,14.718350587,0.6478577667,0.0,0.0,0,,0,0.0,1.1092703422,4.0,-0.023563906,-0.340214921,-0.076638297,-0.134720559,0.714243354,0.447249286,0.0488252714,-1254.403852,0.197809166,13.259894431,0.0048959107,0.0287476517,0.0383755784,0.0030945432,0.1697944201,-0.013152295,2.0,0.0055955236,9.7846655735,0.3023279905,5.0,14.159427609,0.4066980731,2.9305769491,0,0.116637806,0.0187702235,0.0160791875,0.0331913581,0.3352964227,4.2278672947,2.3058523e-09,9.9140758e-09,0.8301795372,0.689198064,0.3592562254,0.0633203825
15080,0.8599354412,-0.019820487,-0.900114406,0.036872092,1.722286972,1.1210013986,0.0777359862,,,,,,,0.0734662268,,1,,,,,,0.0656505308,,,,0.5523549971,0,1.2323520424,,1.2001018641,,1.9286712772,63.976815131,0.0067757845,,,1,1.0,0,,,,,,,-0.463410707,,0.4203911707,-0.006320016,-2103.357259,0.0889184991,11.011093591,-0.00047123,-0.027837276,-0.096420622,-0.000747081,0.2228296733,-1.485777603,1.0,0.0027855153,1.1610701974,-0.095556698,3.0,9.4881789173,,0.7341820436,1,-0.034489147,0.2700297832,0.0629750923,0.051498693,1.239005362,6.6196545798,4.5530791e-07,3.2676897e-08,0.4627737518,0.2141595454,3.2132765428,0.0546196201
12915,0.1627926389,0.0478596705,12.933710425,0.0,0.0839660862,0.5626909811,0.4535003242,0.099637982,1.2604789005,0.0,-0.222784845,-0.141326837,-0.695652174,0.0811533543,0.1413268373,4,-0.005144105,0.2608019894,0.1092250055,-0.257538129,-0.084455906,0.1774883595,0.1321370584,0.132704507,0.3989778011,0.6071488538,0,3.6624456383,-0.109993495,2.6476507206,-0.08265825,9.6618207878,30.743301572,0.7027303993,0.0,0.0,0,,0,0.0,2.4351646662,5.0,-0.044571104,-0.153089278,0.2374250986,-0.34383927,-0.138769331,0.2220686268,-0.009967544,-3147.586378,0.0893035129,12.944279094,3.79836e-05,0.0365315282,0.0551211698,0.0280593629,0.216935588,-0.042071411,0.0,0.0084447572,0.8579406203,0.0446604843,5.0,15.037510791,-0.25485241,6.9896738634,0,-0.1429665,0.0206084438,0.0654198157,0.0407893377,0.5913582566,62.174485037,9.646503e-10,2.1043825e-09,0.8311462254,0.690804048,-0.190218921,0.0568812897
13399,0.4111498547,0.0364678308,1.5351709815,0.0,0.2561557439,1.3428815571,0.134191719,0.1081895124,0.7606010146,0.00310681,0.0806807748,-0.139656869,-2.430763766,0.1251125127,0.1396568685,3,0.0213936705,0.0975609756,0.0452910936,0.4973683318,-0.01554077,0.209572211,0.0922383791,0.1044632907,0.1260475579,0.6619356322,0,2.7720630787,0.009523799,1.8405852141,0.054722497,6.1158520756,110.69927381,0.3710237511,0.0,0.0,1,1.0,0,0.0,1.2542665143,5.0,-0.007294765,-0.104509852,0.0741840848,-0.095482055,-0.569900726,-0.118121635,0.0339916144,-3432.507778,0.0893035129,11.202740098,-0.003356382,0.009858272,0.016966519,0.0501456193,0.28005962,0.0190350075,1.0,0.0013717421,1.8673504284,-0.003113745,6.0,11.434563837,0.3161983953,1.4665969373,0,-0.1429665,0.0789474249,0.0284250694,0.0429377224,0.4821668729,3.4837491231,3.9680616e-08,1.5167104e-08,0.9624528348,0.9263154592,-0.045738524,0.062311997
13454,0.1344590569,-0.136352345,3.6284278173,0.0,0.3143285624,0.4372428313,-0.068091499,-0.256879869,0.5311199896,0.0363881402,-0.104509693,-0.217495369,-0.839588662,-0.021872462,0.2174953686,3,0.0,0.1517509728,0.1268848369,0.1189200727,-0.01111074,0.4190489872,0.4107662929,0.0229348608,-0.468353362,0.7159764801,0,1.2626031164,-0.05828592,1.2626031164,-0.05828592,2.8198760615,2.2369455976,-0.347461435,0.0,0.0,1,1.0,0,1.0,1.2586328202,3.0,-10.42516873,0.2867037711,-2.289715176,3.9124818262,-0.785208523,0.1119278668,0.9726998158,-4093.925258,0.0288563477,12.090167876,0.002930502,-0.008695303,-0.023967674,0.0071597444,0.4431320834,0.3242023884,2.0,0.0052029136,0.7780616312,-0.015036874,3.0,11.403561963,0.1885953415,0.5671422101,0,-0.109363199,0.0196399149,0.0198211859,0.0371663696,0.5564186153,2.0336315044,3.2102385e-08,4.8808687e-08,0.5751390155,0.3307848872,-0.009039349,0.0536411603
13261,0.4438530722,-0.076913536,1.3601491042,0.0,0.3515378115,0.4433845963,-0.107798806,0.0479451218,0.4046444831,0.0323037688,0.2547016754,-0.051322604,-0.518604511,-0.037025829,0.0513226037,4,0.0,0.0658064516,0.1370008029,-0.129834666,-0.061574459,0.6502571639,0.2238653095,0.0282580133,-0.073035232,0.4443078659,0,1.8533765438,0.3932576246,1.8533765438,0.3932576246,1.7905704733,3.8597472341,-0.152533537,0.0,0.0,1,1.0,0,0.0,0.6343879261,4.0,-9.985509608,0.1694277338,-2.375659697,4.2218758415,-0.685442973,0.1119278668,0.9575464486,-3803.236078,0.0288563477,12.629051497,-0.00043388,-0.014441508,-0.026139988,0.0072197679,0.3284401972,0.1101599111,1.0,0.0112866817,0.5107960575,-0.021551924,4.0,12.366666921,-0.005984908,1.0612114789,0,-0.109363199,0.0441176035,0.0148295103,0.0334588917,0.3436460931,1.2378626504,1.0262994e-08,2.5473184e-08,1.7903578393,3.2053811928,0.092050008,0.0517456913
13181,0.164417776,0.0023575544,5.9355310644,0.0,0.0263681191,0.0907573779,0.0711570132,0.0564163718,0.3180459756,0.0278509597,0.0377131808,-0.06908926,-5.441780475,0.0151868479,0.0690892604,4,0.0,0.1335587489,0.0864849277,-0.158764776,0.0710877711,0.6151315789,0.1487133485,0.0063164678,0.0594787655,0.7781952179,0,6.3370399104,0.170468193,6.3370399104,0.170468193,0.6656992661,6.1315619864,0.159972363,0.0,0.0,0,,0,0.0,0.370121687,6.0,-1.58796544,-0.23908888,-0.179473013,0.2784619455,-0.51621547,0.0790594306,0.1025936739,-566.6264712,0.0278203388,15.257610857,-0.00793679,-0.002037635,-0.002364416,0.0006115813,0.6818009688,0.0158895681,0.0,0.0006869311,1.3648890925,-0.006281879,6.0,15.141388345,-0.235180019,1.0694814059,0,-0.109363199,0.0342657194,0.014724301,0.0255409305,0.2300533865,0.889105734,7.058103e-10,2.5379571e-08,1.2614625108,1.5912876662,0.0202331948,0.0335637062
91964,1.5267472731,-1.190958076,-0.478742857,0.0,0.351323155,0.3994962746,-9.707872928,-0.447625934,0.0104765656,0.0451697425,-0.583082581,0.1425310766,0.309492947,-0.887213573,0.1425310766,9,0.0,0.1,1.7384923282,2.2038102473,-1.767689409,3.6553030303,1.754470056,-0.004043587,-0.449060579,0.9603897515,0,6.1557432432,0.6060729291,6.1557432432,0.6060729291,0.2299719888,22.189189189,-1.787553332,0.0,0.0,0,0.0,0,1.0,0.0128884987,3.0,7.2248729438,0.0772562128,-0.06724053,2.3419017314,1.0807799812,-2.065658247,-1.579715145,-5108.896767,0.0446872923,8.2541022443,0.0,-0.190365386,-0.261263594,-0.295921573,0.9163556159,0.0098034134,1.0,0.3169407425,-0.368780253,-0.07713411,1.0,8.5434393899,0.2259447921,2.047439654,0,-0.130399472,0.0510812253,0.0449134683,0.0920273707,0.9483897507,4.4042823218,3.4347603e-06,2.2823284e-08,2.0545521768,4.221184647,0.5216273365,0.1415859783
21020,0.0540293659,0.0770473195,1.2171083633,0.0039566285,1.1161435074,1.140204086,0.1418445677,0.0353138748,0.3107762903,1.251001596,-0.072407741,-0.004602029,-0.06870229,0.0823406468,0.0046020291,40,-0.000185941,0.0262681159,0.5966606768,0.4614042666,0.1258091711,0.0654999134,0.2355169749,0.1169165996,-1.74002197,0.5081536405,0,0.9015258653,-0.131015423,0.8267956829,-0.142458027,5.2804259007,24.0824393,0.101292085,1.0,0.0,1,1.0319214621,0,0.0,-4.428422697,6.0,0.1543937284,0.2306020139,0.0053481494,-0.484386827,-0.055382732,-1.133746032,-0.050999797,31114.222922,0.0725156293,16.814078103,0.0002037444,0.0353680956,0.4656215622,-0.017420766,0.1967155907,-0.00729374,0.0,0.0038629925,0.4968330897,0.0484736245,3.0,18.0243129,-0.205493893,3.1981157856,0,0.0348146487,0.0307961833,0.0196194991,0.0259760091,0.3725520945,7.3137794136,3.660177e-11,5.8563063e-09,1.2897052139,1.6633395387,-0.024610972,0.0496802004
11499,0.4439706119,0.032036616,5.0286736907,0.0145447265,0.5711591865,0.6448407084,0.0674501206,0.1888728854,0.2497303005,0.0265759956,0.3088250154,-0.008352329,-0.243633861,0.0398418204,0.0083523288,35,0.0296263866,0.0893997446,0.3339803463,0.0177329385,0.0533102611,0.594272454,0.9369509125,0.0330324558,0.0634836802,0.235052029,0,1.8973470823,-0.097751944,1.2631551008,-0.151090982,13.594515029,4.5076035209,0.1183890914,0.0,0.0,1,1.0843627162,0,0.0,0.4923652923,6.0,7.1507214264,-0.188558609,-0.048805952,0.0783572053,-0.735354077,0.4500629987,0.0321507775,-4042.821839,0.0410566741,12.31877076,0.0037711951,-0.011577934,-0.026723011,0.1257728477,0.0558316069,0.3124826933,0.0,0.0048840049,1.0799392009,0.133933194,2.0,12.649532722,-0.012912779,1.1407285739,0,-0.131569503,0.0258333683,0.0165890977,0.0339592348,0.4134350183,2.0276650781,1.1955172e-08,2.0671976e-08,1.8217104959,3.3186291308,-0.00399403,0.0486511413
81912,0.888291527,0.0941101208,-0.069879408,0.0280204176,0.1362676184,0.5638282496,0.1274650899,0.0310387306,0.1554653524,-0.000184281,-0.030391073,0.0116771191,0.1252130641,0.0823263042,0.0116771191,35,-0.00603055,-0.04587156,-0.061954632,0.0213039431,0.1888073534,0.2112368771,-0.008269178,-0.076924915,0.0411576976,0.5802973849,0,6.5508563361,-0.40024166,4.538487246,-0.396706307,1.6042897146,5.2758249641,0.8070534579,0.0,0.0,0,,0,1.0,0.180596625,4.0,3.1810640507,-0.039064078,-0.21311209,1.7034459853,-0.741719967,-1.435602027,0.173975111,-2719.100907,0.0446872923,14.61088134,-0.001945613,0.0118950714,0.0129329669,-0.027785003,0.3674548847,0.0283392614,0.0,-0.000763942,0.3956512336,-0.036467476,4.0,13.25728597,-0.00027588,0.267779337,0,-0.101630079,0.0695230141,0.0193714503,0.0170131288,0.4509541301,0.5928993201,5.1127142e-09,8.4711577e-08,1.1696182433,1.368006835,0.0427170438,0.0217861932
27991,0.5782380881,0.0526399407,-183.1412575,0.0339996597,1.296742199,0.4622776984,0.055496771,0.0595798881,0.0909488902,0.0035305222,0.0683015449,-0.050465567,-1.765696249,0.1455860866,0.0504655668,40,-0.0002677,-0.010415047,0.0107114283,0.0064369357,-0.037201269,0.0372829817,-0.023415888,0.0296490717,0.0412502652,0.4484670784,0,0.6243397815,-0.031645146,0.460155996,-0.049840934,459.18358759,8.8355707161,0.0859534656,0.0,0.0,0,,0,0.0,0.2450011563,3.0,-0.760081582,-0.093692723,-0.269490257,9.298456801,-11.63237052,-0.244897769,0.0545755975,-189.1245894,0.0257826007,15.904199358,0.0003434822,0.01748912,0.0585307533,0.0037243345,0.0008744191,-0.09745252,3.0,-0.000311818,0.5406451881,0.0051508378,5.0,16.493023626,0.1065682614,1.7980774999,0,0.080304809,0.0149483047,0.0104934809,0.0147245359,0.2814724655,2.1616562594,1.380207e-10,1.5072165e-08,0.3359851507,0.1128860215,0.2245493924,0.0227547571
10517,0.5521408401,0.0353043669,10.160867257,0.0028064609,0.5565642088,1.2298242129,0.0714429042,0.34461267,1.2669235112,-0.006428444,0.7946735583,0.059381142,1.6258484271,-0.022095183,0.059381142,33,-0.000373481,-0.015873016,0.2195476569,-2.150640451,0.0463254099,0.7873456697,0.2492375843,0.1811418276,0.0732988702,0.3620398304,0,0.996734721,-0.341200282,0.9479219439,-0.348756732,109.62345133,11.773209549,1.1418343629,0.0,0.0,1,0.0239946503,0,0.0,2.0627213339,2.0,-73.63416167,0.0496599428,-0.059105077,-0.213907741,-3.579763521,0.9916225389,-0.500552985,-1320.768744,0.1473165608,14.460911422,0.0036967947,0.0102747391,0.0183692977,0.0264285013,0.0382099557,0.0242433448,0.0,-0.002492384,5.8212871837,-0.277196679,3.0,14.85705475,0.3380660323,2.1554364261,0,-0.258063742,0.0512820594,0.0218502803,0.028382176,0.4457380565,4.3415512456,9.319672e-10,1.0243753e-08,0.9079295997,0.8243361581,-0.142909469,0.0442962749
20482,0.3170636275,0.0253491825,6.7320035202,0.0200760812,0.2892251877,0.2982248103,0.076671571,-0.039065956,0.2814238819,-0.025878853,0.1102567002,-0.046397872,-1.135386403,0.0541302997,0.0463978724,40,-0.001187254,0.115942029,-0.073279019,0.0270722106,0.0190579092,0.2608256108,-0.10402837,-0.006705003,-0.144809503,0.2821304906,0,1.4490125332,-0.284264449,1.198063046,-0.311949657,4.5396860987,5.6461238148,0.1751781791,0.0,0.0,0,,0,1.0,0.4737594851,4.0,-10.05889904,0.0842883182,0.0333798774,0.2897054844,-1.124130328,0.0027302994,0.1273235422,64777.630797,0.0318276958,17.861439984,-0.003739944,0.0135070822,0.0259040334,0.0011833929,0.147130018,0.0210852245,0.0,0.0002486325,0.1108958203,0.0320990877,5.0,17.929230661,-0.094753745,1.0785981755,0,-0.095378135,0.024024697,0.0209282143,0.0172461861,0.6771063951,8.1505918274,3.161913e-11,1.7015027e-08,0.8100979271,0.6562586515,0.0791514663,0.0214321163
10656,0.3541082673,0.0466408106,8.7636662571,0.0098106869,0.3281321649,0.7618862712,0.1157121445,0.0465614209,0.3147180245,0.0130335048,0.0049616041,0.0524976038,0.7508287788,0.0116215477,0.0524976038,41,-0.010622725,0.0,0.0720766633,-0.272893723,0.1273451373,1.1332249426,0.6207133293,-0.012355123,0.0883065621,0.4459104648,0,2.48248,0.0646886857,1.717712,0.158918543,14.610294903,3.1775091209,0.1929173148,0.0,0.0,1,1.1020108043,0,0.0,0.6136079526,7.0,-94.83255299,0.2477055562,-0.028469549,0.763145576,-5.900494515,1.0768409178,-0.154076999,-1694.349196,0.1242964792,13.405422117,0.0062244446,0.0189842662,0.0365759153,0.0033319101,0.0677107324,0.0011566078,0.0,0.0018214936,0.0595763899,-0.08575567,4.0,13.724229898,-0.816192245,1.2899667624,0,0.0239123439,0.0303571578,0.0196288443,0.0286572163,0.3123526953,1.7841474456,4.0896397e-09,1.8466722e-08,1.4463793473,2.0920132164,-0.030448131,0.0533139941
60038,0.5993273148,0.0727954375,4.6483333333,0.016781408,0.6061979638,1.6298334521,0.1012048506,0.1649407306,0.5888012456,0.0281162137,0.205780976,0.0018997605,0.0292336605,0.0706673604,0.0018997605,40,0.0739821015,0.6833333333,0.196981368,-0.049227603,0.016649078,0.2452748521,0.2082585246,0.0840934796,0.1263533781,0.4834086977,0,3.7434745818,-0.351234427,1.5517802513,-0.467258256,46.90376203,5.505057247,0.1778929188,0.0,0.0,0,0.0,0,0.0,1.1311241251,6.0,-0.01300636,0.2042273289,0.3055744359,-1.378282649,-0.685318258,-2.60195122,0.2064755088,-1921.691363,0.0506976226,10.9311715,0.0002707698,0.0134979479,0.028376631,-0.00180838,0.0533695213,-0.002647585,0.0,-0.002901158,0.3623625781,-0.028153718,3.0,9.2456650532,0.1450665717,0.2450803213,0,-0.060001469,0.0789088532,0.0267144918,0.0248755808,0.7306719647,0.7984109907,5.2719109e-07,3.0000001483,0.4090924353,0.1673566206,0.4092163861,0.0287633219
10779,0.5066623979,0.0247438712,2.5174689783,0.0,0.0572173436,0.4721764849,0.0988564961,0.0870881463,0.4224201276,0.0055927588,0.4417979255,-0.066132462,-1.446703635,0.0605409196,0.0661324621,37,0.0151248433,0.1609195402,0.1460977686,-0.002284791,-0.059121517,0.9243369735,-0.345130754,0.0359462716,0.0577021006,0.5680344995,0,9.1513696696,-0.200719633,5.7308669867,-0.149289252,2.7256006336,9.4828536436,0.8835745752,0.0,0.0,0,,0,0.0,0.4574156588,5.0,3.1123557661,0.0580797849,-0.00632099,1.3218168562,0.3280953439,-2.025168854,0.1521897264,-5053.580207,0.0446872923,11.132841224,-0.007811047,0.00559352,0.006245949,-0.017611234,0.1960813678,0.0394769377,1.0,-0.007339395,-0.766856379,0.035144843,6.0,9.7517945127,0.5144268855,0.1327409997,0,-0.101630079,0.0796460509,0.0306613302,0.0358469058,1.3980140555,0.5003035423,5.7928087e-06,1.0000002859,1.5055999318,2.2668311548,-0.2618177,0.070729619
61487,0.747532739,0.0295174264,-1.622828744,0.0176136307,0.8700829801,8.2257963184,0.0158231976,-0.239393682,0.0896733187,0.0,-0.375191294,-0.103724699,-6.578871201,0.2237087728,0.1037246988,41,-0.035834888,0.059683313,0.0473538946,0.4563455906,-0.435873321,0.290028396,0.1961148643,-0.019230855,0.0181788797,0.6951825688,0,1.4883780241,0.1517082946,1.4084209652,0.1826965996,51.541778909,28.423055762,0.129360581,0.0,0.0,0,,0,0.0,0.2597472282,5.0,-1.478145719,0.5207043639,-0.099112277,4.7043531323,-2.43079391,0.4025694055,0.4772362794,-2686.153114,0.1062765098,12.042226365,-0.004384733,-0.000907024,-0.001888667,-0.954296447,0.3297599385,-0.00498905,0.0,-0.024072211,-0.264568202,0.000555688,3.0,10.94960441,-0.048972339,0.2648964754,0,0.0239123439,0.0569852442,0.0272830318,0.0422154431,0.6889127117,0.6585436732,1.7535199e-07,9.0200365e-08,1.4260950579,2.0337471142,0.0954483655,0.0585077778
61241,0.09025445,-0.194505579,0.3268461538,0.0,1.7278659408,2.6574385111,0.0564723139,-0.131427254,0.4505418492,0.0703448276,-0.056156077,-0.075271471,-0.756823821,-0.047299124,0.0752714709,41,-0.04911155,-0.092212539,0.0390639743,0.0558908974,-0.116059723,0.4271523179,-0.058632471,-0.058104681,-0.65625,0.5737018848,0,1.9,0.0659500693,1.4243055556,0.1522631944,5.2942307692,6.7310513447,-0.074325241,0.0,0.0,1,0.0697788698,0,0.0,3.2665441176,3.0,3.0446826534,0.0683951617,-0.259453069,0.9054089083,-0.603082453,-1.065658247,0.0443496833,-3047.252207,0.0446872923,14.851181613,-0.000462428,-0.058266785,1.0433494835,-0.2708272,0.2338185197,-0.078094304,0.0,-0.029069767,1.1948793109,0.0106530366,2.0,16.067100979,0.7364753476,4.1957060524,0,-0.101630079,0.3387096822,0.1131541982,0.0588400788,0.9225817435,40.479736316,7.05963e-10,3.4974273e-09,2.2741496706,5.1717567242,0.0005168907,0.0577783579
88845,0.4660870846,0.0656781602,-3.720348975,0.0105076045,1.2503019528,1.8666912284,0.0853473297,0.0707874991,0.3026058815,-0.034235229,0.0853979482,-0.025795482,-0.652685221,0.1085453247,0.0257954817,40,0.0,0.0041152263,0.2266749004,-0.041500643,0.021226865,0.9390862944,0.1912254365,-0.000904319,0.0325906385,0.1386214868,0,0.7660599746,-0.006618315,0.7660599746,-0.006618315,14.905483888,13.15354786,0.0715343116,0.0,0.0,0,0.0,0,0.0,1.0525257567,6.0,-0.019213369,0.1291748085,-0.059678403,-0.385104828,0.7735584516,0.9085919894,0.0100615269,21411.983322,0.0331128264,17.488307906,0.0011767901,0.0102505257,0.0363545493,0.0059028184,0.0842564475,-0.001252572,0.0,0.0011881912,0.4596234284,0.0370296264,5.0,17.87920857,-0.096019715,1.475007606,0,0.048781298,0.0156095615,0.0132391543,0.0180860493,0.3108147466,2.0760944976,4.376714e-11,1.5435643e-08,0.6050471948,0.3660821079,0.0694328181,0.02735786
28222,0.2638350413,0.0465105255,67.764056298,0.0250368499,0.3660351787,0.3601353774,0.0966689279,-0.019179824,0.2186387387,0.0085230333,0.008675593,-0.065871222,-0.907661006,0.0887263159,0.065871222,41,-0.005270152,-0.070754717,-0.052121851,0.001590089,0.0855943204,0.0971681765,-0.032065237,0.0021542148,-0.015857069,0.3996524679,0,0.7978947946,-0.282456514,0.5872097804,-0.284991132,47.940406977,5.962219812,0.2211259518,0.0,0.0,1,0.0004558001,0,0.0,0.5070189253,6.0,-16.06130322,0.0533313956,-0.376862817,0.1965009723,11.325797148,0.1893479707,0.4219540194,22240.203551,0.0238858186,17.266261525,0.0023679489,0.019579549,0.0456103348,-0.008283743,0.0118361519,-0.058977513,2.0,0.0001567644,0.3356386089,-0.000938153,6.0,18.281761446,0.0816615173,1.7833435918,0,-0.25352422,0.0186385997,0.0087996918,0.0143015282,0.362454034,1.822182796,4.556177e-11,2.1531482e-08,1.0469202798,1.0960420723,-0.038035274,0.023358543
11368,0.5103998575,0.0425518794,1.0245229646,0.0,0.2340182062,1.9217038567,0.070003748,0.1675129631,0.4736036109,0.0076433121,0.3853564547,-0.136048688,-2.209339775,0.136563439,0.136048688,33,-0.090094699,0.0416666667,0.1132159727,0.2786033273,-0.025403569,0.3333333333,0.7664007092,-0.272534322,0.088998538,0.7506608984,0,4.6901152213,0.3578630323,3.7453001819,0.7860129192,5.7697371805,10.636294681,0.2840744835,0.0,1.0,1,1.0,0,0.0,0.6442982456,5.0,0.0257473486,0.0818825656,0.0207467001,-0.028016335,-0.256233278,0.1979659805,0.0032229957,-6232.985528,0.0725156293,11.021315272,0.0237556848,0.0879951758,0.1318368198,0.2374086753,0.1376379523,0.0491972012,2.0,0.0467809675,0.3481535641,0.1046201764,3.0,9.171150372,0.0748183605,0.1682820621,0,0.0348146487,0.0573248602,0.0231915189,0.0326264872,1.2183314685,0.6380478065,1.3690624e-06,1.7409409e-07,0.6711916971,0.4504982943,-0.195484278,0.0554530002
28804,0.2707035197,0.0769984153,1.9410883813,0.0086543673,0.5159530179,0.6831859398,0.175463336,0.0587529976,0.2968482357,0.9125621854,0.0643213442,-0.070721358,-0.702479339,0.1310882112,0.0707213579,40,-0.000332806,0.0588146012,0.081385979,-0.622561389,0.180813584,0.0683879972,-0.013946396,0.1118533744,0.048299655,0.6040893059,0,1.0508677439,-0.057678187,1.0161579892,-0.056680598,4.4108463435,20.725868726,0.2286659036,0.0,0.0,1,1.0,0,0.0,0.8304583539,7.0,0.0285302696,0.0693682371,0.0378946346,-0.267712673,-0.534757765,-0.03642004,-0.002252232,1565.9432316,0.0725156293,15.981954299,0.0072161642,0.0422839506,0.1234790446,0.0049670217,0.1916514321,-0.095153983,3.0,0.0013845186,0.0193490374,0.034652343,6.0,16.866537758,-0.267728149,2.3325598566,0,0.0348146487,0.0330599733,0.0172698185,0.0243450546,0.4657009177,9.786492046,1.07865e-10,7.2416435e-09,0.99294049,0.9859308166,-0.041190801,0.0362610291
11587,0.22995234,0.0427526554,20.073143468,0.0084004786,0.0337372077,0.2164107193,0.2682807897,-0.003208071,0.4489033278,-0.039658635,-0.04889043,-0.019878922,-0.122806387,0.0480029546,0.0198789219,40,0.0102217824,-0.004123711,0.0664353413,-0.131107726,0.0115365794,0.1395322797,-0.052765501,0.0780107633,0.0038659275,0.4941924508,0,7.461352657,-0.226429585,4.6411030596,-0.321510483,5.8997443313,8.29866761,1.6230229252,0.0,0.0,0,,0,1.0,0.518416849,6.0,-10.03866367,0.0143250216,-0.086685863,0.2025941969,-0.375950531,0.4782118068,0.1211961971,-2463.665773,0.0318276958,13.491283412,0.0006259781,0.0488486131,0.0564505623,0.0011062367,0.1443450189,-0.041094864,1.0,0.0001665931,-0.066343448,0.0084890689,6.0,12.955210633,-0.059359883,0.5426739927,0,-0.095378135,0.0099132499,0.0049689378,0.013619289,0.4550966062,0.951677107,2.5980596e-09,4.7500929e-08,0.5163733312,0.2666414172,-0.147742066,0.027120618
11691,0.2439541221,0.0474765032,1.5046489434,0.0192454187,0.6960538174,1.1494946569,0.1143991339,0.1229672354,0.2794200112,0.0093457944,0.1405340073,-0.071619939,-1.34039548,0.1111137934,0.0716199389,40,,0.0193050193,0.0470315172,-0.036896075,0.1037438045,0.0985243056,0.06238672,,0.0756948551,,0,2.3243847875,0.3364046671,,,5.8425357873,8.6751012146,0.1426004825,0.0,0.0,1,0.1849431818,0,0.0,0.9801892371,6.0,-0.675085768,-0.049668456,-0.051710678,-0.804577967,-13.33311632,1.4897092093,0.0109755127,-204.0460711,0.1229481469,14.339708038,0.004776602,0.0240412467,0.1072628586,0.0611459717,0.0146830195,-0.096427437,1.0,0.0064951936,0.9623719573,0.0851828139,5.0,14.569108874,-0.286681492,1.3850617227,0,-0.401912096,0.0512963533,0.0212851405,0.026414055,0.3471008337,2.4808494802,1.5297078e-09,1.6205338e-08,1.1914810988,1.4196272088,-0.059735621,0.0354159521
49330,0.1560758841,0.0301920794,4.26882646,0.0297620184,0.4814968283,0.0899607134,0.0868068827,-0.02367252,0.0697806992,0.0,-0.043878759,0.0124327476,0.2657279364,0.0221692005,0.0124327476,40,0.0,-0.055555556,0.0221674751,0.0120413702,-0.032634707,,,0.0,0.0444209952,0.3285893919,0,14.791100863,-0.343110174,14.791100863,-0.343110174,0.5951543352,1.1024528965,0.0612980682,0.0,0.0,1,1.0,0,0.0,0.2088038587,5.0,6.1305396211,-0.128580876,-0.208040159,-53.95238753,,,-1.240448515,-109.5498676,0.0207317787,14.485344632,0.000239519,0.012815784,0.052878306,0.0012237883,0.2317812647,0.0,1.0,0.0002513558,-0.022979168,0.0604987503,3.0,12.764903665,0.0556380011,0.1920616268,0,-0.142502855,0.0176547226,0.0078500191,0.0106562693,0.6239654938,0.7262028982,5.3418395e-09,1.0616267e-07,0.6675836683,0.4456679542,0.2710476803,0.024963834
11790,0.51129103,0.0466456306,10.778578804,0.0057286184,0.8373399634,0.4530786797,0.0355877283,1.2625474659,0.2880673194,0.1310963184,3.8680715637,-0.054512028,-1.148312611,0.1002093964,0.0545120282,41,0.1060397773,1.6666666667,0.726646369,0.0786089372,0.2106182495,0.0383501848,-0.574488152,0.6163878933,0.1880883132,0.534646791,0,2.9907332967,-0.581139358,0.6574704862,-0.771823859,20.804211957,24.15126183,0.1782469636,0.0,0.0,1,1.0237078997,0,0.0,0.343262031,4.0,-110.9268866,0.0166695184,1.4740690676,-0.412880518,0.8788891685,-0.888954244,-0.032439213,-2405.681266,0.5166690304,12.389282094,-0.035772006,-0.011473304,-0.030209027,-0.035812742,0.0159798515,-5.229428603,0.0,-0.027826409,0.274610432,-0.024298712,6.0,11.550618207,-0.235591002,0.5079231356,0,-0.344654664,0.0566108152,0.0240771024,0.0384104185,0.7055241558,3.6476714027,4.0909382e-08,4.0886149e-08,1.1581981764,1.3414230159,-4.4178e-05,0.0387669946
71271,1.0043541021,0.0912829395,-7.482156554,0.0,2.1512336533,0.7006838705,0.0452696139,0.0054940934,0.0506359122,-0.042466897,-0.024746297,0.0130824577,0.4511813957,0.0500977755,0.0130824577,40,,0.0413098237,0.0643784753,0.0306028794,0.0046056143,2.0126982342,-0.518662497,,0.0793891236,,0,,,,,2.7315849641,2.294160018,0.0529403217,0.0,0.0,0,0.0,0,0.0,0.1578417613,6.0,-0.011940792,0.0513239693,-0.022483805,0.1531621892,2.5086248718,0.1648936965,-0.048386022,-2219.721678,0.0331128264,15.901651664,-0.001817926,0.0040341373,0.0126319977,-0.022298645,0.0640826299,-0.003814373,0.0,0.003802525,-0.158413655,0.0125627976,2.0,15.684594731,0.0023516058,0.7546257314,0,0.048781298,0.0245593265,0.0085262187,0.0155876022,0.3840003935,1.2100090195,3.260859e-10,3.5524885e-08,0.6561102089,0.4304806062,0.0181745407,0.0154827253
10145,0.2259158388,0.0542366903,5.5686771088,0.0189105516,0.3511886472,0.5157027693,0.1667802653,0.0003521514,0.2816771212,-0.002041337,-0.008703817,-0.017274388,-0.185185185,0.0642805218,0.0172743877,40,0.002464626,-0.030534351,0.0320317501,0.0339053449,0.0128735406,0.1716514954,-0.085795567,-6.6028e-05,0.010877655,0.3951949352,0,1.5021322683,0.0065081127,1.2039531578,0.0119886036,5.791924127,5.043924415,0.1872789597,0.0,0.0,0,,0,0.0,0.7132879144,8.0,-0.479815011,-0.04714805,-0.010516283,1.5548030746,-1.532784702,0.6163724593,0.5851089534,69765.830693,0.1654820061,18.282416782,0.0009311189,0.0272343359,0.0684835022,-0.00681039,0.1407613941,0.0012250655,3.0,0.0005280389,1.1908893797,-0.010935463,6.0,18.235416126,0.0854464833,1.0588270799,0,-0.239385698,0.0151287187,0.0080130124,0.0134926546,0.2381481309,0.9285232073,2.163645e-11,2.7499624e-08,0.9697914438,0.9404954444,0.1343998234,0.0168366866
45911,0.1971399604,0.0498154059,11.791647183,0.0077378308,0.0349575227,0.2033302251,0.3835114732,0.2507229807,0.5773757482,0.0058139535,0.2691436339,-0.058118688,-0.243642741,0.061952568,0.0581186876,41,-0.000866551,0.2072072072,0.4219506873,-0.272003973,0.1086251729,0.2369312682,0.0734318824,0.1363238954,0.2475122414,0.5422743722,0,4.1273981462,-0.140558572,3.5499029963,-0.088008346,3.1222690686,6.0565055762,1.6230229252,0.0,0.0,0,,0,0.0,0.6780129521,6.0,45.136042824,0.1315389556,0.0872482762,8.4908296051,0.0510410767,-0.208705836,0.3378800038,10816.112384,0.0587429544,16.358033631,0.014695003,0.0651450985,0.0753451677,0.0101403025,0.2805828897,0.0494938626,2.0,0.0001187507,0.1642543965,0.0862831713,7.0,17.976222503,0.0304201376,4.1250328536,0,-0.101630079,0.032556273,0.0203861154,0.0313774914,0.3768632261,8.6041156274,6.157257e-11,5.6365836e-09,1.6420889017,2.6964559612,0.0831331781,0.0415048767
24643,0.6375472691,0.0139502505,-4.965142562,0.0083805609,1.1766619871,1.2443831659,0.0678480398,0.0463600246,0.1339320687,0.1359958021,0.0173267327,-0.038446289,-5.246268657,0.0871370125,0.0384462887,40,0.0103088555,-0.016666667,0.0379472039,-0.132569848,0.239949219,0.083465238,0.0360614594,-0.027194897,0.1622698804,0.371461376,0,1.4923299043,0.3073144018,0.9361126151,0.3402831883,12.602003163,11.234022556,0.0731288344,0.0,0.0,0,0.0,0,1.0,0.4052951224,6.0,3.8694681628,0.0320196204,-0.124151296,0.1276943697,-2.607108562,2.7376252427,0.046038846,8723.1168241,0.0588548821,16.502483021,-0.002666882,0.0012026129,0.0035731688,-0.052628119,0.0481865143,-0.012527134,0.0,-0.008297226,0.870586655,-0.065364278,3.0,17.894499385,0.5899252378,4.7710376418,0,-0.156910843,0.0609756634,0.0250868072,0.0370313429,0.4140471524,9.9862065114,6.093193e-11,4.2928467e-09,1.6997506194,2.8891521682,-0.006959767,0.0369555433
28484,1.0523527259,0.0801882825,-4.729402741,0.0143599584,0.7705089222,0.5088543669,0.0330381188,-0.097675071,0.1569209898,-0.121356597,-0.095269894,-0.068165052,-1.638297872,0.211560575,0.0681650519,40,-0.010500172,-0.548387097,-0.518174475,-0.106259581,0.3141170542,0.1247955809,0.0919992879,0.0033914955,-0.101739482,0.4908512365,0,1.3784786642,0.0512923689,1.2698412698,0.0892896073,4.393207856,5.1794500724,0.2995208601,0.0,0.0,0,0.0,0,0.0,0.2552588997,5.0,0.7565557728,-0.325785665,-0.938401005,2.1890447554,-2.204111669,0.2987244497,-0.151055522,18600.20633,0.0279332649,16.753814969,-0.012983527,-0.007480736,-0.012604843,-0.070311331,0.0826475752,-0.177191006,1.0,0.0,0.6049225955,-0.044155129,4.0,17.899304666,0.3338517472,4.2683482835,0,-0.500704589,0.0534530208,0.0287209696,0.0380881145,0.3455419675,5.2093381093,8.884382e-11,6.4140252e-09,1.8121023699,3.2837149989,0.0012017333,0.03249278
81073,0.2908642257,0.0550655129,2.9172784651,0.0030244734,0.7699049061,0.4745757464,0.0903404301,0.1455576266,0.1670099474,0.0,0.1154407473,-0.07014896,-1.265481119,0.1247498797,0.0701489602,21,0.000381007,0.0452674897,0.084394262,0.1757043036,0.0415438428,0.0858878231,-0.001225535,0.1513971213,0.2337295269,0.45493402,0,2.232570915,-0.32719111,2.0922617064,-0.33177062,5.8379683429,6.0366831073,0.1500169249,0.0,0.0,1,0.9316217794,0,0.0,0.5913178749,5.0,0.0016272912,-0.015418562,-0.071434862,-0.27815358,-0.48444728,0.0874517169,-0.146828499,3407.4083373,0.2350454299,15.747324101,0.0019047159,0.0258621443,0.0894941634,0.0073118382,0.133639364,-0.130059587,2.0,0.0008132767,-0.143047037,-0.007444286,4.0,15.357901981,-0.406389193,0.6596797226,0,-0.151944756,0.0202482175,0.0153044751,0.021040874,0.4072365718,0.8927413945,7.543326e-10,3.935722e-08,0.9204597382,0.8472461297,-0.030985521,0.0298087267
93330,0.4398666143,0.0635300947,-25.25161191,0.0093659145,3.3535951309,0.4733934229,0.0296972402,0.0395126792,0.0310448744,-0.048601233,0.0422780254,-0.005487927,-0.321463127,0.0839526776,0.0054879271,18,-0.000501233,-0.009980806,0.0572662547,0.0416169316,-0.031557324,0.3930015493,-0.079935625,-0.002590622,0.018902201,0.3178397302,0,14.728151395,0.0965949114,14.703675371,0.0978670906,4.6271594366,0.3085714865,0.020454267,0.0,0.0,0,0.0,0,0.0,0.2341372163,6.0,-0.008114492,0.045508546,-0.073774435,-0.411325299,0.3163281286,0.2747983322,-0.01453112,-6830.060738,0.0331128264,14.669223982,0.0002974125,0.0045774206,0.0412065202,0.0077054674,0.0233185788,,2.0,0.0008875083,-0.181460757,0.0302216044,3.0,15.140587062,0.0098469526,1.8979651122,0,0.048781298,0.0662159026,0.0256315701,0.0278474469,0.4138351066,4.9575464418,8.948481e-10,1.0608838e-08,1.3066670556,1.7073787941,0.0261662889,0.0253242252
12758,0.2896135688,0.04405903,14.749280397,0.0178973965,0.770327822,0.5155480348,0.0886614099,2.0605111859,0.6024235084,0.0052047028,5.2346570397,-0.054298101,-0.866539387,0.0822379148,0.0542981012,31,0.0,1.6666666667,1.2245308911,-1.016875287,-0.348299064,0.1549340314,0.0159027179,0.445644073,0.0855108017,0.2673388414,0,1.7946124574,-0.45555845,1.7946124574,-0.45555845,19.477210396,3.1632117759,0.1993448455,0.0,0.0,1,1.0,0,0.0,0.7358835267,3.0,-0.830801918,-0.129192468,1.4740690676,9.0098322817,-11.20008642,0.8670074855,-0.008772574,-6874.393879,0.0257826007,13.795479248,-0.001687839,0.0114753016,0.0396031686,-0.023664233,0.0108295806,-0.143755731,1.0,-0.002978236,1.317077871,-0.086703447,3.0,13.959997317,0.3161451653,1.0090503974,0,0.080304809,0.0572904125,0.0207144693,0.0292751905,0.2916731355,1.0200467533,4.3191274e-09,2.8320422e-08,0.9436748222,0.89052217,0.0199165955,0.0407438881
24109,0.5660157144,0.0549863066,-24.21586623,0.0335840477,1.440580661,0.5727459845,0.0509478673,0.0570603042,0.0924593186,0.0033314404,0.0615205316,-0.051341267,-1.823133415,0.1552336796,0.0513412669,40,-0.001688971,0.0004319421,0.1082893794,0.0728055085,-0.033711712,0.0437246413,0.0284447041,0.0695217499,0.0456947467,0.4402505324,0,0.5620685327,-0.202932048,0.3957574997,-0.162151078,31.001821494,8.8369678089,0.085713942,0.0,0.0,0,,0,0.0,0.266521604,6.0,-0.756775763,-0.071647534,-0.258643267,9.2862344273,-11.40552268,-0.366652745,0.0642231905,21974.259841,0.0257826007,17.255876584,0.0001899007,0.0083855722,0.0293105426,0.0097107851,0.0080688718,-0.109242803,1.0,0.0019345762,0.2647888768,-0.019886234,6.0,17.546517865,0.1270652456,1.2572765901,0,0.080304809,0.0163751785,0.0119200006,0.0157884342,0.3795209552,2.2399565633,5.057228e-11,1.9061337e-08,0.2880964776,0.0829995804,0.3273680269,0.0217333715
59176,0.2171991739,0.0618302684,-0.789841131,0.0110842707,1.4544034078,0.3706664179,0.065781555,0.0373463733,0.0650366748,-0.038533835,0.0339933821,-0.0326743,-0.867459643,0.115465531,0.0326743003,40,0.0,-0.140127389,0.0099622123,-0.019342525,-0.000449005,0.2569832402,-0.023715632,0.0023145884,0.0603713582,0.6831121349,0,2.3715220117,-0.002730679,2.3715220117,-0.002730679,1.5440500678,0.3012706654,0.0506556889,0.0,0.0,1,0.0006757346,0,0.0,0.4705067706,5.0,-73.59547429,0.0030403608,-0.18335945,-0.548849407,-3.286487371,0.6967584354,-0.362992272,91643.193096,0.1473165608,17.946284915,-0.000630435,0.0080558949,0.057847841,-0.001794077,0.129286196,-0.001776458,0.0,-0.000809389,1.1828757943,-0.058778796,6.0,18.194245681,-0.051246905,1.3649564912,0,-0.258063742,0.0243902355,0.0106881648,0.015612883,0.2799849222,1.5961183575,3.055998e-11,1.998595e-08,0.9237835355,0.8533760204,0.0282873357,0.0235079731
57904,0.6787903261,0.1091791711,-16.20878549,0.025158196,3.7522709365,0.8408757035,0.0420481875,-0.012695063,0.0400224224,-0.036934088,-0.049368714,-0.029858052,-1.219586581,0.2423326231,0.0298580519,37,0.0,0.042008533,-0.050586908,0.001063577,-0.009432453,0.1095571096,-0.058982684,-0.000618266,0.2549247606,0.0617661376,0,1.3505066117,0.2327971861,1.3505066117,0.2327971861,4.1918111398,9.3071253071,0.0288121015,0.0,0.0,1,0.0020601566,0,0.0,0.3103967168,4.0,-0.016006837,0.0398143134,-0.021785096,-0.172401587,,0.2270603697,0.1438488253,17368.214372,0.0331128264,17.170194481,-0.000550085,0.0049056506,0.0333176637,-0.028003011,0.0378017113,0.0032384152,0.0,0.0006881129,1.1921117142,0.0084205176,5.0,17.245760544,0.0718069785,1.2218998825,0,0.048781298,0.023266675,0.0092521369,0.0128578708,0.2218082389,1.1717537392,4.768572e-11,1.7270696e-08,0.8537636336,0.7289123421,0.0455463019,0.016336005
66800,1.387102691,0.0983446958,-16.37199827,0.0092388737,5.2981955944,0.8175365109,0.0210258544,-0.04756442,0.0283561383,-0.060199595,-0.072484542,0.0047004948,0.327747724,0.0661124456,0.0047004948,40,0.0,0.015625,-0.064875696,-0.085624231,0.0312569599,1.6474074074,-0.19080243,0.0007112126,0.0639792973,0.13684616,0,,,,,2.5200591976,1.021266939,0.0283479489,0.0,0.0,1,0.0015069009,0,0.0,0.1356822932,4.0,-0.027229653,0.0365431725,-0.048168629,0.5359107781,,-0.595956693,-0.032371352,67404.920592,0.0331128264,17.963232597,-0.001432121,-0.000419619,-0.0020526,-0.04031456,0.0490771637,,0.0,-0.011439634,1.6330625702,-0.039604062,0.0,18.348255295,-0.23361426,1.5905383701,0,0.048781298,0.0250975732,0.0108036674,0.0138256084,0.2594634059,1.5620235746,2.74659e-11,1.8355805e-08,1.0183307138,1.0369974427,0.024012237,0.0189964045
13507,1.4435049576,0.0805085413,-10.47355032,0.0269688452,6.2231484035,0.9935497805,0.0146693901,0.0097386555,0.0157411293,-0.000855178,-0.000733727,-0.013208718,-1.252430287,0.1813398767,0.0132087179,40,0.0,0.0194931774,-0.02199916,-0.03606318,-0.045284643,0.3467155261,0.1907503009,0.0001596578,0.0576427,0.2268652553,0,5.0971774852,0.0547279667,5.0971774852,0.0547279667,1.5682412877,0.6533126827,0.0149418738,0.0,0.0,0,0.0,0,0.0,0.0876156822,5.0,-0.018935297,0.036745324,-0.044300451,0.5923130447,1.2510272848,0.0183588564,0.0828560789,-6590.355958,0.0331128264,14.955026039,-0.000443337,0.0018016518,0.0093693439,-0.017637348,0.0606169677,0.0033243893,1.0,-0.009492961,-0.415877716,0.0002379226,4.0,15.11267981,0.0924966625,0.6166926754,0,0.048781298,0.0114145493,0.0076443742,0.019385753,0.4789013842,0.9652505185,1.2392907e-09,5.1627654e-08,0.7826817399,0.612590706,-0.034443829,0.0238377848
58560,0.4279613275,0.0027856027,1.5904016633,0.0444074574,0.121499509,0.3606487615,0.0135226143,-0.272693033,0.2328604088,-0.087645865,-0.373113512,0.0528325255,7.1399454114,-0.031685875,0.0528325255,41,0.0322926002,-0.095930233,-0.333767852,0.0215370993,0.0881880681,0.5240500517,0.2816151461,-0.017535997,-0.238040477,0.7429448909,0,4.3157984214,0.0991415449,3.2755798421,-0.025014718,1.2730888601,5.7290725005,0.1000568505,0.0,0.0,0,,0,1.0,0.3131234327,4.0,-10.10656268,-0.142832611,-0.178492384,0.4006031844,-0.647937727,-3.39269878,0.0415073679,-2762.654923,0.0318276958,12.228341334,0.0090844675,0.0025620779,0.0032143426,0.00812948,0.5138561272,-0.00480159,1.0,-0.00056243,0.2600215121,0.0542191411,3.0,13.607096512,-0.237854474,3.1488128622,0,-0.095378135,0.0297931451,0.0140489204,0.030610182,0.2745917117,2.0338094255,7.9977425e-09,1.4259883e-08,1.7279527727,2.9858207848,-0.00629275,0.04643521
13769,1.4222926753,-0.063195306,-3.134591948,0.0,2.7464733103,1.0234054968,0.0206676662,-0.058738257,0.1595996766,0.1631590367,-0.132384088,-0.110935593,-8.114495798,0.4496027392,0.1109355927,31,0.0,0.0,-0.123237034,0.1644371357,-0.012807635,0.1233312015,0.0044191577,0.0199046584,0.0920489297,0.5813026448,0,0.8766845117,0.3407379926,0.8766845117,0.3407379926,1.5250766644,4.6394823954,0.1172005704,0.0,0.0,1,1.0,0,0.0,0.4780835882,4.0,-355.6597549,-0.013312413,-0.180376987,-0.937122851,0.5780976879,0.2766021907,0.3122344455,-3021.540108,0.2277833408,9.2905627464,0.0009918136,0.0007553401,0.0021851814,-0.010370575,0.0399742333,-0.68132217,1.0,0.0029076377,-0.677503612,0.0215412667,4.0,7.7794418859,0.5800020356,0.1817334576,0,-0.166303822,0.1016840935,0.051995146,0.0492016043,1.191576906,1.4331352763,4.5766145e-06,6.9947797e-08,0.609631635,0.3716507304,2.8223223692,0.0710065345
11144,0.7737754886,0.0143169626,-7.284671443,0.0142637287,0.6274739348,0.8831918623,0.0121108078,0.0575000615,0.2923903156,0.0134786849,0.118746309,0.0845870256,7.1399454114,-0.100833885,0.0845870256,28,0.056051722,-0.234468938,-0.216226927,-0.326139909,-0.081122046,0.3264702355,0.1538727056,0.0617352378,0.0142816715,0.4009877444,0,3.5331281925,0.5647204161,1.4944673518,0.5056817162,61.132855681,3.1639314736,0.1053865451,0.0,0.0,1,0.9994469861,0,0.0,0.4948808504,2.0,47.545594982,-0.279983285,-0.443092178,-8.046627187,-0.180644579,-2.387239742,-8.85818587,-5209.235577,0.0248274717,13.088823611,0.0034088834,0.0056226838,0.0105473833,0.0025234264,0.0109918143,0.0032625608,2.0,0.0034602076,1.9111061324,0.1425811162,4.0,13.727751605,0.0050060115,1.5930106236,0,-0.25352422,0.0464963354,0.0188640671,0.0347145974,0.4665067912,3.7673916742,4.4406279e-09,1.2361474e-08,1.4450481291,2.0881640954,-0.061886898,0.0566638342
85257,0.255054201,0.0460151787,20.413180223,0.0063418688,0.250475279,0.3166536499,0.1513795002,0.092390278,0.2551602596,-0.014983307,0.1603413985,-0.023010579,-0.242107244,0.0571557868,0.0230105786,40,0.0070003208,0.0620689655,0.1190350059,0.028181812,0.0070197739,0.3090316337,0.0490308345,0.0190556086,0.0329834212,0.2036133913,0,1.6862833068,0.0771305221,1.1565613837,0.1038807695,10.650964607,6.869726814,0.2441403549,0.0,0.0,1,0.005182708,0,0.0,0.4527267921,7.0,-10.0333556,0.0046520098,-0.020493186,0.2276960579,-0.938181995,0.1060568571,0.1303490293,9587.3561467,0.0318276958,16.237508705,0.0010741036,0.0238491167,0.0452889874,-0.002674265,0.0493727897,-0.01291884,2.0,0.0,1.2743996896,-0.028682059,5.0,16.486610787,-0.169013987,1.461836825,0,-0.095378135,0.0171931349,0.0198104336,0.0144439775,0.5374383469,7.1215375641,1.118027e-10,1.4939364e-08,1.1185319653,1.2511137574,0.0469882369,0.0188928554
14008,0.2128230187,0.0425844181,3.0463300525,0.0164707084,0.3569148856,0.1656400118,0.1519900912,0.0436143667,0.2712438563,0.0076861914,-0.018124418,-0.050276022,-0.6585886,0.0706300304,0.0502760223,32,-0.005505646,-0.105,0.0742664382,0.1298015614,0.005175064,0.4005360904,0.6659934272,-0.006155009,0.1666364953,0.4797103856,0,4.9533390411,0.4383814579,4.5756278539,0.4934497517,0.7423592096,7.812694704,0.1661700665,0.0,0.0,0,0.0,0,0.0,0.7624456915,7.0,47.604826611,-0.042651243,-0.31362324,-8.607579657,0.384919317,-0.180109443,-8.686721954,98593.130203,0.0248274717,18.593941823,0.0033345108,0.0261624233,0.067784893,0.0066272246,0.43301006,0.0030720269,4.0,0.0026026605,-0.082551152,0.0128519693,5.0,18.649547871,0.0007201932,0.9973775886,0,-0.25352422,0.0438705906,0.0138578322,0.0187892275,0.2644468002,1.1335447258,1.867957e-11,2.5696682e-08,1.0340398406,1.0692383919,0.0778820525,0.0270356652
18075,1.022159885,-0.005914285,-3.457419308,0.0373641321,1.6505240396,1.3595282523,0.016744402,0.0671132128,0.1079449264,0.0051094187,0.237535397,-0.040732108,-17.82813816,0.0995264088,0.0407321078,40,-0.01812369,-0.029756537,-0.029147838,0.0098470665,-0.119138091,0.0788713219,0.052044132,-0.006566893,-0.127011213,0.4820424732,0,2.8501165787,0.0009927806,2.1787090441,0.0338362487,2.8101299718,3.7969191378,0.0354994415,0.0,0.0,0,,0,0.0,0.2298985085,3.0,-0.061585051,0.0500107081,-0.407515435,-0.955450079,-0.002601027,-2.577997517,0.2353345571,-1786.777953,0.0506976226,12.359748349,-0.001620624,-0.00288448,-0.00724669,-0.064213997,0.1703980899,-0.000309487,0.0,-0.010254573,0.2038929746,-0.000537651,3.0,11.524257108,0.937422338,0.5891244441,0,-0.060001469,0.0588607192,0.0217670998,0.0385852666,0.4963367543,2.6749234413,2.1893368e-08,2.1625771e-08,1.3206237583,1.7440471111,0.0279791629,0.0396701727
83112,0.521802498,0.0712926,-4.576969071,0.0087298122,1.0010065533,2.9498338184,-0.013476992,0.0400852233,0.2026072813,0.5411589422,-0.005481769,0.0516561426,1.091783169,-0.006543461,0.0516561426,19,0.0779311499,0.0330450896,-0.189934685,-0.242421318,0.2796242,0.0845140906,-0.076843035,0.1522636786,0.1448792115,0.4580798937,0,1.2206282731,-0.008605681,0.4464233935,-0.27001296,39.433272824,24.801135153,0.1121284442,0.0,0.0,1,0.5962904922,0,0.0,0.6256525545,4.0,-1.46592361,-0.684757167,-0.125750501,4.4786228914,-2.462198968,-3.173776569,0.2469840459,-1357.748394,0.1062765098,13.760515581,-0.005643805,-0.000570535,-0.0015321,-0.0459548,0.0186335319,-0.023157835,0.0,-0.012037581,0.9081800936,-0.045846057,3.0,13.995778052,0.1203114945,1.3099881797,0,0.0239123439,0.067326121,0.0263132971,0.0305571525,0.3647623095,2.1304586823,4.2670118e-09,1.8958163e-08,1.5733197761,2.475335118,0.0201212687,0.039449909
39490,1.0992318394,-0.207072783,-27.45309707,0.0161047191,1.1788230564,0.5826941651,-0.017571674,-0.092233561,0.0862793452,-0.048684473,0.0598613016,-0.22701103,-2.731682358,0.3585842847,0.2270110299,40,-0.003112536,-0.073380756,-0.161748567,0.1526145764,-0.356592163,0.1110325318,0.0092658836,0.0560702176,-0.223350102,0.5062213326,0,1.7508187773,0.2926246078,1.5575873362,0.3371069371,17.879063719,6.7929841897,0.0167224699,0.0,0.0,0,0.0,0,0.0,0.1441190562,3.0,0.2779537768,-0.106969503,-0.260861516,2.235923869,-2.004520064,0.5354687929,-0.004031812,21095.43498,0.0279332649,16.840369879,-0.016707657,-0.116844132,-0.265440041,-0.106395742,0.0595066878,0.4646173673,0.0,0.0081716037,0.0901407481,-0.044528804,5.0,17.936178425,0.4699070138,2.8398858051,0,-0.500704589,0.0668668672,0.0281902048,0.0381603566,0.2757959784,2.4664283008,1.2269e-10,1.0343999e-08,1.6747292522,2.8047180683,0.0016058898,0.0390005524
14593,0.1939670547,0.0867720407,9.094023122,0.0188953537,0.2780982637,0.3798165991,0.2780960953,0.2529341483,0.4491306467,-0.048994223,0.4225717421,-0.106724256,-0.522006218,0.1320675855,0.1067242561,35,0.0009113222,0.1340206186,0.278563418,0.163790649,0.0481697598,0.4672689244,0.2128057257,0.0452037837,0.0699974002,0.2637131531,0,1.108770624,0.0265322051,1.0796303188,0.0313216572,5.61801399,7.7024354876,0.4385071513,0.0,0.0,0,0.0,0,0.0,0.9269007683,7.0,45.103097412,0.0833167649,0.0140616875,8.4876566993,-0.835687449,-0.162519405,0.4079950214,98593.130203,0.0587429544,18.593941823,0.0040243445,0.0407247273,0.0885126157,0.0152404427,0.1432151722,0.0213845637,1.0,0.0001813237,0.4084811719,0.0029609394,6.0,18.734862128,-0.170965888,1.4797024149,0,-0.101630079,0.0144874901,0.0178415121,0.0180333634,0.3974944929,4.2223641114,2.721183e-12,1.3062765e-08,0.8781656955,0.7711749887,-0.004337177,0.0301738552
14761,0.3436090599,0.0441815099,22.78491653,0.0,0.3140629766,0.8218396431,0.1218385966,0.6153605212,0.3540061392,0.0073529412,1.7365011867,-0.040634373,-0.490270374,0.0658423954,0.0406343731,39,0.0040027572,0.6325301205,0.2261214848,-0.041767208,0.0802667405,0.076291348,-0.243792474,0.2697487941,0.176518022,0.3268067297,0,2.2079096499,-0.319382674,1.6928580041,-0.294556095,34.051610628,10.090332695,0.2811677055,0.0,0.0,1,0.0680735194,0,0.0,0.4839891188,4.0,0.1668616413,-0.18861322,0.6092465767,0.6347927054,1.0213859121,-0.111531009,0.2268973552,-14745.9961,0.0739470786,12.544499739,0.0036287182,0.0222562609,0.0395120067,-0.033384963,0.0602866625,-0.128042074,0.0,-0.00805153,0.1496950227,-0.022944509,6.0,11.277439547,-0.382593601,0.4207139553,0,-0.13824669,0.0902911946,0.0402322938,0.0534409738,0.4853391571,1.3070291844,7.2809845e-08,5.2698793e-08,1.6554709008,2.7405839033,0.0030982255,0.0402404956
10516,0.5909612366,0.0678661997,-0.823447851,0.0188383046,0.7365354426,2.4514249487,0.068354633,0.006285427,0.1290226732,-0.033383915,0.0356142287,-0.061837114,-1.207295374,0.1498007487,0.0618371137,40,-0.047095547,0.0900321543,-0.095797515,-0.005566051,0.2872284981,0.0880522088,0.0513371507,-0.059997257,-0.028825164,0.4602482113,0,1.6682476606,-0.084422647,1.0674272529,-0.021957053,12.509782776,17.507761966,0.1303305182,0.0,0.0,0,0.0,0,1.0,0.2624528676,5.0,24.409753219,-0.256592842,0.0034849614,0.3965650536,-0.318481283,0.1649047155,0.1531367284,22166.495185,0.0457936334,16.970422412,-0.004088855,0.0062117925,0.0135893011,-0.062300669,0.1541942902,0.0019163768,0.0,-0.003860072,1.1694616065,-0.057065921,4.0,17.176925666,-0.055915684,1.4556935599,0,0.0957318355,0.0331160501,0.0141402406,0.0210574903,0.2639100818,1.4733198516,9.960184e-11,1.7002412e-08,1.1033742428,1.2174347196,-0.002081213,0.026420304
77595,0.4644377308,0.0382367465,0.8931925202,0.0033966506,0.4692867766,2.1634337431,0.0668634279,0.1084175574,0.1513674083,0.0083239769,0.1406297485,-0.090994281,-2.113368127,0.1190450679,0.0909942805,37,0.0,0.1591943958,0.1361762676,0.017851291,0.2968353927,0.2103745273,-0.061296288,0.0661882229,0.0776657617,0.5244425171,0,1.5111977745,0.1180628251,1.5111977745,0.1180628251,12.786196333,11.134995184,0.2489629599,0.0,0.0,1,1.0,0,0.0,0.2897431316,7.0,-4.085792461,-0.012862658,0.0054003299,0.8976194487,0.2048085072,0.3654142971,0.073964533,-4447.99907,0.2359138598,13.110042575,-4.0331e-05,0.0160681449,0.033069523,-0.002862307,0.2110447277,0.0429129719,0.0,-0.003492433,0.6543892502,0.0500388108,1.0,14.168336393,0.0142642027,2.4985559052,0,-0.179026286,0.0460168421,0.0308757592,0.041720964,0.3976786352,4.7749065573,4.1711944e-09,9.5237426e-09,2.0963639754,4.3947419175,0.3072352268,0.0468927007
29209,0.7482794919,0.0897158284,-12.02942751,0.0,1.4922366208,4.1014575965,0.0695726543,0.0316704009,0.2483976505,-0.040435879,0.0517886175,-0.014304429,-0.351887882,0.1212857412,0.0143044292,40,0.0137097445,0.0303030303,0.0660846639,0.0185799067,0.0073553986,0.2452431954,0.1826133635,0.0167229879,-0.006282426,0.5094902082,0,1.5472035815,-0.044559796,1.1471952567,-0.052366844,56.8712118,3.7672467053,0.080952104,0.0,0.0,1,0.1325011937,0,0.0,0.6876072907,7.0,-0.141752083,0.0302087983,-0.139473913,0.1646804822,-0.168429485,0.0377312776,-0.137990683,3340.6790382,0.0457306398,15.554238145,-0.001381069,0.0090196233,0.026489623,0.0164571259,0.0280475135,0.0011025076,0.0,-0.001085384,0.986314329,-0.068960137,5.0,15.908257975,0.208344861,1.5007820798,0,-0.034541484,0.0173119046,0.0132792142,0.0189101707,0.258043851,1.5847278808,3.064674e-10,1.7772593e-08,1.3755392488,1.8921082249,0.0118825572,0.0253288641
24272,0.4504905407,0.0283318055,0.0198445998,0.0145367379,1.0423434408,0.7990755821,0.0619801755,-0.080997169,0.1703953977,-0.042857143,-0.046281216,-0.013609327,-0.748691099,0.0495435761,0.0136093267,41,-0.005615037,-0.045454545,-0.119915047,0.0805841215,0.1435025397,0.1553620532,0.0417888787,-0.017350014,-0.152386268,0.3505233506,0,2.2430939227,0.0626507856,1.7555248619,0.0592168963,4.1857031857,5.6056191467,0.0736366794,0.0,0.0,1,0.0567502987,0,1.0,0.4716717834,6.0,-16.07219875,0.0586973393,-0.351562646,0.3831564717,11.435552043,-0.187878995,0.3827712796,1506.2423313,0.0238858186,15.750794088,0.0104100082,-0.00592667,-0.018629618,-0.038270188,0.127881558,0.0715462427,0.0,0.0011926058,0.0721224269,0.0110744145,5.0,16.374795256,0.150626359,1.8856340267,0,-0.25352422,0.0148050357,0.0096190518,0.0154397332,0.3070240804,2.2079253502,1.667494e-10,1.5044114e-08,0.8457108528,0.7152268466,0.0045050995,0.0188574279
15457,0.1881176634,0.0463086514,39.168292683,3.05042e-05,0.27596642,0.5449853056,0.1878522391,0.1458237918,0.4332476373,0.228021055,0.0468191968,-0.082915552,-0.778066584,0.0823398656,0.0829155525,36,0.0565064254,0.166180758,0.9445926745,0.4860255123,0.1027918461,0.226967915,0.5181155823,0.1713453471,0.3304083168,0.3729103604,0,2.2507508057,-0.091623754,1.1973062555,-0.18958466,31.185497948,7.4367631176,0.2523166716,0.0,0.0,1,0.9155883071,0,0.0,1.1928645144,7.0,3.1069755149,0.2681424806,-0.001059772,1.0032721217,4.218498655,-0.854182879,0.1739886724,-3906.223907,0.0446872923,13.485013764,0.0081281826,0.0386925933,0.0964052032,0.0200560177,0.0345978442,-0.032341742,2.0,-0.001958941,0.4483810649,-0.092500679,7.0,14.336058269,0.33126592,2.0991926775,0,-0.101630079,0.0386448652,0.0205631051,0.0343960541,0.2739323317,2.1087309264,2.8113395e-09,1.401737e-08,2.1232907138,4.5083634553,0.0164505643,0.050497453
15553,0.5801938647,0.0861704418,-122.6933854,0.0357254679,1.699029655,0.8256722942,0.0726426548,0.0246735395,0.1012371134,0.006375695,0.0131663162,-0.00631386,-0.165480427,0.1004299634,0.0063138599,40,0.0039376761,-0.152445028,0.279401283,0.2472512495,0.1576718878,0.0418041804,-0.089890349,0.046185567,0.0605381166,0.4289769267,0,0.8977943461,-0.033049129,0.6753650202,-0.058655283,138.07692308,3.4944841012,0.0855663548,0.0,0.0,0,,0,0.0,0.3621076233,7.0,-0.720943476,-0.015536506,-0.411520237,9.3004125776,-11.47847293,0.2681233872,0.0094194743,-1220.271629,0.0257826007,15.885973199,-0.000501684,0.0007950849,0.0027862209,-0.000681199,0.001337463,0.190173749,0.0,-0.001634878,0.0770236866,0.0014860608,2.0,16.151782175,-0.195318061,1.2957932825,0,0.080304809,0.0099132499,0.0039448975,0.0059251285,0.3801171535,2.0048816138,6.638979e-11,1.7389304e-08,0.3500012858,0.1225009001,0.4418199017,0.0285354211
15721,2.5924269673,0.2831439033,-18.99879157,0.0507161301,1.944429191,1.4577686444,0.1408509172,0.0669553437,0.1856320559,0.0045368385,-0.046043355,-0.036863374,-0.396959588,0.6273066775,0.0368633737,41,0.0012086422,-0.019422572,0.1890177886,-0.097291582,0.1790103343,0.0412132214,0.1095020523,0.0562294608,0.153254675,0.5511559676,0,4.486408068,0.5084591482,3.467581655,0.5882087425,12.246133195,4.3590511494,0.3170383462,0.0,0.0,1,0.6109329718,0,0.0,0.2981521598,8.0,-2.251292273,0.1939643355,0.0608204733,7.334837789,-1.677636391,-0.123258992,-0.033498485,-980.9543671,0.0273920116,13.346576005,0.0002742262,0.031898007,0.0535709842,0.0415685953,0.0237019628,-0.266845504,1.0,0.0270087779,0.4741708187,0.0613366924,6.0,16.142614381,0.0818847384,9.8670935927,0,-0.500704589,0.1269648373,0.0587673274,0.0800212721,0.290863024,16.044060175,1.2277639e-09,1.4444355e-09,2.5570604283,6.5385580338,-0.003878585,0.0618300916
44644,0.1285033017,0.0367858573,2.5919755087,0.0247760031,0.7563482261,0.2923226299,0.0620837918,0.0330341292,0.1494086117,-0.028738026,0.1150641215,-0.016239476,-0.384380676,0.05092563,0.0162394763,41,0.0,-0.098360656,-0.103879081,0.0369229632,0.0038095489,0.4131113424,-0.044756819,-0.010898018,-0.279107073,0.0945871551,0,1.062532963,-0.016659128,1.062532963,-0.016659128,6.5661204154,7.0712392527,0.0616353256,0.0,0.0,0,,0,0.0,0.7169650085,5.0,-1.569169856,-0.116693982,-0.411392417,0.2425474713,-1.045033563,-0.386831657,0.138332456,32659.741229,0.0278203388,17.511552215,0.0004535207,0.0101931411,0.0701882084,0.0039716614,0.0934226868,2.14552e-05,1.0,0.0003733201,0.3395080589,-0.019230325,5.0,17.247910916,-0.01250456,0.8234947187,0,-0.111549313,0.0121448059,0.0064061138,0.0126474872,0.2419220244,0.9633034769,3.398139e-11,2.6395159e-08,0.8350019057,0.6972281825,0.0181180337,0.0166934285
16030,0.8916348642,-0.006007667,-0.23622179,0.0,1.1883054223,0.8904532319,-0.014759429,0.4331387875,0.0501919748,0.0039115801,1.3161205862,0.1399718566,7.1399454114,-0.253146065,0.1399718566,34,0.1450367135,0.6090225564,0.9937338996,1.2472658801,-0.241340123,0.0884838308,0.1942161526,0.3117640253,0.002233477,0.6401893716,0,36.232423696,-0.099665971,12.412942127,-0.206211486,1.4552217948,98.540949759,0.004879921,0.0,1.0,1,0.002848946,1,0.0,0.0185913366,2.0,0.0512814448,-0.04988895,0.0439485271,0.0350474295,-1.853183379,-0.643242831,-0.039721962,-1440.000834,0.0665802826,12.470173862,0.0,0.0078347659,0.0197903372,0.2222311228,0.0641746237,-0.001451892,2.0,0.0073964497,0.3645338034,0.0421298149,0.0,11.453868184,0.029543332,0.3485517485,0,-0.105045736,0.0280209891,0.0166269451,0.0295974567,0.5226917961,0.8496830504,5.0388954e-08,6.9155685e-08,0.8409453546,0.7071890894,-0.247427036,0.0416365449
44601,0.2272527304,0.0535050732,5.2360217943,0.0266566494,0.7018305843,1.3488775991,0.1189232526,-0.054309634,0.4007070663,-0.059462663,0.0562147255,-0.027444598,-0.490242931,0.0797355572,0.027444598,40,-0.000512775,-0.038461538,0.0309934853,0.0884455267,-0.025332389,0.224265966,0.0375393861,-0.01097471,-0.285283474,0.3821938443,0,1.2024658906,-0.106629582,0.894667668,-0.129747122,25.933224088,6.6071391295,0.1395486658,0.0,0.0,1,0.0011636518,0,1.0,1.193070634,5.0,-0.143850684,0.1132611603,-0.015925282,-0.537332202,-0.039370335,0.3965432018,0.3331091042,-1195.549167,0.0689333745,15.68512815,-0.000756648,0.0186742007,0.0741314854,-0.017710506,0.0445291723,-0.00062,1.0,0.0003535443,0.0488736758,0.028672182,5.0,16.643441985,-0.053074701,2.3138849018,0,-0.105814909,0.0237833839,0.0105820876,0.0137105305,0.3590673169,3.1465640012,1.472694e-10,1.1100649e-08,0.807631071,0.6522679469,-0.006436826,0.0221888242
27684,0.8412730252,0.1026964403,-3.84373419,0.0156815462,1.0980372003,5.0143341238,0.0950119586,-0.040474729,0.296782369,-0.020137578,-0.039336882,-0.001085445,-0.020929757,0.1048458519,0.001085445,41,-0.011895462,-0.010526316,0.015454849,0.0472947319,-0.022139518,0.259009211,0.0100713536,-0.009583922,-0.041955808,0.5748574435,0,2.0228170052,0.1247520743,1.441821915,0.1321189253,29.94431094,5.5249230013,0.1152591742,0.0,0.0,1,0.3947765595,0,0.0,0.663526777,6.0,26.160125709,0.0632036176,-0.009568225,0.2319289195,-0.765464949,-0.481407603,0.0120655075,3398.5137894,0.0463645568,15.480295503,-0.000349496,0.0100855994,0.0232494155,-0.409758963,0.0759076202,0.000483468,0.0,0.0023430178,0.7478980634,-0.009150888,4.0,15.749877176,-0.161538638,1.3944260722,0,-0.034541484,0.0193621516,0.0172289604,0.0191644892,0.4573966584,3.4354074525,3.573992e-10,1.7913961e-08,1.1830869855,1.3996948151,0.0409904264,0.0230173826
40416,0.0709975151,-0.095202327,1.0687040245,0.0257727349,1.271855071,2.1684865598,0.1788746166,-0.15333549,0.8722486638,0.0018437428,-0.032303161,-0.124846736,-1.925887802,0.0881466733,0.1248467358,40,-0.030594457,-0.095367847,-0.110858865,0.0554801048,-0.011308241,0.1410553205,-0.12496715,-0.05446452,-0.738942438,0.4650301812,0,1.4480754201,-0.067456245,1.0464536928,-0.05212068,9.0182373917,13.917295597,-0.040146642,0.0,0.0,1,0.0232964,0,1.0,5.0011710657,3.0,47.57644667,0.0121860846,-0.303991087,-8.749405161,0.0133146307,0.5733941298,-8.669205311,-1465.532957,0.0248274717,14.535468393,0.0411086418,-0.133905304,-0.811535723,-0.496097823,0.1653641349,-0.010585076,0.0,-0.058461538,1.6451351681,-0.250836808,6.0,15.938864979,0.6856345705,3.5683465278,0,-0.25352422,0.0730088353,0.0259163194,0.052216883,0.4035242468,6.7003127281,5.696751e-10,6.8582064e-09,2.3526127926,5.5347869521,0.0321529802,0.065577853
53110,0.2497272535,0.0345792509,77.68965595,0.0123866843,0.1477721766,0.4250085653,0.151410156,0.0794158034,0.4644906947,0.0033999445,0.0613582158,-0.018432296,-0.204090572,0.04163655,0.0184322962,40,0.032972417,0.0522058824,0.0917209881,0.0152444158,0.0333757678,0.1914773977,0.0843290964,0.0762423353,0.0903934108,0.3759811964,0,1.3178146159,0.0160177313,0.6474994163,-0.041412626,54.802884615,6.7590935201,0.368152256,0.0,0.0,0,,0,0.0,0.7410906427,7.0,-10.0271429,0.0083367544,-0.030356269,0.2223691103,-1.203026916,0.6714228872,0.1148297925,-2255.844553,0.0318276958,13.851838212,-0.001472781,0.023315199,0.0372372775,0.0036991554,0.011549897,0.0037135594,2.0,-0.000516707,0.3815642947,-0.060469238,6.0,13.980422143,0.2050595904,1.3440409043,0,-0.095378135,0.1048094407,0.0259450294,0.026883275,0.5583811791,5.5715263827,1.4810035e-09,1.3765094e-08,0.8603189202,0.7401486445,0.1077550984,0.0243894722
75034,0.7653780372,0.0706407971,-0.333114943,0.0114652603,0.4149273579,1.0089018089,0.1115929138,0.0319682108,0.2400300709,-0.00913242,0.0074835362,-0.043480559,-0.71785922,0.1213509446,0.0434805588,40,0.0066947376,0.0437710438,0.0977910928,0.04329518,0.0901961503,0.2000441355,0.0692582884,0.0419918379,0.051487608,0.4402488292,0,2.5975846452,0.0528324485,1.718999353,0.0618781592,14.109770115,4.5313768918,0.3511108902,0.0,0.0,0,,0,1.0,0.365437814,8.0,0.7904162237,-0.02653783,-0.143709716,1.9020700667,-2.248201055,1.1410534351,-0.241265152,21834.24663,0.0279332649,16.868370934,-0.008134907,-0.006111154,-0.008984574,-0.108575109,0.0803824363,-0.036117772,2.0,-0.023530482,0.2219858088,0.042008392,6.0,17.301255348,0.1510676563,1.9808592555,0,-0.500704589,0.0881605968,0.0321978054,0.0480454746,0.446023696,7.0587653386,1.056055e-10,7.5107457e-09,1.491703501,2.225179335,-0.004496936,0.0331536523
10318,0.1906510513,0.0256988615,29.665846839,0.0045004386,0.2283411906,0.2633727095,0.1079873339,1.2853143773,0.4748933325,0.0205121419,5.2346570397,-0.052536743,-0.615681672,0.0415211796,0.0525367425,33,0.0400583777,1.1834625323,0.6056534776,-0.221950239,0.0531258912,0.2284934796,0.1980091587,0.2929668429,0.1827026962,0.231399282,0,1.8980130232,-0.755701903,1.3785201315,-0.771823859,10.765863941,7.5210886055,0.3219852123,0.0,0.0,1,1.0,0,0.0,0.5245957544,4.0,47.584283918,-0.133044298,0.9748392922,-8.629751625,0.9610343384,1.0920186167,-8.715830805,-3491.788517,0.0248274717,14.476879114,-0.000963713,0.0160820732,0.0318905202,-0.010635011,0.0924048883,0.0405012641,0.0,0.0001645549,0.1613829053,-0.059986646,5.0,14.384273827,-0.399524604,0.8176510953,0,-0.25352422,0.0181553382,0.0135494904,0.0259395762,0.2334796437,0.7357024794,1.8460694e-09,3.1931282e-08,0.8736492021,0.7632629284,-0.029215547,0.0397336215
10239,1.0345386049,0.0769554231,-3.828632509,0.038706892,1.9286142052,0.7378677705,0.031896703,0.0671258172,0.0392541058,0.0034836203,0.0784958569,-0.000399726,-0.014907292,0.0781026201,0.0003997262,40,0.0,0.1067708333,0.0069157564,-0.061667555,-0.185371469,0.1095743467,-0.078322195,0.0050621579,0.0465571984,0.3958224885,0,4.5462252971,-0.074334483,4.5462252971,-0.074334483,1.4390242671,0.8801376422,0.0480987559,0.0,0.0,0,,0,0.0,0.1102655322,3.0,-0.038930455,0.0226849738,0.0429772045,0.183346692,0.472311591,0.436205955,-0.020381178,-9274.592058,0.0331128264,12.62617887,0.0009350862,0.0069121824,0.0191956102,0.0070684452,0.1340077691,,1.0,0.0069124424,-0.419736649,0.0212676642,4.0,11.810552349,0.0281868879,0.4113412545,0,0.048781298,0.0227743741,0.0084015583,0.0161229646,0.4218849128,0.5906856883,1.5722734e-08,6.9981365e-08,0.6477779183,0.4196162315,0.0520741758,0.022495186
57568,0.1106461469,0.0503375172,24.868193417,0.0075827579,0.6780999076,0.9178564312,0.1270998592,-0.031816671,0.2131128673,-0.036251566,-0.015104612,-0.07049666,-1.154255319,0.1084398642,0.0704966603,40,-0.001507394,-0.006849315,0.0120333959,-0.10165057,0.0343030139,0.1155634179,-0.085858298,0.011816159,-0.139011584,0.3608883767,0,1.1528303767,-0.098850116,0.6462029101,-0.133510861,44.775339603,8.9541322746,0.1176968472,0.0,0.0,1,0.031030797,0,0.0,1.2513542795,7.0,-0.006132292,0.076119202,-0.384608212,-1.866963817,-0.09696211,-2.846690526,0.2442480126,7349.4937665,0.0506976226,16.129717965,-0.009297561,0.0056666964,0.0390830845,-0.016742997,0.0316293516,0.0127516342,0.0,0.0009646302,0.0414287077,0.015074946,6.0,16.814409319,0.1093764374,2.0787469322,0,-0.060001469,0.0325124301,0.0127368963,0.0185259998,0.3639288295,4.3933677817,8.046801e-11,9.0663206e-09,0.7792830179,0.6072820219,0.0266146219,0.021619707
16505,1.1969210861,-0.054070058,-12.74045665,0.0010566523,8.1822613627,0.5733276587,0.0326210238,-0.074201049,0.029691547,0.000764038,-0.073702937,-0.030895377,-5.582447116,0.2477731791,0.0308953771,40,-0.001221973,-0.038094056,-0.051040795,0.0579275447,-0.071921023,0.1143816685,0.0237420433,-0.001874133,-0.078402269,0.541848642,0,0.964250257,0.0040891606,0.9492600534,0.004692279,0.9167576212,0.0946370401,-0.004468171,0.0,0.0,0,,0,0.0,0.2319613898,5.0,-0.388189232,0.0012773904,-0.08184409,0.2766981853,-0.446571292,-0.014465589,0.1682355379,-1975.090972,0.0286434127,14.940788253,-0.000118654,0.0023305779,0.0173040413,0.0021919836,0.0768101608,-0.003392009,0.0,-0.004961958,0.3583625217,-0.051455767,4.0,14.972068309,0.0993554205,1.2085165471,0,0.0654744878,0.0244564973,0.0152652805,0.0253923803,0.3221926917,1.5205650666,9.269441e-10,2.0751317e-08,1.0403357454,1.0822984631,-0.073074686,0.03176675
16548,0.4068553683,0.0628711906,-21.27755829,0.0307179686,5.295291146,0.2304618873,0.0272913306,0.0499086925,0.0400827731,-0.017217352,0.0504744994,-0.003216876,-0.284822316,0.0807783086,0.0032168761,40,-0.000151915,-0.015938069,0.0220991641,-0.113181281,0.0135015184,0.113259417,0.0145159985,-6.9226e-05,0.0425998245,0.3687298924,0,0.580374602,0.0715360164,0.5797851183,0.0720490946,1.1159013847,0.0880333945,0.0130936585,0.0,0.0,0,,0,0.0,0.5578561152,7.0,0.0030818675,0.0008677139,-0.059688103,-0.513367533,-0.903125922,,0.0012406674,-2905.212382,0.0286434127,14.895404261,-0.000361609,0.002247895,0.0316509055,0.0006275785,0.0321207497,0.0016173051,0.0,-0.002520082,0.1678162614,-0.01126158,5.0,15.089839723,-0.040984179,1.3605947955,0,0.0654744878,0.0283218585,0.0130163616,0.0182723576,0.3587112393,2.4739793011,5.618057e-10,1.6264492e-08,0.9341376147,0.8726130832,-0.001539796,0.0190608352
49656,0.7908697414,0.05658359,-2.253919442,0.0184276904,7.6399970001,0.3352693433,0.0410534243,0.0293687051,0.0398172638,-0.021030422,0.0322357762,-0.005047307,-0.746786132,0.0988394303,0.005047307,40,0.0,-0.015655577,-0.007568837,-0.153233308,-2.2054e-05,0.9268292683,0.1043214104,-0.000697283,-0.002224756,0.4836174284,0,0.7612508416,-0.038433362,0.7612395578,-0.038433661,0.1060307147,0.2580546648,0.0113104799,0.0,0.0,0,,0,0.0,0.4144720376,4.0,0.0186955216,-0.00023874,-0.059405611,-0.129353159,-0.471081617,,0.0193017891,39868.027138,0.0286434127,17.584628587,-0.000709301,0.0021075056,0.0217663967,0.0001402226,0.3698296901,-0.018520963,0.0,0.0005108557,0.2919962548,0.0090431208,5.0,17.674017601,-0.016805547,1.2284936877,0,0.0654744878,0.0456683561,0.0167628223,0.0185836314,0.2461850074,1.405622201,5.929002e-11,1.7961588e-08,0.992945756,0.9859412743,0.0678936155,0.0196387154
46877,0.1446387924,0.0236002684,8.72168684,0.0053210792,0.2634655426,0.2663424514,0.1989228886,0.0102160243,0.4445855071,-0.032840023,0.1133800671,-0.072135548,-1.241086587,0.0528902449,0.0721355477,40,0.0039472256,0.0692307692,0.0898835875,0.1407593172,0.0459364004,0.3900089606,0.0421550914,0.0199162881,-0.135667082,0.3490699054,0,3.3307842499,-0.065487484,2.7186788155,-0.08055292,3.2985311632,7.3014059754,0.1501778675,0.0,0.0,0,0.0,0,0.0,1.0518149603,6.0,-10.1724198,-0.00745229,-0.013331382,0.1172806493,-0.23261433,0.7565007258,0.1260834874,9364.5667567,0.0318276958,16.559962895,-0.003011518,-0.017312531,-0.051857212,0.0025934023,0.2142023972,-0.005729384,0.0,0.0002146959,0.8495003792,-0.067416855,5.0,16.828486558,0.0198474752,1.5138731661,0,-0.095378135,0.0226731077,0.0104961117,0.0147530986,0.3774247166,2.6407071913,7.566979e-11,1.4899174e-08,0.5197097662,0.2700982411,-0.027219732,0.0238134572
39693,0.5511887938,0.0597600888,9.5362846717,0.0121284112,0.4769721782,0.6256592413,0.0967632651,-0.023444287,0.2454624606,0.0108314632,-0.020531245,-0.031616954,-0.550493193,0.0926576109,0.0316169544,40,0.0003802211,0.0424844147,0.1561426428,0.0895465954,0.0760073477,0.2638302136,0.2793938607,-0.006363503,-0.025951145,0.250489368,0,2.2196084349,0.1548735021,1.4197140594,0.1650927364,27.411672712,4.5743086013,0.2052520353,0.0,0.0,1,0.0046909915,0,0.0,0.4464033208,6.0,0.0162781496,0.1219302408,-0.335274483,-1.42642117,-0.128940171,-2.188381417,0.2284657592,29.603556503,0.0506976226,14.371877193,-0.002515352,0.0161985488,0.0291478384,-0.01325043,0.0316460691,0.047263375,0.0,-0.000832178,1.6067750104,-0.041472905,6.0,14.083971656,-0.073070536,1.1741916257,0,-0.060001469,0.0420168526,0.030695554,0.0246130288,0.5527798307,5.0806762337,1.4914429e-09,1.625921e-08,1.2903886873,1.6651029642,-0.007255431,0.0229794616
42358,1.2092714492,0.0820384509,-1.527818469,0.0,1.4479169508,1.1353524016,-0.531298608,-0.24131824,0.1466496257,0.0,-0.359913855,0.174309355,6.6468725257,-0.463260674,0.174309355,41,,-0.105263158,-0.376128779,-0.222938741,-0.07751383,0.4198361,0.3406027998,,-0.030263569,,0,2.567029891,0.4057682921,,,1.0209099936,7.0423045931,0.1841515512,0.0,0.0,0,1.0,0,0.0,0.4019689551,4.0,-2.222598725,0.06785446,-0.025020112,5.4662076457,-1.425948692,3.0110298353,-1.127851332,-1923.084887,0.0273920116,9.551864142,0.0201935366,0.0587898939,0.1659096342,-0.199217679,0.4120280124,-3.412891011,2.0,0.039882509,0.6957649307,-0.010305635,2.0,6.7733807639,0.1135751885,0.048085055,0,-0.500704589,0.0646153986,0.032988675,0.0446712017,1.3203323428,0.2906810474,5.45945e-05,5.0000003021,0.8828705226,0.7794603596,0.1101411563,0.059021231
27887,0.2042721887,0.0489548866,7.3298747419,0.0280748476,0.4468076778,0.4193869037,0.1317738282,0.0018555027,0.3559859291,-0.001215385,0.0217453834,-0.049009385,-0.652106886,0.0808787053,0.0490093848,40,0.0023172286,0.0819672131,0.0925355528,0.1296362055,-0.022965286,0.1142791446,0.1049805688,0.0414782172,-0.040529363,0.4448565806,0,1.7131744455,0.011396269,1.1241310824,0.0206177053,5.6994871795,5.9475561898,0.1673116321,0.0,0.0,0,,0,0.0,1.0601441569,7.0,47.604669884,-0.045291137,-0.126656027,-8.616130487,0.5934344449,0.3794431682,-8.676473279,34203.517663,0.0248274717,17.007167074,-0.00242538,6.66333e-05,0.0002503756,-0.012358735,0.0976601229,-1.926555609,0.0,0.003652968,0.2805220444,0.0513838064,5.0,17.405321361,0.1935445992,2.2172443202,0,-0.25352422,0.0220285598,0.0086213646,0.0155535906,0.7474990889,13.475907418,3.675098e-11,7.0751139e-09,0.5675312596,0.3220917306,-0.148990216,0.0228901498
29612,0.4685326895,0.0729879744,6.6922592486,0.0269637868,0.4383930119,1.7390362641,0.1356618611,0.0755518978,0.576998866,-0.039891249,0.2992895154,-0.028206622,-0.338176717,0.097670808,0.0282066218,41,0.0192637634,0.0670687135,0.1185762058,0.1170511827,0.0020889022,0.4057081582,0.501062227,0.0262290609,-0.073696627,0.4130060134,0,2.7713079543,-0.035666047,1.6024858742,-0.068244713,39.607902692,7.3120500658,0.2572038638,0.0,0.0,0,0.0,0,0.0,0.9517498263,5.0,26.155591419,-0.006704957,0.0680268044,-0.140811416,-1.4407324,0.3749267924,0.0048904637,-588.2191106,0.0463645568,14.40282399,-0.001084471,0.0169279036,0.0327668724,-0.040119936,0.0464781364,0.0015896645,0.0,-0.001572739,1.4039479542,-0.000103486,5.0,14.554734928,0.1229229501,1.2570613507,0,-0.034541484,0.0285977367,0.0097031123,0.0201619173,0.2926392027,1.7498785869,7.45819e-10,1.8070843e-08,1.0956300803,1.2004052728,0.0267542992,0.0224668792
39642,0.2563063072,0.0248650033,8.6571546814,0.0173518368,0.7032323806,0.3678589406,0.0573376419,1.154736081,0.4437213786,0.0979926208,1.6583716527,-0.052716021,-1.489208633,0.0618941808,0.0527160211,41,0.0236330761,0.6171984715,0.2173810088,-0.208061283,-0.066756009,0.2039408867,0.4882730699,0.0784124689,0.4177716208,0.2198901193,0,1.378248974,-0.497571937,0.9316005472,-0.550878511,7.120498615,6.0768321513,0.1126062847,0.0,0.0,0,0.0,0,0.0,1.0348307936,3.0,-0.854784022,-0.145796021,0.5086715358,0.5570244282,-0.809487978,0.4432431493,0.9959128515,24839.015384,0.0352290716,17.346495909,-0.005382823,0.0066841464,0.024955191,0.0306966515,0.0538404176,-0.064523851,1.0,0.0003769034,0.3054246486,0.0505845044,6.0,17.330530351,0.1206830035,1.0464871522,0,-0.095378135,0.0244298261,0.0089650242,0.0138393876,0.2591702218,1.0463330136,5.579281e-11,2.4309142e-08,0.5747014741,0.3302817844,0.0242859828,0.0209445044
17444,0.6930190978,0.0280444078,-1.199550416,0.0098271058,1.2681622615,1.5018975226,0.0538158876,1.0646810583,0.3689985392,0.0304925723,4.1831678177,-0.028307073,-1.469158879,0.0692460985,0.0283070731,32,0.0923888462,0.2888540031,0.3948778455,-0.124927458,0.1223810242,0.2794469368,-0.077026173,0.2785294595,-0.017275756,0.3904167603,0,2.5504999918,-0.164505595,1.6175924862,-0.193584786,6.3143457181,4.8900757994,0.1175691265,0.0,0.0,1,1.0,0,0.0,0.4796285122,4.0,3.0753278612,-0.184734144,0.1216134728,1.5081735562,-0.431152989,-0.908664609,0.1608949053,-4794.865127,0.0446872923,10.435254836,0.0056271533,0.0079376859,0.0215070685,-0.054862762,0.1259064399,0.0152228215,0.0,-0.019547325,2.0993927589,-0.154043343,3.0,7.9639818512,0.1767364587,0.0847509579,0,-0.101630079,0.0676606074,0.0336632551,0.0300040975,1.6181014027,0.5252476552,2.01013e-05,2.0000001901,1.059157814,1.121815275,-0.088552636,0.0487928652
65875,0.0632713362,0.0495191584,6.4733449224,0.0460978348,1.1268862662,0.6538020921,0.0869164354,-0.151004385,0.2814613751,0.451769392,0.2258201721,-0.082895625,-2.182441558,0.1575918278,0.0828956248,31,0.0005248557,0.0028280543,0.0541600995,-0.070639,-0.034533598,0.1838082426,-0.015365167,0.0356660756,-0.68333505,0.3004331222,0,1.0555515964,-0.597815721,1.0144669327,-0.607835331,11.394154039,9.0790169322,0.1315417612,0.0,0.0,0,,0,0.0,1.8605675147,4.0,-0.19586565,0.0014696483,-0.036970823,4.4721170107,-0.354856287,-2.464853525,0.8800098346,98593.130203,0.0314049921,18.593941823,0.0014627054,0.0167723767,0.3537450723,0.0088795166,0.0172716495,0.0781014252,0.0,0.0002298322,0.1185793801,0.0036808876,5.0,18.734862128,0.159399104,0.8098221552,0,-0.107492679,0.02478192,0.0128994253,0.0136039545,0.2728757047,1.244923831,1.05792e-11,2.7168774e-08,0.564507321,0.3186685154,-0.01709116,0.0197536375
43772,0.3227752273,0.0538559364,45.444203822,0.0246417375,0.4915058084,0.9783490576,0.1068946188,-0.120456425,0.2503771106,-0.036310108,-0.10031335,-0.002330007,-0.037641154,0.055883136,0.0023300066,40,-0.018821276,-0.11315817,-0.136446777,-0.05633628,0.0217702459,0.1487444221,0.003848982,-0.073354095,-0.149453941,0.3812551797,0,2.6751142501,0.0702235076,1.4790195264,0.0399788002,92.218683652,7.6726726727,0.1775800326,0.0,0.0,0,0.0,0,1.0,0.5746082621,6.0,-0.130949087,-0.122255402,-0.090621913,-0.441809705,0.140642465,0.2828880595,0.309256683,-1448.940087,0.0689333745,15.373959102,-0.00037306,0.0174883877,0.0465826936,-0.021033401,0.0227964848,-0.020777544,0.0,0.0002527167,1.200791047,0.091194355,6.0,15.949110477,0.0788518536,1.7753358398,0,-0.105814909,0.0197559651,0.0175663539,0.0166681074,0.5143597735,5.1540866966,2.533369e-10,1.1414633e-08,0.6269374454,0.3930505605,0.1506924299,0.0193942286
17778,0.6490655599,0.0537045876,-1.177022404,0.0,0.7652444305,0.5261979386,0.0694491408,0.085073959,0.0799309592,-0.00063546,0.0872080969,-0.024009091,-0.610809179,0.0865078427,0.0240090909,40,0.000575601,0.0472385624,0.068070237,0.0352100504,-0.054763743,0.0536999796,0.0084341282,0.0421833209,0.0823831628,0.3316080283,0,2.8716903264,0.087014932,2.6172090595,0.1001478176,2.7479888221,5.6570980301,0.100227187,0.0,0.0,0,,0,0.0,0.1600252377,4.0,-0.489286842,-0.053727322,0.0672566309,1.9779527957,-1.318389654,0.7883804991,0.6073362742,98593.130203,0.1654820061,18.593941823,0.0048631232,0.0174342701,0.0383185053,0.0244866618,0.1363453035,-0.033952871,1.0,4.60123e-05,0.6256242797,-0.025045268,5.0,16.748494707,0.111658015,0.0879801735,0,-0.239385698,0.0113710808,0.0069922451,0.0095357533,0.3521351719,0.1000828869,1.125516e-10,3.5253722e-07,0.6316460657,0.3989767523,0.1017528759,0.0141608047
61508,0.6234964387,0.0253503944,0.8587745741,0.0,0.3298798361,0.6206114386,0.0803255205,-0.014020344,0.3949149992,0.0101817424,-0.038221631,-0.054818763,-2.076278913,0.0779848838,0.0548187626,40,-0.009002584,-0.019354839,0.0198575135,0.1263733892,-0.010315671,0.3494739248,0.0196482462,-0.008413327,-0.000716598,0.435375392,0,3.8418013211,0.071467314,2.7875530765,0.0900787952,3.1177392189,5.7595699608,0.2024534908,0.0,0.0,0,,0,1.0,0.6021583905,6.0,-10.03045507,0.0215312104,-0.10191699,0.5961382955,-0.993935118,0.6349096934,0.1511781262,390.57429668,0.0318276958,13.491921424,-0.000862959,0.0049271801,0.007363611,-0.015417607,0.2144007358,-0.023905522,0.0,0.0004467277,-0.863546587,0.0097952297,6.0,6.0500636239,-0.022500101,0.0019512195,0,-0.095378135,0.0265678149,0.0122018512,0.0048767808,0.6026490763,0.0253826265,2.795985e-07,5.0000003021,0.7362324499,0.5420382203,0.0790600403,0.024909947
61946,0.5714030364,0.0552413442,-26.16267595,0.0293896832,1.2205682809,0.588152404,0.0609111198,0.0956663152,0.1054436725,0.0038877278,0.1264252579,-0.047424234,-1.471231349,0.1365141415,0.0474242342,40,0.0006681377,0.0374743326,0.0922661876,0.0223287534,-0.062415065,0.0451556105,-0.043821306,0.0791364939,0.0352789681,0.4531255648,0,0.6971430151,-0.236015344,0.5571251119,-0.179109849,59.876686431,7.3348877847,0.1009750436,0.0,0.0,0,,0,0.0,0.2566213062,5.0,-0.753282887,-0.080074326,-0.221600877,9.2916217492,-11.40714397,-0.5782794,0.0455036524,-5372.826719,0.0257826007,14.950004655,-0.005812295,-0.00235601,-0.007584946,9.7071373e-06,0.0097262209,0.2274779796,1.0,0.0016932753,0.1342752658,-0.002441348,5.0,15.768367877,0.3998130589,2.4961973624,0,0.080304809,0.0221987702,0.0144934268,0.021548825,0.3716857044,5.996937076,4.06196e-10,9.4635097e-09,0.5715424996,0.3266608288,0.1980870607,0.0276026565
65154,0.1806848195,0.0419312359,16.415979306,0.0,0.7294881382,1.0835091458,0.1075055844,-0.027783392,0.391559513,0.0050831325,-0.039033101,-0.056390569,-1.241521715,0.0939897759,0.0563905688,41,0.0082197686,0.0476190476,0.0491053137,-0.061826306,0.0461866271,0.2628305005,-0.095733987,0.037863615,0.0204468912,0.37218752,0,2.5011271276,-0.098092798,1.3735031953,-0.114853037,34.667168122,7.6752776221,0.1249522366,0.0,0.0,1,1.0,0,1.0,1.9560297927,7.0,0.0203423606,0.1949334539,-0.33013985,-1.796925144,0.1317704787,-1.658623269,0.2297979242,-1115.479353,0.0506976226,13.084734151,-0.012095216,0.0161707513,0.1181479305,-0.13414761,0.0343225524,0.0012909842,1.0,0.012567325,0.8925540408,-0.078460598,5.0,13.899905637,1.3566953773,3.0320138169,0,-0.12960608,0.0144927893,0.0038130747,0.0059097906,0.7097184143,17.324348944,6.77062e-10,6.6382263e-09,0.7499726634,0.5624589958,0.6118516222,0.0735604093
19561,0.0943278067,0.0592855436,0.0613737733,0.0240582173,0.9841879224,0.9880415916,0.0840069318,0.0705243733,0.1732514596,-0.054391413,0.1640614941,-0.035567416,-0.626514873,0.0964288184,0.035567416,40,0.0400706762,-0.017220903,0.047781767,-0.101565113,-0.003890747,0.1490869447,-0.012141982,0.0566137509,-0.417478992,0.5062436944,0,1.195144313,-0.054411899,0.3707706684,-0.138638271,6.9326306141,11.461295618,0.0843319014,0.0,0.0,1,0.0261638619,0,0.0,1.0453781513,5.0,3.7661088187,-0.023031493,-0.124705532,-0.415525093,-2.563125428,-0.633969645,0.055330652,81372.497704,0.0588548821,18.268334424,0.0012303973,0.0173696765,0.2720306513,0.023502674,0.099567668,0.0018526964,1.0,0.002978236,0.8345344356,0.0562194712,6.0,18.734862128,-0.122403032,1.8694020459,0,-0.156910843,0.0288201459,0.0103831374,0.0181234664,0.233335201,1.6478225795,1.199206e-11,1.4088253e-08,1.0550223025,1.1130720588,-0.00757362,0.025456496
52230,0.1242036675,0.0387784552,21.743649567,0.0124776862,0.0845986311,0.5951249648,0.3645934119,0.1053472825,1.2669235112,-0.016964195,0.1696043657,-0.022163875,-0.113654193,0.0431857893,0.022163875,39,0.0,0.0714285714,0.1057772272,-0.085869886,0.0082664433,0.4080440889,-0.057579793,0.0144342875,0.0654764947,0.4993092984,0,2.1228162769,-0.029859014,2.1228162769,-0.029859014,16.352153637,7.1387947865,0.57447233,0.0,0.0,1,1.1216566005,0,0.0,2.1443538417,7.0,-10.12056593,0.1370288942,-2.370037577,3.9022264367,-0.645224966,0.6249822923,1.0377580672,3654.7013616,0.0288563477,15.433484021,0.0057799169,0.0561310353,0.0953260896,0.0130273791,0.146809369,-0.000536697,2.0,0.0,0.7670167089,-0.055497918,7.0,16.264852209,-0.222369974,2.3968428026,0,-0.111549313,0.0216850936,0.0321959941,0.0221823371,0.4600086593,7.7375133487,2.45976e-10,7.5711089e-09,1.2502715243,1.5631788844,-0.007688791,0.0219897247
12437,1.2615099303,-0.165925095,-7.880035608,0.0,1.6796172102,2.5505742087,0.0303958014,-0.086165274,0.096007428,0.0031746032,0.1013354281,-0.089850572,-1.671480144,0.111415407,0.0898505725,31,0.0025228023,-0.083333333,-0.045505492,0.1043367793,0.0692678683,0.122418136,0.1531486146,0.0272980501,-0.255040679,0.4228477952,0,2.9556840077,0.0729019413,1.9113680154,0.0491245544,12.635014837,7.8998144712,-0.01271028,0.0,0.0,1,0.0016778523,0,0.0,0.1662539795,6.0,-0.065541368,0.0301933206,-0.060797076,0.4969249983,0.0146505866,-0.076973325,0.364788954,-4219.134087,0.0689333745,13.161719706,0.0005957109,-0.001279591,-0.002911208,-0.257383608,0.0516710642,0.0372702339,0.0,0.0072202166,-0.226452814,-0.127873302,1.0,12.911850218,0.2933420079,0.8292087965,0,-0.105814909,0.1125827506,0.044085227,0.0609705608,0.3853331722,1.0767878956,2.3901618e-08,3.3201327e-08,1.7067911563,2.9131360511,-0.064987588,0.0535411018
60898,0.3660018551,0.0222526523,45.604687842,0.0476125346,0.0690374968,0.3137759657,0.0455552345,-0.066988709,0.1185834012,0.0,-0.055153203,-0.042543582,-0.861585366,0.0414252118,0.0425435823,41,0.0009935868,0.0,0.0151448639,0.8522055668,0.1544877423,0.0614683842,-0.029561496,0.012891398,-0.069188033,0.3797346079,0,0.6940117688,-0.446312622,0.502596054,-0.534251622,25.328587076,148.08907823,0.5528501862,0.0,0.0,0,,0,0.0,0.140619069,6.0,-3.659002567,0.0593859234,-0.123021408,-1.120685612,1.7069639706,1.0438944327,-0.070507879,-1860.555882,0.0768509389,10.892632778,0.0026723517,-0.004616056,-0.005486765,0.0038993376,0.0484448204,-0.040239112,0.0,0.0022377642,-0.553768728,0.0082602249,5.0,8.5562273433,-0.072091403,0.0516995907,0,-0.017965162,0.0163579825,0.0088825011,0.0108205567,0.9198277267,0.1817766153,1.4684375e-06,5.0000003021,0.0250382646,0.0006269147,0.2993917248,0.0248333775
17961,0.6719177934,0.0534573935,-3.203976349,0.0265139873,1.0351828208,2.2170069467,0.0636138902,0.0063847428,0.3008230634,-0.041970724,0.1382270299,-0.070416424,-2.241534791,0.1732840009,0.0704164243,41,0.0017774459,-0.037752414,0.0191978742,0.040726502,0.0656026551,0.1629282361,-0.020230277,0.0014230472,-0.146012843,0.4443549462,0,2.3730379928,-0.173336394,1.2430173432,-0.237470056,16.004307796,8.7784526573,0.1167075014,0.0,0.0,0,0.0,0,0.0,0.6195002037,7.0,-5.558108022,0.0137830243,-0.040153288,0.2004678695,0.1592550125,-0.816010567,0.1619156012,-3185.723654,0.0400118084,13.724976434,0.0016400964,-0.012454745,-0.031643013,-0.003708653,0.0373748519,-0.021960035,0.0,0.0,1.6713056167,-0.10663379,6.0,14.845054318,0.2861597619,2.7694396369,0,-0.131569503,0.0359520391,0.0199479642,0.0255844433,0.5939100552,12.141882352,1.416447e-09,7.8574379e-09,1.2437768913,1.5469809554,0.2070826102,0.0310884501
19393,0.1514755454,0.0204387956,9.6223039677,0.0246305846,0.1913944307,0.1619499182,0.0767673681,-0.12549233,0.334965796,0.0072771377,-0.196523377,-0.031627984,-0.570858283,0.0321064514,0.0316279841,40,0.001714104,-0.107142857,-0.030881904,-0.067679838,0.016697507,0.1876839484,-0.344466209,0.0073849502,-0.019928732,0.3836556639,0,1.7265098688,0.1354294126,1.5421344995,0.1013981613,2.1357094822,4.9436488169,0.1345140307,0.0,0.0,0,0.0,0,1.0,0.8394483305,6.0,47.589577706,-0.030339398,-0.315766097,-8.668927131,0.3283601096,0.8479877996,-8.725245533,92501.464043,0.0248274717,18.593941823,-0.000568012,0.0220942605,0.046683859,0.001498544,0.1703326096,-0.025814194,1.0,0.0010135135,-0.199228558,0.0373213654,7.0,18.34642873,0.0598862639,0.811300338,0,-0.25352422,0.028905008,0.009006844,0.0197325908,0.3736085004,1.4472107422,2.073126e-11,2.9580767e-08,0.7227674772,0.5223928261,-0.006742933,0.0278114752
10874,0.2465540084,0.0410186737,3.1731303761,0.0087761862,0.4131121324,0.8078931899,0.1526440855,0.0749708485,0.3834282187,0.0030841152,0.0455417066,-0.013784668,-0.213955875,0.0497948599,0.0137846683,40,0.017520082,-0.225208585,-0.012553055,-0.07261888,0.0264280887,0.1764066913,0.2455320443,-0.121784759,0.1281779661,0.4884239727,0,2.1862015332,0.2797524685,1.4615042773,0.4193934095,5.892095165,9.9319534282,0.1437908497,0.0,0.0,1,0.0721901377,0,0.0,1.0479583975,5.0,6.9856348127,-0.174097506,-0.363414282,-0.119059398,-0.728555299,-0.308359236,0.042103817,300.48342109,0.0410566741,15.287898887,0.0038447753,0.0232880689,0.0571428571,0.0136966362,0.2142628718,0.0010086363,0.0,0.0006264356,0.7949258577,0.0970560282,5.0,16.210228898,-0.182398737,2.970738489,0,-0.131569503,0.0400661416,0.0205896535,0.0257942332,0.491374478,6.8452655304,2.746598e-10,8.1903701e-09,1.3956033008,1.9477085733,0.0103766473,0.0304735204
55597,0.6384240287,0.0581396426,,0.0097017855,,1.5703598163,,-0.020407612,0.3132342261,-0.024940163,,-0.024103677,-0.444859903,0.0840036384,0.024103677,40,0.0246971781,0.0,-0.034272531,-0.032219652,0.1129277481,0.1725487503,0.0850034784,0.0473156843,-0.01119742,0.4637047341,0,3.7158534007,0.2152052378,1.4825687544,0.0561091165,85.695057034,9.9919311935,,0.0,0.0,0,,0,0.0,0.5194390066,7.0,-0.178737731,-0.023576515,0.0020651918,-0.240550176,-0.340007262,-0.785349848,-0.017355378,-1765.61591,0.0979159386,13.272037209,-0.001881827,0.0094858982,0.015678855,-0.078634708,0.0320692591,0.0217259579,0.0,-0.000333111,0.8420403969,-0.032287559,6.0,13.835608105,0.2098761713,1.4910642971,0,-0.200344257,0.0542949811,0.024233063,0.0439310237,0.3669676509,2.9818746598,5.3574994e-09,1.2971642e-08,1.5992727019,2.5576731751,0.0138366796,0.0413757019
19880,0.5969162673,0.0638717489,-24.39304252,0.0,1.2609444535,2.4070596375,0.0681279941,0.2206924283,0.217095407,0.0968313961,0.2724799587,-0.061890136,-1.639517875,0.1685906229,0.061890136,40,0.0131466721,0.156133829,0.0663653493,-0.082809896,-0.079721098,0.2478695849,-0.141442486,0.0917596634,0.125551994,0.3791184569,0,1.5616599106,-0.01283394,1.4466533041,-0.033597037,191.68722723,3.5378742083,0.1283244698,0.0,0.0,1,0.6913195855,0,0.0,0.5737400956,3.0,-0.379063769,-0.081665503,0.1027807835,0.0166308955,-0.236743378,0.2840938447,-0.127429761,965.78126026,0.1700891678,14.436988579,-0.006951621,0.0022690557,0.0074458788,-0.161753126,0.0022040886,-0.024533913,2.0,-0.004421984,0.5544542644,0.0782116251,4.0,15.256313926,0.4164397694,2.4543623536,0,0.0482077756,0.0514228046,0.0243811739,0.0344735074,0.4300764892,5.1778331464,1.2176124e-09,9.353198e-09,2.2123788261,4.89462007,-0.020146223,0.0435928327
10890,-0.467861017,0.031873739,-1.337940522,0.0018428072,2.5943312521,2.290814084,0.0818171973,-0.064262948,0.3539043825,0.1295454545,0.197611771,-0.030748966,-1.599571734,0.0828580711,0.0307489658,40,-0.003457715,0.0175438596,-0.028959931,0.064437815,-0.040395753,0.6550088915,0.0785113417,-0.017729084,0.5365186277,0.4482900754,0,1.3203367746,-0.121832083,1.273529117,-0.121550354,6.7902083755,5.4196673664,0.0450752688,0.0,0.0,1,0.0549054905,0,0.0,-0.920964008,4.0,-10.14380517,0.0809371729,-2.423922289,2.7815418484,-0.685461852,2.8745464046,1.077430349,-2769.265558,0.0288563477,12.863455805,-0.005045187,-0.004437049,0.0065239551,-0.241158666,0.1397111397,0.0038795077,1.0,0.0529411765,0.7333442275,0.0968550835,4.0,15.201495847,-0.040152774,5.3531170509,0,-0.111549313,0.0665796623,0.0267315778,0.0385276264,0.5105587147,12.321509315,3.0247259e-09,5.0560455e-09,2.0020628117,4.0082555019,0.1238850388,0.0542848159
20117,0.4886485823,-0.006355669,2.1586107784,0.0,0.430219787,0.7087741526,0.0575106005,-0.000662737,0.2440034429,0.015605428,-0.033222265,-0.086275785,-12.47742429,0.0729467076,0.0862757845,31,0.0,-0.222322232,-0.070599383,-0.010018758,0.0091512536,0.4805294891,0.3816241962,-0.097657298,0.0298744832,0.3100808969,0,1.6694716045,-0.374206211,1.6694716045,-0.374206211,5.9302308005,6.0761922348,0.1537823979,0.0,0.0,1,0.9691363602,0,0.0,0.4581339871,4.0,-10.14337117,-0.00163682,-2.663788381,4.2666713516,-0.057841284,0.1119278668,1.0675189856,-2795.233918,0.0288563477,14.346419915,-0.000974736,-0.001038585,-0.001926101,0.0020155447,0.1570984738,0.0537958022,2.0,0.0015182186,0.4071529283,0.0024566785,5.0,14.413745408,-0.273677138,1.074552295,0,-0.111549313,0.0244540032,0.0135313037,0.0210825861,0.3368068953,1.2263807625,1.6980763e-09,2.672207e-08,1.2839903978,1.6486313418,-0.080624172,0.0392325136
45655,0.7875094129,0.0088693733,-0.668001567,0.0292844721,0.2816414534,3.2316865355,0.0729820953,-0.082765945,0.5354121541,0.0064631957,-0.188721163,-0.030091501,-3.798182998,0.0425568763,0.0300915007,41,0.0,-0.050505051,0.0322771609,0.0801278892,-0.030954501,0.5266339066,0.0449198565,0.0101600022,-0.037487514,0.5505064747,0,3.248252719,0.151461292,3.248252719,0.151461292,30.330920484,5.1142282014,0.1263066362,0.0,0.0,0,,0,0.0,0.7635170308,5.0,-10.13542769,0.2904794973,-2.491971199,4.5655321821,-0.649338534,5.3407217854,1.0371291542,-3886.933648,0.0288563477,11.856602413,-0.010235071,-0.053795395,-0.075615909,-0.303203016,0.0781469791,-0.006985381,0.0,0.0105263158,0.8093109989,0.0067484519,4.0,12.167921074,0.3105308966,1.1887752453,0,-0.111549313,0.0514820479,0.0253651505,0.0399751963,0.4544425209,2.774159928,3.3617217e-08,1.993861e-08,1.699520536,2.8883700521,0.0854701433,0.0406606895
64186,0.4037914093,0.0787794266,-8.806441193,0.0004122615,1.687161488,1.3085180308,0.0672863014,0.0287102473,0.0765054476,-0.0589781,0.0311046978,0.0019595036,0.0513796384,0.0747317682,0.0019595036,40,0.0,0.0191780822,0.0782581841,0.0720806942,-0.038488299,0.3914780293,-0.039993576,0.0044537691,0.0195892874,0.2344015672,0,1.9072714353,-0.199016427,1.9072714353,-0.199016427,12.700618407,2.6141060198,0.0606703054,0.0,0.0,0,,0,0.0,0.3683164569,5.0,0.0006933263,0.075171052,-0.044615547,-0.447400504,0.8996451963,0.7903705679,-0.02375203,17021.342482,0.0331128264,17.383181197,0.0008445187,0.0095743191,0.0484499557,0.0181713253,0.0632940308,-0.002320847,0.0,0.0006665679,-0.201559042,0.0230073316,4.0,17.227395813,-0.041543836,1.0165397725,0,0.048781298,0.0296733156,0.0168597057,0.0230398275,0.4877305937,2.7082072924,6.970393e-11,1.727857e-08,0.5336523682,0.2847848501,-0.103869262,0.0293116185
67838,0.9592981156,0.0601799791,-0.261130662,0.0208645698,0.1392083532,1.1111821032,0.1351827519,0.0542967619,0.3733115301,0.0052716514,0.0798204796,-0.053190007,-0.945912469,0.1171049717,0.0531900074,38,0.0206929261,-0.033333333,-0.023138685,0.0263832728,0.013030193,0.3090260071,0.10873271,-0.003611154,0.0506928029,0.6003868253,0,6.5541208399,-0.055159345,4.6832166833,-0.075150071,2.9456311045,7.4442119281,0.6574791162,0.0,0.0,0,,0,1.0,0.4249307975,4.0,-0.147499664,-0.095751146,-0.010797076,0.1947131836,-0.403056222,0.1817266863,0.3704785187,-5606.840487,0.0689333745,12.444163731,0.0024437791,0.0374589683,0.0426864038,0.0226377935,0.1638754678,0.004196436,1.0,0.0058097364,-0.252047587,0.0059844702,5.0,11.887076372,0.0619661507,0.4429683752,0,-0.105814909,0.0169797447,0.0086551796,0.0198455048,0.3445277727,0.5757845599,1.7834912e-08,5.830327e-08,1.1191534031,1.2525043396,-0.010655841,0.0392665666
47626,1.2241977644,0.0849685489,-9.615019024,0.0517657488,4.0926517725,0.9022167204,0.0152131404,-0.028464524,0.0196524111,0.0009713849,-0.039759334,-0.009790706,-0.621621622,0.1377868361,0.0097907059,40,0.0,-0.019189765,-0.02411509,0.1238674739,0.0196863921,0.2813559322,-0.153146501,-0.000174844,0.0113034543,0.1805829104,0,,,,,2.130366019,1.2369146006,0.0222413102,0.0,0.0,0,0.0,0,0.0,0.0743814718,5.0,-0.016728369,0.0411934168,-0.082983394,0.3730058515,0.7823317697,0.2055442028,0.0393030383,790.17512208,0.0331128264,15.960592838,-0.000520357,0.0032350696,0.0145496158,-0.014406449,0.0573961906,-0.003042522,1.0,-0.000286287,-0.162891538,-0.008023506,4.0,14.143806022,0.0183936948,0.1593981071,0,0.048781298,0.0187898148,0.0101968565,0.015380252,0.3240042187,0.2194539022,1.6652044e-09,1.586923e-07,0.8198609286,0.6721719423,6.51046e-05,0.017211793
20336,0.9711004087,-0.010409958,-2.3989812,0.0802062512,1.3585491476,4.4270083259,0.0098282842,0.01487896,0.4282937785,0.0190660403,0.095363709,0.0456576959,7.1399454114,-0.11599668,0.0456576959,34,-0.01494057,-0.022727273,0.0553894515,-0.483683908,-0.130989545,0.4130434783,-0.041009464,-0.008875548,-0.079720017,0.6258640735,0,2.3059486825,-0.151710659,1.9752042343,-0.131448829,7.9872998837,4.4807586172,0.0166329684,0.0,0.0,0,,0,0.0,0.9277493306,1.0,-1.590027677,0.0320404285,-0.335759034,1.0851445783,-0.55106358,-0.776276938,-0.028589854,-4739.35778,0.0278203388,10.12246926,0.0093290431,0.0142012092,0.0334631547,0.277007755,0.237913865,0.0089499655,2.0,0.0362365696,4.1991312225,0.116589648,1.0,9.5356382295,0.3958355605,0.3470139437,0,-0.111549313,0.0306670498,0.0169235892,0.027215471,1.8779371709,0.4376446938,0.0001049881,1.5353556e-07,0.5852711627,0.3425423339,0.6414666947,0.0425259063
62148,0.3104215409,0.0536390163,12.889013455,0.017508532,0.6089573216,0.3526480005,0.1141324685,0.03999119,0.1511232773,-0.01711734,0.028151142,-0.043680111,-0.734820965,0.09305409,0.0436801111,40,0.0006477983,0.0082229475,0.0534674871,-0.019726429,-0.004090166,0.0402672824,-0.004588402,0.0685922849,0.0638176095,0.5206790912,0,1.2206929283,0.1371866481,1.091124822,0.1254836462,13.18314256,11.221434898,0.1426485923,0.0,0.0,1,0.0299558545,1,0.0,0.4061814366,5.0,-0.020284072,0.0041933529,-0.010838486,-0.15245319,-0.086289599,0.3795257012,0.0132415262,2734.8797733,0.198460221,17.076161275,-0.000367839,0.0150102141,0.0438467526,-0.01075268,0.0283992356,-0.002772207,0.0,0.0001226766,0.217553748,-0.066445183,4.0,17.805165606,0.267607857,2.1892519217,0,-0.223194636,0.041616682,0.015227037,0.0239025253,0.2935787274,3.5440459727,4.687576e-11,9.7828937e-09,1.1754815936,1.3817569768,0.1311930638,0.0256549656
28564,0.4867300069,0.044546388,1.5869194397,0.0090261779,0.2807235373,0.6785942328,0.1577083165,-0.048596088,0.3099726193,-0.00497631,-0.089350318,-0.012592951,-0.222494533,0.0544577158,0.0125929506,40,-0.009259585,0.0102810144,-0.013285759,0.0788360918,0.1184914781,0.2376424791,0.0283235906,-0.030991224,-0.023388344,0.5004046366,0,3.00568878,0.2100661397,2.6570228301,0.2386409316,3.0036949475,7.1012936338,0.2480544553,0.0,0.0,0,0.0,0,1.0,0.4938614022,7.0,3.1629801604,0.0566208649,-0.156959516,1.3018844652,-0.807915537,-1.258888665,0.1461065227,-4523.792847,0.0446872923,13.204526825,-0.012214534,-0.00972878,-0.015579383,-0.015392454,0.3084558079,-0.000290677,0.0,0.0,1.3426794686,-0.127379983,5.0,12.466957186,-0.101846534,0.4659686397,0,-0.101630079,0.0346565954,0.013567469,0.0206436018,0.3318607607,0.9723555758,9.6148331e-09,4.731946e-08,1.1750000108,1.3806250254,0.0152491877,0.0257561619
86290,0.3300847017,-0.027900835,3.9241397176,0.0,0.1836786203,0.3156606239,0.0296823365,0.1638649022,0.3148536099,0.0114904793,1.0313045647,-0.094901887,-1.624494745,0.0174239251,0.0949018867,29,0.0298944485,0.1111111111,0.5650861105,-0.676329082,0.1102809368,0.0517711172,0.2518031736,0.0450666803,-0.059600308,0.6332721705,0,2.3190001607,-0.6343995,1.7289824787,-0.622751563,2.3389320632,4.3314763231,-0.137914009,0.0,0.0,1,1.1872561769,0,0.0,0.3924624084,5.0,7.077194971,0.2359079983,-0.027094585,-0.035528705,-1.27296662,0.0744744517,0.0097328822,-4362.339839,0.0410566741,10.771868098,-0.00703369,0.0188223826,0.0256296811,0.0261739233,0.3105316549,-0.00590461,0.0,-0.000692276,1.0268891097,-0.119308574,1.0,9.973270094,-0.334087587,0.390425646,0,-0.131569503,0.0464571975,0.0234773651,0.0442753271,0.529479712,1.2520005419,1.8597404e-07,4.4574704e-08,1.3261041342,1.7585521748,0.0653198683,0.0637191793
46690,0.6260227151,-0.170456752,-1.737993766,0.0284094587,0.8675031142,1.4564920707,0.1008022323,-0.247061704,0.194662096,-0.029884129,-0.141996989,-0.233272803,-2.485119048,0.2531485696,0.2332728035,41,-0.028216231,-0.028921258,-0.212777625,0.0939084211,0.0478616591,0.1323210412,0.0407938615,-0.1043095,-0.364572606,0.4471931707,0,2.3764172336,0.0976120654,1.4761904762,0.0739030023,37.285714286,6.0188679245,-0.082635701,0.0,0.0,1,0.0144329897,0,1.0,0.3820803296,5.0,-16.26694108,0.0024441993,-0.335029359,0.5586886461,11.191565059,0.3035196586,0.5863762731,-3264.123189,0.0238858186,14.92818868,-0.009549461,0.0120519159,0.0301857585,-0.121754823,0.0250406504,0.0060204242,1.0,0.0034854246,1.7640357856,0.1250242415,5.0,15.514751932,0.5202902864,1.5422576216,0,-0.25352422,0.0243799351,0.0129672424,0.0208766958,0.2585244426,1.5559364797,6.551427e-10,1.7300704e-08,1.4388989893,2.0704303014,-0.020669456,0.0262310964
20512,0.7566219662,0.064508832,-7.678351996,0.0,0.9082937599,1.693782783,0.0731865396,-0.030371482,0.3333792777,0.029106383,-0.111565562,-0.029327774,-0.768810175,0.1141038783,0.0293277737,37,,0.0849673203,-0.070446243,-0.038890637,0.0544758304,1.0375889086,0.0901838942,,0.0908361296,,0,1.6924997686,-0.028022869,,,93.695622667,5.5580377586,0.1018201575,0.0,0.0,1,1.0,0,0.0,0.7990629995,5.0,-1.571787238,-0.287749634,-0.228064441,0.8706661357,-0.636484469,-0.865554869,0.2015107043,-2803.287011,0.0278203388,14.662205088,0.0002924448,0.0106327193,0.0233978341,0.0043029684,0.0090478749,-0.002166442,0.0,0.0041908882,1.2125354527,0.1279871432,5.0,15.233409269,-0.108899513,1.8623298655,0,-0.111549313,0.0262371115,0.027584175,0.0243260445,0.401886299,4.9574617019,6.179725e-10,1.2864522e-08,0.7683542961,0.5903683243,0.1040049198,0.0275052784
20750,0.5326162222,0.0482258623,-30.20433655,0.0264027629,1.3265767034,0.5078590102,0.0479549434,0.1160779752,0.0866344704,0.0013615132,0.146665305,-0.034430409,-1.258327752,0.1089098033,0.0344304093,36,0.0002266586,-0.017777778,0.0229343112,-0.168616219,0.0987460524,0.0387680012,-0.000479564,0.0696347434,0.0465465064,0.4348896437,0,0.707945578,-0.154545801,0.6801971466,-0.153891819,30.504875683,5.1121596879,0.0807406606,0.0,0.0,1,0.9954106666,0,0.0,0.2360026455,7.0,-0.742348434,-0.094898227,-0.276852987,9.2528349351,-11.4570591,-1.330883154,0.0178993142,-6565.723939,0.0257826007,14.108115867,-0.001949175,0.011199042,0.0403186975,-0.00721503,0.0224689142,-0.042768613,2.0,-0.006329114,0.2602937112,-0.039825155,4.0,15.281899095,0.3162059047,2.0591500952,0,0.080304809,0.0175898671,0.0083849829,0.018026514,0.3977424682,3.4243318735,1.0328936e-09,1.6441744e-08,0.6503070917,0.4228993135,0.0233557281,0.0281086553
21371,0.2280116047,0.0441736037,0.5324410453,0.0171664747,0.8705698832,3.7369337979,0.0859917437,0.1578381285,0.2266354243,-0.026706231,0.2166870416,-0.047280819,-1.095709571,0.0925750441,0.0472808189,32,0.0336448598,0.0147058824,0.1256752009,-0.085151534,-0.038518392,0.2954847278,-0.0483174,0.0425997772,-0.022652711,0.5060369916,0,1.2614974192,0.0629094984,0.7273096329,0.1364917917,21.782664117,15.59169708,0.0761523967,0.0,0.0,1,0.0063327576,0,0.0,0.8994219653,4.0,-94.83787537,0.5207043639,-0.013763667,0.6370489134,-5.234539867,0.3758187056,-0.073123503,25024.960194,0.1242964792,17.067401459,0.0005834079,0.0127065225,0.0612212276,0.1576732883,0.0986804177,0.000580954,1.0,0.0033845353,0.27737726,0.0408493616,5.0,17.234458568,-0.020901957,1.283738727,0,0.0239123439,0.0338211805,0.0238438247,0.0193244414,0.4950918174,4.8676118784,6.548995e-11,1.5961176e-08,0.7391929278,0.5464061845,0.0257571672,0.021851932
27334,0.3777162268,0.0431161788,3.8708481664,0.0104835524,0.2661486175,0.548844803,0.1342844876,0.0760664186,0.2650730031,0.0162113762,0.0310571372,-0.012190245,-0.17560588,0.0506876333,0.012190245,40,0.0111146352,0.375,0.0886850153,-0.010414084,-0.012682691,0.190023753,-0.170502107,0.0389636416,0.1102160012,0.4052255301,0,4.108873024,0.0075438477,3.2442631311,-0.012181975,4.3842364532,7.2950819672,0.232438084,0.0,0.0,0,,0,1.0,0.448114395,7.0,0.1942812127,0.0957625373,0.3517164562,0.6688998723,-0.068977827,-0.19141985,0.2117425932,-14745.9961,0.0739470786,15.693610248,0.0025817556,0.0258135247,0.0449321247,0.0121756901,0.0869565217,-0.019322181,2.0,-0.001144427,2.4599734387,-0.053844929,5.0,15.982963034,0.2726272682,1.5049513691,0,-0.13824669,0.040540494,0.0115836133,0.0159745354,0.5491574125,4.0469325598,1.841138e-10,1.4859587e-08,0.9143354469,0.8360093094,-0.019137747,0.0190616651
20618,0.6812412457,0.0301597867,-5.035710857,0.0194728435,0.8117966424,1.144068091,0.0501075496,-0.049582993,0.1441046607,-0.053051546,0.0172547,-0.075091391,-3.814310051,0.145198564,0.0750913908,41,-0.014555455,0.0,0.0247123792,0.129247126,-0.175444839,0.0875447387,0.1007636049,0.0130171709,-0.118593366,0.4795585189,0,3.3231915554,0.1979625649,1.2871778951,0.1190365468,31.81,7.3222624137,0.1155368314,0.0,0.0,0,0.0,0,0.0,0.2726849698,5.0,0.9121543856,0.1036022818,0.0254161099,0.8313905679,-0.537418481,-3.39269878,-0.139939807,312.08277269,0.0987435057,14.321358976,0.0002323883,0.0030627344,0.0067124218,-0.064417649,0.010657936,-0.009871159,0.0,-0.001343635,0.5483061554,0.0743577369,7.0,15.320427149,0.2924682619,2.8576416465,0,-0.200344257,0.0474586412,0.0220809274,0.0430533232,0.3706893092,4.7500121806,1.1432338e-09,9.7148113e-09,1.7037027073,2.9026029147,-0.017389926,0.0350980043
30402,0.7995709806,-0.716491556,-10.71660516,0.0,2.327947293,5.2118762035,-0.084764685,-0.135103012,0.3433163387,0.0064077919,0.1830842759,-0.094059148,-0.442639624,-0.399344003,0.0940591482,40,0.0347563255,0.0264778325,-0.069538851,-0.085442579,-0.082045698,0.3575753415,0.0471927311,0.0374230313,-0.514930912,0.4638848592,0,3.9933344955,0.035827575,1.5636863316,-0.09855717,115.90217648,7.318278574,-0.269091512,0.0,0.0,1,0.8718165862,1,0.0,0.6220352766,3.0,-0.250146675,0.1531015403,-0.14329911,0.2159719709,-0.158659907,-1.015221845,-0.658620427,-2022.681692,0.0457306398,11.218253684,0.0032630132,-0.054294988,-0.417960749,-0.954296447,0.0231583753,0.0322879232,1.0,-0.406309072,0.4086553184,-0.104404312,2.0,11.182482036,0.6999713273,0.5587811016,0,-0.034541484,0.1052632257,0.0448084804,0.0824043316,0.606279206,2.0139069003,1.376122e-07,2.9698339e-08,2.1093601558,4.449400267,-0.068513853,0.0999101682
18542,0.3018250874,0.0665976172,-0.189210071,0.02995541,1.222999003,0.9946205435,0.110197731,-0.00253251,0.2188206747,-0.049629834,0.0599362679,-0.051445656,-1.180514208,0.1452170506,0.051445656,40,-0.004953502,-0.036016574,-0.008480667,0.0106208343,0.0399631767,0.1906255655,0.0564529476,-0.001931775,-0.195329393,0.419706841,0,1.394231804,-0.007216759,0.9564156832,0.0154523105,7.3814874264,3.1513905545,0.103963662,0.0,0.0,1,0.0030593147,0,1.0,0.8387871799,4.0,7.1331496764,0.0249892161,-0.17422227,-0.063788319,-0.811220171,0.3101210784,0.1375260077,51031.454491,0.0410566741,17.630583953,-0.001728056,0.0067970137,0.0327053592,-0.067980886,0.0784105155,-0.008239589,0.0,-0.001835985,0.217345626,0.0321555128,6.0,18.503991485,0.2313555338,2.2374919791,0,-0.131569503,0.0398160145,0.0132898518,0.0208660535,0.2696267102,2.8844274095,2.037574e-11,9.9636071e-09,1.2687934978,1.6098369401,0.0028697954,0.0230227499
89792,0.4814660519,0.0358173784,1.9590548813,0.0,0.274345749,0.8521744895,0.0936710879,0.071057606,0.2768162919,0.0015828151,0.0202565909,-0.003871083,-0.078977201,0.0386461347,0.0038710833,30,0.0115350461,0.2333333333,0.0624743362,-0.159429581,-0.010564357,0.0840266595,0.013088427,0.0084114918,0.1023334125,0.4322774453,0,2.6161563402,0.1366500381,1.873737324,0.1730989009,4.9838082674,10.543866178,0.1526655852,0.0,0.0,1,1.0,0,0.0,0.4314454625,6.0,0.4569917013,-0.051104055,0.1746581393,0.2833904024,-2.072242488,0.4763321898,-0.018714408,-1527.734528,0.1172520361,13.57075558,0.0024360611,0.0154318627,0.0247775547,0.0869673391,0.2060137845,-0.020642848,1.0,0.0020561022,0.6613004696,0.219120698,3.0,14.195695824,-0.614385474,1.5216547192,0,0.0957318355,0.0188211221,0.016792861,0.0262737423,0.3800707151,3.0794018794,2.2356897e-09,1.1957724e-08,1.3183382732,1.7380158025,0.1279819911,0.0382822048
64557,0.4938062422,0.0469566108,4.9793356925,0.0288375053,0.8350534937,0.3852339301,0.0677054436,0.0388614041,0.1068462648,-0.000562402,0.0466850382,-0.041988124,-1.166027957,0.1017093318,0.0419881236,37,0.0028267458,0.0008298755,0.1575351459,0.3178984319,-0.159323741,0.0462824021,-0.0011541,0.0441732922,0.0258940094,0.4335444196,0,2.1054127939,0.0824126955,1.5339740085,0.0675224056,23.769121309,11.746550942,0.1119685523,0.0,0.0,0,,0,0.0,0.2365399758,7.0,-0.781031266,-0.054593432,-0.258245334,9.2140249551,-11.43441407,-0.416416961,0.0106988427,-4446.868259,0.0257826007,15.022335798,0.0007795477,0.0125893192,0.0333445167,-0.008049047,0.0048848537,-0.024471954,3.0,-0.000563486,0.4741045668,-0.001280115,5.0,16.094330359,0.0633207135,3.5568199335,0,-0.003764029,0.1294816583,0.0294352564,0.0178681685,0.6978502678,24.739437266,1.52643e-10,3.370296e-09,0.2688735621,0.0722929924,0.2721361102,0.0224005282
60599,0.6676324262,0.0343082096,-58.78200891,0.0547064845,1.560934656,0.8013100097,0.0511005818,-0.031668179,0.1976364725,-0.025906514,0.01526188,-0.086644299,-5.720207254,0.2305582791,0.0866442993,40,-0.000686719,-0.042553191,-0.003536889,-0.009100874,-0.03117027,0.2402213422,-0.013616572,0.0458802402,-0.126112501,0.2289923425,0,0.9127105666,0.0299823108,0.8790199081,0.0362563569,140.8671875,9.0699195171,0.149168101,0.0,0.0,0,,0,0.0,0.5163748473,6.0,-0.120211502,-0.005423315,-0.082352069,5.0764781007,-0.390537298,-3.199897696,0.9529762859,7672.167949,0.0314049921,16.643051262,0.0002566836,0.0041856382,0.0140536094,0.0028738232,0.0072814538,0.0129396676,1.0,0.0035828025,0.3421439002,0.0109441329,3.0,17.428806096,0.3236723753,2.1064794806,0,-0.107492679,0.0152078783,0.0124295346,0.0176346669,0.2248605928,1.7763015606,6.176233e-11,1.3293509e-08,0.8569095021,0.7342938948,0.0767104039,0.0275210917
90011,0.7010652214,0.0491085439,-0.3052704,0.0,0.5904120522,2.325498967,0.0952428131,0.1903908441,0.1262765615,-0.024659618,0.6120835085,-0.068324521,-1.65785099,0.1305231921,0.0683245207,37,-0.005311707,0.1094301563,0.0602881807,-0.424746561,-0.187730304,0.5297354522,0.2680348318,0.0277850727,-0.019824728,0.5214637584,0,1.9929485866,-0.040614576,1.9257374027,-0.024031762,5.1820167611,10.630420708,0.2204185229,0.0,0.0,1,0.0833691767,0,0.0,0.188409707,3.0,0.8029921449,-0.179887731,-0.014940146,0.3656267965,-1.343616562,0.7739054302,0.0979308645,-538.0137893,0.0772902197,14.372070274,-0.00181376,-0.00360895,-0.006763247,0.1882814692,0.2913762428,-0.000849197,0.0,-0.015154249,1.2400459107,0.1308559086,5.0,15.183014188,0.4758736628,1.8281302586,0,-0.045482084,0.0277984664,0.0112855701,0.0227073165,0.2408153944,1.9937327749,5.873117e-10,1.191898e-08,0.7799421363,0.6083097359,-0.028472811,0.0320385561
22921,0.5713392983,0.0190829148,-0.490213595,0.0,0.7156049495,1.1534422456,0.0798121132,-0.076081967,0.3880384193,0.0085647422,-0.093636356,-0.070979658,-4.983931343,0.114190852,0.0709796581,36,0.0108428322,0.0390658174,-0.040157277,0.1751598844,0.0900505057,0.3249815865,-0.060335438,0.0060500842,-0.053111961,0.4350644743,0,2.4713668373,0.0682380001,1.8901620363,0.0252703049,4.8845702649,5.0261160036,0.0835811428,0.0,0.0,1,1.0,0,0.0,0.8823994803,8.0,3.1213256102,0.0102227607,-0.128174713,1.3864937566,0.2747959288,-0.577481492,0.2058396588,-4545.203287,0.0446872923,12.956814628,-0.016012915,-0.006080986,-0.013849608,-0.048481823,0.1501331369,-0.011526604,1.0,-0.004137931,0.4029383067,-0.195412135,3.0,14.846318928,0.6309333953,2.9166507542,0,-0.101630079,0.0099132499,0.0043798028,0.0068778596,0.4946365615,3.6588582922,1.6747539e-09,1.4888396e-08,1.7495159502,3.0608060601,0.1053576294,0.0476440055
64194,0.2528936141,0.0556470615,75.43760968,0.0079870401,0.2289240894,0.8159510856,0.1991972097,-0.037785568,0.4689913069,-0.03952232,-0.081461565,-0.012502046,-0.110373853,0.0617890421,0.0125020458,40,-0.000610162,0.0170584862,0.0303913668,-0.327427092,0.0137183308,0.2905084681,-0.078291533,0.0190567091,0.0054935508,0.1894971474,0,0.9943607095,0.6110559131,0.959226221,0.6019275499,103.04854232,11.686999928,0.3044761638,0.0,0.0,0,0.0,0,0.0,0.9154202589,7.0,-355.6475032,0.0564256873,-0.163318501,-2.106521912,-0.984007759,0.6912355652,-0.075579252,-1251.838218,0.2277833408,14.584924529,0.0030833529,0.0325692462,0.0603455854,0.0124300448,0.0428346394,0.0044912477,2.0,0.0013486177,0.9958406203,0.121960897,7.0,15.228000465,-0.541670942,1.7295403757,0,-0.166303822,0.0172826201,0.0152244588,0.0227479567,0.3425735297,3.0930192299,6.612822e-10,1.3923471e-08,0.4229698808,0.1789035201,0.380054169,0.0277628764
47896,0.9119483635,0.0936114767,-2.84569043,0.0309844438,10.070314185,0.4392022331,0.0393308975,0.0651727106,0.0376977334,-0.011000482,0.0619411743,-0.005945701,-0.681509052,0.1574085455,0.0059457005,40,-0.002086668,-0.039160655,-0.034861518,-0.071499243,-0.015426318,0.3144782925,-0.117433801,-0.002054486,0.0599040096,0.4922624998,0,1.0795011394,0.0477078183,1.0737978638,0.0524692137,0.140228619,0.1387379847,0.0116689385,0.0,0.0,0,,0,0.0,0.4552844716,5.0,0.0313840157,-0.001864526,-0.082910689,-0.008274537,,,0.0778709043,98593.130203,0.0286434127,18.593941823,-0.000958843,0.0027775975,0.0282083705,-0.007543269,0.2548159567,-0.013451089,3.0,0.0045924225,0.1029090754,-0.031490525,4.0,18.734862128,-0.031340234,1.0753234943,0,0.0654744878,0.042341467,0.0144366635,0.0173713004,0.2860560298,1.5928758787,1.091537e-11,2.2174448e-08,1.0183604473,1.0370580007,0.0682088247,0.0200312325
23182,0.4145574055,0.0498205455,-4.709864451,0.0216374003,0.8339502696,0.6885786882,0.0766767234,0.0799346166,0.1139981995,0.5135920315,0.0812493624,-0.049589234,-1.196719495,0.1094417636,0.0495892344,38,-0.005105652,-0.105700713,0.1227262292,0.372560876,-0.030635866,0.0381522902,0.0049439009,0.087508149,0.0772994515,0.4751523314,0,0.6300254846,0.1061642454,0.5517337246,0.1470459117,109.05859204,7.4545182838,0.10733204,0.0,0.0,0,,0,0.0,0.3082651476,7.0,-0.757848484,-0.080548322,-0.364775922,9.1347761184,-11.53000346,-0.361404069,0.0184312746,-7017.789519,0.0257826007,13.72224725,0.0014736594,0.0052728314,0.0145738889,0.0003616332,0.003749348,-0.04617691,0.0,0.0016955539,-0.070450076,-0.043415514,4.0,14.227884048,0.0465175193,1.2930276108,0,0.080304809,0.0133244377,0.0102378804,0.0208622593,0.3106947258,1.4625482974,2.0393964e-09,2.0937178e-08,0.4088735458,0.1671775764,0.1851370739,0.0291510048
88208,0.7049631121,-0.547519561,-0.381966359,0.0,0.7274059591,0.0107382043,-0.793128875,0.4603358805,-0.502572749,0.4688717383,1.394147169,-0.073705569,-0.162430376,-0.458585753,0.0737055693,23,0.0,1.1538461538,0.0,0.4385026738,0.5442007535,0.3222222222,-0.226480948,0.0154802829,0.0412701434,0.5643016718,0,3.7167773263,-0.603284427,3.7167773263,-0.603284427,0.0135648399,2.380952381,-1.046171148,0.0,1.0,1,1.0,0,0.0,-0.770175105,2.0,13.133796843,-0.0345919,0.9452229138,-8.115439564,11.138317965,-0.42660587,-9.215937737,-5500.803237,0.0248274717,10.453601208,0.0,-0.070629324,-0.146607112,0.0,0.453754263,-0.338666667,2.0,1.1243243243,-0.530930843,-0.030820415,4.0,9.7523402177,0.2414094504,0.537611469,0,-0.25352422,0.0745341629,0.0353636573,0.0737407611,0.602644227,1.6786181698,3.668682e-07,4.1522203e-08,1.896033316,3.5949423355,-0.000334503,0.0861123765
14541,0.7352210802,0.0912505406,-2.356335617,0.0375985804,0.5208930474,0.9120216702,0.0313612665,0.0483659306,0.169448243,-0.017743492,0.0629947932,-0.047073853,-0.635829739,0.1492703479,0.0470738525,40,0.0004809736,0.0015479876,-0.091446821,0.1345267241,-0.00844851,0.0916783587,0.0652229091,0.1220911674,0.0396679029,0.4764084338,0,1.3228089958,-0.130815773,1.1190565683,-0.157761346,14.55225123,11.490678776,0.3380918648,0.0,0.0,1,0.0028300316,0,0.0,0.2859576294,3.0,0.194482352,-0.070791709,-0.021735556,1.0264047257,-0.209048889,-0.235780799,0.3103253078,98593.130203,0.0739470786,18.593941823,-0.009452551,0.0076448181,0.0131700599,-0.126226736,0.04931663,0.0027238507,1.0,0.0039300203,-0.048417934,0.0570215159,6.0,18.734862128,0.3143803597,1.0706803162,0,-0.13824669,0.0238345694,0.0120331982,0.0166298909,0.1851128813,0.7102475814,1.386017e-11,2.5200239e-08,1.152957117,1.3293101137,0.0146242723,0.0235915761
30509,0.8662873189,0.0656925856,0.1186263911,0.0364136156,0.108601421,1.2497408643,0.1230708175,0.0288027844,0.3392406862,0.0,-0.01795496,-0.014179431,-0.207479508,0.079322451,0.0141794311,40,0.0098380744,0.0042553191,0.0004579988,-0.028580114,-0.041036544,0.1161059018,0.1057148509,0.0623290834,0.0349804994,0.6554609914,0,8.5330188679,0.0678293276,6.0981132075,0.0526081786,5.9038155803,6.549382716,0.9872562567,0.0,0.0,0,,0,0.0,0.3840617587,4.0,-0.027204928,-0.005389787,-0.373503578,-1.111322645,-0.649308007,-2.250421404,0.2151305993,-1957.764293,0.0506976226,10.079967109,-0.000742917,0.0141566265,0.0161542868,0.0009109731,0.2435466877,0.0020343672,0.0,-0.004886128,-0.375496486,-0.0086552,6.0,8.4706465244,0.1075638157,0.3371290545,0,-0.060001469,0.02319807,0.0095508994,0.0146140785,0.9812317064,2.5389350513,3.7968617e-07,4.0000000428,0.3206099513,0.1027907409,1.9889669108,0.0419902595
23297,-0.022463463,0.0563144076,54.928881914,0.0204830939,0.4335605857,0.8595661643,0.2248723884,-0.036717331,0.3989490166,-0.061540606,0.0608212902,-0.117490758,-0.874032762,0.1055350448,0.1174907577,32,-0.000415517,-0.046234663,0.0333256237,0.0596997094,0.0294214437,0.1407323719,0.0925645549,0.0455728014,-2.243541383,0.4548975466,0,0.4533532469,0.0021744046,0.3983081427,-0.008309296,54.467045228,64.443161329,0.2324637991,0.0,0.0,1,0.0385342363,0,0.0,7.0684064848,7.0,-0.012063119,0.0638595952,-2.727180435,-0.329017485,-0.5367934,0.1313906036,0.0399109045,-1080.264995,0.0775320588,14.788255807,0.0003183827,0.0231266971,-0.423234769,0.0162738795,0.0426164583,0.0775124219,0.0,0.0001898614,4.0295328075,-0.05613022,7.0,16.076029655,0.2007909239,4.592960224,0,-0.101596569,0.0228644852,0.0179235278,0.0223152946,0.4887332556,19.537142869,1.577676e-10,3.6937628e-09,0.5526850269,0.305460739,0.1376662071,0.0277156311
23393,0.2000005496,0.0393835232,16.375818251,0.0159380047,0.216890077,0.313774115,0.1602708233,0.0285466113,0.3619268963,-0.040391465,0.1631372149,-0.029255873,-0.305387775,0.0514107698,0.0292558732,39,-0.001064692,-0.007661001,0.0323388536,0.054446667,-0.022447592,0.1441090555,-0.033688602,0.0116909642,-0.0860907,0.2551863146,0,1.1405059096,-0.334381208,0.8688832431,-0.346103354,7.7957446809,10.212449675,0.2371729848,0.0,0.0,1,0.1254381572,0,0.0,0.6581155702,5.0,47.621842439,-0.030555594,-0.216284241,-8.620402126,0.3995149218,0.7738221145,-8.705941214,4962.105163,0.0248274717,16.291198766,0.0018493689,0.0284754742,0.0610671536,0.0018197844,0.0499312438,-0.013990245,1.0,0.0001191895,0.1849737478,-0.027514849,6.0,16.545874969,0.0162346687,1.4990675082,0,-0.25352422,0.0164894406,0.0093345999,0.0151433301,0.41853899,2.6681448737,1.202002e-10,1.8047348e-08,0.4600350949,0.2116322885,0.1774614388,0.0161307884
79026,0.4204004176,0.0278406776,0.6799140435,0.0104169069,0.9971120935,0.4909272915,0.0420156795,0.7454278427,0.1878017631,-0.026521061,1.5642390713,-0.051319112,-2.05496473,0.0850522881,0.0513191121,30,0.0,0.8557692308,0.0489000096,-0.737516812,0.0321314861,0.1146569463,0.1142143196,0.0444396459,-0.006793523,0.206677784,1,0.7236923648,-0.03994304,0.7236923648,-0.03994304,8.6960138722,7.7595899188,0.0993298653,0.0,0.0,0,,0,0.0,0.3307585675,4.0,3.6813479555,-0.526279823,0.7850431268,-0.902945731,-0.48046327,0.2409792156,0.0052660457,-531.8152394,0.0889184991,14.622286244,-7.2058e-05,0.0018281941,0.005556312,0.0452089171,0.0349685774,-0.064363843,0.0,-0.000448397,0.9449981691,0.0168084698,5.0,14.795527704,-0.310832006,0.9331297283,0,-0.017965162,0.0154570993,0.0148147469,0.020244724,0.4019529474,2.2271397951,9.630088e-10,2.5889467e-08,0.6449585988,0.4159715942,-0.071651116,0.0224039663
47677,-0.467861017,0.1132322623,10.690055959,0.015576925,3.6968236733,1.9144639896,0.0715510904,-0.136477958,0.2765624259,0.00543319,-0.113433908,-0.050725745,-1.317460317,0.2624112744,0.0507257448,40,0.0006111536,0.0689655172,0.0169464556,-0.065094888,-0.067606172,0.2693426411,0.5093888042,0.0680017083,-0.034983253,0.3578446997,0,0.8213762811,-0.16815616,0.7603709126,-0.149307861,22.075993092,7.6310447761,0.1169414721,0.0,0.0,1,0.3827780915,0,0.0,-0.537526361,6.0,-0.073569277,0.129007477,0.0291666394,3.2437216426,-0.464358528,-2.975274744,0.9848292813,-14162.08067,0.0314049921,13.595203687,0.0219707057,0.0525304716,-0.196530359,-0.002443585,0.0173948774,0.0962813866,0.0,-0.009615385,0.3292789853,-0.027612621,3.0,13.522206603,-0.085862745,0.7954562405,0,-0.107492679,0.0310077854,0.0160730061,0.0249512931,0.3312593358,1.0039595022,5.5790146e-09,3.1029431e-08,1.5668642898,2.4550637025,-0.031685964,0.0401602425
27422,-0.467861017,-1.190958076,3.3870181506,0.119866142,4.4766710902,4.225707719,-3.536731021,-0.450988474,-0.609744016,0.0007901989,-0.214713993,-0.529527965,-1.049680241,0.3280071156,0.5786463093,40,-0.01049988,-0.245446904,-0.187598833,-0.829450685,-5.899830428,0.3562089194,2.4859950082,-0.293245629,-1.40511783,0.5215898546,0,1.5114750678,0.0517347347,0.9670352598,0.1019491649,15.894465452,10.430182721,-1.206943309,0.0,0.0,1,0.0693266996,0,0.0,-1.539395302,4.0,-1.833602697,0.1195252669,-0.243381712,-2.855424994,-0.946974927,-1.957755859,0.2266480992,-1389.0322,0.0979159386,13.773374655,-0.018186731,0.0208860274,-0.028329348,-0.954296447,0.1189522342,0.7900129756,1.0,-0.053278689,0.5671568466,0.0488737342,1.0,15.62446976,1.3574927177,9.0544073349,0,-0.200344257,0.2505800426,0.0810593977,0.1106003753,0.8403576514,53.687106645,1.6025989e-09,1.6697054e-09,2.4453785275,5.9798761427,0.058534735,0.1001585118
46578,0.0088201691,0.0452968007,28.838817487,0.0292261536,0.3024271548,0.422695393,0.2575356954,-0.022076092,0.6167214655,-0.001413087,-0.014132554,-0.06364284,-0.442244224,0.0653290493,0.0636428402,41,-0.000237473,-0.06097561,0.0114469683,0.0608975178,0.0269081127,0.1840958606,0.0161675467,0.0007045561,-0.233766234,0.3493780019,0,1.0170818505,0.1942509471,0.7430604982,0.2062766066,14.803664921,10.895953757,0.1901840491,0.0,0.0,1,0.0033296337,0,1.0,7.0684064848,7.0,-16.08924858,0.1153508132,-0.36708371,-0.0585139,11.272800757,0.7320910872,0.3985567527,8143.1306113,0.0238858186,16.601171158,0.0043373494,0.0415465898,1.0433494835,0.0025539561,0.0935286935,-0.016678649,0.0,0.0012118065,0.6582819255,0.0159665397,7.0,17.29020618,-0.125045598,1.9456136282,0,-0.25352422,0.0108973803,0.0098465547,0.0145128434,0.2616575979,2.152331559,4.673528e-11,1.2194979e-08,0.2208081462,0.0487562374,0.1679794516,0.016826964
11995,0.2249519905,0.0384139378,-13.13895987,0.0113524127,1.4409612791,2.139596549,0.0635206682,0.1229630233,0.5999548645,0.0022700249,0.1573492221,-0.044698276,-1.931141162,0.1125966744,0.0446982761,40,0.0064616098,0.0895522388,0.0639956231,-0.11207855,0.0038697787,0.152366757,-0.085921516,0.0746139187,-0.040304202,0.2644500047,0,1.2619866327,0.1016157042,0.9509321959,0.120420348,192.01418362,10.714051706,0.0843692399,0.0,0.0,1,0.1057658089,0,0.0,3.8479563036,6.0,24.398104993,0.005487248,0.0030050459,0.0305558076,0.0756200248,0.2501052555,0.115932654,-10141.29065,0.0457936334,13.944836614,0.003406372,0.0149433535,0.1209987499,0.089671751,0.0236672245,-0.019859452,0.0,-0.000775675,0.4325117919,-0.167760033,3.0,14.437592115,-0.834932359,1.852728376,0,0.0957318355,0.0256694257,0.0136108582,0.0246530776,0.4558749689,5.182381588,9.71301e-10,8.9729687e-09,0.8221736784,0.6759695575,0.0716094322,0.0368451817
11308,0.1644853551,0.038506499,5.138293887,0.0290236362,0.3334300426,0.2495381716,0.1276620024,0.0218533119,0.3332741103,-0.008178101,0.0856133534,-0.038631795,-0.495491688,0.0575861492,0.0386317952,40,-0.001944222,-0.010719755,-0.018269518,0.0652519266,0.0074590636,0.1301168592,0.0206808338,0.0005441119,-0.086003678,0.3737385762,0,1.0189040588,-0.094788501,0.9231482053,-0.083966363,2.1221683968,10.299596955,0.1524767736,0.0,0.0,0,0.0,0,0.0,0.8901516293,5.0,24.368116133,-0.027720076,-0.097266948,-0.029910828,-0.354141357,-0.07900569,0.0609221289,98593.130203,0.0457936334,18.593941823,-0.0027618,0.0154910304,0.0509888099,-0.003151531,0.2448606571,-0.141516155,0.0,0.0,0.4507976257,0.0296673477,6.0,18.734862128,0.0125092229,0.746390153,0,0.0957318355,0.0201557744,0.0136136649,0.0133327317,0.3898327611,1.9701136601,1.159289e-11,2.8417766e-08,0.4752424041,0.2258553427,-0.009465825,0.0188213151
24441,1.1079435882,-1.190958076,-2.056552106,0.0,1.8189042489,1.2033907596,-1.227951104,-0.450988474,-0.455625095,0.0052604455,-0.168336635,-0.529527965,-1.045789197,0.1001850794,0.5454666059,36,-0.008746429,-0.050330452,-0.147792073,-0.589943688,1.8276898442,0.2294079163,1.1723125346,-0.293245629,-0.661776747,0.5392237415,0,3.3778223956,-0.08080985,2.4419860028,0.0123423873,2.3471153101,5.43736369,-0.934282274,0.0,0.0,1,0.0508679776,0,0.0,-0.786531235,3.0,74.77710871,0.0378593557,-0.114679874,0.2618479385,-1.641733377,0.7418959833,0.2745852188,-216.4362131,0.1121772916,14.031095985,0.0028549142,-0.007959034,-0.019542362,-0.021714881,0.1169677365,2.6550764089,3.0,0.024822695,0.0002744882,0.0301126912,2.0,15.552904785,1.3574927177,5.7371098009,0,-0.172615822,0.0887097195,0.0385436351,0.0667453061,0.4307548528,9.4435796447,1.2212565e-09,3.8773563e-09,1.5891155628,2.5252882719,0.3177948961,0.0843651365
24476,0.6074152715,0.0582759223,1.0512941032,0.0,0.1315851091,0.6120234083,0.1629900285,-0.030447029,0.3679149468,-0.039278557,-0.04004429,-0.048822296,-0.628839535,0.0949221261,0.0488222964,41,-0.014092206,0.0265978563,0.0098422051,-0.034548285,0.0523185439,0.3226999854,-0.042409789,-0.010429518,-0.02834262,0.5907518605,0,5.5530713954,-0.043424124,4.2756221503,-0.017549503,2.4652012964,5.3916443823,0.6215270188,0.0,0.0,0,,0,0.0,0.4485297975,6.0,-0.761237265,0.0242183613,-0.081929079,0.9081333925,-0.86870305,0.3663963612,1.0289407968,-1800.756976,0.0352290716,14.631742799,-0.000119074,0.0273816258,0.033542024,0.0032627622,0.3359471674,0.0305827446,1.0,0.00511883,0.9885735035,0.1229857858,6.0,15.286804254,0.8199138889,1.9481859597,0,-0.095378135,0.0348458439,0.0151567041,0.0250651177,0.3912890537,3.9543120425,5.757578e-10,1.1212468e-08,1.458495912,2.1272103253,0.0954825774,0.0351429775
30648,0.8081121286,0.0190851679,-0.59804553,0.0199584738,0.3328047707,1.0902357206,0.0619485653,0.0098285291,0.3651522915,0.0244019139,0.1028256181,-0.039879523,-2.372407883,0.0643629708,0.0398795231,40,-0.009887057,0.1428571429,0.3478487667,0.1357684507,0.1313584574,0.4246876373,0.142232857,-0.020910594,-0.024063833,0.4934432713,0,3.0885367993,0.0084920291,2.2899371702,0.0925961062,4.6269156024,4.5260163485,0.1996051811,0.0,0.0,0,,0,0.0,0.4982303681,7.0,-9.88219056,0.2332957265,0.0602949913,0.7807539854,-1.639971978,1.0122624454,0.1375562133,-2808.370103,0.0318276958,12.635803775,-0.00290389,0.0039640239,0.0055818738,-0.093396498,0.2728746474,0.0250251034,0.0,0.0081135903,1.2332682054,0.1856595594,5.0,12.210930636,-0.288166771,0.6016397758,0,-0.095378135,0.0478821807,0.0228521509,0.0303659619,0.3995776118,1.703998624,2.7047067e-08,3.5382769e-08,0.7840456356,0.6147275587,-0.171136327,0.0436842495
14055,0.1175794984,-0.076998582,1.7315058241,0.0,0.2640138343,0.0609075566,-3.195326279,-0.257257593,-0.000911039,0.0153071638,-0.204524895,0.1186565714,0.6898820236,-0.13011852,0.1186565714,2,0.0,0.1868131868,0.0471161227,-3.701815015,-1.064594419,0.2801724138,-0.056400455,0.0031466803,-0.353490459,0.9675098853,0,6.2473408395,0.2155251137,6.2473408395,0.2155251137,0.1705379237,5.553699284,-0.251034782,0.0,0.0,0,,0,1.0,-0.00257361,2.0,47.045701554,,-0.021810053,-8.702823178,2.5966001158,0.1927559718,-8.887470504,-4897.873477,0.0248274717,12.836401394,-9.2958e-05,-0.11708381,-0.528600117,-0.028696598,0.9492398713,-0.082920895,0.0,-0.001808318,-0.521091596,0.0440734823,2.0,13.137554235,-0.214755234,1.3290316192,0,-0.25352422,0.1558773369,0.052594771,0.0745953054,0.6474067009,4.5996655154,2.8627029e-08,2.4027314e-08,1.7902076947,3.20484359,0.1879717224,0.1169089567
18729,0.0182512575,0.0347491191,42.606984701,0.0207219518,0.1924591119,0.2753947388,0.3395641241,-0.030051888,0.7601614298,-0.014386698,0.0647266314,-0.08179989,-0.512844037,0.0525699976,0.0817998903,40,-0.00314615,0.0080213904,-0.008208955,0.0174634164,-0.001833278,0.1083333333,0.0075740319,0.0008648025,-0.503253796,0.3988010996,0,1.2323872276,0.1424244934,0.8821591485,0.1608040606,13.403413499,10.838770389,0.2239685658,0.0,0.0,0,,0,0.0,4.5180043384,6.0,47.617330922,-0.042913605,-0.20060185,-8.802151418,0.4786950272,1.1867624129,-8.704781987,57188.037323,0.0248274717,17.963914472,-0.000219218,0.053147877,1.0433494835,-0.006676193,0.1173044312,-0.019969568,2.0,-0.00015758,0.4218435852,-0.018607485,7.0,17.722764542,0.0834367444,0.793019103,0,-0.25352422,0.0266917646,0.0092166781,0.0126399045,0.2468048684,1.0600267802,2.499329e-11,2.6213863e-08,0.5580092335,0.3113743047,-0.082903154,0.0158420907
61735,0.2474729215,0.0526129465,2.0565104167,0.0102815565,0.8715219716,0.4536313102,0.0672678275,-0.015834187,0.0857822882,-0.068839375,0.0491929634,-0.008163537,-0.175375805,0.0618399843,0.0081635373,40,0.0,0.0470807207,0.0194667795,0.0132513099,0.0347684429,0.7764705882,-0.032774433,0.0007272487,-0.193247391,0.109525225,0,1.0538830425,-0.005426113,1.0538830425,-0.005426113,15.68359375,4.1334934798,0.0881031927,0.0,0.0,0,0.0,0,0.0,0.2872928177,6.0,0.0547592856,0.0768092706,-0.0569376,-0.044555752,-0.906291868,-0.370161213,0.0230380964,20699.052012,0.1865376934,17.142281979,-0.000901932,0.0101017019,0.0461081588,-0.005685967,0.0287804161,-0.001450598,1.0,-0.000225708,0.140278098,0.002454733,5.0,17.395368422,0.1582945707,1.1320564795,0,-0.012367651,0.0189996026,0.0104125776,0.0129828507,0.4025975192,1.9435008147,7.0332e-11,2.4263921e-08,0.7543483293,0.5690414019,0.0391034126,0.0203208979
89525,0.3575874546,0.0568492889,7.1111029854,0.0157387053,0.7137027975,0.4665644209,0.0977158353,0.0033120714,0.1458318903,-0.025122106,-0.01491601,-0.053842189,-1.022076372,0.1149536039,0.0538421886,40,0.0,0.0220588235,0.063689933,0.0723160309,0.0131186963,0.2590702032,-0.017830661,0.0248657226,0.0397877461,0.1606095808,0,0.7771970132,0.0442877381,0.7771970132,0.0442877381,15.24268617,10.880398671,0.1547053579,0.0,0.0,0,,0,0.0,0.4052353336,8.0,-0.159805941,0.0157935884,-0.017740054,4.7664331291,-0.512209214,-2.413656089,0.8373716108,98593.130203,0.0314049921,18.593941823,0.0051244372,0.0125004697,0.0380916031,0.0134366303,0.012770669,0.009759033,0.0,0.0001758087,-0.123059085,-0.000566028,5.0,18.62304532,-0.113931747,0.9893101757,0,-0.107492679,0.0175036751,0.0075040656,0.0164524748,0.2959889058,1.2856952884,9.180038e-12,2.3673509e-08,0.7535176898,0.5677889088,-0.013118032,0.0229157765
25081,0.8827405307,0.0707194184,-9.674147593,0.0170537552,7.3686533252,0.3122149027,0.0236378903,0.0607570485,0.0382663621,-0.018019352,0.0639528877,-0.000684437,-0.077571669,0.0762052417,0.0006844372,40,2.97581e-05,-0.009992397,0.0030651341,-0.066621976,0.014879401,0.2312030075,0.1256933317,-0.000919864,0.034810569,0.5879911837,0,0.9408377692,-0.023314508,0.9405768361,-0.02333806,0.4312304398,0.054542803,0.0119470725,0.0,0.0,0,,0,0.0,0.3489444988,6.0,0.0068938563,0.0004943828,-0.053742431,-0.03748237,-1.083657682,,-0.0033324,2886.7671384,0.0286434127,15.866546178,-0.000145165,0.0019443849,0.0180778945,0.0079659066,0.1013913141,-0.008285975,2.0,0.000729927,0.1401434085,0.0102813784,4.0,16.920323698,0.1100179645,3.9682033947,0,0.0654744878,0.0420420505,0.020423259,0.0330536888,0.4768377788,8.9186585255,1.41151e-10,5.1043537e-09,1.1672427335,1.3624555988,0.1024460164,0.0257868829
25129,0.5209284217,0.0623934001,-17.89305938,0.0210456218,5.1630277564,0.2613198276,0.0314941583,0.0399723717,0.0450187838,0.004739139,0.038470078,-0.004210315,-0.378530987,0.0860112354,0.0042103147,40,-4.8825e-05,-0.004704439,0.0301133385,-0.017815094,-0.004747586,0.1182073988,-0.014598279,0.0003063449,-0.011414331,0.3910831309,0,0.6376586856,0.0061520308,0.6373775158,0.0062606291,0.9959817101,0.0969082022,0.0143026172,0.0,0.0,0,,0,0.0,0.4698521968,5.0,-0.018780046,0.0010421055,-0.048454473,-0.399294479,0.0612829417,,0.0064735942,-1303.263462,0.0286434127,15.324106029,-0.000139594,0.0027255622,0.0279715194,0.0011877953,0.0191403846,-0.000600228,0.0,-0.000511414,0.8342360728,-0.051532144,7.0,15.398081932,0.0128216583,1.0575188853,0,0.0654744878,0.0279783774,0.0131507015,0.0185114628,0.2506665183,1.2702457584,4.609555e-10,2.0758387e-08,0.8938643926,0.7989935523,0.0144765661,0.019050312
70519,1.2227164219,0.0447061001,-4.498043644,0.0038686208,9.9648155365,0.5535366917,0.0185408397,-0.020129952,0.0166987346,-0.001757865,-0.026139481,-0.020478056,-5.211073137,0.2776728575,0.0204780559,29,-0.002298201,-0.039840637,-0.021298207,-0.000821258,-0.046702149,,,,0.0124746332,,0,1.7170356347,0.0314740528,1.4227327855,0.0229975284,0.2739914994,0.1167690108,0.0065990183,0.0,0.0,0,,0,0.0,0.1184305747,4.0,-73.67293583,0.0043975084,-0.083072699,0.4566678411,-3.427604052,0.811926803,-0.200784945,98593.130203,0.1473165608,18.593941823,-9.9318e-05,0.0023510826,0.0195998906,-0.009344486,0.1816898885,,0.0,-0.000604717,0.2514388906,0.0295067341,4.0,18.734862128,-0.127522566,1.6938886767,0,-0.258063742,0.0560858808,0.0183902813,0.0230372359,0.2766773887,2.1075846708,1.505377e-11,1.4026184e-08,1.3107657573,1.7181068706,0.0305118641,0.0223302118
25452,0.9465489258,0.0215895024,-0.507333697,0.0614233446,0.1569805507,1.3102363071,0.0444561052,-0.031361981,0.4301430462,0.0119256401,-0.043256656,-0.100186931,-5.203873598,0.1339385436,0.1001869306,34,0.0196154431,-0.030201342,-0.093275967,0.3024536635,0.0411910817,0.1367267118,-0.065064622,0.058541721,-0.029360655,0.5480716152,0,5.379453636,-0.159508588,2.9854559446,-0.284674666,6.4924209378,8.6040176313,0.3046235048,0.0,0.0,1,1.0,0,1.0,0.5025163052,6.0,-10.10255603,0.0543066737,-2.471667491,4.724571695,0.2516217197,-0.245870298,1.1285108216,-4143.544058,0.0288563477,10.962917254,-0.017635532,0.0131596478,0.0162502848,-0.016285131,0.1086491365,-0.034061479,2.0,-0.005647705,-0.261768513,-0.010293798,5.0,9.3178710182,0.0710159769,0.2044228084,0,-0.111549313,0.0554648712,0.0258535722,0.0390305953,0.8702372959,1.0287737455,3.5122941e-07,8.8211162e-08,0.5464751922,0.2986351357,-0.004285248,0.037613124
25487,0.0948444689,0.0349426991,2.0867819381,0.0,2.3253296553,1.2101583737,0.0593491927,0.0420658315,0.25,-0.008060808,0.0509894927,-0.140378312,-9.526530612,0.3678253914,0.1403783117,32,0.0,0.0344827586,0.0690437193,0.101353897,0.0241356577,0.1861236524,0.0370036942,0.0447678703,-0.137483787,0.4111992457,0,4.0914634146,2.3001104085,4.0914634146,2.3001104085,11.419919246,14.165275459,0.1423767168,0.0,0.0,1,0.6879562044,0,0.0,4.6420233463,7.0,0.0332169752,0.0148339055,-0.082219593,-0.474173336,-0.14090175,0.0741702584,0.096247013,3940.4041173,0.2350454299,14.680100896,0.0007651946,0.00902005,0.3087248322,0.0079334857,0.0309491059,-0.974000464,2.0,-0.001602564,2.8685065096,-0.065106378,3.0,16.479280915,-0.419820188,6.9227310052,0,-0.151944756,0.0758928955,0.035469217,0.0471237068,0.278954952,8.2848891034,4.298264e-10,3.7621863e-09,2.0019328869,4.0077352838,0.0199393836,0.043008795
25778,0.3960778692,0.0570352132,1.5962028638,0.0312637465,0.3769957176,0.3001038006,0.1450764526,-0.086301598,0.3025965379,-0.007377946,-0.169407384,-0.014959774,-0.212345679,0.0691463942,0.0149597739,34,0.0,-0.086614173,-0.056035437,0.1289645626,-0.001751554,1.5952380952,0.1046836575,-0.00491012,0.0098743268,0.3101375353,0,1.3570456093,0.1674342793,1.3570456093,0.1674342793,1.5199714693,6.536809816,0.2054237288,0.0,0.0,0,,0,1.0,0.6389587074,6.0,-10.1353912,0.0931579683,-2.528080322,4.1741006384,-0.999314524,0.3112223994,1.0637186722,9967.3312716,0.0288563477,16.320023517,0.0001758706,0.016064257,0.0300017443,-0.006241274,0.2256494997,0.0022173405,0.0,-0.001465201,1.1188898176,-0.01593904,5.0,16.63417389,0.2016852839,1.4895894568,0,-0.111549313,0.0125744892,0.0094921372,0.0146762795,0.2285886715,1.6443028936,9.645758e-11,1.5186631e-08,1.0759508302,1.1576701889,0.0550144365,0.0208482972
40125,0.32243816,0.0023181107,0.2969978265,0.0144605953,0.8005208958,1.3437315037,0.0392569659,-0.104311177,0.2317148125,-0.046698862,-0.025923439,-0.130801297,-33.80952381,0.1581834589,0.1308012969,41,0.0,-0.113924051,-0.063471303,0.0778842603,-0.228262459,0.6171825648,0.231333781,-0.053297041,-0.253323108,0.4547338496,0,1.3621216329,-0.162106416,1.3621216329,-0.162106416,5.8021925643,5.1384550443,0.1358100293,0.0,0.0,1,0.1218130312,0,0.0,0.6367586912,4.0,-10.19069071,0.0808689905,-2.5553902,4.1004609293,-0.907556283,5.8541623052,1.1527557368,4824.6798816,0.0288563477,15.335933602,-0.002459094,0.0091933571,0.0311036789,0.0851817545,0.182263058,0.0185662974,3.0,0.0014662757,0.943325124,-0.005779053,4.0,16.123069093,0.1338658272,2.4164437298,0,-0.111549313,0.0106156645,0.0082157679,0.0172264363,0.3790010363,2.9017678641,2.133623e-10,1.2638764e-08,1.0579375586,1.1192318779,0.1435270131,0.0266056121
26084,0.7676596446,0.0716010068,-0.642282806,0.0250984012,0.4139022452,2.7206168838,0.1605892222,-0.020839186,0.4804879867,0.0001318739,-0.012527026,0.0210991608,0.351884058,0.046405754,0.0210991608,35,0.0,0.027027027,-0.061493523,-0.092714786,-0.022578385,0.4378036214,0.2903932918,-0.009986757,-0.025263084,0.5515823556,0,2.5711529732,0.0806135066,2.5711529732,0.0806135066,9.6242964123,5.656334949,0.2212939818,0.0,0.0,0,,0,0.0,0.7362133483,3.0,-10.13742765,-0.080549467,-2.414439122,4.5456824139,-1.032057439,0.6379458102,1.0409780319,-4089.870518,0.0288563477,11.491927926,-0.002080567,0.012879193,0.0184456162,-0.038588488,0.1171840032,0.0091803181,1.0,0.0032310178,-0.014608909,0.0197607016,3.0,11.586140264,-0.161375933,0.7201391438,0,-0.111549313,0.0169172324,0.0122883339,0.0219964926,0.5153372299,0.9108390661,6.4041241e-08,6.9435819e-08,0.8960648907,0.8029322884,-0.155889946,0.0465806998
79618,0.128598142,-0.0124862,18.43852803,0.0,0.0505201649,0.3601569929,-0.090379171,0.5011898798,0.3353582164,0.1243284728,0.1807544534,-0.182678585,-2.183123878,0.0147727209,0.1826785848,28,-0.076266306,0.8322368421,0.1415071997,0.0854024709,0.0694833023,0.1613772455,-0.430296148,0.3173221443,0.6803358719,0.5941994493,0,2.5031042603,0.0126267395,2.4645686149,0.2186154876,8.0897952333,12.193017961,-0.008648995,0.0,0.0,0,,0,0.0,0.5118140988,6.0,2.5738738633,-0.274493327,0.7514805485,-53.95238753,-0.639023116,0.7474187301,2.3752013325,-2196.518449,0.0232932967,10.849371797,-0.009183739,-0.021692879,-0.030214991,0.0368431258,0.1571491633,0.0880964778,1.0,-0.003216644,3.3695423707,-0.146400079,4.0,11.030147502,0.0559977004,1.0594432631,0,-0.142502855,0.0514285676,0.0265277919,0.045826166,0.5288490409,1.5824739502,9.5581648e-08,3.0138559e-08,0.8387685062,0.703532607,0.0666860636,0.0669015634
13625,0.102201586,0.0089786577,7.1977173382,0.0,0.0537947155,0.1333124784,0.4163361246,0.3780737411,0.7265304071,0.0151692281,0.3801791655,-0.183521702,-2.751143103,0.0336802298,0.183521702,3,0.0,0.484057971,0.3925694754,-0.775730378,-0.018586398,0.2960290159,0.5494479962,0.0470540921,0.3769681104,0.8219459999,0,2.6887564719,0.0163824077,2.6887564719,0.0163824077,1.1368973131,18.527341543,0.2629418182,0.0,0.0,0,,0,0.0,1.1080564516,5.0,-10.17140849,-0.014835242,-1.957408178,3.8802243553,-0.538753732,1.6319927989,1.0282525077,-1774.254258,0.0288563477,14.178362385,-0.000969093,0.0091307841,0.0144664377,0.021569507,0.6066532332,0.0001555408,0.0,0.0003306878,3.1683816184,0.2477871114,7.0,14.644641929,1.0183205815,1.9999714253,0,-0.111549313,0.0506674126,0.0258160849,0.0449204691,0.2792524919,1.9830375851,1.9639523e-09,1.426447e-08,1.7696341898,3.1316051657,-0.044912804,0.0631085287
26463,0.518794604,0.052805583,-36.71181818,0.02780597,1.1417786186,0.2349438512,0.042499199,0.0640096638,0.066593639,0.0078818627,0.0663449661,-0.01364977,-0.416811295,0.0748155464,0.0136497696,36,-0.000225806,0.0231660232,0.0272480154,0.0127218684,0.0040280684,0.0232454003,0.016396083,0.0682312135,0.059154602,0.4305520755,0,1.5311150622,-0.257917216,1.4682076031,-0.262733566,38.324444444,4.6831736941,0.0741179421,0.0,0.0,1,0.0002095118,0,0.0,0.1794814744,6.0,-0.729500513,-0.094673857,-0.235909186,9.2390133169,-11.15916864,-0.442317161,-0.016194943,-7338.503349,0.0257826007,13.175937101,-0.00120503,0.0126188922,0.0403534325,0.0021798039,0.0030769621,0.1697572262,3.0,0.0,0.0214316937,-0.045904139,5.0,13.183125556,0.2571393867,0.8700121817,0,0.080304809,0.0164762735,0.0092964781,0.0198442367,0.3464561326,1.4186524575,4.7005111e-09,2.5639022e-08,0.4767199747,0.2272619343,0.2524806783,0.0211964929
11404,0.6505025622,0.0564844782,-19.09049391,0.0382253016,1.6408947821,0.6682444816,0.048646789,0.0900681477,0.0795876694,1.36578e-05,0.1169283853,-0.040939321,-1.592490842,0.1464354925,0.0409393208,40,0.0002118769,-0.003208629,0.0457341752,0.01930026,-0.055832094,0.0365204938,-0.00870398,0.0512214924,0.0270314414,0.4076772592,0,1.0193070616,0.2390959654,0.9209203914,0.2346806835,18.48211731,6.2774538387,0.071950104,0.0,0.0,0,,0,0.0,0.2158432013,4.0,-0.757844868,-0.085436913,-0.262283839,9.370721275,-11.57320982,-0.368721551,0.0554250034,11590.515161,0.0257826007,16.903060481,-0.00027049,0.0095640321,0.0334688771,0.0026540544,0.0020902359,-0.013707225,1.0,-0.000448766,1.1093183996,-0.056408676,4.0,17.272943089,0.0668200535,1.3721029807,0,0.080304809,0.0205440819,0.0130152248,0.0162219548,0.2975901172,2.1439744959,6.387512e-11,1.696026e-08,0.0753358742,0.0056754939,1.0798698532,0.0207814072
26607,1.0010151249,0.0451424334,-1.518840707,0.0,0.8400576815,1.2440827742,-0.029630126,0.1883468903,0.1684782554,0.1826196474,0.2643234879,0.0011362402,0.042667685,0.0432163103,0.0011362402,40,0.0003855266,0.066586738,0.0502618341,-1.212247025,-0.163571139,0.0672093792,-0.035155733,0.0227597586,0.1312955088,0.2983356195,0,1.6478935542,-0.056970914,1.5869207495,-0.061078882,5.4440344825,49.731299336,0.1095993725,0.0,0.0,1,1.0,0,0.0,0.2615389248,2.0,-0.155871587,-0.09938625,-0.013204035,0.7465442419,1.3826297213,-0.690104829,-0.02103754,-3498.679592,0.0885157098,13.551967517,-0.004063906,0.0070164847,0.0127970448,0.0537166087,0.0670544475,-0.012077482,1.0,0.001682574,-0.466743315,-0.027974225,0.0,12.677380677,0.1331064955,0.4812127076,0,-0.132284435,0.0349600166,0.019615957,0.0417062019,0.4438883492,0.8873371226,1.0393587e-08,4.5861399e-08,0.6832488119,0.466828939,-0.23674162,0.0319225494
26650,0.391221502,0.0194506294,24.716437273,0.0012308982,0.4494545658,0.1082215471,0.0464314063,0.2199050331,0.1021248187,0.0051264525,0.3914823374,-0.019681064,-0.773966165,0.0345047585,0.019681064,40,-0.00224255,0.0769230769,0.3747194055,-0.93095745,0.1980320073,0.0176264407,-0.039646532,0.1672178403,0.0685368107,0.4541887846,0,34.988358556,0.041362846,7.9732246799,0.2574881391,5.6193640247,67.272727273,0.077891241,0.0,0.0,1,0.5811044834,0,0.0,0.1718246802,7.0,6.1537789828,-0.118607764,-0.075561527,-53.81464559,-1.781603692,0.5278982157,-1.228112957,-2013.575348,0.0207317787,12.569382216,-0.002512523,0.0068016088,0.0158553504,-0.019951991,0.0445317047,1.1920238482,1.0,-0.004724583,-0.431087994,-0.006699028,4.0,12.384240575,0.0256786613,0.6965745983,0,-0.142502855,0.0310110245,0.0100607451,0.0205511846,0.5886246254,2.1692148524,1.1499403e-08,3.4602511e-08,0.9315524044,0.8677898821,0.0106886639,0.0314835508
23229,0.3837850703,0.0498816018,-6.079327869,0.0306400615,1.618590005,0.7507337929,0.0621032586,0.101573266,0.1059944878,0.0339937701,0.1115260323,-0.053004016,-2.033542977,0.1513179828,0.0530040163,40,0.0020218027,-0.004369618,0.093359732,0.048780198,-0.050421879,0.0510736654,-0.004063525,0.0879076711,0.0625361899,0.4513281731,0,1.2894736842,-0.007115473,0.8336643496,-0.014299599,29.422131148,6.96314258,0.0790395538,0.0,0.0,0,,0,0.0,0.4157498552,3.0,-0.758803156,-0.075562725,-0.263444828,9.1040037832,-11.34026783,-0.355787495,0.0603074937,1820.4144006,0.0257826007,16.248145737,0.0015233121,0.0076931074,0.0383916991,0.0057217754,0.0103845363,0.110015711,1.0,0.0016987542,0.2099145143,-0.012506963,5.0,16.970766853,0.06447139,1.9627389908,0,0.080304809,0.0146946544,0.0118654037,0.0166247044,0.2773979155,2.3990695548,7.705953e-11,1.176507e-08,0.2143661427,0.0459528431,0.5718679187,0.0228715847
30840,1.848662521,-0.215536472,-68.84962963,0.0,0.9862402527,5.2068305202,-0.04213649,-0.002237292,0.2617075679,0.0073260073,0.2553522967,-0.081912592,-1.078585822,0.0169381107,0.0819125923,40,0.0175844967,0.0215827338,0.0850330341,0.216270305,-0.164374059,0.1588774407,-0.002608564,0.0188293822,-0.100683774,0.4773240206,0,1.995669746,-0.398307926,1.154830639,-0.442927341,195.37185185,6.4408302808,-0.118902779,0.0,0.0,0,,0,0.0,0.3537761217,4.0,7.099943403,0.1537072326,-0.116622963,1.4830491144,-0.665279912,-0.680059346,0.0092470678,-4425.683519,0.0410566741,10.073235406,0.039978878,0.007710883,0.0119148575,0.0709674353,0.0053458714,0.0099703833,4.0,0.1836316905,-0.004887055,0.0112614129,2.0,7.7325883841,0.2960030383,0.1269177127,0,-0.131569503,0.0791255236,0.0280966769,0.030275444,1.3156684305,1.4794959383,2.1174234e-06,5.0000003021,0.2216123031,0.0491120129,0.9279688337,0.0493430801
91983,0.348128362,0.0684884874,210.03720766,0.0,0.7131828247,0.336479851,0.1232740783,0.2683057674,0.3143083323,1.0037057185,0.2740541388,-0.175614847,-2.433515017,0.2351562501,0.175614847,10,0.0035249617,0.2787944026,0.3896988553,0.2633521832,-0.029520219,0.1210965769,0.1445423617,0.3762601558,0.2566900356,0.5404908537,0,0.7118810172,-0.085903538,0.6595355666,-0.110930032,196.94097863,4.2368015163,0.2894086469,0.0,0.0,1,0.0027447377,0,0.0,0.8776072457,5.0,0.7517675568,-0.046006188,0.0913136428,1.4848203915,-1.845828963,-0.464531207,-0.127459847,11770.01679,0.0279332649,16.451486337,-0.02461126,-0.005348786,-0.016973546,-0.089094572,0.0011150294,-0.436065424,0.0,-0.000690369,0.5513464291,0.0441050921,6.0,17.82179209,0.4544815727,4.5031876382,0,-0.500704589,0.0566841252,0.029223594,0.0502927052,0.2022092964,3.0474223911,1.166814e-10,6.0948064e-09,1.9333342561,3.7377813459,-0.036863937,0.055666902
27430,0.418769436,0.1059976139,-0.319164709,0.0126743722,0.7968853939,1.6997143055,0.1579989567,-0.090651086,0.2600021109,-0.082589215,0.015911199,-0.040361295,-0.493992827,0.1583596748,0.0403612953,40,-0.036466174,-0.33125,-0.004193958,0.1686633043,0.0112412126,0.1880105863,0.3593434252,-0.171339231,-0.148429757,0.5865586685,0,2.7916498,0.0833989916,1.9666989332,0.1842438355,6.2082780449,8.681083561,0.2214204292,0.0,0.0,0,,0,1.0,0.6881939637,7.0,-0.033941171,0.0894932339,-0.339443401,0.5832214357,-0.205255606,0.1691722782,0.1815238375,-2117.914224,0.1879227517,14.46027458,-0.000758027,0.0214543289,0.0587264758,-0.061910266,0.1705562238,0.0834666746,0.0,0.0037965072,0.7361421255,0.026241431,6.0,15.628160624,-0.157802796,2.614529899,0,0.0081788241,0.0579065122,0.022838574,0.0275464828,0.4152506624,5.4542634662,7.830843e-10,8.3301529e-09,0.9919352976,0.9839356345,0.2382552006,0.046849743
59248,0.5688373244,0.037146995,3.4650336215,0.0197924398,0.4420166876,0.2999466125,-0.006854497,-0.101655317,0.1231506858,0.0070575461,-0.116550757,-0.051331467,-1.478286271,0.0920608878,0.051331467,40,-0.000209627,-0.016216216,-0.014217446,0.1317990374,0.0068196189,0.1698553949,0.0440939578,-0.018658417,-0.089779949,0.1530153612,1,0.6790091601,-0.054103192,0.5920526384,-0.048156742,6.6383285303,6.6692938716,0.125728323,0.0,0.0,0,0.0,0,0.0,0.2051534339,7.0,24.386457804,0.0145441771,-0.102763409,0.3744411414,-0.414717383,-0.637435158,0.0953968675,2865.955185,0.0457936334,16.811690292,-0.001887632,0.0010226017,0.0018009491,-0.00980022,0.0311261892,-0.022964939,0.0,0.0007227174,-0.591433274,-0.003731891,5.0,17.230395918,-0.1171637,1.7353301503,0,0.0957318355,0.0302411243,0.0113332695,0.0160821135,0.2855713833,2.1667448895,5.745499e-11,1.537761e-08,0.7014169866,0.4919857891,0.2017368253,0.0304958086
22293,0.6599499809,0.0846203824,0.3916974291,0.0296102875,0.2879215358,0.3325594722,0.005087411,0.0556569984,0.1832642742,-0.089349535,0.1574239714,-0.07642507,-0.904935275,0.1611963515,0.0764250696,40,0.0017765327,0.1381578947,0.2424862514,0.0445612714,-0.027352375,0.0939996867,-0.080547975,0.122340052,-0.088980248,0.4887788644,0,4.4053356282,-0.134887413,3.8364888124,-0.121045865,1.6010217535,6.4723517655,0.4684270953,0.0,0.0,1,0.1115587233,0,1.0,0.2389188167,6.0,3.1058647448,0.0423590509,-0.029082636,1.4751044392,-0.67809764,-1.543235686,0.2528451583,24093.647793,0.0446872923,16.81507378,-0.013047124,0.0070931478,0.0101034171,-0.013221457,0.1734722126,-0.001711141,0.0,-0.001168224,0.5964388885,0.0690315142,6.0,17.495432162,0.1176404938,2.0298349652,0,-0.101630079,0.0120019205,0.0199754695,0.0183879315,0.4617526584,6.9323550417,4.475482e-11,1.1022243e-08,1.1260807728,1.2680579068,-0.025879691,0.0267116645
20204,0.3106172665,0.0564728823,2.0509937447,0.0216556762,0.6976408139,0.8573275376,0.1354559471,-0.030571352,0.309960903,-0.001082753,0.015032406,-0.020335239,-0.369949967,0.0773650232,0.0203352395,40,0.0002376472,-0.017391304,0.1270444318,0.1899827101,0.0454519206,0.2741710994,0.4546876203,-0.004342052,-0.120040454,0.293327522,0,1.8674020546,0.0870400013,1.2897386821,0.1057448724,8.4472544229,6.7809978857,0.1152369105,0.0,0.0,0,0.0,0,1.0,0.8835840006,6.0,-0.031689408,0.0971373292,-0.395150202,-1.666992697,0.3543984399,-2.880097904,0.2131731716,1424.2829465,0.0506976226,14.990726374,0.0046183216,0.0165981156,0.0526510595,-0.021216272,0.0985100068,0.0011371351,2.0,0.0106504479,0.8595835905,0.0564836143,4.0,15.068515263,0.1979717449,1.1290385286,0,-0.060001469,0.0197896343,0.0123884356,0.0203142585,0.4169744926,2.1064984521,7.321221e-10,2.075575e-08,1.2963479204,1.6805179306,-0.005239071,0.0239072563
27618,0.3048302203,0.0539798925,-1.29538356,0.0206531609,1.0751665067,2.1450996573,0.084231984,-0.000935374,0.4220601525,0.0113992486,0.0471069911,0.0304145242,0.7842868339,0.0116441735,0.0304145242,40,0.0,0.0339141621,-0.029093767,-0.083452371,-0.003034899,0.9213147654,0.2414365227,-0.015255842,-0.134471109,0.3532573459,0,1.4161828332,0.2158767099,1.4161828332,0.2158767099,23.19969117,4.2545500947,0.1144964616,0.0,0.0,1,1.0,0,0.0,1.6347939241,3.0,0.0174733182,0.0722254014,-0.070104158,0.0128015471,-1.134760734,-0.059307877,-0.027157714,-5286.025628,0.1865376934,12.022213473,-0.001062687,-0.000984068,-0.005068697,-0.015954265,0.0682860642,0.0013502453,0.0,-0.024955437,-0.233948649,-0.117805937,1.0,10.665361972,0.3990111502,0.28599973,0,-0.012367651,0.0548589192,0.0328626801,0.0418096361,0.3762010246,0.2859240373,1.8872704e-07,1.1876203e-07,2.089700006,4.3668461151,-0.027731029,0.0514393234
14229,0.4876042649,0.1214962881,1.3498853575,0.0,2.2200266439,0.5222065683,0.0991244777,-0.282082099,0.0665912426,0.000392027,-0.317781708,0.007886533,0.2067648761,0.0963751231,0.007886533,2,0.0154922706,0.0265306122,-0.074188609,0.4428596639,0.0671380454,0.3805853808,,0.0152420169,0.3150926611,0.5338896946,0,51.70644176,,44.355703986,,1.9775601955,0.3337963002,0.0474383559,0.0,0.0,1,0.4345849866,0,0.0,0.1893884495,7.0,-73.36797246,,-0.016701449,-0.278444316,,0.9138778225,-0.38208268,616.7827057,0.1473165608,15.271278923,-0.02071613,-0.000976856,-0.004339119,-0.008913943,0.3112767239,,0.0,-0.000457457,1.4657255691,-0.038113256,1.0,15.681876034,-0.259879846,1.8214212387,0,-0.258063742,0.0800143331,0.0296108002,0.0512995277,0.4136718169,2.4088653678,8.580545e-10,1.5411685e-08,1.7550879644,3.0803337626,0.0404122586,0.0512804345
38420,0.5938614019,0.2831439033,-0.861885204,0.0,0.9096851294,1.2350963629,0.0540897098,-0.013683432,0.1889792899,-0.256994819,-0.053958944,0.2125872739,1.1011673152,-0.043989733,0.3161422454,40,-0.032023832,-0.181818182,-0.018377409,0.286331732,0.0144787738,0.1434659091,0.0084399823,-0.041420118,0.0551102204,0.4229726284,0,3.0024691358,-0.01869536,2.1901234568,-0.007089552,5.5867346939,8.7250996016,0.5256178421,0.0,0.0,1,0.1474820144,0,0.0,0.4669338677,4.0,47.981712687,0.0079124368,-0.390441422,-8.226541274,0.0135501633,-0.122733348,-8.801341718,-3774.224957,0.0248274717,14.392846147,0.0016813787,0.0126582278,0.0318275154,-0.059298059,0.1328026812,0.0026322236,1.0,0.0027952481,1.0133797255,0.009390424,4.0,14.974253403,-0.188125666,1.5327183656,0,-0.25352422,0.0569484308,0.0182184154,0.0216602586,0.4141782559,2.9592942832,1.2158806e-09,1.8377145e-08,1.2898118406,1.6636145842,0.0444658562,0.031251526
17726,0.0168195503,0.0546988735,2.4602072539,0.0,1.3174372094,1.2857768795,0.1168141593,0.2089663761,0.195765878,0.0057304932,0.2041079964,-0.059194949,-1.356589147,0.1289027717,0.0591949487,40,0.0125155034,0.0798122066,0.0509473198,0.0819623574,0.0140933306,0.0779647107,0.252089981,0.0146948941,3.3337725082,0.3842385661,0,1.2385509228,0.137285753,0.7860560492,0.1668956094,9.4269430052,8.8234723569,0.0676356816,0.0,0.0,1,0.3289394847,0,0.0,7.0684064848,5.0,-0.007872077,-0.022291105,-0.297946691,-1.960790414,0.0627226035,-2.662530555,0.26471092,5087.6215465,0.0506976226,15.815191886,0.0090659061,0.0136113524,1.0433494835,-0.0210106,0.0455567504,-0.060144326,0.0,0.0004371585,0.9991419998,0.0307703195,4.0,15.847073995,0.0209759537,1.4384426584,0,-0.060001469,0.0233128704,0.0120382582,0.0204207566,0.5093402477,3.8965208395,2.40704e-10,1.456148e-08,1.0515239167,1.1057025475,0.0019163968,0.0214509534
59256,0.5079578186,0.073397928,15.472112064,0.0413457024,0.133163712,1.1036388692,0.2096636823,0.0807313643,0.5167802661,0.020687557,0.0073800738,0.0198001269,0.1664917803,0.0611777763,0.0198001269,41,0.0387059203,0.0071428571,0.0576180284,0.0273122067,-0.014236639,1.9981060606,0.1077484877,0.0454830683,0.1017623966,0.5314745125,0,4.0986119144,0.1087106437,2.6075766339,0.0977362512,47.580520199,3.8434510505,0.6552825077,0.0,0.0,0,,0,0.0,0.6639195924,3.0,-2.234108645,-0.0426658,-0.07284382,9.2888638813,0.4797149663,0.3536097558,-1.031319516,-1261.295194,0.4540382957,11.422627316,0.0105586102,0.0296958312,0.0393117307,0.0033566795,0.1214176935,0.0013587199,1.0,0.0024390244,0.0499596609,0.0180615518,5.0,10.479932363,0.0852007475,0.2384479365,0,-0.102424876,0.0407684073,0.016031784,0.0210978151,0.6607578673,0.6543990378,1.3867492e-07,1.1632398e-07,0.3200507381,0.102432475,0.2532137026,0.0273430303
31077,0.6707814614,0.0202976032,-0.146496132,0.0064356307,0.4824842727,1.2692498841,0.089173155,0.0884559428,0.2928421588,0.0035089029,0.3200228097,-0.053552833,-2.919117326,0.0795486884,0.0535528334,41,0.0199809049,0.0506329114,0.0233796641,0.1466166459,0.0574965776,0.5042442094,0.0626400062,0.0290798807,-0.033223483,0.5000683086,0,2.235742958,-0.210802047,2.0520508916,-0.236989136,4.4965499255,3.9786837115,0.126655043,0.0,0.0,1,0.0135124425,0,0.0,0.4415706437,4.0,-5.600675526,-0.072922604,0.0482320379,0.1993315375,0.3072934541,1.237547822,0.0681802887,-2912.893874,0.0400118084,13.929933316,0.0063142157,0.0155275979,0.0259288006,0.0262099398,0.2447588051,0.0008410274,2.0,-0.004768717,0.354244333,0.0771366274,5.0,14.26392823,0.0225007521,1.6251374628,0,-0.131569503,0.0354969986,0.0136848223,0.0193554926,0.3320109283,2.1058206291,1.9155484e-09,1.952511e-08,1.0725130236,1.1502841857,0.0164457694,0.0282020056
27888,0.6068170451,0.0623148703,-5.403104963,0.0303173477,5.6998998952,0.2290182505,0.0260148799,0.1630751428,0.0407504827,0.0426476901,0.1664127228,-0.000330591,-0.031272371,0.0642636041,0.0003305907,38,-0.000253467,0.0439808997,0.0862258883,-0.0692119,0.0170858376,0.089625368,-0.27003701,0.0050545925,0.1423157184,0.4381128067,0,0.6321433233,-0.065256614,0.6319257638,-0.064781818,0.2340939978,0.0938295056,0.0134534671,0.0,0.0,0,,0,0.0,0.4181012164,6.0,0.0068508501,0.0007128254,0.0002308657,-0.313405856,1.5627277238,,-0.015274037,-1037.637462,0.0286434127,15.19347134,-0.00017358,0.002730225,0.0264132297,0.0027919971,0.132488563,-0.106969531,2.0,0.0004718465,0.5590753881,0.0635828548,6.0,16.364814738,-0.000329009,3.5943766031,0,0.0654744878,0.0476448201,0.0200812077,0.0327308459,0.2531394229,2.8213909137,3.670403e-10,7.5056825e-09,1.2760147005,1.6282135158,0.03896809,0.0255928673
41080,0.2967920832,0.0632344469,4.9800279866,0.0196099557,0.2942642373,0.7374798763,0.1250958736,0.0711569799,0.3628462792,-0.023193096,0.1202974628,-0.040322581,-0.372501514,0.0867893742,0.0403225806,40,0.0317991083,0.139874739,0.1116563709,-0.000803465,0.0035356158,0.1220835594,-0.046297739,0.0813416621,0.0318242344,0.5173460953,0,2.2519273812,-0.122063732,1.5391693609,-0.171632725,8.0430242272,6.1793966624,0.2889759989,0.0,0.0,1,0.054751416,0,0.0,0.7005326232,7.0,7.1343961253,0.0053483395,0.0016690425,-0.068821323,-0.472116742,0.2287532438,0.0790983313,21658.175981,0.0410566741,16.808017244,-0.003899259,0.0239324852,0.0483829896,-0.014550023,0.1090713427,0.001753757,0.0,-0.004696998,1.2724272658,-0.084935861,7.0,17.82657102,0.3940060439,2.9386769195,0,-0.131569503,0.0547309257,0.0151770431,0.0211618135,0.3555365399,4.4718022031,4.430774e-11,7.8763583e-09,1.1173110405,1.2483839613,0.0444637424,0.0247504398
18091,0.4371974512,0.0502567716,2.0780908699,0.0073967639,0.5680950068,0.6633300055,0.0957433643,-0.016992002,0.2548788789,0.0055836604,0.0081387764,-0.047192206,-0.952150351,0.0981087744,0.0471922056,40,-0.018494893,-0.1,-0.10659873,0.0725156386,0.051752549,0.2286351186,-0.029513106,-0.033486068,-0.047833941,0.3713793999,0,2.7466682285,0.0980096272,2.0671669059,0.2484161222,4.9834398244,4.5271776863,0.1436631077,0.0,0.0,0,0.0,0,0.0,0.5446282455,5.0,3.7798565212,-0.124737942,-0.20748463,-0.072655448,-2.699872155,0.7122298403,0.0570106079,-7106.393786,0.0588548821,15.044206201,-0.001111522,0.0122540208,0.0270779497,-0.011509844,0.0822386698,-0.00315114,0.0,-0.00096123,0.1484627803,0.0188268996,4.0,15.340476043,0.1490584141,1.3799393463,0,-0.156910843,0.018310247,0.0101247465,0.0146943427,0.334780801,2.0257446236,5.706636e-10,1.9002594e-08,1.1687535903,1.3659849549,0.0086003646,0.0274314491
83186,0.3492615903,0.1675969763,6.4781806196,0.0134461757,0.4820566999,0.7766296426,0.0125035827,-0.047759262,0.1462222941,-0.100478469,-0.104998164,0.0930818444,0.473285016,0.0882758387,0.0930818444,27,,-0.000386698,0.0364547991,0.0379791893,-0.038442432,0.32160555,0.0040588421,,0.0444331813,,0,0.9510715334,0.2111936622,,,18.123269611,6.9956743003,0.4002546219,0.0,0.0,1,0.3270228216,0,0.0,0.359266768,5.0,-10.04345455,0.1944857613,-2.441852847,4.1272843595,-0.711586299,0.1651170508,1.0828481166,-694.3815584,0.0288563477,15.221358498,-0.009761501,0.0257880774,0.0553554979,-0.083910496,0.0571696345,0.0011189649,0.0,0.0001426669,-0.07921667,0.0516011938,4.0,15.403541995,-0.073727278,1.4325850033,0,-0.111549313,0.0264341161,0.0096614763,0.0204913967,0.3103998964,2.5483695824,2.252875e-10,1.4172354e-08,1.0804017091,1.1672678531,0.0292431547,0.0219885837
19828,0.5199632376,0.0367618177,1.9398633137,0.022740233,0.7351110234,0.6239473481,0.0593005896,-0.049781345,0.1513318695,-0.06868099,-0.002172954,-0.031341838,-1.098061498,0.0771285543,0.0313418379,41,-0.000333534,-0.156756757,-0.17140198,-0.337944081,0.1700362197,0.125352609,0.0133720581,0.0199255565,-0.109827177,0.2464704948,0,1.6521526994,-0.37395551,1.6262668125,-0.376856083,7.2458595099,28.095954088,0.1155069501,0.0,0.0,1,0.9769959967,0,0.0,0.3151486976,5.0,0.0339543546,-0.065126849,-0.23654753,0.2654923546,0.1857873534,-0.699545898,0.012874704,-833.4845718,0.0885157098,14.885305064,0.002286901,0.0016298691,0.0047876642,-0.013551779,0.0430554732,-0.074834773,0.0,0.0011560694,1.2539323438,-0.000506919,2.0,16.103799245,0.284934265,3.1733656495,0,-0.101596569,0.0173833091,0.01082405,0.0178753252,0.3211318546,3.335206767,3.492409e-10,1.0001072e-08,0.998998202,0.9979974076,0.0191870848,0.029876106
92570,0.2991389949,0.092511504,0.2274122481,0.0108022415,1.0386770656,1.8327803047,0.1228813559,-0.038798986,0.2175862741,0.1426467957,0.0091496233,-0.034993538,-0.526946108,0.1412600809,0.0349935381,40,-0.003181231,-0.017391304,-0.022455311,0.1192769725,0.0296755276,0.181122449,-0.153148855,-0.002144668,0.1526147279,0.5883119675,0,2.3425852498,-0.061485593,1.8239492466,-0.07303902,5.1294573643,7.5883027523,0.1465309403,0.0,0.0,0,0.0,0,1.0,1.0651013874,6.0,3.7733294238,-0.017126399,-0.124875934,-0.210713905,-2.509285134,0.067145307,0.1001619145,-6877.645936,0.0588548821,14.46374044,-0.021140806,0.0248434238,0.1182902584,-0.069110445,0.2117391304,-0.011672339,1.0,-0.007556675,1.4824233812,-0.032007385,5.0,15.335755736,-0.00793655,2.5854999944,0,-0.156910843,0.0450381041,0.0280524039,0.0336187134,0.4393701488,6.6307651395,8.840572e-10,7.7736337e-09,1.7843240011,3.183812141,0.0046711273,0.0292701418
28629,0.5220514125,0.0413621586,0.7732272193,0.0,0.2055311631,0.8251355467,0.1124260355,0.1045594789,0.7095189121,0.009632674,0.1769396552,0.0195471575,0.3275705187,0.0278131349,0.0195471575,34,0.0366509203,0.0243902439,0.1713415611,-0.903910964,0.0554910806,0.6403887689,-0.117895862,-0.011484402,0.0784481418,0.7875936271,0,3.4749905267,-0.092614567,2.6328154604,-0.110054488,2.3420574725,5.33560477,0.335016335,0.0,0.0,0,,0,0.0,0.9654797077,5.0,-9.847070914,0.159944222,-0.058171908,0.4946932694,0.0031049264,-0.790453631,0.1010063774,-3087.534723,0.0318276958,9.8586387427,0.0011449984,0.0241784812,0.0312699879,-0.0029222,0.4708438023,-0.027304778,2.0,-0.011147651,1.3212582686,-0.012616004,4.0,8.1930130522,-0.062898513,0.1594111195,0,-0.095378135,0.0916931108,0.0378198215,0.0411064562,2.1017080566,0.4913519173,0.0001049881,2.2375559e-07,0.3669270342,0.1346354484,0.8240642788,0.0529932562
91926,0.2170986908,0.0162337498,-1.502438421,0.0062077465,1.1161134102,0.9942740677,0.0606501889,0.0357689658,0.1567404119,-0.030753673,0.1157132655,-0.080621962,-6.506828528,0.1218639763,0.0806219623,40,-0.003967172,0.0244357276,0.0685410214,-0.933944995,-0.114329207,0.0807606366,0.0645011775,0.0270228891,-0.243064502,0.3290181076,0,0.7384916168,0.0829067828,0.6880146928,0.1337661775,12.212405446,12.527001862,0.0565662209,0.0,0.0,1,1.134680528,0,0.0,0.6447650949,6.0,-0.244545875,0.0298283697,0.003515761,-0.321317502,-0.885127359,-1.161239765,-0.011476467,34303.079692,0.0725156293,17.285978337,0.0103003466,0.0249142684,0.1375091498,-0.002011953,0.0710397793,-0.013193265,0.0,0.0008914642,0.4244260454,0.0091390605,2.0,18.287259645,-0.320484114,2.623804636,0,0.0348146487,0.0302380398,0.0169325459,0.0264390475,0.3058711139,4.1809079943,2.696245e-11,7.347663e-09,1.0867513366,1.1810284677,-0.154415935,0.0389565334
29285,0.5467326807,0.0459917575,0.3218919877,0.0399312672,0.7828581583,0.6102120676,0.0760281148,0.0095148502,0.1039752721,0.0120985165,-0.006505117,-0.065539564,-1.885775862,0.1327219035,0.0655395645,35,-0.013493125,-0.053333333,-0.100765812,0.0370671723,-0.010028598,0.0462043336,0.0207039308,0.026292165,0.0333743711,0.5203884342,0,2.9407330632,0.0804738385,2.4528408556,0.1836000189,5.0926494918,14.960597119,0.1160499392,0.0,0.0,0,,0,0.0,0.2247216572,5.0,0.1214258217,0.013199129,-2.727180435,-53.95238753,-0.246642122,0.6544720169,-9.223719573,-6277.675329,0.0244389518,12.105783707,-0.000662698,-0.002790277,-0.006785631,-0.020325521,0.0562920145,0.0024736576,0.0,-0.001478598,0.076216498,-0.008758507,3.0,10.641418055,0.22566092,0.2578180275,0,0.080304809,0.0212765951,0.0085060887,0.0258005646,0.5224914587,0.9690450611,2.5229144e-08,5.5062201e-08,0.3382426911,0.1144081181,-0.019069809,0.0237255255
61743,0.2091101732,0.0645237861,28.397904975,0.0186029793,0.3361583522,0.5406474113,0.2152145752,0.0757309996,0.7228442418,-0.011957731,0.0214135998,-0.049480036,-0.403420523,0.0905540057,0.0494800363,40,0.0115730282,0.0457399103,0.0563204495,-0.234506249,-0.015139412,0.751423713,0.1811383578,-0.00462814,0.1762898828,0.1289599335,0,0.6824855323,0.0474561553,0.5801458754,-0.020783169,26.390093953,14.729376364,0.2579032858,0.0,0.0,1,0.0037315614,0,0.0,1.9946989501,5.0,-0.038783212,-0.032558686,0.0469440634,-0.576759441,0.1065894427,0.8497462941,-0.063698637,962.06183443,0.0943163074,14.937169207,0.0035549674,0.0337029284,0.0784491825,0.0097001347,0.0381524455,0.0047717006,2.0,0.0005382131,0.1042260094,-0.010667266,7.0,15.150466764,0.1363776542,1.1936692903,0,-0.075760491,0.020337835,0.0114346214,0.0181808202,0.4026382359,2.4376232754,7.527435e-10,2.1814085e-08,1.1955670613,1.4293805981,0.0264478368,0.0230809628
11674,0.5447214309,0.0592017407,-25.85885315,0.0311381531,1.2842525678,0.8046857598,0.0525349933,0.078619626,0.1054559476,-0.000542106,0.0918191424,-0.034650986,-1.032044199,0.1203005538,0.0346509859,40,0.006529522,0.0101010101,0.2732636373,0.3158040807,-0.082580137,0.0680737218,-0.016851185,0.0613456719,0.0512561545,0.3842517338,0,1.1979045402,0.3614103986,0.8859138533,0.2971438376,73.220238095,7.697747184,0.1090048653,0.0,0.0,0,,0,0.0,0.289104911,7.0,-0.751255638,-0.000994866,-0.248974199,9.2649401438,-11.43823903,-0.474286599,0.0292900647,7544.4830706,0.0257826007,16.588000854,0.0030709736,0.0093474427,0.0310340789,0.0002079797,0.0030711245,-0.019229529,1.0,0.0031106134,-0.171508695,-0.003095036,5.0,16.834330764,0.0681299825,1.2333454083,0,0.080304809,0.0160334297,0.0110390659,0.0155311562,0.2310237322,1.3132622072,1.009489e-10,1.9783082e-08,0.2601640188,0.0676853167,-0.080737299,0.022484647
76708,0.8308668484,0.0704213929,-0.454003495,0.0121787703,0.2515248969,1.0013240205,0.1175681066,0.0383237987,0.4980366794,-1.5717e-05,0.0478606531,-0.033785309,-0.512079093,0.1064827159,0.0337853088,30,0.0,0.0708636255,-0.006981492,-0.05631003,-0.020180634,0.1632189846,0.0175547987,0.0271060393,0.0335315213,0.3658715148,0,1.8671643228,0.0250377557,1.8671643228,0.0250377557,5.1993308724,13.724502921,0.4765718905,0.0,0.0,0,,0,0.0,0.6453551047,5.0,0.0300795291,-0.025955452,0.0031361784,0.3154375616,-0.002498318,-0.828568431,0.1856928614,846.05341657,0.1090887662,13.907288118,-0.001662117,0.0026347596,0.0034483629,-0.011926665,0.2095564181,-0.030714533,0.0,0.0007350239,0.8175283749,-0.051307617,7.0,14.860031827,-0.042123274,3.1367999448,0,-0.219751184,0.0295333713,0.0146506073,0.0265570839,0.4051136207,6.6174030066,6.669135e-10,6.2719747e-09,1.2665913677,1.6042536928,0.0762152555,0.0467854153
29867,1.9908806635,-0.268161447,-5.413826719,0.0,14.559695586,8.2257963184,0.0644483116,-0.08372787,0.1503396352,0.0048094919,-0.046063165,0.0171038054,1.1133945656,-0.566730945,0.0171038054,40,-0.011560486,-0.222862273,-0.12233392,-0.185690501,0.0631852468,0.1247299444,0.0049096115,-0.03914353,-0.290939461,0.5228350582,0,2.082554789,-0.20942679,0.8147372456,-0.270770969,14.159422077,8.5960705864,0.0024216325,0.0,0.0,1,0.957762642,0,0.0,0.561501939,3.0,-1.449888297,-0.288060301,-0.381657863,5.9477010569,-2.522779716,-3.059333059,-0.313203438,-2799.400914,0.1062765098,12.330965158,0.0061279977,-0.011500334,-0.12220875,-0.954296447,0.077437888,0.0077795058,1.0,-0.07128591,-0.018315978,-0.203882856,0.0,11.905768553,0.1160981626,0.9014802323,0,0.0239123439,0.0913486704,0.0246954935,0.0463120558,0.2742271428,1.1144080898,2.8539432e-08,2.2861306e-08,1.6079012844,2.5853465402,-0.097620913,0.0801432683
40440,0.2374448539,0.0511051983,0.8208744413,0.0334751846,0.7982870761,1.3627753625,0.0838133493,0.0726565853,0.3901779307,0.0088031467,0.1437092526,-0.032034898,-0.633550958,0.0834829457,0.0320348981,40,0.0126881866,0.0,0.0677384461,0.0475605958,0.083920405,0.3924816821,-0.111087553,0.0194692811,-0.109188892,0.4750835545,0,1.6108718011,-0.074360035,1.2166284106,-0.077652322,6.6519567445,6.3837974461,0.1080293487,0.0,0.0,0,0.0,0,1.0,1.3749656481,6.0,7.2353256053,0.1648055756,-0.138205697,-0.128168553,0.1624295336,0.7543197295,0.0757919028,-2212.158539,0.0410566741,14.352829155,-0.008707618,0.0070960471,0.0365120275,-0.092215695,0.1308513911,-0.00538753,0.0,-0.001343635,0.6889650387,0.0062731504,6.0,15.468210859,-0.352461548,2.2365982573,0,-0.131569503,0.0215171464,0.0140877242,0.022482571,0.3154000004,2.9690187075,7.333543e-10,1.1056843e-08,1.4577936231,2.1251622474,0.0029063234,0.0314328723
79322,1.4483782853,0.0564519838,-183.1412575,0.0,1.658790225,7.1874922419,0.0274757081,0.0566684753,0.3333260988,0.0,0.0711681856,-0.014795116,-0.796590909,0.101421121,0.0147951161,24,0.0232163021,0.0463320463,0.0088602352,-0.09391634,0.0068133314,0.1859674901,0.0236095866,0.0615735214,0.0411805395,0.5910739432,0,2.818249813,0.5632101079,1.432460733,0.5863716272,1031.9492386,6.2828464083,0.1162046482,0.0,0.0,1,1.0309005053,0,0.0,0.6912612405,6.0,3.1029800114,-0.10639331,-0.120908484,2.2635327436,0.0809029257,-2.244229676,0.1930699278,-5103.583738,0.0446872923,9.2744638365,-0.002306012,-0.00242785,-0.005568529,0.2032475044,0.0002058813,-0.008692198,1.0,-0.039158562,3.6119455665,0.0028098002,5.0,7.4257153669,0.0992341221,0.0961911693,0,-0.101630079,0.0182758905,0.0100079552,0.0216245227,2.0295810455,0.8650561556,2.35226e-05,3.0000002184,0.192458631,0.0370403247,0.9059040815,0.0477609767
44943,0.5855380266,0.0485319586,1.0753235634,0.0,0.2812244007,0.6788064547,0.088401759,0.014539801,0.2978133943,0.0194940126,-0.118474083,-0.060300289,-1.108608939,0.1023349216,0.0603002885,41,0.0013923205,0.1045358478,0.0771667275,0.0980699507,0.0435621723,0.2477035211,0.0836435929,0.0351772154,0.093253285,0.5552310905,0,4.6010611572,0.1105934032,3.3816280456,0.1297508488,3.4965060496,4.7312640772,0.3566637167,0.0,0.0,1,1.0,0,0.0,0.4863861844,8.0,3.1416200191,-0.05261724,-0.062704682,1.400692485,-0.506381499,-1.075497932,0.1939837284,-3807.088337,0.0446872923,13.70944386,0.0003543055,0.0023539974,0.0034955686,-0.023970324,0.1758508333,0.0950508221,0.0,-0.007955077,1.1384927647,-0.105000755,6.0,13.539195653,-0.043935441,0.8530919124,0,-0.101630079,0.0387766808,0.0144928932,0.0263146888,0.42982362,1.9632979774,3.4512962e-09,2.2796129e-08,1.150307543,1.3232074435,-0.082353174,0.0426337309
26403,0.2622910066,0.0493772761,22.145748419,0.0181851171,0.2328484362,0.309064518,0.1523131494,0.0474663246,0.2862827549,-0.026947862,0.0977282826,-0.029320988,-0.301479361,0.0642635057,0.0293209877,41,0.0012299267,0.0277777778,0.074816135,0.0496307605,0.0014577005,0.0934906073,-0.046624629,0.0365262633,-0.009631211,0.2831947223,0,1.0259581242,-0.10140779,0.858148647,-0.090462338,12.289763411,6.5425863574,0.2842655723,0.0,0.0,1,0.0171190623,0,0.0,0.527736999,7.0,-0.097719858,-0.002732203,0.0061432995,1.9924385102,0.0496670668,0.2668663664,-0.146835713,98593.130203,0.0347046397,18.593941823,0.0076853634,0.0184165646,0.0345880178,0.0066154475,0.0484112404,0.0269461398,0.0,0.0006849315,1.2324527454,0.0016008122,6.0,18.734862128,-0.137933328,1.0351495062,0,-0.107492679,0.0293133892,0.011218713,0.0135946794,0.2078976479,1.0143972392,1.130219e-11,2.2767254e-08,0.9326261365,0.8697915104,-0.006836633,0.0217777472
10886,0.6428644719,0.0046532776,-96.55015228,0.0,1.4374894039,2.8112434249,0.0187429697,0.2090040423,0.4370223333,0.1848846818,0.1673713468,-0.010142866,-4.142644874,0.0239301541,0.010142866,33,0.0383449811,0.2227687983,0.1782905299,0.0316595697,-0.101522813,0.1225790085,-0.110280896,0.1772520151,0.3137725905,0.4930587078,0,2.8733407171,0.0379698523,1.1507116526,0.1094581006,1031.9492386,8.0474230069,0.0685806662,0.0,0.0,1,0.3100837493,0,0.0,1.4760000565,4.0,-2.243497007,-0.084174797,0.1427821213,9.4237705346,-0.431916271,2.9803340343,-1.068567138,-1194.57006,0.4540382957,11.184602448,-0.000273525,0.0002650168,0.0009186955,-0.000732381,0.0005730072,-0.063436193,0.0,-0.016746411,4.4909386154,-0.205164906,2.0,10.395230667,0.0500548386,0.3554215551,0,-0.102424876,0.1243781075,0.032031591,0.0585231632,0.7102193414,0.618802253,3.5201813e-07,1.1252067e-07,1.3611484912,1.8527252152,-0.273543384,0.0651937709
64936,0.2568548342,0.0291198471,39.196540881,0.031364965,0.941838107,0.2764384871,0.0544145354,0.0844578409,0.0906060364,0.0068846816,0.1092494175,-0.040776457,-1.62519084,0.0764451558,0.0407764573,40,0.0044817713,-0.006896552,-0.052134146,0.0584323025,0.0550064398,0.0356217259,-0.037859541,0.0932409773,-0.007472943,0.3987209859,0,0.7800777994,-0.081504355,0.5841900528,-0.142354066,39.106918239,7.6154317208,0.0645922028,0.0,0.0,0,,0,0.0,0.2805359904,4.0,-0.787424844,-0.120241829,-0.265971761,8.9770735471,-11.22806859,-0.493000035,-0.014565333,37244.270401,0.0257826007,17.5684928,0.0014728667,0.0106002646,0.0477378844,-0.001886518,0.0042050213,-0.050818144,1.0,-0.000568343,0.2377072737,-0.00232295,5.0,17.597063287,0.004591981,1.0892384405,0,0.080304809,0.0121602071,0.0097503044,0.0138391334,0.3413868389,2.2631211759,3.308157e-11,2.0173377e-08,0.3650764313,0.1332808007,-0.077770757,0.0220304607
38682,0.1768504595,0.0349650454,-1.615004736,0.0604889328,2.0904272318,3.4558211886,0.0928325429,0.0554143295,0.3543560554,0.099009901,0.0659731187,-0.081371198,-5.155877342,0.2152405306,0.0813711981,40,0.011426651,0.1929824561,0.1071629629,-0.002808112,-0.006583688,0.3127680633,0.0263644043,0.0381033959,-0.060145616,0.4075649471,0,1.4249567017,-0.108321821,1.1773328264,-0.142621334,21.980299299,5.7052807552,0.086948851,0.0,0.0,0,,0,0.0,3.5933839823,5.0,-0.0503884,0.1170693216,0.1941866093,-0.609019154,0.0412002528,1.894181907,0.0609878875,1223.2613344,0.0943163074,15.108471762,0.0005286181,0.0019086007,0.0198804393,-0.042716029,0.034441678,-0.025418875,0.0,-0.00206044,0.8661465102,0.0043111402,4.0,15.583083248,0.132530523,1.5572222222,0,-0.075760491,0.0276074093,0.0143690532,0.0230940613,0.3217148642,2.2389499999,5.508638e-10,1.4428363e-08,1.3879336072,1.9263596981,-0.02276974,0.0349275877
25953,0.3165388041,0.0665576353,7.1264862724,0.0221094963,0.4610006231,0.6631239148,0.1496745554,-0.161262157,0.3045833744,-0.040581024,-0.013023058,-0.019849305,-0.254175341,0.083474945,0.0198493047,40,-0.006348779,-0.27027027,-0.111925078,0.0148903685,-0.013255425,0.3669804998,0.0296841809,-0.077423757,-0.3117998,0.269559589,0,1.4204605968,-0.291742903,0.9969259873,-0.303718333,11.374624586,6.532761012,0.2000524219,0.0,0.0,1,0.0031917506,0,0.0,0.5894001483,4.0,7.124007653,-0.029392273,-0.408475967,-0.049074602,-0.870173994,0.2823951711,0.0757839021,7240.2096211,0.0410566741,16.137240104,-0.003745764,0.0220251601,0.0519092371,-0.025053102,0.0781562765,-0.003449417,2.0,0.0010493179,0.9739780627,0.056525582,5.0,16.874633638,0.1720899898,2.1019879814,0,-0.131569503,0.0241606068,0.0114319386,0.0208968155,0.2498809311,2.1619110595,1.018766e-10,1.1355539e-08,1.2373553137,1.5310481723,0.0090746977,0.0230560837
20626,0.3489345815,0.0714422864,0.5022749098,0.0400963203,0.8568528724,1.1016923304,0.0803668396,-0.010143739,0.1875224817,-0.039542735,0.0921996089,-0.039480249,-0.723753977,0.1231489252,0.039480249,40,-0.002921249,0.0091976257,0.0190434478,0.0475497192,0.0861973935,0.146418481,-0.008308822,-0.001237392,-0.195431915,0.3843757195,0,2.0932459243,0.003252871,1.3944621755,0.0011458979,10.287760877,6.2064660691,0.1480481416,0.0,0.0,0,,0,0.0,0.5207878417,6.0,3.0831952159,0.0012811739,-0.158042905,1.1640890398,-0.182340655,-1.335465852,0.214797732,47678.690133,0.0446872923,17.894267288,0.0035789746,0.0198315401,0.0582331018,-0.048223648,0.1090807624,0.0011487238,1.0,0.0089159804,-0.218028383,0.0549994614,6.0,18.069844772,0.0050106074,1.3281369304,0,-0.101630079,0.0215073694,0.00997191,0.0159937531,0.2596195004,1.3325769642,2.260717e-11,1.8156446e-08,1.0926456453,1.1938745062,0.0359027483,0.0281112085
30681,0.1491221493,0.0577652115,0.8989453207,0.0255495949,0.9445815525,0.8014818451,0.102288196,-0.024390575,0.1016937648,-0.042313665,0.0125583326,-0.017064299,-0.33740942,0.0772557381,0.0170642992,40,-0.005561358,0.0306406685,0.0502794062,0.0665475364,-0.005752332,0.415819209,0.0766330223,-0.007226669,-0.204443948,0.3744194353,0,0.9278175291,-0.022384827,0.8310933497,-0.015474772,6.4083169477,2.3476634941,0.0779454594,0.0,0.0,1,0.0124439803,0,0.0,0.5778528361,5.0,-10.12221144,0.1439844818,-2.41082548,3.9271449185,-0.809982159,0.9258512622,1.071828016,14877.427442,0.0288563477,16.80212037,-0.000275432,0.011518375,0.0904110624,-0.002699722,0.0699016977,-0.00333528,0.0,0.0003034901,0.7236177719,0.0087113862,5.0,17.214475052,0.1178785581,1.6221240799,0,-0.111549313,0.0121204183,0.0079266905,0.0133103746,0.3232523657,2.267056297,4.963216e-11,1.4084809e-08,0.8761433534,0.7676271757,0.0112773834,0.0177281829
11703,0.1955191919,0.0539497273,3.740282522,0.0251815209,0.5454451935,0.5216535132,0.0939666722,-0.031515175,0.2663741044,-0.02374038,0.0364922046,-0.00201233,-0.028254848,0.0554740687,0.0020123305,40,-0.003965475,-0.015625,-0.028635035,-0.021689443,0.2136730452,0.1207978485,-0.020881818,0.0135148255,-0.181903452,0.4566948432,0,1.7205696203,-0.056805524,1.1002373418,-0.100056753,4.9624680125,5.8128226478,0.1457795875,0.0,0.0,1,0.001402222,0,0.0,0.8342296148,6.0,47.643935422,-0.050694119,-0.22424824,-8.624883484,0.4221705296,0.5975334254,-8.701877916,61366.781303,0.0248274717,17.868567377,-0.004320511,0.002723153,0.0096401501,-0.024598732,0.0925512382,-0.674226377,0.0,-0.001452282,0.0164194896,0.0507607344,5.0,17.902182069,0.1262281094,0.9557048634,0,-0.25352422,0.0239503086,0.0106980553,0.0168398311,0.2989404535,0.9340624232,4.713976e-11,3.166852e-08,0.8429097266,0.7104968072,-0.021638543,0.0301435593
63132,0.9266919053,0.0717565892,-3.960515484,0.0,1.773522234,2.6801539341,0.0689016086,-0.021722091,0.2128136781,0.012480355,-0.063823986,-0.044390851,-1.688981728,0.1929521572,0.0443908512,40,0.0032583718,-0.034926471,0.0073236951,0.016561093,0.0286017024,0.2594177737,-0.059341363,0.0089387712,0.0704064349,0.3321105606,0,2.9597374652,-0.073066463,1.5681140892,-0.090780316,16.263287089,8.1489677136,0.0897399792,0.0,0.0,1,0.3103170061,0,0.0,0.5613615693,7.0,3.7731380095,0.015769278,-0.1424111,0.4168390058,-2.169900504,-0.280190567,0.1518539907,-10211.14118,0.0588548821,12.081468024,-0.01149442,-0.013401975,-0.036805521,-0.119108519,0.0176790617,-0.017270832,0.0,-0.061285501,0.4064158494,-0.183091879,1.0,11.838078524,0.0233704842,0.6650520273,0,-0.156910843,0.0293916818,0.0170101035,0.0335327542,0.4328379633,1.1793322837,3.2724754e-08,3.6645407e-08,1.4016325922,1.9645739236,0.1139829818,0.0578255872
27959,0.6920602112,0.0416336651,-12.00059921,0.0378241593,1.3512740172,0.4051621004,0.0429670709,0.0516645031,0.0759982227,0.0014164306,0.087759469,-0.035050618,-1.678324522,0.1115084661,0.0350506183,40,0.0017750374,0.0141691713,-0.025214876,0.0549847909,0.0003965421,0.043771236,0.0832133877,0.017111144,-0.011008952,0.3593679262,0,1.0304460073,-0.152988276,0.7225140212,-0.140460886,11.753438114,8.6577424023,0.0721368838,0.0,0.0,0,,0,0.0,0.1700459714,5.0,-0.76151533,-0.099233744,-0.244906038,9.4122789241,-11.55615322,-0.267160608,0.020497977,51320.550401,0.0257826007,17.809506189,-0.000334292,0.0079021716,0.0236735725,0.0016971507,0.011319227,0.1831068002,1.0,-0.000834028,0.6616477643,-0.062608856,3.0,18.067806454,0.1862272018,1.1288829793,0,0.080304809,0.0144249601,0.0097907311,0.0145340605,0.2558923602,1.1007378101,3.433048e-11,2.5915549e-08,0.0975738535,0.0095206569,1.0431600849,0.0208191672
88590,-0.277100743,0.067795611,11.6107201,0.0147842331,0.732487362,0.387291639,0.2865327785,0.0507326879,0.5986880389,-0.05026455,0.0846347951,-0.010886109,-0.071671196,0.0726546035,0.0108861086,40,0.0,0.0652173913,0.0160705655,0.0004455655,0.0081850233,2.302919708,0.2862569878,-0.007088822,0.1477489508,0.3600614238,0,0.8075761498,-0.163062801,0.8075761498,-0.163062801,5.2654978084,3.1553470919,0.1169561946,0.0,0.0,0,0.0,0,0.0,-1.038153377,6.0,-10.10745269,0.1164060971,-2.376248758,3.5009220264,-0.530488614,-0.631860953,1.0672268814,108.04244162,0.0288563477,15.201567474,-0.004750727,0.0282888135,-0.048196695,0.0040327204,0.1411352286,0.0072701018,1.0,-0.001449671,1.0992983661,-0.029174966,5.0,15.213288557,0.0796397113,1.3600308897,0,-0.111549313,0.0303147268,0.0096132462,0.0185721831,0.2675745829,1.5683507013,3.423121e-10,1.6765005e-08,1.2149336334,1.4760637335,-0.010352092,0.0230407911
30940,0.2403007973,0.0645455962,9.2636208949,0.0110096904,0.3764791117,0.6068454726,0.1660655426,-0.013642375,0.3617283267,-0.020515737,-0.042231451,-0.010422646,-0.100492653,0.0710319544,0.0104226461,40,-0.013015014,0.0,-0.015487366,0.0475943412,0.0324209188,0.1546547607,0.0703554135,-0.019932762,0.032711552,0.4307751273,0,1.8983697665,0.0387956497,1.2219780892,0.0656238044,10.831320084,4.5063499645,0.2024433746,0.0,0.0,1,0.2586697477,0,0.0,0.9418449416,7.0,7.1426378409,-0.018191146,-0.138205697,-0.125312609,-0.617753002,0.0952059522,0.0633409115,3587.0896511,0.0410566741,15.666044067,-0.000130377,0.017624407,0.0529369391,-0.020061306,0.0461090039,-0.038107246,2.0,0.0,0.4170711745,0.0771942628,6.0,16.303988001,0.2636172987,2.148595887,0,-0.131569503,0.0413911343,0.0185215621,0.0224857606,0.3989416598,3.7428613706,2.438663e-10,1.016796e-08,1.4683994479,2.1561969385,-0.013017479,0.0290524603
31051,0.4943951364,-0.263661782,-1.656225166,0.119866142,1.3881499849,3.4121350042,-0.070022242,0.3397691501,0.6782791186,0.0484126984,0.4296403572,-0.070798577,-0.526222222,-0.124917093,0.0707985769,32,-0.044069722,0.0071428571,0.0609969392,0.0066115258,-0.137480414,0.1247761194,-0.221846,0.0575725778,-0.297886504,0.6254343672,0,2.3892677674,0.6185510813,1.4161880833,1.3595304297,7.4167091187,8.6815742397,-0.161235843,1.0,0.0,1,1.0,0,0.0,1.5584955899,2.0,-0.84947191,-0.108510498,-0.101384079,0.7951132574,-1.443363378,0.1976110835,0.8091015777,-3103.382316,0.0352290716,9.0266542344,-0.001149048,-0.00945071,-0.024774158,0.0220828656,0.1215040579,0.0041832222,1.0,-0.027085062,2.9922219508,-0.06754189,2.0,6.0823558937,-0.156197639,0.080658733,0,-0.095378135,0.0538193509,0.0309722582,0.0486412689,1.9008359489,0.5282470436,0.0001049881,1.0000005149,0.2048507042,0.041963811,0.8008957828,0.0824462141
12486,0.4549804106,-0.007284169,6.9046023166,0.0,0.3140286249,1.2618422224,0.0056815755,-0.070553892,0.6235735679,0.0140232701,-0.163723783,-0.042049005,-4.572649573,0.0260237837,0.0420490048,27,-0.044131806,0.0267857143,-0.041905977,-0.554251656,-0.036792281,0.179525668,0.041984242,-0.002843386,0.0161996802,0.4095191712,0,1.2383327396,-0.176747455,0.874242964,-0.114502565,31.301930502,8.2726530612,0.0868583811,0.0,0.0,1,1.3156996587,0,1.0,1.1092956963,4.0,-0.836820451,0.0153337836,-0.081741221,0.7556985316,-0.911548602,0.0645219504,0.9600424544,-3079.791516,0.0352290716,10.209951882,-0.002995034,0.0002975858,0.0005476076,0.0075020716,0.0528226464,0.0210295807,0.0,-0.00812465,0.9242349049,0.0294445758,4.0,7.5557897376,-0.467161788,0.1759242722,0,-0.095378135,0.0569619685,0.0231623633,0.0503186684,1.7344663787,0.3687094532,0.0001049881,2.6009684e-07,0.8761970642,0.7677212952,0.1402842112,0.0801744789
42200,0.4151631367,0.0327653477,10.505666539,0.0064237289,0.4253020038,0.4548307859,0.0602366001,0.0474731878,0.2847544994,-0.001287447,0.0715839619,-0.02980675,-0.747248179,0.0572491941,0.0298067503,40,0.0060442133,0.0131578947,0.0327698049,0.0316315748,-0.016572592,0.6625424248,-0.04400622,0.0033068032,0.0238733068,0.1842449191,0,1.788938742,0.0320883409,1.3110344712,0.0082729249,12.797198277,4.7543453268,0.1374324403,0.0,0.0,1,0.0363126633,0,0.0,0.5452900921,4.0,-10.04030791,0.0017802341,-0.069404257,0.3878049936,-1.31913372,-0.121066193,0.1304424366,1804.6892267,0.0318276958,15.530340238,0.0003638263,0.0120308439,0.0231594641,-0.003215926,0.0483834602,0.0032295895,3.0,0.0002175805,0.2286057284,-0.01871472,5.0,15.959936857,-0.030966328,1.6583019964,0,-0.095378135,0.0347879492,0.0145910739,0.0178162308,0.3196483595,1.4719610594,4.222456e-10,2.2969605e-08,1.0478016353,1.0978882668,0.0851867583,0.0206161666
63159,0.6996415969,0.0731311621,0.8484554621,0.007114531,0.2582471143,2.0403248854,0.1259187803,-0.022804344,0.4165205979,0.0162929005,-0.241844313,-0.00955126,-0.126564345,0.0823869597,0.0095512601,34,-0.087627465,-0.235294118,-0.162835269,0.0022849144,0.1055033182,0.0733282189,-0.00335499,-0.089323621,0.0938444924,0.6001505471,0,3.3828874712,0.4544419944,2.1680158688,0.8382766556,15.176225034,12.506430273,0.3434494889,1.0,0.0,1,1.0,0,0.0,0.6312365011,7.0,3.7721254982,-0.491812986,-0.342778747,0.1897886974,-2.870204267,-0.279741961,0.0412887933,-10372.18844,0.0588548821,12.15172614,0.0008944858,0.0239894333,0.0321313283,0.0487932941,0.0965433657,-0.020483947,0.0,0.0,-0.410479314,0.018715977,5.0,11.282709984,0.5967356293,0.9912286458,0,-0.156910843,0.0599613041,0.0238332207,0.0405150199,0.404306925,4.2236600583,1.3845884e-08,1.0475582e-08,0.9659023778,0.9329674035,0.3027980127,0.0574451365
31480,0.70342866,0.0718768518,-0.724466056,0.0280245603,0.434357229,1.3212449622,0.1105220228,0.0651074145,0.3159373957,0.0035358406,0.430964671,-0.014341064,-0.220075708,0.0876952009,0.0143410638,40,0.0318463482,0.2781546811,-0.011463028,-0.082632816,0.0703038719,0.1242736444,-0.110038257,0.0427198791,-0.080117784,0.5123454,0,5.3020229064,0.0168048268,2.7434924885,-0.07396246,8.8932743922,8.0729763816,0.2834619639,0.0,0.0,1,1.0,0,0.0,0.4382307834,7.0,-0.007031406,0.0250000735,-0.099604216,-1.274181304,-0.472329072,-2.335712847,0.2235033492,-1880.893373,0.0506976226,11.558137794,-0.003299935,0.0209993601,0.0336318991,0.0043627922,0.1124513587,-0.022990557,1.0,0.0009506084,1.3176495456,0.0222965858,6.0,10.334330571,0.1602274247,0.3474133333,0,-0.060001469,0.0226716213,0.0112195193,0.0198497276,0.914115646,1.654404209,1.0089058e-07,6.142482e-08,0.4267981112,0.1821566277,0.3006028306,0.0251498155
14276,0.3045130594,-0.139614291,-1.368470506,0.0,2.4811768056,2.3107814113,0.0395170143,-0.20125,0.2046875,0.0072115385,-0.115595611,0.0003474635,0.0078740157,-0.140713616,0.0003474635,40,-0.003127172,-0.170454545,-0.104388581,0.170567636,0.0908343643,0.3759541985,0.495073673,-0.0015625,-0.558917197,0.5787374804,0,2.5876460768,0.1618806585,2.0050083472,0.1000820752,2.952247191,5.077294686,0.0291120815,0.0,0.0,1,1.0,0,1.0,0.9394904459,3.0,-10.99682265,0.1034118131,-0.253016697,0.2771549163,-0.962177579,-0.751559493,-0.067520373,-2204.455903,0.0318276958,13.117619759,0.0011198208,-0.003014643,-0.035,-0.217974514,0.2368181818,-0.007509172,2.0,-0.054874703,1.0024070768,-0.117443852,0.0,13.227112902,0.2977290485,0.9265908732,0,-0.095378135,0.0404127501,0.0272694307,0.0393108824,0.3637670986,1.2848002729,1.2273306e-08,2.5713316e-08,2.1878834123,4.7868338259,0.0580892294,0.0572694538
11762,0.496438761,0.0563863359,6.134,0.0292152293,0.5563158294,0.7092162004,0.0706009245,-0.055281621,0.2212110112,-0.015154704,-0.050354305,-0.002463054,-0.047406581,0.0590594193,0.0024630542,40,0.001332947,0.0,0.0229520094,0.0177436761,0.0060126039,0.252,0.0135529906,0.0012679271,-0.059853493,0.2082457276,0,1.512605042,-0.148672411,1.0591970121,-0.180202533,21.980506823,6.1499863649,0.1507792279,0.0,0.0,0,0.0,0,1.0,0.4540527664,7.0,3.0973029386,0.0161893807,-0.16724053,1.3115932194,-0.704718873,-1.501559769,0.1507082261,26679.311793,0.0446872923,17.182035753,0.0001460323,0.0136898002,0.0283120675,-0.022113047,0.0176392038,-0.015623979,0.0,-0.001754386,0.1382759713,0.0482010194,4.0,17.568082266,0.3318914396,1.5265669578,0,-0.101630079,0.02437439,0.0141302002,0.0184194184,0.3576366564,2.9190753022,6.565905e-11,1.6116925e-08,1.3813023642,1.9079962212,0.0143229565,0.0251617688
70578,0.233431769,0.03837829,79.856562786,0.0110623155,0.385588862,0.4556544481,0.1056073451,-0.008647162,0.3808570774,-0.004257227,-0.01165444,-0.031342703,-0.509477885,0.05793118,0.0313427034,40,0.0074162728,0.0443686007,0.0774970951,0.0546388396,0.0121364738,0.2828951682,0.0102898075,0.0271840705,-0.003866944,0.2323021262,0,1.1104500068,-0.175458254,0.7760452287,-0.19816704,68.132156489,5.4366695854,0.169942867,0.0,0.0,1,0.0010896382,0,0.0,0.981809022,7.0,47.631000815,-0.011392117,-0.164254639,-8.586970907,0.5475457758,0.9931765423,-8.699420804,25793.269603,0.0248274717,17.334857819,-0.001696654,0.0134149959,0.0378472018,-0.007669574,0.009786425,0.0119004032,0.0,-9.1141e-05,0.7178928477,0.0012669298,5.0,17.371237526,-0.11981283,1.0299290272,0,-0.25352422,0.0136779547,0.0078605124,0.0122715447,0.2807357356,1.0456043708,5.635337e-11,2.6887546e-08,0.9341430218,0.8726231852,-0.003861017,0.0166521777
82855,0.6106953608,0.0567278928,-7.738200672,0.0276454477,1.2874944642,0.5692923381,0.0362833274,0.0979844869,0.0841639486,0.002142181,0.126240261,-0.051974916,-1.661547885,0.1509840032,0.0519749165,40,-1.8133e-05,0.0,0.0305078159,-0.058474587,-0.074363137,0.0334928633,-0.050445399,0.1009551059,0.0428264322,0.4732309907,0,1.1084058534,-0.147439246,0.8461964813,-0.124038325,22.652700968,12.892924893,0.0892252257,0.0,0.0,0,,0,0.0,0.1845951561,4.0,-0.756252136,-0.100225428,-0.25907521,9.3309140737,-11.35460617,-0.438323977,0.0599735141,-6130.535679,0.0257826007,14.417519625,0.0006533621,0.0178907291,0.057622898,0.0040902866,0.0039169713,-0.240308847,2.0,0.0046170559,1.031681069,0.0275552492,5.0,14.518792076,0.1262925029,1.2053486151,0,0.080304809,0.0135134896,0.0103994281,0.0157943,0.2810736967,1.1953013742,1.0340729e-09,2.5744133e-08,0.4746745457,0.2253159243,-0.037571572,0.0235365395
32054,0.9344944778,-0.230887134,-0.546631948,0.0382923448,0.2314563022,0.838563353,-0.170447462,-0.181226384,0.2365872343,0.018205936,-0.072029243,-0.066407705,-0.372463537,-0.144890096,0.0664077046,32,-0.007337486,0.123100304,-0.121705388,-0.363750371,-0.007566327,0.3365302808,-0.067992985,0.0025646814,-0.204414015,0.6240680528,0,3.994751773,-0.133261321,2.5963356974,-0.207070158,2.7621775509,3.3195919304,-0.769537629,0.0,0.0,0,,0,1.0,0.2868257052,2.0,3.0384704854,0.0166871721,-0.044140226,1.7496489361,-1.025344342,-1.065658247,-0.053241289,-4929.421487,0.0446872923,12.314351351,-0.000789013,-0.014419674,-0.01891928,0.0247809191,0.2675854289,0.0020470396,2.0,0.0193965517,0.3489295337,0.0504099838,3.0,12.391504582,0.6903376941,1.0810636974,0,-0.101630079,0.0180555712,0.0101432547,0.0239342984,0.3992224054,1.4665542683,8.9202409e-09,2.6941536e-08,0.8802276506,0.7748007168,0.2546167132,0.0447490072
32062,0.8681081026,0.0823686266,-0.010263017,0.0,0.1682006506,0.5301256852,-0.162060302,0.0916012372,0.3406297089,0.0002945508,0.6597325409,0.0630189967,0.7595978062,0.0198015985,0.0630189967,34,0.012436962,0.064516129,0.0764409112,0.0884891039,0.0382748947,0.1823734729,1.0177137871,0.0118962646,0.0237059398,0.784532694,0,11.328236493,-0.677813499,10.080530071,-0.683885817,0.7833778371,9.5406504065,0.7279329609,0.0,1.0,0,0.0,0,1.0,0.3798277546,4.0,-9.987386431,0.0298542182,-0.018046023,0.8407499594,-0.064741681,0.591238836,0.092994841,-3100.823147,0.0318276958,9.3482588458,-0.004658272,0.0142575126,0.0164654226,0.0171075138,0.6239813737,0.0017662816,0.0,-0.00938924,1.7394435352,-0.02867768,3.0,7.87679102,0.0100604879,0.1161170004,0,-0.095378135,0.0744547769,0.0342932799,0.0229588445,0.7830649573,0.2412388002,1.07526e-05,5.0000003021,0.1805970609,0.0326152984,1.2703260175,0.0307293309
22103,0.2794832183,0.0937259648,3.5252393054,0.0438886529,0.482809767,0.7713888999,0.1994387971,-0.086404434,0.3995119328,-0.060286676,-0.003568879,0.0078244894,0.0667896679,0.0874660387,0.0078244894,41,-0.009078137,-0.037358818,-0.09100542,0.0297357631,-0.013481878,0.2273361227,0.0401106361,-0.028539521,-0.201403301,0.4181718127,0,1.2883333333,0.0022609736,1.0515384615,0.0090472365,7.073897875,5.054158169,0.252055774,0.0,0.0,0,0.0,0,0.0,0.9347761637,4.0,-0.748072413,-0.022334451,-0.145885754,0.5802013392,-0.923154774,0.621965327,1.0214847094,25802.163554,0.0352290716,17.374663593,-0.002316251,0.0276167746,0.0740656075,-0.03434313,0.142747193,0.0072448009,1.0,-0.00113199,0.1486806857,0.0512000144,5.0,17.758253909,0.3619804015,1.3593004959,0,-0.095378135,0.0183469113,0.0106572657,0.0170426643,0.1549457624,0.8753703876,4.364914e-11,1.7314441e-08,1.1598048613,1.3451473162,-0.031987613,0.021602831
81124,1.5326877325,0.0528599672,-0.599099693,0.119866142,0.1107183147,2.131236806,0.3046811945,-0.215598935,0.1722293026,0.0,0.0035434067,-0.036390122,-1.359218172,0.1247081951,0.0363901225,41,-0.012997483,-0.023809524,-0.019350114,0.0319943321,-0.008568126,0.974025974,0.5717237308,-0.014750975,-0.23753959,0.8376838795,0,17.487370838,-0.105296253,16.190298507,-0.108908848,1.7352051836,9.7887649096,0.4972208186,1.0,0.0,0,,0,0.0,0.1896010446,5.0,3.1100929724,0.10835774,-0.191050054,2.3478421908,-1.376891976,0.8639319723,0.2163570019,-5083.360607,0.0446872923,9.9852518692,-0.002100293,-0.011404157,-0.01217442,-0.16024847,0.7847800619,-0.000797872,0.0,-0.022871058,2.2126373092,-0.118884878,3.0,8.6257605284,-0.259280581,0.1989433591,0,-0.101630079,0.0253164303,0.0172633123,0.0320337482,1.0051296199,0.9293681198,6.868626e-07,6.8669331e-08,0.5629141092,0.3168722944,-0.337264139,0.0530559051
23042,0.6057682494,0.0518945112,-43.03931196,0.034322315,1.2427506957,0.5044833538,0.0548500582,0.1143150843,0.0991037484,0.0101059381,0.1520056319,-0.037095664,-1.253595219,0.1169492224,0.0370956636,40,0.0039635738,0.0,0.0975888816,-0.154968606,-0.067806966,0.0383112981,-0.031557647,0.0829800773,0.0442260803,0.4773479276,0,1.3231262829,-0.182595427,0.9752057161,-0.157370333,95.495535061,5.7910249012,0.0934667608,0.0,0.0,0,,0,0.0,0.227751982,4.0,-0.760291285,-0.07834202,-0.25907521,9.3259869622,-11.15157769,-0.604839658,0.0259387333,-6449.164139,0.0257826007,14.202556884,0.0006868187,0.0103850711,0.0321436925,-0.001865082,0.0026741453,-0.136881541,1.0,0.0013617794,1.4201385837,-0.067126937,6.0,14.634797954,0.5431760802,2.4758446407,0,0.080304809,0.0099849273,0.0031728282,0.0066321344,0.3920501769,2.5228426363,2.640578e-10,1.5551331e-08,0.1730133906,0.0299336333,0.9224377909,0.0295068576
32548,2.5924269673,0.1937378089,-4.338585232,0.0,0.9365561669,3.3361900571,0.0737435069,0.1341054629,0.2934935568,0.0,0.2475877029,-0.032451295,-0.634736613,0.3167102896,0.0324512953,17,0.0289801921,0.0283911672,0.1394386591,0.0408586516,-0.011238206,0.1274213858,0.0614548887,0.0569886948,0.1048110443,0.6526890828,0,3.6031342786,-0.127769734,2.2664295581,-0.085435162,4.8650944748,2.7699363622,0.3525692226,0.0,0.0,1,1.0,0,0.0,0.40650628,6.0,3.7722283944,0.0253490376,-0.079093463,2.2796009469,-2.808110889,-0.352146535,0.2756121232,-10416.77229,0.0588548821,10.398747688,0.0001295821,0.0067995591,0.010029383,-0.245216177,0.3061278368,-0.059039253,0.0,-0.050847458,-0.496239494,0.0296282265,4.0,8.750873014,0.0947364295,0.2180782181,0,-0.156910843,0.0240964349,0.0160286832,0.0289229682,0.8509095356,0.6243823499,7.0407644e-07,1.2723829e-07,1.4908495605,2.2226324121,0.3090167126,0.0678273956
26470,0.7346733666,0.0214388135,-183.1412575,0.0073807197,0.5860111608,0.2892117304,0.0561612123,-0.073080415,0.1234567845,0.0039803873,-0.276430831,-0.09495575,-6.080105978,0.1517890715,0.0949557501,40,-0.005968275,-0.548387097,-0.226874874,0.1608903707,0.182437027,0.1079369688,-0.761094135,0.6163878933,0.1947450314,0.4690430489,0,1.6407679142,3.2625109662,1.6153343696,3.428478885,725.80669546,8.5249305547,0.2021672213,0.0,0.0,0,,0,0.0,0.2728414332,7.0,-0.793369251,-0.148750648,-0.875532671,9.4548920795,-11.47302227,,0.0607785824,-3094.444399,0.0257826007,15.232415232,-0.025097506,-0.03880772,-0.061761798,-0.041354936,0.0001267277,-1.87985494,0.0,0.0012033694,0.1669725,-0.059537199,4.0,16.682116046,-0.086665321,5.4626983555,0,0.080304809,0.0518107042,0.0300475938,0.0521807495,0.2211546091,3.3770165811,4.685644e-10,6.5520523e-09,2.1513634556,4.6283647183,0.0722573037,0.0425160492
32986,0.5411197336,0.0533659259,-25.5997201,0.0271030984,0.9990006484,0.7015755708,0.0698878633,0.0579706992,0.1054359755,0.0108678328,0.0707412146,-0.058961369,-1.654983734,0.1416856653,0.058961369,32,-0.004006298,-0.001680319,-0.161666379,-0.021188802,0.2088792538,0.0369817699,-0.020674648,0.0880738883,0.0351771999,0.4785423897,0,0.546391092,-0.358667963,0.3306091063,-0.387097847,144.56203539,14.033527578,0.1034260806,0.0,0.0,0,,0,0.0,0.2552141252,6.0,0.1498014096,-0.059034314,-2.727180435,-53.95238753,-0.194669194,-0.35428232,-9.223719573,-514.8698086,0.0244389518,15.819041253,-0.00067146,0.0026467476,0.007261627,-0.020634317,0.0031511243,0.1682818659,0.0,0.0001718804,0.1062249428,-0.007766757,5.0,16.262192114,-0.017089035,1.648437067,0,0.080304809,0.0100566447,0.0097313582,0.0147846298,0.3634798159,2.3262563088,2.071493e-10,1.9297272e-08,0.3742751976,0.1400819235,0.1071331438,0.0233312337
14813,0.2088611269,-0.016207341,12.204843596,0.0109541646,0.3034183022,0.1843262095,-0.073856221,2.3874659401,0.7427248167,1.251001596,5.2346570397,-0.174928563,-3.366631243,0.0383567995,0.1749285626,3,0.0,0.5,3.499465812,2.7026186714,-2.357109136,4.743872549,0.3769104998,0.003087611,0.9912151067,0.0885425983,0,0.4393939394,-0.755701903,0.341951849,-0.771823859,4.2108990753,98.6359447,0.2027874951,1.0,0.0,0,0.0,1,0.0,0.7454022989,4.0,-9.12765589,0.2896055364,-1.941466149,3.9868838961,1.302947919,-0.888072133,1.0329290775,-4118.301338,0.0288563477,10.195818655,0.018676039,-0.05719034,-0.210257848,-0.261799944,0.0511992551,-0.009932123,3.0,1.1243243243,4.9627868847,0.1206165068,4.0,10.105489185,,0.8105387408,1,-0.111549313,0.1020848826,0.0353186427,0.086630337,1.4655486335,16.861921292,1.0924321e-06,1.6883898e-08,0.984177152,0.9686046665,2.8223223692,0.1044233382
33137,0.6148122334,0.2831439033,0.3793084891,0.0917348118,0.112918762,0.6474189018,0.9227535636,2.3874659401,1.2669235112,0.0019960985,1.9137191854,-0.168070017,-0.123042195,0.6273066775,0.1680700173,31,0.0,0.0,-0.096251413,,0.3389673455,,,0.0,3.3337725082,0.9776618784,0,6.9303797468,0.2729864779,6.9303797468,0.2729864779,0.9019443319,,1.6230229252,0.0,0.0,0,,0,0.0,5.4785918173,5.0,48.017319159,0.5207043639,-0.20862324,-8.205590443,,-0.42104935,-8.085737688,-5499.216297,0.0248274717,10.023278675,0.030250324,-0.043935284,-0.098266522,-0.100918086,0.9461858271,0.0,0.0,-0.219476421,-0.334870465,-0.06572005,3.0,9.6039575674,0.3197679592,0.7317953937,0,-0.25352422,0.0449526198,0.027896029,0.0540521278,0.5811883047,2.0188815685,4.1742446e-07,3.0948924e-08,1.2831720084,1.6465304032,0.3755846515,0.0961422629
52476,0.227850849,0.0380493623,34.212049135,0.0126140782,0.2526543935,0.2523229892,0.1438147334,0.0295821494,0.3506024362,-0.020508614,0.1094638228,-0.054004189,-0.677191072,0.0638160507,0.0540041892,40,0.0,0.0714285714,0.0575111767,-0.031284432,-0.007992517,0.6713240186,0.0229193512,-0.023304478,-0.043725823,0.1243034102,0,0.7351476127,-0.248865988,0.7351476127,-0.248865988,13.603573423,7.2253855279,0.2454241673,0.0,0.0,0,0.0,0,0.0,0.6620159082,6.0,-10.12024364,0.1211992641,-2.370037577,4.0058736182,-0.777484254,0.6011572003,1.0583883286,5421.4564416,0.0288563477,16.476569321,0.0016570712,0.0257114818,0.0543919542,0.004697125,0.0313559695,0.0261795284,2.0,0.0005145092,0.5690499034,-0.033505,7.0,16.608737416,0.0286702546,1.3727572667,0,-0.111549313,0.0201242045,0.0097219037,0.0154437099,0.4637120131,4.0561163854,1.348241e-10,1.8803537e-08,0.8198243488,0.6721119629,0.0196608025,0.0186710614
24328,0.3993454166,0.0336005701,2.0732746195,0.0015865537,0.4959853317,0.215209946,0.1129618147,0.2321113867,0.1803386889,0.0047188569,0.1550169696,-0.094171223,-2.668993812,0.1232802837,0.0941712232,40,-0.00141932,0.0795805059,0.3263670301,0.0281920287,0.0445368778,0.0674119816,-0.139843997,0.2584242549,0.1358254758,0.5544714486,0,2.284788219,-0.047429355,2.2798150883,-0.034384245,2.2922252882,8.0687064051,0.2005491272,0.0,0.0,0,,0,0.0,0.3937131269,6.0,-0.760711743,-0.061504817,-0.179494704,9.1195641294,-11.23956434,0.8495516817,0.0322697946,3733.5876006,0.0257826007,16.236557492,-0.002427817,0.0030051583,0.0079363674,0.0005318817,0.1210088918,-0.011103663,1.0,-0.003396634,0.8468472824,-0.084025463,5.0,17.215563156,0.3269803496,2.5481531654,0,0.080304809,0.056499809,0.0237761333,0.0340017348,0.3353876365,3.4538131431,1.906863e-10,1.0618374e-08,1.0554410311,1.1139557701,-0.040575048,0.0311570524
33532,0.4250299508,0.0631776328,18.519611277,0.0250627492,0.1803817283,0.6531984925,0.0923789966,-0.099264654,0.3016397369,0.0249688804,-0.294655584,-0.044105168,-0.445934807,0.0913507383,0.0441051676,37,-0.033588409,-0.280864198,-0.157028782,0.1081308712,-0.028265615,0.3779751638,0.2242859465,-0.098060208,0.0207378773,0.3665754491,0,2.1688086688,0.1664129463,1.4198954199,0.1721939943,29.469243913,4.2916018663,0.3848850968,0.0,0.0,1,1.3156996587,0,0.0,0.4818145643,6.0,-0.332207283,-0.216698641,-0.250685776,0.1138868178,-13.21444348,,0.1202116047,-1309.536011,0.1187585399,12.043989411,-0.010054824,0.016224,0.0217907529,0.0133742072,0.0180622985,0.0130503983,0.0,-0.003797468,0.719938721,-0.167434203,5.0,10.696397524,-0.016341599,0.2518237935,0,-0.051660395,0.0521661527,0.0207235723,0.0390840421,0.5319742045,0.6990949187,7.6788438e-08,7.6268942e-08,0.5350164175,0.286242567,-0.875072082,0.0468990643
31691,0.5208642058,0.0536002964,1.9234905515,0.0385457362,0.0574733935,0.4518388792,0.2045390603,0.0600654361,0.2342119884,0.0061674009,0.2406397674,0.0752449732,0.7888784166,0.0113161794,0.0752449732,41,0.0291870187,0.0,-0.011239267,-0.629170635,0.5340167107,0.1784713886,0.0574034924,0.0350638928,0.0433096097,0.7418888889,0,9.9858889934,-0.170754575,6.3527751646,-0.179471996,2.0611461054,4.0077669903,1.1774821544,0.0,0.0,0,,0,1.0,0.2559449523,4.0,45.166369588,0.0266744789,-0.119958931,8.8145538505,-1.63615188,0.2144189674,0.2872436153,-5149.666616,0.0587429544,10.962544405,0.0014044944,0.0255939902,0.0284180919,0.0104457785,0.4414677429,-0.0120508,2.0,-0.000569446,2.6272363913,0.0124754281,3.0,10.180960201,0.0519977869,0.2787878788,0,-0.101630079,0.0245901793,0.0131951743,0.0174976357,1.3588897697,1.509369802,4.559912e-07,3.0000000952,0.1772649419,0.0314228596,1.0891862108,0.0413147074
42550,0.0838337251,0.0464435425,40.328295098,0.0118271695,0.1614555979,0.4650038853,0.3275461015,-0.071838219,0.5316242163,-0.049851134,0.0742661223,-0.001330885,-0.007301022,0.0467826278,0.0013308852,40,0.031964689,0.0430408049,0.024140978,0.0468747789,-0.009588648,0.1305402798,-0.118152363,0.0546789887,-0.264490399,0.5477585486,0,3.069968499,-0.152846223,1.7282092162,-0.274452236,22.673174568,7.7126217376,0.3492894597,0.0,0.0,0,0.0,0,0.0,1.2036796355,4.0,47.613398598,0.031248076,-0.165582435,-8.736568951,0.3700495618,0.6007553562,-8.710569356,-525.031577,0.0248274717,15.386499681,0.0010315776,0.0480274057,0.1249201735,-0.011389104,0.085592484,0.0106374629,1.0,0.0018207283,0.3071296898,-0.033953222,6.0,15.183975479,0.1525132954,0.9117225082,0,-0.25352422,0.0252742302,0.0135618526,0.0227483359,0.4321738995,1.6721599484,7.872031e-10,2.8386793e-08,0.8430040936,0.7106559018,0.1397099777,0.0203265177
87696,0.4643810646,-0.093717314,3.6539079898,0.0,0.1255982893,0.3377116012,-0.066161401,-0.063255872,0.2802655046,0.0086614839,0.2339380042,-0.107049684,-0.696664443,-0.028427794,0.1070496842,30,0.006099259,0.0480769231,0.2930690541,-0.295519207,-0.007578084,0.7213636538,0.1444582534,0.0254717637,-0.120544647,0.3773789262,0,2.326733063,-0.549959423,1.7211549817,-0.616018856,2.9339344233,5.5645216675,-0.479497755,0.0,0.0,1,1.0,0,1.0,0.3300207203,2.0,2.7784164987,0.1134997133,-0.119163607,1.2795355229,-0.257360642,-1.065658247,0.0632210132,-4639.324907,0.0446872923,12.597999508,-0.010803725,-0.007488302,-0.009432983,-0.071181578,0.1990035683,-0.107644424,4.0,-0.001680672,-0.062971951,0.0554958284,3.0,12.167903379,0.4955617571,0.714911559,0,-0.101630079,0.0696325228,0.0282814268,0.0386615014,0.4364636459,1.0815559772,3.0986822e-08,4.0132629e-08,1.4168857956,2.0075653576,0.0760131244,0.0388760606
33770,0.6799080384,0.0894434712,-7.256147186,0.0220419065,1.5863289817,0.8402280741,0.06320174,0.15594602,0.0749246472,0.0057795514,0.1655257478,-0.095361029,-2.253190691,0.290976668,0.0953610295,29,0.0,0.1186440678,0.3687852103,0.3613707369,1.1326441779,0.3574346405,0.1281876657,0.006918756,0.134195861,0.3328194909,0,9.4394090305,-0.183032979,9.4394090305,-0.183032979,4.8149110149,1.0771068262,0.0706612747,0.0,0.0,0,,0,0.0,0.2450362654,6.0,0.0374995716,0.0907449682,0.0548504389,-0.171283874,,0.4790319763,0.1924928702,-9601.182328,0.0331128264,11.131190694,0.0016132785,0.0164606454,0.0562067065,0.0416729784,0.0536282182,0.0164427862,0.0,0.0046296296,2.1182651464,-0.075671163,3.0,10.430898308,-0.257991862,0.4179726997,0,0.048781298,0.0653206855,0.0220274576,0.0310630714,0.641390543,1.3268295468,1.5326881e-07,5.2037284e-08,0.4661445074,0.2172907018,0.4189620295,0.0330910311
87717,0.2185330238,0.0440816322,5.8493049823,0.0145774611,0.1192191725,0.7678239071,0.3012125429,-0.041099412,0.2697640848,-0.053798265,0.0978113715,-0.006122203,-0.047966505,0.046196074,0.0061222033,31,0.0,0.0546369518,0.079678211,-0.071734924,0.002087915,0.0915501983,0.0723434261,-0.000389742,-0.10378778,0.7399983932,0,2.326986744,-0.161607314,2.326986744,-0.161607314,6.7856411179,5.3110824713,0.4376063391,0.0,0.0,0,,0,0.0,0.3901067881,6.0,-0.647126535,0.2654052815,-2.727180435,-0.098641725,-0.854958863,0.8766563343,0.1283797084,6970.1307952,0.1414151747,16.013544911,0.0038533137,0.0403461358,0.0627099985,-0.006138533,0.3455736752,-0.003205156,3.0,0.0004250797,0.6915304949,-0.013851413,5.0,16.570912645,-0.091163686,1.642800777,0,-0.161175968,0.0149253635,0.0097919782,0.0157059662,0.3106808238,2.0484410511,1.261161e-10,1.5062785e-08,0.7159684019,0.5126107525,-0.057946812,0.0228666577
33823,0.6908694631,0.0085893205,2.945206383,0.0099628982,0.2872650524,0.9033548031,0.0653601932,-0.08845361,0.2845660233,0.0163374964,-0.050221174,-0.092998885,-11.10436137,0.1039682393,0.0929988846,35,-0.006300808,-0.093693694,-0.033458508,0.04955841,0.0424327352,0.2060625049,0.0389417414,0.0020032251,-0.103459651,0.4143099499,0,2.9253106928,-0.076117906,1.6917374185,-0.077696481,21.549042553,5.7057829357,0.2280805239,0.0,0.0,1,1.0,0,0.0,0.3930679661,6.0,7.1080158281,0.0132789065,-0.23189939,0.3252560566,-0.352726464,5.2337979942,0.0962771964,-4226.779079,0.0410566741,11.853257789,0.0006707434,-0.019285177,-0.029421986,-0.091410756,0.0408427692,-0.041026422,0.0,-0.039832285,0.7118065926,-0.20185226,5.0,11.719808897,0.8417644854,1.0275981926,0,-0.131569503,0.1139564514,0.047227703,0.0620981428,0.6423011898,3.2379547032,9.0159093e-08,2.1977508e-08,1.5514855491,2.4071074091,-0.042219684,0.0493289939
87725,0.6742760529,0.0731140679,1.1033219075,0.0074461172,0.2021464216,1.5070860363,0.1412408968,0.0134114761,0.2726805428,0.0048430103,-0.229592361,-0.054402612,-0.647812068,0.1204782435,0.0544026118,31,-0.061465977,-0.06729634,0.0942006661,0.1806859915,0.1755510884,0.1417710091,0.2472371447,-0.047960435,0.1192511306,0.5681288469,0,3.3028848252,0.463578721,1.8624579933,0.9389275837,13.455529497,9.5657304091,0.4878204385,0.0,0.0,0,,0,0.0,0.3896569266,7.0,0.9547304751,0.0770638067,-0.04188023,0.8244253751,-0.226905722,-1.016572421,-0.164660127,-1337.284187,0.0987435057,13.207818126,0.0106699897,0.0386752987,0.0504111885,0.0033542889,0.1277979088,-0.008547107,2.0,0.0012437811,1.1136023076,0.1360783442,5.0,14.047934479,0.36398898,1.9356258206,0,-0.200344257,0.0491631739,0.0339280677,0.0384370023,0.4007347168,5.0239041234,3.9206885e-09,1.0024122e-08,1.3886825891,1.9284393332,0.1128609499,0.047090241
11850,0.4490393425,0.0837318988,10.850676256,0.029785074,0.4336678962,0.9391850739,0.0470296005,0.0077420359,0.189286291,-0.030911188,0.0127229982,-0.036179756,-0.387330873,0.1161638483,0.0361797556,40,0.0015596703,0.004,-0.065302232,0.0898316969,-0.027182838,0.0684574224,-0.029236936,0.0369512814,0.0022758228,0.4835137785,0,0.8186220661,-0.010001196,0.5605805084,-0.068698576,78.308930872,13.023064015,0.2976441558,0.0,0.0,1,0.0321805544,0,0.0,0.3736487302,3.0,0.2013098028,-0.040074358,-0.019283544,0.7402229881,-0.162475547,-0.293475058,0.2772188081,98593.130203,0.0739470786,18.593941823,-0.010485764,0.0121748119,0.0245557949,-0.11573286,0.0126107403,-0.060058741,1.0,0.0014794889,0.0884908718,0.0362930099,6.0,18.734862128,0.123388286,0.7029668324,0,-0.13824669,0.0133803487,0.0074182198,0.0136679382,0.2064892307,0.5661775197,7.956792e-12,3.9004111e-08,0.7607451345,0.5787331596,0.0628616079,0.0205858894
19166,0.2012987938,0.0522022158,31.196580274,0.010561446,0.4967036228,0.5310579154,0.1356613757,0.0201138447,0.2853950183,0.0032509068,0.0309573858,0.0043874164,0.0584530108,0.0491508391,0.0043874164,40,-0.009814953,0.0714285714,0.0420408795,-0.126469328,-0.004615522,0.08781047,0.1587083478,0.0049663814,0.0070404001,0.4642886434,0,1.5360134003,0.0361962046,1.2028371022,0.0589721133,36.873972603,2.1840752962,0.1375880424,0.0,0.0,0,,0,0.0,0.9370969864,7.0,47.601134504,-0.072317689,-0.137194669,-8.619103882,0.3614625775,0.5084983303,-8.708201145,2055.759583,0.0248274717,15.570918663,-0.005465522,0.0003674808,0.0011982671,0.0025600531,0.0269427641,0.0806268669,0.0,-0.006192863,-0.050826279,0.0767977908,5.0,16.138539737,0.3795814939,2.0151773431,0,-0.25352422,0.0426315516,0.0193787971,0.0254221168,0.2952733961,3.0505301366,2.916337e-10,9.7934986e-09,1.183807488,1.4014001686,-0.027944082,0.0250994731
24205,0.4229665125,0.0523504947,-4.317428571,0.0267805168,1.1629880091,0.3614838827,0.052428525,0.0811329466,0.100222203,0.0183908046,0.0681738384,-0.042084099,-1.231237323,0.1168063777,0.0420840989,40,0.0019274101,0.0,0.1245375264,0.181330886,0.0932044091,0.045794812,0.1161823792,0.0624765533,0.1039911308,0.4385162487,0,0.7186174066,0.1303278585,0.5849115182,0.1462469483,21.144099379,7.8837424734,0.0946174088,0.0,0.0,0,,0,0.0,0.3151330377,8.0,-0.725222734,-0.078050813,-0.25907521,9.1431852253,-11.44526444,-0.533156555,0.0257958886,39344.240401,0.0257826007,17.809239285,0.0019669497,0.0113858629,0.0411941138,0.0066777537,0.0147693308,0.0605211029,2.0,-0.000102512,-0.234895307,-0.020004489,5.0,17.839416206,0.1302538257,1.0201735414,0,0.080304809,0.0135506047,0.0105083347,0.0150454125,0.2744626683,1.0058966445,3.856125e-11,2.6978229e-08,0.3895314981,0.151734788,-0.08471969,0.0212601878
34367,0.2299348853,0.0016655469,3.8446029076,0.0,0.3855587884,1.3944663991,0.0793820482,-0.094801579,0.8310823249,0.0057964014,-0.002517959,-0.10363622,-33.80952381,0.0687932193,0.1036362202,40,-0.080935479,-0.033586132,0.0331238881,0.0746237232,-0.042230353,0.2680568952,-0.062075455,-0.034266672,-0.216368923,0.6010455128,0,2.0915158615,0.0210518498,1.3127447051,0.1677315021,13.706329877,13.413652447,0.1643104104,0.0,0.0,1,1.0,0,0.0,1.9191913916,6.0,-7.915247428,0.1326042636,-0.225361664,0.0573874447,-0.866838044,-0.985505424,0.0301001232,-11070.05013,0.0443391772,13.135460188,-0.001104994,-0.004457486,-0.011931875,-0.00558733,0.182859372,0.0096584348,2.0,-0.000366972,0.6607820184,-0.039202712,4.0,12.315372497,-0.073905424,0.4515474984,0,0.0957318355,0.1102140918,0.0259812123,0.0304155192,0.4813635859,1.1590540674,1.098569e-08,4.7157703e-08,0.7093432481,0.5031678436,0.049882178,0.0487438074
92640,0.3338902853,-0.069594997,-6.295281295,0.0,2.5509880603,3.0311106913,0.0318154403,-0.016012253,0.186856029,0.0,0.1033864899,-0.062600884,-2.654761905,0.1151631505,0.0626008843,40,0.0206330269,0.0976849238,0.0782493369,0.006497071,-0.019054388,0.1546296296,0.071888385,0.0458089669,-0.459060403,0.4481095231,0,1.7427635172,0.6194231321,1.0791916985,0.4666537679,22.039156627,5.156448203,0.0282817957,0.0,0.0,1,1.0117050332,0,1.0,0.8201342282,4.0,3.7223828772,0.0501395366,-0.009799706,-0.175962614,-2.528902359,-0.036361964,0.0740649841,-8074.041126,0.0588548821,14.261438429,-0.000799254,-0.008333333,-0.063444109,-0.0407085,0.0295183148,0.0058476617,0.0,-0.005856515,1.7601112242,0.03951973,3.0,13.976542196,0.5914828262,0.521952268,0,-0.156910843,0.0492505394,0.0281300543,0.0444203379,0.3242003029,0.3329435703,1.4282237e-08,9.8004246e-08,3.1747679774,10.07915171,0.0492615863,0.0672363516
47706,0.3850777202,0.0652849741,11.523026316,0.0058031088,0.2975129534,0.9518134715,0.1497692185,0.021557072,0.3850806452,-0.00477707,-0.022804629,-0.014269275,-0.147619048,0.0749222798,0.014269275,40,0.0171845033,0.0588235294,0.0789380947,-0.046584918,0.0533008474,0.2158273381,-0.030296889,0.030707196,0.0586894587,0.3198777896,0,2.0884255931,0.0430328951,1.2185478073,0.0377613311,30.213815789,8.5362453532,0.2685488036,1.0,0.0,1,1.0,0,1.0,0.6965811966,7.0,3.6394551062,0.0409238608,-0.0486611,-0.124775179,-2.481843535,-0.873096658,0.0338241134,-9523.007736,0.0588548821,13.658402743,0.0,0.0239140306,0.0407216495,-0.046437341,0.0998792999,-0.000145628,0.0,0.0021881838,0.5661917245,0.1109922938,3.0,14.050816441,-0.047764684,1.0862374092,0,-0.156910843,0.0290178843,0.0159234571,0.0231450552,0.2977670403,1.3141443881,3.8695614e-09,2.4891093e-08,1.1598417749,1.3452329429,0.0243734731,0.0395522351
21135,0.2877299647,-0.00777814,2.3780882562,0.0,0.6749055163,0.9860169113,0.0037797719,0.087985225,0.3156769742,0.0032754365,0.0361313218,-0.065785311,-7.896225339,0.0536398039,0.0657853108,40,-0.030258089,-0.088221815,-0.32027521,-0.156692169,0.155306524,0.1580120578,-0.009577755,-0.293245629,0.2403888069,0.4818089977,0,2.5917920091,0.4640648245,1.923059058,0.6521573099,7.9119288256,4.2366379048,0.0332135971,0.0,0.0,1,1.0019563349,0,0.0,1.1472671097,5.0,47.562768919,-0.540291198,-0.296845055,-8.532672711,0.920089167,3.9821066398,-8.70371218,-4419.975557,0.0248274717,13.873520868,-0.000858129,0.0130156973,0.047048473,0.0038035512,0.0581652579,0.2398367769,1.0,0.001826484,0.1282102159,-0.034471167,4.0,14.600805514,0.0941449937,1.7709252514,0,-0.25352422,0.044517722,0.0168155136,0.0292255214,0.567359295,4.2976545955,2.4574516e-09,1.4351913e-08,1.4767289391,2.1807283595,0.0474553266,0.0429422416
34666,0.4384773196,-0.411186293,0.8338015616,0.0,0.5110585606,0.1344244149,-0.573217467,0.4059299011,0.0463169146,0.3714307853,1.4541561713,-0.073839262,-0.145390265,-0.351403809,0.0738392622,34,0.0120042019,0.6851851852,0.2230024543,-0.448679437,0.1141881596,0.1370214899,0.0965134056,0.0759330186,-0.064388731,0.3042775609,0,2.2334256694,-0.569063578,2.0754078178,-0.589290626,0.6832603314,5.7663130826,-1.097727912,0.0,0.0,0,,0,0.0,0.0544274248,2.0,47.218484545,-0.066789562,0.4765619451,-8.381925356,0.7078186399,-0.42660587,-9.108755794,-5413.915497,0.0248274717,10.614432407,0.0,-0.088443149,-0.171371757,0.0219657852,0.2455410474,-0.012331918,2.0,1.1243243243,1.310382223,-0.007581216,4.0,10.880016949,0.1258960458,0.635875979,0,-0.25352422,0.0470020957,0.0284041899,0.0673908315,0.5615500587,0.894514304,3.1722165e-07,5.8347215e-08,1.5960672669,2.5474307204,-0.242666287,0.1065271143
34746,0.8514017914,0.0882074889,-9.782012029,0.0294223494,7.3282495851,0.3796912501,0.0345758365,0.0633456759,0.0429996244,-0.036547154,0.0623742628,-0.004421343,-0.401755571,0.1236453389,0.0044213428,35,0.0018799996,-0.056309781,-0.071241259,-0.091119005,-0.027424979,0.0808017538,0.0414803133,0.001418244,0.0545924013,0.5548289692,0,0.9948973572,0.0235177063,0.9808773793,0.0215114641,0.5792821445,0.0718212749,0.0145609525,0.0,0.0,0,,0,0.0,0.4137956474,4.0,-0.047504028,-0.005517273,-0.100059815,-0.068821109,-1.182432192,,0.0441076976,11291.474803,0.0286434127,16.458625087,8.19745e-05,0.002682517,0.0243511695,0.0132963239,0.0313490889,0.0351459512,1.0,0.0042305658,0.7392632061,-0.038145526,6.0,17.112284642,0.0098698579,2.2541857818,0,0.0654744878,0.0456456617,0.0150356949,0.0232272936,0.2344607356,2.399860775,8.323772e-11,9.3412892e-09,1.1057550134,1.2226941496,0.0711195189,0.0214918761
35044,1.1264106564,0.0798733915,-25.66867445,0.0209125605,7.1823104817,0.3783145135,0.0298281224,0.0194469999,0.0428549525,-0.017259663,0.010449876,-0.008048086,-0.835376532,0.1465977483,0.008048086,40,-0.004437414,-0.021933622,-0.04112746,-0.081199524,0.0239366021,,,-0.00467648,0.0513774644,0.5015656047,0,0.8585244161,-0.004500604,0.8514649682,0.0022853121,1.3508991009,0.070980526,,0.0,0.0,0,,0,0.0,0.3284371328,6.0,-0.002411097,-0.000110073,-0.065683656,0.2061877555,-0.468856923,,0.0670601071,8799.1446984,0.0286434127,16.297036512,-0.00029356,0.0021500964,0.015503876,0.0003403523,0.0401317424,-0.006948162,0.0,-0.002219756,0.1207497526,0.0017881105,6.0,17.270628812,0.0541449227,3.524764752,0,0.0654744878,0.0539523028,0.0192597014,0.026778884,0.3683813423,6.1671094738,8.860531e-11,5.6405665e-09,1.1009985386,1.212197782,0.0414259095,0.0256861842
35167,0.8751891794,0.0761634011,-30.16062238,0.0355957977,7.0635507372,0.3565763724,0.0250508164,0.0415458145,0.0420265116,0.0020235556,0.0406454586,-0.001912915,-0.196200058,0.0911066648,0.0019129148,33,-0.000493573,-0.064989059,0.0751592922,0.0029277792,-0.014607956,0.1972241699,0.5908978586,-0.000284537,0.0504772764,0.4729015299,0,0.8184407166,0.0536487324,0.8141602022,0.0547793891,1.5973382046,0.073375409,0.0140262793,0.0,0.0,0,,0,0.0,0.3860368498,6.0,0.0239849095,-0.006218633,-0.108739093,-0.045033721,-0.063247805,,0.0115690236,-2374.265722,0.0286434127,15.120985388,-0.000177014,0.0023327654,0.0204338222,-0.002200439,0.0163024658,-0.00314962,1.0,0.0,0.1358864416,0.0418097769,5.0,15.92299245,0.2123440676,2.4195502059,0,0.0654744878,0.0272556338,0.0110441217,0.0167197886,0.2894273559,2.2146723331,3.494444e-10,1.3238245e-08,1.1798796924,1.3921160886,0.019078255,0.0303002634
35263,0.8574474036,0.0746143612,-32.9756675,0.0377256568,6.5402408495,0.3623315217,0.0295830601,0.0390360517,0.0484374426,0.0016178588,0.0378770209,-0.007296281,-0.709805604,0.1275760529,0.0072962807,33,-0.002499978,-0.01607717,0.0200933348,-0.03968908,-0.017692189,0.1796584338,0.0023454132,-0.003100239,0.0479625493,0.4487363579,0,0.7698030945,0.0629268422,0.7460088605,0.0691215233,1.8877108646,0.0867437315,0.0150129857,0.0,0.0,0,,0,0.0,0.4214876826,6.0,-0.005419055,-0.002984108,-0.059827204,-0.062775497,-0.995086986,,0.0480384117,-3842.474542,0.0286434127,14.320681127,-0.000274216,0.0023336853,0.0196013676,-0.003571849,0.0177600564,0.0119950408,0.0,0.0,-0.044989665,0.0134541537,5.0,14.546316339,0.010503939,1.3221377583,0,0.0654744878,0.030527642,0.0120381507,0.0181356421,0.2760028509,1.8827985547,9.604511e-10,1.6392341e-08,1.033721556,1.0685802552,-0.008601974,0.0217971884
10777,0.885239462,0.0456395387,-11.45846921,0.0040381977,9.0208984634,0.3626057758,0.0190356726,0.4186982357,0.0495249065,0.2485705375,0.4322206462,-0.001703781,-0.315237944,0.060026853,0.0017037807,29,0.0010095525,0.321025641,0.0455567301,-0.393553665,-0.024809927,0.0732711689,-0.093409304,0.0129458853,0.2941813235,0.5416752657,0,0.8197974522,0.0158487795,0.8136782657,0.0175247737,0.4726604814,0.0592983603,0.0095032599,0.0,0.0,0,,0,0.0,0.5055596085,5.0,-0.045742163,-0.005113401,0.277275607,-0.034983439,-0.517482807,,-0.019510788,-2462.474922,0.0286434127,14.847368539,0.0008162701,0.0018111228,0.0200287055,0.0380785186,0.0926738414,-0.200544021,1.0,0.0108526818,-0.026806461,0.05510336,3.0,13.771116282,-0.070475021,0.3604725125,0,0.0654744878,0.0277800653,0.0114431966,0.0198920088,0.452447546,0.7849330639,2.4193804e-09,7.3983392e-08,1.0001741467,1.0003483237,-0.082604584,0.026128575
35554,0.668087945,0.0641499186,-9.059387001,0.0268943338,5.0748349556,0.2849470355,0.0379936672,0.1353078967,0.0508642248,0.0137684269,0.142069134,-0.000360686,-0.030757442,0.066123006,0.000360686,40,-3.5634e-05,-0.006984207,-0.017913593,-0.058968935,0.0129255765,0.3242009579,0.0081124543,-0.000279184,0.0652687943,0.5711070999,0,1.0010219883,0.0096138414,1.0001571715,0.0097563285,0.6037754659,0.0720333635,0.0159914544,0.0,0.0,0,,0,0.0,0.4155511994,5.0,-0.023280778,-0.003748973,-0.050734241,-0.252134956,-1.205257092,,-0.013414635,11122.676238,0.0286434127,16.750046008,3.95152e-05,0.0028883476,0.0221345963,0.0009592758,0.0609728951,-0.001102148,0.0,-0.000738007,0.7946648169,-0.031620681,5.0,16.989554735,-0.025212386,1.3085994252,0,0.0654744878,0.0366083607,0.0149160264,0.0206722029,0.2741305882,1.1616216913,1.424377e-10,2.025509e-08,0.8051867418,0.6483256891,-0.016687615,0.0194508008
66157,0.4823809937,0.0728872038,-27.66550388,0.0247649566,4.4641824055,0.2664848854,0.0389928318,0.1057851058,0.0513981336,-0.021308136,0.1121832074,0.0013541191,0.0887027858,0.0664219058,0.0013541191,40,0.0037179571,0.0180736674,0.0158127167,-0.039719028,0.0214419679,0.1913674561,-0.040954634,0.0039475745,0.0650768765,0.4699765955,0,0.9181206297,-0.010254679,0.9000222825,-0.014805937,2.0078843627,0.0877397339,0.0186665687,0.0,0.0,0,,0,0.0,0.514618918,3.0,-0.015947942,-0.001341955,-0.025676367,-0.437841907,,,-0.013115735,74776.238828,0.0286434127,18.118752037,2.81126e-05,0.0035530633,0.033432876,0.0020023658,0.0251236347,-0.002976552,2.0,-0.000487686,0.1843319972,-0.015707138,5.0,17.856823659,0.0286959112,0.9605588421,0,0.0654744878,0.0208643861,0.0120362349,0.015774617,0.2863212377,1.1485085969,2.798004e-11,2.1545001e-08,0.8660071758,0.7499684286,0.04495177,0.0159085205
36397,0.6916426395,0.0690170326,-7.653186563,0.0169041002,7.256850331,0.397225762,0.038029817,0.0791537292,0.0485471252,-0.009095909,0.0842139177,-0.019619261,-2.210296871,0.2215651637,0.0196192607,40,-0.010533468,-0.006912442,-0.040303254,-0.097286267,0.0300944853,0.1316354011,-0.006062525,-0.011044844,0.0427630332,0.5606289413,0,1.0444607179,0.0200650975,1.0344320715,0.0370027421,0.4690993298,0.0789774517,0.0116926819,0.0,0.0,0,,0,0.0,0.5474381143,6.0,0.1393435849,-0.000795719,-0.050662476,-0.228580261,-0.621663517,,0.1420275225,-2317.775222,0.0286434127,15.001602979,-0.000331224,0.0023912661,0.0271566731,-0.010139153,0.0673787965,0.0266739897,2.0,0.0007052186,0.4826145515,-0.000561774,6.0,15.514462843,-0.000745923,2.0730877342,0,0.0654744878,0.0301205255,0.0144841995,0.0197014555,0.3249074548,2.6915223115,4.651892e-10,1.0913121e-08,0.9740499268,0.94877326,-0.037570857,0.0235391051
54244,0.5128371986,0.0666339882,0.7976108773,0.005371535,0.4009013397,1.908358147,0.1911083183,0.0286047869,0.4558122893,0.0,-0.055132045,-0.142566721,-2.218722912,0.2144763446,0.1425667208,41,-0.010099791,0.2214397496,0.1037727445,0.0099030127,-0.138507152,0.0696837769,-0.009834646,0.032747679,0.1356640375,0.5769763099,0,1.2881021692,0.0088242314,1.0617898394,0.0668750398,10.696126039,148.08907823,0.2862275729,1.0,0.0,1,1.1297528045,0,0.0,1.0059688766,7.0,-0.020433855,0.0782980797,-2.727180435,0.2062831766,0.157760216,0.2640269467,0.1488522042,-4521.107435,0.0775320588,10.419897601,0.0023350846,0.0141866955,0.0304847383,0.0649204878,0.1696569148,-0.012339338,0.0,0.0062571645,0.9523174391,-0.022373266,4.0,6.770972845,-0.172404942,0.1183431953,0,-0.101596569,0.0449918471,0.0271217835,0.0309404844,0.8582124129,0.7913246638,1.1369748e-06,2.0000000961,-0.000534182,2.8535078e-07,0.7256452178,0.0553293168
36768,0.5793960657,0.0691842593,32.617212427,0.0166204797,0.179552063,1.4486034081,0.1374893183,0.163672085,0.5461365377,0.0147876815,0.3310639864,0.0836792486,0.8534014978,0.0101423088,0.0836792486,41,0.0699247195,-0.007407407,0.0646709673,-0.105689215,0.0343621555,0.0763470743,-0.419711301,0.2394428508,0.1200227907,0.5377862676,0,3.3363600935,-0.258420802,1.1180826189,-0.390730316,196.01343409,10.352409037,0.5376221016,0.0,0.0,0,,0,1.0,0.6877680151,4.0,-0.006525518,-0.088624838,-0.043583894,0.0446316826,7.5649763842,0.3227343817,-0.063978323,-1448.409597,0.1761608433,12.654130453,0.0028038813,0.0235549978,0.0308545787,0.0756490671,0.0156359015,-0.022289481,0.0,0.00288,1.4437021344,0.2514294451,5.0,12.368262928,-0.271813668,0.7468216649,0,0.0498010166,0.0918775201,0.0386208339,0.0351859752,0.5058067433,2.5472243933,1.7953259e-08,2.6087753e-08,1.1468598851,1.315287596,-0.072062901,0.0518347632
88924,0.2795471413,0.0437447999,99.039615678,0.0253135825,0.3200925836,0.9331911172,0.1263520941,-0.037955059,0.7181828856,0.003759056,-0.099378425,-0.056271662,-0.786569856,0.0781531409,0.056271662,40,-0.000671282,-0.011428571,-0.000541721,0.0685564737,0.0115357489,0.1597123318,0.1686223469,0.009172872,0.0435378916,0.2952079188,0,1.459542454,-0.018451299,0.9931929026,-0.03853314,158.85478814,15.311742627,0.2245596968,0.0,0.0,1,0.0309024062,0,0.0,1.6447408401,6.0,24.38233382,-0.142252367,-0.097975764,0.0851509583,-0.452972691,0.2347823101,0.0814891205,-6940.135885,0.0457936334,15.19237087,0.0002845951,0.0180406628,0.0367559801,0.0077090302,0.0094395735,0.0233188515,0.0,0.0,0.0084610964,-0.0013142,6.0,15.76693219,-0.504453183,2.3163423341,0,0.0957318355,0.0231806096,0.0141831936,0.0225172364,0.2105417861,2.2016312738,2.842431e-10,1.0209917e-08,0.9370493506,0.8780614855,-0.076128932,0.0330801737
88853,0.345204357,0.0793925268,0.862113784,0.0147151262,0.5515729941,2.3892968221,0.2002358599,-0.015548214,0.1912128402,-0.07845593,0.1187415697,0.0088248903,0.1018729209,0.0713045782,0.0088248903,40,-0.018591041,-0.016286816,-0.212784691,-0.367947388,0.2515097615,0.1964717632,-0.082661538,-0.01993825,-0.171977172,0.5544260869,0,1.728700426,-0.018942382,1.2521633347,0.0008113862,10.261653964,14.630362063,0.192923322,0.0,0.0,0,,0,0.0,0.4157443185,4.0,-0.362698708,-0.569109684,-0.069639861,-0.235081015,0.0236799816,0.197801609,-0.224715806,8061.5118903,0.1700891678,15.844871041,-0.002884688,0.023324246,0.0565807987,-0.175240485,0.266752823,-0.007307626,2.0,0.0023612751,0.6171569962,0.086548659,5.0,16.79763852,0.3518317352,2.3876271876,0,0.0482077756,0.0268534943,0.0135672856,0.0193940037,0.2708094028,2.4621399063,1.746252e-10,1.0663946e-08,1.5063952214,2.2692265632,-0.018743444,0.0237666943
37154,0.5875616985,0.1975883388,-0.576788549,0.0,0.3934320357,1.0567632226,0.2319219791,-0.003880714,0.4452532882,0.0008098477,-0.167567918,-0.00472332,-0.028038107,0.2031283417,0.0047233204,34,-0.004305789,0.0813953488,0.0079701048,-0.054252893,-0.033145448,0.2747849004,0.0820060395,-0.017593437,0.5167904551,0.5188291978,0,2.3211302081,0.1489654154,2.1682009259,0.1600624723,7.307863266,2.2686116039,0.5815765758,0.0,0.0,0,,0,0.0,1.3230483565,7.0,-19.37112054,0.0355614911,-0.294924984,1.7196035952,-1.235843429,-0.719467864,0.3340218817,-2913.416072,0.2158277373,11.355571051,0.0001269567,0.0374156775,0.0745448389,-0.004513616,0.1388512787,0.0048698781,0.0,0.0039463971,0.7892398226,-0.115599588,6.0,11.19875732,-0.732350527,0.9250261665,0,-0.166303822,0.0456140079,0.0204272273,0.0328652324,0.4716372352,2.2399955395,5.2250501e-08,2.3314861e-08,1.7146558159,2.940044567,-0.067123589,0.0905683718
25785,0.4045364115,0.0519757123,-2.409683744,0.0318345122,2.9902424774,2.3497033886,0.0237870702,0.0321790265,0.122820825,0.003073161,0.0460637042,-0.055145134,-3.551929714,0.2365897892,0.0551451335,40,0.0007696936,0.0331491713,-0.019330642,-0.082439829,-0.017356989,0.137787526,0.0112066355,0.0190074545,-0.059811242,0.6095076033,0,6.4176191665,-0.033164253,6.0250062391,-0.034933678,5.1655313351,1.5522360724,0.0587621852,0.0,0.0,0,,0,0.0,0.8071864458,3.0,3.7324669421,-0.061541849,-0.074335459,-0.105316488,-2.497630569,-0.689416785,0.1954916228,50829.093264,0.0588548821,17.784119757,0.0043622956,0.0101460344,0.083238399,0.0598652188,0.1325701473,-0.030784232,3.0,-0.001473839,0.3326412031,-0.034297871,5.0,18.396537615,0.0003261023,1.9265332525,0,-0.156910843,0.0314787924,0.0177361354,0.0213032372,0.4097684951,4.388773243,2.725386e-11,1.1065051e-08,1.2294978793,1.5116650351,-0.019325184,0.0234629407
31974,0.4053554439,-0.004850494,-0.247855317,0.0,1.5287843452,0.2279432586,-0.075248965,-0.015313295,0.0059214535,0.0062812609,-0.054708941,-0.031809485,-13.74612054,0.061824983,0.0318094846,41,-0.000217707,0.0152374203,-0.052990468,0.0271810132,-1.256197265,0.0340270562,-0.207774802,0.039944817,0.0473970952,0.512337797,0,1.1948912116,-0.084019685,1.1948912116,-0.0823844,1.6289608936,2.3054042831,0.0314863295,0.0,1.0,1,0.8419802137,0,0.0,-0.130669562,3.0,6.0647880338,-0.129857544,-0.137247183,-53.80051165,-1.986276504,0.5280772347,-1.200792732,1896.3339524,0.0207317787,15.427447387,-0.021839753,-0.029261245,-0.09801301,0.0104714263,0.0575298329,-3.502607384,0.0,-0.013412817,0.1700979741,0.0422218272,2.0,16.055589898,0.0172702117,1.7082553821,0,-0.142502855,0.0154589219,0.0071698663,0.0140813651,0.3067193825,0.9864883838,3.808462e-10,3.2117507e-08,1.0988326882,1.2074332768,-0.041268222,0.0228229506
37402,0.6752142721,0.0515706037,0.5398458404,0.0027037679,0.3200959671,1.2205994388,0.0831330386,0.1969447896,0.3129983029,0.0052016881,0.6372394789,-0.09041842,-1.601504639,0.1341611648,0.0904184204,34,0.0399064675,0.3409638554,0.0154340653,0.0993354439,0.0386573952,0.1681372156,-0.157649696,0.1176563021,0.0616029861,0.4211778999,0,2.2770683362,-0.305171376,1.4028555405,-0.378617918,11.671382439,6.733260884,0.2981090881,0.0,0.0,1,0.0602671637,0,0.0,0.4075923602,4.0,-0.151633724,-0.081105693,0.1711869125,0.0916152624,0.540042026,0.5956127957,-0.12511526,-1713.228572,0.0457306398,12.223668149,-0.038731997,-0.081817884,-0.166579637,0.0658447155,0.0543025047,-0.158300297,0.0,-0.000814332,1.6588235641,-0.279060032,6.0,12.929914092,0.9966674438,1.7625447162,0,-0.034541484,0.1002739668,0.0376274629,0.0596812493,0.3304714578,2.9270538629,1.7574604e-08,1.1535264e-08,2.4842043799,6.1712714013,0.0099153721,0.0556493994
37568,0.3341389865,0.0390806683,14.440249911,0.0093052143,0.2633989795,0.5865946399,0.1203640609,0.0228297523,0.3628004521,-0.00253589,0.0490494687,0.0211085837,0.3217058706,0.0265081879,0.0211085837,40,0.0272276949,0.1136363636,0.0852596995,-0.163682773,-0.033588302,0.1773712259,0.1799632683,0.0411485037,0.0019019417,0.3669651469,0,2.3347952562,-0.315537842,1.2382138684,-0.389370721,17.71659255,7.2870078658,0.2329042297,0.0,0.0,1,0.0041755106,0,0.0,0.6225963435,4.0,3.0839452279,0.0136107324,-0.053604167,1.1492934449,-1.20818259,-1.265440501,0.1181569947,-3332.969387,0.0446872923,14.192839495,-0.000934173,0.0194650727,0.0349201239,-0.036096816,0.0819329292,-0.017735279,1.0,0.001468968,1.5121221848,0.1933069099,4.0,14.045474532,0.0473675555,0.8051915232,0,-0.101630079,0.0503226258,0.0184121043,0.0239161532,0.3124377797,1.0539113492,2.9777297e-09,2.9586016e-08,1.2849409157,1.651073157,0.0021189272,0.031279138
37584,0.5265698909,0.0905098977,0.9902658214,0.0303330228,0.1681101392,0.3534791058,0.4135416092,-0.0013083,0.1920694989,-0.031106466,-0.033146628,-0.013256742,-0.106470791,0.1001465581,0.0132567415,35,-0.005836147,0.0240664796,-0.063911722,0.0562982513,0.0069970045,0.199372672,0.0232792751,-0.003710927,0.0221769494,0.613583342,0,45.832830676,0.4313523772,39.664368807,0.4598787911,0.9498810961,9.4853221957,0.5557722816,0.0,0.0,1,0.0286610781,0,0.0,0.26778947,5.0,-0.005166658,0.053717233,-0.041394129,0.0571188404,-2.096827856,-0.846355251,0.0163192706,16039.406414,0.0567968909,16.899314313,-0.00249433,0.0214873158,0.0296388234,-0.012527214,0.5122584279,0.0033897003,0.0,-0.006977992,0.5171033585,0.0522669172,6.0,17.100149538,0.1286700517,1.2872714901,0,-0.168614603,0.0424019098,0.0181597553,0.0221384327,0.3706914483,2.1760542205,1.099342e-10,1.7901333e-08,1.4337035273,2.0555058041,-0.014925186,0.0196101242
58421,1.4996749996,0.0090620537,-11.14294699,0.0112919832,0.0887464475,2.5697090179,0.0087128468,-0.073681589,0.0940733772,0.0,-0.583082581,0.0970396863,7.1399454114,-0.151208195,0.0970396863,41,0.079875325,0.0,-0.06737897,0.1948442031,-0.167372324,0.1109679082,-0.308383229,0.1582369542,-0.001484734,0.564588548,0,18.904941531,1.4544487727,3.4956620143,0.1060059391,48.66262354,15.708091647,0.3309737297,0.0,0.0,0,,0,0.0,0.1074062959,3.0,-0.210094076,-0.026546092,0.0020651918,0.6207007949,1.8045691938,1.8676318303,-0.252567211,-2441.06198,0.0979159386,10.647465917,-0.006586894,-0.002885162,-0.003031017,-0.205397853,0.0258576931,-0.018212,0.0,-0.023483846,2.9415130715,-0.011583442,2.0,8.6904302898,0.1064040072,0.1452664608,0,-0.200344257,0.053982269,0.0217261639,0.0256357506,1.210693761,1.0521231593,1.4937166e-06,1.0000001191,0.6696419388,0.4484203261,0.0013742814,0.0268804071
37955,0.2858539958,0.0433981963,42.764731752,0.0178804628,0.3874559366,0.67967215,0.1151813988,0.0057887277,0.3776912007,0.0020590599,-0.027225988,-0.037103538,-0.573993653,0.0683084856,0.0371035379,38,0.0082769015,0.0256410256,0.0408194754,0.0387335013,-0.005150576,0.1454497964,-0.051366036,0.0454403212,0.0542877309,0.3228906138,0,2.051597131,-0.094686783,0.9508410889,-0.166008343,57.754357869,9.3388777116,0.1700532293,0.0,0.0,1,0.1153530378,0,0.0,0.9134406647,6.0,-0.001015656,0.0061026267,0.0077946819,0.1317651647,0.5672379689,-0.489001884,-0.012196349,-1610.342585,0.2058056635,14.148950652,0.0014108013,0.0175084646,0.0412400152,0.0051923421,0.0199461806,-0.016784991,2.0,-0.000450315,0.9538110842,-0.069814947,6.0,14.281982646,0.1431151034,1.0240770736,0,0.0765612683,0.0197951794,0.0122834689,0.021021416,0.436099528,1.811985863,1.710034e-09,2.1109208e-08,1.048182431,1.0986864087,0.0387457332,0.0261902794
12036,0.5166697844,0.0806067776,-3.214748396,0.024260674,2.2111815316,0.5705387041,0.028571003,0.0592249908,0.1188774887,-0.036408032,0.0913907542,-0.036212381,-1.191219512,0.1766271439,0.0362123807,40,0.0009193971,0.0345956054,0.0984102952,0.2283189146,0.0437343432,0.0477971374,-0.043082565,0.1157627947,-0.059413028,0.514026955,0,3.7896323086,-0.289026312,3.4761904762,-0.310721829,6.4661319073,4.1186488788,0.0888076391,0.0,0.0,1,0.0060442702,0,0.0,0.4433070866,6.0,-0.634095335,0.0850993247,-2.727180435,0.1994950355,-0.109361523,-0.607110353,0.2588107783,963.56709517,0.1414151747,14.446221509,5.86829e-05,0.0057580175,0.0307297339,-0.005880077,0.0190449983,-0.607383536,0.0,0.0024915062,1.0197597782,0.0175899109,6.0,15.64158087,0.1297066714,3.0459005705,0,-0.161175968,0.0323105082,0.0282768495,0.0322662982,0.4291590521,7.4311908943,5.093471e-10,7.5717131e-09,1.5492064958,2.4000407667,-0.008276854,0.029359292
38093,0.4167180994,0.0391503906,-0.080497384,0.0288788972,0.8749609045,0.5984048164,0.0595461095,0.4590773267,0.1100211355,0.2320733533,0.4200209424,-0.011724608,-0.325972314,0.051912334,0.011724608,31,0.0,0.2389813908,0.4584853441,-0.058352024,-0.031642244,1.3249744115,0.1899546226,0.0149989068,0.5485015584,0.3181111389,0,1.0462568974,0.1951400252,1.0462568974,0.1951400252,2.7570749108,2.372192951,0.0973207795,0.0,0.0,0,0.0,0,0.0,0.3192519779,4.0,0.0139283923,0.0935823555,0.1349630703,0.1246894262,-1.153469303,-0.674710473,0.013110446,1896.2554118,0.1865376934,15.914144163,-0.00293352,0.012439227,0.0366359764,0.0226899767,0.1635808342,0.0014905514,0.0,0.0014534884,0.0854969612,0.0112357505,3.0,15.960670427,0.1417244217,1.0906708121,0,-0.012367651,0.0362367891,0.0115775882,0.0130606693,0.3525998768,2.0111432213,2.122908e-10,2.1296842e-08,0.7486669865,0.5605022566,0.0401414059,0.0156019089
47941,0.44958765,0.1467132354,4.4086059721,0.0249600255,1.0629764944,0.8298839323,0.1005895233,0.2126189276,0.3242207901,-0.003647245,0.2155036213,0.0235713687,0.2268674253,0.1134287814,0.0235713687,40,-0.001084702,-0.011075949,0.1640675465,0.0224992982,0.1296836869,0.1623425086,0.4298116143,-0.012672084,0.2086132773,0.1521383466,0,1.3125434422,-0.31271455,1.2780902463,-0.312912611,50.708737045,6.1011122428,0.188695279,0.0,0.0,0,0.0,0,0.0,1.0110233642,5.0,-0.07475277,-0.090297348,-0.050874827,4.8584333245,-0.028393387,-2.689603894,0.8358467882,-7589.958641,0.0314049921,15.446101803,0.0007931786,0.0084346447,0.027789715,0.052755942,0.0132735111,-1.115497679,1.0,0.0013398839,0.3788966025,-0.018078573,2.0,15.885174475,-0.101005231,1.7723694934,0,-0.107492679,0.0484795235,0.0187369735,0.0285859802,0.3996913376,4.1580459126,2.929946e-10,1.0333369e-08,1.3968139381,1.9510891777,0.0411395133,0.0323407702
12052,0.2587699945,0.0584742747,2.8165731751,0.0182444987,0.5146523704,0.6749151973,0.128072997,-0.002623561,0.1796716317,-0.060098528,0.1231202559,-0.030817903,-0.40815563,0.0823408791,0.0308179032,40,0.001807833,0.0364583333,-0.011724005,0.0682396475,0.0194771699,0.1489936918,-0.084867882,0.0030467163,-0.184263154,0.3913994909,0,1.265871573,-0.13697652,0.6977674351,-0.160724393,6.3117839607,7.6177777778,0.1425134351,0.0,0.0,0,,0,1.0,0.4321081305,6.0,3.7660536881,-0.038502179,-0.071026296,-0.251082905,-2.44481145,-0.008089825,0.0412427127,35224.401944,0.0588548821,17.575535978,-0.000141599,0.0217804719,0.065005321,0.0055721347,0.1022437841,0.0048530011,0.0,0.0011598405,0.4341350666,0.0123531993,4.0,17.723470153,-0.136543624,1.1526455901,0,-0.156910843,0.0353254527,0.0112362557,0.0155291671,0.3025500861,1.4701210663,4.601283e-11,2.1128916e-08,0.8167517938,0.6670834927,-0.012064378,0.0195157828
12060,0.5042652124,0.0603777314,-1.602100984,0.0352114903,2.0126540031,0.5750777268,0.0403617861,-0.012506092,0.1117475935,-0.000347981,-0.015893354,-0.018951513,-0.805799935,0.1090301035,0.0189515131,40,-0.003382611,-0.006514658,0.0363909689,0.0959553992,-0.026911057,0.1667796406,0.0005179398,-0.008156147,-0.018435121,0.4963002149,0,8.9657283637,-0.065950907,8.5342472436,-0.062370041,1.5762817886,0.568373077,0.0512308335,0.0,0.0,1,0.1160721192,0,0.0,0.4891166154,6.0,-0.487141188,-0.025429467,0.0135034106,1.8331524482,-1.668023623,0.2920036031,0.6298585351,98593.130203,0.1654820061,18.593941823,0.0002815294,0.0032164288,0.0179447138,0.0268047294,0.1742271765,0.1638989467,2.0,0.0095162569,1.7077444586,0.0498170124,5.0,18.734862128,-0.007431891,0.8105011964,0,-0.239385698,0.0099132499,0.0065034069,0.0124884623,0.2603054319,0.9516252618,4.478406e-12,2.9924869e-08,0.9249690439,0.8555677321,-0.046245821,0.0212689668
46834,0.5448725965,-0.132047411,1.4366994268,0.0,0.2163119,1.2289019776,0.0473211728,1.7299878098,1.2669235112,1.251001596,-0.018254274,-0.218530421,-0.860574861,-0.018410729,0.218530421,41,0.0,-0.128571429,0.0898244204,-0.164709918,-0.10544942,0.9220963173,-0.164580737,0.0878707842,3.3337725082,0.3985729702,0,1.7622396538,1.0004368055,1.7622396538,1.0004368055,7.3140593392,7.0479207277,-0.520368448,0.0,0.0,1,1.0,0,0.0,6.2043583535,3.0,-1.651104449,-0.684757167,-0.44160319,0.658916766,-0.504209621,-1.776276938,0.0689960973,-4724.22527,0.0278203388,10.603203092,-0.002438033,-0.075799087,-0.112656939,0.0853124843,0.2207337947,0.024861237,0.0,-0.482862147,0.3678981707,0.020965822,2.0,10.507494773,-0.325629821,0.6979066709,0,-0.111549313,0.0325581059,0.0135860178,0.0208791752,1.2643627554,0.3797020015,1.0596889e-06,2.5202689e-07,1.104042144,1.2189090558,1.0962359751,0.1832419965
14558,1.2472834833,0.0815707878,-11.38260323,0.0236334823,12.030941625,0.8687068435,0.0247709511,,,,,,,0.3000923143,,1,,,,,,0.1172536103,,,,0.5982649841,0,1.8719070403,,1.8376794258,,1.2272330883,0.0989910967,0.0412137114,,,1,0.6415716612,0,,,,,,,0.4812349025,,-0.52484088,-0.178365488,7803.1169957,0.1473165608,15.968514954,0.0001139448,0.0017447211,0.0190975866,-0.005703772,0.0457320393,-0.079311344,1.0,-0.000490677,1.4883704852,0.0005779662,3.0,16.480656862,,1.7508830392,1,-0.258063742,0.0307960901,0.0172012883,0.0256604654,0.334909801,2.3691522303,2.157567e-10,1.4003388e-08,0.9584376223,0.9186026758,0.0284032631,0.0331101861
12369,0.6347930392,0.0706996563,-3.048316053,0.0550164709,2.5360391005,2.7916248926,0.0222973522,0.0681298995,0.1459144905,0.0666666667,0.1500608915,-0.035515274,-1.546973917,0.1800701805,0.0355152738,40,-0.002307999,-0.01369863,0.0032298121,-0.119200381,-0.013263257,0.1792374221,-0.112610935,0.042093493,-0.102308978,0.4159461776,0,1.2734965982,-0.024779209,1.0658589671,-0.013927991,5.283221522,6.0895493244,0.0769344052,0.0,0.0,1,0.8294038238,0,0.0,0.5664337435,3.0,3.7499778536,-0.092876278,-0.12118326,0.1249401398,-2.420327148,-0.567527178,0.138972014,45367.992264,0.0588548821,17.706645597,-0.001480996,0.0073138441,0.0386672737,-0.008577615,0.1321746032,0.0558187422,2.0,0.0099933378,0.3764472227,0.0651651537,6.0,18.254114882,-0.086860367,1.8319722479,0,-0.156910843,0.0360148661,0.0162813507,0.0201615443,0.3061021642,2.412367217,3.323831e-11,1.2887682e-08,1.2830210741,1.6461430765,0.046174176,0.0275862145
55212,0.5178436048,0.1109807296,-2.88559551,0.0180030342,1.1625345373,1.3448437441,0.0471908469,-0.139144132,0.2101747324,-0.097678938,-0.128751975,0.0490970655,0.8039014374,0.0217631616,0.0490970655,40,-0.000689742,0.0,0.0008267616,0.1162655617,0.0002848126,0.1627664331,-0.01843901,0.0029462384,-0.157599629,0.3087016875,0,1.3759239704,0.0789458983,1.0667122182,0.0214731348,11.040926099,4.4229904441,0.1138124194,0.0,0.0,1,0.6232509933,0,1.0,0.6354031511,6.0,7.1746290731,0.0784765372,-0.138205697,0.1522301982,-0.458296563,1.2437322986,0.0140721187,-940.4916589,0.0410566741,13.420833622,-1.5783e-05,-0.017880187,-0.059785386,-0.120052518,0.0362032649,-1.008431434,0.0,-0.043624161,-0.350376329,-0.041741697,2.0,14.411224571,0.697470588,3.0441031557,0,-0.131569503,0.0286284517,0.0192137951,0.0320849783,0.1977854283,2.3092521156,1.6090814e-09,8.7303766e-09,1.8170143507,3.3015411506,-0.017047613,0.0330220477
38659,0.294621974,0.0541101728,7.175363609,0.0170372846,0.0845813968,0.2578908777,0.2484017546,0.1465074305,0.3493391486,0.0140543214,0.0335499125,-0.020397039,-0.133809186,0.0613506109,0.0203970393,34,0.0114529339,0.103920021,0.1737718711,-0.000730216,0.0747744815,0.207225134,0.1770726534,0.0518766637,0.1836451231,0.4424447704,0,6.4200822897,0.2812698119,5.3576755027,0.3361003401,2.7652152062,8.1870673595,0.824641848,0.0,0.0,0,0.0,0,0.0,0.4615570607,8.0,3.7786305026,-0.062000302,-0.003564609,-0.215230925,-2.319422402,0.049323612,0.0202524445,-5154.352616,0.0588548821,15.348689605,0.003107004,0.037079517,0.0475602685,0.0085910681,0.2657839343,0.0218112002,1.0,0.0,0.2162770635,0.01867982,7.0,15.700552462,0.0353530677,1.6634168072,0,-0.156910843,0.032092426,0.0124806339,0.019656968,0.334624008,2.2363812653,2.643861e-10,1.3653795e-08,1.2075768737,1.4582419058,0.0117007495,0.0267899604
46674,0.2023164144,0.0435910398,62.230555507,0.0216068239,0.3023716172,0.9402101907,0.1365408764,0.0736873847,0.598122833,-0.004292041,0.1416963764,-0.009902845,-0.110868202,0.0484239001,0.0099028445,40,0.0122847813,0.04,0.0897725596,-0.034893245,-0.006573395,0.2213289917,0.1071009765,0.0207693791,-0.014280365,0.424431165,0,1.560364274,-0.04879504,0.7111035779,-0.005271888,111.38929064,8.1937266505,0.1857507447,0.0,0.0,0,0.0,0,0.0,1.3641600633,5.0,-0.147216431,0.0245382774,-0.129776943,-0.381282595,-0.355080076,0.1842098804,-0.210852524,14106.569898,0.0457306398,16.479909731,0.00057448,0.0223465892,0.0579613819,-0.005129896,0.0242948787,-0.001150644,0.0,0.0,1.5778784786,0.0233631744,7.0,16.538255688,0.0474098977,1.1805203745,0,-0.034541484,0.0178297535,0.0108547266,0.0145324044,0.3482705846,1.9566591907,1.12038e-10,1.8993692e-08,0.9421691314,0.8876826722,0.0462728302,0.0195090263
62367,0.66887138,0.0337357516,5.5874921548,0.0532469104,0.4609139462,0.1643551786,0.040792655,0.0074721352,0.0707735323,0.0005988562,0.0492534913,-0.012713309,-0.424180428,0.0480457971,0.0127133089,41,0.0,0.1034482759,-0.024872032,-0.075534806,0.0183920176,,,,-0.019434293,,0,3.0973802439,0.1047696155,3.0973802439,0.1047696155,26.154288703,0.643449953,,0.0,0.0,1,1.0,0,0.0,0.0927266551,6.0,6.0086772056,-0.143357722,-0.049036328,-53.53699571,,-0.471922765,-1.214571918,-1733.267378,0.0207317787,13.404885697,0.0,0.0092985959,0.021141434,0.009779051,0.0045926643,,0.0,0.0006329114,-0.185566218,-0.008858641,4.0,13.096192463,0.2131108988,0.6077936974,0,-0.142502855,0.0144206369,0.0079373223,0.0144494236,0.2288875985,0.5422941394,3.8962664e-09,4.1265672e-08,0.540024549,0.2916265135,0.1087480036,0.0207710532
39029,0.0039765384,-0.151198836,2.958034188,0.0,0.4608265777,1.6676156133,0.0040271835,0.0607138154,1.0954826814,0.2943447211,-0.240768314,-0.144564453,-0.676031082,-0.048983723,0.1445644532,32,0.0056240813,-0.065789474,0.3864302352,0.111240636,0.3530093299,0.4331476323,0.4473841657,0.0204135388,-1.021632252,0.6304811274,0,1.6943537098,0.4436151303,0.909239384,0.5653223815,15.770940171,7.8385726423,-0.23055438,0.0,0.0,1,1.0,0,0.0,-3.889872173,6.0,3.2927076456,0.5207043639,-0.233030004,0.8191309968,-1.663859395,-2.065658247,0.0426650835,-5108.107307,0.0446872923,9.3794078208,0.0002359047,-0.153809916,-0.491902072,-0.334454035,0.0905240228,0.0356584745,0.0,-0.228578991,-0.678255657,0.0183312017,1.0,9.8277937343,0.3683128425,1.3843979058,0,-0.101630079,0.057553988,0.0413028598,0.0641416645,0.9553415383,5.6017669183,7.7639235e-07,2.033424e-08,1.180485096,1.3935450618,0.5722803953,0.137426076
57154,0.5896216153,0.0628999727,-0.618360127,0.0173559452,0.8287788549,1.6444337921,0.0689596194,-0.069652826,0.1821420273,-0.001715823,-0.082036634,-0.018723336,-0.43801808,0.090451298,0.0187233365,40,0.0076514377,0.0470134,0.0490065872,0.0732573171,0.0167162842,0.1011384617,0.0727534591,-0.000529668,-0.051670183,0.4650563271,0,2.054194923,0.0098537414,1.1651086222,-0.040805779,18.132976752,11.054848559,0.1466703806,0.0,0.0,0,0.0,0,0.0,0.4189891245,8.0,-0.144393394,-0.0980872,0.0695496569,-0.174963317,-0.54317634,0.0501882228,0.343824845,-4787.671307,0.0689333745,13.812870369,-0.004226726,0.0088236236,0.021135501,-0.059987809,0.0479044992,0.005985673,1.0,-0.008710801,0.5530568976,-0.122247582,4.0,13.705200826,0.4054319977,1.0690112248,0,-0.105814909,0.0406719744,0.0176399222,0.0277594621,0.3960735587,1.7008652104,4.4335923e-09,2.5863535e-08,0.9703989938,0.9416742072,0.2460697605,0.0313624187
32299,0.4973326458,0.0020211516,0.4616096518,0.0,0.7957192979,1.5904522739,0.0106774249,0.0308201962,0.1474239163,0.0,0.0582770634,-0.097480784,-33.80952381,0.1261845363,0.0974807838,40,-0.005928314,0.3841059603,0.1026747679,-0.166231652,-0.436221764,0.1532843026,0.0307111781,0.1078384614,-0.010264826,0.5990565712,0,2.0637469586,0.0123788325,1.7103000811,0.0020937221,10.014559153,5.2718940937,0.1293436697,0.0,0.0,1,1.0,0,0.0,0.3461080542,4.0,-0.420768791,0.043443549,0.3307529148,-0.082952726,-0.359248261,4.0487049639,-0.169835848,-888.3215997,0.1700891678,10.837657494,0.006556193,0.0222192752,0.0590251089,0.1035687456,0.0922195416,-0.005990931,3.0,0.0154576706,2.3495961201,0.0061680619,3.0,10.375320785,0.1201411641,0.8137990649,0,0.0482077756,0.1173184589,0.040595281,0.0486958238,1.0914241573,6.8712904321,1.3526473e-07,1.6123705e-08,0.9779319037,0.9563508082,0.1307888314,0.0732585673
16432,0.4688824487,0.2831439033,-1.940695104,0.0096114408,1.7770774692,2.3558420652,0.0986055119,0.0332059109,0.2832201746,0.0877123587,-0.092825885,0.1185318218,0.8613376835,0.0441606738,0.1185318218,40,-0.008137838,-0.028985507,-0.071750256,0.0551491281,0.0973700906,0.1013560744,0.0494009398,-0.02516118,2.2640144665,0.4952775968,0,1.6309121622,-0.05190495,1.0669341216,-0.080071386,8.3933364183,8.5315145814,0.2209011264,0.0,0.0,1,0.2018983269,0,0.0,4.0099457505,5.0,0.0389706476,-0.093705201,-0.037178908,0.6333344485,-0.218798687,-1.159253689,0.0673248366,3566.3115058,0.1879227517,15.857301827,0.001560999,0.0154715689,0.0682619647,-0.059971561,0.096488724,-0.009045838,1.0,0.0,0.7669563906,0.0155632608,4.0,16.922744871,-0.276076905,2.8854194868,0,0.0081788241,0.0281780679,0.0207406733,0.023989602,0.5148170131,9.4524848202,1.0407e-10,7.8851135e-09,1.584462465,2.510521303,0.0182427012,0.0349486952
53604,0.334280842,0.0428463044,18.888543547,0.0115174413,0.1172929586,0.5156174133,0.147980012,0.0710441516,0.3435347179,0.0003047271,0.0813023235,0.0193824656,0.1975042196,0.0343839785,0.0193824656,40,0.0130718954,0.0,0.1104515338,-0.080878004,0.0287743364,0.1090964737,0.0533012427,0.0498146992,0.0674907246,0.5213131655,0,3.1192148696,0.0012388225,1.6465514562,0.0070610559,17.758564371,6.1487403512,0.5330532728,0.0,0.0,0,,0,0.0,0.4620277126,6.0,7.1405062579,0.0600252534,-0.138205697,-0.031332565,-0.939537519,0.464585406,0.0266929356,-3607.507699,0.0410566741,13.511585796,-0.004357349,0.0154235926,0.020335275,-0.009484457,0.0895178708,0.0065120583,0.0,-0.001251564,0.0737070552,0.0835443437,6.0,12.236076215,-0.065864395,0.2781654143,0,-0.131569503,0.0542062968,0.021251404,0.0325604746,0.4524957381,0.6236690362,2.190287e-08,8.2007085e-08,1.647422932,2.7140023169,0.0178452279,0.0386455634
85908,0.0526011251,0.0397203905,8.5738564484,0.0,0.5356718023,0.4662078404,0.1115543484,-0.241081522,0.2460666037,-0.053513485,-0.227714564,0.2125872739,6.3279044517,-0.211626445,0.3684216072,40,0.0079019734,-0.029850746,0.0595615382,0.0610144232,-0.008587975,0.1624475105,0.1114195298,-0.003206019,-0.347306457,0.3734739695,0,1.4304204382,-0.603741618,1.148887573,-0.634719153,5.8170403587,6.740802328,0.0962917052,0.0,0.0,1,0.5129233976,0,1.0,2.138958259,3.0,47.621322064,0.0701976934,-0.238473986,-8.767801551,0.4359121427,-0.394549617,-8.968978429,1408.759013,0.0248274717,15.503491064,-0.006434791,0.0088358679,0.0883818516,-0.068860714,0.0893054619,-0.024691163,3.0,0.0018269747,1.1719109552,-0.024770177,3.0,16.351041596,-0.08236545,2.8354703279,0,-0.25352422,0.0526833385,0.0168866913,0.0218709452,0.5367878219,6.4715139158,2.295233e-10,9.9628845e-09,0.9266347161,0.858651897,-0.000612494,0.0262377824
39571,0.1255709426,0.0475233112,161.34586659,0.0141725325,0.1998800896,0.2572654575,0.1873906235,0.1639130579,0.5300038878,-0.029572316,0.3693125481,-0.01092059,-0.069520732,0.0508271666,0.01092059,40,0.0181127755,0.1481481481,0.1060719694,-0.066607838,-0.012684959,0.2214228121,-0.064244992,0.0390844678,-0.060427356,0.2272222734,0,4.926106144,0.0494513587,4.0102590555,0.0278356182,51.620307744,5.6811541611,0.3183133133,0.0,0.0,0,0.0,0,0.0,1.0793517927,4.0,7.1280377747,0.0297603601,0.0099424516,-0.240042464,-0.257450704,0.1618259648,0.0431361237,295.56480109,0.0410566741,15.287886608,0.0001470776,0.0357253606,0.0711597448,0.0043431282,0.043183684,-0.009943938,0.0,0.0,1.1541476847,0.0381471068,5.0,15.806380366,0.0439886663,1.5323479699,0,-0.131569503,0.0245354641,0.0163176733,0.0214374493,0.5902128035,5.0526350154,4.309981e-10,1.3390414e-08,1.2058404817,1.4540512672,0.0276959837,0.0225731855
60468,0.4798548928,0.0606658188,1.4655806275,0.0083412928,0.1568747671,0.5565075032,0.2447792505,0.0919270797,0.3094878348,0.0034660329,0.0665341768,0.0570795982,0.573871734,0.0258514202,0.0570795982,40,0.0561008208,0.0050632911,0.322360054,-0.300598329,-0.023459411,0.114021805,-0.130484622,0.0962621969,0.1004928806,0.655077224,0,3.6829887559,-0.013269204,2.60609358,-0.069252293,2.2426871962,7.6852967933,0.4603611047,0.0,0.0,1,1.0,0,0.0,0.4137836613,5.0,-0.003219873,0.2181038745,-0.372695606,-1.497755071,-0.122974458,-2.279825041,0.1616595685,-1744.590443,0.0506976226,12.109264797,-0.007273034,0.012945323,0.0166579555,-0.072419605,0.4158737774,-0.006050782,0.0,0.0039660057,0.035615277,-0.052447759,5.0,11.70628207,0.369781256,0.6181491465,0,-0.060001469,0.0409703627,0.0186651336,0.0290906666,0.4969735357,1.0433856298,4.2096856e-08,5.0795703e-08,1.0864488429,1.1803710883,-0.064993236,0.0412324069
52695,0.1867535544,0.0466453928,54.232732744,0.0167765488,0.1173309411,0.5797709043,0.2839645016,0.0065371925,0.8621886066,-0.020652395,0.0397846446,-0.029920272,-0.197180095,0.0558429358,0.0299202722,40,0.0113522341,-0.004219409,0.0558601948,-0.009466913,-0.00042861,0.1573048131,0.0525965436,0.0444370347,-0.012480164,0.4756376724,0,2.3350873364,-0.082781643,1.2668040453,-0.128788761,43.967424684,8.4907542791,0.5106257454,0.0,0.0,0,,0,0.0,1.393189164,5.0,-0.148921367,0.0915147608,-0.173996352,-0.396845455,0.2004348456,0.6577312846,-0.203433489,14977.059968,0.0457306398,16.481434839,-0.005024016,0.0329850698,0.0636318641,-0.002174995,0.0444539691,0.0105359636,0.0,-0.000325566,1.5649926072,-0.089667108,7.0,17.312201958,0.275464931,2.5029516324,0,-0.034541484,0.0223831963,0.0108561966,0.0189216127,0.3128049248,3.5326801904,6.341625e-11,9.2205893e-09,0.8723909143,0.7610659073,0.0518544607,0.021483772
39731,0.32996337,0.0733531746,0.6506873802,0.0,2.5265384615,0.775540293,0.0841998445,0.4025377241,0.166471826,0.0087076472,0.4265494901,-0.053747905,-1.792680136,0.2048519536,0.0537479055,37,0.0,0.3064946619,0.4980453894,-0.025103354,0.3259916589,0.1737740689,0.0215129974,0.0718294935,0.2424113557,0.1206054056,0,2.1032216141,0.0160409193,2.1032216141,0.0160409193,16.514478859,4.7626251265,0.0615142684,0.0,0.0,1,0.4500465464,0,0.0,0.8805873226,7.0,-0.135566815,0.0373099969,0.2666957841,4.7388090445,-0.050875243,-3.277617903,0.9272699604,-14174.53491,0.0314049921,11.160868688,-0.00232421,0.0032293656,0.0161321425,0.0210141835,0.0387982666,0.1465898057,0.0,0.0039184953,-0.802799021,0.0499703884,3.0,5.6448283682,-0.495622064,0.0139474369,0,-0.107492679,0.0268256962,0.0214949307,0.0321698361,1.1155599241,0.1146260189,4.4213385e-06,5.0000003021,1.5499602665,2.4023768278,-0.135666444,0.0638602988
90213,-0.324182808,0.1279342115,-12.47058695,0.0,8.5613006534,2.5815739851,0.027324893,-0.030228331,0.1826443001,-0.13430981,-0.008018257,0.0020786713,0.1359223301,0.1105450954,0.0020786713,40,0.0,0.0528957529,-0.013225719,,-0.031985595,0.3351449275,-0.108924335,0.0131609183,1.3727272727,0.0730679419,0,1.6830087307,,1.6830087307,,5.8056664006,,0.0263396912,0.0,0.0,1,1.0,0,0.0,-4.428422697,5.0,0.0016815544,0.0133778939,0.0091457189,-1.244405709,-0.011735471,-1.272044349,0.0310074542,-4934.911912,0.0286434127,12.708774274,-0.001565149,0.0010975227,-0.019702453,0.0758825502,0.0336037594,-0.027304372,2.0,0.0024937656,0.4831988352,-0.048335303,4.0,12.19849378,-0.696207438,0.6703116864,0,0.0654744878,0.0547263548,0.025037896,0.0445356116,0.4528768389,0.94773148,2.7539587e-08,4.8823833e-08,1.0033905279,1.0067925515,0.0410960475,0.0556748986
84808,1.5796159521,0.1017065702,-10.99417387,0.0427094219,1.219014594,0.8083842021,0.0493914996,-0.032108079,0.1323442501,-0.056432221,0.0530332375,-0.05242536,-1.466501002,0.2508593573,0.0524253599,40,0.0,-0.304347826,0.090551337,0.2094016248,0.0108011559,0.0507463149,0.1859276126,-0.001052844,-0.088953591,0.5332164966,0,2.4730581552,-0.043422953,2.4730581552,-0.043422953,9.7621147977,5.0521140109,0.1889619108,0.0,0.0,1,0.0807736648,0,0.0,0.1852209216,5.0,-0.713086483,0.034013651,-0.375363524,0.5310838632,-13.33311632,0.0811948764,0.1507210766,-1082.026191,0.1229481469,12.071719232,0.0040031968,-0.109162531,-0.195246849,-0.43252165,0.0218044718,-2.41596319,0.0,-0.031096563,1.322008221,-0.129920813,4.0,13.519734389,0.670815745,3.5103270001,0,-0.401912096,0.209059298,0.0704826728,0.1086211171,0.3562146062,4.6671169047,2.3778224e-08,6.5859613e-09,3.3482519805,11.210791325,-0.02420925,0.0803937284
23819,0.4877392072,0.1030228017,3.814162761,0.0159811273,0.4779946174,0.9855528211,0.1643560378,0.1032405982,0.2510693632,-0.001177856,0.0213992824,-0.020369979,-0.182188591,0.1217923809,0.0203699787,40,0.0086556139,0.038961039,0.1179511598,-0.105799042,0.033673389,0.1704208417,0.0155288261,0.100811005,0.1977763051,0.5081489454,0,2.5612782594,-0.060640358,1.9542750297,-0.055468189,14.00511291,4.3455843469,0.3525832013,0.0,0.0,0,0.0,0,0.0,0.5110816582,7.0,0.8023112707,-0.041502389,-0.148519721,1.6244312367,-1.988243622,0.9432519294,-0.240823716,30851.70663,0.0279332649,17.384067561,-0.014184846,-0.00176436,-0.00344278,-0.103195282,0.0761372653,0.032521008,0.0,-0.000565771,0.1670039357,-0.040269518,6.0,18.230722608,0.2971233348,2.7157710369,0,-0.500704589,0.0593022369,0.0192314952,0.0337361194,0.2544025488,3.9737229341,3.115852e-11,7.3136192e-09,1.4442550739,2.0858727186,-0.049092184,0.031894705
25582,0.3571307986,0.0351138318,1.9196806952,0.0208159841,1.0226115036,0.5343820575,0.0682773109,1.6624351071,0.3942245295,0.1721843634,2.1318822848,-0.057585187,-1.556886228,0.089782073,0.0575851873,41,0.0438865572,0.5928571429,0.0141660016,-1.097917472,0.007432611,0.191416309,-0.307992976,0.195713011,0.8603504929,0.215081499,0,1.5449364314,-0.135245244,1.0999561596,-0.106796492,6.7954545455,4.0501992032,0.0868088024,0.0,0.0,1,0.2497526222,0,0.0,1.0032858708,4.0,-0.824067063,-0.443762997,0.4843302071,0.6578489196,-1.109125766,0.5491936327,1.0238007437,6400.0051844,0.0352290716,16.115448832,0.0034321631,0.0111204204,0.0429790992,0.0610593745,0.053008596,-0.101578939,1.0,0.0002734108,0.416235618,0.0088220239,4.0,16.69016506,0.0249368501,1.9748889566,0,-0.095378135,0.0211156812,0.0115036648,0.0160857951,0.3011436827,2.6857408952,1.331702e-10,1.2594272e-08,1.107529098,1.226620703,-0.017262082,0.0231230553
25304,0.2060895967,-0.016343462,1.4253838932,0.043527216,1.2505793587,1.3557670132,0.0558842568,-0.07287689,0.2430390032,-0.000235501,0.0384508693,-0.10657545,-10.06939202,0.1482252623,0.1065754495,40,0.0091704496,-0.008130081,-0.286820737,-0.170714434,-0.051869727,0.2630826664,-0.258391015,-0.028926408,-0.442986331,0.3389059065,0,1.2055697008,-0.127871283,0.892136997,-0.207512783,32.871409704,5.8478240561,0.0799843866,0.0,0.0,0,,0,0.0,0.9691117568,3.0,-0.132747363,-0.213193988,-0.006064889,-0.672884608,-0.431776178,-1.014193151,0.0468662459,-959.5483801,0.0979159386,13.249641586,-0.00293774,-0.003658192,-0.0310595,-0.134961321,0.0274248175,-0.058991925,0.0,0.0110253583,0.5038744721,-0.022701402,4.0,14.319342075,-0.024186404,2.8901429083,0,-0.200344257,0.0744525865,0.0346665031,0.056683696,0.3824336205,3.1672751607,6.0166274e-09,9.805862e-09,1.8910375991,3.5760232014,-0.005014133,0.0503516096
52978,0.214037891,0.0607402379,4.2274720173,0.0318405429,0.4415723146,0.6246208992,0.1822287719,0.0295018453,0.5291278335,-0.049818778,0.1305932856,-0.008614112,-0.092517972,0.0663598015,0.008614112,40,-0.002064378,0.04,0.0477811118,0.0468182545,0.0113081584,0.665150807,-0.025417056,2.86216e-05,-0.128795971,0.4439888896,0,2.5295506515,0.3902622832,2.2136503264,0.4157140303,4.6657369097,3.9072919493,0.2014296728,0.0,0.0,0,0.0,0,0.0,1.3292556869,7.0,-0.341889274,0.0055051286,0.070178421,-0.097105242,-13.33311632,0.1050485689,0.0952206679,5326.9189086,0.1187585399,16.172089131,0.0031811111,0.0490649374,0.1453260577,0.0001220483,0.1253482892,-0.002145395,2.0,0.0009703355,2.0394463798,-0.028945143,8.0,16.723004865,0.0169550892,2.3311735177,0,-0.051660395,0.0578812808,0.0171731148,0.018196197,0.4088034358,5.2542316687,1.117199e-10,9.914064e-09,0.616527596,0.3801062766,0.159821196,0.0277358623
41188,0.2563549579,0.0635034176,9.1314702967,0.0044122504,0.5025704452,1.143987035,0.1523795787,-0.031214725,0.4560788878,0.0134198658,-0.108030966,-0.038239305,-0.464357864,0.0929917289,0.0382393046,34,0.0055909238,0.0371549894,0.9894663033,0.9665337369,0.0301918163,0.1961880079,1.7014408459,0.0016493446,0.165572985,0.4023517689,0,1.9686283235,0.2361161393,1.2630159083,0.2451273334,19.040799207,8.9991710218,0.1816103119,0.0,0.0,1,0.5530726257,0,0.0,1.4904068496,8.0,3.1262253047,0.3820639382,-0.130085541,1.0715094162,-0.423377237,-1.438364906,0.1846405358,-4900.916237,0.0446872923,12.219053493,-0.003138794,0.0256444071,0.0723050401,-0.022684249,0.1058684335,-0.000638915,2.0,0.0009870616,-0.208695055,-0.01780013,5.0,12.753193554,0.4605778392,1.5754094873,0,-0.101630079,0.0872928128,0.0322085356,0.037534058,0.5190363539,2.5992967797,2.5935726e-08,1.7935596e-08,2.4789936836,6.1454096833,-0.02511035,0.0698019652
10294,0.5859184939,0.0172295339,1.0426944321,0.0597386796,0.3388214216,1.5420262313,0.1241403433,0.1032224097,1.041693889,0.0059515878,0.412347083,-0.106651708,-5.456397718,0.1112407232,0.1066517076,36,0.0356287023,0.0373545622,0.0298723222,0.155422983,-0.001495368,0.1004299127,-0.113960022,0.1583826926,-0.020723252,0.5746888589,0,2.1847301173,-0.149670935,1.067243807,-0.236670909,9.5198271165,107.57164847,0.2163087748,0.0,0.0,1,1.0,0,0.0,1.4545972695,3.0,-0.143756374,-0.03569513,-0.251234927,0.0824087631,0.395931105,2.0357962532,0.0665517658,-1902.700414,0.3094931693,10.541593338,0.0002599058,0.0161841719,0.0255828409,0.0218753441,0.1863355352,-0.028712688,1.0,-0.001277683,-0.863546587,0.0184519724,6.0,5.821387724,-0.289758151,0.0121690511,0,-0.309186286,0.0354077183,0.018830027,0.0086504934,1.1749471584,0.3005540623,4.3299746e-06,5.0000003021,1.1138011504,1.2405530026,0.0351101684,0.0390416014
41187,0.5216926574,0.0495678907,-31.25548758,0.0373906899,2.5894958007,0.9434067542,0.0304127544,0.0818175762,0.0514943248,0.012887616,0.0916082142,-0.015050755,-0.911873568,0.09476754,0.015050755,40,,-0.000252143,0.0003310205,-0.054826401,0.0621810852,0.0492181335,0.0236507078,,0.0372642684,,0,,,,,18.45451231,0.6888642743,0.0412551037,0.0,0.0,0,,0,0.0,0.2511826388,5.0,-0.754323874,-0.103190488,-0.259327353,9.2419113703,-11.49952221,-0.056006974,0.0037570509,-4308.353399,0.0257826007,15.073588912,0.0002203165,0.004667756,0.0264609147,-0.04862798,0.0206193487,-0.041513402,2.0,-0.000348554,-0.197586579,-0.035188587,2.0,14.54399964,0.1865989352,0.5397071091,0,0.080304809,0.0174238142,0.010830622,0.0149140187,0.5342986101,1.9262685037,1.0993388e-09,3.796305e-08,0.3479115926,0.1210424763,-0.525773563,0.025015639
41241,0.4832616549,0.0478717156,4.6160593527,0.0201163855,0.135781865,0.9069639593,0.1401424737,0.0475098338,0.3322442062,0.0002840371,-0.005147864,-0.005971317,-0.075465806,0.0514843932,0.0059713171,37,0.0446242703,0.1606648199,0.0452531564,-0.037522367,0.0167507517,0.1388562893,0.064141435,0.1042737349,0.0633233377,0.5348949578,0,3.1461354319,-0.016611388,2.1272872355,-0.138140167,10.98970535,8.8598096722,0.5898534014,0.0,0.0,0,,0,0.0,0.4309232346,5.0,-1.473217135,-0.242946596,0.0018692295,4.4400820482,-2.349766953,-2.635668767,0.3050118998,-2495.477864,0.1062765098,12.927162204,0.0005303709,0.0229018102,0.0283425263,0.0141570588,0.1216915336,0.0120205909,0.0,-0.001162609,0.1748205061,-0.032016386,6.0,12.329547457,-0.106634836,0.5612389883,0,0.0239123439,0.0308911204,0.0164052906,0.0304014768,0.4980146919,2.2881731735,1.4355733e-08,3.2326441e-08,1.0193789636,1.0391334714,-0.002490033,0.0271313596
41292,0.1255031747,0.0099417916,19.846507309,0.0223301283,0.0881561635,0.5884007248,0.0743843137,0.1040033667,0.3412759615,0.0154481537,0.3819570753,-0.080185849,-1.642105263,0.0262672598,0.0801858488,32,0.0067380249,0.1256157635,0.1246145283,0.0769113762,-0.222949829,0.5691356091,0.0369937018,0.017322531,-0.032660805,0.5429783998,0,2.8385116863,-0.090193072,2.5378818064,-0.091178881,14.850687307,6.5270077929,0.1743924204,0.0,0.0,0,,0,0.0,0.5090743943,4.0,-10.15041812,-0.048425949,-2.315850385,3.9035259439,-0.274295099,1.8618461407,1.0208395377,-2036.628548,0.0288563477,14.823081338,0.0411086418,0.0351033624,0.0587392008,0.0165276792,0.2181306577,1.50727e-05,4.0,0.0,0.9847421704,-0.022435332,5.0,14.55466202,-0.218773084,0.8818134498,0,-0.111549313,0.0173865631,0.0096752417,0.0184911626,0.365241158,1.8674133209,7.23986e-10,2.3451158e-08,0.7276113192,0.5294182318,0.1176264391,0.0234275797
76927,1.1126483413,-0.081405782,-6.534992339,0.0,1.1853733925,5.594868531,-0.017696739,0.1224571274,0.1854126834,0.1287669588,0.2253107928,0.0025264509,0.0748389735,-0.087498108,0.0025264509,40,0.0041831401,0.0870090634,0.2085337878,-0.054260126,-5.670892744,0.208960022,0.0524732121,0.0143104118,0.0371858829,0.5018177849,0,1.4999904443,0.3861858673,1.4292689919,0.3963140843,29.428271243,5.9860728947,0.0650972903,0.0,0.0,1,1.0,0,0.0,0.3840239579,4.0,-0.253155621,0.5207043639,0.033656018,0.5323629695,-0.195216909,0.0887049639,-0.383518492,-830.0163597,0.1700891678,11.548191788,-0.00174293,0.0008330134,0.0022350466,-0.164565497,0.046402499,-0.012150871,2.0,-0.00486618,4.222209607,0.1271473262,1.0,11.367892775,0.4724561639,0.5457558264,0,0.0482077756,0.1189979464,0.034216942,0.0547566424,0.6645822791,1.9237750729,5.6920461e-08,3.161368e-08,1.244522005,1.5488350208,-0.007591812,0.0752187846
32651,1.3628875743,0.0173895766,-3.457673765,0.004046901,0.8440052054,0.4885754902,-0.001638601,0.0134155034,0.0880114367,0.0721233398,-0.044838247,-0.029059787,-3.663599641,0.081098023,0.0290597868,40,-0.000607007,0.0320121951,0.3089268118,0.4044797743,0.0585709955,0.0662543051,0.4316019925,0.0658231035,0.0531936549,0.5483747016,0,3.4770456669,0.5327292056,2.9552783426,0.5185401802,2.3884816255,14.35725344,0.15718747,0.0,0.0,1,0.0266534408,0,0.0,0.1190284835,7.0,74.77710871,0.0061991429,-0.032337227,0.5167919247,-1.466067877,-1.402948849,0.2554981624,280.25337695,0.1121772916,14.311077761,-0.002521695,-0.004314504,-0.007006363,-0.04107985,0.0763403674,0.0350619745,1.0,-0.015228426,-0.311899784,-0.008360768,5.0,15.492260753,1.3574927177,4.7375255634,0,-0.172615822,0.1492537409,0.0422357168,0.0578560506,0.5403822406,9.5871636874,1.2086176e-09,4.2487494e-09,1.3755929876,1.8922560674,0.2003879839,0.0579264387
32707,0.9615827143,0.0829103493,-1.974061483,0.0585240978,0.4426681312,0.6215136665,0.1007210198,0.0639928436,0.2115539134,-0.004287087,0.2314051573,-0.143647271,-2.359787057,0.2785611184,0.1436472714,41,0.0032417768,-0.434446869,-0.149007973,0.2138180628,-0.01929232,0.1090293476,0.0805169475,0.1080526658,0.0013238664,0.5821696675,0,4.0970736957,0.6278587535,3.7305624836,0.6166997161,3.9891231201,7.0445827695,0.5038688573,0.0,0.0,0,0.0,0,0.0,0.2862513972,4.0,-2.328014242,0.0653474052,-0.354203824,5.2185189108,-0.947280999,0.2349412874,-0.386029539,3154.6355729,0.0273920116,15.781459667,-0.014377715,-0.003760999,-0.005494364,-0.084670765,0.1109503172,-0.274357703,0.0,-0.000423191,0.2128085136,-0.074827891,6.0,17.240075082,0.4673757822,4.619878007,0,-0.500704589,0.0532821529,0.0211228965,0.0342836719,0.3168866076,6.0631973958,1.186773e-10,5.1303617e-09,2.0956176799,4.3916134603,0.0024976669,0.03851898
16600,0.0633373481,0.0368652059,40.028081083,0.0191707672,0.1789034516,0.3230619064,0.2836446359,0.0507752887,0.6580374982,-0.012729181,0.0985049591,0.0015820509,0.0102619871,0.0364868956,0.0015820509,40,0.0257567941,0.5168918919,0.0385790585,-0.210479346,-0.019346377,0.08719732,-0.112339602,0.1289238539,-0.09332554,0.441997292,0,1.1608764408,-0.342854812,0.7470427201,-0.424523135,15.724584468,12.433021744,0.2635323894,0.0,0.0,0,,0,0.0,2.1373226141,3.0,24.396310367,-0.063567768,0.430344699,-0.131058835,-0.228451387,0.3605046393,0.0398228753,12015.702035,0.0457936334,16.470359113,-0.005039252,0.0284018402,0.1345531745,-4.0121e-05,0.0610790641,-0.014464391,1.0,0.0003265128,1.8152208666,-0.063035394,6.0,16.807150946,0.0869677667,1.7098125732,0,0.0957318355,0.0175915174,0.0133280165,0.0166311495,0.4222146473,4.1276624162,8.460292e-11,1.0965427e-08,0.5620214182,0.3158680745,0.0745831756,0.0189095518
91575,0.2152442551,-0.007163161,1.4292742696,0.0,1.8799803625,0.9649302116,0.0259553307,-0.024540027,0.1972881521,0.0296096904,-0.013576444,-0.145511741,-33.80952381,0.3015516106,0.145511741,14,-0.001041722,0.0855263158,0.0254458359,-0.030352128,-0.125863082,0.2105509182,0.1595100998,0.0015373103,-0.110854503,0.4273974984,0,2.7033730159,-0.09397689,2.6369047619,-0.087076539,10.410933082,6.9167188478,0.141722545,0.0,0.0,1,0.4371709122,0,0.0,1.5166714781,3.0,-0.033204313,0.0132190314,-0.031176035,-0.35377355,-0.498034674,0.1645492671,0.0299732322,8376.3851373,0.2350454299,15.18408392,-0.000588836,0.0083410209,0.0904166667,-0.073369843,0.0321136391,-0.754937764,3.0,0.0091544025,1.3019460952,-0.087571797,4.0,17.040596146,-0.46082877,4.9034850862,0,-0.151944756,0.0763967037,0.0424883299,0.0492424485,0.4011983188,12.888437046,4.002163e-10,4.7916596e-09,2.4494856948,5.9999801692,-0.011934093,0.0456117405
61567,0.2902105976,0.05284816,33.016854725,0.0,0.2237339724,0.4682892112,0.1566013737,0.1090899188,0.3158869343,-0.03437816,0.311972769,-0.056087799,-0.518624642,0.080256518,0.0560877986,40,0.0128082634,0.0737580584,0.1056489095,0.100915691,0.0242945933,0.0575028267,0.0350508803,0.1265181635,-0.009048604,0.5200226871,0,2.1947842885,-0.101556157,1.2607855763,-0.13379421,26.170662906,7.9464668094,0.3592369735,0.0,0.0,0,0.0,0,0.0,0.4906928645,5.0,47.620685321,-0.04704179,-0.134865182,-8.530192078,0.6833748094,0.2501576719,-8.677095466,-1585.070957,0.0248274717,15.252009607,-0.000255128,0.0243170765,0.0429029671,-0.000731258,0.0192796894,0.040423473,0.0,-0.001114579,1.9141839351,-0.070618463,6.0,15.224298446,0.0522894184,1.2559090713,0,-0.25352422,0.0334173255,0.0135069824,0.0215817469,0.422122319,2.8651731152,4.031125e-10,1.355132e-08,1.2691971881,1.6108615023,0.0131240999,0.0229212737
52716,0.3385202643,0.0140791844,5.7343378631,0.0110980573,0.9742382389,0.5868392967,0.0494970386,1.5441470236,0.5817019577,0.134505571,2.4905879865,-0.053496948,-3.482180294,0.0631054429,0.0534969483,41,0.0293733997,0.3651877133,0.1791708677,-0.024478767,-0.0270117,0.3123678647,-0.232291385,0.124422122,0.4220706758,0.200830559,0,1.9713199724,0.1188436081,1.5093296475,0.106908478,10.312240664,4.019001415,0.0781386148,0.0,0.0,1,0.7861346083,0,0.0,1.2441413515,4.0,-0.032052811,-0.33359632,0.3290112267,-0.196244119,0.5616826014,1.0366572661,-0.011015189,1617.2575426,0.1761608433,14.966483755,-0.009131899,-0.005462304,-0.012653223,0.0277746594,0.0432519742,0.1397527844,0.0,0.0021157915,0.3527435312,0.0165069278,4.0,15.395230808,-0.137631721,1.5366481603,0,0.0498010166,0.0261974614,0.0229375306,0.017236522,0.4459746225,4.7721311896,4.247117e-10,1.3138266e-08,0.8374587442,0.7013371483,0.0039361601,0.0253757193
14338,0.1849830499,0.0261981466,14.477656458,0.0,0.8334747644,0.4088156544,0.0630045285,-0.016452074,0.1051125668,9.1406286e-06,-0.039262317,-0.026306299,-1.029717682,0.0531748414,0.0263062995,34,0.0003036802,0.0328947368,0.0787878788,-0.112150633,0.059410246,0.0839235601,0.2606626984,-0.056019878,0.0891588357,0.2213111196,0,1.1072219761,-0.004754732,0.9282233053,0.0006312632,13.674479167,9.5126811594,0.059546422,0.0,0.0,1,0.8791864994,0,0.0,0.4973641989,7.0,-0.008093628,-0.100425807,0.014264809,-0.072968925,0.124662343,-0.652120712,-0.06704701,21498.240258,0.1744310206,16.898538419,0.0045585777,0.0107097616,0.0546523017,0.0110806264,0.0348604041,-0.046044019,2.0,0.0,0.3118829562,0.0060991596,2.0,17.24641712,0.0224167412,1.5504007,0,-0.165367998,0.0295749214,0.0135220851,0.0221831382,0.3221671225,2.7416376606,6.542053e-11,1.2988251e-08,1.097856102,1.2052880208,0.0457147321,0.0259832281
32803,0.7515792708,0.0382746485,-0.793062744,0.0880620891,0.4258799618,2.6892790033,0.0657493158,-0.082143824,0.0987918648,-0.013800734,-0.092076763,-0.04949392,-1.696827496,0.1032201246,0.0494939204,40,-0.033090655,0.0090157776,-0.019653869,0.2450244775,-0.399060219,0.0989993568,0.1074880555,0.0188399043,-0.079344358,0.4335789482,0,2.2239022921,-0.044281876,1.3967259148,-0.080006948,18.965955119,32.851626597,0.1960308104,0.0,0.0,1,0.5412886652,0,0.0,0.1563562359,4.0,0.173374834,0.1305261196,-0.014267766,1.0427629163,0.1874135802,1.2732100127,0.2642750844,-14745.9961,0.0739470786,15.653886232,0.000672771,0.0214670159,0.0350383603,-0.191655621,0.0690927117,0.0016581303,0.0,0.0036855037,-0.063878281,-0.008806119,1.0,16.931576877,-0.541649025,3.2603799024,0,-0.13824669,0.0300467517,0.0195611233,0.0364330634,0.162588935,1.9342994809,2.45251e-10,8.8798633e-09,1.1411364826,1.3021924719,-0.038592113,0.0401608954
42140,0.2082934012,0.0287691403,2.8940748479,0.0,3.4051050725,1.656389583,0.0695659268,-0.063135705,0.1923243012,0.0132099057,-0.079030354,-0.058058414,-7.555659739,0.2461389752,0.0580584139,41,0.0003370323,0.0115999725,0.4857437244,0.5299496657,0.0497228655,0.079900988,0.6389266943,0.0354533624,0.3007664807,0.3763148525,1,0.7954215137,-0.505326744,0.7672740537,-0.516212525,13.425382924,45.378913226,0.0589659438,0.0,0.0,1,0.34401939,0,0.0,3.4455882903,7.0,3.8022357596,-0.301725285,-0.059126131,-1.115052748,-0.808864143,-0.85494947,0.1663527328,-862.3418394,0.0889184991,14.574713237,-0.000939128,0.0028936746,0.0394194573,0.0050153537,0.0268063015,0.0009603753,0.0,0.0027870628,0.7012112666,-0.02063857,4.0,15.432640458,0.0995781259,2.3543011724,0,-0.04962805,0.0457064286,0.0151438644,0.0313884603,0.3550851673,3.0740811433,7.10889e-10,9.9240058e-09,1.0601602284,1.1239397098,-0.01263688,0.0396218895
42439,0.1838428743,0.0272584652,32.624958598,0.0196566389,0.3657607922,0.9856233734,0.1115466003,0.092208107,0.736157856,-0.01814059,0.1812217881,-0.089573086,-1.729677409,0.0744068168,0.0895730862,40,0.0271899493,0.0653734239,0.0789970116,0.0294243994,0.0323754633,0.1656613335,-0.049827197,0.0627634495,-0.049827194,0.3565163644,0,0.9961209884,-0.053645053,0.729813943,-0.126071415,59.756290999,9.2591844301,0.1483703527,0.0,0.0,0,0.0,0,0.0,1.8953310354,4.0,-0.010557755,-0.018556541,0.0044717398,-0.357322567,-0.158738977,0.1163227162,0.0368364388,482.8338171,0.1748673505,14.478462545,0.0010402129,0.0308295401,0.0939494511,0.0006120194,0.0234174435,0.0025745157,3.0,0.0013986014,0.3835973395,-0.068023011,7.0,14.144860991,0.1013402757,0.8327272727,0,0.0498010166,0.0671770126,0.0201160717,0.0226454403,0.4073340271,2.3289870228,1.5081248e-09,1.9544452e-08,1.5717526191,2.4704062958,0.0303862766,0.0281013237
42455,0.1467811781,-0.162015514,4.4909642376,0.0,0.2132258966,0.7815542886,-0.656714538,-0.393005636,0.3699066802,0.0070197377,-0.067577283,-0.142762685,-0.419922205,-0.093981602,0.1427626851,31,-0.027540607,-0.516666667,-0.419772172,0.2018043934,0.0024384511,0.3994760969,-0.317077454,-0.293245629,-0.597218045,0.7304832179,0,1.4380215445,-0.330386231,1.30192687,-0.336929949,5.4843299366,8.9754562618,-0.581969246,0.0,0.0,0,,0,0.0,0.6019548872,2.0,-355.6597549,-0.045567134,-0.697043653,-2.212634348,-1.56082327,0.2766021907,-0.231349895,-3000.108013,0.2277833408,9.7938979537,0.0,-0.112677596,-0.383699293,0.1576069093,0.0750933753,0.0011610645,1.0,-0.241882043,0.7425859333,-0.321275812,2.0,10.371813828,0.706904679,0.8860923055,0,-0.166303822,0.1248175725,0.0402246452,0.0846270363,0.6609066152,2.3701449579,5.565317e-07,3.3954379e-08,0.8023454882,0.6437582825,1.5134843128,0.120255127
91207,0.1089262172,0.0459275788,7.7677159764,0.0532131356,0.5093461344,0.4273479066,0.1150975514,-0.011755307,0.1784980598,-0.100073998,0.3208001482,-0.040296194,-0.545878694,0.0709984655,0.0402961942,40,0.0021812755,-0.005512679,-0.021586263,-0.037368186,0.013342763,0.1074411541,0.2208856242,-0.059004793,-0.546130952,0.3537939716,0,0.9473469388,-0.086825897,0.8510204082,-0.079615927,5.8714425908,8.4505649718,0.1478052674,0.0,0.0,1,0.343045843,0,0.0,0.4357142857,5.0,-0.014471553,-0.053850956,-0.024142607,-0.149025758,-0.032104119,-1.799173059,-0.049223386,9809.7026785,0.1744310206,16.440248381,-0.001424163,0.0109276046,0.0656226696,-0.005241868,0.1335369578,0.0617572144,0.0,0.0003008424,5.5349659461,0.146213531,7.0,18.539039978,0.0965230647,6.1402163527,0,-0.165367998,0.0196127426,0.0135522987,0.0145877393,0.6454557739,33.493328322,2.095286e-11,2.6954256e-09,0.9836815049,0.9676293032,0.0680079194,0.0303928474
21792,0.4514188726,0.0606457632,-4.166205212,0.0404966799,1.851333512,0.9157410992,0.0228927726,0.0608139003,0.0890717878,0.0023310023,0.063337324,-0.034879077,-1.286415712,0.1386614259,0.034879077,40,0.0041712891,-0.005936445,0.1381692573,0.1822044855,-0.146315897,0.0964578176,-0.030063057,0.0600823045,0.0505890506,0.3408445259,0,0.9404316547,0.0681576996,0.8313669065,0.0576892923,7.513029316,7.7269681742,0.0897411102,0.0,0.0,0,,0,0.0,0.3386463386,7.0,-0.728548233,-0.040671868,-0.265011655,9.1716375855,-11.46358248,-0.527600159,0.0476509368,2332.6704006,0.0257826007,16.038694379,-0.014241655,-0.017299354,-0.085934066,-0.022803617,0.0483515474,0.0509074754,0.0,0.0027716186,0.6169081335,-0.068496274,2.0,16.875924706,0.2821886766,2.2417318635,0,0.080304809,0.0191754363,0.0109854481,0.0157614885,0.2092149562,1.663718204,1.179633e-10,1.2329345e-08,0.5843961803,0.3415188955,-0.075958094,0.0224261775
42877,0.1226421523,0.038160581,243.47172044,0.0095305744,0.2232455895,0.6277530226,0.1824660971,0.2049060723,0.353778671,-0.005680607,0.2134212752,-0.08750457,-0.725701189,0.06585376,0.0875045705,32,0.0004800112,0.0915687442,0.1040133611,-0.16954706,0.0108252606,0.1186272725,-0.011109798,0.1636640226,0.1897087467,0.5515882512,0,1.1414398174,0.1952946638,1.105463836,0.2040850953,1031.9492386,8.4044206953,0.3346819864,0.0,0.0,0,0.0,0,0.0,0.9584819824,5.0,-4.097110262,-0.33767379,-0.062225322,0.5558238702,0.1786036821,0.1420916933,0.0207732252,4165.7843999,0.2359138598,16.049470199,0.0024793299,0.0330351328,0.0859756348,-0.001791855,0.0015747611,-0.024319515,2.0,0.000280112,0.7049608911,-0.009292885,6.0,16.613460112,0.2111099732,1.6763718998,0,-0.179026286,0.025403602,0.0143348899,0.0232923426,0.387455353,3.0671672938,1.570511e-10,1.3618847e-08,0.995609513,0.9912383025,0.0141252208,0.0208527912
42906,0.6960549881,0.0740808892,-41.57228516,0.02384418,7.0251032196,0.3462354261,0.01998066,0.1146954493,0.0459902344,-0.023476376,0.1235141804,-0.004077047,-0.405435236,0.1041158921,0.0040770474,40,0.0015502365,-0.007606152,0.0339354628,-0.073849245,0.0130579436,0.5399549324,0.2171630735,0.0013322944,0.0400570205,0.5355051818,0,0.9430696203,0.0209061906,0.9343445626,0.0196835012,2.2998877929,0.0628184422,0.0170313318,0.0,0.0,0,,0,0.0,0.4787880549,5.0,-0.021817095,-0.000930933,-0.051356186,-0.224167913,-1.194028153,,0.0245782509,3038.0237784,0.0286434127,15.896786875,-0.000106761,0.0022163783,0.0234885991,0.0051141646,0.0155271363,0.005776919,0.0,-0.003773585,0.4727239236,0.0289752819,6.0,17.024405182,-0.091613745,3.428129839,0,0.0654744878,0.034482751,0.013349955,0.0216802281,0.2413506871,3.5662662739,9.194314e-11,6.9677165e-09,0.9401915964,0.883960238,0.0647857608,0.0210621698
88795,1.3207177996,-0.728570364,-1.460281262,0.0,3.1797294275,4.7112216756,-0.064388013,-0.122301165,0.2252357676,0.1935093588,-0.053788185,-0.223981327,-1.479947823,0.3496757603,0.2239813268,31,-0.034179962,-0.030936119,-0.031652284,0.2772254375,0.0459228024,0.2374934019,-0.022238822,-0.075743645,-0.25259417,0.6181666998,0,2.4734408861,0.778438688,1.5067180352,0.8403619692,6.0058675409,13.616793235,-0.040760854,0.0,0.0,1,0.637494461,1,1.0,0.4973214662,5.0,45.090929017,0.1026839399,-0.15089505,9.6144074443,-0.972785533,-1.037475496,0.6256031962,-5155.386616,0.0587429544,11.726339867,3.27076e-05,-0.036418958,-0.113928685,-0.129285927,0.174301898,-0.124612157,1.0,0.03125,8.6410052323,0.2535581589,5.0,12.38781806,1.3441888258,1.5764044502,0,-0.101630079,0.0109289512,0.0046758784,0.0117912554,0.365940078,2.1214968388,6.2842187e-09,1.7560831e-08,1.6575686615,2.7475338677,-0.286544621,0.12169543
87464,0.3124014249,0.0705030453,-26.6681,0.0,1.6081987748,7.5815085099,0.0526984127,0.0463576159,0.8324503311,0.0098696385,0.0327868852,0.0129449838,0.3448275862,0.0461916504,0.0129449838,19,0.0045307443,0.0,0.1107747106,-0.005663646,-0.007175062,0.1834319527,0.0874894336,0.0245033113,0.1222707424,0.5150177215,0,1.8850226929,0.0516610121,0.8653555219,0.1068500862,1031.9492386,12.754601227,0.0683563748,0.0,0.0,1,0.9743589744,0,0.0,5.3799126638,6.0,-0.142036455,0.1857979456,-0.169776943,-0.271197585,-0.404852443,-1.104741406,-0.213084774,-2128.416562,0.0457306398,11.653586428,-0.062299301,0.0961391205,0.7483870968,0.0928302648,0.0136986301,0.0058336168,3.0,0.2527046098,0.7401927639,0.0206722608,1.0,10.453290801,0.3418995027,0.272945993,0,-0.034541484,0.0651629046,0.0283806096,0.0492659723,0.5384936741,0.9165919888,1.568734e-07,6.1543821e-08,1.1438785792,1.308458204,0.1266328243,0.055627875
78892,0.2213243798,-0.096065175,-1.681572482,0.0,1.5176310547,3.2352641474,-0.004936998,-0.064852869,0.2759466272,0.0068134689,0.0716482884,-0.037123561,-0.695306285,-0.029270455,0.0371235611,30,0.0456894477,-0.197183099,-0.063574225,-0.178846969,0.0639218613,0.2491743832,-0.075693529,0.0311523919,-0.500833094,0.5944133046,0,1.7131535175,-0.103387404,0.8732265745,-0.174306171,312.03685504,5.0956546162,0.0013372118,0.0,0.0,1,1.09914204,0,0.0,1.0360815858,4.0,45.172216153,0.1445540534,-0.31714203,8.5150140244,-1.398481738,-0.044052376,0.2466569809,-5169.796016,0.0587429544,10.667917132,0.0022740972,0.0122241486,0.0985081695,0.0595598987,0.0059623216,-0.035453266,2.0,0.0155844156,8.6410052323,8.45268e-05,2.0,10.602256402,0.3512352669,0.8763687169,0,-0.101630079,0.0669546276,0.0292574306,0.0476244046,0.7013966152,2.8472296644,1.0370655e-07,2.4203627e-08,0.2708815933,0.0733768376,1.0024698576,0.0514778618
12570,0.3299690917,0.0511697892,0.0973193078,0.0110270352,0.6548863889,0.7209942801,0.1033029275,-0.029062617,0.2541040586,0.0,-0.048198003,-0.013728177,-0.268577495,0.064912843,0.0137281767,40,-0.003689787,0.0,0.0631583163,0.0563131381,0.0158607573,0.189231809,-0.004313618,0.0031549115,0.0115736886,0.3716965717,0,2.1101367036,0.0548783065,1.7202734073,0.061277148,4.5039022735,5.3081383723,0.1101830317,0.0,0.0,1,0.1428571429,0,1.0,0.7880099917,7.0,7.0099197208,0.0324026544,-0.138205697,-0.035644315,-0.604589624,0.1481778184,0.0572218001,-769.1510189,0.0410566741,15.052939018,-0.007176194,0.0269877227,0.0764416984,-0.01844929,0.1481183337,-0.004219178,0.0,0.0014956626,0.4738859627,0.0118762073,5.0,15.430370677,-0.028743767,1.6587199408,0,-0.131569503,0.031319987,0.0165114007,0.0208073779,0.4126557129,2.2299016804,6.645389e-10,1.6726993e-08,1.5097201331,2.2792548803,-0.004365261,0.0260026172
80210,0.4202298676,0.0157914754,10.589210191,0.0725178633,0.2478697558,0.170388083,0.025509371,-0.334387645,0.0650226387,0.0040789495,-0.545157176,-0.084909367,-4.659294883,0.089368616,0.0849093672,21,-0.042281843,-0.548387097,-0.64661364,0.100448157,0.0137197579,0.0573943684,-0.12675516,-0.293245629,-0.10396287,0.5307810922,0,1.0611924634,-0.435539664,1.0164305304,-0.261986908,3.7356305475,25.127862437,0.1252849668,0.0,0.0,1,0.4516353649,1,0.0,0.117623723,5.0,5.972697942,-0.439368842,-0.952484604,-53.78563723,-2.101335472,-1.877712242,-1.173249099,1200.2466724,0.0207317787,14.923759755,0.0043345083,0.0083120591,0.0140081318,0.0006695808,0.0284105148,-0.39394778,1.0,0.0027186226,0.0665589189,0.0738579556,5.0,15.113457644,0.2091608968,1.0107662579,0,-0.142502855,0.0151452692,0.0091564717,0.0154616839,0.3117537425,1.0059297467,9.15668e-10,3.1478675e-08,0.9426049441,0.8885040807,0.0204033471,0.0335825301
21928,0.5870102324,0.0581480041,-13.64321398,0.0266588823,1.1298071844,0.3854466137,0.0368834452,0.0656698411,0.0720809878,0.0007564899,0.0710762338,-0.030837756,-0.883104197,0.1094987506,0.0308377558,40,0.0027769014,0.000489716,0.0291362479,0.1722578302,-0.111688795,0.0348478246,-0.020169478,0.0481168736,0.0554135034,0.396582005,0,1.8285183699,-0.039447681,1.3711830127,-0.099931747,22.576468103,8.4727193452,0.0898230884,0.0,0.0,0,,0,0.0,0.1612503715,4.0,-0.751925645,-0.089538617,-0.258585494,9.3072289453,-11.36563563,-0.457737386,0.0184882615,-4414.858299,0.0257826007,15.114798029,0.0023012664,0.0124355306,0.0366975094,-0.004001454,0.0204210653,-0.049078094,2.0,-0.002318034,0.5286575806,-0.04130017,5.0,15.32131354,-0.021679793,1.2391087309,0,0.080304809,0.0132385297,0.0097185372,0.0161044405,0.2414173752,1.2592300907,3.486514e-10,2.0087705e-08,0.47671466,0.2272568671,0.1655882811,0.0222742029
56573,0.1880375201,0.0521177464,6.1571526817,0.0197440775,0.2993047724,0.3994039362,0.2068259885,-0.114594811,0.304167084,-0.109939661,0.0582041533,0.0145574328,0.144973545,0.044562052,0.0145574328,40,-0.003559664,-0.039215686,0.0246904846,0.0564178642,0.0132517475,0.2989323843,-0.017547221,-0.00701192,-0.297227662,0.4132226496,0,2.285876026,0.4051523982,1.951882253,0.3744494708,3.630075188,5.859223301,0.2268011937,0.0,0.0,0,0.0,0,0.0,0.6001236731,6.0,7.1494430011,0.0626739329,-0.177421383,-0.177575886,-0.590250907,-0.054777249,0.0368710091,31813.028181,0.0410566741,17.445612674,-0.000157662,0.0312576462,0.096378725,-0.011297159,0.1863512171,-0.004750296,2.0,0.0002429838,0.5576360198,0.0643055737,4.0,17.368210981,0.1554488096,0.9833115359,0,-0.131569503,0.012513347,0.0065769318,0.0127287164,0.2811373117,1.311635385,3.404763e-11,2.3496348e-08,0.9881387077,0.9764181057,0.0263158444,0.0168288836
43634,0.0841924546,0.0112969433,2.3368138819,0.0,0.3397989742,0.0725878627,0.0479643932,2.3874659401,1.121864264,0.1298637404,5.2346570397,0.0860403285,1.741001714,-0.008371054,0.0860403285,34,-0.000799981,0.5576923077,0.851404741,-1.05257747,0.7629457122,0.1578786021,-0.12817774,0.0628119531,3.3337725082,0.8748957672,0,13.630056914,3.2792663029,13.41593601,3.428478885,0.2123575209,2.3486008631,0.0693946323,0.0,1.0,1,0.0312047285,1,0.0,2.3352802114,4.0,47.780037448,-0.684757167,0.3490690676,-8.736210221,2.2547676259,-0.373826808,-8.765723039,-5082.549957,0.0248274717,12.587518791,0.0,-0.014831934,-0.038717289,0.014303503,0.7784979215,0.2019480144,0.0,0.0917431193,1.5573747018,0.0697543547,4.0,13.196315657,-0.671817643,1.4628935085,0,-0.25352422,0.0887573585,0.0366111789,0.0531406277,0.5270958492,4.5909787449,1.7929431e-08,1.6080537e-08,1.5849050646,2.5119240637,0.1137708221,0.0890039886
43757,-0.010197574,-0.125096842,3.7599626577,0.0,0.2874631709,0.0147321455,-6.860327772,1.2581333789,-0.732236272,0.0153955242,5.2346570397,-0.118015515,-0.187617183,-0.101626525,0.1180155153,31,-0.002555299,0.025,-0.374806459,-0.604867808,-6.045797775,0.2578055308,-0.140950288,0.0155409444,-1.099440915,0.964247145,0,8.5668046358,0.2414992906,8.5184602649,0.2563677719,0.056746203,4.6990856193,-0.801826021,0.0,0.0,0,0.0,1,0.0,-1.213036849,3.0,-20.66937367,-0.039364605,-0.2811081,-0.077531643,12.8114481,0.3035196586,0.2316011787,-4851.578949,0.0238858186,12.726482827,0.0001851068,-0.145528455,1.0433494835,-0.002094842,0.9313440315,0.6958703774,0.0,-0.011627907,0.3402822944,-0.00970096,3.0,13.034831865,0.3567353135,2.2495464326,0,-0.25352422,0.108108148,0.0360646008,0.0664063056,0.9204542355,8.6022879257,1.2872981e-08,9.3325984e-09,1.2619000051,1.5923916229,-0.326886925,0.0925670818
51633,0.4207303309,0.0437071407,0.736087963,0.0315298966,0.9311532662,0.683942117,0.0671999054,0.0116999177,0.1234468702,0.0024271845,0.0020855057,-0.062601681,-1.925104853,0.1278479693,0.0626016815,40,-0.003097936,0.0,0.0483702633,0.131237574,-0.01811184,0.0824076767,-0.043531059,0.0613804727,0.0336485878,0.435669469,0,0.8999606661,-0.271208883,0.7445915825,-0.233641123,30.228009259,7.2386363636,0.1267736486,0.0,0.0,0,,0,0.0,0.349482082,6.0,-0.74733575,-0.067735354,-0.25907521,9.1409490437,-11.39090389,0.239992968,0.0368374803,-3923.631599,0.0257826007,15.212973919,-4.1345e-05,0.007682984,0.0239634146,-0.006361127,0.0009142683,0.0423686045,1.0,-0.003094501,1.0047530219,-0.08315333,6.0,15.36341877,0.0212410687,1.0329646,0,0.080304809,0.0128070666,0.0116913151,0.0155476785,0.3380526452,1.2830428367,5.719461e-10,2.9113485e-08,0.521548592,0.2720129338,0.3516392145,0.0216836634
12431,0.3547251826,0.0531430151,1.948265353,0.0158540366,0.6666930474,0.7637545877,0.0896796328,-0.020364592,0.2400881182,-0.058111072,0.0689953262,-0.004359692,-0.084949833,0.0576575054,0.0043596917,40,0.0110308211,0.0238095238,0.0437957977,0.0044415137,0.0111735946,0.2222071767,-0.006428081,0.0200870988,-0.152994101,0.2771741076,0,1.5569406181,-0.071669356,1.1862742424,-0.111428299,7.5600516068,5.9238121496,0.1125074036,0.0,0.0,0,0.0,0,0.0,0.5693106424,6.0,7.1536435535,0.067238289,-0.114396173,-0.010888224,-0.607149895,0.0845078965,0.0499664625,12427.971061,0.0410566741,16.641295841,0.0011621288,0.017493347,0.0536927723,0.0076811741,0.0365516351,-0.015079268,2.0,0.0007878669,0.3734130182,0.0364037664,4.0,17.180130998,0.2084163102,1.8557092772,0,-0.131569503,0.030593995,0.0116536569,0.016332202,0.3419580244,2.6706599704,7.643989e-11,1.4430075e-08,1.1322159254,1.2819129018,-0.031179915,0.0229057127
14855,-0.403913605,-0.080782721,-5.872325693,0.0,6.6097239639,8.2257963184,0.0590532482,-0.232718805,0.2481661168,,0.01227555,0.0209074538,1.8521400778,-0.230403636,0.0209074538,34,-0.090094699,0.0,-0.396491111,-0.062825276,0.1026203215,0.1070925317,0.5794803043,-0.104948574,-1.257411859,0.5048071728,0,2.4719235364,-0.248759155,1.0005973716,-0.234837304,45.619647355,9.0374251497,0.0095213033,0.0,1.0,1,0.8318658281,0,0.0,1.0681089744,1.0,-0.161499867,-0.684757167,-0.169776943,-0.987512615,-0.867185826,-0.055480323,-0.489680061,-1892.545172,0.0457306398,12.560412879,0.0054830027,0.0036110812,-0.057313944,-0.936982164,0.030770946,-0.010995505,0.0,-0.005714286,-0.189983746,-0.06578698,0.0,12.116491632,,0.9812149533,1,-0.034541484,0.0712121651,0.0295363932,0.07265761,0.7013054124,3.6852188093,2.8598941e-08,1.5316894e-08,2.1011222504,4.4147147111,-0.068641697,0.0986249144
44274,0.9012593497,-0.047922573,-1.408205999,0.0,0.9357098116,1.9149195698,0.0779570308,-0.049338992,0.2494508107,-0.016375747,0.0229419321,-0.085867288,-3.425660264,0.1162438811,0.0858672883,34,0.0003189659,0.1481481481,0.2198979311,0.1695805102,-0.036206627,0.2634279158,0.1946193864,-0.011739518,-0.116629168,0.4296612178,0,2.4141750812,-0.118638873,2.1902369449,-0.11418539,7.520453005,3.6999949978,0.0170870949,0.0,0.0,1,1.0393048799,0,0.0,0.461307812,3.0,-0.44309671,0.275084907,0.0947951027,0.3209739779,0.1593617211,0.0887049639,-0.179776503,-254.8793197,0.1700891678,13.521599558,0.0056029044,0.0115158982,0.0244337175,0.0108093981,0.1324151652,0.0010261412,3.0,0.0,0.276849383,0.0834457963,4.0,13.715612569,0.0533388372,1.028084767,0,0.0482077756,0.0368573368,0.0162110637,0.0285185918,0.2530716796,0.8703458041,4.8025012e-09,2.7209353e-08,1.8317822254,3.3554261214,-0.031938826,0.0367749437
46463,0.5647198901,0.044976901,-2.662068197,0.0100397562,1.7064017717,2.6444303338,0.0572447436,-0.048851849,0.2925622995,-0.090425032,0.0097598915,-0.023047508,-1.193677273,0.0986648056,0.0230475078,41,0.016689594,-0.016393443,0.0121602903,0.1657031404,0.0199901806,0.1836977461,0.0100296056,0.0356308447,-0.19078355,0.3743245814,0,2.3386645243,-0.049834241,1.0109013379,-0.193383868,37.771091335,9.2159356358,0.0804011367,0.0,0.0,1,0.1404103626,1,1.0,0.9026440387,6.0,0.0710959331,0.1051888608,-0.002536176,12.374286127,-0.298383067,-0.187610611,2.3752013325,-1165.013097,0.0502102314,13.541347438,0.0035646776,0.0062744228,0.0233705716,-0.030784301,0.0308270664,0.0299685236,0.0,0.0006341154,0.1845821134,-0.029787827,5.0,12.870063108,-0.10108727,0.790406696,0,-0.060001469,0.0184574649,0.0108040175,0.0208047794,0.6098861073,2.9972014187,4.2118185e-09,2.9839058e-08,1.4286387582,2.0410087014,-0.006426685,0.0284511906
44506,0.2652938852,0.0385632533,3.7069673188,0.0,0.0422061666,0.1928162664,0.308684631,0.0995222393,0.4491154809,-0.010546948,0.2914371042,-0.065562739,-0.499131619,0.0578113923,0.0655627389,32,-0.004828561,-0.024932615,0.1817859272,0.2552457457,-0.010670534,0.3874488612,-0.407546444,-0.002524791,0.0741277228,0.7231609331,0,6.3962776963,-0.162329377,5.9692190498,-0.145852154,1.0321496775,8.9484247848,1.2580288526,0.0,0.0,0,,0,0.0,0.5085064488,4.0,3.0725962319,0.0158334722,-0.192173145,1.0804483435,-0.715866562,-2.032942776,0.1494601991,-2147.923927,0.0446872923,14.763804826,0.0001332242,0.0470742149,0.05233563,0.0108834306,0.6072990496,0.0056620383,1.0,0.0019704433,1.3995126733,0.0387768592,5.0,16.162727635,-0.645790675,5.6643843134,0,-0.101630079,0.0406587236,0.0247229719,0.0440331323,0.5480956771,24.25549171,4.370276e-10,4.3496036e-09,1.6565009404,2.7439953654,-0.021390098,0.0483590467
59328,0.3242217344,0.0679260929,6.5786196101,0.0255883581,0.2041671242,0.3242507527,0.1911936615,-0.004352628,0.474934494,-0.044091001,0.0315817254,-0.094556029,-0.744531784,0.118499228,0.0945560294,40,0.0010959558,-0.008364312,0.0599908932,-0.276275773,0.0572216787,0.257205608,0.0064066048,0.0692306027,-0.041042983,0.4105933925,0,1.7310693551,-0.267948229,1.4643236157,-0.288193508,3.9753806745,11.149471163,0.5846624616,0.0,0.0,0,0.0,1,0.0,0.7449189783,7.0,3.1291835205,-0.009542669,-0.175604843,1.1393761927,-0.790612184,-1.005459048,0.2101480348,98593.130203,0.0446872923,18.593941823,-0.000982167,0.0343566282,0.0530546075,-0.000624289,0.2114924101,-0.063437041,2.0,0.001658925,0.3556969005,0.0206204506,8.0,18.734862128,-0.147944104,1.0713886065,0,-0.101630079,0.0126582161,0.0106374906,0.0162825957,0.3030918866,1.9921344282,1.102997e-11,1.9053667e-08,0.9739359548,0.9485512441,-0.01871018,0.0262977825
44768,0.2822282438,0.0228330978,10.472838823,0.0085568893,0.4309968101,0.9239848181,0.1161915397,-0.052834478,0.4520338817,-0.005172596,-0.019017373,-0.027082572,-0.869558207,0.0426878054,0.0270825722,32,-0.009385746,-0.029761905,0.0457442742,-0.144931508,-0.033376662,0.131077164,0.2503515669,-0.013203119,-0.100203353,0.4731021623,0,2.675262715,-0.102602576,1.6865293803,-0.079248684,18.287361556,6.3905011681,0.1154957341,0.0,0.0,1,1.0,0,1.0,1.0218758345,4.0,-2.255179431,0.0340703588,-0.109748582,9.0631343065,-0.838030122,-0.510327355,-1.049809487,-252.7063402,0.4540382957,13.923766999,0.0099941182,0.026133361,0.0637134021,0.0016882081,0.0983230986,0.0195474876,0.0,0.0,3.3009604247,-0.168187641,4.0,14.585602912,-0.028076875,1.9401423509,0,-0.102424876,0.0402950644,0.0218530969,0.03294462,0.5799363319,6.5059157771,1.4453302e-09,9.4028164e-09,1.3109362232,1.7185537814,0.0047252818,0.0394838394
12490,0.0746792386,0.0991129666,9.0209616045,0.0268374581,0.6639706691,0.5838987689,0.1585253879,-0.068854329,0.4075327001,-0.060572406,0.0215307762,-0.00916494,-0.070916132,0.1061416749,0.0091649402,40,-0.001698427,-0.119709099,-0.069753687,-0.069628043,0.0264209733,0.4170457711,0.2321482689,-0.013056258,-0.479290979,0.3245814416,0,1.248030303,-0.02408162,1.1949242424,-0.021594861,10.947734781,2.9150854486,0.1938873245,0.0,0.0,0,,0,0.0,2.2117409617,4.0,-10.12182679,0.0499660182,-2.561175248,3.8527020079,-0.782405461,-0.169931788,1.1007139528,98593.130203,0.0288563477,18.593941823,-0.002077184,0.0262754038,0.2164571763,-0.022170577,0.0880642073,0.0033460428,0.0,0.0001379596,1.391761077,-0.063279946,7.0,18.734862128,0.2306756518,1.065825175,0,-0.111549313,0.0218328815,0.0159014504,0.0159652057,0.3551177022,2.3844731369,1.331297e-11,2.1186474e-08,0.7480983182,0.5596510936,-0.058117053,0.0235686396
40272,0.1854695183,0.0506302286,11.758434095,0.0170336864,0.2408420064,0.3772181214,0.1968448697,0.0488905017,0.4364232887,-0.007446181,0.0575176438,-0.030425328,-0.250509597,0.0633135867,0.0304253282,40,0.0102318193,0.0351666667,0.0459335513,0.1045139328,0.0157921303,0.1169759034,0.0503239713,0.013112103,0.0379263632,0.437259223,0,3.296069066,0.1174309916,2.1998465714,0.1015302729,6.4536298538,6.2550286774,0.2600195172,0.0,0.0,0,0.0,0,0.0,0.9585351917,7.0,47.634288989,-0.021882731,-0.173456573,-8.634933158,0.4161162086,0.3377745956,-8.694038397,2640.292123,0.0248274717,16.068914495,0.0004838187,0.0291348763,0.0655871842,-0.001051032,0.0696058093,-0.013984123,1.0,0.0003873717,0.834588357,-0.020228359,6.0,16.439244168,0.0180157902,1.7576502664,0,-0.25352422,0.0236691814,0.0104803257,0.0148588002,0.3469447874,2.0096661496,1.445904e-10,1.6913554e-08,0.6786965988,0.4606290732,-0.078242257,0.0210590598
45306,0.2397909341,0.0534246631,1.3869486652,0.0143415385,0.3680947105,0.2129065655,0.3482373778,0.0731308329,0.1897316075,-0.083598094,0.2408697138,-0.119310643,-1.319420751,0.1239142723,0.1193106431,34,0.0,0.1034482759,1.0973413833,1.5403878123,-6.045797775,3.3672883788,-0.038277829,0.0061786786,-0.114105741,0.6258267809,0,4.1096803123,-0.394039328,4.1096803123,-0.394039328,0.5907152436,8.0426482535,0.2258192974,0.0,0.0,0,0.0,1,1.0,0.3690948643,7.0,6.1315981427,0.0432961178,-0.049036328,-53.95238753,-1.350401278,2.8071841277,-1.138703443,-388.7229476,0.0207317787,14.493528631,0.0107538651,0.016781624,0.050628625,0.0126653412,0.5987773799,-0.013206862,0.0,0.0075098814,0.5323849049,0.0558209289,5.0,15.195415326,0.1975611454,2.033976417,0,-0.142502855,0.0464041084,0.0133452168,0.0199588252,0.5053445374,7.6808162002,4.175139e-10,9.4327301e-09,1.1037464716,1.2182562735,-0.00450906,0.0386627875
21573,0.2272320424,0.0252331965,2.3960816587,0.0281207982,1.0404695336,1.0491767634,0.0996060777,-0.090205532,0.1797449886,-0.037203738,0.0147307309,-0.083338869,-4.417253521,0.1366946226,0.0833388693,40,-0.013319604,-0.15942029,-0.187861073,-0.008681094,0.1409387722,0.1062334719,-0.017167704,-0.035809439,-0.368908081,0.4355040441,0,1.621307802,-0.078953451,1.12752088,-0.067612976,12.555555556,7.6603957185,0.0848995742,0.0,0.0,1,0.1919295946,0,0.0,0.6164096237,4.0,-0.166101964,-0.162984154,-0.136884033,-0.53735289,-0.043873455,0.1755417651,0.3900681696,16621.467513,0.0689333745,16.694197277,-0.001394416,0.0078075094,0.0449713818,-0.022979763,0.0345204965,-0.118706489,0.0,-0.002381582,0.020807754,-0.010589276,4.0,17.467367152,0.2286376271,2.1206934291,0,-0.105814909,0.0214183182,0.0130989105,0.0184896302,0.2349908936,1.8439640636,9.151741e-11,1.3134723e-08,0.9333364894,0.8711170024,0.0004763172,0.023029991
53065,0.2462352638,0.0555114324,-1.516958973,0.0184999324,1.2029144724,0.8769549716,0.0704320661,-0.012227819,0.0736381248,-0.025206125,-0.006391097,-0.015000663,-0.403269755,0.0778975141,0.0150006627,40,0.0,0.0440528634,0.0582396136,0.1075693196,0.1059157214,0.2949653411,0.0119522503,-0.002595893,-0.044646082,0.4791686802,0,1.0464807793,0.0570051345,1.0464807793,0.0570051345,4.5208133397,1.2993207833,0.0615897839,0.0,0.0,0,,0,0.0,0.3906644998,7.0,-10.1006428,0.1494975581,-2.397413285,4.024258033,-0.955161568,-0.149682458,1.072469792,4360.2044416,0.0288563477,16.038096458,-0.000331115,0.0065134399,0.037753919,0.0031388946,0.0767990518,-0.002176575,0.0,-0.003659174,0.4315780281,0.0361391502,4.0,16.782995879,-0.101080236,2.4412354055,0,-0.111549313,0.0293987785,0.0108785239,0.0182002238,0.4070369658,4.7034177269,7.298037e-11,8.4992207e-09,0.9898766057,0.9798556945,0.0001798006,0.0216206551
45728,1.0502359994,-0.127739991,-10.43058437,0.0029427014,0.7401507005,2.3596656556,-0.012357266,-0.121031453,0.3572216841,0.0033113617,-0.063943612,-0.075384253,-1.129319372,0.0165192554,0.0753842532,31,0.0002320203,-0.037037037,-0.060779719,0.0774179565,-0.010033222,0.3832505406,0.1058104769,-0.0276697,-0.157253406,0.3121343269,0,1.3621820161,-0.103332476,0.8250989743,-0.136560321,32.626004983,6.9407055661,-0.08730465,0.0,0.0,1,0.4641069309,1,1.0,0.5793467291,4.0,-10.05125043,0.0864648407,-0.119599189,1.0228778563,-1.194067857,0.1809489431,0.0897124979,-2575.823983,0.0318276958,12.775442289,0.0045391051,-0.008742691,-0.015804102,-0.078017781,0.0386803475,-0.001553446,1.0,0.006219765,0.3721411937,0.0886977762,3.0,14.197764321,-0.210573994,3.5121300874,0,-0.095378135,0.0702446997,0.0488002922,0.0395937808,0.5753191269,14.110425854,4.2315701e-09,6.8014124e-09,1.3261069106,1.7585595384,0.1402572437,0.0523178356
46042,0.0469788101,0.0137622506,138.33716475,0.0,0.3752332811,0.2486776295,0.0815155141,0.0060223034,0.3185234908,0.0,-0.032168448,-0.0922668,-2.831073227,0.0527241898,0.0922667997,31,0.0025317495,0.1535087719,0.3706833211,0.200503721,-0.011728359,0.2694659847,-0.10486745,0.1664334159,0.4839986525,0.4841298721,0,0.528416892,-0.430007775,0.5111712087,-0.440156283,44.671934866,5.4022356076,0.254411775,0.0,0.0,0,0.0,0,0.0,3.6656560552,6.0,0.9233517414,0.0797472659,-0.033971988,1.1836708396,-2.042685608,3.2737762042,-0.309891907,-2125.04937,0.0279332649,12.488067919,-0.048923657,-0.057992638,-0.481838792,-0.038610236,0.1561609915,-1.231526846,0.0,-0.060117156,-0.410187303,-0.022460481,5.0,9.4002662383,0.2579752886,0.0507726269,0,-0.500704589,0.1044378802,0.042465867,0.036221965,0.639786219,0.126540989,1.1323399e-06,5.8599814e-07,1.1683983184,1.3651546305,0.3020215333,0.0490416539
46077,0.386459744,0.0664451528,6.0102317391,0.0,0.836874653,2.1985227537,0.108427529,0.253670302,0.5257620246,0.0087660559,0.3382240646,0.0281047881,0.4650924025,0.0355420171,0.0281047881,40,0.0350534332,0.1097560976,0.0351722477,-0.088601848,0.0001388757,0.2950413223,0.0194118778,0.0425755034,0.1027837259,0.4723085459,0,2.5131489568,-0.003442625,1.4721009219,0.0095173432,70.059782609,4.8491573879,0.1075369148,0.0,1.0,1,0.0538213132,0,0.0,1.4171695542,3.0,-0.14688678,-0.051906455,-0.060020845,-0.197139266,0.0285185341,-0.044920041,-0.223734407,721.05880823,0.0457306398,14.537768516,-0.000884387,0.0106134197,0.0296036126,0.0266341979,0.1640739654,-0.001582633,2.0,-0.001038422,0.8202297706,0.0528849596,4.0,14.846292686,-0.062960077,1.7432452876,0,-0.034541484,0.0698314682,0.0232402882,0.0284833222,0.5076227725,4.1147146481,1.1338587e-09,1.1776417e-08,1.7110488372,2.9276881232,0.0445175676,0.0260683977
52329,0.9310416018,0.065725854,-5.6240091,0.0,0.7439811499,2.6281646722,0.0820479277,-0.078987454,0.2504986302,-0.065273656,-0.131340206,-0.022365227,-0.599400603,0.1051219705,0.0223652267,41,0.0,-0.034690799,-0.045712314,0.065466722,-5.4712e-05,0.3915978995,0.2301649498,-0.012036327,-0.039718029,0.3194446717,0,1.6570928433,0.0004732672,1.6570928433,0.0004732672,26.287502251,4.7532575862,0.1226065803,0.0,0.0,0,0.0,0,0.0,0.469457885,7.0,-1.572748291,-0.195214991,-0.347722561,1.0450857714,-1.109194892,-0.680613373,0.1925287964,-149.9139812,0.0278203388,15.513453673,-0.004936087,0.0037520758,0.0068603467,-0.022016581,0.0591912895,-0.008884326,0.0,0.0005343308,1.124311408,0.0288243433,4.0,15.757669685,0.1740753829,1.4787259928,0,-0.111549313,0.027511999,0.0131357628,0.018148936,0.3743080363,2.4484128515,3.845367e-10,1.7269118e-08,1.3670797729,1.8689071054,0.004403129,0.0266118575
82694,0.5053535056,0.0618674063,-0.616932274,0.0075991479,0.6993443016,2.2929723007,0.0944256218,-0.022201352,0.2823889218,-0.058537752,-0.013446684,-0.021387093,-0.422851506,0.0880281323,0.0213870932,39,0.0021021514,0.0,0.0012165822,0.0280564356,0.1137759674,0.6096842312,0.1174013144,0.0043864319,-0.034272113,0.433293986,0,1.4699844244,-0.010866258,1.3530660728,-0.016768681,14.651141313,5.2058278041,0.1256220113,0.0,0.0,1,1.0601803419,0,0.0,0.6613136097,7.0,-0.029262646,-0.063470991,0.0346292701,0.2025652971,-11.28138335,0.2640738552,0.0696499987,1377.1637582,0.2469190948,14.894866784,0.0005013586,0.0122277989,0.0284141785,0.0476436813,0.1291276498,-9.7436e-05,0.0,-0.000677966,0.2070022542,0.0608165585,4.0,14.884822935,-0.077828177,0.9688308265,0,0.0957318355,0.0250469781,0.0119130169,0.0188606232,0.3578840189,1.5781431939,8.853808e-10,2.3547064e-08,1.0929010258,1.1944326522,0.0525805236,0.0230653755
22111,0.2396633094,0.0560847603,5.2901154193,0.0266903399,0.2108529979,0.2553964539,0.2158420892,-0.011787493,0.4181394753,-0.013261231,0.0466825857,-0.016284941,-0.131593457,0.0634651478,0.016284941,40,0.0023199218,-0.012490242,0.0423350909,0.104488254,0.0029978405,0.2415354087,-0.01655539,-0.00107022,-0.058080024,0.4122006193,0,2.3644010365,0.076213885,2.038150289,0.0783141765,2.2463960833,6.7665908056,0.336975091,0.0,0.0,0,,1,0.0,0.7404426559,7.0,47.645445138,-0.027322041,-0.221113482,-8.580739367,0.3819458109,0.2383629293,-8.693886836,98593.130203,0.0248274717,18.593941823,-0.009818542,0.0254324578,0.0472086713,-0.005284027,0.2799363679,0.0027643095,0.0,0.0004284949,0.0677302039,-0.008763187,7.0,18.734862128,0.0912949577,0.6455567011,0,-0.25352422,0.0157757141,0.0052614399,0.0105074913,0.2178976034,0.5901993033,4.518084e-12,3.6327651e-08,0.6680581061,0.4463016332,-0.028004168,0.0158673121
42534,0.3875242423,0.0537439654,4.7690102513,0.0254340795,0.7067013988,1.3885662882,0.0671056758,-0.095445677,0.2227472259,-0.027242797,-0.101007222,-0.005794132,-0.125781793,0.0605039777,0.0057941322,41,-0.003201178,-0.172619048,-0.131899692,-0.111460244,0.0956295784,0.1465076661,-0.031361881,-0.006584563,-0.082662895,0.3083488019,0,1.0569795141,-0.056968152,0.8304907099,-0.086382092,62.27638191,6.4647887324,0.1150362772,0.0,0.0,1,0.0083550914,0,0.0,0.6160374856,6.0,-5.561727184,-0.147231836,-0.175019921,-0.083925682,-0.08194477,-0.137081747,0.049135578,22734.732226,0.0400118084,17.105497718,0.0026216315,9.38438e-05,0.000281558,-0.044929806,0.0201193004,0.00802204,0.0,-3.1431e-05,0.1434409076,0.0168241998,5.0,17.053127119,0.0227740229,1.2745423138,0,-0.131569503,0.0465643667,0.0145227773,0.0183112871,0.3936585272,2.6995697329,5.652465e-11,1.4176438e-08,1.3340474994,1.7796827306,0.0008653052,0.0241191944
46886,0.0474978334,0.0412674472,3.0246719612,0.119866142,0.4964127065,0.3171543939,0.2831021021,-0.128668574,0.303041311,-0.045917751,1.3562459678,-0.046262517,-0.654766522,0.0682879901,0.046262517,35,-0.007439306,-0.02970297,-0.039379629,-0.227782808,-0.009720399,0.2275971023,0.1168930429,-0.002135352,-0.885146018,0.6911558929,0,3.8977043472,-0.238945658,3.2808877948,-0.252386682,1.1788513395,4.5509441347,0.1395491251,0.0,0.0,0,0.0,0,1.0,0.4285327685,4.0,-0.85088961,0.0191141178,-0.138229906,0.3482159544,-1.137879649,-0.111344535,1.0023066608,5760.8887344,0.0352290716,16.203375504,0.000495702,0.021735752,0.2489019763,-3.296e-05,0.4964529962,-0.011100294,0.0,0.003,5.3692288478,0.2162048025,6.0,16.757796742,-0.104780558,1.976040623,0,-0.095378135,0.01039501,0.0072296263,0.0122767278,0.4014709566,2.7165334059,8.82391e-11,1.6772552e-08,1.0413171691,1.0843414466,0.1006357301,0.0302126117
12558,0.3789802762,0.0114107807,149.08879229,0.0195740488,0.5424235835,0.1804593838,0.051736881,0.1065771098,0.0899115515,1.0618942695,0.0399147122,-0.043451633,-3.35380117,0.0496802704,0.0434516331,37,0.0003662009,0.0415349887,0.1532338308,0.1997184328,0.0130877703,0.0528990769,0.0499851651,0.0579636896,1.6026120828,0.2688902137,0,0.5897516504,-0.073748377,0.5176045269,-0.085384671,51.511111111,9.887873248,0.0640939878,0.0,0.0,0,,0,0.0,0.3782937447,6.0,-0.778250251,-0.079106896,-0.217540221,9.0991989891,-11.45684416,-0.407646702,-0.041330219,82172.739971,0.0257826007,17.495158408,-0.001789465,0.0021726434,0.0052882975,-0.009470049,0.0020892422,-0.221654854,0.0,0.0,0.2109705781,-0.062502849,3.0,18.292932107,0.0010627322,2.1649027256,0,0.080304809,0.054524973,0.0255476494,0.0324388976,0.2730424564,2.1989265321,5.966574e-11,1.2210819e-08,1.4526734867,2.110260259,0.1722518049,0.0394887597
46923,0.4102003967,0.1593730956,0.2515986551,0.0,1.0998075337,0.8508835643,0.1341388187,0.0904734853,0.3261952396,-0.02344077,-0.016566202,-0.114681916,-1.076647194,0.3309616916,0.1146819161,40,0.0,-0.057377049,0.1551482764,0.4591102953,0.1627288836,0.1174030077,0.11933223,0.1367311318,0.5323588976,0.5275661004,0,1.1322047041,0.0560775813,1.1322047041,0.0560775813,11.034464313,11.725294356,0.2811191635,0.0,0.0,1,1.0,0,0.0,1.655851017,8.0,0.8585434586,-0.034852324,-0.244857809,1.5468924262,-1.965035553,-0.428085364,-0.031654405,-2330.43095,0.0279332649,11.351835518,-0.023508553,-0.002642738,-0.009865052,-0.115786877,0.0375899705,-0.064414209,1.0,-0.068926921,-0.863546587,-0.11748025,4.0,7.2620113177,-0.677922381,0.0161290323,0,-0.500704589,0.3387096822,0.1131541982,0.1321902001,1.537516442,0.1649393522,3.26991e-05,3.0000009088,0.6852380222,0.469551147,0.7428968979,0.0783724614
47002,0.475916693,0.0604750177,12.710408509,0.0159314622,0.6284143149,1.6502030832,0.0957239017,0.0531056933,0.4754727866,0.0101641908,0.0861236949,-0.034508821,-0.614274856,0.0976233005,0.0345088213,40,-0.026264862,0.0113851992,0.0672824333,-0.06996258,0.0238902264,0.2327075934,0.1368072134,-0.013054178,0.0124645017,0.3903143277,0,2.9868485144,0.0235491915,1.364376432,0.1321677184,144.62670212,7.1074092846,0.1526111698,0.0,0.0,1,0.598041529,1,0.0,1.0345497289,7.0,3.7619816452,0.0148050885,-0.096099431,-0.033936206,-2.937859552,0.145108739,0.0565251341,-9400.285856,0.0588548821,13.944179807,0.0011285964,0.0141644387,0.0315716925,-0.02295743,0.0094622556,0.0088290958,0.0,0.0013947001,0.0814416882,0.0539560909,5.0,14.556678174,0.150546959,1.3726243703,0,-0.156910843,0.0188405495,0.0083525875,0.0150294575,0.3559485272,1.530816746,1.4455748e-09,2.4210606e-08,0.6558321044,0.4301157492,0.0922065239,0.0197094847
24432,0.8187871328,0.0554366905,-183.1412575,0.0332437485,1.564145766,0.5863777124,0.0488366515,0.0694509668,0.0858055822,0.001930251,0.0905125756,-0.044930961,-1.875617792,0.1594147336,0.0449309608,40,0.0013911431,-0.009784076,0.049830356,0.0673273904,-0.071253106,0.0369583072,-0.011757575,0.0789452192,0.0321494359,0.4594897811,0,0.6713672021,-0.326181914,0.4446208442,-0.364166588,180.85915493,7.7518865077,0.0835782709,0.0,0.0,0,,0,0.0,0.1839166475,4.0,-0.764143458,-0.085983895,-0.268859285,9.5390058456,-11.37490422,-0.60192014,0.0684042445,-3362.458769,0.0257826007,15.388778219,0.0003833037,0.0117819777,0.0350392395,-0.000263729,0.0013094678,-0.176619757,2.0,-0.002590674,0.6377822528,-0.059572304,4.0,16.088566295,0.0862245218,1.9161959299,0,0.080304809,0.013333343,0.0108782037,0.0147996581,0.3415949042,3.7157984711,1.900051e-10,1.0931774e-08,0.4153837119,0.1725436281,0.1486378793,0.0219597798
12650,0.2783284251,0.0373094006,20.750390115,0.0091900195,0.2989280245,0.1913053247,0.1161907839,0.088172795,0.1486806359,0.0014787397,0.0713259551,-0.051963108,-0.802626343,0.0672549083,0.051963108,40,-0.001326772,0.0367412141,0.0877052294,0.3278725934,0.0615826384,0.0501447417,-0.010736092,0.1150442478,0.1144003567,0.4069039056,0,0.9104361371,-0.294180134,0.7869381397,-0.299796608,7.4054597701,14.191079295,0.1954095329,0.0,0.0,1,0.0859858772,0,0.0,0.3066726111,6.0,0.0293214418,-0.011510955,0.0176797806,-0.184546305,0.0578629602,-0.317636069,-0.012557656,-14745.9961,0.198460221,16.141017233,-0.003223743,0.0163431566,0.0338468661,-0.004597572,0.0140102133,0.0037719231,2.0,-0.000110035,2.4996051671,-0.099567367,5.0,17.094472627,0.3410193397,3.1211091356,0,-0.223194636,0.0497430339,0.0163498207,0.0251637272,0.3421437135,5.0684279744,7.58073e-11,6.7096359e-09,1.1851783983,1.4046478358,0.1871449931,0.0319888653
24053,0.6067012338,0.057682224,-183.1412575,0.0336482555,1.2973651178,0.4790668909,0.0577747046,0.078137056,0.095799663,0.0267671963,0.0792077297,-0.051252821,-1.631544505,0.1517933396,0.0512528209,40,0.0007917124,0.0473501303,0.0974621349,0.0283080931,-0.018072904,0.0339326713,-0.023005008,0.0775067622,0.075775098,0.468466005,0,0.8249722527,0.1151385052,0.5337799586,0.0913482264,571.04982441,9.7322866751,0.088358464,0.0,0.0,0,,0,0.0,0.2364647212,6.0,-0.759394219,-0.07819159,-0.211725079,9.3269199467,-11.43821938,-0.501193958,0.0607828505,-2311.457719,0.0257826007,15.804681706,-0.000520069,0.0130831361,0.0386089984,-0.00574748,0.0003617698,-0.119779927,3.0,-0.002341311,0.4694185463,0.0263433324,6.0,16.588667718,0.2455564392,1.9656284627,0,0.080304809,0.0176955778,0.0099163025,0.0185661624,0.2968118461,2.5064166105,1.572565e-10,1.307417e-08,0.3395836063,0.1153170257,0.0895449846,0.0238795382
26825,0.1197158259,0.027128147,31.789698239,0.0291885126,0.528054532,0.625964822,0.0926406335,-0.020744475,0.3711386842,-0.01874025,0.0366562737,-0.075815457,-1.837025316,0.0769632398,0.0758154569,40,0.0020243576,-0.016084817,-0.014462391,0.0894701932,-0.147143448,0.1334571504,-0.032686519,-0.00200336,-0.21325811,0.268683957,0,0.7653528873,-0.101583005,0.4722731439,-0.102938332,32.918735892,11.428683386,0.0939219662,0.0,0.0,1,0.0006735141,0,0.0,1.5576868829,5.0,24.318231271,-0.01423366,-0.10263201,-0.074680357,-0.384012997,0.877935547,0.0802992194,12339.331505,0.0457936334,17.113394332,-0.00126807,0.0137013768,0.0773001508,-0.014686719,0.0192679469,0.0066171705,0.0,0.000150263,0.6212309222,-0.025747705,7.0,17.209654035,-0.026165927,1.1933144407,0,0.0957318355,0.0171129648,0.010189484,0.0133919687,0.3542871155,1.6069385927,6.274909e-11,2.1722868e-08,0.3738254006,0.1397454302,0.2582900356,0.0177523658
47379,1.2992983758,0.0369357941,-15.35795427,0.0118443897,1.6896956927,8.2257963184,0.0197296708,0.0663293673,0.5163460469,0.0080213904,0.1108606557,0.0504237858,3.9535864979,-0.109093063,0.0504237858,40,0.0,0.0277321657,0.0276366592,-0.069812271,-0.004726647,0.2333333333,0.0522875817,0.0052818859,0.0134938001,0.4878549455,0,1.4977328218,-0.077013821,1.4977328218,-0.077013821,66.939831528,4.9543106519,0.0440733909,0.0,0.0,0,,0,0.0,1.1253343059,1.0,-10.13294924,-0.057408654,-2.413733983,5.077321145,-0.72969914,1.3180761489,0.8854792153,-3592.767558,0.0288563477,13.383290634,0.0021041557,0.0047086826,0.0107756069,-0.08471635,0.0230268219,0.0004300202,2.0,0.0,0.3346771666,0.0471057087,2.0,13.229228405,0.2262802171,0.8572970889,0,-0.111549313,0.0238347873,0.0190375229,0.0293151856,0.5325319412,3.4043815502,4.8244198e-09,2.1447436e-08,1.1224115354,1.2598076548,0.050729315,0.028688152
44134,0.4969240568,-0.138056881,5.636633363,0.0210388531,0.5442925848,0.9774468989,0.0885294652,-0.263323256,0.2380182343,0.0089358349,-0.226797267,-0.215949559,-1.939932495,0.1297641488,0.2159495595,41,-0.038178729,-0.059389098,-0.066965906,0.0951028969,-0.030848485,0.1613875525,0.0961320813,-0.059313314,-0.302421763,0.4124251857,0,2.6070670997,-0.038062877,1.4148596357,-0.030689469,25.093322843,5.943770727,-0.143308292,0.0,0.0,1,0.0023060668,0,1.0,0.4609077282,3.0,-5.764032648,-0.009089884,-0.061789972,0.0254741329,-0.168604101,0.0111362611,0.118395749,-1332.091894,0.0400118084,14.437554406,-0.00273068,-0.002184922,-0.004626221,-0.070448024,0.0353188907,-0.005548027,0.0,-0.002812374,1.8812986434,-0.014937656,4.0,15.594552974,0.0421154566,3.718316811,0,-0.131569503,0.0319614522,0.0155026654,0.0279969894,0.2751131424,3.8254575278,5.662164e-10,7.9651791e-09,1.5555801089,2.4198294751,-0.030289158,0.0372819535
47619,0.865896244,0.0369841362,-183.1412575,0.0,1.1173093147,3.7293225252,0.0322365052,0.4732158815,0.2503191625,0.0150753769,1.4526266151,-0.01735948,-0.781366171,0.065882289,0.0173594801,33,0.1450367135,0.4555788214,0.4211051953,-0.045969596,-0.143035906,0.219099874,0.3501908137,0.2772245627,-0.027758213,0.5069204052,0,2.1328394151,-0.097001739,1.0774752561,-0.168289608,1031.9492386,5.9572420798,0.1116034113,0.0,0.0,1,0.3400385417,0,0.0,0.3653046457,3.0,45.075772108,0.168492057,0.3356198904,9.1595858887,-0.87618686,0.7323682295,0.3418097249,-5092.676396,0.0587429544,11.243323736,0.0036653503,0.0035399534,0.0081077326,0.277007755,0.0005730659,0.0092678237,0.0,-0.011976048,0.6307443104,-0.008754781,4.0,10.776527314,0.1588592496,0.6456913453,0,-0.101630079,0.0225034952,0.0115815842,0.0280217355,0.4490878768,1.1852988103,4.5580642e-08,4.170007e-08,0.3232631491,0.1044990636,2.8223223692,0.0391079447
47715,0.306929481,0.0241695714,5.6301387727,0.0167124247,0.2703139793,1.3033045008,0.111846994,-0.450988474,0.2807354745,-0.013632343,-0.555886577,-0.005464066,-0.242304586,0.0300259694,0.0054640662,39,-0.090094699,-0.548387097,-0.53252468,0.1503917375,0.2366679456,0.1427189362,-0.154879586,-0.293245629,-0.679514328,0.5525953692,0,1.4142551861,-0.282391244,1.0630639878,-0.249707007,17.335564467,10.785639921,0.1234339411,0.0,0.0,0,,0,1.0,0.4591004523,5.0,-0.027591253,-0.628980351,-0.602033072,-0.227834902,-0.409069762,-0.012154208,-0.044094663,-1309.688557,0.1761608433,12.977301102,0.0022511228,0.0211250935,0.0397300449,0.0342500817,0.0872729399,0.1999774414,1.0,0.0115975077,1.3808718478,0.1252994575,2.0,12.2982174,-0.012658505,0.4742385502,0,0.0498010166,0.0258466974,0.0149862542,0.0323792264,0.4705507757,1.0486593782,2.1368567e-08,5.8289873e-08,1.2293725993,1.5113569879,-0.062838064,0.0460499803
17750,0.0172704119,0.0349672537,40.956807909,0.0297553324,0.3424469191,0.4672724339,0.2086141021,-0.179343517,0.4000211428,-0.040606724,0.0545706573,-0.07948904,-0.927506775,0.0673996185,0.0794890405,40,-0.019799681,-0.245614035,-0.067511346,0.0590112469,-0.004696573,0.1077592064,-0.007566428,-0.06564829,-0.849876442,0.4734274121,0,0.8928686155,-0.20282509,0.5889816897,-0.202139235,24.998732573,8.8726945569,0.1611391236,0.0,0.0,0,0.0,0,1.0,1.4977347611,4.0,-0.170163106,0.0205684318,-0.223077778,-0.74731452,-0.093865834,0.3496623695,0.3207731655,36322.359353,0.0689333745,17.624047406,-0.002278025,0.0336895608,1.0019379845,-0.008532287,0.0430734191,-0.008613223,1.0,0.0,0.3235395516,0.0284123125,7.0,17.789640647,-0.049083156,1.1230914193,0,-0.105814909,0.0152653214,0.0131352025,0.0151762193,0.4420513939,3.2609218751,3.069773e-11,1.6710186e-08,0.4695341959,0.2204623611,-0.060145622,0.0181822069
59045,0.4908953008,0.0614166855,43.20238693,0.0,0.4087816326,0.5589056459,0.1153159945,0.124749458,0.2321127099,0.0004221933,0.1304725952,-0.040105945,-0.556381779,0.0955878103,0.0401059452,38,0.0144335188,0.0491803279,0.1445561158,-0.358320349,-0.045183385,0.0653841015,-0.057311773,0.1080706484,0.1210283455,0.4577449705,0,1.3520496543,-0.140093477,1.0282360903,-0.128297441,105.6141405,4.8155512147,0.2551722188,0.0,0.0,0,0.0,0,0.0,0.4141168735,5.0,-0.686563601,0.0529112448,-0.02183537,-0.557636788,-13.33311632,0.4838575659,-0.00455047,2896.3737289,0.1229481469,15.049188295,-0.003087699,0.0136822624,0.0253194045,-0.043993701,0.0006037054,-0.092174471,0.0,0.0,1.3373139553,-0.017708661,6.0,15.916129321,0.1460830189,2.3198178128,0,-0.401912096,0.0515635796,0.0168174987,0.0297907973,0.4439527269,4.0958523787,4.900335e-10,1.1554858e-08,1.4488418063,2.0991425797,0.0301983972,0.0284416989
48072,0.9588542299,0.0283205891,-5.37227,0.0,0.3561475321,1.4207202342,0.0253885285,-0.080483805,0.3693726937,0.0,-0.336174863,0.0352008886,1.7060041408,-0.019994453,0.0352008886,41,0.0054253797,-0.1,0.0163164297,0.3064803641,0.2482821105,0.351758794,-0.411603472,0.0177941779,0.0730314961,0.3543692424,0,3.6311716039,0.4782868659,1.7144382172,0.2516131487,24.23,7.9940613659,0.137020494,0.0,1.0,0,,0,0.0,0.5902887139,5.0,45.343677435,0.2567754086,-0.219958931,9.2525438745,-1.402590812,-1.63559334,0.2559329827,-5191.995886,0.0587429544,9.6944831742,-0.000131113,-0.0045035,-0.006176237,0.003801571,0.0083218391,6.22584e-05,0.0,-0.000367894,2.5194736031,-0.036958108,2.0,7.1141995749,-0.25064484,0.1181091697,0,-0.101630079,0.0303334724,0.0189914537,0.0343914831,1.6640318895,0.3334784487,2.91439e-05,3.4675256e-07,0.1328682884,0.0176539821,-2.532741672,0.068018809
48144,1.1802917873,0.0774316527,-0.469300501,0.0,0.2027192747,0.8203131212,0.0945048934,-0.042333723,0.2839552839,-0.070289458,-0.145812662,-0.04027878,-0.735322577,0.1343688951,0.0402787799,41,0.0318046161,0.0935030729,-0.05645401,0.3104439088,0.0082740245,0.3563887741,0.3906279421,0.048218642,-0.021984385,0.7164513005,0,9.567573782,-0.070860622,8.4977547542,-0.122711321,1.0759244626,4.9400622491,0.4837775948,0.0,0.0,1,1.0,0,0.0,0.3382967455,5.0,-5.583362997,-0.054555681,0.0911021994,0.7088418634,-0.015645274,-0.640967002,0.1230004954,-3386.383694,0.0400118084,13.533704546,-0.017195229,0.0103717886,0.0126380905,-0.115539665,0.5512799818,0.0128179235,0.0,-0.005446623,2.4971203749,-0.005506859,4.0,13.79418168,0.3097985376,1.2435656976,0,-0.131569503,0.0212373491,0.0133281996,0.0217231817,0.3928962383,1.8371677615,3.4382845e-09,2.5343417e-08,0.960639368,0.9228279954,-0.112774658,0.0371135259
89456,0.6274485844,0.0226089013,1.7210655458,0.0127287544,0.1730539995,1.3512538394,0.0629095339,0.0735249105,0.4754897344,0.0112345577,0.2526051595,-0.089585456,-3.063288682,0.0918664927,0.0895854565,31,-0.013200215,0.0046985121,0.028030174,0.0496283496,0.1013809327,0.1465916458,0.0426230743,-0.002325061,0.0328006242,0.5722664397,0,3.2788015307,-0.094687651,2.1095611583,0.0184268204,11.657275929,7.0351234004,0.3238791024,0.0,0.0,0,,0,0.0,0.583294801,5.0,45.104409678,0.0029541982,-0.115260419,8.921138229,-1.104412732,0.2605486724,0.3677939286,-4981.219996,0.0587429544,12.661002898,0.0060119171,0.0205615778,0.0262325816,0.0359884258,0.1506570846,0.0072457986,2.0,0.0107256027,1.4258141766,0.1321360674,6.0,12.656234631,-0.02278188,1.3289723627,0,-0.101630079,0.0501700789,0.0221654811,0.0342921762,0.5335295606,4.5178541638,9.7732828e-09,1.5692814e-08,1.2115071009,1.4677494555,-0.086583088,0.0435630864
49488,0.6053593305,0.0276987762,0.1075295028,0.0004213169,0.9872255036,1.0287294296,0.0185063427,0.0497720887,0.1537433859,0.0054159638,0.0470298578,-0.042208871,-2.375602089,0.0935000467,0.0422088715,40,0.0006432137,0.0339522546,0.0783512713,-0.014785132,0.1054386993,0.0582424238,-0.142511464,0.2171541422,0.0546419877,0.5513398156,0,2.6979910729,0.0209222802,2.3335244144,0.0485811664,3.6321128939,8.3169834457,0.0811837545,0.0,0.0,1,1.002890484,0,0.0,0.32006655,7.0,47.565547253,-0.188085799,-0.174670985,-8.215043345,0.7457574258,-0.636947676,-8.663851937,-4835.312837,0.0248274717,12.64070281,-0.022143403,-0.03091296,-0.082056447,-0.236015376,0.033671739,0.4410433535,0.0,-0.014810705,8.6410052323,-0.324730676,5.0,14.890878784,0.4718777981,6.5668594095,0,-0.25352422,0.0556358024,0.0359494245,0.0610035999,0.2597111911,6.5197065899,4.2671848e-09,4.0508437e-09,3.1307344736,9.8014983439,0.0535262422,0.0899589534
12781,0.6659169177,0.0579334177,-83.74220652,0.0339390803,1.5727928421,0.8363740443,0.0518345842,0.0426093812,0.0797398502,0.0034966654,0.0423491138,-0.035796299,-1.355003652,0.1364334102,0.0357962988,41,-0.010574863,-0.023477157,0.2146017699,0.2778706627,0.2615018419,0.0443723313,0.4860961505,0.0495467087,0.0432246089,0.3497550754,0,0.6208713985,-0.196531442,0.3685874912,-0.137943567,143.2173913,9.2701688555,0.0732745599,0.0,0.0,0,,0,0.0,0.2187748608,7.0,0.1496683195,0.054710324,-2.727180435,-53.95238753,0.332595834,-0.488907333,-9.223719573,-4055.860479,0.0244389518,14.837508923,0.0002167915,-0.003679002,-0.011625016,-0.007659568,0.002608597,0.202394844,0.0,-0.000183385,-0.439030054,0.0063934232,2.0,15.098558764,-0.038432,1.0690831525,0,0.080304809,0.0099132499,0.0095919283,0.0157826363,0.3607981655,2.0094088423,5.737627e-10,2.3772113e-08,0.3466447682,0.1201625953,0.1632320442,0.0193108913
48486,0.3957000152,0.050833727,1.1120437676,0.0104260096,0.311688984,0.4078093502,0.171385321,0.1715613039,0.3224295429,-0.023523252,0.4458183555,-0.014970198,-0.19818572,0.0609082458,0.0149701975,32,0.0233717637,0.1230769231,0.1415149277,-0.224410809,0.0063954283,0.4472351943,-0.16829012,0.0446634972,0.0145950035,0.6094052891,0,2.38311999,-0.211880311,2.0246188189,-0.20781028,1.2901582392,4.8092525298,0.2745612521,0.0,0.0,1,0.007411757,0,0.0,0.4977590271,4.0,-5.579557769,-0.004229968,0.1206760496,-0.075749909,0.3340509979,-0.647415344,0.0495398461,8856.129956,0.0400118084,16.316396149,-0.000245888,0.0308264657,0.0540096525,0.0433426606,0.4514909743,-0.006475894,1.0,0.0018368284,3.1489074738,0.0718964776,7.0,17.568106175,-0.016846903,3.5058584694,0,-0.131569503,0.0173218176,0.0128021077,0.020769317,0.2730759465,4.9694654838,4.034726e-11,5.7345219e-09,1.2476589152,1.5566527686,-0.016176643,0.028951099
48523,0.2336995821,0.040907625,9.718899079,0.0200253698,0.0539177994,0.4443388915,0.2912666919,0.119496422,0.4330504361,0.0008047112,0.218052766,-0.045931733,-0.3057058,0.0534133232,0.0459317333,41,0.0049986185,0.04,0.0609360517,-0.01913937,-0.021189748,0.1188084336,0.0912003118,0.0374066361,0.0989808871,0.5058320554,0,4.5951181609,-0.135851405,3.551511173,-0.162121152,6.0620300546,17.690055576,1.0010530241,0.0,0.0,0,,0,0.0,0.5231944184,4.0,-7.898418713,0.0281911096,-0.151775532,0.0611521415,-0.480936318,0.483436885,0.0147202272,-8975.766282,0.0443391772,14.976554462,0.0038411456,0.0386435861,0.047559208,0.0127825628,0.2651633518,-0.006498415,2.0,0.0009232663,0.7617570321,0.0817012158,5.0,15.186648191,-0.202685302,1.3212088046,0,0.0957318355,0.0541206561,0.0190540273,0.0257286092,0.5381062958,5.8681970442,7.937369e-10,1.3960645e-08,0.5494661192,0.3019130162,0.4947741304,0.0247234413
48531,0.4962584789,0.0275581892,19.975544181,0.0208865736,0.3610948014,0.7535996621,0.0620994665,0.0559868162,0.3634615101,0.0073542036,-0.082691031,0.0254962676,0.780261493,0.0060555953,0.0254962676,40,0.0013704588,-0.122807018,-0.079571324,0.0507498063,0.054707971,0.1468324788,-0.141002945,0.0078465641,0.1618255635,0.2236297577,0,2.335630047,0.0155009885,1.510828378,-0.00731115,44.60552024,12.854956262,0.1496574418,0.0,0.0,0,0.0,0,0.0,0.6843817008,6.0,24.388880594,-0.110738276,-0.20935421,0.301862296,-0.331500667,0.2064416137,0.009391575,-8806.601515,0.0457936334,14.933520704,-0.001755021,0.0083124819,0.0145381537,0.0031261577,0.0345841264,0.0045143295,0.0,-0.002371776,7.142549773,-0.011381277,4.0,15.636996283,-0.307849842,1.8076758528,0,0.0957318355,0.0274420176,0.0109819477,0.0181074275,0.4156251827,2.1989916729,5.958264e-10,1.8390066e-08,0.6236597164,0.3889514418,-0.176326677,0.0282797046
48961,0.265900831,-0.026054885,20.810529259,0.0,0.3266425454,1.2281304036,-0.006429125,-0.138203758,1.1325705711,0.0054278785,-0.191932619,-0.053206172,-1.307045042,0.0080000234,0.0532061722,40,-0.008442333,-0.019480519,0.0600735428,0.0162298579,0.0034755545,0.2067904203,0.3505269377,-0.103298009,-0.061551766,0.5380351785,0,2.2336035943,0.3509649592,1.0841251807,0.3215759408,57.058717795,9.0563938376,0.0298674258,0.0,0.0,1,1.0,0,0.0,2.7366336934,6.0,-0.140236244,0.3409998497,-0.189257462,-0.317698179,-0.274272225,-0.055480323,-0.251276401,-1978.058192,0.0457306398,12.054225344,0.0005372597,0.0181040648,0.0382075472,-0.020512772,0.0632044199,-0.004432277,0.0,0.0011547344,0.1945726713,0.1079829945,3.0,11.315918845,-0.35599655,0.4203245544,0,-0.034541484,0.0328270495,0.0207863311,0.0407301389,0.5500341709,0.8900135567,9.7018595e-08,6.6745504e-08,0.968286089,0.9375779502,-0.205025359,0.0552700898
50286,-0.467861017,0.2050076882,4.5913705766,0.0,8.1073436293,5.7023632332,0.1197407989,-0.058908508,0.467476503,0.0173405027,-0.067506793,-0.064975022,-2.194201407,0.6273066775,0.0649750216,41,-0.003481168,-0.042553191,-0.012416685,0.0455697512,0.0220080858,0.3169181117,0.0280909516,-0.013067086,-0.105804671,0.1736767935,0,0.9339102022,0.1531971944,0.8967335037,0.1896450688,58.248877313,10.934431481,0.0720911661,0.0,0.0,1,0.8287847139,0,0.0,-1.690911233,8.0,0.1674155418,-0.064185061,-0.090434395,-2.140490532,-0.657882476,-0.601351985,0.5206600027,-2790.289488,0.0794318232,11.68550258,0.0023986934,0.012789316,-0.060508638,-0.05271149,0.0145831478,-0.01200585,2.0,0.0961538462,0.747063859,-0.054651048,4.0,11.187541499,0.4120436074,0.9037934542,0,-0.075760491,0.1024390459,0.0352948541,0.0562018781,0.8347825135,2.4844269547,1.304465e-07,3.7308521e-08,1.7777587216,3.1604260724,-0.000900495,0.0718951582
60943,0.19526001,0.0378087416,10.510090144,0.0294805999,0.3381838656,0.644162177,0.1084518111,0.010456549,0.2832276954,-0.011477762,0.1619755398,-0.051178645,-0.72027027,0.0650412541,0.0511786452,40,-0.004576952,0.0106382979,0.0096903364,-0.109907439,0.0416652112,0.1960994811,-0.029468029,-0.033074869,-0.17595055,0.4041922563,0,1.4408385406,-0.067507553,0.9554525297,0.0085872657,11.365084135,7.2277852092,0.1795052238,0.0,0.0,0,,0,1.0,0.6023143822,4.0,0.0005676928,0.0026687933,-0.050263386,-0.345905431,-0.21011459,-0.107971934,0.0274708762,4099.3758571,0.1748673505,15.704807743,0.0072220303,0.0303145974,0.0866678792,0.0020840291,0.0819255104,0.007814635,3.0,0.0026666667,0.4220115095,0.0144783799,4.0,15.870614099,0.0349243496,1.391413427,0,0.0498010166,0.0335500613,0.0119089841,0.0164322387,0.3339555149,3.1571503802,1.78516e-10,1.4295066e-08,0.8513251048,0.7247544341,-0.004830582,0.0203913177
65330,0.7288861165,0.0385302419,0.1136512402,0.0119756113,0.4133787245,0.4581611109,0.0872659952,-0.005255262,0.0841197641,-0.048688276,0.0863022164,-0.046673302,-1.396313481,0.0923305381,0.0466733017,32,0.0,0.0488920155,0.02753688,-0.141433344,0.095983605,0.3067046758,-0.076440456,0.0027111593,-0.050759155,0.2334869402,0,2.358192053,-0.090082268,2.358192053,-0.090082268,2.335226129,5.7857604633,0.1196166989,0.0,0.0,0,0.0,0,0.0,0.1142777864,5.0,1.3551381549,0.0245975168,-0.038968557,0.2943425159,-0.932660205,0.2844054904,0.0643260039,-906.056214,0.0558672041,15.056346668,0.003529665,0.0094179742,0.0142229257,-0.0068424,0.1636018502,-0.00162732,0.0,-0.002883922,-0.195579384,-6.7741e-05,5.0,16.332488607,-0.126626023,3.2625092503,0,-0.168614603,0.0577819422,0.0250616021,0.0279395832,0.3559148319,5.3292639326,3.360976e-10,7.3318479e-09,1.5685143702,2.4602373295,0.0626151123,0.0221363355
20415,1.2503639284,0.0272587778,-3.166885232,0.0120324139,5.0904882216,1.497076901,0.0281890473,0.0993826387,0.0472854442,0.0081143136,0.1236227469,0.0241167418,5.3953088684,-0.119810748,0.0241167418,40,0.0341156184,-0.106847819,0.1217271873,-0.134466987,0.0427174126,0.2631928918,0.2536727623,0.0326458134,0.0197670627,0.6002907138,0,3.3610728893,-0.086338756,1.7107337122,-0.068256211,1.0589441882,1.1433990846,0.0104900157,0.0,0.0,1,0.1026584606,1,0.0,0.1284643288,4.0,1.3592432855,-0.130205081,-0.194708391,0.8158203277,1.5524906214,,-0.147815282,1180.182566,0.0558672041,15.614518333,-0.002848194,-0.003308588,-0.016130409,-0.088235498,0.1729626899,-0.004175423,0.0,-0.031004721,-0.033428323,-0.030303624,1.0,16.052700637,-0.006775309,1.2779390795,0,-0.168614603,0.0386052839,0.0170591641,0.0232556083,0.269592434,1.3646690057,4.248066e-10,2.124314e-08,1.2061653184,1.4548347754,0.0142087513,0.0228245988
50876,0.2100948727,0.0326693072,8.5689158339,0.028809942,0.2977901989,0.268072814,0.0931491853,0.0547396074,0.4532961499,-0.005781804,0.2375113585,-0.05458193,-0.826856306,0.0596821298,0.0545819302,40,-0.005213533,0.0319050758,-0.151321112,-0.096259961,-0.030748835,0.1626087721,-0.024750894,0.0054980751,-0.128078315,0.3578547644,0,1.0867544055,-0.260558858,0.8422752621,-0.261958981,4.0637248809,5.1602346566,0.1870902404,0.0,0.0,0,,0,0.0,0.8956180451,3.0,47.538973883,-0.151462302,-0.176718164,-8.610307803,0.4975450022,0.2607578015,-8.697669854,67625.290773,0.0248274717,18.238832762,0.0026898478,0.0221913277,0.054511496,0.0009068856,0.118970822,0.0119270773,3.0,0.0017923288,0.3486355289,0.0068606142,6.0,18.255201998,-0.210897804,0.8999281597,0,-0.25352422,0.0235487577,0.0105690032,0.0185678376,0.2191204702,0.7395927109,2.596622e-11,3.0204379e-08,0.5337998228,0.2849422509,0.1050393013,0.0264553658
81678,0.2410932045,0.0478758035,12.152481796,0.0144695511,0.1228323417,0.5288478635,0.2488127442,-0.098822093,0.4751092888,-0.049537094,0.0519254514,-0.071871451,-0.577244136,0.0755118303,0.0718714511,33,-0.009348627,0.0,-0.013793038,0.1095188861,0.0220673468,0.1592076101,0.1186690377,-0.028801966,-0.159866815,0.4761651622,0,2.2311831997,-0.09843644,1.5593163546,-0.087516392,10.106092773,8.7407771032,0.5088493527,0.0,0.0,1,0.0490353698,0,1.0,0.6628695626,6.0,7.1218150896,0.043239208,-0.138205697,-0.124520202,-0.611023945,0.1493105805,0.0678207874,868.71171109,0.0410566741,15.276958131,-0.028874533,-0.031005566,-0.050570387,-0.018586353,0.1889667033,-0.001185826,0.0,-0.000381461,0.230984451,0.0233891772,6.0,15.589766132,0.1562521217,1.8494700229,0,-0.131569503,0.0314006172,0.0137360653,0.0225183024,0.4784765073,4.7033558986,3.596932e-10,1.1247519e-08,1.2069714636,1.456780114,0.0739954322,0.0259375606
49015,1.0638516336,0.1023298204,-28.1235625,0.0120984398,14.559695586,0.9073153958,0.0081767884,0.0693494271,0.0090063095,-0.024138731,0.0632860984,-0.0041279,-0.668428005,0.1707299381,0.0041278996,40,,0.0561711465,0.129681057,0.1228329244,0.0493244679,,,,0.1700862325,,0,,,,,1.6187145786,0.7672610882,,0.0,0.0,1,0.0155053241,0,0.0,0.138789771,7.0,-0.005832349,0.0435644834,-0.007622482,0.2126597207,,-0.402449146,0.0722461404,5134.5454921,0.0331128264,16.155909195,-0.000491052,0.0008894496,0.0154432274,0.0251177364,0.0341399099,,0.0,-0.009481669,0.2262659217,0.0344924126,3.0,16.912214755,-0.132320219,2.3643031376,0,0.048781298,0.0437993668,0.0184955922,0.0238879479,0.2793148381,2.5355916904,1.862915e-10,1.113831e-08,1.5979893688,2.5535700228,0.0569047128,0.0266085578
49905,0.0489585151,0.0188185573,19.294797494,0.0,0.1782440589,0.279264731,0.1087493635,-0.052350306,0.6959215804,0.0360756817,-0.28046333,0.065511498,0.8127883638,0.0035230529,0.065511498,34,-0.027725938,-0.485294118,-0.099872325,-0.105868708,0.0374258171,0.2671308424,-0.266639746,-0.134271635,-3.068634317,0.4621913513,0,1.8770149726,0.2823469018,1.2510492692,0.1925545285,6.186580383,12.638365653,0.1419065825,0.0,0.0,1,1.0261289484,0,0.0,-4.428422697,5.0,0.9598990416,-0.118298546,-0.498241186,-0.854423618,0.7755894865,-3.39269878,-0.023748958,-1346.736085,0.1633840717,15.007271262,0.0044642167,0.0051724336,0.0274976526,0.0110288256,0.2381674705,0.0274850627,0.0,0.0010465725,2.4491462307,0.0847653132,3.0,16.649425923,0.8822895966,4.2879248418,0,-0.128574987,0.0515856743,0.0212529956,0.0305132981,0.3231511378,6.0375661588,3.258442e-10,5.6236083e-09,1.7469031632,3.0516706615,-0.049561348,0.0494171024
21178,0.0562290361,0.0597681578,20.444661134,0.0291398711,0.5568824506,0.7541306015,0.1412131249,0.0244556206,0.1746158948,-0.015673981,0.076846818,-0.006879513,-0.069728832,0.0639357216,0.006879513,40,-0.002593467,-0.026086957,0.0053353322,0.0481204307,0.138375075,0.1987381703,-0.007153047,0.000939538,-0.308662058,0.2636268713,0,1.1095212383,-0.074358454,0.850161987,-0.086765717,31.53526971,7.7498300476,0.1404000431,0.0,0.0,0,0.0,0,1.0,1.2157381049,6.0,3.7732640379,0.0178719636,-0.133571586,-0.453623863,-2.618136809,0.5795760547,0.0228375552,49978.972264,0.0588548821,18.074645987,-0.002436845,0.018972094,0.2535211268,-0.016544927,0.0832975743,0.0031457791,1.0,0.0005788433,0.1426552151,0.0085901087,5.0,17.826927113,-0.123132974,0.8680234169,0,-0.156910843,0.0258948319,0.0068281525,0.0108107531,0.2772683493,0.9788197685,1.862996e-11,2.9416819e-08,0.6316923829,0.3990352667,-0.007021667,0.0192292748
26710,1.2303193023,0.0613883386,-5.503233978,0.006062258,3.4278559107,0.914124689,0.0356951577,-0.019664995,0.0403932999,-0.0368663,-0.023912925,-0.025621265,-2.108108108,0.190801593,0.0256212651,40,,-0.036588721,-0.048362453,0.1215980216,0.0105197828,0.0551534175,-0.058169321,,-0.009147908,0.2988813531,0,25.683506686,,25.683506686,,1.5055176038,1.8436293436,0.0335264368,0.0,0.0,0,,0,0.0,0.1362421626,6.0,0.0137002629,0.0337173763,-0.10038235,0.3791273894,1.5870285122,0.5545195518,0.0923177953,6009.9780221,0.0331128264,16.414623325,-0.000420227,0.0023328847,0.0095880308,-0.027445952,0.097985348,-0.148313709,2.0,-0.001936912,-0.301778705,0.0132304318,5.0,16.139940551,0.2135174068,0.7249058058,0,0.048781298,0.0196433738,0.0103381571,0.0128948413,0.2961927577,0.7025362057,2.893665e-10,4.1264016e-08,0.8511015536,0.7243738546,0.0057333571,0.0155174946
50017,0.3835975916,0.0703839203,243.47172044,0.0029523475,0.5868471354,0.2683378781,0.0749449026,0.1983390797,0.2384193035,0.032355228,0.0828551331,-0.039854876,-0.504038576,0.1058601313,0.039854876,33,0.0005234993,0.1418685121,0.3647697596,0.3131520446,0.0817729872,0.0746225213,-0.068961844,0.2121461509,0.4319725553,0.5066089241,0,0.755089611,0.5070135148,0.7368178544,0.5296885759,1031.9492386,12.800683811,0.2422832351,0.0,0.0,1,0.2352749756,0,0.0,0.650775414,8.0,0.966401509,-0.023958752,-0.045612248,1.5202896211,-2.009353078,-0.464531207,-0.256755965,6513.0332296,0.0279332649,15.828745009,-0.028415511,-0.034175603,-0.089000637,-0.025197871,5.83479e-05,-1.36131576,0.0,0.001867995,0.7305907071,0.0215664532,6.0,17.526748804,0.972429548,7.0248250348,0,-0.500704589,0.0922413543,0.038321092,0.0501448724,0.3778482717,12.068538776,1.604819e-10,3.4047258e-09,1.68782563,2.8487553574,0.2045970255,0.0519798911
56223,0.4737476063,-0.031164254,1.4290643139,0.0,0.525504044,0.8214795381,-0.0396529,-0.056070268,0.0709902539,0.0078015943,-0.023125493,-0.00845919,-0.279291553,-0.022460341,0.0084591896,40,0.0022282743,0.0714285714,-0.072127374,-0.460091522,-0.533047732,0.109718893,0.1517479415,0.0085830024,-0.090108456,0.5213212662,0,5.5026056746,-0.115709666,4.1719745223,-0.143761218,3.6320630749,17.848708487,0.0217990178,0.0,0.0,1,0.541277156,0,0.0,0.1189757808,1.0,0.3223945494,-0.115980022,0.0127533774,0.2756719568,-1.988436118,-0.384248814,-0.079820883,162.57149228,0.1172520361,14.706250839,0.000498008,-0.011000313,-0.02327782,-0.026143842,0.2026250283,0.0406999009,0.0,-0.002808989,1.9358867957,-0.030197924,1.0,15.969564564,-0.196165241,3.2524139466,0,0.0957318355,0.0275387,0.0163289105,0.0259879685,0.2744820516,3.978498133,4.051036e-10,6.840136e-09,1.4498046911,2.1019336423,0.0248913872,0.0373748113
59774,0.3740243083,0.0384353128,3.9798646275,0.0,0.2624357598,0.9426811561,0.1527363964,0.3170358775,0.4902670331,0.0297282835,0.9996648704,-0.062159933,-0.90543324,0.0732359226,0.0621599328,40,0.0512966353,0.3125,0.3464088911,-0.300993165,0.0316315284,0.1529686105,-0.034914918,0.2026284653,0.0625327982,0.5953626531,0,2.918921138,-0.175061351,2.2177292445,-0.213886806,8.6352999952,6.0249508068,0.3529800821,0.0,0.0,1,1.0,0,0.0,0.6675895985,5.0,3.7516882392,0.1573884018,0.2050153702,-0.135828591,-2.618414872,0.5267163271,0.0321377562,-9919.598156,0.0588548821,13.353111914,0.0048356002,0.029819791,0.0483836086,-0.006152083,0.209421256,-0.000210422,1.0,0.0035100035,0.7840092635,0.1009367764,6.0,13.468626455,-0.200547049,1.0349156303,0,-0.156910843,0.0413751341,0.0168372395,0.0243409828,0.416724879,2.064744898,5.859157e-09,2.3021343e-08,1.4731857194,2.1702761638,0.0104719449,0.0399062082
33849,1.5201894658,-0.30164608,-1.520939908,0.0,0.3230015547,2.4572676951,-0.198011599,-0.188167239,0.3409678785,0.0080924855,-0.328970719,-0.079221285,-0.540176991,-0.138703808,0.0792212849,40,-0.022375081,-0.071895425,-0.121674745,-0.130633658,0.0491405249,0.2599379758,0.0465785569,-0.003903494,-0.150283497,0.6790140772,0,4.2757024793,0.1368919887,2.8879338843,0.056292572,4.4323959938,7.0462339253,-0.505243595,0.0,0.0,0,,0,1.0,0.4311548791,5.0,3.2931458156,0.1450658679,-0.239135955,2.3353439241,-1.146981262,-1.065658247,-0.047055001,-5109.806927,0.0446872923,9.1378610755,0.0001102597,-0.011784614,-0.013944508,-0.085023834,0.3686169883,-0.007984828,1.0,0.032168253,-0.863546587,-0.006308956,3.0,7.4637588536,0.1132228639,0.1250781739,0,-0.101630079,0.0476190746,0.0266524015,0.0510478919,1.1737472592,0.7814142402,1.69268e-05,5.0000003021,0.2979573246,0.0887785673,2.4306803643,0.0522056956
66245,0.9502956189,0.0488502464,-1.2924589,0.0377693336,0.8742974068,1.3110059064,0.0060069464,-0.091317918,0.1179410576,0.0008813462,-0.182388945,0.0915604252,3.5916887066,-0.126604632,0.0915604252,35,0.1008448517,0.0261026103,0.0084204438,-0.211513764,-0.048843008,0.1246269391,0.0525250251,0.0973665828,0.012435205,0.492978666,0,46.302440641,-0.463629,4.4198328717,-0.687316549,10.714907178,59.344563124,0.0532921599,1.0,0.0,0,0.0,0,0.0,0.197684894,2.0,-0.157777786,-0.253183701,-0.538971419,0.0937081842,-1.811130429,-0.569442093,0.0868194711,-469.0068337,0.0665802826,14.002871313,0.0001599558,0.0062833342,0.0119541346,0.0391331548,0.0543607723,-0.000382281,0.0,-0.00394194,0.8142745758,-0.054275869,3.0,14.83129788,-0.018825654,2.3462697328,0,-0.105045736,0.0248878263,0.0143402204,0.0212600267,0.2785358147,2.0199210543,1.1408434e-09,1.3532564e-08,1.2617660171,1.5920534818,0.0308931492,0.0311423064
23835,0.6833893651,0.0646474774,-17.3553723,0.0303535699,0.9991494445,1.0233304616,0.0614285451,0.1060205072,0.1259809056,0.0258067924,0.0843585555,-0.043133524,-1.087000434,0.1349193134,0.0431335235,40,0.0024772532,-0.074674258,0.0466461575,0.0743420122,-0.035463499,0.0726226052,-0.074256079,0.1285486931,0.1107047167,0.4736171763,0,1.2335918257,-0.132930394,0.9230592943,-0.131593138,57.058921263,6.7365307117,0.1588988987,0.0,0.0,0,,0,0.0,0.2816676661,4.0,-0.036356827,-0.006690217,-0.040044988,0.3806011566,-11.28393359,-0.78887584,0.1165411798,3139.2150682,0.2469190948,15.181040354,-7.1005e-05,0.0101631968,0.0290558415,-0.004425091,0.012688039,0.5101616542,2.0,-0.000581395,0.4764526254,0.0030933702,6.0,15.299382089,0.2217780706,1.1683204986,0,0.0957318355,0.0151821477,0.0106145169,0.0188286007,0.3688751367,1.8656535084,5.869844e-10,2.3127652e-08,1.2622646214,1.5933119744,-0.027602156,0.0289568992
50623,0.2876033638,0.0506505107,8.4363220522,0.0200197753,0.2258215951,0.6282949515,0.1540716222,-0.054527213,0.4938757673,-0.016337286,-0.115979955,-0.115949671,-1.209229686,0.1118986118,0.1159496709,41,0.0057917888,0.1009174312,-0.000698176,0.0980744658,-0.022472799,0.2623362418,0.1100201736,0.0269220037,5.81109e-05,0.5691865152,0,1.8551332563,0.0728664248,1.3665851505,0.0372658518,10.893486324,3.3522802929,0.3082065884,0.0,0.0,0,,0,0.0,0.9294804495,6.0,-0.775899707,0.0043399586,-0.007609505,0.5883214848,-0.895743686,-0.009701774,1.0459172825,-2214.353456,0.0352290716,13.62677831,-0.003276516,0.019774595,0.0361765551,0.0004222547,0.1123361927,0.0109376537,0.0,-0.000665447,1.8082929539,-0.072347732,6.0,13.943031468,-0.08461705,1.4150794189,0,-0.095378135,0.0319109224,0.0311378501,0.0305736929,0.576278571,10.47588884,2.9522581e-09,1.2153962e-08,1.1201379824,1.2547090997,0.1447291401,0.0272397065
50789,0.4170237039,0.0507959904,4.2399434264,0.0243035784,0.6566279335,0.3920118061,0.0784472928,0.0751117754,0.1132274898,0.5,0.0797826426,-0.029567928,-0.603132509,0.0814327036,0.0295679285,40,0.0063471892,0.0057553957,0.0490195249,0.0701569057,0.0227203223,0.0336849581,0.0062850002,0.0413961471,0.0678385775,0.4682550543,0,2.8218920841,0.2365357374,2.3079247967,0.2075988979,9.4266899856,7.7013642124,0.1210251948,0.0,0.0,0,,0,0.0,0.2576800376,7.0,-0.753596815,-0.08266333,-0.253319814,9.1372424168,-11.75197406,-0.552190322,-0.009577786,-6161.022119,0.0257826007,14.362590816,0.0006574496,0.0167455298,0.0422354364,0.003963655,0.0550037693,0.0039017246,1.0,0.0035189694,-0.056981026,-0.001607374,5.0,14.194963429,0.2136054411,0.6794354063,0,0.080304809,0.0105915023,0.010920306,0.0196959567,0.3269219742,1.0062647788,1.7175389e-09,3.4568002e-08,0.3933546015,0.1547278426,0.2656161648,0.0231951124
89790,0.4142849843,-1.190958076,-4.170115508,0.090730758,0.6726069241,0.2325106035,-0.900276296,-0.426536502,-0.220826426,0.0017770952,0.1748793151,-0.529527965,-0.800325581,-0.447709361,0.5371522223,37,-0.001373551,-0.230769231,-0.413366662,-0.034134157,-6.045797775,0.0309929059,0.3240014845,-0.12292012,-0.826970403,0.5538415846,0,1.8440051569,-0.624555562,1.7041254835,-0.644856074,0.8443476614,8.1072727273,-3.505402463,0.0,0.0,1,1.0,0,0.0,-0.395626892,2.0,-10.59314728,0.1586172142,-0.150526185,4.6712211807,-1.70316118,-0.447854906,-1.112300019,-1919.302487,0.0273920116,8.6079201445,0.0,-0.043683084,-0.060363959,-0.558315164,0.058053539,-9.4,1.0,-0.394616115,-0.580086971,0.0401544832,2.0,8.6403483921,1.3574927177,1.2035976633,0,-0.500704589,0.0674157366,0.0448247077,0.0864403151,0.4818773705,1.6170899191,2.1826509e-06,2.8208053e-08,2.7922221243,7.7965043916,0.5980552699,0.1781959015
51263,0.2751106118,0.0522446435,6.7843227917,0.0036053812,0.9989910274,1.2974364672,0.084968724,-0.040235377,0.2651762812,0.0136631842,-0.063175031,0.0149360981,0.371884984,0.0328156451,0.0149360981,40,-0.019581173,-0.082089552,-0.039919962,0.0700604681,0.0070849629,0.1751269036,-0.02347349,-0.014660765,0.0626692456,0.2418428706,0,1.1728468308,0.0451514953,0.5355483042,0.1117986746,42.382769902,17.091029024,0.0840499127,0.0,0.0,0,,0,1.0,1.2328820116,7.0,7.1362982068,0.0025985741,-0.220295249,-0.090502795,-0.805194841,-0.655329291,0.0251246022,-1455.488619,0.0410566741,13.568326426,0.0033105275,-0.007099207,-0.034159159,-0.267515924,0.0250473087,-0.021059385,0.0,-0.061333333,0.8337574097,-0.031278946,2.0,15.194987372,0.8774360703,5.5210278043,0,-0.131569503,0.0636703521,0.0221492075,0.0360214635,0.5904879713,13.97316819,1.3282856e-09,4.4016495e-09,2.2074394006,4.8727887071,-0.011948735,0.0447758267
15069,1.1007684956,0.0507442756,-4.834132611,0.0284356467,0.7850437925,0.5679797861,0.0219855413,0.0109769792,0.1552217855,-0.031563845,-0.078950602,-0.126146501,-4.6625387,0.2873414241,0.1261465008,31,-0.000195446,-0.008633522,-0.252051583,-0.06226714,-0.153879437,0.1098484848,-0.107996074,0.0246209994,0.0866418528,0.5377777346,0,1.0488696049,0.5276477305,0.9673441425,0.6053244617,4.5229357798,6.2729901677,0.266031279,0.0,0.0,1,0.0016907759,0,0.0,0.2710918114,6.0,0.7488932423,-0.178829705,-0.196114282,2.2374605251,-2.024524956,0.4082389536,-0.075274673,16595.61663,0.0279332649,16.295794601,-0.014850136,-0.020939335,-0.037046196,-0.142531029,0.0686393263,-0.939222207,0.0,0.0149350649,0.0237536851,0.0003491389,5.0,18.593115529,0.170670384,8.8386818585,0,-0.500704589,0.1242501959,0.0384398367,0.0533788955,0.2261551324,6.1730171673,8.460103e-11,3.2561499e-09,2.5100333814,6.3002675757,-0.006451806,0.047376106
46703,0.4083412495,0.0407450647,13.690593567,0.0315607263,0.256827498,0.2996877436,0.0371915498,-0.047370064,0.0603246449,0.0013248543,-0.139500186,-0.033411934,-0.571038251,0.0640120552,0.033411934,40,0.0,0.0371900826,0.0448282554,-0.301325591,0.2019459382,,,,0.0149418926,,0,2.5302013423,-0.427023188,2.5302013423,-0.427023188,7.8713450292,76.914285714,,0.0,0.0,1,0.1120354964,0,0.0,0.0769230769,7.0,6.1699247613,-0.103297817,-0.115294521,-53.79752584,,-0.421181157,-1.19860566,15623.575052,0.0207317787,16.285517005,0.0002472188,0.0070592144,0.0117565698,-0.000513888,0.0232888147,,0.0,-0.000632511,0.1816982696,0.0641074018,4.0,17.413743117,0.0556945059,2.8867081931,0,-0.142502855,0.0277240071,0.0167069028,0.0262424405,0.2760325812,4.225409769,8.261776e-11,7.0429955e-09,1.1615114984,1.3491089609,-0.006571882,0.0240294113
45751,0.2281538922,0.0465428765,8.4033340552,0.0188241516,0.3463061701,0.4188858886,0.1450357527,0.050647821,0.1612485277,-0.012104031,0.1890061077,-0.038655945,-0.467685893,0.0683103233,0.0386559449,40,0.0,0.0363636364,0.0562759971,0.0360343052,0.0437641797,0.4796044499,0.1092527501,0.0013545347,-0.107653384,0.2693593049,0,1.6342780027,-0.011910331,1.6342780027,-0.011910331,6.6144024515,3.8350607048,0.1853693182,0.0,0.0,1,0.1193720379,0,0.0,0.3254901961,6.0,0.0339041757,0.0712956685,-0.067654684,-0.063874781,-1.106490063,-0.435822188,0.0295084353,25064.380092,0.1865376934,17.309018194,5.55957e-05,0.018434503,0.0473241928,-0.000953271,0.0750394945,-0.005195056,0.0,0.000382995,0.1067520426,0.0165718058,6.0,17.080130243,0.1417368912,0.8392727756,0,-0.012367651,0.0131795593,0.0078599798,0.0130354145,0.2258362898,0.7763855954,6.559353e-11,2.9634051e-08,0.7522822603,0.5659285992,0.0303295947,0.0147088123
34032,0.1062801932,0.0990338164,2.6323268206,0.0140326662,0.6946169772,0.9801012192,0.1581342435,0.0337516227,0.3725659887,-0.012875536,-0.021231767,0.0367375887,0.3008130081,0.0692431562,0.0367375887,40,0.0076595745,0.0,0.0425792243,0.0067226506,0.0095592686,0.1413520632,0.0597172643,-0.002452041,0.7271028037,0.486948235,0,1.7471732248,-0.102231059,1.3767526006,-0.092351782,5.0449970397,8.1932692308,0.1674174789,0.0,0.0,0,0.0,0,0.0,4.4074766355,6.0,0.0535577339,0.092311285,-0.377758897,-1.871329771,-0.114131653,-3.34570948,0.2050513045,6706.5215465,0.0506976226,16.13972302,0.0411086418,0.0189129324,-0.811535723,0.0005982835,0.2678540248,0.0219953605,2.0,0.0007942812,0.3798863283,0.0600066105,3.0,17.076236917,-0.175113075,2.7055151176,0,-0.060001469,0.0187599417,0.0110487644,0.0182526082,0.3746878792,4.0542719719,9.513821e-11,1.0363387e-08,1.0269750166,1.0546776847,-0.004746504,0.0304743182
51829,0.6488837838,-0.006115525,-0.0573337,0.0801576919,0.3769822278,1.142610496,0.0582320646,-0.072339948,0.6115474626,0.0156267441,-0.030320992,-0.064677072,-11.27246377,0.0628215082,0.064677072,31,0.0025944004,0.1016949153,-0.094308075,0.0096989704,-0.012955122,0.7197712418,-0.045365822,-0.063123137,-0.095120384,0.6205001642,0,2.8028427639,-0.062955487,2.5697089227,-0.073472344,2.532670622,6.3356595243,0.0656033704,0.0,0.0,0,,0,0.0,0.943095862,2.0,8.3444383627,-0.121274147,0.0989365105,12.374286127,-1.747382757,0.3203743181,2.3752013325,-786.2972779,0.0855191314,10.966006224,-0.004752514,0.055414442,0.0876085888,-0.09720701,0.4202515118,0.03796247,1.0,0.0654389515,-0.528020866,0.0161149134,4.0,10.652334322,0.4212390542,0.5409424084,0,-0.186226261,0.0648136064,0.0231474575,0.0427558079,0.8952581019,1.2275779802,2.8338468e-07,5.8060747e-08,0.3446322922,0.1187714169,-0.825221058,0.0367845814
39538,0.2818704642,0.0476820822,6.0108665672,0.0492055224,0.3606187218,0.5757530618,0.1207302941,0.0438565842,0.4982778503,-0.003536693,0.1834679133,-0.059215881,-0.781139125,0.0849284223,0.0592158808,40,-0.001032696,0.0689655172,-0.071099565,0.0613695547,-0.051772622,0.3312308824,0.1380007682,0.0231221503,-0.093028606,0.3652865993,0,2.9257118561,-0.092802257,2.4095747367,-0.101548525,6.1995770082,5.5103633436,0.2135539478,0.0,0.0,1,0.0005690476,0,0.0,0.9624466294,3.0,-0.425598536,-0.101412213,0.0991439383,-0.029272669,-13.31189095,-0.34143258,0.1137892887,8941.7386686,0.1187585399,16.174898031,1.5980201e-06,0.0366991254,0.0872631531,-0.032111249,0.0435665378,-0.008742006,2.0,-0.004748338,1.018092015,0.0630332,7.0,17.25217161,0.3991036557,3.5035502449,0,-0.051660395,0.0285898279,0.0192211729,0.0258672616,0.4301151096,10.566985222,9.070124e-11,7.1525164e-09,0.7539347567,0.5684176173,0.2777360171,0.0359033308
51925,-0.133586451,0.1551704037,243.47172044,0.0,0.5671220884,0.2904286654,0.407421811,-0.083381393,0.4646438338,0.0025617762,-0.204126741,0.2125872739,1.1551460164,-0.02407407,0.3954612517,32,0.0,-0.105263158,1.1698001578,1.1124435493,2.2489026118,0.0637997005,0.0053331637,-0.034695738,-0.442473651,0.4184974935,0,0.4393939394,3.2792663029,0.3113682093,3.428478885,79.534939759,25.948899371,0.2741530697,0.0,0.0,1,1.0,0,0.0,-0.833829092,5.0,3.8623384191,0.3788363125,-0.143007665,12.374286127,4.6265119444,-0.979437524,2.3107751967,-722.3007819,0.0796288203,11.63747525,0.0,0.0961391205,-0.595122252,0.1181217188,0.0401170513,0.2602038774,2.0,0.1047511571,0.174097157,0.0154628202,1.0,8.5326333596,0.229046356,0.044639725,0,-0.186226261,0.0797101557,0.0253031141,0.0243353894,0.8316193672,0.2589116179,8.2006272e-07,4.6781139e-07,0.3228221545,0.1042141434,1.142099524,0.0549770863
51960,0.4664037086,-0.02304226,3.4617305515,0.0,0.2191329233,0.6854851983,-0.010730966,-0.018344232,0.4198182937,0.0095727768,0.1958818694,-0.00057873,-0.017378827,-0.022641813,0.0005787298,32,0.0006371337,0.1383928571,-0.035900669,-0.498889051,-0.019383923,0.2896769752,0.4182779109,0.0175972055,-0.094551031,0.5439260825,0,2.1539034288,-0.113917217,1.3189382376,-0.071075347,7.5443150574,4.2698979358,0.0929476644,0.0,0.0,1,1.0,0,1.0,0.5678125669,2.0,3.0358385732,-0.08452073,-0.028847673,1.281558167,-1.320088246,-1.065658247,0.0690069941,-4846.976687,0.0446872923,12.23128299,-0.000502185,-0.008494448,-0.011521763,0.0202533936,0.1467091826,-0.013162041,1.0,0.0073800738,0.2047609936,0.0251318216,4.0,12.489214185,-0.001428568,1.3112140562,0,-0.101630079,0.0284281056,0.0183808573,0.0353885917,0.2545193709,1.1922048714,1.6655101e-08,2.3425006e-08,2.3155682493,5.3618563172,-0.046152489,0.0790087614
43449,0.1424614123,0.0527333552,34.136402137,0.0356458329,0.237498494,0.304147257,0.2477494682,-0.064022301,0.327496908,-0.027766559,0.0393566349,-0.055635707,-0.41458237,0.0745956746,0.0556357067,40,-0.000386418,-0.045454545,-0.023639333,0.056221252,-0.00913896,0.0626814619,0.0767803598,-0.033942823,-0.197149228,0.4709442584,0,1.5231631428,-0.043894742,1.483132574,-0.045645855,13.206265942,22.596590909,0.2995438178,0.0,0.0,0,,0,0.0,0.7126804375,4.0,-0.031935118,0.0178948385,-0.125245319,-0.112009471,-0.230641683,0.7884795747,0.0103418242,86086.981128,0.0885157098,18.525194881,-0.007870453,0.0374614784,0.1239667074,-0.004111715,0.0744095026,0.0036656009,2.0,0.0012179032,1.526293408,0.0842309976,5.0,18.734862128,-0.03913431,1.5673681469,0,-0.101596569,0.0156175224,0.0076625022,0.0123698721,0.2712362445,1.7107884028,7.470827e-12,1.6840266e-08,0.3923104159,0.1539074624,-0.061727991,0.0176140475
89915,0.4544380887,0.0489290784,103.05043702,0.0273852548,0.7406168384,0.4368731179,0.076836376,0.0949922368,0.2582925722,0.0114143728,0.1185865775,-0.072357961,-1.690629854,0.1316500392,0.0723579611,31,0.0,0.0922063666,0.0753947864,-0.080269789,-0.004298571,0.0868224637,-0.014609268,0.0935268945,0.0586016009,0.5136876068,0,1.4358927646,0.0183451844,1.4358927646,0.0183451844,349.71893745,4.0290836575,0.1935801429,0.0,0.0,0,0.0,0,0.0,0.6335286637,4.0,-10.12868076,0.1025611014,-2.349259782,4.2324608579,-0.67392976,-0.32138161,1.1262223171,-3300.232698,0.0288563477,13.275313142,2.38723e-05,0.0120203046,0.0319008113,3.53827e-05,0.0006587793,-0.074755724,2.0,0.0026227051,0.8734175201,0.1050939932,6.0,13.606038077,-0.09595627,1.171325355,0,-0.111549313,0.0254273564,0.012899731,0.0266962576,0.4424366523,2.1283056314,5.2490272e-09,2.3432826e-08,0.9344634646,0.8732219667,0.022144297,0.0318888718
17478,0.0201631563,-0.012106157,7.292224,0.0133870136,0.2240258882,0.2086969312,0.5348973607,0.1171423857,0.56492328,0.0036900369,0.387765549,-0.236907731,-5.187713311,0.0506971163,0.2369077307,40,0.0,0.0,0.0361025641,0.0841107357,0.0043106842,0.6504854369,0.1822691517,-0.01600396,-0.62490392,0.4839152267,0,0.9997479203,-0.192301748,0.9997479203,-0.192301748,2.0204,5.419527897,-0.034087255,0.0,0.0,0,0.0,0,0.0,2.5864719447,4.0,-10.35090117,0.1451641908,-2.441466149,3.7981859255,-1.028374354,0.1119278668,1.0452693943,19968.138442,0.0288563477,17.157400498,-0.006379585,0.0420755031,0.3315858453,0.0025661917,0.1765282372,0.0196951015,0.0,0.0011560694,1.0838777264,0.0507810921,2.0,17.225238096,0.2679138098,1.1535915848,0,-0.111549313,0.0348972306,0.0128231174,0.0170621801,0.3669265979,1.5205251682,9.240289e-11,2.2884871e-08,1.1520417507,1.3272001953,0.0407789683,0.0219829532
81061,0.1524627275,0.0338234397,1.2709979405,0.0043065337,0.8460433245,3.4117846581,0.070400986,0.0407851775,0.2266079329,0.0043290043,0.0713785864,-0.025315018,-0.753239437,0.0593005884,0.0253150177,41,0.0187069839,-0.014005602,0.301114026,0.1798570683,0.0216557947,0.3745721271,0.6481173594,0.0199192411,-0.061135884,0.4758399295,0,1.0947249007,-0.008519961,0.6679404126,0.0228346801,33.522748549,11.250785472,0.0592031687,0.0,0.0,0,,0,0.0,1.332433701,7.0,-1.474006625,-0.015672319,-0.172801193,4.1092831208,-2.164356801,-3.167582556,0.3128280951,49581.557786,0.1062765098,17.462564181,0.0004020524,0.0111399195,0.0703716254,0.1080628655,0.0960067361,0.0007311456,2.0,0.0014592228,0.6072954475,-0.014930413,4.0,17.771217987,0.1393218185,1.5585345368,0,0.0239123439,0.0550779253,0.0192611256,0.0208402453,0.2971285479,2.1861677436,4.586568e-11,1.5240551e-08,0.9434172901,0.8900361833,-0.043221017,0.0237481398
52250,1.3075898548,-0.021096332,-0.355154802,0.0,0.0858118527,0.4549802652,0.079480414,0.0196557694,0.0754574464,0.001996008,1.0254585272,-0.05320794,-3.480483782,0.0523291093,0.0532079404,36,0.0096565983,-0.027027027,-0.019666642,0.3767421981,-0.013394805,0.216812774,0.1284694014,0.0137488543,-0.012524633,0.897650253,0,15.186646844,-0.593627906,13.136910393,-0.597469465,0.4107466312,44.885583524,-0.078537821,0.0,0.0,0,,0,0.0,0.0778716882,2.0,-5.700128101,-0.016915304,-0.029427901,0.8361399309,-0.038624426,0.0111362611,0.0409607095,-3954.143374,0.0400118084,11.661493756,-0.003182605,-0.01824747,-0.018936984,0.0387249326,0.7949543881,-0.01021891,0.0,-0.018973941,8.6410052323,0.1750965724,2.0,12.00068796,0.478150174,0.9717078829,0,-0.131569503,0.0224561188,0.0153266222,0.028425593,0.520292316,1.2697089105,4.085101e-08,3.6875348e-08,0.2181446156,0.0475870733,0.7217550653,0.0337573667
17005,0.3457220562,0.0423067325,18.781868787,0.0117311241,0.3305207781,1.2693568102,0.1221072882,0.0381120152,0.3816514275,-0.033898305,0.0804156246,-0.047908464,-0.751776103,0.0741119229,0.0479084636,40,0.0121417498,0.0471153846,0.0994469908,-0.010302121,-0.035321937,0.2183648083,0.0059961624,0.0316388446,0.0005271759,0.2787523568,0,1.3655857466,-0.168246391,0.738582015,-0.202196948,55.414314115,14.387013523,0.1882164375,0.0,0.0,1,0.0334330911,0,0.0,0.7028309347,5.0,-355.6597549,0.0751357756,-0.133261602,-2.01369347,-1.393242625,0.8641771561,-0.063256371,98593.130203,0.2277833408,18.513941949,0.0028270088,0.0165532758,0.0332911358,0.0338211346,0.032599987,0.0093674953,0.0,-0.000103648,1.4958554355,-0.032260955,6.0,18.343036356,0.0247150612,0.8757291129,0,-0.166303822,0.0111759193,0.0091586597,0.0129198337,0.2374624221,0.8336303259,1.882574e-11,3.0390604e-08,0.6556176993,0.4298345676,0.0233873477,0.0187304898
22752,0.3018216436,0.0739555161,5.1874782493,0.0319894833,0.3073869203,0.2620519407,0.1104011058,-0.069193999,0.3104358938,-0.030533279,-0.070800278,0.0398078243,0.3406040268,0.0487659695,0.0398078243,40,-0.006422198,-0.078947368,-0.040787591,0.0368850147,-0.007583125,0.4408495737,0.0296117091,-0.024695916,-0.022465588,0.3104864697,0,1.7677182138,-0.114877706,1.47085154,-0.107872796,2.68700299,6.3744340477,0.3443609461,0.0,0.0,0,,0,0.0,0.6443082488,5.0,47.80199796,-0.031127075,-0.287570608,-8.518581032,0.1996194748,1.3888303715,-8.708586015,98593.130203,0.0248274717,18.593941823,-0.000795615,0.0178003938,0.0393127799,-0.00349705,0.1194187609,0.012442358,1.0,0.0008098805,-0.13138615,0.0416356677,6.0,18.515813859,0.0874173793,0.7549304408,0,-0.25352422,0.0256268308,0.0097302333,0.014945971,0.1964568773,0.663939818,1.5248e-11,3.1670304e-08,0.5488123139,0.3011949559,0.1834267104,0.0207266618
42796,0.4090577597,0.0587859642,9.4666053519,0.0343722832,0.8128433436,0.6850975082,0.0922154593,0.1177301675,0.391357418,0.0032377012,0.1448320611,-0.020625637,-0.406137831,0.0826611682,0.0206256374,41,0.000249857,0.0656773839,0.0854274641,-0.019376063,0.0183567583,0.2645553393,0.1132976894,0.0106450979,0.0675128862,0.1245758096,0,0.9087195693,-0.065970337,0.8622394308,-0.066038745,69.818946262,5.6005564807,0.1091190265,0.0,0.0,1,0.1092150171,0,0.0,1.0948026809,5.0,0.1503114141,-0.12179384,0.0177961804,-0.3299578,-0.029109319,0.1347006723,-0.051514675,-577.0888083,0.0794318232,14.473176795,-0.002585946,0.003878968,0.0115869097,0.007093864,0.0103995237,-0.039805837,0.0,0.000234852,-0.604995897,0.0433927188,4.0,15.005153427,0.1942872333,1.562714868,0,-0.075760491,0.0357216522,0.0159288724,0.0233651298,0.4596614856,2.5780076464,1.3538448e-09,1.9157098e-08,0.9933417716,0.9867278753,-0.018304727,0.0306261952
53074,0.2857143968,0.0372623616,80.189970501,0.0084844488,0.1704705408,0.2773582646,0.1471644432,0.2029242584,0.5029068277,0.020338012,0.3206711652,-0.011477829,-0.128665345,0.0420567362,0.0114778286,32,0.0432769061,0.010989011,0.3528943176,0.043883755,0.0274951905,0.5892894353,0.1773524618,0.0766643767,0.1421665397,0.1930305574,0,2.02101385,-0.222891799,1.17363717,-0.36213335,35.068829892,5.8731988473,0.3956280748,0.0,0.0,1,1.0,0,0.0,0.7624080954,5.0,-10.07118037,0.0189347861,-0.071573141,0.2583562536,0.6518769547,0.4921995208,0.1152499786,-2856.928503,0.0318276958,12.811854356,-0.006387154,0.0155816672,0.0239036523,0.0080645402,0.0350240229,0.1159160769,0.0,-0.002423698,0.221637164,0.0172394338,6.0,13.359777403,-0.417959228,1.8125858752,0,-0.095378135,0.0386027507,0.0260800206,0.0444243297,0.3479121015,4.5233574624,4.5156216e-09,7.3120437e-09,1.1547796694,1.3335160849,0.1018963981,0.0493251624
87437,0.1512627385,0.0531773126,5.6687081095,0.0447490902,0.1439794822,0.9781508671,0.4977670264,-0.328195108,0.5794615719,0.0,-0.514686964,0.2125872739,3.3026315789,-0.122447759,0.4780745422,36,-0.002337561,0.0,-0.090976266,-1.233118408,0.1103269978,0.3138297872,-0.048049645,-0.008901433,0.0592427617,0.7622754497,0,1.9962447537,0.3718116298,1.3757455268,0.1950972504,7.8677411103,14.371495327,0.2498736918,0.0,0.0,0,,0,0.0,1.7832962138,5.0,26.165968429,0.0038585382,0.000958091,-0.458081367,-1.288048284,0.4305432353,-0.215228104,-2139.010381,0.0463645568,10.166843646,-0.018020651,0.016912636,0.0330109336,-0.101440693,0.6688677726,-0.00075907,0.0,-0.010938635,1.1633946014,0.2093398012,1.0,7.4976231101,0.1710128006,0.1383755094,0,-0.034541484,0.1123287231,0.0547345797,0.0564217335,1.4640755871,1.3006108364,7.0703775e-06,3.0000001089,0.3371860577,0.1136944375,1.1079236174,0.084203909
89857,1.1619272843,-0.030000545,-43.27645833,0.0,0.7270513423,0.2982458919,-0.030081871,0.1982922201,0.1166424824,-0.000490677,0.8287231688,-0.077077357,-4.451612903,0.1035502698,0.0770773566,25,0.0,0.0,-0.161306284,0.1436472764,-0.094921474,0.0667722734,-0.046429406,0.285467128,-0.014329428,0.5385010014,0,1.3947990544,-0.481356308,1.3947990544,-0.481356308,35.3125,7.5501113586,0.1642806853,0.0,0.0,1,1.0,0,0.0,0.1485931786,2.0,0.5943479867,-0.126101405,-0.18748076,2.2986193138,-0.88239126,-0.464531207,-0.259065827,-2488.76691,0.0279332649,8.5395161656,-0.020209744,-0.035681484,-0.060120706,-0.054590083,0.0029414648,-3.196071226,0.0,-0.169464899,-0.863546587,0.0400866922,5.0,8.0232836687,0.2891714369,0.3097692685,0,-0.500704589,0.0851528123,0.0504257501,0.0618443247,0.7903979814,0.9937605805,1.16611e-05,4.0000001245,1.3096708718,1.7152377925,-0.740332355,0.0968575243
53373,0.3818305308,-0.134953794,3.3642072214,0.0,0.0447856422,0.2880400107,-0.344259661,-0.258920272,-0.139935645,0.0,-0.239426774,0.0877654113,0.3259112399,-0.178936753,0.0877654113,41,0.0033676948,-0.111111111,-0.146698372,-1.54036353,-0.128218264,0.4384236453,1.4012125805,0.0084376117,-0.261141423,0.5193422424,0,5.2454044118,-0.187355714,5.0211397059,-0.204613216,1.6900132834,5.2911153119,-2.497518364,0.0,0.0,0,,0,0.0,-0.155880362,2.0,1.266782939,0.0494409113,-0.198971684,-0.05271307,-1.768044973,-1.111916426,-0.206941287,-7010.558014,0.0558672041,10.217765311,0.0,-0.038274671,-0.04268256,-0.028206019,0.3317736431,-0.005788384,1.0,0.0102095407,-0.419941602,0.0338294618,2.0,4.9067551269,0.2724909593,0.0039393253,0,-0.168614603,0.0420167632,0.0296357277,0.0611165824,1.9300873272,0.0318770329,6.40723e-05,5.0000003021,-0.050958073,0.0046236179,-1.935080442,0.0918888399
53640,0.3867765481,0.0271051159,6.3376833073,0.0,0.3982145226,0.3990795795,0.0650043306,0.1887364781,0.349571296,-0.00557339,0.3145898425,-0.081885159,-2.18321513,0.0862814152,0.0818851586,35,0.0098399626,0.0882352941,0.094298945,0.1166248573,0.010184753,0.8690242305,0.027732919,0.0563899013,0.082079184,0.2432579895,0,3.6537698413,-0.04770631,2.5267857143,-0.014993645,4.8580343214,6.6645264848,0.1985956645,0.0,0.0,1,1.0,0,0.0,0.6213529575,5.0,45.138388232,0.0008218514,-0.031723637,8.6804661927,-0.892759,-0.902208404,0.3622088511,-2087.868616,0.0587429544,15.15625448,0.0039100556,0.0104041254,0.0213512137,0.0081562049,0.1046487898,-0.006919203,1.0,0.0,0.6040922363,0.0648523723,6.0,16.182852016,-0.141085858,2.0915917376,0,-0.101630079,0.0251022689,0.0198346325,0.0301747455,0.42771606,4.7911571283,4.710954e-10,1.3089112e-08,1.3015410902,1.6940092094,0.0235273251,0.0302402144
24010,0.6382476588,0.0612408696,-12.88164374,0.0392635775,2.3096532404,0.7968698255,0.0436784453,0.0719111627,0.0864421842,0.0048774745,0.082049985,-0.065143199,-3.050541678,0.2480586948,0.065143199,40,1.2008766e-06,-0.030055041,0.0969167884,0.1557223022,0.0907292678,0.0554002713,0.0276104821,0.0425678942,0.038957729,0.3910016413,0,1.1404929368,0.1784778206,0.8484560877,0.2279231134,8.7867036186,11.325505889,0.073230424,0.0,0.0,0,,0,0.0,0.3209006915,8.0,-0.743691883,-0.072902687,-0.28913025,9.3584663716,-11.59026881,-0.268908424,0.1570482058,7937.7730806,0.0257826007,16.416968574,-0.011886156,-0.01552413,-0.068645419,-0.007466034,0.02310304,-0.325365309,0.0,-0.003225806,0.5621585352,0.0262946622,2.0,16.857216633,0.2261554703,1.742444841,0,0.080304809,0.0114269666,0.0095992503,0.0152142038,0.2538248819,2.7355903585,5.017319e-11,9.9846022e-09,0.3325410395,0.110583543,-0.147083746,0.0223868184
53859,0.5306096959,0.0496074116,-25.4072428,0.0333011098,1.0113645483,0.3150426992,0.0609729385,0.0856637522,0.0864274118,0.0100858235,0.1102270379,-0.025541694,-0.765844402,0.0875989701,0.0255416942,36,0.0004863879,0.0107526882,0.0199658673,0.09763184,0.0724598918,0.0245892833,-0.000855603,0.0505636939,0.0452780206,0.4590378414,0,0.5211524435,0.0625152263,0.4697985047,0.0374799041,43.823045267,7.3445984074,0.0836342523,0.0,0.0,1,0.9530134741,0,0.0,0.2131394209,7.0,-0.743773699,-0.086252053,-0.248322521,9.2508284088,-11.4051577,0.417468856,-0.003411519,-7370.410159,0.0257826007,13.294795881,1.8433248e-06,0.0114988395,0.0331780138,0.0051365468,0.0077120908,-0.070096779,2.0,-3.6228e-05,-0.065132547,-0.009715182,4.0,12.989640927,0.2892453888,0.8664901587,0,0.080304809,0.0359316655,0.0152797538,0.0247827428,0.4999174612,3.8169373732,5.2364747e-09,1.7992833e-08,0.6596296396,0.4351112614,-0.015207176,0.0247063888
54253,0.2667049851,0.0439848952,8.9083729231,0.022928762,0.365250123,0.5703318912,0.1245960403,0.0247287871,0.4417753004,0.0066125477,0.0970445203,-0.015673081,-0.223952794,0.0538354354,0.0156730805,40,-0.011110569,0.0,0.0196275734,-0.012685295,0.0138460785,0.1976914742,-0.018386389,-0.022621469,-0.057992514,0.3254235463,0,2.1271271528,-0.186609499,1.6018106701,-0.157306177,10.431516679,5.2417990347,0.1691081651,0.0,0.0,0,0.0,0,0.0,0.9512083328,5.0,-10.03491235,-0.040510458,-0.082562152,0.2393468419,-1.145087821,0.6433857824,0.1270286779,-1125.990583,0.0318276958,14.401751298,0.0001872563,0.012212231,0.0297122196,-0.00094667,0.1392502507,0.0084769611,0.0,-0.000500375,0.5425802121,-0.062781603,6.0,14.211330671,0.1576004613,0.71799117,0,-0.095378135,0.0396708399,0.0169127744,0.027539673,0.3979912695,1.5308267587,2.6737646e-09,3.2322403e-08,1.6305962522,2.6588441377,-0.006379226,0.0310921371
91109,0.8584631294,0.2031158331,-4.500482675,0.0688364203,3.1087769626,1.1113963655,0.0128429679,-0.021477787,0.1927939889,0.0034968111,-0.183052501,-0.101321072,-2.000712693,0.6094922587,0.1013210719,30,,-0.260927152,0.0409264254,0.3221826141,0.3173939887,0.1531737389,0.1390708653,,2.4481863358,,0,0.9052880497,0.0334977745,,,9.3955033796,4.2307850035,0.1883954558,0.0,0.0,1,0.1399841691,0,0.0,2.4075994726,8.0,0.9171583518,-0.06372507,-0.448407912,1.9951551589,-2.796871734,-0.464531207,0.2468761621,-1906.04379,0.0279332649,12.973564843,0.0,-0.218554768,1.0433494835,-0.285097558,0.0330861889,-1.141521665,1.0,0.3066666667,0.1686729784,-0.180621497,4.0,14.01634691,0.813453497,2.5684753882,0,-0.500704589,0.1271187365,0.0473948095,0.0907886174,0.6168760562,2.9086950637,1.8741624e-08,1.647963e-08,3.3482519805,11.210791325,0.1102185627,0.0987826968
22592,0.1256067826,0.04748701,31.663251367,0.0220092135,0.1736878594,0.3048999489,0.246821997,-0.067988077,0.5002086438,-0.042456158,0.1618382259,-0.051528101,-0.336965295,0.0634884844,0.0515281013,40,-0.004875114,0.0127781475,0.0307732176,0.0569680705,0.0092614874,0.1658617034,0.0467071172,-0.01147541,-0.250999886,0.3876672423,0,1.9614871624,0.1550483581,1.3436145382,0.135914061,12.612366231,7.5084945729,0.3773607282,0.0,0.0,1,0.0086892489,0,1.0,0.949891441,7.0,-0.13890091,0.0319980871,0.0353144044,-0.638978149,-0.287410481,0.1400219472,0.3168620314,98476.821113,0.0689333745,18.435751445,-0.000671223,0.0412896648,0.09898419,-0.004868849,0.0528594624,0.0153973075,0.0,7.05368e-05,0.2525661487,0.0446648836,8.0,18.209513355,0.0602270125,0.7705255984,0,-0.105814909,0.0099132499,0.0053570265,0.0106733285,0.2457568452,0.806842029,1.339828e-11,3.2510991e-08,0.8675684592,0.7526750314,0.0095026243,0.0169671765
24248,0.6354922308,0.0492788806,-3.740571987,0.0330895047,1.0857148241,0.4488800597,0.0381427384,0.2542567879,0.0933329498,0.1093961353,0.2885327335,-0.037001123,-1.161858974,0.1065339902,0.0370011228,40,0.0054098193,0.0416666667,0.1162608013,0.0466865541,0.0824831958,0.0412913827,-0.087587929,0.2372871606,0.1984511133,0.4642273207,0,1.0067307692,-0.245115886,0.8132211538,-0.244232904,7.6552188552,11.036893204,0.1066857786,0.0,0.0,0,,0,0.0,0.2008340159,5.0,-0.749433957,-0.100274329,-0.217408543,9.3557109437,-10.7867731,-0.407968018,0.0155235012,-5209.704539,0.0257826007,14.833037878,0.0002458271,0.0129253156,0.0339975234,0.0702182048,0.022527272,0.0459653193,1.0,0.0049514755,0.2331428674,0.0319597279,6.0,14.990115831,0.122397666,1.2296911375,0,0.080304809,0.0102906609,0.0110996308,0.0159387416,0.2824293243,1.7549468234,4.778955e-10,1.5762209e-08,0.4555759656,0.2075494604,0.1354838484,0.0222329526
54675,0.3361160295,0.0149761907,7.9533791377,0.0243753104,0.175853239,0.6286392539,0.1527816879,-0.105529436,0.6587115018,0.018294849,-0.150647516,-0.146277863,-5.295572917,0.0942837004,0.1462778632,36,0.0221916503,0.04,0.1290011907,0.3338711146,0.0183787867,0.4593671341,0.0812969902,0.0192831834,-0.079959433,0.4044483803,0,1.7801152178,0.0934836669,1.2166483268,0.0251736199,10.182406822,6.4314214464,0.2083471264,0.0,0.0,1,1.3156996587,0,1.0,1.0270623716,7.0,-10.0716088,0.1743011795,-0.042562152,0.3087578863,-1.173135601,2.8435233479,0.1674769429,-3011.542107,0.0318276958,11.347857456,-0.004787131,0.0231916735,0.0348699942,-0.020945172,0.1294457228,0.0185379637,1.0,-0.006719963,-0.614981112,0.0281461756,6.0,9.3604959666,0.2699285083,0.1097687263,0,-0.095378135,0.0292022675,0.0110932157,0.0175410727,0.6273200518,0.2514369249,4.1815681e-07,2.9438903e-07,0.247773646,0.0613917797,0.7313567671,0.0273502247
54704,0.5517557768,0.0328573665,-2.223929078,0.0,0.8849790689,2.3192341134,0.0705195563,-0.097549162,0.2887726436,0.006302521,-0.054165976,-0.04307755,-1.995283019,0.0984171119,0.0430775498,41,-0.009267274,0.0,0.0127233351,0.1220107651,-0.021040035,0.1601986961,-0.008477606,-0.089993219,-0.161958569,0.494657471,0,1.4916452442,0.0681950305,1.1455655527,0.0711937577,21.225531915,6.7253932584,0.1239465395,0.0,0.0,1,0.0354938272,0,0.0,0.6741996234,5.0,3.6849639097,-0.087490364,-0.10748463,0.0419028773,-2.320001835,0.7291366881,0.0573189454,-9842.794736,0.0588548821,13.158239755,-0.015609563,-0.023731674,-0.060581583,-0.114147427,0.0688740316,0.0249736301,0.0,-0.00635324,0.5298157458,0.0480220802,3.0,13.034875741,0.6104758773,0.9042106817,0,-0.156910843,0.0336861797,0.0161729509,0.0271542087,0.3630916307,1.5510902167,5.1376779e-09,2.3210196e-08,1.4453731024,2.0891034053,-0.025815921,0.0462203756
76591,0.2460438033,-0.007103819,3.386724765,0.0,0.207409631,0.1833847833,-0.026502052,0.6632594803,0.4580547728,0.0105655504,3.329413491,-0.118279198,-6.044670625,0.0358364284,0.1182791981,34,-0.007955355,0.0664335664,0.0410751953,-0.110555385,-0.029754717,0.5627107626,0.1037629028,0.0130246607,0.0948793229,0.5947214284,0,7.5613851862,1.3091275256,6.8808025285,2.2405097667,0.8950750409,5.2984100273,0.162252945,0.0,0.0,1,0.0314693894,1,0.0,0.5477725792,3.0,47.538929742,-0.207360253,-0.142189674,-8.574358873,-0.115686721,0.5733941298,-8.721515556,-4551.563597,0.0248274717,13.234550117,0.0129305998,-0.001775351,-0.003311417,0.0089056083,0.4399797634,0.0239343303,1.0,0.0058262712,3.1450324019,0.175321114,5.0,13.505509867,0.075211348,1.3944782936,0,-0.25352422,0.0295481011,0.0231498303,0.0352143198,0.3838132111,2.2766648502,5.9551826e-09,2.2819239e-08,0.8181658119,0.6693952958,0.0274464862,0.0463318528
42614,0.5010601199,0.066444631,-0.085680532,0.0,1.0539502059,1.2724008547,0.0847030452,-0.038018646,0.2616495431,-0.114229182,0.1240716869,-0.06438935,-1.536687822,0.1685492864,0.06438935,41,-0.007528607,-0.030822228,-0.046387893,0.0592053269,-0.026573509,0.1914948319,-0.015175516,-0.001307796,-0.261896298,0.4426592587,0,2.6878308189,0.1674880697,1.8730398593,0.180323679,8.1507424488,3.6160700096,0.1187302933,0.0,0.0,1,0.7209792506,0,0.0,0.6015392437,4.0,-4.436365701,0.0146501775,-0.095810448,0.150344416,-13.33311632,-0.224951756,0.0785035087,-7530.504531,0.0604618429,12.007232142,0.0001664354,0.0090919967,0.0253310812,-0.024283882,0.1003907051,0.0092278624,0.0,-0.002404291,-0.863546587,0.0275396295,5.0,8.528489185,-0.090863214,0.0253892691,0,-0.156910843,0.0373030789,0.0138176872,0.0049714889,0.9622476607,0.1449754164,1.2758405e-06,5.0000003021,1.3070045523,1.7082608997,-0.029383193,0.0306802567
22779,0.1854968712,-0.047272877,1.9517410218,0.0212965329,0.5193234159,0.3988691405,0.1463187325,-0.120496161,0.2539026243,-0.136345776,-0.06187209,-0.009607614,-0.153515065,-0.040015778,0.0096076143,40,-0.013468618,-0.285714286,-0.323712052,-0.091542843,-0.002982959,0.3151183971,0.1194995686,-0.044215678,-0.252528013,0.5546046244,0,3.0573333333,0.4023665717,2.7186666667,0.433219821,1.4873545776,3.7674567585,-0.066249447,0.0,0.0,0,0.0,0,0.0,0.7821809237,3.0,2.8573149974,-0.200189065,-0.452954816,1.0006513295,-0.786390855,-1.065658247,0.0516330284,9625.0117929,0.0446872923,16.390757907,-0.001066011,0.0136462882,0.0688705234,-0.001159583,0.2720751917,-0.02946046,0.0,0.0013161743,1.2962019174,-0.043746714,3.0,17.459214593,-0.096951945,2.0372461876,0,-0.101630079,0.0099132499,0.0058627317,0.0123031922,0.367541732,2.428398077,6.638289e-11,1.6300502e-08,0.6945258952,0.4823662191,0.2368493073,0.0252059391
28345,0.9560829125,0.1143018271,-3.166174925,0.0263593648,0.9109675178,0.589805493,0.0669571861,-0.043814941,0.2314525088,-0.032212511,-0.083565353,-0.115853971,-1.935761235,0.3355628732,0.115853971,40,-0.003004923,-0.086933333,-0.004470996,0.1221402098,0.0302009716,0.1523858554,0.2306628407,0.0435087065,-0.002593846,0.5700468371,0,1.0416984472,-0.042801423,0.9645886272,-0.032535715,3.1964619088,6.0564208149,0.3578414491,0.0,0.0,1,0.1208794285,0,0.0,0.4555971395,6.0,0.7960289656,-0.067231426,-0.274414093,2.092774942,-2.082371727,0.6077005213,-0.027053223,6467.1161096,0.0279332649,15.632635969,-0.053030506,-0.104758137,-0.201763631,-0.183861898,0.1024523197,-3.001082348,0.0,0.0144628099,-0.001038461,0.0192927308,5.0,17.30875134,0.6896935899,6.5817861533,0,-0.500704589,0.0954009965,0.0331482382,0.0492788234,0.3224646774,6.0189822698,2.180338e-10,3.570863e-09,2.2789185181,5.1934696121,-0.020103957,0.0409812981
65365,0.2672367143,0.0163382129,47.062617622,0.0306307305,0.7625994405,1.1370728836,0.0617523302,0.203162377,0.4158378723,-0.071783874,0.7878264586,-0.057496447,-3.318156456,0.0705509593,0.0574964468,40,-0.083508494,-0.047044987,-0.24425419,-0.050450226,-0.009080061,0.224024977,-0.10155598,-0.293245629,-0.377636334,0.3139272245,0,1.8557543527,0.1895834902,1.44397129,0.6936233605,133.37232678,6.8786839319,0.1214329083,0.0,0.0,1,0.5799161693,0,0.0,0.7921463056,3.0,-0.081165667,-0.502397424,-0.055238388,0.431688714,-0.203398601,1.3970124908,0.0937151221,-3584.377574,0.1879227517,12.894910721,0.0030399479,0.0013531655,0.0048557885,-0.050614287,0.0117651813,-0.009576127,0.0,-0.004477612,0.4737763557,0.099822998,3.0,12.117159107,-0.101807519,0.4700023633,0,0.0081788241,0.0256609581,0.0183242999,0.025711674,0.4671495003,0.934998176,2.2938992e-08,4.9866101e-08,1.2676487817,1.6069334338,0.0369036137,0.0410079249
69550,0.1539336515,0.043940519,28.358742935,0.0,0.5962086383,0.3649701207,0.1050088186,0.0426781601,0.2762014843,0.0097388618,0.0272201195,-0.005487913,-0.091887239,0.0479780919,0.0054879132,41,-0.000854225,0.5,0.1173021024,-0.128939533,0.0480962316,0.3073864591,0.0265263502,0.0142207371,0.1067649687,0.2435035061,0,1.2791714571,-0.154305415,0.9679212922,0.0194814855,19.906137184,3.4029534935,0.1188008181,0.0,0.0,0,0.0,0,0.0,1.3292465167,7.0,47.649918403,-0.041960606,0.2913767599,-8.666469024,0.3211080146,0.5654320037,-8.709373892,15603.954553,0.0248274717,16.869652582,0.0074666702,0.0188026989,0.0447956187,0.0308729103,0.0325334835,-0.03222079,2.0,-0.003561093,0.3132105044,0.021921711,6.0,17.711206602,0.3358617454,2.5005297999,0,-0.25352422,0.0527003929,0.0262453686,0.0320411861,0.4366003668,5.6175751442,7.999016e-11,8.7302902e-09,1.0248404849,1.0502980194,0.2304703156,0.045158013
59408,1.1914578736,0.0256881894,-5.042518876,0.012256769,9.8918557322,0.5059026591,0.0316493476,0.0010755026,0.0389920814,-0.007106058,-0.004559828,-0.01041455,-4.532588454,0.1421221799,0.0104145496,40,0.0007359501,-0.076004576,-0.064072687,-0.015947127,0.0240895511,0.2509702458,-0.020159029,0.000533708,0.0220167508,0.4611879618,0,1.0889157199,-0.029608922,1.0768211944,-0.031141817,0.2816655915,0.1097855525,0.0039430116,0.0,0.0,0,,0,0.0,0.3737330908,4.0,-0.073960824,-0.000401013,-0.11975461,0.2712349727,0.4565553321,,0.0625845387,98593.130203,0.0286434127,18.593941823,0.0004544142,0.0021493378,0.0183542015,-0.002215965,0.1781657831,-0.002277391,0.0,-0.001283697,0.2980532277,0.0428982037,3.0,18.734862128,-0.186347407,2.5997532171,0,0.0654744878,0.039186094,0.0183279327,0.0238598798,0.2966497064,2.7857155738,1.055069e-11,1.0627697e-08,1.2230320204,1.495807323,0.0720418376,0.0255972028
84372,0.3808260689,0.036841004,-0.434434442,0.0,1.3655596454,1.3415417533,0.0720039658,0.0615441539,0.2548100641,0.0120048019,0.0630644906,-0.040921328,-1.889502762,0.1064521828,0.0409213281,35,-0.014478014,0.0307167235,0.076433121,0.0278894317,-0.006521158,0.6868686869,0.2527345999,-0.017636902,0.0576596947,0.2431350064,0,1.4917874396,-0.353295189,1.1685990338,-0.380632634,12.898238748,4.6944444444,0.0695852535,0.0,0.0,1,0.3588709677,0,0.0,1.0655737705,5.0,-10.17268708,0.0443068378,-2.410749425,4.1588488382,-0.797457761,0.2958268407,1.1010244608,678.58244162,0.0288563477,15.097624545,0.0040650407,0.0126456732,0.0639899624,-0.008796383,0.0384176493,0.0049634889,1.0,0.0035164835,0.7981368039,0.0224254839,4.0,16.419727831,0.1242212553,3.1737288136,0,-0.111549313,0.0221927818,0.0174468121,0.0224408902,0.46667468,6.0584143563,3.110405e-10,9.8886529e-09,1.6420145189,2.6962116803,0.0028086152,0.0380130006
13303,0.5662303833,0.0680822864,-1.073236235,0.0,0.5955808507,0.2480814455,-0.096875114,-0.269845806,0.0522698939,0.0,-0.213117445,0.0083382283,0.1735850381,0.0562642201,0.0083382283,40,0.0061150379,0.0513833992,0.1282090282,0.2576296452,0.0328974044,0.1072833472,0.1160394022,0.0093332847,-0.333046317,0.2203650486,0,4.3867706176,-0.008982921,3.7020343525,-0.008165398,1.3564887989,11.2193172,0.1133963804,0.0,1.0,0,,0,0.0,0.1008723057,5.0,8.0098576079,0.0532730252,-0.086822297,0.2006169767,-0.764112534,-0.84502147,0.0485731772,-4032.414619,0.0410566741,11.914947564,-0.013659741,0.0021677563,0.0047012254,0.000226684,0.2476784701,-0.00154067,1.0,-0.02006689,-0.540994269,-0.130425316,2.0,9.3012737104,0.4061147566,0.1153235302,0,-0.131569503,0.1302520633,0.0564291545,0.0846482062,0.7550650744,0.7452332166,6.4251298e-07,1.2346814e-07,1.9371324539,3.7524821439,0.0160004511,0.0509021575
90377,0.4482245328,-0.077687892,2.1118539339,0.0,0.1090970878,0.4155346024,-0.070422333,-0.15065783,0.3240410297,0.0117687046,-0.212076955,-0.125426379,-0.979593804,-0.001585314,0.1254263789,31,-0.018120847,-0.020522388,0.1533951922,0.3224688657,0.0502027841,0.1967843975,0.062393881,0.0044134321,-0.134231554,0.6694281791,0,4.1318779122,0.0604461607,3.1628972305,0.0369172233,1.9823610681,6.3719995406,-0.430637354,0.0,0.0,0,,0,1.0,0.408828536,4.0,-10.1237593,0.1323371109,-0.10308454,0.4208663897,-1.046636566,0.1809489431,0.0716079282,-2713.553423,0.0318276958,12.984861036,-0.062299301,0.0035326075,0.0044344696,0.0631803928,0.3538823096,-0.011798795,0.0,0.1004399255,0.8598694595,0.1516264342,3.0,12.309708084,0.1804911864,0.8321242674,0,-0.095378135,0.1340534091,0.0329362281,0.0352594415,0.8443156255,7.0701706103,8.0060198e-09,1.7876872e-08,1.1931806198,1.4236799916,0.0629554567,0.0380915842
55993,0.4279173957,0.0445823968,22.480042626,0.0,0.1705357194,0.7155451686,0.0843183232,0.0264030049,0.4356416893,-0.023327669,-0.055017336,0.0149220022,0.1977296182,0.0357671365,0.0149220022,34,0.0204671303,0.0191146881,0.0454411013,-0.011475198,0.0396217917,0.249759384,-0.075297336,0.030332681,0.0628999817,0.4765745499,0,4.7729248383,0.0336733354,2.3604367645,0.0273835475,33.146632566,4.3215516283,0.3356665356,0.0,0.0,1,1.0,0,0.0,0.6260056683,7.0,45.106357202,0.0638108151,-0.100844243,8.7216070403,-1.041344256,-1.072948145,0.3116945724,-5100.375436,0.0587429544,11.620944604,-0.001293165,0.0048433968,0.0067736109,0.0070913016,0.0442475085,-0.002928385,0.0,-0.003305785,-0.014560234,-0.077049116,6.0,10.050559667,-0.375299065,0.1754404642,0,-0.101630079,0.018025754,0.0122767512,0.0171127891,0.7705912171,0.2540623596,3.0238623e-07,2.2764307e-07,1.0355299834,1.0723223465,0.0710342882,0.0397301651
78900,-0.240298492,0.0469421989,5.0232644826,0.0,0.5799044229,0.3975506465,0.7522343595,0.5082568807,0.5952436092,0.0272199911,5.2346570397,-0.022471431,-0.135179014,0.053287799,0.0224714313,36,-0.001775556,0.0857142857,0.2427525329,0.0285124715,0.1768243216,0.1353570271,0.0493971765,-0.007945132,-2.364740187,0.8347850849,0,6.1299025731,0.3308653465,6.0614539096,0.3441735072,1.694685726,10.433940415,0.1652424559,0.0,0.0,1,1.0,0,0.0,0.7426020001,5.0,24.410679849,-0.101047196,-0.000832907,-0.434694675,-0.943211215,0.514406868,0.0566237787,-10708.19821,0.0457936334,12.131864661,-0.011893157,0.0332605115,-0.045399458,0.0103723477,0.7259899085,-0.016489384,2.0,-0.005978795,0.1465500407,0.0069934651,4.0,13.220074274,0.1488182318,1.8014541387,0,0.0957318355,0.0373236984,0.0195730264,0.0313608878,0.3063333072,1.3266045397,1.6256553e-08,1.9653555e-08,0.2909890114,0.0846746048,-0.147341902,0.0457350634
25590,0.4790530062,-0.089741313,-3.434292405,0.0311574614,1.106123467,0.4164876107,0.0743018601,-0.005557899,0.125141162,0.0051926756,0.0803400114,-0.183459488,-3.249655401,0.2018870295,0.1834594877,41,-0.000382837,0.0572139303,-0.166660909,0.116398191,0.0512353089,0.0630466279,-0.0565387,0.1502996396,-0.159806578,0.4612621996,0,1.1498655131,0.4949604697,1.0049199803,0.5898121668,15.501540547,14.003284294,-0.00960934,0.0,0.0,0,,0,0.0,0.3060439718,4.0,-0.224774626,0.0060906037,-2.727180435,-53.95238753,-0.248667615,0.5799646278,-9.223719573,-2190.909909,0.0244389518,15.364315911,-0.028118595,-0.027244128,-0.083521629,-0.015506356,0.0169492158,-0.185127245,1.0,0.0004001601,0.6596002216,-0.063598573,4.0,15.77726658,0.2477146748,1.3595337611,0,0.080304809,0.0349335894,0.0167146381,0.0235268407,0.3353638756,2.9705529132,5.697245e-10,1.6627856e-08,0.9501390752,0.9027642621,-0.023488345,0.0266819719
52337,0.1305913577,0.0068204396,-7.569865596,0.0,3.4011927352,3.3329883395,0.0630563372,0.1246745195,0.121016739,0.0157134008,0.1299566811,-0.038108021,-19.20588235,0.1378129997,0.0381080214,41,0.0008170173,0.0508914194,0.4965771933,0.1196730164,-0.042031739,0.1097892151,0.5493373449,0.0394296342,-0.137748344,0.3574531172,0,1.3187028236,0.0407444387,1.2415431926,0.0543035,86.088082902,5.9296930764,0.0552565707,0.0,0.0,1,0.508593416,0,0.0,1.5536423841,7.0,-355.6479349,0.0953228884,-0.129485567,-2.228824169,-1.119638452,-1.731801171,0.000444706,1948.4114222,0.2277833408,14.961438691,0.0016751386,-0.001230986,-0.03486924,0.1406061759,0.0194191516,0.0873635861,1.0,0.0010834236,0.4280229096,0.071944505,4.0,16.337228592,0.354747405,4.9072612047,0,-0.166303822,0.0926308036,0.0261625117,0.0383378682,0.6868619035,45.634273669,3.329919e-10,3.5799137e-09,1.6650978331,2.7725507939,0.1622713203,0.0483105649
58501,0.2607561056,0.0465708944,20.69029434,0.0,0.2641967628,0.8614824898,0.144614676,0.0902925513,0.3518575365,-0.103695186,0.7643608902,-0.01331949,-0.143922061,0.0532734735,0.0133194902,40,,0.0967098704,0.1478809862,0.0953150147,0.0172943663,1.2207527976,0.3518197066,,-0.213970066,,0,1.3726844718,-0.217757449,,,34.472663503,5.0308817921,0.3047297971,0.0,0.0,1,1.0,0,0.0,0.5063643946,6.0,0.3420065159,0.167870099,0.0716369024,-1.417803063,-0.754905674,-3.39269878,1.3313719855,-584.06655,0.1078503062,12.876262467,-0.00553052,0.0120210271,0.0230222602,-0.002413924,0.04441208,-0.00249206,0.0,-0.001314636,1.1519291533,0.0015090078,5.0,12.534293058,0.1603830445,0.6021055983,0,-0.219751184,0.0494462028,0.0313333716,0.0303961775,0.4988206183,1.0275438075,2.5312316e-08,4.5465511e-08,1.201344883,1.4432295279,0.0231723902,0.0368491077
34497,0.8106432209,0.0659513358,0.3022182689,0.0870666235,0.1318080176,1.0271515151,0.1378812369,-0.038575494,0.2211439752,0.0021732831,-0.132368132,-0.121093563,-1.765154663,0.1823656436,0.1210935628,40,-0.008954539,0.1732283465,-0.018622617,0.1483496435,0.0119569391,0.2283683786,1.2874882238,0.0303298267,-0.021374165,0.5989748651,0,5.2823270544,0.0847780582,3.4509130542,0.0908376415,5.3941031041,5.8557654076,0.8480049164,1.0,0.0,0,,0,0.0,0.2617012127,6.0,-0.046950001,0.0115819752,-0.204530551,-1.166966743,-0.81869068,-2.126818866,0.3181737919,-1586.015773,0.0506976226,13.317173192,0.0040840998,0.0223291589,0.0257115777,-0.007809309,0.1727998674,0.0063066053,0.0,0.0051149093,-0.378525053,-0.016266033,6.0,13.620910948,-0.355332856,1.2573924731,0,-0.060001469,0.0302129295,0.0128105592,0.0206890969,0.3880132797,2.0973325361,3.5950025e-09,2.1965365e-08,0.8882064817,0.7889107541,-0.000717566,0.0270654764
56945,0.4526001367,0.0722274264,1.3025037146,0.119866142,0.2452970096,1.3246768893,0.1593270245,-0.014092339,1.2669235112,0.1534705482,-0.280976757,0.0292322867,0.2900480577,0.0512780017,0.0292322867,36,-0.007426635,-0.045544554,-0.031021222,0.3093667849,0.0012868712,0.0858734394,-0.384272441,0.0786976735,0.1892189741,0.5876374931,0,2.0937850766,-0.033818668,1.3954825675,-0.103081585,5.9819903666,54.421717172,0.3006874441,0.0,0.0,0,,0,1.0,2.6506522008,5.0,47.627748577,-0.102549254,-0.254167795,-8.367802539,2.4159387967,-0.022406545,-8.706073983,-5270.795117,0.0248274717,12.096971914,0.004193644,0.0098698111,0.0150065395,-0.061937681,0.2321908858,-0.0313773,0.0,-0.014166788,0.3762727626,0.0114948838,6.0,10.642907485,-0.101636391,0.2156454227,0,-0.25352422,0.0377969146,0.0208713197,0.0303577556,0.5152101573,0.3698393103,1.2551756e-07,1.2186049e-07,0.9728391695,0.9464160497,0.0512643428,0.0364900572
64450,0.430974403,0.0704536838,14.824052354,0.0303850978,0.869022985,1.0644311202,0.0677917045,0.0570576712,0.098090923,1.0278581251,0.0179892896,-0.063701149,-1.143678161,0.1510300232,0.0637011488,41,-0.035284945,0.0237603306,-0.268624679,-0.084162303,0.4888332386,0.0288493751,0.0305903494,0.0551170633,0.1457203007,0.4040008517,0,1.248592066,0.4467538506,0.8563815639,0.7062623494,554.78632305,17.474478448,0.1095477228,0.0,0.0,0,,0,0.0,0.2894502601,6.0,0.1606024343,-0.301242661,-2.727180435,-53.95238753,-0.260124222,-0.010078949,-9.223719573,-3850.422099,0.0244389518,14.93580878,0.0052450231,0.0013079151,0.0037362727,-0.05980465,0.0014758742,0.0503764846,1.0,0.0006660007,-0.011548454,-0.021618561,4.0,16.035275722,0.0867428808,1.9781759866,0,0.080304809,0.0122801736,0.0118904485,0.0174342398,0.4928074364,7.1590440109,4.696208e-10,1.4061163e-08,0.4411213934,0.1945880837,-0.147233147,0.0276475109
47466,0.3654562991,0.0173050447,-0.187570984,0.0125376415,0.9248636425,0.7992774116,0.0764872198,-0.002362634,0.3671579816,0.0027279761,0.0649512346,-0.017940365,-1.340330881,0.0404995305,0.0179403646,40,0.0,0.0167186172,0.0071631912,-0.044180585,-0.013249581,0.1193451675,0.0848476787,-0.025351091,-0.138308954,0.5149492572,0,1.9118729476,-0.431606662,1.9118729476,-0.431606662,1.9530681748,7.468747943,0.0638852033,0.0,0.0,1,0.5600879805,0,0.0,1.0534991873,5.0,-0.054941382,0.0344486272,0.0179227703,-0.420413315,1.0954131325,0.9687612629,-0.113753113,-146.9225256,0.0943163074,14.534635277,0.0056699576,0.0039789284,0.0111798779,0.0013943619,0.275263108,0.0038722613,0.0,0.0033869602,0.0244098303,0.0435331753,4.0,14.363867445,-0.026478554,0.796731871,0,-0.075760491,0.02481989,0.0112947845,0.0182662979,0.2340479893,0.8287938579,1.3291307e-09,3.0267384e-08,1.0803087687,1.1670670358,0.0185482171,0.0297505526
60986,0.1805569588,0.0363766586,28.371253761,0.0177982311,0.4706730013,0.5585231194,0.1121762218,0.1007298549,0.3915350017,-0.033740129,0.2081507998,-0.040954293,-0.7,0.0618403195,0.0409542931,40,0.003780155,-0.049180328,0.0060606061,-0.123429938,0.011320275,0.275084958,-0.052133823,0.0046460286,-0.106251509,0.2662033198,0,1.2834399958,-0.099020181,0.9087110594,-0.089416129,28.72116349,4.5882070181,0.1194435942,0.0,0.0,0,0.0,0,0.0,1.1161959932,4.0,-0.377691908,-0.044447993,-0.019001907,-0.130586174,-13.17373845,,0.090701186,8733.0621686,0.1187585399,16.850329287,-0.00039375,0.0192561936,0.0752978197,0.0042898057,0.0391822076,0.0040958103,0.0,0.0002518257,0.2016851755,0.0004636841,6.0,17.685571314,-0.039911832,2.8478569969,0,-0.051660395,0.0488254912,0.0158007326,0.0200393,0.5455495758,30.363321213,3.257283e-11,3.3810627e-09,0.9977698518,0.9955446772,-0.042363756,0.0210958116
21207,1.090095421,0.0581440812,-3.639392973,0.0120956665,1.254872352,0.773698249,0.0316433121,0.0061379422,0.1067678889,0.0019932567,0.0108547009,-0.035829308,-1.624087591,0.1525751621,0.0358293076,40,-0.008333333,-0.091813059,-0.123768325,-0.104160482,-2.85675602,0.1013186813,0.002444084,-0.029357131,0.0131150774,0.4529793707,0,2.474522293,0.3910937798,1.5773430391,0.6036808635,2.9450726979,12.153333333,0.1641518256,0.0,0.0,1,0.062962963,1,0.0,0.2228577063,6.0,74.77710871,-0.017040005,-0.156162481,0.2439997714,-1.694781934,1.2121775265,0.3269753015,8680.1345469,0.1121772916,16.736124257,0.0042991919,0.0061245715,0.0141070003,-0.021874822,0.1171636534,0.4792770002,1.0,0.0031113877,0.0074123448,0.0572916343,5.0,17.786887429,1.0646624138,4.0814253393,0,-0.172615822,0.069072172,0.0311444978,0.0376977463,0.3415804533,4.3772548226,1.033901e-10,6.3733496e-09,0.2842765625,0.080813164,0.9773422818,0.0556675804
34673,0.7805514111,0.0986006837,-0.544622584,0.0,0.4925279429,1.3957470956,0.1362999562,0.053391256,0.291833993,-0.036743962,0.018847954,-0.01022258,-0.128643572,0.1112850279,0.0102225805,39,0.00691563,0.1833810888,0.0729693118,-0.11349472,0.190467871,0.1453975671,-0.207217939,0.0932645751,0.0764197476,0.5606831997,0,3.6011591392,-0.010292759,2.466518888,0.0256105191,13.149790716,3.5104080352,0.3074292831,0.0,0.0,0,,1,0.0,0.4670581392,6.0,-1.453884578,-0.162852261,0.0245854984,4.7373718044,-1.96184297,-3.082554645,0.3648125345,-2095.539454,0.1062765098,12.880968495,-0.022849646,-0.004799306,-0.007324105,-0.331397901,0.1417270207,-0.006249091,0.0,-0.009765625,-0.215206112,0.0863914564,5.0,13.82151255,0.2734314819,2.4181963731,0,0.0239123439,0.0857740194,0.0463736094,0.0667647525,0.3095112262,3.5374832984,8.5006722e-09,9.1818396e-09,2.1389483739,4.575100146,-0.018700791,0.0479614952
57534,0.4713117213,0.0463220102,5.0963210262,0.0,0.2949437527,0.7995825338,0.1170506114,0.0260036198,0.52572851,0.005330761,-0.057542263,-0.039697648,-0.648354156,0.076355078,0.0396976482,37,0.0158179322,0.0708333333,0.0805208069,0.0792343397,0.0341634952,0.3128283792,-0.084084008,0.0324947941,0.0909446796,0.3853054178,0,2.8859127765,-0.013814608,1.7794812249,-0.0741261,12.440383192,6.2702047414,0.2649915775,0.0,0.0,1,1.0,0,1.0,0.9016142252,7.0,3.1322887027,0.0933567193,-0.096407197,1.2864661796,-0.265807614,-1.097303765,0.1680038848,-4362.339767,0.0446872923,13.703729475,-0.00055729,0.0119872752,0.019770646,0.0023772997,0.0534386206,0.0069640286,1.0,0.0021818182,0.701301831,0.0527824652,7.0,15.621761581,0.9513211753,3.5384516461,0,-0.153568724,0.0119426446,0.0028555938,0.0045474117,0.4851249728,6.1369011845,2.305607e-10,7.5365718e-09,1.5482093664,2.3969522422,-0.006530586,0.0499392033
61815,0.5969108983,0.070184003,0.7163051479,0.0143952362,0.7069275026,0.2850719263,-0.032101076,0.1482028307,0.1748803584,0.006766195,0.1692484223,-0.108638464,-1.887973641,0.2026895505,0.1086384643,40,-0.000758384,0.0823110408,0.0253690996,0.1204060584,-0.128502259,0.0969519925,-0.027697652,0.175796762,0.1242378049,0.512556866,0,1.2192704203,0.0936542797,1.1776367962,0.1076407135,4.168216399,5.7537922987,0.2620999736,0.0,0.0,1,0.0565295756,0,0.0,0.3385235192,5.0,0.8269988686,-0.097606245,-0.105169719,1.7336029278,-1.873092011,0.0697121442,-0.159926546,14797.25562,0.0279332649,16.566422212,-0.006277731,-0.012431122,-0.025158355,-0.034210822,0.0395917581,3.3069172604,0.0,-0.002982107,0.1903115244,0.0997391958,6.0,17.346078714,0.2942121148,2.4169785905,0,-0.500704589,0.0543445051,0.025934778,0.036692621,0.2702878175,2.1454872111,1.663503e-10,1.0215844e-08,1.7609207028,3.1008417217,-0.036220402,0.0383956605
64311,0.3672506821,0.0591957901,10.019718808,0.0203337539,0.6166129481,0.3440459323,0.106607165,0.0233352831,0.1393344211,-0.00206554,-0.017033123,-0.025926602,-0.426,0.0844131967,0.0259266022,40,0.0003955937,-0.020629173,0.0337038684,0.0034304309,0.0508875527,0.0343395681,-0.001115946,0.0458393621,0.0991230401,0.5015705605,0,1.5606741573,0.1698711976,1.4280898876,0.1541890572,11.94655704,11.018009479,0.1404335308,0.0,0.0,1,0.022055628,0,0.0,0.3498981309,8.0,-0.015185583,-0.005131711,-0.039690607,-0.095624048,-0.070506266,0.340073555,0.0046006329,595.72424333,0.198460221,17.098260359,-0.001837017,0.0135694986,0.0374265132,-0.013590085,0.0129149641,0.122091701,2.0,0.0015706806,0.4543085661,0.0120927892,2.0,17.356616067,0.3373846141,1.3636281664,0,-0.223194636,0.1052886918,0.027052512,0.022456334,0.4812133579,4.1053041402,7.252012e-11,1.34833e-08,1.000316521,1.0006331422,0.0807902749,0.0275534083
28118,0.4924073788,-0.088755991,-2.447360759,0.018057157,1.3017126241,2.0881152007,-0.243267055,-0.048689065,0.1312231776,-0.080802948,0.0915115117,-0.073290578,-1.5194134,0.0461010512,0.0732905783,40,0.0075129265,-0.024390244,-0.038474652,-0.217467646,-0.52609348,0.1856129889,0.5375835535,-0.067223405,-0.289831419,0.4931964115,0,1.8286130493,-0.056065575,1.0810818239,-0.0701435,14.668880347,4.9576918186,-0.015843588,0.0,0.0,1,0.3291838835,0,1.0,0.3305091007,3.0,0.2088859071,-0.01394268,-0.137200837,-1.513571566,0.2957289593,0.1546008302,0.1277436453,-441.7083611,0.1505232955,12.66252893,-0.001487047,0.0048219294,0.0163513696,0.0534068311,0.0168588493,0.1037913182,1.0,-0.013995765,0.0649595053,0.0354586809,7.0,12.826231221,0.4189710819,1.013124843,0,-0.500704589,0.0248781219,0.0110837211,0.0212395326,0.3934925745,2.0208979221,6.8376095e-09,2.1293652e-08,0.8255062079,0.6814604993,0.1897061733,0.0384184958
44206,0.5880846491,0.0483082448,-108.7003033,0.0292662566,1.1580119585,0.4563447021,0.0541659692,0.0713221695,0.0808585206,0.0052835718,0.0896999913,-0.028343833,-0.99558414,0.0964031673,0.0283438328,40,0.0016129292,-0.051626998,0.0603533335,-0.018133257,-0.010220917,0.0329627097,-0.051439859,0.0555371893,0.0380050914,0.3683873904,0,0.8590101203,0.3482277415,0.7474525273,0.372559512,200.03245226,7.2482230195,0.0761374818,0.0,0.0,0,,0,0.0,0.1955568355,5.0,-0.758202798,-0.079089216,-0.310702207,9.308303362,-11.42957903,-0.398800922,0.0053926782,9222.7005606,0.0257826007,16.700487939,0.0006292189,0.007895565,0.0228147807,0.0025269896,0.0051748274,0.0285768865,1.0,-0.00019755,-0.102161943,0.0135541508,3.0,16.955916948,0.0639276905,1.238041195,0,0.080304809,0.0124638481,0.0101225602,0.0151647517,0.188521423,1.1184515667,7.168544e-11,1.8406755e-08,0.2780570821,0.0773157409,-0.065927351,0.022582023
38762,0.4606270797,0.0395858972,-65.68808072,0.0239812813,1.3941963542,0.4826540543,0.0458937782,0.0976608884,0.0803967529,0.0075268749,0.1147292647,-0.033202722,-1.486527228,0.0984314113,0.0332027222,40,0.0048610907,0.0595729621,0.1437611581,0.0798319476,-0.06274264,0.0386747742,-0.058942858,0.0903420603,0.0490435905,0.3831847038,0,0.6236567296,-0.081960657,0.4679258641,-0.103414778,128.64015905,6.0467246052,0.0640865467,0.0,0.0,0,,0,0.0,0.2326810043,5.0,-0.761163192,-0.069665422,-0.199502247,9.1808457925,-11.45140975,-0.438707018,0.0074209222,5664.0599406,0.0257826007,15.801135299,0.0002741448,0.0005779692,0.0022748582,-0.003554676,0.003494392,-6.284153887,1.0,0.0010781671,-0.0074957,0.0104679228,3.0,16.271635069,-0.048237048,1.7755050631,0,0.080304809,0.0159263723,0.014687055,0.0186584882,0.35296623,3.4987358838,1.528095e-10,1.2252537e-08,0.5145980756,0.2648111794,0.1771274281,0.0225843777
23931,0.5622878851,0.0562209607,-91.60286202,0.0334874692,1.4721736207,0.643299595,0.048389762,0.0899622473,0.0875079518,0.0155852136,0.0986733789,-0.045914836,-1.592946678,0.1457779532,0.0459148356,40,0.0005826541,0.0094983162,0.0706567578,-0.015698463,-0.020484712,0.035436519,-0.053365979,0.098210071,0.0677958802,0.4573595374,0,0.8277306676,-0.060005448,0.6808071086,-0.058108524,146.79598784,7.5152090228,0.079880721,0.0,0.0,0,,0,0.0,0.2509491478,4.0,-0.75588781,-0.093510001,-0.249576893,9.2825065979,-11.59019725,-0.669255783,0.0547674641,10423.699761,0.0257826007,16.827773345,0.0012176417,0.0114428932,0.0415288985,0.0017539489,0.0106340319,-0.037835371,2.0,0.0011296244,0.0888928163,-0.029859638,6.0,17.218045118,0.0719576819,1.5499386754,0,0.080304809,0.0132687036,0.0122381471,0.0152846265,0.334465818,2.8556396575,5.139394e-11,1.4599743e-08,0.2033147877,0.0413369029,0.4886837548,0.0199429932
58246,0.5124040963,0.051606576,-2.499741863,0.0204188621,6.452258698,0.2868684836,0.0479446904,0.0679881842,0.0420137294,-0.016563993,0.0679989436,-0.001166779,-0.152993348,0.0595020389,0.0011667789,40,4.41535e-05,0.0405405405,0.0545675493,-0.023275199,0.0169017202,0.2478055368,0.0025853641,-9.5194e-05,0.0187563195,0.5375934541,0,0.7472448406,-0.034986512,0.7470619346,-0.035046388,0.1238775774,0.1438361404,0.0093816353,0.0,0.0,0,,0,0.0,0.5466632963,6.0,-0.003339368,0.001204378,-0.003209493,-0.407818805,-0.87874612,,-0.020035602,10232.070578,0.0286434127,16.601625977,0.0001700348,0.0019559307,0.0268135737,0.0043718398,0.3494181434,-0.007513751,0.0,-0.000146714,0.9139463797,-0.002120484,4.0,16.702139946,0.0485449783,1.3890344957,0,0.0654744878,0.0519841164,0.01804698,0.0229800332,0.3721189145,2.1102140487,1.483821e-10,1.5963112e-08,0.9964250705,0.9928629211,0.0660653392,0.0208100337
24766,0.2467574275,0.070565462,2.2452220295,0.0197133093,0.6595091051,0.8152715338,0.136421683,0.0072400591,0.2269815397,-0.085795431,0.2268891568,-0.019791136,-0.253262446,0.0884370435,0.0197911355,40,0.0016618511,-0.015313936,-0.030696241,-0.075761418,0.0501037998,0.1544633902,-0.124395408,0.0190667526,-0.31873823,0.2963777284,0,1.3890020367,-0.148709228,1.2630685675,-0.16442051,6.1879368367,8.5188880969,0.1442247422,0.0,0.0,1,0.0055696203,0,1.0,0.5372881356,6.0,-10.02742629,-0.029021137,-0.097876087,0.2193992843,-0.52353289,0.1627897219,0.161630286,26206.187797,0.0318276958,17.432357576,-0.000319451,0.0210166178,0.0836169178,-0.000164802,0.0539097054,-0.008859399,0.0,0.0033142513,1.2889953595,0.0542795843,6.0,17.676764172,-0.123053495,1.2859726317,0,-0.095378135,0.0168492049,0.0070888888,0.0126901419,0.2910320782,1.6134308209,3.064696e-11,1.9573706e-08,0.8259817556,0.6822458606,0.0224885009,0.0196857944
58318,0.6826151111,0.0881386479,-2.829669594,0.0074186198,1.3234069024,2.4872454188,0.0831148691,-0.093120382,0.2479079658,-0.040946315,-0.088823805,-0.024340738,-0.585714286,0.1397627131,0.0243407382,38,-0.02443701,-0.004878049,0.0317476002,0.1181154415,-0.029892886,0.1941492851,0.1803733457,-0.032248688,-0.084105749,0.4153034413,0,2.0426023979,-0.032017268,1.1534903536,-0.018149831,15.284190715,6.7276325479,0.0997928134,0.0,0.0,1,0.002383426,1,1.0,0.6821606319,6.0,7.1402039193,0.1190464778,-0.143083745,0.3170017046,-0.586929651,-0.398222735,0.1320716702,-1512.459019,0.0410566741,14.774396278,-0.000333879,0.0050441992,0.0158224543,-0.286936026,0.0512170644,0.0149783968,0.0,-0.002787068,-0.007078158,0.0719854143,4.0,16.112991517,0.4634908556,3.4698717949,0,-0.131569503,0.0181975774,0.0144670914,0.0278584933,0.3194121372,3.9875338251,4.166215e-10,8.1406288e-09,2.2711691894,5.1582094867,0.0134665473,0.0571431693
58334,0.5635967728,0.0431092356,-113.4647997,0.0367932757,1.6876033257,0.5676754477,0.046158111,0.0316515708,0.0747777365,0.0077192982,0.0354139788,-0.05201085,-2.674384925,0.1583999255,0.0520108498,40,0.0054795873,0.0027752081,-0.005975409,0.0994704149,0.0220146679,0.0428192247,0.0082873935,0.019953139,0.0205473804,0.372991254,0,0.772373831,0.0115856131,0.5639164057,-0.020370866,81.065030417,6.09464404,0.0610561381,0.0,0.0,0,,0,0.0,0.2362037687,6.0,-0.758327917,-0.100221993,-0.256300001,9.2838154857,-11.66601264,0.2232129726,0.0673894364,-6380.757999,0.0257826007,14.164044929,0.0007725362,-0.002280108,-0.008604002,0.0048640766,0.0017549897,0.1308962293,0.0,0.0019633508,0.5736910905,-0.004892818,3.0,14.447818897,0.0544855616,1.2319014537,0,0.080304809,0.0195762105,0.0122946565,0.0158982733,0.3170741208,1.8150992465,1.107069e-09,1.711411e-08,0.3268430833,0.1068264011,0.2460567765,0.0207012782
90458,0.5567189475,0.045465527,-12.57858828,0.0244943332,1.3170935893,0.4539029487,0.0332174433,0.3387873258,0.0812309233,0.2108659182,0.30230687,-0.029773271,-1.071814461,0.0941961363,0.0297732715,40,-0.000118538,0.0743469524,0.0436060385,0.1089756794,0.0195580119,0.0329365983,-0.214722325,0.3320480935,0.4338081054,0.4438294092,0,0.5709327641,-0.175346221,0.481288095,-0.159141104,24.085698865,7.3701392839,0.0791043158,0.0,0.0,0,,0,0.0,0.2131933597,4.0,-0.737646193,-0.131067487,-0.184728257,9.2769376604,-11.35718983,-0.602312753,0.0031856472,-5087.778899,0.0257826007,14.825572063,0.0064078705,0.0047030989,0.0156911201,0.0082200904,0.0054963842,-0.528031418,0.0,-0.00092885,0.3487638413,-0.02017465,5.0,15.499042117,0.0068252382,1.5229676858,0,0.080304809,0.0099132499,0.0131735477,0.0165771943,0.4495010503,3.3442785781,4.106384e-10,1.4086916e-08,0.4092198245,0.1674608647,0.167302056,0.0212154006
38703,0.5875736045,0.0813474436,-4.485372479,0.0294914031,5.2988314202,0.3117854136,0.0447369196,0.1048712685,0.0543229765,-0.016513469,0.1075849903,0.0034397683,0.239753654,0.0618440967,0.0034397683,40,0.0012656456,-0.001510004,0.0034404842,-0.044550572,0.0147377633,,,0.0014983481,0.0739384169,0.5347467328,0,0.9832544445,-0.002813101,0.9636817283,-0.003146698,0.3205984466,0.1039386897,,0.0,0.0,0,,0,0.0,0.5349153635,3.0,0.0001543436,-0.003204505,-0.045260038,-0.332649296,,,-0.017693544,98593.130203,0.0286434127,18.593941823,9.04173e-05,0.0033685591,0.0305763935,0.0023902092,0.1540514999,-0.000106327,1.0,0.0,0.0588567575,0.0100323786,3.0,18.734862128,-0.059243622,0.8179385606,0,0.0654744878,0.0263763517,0.0129483464,0.0162368861,0.2536588185,0.9463107432,1.118881e-11,2.7957789e-08,0.8232129484,0.6776795584,0.0341980103,0.0156991053
34817,0.4966888777,0.0456237255,3.9267581822,0.0304291089,0.4818849039,1.3486946616,0.095882589,0.0271417693,0.1730513732,0.0022146968,0.0339783121,-0.040815582,-0.880951781,0.0858160277,0.0408155822,40,0.0090477984,0.0582959641,0.1077624419,-0.029985305,0.1941506801,0.1370031124,0.1039638804,0.0690463369,0.0165713874,0.4466050231,0,3.0708178566,-0.060932434,1.7622739511,-0.091997687,18.774410574,9.9304384609,0.193931109,0.0,0.0,1,0.0047927698,0,0.0,0.3209436487,7.0,-0.190659567,0.0496623765,0.0603611559,-0.382285327,-0.71864114,-0.945152715,-0.015542989,13165.35287,0.0979159386,16.577184057,-0.002791412,0.0150732235,0.0296481929,-0.123013763,0.1306807153,-0.033131742,2.0,0.0055925433,-0.106140652,0.0640108287,6.0,17.241668598,0.3154824504,1.7903357878,0,-0.200344257,0.0222177804,0.0114347175,0.019083218,0.2488677541,2.4631387053,8.216937e-11,1.2163512e-08,1.1248712389,1.2653353042,-0.000217723,0.0250864766
58836,1.1047356701,0.0263806773,-1.6302812,0.0,0.8989212467,0.8883596821,0.0698076272,0.5197067649,0.1070529475,-0.7115727,0.1135745006,0.0733108999,4.6160040262,-0.095392635,0.0733108999,36,0.0,0.0501567398,-0.068039528,0.7390248413,0.0606169057,4.743872549,2.4859950082,-0.051160051,1.2087757486,0.133709166,0,11.849078014,-0.363738247,11.849078014,-0.363738247,3.6965637258,24.042939274,0.0556928141,0.0,0.0,1,1.0,0,0.0,0.2027500531,3.0,6.0504368196,-0.416875071,-0.102327864,-53.10113142,-2.212253228,1.4994626686,-1.358010351,-2191.150388,0.0207317787,12.121406973,-0.009518372,0.0154524955,0.0279972174,-0.182998462,0.0899626662,,0.0,0.0018259282,-0.250006979,0.028216396,2.0,12.818145336,-0.057381699,1.4686370647,0,-0.142502855,0.0160642415,0.008103523,0.019112075,0.356257427,1.9838492358,8.1702359e-09,2.0331984e-08,0.6037813092,0.3645518693,0.4814765116,0.0444666658
34833,0.5627787544,-0.002318148,1.626223061,0.0362532611,0.3428927449,0.310889422,-0.036387278,-0.189853549,0.0739167375,-0.031891064,-0.183000268,-0.178390161,-33.80952381,0.1781754413,0.1783901609,40,-0.002354776,-0.093023256,-0.210304641,0.0484193631,-0.471744417,0.1072489303,0.0031405056,-0.211468399,-0.189375319,0.5802855365,0,1.6827996118,0.2534427207,1.5551916545,0.2957113913,2.4733606557,4.5915359011,0.1738194254,0.0,0.0,0,0.0,0,0.0,0.1172378612,4.0,0.5197904709,-0.131435678,-0.280504016,1.6994707839,-2.119034073,0.5354687929,-0.184440655,59618.41629,0.0279332649,17.885233631,-0.015997763,-0.047931726,-0.078253558,-0.035391128,0.0860867656,0.2044833735,0.0,-0.000907029,0.1113504518,0.0353858825,5.0,18.023588578,0.10133351,1.2495933395,0,-0.500704589,0.0400475338,0.0169014226,0.0228324086,0.2216004324,1.0622055814,5.056173e-11,2.0364538e-08,0.9472283954,0.897241633,0.0743807161,0.0233994034
72611,0.4971795386,0.050829857,5.5511851126,0.0109204771,0.0979864626,0.8420432411,0.1445235932,0.078091984,0.5832396709,0.0281430219,-0.005791992,0.0113363477,0.1279296875,0.0443272093,0.0113363477,34,0.032105229,0.0789473684,0.0374277589,-0.086814665,0.074130805,0.162961531,0.0647652525,0.0655936699,0.1102366569,0.5940658882,0,5.9059372915,-0.039311644,3.2008005337,-0.038804158,11.07639569,6.0964959569,0.7301426948,1.0,0.0,1,1.0,0,0.0,0.7166214044,5.0,47.635486944,-0.073614906,-0.129675872,-8.323223137,0.9687273219,0.9154700227,-8.713024775,-5507.074677,0.0248274717,9.9603946442,-0.011480634,0.0121754922,0.0146591135,0.0172080767,0.0358887564,-0.014686443,2.0,-0.02583336,4.7128703872,-0.140933457,5.0,7.8379646622,0.0636691132,0.0647130647,0,-0.25352422,0.0681363419,0.0312582692,0.0451009451,1.342136437,0.2733909973,3.25001e-05,1.0000005133,0.009073669,8.23315e-05,0.7759602429,0.081840109
58975,0.2829552647,0.073115639,7.1893171107,0.0187329283,0.3164911018,0.6246967808,0.203753862,0.1224871344,0.3480837462,-0.079336765,0.7087359224,-0.088380758,-0.685064518,0.1232045691,0.0883807584,39,-0.019939457,0.0163934426,0.1133565093,0.1009612448,0.0118971682,0.1759650243,0.034672916,0.068307176,-0.188809067,0.5385741514,0,2.5231286176,0.2799613056,1.9700914543,0.444730289,8.4966451056,4.7016388051,0.4478233606,0.0,0.0,0,0.0,0,0.0,0.5302626943,6.0,0.7734275092,-0.085374213,-0.171087317,1.4196472942,-2.095817005,0.3654783016,-0.239411528,3358.1071596,0.0279332649,15.094748285,-0.007496487,0.0197613609,0.0428860868,-0.059707262,0.0792704853,-0.048683786,1.0,0.0015274949,0.5217344598,-0.05453872,5.0,16.448666361,0.1149160118,4.3935651642,0,-0.500704589,0.0658259988,0.0320936629,0.0466374512,0.3423157389,5.3743947298,5.301907e-10,6.2032707e-09,1.5289769475,2.337770506,-0.037099435,0.0326690179
67029,0.9488028247,-0.021648464,-0.530211739,0.0,0.2485928499,1.2248419255,-0.042242814,0.0003540725,0.4089254606,-0.011498109,0.117938553,-0.068734556,-3.801096319,0.0606394315,0.0687345563,34,-0.014599367,0.0714285714,0.0589640617,0.1369460845,0.016460551,0.5638190955,-0.419277601,-0.008653533,-0.026474169,0.4980045305,0,3.2598315635,-0.039143336,2.723178323,-0.008147924,3.2899685807,6.3455998595,-0.011158706,0.0,0.0,0,,0,1.0,0.5022264742,4.0,0.7801747644,0.0858583027,-0.052941731,0.6133643998,-0.128036833,0.2383944448,0.0280471039,-2095.933819,0.0772902197,11.287584755,-0.000282091,-0.006541185,-0.008145272,0.025719576,0.281962275,-0.01261321,0.0,-0.004065041,-0.154291377,-0.068048325,4.0,9.6678563776,-0.308441605,0.1760870921,0,-0.045482084,0.0462624617,0.0192876448,0.0392427282,0.6788932473,0.2930040812,5.9827638e-07,2.5858264e-07,0.3597766721,0.1294392538,-2.532741672,0.0450479474
59089,0.8495467754,0.0444402482,-4.686679277,0.0237636715,0.8359358291,0.9798305061,0.0702041159,-0.049300862,0.1623232145,-0.024364288,-0.020796128,-0.050965933,-2.003867141,0.1334926013,0.0509659334,40,0.0029283553,0.1662951404,0.1132540959,0.2437833066,0.0324848178,0.052984538,0.2600363065,-0.03430847,-0.078037799,0.4716002464,0,1.466303913,-0.069700559,1.1279890392,-0.115934458,17.846763198,7.1869282107,0.1239231612,0.0,0.0,1,0.3618090274,1,0.0,0.2902893986,5.0,-0.048329345,0.0862006901,0.1453751739,0.3111305827,-0.803506312,0.0624582838,0.000152158,-4394.432228,0.0725156293,13.593740866,-0.002666547,-0.013053664,-0.026363386,-0.027576513,0.0435297521,-0.022595911,0.0,-0.018348624,0.9397208656,-0.164248488,4.0,14.951019147,0.1026479442,5.2470314674,0,0.0348146487,0.085805133,0.0370803227,0.0574204525,0.2501752628,5.0036369533,2.7535357e-09,6.3697024e-09,2.4650742543,6.076591079,0.0118165341,0.0477524605
23026,0.7564496482,0.0129729287,-183.1412575,0.0367870843,2.4206388743,0.9165709143,0.0198928551,0.0345470411,0.0494804062,0.0059097674,0.0534071934,-0.048737694,-11.7370892,0.1652373507,0.0487376937,40,0.00126718,-0.012504761,0.01,0.0824713243,-0.432720963,0.0344297571,-0.329315592,0.0687371093,-0.021430823,0.4015601925,0,0.696996943,0.3694277473,0.5500809207,0.3400216878,177.04705882,8.4592467678,0.0373033186,0.0,0.0,0,,0,0.0,0.1120390797,5.0,-0.767421495,-0.089892791,-0.27157997,9.4766683611,-11.30296343,,0.0742268616,8676.5763706,0.0257826007,16.443172069,0.0014446353,0.0074521272,0.0315243416,0.0181194365,0.0016330251,-0.09244981,1.0,0.002874481,-0.053923336,0.00045961,4.0,17.147655407,0.1804042501,2.2417253731,0,0.080304809,0.0482698418,0.0266669087,0.0205441101,0.464036896,8.9474249957,6.589906e-11,7.4768589e-09,0.3604231264,0.12990483,0.1666546274,0.0286171221
24440,0.4585911059,0.0559457403,54.947636364,0.0267572729,0.8881492278,0.3467420299,0.0371968957,0.0430337066,0.0895705387,0.004534005,0.030471005,-0.034914936,-0.823143002,0.1019970848,0.0349149364,40,-0.001896852,0.0183542368,-0.144575792,-0.142180583,0.1062589142,0.0403157638,-0.095126038,0.0470294591,0.068255902,0.4191505699,0,1.2311180883,0.9386653685,0.9914529915,1.0101043226,446.01818182,9.8163265306,0.1093934254,0.0,0.0,0,,0,0.0,0.2197491028,5.0,-0.730221188,-0.125798284,-0.240720973,9.1788098188,-11.95575431,-0.532027049,0.0109865958,-667.5175994,0.0257826007,15.592018006,-0.003624758,0.0115910607,0.0338405356,-0.006387409,0.0045020691,0.0116270621,2.0,-0.013888889,1.1298549545,-0.084045004,4.0,16.112537528,0.1702963736,1.5670916332,0,0.080304809,0.0250440594,0.014340248,0.017837267,0.3544408468,2.1339510702,3.534382e-10,1.6058159e-08,0.5418185436,0.2935673342,-0.028160424,0.0241777735
13610,0.5749552598,0.059577916,-1.078668224,0.0357467496,0.9559702179,1.2716764318,0.0892966862,-0.037389846,0.1880552285,-0.025188917,-0.009989423,-0.019705508,-0.516190476,0.0903314688,0.0197055081,40,0.0085802581,-0.048780488,-0.108866799,-0.118441267,-0.020756715,0.1494092374,0.0908089038,0.0137000963,-0.079738443,0.3978244691,0,2.1607095579,0.0483261636,1.6044479746,0.0006313891,8.7274143302,7.8721461187,0.144156381,0.0,0.0,1,0.0628510703,0,1.0,0.447370811,4.0,47.595632829,-0.115915939,-0.257403728,-8.245447416,0.1395931796,0.4223737217,-8.667020515,-3784.967957,0.0248274717,15.095933457,-0.003922993,0.0021842953,0.0056057007,-0.045996185,0.0937684584,0.0048674033,0.0,-0.00297442,-0.294734651,0.068817066,5.0,16.28262312,0.5011377208,4.6592532042,0,-0.25352422,0.0667420998,0.0259008732,0.0357579554,0.4456218566,10.863870178,3.190307e-10,4.3880076e-09,1.4032849253,1.9692085815,0.0358852711,0.0371570947
25232,0.0570858932,0.0308236732,13.081969886,0.0427884615,1.0893070912,1.1757304952,0.0890166223,-0.135704652,0.0808499964,0.0082422236,-0.121571688,-0.058517663,-3.021125131,0.1239458469,0.0585176631,40,,0.177477945,-0.164875208,0.3540252822,0.2668017335,0.0252677892,-0.191599031,,-0.746726802,,0,0.5464278773,-0.378525936,,,70.568542694,16.358402616,0.0508585407,0.0,0.0,0,,0,0.0,0.4365889871,5.0,-0.748443148,-0.219074028,-0.081597265,8.7773046061,-11.74203064,-0.37898,0.0329353578,2630.1227806,0.0257826007,15.843001599,3.0743e-05,0.0054958795,0.1662138556,-0.181224691,0.0024742238,-0.130823725,2.0,0.000621118,-0.028009879,-0.010411165,4.0,16.884930872,0.3811556352,3.4517201717,0,0.080304809,0.0765390769,0.0280564399,0.0388156295,0.3500176071,3.5356508115,2.492056e-10,7.8355185e-09,2.0762588404,4.3108507723,0.0771555313,0.0457749234
60098,0.4970765167,0.0493660648,,0.0384120281,1.0574897909,0.6936416807,0.0547569642,0.1223419019,0.1005031895,0.0260807234,0.1482525733,-0.032321927,-0.962361338,0.0968740571,0.0323219274,40,0.0049945414,-0.189640411,-0.105283367,0.0756006084,0.1286921558,0.0457805491,-0.10784615,0.0840779464,0.07093095,0.4413509543,0,1.5228087398,0.4152598788,1.1003822528,0.4741220598,,8.7497345288,0.1008526553,0.0,0.0,0,,0,0.0,0.2431950339,6.0,-0.741404274,-0.174417717,-0.448715621,9.2172952296,-11.53581334,-0.493063645,0.005863568,-6589.960319,0.0257826007,13.91292282,0.0013795839,0.0086723982,0.0266384721,0.0035579893,0.0002951788,-0.005016659,1.0,0.0003837299,0.8358853797,-0.049032399,5.0,13.599752917,0.1393685019,0.6042869136,0,0.080304809,0.0108733587,0.0114173429,0.0173519653,0.2152815366,0.5336618734,3.1357104e-09,4.1785233e-08,0.6869616657,0.4719163301,0.1534101008,0.0252237952
14976,0.7405387602,-0.087679961,-0.084790517,0.0,1.238219119,0.5512978417,0.0180240875,-0.057073218,0.0851155195,1.251001596,-0.419553486,0.1539768832,3.5801094088,-0.401583817,0.1539768832,40,-0.002512927,-0.548387097,-0.057639991,-0.039317462,0.2569046653,0.0548839088,-0.098431643,-0.014997418,-3.068634317,0.5294040677,0,6.475376535,1.9935364664,6.4022930659,2.0221823697,1.868513907,5.7794424793,-0.010521686,0.0,0.0,1,0.7307337264,0,0.0,-1.289889953,3.0,-0.21444914,0.0143682112,-0.759826886,-0.307993329,-13.33311632,0.2610313791,-0.501722097,41.380928875,0.1229481469,9.7299909369,-0.016621538,0.048920666,0.1244495558,0.0327724431,0.1857912143,0.0646036361,5.0,-0.014749263,6.6225343225,0.0625482723,0.0,10.793029754,,1.6596774194,1,-0.401912096,0.0460347496,0.021793279,0.0576725824,0.9726482389,4.5347733009,3.7377201e-07,1.8532202e-08,0.1702315051,0.0289787653,1.5094026018,0.0639629839
60186,0.4474546169,0.0300322297,1.5418287184,0.0284204975,0.7878331333,4.2631116493,0.0673813593,0.1770036858,0.5047094674,-0.00041207,0.3430095019,0.0277753621,1.0565538397,-0.001698438,0.0277753621,41,0.0398438723,0.1641791045,0.0406381193,-0.025528647,0.0093952267,0.2451937728,-0.069552014,0.0721428442,-0.032302549,0.4557495392,0,1.8622235716,0.0672914404,0.9937225936,0.0300759235,166.2823575,11.478932188,0.0812388884,0.0,0.0,1,0.0547957361,0,0.0,1.1278331264,3.0,-0.1501028,-0.230394221,-0.005597838,-0.136144393,0.4990753447,1.2457692451,-0.260974862,3.7051882322,0.0457306398,14.642800209,0.003269135,0.0100811977,0.0288355557,0.0425576885,0.0455161612,-0.003936809,4.0,0.0021916093,2.0758936442,0.0170515897,3.0,15.504464418,-0.050894975,2.471058806,0,-0.034541484,0.0230575968,0.0229242012,0.0174264946,0.5262711337,8.0194917132,4.822066e-10,9.387725e-09,0.7293394848,0.5319360841,0.2242951544,0.0206566676
91531,0.8752096165,0.0535745865,-20.08331343,0.0180162326,0.9067380236,1.2507058333,0.0573154362,-0.012030862,0.1683012946,0.0,0.0020958868,-0.028285752,-0.951327434,0.1045415604,0.0282857519,40,0.0009209315,-0.066666667,-0.003588291,0.0095888687,-0.044488632,0.1048637461,-0.042179116,0.0108539296,-0.026627999,0.337097816,0,1.8382502543,-0.01323363,1.007121058,-0.037510511,78.746268657,7.8278931751,0.1387071447,1.0,0.0,1,0.0768458061,0,0.0,0.3092538887,6.0,0.4217851454,-0.030038255,-0.077288952,0.5173535557,-0.255738913,-1.04965999,0.0336048301,1443.8417768,0.1711251104,15.487161807,0.0036387264,0.0145852325,0.0302049622,0.0141078416,0.00825456,-0.002206143,2.0,0.0066809831,1.852597628,0.0096380282,6.0,16.289000701,-0.167196884,2.9180353891,0,-0.067940389,0.0139091136,0.0181797664,0.0212395149,0.6412850475,10.560184117,1.475446e-10,6.6842381e-09,0.9650857255,0.9313904575,0.0092123264,0.0307066493
77157,0.26130063,0.0221135248,-0.887349551,0.0,1.4854421826,1.5335052518,0.0969705353,-0.066634992,0.196935503,-0.003138774,-0.034184272,-0.070897586,-5.887755102,0.1523125434,0.0708975856,37,-0.010075567,-0.062222222,-0.02454428,0.1864843518,0.0108619482,0.1370143149,0.0303476483,-0.074711961,-0.20467033,0.3713642148,0,1.0184707904,-0.099751701,0.5738831615,-0.097325439,13.2734375,9.1344086022,0.0646316889,0.0,0.0,1,0.215679677,0,1.0,0.9945054945,6.0,0.4029029954,-0.011918707,-0.072844507,-0.096555431,-0.341226974,1.9044925935,0.0813758132,1657.1008068,0.1711251104,14.910383555,0.0012257906,0.0023628249,0.018311292,-0.053712407,0.0282604145,0.3375997445,0.0,-0.001447876,-0.179365303,-0.080257395,4.0,16.037324773,-0.044683974,3.1901918037,0,-0.067940389,0.0562742501,0.0190421836,0.0251317194,0.2116520791,2.1792215645,4.818886e-10,8.4703807e-09,1.6919006456,2.8625277946,-0.022563378,0.0284797317
44230,1.4040921187,0.0730292217,-37.68669683,0.0,1.1616210584,2.6344940643,0.0705057934,0.3725512293,0.556901636,-0.029507309,1.2799944869,-0.105068993,-3.190384615,0.3060205273,0.1050689931,38,0.0215489602,0.0516129032,-0.013554019,-0.10601311,0.0310208182,0.2142182779,0.2112983776,0.0614563964,0.03255874,0.3669476983,0,1.5894776941,-0.657817216,0.5594683823,-0.631370102,74.21859545,7.8595370273,0.1827464493,0.0,0.0,1,1.0,0,0.0,0.7516137361,5.0,7.1195937813,-0.20246963,-0.086592793,1.0384787122,-0.024331621,-0.74695412,0.2983294844,-4422.529269,0.0410566741,10.429822043,-0.004349251,0.0066828113,0.01194729,-0.201460821,0.0227755887,0.0336755718,0.0,-0.008940399,5.6784148694,-0.104372885,4.0,9.2469230369,-0.57687126,0.4052323963,0,-0.131569503,0.0820663944,0.0294927226,0.0404334467,1.0794376888,2.6220140772,7.0368305e-07,4.6808594e-08,0.6500229291,0.4225298084,-0.448401939,0.0409629007
90531,1.26080226,-0.155866169,-1.686380046,0.0,2.2237450864,0.8217656154,0.1204737733,-0.450988474,0.0159358047,-0.106904621,-0.607215241,-0.027388923,-0.942408377,-0.008976586,0.0273889227,33,0.0123250152,-0.316666667,-0.670807453,-0.480109779,-0.252395161,0.6388888889,0.8642818864,-0.293245629,-0.072629052,0.571884311,0,39.743589744,2.3315169679,28.012820513,2.1149729936,0.7657794677,1.1574712644,-0.033997774,0.0,0.0,1,0.0257913247,1,0.0,0.0066026411,4.0,-73.8426747,-0.173192556,-0.359898728,0.4947536792,-3.904646131,5.8541623052,-0.487434388,-2311.316664,0.1473165608,13.439540812,0.0008541533,-0.011125946,-0.033400134,-0.015383637,0.2652005175,0.0167555312,1.0,-0.045325779,1.4288880459,0.1052231807,1.0,14.488590397,0.2875980421,2.9027616877,0,-0.258063742,0.081316568,0.0475628506,0.0453407621,0.6206338745,12.111472014,3.1630062e-09,7.0392373e-09,1.6064425657,2.5806577168,0.0691243508,0.0486322505
60442,0.8510207533,0.0876904527,-6.556703167,0.0259256907,6.2665559218,0.3392555827,0.032870045,0.0773534481,0.0468566576,-0.018761726,0.0825455559,-0.004127039,-0.328154876,0.1164665023,0.0041270395,40,2.40468e-05,-0.015542043,-0.04059981,-0.089984198,0.0171109692,0.1750841751,-0.141690318,0.0001030297,0.0555801076,0.5405022691,0,1.0425217668,0.082396784,1.0311883704,0.0839969827,0.4260745966,0.080338088,0.0179834039,0.0,0.0,0,,0,0.0,0.3901525983,5.0,-0.003974749,-0.003785194,-0.059292077,-0.069202148,,,0.0369288611,42214.807178,0.0286434127,17.595195045,-0.000364806,0.0029806891,0.0236998764,-0.000241801,0.1093351743,,2.0,0.0013452915,0.3730468161,-0.021938189,6.0,17.558554003,-0.010743256,1.0718858563,0,0.0654744878,0.0340332799,0.0141030767,0.0184883259,0.2806459256,1.4886613331,4.704397e-11,2.0255585e-08,0.8771523491,0.7693962435,0.0488501021,0.0177755413
22509,0.164798949,0.0360457933,14.640773822,0.0114850233,0.391890628,0.4902609659,0.1134273452,0.1084284183,0.4187732459,-0.019214402,0.1549929677,-0.023620164,-0.348631951,0.0486125085,0.0236201638,40,5.97979e-05,0.0724637681,0.0167590393,-0.01211523,-0.00038817,0.1539456662,-0.067899503,-0.013238353,0.0502838605,0.3328908605,0,1.4048400328,-0.194758312,1.0305578343,-0.209395799,12.971380471,5.4742451155,0.140016534,0.0,0.0,1,0.0084650113,0,0.0,1.3057583131,3.0,47.625096724,-0.062906816,-0.136159472,-8.655603727,0.4886501062,0.3879194104,-8.708739476,25884.873343,0.0248274717,17.195507946,0.0009949084,0.0235849057,0.0802552698,-0.008893708,0.0807442813,-0.017172329,1.0,-0.000114038,0.4021012492,0.0362851752,5.0,17.381506343,0.1186902769,1.1376252993,0,-0.25352422,0.0265735555,0.015537045,0.0148454269,0.3868885907,2.4571312186,6.436873e-11,1.8628989e-08,1.1362591736,1.2910849096,-0.003233819,0.0183905857
60506,0.2801048299,0.0563594211,2.5229748139,0.0273791977,0.5751083233,0.7879451893,0.127853622,-0.005148247,0.1855009529,0.0005644934,-0.016009992,-0.036996636,-0.562849573,0.0880812973,0.0369966356,40,0.0054227548,0.0688073394,0.109391607,0.0831397889,0.0010904703,0.1652382153,0.1906649589,-0.003961304,0.0179220114,0.6645123819,0,9.0362090072,-0.095578844,8.4397912506,-0.101786515,6.3121345029,1.8827925231,0.1628584101,0.0,0.0,0,0.0,0,0.0,0.5795034894,7.0,3.7621730028,0.033765212,-0.03867729,-0.22974807,-2.808045887,0.4308990645,0.0469831308,13621.537264,0.0588548821,16.843021269,0.0005849872,0.020135137,0.0597345746,-0.004401725,0.1637979907,0.0200446008,0.0,0.0005117884,0.9851709208,-0.01708202,6.0,17.161765743,0.350919046,1.4260269035,0,-0.156910843,0.051382713,0.0168046101,0.0207135519,0.3290316657,2.4009178519,8.941519e-11,1.4967287e-08,1.2044861694,1.4507869323,0.0447223293,0.0202330733
13688,0.6215267016,0.0572271855,-43.96301087,0.0345731134,1.7415613893,0.6744914484,0.045013967,0.081323622,0.0940922579,0.0421376486,0.0759796152,-0.038485466,-1.535862069,0.145120249,0.0384854664,40,0.0003801887,0.0668524993,0.0956532889,-0.234137176,0.0693433711,0.0553697003,0.0997163582,0.071720169,0.098033747,0.4548504332,0,1.079222973,0.3529559539,0.9988175676,0.3550860101,38.062360802,3.9027175154,0.091216613,0.0,0.0,0,,0,0.0,0.3104866825,7.0,-0.724646264,-0.081097246,-0.19222271,9.3417454144,-11.6022829,-0.745848529,0.0541097599,17595.378521,0.0257826007,17.177020294,-0.000829245,0.0050299362,0.0190523016,-0.0150301,0.0071141654,-0.007224387,0.0,-0.001136364,0.1223019198,-0.026839951,4.0,17.34815789,0.0803881551,1.2032852057,0,0.080304809,0.0133333039,0.0109848199,0.0152493186,0.2763620224,1.3989542878,5.089608e-11,2.1488167e-08,0.2501857244,0.0625928967,-0.048990353,0.023610431
86136,0.4128842012,0.0423601838,-0.229913666,0.0236954557,1.0073120472,0.402275928,0.0359850952,0.0668027065,0.0788851896,0.0076494819,0.0881310546,-0.025956142,-0.859724613,0.0787782764,0.0259561422,40,0.0028320515,-0.004438734,0.0452780146,0.1293778832,-0.064964368,0.0446297583,0.0209107339,0.0297766083,0.0288880814,0.3939366757,0,0.825409351,-0.097769964,0.7472874334,-0.11997337,18.993115318,7.9160688666,0.0874288085,0.0,0.0,0,,0,0.0,0.211028343,4.0,-0.746682555,-0.087333211,-0.263513943,9.1331029141,-11.31622634,-0.120885623,-0.012232213,19689.190561,0.0257826007,17.064533541,-0.00143656,0.0061990701,0.0211911476,-0.013924464,0.0175023419,0.2059555147,0.0,0.0004135649,0.189809548,0.0301679266,5.0,17.187805674,0.0456303089,1.1173654727,0,0.080304809,0.0179720819,0.0100279752,0.0142227507,0.2002240398,0.9055918466,6.193286e-11,2.3068809e-08,0.5575388235,0.3108495397,-0.020433711,0.0212200437
61146,0.7260825354,-0.038135706,-3.835344743,0.0,0.7080226516,2.4401211443,-0.018563675,0.1684055554,0.465610852,-0.001731435,0.5134411003,-0.077800671,-2.714872638,0.0653978789,0.0778006711,33,0.0114361963,-0.061491161,-0.032246038,-0.05691366,0.0151437291,0.598207009,0.1613248436,-0.09252987,-0.04410066,0.3649878293,0,1.3596175338,-0.245202028,0.8997711589,-0.245190719,22.977279433,7.4291620289,0.0003375617,0.0,0.0,1,0.3581449727,0,0.0,0.7505088009,3.0,7.1162850218,-0.154420309,-0.199696857,0.3604691289,0.2844046347,0.0744744517,0.057706836,-4355.273969,0.0410566741,11.510144982,0.0004155428,0.0095732981,0.0187530725,0.0661036149,0.0160614034,-0.011507649,3.0,0.0076460415,6.4112924547,0.1727930345,3.0,10.750399927,-0.061870311,0.3054149311,0,-0.131569503,0.0355486907,0.0197639212,0.0389571555,0.8365521464,1.2586184258,1.8260207e-07,6.5281199e-08,0.5257307547,0.2763928264,0.5431430166,0.0500778316
61269,0.2355892105,0.0578818319,4.2760684483,0.0059658906,0.9930034447,1.7500368775,0.1091328717,0.1899352632,0.3151337486,0.0056319897,0.1948984268,-0.008924089,-0.175438596,0.0680365392,0.0089240895,40,0.0189636901,0.2,0.1458610372,-0.200469238,-0.032832564,0.1644223955,-0.011752894,0.0730426286,0.1672955975,0.4432101211,0,2.2061386889,-0.119856014,1.3027661993,-0.061667125,23.770689655,5.8718057922,0.0957550452,1.0,0.0,1,0.4392265193,0,0.0,1.458490566,4.0,-0.145426892,0.0221897476,0.0302230571,-0.348009799,-0.365891404,0.4232164193,-0.191239885,-1422.870542,0.0457306398,12.652768655,-0.000228885,0.0132185059,0.0651208683,0.0547542447,0.0617673136,-0.016465549,3.0,-0.002772003,-0.094785872,0.0848522447,6.0,13.280622365,-0.006162309,0.9353359383,0,-0.034541484,0.0213955082,0.0798078105,0.0429850292,0.6482801111,10.848569913,9.121234e-09,1.8257561e-08,1.9978466183,3.9913911102,0.0941398275,0.0377897186
58675,1.7679855959,0.0625892058,-4.987993103,0.0,2.2804585722,2.585355092,0.0791361952,-0.009185173,0.1950166671,0.0129055282,-0.05231618,-0.117179499,-7.633619035,0.5403713589,0.1171794993,40,0.0040334946,0.0141384389,0.1081160229,0.0574624472,-0.118684618,0.1619762484,0.0528595101,0.0624073143,0.0486547327,0.5311772074,0,2.6293846025,0.04891221,2.3610444127,0.0242785835,8.931585159,3.5751129351,0.1919889935,0.0,0.0,1,0.0495867769,0,0.0,0.4018816013,6.0,0.7627116462,-0.065214335,-0.173342321,2.9046776254,-1.953844893,1.6349223648,0.1777552622,-2125.45215,0.0279332649,12.840060393,0.0137513618,-0.031951569,-0.074369231,-0.211910989,0.0725643001,-0.058331335,0.0,0.1711026616,-0.198201482,0.0437113224,4.0,12.854758037,0.3072634737,1.0824333444,0,-0.500704589,0.1551724821,0.0439061322,0.0746518205,0.3031874844,1.0550787116,2.6820409e-08,2.3832733e-08,3.1186931359,9.7262468757,-0.044667423,0.0665848692
41355,0.316671236,0.0627934175,3.2291320466,0.0211018739,0.4459123038,0.7886397619,0.147580558,-0.073775674,0.2552726075,-0.069468043,0.0871072066,-0.022667799,-0.286325014,0.0807727437,0.0226677991,41,-0.005570878,-0.046877992,-0.038152853,0.1081492738,0.0275005036,0.1878959533,0.0270578019,-0.027210498,-0.233524711,0.4039940175,0,2.3756524107,0.2727350474,1.8222962134,0.2612096204,6.2692559597,6.7934736021,0.1920140427,0.0,0.0,0,0.0,0,0.0,0.4910594423,7.0,0.0548493762,0.0441344709,-0.033020726,12.311331553,-0.257079168,-0.471580657,2.3752013325,14191.186263,0.0502102314,16.567555291,-0.002812244,0.0158582687,0.0381988709,-0.030276504,0.1561119502,-0.001240194,1.0,0.0003083248,1.1533009285,0.0093745182,6.0,17.13246643,0.234801746,2.1440985242,0,-0.060001469,0.0223854277,0.0094415338,0.0172624552,0.4801813061,4.9925329498,6.242173e-11,1.0211911e-08,1.334294561,1.7803419754,-0.00553004,0.022289898
12072,0.6566268883,0.0156630801,1.783652928,0.0364725403,0.9548797875,0.2155416716,-0.01701732,0.2663519855,0.0208446348,0.2614425548,0.2738512434,-0.005966926,-0.595400777,0.0249888902,0.0059669257,36,0.0,-0.012269939,0.5550967373,0.0643815042,-0.276159634,,,,0.3700304938,,0,4.7026914827,1.0643424224,4.7026914827,1.0643424224,3.9330872928,5.2152675587,,0.0,0.0,1,0.7311475227,0,0.0,-0.005030494,6.0,6.2461271309,-0.11809553,-0.164754542,-53.5492402,,-0.224589808,-1.237628825,-220.6883476,0.0207317787,14.424058642,0.0001003532,0.0102712219,0.0269616518,-0.000365165,0.0223132896,,2.0,0.0208432556,0.0050657365,-0.015466426,2.0,14.607986487,-0.044878901,1.4229040978,0,-0.142502855,0.0647249818,0.0172595624,0.0204183718,0.755560163,16.521662578,9.742532e-10,1.1231369e-08,1.1501475228,1.3228393242,0.0386087898,0.0245732357
61496,0.2261175246,0.0674911349,243.47172044,0.0,0.3361861176,1.6187773125,0.2048677174,0.467164599,0.7145137123,-0.022142316,0.6630168595,-0.070120163,-0.491197757,0.100642629,0.0701201634,37,0.0675279466,0.172601592,0.2366425686,-0.204666387,0.0604944521,0.1819085314,0.049944034,0.1945552768,0.2485481715,0.3638671394,0,2.5429976519,-0.060182022,0.9697399318,0.0077348081,1031.9492386,22.542421178,0.3360199452,0.0,0.0,1,1.0,0,0.0,1.4830032803,4.0,3.7603324073,-0.336751005,0.0651169621,-0.283735375,-2.874259378,0.2333965097,0.0595444625,-10033.51842,0.0588548821,13.459936974,0.0020734698,0.0270844606,0.0738104653,0.043418304,0.0033639669,0.0116001506,0.0,0.0009293492,0.4376993231,-0.104751401,3.0,14.469582049,0.1163803066,2.2658989793,0,-0.156910843,0.0351748168,0.0203707892,0.0341967429,0.3945714469,3.5391584229,2.8087651e-09,1.2295271e-08,1.6024681313,2.5679041118,0.0007685898,0.0522726346
60687,0.9161253397,0.084871624,-15.02668248,0.0317329745,7.9766182732,1.0693449087,0.0149384099,0.1294461473,0.0196972937,-0.020153497,0.1383514658,-0.017183281,-1.703539823,0.2294538153,0.0171832809,36,0.0,0.1428571429,0.1184210526,0.012163469,-0.200370111,,,,0.0608828006,,0,14.096124031,-0.16898793,14.096124031,-0.16898793,2.1014760148,0.8923534942,0.0149375305,0.0,0.0,1,0.3355749832,0,0.0,0.1641661231,4.0,-0.027058225,0.04270845,0.079063514,0.0649334268,0.9059581434,0.8574729964,0.1309700176,-4335.060198,0.0331128264,15.608948966,-0.000451108,0.0012746844,0.0131195335,0.0149558713,0.0468382222,,0.0,-0.00043535,0.4197637912,-0.017945131,4.0,15.37789279,-0.172441691,0.7806136375,0,0.048781298,0.0195992198,0.0109911126,0.0134638973,0.3937913262,1.9738546236,3.7559e-10,2.476579e-08,0.7027840135,0.4939053696,-0.005350079,0.0134672865
22517,0.5633664438,0.0654394688,-2.836521614,0.0406774714,1.4566172595,0.4780429671,0.0692756286,0.056313366,0.1001102488,0.0563649315,0.0427011511,-0.038266245,-1.14971573,0.1406762554,0.0382662448,40,0.0028174048,-0.039595759,-0.028643427,-0.014627255,0.1046192636,0.0352631731,0.0049548739,0.051103569,0.0932135408,0.4568889571,0,0.8274889158,-0.211211808,0.7151686148,-0.210759776,5.638225256,6.3225806452,0.0812122441,0.0,0.0,0,,0,0.0,0.2866998235,6.0,-0.71426723,-0.109459877,-0.298670968,9.2835851566,-11.55942137,-0.093442578,0.0496657663,16448.064571,0.0257826007,17.053412606,-0.001182843,0.0103545654,0.0398350267,-4.5259e-05,0.024996178,1.3822872006,1.0,-0.000608088,0.150203981,0.0034679836,5.0,17.356345864,0.0056616063,1.4282332144,0,0.080304809,0.0132254167,0.0100929655,0.015212702,0.3480049607,1.9421503862,5.665339e-11,1.8453577e-08,0.316706667,0.1003031129,0.3456178482,0.0221570115
13856,0.1236414156,0.0462882416,10.774384598,0.0271134104,0.3763966782,0.473919671,0.1627563603,-0.089948114,0.493559462,-0.026814912,-0.002411046,-0.0539642,-0.613081529,0.0746667076,0.0539641996,40,-0.00359491,-0.010948905,0.004035233,0.0476072779,0.0117973034,0.1468916725,0.0567439257,-0.011964687,-0.282242759,0.346427066,1,1.1421070086,-0.082374142,0.9683838161,-0.080823726,7.6418748567,10.026011126,0.1705987742,0.0,0.0,0,0.0,0,1.0,1.539813516,6.0,24.393200458,0.0267494902,-0.097496098,-0.070754767,-0.274772736,0.0232171079,0.0780026873,98593.130203,0.0457936334,18.593941823,0.0001615589,0.0073759376,0.0326353172,-0.006433756,0.1527710223,-0.011370896,0.0,0.0007423118,0.1883983409,0.0456119925,8.0,18.491889109,-0.06890263,0.7003199215,0,0.0957318355,0.014285747,0.0086168539,0.0122425015,0.2399759902,0.8487096888,1.388574e-11,2.9776556e-08,0.5011355545,0.251136844,0.0894205353,0.01572621
50550,1.1655930119,0.0921340071,-10.10117658,0.0,2.0553029905,3.8346281981,0.0679079926,0.1106354259,0.1645822529,0.0051630491,0.1199621564,0.045912612,1.5251074711,-0.048380255,0.045912612,40,0.0427162949,0.0718204977,0.0758289923,-0.069966619,-0.007444987,0.1011980008,-0.101498538,0.064420896,0.0945624772,0.5086028569,0,1.8199614891,0.132926725,1.2852825311,0.1032936239,24.963790545,3.0363615103,0.0709355767,0.0,0.0,1,0.6810030265,0,0.0,0.4113760335,3.0,-0.004832854,-0.19185429,-0.493253532,0.3090055772,-1.856531791,0.6346837713,0.1650438476,-590.0789037,0.0665802826,13.562339207,-0.002244285,0.0049895579,0.0141096446,0.1114836753,0.0341202265,-0.007194663,2.0,-0.007290401,0.6904080397,-0.027236264,3.0,13.840463661,0.1512795401,1.0855867789,0,-0.105045736,0.0456092656,0.0222203566,0.0354259274,0.2718462755,1.2181606293,5.7559608e-09,2.4087772e-08,2.1086661186,4.4464727997,0.0375327355,0.048935535
62341,0.7675312612,0.0723836279,-12.06425868,0.0,0.8119827354,0.5777996557,0.1119954984,0.1557300676,0.2903466961,0.0066162041,0.1376879357,-0.05929189,-1.206664118,0.1597263544,0.0592918901,37,-4.5811e-05,-0.167475728,1.081638359,0.7736213976,0.6022404123,0.1371624932,0.6610926353,0.2095824468,0.1754506539,0.4587650838,0,1.0977090186,-0.280958529,1.0951316243,-0.280659773,53.293103448,6.5004023809,0.3133165667,0.0,0.0,0,0.0,1,0.0,0.5546758248,7.0,0.9590402437,0.1059242616,-0.354956488,1.9042232907,-1.553603454,-0.424202343,-0.202889742,-1018.29275,0.0279332649,14.883081773,-0.025964088,-0.017349768,-0.031516337,0.0030785139,0.0015740239,-1.36781917,1.0,-0.001697793,0.132522808,-0.086836745,5.0,16.894116154,-0.022844017,6.5532766239,0,-0.500704589,0.0494040549,0.0269402507,0.0423959779,0.2329579644,7.5360339697,2.504958e-10,3.4517325e-09,1.2924002964,1.6702985263,-0.140508463,0.0595599507
62368,1.0311577979,0.0564533455,-1.326551584,0.0,1.3453815955,1.44426821,0.1128902906,0.1728057832,0.1789473146,0.0005169963,0.2700771817,-0.068118693,-2.656357073,0.2064135891,0.0681186929,35,0.0020836251,0.0189896095,-0.023619381,-0.060050633,0.1753005836,0.0493159528,-0.004208225,0.0918843319,0.0662594984,0.6075780449,0,5.7944654213,0.4933911313,4.8779188196,0.5726036862,4.3666259386,4.5951930897,0.1097237085,0.0,0.0,0,0.0,0,0.0,0.3222576411,5.0,-0.011583594,-0.030553971,-0.001930357,0.4927416052,-0.158215522,-0.737491052,0.0730731458,-5712.334528,0.0725156293,11.009966459,-0.003146073,0.0053710086,0.012471541,-0.005303405,0.1999434019,-0.166502558,1.0,-0.032547483,1.4032960651,0.0600539515,4.0,8.3992763887,0.4821621432,0.0869465474,0,0.0348146487,0.0558971502,0.0249689505,0.0294026918,1.5182470033,0.7064272338,9.4884465e-06,1.0000001803,1.6282101728,2.6510683668,-0.101897299,0.0500293862
21936,0.3636982486,0.0463757111,1.6120826643,0.0341439132,0.4983143644,0.2531323889,0.0942455686,-0.016426401,0.2430665714,-0.016877637,0.022737508,-0.045668253,-0.857724472,0.0861532935,0.0456682534,40,-0.002946906,0.0077220077,-0.038364609,0.0351632309,-0.011771631,0.4707532733,-0.089558763,-0.006931976,-0.065579359,0.3054849888,0,2.6675604457,0.1082109625,2.4057602515,0.1225087671,1.3732628315,5.7221132772,0.151450037,0.0,0.0,0,0.0,0,1.0,0.5300757794,4.0,47.582393139,-0.027054106,-0.200901232,-8.456704427,0.3430399692,0.426952983,-8.671198691,98593.130203,0.0248274717,18.593941823,-0.002001611,0.0131839033,0.0317068795,-0.001413143,0.1209010517,0.2039687217,0.0,0.0031836995,0.1386461386,0.0406746257,6.0,18.734862128,-0.028215264,1.6936749786,0,-0.25352422,0.0500637665,0.0145347622,0.0181967783,0.5943161722,9.5610750066,5.404503e-12,1.0874153e-08,0.6243846252,0.3898561602,-0.006770154,0.0211555041
21776,0.7091013463,0.0509054974,-16.25006624,0.0335919826,1.9659935193,0.8603123154,0.0337623286,0.0862068966,0.0707922526,0.0029663241,0.0999754317,-0.033993451,-1.746149107,0.1397940862,0.0339934508,40,0.0059734434,0.1224979674,0.1020973963,-0.030963239,-0.174556413,0.0444256724,-0.023378042,0.0786246935,-0.005454865,0.3946289884,0,1.3806208628,0.052524221,1.1976717644,0.0247572404,12.763610982,5.8248035676,0.0658003593,0.0,0.0,0,,0,0.0,0.1985746965,5.0,-0.766305955,-0.072807827,-0.136577242,9.4293200591,-11.40404316,-0.212596538,0.0487835971,24140.378041,0.0257826007,17.291885839,-0.003600582,0.0068103196,0.0264990084,0.0179048402,0.0799554285,0.1505997463,0.0,0.004040404,-0.004229444,-0.006266819,3.0,17.817286785,0.447023427,1.6652196949,0,0.080304809,0.02188248,0.0136525114,0.0173330029,0.2689082946,1.7959463789,5.815477e-11,1.6754638e-08,0.3720914002,0.1384520101,0.4075142419,0.0299121338
52898,0.3507599032,0.0453210792,211.0217738,0.0237547685,0.7948985964,0.1652580165,0.0579172076,0.0702588791,0.0865852821,1.13154e-05,0.0667074427,-0.028666254,-0.70086589,0.0770850776,0.0286662544,40,0.0002581615,0.0412105602,0.0146491934,0.0750004513,0.0157701234,0.0279541753,-0.023183024,0.063445489,0.0785152801,0.4504648948,0,0.6768677746,0.0523902261,0.6201167151,0.0329795884,188.47341711,8.0403200033,0.0927163926,0.0,0.0,1,0.7146499386,0,0.0,0.2350089749,6.0,-0.748857794,-0.09370531,-0.217864649,9.0709786161,-11.46414917,-0.650439323,-0.013925411,-3022.924499,0.0257826007,15.540195585,0.0001305778,0.0120402951,0.0395959428,0.0022501257,0.000714042,0.023951417,2.0,0.0,0.1450697062,0.0282638726,6.0,15.509004947,0.0396062322,0.9567970877,0,0.080304809,0.022749152,0.0124536411,0.0147132306,0.2355627422,1.1161665348,3.612599e-10,2.3590216e-08,0.4412335187,0.1946870181,0.1771294875,0.0197590916
13901,0.0310291323,0.0521956539,22.99082324,0.0407784981,0.3235718745,0.184743789,0.2109051184,-0.011015807,0.2968530365,-0.011038491,0.0235784537,0.0117402717,0.0802761341,0.0480055886,0.0117402717,40,0.0046441861,0.0,0.0159655778,-0.062295292,-0.044231143,0.1048915784,0.0033967973,0.0028400126,-0.268268997,0.1620433648,1,0.8963899387,-0.039951413,0.6305226118,-0.055353727,5.4034929238,144.71774194,0.1698854126,0.0,0.0,0,0.0,0,1.0,2.3042000486,5.0,0.0309271827,0.020098339,0.0182081924,-0.010869484,0.2409354987,0.0365745762,-0.014228169,26898.541103,0.2052900266,18.593941823,0.001291004,0.0479462801,0.5498380712,0.0021094883,0.0609394044,0.0056651474,2.0,0.0,-0.107563582,-0.009539141,2.0,18.33562887,-0.177168192,0.6750418067,0,0.0957318355,0.0115664368,0.0102211559,0.0158231886,0.253419366,1.0995023519,2.047728e-11,3.191309e-08,0.4279716109,0.1831596997,0.1690605632,0.0201517669
13928,0.6104502111,0.0674763212,-1.80141482,0.0414524281,0.7557395016,0.6176588178,0.0396976106,-0.012858196,0.1728571792,0.0044162067,-0.0198124,-0.093752664,-1.916521436,0.1967961373,0.0937526642,40,0.0011679654,0.0380434783,-0.034715969,0.163233837,-0.022610343,0.1281612852,0.1115400639,0.0696189129,-0.00343636,0.4377899416,0,1.3060587674,0.0387090939,1.1906908208,0.0103741897,10.376135915,7.7161745262,0.2373393103,0.0,0.0,1,0.0383326632,0,0.0,0.3694183145,4.0,0.7320319657,-0.08766547,-0.149437282,1.7471422406,-2.007560727,1.0461992614,-0.165819959,82537.10481,0.0279332649,17.896119758,-0.013354512,-0.009562244,-0.022027972,-0.081366676,0.0227751088,-0.295927345,0.0,-0.005212677,-0.105583906,0.0321349776,5.0,18.514765626,0.0850539259,2.2554408813,0,-0.500704589,0.0553533062,0.0240385123,0.0332755866,0.2223030022,1.3085242745,4.34147e-11,1.2924921e-08,1.6201717231,2.6249564123,-0.026289857,0.02969071
62958,1.185362562,0.0335627426,-22.54146493,7.79819e-05,1.5391733387,4.3613934678,0.019398033,0.047916832,0.136120949,-0.079627907,0.2098576572,-0.01210888,-0.963026568,0.0658845554,0.0121088796,40,0.0268801122,-0.028571429,-0.040186299,0.0524154364,-0.04066525,0.1158673615,-0.069433296,0.0549714965,-0.099636879,0.5190851787,0,4.7458787213,0.0668047673,0.9283463167,-0.082285604,121.2622549,18.419319272,0.0757346069,0.0,0.0,1,1.0032654233,0,0.0,0.2549137265,4.0,24.394426663,-0.072402913,-0.115118621,0.9909663791,0.0501799105,0.315731061,0.0692205351,-10662.56467,0.0457936334,11.040294802,0.00325635,0.0083692532,0.0184233125,0.0039954128,0.0086400535,-0.00263191,2.0,0.0272501735,-0.863546587,-0.034266453,2.0,6.9019786701,0.0146181786,0.0124890062,0,0.0957318355,0.0338556096,0.018063815,0.0831689215,1.7092063547,0.0999828692,2.08332e-05,3.0000016644,-0.050958073,5.1915606702,0.1450804832,0.1832419965
63125,0.5538080525,-0.0512701,0.5697012003,0.0,0.2556905039,0.4616137368,-0.100067632,-0.049084575,0.3215118259,0.0142869859,-0.011805867,-0.050002685,-0.809863443,-0.00974832,0.0500026851,41,0.0008592449,0.0632911392,0.0222494346,-0.056768139,-0.068510623,0.585128678,-0.185407792,-0.058566228,-0.065363166,0.5509905357,0,2.0750246987,-0.230690513,2.0623592175,-0.232543422,1.3789548004,4.0623994349,-0.078312052,0.0,0.0,1,1.0,0,1.0,0.4615459875,3.0,-10.20880637,0.1351960997,-2.37817501,4.3318308217,-0.658845299,0.1119278668,0.9848239576,-4010.177798,0.0288563477,12.409097433,-0.000571927,-0.002162447,-0.002966405,0.0130361192,0.3669512808,0.0669186552,0.0,0.0026978417,0.3175300967,0.0497463648,4.0,11.173885258,-0.268975043,0.2918955046,0,-0.111549313,0.0237660185,0.0182217757,0.0574589112,0.6625750065,0.886481168,5.7201116e-08,7.2706442e-08,1.0202745371,1.0409601311,0.0232770479,0.0436572685
89968,0.9246322938,0.0712404151,-4.833711462,0.0,1.8657665345,0.7591944393,0.0637003453,0.1318978827,0.0646742218,0.0613223945,0.1520606371,0.0458273187,1.7925821567,-0.056463882,0.0458273187,31,0.102116237,0.0,0.2235061274,-0.030942229,0.0370987611,0.8002311375,-0.05135551,0.1032742821,0.1160184898,0.5317419899,0,51.70644176,0.8033608376,14.452740924,0.673333961,1.928733709,3.159828775,0.0502908551,0.0,0.0,1,1.0,0,0.0,0.1699415797,6.0,1.3781182908,0.0313524126,-0.087860572,0.4900886931,-0.715221463,0.5837715367,-0.084468416,-6172.401164,0.0558672041,13.416942697,-0.002700593,0.002004235,0.0061180166,-0.022231562,0.1524282512,-0.007123168,0.0,-0.0149295,1.8193277729,-0.021948427,1.0,14.1668604,0.4675628593,1.9958369579,0,-0.168614603,0.0462724902,0.0423421068,0.0352990523,0.3797122629,5.3303849201,3.0198652e-09,9.7955151e-09,1.3892373524,1.9299804212,0.0297184794,0.0351421333
24459,0.0156581303,0.0612375574,1.20626957,0.0309470054,1.247601281,0.7800496339,0.1276175242,-0.042378174,0.3452012105,-0.005220627,-0.027969596,-0.053629393,-1.185042966,0.133806694,0.0536293932,40,-0.002828848,-0.055900621,-0.012378402,0.0885167984,3.6582967e-06,0.4062734952,-0.018032795,-0.007121376,-0.591550946,0.3744291734,0,1.169233715,-0.082250989,1.1332995569,-0.076762886,3.4388742209,2.7025411569,0.0802000065,0.0,0.0,0,0.0,0,1.0,7.0684064848,7.0,7.1347962162,0.0605364516,-0.194106318,-0.349955276,-0.258209213,0.0665974664,0.1261156511,448.04134109,0.0410566741,15.195965083,0.0027032846,0.014275625,0.466555883,-0.01843508,0.1221622848,-0.001815546,0.0,-0.000503778,0.1324572075,-0.000706565,5.0,15.834001728,0.0950658337,1.8445021737,0,-0.131569503,0.0314136036,0.0113955941,0.015678062,0.3079239277,1.9500164431,3.751053e-10,1.5532663e-08,1.2006053643,1.4414532408,0.1279301678,0.0336204994
80185,0.3302187817,0.0509816502,3.6327682281,0.0116807318,0.0674808541,0.3926914029,0.2877468669,0.0791153157,0.5916742115,-0.024572675,0.31368702,-0.049929585,-0.375214824,0.0701107211,0.0499295853,36,-0.00054033,0.0053270198,0.0566853203,0.0691219621,0.026158438,0.1342127348,0.1942045671,0.0126260293,0.0411256341,0.6597310882,0,6.3556347683,0.1151697646,5.757925376,0.1259304668,2.3084847175,6.3333113683,1.0008709071,0.0,0.0,0,0.0,0,0.0,0.687497853,5.0,3.0947112548,-0.032823709,-0.16191351,1.1453732401,-1.30328069,-1.272102154,0.1617595279,-2916.399257,0.0446872923,14.073156768,-0.003494518,0.0168880215,0.0392070948,-0.000460098,0.4678671542,0.018087943,0.0,0.0015732547,0.2387082236,-0.009119555,8.0,14.480772346,-0.290162342,1.7240597506,0,-0.101630079,0.0231891442,0.0117900564,0.0188842872,0.4044773141,2.5416910971,1.1562178e-09,1.6711234e-08,1.2807090835,1.6402157566,0.0095649885,0.0300547094
13828,0.8659421694,-0.059051051,-1.882345936,0.0,0.3381956014,0.1879689538,-0.089931343,2.3874659401,0.4309718438,1.0139328689,5.2346570397,0.1062393906,1.402952433,-0.141896866,0.1062393906,2,0.0,1.6666666667,1.8857496902,0.054058393,0.4071024958,1.24,-0.758156028,0.0382833787,1.6168105761,0.1293993994,0,0.6638457658,-0.755701903,0.6638457658,-0.771823859,1.7332539446,3.3760510293,-0.229006275,0.0,0.0,0,,0,0.0,0.4628030636,2.0,-10.08459596,,1.4740690676,4.6439649386,-0.81469914,-0.888072133,0.8526754123,-4172.475158,0.0288563477,9.0933876362,0.0411086418,-0.305513595,-0.566575821,0.277007755,0.1011577108,-0.00845008,0.0,-0.787671233,-0.576910154,0.0190872801,1.0,8.1174019394,0.522349401,0.3562887915,0,-0.111549313,0.2684857845,0.0877310006,0.0974302827,1.9285869478,1.6997085574,8.75152e-05,7.8512115e-08,1.9155102854,3.6691796536,0.086709682,0.1227033952
23501,0.6350286658,0.0355569035,-107.4617444,0.0399647841,1.6479596287,0.7171621744,0.0435511969,0.055158944,0.0858701509,0.0096035154,0.0648438242,-0.040111421,-2.52892562,0.1254776679,0.0401114206,40,-0.000458791,0.0199004975,0.0460780111,0.109551065,0.0674591068,0.0522558538,0.072073584,0.0600080819,0.001622248,0.4018616838,0,0.5249394673,-0.131484272,0.4566585956,-0.154998935,125.15384615,6.2416879795,0.0727389765,0.0,0.0,0,,0,0.0,0.2317497103,5.0,-0.730402266,-0.072547327,-0.239174712,9.3552473787,-11.59686872,-2.423982307,0.0344671788,-936.2376294,0.0257826007,15.711426937,0.0009805203,0.0056409621,0.020298907,0.0079778911,0.0174548529,-0.046477149,1.0,-0.004954583,-0.433753967,-0.020503344,3.0,16.106922337,0.3000966681,1.7369895796,0,-0.015933107,0.0134615721,0.0068058783,0.0174979105,0.6975119089,16.67422976,8.568859e-11,8.1392745e-09,0.2196646456,0.0482525565,2.1775011981,0.028326568
63715,0.9686638007,0.027435524,-2.808900824,0.0359199286,0.3940263281,1.9237653433,0.0516325499,-0.134121228,0.2241805693,-0.049954285,-0.204196165,-0.006887288,-0.36857718,0.0375476321,0.0068872882,39,0.017617125,-0.046598639,0.0216790622,0.0848804153,-0.134780041,0.0876812813,0.1308542795,0.0222498028,-0.101954476,0.5870995896,0,2.3777050387,0.0520133909,1.275809911,-0.117430183,15.19103032,6.4248077968,0.1503327798,0.0,0.0,1,1.0,0,0.0,0.3266962546,6.0,45.074758338,0.1235320249,-0.166557571,9.2623534454,0.0940198753,-0.338166462,0.313475068,-4865.007616,0.0587429544,12.778605137,0.0039450136,0.0125381637,0.0182613526,-0.001517252,0.0929325291,-0.059672303,0.0,-0.000996678,0.6841957293,-0.178842343,4.0,12.683255797,-0.069933584,1.1277099974,0,-0.101630079,0.0326301828,0.0189517545,0.041545517,0.4289551784,2.167580503,1.0089219e-08,2.3786005e-08,1.0765553422,1.1589714049,-0.018404654,0.0400222998
18163,0.2950354524,0.0415748467,8.7170198967,0.0343098424,0.3128471902,0.3591492336,0.1193327376,-0.102387257,0.2852439244,0.0013888858,-0.105599677,-0.042212002,-0.654360136,0.0687797691,0.0422120024,41,-0.009533863,-0.06779661,-0.081661891,0.1571417418,0.0143258683,0.154627985,0.0980014573,-0.030395242,-0.097648431,0.2232853238,0,0.9951661631,0.0615483448,0.8120845921,0.1017927812,6.5689803651,15.692038675,0.1700216719,0.0,0.0,1,0.0028370342,0,1.0,0.5826073182,6.0,-16.11936578,0.0487275209,-0.373904711,0.2277013834,11.337897626,0.425344606,0.4020074725,98593.130203,0.0238858186,18.593941823,0.0006223631,0.021182285,0.0439449527,-0.011465475,0.0975205972,-0.043535024,1.0,0.0002780095,0.4031900638,0.0522185308,7.0,18.734862128,0.0889687311,0.7130670676,0,-0.25352422,0.0148220295,0.0089046777,0.0122781025,0.2310392745,0.7633332885,9.514066e-12,3.4815751e-08,0.4338128843,0.1881936186,0.030363686,0.017817614
55511,0.7294228944,0.0494807949,-64.62308057,0.02570432,1.7044286909,0.6083741307,0.0483766902,0.0598368062,0.0864568807,0.0,0.076140899,-0.05262246,-2.552568033,0.17578389,0.0526224598,40,-0.000634624,-0.022349272,0.0345336161,0.0953910996,0.013530952,0.0404294514,-0.046950441,0.0788020821,0.0286674765,0.4260906256,0,0.6145507055,-0.245972843,0.5242062129,-0.227493751,50.783511353,7.5327782849,0.0745841884,0.0,0.0,0,,0,0.0,0.2091960355,6.0,-0.747870461,-0.089558497,-0.281424482,9.4496416073,-11.20687496,-0.566652278,0.084773401,-5382.081579,0.0257826007,14.74113311,0.0008225308,0.0103217166,0.0349134967,0.0015579861,0.0044499684,0.0740951617,2.0,0.0021390374,0.0485670909,-0.008009632,4.0,15.297204349,0.1152022104,1.6364191796,0,0.080304809,0.0155289406,0.0124626506,0.0170709174,0.2486511538,1.7153665138,5.096946e-10,1.5526596e-08,0.3986478354,0.1589200967,0.3672138128,0.0240659122
23712,0.5817142597,0.072469614,-15.23703938,0.0357096649,1.1050422626,0.5196997482,0.0687374749,0.0864337987,0.1183814034,-4.1514e-05,0.1068235069,-0.048397318,-1.08168643,0.150859012,0.0483973178,40,-5.8949e-05,0.2834024477,0.092094703,0.0688079432,0.0151816846,0.0520157701,-0.044243342,0.0762868212,0.0497070986,0.4154987972,0,1.1843013226,0.0037396102,0.8904542841,0.0530739275,27.07960199,7.078023407,0.1246028143,0.0,0.0,0,,0,0.0,0.2981564438,9.0,-0.741661352,-0.077169019,0.0243272381,9.3019329726,-11.5272548,0.2401519775,0.0598485229,13204.480571,0.0257826007,16.966614783,0.0007028436,0.0121230531,0.034547887,0.002206137,0.0074401494,0.0455802997,1.0,-0.000711575,0.5664990092,-0.01863837,6.0,17.284230931,0.1251595736,1.2823466007,0,0.080304809,0.0138066458,0.0109270374,0.0172618156,0.2549541617,1.3765103162,6.610247e-11,1.8322154e-08,0.3153037627,0.0994164628,-0.235353783,0.0253684794
54148,0.606028804,0.0598262732,0.7490461038,0.0109025689,0.4747951317,0.734350357,0.0870291273,-0.018860809,0.1608468055,-0.031054288,-0.078511629,0.0190815146,0.3480408485,0.0390042863,0.0190815146,40,0.0632240095,0.0796252927,0.0251370036,-0.002758463,0.1577756449,0.5299724804,-0.10990059,0.0663336975,0.03355638,0.4917817987,0,23.985645951,-0.225700294,5.5383563264,-0.388742606,4.4471998595,30.807131443,0.1310127704,0.0,0.0,1,0.0137250645,0,0.0,0.2737318002,5.0,-0.387806464,-0.258566213,-0.485448737,-0.250558631,-1.939083215,-0.693532468,0.2524283893,6167.0002663,0.0665802826,15.666093541,-0.001494664,0.0132100492,0.0233957752,-0.013353693,0.0863589461,,2.0,-0.005299417,1.773550183,-0.054867205,4.0,16.84106449,0.0556366157,3.6469488371,0,-0.105045736,0.0278671198,0.0218805173,0.0306514891,0.4718079487,13.178803576,1.19349e-10,4.6936144e-09,1.2848953026,1.6509559387,0.0306663931,0.0345105695
64929,0.2920012909,0.0461451484,9.7947820982,0.0124593208,0.2453725709,0.6255881072,0.1256004114,0.1393144864,0.4961721898,0.0079569567,0.2562616314,0.0028839568,0.0318983219,0.0446731956,0.0028839568,40,0.0098441831,0.0886146943,0.0499934878,-0.094033223,-0.003117641,0.1939181232,0.0502833576,0.0116443492,0.0634262868,0.4336442769,0,2.8143729834,0.1199055826,2.1922162353,0.1149467437,11.831425438,4.0418188343,0.2710739084,0.0,0.0,1,0.0026683305,0,0.0,0.8551616224,3.0,0.1921637126,-0.016909398,0.0653311506,0.5831849364,-0.000171164,-0.618859464,0.2057281554,-14745.9961,0.0739470786,13.980005942,-0.001836358,0.022175279,0.0387663606,-0.009402058,0.1366336859,0.0317476623,0.0,0.0009081474,0.373618621,0.0313225742,4.0,13.863142669,0.1697714332,0.8098116249,0,-0.13824669,0.0246718004,0.0134081935,0.0186108809,0.4417164131,1.8786070987,3.1681716e-09,2.8338184e-08,1.3588376254,1.8464396922,0.0106999052,0.0289915751
64961,0.2942379199,0.0283632321,3.7827504436,0.0443982336,0.1836584655,0.5087211127,0.1185587313,0.0347437862,0.6575210422,0.0016111351,0.1801250934,-0.122410082,-2.027879409,0.0858804464,0.1224100824,33,-0.000468209,0.0897293289,0.1024541961,0.1676688367,-0.012703922,1.4065939347,0.1160437174,0.015818163,-0.039140601,0.4857746313,0,1.8058407057,-0.140727838,1.801829976,-0.139881058,3.6857914048,4.4237745452,0.3462252523,0.0,0.0,0,,0,1.0,0.9905249246,5.0,-10.1058371,0.1827531818,-2.35173682,4.0722606892,-0.991533019,1.0266902594,1.0804527244,-3270.779618,0.0288563477,13.663023768,0.0036718343,0.0188596223,0.0297013081,0.0063851896,0.2631230196,0.0067967389,1.0,0.0056089744,1.3378930706,0.1594977453,7.0,14.187017794,0.0898030845,1.8388542692,0,-0.111549313,0.0175808724,0.0122957393,0.0249663603,0.4203292195,2.8820848843,1.7208484e-09,1.4670845e-08,0.96002783,0.9216534344,0.3455806952,0.0438127904
65008,1.2880714475,-0.137430365,-2.282483956,0.0,0.9339287293,1.8548589619,-0.089134973,0.3954440292,0.3377491547,0.3352965069,0.4541524397,0.0213224368,0.2954574701,-0.178035193,0.0213224368,33,0.0610048291,0.9198473282,0.8563034283,-0.049185923,0.307062203,0.1890096278,-0.235177639,0.1755428012,0.3208683194,0.5599310754,0,2.1767798634,0.10248036,1.5842371289,0.0787071099,3.9593431484,3.4890056884,-0.099051893,0.0,0.0,0,,0,0.0,0.550679168,4.0,-5.410148226,0.4056860129,0.9174464548,0.8166215236,0.2917793653,0.0111362611,-0.189403593,-3983.821894,0.0400118084,11.318506023,0.0213004983,0.0100555742,0.0189538808,0.1481121231,0.2111497258,-0.229625822,3.0,-0.055813953,0.48957224,-0.166538458,1.0,10.416431795,0.8015922184,0.3154179003,0,-0.131569503,0.1026856378,0.0320281787,0.0527181685,0.7760284967,1.0137691054,3.379826e-07,9.2588063e-08,1.9365164389,3.7500959182,0.134377635,0.0747088639
87043,-0.146291943,0.0405680692,1.7624991143,0.0,1.014668891,1.33878259,0.0570499608,-0.008410771,0.7020657936,0.0311409289,-0.066796825,0.0297715782,0.6399761337,0.0146054731,0.0297715782,32,0.0401635966,-0.031007752,-0.000126545,-0.222103809,0.0066968363,0.8174435269,-0.267613941,0.04673326,-0.308489703,0.5802288414,0,0.9454949049,-0.342677606,0.6942986765,-0.380756073,7.8376482592,4.4547314331,0.0661867753,0.0,0.0,0,0.0,1,0.0,-2.798009153,6.0,7.2033932279,0.0386955548,-0.169213448,-0.511905349,-1.027163363,-0.797329162,0.0069144302,-4037.878219,0.0410566741,11.708713522,-2.5411e-05,-0.037934531,0.1755327754,-0.098259582,0.213733484,0.0070019092,0.0,-0.229456475,0.108762736,0.0629086699,4.0,12.087970545,0.1300657666,1.0351859841,0,-0.131569503,0.0963302925,0.0415236926,0.0875376317,0.5599841032,2.1949818657,5.9841616e-08,2.3668675e-08,1.4190335891,2.013656327,0.269733743,0.0628275907
27756,0.2810483813,0.0510812537,45.05975,0.029746655,0.6773622317,0.2682160487,0.0933921332,0.0481957428,0.1844461436,0.0017133067,0.0518298021,-0.052288054,-0.958498896,0.100042579,0.0522880539,40,0.002504817,0.0115942029,-0.025163934,-0.000302056,0.0897994697,0.0572078704,0.0581106631,0.0733048862,0.0395395395,0.5229691978,0,0.6670421629,0.0535437173,0.5477953009,0.0564352126,37.165625,5.6152030217,0.1502645503,0.0,0.0,1,0.0305367793,0,0.0,0.5703203203,7.0,-0.698090459,-0.113650963,-0.247481007,9.0012670942,-11.73150809,0.3784133706,0.0090320899,-3308.117599,0.0257826007,15.296479155,-0.00032195,0.0079806115,0.024908313,-0.00459667,0.0,0.0948303889,0.0,0.0,0.7176070323,-0.038954398,5.0,16.247967144,0.3389023679,3.6010745148,0,0.080304809,0.0148952873,0.0044274665,0.004666648,0.6183987449,11.030551553,7.104717e-11,1.0012204e-08,0.4438139337,0.1969708078,0.494520776,0.0284106621
65270,0.4832363817,0.0768172799,3.3428482296,0.119866142,0.5006313131,2.1844561688,0.1319284707,0.0086565577,0.5974411724,0.0203720106,0.7660065219,0.0302997175,0.3864103317,0.0471342893,0.0302997175,33,0.0,0.1732193732,0.1346309244,0.0792513101,0.0306493894,0.3648771611,-0.24758454,0.0134297998,-0.301622731,0.6096783083,0,3.0710870393,0.0449992059,3.0710870393,0.0449992059,30.224613945,3.0764956179,0.2305259223,1.0,0.0,1,1.0,0,0.0,0.8422073055,6.0,-10.1028159,0.3347305273,-2.268246776,4.2612591509,-0.327501416,-0.205024626,1.0417065673,-4145.717558,0.0288563477,11.063554901,-0.002035192,0.0112181356,0.0216793618,-0.020969555,0.0556113329,0.023833555,1.0,-0.014702792,-0.484854693,0.0707384963,3.0,9.4364323616,0.3630532756,0.1902796882,0,-0.111549313,0.0229008328,0.0167447103,0.031401437,1.023736804,0.2975202153,1.7867612e-06,1.9089928e-07,0.3832770753,0.1469013165,0.6458377036,0.0344344703
69649,0.6375280406,0.070793042,-2.891259033,0.0149823702,3.0584198509,0.7483591763,0.0437536996,0.1352173135,0.0404961456,0.0121527163,0.1482707646,-0.015943553,-0.790689847,0.1267683815,0.0159435527,33,-0.000280251,0.067961165,0.0690175734,-0.078195789,0.0089927502,0.2669858329,0.0211272912,0.0018896364,0.0919520163,0.7169761869,0,1.3555214506,-0.02208672,1.262748127,-0.011482443,0.8578210403,0.3229725701,0.0281109374,0.0,0.0,1,0.4103173749,0,0.0,0.2040518821,5.0,0.0174488223,0.1020286164,0.0025005567,0.1680769902,-2.160372846,-0.502545207,0.0429410941,645.43296418,0.0567968909,15.812921656,6.78223e-05,0.0052073458,0.0288834509,0.0079239314,0.2336871543,0.0041634533,0.0,-0.001073947,-0.167110919,0.0152828358,4.0,15.90740211,-0.027463777,1.7189705037,0,-0.168614603,0.0870098472,0.0286537591,0.0270026742,0.4333494481,3.8309989206,3.541732e-10,1.2918054e-08,1.1532603993,1.3300095487,0.0939921099,0.020829431
66683,0.3819081373,0.0868349081,131.88810479,0.0324429012,0.2411671149,0.8277929758,0.2454889328,0.2713410316,0.6119968783,-0.01117423,0.6402815314,-0.049353242,-0.316338558,0.1143041377,0.0493532424,31,0.0184568808,0.1538461538,0.2556684461,-0.243353801,-0.019921403,0.2747876988,-0.07344369,0.2326283006,0.1132236746,0.5820079239,0,3.5631181698,-0.010143184,2.9120588088,0.0231148265,239.19494474,3.5210222266,0.873238126,0.0,0.0,0,0.0,0,0.0,0.8722228301,4.0,0.7846486266,0.0612126892,-0.033634606,1.5186001668,-1.265166104,0.9568680288,-0.248311959,323.53518959,0.0279332649,15.006505684,-0.036902712,-0.025418021,-0.034483502,-0.171178789,0.0058287807,-0.204241335,0.0,-0.001129944,0.7805317011,-0.027162757,5.0,15.606013927,0.6751350523,1.9891317834,0,-0.500704589,0.0474425778,0.02414235,0.0440457811,0.5537063086,5.827072762,8.355085e-10,1.0980962e-08,1.7348871356,3.0098333733,-0.018657139,0.0513394866
65700,0.3794007405,0.0475002045,3.5538736885,0.0068428549,0.1121565991,0.3675054552,0.1913813974,0.0687584655,0.2746125871,0.0037668161,-0.098420772,-0.064993582,-0.650952651,0.0784205886,0.0649935816,40,-0.00129915,0.0538720539,0.1201809143,-0.117245488,0.0218873477,0.1373383834,0.0276885917,0.0666360931,0.1307408355,0.6796148438,0,3.6756258762,-0.331111054,3.1374324054,-0.309106143,2.5687615717,8.5898303141,0.710627268,1.0,0.0,0,,0,0.0,0.3652498081,7.0,-9.265881249,0.0039679155,-0.148693426,-0.395046528,-2.00553206,0.4666358444,0.1683202832,-136.9279483,0.1213471346,12.605421146,0.002762696,0.0304772951,0.0355512129,-0.007995619,0.2817766936,-0.062042432,2.0,0.0009779377,-0.189705512,0.0428392726,4.0,12.50589932,0.3582597624,0.62540424,0,-0.190106287,0.0194377434,0.0117605517,0.0285744361,0.4959704406,1.4356540841,1.2141163e-08,3.1846011e-08,0.8480091172,0.7191194629,-0.029832258,0.0305560489
24942,0.2865468208,0.0655522858,2.2612080949,0.0224424072,0.5468907775,0.6866895256,0.1391777246,0.0744406362,0.2299071899,-0.022893482,0.2308056872,-0.000185642,-0.002294631,0.0657027041,0.0001856424,40,0.0082053948,-0.031746032,-0.037121404,0.0047036912,0.0995880349,0.226873385,-0.01246349,0.0150575731,-0.136837336,0.3196830824,0,1.7355817875,0.0272748763,1.0376053963,0.0221240001,4.8370417461,18.115873016,0.1589122583,0.0,0.0,0,0.0,0,0.0,0.5214318079,5.0,-10.02086456,-0.052886119,-0.114308183,0.2591886776,-0.900455967,0.2954837887,0.1388959466,30126.536097,0.0318276958,17.440475897,-0.000152051,0.0157541231,0.0445505171,0.0093957356,0.1046531505,-0.002688021,0.0,0.0002745744,0.4744406946,0.0479455956,4.0,17.646300643,-0.055108451,1.4227939031,0,-0.095378135,0.0215936787,0.0096250684,0.0148934267,0.5136226004,3.5479713616,3.129738e-11,1.5411319e-08,0.647473533,0.419221976,0.0468092356,0.0236738098
58771,0.5754676567,0.0092222381,1.7337324154,0.0114831739,0.4249071826,0.9689597315,0.1007726342,-0.064745437,0.2631535611,-0.00886918,-0.073194471,-0.075789593,-8.619354839,0.0887119806,0.0757895931,40,0.0207059891,0.0524017467,0.052136835,0.0872812938,-0.007578604,0.2609595484,0.164468522,0.0250857692,-0.059235483,0.3864229663,0,2.9431676465,0.1952408618,1.7108498129,0.0830334482,9.7488775816,7.2784357542,0.114299185,0.0,0.0,0,0.0,0,1.0,0.4472813929,5.0,3.0729664242,0.0462021012,-0.114838784,1.3906221151,-0.764804064,5.2246643333,0.1803607874,-1757.732207,0.0446872923,14.872459143,0.0009805524,0.0127693857,0.0318273092,0.0207595217,0.0521892424,-0.065143571,3.0,-0.000354296,0.1439045762,-0.012288233,5.0,15.096315748,0.1958935659,1.3877648356,0,-0.101630079,0.0190827604,0.0140968201,0.0191170918,0.2773642275,1.5684836655,6.010133e-10,1.500608e-08,1.2963044695,1.6804052776,0.1636100924,0.0238863684
76711,0.7418835075,-0.039269536,-0.817486609,0.0,0.6320714016,2.1723897653,0.0156878271,-0.17933838,0.1924115911,-0.052726342,-0.231018977,-0.098662355,-3.829158136,0.1110997286,0.0986623553,31,-0.006626159,-0.040816327,-0.029142318,0.1921073785,0.0222746514,0.3798319559,0.0227570273,-0.06068227,-0.129494257,0.3833640917,0,1.976692236,0.2400120396,1.3831057942,0.1175816689,7.6524928152,71.701802997,0.0807504682,0.0,1.0,0,0.0,0,0.0,0.363826183,6.0,0.0517260834,0.0600083947,-0.05866267,0.5877946765,-0.362564348,-0.141033667,0.0305948941,-2144.148365,0.2058056635,13.361356929,-0.002843144,-0.000695344,-0.001287764,-0.021868525,0.1577867371,-0.000968683,3.0,0.0045801527,0.383191076,0.2535581589,1.0,13.543590528,-0.172518197,1.0396188098,0,0.0765612683,0.0339868963,0.0352769648,0.0269567978,0.4374558972,2.2522161974,6.2813409e-09,2.5644819e-08,0.835321664,0.6977622824,0.2815899623,0.038683883
76282,0.3027067722,0.0613273022,7.2803492042,0.0,0.9243797944,2.791546339,0.0951070961,0.0613588406,0.3776424357,-0.062870612,0.0811974575,-0.008005492,-0.155550262,0.0708667802,0.0080054923,34,0.0088023636,0.0909090909,0.0908343609,-0.012958324,-0.007932806,0.0441370768,0.0352529671,0.0385767175,0.0050443809,0.4216400586,0,1.0301906234,0.0091564441,0.2834106131,0.0603310113,253.43236074,23.366104182,0.0864860427,0.0,0.0,1,0.1208044119,0,0.0,1.3811417762,6.0,0.0022588099,0.1253623521,-0.045277621,-0.215838179,0.034693829,0.4794332373,-0.007649341,-208.3363916,0.5457032371,15.468432727,0.0011804406,0.0134624522,0.052071938,0.0688437957,0.007219197,-0.011849359,2.0,0.0001718804,0.9986383001,0.0095459418,6.0,16.565058331,-0.22509407,3.8552755794,0,-0.191138643,0.0354672372,0.0167824315,0.0310157438,0.4992662304,10.37203532,1.754346e-10,5.3190617e-09,1.0431572216,1.0881769891,-0.030243115,0.0304321567
80294,0.5517593523,0.0531909339,-22.39167513,0.0380397669,0.995111112,0.71203176,0.06955204,0.0633070391,0.1084761091,0.0044491525,0.0916380298,-0.081172468,-2.290341578,0.1750163415,0.081172468,26,-0.022048132,-0.036231884,-0.090993921,0.0519015211,0.1409452899,0.0430498188,-0.006492043,0.067319356,0.015762865,0.4842070797,0,0.7948541137,-0.230038276,0.4014567082,-0.062330918,69.228426396,21.329371286,0.1117305586,0.0,0.0,0,,0,0.0,0.2614521059,6.0,0.1443352063,-0.023974191,-2.727180435,-53.95238753,-0.425681613,0.0028711284,-9.223719573,-6323.149829,0.0244389518,11.588012601,0.0009115639,0.0002491493,0.0006402751,-0.005701266,0.0066490708,0.2153594026,0.0,0.0018795383,-0.318617098,-0.014412338,4.0,9.0190394596,0.0931983622,0.0868987696,0,0.080304809,0.0340909101,0.0152100058,0.0279975067,1.3670032121,1.3719191841,1.2450198e-06,1.6157693e-07,0.1444308218,0.0208602623,0.8645245985,0.0234645804
84381,0.1679838102,0.0616020034,3.969303927,0.0260595232,0.3087469188,0.4695254681,0.2822465045,0.0281242475,0.4600048158,-0.031455743,0.1614212914,-0.057004005,-0.435113581,0.0884058718,0.057004005,41,-0.008358266,0.0,-0.047648524,0.0961251228,0.0336105391,0.26832893,0.1136090478,-0.005859218,-0.150972499,0.5481106375,0,3.0488815244,0.3113243931,2.6454771409,0.3379197412,2.9349990694,6.0594620557,0.2565258508,0.0,0.0,0,0.0,0,0.0,1.0536849629,5.0,45.097155737,-0.077111437,-0.119958931,8.4616734548,-1.139168561,0.0337629938,0.3643333076,8225.577384,0.0587429544,16.517714903,-0.002038687,0.0314212128,0.0787558685,-0.012973936,0.3355660687,0.0182492832,0.0,-0.002562334,0.8896402986,-0.047183597,5.0,16.919229932,0.123201937,1.612476714,0,-0.101630079,0.0226569194,0.0083576438,0.0169162455,0.3168898253,1.8729778655,7.646799e-11,1.6103263e-08,1.2643497329,1.5985802472,-0.020638257,0.0228389872
35991,0.3882803249,0.0352830479,2.9267899315,0.0,0.1689020047,0.4075941625,0.1425163365,0.0354392995,0.3226237208,0.0307476897,0.0085535463,-0.039379868,-0.611236125,0.0568493214,0.0393798682,40,0.0021185989,0.12,0.1366166681,0.0646291401,0.0718554129,0.1746310331,-0.02627178,0.0100814101,0.047587246,0.5162174833,0,3.5871476608,-0.144874796,3.017360621,-0.125909213,2.5736113744,5.7691893627,0.3139909672,0.0,0.0,1,1.0,0,0.0,0.463093603,7.0,3.118710763,0.0388300191,-0.04724053,1.2034347833,-0.028417656,-0.880562308,0.1484981282,-3620.350447,0.0446872923,13.847529798,0.0017581508,0.0129633265,0.0209122021,-0.002808793,0.2040384801,-0.080148491,0.0,0.0013162843,0.9799366523,-0.04139716,7.0,14.189254229,0.5932160952,1.2934325761,0,-0.101630079,0.0455489643,0.0153611778,0.024260168,0.2791209132,1.2570346337,2.2831233e-09,2.1179469e-08,1.5736426182,2.47635109,-0.03157424,0.0375336848
36003,0.0960550768,0.0285800995,36.989408703,0.0157262794,0.0717255364,0.2930518993,0.311150488,0.0932676061,0.9521250188,-0.00234465,0.1479389425,-0.073003446,-0.410288819,0.0403061947,0.0730034465,40,0.0023614124,0.0269508874,0.0554758803,-0.003523285,0.0126846563,0.4279475553,-0.056798008,0.038343274,0.0557232661,0.2906329436,0,1.123789472,-0.034475163,1.0680745135,-0.039465788,13.025191009,15.668746115,0.5605184021,0.0,0.0,0,,0,0.0,1.6059759729,5.0,-10.12102106,0.0577089441,-2.414515262,3.874077846,-0.272245297,0.4286742306,1.0348784726,582.35664162,0.0288563477,15.586457516,0.0031307689,0.0530726553,0.0905915217,0.0025327144,0.1557508126,0.005711013,0.0,-0.000249349,-0.154347599,-0.017149982,7.0,14.953663001,-0.075876269,0.4015766034,0,-0.111549313,0.0128107853,0.0077937476,0.0159526227,0.3628403703,0.4948853783,7.316779e-10,6.9739901e-08,0.765445408,0.5859066726,0.1596413665,0.0193019188
45495,1.6150325474,-0.040923186,-7.958141493,0.0129766519,1.2805533626,0.6280510193,0.0401551628,0.0545942889,0.1044468359,0.0026401365,0.2069412719,-0.066129927,-4.558014721,0.1456052984,0.0661299267,40,0.0,0.1577593598,0.1551962788,-0.427187496,0.0043992618,0.0434111675,0.0228962979,0.0755372434,-0.041351018,0.5593985109,0,2.8242397688,-0.344990095,2.8242397688,-0.344990095,5.3792171108,3.3462392059,0.0599153782,1.0,0.0,0,0.0,0,0.0,0.1372173672,4.0,0.5443163241,-0.051591911,-0.0297214,2.7517245769,0.1172282229,-0.252111198,-0.217010798,404.69910959,0.0279332649,14.669064661,0.0072970444,-0.027660095,-0.04898549,0.0385708217,0.0348228623,-0.9175863,0.0,0.0222910217,0.4775423164,0.0610270593,5.0,16.649434326,0.0222379685,7.4755672806,0,-0.500704589,0.0918884575,0.0395321504,0.0564084122,0.2318886561,9.1921359478,4.344837e-10,2.8940263e-09,2.0213801606,4.0859777538,0.0076251327,0.0473717524
67847,0.5874809296,0.0129735927,1.8874926937,0.0141594787,0.1272031246,0.0694102816,0.0425167164,0.0117196902,0.0728966946,0.0011699868,-0.018270207,-0.048181048,-2.696699702,0.0479594764,0.048181048,34,0.0,0.0,0.1722746477,0.5293831447,-0.21956999,0.0448673647,0.0359777346,0.0234857225,-0.000680759,0.6457551996,0,31.664197333,-0.031802493,31.664197333,-0.031802493,0.3742604486,6.3038568805,0.2828432307,0.0,0.0,0,0.0,1,0.0,0.0801299515,4.0,2.4968914521,0.2884166308,-0.080756294,-53.95238753,-3.136741326,1.7956654896,2.3752013325,1675.0978613,0.0232932967,15.223326526,0.0190876651,-0.015398068,-0.019143079,0.0016455366,0.0323071705,12.607459702,0.0,-0.002554278,1.6425617784,-0.169795679,5.0,16.310374442,0.5774746565,3.6931629563,0,-0.142502855,0.0547867194,0.0257961908,0.035857007,0.2424976047,2.7829655627,4.957239e-10,7.6361899e-09,0.3004836446,0.0902904207,1.00146505,0.0598801914
27633,0.369454049,0.0447653938,-3.946265981,0.0153572841,1.5953073081,1.3480390126,0.033137215,0.0628534383,0.2530859153,-0.005531077,0.0901120955,-0.122238677,-5.206442014,0.2778338211,0.1222386773,40,0.0001820044,0.0588235294,0.0341921258,0.0116880415,0.0378049375,0.136112982,0.0047849241,0.07333227,-0.040723061,0.4944547314,0,0.9840946021,0.1402966837,0.9237365706,0.1393045626,104.3980123,8.3520879043,0.1683156328,0.0,0.0,1,0.0083461566,0,0.0,1.1398471251,5.0,0.0016809377,-0.021462984,-0.057878822,-0.199563756,-0.541597519,-0.745599235,0.0062554427,1853.6891373,0.2350454299,15.12417053,0.000351507,0.0085362612,0.0474595741,-0.004571761,0.0069672555,-0.094599203,3.0,-0.001620746,0.5406064236,-0.027057867,5.0,16.255669973,0.2135623387,3.62897169,0,-0.151944756,0.0643677711,0.0243406299,0.0286460259,0.3747441342,6.0069743746,3.385697e-10,6.4976884e-09,1.5353176212,2.3572001979,-0.026426871,0.0242102239
68196,0.1869310678,0.0477530784,7.621738411,0.0115606581,0.0442393923,0.1896867591,0.234792348,0.07205964,0.2873804258,-0.015090817,0.0427133105,-0.037618493,-0.175989056,0.0561570976,0.0376184926,34,2.81686e-05,0.0272826482,0.1242065761,0.0499502893,0.2305747565,0.4843669096,0.0134554862,0.0193257359,0.0792481328,0.5999199741,0,4.319680803,0.0606088665,4.2239442988,0.0636378049,1.8804465523,5.2139309425,1.3122371112,0.0,0.0,0,,0,0.0,0.3573791395,7.0,1.3707358403,0.0384626677,-0.060577924,-0.247612533,-0.323082067,0.327148097,0.0281525634,-384.957494,0.0558672041,15.868174732,-0.002336821,0.0520535682,0.0608163053,0.0017100075,0.4236447776,0.0408991882,0.0,-0.000829359,-0.131403365,-0.023650333,6.0,15.932279044,-0.208034702,1.2698141278,0,-0.168614603,0.0529959053,0.018998,0.0229654668,0.2936806028,1.5734736361,3.641427e-10,1.8279967e-08,0.9960446578,0.9921049602,0.0083807476,0.0245432115
54199,0.5527084224,0.0795035819,-97.25742393,0.0232912377,1.3952168082,0.4905754355,0.0707630012,0.14353154,0.1178240086,0.0058505627,0.152556189,-0.011856478,-0.272265761,0.1011496851,0.0118564782,40,0.0001420592,0.0422163588,0.1545821309,-0.171195166,0.3657438284,0.0369727325,0.0956663433,0.0850875597,0.1213668561,0.4600646401,0,1.5235378351,1.2744331218,1.4963753524,1.294349185,133.25052105,7.0524852737,0.1056691559,0.0,0.0,1,0.0076671913,0,0.0,0.3390145559,7.0,-0.675192483,-0.071005677,-0.216858851,9.2729271353,-11.4497674,-0.49678557,0.010139196,-7090.611159,0.0257826007,13.462519359,-0.008424069,0.0073572933,0.026142393,-0.067770622,0.0047386417,0.0406019438,2.0,-0.003577236,0.0265532656,-0.037379196,3.0,13.953536779,-0.001696171,1.1636639577,0,0.080304809,0.0328782499,0.020870255,0.02642745,0.3561171541,1.9022491085,4.0326115e-09,2.2040247e-08,0.7311749905,0.5346168667,0.1242179534,0.0304502691
41320,0.4784241659,0.0877388377,0.9339593114,0.0,0.3369406494,1.2648314523,0.1958107106,0.1627225722,0.5813701096,0.0043625788,0.0054653889,0.0346864673,0.2997884344,0.0614357489,0.0346864673,40,0.0051731875,0.0,-0.001323966,-0.105370773,-0.041696469,0.2750929368,0.2336877756,-0.053064394,0.3066497676,0.5574664506,0,2.2682772492,0.0822995124,1.734999661,0.2247141657,6.398028169,6.0182829889,0.3019868525,0.0,0.0,0,,0,0.0,1.1114152936,5.0,3.1259888697,-0.208102693,-0.16724053,1.2935786243,-0.697671197,-0.712041483,0.1530845558,-4957.556207,0.0446872923,11.975400828,-0.005215155,0.0154943952,0.0248437965,-0.007796605,0.0494453272,0.1274414005,0.0,-0.004885873,-0.1276134,0.0095205531,4.0,9.6597585676,0.3871994854,0.777665827,0,-0.101630079,0.1824925095,0.0403573008,0.0082702907,1.477564815,29.546919517,1.4501888e-08,1.0242398e-08,0.2687257279,0.0722135168,0.9797211603,0.0548009313
68276,0.1703905929,-0.069285861,6.9947562098,0.0,0.0067236304,0.0,-2.183917197,0.3086765294,0.0,0.1567679904,-0.607215241,0.1560443367,0.3518500439,-0.093664094,0.1560443367,20,0.0,0.0,,,,4.743872549,-0.67246805,0.0035485806,2.7999698295,0.6861180492,0,22.527122642,-0.263735097,22.527122642,-0.263735097,0.0,0.0,-1.330689487,0.0,1.0,0,,0,0.0,0.0,1.0,,-0.029412831,-0.20862324,-8.650012083,9.4917014238,-0.42660587,-8.851016079,-5399.529157,0.0248274717,11.517312945,0.0,-0.185007362,-0.191093332,0.0,0.7098180725,0.6333333333,0.0,-0.017269179,-0.098187787,-0.009379208,2.0,9.9657550468,0.2935606842,0.2977335482,0,-0.25352422,0.2192683369,0.0550737206,0.0746833187,0.8067242546,1.276681407,3.4021118e-07,6.3168882e-08,0.2729483644,0.0745008096,1.1351116425,0.0893967799
46340,0.6298869762,-0.012579319,1.0311434821,0.0,0.1481154329,0.0,-0.205152956,-0.079602076,0.0,-0.041803925,-0.011543165,0.0452705245,2.9209555253,-0.04932295,0.0452705245,40,0.0,0.0,,,,0.6016260163,-0.097560976,-0.293245629,-0.094266514,0.4309124866,0,21.174927558,-0.033752817,21.174927558,-0.033752817,0.0,,-0.083222643,0.0,0.0,0,0.0,1,0.0,-0.015464008,1.0,,-0.134322776,-0.152484604,-53.57598012,-1.301221626,-0.471922765,-1.311940665,-1932.468308,0.0207317787,12.535777046,0.0,-0.04071172,-0.051495532,0.0,0.3396946426,13.766666667,1.0,-0.001287001,0.1174043688,0.0118622035,2.0,12.19953633,-0.209194471,0.6107940919,0,-0.142502855,0.0613172166,0.0237818245,0.0278491144,0.3940565335,0.7606561003,3.1582132e-08,5.2615085e-08,1.0061579021,1.0123537239,-0.049975636,0.0296466152
68591,0.2252501164,0.0537510399,7.274116712,0.0165759195,0.3198776957,0.3015851761,0.1666283084,-0.004000781,0.4143247463,-0.00849829,0.0203627652,-0.029528233,-0.301397206,0.0699514532,0.0295282327,38,0.007430946,0.0,0.0219960007,0.167565621,-0.028547241,0.2308265078,0.0958430169,0.0050741608,-0.007563224,0.3417339081,0,1.4681170293,-0.481841048,1.1740435109,-0.49400998,3.8192934783,4.6271604938,0.2222410434,0.0,0.0,0,0.0,0,0.0,0.9834554479,6.0,-9.988029782,-0.013880836,-0.082562152,0.1978919732,-1.208885825,-0.280128901,0.1431446956,15527.394897,0.0318276958,16.890105024,0.0027354435,0.0223167947,0.0559750065,-0.001851882,0.2288539326,-0.007428692,0.0,0.0,1.1493084449,-0.094300822,5.0,16.977346927,0.2877991422,2.0718688697,0,-0.095378135,0.255690068,0.0567423978,0.0179815814,0.8408830797,25.24159523,7.206986e-11,6.3562271e-09,1.0256267912,1.0519103148,-0.016966068,0.0244156273
23085,0.5786000362,0.062419655,-19.7220438,0.0345744557,1.3765970382,0.5744232563,0.0538438528,0.1113162754,0.0917304141,0.0120567376,0.13,-0.011994003,-0.356877323,0.0846958144,0.011994003,40,-0.000124938,-0.017198197,0.1014460512,0.0565582706,-0.021477107,0.0313930674,-0.033043695,0.0437879188,0.0692538593,0.4437311298,0,0.8468219503,-0.14066344,0.7043031978,-0.040070689,36.138686131,5.9081145585,0.0824502571,0.0,0.0,0,,0,0.0,0.227915952,5.0,-0.75252565,-0.08032485,-0.276273406,9.2988187491,-11.54311474,-0.318980179,-0.006314675,876.85040057,0.0257826007,16.099622985,0.00063008,0.0091031281,0.0278452626,-0.006592405,0.0032715376,0.0162696175,1.0,0.0017774618,0.7673793485,0.0437472825,5.0,16.5410726,0.039203452,1.4385365865,0,0.080304809,0.0135423653,0.0110010108,0.0151819701,0.3079157923,1.741898979,1.506721e-10,1.6771302e-08,0.2308939462,0.0533120144,-0.012512988,0.0225991349
36281,0.5524834826,0.0743053096,2.3499444049,0.0,0.1946879668,1.3136471627,0.1092354542,0.0758538207,0.2208737268,-0.015138772,0.020221133,-0.002489511,-0.024179374,0.0761019655,0.0024895115,40,0.010515029,-0.054312538,-0.031900269,-0.005128864,0.3754170309,0.1091045011,0.0122769459,0.0136645243,0.0972221381,0.4992989906,0,3.2339138544,0.0733383228,2.0740762911,0.1050123702,12.252978511,10.186092292,0.4829813337,0.0,0.0,0,,0,0.0,0.2983695782,7.0,-0.458715741,-0.190809461,-0.03429447,1.8813707184,-1.878279823,0.7515239876,0.596930397,-3475.793857,0.1654820061,15.072980432,-0.015336583,0.0008097164,0.0010876767,-0.0587623,0.1941655519,0.0032879156,0.0,-0.028323879,-0.287381663,-0.02803602,5.0,12.376818254,-0.043928478,0.0580700256,0,-0.239385698,0.0353112891,0.0194426717,0.0282059471,0.5119015437,0.1094474894,2.4203445e-08,4.695118e-07,1.1473760031,1.3164716926,0.2213292824,0.0394037116
88518,0.4906269006,-0.132260893,9.7496739579,0.0,0.1665777844,0.1516060681,-0.190057464,1.7180618694,0.1827253576,0.5289130202,1.5561594203,-0.121038255,-0.411693107,-0.077809995,0.1210382546,31,0.0,0.5544554455,0.157679069,-1.22844402,-0.308369648,3.4332247557,-0.139844013,0.0035480652,1.7831420657,0.1329996492,0,0.8430193721,-0.634766251,0.8430193721,-0.634766251,3.886641904,2.3206834237,-1.043810494,0.0,0.0,1,1.0,0,0.0,0.2437064321,2.0,-10.29384272,-0.409201592,-1.887010703,4.2686496699,-1.491027642,0.1119278668,0.9167622826,-4048.070178,0.0288563477,10.950896033,-0.018287244,-0.069202368,-0.097915098,0.1471728918,0.039577449,0.0026581348,0.0,-0.027624309,-0.205026796,-0.031291813,2.0,11.340154207,0.0607720532,0.7895401172,0,-0.111549313,0.1802325249,0.058361707,0.0709306989,0.6667254717,2.2927846555,1.8932811e-07,3.0443177e-08,1.6077532443,2.5848704947,-0.290569025,0.091146611
85926,0.1301708903,0.0288932807,16.037423311,0.0125155706,0.7700658215,0.8676380161,0.097291135,-0.119605439,0.3104158,0.0730533795,-0.11167788,0.0535634232,1.7822549399,-0.022601912,0.0535634232,40,0.0022356907,-0.04,0.0077625215,-0.095823761,0.0233670152,0.2664115989,0.0868175438,-0.024304263,-0.162911237,0.2793593021,0,1.5550291756,0.2288447779,1.1462245075,0.1342553584,24.025108493,5.5112707104,0.0714920739,0.0,0.0,1,0.3220315236,0,1.0,1.8260024476,5.0,-0.042907082,0.0953332401,-0.048193401,0.29462289,0.3176857249,-2.56851102,0.0005622512,4800.0263858,0.1879227517,16.04731468,0.0003231791,0.0108856877,0.0805806272,-0.024746583,0.0440662774,0.0047962548,1.0,0.002559727,0.3408722007,-0.052199711,1.0,16.511774184,-0.113315002,2.0461238796,0,0.0081788241,0.0304410309,0.0232580191,0.0217691718,0.5163293876,7.9855079236,1.418077e-10,8.9973007e-09,0.9459544463,0.8948298145,-0.007893159,0.0305417617
41574,0.4011936366,0.0627184191,11.17117314,0.0,0.4447079648,1.7012931621,0.1058406329,0.0379278729,0.6246638142,0.0204295443,-0.080259633,-0.012087401,-0.160047657,0.0727563552,0.0120874012,40,0.0174862405,-0.019230769,0.2896848624,-0.12261037,0.1313677691,0.4605418139,-0.014224184,0.0524449878,0.2103246168,0.4177135832,0,1.6595115355,0.0872925842,0.8158539677,0.1676055461,70.560950413,8.9017333507,0.2400579617,0.0,0.0,1,1.0,0,1.0,1.5012022843,8.0,-9.954723012,0.5207043639,-0.101792921,0.3738354935,-0.491986263,-0.333404852,0.1459495977,-3073.957208,0.0318276958,10.441147457,-0.005684328,0.0174483218,0.0365626456,0.0069316267,0.0256529972,0.027700904,2.0,-0.003699137,1.6312389396,-0.057827662,6.0,8.8062383165,-0.372558205,0.1126000098,0,-0.095378135,0.0545242094,0.026062748,0.0284352961,1.9685402694,0.8026295414,2.97821e-05,1.5329474e-07,0.2859498924,0.0817673409,1.1001082379,0.0779830036
51625,0.2943192391,0.0366162132,-20.89279651,0.0153784096,2.2677796612,0.6438069663,0.037565386,-0.076121236,0.0660507033,-0.035089041,-0.081471093,-0.011956078,-0.871684196,0.0685339875,0.0119560781,41,-0.000392111,-0.079979781,0.17119116,-0.039320151,0.0570770705,0.0948972361,0.2632037994,0.0018696629,-0.032175813,0.110073064,0,0.7189316097,0.1732761125,0.6651334763,0.1899374962,14.51564765,22.745493083,0.0314986074,0.0,0.0,1,0.0610710461,1,0.0,0.4772095062,7.0,0.0391059295,0.0479520222,-0.066330748,0.0674088287,0.3195982787,0.3305519459,-0.022502977,1629.1701811,0.1781425674,15.457754895,-0.00395905,0.003978923,0.0358214634,-0.000722748,0.012181286,0.0177439991,0.0,-0.001476015,1.3673021769,-0.036267041,2.0,15.676754341,-0.076260106,1.5621650175,0,0.0765612683,0.0323809683,0.0101860577,0.0146268411,0.4027766015,2.3515488078,2.664201e-10,1.8043317e-08,0.9270230477,0.8593717309,0.001174967,0.0193326332
50243,1.411718689,-0.211352137,-3.932433485,0.0,0.9712327092,2.1396192353,0.0280897069,0.1747158617,0.2373429324,-0.003062117,1.2914340405,-0.128371751,-1.339731286,0.0718029333,0.1283717509,38,0.0034024031,0.0971659919,0.0440778621,-0.162735765,-0.096001707,0.0695466667,-0.254546667,0.1088224511,-0.120249431,0.5695342602,0,2.617580612,-0.337708113,1.3811871021,-0.266673588,7.5962554009,5.2550647625,-0.239798391,0.0,1.0,1,1.0,0,0.0,0.2980534255,2.0,2.9712643432,-0.071373514,-0.070074538,2.2268731473,0.2838794338,-1.065658247,0.1634517401,-5104.381725,0.0446872923,9.9661629351,0.0411086418,0.0220535926,0.0310478655,0.1029333553,0.0857931193,-0.000336654,1.0,0.2481319559,6.5705548579,0.1658108104,2.0,8.6943472479,0.1486202234,0.2318488529,0,-0.101630079,0.0404987894,0.0197844106,0.0199707645,1.2017668637,0.9710013471,2.004471e-06,2.0000001051,0.3214666379,0.1033407993,0.8098681767,0.0395324074
88742,0.342577159,0.0449302171,4.8773597226,0.0150280126,0.4785625725,0.4335435107,0.1077617771,0.0372458568,0.3296499533,0.0038269551,-0.004949116,-0.133377403,-2.393825812,0.1524853307,0.1333774033,20,-0.003158895,0.0381231672,0.0582763108,-0.005945387,0.0124574136,0.1623278239,0.0932787759,0.0583193469,0.1025585216,0.5218484986,0,2.169320756,-0.025893632,2.0206579437,0.0187697037,4.7440544423,7.2456618576,0.2757733348,0.0,0.0,1,1.0,0,0.0,0.8051341143,7.0,-0.168365419,-0.008658246,-0.001675711,4.7514228335,-0.807169257,-1.878517638,0.8749033375,-14075.60991,0.0314049921,14.151398793,0.0011096432,0.0128499961,0.0285860352,0.0028403112,0.140731712,-0.040357043,0.0,-0.001051156,-0.098693616,0.0003098194,6.0,13.65952553,-0.119283633,0.5846815258,0,-0.107492679,0.0439393893,0.0206811311,0.0292491326,0.3377098448,0.9052668561,4.7327079e-09,3.7540485e-08,1.2667527187,1.6046624503,-0.162617982,0.0487969601
36468,0.0400013004,0.0347593063,243.47172044,0.0086413037,0.1890567746,0.4467729009,0.2385953485,-0.105985783,0.8369765987,-0.054180108,0.0220509152,-0.035676874,-0.249040579,0.0434157841,0.0356768743,40,0.0103754302,0.0542343156,0.0926805787,0.062788554,0.0192279794,0.19484736,0.0597451522,0.0245345599,-0.438461343,0.3436134641,0,0.9575157815,-0.233507392,0.5719671902,-0.338977869,273.23806835,9.8442221367,0.228564707,0.0,0.0,0,0.0,0,1.0,2.9741898582,6.0,47.623712391,0.1973789535,-0.154388924,-8.780401376,0.5520180271,0.7656579175,-8.7139362,19363.574203,0.0248274717,17.095471632,0.0044994424,0.0610450711,0.494480697,8.26863e-05,0.0149178395,0.0044605761,2.0,0.0001494748,0.3379105573,0.0998288654,7.0,17.956220965,0.1181466879,2.0176766312,0,-0.25352422,0.0145184975,0.0100068144,0.0175058306,0.3428472561,3.4766326228,2.967179e-11,1.0889436e-08,0.8422967134,0.7094637534,-0.010816604,0.0231902617
49138,1.1836156966,-0.058007196,-84.75154423,0.0,1.3545271531,1.7705234676,-0.011934214,0.4283799922,0.2023027065,0.003671072,1.5280406325,-0.013469176,-0.500977381,-0.028946903,0.0134691763,41,0.0677513083,0.2752688172,-0.086524479,-0.550532076,-0.189665997,0.1511528297,-0.18575619,0.296544117,-0.046345602,0.4650019848,0,2.157918552,-0.218676926,1.3149924585,-0.258802732,163.86956522,2.8360404774,0.0807561463,0.0,1.0,1,1.2733305574,0,0.0,0.2820151397,1.0,-4.508441249,-0.25603326,0.2102805979,0.8328999926,-13.33311632,0.7266279404,-0.118992681,-9453.626441,0.0604618429,10.971907272,-0.017174581,-0.002695004,-0.004900594,0.0474781043,0.00425684,0.4566200456,1.0,-0.02144695,0.7293769978,-0.021708731,2.0,7.881427729,-0.008429972,0.0668984022,0,-0.156910843,0.1225253567,0.040371563,0.0421015811,1.0241458442,0.5604705339,3.2368431e-06,3.0000002785,1.1507680201,1.3242670362,-0.027673994,0.0592646592
70704,1.3245284605,-0.936453615,-14.10243649,0.0,0.2453926769,0.1359997118,-0.696423524,-0.433455463,-0.380272917,0.0098970585,-0.536338833,-0.410832739,-0.952215629,-0.044747847,0.4108327386,35,0.0049847029,0.0301886792,-0.014766648,-0.027535175,2.2489026118,0.0085768119,0.9244780872,-0.293245629,-0.409166447,0.3675135537,0,1.6486441593,-0.605595786,1.1335492712,-0.665974486,3.3652503343,3.8591873243,-2.397446927,0.0,0.0,0,,0,0.0,-0.470048891,2.0,74.77710871,0.0135957882,-0.034160742,0.4784328108,-1.653319211,0.7418959833,0.1296522926,-411.6174531,0.1121772916,13.487381662,0.0090559824,0.0051972405,0.0060714368,0.0519259258,0.0629162952,6.2263265013,1.0,0.0595949856,0.3590645544,-0.058580108,2.0,13.725192466,1.3574927177,1.699443532,0,-0.172615822,0.1057692468,0.0389585274,0.0613386743,0.5295864943,3.5332418611,6.5561779e-09,1.1687752e-08,0.3143815956,0.0988357876,1.4890262245,0.0883600654
65402,0.2739014891,0.0412051903,5.0523233069,0.0108069436,0.2248637433,0.4671772303,0.1426978818,0.0517666736,0.3843194648,-0.020155854,0.0669928491,-0.022866226,-0.269971126,0.052329402,0.0228662265,40,0.0060732045,0.0877192982,0.0938805832,0.0574733453,0.008818877,0.1398176292,-0.083573898,0.0301066276,0.0395875668,0.4868487258,0,2.1794448116,0.0682099695,1.8352610707,0.0713848713,4.347665621,4.9558266723,0.243627094,0.0,0.0,0,0.0,0,1.0,0.6871378039,7.0,3.1116215667,0.0160279336,-0.079521232,1.0890559474,-0.852765642,-1.088069907,0.1439782088,-76.11820712,0.0446872923,15.568670016,0.0059916358,0.0284191829,0.0512356422,0.0075809211,0.2332128298,0.0020901909,4.0,0.0003067955,2.0430060653,0.0284836526,7.0,16.08824127,-0.196582894,1.8262257932,0,-0.101630079,0.0271570161,0.0127172569,0.0215188024,0.2719227097,2.4982923807,2.443296e-10,1.2376531e-08,1.118943866,1.2520353753,0.0309748109,0.0239326985
60206,0.2778374969,0.0530934142,34.003548683,0.0135407712,0.2623587342,0.4395213523,0.1662139097,0.0486861314,0.4424817518,-5.1621e-05,0.0531420489,0.0057006449,0.0568855179,0.0500731679,0.0057006449,40,0.0097623544,0.0088495575,0.0787953668,0.024311476,0.0038979713,0.196538937,0.00575662,0.016350365,0.0447662313,0.3118747825,0,2.5860581606,0.0299888699,1.924446918,0.0109776217,26.279909707,3.3984625864,0.2467276843,0.0,0.0,1,0.022768464,0,0.0,0.8355574484,7.0,-0.000385403,0.0889191424,-0.36890934,-1.699772467,0.0116383902,-2.367148636,0.1858813162,5958.8931665,0.0506976226,16.04137602,0.0012885088,0.0266016808,0.0508157494,0.0025898206,0.026539609,-0.000245419,0.0,0.000265006,0.0642443292,0.0291488106,6.0,16.590272054,-0.149117376,2.1266753804,0,-0.060001469,0.0211253297,0.0116554195,0.0165974653,0.3123824787,2.961968419,1.149854e-10,1.0814888e-08,1.0323976247,1.0658448555,-0.006932255,0.0193114904
64995,0.8571283845,0.0786056796,-15.08559494,0.0200909085,6.9714615425,0.3642314289,0.0317170075,0.0095444079,0.0433748682,-0.03516353,0.0080494831,-0.004080212,-0.405750799,0.1104999968,0.004080212,40,0.0013493615,-0.062910099,-0.007979936,-0.06353031,0.0256522411,,,0.0011513547,0.0226727926,0.4947669925,0,0.8647601322,-0.009049729,0.8543153976,-0.010773153,0.8839902479,0.0768904519,,0.0,0.0,0,,0,0.0,0.4026168598,4.0,0.0051188082,-4.2383e-05,-0.106660133,-0.063094516,-0.799932192,,0.0309623556,6447.2188784,0.0286434127,16.152665572,8.91027e-05,0.0023465742,0.0209631728,0.006901592,0.0255077445,0.0180142015,0.0,-0.00076864,0.4858837594,0.0151350889,5.0,17.319714604,0.133616021,3.6411328473,0,0.0654744878,0.0435571261,0.0164675233,0.0239407066,0.2608592327,3.7126783493,8.73832e-11,6.3287127e-09,1.0685711289,1.1418442575,0.0726011682,0.023625697
71176,0.3385068586,0.0513871606,8.707219175,0.0295677022,0.6118856158,1.1411722781,0.0974984137,0.053934231,0.2780907453,-0.015115471,0.1934802921,-0.046982566,-0.849868978,0.0950595142,0.0469825657,40,0.0023219786,0.0452261307,0.0348388603,-0.025293014,-0.001763966,0.173007826,-0.105583735,0.042370362,-0.130085454,0.357797381,0,1.5060288777,-0.052527727,1.0452974316,-0.063221822,31.128971012,7.2466716836,0.1717764658,0.0,0.0,0,0.0,0,1.0,0.6127277308,3.0,-0.143894344,0.0045911873,0.0677623876,-0.426078073,-0.157234374,-0.188779736,0.3484330612,-1492.210987,0.0689333745,15.370680216,-0.00068901,0.0104420675,0.0288990789,-0.005226859,0.04701996,-0.032869196,0.0,-0.000529942,0.4885878138,0.0244417388,6.0,15.661513673,0.1447814075,1.2177504731,0,-0.105814909,0.0217391774,0.0157235898,0.0149571411,0.4090723054,2.6924578234,3.642928e-10,1.5832094e-08,0.8679743824,0.7533795285,0.0679454324,0.0159590938
26614,0.4630990401,0.0484876464,-109.5213834,0.0317209969,1.2004169079,0.4405329249,0.0355635177,0.1451593327,0.0651680169,0.0443833104,0.1521258619,-0.020306394,-0.65251772,0.0801266949,0.0203063937,40,0.0015259121,0.0,0.2127023971,0.156712206,0.3853709305,0.0396408889,0.137847725,0.0652849457,0.1274873035,0.3343657365,0,0.6665572787,0.0559130938,0.5896669548,0.0681135351,212.65787581,2.7611028274,0.0711572128,0.0,0.0,0,,0,0.0,0.1891741233,7.0,-0.758983966,-0.068263439,-0.25907521,9.183317753,-11.4485538,-0.41203894,-0.010883794,-5728.768289,0.0257826007,14.502668438,-0.000868356,-0.003708849,-0.012919894,0.0107390022,0.0006053817,0.1376716337,0.0,-0.005940594,0.1542143304,-0.087026506,4.0,14.674756122,0.0490527399,0.9359093731,0,0.080304809,0.0141766407,0.0098774806,0.0163479621,0.3182453953,1.2024061543,1.0772227e-09,2.7519021e-08,0.4351840242,0.1893851349,0.3751801976,0.0238674714
63335,1.400215181,-0.107528281,-10.39323102,0.0,1.9134507363,2.9845419258,0.137839205,-0.04719658,0.3003026131,0.0205484928,-0.048742249,-0.225768487,-7.129754327,0.6273066775,0.2257684869,26,0.0007371278,-0.068493151,0.0989776981,0.020496183,0.0140930665,0.2140889928,0.0682427588,-0.017050755,-0.04507622,0.5436114107,0,1.82804772,-0.077247514,1.7321389749,-0.07450188,30.214837934,5.5479361307,0.2094925831,0.0,0.0,1,0.340736134,0,0.0,0.6360956961,5.0,0.770799555,0.0587529812,-0.25597391,2.5369072105,-2.046585234,0.5354687929,0.2965058472,-2146.57057,0.0279332649,12.211907307,-0.013132167,-0.017454525,-0.043197076,-0.954296447,0.037591347,0.2334794952,1.0,-0.004761905,0.1006591189,-0.127152847,4.0,12.916119737,1.0362532157,2.4553245214,0,-0.500704589,0.1238937899,0.0472063874,0.0801193609,0.4055951806,3.4498261002,2.4832388e-08,1.0315649e-08,3.3482519805,11.210791325,-0.010334744,0.0974533509
15720,0.5137314347,0.0721380181,-139.5067858,0.0278896171,1.7435932398,0.6287116545,0.0527006205,0.0758907516,0.0932341466,0.0,0.0641682163,-0.035298249,-1.110461339,0.1522444982,0.0352982485,40,0.0005163582,0.0009505008,0.0661314681,0.0744996689,0.0455760984,0.0523448675,-0.019614841,0.0674012777,0.1028375931,0.3762404256,0,0.7335280161,0.0810236251,0.6822412849,0.089666136,101.61363636,9.4324894515,0.0903358142,0.0,0.0,0,,0,0.0,0.3787482391,8.0,-0.719483796,-0.087074742,-0.258124709,9.2339501476,-11.44515504,-0.646206064,0.0612340091,13591.874681,0.0257826007,16.95265973,-0.002769075,0.0079236519,0.0304188207,-0.028809328,0.0026136142,-0.067517368,0.0,-0.000158554,0.3729475713,-0.05148213,5.0,17.358418699,0.1785187687,1.4378397292,0,0.080304809,0.0167078525,0.011193034,0.0159181632,0.2599870781,1.3102826397,7.095136e-11,1.9818478e-08,0.2236865819,0.0500356869,0.1874485115,0.0233887811
71475,0.3514842015,0.0423458564,5.1243409486,0.0222701005,0.6044136203,0.3230423336,0.0900192734,0.0519889206,0.1819486286,-0.011208388,0.0656876736,-0.076036989,-1.674014871,0.1132334498,0.0760369889,36,-0.008884571,-0.020775623,-0.013315624,-0.157401139,0.0214991381,0.0409289302,0.0020155548,0.0295180139,0.0292381865,0.4975432715,0,2.1094873603,0.110861414,1.725531272,0.2300616635,6.12979681,6.3998983251,0.1209168898,0.0,0.0,0,0.0,0,0.0,0.4401771716,6.0,-0.758110591,-0.105598383,-0.279850833,9.0717029144,-11.78539854,-0.237731156,0.0222229607,-6300.341179,0.0257826007,14.236752442,0.0006922477,0.0156913102,0.0441372928,-0.003519804,0.0200078698,0.0639678842,2.0,-0.000966184,-0.020814495,0.0054916206,5.0,14.749818245,-0.039712556,1.3518174026,0,0.080304809,0.0255955942,0.0153634413,0.0203509476,0.2658315894,1.3520165251,1.4951513e-09,1.8747931e-08,0.5239669807,0.2745413969,0.2894776589,0.0282629218
18411,0.447478343,0.0455575976,-7.74798807,0.0433817793,1.1122020492,0.4142354283,0.0626107931,0.0987977566,0.1000061971,0.0233246833,0.1165582003,-0.055865179,-1.863121615,0.1304369424,0.0558651795,40,-0.0048572,0.0026235741,0.0807631533,0.010394819,-0.060209794,0.0354487133,-0.045103783,0.067099433,0.0495054714,0.4587161852,0,0.7103825137,-0.297610717,0.4907995985,-0.176895917,26.009859155,9.4848484848,0.0846047452,0.0,0.0,0,,0,0.0,0.2956649832,5.0,-0.746503591,-0.082711299,-0.256451635,9.1676970559,-11.43636901,-0.122529675,0.0394264533,36838.698871,0.0257826007,17.643973647,0.0015963579,0.0130626441,0.0455699774,0.0015259821,0.0147443994,-0.078420512,3.0,0.0002237136,0.1795102315,-0.01517206,6.0,17.79866212,0.0934749607,1.127006282,0,0.080304809,0.0099132499,0.0087544837,0.0135688615,0.2463505734,1.1627311768,2.97614e-11,2.1961039e-08,0.1435954007,0.0206196391,-1.036513636,0.0189452915
58683,0.2369615362,0.0397325912,3.6228708434,0.0052813567,0.4695510883,0.6507261078,0.1528003718,0.044197467,0.2840010339,-0.035520183,0.1179115663,-0.089315969,-1.554577465,0.101499982,0.0893159691,40,-0.006321912,0.0322767728,0.0511893327,0.1800676144,0.209770043,0.0656311223,0.0135352901,0.0810545361,-0.076472192,0.5486271782,0,0.7435421239,-0.052884853,0.6858011143,-0.024164672,6.2265729585,50.97260274,0.1630887788,0.0,0.0,1,0.6865242399,1,0.0,0.7326881134,6.0,0.0366197549,0.0593478092,0.0113568062,-0.301454656,-0.552889589,-0.607320651,-0.031840461,22299.776752,0.0725156293,17.165127848,0.0074492429,0.0277105575,0.0815870355,0.0140261501,0.1463207146,-0.050432124,0.0,0.0005257624,0.6680614134,0.0919464407,5.0,17.922765116,-0.179194748,2.1870530218,0,0.0348146487,0.0266517047,0.0138153489,0.023735489,0.306521154,3.1558965487,3.415749e-11,9.708919e-09,0.8959548783,0.802735144,-0.030057184,0.0366874256
61188,0.5176415082,0.0490772904,-17.21918743,0.0238959937,1.2965177126,0.7378344919,0.0533391949,0.1422379519,0.1177414048,0.0036025541,0.1825278588,-0.041984362,-1.454707141,0.1204703751,0.0419843617,40,,-0.010810811,0.0876187088,-0.129909503,-0.035805906,0.0691636168,0.0181356825,,0.0523144551,,0,1.2907063561,0.1328278827,,,53.624500834,5.9644752673,0.1145622427,0.0,0.0,0,,0,0.0,0.3281763534,4.0,-0.764385367,-0.084784727,-0.26988602,9.237860221,-11.44090353,-0.317233887,0.029459886,-4866.642969,0.0257826007,14.940728559,-0.00023483,-0.000919784,-0.003050588,0.026392825,0.0063582414,0.0544601229,0.0,-0.001886145,0.6774490329,-0.042471991,5.0,14.991637878,-0.06321679,0.9463754073,0,0.080304809,0.0168574676,0.0121153113,0.0167728323,0.3336510957,1.6669632472,7.35745e-10,2.255992e-08,0.3934400301,0.1547950573,0.5069905222,0.0240093605
66093,0.4957285735,0.0357232215,-4.019782193,0.0552665328,1.1818107205,0.7601917608,0.0471527975,0.0541494022,0.2569810682,-0.007539345,0.1052038324,-0.08802417,-4.035025707,0.1798673386,0.0880241704,31,0.0027514125,0.0010683761,0.0286985833,-0.095856301,-0.105050363,0.1578681642,-0.04760713,0.0298142102,-0.050753946,0.2815280795,0,0.859074084,0.2960552496,0.8072260072,0.2812442907,12.500896649,9.1172988229,0.1226230846,0.0,0.0,1,0.0056570759,0,1.0,0.7422846969,4.0,-0.270979944,-0.02104104,-0.038730502,4.904574248,-0.380552157,-2.511000202,0.9022853454,98593.130203,0.0314049921,18.593941823,0.00073974,0.0091702936,0.0344696577,0.0306026723,0.0157379328,0.2240958807,0.0,0.0018416206,0.3320871884,-0.000208319,4.0,18.734862128,0.1941772432,0.8325941101,0,-0.107492679,0.0165398028,0.0078862156,0.0117613547,0.2631803289,1.0436193604,6.712668e-12,2.8332557e-08,0.4716670168,0.2224697747,-0.068625184,0.0183050437
63765,0.4819249898,0.0955166646,-52.55274302,0.0,1.0609172394,0.4174202292,0.0795454545,0.8545611518,0.2876588989,0.0043889848,1.3189572894,-0.122841321,-1.527056277,0.2413759869,0.1228413206,40,-6.486e-05,0.0610454025,0.1978126126,0.0556820003,-0.03463339,0.0686989498,-0.36274766,0.6163878933,0.2871235191,0.5218163484,0,0.4393939394,-0.755701903,0.2776292254,-0.771823859,76.188679245,7.6188679245,0.2540729279,0.0,0.0,0,,0,0.0,0.6090507257,4.0,-0.736265019,-0.192194459,-0.198029807,9.2021437026,-11.62352347,-0.434608045,0.1503654979,1931.4750206,0.0257826007,15.478208237,-0.062299301,-0.128776659,-0.27967192,-0.036684885,0.0013986014,-4.822841282,0.0,0.0,0.5075255775,-0.153570954,5.0,17.455078021,0.8226217928,9.8670935927,0,0.080304809,0.1544359028,0.0617558901,0.0789587414,0.3738366058,13.548115536,2.423617e-10,1.9286779e-09,1.3048560728,1.7026493707,0.0719015265,0.059736794
71942,0.5147283866,0.0845737161,12.280433007,0.101263946,0.1669022997,1.3622235284,0.1564377544,-0.102240076,0.6368175859,-0.075962188,0.5309889256,-0.007908392,-0.067367894,0.0902712692,0.007908392,33,0.0396889562,0.0316205534,0.1514223822,-0.183847611,-0.012698384,0.2627865961,0.0210658838,0.0474237733,-0.208403909,0.4357041825,0,2.5921733054,-0.444840739,1.3698113208,-0.548841868,52.544934641,8.230739698,0.7960389959,0.0,0.0,0,,0,1.0,0.7433876221,5.0,-0.766376031,0.3613256897,-0.076906382,0.8154465076,-0.840089742,0.2816510105,1.0242899399,-3064.702726,0.0352290716,10.844720059,0.0128323151,0.036677116,0.0450630252,0.0996118674,0.0380336834,-0.003403153,2.0,0.0133648923,3.3400337025,-0.022210809,5.0,9.1555652456,0.1071335298,0.2493294318,0,-0.095378135,0.0890524909,0.027360597,0.0238307934,1.0772163435,1.433045795,3.7981045e-07,6.7154383e-08,0.0462736706,0.0021412526,0.7376794126,0.0323602797
71985,0.9410350851,0.0065408518,-1.899774589,0.0191095475,0.3914195176,2.8258041233,0.0057798797,-0.057126049,0.2853143927,-0.003390821,-0.141145954,-0.021674677,-4.546462063,0.0362785865,0.0216746766,31,-0.041683008,-0.060327869,0.079282188,0.0618638429,0.0806510394,0.1661741079,-0.023641672,-0.034858379,-0.016257746,0.5454507334,0,2.6600296932,0.0930104965,1.4861101947,0.1673489763,17.737626881,10.123536697,0.1257322644,0.0,0.0,1,0.0388312188,0,1.0,0.419262135,7.0,3.7740792355,0.1606212205,-0.167812499,0.4311821856,-2.646769631,-0.381143355,-0.00481958,-10308.6733,0.0588548821,12.02804146,0.0168405193,-0.023957248,-0.035099889,-0.05416947,0.0840573878,-0.008888896,0.0,-0.016949153,1.3634950917,-0.006250561,3.0,10.757673079,0.3064917645,0.4979433427,0,-0.156910843,0.0651629046,0.0197465044,0.0304818764,0.3153395734,0.7793155967,3.0750884e-08,3.2075368e-08,1.180423584,1.3933998375,0.15357863,0.0406998265
17523,0.4327043468,0.0406829975,5.8375915247,0.0,0.816962274,1.4146865436,0.0663067162,0.696406674,0.3986129259,-0.023891796,1.4832273674,0.0240508004,0.5871325871,0.0167966839,0.0240508004,41,0.0974072328,0.3162454874,0.1368064997,-0.320654946,0.0824829809,0.3445780177,0.2099469159,0.1792240426,0.0614266903,0.3750361605,0,2.9948832529,0.0565234055,1.6388941004,0.0664793693,25.621898887,5.3840138642,0.1436015727,0.0,0.0,1,1.0,0,0.0,0.7018208237,4.0,45.080905245,-0.395034514,0.1962865563,8.7263939915,-0.353558979,0.0838287519,0.2927241198,-4938.937776,0.0587429544,12.265672323,0.0060540227,0.0070922616,0.0204827214,0.1402956869,0.0068416442,-0.006376337,0.0,0.0112149533,0.2585603921,-0.004573505,2.0,12.368808554,-0.001050081,1.4678249678,0,-0.101630079,0.0554967895,0.0211909194,0.0298693144,0.3510510882,2.4588126354,1.5297192e-08,1.5780713e-08,1.4815599621,2.1950199212,0.0269877046,0.0442702941
72304,0.1059704413,-0.023971103,22.411833551,0.0,0.0623043011,0.2141946005,-0.157784653,-0.048763947,0.8260644911,0.0136635805,-0.054898392,-0.007298787,-0.052550048,-0.02271142,0.0072987868,31,0.0530113702,-0.104477612,0.038385377,-0.095459015,-0.059584221,0.2446850785,-0.161548817,0.1000791203,-0.045119942,0.6144205496,0,2.7299647331,0.0037765485,1.7742916211,-0.130261246,5.7624683009,5.8274013056,-0.264150943,0.0,0.0,1,1.0,0,1.0,1.3128024297,3.0,-10.15225157,0.0034318768,-0.187039764,0.0786122982,-0.888987621,0.1809489431,0.0504818223,-2764.016713,0.0318276958,12.643792148,-0.008918049,-0.029056172,-0.044028951,0.0018158785,0.2597480213,-0.011544119,0.0,0.0,0.2891468617,0.1300613356,6.0,12.407929742,0.0251084553,0.7259893332,0,-0.095378135,0.0259740632,0.0145163688,0.0338439878,0.4590027619,1.9202501439,1.910941e-08,4.0633313e-08,1.6368333952,2.6792235635,0.0939332658,0.0608029026
39220,0.4287396327,0.0606166403,14.511448135,0.0136418666,0.3430783357,1.1234251923,0.1470000288,0.0942743001,0.4986409931,-0.002700937,0.1251714639,0.0091724757,0.1117601467,0.0538421157,0.0091724757,40,0.0133491173,0.0,-0.003366866,-0.013933875,0.0013216972,0.2676788782,-0.003702346,0.0249608869,0.0707462396,0.4318209638,0,1.8579709683,-0.082354096,0.7494428475,-0.06519702,71.415501166,7.748664285,0.248259471,0.0,0.0,1,1.0,0,0.0,0.8737293665,4.0,3.1022474817,-0.148507915,-0.16724053,1.243894091,-0.515454641,-0.220902878,0.1454909225,-4246.491047,0.0446872923,13.626752287,0.0010927919,0.0270620464,0.0496486005,0.016493884,0.0194866289,-0.002248929,2.0,0.0008600917,1.3641767572,0.1243249793,5.0,13.639157717,-0.37069376,0.9593761015,0,-0.101630079,0.0521994904,0.0176126619,0.0238666649,0.4244143057,1.6978568976,5.7635456e-09,3.0330599e-08,1.0730280251,1.1513891426,0.2279661085,0.0377648374
43481,0.3447111551,0.0546314323,4.7216672562,0.0058277615,0.3083195385,0.7635940004,0.1466999165,0.1421423135,0.4590113463,0.0008702532,0.3130848994,-0.014204268,-0.159223793,0.0633300561,0.0142042679,41,0.0181509744,0.2142857143,0.0781395739,0.053930579,-0.029484859,0.149259232,-0.024802706,0.0247630414,0.0230214307,0.4436548238,0,2.416597618,0.1374129339,1.6362516301,0.1386035591,8.0324359188,6.9421622837,0.2601687894,0.0,0.0,0,0.0,0,0.0,0.7695949238,5.0,45.092864192,-0.047236597,0.0943267832,8.6384007997,-0.812785748,0.0196635183,0.339257492,-4197.856186,0.0587429544,13.799546611,0.0008854087,0.0244434315,0.0463063373,-0.003797659,0.1449756967,-0.000583497,0.0,0.000796284,1.3740467563,0.1198670398,7.0,13.813811384,-0.254953853,1.0127284086,0,-0.101630079,0.0167074036,0.0116035194,0.0199916638,0.3488346998,1.6118477557,2.4768248e-09,2.2380262e-08,1.0636802236,1.1314156181,0.0070351944,0.0344712088
43350,0.4258649481,0.0567811099,6.2168143375,0.0212829802,0.6184981092,0.7510712698,0.0911412798,-0.041487502,0.2641592733,0.0105866387,-0.03287552,-0.027093459,-0.511782548,0.085840691,0.0270934592,40,0.0047862847,-0.00591716,0.0306693815,0.1753723821,0.009207773,0.309332233,0.0411311255,0.0074326735,-0.054432874,0.1973601593,0,1.3943502825,0.1316557714,0.842549435,0.092752861,22.832460733,8.1181356054,0.1376383492,0.0,0.0,0,0.0,0,0.0,0.6163519238,7.0,7.162757896,0.0336755245,-0.144122856,0.0602515416,-0.775277308,-0.393894324,0.0781496481,10645.558981,0.0410566741,16.636954583,0.0010398116,0.0146323474,0.0404723212,-0.003402104,0.0184803634,-0.000266279,0.0,0.0011342545,0.9736100817,0.0755150709,6.0,17.013622684,-0.01748367,1.7450677361,0,-0.131569503,0.0374237224,0.011534443,0.0144122521,0.4056059313,3.8218887184,7.082704e-11,1.2892794e-08,0.8279188395,0.6854496049,-0.065753931,0.0226749798
18438,1.0877893436,0.0498502781,-4.668301429,0.0265697039,0.9301012406,2.2962117971,0.0338887481,-0.112753294,0.3570019394,0.0074701911,-0.049468592,-0.006892275,-0.296720061,0.0646418556,0.006892275,41,-0.011423636,-0.003865268,-0.022595029,0.0552096924,-0.03314601,0.196271362,0.0809186987,-0.0617978,-0.160541104,0.4994015273,0,5.6533327683,0.3723578165,2.983601,0.3076339321,12.737963402,5.9921609486,0.1390704068,0.0,0.0,0,0.0,0,1.0,0.6213521722,5.0,0.0485493427,0.0921306701,0.0099919984,12.374286127,-0.656440287,0.4290653371,2.3752013325,-1822.187207,0.0502102314,11.12061236,-0.000710722,-0.000838547,-0.001555536,-0.107725577,0.1037001072,-0.005188171,1.0,-0.012985095,-0.178139861,-0.017713255,3.0,10.259972515,0.2818334827,0.3678252977,0,-0.060001469,0.03800001,0.0137285286,0.0250286412,0.5782570441,1.1554912878,1.129838e-07,5.9818982e-08,1.3993628816,1.9582164745,0.0956048345,0.0486683368
72726,0.598659689,0.0624984515,-2.367688738,0.0169055703,7.7515875243,0.3278944289,0.0437009003,0.1267124555,0.0422744779,-0.043613765,0.1333838762,0.0100423262,1.2754050074,-0.017212387,0.0100423262,40,1.15962e-05,0.0193877551,0.0380767363,-0.311380835,0.0031259363,0.3298915849,-0.002279109,0.0003288243,-0.018856539,0.4079371514,0,0.5548746651,0.1594961876,0.5545780712,0.1596608258,0.1093097946,0.5884587853,0.0112541241,0.0,0.0,0,,0,0.0,0.5171720219,4.0,-0.029209186,-0.001372361,-0.024362279,-0.321563212,-0.669416728,,-0.096750028,27094.324678,0.0286434127,17.031243738,-0.000221976,0.0019723598,0.0270232558,-0.001879219,0.3282836044,-0.034637891,2.0,-0.001487874,0.6458582495,-0.003069057,3.0,17.669509049,0.0095910082,1.699688505,0,0.0654744878,0.0391372405,0.016842664,0.0216133577,0.2904818295,1.6832540371,9.82555e-11,1.7790691e-08,1.2351213199,1.5255246749,0.0165250414,0.0219972894
36898,0.600374108,0.0640131043,-0.271038198,0.017249604,0.7007350325,2.1605030862,0.1010162721,-0.004444818,0.2684770931,-0.003447813,0.0189237784,-0.021341086,-0.435263831,0.0918756933,0.0213410864,40,0.0093293194,0.0044665012,0.0246848924,0.0069407171,-0.087456497,0.1182365341,0.0411702158,0.0687258932,-0.030310383,0.5673335399,0,2.3067174857,0.0196218168,1.5723549474,-0.030330288,22.615889221,7.1263182417,0.1922923205,0.0,0.0,1,0.0176632361,0,0.0,0.5446906132,5.0,47.61070353,-0.121986161,-0.204156739,-8.220028568,0.4452638147,0.1921473666,-8.665476291,-4655.345477,0.0248274717,14.128944731,0.0029113082,0.0214470195,0.0452518442,-0.051194152,0.1285678115,-0.009182081,1.0,0.0026435953,0.4187687,0.1067373278,5.0,14.002211453,0.1190906078,0.8584953559,0,-0.25352422,0.066222921,0.0184212201,0.0231157436,0.3576173003,1.3123490124,2.5985649e-09,2.459466e-08,1.0623231227,1.1285304169,0.0470076366,0.0334654004
72980,0.7795758494,0.0334610822,-1.546828075,0.0026248837,0.7782712799,2.0935303431,0.0703975768,0.0500883068,0.0791624499,0.0668859162,0.0438270869,-0.025187086,-1.150673882,0.0719638755,0.025187086,40,0.0,0.1212121212,-0.035866334,0.0213914456,-0.122598004,0.3215001393,-0.026421509,0.0010135303,0.0578164438,0.2853508386,0,3.2755840555,0.0266050932,3.2755840555,0.0266050932,6.4979632015,18.865455946,0.0796741535,0.0,0.0,0,,0,0.0,0.1552545559,4.0,-0.030587732,-0.064977459,0.0574184923,-0.071616064,1.1325945725,0.1896235475,-0.026519922,-8771.568438,0.0331128264,13.608629838,-0.008615366,-0.010050938,-0.020437803,0.0508865651,0.196949423,-0.007647387,0.0,0.000733317,0.4252882388,-0.018685712,3.0,13.884767148,-0.233221064,1.1633550303,0,0.048781298,0.0347141922,0.0137543573,0.0229617167,0.4288348469,2.0183632827,2.4991805e-09,1.9658334e-08,1.1464557544,1.3143607969,0.0365459394,0.0303739836
73139,0.2410483965,0.0144432722,4.2177030255,0.013377555,0.2557160301,0.2713372002,0.1732997084,0.1251349806,0.4193609858,0.0,0.3617084827,-0.075741272,-2.460194175,0.0499765262,0.0757412721,36,0.0099234816,0.04,0.0724975058,0.0369243833,-0.017696419,0.3442622951,0.2122069739,0.0168963984,-0.049961313,0.4292918196,0,2.166890681,-0.309246726,1.811155914,-0.30388525,1.9257563694,6.1545801527,0.1129379031,0.0,0.0,0,,0,0.0,0.7172543385,3.0,-10.09311512,-0.044781733,-0.042562152,0.2136902533,-0.869869886,2.2821972094,0.1231697687,32542.635097,0.0318276958,17.523399914,-0.01849843,0.0178964267,0.0353909465,0.0008772769,0.2119746183,0.0110480492,0.0,0.0003188098,0.7123791797,-0.048290499,5.0,17.340989894,0.1045487721,0.8930489339,0,-0.095378135,0.0114642158,0.0081029489,0.0156045272,0.303803246,1.4863379059,3.446362e-11,2.3278575e-08,0.7579487975,0.5744863797,-1.2886e-05,0.0195776915
14601,0.4835573594,0.1323505017,-3.276309676,0.0293728267,14.559695586,0.633301182,0.0264925558,-0.082679904,0.024281855,-0.06344344,-0.076328289,-0.003367168,-0.44821584,0.1916720929,0.0033671685,32,0.0,-0.138888889,-0.152719988,-0.094445234,-0.01684057,,,-0.000532772,-0.172318612,0.7054724568,0,,,,,1.0240268206,0.040196229,,0.0,0.0,1,0.8568620919,0,0.0,0.3570583596,3.0,-73.60207357,0.0030289061,-0.18212095,-0.282491221,,0.5612941177,-0.28678571,5144.7664457,0.1473165608,15.323607954,-0.000406142,0.0016830695,0.0600661746,-0.018662429,0.040685427,0.0014106666,1.0,-0.00088968,-0.048810794,0.0507679665,3.0,16.163275809,,2.4389193801,1,-0.258063742,0.0308967475,0.0183104132,0.0342283008,0.2937474681,3.0284141503,3.46851e-10,9.1350607e-09,1.4916734099,2.2250895618,-0.000370667,0.0346915593
73219,0.2858264337,0.0595318905,44.318650713,0.0484632865,0.1062166795,0.8398422772,0.3829013243,-0.082044472,0.7446214248,-0.031579491,-0.296964257,-0.063680151,-0.438101895,0.0856129246,0.0636801505,40,0.0806321731,-0.135869565,-0.209006959,0.0529098169,-0.053047579,0.3316977074,0.6457497291,0.2148434963,0.0356030064,0.503612846,0,1.9571064224,0.094681365,1.2170017555,-0.201442513,61.222559263,10.956911632,0.9024629834,0.0,0.0,0,,0,1.0,1.151379784,4.0,-0.103611577,-0.684757167,-0.513628463,-1.69178353,-0.295615479,-1.66990716,0.2214210729,-1338.616143,0.0506976226,14.009596696,0.0090282987,0.0410159531,0.0575163587,0.0205389772,0.205553338,-0.021557409,0.0,-0.001874255,2.5193495537,-0.119453134,6.0,15.467731341,0.0846667896,3.5859656524,0,-0.060001469,0.0473823585,0.0291936929,0.0315327604,0.5714204084,11.980201238,9.939421e-10,6.4277239e-09,0.7589605953,0.5760211852,-0.217252668,0.0484611262
68144,0.9860668463,0.0807162507,-19.79427812,0.0192463213,7.6131258274,0.3913873668,0.0346909244,0.085510594,0.0440071862,-0.021557666,0.0871271433,0.0161678923,1.6662908681,-0.053780501,0.0161678923,40,0.0079964339,-0.062516647,0.0,-0.042453093,0.0268831515,,,0.0080132318,0.0531635727,0.5483058825,0,1.013360177,-0.009703171,0.9896632922,-0.019053111,1.0835117773,0.0655765199,,0.0,0.0,0,,0,0.0,0.3749635533,4.0,0.0376531393,-0.000763228,-0.106266681,0.0658439455,-1.034932192,,-0.133318142,16479.743178,0.0286434127,16.864650493,0.0006423364,0.0028434062,0.0231236274,0.0005595284,0.0251021194,0.0002757663,3.0,0.0031380753,0.3402413803,0.0358930251,2.0,17.230218961,0.0060779625,1.8494828999,0,0.0654744878,0.0524203703,0.0180528751,0.0217824628,0.3320837395,2.7952470303,7.977647e-11,1.1813684e-08,1.1025137687,1.2155366102,0.0325244517,0.0222612085
52396,0.8298998822,0.0166412501,-0.769222519,0.0365415614,0.2663658652,1.4091980006,0.0531896463,-0.112456917,0.1360110685,-0.015687141,-0.172734478,-0.004579591,-0.320799727,0.0219797587,0.0045795907,40,0.0121365639,-0.189189189,-0.055875141,-0.148728537,0.0163299274,0.1140314075,-0.119138824,0.0488454027,-0.091203425,0.550860718,0,3.8355104083,-0.007425993,2.7977821628,-0.12251879,11.260358605,7.0170944998,0.2434541768,0.0,0.0,0,,0,0.0,0.1839677226,5.0,3.7419497219,-0.066361908,-0.296673819,0.3200469827,-1.973180088,2.7402726247,-0.019118408,-9959.021036,0.0588548821,13.405481342,0.0049363801,0.0088095683,0.0114407054,-0.001547953,0.0927340305,-0.024981742,0.0,0.0,0.948109358,-0.032466896,3.0,13.89581799,0.2720302312,1.6011335459,0,-0.156910843,0.1276690811,0.0298751012,0.024994979,0.5348447355,6.2688274067,2.3221458e-09,1.0744857e-08,0.8754669187,0.7664423258,0.0567725392,0.0265048405
47861,0.4051939932,0.0571873182,17.700848234,0.0184577625,0.2999449391,0.9888936474,0.1330836122,0.1150891676,0.5783224696,0.0363496933,0.1113911761,0.0339900012,0.3974799542,0.0344565056,0.0339900012,40,0.0662771116,0.0842754368,0.2954071395,0.1010123203,0.0208061358,0.2357384096,0.2015172231,0.1031603105,0.1178424967,0.4868175965,0,4.4669211767,-0.089060268,1.849270155,-0.134286322,42.793065853,6.115390608,0.2686144813,0.0,0.0,1,1.0756840247,0,0.0,1.0021825259,6.0,0.9701686159,0.0276681792,0.0713283687,-0.49818814,2.6035897506,-1.610358985,0.0071844949,-5225.428705,0.1633840717,12.515322428,-0.001835024,0.0273570052,0.0460864793,0.0175939212,0.0202287414,0.0192180538,2.0,0.002668673,0.6418887225,-0.038140336,3.0,11.282552578,0.1151685938,0.2672530132,0,-0.128574987,0.03841874,0.0189048238,0.0388874586,0.3856818182,0.4408072034,4.9333979e-08,7.960867e-08,0.7297830934,0.5325833635,-0.605297635,0.0546313828
43334,0.7135988254,0.0822711237,-183.1412575,0.0171661676,0.5111058519,1.3006974041,0.0869706424,0.1506125199,0.2245252971,0.0025322284,0.3714530632,-0.092677772,-1.28932562,0.1883453914,0.0926777724,40,0.0673181263,-0.307462687,-0.096240091,0.0462985582,0.7097624077,0.0932719032,-0.048101336,0.1082873943,0.0316311335,0.422203062,0,2.5854466894,-0.36089936,0.9240419316,-0.479998069,1031.9492386,6.8253506671,0.2411384141,0.0,0.0,1,0.1341087547,0,0.0,0.3311843767,5.0,-0.143598071,-0.301611803,-0.305397495,-0.165375379,0.1221797423,-1.123699225,0.086986375,-2329.83268,0.0979159386,11.189143519,-0.006093469,0.0074941789,0.0116853661,-0.131659008,0.0011796713,0.0384254408,0.0,0.0088495575,-0.224763264,0.0114971144,6.0,10.568624081,0.4081595442,0.4138411519,0,-0.200344257,0.0427547209,0.0167964276,0.0282416408,0.909497213,4.2596910416,1.3634707e-07,3.9407983e-08,0.9073790195,0.823336685,0.1325866255,0.042844485
52038,0.2451761114,0.0320101071,1.1183966063,0.0328847799,0.591369102,2.2689827421,0.1366658727,0.3661413508,0.690108635,0.013978247,0.6057895866,-0.055763043,-1.264917229,0.072500243,0.0557630426,41,0.0057646329,0.027833002,0.0465217748,0.0598597648,-0.004043914,0.1345506678,0.0004991858,0.0301017243,-0.001228664,0.6187342952,0,1.2228483826,-0.200692658,0.9364725045,0.0025028235,9.489343951,14.516916509,0.1187597771,0.0,0.0,1,0.0123108074,0,0.0,1.7031677361,4.0,-94.84284583,-0.081807847,-0.000636547,0.6542134201,-5.401851929,0.6563068585,-0.093198304,19042.639994,0.1242964792,17.074040081,-0.001517633,0.0135869799,0.0464657018,0.0050592155,0.0290359735,-0.001995148,1.0,0.0,0.1967629133,-0.019962022,6.0,17.489126377,0.0011462732,1.7314397462,0,0.0239123439,0.0115796104,0.0077193535,0.0113745734,0.2410228945,1.4345641978,3.6503e-11,1.8255951e-08,0.466992941,0.218082407,0.1943008884,0.0204941679
37161,0.534935793,0.0428829563,-22.01177165,0.0413870392,1.2780741563,0.533211333,0.0562132218,0.1716165414,0.1101906552,0.0809940175,0.2028039028,-0.056682865,-2.220930233,0.1381230105,0.0566828653,40,-0.004055842,0.1282051282,-0.099919335,-0.143791201,0.1345890274,0.0444823792,-0.167038763,0.0837540279,0.1032694862,0.4728196237,0,0.6882229711,-0.385839032,0.5317424173,-0.376824918,101.03937008,8.5603735824,0.0926165918,0.0,0.0,0,,0,0.0,0.2760851866,4.0,-0.745355399,-0.155576035,-0.130870081,9.2551545058,-11.19268802,-0.492621737,0.0471125214,-2929.128599,0.0257826007,15.693401279,0.0009244707,0.007342958,0.0254180864,0.0010685919,0.0062833876,-0.017512139,1.0,0.0,-0.420201073,-0.002209837,4.0,16.51671704,-0.411209472,2.2486704875,0,0.080304809,0.0099132499,0.0020822386,0.0031075972,0.442176104,4.0519936465,2.521488e-11,1.1220927e-08,0.3783045261,0.1431143145,0.5478507498,0.0309624184
74406,0.4793590532,0.0627520465,-1.211126725,0.0,0.6948007433,1.7651279621,0.0546752852,0.081338558,0.2107573342,0.0246394837,0.0202371121,-0.036365406,-0.654133402,0.1038002562,0.0363654065,37,0.0,0.2333333333,0.1480836786,0.02519279,0.5025651264,0.6795535779,0.0077470673,0.0129743582,0.1840266967,0.495832215,0,1.7362478848,0.0386099256,1.7362478848,0.0386099256,12.3782724,3.039302112,0.1349925294,0.0,0.0,1,1.0,0,0.0,0.56357627,8.0,0.6141838529,-0.458599041,0.0574240184,0.1494970656,-0.895436787,0.9738084803,0.1900971563,-1987.622153,0.0767661838,12.490099996,0.0019646993,0.0123787137,0.0302879105,0.0340909032,0.1575265076,0.0318957013,0.0,0.0027609409,-0.099431986,-0.104294303,3.0,11.022568097,-0.554210404,0.2922647785,0,-0.045482084,0.049935963,0.0156467419,0.0231029832,0.4068385057,0.5292620027,3.4571709e-08,7.6888282e-08,1.3136904798,1.7257826767,0.1815263444,0.0578680346
74836,1.4060371302,-0.34745689,-0.940680014,0.0,0.1226206259,1.1331442598,-0.2418623,-0.182791314,0.4313385666,0.0005437738,-0.132253711,0.0186255259,0.0911086718,-0.379113226,0.0186255259,33,-0.090094699,-0.166666667,-0.032089917,-3.476258651,0.01467236,0.7743190661,0.655969488,-0.087164849,-0.186921041,0.6708529192,0,10.454121306,-0.063527093,7.5754276827,0.0112397609,2.0162877503,3.3176996092,-2.345375723,0.0,0.0,0,,0,1.0,0.4665857962,3.0,45.20197317,0.134129439,-0.286625598,9.6997267748,-1.853224009,-0.987599498,-0.10318579,-5203.8068,0.0587429544,8.486404029,0.0,-0.127049625,-0.137195122,-0.119760114,0.3676397206,0.0127096123,0.0,-0.166100412,3.0996359746,-0.217006856,1.0,6.5660443689,0.2762966124,0.1516304348,0,-0.101630079,0.0634492636,0.0400987498,0.0644531024,2.1904643941,1.354881337,0.0001049881,5.0000003021,0.3580557367,0.1282039106,1.0358735471,0.0774404174
74908,2.3533635708,0.0472636188,-5.296042852,0.0,1.6526839284,6.4397031228,0.0295773547,-0.105235955,0.2139176469,0.0,-0.228012709,-0.037429221,-3.359050445,0.2060244985,0.0374292209,40,-0.004149618,0.0,-0.128967087,0.0202098676,-0.135624772,0.1081807191,-0.151599653,-0.173539869,0.0072633411,0.4842589623,0,2.3311036789,0.4905497471,1.9819769602,0.5007333585,15.372112487,8.5418100642,0.1142392369,0.0,0.0,1,0.9054234571,0,0.0,0.3840866799,5.0,-1.634170033,-0.027656773,-0.345321464,1.8314125161,-1.593255146,-3.39269878,0.2099457488,-7314.36213,0.1266995565,8.752700642,-0.006837258,-0.019832656,-0.033760429,-0.365059196,0.0814916627,0.08352266,0.0,-0.064414796,0.55279455,-0.183900326,2.0,7.8312639186,-0.711354536,0.4017437961,0,-0.152504436,0.1056140959,0.0517647693,0.0607837826,1.5532940651,1.6225683601,3.28892e-05,6.3303376e-08,0.4239340973,0.1797201188,1.0127732059,0.0918745315
57007,0.4681754952,0.0093019574,5.2332990079,0.0,0.1772915253,0.0843048492,-0.012207472,0.2602550754,0.0514554697,0.0035500657,3.749779658,-0.01951757,-1.337400531,0.0217424002,0.0195175705,40,0.0015174311,0.0902777778,0.1304424545,-0.066237343,-0.152611717,0.0172135956,-0.403096373,0.4084764596,0.0143950788,0.4801788552,0,4.0994279318,-0.567916238,3.8446088795,-0.576935833,1.0727112897,6.0253938396,0.1613501541,0.0,0.0,1,1.0,0,0.0,0.0628800137,4.0,74.77710871,-0.063411919,0.0816846219,-1.725977045,-1.111250292,0.2820459132,-0.229730891,-2550.442004,0.5296957812,13.052486021,-0.002476657,-0.001815012,-0.002723308,-0.00419485,0.0848126592,0.0295121858,0.0,-0.005634542,-0.145949502,-0.041621051,5.0,11.777994438,0.0874103942,0.3050596674,0,-0.344654664,0.036987517,0.0209855942,0.0298090098,0.3155789474,0.3602939189,3.4168913e-08,8.8331142e-08,1.1980089874,1.4352255338,-0.023705566,0.0337771075
43123,0.6874289632,-0.000529117,-4.800068757,0.020397465,1.0215135132,1.1173366238,0.0155570992,-0.045792564,0.077596579,0.006741802,-0.010912444,-0.008589804,-28.95,0.0147888235,0.0085898035,40,0.022357226,0.0210526316,0.0444911586,-0.0982578,0.09468739,0.052907016,-0.060197437,0.0517503805,-0.102204409,0.4696105794,0,2.5857901865,0.0612010017,1.0514636941,-0.218197008,15.671243043,6.9970178926,0.0398454604,0.0,0.0,0,,0,0.0,0.1451869256,5.0,-0.174911544,-0.010505859,0.0231178234,-0.191545242,-0.908340791,5.8541623052,-0.086570193,1296.6656899,0.0979159386,14.391801408,0.0035213433,-0.022351723,-0.055953256,-0.152979901,0.032055964,-0.013685157,0.0,-0.010578279,1.771254219,-0.235650644,3.0,16.039037992,0.6860343064,5.048799902,0,-0.200344257,0.0692109093,0.0314038321,0.050956153,0.2858640496,7.3418029525,6.03957e-10,4.807345e-09,2.3860693564,5.6933269738,-0.022150239,0.0512150509
44329,0.4017020941,0.0400140732,4.8832294978,0.011823811,0.4337000278,0.3866796877,0.0800336853,-0.055060968,0.2472937203,0.0063138979,-0.100059268,-0.023497171,-0.505163141,0.0602277081,0.0234971712,40,0.0004817828,0.0263157895,0.0846332927,0.157734312,0.0437043389,0.3500968702,0.2271615256,-0.000463055,-0.001159116,0.2143014355,0,1.6588607007,-0.122425473,1.1302837144,-0.171947783,6.0673270984,6.7219770263,0.1384220117,0.0,0.0,1,0.2857142857,1,0.0,0.509740913,7.0,-10.02055142,0.0227580553,-0.056246362,0.3743439509,-1.001970369,-0.172311617,0.1334209506,1643.9210767,0.0318276958,15.73116543,-0.002188629,0.015446912,0.0320907675,-0.002604731,0.0707482481,0.0173860169,2.0,0.0004025441,0.2214853801,0.0436560533,5.0,16.537868092,0.0895166456,1.9340077071,0,-0.095378135,0.0150491754,0.009170281,0.0157834861,0.3471537473,3.082635712,1.551899e-10,1.262083e-08,0.5779385714,0.3340129923,0.0751430599,0.0195557115
63773,1.4411269652,-0.050048638,-8.876656862,0.0213033843,1.6336429035,1.8386971534,-0.058950141,0.0003135618,0.2781336606,-0.007889147,0.0513200145,-0.059644538,-3.89547138,0.1449143997,0.0596445382,34,0.0032729054,0.0095238095,0.0220764721,-0.065008793,-0.091036169,0.2119291495,-0.002095924,-0.00186576,-0.046519326,0.3648199161,0,1.6618340268,-0.051183076,1.4044106029,-0.091743188,10.615442646,6.2823013611,0.1563169456,0.0,0.0,1,0.0014747295,0,0.0,0.5718660064,3.0,-0.232411732,-0.013900484,-0.030275068,5.8499726397,-0.48559424,-1.439223376,0.8673324065,-12105.28516,0.0314049921,14.916070818,0.0041706845,0.0056845344,0.0125120018,0.0345440531,0.0928830898,0.0148606287,1.0,0.0200320513,1.5853910292,0.1098307152,4.0,15.118024483,-0.040285342,1.4242852794,0,-0.107492679,0.0159106068,0.0123865093,0.0199659182,0.4188974422,2.9222060126,5.881371e-10,1.8500918e-08,1.1934633241,1.4243547059,-0.032540202,0.0340097646
75460,0.211172891,0.0381118118,9.2874547228,0.0109005907,0.1552139673,0.6184924567,0.1852913231,0.0671172415,0.8163162439,-0.004163963,0.0718123246,-0.018470418,-0.17198081,0.0446663121,0.0184704179,40,0.0288474383,0.0532241556,0.0930465113,0.0060096592,-0.016964767,0.2318269531,-0.044157526,-0.054978457,0.063692457,0.6009214161,0,2.3833619447,-0.005778497,1.8305156904,-0.030716185,8.8087853913,5.3941909531,0.3546863754,0.0,0.0,1,0.0055756786,0,0.0,1.4052439681,6.0,7.142393384,0.0410081763,-0.084981541,-0.154440516,-0.245814616,-0.063830532,0.0369752692,-3122.000469,0.0410566741,13.757281941,0.0007214854,-0.002024516,-0.003419584,0.0021545129,0.1319173865,-0.012443048,0.0,0.0017799929,0.1226897394,-0.019676126,8.0,13.739875812,0.0221742514,0.9666176027,0,-0.131569503,0.0273284502,0.0121291629,0.0197672892,0.3931861752,1.9378238689,2.4678992e-09,2.365344e-08,0.9482400815,0.8991592521,-0.037676435,0.0300397155
84375,0.143432626,0.0652228842,1.8387420702,0.0,0.9919073148,2.4299853333,0.1548369416,0.046997389,0.3738903394,0.0055692459,0.0296584781,-0.029336735,-0.508849558,0.09841152,0.0293367347,40,0.0081632653,0.1153846154,0.0572576595,0.0308425651,0.0442808021,0.1699507389,-0.025892106,0.0062663185,0.1478060046,0.5214179551,0,1.3485269594,0.0823548259,0.9660922735,0.0867059967,29.543859649,7.7389705882,0.1278228782,0.0,0.0,0,,0,1.0,3.0854503464,7.0,3.7629102452,-0.008417402,0.0078999856,-0.366420273,-2.284640064,0.6071272899,0.0573133536,-7022.966246,0.0588548821,14.931590743,0.0007088847,0.0123780052,0.0945454545,-0.02143901,0.053403897,8.8074e-05,0.0,0.0002233639,0.4966527621,0.1473617763,8.0,15.411324056,-0.026315424,2.2922419863,0,-0.156910843,0.1404483616,0.0384811888,0.0328505323,0.5913117618,7.6315111153,5.715122e-10,8.9425568e-09,1.4781094241,2.1848074697,0.1426531557,0.0302243314
43617,1.1048305392,0.06333654,-2.989090188,0.0,0.8618715718,1.9869818679,0.0310222485,-0.01551718,0.4502238797,0.0007432181,0.0858945128,0.0065654223,0.208952381,0.0501022191,0.0065654223,40,0.0,0.5365853659,0.0777304463,0.1038285239,0.0761391222,2.1636828645,0.2593913513,0.0001365844,-0.105541773,0.2748957359,0,1.6281446295,-0.101815542,1.6281446295,-0.101815542,5.939273737,6.7589461589,0.1011724756,0.0,0.0,0,,0,0.0,0.7404820972,5.0,-0.004529287,0.0930504955,0.472791737,0.2536386263,,-0.796941548,-0.048381579,-9577.860138,0.0331128264,12.079735215,-0.001822079,0.0089984372,0.0175466735,0.0703233816,0.1619929387,,2.0,-0.00524839,-0.863546587,0.0,1.0,9.2464697543,1.156387717,0.0610091555,0,0.048781298,0.0407034904,0.0142189134,0.0224361104,1.46591087,0.4071033749,6.5889882e-07,2.4011705e-07,-0.050958073,0.2755616393,0.1959920085,0.0732722694
51369,0.4849757239,0.0189587909,2.1113049322,0.0087303468,0.1071995614,0.3843974628,0.1154040656,-0.034718673,0.3620767017,0.129775571,-0.287236518,-0.158963877,-5.054508318,0.114786157,0.158963877,40,-0.012696523,0.0263157895,0.1539925193,0.1959102823,-0.054606523,0.4381287268,-0.070706835,0.009812824,0.0472954933,0.460730348,0,4.2538320007,0.4047704866,3.8943010745,0.4222530623,1.9900222573,10.910285101,0.4082932616,1.0,0.0,0,,0,1.0,0.4761809768,5.0,-10.10102124,0.0732478777,-0.056246362,0.4576175808,-0.48149033,0.3535193592,0.1879793995,1172.6663667,0.0318276958,15.165541637,-0.000655286,0.0265343933,0.0344476146,-0.003219651,0.3079014713,0.0016837744,0.0,0.0011104942,1.085915243,0.0701393876,6.0,15.715873723,-0.101594483,1.907444503,0,-0.095378135,0.0164648984,0.0213026161,0.0183602254,0.4116872302,5.7116187284,2.59015e-10,9.8046826e-09,1.2108637747,1.4661910808,0.0746716365,0.0269111784
37284,0.4794002137,0.0938565304,-3.039224,0.0151763426,1.0341439725,4.3120187162,0.1215740315,0.2386287251,0.1768616028,-0.051932779,0.2155870445,-0.032829547,-0.564220183,0.1468122792,0.0328295466,40,-0.008407567,-0.2,0.0817627045,-0.011154279,0.555858319,0.0420121614,-0.13781012,0.1780566136,0.0353324035,0.4944062349,0,1.4639353722,-0.063257276,0.7602423543,-0.06160596,40.062,27.917770035,0.1429876656,0.0,0.0,1,0.1666666667,0,0.0,0.5032543003,5.0,0.2068230052,-0.342325678,-0.223283544,0.7705838592,0.060574393,-0.91870498,0.307867239,-14745.9961,0.0739470786,16.072482414,0.0146924429,0.0454736085,0.1569154435,-0.289276469,0.0577676044,-0.072768154,2.0,0.0156314274,-0.138025428,0.0529506626,3.0,17.650510424,-0.505492202,4.4761230024,0,-0.13824669,0.0264347885,0.0226526712,0.0323409539,0.2431282203,4.2896151491,1.121308e-10,6.5166865e-09,1.1084321611,1.2286218557,0.0431048591,0.0409571541
15579,0.1856752607,0.0504128884,11.826295554,0.023642769,0.1310270463,0.2331216338,0.2738875961,-0.064209526,0.4401731967,-0.033409586,-0.098265896,-0.058428805,-0.379652605,0.0695522728,0.0584288052,40,0.0028914348,-0.037442951,0.0688242524,0.033080279,0.0671801085,0.4330985915,0.1350054839,-0.012514521,-0.038586102,0.3908778919,0,2.9181066867,-0.00036924,2.2479338843,-0.017958909,3.6839875741,10.469502408,0.5239604217,0.0,0.0,0,0.0,0,0.0,0.7626538355,7.0,3.1413231223,0.0658794171,-0.204683481,1.000829719,-0.799568814,-0.946500907,0.1612010796,50838.740348,0.0446872923,17.863481441,0.0011731844,0.0455167693,0.0781969623,-0.001425966,0.165356711,0.009051953,2.0,0.0018174475,0.5395522285,0.1051697535,5.0,17.769808513,-0.040867403,1.1193541566,0,-0.101630079,0.0129483435,0.0111314802,0.0170037679,0.3145132537,1.9180651483,2.869779e-11,1.9704915e-08,1.093130481,1.1949342486,-0.021982063,0.0236315738
23579,0.3667938876,0.0519452954,0.9487445499,0.0018889198,0.8871913018,1.1915649749,0.0795182471,0.1283220025,0.2238875155,-0.019417923,0.2071261682,-0.043776544,-0.996694215,0.1037188709,0.0437765436,40,0.0678790519,0.0625,0.1465631196,0.2167750016,0.0892577759,0.1766119343,0.0516006304,0.111171199,-0.025547445,0.4057395413,0,6.926035503,2.4588492077,3.0177514793,1.7683574239,16.883211679,6.2010723861,0.1107288414,0.0,0.0,1,0.0262172285,0,0.0,0.6174726277,7.0,3.7614985471,0.0606718714,-0.04498463,-0.143059012,-2.662686143,0.1395530299,0.0626207044,1158.8602841,0.0588548821,16.157164607,0.000339236,0.0117741504,0.0382442416,-0.024252618,0.0412135857,0.0075083219,2.0,0.0005313496,1.166120805,0.0744308778,5.0,16.983989511,-0.041604435,2.0498799746,0,-0.156910843,0.0488830656,0.0152234828,0.0194018759,0.3881824031,3.8452122864,1.333626e-10,1.1877332e-08,1.2874291537,1.6574738258,0.1339523792,0.0288253438
62092,0.4095295777,0.0377778634,14.552060873,0.0047992137,0.4445251727,0.3366146143,0.0555251674,0.3448690347,0.2981979324,0.1063899149,0.4862100444,-0.019382859,-0.382010024,0.0522093859,0.019382859,40,0.0097703957,0.02,0.2902378097,0.0166961323,0.159524927,0.6929322069,0.2293599503,0.036179441,0.2190304993,0.1268537131,0,1.222438222,-0.613251907,0.8748551348,-0.673893164,12.492307692,6.8279430789,0.1917327994,0.0,0.0,1,0.0015463584,0,1.0,0.5352187042,6.0,-10.02031227,0.0107504083,-0.062562152,0.3821714346,-0.550577375,-0.096286615,0.1254026284,47060.781397,0.0318276958,17.854315635,-0.001838804,0.0114256578,0.023080494,-0.00098767,0.0122827611,-0.003252364,0.0,0.0,0.5488021253,-0.039384554,5.0,17.886423925,0.0622734543,0.9140102462,0,-0.095378135,0.0263827667,0.0113560014,0.0158341682,0.3508612956,1.365217185,4.617374e-11,2.8655285e-08,0.8618159495,0.7427267308,0.0754058803,0.019165076
50606,2.5924269673,-0.072422465,-29.67788336,0.0545773653,2.5278950917,1.6614362294,0.042936254,-0.026539406,0.1240980804,-0.054313292,0.0340788145,-0.08792852,-6.502577082,0.3985101969,0.0879285202,41,-0.001739682,-0.04494382,0.0420973268,-0.018896615,-0.034177891,0.0467671229,0.0112979851,0.0429421496,-0.076471308,0.5523198316,0,1.8016460888,-0.117679759,1.7000252989,-0.104807756,19.034683332,2.0671701723,0.0491583266,0.0,0.0,1,0.0550247819,0,0.0,0.2025166979,3.0,-0.824909869,0.001445613,-0.115959518,1.7004864862,-13.33311632,0.6535510172,0.2983719162,-795.1750111,0.1229481469,12.92746031,-0.001934846,-0.009299915,-0.01788415,-0.203514644,0.0191454891,-0.290055702,0.0,0.0237214612,0.8984049249,-0.075966174,3.0,15.08086243,0.2752959182,9.1159598878,0,-0.401912096,0.2149389982,0.0656368475,0.0939885989,0.3787902312,13.014019651,3.6028752e-09,2.6002052e-09,2.63686683,6.9530666792,0.0306124062,0.0794737919
93423,0.05583034,0.0188209052,38.771191327,0.045398885,0.4671697428,0.293195127,0.1159051935,-0.02795253,0.2484253095,-0.020230452,0.0426126435,-0.123220863,-4.197914596,0.0978294579,0.1232208633,32,-0.000417288,0.0,0.0593397782,-0.080442043,0.0100940969,0.0887500759,-0.146500412,0.030511762,-0.40028714,0.3073748345,0,1.2989282215,-0.204142261,1.2078551049,-0.210472962,15.914040929,19.988660898,0.1000352279,0.0,0.0,1,0.4106952488,0,0.0,1.5396009503,5.0,3.6531305131,-0.26938781,-0.070726104,-1.267515809,-0.530811952,-0.344797468,0.0180432155,1813.3778606,0.0889184991,15.538484934,0.0118194726,0.0582960505,1.0433494835,0.0078365782,0.0774972165,-0.010726365,2.0,-0.000436872,1.5025607753,0.0482034683,6.0,15.931588919,0.0488745371,2.0492629322,0,-0.017965162,0.0486573577,0.0168384853,0.0203613718,0.4483835234,5.4493996668,1.616051e-10,8.4746282e-09,0.8832337304,0.7801018225,-0.010622933,0.0274080671
14795,0.4168620945,0.0388246133,4.4264078885,0.0238818977,0.3735149956,0.8135713583,0.122327791,-0.329730454,0.2311351303,-0.048656079,-0.227956049,-0.042838234,-1.091280654,0.0811931627,0.0428382335,40,-0.060005615,-0.14208482,-0.291394085,-0.130815295,0.0958399108,0.1755285074,0.4054006543,-0.293245629,-0.402184632,0.4571405011,0,2.7761333833,0.4043294601,1.6792806294,0.4596159497,10.459707582,6.4666806811,0.1750987167,0.0,0.0,0,0.0,0,1.0,0.3810589395,6.0,7.1214787682,-0.159855716,-0.280290517,0.0512486879,-1.182033342,1.1219637472,0.0735021198,-669.9044589,0.0410566741,14.853209949,-0.001416294,0.0219559496,0.0468346015,-0.035327557,0.0576257381,0.0669311337,2.0,0.0,0.4705280801,0.0528730946,4.0,15.821035246,0.3302775418,2.6244987777,0,-0.131569503,0.0256712586,0.0141467314,0.0256934878,0.3608125854,3.7203204577,4.471935e-10,9.3537412e-09,1.3955171434,1.9474680974,0.0588674125,0.0305498595
68718,0.0857331223,-0.005471613,74.739354839,0.0,0.0594828084,0.4818040344,-0.057967378,0.0285306705,1.010936757,0.0,0.1900604433,-0.068448195,-1.791411043,0.0043302947,0.068448195,31,0.001875293,0.0,-0.023073782,-0.002602953,0.095457136,0.0740740741,,0.0087969567,-0.059992639,0.632685853,0,2.4474285714,-0.130257484,1.3891428571,-0.1183147,42.090909091,7.4989550679,-0.098742717,0.0,0.0,1,1.0,0,1.0,1.5649613544,4.0,24.447458316,0.0602164127,-0.086547193,-0.108663061,,-0.019456259,0.0076662744,-10927.71469,0.0457936334,9.5591293029,0.0,-0.030354541,-0.055163283,0.0156457699,0.0350515464,-6.0831e-05,0.0,0.0016099869,-0.689724836,-0.029049131,3.0,6.9179431806,-0.440558119,0.0714655284,0,0.0957318355,0.1378917843,0.0582489483,0.0520604198,1.2818312626,0.5938953969,2.32868e-05,4.0000002822,0.0420020888,0.0017641755,0.5514419149,0.0948297443
14816,0.3750562401,0.0343659534,6.7333230628,0.0104235827,0.1190359139,0.2950923379,0.101588447,0.0247374801,0.2503385265,0.0152556977,0.0535597586,-0.02832007,-0.40239818,0.0481947505,0.0283200698,40,0.0094763439,0.0,0.0002613258,-0.032669834,0.0511105447,0.1092060753,0.0725398267,0.0227338985,0.0154401335,0.3440651526,0,4.1052607084,0.0279095046,3.0134193829,0.016351781,3.8946172917,11.606342088,0.3933787914,0.0,0.0,0,0.0,0,0.0,0.3267710806,6.0,24.401489002,-0.02324028,-0.086547193,0.1806600571,-0.618138011,0.2125728151,0.0515307301,-9115.623715,0.0457936334,14.096752752,0.0018261923,0.0285324606,0.0381582113,-0.003860925,0.1337970998,0.0153159394,2.0,-0.000259694,-0.50329941,-0.014758181,5.0,13.325415327,0.1324561593,0.3991850168,0,0.0957318355,0.0294032656,0.0123915372,0.0210300147,0.2807630941,0.4870198054,5.1568197e-09,5.996477e-08,0.7602720323,0.578013563,0.1296652983,0.0237846366
62308,0.6778481419,0.0783465367,-43.81775112,0.0095235648,2.2391537416,0.5720883477,0.0430009446,0.1112035218,0.0475264494,0.4293695043,0.0764364393,-0.016755977,-0.592643004,0.1247780636,0.0167559771,40,0.0,0.0311418685,0.0510655265,-0.194792755,-0.044263764,0.135513762,0.0866086308,0.0001807963,0.243919645,0.0585094426,0,7.0780486195,0.3198599084,7.0780486195,0.3198599084,14.131867113,3.2470367968,0.0367717997,0.0,0.0,0,0.0,0,0.0,0.2087901467,5.0,-0.017085964,0.0433392793,-0.03265176,-0.173343771,1.7362631356,-0.041496747,0.0262942658,-2730.782578,0.0331128264,15.764154456,0.0002431745,0.0066859099,0.0310859868,0.0080714983,0.0088156909,0.0137315942,2.0,0.0003546099,0.2982802176,-0.027778352,6.0,15.85816935,-0.035743111,1.2067727025,0,0.048781298,0.0218323972,0.0110205293,0.0146452648,0.2327992049,0.9017616727,3.256592e-10,2.3470487e-08,0.798957011,0.6383323054,0.0102720144,0.0145133655
76639,0.2695254096,0.0436614534,13.666271669,0.011894859,0.3202668405,0.3895973123,0.1104053734,0.0127525113,0.247707624,-0.014798873,-0.016162955,-0.077083088,-1.042911271,0.0891964753,0.0770830882,32,0.0003808549,0.03125,0.1475009063,0.075728489,-0.031978724,0.7313040935,0.1237169551,0.0132996326,0.0706385584,0.1754294603,0,2.3289130662,0.0584997193,2.2805509371,0.0574221564,8.4613445465,8.6400108756,0.2400053255,0.0,0.0,1,0.0100355418,0,0.0,0.5516435948,7.0,-10.1290399,0.0141422405,-2.410216149,4.0475481788,0.0551712971,0.5070377875,1.0837687533,2046.1068816,0.0288563477,16.052731461,-0.000376823,0.0316383582,0.0679857786,0.0108874955,0.1151426833,-0.007013718,2.0,0.0041822584,0.4111247613,0.067838947,6.0,16.295401614,-0.352898638,1.7644126382,0,-0.111549313,0.0203342494,0.010868083,0.0210471752,0.3896298027,3.8749878053,1.418747e-10,1.2158875e-08,0.8369447734,0.7004765537,0.0280190284,0.0241340594
76946,0.5143687173,0.0603429237,243.47172044,0.0,0.4171395702,1.8529144562,0.1140229367,0.1535991387,0.5898763782,0.0178677784,0.1698121138,-0.007119278,-0.102583209,0.0665330945,0.0071192781,37,0.0098084001,0.0884520885,0.0431700813,-0.035571486,-0.056244616,0.2864744067,-0.157337316,0.080651149,0.1407771831,0.3492364318,0,2.2745328082,0.2345071138,1.7088745496,0.2237661309,1031.9492386,6.8413945766,0.2602766262,0.0,0.0,1,1.0,0,0.0,1.0485988764,4.0,0.8161446643,-0.008389594,-0.035918214,0.1789302924,-0.524649091,0.1659368477,0.0339407668,-2088.203163,0.0772902197,11.203602953,-0.000997562,0.0144683936,0.0249212341,-0.024317579,0.0025294848,0.0342976474,1.0,0.0002825896,-0.427652106,-0.044376561,6.0,9.4679734959,0.1303800687,0.1618524937,0,-0.045482084,0.0584532879,0.0313573841,0.0346920308,1.4988338331,1.2227721177,1.8363933e-06,9.6838727e-08,0.2418467785,0.0584898643,0.7526788277,0.0385084325
15117,0.8945438894,0.0797379688,-1.42427454,0.0,1.067685843,0.3356385989,0.0071273013,-0.006932201,0.1022942732,0.043514213,-0.053343527,0.0074024381,0.1827985083,0.0651619871,0.0074024381,26,-0.001243591,0.0,-0.32855463,-0.008666768,0.1581460985,0.3391429784,0.7943208483,-0.015339566,0.0547896981,0.1971222007,0,3.1582668304,0.453909686,3.1582668304,0.4659241002,1.3235887432,4.3741633064,0.1178820767,0.0,0.0,1,1.0,0,0.0,0.2062839136,5.0,-2.470941328,-0.080117387,-0.039798878,5.3033895639,-0.12819056,-0.916400583,0.7875799939,-9021.824241,0.0314049921,15.088723781,0.0014026277,0.0039121082,0.0091656679,-0.037333373,0.0353309232,-0.088382451,1.0,-0.000561798,0.0921166327,-0.068488019,1.0,15.467223475,,1.359000279,1,-0.107492679,0.0352605805,0.0155642803,0.0262714936,0.5282732708,3.5535343188,8.23523e-10,1.9587407e-08,1.7642204062,3.1124736418,-0.013106125,0.0365122508
55001,0.6873922185,0.1556091334,-0.839632599,0.0133766035,1.2244066341,1.4156714137,0.1463831696,0.1942188312,0.2454125304,1.0103359173,0.1691606599,-0.017573159,-0.207903273,0.1879607815,0.0175731592,41,0.0316192233,0.1955579632,0.4134194672,0.1687186354,0.0172700506,0.0498888413,0.1252941196,0.0771050401,0.2472003663,0.5423475234,0,9.2413676371,-0.013518324,5.624576845,0.0041234496,5.1519706079,13.300280233,0.1864110618,0.0,0.0,1,0.8198462862,1,0.0,0.6666666667,7.0,3.784390667,0.1296817321,0.0880733333,0.1775393191,-2.993334643,0.4010564122,0.1468626151,-6129.651736,0.0588548821,14.894676688,0.0034523517,0.0236671996,0.0618978368,-0.005946923,0.1010300614,0.0053399933,0.0,0.006616674,0.8630649086,0.0281892247,6.0,16.076703835,-0.27858445,3.8007196884,0,-0.156910843,0.0726587921,0.0260364686,0.0399102641,0.3392494376,5.9801951143,4.907365e-10,7.2377279e-09,1.6557282776,2.7414361291,-0.045917899,0.0502498966
92583,1.7661756799,0.0480940075,-4.883058762,0.0,1.0525796807,3.156529715,0.0245384877,-0.073807459,0.3227811506,0.0,-0.177509631,-0.107253816,-6.911025145,0.3804729027,0.107253816,30,0.0010506251,-0.016420361,-0.064254592,0.0109468408,0.1182525147,0.1788851621,0.0559215258,0.0864700781,-0.006020627,0.5320147642,0,1.6393422803,0.3223805644,1.5013904002,0.3210657835,8.9013641133,4.1060019361,0.2199266114,0.0,0.0,1,1.0,0,0.0,0.5716978169,7.0,-5.553969798,-0.013914412,-0.018821235,1.294725756,-0.156722295,1.4372208148,0.369104503,-4029.617114,0.0400118084,9.3581481063,0.0033898305,0.008240472,0.0139049826,-0.018938404,0.1342847769,-0.1381946,0.0,0.0467069834,0.5451183873,0.0814298894,5.0,7.6793439007,0.4841315171,0.2228864219,0,-0.131569503,0.044336848,0.0194038062,0.0274919271,1.2910009579,1.0809859716,6.2100151e-06,3.0000001459,0.6518055069,0.4248504188,-2.532741672,0.0663325952
59600,0.6643656453,0.0532004856,-1.291163237,0.0193365409,0.5223151587,1.2655649394,0.0784313725,-0.064134689,0.3490570631,0.0004439709,-0.043418735,-0.022780436,-0.526895194,0.0812315658,0.022780436,41,-0.067091422,-0.050515464,0.0071274568,-0.083973764,0.0529560367,0.1800733691,0.0183430363,-0.092383467,-0.07953346,0.5138541155,0,2.9766536965,-0.058231244,1.5702492376,0.0842822361,11.588332752,6.0567873664,0.1901688736,0.0,0.0,0,0.0,0,0.0,0.610796654,7.0,-5.538743253,0.0673574619,-0.052916337,0.1929157214,0.2204323549,0.1462707051,0.069863166,-3830.350014,0.0400118084,11.920970575,-0.018216588,-0.01730155,-0.030983028,-0.195355157,0.0976962747,-0.015186788,0.0,-0.032232071,1.7182958549,-0.159770784,5.0,11.618238551,0.4712051494,0.9482232012,0,-0.131569503,0.0481586605,0.017094075,0.0442014938,0.5768032674,2.7561455419,4.2951726e-08,2.057734e-08,1.9290252949,3.7211385882,0.0443859254,0.0469343858
45356,0.2859698427,0.0436632994,2.6907529898,0.0181871442,0.5834747223,0.7007358036,0.1100730737,0.0433567618,0.3365229909,-0.010733117,0.1570305922,0.0064649814,0.1264181524,0.0381434658,0.0064649814,41,-0.008371322,0.0,-0.042359768,-0.054909682,0.0008739985,0.2876366695,0.0111106193,-0.032686934,-0.130406714,0.3186104212,0,1.2101430429,-0.115890023,0.9508452536,-0.09652782,6.713220339,5.5785915493,0.1247804307,0.0,0.0,0,0.0,0,1.0,0.833225737,3.0,45.076304918,-0.019997708,-0.119958931,8.5796594873,-1.1566331,-0.673596252,0.3140709016,8921.810044,0.0587429544,16.612193125,0.013040901,0.006996587,0.0190520446,-0.014011885,0.1197143089,-0.003046825,0.0,0.0111104344,1.2209515855,-0.043770518,3.0,16.831412661,0.1334708762,1.6337045062,0,-0.101630079,0.0594653673,0.0173256225,0.0185812752,0.4283817293,3.1016459344,9.660288e-11,1.3855095e-08,0.9933637591,0.986771558,0.038539443,0.0197363464
76185,0.0919975546,0.0160913066,14.982346156,0.0,0.0647062181,0.1346223174,0.2577464214,0.2913329494,0.5469776462,0.019215543,0.1959943281,-0.126654688,-1.094282321,0.033699739,0.1266546879,40,0.0,0.1099883405,0.1835096233,0.2145696366,0.0207591224,0.2169625247,0.0658119658,0.0195370854,0.3680349466,0.5609833322,0,1.4890546687,0.3168333482,1.4890546687,0.3168333482,2.3917552276,4.3761570479,0.3365978979,0.0,0.0,0,,0,0.0,0.9855147187,6.0,-10.10064722,0.0052776529,-2.331477808,3.8700203238,-1.466832582,0.7845246965,1.0282720169,-571.5741984,0.0288563477,15.480985252,0.0036456728,0.0311779256,0.050277447,0.0043784578,0.3651895245,-0.00154805,3.0,0.0003348738,-0.136192195,0.0129761863,6.0,16.043425729,-0.537550616,2.4066557767,0,-0.111549313,0.0328123868,0.0163079956,0.0295647182,0.336796842,3.8406588848,2.716815e-10,9.2965952e-09,0.9952162547,0.9904553936,-0.043004168,0.0377065081
77730,0.6093473928,0.0767107439,-1.579855072,0.0097460371,0.8361471086,2.6014373833,0.101843132,-0.039739522,0.195650359,-0.018617021,-0.116529365,-0.057495741,-1.106557377,0.1615955835,0.0574957411,41,-0.016865417,-0.088709677,0.1009313465,0.1389360971,0.3223908521,0.1354327666,0.3360963322,0.0016279846,0.0901012373,0.2691586681,0,1.5222065064,-0.070918164,0.7080622348,-0.087712146,59.960869565,25.538888889,0.1355202822,0.0,0.0,0,,0,0.0,0.4931383577,7.0,-7.8869842,-0.267499507,-0.280485209,0.4367999522,-0.276089892,0.569845792,0.1229024874,4442.3868682,0.0443391772,16.775172395,0.0060110202,0.0110054174,0.0266887349,0.0252139412,0.0299947835,-0.018804431,0.0,-0.000464037,2.1300996557,0.1042939536,6.0,17.610234407,0.3633220761,2.7704841667,0,0.0957318355,0.0214520339,0.014443145,0.0198681645,0.2857871444,3.16323333,5.577116e-11,9.8585505e-09,0.5230711671,0.2736034459,-0.715277627,0.0362744755
91103,0.0956408981,0.0451859335,-0.363359499,0.0,1.395375156,1.5528074189,0.0987699317,0.0146962947,0.2618167989,0.0337911694,0.0333747192,-0.040504281,-1.326855124,0.1051411208,0.040504281,40,-2.6967e-05,-0.034482759,0.0162491183,0.2537740684,0.0975842343,0.0862485231,-0.078432743,0.0666902097,-0.197050938,0.4290562204,0,0.6506236009,-0.094794308,0.5973776783,-0.099881574,8.7852303523,33.945026178,0.081732936,0.0,0.0,1,0.9884960718,1,0.0,2.9835790885,7.0,0.0323448906,0.0719562063,-0.055402725,-0.442775295,-0.834381221,-1.160791653,-0.028199322,18760.682812,0.0725156293,16.551815287,-0.062299301,0.0961391205,1.0433494835,-0.01296253,0.1337266235,-0.016170604,3.0,0.0105560792,0.4389154974,0.0707366522,3.0,17.941900207,-0.249965819,3.4927197173,0,0.0348146487,0.0279268008,0.0297966695,0.0299885151,0.527983202,14.015659452,5.983036e-11,5.7780267e-09,1.2521008856,1.5677566278,-0.159071679,0.0478880231
17929,0.4484734508,0.0468131648,-2.510740364,0.025572316,1.1618660999,1.1147030858,0.0809888157,0.044942039,0.1153869018,0.0006675412,0.0846682634,-0.085544293,-3.141637011,0.193883136,0.0855442935,41,-0.017742592,0.06015625,-0.191632537,-0.095495198,0.0656943805,0.0749083919,-0.062107301,0.0464975726,0.0123726073,0.350236645,0,0.8694978855,-0.251855367,0.7266067068,-0.161531019,15.241685649,10.590534979,0.0977469412,0.0,0.0,0,,0,0.0,0.3469971043,5.0,0.1336502778,-0.104934914,-2.727180435,-53.95238753,-0.288148013,1.2606967071,-9.223719573,-416.3330486,0.0244389518,15.749617015,-0.000317051,-0.000874525,-0.00334728,-0.038083592,0.041624789,-0.054458945,0.0,0.0008615738,0.7109615335,-0.065921864,3.0,15.842601107,0.0436700878,1.0837092674,0,0.080304809,0.0176222157,0.0121263003,0.0155586021,0.3724008258,2.2236142655,2.578332e-10,1.7975643e-08,0.6344962038,0.4025854326,0.0765398602,0.0213950346
79244,0.100442829,0.0093779545,6.9632502154,0.0,0.8849827635,0.9190395458,0.0787895311,-0.030817763,0.1929143412,0.054284341,0.0367158138,-0.033025262,-3.526315789,0.0424475837,0.0330252619,40,-0.000739372,0.0,0.0431372549,-0.050948767,0.0326408236,0.0738993711,0.0944392772,-0.037126911,-0.362068966,0.454869304,0,2.0461811723,-0.316334761,1.4618117229,-0.393048934,11.458461538,9.1498771499,0.0508161817,0.0,0.0,1,0.0077097506,0,0.0,0.960815047,6.0,0.4139551676,-0.02057713,-0.010622285,-0.257413232,-0.427217426,-1.152128551,-0.028489146,1277.4800968,0.1711251104,15.18656172,-0.000738189,0.017302799,0.1428571429,-0.058033516,0.1094742189,0.024808877,3.0,-0.001878287,1.7848824789,-0.088941946,3.0,16.11014405,0.2578548853,3.3015204807,0,-0.067940389,0.0377431624,0.0185272124,0.0334226207,0.4197667185,7.98907471,2.849492e-10,6.7834099e-09,1.0527501151,1.1082828049,0.1310511595,0.0405601246
77973,1.174283001,0.0138410786,-0.910925916,0.0,1.0510221424,0.4985078794,0.0241082548,0.0238082693,0.0138273129,0.0,0.0368642768,-0.012065355,-1.917257683,0.040377993,0.0120653552,37,0.0,0.024691358,-0.021232855,-0.103389597,0.2079253612,0.0513796384,0.7020551236,0.0066238625,0.0123984428,0.7014057537,0,51.70644176,-0.206280538,44.355703986,-0.206280538,0.3706046195,2.8807790489,0.0219654828,0.0,0.0,0,,0,0.0,0.0259111939,5.0,-0.005564923,0.0394193314,-0.039102271,0.3230910881,0.093588081,1.1817027322,-0.058105805,-9599.628274,0.0331128264,10.99714121,-0.002533815,-0.004744422,-0.009087732,0.012184419,0.2810505039,-0.163887799,0.0,-0.012113476,-0.863546587,0.0001226665,4.0,6.455984418,0.2234206478,0.0511274417,0,0.048781298,0.1720081717,0.0412754274,0.0298403376,2.1904643941,0.9259382396,4.05803e-05,3.0000001943,0.0650345165,0.0042294883,1.2077181197,0.048430688
78044,0.4931373784,0.0698711021,19.172235377,0.0,0.2938644185,1.1389979246,0.045225198,0.0155734682,0.230685595,-0.016708529,-0.027697185,0.0068708822,0.0770562976,0.0644870936,0.0068708822,41,-0.003712561,0.0,-0.001135336,0.0908574027,0.0753208147,0.1284814494,-0.089614217,0.008359147,0.0437836605,0.4349688584,0,2.8818987206,0.0008443264,1.3882019164,-0.054147057,60.257914584,7.9404742645,0.3317668128,0.0,0.0,1,0.9863723085,0,0.0,0.3648614985,6.0,0.0044394919,-0.008352181,-0.014501559,12.374286127,0.4255839313,0.278365286,-3.427809345,-1351.420113,0.4707840498,13.038021316,-0.00046968,0.0168460783,0.026975334,-0.025197903,0.0204269675,0.054698131,0.0,-0.001341832,0.7697544037,-0.061127219,4.0,12.62754383,-0.024712509,0.9571935725,0,-0.102424876,0.2136304677,0.0514797673,0.0354557635,0.6140256743,3.6125862496,1.0038152e-08,2.0796462e-08,0.7439305905,0.5534327234,-0.165192636,0.042467228
24985,0.599849631,0.0524522171,-183.1412575,0.0348490028,1.4137078821,0.5408743954,0.0531315194,0.0776542154,0.0950004752,0.0,0.1020479242,-0.044100828,-1.642248722,0.1385918036,0.044100828,40,-9.1495e-05,0.0,0.0368276807,0.1861639639,0.020844277,0.0427571166,-0.01858488,0.1108259671,0.0258251834,0.4481964632,0,0.9097376612,0.1353267668,0.6767452201,0.1517773075,1031.9492386,7.8712613784,0.088279153,0.0,0.0,0,,0,0.0,0.2533618582,7.0,-0.747132036,-0.083129967,-0.25907521,9.3200683439,-11.22497898,-0.85972807,0.0475813145,3448.9084006,0.0257826007,16.270514546,0.0006399707,0.0148151348,0.0496669563,0.0158951474,0.0030691845,-0.057402646,1.0,0.0030754672,0.4949723429,-0.023825534,5.0,16.756670452,0.0301202815,1.7475316147,0,0.080304809,0.0099132499,0.0119226376,0.0175177364,0.3655878962,3.4890844914,1.059375e-10,1.3138799e-08,0.3227186367,0.1041473185,-0.019816433,0.0239115474
48725,0.2013486117,0.049222984,40.061407049,0.0162872963,0.2995855247,0.2279461276,0.168511637,0.0600229233,0.2142928958,0.9372018921,0.1059776889,-0.043046649,-0.425675676,0.070176011,0.0430466485,40,0.0011518151,0.0162773173,0.0922005191,-0.047120556,0.063280344,0.0411479945,0.0130464884,0.069594418,-0.001696113,0.5289257341,0,1.2427622842,0.1807799046,1.0536520584,0.1970017841,15.124842371,14.890130354,0.2360035314,0.0,0.0,1,0.2336177165,0,0.0,0.4756654888,7.0,-0.001239379,0.0140383034,-0.002784116,-0.261526119,0.0980473145,0.4177845313,-0.009636553,72044.929423,0.198460221,18.110935713,-0.001046264,0.0239954224,0.0619342544,-0.008195211,0.0200509644,0.0007688976,2.0,0.0007917656,0.0716773243,0.0340916584,5.0,18.299739483,0.1384140904,1.3429686949,0,-0.223194636,0.0413834378,0.0159971273,0.0235816729,0.2956568767,1.8801735777,3.007975e-11,1.6597877e-08,0.9056484073,0.8201990377,0.2021969507,0.0236916521
63781,1.3791718963,0.0805815953,-183.1412575,0.0,1.26619588,0.9301002143,0.0290765333,0.1122064245,0.1603974254,0.0099171198,0.1581050926,-0.134818514,-4.202625554,0.4192358668,0.1348185136,36,-0.001273052,-0.236703207,0.1635492103,-0.194306972,-0.210778607,0.0972271919,0.0938814998,0.233810993,0.0731584546,0.5255541899,0,0.8300955712,-0.046418361,0.8117177509,-0.016517051,1031.9492386,8.2868522538,0.2697289348,0.0,0.0,1,0.0269173489,0,0.0,0.2740462834,4.0,0.7193819713,-0.049843418,-0.424183967,2.5158639258,-1.705035573,-0.284350649,0.0566197701,-808.9779704,0.0279332649,13.390847756,-0.037292655,-0.056551349,-0.112569094,-0.3322067,0.0002721861,-0.47240118,1.0,0.0293072824,0.629664511,0.2535581589,5.0,15.204208281,0.6420248569,6.682723348,0,-0.500704589,0.1295546293,0.045360368,0.0861740044,0.2567695109,4.4932276969,3.1305346e-09,4.8206893e-09,3.3482519805,11.210791325,-0.037105616,0.1042757164
78749,0.1616994488,0.0444379974,6.5889091737,0.0403453127,0.0131887587,0.1475780407,0.9227535636,0.0184013801,0.5311481694,0.0,-0.150530035,-0.027287116,-0.106419753,0.0491670781,0.0272871162,37,-0.023678379,0.0,-0.127586431,0.0066526999,-0.040780916,0.1498344371,0.0527840711,-0.028943837,0.0351924698,0.8705009097,0,15.038974359,0.3086966574,13.77025641,0.3503441423,1.1784806799,8.4431889517,1.6230229252,0.0,0.0,0,,0,0.0,0.5839421186,4.0,47.538023066,-0.222743682,-0.20862324,-8.658703227,-0.460183497,0.7832706731,-8.708184906,-5456.227737,0.0248274717,11.312827788,0.0229755179,0.0718329795,0.0791886093,0.0133422008,0.7164863074,-0.002252659,0.0,0.0097440326,2.9374880048,-0.101353973,5.0,10.255619396,-0.098293207,0.3097518502,0,-0.25352422,0.0671020895,0.0285199418,0.0550274803,0.6100735473,1.1120958756,1.6073652e-07,5.35638e-08,0.1371696599,0.0188155156,0.8031848631,0.0441919832
92655,0.3365206047,0.0582642903,2.8220939801,0.0141227911,0.5447954819,1.3529053236,0.1356160406,0.0549571334,0.408307076,-0.034412955,0.0820050249,-0.028906956,-0.432817227,0.0834820789,0.0289069557,31,0.0,0.0897435897,0.0651895272,-0.317789196,0.0360291816,0.3345405161,-0.024358204,0.0083901224,0.0094870758,0.2149855294,0,0.7692257454,0.0523446029,0.7692257454,0.0523446029,14.126678216,13.381948718,0.1403984253,0.0,0.0,0,0.0,0,0.0,1.0207160409,6.0,-0.016784495,0.0866892574,0.0259499609,-0.514671308,1.1689061747,1.1568016917,-0.015001719,86779.109322,0.0331128264,18.593941823,0.0002575328,0.017468252,0.0483646275,0.0789634139,0.0916672824,-0.000147704,2.0,0.0001723989,0.3504748531,-0.032631008,6.0,18.330062165,0.0609440077,0.7518212657,0,0.048781298,0.0262834691,0.0105250832,0.0155727375,0.2942601891,1.1789866354,1.719886e-11,2.7795379e-08,0.7114742417,0.5061955967,0.0587510706,0.0219033839
78829,0.6345783024,0.0465792684,-7.09082188,0.0159725718,6.1217261459,0.332993802,0.0312313586,0.0348340324,0.0491810714,0.0068773358,0.0293016514,-0.007155707,-1.020463304,0.0941117026,0.007155707,40,-9.4558e-05,0.0268724986,0.0266432906,-0.119792949,0.0032489088,0.1797855217,0.0151391226,0.0003854693,0.0914256689,0.4299130551,0,0.6971109857,0.0392612101,0.6970362255,0.0394502351,0.4103925701,0.1167252215,0.0106841991,0.0,0.0,0,,0,0.0,0.5522623526,5.0,-0.031904063,-0.001131584,-0.016877535,-0.285644598,-0.600877302,,0.0145740614,-2908.167342,0.0286434127,14.830221447,-0.000242999,0.0012189225,0.0120895654,0.0028086293,0.0691167555,-0.026621208,0.0,-0.003936233,0.1470231323,-0.032233979,6.0,15.176427845,0.1529168765,1.4793759221,0,0.0654744878,0.0340264514,0.0149810419,0.0233443853,0.301849895,1.7858168238,6.507537e-10,1.5514157e-08,1.2193251487,1.4867538182,0.0360260115,0.0300366359
87447,0.0212804341,0.0301365138,22.845522388,0.0247194954,0.3311140123,0.5787960006,0.1883062385,-0.02046283,0.2213078538,-0.019501625,0.1207441798,-0.075164265,-0.888522427,0.0569134823,0.0751642649,16,-0.001646136,0.1012658228,0.0503986435,0.0259446294,-0.155279689,0.1051911821,0.0119650893,0.0389373688,-0.669292555,0.507854811,0,1.366824864,-0.27191842,1.3270054404,-0.27118948,17.737435273,8.7422308963,0.1572092581,0.0,0.0,1,0.0836374696,0,0.0,1.1816496756,5.0,-4.123386148,-0.059652707,-0.052528243,0.454462152,-0.332702348,0.1978464835,0.0118329474,94953.19065,0.2359138598,18.099288138,-0.000194953,0.0337440606,0.6446153846,-0.000602733,0.1458643147,0.0118016715,3.0,0.0002026548,0.2598808927,-0.039371326,4.0,17.977709428,-0.004600875,0.8950709995,0,-0.179026286,0.0131908599,0.0073281955,0.0110562491,0.233714044,0.8466887823,2.586785e-11,2.9674568e-08,0.6668050253,0.4446289417,0.0035463226,0.0175326104
78960,0.280599495,-0.034509692,81.471581769,0.0010601724,0.076786769,0.2330648285,-0.103933106,0.111073803,0.0295480492,0.0454588638,-0.087426074,-0.035564321,-0.350470219,-0.022415073,0.0355643212,27,0.0253212877,0.0375,-0.022593231,0.1874762133,-0.307695962,0.0576524571,0.0253369554,0.1539184742,0.1816856492,0.5265092777,0,1.0047972089,0.3034496498,0.3798517226,0.0749456854,28.879356568,23.674725275,-0.219413821,0.0,0.0,1,0.0517482517,0,0.0,0.0280637813,4.0,-0.198043778,-0.088003685,0.0395651918,-0.59837471,-0.608458657,-2.014193151,-0.123774089,-2436.99688,0.0979159386,9.7924826937,0.0,-0.00728988,-0.010175071,0.0238253212,0.0229832572,0.4503781885,1.0,0.0182675157,1.1018106219,-0.212445874,3.0,9.5197333998,0.6269393084,0.5023978305,0,-0.200344257,0.0783504844,0.0397171054,0.1321902001,0.7901751202,1.9228915437,1.9146207e-06,4.8551463e-08,0.6997591619,0.4896628847,1.1155195101,0.1336805218
79039,2.5871430829,-0.050372142,-18.83815613,0.0,0.3885231495,0.7800093662,-0.027366765,-0.025851531,0.1500540217,0.0112489184,-0.091073039,-0.18250747,-10.92443807,0.4999152033,0.1825074703,40,0.0,-0.066666667,-0.037685381,0.4951774337,0.3426922393,0.1310171437,0.0545098352,0.1360162775,-0.015239737,0.5454725841,0,0.9415013809,-0.485575835,0.9415013809,-0.485575835,8.024535316,10.191690274,0.7596244686,0.0,0.0,1,1.0,0,0.0,0.1709381333,5.0,0.9332576179,-0.065503737,-0.254147426,3.7238351124,-1.614622102,-0.464531207,0.1372991066,-2458.62233,0.0279332649,9.3319560686,0.0,-0.238801903,-0.293482741,-0.530423482,0.0578305502,-5.89252378,0.0,-0.787671233,2.031631473,-0.097446827,4.0,8.5262024685,0.7422545757,0.6731720563,0,-0.500704589,0.059831515,0.033816213,0.0984656849,0.8640267918,1.9997598315,2.4712667e-06,4.7687953e-08,1.9827566903,3.9313240928,0.3945752601,0.114107949
79303,0.5244828932,0.0730241765,-1.194036133,0.0133314242,0.9275812727,3.2636013854,0.0926409027,0.1200376714,0.4023756801,-0.025300841,0.1731017758,0.018752183,0.3529002164,0.0472539288,0.018752183,33,0.0430250372,0.0655737705,0.0475709069,-0.044362464,-0.02007174,0.2966639415,0.0843113299,0.0563738485,0.0370726602,0.4657925511,0,2.474929443,0.0839465806,1.1097345055,0.0667110555,255.96795118,7.5829185213,0.1142350253,0.0,0.0,1,1.0,0,0.0,1.0118193029,3.0,-0.146769891,-0.010267384,-0.104203172,-0.059116117,-0.483326072,0.7019556843,-0.212022496,-578.3737918,0.0457306398,13.950016708,-0.001647894,0.0121359319,0.0329263213,-0.023316579,0.0119844071,0.0003709887,0.0,-0.000308356,0.3933129415,0.0545876322,3.0,14.022582719,0.0404216081,1.1098670399,0,-0.034541484,0.0620106347,0.0255748932,0.0304125783,0.438732859,2.665416069,2.684015e-09,1.9032284e-08,1.3489237661,1.8195953268,0.0214208709,0.0253721664
17830,0.2984658599,0.0594770656,5.9524594078,0.0195834454,0.5602031974,0.6145644703,0.0967917411,0.0076715897,0.2220235336,-0.007975468,0.0230685946,-0.012271625,-0.179421222,0.0701485134,0.0122716252,40,-0.005113177,-0.004237288,0.0262510778,0.0385568904,0.017276808,0.1983613627,-0.000754636,0.007042409,-0.020492061,0.2594559038,0,1.2997597729,0.0065390538,0.868879668,0.0365454391,12.276981853,5.6790668905,0.1391466478,0.0,0.0,0,,0,0.0,0.6003891295,8.0,3.7650340443,-0.004055508,-0.111721918,-0.21138704,-2.615276766,-0.1907028,0.0290503469,94090.117264,0.0588548821,18.285361545,0.0001852376,0.0153708514,0.0469434111,-0.010451505,0.0594453791,-0.0560967,0.0,0.0004494887,0.5922032829,0.0531446775,6.0,18.453266102,0.198756078,1.4644977013,0,-0.156910843,0.0148428287,0.0064858523,0.0150231398,0.2518670089,1.2183279962,1.289234e-11,2.1395487e-08,1.053367197,1.1095824516,-0.025428873,0.01969589
14040,1.1548584913,-0.177936511,-7.591034483,0.0,3.261903394,1.8369218526,0.0079133589,-0.035600209,0.1807654335,0.0081342145,0.01336947,-0.068529194,-1.732436472,0.1303271904,0.0685291944,40,0.0018211382,-0.184210526,-0.027075761,-0.004106574,0.0533880801,0.2712337103,-0.186449862,0.0841860735,-0.151422764,0.2163558714,0,0.8936928702,-0.269810903,0.7694698355,-0.307392755,8.2691570881,9.9002293578,0.0328980309,0.0,0.0,1,0.0399618825,0,0.0,0.5281425891,4.0,-0.188070545,-0.124445755,-0.224009404,5.5637041658,-0.530899066,-2.277617903,0.8527451972,3969.105089,0.0314049921,16.427144946,-0.000295125,-0.007183291,-0.026927503,-0.033659297,0.0256644939,-0.055599818,0.0,-0.005208333,0.008491993,-0.051385003,4.0,16.573448224,-0.085596855,1.0162570146,0,-0.107492679,0.0431034751,0.0279851103,0.0467774225,0.504916435,2.6830611398,4.259407e-10,2.1988483e-08,1.3886699769,1.9284043047,-0.111935118,0.0656919785
79338,0.0036000343,-0.216278986,-2.243603015,0.0,9.2228264331,1.6490003443,-0.016138911,1.3563026002,0.2208915816,-0.001642421,1.5838009775,-0.061501289,-1.868544601,0.1878479456,0.0615012889,31,0.0179530944,0.7307692308,0.6375469796,0.3355854182,0.2040410708,0.4485584518,0.7414887431,0.1246375445,-0.9896,0.1356608872,0,2.0869301833,-0.007867096,1.6846887778,-0.06510715,8.9768844221,2.7186120834,0.0317501551,0.0,0.0,1,0.640040636,0,0.0,1.6794666667,3.0,7.0265800026,-0.075483422,0.5925635342,-0.362013372,-0.259004014,0.0744744517,0.1801569027,-3367.688019,0.0410566741,13.669032086,-0.021466241,-0.113656248,1.0433494835,0.277007755,0.0138477789,-0.156883015,0.0,-0.060287081,0.9717519711,-0.188188743,1.0,14.830143425,0.0192035939,3.173349511,0,-0.131569503,0.0734043121,0.0284658471,0.0461219197,0.5327747995,9.9522944855,2.3154004e-09,8.4068404e-09,3.1828425008,10.130486385,0.065768463,0.0729742981
67360,0.5351756807,0.0484029268,-19.1667,0.0376249472,1.4244569838,0.8344115885,0.0596006454,0.0864653487,0.1109059309,0.0054186836,0.1090936832,-0.061745106,-2.400809717,0.1646091438,0.0617451062,32,0.0012494794,0.0377358491,0.1605342055,0.122072667,-0.041016662,0.0573804007,0.0130608677,0.0878774712,0.0305660377,0.4936815637,0,1.1221020093,0.1597725767,1.0649149923,0.1516681568,50.69047619,3.4283413849,0.09665051,0.0,0.0,0,,0,0.0,0.301509434,6.0,-0.757270646,-0.050412814,-0.221339361,9.2553943936,-11.49581964,-0.544308871,0.0735986547,-7231.929879,0.0257826007,13.226757422,-0.000654664,0.0016808384,0.0060606061,-0.003684362,0.0087426326,0.173382858,0.0,0.0005422993,0.5645888237,-0.028645301,4.0,13.057189494,0.0773924651,0.8159593658,0,0.080304809,0.0458221249,0.0240948355,0.0219372361,0.5422917607,2.7152183338,5.9009957e-09,2.5546488e-08,0.3427393408,0.1174702557,0.3517492537,0.0201019606
59619,0.3658533815,0.0285750279,76.119312312,0.0167362979,0.2510011359,0.5059437393,0.12677971,-0.056409944,0.289661705,-0.048626853,0.1436525754,-0.059086234,-1.313631972,0.0661120982,0.0590862335,40,-0.013775255,-0.018644068,-0.013443494,0.0072794117,0.0363256404,0.1038325797,0.1284487069,-0.077946945,-0.15752114,0.3936948849,0,3.3764878504,-0.047136383,1.3782708255,-0.025893405,71.219489399,6.3249310856,0.197912682,0.0,0.0,0,0.0,0,0.0,0.423126877,5.0,47.599075415,-0.03773378,-0.227267308,-8.454549294,0.1104850154,1.1134790709,-8.691239886,-2685.741457,0.0248274717,14.92078825,0.0010250483,0.0159422714,0.0301648491,-0.007204423,0.0138674699,0.0098169775,0.0,0.0,-0.246752423,-0.016794227,6.0,14.990539552,0.0328924684,0.958046118,0,-0.25352422,0.0154452249,0.0078239435,0.0180604677,0.2118432167,0.7635237467,6.088886e-10,2.6912729e-08,1.2105216163,1.4653625835,-0.015566754,0.020570541
16555,1.0804113143,0.1075640721,-3.066878042,0.0582532356,0.7521254059,2.1321737272,0.0894345973,-0.031896507,0.1962511014,-0.026834941,-0.068180206,-0.050069137,-0.976275653,0.2125762568,0.0500691371,40,-0.003735641,0.0384615385,-0.106334293,-0.034428478,0.0534597717,0.1158980841,-0.077512595,0.0013382318,-0.012052794,0.5025827226,0,6.0337082384,0.6406415031,3.4547142441,0.6267744714,9.1316569058,5.2302019974,0.1805736628,0.0,0.0,0,0.0,0,0.0,0.3677870112,5.0,-1.482212598,-0.319888177,-0.120334052,5.0372317076,-2.263200307,-2.787644222,0.4661037634,-1831.356334,0.1062765098,14.02998652,0.0017731533,0.0101526261,0.0166439832,-0.006879268,0.030599071,-0.00309877,1.0,0.0066177593,1.6675503717,0.0075397911,5.0,14.614714824,-0.140354123,1.6379669572,0,0.0239123439,0.028090911,0.0125157322,0.0200716295,0.367965682,2.3232014747,1.1849792e-09,1.6410479e-08,0.870760914,0.7582245694,-0.058338493,0.0299050305
79573,1.41524987,-0.279549009,-9.768737151,0.0,0.0866941462,0.7463694468,-0.078959688,-0.147312058,0.1017348469,0.0,0.4167694205,-0.107974382,-0.63022942,-0.103368999,0.1079743821,41,-0.015814663,-0.0625,-0.213484933,0.0053879374,0.036708503,0.4380952381,0.4536796537,-0.014649818,-0.167613384,0.2071053451,0,5.8833768494,-0.482736666,2.5308964317,-0.580850275,14.525697504,5.5324384787,-3.733673469,0.0,0.0,0,,0,1.0,0.1053962901,4.0,3.0814875802,-0.06737359,-0.22974053,2.2304043284,-1.734034834,-2.046379281,-0.011720193,-5105.918717,0.0446872923,9.1047098468,0.0,-0.020120429,-0.022978866,0.082930472,0.0074855564,0.0011856549,1.0,0.0551035648,-0.770678718,0.0874136537,1.0,6.6189370875,-0.033158557,0.5170773887,0,-0.101630079,0.0535979122,0.0315219444,0.0400456146,1.2775327123,1.7615941237,7.8227526e-06,4.0000001006,-0.050958073,0.0048048339,0.7507127876,0.0455268249
79637,0.3401527491,0.0496527307,162.74015903,0.0027009575,0.4501271975,0.7340454929,0.126338855,0.0797331672,0.1770872297,0.0041195797,0.031381568,-0.056754401,-0.899494447,0.0943150862,0.0567544012,34,0.0007328404,0.0393343419,0.1069817575,-0.041433451,-0.018131615,0.102080366,0.0421324175,0.063339695,0.1495292739,0.331719422,0,1.3654896278,0.0104285193,1.2740857285,0.0149112806,251.39935764,6.2851064327,0.1891646858,0.0,0.0,1,0.3181110922,0,0.0,0.4116103519,6.0,-355.6597549,0.0583894905,-0.141042645,-2.019262777,-1.378760305,0.5986482634,-0.043053207,7946.5376422,0.2277833408,16.303169322,0.004009667,0.0165540589,0.0370004993,0.0155029751,0.0042927689,0.0347545356,0.0,-0.000400609,0.8239257357,0.0410249941,6.0,16.827380376,0.0513059721,1.8610838792,0,-0.166303822,0.034269657,0.0131662251,0.0222307243,0.3574770235,3.3462613641,1.051593e-10,1.1400656e-08,0.8744301826,0.7646281442,0.0131709694,0.0297059146
79776,0.2868296341,0.0505537452,7.4986757707,0.0167283223,0.0734002348,0.1838427067,0.2672486395,0.004522308,0.3488619891,0.0013358269,-0.179334327,-0.049558988,-0.352346634,0.0683661872,0.0495589881,33,0.0020768047,-0.028248588,0.0195648424,-0.065325584,0.0130374753,0.4074793589,0.0623796744,0.0015611255,0.0656146317,0.3671356382,0,3.3078809497,0.0366582355,2.7647976814,0.0746029595,2.1403372646,8.7980012758,0.8040381992,0.0,0.0,1,1.0,0,0.0,0.4600122151,7.0,-10.04089748,-0.003282088,-0.110810739,0.259471491,1.209594602,0.5088247937,0.1415594297,-2889.037503,0.0318276958,12.434575036,8.50702e-05,0.0381208557,0.0446820055,-0.003821546,0.2704135737,0.0055895682,2.0,0.0011137925,0.9441769042,0.0439168337,5.0,12.505195363,0.0405131894,0.9247826858,0,-0.095378135,0.0271808039,0.0149744126,0.0299720904,0.9292278798,4.1040251569,1.5486508e-08,1.9837398e-08,0.5361377181,0.2874436527,-0.333373312,0.039479845
43553,0.1736789375,0.0323092467,24.554766719,0.0147722106,0.1341485239,0.3788310024,0.2034490625,-0.032504954,0.6018621789,-0.016919897,0.0261544142,-0.064065565,-0.620640474,0.0523616728,0.0640655654,40,0.0082522389,0.0,0.0755288604,0.1374344309,0.0152510648,0.2276675076,0.0430724901,0.0177292434,-0.073416688,0.3205922746,0,2.5834761619,0.0432428493,1.6683011972,0.0531329292,12.637333251,9.6238285755,0.2939120923,0.0,0.0,1,0.0174967213,0,0.0,1.0073575317,6.0,0.930272452,0.0966596925,-0.012947068,-0.729703196,0.4404909458,-2.075161449,0.0250896621,26997.332205,0.1633840717,17.100083349,0.0018262044,0.0462000722,0.092194581,0.0003157061,0.0531921845,0.0011406809,1.0,-0.000586424,4.3885570859,-0.08748799,6.0,17.298600117,0.0038333671,1.2453011621,0,-0.128574987,0.019817831,0.0114163131,0.0185121117,0.3238462085,1.5611769008,9.77039e-11,2.5597252e-08,0.8920319785,0.7957210506,0.0257571672,0.0252430418
79864,0.5819698085,0.0580273368,174.55969582,0.0059191339,0.424367913,1.2010205833,0.1157218215,-0.066220971,0.1630072872,0.004687793,-0.226531286,-0.079433696,-1.426423935,0.1407989188,0.0794336959,34,0.0273095797,-0.151175214,-0.100854893,0.1414812087,0.0298360375,0.3383039444,0.0173433927,0.0311356033,0.1000305134,0.275902713,0,1.3985393785,-0.116795574,0.8343714642,-0.243185054,1031.9492386,7.1403242916,0.2234731508,0.0,0.0,1,1.0,0,0.0,0.3107337677,5.0,0.8146458964,-0.003694691,-0.275545516,0.2465313835,-1.536354936,0.3384969388,0.1082065912,-1801.829639,0.0772902197,12.721748383,0.0052417744,0.0102431847,0.0299541942,0.1655103569,0.0003105545,-0.026572373,4.0,0.0120115379,-0.535190724,0.2535581589,4.0,12.95598297,0.2726527546,0.8374390319,0,-0.045482084,0.016243333,0.0172184983,0.0278026914,0.9469756499,4.6535145753,1.4078974e-08,2.5222259e-08,1.3867208085,1.9229946007,-0.130904699,0.057658197
80128,0.3905754248,0.0597890925,2.9982022665,0.0113861082,0.4807354888,1.014968722,0.1508648778,-0.016865154,0.3214939416,-0.096775396,0.2010436423,0.0035887066,0.0537026569,0.0565782593,0.0035887066,40,-0.007438212,0.0512582412,-0.054799164,-0.15196732,-0.082687755,0.1513868346,0.0431912815,0.0367243725,-0.210372366,0.4775644965,0,3.5067772032,-0.041838487,2.6016681184,-0.067335391,8.4050578746,5.434492395,0.2034629687,0.0,0.0,0,0.0,0,1.0,0.562300882,2.0,-0.038358621,-0.034481451,-0.326500656,-1.587034539,-0.445967687,-2.257468131,0.1923864077,1089.6045465,0.0506976226,14.973856339,-0.000771294,0.0046997108,0.0110388464,-0.060879509,0.1256580609,-0.021939984,0.0,0.0002107704,0.8996351937,0.1203319223,2.0,15.368061696,0.4364291779,1.8865085662,0,-0.060001469,0.1200933084,0.0294228092,0.0277821011,0.3872140538,4.4793146382,4.565385e-10,9.4771348e-09,0.9664628425,0.9340504259,-0.041862663,0.0245779015
27043,0.2365524506,0.0568694702,4.6984115307,0.0,0.259052851,0.4283140347,0.2012879962,0.0725162259,0.4024710406,-0.028451982,0.0767053255,-0.016691774,-0.141125436,0.0648951989,0.0166917743,41,0.0115969473,0.0735294118,0.0161686012,-0.037102959,-0.025639825,0.180689055,-0.02216373,0.0349356177,0.058883211,0.5372916555,0,1.825900424,-0.120306576,1.3829145045,-0.135344561,3.6655568277,4.0200163441,0.2655428053,0.0,0.0,0,,0,0.0,0.8310197845,4.0,-0.781669919,0.0144715726,-0.034997524,0.5372705716,-0.796891479,0.0919328692,0.9989138696,4123.6886244,0.0352290716,15.863581855,-0.006605625,0.027946706,0.0570970388,0.0007923319,0.2348034353,0.0415461133,0.0,-0.001490919,0.0045888911,0.0199764138,6.0,16.192970559,0.1498958939,1.535797931,0,-0.095378135,0.0194557551,0.0127452185,0.0169966374,0.3645060462,2.691777969,2.143284e-10,1.5171324e-08,0.6903406292,0.4765701843,-0.037372293,0.0183159073
81116,0.5249003237,-0.047550827,1.2243119804,0.0,0.1353380072,0.2790773236,-0.070912856,-0.019530175,0.1597984744,0.0174960924,0.1358300693,-0.116126139,-1.628458321,0.0298837129,0.1161261388,35,0.0018589301,0.0,0.1842477295,-1.337894738,0.1211986683,0.3120301707,0.5095824902,-0.008875818,-0.052930546,0.5493969391,0,3.2994988362,-0.310729438,2.9344864852,-0.320882448,1.0024265032,6.5386202879,-0.23651406,0.0,0.0,1,1.0,0,1.0,0.1932366097,5.0,7.0912794321,0.0795313246,-0.138205697,0.1592869171,0.127920603,-0.91959273,0.02219267,-3043.254219,0.0410566741,13.505621095,0.0048515367,0.005492395,0.0073649868,0.0564745696,0.4386587844,0.0049717989,3.0,0.0014627011,3.8051061594,-0.102957311,2.0,13.970704476,0.4110021061,1.4488923468,0,-0.131569503,0.035828881,0.0177757076,0.0316118531,0.2950861794,1.3383941253,4.2051931e-09,2.2746776e-08,1.1624830165,1.3513667637,0.1718582366,0.0385385737
61700,1.4573601304,-0.354291146,-8.091552226,0.0,0.8628462792,3.0475285171,-0.137461047,-0.118551383,0.4738702022,0.0176893311,0.0087315447,0.0107211407,0.0749329245,-0.380839218,0.0107211407,40,-0.005867837,-0.119047619,0.2868857159,0.0339029753,0.114624812,1.0431654676,1.0863309353,-0.015399298,-0.179824226,0.4454184127,0,2.0854515955,-0.156091805,1.3089958536,-0.211311149,18.678318768,4.1493944717,-0.355093654,0.0,1.0,0,,0,0.0,0.701987008,3.0,45.201748804,0.2423234472,-0.23900655,9.751049775,-1.117942624,-1.044052376,-0.104911782,-5194.322616,0.0587429544,9.0385842792,0.0006190673,-0.014208349,-0.021394539,0.1535171103,0.0703207304,-0.005068609,4.0,0.1775529603,-0.381085495,-0.003674304,1.0,8.902180722,-0.530810168,0.5088320308,0,-0.101630079,0.1162499934,0.0469244724,0.0581376628,1.0549642836,0.9757350175,6.8221733e-06,8.5402898e-08,0.7776398583,0.6047237492,0.2675372544,0.1012432897
57808,0.8748567739,0.0563769279,-0.684202781,0.0169606706,0.7035294615,1.1949738557,0.1024326789,0.019039652,0.2385118464,0.0008348549,0.0801748123,-0.054899148,-1.525202119,0.1423631379,0.054899148,40,-0.002482898,0.0044444444,0.0515833333,0.0608104652,0.0173220333,0.1998173913,0.0882996219,0.0016146974,-0.025304952,0.6104823985,0,4.2178355691,-0.043721182,3.2882149324,-0.046092411,2.2523930663,9.1815329548,0.2101881289,1.0,0.0,1,0.4396358057,1,0.0,0.3992185848,5.0,3.0975217096,-0.014589673,-0.162796086,1.6900112323,-0.708577057,-1.258009988,0.2340119447,-3032.698107,0.0446872923,14.315358373,-0.005103772,-0.008594736,-0.015300079,-0.054237436,0.3403041603,0.0218444851,0.0,0.0020639835,0.52146124,0.0867069447,6.0,15.088177757,0.3134238759,2.1069450079,0,-0.101630079,0.0408162884,0.016801551,0.0221623068,0.4331375967,3.618354074,1.0063106e-09,1.1944286e-08,1.4629482882,2.140217694,-0.002351551,0.0247852492
28388,0.2472579037,0.0171518328,7.9950228991,0.0284540565,0.5616321938,0.1256831042,0.0534990038,0.0572763681,0.0477345528,0.0032143525,0.0802077771,-0.036568729,-1.992911242,0.0513339131,0.0365687291,41,0.0,0.030670634,0.1117083673,0.1942267394,0.4517299415,,,,-0.0035727,,0,4.8096005219,0.0384915025,4.8096005219,0.0384915025,2.0069690084,2.72946784,,0.0,0.0,1,0.9594852016,0,0.0,0.0781396598,8.0,6.1783625549,-0.118748383,-0.12181397,-53.95238753,,,-1.211283802,19774.387822,0.0207317787,16.709816386,9.7140475e-06,0.0095391549,0.028577595,0.0027975331,0.0448680813,,2.0,0.0061933201,0.7114635768,0.0017147104,4.0,16.485116945,-0.019696768,1.0220778969,0,-0.142502855,0.0238825139,0.0091644972,0.014283691,0.3070195885,1.1870027261,1.12308e-10,2.7656811e-08,0.7941049892,0.6306027339,-0.030246881,0.0204286226
15202,0.4817277924,0.0238915913,17.439936223,0.0033313929,0.448107528,0.3453383695,0.039549258,-0.023881533,0.104984137,0.0131105991,-0.100863288,-0.006517965,-0.256775414,0.0300263645,0.006517965,40,-0.002794184,-0.037442796,0.080650837,-0.020111483,0.1006750157,0.0909930558,-0.018682197,-0.04208209,0.0605857232,0.2763515195,0,2.0369856466,-0.359604558,1.3248376774,-0.346989869,21.194205545,8.0091830238,0.1186031605,0.0,0.0,0,,0,0.0,0.1763713318,7.0,-9.222797878,-0.000293348,-0.240008275,-0.292719476,-2.4973902,0.4467832355,0.119926059,8125.5946017,0.1213471346,16.481484558,0.0017698737,0.0153982188,0.0298564665,0.0138652192,0.0202817985,-0.015684851,2.0,-0.000336323,0.6623773428,0.0052230536,4.0,16.91177688,-0.014027366,1.6990144257,0,-0.190106287,0.0203117765,0.0103721011,0.0167107099,0.3206495685,2.0127816033,9.261576e-11,1.5386482e-08,0.997304177,0.9946156215,0.0035904861,0.0265768294
21231,0.4335086249,0.0462290599,-183.1412575,0.0321646218,1.4027061876,0.9274578951,0.0473498824,0.0901270648,0.0787944155,-0.018319285,0.1231328261,-0.073192982,-2.801952044,0.1757606686,0.0731929818,41,-0.024511413,0.0588642659,-0.04355243,-0.24260721,0.2771836416,0.0331884093,-0.006958824,0.0611020408,-0.002670515,0.4448886168,0,0.7949657854,-0.029231472,0.5580732394,0.1905378075,395.04381405,7.419516808,0.0669261523,0.0,0.0,0,,0,0.0,0.2664530682,6.0,0.1436674349,-0.015790386,-2.727180435,-53.95238753,-0.1860121,-0.757559199,-9.223719573,-3551.046599,0.0244389518,15.034622394,-0.004254505,0.0003865456,0.001495505,0.0030639449,0.0012717689,0.1993032134,1.0,0.0027744061,-0.262904765,-0.022105977,4.0,15.218054586,-0.042690117,1.1020236534,0,0.080304809,0.0126789743,0.0102153963,0.017572707,0.4135192992,3.3700845675,4.348905e-10,1.8696246e-08,0.3478190193,0.1209780702,0.4489122932,0.0255457464
53225,0.626974596,0.1840003216,-0.335922856,0.0135992616,0.5149347211,0.7058115404,0.0714956333,-0.010106098,0.3394924081,-0.214972249,0.0340522421,0.0949938015,0.5959500604,0.0743453188,0.0949938015,40,0.0014502699,0.0357142857,0.013561882,-0.265660496,0.0123633486,0.2579072034,-0.030776922,-0.031865692,-0.048413563,0.3302408634,0,1.6089797029,-0.117144092,1.5982173446,-0.121540625,3.4509591459,6.1873154613,0.4508315746,0.0,0.0,0,0.0,0,0.0,0.5867214211,6.0,0.5483525614,0.0932055128,0.0106413177,-1.051584573,-0.106640516,-3.39269878,1.3524438309,3842.72217,0.1078503062,14.615894207,-0.008490579,-0.037402822,-0.072497703,-0.018335147,0.2975941847,-0.935167637,0.0,-0.071702468,0.0889645457,-0.053494003,4.0,14.971032341,0.011102603,1.4406245524,0,-0.219751184,0.0262834337,0.0146030297,0.032982571,0.3881244376,3.000964007,7.514639e-10,1.3681365e-08,0.9202279148,0.8468194151,-0.005124517,0.0291141644
24969,0.6743070078,0.0543701045,-43.73535429,0.0355925802,1.467574241,0.669258128,0.0505941969,0.0803333759,0.0877521222,0.036053731,0.0664919064,-0.032539975,-1.234121876,0.1214694399,0.0325399752,40,0.0047188452,-0.433836858,-0.090171485,0.13309286,0.097148303,0.0359617035,-0.135329057,0.1183980093,0.142809717,0.4494688037,0,1.0261583465,0.1674047224,0.8539254391,0.0579726986,66.502370952,8.5651417769,0.079851606,0.0,0.0,0,,0,0.0,0.2364815839,6.0,-0.743797493,-0.136306977,-0.692912068,9.3945257207,-11.43534347,-2.101124175,0.0304589508,-5541.939549,0.0257826007,14.737175173,-0.000273502,0.0027183825,0.0084007256,0.0058365289,0.0019653081,0.0187636907,0.0,0.0003007519,-0.168969591,0.0216521162,5.0,15.434040704,0.147053294,1.4252544429,0,0.080304809,0.0134870782,0.0109634312,0.015746255,0.3067256816,1.2696992913,6.956709e-10,2.3487492e-08,0.3494541094,0.1221181746,0.0388452356,0.0225134879
46068,0.2359901851,0.0404156819,92.386264163,0.0186531452,0.1759402459,1.0530710947,0.2013426045,0.0727964919,0.5728566885,0.0080628905,0.2156070676,0.0037028282,0.0423219959,0.0387052096,0.0037028282,41,0.0548090243,0.0416666667,0.0537516062,-0.033015253,0.0098000306,0.3352094241,-0.140147881,0.0655483486,0.0518374671,0.4100330362,0,4.0322170426,-0.038422172,1.6700636188,-0.07141827,161.35067697,9.0839040702,0.2819158368,0.0,0.0,0,0.0,0,0.0,1.1318426075,4.0,-0.140665682,0.087372981,-0.128110276,-0.347608825,0.2524115552,0.4829420179,-0.220571215,1535.0664882,0.0457306398,13.425820068,0.0010204789,0.0280505479,0.0626044208,0.0100524432,0.0147735712,-0.003122954,0.0,-0.001097232,1.6570841889,-0.123521251,5.0,7.1001632779,0.0766716642,0.0014317324,0,-0.034541484,0.0183458272,0.0077242444,0.0020263727,0.0523011717,0.0087529813,3.8752731e-07,5.0000003021,0.7862772861,0.6182319706,0.0811257514,0.0244563595
42059,0.6669183727,0.0428893838,0.8970203458,0.0250944139,0.2591127676,2.1587221133,0.0741198817,0.0373414315,0.6557520105,0.0,0.0607850689,-0.058086802,-1.231587725,0.0957114224,0.0580868023,40,-0.000693352,0.0167597765,0.031232034,-0.214619731,-0.021179289,0.0823089585,0.1362610856,0.0583944848,0.0285101786,0.5638532649,0,2.0624783375,-0.015406958,0.9246736968,0.0874607519,26.17882262,38.968801751,0.3526648092,0.0,0.0,0,,0,0.0,0.9027747637,3.0,-0.0934516,-0.016656594,-0.061926612,-0.081809186,-0.934086739,-0.933787495,0.1845351244,-5359.835565,0.1057354468,14.017959013,-7.3338e-05,0.010764935,0.0146800365,0.0249209366,0.0959903562,0.0124217407,0.0,-0.000643816,-0.138894913,0.0183745404,5.0,13.136296135,0.1956866711,0.3234812997,0,-0.208549392,0.0287510958,0.0138110932,0.024479295,0.4055437364,0.8064664552,6.1631144e-09,6.7946727e-08,0.979791311,0.9599910131,-0.006735218,0.0295550108
63829,1.3365811306,-0.294954659,-0.76705059,0.0,0.2978487363,2.6437391472,-0.087378641,-0.450988474,0.1610017219,-0.001709402,-0.607215241,-0.164845535,-1.35690924,0.1052720432,0.1648455349,40,-0.090094699,-0.548387097,-0.621451758,0.2036370407,0.0760548652,0.7101449275,-0.105329225,-0.293245629,-0.330959136,0.779896193,0,5.4206477733,0.878668578,3.7692307692,1.5121348598,3.1963843126,10.85884101,-0.379963541,0.0,0.0,0,,0,0.0,0.2578620148,5.0,-0.267732049,-0.684757167,-0.763979841,0.7529821209,-0.356367594,-0.055480323,-0.154004381,-2202.389712,0.0457306398,8.3131534769,-0.029816104,-0.025903521,-0.029349736,-0.594192296,0.6862416107,-7.7952e-05,0.0,0.3797397644,-0.229451257,-0.023358551,1.0,6.5883761028,-0.384549039,0.2899819727,0,-0.034541484,0.0614706203,0.0444168125,0.0848907863,1.4424559877,4.0407062317,2.80921e-05,4.9298471e-08,0.5885639755,0.3464075533,0.6455024448,0.0614789336
79066,2.1401578928,-0.26496869,-26.35343333,0.0,2.0343745004,1.4840287486,-0.091205212,-0.077697625,0.0465133754,0.0,-0.040891597,-0.038855445,-0.637997433,-0.095919346,0.0388554452,29,0.0,-0.057692308,0.0333964946,-0.074295813,0.2145873764,0.0656647841,-0.152548162,-0.02765254,-0.110168293,0.4923891967,0,0.4393939394,-0.753558802,0.3914750421,-0.753558802,14.543333333,20.199074074,-0.015224687,0.0,0.0,0,,0,0.0,0.0746711922,4.0,2.8493603016,0.0157940037,-0.095436814,12.374286127,-0.744435687,-0.979437524,2.2389299206,-833.0100619,0.0796288203,7.5227516984,0.0,-0.014936582,-0.026648802,-0.349800003,0.0487416107,0.0009771709,0.0,0.0097274751,-0.160704575,-0.062136307,2.0,7.9676867198,0.1016631767,1.026536552,0,-0.186226261,0.1428570747,0.0508021787,0.0437271659,1.7544745747,3.9569760554,2.4042e-05,3.1925402e-08,1.5159136143,2.2979940859,0.0366652066,0.1230193479
62498,0.2520803412,0.0334825074,9.5362788876,0.0078766874,0.1880921346,0.3744456024,0.1193133654,-0.00041876,0.3215482173,0.0156695157,-0.066910612,-0.033388182,-0.43902439,0.0481821448,0.0333881825,40,0.0027524308,0.0144927536,0.0387313651,0.0748110635,-0.004281789,0.1270898271,0.0653690221,0.015793252,0.0557149162,0.5147935244,0,2.6110891089,-0.049382189,1.8922772277,-0.053861386,5.5675675676,7.9407821229,0.2931314224,0.0,0.0,1,0.0006462036,0,0.0,0.5730361871,6.0,-0.056672536,0.0257501473,0.0062993527,0.4165323409,-0.272369552,-0.267983266,0.0713463076,-336.8343742,0.1879227517,15.459754487,-0.010936473,0.0009016049,0.0015160703,-0.002922026,0.1540954095,0.0222935886,0.0,0.0001847746,0.1082719877,0.0416295426,7.0,15.40378797,0.0603213909,1.0021073374,0,0.0081788241,0.0209698919,0.0093882901,0.0163879932,0.2805717681,1.3431171113,3.011568e-10,2.0565542e-08,0.9622183276,0.9258641099,-0.016787476,0.0256186301
66384,0.5111273743,0.081223734,0.9480892925,0.0231750995,0.3305501037,0.8079127995,0.1818089944,-0.020517453,0.3423446674,-0.017094017,-0.104401382,-0.05065189,-0.530375427,0.1243028065,0.0506518905,37,0.0092568449,-0.090672281,-0.03688037,0.1928833302,-0.016295933,0.3757166948,-0.005438042,0.0401961417,0.0426374124,0.5741354983,0,2.6270820481,0.1583865224,2.2051202961,0.1313967892,2.7567158532,9.5117493473,0.4087487123,0.0,0.0,0,0.0,0,0.0,0.6000904773,5.0,-5.573310897,-0.080335144,-0.093073154,0.0396774504,-0.054044662,-0.799687727,0.1129344068,13996.233106,0.0400118084,16.064766643,-0.000383338,0.0186417232,0.0306974726,-0.031770009,0.3556778717,-1.967613e-07,1.0,0.0001258812,2.1270502301,-0.13623303,6.0,17.919596411,-0.069152324,4.331757348,0,-0.131569503,0.0474346355,0.0364790697,0.0422250686,0.4090612527,16.470869616,7.975247e-11,3.5708963e-09,1.5962138607,2.5478986891,-0.055319315,0.0359236115
59467,-0.467861017,-0.30327789,-23.11070066,0.0015123489,3.8363713852,1.9648070603,0.0300516621,0.9326153895,0.2631361012,0.1720805921,0.920581827,-0.160368092,-1.292309836,0.0886511103,0.1603680919,40,0.0676326414,1.5109489051,0.6540909401,-0.676764405,0.0115861109,0.1433830425,-0.226486716,0.6163878933,0.9400124442,0.3917383162,0,0.9648940751,0.0024895509,0.6068944121,-0.216769537,78.271286295,6.0022158877,-0.023689132,0.0,0.0,1,0.4928262211,0,0.0,-0.876802153,4.0,0.1516570046,0.1144348754,1.3981383118,-2.64823954,1.0550454755,0.1546008302,0.1702937045,-303.1873311,0.1505232955,11.784580224,0.0032182289,-0.02892542,0.1183693765,0.0558019429,0.0169746711,-0.282186744,0.0,-0.149041874,1.751235065,0.0403319467,4.0,13.192760819,0.7438748246,3.3250800158,0,-0.500704589,0.104285717,0.0371169859,0.0721583751,0.2949659123,3.551438717,1.6838074e-08,8.1263707e-09,2.7687757893,7.6661193712,-0.02653668,0.0782045407
38033,0.5947067622,0.0592414349,2.3686020746,0.0253442458,0.2475930675,0.998221293,0.1217744975,0.0370533729,0.4747077931,-0.005057006,0.1268907444,0.0043194325,0.0618822292,0.0555754429,0.0043194325,40,0.0213549513,0.0684474124,0.0672829721,-0.04394018,-0.022428265,0.1166973348,-0.032473006,0.0277797505,0.0040490939,0.409402172,0,3.9740710332,0.1250250631,2.146198056,0.1069587455,17.405528703,5.8164791289,0.3059593556,0.0,0.0,0,,0,0.0,0.6669015492,5.0,-1.473312042,-0.135845315,-0.090348178,4.5515271555,-2.465852624,-2.709175331,0.3091029495,-2575.783144,0.1062765098,12.604220547,-0.000395418,0.0198956612,0.0286362788,0.013008281,0.0647197039,-0.002605004,1.0,2.73714e-05,-0.326582121,-0.013539474,4.0,11.281005797,-0.008168913,0.2221385306,0,0.0239123439,0.0323292091,0.0137950475,0.0321139605,0.4648135458,0.5297784579,3.810876e-08,9.4624144e-08,0.7543471868,0.5690396783,-0.009520477,0.0317559024
39917,0.2810336022,0.0439878682,6.8154252278,0.0325127721,0.4331317503,0.3932876668,0.0927252803,-0.071803007,0.1455373155,-0.101232461,0.0635272632,-0.018601324,-0.314009662,0.0578004838,0.0186013236,40,0.0037918083,-0.065693431,-0.132020166,0.0470843111,0.0677186144,0.0531021112,0.0570920264,-0.007104428,-0.219879074,0.5399164004,0,3.3039215686,0.6022457134,2.6557734205,0.6792109968,4.685443038,13.46,0.1670143498,0.0,0.0,0,0.0,0,0.0,0.2604335644,5.0,0.4912435246,-0.149947372,-0.124368625,0.0829579528,-1.69983706,-0.59596111,0.0004399414,16630.680792,0.1172520361,17.015923644,-0.006175595,0.0102460607,0.0268020305,-0.040081187,0.0817472699,-0.018594126,2.0,0.0021945867,0.5004498508,0.050142826,4.0,17.581420575,0.1460049956,1.850116142,0,0.0957318355,0.0146150971,0.0074224306,0.0150652946,0.2306548621,1.3014137296,4.256932e-11,1.7249127e-08,1.070755389,1.1465171031,-0.017444379,0.0238737194
92872,0.0995337799,0.0306184923,4.8616828336,0.0,0.9862286312,1.210124719,0.1042653468,0.0569642728,0.349044481,-0.16987525,0.3020319222,-0.067709317,-2.336339104,0.1021536733,0.0677093169,40,-0.003473593,0.0484749455,-0.083568367,0.1496222549,-0.031334649,0.1942739681,0.0978561825,-0.078297428,-0.631072965,0.2697151101,0,3.3377312454,0.4526478808,2.5124256077,0.6997465415,18.972732156,10.098178699,0.065486159,0.0,0.0,1,1.0252821716,0,0.0,1.2726485001,4.0,-0.030608263,-0.069263576,-0.329283952,-1.878076184,-0.349898667,-3.39269878,0.2379618216,-1491.275053,0.0506976226,12.726060737,-0.000653074,0.0084959578,0.0293342363,0.0567553291,0.0317996127,0.2985573159,0.0,-0.017602179,-0.596058281,0.0292372891,2.0,11.064483713,0.4846114871,0.1641117634,0,-0.060001469,0.0236893445,0.0134678111,0.0284047005,0.7157014491,0.4583650902,5.9739332e-08,1.425312e-07,0.9995788164,0.9991578103,0.0892320157,0.0497756214
25419,0.3234414876,0.0430372501,-1.320472281,0.0148975097,0.9405956545,1.3157480534,0.0859119845,0.2867987648,0.2523160062,0.0069622951,0.3516650809,-0.046643786,-1.275384615,0.0979262968,0.0466437855,40,0.0186800203,0.4492753623,0.058767116,-0.321781512,-0.030180701,0.1406681738,-0.207829784,0.0613098302,-0.00792039,0.3316535846,0,0.9637034392,-0.067587416,0.6376294181,-0.061106574,19.368421053,7.1791907514,0.0979122835,0.0,0.0,0,0.0,0,0.0,0.762997563,3.0,3.0908595238,-0.114390275,0.282034832,1.1385959459,-0.488360093,-1.234889017,0.1895751037,9984.0232329,0.0446872923,16.397913884,-0.000572956,0.0120432532,0.0476576759,0.039438356,0.035570504,-0.067977379,1.0,6.79071e-05,2.9068055251,-0.012307815,7.0,17.481699017,0.1784613524,2.9146822524,0,-0.101630079,0.0193133373,0.0125040651,0.0207696836,0.3923041986,7.5957637058,5.361464e-11,7.6243712e-09,1.3384228207,1.791375647,-0.051134709,0.0327973298
38156,0.261452277,0.0628534014,16.229916667,0.0420611388,0.9052974991,0.2274935672,0.0260994657,0.862906197,0.1152825879,0.093704246,0.6679106525,-0.000128692,-0.002369668,0.0630023432,0.0001286918,40,0.0009523197,0.3733958036,0.1132653061,-0.576645673,0.0245528757,0.0418788505,-0.064277464,0.3923439688,0.8044819079,0.3204730139,0,0.7362680171,-0.132489912,0.6462797039,-0.139306479,31.820833333,6.7050043898,0.1351929565,0.0,0.0,1,0.0002393719,0,0.0,0.4625822368,6.0,-0.544406688,-0.157731549,0.114320594,8.9816709899,-11.40195707,-0.498189014,-0.028008146,25827.950401,0.0257826007,16.492673919,-0.021342382,-0.000781815,-0.005045409,-0.009782378,0.00245971,-0.079836566,0.0,0.0,-0.373559809,0.0194893433,4.0,17.530465669,-0.267959384,3.7027405838,0,0.080304809,0.079736203,0.0348048884,0.0591448038,0.4862184719,9.8716433985,1.513551e-10,5.7138299e-09,2.4868471388,6.1844086919,0.0274729282,0.0516922349
23536,0.3715980106,0.0494628843,14.810445557,0.0295953345,0.9007491385,0.4201444485,0.0669825029,0.0266767777,0.1027868431,-0.001973774,0.019731582,-0.040717875,-1.035866055,0.1006998071,0.0407178747,40,0.0047573231,-0.01278178,0.1057977429,0.2209125826,-0.03686379,0.0363129236,0.0204857834,0.0440302247,0.0441058351,0.4460693974,0,0.9201174567,-0.112330757,0.6800503386,-0.167039923,80.728594507,7.7667081131,0.09398048,0.0,0.0,0,,0,0.0,0.3008740846,5.0,-0.766450822,-0.064910988,-0.27185699,9.0918167235,-11.45960984,-0.33636106,0.009689318,4151.5369806,0.0257826007,16.726452765,0.0002041233,0.007891965,0.0284725767,,0.0008339699,-0.010177113,1.0,,0.2490872175,-0.05441525,5.0,17.031908132,0.0805142481,1.2738396584,0,0.080304809,0.0174572691,0.0116956919,0.0153497714,0.3062355701,1.9774571187,6.970157e-11,1.718584e-08,0.2099142612,0.0440639971,0.3899948582,0.0225282093
58819,0.4666840035,0.0537025214,-19.52251107,0.0320287972,1.1461695068,0.4546867761,0.039451434,0.0876048378,0.0838432742,-7.2108e-05,0.1069836942,-0.042753133,-1.253222138,0.12100371,0.0427531328,40,0.0010345586,0.0676806084,0.0224304199,0.1196203629,0.0072999072,0.0460439678,-0.025802003,0.0706148087,0.0479368562,0.4132335697,0,0.8587305508,0.217186015,0.6744875278,0.2093357188,58.880492091,7.840627194,0.0975203115,0.0,0.0,0,,0,0.0,0.2288962028,6.0,-0.754906314,-0.098166961,-0.191394601,9.1869027164,-11.39955334,-0.578246312,0.0299932209,-373.8604794,0.0257826007,15.896009338,0.0013282732,0.0148306978,0.0477910385,0.0084157483,0.011084038,-0.140012716,1.0,0.0002564541,0.3286141436,-0.045441757,6.0,16.110769065,0.2217111622,0.6598099431,0,0.080304809,0.0142384274,0.0122709917,0.0166950396,0.3132393134,1.783006851,1.790049e-10,1.7132741e-08,0.330919781,0.1095079015,-0.039537087,0.0224076489
42286,0.3110518968,0.0443503026,6.0353302949,0.0079970493,0.5219740722,0.9200272012,0.1202881996,-0.044885974,0.4349782625,0.0108293216,-0.120339173,-0.070805781,-1.363636364,0.1048279879,0.0708057815,40,-0.005539626,-0.092658785,0.0260116681,0.2405306332,-0.015110312,0.389619883,0.0530829223,-0.005720387,0.1144937918,0.2982737073,0,3.0589961843,-0.098991553,1.8438508952,-0.119773703,12.337354781,8.8298688839,0.1113733457,0.0,0.0,1,0.61561878,0,0.0,1.3075453677,6.0,0.0168254276,0.0325213598,-0.134814323,-0.19591001,-0.190337085,0.2841989529,0.0178112268,982.49188818,0.197809166,14.453318442,-0.000439931,0.0179284428,0.0460440334,-0.014464996,0.0758828529,0.0119814414,1.0,0.0,2.4978331056,-0.10741071,3.0,15.025418757,0.4202156344,1.8993209715,0,0.0957318355,0.0427968092,0.0193744292,0.0298934575,0.3006410098,2.0789412889,1.0977157e-09,1.2225324e-08,0.9402778465,0.8841224287,-0.015422037,0.0334575567
84403,0.4495397565,0.0707394024,10.64586993,0.0096082893,0.5406703612,0.7946362464,0.1029065862,0.0595540134,0.26304792,-0.035814274,0.1218216586,-0.042930288,-0.584049776,0.1120547346,0.0429302878,28,-0.001733788,0.0379047903,0.0185200176,0.0450569469,0.0012749492,0.0995040339,-0.339736907,0.1090266903,-0.006753125,0.3848815251,0,2.8013434963,-0.055661254,1.477763126,-0.09742571,24.796270164,5.9243866497,0.1957112887,0.0,0.0,0,0.0,0,0.0,0.5139955071,5.0,-4.422701336,-0.009842041,-0.027083429,0.0988240525,-13.33311632,-0.380700467,0.0220089569,-6950.283361,0.0604618429,15.013197986,-0.001980225,0.0199304385,0.0444081326,-0.001100162,0.0323634381,0.0018453924,1.0,0.0004914005,0.7885385506,0.0183204208,7.0,14.976874813,0.2255083903,1.173365628,0,-0.156910843,0.0473036915,0.0131038269,0.0236580812,0.6346280829,4.7642757031,5.653617e-10,1.6390647e-08,1.4151704894,2.002707514,0.0281909942,0.0267640554
27983,0.6870358652,0.0700345005,-4.157274486,0.0204805689,1.0724840476,1.2624300174,0.0600627348,-0.047458328,0.2482435597,-0.060232092,0.0204081633,-0.034536282,-0.903136531,0.1332852163,0.0345362825,40,-0.002257735,0.0307477289,-0.088406811,0.0186986173,0.0226906739,0.6899271845,0.1303418678,0.6163878933,-0.135447154,0.2114931665,0,1.4605003292,-0.024273896,1.3067807768,-0.0110002,13.848334515,4.5868544601,0.1351466472,0.0,0.0,1,0.0215394362,0,0.0,0.5553658537,5.0,7.1344633077,-0.023722842,-0.107457968,0.3214224586,-0.507645353,-0.630322596,0.1255941734,11027.074681,0.0410566741,16.090191896,-0.006134089,-0.001191574,-0.00297991,-0.035124474,0.032229616,0.0131632893,0.0,0.0041109969,1.0519523153,-0.098900238,5.0,16.539221418,0.2084366108,1.6958653586,0,-0.131569503,0.0193679482,0.0308554367,0.0220983709,0.5203577279,7.0840065931,1.165345e-10,1.1649037e-08,1.1905877052,1.4174990838,0.0247322753,0.0269130434
63079,2.5924269673,-0.696567882,-48.66070209,0.0,4.9736158751,5.5659606242,-0.035421998,-0.098154568,0.1423359498,0.0080482633,-0.045602401,-0.139320556,-1.919049645,0.6273066775,0.1393205564,33,-0.000879502,-0.035714286,-0.103249656,0.0170929688,-0.139218529,0.1629967181,-0.014631117,-0.020632896,-0.15428909,0.4018245964,0,1.7935937616,-0.176670396,1.6688470094,-0.181655003,52.275710519,4.3802795722,0.0173940544,0.0,0.0,1,0.0935296208,0,0.0,0.2510308986,2.0,0.6579343646,-0.087774529,-0.223195045,5.2626560603,-2.122412855,0.5354687929,0.277564368,-2243.69318,0.0279332649,11.354393941,-0.037747139,-0.279573391,-0.683277155,-0.954296447,0.1332756368,-0.583677529,0.0,1.1243243243,-0.117078514,0.1204000451,1.0,12.556059033,0.7913338227,3.1286325954,0,-0.500704589,0.1320268214,0.0617721731,0.0955486376,0.6944647779,7.2500434173,9.0593983e-08,1.0089899e-08,3.3482519805,11.210791325,0.0010266238,0.1092155637
59483,-0.467861017,-0.098158502,-1.08249585,0.0262432626,3.5657489349,7.3492734524,0.0068347339,-0.038694368,0.0955009928,1.251001596,-0.076249859,-0.047507346,-1.420974889,0.0413222643,0.0475073459,40,-0.00138275,0.03125,0.0418054014,0.0542794139,-0.078914776,0.1645544156,0.0408090664,-0.013269408,-0.206059592,0.5437226196,0,1.2455675228,-0.087405973,1.222038111,-0.085153695,25.344,10.671157895,0.0374492346,1.0,0.0,1,0.9321468298,0,0.0,-0.079009039,5.0,-4.09276453,0.0276409442,-0.122544066,-0.254507755,-0.425683451,-0.027556769,-0.003758271,-4965.95852,0.2359138598,12.631193944,0.0054236294,0.0100579092,-0.044474394,-0.182398322,0.1203175896,0.0106001491,0.0,0.0105580694,4.4936570689,0.2535581589,1.0,14.069372036,-0.666679314,5.1640505974,0,-0.179026286,0.0682594329,0.0357360524,0.0547663814,0.5585559556,14.529819653,4.5081744e-09,5.0633697e-09,3.0128139828,9.0770480949,-0.10212959,0.1061131899
88857,0.3511093458,0.0385618214,52.38161204,0.0249926538,0.6708225726,0.154126402,0.0760193367,0.0771956153,0.1303264444,-0.011403036,0.1159548202,-0.024816483,-0.634099617,0.0630138575,0.0248164834,27,0.0001669881,0.0288461538,0.082981384,-0.126163548,0.002831479,0.0233581011,-0.003702164,0.051074403,0.0101631711,0.4699436385,0,1.8942664418,-0.024636837,1.7642495784,-0.046381155,30.702341137,6.2662116041,0.091954994,0.0,0.0,0,,0,0.0,0.3065761127,7.0,-0.733991402,-0.081326934,-0.230229056,9.0713280586,-11.09531644,-0.475658948,-0.027996632,-7444.422089,0.0257826007,12.84978269,-0.001892756,0.0114631096,0.0327960496,0.001138021,0.0037039544,0.0276530204,2.0,0.0009514748,-0.206521359,-0.004072444,4.0,12.666788794,0.3597937269,0.7536581569,0,0.080304809,0.03348355,0.0250027598,0.0275694555,0.5479144011,2.7571969079,1.0238891e-08,2.6038422e-08,0.7817687087,0.6111623139,0.1920514913,0.0265679363
38295,0.2483665549,-0.235709047,-17.43913046,0.0,13.015643596,2.462033487,-0.003182376,0.0742154537,0.0061561053,-0.004508245,0.104255258,-0.026921099,-1.50933908,0.1200558292,0.0269210995,41,0.0046641029,0.1036251473,-0.024668791,-0.030348324,-0.764211236,0.2998277559,0.0441682599,0.0001760786,-0.593021643,0.1570581089,0,9.3363249163,-0.185603143,8.1486157591,-0.209593467,4.2918603793,1.4533210055,-0.010687977,0.0,1.0,1,0.2095865996,0,0.0,-0.128745838,2.0,44.996773214,0.002202599,-0.016333784,8.5420561996,-0.827500378,-0.044052376,0.395983265,-2846.816296,0.0587429544,14.876286364,-0.000544847,-0.003190779,-0.125282839,-0.097746442,0.0419093156,-0.018101074,0.0,-0.041867142,1.6695008051,0.029789757,2.0,14.782228775,-0.002791836,0.9057221442,0,-0.101630079,0.0296578221,0.0115921386,0.0229399265,0.4612790786,2.1433568707,8.371995e-10,2.2723878e-08,1.1434048371,1.3073746215,-0.01349775,0.0306975212
84129,1.099786727,0.0688432819,-5.350506983,0.017814574,8.6108688097,0.4080249274,0.0272531406,0.021019513,0.0408115118,0.0992917402,0.0055033066,-0.00098278,-0.139649452,0.0784572085,0.0009827799,40,-0.001165895,0.0009567547,0.0363430595,0.0059940307,0.0418531156,0.1550332667,-0.13784051,0.0006679145,0.1657193642,0.6667941402,0,1.0244500006,-0.013530636,1.0212853457,-0.012116649,0.25106827,0.0598497142,0.0106052047,0.0,0.0,0,,0,0.0,0.4187667896,7.0,0.040629867,0.0023650467,-0.042793279,0.1795638261,0.214703166,,-0.001080433,289.47482839,0.0286434127,15.543842457,-0.000222309,0.0017304584,0.0134125701,0.0010357558,0.145295982,0.0015234373,1.0,-0.000363108,-0.120005213,0.004419521,3.0,16.673972204,-0.058401639,3.5008193891,0,0.0654744878,0.0342997201,0.015803431,0.0274702469,0.2588530316,3.5184915903,1.81527e-10,6.9396675e-09,1.3131167027,1.7242754749,-0.005699588,0.0271424759
88285,0.0912107533,-1.190958076,-0.051837799,0.0070113529,1.1387026681,0.5374528365,-1.327527354,-0.112137954,0.2016713233,0.4915341531,0.3762373718,-0.529527965,-0.60917506,-0.64628672,0.5786463093,25,0.0,-0.548387097,0.419293856,0.2367109762,-0.401622405,2.4673202614,0.090143362,0.001972212,-0.891161248,0.1273602073,0,0.4393939394,0.2638692235,0.3777063069,0.2638692235,6.0531183306,5.340167364,-1.552790242,0.0,0.0,0,0.0,0,0.0,0.3532485805,3.0,-0.843564085,-0.106170547,-0.868587317,0.2052549228,-1.275960002,-0.776276938,-0.558879894,-4712.036371,0.0278203388,9.3344544767,0.0,-0.122442296,-0.532544745,0.0062337713,0.0205621122,0.0256627517,1.0,0.0569383838,-0.034357357,-0.324730676,1.0,9.0029914042,0.1171287531,2.2716609811,0,-0.111549313,0.297935158,0.1131541982,0.1321902001,1.4980666538,31.058198981,8.3383687e-07,4.4918925e-09,3.2877473222,10.809282454,0.3683762296,0.1832419965
90756,0.6971652744,0.083721119,-23.70061026,0.0193707687,0.9856474569,2.2245740986,0.0864313691,0.00573397,0.2399764537,-0.054994051,0.0385132798,0.0319575638,0.6405228758,0.0300958271,0.0319575638,30,0.0740893725,0.1083333333,-0.105470068,-0.094904882,-0.01880394,0.2482135351,-0.165418006,0.0972812698,-0.037229219,0.3683442228,0,1.6660722859,-0.083496032,0.7733351622,-0.28740593,142.14685315,6.321895086,0.1310807753,0.0,0.0,1,0.4152046784,0,1.0,0.5265994962,3.0,-4.436588353,-0.098092519,0.043345114,0.3464495705,-13.33311632,0.3269506659,-0.059949951,-6774.116341,0.0604618429,15.091983869,-0.000588659,0.0106360484,0.0251802163,-0.033999165,0.0092998049,0.0010333215,0.0,-0.002752546,1.5739251971,0.0117321722,4.0,15.659212585,0.4317097723,2.7155487708,0,-0.156910843,0.1330143958,0.0339614643,0.0295010903,0.718503391,11.100413127,4.26215e-10,7.1754665e-09,1.6274540048,2.6486065379,0.0890385918,0.0377105257
68419,1.0595893866,0.0838052858,-4.773605543,0.0016437607,1.5688105582,0.6803048506,0.0473295651,-0.138945843,0.0566191547,-0.030921159,-0.236171888,0.01745925,0.6241695666,0.0314965769,0.01745925,30,0.0,0.55,0.124846572,0.0052919715,0.1664210337,,,,0.0233260786,,0,22.078485688,-0.001198493,22.078485688,-0.001198493,2.0612097357,2.2387017972,0.0564687285,0.0,0.0,1,0.0907866379,0,0.0,0.1653309435,5.0,-0.029833674,0.0858092511,0.4862063711,0.2083974736,0.8876081727,-0.354838795,-0.066987221,-5888.912218,0.0331128264,15.318538515,0.0002543423,-0.006270795,-0.016454486,-0.006917855,0.050744249,,0.0,-0.008443731,-0.34237196,-0.032492444,2.0,15.168593082,-0.116749018,0.7476303318,0,0.048781298,0.0146629838,0.0065981136,0.0166457302,0.4337954611,1.0225529887,6.647192e-10,4.0922149e-08,0.2044563703,0.0418024073,-0.050881373,0.0170490048
13600,0.1197210003,0.0238484718,7.9245822132,0.0,0.0853171904,0.105331802,0.0718943421,0.3500516607,0.6049386562,0.0376525097,0.20909416,-0.049396081,-0.369627033,0.0326635117,0.0493960811,3,0.0,0.0615763547,0.2372779311,0.0829096445,0.0167096273,0.4469531896,0.0729759519,0.0724910827,0.4723760389,0.6347438121,0,1.8037998786,0.0961538218,1.8037998786,0.0961538218,1.0500007861,4.0487073015,0.4263492561,0.0,0.0,0,,0,0.0,1.1298234045,6.0,-9.914958246,0.0967278392,-2.379889794,3.8977437695,-0.796328357,-0.826572332,1.0272357897,-2966.248058,0.0288563477,13.686865051,0.0107608247,0.0146182347,0.0239475396,0.0083515631,0.5838149708,-0.02245349,2.0,0.0021082221,1.175385171,0.0169519847,7.0,15.094415626,-0.000336627,3.1375143184,0,-0.111549313,0.0351967029,0.0197171003,0.0347908956,0.2802258133,2.1023727179,2.4580455e-09,1.3212949e-08,1.5190118316,2.3073969444,-0.097118854,0.0584930203
13429,0.6283770241,0.0141448769,77.674285714,0.0043321948,0.5820277595,0.2922926601,0.0300060444,0.0195606511,0.0755294941,0.0041152263,0.0042327089,-0.005200321,-0.442804428,0.0204082911,0.0052003207,3,0.0025134883,0.0387275242,0.5334063527,0.5313571724,-0.178618284,0.0361145704,0.3188313608,0.0219674427,0.0325928467,0.3900927508,0,0.9612021858,0.2236541245,0.4131147541,0.1721929694,200.0,11.45194274,0.0738710402,0.0,0.0,1,0.3418844022,0,0.0,0.12153701,5.0,6.0815815948,-0.087853367,-0.113757079,-53.57749007,-2.747191641,0.7088890428,-1.242209424,-425.9029476,0.0207317787,14.442518493,0.0081474381,0.002952062,0.0054154543,-0.005185118,0.001825874,0.1462874645,0.0,-0.002621614,0.4988236832,-0.012797769,3.0,14.268672263,0.0818418282,0.8565051107,0,-0.142502855,0.0237781126,0.0121025119,0.0205710161,0.2485568316,0.694193978,1.9825724e-09,3.5234977e-08,1.1693461182,1.3673703441,0.0014251787,0.0297171134
72996,0.6860876281,0.05292716,-5.946293305,0.0,2.1262201996,0.666205595,0.0426059923,0.0565310633,0.0451824702,0.0406789765,0.0354088139,-0.007679486,-0.397136158,0.073946449,0.0076794861,32,-0.00019539,0.0639972023,0.1178876058,-0.241185478,-0.011972809,0.3351898653,-0.226357458,0.004471704,0.1278330757,0.4134430729,0,0.9581041461,0.1365346861,0.7922179359,0.1763344199,2.3936693904,0.6635245537,0.0312136164,0.0,0.0,0,0.0,0,0.0,0.1811648159,6.0,1.3685612431,-0.000432487,-0.02386337,0.2515440275,-1.239116719,0.4580686603,0.0459419148,-3674.682294,0.0558672041,14.642973691,-0.002198557,0.001694258,0.0068163846,0.0227273925,0.0770056861,0.0206298084,0.0,-0.002612827,0.1354571147,-0.057491717,3.0,15.162833308,-0.100124538,2.3742628475,0,-0.168614603,0.0715278238,0.0267067684,0.0333836763,0.2651232004,2.3051757942,1.0740348e-09,1.0551848e-08,1.3032449619,1.6984474307,0.0011735755,0.0251405872
87426,0.3242132002,0.0511206922,243.47172044,0.0014868399,0.1222829355,0.9776378785,0.1791897204,0.2000445735,0.609860454,0.0203645076,0.0671486197,-0.089775081,-0.718755019,0.0878639463,0.0897750809,30,0.0627486773,0.1440595028,0.1725188464,0.0408178526,0.0219311203,0.2214622449,0.0164768483,0.1364611284,0.2591888729,0.3293221898,0,1.9371740449,0.0151932671,0.7010682465,-0.333489192,1031.9492386,30.309822588,0.6569802505,0.0,0.0,1,1.0,0,0.0,0.8799029377,6.0,3.7619874813,-0.082164368,0.036574873,-0.185639699,-2.326309937,0.4385085224,0.0467657799,-9269.988236,0.0588548821,14.278360136,0.003385456,0.0272444775,0.0435890314,0.0387007697,0.0108337603,-0.011796504,0.0,-0.0010987,0.8106843315,0.0236669164,6.0,14.645752443,0.0328516116,1.3732027477,0,-0.156910843,0.0314010419,0.0143296687,0.0189118608,0.3429275148,1.6313478891,1.4838923e-09,2.099066e-08,1.148792602,1.3197244423,-0.017777813,0.0257914614
86191,-0.335096096,-0.236549403,5.1134705228,0.0401405854,0.3817089621,0.7129777002,0.9227535636,-0.150140395,0.6106920663,0.0123707053,0.4038681621,-0.139706539,-0.308734544,-0.163518431,0.1397065389,24,-0.034048632,0.0,0.0454918781,-0.305848328,0.1950852386,0.6528998243,0.145242182,0.0032483621,1.3862175936,0.6409100803,0,2.1961668546,-0.369023191,1.565013153,-0.391493178,5.0974416018,6.9920659139,-0.582337539,0.0,0.0,1,1.0,0,1.0,-2.320629293,4.0,-9.893798986,0.2271798414,-0.082562152,-0.362454239,-0.837912413,-0.819051057,-0.090325189,-3081.967853,0.0318276958,10.908814277,-0.004605427,-0.08721827,-0.20240157,0.0064873712,0.464183997,-0.003667256,1.0,0.016,4.9123420151,0.0002012979,4.0,8.8095851247,0.7730403537,0.2135416667,0,-0.095378135,0.1678321809,0.0422641556,0.0604310586,0.9110423756,0.9371119742,7.7301606e-07,6.1585623e-08,0.5351789909,0.2864165523,0.2804546228,0.0631790866
88664,0.1895451005,0.0403777436,23.223799667,0.0146068023,0.1615906898,0.2401376652,0.1881503469,0.0928968414,0.3896286256,-0.021576814,0.185030197,-0.092433401,-0.769663054,0.0714550011,0.0924334009,30,0.0,0.0587379524,0.0707627946,0.0010923948,0.0178018328,0.4015631116,0.0868036911,0.0223733759,0.0249610549,0.2636441052,0,1.1124588885,0.2728527693,1.1124588885,0.2728527693,8.4698576659,5.0624244378,0.4237307818,0.0,0.0,1,0.0020358469,0,0.0,0.6752788698,6.0,-1.56292113,-0.067521295,-0.254293809,0.30358927,-0.138616155,-0.82189402,0.1588618271,471.59362881,0.0278203388,15.670464398,0.0023044218,0.0279644062,0.0518045776,0.0036203737,0.0492854672,0.0043539213,0.0,0.0004309726,0.2516786185,-0.004607215,6.0,15.955820901,-0.116902329,1.2590817857,0,-0.111549313,0.0108982474,0.006831191,0.0142210813,0.2419022577,1.2371095961,1.972023e-10,2.1494778e-08,0.6427088373,0.4130746496,0.0929214743,0.0157904324
15318,0.9707060585,0.0674791538,-19.44489024,0.02256708,8.5085326423,0.3637907376,0.0217107437,0.1071062273,0.0394307654,-0.076745929,0.1258876818,-0.000870855,-0.116676902,0.0753524124,0.0008708548,27,0.0034794622,-0.065217391,0.0048743643,-0.103879403,0.0021293315,0.2369779532,-0.072889897,0.003822566,-0.031421192,0.5093667887,0,0.987623527,0.0453878037,0.9784745429,0.0409910356,0.9951524465,0.0592734897,0.011270725,0.0,0.0,0,,0,0.0,0.3376251313,5.0,-0.011461632,-0.001088195,-0.108967425,0.0504831576,-1.025783232,,-0.004185229,-2675.255362,0.0286434127,14.822913801,-0.000114096,0.0018185667,0.0170218128,0.0033589264,0.0149346624,-0.014563549,2.0,0.000556483,0.9948644538,-0.008740189,5.0,15.239056975,-0.084980981,1.6345024955,0,0.0654744878,0.0330383144,0.0156108276,0.020969774,0.189664503,1.3369610935,6.022112e-10,1.3259799e-08,1.0735033049,1.1524093456,-0.017239477,0.021636639
14318,0.8003610114,-0.091677532,0.6430997929,0.0,0.068059873,0.0360329104,-0.161708352,-0.037309416,-0.100806494,0.0064941776,1.0168314632,-0.059084114,-0.570523044,-0.039373387,0.0590841137,2,0.0,0.3404255319,1.7115248977,1.3476635116,-1.695715035,0.4885651364,-0.264999297,-0.002217286,-0.078276488,0.2534878201,0,10.511083975,0.8232828197,10.511083975,0.8232828197,0.1761127297,6.9771324864,-1.588613305,0.0,0.0,0,,0,0.0,-0.104724136,5.0,5.2262545456,,0.276631903,-0.050830901,1.2304443266,-0.677995365,-0.137857185,-9127.293908,0.0331128264,12.825608801,0.0005949594,-0.010296317,-0.011656914,0.0208935112,0.3096383835,-0.059437074,1.0,0.0065789474,0.7133557236,-0.017973722,4.0,12.976478314,-0.105919719,1.2676483864,0,0.048781298,0.1238937676,0.0337507895,0.041600658,0.8789331788,6.1791024217,2.1441842e-08,2.2123077e-08,1.0735623138,1.1525360416,-0.086628027,0.0389212234
71563,0.7754760411,0.0767448339,-50.60728225,0.0295776231,5.7937889747,0.3541465463,0.033556751,0.0207857494,0.0486694716,0.0199230138,0.0136516002,-0.005986631,-0.514644351,0.1162411291,0.0059866315,33,0.0013465865,-0.008902077,-0.046768462,-0.08376982,0.0441928746,0.232074439,0.0302782101,0.0011310857,0.0783389561,0.4775272624,0,0.9508524489,0.0262286298,0.9385384377,0.0245622867,3.677658392,0.0838273794,0.0159645865,0.0,0.0,0,,0,0.0,0.4419031554,6.0,0.0431276144,-0.001570623,-0.052652111,-0.14474686,-1.83283865,,0.0367034879,22529.462398,0.0286434127,17.18999059,0.0002673482,0.002769387,0.021092504,0.0053288513,0.0160816823,0.0445572528,1.0,0.0008426966,0.2246996359,0.0080347266,5.0,17.355736488,-0.016943279,1.3663439852,0,0.0654744878,0.0350983329,0.0140415837,0.0182090885,0.2711493843,2.2963752832,6.237333e-11,1.3282889e-08,0.8562235137,0.7331187055,0.0232347967,0.0188705285
80072,0.8266123038,0.0515449964,-16.85619123,0.0406340798,7.5121370359,0.308997993,0.0182861887,0.1632350637,0.0329704855,0.1629215453,0.1584165332,-0.003880013,-0.583651827,0.0816293277,0.0038800133,27,0.0004850303,-0.000343879,-0.064895603,-0.232310116,0.0156539761,0.1038314894,0.0028184082,0.0013205178,0.2089348751,0.5620751763,0,1.014706662,-0.031004242,1.0119602118,-0.031169344,0.8386477956,0.0520821056,0.0092280756,0.0,0.0,0,,0,0.0,0.3456685096,5.0,-0.022710184,-0.004935586,-0.044093913,-0.093610597,-0.297941888,,0.0020916865,-3244.685012,0.0286434127,14.693283351,-2.8398e-05,0.0018638668,0.0181080388,0.011075005,0.0149083373,0.0313489124,3.0,0.0,0.4115159361,0.0490413774,4.0,15.351438959,-0.216409458,1.7708189194,0,0.0654744878,0.0282426253,0.0179016466,0.0196519733,0.321144751,2.8823452987,7.325179e-10,1.4493085e-08,0.8561460431,0.7329860471,-0.03223574,0.019368973
85586,0.5000941085,0.0690129358,1.5861633282,0.0434819907,0.3243992097,1.8676129591,0.158363673,0.0184202072,0.3708673103,0.0121409535,-0.042877111,-0.089608126,-1.096660482,0.1446966952,0.0896081255,30,0.0018797847,0.0668069437,0.04668585,-0.026708645,0.023604229,0.1587901021,-0.002396628,0.0256261188,0.0686768086,0.4285057461,0,1.0073158283,0.0924070778,0.8963874553,0.1031243547,14.983359014,36.667420814,0.3785202772,0.0,0.0,1,1.0,0,0.0,0.6567527635,8.0,-0.02287746,-0.090279425,-2.727180435,0.1935400866,-0.517134239,0.1082682534,0.0790725548,-4494.946595,0.0775320588,11.139518721,0.0120098527,0.0312972224,0.0526619309,0.0449416335,0.1462436342,-0.005330988,0.0,-0.003572284,1.2877166035,-0.003546164,3.0,9.3205570958,-0.115605709,0.1620830895,0,-0.101596569,0.0154844886,0.0078450998,0.0147558414,0.8810101693,0.5003825718,2.1418592e-07,1.4228861e-07,0.2760745822,0.0762171749,-0.124206294,0.0214042185
35917,0.8280479323,0.052134805,-13.05526084,0.0177002274,6.276971549,0.3193916899,0.0298824161,0.1443927338,0.0463332294,0.0349535773,0.1506348969,-0.006059368,-0.773684818,0.0924707122,0.0060593678,28,-0.000719833,0.0856102004,-0.023145219,-0.207073211,0.0004808525,0.1152705001,-0.032133613,0.0005494701,0.0991899681,0.5781180565,0,0.9261677399,0.0014562637,0.9217347946,0.0032906048,0.7003358284,0.0637120153,0.0108254962,0.0,0.0,0,,0,0.0,0.3818563631,6.0,-0.031564381,-0.003662768,0.0418601664,-0.092174969,-0.492960297,,0.0129330709,-4169.121372,0.0286434127,14.222934681,0.0002878077,0.0023607357,0.02069768,0.0067961245,0.0953737909,-0.025230804,3.0,-0.000570125,0.7748115247,-0.014305779,4.0,14.139308742,-0.005115899,1.1760074431,0,0.0654744878,0.0357750803,0.0146329775,0.0201304195,0.3792751901,2.736876486,1.1926081e-09,1.501469e-08,1.0360120768,1.0733210234,-0.047946459,0.0235918483
13508,0.2262443572,0.0317441082,104.22193139,0.0,0.2320195751,1.2237624044,0.1226315858,0.2377913591,0.967759346,0.0005336891,0.3140428931,-0.117278185,-1.530424587,0.0803260718,0.1172781851,4,0.0777330348,0.2063086104,0.1997487871,-0.000623999,0.0013387404,0.1469298095,0.0262891827,0.3317882372,0.1682683554,0.52741254,0,1.1775236841,-0.12473073,0.2776292254,-0.389684639,214.29777015,148.08907823,0.3599898354,0.0,0.0,1,1.0,0,0.0,1.81681065,4.0,0.0031128241,-0.005677013,0.166783308,-0.06461204,0.001854624,0.1567770579,0.3839726826,-7388.589255,0.1090476693,12.613402388,-0.000772548,0.0129568151,0.0256998134,0.0522708155,0.0124613122,-0.002968498,0.0,0.0,3.2716220903,0.0177407842,7.0,12.633738407,-0.352125664,1.1637486669,0,-0.208549392,0.0642297417,0.075576376,0.0433030843,0.8964609323,16.502315437,1.4021549e-08,1.0964458e-08,0.6153500163,0.3786556426,0.7099661045,0.0616889858
70332,0.4719520511,-0.041871538,-0.651716651,0.0120829296,0.9420139014,0.3917979638,0.0105554159,0.1059142002,0.1956400925,0.0057573953,0.2253275653,-0.17393377,-5.837714286,0.2025625381,0.1739337703,29,0.0005618456,0.0701754386,0.1014327033,0.1848567149,-0.011549551,0.1210175768,0.16956987,0.0698445707,-0.097543121,0.5115797144,0,1.0964432285,-0.120284787,1.072698847,-0.113134021,2.2221468313,6.480015829,0.0918295992,0.0,0.0,1,0.0013914657,0,0.0,0.4188131949,2.0,0.6086580976,-0.068334671,-0.117305321,1.6086440806,-1.875747157,0.5354687929,-0.160053559,39294.36663,0.0279332649,17.11958627,-0.025451249,-0.04287852,-0.136371957,-0.065180212,0.0421292343,-0.656100532,0.0,-0.000662361,0.4502602588,-0.091851624,6.0,18.228213028,0.0777315266,3.2481406091,0,-0.500704589,0.055519145,0.0283320185,0.0410653064,0.2869224436,3.0279725341,8.390377e-11,9.2974922e-09,2.1044855178,4.4288592948,0.028409815,0.0395248075
90537,1.6007274863,-0.037065985,-63.00847219,0.0629905467,1.4629734298,0.7882057605,0.1257278324,-0.180733924,0.1027018385,-0.023464379,-0.162967714,-0.130841109,-12.69789028,0.4335938298,0.1308411088,30,0.0,-0.383333333,-0.236588897,0.1423127847,0.0305244168,0.051803718,-0.142433111,-0.293245629,-0.211214836,0.529280915,0,1.3886617395,0.0501958134,1.3886617395,0.0501958134,47.182951394,4.777669062,0.0722163151,0.0,0.0,0,0.0,0,0.0,0.1758390394,5.0,0.5375329866,-0.128361498,-0.570814093,2.7374195158,-2.273879958,0.5354687929,0.0709777331,1600.9581996,0.0279332649,14.820240493,7.21854e-05,0.0246735333,0.0491360357,-0.025959767,0.0125922632,0.2070677878,1.0,0.0174152154,0.0140727734,0.0353476964,5.0,17.245487295,0.0387089378,9.7538779292,0,-0.500704589,0.1127167717,0.0480832554,0.0716774732,0.2693595522,10.2835765,2.953239e-10,2.2293741e-09,2.4298332071,5.9040894144,0.0722338635,0.064412489
10116,0.2298285839,-0.600911672,1.1365410053,0.0,0.5069239728,0.0341649379,-3.025372042,-0.434334614,-0.416521132,0.0108225556,0.0407210236,-0.096597881,-0.163903399,-0.502420206,0.0965978806,29,0.0023647518,0.0,3.499465812,2.7026186714,-5.251219862,0.2863113898,1.0105896848,0.0065316102,-0.718127546,0.795048657,0,4.4221256684,-0.755701903,4.3205213904,-0.771823859,0.0620866402,5.2887323944,-1.183981693,0.0,0.0,1,1.0,0,1.0,-0.732968811,3.0,74.77710871,-0.000169358,-0.20862324,-8.590574092,5.2184094984,-0.42660587,-9.223719573,-5525.384357,0.0248274717,10.566575437,0.0,-0.177048523,-0.63221957,0.0023438331,0.8052901114,-0.91937259,1.0,-0.09787234,0.2101873025,-0.002358405,3.0,9.3393138663,0.6942893159,0.3889076672,0,-0.25352422,0.0763636529,0.0280094868,0.0472417422,0.9954480772,3.5044280935,2.880867e-07,3.6025722e-08,1.3145469521,1.7280336894,0.0981251367,0.0837066388
86866,0.4437398371,0.0209190573,3.5842700054,0.0,0.2328914517,1.8257391767,0.0441437635,0.0105870885,1.0200339364,0.0092984907,-0.104279649,0.0020948958,0.0674049109,0.0195090101,0.0020948958,29,0.0069460759,0.0378912685,0.0480098145,,0.0128152665,0.1763879228,-0.045713551,0.0429861667,0.0835128621,0.5874827496,0,2.3405148593,0.114907446,0.4687661562,0.0419296901,20.236782174,,0.186446635,0.0,0.0,0,,0,0.0,1.6605184201,6.0,0.0172356962,0.0708448239,-0.044820366,0.0471545056,0.0708851326,-1.160031868,-0.020740987,-14745.9961,0.3343991096,12.865074694,-0.000405894,-0.018278978,-0.027872477,0.0005003078,0.0614335732,0.0085402771,0.0,-0.001848429,0.5455309847,0.023652615,2.0,13.261892043,1.2624641474,1.9177743848,0,-0.111759717,0.0519950837,0.0261330594,0.0464678676,0.415039525,4.9607913247,6.8296958e-09,1.061193e-08,2.0130649423,4.0524304618,0.0994590665,0.0744313011
10147,0.3709055306,0.0459735847,2.2405840644,0.0155673266,0.3787654212,0.4139994139,0.1291498539,0.0007851862,0.3702588933,-0.017326733,0.0134614513,-0.083044455,-1.403463522,0.1104958337,0.0830444546,29,-0.001264526,0.0954616588,0.0524502627,-0.075328935,-0.001695125,0.4997344663,0.0327251775,0.0184736854,-0.018160621,0.3092312738,0,1.3435525192,-0.082499353,1.2345858241,-0.08637242,2.9371469775,5.5381826422,0.2069198388,0.0,0.0,0,0.0,0,0.0,0.7546298372,5.0,7.12091035,-0.007656925,-0.042744038,0.005292124,-0.533053134,0.3198687037,0.1028047908,54582.888981,0.0410566741,17.747195616,-0.000843919,0.010698286,0.0239079544,0.0010033666,0.1685301577,-0.007084532,0.0,-0.000827815,1.6283337278,-0.070477365,6.0,17.814231815,0.0213175062,1.2599229195,0,-0.131569503,0.032093998,0.0096782542,0.0120395253,0.5107782853,4.1234738729,1.828613e-11,1.5107024e-08,0.8805606319,0.7753870264,-0.070217637,0.0259807279
10028,0.4076594707,-0.042527315,-0.026291209,0.0,0.858716894,4.737810734,-0.020926756,-0.240724382,0.5080308384,0.005174113,-0.114502762,-0.025106703,-0.866141732,-0.005692633,0.0251067035,29,-0.081163125,-0.548387097,-0.348243076,-2.708837872,-0.003135986,0.0877233165,-0.060768288,-0.099622551,-0.416059094,0.595586123,0,1.6161536733,0.0039904361,0.3643001573,0.0122277146,32.391483516,78.255530973,-0.018460186,0.0,0.0,1,0.4487244898,0,0.0,1.1810245587,2.0,1.4283481679,-0.684757167,-0.753247709,0.1468276999,-1.705104761,0.0907297218,0.3616805247,-5152.87846,0.1116949983,8.8151643172,0.001979327,-0.029381349,-0.09226361,-0.119899619,0.0798286836,0.0099418372,0.0,-0.115252347,2.3887191345,-0.03552936,2.0,7.2782424137,1.2444657043,0.25241301,0,-0.152504436,0.0769231245,0.0402087959,0.0556276828,1.7374207965,1.0505479619,3.94531e-05,1.0000001313,0.2882515525,0.0830889575,2.0642429466,0.1077089202
69032,0.8570897438,0.0459853483,-3.474856337,0.0175037594,9.6357336884,0.4975162892,0.0173337803,-0.037458779,0.0143712877,0.0031421139,-0.044870049,0.0028760038,0.675093364,0.0149409448,0.0028760038,29,-0.006031041,0.0001433846,0.0220636127,-0.060933468,0.0171895354,0.1900785855,-0.242830572,-0.006052585,0.0347522368,0.6818887662,0,2.1081317695,-0.140342123,1.1900486161,-0.156345144,0.2203957186,0.1425991276,0.0062180275,0.0,0.0,0,,0,0.0,0.1338894117,5.0,1.3865343393,0.0091030611,-0.087717188,0.4225461432,-1.310399427,-1.202202469,-0.013063589,68638.878986,0.0558672041,17.775223674,-4.9109e-05,0.0012352332,0.0135931128,-0.016806124,0.2592886096,-0.011400632,0.0,-0.012063492,0.9624155614,-0.040061604,1.0,18.3005284,-0.061046883,1.8452918842,0,-0.168614603,0.0528884977,0.0204087689,0.0249902435,0.2955307872,2.50285755,3.780702e-11,1.2049736e-08,1.4614035799,2.1357004234,0.0636517121,0.0239357556
10138,0.2406540416,0.0548465691,11.137709714,0.0206120686,0.0111156189,0.177622416,0.4298141749,0.1214559615,0.3978859947,-0.003674549,0.1590697674,-0.011557012,-0.05017892,0.0575987107,0.0115570124,29,0.0110325451,0.0356386733,0.1424104197,-0.11883958,0.0138919072,0.1904843111,0.1992138659,0.0302000755,0.1197775057,0.3940625753,0,14.578103208,-0.167309003,14.020920502,-0.189781068,2.6439811434,7.8931615461,1.6230229252,0.0,0.0,0,,0,0.0,0.4156410203,6.0,1.3830524813,-0.000246858,-0.052221899,-0.193889559,-0.871382184,0.403326626,0.0295941765,15359.759586,0.0558672041,16.743349575,-0.001525659,0.0511679439,0.055787079,0.001612034,0.2210914062,-0.015365633,0.0,-0.002014388,0.2782055287,0.0551844052,7.0,16.880849344,0.0654920574,1.3344399544,0,-0.168614603,0.0332252719,0.0139707022,0.0177805302,0.2962655283,1.8685965079,9.210639e-11,1.6530976e-08,1.1027622369,1.2160845512,0.0413493064,0.0155493214
10107,0.225972902,0.0344053993,2.1339022647,0.0283951065,0.2712814805,0.2640578422,0.3390340916,0.0222700483,0.3825297011,-0.025731278,0.1639225182,-0.096882736,-1.384974986,0.0820560168,0.0968827361,30,0.0013883829,-0.078125,0.0824628981,0.1661714531,-0.048273255,0.3665738918,0.1235554549,0.0276997865,-0.108048205,0.6741384439,0,2.5013438164,-0.00106952,2.4431385134,-0.001055736,0.9694797257,5.2255974983,0.1968557682,0.0,0.0,0,0.0,0,0.0,0.7254744721,4.0,-1.696951888,-0.085207061,-0.391156762,0.3400170716,-0.694499453,-0.434523472,0.1694628427,98593.130203,0.0278203388,18.593941823,-0.004391239,0.0278170273,0.0612114931,-0.007983922,0.5746518138,-0.006434673,1.0,0.0018075011,1.3421901849,0.10642289,7.0,18.734862128,-0.136755135,0.9142372839,0,-0.111549313,0.0145552121,0.0181654684,0.017425535,0.4265966966,2.9639498169,5.710691e-12,2.3407593e-08,0.9047569631,0.8185851622,0.0243746028,0.0310719963
13983,0.0840761884,0.0201564382,23.796589511,0.006207316,0.428955014,0.3806229094,0.0916899792,-0.087007964,0.4130602958,0.0194970331,-0.12145102,-0.046592765,-1.263655914,0.0456272406,0.0465927653,3,-0.009451766,-0.1,-0.03866871,-0.060931045,-0.01757999,0.4590163934,0.014341748,-0.015290102,0.1493244845,0.232590274,0,1.2163543441,-0.302325914,0.8508714454,-0.372936717,12.863756226,6.4602707475,0.0873551485,0.0,0.0,1,0.000422119,0,1.0,3.1425693292,6.0,-16.02160833,0.0743811412,-0.4061081,0.0167421194,11.215142613,0.0138115173,0.3788549441,6299.4783313,0.0238858186,14.640991802,-0.009662813,0.0208842147,0.1296143535,-0.007256225,0.0675653727,-0.009140377,1.0,0.0110864745,1.2620819089,-0.036358306,7.0,15.611862166,-0.171890353,3.1739868008,0,-0.25352422,0.0420409665,0.0164561776,0.0275403114,0.3770488072,5.8332939135,4.543914e-10,7.4260517e-09,0.8566511035,0.7338511132,0.0361755891,0.0407771173
10200,0.172180091,0.0125900489,8.9068516586,0.0,0.0255206609,0.0979296227,0.1873568156,0.0813182182,0.3333220953,0.0265614233,0.1220949929,-0.082862905,-1.252264382,0.0283561187,0.0828629049,29,0.0047380314,0.1724137931,-0.067786416,0.2587289242,-0.07475169,0.2766763046,0.1114142241,0.034818155,0.0755250948,0.6141407403,0,7.5777944205,-0.008272577,6.4184609624,-0.027054575,1.0871811541,7.8455555556,0.7783524904,0.0,0.0,0,,0,0.0,0.380195599,3.0,47.51228747,-0.146930324,-0.036209447,-8.648222585,0.5576900199,0.6351182075,-8.728995865,-4898.440757,0.0248274717,13.70585521,0.0027322192,0.0184790127,0.0214679039,0.0049439209,0.4924742408,-0.051001658,0.0,0.0003590664,1.3581007942,-0.229614428,5.0,14.583208115,-0.324953894,1.9649910322,0,-0.25352422,0.0591934323,0.0249682133,0.0403894857,0.2689380467,1.8051795976,2.6316541e-09,1.4800519e-08,0.6413460988,0.4113248185,2.8223223692,0.0679661842
10302,0.0892493821,0.0077050444,15.332219304,0.0302148919,0.2325844302,0.3116629474,0.050829604,-0.029451475,0.5271729195,0.0642480349,-0.077971597,-0.113178766,-4.761373773,0.0443916409,0.1131787661,29,-0.016413572,-0.014705882,0.0038799324,0.0667776681,-0.00439734,0.1965570757,0.0502905675,-0.023553346,0.134608348,0.469006922,0,1.1363705828,0.0870682511,0.8153490132,0.1381416465,6.1062603104,9.5480232681,0.1146004358,0.0,0.0,1,1.0,0,0.0,2.1733776057,6.0,3.1910890528,0.037446323,-0.181946413,0.9044038404,-1.162134323,-2.196122119,0.1360404478,-2791.346567,0.0446872923,14.849857827,0.0013794719,0.0073728486,0.0107437624,0.0966324182,0.0486857694,-0.67552626,2.0,0.0011737089,0.8451395719,0.0598137993,7.0,15.9956364,0.0683425971,3.7410871611,0,-0.101630079,0.0507425554,0.0211848636,0.0323559482,0.4415092196,8.3984363343,3.846581e-10,6.279354e-09,1.5473860305,2.3944035273,-0.049507394,0.043762988
10299,0.1488022646,0.0491280485,7.2503103211,0.0262541586,0.0288708609,0.139109112,0.9227535636,0.1380188671,0.7088219341,0.0027394854,-0.055695554,-0.044047206,-0.149638266,0.0564794845,0.0440472057,30,0.0048315416,0.0444110706,0.0624847845,0.0283091759,0.0033144764,0.1880087022,0.0163584278,0.0393010779,0.1851913331,0.8170897807,0,8.6637291027,0.3656337163,8.1177959523,0.3713330943,1.2265003883,8.2288635755,1.6230229252,0.0,0.0,0,,0,1.0,0.8814310683,5.0,45.112653541,0.1152798692,-0.07554786,8.4424919093,-0.350017692,-0.236679437,0.3324069204,5395.136114,0.0587429544,16.179668428,-0.00391724,0.0594704362,0.0710089884,-0.003020851,0.6563078391,-0.004447647,0.0,0.0,1.0912602906,0.0609844736,7.0,17.204350374,0.0391307984,2.2611997312,0,-0.101630079,0.0394588523,0.0138224594,0.0189014828,0.3740057039,3.5092004555,1.020364e-10,1.134299e-08,0.9805853804,0.9615476883,-0.026925971,0.0232120619
10363,0.4215606303,0.1244803276,1.1338479464,0.0,0.8514378519,0.1140016424,0.0057794877,2.3874659401,0.3680681386,0.1757681532,5.2346570397,0.1503912011,0.9159604468,0.0104612711,0.1503912011,29,0.0282798756,0.7364864865,0.5383397645,-3.701815015,0.0129343484,3.6866359447,2.4859950082,0.0887067306,1.6678170387,0.1423651717,0,1.6459804911,-0.755701903,1.4020590073,-0.771823859,0.8626635041,2.9136565941,0.2767372027,0.0,0.0,1,0.6370598206,1,0.0,0.4814741775,4.0,48.830468139,-0.187893406,0.5278632464,-8.398842046,-0.56108219,-0.42660587,-8.746890713,-4456.293957,0.0248274717,13.728611788,-0.031303169,-0.012556709,-0.028870335,0.0512463857,0.1854155925,0.2951878085,0.0,-0.006040775,1.6223242825,-0.234973285,2.0,15.680402901,-0.121775325,7.1494934305,0,-0.25352422,0.0625792593,0.0287406111,0.0434842018,0.3209586821,7.422651458,1.0297794e-09,3.7491065e-09,1.0276051762,1.0559723981,-0.105534375,0.072921719
10333,0.0074485831,-0.092058142,4.3688097393,0.0,0.2079834775,0.0453452629,-11.58430181,-0.334992803,-0.064882551,0.099690661,-0.376431336,0.2125872739,1.0438630845,-0.188154239,0.3563162562,29,0.0,0.0892857143,-0.467828834,-0.342994134,-1.327966962,0.3625,-0.193,0.003056788,-1.777276147,0.9321566757,0,2.2986154901,-0.463698597,2.2986154901,-0.463698597,0.2404997132,5.7014203687,-0.323522754,0.0,0.0,1,1.3156996587,0,1.0,3.2726360672,2.0,49.089058504,-0.156138709,-0.119337526,-8.812954093,-0.373140321,-0.42660587,-8.945506223,-5131.313677,0.0248274717,11.49814928,0.0,-0.007905593,0.0153742888,-0.034278117,0.4055018474,-0.07445163,1.0,1.1243243243,1.7062730795,-0.324730676,1.0,12.871195212,0.2643169551,2.5193988435,0,-0.25352422,0.0531209484,0.0322100455,0.0606930744,0.3922959866,2.7531705107,3.3160581e-08,1.3399788e-08,2.2072828916,4.8720977636,-0.140906225,0.1088825829
14801,0.1283393895,-0.372465967,1.5042636212,0.0,0.2923884183,0.1366540778,-2.542416452,,,,,,,-0.230222953,,1,,,,,,0.6469298246,,,,0.9285692509,0,3.4439288476,,3.4439288476,,0.3548655722,,-0.355859671,,,0,,0,,,,,,,-8.692063286,,-0.42660587,-8.987574937,-5503.708277,0.0248274717,9.3164278237,0.0,0.0659770964,0.3149911817,0.1091074769,0.8549803209,-0.001838105,4.0,0.4831236445,0.2109505015,-0.015903525,3.0,12.17510729,,6.5644993046,1,-0.25352422,0.0813397542,0.0487351215,0.0890439835,0.7197070011,11.953031186,3.8667566e-07,9.2357311e-09,1.5419877933,2.3777263548,0.8031385143,0.1832419965
10382,0.6602843667,0.0382281224,6.8929848049,0.0101699808,0.2286642578,1.0823369056,0.0624004883,0.0749695379,0.3194940284,0.0031059976,0.2211932693,0.0200610257,0.4525799524,0.0209268406,0.0200610257,29,0.0585583847,0.0658036677,0.0456560464,-0.086342392,-0.000956263,0.1283407068,0.0748650697,0.0835816792,0.0317052538,0.5017925174,0,3.4332181047,-0.12245139,1.0262336389,-0.239114238,65.305241315,9.0921333445,0.3122811042,0.0,0.0,1,1.0,0,1.0,0.4137353608,2.0,7.1277450112,0.0018627216,-0.072402029,0.2946709602,-0.673205824,0.6462429815,0.0132357977,-3549.632719,0.0410566741,13.924530362,-0.001247811,0.0028514875,0.0037182441,-0.011433291,0.0200930537,-0.001762714,0.0,-0.004774694,1.2145662892,-0.095324576,4.0,14.495927533,0.7199593861,1.3804088364,0,-0.131569503,0.0378723145,0.0146988353,0.0271040934,0.4436535809,3.0196023023,1.9430072e-09,1.945497e-08,1.4890594046,2.2172979106,-0.027238689,0.0324363698
10397,0.3715980646,0.0439619949,37.096164396,0.0064202784,0.2881491519,0.9533442689,0.0816272915,0.0933204933,0.2347040131,-0.009296697,0.111806155,-0.076142356,-1.093917892,0.0920528077,0.0761423558,29,0.001468306,0.0447838023,0.054261247,-0.214851526,0.0182069227,0.1745779665,-0.013674194,0.0447331321,0.0794038723,0.5422433186,0,2.2856591433,0.0964216592,2.1901034686,0.1001151327,94.642054504,6.7074546469,0.4488495172,0.0,0.0,0,0.0,0,0.0,0.4102565762,6.0,-4.093245859,-0.207307296,-0.109010264,0.8047797826,-0.056332447,0.6362499472,0.0469722728,-3411.67565,0.2359138598,14.417416503,0.0033048591,0.0207824856,0.0365230461,-0.009705105,0.0292123524,0.0166332497,2.0,0.0003984064,0.6473842119,0.0468552187,6.0,15.323402195,-0.026319725,2.4483695149,0,-0.179026286,0.0456776507,0.0280742783,0.0358818462,0.5205923304,11.035901679,8.493301e-10,8.7299227e-09,1.0002012911,1.0004026227,0.0609263341,0.0254881589
10257,0.8431314351,0.2831439033,-0.269901961,0.0,0.212174621,2.4091681646,0.1092517125,-0.048151104,0.3886671987,-0.001568054,-0.607215241,0.2125872739,0.7728001833,0.0731089963,0.2298282677,30,0.0,0.0416666667,0.0802241582,0.8165219865,0.2243857313,0.1636904762,-0.761094135,0.0,0.6516683519,0.2832582798,0,1.8163301452,0.7449643229,1.8163301452,0.7449643229,11.757106873,19.712217195,0.7991447159,0.0,0.0,0,,0,0.0,0.8383648707,6.0,-19.3613322,0.1079027898,-0.334653666,1.9751733317,9.4762834134,-0.672899009,0.2040025363,-2951.635112,0.2158277373,10.580349136,-0.04046954,0.0961391205,0.5654770075,0.0519837039,0.1941727222,0.006224059,2.0,0.1277103193,1.2673776678,0.1760151796,2.0,9.1651086466,0.0565751498,0.1909117166,0,-0.166303822,0.0608552322,0.0281155167,0.0473293163,1.5470514364,0.8345097702,5.4434064e-06,1.2941092e-07,0.4793205371,0.2297481773,0.9267956472,0.1104795778
10463,0.0986359148,-0.036035336,12.117050265,0.0,0.0039431507,0.0130540331,-1.283710278,0.0442985372,-0.367104388,0.0352228473,1.9814814815,-0.088628695,-0.24694155,-0.027136714,0.0886286946,29,0.0,0.0,-0.260064785,-0.615312766,0.016659509,0.0484848485,-0.761094135,0.0521941489,0.0178601516,0.8169697573,0,21.465838509,-0.708876866,21.465838509,-0.708876866,0.1762566138,1.3608510638,-13.5875969,0.0,0.0,0,,0,0.0,-0.372114575,2.0,0.7614871708,0.0032151775,-0.124370303,-0.23680251,10.250547238,-0.761605555,-0.059729042,-2032.430959,0.0772902197,11.600567768,0.0,-0.067339772,-0.069720934,-5.743e-05,0.7420319656,-0.675802282,0.0,-0.001972387,0.5289385207,0.0040230054,4.0,10.325691764,0.0154591933,0.2345422281,0,-0.045482084,0.0266940687,0.0182268015,0.0311210783,0.5217058332,0.4876849868,1.9917512e-07,1.2655291e-07,0.6857844346,0.4703002908,0.2229730541,0.0510187244
70033,0.2083297489,0.0604813681,7.7150359391,0.0170643172,0.4739634513,0.4460144199,0.1699800306,0.0130841549,0.3046459133,-0.036743211,0.0349081565,-0.031908711,-0.357639197,0.0821118761,0.0319087112,29,0.0025736887,0.015625,0.0557022254,-0.007944383,0.0169968049,0.203040052,0.0238494415,0.0230819858,-0.033294722,0.3492883912,0,1.6524162449,0.0396303538,1.4645479863,0.0311739325,5.8613969841,2.8778979936,0.1573508965,0.0,0.0,1,0.1135522586,0,0.0,0.8973329665,7.0,3.7702435651,0.0077862281,-0.09185963,-0.301523151,-2.513705139,0.3686229511,0.0410137096,3476.8053341,0.0588548821,15.987361428,-0.000161388,0.0132843067,0.0464167703,0.0015024996,0.1425152806,-0.010014188,0.0,-0.002367942,5.2844903739,-0.152896202,6.0,17.154633559,0.0919094865,3.5122683012,0,-0.156910843,0.042520117,0.0256176466,0.0296691677,0.5605923758,15.169507125,1.014526e-10,4.675857e-09,0.9930624837,0.9861730965,-0.073637409,0.0277957948
10421,2.0600894964,-0.035533648,-3.927866364,0.0120441325,4.4274831126,4.7627019036,0.0436008329,0.0417434109,0.0848685126,-0.000858872,0.0755113856,-0.071662093,-12.82160305,0.4200646802,0.0716620925,29,-0.000148557,0.0077350474,-0.018278662,0.2151314394,-0.07930345,0.0859403652,-0.069830988,0.1233269528,-0.024107645,0.5242839779,0,1.8864522068,-0.200733332,1.6856032322,-0.211473862,5.7901507699,37.698211416,0.0810928359,0.0,0.0,1,1.1194707919,0,0.0,0.2031250109,2.0,-0.00717642,0.0234600488,-0.013184919,1.5216733038,4.2697453371,-0.117884031,0.2867242369,-5611.611248,0.0725156293,14.004140922,-0.000798384,0.0074956278,0.0254831849,-0.048051517,0.1153233682,-0.124095272,3.0,0.0035971223,1.1488903137,-0.051756434,3.0,14.532918505,-0.162621345,2.1564014245,0,0.0348146487,0.1691542119,0.041897806,0.0386589848,0.5122352342,8.5947297386,1.7124427e-09,1.0397148e-08,1.677034737,2.8124455093,0.0682086881,0.0495047608
13502,0.6194125516,0.0470463953,-12.66297908,0.0,0.857817434,1.8156763588,0.0909279285,0.2070653962,0.2352153746,0.0205360251,0.3265208462,-0.065217836,-1.889619739,0.1359461926,0.0652178361,3,0.0,0.0,-0.028621431,-0.029079037,0.0962996673,1.0561520238,0.0378296838,0.0041083636,0.0836446861,0.1982076203,0,1.3644605814,-0.20244524,1.3644605814,-0.20244524,191.9262951,4.7733124304,0.099535392,0.0,0.0,1,1.0,0,0.0,0.4785631303,4.0,0.8079162569,-0.069305053,-0.124370303,0.2839741267,-0.679956359,0.9740706196,0.103353865,-1401.984239,0.0772902197,13.490471,-0.009485314,0.0013956574,0.0039404761,0.2380055591,0.0293199486,-0.009640185,0.0,-0.001163693,0.7295390185,0.0297667603,3.0,13.66184308,-0.543945941,1.1089251701,0,-0.045482084,0.0442017876,0.0237452385,0.0358590784,0.501973651,4.0309253457,8.0591597e-09,2.3122923e-08,1.3871741213,1.9242520428,0.229133682,0.0680319421
91204,0.6457465858,0.0591343027,-15.40657291,0.0297361065,1.7338177561,0.6420295725,0.0336948662,0.1542370103,0.0973610883,0.0018185078,0.1985517402,-0.052195085,-1.96,0.1750375361,0.0521950848,21,0.0025869284,0.001540832,0.0497237569,0.0817237569,0.1241892866,0.0530022891,0.0429482701,0.1625962957,0.0505772402,0.4804244533,0,0.8006872852,-0.467563277,0.7067583047,-0.471946742,14.960629921,7.8512396694,0.1011474713,0.0,0.0,0,,0,0.0,0.261682243,7.0,-0.72231326,-0.106135428,-0.257534378,9.3659652987,-10.99539553,-0.140359437,0.084027047,-4782.864359,0.0257826007,15.07713354,-0.001201743,0.0050013893,0.0162089149,-0.002437612,0.0127831041,-0.127843687,1.0,-0.002163917,0.7713930916,-0.023460319,6.0,15.674597715,0.0154542031,1.7875764427,0,0.080304809,0.0223938935,0.011142726,0.0157088726,0.5106006757,3.7616809042,4.347438e-10,1.7605506e-08,0.3441484374,0.118438147,0.3650828012,0.0230093607
10530,0.2318508399,0.0496764323,10.648706301,0.0466251196,0.0243336243,0.2723258103,0.428005611,0.0359070588,0.7183672547,0.0051895632,0.0949056604,-0.040359678,-0.204530107,0.0598367583,0.0403596781,30,0.001787841,0.0545454545,0.0317636841,-0.098315517,0.0032104619,0.1898006693,-0.057821561,0.0162833679,0.0300815381,0.5622195797,0,8.0554062029,-0.018687656,5.7069044653,0.0146445165,3.8987053009,7.4209644245,1.6230229252,0.0,0.0,0,,0,0.0,0.789298822,4.0,-16.09746519,0.0913088801,-0.251562646,0.1645167709,11.236396795,0.6932615992,0.3930644617,-4519.867869,0.0238858186,13.597420809,0.0038376976,0.0472183185,0.0516497795,0.0005255582,0.2726563438,0.003979028,0.0,-0.000584795,0.5634732385,0.0678059841,6.0,13.954642271,-0.059046199,1.2757694593,0,-0.25352422,0.025704423,0.0183136887,0.0252317754,0.3647476163,2.5191125234,2.9422511e-09,1.8395407e-08,0.8913613734,0.794525098,-0.010650918,0.0290414829
79698,0.0218683454,0.0249341281,16.016085869,0.0,0.236521845,0.2742774441,0.1996089793,0.0677114929,0.6859835993,-0.048333605,0.2256357109,-0.08840345,-0.887068337,0.0470524036,0.0884034498,23,0.0,0.1268967817,0.1329594617,0.0083289188,0.0097274367,0.4022043066,0.0715366403,0.010474988,-0.553933399,0.4266456945,0,0.9024372582,-0.035141396,0.9024372582,-0.035141396,5.5336160218,3.6613210845,0.1410088815,0.0,0.0,0,0.0,0,0.0,3.3522124678,5.0,0.8056498766,0.0848272709,0.0025264791,-0.31357008,-1.254984024,0.2635180103,0.014460076,5215.1373607,0.0772902197,15.790000406,0.0049882614,0.0163166919,-0.178460815,0.0042027488,0.1774977505,-0.003785059,0.0,0.0003574407,-0.018408089,-0.040998633,6.0,15.596134035,-0.131274392,0.9184868246,0,-0.045482084,0.014560842,0.007752482,0.0144110746,0.3988834306,1.5205889354,2.347913e-10,2.7511385e-08,0.7784350917,0.6059611919,-0.035707981,0.025153286
10606,0.410553319,0.0226335291,2.8501050814,0.0092244005,0.4659897163,0.6811207353,0.0934482968,0.1194115619,0.3389840248,-0.008013819,0.4030619157,-0.046038718,-1.687872763,0.0608360464,0.0460387181,28,-0.010086221,0.0338983051,0.0272819817,0.0512368901,-0.00403827,0.2365961633,0.0639569798,-0.017871509,-0.089512025,0.3685563142,0,2.5290714492,-0.035406071,1.6855655192,0.0075175868,5.0272334773,7.2844080847,0.1109545019,0.0,0.0,1,0.0102774923,0,0.0,0.5688055084,3.0,-0.021083222,0.0338982824,-0.343860592,-1.567056645,-0.274409001,-1.692169627,0.1966441947,234.8881865,0.0506976226,14.256142533,-0.014313831,-0.013574183,-0.029455587,-0.005301154,0.1554108594,0.0102551644,0.0,0.0005679667,0.7029095128,-0.085311715,4.0,14.422496087,0.0285241043,1.0453044227,0,-0.060001469,0.0186213236,0.0105627096,0.0182118024,0.3960696402,1.4221596707,1.6415252e-09,2.7295407e-08,1.1888467485,1.4133565915,0.0556644622,0.0283338544
10550,0.8751393534,-0.041496346,-3.957532281,0.0,0.4168215038,1.3814567075,-0.115407395,0.0690126409,0.3657328323,-0.016860603,0.6203852327,0.0307959049,0.9278606965,-0.079999174,0.0307959049,29,0.1411822985,0.064516129,0.237791343,0.1242496763,-0.011911011,0.3931972789,0.1751152074,0.1423812778,-0.080078125,0.4900946788,0,2.2761234434,-0.455603895,1.1093665403,-0.625040103,19.200860832,4.1730589336,0.0539050536,0.0,0.0,0,,0,0.0,0.4639756944,2.0,-0.751902004,0.1526671616,-0.044010807,1.1758574744,3.0637552656,-0.802388916,0.8540194965,-3102.228376,0.0352290716,9.589806409,0.0008661758,-0.005832534,-0.008610521,0.1174711702,0.0401792991,-0.038301606,0.0,0.0105989026,-0.367557275,-0.027733407,3.0,9.8540378034,0.122145212,1.1399742724,0,-0.095378135,0.0649717599,0.0274804068,0.0429035928,1.1107968642,1.3220785233,1.5465206e-06,4.6588283e-08,0.5140278228,0.2642246027,2.8223223692,0.0607298137
79785,0.2177180697,0.0545391748,5.9750612006,0.0,0.2376306878,0.8623744853,0.266708007,-0.054225654,0.3628774313,-0.086829048,0.0018648003,0.0401369886,0.3447111458,0.0357389134,0.0401369886,29,0.0744424321,-0.000507099,0.0550192044,0.0033873438,0.0586366014,0.3359462913,-0.064287598,0.081717983,-0.108690516,0.5773167805,0,8.4820609412,-0.175021798,2.5215455323,-0.429031664,7.7989653077,148.08907823,0.2440939101,0.0,0.0,1,0.0001068037,0,0.0,0.6954228479,5.0,-0.007843435,-0.014282651,-0.565581129,-0.638869365,-1.961832124,0.8604626389,0.2491630164,3402.2212963,0.0665802826,15.683312017,0.0061693042,0.0448611162,0.0913575463,0.0328718912,0.1502686836,0.0003226452,2.0,0.0001114593,0.4709623801,0.0473290684,5.0,16.067764392,-0.22028969,1.3506971174,0,-0.105045736,0.0115990108,0.0113177558,0.0245587454,0.277637723,2.0723726727,1.901681e-10,1.4435374e-08,0.6100723904,0.3721883215,0.0006504866,0.0242072604
75070,0.5484667937,0.0655511584,-2.730122476,0.0031323088,0.8913005906,8.2257963184,0.0570151042,0.0296887057,0.1842097434,0.0027683875,-0.014796841,0.0167553482,0.3634186708,0.0417286435,0.0167553482,29,-0.04521763,0.4651921682,0.0438969329,0.1329919308,0.0512698972,0.2930158448,-0.144149553,-0.025741268,0.1084056496,0.4739875659,0,1.6395638529,0.0805154819,1.4443398945,0.1491428702,143.53806275,18.653976693,0.0925510108,0.0,0.0,0,,0,0.0,0.5028926494,6.0,-1.473819625,-0.600638141,0.3063965778,4.505287187,-2.930291899,-3.39269878,0.2952561502,485.96604577,0.1062765098,15.01238191,0.000771046,0.008544831,0.023061462,-0.954296447,0.1225844075,0.0012583521,1.0,0.0,1.8063823601,0.1475815419,2.0,15.476739977,0.2505692864,1.5825273789,0,0.0239123439,0.0445014536,0.0190856965,0.026887825,0.3863801323,2.4957342223,6.173815e-10,1.5057829e-08,0.7380725384,0.5447510719,0.0711836394,0.0317974043
10547,0.278581843,0.0254357571,4.8637758203,0.0,0.0344920166,0.3277203358,0.2238942809,0.1114797099,0.5030859435,-0.00269228,0.2446579102,-0.039570317,-0.462622811,0.0372029186,0.0395703168,30,0.0327560379,-0.016216216,0.0392626411,-0.135907097,-0.008233747,0.2137082601,-0.248357519,0.108085172,0.0969473977,0.6472846706,0,8.0909271392,0.0851296034,6.6648798888,0.0414640459,2.3204215871,9.957741829,1.0302183406,0.0,0.0,0,,0,0.0,0.5579823304,4.0,45.074797866,-0.057908827,-0.136175147,8.5722714876,1.1760831667,-1.003166308,0.3131303544,-5024.979036,0.0587429544,12.452780183,0.0005979016,0.0238891793,0.0272607969,0.0078773703,0.4511175123,-0.073417055,0.0,-0.005956813,5.1502989095,-0.23095215,6.0,11.871434647,0.2874552042,0.7200348053,0,-0.101630079,0.0949292853,0.0259078099,0.0291780444,0.6792053668,2.9154177838,2.8731271e-08,3.1242945e-08,1.7343432235,3.0079464171,0.2223732622,0.0702692141
68857,-0.467861017,0.0544995008,5.4516018844,0.0287503466,2.0832964255,1.1409557201,0.1579934669,0.0264137449,0.5043392005,0.0247333194,-0.005742868,-0.159993298,-3.462074351,0.2431808245,0.1599932975,29,0.0,-0.026091483,0.0367118774,0.0554786334,0.0175906974,0.2862357626,-0.023525408,0.035936621,-0.045958712,0.4865826917,0,1.1031318136,-0.078149523,1.1031318136,-0.078149523,4.3851453571,23.136117855,0.0992873495,0.0,0.0,1,0.0601056154,0,0.0,-0.520054198,6.0,-0.148901739,0.0495401449,-0.065890361,3.5185591912,-0.453256733,-3.220941088,0.9655988313,-9166.985791,0.0314049921,15.819540086,-0.005221409,0.0035024968,-0.004740533,-0.001144979,0.2199102309,0.0136398219,0.0,-0.005349876,-0.499931001,-0.00738119,7.0,16.656706077,-0.626346411,2.3579670161,0,-0.107492679,0.0194233507,0.0060483826,0.0078787118,0.4150835245,7.6114676861,3.763451e-11,7.627601e-09,0.6589684768,0.4342394534,0.0688963125,0.0416363399
76123,0.5721569168,0.2394488677,8.9494190092,0.0,0.1905408622,0.413486172,0.4192111327,0.9465115793,0.8239567898,0.0001083506,2.0527905462,0.0764653071,0.185551589,0.1950187498,0.0764653071,26,0.0,-0.089552239,3.499465812,2.5557838222,2.2489026118,0.0253663238,0.0950440025,-0.08879983,0.7394144217,0.2074945075,0,8.1716584356,-0.467569621,8.1716584356,-0.467569621,10.302722936,20.36657768,1.6230229252,0.0,0.0,1,0.1191946583,0,0.0,0.9725156442,5.0,0.5115333601,0.4652460764,-0.108182167,0.3142049418,0.1647615292,-1.961163208,0.0747968985,-2493.147732,0.1744310206,14.04067441,0.001235167,0.0021001016,0.0028526691,0.0026952328,0.1880249611,0.0615579696,3.0,0.0005227392,0.169414271,0.0050625378,2.0,13.697394513,-0.285665148,0.7672128501,0,-0.165367998,0.0182998497,0.0158694282,0.0235972572,0.2156692061,0.4784679067,4.200691e-09,4.3458683e-08,1.0153382151,1.0309116911,0.0382787187,0.0335776162
79903,0.6832246305,0.0501758382,-1.842561102,0.044934679,0.6703559743,1.1579824674,0.0700889152,-0.055922665,0.1569312188,-0.01295817,-0.047428986,-0.002356057,-0.065441207,0.0534594056,0.0023560573,22,-7.6534e-05,0.0117537313,-0.010602045,-0.053666596,-0.062646006,0.4041936445,0.0456330598,-5.83485e-06,-0.064110424,0.2576625196,0,1.6616694429,-0.022024156,1.6517313248,-0.022620904,9.7565772084,4.4189792091,0.1184496313,0.0,0.0,1,0.0028683505,0,0.0,0.3000911034,6.0,-10.12667349,0.1281558718,-2.429712418,4.4612473997,-1.10500343,-0.066573595,1.0480316835,-3756.283058,0.0288563477,11.636609131,-0.062299301,-0.272812068,-0.550885971,-0.117143563,0.0586584166,-0.008840491,0.0,0.0283286119,-0.059761335,-0.153296364,2.0,11.920740066,-0.198463661,0.8944536648,0,-0.111549313,0.083003968,0.0663077923,0.0758613352,0.5124919422,3.4387977543,7.4189196e-08,2.2359349e-08,1.4033033236,1.969260218,0.2013660133,0.0499938378
10667,1.0939606569,-0.246984296,-1.176200405,0.0,0.4046092515,1.5680562046,-0.025978666,-0.219258895,0.211091286,-0.016271895,-0.090818415,-0.194282933,-1.344915381,0.0851886825,0.1942829326,28,-0.040703681,-0.117647059,-0.151842858,0.0804604097,0.0032170442,0.2658315794,0.1224042726,-0.05866135,-0.25808414,0.6135828967,0,3.1701211239,-0.059442707,2.174229127,-0.040628851,3.6944462601,6.5159282173,-0.439796901,0.0,0.0,0,,0,1.0,0.2723050775,5.0,3.6026884015,-0.055377264,-0.225131689,0.5841077575,-2.184972209,-0.036361964,0.0440905161,-10271.73488,0.0588548821,11.471042527,-0.004795629,-0.085163329,-0.118579108,-0.222921431,0.2527179088,-0.038924045,0.0,-0.072463768,-0.299786547,-0.079082061,3.0,10.496491732,0.2917297601,0.2846800044,0,-0.156910843,0.0340264328,0.0181641341,0.0415239086,0.7792635726,1.5700488168,1.9651325e-07,7.9605841e-08,2.7656429918,7.6487811581,0.045427074,0.0634203795
10355,0.5001123892,0.0031500081,0.3216990168,0.0,0.3873187676,0.1710259926,-0.14908247,-0.064298806,0.0686534606,0.0,-0.073577289,-0.029423415,-8.574074074,0.0301584104,0.0294234154,30,-1.271e-05,0.09375,0.012781245,0.4063952602,-0.024410525,0.6175058613,0.0092123531,-0.001139919,-0.056984256,0.8373478107,0,2.8661981451,0.0462050867,2.8654695587,0.0462049446,0.2420922833,6.8310034172,0.0612355265,0.0,0.0,1,1.0,0,0.0,0.1211327922,6.0,-1.5680246,-0.080850961,-0.219281762,0.6141565587,-0.479331649,-0.160756655,0.1175652364,-4502.388571,0.0278203388,12.510716518,0.0004715492,-0.000657895,-0.00115796,-0.002842785,0.7960612807,-0.006608365,0.0,-0.005211124,0.2921475447,0.0045394723,4.0,10.765469513,-0.058904466,0.1943036447,0,-0.111549313,0.0430716984,0.0217408836,0.0222281531,0.8436027339,1.9403752338,8.8318805e-08,6.9424336e-08,0.5265989433,0.2773064471,0.2902878171,0.0464207356
10661,0.458477121,-0.000512193,9.4570080863,0.0,0.2012920079,0.7215311168,0.0099689777,0.0199604091,0.5182777961,0.0140306122,-0.003275917,-0.041257656,-33.80952381,0.0264419845,0.0412576562,28,0.0261984483,0.2021276596,0.1696592285,0.1962502055,0.0721589533,0.0842483394,-0.082577475,0.1612009238,0.0305079868,0.5031449458,0,2.7332560834,-0.124689878,1.4173812283,-0.276642061,15.188230009,10.377225292,0.1290288436,0.0,0.0,1,1.0,0,0.0,0.7381397803,6.0,47.625833211,0.0934612471,-0.00649558,-8.361925555,0.3928083325,0.5733941298,-8.73091,-5500.508657,0.0248274717,10.217714153,-0.009852682,0.0004435433,0.0006498932,0.0171889577,0.0590492554,0.1447591858,2.0,-0.001477647,0.4868176211,-0.022604903,7.0,8.8367168992,0.1655247323,0.2664880952,0,-0.25352422,0.0431211591,0.0217462737,0.0220056522,1.4260570506,0.3237810202,8.0278488e-06,1.0000003097,1.124878649,1.2653519751,-0.219189357,0.0627234078
45225,-0.086533286,0.0245413325,0.5567447046,0.0170147157,0.9822463074,0.8496410032,0.0544113308,0.0,0.1621730925,0.0,0.0906098055,-0.004549744,-0.250929368,0.0306994736,0.0045497439,29,0.0044149366,0.0299458426,-0.000536596,-0.002514835,1.2109178544,0.106870229,0.1424355756,-0.036296846,1.8742424242,0.380625,0,3.2065217391,0.3336292207,1.8236714976,0.4278975205,6.9215904868,6.1289897993,0.0640550428,0.0,0.0,1,0.7169117647,0,1.0,-4.428422697,6.0,47.701267591,-0.008946292,-0.178677397,-8.906935962,0.3233751121,0.7736065568,-8.726652511,-3355.145957,0.0248274717,13.412210684,-0.008444311,-0.004371381,-0.034656398,-0.144342337,0.0923717802,0.0253303492,1.0,-0.380952381,0.1698046032,-0.056270747,5.0,9.6638867772,0.4395871955,0.0425553036,0,-0.25352422,0.1893490702,0.0649509464,0.0887590973,0.9657941568,0.210669929,4.9129302e-07,3.7993249e-07,2.4169838541,5.8418109508,-0.025421569,0.0769392557
10693,0.1401507267,0.0641222154,17.778998631,0.0223020916,0.7734353503,0.7032118987,0.1545978367,0.3450126263,0.2828282828,-0.002329704,0.3330270546,-0.07686095,-1.054965358,0.1317689314,0.0768609503,29,0.0,0.2288135593,0.0565592738,-0.177970902,-0.004144063,0.1056192998,0.0154843977,0.0712594697,0.373186303,0.2621237679,0,1.8847104035,0.0118465915,1.8847104035,0.0118465915,20.310521814,7.3462252475,0.1418694206,0.0,0.0,1,0.408233845,1,0.0,1.7588508416,4.0,-355.6597549,-0.099741258,0.0484365725,-2.2192648,-1.594343233,-0.690405398,-0.005599362,339.76042218,0.2277833408,15.132449578,0.0049391553,0.0145265888,0.0831820432,0.0510975421,0.2032334737,-0.011518016,3.0,-0.001563722,1.0715857987,-0.023353494,6.0,15.452679743,0.4271575755,1.7859629243,0,-0.166303822,0.0926803723,0.0246395911,0.024527079,0.5668631392,5.7685596422,6.831684e-10,1.348828e-08,1.0197434788,1.0398767625,0.0476354768,0.0311597944
10649,0.2598306606,0.0350590133,1.8429934469,0.0,0.5837191878,1.0679005069,0.0599131144,-0.014263503,0.1784896539,-0.070265531,0.0527943906,-0.127730702,-3.095545178,0.1435857728,0.1277307018,29,-0.000587239,-0.040540541,0.0201681674,0.1058024081,0.1615165934,0.1878218032,0.1254748734,-0.125228514,-0.13765891,0.6331158547,0,1.1203430925,0.1274298914,1.1089935779,0.1343511805,6.732257536,7.2779873546,0.2273503571,0.0,0.0,1,1.0,0,0.0,0.4819484933,8.0,-4.078445249,-0.19585227,-0.194334606,0.6930123785,-1.060342764,-0.68234544,0.0985052379,-5270.85103,0.2359138598,11.995801414,0.0006864885,0.0169128441,0.0513850465,0.0002168821,0.0745572601,0.2531402186,0.0,0.0031384123,1.6840432473,0.0915110484,3.0,11.944107677,0.0824733863,0.8828073385,0,-0.179026286,0.0464919843,0.0296239935,0.0498008902,0.3953602137,2.1682675909,2.6978605e-08,1.8112694e-08,1.3038463693,1.7000153548,-0.128943426,0.0586262011
89841,1.3390115971,0.0146805162,-21.05490978,0.0146519549,7.5676061763,1.1837808469,0.0179164697,-0.103402471,0.0233578489,-0.077159093,-0.111629685,-0.002134472,-1.369649805,0.0347876824,0.0021344717,30,0.0,-0.011764706,-0.074037667,-0.024677873,0.0894107451,,,,-0.05388279,,0,,,,,3.6204577219,0.6476194941,0.0115622126,0.0,0.0,1,0.6406839326,0,0.0,0.1452211818,5.0,-0.108316068,0.0367045997,-0.075558335,0.4878196842,,0.0495265955,-0.063696115,-6159.511398,0.0331128264,15.006407366,-0.000594027,0.0010886019,0.007744833,-0.017793002,0.0389601176,,0.0,-0.002658161,0.3508009114,0.002175523,3.0,15.396278478,-0.175003323,1.6056981839,0,0.048781298,0.0350085199,0.0200950332,0.0237053247,0.2854487255,2.180615291,7.848722e-10,1.5198777e-08,1.418182977,2.0112429563,0.075641494,0.0250492092
79909,0.8815133433,0.0902404626,-10.53342168,0.0086617625,1.1853111149,2.1590975478,0.0565149054,0.0911873433,0.2301499942,0.0063634124,0.0805704169,0.158050574,3.6122782492,-0.235733198,0.158050574,27,0.1450367135,0.0943168077,0.1720689595,-0.014371718,0.0523917893,0.2415143603,0.1566342274,0.216497204,0.1158060453,0.4844475867,0,13.815989275,0.0531555458,0.3913828347,-0.771823859,54.041625901,148.08907823,0.0834013241,0.0,0.0,1,0.0231166983,1,0.0,0.5042393847,5.0,-0.11220934,-0.218374197,-0.470757222,0.0249259086,-2.390601109,-0.543896234,-0.022309095,-1198.771394,0.0665802826,13.113657611,0.0019628648,0.0118404032,0.0274519415,0.0562434322,0.020004239,-0.000237708,2.0,-0.000424088,0.2251316159,-0.061845629,2.0,13.314256708,-0.141470314,1.505857554,0,-0.105045736,0.0397132523,0.0169361006,0.0269468725,0.4412860261,3.8671335358,3.9229776e-09,1.4759746e-08,1.2588010365,1.5845800495,-0.016287863,0.0354341601
75517,0.5310131553,0.0408383209,243.47172044,0.0045705957,0.2624554073,0.9211399895,0.0717210463,0.1024301924,0.2184510519,0.0035434371,0.1504155042,-0.094326173,-1.747569887,0.1122061407,0.0943261731,29,0.0,0.0640394089,0.02080508,-0.17905894,0.0186794402,0.1465231273,-0.056882925,0.1256119224,0.0801616096,0.5410945382,0,2.4750662653,0.2226158725,2.4750662653,0.2226158725,1031.9492386,7.4767396642,0.5473062146,0.0,0.0,0,0.0,0,0.0,0.3198278094,5.0,-4.097988058,-0.287152436,-0.089754657,0.9641948732,-0.115050337,0.1414433572,0.0671256059,-4925.12001,0.2359138598,13.313005514,0.0003565088,0.0136834073,0.0205925563,-0.000375218,0.0002301591,0.0462157404,1.0,-0.000618429,0.4715763794,-0.046804119,5.0,13.28409191,0.4033435325,1.0038038841,0,-0.179026286,0.0400000326,0.0229748765,0.0342883149,0.6037208542,4.076995078,5.8788748e-09,1.9273751e-08,1.217114241,1.4813670757,0.0151203331,0.0330343119
10696,0.1932087732,0.0442122655,38.871057823,0.0,0.354284494,0.297054824,0.1250691142,-0.018500999,0.2702617471,-0.063887807,0.0192307692,-0.058567639,-0.732095491,0.0765798658,0.0585676393,29,0.0,0.0,0.0523473203,-0.010235902,-0.00381551,1.2176656151,-0.156512881,0.0107221697,-0.080892608,0.11075988,0,1.0,-0.152671756,1.0,-0.152671756,17.231292517,6.3483709273,0.1904761905,0.0,0.0,0,0.0,0,0.0,0.6714086471,5.0,-10.11251623,0.1043652533,-2.441466149,3.9712315424,-0.577411004,0.4040839865,1.0711521437,12819.669442,0.0288563477,16.894024302,-0.000317864,0.0227367543,0.0693604836,0.0025154708,0.0329178651,-0.008658218,1.0,0.0004041104,0.1218221515,0.0088109062,6.0,17.052266445,-0.231148064,1.1499812591,0,-0.111549313,0.0105231814,0.0077775702,0.013220294,0.2705939551,1.3053845216,7.026572e-11,2.2717751e-08,0.7999533973,0.6399254378,0.1362080081,0.0178522048
89386,0.4497879545,-0.013857856,1.8717518278,0.0,0.9501859197,1.0754709099,0.064013897,0.0633195244,0.1471748867,0.0589765828,0.0179472621,-0.054963411,-5.387289089,0.0607984182,0.0549634107,29,4.82004e-05,0.0,0.0867847551,-1.102220296,-0.16658518,0.0981728923,0.083601426,0.0830502675,0.1738490141,0.4248983757,0,1.3261369112,-0.296618062,1.2915477558,-0.30019633,7.0449801903,37.023289509,0.0667744154,0.0,0.0,1,1.0,0,0.0,0.2953488656,4.0,-0.351621291,-0.062861146,-0.059595968,-0.218969389,0.0263670156,2.1117080229,-0.032543736,-1030.302699,0.1328736255,13.509412581,0.0007880212,-0.006830764,-0.021646849,0.035662207,0.1355430358,-0.067720485,0.0,-0.014435042,0.7030127836,-0.061234413,3.0,16.047083215,0.3224516858,5.893187288,0,-0.090489243,0.0099132499,0.0019003637,0.0064515243,0.6756654073,8.1031115466,1.834646e-10,6.4024814e-09,1.667999064,2.7822208776,0.0423668329,0.0460560421
44813,-0.077564405,-0.514253489,9.0762766021,0.0,0.3066685985,0.0097437503,-3.568768645,-0.196671867,-0.732236272,0.3718956802,1.353249118,-0.529527965,-0.312674838,-0.353459363,0.5786463093,30,-0.002883673,0.0,1.4886363636,1.4276607539,-1.241799995,0.674267101,0.1712484556,-0.000624025,-1.500813942,0.4350300363,0,1.289300832,-0.651028799,1.0846591738,-0.664614065,0.1147197486,7.5517241379,-2.339589343,0.0,0.0,0,1.0,0,0.0,-3.276931916,4.0,34.785421441,0.097707051,-0.3061081,-0.144898474,11.078542117,-0.696480341,-0.02023166,-5167.869833,0.0238858186,11.201807595,0.0,-0.305513595,-0.811535723,-0.00200214,0.3707276023,-9.4,0.0,-0.038886017,-0.405769306,-0.077096528,3.0,10.788997322,0.5187244626,0.6116481853,0,-0.25352422,0.0704356954,0.0283051423,0.0565024126,0.4274160293,1.0064180322,1.2809102e-07,4.4803659e-08,0.9240157777,0.8538051574,-0.346420444,0.0983586198
87656,0.0699334717,-0.388845205,4.5384939236,0.0417480754,0.1708549062,0.0134319895,0.9227535636,2.3874659401,1.2669235112,-0.224182829,-0.235576923,-0.529527965,-0.939838674,-0.023393443,0.5786463093,30,0.0,0.1666666667,-0.547012733,-0.019985706,0.0295375109,2.75,2.4859950082,0.0,-1.325867785,0.6963674466,0,3.9872325742,3.2792663029,3.9872325742,3.428478885,0.0802951389,26.428571429,-1.971205538,0.0,0.0,0,,0,0.0,-0.062588808,3.0,16.491861327,-0.684757167,-0.041956573,-8.750469204,-0.651155719,-0.42660587,-8.780745427,-5478.500507,0.0248274717,11.397076369,0.0,-0.078947026,-0.101302774,0.0003696763,0.4833331472,-0.000371537,0.0,-0.461728395,-0.179805385,-0.023596006,2.0,10.44271867,0.2129097225,0.3881062731,0,-0.25352422,0.1054687425,0.0369790665,0.067757588,0.5978384017,1.7280280049,1.6184043e-07,4.8962555e-08,2.1547792057,4.6430734253,-2.223667433,0.1832419965
89891,0.0228935499,-0.263062719,6.6398311218,0.0141866945,0.3065513303,0.4213539586,0.0953967091,-0.251476971,0.284301905,0.0095572018,0.7000675333,-0.529527965,-0.975870848,-0.00634748,0.5786463093,28,-0.090094699,0.1176470588,0.1699492815,0.1689442564,-0.191627531,0.1260975961,0.0769375105,-0.0639619,-0.921136805,0.6002333186,0,4.0799256506,-0.400628418,2.5592140202,-0.346679125,4.173854041,13.896084337,-1.02585587,0.0,0.0,1,1.0,0,1.0,0.4864453883,2.0,-10.47576499,0.1832507782,0.0350849072,-0.004464593,-0.99331311,-0.819051057,0.0668457622,-3048.409543,0.0318276958,10.883512809,0.0411086418,-0.046530708,-0.060828928,0.0196589727,0.4239176378,-0.017449845,0.0,-0.005128205,2.3494176103,0.0031658895,4.0,10.041254001,0.4235432469,0.3456644848,0,-0.095378135,0.0520231389,0.0233706277,0.0594869761,0.6028214021,0.78000983,4.5724754e-07,8.1027039e-08,0.7171278755,0.5142723898,2.8223223692,0.0710369929
71175,0.971800381,0.0469742151,-20.56615811,0.0181124574,6.129680559,1.1946040603,0.0127653548,0.0520759685,0.0143762331,-0.02964037,0.0630649627,-0.013292787,-1.959845186,0.1390364045,0.0132927867,29,0.0,0.0326086957,0.0153070586,0.0011560001,-0.422991897,0.1719014482,-0.014598529,0.0013854379,-0.012322297,0.1869452823,0,9.7776760609,0.0383871498,9.7776760609,0.0383871498,4.2339011719,0.8430861515,0.0096437837,0.0,0.0,1,0.1515578042,0,0.0,0.0808051645,5.0,-0.057476641,0.0431842706,-0.031184933,0.1206084681,1.0874200464,-0.103681672,0.0405526068,-860.1778779,0.0331128264,15.911530807,-4.519e-05,0.0033027154,0.0239322663,0.0056473461,0.0314679743,-0.002840291,0.0,0.0003117207,0.2752406515,0.0437766043,3.0,16.432238313,-0.02597124,1.8340798876,0,0.048781298,0.0240354277,0.0122175711,0.0196147518,0.3454782174,2.5051164757,2.33377e-10,1.4686002e-08,1.2287755517,1.5098893565,-0.009977005,0.0240077451
70500,0.1352621263,0.0626686162,24.01999157,0.0235361771,0.6722461509,0.7811364161,0.1323317308,-0.103097113,0.3246194226,-0.071239184,-0.018357488,-0.035311047,-0.481146305,0.0928213892,0.0353110472,29,-0.007084348,-0.008510638,0.0063321968,0.0206713489,0.0295136994,0.1470728225,0.1235790625,-0.126404199,-0.372368421,0.3148409224,0,0.9432515337,-0.193755017,0.7944785276,-0.175859939,37.058295964,5.2270714738,0.1354043324,0.0,0.0,1,0.0078313253,0,0.0,1.3039473684,7.0,24.396017377,0.0506986989,-0.095057831,-0.059134057,-0.236967893,-0.237412247,0.0961573689,-378.046695,0.0457936334,16.297265464,-0.002046091,0.0192970365,0.1658440276,-0.02861523,0.0244541485,0.0199662985,0.0,-0.006379191,0.0293755749,0.0118746976,6.0,16.78657229,-0.136262841,1.839022721,0,0.0957318355,0.0373364612,0.013346539,0.0141047663,0.3441354891,3.450942144,6.453618e-11,9.084311e-09,0.7519329377,0.5654031428,0.098306713,0.0214183323
93179,0.2583009674,0.0837867659,9.3353176382,0.0,0.1085836682,1.0105731967,0.4800760941,-0.016813443,0.4842056587,0.0,-0.450969163,-0.112865287,-0.498903953,0.1255883146,0.1128652865,28,-0.005889566,-0.046321526,0.0204748508,0.1319914275,0.536421846,0.1201391619,-0.01998861,0.0267743495,0.4725926254,0.6166118414,0,2.5307897613,0.4213987304,1.4697754471,0.4215522741,14.897976718,21.761550904,0.6562088067,0.0,0.0,0,,0,0.0,0.972850375,8.0,24.414586123,-0.036635964,-0.132868719,0.0639047845,0.1774503351,0.1968434989,0.1289242943,-2463.943905,0.0457936334,15.739699447,-0.017268615,0.0435498902,0.1184700251,-0.029033911,0.1187121057,0.0734450905,0.0,-0.012030799,0.1948218155,-0.039726103,4.0,15.890648236,0.6482357403,1.344826096,0,0.0957318355,0.1243611649,0.0311405437,0.0273851157,0.4369474545,3.5452499173,3.921653e-10,1.5383233e-08,1.027293482,1.0553318981,-0.276831825,0.0505471179
75224,0.2803296505,0.0404543244,5.4518018765,0.0109077221,0.4175439237,0.7266498821,0.1018517213,0.4373100575,0.4795520156,0.0459846082,0.5163221324,-0.041753528,-0.612591922,0.0652363168,0.0417535276,29,0.0062545859,0.7037741163,0.1508491286,0.0060212263,0.087349732,0.3063442556,0.1803356566,0.0050324923,0.3246915894,0.3493405117,0,1.3906878429,-0.159745194,1.0635870755,-0.120564118,9.2656579052,6.0102163866,0.17443102,0.0,0.0,1,0.0151064111,0,0.0,1.0914481825,5.0,45.102575711,-0.207369676,0.5838151853,8.5740192951,-0.785798017,-0.473482582,0.3411637526,3261.737244,0.0587429544,15.504831525,0.0014231469,0.0146884726,0.0366792399,0.029558064,0.0707030241,-0.01487432,2.0,0.0007292426,1.1344278174,0.0392317595,6.0,16.565823865,-0.145080918,3.1155127206,0,-0.101630079,0.047298152,0.0342557576,0.0303526594,0.4998780169,18.188097234,1.599815e-10,5.0900661e-09,1.48884094,2.2166473445,-0.048229607,0.0439758108
89659,0.4293219346,-0.37623656,-1.230484421,0.0,1.171593594,2.8036802501,-0.06572938,-0.121185581,0.8119295658,0.0008003842,0.0994346721,-0.091550332,-0.416369114,-0.219583277,0.0915503324,30,0.0134571506,-0.02189781,-0.047351416,0.0492367083,-0.042599501,0.2211303675,-0.325528291,0.0175278879,-0.431671668,0.6328010884,0,1.5140923834,-0.274487229,1.2813723297,-0.313271475,7.5942688196,5.57392647,-0.266667918,0.0,0.0,1,0.9314989968,1,1.0,1.9350894743,2.0,2.9454303518,0.1332707397,-0.189138341,1.2444763929,-0.182450599,-1.065658247,-0.12793447,-5071.531967,0.0446872923,11.743697975,0.0146049896,0.0208532943,0.0672207839,-0.000518242,0.2599473813,-0.030561458,2.0,-0.003448276,0.3589591345,0.0750206125,3.0,11.105544147,0.7811946694,2.7457426479,0,-0.173219261,0.197761178,0.044238018,0.0040767583,1.1120199557,47.62693933,1.2753098e-09,3.4940357e-09,0.28032224,0.0785805582,0.6933698117,0.0856537548
35124,0.3593348322,0.0317966047,4.9250783435,0.0,0.8801800185,0.4978270962,0.041426435,0.1708113094,0.2104796136,-0.020941548,0.2747318835,-0.071210146,-2.586721788,0.1140455748,0.0712101461,35,0.0,-0.080503625,0.0559208796,-0.029413585,-0.052487448,0.2870211115,-0.418693112,0.0638862206,-0.028922617,0.1384828141,0,0.9092518934,-0.237544585,0.9092518934,-0.237544585,11.068449122,6.1705482189,0.0882215733,0.0,0.0,1,0.6604326374,0,0.0,0.5372151521,3.0,-10.16030636,0.0913592067,-2.521969773,4.1373576015,-1.057861782,-0.536648115,1.1086178527,-1412.076188,0.0288563477,14.963730251,0.0020271816,0.0080327216,0.0277217243,0.0057863782,0.0507609845,-0.012871596,0.0,0.0018802041,1.5732027782,-0.090726298,4.0,14.990925842,-0.086465657,1.0920488436,0,-0.111549313,0.0425468571,0.0152244746,0.0217008127,0.4291681335,2.4862411663,7.71352e-10,2.0025975e-08,1.0284490693,1.0577074881,-0.097525173,0.0344546779
13992,0.1994582532,-0.070480376,2.5484696732,0.0,0.1426385261,0.2715023634,-0.413421161,0.0126280579,0.6341238869,0.0478299949,0.1452850345,-0.263708282,-1.272002942,0.0191708695,0.2637082818,2,0.0257532979,0.0539772727,0.1199971489,-0.028867443,-0.01713106,0.5821036957,-0.017364184,0.0630124235,-0.064834168,0.8962852525,0,2.8201062125,0.0066299673,2.7229276687,-0.019664918,1.0516980576,5.4775848846,-0.471965337,0.0,1.0,0,,0,0.0,1.0044070708,4.0,-10.31794453,,-2.387488876,3.9774810224,0.0690217904,0.1119278668,1.0137431474,-3655.678898,0.0288563477,13.942756523,3.97784e-05,0.0188107063,0.0324048486,0.025540662,0.751837842,0.0188758424,2.0,0.0024987506,1.2555279571,0.2477561827,5.0,14.828627694,0.3512031058,2.7367712748,0,-0.111549313,0.0903312415,0.0355376011,0.0409246265,0.5228677478,12.289058391,1.6197703e-09,7.0867605e-09,2.3054327199,5.315020026,-0.09869078,0.0771631376
71191,1.019111248,0.0364208668,-21.21351351,0.0,1.2900286552,4.1384924816,0.0446169214,0.5443984696,0.2837727879,0.0099917594,1.4947937525,0.0169425789,0.8848614072,0.0041934474,0.0169425789,29,-0.001442501,0.2355555556,0.449737033,-0.676940938,0.4314749491,1.2476007678,0.5060728823,-0.033655927,0.0419478629,0.5259534785,0,1.542958391,-0.326016121,1.5150782662,-0.317578315,75.807017544,2.6556758912,0.1147940182,0.0,0.0,0,0.0,0,0.0,0.4219663888,4.0,0.6174467954,-0.283536215,0.0596462406,0.6892492604,-1.335623932,-1.41534735,0.0904903475,-2258.382753,0.0767661838,10.129389278,-0.003399723,-0.004831514,-0.010947422,0.277007755,0.0051288029,0.0032163771,0.0,-0.010376459,2.351152953,-0.028647482,1.0,8.5181048073,-0.07083661,0.9080831564,0,-0.045482084,0.1341463029,0.0447481208,0.0577870807,1.3715285189,31.351544979,6.6387667e-07,1.0180575e-08,0.6013461205,0.3616171566,2.8223223692,0.0658517929
22323,0.255516184,-0.04525816,3.9982452533,0.0001352458,0.0273073547,0.0566433962,-0.593653435,-0.133564353,0.0324306,0.0048638666,-0.14346317,-0.006457862,-0.043466449,-0.043290948,0.0064578624,20,0.0017759122,-0.076923077,0.0919649206,-0.014660338,0.3624269713,1.2090592334,0.5599775661,0.0062525896,-0.132492904,0.6904061644,0,14.950549451,-0.10211116,14.580586081,-0.107610908,0.3157858661,4.3096351731,-1.240963855,0.0,0.0,0,,0,0.0,0.0358574052,4.0,-15.4824732,0.0122208068,-0.383031177,0.188182115,17.367003655,-0.696480341,0.2899367554,-5153.964269,0.0238858186,11.055104899,0.0,-0.04429857,-0.049032817,0.0028441558,0.6151809759,-0.024678132,1.0,-0.021428571,3.1166174762,-0.071609892,5.0,10.191789406,-0.020550121,0.6591227209,0,-0.25352422,0.1386138499,0.0412030777,0.0672195348,0.8924210542,5.1938666074,1.4081114e-07,2.2847751e-08,1.7081496577,2.9177752532,0.1676248815,0.1432552062
10026,0.2826188336,0.0330628595,10.329759068,0.0126748106,0.0673741207,0.4599093078,0.1803163254,0.0541479313,0.4804610846,0.0006965654,0.0053495483,-0.048476627,-0.499978627,0.0495935826,0.0484766265,30,0.0062706015,0.0,0.0617814326,0.0350039349,-0.017215172,0.2167052485,-0.0670813,0.0569942379,0.066488539,0.4634603081,0,3.3648729355,0.1715387628,2.5347110672,0.2190237209,7.3024407393,9.5106235813,0.7565367668,0.0,0.0,1,1.0,0,0.0,0.6019647371,5.0,-7.899696426,0.0375206711,-0.191775532,0.110071393,-0.337252447,0.5955562957,0.0109004865,-9338.798972,0.0443391772,14.448344634,0.0007193806,0.0266890646,0.0335912366,0.0029575343,0.1799471017,0.0029389445,0.0,-0.001407707,0.6524119881,-0.072550667,6.0,14.646241037,-0.355176234,0.9382709419,0,0.0957318355,0.0117988512,0.0101145425,0.0201842802,0.4016208052,1.8624668586,1.0705268e-09,2.303141e-08,0.6003988221,0.3604787455,0.0869674185,0.022124901
10812,0.2010097316,0.0357803708,94.525273652,0.0029667248,0.1195323519,0.3675107266,0.0869607953,0.0484975326,0.2854281146,0.0008665412,-0.13380992,-0.1180185,-1.032828819,0.0727353689,0.1180185004,29,0.0,-0.137931034,0.4965127083,0.4205133298,-0.098040355,0.2259160686,0.4729033937,0.0768471982,0.198499697,0.4522722219,0,2.1999765698,0.3502946974,2.1999765698,0.3502946974,50.358608334,8.9873032572,0.6334804576,0.0,0.0,0,0.0,0,0.0,0.5191561487,7.0,-4.12045354,-0.010286989,-0.2917251,0.6341914495,0.0560654327,-0.623696057,0.027654834,-3284.69454,0.2359138598,14.225875503,-0.004876128,0.0193237642,0.0293621651,-0.020130778,0.0998945872,-0.006507338,0.0,-0.004012036,1.7018039861,-0.133357572,6.0,14.660769801,0.0620423449,1.7414878535,0,-0.179026286,0.0512821153,0.0212828392,0.0313469024,0.4783048612,4.9772491921,1.0378403e-09,1.1069276e-08,0.9445551592,0.8921844488,0.024485316,0.0345264727
10909,0.1610990485,0.0237373853,12.43435678,0.0,0.0435774126,0.1537232571,0.245618949,0.1054569579,0.3908042331,-0.00417143,0.0364209735,-0.074538567,-0.6120552,0.0382659754,0.0745385667,28,-0.001972435,0.1126760563,0.1690132571,0.0148736236,-0.018045469,0.3271233203,-0.0150058,0.0597870272,0.1257406089,0.5318087155,0,3.7028700251,0.3461007477,3.6653665765,0.3573527415,2.394809222,5.0576906498,0.8735095344,0.0,0.0,1,1.0,0,0.0,0.5043669404,7.0,-10.10876862,0.1440490673,-2.328790093,3.9391218177,-1.030901953,-0.190242235,1.0328382533,17900.830222,0.0288563477,16.758892309,0.001606324,0.0268525951,0.0381165287,0.014029582,0.0841106841,-0.059448235,2.0,0.0,1.4908183477,-0.070502854,6.0,17.294155166,-0.076245652,1.6510974655,0,-0.111549313,0.0222098976,0.0127456112,0.0196108149,0.3245423696,1.9811449745,9.418662e-11,1.7633845e-08,0.914825375,0.8369054667,0.0108483379,0.0273632712
88779,0.4403787907,-0.00707788,1.7197026691,0.0,0.2173940187,0.3081157394,-0.008513404,0.5915880236,0.560323172,0.4265002753,-0.174431924,-0.055185151,-4.175421209,0.0224752488,0.0551851512,30,0.0042309053,0.4117647059,0.3283333837,0.063477028,-0.008645197,0.8286721504,-0.430160015,0.0594575328,1.9367544557,0.4543192172,0,2.0234931289,1.061038322,1.9230804118,1.1425665644,1.3632526381,4.5554864136,0.0734568802,0.0,0.0,1,0.1540320145,0,0.0,1.4207793423,5.0,-9.827720692,0.0192581494,0.3292025543,0.4130206475,0.1875774282,0.1809489431,0.0956684913,-2971.548083,0.0318276958,11.339641023,0.0,-0.007799313,-0.011671118,-0.055903106,0.3384217535,0.010487157,1.0,0.0117647059,-0.436263024,0.1101852786,4.0,10.874561862,0.924213019,0.4614368395,0,-0.095378135,0.0443974696,0.0210774287,0.0475364592,0.744692926,1.8967103472,1.4437042e-07,6.1463861e-08,2.0850638869,4.3474914125,-0.17682941,0.0817118591
90441,0.2595611244,0.1262082052,4.1631175469,0.0088329163,0.4709481864,0.4369278927,0.135827755,-0.086543902,0.1902797803,-0.076278748,-0.063176516,0.0916599901,0.5738683865,0.0537813061,0.0916599901,30,-0.006543054,-0.240740741,-0.090375624,-0.004413966,0.0594247918,0.4274099884,0.0969690683,-0.080046721,-0.011367551,0.3012937404,0,2.3927292757,0.3781224288,2.0141834205,0.4521009746,3.4393687708,4.9030784844,0.2820342132,0.0,0.0,1,0.0806597499,0,0.0,0.5283040533,5.0,0.0662632857,-0.071147198,-0.262375219,1.9897086279,-0.613094676,-1.001819019,-0.157317912,52092.251666,0.0347046397,17.316754431,-0.003472793,0.0135461829,0.0393728223,-0.033949881,0.121465925,0.0351520921,1.0,-0.00074129,0.7097959016,-0.040523746,3.0,17.760792549,0.0857589576,2.0470841555,0,-0.107492679,0.0266386326,0.0119440308,0.0194307869,0.2540694837,2.1830968682,3.256128e-11,1.1362098e-08,0.9348036261,0.8738578193,-0.025872481,0.0252899389
75222,0.8322420255,0.0155305331,-7.620358993,0.0152957303,1.0349104515,1.5324912909,0.0370768205,-0.034523242,0.1282243245,0.0043639381,-0.020197529,-0.042384106,-5.287257019,0.0976444535,0.042384106,29,-0.008639571,0.0,-0.020852979,0.1281994991,-0.208437264,0.1448640211,0.1302255496,0.0105152113,-0.048986163,0.2793874839,0,2.2829993803,0.0611013808,1.5523652138,0.1022219213,27.39028777,9.7830835118,0.0922652465,0.0,0.0,1,0.2016877637,0,0.0,0.2589597148,5.0,47.594504528,-0.453737841,-0.20862324,-7.98816065,0.4222762035,0.8384357837,-8.659707531,-2566.141837,0.0248274717,14.323727059,-0.007377657,-0.137486688,-0.31627945,-0.156041149,0.0508628712,-0.034649652,0.0,0.0325047801,0.2299503436,0.0704472391,5.0,15.152247703,0.6800439189,3.6188722192,0,-0.25352422,0.0377027914,0.0169014504,0.0356697264,0.4611643207,7.2801589577,7.891548e-10,7.6159909e-09,2.3663898264,5.5998008107,0.2828156238,0.0786500867
10933,0.796619226,0.0336887278,-2.78186496,0.0,1.8394852817,0.5379695925,0.0276830055,0.0519649111,0.0282030302,-0.001716002,0.0192957201,-0.016096145,-1.231731542,0.0751841964,0.0160961454,29,0.0,0.1944444444,0.1924390604,0.1898882154,-0.150320451,0.2582571964,-0.15810085,0.0050585855,0.1380430615,0.2887362838,0,28.741099949,0.034760181,28.741099949,0.034760181,1.0618934989,1.6512392421,0.024753973,0.0,0.0,0,,0,0.0,0.0836397033,7.0,-0.016641778,0.0140241394,0.1306508156,-0.054572687,1.7230548916,-0.531651338,-0.023299601,-126.9385979,0.0331128264,16.345929647,0.0008619248,0.0040415688,0.0132421495,0.0040886123,0.2208163485,,1.0,0.0022323099,0.8362887,-0.0028656,5.0,15.814702975,-0.136118366,0.7118381177,0,0.048781298,0.0213578269,0.0103637218,0.0149272025,0.3072433588,0.973319194,2.471336e-10,3.8340679e-08,0.5590574407,0.312545222,0.0236126723,0.0158829591
10860,0.2785517325,-0.008098485,3.8838748506,0.0,0.0542917952,0.1868654366,-0.118050258,0.0292436701,0.3958370648,0.0099762726,0.339105589,-0.06494097,-2.63112267,0.0132096227,0.06494097,28,0.0231037932,0.0921501706,0.1039402737,-0.141564087,0.0603291345,0.3516783763,-0.037446837,0.0398708242,-0.015172576,0.6729984813,0,4.9585821178,-0.212722714,4.3628977402,-0.233988277,1.0878437063,6.5971000124,0.0626677278,0.0,0.0,0,,0,1.0,0.452577166,5.0,47.692488943,0.0270794927,-0.116473069,-8.541850943,0.5693966774,0.5733941298,-8.744142361,-4977.629777,0.0248274717,12.895113282,0.0007191601,0.0081631746,0.0091960063,0.008038916,0.5581183001,-0.001777273,0.0,0.009009009,0.1999940454,0.0001408362,7.0,13.524589609,0.5553724623,2.1097333117,0,-0.25352422,0.0278551932,0.0141328066,0.0336600313,0.4266080855,4.8575547592,3.6744577e-09,1.10125e-08,1.1362447297,1.2910520858,-0.292470478,0.0608995545
10443,0.6178343656,0.0206450779,207.67274463,0.0,0.2381282501,0.1173919855,0.0491669376,-0.193087191,0.0630112658,0.0091724209,-0.341685713,-0.039360641,-1.82717873,0.058367325,0.0393606415,30,-0.003164266,-0.548387097,-0.744329897,-0.509822069,0.3780175775,0.0301383146,-0.463263902,-0.293245629,-0.116196108,0.472897364,0,1.8538773148,1.0280367133,1.8538773148,1.12282458,82.687350835,5.7859051436,0.1418702516,0.0,0.0,1,0.8091450399,0,0.0,0.0813707195,7.0,8.7230986406,-0.320402817,-0.983949627,12.374286127,-2.548609735,0.1658410129,2.3752013325,-547.5801979,0.0855191314,12.786595648,0.0006867452,0.0083025645,0.0115027438,0.0028326416,0.0016586111,1.7595340409,2.0,-0.000331785,0.5120114884,-0.031356646,5.0,11.206682831,0.1549937423,0.1891055085,0,-0.186226261,0.0297217593,0.0141910169,0.0355415346,0.492432812,0.4445862695,5.0480601e-08,1.2007752e-07,1.2978023476,1.6842909334,0.1254490431,0.044065112
10032,0.6516964168,0.0729880922,-0.422006351,0.0,0.6655029673,2.053720511,0.0834798949,0.0580239225,0.1789455236,-0.0045464,0.0389216964,0.0107265356,0.1882712123,0.0592465356,0.0107265356,30,0.0262129713,0.1666666667,0.1160690071,-0.070951161,-0.063057849,0.1524431938,0.066713796,0.0293401101,0.0782696417,0.6540112607,0,2.3213009539,0.0322087873,1.3384372119,0.0392665341,7.4327790628,6.8999948009,0.1690867762,0.0,0.0,1,0.0040384638,0,0.0,0.3507264448,6.0,45.089651793,0.0685183563,0.0467077356,8.9453860615,-1.473516512,-0.651608666,0.3351739715,-3916.620616,0.0587429544,14.144260097,0.0001926631,0.0141026179,0.0285786821,0.0019397569,0.209767691,-0.002072697,3.0,0.0002592017,1.8047358713,-0.131487827,3.0,13.850588714,0.4020579736,0.8924176538,0,-0.101630079,0.0839812756,0.0219534839,0.0227315732,0.503993686,3.4330520222,1.6832516e-09,1.8725042e-08,1.4968479754,2.2405538614,0.033147377,0.0266263387
70308,0.2690783739,0.0460330112,74.347119115,0.0205745747,0.477984149,0.6634314546,0.1073706298,0.0311213927,0.5088041145,0.0171145514,-0.033051372,-0.059480456,-0.950731623,0.0897980506,0.0594804556,29,-0.000693299,0.0625,0.0458050873,0.0360317798,-0.001911186,0.1110216731,0.0232446848,0.0638522269,0.1689279162,0.4024218864,0,1.2538751708,0.1926533021,0.8339900819,0.2051334088,104.58333333,7.3696666004,0.1789900535,0.0,0.0,1,0.1687004121,0,0.0,1.5665512545,7.0,-0.144691726,0.0540939398,-0.107276943,-0.314520636,0.0990362041,0.2313618052,-0.169478374,5785.4487582,0.0457306398,16.149269119,-0.000343282,0.0161911826,0.0461969532,0.0026152678,0.0094215743,-0.003981169,2.0,0.0001119445,0.3881368736,0.0223886166,6.0,16.863781424,0.5327628595,2.1694548218,0,-0.034541484,0.0099132499,0.0013176643,0.0022048783,0.3802660368,3.4045652805,1.344711e-11,1.1626788e-08,0.6951728403,0.4832652779,0.2576354025,0.0337972009
85570,-0.200669403,-0.095345488,14.451388375,0.0,0.5451271341,0.0016967366,-0.199188555,0.062922679,-0.000327235,0.0945954312,0.0722941831,-0.132340278,-0.463958477,-0.051109141,0.1323402777,30,0.0,0.0,0.1162790698,0.2949732278,-1.033601904,0.0058203483,0.0041246563,0.0011375323,0.0887719875,0.5823650531,0,8.8700475436,0.828102072,8.8700475436,0.828102072,0.0207330618,1.4058577406,-0.178571771,0.0,0.0,1,0.4380077406,1,0.0,0.2339580251,5.0,18.389010577,-0.087900027,-0.25907521,8.5195493099,-12.09931878,0.50045689,-0.14211963,-7544.202399,0.0257826007,11.665440744,0.0,-0.094257632,0.119906728,-0.000601489,0.1074320465,0.6212478854,1.0,-0.01078825,-0.719473003,-0.062493396,2.0,11.626629754,1.3574927177,0.7348860534,0,0.080304809,0.0756302997,0.0267543617,0.0435962763,0.7948225783,1.1006762508,1.7361465e-07,6.0525789e-08,0.1502645914,0.0225794474,2.2479852988,0.090902138
11701,0.4426853992,0.0612495431,24.029953364,0.0133916621,1.2821043351,3.8993853478,0.0794204864,0.0087093651,0.5486000801,4.93608e-05,-0.025067682,-0.056552,-1.585631729,0.158368762,0.0565519997,29,0.0054802176,0.0869565217,-0.014948438,-0.169199053,-0.020925587,0.084919989,0.059593023,0.0454841178,0.1212121212,0.5338087428,0,1.7070402736,0.0341104627,0.3698108141,0.0987667609,503.4835443,52.639083918,0.1289199783,0.0,0.0,1,1.0143322926,0,0.0,2.2520164557,6.0,0.0053504214,-0.010990758,0.0474312194,0.1518290024,-0.044188232,0.0181985637,0.4620153728,-6930.010385,0.1090476693,13.128194356,0.000524457,0.0097473763,0.0390298782,-0.012384475,0.0044902934,0.0079965184,1.0,-0.001411713,0.6690231066,-0.130368172,3.0,14.118305971,-0.472541873,2.1281407636,0,-0.208549392,0.0386278518,0.0254018682,0.0344722805,0.3555592676,3.1800682386,5.9837721e-09,1.2024856e-08,0.8832731464,0.7801714512,-0.340893149,0.0500903874
12017,0.6068262248,-1.190958076,0.870441896,0.0,0.1217350236,0.0277333987,-2.151036802,-0.450988474,-0.191325418,0.1053453724,-0.343513854,-0.529527965,-0.740143927,-0.552371453,0.5786463093,3,0.0,-0.277777778,0.2954545455,,-0.029731863,4.743872549,-0.197924793,0.0019869154,-0.727166133,0.4311803125,0,3.9306846999,-0.380624853,3.9306846999,-0.380624853,0.0889346564,,-13.33067224,0.0,0.0,0,,0,1.0,-0.207276736,3.0,-34.99903647,-0.324879075,-0.348503882,-0.716519924,9.098008612,-0.579608829,-0.632157696,-2145.514749,0.0889184991,10.251982222,0.0,-0.299636529,-0.582025887,-0.002421264,0.4282485876,9.8666666667,0.0,0.0081515879,-0.459593389,0.0028457865,4.0,11.33961581,-0.102316142,3.4674981104,0,-0.017965162,0.2134832144,0.0714045459,0.1049639761,0.8687563114,8.171758751,2.6945799e-07,1.0475461e-08,1.4001306686,1.9603658892,-1.029748507,0.1252625223
10001,0.833300455,0.0236118091,-35.9585372,0.0448961807,1.0183014448,1.1470199803,0.0326478924,0.0503573111,0.0678204021,0.0034443169,0.1075528871,-0.049508316,-3.78930011,0.1130840397,0.049508316,29,-0.001321371,-0.213058419,0.1155804266,0.1784351572,-0.378463175,0.0468696087,-0.008393257,0.0685271714,-0.011992204,0.4486164324,0,0.778842862,-0.142231087,0.6548963988,-0.133845621,83.587641866,6.6354672406,0.0838107315,0.0,0.0,0,,0,0.0,0.1086581863,5.0,-0.795080759,-0.081450879,-0.472133629,9.5535191679,-11.63380035,,0.0220735506,-7626.651839,0.0257826007,11.248147115,-0.001525511,-0.011254602,-0.023030697,-0.005656221,0.0200043042,-0.00215549,0.0,-0.001118568,-0.519063289,-0.025598433,2.0,9.630476656,-0.04992449,0.3985286657,0,0.080304809,0.040960446,0.0252912385,0.0339779959,0.5629430121,2.4258581901,7.8721669e-08,2.8908431e-08,0.5060817899,0.2561187781,0.0027132085,0.0372128142
75215,1.7390685417,-0.01594041,-3.651401081,0.0061171152,0.597354871,1.6799753056,0.0288212917,-0.268666467,0.2832004558,0.0284541235,-0.607215241,-0.267075413,-33.80952381,0.6273066775,0.2670754134,28,0.0021918945,-0.158570119,-0.39089686,0.0869552395,-0.039686571,0.3031125966,0.0806455736,-0.036707256,0.0469123439,0.4372937403,0,6.5157326414,0.1228311778,4.734047629,0.0204706713,5.9273361273,3.0446280072,0.0728162856,0.0,0.0,0,0.0,0,0.0,0.520157092,5.0,1.3240339733,-0.252546444,-0.338901161,1.4782367708,-1.328197891,2.4718792356,1.090052158,-4516.1957,0.1116949983,13.70625551,0.0021986864,0.0035111758,0.0047219416,-0.036017633,0.0615526278,0.0451250612,1.0,0.0,1.1917457184,0.1619084682,4.0,14.530503321,-0.262566933,2.2389462867,0,-0.152504436,0.0340969302,0.023508395,0.0301742697,0.5901235526,8.5511846264,1.3083902e-09,9.7432609e-09,1.0391728897,1.0798802946,0.2249152715,0.0419269139
20053,0.7905716674,0.0529478465,-16.57683471,0.0143842612,6.5110486098,0.3213515499,0.0311291729,0.0324265263,0.0397597033,-0.81675762,0.0325701806,-0.007199466,-0.981802724,0.1049321865,0.0071994665,34,-0.000507616,-0.03939523,0.0020480557,-0.052945914,0.045834338,,,-0.001036272,0.0326471783,0.6108184173,0,1.0353472787,0.0220770823,1.0277012033,0.0231479848,0.9173499658,0.0568720136,,0.0,0.0,0,,0,0.0,0.3690126148,7.0,0.0176557896,0.0013613778,-0.083145264,-0.129651233,-0.391427963,,0.0253945452,-1810.910752,0.0286434127,15.181981217,0.0003842512,0.0020537569,0.0192697853,0.0020102222,0.0446587165,0.0237300866,4.0,0.0,0.152585495,0.0152332066,4.0,15.801375885,-0.158218758,1.9798247012,0,0.0654744878,0.0398337245,0.0145689959,0.0215051528,0.3186261053,2.8160286854,3.703733e-10,1.1793995e-08,1.0653347566,1.1349381435,-0.044963932,0.0238052482
76672,0.0146609268,0.0037622968,243.47172044,0.0,2.0041394014,1.9619967559,0.064183774,0.0250548039,0.3872741414,0.0682730924,0.0175133196,-0.081500435,-33.80952381,0.1667988028,0.0815004346,24,,0.0725004215,0.0207443676,-0.10049157,-0.007400171,0.2655796923,-0.014405756,,-3.068634317,,0,1.4407911521,-0.032721138,,,1031.9492386,4.7903081524,0.0834404423,0.0,0.0,1,1.0264907372,0,0.0,-4.428422697,4.0,-355.6597549,0.0105686885,-0.107876565,-2.3447546,-1.61141405,-0.723397809,0.0294305091,-2670.870478,0.2277833408,12.38304056,0.0038275582,0.010129321,0.7818893784,0.0984299278,0.0445730181,0.0318875604,2.0,-0.007207207,0.7673689455,0.0090161059,4.0,12.243708819,-0.024788862,0.7026365707,0,-0.166303822,0.0505262688,0.02691167,0.0430182254,0.4903145121,1.6835428132,2.8303952e-08,2.9655801e-08,0.9497400972,0.9020062522,-0.115936531,0.0836497475
77453,0.0057871066,0.0408471125,120.68112946,0.0136361396,0.4672440119,0.5587650363,0.1572052096,0.0262177679,0.4113452405,-0.071923227,0.271805394,-0.088768777,-1.014857772,0.0823011222,0.0887687774,27,-8.1565e-05,0.0809399478,0.0378578441,0.0786264289,0.0534821262,0.1228512227,-0.029212656,0.0340963196,-0.938145329,0.341800368,0,0.6451442746,-0.091854668,0.6129892889,-0.09070398,86.812658513,32.106659719,0.1756526048,0.0,0.0,1,1.0,0,0.0,1.9522315838,6.0,-0.015363739,0.0368256031,-2.727180435,-0.300766915,0.1181582381,0.7218639591,0.0166769818,-1816.402615,0.0775320588,14.603124221,0.0035713583,0.0186404351,0.2239025217,0.0034030494,0.0136068142,0.0815701895,0.0,-0.000259605,1.7656981199,0.0551908375,5.0,16.432369165,0.048648338,6.3521915942,0,-0.101596569,0.0563576631,0.0159340584,0.0194656646,0.3548916441,7.3246196273,2.466942e-10,5.872454e-09,0.498176904,0.2481802277,0.1826423117,0.0320678305
10838,0.4447900597,-0.19726093,0.8605750183,0.0,0.1164650328,0.0006549603,-8.799414162,1.0648915663,-0.732236272,0.3275915469,-0.423392458,0.1641285291,0.3465701574,-0.265625682,0.1641285291,29,0.0,0.5294117647,-0.666666667,-3.701815015,1.4655310475,0.1884654995,-0.72515448,0.0217831325,3.3337725082,0.9321548435,0,4.6797323136,2.5178984209,4.6797323136,2.5178984209,0.00128467,0.0470809793,-1.231360935,0.0,0.0,0,,0,0.0,-4.428422697,2.0,-95.27686982,-0.035181484,0.3207885247,-8.375612616,22.110749043,0.5733941298,-9.022977666,-5394.684937,0.0248274717,12.287886704,0.0,-0.112925887,-0.166961735,0.0,0.9225366794,-3.433333333,2.0,1.1243243243,0.0114130782,0.0461347229,3.0,12.936590681,0.53940448,2.4224186139,0,-0.25352422,0.1021897718,0.0371959306,0.0732836918,0.3480663179,5.1849006822,9.1168805e-09,6.8556068e-09,1.7274224473,2.9839883113,0.1172439397,0.143726846
11292,0.6293155836,-0.01135188,1.3189281437,0.0,0.1219477378,0.5164085643,0.0978993776,0.0083021622,0.4465833409,0.0003304693,0.1463258786,-0.042611184,-2.808383234,0.020528549,0.0426111843,28,-0.02371326,0.1666666667,0.2646911936,-0.32549868,0.1439418999,0.1162063575,-0.291253496,0.1355715719,-0.014687101,0.5998341477,0,5.4202180377,-0.525693633,4.4826560951,-0.529620644,2.2745508982,7.5592039801,0.1661208693,0.0,0.0,1,1.0,0,1.0,0.5144742444,5.0,47.578337205,0.1145012687,-0.041956573,-8.191087092,1.9157339131,-0.42660587,-8.736823435,-5532.654737,0.0248274717,10.248258268,0.0225304906,0.0312222025,0.0354402262,0.0385646894,0.4350699571,-0.222375901,1.0,0.0187597134,1.4250384101,0.1360712089,6.0,9.4993203379,-0.104102061,0.4712451145,0,-0.25352422,0.0303846505,0.0207964885,0.0263951821,1.0784121586,0.6816254918,2.7315617e-06,1.1421927e-07,0.5804603388,0.336934205,0.1416904972,0.0706260713
11246,1.3338823319,0.0641718885,-8.950862174,0.0311327561,3.8471667279,0.2053075219,0.0182270776,0.2614511259,0.0273850401,0.0,0.3715238564,0.0059299998,0.4291551629,0.0366321913,0.0059299998,29,0.0,-0.053097345,0.1448330369,-0.040694285,-0.425679473,,,-0.017299629,0.0243435196,0.6541964493,0,1.3039969149,-0.093675706,1.3039969149,-0.093675706,0.4428580164,0.0523506281,,0.0,0.0,1,1.0,0,0.0,0.0860377153,4.0,29.877573239,0.0369635383,-0.157069731,0.3871584241,,1.1373603113,-2.466411662,-2959.811489,0.138519725,11.886255744,-0.000715419,0.0023581744,0.0091595915,-0.004791037,0.0949059574,1.4725462195,1.0,-0.00535169,-0.685819446,0.0001458846,3.0,9.6764488962,0.0888715675,0.1317769131,0,-0.258063742,0.0463483036,0.0205412524,0.0288334631,1.0967276007,0.1978011474,1.5776011e-06,6.0231928e-07,0.1194586617,0.0142703719,0.7363471007,0.0212456635
64390,0.4367299975,0.0807451905,-1.417070578,0.0253770599,1.1887381323,1.2214081028,0.0998286795,0.0565137945,0.0871100696,-0.013427325,0.0351452079,-0.01771463,-0.3470726,0.1087696337,0.0177146295,36,0.0,0.0136163702,0.0672435064,-0.010155668,0.0265933081,0.1010826567,-0.041161651,0.0020607829,0.1194119073,0.3668918977,0,5.6015506398,0.2963358302,5.6015506398,0.2963358302,3.5393621685,3.9898078942,0.0743357867,0.0,0.0,0,0.0,0,0.0,0.3244203894,7.0,-0.012006507,0.0420919646,-0.050177259,-0.414461915,0.7720550095,0.5081281518,0.0102858359,6203.9713221,0.0331128264,16.760254707,-0.000123428,0.0094969322,0.0378135275,0.0280730307,0.2353031568,-0.003103911,0.0,0.001305483,-0.139129354,0.0351528726,7.0,17.187876259,-0.231302713,1.394404231,0,0.048781298,0.0125437668,0.010891254,0.0130075845,0.3267910609,2.1441938589,6.848396e-11,1.7593796e-08,0.720089644,0.5185290953,0.1044649791,0.0161170243
65294,0.3968753502,0.0636104591,-7.487581226,0.0750753233,0.9066316152,0.36465942,0.0640587772,0.0128569395,0.0694972467,1.0056302638,0.0100118032,0.0044816286,0.0912547529,0.0578057024,0.0044816286,38,0.0,0.0137931034,0.1004306967,0.1364342368,-0.022106017,0.1071000494,0.1452735955,-0.001765494,0.0194169604,0.1620119368,0,15.011574988,0.1883312046,15.011574988,0.1883312046,11.70662023,1.5396642528,0.0728830889,0.0,0.0,0,0.0,0,0.0,0.2207641809,6.0,-0.018422627,0.0604233034,-0.050000525,-0.454316563,0.2823890785,0.2074858934,-0.040678095,-7531.462478,0.0331128264,14.814495853,0.0002348744,0.012755112,0.0413735255,0.0014171018,0.0351312598,0.0063688498,0.0,0.0026153559,-0.183136485,0.0546129155,5.0,15.014790453,-0.172671514,0.9983971423,0,0.048781298,0.0203748979,0.0125682018,0.017642935,0.2640500218,1.406836537,6.27366e-10,2.2114341e-08,0.7743792103,0.5996631613,0.0332269913,0.0217033464
12173,0.2959165946,0.0133621842,-25.22625308,0.0,2.8136725009,1.6093996786,0.0813174395,0.0232084887,0.3025851883,0.0187496904,0.0236887188,-0.123158338,-33.16739447,0.4565510199,0.1231583383,27,0.0032847661,0.172037422,0.1214196302,0.2016183684,0.0244215069,0.1541903599,0.106230227,0.1028259669,0.0649849819,0.3733519095,0,1.8155279868,-0.146947042,1.7153868768,-0.167832431,59.096091417,4.3780778166,0.1138629551,0.0,0.0,1,0.3307207817,0,0.0,3.3895471669,6.0,-0.1795209,-0.031307821,0.1322385442,4.7047622691,-0.414827887,-3.277617903,1.1789690267,-14264.18366,0.0314049921,13.302712468,0.0014931164,0.0086687084,0.2693894389,0.0265295091,0.0293806096,0.0086456412,2.0,0.0110081112,0.1999527612,-0.009180764,5.0,13.622833244,-0.454192805,1.0528509205,0,-0.107492679,0.0204662085,0.0169807208,0.0270534994,0.3566582228,1.7079707915,4.7829031e-09,2.449714e-08,0.8281076844,0.685762337,-0.1448101,0.0383195697
11378,0.3960111298,0.0482179318,8.8961650951,0.0,0.2111431689,0.5421494556,0.1396360426,0.0535234325,0.3255315399,-0.033673269,0.2455162957,-0.057731904,-0.708486935,0.0823797066,0.0577319043,28,-0.013861071,-0.014388489,0.0130744481,0.031260765,0.0506767495,0.1048570819,-0.033070446,-0.013325357,-0.026487077,0.5411706911,0,3.8844588234,0.1344358765,2.4364284862,0.2222961973,10.447424388,5.8289545531,0.409686962,0.0,0.0,1,0.053202362,0,0.0,0.4591205388,6.0,47.625308123,-0.051578611,-0.223011729,-8.424391546,1.4452071365,0.2874194199,-8.674972278,-4523.473017,0.0248274717,13.628141029,-0.001204494,0.0190109471,0.0293698795,-0.006288273,0.0851173953,-0.031246009,0.0,-0.001283697,0.6652635576,-0.117296135,6.0,13.909987587,0.1794594551,1.6221435914,0,-0.25352422,0.1011645123,0.0249733081,0.0277205986,0.3900568397,5.2880419021,1.8501389e-09,1.0105436e-08,1.1327475114,1.2831169247,0.0405780338,0.028899945
11403,0.2410938318,0.0287268106,2.6114343941,0.0,0.3391545492,0.285813126,0.1115036924,0.3215657903,0.594746111,0.0119771078,0.4742537501,-0.055984252,-0.993240947,0.0572594551,0.0559842516,28,0.0021900774,0.0701754386,0.0827441107,-0.055403514,0.0004716068,0.4785669587,0.2292053018,-0.007564849,0.1535059532,0.3938691888,0,1.3292275953,0.2498924464,1.288746392,0.2638040354,1.5459834971,12.906410215,0.1708901888,0.0,0.0,0,0.0,0,0.0,1.219854598,5.0,-10.13830595,0.0429779722,-2.37129071,4.019116601,-0.92863446,-0.791945777,1.051831733,1296.9269216,0.0288563477,15.758128141,-0.003930241,0.0326061799,0.0555562315,0.0054073188,0.3050846367,-0.003729505,2.0,0.000967118,1.2091583774,0.0296528612,5.0,16.336162742,-0.147766489,2.1574852701,0,-0.111549313,0.0152306519,0.0080221292,0.015585514,0.3675868181,3.6705981936,1.144357e-10,1.106368e-08,0.9392990209,0.8822826507,-0.01185027,0.0259931687
85991,0.3774825981,0.0186279327,11.743451755,0.0,0.8651903522,0.4020429935,0.0567779961,0.6270778313,0.3314432189,0.4545311222,0.2722672948,-0.050087224,-2.697452229,0.0688758913,0.0500872239,18,0.0,0.35,0.0734991288,-0.021597454,0.0351005075,0.0827586207,-0.154980131,0.1677800217,3.3337725082,0.3050105027,0,0.7779519331,-0.226328408,0.7779519331,-0.226328408,11.545144804,9.1953867028,0.0867662303,0.0,0.0,1,0.4367261471,1,0.0,2.5605953225,6.0,-0.112635577,-0.098664588,0.3102011222,4.7863282726,-0.192840793,-2.91365066,0.7912938981,2026.671269,0.0314049921,16.741736294,0.0005721233,4.78835e-05,0.0001466921,0.0278443829,0.0334243164,-0.326328569,1.0,0.0004577707,0.4077542289,0.055957336,2.0,16.949636729,0.1149141094,1.4364997546,0,-0.107492679,0.017897917,0.0132725711,0.0198757587,0.346199671,2.2515880758,9.229461e-11,1.7020641e-08,1.1631784514,1.3529841098,-0.051337614,0.0331506043
14135,-0.091792983,-1.190958076,-0.614816479,0.0,2.8962430635,0.3228858425,-0.215888383,0.6177667532,-0.088291152,0.2678687646,1.8941263243,-0.529527965,-0.837082413,-0.32657635,0.5786463093,3,0.0,0.6666666667,3.499465812,2.7026186714,-5.757420763,0.0432554976,-0.128654129,0.6163878933,-1.12565445,0.4539129133,0,0.473133081,0.0066459213,0.473133081,0.0066459213,0.7208988764,7.2909090909,-0.995919211,0.0,0.0,1,1.0,0,0.0,-1.114815835,4.0,18.949617476,0.0294639823,0.4791859069,1.0448990468,1.6291541287,-0.464531207,-0.689192447,-2485.23027,0.0279332649,9.3279854755,0.0,-0.077607056,-0.222244856,0.0204593655,0.0198370272,-7.712344559,0.0,-0.787671233,-0.686682815,0.0737817057,4.0,7.7424779867,0.6338636917,0.2489484542,0,-0.500704589,0.3387096822,0.1131541982,0.1321902001,1.2830716253,2.2046977448,1.14581e-05,4.893641e-08,1.2710880582,1.6156648517,0.6000821622,0.1282023572
11481,0.702910291,0.1033627988,1.9331903159,0.0185492949,0.3286539541,0.348544926,0.1167741048,0.1452468476,0.3013970939,-0.048780488,0.4899107189,0.0084970648,0.0794235187,0.0951533617,0.0084970648,28,0.0,0.2158796056,0.046949343,-0.016419181,-0.030546418,0.3925631564,-0.66876634,0.0262808198,0.0459701131,0.1525150912,0,1.4882784513,-0.030464726,1.4882784513,-0.030464726,4.0760160514,4.9484195701,0.4337146055,0.0,0.0,1,0.9951015216,0,0.0,0.3966337951,2.0,-10.11932466,0.0798610635,-2.225586543,4.4809330602,11.418634193,-0.610170734,1.0897256396,-3619.519478,0.0288563477,14.27729382,-0.003778753,0.0314037631,0.0474298293,0.0189784817,0.0527603824,-0.030474621,3.0,0.0036057692,1.0813258082,0.1155067161,5.0,14.835008544,0.7213422708,1.9907610908,0,-0.111549313,0.1055422872,0.0378377821,0.0430881862,0.5978673322,6.2095066793,1.2839148e-09,9.0652137e-09,1.4372985893,2.0658272347,-0.16406893,0.069130886
13627,0.1764201756,0.0229742322,84.092697452,0.0,0.3763381964,0.5632083413,0.0876331525,0.4772532569,0.5534950315,0.0053905092,0.7373653768,-0.051070496,-1.030267147,0.0466438289,0.0510704956,3,0.0201908584,0.1538461538,0.3518960781,0.0398522825,-0.074525313,0.1113232186,-0.103375437,0.2033568035,0.1196622979,0.2482629534,0,1.0972064515,-0.07071228,0.6583356735,-0.145374786,68.403761943,17.834705125,0.1386098059,0.0,0.0,1,0.665735629,0,0.0,1.2752655135,3.0,24.398843322,0.0717718748,0.0672989609,-0.017976007,0.9210377292,0.3222019423,0.0499798086,-4855.668695,0.0457936334,15.777229436,-0.000352915,0.0143520201,0.0435717285,0.0207162381,0.0067877775,-0.012461583,3.0,0.000498132,0.5571461933,0.0254390631,8.0,16.569174109,0.0492112836,2.3086250881,0,0.0957318355,0.0302657373,0.0182044565,0.0229953902,0.3494880789,3.7536124162,2.039453e-10,1.2224285e-08,1.347015894,1.8144518186,-0.031640091,0.0306641467
75175,2.1456623254,0.2831439033,-3.304427319,0.0,6.7357086083,0.6476852935,0.0515267176,-0.039462042,0.0475432077,-0.001591686,-0.096674967,0.0542768601,1.5852372583,-0.181854302,0.0542768601,28,0.0,-0.090252708,0.2341311134,0.3555107869,0.5609691093,,,,0.1985967053,,0,51.70644176,-0.290201097,44.355703986,-0.290201097,0.5607565012,0.35540905,,0.0,0.0,0,0.0,0,0.0,0.1699206833,5.0,0.2056901754,0.0626209497,-0.154046336,1.2944704125,4.3354453228,-0.757365732,-0.2803381,-7829.614458,0.0331128264,13.883894388,0.0003086229,-0.002256609,-0.009140768,-0.09893348,0.0877682546,,0.0,0.0049342105,0.3262766791,0.0523985829,1.0,15.64499517,0.1803294402,3.8234084348,0,0.048781298,0.0504527651,0.027271157,0.0359246131,0.3067700602,5.3466176769,1.0224934e-09,6.1696469e-09,2.1660458012,4.691754413,0.2288835621,0.0542199062
75470,0.1773821637,0.0340598562,95.535082489,0.0,0.1866517543,0.2883434498,0.1508491306,0.135732292,0.3741659823,1.251001596,0.0800441246,-0.020883645,-0.209867985,0.0412079296,0.0208836454,28,0.0183561941,0.0821643287,0.1454855339,0.0550843903,0.0042988451,0.3091821708,-0.076450772,0.0272476014,0.2008869836,0.2065132811,0,1.8705598908,0.0673043857,1.0915008193,0.0437905233,37.2405962,6.7465237555,0.228809497,0.0,0.0,1,0.9978514348,0,0.0,0.7933433292,8.0,7.1446522658,-0.077355731,-0.056041368,-0.188231243,-0.673483266,0.2297053737,0.0335168867,1224.6441811,0.0410566741,15.657437903,0.0016594241,0.0226466501,0.044590955,0.0074164373,0.0203122423,0.1198310866,0.0,-9.5066e-05,3.0813314326,-0.054268271,5.0,16.174067105,-0.216362518,1.5639033716,0,-0.131569503,0.0435160995,0.0152262388,0.0222699133,0.3874266325,2.224176912,2.443054e-10,1.6125834e-08,1.4647272623,2.1454259528,0.0146726539,0.030649231
11552,0.0728943457,0.0223426621,10.39341328,0.0,0.1208273383,0.0856928625,0.2785243123,0.2961459688,0.5527200969,0.9531364413,0.3886599129,-0.052502905,-0.403220161,0.031351674,0.0525029054,28,0.0034311795,0.1788235294,0.1811700211,0.0819614287,0.0004781883,0.5729847495,-0.07354455,0.0144339298,0.1672480724,0.5155510753,0,4.5983334911,0.1848298533,4.4122242212,0.1905496765,1.0163912704,6.5744407303,0.2545851341,0.0,0.0,0,0.0,0,0.0,1.2913111147,6.0,47.657255331,-0.04719474,-0.029799711,-8.74750833,0.6044833787,0.3498615246,-8.72600031,83963.006043,0.0248274717,18.198805042,-0.003340791,-0.001921592,-0.005393948,0.0041326379,0.2742352718,0.003576046,0.0,9.24471e-05,0.0756957629,-0.0785081,5.0,18.629263354,-0.292854215,1.543219025,0,-0.25352422,0.0597336292,0.0215902929,0.0293105476,0.2984146894,2.0217424071,2.707889e-11,1.5628717e-08,1.1160285232,1.2455196646,0.0036272255,0.0368295102
75107,0.0985389202,0.0384232843,19.858317647,0.0,0.0158194239,0.0778385144,0.1462000203,0.6473002381,0.9399192822,0.0355747069,0.2632104496,0.2125872739,0.619221026,0.0146307788,0.2589237441,28,0.010394024,0.1526418787,0.2541234896,-0.052605582,0.0680561969,0.2958255725,-0.150857346,0.0333630305,0.7318372705,0.4987878339,0,5.598794476,0.4433390876,5.1721813881,0.5121537445,1.7453356371,7.2361128566,1.6230229252,0.0,0.0,0,,0,0.0,1.1467927509,5.0,-9.581228092,-0.131205916,0.0700797271,0.071180777,-0.185712344,-0.775146436,0.0878240213,-155.2740233,0.0318276958,15.235668862,0.0227099803,0.0219740573,0.0251094786,0.0062067286,0.4700192284,0.0019235349,0.0,0.0003234153,2.7054000305,-0.192277253,5.0,16.595193257,0.153624173,3.5533715534,0,-0.095378135,0.0300345849,0.0153624675,0.0268744361,0.3073919597,3.8713311141,2.228103e-10,7.8565849e-09,1.0246698311,1.0499482628,-0.488710559,0.065079465
11547,0.4692152415,0.0259849114,5.7420219502,0.0177064183,0.4172308892,0.5973615693,0.0798168747,0.0070480913,0.4006142092,-0.000942678,0.0675500683,-0.030140238,-1.024602386,0.0526091137,0.0301402384,28,0.0045122634,-0.027777778,-0.029695662,0.0698737789,0.0060179909,0.2457636646,0.0550893594,0.0129535959,-0.041267056,0.2837486528,0,3.2870226638,-0.017202023,2.0093914933,-0.023353277,11.156832298,5.6984291984,0.1298271376,0.0,0.0,1,1.0051373641,0,1.0,0.7104543978,4.0,-10.03844856,-0.025015923,-0.110339929,0.4418570983,-1.229230703,0.4457707267,0.1258023562,-1875.232103,0.0318276958,13.954790966,0.004978752,0.008144955,0.0153487149,-0.004368421,0.0597104146,0.0020655597,2.0,-0.001256808,1.6547213735,-0.198736011,5.0,14.306453745,0.2170799697,1.318643172,0,-0.095378135,0.03445784,0.0181304847,0.0356424608,0.5992156863,4.2190940521,1.7058051e-09,1.4980483e-08,0.9224527507,0.8509190774,0.0161704612,0.0356451523
11441,1.3190199251,0.0083081901,,0.0,0.5282259828,4.7530426924,0.0130926351,-0.021777044,0.0249718334,-0.81675762,-0.105670994,-0.004540667,-1.021052632,0.0167912895,0.0045406671,29,-0.002715038,-0.045454545,-0.11528444,0.0391997488,-0.704757825,1.5828651685,0.0478121538,0.0012347013,0.0163982299,0.5137410306,0,,,,,6.3037309105,19.993378296,0.0735780725,0.0,0.0,0,,0,0.0,0.0360536424,3.0,-0.079843274,-0.684757167,-0.110915154,0.8495688746,-2.147398366,-2.978930339,-0.067035998,-6413.333506,0.0567968909,10.543813941,0.0411086418,-0.007654355,-0.010880489,-0.208579299,0.4080811587,-0.000917466,0.0,-0.376521346,-0.246725833,0.0513324186,2.0,7.3076146896,-0.834932359,0.4536173633,0,-0.168614603,0.3387096822,0.0976985896,0.0710185448,1.7036471714,15.714065124,4.8331651e-06,1.9043784e-08,0.7105034601,0.5048151668,-2.532741672,0.0581993722
89048,-0.467861017,0.0479215549,6.4318239336,0.0,2.76374863,1.9695181361,0.2017474457,0.0225335666,0.4091216237,0.0032313248,-0.022505683,-0.181706052,-8.477208514,0.4541625679,0.1817060517,25,0.0,0.0518617021,-0.027725358,-0.052985097,-0.017810153,0.4208387179,-0.075730543,0.007216539,-0.075779345,0.322806193,0,1.6931345219,-0.068363142,1.6931345219,-0.068363142,13.210637847,6.3996685682,0.1186103974,0.0,0.0,1,0.9814794104,0,0.0,-1.090685954,5.0,-355.5888644,0.0337321348,-0.128515285,-3.125853504,-1.278048371,-0.659086532,0.3167942742,-2815.034078,0.2277833408,11.252277724,0.0045409712,0.0127150363,-0.042512499,0.1033227077,0.0755991733,0.0300682755,1.0,0.0309570243,0.1849084489,0.0830026325,5.0,10.287523359,0.4521385121,0.2846407055,0,-0.166303822,0.018492125,0.0106590221,0.0282786924,0.4792859396,0.5856312562,1.2109654e-07,9.6235354e-08,1.5985142773,2.5552478946,0.0646116952,0.0658810188
13553,0.2609581224,-0.008617425,0.2776239971,0.0,0.829708201,0.088234943,-0.021824104,-0.416266026,0.0128205128,1.251001596,-0.123143932,-0.082974956,-14.26086957,0.1142745547,0.0829749557,3,0.0211231976,0.0,-0.501587302,0.2080901178,-0.336796537,0.2835820896,-0.761094135,0.0200320513,1.4964157706,0.4984444063,0,1.262350937,0.878109092,1.1912265758,0.7722912046,0.1711482558,13.083333333,-0.005696203,0.0,0.0,0,,0,0.0,0.0949820789,4.0,-0.340565932,-0.046404172,-0.039798878,4.6698037969,-1.127051319,5.8541623052,0.8366925615,-9491.713671,0.0314049921,15.502368665,0.003070053,0.0060050042,0.0238568588,0.0255164842,0.495849568,-0.016208416,0.0,0.004708798,0.6363045888,-0.015842187,3.0,16.206829514,-0.127282592,1.9401879631,0,-0.107492679,0.0314595476,0.011726894,0.0196491123,0.5434141685,5.0838399572,2.139321e-10,1.0381008e-08,1.0856728911,1.1786856266,-0.030408626,0.0325633322
13642,1.4038145715,-0.007249963,-14.88400845,0.0,5.3160241273,0.2417885887,0.0184040584,-0.038739105,0.02853991,-0.048677885,-0.044643339,-0.002226305,-2.105095541,0.0080119022,0.0022263051,3,0.0012562962,-0.051724138,-0.058781233,-0.168504563,0.2366710914,0.145030426,-0.134349645,0.0008058949,-0.015703416,0.4523834662,0,0.7928966935,0.0719417854,0.7882322249,0.0696563947,0.6291756789,0.0660298244,-0.000118836,0.0,0.0,0,,0,0.0,0.1398899142,5.0,0.0650861192,0.0017278635,-0.095474172,0.4835916706,-0.210792407,-0.014465589,-0.071525739,-5455.172258,0.0286434127,10.753035722,-6.8197e-05,-0.000689658,-0.003333333,0.0029780918,0.0492790344,0.8321105237,0.0,-0.003203705,-0.340395013,0.0322831385,2.0,8.679825546,-0.209827968,0.4345830892,0,0.0654744878,0.0165288728,0.0085839646,0.008813399,1.6295605281,1.2324134018,1.210182e-06,2.0000001456,0.2559516549,0.0655112496,0.4255764004,0.0212003851
91954,0.4636540439,-0.002158662,5.5882596972,0.0,0.8072783553,1.1455671069,0.0500850028,-0.076003197,0.2559370624,0.2287798408,-0.245278349,-0.040752709,-25.22169811,0.0522864503,0.0407527095,3,0.0088029511,-0.142857143,0.3566915081,0.314440742,-0.136934712,0.2158948257,1.2287632774,0.03953398,0.5005767013,0.3860674004,0,1.759889768,0.418150752,1.0315583607,0.2945534608,23.336444721,7.0381607757,0.1003309282,0.0,0.0,1,0.6347365537,0,1.0,0.9905750536,5.0,-0.002343646,0.1144381269,-0.128999877,12.374286127,-0.079577905,5.8541623052,2.3752013325,-1829.173207,0.0502102314,10.652329576,-0.004266922,-0.005046698,-0.013967278,-0.147932104,0.0334077339,-0.008507208,1.0,-0.016666667,0.0771363056,-0.155908596,4.0,10.371066369,0.823213892,0.3293785912,0,-0.060001469,0.066371724,0.0475750184,0.0681420683,1.0274163835,0.6515381312,1.9637995e-06,1.1742333e-07,2.3638149114,5.5876209354,0.309517385,0.1411865765
11600,0.3093900161,0.0430313651,19.133630844,0.0049988272,0.3102947498,0.3895393224,0.1015986679,-0.084241442,0.3404588418,-0.00982136,-0.068800391,-0.048836222,-0.735772207,0.0746926476,0.0488362215,28,-0.010580253,-0.016949153,-0.009539883,0.0881669797,0.0233502346,0.2192036954,0.0920029787,-0.024346171,-0.084327231,0.2238868817,0,1.8466719299,0.2857983797,1.2544140687,0.4165637041,13.961315964,6.8508647323,0.1872070818,0.0,0.0,0,0.0,0,0.0,0.6633845525,7.0,-10.03049928,0.0137311544,-0.099511304,0.2820318729,-1.072385311,-0.253284487,0.1478858901,4388.6549767,0.0318276958,16.451718635,-0.000350323,0.0187999972,0.0365199774,-0.008397261,0.0537004225,-0.000490531,1.0,0.0003954914,0.1483153377,0.0297405093,6.0,17.411019526,-0.214670397,1.9108842695,0,-0.095378135,0.0131469611,0.0076201609,0.0148985474,0.2207634691,1.0508348014,9.440583e-11,2.0691721e-08,0.9015538728,0.8127993855,-0.025891341,0.0219563087
75104,0.2484194889,0.0482582479,24.521915888,0.010549809,0.6095365996,0.4920630508,0.1285315513,-0.087732596,0.2166597188,-0.149328859,0.0414712868,0.0031312551,0.0583456425,0.0454425894,0.0031312551,40,0.005945421,-0.071255061,-0.096702434,-0.109586768,-0.019817424,0.1960921144,-0.040564622,-0.064766741,-0.300622115,0.1733206215,0,1.3858170097,0.0856856908,1.1572030746,0.0587980285,32.257009346,3.9913269731,0.0975449691,0.0,0.0,1,0.0149001536,0,0.0,0.5372265703,4.0,-0.200707874,-0.048305681,-0.111053939,4.6572651634,-0.627246251,-3.176330712,0.7678605963,13227.645089,0.0314049921,14.63796082,0.0043061181,0.01800355,0.0714405501,-0.005816228,0.005487025,0.0014325076,1.0,0.0012531328,0.8003827428,0.0619424675,4.0,10.157470639,0.4102755027,0.0084289766,0,-0.107492679,0.0257024262,0.0123490612,0.0083348419,0.6519599144,0.0238538706,1.684916e-07,2.0000032031,1.2109454926,1.4663889861,0.0377497537,0.0250306222
13788,0.0607728193,0.0270255939,21.097668753,0.0069534118,0.2442965353,0.2232972316,0.2061765222,0.0074717902,0.4995425435,0.002656,-0.058255897,-0.006532472,-0.073756432,0.0290189053,0.0065324725,2,-0.000607672,0.0204081633,0.0508289703,0.1896690406,0.0032250837,0.1547799697,0.2372843253,0.0207380299,0.3946808511,0.4529912214,0,3.1906077348,0.3448644459,2.0036832413,0.3736491213,5.4614512472,4.9153061224,0.1448555126,0.0,0.0,0,0.0,0,0.0,3.3563829787,8.0,47.630878886,,-0.188215077,-8.759629857,0.3271051505,0.891698467,-8.728333079,16024.777883,0.0248274717,16.966333877,0.0018385169,0.028645044,0.1607142857,9.74595e-05,0.0885432246,0.0039088754,1.0,0.0024283633,0.7023520562,0.0827820303,7.0,17.691290945,0.1299963224,1.9021057284,0,-0.25352422,0.0309706014,0.0113304965,0.0174701345,0.3371196873,2.6716318291,4.294586e-11,1.3007591e-08,0.6948934328,0.482876883,-0.072738572,0.024546397
11043,0.1576421828,0.0393706347,17.220722591,0.0394443165,0.1380428275,0.3586460972,0.2279390208,0.4548640483,0.9766163142,0.0114791118,1.6307044231,-0.061583145,-0.390205864,0.0547332873,0.0615831446,28,0.0,0.0331125828,0.0868998884,-0.111150081,-0.091579979,0.0803767661,-0.423839532,0.4412688822,0.0456137493,0.6082303347,0,2.941323693,-0.126111342,2.941323693,-0.126111342,8.0855481728,4.9516785351,0.54531391,0.0,0.0,1,1.0,0,0.0,1.3098476827,3.0,-355.6597549,-0.306745713,-0.147264404,-2.201773344,2.4674812862,-0.585263953,-0.082635006,-2955.173268,0.2277833408,11.266326846,-0.024244494,0.0349475348,0.0660800266,-0.011375907,0.0738168724,-0.042851399,1.0,-0.002220137,1.0487887828,-0.052660348,6.0,10.555552288,0.731361924,0.7039768886,0,-0.166303822,0.0339105539,0.0114828132,0.029006829,0.4722912781,1.0444140813,5.0351697e-08,4.6268236e-08,0.7251279074,0.525810482,0.3339582114,0.0440365695
11654,1.1481947413,0.0875936982,-0.841836289,0.0,0.260634447,2.0814105674,0.1133985538,0.0298136171,0.3209078036,-0.036438983,0.0138492872,0.0125949809,0.1996413628,0.0701063729,0.0125949809,28,-0.005203914,-0.212264151,0.0752752157,-0.370427743,-0.003230212,0.3184855234,-0.034018607,-0.006314823,0.0335077054,0.6839606808,0,4.7948971737,0.1253700919,3.4131749698,0.1676043085,4.285914506,7.7865047498,0.5842435275,0.0,0.0,0,,0,0.0,0.3948819454,5.0,-16.08077496,0.0811617793,-0.518372251,1.0808606723,11.004554981,0.0259174043,0.4033340764,-5197.098574,0.0238858186,11.187101021,0.0068535465,0.0225397651,0.0276561788,0.0684330443,0.2900801073,-0.011248089,2.0,0.0171911385,3.0994621774,0.1277101594,4.0,12.465332886,0.7342804703,2.4458193818,0,-0.25352422,0.0475793555,0.0373825334,0.0605275218,0.5714201664,6.0732428772,3.2650613e-08,9.1165874e-09,0.4701241842,0.2210167486,-0.483815533,0.0569926328
11638,0.2509340754,0.0396296103,37.774606349,0.0028649895,0.5529715893,0.7028300471,0.1180263977,-0.038461698,0.2225511319,0.0139549055,-0.043228107,-0.064761393,-1.339990375,0.0927329068,0.0647613933,28,-0.000242093,0.0923076923,0.1476999909,0.2205651724,0.1144233149,0.2176422311,0.1198578482,0.0044625731,-0.027788693,0.2520008702,0,1.9252923043,0.4111599466,1.4062543394,0.4000163725,44.92060502,6.9601332326,0.1335027828,0.0,0.0,1,0.4074230162,0,0.0,0.6389921645,7.0,-0.023921153,0.0766289845,0.0935118454,-0.534935538,-0.031031758,0.5508114997,-0.061519736,-980.7957956,0.0943163074,13.821771717,-0.001598967,0.0161952896,0.0529694203,0.0052532814,0.0283333414,0.052109913,3.0,-0.000784416,1.0861265376,-0.187725737,5.0,14.246357866,-0.471761872,2.0060249321,0,-0.075760491,0.0727687478,0.0270738882,0.0401106429,0.5322407545,4.8650378584,2.045224e-09,1.067657e-08,1.0436400944,1.0891846466,-0.140584969,0.042030125
11636,0.2144793673,-0.259730834,2.9905967664,0.0,0.046322809,0.0,-17.17196532,0.0098107642,0.0,-0.81675762,0.9479405034,-0.210786337,-0.210627627,-0.205024345,0.2107863372,28,0.0,0.2553191489,,,,0.204964539,0.7738973016,0.0065580679,-0.085328885,0.9674199943,0,5.4135095448,-0.480956342,5.4135095448,-0.480956342,0.0,,-7.353871531,0.0,0.0,0,,0,1.0,-0.012865327,1.0,,-0.029412831,0.0466959089,-8.605923309,0.2022567439,-0.42660587,-8.962376329,-5253.342337,0.0248274717,13.574645326,0.0,-0.128485288,-0.141818773,0.0,0.9673603076,7.8666666667,1.0,0.0024590164,-0.662310957,-0.019959746,4.0,14.918840937,0.3926916113,3.9408223762,0,-0.25352422,0.1005792469,0.0353220588,0.0692521602,0.5209231918,13.749942337,2.4183506e-09,6.1268424e-09,1.4262272354,2.0341241269,0.0327854975,0.1063057395
11641,0.2732136146,0.0571884996,70.590267376,0.0,0.5108777153,0.5817173718,0.1366564293,0.0868346825,0.3209292151,0.0042238378,0.0067840391,-0.05880224,-0.777999372,0.1016811163,0.0588022401,27,-0.003623779,0.0778329785,0.1397139976,-0.087594996,0.1409161595,0.1115915793,-0.068598723,0.0488926111,0.2825043008,0.4756025711,0,2.2180487832,0.057199361,1.9336428742,0.103041853,76.321534371,3.2659400882,0.2039315839,0.0,0.0,1,0.6357315668,0,0.0,1.0333406711,8.0,0.0457608175,0.0766508361,0.0569130119,-0.265202578,-0.556122868,-0.700444234,-0.031659327,-4564.108458,0.0725156293,14.165356271,0.006247169,0.032334056,0.0906495832,0.0256933804,0.0099114376,-0.017575096,2.0,0.0058668231,1.6729535543,0.0215003723,6.0,15.196136578,0.0078701229,2.5087833611,0,0.0348146487,0.0621309839,0.023550801,0.0389899184,0.4947652666,5.1535480329,1.247342e-09,9.3619271e-09,1.2190905315,1.486181724,0.0559346972,0.047855525
11394,1.0138061446,-0.431409342,-4.864551683,0.0,0.4605437059,0.4659755364,-0.30443038,-0.192898486,0.0963140822,0.0074873759,0.1173361522,-0.073967178,-0.28299219,-0.309323868,0.0739671785,29,-0.017739452,0.1684210526,0.0034402952,-0.090316364,-0.118948473,0.4453524004,0.0638459627,0.0074259,-0.283297055,0.2189549422,0,1.6676315127,-0.579915148,1.0889755852,-0.647702234,4.7786714328,3.1252678745,-0.901580962,0.0,0.0,0,,0,0.0,0.1240913385,2.0,-1.168018347,-0.093115647,0.0598941169,1.3145242656,-0.356045729,-0.802388916,0.6246948029,-3077.489276,0.0352290716,9.0553518078,0.0,-0.066926729,-0.097329666,-0.038614895,0.126292481,0.0640736807,0.0,-0.787671233,6.5531490389,-0.324730676,2.0,11.506057741,-0.386205641,8.3130608175,0,-0.095378135,0.0477453768,0.0313672114,0.0648368828,0.845327237,4.0334826789,1.0695422e-06,2.1083245e-08,0.8606469062,0.7407130971,0.9716355535,0.1714913429
75526,0.8379535501,0.0507750159,-5.314406041,0.0,0.4528978378,1.8066541323,0.0862275932,0.0148038595,0.6581117486,0.0076530612,-0.076415515,0.0195840572,0.4987441694,0.0254512727,0.0195840572,29,0.0,-0.052173913,0.3857249058,0.1709189821,0.0063096316,0.7017040359,1.1136789715,-0.011175991,0.0733511624,0.1773985001,0,2.0225045513,0.0807879546,2.0225045513,0.0807879546,72.005373221,6.6204101797,0.1378806842,0.0,0.0,1,1.0,0,0.0,1.0753440961,7.0,-355.6568008,0.2152222364,-0.2325509,-1.521461976,-1.978039161,-0.143357828,-0.111917021,-2762.158518,0.2277833408,12.985158371,-0.002065435,0.0212494109,0.0325043339,0.014467255,0.0149539733,0.0043425659,2.0,0.0,0.2277729674,0.0249553584,2.0,13.378673644,0.0591248185,1.4107555898,0,-0.166303822,0.0300462767,0.0142443899,0.0302207498,0.3622274971,2.0310652055,5.7878086e-09,1.7090152e-08,0.4876095893,0.2377631116,-2.532741672,0.0528678673
11533,0.16527881,0.032716277,22.408755225,0.000948561,0.2999861952,0.3172388101,0.1353655413,0.0317580001,0.4935527863,-0.023621556,0.0752097104,-0.038370071,-0.537270815,0.0502937778,0.0383700708,29,0.0,0.059334845,0.0631140009,0.040717916,-0.013074655,0.8869608459,-0.003093192,-0.045867728,-0.038749357,0.1789063522,0,1.17520041,0.3905739178,1.17520041,0.3905739178,9.7396771946,5.2828944468,0.1572865776,0.0,0.0,0,0.0,0,1.0,1.2303008706,5.0,-1.589037704,-0.050745443,-0.253696917,0.2793229795,0.2074412869,-0.651579573,0.1377006038,-2115.525771,0.0278203388,15.023977155,-0.005585013,0.027397632,0.0839984672,0.004230703,0.0700069828,-0.005444809,3.0,-0.003668639,1.066990924,-0.067897083,6.0,15.339987796,0.1110194825,1.4658263575,0,-0.111549313,0.0255444124,0.0131746044,0.0212515906,0.3155263013,1.790179716,5.213124e-10,1.8020329e-08,1.254492502,1.5737514376,0.0208065102,0.0284439835
13652,0.1681540352,-0.072196666,3.841156107,0.0,0.050270177,0.0097684586,-2.826957485,0.3934099866,-0.35282168,0.1712972934,0.3329505539,-0.1165866,-0.302928723,-0.050326222,0.1165865997,3,0.0,0.1184210526,-0.608104655,-3.076459086,2.2489026118,0.4176008969,0.1570001319,0.0099297119,0.4125640669,0.9438289596,0,4.6871732212,-0.585209449,4.6871732212,-0.585209449,0.0480083634,27.989051095,-1.597996352,0.0,0.0,0,,0,0.0,-0.465015997,2.0,41.182960528,-0.150070699,-0.090202187,-8.652248641,0.781344281,0.5733941298,-8.807678207,-4762.288157,0.0248274717,12.638637379,-0.000153824,-0.086513826,-0.098019257,0.0022843908,0.918290379,0.1384238614,1.0,1.1243243243,1.5121474484,0.2535581589,4.0,13.696488726,0.3483149854,3.6913662113,0,-0.25352422,0.0662420392,0.0476447014,0.0825228889,0.6575721651,20.482613386,8.5699157e-09,5.8822867e-09,2.6544643117,7.0461807823,0.0771999943,0.155743581
11707,0.3736598497,0.0864638534,5.3883465882,0.0,0.3507844766,0.5569022973,0.1329169252,0.0633900755,0.3218910263,0.0201751796,-0.048305806,-0.01446394,-0.117575215,0.0966298596,0.0144639401,28,-0.009173545,0.1933760684,0.1763003874,0.1345639621,-0.001589209,0.1456650791,0.1146460642,-0.086368568,0.1950623157,0.498069618,0,2.3038297614,0.10631825,1.4369450997,0.2413791624,8.2259106288,4.2677525247,0.33890953,0.0,0.0,0,0.0,0,0.0,0.6904005328,7.0,47.679943429,0.016172269,-0.015247172,-8.446742826,-0.244264582,-0.275032262,-8.660722125,-4875.027197,0.0248274717,14.248992033,0.0062858403,0.0231565976,0.0435882096,0.0093346116,0.1180773147,0.0623449178,0.0,0.0010080645,0.1932304134,0.0942414455,5.0,15.195901528,-0.144956165,3.2052661205,0,-0.25352422,0.08477626,0.0329080589,0.0386853345,0.4348868722,6.6516855559,1.1239762e-09,7.8532299e-09,1.0807220624,1.1679601762,0.096622886,0.0592574518
13563,0.2056210535,0.0231462218,48.995202409,0.0,0.3478297548,0.564428091,0.0971926632,0.0388064374,0.818955468,0.0016396643,-0.027076965,-0.148109237,-3.475301033,0.1035863103,0.1481092373,3,0.0044488533,-0.019769357,0.1203498806,0.5004542998,0.0149363435,0.1430427728,0.2521438365,0.1354827017,0.1731965992,0.487406733,0,2.7535767604,0.2006212026,0.6119681513,0.0217782917,43.023084644,38.681305459,0.1896198207,0.0,0.0,1,1.0430576525,0,0.0,2.4501458748,8.0,0.0846434501,-0.021373458,-0.308358847,-0.297888677,-0.352896251,-0.062091377,0.0588973529,-1945.536584,0.3094931693,13.730663711,0.005675887,0.0150660567,0.0359856096,0.0155942194,0.0590136452,0.028918895,0.0,0.0016694491,3.9163688483,0.1038558437,5.0,14.008966091,0.1107613164,1.9140242205,0,-0.309186286,0.1228840128,0.0337526739,0.0405156296,0.7903771015,11.784987175,3.3886864e-09,8.4345235e-09,1.5651403016,2.4496641638,0.0654235117,0.0649896131
11775,0.9398346858,0.0503984736,-1.178453997,0.0143181798,0.4806085037,2.0437065286,0.1148514421,0.0366495049,0.6355456542,0.0001001803,0.122748647,-0.025313441,-0.700828937,0.0857191823,0.025313441,28,0.0461970298,0.0909090909,0.0119390705,0.0041553938,0.0108034081,0.2583964493,0.1088221459,0.0727550533,-0.002469036,0.5652792342,0,3.0101791414,-0.082211541,1.8611582368,-0.145628098,6.2246273081,9.6095584624,0.2332030679,0.0,0.0,1,1.0,0,0.0,0.9199427587,6.0,45.093998576,0.0115391074,-0.02904984,9.2335243304,-1.225984868,0.6743780256,0.3616466182,-4998.409316,0.0587429544,12.26698505,-0.004226923,0.0036715894,0.0058724959,0.003650756,0.2311433002,0.0162785474,0.0,0.009478673,1.0671658424,-0.033844786,7.0,11.26036749,0.4486438846,0.6496386272,0,-0.101630079,0.0499131754,0.0211661083,0.0326866086,0.7643741781,3.4504673007,2.6710761e-08,1.7690341e-08,1.1307165791,1.2785199824,0.0073639048,0.0503362534
75233,-0.023371565,0.0151548167,2.5688797724,0.0684003625,0.6357908321,0.4700775955,0.2231729944,0.2485662524,0.4098522488,0.1745740283,0.2103126307,-0.049688889,-1.903780626,0.0440062632,0.0496888886,28,-0.002239593,0.1021233569,0.9089446022,-0.279557742,0.289811443,0.2726245958,0.7106864233,0.0030099376,-0.399943179,0.4994564298,0,3.1760898943,1.1864834886,2.8416779281,1.3259071962,1.7058051064,43.103983465,0.0422920693,0.0,0.0,1,0.7489122365,1,0.0,-3.685792752,6.0,3.0962317746,0.299623131,0.0643788503,12.374286127,-1.360474873,-0.298801161,2.3752013325,1604.0662781,0.0796288203,14.799051349,0.0010527065,0.0085217621,-0.150218109,0.0119377079,0.382272389,-0.000947729,0.0,-0.002631579,0.6295874475,-0.057328092,6.0,15.185610277,-0.267158571,1.2749342984,0,-0.186226261,0.0251542814,0.0123471997,0.0199086088,0.5807340955,4.4148887188,5.573726e-10,1.5670208e-08,0.6872592091,0.4723252205,-0.02388895,0.0213554579
75186,0.2762397627,0.0333832885,-3.531897176,0.0095019807,3.6097165372,0.1537248629,0.0179237992,0.0765792735,0.0165620083,0.0106686324,0.0718739916,-0.006886055,-0.777441332,0.0593368368,0.0068860549,28,0.0485108152,0.0579710145,0.0982126738,-0.000333604,0.1045173566,0.1915303176,-0.250945788,0.0527979282,0.1491799832,0.6677587007,0,1.0918892499,0.0041431752,0.4472269342,-0.01059456,0.1892421603,0.2022542891,0.0110105034,0.0,0.0,1,0.0538261997,0,0.0,0.242746005,8.0,1.3986479695,0.0095164749,-0.029889558,-0.158303838,-0.457773116,0.5037427064,0.0313323026,32511.552166,0.0558672041,17.440940502,6.78224e-05,0.0022979093,0.0302664413,0.0025002651,0.1620227462,0.0001505582,2.0,0.0,-0.2162076,0.0212788896,3.0,17.891149487,-0.069777339,1.6024199302,0,-0.168614603,0.0426229537,0.020317177,0.0236273902,0.2136053549,1.2767415977,7.085259e-11,1.7237012e-08,1.401573603,1.9644085646,0.083515375,0.0291545049
11809,0.4461985801,-0.010008871,2.1103907177,0.0,0.8625998513,1.2018687207,0.0695971162,-0.063080504,0.2427714144,-0.029156777,-0.014782657,-0.085060295,-11.49724654,0.1050655902,0.0850602955,28,0.004326742,0.0,-0.033575344,-0.020280781,0.0099333692,0.1839163118,0.06766621,0.0413647748,-0.144187027,0.4320994917,0,1.9676682312,0.0744833872,1.6730454468,0.0499516235,13.778555487,5.6892488117,0.1050390633,0.0,0.0,0,0.0,0,0.0,0.5969298724,5.0,-0.79188609,-0.104231356,-0.25907521,9.166417293,-11.61108976,0.50045689,0.0140551011,-4911.940449,0.0257826007,14.860411996,0.0007651779,0.0107370957,0.0342822276,0.0165255387,0.0497771997,-0.021778712,2.0,-0.001819422,1.9087132122,-0.060724366,4.0,15.347548634,0.2211461181,1.8335794833,0,0.080304809,0.0300862677,0.0152878503,0.0196018144,0.2847871582,2.1709954691,5.88807e-10,1.3234815e-08,0.8331255219,0.6940981352,-0.00365472,0.0334411257
13616,0.1914953722,0.0014354846,4.2894652285,0.0,0.1326054074,0.2738732021,0.0722839118,0.2201834664,0.7862021163,0.0268804269,0.4307174693,-0.20816581,-33.80952381,0.0628149652,0.2081658099,3,0.0,-0.008888889,0.2877200006,0.350621156,0.0346422844,0.6720376797,-0.133220548,0.0108130354,0.1073456854,0.5221411073,0,1.3995280953,0.0755405344,1.3995280953,0.0755405344,1.7380839364,46.576908023,0.0958235225,0.0,0.0,0,,0,0.0,1.2064004844,6.0,-10.26839917,0.1075796186,-2.450355038,3.9695181414,-0.41563991,-0.262821632,1.0573872431,-2496.332558,0.0288563477,13.904188166,-0.049232493,-0.104619175,-0.189847411,0.0345918842,0.5011909808,0.0059381012,0.0,0.0034246575,5.3616642908,0.2535581589,7.0,14.739443183,-0.128097133,2.7071180556,0,-0.111549313,0.0264550429,0.0329194332,0.0318070905,0.525667302,11.098342576,1.2089907e-09,9.0678785e-09,1.2281567948,1.5083691127,0.2147563787,0.0690228351
11731,0.4212402982,0.0343432096,2.2424188274,0.0165746944,0.4260874586,0.6157843487,0.0927450009,-0.117906774,0.2999585222,0.0028959048,-0.166970598,-0.03881901,-1.025451659,0.0695605109,0.0388190104,28,-0.004976796,-0.024390244,-0.015934482,0.0165332487,0.022352222,0.1594632422,0.0562371855,0.0115520941,-0.063252232,0.546977169,0,2.5089150372,-0.238860702,1.923990447,-0.255712998,4.1453654576,4.7103079558,0.1842982962,0.0,0.0,0,,0,1.0,0.6183940018,7.0,-2.197041404,-0.005071986,-0.104376921,9.2021463609,-0.34841303,0.1539410728,-1.022936781,-128.7999102,0.4540382957,13.965864602,0.0049292184,0.0094367368,0.0197866451,-0.001170407,0.1761062255,-0.022820091,1.0,0.0034952814,0.7688240203,0.1935041766,5.0,13.679980934,0.1140272769,0.9826967593,0,-0.102424876,0.04183672,0.0165290929,0.0258809408,0.3602773776,1.6352073431,2.3639905e-09,2.2317306e-08,1.2676460536,1.6069265173,-0.030270774,0.0289846775
13564,1.2662446089,-0.289308962,-6.494291092,0.0,0.9239135288,2.6320418605,-0.086357254,-0.107034606,-0.001303636,0.005928268,0.0052755837,-0.203380763,-1.654351852,0.1893098553,0.2033807627,3,0.0035363309,-0.050934881,0.2557779889,0.2264496618,-1.290010354,0.3746874399,0.1541807829,0.0134601296,-0.176057034,0.1853267229,0,1.2199151189,-0.092687169,1.1625975448,-0.105633962,18.492158093,11.946864994,-0.238453078,0.0,0.0,1,0.4180397127,1,0.0,-0.018871761,4.0,-355.6597549,0.2403376479,-0.231311868,-1.093170918,-1.928071821,0.2766021907,0.0519415616,-2924.613518,0.2277833408,11.77787036,-0.001055407,-0.013903559,-0.025798508,0.0982117035,0.0935311535,0.1284526372,0.0,-0.024034084,0.1672890549,0.0534139834,2.0,8.9043245928,0.4607888279,0.0500014629,0,-0.166303822,0.1748791635,0.0554906898,0.061723259,0.8657039342,0.2244117312,1.4893679e-06,1.000000341,1.0712525874,1.147582106,-2.254586928,0.0916257386
11825,0.586353644,-0.023289382,1.6676396327,0.0,0.1405507132,0.7280163586,-0.043191679,0.0412114414,0.4995176669,0.0226258273,0.4721128609,-0.050864409,-1.556153329,0.0129524671,0.0508644092,28,0.0071658589,0.1736111111,0.3955506185,0.1847917035,0.0318485738,0.4273474983,-0.491975684,0.0551878856,-0.027053718,0.5187060243,0,3.7294145645,-0.359514356,2.3423369824,-0.37259244,4.4455814843,5.8505978603,-0.03185136,0.0,0.0,0,,0,1.0,0.5786532914,5.0,-9.881636974,0.3434257836,0.0910489595,0.5589955008,-0.227737276,0.1809489431,0.0861457096,-3050.256063,0.0318276958,11.686491259,0.0002516356,-0.011480133,-0.014086051,-0.04043261,0.1901898011,-0.00473307,2.0,-0.001551484,0.8828003078,-0.179627779,4.0,9.9821263439,1.3574927177,1.0742598603,0,-0.095378135,0.1822033525,0.0640451241,0.0570324384,1.7296965337,10.995057866,3.1079824e-07,9.3442369e-09,1.1672231239,1.362409821,-0.177963613,0.059640496
11803,0.3007510921,0.0249629435,2.3410058484,0.0,0.0821523947,0.2506868515,0.262342611,0.245731923,0.7555862779,0.0393171914,0.1608713867,-0.102478203,-1.416864608,0.0603320546,0.102478203,28,0.0,0.7346938776,0.3246475196,-0.007670585,0.0203418927,0.6205128205,0.7034460232,0.0038581487,0.2711135244,0.7745465338,0,4.2421663965,-0.048667841,4.2421663965,-0.048667841,0.9510009747,6.4432308865,0.4046788161,0.0,0.0,0,1.0,0,0.0,0.9815804862,7.0,-1.19598859,0.0546201302,0.421662116,0.4147952616,-1.237441483,-1.684658342,0.1477388806,-4658.340781,0.0278203388,12.381667475,0.0010288397,0.025849935,0.0339085357,0.0229469338,0.6884323543,0.0018139295,6.0,0.0188087774,6.603775637,0.1871553604,5.0,13.621998155,1.2955413291,3.7156604066,0,-0.111549313,0.169599995,0.0514708042,0.057406237,0.5890221481,17.074860112,9.3231334e-09,5.2980164e-09,1.1377292757,1.2944279048,-0.617622078,0.0784072917
75261,1.7399415661,0.2831439033,-5.694289893,0.0,7.087621561,3.9630372031,0.0438283897,-0.024342584,0.2389019095,0.0093473099,-0.13743575,0.0900437973,0.6192745833,0.4947747659,0.0900437973,27,-0.002725682,-0.124293785,-0.077026365,-0.094406741,-0.01887993,0.2477204023,0.0236252086,-0.035291781,1.0940695382,0.2261044639,0,1.1998876481,-0.114539109,1.1464766733,-0.081519735,5.1912832053,6.322490281,0.215058159,0.0,0.0,1,0.5519451178,0,0.0,2.0692594411,4.0,0.2724292786,0.0042271116,-0.123089632,0.9540719523,-0.290821623,1.2476038802,0.3405221228,-1845.066226,0.0943163074,11.013174305,-0.000273796,-0.000578253,-0.005690711,-0.261072405,0.0100480214,-0.000569598,1.0,0.618556701,0.7960997441,-0.047266738,1.0,10.825807029,-0.201438829,0.8045913411,0,-0.075760491,0.1724138409,0.0593247006,0.0771620889,0.6331983147,2.9240354393,1.610892e-07,2.429006e-08,2.4860462181,6.1804257987,0.0848306292,0.0733167326
37217,0.0313886501,0.0407758052,18.368720125,0.0370915992,0.5507158995,0.4242556684,0.1229393961,-0.036207326,0.4203457287,0.0066819795,-0.031722635,-0.06446759,-0.942721584,0.0792160368,0.0644675899,28,0.0016363765,0.0,-0.024170977,0.0419540124,-0.015703736,0.265533677,-0.107757231,0.0030472884,-0.086420761,0.3216526942,0,1.6042657106,0.3206632563,1.4215052087,0.3344474872,9.8807627008,4.6684561274,0.1345208368,0.0,0.0,1,1.0,0,0.0,7.0684064848,6.0,0.8626136646,-0.460614782,-0.175909315,-0.298473337,-0.283315346,0.1053427745,0.165512937,-1940.356873,0.0767661838,12.715533427,-0.007438154,0.0123225391,0.2218376882,-0.005136579,0.0733625877,-0.007471756,0.0,-0.002162747,2.7506721965,-0.199496987,6.0,12.890871693,-0.348291117,0.9231570179,0,-0.045482084,0.0381655209,0.0179073827,0.0311319955,0.4341049522,1.717662882,1.3125578e-08,2.9253713e-08,0.9836983491,0.9676624421,-0.026504073,0.0420616686
75272,0.4505854483,0.0452972542,-0.042952348,0.012654471,0.5700263985,1.1832505594,0.0643973906,0.0485471193,0.4849118262,0.0295346893,0.1322479292,0.049897245,1.1022222222,-0.004630386,0.049897245,28,0.0152910912,0.1176470588,0.0848825251,-0.291008125,-0.015198151,0.2426666667,-0.159846491,0.0308829158,-0.038598429,0.5596314858,0,3.336245064,-0.198381546,2.5237525428,-0.202544006,5.1120775348,4.3481293595,0.1185264568,0.0,0.0,1,1.0,0,0.0,1.0060751105,4.0,45.104489375,-0.11902454,-0.002311872,8.7442750929,-0.251391165,-1.004143079,0.2712970499,-5174.280296,0.0587429544,10.751378945,0.0057997468,0.0106006024,0.020523668,0.0136898368,0.225965858,-0.020480002,1.0,0.0085992883,1.3320244328,0.0150522041,4.0,9.1776260653,-0.044127466,0.1416943259,0,-0.101630079,0.081072025,0.0345588716,0.05419792,1.7359157274,0.3478840641,9.5635453e-06,1.0000002585,0.7335959828,0.538163066,2.8223223692,0.0797114362
88197,0.9028552666,0.0713967688,-30.09452422,0.0284544345,6.8406500665,0.3452212431,0.0271250083,0.0112274644,0.0395488913,-0.07125802,0.0172582399,-0.003081557,-0.332362218,0.0951263573,0.0030815574,27,-0.000402767,-0.016574586,-0.042510657,-0.070185339,0.0356715598,0.1142075947,-0.089445315,-0.000404674,-0.032242351,0.5748475873,0,1.0039979036,-0.035177211,1.001787768,-0.03459742,1.6459774229,0.0590564879,0.0122473841,0.0,0.0,0,,0,0.0,0.3246172063,4.0,-0.008492289,-0.001310557,-0.06032462,-0.017367634,-0.755392145,,0.0155887161,-3286.982182,0.0286434127,14.702079666,-0.000178325,0.0019723621,0.0169156027,-0.000327209,0.0339020069,-0.009800323,0.0,0.0016528926,0.9093895204,0.0446367245,6.0,14.919366324,-0.061282331,1.3339924442,0,0.0654744878,0.0360090397,0.0140403839,0.0189653166,0.2711563521,1.8226365469,9.014488e-10,1.8223161e-08,1.0167108643,1.0337009816,-0.013318938,0.0206284217
85789,0.7412465791,0.0538837852,-30.95401805,0.0110873676,5.4092905015,0.3320270381,0.0311385068,0.0227660843,0.0526340793,0.0107421875,0.0176881151,-0.001925854,-0.217379015,0.0655969893,0.0019258538,24,0.0027369753,-0.04619226,-0.007135237,-0.094100963,0.0360813221,0.1040030432,0.1105917216,0.001976326,0.06141508,0.5597189642,0,0.9207464334,0.0472795379,0.9047973272,0.0444580559,2.0137242827,0.0751688549,0.0127783755,0.0,0.0,0,,0,0.0,0.4532379901,7.0,0.0200618115,0.0012696801,-0.089942294,-0.178976322,-1.093904068,,-0.013940652,-3331.782772,0.0286434127,14.612284191,0.0002919316,0.0025187513,0.0204398773,-0.000915983,0.0198000003,0.0093824806,0.0,-0.000420698,-0.225270746,0.0237545619,5.0,14.916556465,-0.086476736,1.463011987,0,0.0654744878,0.0481870361,0.0173073851,0.0215581062,0.3785393674,2.0648234791,1.1149478e-09,1.7047072e-08,1.1969768266,1.4327535234,-0.020074328,0.0267009195
11618,0.1361062743,0.0351171253,102.29510271,0.0210767422,0.0315450069,0.2653243616,0.3496840871,0.136487226,0.9490746629,-0.002985638,0.4645464834,-0.002363984,-0.010608115,0.0354896518,0.0023639841,28,0.038402791,0.0659836777,0.1224858739,0.0072495049,-0.017958941,0.0951342407,-0.029479872,0.1247663533,0.0803972704,0.5633614816,0,4.2180693907,-0.281749358,1.9023186174,-0.269311349,32.608187186,8.0798373431,1.5176526028,0.0,0.0,0,,0,0.0,1.1108266105,3.0,-0.147452204,0.0157815077,-0.103793265,-0.447492735,-0.305662323,0.4538647288,-0.223786773,11860.799568,0.0457306398,16.419446565,0.0012793959,0.0550172274,0.0773782529,0.0013613432,0.044794626,-0.017559472,0.0,0.0001365747,0.9940170616,-0.028891962,6.0,17.191221297,0.2798197969,2.3168076118,0,-0.034541484,0.0206540246,0.0130873701,0.0206380232,0.443408568,5.223637323,5.377452e-11,9.1254691e-09,1.0176755729,1.0356635717,0.0201758695,0.0259945473
82107,0.4172699654,0.0480547098,-9.909000462,0.0315058423,3.5729396977,0.1521338927,0.0310780839,0.0389244603,0.0383226516,-0.028857035,0.0476287725,-0.004384394,-0.357237081,0.065221634,0.0043843943,38,-0.001405677,-0.061269147,-0.091818152,-0.020970498,0.0264852478,,,-0.00132204,-0.030079162,0.3172868436,0,0.4727350443,-0.137211336,0.4712694844,-0.134834843,0.5041435158,0.1150499909,,0.0,0.0,0,,0,0.0,0.342126299,5.0,-0.014225546,-0.002778305,-0.105019181,-0.502952935,0.4692881271,,-0.014316007,-4236.462922,0.0286434127,14.032405726,-1.2215e-05,0.0029529558,0.0282808401,-0.001464894,0.053702417,0.0236876384,2.0,0.0,0.4164378738,-0.044570799,5.0,14.527062125,0.0795105371,1.6558680106,0,0.0654744878,0.0306647811,0.0150690743,0.0234195989,0.3976905291,2.5495688452,1.7544935e-09,1.6448492e-08,0.9521723857,0.9066322521,-0.036272816,0.0250295671
11896,0.2325423356,0.0209223316,4.070656099,0.0322823824,0.1968330808,0.2342527761,0.2061619397,-0.040229089,0.3530113142,0.001342985,-0.018901082,-0.112964533,-2.366883779,0.0704430588,0.1129645326,28,-0.000189483,-0.063776668,-0.059828509,-0.00241677,0.0146017526,0.2273220266,0.2462628517,-0.050378403,-0.057570421,0.6070482489,0,6.056159425,0.156943882,5.3033115244,0.1761843928,1.4186317238,8.2729554877,0.2319768854,0.0,0.0,0,0.0,0,0.0,0.6266620465,5.0,45.035494424,-0.032446604,-0.183735599,8.5262319802,-1.438702848,0.5788105356,0.3463704946,4638.704609,0.0587429544,16.133531261,-0.001051073,-0.017061601,-0.031503218,-0.001871389,0.4077765492,-0.383057493,0.0,0.0002994012,1.230331447,-0.040550654,6.0,16.46136828,-0.383253213,1.5527300013,0,-0.101630079,0.0266850423,0.0144584782,0.021999342,0.3412978518,2.5720541938,1.445744e-10,1.2917427e-08,0.9137057708,0.8348582356,-0.106497143,0.0329051448
12448,0.5396376435,0.0675779608,-44.30859433,0.0180433708,6.0465382063,0.2499609981,0.0260441741,0.148187071,0.0378182025,0.0414331767,0.1481355643,-0.000206862,-0.019213316,0.0688763575,0.000206862,27,0.0046313263,0.0494137353,0.1255936135,0.014699774,-0.013077582,0.3708140468,-0.029925943,0.0049545075,0.1890890812,0.5778116516,0,1.0419810665,-0.037096705,1.0346705034,-0.042143005,2.2041774243,0.0479073085,0.0134543674,0.0,0.0,0,,0,0.0,0.486964772,4.0,-0.030708558,-0.000500742,0.0056637013,-0.380585257,-1.075478577,,-0.010661284,1708.0974584,0.0286434127,16.141770813,-0.000200724,0.0025385094,0.0256106951,0.0027627444,0.0324311127,-0.004695693,3.0,0.0001593118,0.2589619629,-0.012360299,4.0,16.389923837,-0.044104844,1.4843169842,0,0.0654744878,0.035259217,0.0142347782,0.020724915,0.3423224122,2.5327069641,1.767965e-10,1.7138221e-08,1.0650161659,1.1342594337,-0.00793275,0.0237397476
84769,0.1743577433,0.0425249624,9.2661039786,0.0084318287,0.2452246847,0.3205714098,0.1818278071,0.1392620137,0.3018630914,0.9587436633,0.243660195,-0.026040111,-0.242278945,0.0528278655,0.0260401115,24,0.0110581046,0.1393258427,0.1583712721,0.0358073069,0.0146150772,0.2845776198,0.1101554726,0.0286764262,0.0167479802,0.4159034012,0,3.3512815608,0.7086429066,2.5234315226,0.7177797724,4.0203820698,4.7570525941,0.2378184468,0.0,0.0,0,0.0,0,0.0,0.6230090551,6.0,3.0971155436,-0.019775049,-0.027914688,0.9895122016,-0.414358978,-1.071238762,0.1444766723,11555.739643,0.0446872923,16.658824645,0.001077386,0.0282900107,0.0667188672,0.0064216746,0.2134364647,-0.004746257,1.0,9.81162e-05,1.2250885157,-0.016859143,6.0,16.654218978,0.0509156176,0.9754173338,0,-0.101630079,0.0132120876,0.0076658199,0.0140424208,0.2730223887,1.0778853473,8.890694e-11,2.4516013e-08,1.0895497926,1.1871187506,0.0506488765,0.0203780379
10180,0.0956166759,0.008862722,41.725085955,0.0,0.3758275735,0.1466270208,0.0814504255,2.3874659401,0.7708572156,0.1570483281,5.2346570397,0.0042160066,0.137525106,0.0076438752,0.0042160066,27,0.0644185289,0.6976534296,0.8667216433,-1.52901361,0.0068676486,0.4071132501,1.3091499541,0.348840333,0.4864747483,0.2016429222,0,3.6844855216,0.3363831653,2.705765289,0.4681378805,7.6086365269,2.6870639192,0.1115822139,0.0,0.0,1,0.9259359289,1,0.0,1.0994849719,4.0,47.515430675,-0.315147714,0.4890301896,-8.724786,1.88861408,2.3472488179,-8.749708109,-1502.558957,0.0248274717,14.927176358,0.0202868439,0.0236922746,0.0894996884,0.0379601153,0.1523376134,-0.066398979,1.0,0.0177299904,1.2864886236,0.2535581589,5.0,16.399698275,0.3095867104,3.0916068672,0,-0.25352422,0.0772216991,0.0332449682,0.048996391,0.4482017949,6.1835893278,6.815892e-10,8.4381608e-09,1.0659454069,1.1362396104,-0.012404467,0.0702272007
11884,0.4493197932,0.0346176107,0.8769940062,0.0174699214,0.1244027754,0.5871457718,0.2342151794,-0.089678914,0.4475557858,0.0036937433,-0.178085811,-0.011315156,-0.243817095,0.043057976,0.0113151564,27,-0.023681895,0.0067567568,-0.114124196,-0.15703685,-0.011463864,1.1065636225,0.0402295656,-0.024068681,-0.06175177,0.673910254,0,4.6952850581,0.1271289598,3.7078492299,0.1460025305,1.7812301545,5.3918786112,0.3377799765,0.0,0.0,0,,0,0.0,0.7262205589,4.0,47.609181001,-0.033840792,-0.201866483,-8.371082883,0.0072690068,1.4761177142,-8.714294008,-4697.047307,0.0248274717,13.764846461,0.0044307909,0.0208190282,0.0389009257,0.0061593737,0.3090330593,0.0034978298,1.0,0.002821443,-0.192791412,0.0234039305,5.0,13.63204938,0.1965825393,0.6781727632,0,-0.25352422,0.0230991114,0.0121075613,0.0264154403,0.4000451109,1.0613183291,3.5189354e-09,3.6027787e-08,1.2845938754,1.6501814248,-0.083094147,0.0381119339
75182,0.0858839004,0.0452749048,59.42555,0.0126550234,0.1196756687,0.4467019432,0.3095372873,0.2310588981,0.8401590519,0.0104231748,0.0514060039,-0.040017307,-0.165718489,0.0527777936,0.0400173066,28,0.078574671,0.2962962963,0.1860120072,0.1399655424,-0.001385207,0.2295653082,0.1345336877,0.188384017,0.6080264374,0.4301792972,0,1.2888365205,0.1137139463,0.6239583456,0.0424668221,32.555581395,21.581696512,0.4966992683,0.0,0.0,1,0.1056256149,0,0.0,2.6229012052,5.0,3.759511354,-0.013937951,0.1888116665,-0.423968999,-2.813157791,0.7060251647,0.0116796272,-459.7370559,0.0588548821,15.660114296,0.0034413032,0.0711295709,0.1721296655,0.0195528255,0.0975138859,0.0042221442,2.0,0.0001668474,4.0742532962,-0.115982523,8.0,16.833140055,0.0545038725,3.5390451727,0,-0.156910843,0.0346597955,0.0186676055,0.0307380291,0.4313570555,8.8304481826,1.535422e-10,5.7301974e-09,0.9907329485,0.9815517753,-0.029074524,0.0321118418
13643,0.0691137293,-0.08477942,12.875602777,0.0,0.0069619306,0.0005214414,0.9227535636,0.6907310453,-0.732236272,0.1044352759,-0.607215241,-0.529527965,-0.690219118,-0.026263044,0.5786463093,3,0.0,1.6666666667,0.0739827374,-0.781605071,1.7910353077,0.0757006152,0.1940700809,0.0303687491,1.801871223,0.9627544275,0,16.129387835,-0.029274602,16.129387835,-0.029274602,0.00726669,0.6812671099,-6.203354137,0.0,0.0,0,,0,1.0,-1.367946509,1.0,-73.1715707,-0.033157237,1.4740690676,-8.751288947,2.1990591367,-0.42660587,-8.783615028,-2206.625957,0.0248274717,15.125854984,0.0,-0.067512894,-0.070399838,0.0,0.9706465461,-0.458129907,0.0,0.0045821777,0.9400680381,0.1380474456,4.0,16.597515869,0.3370950674,6.7381165312,0,-0.25352422,0.1329838634,0.0452314947,0.057543205,0.6442999624,28.805798801,2.77485e-10,3.2102926e-09,2.7057662231,7.3211708541,2.8223223692,0.1832419965
75241,0.3869036213,0.0469370318,9.6757560976,0.0005410609,0.2857252358,0.1950073607,0.0228172461,0.2142078754,0.2131330989,0.0446756598,0.1160560969,-0.097359221,-1.272814601,0.1066791712,0.0973592211,28,0.001533867,-0.030454437,0.2394261901,0.1829973758,2.2489026118,0.0953229777,0.0047913733,0.2101886895,0.2998395537,0.5219554469,0,1.4930379747,0.0798536307,1.3405063291,0.1110289769,4.2195121951,9.3412526998,0.3602154968,0.0,0.0,0,0.0,0,0.0,0.3683964333,8.0,1.1215216626,-0.030138089,-0.217935197,1.5235956508,-1.863748809,-0.456297366,-0.255936925,19678.51663,0.0279332649,17.117506886,0.0089662447,0.046279103,0.078062884,-0.015739937,0.0388239225,-0.211623291,1.0,0.0003288392,0.1963570368,0.070431944,6.0,18.248935646,0.4175282061,3.5069771802,0,-0.500704589,0.077263847,0.0252296307,0.0369963167,0.3361777509,4.8626192321,5.459629e-11,6.8352023e-09,1.3098001189,1.7155763516,-0.129823719,0.0414718288
75320,0.9859908297,-0.012783875,-9.392059117,0.0,0.9476275599,1.1623934906,-0.078941806,0.0064477013,0.2994499596,-0.001484472,0.0454414732,-0.033272156,-5.025553583,0.0514621728,0.0332721564,27,0.0044661028,-0.014925373,-0.006657334,0.0438664516,-0.098255435,0.2173258212,-0.007152845,-0.035665904,-0.02630775,0.3415028115,0,1.4928042442,0.0719590154,1.1811344227,0.0218594152,18.404291935,6.989300809,0.1771917983,0.0,1.0,1,0.0018605354,0,0.0,0.5504074362,3.0,-0.222967202,-0.016539569,-0.054724251,5.3948365042,-0.547313225,1.9232603552,0.7738801797,-11480.82851,0.0314049921,14.599543987,0.0067272647,0.0096403931,0.018237286,0.0229335476,0.0860093647,0.0250596858,1.0,0.0239909681,0.7834068559,0.1258921055,4.0,13.695010858,-0.056531051,0.3708114419,0,-0.107492679,0.0105584413,0.0094231913,0.0223915481,0.4108947027,0.7867998635,1.8676362e-09,5.8844441e-08,1.1283830974,1.2732484145,-0.075558617,0.0354703628
75285,0.5526657243,0.0802989683,-2.050200872,0.0145161605,0.7961353511,3.8990444789,0.1109465858,-0.014516417,0.4901005721,-0.015638389,-0.030772045,0.0167786162,0.2839101964,0.0575012724,0.0167786162,27,0.0,0.04,0.0252981408,0.058819261,0.0067735148,0.5620389001,-0.010620812,-0.009974891,0.0098826436,0.5200328576,0,1.4917318634,-0.001452957,1.4917318634,-0.001452957,29.695080092,5.0218406095,0.1187424538,0.0,0.0,0,0.0,0,0.0,1.2134033354,6.0,-10.1199561,0.1390042849,-2.401466149,4.3306884936,-0.66257386,0.4015176035,1.0520735504,1090.6779916,0.0288563477,15.531224047,0.0001490374,0.0175180624,0.0433519944,-0.073585262,0.087649777,0.0013930124,2.0,0.0008548052,0.7362996495,-0.040927785,2.0,16.107619626,-0.239027074,1.9944330214,0,-0.111549313,0.025164362,0.0218530381,0.0247572458,0.4208830964,5.9708394564,2.191514e-10,9.5167029e-09,1.3482797113,1.8178581799,-0.02826719,0.0255833927
10901,0.9327846365,0.0654272844,-1.567920491,0.0044074759,0.4100647763,0.8348369607,0.0813554415,0.0516871475,0.0764234809,-0.006872852,0.0129985427,-0.000181185,-0.003627319,0.0656646101,0.0001811852,29,0.0,0.1287553648,-0.024815448,0.0306403453,-0.329355893,0.1653543307,-0.033347521,0.0053158157,0.0741984351,0.209873636,0,2.2519271773,-0.082232089,2.2519271773,-0.082232089,3.8178801786,13.768619996,0.1756120292,0.0,0.0,0,,0,0.0,0.1123752557,3.0,-0.052053888,-0.022662902,0.0649617359,0.0815927236,1.4185445738,0.1065302013,-0.032819188,-9513.273978,0.0331128264,12.120827405,0.0047929615,0.0224325674,0.0321568964,0.0358779508,0.2069455827,0.0224615625,2.0,0.0135210882,0.6515037528,0.0655573707,5.0,10.048962705,0.2393885471,0.1634731573,0,0.048781298,0.0518157706,0.0194475651,0.0216768374,0.7410485731,0.7901580511,1.3457087e-07,1.2361249e-07,0.7281978194,0.5302720641,-0.052706295,0.026219296
75316,0.2946206892,0.0395408029,0.8109015146,0.1112879162,0.7574775168,0.3148806722,0.1092056738,0.0833835025,0.1602939784,-0.002025111,0.2866220684,0.0243946701,0.6242200433,0.0148586412,0.0243946701,27,0.0082914674,-0.017121116,0.0988370322,0.0427988323,-0.047874821,0.0564654676,0.1022866955,0.0077392929,-0.22962948,0.5701210784,0,1.4270305141,-0.173356495,1.2751057055,-0.181637416,1.2908998082,0.8980545485,0.0690045015,0.0,0.0,1,0.5973154362,0,0.0,0.3762154201,3.0,-10.15304409,0.1004550745,-2.458587265,4.0726434584,-1.351580718,0.5668040742,1.0094309191,-1255.346998,0.0288563477,14.325329979,0.0024748807,-0.005703232,-0.018908777,0.0204899756,0.2411958405,0.0011812866,0.0,-0.000625391,1.4084051755,-0.080547798,3.0,15.686150458,-0.026480363,4.3304585432,0,-0.111549313,0.0639756396,0.0204248587,0.029017829,0.2673913646,3.8850113584,5.767212e-10,7.0460293e-09,1.5064601155,2.2694220796,-0.008162583,0.0331997411
11891,0.3894693404,-0.014268424,-1.43474078,0.0,1.8159328344,0.9598394831,0.0595838725,0.0226856301,0.1422159973,0.0018986012,0.0460485423,-0.048355077,-8.519753391,0.10729503,0.0483550773,27,-0.00014754,0.0044247788,0.0277604847,0.0281639938,0.0179566155,0.056487389,-0.06509791,0.0284417747,-0.033149626,0.3900669973,1,0.8882707219,-0.276390828,0.8577503906,-0.272381706,4.4147295087,20.6589566,0.0356962442,0.0,0.0,1,0.2557046046,1,0.0,0.677580646,6.0,3.6963528406,-0.327390802,-0.066301325,-0.933876808,-0.046311471,0.4203911707,0.0275087876,8306.9261206,0.0889184991,16.303542882,-0.001049218,0.0024466302,0.0113971528,-0.019650226,0.0677577577,0.0222641029,0.0,0.0048780488,1.0574753748,0.1040588785,2.0,17.317346961,-0.177954642,2.9047669603,0,-0.017965162,0.0332256258,0.0166218214,0.0267690937,0.3736712863,4.222208068,9.685378e-11,8.7469036e-09,1.5538885733,2.4145696981,-0.037689755,0.0369721299
13567,0.5886368288,0.0596904766,-4.84724359,0.0217789577,1.5743363216,0.7207221741,0.0646130729,0.0167788416,0.2960470187,-0.047435802,0.0520145533,-0.123055229,-4.422297297,0.3236595102,0.1230552291,4,0.0,-0.022857143,0.0487089202,0.0388079301,-0.004576523,0.4035906643,-0.012532532,0.0460707176,-0.066815857,0.1568596867,0,0.6063829787,0.0496800707,0.490881459,0.0436758947,45.820512821,35.039215686,0.1864985553,0.0,0.0,0,,0,0.0,0.9315856777,5.0,-1.578292939,-0.069992975,-0.335888904,0.7026809984,-0.69731969,-1.631489293,0.4110663362,199.38422881,0.0278203388,15.736897848,0.0008531614,0.007569386,0.0264360313,0.0032265123,0.0072720492,-0.000612613,2.0,0.0006688963,1.7048799822,-0.004312661,7.0,18.061989936,0.6704712824,5.5665998172,0,-0.157064918,0.0119426446,0.0047803849,0.0069751891,0.3431467794,6.0517687952,3.59024e-11,5.4454155e-09,1.8306686159,3.3513475812,0.0533882473,0.047925748
11955,0.2492763206,0.055158654,8.0069769243,0.0294491119,0.6596516066,0.5947615723,0.1322079474,-0.052692121,0.2250586205,-0.012454773,-0.064935847,-0.046938544,-0.795839753,0.0990561035,0.0469385437,27,-0.003271612,-0.067915691,0.0009297004,-0.069236046,0.0242617547,0.1299615276,0.1265766131,-0.111224174,0.0278605222,0.3947053988,0,1.0447632712,0.260070628,1.0143472023,0.3172091632,10.708492731,7.2256066082,0.1670402192,0.0,0.0,0,,0,0.0,0.8060276853,8.0,-0.670675201,-0.063709723,-0.3269909,8.9694950335,-11.62487036,0.5350155516,0.0080456145,15789.889241,0.0257826007,17.078141545,0.0011705911,0.0162795218,0.0621982919,-0.010882067,0.0055386727,0.0158306379,2.0,0.0008030516,0.1385760811,0.0265893587,4.0,17.251823218,0.0062292467,1.1967525169,0,0.080304809,0.0338652432,0.0090273052,0.0114515558,0.4431720967,2.9052105507,3.058962e-11,1.6034005e-08,0.5525065054,0.3052634385,0.0944429043,0.0169881823
84176,0.4068545648,0.0082654256,2.6449582196,0.0,0.4025542512,0.6822316351,0.0542616409,0.0689358575,0.0930733959,0.0172770757,0.2256371402,-0.091578154,-8.692753348,0.0801147315,0.0915781538,27,-0.000360205,0.0,0.0638987062,0.089387685,0.2891717003,0.142899161,0.0585254903,0.0133139433,-0.050381752,0.43574718,0,2.4428785919,-0.312677229,2.3969213159,-0.314451087,5.2585058299,6.3636749727,0.1280059623,0.0,0.0,1,1.0,0,0.0,0.1491957279,6.0,-0.163539181,0.0342598927,-0.039798878,4.8157002393,-0.4639837,-2.637752498,0.8025327384,-13555.87431,0.0314049921,13.903997331,-0.007005007,-0.014389069,-0.026428008,0.0449161728,0.0522694162,0.1068658433,0.0,0.0039615167,-0.06991181,-0.038158339,2.0,14.296735329,-0.259064234,1.3770027883,0,-0.107492679,0.0280373897,0.0178576953,0.03299749,0.2705351592,2.0929209798,1.6708596e-09,1.2085762e-08,1.3056184214,1.7046394623,-0.00096311,0.0442088055
13969,0.3493483547,0.0392780408,0.775940903,0.0300816325,0.3836004514,0.5714605344,0.2417761448,-0.010235587,0.1794057204,0.0325667952,-0.112781097,-0.155431263,-3.261989529,0.1674025987,0.1554312629,2,0.0,0.0430107527,0.1568833158,0.1230039413,-0.234328691,0.8360237893,-0.177307866,0.009798763,0.0314010248,0.3873982407,0,12.074445457,1.1970214145,12.074445457,1.1970214145,2.2120613895,8.338974913,0.1359530626,0.0,0.0,1,0.0837339744,0,0.0,0.4296087622,6.0,1.2156014239,,-0.04484982,-0.085195246,0.3503466358,-0.575790772,0.1393980645,-6937.575814,0.0558672041,11.558712263,-0.00032122,0.0137571847,0.0295388728,0.0249709111,0.2615796598,-0.018297546,0.0,0.0009250694,-0.415725339,0.041901689,5.0,10.897772477,0.4717653755,0.4710181033,0,-0.168614603,0.0313972197,0.0157571142,0.0380671751,0.618061643,2.4975547561,4.4265537e-08,3.1965216e-08,0.9554360792,0.9128581014,-0.079174063,0.0392844942
11752,0.6275217936,0.0567848433,1.495298847,0.0,0.2832425401,0.638607641,0.0914169107,-0.012838573,0.302894976,-0.003889151,-0.170831202,-0.059519551,-0.960833649,0.1113456315,0.0595195508,28,-0.001394307,0.2492642731,0.0859115331,0.0562969108,0.0653823743,0.2604508076,0.0248659326,0.0254038059,0.0800511967,0.4472327881,0,3.686280146,-0.015509376,2.5049584639,-0.004489478,4.2731319903,5.2706575171,0.3279988319,0.0,0.0,0,0.0,0,0.0,0.4752556504,7.0,-0.749233136,0.0079858108,0.1407373374,0.9282399146,-0.025929882,-0.073454796,1.0453643022,-1950.074256,0.0352290716,14.066794844,0.0006722626,0.0162677997,0.0236105453,0.0034340824,0.1583896343,-0.008211752,2.0,0.0024875622,0.5953236998,0.0487077944,5.0,14.032414232,0.1332162593,1.1401384364,0,-0.095378135,0.0708004981,0.0307951523,0.0339858997,0.6775309491,4.3180180255,2.161009e-09,1.7629984e-08,0.9460637061,0.895036536,0.2061916135,0.0389189693
81774,0.7534493784,-0.053891387,-34.55163793,0.0538089839,1.4655325853,0.8832748823,0.0019665499,-0.073700629,0.092606305,0.0009633911,-0.052123861,-0.11350476,-5.305045872,0.2320048914,0.11350476,27,0.0056106258,-0.030470914,0.0247120119,0.0243216918,-0.384337243,0.0893084802,0.4296897237,0.086587998,-0.126445018,0.5029050429,0,1.7488399072,-0.16293493,0.7122969838,-0.313727593,46.202586207,8.3644166992,0.0753803218,0.0,0.0,0,,0,0.0,0.2394191268,4.0,74.77710871,-0.077067532,-0.094820336,-0.092646271,-0.91406624,0.7418959833,0.4064050308,23526.311547,0.1121772916,16.679330927,-0.010910341,-0.071082062,-0.278087649,-0.209844367,0.006708612,-0.340295427,0.0,-0.018575851,-0.391920124,-0.008683627,5.0,18.602370354,0.6745761724,8.8888496672,0,-0.172615822,0.105845198,0.0518957327,0.0645507809,0.3701215997,10.820761182,7.843177e-11,2.5167445e-09,2.8449454111,8.0937143923,-0.01952499,0.0635173506
12149,0.6772953265,0.0561816374,0.6813626059,0.0004640371,0.1788200199,0.5015578389,0.0346171481,-0.131198828,0.2424116355,-0.113314681,-0.147978522,-0.063027605,-1.043952802,0.1148326152,0.0630276046,27,0.0110062333,0.1038961039,0.0355163211,0.3823114304,-0.173257531,0.1527490223,1.1983227085,0.0305531518,-0.128205128,0.560671104,0,4.4361129792,-0.13320497,3.8979488904,-0.171994867,1.8055124687,5.7220646625,0.4589409056,0.0,0.0,1,1.0,0,0.0,0.3082256069,4.0,47.502426323,-0.092839595,-0.104727136,-8.143107349,3.2722159285,0.1338661062,-8.642519369,-5487.025957,0.0248274717,11.203030088,0.0021034213,0.0067857867,0.0088427528,0.0130454193,0.3132372215,0.0186652537,1.0,0.0118845501,0.5883320609,-0.042332198,5.0,10.30418701,-0.834932359,0.3951680089,0,-0.25352422,0.0568512902,0.0275850115,0.0434807312,0.4868621296,0.7723564571,1.5655416e-07,5.9755113e-08,1.3088248197,1.7130224086,0.1203607289,0.071448739
12248,0.9028929427,0.0360679456,-3.74424696,0.0088947125,0.3699040235,0.3903436635,0.0251689782,0.0312793676,0.1068842249,0.0020618557,0.0234453676,-0.039533544,-1.374329864,0.0856372004,0.0395335441,27,-0.002186229,-0.021276596,0.0300138064,0.1557340787,0.0745277532,0.0351176686,-0.026713369,0.0149256482,0.0345366871,0.5648742909,0,2.2870433018,0.2318698507,2.1065629229,0.2959413939,5.3504833177,6.8540043938,0.2061371448,0.0,0.0,0,,0,0.0,0.1511924932,6.0,0.0323607444,-0.000657749,-0.040338029,0.4400182123,0.206563867,-0.327430612,0.0058246366,-14745.9961,0.198460221,11.256346609,-0.00226691,0.0041302692,0.0058296871,0.0063872287,0.0394418605,0.2457759757,0.0,0.0001057926,-0.765727779,-0.006939476,1.0,8.2803562865,0.1376463571,0.0608987533,0,-0.223194636,0.0675764531,0.0289875298,0.0328109843,1.3295307958,0.42347554,1.5953423e-06,2.2710471e-07,0.2108232437,0.0444464401,0.805032219,0.0318207883
75573,0.3467427407,-0.075722967,-0.612571755,0.0,1.1172346297,3.4430420449,0.0420924996,-0.084659623,0.5446034506,0.0272613875,-0.025377869,-0.071224077,-1.440677966,0.0333694433,0.0712240765,27,-0.024299979,-0.125,0.4317737057,0.4835366465,0.0065872974,0.3260643821,1.0421927092,-0.05149124,-0.214251091,0.4947327586,0,1.458002074,-0.030873053,0.891807812,0.0084606914,15.028944911,12.734177215,-0.007560008,0.0,1.0,1,0.8466622604,0,0.0,1.9306834707,4.0,1.3926128926,0.3523277465,-0.305331042,0.0859109699,-1.049104214,0.0907297218,0.4007426007,-492.8743901,0.1116949983,14.991369866,0.0028023599,0.0066037736,0.0265319015,-0.290391751,0.1483201734,0.009185054,1.0,0.0,-0.316567183,-0.014361963,3.0,16.785631182,-0.054810602,3.6854313247,0,-0.152504436,0.0633803234,0.0301751413,0.0453598771,0.4834576455,11.274476526,3.311759e-10,4.8555123e-09,1.0291978201,1.0592481529,-0.014425253,0.057148352
84387,0.7195447612,0.0910368795,-4.833804455,0.0,0.3928079765,1.6555974096,0.1262272211,0.2120447689,0.3623830068,0.0327913649,0.400903178,-0.011106146,-0.123832261,0.1023101822,0.0111061461,25,0.0075220168,0.0219478738,0.2156392021,-0.390305149,0.0255005518,0.0807968385,-0.045945256,0.1166997869,0.1289586051,0.586842501,0,1.7407501832,-0.051745741,1.3699608018,0.030543289,75.780276817,4.5993752133,0.411077735,0.0,0.0,1,1.0,0,0.0,0.5188144941,7.0,-0.056676644,0.1267634571,0.0137544729,0.883996761,0.1353036359,-0.470006984,0.1254743449,-4027.02113,0.1879227517,11.411904149,0.0006716831,0.0187626047,0.0297157623,0.0318125861,0.0201130802,-0.07992786,0.0,-0.007588076,3.6865764612,-0.324730676,5.0,10.981145795,-0.330575747,0.6417510165,0,0.0081788241,0.0331186429,0.0190861787,0.033800797,0.4444229362,1.7062797543,5.687594e-08,2.8970769e-08,1.3505844153,1.824078263,-0.047266179,0.0549380997
17743,0.7064547314,0.0998720403,-11.5898389,0.0279336164,2.6307761343,1.0769760544,0.0397432303,0.0566809344,0.0483020559,-0.04147225,0.0562435045,-0.004067475,-0.132478224,0.1131029108,0.0040674747,28,0.0006718954,0.0378087484,0.1035286908,0.06767321,0.1547311053,0.1324910117,0.1835212878,0.0003333042,0.0585581067,0.1927459761,0,21.75013276,0.1478678422,21.690285329,0.1447093814,6.2193115389,1.740025837,0.0416459717,0.0,0.0,0,0.0,0,0.0,0.1993803094,7.0,-3.6596e-05,0.0605061605,-0.02598488,-0.144737182,0.6665300418,0.3769830705,0.014619113,-3163.596938,0.0331128264,15.742033993,-0.000609931,0.0070358849,0.0338961931,0.0084306648,0.0566326684,0.0029910683,3.0,0.0002648519,0.3543348085,0.024851508,6.0,15.453459009,-0.137421046,0.8176037019,0,0.048781298,0.0166726746,0.0110423878,0.0144144042,0.5023583509,2.3889284941,3.207546e-10,2.5151409e-08,0.6384020065,0.4075571219,0.1531800373,0.0161285122
23473,0.7747003355,0.0618770236,-8.599480909,0.0339439672,1.4355469475,0.5828226318,0.0438452388,0.0617710339,0.0459177896,0.0042944785,0.0507246377,-0.019113003,-0.662857143,0.1028926507,0.0191130029,28,0.0,0.0341100168,0.0913705584,0.0707616591,-0.083917142,0.1907216495,0.0824742268,0.0005661873,0.0828665568,0.1472711033,0,,,,,4.4954545455,2.2693896283,0.0472825172,0.0,0.0,1,0.5179233622,0,0.0,0.1248764415,5.0,-0.021863056,0.0476463887,-0.029683612,-0.076491577,1.2878262752,0.0476843021,0.0044088529,-1176.179678,0.0331128264,16.200350539,-0.000378911,0.0092121982,0.0267815915,-0.000226952,0.0263452616,0.0036425991,0.0,0.0072490706,0.2717846435,0.0295454938,5.0,16.297496095,-0.08936172,0.9803279021,0,0.048781298,0.0277519524,0.0109214604,0.0120153129,0.350103744,1.390362381,1.981767e-10,2.8619486e-08,0.6624327311,0.4388171233,0.1354811964,0.0158943625
59396,1.0278562104,0.1073171991,-8.790226359,0.0493234772,3.4220225072,1.4487167031,0.0405469511,0.027439762,0.0399893555,0.0018620758,0.0238804332,0.0352539339,1.4422748352,-0.047463697,0.0352539339,35,0.0,0.0126582278,0.0161684458,-0.030987649,-0.096557876,,,,0.0394701987,,0,,,,,3.9820721434,1.1461640486,0.0337522025,0.0,0.0,0,0.0,1,0.0,0.1676556291,1.0,-0.022125974,0.0386527447,-0.051135401,0.1766642975,,0.2451767431,-0.145947494,-5843.096068,0.0331128264,15.394001346,0.0013716533,0.0072871448,0.0319754152,0.0377840121,0.0951072842,,1.0,0.0063938619,1.0883528889,0.0731906584,2.0,16.045155917,-0.162202703,1.7163546625,0,0.048781298,0.0179776195,0.009509787,0.0155243683,0.5236789453,5.6792417152,2.280193e-10,1.1534849e-08,0.8213998654,0.6746977389,0.0520529837,0.0201935402
15099,0.0213026907,-0.077215169,58.324728941,0.0,0.1956349726,0.3294103644,-0.411530537,-0.179253255,0.7865316586,-0.81675762,-0.207374481,-0.054888697,-0.182928747,-0.063090295,0.0548886966,3,-0.062518682,0.0203562341,0.2573865744,0.6804634974,0.2077185372,0.1051290761,0.3344384058,-0.047348295,3.3337725082,0.4291411171,0,0.8635404835,-0.211071948,0.2776292254,-0.524885864,22.621073116,148.08907823,-0.303721258,0.0,0.0,1,0.7851667496,0,0.0,7.0684064848,4.0,1.3102529664,-0.112819558,-0.159974808,-0.23952908,-0.442509147,0.0907297218,0.3042828625,-4920.79899,0.1116949983,10.522726884,-0.004957325,-0.049116037,-0.240357914,0.2000073528,0.1153984715,0.0047637749,0.0,-0.02994012,0.811829546,-0.125986362,3.0,10.585270403,,0.8797618381,1,-0.152504436,0.2142857164,0.0749198263,0.1134625003,0.9222838924,3.6279307021,4.3930711e-07,2.1087203e-08,1.3320737472,1.7744204679,-0.109129718,0.1539675651
13874,-0.076596773,-0.157693857,5.2332313954,0.0,1.2936325082,2.702744742,-0.056252982,-0.055760049,0.6564741392,0.0059310886,0.0350812498,-0.163825932,-1.301693385,0.0475751935,0.1638259317,2,0.0029453129,0.0238095238,0.0277956046,0.3599884506,-0.034324947,0.191539722,0.0353446214,0.0866583935,-2.958156458,0.3751058513,0,1.3036698992,-0.244298371,0.7997718197,-0.35205949,21.933749519,148.08907823,-0.048311882,0.0,0.0,1,1.0,0,0.0,7.0684064848,4.0,-0.04157344,,-0.054876864,-0.825324332,-0.826066953,-1.218665359,0.1363988956,-6351.007165,0.1057354468,8.7714170843,-0.000863323,-0.034369843,0.3541580716,-0.3059433,0.0871163427,-0.000838118,1.0,0.019047619,1.1559652099,-0.187920243,2.0,9.2257905123,-0.032593668,1.405207776,0,-0.208549392,0.0672972649,0.1088135676,0.1321902001,0.8353764955,16.181107443,1.0808401e-06,1.1270561e-08,2.8774235849,8.2795664867,-0.07943023,0.1203582363
12226,0.3722850757,0.084455392,22.584027655,0.0032355244,0.2006025139,1.1179967573,-0.012345599,0.0612572607,0.2693204872,-0.004225352,-0.193500272,0.0504154805,0.3321224921,0.0564058568,0.0504154805,26,-0.003051986,0.0,-0.030504479,-0.199239234,0.2563225736,0.192936867,0.1285417008,0.0199102617,0.2789494969,0.5124220076,1,2.6748081176,0.2706882733,1.5547027449,0.4361518769,55.558057082,9.4798245614,0.5716100349,0.0,0.0,1,0.260756193,0,0.0,0.4881554921,6.0,24.490517846,-0.047511712,-0.086547193,0.1778888928,-0.177664325,-0.9484659,0.0597418364,-10677.17931,0.0457936334,12.996506554,0.0148280788,0.0378320995,0.0578713002,0.0105362608,0.0006652763,0.1277842003,0.0,0.0020338392,0.6526545684,0.0429653525,4.0,13.284217284,0.2952248934,1.1200535347,0,0.0957318355,0.057274282,0.0192017201,0.0335382632,0.3708930142,1.7355715766,7.386056e-09,2.2755503e-08,0.7703941951,0.5935072158,0.2519409828,0.0592185775
78664,0.3526979537,0.0031744829,7.5430520041,0.0,0.0608252966,0.1783111712,0.0326588569,0.3899546024,0.338518895,0.0804704606,0.3590610981,-0.030088885,-3.392111369,0.0139426825,0.0300888855,27,0.0163859951,0.5389048991,0.2731827035,-0.00171682,-0.026210841,0.6620705658,-0.016854351,0.0623242028,0.3862901894,0.3289504151,0,3.9106073769,-0.18013486,3.2597598508,-0.202890294,2.294626872,3.8805991415,0.3402672096,0.0,0.0,1,1.0,0,0.0,0.3971689151,4.0,7.0661622571,-0.067193148,0.4006992026,-0.012915453,1.6885241308,5.8541623052,0.0062516396,-785.2171389,0.0410566741,14.494312932,-0.003084668,-0.021133678,-0.025163038,-0.011876587,0.1062788009,-0.005409062,0.0,-0.006926407,1.6340748901,-0.00781275,5.0,16.627721321,1.3574927177,7.6401949234,0,-0.131569503,0.1012048349,0.0338287538,0.0492610561,0.4007416731,23.381296349,3.20733e-10,2.6163082e-09,2.2090284883,4.8798068623,-0.124836031,0.0659396784
87137,0.8603592826,0.0641904159,-10.65683108,0.015418482,0.9704855903,0.7815492698,0.1033028971,0.1809828113,0.2302399888,0.0073891626,0.0857091787,-0.09354749,-2.721841942,0.238906582,0.0935474902,27,,0.1186440678,0.8818890064,0.2496521643,0.5032281716,0.093894644,-0.077367551,,0.0507341822,,0,1.0948609941,-0.089781397,,,13.22027027,7.8863361548,0.2148948022,0.0,0.0,0,,0,0.0,0.4543636275,6.0,0.8534619444,0.1044856742,-0.068836692,1.9970513121,-1.116960064,0.3515413326,-0.123709515,22534.75663,0.0279332649,16.715236445,-0.045771947,-0.086366547,-0.228871631,-0.113815346,0.0520217752,-0.6138273,0.0,0.005392289,0.4355520552,0.1051622257,5.0,18.388539393,0.2193913215,6.4603613232,0,-0.500704589,0.0661467612,0.0324594116,0.0497490273,0.2580707311,4.5770042127,7.127041e-11,4.304847e-09,2.0073104095,4.0292950799,0.0551945702,0.0394225338
12062,0.3089827942,0.0560014198,7.7745517241,0.0,0.4889826628,0.6585644268,0.1380945988,0.0482206176,0.3388937539,-0.012835473,0.0018854372,-0.031932267,-0.445618153,0.080956669,0.0319322666,27,0.0004205303,0.0588235294,0.0350016356,-0.004503908,-0.038042305,0.2979020979,-0.069187526,0.012073099,0.1321398467,0.2273835903,0,1.733790843,-0.109315046,1.5909044351,-0.096612849,10.364827586,7.3698663724,0.1671749563,0.0,0.0,1,0.0146121445,0,0.0,0.9041464296,4.0,-355.6597549,0.006231749,-0.121553457,-2.050432732,-1.46342625,0.7090859823,-0.056411625,6091.7354822,0.2277833408,16.3645197,0.0020741724,0.0106946326,0.0324339057,0.0697356804,0.0494373297,-0.202957695,0.0,0.0,0.5880782795,0.0988858938,6.0,16.966106775,-0.005577471,2.1156054688,0,-0.166303822,0.027346652,0.0100181207,0.0172393673,0.4830115386,5.5800094351,5.963957e-11,9.5000957e-09,0.7418302883,0.5503121766,0.0457068117,0.0221813535
12190,1.60681032,-0.024718786,-9.086901016,0.0,0.5421623958,2.0850340512,0.039291522,-0.084649448,0.1912689815,0.0006640106,-0.136573581,-0.101389165,-9.222021661,0.203238393,0.1013891645,27,-0.01147053,-0.111111111,0.0154060103,-0.070541847,0.5066750544,0.1823812801,0.3748787093,-0.117034419,-0.065691158,0.5670860412,0,2.880314326,0.1140149557,0.8477735241,0.1740429915,17.587504705,9.507629705,0.2204850519,0.0,0.0,1,1.0,0,0.0,0.2519198838,7.0,47.643055909,0.0382542804,-0.319734351,-7.213592356,-0.163212457,0.5733941298,-8.554113591,-5524.953853,0.0248274717,9.5300988165,-0.000749438,-0.002758212,-0.003528726,-0.151991989,0.0480320213,0.04583249,0.0,-0.005900865,1.7415254237,-0.008925373,5.0,7.9086114287,0.2086734951,0.1246755654,0,-0.25352422,0.0939517394,0.043110338,0.0511159577,1.5690084595,1.4579252076,1.26437e-05,3.0000001346,0.2783102181,0.0774565775,-0.02867318,0.0389315532
80926,1.4410406137,0.1254783392,-183.1412575,0.0262313056,1.4719932221,0.5045647289,0.0052866796,1.0680830186,0.2826940722,0.3688189367,2.0583878116,-0.087060812,-1.499258592,0.3136028175,0.0870608116,27,0.0,0.1595744681,0.4805838021,0.0136645366,0.0769080757,0.0779235339,-0.435497204,0.6163878933,0.5541139036,0.4829323825,0,0.6118386431,0.299525907,0.6118386431,0.299525907,156.8822314,5.0288760845,0.3271065872,0.0,0.0,1,1.0,0,0.0,0.379040985,6.0,0.9761303533,-0.094993311,-0.027906292,2.5777326432,-0.255530992,-0.464531207,-0.049013279,-2199.15712,0.0279332649,14.031876664,0.0411086418,-0.118313171,-0.232841708,-0.011053991,0.0022226745,-4.586502318,0.0,0.0274348422,-0.01348695,-0.003664847,5.0,15.929500823,0.2399121787,6.9384144818,0,-0.500704589,0.1210762262,0.0391674568,0.0530688243,0.7525870291,61.413279121,8.179215e-10,1.8169776e-09,2.3104673051,5.338259168,0.0134870783,0.067299562
12209,0.1475776564,0.0064577605,40.005070286,0.0,0.06181754,0.3927480538,0.0697824758,-0.003926249,0.4931212112,0.0,-0.09655006,-0.049347747,-1.603271984,0.0168113071,0.0493477474,27,-0.017073439,0.0285714286,0.2198023051,0.2262014749,-0.146258815,0.1485474146,0.3219450262,0.0395608883,0.0407692845,0.4619202195,0,2.8331964809,0.0167044218,2.151202346,0.0702990834,19.221198901,10.35335074,0.2640371112,0.0,1.0,1,1.0,0,0.0,0.724626883,6.0,24.362288095,0.2062032992,-0.057975764,-0.046818527,-0.863236806,2.1818291631,0.0201472867,-10654.61343,0.0457936334,11.963100659,-0.004196743,0.0134855242,0.0195996572,-0.002988802,0.1238607546,-0.013762366,1.0,-0.000706338,-0.034108178,-0.070094496,5.0,9.9240031539,0.2930223043,0.1719539093,0,0.0957318355,0.0621650517,0.0224042281,0.0352986172,0.6968723499,0.4486599748,1.6488349e-07,1.3027933e-07,1.2169102858,1.4808706437,-0.042164377,0.0505196231
80168,1.0277656011,0.1449242256,-2.709154507,0.0480790413,14.559695586,0.8268034055,0.022755296,0.0693052123,0.0182480179,0.0046849164,0.0562026684,-0.007736965,-2.224204616,0.4672653573,0.0077369652,22,0.0236406305,0.0597014925,-0.084582609,-0.053021774,-0.002488354,,,0.0244598399,0.2433945961,0.3612876495,0,51.70644176,-0.755701903,40.34655147,-0.771823859,0.0876007615,1.8748428275,0.0036579657,0.0,0.0,0,0.0,0,0.0,0.2665349293,3.0,-73.68492657,0.0019392613,0.016469431,0.2617170204,,0.0421349724,-0.011192445,-3204.898324,0.1473165608,10.58556036,-8.5159e-05,0.0007695154,0.0202289162,-0.078942178,0.2501966326,0.0,0.0,0.0050134979,-0.863546587,-0.003868487,2.0,7.6350019083,0.4867392243,0.046556741,0,-0.258063742,0.0912667066,0.031323224,0.0602377504,1.3272761563,0.8200803464,2.0591352e-06,5.0000003021,0.2933897537,0.0860775476,2.7286016372,0.0432272743
11992,0.7938027119,0.0618614689,-34.52053131,0.029404637,6.4977496012,0.2887446124,0.0211940598,0.1839108653,0.0435179802,0.1001678416,0.1889144872,-0.00411791,-0.447674699,0.0895552833,0.0041179102,27,0.0012346327,0.1457257602,0.0564214668,-0.172097041,0.0374189597,0.1284668089,-0.207326633,0.0049357221,0.1444838478,0.5819217975,0,0.9572179239,0.0018198061,0.9533796098,0.0008690551,1.5842858704,0.0516621063,0.0124273113,0.0,0.0,0,,0,0.0,0.3864264178,5.0,-0.005065825,-0.000910305,0.1019757262,-0.126420189,-0.222032838,,0.0100176421,-4494.287462,0.0286434127,14.201491411,0.0003259065,0.0027123097,0.0249461914,0.0219579805,0.0314680016,-0.138812091,3.0,0.0062422081,-0.391480663,0.0160296164,6.0,14.618352178,0.0355111528,1.6826322257,0,0.0654744878,0.0281135794,0.0119675298,0.0192404165,0.3482682143,2.1542028141,9.906517e-10,1.4847487e-08,0.926197943,0.8578426296,-0.065940003,0.0254209954
36346,0.7505424236,0.0709278487,-58.88086992,0.021020997,5.1489655825,0.3132275131,0.0272416709,0.0226838761,0.0496488755,-0.018953254,0.0188611434,-0.004965045,-0.408393463,0.0998943185,0.0049650447,27,0.0007892987,0.0,-0.001386309,-0.041113427,0.0066423142,0.1600292438,-0.110284372,0.0043711117,0.049702927,0.5626713955,0,0.96901674,-0.004776465,0.9649831969,-0.005685526,3.874316362,0.071164305,0.0186732014,0.0,0.0,0,,0,0.0,0.4005668132,5.0,9.33105e-05,-0.000178956,-0.043750034,-0.169680477,-0.515991366,,0.0203566773,-4679.777602,0.0286434127,13.699245834,0.0002192585,0.0027778094,0.0220508493,0.0042436093,0.012572313,-0.126791093,0.0,-0.000974026,-0.128443491,0.0057022558,7.0,13.028108613,-0.044889346,0.468012947,0,0.0654744878,0.037990611,0.0114831908,0.0257626661,0.4726003505,1.0581006791,5.8266476e-09,5.0147488e-08,0.9601481451,0.9218844606,-0.041233969,0.0243131183
13883,0.0519464692,-0.046495963,16.59389185,0.0,0.0096212466,0.0,-8.700992324,0.3791565885,0.0,0.3730688102,0.7534223135,-0.334733064,-0.382310178,-0.028720083,0.334733064,3,0.0,0.8571428571,,,,0.1336501337,-0.490856634,0.0617730571,0.3267067936,0.9460188038,0,6.0819736583,-0.220948246,6.0819736583,-0.220948246,0.0,,-6.099061587,0.0,0.0,0,,0,0.0,-0.00302151,1.0,,-0.029412831,0.6485196171,-8.768456207,3.2487051989,-0.42660587,-8.786072067,-4482.327257,0.0248274717,12.340819525,0.0,-0.108978803,-0.114366301,0.0003238716,0.9278436197,6.2366666667,0.0,-0.021587123,-0.403495978,-0.133398931,4.0,13.926183858,0.1219601225,2.6733857324,0,-0.25352422,0.1182681993,0.0550181938,0.083912992,0.2890032049,3.8146048454,1.2268139e-08,7.7477082e-09,2.5539112851,6.5224628521,0.0572770785,0.1002646104
75672,0.6644830937,-0.228003256,1.4542154399,0.0,0.2553832798,0.0,-0.500452923,0.1759377984,-0.004365025,0.2710898083,0.0486330179,0.033149864,0.1237364283,-0.256215564,0.033149864,26,0.0,-0.081081081,,,,0.0230980752,-0.148903541,0.0558450416,0.2334904726,0.5354619061,0,2.4075598802,3.0446471865,2.4075598802,3.0446471865,0.0,,-0.849309209,0.0,0.0,1,1.0,1,0.0,-0.100146575,2.0,,-0.01923931,-0.248321611,1.4796375521,-1.41794288,-2.065658247,-0.164566757,-5072.313227,0.0446872923,9.2514477706,0.0,-0.008061862,-0.011683755,0.0,0.0905763136,13.766666667,1.0,-0.787671233,0.3140423945,0.0339687725,1.0,11.732928066,-0.34398137,8.4039738925,0,-0.101630079,0.0339806676,0.0306592505,0.0728957148,0.7497819886,13.749614224,1.8265771e-07,6.2718136e-09,2.0151542516,4.0608466578,0.3133424545,0.1198009055
85269,0.8122068519,0.1451028733,-3.879696259,0.0217615029,0.9547564802,5.139642759,0.1400929917,-0.036182818,0.1655945832,-0.039716564,-0.110126675,-0.011787523,-0.148077964,0.1665894114,0.0117875229,35,0.0186402327,0.0057959428,-0.052363226,0.2703161352,0.3696498776,0.0448849822,-0.038451468,0.0606220906,0.0625385406,0.5683390999,0,1.6647294589,0.133280318,1.0011022044,-0.028222189,35.468690702,21.894912985,0.1896164277,0.0,0.0,1,0.0055363322,0,0.0,0.3781603289,7.0,0.2041741226,-0.131626436,-0.017487601,1.1033904974,-0.12609277,-0.733572488,0.3276443712,-11329.10174,0.0739470786,17.135347127,0.0028067279,0.0289291792,0.064186827,-0.460459741,0.1156792144,-0.005229101,2.0,0.0059900166,0.1437857631,0.0621018959,3.0,18.118964197,-0.265211398,2.6410757984,0,-0.13824669,0.0270935576,0.0186290681,0.0290781319,0.2366063911,2.8686937062,4.373705e-11,8.7311858e-09,1.1431264947,1.3067381829,-0.015441,0.0369449782
92029,0.4168727633,0.0465270179,15.173267813,0.0,0.7560075753,1.05806617,0.0869342161,0.2775027291,0.3215685973,0.0061551452,0.4837717658,-0.03880467,-0.871966019,0.0870969964,0.0388046703,16,0.0161618617,0.1666666667,0.0747171759,-0.014678529,-0.051127307,0.2427681066,-0.010544777,0.0559356694,0.0750259369,0.2710510967,0,1.8024651523,-0.084750467,0.8518004646,-0.088268093,61.387387387,7.6359005705,0.1365301922,0.0,0.0,1,1.0,0,0.0,0.7340055696,3.0,-0.022670553,-0.067719288,-0.211092231,-1.560737201,-0.257631917,-1.929245783,0.2229051448,-570.6672535,0.0506976226,13.620588042,5.21901e-05,0.0087714699,0.0194473046,-0.000189093,0.0171063856,0.0436184119,1.0,0.0048929664,0.3582306473,0.084905399,3.0,13.483425781,0.0376317888,1.016027333,0,-0.060001469,0.0366552882,0.0194895314,0.0318643958,0.4034471904,1.3104558899,5.6438685e-09,3.0959969e-08,1.5088443383,2.2766112371,0.0193285732,0.0413184874
75591,0.2424426259,0.0455683204,7.8330222317,0.0145657938,0.231868419,0.3503043634,0.1854095133,0.0070969536,0.3558422858,-0.029927583,0.0814179043,-0.030566044,-0.317034497,0.06001505,0.0305660438,26,0.002299657,-0.011050538,0.0610815511,0.0499689481,0.0154235856,0.3503049516,-0.057328466,0.007328982,-0.055015006,0.3231164525,0,2.6113460269,-0.197298457,2.0345269535,-0.184543898,4.2184461157,8.3884041556,0.260428396,0.0,0.0,0,,0,1.0,0.626594973,7.0,7.1382665873,0.0405053647,-0.149256234,-0.123170781,-0.049254282,0.245552663,0.0523240071,1680.1344211,0.0410566741,15.642684148,0.0009808418,0.0273838087,0.0546498232,-0.005365241,0.1067746856,0.001648506,3.0,0.0,0.7406747011,0.0002685992,5.0,15.722212044,0.0441982575,1.116212786,0,-0.131569503,0.019815186,0.0107947605,0.0151720398,0.400170885,2.0166492371,2.894502e-10,2.0443708e-08,1.1410230597,1.3019336229,0.0320217524,0.0137546482
75734,1.4698241836,-1.190958076,-22.79457186,0.0,0.454520311,0.0,-0.844402744,-0.450988474,0.0,0.0150302742,-0.607215241,-0.319289333,-0.796771987,-0.506760162,0.3192893327,26,0.0,-0.347826087,,,,1.0676059956,2.4859950082,-0.073158883,-0.624207778,0.157922656,0,0.4393939394,-0.545939058,0.3623509705,-0.545939058,0.0,0.0,-1.201724853,0.0,0.0,0,,0,0.0,-0.001688531,1.0,,-0.072754429,-0.535306847,2.6065162131,-3.007389734,-0.463938857,-0.869376259,-2422.75949,0.0279332649,10.285566307,-0.00648981,-0.017968763,-0.0485144,0.0,0.0494695499,13.766666667,1.0,-0.005037301,2.4265197454,-0.046516618,2.0,9.3350823135,-0.834932359,0.2528769166,0,-0.500704589,0.0524469651,0.0376103962,0.0888686234,0.593311321,0.5469540253,1.6259867e-06,1.1930452e-07,1.4645035707,2.1447707086,0.1743484593,0.160145449
13711,0.1444498687,-0.010855215,3.1559025211,0.0,0.6284143296,0.0494060078,-0.099931688,0.6323742656,0.0641095641,0.0605654386,0.6546737672,0.0437589452,2.8878002641,-0.042202906,0.0437589452,3,0.0286729734,1.099025974,0.5566141958,0.3343945491,0.3705647646,0.0390570288,0.1702474786,0.492715162,0.2073258009,0.516998709,0,1.7676157795,-0.241022795,1.3840388932,-0.307731857,0.3843323,4.836636386,0.0219747364,0.0,0.0,1,0.4739338803,1,1.0,0.2013607557,2.0,3.223019107,-0.028825333,0.9317854437,0.959604327,-0.100789967,-1.065658247,0.0494459005,42.770872882,0.0446872923,14.907698753,0.0057811046,-0.003343388,-0.025128488,0.0133190142,0.0673610097,-0.179134252,1.0,-0.009365488,4.896606641,-0.218203228,3.0,17.125132362,0.5288417538,9.8670935927,0,-0.101630079,0.0782695115,0.0398426109,0.0687803658,0.413812397,17.536943403,2.418007e-10,2.1157596e-09,3.1005580922,9.613460483,0.0238902319,0.0934384374
76573,0.3923349867,0.0522804451,2.2756156831,0.0087696895,0.2742005362,1.2170425356,0.1587497245,0.0643782052,0.2568652641,1.010493958,0.0405587029,0.0085058872,0.1078672706,0.0466410962,0.0085058872,40,0.0037804806,-0.01910828,0.0952893644,0.0834518235,-0.014143007,0.1371843357,0.0352432907,0.008657065,0.0835151868,0.6240658205,0,3.953530279,-0.009010646,2.8757545081,0.0120793232,6.5630312519,8.5951575082,0.2590463754,0.0,0.0,0,0.0,0,0.0,0.4465635018,4.0,-0.235876729,-0.021795191,-0.017043088,-0.486639218,-0.329335517,-0.661889094,-0.05471792,-540.6156401,0.0979159386,14.404922618,-0.005254057,0.013234614,0.0219428008,-0.040003936,0.1619517941,0.0088005129,0.0,-6.7613e-05,-0.015029808,0.0125898353,3.0,13.915236522,0.102447931,0.7407588939,0,-0.200344257,0.0362730622,0.0160130486,0.02148666,0.3748939497,1.4786959725,2.293065e-09,3.2176866e-08,1.2544803195,1.573720872,-0.019391704,0.0207042896
10375,0.6983991828,0.0654603257,-14.0436357,0.0195865749,6.4861093551,0.4913633855,0.0324181112,0.05521109,0.0627404265,0.0141652839,0.0514262464,-0.007283388,-0.789743207,0.1171571733,0.0072833884,29,0.0026088533,-0.057188884,0.0306621956,-0.010554861,0.0289207924,0.2949415736,0.0942519923,0.0026133525,0.0998273095,0.6737314423,0,1.1359726243,-0.015799125,1.1231624293,-0.018136714,1.1723792872,0.0805233473,0.0179892528,0.0,0.0,0,,0,0.0,0.682452442,6.0,0.001330983,0.0014297137,-0.100938918,-0.221823718,-0.568923185,,0.0376195321,-2837.527532,0.0286434127,14.6601129,-1.3826e-05,0.002651774,0.0238704824,2.99777e-05,0.0390572642,0.0289368023,3.0,0.0019788918,0.1045710557,0.0022773365,5.0,15.105955559,-0.092537578,1.8062351774,0,0.0654744878,0.0442260392,0.0156646328,0.0223637201,0.2988554489,2.1329049031,8.13075e-10,1.3979893e-08,1.0664922631,1.1374057472,-0.000721122,0.0231544367
11203,1.154570509,0.1284492119,-7.687139605,0.0127607842,3.3020982992,1.0358671707,0.0318517747,-0.035609164,0.0320892126,-0.030065261,-0.063325378,0.0081406934,0.2876637555,0.0914990292,0.0081406934,29,0.0,0.0424339472,0.0048972929,0.1308132675,-0.119960054,0.2015579357,-0.262820513,0.0060537096,0.0535508637,0.2628094174,0,11.317114094,0.6922475314,11.317114094,0.6922475314,2.4951866239,1.03213637,0.0418789024,0.0,0.0,0,0.0,0,0.0,0.1225847729,6.0,0.0126718551,0.0477484538,-0.021359682,0.3033785961,1.4963648631,-0.736523879,-0.006984769,-8234.506038,0.0331128264,14.233698338,-0.000422628,0.0053942543,0.0211516568,0.0069099026,0.0979856658,,1.0,0.0014101431,0.5899541232,-0.000659509,4.0,14.109035698,-0.400114871,0.8391036452,0,0.048781298,0.0198233631,0.010010092,0.0199112873,0.3447688956,1.7962444722,1.3239744e-09,2.2533113e-08,0.5497047789,0.3021753439,-0.036927363,0.0219825126
75694,0.2315006715,0.029448216,24.054019618,0.0128759239,0.0591574712,0.1236166326,0.1587072768,0.2328940244,0.3800654152,0.0040808605,2.2193645316,-0.032841585,-0.293535063,0.0380923,0.0328415854,27,0.0111431258,0.3281096964,0.2640938275,-0.009228476,-0.024805183,0.2869077989,0.7524193694,0.0457616369,0.0649720533,0.2421848142,0,6.2432860591,-0.648994462,4.9966304566,-0.693737837,4.0771900722,6.4575206328,1.022108154,0.0,0.0,0,0.0,0,0.0,0.4102519286,4.0,-16.16778549,0.1108944343,0.022001596,0.1641666025,11.807203352,0.3357879889,0.3713200035,-1576.841759,0.0238858186,15.058489617,-0.001523187,0.0213540099,0.0268107942,0.0011355942,0.077340648,0.0053006055,0.0,-0.000135194,1.2035994839,-0.086194205,6.0,15.293478149,0.1389605162,1.3799197435,0,-0.25352422,0.0288659353,0.013335991,0.021268215,0.3357601003,2.3059488229,5.248721e-10,1.5233984e-08,0.7113692947,0.5060462734,-0.148793278,0.0241898202
63467,0.4476258742,0.0438141795,1.2396012006,0.0125651077,0.6019987708,0.3337048992,0.1009421457,0.3581167653,0.1450485929,-0.013292623,0.7308634428,-0.041395237,-0.860930129,0.0815351267,0.0413952367,31,0.0,0.0856693364,0.1558866527,0.0506620464,-0.010091965,1.2263901356,0.0729926596,0.0057794092,0.0531123623,0.2217586642,0,1.2371305902,0.2089243071,1.2371305902,0.2089243071,2.1266549164,3.6012020796,0.1385625229,0.0,0.0,0,0.0,0,0.0,0.2495828644,4.0,0.005018816,0.028436087,-0.018348984,0.155597201,-0.501343544,0.1917649929,0.0427332388,-1131.223728,0.1865376934,15.409118661,0.0002121014,0.0134294342,0.0319097382,0.0024620686,0.1353424659,0.0011043686,3.0,0.0001614466,0.4307454552,-0.002549864,5.0,15.412166669,0.0827730073,1.1218165717,0,-0.012367651,0.0135135008,0.0121934759,0.0125190389,0.3956758164,2.7664976617,2.878477e-10,1.7625485e-08,0.7482367475,0.5598582303,0.0485233704,0.0158946957
13647,0.9741558538,-0.914822827,-5.351577017,0.119866142,0.052116229,-1.474116364,-1.445353506,-0.450988474,-0.53607661,0.0003190587,-0.607215241,-0.529527965,-1.309045807,0.2827221591,0.5786463093,2,0.0,,3.499465812,2.7026186714,0.0,,,0.0,-0.550331152,0.0115100854,0,46.551236749,3.2792663029,44.355703986,3.428478885,-300.2749083,-152.680575,-2.878814348,0.0,0.0,0,,0,0.0,-0.680449852,3.0,-2.34664583,,,2.1108478833,,-0.464531207,-0.079893938,-1167.13209,0.0279332649,11.463438015,-0.017392563,-0.305513595,-0.619693731,-0.954296447,0.0170266789,0.0,0.0,-0.787671233,-0.254693354,-0.088446118,4.0,13.42075158,-0.029002733,4.7572035691,0,-0.500704589,0.3387096822,0.1131541982,0.1321902001,0.5769377119,23.226885771,5.0608769e-08,3.2887729e-09,3.3482519805,11.210791325,-0.026477515,0.1832419965
75649,0.5102083218,0.0494109213,1.5541549465,0.0150952291,0.5713298056,1.3053540077,0.0740078801,-0.005525795,0.2274163691,0.0036217304,0.0672560613,-0.019228216,-0.422048905,0.0702647465,0.0192282159,26,0.0046091574,0.0,-0.007838673,-0.158696139,-0.011807222,0.1512018581,-0.043251662,-0.00576539,-0.076080802,0.4017054231,0,2.0268029799,0.0809322037,1.4378982406,0.0975905084,19.01522295,8.3334150484,0.1904649782,0.0,0.0,0,0.0,0,0.0,0.4384052212,6.0,-0.198479657,-0.035630099,0.0020651918,-0.368765883,-0.713096991,-0.533639787,-0.03109427,-1754.045,0.0979159386,13.167811967,-0.002463262,-0.048447933,-0.103196527,-0.038975055,0.0701568742,-0.059548382,0.0,0.0107033639,0.1194721192,-0.006740077,6.0,12.340967126,0.4301659405,0.3831299573,0,-0.200344257,0.058747571,0.0274080089,0.037570519,0.3856581298,0.6388898149,2.8404192e-08,6.1656109e-08,1.5353359314,2.3572564222,0.0360687314,0.0468887643
91279,0.1713235311,-0.032088078,4.6512153647,0.0034669878,0.0265250653,0.0078119673,-0.440861739,,,,,,,-0.033343894,,1,,,,,,4.0,,,,0.9007477243,0,27.086073242,,27.086073242,,0.0452971123,0.9792512404,-6.0677e-05,,,0,,0,,,,,,,-8.649079145,,-0.42660587,-8.790695879,-4991.552057,0.0248274717,12.395116548,,-0.146295151,-0.166126435,0.0,0.9105482766,-8.1,0.0,-0.023157895,0.8423959061,-0.129013107,2.0,11.974633536,0.0710397702,0.7880308155,0,-0.25352422,0.112936385,0.032820385,0.0490625627,0.4906550304,3.5591178437,1.6188464e-08,1.7854802e-08,1.2796050687,1.637389132,-0.330505986,0.0915066561
75607,0.371363175,0.0549379727,1.1551426369,0.0267806974,0.4566484333,0.4072167722,0.1475058874,-0.022601374,0.4199719329,-0.015827338,-0.057349522,-0.032421933,-0.494305239,0.0820941004,0.0324219334,26,,-0.058611924,-0.028801671,-0.01489899,-0.005341356,0.3643153527,-0.171943109,,0.0238054166,,0,1.2176061082,-0.072361659,,,1.6725777435,6.55387714,0.1751329787,0.0,0.0,0,0.0,0,1.0,0.9672244264,5.0,-10.12542772,0.1075813919,-2.500078073,4.1493859443,-0.349314524,-0.279546263,1.0766663783,11747.238442,0.0288563477,16.13707447,-0.002095785,0.0041458073,0.0089891452,-0.089202091,0.2694221509,0.0600278289,1.0,0.0010272214,0.3355891594,-0.013405633,6.0,17.516999425,0.1611924778,2.9768879336,0,-0.111549313,0.0105732074,0.0168960948,0.0163554823,0.3914887435,7.4509116109,6.017787e-11,7.6630485e-09,0.8155435747,0.6651113222,-0.064471445,0.0309558042
14663,0.4696667393,-0.061590946,16.815353407,0.0,0.2003603612,1.0855513043,-0.037733683,0.0698480829,0.141752859,0.1647549966,-0.310011572,-0.012854976,-0.135279855,-0.053258931,0.0128549759,3,0.000268812,0.5,1.5843122732,1.16309303,0.2274733003,4.743872549,1.5465713238,0.0020666289,0.3982327115,0.2288679291,0,1.0409280338,0.274028754,1.0399639236,0.2730083301,55.294453249,5.8875502008,-0.153959298,0.0,0.0,1,1.0,0,0.0,0.1847131398,6.0,-0.549475136,0.3123325545,0.2409247904,9.1898854522,-9.76122574,-0.49954311,-0.14426942,-7581.524159,0.0257826007,10.840199169,0.0,-0.015519005,-0.022603039,-0.054545538,0.0463482631,0.0136522664,0.0,0.0,-0.499600835,-0.049069921,3.0,8.8862681054,,0.1526848559,1,0.080304809,0.0952381492,0.0370266331,0.0634493735,1.0333309346,2.0294558001,1.0483521e-06,8.5612239e-08,1.8700901485,3.4972371636,0.3852703955,0.0912731907
13721,0.0167274025,0.0170346797,10.40822739,0.0269443694,0.247790254,0.1916641531,0.3083502843,-0.056544969,0.5613740667,0.002537545,0.0444831215,-0.062560578,-1.000563698,0.0340789619,0.062560578,3,-0.00091638,0.04,0.0622671634,0.168867205,0.0205762006,0.3162977867,-0.189685269,0.0058223166,-0.612199466,0.4859464915,0,1.4112280702,-0.456082592,1.3126315789,-0.459241069,2.3835681872,4.6515963645,0.1013640593,0.0,0.0,0,,0,1.0,3.5848174533,6.0,47.488983274,0.0054733823,-0.16862324,-8.803675273,0.5952801262,1.1436953056,-8.723273022,98593.130203,0.0248274717,18.407411445,0.0079777887,0.0230062204,0.2251090116,0.0103995,0.1686788737,-2.6024e-05,0.0,0.0011027385,0.7069507719,0.1808268148,7.0,18.205344039,0.109030782,0.9580835176,0,-0.25352422,0.0311738234,0.0116974147,0.0220282082,0.3477618716,1.8087892795,2.269244e-11,2.4008637e-08,0.9872800934,0.9747219829,0.0845886483,0.0361771402
13802,0.0638647707,0.0402469035,5.8981498725,0.070806204,0.4288631285,0.4790051438,0.4703219955,0.4610507776,0.5336327266,0.7285808048,0.6521364457,-0.459093546,-4.717100633,0.2300955973,0.4590935458,2,-0.090094699,0.15,0.2082990081,0.2387303872,-2.424600624,0.1958539231,-0.468006088,-0.099792225,3.3337725082,0.288834883,0,11.82100848,-0.406310325,11.514999544,-0.286165419,4.5232548619,11.947650697,0.1223787614,0.0,0.0,0,0.0,0,0.0,7.0684064848,6.0,1.4226932564,,0.0621394275,-0.37067883,0.950216725,0.0074037256,0.2020910631,-5329.098874,0.0558672041,14.103994601,-0.003765378,0.0181421795,0.1560409487,-0.010150171,0.215339093,-0.004576489,0.0,-0.001419245,0.3336770552,0.0077448264,6.0,15.08284688,0.0095833693,2.3667119038,0,-0.168614603,0.0423297249,0.0190900707,0.0262389499,0.3632272128,3.6502638824,1.3190033e-09,1.2195374e-08,1.5701740052,2.4654464066,0.0253625051,0.0323467183
75654,0.2058937992,0.0339648988,18.850816695,0.0,0.0238474213,0.135951857,0.2071230225,0.1578626995,0.5322214065,-0.003328304,0.2965631508,-0.04503625,-0.283862205,0.0436062499,0.0450362504,26,0.012853321,0.2274837512,0.3740865703,0.4132641615,-0.029457724,0.2602333688,-0.129523835,0.0341088264,0.1436919952,0.2770228651,0,3.2799414929,-0.397235395,2.8394526117,-0.434421028,3.3271980842,9.5463112019,1.6230229252,0.0,0.0,0,,0,0.0,0.5865972369,5.0,-9.992897465,0.1058800209,0.1449215996,0.178535656,0.1090900945,-0.152584297,0.1167994924,462.67595668,0.0318276958,14.921395489,-0.007337072,0.0294031241,0.0325568377,-0.016038077,0.3968300654,-0.023304366,0.0,0.0010183299,1.3209989593,-0.072856427,6.0,15.148850015,0.1080769407,1.1161328756,0,-0.095378135,0.0384102054,0.0161504282,0.0231661134,0.3277084134,1.7813223236,9.249488e-10,2.1639029e-08,1.3404273933,1.7967455967,0.0186449702,0.0379284803
12073,1.0169286765,0.0552461522,-27.06395493,0.0432179872,6.8841490602,0.2986847992,0.0214313972,0.0838027681,0.0361748315,0.0041150887,0.0949091125,-0.002840597,-0.390544299,0.076822222,0.0028405971,23,0.0002542956,-0.005894272,0.0173444976,-0.073191604,0.0025179928,0.1403967735,0.031124574,-0.000629258,0.0141625077,0.5628998892,0,1.0546326832,-0.037903424,1.0523831021,-0.038010392,1.2218730358,0.0515577581,0.0105350337,0.0,0.0,0,,0,0.0,0.2630023641,4.0,-0.001114528,-0.001265895,-0.049644306,0.0967057756,-1.13302743,,-0.002715419,-942.5094216,0.0286434127,15.38794117,9.77717e-05,0.0018395404,0.0145976055,0.0029643055,0.0145393127,-0.005161826,2.0,0.0006357279,0.4791250318,-0.007073441,4.0,16.390468487,-0.083762421,2.7721360994,0,0.0654744878,0.0242812186,0.0152268525,0.0200381159,0.2931595365,3.9695219191,1.86471e-10,7.7470874e-09,0.7475101907,0.5587714851,-0.000818401,0.0169525632
13825,0.3491213712,0.1167773784,2.9678618505,0.0,0.014329592,0.2378360421,0.9227535636,0.5829424444,0.8029276453,0.0065609035,0.4778167404,0.0115537531,0.0293574033,0.1133490978,0.0115537531,3,0.0,0.3269230769,2.3698498146,-0.128592553,2.2489026118,0.1085626911,-0.443924625,0.0271788437,0.5886353546,0.6487268559,0,25.453609785,0.1188037235,25.453609785,0.1188037235,1.1079508281,10.23279481,1.6230229252,0.0,0.0,1,1.0,0,0.0,0.8393921455,6.0,-16.32624281,0.5207043639,0.0208149765,0.2817873021,12.639377196,0.5709174421,0.4465768013,-4558.865289,0.0238858186,13.224097271,-0.010172763,0.024443379,0.0254391225,0.0174134183,0.5902330365,0.2182627785,1.0,0.0033204206,-0.552269474,-0.007971812,3.0,14.543923154,0.2191303907,3.2294842714,0,-0.25352422,0.0391150787,0.0219531337,0.0394323701,0.3392754764,5.6155267386,2.0835183e-09,7.1926098e-09,0.8371847858,0.7008783656,-0.454084825,0.0853003452
13904,1.5714008729,0.2243464752,-25.799172,0.0009853022,14.559695586,1.0796277802,0.0053588771,0.0268216187,0.0056175098,-0.075669912,0.0142037437,-0.005932926,-0.577857981,0.3539868765,0.0059329257,2,0.0,-0.071428571,0.2762382517,0.164848713,-0.16954425,0.6454689984,0.0468086215,-0.000196359,0.2136571179,0.119654957,0,24.012456747,-0.410301845,24.012456747,-0.410301845,1.3836738266,0.4144937415,0.0115036718,0.0,0.0,1,0.6604435087,0,0.0,0.0634710146,5.0,0.1246219388,,-0.1352222,0.72020896,0.8055517929,-0.709533188,0.2555030787,589.91182208,0.0331128264,15.702533251,-0.000326789,0.0001778581,0.0027127452,0.0599294437,0.0318616513,,0.0,-0.010317256,0.7380624418,-0.022693941,2.0,16.478364134,-0.15781506,2.3472119397,0,0.048781298,0.0351280905,0.0156419712,0.0244188593,0.2464946779,2.3460882522,2.393536e-10,1.202368e-08,1.3964399733,1.9500445991,0.0744799412,0.0241024523
75603,0.3606750735,0.0262976901,5.634791948,0.0,0.1868295079,0.4368339045,0.147610404,0.5850810769,0.6338072478,0.0182226096,3.4859245188,-0.115648495,-1.963373083,0.0779298669,0.1156484952,26,0.0154286953,0.4700399467,0.283101277,-0.498107201,-0.045120002,0.2327740291,0.621113224,0.0963650613,0.1873562425,0.3520628372,0,2.5592825833,-0.555680593,2.0824621414,-0.576293737,4.5680623184,8.1394572322,0.3703767055,0.0,0.0,1,1.0,0,0.0,0.711877783,3.0,3.0110685412,-0.079008818,0.3027994164,1.1758295318,0.4117348569,0.1374454741,0.1695786737,-3020.965107,0.0446872923,14.631292499,0.0052092433,0.0292212226,0.0436124295,0.0481019349,0.1177874344,-0.001317288,2.0,0.002221517,1.1500134111,0.0478724539,6.0,15.757162733,0.2582671017,4.1058295436,0,-0.101630079,0.1238572896,0.032922548,0.0369113543,0.6482533747,19.475199712,4.261527e-10,4.8611139e-09,1.0109102671,1.0219395681,0.228088074,0.0506589345
13690,0.2538058314,0.0080056914,3.3655192189,0.0,0.0922218501,0.3195619802,0.0895460842,0.2498817182,0.8241944482,0.0547644719,0.1886283749,-0.089564606,-3.484249084,0.0358995142,0.089564606,3,0.013546427,0.140776699,0.242721436,-0.091410918,0.0436068827,0.7051921385,0.227425916,0.0449470733,0.2737320271,0.7350030311,0,3.6104429451,0.0995891603,3.3529871908,0.1011179405,1.644552767,5.4895471261,0.2049989063,0.0,0.0,0,,0,0.0,1.1451123135,6.0,7.1525223041,0.040789373,0.0025710025,-0.111807575,-0.352221966,2.3819923307,0.0282084713,-3427.988819,0.0410566741,14.028575975,-7.8953e-05,0.0043829398,0.0059392811,0.0132852896,0.5483508692,-0.022978389,2.0,0.0008417508,1.4425489158,-0.115855206,6.0,14.121291188,0.2523317467,4.4786354048,0,-0.131569503,0.3239999712,0.0710126049,0.0200764907,1.0011723197,61.413279121,5.237274e-10,2.2979614e-09,1.6962261637,2.8771831986,0.26547033,0.0534748784
93101,0.3866500531,0.0878678842,-0.01696469,0.0087684935,0.7998669426,2.3165680295,0.1362919489,0.0983447167,0.2228810813,-0.033795247,0.1813216505,-0.029220129,-0.379833432,0.1212430442,0.0292201292,21,0.0040043247,0.0237121832,0.0919859554,0.0172502041,0.0660532114,0.1913584046,0.0638320835,0.0302488327,-0.028595817,0.4955236388,0,1.3592399818,-0.011710347,1.14353934,-0.002670293,13.188974035,6.8371258871,0.1739999823,0.0,0.0,0,0.0,0,0.0,0.5874454184,5.0,0.0040571377,0.0328999483,-0.037189501,-0.154515388,-0.455550202,-0.223405461,0.0836726663,5880.1156171,0.1748673505,15.954837101,0.0021285898,0.0184216419,0.062426709,0.0119151639,0.0957390519,-0.009375499,0.0,0.0019305019,0.3603921005,0.0240197363,4.0,16.656294262,-0.206413804,2.4773116458,0,0.0498010166,0.0327759832,0.0193657297,0.0271486717,0.442537016,5.0274156605,1.422863e-10,8.0632561e-09,1.3015998748,1.694162234,0.0067048256,0.0232451987
75825,0.350872592,0.0577535495,10.35935846,0.0063521462,0.3377494335,0.3461366808,0.1256610692,0.1369927519,0.4450332662,1.0077741078,0.124990342,-0.1755108,-1.966624444,0.1713330916,0.1755108004,26,0.0043873813,0.0714285714,0.227671575,0.115098618,-0.030987064,0.1427918566,0.0048235312,0.1507455721,0.1487906801,0.5581991541,0,1.6003333621,0.1246765023,1.3915471051,0.1349386591,8.3716927788,9.4403824668,0.4397397072,0.0,0.0,1,0.0075621418,0,0.0,0.8657107043,7.0,0.7818911574,-0.029431114,-0.116052188,1.4875646215,-1.9391949,-0.119529301,-0.191283005,47981.38728,0.0279332649,17.631718078,-0.062299301,-0.12028472,-0.233871703,-0.071971211,0.0272274178,-2.749484447,0.0,0.0041208791,-0.09465791,-0.03626318,6.0,18.185740781,0.095412659,1.7987407554,0,-0.500704589,0.0472909063,0.0204173572,0.029805275,0.2029946099,1.4042316723,5.635749e-11,1.4374312e-08,1.3647521694,1.862548484,-0.00185292,0.030170293
13766,0.3362436233,0.0546368231,3.3342221597,0.0,0.4972054019,2.4404424894,0.1348861237,0.105325552,0.4601226605,0.0013463737,0.1172186802,-0.018784594,-0.272894299,0.0695469007,0.0187845936,2,0.0095514591,0.0718336484,0.0917172344,-0.035429201,0.0984500718,0.1346757534,0.3002735456,0.0626506766,0.0881959684,0.5839315534,0,3.0315607978,0.0536415574,1.4858066539,0.1668727336,21.851139414,19.804994292,0.190531685,0.0,0.0,0,0.0,0,0.0,1.074104769,6.0,-0.158258373,,-0.097943295,-0.247355386,0.1150129949,-0.071019646,-0.189729524,-746.3038118,0.0457306398,13.603198796,-0.004434779,0.0166916456,0.0414756097,0.0084369847,0.1597272422,0.0084404123,2.0,0.0003965107,0.7828771576,0.1997838721,5.0,14.730379927,-0.165242313,3.3605584372,0,-0.034541484,0.0324141309,0.0218521085,0.0417637004,0.3824732203,5.2398000047,2.1898965e-09,8.0428741e-09,1.3477790498,1.816508367,0.0772590984,0.0532678903
75853,0.2743117101,0.020001794,5.5986903389,0.0,0.133836035,0.245437563,0.1155079869,-0.076933254,0.4812021786,-0.058367623,0.1220369462,-0.105649387,-2.245673897,0.0649193006,0.1056493871,26,0.0,0.2222222222,0.0458889027,0.421104049,-0.006450941,0.3689474881,-0.343645942,0.0218407532,-0.150436332,0.2995156108,0,1.0898773129,-0.302386656,1.0898773129,-0.302386656,2.3217431404,34.674242424,0.2205616116,0.0,0.0,0,,0,0.0,0.6589666938,4.0,-10.26198086,0.1239964713,-2.219243927,4.0523344794,0.3208940805,-0.754372053,1.0594915785,-4029.289958,0.0288563477,12.244718006,0.0064456833,0.021663369,0.0313241653,0.0055533159,0.2868555349,-0.032293375,1.0,0.0047505938,2.1009348324,0.0792028145,7.0,12.625394422,-0.4958851,1.3865194328,0,-0.111549313,0.0317460634,0.0243962116,0.0318164503,0.4109218198,2.7364936976,1.4532191e-08,2.1292885e-08,0.7596044824,0.5769989696,-0.760224496,0.0475206938
14670,0.4490839069,0.0640912139,-10.96428509,0.0064608819,4.5170692706,0.1908334036,0.0298776524,,,,,,,0.0784544396,,1,,,,,,0.2351887396,,,,0.6552070772,0,1.0695544059,,1.0657805989,,0.5242785682,0.0469143371,0.0293583218,,,0,,0,,,,,,,-0.471138994,,,-0.001083202,-4681.256922,0.0286434127,14.071490895,0.0009497068,0.0036206697,0.0358195151,0.009673793,0.0508510978,0.0099041569,2.0,0.0001203949,-0.408636375,0.0451777152,3.0,14.054086766,,1.5015387354,1,0.0654744878,0.0390535444,0.0163338982,0.0277217676,0.7261691474,23.577690088,1.294805e-09,7.5268595e-09,0.9485614215,0.8997687704,0.0358882998,0.0251984699
75854,0.5456839324,0.060115257,1.1677116981,0.0,0.0860707431,0.4530633735,0.1566217939,0.1398913985,0.4858197358,0.0139793034,0.1183195061,0.0176501399,0.1741045698,0.049648916,0.0176501399,26,0.0390293884,0.0012771392,0.1010510488,-0.144271902,0.0478686065,0.5161893798,0.5272982081,-0.020164063,0.1433701514,0.6852189196,0,6.5588186877,0.179859011,5.4900240345,0.1508708759,1.4366710615,5.8700538703,0.9552565066,0.0,0.0,0,,0,0.0,0.5634852728,5.0,3.1677726202,-0.013845684,-0.165963391,1.3608383908,-0.912674834,-1.931975956,0.1412977228,-4311.057887,0.0446872923,13.405071858,-0.001417917,-0.029541174,-0.069172171,0.0509676757,0.1424405355,-0.032940935,2.0,-0.002597403,0.208031829,0.0407593045,4.0,14.94091853,0.4438132201,4.5179830964,0,-0.101630079,0.1843575984,0.0498507942,0.0487761541,0.6507471111,15.681549815,1.9967907e-09,5.8610197e-09,1.5929304601,2.5374274506,0.0674779815,0.0535577922
13862,0.766019096,0.0963312294,-8.592487103,0.0,3.7724065862,4.3368059769,0.0932057268,0.2019901947,0.164675425,0.0061780997,0.2441281605,0.051204285,3.2222037533,-0.21406762,0.051204285,2,0.0903919359,0.0349483717,0.1658009923,0.266513892,-0.0451631,0.7682218475,0.4803044061,,0.1504992593,0.4355854631,0,25.025770418,0.0478079416,2.6195107213,-0.372612512,11.499454415,31.761521683,0.030243253,0.0,1.0,1,0.0646458714,0,0.0,1.1482578833,3.0,-0.005291665,,-0.530125658,-0.090568339,-2.644017181,3.7250831137,-0.000643517,-1137.067584,0.0665802826,13.037181862,0.0007220181,0.0031816907,0.02449562,0.2700473961,0.0387122398,0.000910901,1.0,-0.001607717,0.6834587804,-0.048465854,3.0,14.279420098,-0.213805631,3.3593836569,0,-0.105045736,0.0431506261,0.0205512307,0.0304835113,0.4204017912,3.9355101379,3.4966641e-09,1.0374992e-08,1.365989089,1.8659261912,0.1017910355,0.0392951807
15070,0.5790728759,0.0673240018,-39.97064953,0.0357572299,5.8115772959,0.2743020769,0.0219443837,0.0248287885,0.0404686791,0.021197411,0.0227993897,-0.003323809,-0.311686644,0.0883079939,0.0033238091,22,7.66928e-05,-0.005813953,0.0322996996,-0.084038622,0.0091503998,0.2471918001,-0.187527651,-0.000230162,0.0456508842,0.4785114295,0,0.7589829044,0.0738271999,0.7588189483,0.0737139679,2.0558807647,0.06809554,0.0152465949,0.0,0.0,0,,0,0.0,0.4556865847,8.0,-0.003288638,0.000917436,-0.049563987,-0.341150025,-1.112520638,,0.0087703527,-5151.504042,0.0286434127,12.808528079,-9.0549e-05,0.0025426732,0.0286691762,0.0024872048,0.028803278,-0.020303384,0.0,-0.000179775,-0.158422065,-0.01845414,5.0,11.843859526,-0.060909905,0.3415812328,0,0.0654744878,0.0240787975,0.011551863,0.0159227741,0.4155868804,0.625648924,1.7926699e-08,6.2103535e-08,0.5263862538,0.2770824882,0.0176878926,0.0177491741
15580,1.2544267508,0.0533619215,-11.52529496,0.0156833458,2.563456118,1.9943988051,0.0192303841,-0.007429997,0.0209561621,-0.024528838,-0.02582237,-7.2283e-05,-0.005191874,0.0536389699,7.22828e-05,23,0.0,0.0902255639,0.0012215107,-0.04688423,-0.512823963,,,,0.0324998513,,0,3.2866921831,-0.174936205,3.2866921831,-0.174936205,9.5292661871,6.0697631791,0.0248662661,0.0,0.0,0,0.0,0,0.0,0.0504253336,5.0,-0.053823106,0.0441583066,0.026431935,0.4032348379,3.0865663991,-0.577699215,-0.044844828,-9577.732678,0.0331128264,11.353160111,-2.8398e-05,0.0007273283,0.0022550264,-0.018619119,0.0593405485,,0.0,-0.014599218,0.0203756667,0.0381087223,2.0,8.2475081528,-0.161255377,0.0356204189,0,0.048781298,0.1011236608,0.0402693134,0.0482040407,1.2995655435,0.0893707577,9.4285871e-06,8.6479348e-07,0.1764934129,0.0311499248,0.8075733356,0.029879631
83239,1.1644878348,0.0176484253,-1.500460735,0.0,0.3069435183,0.4365344582,0.2742848553,-0.088626385,0.1537480256,0.0124585238,-0.359967393,0.0045141084,0.3961661342,0.0106567169,0.0045141084,22,-0.012889478,0.3825136612,0.9001112602,1.5284445474,-1.179299629,0.1342836133,,-0.005696433,0.0244921986,0.3502079015,0,,,,,1.9743790272,4.3261436448,0.0675693114,0.0,0.0,0,,0,0.0,0.219219398,4.0,-0.754638519,0.147818434,0.3387636272,0.2442649339,3.5281810157,,-0.068880924,-5232.453422,0.0286434127,12.428370164,-8.1136e-05,0.0080180122,0.0098140805,0.0243612835,0.1497996954,0.0087810785,0.0,0.018996497,1.0505699886,-0.011058234,2.0,10.286518897,-0.160764167,0.108648682,0,0.0654744878,0.0193204507,0.0126159737,0.026801662,0.5923997822,0.2652102571,8.8831866e-08,2.391434e-07,1.2399239994,1.5374115243,0.1766887324,0.0444779297
75556,1.1827913032,0.0748527787,-8.015697273,0.00421381,7.7357060647,0.5407617981,0.0318457778,0.1166759195,0.057291277,-0.054531111,0.135606626,0.0110134112,1.2436633525,-0.018238879,0.0110134112,23,-0.004030355,-0.020512821,0.1930851064,0.0083221033,0.0175871812,0.2732339755,-0.090713163,-0.005423063,0.006897721,0.6304566858,0,1.053334598,-0.010279682,1.0374978326,-0.002415684,0.5741680579,0.0845428876,0.0135403097,0.0,0.0,0,,0,0.0,0.3895204612,5.0,0.0701491242,0.0037894076,-0.055152135,0.33422767,43.250901134,,-0.104627569,-5006.881517,0.0286812661,11.41456319,0.0002224236,0.0021943279,0.0165456979,0.0047716021,0.1004521998,0.0307432801,0.0,0.0022076084,-0.759388634,0.0130996211,2.0,10.14293543,-0.109522097,0.2725587145,0,0.0654744878,0.0511883385,0.0179484753,0.0268224657,1.9366257238,0.6999618431,2.3501547e-06,2.0000001469,0.1752203792,0.0307021813,0.7699386252,0.0206544419
86124,0.5695852864,0.0646054699,-7.209980891,0.0236861199,4.6430920782,0.3044947243,0.035979513,0.089656176,0.0602745839,0.0087179487,0.0924053114,-0.004565743,-0.353230615,0.0874260998,0.0045657426,22,0.0013109972,0.0277777778,0.0351497176,-0.034056443,0.0200086419,0.2643119592,-0.112465619,0.0023165742,0.0677517856,0.6280908255,0,1.1030439069,0.0869252669,1.1000646909,0.085471657,0.5984794932,0.0801308688,0.0191833696,0.0,0.0,0,,0,0.0,0.5405266683,6.0,0.007018868,0.0005581744,-0.015972256,-0.350637614,-0.242348882,,0.0078884586,-5067.513122,0.0286434127,13.076346331,0.0001798593,0.0025410049,0.0196694813,0.0151627188,0.0400106071,-0.055716845,0.0,-0.003218539,0.0941023631,-0.022144296,7.0,12.875194011,-0.004893764,0.8332639178,0,0.0654744878,0.0298672356,0.0119391784,0.0202832591,0.2916230211,1.0880797781,5.7644336e-09,2.6227402e-08,0.6748119464,0.455371163,-0.031144634,0.0233243368
11628,0.7498584216,0.0534011149,-46.538898,0.0176956455,5.6564629038,0.2556093414,0.0273905072,0.023578218,0.0408451619,-0.163246889,0.0499683413,-0.00645787,-0.765802289,0.094295811,0.0064578701,27,-0.001021869,-0.068660022,-0.003042894,-0.12530586,-0.020696293,0.2270492136,-0.170631926,-0.000997005,-0.13947915,0.4456695674,0,0.7193625769,0.0833594981,0.7162895652,0.0860167761,2.2513516342,0.0677471294,0.0123421432,0.0,0.0,0,,0,0.0,0.2933664388,5.0,-0.689384453,-0.000753105,-0.112410056,-0.170364479,-0.812877953,,0.0147581698,-4740.951822,0.0286434127,13.497187495,0.0003492434,0.002456998,0.0249689576,0.0010182477,0.0167277566,0.0127554224,0.0,0.0019074869,0.722471049,0.015876011,4.0,13.235751457,0.0848661256,0.9695292048,0,0.0654744878,0.0441319011,0.0182670181,0.0240329484,0.5980451715,4.4200205401,5.5104516e-09,1.9900624e-08,1.01651123,1.0332950808,0.1045535124,0.0275050082
75831,0.9310333723,0.0223092037,-0.054830548,0.0,0.0860875193,0.7208094245,0.0305979794,0.0340874271,0.3576752657,0.0269372694,0.0103731966,-0.025341094,-1.13630844,0.0476593402,0.0253410943,26,0.0021326328,-0.129429892,0.104602467,0.0825909889,-0.040482832,0.4080936129,-0.244404339,0.0094574449,0.0363364971,0.4601421261,0,6.9078011126,0.0175466404,5.5331407133,0.0337868928,2.3084297628,7.2884095189,0.4921416286,0.0,0.0,0,,0,1.0,0.3915822961,6.0,-5.545108815,0.0620616133,-0.131830766,0.4595834484,0.2868378974,0.103165058,0.0362909405,-3745.062764,0.0400118084,12.518936353,0.0038180948,0.012486511,0.0135529092,0.0086724151,0.3069949394,-0.014521625,5.0,0.0050890585,0.4889775491,0.0921799191,5.0,12.31081969,-0.45784779,0.8639069264,0,-0.131569503,0.1414686143,0.0366699422,0.0345610031,0.5743781125,2.971237104,2.33593e-08,2.5209168e-08,0.9701569745,0.9412045553,-0.014853282,0.0400509833
11748,0.9635888524,0.0336660418,-11.07826249,0.0318251654,2.4140258579,1.3553134758,0.0111789508,0.0528680659,0.012589044,0.0227831813,0.0546121833,-0.021078976,-2.061696128,0.10307519,0.0210789764,22,0.0,0.0,0.0755289396,0.0272903749,-0.534235994,0.1152842984,-0.055227529,0.001180877,0.04852385,0.2564369265,0,49.227328431,0.9360415434,44.355703986,0.9360415434,6.594317196,1.4882842794,0.0151871885,0.0,0.0,0,0.0,0,0.0,0.0401232624,6.0,-0.037456084,0.0527352031,-0.063793629,0.1123969395,1.6969327066,-0.285457101,0.0045913922,-9228.891178,0.0331128264,11.302277553,-0.000378673,0.003742814,0.0130094431,0.027175538,0.0478039737,0.0002957589,0.0,-0.007823613,1.1918316832,-0.009250646,5.0,5.7671327868,-0.238490614,0.0133285518,0,0.048781298,0.2637195289,0.0849472572,0.0773346945,2.1904643941,0.3429025114,0.0001049881,5.0000003021,0.3921719043,0.1537988025,-0.144818711,0.0622636927
31238,1.0456228187,0.0623606932,-11.32407832,0.0261735265,2.0687107883,1.231509333,0.0261545989,0.0862166617,0.0283291501,0.0193145949,0.0770912925,-0.042981097,-2.061316351,0.1909058099,0.0429810971,22,0.0,,0.0421148199,0.1547171112,-0.404189417,,,0.0,0.1047340788,0.0778901837,0,,,,,6.7620390456,14.565031354,0.0312635349,0.0,0.0,0,0.0,0,0.0,0.0850750203,4.0,-0.039861083,0.0269348048,,0.1944309058,,-0.124103549,0.0924220121,-9179.806698,0.0331128264,13.226625299,0.0033822442,0.0073608452,0.0217096047,0.0316446478,0.0646199836,0.0,1.0,0.0043084877,-0.299144969,0.0596233823,3.0,12.073330641,-0.024180622,0.3465090036,0,0.048781298,0.0249109976,0.011740988,0.0306902683,0.4539404939,0.5627634155,1.5173733e-08,8.6726533e-08,0.6672969008,0.4452851539,0.0643663128,0.0355875905
14253,0.2599132448,-0.442701017,3.3727731411,0.0,0.0284167545,0.0037221946,-5.721014493,-0.450988474,-0.709904408,0.0148540429,0.4343434343,-0.275552362,-0.277370943,-0.319908618,0.2755523621,2,0.0151787318,0.25,3.2272727273,2.7026186714,-2.992257137,0.2638081395,-0.039938733,0.0884891131,-0.554259043,0.8528968629,0,8.2084507042,-0.719567734,7.9169014085,-0.728816954,0.0176403642,2.90625,-17.7560166,0.0,0.0,0,,0,1.0,-0.734024298,3.0,74.77710871,,0.0413767599,-8.560489431,3.2946069928,-0.42660587,-9.077260602,-5522.380697,0.0248274717,10.310831948,0.0,-0.194550547,-0.204807435,0.0032583758,0.8464636035,0.3160886914,1.0,0.0361214231,8.6410052323,0.2535581589,4.0,11.196149829,1.3574927177,2.8352113009,0,-0.25352422,0.0923077241,0.0345303969,0.0779194365,0.6722386964,5.4825459378,1.7462771e-07,1.3420759e-08,1.1310567439,1.2792893579,1.3704910237,0.1751363725
14127,-0.261025631,0.0879517417,-13.51698733,0.0,2.007209393,0.6238341188,0.2611509714,0.964764174,0.2342168267,-0.070912951,1.2249545445,0.0936376717,3.2681177634,-0.199484908,0.0936376717,3,0.0497282396,0.2857142857,3.499465812,2.7026186714,-0.464753026,0.0020042188,1.8782185556,,-3.068634317,0.685815071,0,51.70644176,-0.331018769,44.355703986,-0.36200004,3.2545362283,0.2129690889,0.0615425452,0.0,0.0,1,1.0,0,0.0,7.0684064848,3.0,-73.3939703,0.1135978028,0.2424822242,-1.027074212,2.6298105629,,-0.67794271,-2858.184344,0.1473165608,10.326637033,-0.000338091,-0.000719372,-0.026124474,-0.954296447,0.0633809857,1.6330115449,0.0,-0.371273562,2.5126341305,-0.224274306,4.0,10.932524674,0.5710728519,2.8628762542,0,-0.258063742,0.1724382043,0.0780122081,0.1052565139,0.7019644701,7.4580638238,1.693268e-07,7.3924415e-09,2.5018240412,6.2591235333,0.2985942486,0.1330951423
75828,0.1666859924,0.0480402646,4.0045971582,0.0,0.1708037294,0.2478877654,0.3406909789,0.0754023793,0.5923722883,-0.005654343,-0.055555556,-0.032369552,-0.219428571,0.0585816713,0.0323695524,26,-0.003371828,0.0120481928,0.2629370629,0.1559034238,0.1397141384,0.4183006536,0.0561056106,-0.017669699,0.2535094963,0.5767182365,0,1.3542045868,0.0314050231,1.3410993811,0.0399829724,1.4945382324,12.472375691,0.3331772053,0.0,0.0,0,0.0,1,0.0,1.3852188274,8.0,-9.934768063,0.1997444237,-2.429417956,3.9447087617,-0.835317697,-0.786847643,1.0531539492,13979.466457,0.0288563477,16.739577618,-0.00049743,-0.024471246,-0.041966427,-0.008305549,0.4313333333,-0.005946321,0.0,0.0032472325,1.0505459096,-0.041778691,5.0,17.615260989,-0.382467626,2.6990731988,0,-0.111549313,0.0292576812,0.0144409751,0.0218607033,0.382672659,3.6981669982,5.724511e-11,1.1364821e-08,0.7322824162,0.5362375371,-0.102123199,0.0416867693
14312,0.5987094553,-0.03793344,0.1394235247,0.0,0.4257826295,0.4669136234,-0.030480271,0.034607437,0.2495157,0.0139752218,0.1804690079,-0.20350746,-5.404328601,0.1670713352,0.20350746,2,0.0005968089,0.0,-0.000652485,0.1956122235,-0.002033801,1.3738165103,-0.121499912,0.0213387503,-0.048963506,0.3655793939,0,2.7119727671,0.0205039061,2.3037429737,0.0669616344,1.8461360472,5.3675494487,0.068000642,0.0,0.0,1,1.0,0,0.0,0.3826142694,5.0,-0.040629146,,0.0012041531,-0.187160158,0.1316523773,0.4751018389,0.0128186921,804.74411443,0.0943163074,14.742379506,-0.013483001,0.0395694486,0.0920208274,0.0089545764,0.14933247,0.0103519068,2.0,-0.006400788,3.3876772407,-0.098366852,5.0,15.172831135,0.1900073722,1.1858000238,0,-0.075760491,0.0223492887,0.012548855,0.023516882,0.3669601103,1.3058592353,1.0387204e-09,2.6541165e-08,1.0821218072,1.1709876055,-0.044889577,0.0341732806
11348,0.8630194077,0.098003139,-10.27943987,0.0098451461,14.559695586,0.451199996,0.0133956915,0.0562149061,0.0231572235,0.0019794853,0.0543383347,-0.000149394,-0.02410796,0.1003657947,0.0001493936,22,0.0,0.0280373832,0.0229924781,-0.029447501,0.0107159717,0.121453974,-0.46957391,0.0002279117,0.0908246067,0.3460958142,0,0.5897173829,0.196546483,0.5897173829,0.196546483,0.3295879905,0.0768818256,0.0074173471,0.0,0.0,0,,0,0.0,0.4502470647,6.0,0.0011093779,-0.000145572,-0.015712651,-0.057203493,-0.063500086,,0.0208281535,-5275.428742,0.0286434127,11.93847094,-1.1397e-05,0.0015754437,0.0301703258,0.0096848809,0.0293703439,-0.01978137,2.0,0.0020268632,-0.356799465,-0.010870933,3.0,10.519816318,-0.195419555,0.2320651671,0,0.0654744878,0.0486434065,0.0136334164,0.0101665451,0.7767693519,1.2155718483,5.7939424e-08,7.547975e-08,0.5212436914,0.2716949858,0.1113050901,0.0221899389
23799,0.6787789079,-0.017090393,-10.71575847,0.0,3.0455211348,0.6048632874,-0.002104804,0.1654840991,0.0004258888,0.0,0.1944674287,-0.079305651,-16.05518832,0.2572990821,0.0793056513,22,0.0,0.0226804124,0.0776507705,0.001080538,-1.028764398,0.5192065491,-0.05621991,0.0004949518,0.0510559011,0.1126858605,0,18.837447699,0.1289712957,18.837447699,0.1289712957,2.3791685182,2.7631752661,-0.003011738,0.0,0.0,0,,0,0.0,0.0021073272,3.0,-0.064618381,0.0370863568,-0.041113216,-0.172413005,1.2260305646,0.1823781797,0.1588152844,-9280.127478,0.0331128264,12.899224779,-0.000905575,7.10255e-05,0.0004132447,0.0024057581,0.0519269386,0.0007223635,1.0,-0.005976721,0.2284843919,0.0217848239,4.0,11.558416829,-0.519123585,0.3100787829,0,0.048781298,0.0973684564,0.0419209251,0.0602847155,0.4137055235,0.5695477647,6.6968175e-08,7.5078658e-08,1.4403422167,2.0745857013,0.0814276526,0.049884828
11285,0.8705328509,0.0686620864,-11.09491434,0.0197064254,7.7756708879,0.4235755213,0.0308663429,0.0104591108,0.0426307742,0.0015243902,0.006233586,-0.007128654,-0.913106097,0.1313578562,0.0071286539,22,-0.007505326,-0.054982818,-0.100323813,-0.075831632,0.1464584575,0.0718251168,0.0145379624,-0.008277683,0.0523917844,0.6175178203,0,0.9743559308,0.0001263663,0.9676272096,0.0090971096,0.6092838741,0.0654624741,0.0107696331,0.0,0.0,0,,0,0.0,0.4509007588,7.0,0.0289981148,-0.003635059,-0.098732852,-0.04969005,-1.014966357,,0.051820215,-5134.439122,0.0286434127,12.912501218,0.0002287512,0.0021812108,0.0191713489,-0.006974981,0.0668498714,-0.008914356,1.0,0.0011764706,0.0427118429,0.0097743534,3.0,11.766324683,-0.042277934,0.6575910082,0,0.0654744878,0.0244267099,0.0119393196,0.0191809342,0.833483124,7.1335931053,8.6830572e-09,1.7655104e-08,0.8991041535,0.8083882788,0.0879454786,0.0266741206
11442,0.5543105115,0.075111086,-18.48518755,0.0350594985,4.3550020917,0.2670313842,0.0397364645,0.0277281475,0.0511466232,-0.03784127,0.0302504684,-0.00011479,-0.007401533,0.0756670232,0.0001147899,22,-8.5214e-05,-0.036836403,-0.042010735,-0.059915131,0.0186428586,0.0780504693,0.1191436755,-0.001440219,0.0083328389,0.5997878553,0,0.970598586,0.0086859812,0.9677515249,0.0089158621,1.2702593302,0.0715402771,0.0195158306,0.0,0.0,0,,0,0.0,0.4444369916,7.0,0.0236338523,-0.005885894,-0.080586437,-0.365912389,-1.517138474,,-0.003870618,-4793.367202,0.0286434127,13.508136538,-0.000260242,0.0030196807,0.0257927244,-0.003406924,0.0338718799,-0.033531459,0.0,-0.001419878,-0.196403946,-0.036995419,5.0,13.425983328,-0.012992616,0.8741551049,0,0.0654744878,0.0265223775,0.0124097564,0.0215394781,0.2718463297,1.0259117677,3.8566081e-09,2.81736e-08,0.9040937183,0.8173854514,-0.012848947,0.0228139916
86896,0.6358309165,0.0587962613,-42.15148386,0.0303143182,4.1844932235,0.2415105042,0.0329546388,0.0554655501,0.0502081212,0.0078405184,0.045254284,-0.004367136,-0.348625661,0.0792941467,0.0043671356,22,-0.000396426,-0.01489842,-0.172888081,-0.203911038,0.0219222022,0.1902427563,0.0336294957,-0.000407843,0.1279863715,0.4254714356,0,0.7299014837,0.0197460508,0.7294133841,0.0204636916,2.711350039,0.0895376014,0.0171623228,0.0,0.0,0,,0,0.0,0.4067882148,7.0,0.0573604113,-0.009209336,-0.058648454,-0.284391984,-0.804504548,,-0.000243494,-3944.761582,0.0286434127,14.371605806,0.0001604768,0.0031638291,0.0250135204,0.0008598547,0.0196114474,-0.003229682,2.0,0.0005380683,0.1459839071,0.042860874,6.0,14.271206413,-0.199027238,0.7880470923,0,0.0654744878,0.0316372477,0.0135288388,0.0177173589,0.2289415441,0.6348086015,2.1509875e-09,3.3910136e-08,0.9084033722,0.8251966866,-0.032157458,0.0221964893
11018,1.308278902,0.2831439033,-12.58705358,0.0,8.8433033831,0.556138852,0.0342911002,0.0056024666,0.0371252101,0.0285701867,-0.033648522,0.0100795911,0.3261234759,0.2114448559,0.0100795911,23,-0.002773554,0.0646867372,-0.002261531,0.0309214257,0.4602870308,0.1553143309,-0.13736422,-0.002782903,0.4188266767,0.586035826,0,1.0583262556,0.0208977682,1.0371368666,0.0240706405,0.873370196,0.0769130361,0.0371791834,0.0,0.0,0,,0,0.0,0.4076045423,5.0,0.787901221,0.0021832474,0.0209367032,0.3880560011,0.118438323,,0.1319072146,-4248.260872,0.0286434127,13.648684508,0.0003489601,0.0011732427,0.008846555,-0.005574023,0.0750126999,-0.005027221,1.0,-0.008426966,-0.398692115,-0.048300827,4.0,13.148207977,0.3984081621,0.8023054914,0,0.0654744878,0.0639097095,0.0310628697,0.0492413981,0.4786985797,1.8325898711,1.264786e-08,2.803674e-08,1.9681040622,3.8734335997,-0.043818941,0.0536486249
87952,0.4934297126,0.0541187973,-13.30681333,0.0352781315,3.4934282439,0.1872936119,0.0318054277,0.0535436656,0.0458304109,0.008780068,0.0516334109,-0.008644261,-0.620628797,0.0877064814,0.0086442614,22,0.0001151267,0.0578426264,0.0942115343,-0.014079987,0.0315447481,0.0832649644,0.0834331716,0.0015773019,0.0672691409,0.44486209,0,0.768340128,0.0301725957,0.7565942635,0.0326864765,0.8820367578,0.089534277,0.0179828107,0.0,0.0,0,,0,0.0,0.3751289904,8.0,0.0084228272,0.0040893547,0.0140925924,-0.426793188,-0.444891879,,0.0081688402,-3415.010802,0.0286434127,14.494553476,-6.1037e-05,0.0034475733,0.0280315888,0.0030321737,0.027707293,-0.037171694,2.0,-0.001136794,-0.051352531,0.0142078362,7.0,14.630252357,-0.080385039,1.0513032595,0,0.0654744878,0.0397430658,0.0149788912,0.022612692,0.3204600083,1.5020504082,1.5450897e-09,2.2366603e-08,1.1810243331,1.3948184755,-0.016218983,0.0274468978
75605,0.8479677477,0.0702013145,-28.44578839,0.0124785223,5.9478933596,0.3203598631,0.0291961669,0.0711507005,0.0460055079,0.0486609877,0.0614202787,-0.002784381,-0.26059639,0.0884955236,0.0027843812,22,-0.0001863,-0.023464458,0.2167273082,0.1335855611,0.0190032798,0.0773191232,0.2327019268,0.0004024084,0.1447767636,0.5121378219,0,0.8734825007,-0.016106438,0.8677661143,-0.015316925,1.65253768,0.0711093084,0.0133679622,0.0,0.0,0,,0,0.0,0.3940529113,6.0,0.0094503048,0.0039500921,-0.067214492,-0.072255153,,,0.0089578824,-4641.490322,0.0286434127,13.859730135,0.0001031945,0.0027795023,0.0227573654,0.001176167,0.018060043,-0.069746083,0.0,0.0007627765,-0.116807244,0.032216921,5.0,13.121164967,-0.18553205,0.520421769,0,0.0654744878,0.0384615958,0.0154702735,0.0236698765,0.378860853,0.912864277,5.134168e-09,4.4436078e-08,0.7860994581,0.617952358,-0.036074285,0.0249919111
14440,-0.116837467,-0.347956161,8.1644279539,0.0,0.5417411897,0.0884584869,-0.369971498,2.3874659401,-0.732236272,0.4144222415,3.3002041528,-0.529527965,-0.586706088,-0.143808163,0.5786463093,3,0.010271206,1.6666666667,,,,4.743872549,2.4859950082,0.0656129567,0.8940865409,0.2528108008,0,0.4393939394,0.6923295655,0.3397186137,0.6560206786,1.0159582133,3.5430904523,-0.991479088,0.0,0.0,0,,1,0.0,3.4596023796,5.0,,0.3322336392,1.4740690676,-8.937240143,5.0155109476,-0.42660587,-8.901160147,-5228.538437,0.0248274717,13.130803162,0.0411086418,0.0961391205,0.7002075858,0.026943667,0.4598577097,0.0005149489,1.0,0.005923001,1.2867901951,0.0029776916,4.0,14.347616588,,2.9192954713,1,-0.25352422,0.0519765764,0.0251092783,0.0477292343,0.3366330016,3.887315588,3.4630306e-09,8.7388372e-09,2.3026240539,5.3020775337,-0.276491906,0.1053996095
13794,0.686870548,-0.00602908,-1.339260253,0.0,0.3460941163,1.5785519821,0.0915122334,0.2026964787,0.5826180407,0.516023166,0.4028258362,-0.029273671,-6.814159292,0.0350540341,0.0292736708,2,0.0,0.6964285714,0.5670827522,1.4540094292,0.2305229665,4.5,0.3332063976,0.0042847772,0.6170916552,0.2777699253,0,2.1099112731,-0.5109642,2.1099112731,-0.5109642,3.9696766403,48.983443709,0.1216848674,0.0,0.0,0,,0,0.0,1.7478541222,5.0,0.0883952645,,0.5924102509,0.3948418748,0.0107692367,-0.327314296,-0.003747854,-5797.120508,0.1865376934,10.797201304,-0.004375563,0.0088783628,0.0190235778,0.062757732,0.1552195891,-0.000163032,1.0,0.008,0.359124888,0.0812283009,4.0,10.276247656,0.8730990981,0.5119062942,0,-0.012367651,0.0517240874,0.0178883186,0.0373139392,0.7006870073,1.1980372071,1.5796376e-07,5.5177923e-08,1.1447041249,1.3103475335,0.2648368908,0.0752983412
10252,0.6234463226,0.0582491373,-28.70483024,0.0223487082,5.5717351144,0.2768325656,0.0274343596,0.0435592404,0.0415784999,0.0081071999,0.0393433259,-0.003994497,-0.415974601,0.082479299,0.0039944975,22,-0.000302307,-0.004065041,0.0420762605,-0.011634639,0.0172394369,0.1718481755,0.3146689048,-0.000452516,0.0828126585,0.5868446165,0,0.9804339957,-0.001848601,0.9776259935,-0.001340017,1.5955714879,0.0578596897,0.0126167204,0.0,0.0,0,,0,0.0,0.4287064273,5.0,0.0139518697,0.0011117782,-0.047815075,-0.296776578,-0.943718913,,0.0029416578,-4471.085632,0.0286434127,14.027881725,0.0002274284,0.0025841029,0.0250162448,0.0066279193,0.0350821086,-0.050322765,2.0,0.0004338395,-0.036714738,0.0144629888,6.0,13.857759469,-0.114679033,0.7623501381,0,0.0654744878,0.0200134777,0.0129637351,0.0299657654,0.4383271705,2.1690150155,2.5741579e-09,2.5159057e-08,1.0062194399,1.0124775612,-0.018014132,0.024257248
88912,0.8357153479,0.0601524389,-21.71365941,0.0137822219,6.6703383654,0.3966436001,0.0389042331,0.0175511314,0.0518868586,0.0060475919,0.0101078569,0.0022203916,0.2746795405,0.0436297946,0.0022203916,22,0.0025940454,-0.022321429,-0.099431603,-0.130519072,0.0039166789,,,0.0014194936,0.0811379172,0.4962871447,0,0.7783196193,-0.021826488,0.7647183238,-0.025673408,1.3568631033,0.0858615637,,0.0,0.0,0,,0,0.0,0.4951485657,4.0,-0.448093511,-0.007514076,-0.066071463,-0.084507553,-1.256492937,,-0.035907847,-5198.893972,0.0286434127,12.682677228,-2.9913e-05,0.0022049373,0.0198407862,-0.0041824,0.0493665394,-0.004841841,0.0,0.0,0.8754738009,-0.001979457,2.0,12.445316108,-0.045810888,0.7916411921,0,0.0654744878,0.0302405208,0.014085084,0.020154179,0.4185364425,1.0044476598,1.1996276e-08,3.952797e-08,0.5204678708,0.2708868046,-0.190496135,0.0379070409
90086,0.6492445329,0.0625657876,-9.755423705,0.0365590602,8.243941658,0.3227414228,0.0225697178,-0.001162003,0.033539287,0.0012660231,-0.005115645,-0.002197781,-0.31257732,0.0821224338,0.0021977812,22,-6.2628e-05,-0.045592705,-0.019101687,-0.033232797,0.0187044097,0.1582752388,0.1300605315,-0.000108956,0.0519183018,0.5800268732,0,1.0123688465,0.0552675748,1.0123688465,0.0553573379,0.4049359377,0.0534352384,0.0091006683,0.0,0.0,0,,0,0.0,0.4838267383,6.0,-0.055774822,0.0006477407,-0.089342739,-0.270978368,-0.949461837,,0.0025847926,-5304.686812,0.0286434127,12.249657493,4.97698e-05,0.0023008697,0.0298972669,0.0054471142,0.0612970834,0.0021295437,1.0,0.0020408163,-0.323859126,0.0161935603,5.0,10.943154176,-0.107016269,0.3523240565,0,0.0654744878,0.0166550856,0.0083104177,0.0172549339,0.6716307689,1.3417445151,2.9631342e-08,5.7338588e-08,0.919123176,0.8447874126,-0.014349337,0.0237042797
14497,-0.010893019,-0.139847559,25.192497391,0.0,0.0537683502,0.0,-17.17196532,0.3126951093,0.0,0.2201099125,0.2958361775,-0.529527965,-0.418786455,-0.081281295,0.5786463093,3,0.0,1.0,,,,0.296875,1.078125,0.0261879986,0.2334830019,0.8951618444,0,0.7803413401,-0.006258638,0.7803413401,-0.006258638,0.0,,-2.931557353,0.0,0.0,0,,0,1.0,0.0006414368,1.0,,-0.029412831,0.7913767599,-8.831295695,8.2311972221,-0.42660587,-8.83863328,-5370.830877,0.0248274717,11.332063799,0.0,-0.149867072,-0.169509,0.0,0.9734194038,2.7333333333,1.0,1.1243243243,-0.462572288,0.0182823758,5.0,11.883495982,,1.522257721,1,-0.25352422,0.0151515007,0.0150204001,0.0404352273,0.440031289,4.4885112246,1.1106166e-08,1.0417452e-08,1.8141619479,3.2911835731,0.3148134995,0.1049177293
12189,0.6559716362,0.1201872403,-6.67051828,0.0241302984,7.7232609977,0.3120797947,0.0279143971,0.1443217951,0.0348338041,0.0,0.1416075658,0.0028274324,0.1846927776,0.0979895251,0.0028274324,22,0.0003541167,-0.076335878,0.1331046648,-0.014990719,0.0440840342,0.0506212609,0.2086588415,-9.4365e-05,0.1772769989,0.6985899846,0,1.3124932865,0.0334096577,1.3117716672,0.0330757583,0.3040315964,0.046672361,0.0171644844,0.0,0.0,0,,0,0.0,0.4577734288,6.0,0.1107080871,0.0014425683,-0.120085912,-0.264251265,-1.71561226,,0.0184518839,-5313.238532,0.0286434127,12.516298751,0.0001699955,0.0029828714,0.0375596261,0.0048779921,0.1451277056,0.0093235833,2.0,0.0015909136,-0.210101689,0.049958216,3.0,11.323959287,-0.143466186,0.2738933208,0,0.0654744878,0.0191348009,0.0089457698,0.0140940418,0.9418333019,1.4336959702,3.4813003e-08,7.3233864e-08,0.3740168795,0.1398886261,0.2792463287,0.03328392
11208,1.0314663074,0.1146719858,-10.0727766,0.0392394905,8.7597060458,0.6765810056,0.0518527485,-0.086896874,0.0447606434,-0.023272106,-0.105345697,-0.01151,-1.054448762,0.2355877193,0.0115100002,24,-0.003377048,0.0215123859,-0.014711302,0.0176206011,0.0484796687,0.1534510354,-0.013450858,-0.003512742,0.0808054021,0.5538770301,0,1.1177268893,0.0245379238,1.0953485557,0.0279260016,0.8637858908,0.1044407367,0.0141580408,0.0,0.0,0,,0,0.0,0.5150956464,7.0,-0.035847375,0.0071239342,-0.022237648,0.1112434065,-0.90271728,,0.1560500781,-4755.659722,0.0286434127,12.868143461,-0.00096907,0.0006175722,0.0050120722,0.0011280326,0.0736477109,0.0081193732,1.0,-0.037800687,-0.159109022,0.0880628843,4.0,14.092659191,0.3075571928,3.3671266566,0,0.0654744878,0.0854591951,0.0298272719,0.046026628,0.3138246181,2.9228967245,7.2631885e-09,1.0026853e-08,1.614924007,2.6079795485,-0.108158195,0.0515721047
90983,0.9770952784,0.0929708658,-12.57485209,0.0101210295,9.327083251,0.5009414439,0.0361387117,0.005615241,0.0454206308,0.0,-0.009607083,-0.004869944,-0.538240307,0.1430115331,0.0048699437,22,0.0011709839,0.089347079,0.0250466078,-0.029854217,0.1098209395,,,0.0017947509,0.1785257827,0.5172795922,0,0.8755345526,0.0196095842,0.8713722843,0.0179895423,0.7320617095,0.0789377178,,0.0,0.0,0,,0,0.0,0.5613540534,8.0,0.0376689782,0.0020794138,0.045597045,0.0568723775,-0.4880916,,0.0634738919,-5397.504952,0.0286434127,11.569744926,0.0004431013,0.0024035611,0.0248341402,0.0043820892,0.0430246964,0.0505470182,0.0,0.0005270909,8.6410052323,0.0139211947,6.0,8.8203154689,-0.038271396,0.0860097986,0,0.0654744878,0.0365197845,0.0124289751,0.0137485268,1.5543679188,1.2108652399,1.202702e-06,1.0000002114,0.2103814153,0.0442603399,-2.532741672,0.0211034962
13757,0.9417275337,0.0147067469,-15.35080856,0.0,0.911405196,0.3676686721,0.0448280663,-0.096549129,0.074286376,1.251001596,0.0348030019,-0.028806522,-5.320224719,0.0929499452,0.0288065218,2,0.0,-0.052144875,0.111944028,-0.028832671,-0.035601746,0.2044419134,0.1734316809,0.0031266285,-0.190540445,0.0636871535,0,0.8845283019,0.1249894842,0.8845283019,0.1249894842,5.0568181818,18.936170213,0.0495136232,0.0,0.0,1,0.1853440572,1,0.0,0.1641218663,5.0,-2.33013777,,-0.091943753,5.3505732082,-0.453011146,-3.39269878,0.815367952,-2726.446441,0.0314049921,13.056036977,-0.00100458,-0.000707145,-0.001986456,0.0083455618,0.0197848761,0.0738253172,0.0,-0.010638298,0.6236876639,-0.009649422,3.0,15.73988711,-0.167670107,8.7429439295,0,-0.107492679,0.0189906228,0.0131143139,0.039408526,0.686424038,39.064733172,4.976926e-10,3.4346017e-09,1.0902178786,1.1885750229,-0.042707167,0.0211689185
13799,0.4894056041,-0.090177457,3.0635434506,0.0,0.0614517898,0.1812383991,-0.225562595,-0.157824976,0.0945308802,0.0020850709,0.2684277801,0.0485772532,0.324543332,-0.119443949,0.0485772532,2,0.0291230535,0.327510917,0.1119554205,-0.286394609,-0.277349681,0.0817389417,0.129320657,0.1823650077,-0.19192229,0.6390860976,0,5.7127134418,-0.596150167,4.3358420329,-0.658170455,1.2126401856,3.083298216,-1.30150263,0.0,0.0,1,1.0,0,1.0,0.1011111111,2.0,6.8002086401,,0.1893052205,0.1237921976,-0.376003649,0.0744744517,-0.127134992,-4208.788619,0.0410566741,12.26163726,-0.00104715,-0.085275451,-0.100634144,-0.008107947,0.1850772183,0.1637297356,0.0,-0.049180328,1.10753898,-0.277805943,3.0,13.931464748,0.4550618487,3.593394739,0,-0.131569503,0.076127179,0.0363769128,0.0475766378,0.4240839963,7.2969213274,6.5299135e-09,5.5365063e-09,2.7876619428,7.7710591073,-0.080536263,0.093121942
52936,0.6003911244,0.0569672495,-1.682889648,0.0433766666,0.8723106677,0.9641662718,0.0712815224,0.066070925,0.0708452322,0.0026557526,0.0931313297,-0.015385841,-0.385425038,0.0789238538,0.0153858406,27,0.0,-0.022222222,0.0676105026,0.0082841241,0.6899192629,0.1764668881,-0.095851674,0.0039416655,0.0290592081,0.241769729,0,8.8285085608,0.0566730467,8.8285085608,0.0566730467,4.2714973776,6.6861279029,0.0789655964,0.0,0.0,1,0.4827586207,0,0.0,0.1662964764,7.0,0.0054040641,0.0531823588,-0.086015851,-0.250800789,1.3966275484,-0.103629127,-0.019559944,-6537.043608,0.0331128264,14.888099383,-0.001915163,0.0033293477,0.0082641363,0.0116375152,0.1152843845,0.001409795,1.0,-0.001583845,2.4013830383,-0.03021362,6.0,14.397253161,-0.002557207,0.5676150143,0,0.048781298,0.0108736036,0.0096458673,0.0158962329,0.377007413,0.9077095027,1.2095792e-09,4.7852197e-08,0.6019524709,0.3623467773,0.0608133523,0.0240869741
56611,0.7675539763,0.0637385975,-19.01599318,0.0374284905,5.5289878694,0.2455071863,0.0249271021,0.1348972887,0.0399841804,0.0091701589,0.1477542439,-0.001464015,-0.136030231,0.0724089736,0.0014640146,27,0.0003070429,0.0195739781,-0.01592355,-0.171493228,0.0120352301,0.1039050286,-0.230847022,0.0026767233,0.0501587644,0.4930808667,0,0.962070331,0.0571040242,0.960726298,0.0568183496,0.9187002675,0.062825327,0.0138310525,0.0,0.0,0,,0,0.0,0.303514727,6.0,0.1091004278,-0.002161133,-0.024176056,-0.152668925,0.6127581105,,-0.007128668,-3949.876422,0.0286434127,14.216222928,0.0001363373,0.0029024457,0.0245025394,0.0044384444,0.0231125891,-0.024716876,3.0,0.0008510638,0.0594949988,0.007576765,5.0,14.659609297,-0.191009726,1.9809515664,0,0.0309120536,0.0269541945,0.0186944546,0.014511848,0.7423271567,10.829594606,7.968987e-10,7.7280849e-09,0.7547362611,0.5696268238,-0.106281021,0.0244062325
56710,1.2680425781,0.2258673966,-10.79298233,0.0088970876,3.028212727,1.9071500356,0.0799407194,0.0812434692,0.1670100015,0.00521251,0.0159191308,-0.030490057,-0.558167017,0.3519391275,0.0304900572,22,0.0,-0.099009901,0.0514551995,0.0481163013,0.1080431941,0.1520119225,-0.182049837,-0.002522765,0.2773960325,0.1377428295,0,23.080321285,-0.058448134,23.080321285,-0.058448134,7.5089911256,4.4583333333,0.0781971809,0.0,0.0,1,0.0267165375,0,0.0,0.6230580784,6.0,0.0119923962,0.0486389418,-0.16280353,0.4168506652,4.3221119895,-0.352435746,0.2534553297,-9627.031779,0.0331128264,10.590109471,6.8631354e-06,0.0110312438,0.0370395838,0.0163934426,0.0736660446,-0.00143854,1.0,-0.004724862,0.0175165434,-0.006663746,4.0,7.772643219,0.2326924335,0.090366242,0,0.048781298,0.072118476,0.0214809659,0.0140333628,2.0124772422,0.7520686151,1.16166e-05,1.3732179e-07,0.0643448055,0.004140254,0.7106594084,0.049605434
56822,1.5897151461,0.1078536823,-13.60613955,0.0012992943,10.005763065,0.7239888334,0.0148751743,0.0481492124,0.0148601863,0.0002751032,0.0440293535,-0.018724472,-1.966852294,0.3199859447,0.0187244718,22,0.0,-0.053763441,-0.176093004,-0.227687524,0.2288891521,,,,0.0748452292,,0,19.128985042,,19.128985042,,0.9297072677,2.2917468273,0.0113681064,0.0,0.0,0,,0,0.0,0.1111517817,6.0,0.0231630354,0.0232892698,-0.11755707,0.7385232332,,-0.022212169,0.221502147,-8681.757678,0.0331128264,13.520577178,-0.000529262,0.0014086484,0.0101882512,-0.066090579,0.0397553469,,0.0,-0.01512219,-0.339072438,-0.011823154,2.0,12.614006458,-0.238255331,0.3878540939,0,0.048781298,0.0103448015,0.008991714,0.0205030754,0.6216714862,1.4087452596,4.4229835e-09,4.9702019e-08,0.9860100535,0.9722158256,0.0454965442,0.0242011664
10395,0.9807665218,0.0910176279,-9.443283891,0.0,3.2815115871,0.9676928047,0.0353366105,0.0706865075,0.0361831723,0.0058458938,0.0519435364,-0.029457605,-1.333938256,0.2124295236,0.0294576046,22,0.0,0.0922818792,0.1045888897,0.0505593237,0.1004625109,,,,0.1385616684,,0,6.5338322964,-0.048706596,6.5338322964,-0.048706596,3.0351873314,0.7949325093,0.0299048715,0.0,0.0,0,0.0,0,0.0,0.1501321197,7.0,0.0109603413,0.0513128947,0.0284882503,0.1295746089,0.8307202369,0.0313478381,0.1139457258,-8613.382138,0.0331128264,13.998307951,-0.001413524,0.0040079432,0.0172745815,-0.000962563,0.0837893479,,0.0,0.000448833,0.0616662374,0.0020049699,5.0,13.643998734,-0.125632807,0.6840982591,0,0.048781298,0.0171372127,0.0085360359,0.0172848249,0.4558456859,1.3569872633,1.9764001e-09,3.3279213e-08,0.6497950021,0.4222335447,-0.030667305,0.0207215096
10297,1.0840843737,0.0778355153,-24.91325968,0.0349717141,10.574078789,0.5268161956,0.0257741651,0.0561259104,0.0423142562,0.0049896556,0.0700895095,-0.000819768,-0.119521912,0.0871385649,0.0008197684,22,0.000155756,0.0,0.2449891906,0.1808552,0.0335796612,0.1674388094,0.4226928345,0.0005456959,-0.063119318,0.617801773,0,1.0939079425,0.0160642082,1.0919551597,0.0160049406,1.3101586751,0.056307148,0.0107058274,0.0,0.0,0,,0,0.0,0.4036661597,7.0,-0.018741614,0.0074208149,-0.043750034,0.1638614728,-1.151447133,,0.0076009237,-5369.492862,0.0286434127,11.681717278,-0.0002724,0.0014204395,0.0150397534,-0.005901417,0.0281054888,0.0017577878,0.0,-0.004584504,1.1049520815,-0.001457912,3.0,9.5826787678,0.081165345,0.1478167502,0,0.0654744878,0.0216450356,0.0098805624,0.0173889895,0.7853786435,0.4842208168,2.5866625e-07,1.5321342e-07,0.2079572471,0.0432462166,0.5061396556,0.0189738384
12068,0.8430310163,0.0596238524,-38.29439805,0.0277111987,5.8560329237,0.3191253869,0.0258215847,0.2155982251,0.0551467457,0.170119869,0.2093670538,-0.009049099,-0.926553291,0.114868529,0.0090490994,28,0.0189347786,0.1265337423,0.0595484977,-0.185601894,-0.006130184,0.1581108527,-0.116800556,0.0238549475,0.2607204294,0.422980626,0,0.7949076774,0.0854964802,0.7667615866,0.0546493333,2.3122648075,0.0884891311,0.0134566672,0.0,0.0,0,,0,0.0,0.4544846212,4.0,-0.018215361,-0.000974748,0.0827837083,-0.077191885,-0.670238364,,0.0353308878,-3759.799462,0.0286434127,14.407825371,0.0004740713,0.0031193741,0.0258587254,0.0006418834,0.0145537245,-0.009544009,2.0,0.0057430007,0.9651792681,-0.018737865,7.0,14.879477318,-0.066747401,1.7063984941,0,0.0654744878,0.0373443812,0.0139967139,0.0214711407,0.4961586588,6.5515103428,9.540266e-10,1.0937294e-08,1.0827698015,1.172390443,0.0321338594,0.0229373192
75860,0.0281958476,-0.048786109,4.03776584,0.0,0.2238696002,0.0687072983,-1.501036008,0.8982990358,-0.296047617,0.007869341,2.1100436291,-0.022740696,-0.089695253,-0.044410227,0.0227406964,26,-6.2612e-05,0.0325732899,0.4281588086,-0.370910959,-0.696949988,0.3391780485,0.0584745145,0.0404553648,-0.536268643,0.9322413112,0,8.1591734152,0.1503029516,8.077213069,0.1614757626,0.3075808406,14.743364357,-0.299865884,0.0,0.0,0,0.0,0,0.0,-0.718358235,4.0,-15.61448365,0.1182899948,-0.27353481,-0.039138221,11.27426172,-0.696480341,0.2888174765,-3990.291649,0.0238858186,13.298796702,0.0,-0.107512834,-0.811535723,0.0019736111,0.8678462379,0.0980637632,0.0,-0.00625,-0.192755734,0.0514368834,6.0,14.447528621,-0.829281912,2.4952015649,0,-0.25352422,0.0832408443,0.0536950068,0.0561096945,0.4097857972,11.407144957,3.3264443e-09,8.1594006e-09,1.6473432122,2.7137396589,-0.299893537,0.0924553578
78903,0.884058498,0.0433662199,-32.84309549,0.0186913502,5.7902663111,0.3123100827,0.0319852054,0.2470297818,0.0529938206,0.3989251367,0.2122907886,-0.006402159,-0.887736754,0.0818640072,0.0064021585,22,0.0011839519,0.2802197802,0.1484157706,-0.211030585,-0.027500302,,,0.0064421099,0.5351541166,0.4798330457,0,0.8638008685,0.1051256774,0.8610487752,0.1039106916,1.9551697204,0.0749542893,,0.0,0.0,0,,0,0.0,0.4925232337,4.0,-0.04145027,0.0008386636,0.2364697462,-0.036164403,-0.694069079,,0.002326366,-5113.759412,0.0286434127,12.874454214,-0.000146686,0.00128768,0.0098860734,0.0254935762,0.0197412066,-0.046582062,0.0,-0.008658009,3.5135795814,-0.092383496,4.0,12.362371834,0.3017516442,0.8356463634,0,0.0654744878,0.07320714,0.0190643143,0.0258863956,0.4820874722,1.2708342803,1.1287243e-08,3.6077071e-08,0.8741560166,0.7641487413,-0.102545174,0.0317348136
68292,0.8295489948,0.0922340362,-6.562573428,0.0197712648,3.4506157189,1.3092925367,0.0313493255,0.0496605355,0.0335297129,0.0120346196,0.037082296,-0.014151569,-0.641175517,0.151372242,0.0141515688,27,0.0,0.0476190476,0.0660555045,0.0071812151,0.2109562551,0.2120640905,0.0568692133,0.0002508704,0.1054294549,0.2408736339,0,,,,,2.8340622787,1.7072887578,0.0296342252,0.0,0.0,1,0.1246409372,0,0.0,0.1630526341,7.0,-0.000359831,0.0651458736,-0.016174581,-0.021642918,1.1081520665,-0.245194044,0.0528884442,-8123.064528,0.0331128264,14.509069247,-0.000504909,0.0069271568,0.0358662396,0.0155787523,0.1094172511,0.002119324,1.0,0.0067611075,0.470974427,0.002445559,5.0,14.250425851,-0.40815135,0.7257708232,0,0.048781298,0.0202428252,0.0126285207,0.0205350898,0.2940564397,0.9399105297,1.8788482e-09,3.4782997e-08,0.9089817719,0.8262478616,0.1902267787,0.0232066502
11786,0.4767089282,0.0446508271,-18.36258005,0.0,5.9700597954,0.2500630724,0.0287070066,0.4893575543,0.052362952,0.1118995633,0.5120587101,0.0002557106,0.0318575353,0.0432283618,0.0002557106,22,-1.3382e-05,0.1232394366,0.0536502363,-0.267380748,0.0048297657,0.4971632538,-0.065273801,0.0004512214,0.4330493778,0.3051396987,0,0.4663339632,-0.14820167,0.4663176283,-0.148162201,0.8229610114,0.1039522912,0.0103578822,0.0,0.0,0,,0,0.0,0.7035056223,4.0,0.0123530177,-0.010577408,0.0794894026,-0.443513973,-0.414828717,,-0.036309279,412.38192839,0.0286434127,15.502321526,0.0004664132,0.0020313341,0.0267880261,0.0107202187,0.0401175558,0.0053210641,0.0,8.65501e-05,0.6044120779,0.0620450815,3.0,16.577449442,-0.065214863,3.0906733584,0,0.0654744878,0.0639108866,0.0255024134,0.0327638406,0.4744835124,8.1893234358,2.928247e-10,7.5057094e-09,1.5282491502,2.335545465,0.053842434,0.0308415516
43837,1.2015947974,0.0672360249,-13.41939503,0.0050469317,3.6587778956,2.1988280637,0.0206307291,-0.064078611,0.1590625948,-0.016364666,-0.105088273,-0.008985848,-0.677468852,0.1127863375,0.008985848,22,0.0,0.0,-0.069350855,0.1511741207,0.0218792156,1.2741412832,0.0620163853,0.0001662681,0.0832840385,0.2698100347,0,3.6249632308,-0.218755947,3.6249632308,-0.218755947,7.8987221679,1.5157209625,0.0215463975,0.0,0.0,1,0.0498181637,0,0.0,0.7442920336,5.0,-0.007416462,0.0223586986,-0.063793629,0.3504028845,,-0.814114617,0.0143025398,-9418.425228,0.0331128264,12.488738312,0.0039447006,0.0116996051,0.047397466,-0.001081982,0.0358207101,,3.0,0.0418798439,0.7830740479,0.049945564,2.0,10.936346009,0.0430235267,0.2195833092,0,0.048781298,0.0295225699,0.0134554016,0.0215966556,0.7223063023,0.5037626706,4.3150331e-08,1.4011939e-07,0.4979252785,0.247929583,0.4764121002,0.0338049564
10892,0.6764222026,0.0743530396,-7.613469301,0.0063900709,6.0363611357,0.3300360982,0.0387912772,0.0747508228,0.0485421843,0.0571107364,0.0560300219,-0.002838912,-0.247391037,0.0927473151,0.0028389118,22,-0.000380187,0.1036745407,0.068718872,-0.014089023,0.0231243683,,,-0.000417427,0.2767288866,0.5817642797,0,1.0216472768,-0.059727732,1.0122639403,-0.058569988,0.4696785089,0.0748960279,,0.0,0.0,0,,0,0.0,0.5722621068,5.0,0.0029752933,0.0022265411,0.0599245067,-0.243800698,-0.11572332,,0.0132096739,-4775.486152,0.0286434127,13.823868693,0.000404999,0.0028411715,0.0288303772,0.0068667644,0.1043889216,0.0082773084,1.0,0.0006942034,0.3056727068,0.0610042214,3.0,13.662785176,-0.265721511,0.814560269,0,0.0654744878,0.0231161937,0.0136907085,0.0209872664,0.4009017901,1.5582753127,3.2027584e-09,2.7794106e-08,0.9823241816,0.9649607977,-0.004770362,0.0231370017
75509,0.6894325455,0.0577064394,-22.82989789,0.0052782811,6.4612724898,0.2837293006,0.0203222596,0.1149930345,0.042171035,0.0084679858,0.117401727,0.0021523747,0.2529584832,0.043109106,0.0021523747,22,0.0146421559,-0.048571429,0.0842897514,-0.186389271,0.015547612,0.0997419737,-0.226647637,0.0145309845,0.0929137908,0.5529828553,0,0.9178553526,0.1607098594,0.9008283742,0.1393447021,1.1478417486,0.0562793597,0.01087956,1.0,0.0,0,,0,0.0,0.4287312049,5.0,0.0076775692,0.0015984277,-0.092321463,-0.230790355,-0.967642116,,-0.036428535,-5233.434412,0.0286434127,12.55805771,0.0005515766,0.0024636927,0.0257545082,0.00595722,0.0473185204,-0.016552288,0.0,0.0018301611,-0.091158344,0.0376584399,1.0,11.623907461,-0.446648921,0.3836944608,0,0.0654744878,0.0397541486,0.0171828323,0.0199937334,0.5108535194,1.0323890117,2.70355e-08,4.8361397e-08,0.7635625242,0.5830277283,-0.1133813,0.0337139718
81577,0.9249796859,0.075824838,-38.282233,0.0173632428,5.9654168247,0.2794474184,0.025171106,-0.012721366,0.0328627441,-0.055576444,-0.013308004,0.0011897956,0.1088163377,0.0675738568,0.0011897956,26,-0.00147536,-0.037192247,0.0520304907,-0.049573897,0.0281299772,0.076804454,0.1402807109,-0.000198427,-0.008921173,0.4818885816,0,0.8947019118,0.0438351793,0.8892914898,0.0465409658,2.0800425279,0.0644267343,0.0142965245,0.0,0.0,0,,0,0.0,0.2457447817,7.0,-0.01469126,0.0001295397,-0.071831562,0.0764160527,42.913061628,,-0.018814833,-2987.988117,0.0286812661,14.611642206,7.31226e-05,0.0029573092,0.0216923814,0.0029201237,0.019497713,0.0322448222,1.0,0.0026373626,0.5492992402,0.0527710542,3.0,14.641876544,-0.177141199,1.1851929123,0,0.0654744878,0.0314182602,0.014632476,0.0212478195,0.2547101389,1.3917101141,1.3689115e-09,2.0878139e-08,0.9725947869,0.9459406196,-0.001708607,0.0238036573
10932,0.7384144966,0.0679399348,-45.63530128,0.0266325279,6.8739658906,0.313268498,0.021486441,0.080564479,0.0380424418,0.0047021421,0.0840234864,-0.003368044,-0.365768553,0.0927902264,0.0033680443,22,0.0020736639,0.0072886297,0.04820699,-0.046918434,0.0035259255,0.2508344747,-0.686875333,0.0021729249,0.0551595863,0.4582100335,0,0.9078601204,0.0516032218,0.9031022697,0.048502697,2.3362706379,0.0670304214,0.0118564971,0.0,0.0,0,,0,0.0,0.3855572118,6.0,0.0002020813,0.001109802,-0.036461404,-0.181808404,-0.397410945,,0.0132525852,-2558.356362,0.0286434127,15.026512646,5.36494e-05,0.0021747795,0.0215868,0.0068905076,0.01126537,0.0060921003,0.0,-0.000280662,1.7485497691,-0.051316409,7.0,15.448262595,-0.042129176,1.6574551881,0,0.0654744878,0.0362015925,0.0173221772,0.0217846116,0.3556158205,3.3557950614,5.918049e-10,1.3127602e-08,1.0814488464,1.1695316074,-0.00340714,0.0234525659
11293,0.7730608892,0.0686308665,-54.23874598,0.0252527927,5.4026431132,0.2804073167,0.0279908483,0.0247026212,0.041779737,0.0042159383,0.0204137396,-0.003992175,-0.35490325,0.092988184,0.0039921751,27,3.87418e-05,-0.014295439,-0.004457213,-0.055025249,0.0493966881,0.0980082676,0.2965288529,3.564e-05,0.0557129367,0.4827773079,0,0.821333524,0.0516944887,0.8191974503,0.0517642636,3.0413714602,0.0707291139,0.0145054079,0.0,0.0,0,,0,0.0,0.3438638084,6.0,0.0098194972,0.0004861181,-0.058045473,-0.147162012,-0.936240841,,0.0134505428,-4478.912422,0.0286434127,14.024638939,0.0002244169,0.0026563447,0.0203242489,0.0105358212,0.0109997953,-0.08332269,2.0,-0.001589825,0.7645366185,-0.016875534,6.0,13.392143293,-0.051190001,0.6408344846,0,0.0654744878,0.0349716023,0.0146083937,0.0216952944,0.4668073941,2.0522263664,2.7055612e-09,2.7795785e-08,0.9463114791,0.8955054154,-0.030843643,0.0223184432
11750,0.9058162498,0.106743561,-18.72300292,0.0434076555,13.994623968,0.6751164675,0.0314291156,0.0004083283,0.0364654888,1.251001596,-0.021187846,-0.005210243,-0.746771037,0.1864565608,0.0052102427,22,-0.001753132,0.0173913043,-0.060166337,-0.20362599,0.0171243703,0.1094020381,0.0855302004,-0.000762031,1.4660486806,0.446888905,0,0.837051421,0.1629900106,0.8186152613,0.171414358,1.0496589802,0.0801117435,0.0083860259,0.0,0.0,0,,0,0.0,1.5185395814,7.0,0.0844465586,-2.6956e-05,-0.02635873,-0.014406651,1.6419671216,,0.1069189196,-5450.611082,0.0286434127,11.317039543,0.0,0.0021094493,0.0236476591,0.0016328865,0.0317845523,-0.028721768,1.0,0.0017597127,0.5695063974,0.0095914057,3.0,10.557687596,0.2694069085,0.3666451366,0,0.0654744878,0.0905660391,0.0423171078,0.0828455587,0.9433753955,2.0419550192,4.5888519e-07,5.6658992e-08,0.5338289093,0.2849733044,1.5814770533,0.0760203605
12480,0.8408382245,0.0786408657,-45.69831749,0.0353234287,7.4879707753,0.3777665688,0.0234587225,0.0418346403,0.0436251908,0.0041729261,0.0431633919,-0.000491606,-0.051020408,0.0826531548,0.0004916064,14,0.0009195381,0.024137931,0.0025555736,-0.097847622,0.0377727064,0.1163892807,-0.066141,0.0025964417,0.0301492481,0.5428108942,0,0.9551851396,0.0434301397,0.9513502573,0.0424525391,2.5125806944,0.0630404285,0.0128742058,0.0,0.0,0,,0,0.0,0.4272766428,6.0,0.0069080344,0.0007556885,-0.019612103,-0.079384676,-0.346785718,,0.0031155136,-5367.634822,0.0286434127,11.80104053,0.0001723603,0.0025419186,0.0249067767,0.0055577184,0.0406951436,-0.000276871,3.0,0.0014905151,-0.610692961,0.0145576133,5.0,10.027851515,-0.017719127,0.1412971542,0,0.0654744878,0.0171558056,0.0087962731,0.0194055226,0.5910684167,0.3379196413,1.1163655e-07,1.0000001423,-0.050958073,0.0075710568,0.9788501701,0.0171820476
11593,1.310023812,0.1046362141,-9.116102806,0.0,7.7445505514,3.0620023877,0.0254441839,0.0845453062,0.2575825405,0.0726075358,0.0809275225,-0.036068403,-2.999484204,0.4184908854,0.036068403,22,0.0003349286,0.14996115,0.0539767318,-0.056340859,-0.027282065,0.3741598868,0.2647240762,0.0018747263,0.1064375335,0.3787419062,0,51.70644176,0.7778460561,44.355703986,0.783606761,3.6092785801,0.9049498949,0.0216944121,0.0,0.0,1,1.2194178025,0,0.0,1.7821677246,4.0,-73.60992996,0.0029059974,0.1067290884,0.5439752312,-3.972034317,0.0241435842,-0.059966917,-3462.612984,0.1473165608,11.072499298,0.0025222819,0.0066751118,0.0463682913,0.1565715705,0.1236008732,-0.022220733,2.0,0.031298392,0.6518239413,0.1068926882,4.0,9.2401088909,-0.203365264,0.1649413914,0,-0.258063742,0.0142566543,0.0073373795,0.0156836995,0.7315839109,1.0222634331,1.8659788e-07,1.1392741e-07,-0.050958073,0.0030278197,0.744482806,0.0459919508
69586,0.6861892913,0.0125012688,-25.09591552,0.0,6.1028929486,0.2314907533,0.0234934155,0.3633392686,0.0456627324,0.4019122562,0.3431075922,-0.00606086,-2.852879213,0.0481658788,0.0060608604,22,-0.000429668,0.1156069364,0.104438697,-0.301027534,0.089784181,0.0953954664,-0.075127685,0.004155685,0.5742432177,0.4609233723,0,0.7965511762,-0.038656512,0.7884652151,-0.035072936,1.0490953759,0.0584409252,0.0041216074,0.0,1.0,0,,0,0.0,0.5216712654,5.0,-0.502713651,-0.002136409,0.0718569024,-0.23403361,0.3894572295,,-0.031371762,-5042.849072,0.0286434127,13.329531704,0.0001850273,0.001373397,0.013587023,0.0279274496,0.0297921203,-0.024281434,0.0,0.0,-0.39755617,0.0123940557,3.0,12.270488235,-0.061078877,0.4326072816,0,0.0654744878,0.0247304607,0.01158961,0.0238313867,0.4157333813,1.0376549902,7.5044295e-09,4.035513e-08,0.7819863718,0.6115026856,-0.016008026,0.0295016516
14523,0.1439376207,-0.147484047,13.179954709,0.0,0.0636843586,0.0050028253,-0.509099093,0.7867665012,0.0025229918,0.1262147866,0.4135180521,-0.526386496,-0.577877525,-0.062256331,0.5263864957,3,0.0384918665,1.5555555556,-0.744329897,-0.866090707,-0.068136681,0.1736232901,2.4859950082,0.0603890291,1.0231290708,0.4140808053,0,4.0056116723,-0.491022484,3.2330714553,-0.498052649,0.082617523,11.5,-2.626543747,0.0,0.0,0,,0,0.0,0.0031902167,2.0,21.733077876,-0.684757167,1.3469323155,-8.676465055,-0.589759831,-0.42660587,-8.819608315,-5441.625707,0.0248274717,11.035279247,0.0,-0.118652805,-0.166706905,0.0437439147,0.3207556148,10.016252135,0.0,-0.178571429,1.4399062854,-0.032160655,4.0,11.166690878,,1.1765090223,1,-0.25352422,0.0939423144,0.0445212357,0.066784108,0.5421294927,3.0535293739,1.1316615e-07,1.8232945e-08,1.1901820091,1.4165332149,2.8223223692,0.1391054454
35685,0.68629047,0.0568934946,-45.52215688,0.0317719532,5.6313566062,0.2729347239,0.0257967848,0.1247594555,0.0453564499,0.0682043349,0.1218283635,0.0012241994,0.1284,0.0495883699,0.0012241994,27,0.0008447357,0.0140646976,-0.022050775,-0.233186024,0.015239837,0.0904294071,-0.131129923,0.0015629838,0.1494016808,0.4994225824,0,0.8647509027,0.0272790629,0.8587960696,0.0272481756,2.3489212969,0.0660032,0.0127843379,0.0,0.0,0,,0,0.0,0.4266764004,6.0,0.044482498,-0.002127013,-0.029685336,-0.233932431,-0.315648436,,-0.029949271,-4355.997192,0.0286434127,14.002962681,0.0002698046,0.0025290612,0.0232719287,0.0077519964,0.0173197676,0.008988831,0.0,0.0020964361,0.6920032822,0.020739235,3.0,13.844298361,-0.107003088,0.9194727795,0,0.0654744878,0.034028586,0.0136410167,0.0237924377,0.3979357374,1.2267712936,3.4373797e-09,3.2836401e-08,0.9755315732,0.9516618503,0.048070132,0.024477215
76038,0.59557807,-0.162366166,0.376977259,0.0,0.1078236475,0.3123707075,-0.788658506,2.3874659401,0.9824038175,-0.81675762,-0.607215241,-0.005765469,-0.017402113,-0.159540652,0.005765469,25,0.0560074127,0.652173913,-0.308190859,-0.20214527,0.1296372434,0.1557971014,-0.164877076,0.3256784969,-1.8893912,0.7463911529,0,9.6402535658,3.2792663029,8.8755942948,3.428478885,0.6229623667,6.8636363636,-0.315531393,0.0,0.0,0,,0,0.0,-0.233875829,5.0,47.221140909,-0.684757167,0.443550673,-8.224824606,1.848844281,-0.42660587,-8.916892636,-5527.546557,0.0248274717,10.038439709,0.0,-0.077072819,-0.106665336,0.0151450086,0.3972478452,-0.066179151,0.0,0.0047393365,0.4303617379,-0.08670228,3.0,8.4179075433,-0.314137195,0.1910764463,0,-0.25352422,0.0497237779,0.026382923,0.0419503629,0.9282775761,0.6564091901,2.7158885e-06,1.2003857e-07,1.0888488309,1.1855917765,-1.680670358,0.0984039186
89207,1.1333811976,-0.010985851,-5.735989446,0.0224763463,3.2754688076,3.9519499201,0.0392916927,0.432628402,0.3371097723,0.2919228284,0.4752226203,-0.024887817,-8.546579851,0.0829055997,0.0248878171,26,-1.6252e-05,-0.028436019,0.0259338314,0.0265432453,2.2489026118,0.1724524002,0.0156429055,0.0181731831,0.3317855978,0.2555056682,0,1.6215117181,0.0736942206,1.5915302538,0.0770435538,18.87010194,5.2766904494,0.0405037727,0.0,0.0,1,0.3430795318,0,0.0,1.1408156046,5.0,-355.6539496,-0.142346803,-0.208813006,-1.226034329,-1.615280075,0.2766021907,-0.054462694,-1764.422658,0.2277833408,14.044337114,0.0021730337,-0.002553616,-0.011406142,0.277007755,0.0345552181,-0.004911874,0.0,-0.001269841,1.4913515052,-0.130762112,2.0,14.980657359,0.5317487854,2.7374753892,0,-0.166303822,0.075780049,0.02313328,0.0403340852,0.3336250269,3.1651510119,1.5950152e-09,1.0616495e-08,1.1411616224,1.3022498485,0.4025229292,0.0503888496
10308,0.5956114727,0.0634997913,-77.5497949,0.0292637631,5.8324706606,0.3114626879,0.029587269,0.0532720213,0.0464255825,0.0095367847,0.0516771908,-0.004930008,-0.486577891,0.0943973859,0.004930008,22,0.0002784105,0.0485338726,0.0116960687,-0.050829947,0.0337554079,0.1305183946,-0.076280545,0.0010589564,0.0693207035,0.4737851343,0,0.8217600021,-0.00300812,0.8203968959,-0.003359059,4.5524879615,0.075872747,0.0128354959,0.0,0.0,0,,0,0.0,0.5088184329,5.0,-0.010023125,-6.9183e-05,0.0047838386,-0.324611428,-0.388725164,,0.0148597447,-4678.936822,0.0286434127,13.797008552,4.28213e-05,0.0026667839,0.0287709104,0.000983289,0.0191418048,0.0098863689,0.0,0.0014992504,-0.1273698,-0.022202717,6.0,13.642375476,0.1720844166,0.6797124601,0,0.0654744878,0.0344827585,0.0142198651,0.0214682418,0.5278337121,1.9386726925,4.0203169e-09,2.9192849e-08,0.8384050632,0.70292305,0.0357607969,0.023887303
77519,0.5713167023,0.0641722813,-5.891412559,0.0361280374,6.1728338592,0.2543018865,0.029438778,0.0272007753,0.0341792858,0.0041709452,0.0219624828,-0.001166062,-0.120924128,0.0719322584,0.0011660623,27,-0.000499242,0.040960452,0.0252375349,-0.062459658,0.0151976517,0.1238428627,-0.150502636,0.0004120358,0.0874236139,0.6288568064,0,0.9398976896,0.0689794571,0.9383003149,0.0698673764,0.260821389,0.0562749739,0.0116445443,0.0,0.0,0,,0,0.0,0.4271267202,6.0,0.0069434821,0.0012035379,-0.002789582,-0.348906199,-0.438322726,,-0.007605383,-4809.821002,0.0286434127,13.324698888,-0.000217578,0.0022390309,0.0263778422,7.55844e-05,0.1477145645,-0.018159653,0.0,0.0085616438,-0.065344278,0.0433664459,5.0,12.627490027,0.0978044975,0.5595522326,0,0.0654744878,0.0311475508,0.01425272,0.0237230771,0.3197838375,0.7842395822,7.8107618e-09,4.3702764e-08,1.0409966662,1.0836740591,-0.04603573,0.0258661581
11369,0.6381786968,0.0500505715,-12.51135733,0.0341107469,4.1125606866,0.1890182831,0.031993702,0.4113742089,0.0487396919,0.3740754695,0.3872130209,-0.001414442,-0.114691119,0.0557909276,0.0014144421,27,0.0004785385,0.1145287958,0.3116353193,-0.050144276,0.0255327889,,,0.0014496314,0.5898138869,0.5901882729,0,1.0866907634,0.0149772541,1.081444168,0.0161568481,0.6513762443,0.054327314,,0.0,0.0,0,,0,0.0,0.4087010863,7.0,0.0234940971,0.0044898515,0.0707787618,-0.282044204,-0.289365053,,-0.023746714,-2903.347622,0.0286434127,14.807723226,-1.3653e-05,0.0028230548,0.0207622809,0.0004154904,0.0803108786,0.0053576759,3.0,0.0,1.3699351678,0.0015690862,5.0,14.658117181,-0.073870537,0.967399672,0,0.0654744878,0.0343097188,0.0155141028,0.0225517829,0.4113232399,3.609197645,1.1072644e-09,1.9874494e-08,0.8607403873,0.7408740144,-0.04449614,0.0226852426
78693,1.0989495276,0.0795049983,-8.436224738,0.0264581965,4.0860624365,1.2663016538,0.0219236173,0.0365571058,0.0224029423,-0.013485273,0.0345270793,-0.024323508,-1.558313746,0.2033987301,0.0243235079,22,0.0,0.0402969247,0.0739440072,0.0004474894,-0.298594024,0.1399273052,0.179205336,0.0017601659,0.0441754499,0.1714621285,0,,,,,2.5526343604,2.5323543329,0.0220936094,0.0,0.0,0,,0,0.0,0.1064773713,4.0,-0.037957401,0.0530072161,-0.023496704,0.2477576147,0.966613232,-0.061556606,0.1049149323,-8916.935808,0.0331128264,13.942162303,0.002734406,0.0050196802,0.0234800587,0.032663884,0.0671426537,0.0076935133,1.0,0.0145506419,0.0795862071,0.0821629212,5.0,13.645096893,-0.043951516,0.6755164569,0,0.048781298,0.0143770212,0.009024783,0.0182077159,0.257262426,0.7951128422,2.1905293e-09,3.2884451e-08,0.7631930616,0.5824636493,0.1188238551,0.0362075948
12785,0.790745926,-0.037920647,-6.180206108,0.000471,1.815580134,2.628424453,0.0072290411,-0.036336887,0.0036923089,-0.056942067,-0.018050248,-0.022593849,-1.582176672,0.0220765159,0.0225938487,22,0.0,-0.285714286,-0.052906333,0.0070492951,-0.798662144,,,,-0.075852122,,0,5.992725212,0.1765476164,5.992725212,0.1765476164,11.280002209,2.8041731652,-0.012112656,0.0,0.0,1,0.8008097354,0,0.0,0.0023251652,5.0,0.060826402,0.0997997225,-0.349507915,-0.060445987,0.8371704202,0.1823781797,-0.076407282,-8883.680598,0.0331128264,13.320625612,0.0048084816,-2.6292e-05,-8.2334e-05,0.0856829574,0.1452424211,,0.0,-0.026315789,0.0012363794,-0.041195644,2.0,12.1395709,0.1754971847,0.2926455774,0,0.048781298,0.0612813458,0.0191363814,0.0251883565,0.4158912223,0.6470604014,1.5151575e-08,6.6481226e-08,1.4471067202,2.0941178595,-0.006429599,0.0374248771
92807,1.5878396104,0.0513884307,-29.79287933,0.0163531824,14.559695586,0.9309414543,0.0259457538,0.0314638895,0.0454454204,0.0005856048,0.0340787225,-0.001807673,-0.641415812,0.0843497826,0.0018076734,22,0.001066518,-0.108753316,-0.005863452,-0.063044775,-0.028599881,0.1411005226,0.0998798312,0.0009819741,0.011916756,0.5759473479,0,0.98391849,0.0409209992,0.9775233624,0.0398442673,1.6659771234,0.0669931262,0.0050678327,0.0,0.0,0,,0,0.0,0.5199172327,4.0,-0.051403804,-0.0009903,-0.15250335,0.6676167095,-1.197362285,,0.0048121414,-5439.656351,0.0286434127,10.961794191,0.000289603,0.0016469979,0.0156259324,0.0175002339,0.0285800964,0.0062064142,4.0,0.0240096667,0.1529558301,0.0476265363,4.0,9.9312111799,-0.1128672,0.2103684888,0,0.0654744878,0.0305084456,0.0116380846,0.0203489277,1.0095286673,1.0383241416,4.2592103e-07,1.2298511e-07,0.1133611543,0.0128507513,1.0125267876,0.0243692561
14166,0.4759072379,0.0654013233,3.4001746217,0.0,0.2644523157,1.4486667112,0.1759140937,0.2343175487,1.0068189415,0.0456031977,0.2314826341,0.0692764175,0.7097894952,0.018980151,0.0692764175,2,0.0,0.4885321101,0.5884335796,-0.02710284,-0.290725629,1.2233846154,0.058542831,0.0155766017,0.2358985039,0.4884834808,0,2.2852264674,-0.146430222,2.2852264674,-0.146430222,15.771536671,4.0119193041,0.3838665588,0.0,0.0,1,0.0806901802,0,0.0,1.5587837134,5.0,0.8219064561,,0.3641618075,0.1404688129,-0.761610361,0.7093004037,-0.013612177,-2080.106839,0.0772902197,12.234254526,0.0152673142,0.0306295276,0.0414177509,0.1146237058,0.177501693,0.0042005418,2.0,0.0010775862,0.8975142243,-0.125373525,3.0,12.684928816,-0.143398558,1.0640550379,0,-0.045482084,0.0501018949,0.0348286214,0.0426803135,0.4929597223,3.9883414922,1.5519497e-08,1.308946e-08,1.5455349608,2.3886783151,0.2882759861,0.0562500713
13908,0.5731699542,0.0986928991,-21.7864023,0.0,4.5536076404,1.4881727643,0.1433409697,0.5823064422,0.1874374793,0.0367558737,0.7794521136,0.2125872739,7.1399454114,-0.887213573,0.3010049858,2,0.1450367135,0.3255474453,0.3777031585,-0.020448351,-0.029121714,3.2366169856,0.4860490683,0.3922384386,0.278144825,0.4050462813,0,26.189428366,0.229708815,7.8862473093,-0.199365843,5.6720133139,1.4005894469,0.0553961576,0.0,0.0,0,,0,0.0,1.5515525501,3.0,-73.57826361,,0.2823153837,-0.192878627,-3.700450128,-0.367035421,-2.029368412,-3163.427504,0.1473165608,12.545678449,0.0005290261,0.0036961411,0.0527109999,0.1654162661,0.0189187177,0.0110789536,0.0,-0.00125,0.4863655368,-0.008234578,1.0,11.919871096,-0.105805544,0.6222615322,0,-0.258063742,0.0525437966,0.0179031296,0.030891189,0.5720814746,2.4273550424,1.6044647e-08,3.158759e-08,0.634461582,0.402541499,-0.280050491,0.037306937
83469,0.6239007664,0.047217871,-183.1412575,0.0373679827,1.4733008918,0.3599456155,0.0511126383,0.0455164524,0.0769973652,0.0092865232,0.0518163378,-0.021410456,-0.930254576,0.0911425115,0.0214104558,20,0.0009805761,-0.008368201,0.049107466,-0.359927492,0.0487282152,0.0218011528,0.0122488462,0.0586852949,0.0309350274,0.5265037789,0,0.5514043455,0.0634939856,0.4888049815,0.0617148221,298.20987654,6.3304796016,0.0628374501,0.0,0.0,1,0.922308821,0,0.0,0.1945319938,8.0,-0.745404108,-0.085926054,-0.26744341,9.3441194793,-11.41048294,-0.822046191,0.0001320225,-7540.907519,0.0257826007,12.306379766,0.0006643132,0.0087146996,0.0289243277,0.0054444839,0.0012213222,0.0633959319,3.0,0.0028997514,-0.435193606,-0.002833743,3.0,12.471657992,-0.02774472,0.8756510417,0,0.080304809,0.033776518,0.0224928334,0.0280120962,0.3516316506,1.4539025079,1.9547402e-08,2.73556e-08,0.4231317292,0.1790404603,0.5884756898,0.0219017136
13829,0.0887480131,-0.054558701,9.0648391467,0.0,0.0152357595,0.0074372218,-10.67948718,0.201329732,-0.619930869,0.2019977369,0.030976878,-0.078244455,-0.136630607,-0.047104312,0.0782444549,2,0.0,0.1956521739,-0.132366965,-1.159330623,1.4716278614,0.4133333333,-0.247028424,0.0011427384,0.2364021501,0.9722569259,0,7.3279115536,-0.083072649,7.3279115536,-0.083072649,0.0751639927,2.6310005784,-3.62882667,0.0,0.0,1,1.0,0,0.0,-0.759144953,2.0,43.11014336,,-0.012971066,-8.731654663,0.829464436,-0.42660587,-8.804456296,-4324.059697,0.0248274717,12.230542777,0.0,-0.072284764,-0.07713057,0.0020627326,0.9706101791,-0.090038673,1.0,0.5495978552,0.2208091124,0.2276813104,3.0,13.796001818,0.3642027131,5.5340381358,0,-0.25352422,0.1210191473,0.0581050569,0.0889292266,0.4977014784,12.342215292,8.1129341e-09,4.5194149e-09,1.9485818365,3.7969711735,-0.039233521,0.1113637039
86814,0.8896778478,0.0652283661,-16.54765568,0.0370502853,6.003774245,0.3001651623,0.0296039131,0.0298123459,0.04015336,-0.00228108,0.0287299302,-0.0027272,-0.284043639,0.0837560685,0.0027272001,17,-0.002597585,-0.020689655,-0.080773874,-0.140138049,0.0033655163,0.1216938111,-0.109434534,-0.003132667,0.0371767402,0.5001838035,0,0.8351971535,0.0320505428,0.8326549468,0.0363945255,0.8711498744,0.0707678232,0.013441589,0.0,0.0,0,,0,0.0,0.3133433999,6.0,-0.041910952,-0.003532804,-0.064439689,-0.030545053,-0.557215429,,0.0042184273,-5303.153692,0.0286434127,12.346814482,0.0001857247,0.0026483315,0.0207149931,0.0087165563,0.043583303,-0.041113078,1.0,0.0017057569,0.074601662,0.0284980331,4.0,11.653772468,-0.060603982,0.4576802508,0,0.0654744878,0.0272000115,0.0092871408,0.0223885253,0.5443984703,1.4639728051,1.5410958e-08,4.0483055e-08,0.8239462055,0.6788873495,0.0421641123,0.0279855515
13812,0.3565384899,-0.111449987,2.4912496154,0.0,0.0742529531,0.3338157423,-0.553115202,-0.066677828,0.522016058,0.0676114466,0.0030408932,-0.066123482,-0.264719182,-0.081947037,0.0661234817,2,0.0,0.142,0.2850546466,0.0300449287,0.0918173295,0.5349022981,0.3119575421,0.0647488299,-0.079995492,0.704654453,0,4.4901855206,-0.345476428,4.4901855206,-0.345476428,1.4556722781,5.3056712592,-1.108739492,0.0,0.0,1,1.3156996587,0,1.0,0.620196976,5.0,-9.99648215,,-2.299466149,4.1345612592,-0.787511374,0.1119278668,0.9126252405,-3936.790298,0.0288563477,11.488658979,0.0002978362,-0.078777229,-0.096954858,0.0055488982,0.2849497756,0.0479027351,1.0,0.089456869,0.6828687157,0.0337510481,5.0,11.499071332,0.1223685705,0.7244412993,0,-0.111549313,0.0535714626,0.0330566751,0.0554643295,0.4388433761,1.9581747332,7.0578658e-08,2.6527915e-08,1.8613712091,3.4647027779,0.3141916942,0.0634954327
14303,0.9328633531,0.078896911,-13.90240447,0.022272926,8.1002980186,0.3873667681,0.0264845489,0.0249273658,0.0406279846,0.1594110115,0.0146462213,-0.001161316,-0.13134596,0.0892597015,0.0011613165,14,-0.002082839,-0.02247191,-0.014353852,-0.115949455,0.0660054566,0.0652281501,-0.008552236,-0.001615207,0.1238056689,0.5445989372,0,0.9667281482,0.0351123359,0.9583680582,0.0388686076,0.7139248757,0.0651637796,0.0112599463,0.0,0.0,0,,0,0.0,0.431365239,6.0,0.0111516396,0.000933625,-0.066221944,0.0126404522,-0.616745917,,0.0097220603,-5385.385872,0.0286434127,11.942311523,-9.2622e-05,0.0023363724,0.0211335166,0.0001744036,0.0745693767,0.0999317021,0.0,-0.002120141,-0.864746202,-0.003489635,3.0,10.159811321,0.0100583412,0.3720041322,0,0.0309120536,0.031098811,0.0095955665,0.0247683354,0.7465307885,1.8853421129,3.3764551e-08,4.5191526e-08,0.1275870942,0.0162784666,0.9742556471,0.0258936692
92716,0.5619285227,0.0441634912,-37.3708583,0.0341967831,6.7820304039,0.2665789579,0.0210467683,0.2066207073,0.0387062896,0.030244075,0.2165728613,-0.005757157,-0.87539054,0.0828237937,0.0057571572,16,-0.001071343,0.2841328413,0.234028015,-0.090287962,0.038368387,0.089439921,0.1884127781,0.001159354,0.0981939044,0.4427801812,0,0.7484107954,0.1021803547,0.7484107954,0.1045499418,1.6059539919,0.0629034823,0.0086542584,0.0,0.0,0,,0,0.0,0.460403863,6.0,-0.041153773,0.0029779207,0.2403828073,-0.358294378,-0.471346935,,0.0032861525,-5186.845322,0.0286434127,13.18279517,0.0008072183,0.0023015631,0.0236293339,0.0299241821,0.0301877819,-0.113891302,1.0,0.0065045076,0.6774842764,0.0319903698,5.0,12.544896271,-0.078707772,0.4878668118,0,0.0654744878,0.0389092155,0.0152040577,0.0226146349,0.3713312479,0.6941090131,1.2648487e-08,5.1755137e-08,0.7721783094,0.5962593415,-0.0255599,0.0278236781
13877,0.7769517856,0.0435557025,-9.986110101,0.0058769686,5.3986765668,0.2311046516,0.0192857788,0.9097363936,0.0611880679,0.3814274128,0.8608256502,-0.003695314,-0.401476983,0.0610423145,0.0036953141,2,0.0007975704,0.5029411765,0.5651855245,-0.296530483,0.0469753872,0.0738566062,0.0690468156,0.0086313023,1.2111844019,0.6416754275,0,1.081767037,0.022779796,1.0789309939,0.0238935126,0.4744867257,0.0483198698,0.0128735965,0.0,0.0,0,,0,0.0,0.5664065842,6.0,-0.025425283,,0.4591911425,-0.143271115,-1.055583406,,-0.018495327,-4833.173842,0.0286434127,13.423463876,-0.000165213,0.0018744314,0.0146609062,0.0093570972,0.0790359997,0.0194865206,0.0,-0.004683841,0.045382762,-0.045719993,6.0,12.691975446,-0.071311861,0.7061553184,0,0.0654744878,0.0965644941,0.032979951,0.0461852544,0.6023082078,2.4885579793,1.5317819e-08,2.6076026e-08,1.2461869023,1.5529817954,-0.053749283,0.0389894873
13870,0.1662497529,-0.035904271,5.7979943387,0.0,0.0104373725,0.0024455971,-0.99937175,1.57417517,-0.502553203,0.5387961748,0.1612338362,-0.060380245,-0.206282034,-0.028497865,0.060380245,2,0.0,0.4615384615,-0.075514874,-1.732772939,1.2338800876,0.2160305344,-0.716983253,0.0104421142,1.7870792275,0.8076937453,0,13.913224351,0.2566457623,13.913224351,0.2566457623,0.0172225633,6.1305007587,-3.67896541,0.0,0.0,0,,0,0.0,-0.58279463,4.0,41.278425658,,0.2529152215,-8.654152923,4.6234556799,-0.42660587,-8.785849849,-3895.417637,0.0248274717,12.529393715,0.0,-0.076983118,-0.081262068,0.0006161267,0.56397315,0.0742922712,0.0,-0.001308901,-0.256332307,-0.065976238,6.0,14.517607536,-0.834932359,9.2688998045,0,-0.25352422,0.0721247345,0.0305447824,0.0602129314,0.3954125123,11.116989171,3.5261438e-09,3.7327579e-09,1.3461426432,1.8121000159,0.6546245695,0.1013967502
13970,1.0134750842,-0.148860305,-12.79821322,0.0,1.9177932362,2.9758935993,-0.032323554,-0.012380564,0.2951526451,0.0693333333,0.1020741672,0.0455804546,1.1425422483,-0.318939493,0.0455804546,3,0.1450367135,0.1428571429,0.2335313053,0.3859555477,0.0443095322,0.1043296818,0.158685446,0.1629864833,-0.079475462,0.5562666726,1,1.9151447036,-0.145043251,0.3608457432,-0.574145404,16.204883859,9.7275652485,-0.04550891,0.0,0.0,1,1.0779339853,0,0.0,0.978144248,3.0,-7.919565151,0.2036904454,-0.048918389,0.8409276436,-0.382383137,0.1459582042,-0.357632589,-11452.37033,0.0443391772,8.7261177697,-5.0611e-05,-0.006754564,-0.024714008,0.277007755,0.0737122321,0.0263716731,1.0,-0.019056056,-0.339444288,0.0009341259,2.0,9.630809351,0.9675825393,2.0120744722,0,0.0957318355,0.1029411629,0.0425734306,0.1132027274,1.0213958811,3.3277612068,3.5781265e-06,2.6948315e-08,0.351387024,0.1234728407,1.1063156333,0.1025035976
86384,0.7075662166,0.0865900613,-65.58462686,0.0357295646,7.5079182209,0.3797856451,0.0285535802,0.0271779191,0.0399176273,-0.001663432,0.0174366271,-0.002706167,-0.253358759,0.1085284118,0.002706167,17,0.00010184,0.0784810127,0.1880796412,0.1421210241,0.0849033609,0.116654418,0.3953034495,0.0018810213,0.1433318578,0.4588937856,0,0.7405000003,0.0370390287,0.7395834179,0.0369208824,3.5947501154,0.0756422675,0.0137134889,0.0,0.0,0,,0,0.0,0.5158903894,8.0,0.0198576803,0.004728224,0.0347309787,-0.212656684,-0.565659328,,0.0289907706,-5232.008822,0.0286434127,12.463245037,-7.3172e-05,0.0024500963,0.0286504408,0.0045958653,0.0122329207,-0.046889786,0.0,0.0005503577,0.5937378017,-0.00266862,7.0,11.383923579,-0.122393404,0.348779307,0,0.0654744878,0.0263600294,0.0106152409,0.0163768386,0.7658524087,3.8489609592,2.5775972e-08,4.7298447e-08,0.7306459857,0.5338435564,-0.015084293,0.0252959363
13875,0.1393129621,0.0225859973,-0.116291518,4.11583e-05,1.0899326786,0.7165330398,0.0469120251,0.2547314766,0.5774799177,0.0203089245,0.2538789341,-0.107797579,-5.285902474,0.1419733761,0.1077975793,2,0.0165938522,0.4133738602,0.2696408362,0.4902215182,-0.020164254,0.4070441819,0.1386060136,0.0544214459,0.2702515735,0.6174566747,0,0.9905018664,0.0795915146,0.9696296263,0.0568419428,1.576412125,1.955255306,0.0498449464,0.0,0.0,1,1.0,0,0.0,5.1462915069,5.0,-10.14234691,,-2.028092289,3.9173357313,-0.491506871,1.3037611065,1.136545654,-2217.818108,0.0288563477,14.405376244,-0.003149647,-0.001870329,-0.005288165,0.036109509,0.1287258407,0.0326026092,0.0,0.0014154282,3.0354556861,-0.10329401,6.0,15.346833749,-0.403429687,2.1321422422,0,-0.111549313,0.0337918997,0.0241516138,0.0220438211,0.6389898596,9.8839968345,1.0039105e-09,1.2077764e-08,0.5944802649,0.3534067853,-0.337113551,0.0429543743
13816,0.3111791081,-0.073574517,1.5925978092,0.0,0.1457628848,0.3512875035,-0.616329036,-0.055455313,0.4360378221,0.0630257126,-0.031344138,-0.086554813,-0.553337746,-0.032862959,0.0865548126,3,0.0,0.2241086587,0.1469249963,0.0875288245,0.0278788761,0.539653118,0.0004494967,0.0325715746,-0.066341441,0.873785726,0,3.0697153291,-0.057347373,3.0697153291,-0.057347373,1.0302024852,5.8219297156,-0.393626304,0.0,0.0,0,,0,1.0,0.632907693,4.0,-1.525947553,0.0536895157,-0.088923103,0.4252232777,-0.647392033,-0.776276938,0.0545438665,-4492.604111,0.0278203388,12.573667261,-1.5488e-05,-0.038310177,-0.058968439,0.0191176108,0.7462408789,-0.015623897,1.0,0.000999001,4.436382838,-0.051235527,3.0,12.53814483,0.1978512341,0.7167066405,0,-0.111549313,0.0370721854,0.0146930816,0.0228015985,0.6537820693,2.0265470368,2.1784255e-08,3.9684971e-08,0.9371291936,0.8782111254,0.0485281253,0.0593911679
13966,0.2988115245,-0.063787827,4.2374720613,0.0,0.0428434778,0.0012604406,-0.371625497,0.7994651018,0.0044488298,0.4577588047,-0.116087472,-0.040984544,-0.170754328,-0.052895779,0.0409845442,2,0.0023002792,1.0357142857,3.499465812,2.7026186714,2.2489026118,3.2951612903,-0.182466313,0.0089582468,1.1133180693,0.4756494567,0,10.552281369,2.6798536555,10.507182087,2.6682892884,0.0078207847,2.1789772727,-1.323579167,0.0,0.0,1,1.0,0,0.0,-0.006345812,5.0,31.86589345,,0.8270910457,-8.521591152,4.3594825788,-0.42660587,-8.810247764,-4938.848597,0.0248274717,12.266393589,-0.00070937,-0.291309722,-0.32977164,0.0006382876,0.5453564362,1.7844163796,0.0,-0.141843972,-0.464306376,-0.045274708,5.0,13.975348028,0.3183590029,4.9783008459,0,-0.25352422,0.1123188213,0.049006718,0.0879143241,0.6599693405,24.454737372,7.2024613e-09,3.6405828e-09,3.0221294991,9.1332667095,0.0358386475,0.0975900215
14005,0.1656686301,-0.034159683,8.3766194314,0.0,0.0667078148,0.0864362845,-0.216920586,-0.099395107,0.26991972,0.0389378375,0.0524993503,-0.149530722,-1.073337352,0.0025051807,0.1495307221,2,0.0,0.3116883117,0.7720493049,-0.486138468,0.1417945276,0.2965559514,0.2980958519,0.0500140982,-0.146610853,0.5117968325,0,1.7353329689,-0.566460493,1.7353329689,-0.566460493,0.9432277779,7.6103456611,-0.361809894,0.0,0.0,0,,0,0.0,0.3578156157,6.0,-9.474391535,,-2.129777837,3.9436913994,2.7390522599,0.8663984314,0.9970774587,-3505.931198,0.0288563477,13.446614314,0.0,-0.013883955,-0.020134612,0.0091694773,0.3999136409,-0.023778871,4.0,0.0003869969,5.9646774892,-0.187961063,4.0,13.533138796,-0.079844365,3.6479520581,0,-0.111549313,0.3071895838,0.0677382557,0.0278474943,1.3065089945,61.413279121,4.9299886e-09,3.1374744e-09,1.768037789,3.1259576235,0.091942395,0.0704770362
10781,0.557278153,0.0666884275,-29.02616161,0.0419323006,5.0098335717,0.2425433398,0.0289732014,0.0772439527,0.0454921471,0.0004485311,0.0794074897,0.00628707,0.5060240964,0.0329424762,0.00628707,22,0.0087753488,0.0,0.049183553,-0.024085975,0.0111925154,0.0850340136,0.0816502767,0.0088121234,0.058176689,0.4927196713,0,0.772314907,-0.025417463,0.7479770113,-0.037264089,1.5414779844,0.0693248636,0.0144481568,0.0,0.0,0,,0,0.0,0.4464146924,4.0,-0.004742345,0.000930059,-0.043750034,-0.362944748,-1.15502536,,-0.046595165,-5432.519353,0.0286434127,11.26508775,3.71741e-05,0.0032436878,0.0316191983,0.0024652825,0.0493682374,-0.005058287,0.0,0.0007332635,-0.645020808,0.0155314284,3.0,8.6634712781,-0.107644053,0.0733076351,0,0.0654744878,0.0348161831,0.0163423689,0.0195702774,1.4427286556,0.3444954992,1.6255475e-06,1.0000002774,0.2557708837,0.065418745,-2.532741672,0.0299483724
15056,0.0578948362,-0.161987998,4.1882042834,0.0,0.204428796,0.0569988103,-2.969116279,-0.14862414,0.0757035647,0.0,1.038820025,-0.071207796,-0.125379171,-0.141678077,0.0712077964,2,0.0013511916,0.4285714286,0.9282920469,,-0.000744276,0.0872932066,-0.683510412,0.0739212008,-0.721457377,0.9028287362,0,5.7379704621,-0.324053331,5.3308718437,-0.336339747,0.2707303679,15.40625,-1.047588933,0.0,0.0,1,1.0,0,1.0,0.0526120614,2.0,49.838794581,,0.2199481885,-8.76250784,11.140722454,-0.42660587,-8.899030062,-5443.574317,0.0248274717,11.201814284,0.0,-0.171208054,-0.53592437,0.0054264885,0.7526595745,-0.110999657,0.0,-0.01076555,-0.732705895,0.0213969178,5.0,10.454903835,,0.3955407258,1,-0.25352422,0.0608695745,0.0463401362,0.0559177909,0.942861208,3.3929470087,2.5681132e-07,4.559905e-08,1.4131423463,1.9969712909,0.3693926582,0.0637682788
13876,0.4281095359,0.0176260656,2.1131364693,0.0,0.4374109295,0.1869778787,0.0733872318,0.1606388028,0.1691242321,0.0050707414,0.2726318857,-0.026355248,-1.204603581,0.0388584874,0.0263552477,2,0.0,0.0390070922,0.3021219697,-0.16970703,0.1490162495,0.6935098672,0.9530193988,0.0057763608,0.0648911075,0.3345663652,0,6.6298383932,-0.020131193,6.6298383932,-0.020131193,0.7885993944,4.2912595317,0.115889057,0.0,0.0,1,1.0,0,0.0,0.2641909065,6.0,-0.032004323,,-0.000791786,4.8369552104,0.2585144268,-2.007505994,0.7612764943,-14230.7924,0.0314049921,12.103355303,0.0023733711,0.0054900703,0.0107976379,0.0043744418,0.3161133414,0.0352080073,0.0,0.0014705882,-0.194710164,0.0062737328,3.0,12.470808604,-0.186449748,0.9262548604,0,-0.107492679,0.0099132499,0.0070648675,0.0237701446,0.4972448698,2.0979379898,9.67285e-09,2.3803823e-08,0.6351513462,0.4034172326,-0.217014038,0.0379669112
14042,1.0489775309,-0.060025727,-4.373554384,0.0,1.9978600882,2.2983974706,-0.053585974,0.4119818944,0.124614694,0.0221935484,2.3502136924,0.2125872739,7.1399454114,-0.887213573,0.3893010076,2,0.1450367135,0.9222222222,1.0618057503,0.417219763,-0.505606554,0.3812858052,0.4463535342,0.547257968,-0.043822737,0.5835310941,0,51.70644176,0.479196274,22.06278481,-0.470721069,4.5215098266,148.08907823,-0.040725156,0.0,0.0,1,0.318200525,0,0.0,0.3239200473,2.0,-0.013137539,,0.357148193,0.1923900962,-2.005406007,-0.643242831,-1.355419744,-1678.408874,0.0665802826,11.036843209,0.0,0.0040816428,0.0192215225,0.277007755,0.0542614311,-0.001897811,3.0,0.0283159463,1.6434322073,0.1029201131,2.0,10.65022194,0.3815518255,0.5793255254,0,-0.105045736,0.0971428305,0.0337107203,0.0510407405,0.6038207064,1.5743480732,1.7951742e-07,3.3667983e-08,0.8940268741,0.7992840516,0.0295723122,0.0552704729
13932,0.0833857478,-0.040034383,10.204718582,0.0,0.0710513235,0.1104830214,-0.573421886,0.0222115343,0.5240600664,0.0568407643,0.2459785263,-0.193700901,-0.741925392,-0.010331858,0.1937009009,2,0.0,0.3776493256,0.5633562001,0.1580641345,0.1609404751,0.5629158745,0.6878949053,0.0492860925,-0.118855203,0.7068262828,0,1.7313751994,-0.233810506,1.7313751994,-0.233810506,1.3312204822,3.9600179576,-0.516153528,0.0,0.0,1,1.0,0,0.0,0.8398498933,4.0,-9.994931458,,-2.063816823,3.8614085171,-1.079851319,0.1119278668,0.9842404201,-2877.163238,0.0288563477,13.794348983,7.93423e-05,-0.081826584,-0.177240039,0.0127347395,0.5111327506,-0.018846233,0.0,0.0021111893,2.1874810342,-0.11761685,4.0,14.375130965,-0.287249644,2.7434033989,0,-0.111549313,0.1287936568,0.0442839483,0.0520313882,0.6134036057,10.803603074,2.8846326e-09,7.8993276e-09,1.4156134711,2.0039614995,0.1441621183,0.0731815567
13914,0.1134759667,0.0009917238,7.4291112277,0.0,0.03270105,0.0696749723,0.0295381223,1.438986045,1.0964029223,0.1232978022,0.7562462024,-0.136946999,-14.23088711,0.0151048334,0.1369469985,2,0.0,0.6064356436,0.7751505765,0.1904470586,-0.01245614,0.2961404432,-0.077511712,0.104646871,1.7466933704,0.8971432615,0,4.4946082075,0.4110927336,4.4946082075,0.4110927336,0.6062417262,4.1204325987,0.1275652057,0.0,0.0,0,,0,0.0,1.5905460639,4.0,-10.14253744,,-1.835030505,3.8914987359,0.2724252993,5.8541623052,1.0096771114,1687.5901216,0.0288563477,14.861382275,-0.001035024,-0.014322281,-0.018900111,0.0114858057,0.7556460085,0.0201095698,1.0,0.0008774129,1.2497560022,0.1968184765,7.0,16.849131926,-0.242366319,8.8421157757,0,-0.111549313,0.0879346281,0.0274481547,0.0346161996,0.2946495214,7.433272786,2.480746e-10,4.0034216e-09,1.5304691553,2.3423358353,0.4312659074,0.0629017896
13943,1.0628004058,0.0554316935,-23.88149049,0.0,8.8446647204,0.3815418307,0.0200525546,0.2428927369,0.0380806188,-0.021924015,0.2729203772,-0.004835163,-0.779758915,0.0986550506,0.0048351626,2,-1.674e-05,0.4108527132,0.393965594,0.1018567145,0.074575529,0.6070736434,1.452967699,-8.2951e-05,0.0389358553,0.6358625864,0,1.0641459199,0.0491470646,1.0635596865,0.0493142535,1.0371204238,0.0460689837,0.0081242283,0.0,0.0,0,,0,0.0,0.2967357839,6.0,-0.030652138,,0.3671026792,0.1425775049,-0.815163264,,0.0191174094,-5211.138182,0.0286434127,12.843058889,0.0001582983,0.002027734,0.0194594113,9.44181e-05,0.0320818134,-0.010151502,2.0,0.0016038492,-0.727741253,0.0348380962,3.0,11.629635956,0.0704557374,0.3121474416,0,0.0654744878,0.0503540784,0.0207294602,0.0310180905,0.4382788856,0.5122054949,4.3518484e-08,8.5407512e-08,0.8157160166,0.6653926197,-0.043292655,0.0396336205
13831,0.2416022548,0.059434749,2.58433375,0.0053491274,0.6199044324,3.2026414514,0.1019359937,0.5809813287,0.5518888406,0.0234094195,0.2446300716,-0.052153432,-0.775,0.1054966795,0.052153432,2,0.001345895,0.0953656359,0.0025116279,-0.128207326,0.156102775,0.0751149719,-0.155911418,0.2974381242,0.2966507177,0.4558025268,0,1.4509090909,-0.123014479,1.0490909091,-0.115247558,29.285326087,62.294797688,0.1844763424,0.0,0.0,1,0.6136919315,0,0.0,1.9553429027,5.0,0.0073703922,,-0.040821076,-0.276942696,0.4256533751,0.1045676551,0.0269805587,-3688.539902,0.5457032371,14.864938329,0.004950495,0.0225464191,0.1119894598,-0.044005549,0.1130346232,-0.059952767,2.0,0.0178253119,0.857359458,0.0103174914,5.0,15.554377152,0.1902033339,2.0061082486,0,-0.191138643,0.0206104107,0.0117149279,0.0205080663,0.394866245,4.3755483198,4.669756e-10,1.264233e-08,0.911962781,0.8316761139,0.0458888593,0.0320529593
13885,1.1129016497,0.0497622876,-34.45610869,0.0,7.9093936626,0.3882842291,0.0323098896,0.1235002945,0.0432358294,-0.154468085,0.1615672075,-0.005957152,-1.020715096,0.1005554059,0.0059571522,3,-0.001796917,0.0078740157,0.1162667966,-0.067364229,-0.020837767,0.091151655,-0.043036005,0.0028152173,-0.088741661,0.5909556962,0,0.9632575044,0.0024014154,0.9602519679,0.0054398278,1.6676977196,0.0557268075,0.0091871537,0.0,0.0,0,,0,0.0,0.284297062,6.0,0.1805849479,0.0014145745,-0.026765299,0.2643380165,43.250901134,-0.014465589,0.0141667157,-5031.465437,0.0286812661,11.330203828,-0.004429439,0.0039451524,0.0322463345,0.0135843702,0.0258056842,0.3303510989,1.0,0.0318569015,-0.244375568,3.92189e-05,5.0,9.8710160124,0.156538476,0.2882948562,0,0.0654744878,0.0219724234,0.0080198765,0.0121747959,2.1904643941,2.2358611587,1.06145e-05,1.0000000847,0.1769546276,0.0313129402,-2.268956242,0.0151602075
13934,0.6025094697,0.0850146939,-60.06802783,0.0005796213,5.0686170694,0.2471281982,0.0291396353,0.141178604,0.0325142844,0.0033488171,0.1409704354,0.0063348753,0.4009786109,0.0509256201,0.0063348753,2,-0.000892112,-0.016194332,0.1757203143,0.0010178461,0.0318690723,0.0672075036,0.1607414078,-0.000435706,0.1605975531,0.5429587697,0,0.8939830495,0.031132626,0.891685278,0.0329806094,3.1754244616,0.0591490698,0.0190200966,0.0,0.0,0,,0,0.0,0.3148083229,7.0,0.0340108247,,-0.059944366,-0.317713431,-1.109811558,,-0.028612021,-4844.607622,0.0286434127,12.93790553,-0.002187718,0.0044107565,0.0387322895,0.0018199704,0.0490821815,-0.006372456,2.0,0.0028538813,0.382917273,-0.009949997,5.0,14.034377384,-0.472568946,2.0557385621,0,0.0654744878,0.0937177986,0.0283638584,0.0396172457,0.4033510797,3.2823987992,5.7828163e-09,1.3215284e-08,1.110248699,1.2326521736,-0.027300133,0.0370413378
84725,0.9277844374,0.1025845081,-32.60162974,0.0242754571,9.548108225,0.5103773221,0.0282852389,0.0549302519,0.0425093491,0.2147916667,0.0502535015,-0.003024758,-0.303849095,0.1337547181,0.0030247576,20,-0.001333059,0.0403225806,0.0699301977,-0.000140875,0.0258647706,0.0959341671,-0.09408609,0.0019954095,0.2878558724,0.5705038259,0,0.987491793,0.0514078181,0.98434406,0.0536114129,1.8830964173,0.064419844,0.0126646209,0.0,0.0,0,,0,0.0,0.5918159929,7.0,-0.004408784,0.0015243335,-0.003427453,0.0075615365,-0.555876744,,0.0542170769,-5383.757897,0.0286434127,12.024222323,-2.8248e-05,0.0021933754,0.0245595432,0.0129520325,0.0515598292,-0.084411403,2.0,-0.001337395,0.1249087991,0.0192325965,7.0,11.023320057,-0.032067656,0.345514672,0,0.0654744878,0.0184376109,0.0079922861,0.0145797856,0.6848916985,1.2085724017,3.2158916e-08,5.4866628e-08,0.2409590737,0.0580612752,0.8481012485,0.0337609816
83642,0.7709414131,0.0329047066,-20.82180895,0.0143104014,5.32138673,0.1802624932,0.0204526541,1.0612091936,0.0491392532,0.8140998228,0.9955845737,-0.002909216,-0.401292755,0.046109127,0.0029092164,17,0.000346763,0.0,0.5861913006,-1.069451918,-0.025768426,0.0990170919,0.5289535383,0.0046979168,1.7646217601,0.5635684411,0,1.0714285426,0.3912257903,1.0709809756,0.3909407164,0.8017927109,0.0402874888,0.0091460756,0.0,0.0,0,,0,0.0,0.522544396,5.0,-0.140547827,0.0024038161,-0.043750034,-0.149281488,0.323592988,,-0.033428514,-4934.277822,0.0286434127,13.159795535,0.001482306,0.0029622489,0.0233672858,0.011133771,0.0413002999,0.0035085829,4.0,0.0020725389,0.7399608872,0.0139882236,2.0,12.287715096,0.0368174547,0.5383587365,0,0.0654744878,0.06799227,0.0193399216,0.0253138961,0.6446542842,1.9892336566,1.2189589e-08,3.5085317e-08,0.7155083791,0.5119522406,0.0006984075,0.0243411374
13924,0.2467324597,-0.084672758,2.3694238144,0.0,0.0599136152,0.0637466334,-6.061045235,0.222194272,-0.333202444,0.2083962231,-0.336668087,-0.10846211,-0.35709481,-0.054436555,0.1084621098,2,0.0,0.1621621622,-0.395300955,0.5430659919,2.2489026118,0.2049723757,-0.371087604,0.0134733845,0.5365486564,0.9714478447,0,11.440891757,1.4775508651,11.440891757,1.4775508651,0.2178437097,19.957108434,-1.111992295,0.0,0.0,0,,0,1.0,-0.520625425,2.0,46.342386657,,-0.046461078,-8.573670216,2.8663045984,0.5733941298,-8.81178854,-4897.747337,0.0248274717,13.298350857,-2.265e-05,-0.094145163,-0.110408509,-0.014581259,0.9673535326,-1.508600638,2.0,0.0093312597,-0.343976567,-0.046438067,7.0,13.864581588,-0.006547657,1.3452807438,0,-0.25352422,0.0696920305,0.0363878876,0.0665013835,0.3388792615,1.9993703195,8.0070967e-09,1.8308086e-08,2.1308022406,4.5403181886,-0.00261229,0.1215183023
13890,0.1741681522,-0.064189728,6.0359576398,0.0,0.0621160315,0.157900332,-0.566878547,-0.146109177,0.4499415268,0.0537980037,0.0771786106,-0.094107667,-0.376050298,-0.040051161,0.0941076666,2,0.0,0.1498316498,0.2484706782,0.2313471717,-0.000381637,0.497024518,0.2135837774,0.0608121732,-0.204890474,0.680777114,0,3.2255401886,-0.271311721,3.2255401886,-0.271311721,1.2418599889,5.333312394,-0.877261082,0.0,0.0,1,1.0,0,0.0,0.5666157242,2.0,-10.22951419,,-2.291634499,3.9521909214,-0.508259891,0.1119278668,0.9545211166,-3696.734278,0.0288563477,12.665067339,-3.8383e-05,-0.039461329,-0.057537109,0.0136541202,0.4877088828,-0.066526776,2.0,0.0100603622,4.5511853012,0.2535581589,6.0,12.720280045,0.5765040309,1.1368115259,0,-0.111549313,0.0411081389,0.0147791049,0.0339435767,0.4875184818,1.8142329862,9.3140144e-09,2.3091885e-08,1.583172273,2.5064344461,-0.176367488,0.0989229837
80517,1.3781786485,0.0627225041,-25.54979576,0.0,8.5470527351,0.6484220627,0.0369678502,0.1452054337,0.0699040061,0.1743070362,0.1337731631,0.0023291718,0.3452027695,0.041070522,0.0023291718,2,-0.012041841,0.1140939597,0.2489543916,0.0240592132,0.0247847389,0.3374144761,0.4103219703,-0.013975552,0.2215969498,0.6349413493,0,1.0761467653,0.0874918131,1.0536807364,0.1086278243,1.8562041203,0.0800368596,0.0126170717,0.0,0.0,0,,0,0.0,0.5370092019,5.0,-0.044702041,,0.0703439257,0.4579557476,-0.100942645,,-0.038467119,-5450.126972,0.0286434127,10.935778361,0.0019269269,0.001084874,0.0080148805,0.0075080272,0.0320123334,0.013054335,0.0,0.0261272247,-0.141217146,-0.001677129,3.0,9.2703493105,0.0046337581,0.160912287,0,0.0654744878,0.0369610488,0.0169334182,0.0145166634,2.1904643941,0.8591359818,1.06087e-05,1.0000002194,0.066795414,0.0044616273,1.8336457886,0.0362077162
91937,0.7200315034,0.0113546435,-1.940126526,0.0,1.8843191806,1.3590634851,-0.006772317,0.1341260785,0.2833663644,0.0069698708,0.1479220343,-0.073147853,-15.7854251,0.1905925182,0.0731478528,2,0.0093615744,0.125,0.2106470106,-0.15629288,-0.047062958,0.2715912588,0.1493394629,0.0708065582,0.0995436995,0.3226080702,0,1.5934366454,-0.243156687,1.4698040109,-0.266739246,5.4596491228,5.9092544473,0.1214894782,0.0,0.0,1,0.0158645569,0,0.0,0.8931554932,6.0,-0.169313217,,0.0852011222,5.1288771779,-0.31766263,-2.838057464,0.9130105251,6923.479949,0.0314049921,17.290437378,0.0039372222,0.0024130937,0.008596524,0.015360503,0.0450293298,0.1058638359,0.0,-0.003265511,1.4717606617,-0.046934896,5.0,17.432481738,-0.076417056,1.2487746082,0,-0.107492679,0.0276762769,0.0147341968,0.0251174579,0.5505419381,3.6744568005,4.000546e-11,1.5672351e-08,0.7799647216,0.6083449669,-0.198198106,0.0368213501
13694,1.0436577726,0.0637075796,-46.43606145,0.0375278804,10.863255277,0.6245717096,0.0293417843,0.0327854415,0.0490081246,0.0058670143,0.0398829216,-0.006855775,-1.26100282,0.1440430172,0.0068557748,8,0.0016642883,0.0076923077,0.171380861,0.0444362272,0.0052724684,0.1601573389,0.1573168877,0.0032144582,-0.035719956,0.5513907975,0,0.8912254085,0.0868931979,0.8883113778,0.0846303567,2.7421390118,0.072181484,0.0097695563,0.0,0.0,0,,0,0.0,0.5220381302,6.0,-0.038224346,0.0046966761,-0.036057726,0.1234348717,-1.072897151,,0.064505376,-5370.444682,0.0286434127,11.734901318,0.0012024493,0.0015775926,0.0179534134,0.001378933,0.0461186574,-0.018792128,0.0,0.0,-0.275638051,0.0007976369,4.0,11.165413428,-0.02933245,0.3251668797,0,0.0654744878,0.0215663891,0.0072595879,0.0142267452,1.1368099589,1.5095220028,1.6238574e-07,1.0548751e-07,0.2539678709,0.0644996794,-0.047518856,0.0261434594
87759,0.4539501628,0.0220882933,3.9854349001,0.0,0.0439043117,0.629295135,0.0831960461,0.0447078989,0.5259962862,0.0029821074,-0.079885877,-0.018721621,-0.412942989,0.0312094991,0.0187216207,18,0.0053091163,0.0,0.0571150878,-0.036256949,-0.082779858,0.1220232601,0.1052717805,0.0297814598,0.0585714286,0.6600459393,0,11.888590604,0.2930412403,8.3570469799,0.3319519321,4.9945975149,8.1814159292,0.9732540862,0.0,0.0,0,,0,0.0,0.5845238095,5.0,47.615905416,-0.024525965,-0.20862324,-8.366452513,-0.08234838,1.034983388,-8.726142485,-5517.983877,0.0248274717,10.048347332,0.0023266636,0.0079896203,0.0088986918,0.0026428807,0.2131886805,0.215609662,2.0,-0.00090849,1.1151357154,-0.060724174,6.0,8.7843337171,0.207396303,0.4990919597,0,-0.25352422,0.0651063398,0.0198367501,0.0278621431,1.2636798331,1.1150808773,1.753055e-06,1.0000001004,0.3012745877,0.0907663772,0.9593682232,0.0661048208
14051,0.3945928697,-0.39556593,1.1240456532,0.0,0.1639103885,0.0,-5.467741935,-0.308601216,0.0,0.0185098039,2.7490406754,-0.100678036,-0.16625668,-0.329800452,0.1006780358,2,0.0,0.6666666667,,,,0.1502242152,0.3520179372,0.0198957428,-0.465260095,0.9205585574,0,5.9416569428,-0.694582889,5.9416569428,-0.694582889,0.0,,-3.788623142,0.0,0.0,1,1.0,0,1.0,-0.003319389,1.0,,,0.4580434266,-8.425809806,8.7161912197,-0.42660587,-9.087152436,-5517.563087,0.0248274717,9.3827756815,0.0,-0.247470409,-0.34598959,0.0,0.8974374362,-3.7,0.0,-0.151515152,-0.769241302,0.0155368769,4.0,11.952150954,-0.49471355,6.7301378982,0,-0.25352422,0.1677418947,0.0557202006,0.0943987234,0.586079191,18.596098202,1.1538468e-07,3.1205666e-09,1.0635584711,1.1311566215,-0.447461013,0.1242129224
13911,-0.096348065,0.0487696554,7.2326406853,0.0,0.5487318701,0.7471799186,0.2427319082,0.0779428831,0.5226068109,-0.042598649,0.0737924988,-0.023654602,-0.211488763,0.0590838895,0.0236546016,2,0.0,0.1560283688,0.0706833649,-0.014639953,0.0389185647,0.6359164884,0.1805601738,0.0049233777,0.0549105277,0.5147831091,0,1.458035872,0.1107481247,1.458035872,0.1107481247,6.2741289759,5.3497293781,0.1232924154,0.0,0.0,1,0.8857701077,0,0.0,-2.250690352,6.0,0.8380342196,,0.0316580662,-0.43178649,-1.414449189,0.4683152242,0.0264915619,5152.5523907,0.0772902197,15.926200497,-0.000343771,0.0333013744,-0.158582185,0.0028887468,0.268836136,0.0160475354,1.0,0.0018686215,1.1230956452,-0.068855331,7.0,16.161525049,0.1190025125,1.4846018429,0,-0.045482084,0.0371735506,0.0133006129,0.0199936301,0.3340563141,1.8980996096,1.765532e-10,1.6723879e-08,0.7112392412,0.5058612582,-0.026896322,0.0254419837
13940,0.2518330852,-0.099288135,3.118883446,0.0,0.0497385585,0.0069691763,-1.287114585,0.2786471045,-0.417596115,0.1919100574,1.3368145326,-0.09813453,-0.26558979,-0.07291822,0.0981345305,2,0.0,0.4142857143,-0.086031716,0.7759881988,0.7300249477,0.5554755043,0.0627198758,0.0052742907,0.1736784383,0.7462935089,0,7.6603291921,-0.282161028,7.6603291921,-0.282161028,0.0311213717,99.226804124,-2.764489392,0.0,0.0,0,,0,1.0,-0.45902104,1.0,41.287961458,,0.2056624742,-8.568569591,1.0948249884,-0.42660587,-8.830270204,-4166.284517,0.0248274717,14.109468307,0.0,-0.124772938,-0.149869713,0.0002159159,0.9015043306,0.0228390084,1.0,0.0023463163,0.0075181461,0.0030894349,4.0,15.839812927,-0.834932359,4.2017826575,0,-0.25352422,0.0751779601,0.0262683841,0.0476228695,0.3478484012,5.6609526818,1.0217859e-09,7.1840651e-09,1.7041654476,2.9041798728,0.0827829231,0.068405841
14102,0.1328457247,0.0208734336,31.877171929,0.0,0.1325152526,0.5751618305,0.1607633058,0.1677484894,0.8078529244,0.0285603962,0.0380348388,-0.057860842,-0.682743379,0.0351246322,0.0578608423,2,0.0193092442,0.2142857143,0.2171994794,-0.618797233,0.0063546448,0.136136508,-0.027154134,0.1585076475,0.334035981,0.3406408395,0,1.5129913059,0.1471592091,0.8664010143,0.3421264039,22.736616276,147.58897841,0.2527256974,0.0,1.0,1,1.0,0,0.0,1.7947042554,8.0,-0.071444956,,0.1355993261,-0.615881834,-0.099605624,-1.12514999,0.1239483343,-1486.812585,0.1057354468,15.25795345,0.0017909417,0.0231899735,0.0409094048,0.0421676871,0.092660515,-0.016480717,1.0,0.0009478673,2.575089609,0.1543151848,6.0,16.196714859,0.7401571294,3.1466823225,0,-0.208549392,0.0401434004,0.0200775583,0.0267276957,0.3118751131,2.9163787535,3.583038e-10,1.1118989e-08,1.401660543,1.9646522777,0.0320997498,0.0444840546
10232,0.7351764044,0.0589086233,-51.69340339,0.0543438078,7.8835650567,0.4022341879,0.0256192552,0.0615253002,0.0384251203,0.0169172932,0.0655572453,-0.001807046,-0.261391542,0.0743068392,0.001807046,22,-0.0021843,0.0,-0.030414568,-0.103319745,0.004201215,0.0700791557,-0.116838711,-0.000589122,0.0331594046,0.5671290659,0,1.0004165079,0.0076419451,0.9985540549,0.0107444976,2.9217746643,0.0605367877,0.0091062458,0.0,0.0,0,,0,0.0,0.4464096135,5.0,-0.061697264,-0.000384412,-0.043750034,-0.185046496,-0.650551204,,-0.005230802,-5436.267822,0.0286434127,10.823047933,0.0005340079,0.0018450313,0.019509404,0.0106538438,0.0229907387,-0.056136212,2.0,0.0111320235,-0.625442217,0.0181799328,4.0,9.1370339374,0.0061357019,0.1069251402,0,0.0654744878,0.019988928,0.0087910805,0.0091283742,1.6442259582,0.3756660482,3.8956085e-06,2.0000003298,0.1786378741,0.0319114901,1.4891701574,0.0293071731
13947,0.1656169148,-0.01642121,5.0880801596,0.0,0.0220758723,0.0085701529,-0.725247644,1.4811221534,-0.249480815,0.350877193,-0.0995696,0.0281233958,0.2255024739,-0.020124233,0.0281233958,2,0.0,0.6436781609,0.259650166,,1.072308511,0.2686149936,2.1171899369,0.0301573154,2.2390500241,0.8657124793,0,11.168248872,0.8372896033,11.168248872,0.8372896033,0.0536811986,,-0.643695959,0.0,0.0,0,,0,1.0,-0.369104683,2.0,46.95839886,,0.4350549209,-8.654785761,0.3532272106,0.5733941298,-8.777476218,-2581.141157,0.0248274717,14.309244138,0.0001817119,-0.042961701,-0.046711195,-0.001608479,0.6951999772,13.766666667,1.0,-0.003039158,1.1908928193,-0.147051729,5.0,16.453198558,-0.00409429,7.7126925263,0,-0.25352422,0.1294349581,0.0511793312,0.0666626927,0.3909556838,14.618331527,7.099216e-10,3.3082912e-09,1.427079145,2.036554886,-2.532741672,0.1316015576
13909,-0.101870051,-0.032951697,20.604198782,0.0,1.4239582241,1.6509496694,0.0609589058,0.203716763,0.3206156674,0.0097436889,0.2348610506,-0.013964488,-0.512872174,-0.016051688,0.0139644884,2,0.0386994923,0.2953051643,0.147235499,-0.192735371,-0.014444557,0.3010741332,-0.263593223,0.1122128931,0.859143011,0.2804792388,0,1.8671015187,-0.015927375,1.1040761019,-0.084414324,47.242114468,8.3474602912,0.0140618036,0.0,0.0,1,0.3943273298,0,0.0,-4.428422697,2.0,0.4836794459,,0.2366299703,-0.299945701,-2.134196121,0.4834039693,-0.073412231,-1243.756628,0.1172520361,13.813569199,0.0096776517,0.0317717002,-0.348795009,0.1167595864,0.0330079168,-0.002023328,2.0,0.0017094017,0.3250179209,0.0204612222,2.0,13.293271731,0.3690271008,0.576059521,0,0.0957318355,0.0476848371,0.0176326075,0.0271624472,0.4528587616,1.9337306566,2.9205406e-09,2.465268e-08,1.534549213,2.3548412873,-0.010929181,0.0586597493
14716,1.0123849689,0.0555029965,-2.799785756,0.0,0.8614967657,1.0045870502,0.0313333821,,,,,,,-0.359461046,,1,,,,,,0.2358271189,,,,0.5287244175,0,35.530668223,,2.7883863437,,10.664861683,26.262192913,0.0296599114,,,1,0.0006042571,0,,,,,,,0.1557975342,,1.0491812171,-0.146036943,-1400.852594,0.0665802826,12.80549204,0.0043721118,0.0135485118,0.0276226943,0.2146194549,0.0158059659,0.0215866534,2.0,0.0025188917,0.4973646094,-0.006951936,2.0,12.528791903,,0.7808792632,1,-0.105045736,0.0334448367,0.0235319967,0.032508238,0.5317875694,2.2017028338,1.7599953e-08,2.8907489e-08,1.2296542092,1.5120494742,-0.025966305,0.03646417
13962,0.1760624803,-0.196590596,2.5045086547,0.0,0.2276165353,0.1869846166,-1.543566244,0.596159821,0.4347076369,0.2497948016,0.7607816916,-0.143334131,-0.239358088,-0.149535047,0.1433341312,2,-0.015629488,0.5862068966,0.5155558386,0.022817872,0.0244254503,0.2417530631,-0.583020181,0.0548996458,0.4240363532,0.8576947289,0,5.0694917057,0.5550024775,4.7800404083,0.6495415998,0.6532923364,3.8270344162,-1.06781303,0.0,0.0,1,1.0,0,1.0,0.7761288887,3.0,47.500850581,,0.3775836565,-8.644340196,1.8521380886,-0.42660587,-8.906887031,-5292.836997,0.0248274717,12.65959826,0.0,-0.105434904,-0.278736309,0.0107338768,0.5464917353,-0.027850316,2.0,0.010625,1.7125527995,-0.085696911,5.0,13.148694002,-0.118068582,1.3990176784,0,-0.25352422,0.0420498922,0.0204692698,0.0420172021,0.5297363848,3.8412878025,7.6476927e-09,1.5047388e-08,1.939161235,3.7603462953,-0.01767706,0.0821503122
14239,0.3049355373,0.0552150107,2.7848104333,0.0,0.8507722456,0.8930624309,0.1448834088,0.0468583487,0.3054609632,0.0105938815,0.0006107998,-0.010866115,-0.222348926,0.067492009,0.0108661148,2,-0.001032411,0.0,0.100426796,0.0929896243,0.0488523558,0.7846847127,0.0577063061,-0.000506331,0.2018380244,0.3072245795,0,3.8410425945,0.5681612963,3.0693423677,0.6844513533,5.2509306602,6.2574676433,0.1271778463,0.0,1.0,1,0.3176749456,0,0.0,1.1821829826,7.0,3.158465422,,-0.16724053,1.1200899957,-0.729820587,-0.843059533,0.1591408158,-830.9904771,0.0446872923,15.579428221,-0.01245275,-0.01047652,-0.057291076,-0.004862479,0.0786090582,0.2540215782,0.0,0.0016650017,6.6064875695,-0.143727285,5.0,15.727118345,-0.161237522,1.5477696827,0,-0.101630079,0.1425365359,0.0359973406,0.0293222308,0.6506375334,5.4302125902,6.255937e-10,1.415032e-08,1.5037010962,2.2611169869,-0.049799892,0.0513795619
90534,0.742086361,0.0673134048,-25.38561878,0.0507785599,4.1508527835,0.2463601279,0.031833063,0.0034483455,0.0460008322,-0.008878128,-0.004367699,-0.004190094,-0.304050099,0.0877800523,0.004190094,16,0.0001959948,-0.031358885,-0.067826424,-0.048269757,0.0284142325,0.1214936024,-0.04868217,-0.000752205,0.0495341892,0.3953328545,0,0.6822856458,-0.043969781,0.6810573261,-0.044363816,1.7347629484,0.1003403353,0.0180516937,0.0,0.0,0,,0,0.0,0.3172361148,5.0,-0.016282519,-0.001191998,-0.075108919,-0.17813654,-0.769932192,,0.0082424111,-5244.655222,0.0286434127,12.404576708,-1.2733e-05,0.0033717654,0.0226449808,-0.004392782,0.0261421417,-0.007153234,0.0,-0.000512295,-0.330853608,-0.014468729,5.0,11.706413732,0.0207104402,0.4643924303,0,0.0654744878,0.0192497224,0.0074841448,0.0134833424,0.3345763414,0.8938805488,1.0121638e-08,4.3883394e-08,0.5511161555,0.3037290169,-0.072593831,0.0182853061
12166,0.7955080742,0.0172202242,-8.152950491,0.0,7.7694591355,0.3419363938,0.0276853704,0.2630157071,0.044657963,0.4496664878,0.2258886073,-0.006671069,-2.972563473,0.0684084338,0.0066710687,22,-0.003307505,0.0398230088,0.0499534461,-0.104991925,0.1215780068,0.0679988581,-0.265160083,0.0090291318,0.7935261292,0.5774377918,0,0.8436818593,0.0304698882,0.8386540201,0.0374294163,0.3763991741,0.0629410024,0.0048226665,0.0,0.0,0,,0,0.0,0.6827771507,7.0,0.113378066,-0.001282072,-0.003927025,-0.124714827,3.3270438248,,-0.011129207,-5356.672822,0.0286434127,12.077909979,-3.537581e-06,0.0004573969,0.0051305107,0.0085444859,0.0800390205,0.0308992565,2.0,0.0,-0.657996094,0.0105176555,2.0,10.398058796,0.1148171301,0.2367129361,0,0.0654744878,0.0437636338,0.0189078124,0.0338520484,0.4374308643,0.5742160063,6.3476576e-08,7.2405045e-08,0.4872452593,0.2374079427,0.1567617993,0.0379433524
13963,1.4078213143,-0.017325218,-3.387113506,0.0004714345,0.3485079637,1.0174735375,0.0117365454,-0.084662502,0.2188125417,0.0043556128,-0.036807818,-0.061934013,-6.653061224,0.0979405201,0.061934013,3,0.0005699449,0.1363636364,0.006881269,0.0625896596,0.0434826321,0.1930080117,0.0047770018,-0.020316575,-0.098014045,0.3032066521,0,1.8445475638,-0.207579567,1.6965197216,-0.225620837,4.4249103024,6.2876911872,0.1270947403,0.0,0.0,0,,0,0.0,0.2724458204,4.0,0.0969087686,-0.073479141,0.0884824329,0.6688057541,-0.371083915,0.3104192086,-0.036235323,5580.7197417,0.0794318232,15.36816576,-0.008559201,0.0085470085,0.0107814459,-0.012811264,0.1286256438,-0.070354605,1.0,-0.002377179,0.0675431016,-0.034501103,5.0,16.431614669,-0.170842925,2.2776693992,0,-0.075760491,0.0203601625,0.0132519335,0.0231119966,0.4418603912,3.5357052905,3.708306e-10,1.3375e-08,1.018863123,1.0380820635,0.0707422696,0.02830723
13959,0.1787200385,0.0145766877,243.47172044,0.0,0.1260064601,0.5149813158,0.0781233518,0.2721004036,0.4308367323,0.0092947522,0.5599172575,-0.176229479,-3.290077004,0.0625351128,0.1762294794,2,0.0102740769,0.1585365854,0.1505083722,0.0776606901,-0.082236234,0.1205751728,-0.020021965,0.3367110041,0.125665807,0.5054106478,0,0.8817312531,0.1622230804,0.5172467191,0.1250465316,211.82633788,77.882137346,0.4467760938,0.0,0.0,1,1.0,0,0.0,0.643890643,5.0,0.0027426037,,0.0787458123,-0.075750844,-0.109886252,-0.746743788,-0.001718738,-3352.757322,0.0885157098,12.58747007,-0.034559903,-0.04046793,-0.071884996,0.0283219923,0.0086087625,-0.131511441,0.0,-0.004943503,3.9613670678,-0.155888744,5.0,12.882723224,0.0171463079,1.1778598442,0,-0.101596569,0.0336879529,0.0182753632,0.0374694119,0.6637705134,3.5137583904,1.2781591e-08,1.9180809e-08,0.2736319451,0.0748744414,1.1669078444,0.064844783
10629,0.8261114694,0.0621555276,-46.26931609,0.0386490449,6.0863805895,0.2879119119,0.0241863265,0.1890148528,0.0431988133,0.094516472,0.1965058679,-0.020395012,-2.101832697,0.1927960479,0.0203950119,22,-1.1654e-05,0.0135352884,0.156813556,-0.02687405,0.0118256979,0.1835845837,,0.0010728132,0.1481696263,0.5180931527,0,1.006496367,0.0628939152,1.0023103602,0.063740664,2.3217580108,0.059999126,0.0135186967,0.0,0.0,0,,0,0.0,0.3513779002,6.0,-0.000686447,0.0013769572,-0.030214746,-0.094111431,-0.410034329,,0.1132584067,-3180.909382,0.0286434127,14.835321427,0.0001170905,0.0024130347,0.0193888868,0.0041559684,0.0153697362,-0.030516057,0.0,0.0,0.0260027335,0.0382631514,6.0,15.372924268,-0.034664329,2.0940560396,0,0.0654744878,0.0274079423,0.0133405718,0.0177018203,0.1662820053,0.897703798,7.32761e-10,1.8590407e-08,1.0344139067,1.0700121304,-0.010992462,0.0227596951
14006,0.9529486504,-0.160144025,-0.402776556,0.0,0.2606593033,1.0873553648,-0.231834601,-0.065884761,0.3033900084,0.0221608864,0.1403006442,-0.067857773,-0.532376857,-0.074887052,0.0678577727,2,0.0,0.1649484536,0.2101050108,0.0820959414,-0.136911641,1.1975242196,-0.357018692,0.0188654492,-0.109907535,0.6415890846,0,3.3871504036,-0.183813781,3.3871504036,-0.183813781,2.0503040354,3.4103923875,-0.468617614,0.0,0.0,0,,0,0.0,0.3681415253,2.0,-10.17105478,,-2.276517695,4.7309714196,-0.326344242,0.1119278668,0.9196852255,-4087.747338,0.0288563477,11.568073655,-0.000140222,-0.161670592,-0.220067661,0.0266722632,0.421291177,-0.077523804,0.0,-0.005376344,1.6028944271,0.1744490005,4.0,10.784487625,0.3864972877,0.375225268,0,-0.111549313,0.0310881156,0.0151102653,0.0411228086,0.7639687299,2.1647761551,1.1404421e-07,5.1274748e-08,1.6334557941,2.6681778314,-0.155462547,0.0832008248
91893,0.2990285367,-0.140736781,2.2799542988,0.0,0.0424850189,0.0824621842,-3.038509706,-0.259348052,0.150212903,0.0035765379,1.7867965368,-0.048061506,-0.137045721,-0.121449407,0.0480615056,2,-0.001397854,-0.1875,3.499465812,-3.701815015,2.2489026118,0.2272727273,-0.101282535,-0.036640784,-0.329312067,0.9170370549,0,7.6244660194,-0.728267863,7.6244660194,-0.727895297,0.2855184233,2.4791666667,-4.867104887,0.0,1.0,0,,0,0.0,0.155349147,3.0,-3.671721101,,-2.628966149,4.077051306,-1.625509951,0.1119278668,0.8731228706,-4173.811958,0.0288563477,10.165453087,7.6558e-05,-0.305513595,-0.399795849,-0.134125527,0.7200643993,13.766666667,0.0,-0.133333333,-0.302802819,0.0003886335,3.0,8.2384788178,0.5461288119,0.5634062747,0,-0.111549313,0.1538462192,0.0624048135,0.0958121658,1.3772871089,13.11028019,1.0134896e-06,1.572109e-08,0.863509434,0.7456485426,0.6090685974,0.0946497075
14026,1.4928309887,0.2831439033,-72.10291651,0.0,7.9075978703,2.6368728631,-0.061257082,0.3395538512,0.2141562482,0.0098187914,0.3212344664,-0.129009852,-5.494641284,0.6273066775,0.129009852,2,0.0,0.1428571429,0.4685282576,0.3743734028,-0.010283588,0.1110463885,0.1314464498,0.3417608716,0.2600879553,0.4852062032,0,1.0554045887,0.4555103405,1.0554045887,0.4555103405,27.750419249,3.6548773695,0.2227267967,0.0,0.0,1,0.4186046512,0,0.0,1.6117043674,7.0,0.8852193639,,-0.044623617,2.6295230182,-1.894451848,-0.460825898,1.4763019871,-2355.79687,0.0279332649,11.895768655,0.0005618193,0.0068362033,0.0345553073,-0.363998138,0.0115916217,-0.592795884,1.0,-0.056743215,0.1431449012,0.0185331255,6.0,12.653969149,0.4328775327,2.5098535488,0,-0.500704589,0.133136034,0.0576733061,0.0882236578,0.4889597827,5.8579018195,3.9435049e-08,9.5009469e-09,3.3482519805,11.210791325,0.078647104,0.0942576741
10913,0.9341251669,0.0943648222,-14.26707087,0.0110481203,9.2288039346,0.4984382132,0.0347025648,-0.014892612,0.0448441744,0.0013370771,-0.018190302,-0.006988551,-0.762622274,0.1663295375,0.0069885509,27,-0.003266001,-0.01734104,-0.021519657,0.0411073463,0.0428401694,0.1163656142,0.0259917168,-0.003982195,0.1632218867,0.4450997023,0,0.7575537375,-0.015728388,0.734513874,-0.011203681,0.8614959272,0.0947051935,0.012633353,0.0,0.0,0,,0,0.0,0.5793513104,5.0,0.0256503553,0.0007869134,-0.061091074,0.013902266,-1.163407369,,0.0867918963,-5324.064012,0.0286434127,12.259050337,8.8142e-05,0.0021891976,0.022839841,-0.004186785,0.0611161323,0.0059195629,1.0,0.0036217304,0.2751682209,0.0192678182,4.0,10.764650704,-0.121632432,0.3024526793,0,0.0654744878,0.0255555753,0.0104381545,0.0166244291,0.4634992002,0.6950588671,3.1873473e-08,7.0368369e-08,0.5941802899,0.3530502169,-0.240871329,0.0383515224
14675,0.0740581761,-0.045116593,40.579751693,0.0,0.0999526432,0.2329658969,-0.292915746,,,,,,,-0.061749271,,1,,,,,,0.4240121581,,,,0.6150389463,0,2.4177961108,,1.6144175997,,10.915914221,3.1982473545,-0.004657386,,,0,0.0,1,,,,,,,0.8892126344,,-2.065658247,0.0298995356,-5036.142887,0.0446872923,11.190610526,0.0,-0.062931034,-0.144334601,0.0082561482,0.2346888241,0.0016642949,0.0,-0.011594203,0.6878151632,-0.013514616,2.0,9.4234457305,,0.104187429,1,-0.101630079,0.0994764119,0.0516344041,0.0860775808,1.2717099887,0.2977732406,2.5189784e-06,2.2365148e-07,0.8293884968,0.6878852787,0.9666635682,0.0738433758
14093,1.7178002907,-0.747238745,-6.676541147,0.0,0.5573212688,0.2119595137,-0.359482362,-0.264709786,-0.23918834,0.174863388,-0.274444801,-0.305885473,-1.098973983,0.073957195,0.3058854727,2,0.0,-0.192307692,-0.441204071,-0.147392416,-3.117391158,0.7887323944,0.7957746479,-2.6548e-05,-0.261494997,0.6374204477,0,,,,,1.1098207885,0.1205519132,-1.122895449,0.0,1.0,0,,0,0.0,-0.331053561,2.0,-4.226505931,,-0.362084635,1.134201281,-1.012507945,-1.055480323,-0.185319229,-2174.161386,0.0457306398,9.0004811673,-0.000668646,-0.305513595,-0.620134049,-0.182025101,0.0255668114,-0.13442298,0.0,-0.787671233,0.3069790435,0.1398255508,3.0,7.5308309177,1.1098684545,0.2655919596,0,-0.034541484,0.3387096822,0.1131541982,0.1052338651,1.3383002333,1.3878687086,4.21704e-05,8.8675617e-08,0.2277260037,0.0518591328,1.0690435963,0.1041308199
14044,0.1020896854,-0.012871452,10.714022306,0.0,0.0162476098,0.0157231674,-0.362629222,1.4447901394,-0.262249944,0.1890202865,-0.031338296,0.0168775763,0.1093189294,-0.014278545,0.0168775763,2,0.0,0.3333333333,1.5582433067,-3.701815015,-1.149007936,0.2140620106,-0.441357614,0.0198553714,2.227559666,0.7207471681,0,5.8856095205,0.2804677526,5.8856095205,0.2804677526,0.1910689489,5.1597063235,-0.75967682,0.0,0.0,0,,0,0.0,-0.401317291,4.0,48.34363622,,0.1247100933,-8.718312991,1.0613636009,-0.402896027,-8.771630529,-1390.569917,0.0248274717,14.43347939,0.0016616718,-0.084859702,-0.099602885,-0.010706199,0.7846269979,0.0626238832,0.0,-0.002549936,-0.27179098,-0.032821626,5.0,15.778016395,-0.11720414,4.4323172125,0,-0.25352422,0.1308520585,0.0455198202,0.0658492313,0.2618230643,4.1009788039,1.1040036e-09,6.515813e-09,1.921014859,3.6902980885,0.2340992028,0.1039876668
14046,0.3049198087,-0.204907874,1.9281128615,0.0,0.0480505293,0.0,-16.22674419,-0.32471547,0.0,0.0113082472,0.3712339534,-0.085129581,-0.181899642,-0.167635205,0.0851295815,2,0.0,0.1666666667,,,,0.1603375527,-0.631223629,0.0043557679,-0.374724675,0.9675092333,0,9.0704191617,-0.550934625,9.0704191617,-0.550934625,0.0,,-4.923654845,0.0,0.0,0,0.0,1,0.0,-0.001317796,1.0,,,-0.041956573,-8.515482867,43.250901134,-0.42660587,-8.924987189,-5438.438957,0.0248274717,11.018282978,0.0,-0.123398283,-0.136708804,0.0,0.9734194038,-0.466666667,0.0,0.0042063969,-0.612861792,-0.108683842,4.0,11.122445861,0.0592012049,3.0706766445,0,-0.25352422,0.182242915,0.0643789903,0.0989855926,0.7576344826,11.280508113,5.9972271e-08,6.6263199e-09,1.9280509243,3.7173803665,-0.472690922,0.1441289873
13954,0.1623419483,-0.044215736,6.4589896165,0.0,0.0119002626,0.0,-0.969069141,0.8308661055,0.0,0.3260543641,1.3298429319,-0.039289469,-0.119697595,-0.038923219,0.0392894688,2,0.0,0.2352941176,,,,0.2051282051,-0.761094135,0.0052878291,0.8025671134,0.7412818116,0,19.443999272,0.3478008073,19.443999272,0.3478008073,0.0,,-5.176529445,0.0,0.0,1,1.0,0,0.0,-0.003644167,3.0,,,0.0266708776,-8.658060728,27.510134604,-0.42660587,-8.796275203,-4724.695037,0.0248274717,12.819762508,0.0,-0.040514879,-0.041907836,0.0,0.7036560768,9.5333333333,0.0,0.0004239084,-0.477117628,0.0155459661,5.0,14.544766886,0.4306303069,4.1633615782,0,-0.25352422,0.1062857509,0.0432331062,0.0651617003,0.4331227378,6.5251254167,5.6860036e-09,7.3975285e-09,2.0161808589,4.0649852556,-0.204999824,0.1096797824
14400,0.6217274959,0.0200939183,1.3525748179,0.0,0.5942190645,0.6283275042,-0.05569259,,,,,,,-0.471186849,,1,,,,,,0.387195122,,,,0.4988836922,0,13.494089264,,3.6288902292,,3.3751155815,9.4563376722,0.0277886087,,,1,0.1167286441,0,,,,,,,-0.234859939,,2.1756933522,-0.257762746,-1523.408354,0.0665802826,12.347967843,0.0107959462,0.0123904267,0.0287941323,0.2729000634,0.0974986958,-0.000179789,1.0,0.0023166023,1.6231021133,0.0059142476,2.0,12.173220699,,0.7385516764,1,-0.105045736,0.036051508,0.0262893428,0.0353392758,0.5086545398,1.8660711313,2.1685361e-08,3.6707218e-08,1.9464507424,3.7886704924,-0.04637644,0.0518560752
14056,0.3185866338,-0.891868912,0.5506182076,0.0,0.3321295068,0.0112040314,-17.17196532,-0.450988474,-0.602075072,0.0109936181,-0.022182823,-0.079139616,-0.094752049,-0.807362505,0.0791396157,2,0.0,-0.21875,-0.744329897,,0.8565666721,1.0333333333,0.4406829993,0.0021207193,-0.717110417,0.9280626149,0,4.572083049,-0.547215303,4.572083049,-0.547215303,0.0183037042,,-2.637091394,0.0,0.0,0,,0,1.0,-0.787335381,1.0,-18.82406651,,-0.42737324,-8.501816042,-0.276771483,0.5733941298,-9.223719573,-5475.963087,0.0248274717,9.4645880044,0.0,-0.211738833,-0.811535723,0.0468174096,0.8566752667,0.5929673486,6.0,1.1243243243,-0.020808048,-0.042998761,4.0,10.299782716,-0.240177497,1.211950902,0,-0.25352422,0.088580586,0.0528686212,0.1262048141,0.541225103,3.082392806,5.0974477e-07,1.6857332e-08,1.5830086324,2.5059163304,0.173925576,0.1056215935
14158,0.2548196379,-0.367379537,1.766021475,0.0,0.1695192564,0.0,-11.48342059,-0.387577043,0.0,0.0024602263,0.6074151985,-0.086725576,-0.131868961,-0.318933579,0.0867255759,2,0.0,0.0,,,,,,0.0,-0.566208752,0.925107829,0,8.1458333333,-0.238130688,8.1458333333,-0.238130688,0.0,,-2.67204518,0.0,0.0,1,1.0,0,1.0,-0.002926875,1.0,,,-0.20862324,-8.565583038,,-0.42660587,-9.076285563,-5511.305157,0.0248274717,10.447762314,0.0,-0.257824284,-0.634276438,0.0,0.9191988359,0.0,2.0,0.4742268041,-0.812565165,-0.074311253,4.0,10.664216773,0.686810701,0.9442066013,0,-0.25352422,0.0924368799,0.0413747696,0.0713735034,0.6331673629,3.5028182973,2.0295008e-07,1.9870738e-08,1.9754996023,3.9025986787,0.0841700541,0.0883158837
14057,0.6363697086,0.0339961153,0.9574318764,0.0,0.1189504723,0.3336990096,0.1546012374,0.1699376272,0.4814111802,0.0299181806,0.168075966,-0.061969823,-1.276840349,0.0774037271,0.0619698232,2,0.0,0.1869369369,0.2613803161,0.087359468,-0.010545655,0.9290223612,-0.320810395,0.0188524494,0.1702862681,0.5062824818,0,7.6940975633,0.3564538574,7.6940975633,0.3564538574,1.0826277599,3.8027527549,0.487785658,0.0,0.0,1,1.0,0,0.0,0.5669740256,5.0,-10.17471237,,-2.254529212,4.4143924778,-0.350540052,1.4726600328,1.071976005,-3441.242698,0.0288563477,12.925887986,-0.005901585,0.0005643898,0.0006919605,-0.009396778,0.4510554703,-0.013710733,1.0,0.0084951456,6.1948406289,0.2069558222,6.0,13.481812806,0.4808071917,2.684970861,0,-0.111549313,0.1346666962,0.0391723275,0.037155348,0.4100163232,2.9342127983,7.7531061e-09,1.3665579e-08,2.1624300914,4.6761039002,0.2768911857,0.0727942211
14464,0.577849886,0.0588050749,-14.55703394,0.0040047704,1.9362641976,1.0711199192,0.0380427547,,,,,,,0.2207472216,,1,,,,,,0.923650394,,,,0.3329333487,0,12.588236791,,12.588236791,,11.305560109,1.0265476921,0.0467545534,,,0,0.0,0,,,,,,,-0.273342027,,1.6211060842,0.1222634238,-7922.074208,0.0331128264,14.573689532,-0.000321165,0.0091575512,0.0334337335,0.0459391266,0.0587180265,0.0056767213,1.0,0.0005184033,0.8797868027,0.1041337443,3.0,14.025559928,,0.4631793028,1,0.048781298,0.0160183236,0.0184034466,0.0221701584,0.5580794349,1.6551380826,2.2110781e-09,4.2416461e-08,0.7985010391,0.6376039095,-0.025519868,0.0274228929
89875,0.2176762353,0.0447654522,2.8937529653,0.0,0.1929771419,0.0871576985,0.2093755281,2.3874659401,0.9999325843,0.1837837838,5.2346570397,0.0435678387,0.2335548057,0.0343102657,0.0435678387,2,0.0259564127,0.1358024691,0.8605810784,0.4782586937,0.3523192598,0.7424851618,2.0348244856,0.1187191011,2.412553098,0.7140863831,0,15.376558603,0.9628468877,14.808433462,1.1651474332,0.3311109402,3.2358212407,0.5119172773,0.0,1.0,0,0.0,1,1.0,1.0665006591,5.0,48.129887578,,-0.072820771,-8.602726441,5.2127186265,0.052251551,-8.723041718,-4905.196637,0.0248274717,13.166546228,-0.004152847,0.0168776215,0.0304949833,0.0056947057,0.5327419195,0.0259544915,1.0,0.0045558087,0.1844616586,0.0341828391,4.0,14.414400449,0.400632502,4.3105078454,0,-0.25352422,0.1280286759,0.0378749741,0.0468518034,0.427223054,13.861649574,1.9639845e-09,4.5296327e-09,2.2050439257,4.8622187144,0.1805056255,0.0792807571
13330,-0.467861017,-0.703036022,0.4432012265,0.0,3.9211268782,6.513265968,0.1370350606,0.3963206578,0.4900924974,0.1111773029,0.7248392735,-0.124960328,-0.523363591,-0.335092565,0.124960328,2,0.0,-0.548387097,0.5771319536,-0.220757022,-0.341658,0.2139280897,-0.148192353,0.1833847208,-3.068634317,0.5245711089,0,1.4139790535,-0.148958904,1.4139790535,-0.148958904,29.652740514,5.2568493151,-0.13732515,0.0,1.0,1,1.0,0,0.0,5.0262553934,2.0,0.7472955122,,-0.888007076,0.5904849184,-0.568670008,0.5354687929,-0.697708662,-2440.74381,0.0279332649,9.2684198293,-0.00903423,-0.000613259,0.0037064744,-0.954296447,0.1024165576,-0.064336123,0.0,-0.787671233,2.4086819857,-0.098379093,4.0,7.5082278002,-0.633161861,0.1230492999,0,-0.500704589,0.2870313525,0.1118185004,0.1321902001,1.9141704977,1.6463575836,0.0001049881,1.7598092e-07,-0.050958073,0.0541875832,0.352343133,0.081447337
77643,0.846821337,0.0525644233,-72.89053825,0.0309500194,6.6740369352,0.3096184416,0.0224022698,0.023399397,0.0373528869,-0.036978319,0.0256172631,-0.00599341,-0.847726813,0.0971246942,0.0059934095,23,-0.0003227,-0.04453723,-0.017563344,-0.059091779,0.0466253023,0.2111280371,0.2934209953,-0.000801305,0.0062498507,0.5132429165,0,1.0403157355,0.1089883411,1.0380682612,0.1096057367,3.5128390888,0.0594380759,0.0104373219,0.0,0.0,0,,0,0.0,0.3261823501,7.0,0.001793861,-0.000496603,-0.088287264,-0.073401564,-0.630336966,,0.017587053,-4652.796762,0.0286434127,13.612958106,-8.9363e-05,0.001965258,0.0174548584,-0.000164471,0.0113965326,0.0056740516,0.0,-0.00220022,0.6080978141,0.0045474768,4.0,13.250588448,-0.020588789,0.686053875,0,0.0654744878,0.0354691558,0.0156468843,0.0205558911,0.3164650977,1.1217429224,5.6884907e-09,3.2703805e-08,1.0849904942,1.1772043726,-0.008438332,0.0267831902
13998,1.118375019,0.0458595039,-8.658348923,0.0,3.8989297197,0.9587239491,0.0258137721,-0.022966108,0.0334878844,-0.043996139,-0.032072791,-0.026058705,-2.884486017,0.1781406018,0.0260587045,2,-0.002093494,-0.110659072,0.4455551581,0.366669668,2.2489026118,0.6075896487,0.6036343098,0.0006724153,0.0101675101,0.6078068289,0,4.3461185838,0.1847085731,2.4204565903,0.1770296372,2.2421576661,0.4626988952,0.0266644675,0.0,0.0,1,0.7266428726,1,0.0,0.106195248,7.0,1.2897649269,,-0.198519645,0.6838314184,-0.83187741,-1.117362177,0.1501360676,-5697.726014,0.0558672041,13.949602442,0.0025651855,0.0033306773,0.0149106125,0.1184208602,0.0929247011,-0.024249231,1.0,0.0273473108,1.192039589,0.0328423386,4.0,13.721559248,0.1241361024,1.1636364329,0,-0.168614603,0.061208304,0.0242924467,0.028421913,0.625359802,4.36057287,2.236499e-09,1.3156774e-08,0.6986491701,0.4881106629,0.3601613225,0.0325468649
14099,0.3762625448,-0.584916096,0.5645145239,0.0,0.4976412117,0.1034436102,-1.164041798,0.1205447234,0.0330870077,0.2661077472,0.6221073999,-0.215307303,-0.30438065,-0.406878955,0.2153073031,2,0.0133916651,-0.430463576,-0.37179399,0.377152343,-0.151726813,0.1279877021,0.2352911409,0.2011498425,-0.204695577,0.7276668524,0,1.7538298827,-0.64901275,1.3485994488,-0.663101276,0.2457235073,5.1124790151,-1.381583763,0.0,0.0,1,1.3156996587,0,0.0,-0.015029676,2.0,43.924302208,,-0.639086816,-8.444140131,2.57915484,-0.42660587,-9.164230939,-5459.047307,0.0248274717,9.8991300754,,-0.18649842,-0.782855317,0.0053272738,0.3706713604,-0.30251934,3.0,0.0891301337,-0.669182046,-0.010661293,3.0,9.1639088974,-0.415902123,0.3742271396,0,-0.25352422,0.057556726,0.0426153351,0.0933156805,0.8193156214,1.0309961226,2.8452822e-06,9.6647438e-08,3.2065323506,10.281849715,-0.003678623,0.1133415621
14087,0.647742514,-0.052474416,0.1808032141,0.0,0.2825877826,1.0667637788,-0.079108175,0.0664089637,0.6142433643,0.0354481117,0.1946121455,-0.103259006,-1.773699257,0.0405994168,0.1032590063,2,0.0,0.1619256018,0.1763472024,0.1313347583,0.0145341269,0.4439319689,-0.284818349,0.0452929079,0.0187137262,0.7657283833,0,2.9282859966,-0.044769113,2.9282859966,-0.044769113,2.7684102341,2.5975511755,-0.095358084,0.0,0.0,0,,0,0.0,0.8426839051,5.0,-10.17764306,,-2.279540547,4.4257652832,0.2910700909,0.1119278668,1.0351716948,-4067.768918,0.0288563477,11.781475479,0.0022918877,-0.046778351,-0.063954114,-0.046249038,0.3573810868,0.0082919988,0.0,-0.003861004,2.2788935346,-0.014857745,3.0,11.32409131,0.6322669706,0.8139854362,0,-0.111549313,0.0700280145,0.0231071311,0.0330816306,0.449647643,0.7331791931,6.6640513e-08,5.6424781e-08,1.5844049905,2.5103391739,-0.085207262,0.0752962995
77379,0.8551390382,0.0732590816,-29.39422963,0.0279504698,5.6579278118,0.3343709172,0.0296013932,-0.005377448,0.0475516428,-0.030053211,-0.009212455,-0.007995744,-0.712779818,0.1254766764,0.0079957444,22,-0.000440444,-0.002096436,-0.016167122,-0.011215559,0.0425515916,0.1153816455,0.0828657933,-0.000322322,0.0207641218,0.4583656738,0,0.7539712933,0.0010247685,0.7523576661,0.0017443614,1.7902371606,0.0874526052,0.0151690755,0.0,0.0,0,,0,0.0,0.3716904673,7.0,0.0054911596,-0.000268952,-0.04584647,-0.065083863,0.329988506,,0.0459390352,-5037.488782,0.0286434127,12.980186869,-7.4916e-05,0.0028239763,0.0210445599,-0.003202146,0.0215024094,0.0326574654,1.0,0.001236476,-0.015101425,0.0199450376,6.0,13.175549439,0.025919475,0.7390676905,0,0.0654744878,0.026532447,0.0124883638,0.0168698008,0.3857725259,0.7271021108,1.340774e-08,5.3056342e-08,0.7694363823,0.5920323464,0.0534973551,0.0213872771
14230,0.9083294729,-0.099497063,-25.83447457,0.0,4.2695490535,0.6019865813,-0.010869685,0.6128586134,-0.013272195,0.0004656758,0.9292191539,0.2125872739,7.1399454114,-0.887213573,0.4101931613,2,0.1450367135,0.0615258409,0.175185347,-3.701815015,-1.423254681,0.3050976711,0.7457829621,0.3775645552,-0.089189954,0.5018223464,0,47.062857143,1.2662648845,10.084126984,3.3261054212,3.7224651051,0.7864427318,-0.02549248,0.0,0.0,0,,0,0.0,-0.131261362,1.0,-73.91722484,,0.0182937793,0.1422808921,-3.529105561,0.4597151049,-2.29835667,-3228.386144,0.1473165608,11.910724326,-0.007342089,-0.012399118,-0.072117415,-0.204539236,0.0558575193,0.0082247,0.0,-0.015471167,-0.22772681,-0.09471206,3.0,10.645004769,0.4734612429,0.371885248,0,-0.258063742,0.0631579235,0.0279408147,0.0471788253,0.8686912658,4.4275695947,1.1437061e-07,3.7346111e-08,1.577323254,2.4879486477,0.2575935141,0.0558193665
10253,0.7631368699,-1.190958076,0.1716296296,0.0,0.5725932985,0.8801389972,-0.189278729,-0.450988474,0.0979626385,-0.065552205,0.3288283257,-0.529527965,-0.941929684,-0.115028829,0.5786463093,2,0.0006940428,0.0277777778,0.0478455191,0.0715774875,-0.104608459,1.0512258322,0.8281263797,0.0072317424,-0.705765555,0.2651788275,0,1.6086038533,0.1821441589,1.3792557403,0.1749410095,6.772962963,8.7163965682,-3.442014388,0.0,0.0,1,1.101492136,1,1.0,0.1155708957,3.0,-12.5255802,,-2.413688371,4.5411596391,-1.073274338,0.1119278668,0.8795434485,-4213.644158,0.0288563477,9.1864771201,0.0184780011,-0.033139378,-0.06208938,-0.06233485,0.0583349137,-0.036727102,3.0,0.8260513471,0.2235757802,-0.186431693,3.0,8.1560195851,-0.153907214,0.2583233748,0,-0.111549313,0.1099999547,0.0553753638,0.1076432221,1.0080535363,0.7972753557,1.4029e-05,1.1109107e-07,0.696197024,0.4846902962,0.6325423651,0.1190912579
14095,0.3166814275,0.0218327139,2.7999042411,0.0,0.0635172433,0.3983212153,0.1530105577,0.1576708019,0.647139853,0.0667105552,-0.019990088,-0.023360885,-0.379107406,0.0301096575,0.0233608849,2,-0.008310793,0.0803108808,0.1578775358,-0.18008051,0.0307237487,0.5969738652,-0.065925416,0.0061783741,0.2013526413,0.7598986411,0,5.5502230069,0.0424117369,4.8899368147,0.0571076528,1.7923176064,7.3827834284,0.4670004172,0.0,0.0,1,1.0,0,1.0,0.8044559985,8.0,-10.00727406,,-0.002251271,0.2893232843,-1.283761854,-0.69153757,0.1033028999,-2740.537053,0.0318276958,12.056159379,-0.004218683,0.0083604762,0.0100945891,0.0226736378,0.4392591766,-0.01633579,0.0,0.0024509804,6.0804068325,-0.243379359,6.0,12.347685401,0.5750070441,1.5114707528,0,-0.095378135,0.0431937091,0.018875048,0.0370159928,0.4116592986,1.5275096038,2.4557436e-08,2.7012112e-08,2.112872994,4.4642322886,0.1031955202,0.0750209338
14030,0.756876889,0.0098136388,-0.560813462,0.0122670484,2.6202415475,0.3575844621,0.0380914981,1.4868136619,0.1560743623,0.5364044245,2.2811059908,-0.05133292,-12.9375,0.1367775901,0.05133292,2,0.0009919405,,0.8626198083,1.3591715324,0.1541399682,0.0390020075,0.1784724214,0.6163878933,0.9618441971,0.4069168985,0,1.8148148148,0.7468442225,1.7542087542,0.78194328,1.411622276,7.9863013699,0.0545389307,0.0,0.0,0,,1,0.0,0.3084260731,5.0,-0.943020728,,,9.4770956018,-12.39180105,-0.49954311,0.0457671011,-6111.845559,0.0257826007,13.16788379,-0.000339041,0.0023584906,0.0092140921,0.0663181586,0.0277579053,-2.084612911,2.0,0.000896861,-0.182185529,0.0824518707,3.0,13.575231812,0.5683749848,1.8075618266,0,0.080304809,0.0310954452,0.0151979173,0.0286584444,0.7276506558,6.6305901562,4.0642269e-09,1.2329279e-08,1.7678297913,3.125222171,0.0105449756,0.0457483175
14414,0.5199635474,0.1119827045,-0.432389133,0.0076446726,4.206035101,0.8953558977,0.0609783507,,,,,,,0.5696642939,,1,,,,,,0.1682293703,,,,0.6926866076,0,51.70644176,,44.355703986,,3.1357661716,0.2461279323,0.1085960765,,,1,0.9243226902,0,,,,,,,-0.246085033,,-1.515800899,0.0912064913,3306.7316757,0.1473165608,15.36633872,0.0015058764,0.0065603644,0.0556913872,0.0175849329,0.0645276955,0.3516343649,0.0,0.0034280118,1.9260890187,-0.189908846,3.0,15.855317924,,1.8018727617,1,-0.258063742,0.0970463753,0.0310199971,0.0529533748,0.4975976973,4.2551189345,6.882231e-10,1.1536922e-08,1.1274142995,1.2710630028,-0.106975718,0.047694688
11006,0.5921783861,0.0584149941,-60.78556975,0.0253849116,6.3156193049,0.2268600387,0.0157203697,0.1340068636,0.0296430006,0.5190330343,0.1344322074,-0.004908827,-0.546189276,0.0903206375,0.0049088274,22,-0.000351467,0.0923076923,0.0913475628,-0.131362924,-0.02213587,0.1024987434,-0.112101005,0.0010379634,0.1294903077,0.4856481256,0,0.9141154394,0.090784058,0.9141154394,0.0914417794,2.7129978145,0.0501667604,0.0110515223,0.0,0.0,0,,0,0.0,0.3444102326,4.0,-0.01492766,8.59136e-05,0.0485576583,-0.328044515,0.3010227153,,0.0107829963,-5104.508632,0.0286434127,12.987521752,-1.4781e-05,0.0023017527,0.0272298035,0.0043073664,0.0111467107,-0.005052052,1.0,-0.000122087,0.4869800391,-0.016594885,6.0,11.853809384,-0.008384554,0.2818257688,0,0.0654744878,0.0478564464,0.0186297051,0.025381107,0.4308971371,0.7636859029,2.4353383e-08,6.9556939e-08,0.8596987418,0.7390819266,-0.050633392,0.0275865051
14072,0.138985088,-0.029556109,18.978654375,0.0,0.0603183455,0.0259828761,-0.123566087,0.2274896053,0.134374361,0.0361036124,0.8947565501,-0.118507015,-0.757302437,-0.007173196,0.1185070151,2,0.0493218225,1.6666666667,2.0273569024,-0.950351403,-4.268747748,0.2740789474,-0.367431115,0.1115636289,0.0491898495,0.297292499,0,3.6808264184,-0.610851655,3.1376942841,-0.668273263,0.6202947543,2.4579688354,-0.559809025,0.0,0.0,1,0.8802622498,0,0.0,0.1702079504,3.0,48.122846643,,1.4740690676,-8.681417588,3.5210774178,-0.423009213,-8.76452518,-2779.004217,0.0248274717,14.953825052,-0.00171402,-0.048191601,-0.080476376,0.0086940866,0.2185067589,-0.021996536,1.0,-0.004716981,-0.188189665,0.0974583921,6.0,16.405575047,-0.100275009,3.8561390147,0,-0.25352422,0.0818428844,0.0694593575,0.0749056274,0.6400666165,26.770851058,4.74222e-10,4.0809597e-09,2.0449469199,4.1818079052,-0.180981336,0.0925130889
14097,0.2140431204,0.0460071568,92.711761633,0.0,0.2154140626,0.509714629,0.1565502999,0.6384875324,0.6195816876,0.020954374,0.9810046304,-0.025081338,-0.188506827,0.0546798199,0.0250813377,2,0.0788531499,0.4925373134,0.1246141098,-0.03642316,0.0597999006,0.4786265926,-0.172288746,0.1679906675,0.3956355914,0.2921737483,0,1.8513604603,-0.02367255,0.8782244143,-0.060577264,72.823836657,7.8206573009,0.3836200709,0.0,0.0,1,1.0,0,1.0,1.0480540025,4.0,3.7609404776,,0.3850526836,-0.295809779,-2.452656174,0.5943745607,0.0135816534,-9886.231796,0.0588548821,13.357830237,-0.001474096,0.0354696862,0.0784082917,0.0257019654,0.0166887547,0.0081039996,2.0,0.0011862396,0.531922584,0.0171387587,6.0,13.843338919,-0.191017384,1.1111779833,0,-0.156910843,0.0374603271,0.0127114577,0.0231522933,0.5434159271,3.5742311264,4.8289306e-09,2.1942941e-08,0.8738281505,0.7635756366,-0.037955697,0.036861829
14063,0.1516831618,0.0015653991,5.0311084653,0.0,0.1108815658,0.1241193975,0.0042428984,0.275920555,0.4681812785,0.031962898,0.3547623617,-0.099045355,-14.81661093,0.024759309,0.099045355,2,0.0,0.2,0.2799182983,-0.075122516,-0.005562609,0.4699356556,-0.521777411,0.0571414033,0.2238555879,0.705202969,0,2.1761676182,-0.043222297,2.1761676182,-0.043222297,0.8467972378,3.1619837283,0.1121373465,0.0,0.0,0,,0,1.0,0.7773553556,5.0,-10.08457224,,-2.241466149,3.929705931,-0.153646323,-3.35661808,1.0193315869,-3088.387958,0.0288563477,14.215307959,-0.000977457,0.0025280562,0.0044754139,0.0077874344,0.5203492083,-0.027211751,1.0,0.0023767083,0.5263087369,0.0820249524,6.0,13.919115315,-0.057650382,3.9427526443,0,-0.111549313,0.3387096822,0.1131541982,0.0235691979,1.579962658,61.413279121,3.2866906e-09,2.4281885e-09,1.3621354467,1.8554129753,-0.012481056,0.0508056912
14304,0.727589533,0.0103829608,39.414769318,0.0,0.0257440535,0.0,-0.099762018,-0.076943186,0.0,0.0045296527,5.2346570397,0.0132312293,1.0,0.0,0.0132312293,2,0.0,,,,,,,0.0,-0.107008816,0.0083073728,0,32.555555556,3.2792663029,32.555555556,3.428478885,0.0,,0.7664041995,0.0,0.0,0,,0,0.0,0.0,3.0,,,,-53.47827756,,-0.471922765,-1.262617715,-935.6409776,0.0207317787,13.854422535,-0.011506582,0.0063897764,0.0066947207,0.0,0.0160201602,0.0,0.0,0.0043356638,-0.531067919,-0.046279284,2.0,12.388121646,-0.131452078,0.1670949597,0,-0.142502855,0.0810397863,0.0417395411,0.0588954996,0.6767600714,0.2713475173,8.7787594e-08,2.1555074e-07,1.8267244991,3.3369223954,0.2752796733,0.0637680847
86382,0.6383682983,0.0579593673,-8.823826118,0.0304598811,5.7155922494,0.2953603981,0.0309690626,0.0356065347,0.0447841902,0.0006566518,0.0344909483,-0.009808774,-1.078202233,0.1204512866,0.0098087737,18,-0.001486985,-0.056537102,-0.024889216,-0.080372625,0.0466039656,0.1321786976,0.0119710545,-0.002036968,0.0533265247,0.5634331495,0,0.9334825541,0.0793164324,0.9298229345,0.0820501492,0.4920368374,0.0708344131,0.0129732029,0.0,0.0,0,,0,0.0,0.4625532536,6.0,0.0161827964,1.54698e-05,-0.100287136,-0.281854603,-0.287782329,,0.0409136453,-4933.017712,0.0286434127,13.566669973,0.0001988118,0.0027349422,0.0240087847,0.0068475622,0.0453324844,-0.024323258,3.0,0.0010065425,0.0345960835,0.030860737,5.0,12.679334937,-0.136102632,0.4596724864,0,0.0654744878,0.0308738947,0.0156758791,0.0216202214,0.2779582968,0.6206532034,7.8291502e-09,4.2712234e-08,0.7548242607,0.5697596646,0.1347614643,0.021554171
14131,0.1816734952,0.0114490902,0.7405890975,0.0273180537,1.596080546,0.7651954304,0.0460708551,0.1894083516,0.135247495,0.0102367142,0.2308967627,-0.060994589,-8.763247411,0.1117803003,0.0609945892,2,0.0026896147,0.2706766917,0.0847462826,0.2990775196,0.0193179248,0.0547830397,-0.061344191,0.1760453906,-0.075959731,0.4465756466,0,0.653960884,0.0636224369,0.5867522067,0.0482621542,11.781350354,13.532225232,0.0562582443,0.0,0.0,1,1.0162300155,0,0.0,0.7457312269,6.0,3.7603706997,,0.1999505878,-1.141672653,-0.377526332,-3.39269878,0.0319940579,-1041.433849,0.0889184991,13.681733964,-0.002110056,0.0005910193,0.0063216998,0.0366229923,0.0220902526,-0.291225363,2.0,-0.006989748,3.5647005926,-0.070991025,4.0,14.351257542,-0.285611943,2.3111287459,0,-0.017965162,0.0340556949,0.0265366056,0.0393309691,0.5895389058,11.726112838,2.0859631e-09,7.4261985e-09,1.3586666181,1.8459749791,0.0908757684,0.0411543274
12698,0.3986456938,-0.195757335,1.5397529584,0.0,0.0231102409,0.002710902,-4.256666093,0.0237746044,-0.472365882,0.2906535948,-0.565340909,-0.081985659,-0.17458577,-0.16158089,0.0819856587,2,0.0,0.1428571429,3.0117647059,2.7026186714,-1.9608221,3.2786885246,-0.402954867,0.0007333076,0.1110741824,0.8918790055,0,16.605091159,1.252662594,16.605091159,1.252662594,0.0072186117,5.5,-5.090984888,0.0,0.0,0,,0,1.0,-0.542630506,4.0,74.77710871,,-0.065766097,-8.421756982,2.5155109476,-0.42660587,-8.918932874,-5421.577567,0.0248274717,11.038374579,0.0,-0.159039303,-0.171543997,-0.003067722,0.9701365533,2.0654973267,0.0,0.0063291139,-0.829726923,-0.023217035,4.0,11.505589643,-0.068791465,0.8418047277,0,-0.25352422,0.0655171797,0.03140856,0.0716166666,1.0981031159,2.4832601738,6.3020504e-07,6.2437085e-08,2.3880618073,5.7028391954,0.1865472992,0.1071871022
77889,1.483566012,0.1051091655,-31.91561874,0.0488456208,14.559695586,1.1362569344,0.0272424803,-0.000905135,0.0353370034,0.0027370794,-0.007195477,0.0012829174,0.3055208147,0.0729961277,0.0012829174,22,-0.003075251,-0.008,-0.04241513,-0.081679747,-0.034944727,0.0756174646,-0.004166478,-0.004030737,0.1072659995,0.4865310779,0,0.8929873243,0.0187553863,0.8798091964,0.0240787558,1.7067219542,0.0730802028,0.0061373429,0.0,0.0,0,,0,0.0,0.6604715051,4.0,-0.021848368,-0.000701637,-0.051750034,0.5633431111,-1.004788727,,-0.006541514,-5445.233422,0.0286434127,11.159725151,0.0002785461,0.0014504073,0.0172154763,0.0024175487,0.0490708657,0.0138912111,1.0,0.0118537869,1.2691069937,0.0171758411,0.0,10.601558822,0.2951172623,0.3407407407,0,0.0654744878,0.0302752238,0.0150920183,0.0181663924,0.9941139094,0.6573067467,2.5160854e-07,1.1023254e-07,0.6051012453,0.366147517,0.1014758357,0.034193769
14793,0.8270734962,0.073359742,-48.42228117,0.0075469353,9.7564396543,0.5195645692,0.0274419079,0.36007119,0.0604139821,1.251001596,0.3827576415,-0.002373353,-0.297076164,0.0951531728,0.0023733527,2,0.0009429968,0.3133333333,-0.236084254,-0.671233472,-0.026191527,0.0973129525,-0.491002894,0.0164147716,0.1395283788,0.5096924831,0,0.8643732045,-0.022827224,0.8185824371,-0.004980859,2.7834681042,0.076631056,0.0119022993,0.0,0.0,0,,0,0.0,0.647719119,4.0,-0.089405927,,0.2695832993,-0.093149405,0.1106857856,,0.0156155316,-5385.191802,0.0286434127,12.33084273,0.0009793961,0.0029269691,0.0386769513,0.0321187546,0.0166069623,-0.23913226,0.0,0.0013084724,-0.115796394,0.0224843561,5.0,12.379302301,,0.6674975765,1,0.0654744878,0.0475137383,0.0174152903,0.0402537941,0.444545307,1.2104077773,2.9035571e-08,4.1988373e-08,0.3006725677,0.090403993,0.7475022788,0.0366570287
14545,0.3916691555,-0.302711521,1.420794477,0.0,0.0242787329,0.0,-17.17196532,-0.392860241,-0.443870912,0.0100252605,0.2725856698,-0.082831772,-0.150640554,-0.25711089,0.0828317724,2,0.0,0.0833333333,,,,0.2027027027,-0.732800983,0.0013012926,-0.411922185,0.9776618784,0,17.072215422,-0.523814472,17.072215422,-0.523814472,0.0,,-13.95339273,0.0,0.0,0,,0,1.0,-0.456585758,1.0,,,-0.125289907,-8.428733521,43.250901134,-0.42660587,-9.014462874,-5480.064257,0.0248274717,12.089242437,3.12324e-05,-0.118463855,-0.122247372,0.0,0.8630131329,-1.0,0.0,-0.100591716,2.9888263765,0.2191149946,4.0,12.344770506,,1.3738978038,1,-0.25352422,0.0994671285,0.0390187633,0.0588396266,0.3953332732,3.6896713753,1.713187e-08,1.2662382e-08,0.6543688253,0.4281985595,-1.72325876,0.1086601741
14161,0.1455599973,-0.063933306,2.8830423873,0.0,0.1203122865,0.0328532869,-5.735745781,0.9027888154,-0.440415205,0.2872580454,1.9634336209,-0.443842609,-1.40789333,0.0260779691,0.4438426094,2,0.0,0.1698113208,0.3944601552,0.00932502,-0.095293278,0.4090669478,-0.095899261,0.0072257339,0.4683934788,0.9726657286,0,7.6335099672,0.3587525854,7.6335099672,0.3587525854,0.129020355,46.904878049,-0.761686361,0.0,0.0,0,,0,1.0,-0.62079068,5.0,47.76731146,,-0.038811919,-8.674842679,1.3847798448,-0.42660587,-8.731274015,-4962.005957,0.0248274717,14.109735376,0.0,-0.1112235,-0.164276071,-0.000474856,0.9407148682,-0.079866435,0.0,0.0038986355,-0.464353631,0.0318111628,7.0,15.512017889,-0.122443325,4.4219590322,0,-0.25352422,0.0703434944,0.0304020253,0.0478394234,0.2720762118,8.3242184962,6.596893e-10,3.9152442e-09,1.3814798389,1.9084865452,0.4860536664,0.1289530997
14065,0.2763065739,0.019697341,10.502436605,0.0,0.4605764009,0.6901702947,0.0915547272,0.0938917218,0.1470552326,0.0182722319,0.090863945,-0.032995068,-1.183510214,0.0430093452,0.0329950676,2,0.0002461191,0.1123636244,0.1795268207,-0.006418063,0.0142094337,0.6917728469,-0.042191323,0.0179464407,0.1040017608,0.2460759808,0,2.3631732043,-0.014519678,2.320730219,-0.010854731,12.503145942,4.6285386506,0.096591701,0.0,0.0,1,0.6356476726,0,0.0,0.3272261076,7.0,-355.6341285,,-0.068013362,-2.083108953,-1.285168451,0.1927646208,-0.094358948,3335.2199922,0.2277833408,15.258557344,-0.004492769,0.0032887368,0.0091491736,0.0316599747,0.0297715285,-0.001898419,0.0,-0.002446317,5.1349862687,-0.23598714,5.0,16.472650446,0.0595949178,3.3423343505,0,-0.166303822,0.0518324487,0.0239146776,0.0344577866,0.342261844,6.1060367095,3.082216e-10,6.4478695e-09,1.1147641294,1.2426990642,0.1767284262,0.040177491
14179,0.4122089083,0.0631297099,13.919630375,0.0,0.5735526861,0.2520603482,0.1230511926,0.7499589103,0.3021850039,8.39534e-05,1.0231591475,-0.035931449,-0.486677381,0.0938535117,0.0359314493,2,0.0,0.9055793991,1.0414001922,-0.324136079,-0.110058833,0.0528593999,0.1952709761,0.6163878933,0.2181737091,0.4725962153,0,1.0840226646,1.0221317006,1.0840226646,1.0221317006,10.897808349,8.7101094681,0.2557970269,0.0,0.0,1,0.3965570595,0,0.0,0.5108773821,6.0,1.0382800789,,0.7180986394,1.5489009378,-1.577545223,-0.464531207,-0.268762585,8134.7483896,0.0279332649,15.876106403,0.021514339,0.0425966734,0.102288315,0.116146409,0.0020188444,-0.460595723,1.0,-0.00047259,0.273892038,0.0707424991,6.0,16.888675537,0.6687447304,2.4309068232,0,-0.500704589,0.0783392042,0.0259065388,0.0445773918,0.3235722051,3.1317342795,2.362895e-10,1.1127603e-08,1.2175614899,1.4824559817,-0.11427095,0.0468715811
14160,0.1374005385,-0.083270444,7.1476037736,0.0,0.041089887,0.097393349,-1.364493954,-0.288234097,0.2660426787,0.021461402,0.0082951833,-0.070473912,-0.181647581,-0.06814457,0.0704739122,2,0.0226295105,0.5752688172,1.1068989307,0.5268925429,-0.233773623,0.3899595527,0.7218669502,0.0645458707,-0.345772183,0.831065036,0,5.4510519275,-0.355613777,5.1586403989,-0.382007845,0.8473779134,6.1733373762,-1.715582746,0.0,0.0,0,,0,1.0,0.3173463112,2.0,48.246144159,,0.3666455772,-8.683002137,0.7468240789,-0.42660587,-8.825496554,-4920.228677,0.0248274717,13.22115448,0.0,-0.063804213,-0.071127626,0.0141044001,0.7941449106,0.0728994411,1.0,-0.003794038,2.468686359,-0.210115168,5.0,13.817608153,0.2187793685,1.3964203489,0,-0.25352422,0.0605022497,0.0258345534,0.0502836637,0.3258027025,1.8461483343,6.7267692e-09,1.759081e-08,0.9565391808,0.9149672043,2.1316203656,0.1209733419
14173,0.4926334654,-0.076510303,-2.849863517,0.0083559795,2.8933340751,3.2430710579,0.0363355981,,,,,,,-0.015534735,,1,,,,,,0.1882784256,,,,0.318766144,0,2.5950520833,,1.7820473999,,11.279660881,8.7723026973,0.0435932069,,,1,0.997255036,0,,,,,,,0.1814903324,,0.1893793801,0.013326131,-1304.154481,0.1187585399,11.397343221,0.0116308009,-0.003147685,-0.018017464,0.102955288,0.0530149747,-0.037774006,0.0,0.0,0.6678490438,-0.119316414,3.0,10.313442566,,0.2035618851,1,-0.051660395,0.0891892314,0.0278467098,0.0535055093,1.0442719473,1.0208510119,4.3949631e-07,1.3990989e-07,1.2241091311,1.4984431648,0.0595222279,0.0535792268
14159,0.2591144384,-0.091933021,7.6289825165,0.0,0.1052453797,0.0881777271,-0.347973314,0.2779658406,0.2397492431,0.1096270271,0.5479462906,-0.199362464,-0.704206945,-0.027193149,0.1993624637,2,0.0014601967,0.4898688915,1.6348296524,0.6177265325,-0.182341637,1.1173054023,2.4859950082,0.0396690288,0.1934220143,0.3347084334,0,2.0090956063,0.3002160294,1.9847835857,0.3079843364,1.0583131116,2.2034247497,-0.841451982,0.0,0.0,0,,0,0.0,0.314801422,3.0,-10.42219102,,-1.951597257,4.0371372077,-0.638274539,0.1119278668,0.9673791288,592.89724162,0.0288563477,14.875044977,0.0063119289,-0.05571144,-0.114594986,0.0102883907,0.4803736637,0.0145836933,0.0,0.0028284098,2.9524090134,-0.171669235,4.0,16.785810127,0.0303080181,6.9715708375,0,-0.111549313,0.0681421161,0.0280078975,0.0381407841,0.2481615671,6.9081694842,2.609626e-10,3.8292765e-09,2.4408804298,5.9578972726,-0.016273441,0.0788034403
14934,0.0502052265,-0.129909465,22.796052041,0.0,0.0170532561,0.0,-2.403484321,2.3874659401,0.0,0.1287264108,-0.56830855,-0.529527965,-0.270736188,-0.094738272,0.5786463093,2,0.1450367135,1.6666666667,,,,0.0769230769,-0.384615385,0.6163878933,-2.493719279,0.6848744541,0,3.7761033369,3.2792663029,3.3885898816,3.428478885,0.0,,-4.58617332,0.0,0.0,0,,0,1.0,0.016930639,3.0,,,1.4740690676,0.0228470833,20.935258319,0.1809489431,-0.021545029,-3059.628503,0.0318276958,10.161727914,0.0,-0.305513595,-0.811535723,0.0157112887,0.0596562184,-9.4,0.0,-0.787671233,-0.206176974,0.0279557407,6.0,11.459418958,,2.2675531498,1,-0.095378135,0.0927907079,0.0468655687,0.0903494443,0.5053904737,3.6187813062,1.6992364e-07,1.393825e-08,-0.050958073,1.4109944088,1.0603190892,0.1832419965
14076,0.2728134339,0.0772279597,5.1988741409,0.0,0.3417064468,4.8542879115,0.2383790575,0.0281808507,0.5939331569,-0.022120486,-0.121930989,-0.03276059,-0.257110769,0.0970840998,0.0327605904,2,0.0020228023,0.1454545455,-0.056791898,0.2180280891,0.2124322194,0.0641867844,0.0159875637,0.0750052359,0.3083314034,0.6197446167,0,1.6119928343,0.2437305561,1.1691875666,0.2229734326,46.56835769,109.06704214,0.281262253,0.0,0.0,0,0.0,0,0.0,1.6494387021,7.0,0.0080016397,,0.009267834,-0.245731517,-0.155227405,0.4539454664,0.018567979,-3905.984122,0.5457032371,14.646402181,-0.000176128,0.0325840891,0.0834416537,-0.546545148,0.0369670302,0.0020171411,2.0,0.0060054595,0.2175239648,-0.047334778,6.0,15.678176019,-0.003748326,2.4564645362,0,-0.191138643,0.018509144,0.0134363266,0.0208703066,0.2696000905,2.2429415897,6.075243e-10,1.2333298e-08,0.6671108575,0.4450368962,0.2419401717,0.0305231082
14313,0.177165439,-0.134867777,5.1677689293,0.0,0.0237484564,0.035065622,-2.936655405,-0.350909321,-0.025764082,0.0167364017,0.2137862138,-0.109515604,-0.207246377,-0.106916919,0.1095156041,2,-0.020601187,0.6923076923,-0.05179704,-0.825606564,0.8651303735,0.1818181818,-0.478787879,0.0015155342,-0.389012471,0.8335433408,0,7.3028806584,-0.517192818,7.0962962963,-0.514165064,0.2267728479,4.0134228188,-6.166064982,0.0,0.0,0,,0,1.0,-0.027502528,2.0,4.3046841479,,0.525067162,0.9923198973,2.5950790905,-2.065658247,-0.015268112,-5068.010987,0.0446872923,10.853382844,0.0,-0.124716941,-0.136599747,0.0073876699,0.8236748277,0.1684851667,0.0,-0.068078669,0.8872269805,-0.065647791,5.0,10.439402974,-0.119287368,0.722431471,0,-0.101630079,0.3225108981,0.0930550379,0.0966291763,1.2332765835,7.7491313194,3.1121297e-07,2.0837759e-08,1.5375980087,2.3642076362,0.0634215392,0.0840727242
14176,0.1236871599,-0.040567426,6.1048097019,0.0,0.023751322,0.0115800654,-5.651789345,0.5056412246,-0.398813565,0.1440262443,-0.544736044,0.0126504703,0.0382566964,-0.042119401,0.0126504703,2,0.0,0.0375,-0.744329897,-0.675469277,-6.045797775,0.3621639132,0.4664669927,-0.007831442,1.7033314883,0.9689899407,0,19.702474873,3.2792663029,19.702474873,3.428478885,0.0829196418,4.3457083457,-1.045355516,0.0,0.0,0,,0,0.0,-0.869508061,1.0,44.499216193,,-0.17112324,-8.696715516,1.0231113819,-0.42660587,-8.799471386,-4283.815237,0.0248274717,13.924157747,0.0,-0.070780453,-0.085055558,0.0007814861,0.7315806085,0.0495345036,0.0,0.0040160643,0.5603053761,0.1379514625,4.0,14.698651912,-0.169123882,2.2053321154,0,-0.25352422,0.0683979094,0.0336206603,0.0617012368,0.3850505315,3.466069357,2.4994778e-09,1.086692e-08,1.7921481922,3.2117951428,0.01034861,0.0836948244
11565,0.7553695416,0.0751615822,-41.48155718,0.0202509826,7.8168211629,0.4255405376,0.0310136936,0.1812263831,0.0490264327,0.058114161,0.1812504196,0.0002273677,0.024087067,0.0733511602,0.0002273677,16,0.0010127248,0.0641330166,0.0167672037,-0.27693191,-0.007009563,0.0720344637,-0.008474369,0.0046687778,0.1958663941,0.5052802647,0,0.9531504352,0.1294120697,0.9481960361,0.1291376521,2.3572085748,0.0752408313,0.0125885854,0.0,0.0,0,,0,0.0,0.5666747744,4.0,-0.032907287,-0.000945607,0.0203829826,-0.164853359,-0.779903702,,-0.006186481,-5257.655002,0.0286434127,12.585827374,-0.000188999,0.0019321347,0.0212139652,0.0167157754,0.0184649494,0.1379793538,0.0,-0.004210526,0.051409793,0.0225524263,3.0,12.276619801,-0.185032419,0.5080530752,0,0.0654744878,0.0160625782,0.0073748901,0.0181960734,0.2540279841,0.5092142744,9.0769483e-09,4.9792238e-08,0.6487018619,0.4208141057,-0.201887534,0.0305985503
14148,0.4158693711,-0.364092717,0.8985731737,0.0,0.1891576754,0.1166681214,-2.662429594,-0.388426387,-0.359424486,0.008408994,-0.114695716,-0.037213285,-0.081476473,-0.334427726,0.037213285,2,0.0,0.5084745763,-0.043573984,-1.046344067,-6.045797775,0.2637429572,0.1346733453,0.0236630169,-0.463831261,0.8602338722,0,3.2983853606,-0.386054511,3.2983853606,-0.386054511,0.2547275837,3.6051175657,-1.711483971,0.0,0.0,1,1.0,0,0.0,-0.465649075,3.0,-1.067610473,,0.5284926449,1.7447566069,-1.390484686,-0.271977219,0.1864007051,-8302.228707,0.1654820061,10.318445824,0.0,-0.150484574,-0.300853232,-0.013905574,0.6984433141,0.9011200359,1.0,-0.031047512,0.3623684604,0.0202587321,5.0,10.469988179,-0.452114305,0.99971274,0,-0.239385698,0.0342465416,0.0612244864,0.0784837003,0.8111220444,7.9598964011,1.3144718e-07,1.4372941e-08,1.1642723537,1.3555301136,0.6098893267,0.088113491
75714,0.8554038772,0.062971481,0.000389691,0.0102851919,0.1445328273,0.6516467997,0.1116410932,0.096211495,0.4600732781,0.0124638326,0.1974641059,-0.013111976,-0.199070765,0.0755072618,0.0131119756,26,0.0257296038,0.170212766,0.1677085014,0.1103401926,0.0245930428,0.9666503188,0.240602554,0.0386252328,0.0807705979,0.3435360455,0,4.1637377964,-0.250776678,2.8188749419,-0.31875351,4.0119855896,5.8399556273,0.6420873992,1.0,0.0,0,,0,1.0,0.5302338807,5.0,3.0944144093,0.0890418673,0.0029722357,1.6705583355,-1.116727141,-0.605942124,0.1671560687,-5030.306582,0.0446872923,11.525236928,-0.003284822,0.0266239274,0.0307252272,0.0016144713,0.2049473379,-0.010865643,2.0,0.0033955857,0.4485629506,0.0546206599,6.0,10.110648086,-0.045232281,0.1761400475,0,-0.101630079,0.0233863425,0.0164146087,0.030010605,0.7607038005,0.5871805553,2.1609004e-07,1.1878704e-07,0.6209808325,0.3856171943,-0.011098696,0.0380275529
14273,0.4255727971,-0.111556463,2.9229000813,0.0,0.1224540534,0.5251274395,-0.319100208,-0.028237077,0.5198536217,0.0281490185,0.3379006606,-0.412806856,-2.057398314,0.1179596155,0.4128068561,2,0.0,0.1095461659,0.1927379439,-0.837441156,-0.0656775,0.8201874288,0.3597858634,-0.075452621,-0.099172258,0.4812267585,0,1.6609061886,-0.356635845,1.6609061886,-0.356635845,3.3959872108,21.174909697,0.2664412511,0.0,0.0,0,,0,1.0,0.6194136523,3.0,-10.12023883,,-2.331919983,4.2035955663,-0.90511236,0.1119278668,1.1125318934,-3653.926278,0.0288563477,12.921602447,0.0003102263,-0.084040422,-0.102687544,-0.000388766,0.3185957765,-0.009177618,0.0,0.0041608877,2.0683619731,0.1182200406,7.0,13.103693463,-0.270696605,1.6444863615,0,-0.111549313,0.0264316928,0.0178606933,0.0309586666,0.2536412978,1.0938583579,9.6814341e-09,2.5277799e-08,1.2996934598,1.6892030895,0.246965848,0.0595310069
14149,-0.050919171,-0.075123702,13.358689178,0.0,0.2174091506,0.1634007989,-0.703480533,0.0029152431,0.4147237682,0.0454359895,0.4264505106,-0.316855548,-0.701198183,-0.022447099,0.3168555479,2,0.0,0.4251626898,0.3118603941,0.4114463329,-0.141241118,0.1757279576,-0.409853393,0.2527809413,-3.068634317,0.7166764273,0,1.4416291986,-0.434513884,1.4416291986,-0.434513884,2.4448042128,6.4483130778,-0.345225387,0.0,0.0,1,0.6461310299,0,1.0,4.6880685794,2.0,-10.29624293,,-2.016303459,3.7271035987,-0.713106855,0.1119278668,0.9721251794,-3393.421998,0.0288563477,13.923020602,0.0001063062,-0.095657964,-0.811535723,0.0123932933,0.4945432392,-0.076292827,1.0,0.00256,0.4857112399,0.0930862101,5.0,14.089593535,0.2608212379,1.4645904243,0,-0.111549313,0.0626542792,0.0285256428,0.0429322095,0.2988162746,2.0242345317,3.4337051e-09,1.5377135e-08,2.2163453194,4.912186575,0.0379899348,0.091153558
14245,0.2739168084,-0.250168975,1.4325791735,0.0,0.2209891992,0.0,-11.84308131,-0.078783081,-0.439127071,0.006606636,3.8287222809,-0.064876811,-0.133833018,-0.216688106,0.0648768108,2,0.0,0.3513513514,-0.744329897,,1.4270346118,0.4133333333,-0.413660245,0.01585017,-0.442652612,0.9714670729,0,10.886705959,-0.083660914,10.886705959,-0.083660914,0.0,,-1.839704337,0.0,0.0,1,1.0,0,1.0,-0.490815765,1.0,,,0.1427281113,-8.546485868,2.9635983793,-0.42660587,-8.97404009,-5443.903887,0.0248274717,10.912135004,0.0,-0.082483859,-0.134823981,0.0067034165,0.9535882099,-0.376526422,2.0,0.0112570356,1.0428358346,0.0841709021,5.0,11.379659154,-0.469821176,2.0730321508,0,-0.25352422,0.083333388,0.0419381068,0.0818084835,0.6519750486,5.6074195286,8.1548189e-08,1.3391206e-08,1.5501272613,2.4028945263,0.3075484885,0.1005380195
14145,0.6914883895,0.0257507458,0.041892692,0.0,0.4127935333,0.7843004984,0.0548050729,0.6538354178,0.4579270105,0.1724137931,0.430971238,-0.020079599,-0.690870885,0.0435411863,0.0200795991,2,0.0961703543,0.2626527051,0.6633811078,0.1889368143,0.2653934968,0.0951888656,-0.130140845,0.4692455226,0.823358752,0.6386986171,0,2.3299726343,0.1676470588,1.6349252073,0.0947619295,3.1915690064,4.0053117996,0.1792211801,0.0,0.0,1,1.3156996587,0,0.0,0.8010843889,7.0,3.152973141,,0.0954121748,1.5066428478,2.5502359997,-1.93691004,0.1351899931,-4952.846927,0.0446872923,12.160991577,0.0019565398,0.0121213754,0.0221496661,0.0649889295,0.1911157467,-0.084321338,0.0,0.0,2.7433857438,-0.14108586,6.0,13.63048542,-0.834932359,4.7263731116,0,-0.101630079,0.0700680092,0.067434426,0.0498877166,0.7389461007,61.413279121,5.9811223e-09,2.8506518e-09,2.3368040863,5.4606533376,-0.014643741,0.0764707499
91078,0.3690572742,-0.519721271,1.3277474956,0.0192440318,0.4484389052,4.41377e-05,-0.415799041,0.2019935875,-0.509031459,0.8058903284,-0.219002229,-0.279276292,-0.411295117,-0.30596245,0.2792762921,2,0.0,0.125,-0.744329897,,1.739536658,4.743872549,0.2207792208,0.0006031555,2.0499726427,0.1798524984,0,0.9285425374,3.2792663029,0.9285425374,3.428478885,0.0002946376,,-1.002287539,0.0,0.0,1,1.3156996587,0,1.0,-3.018785336,3.0,-355.6597549,,-0.08362324,-8.451345402,,-0.42660587,-9.063314434,-5502.053207,0.0248274717,9.5801368657,0.0,-0.127709216,-0.307737831,0.0,0.2242150238,-0.833333333,0.0,-0.787671233,1.2580651251,-0.244458305,3.0,9.0859646689,-0.20092653,0.8624060824,0,-0.25352422,0.1276595145,0.0759338361,0.1020322823,0.9971598773,4.5324248107,1.1070887e-06,1.5580408e-08,1.548042796,2.3964364981,-0.15582902,0.0892963625
14150,1.0266028025,-0.486654176,-0.850749446,0.0,0.5110487232,1.1173030661,-0.411579461,-0.138609242,0.2847760308,0.0411565442,0.0164917918,-0.257260055,-0.878248016,-0.059251111,0.2572600555,2,0.0,-0.394611727,-0.097834616,0.2795537257,-0.098008949,1.1238506073,-0.384718341,0.0415559075,-0.199419348,0.5397452028,0,2.1440560676,-0.316248221,2.1440560676,-0.316248221,1.7679573457,5.7684388845,-0.713579724,0.0,0.0,0,,0,1.0,0.396427517,2.0,-10.19853363,,-2.727180435,4.8046255717,-0.698347827,0.1119278668,0.9353211666,-4155.182538,0.0288563477,11.224539157,-0.000429083,-0.035836192,-0.054178266,-0.039316537,0.3893963166,-0.108101709,2.0,0.0139534884,0.5165591185,0.0379789984,3.0,9.7917735629,-0.199753226,0.5802066877,0,-0.111549313,0.0451977663,0.020513651,0.0497771317,0.8686048962,1.9538924788,2.140918e-07,5.855979e-08,1.57878964,2.4925767275,-0.55890108,0.0860812471
14167,0.0842669052,-0.07655395,2.2555217232,0.0,0.2302735103,0.0270487738,-4.975348207,1.2040683198,-0.369281796,0.0821952695,5.2346570397,-0.529527965,-1.951323948,0.0728276058,0.5786463093,2,0.0,0.8947368421,,,,0.0816720257,-0.761094135,0.0076028335,-0.242652604,0.9693453435,0,23.87080833,-0.308800651,23.87080833,-0.308800651,0.0890046596,42.978125,-0.584377685,0.0,0.0,0,,0,0.0,-0.473638935,4.0,,,0.6861136021,-8.736135771,43.250901134,0.5733941298,-8.684524378,-4022.010307,0.0248274717,14.316918264,-0.027176528,-0.084010368,-0.347815005,-0.025543903,0.6234972302,0.1224454489,0.0,0.0004935834,-0.232606739,0.0058592465,5.0,15.647009323,-0.166583778,3.3042134328,0,-0.25352422,0.1033318415,0.0417895864,0.057951775,0.3189056619,4.2266381318,1.3438888e-09,7.6156166e-09,1.0761947421,1.158195123,-0.5733277,0.0703556928
14221,0.632198167,0.0333354836,2.2887702517,0.0071975467,0.7915663906,0.4242210721,0.1484498736,0.01559989,0.2382696139,0.0137835975,-0.054079055,-0.141385081,-3.741664186,0.1580656686,0.1413850805,2,0.0,-0.099322799,0.0763052209,-0.027041667,0.1227847676,4.743872549,-0.019711658,0.0019018035,0.0530905424,0.3402648698,0,3.0650196887,0.3651978594,3.0650196887,0.3651978594,1.5847699551,9.6946192663,0.0876147292,0.0,0.0,1,1.0,0,0.0,0.3090211767,8.0,3.1979077463,,-0.137067306,12.374286127,-1.2949682,0.655190129,2.3752013325,-432.8960319,0.0796288203,13.380242501,0.0004579249,0.0151717434,0.0200595441,0.0019594895,0.285443426,-0.002001603,0.0,0.0013896609,0.1151842656,0.0413526734,4.0,13.808125332,-0.138359545,1.9794287657,0,-0.186226261,0.028267622,0.0088791999,0.0217012865,0.4907360295,2.5543075322,2.3123882e-09,1.9018052e-08,0.6891715171,0.4749573799,0.107259127,0.0363592024
14164,0.4619278937,-0.094981695,1.6206411598,0.0,0.3345191165,0.6035268425,-0.10052544,1.2705129932,0.8852249187,0.279564979,1.4008543475,-0.149328053,-0.901820839,-0.009325223,0.1493280534,2,0.0,0.8142164782,0.6983894765,0.2022899428,0.0117919956,0.2646437316,-0.130860655,0.3405780016,1.1846235515,0.4667796631,0,1.6161628073,-0.464178382,1.6161628073,-0.464178382,3.8170770438,3.018028065,-0.253341229,0.0,0.0,1,1.0,0,0.0,1.4469535577,3.0,-10.19670914,,-1.627249671,4.239950663,0.9744490046,0.1119278668,0.9852470549,-3557.333198,0.0288563477,11.73955681,0.0083484063,-0.285088433,-0.506996719,0.0485195532,0.2395054397,-0.011931313,0.0,0.0214132762,0.6497758219,-0.14094688,4.0,12.417568252,0.0474569977,1.6982679344,0,-0.111549313,0.0236486252,0.0158155473,0.0503818538,0.3223267262,1.1687612021,2.4961482e-08,2.4538885e-08,2.354472625,5.5435413418,0.1205003088,0.096368842
14305,0.3318197324,-0.256048799,1.2490956484,0.0,0.2001673565,0.0233735607,-7.066533865,0.2783096131,-0.642121356,0.2936318943,2.2960838114,-0.079594836,-0.147370289,-0.218314813,0.0795948364,2,-0.00031953,0.1904761905,1.7504456328,2.7026186714,-1.515859588,0.1942231076,0.1172733309,-0.001455975,-0.066442209,0.951384749,0,10.212960146,0.3061013678,10.073623365,0.3115966693,0.047318225,73.476190476,-1.940196249,0.0,0.0,0,0.0,0,1.0,-0.790402318,5.0,73.820243227,,-0.01814705,-8.488582944,0.0477690121,0.5733941298,-8.975666797,-5481.351197,0.0248274717,13.356343579,0.0,-0.162219385,-0.389328949,0.0,0.9082242991,-0.198059858,0.0,0.0060240964,-0.514702282,0.0119391424,4.0,16.455250986,1.3574927177,9.8670935927,0,-0.25352422,0.0865385309,0.045343622,0.0907566387,0.6651876282,61.413279121,1.2162387e-09,1.2719338e-09,2.5650528821,6.5794962881,0.9553963204,0.1832419965
14169,-0.467861017,0.0267423689,-0.169845373,0.0,0.3923803983,0.6951021092,-0.086403026,0.227436438,0.5256502195,0.1635212355,0.2036193634,-0.247917872,-8.884572697,0.2643368895,0.2479178723,2,0.0088121528,0.125,0.1059580539,-0.384689428,-0.081539786,0.3679729043,0.2432795683,0.0476570923,0.2626420021,0.3643887338,0,2.0515778972,0.0882711365,1.9289733005,0.0763381887,2.6008719256,9.8185425685,0.1788414938,0.0,0.0,0,0.0,0,0.0,-0.26535874,6.0,-94.82957047,,0.0965304509,-1.743233656,-5.170360221,0.4318158632,0.0986383427,-963.490066,0.1242964792,14.242745692,0.0103114319,0.0028447429,-0.001396042,0.0319892487,0.1017995882,0.0105841762,0.0,0.0002909514,0.4668063992,0.0250837981,7.0,14.850478834,0.1079155678,1.5950154396,0,0.0239123439,0.0199706405,0.012989279,0.0221861386,0.345436956,2.3755512828,1.2412401e-09,1.6222743e-08,0.8348484898,0.6969720009,0.0540406358,0.0256014903
14256,0.1241852995,-0.012657097,9.8133462366,0.0,0.0623895617,0.1628737923,-0.145315379,0.2642019485,0.9420749572,0.1692151317,0.0753637014,-0.010738366,-0.141750934,-0.010862942,0.0107383662,2,0.050420632,0.399380805,0.2657848988,0.0724356446,-0.021958693,0.2460972405,-0.22360724,0.1286164087,0.3865236814,0.7210368212,0,3.9958207147,0.8461659078,3.2388249546,0.8069545914,1.9118606445,5.3335598852,-0.120566153,0.0,0.0,1,0.1241065959,0,1.0,1.5407520888,4.0,-9.862211517,,0.3168186534,0.0968271564,0.7687178192,0.1809489431,0.0623303006,-2246.844443,0.0318276958,13.577036813,-0.032576119,-0.013370302,-0.020158137,0.0033854395,0.5536971121,-0.025666901,1.0,0.0031856357,-0.429202072,0.0096422331,5.0,14.479652264,0.3178023802,2.7794387621,0,-0.095378135,0.0628150031,0.0258636691,0.0424213891,0.3812477016,4.9294200814,1.9905822e-09,8.3432575e-09,1.2487645514,1.5594129049,0.0460031711,0.0654551993
14317,0.6162444688,0.0952600985,2.3627376474,0.0,0.8631792014,1.2941812562,0.089333435,0.9823854124,0.4659834397,-0.044020614,3.5135249665,0.2125872739,7.1399454114,-0.584891804,0.5786463093,2,0.1450367135,0.5415019763,1.354283889,0.9979302979,0.1272707723,0.3726708075,0.0784480558,0.6163878933,0.1102668305,0.556891673,0,26.890238387,0.8686047769,2.5024226371,-0.411142719,12.217660185,52.03910387,0.1845297569,0.0,0.0,1,0.6450932212,1,0.0,0.5898803947,4.0,-0.071494486,,-0.023572053,-0.240342966,-1.880300904,0.7003060382,-0.371467701,-1465.442794,0.0665802826,13.257321285,0.011358818,0.0306469853,0.0751967698,0.1496935794,0.0666677636,-0.001879771,4.0,0.0036778227,0.1646031607,-0.024946476,5.0,14.74316248,-0.702595871,4.0078153043,0,-0.105045736,0.1268498898,0.0324580574,0.0455596114,0.4195897892,12.381338739,1.7115437e-09,5.2211812e-09,1.2657984373,1.6022456839,-0.212052652,0.055311271
14136,0.0943444849,-0.047257784,5.9501999845,0.0,0.0897761021,0.2149642583,-0.946396435,0.2972207873,1.0572166546,0.101455562,0.1244275744,-0.221334725,-0.763549855,-0.01117411,0.2213347245,2,-0.002404639,0.3685393258,0.3699697829,-1.142673895,0.0517000021,0.4065499275,-0.245754812,0.1140475944,0.519404865,0.8586936184,0,2.0948791232,-0.144796522,2.072460538,-0.139618848,1.5522056176,28.739641877,-0.437597261,0.0,0.0,1,1.0,0,1.0,2.3850271589,5.0,-10.05896294,,-2.072926823,3.8723672541,-0.149577256,0.1119278668,0.9833981682,-3211.521278,0.0288563477,13.930520789,-0.000382839,-0.031228129,-0.063266366,0.0154047863,0.6385234588,-0.005629938,2.0,0.0022038567,3.0168446677,0.149775521,6.0,15.077838635,-0.042357326,3.0682744565,0,-0.111549313,0.0546999834,0.0289878612,0.0421326944,0.4835011392,5.8999286234,2.2920039e-09,8.7282156e-09,1.4097486154,1.9873911586,0.17222499,0.0553557238
14337,1.0396662868,0.081678177,-35.12167524,0.0103828191,14.559695586,0.6651926109,0.0084895941,0.0319757211,0.0085290671,0.0073233749,0.0413230489,0.0033823916,0.7033898305,0.0242265779,0.0033823916,2,0.0,0.1,-0.192504832,-0.252110707,-0.034512054,,,,-0.094744455,,0,25.431472081,0.3549699142,25.431472081,0.3549699142,1.4560606061,0.2209195402,0.0193706607,0.0,0.0,0,0.0,0,0.0,0.1096914176,4.0,0.0065352382,,0.0173801223,0.0500270078,-0.5893008,-0.589313668,-0.085402903,-8595.921554,0.0342510676,14.259543443,-0.000157332,0.0011924162,0.0192431046,-0.084308491,0.0264794383,,0.0,0.0081499593,2.0304692368,0.0004111874,2.0,13.972460143,-0.204340971,0.9281765145,0,0.048781298,0.0104936054,0.0049638177,0.0098309892,0.5764438541,3.6739190419,4.269555e-10,1.4424221e-08,0.5418615011,0.2936138863,-0.080352117,0.0305069252
81620,1.1096437645,-0.015428076,-7.520508126,0.0066737225,0.927281026,2.0389727074,0.0165858104,-0.094915806,0.280473765,0.0341990644,0.0096171656,-0.01689944,-2.348176421,0.0207997684,0.0168994396,20,-0.006845845,0.0228373702,-0.054106884,-0.154567181,-0.018846818,0.1443665179,0.2109917708,-0.006500605,-0.166989204,0.5165416035,0,2.9095935976,0.111890214,1.320075623,0.0398809153,16.027206336,4.9562320085,0.0507057831,0.0,0.0,1,1.3156996587,0,1.0,0.4702348792,5.0,7.1133641317,-0.019936708,-0.115368326,0.744030358,-0.748186027,0.0744744517,0.0131087255,-4298.172779,0.0410566741,12.027603658,0.001306495,-0.001009334,-0.00187384,0.0669496715,0.0683072979,-0.026812963,0.0,-0.003271538,0.7308898767,-0.084656219,2.0,11.49006476,0.4975994908,0.5634291634,0,-0.131569503,0.0168134533,0.0090349072,0.0213710392,0.2777485638,1.1228432977,1.1395383e-08,2.5104211e-08,0.8166677227,0.6669461692,0.155807453,0.040497841
14257,0.1235362561,-0.039023833,5.1265532296,0.0,0.0535759038,0.0486837923,-2.351457502,0.3824394587,-0.290128953,0.112501987,0.1223009303,-0.037067688,-0.14496385,-0.033366788,0.0370676882,2,0.0,0.2710843373,-0.176410787,-0.640981645,-6.045797775,0.2685335298,0.1333330451,0.02839834,0.5369389462,0.9392331758,0,6.0802022588,0.4670014273,6.0802022588,0.4670014273,0.3032977772,16.285178876,-0.733723409,0.0,0.0,0,,0,1.0,-0.462440125,2.0,46.822716625,,0.0624610973,-8.69686642,0.5551934873,-0.42660587,-8.790718772,-4565.581307,0.0248274717,13.473394463,0.0,-0.060746726,-0.072946634,-0.005045038,0.9522975144,-0.035965954,1.0,-0.014472456,-0.361734149,-0.059655085,7.0,14.066074705,-0.42425231,1.6854146163,0,-0.25352422,0.1046931818,0.0349238765,0.0568398183,0.2008152946,1.5217143019,4.851075e-09,1.3787017e-08,2.2949289635,5.2666989474,0.0726662636,0.0656563631
14392,1.6943657274,0.2831439033,-138.8567273,0.0,2.2878613582,1.2017994258,0.1526919682,,,,,,,0.4621705963,,1,,,,,,0.1013978002,,,,0.4811424797,0,1.2258064516,,1.1979977753,,140.18181818,10.418918919,0.5364879178,,,1,0.3036102653,0,,,,,,,2.8310577569,,-0.464531207,0.0995544996,66.018629589,0.0279332649,14.02840272,-0.010635941,0.0174430129,0.0422670509,-0.156089033,0.0027047913,-0.221316793,1.0,0.013592233,0.4530376942,-0.05185301,3.0,15.409656977,,3.0552939838,1,-0.500704589,0.191646114,0.0749893435,0.1101781949,0.5111316939,14.54963628,3.944913e-09,6.6232184e-09,3.3482519805,11.210791325,0.0211383448,0.1369488331
76908,0.6623916249,-0.204783432,1.66618334,0.0,0.073000192,0.0021809773,-0.364468117,0.1584814161,-0.302440153,-0.741273832,0.1480626123,-0.035121564,-0.117497079,-0.180721977,0.035121564,2,-0.005565148,0.0869565217,-0.71977638,-0.24321388,2.2489026118,0.4198717949,-0.472258243,0.0107356444,0.1596412214,0.2701777962,0,8.6059802267,2.4360908942,8.6059802267,2.5773304695,0.0115342576,2.9925373134,-2.894277864,0.0,0.0,1,1.0,0,1.0,-0.346038487,2.0,-84.11317812,,0.0043943701,0.6350334817,-0.4859472,-0.819051057,-0.107528735,-2930.242373,0.0318276958,11.982088116,-0.000683136,-0.081506889,-0.088670736,-0.000269634,0.1970443166,13.766666667,0.0,-0.230088496,0.075577394,0.0547058973,4.0,14.30669087,-0.15496541,5.9239939825,0,-0.095378135,0.1005802676,0.1131541982,0.1214582446,0.9443231954,43.682357571,7.5361009e-09,2.3589345e-09,1.9336153061,3.7388681521,0.1273959139,0.1240670293
14168,0.4143475642,-0.020444652,0.2507603033,0.0515376424,1.0894065875,0.1734711422,0.0339324453,0.4877053379,0.0986104975,0.2148729593,0.2483335542,-0.069158914,-5.233525088,0.0865529479,0.0691589136,2,0.0,0.5681818182,0.3171059616,-0.236093161,-0.012566572,0.0439271181,-0.220453667,0.5250082605,0.3544093462,0.4975848222,0,0.7973380853,-0.501626945,0.7973380853,-0.501626945,2.422359285,6.8141522509,0.0487036849,0.0,0.0,1,0.933987534,0,0.0,0.2166228829,3.0,-0.95839698,,0.3091066086,9.1345662771,-11.56292977,0.50045689,-0.004457541,-6211.756019,0.0257826007,14.268845407,0.0005314608,-0.007783241,-0.03639958,0.0127521199,0.0317450888,-3.238166485,0.0,-0.007857517,0.691066838,-0.064087313,3.0,14.973326428,0.0993923099,2.4582215638,0,0.080304809,0.0625346452,0.0263681858,0.0396983117,0.364449166,4.0385885896,1.2183137e-09,7.9184525e-09,1.3008306729,1.6921604397,0.0427584296,0.041813121
14943,1.0110982325,0.0529792169,-65.12646583,0.0287978828,9.4355590283,0.3043836229,0.0173791553,0.5486471749,0.0415362882,0.6495137763,0.5242890558,0.0096108558,1.5594128611,-0.029637255,0.0096108558,3,-4.5951e-05,0.5271317829,0.1781090249,-0.642427463,0.0425954656,0.0720286982,-0.471865889,0.0108859147,0.8200644373,0.5956332827,0,0.9928114077,0.221237026,0.992412838,0.2217166405,2.0984597056,0.0362392002,0.0079865201,0.0,0.0,0,,0,0.0,0.5043661815,4.0,-0.041615904,-0.001367837,0.4833817489,0.0908753316,25.92627034,,-0.109174897,-5417.469922,0.0286434127,11.387253534,0.0011431283,0.0025431213,0.0251263402,0.0509049478,0.0187636201,-0.234403072,0.0,-0.000945626,-0.398268783,-0.013349715,4.0,9.5423634631,,0.1454708813,1,0.0654744878,0.0233100224,0.0138735835,0.0161022776,0.8494679369,0.6921574605,4.4739411e-07,1.4613161e-07,-0.034874426,0.0012162256,1.4591223885,0.0192961591
75912,0.2382569397,0.0131727125,7.3824169675,0.0,0.3738621719,0.3476868175,0.101037131,0.0045269128,0.4403782988,-0.011128016,0.002731666,-0.060022672,-2.782892108,0.0498309501,0.0600226719,26,0.0,-0.0716946,-0.074964977,-0.003030157,0.0169639192,1.2957398484,0.1361084267,0.0075542489,0.0073569281,0.2451588796,0,1.141624275,-0.022875574,1.141624275,-0.022875574,4.5909435039,3.843656128,0.0979224403,0.0,0.0,1,1.0,0,0.0,1.1173232118,4.0,-1.652077693,-0.177204295,-0.384726361,0.3523011092,-0.566391917,-0.110306178,0.1372377761,-1149.264471,0.0278203388,15.245602057,-0.00648559,-0.002587346,-0.006688963,-0.014996124,0.1237229701,0.0033184303,0.0,0.0015752993,0.9884495864,-0.01112173,6.0,14.949635265,0.1044201103,1.1610293455,0,-0.111549313,0.0976322815,0.0241040725,0.0232938639,0.6904242197,5.7841605717,6.646199e-10,1.5662814e-08,1.1969954142,1.4327980215,0.0094022558,0.0261392889
85299,0.5047605468,0.0611992265,-29.75070037,0.0189556239,4.3056691035,0.2058476256,0.0296299213,0.0842379975,0.0416769004,0.0054344508,0.079928166,-0.003594172,-0.271544344,0.0778175304,0.0035941725,16,-0.000114216,-0.002012072,0.0640413655,-0.0283678,0.0282211288,0.0937998714,0.0178256388,0.0007147886,0.1224730097,0.5971342236,0,0.9775313944,-0.024608204,0.9768808821,-0.024398172,1.6255985348,0.0542481052,0.0160867322,0.0,0.0,0,,0,0.0,0.4112031068,6.0,0.0044876271,0.0016519072,-0.045762106,-0.415462354,-0.895065454,,-0.001720111,-4782.705802,0.0286434127,13.579283218,5.24449e-05,0.0032375859,0.0307845877,0.0016764276,0.0267496761,-0.008974851,3.0,0.0,0.0017691587,-0.017050587,7.0,13.231397829,-0.098831137,0.766984089,0,0.0654744878,0.0236806329,0.0115605162,0.0216123356,0.4694233032,2.0318257496,2.762733e-09,2.2182747e-08,0.8484315295,0.7198360603,0.0725250626,0.0236837902
18148,1.7343027252,-0.988163528,-7.029101045,0.0,0.0529812556,0.0003236485,-0.480380219,-0.124475685,-0.208724035,1.251001596,0.055448098,-0.320828022,-0.688327001,-0.30798389,0.3208280221,2,0.0,0.6666666667,-0.62962963,,-6.045797775,4.743872549,,5.72631e-05,0.1093950561,0.0704264364,0,3.5869918699,0.6456803359,3.5869918699,0.6456803359,0.0023228804,,-12.9868256,0.0,0.0,0,,0,0.0,-0.301850855,2.0,-355.6597549,,0.4580434266,-7.086099951,,-0.42660587,-9.065335874,-5516.468237,0.0248274717,8.7166635026,0.0,-0.174788407,-0.19054942,-0.000170984,0.0625881405,,1.0,0.2067193183,-0.717993651,-0.050913609,4.0,11.594943205,-0.007141049,9.8670935927,0,-0.25352422,0.1771505773,0.0649902413,0.1082450544,0.8641250012,29.297924282,3.2446051e-07,2.7702943e-09,2.2021943852,4.8496601102,-0.006997011,0.1556936608
14238,0.0399963139,-0.068652114,4.7467258174,0.0,0.1897592749,0.0,-2.478213611,1.2862556417,0.0,0.0314781414,5.2346570397,-0.124443408,-0.299316477,-0.048103405,0.1244434079,2,0.0,0.7391304348,,,,0.3041666667,-0.37265625,0.0025689063,-0.581312709,0.8694378744,0,15.871160122,-0.213522997,15.871160122,-0.213522997,0.0,,-0.704046878,0.0,0.0,1,1.0,1,0.0,-0.009376493,2.0,,,0.5305071947,-8.780406362,2.221860154,-0.42660587,-8.805455389,-4846.251347,0.0248274717,12.949793948,0.0004155053,-0.101856105,-0.530386251,0.0,0.885864448,13.766666667,1.0,0.0067643743,-0.240214321,0.0393309765,4.0,14.430767447,-0.834932359,4.7506251021,0,-0.25352422,0.1327160746,0.0422819273,0.0588922469,0.3501505472,4.4670100957,5.527311e-09,7.6094951e-09,1.4883402895,2.2151568174,-0.464779665,0.1251830547
14252,-0.037629313,0.0559250943,93.394727712,0.119866142,0.8112903529,0.192583853,0.1209468296,-0.017115718,0.1481899512,0.2743319911,0.0901998938,-0.033969105,-0.474016096,0.0824344891,0.0339691048,2,0.0,-0.06812933,1.6365547433,,1.08690811,,,0.0030020247,-1.875776703,0.0514657293,0,15.870492175,0.1905887753,15.870492175,0.1905887753,17.746337531,18.776147059,,0.0,0.0,1,0.0005388199,0,0.0,1.8931046346,7.0,6.2816621528,,-0.220613934,-53.95238753,,-0.403878675,-1.180183226,973.07159242,0.0207317787,15.705804953,0.0002897393,0.0132072112,-0.244606064,0.0002478242,0.016986505,-0.015832371,1.0,-0.003754209,0.6507308032,-0.021539943,5.0,15.654067467,0.326698771,2.0195594865,0,-0.142502855,0.0200517736,0.0115262329,0.0199914072,0.568119828,24.043678653,8.3559e-11,3.3373239e-09,0.7399300607,0.5474964948,-0.074876338,0.0262137575
14258,0.4190702065,0.0117026763,2.8640020633,0.0,0.0956568919,0.87804713,0.0580605552,0.0315294497,0.5667293637,-0.007307534,0.0858048587,-0.117430766,-5.093162001,0.0713063025,0.1174307655,2,0.0026717668,0.3461538462,0.0909773382,-0.251717413,-0.014577959,0.228869131,0.0112878641,0.1154987102,0.0196935542,0.5899658552,0,3.8411223903,-0.12163874,3.7085807317,-0.127817909,5.1897309737,81.419073705,0.7006678455,0.0,1.0,0,,0,0.0,0.6878891829,6.0,0.0025607554,,0.2663630731,0.1645993235,-0.105676502,0.8365513016,0.0070524522,-3764.355422,0.0885157098,12.821800705,-0.002032499,0.0073733349,0.0092830024,0.0377166041,0.2325156576,0.0005040942,0.0,-0.000908265,0.465867215,0.0405275691,5.0,13.807991586,0.5261522523,2.3729807409,0,-0.101596569,0.0362368971,0.0181510854,0.0281425299,0.420041488,3.3581213192,4.4337239e-09,1.1833737e-08,1.2836597655,1.6477823935,0.2266556624,0.0461651297
14260,0.1871111319,0.0317838022,9.6997073528,0.0,0.8189317505,0.6649231391,0.1009297877,0.1581941161,0.1556491521,0.0126290416,0.0817444421,-0.110263296,-4.09449619,0.1619224591,0.1102632961,2,0.0,0.0,0.0781773863,-0.579226997,0.1222737358,0.2512044342,0.1692492647,0.0169521315,0.1830605875,0.1628848209,0,0.9523488722,-0.198884617,0.9523488722,-0.198884617,26.360687721,5.0112483267,0.0917246504,0.0,1.0,1,0.9399445813,0,0.0,0.9169948368,6.0,-355.558459,,-0.180376987,-2.172304395,-1.457205547,-0.723812539,0.0245541654,-1736.099318,0.2277833408,14.475400878,-0.062299301,0.0654151307,0.4522896068,0.0321462314,0.0619380117,0.0186398788,2.0,0.0003059039,0.4504437057,0.0928300824,6.0,14.86800149,0.8474830794,2.0062314639,0,-0.166303822,0.0245643109,0.0119683956,0.0293992822,0.391039143,3.3816755915,8.35038e-10,1.2955853e-08,0.4006199425,0.1604963383,-0.615029905,0.0399542082
93191,2.5924269673,0.2831439033,-11.43449682,0.0,0.8313385065,6.0180731549,0.1643699303,0.0332850941,0.2452056239,0.1015981735,-0.184312811,-0.074398435,-1.849976559,0.6273066775,0.0743984351,8,-0.004647545,-0.179245283,0.0533329635,-0.228366014,0.0174827565,0.1230234529,0.3631541329,0.0157368628,0.063884911,0.5797306194,0,3.248832555,0.742390644,2.8446583437,0.9007731629,9.1242042042,3.7181947232,1.0987712463,0.0,0.0,0,,0,0.0,0.2770860435,6.0,7.0769163658,-0.013356989,-0.31745098,7.3449264572,-0.815591612,1.4025167798,0.9555619412,-4438.389205,0.0410566741,8.523049574,-0.00568625,0.0081206601,0.0089622969,-0.954296447,0.1801628146,-0.153023153,0.0,-0.398717497,0.3564909759,-0.116926413,5.0,8.5784682924,0.4695301061,0.6329094762,0,-0.131569503,0.0374177955,0.0247387782,0.0543794225,0.8917573415,1.6410735205,3.4475549e-06,4.2084067e-08,1.5417313236,2.3769354743,0.651688319,0.0793379832
14295,0.1573799117,-0.025076435,5.2295083458,0.0,0.0849166428,0.0608879738,-0.273289547,0.6585513808,0.3429844574,0.127145469,3.700911026,-0.14741139,-1.141559655,0.0035498116,0.1474113905,2,0.0,0.3414454277,1.1101264871,0.4182274704,0.1652430293,0.3737125664,0.1210702991,0.1154234398,0.2292866523,0.7561554308,0,10.807307882,-0.053749452,10.807307882,-0.053749452,0.3870907756,3.3528225325,-0.311562202,0.0,0.0,1,0.079566814,1,0.0,0.379213805,5.0,-9.567603136,,-2.100020721,3.9354026809,0.8472938893,0.1119278668,0.9981220895,18807.928392,0.0288563477,16.141478886,0.0005511453,-0.021136909,-0.031123676,0.0113291499,0.5548033857,-0.018432926,2.0,0.0018559762,1.2234303347,0.0197163261,5.0,18.071267881,-0.216789361,7.2481698407,0,-0.111549313,0.0694618672,0.0441281582,0.0410810128,0.4411574076,23.366776449,5.156774e-11,2.6477237e-09,1.6098908319,2.5917484905,-0.08687703,0.0729503103
14431,0.3725434119,-0.081558723,1.4315652316,0.0,0.0473791505,0.1101944738,-5.559541604,,,,,,,-0.031400329,,1,,,,,,0.3517699115,,,,0.9694493923,0,8.6851880514,,8.6851880514,,0.2719474456,148.08907823,-2.242839607,,,0,,0,,,,,,,-8.447859264,,-0.42660587,-8.788752313,-5410.997957,0.0248274717,11.707425098,0.0012333419,-0.115529051,-0.129808041,0.0,0.9654658965,13.333333333,0.0,0.0035714286,-0.360525384,0.0061087552,3.0,10.7721423,,0.3031007752,1,-0.25352422,0.0587248169,0.0264223584,0.0509521064,0.6578497121,0.6387557799,2.5164985e-07,1.0374509e-07,2.410876711,5.8123265159,0.125723535,0.0768216574
14325,0.1816532604,-0.264710729,3.2244233711,0.0,0.1727323717,0.1655091148,-2.03794847,-0.343685849,0.1210553895,0.0317979586,0.1117014439,-0.135075685,-0.228182687,-0.204308323,0.1350756851,2,0.0117835782,0.3487654321,0.6087617692,0.1647157228,-0.01665864,0.3488593911,0.0889876668,0.0489350553,-0.527666462,0.8265744853,0,5.0155300099,-0.508542761,4.3571349619,-0.541250021,0.7176755867,6.4979090434,-1.524500355,0.0,0.0,1,1.0,0,1.0,0.1362074487,2.0,-9.591329486,,0.2662032805,0.1542951172,-0.965988564,0.1809489431,-0.131115081,-2813.686403,0.0318276958,12.73022892,0.0,-0.138579535,-0.223197192,0.0083117704,0.6516674707,-0.007621017,0.0,0.1021566402,1.1144792508,0.198502569,6.0,12.853776863,0.5477217472,1.3151021932,0,-0.095378135,0.0815402344,0.0272127525,0.0475128925,0.688115202,3.773156036,1.88152e-08,2.2842521e-08,1.9919752725,3.9679654863,0.1357278231,0.073559379
14442,0.4227542025,-0.211798986,1.1985162389,0.0,0.0389199441,0.0,-17.17196532,,,,,,,-0.169512486,,1,,,,,,0.4321880651,,,,0.9776618784,0,15.458111798,,15.458111798,,0.0,,-0.131195285,,,1,1.0,0,,,,,,,-8.397648474,,-0.42660587,-8.92686447,-5312.704777,0.0248274717,12.915122919,0.0,-0.09830813,-0.11454467,0.0035706288,0.9734194038,-0.0392,4.0,0.2415458937,-0.286301825,0.0352715831,3.0,13.542526186,,1.8815629752,1,-0.25352422,0.0592334792,0.0285621465,0.0558646196,0.3427384066,3.0504763306,5.5413295e-09,1.1675878e-08,1.1223210605,1.2596045628,0.525608977,0.1095076443
14423,0.1571649179,-0.073789304,4.4706317983,0.0,0.0370679379,0.0,-7.910619894,,,,,,,-0.063775773,,1,,,,,,0.2005242464,,,,0.9578745932,0,13.333787466,,13.333787466,,0.0,,-0.013981491,,,1,1.0,0,,,,,,,-8.663237758,,-0.42660587,-8.821127757,-5088.586727,0.0248274717,11.880896339,0.0,-0.106683569,-0.149355502,0.0,0.9700805524,-9.4,2.0,0.0781306,-0.317331223,-0.062094698,3.0,12.530586044,,1.7074761905,1,-0.25352422,0.0924269035,0.0324904235,0.0334114086,0.8589247211,2.5284335613,7.8992778e-08,4.2457344e-08,1.5746890352,2.4796455577,-2.532741672,0.1425037576
14316,0.1689598967,-0.06191318,4.8783154615,0.0,0.0110652334,0.0001871032,-5.195100253,0.3925461049,-0.477310935,0.1051813296,3.1139125152,-0.128538711,-0.321073677,-0.042034487,0.1285387109,2,0.0,1.2903225806,-0.408268734,,1.6422804477,0.1172839506,-0.761094135,0.0167987562,0.3347231724,0.9403658487,0,16.888952118,-0.648013179,16.888952118,-0.648013179,0.0011131419,,-8.963944164,0.0,0.0,0,,0,0.0,-0.487459176,1.0,-195.565787,,1.0816993406,-8.651442779,43.250901134,-0.42660587,-8.799386472,-4323.442387,0.0248274717,12.719203132,0.0,-0.115358175,-0.122805031,0.0001435989,0.8238856231,5.1733333333,1.0,0.0037986705,-0.010207331,0.1369853686,5.0,13.300952787,0.2050975752,1.5779569892,0,-0.25352422,0.0985603929,0.0289068781,0.0622254358,0.3823832835,2.5953214617,8.7645625e-09,1.5461665e-08,2.8033372775,7.8586998916,0.0173821675,0.1221907348
14615,0.1631771562,-0.079724542,4.7174630646,0.0,0.0175933551,0.0,-12.4687206,,,,,,,-0.068281084,,1,,,,,,0.3543024772,,,,0.9758459318,0,10.198093014,,10.198093014,,0.0,,-0.080518791,,,0,,0,,,,,,,-8.65722552,,-0.42660587,-8.825633068,-4949.469767,0.0248274717,12.497850334,0.0,-0.153996394,-0.176379488,0.0,0.9085789403,-9.4,1.0,0.0050948315,-0.475694111,-0.07610143,3.0,12.503537798,,0.7640080229,1,-0.25352422,0.0385887958,0.0220803438,0.0434107454,0.5019158413,1.2204339985,2.9616719e-08,4.0267672e-08,1.6196281634,2.6231953877,0.6163479288,0.160478046
14359,0.1175919081,-0.032570321,7.9851115299,0.0,0.0169237941,0.0188813453,-1.252542888,-0.223237703,-0.17837714,0.0025195344,-0.380859092,0.0635434259,0.3001461454,-0.042346177,0.0635434259,2,0.0,0.3,-0.064097523,-3.701815015,0.651925028,0.9810901001,-0.576378818,0.0088071923,-0.193695348,0.8441185881,0,9.3203679793,-0.107395804,9.3203679793,-0.107395804,0.1742026387,3.2097100472,-1.392785122,0.0,0.0,0,,0,0.0,-0.211932058,3.0,51.818803922,,0.0913767599,-8.702810768,5.0841383986,-0.42660587,-8.799698161,-5043.164597,0.0248274717,13.120638891,0.0,-0.058164265,-0.061930794,0.0053632711,0.6049905192,-0.116969223,0.0,-0.004905969,0.0553472282,0.13367723,4.0,13.4505393,0.3695139369,1.274399123,0,-0.25352422,0.0802602768,0.031449345,0.0505810249,0.4111962319,2.3224501183,8.6340252e-09,1.9063431e-08,1.49939115,2.2481738206,0.0326669942,0.0782149397
14263,0.1901537371,-0.13499748,4.493952799,0.0,0.1078444782,0.1755201629,-0.92159301,-0.185746578,0.2795554439,0.0653171262,0.0119894769,-0.024102056,-0.059272121,-0.126995893,0.0241020565,2,0.0156296507,0.452173913,0.7451105831,-0.923305865,0.510309883,0.2823840423,-0.165567875,0.044116539,-0.266977305,0.6402411666,0,2.5283172937,-0.490809134,2.3127442403,-0.518032119,1.0885303842,12.521311475,-1.208865643,0.0,0.0,1,1.0,0,1.0,0.3858405825,3.0,48.019559313,,0.243550673,-8.630248939,0.8683638005,-0.42660587,-8.884347877,-5329.784117,0.0248274717,11.992733408,0.0,-0.1084203,-0.137429326,0.0192504386,0.5718278852,0.1498159981,1.0,0.0021321962,0.0853574781,0.179881838,4.0,11.683012502,0.1794615104,0.5479933951,0,-0.25352422,0.0701107234,0.0223123078,0.0552825252,0.468705578,0.9078092251,4.9869865e-08,5.5675789e-08,1.9532391342,3.8151431155,-0.086949887,0.0680104758
14356,0.3102697792,-0.334021645,0.3415963648,0.0,0.7885303661,0.0,-0.49540205,1.131292566,-0.552917012,0.0061264021,5.2346570397,-0.04134804,-0.099919353,-0.300646419,0.0413480405,2,0.0,0.4090909091,,,,0.2386363636,-0.668295455,0.009134806,-0.339215415,0.4563278694,0,10.905310426,-0.02794879,10.905310426,-0.02794879,0.0,,-0.797689277,0.0,0.0,0,0.0,1,1.0,-0.673544482,2.0,,,0.200467669,-8.510132897,7.0354114451,-0.42660587,-9.057998403,-5439.711257,0.0248274717,8.9302324431,0.0,-0.110013933,-0.783433995,0.0,0.3173978918,-3.066666667,2.0,0.0,-0.21645449,-0.010899253,4.0,10.214155386,-0.257173343,7.6251766321,0,-0.25352422,0.3387096822,0.1131541982,0.1321902001,1.7941090944,61.413279121,1.1247753e-06,1.7863903e-09,3.2934264557,10.846657819,0.0859218553,0.1286344107
14321,0.1097485052,-0.074012448,6.9327476567,0.0,0.0309231359,0.0,-4.950676616,0.4320245966,0.0,0.1795691686,0.0704595747,-0.070004266,-0.112983176,-0.065650286,0.0700042657,2,0.0,0.5753424658,,,,1.3844822613,2.4859950082,0.0244739746,0.5826452906,0.910067374,0,8.2297369199,0.5180274532,8.2297369199,0.5180274532,0.0,0.0,-2.326182252,0.0,0.0,1,1.0,0,1.0,-0.025330661,3.0,,,0.3667192257,-8.710654171,0.0360794505,-0.42660587,-8.823002271,-4467.979957,0.0248274717,13.60395389,0.0,-0.160808353,-0.188228238,0.0085406077,0.9119643911,,0.0,-0.013506213,1.4202489108,0.0618661353,5.0,15.452129131,0.5792440897,9.8670935927,0,-0.25352422,0.3387096822,0.1131541982,0.1038118986,0.939929988,61.413279121,7.8206e-10,1.2677762e-09,1.336216706,1.7854750854,0.383125487,0.0885236036
14455,0.4500540744,-0.439407984,0.7162948917,0.0,0.1658329432,0.0195229169,-4.875383044,,,,,,,-0.254957092,,1,,,,,,0.1451211229,,,,0.9296589896,0,7.4203795935,,7.4203795935,,0.0364063863,1.1360946746,-0.356642917,,,0,,0,,,,,,,-8.370348602,,0.5733941298,-9.012309076,-5449.019997,0.0248274717,12.049924698,-0.000531333,-0.132526161,-0.54247364,0.004117748,0.8716784046,-0.891982272,0.0,-0.021678732,0.1954427866,0.0260843225,3.0,11.922503191,,0.6986499774,1,-0.25352422,0.0218340755,0.0112647056,0.0359716905,0.5036384076,2.0187569707,1.9790515e-08,3.0517749e-08,1.6650207854,2.7722942158,0.2441954227,0.1390839556
14213,0.0951582597,0.0403503477,6.7346221147,0.0,0.0951468546,0.466132013,0.9227535636,0.3962428799,1.2669235112,0.0086609655,0.114328512,-0.109280567,-0.442268478,0.0581960345,0.1092805671,2,0.0,0.0303541315,0.3126739238,-0.279407108,0.2264902595,0.4167424932,0.1723022483,-0.027009904,0.8690337136,0.6772987406,0,2.6556901375,0.2649645629,2.6556901375,0.2649645629,3.8360943691,82.73395026,0.4759506694,0.0,0.0,0,0.0,0,0.0,3.5271293022,7.0,3.1965457919,,-0.007390375,12.374286127,-2.588347284,0.6617857217,2.3752013325,391.57346807,0.0796288203,13.755978616,0.0095144865,0.0582276927,0.0993629406,0.0087794383,0.553764746,0.0052361057,0.0,-0.00152207,3.8490762082,-0.324730676,5.0,13.953827015,-0.655861244,0.9620687819,0,-0.186226261,0.0470193475,0.0215760429,0.0270625883,0.3235960859,0.9237019426,6.0709615e-09,3.3947114e-08,0.9624933884,0.9263935226,0.1256414816,0.0536810072
14550,0.8586574298,-0.73187062,0.0848938116,0.0,0.0655481001,0.0,-17.17196532,,,,,,,-0.492903568,,1,,,,,,,,,,0.9691935801,0,14.099653979,,14.099653979,,0.0,0.0,-0.013218799,,,0,,0,,,,,,,-7.961745246,,-0.42660587,-9.223719573,-5525.321077,0.0248274717,11.072672908,0.0,-0.016577565,-0.146116241,0.1490473729,0.2102074195,-2.150796996,0.0,-0.003325021,-0.281876639,-0.128639165,3.0,9.5295828477,,0.3274538797,1,-0.25352422,0.1698389202,0.0503612429,0.0572305207,0.6851368378,1.6577719457,1.5716531e-07,4.2012851e-08,1.9446247256,3.7815653236,-1.447242981,0.1411376506
14472,0.1172521571,-0.023935106,5.8515992659,0.0,0.0762806559,0.1250528447,-0.351922395,,,,,,,-0.008772997,,1,,,,,,0.3221358737,,,,0.8989732669,0,2.866491261,,2.866491261,,0.9073638032,2.6668420914,-0.001344832,,,0,,0,,,,,,,3.8952749263,,0.1119278668,0.9857992807,-3423.980178,0.0288563477,13.125931883,-0.000141175,-0.034298329,-0.060625831,0.0141441996,0.7261156625,0.0002110205,2.0,0.0017137356,1.1320615334,-0.010102846,3.0,13.387519127,,1.2372232607,1,-0.111549313,0.0547713861,0.0189923209,0.0362217765,0.4056646973,1.6090360268,7.388184e-09,2.3354472e-08,1.7796201695,3.1670479476,0.017349553,0.0798562366
89738,1.1867735824,0.0645273292,-22.06926403,0.0,10.092559448,0.4577514921,0.0216112871,0.0457805055,0.0397110614,0.1025479253,0.0288173269,-0.003495728,-0.597676008,0.1030937657,0.0034957277,15,-0.00330463,-0.023622047,-0.0593993,-0.086477929,0.0939599413,0.0578373847,-0.102932306,-0.003037585,0.2163315493,0.389279487,0,0.589496776,-0.058074891,0.5839535676,-0.052358096,0.995587276,0.0869032228,0.0079523268,0.0,0.0,0,,0,0.0,0.4389736728,5.0,-0.334256149,-0.001283725,-0.067372081,0.2665506815,-0.796667652,,0.0235561245,-5385.120002,0.0286434127,12.213731265,0.0005008739,0.0023264381,0.0216470792,0.0142224836,0.050447362,0.001584167,1.0,0.0091108385,-0.800680348,0.0328080216,3.0,10.951971681,0.3800035132,0.385468034,0,0.0654744878,0.0365853906,0.0138012689,0.0285446033,0.3323798153,0.5944601236,2.8902838e-08,5.1232919e-08,0.2465541465,0.0607889471,0.129085819,0.033693296
77415,0.7494103619,0.0651035298,-43.73314929,0.0320036999,6.0128842794,0.3310130412,0.0302534605,0.019047003,0.0442965562,0.0088019672,0.0143570299,-0.001648792,-0.16965927,0.0761489471,0.0016487918,23,0.0001372159,0.0562571757,0.0262651302,-0.00962358,0.0367542821,0.1498016984,0.0321009843,0.0002601875,0.0583073813,0.5321580915,0,0.9015663681,-0.03432562,0.9009371222,-0.034489746,2.6030920101,0.0690383569,0.0128466476,0.0,0.0,0,,0,0.0,0.4151088273,7.0,0.0183301885,-0.003393367,0.0125071417,-0.170812539,-0.208537811,,-0.003388694,-4345.334902,0.0286434127,14.012205855,0.0006637828,0.0024590941,0.0226617091,0.0006626952,0.0226672296,0.0060065489,2.0,0.0007423905,-0.007504864,0.0211850218,5.0,13.315031667,-0.160148437,0.5310783127,0,0.0654744878,0.0338218547,0.0140967468,0.0215290237,0.385342,0.8803871689,4.5342444e-09,4.8710873e-08,0.8923254599,0.7962447264,0.0373656558,0.023206203
14552,0.4170329967,-0.298083033,0.978161936,0.0,0.2188178425,0.0011180909,-2.529572281,0.5998799677,-0.732236272,0.4054538931,1.545832972,-0.108236007,-0.187596899,-0.24216358,0.108236007,2,0.0,1.6666666667,,,,0.0840630473,-0.376282212,0.1119488362,0.3388532593,0.8546649043,0,9.5329677678,-0.721868058,9.5329677678,-0.721868058,0.0021568458,,-1.930295693,0.0,0.0,1,1.0,0,1.0,-0.944338087,3.0,,,1.4740690676,-8.403369679,3.8793675368,0.5733941298,-8.999515565,-5413.208707,0.0248274717,12.319310445,0.0,-0.082583524,-0.100722646,0.0,0.792658583,-9.4,0.0,0.006833713,0.1216203508,0.0027485127,5.0,12.945647294,,1.6070530983,1,-0.25352422,0.1071931943,0.0442181842,0.081807896,0.7847215425,18.050806827,1.6565595e-08,7.010806e-09,1.5889951546,2.5249056013,-1.851889215,0.1319096252
14449,-0.020025372,-1.190958076,1.7285607755,0.0,0.6169807901,0.0120514679,-11.17075163,,,,,,,-0.887213573,,1,,,,,,0.3791540785,,,,0.8848539769,0,4.1250873515,,3.9930118798,,0.0247949292,12.090909091,-0.548346883,,,1,1.0,0,,,,,,,-8.840428047,,0.5733941298,-9.223719573,-5536.329957,0.0248274717,9.8926878866,0.0,-0.245441642,-0.406877828,0.0035862694,0.8834883066,-2.16972583,0.0,-0.787671233,1.4625673768,-0.000647867,3.0,11.136399472,,1.7776264851,1,-0.25352422,0.0781250224,0.0524777397,0.0514293961,0.6890993037,11.428133714,9.6006793e-08,9.8263018e-09,1.0421886613,1.0861572057,0.7511297808,0.1572945126
47723,0.5954590753,0.0320473801,1.5706856198,0.0150468079,1.2221532917,0.7335303154,0.0235251391,1.225637737,0.2486243006,0.0073388752,4.0559815254,-0.108683592,-4.466875428,0.1751990346,0.1086835921,25,0.0643739628,1.6666666667,0.7018976105,-0.878890893,-0.248358334,0.0647369004,-0.354975248,0.6163878933,0.0356780521,0.5173213368,0,1.6888555422,-0.555614013,0.9957583033,-0.675250535,15.464595041,8.5687804521,0.1714479133,0.0,0.0,1,1.0,0,0.0,0.3093097843,3.0,0.1742683912,0.0226781007,1.4740690676,-1.410519869,0.0496326143,-0.228900491,0.2568416288,-552.3063411,0.1505232955,11.824828128,0.0034486879,0.0089363269,0.0253683941,0.0820388496,0.0371495816,-0.070108749,0.0,-0.014388489,-0.048811139,0.0404708009,6.0,11.797044033,0.2430723444,0.734151539,0,-0.500704589,0.0805369467,0.0299074116,0.056895668,0.5091937535,1.6000336986,8.8470685e-08,4.2158076e-08,1.2025297828,1.4460778785,-0.096598324,0.058010257
83155,0.8534298732,0.0799125379,-20.27693632,0.0340615685,6.8544031571,0.4487891296,0.035870638,0.0418803053,0.0530876355,0.004636408,0.0382383061,-0.004728591,-0.446921838,0.1156271962,0.0047285909,20,0.00022411,-0.032967033,0.0193812393,-0.027515741,-0.037933656,0.094834149,-0.096315861,0.0004830284,0.072084955,0.5869135626,0,0.9583909219,0.021781379,0.9560332699,0.0216128493,1.4187189035,0.0773113428,0.0131602081,0.0,0.0,0,,0,0.0,0.4933659956,4.0,-0.016663186,0.0022813432,-0.076717067,-0.066793028,-0.91489747,,0.036089555,-5397.459876,0.0286434127,11.422473389,-0.000642067,0.0020515435,0.0184733082,0.0026536753,0.0814814723,-0.011828248,1.0,-0.011015256,-0.165750087,0.0133960173,5.0,8.6208773027,-0.147022942,0.0762111701,0,0.0654744878,0.0313219875,0.0106661843,0.0153935778,1.5234162396,0.3105141913,4.4053969e-06,1.0000003197,0.0941267812,0.0088598509,0.9770375522,0.0189504166
14352,0.67389029,-0.184689657,0.4456610609,0.0,0.019708215,0.0,-17.17196532,0.5563156609,0.0,0.2164045637,0.3104072398,-0.062183408,-0.191790412,-0.149267951,0.0621834082,2,0.0,1.6666666667,,,,0.1472081218,-0.411167513,0.0066729783,0.5649040741,0.9776618784,0,35.590462833,0.2012786801,35.590462833,0.2012786801,0.0,,-10.60752056,0.0,0.0,0,,0,1.0,0.0,2.0,,,1.4740690676,-8.146512386,28.682177614,-0.42660587,-8.906619936,-5400.422157,0.0248274717,11.198317747,0.0,-0.078306072,-0.080865759,0.0,0.9734194038,13.766666667,0.0,0.0192307692,-0.758426279,0.0618095102,5.0,10.292996042,-0.104841427,0.4849874826,0,-0.25352422,0.0583333448,0.026761017,0.0617960614,0.6793571489,2.7218987731,1.6118877e-07,3.6107202e-08,1.0745418343,1.1546401537,0.1027644226,0.0821721269
14436,0.131980283,-0.042675849,6.4182625995,0.0,0.0092927478,0.0,-5.129198473,,,,,,,-0.031851675,,1,,,,,,0.2255192878,,,,,0,15.45226492,,15.45226492,,0.0,,-2.859118828,,,0,,0,,,,,,,-8.688422393,,-0.42660587,-8.789203659,-4146.058157,0.0248274717,14.78534896,0.0,-0.114377675,-0.122877242,0.0,0.7446614518,13.766666667,0.0,-0.001765133,-0.124542159,-0.054682496,3.0,16.18317935,,3.6968726241,1,-0.25352422,0.087104395,0.0384598208,0.0614896804,0.2388853977,3.0012409129,8.493024e-10,8.0233839e-09,1.4738446064,2.1722179238,0.2727062365,0.0927719437
79851,0.9286763156,0.064107709,-40.722223,-0.002346484,11.812262826,0.6151455981,0.0333595735,0.0288183733,0.0446978444,1.1156139973,0.0060775439,0.0080884033,1.6222375691,-0.039890225,0.0080884033,22,-0.004085276,-0.014227642,-0.025665685,-0.084996675,-0.027301985,0.0865005315,-0.186704077,-0.005975448,0.9643076923,0.436789391,0,0.723386477,0.042703431,0.7013966903,0.0518921145,2.2006018508,0.0854886415,0.0074103791,0.0,0.0,0,,0,0.0,1.1983411371,3.0,-0.730433449,6.0522e-05,-0.057977676,0.0084534147,-1.159809834,,-0.119427866,-5340.373912,0.0286434127,12.260079065,0.0003236439,0.0019001934,0.0211832154,-0.015257454,0.0262354398,-0.07615976,0.0,0.0,-0.104040608,0.0016634529,0.0,11.031630013,-0.06833834,0.2993740484,0,0.0654744878,0.0305555928,0.0129816245,0.0274880221,0.5758792944,0.9523589588,4.8466414e-08,6.8808628e-08,0.9049657329,0.8189629776,0.0284820298,0.0375493984
14422,0.2272495937,-0.07805629,3.2546938078,0.0,0.0187915734,0.0139749131,-5.563436258,,,,,,,-0.077603216,,1,,,,,,0.3757197697,,,,0.9640100833,0,15.641553855,,15.641553855,,0.0603269848,15.885,-0.261511066,,,0,,0,,,,,,,-8.593153082,,-0.42660587,-8.8349552,-5320.030017,0.0248274717,12.022307832,-0.002693516,-0.103077022,-0.112714858,0.0033792007,0.9424836934,0.1846083916,1.0,0.0027991603,-0.075231682,0.1120016705,3.0,13.868401677,,5.8338647998,1,-0.25352422,0.0972972661,0.0535101882,0.0932874969,0.5686132987,23.495653369,8.4336035e-09,3.0428036e-09,1.3693182808,1.875032554,-0.543884256,0.0911063921
89211,0.5744413786,0.0617167376,-47.61355736,0.0382560966,4.6855543205,0.2532380374,0.0285298461,0.0272410365,0.0430100784,-0.002905167,0.0229334612,-0.003361815,-0.282721796,0.0791654045,0.0033618152,16,-0.000875863,-0.024054983,0.0831029436,-0.03666939,0.0073953619,0.1621583211,1.5832703654,-0.000124588,0.0637796816,0.545037084,0,0.9429795021,0.0995754496,0.9424190891,0.1010675458,3.0108499096,0.0662320442,0.016442461,0.0,0.0,0,,0,0.0,0.4078394555,8.0,-0.023119718,-0.00320184,-0.067805017,-0.345781522,-1.201611736,,-0.000372237,-5261.788522,0.0286434127,12.190895325,-0.000504432,0.0026040941,0.0249188877,-0.008869682,0.0140499595,0.0577003711,0.0,-0.007351958,0.368323559,0.0233970396,5.0,11.367711953,-0.088690476,0.3696739207,0,0.0654744878,0.0387096778,0.012637921,0.0221680103,0.570816605,0.701944433,4.7990049e-08,8.2894777e-08,0.7144159611,0.5103901654,-0.009510847,0.0264081595
14433,0.1069235569,-0.032611685,-183.1412575,0.0,0.1263836443,0.0,-0.103370787,,,,,,,-0.018134235,,1,,,,,,,,,,0.0015345501,0,0.4393939394,,0.4393939394,,0.0,0.0,-0.001031236,,,0,,0,,,,,,,-0.147547326,,0.2532562121,-0.082388086,-4089.986492,0.0885157098,12.753486455,-0.033480691,0.0015328939,0.0016286184,0.0113653935,0.010242426,1.1194517435,0.0,0.0014285714,0.214591888,0.0095502352,3.0,13.193974347,,1.779967718,1,-0.101596569,0.014767969,0.0132165438,0.0288751504,0.6912373754,12.86620637,4.0598182e-09,9.4818789e-09,0.7472537224,0.5583881257,0.2326904435,0.0382389886
14408,0.6769295682,0.0012754616,2.9943785973,0.0008491164,0.4923016444,0.143948969,0.0064060923,,,,,,,0.1139424317,,1,,,,,,0.0440796365,,,,0.5265730473,0,1.3360555517,,1.3360555517,,5.0082604988,6.9721287961,0.1279460734,,,0,0.0,0,,,,,,,1.8136215977,,4.237516145,-0.248673665,-541.6268104,0.0279332649,14.950715964,-0.007256673,0.0036882826,0.0061098673,0.0053636055,0.0203475365,2.8822825537,1.0,0.002962963,-0.009064329,0.0288166674,3.0,16.177917369,,3.5424073983,1,-0.500704589,0.0540050641,0.0240976244,0.0395204154,0.3366259119,4.5003937518,4.06196e-10,6.6095848e-09,1.8759251761,3.5190952664,-0.022830404,0.0565128112
14532,0.7664160702,0.0965655214,-12.08411239,0.0095593156,3.6969077942,8.2257963184,0.0041806705,0.0680478996,0.0832180849,0.0015797788,0.0557645826,0.0347236308,1.5538221529,-0.053480125,0.0347236308,2,0.0505419625,-0.054545455,0.0151989663,-0.030791079,-0.120291477,0.3140350877,-0.435812765,0.0576820979,0.1315512779,0.5825667747,0,1.1581314366,0.0025468509,0.4487108246,-0.042218992,290.06709036,69.269604711,0.0302346553,0.0,0.0,0,,0,0.0,0.4262779036,2.0,26.159265847,,-0.053587364,0.1570719645,-0.415766461,0.3657761197,-0.146260469,-2097.434581,0.0463645568,11.872685543,0.0083572207,0.0172413793,0.1004074193,0.277007755,0.012960051,-0.00030006,4.0,0.0555821276,0.4610690504,0.0810244344,2.0,11.997474032,0.0386703163,1.0111476347,0,-0.034541484,0.0500981584,0.021009219,0.0315779129,0.5097650684,1.833602347,3.8998324e-08,3.1613439e-08,-0.050958073,0.0447878124,1.1069152264,0.0377937646
14469,0.3717262987,-0.488458742,0.2786700767,0.0,0.4396669609,0.3932552665,-3.490353698,,,,,,,-0.413486005,,1,,,,,,0.284457478,,,,0.916626,0,1.6599409449,,1.6599409449,,0.5810421995,10.23943662,-0.129990073,,,0,,0,,,,,,,0.3443681555,,-0.819051057,-0.340292763,-3104.861543,0.0318276958,8.9785251953,0.0,-0.278266995,-0.811535723,0.0460092987,0.546875,0.1187730084,0.0,-0.048275862,-0.70994397,0.0131379054,3.0,7.6433774593,,0.1351808483,1,-0.095378135,0.1141303852,0.0599638861,0.0540374391,1.5627375351,0.7724427536,3.08605e-05,1.5537443e-07,0.3910457988,0.1529168167,1.7550722172,0.1237946716
14393,0.5255734412,-0.013166592,0.3240691885,0.0,1.5549878361,1.1179977799,0.0335724216,-0.014822712,0.0851772877,0.0045307156,0.060416818,-0.07800441,-12.43598266,0.150572918,0.0780044098,2,0.000398828,0.35,0.1147454212,0.0563411448,0.1534152689,0.0878724009,-0.00101475,0.0436035161,-0.19018288,0.472897437,0,1.3997208004,0.0586147312,1.0652150111,0.1283462367,5.8277527622,13.738987093,0.0656895189,0.0,0.0,1,1.0145325421,0,0.0,0.1488751033,6.0,-3.323676582,,0.2269785919,-0.961114026,-0.520892454,-0.453507432,0.0386398267,-1408.682362,0.0768509389,12.875675254,0.0033182387,-0.042960927,-0.170301962,0.0302048703,0.0969942655,-0.189144607,1.0,0.0023094688,0.0729427367,0.0267359782,5.0,12.409851732,0.0753968635,1.3085344676,0,-0.017965162,0.0281030182,0.0150428399,0.0279222141,0.4581169481,0.9343104796,2.3768339e-08,6.4127982e-08,1.1008379681,1.211844232,-0.141177907,0.0495213436
11844,0.7004313496,0.0676399018,-26.57497529,0.032120782,5.1231357115,0.2954943046,0.0370961518,0.0396594817,0.0470154529,0.1039757285,0.0336561884,-0.003908572,-0.330096414,0.0899675908,0.0039085722,26,-0.000267197,-0.009784736,-0.04296691,-0.088691505,0.0029094489,0.0863145258,-0.016143064,-0.000836471,0.0857834819,0.5617601366,0,0.9923020106,0.0348939518,0.9787193699,0.0358699735,1.66160719,0.0699968919,0.0147600228,0.0,0.0,0,,0,0.0,0.4082406447,6.0,-0.012229909,-0.00146751,-0.05353477,-0.219791551,-0.781333617,,0.0104299496,-4859.052562,0.0286434127,13.353280129,-0.000322336,0.0029766128,0.0243098806,-2.5728e-05,0.0443656602,0.0062870735,0.0,-0.000844832,-0.020841175,-0.015979405,5.0,12.403726058,-0.034149865,0.4176917236,0,0.0654744878,0.0242996663,0.0135351365,0.0189161448,0.2968719054,0.5191771294,1.0769604e-08,5.4566678e-08,0.746053896,0.5565964157,-0.083915792,0.0226652756
14459,0.1976146317,0.0114169909,8.0602229221,0.0,0.0366879132,0.1882264732,0.1263798965,,,,,,,0.0262543959,,1,,,,,,0.3783631409,,,,0.6670212157,0,4.9395783293,,4.5330664532,,1.9800302625,5.2396405624,0.0081212474,,,0,0.0,0,,,,,,,0.1702564885,,-0.342302491,0.0994476384,-2516.224073,0.0318276958,13.788187574,-0.002617515,0.0171502363,0.0210761666,0.0119722528,0.4706771406,-0.024157044,0.0,0.0,0.4560981534,-0.033954248,3.0,14.761400858,,2.2915557787,1,-0.095378135,0.0735357553,0.0220098702,0.0301196569,0.4248308553,5.985829028,1.2145126e-09,8.3708226e-09,1.0266680146,1.0540472121,-0.044973985,0.0591263582
14335,0.0002325581,0.0034751535,243.47172044,0.0032845479,6.494e-05,0.0,-17.17196532,-0.450988474,-0.000257961,-0.314081025,-0.607215241,0.0047633716,1.1183506973,-0.000411287,0.0047633716,2,-0.002448835,,-0.744329897,,-0.08858871,,,-0.293245629,-0.999259641,0.864462331,0,4.1179941003,0.7857952945,4.1179941003,0.8166994039,0.0,0.0,0.0052755571,0.0,0.0,0,,0,0.0,-0.001339843,4.0,,,,8.720451271,,-0.49954311,-0.091421776,-2522.028599,0.0257826007,15.322586985,0.0,0.0961391205,1.0433494835,0.0,0.7620528771,0.0,1.0,0.0,-0.239409299,0.0151911885,2.0,13.653600402,0.2129331366,0.1943475759,0,0.080304809,0.0520666279,0.0201579674,0.0346142235,0.507606045,0.2844983351,7.2611983e-09,1.6415518e-07,1.2579097296,1.5823368877,0.0627035424,0.0379656589
89141,0.8239267305,0.0436205482,-0.920618358,0.0145774914,0.3766202409,1.3166038814,0.1007881008,0.0648634501,0.4082507536,0.0011129661,0.3867076278,-0.036117388,-0.963766426,0.0856605681,0.0361173881,20,0.0180718064,-0.01789549,-0.052689762,-0.057942252,0.0017487807,0.1253962216,0.0421434333,0.0370871765,-0.037272619,0.4996393845,0,3.626854881,0.0196099132,2.1802374971,0.0173558379,13.09533448,5.7134762003,0.2691321592,0.0,0.0,1,0.0184365087,0,1.0,0.5351999366,5.0,3.0851036682,-0.119658253,-0.185136021,1.6390811888,-0.894299168,0.1112442375,0.1773093749,-4824.334097,0.0446872923,12.291444083,-0.002217534,0.0005970253,0.0008749835,-0.066349372,0.0810018057,-0.031517262,0.0,-0.011939227,0.621512771,-0.096776652,7.0,10.381185269,-0.026311014,0.1630700064,0,-0.101630079,0.0491887666,0.0282773613,0.0366709102,0.4386790037,0.3806163785,2.2714131e-07,1.4150596e-07,0.9247630444,0.8551866883,0.0181720393,0.043573861
76266,0.5129643332,0.0617453396,-20.44926499,0.0425506087,4.6293643653,0.2501622458,0.0357079247,0.0549698592,0.0463859452,-0.00129769,0.0531283199,-0.00566473,-0.459483886,0.0901163282,0.0056647302,25,-0.000986834,-0.019063181,0.0132887599,-0.032532618,0.0452872507,0.1305539033,-0.056879422,-0.000983679,0.0718852561,0.5273569537,0,0.9819879095,-0.008220377,0.9765462168,-0.006460503,1.433291684,0.0714234502,0.0148614568,0.0,0.0,0,,0,0.0,0.4724624739,6.0,0.0047968044,0.0008318423,-0.062813215,-0.407258568,-0.928041217,,0.010578687,-4136.598662,0.0286434127,14.157244532,-4.7054e-05,0.0027416117,0.0283867568,0.0009103619,0.0523612599,-0.006148153,0.0,-0.001330082,-0.443418794,-0.027237122,5.0,13.386495309,-0.090753347,0.4241949862,0,0.0654744878,0.0317585208,0.0171667911,0.0223226292,0.4178165999,0.5731090069,7.0625571e-09,6.7662301e-08,1.0262090633,1.0531050415,0.0225353276,0.0210489671
14378,0.4509646173,-0.306724702,1.2320845955,0.0,0.2103126306,0.4458571231,-0.357214895,,,,,,,-0.092767681,,1,,,,,,0.8603510992,,,,0.4606126953,0,2.0380808033,,2.0380808033,,1.6217797293,19.030327735,-1.670523908,,,0,,0,,,,,,,4.2289873866,,0.1119278668,0.9018045967,-3972.649358,0.0288563477,12.39810986,0.0066437805,-0.04133504,-0.063071905,0.024979898,0.4085406721,-0.054473922,0.0,0.0116731518,0.8420246494,0.0520768426,3.0,11.995865387,,0.690183076,1,-0.111549313,0.201625973,0.0472112823,0.0399845684,0.8148524209,3.5523484715,4.06551e-08,3.4881498e-08,1.5252855179,2.3264959113,0.1885612762,0.062218856
91855,0.6736300135,0.0486335907,-11.2807165,0.0209303777,5.6540705558,0.3249421038,0.0326462671,0.0593766969,0.0495610413,0.112535437,0.0426628717,0.0053327697,0.6744003587,0.0158350797,0.0053327697,22,-0.006559608,-0.003723008,0.2978190705,0.1589698709,0.0002603807,0.0648937389,0.2668842303,-0.006153864,0.2240709008,0.5133385523,0,0.8102832167,-0.011599722,0.7883287513,-0.000676966,0.7098559431,0.0880656196,0.0107331137,0.0,0.0,0,,0,0.0,0.5379241863,6.0,0.0108915829,0.007896154,-0.047473042,-0.246592887,0.5965808006,,-0.063702562,-4764.669022,0.0286434127,14.163471915,0.0015834165,0.0028465959,0.0211441755,0.0318946041,0.0552273677,-0.358484734,2.0,0.000521594,0.22961982,0.0719031123,2.0,13.810417855,-0.274545994,0.6735037098,0,0.0654744878,0.0366826318,0.0157735207,0.0230277427,0.312738941,0.9753753378,3.0216015e-09,3.3673312e-08,0.9634081836,0.9281553282,0.0921488862,0.0295692751
14409,0.5328236064,0.0764409823,0.8974488346,0.0,0.5468451698,0.1367976347,-0.068461395,,,,,,,0.0297692721,,1,,,,,,0.0639597031,,,,0.4863827411,0,1.3568237247,,1.3568237247,,1.5263420919,1.9548272896,0.4802590138,,,0,0.0,0,,,,,,,1.6695156359,,-0.412725597,-0.332846825,357.67919959,0.0279332649,14.81193587,0.0020001478,0.0146236635,0.0391647649,0.0292629239,0.051136759,-0.822479974,1.0,0.0024752475,0.2942405741,-0.007040853,2.0,16.433099616,,5.9119688981,1,-0.500704589,0.0818182006,0.0299440569,0.0490466292,0.5200906082,36.268024216,3.731567e-10,2.5443091e-09,1.7867885957,3.1926134857,0.1079339435,0.0641585717
14434,-0.074852146,0.0408626492,28.813557887,0.0,0.5585453956,0.6372048108,0.2023904672,1.2302567187,0.7512647257,0.614154013,2.5324425799,0.0153981506,0.1438510334,0.0349845149,0.0153981506,2,0.0547806183,0.2384428224,0.1973760704,-0.267025474,0.0185646862,0.3271778402,-0.47073179,0.1639839153,-2.393741242,0.1814523021,0,1.2004233877,0.5031008207,0.5923849846,0.1881163084,27.258972219,24.111052521,0.1520709369,0.0,0.0,1,1.0,0,0.0,3.2567336136,5.0,-4.358501848,,0.1734546031,-0.42556785,-13.33311632,-0.922471714,-0.055061263,-9156.572851,0.0604618429,12.661515805,0.007950836,0.018812656,-0.132484361,0.0383254778,0.055600215,-0.009974651,0.0,-0.000715308,0.4315870489,0.0669219336,4.0,12.689910121,0.5673315344,1.0694049147,0,-0.156910843,0.043935705,0.0200956494,0.0351964183,0.3815708984,1.3922663692,1.3959941e-08,2.4960935e-08,1.1070690202,1.2256018155,-0.137511286,0.0468876949
85726,0.0018126041,0.0374715527,238.95581327,0.0,0.3300874514,0.5407983796,0.2001366882,-0.020011698,0.4620744683,-0.050710507,0.0032330361,-0.144069258,-1.289106188,0.0857763631,0.1440692582,26,0.0002424718,0.0060606061,0.02097308,-0.02163416,0.0302129279,0.1745629777,-0.008158497,0.0113294813,-0.812240541,0.2633414431,0,0.697261739,-0.040303275,0.6605526263,-0.039414244,153.64183474,26.152887757,0.1802852919,0.0,0.0,1,1.0,0,0.0,7.0684064848,7.0,0.0096013988,0.1467585008,-0.073730167,-0.252658279,0.1674245354,-0.635601149,0.0215225128,-3263.419702,0.0885157098,13.540536181,-0.000918112,0.0313909524,1.0433494835,0.0074716239,0.0296886164,0.0205952935,0.0,-0.000906618,1.2032826566,-0.045846371,5.0,13.933194711,-0.150461542,1.3516483516,0,-0.101596569,0.0239999779,0.0097260371,0.0224004934,0.2472466719,1.367056776,1.6932714e-09,1.7631711e-08,0.6459078873,0.4171969988,-0.057760488,0.031824177
14432,0.2315438359,-0.058946637,3.0046846798,0.0,0.0202762911,0.0011082145,-17.17196532,2.3874659401,-0.732236272,0.3312423846,0.5447761194,-0.092993082,-0.256883125,-0.043804241,0.0929930821,2,0.0,0.1818181818,-0.744329897,0.0560528559,0.96892156,0.4545454545,0.3438735178,-0.026450623,2.813221572,0.9776618784,0,12.407502131,1.2168650047,12.407502131,1.2168650047,0.0044505808,11.096153846,-3.526651716,0.0,0.0,0,,0,1.0,-0.979535031,3.0,4.2457431001,,-0.026805058,-8.58885884,-0.298214543,0.5733941298,-8.801156225,-5026.708607,0.0248274717,14.210087637,0.0,-0.150704767,-0.157988849,-7.2004e-05,0.9734194038,13.766666667,0.0,-0.004995005,-0.355816214,-0.03988471,4.0,15.209662936,,2.932543813,1,-0.25352422,0.1388429999,0.0417356544,0.0609313898,0.333947875,4.2049709788,1.7415778e-09,9.3361121e-09,1.5734705872,2.4758096888,0.6483370138,0.1280977225
14465,0.1633959582,-0.142171642,3.3309631748,0.0,0.0836800986,0.0,-17.17196532,,,,,,,-0.115275675,,1,,,,,,0.1111111111,,,,0.9776618784,0,8.4063225058,,8.4063225058,,0.0,,-0.032706345,,,1,1.0,0,,,,,,,-8.657006718,,-0.42660587,-8.872627659,-5429.058257,0.0248274717,8.6943393692,0.0,-0.259185652,-0.639363865,0.0,0.9452122855,-0.466666667,1.0,0.0355029586,0.8537675987,-0.187013015,3.0,9.0150478523,,3.0638193801,1,-0.25352422,0.3387096822,0.1131541982,0.1321902001,1.5989284815,59.7914129,1.74022e-06,3.6066942e-09,0.838229141,0.7026280929,1.0776434267,0.1532650513
14458,0.2601309177,-0.282449345,1.8271628539,0.0,0.1434333088,0.0024647098,-9.678102625,,,,,,,-0.220895618,,1,,,,,,0.2397750511,,,,0.9545810117,0,8.226369863,,8.226369863,,0.006542195,14.666666667,-0.072062472,,,1,1.0,0,,,,,,,-8.560271758,,-0.42660587,-8.978247602,-5422.401957,0.0248274717,11.7270848,0.0,-0.124129783,-0.16107283,0.0011060287,0.8280539532,3.4393729728,2.0,0.0700729927,-0.198647759,0.2319317088,3.0,14.540221374,,8.4850498339,1,-0.25352422,0.1478991807,0.0783327474,0.108885825,1.09948369,61.413279121,1.1163842e-08,1.3947335e-09,1.7100212397,2.9241726403,-0.059936345,0.1209716718
75906,0.6630528835,0.0797729945,-15.29025393,0.0211614962,6.4721319112,0.3432315146,0.0258701014,0.1098473422,0.0470011937,0.0059236507,0.1107190573,-0.00636457,-0.549151141,0.1235804255,0.0063645697,22,-8.9462e-05,0.0765262253,0.0172614198,-0.228408033,0.1170584397,0.0960341554,-0.378130806,0.0056094375,0.1209803101,0.6304861482,0,1.1093579061,0.1420578851,1.0891572267,0.1467992169,0.8565770397,0.0616312497,0.0165450257,0.0,0.0,0,,0,0.0,0.5184613716,7.0,0.0368819571,0.0023858925,0.0327761913,-0.257170017,-0.473895232,,0.0440427842,-4952.821972,0.0286434127,13.172963576,-5.5763e-05,0.0027233123,0.0255861785,0.0024892478,0.057151729,-0.038552522,0.0,0.0004618938,-0.104308566,0.0047125267,5.0,12.459194124,-0.44685375,0.5258384914,0,0.0654744878,0.0484089963,0.022323142,0.0278558554,0.4039412953,1.1369825716,1.0739074e-08,3.6758231e-08,0.993172428,0.9863914718,-0.009010879,0.0287069445
77236,0.4745868609,0.034830589,155.27251656,0.0099734838,0.4178512281,0.2629464713,0.0590292208,-0.031689784,0.1872478623,1.0082464225,-0.12264225,-0.149341046,-3.889067697,0.1702891077,0.1493410455,24,0.0,-0.045454545,-0.157452974,0.3253097392,-0.140827028,0.1069248447,0.0991036098,0.0851967029,0.0655681313,0.5277101434,0,2.8263276604,0.3789455517,2.8263276604,0.3789455517,116.50165563,8.0723872892,0.2770308393,0.0,0.0,1,1.0,0,0.0,0.3732307512,5.0,-2.437760993,0.0483450438,0.0347885,4.7315230573,-1.881645962,0.1814460578,-0.49430155,-1670.870507,0.0273920116,12.654464443,-0.017219359,-0.003620559,-0.006929163,-0.053234264,0.0025290485,-0.25180711,0.0,-0.03806291,0.2365680133,-0.065627898,6.0,11.942953781,0.2229944514,0.5606480923,0,-0.500704589,0.0607449524,0.0275565294,0.0425164953,0.3846680859,1.0275034547,3.9277737e-08,4.8301291e-08,1.6617951574,2.7615631451,-0.111212166,0.0612022963
14489,0.7787491486,0.0438110347,-23.41105785,0.0,4.2817114079,0.4648736772,0.0775956019,,,,,,,0.2068965134,,1,,,,,,,,,,,0,51.70644176,,44.355703986,,3.951447883,0.2384029353,,,,1,1.3156996587,0,,,,,,,-53.42711794,,1.0547059458,-1.055721202,-1333.209428,0.0207317787,13.547728585,-0.003105829,0.0005795175,0.004111331,0.0026857154,0.0398735086,,0.0,-0.009078212,0.4070414587,-0.048964091,3.0,14.083350519,,1.0108507013,1,-0.142502855,0.0150000257,0.0110306518,0.0199858267,0.2861182512,0.720094126,4.0884621e-09,4.0526066e-08,1.0126365595,1.0254328017,0.2559802222,0.0330542113
14478,0.3882710363,0.0203380493,27.48367377,0.0,0.5088774222,0.5432976285,0.0896150019,,,,,,,0.1023352895,,1,,,,,,0.1535888387,,,,0.3562307794,0,2.690544333,,1.8690711051,,27.164650925,10.572374975,0.3530674901,,,1,1.0,0,,,,,,,0.0304149755,,2.5000072631,0.0313985593,-1993.232853,0.1711251104,13.612760128,-0.004916326,0.0062534206,0.0139033294,-0.006522933,0.026006944,-0.000727546,1.0,-0.003407984,1.3966278432,-0.071629209,3.0,14.673714552,,2.322572462,1,-0.067940389,0.0294599514,0.0129839929,0.023685021,0.4593051514,4.3418248752,1.9236171e-09,1.2118304e-08,1.2216966116,1.4925426107,0.1349349903,0.0459176458
14452,0.1728562789,-0.160323659,3.1038872343,0.0,0.0853063057,0.0105283396,-17.17196532,,,,,,,-0.137563107,,1,,,,,,0.8436213992,,,,0.9776618784,0,10.457708574,,10.457708574,,0.0414917035,,-0.429734806,,,1,1.0,0,,,,,,,-8.647546397,,-0.42660587,-8.894915091,-5334.321917,0.0248274717,9.7558913165,0.0,-0.175846305,-0.2604315,-0.010023575,0.9734194038,-1.779093924,0.0,0.0208328953,-0.248895556,0.0086950138,3.0,11.033518242,,9.8670935927,1,-0.25352422,0.3387096822,0.1131541982,0.1321902001,2.1904643941,61.413279121,2.9851252e-07,6.758988e-10,1.5100211521,2.2801638799,0.5000072188,0.1527857174
14426,0.3356865184,-0.163641204,1.9698600737,0.0,0.0179722343,0.0,-5.693572097,,,,,,,-0.118667949,,1,,,,,,0.3348729792,,,,0.9393330438,0,18.86334561,,18.86334561,,0.0,0.0,-0.942047348,,,0,,0,,,,,,,-8.484716158,,-0.42660587,-8.876019933,-5254.414067,0.0248274717,11.46953891,0.0,-0.132725478,-0.142769272,0.0,0.8275094376,10.333333333,0.0,0.006090134,0.0916291265,0.0243696133,3.0,12.01218642,,1.2198365982,1,-0.25352422,0.0618954897,0.0395954747,0.0782247233,0.4437693822,2.5436206591,5.7031662e-08,1.8414476e-08,2.1482385053,4.6149286756,-0.114117151,0.102612437
14467,0.4379319068,-0.156225651,1.232331582,0.0,0.0399770011,0.0009510057,-2.472942608,,,,,,,-0.136748657,,1,,,,,,0.1064127841,,,,0.943700492,0,16.874853458,,16.874853458,,0.0022383655,1.2766666667,-0.207665748,,,1,1.0,0,,,,,,,-8.382470769,,-0.42660587,-8.894100641,-5144.634397,0.0248274717,13.167904376,0.0,-0.111993038,-0.12882875,0.0,0.8572869969,-6.133333333,0.0,0.0060483871,1.2446174032,0.1123518571,3.0,14.198746446,,2.2308638072,1,-0.25352422,0.0801833645,0.0366928427,0.0510496303,0.3428132977,2.3586214043,7.457367e-09,1.4454734e-08,1.2197658206,1.4878286571,0.5274615369,0.0904100227
14503,0.3942619678,0.0837073662,64.598035088,0.119866142,0.7031800617,0.3692506759,0.0489850066,,,,,,,0.071679035,,1,,,,,,0.218035509,,,,0.1498319913,0,1.3922413793,,1.3922413793,,47.501754386,6.2243678161,0.3703858807,,,1,0.3631442478,0,,,,,,,-53.81160512,,-0.158186323,-1.19093868,1324.5530524,0.0207317787,14.911236931,0.0411086418,0.0052614598,0.0154710647,0.0175524476,0.0265316809,-0.077473776,0.0,-0.001923077,-0.181547267,-0.002070016,2.0,15.543752514,,1.6320363898,1,-0.142502855,0.0250812359,0.0127667629,0.0202957813,0.4072263036,3.0470830872,5.58899e-10,1.540429e-08,1.06873415,1.1421926833,-0.019283477,0.0283774508
14457,0.3348367745,-0.063099251,1.8538595473,0.0,0.0194860578,0.0,-15.4381061,,,,,,,-0.053468264,,1,,,,,,0.1082055906,,,,0.9776618784,0,22.374908075,,22.374908075,,0.0,0.0,-0.037676248,,,0,0.0,0,,,,,,,-8.485565901,,-0.42660587,-8.810820248,-5114.492357,0.0248274717,12.320864509,0.0,-0.084506935,-0.088628044,0.0,0.962972138,13.766666667,1.0,0.0094212651,-0.161076534,-0.041218214,3.0,13.183566823,,3.296507495,1,-0.25352422,0.1624203473,0.060137619,0.0748993528,0.5877726351,6.203254469,1.8128541e-08,1.0331125e-08,1.4732673056,2.1705165538,0.0948682858,0.0873901337
14479,0.1634696024,0.0248743392,34.424401078,0.0,0.2531702417,0.921702804,0.1219511103,,,,,,,0.0348774533,,1,,,,,,0.3812801626,,,,0.4144365311,0,1.5581796332,,1.245062438,,48.138648824,7.1078485181,0.1411186885,,,1,1.2428014468,0,,,,,,,-0.139318606,,0.4485269653,0.0164993198,-862.8359518,0.2469190948,13.632618099,0.0052972664,0.0309837614,0.1002675635,0.0518619189,0.0151639521,0.0123717628,2.0,-0.001582278,2.4422205386,-0.186361022,3.0,13.989731516,,1.1448465017,1,0.0957318355,0.018635856,0.0121830757,0.0260369391,0.4478505113,2.360711625,2.4925559e-09,2.0837075e-08,1.2491089699,1.5602732186,-0.055212795,0.0461357217
14401,0.8356397259,0.0511387923,-108.9338123,0.0203530437,1.329903443,0.8472233913,0.0483297597,,,,,,,0.1148925032,,1,,,,,,0.0381702148,,,,0.4568755412,0,1.7009298403,,1.1586716713,,152.29891987,5.5666765621,0.1137572616,,,0,,0,,,,,,,9.5558584388,,-0.020628819,0.0238820141,-5595.327119,0.0257826007,14.930546675,0.0004611983,0.0016286048,0.0040524649,-0.006893387,0.0117554875,0.124560657,0.0,0.0004412089,0.3912055944,-0.006366424,3.0,15.34655639,,1.2464548865,1,0.080304809,0.0132862581,0.0121256486,0.0160947889,0.2253356671,1.0916909343,6.418496e-10,2.1052432e-08,0.4398858829,0.1934995899,0.2920859701,0.024718833
14487,0.6171167633,-0.043430803,7.164611413,0.0,0.3805436893,0.5697422439,0.0028816961,,,,,,,0.0576581347,,1,,,,,,0.4798987021,,,,0.2410683012,0,1.6424116424,,1.0810810811,,20.675724638,4.8298772747,0.0216987137,,,1,1.0,0,,,,,,,1.4322712216,,-1.065658247,0.1493069416,-3115.985657,0.0446872923,13.984256971,0.0007089131,0.0025344527,0.004113463,-0.033214432,0.0292306139,-0.034015569,0.0,0.002712968,0.9190408171,-0.213793803,3.0,14.858980451,,3.4710413233,1,-0.101630079,0.1491160244,0.0534430369,0.0588979438,0.7983437856,23.796727107,1.59723e-09,4.9015565e-09,1.8191936103,3.3094653917,-0.041811145,0.0615688421
14590,0.0770000296,-0.010379604,-183.1412575,0.0,0.1239700476,0.0,-0.055208249,,,,,,,-0.006545003,,1,,,,,,,,,,0.0033119764,0,2.4622356495,,2.4622356495,,0.0,,-0.006772168,,,0,,0,,,,,,,-8.743402646,,-0.42660587,-8.763896987,-5482.430917,0.0248274717,12.660331921,-0.062299301,-0.074682299,-0.078065371,-0.011192048,0.0264841436,0.072920543,0.0,-0.103482311,3.6770035396,-0.29109617,3.0,12.31542201,,0.5734621217,1,-0.25352422,0.0333863348,0.021683681,0.0459667528,0.3899577627,0.7267184317,3.7673666e-08,5.6702601e-08,0.6667389743,0.4445408599,0.6557122701,0.0469882928
14607,0.998801774,0.0729581133,-0.433092688,0.0,0.4866542282,0.3794982499,0.3144692063,,,,,,,0.2582349019,,1,,,,,,0.1097046414,,,,0.7802393108,0,22.861273935,,22.861273935,,0.3385639817,7.6287208367,0.0152918762,,,0,,0,,,,,,,0.1476098611,,0.5733350012,0.1597511041,-9610.776798,0.0331128264,10.440121247,-0.004894437,-0.001281238,-0.002121175,0.0475695979,0.6358593375,-0.000559957,2.0,-0.016239505,8.5692467858,0.0645869514,3.0,9.8485444574,,0.4257258241,1,0.048781298,0.0496454276,0.018125828,0.0251357953,1.0308585998,1.5417050188,5.2909773e-07,5.7929647e-08,0.1228170075,0.0150840173,1.1582411637,0.0325160838
14425,1.3279645173,-0.018176072,-20.8111274,0.0,7.4460114165,0.3925654781,0.0221895999,,,,,,,-0.015143587,,1,,,,,,0.0346922162,,,,0.6826421926,0,1.2156172135,,1.1687207461,,1.1843391294,0.054288907,0.000701837,,,0,,0,,,,,,,0.4077416164,,-0.014465589,-0.094681228,-5445.391042,0.0286434127,10.977887613,0.0006201825,0.0006955999,0.0049056337,0.0155561244,0.0361721213,-0.010729844,1.0,0.0092169534,-0.028051723,-0.012602856,3.0,8.6080589427,,0.0704658147,1,0.0654744878,0.0127999876,0.0080154012,0.0116837875,1.4153686816,0.2683266688,2.7320531e-06,4.0120032e-07,0.2443167349,0.059690667,0.0417864316,0.0170965581
14451,0.2257316547,-0.130514687,1.9994810178,0.0,0.1219918504,0.0353100715,-5.648602068,,,,,,,-0.122531218,,1,,,,,,0.4605954466,,,,0.9634982949,0,4.3893006768,,4.3893006768,,0.1082390953,6.6843335931,-0.087915902,,,0,,0,,,,,,,-8.594671021,,-0.42660587,-8.879883202,-5304.489077,0.0248274717,12.643375416,-0.001681708,-0.054762072,-0.063015677,-0.006541246,0.9707768676,-0.028388818,0.0,0.0,0.4968226606,-0.086342331,3.0,12.883608947,,1.2102294039,1,-0.25352422,0.0555555895,0.026300669,0.0533498193,0.4600989471,2.9846977422,1.3397863e-08,1.6994864e-08,1.1876515104,1.4105161102,-0.057314635,0.0795177609
77528,0.6849540084,0.0651979024,-36.62899471,0.0227455227,4.9045316269,0.2328942028,0.0312804705,0.0951859507,0.0425009761,0.0019503665,0.0995518799,-0.004252109,-0.348696253,0.0879321666,0.0042521086,22,0.0001242383,-0.003164557,0.0231020327,-0.062379725,0.0513419656,0.1232248598,-0.153969953,0.0004722943,0.064909173,0.5767960405,0,1.0063213095,0.0178128721,1.0055190258,0.0177150629,1.8877623654,0.0541402599,0.0150544933,0.0,0.0,0,,0,0.0,0.3372360871,7.0,0.0176532416,0.0004399708,-0.046914591,-0.235268892,0.0228669609,,0.0083945254,-4610.264062,0.0286434127,13.705593759,0.0003057017,0.0030381197,0.0241627325,0.0119887199,0.0185584436,-0.069994019,2.0,-0.000613121,-0.399329266,-0.03729635,5.0,13.286579083,-0.384364365,0.5605188008,0,0.0654744878,0.0323095135,0.0139842738,0.0202746918,0.3905517872,0.889518681,6.4641063e-09,4.8345271e-08,0.942999344,0.8892477627,-0.035124672,0.0280691702
14490,0.5468374554,-0.003620153,2.1511536689,0.0205800925,0.385134631,0.7368203992,0.0504994107,,,,,,,0.0468146275,,1,,,,,,0.1460607641,,,,0.4177497173,0,2.5683527395,,2.465021615,,5.0110849926,8.1386757495,0.0997181453,,,1,1.0,0,,,,,,,-0.239032158,,-0.524898161,-0.107438016,-1249.056086,0.0943163074,13.487389495,-0.004891301,0.0051525824,0.0099799356,0.2126641634,0.0315734849,-0.248813168,0.0,-0.007115136,0.7087012177,-0.039757464,3.0,13.735280809,,1.2164286086,1,-0.075760491,0.0251017567,0.0242583641,0.0308043986,0.4851550877,3.3426509118,3.8875406e-09,1.6853904e-08,1.3175278412,1.7358796122,-0.004790674,0.0416784765
14781,0.0105875116,0.0725765428,6.1558445808,0.119866142,1.1676400061,2.9313076615,0.140429952,,,,,,,0.224096895,,1,,,,,,0.1976593058,,,,0.4377591924,0,1.1534373897,,1.099020223,,46.570633947,7.2738105378,0.2169058034,,,1,1.0,0,,,,,,,-0.775282102,,0.9215101411,0.0698442519,-1551.710066,0.0943163074,12.790294987,-0.010480147,-0.010113184,-0.591134021,0.0078333598,0.0648218765,-0.00211415,0.0,-0.029336735,-0.098588146,-0.052922347,3.0,12.948687162,,1.8731872619,1,-0.075760491,0.3387096822,0.1131541982,0.0469365803,1.1561946954,28.491528911,1.8968124e-08,7.4705145e-09,1.6460522517,2.7094880152,0.148493823,0.0737343236
14637,1.0697835337,0.0324176828,-3.561232177,0.0078249579,1.1286570267,1.2225565218,0.0531499721,,,,,,,0.1047053894,,1,,,,,,0.4417344173,,,,0.1850154237,0,1.1565377532,,1.1123388582,,6.3217726397,6.7233606557,0.1526367075,,,1,0.5087719298,0,,,,,,,0.28391392,,0.9857750737,-0.049547254,549.34283443,0.0943163074,14.221026452,-0.006724138,-0.157576804,-0.318896263,-0.022954223,0.0665847162,0.0762736411,0.0,0.0020997375,2.0232735407,-0.092130199,3.0,15.309075604,,2.4298099945,1,-0.075760491,0.0303030163,0.0148115098,0.0239660585,0.2513492634,2.1515222115,8.02487e-10,1.2158555e-08,1.3346661669,1.781333777,-0.028155175,0.0328784252
14691,0.0958731755,-0.220937483,3.1653881305,0.0,0.1635312562,0.0,-6.291153415,,,,,,,-0.146156406,,1,,,,,,0.2093023256,,,,0.9363589422,0,1.8196881568,,1.8196881568,,0.0,0.0,-0.113935783,,,0,0.0,0,,,,,,,-8.7245295,,-0.42660587,-8.903508391,-5402.904277,0.0248274717,11.021848015,0.0,-0.204569236,-0.331730769,0.0,0.9588645806,-0.066666667,0.0,0.0206185567,-0.095532702,-0.057891248,3.0,11.640021022,,2.9208285353,1,-0.25352422,0.3254437447,0.1001962672,0.114299869,1.0785921158,19.109290352,6.7098415e-08,4.6762559e-09,1.5763360067,2.4848352061,0.2119385567,0.1065757553
13328,0.978493812,-0.115507411,-13.54700051,0.0,0.7523421466,1.3886547646,-0.031497609,,,,,,,-0.110644255,,1,,,,,,1.0214221958,,,,0.3084053602,0,1.3234410345,,0.8912859989,,23.542741528,3.0491164284,-0.083460816,,,1,1.0,0,,,,,,,0.6128804055,,0.0744744517,-0.118335298,-4316.941699,0.0410566741,10.893184732,0.0411086418,-0.078717129,-0.122154786,0.0248443808,0.0138736568,0.0089045789,0.0,-0.378600823,-0.220474979,-0.066987254,3.0,10.317662606,-0.495717283,0.4409100142,0,-0.131569503,0.0952381194,0.0317280019,0.0601327225,0.433401635,0.5129097632,4.1844306e-07,8.8097658e-08,1.793381853,3.2162184707,-0.095912781,0.0904763434
15092,0.1035611133,-0.00350028,9.0787853925,0.0,0.3103830482,0.0604270278,0.1101912857,,,,,,,0.0053120323,,1,,,,,,0.3791726738,,,,0.7585975362,0,51.70644176,,44.355703986,,0.6195726769,0.2010046961,-0.015515193,,,0,0.0,0,,,,,,,-0.662487468,,0.4597151049,-0.47314577,5860.8062957,0.1473165608,14.918424792,0.000289181,0.0001986278,0.000953958,0.0221011656,0.1430182378,0.005433056,3.0,0.007558579,0.8264204383,0.0533198472,3.0,16.034523927,,3.4905442835,1,-0.258063742,0.0797872245,0.0356774261,0.0541211913,0.3805345638,6.6346399076,6.708519e-10,6.7029424e-09,1.7714458085,3.1380202523,-0.066914648,0.0643728075
14608,0.0154305966,0.0199216846,24.115895882,0.0088248525,0.8536034999,0.4847584127,0.1060282167,,,,,,,0.0334673469,,1,,,,,,0.4600091424,,,,0.1551898896,0,0.9790675791,,0.9790675791,,16.825024457,6.6990585636,0.0631899139,,,1,0.8808407918,0,,,,,,,3.7934533658,,-0.354192423,1.0280396248,1193.8844416,0.0288563477,15.897718396,0.001616088,0.0242395545,0.395873409,0.0149344247,0.0248878411,0.012751991,1.0,0.0,0.790042267,-0.007238032,3.0,16.467167427,,2.2507000982,1,-0.111549313,0.0328454152,0.0112734706,0.0235067248,0.4759706737,7.0011271864,1.407894e-10,1.0059158e-08,0.9011224462,0.812021663,-0.024481213,0.0294200174
79747,0.8993126264,0.0483584268,-44.87804262,0.0234422189,5.8675853569,0.3091717318,0.0271943565,0.7620126654,0.0738656185,0.8082559257,0.7069500515,-0.012585753,-1.380331235,0.1151090737,0.012585753,22,-0.002889108,0.4351219512,0.5873402543,-0.178429296,0.0778780288,0.1870059964,-0.222701185,0.0085639631,1.2317160271,0.5494488665,0,0.9784951328,-0.000732865,0.9659681101,0.0144148148,2.5231277202,0.0632774843,0.0153926912,0.0,0.0,0,,0,0.0,0.7039651879,5.0,-0.018776887,0.008597311,0.3913719172,-0.020910274,-0.27297905,,0.0355714325,-4410.957782,0.0286434127,13.962363934,0.0002501969,0.0024294097,0.0184337347,0.0007538545,0.0235958144,-0.016978875,1.0,0.0004166667,0.8441277425,-0.015609666,6.0,13.861600933,-0.09799322,0.7621735256,0,0.0654744878,0.031906601,0.0120874131,0.0184170396,0.3909971771,1.1022182051,3.4582841e-09,3.5680184e-08,0.7868983669,0.6192090399,-0.088608104,0.0276434143
14535,0.4506404862,-0.299541842,0.9921349464,0.0,0.0657752844,0.0,-9.880911436,,,,,,,-0.221985351,,1,,,,,,1.2952380952,,,,0.9463429737,0,7.5522674865,,7.5522674865,,0.0,0.0,-8.628024558,,,0,,0,,,,,,,-8.36976219,,-0.42660587,-8.979337336,-5467.153457,0.0248274717,11.850152316,0.0,-0.168625875,-0.195079427,0.0,0.9734194038,0.0333333333,0.0,0.0028429282,0.101173064,-0.082491319,3.0,13.016112431,,2.691765435,1,-0.25352422,0.0884354562,0.0398212331,0.0629726316,0.4779601066,3.698008001,2.4997947e-08,1.3077442e-08,-0.050958073,0.6697484588,0.7241079241,0.1832419965
14530,0.2764945407,-0.086337948,2.5654352298,0.0,0.0244301817,0.0854564248,-2.979527322,,,,,,,-0.061120386,,1,,,,,,0.4937931034,,,,0.9642670146,0,12.587563452,,12.587563452,,0.3136041709,3.8154375239,-1.450486716,,,0,,0,,,,,,,-8.543908135,,-0.42660587,-8.818472371,-5313.679607,0.0248274717,11.041424907,0.0,-0.129416283,-0.145410492,-0.000416175,0.9104045496,-0.031628651,0.0,-0.003472222,0.8681745584,-0.014660823,3.0,10.714273755,,0.8421424303,1,-0.25352422,0.1126761213,0.0397823409,0.0738412835,0.7509330664,6.19382313,9.6037897e-08,1.5941258e-08,0.9661784936,0.9335008815,0.3603999181,0.0707558639
14667,0.1823715603,-0.120807192,4.7157542385,0.0,0.009596543,0.0,-2.475617098,,,,,,,-0.057268891,,1,,,,,,0.2113352546,,,,0.9285995602,0,19.316666667,,19.316666667,,0.0,,-0.212893117,,,0,,0,,,,,,,0.9975260186,,-1.065658247,0.0343799159,-5038.622367,0.0446872923,10.535184771,0.0,-0.244049643,-0.262143901,0.0,0.7925231761,-1.433333333,0.0,-0.042284326,-0.432851398,-0.069614626,3.0,10.204610911,,1.1958138547,1,-0.101630079,0.2028471828,0.0722468545,0.1090575194,1.2380362965,27.046924355,3.802894e-07,8.6171943e-09,0.6522176879,0.4253879124,1.0111042853,0.1225782814
14547,0.0591846009,-0.007686626,13.502111177,0.0,0.3372212907,0.0829602181,-0.027807411,0.3642840778,0.1658446164,0.022980389,0.4026182048,-0.040165004,-1.794803894,0.0061093604,0.0401650037,2,0.0,0.3636363636,0.4079361374,-0.066931587,0.08505834,0.5360189278,0.1103611786,0.0118924323,0.1804595431,0.1258040547,0,1.1136956161,-0.035765535,1.1136956161,-0.035765535,1.8557803539,135.24394619,-0.010215384,0.0,0.0,0,,0,1.0,0.9611231812,4.0,-1.598182338,,0.050604602,0.1732287705,-0.42524987,-0.776276938,0.0935161864,-2941.828221,0.0278203388,14.484462886,0.0001355051,-0.004767205,-0.031929727,0.0090745597,0.1171061502,0.0073752138,1.0,0.0033344448,0.4389680121,0.2400157601,4.0,14.390858713,-0.052533984,1.4548953494,0,-0.111549313,0.0477493815,0.0200844681,0.0376441134,0.386821576,2.0567984736,1.7021038e-09,1.5757679e-08,2.2031330956,4.8537954371,-0.079169333,0.0632092577
14504,0.1916849833,-0.016229893,5.5341340296,0.0,0.0380195155,0.1535214729,-0.194007588,,,,,,,0.0079321839,,1,,,,,,0.5802196937,,,,0.7569824627,0,4.9798904173,,4.9798904173,,1.1028770359,4.3430602613,-0.000373577,,,1,1.0,0,,,,,,,3.9697077526,,0.1119278668,1.0025044618,-2789.926558,0.0288563477,13.76933414,-0.00330494,-0.028994752,-0.034679957,-0.002772672,0.5859396444,0.0039396662,0.0,-0.006666667,0.6779144746,0.0836807471,3.0,13.975442189,,1.5126362208,1,-0.111549313,0.0571955591,0.0294494171,0.0513402167,0.5310200124,2.7219150898,7.0720424e-09,2.2749976e-08,1.4250059583,2.0306419812,0.1952879101,0.0939513283
14580,0.2144869731,-0.031107208,3.1128107709,0.0,0.2794184596,0.2087279832,-0.094351007,,,,,,,0.0110698547,,1,,,,,,0.8237036062,,,,0.6779920636,0,1.5412818487,,1.5412818487,,1.2838128612,0.9401802397,-0.039482292,,,0,,0,,,,,,,3.9925097424,,0.1119278668,1.0056421327,-3634.142678,0.0288563477,13.743285795,-0.008652823,-0.006985166,-0.014364003,0.0498903518,0.2375060764,-0.00318795,1.0,0.0130763937,4.797326047,-0.093509079,3.0,14.588847082,,2.423917903,1,-0.111549313,0.0314795598,0.0167046722,0.0278294059,0.3495568799,3.670790738,1.1157106e-09,8.8809296e-09,1.5234091483,2.3207754331,-0.08486897,0.0675083382
14538,0.2669509315,-0.139714848,2.5885772929,0.0,0.0129725664,0.0,-17.17196532,,,,,,,-0.116002108,,1,,,,,,,,,,0.9776618784,0,21.538461538,,21.538461538,,0.0,,-0.01413086,,,0,,0,,,,,,,-8.553451744,,-0.42660587,-8.873354092,-5450.160827,0.0248274717,11.808344693,0.0,-0.12253418,-0.12613405,0.0,0.9734194038,0.0,0.0,-0.008154548,-0.170168383,-0.085255783,3.0,11.025573687,,0.6976751674,1,-0.25352422,0.1346534193,0.0471032617,0.0729855954,0.7447333695,3.3520667418,1.3819058e-07,3.1092869e-08,0.2937817126,0.0863076947,1.1158647675,0.0722621713
15219,-0.090671181,-0.126785898,23.622651764,0.0693133945,0.0171251094,0.0,0.9227535636,1.6871564218,0.0,0.2055306023,-0.607215241,-0.529527965,-0.325829384,-0.085475327,0.5786463093,2,0.0,1.6666666667,,,,0.1951219512,1.9268292683,0.0334832584,2.4984657347,0.8567732937,0,2.7058823529,-0.373360242,2.7058823529,-0.373360242,0.0,,-4.17112922,1.0,0.0,0,,0,1.0,0.0,1.0,,,1.4740690676,-0.15800525,15.554503655,-0.696480341,0.2477523765,-5122.130509,0.0238858186,10.214715239,0.0,-0.305513595,-0.811535723,0.0,0.6275402943,-0.766666667,1.0,-0.072408794,-0.863546587,-0.060569122,5.0,12.126582346,,2.3059270061,1,-0.25352422,0.0446428135,0.0356198863,0.0664843357,0.5419338764,5.2313485761,1.0999059e-07,9.2181576e-09,2.814569087,7.9217991455,0.3298207959,0.1109283612
14502,0.1651348184,-0.080547626,4.3831236168,0.0,0.044129677,0.042743478,-2.805144193,,,,,,,-0.051208758,,1,,,,,,0.3730027548,,,,0.9080428532,0,5.245824102,,5.245824102,,0.2369312455,3.9199759326,-3.558219754,,,0,,0,,,,,,,3.9431575876,,-0.888072133,0.9433635199,-3167.475158,0.0288563477,11.929757695,0.0,-0.10156714,-0.136659836,0.0184532873,0.7959853561,0.0649664196,1.0,0.0,1.9837933351,-0.27613939,3.0,12.10955192,,1.4595504381,1,-0.111549313,0.0596591011,0.0317826477,0.0571854425,0.3720436455,1.5941681188,4.8910778e-08,2.4168484e-08,1.984524414,3.9383371496,-0.10781236,0.0933214557
14456,0.186451296,-0.101276135,2.9047494207,0.0,0.1144476093,0.1075970903,-1.707202993,,,,,,,-0.077986623,,1,,,,,,0.3023255814,,,,0.9142217521,0,2.6099926163,,2.5462958405,,0.4470635051,2.6177357456,-0.565404448,,,0,,0,,,,,,,-8.63395138,,0.5733941298,-8.835338608,-5369.861157,0.0248274717,13.358633201,-0.004081556,-0.084012923,-0.105424685,0.0025335151,0.7853227073,0.2362953216,0.0,-0.000945563,0.0067369471,-0.117137128,3.0,15.633636609,-0.113336464,6.6003453569,0,-0.328877875,0.0597886257,0.0568724221,0.0720886352,0.4526617341,29.093094084,1.8371933e-09,2.6482684e-09,1.5275391745,2.3333759296,0.3411343898,0.103975169
14573,0.2793420779,-0.116815337,13.509587009,3.67656e-05,0.8522857281,0.3388461235,0.0580761393,,,,,,,0.0992261297,,1,,,,,,0.0590323284,,,,0.5053899049,0,1.3214646419,,1.3214646419,,8.8928152052,24.461365116,-0.138292826,,,1,1.0,0,,,,,,,-53.92652501,,0.5280772347,-1.163391586,541.34075242,0.0207317787,14.242004003,-0.000233254,0.005479607,0.020943964,0.0039033029,0.0375029825,-0.191439501,1.0,0.0020731255,1.124484742,-0.114091051,3.0,15.10573789,,2.9348721924,1,-0.142502855,0.0680272281,0.0213367717,0.03064017,0.5009746096,8.3035405607,8.478789e-10,7.1573135e-09,1.302230333,1.6958038401,0.0774935591,0.0316351224
89828,0.8666620697,0.0677086404,-49.44866381,0.0395390927,5.9414233001,0.3778386401,0.0322493713,0.0199684334,0.0531375153,-0.004052063,0.0207812133,-0.004353405,-0.433448788,0.0970568686,0.0043534047,16,0.0001536071,0.0424836601,-0.017206823,-0.075857835,0.0769971469,0.0876273339,0.0217401019,0.0014692737,0.0144310639,0.5408426526,0,0.8858049116,0.0275391792,0.8835178508,0.0274171182,3.2168287307,0.0772477324,0.0131927433,0.0,0.0,0,,0,0.0,0.415156895,6.0,-0.000996937,0.001415087,-0.001266374,-0.053560831,-0.312900942,,0.0175192273,-5170.149542,0.0286434127,12.866747861,0.0002317527,0.0027073508,0.021135025,0.0191811255,0.0380646718,-0.028106152,3.0,-0.000520291,0.8334649255,0.0122788739,7.0,12.180667358,-0.007217748,0.515259652,0,0.0654744878,0.0206825025,0.0104968331,0.0147093045,0.3670575188,0.8533869753,1.1740495e-08,4.8066287e-08,0.6350167534,0.4032462771,-0.009950192,0.0218463121
14555,0.3074938878,-0.105664107,2.1692849102,0.0,0.0127227573,0.0,-12.50348712,,,,,,,-0.072851335,,1,,,,,,0.149859944,,,,0.9776618784,0,24.976750903,,24.976750903,,0.0,,-0.932051761,,,0,,0,,,,,,,-8.512908788,,-0.42660587,-8.830203319,-5003.065707,0.0248274717,12.493605028,0.0,-0.092817453,-0.096013682,0.0,0.9734194038,-8.333333333,0.0,0.0156114484,-0.584171759,-0.014853731,3.0,12.307545762,,1.0511060519,1,-0.25352422,0.1144219339,0.0397998116,0.074977324,0.4447127516,2.0147868872,2.9836699e-08,2.6095944e-08,1.4594003871,2.1298494898,-0.100005928,0.0875983837
14915,0.4458051116,0.0285459113,0.177741537,0.0,1.0447503575,3.0463257353,0.0535389489,,,,,,,0.108033664,,1,,,,,,0.1264004643,,,,0.2415419825,0,1.407910647,,0.6271763366,,33.077615656,102.84129663,0.0991229201,,,1,1.0,0,,,,,,,-0.302922447,,-0.704253688,0.1968573661,-5485.931775,0.1057354468,13.974777799,0.0021433434,0.0070977448,0.0230848265,0.098619807,0.0683706978,0.0059161026,2.0,-0.000636537,1.1471170445,0.136400925,3.0,13.482644538,,0.5014381461,1,-0.208549392,0.0511658005,0.0243379952,0.0288009238,0.6010098413,2.1275446573,8.0742452e-09,4.0553892e-08,0.8406558942,0.7067023324,-0.017407842,0.0418101433
14495,0.3608507385,-0.129744086,0.8772506392,0.0,0.3378689952,0.670794113,-0.371601367,,,,,,,-0.1141165,,1,,,,,,0.9388682746,,,,0.7894314472,0,2.4240079225,,2.1311452218,,1.953179914,3.324019036,-0.51596191,,,0,,0,,,,,,,-0.004762668,,0.0744744517,-0.121807543,-4183.407299,0.0410566741,12.860950317,-0.000152351,-0.050155775,-0.106001679,0.0194017626,0.5648716839,0.0156979216,3.0,0.0050083472,2.6068206886,0.2203619927,3.0,12.735473804,,1.1149509082,1,-0.131569503,0.0581196845,0.0319913279,0.0359708809,0.4665762109,3.053851137,1.0743871e-08,1.8773776e-08,2.0603671958,4.2451129816,0.0960896296,0.074498182
14751,0.6175294004,-0.023496241,-11.75659722,0.0,2.4845768267,8.2257963184,0.0293615162,,,,,,,0.0060246771,,1,,,,,,0.0996290408,,,,0.5707422412,0,2.3018446716,,1.5108682881,,128.58506944,6.2921586951,0.0175543494,,,1,0.8045718568,0,,,,,,,4.5743497937,,-3.059333059,0.2595521837,-2066.922214,0.1062765098,13.394466263,0.0072374095,0.0057294136,0.0284257989,-0.286150644,0.0210389713,-0.003634885,3.0,-0.004564984,0.697133438,-0.147131691,3.0,12.743573884,,0.5426119201,1,0.0239123439,0.0460927598,0.022018987,0.0326914238,0.3516433546,0.9020147756,1.3175827e-08,4.3216699e-08,1.270481669,1.6141236713,0.3196120781,0.041300317
14531,0.4389283263,-0.156183551,1.1580036358,0.0,0.0291710759,0.0,-17.17196532,,,,,,,-0.115904103,,1,,,,,,0.2333333333,,,,0.9776618784,0,16.04647785,,16.04647785,,0.0,0.0,-0.05518432,,,1,1.0,0,,,,,,,-8.38147435,,-0.42660587,-8.873256087,-5310.247517,0.0248274717,12.784381322,0.0,-0.125108406,-0.130048347,0.0,0.9734194038,1.6666666667,0.0,-0.016563147,0.0374524006,-0.143044498,3.0,13.582119518,,1.5585222635,1,-0.25352422,0.032186456,0.0174116939,0.0444589197,0.3616153413,1.8046849087,8.8368677e-09,1.9980135e-08,1.8530392773,3.4337545631,0.1511110782,0.1251069671
11397,0.5146418924,0.0606728696,-35.17150682,0.0305890898,4.8161914048,0.258402161,0.0267524059,0.1248114142,0.0471656548,0.0079451065,0.1333838832,0.0112551528,0.9340339016,0.0040023525,0.0112551528,22,0.0101246491,0.0350877193,-0.025562132,-0.188295325,0.0185638151,0.137370431,-0.119484308,0.011412831,0.0504571571,0.5969206231,0,1.0724875473,0.0622337471,1.0554740821,0.0506029285,2.2761631713,0.0614099129,0.0146237198,0.0,0.0,0,,0,0.0,0.4562621721,6.0,0.0198453838,-0.00416384,-0.008662315,-0.405581008,1.7350979892,,-0.075535289,-4825.628542,0.0286434127,13.345418042,2.51765e-05,0.0028009506,0.0284213193,0.0030364128,0.0289659185,-0.011576055,0.0,-0.001820546,0.6426613073,-0.011326917,4.0,12.715692695,-0.105076317,0.4833831546,0,0.0654744878,0.0258620773,0.0124181312,0.0179000835,0.3532196231,0.9815234404,6.3197191e-09,3.9211779e-08,0.9688635971,0.9386966698,0.0369486359,0.0251959549
14516,0.1207638123,-0.030036441,5.7599220177,0.0,0.0885244333,0.1210529478,-0.394944943,,,,,,,-0.008086617,,1,,,,,,0.2204524594,,,,0.7547383887,0,3.1782163165,,3.1782163165,,0.8815226594,15.803674855,-0.068079387,,,1,1.0,0,,,,,,,3.8987865815,,0.1119278668,0.9864856614,-3580.748918,0.0288563477,13.751417339,0.0004576247,-0.041345009,-0.066010575,0.0073447502,0.6099388572,0.0293531715,0.0,0.0,0.0517226573,0.114830411,3.0,13.881951868,,1.1419855372,1,-0.111549313,0.0310146548,0.0205746868,0.0302539059,0.4240570863,1.9160560639,5.0537534e-09,2.6081988e-08,1.6903228464,2.8571913252,-0.046315759,0.0609918125
14554,0.1098969707,-0.036210272,7.912331903,0.0,0.0312517911,0.137652477,-1.071237074,,,,,,,-0.014590746,,1,,,,,,0.355292376,,,,0.8032022134,0,3.7860989566,,3.7860989566,,1.2681498694,148.08907823,-0.070628565,,,0,,0,,,,,,,-1.568662198,,-3.39269878,1.2635077665,-365.08202,0.1078503062,14.078610261,0.0,-0.066895202,-0.102147137,0.0053140473,0.7670707857,-0.003785189,1.0,0.0016713092,0.4140854037,-0.059056921,3.0,14.724729964,,2.3248424558,1,-0.219751184,0.0590468831,0.0177849485,0.0405131277,0.2968527453,1.944075496,1.558321e-09,1.2375893e-08,1.4928935647,2.2287311956,0.1263605251,0.0751821062
14498,0.2632172109,-0.138295966,0.8566174371,0.0,0.3896954456,0.621401725,-0.624431941,,,,,,,-0.039594603,,1,,,,,,0.2650643196,,,,0.8666311853,0,2.5039033457,,2.3485130112,,1.4003100649,5.5595059729,-0.635972131,,,0,0.0,0,,,,,,,-0.102396196,,0.0744744517,-0.047285646,-4230.071819,0.0410566741,12.566008899,0.0009225664,-0.079019033,-0.257911702,0.0259787894,0.667516936,-0.035718095,2.0,0.0016722408,0.8161596288,-0.037582426,3.0,12.162440985,,0.7561810779,1,-0.131569503,0.0735009909,0.0198774166,0.0332107311,0.5541100329,3.7669747573,8.8109862e-09,2.185725e-08,0.9890899615,0.9782989519,-0.264567141,0.0644859171
14567,0.25901731,0.0081562071,6.3712930762,0.0,0.0703175781,0.0853414978,0.0699451666,,,,,,,0.0245072794,,1,,,,,,1.4176716866,,,,0.3547297137,0,3.1802981848,,3.1802981848,,0.8107409856,7.0272372464,0.2143057657,,,0,,0,,,,,,,4.0370400792,,0.1127462793,1.0190795574,-1259.631958,0.0288563477,14.612507462,-0.000470715,0.0065476514,0.0082022628,0.0114970285,0.2858240071,0.027451481,0.0,-0.000410846,5.1278070484,-0.206273258,3.0,16.146116935,,4.763223438,1,-0.111549313,0.0558848269,0.0198397919,0.0328416843,0.3050051015,4.5651046656,4.731381e-10,6.558319e-09,1.4992527056,2.2477586754,0.0806601875,0.0546884755
14596,0.1889596138,-0.171006346,1.8358844793,0.0,0.3402431616,0.4666039351,-0.979893906,,,,,,,-0.109878343,,1,,,,,,0.5141197995,,,,0.7779945097,0,2.7382998454,,2.7382998454,,1.3169410773,12.369766047,-0.072019976,,,1,1.1655122037,0,,,,,,,3.966982383,,0.1119278668,0.8846939347,-4013.458998,0.0288563477,13.080309374,0.0003035922,-0.057831878,-0.197808667,0.034349088,0.6018104582,0.0140915715,4.0,0.0135135135,5.6521318469,0.2535581589,3.0,13.570303232,,1.4929188855,1,-0.111549313,0.0542099513,0.0229991442,0.0401623872,0.3911443219,2.1886023274,7.8368518e-09,1.858679e-08,1.8156596562,3.2966199871,0.1764888402,0.0746332141
14578,0.1406276585,-0.058246896,,0.0,,0.1791854826,,,,,,,,-0.01794938,,1,,,,,,0.4073110005,,,,0.8733499461,0,2.0786441185,,2.0786441185,,1.0215867966,3.5387518942,,,,1,,0,,,,,,,3.9186504278,,0.1119278668,0.9766228979,-3517.627998,0.0288563477,12.951773151,-0.000392881,-0.049077757,-0.093592667,0.0111867201,0.445376914,-0.025981565,1.0,0.0089786756,1.7677735908,0.0003128224,3.0,12.965799871,,0.844266836,1,-0.111549313,0.0629921928,0.0312179229,0.0467532054,0.3549191428,1.0230701417,2.8357912e-08,4.1897417e-08,1.0858948815,1.1791676937,-0.129150623,0.0676866673
14594,0.1704685714,-0.137303405,2.1648390983,0.0,0.3157350908,0.1974900745,-0.736976793,0.5323679727,0.1409101971,0.2308931349,0.2127762124,-0.09291961,-0.271880492,-0.099973287,0.0929196098,2,0.0037239921,0.012295082,-0.035791706,0.0146314887,0.0566181522,0.2274648495,0.036820333,0.0046696276,1.9933898305,0.8315914,0,8.3309557775,0.5381512434,8.0352557571,0.5724869153,0.5666315877,7.7604779063,-0.432501717,0.0,0.0,1,1.0061749434,0,0.0,0.1540677966,4.0,-16.55758049,,-0.293813018,0.1031345024,10.669083755,0.3035196586,0.2332544161,-5028.092319,0.0238858186,11.511426747,0.0,-0.145613059,1.0433494835,-0.008715991,0.7168466608,0.0096064089,0.0,-0.002139037,0.003842338,0.0002659601,5.0,10.5222667,-0.125577999,0.4712700407,0,-0.25352422,0.0979021192,0.0467936792,0.0773955359,0.7986358224,1.949800872,4.0432321e-07,6.3333756e-08,1.8173210421,3.30265577,-0.285306583,0.0877950339
14574,0.1637139174,-0.004361418,1.1387234439,0.0260512209,0.4197271469,0.7511572927,0.7674481259,,,,,,,0.3025060649,,1,,,,,,0.3090760425,,,,0.4795853949,0,11.397375302,,11.397375302,,2.6097083667,18.59718936,-0.001682388,,,0,,0,,,,,,,-0.270829683,,-0.111916426,0.2745015307,-6368.543984,0.0558672041,13.262499063,0.0015985735,0.0255866027,0.0745414115,0.0437102866,0.1966764839,-0.004511046,2.0,0.0003808073,0.2705067043,0.0439211112,3.0,13.638344345,,1.4337747805,1,-0.168614603,0.0347504839,0.0174510771,0.0290553114,0.4686250971,3.0571466622,3.5002067e-09,1.5529942e-08,1.2902916064,1.6648524296,0.0208287142,0.0324936302
14528,0.3384164648,-0.096216756,2.637332944,0.0,0.0183665672,0.0093138516,-0.867276487,0.164933404,-0.3120648,0.1700042608,0.8318863457,-0.05767957,-0.198741673,-0.077094477,0.0576795699,2,0.0,0.9444444444,1.0850310009,0.2718893171,-0.108595066,0.7866108787,-0.053240799,0.0023253711,0.1423610647,0.693415785,0,13.815596726,-0.53591492,13.815596726,-0.53591492,0.0381888678,2.6659116648,-6.672798216,0.0,0.0,0,,0,1.0,-0.322626314,3.0,-12.33604753,,0.638336344,0.2710823958,11.791054288,-0.696480341,0.2561332264,-4982.555829,0.0238858186,12.554256146,0.0,-0.101171069,-0.106661834,0.0438402557,0.7897832729,-0.045158918,0.0,-0.028158295,-0.115739662,-0.002116954,5.0,12.996924876,0.6822074193,1.565343534,0,-0.25352422,0.1161511689,0.0461418043,0.0669137755,0.4540806861,3.203618791,1.8378249e-08,1.4481602e-08,1.4975895069,2.2427743313,-0.84968394,0.104266406
14556,0.223576551,-0.325524774,3.3739234799,0.0,0.0179026848,0.0,0.9227535636,,,,,,,-0.111399242,,1,,,,,,0.2448844884,,,,0.9549654143,0,12.755980861,,12.755980861,,0.0,,-27.83507692,,,0,,0,,,,,,,1.0387310093,,-2.065658247,-0.019750435,-4979.081487,0.0446872923,12.035803744,0.0,-0.24206572,-0.264159834,0.0228601017,0.7728722344,-0.214585007,3.0,0.3043478261,4.823868315,-0.085979849,3.0,14.387000577,,7.6593174268,1,-0.101630079,0.0668523014,0.0339859631,0.0575053303,0.4069305104,8.6818856256,9.3574072e-09,5.084794e-09,2.4311333976,5.9104095969,-0.001161933,0.0953613796
14499,0.2466842558,-0.105206986,3.8126065661,0.0,0.1643270543,0.2462057661,-0.38807864,,,,,,,-0.031530956,,1,,,,,,0.3790541064,,,,0.5499482588,0,1.6612552661,,1.6612552661,,1.5720139663,4.0778036354,-0.553742686,,,1,1.0,0,,,,,,,4.0247070251,,0.1119278668,0.9630413219,-3971.093038,0.0288563477,11.767076059,-0.001538726,-0.052967643,-0.115200677,0.0082403623,0.1899648506,-0.040918616,1.0,0.009478673,0.0621658551,-0.031349225,3.0,11.702069749,,0.9250389039,1,-0.111549313,0.0359999649,0.0184804254,0.0349964214,0.5665087966,2.3891893915,2.6940588e-08,2.9014104e-08,1.8130823445,3.287267588,-0.158199986,0.0686183081
14658,0.3314241869,-0.076474515,41.819333976,0.0,0.056645794,0.2393757334,-0.148401364,,,,,,,-0.038677739,,1,,,,,,4.743872549,,,,0.2204526812,0,2.9596436501,,1.4809319057,,16.358951889,5.5005451277,-1.556818434,,,0,,0,,,,,,,0.3040660437,,0.1809489431,0.0345155036,-2334.276483,0.0318276958,13.421795313,0.0001483689,-0.031330896,-0.036564282,0.0096313558,0.1462679803,-0.004537005,0.0,-0.002150538,0.1969660771,0.0937396213,3.0,13.840077928,,1.1161785384,1,-0.095378135,0.051921811,0.0205139597,0.0473858605,0.4113982145,1.7777811281,5.7705222e-09,2.4240949e-08,1.2144360614,1.4748549472,-0.157656677,0.0558903858
14645,0.3146857731,-0.140510003,1.7276616395,0.0,0.1644833153,0.0,-1.288309205,,,,,,,-0.126753535,,1,,,,,,0.0010791964,,,,0.8504470507,0,4.5580516014,,4.5580516014,,0.0,,-0.176555605,,,0,0.0,0,,,,,,,-8.505716903,,0.5733941298,-8.884105519,-5432.947057,0.0248274717,12.022107853,1.64317e-05,-0.152590191,-0.228516621,0.0,0.7153308523,-9.4,0.0,0.0,-0.791447252,0.0309584932,3.0,11.165597847,,0.3971517703,1,-0.25352422,0.0270270389,0.0215051571,0.0373482501,0.6615631455,1.1344836357,1.0159597e-07,9.8887483e-08,2.082309401,4.3360124416,-0.26270836,0.0891301
14684,0.4509495197,0.0629315999,13.914318841,0.0076554724,0.3713205509,1.0091962116,0.1183814681,,,,,,,0.0566022723,,1,,,,,,0.0751392667,,,,0.5334298072,0,2.444789357,,1.1419068736,,48.527536232,10.019150209,0.5108629148,,,1,1.0,0,,,,,,,-0.428024685,,-1.116546736,-0.044756744,-824.2717801,0.0979159386,13.241679087,-0.023568062,-0.025061025,-0.042197561,-0.450476633,0.0260972716,-0.005963041,0.0,0.0098814229,0.3056856851,-0.026608697,2.0,14.420314262,,3.9664706769,1,-0.200344257,0.1809701025,0.0577549009,0.0837190486,0.4384089119,6.0241261996,5.6718688e-09,6.0656551e-09,3.3482519805,11.210791325,0.1744426702,0.1108553584
14647,0.1563989417,-0.129096326,3.8193151167,0.0,0.0622957593,0.0,-17.17196532,,,,,,,-0.118867178,,1,,,,,,0.0769230769,,,,0.9712023444,0,6.5963855422,,6.5963855422,,0.0,,-0.026060105,,,1,1.0,0,,,,,,,-8.664003734,,-0.42660587,-8.876219162,-5507.186657,0.0248274717,11.021770137,0.0,-0.099326997,-0.106740682,0.0,0.9734194038,3.5333333333,0.0,-0.010291595,-0.8426508,-0.014422641,3.0,10.465348831,,0.7713373829,1,-0.25352422,0.1290322393,0.0344936751,0.0699271327,0.5697439804,3.1885962356,1.3787184e-07,2.407843e-08,0.3220187592,0.1036960812,0.362136068,0.1159052826
20395,0.5176290773,0.061318463,-41.05971389,0.0249680816,3.8315188324,0.1705458622,0.0315413289,0.1069702221,0.0433649559,0.0049634621,0.1029565185,0.002324166,0.1568817835,0.0516987132,0.002324166,32,-0.000713386,0.0204081633,0.1211152445,0.0386472728,-0.002173537,,,-0.000637513,0.1376134071,0.3849823059,0,0.695094152,-0.067707984,0.6940883815,-0.066330988,2.1771668949,0.0770019605,,0.0,0.0,0,,0,0.0,0.3744408184,4.0,-0.023280352,0.0031039192,-0.023341871,-0.402593824,-0.98802389,,-0.027838928,-3802.076962,0.0286434127,14.431834529,0.000367918,0.0036228015,0.0311927078,0.0015989834,0.0447672853,0.0110439854,2.0,0.0005988024,-0.206987668,0.0210811663,3.0,14.815199446,-0.131855682,1.2568162564,0,0.0654744878,0.039426513,0.0152099366,0.0211242464,0.3964116043,2.1258689694,1.1194187e-09,1.7761014e-08,1.2644147993,1.5987447846,0.0041298085,0.0243296363
14619,1.9561226694,-0.430991686,-2.411237876,0.0633573259,2.2093034682,2.1496600352,0.1419002788,,,,,,,0.6273066775,,1,,,,,,0.140152031,,,,0.5756959945,0,3.9171908376,,3.8055065391,,3.5808616329,5.8837650465,-0.001816214,,,1,1.0,0,,,,,,,1.6981706943,,-1.447917782,0.5433384141,-3751.976592,0.1744310206,12.005666614,-0.014512922,-0.063466421,-0.142702664,-0.859619914,0.0113034431,-0.989586849,0.0,0.0,0.4339451164,0.1828843262,3.0,12.392036825,,1.4340911061,1,-0.165367998,0.1043478325,0.052856441,0.0990000759,0.4705209934,2.6026083441,6.029365e-08,1.5754486e-08,3.3482519805,11.210791325,-0.093655851,0.1211765697
14646,0.0656058788,0.0098790873,14.986822201,0.0,0.0057690853,0.0606685531,0.9227535636,,,,,,,-0.05285223,,1,,,,,,0.6043103448,,,,0.8790284964,0,12.126771811,,12.126771811,,0.9791129725,148.08907823,0.0506719611,,,0,,0,,,,,,,-8.754796797,,-0.42660587,-8.810204214,-4645.663227,0.0248274717,14.098227835,0.0,-0.060873153,-0.061824719,-0.027151407,0.7183060923,13.766666667,0.0,-0.004273504,-0.340953313,-0.040344158,2.0,15.856934262,,4.6716762389,1,-0.25352422,0.0719231069,0.0386694185,0.066345002,0.474727853,24.985304856,1.2572528e-09,4.1271176e-09,1.0725619751,1.1503891904,-2.532741672,0.1104817816
14708,0.6234896689,-0.821120595,,0.0,0.2183410658,0.449586942,-2.370205479,,,,,,,-0.230309237,,1,,,,,,0.118616145,,,,0.8275835085,0,3.4112619407,,3.3212669683,,0.8357515961,3.9705882353,-0.308488819,,,0,,0,,,,,,,-1.735925858,,-0.723397809,-0.36767753,-3026.995698,0.2277833408,8.8480568356,0.0,-0.240720941,-0.288038015,-0.081234686,0.8193552747,-0.217328999,0.0,-0.153838187,-0.509877331,-0.106149254,3.0,8.5774657326,,1.0904535126,1,-0.166303822,0.1093465984,0.0523225244,0.1257347996,1.1426684669,10.36801952,3.3180448e-06,1.4475083e-08,1.2058001405,1.4539539789,0.8305250239,0.1484039326
14668,0.3935384867,-0.049841224,1.4042663524,0.0,0.0734669527,0.2239441289,-3.008076457,,,,,,,-0.111501198,,1,,,,,,0.2560496381,,,,0.9090676044,0,9.1386477243,,9.1386477243,,0.5900195391,11.015634047,-0.688735632,,,0,,0,,,,,,,-8.426864189,,-0.42660587,-8.868853182,-5462.416197,0.0248274717,10.903684985,0.0080545229,-0.116376511,-0.132582963,1.97559e-05,0.9584811481,13.766666667,0.0,-0.096153846,-0.498079505,0.006748464,2.0,8.6881437273,,0.143956281,1,-0.25352422,0.0650184155,0.0256858087,0.0421804432,1.3792098248,1.0031293686,2.8728128e-06,1.0690719e-07,0.6567732294,0.4313510748,-0.801637502,0.0736718201
14589,0.4824299032,0.0335333295,1.1741926968,0.0,0.0462998088,0.1831852018,0.5003991656,,,,,,,0.0859211613,,1,,,,,,0.1262214984,,,,0.765496653,0,9.8467118374,,9.8467118374,,0.4564147829,106.57633588,0.0486677109,,,0,,0,,,,,,,-8.337972773,,1.63233685,-8.671430823,-5242.505087,0.0248274717,12.80068105,-0.000408769,-0.101037643,-0.109968103,0.0017938015,0.7563204609,-0.434511386,0.0,0.0005973716,-0.492239078,0.0074239243,3.0,13.879402066,,3.2350194193,1,-0.25352422,0.0822959617,0.0386478148,0.069892481,0.4231832789,8.4229596664,6.6047878e-09,6.9413401e-09,2.1555144708,4.6462426337,-0.055707722,0.1206917844
14951,0.1907687644,-0.005001516,,0.0116119104,0.4361461515,2.0147247418,0.1298979042,,,,,,,0.0662321916,,1,,,,,,4.743872549,,,,0.2995709743,0,1.5886006826,,1.5886006826,,,7.8443486155,0.2085850084,,,1,0.7101522331,0,,,,,,,3.9687915337,,0.1119278668,1.0608044695,-4148.647558,0.0288563477,11.669110087,0.0115299931,0.0337693621,0.0988221647,0.1278527466,0.0009522275,0.0042221138,2.0,0.0194359721,8.6410052323,0.1832278386,3.0,8.9009775233,,0.1012508851,1,-0.111549313,0.0825826153,0.0273921718,0.0191505576,1.0795204863,1.2110150856,5.0635113e-07,1.3930226e-07,0.3978015587,0.1582460801,0.7808076166,0.0416672193
14750,0.1000099497,0.0119789076,3.6182870762,0.0,1.3302159053,0.6844692103,0.0916014385,,,,,,,0.0674161778,,1,,,,,,0.7352941176,,,,0.1592002337,0,1.1535911602,,1.1071823204,,6.0368550369,5.5840909091,0.0475396882,,,1,0.6105402718,0,,,,,,,3.878032719,,-0.688736585,1.0619884558,-644.7787184,0.0288563477,15.463842122,0.0070422535,0.009788567,0.1057082452,0.009025729,0.056084027,0.0141059204,0.0,0.0011922504,0.9332660475,-0.03931706,3.0,16.47987307,,2.3772629046,1,-0.111549313,0.0322922505,0.011776965,0.0215685027,0.322567244,2.8701915815,1.969322e-10,1.1286318e-08,0.7615524187,0.5799620865,-0.15410899,0.0379533425
14834,0.1049882224,-0.006604771,11.378346068,0.0,0.1071060891,0.1697904828,0.002403371,,,,,,,-0.020691185,,1,,,,,,0.2214249103,,,,0.7843085833,0,1.922213671,,1.922213671,,2.4519874657,1.2915088687,-0.00339809,,,0,,0,,,,,,,3.8830109917,,0.1119278668,0.9738810925,-3561.574658,0.0288563477,13.046452923,-0.00013074,-0.017916545,-0.031325362,0.0517966834,0.3748371088,0.0361444642,0.0,0.0114068441,0.8830340032,0.1146153882,2.0,13.326553074,,1.1186707681,1,-0.111549313,0.031524878,0.020225336,0.0373722918,0.4443036788,2.0988552781,7.8708096e-09,2.0184877e-08,1.8226377631,3.3220084155,0.1092040567,0.0893481433
84516,1.0052138785,0.0341538142,-5.88176686,0.0057832808,8.6846178524,0.4822732484,0.0296684422,0.0058447806,0.0479619649,0.0049536317,0.0081892423,-0.006066342,-1.716090713,0.0927648575,0.0060663415,20,-0.004874146,0.0044893378,-0.056369436,-0.091759902,0.0149859037,0.0640045535,0.0016819205,-0.005457324,-0.013965268,0.5617557477,0,0.8595417166,-0.060565007,0.8379429978,-0.055598232,0.3395791781,0.0924839179,0.0067298746,1.0,0.0,0,,0,0.0,0.4532272069,6.0,0.0148583621,-0.001398472,-0.039260696,0.0849909776,0.1330057032,,0.0132272163,-5227.356442,0.0286434127,12.449920515,-2.7604e-05,0.0006341027,0.0061866357,-4.6914e-05,0.0805722471,0.0078874352,0.0,-0.002680965,0.8137178366,-0.024533749,3.0,11.268360745,-0.136752907,0.2357256223,0,0.0654744878,0.0216948949,0.009701159,0.0205070479,0.5072438438,0.6644799062,3.9700235e-08,1.0215117e-07,0.50485525,0.2548788234,0.3132719962,0.026945757
14588,0.2101629375,-0.017359772,14.356268118,0.0,0.0994621157,0.2976186144,-0.019494744,,,,,,,0.0307664995,,1,,,,,,0.1007552071,,,,0.4871011021,0,2.0664172697,,1.9869986508,,5.843246002,93.231813246,0.0002181517,,,1,0.0128139851,0,,,,,,,-0.044307945,,0.2532562121,-0.033487351,-3559.725152,0.0885157098,13.498184509,0.0184505382,-0.011579623,-0.018205881,0.016746483,0.1041250747,-0.083800328,0.0,0.0005064573,2.4314262777,0.084346042,3.0,15.053757946,,4.1732742938,1,-0.101596569,0.0221039113,0.0187349538,0.0354097994,0.3615260833,5.9617840688,1.5332556e-09,6.3112095e-09,0.9822497023,0.9648144776,-2.021184717,0.0673886744
14603,0.0194753472,0.0396237995,44.999278478,0.0102510477,0.3047969408,0.4920706651,0.1783357969,0.0444505137,0.5360420729,0.007114869,0.014252779,-0.017447478,-0.139747843,0.04516114,0.0174474779,2,0.0136738187,0.0909090909,0.0819133592,0.1061452972,0.0231623465,0.2046947727,0.047257063,0.0087609538,0.9557726583,0.4995686697,0,2.8179246046,0.0586483522,1.4725373429,0.0606268458,25.62263828,6.7380534478,0.1773399764,0.0,0.0,1,1.74393e-05,0,0.0,7.0684064848,8.0,-16.01084773,,-0.215199009,-0.047858722,11.377685909,-0.061349049,0.3783888435,-3713.989749,0.0238858186,12.858400685,0.0018096088,0.0380140194,0.6329485622,-0.000273112,0.0644750121,-0.002422035,1.0,0.0009484666,0.086162858,-0.039399847,6.0,13.94074018,-0.430186589,2.3551655868,0,-0.25352422,0.0227374155,0.0338579915,0.0466383736,0.5968407002,8.2678797941,4.8167345e-09,7.8364527e-09,0.5607129755,0.3143990409,-0.700260055,0.0503322708
14579,0.0523047853,0.0039952791,25.263722908,0.0,0.5113533901,0.1064812774,0.0205358747,,,,,,,0.015758882,,1,,,,,,0.149460548,,,,0.0674949683,0,1.02154037,,1.0212530865,,5.9153047227,40.474389917,0.0181439804,,,1,1.0,0,,,,,,,3.8303275546,,-0.217049707,1.0103311599,-2816.998668,0.0288563477,14.629846526,0.0020537101,0.0055021439,0.0445409286,0.0091482341,0.0621137641,0.0402944493,0.0,0.000278474,1.8054697932,0.197952359,3.0,15.129737605,,2.4291070098,1,-0.111549313,0.0375446454,0.0221834761,0.0347463361,0.3274368685,2.3129222835,1.178793e-09,1.3106639e-08,2.1617688737,4.6732446634,0.0305662787,0.0629174037
14759,0.1186702591,0.0053792674,243.47172044,0.0030771656,0.4537443283,0.7364185916,0.077958325,,,,,,,0.046415839,,1,,,,,,0.1682459616,,,,0.4447327193,0,2.2608530623,,0.8952144296,,325.71708529,7.6482105591,0.1981161644,,,1,0.1486377341,0,,,,,,,0.2831222588,,5.8541623052,0.0695800018,-2530.397694,0.1879227517,14.041816691,-0.002033403,0.0110609301,0.0434719841,0.0106144735,0.00314242,-0.040923222,2.0,-0.002288357,0.8989750893,0.0046752682,3.0,14.610285746,,1.773549422,1,0.0081788241,0.0328638852,0.0170815408,0.0324841305,0.4521858576,4.536175605,1.3402724e-09,1.1485278e-08,1.4981024043,2.2443108139,-0.039495893,0.0399871677
14818,0.6301570706,-0.198406412,-0.317368923,0.0,0.386604289,0.805374266,-0.224408378,,,,,,,-0.118806235,,1,,,,,,1.9328254848,,,,0.1718762713,0,0.5629911591,,0.5629911591,,17.448045758,6.0867974726,-0.033377046,,,0,0.0,0,,,,,,,4.4081798399,,0.1119278668,0.875766043,-4211.695478,0.0288563477,9.2344982171,-0.020714595,-0.061231578,-0.105831904,-0.02260813,0.0747382078,-0.021504576,1.0,-0.016574586,-0.466869049,0.0509928018,3.0,9.0566225797,,0.6115072775,1,-0.111549313,0.0625000075,0.0419452213,0.0730243499,1.4452478532,2.4365632605,7.343673e-06,7.3427309e-08,0.1250000237,0.0156250059,1.2100203599,0.0781701146
14636,0.4179622858,-0.008632827,4.6188020024,0.02746935,0.3819713207,0.2785442134,0.036115942,,,,,,,0.060721721,,1,,,,,,0.202392884,,,,0.3153933233,0,0.8279390269,,0.7430918076,,3.458829622,4.5507608449,0.130281778,,,1,1.3156996587,0,,,,,,,0.0523488793,,0.0744744517,0.0530306781,-4379.076299,0.0410566741,10.366504359,0.009928267,-0.038679321,-0.072137731,-0.117880175,0.039688748,-0.066970747,1.0,-0.022556391,-0.595486757,-0.043028445,3.0,9.6835214513,,0.7631538755,1,-0.131569503,0.1037036926,0.0407053649,0.0679753206,0.8508920925,0.9292686894,2.1815383e-06,9.953945e-08,1.9459582776,3.7867536181,0.3780931665,0.1447472829
14703,0.1669929123,-0.218730293,213.57822256,0.0352898365,0.8288093841,0.2578668647,-0.265911074,,,,,,,0.1365599515,,1,,,,,,0.0905964288,,,,0.4338000243,0,1.7676629247,,1.7676629247,,150.94746559,6.8351751079,-0.26671442,,,1,0.2501668129,0,,,,,,,1.3036849418,,-0.464531207,-0.226056145,987.49967959,0.0279332649,14.808466681,0.0070841271,0.0119853501,0.1104715273,-0.018162952,0.0015946659,-0.464050528,1.0,-0.001137656,0.2717249018,-0.049202048,3.0,15.967913319,,3.6944028507,1,-0.500704589,0.0724137202,0.0283075673,0.0515335856,0.3026642148,4.0066563041,8.991273e-10,8.2542799e-09,1.4330461091,2.0536211508,-0.035766502,0.058347656
14591,0.3620858381,-0.186471211,1.4027533513,0.0,0.0644524775,0.0006390925,-9.36998648,,,,,,,-0.152271774,,1,,,,,,0.3684210526,,,,,0,6.5545217715,,6.5545217715,,0.0015632939,,-4.081575246,,,0,,0,,,,,,,-8.458316838,,-0.42660587,-8.909623758,-5422.188457,0.0248274717,11.404826974,0.0,-0.119665395,-0.15458491,0.0,0.9689703808,-4.466666667,0.0,-0.049805165,0.0462397843,-0.060710354,3.0,11.848709979,,1.4916435219,1,-0.25352422,0.0997230336,0.0433422847,0.0711166132,0.730100249,6.9412202226,3.2370103e-08,9.4818326e-09,0.7587600009,0.575716739,1.2382995569,0.117180923
77300,0.166213754,0.0427919412,31.311596639,0.0301257408,0.5072103618,0.8100476978,0.1528607678,0.2278093572,0.5503570908,0.0115321252,0.2702702703,-0.037989314,-0.54505632,0.0661159592,0.0379893141,24,0.0098135427,0.1791044776,0.0646535037,0.0503840973,-0.021175243,0.1520828741,0.0319909317,0.0266724967,0.1210041539,0.3130728474,0,1.5472190507,-0.098641479,0.8824009134,-0.125943303,42.366946779,8.5115362971,0.1351766513,0.0,0.0,1,0.7936801167,0,0.0,1.9539461802,3.0,-16.10138362,-0.025497947,-0.127003623,0.098879685,11.071341555,0.6373297784,0.3993436627,-1500.949669,0.0238858186,15.284936992,-0.008307827,-0.013352772,-0.059264706,-0.021690533,0.0282526116,0.016603017,0.0,0.0006576784,0.7811413049,0.02043478,6.0,15.57608515,0.0434508048,1.2555613628,0,-0.25352422,0.0115249427,0.0083715022,0.013035941,0.2623514137,1.3809772014,2.97824e-10,1.8875689e-08,0.6643592101,0.44137316,-0.031829363,0.0218430795
76215,0.5663679256,0.0918595769,0.4553221309,0.0,1.1127411818,0.2706217215,0.0901574531,0.0026861814,0.15331023,-0.062099046,0.0254559642,-0.004775779,-0.091895487,0.1003010575,0.0047757788,26,0.0,-0.006622517,0.013570613,-0.122215668,0.0,0.9196957979,-0.197694791,0.0005268873,-0.068102266,0.0957909701,0,2.7597598907,-0.259679708,2.7597598907,-0.259679708,2.3376657302,3.7779970017,0.0875970372,0.0,0.0,1,0.5348324098,1,0.0,0.3594487641,6.0,6.1166273575,-0.143191788,-0.15910712,-53.63949917,-1.650985782,-0.190437288,-1.162316658,-721.4590776,0.0207317787,12.931698966,-0.000912158,-0.001813769,-0.006247159,0.0020849892,0.0638409343,-0.000324335,0.0,-0.140532544,8.6410052323,-0.324730676,6.0,15.026089065,-0.028763291,6.3400089283,0,-0.142502855,0.0711743087,0.0342952223,0.0512733812,0.3254256737,6.9425692174,3.1051348e-09,5.0509239e-09,1.2703610096,1.6138170947,0.0798931427,0.0681603214
14822,0.4639523443,-0.512608783,2.2900694258,0.0,0.1527078871,0.0,-1.100641668,,,,,,,-0.323964859,,1,,,,,,0.7906976744,,,,0.2717857299,0,5.5109717868,,5.5109717868,,0.0,,-1.843338736,,,0,,0,,,,,,,-8.356450332,,-0.42660587,-9.081316843,-5436.363177,0.0248274717,12.098860724,0.0,-0.062964494,-0.086855421,0.0,0.4206095076,-0.366666667,1.0,0.1219047619,0.325194997,-0.065186527,3.0,10.79411537,,0.2134063417,1,-0.25352422,0.0383999646,0.0234713229,0.0473377892,0.5728222872,0.5455963788,1.4086215e-07,8.8564139e-08,1.6531873294,2.7330283462,-0.118886384,0.0760708249
14763,0.1738760185,0.058168933,15.631039458,0.0,0.687166801,0.5021012848,0.0991199009,,,,,,,0.0471165615,,1,,,,,,0.1590600994,,,,0.3064298023,0,1.8483709273,,1.5152882206,,12.100462657,4.9162191192,0.2734905226,,,1,0.9959766107,0,,,,,,,0.1065419494,,-0.2667639,0.3803442649,-1589.021399,0.0238858186,15.117652436,0.0054552231,0.0037833026,0.0187697161,0.0015532648,0.0495354011,-0.022237996,0.0,-0.002880658,-0.033926085,0.05697557,2.0,14.837616346,,1.3093133323,1,-0.25352422,0.0414325967,0.0172849131,0.032964297,0.6528753051,9.2201007166,5.013693e-10,1.0053436e-08,0.7523753104,0.5660686077,0.0985288825,0.0388469665
14641,0.061717994,-0.0365919,13.394986731,0.0,0.0499807954,0.068960384,-0.767688042,,,,,,,0.0011344222,,1,,,,,,0.2734455186,,,,0.7440753105,0,1.778717578,,1.778717578,,1.0373972189,11.025687755,-0.01921312,,,1,1.0,0,,,,,,,3.8397407632,,0.1119278668,0.9957067001,-2392.073928,0.0288563477,14.538562711,0.0024414039,-0.048103441,-0.063757033,0.0124413923,0.6941962519,0.0919268765,1.0,0.0020294267,3.1843228968,0.1331817321,3.0,15.172387166,,2.3091389352,1,-0.111549313,0.0522749238,0.0216449884,0.0347051589,0.3642669142,2.3437194649,1.2874548e-09,1.4715798e-08,1.5273695122,2.3328576269,-0.055069619,0.0606674212
14632,0.7136546392,0.0421078017,0.8145328718,0.0,0.228688923,1.4901079826,0.0762182424,,,,,,,0.0392038154,,1,,,,,,0.1693548387,,,,0.53501849,0,3.3016129032,,1.7709677419,,21.051282051,4.8237367803,0.3851224661,,,0,,0,,,,,,,0.1300556295,,0.3238300223,-0.220072609,544.15139823,0.0457306398,14.497297151,-0.032838155,-0.090578245,-0.116545265,-0.199795893,0.0576395242,0.0178936629,0.0,0.0013513514,0.5964080519,0.0782910516,2.0,15.438507428,,2.6419364648,1,-0.034541484,0.0363409072,0.0251116987,0.0369758452,0.3271651097,3.4219780317,9.871809e-10,9.5628775e-09,1.4375567763,2.066569485,0.0988291696,0.0497246245
14602,0.9153090158,0.0548806741,-12.91600013,0.0,5.3660619349,0.2389595234,0.0245895657,,,,,,,0.0570332257,,1,,,,,,0.2047592695,,,,0.6375131798,0,1.1547055685,,1.1535788191,,0.6031613582,0.0469740241,0.0236604603,,,0,,0,,,,,,,-0.004913885,,,-0.022504416,-4699.895692,0.0286434127,13.976856937,0.0009893641,0.0025220787,0.0175351394,0.0159107705,0.0697729557,-0.003449432,0.0,-0.001830544,1.9141598698,-0.039350995,3.0,13.614998961,,1.125,1,0.0654744878,0.0495134406,0.0185693554,0.0271840642,1.0544618086,16.617549483,3.6765211e-09,1.113547e-08,0.5550627127,0.3080946151,0.0776828508,0.0287026508
14634,0.4716963758,0.015633133,2.4617590504,0.0,0.7063501761,0.2013490682,-0.01527091,,,,,,,0.123430955,,1,,,,,,0.054263764,,,,0.5073948853,0,0.9243700903,,0.9073144228,,5.9694757666,4.6867593384,0.1091620724,,,1,0.1793896682,0,,,,,,,1.6083884053,,-0.464531207,-0.239185142,-1001.45745,0.0279332649,15.121488302,-0.004908288,0.0004379115,0.0010434831,-0.010276349,0.0530390463,-0.314318769,1.0,-0.00265428,0.3906049217,0.0049098961,3.0,16.481073562,,4.0788089625,1,-0.500704589,0.0643382147,0.0283685639,0.041078673,0.4781520747,21.286080206,3.052692e-10,3.5513722e-09,1.563865047,2.4456738852,-0.022710643,0.0677909041
14697,0.1517401908,-0.081594598,4.795794035,0.0,0.1011847374,0.1744180282,-0.82242217,,,,,,,-0.048212653,,1,,,,,,0.9162895928,,,,0.7577401507,0,2.3621276468,,2.354176079,,1.1196638343,3.8151747606,-0.833664925,,,0,,0,,,,,,,3.92976296,,0.1119278668,0.9463596253,-3475.927718,0.0288563477,12.694423596,0.0002435905,-0.142836818,-0.271642935,0.012404318,0.6214281189,-0.019908862,1.0,0.0064516129,0.2248949452,0.0308440463,3.0,12.668313342,,0.6839487023,1,-0.111549313,0.0383747369,0.0251280264,0.0500456704,0.5026722348,2.4921006157,1.2703329e-08,3.5310417e-08,1.7862831011,3.1908073172,-0.09271577,0.0659832761
14654,0.4637022391,0.0063385879,8.3347072785,0.0,0.8898757718,0.5043392916,0.069439929,,,,,,,0.0787701596,,1,,,,,,0.6643564356,,,,0.0598699564,0,0.8798900744,,0.8454035995,,19.639833861,17.350864931,0.0614845545,,,1,0.9732620321,0,,,,,,,0.2092313562,,-0.726139392,0.0145163092,-3939.859592,0.0885157098,12.267891129,0.0055594349,0.0042066902,0.01204483,0.0243767874,0.0202389697,0.082359943,1.0,0.0,3.1486386114,-0.182532728,3.0,12.988152195,,1.7645079403,1,-0.101596569,0.0570247583,0.0329721934,0.0494327585,0.4364716958,2.9293837235,1.6030896e-08,1.2911006e-08,0.88231481,0.778479424,0.3676625305,0.0619943166
14625,0.4406315,0.0813536521,-0.202283904,0.0,0.6217507747,0.4038921997,0.1701080644,,,,,,,0.3354471372,,1,,,,,,0.0454731667,,,,0.3394328985,0,12.156021738,,12.156021738,,1.3096811776,7.9277141113,0.030417502,,,0,,0,,,,,,,-0.410560413,,0.7863626615,0.2369633394,-9081.833828,0.0331128264,12.92726938,0.0091034646,0.0196844724,0.0538705543,0.0522607454,0.2924375822,-0.001601062,0.0,0.0,1.2190789378,0.0425410876,3.0,13.936276136,,1.860784248,1,0.048781298,0.0297316778,0.0226696265,0.031558075,0.3705270788,4.1206043426,4.5698316e-09,9.7868369e-09,0.9624711092,0.9263506361,-0.251797999,0.0487405324
13267,-0.467861017,-1.138876069,-4.797345593,0.0,12.429177381,3.7432144348,0.0482890479,-0.046737603,0.1723041529,0.0599415205,0.0633369308,-0.074485888,-0.693168661,-0.349442869,0.0744858877,22,-0.00010783,0.0,-0.005105319,0.1592760327,-0.009122794,0.0472651605,-0.142536017,0.0263762258,0.6005765535,0.4450754621,1,0.4393939394,-0.755701903,0.2776292254,-0.771823859,2.9548924358,16.44015444,-0.07125973,0.0,0.0,1,1.3156996587,0,0.0,-0.492953235,4.0,3.7319261463,-0.306482015,-0.070726104,-3.519781392,-0.223555719,0.4203911707,-0.429229112,78.153160556,0.0889184991,13.810361945,-0.001429067,-0.066064145,-0.450873362,-0.954296447,0.1315997471,1.5190326009,0.0,0.1935483871,0.2066210514,-0.1163676,2.0,14.424724484,0.0001857904,1.3960840582,0,-0.017965162,0.031963475,0.0228689068,0.046714713,0.4421350909,2.4039188663,4.6184017e-09,2.0663904e-08,1.9153184097,3.6684446104,0.1639388726,0.0911424908
66325,0.2931642889,0.0450118305,-3.668731657,0.0030082204,2.5823150324,0.19365106,0.0378300472,,,,,,,-0.10122569,,1,,,,,,0.0777239709,,,,0.7484375801,0,1.1934451269,,1.1934451269,,0.354089788,0.0817603564,0.0116884312,,,0,,0,,,,,,,-0.472884292,,1.4835424044,-0.579683492,778.1165057,0.1473165608,14.879215994,-0.003151357,0.0035513894,0.0233027363,-0.012512689,0.090474241,-0.003222062,0.0,-0.010810811,0.6213442879,0.0238106018,2.0,15.478534452,0.2660873843,1.9559078977,0,-0.258063742,0.0660377443,0.0197702221,0.0369523253,0.5362122669,6.9549555472,5.597683e-10,8.9433499e-09,1.2168228314,1.480657803,0.0035097043,0.0269947197
14930,0.0469239842,-0.150272673,-2.206235876,-0.005191375,7.5774170136,0.7680463292,0.0685840708,,,,,,,-0.887213573,,1,,,,,,,,,,0.1120814001,0,30.489202658,,30.489202658,,0.8717926714,17.415428571,-0.011348498,,,1,1.0,0,,,,,,,-53.95238753,,-0.471922765,-2.332822245,-2302.109748,0.0207317787,10.539265105,-0.000767272,-0.010178196,-0.150814089,0.0628162972,0.0961574695,0.0,0.0,-0.004600686,8.6410052323,-0.192731971,2.0,7.7115041551,,0.0429081576,1,-0.142502855,0.0421639755,0.0189711941,0.0308061842,1.6092106723,0.3158516733,1.28687e-05,4.0000005382,0.8507324802,0.7237457529,0.1925995131,0.0741863909
14682,-0.065673559,0.0333092436,8.8344847447,0.006235684,1.4376924055,1.0077364151,0.1395715173,,,,,,,0.1975636427,,1,,,,,,0.1015052616,,,,0.4934503121,0,2.4344098292,,1.3677355548,,14.515497825,13.826848389,0.1214984694,,,1,0.4216245771,0,,,,,,,-8.886076235,,3.5229394511,-8.559788341,-4597.029157,0.0248274717,13.004754827,0.0032262206,0.0256077793,-0.631868347,0.0148481902,0.0779800331,0.0127967419,1.0,0.0539215686,1.4774671106,0.2535581589,3.0,13.902865543,,2.8317968624,1,-0.25352422,0.093093127,0.0399158891,0.0575915463,0.4527299548,6.9748840537,4.6947258e-09,8.5957735e-09,2.1694617649,4.7065643495,0.0684182098,0.0764228639
14719,1.0246156699,-0.162820516,-5.123332938,0.0,0.6508651822,0.1225011587,-0.060026004,,,,,,,0.0206805593,,1,,,,,,0.0555366267,,,,0.5423973498,0,0.6627560313,,0.6627560313,,2.0412044374,2.9715813532,-0.23628537,,,0,0.0,0,,,,,,,2.1613076994,,0.5354687929,-0.341935537,-1375.11544,0.0279332649,13.202517842,-0.004111326,-0.037823518,-0.053844985,0.0816877749,0.1075270187,-1.922825373,0.0,-0.384615385,1.3348055106,-0.104363162,3.0,12.790172562,,0.7850965722,1,-0.500704589,0.155963257,0.0553425709,0.1158635054,0.4002643917,1.1106088988,3.1979523e-08,2.767524e-08,3.3482519805,11.210791325,0.1014353627,0.1251666603
14677,0.1363455211,-0.026497312,10.416471577,0.0,0.0261279947,0.1130653761,-0.293635761,,,,,,,0.0016983142,,1,,,,,,0.4299567212,,,,0.6214300796,0,4.7490605858,,4.7490605858,,1.4006398308,7.1882913594,-0.100566141,,,1,1.0,0,,,,,,,3.9143682904,,0.1119278668,0.9962705921,-2406.726758,0.0288563477,13.258259794,0.0002024701,-0.036003878,-0.045096996,0.0363868352,0.3925841064,-0.073284832,1.0,0.0038387716,1.183696487,0.2535581589,3.0,13.745584039,,2.13097455,1,-0.111549313,0.1119266376,0.0442437685,0.0688645941,0.6472677052,10.498104633,9.2104903e-09,1.2025907e-08,3.02138314,9.128756079,-0.049538358,0.095949857
76082,0.1752085978,0.0085422177,243.47172044,0.0027211004,0.2694266393,0.177684392,0.0121448939,0.0916740948,0.1666469922,-0.008102844,0.1867491837,-0.217293246,-10.83553816,0.1011017437,0.2172932458,25,-0.000660729,0.0102339181,0.2443671626,0.1700535288,-0.607289204,0.1284606425,-0.102972971,0.3518465875,-0.028063569,0.5213168621,0,0.8285212157,-0.108052683,0.8004140131,-0.096666091,103.70387516,9.091753867,0.2428502794,0.0,0.0,0,0.0,0,0.0,0.3430537575,4.0,0.657270239,-0.019528326,-0.177246842,1.3119006273,-1.868737595,0.7631037761,-0.261514353,9729.4776596,0.0279332649,16.223578695,-0.014146249,-0.002818206,-0.007229547,-0.022848842,0.0015995487,-0.036865361,1.0,-0.000457457,0.2957275604,-0.068803566,6.0,17.537953153,0.4371805589,4.2784351254,0,-0.500704589,0.0552389398,0.0250067019,0.0391989512,0.2513854333,3.9476475919,1.285096e-10,7.1630676e-09,1.1137756094,1.2404961082,0.0193647826,0.0378888165
14815,0.2779463229,-0.073164031,2.108840708,0.0,0.0611827705,0.0,-17.17196532,,,,,,,-0.05800848,,1,,,,,,0.1136363636,,,,0.9776618784,0,24.594409024,,24.594409024,,0.0,,-0.034285352,,,0,0.0,0,,,,,,,-8.542456353,,-0.42660587,-8.815360464,-5399.301397,0.0248274717,11.58155939,0.0,-0.120906433,-0.166042029,0.0,0.8979130955,-1.3,2.0,0.0767386091,-0.037791889,-0.250117054,3.0,11.554943246,,0.917029747,1,-0.25352422,0.1725979149,0.0594583316,0.0738811857,0.6873209068,4.8810582121,1.1005603e-07,2.170592e-08,1.2888638173,1.6611699395,-2.532741672,0.1063717754
14881,0.0328499787,-0.006813086,-183.1412575,0.0,0.1268337679,0.0,-0.049736215,,,,,,,-0.001701629,,1,,,,,,,,,,0.0015979412,0,0.9578313253,,0.9578313253,,0.0,,-0.103845384,,,0,,0,,,,,,,3.9896703721,,-3.39269878,0.2518258778,-2744.635114,0.1062765098,13.346502692,0.0,-5.7904e-05,-6.0191e-05,0.0,0.0004572401,0.0,4.0,0.0037682123,-0.223080397,-0.016728798,3.0,13.147042071,,0.6582814924,1,0.0239123439,0.0099132499,0.0023790177,0.004661994,0.8721907367,3.2808116973,1.1283124e-09,2.1415051e-08,0.0335085775,0.0011228248,0.795183209,0.0114979625
14810,1.0278915914,0.0536594726,-38.62855166,0.0019586652,7.7150529884,0.3701479538,0.0218109839,,,,,,,-0.870939871,,1,,,,,,0.0450276824,,,,0.6081940686,0,1.1841771769,,1.0152105178,,1.9080053301,0.060225508,0.0165680033,,,0,,0,,,,,,,0.1076686905,,,-0.950477512,-5397.904122,0.0286434127,11.616376947,0.0001924555,0.0020133318,0.0173664069,0.0133843634,0.0211954824,-0.008774801,1.0,0.0,-0.547407864,0.0022546065,2.0,9.6584108487,,0.1343385881,1,0.0654744878,0.0378053002,0.0159897633,0.0200635433,1.3745034294,0.3422780211,2.1098021e-06,2.8204557e-07,0.1887678313,0.0356332941,0.9204044199,0.0259140799
14695,0.1502163921,-0.01763584,,0.0,0.0033822499,0.0,-9.969297064,,,,,,,-0.00707273,,1,,,,,,0.1251791687,,,,0.9776618784,0,51.70644176,,44.355703986,,0.0,,-0.09507832,,,0,,0,,,,,,,-8.670186284,,-0.42660587,-8.764424715,-3133.588107,0.0248274717,14.65468814,-0.002475647,-0.059051619,-0.072952942,0.0020772913,0.8175455953,0.5886645023,0.0,-0.001257184,0.3586390068,-0.015829381,3.0,16.32282108,,4.6478929621,1,-0.25352422,0.0737558007,0.0343248565,0.0523482733,0.3707342788,6.4667717172,5.688686e-10,5.7248304e-09,1.0478401238,1.0979689251,-1.095495041,0.1049502452
14694,0.0785534081,0.0156919622,17.157741512,0.0,0.0338722094,0.1708029805,0.3795795614,,,,,,,0.0118738396,,1,,,,,,0.4318269323,,,,0.7189216871,0,3.1806089601,,2.5892475528,,3.3018003297,7.5775305448,0.7833947122,,,0,,0,,,,,,,0.0511952649,,0.6099887996,0.085067082,5048.5453967,0.0318276958,14.068378082,0.0193885831,0.0169126935,0.0240097679,0.0280351741,0.424303367,0.0290269838,0.0,-0.001921845,1.2159654747,-0.101249509,2.0,16.697453151,,9.8670935927,1,-0.095378135,0.1900684237,0.0526972905,0.0577149648,0.4856675197,42.999775784,3.423459e-10,1.402139e-09,1.4906073231,2.2219101918,-0.29039987,0.0919845585
14690,0.1728112059,-0.009152882,2.2158735529,0.0,0.1501710641,0.0900565038,0.0031005222,,,,,,,0.0381521988,,1,,,,,,0.1417175035,,,,0.9723106936,0,5.1578287519,,5.1578287519,,0.2947542084,12.238003096,-0.011241117,,,0,,0,,,,,,,-8.64759147,,0.5733941298,-8.719199785,-5196.219747,0.0248274717,12.533166427,-0.000254823,-0.122317597,-0.127414593,-0.016938594,0.9346761694,13.766666667,0.0,-0.01099537,-0.298881663,-0.041997616,3.0,12.745505111,,0.9588795842,1,-0.25352422,0.0889487639,0.0339864563,0.0601710103,0.4437883019,1.3355536318,3.0663308e-08,3.6979772e-08,0.9307661956,0.8663257108,0.612602845,0.1266594924
14688,0.5441155389,-0.020653843,2.3765702581,0.0,0.2075422607,0.4062836175,-0.058582021,,,,,,,0.0406397514,,1,,,,,,0.1044768564,,,,0.5256758328,0,3.1631280454,,1.8478153207,,3.0359476653,9.2097409417,0.069609618,,,1,0.9843239351,0,,,,,,,-8.276287137,,0.5733941298,-8.716712233,-5029.350977,0.0248274717,13.222727326,0.0033330591,-0.007540189,-0.010544581,0.007942178,0.1821799523,-0.000658021,1.0,0.0119760479,0.3757830788,0.0873148497,3.0,13.414543319,,0.9779467511,1,-0.25352422,0.0583333187,0.0216761571,0.0344129259,0.3026466965,1.2031222635,7.4424977e-09,2.7082722e-08,0.8419156954,0.7088220381,0.3829364904,0.0518156612
14884,0.1875289343,0.0794043629,-2.000303575,0.0,1.5511070734,4.1883573684,0.1131106187,,,,,,,0.1496019687,,1,,,,,,0.2409192825,,,,0.393278045,0,1.1422194292,,1.1113961904,,28.098661934,5.9352692224,0.1092801198,,,1,1.0,0,,,,,,,-0.147909491,,-0.4150461,0.1170096411,-1867.632839,0.0772902197,12.343403436,-0.016783505,0.027596668,0.2081342553,-0.008331099,0.0819026242,-0.000804022,4.0,0.0054446461,0.408120878,0.0329564713,3.0,12.456680574,,0.8890970986,1,-0.045482084,0.0302059427,0.0190349477,0.0251932649,0.3677315421,1.6518913043,1.9040506e-08,2.5951317e-08,0.8513994872,0.7248810869,0.0234377949,0.0478177249
14713,0.130121156,-0.009100958,28.604237163,0.0,0.4968400583,0.5722223882,0.0010756432,,,,,,,-0.067077129,,1,,,,,,0.1601520896,,,,0.3045454639,0,1.5838581252,,1.4804198335,,30.998087391,5.6302175191,0.0190044381,,,1,1.0,0,,,,,,,-2.22929437,,0.2766021907,-0.204445422,-2668.401518,0.2277833408,13.807716221,0.0033931399,0.0017050471,0.0118814674,0.0265858758,0.1029067503,0.0283548623,0.0,0.0008667657,2.321900431,-0.219376266,2.0,15.421797664,,6.9566341709,1,-0.166303822,0.0971217081,0.0380990804,0.0588467802,0.4839273013,23.443738169,9.642719e-10,2.6044481e-09,1.0260539294,1.0527866661,0.6455711208,0.0821378143
14827,1.015451297,-0.413885492,-0.593433484,0.0,0.3178301562,0.0649400848,-0.512672447,,,,,,,-0.301970752,,1,,,,,,0.3485967504,,,,0.5146089092,0,3.6987059669,,3.3442846873,,0.1156308593,7.547761194,-0.754872736,,,0,,0,,,,,,,-7.804951379,,0.5733941298,-9.059322737,-5469.494177,0.0248274717,9.4059992671,-6.3277e-05,-0.09793315,-0.136548574,0.0007094523,0.4772069009,0.0297989744,1.0,0.2051282051,1.3691853839,-0.140461529,3.0,8.6606283757,,0.5153209573,1,-0.25352422,0.1499999464,0.0667611548,0.1115999998,0.9245902035,2.3489626522,2.6592066e-06,3.4310132e-08,2.855349217,8.1530191509,0.350183424,0.114897797
15064,0.6991580955,0.058984613,-40.26938906,0.0,8.8254023131,0.506976754,0.0261161381,,,,,,,0.0657375571,,1,,,,,,0.5628715135,,,,0.6328335436,0,1.2319051585,,1.2315583091,,2.4298464233,0.0623978371,0.0086902427,,,0,,0,,,,,,,-0.221064805,,,-0.013800084,-5356.174522,0.0286434127,12.799136853,-6.9287e-05,0.0014772581,0.0226389731,0.013357085,0.0917568762,0.0035312801,0.0,-0.00153711,1.1448461534,0.0451350177,3.0,11.757743238,,0.3246311951,1,0.0654744878,0.0229357798,0.0114493788,0.0189312349,0.3874716308,0.9304218813,1.4882841e-08,5.6290381e-08,0.068859044,0.0047415679,1.2064378564,0.0262580686
14776,0.4224232016,0.0850248647,-1.868873592,0.0,2.6297235175,0.5130922014,0.0621337219,,,,,,,0.2152834412,,1,,,,,,,,,,,0,2.0689171792,,2.0594192533,,0.9131807419,0.2192420327,0.0680296901,,,1,0.4973849372,0,,,,,,,-0.343625379,,1.2574526921,-0.263174361,21267.781846,0.1473165608,17.053911879,0.0001905566,0.0075775578,0.0495767836,0.0098472371,0.1760529695,,1.0,0.0006389776,6.5620022773,-0.00454734,3.0,17.577075904,,2.0298801644,1,-0.258063742,0.0285043735,0.0148929231,0.0218583154,0.369519035,2.524044481,6.350892e-11,1.3285712e-08,0.9926215775,0.985297596,0.1426567198,0.0289944286
14942,0.7341040875,0.0615690804,-0.884282295,0.0,0.401316218,1.9250763616,0.0969247292,,,,,,,0.0659368317,,1,,,,,,0.1836222478,,,,0.6017767999,0,2.2143366218,,1.4316240919,,12.570573796,5.8570182712,0.4355829387,,,0,,0,,,,,,,9.0277937322,,-0.305698191,0.3418642675,-4783.431136,0.0587429544,12.649839481,-0.000285108,0.0092600831,0.0143223374,-0.009666751,0.1105949282,0.0158824489,0.0,-0.002514669,-0.022245235,-0.003132659,3.0,12.039581314,,0.4835924613,1,-0.101630079,0.040681202,0.0173346691,0.0263840773,0.5001023396,1.0053793639,2.2134024e-08,4.7071016e-08,0.9881123824,0.9763660802,0.4951910236,0.0507984483
14686,0.0463273435,0.0043859283,36.372326117,0.004377432,0.0149808155,0.0595067136,0.3057995576,,,,,,,0.0107273836,,1,,,,,,0.1929142363,,,,0.6433761943,0,11.381988498,,11.381988498,,2.3057594604,3.2559208956,0.0499223436,,,0,,0,,,,,,,-0.388216257,,-0.446247017,-0.017277151,-2704.308654,0.0558672041,14.670990613,-0.04903644,0.0961391205,0.1691202445,0.0086465423,0.4290794141,0.001348832,2.0,0.0080630841,0.8717782501,-0.12295195,3.0,15.52695849,,2.1348608988,1,-0.168614603,0.0503534153,0.0195905697,0.0281970084,0.3933589804,3.6215303575,1.0043955e-09,1.3735575e-08,1.3257393713,1.7575848807,0.0932992796,0.0375781774
14872,0.4476777503,-0.010979833,-7.639103079,0.0,1.0151355006,0.6632817504,0.03673293,,,,,,,0.1821654168,,1,,,,,,2.0135135135,,,,0.1100310256,0,2.0810126582,,2.0506329114,,2.1539708266,8.6862745098,0.1559588133,,,1,0.6084337349,0,,,,,,,4.2257005195,,0.1119278668,1.1767376947,-2230.748158,0.0288563477,14.277534397,0.0012065961,-0.000394841,-0.00362757,0.0343694617,0.0965711224,-0.063852996,1.0,-0.000602973,0.1921095488,0.0229842002,3.0,15.194005193,,2.2779684887,1,-0.111549313,0.0541585535,0.0229620119,0.0340387517,0.3937606155,3.9504353874,1.4807162e-09,1.1894497e-08,1.7091813989,2.9213010542,-0.085194466,0.0591339563
14831,0.3610431434,-0.027593944,-1.032334257,0.0055603631,1.4096575154,0.0965442876,0.0121677753,,,,,,,0.063341656,,1,,,,,,0.0174022458,,,,0.5391401689,0,3.3300381179,,3.3300381179,,0.2335407783,2.4379963584,0.0044576947,,,0,,0,,,,,,,9.0812618563,,0.50045689,-0.027668833,-6438.537759,0.0257826007,13.790541764,-0.000433588,-0.000688746,-0.002876303,0.0964169027,0.1311772384,-9.4,0.0,-0.017580872,1.0412392322,-0.202310424,3.0,15.754980987,,7.0904179989,1,0.080304809,0.1364162266,0.0496144096,0.0747533898,0.368100172,14.681882139,1.1018766e-09,2.9002833e-09,1.7013451838,2.8945754346,-0.607204547,0.0930177677
14830,0.2022947717,-0.001277502,-18.97493091,0.0170570144,2.7035722735,7.638419683,-0.034849064,,,,,,,0.1389638041,,1,,,,,,4.743872549,,,,0.420621538,0,1.141925961,,1.055389157,,63.733912357,4.9651842283,0.005878185,,,0,,0,,,,,,,8.9225134846,,0.50045689,0.047953315,-7699.959599,0.0257826007,11.922769797,-0.000270328,0.012106136,0.1220622387,0.277007755,0.0458389684,-0.000430129,1.0,0.0049360701,-0.000178519,0.0083846152,3.0,13.339521049,,4.6740246407,1,0.080304809,0.0616071932,0.0205526508,0.0409391087,0.4077937856,13.755706265,7.5060898e-09,4.020611e-09,0.2206947412,0.0487061688,1.0769608005,0.0482668226
14711,0.1480197321,-0.051698699,5.146683411,0.0,0.0185348863,0.0,-17.17196532,,,,,,,-0.040024753,,1,,,,,,0.2025316456,,,,0.9776618784,0,16.982756122,,16.982756122,,0.0,0.0,-0.319871567,,,1,1.0,0,,,,,,,-8.672382944,,-0.42660587,-8.797376737,-4841.777597,0.0248274717,12.065215265,0.0,-0.089325343,-0.096433924,0.0,0.9734194038,3.9333333333,0.0,-0.005970398,-0.688463538,0.0379139245,3.0,13.996223596,,6.8676664711,1,-0.25352422,0.0865672231,0.0396699338,0.0647360124,0.7185350675,56.077949529,7.4035246e-09,2.8490124e-09,1.7153557057,2.9424451971,0.8359523113,0.1287176099
14714,0.139560621,0.0218134895,7.1486377562,0.0,0.0641381893,0.1467057004,0.3500273809,,,,,,,0.0331220947,,1,,,,,,0.1400402471,,,,0.7411954445,0,4.706413249,,4.1486981638,,1.299581495,6.0228289786,0.6679353653,,,1,1.0,0,,,,,,,-0.226052786,,0.370534983,0.0254310518,-469.5297389,0.0410566741,15.334848585,-0.012361917,0.0289552591,0.0431077227,0.0149802391,0.5299853107,-0.002214225,1.0,0.0002859944,1.5618312828,0.1330507845,3.0,16.474337577,,2.7173838076,1,-0.131569503,0.0452561714,0.0205407774,0.0319504893,0.2566389881,1.9587244451,4.956607e-10,1.2414993e-08,1.2994320279,1.6885235951,0.0652004568,0.052474726
14774,0.408674208,-0.066849637,1.6509535891,0.0,0.0760982855,0.0726513724,-0.378166871,,,,,,,-0.068269356,,1,,,,,,0.4303030303,,,,0.6813345114,0,6.785622428,,6.7826646091,,0.2327982153,5.3595166163,-0.304250869,,,0,,0,,,,,,,-8.411728468,,-0.121171056,-8.82562134,-5400.858057,0.0248274717,12.158709284,1.32195e-05,-0.050681767,-0.088065347,-0.002131545,0.8156137648,0.0809065805,0.0,0.0079946702,1.3592024772,-0.016528938,2.0,11.463462697,,0.5051905088,1,-0.25352422,0.0742625147,0.033397122,0.0619828788,0.5951026547,2.9420647117,5.1759343e-08,2.9298365e-08,2.4812823382,6.1567620417,0.0279652996,0.1240630824
87604,0.4422291108,-1.024657298,-8.326611435,0.0222951225,1.489997829,0.0366823639,-0.347186385,,,,,,,-0.427076591,,1,,,,,,4.743872549,,,,0.047956384,0,0.7116355204,,0.6703041877,,0.4982674983,2.7760617761,-0.270344062,,,1,1.0,0,,,,,,,-53.76363798,,0.5280772347,-1.689694306,-2322.190248,0.0207317787,8.9822696948,0.0,-0.084606947,-0.691847718,-0.01235661,0.0372204386,-0.018347356,0.0,-0.037705314,0.9442618835,-0.26761492,3.0,10.154201917,0.2534678608,8.7429059829,0,-0.142502855,0.2654383481,0.0851376261,0.0930028872,1.4584815833,61.413279121,3.6467033e-07,1.0308388e-09,0.8281539111,0.6858389005,1.0436210088,0.1810867942
14723,0.2082515244,-0.054223933,2.4334725689,0.0,0.1746434426,0.3142078627,-0.373773799,,,,,,,-0.026243658,,1,,,,,,0.402486911,,,,0.8523166129,0,2.2725829665,,2.2725829665,,1.235023687,3.8278665877,-0.337913549,,,1,0.8675282714,0,,,,,,,3.9862742936,,0.1119278668,0.9683286202,-3925.775558,0.0288563477,12.631873955,0.0003821441,-0.064849607,-0.129932818,0.0090281104,0.466552855,0.0348064881,0.0,-0.001125492,-0.003499842,-0.129502687,3.0,12.01246509,,0.5935986523,1,-0.111549313,0.0232737958,0.0122071407,0.0286106804,0.2950000527,0.599702263,1.4499422e-08,4.9120677e-08,0.7471363869,0.5582127807,-0.496282614,0.0762034362
15058,-0.467861017,-1.190958076,0.2131929798,0.0,1.8549734623,0.0,-1.372315036,,,,,,,-0.444108121,,1,,,,,,0.5,,,,0.9608924488,0,6.4635658915,,6.3790697674,,0.0,,-0.326452662,,,0,,0,,,,,,,-9.843812403,,-0.42660587,-9.201460106,-5537.269317,0.0248274717,9.8449915621,0.0,-0.305513595,0.4316037736,0.0095025255,0.662870472,0.5460085221,0.0,-0.03470153,-0.756548193,-0.062965532,3.0,10.730304622,,1.1616004829,1,-0.25352422,0.0677966475,0.028477974,0.0734707473,1.0315044135,2.3581546706,1.091006e-06,4.2320443e-08,2.8408968545,8.0706949381,-0.796320772,0.1832419965
76095,0.1880943079,0.0119051611,13.529387761,0.0,0.5057793699,0.2447071483,0.0687296235,-0.088488003,0.2127586248,0.016271423,-0.119778957,-0.08138118,-4.973404255,0.0711143399,0.0813811797,26,-0.005906197,-0.011399738,0.0688742245,0.0181166488,0.0099446968,1.0750382848,-0.050735646,-0.000190143,0.0078526418,0.1550978084,0,1.3415254237,-0.469147303,1.0416313559,-0.477497743,5.4901562817,6.500841144,0.1043323899,0.0,0.0,1,0.4368677636,1,1.0,0.7682016481,7.0,-0.740260179,0.0630021773,-0.119926674,0.4888124289,-0.730465953,3.3422050913,1.0051330106,7942.1133744,0.0352290716,16.052585964,-0.001212164,0.003087141,0.0112198829,0.0038176124,0.0642364506,0.0163237742,0.0,0.0002555584,-0.090369016,0.0093819869,4.0,17.47126089,-0.287363671,2.9701909168,0,-0.095378135,0.027889628,0.0261543347,0.0212757015,0.4455417562,7.4207040255,9.882199e-11,7.6403947e-09,0.6311520653,0.3983529295,-0.094714795,0.0297668169
14792,1.0655552883,-0.000473746,-21.72820969,0.0,3.4082309063,0.1485853251,0.0178255182,,,,,,,0.0417414068,,1,,,,,,0.1747391952,,,,0.5139677661,0,0.9958234244,,0.9837917534,,0.9542779237,0.0506622745,0.004693741,,,0,,0,,,,,,,0.1453323874,,-0.014465589,-0.037796234,-5112.199722,0.0286434127,12.911974286,0.001397477,0.0009812601,0.0043747175,0.0050617751,0.0108455272,0.0227478194,2.0,0.002166065,0.1786163394,0.009169009,3.0,12.32510646,,0.7263733622,1,0.0654744878,0.0412298515,0.0133281518,0.0183367426,0.4494014221,1.6562429464,9.7180446e-09,3.4062614e-08,0.4715138481,0.2223253089,-0.146966951,0.0205506349
14782,0.3073332275,-0.109800013,1.4504343505,0.0,0.2023706993,0.6009783955,-0.709331348,,,,,,,-0.056001791,,1,,,,,,0.2129229204,,,,0.8678450451,0,3.7551011356,,3.7551011356,,1.5358624071,14.696335742,-0.994087364,,,1,1.0,0,,,,,,,-0.543858685,,-0.817082151,-0.154485589,-9467.881848,0.0331128264,12.783753242,9.9490608e-06,-0.062198585,-0.089862197,0.0353784825,0.6187253632,-0.015377517,0.0,0.0,0.5141393232,0.1357686901,3.0,11.72805019,,0.6165881463,1,0.048781298,0.0943925455,0.028767721,0.0385203394,0.8306031599,2.5129034319,2.075508e-08,3.0336247e-08,1.2309872104,1.5153295122,-0.0271596,0.052674906
14828,0.1299738996,-0.036054867,6.3248454205,0.0,0.0082963198,0.0,-17.17196532,,,,,,,-0.028836643,,1,,,,,,0.3128834356,,,,0.9776618784,0,16.607193503,,16.607193503,,0.0,,-0.180481677,,,0,,0,,,,,,,-8.690428776,,-0.42660587,-8.786188627,-4609.600757,0.0248274717,14.004883955,0.0,-0.105198426,-0.110530648,0.0,0.9734194038,-8.633333333,1.0,-0.000708885,-0.343233858,-0.040622968,3.0,15.451169335,,3.5537570692,1,-0.25352422,0.0918840021,0.0359910189,0.060912875,0.3165059968,3.5742355119,1.992387e-09,8.4712277e-09,1.5416661925,2.376734649,-0.05742438,0.090190024
14807,0.1497417813,0.0146939185,6.6906667434,0.0,0.0173388238,0.1121970275,0.5215415685,,,,,,,0.0185358406,,1,,,,,,0.1874213836,,,,0.8733439296,0,9.7398945518,,8.8057996485,,0.9012551819,7.9862244898,0.0015632225,,,0,,0,,,,,,,0.1223836381,,0.605339187,0.0917290831,-2974.591403,0.0318276958,12.093526929,0.0411086418,0.0649120367,0.0744180485,0.0162475388,0.7542752246,-0.00213684,4.0,0.0012315271,1.6785874864,0.059216544,3.0,12.415634453,,1.7215962871,1,-0.095378135,0.0724138096,0.0536955016,0.0505613993,0.7679742345,9.739349728,2.2919187e-08,1.0193821e-08,1.1928025095,1.4227778267,0.0063078729,0.0731201605
15226,0.3419090184,-0.023486034,3.3257587133,0.0,0.0217430168,0.0050630487,-0.131380032,,,,,,,0.0067932961,,1,,,,,,0.0150352388,,,,0.5423933845,0,16.684929616,,16.684929616,,0.0264611175,8.0303797468,-0.068916746,,,0,,0,,,,,,,4.7507546929,,-3.277617903,0.7292113029,-14203.23491,0.0314049921,13.265789858,0.0,-0.019136324,-0.0197792,0.0002815181,0.5994850801,0.2990090207,0.0,0.0,-0.55954946,-0.038257047,3.0,12.903740447,,0.8150945155,1,-0.107492679,0.0474816747,0.0192995775,0.0370899987,0.4608926436,1.6721724315,7.7890783e-09,2.3725345e-08,1.3760319721,1.8934639881,-0.334190851,0.0576547388
14836,0.1240821439,-0.04233993,7.6528590302,0.0,0.0210777313,0.0889756502,-1.226326671,,,,,,,-0.041399145,,1,,,,,,0.3955223881,,,,0.8988571474,0,7.4316360498,,7.1176180496,,0.7965443924,4.6284035025,-3.412476008,,,0,,0,,,,,,,0.0967240007,,-0.819051057,0.0317940971,-2680.424453,0.0318276958,13.249764505,0.0,-0.063559405,-0.068710531,0.0078299264,0.8834152359,-0.039913357,0.0,-0.002991453,3.6433769115,-0.182546055,3.0,13.880060642,,1.6576761044,1,-0.095378135,0.0401284099,0.0183559096,0.036659085,0.375643937,3.1401367279,4.6387484e-09,1.6065151e-08,0.7439910912,0.5535227437,0.431014086,0.0622955405
14805,0.1277025048,-0.065733703,5.8544021552,0.0,0.0231687675,0.0123822116,-8.453284913,,,,,,,-0.039783605,,1,,,,,,0.5935162095,,,,0.9776618784,0,6.5273290366,,6.525236461,,0.0853703851,3.2654822335,-1.952670217,,,0,,0,,,,,,,-8.692700171,,-0.42660587,-8.797135589,-5027.830337,0.0248274717,12.524115117,0.0,-0.056394756,-0.059219047,0.0045128153,0.9570521935,-0.025868972,1.0,0.0106557377,-0.170211239,0.0031699147,3.0,12.705838333,,0.9130650523,1,-0.25352422,0.0992857367,0.0450608312,0.0739665162,0.6894673826,2.8578927912,3.456993e-08,2.8209522e-08,2.9333147865,8.6043356366,-0.044596661,0.1219715924
14991,0.1958701583,-0.053163727,4.0403564294,0.0,0.0055809954,0.0,-14.09820538,,,,,,,-0.031564895,,1,,,,,,0.125,,,,0.9776618784,0,38.922907489,,38.922907489,,0.0,,-0.629637958,,,0,,0,,,,,,,-8.624532518,,-0.422933188,-8.788916879,-5020.578207,0.0248274717,13.157111501,-0.000203252,-0.073667614,-0.079514924,0.0,0.9734194038,-0.533333333,1.0,0.0063613232,-0.176827456,0.15826739,3.0,13.99008989,,1.8459040727,1,-0.25352422,0.1523713619,0.0504887381,0.0682338939,0.3612210963,3.0294710829,5.8010432e-09,1.1006839e-08,2.0855970011,4.3497148511,-0.199271907,0.1235158273
14878,0.079608327,-0.005891016,-150.2691542,0.0,0.1215937587,0.0,-0.033184319,,,,,,,-0.003996338,,1,,,,,,,,,,0.0047000393,0,5.7580645161,,5.7580645161,,0.0,,-0.002874713,,,0,,0,,,,,,,1.4084955628,,-0.271977219,0.5168320935,-8328.785807,0.1654820061,12.260344703,0.0,-0.000725961,-0.000752592,0.0,0.0027129858,0.0,0.0,-0.000994432,-0.863546587,0.0045639994,3.0,8.4150275281,,0.049306698,1,-0.239385698,0.0099132499,0.0012023884,0.0015778763,2.1904643941,1.3166101177,1.1463828e-07,5.0000003021,0.1671861564,0.0279512109,1.1100052131,0.0464774859
14823,0.1169765741,-0.057093241,5.8366317701,0.0,0.0388560083,0.0015385361,-8.083509834,,,,,,,-0.040846938,,1,,,,,,0.3069584736,,,,0.9738641055,0,12.969526728,,12.946884576,,0.0103087277,2.3465045593,-2.070055249,,,1,1.0,0,,,,,,,-8.703426102,,-0.42660587,-8.798198922,-5045.590277,0.0248274717,12.625198925,0.0,-0.089009037,-0.105616248,0.0008225392,0.9524300405,0.5101245465,0.0,-0.006401138,0.5338121149,-0.230690761,3.0,12.928635495,,2.545869337,1,-0.25352422,0.1199624836,0.0559544555,0.0810110071,0.4672257817,3.9251474452,1.5826022e-08,1.1605932e-08,2.7244437307,7.4225936417,0.3651927195,0.1286889047
14871,0.5764762765,-0.105766451,0.7619623302,0.0,0.0091430267,0.0,-2.535569977,,,,,,,-0.090534895,,1,,,,,,2.5,,,,0.928703029,0,51.70644176,,44.355703986,,0.0,,-0.356828613,,,0,,0,,,,,,,-8.243926399,,-0.42660587,-8.847886879,-5351.916457,0.0248274717,13.0264964,0.0,-0.08492201,-0.086443601,0.0,0.9660813634,-2.566666667,0.0,0.0,4.0785268121,0.2014253698,3.0,13.68701611,,1.4511306171,1,-0.25352422,0.0369046964,0.0285091153,0.0617725001,0.5724955396,5.7037379626,8.3553326e-09,1.4297717e-08,1.7784126722,3.1627516326,-0.520183809,0.0985131943
14790,0.1216578933,-0.020675241,6.6924920328,0.0,0.0101105544,0.0004655266,-9.441247002,,,,,,,-0.004596668,,1,,,,,,0.1493087558,,,,0.9776618784,0,29.295923963,,29.295923963,,0.0035883667,,-0.09133689,,,0,,0,,,,,,,-8.698744783,,-0.42660587,-8.761948653,-4318.649957,0.0248274717,11.938316306,0.0,-0.049641365,-0.052042302,0.0035291993,0.9734194038,-3.090265465,0.0,-0.020631068,0.2738082033,-0.116773199,3.0,12.878053225,,1.8159946302,1,-0.25352422,0.0814159364,0.0320597688,0.0524526258,0.3279666267,2.4326587447,1.9164988e-08,1.2837126e-08,1.6622960631,2.7632282013,-0.017518523,0.1157862209
14879,0.137447846,-0.081403896,4.4249763963,0.0,0.0677708828,0.0003086035,-5.896829971,,,,,,,-0.073089755,,1,,,,,,0.2503623188,,,,0.9554959941,0,14.563225058,,14.540989946,,0.0016096525,0.592039801,-1.244385894,,,1,1.0,0,,,,,,,-8.68295483,,-0.42660587,-8.830441739,-5161.757877,0.0248274717,12.313386725,0.0,-0.182757051,-0.34194761,0.0058876473,0.7551577441,-7.433990117,0.0,0.0570776256,0.6642358661,-0.003340203,3.0,11.668316084,,0.8270125592,1,-0.25352422,0.0758693665,0.0449895363,0.0567645548,0.6677346709,4.3549661029,2.800131e-08,2.191921e-08,1.9053161846,3.6302297634,-0.004386434,0.0719979907
14954,0.1165510889,0.0033911348,56.707250097,0.0,0.1571729932,1.5726998423,0.0298163515,,,,,,,-0.00679363,,1,,,,,,0.6189353612,,,,0.5097019657,0,1.3511985443,,0.8374166775,,123.34777524,13.978895551,0.1166824773,,,0,,0,,,,,,,-0.144280682,,1.9335150772,0.3605795271,-3759.43195,0.1116949983,14.507318172,0.0227544613,0.0158787639,0.0340508598,0.1903500286,0.015917192,0.0002653722,3.0,0.003132614,0.7493977251,0.1980556045,2.0,15.884136558,,2.7833133769,1,-0.152504436,0.0678832382,0.0281892325,0.0375780151,0.3962609059,3.322595743,1.355973e-09,1.2057768e-08,0.9571631386,0.9161612738,0.4815017049,0.0774789827
15083,0.4544076878,0.0207761461,-26.10614874,0.0314726637,3.4917281962,0.2931958867,0.0152814056,,,,,,,0.0437217799,,1,,,,,,0.1643202696,,,,0.6060765698,0,51.70644176,,44.355703986,,2.6742549384,0.0926172353,0.0139224899,,,0,0.0,0,,,,,,,-0.396784225,,1.9912663767,-0.054762018,-9130.671618,0.0331128264,13.085102511,0.0012266866,0.0055477112,0.0479647113,0.0254349668,0.0251865116,-0.001495487,3.0,0.0010695187,0.7274690835,-0.008063486,3.0,13.063096089,,0.6475198064,1,0.048781298,0.0109427702,0.0106600567,0.0202000037,0.2927882351,0.5261563019,7.8629377e-09,5.023225e-08,0.7229913009,0.5227164212,0.093965124,0.0313603456
14849,0.6337726834,0.0228329039,-5.913763967,0.0,4.5844185669,0.244492725,0.033858924,,,,,,,0.0199431357,,1,,,,,,0.0521108076,,,,0.7041800967,0,1.1988630426,,1.1689564557,,0.3877158689,0.0610658018,0.0148408258,,,0,,0,,,,,,,-0.286450218,,,-0.059594505,-5203.995532,0.0286434127,12.886533547,0.0009935112,0.0029830624,0.0257253733,0.0129921341,0.1025037913,-5.0748e-05,3.0,0.0020997375,1.0485192021,0.0299036987,2.0,13.218936791,,1.0706581372,1,0.0654744878,0.0139917759,0.0060849316,0.008384206,0.6035600117,1.165435235,5.4565812e-09,4.4295628e-08,0.2547816954,0.0649137123,1.5631263746,0.0318629486
14829,1.1906712398,-0.047548793,-6.755288137,0.0,3.2496634295,0.1353237491,-0.000899435,,,,,,,0.0436652874,,1,,,,,,0.0900559763,,,,0.4717943216,0,0.8362289842,,0.8237048876,,0.2657156948,0.0644543832,-0.019621311,,,0,,0,,,,,,,0.2704483389,,-0.014465589,-0.035872354,-5446.725462,0.0286434127,11.201274809,9.87202e-05,0.0001027277,0.0007331927,0.0455295745,0.0603413371,-1.111164273,3.0,0.0001712282,-0.110200961,0.0006518295,3.0,9.9339061766,,0.249778453,1,0.0654744878,0.0161517207,0.0062620622,0.0069037698,1.5693872751,0.5219440001,4.485716e-07,1.6262483e-07,0.089954329,0.0080917813,0.6350751866,0.0189753253
84184,0.0770345498,-0.036109617,11.800797864,0.0,0.004447601,0.0001424166,-10.11143132,0.6072069998,0.0028091181,0.0717887155,0.9916361735,-0.214570215,-0.392719749,-0.021928657,0.2145702149,19,0.0,0.5531914894,1.5416666667,-0.578333333,0.0,0.3501577287,0.0099590687,0.0530969376,0.5894934605,0.9754950502,0,24.109953288,-0.349523838,24.109953288,-0.349523838,0.001829689,1.5641025641,-10.4997379,0.0,0.0,1,1.0,0,0.0,0.0027699497,2.0,74.77710871,-0.028840953,0.3445682493,-8.743368126,1.0195443674,0.5733941298,-8.779280641,-4690.724357,0.0248274717,13.37319596,0.0,-0.209683769,-0.226666667,0.0001049902,0.8721036756,-9.4,1.0,0.0370828183,-0.510394833,-0.016890671,4.0,13.577463694,0.0128338068,1.1206151483,0,-0.25352422,0.0624103919,0.033310363,0.0466105721,0.3110293044,1.2759426357,9.3255125e-09,2.5079333e-08,0.9126864406,0.8329965388,-0.172019944,0.0915293693
14812,0.281555417,0.0568236106,39.367635926,0.0,0.3277310407,0.4614899367,0.1958091606,,,,,,,0.034906716,,1,,,,,,0.143095186,,,,0.1336256166,0,1.3928808943,,1.3327105171,,29.668014453,58.839959051,0.3979730002,,,1,1.0,0,,,,,,,0.0270845341,,-0.746811073,-0.029347134,-3389.471472,0.0885157098,13.13279465,0.0411086418,0.010527313,0.0203889052,0.0056069578,0.0184833124,0.0585409804,0.0,0.0027829314,2.6719265214,-0.121282235,2.0,14.558315975,,2.7211939259,1,-0.101596569,0.0510354713,0.0294467032,0.0372573923,0.3858093517,5.8262785944,3.9267379e-09,9.7636229e-09,0.7170871311,0.5142139535,0.9472410425,0.0629280112
90968,0.4422615959,-0.571155033,1.3584507502,0.0,0.2591791359,5.45985e-05,-1.119190029,,,,,,,-0.484152304,,1,,,,,,0.234375,,,,0.4249672109,0,3.1206616052,,3.1206616052,,0.0001863759,,-0.248786777,,,1,1.0,0,,,,,,,-8.37814108,,0.5733941298,-9.223719573,-5474.103887,0.0248274717,11.237614586,-0.007875186,-0.159886147,-0.236634635,0.002050609,0.5102101757,-0.45441763,1.0,-0.027149321,-0.300059807,0.0107852635,3.0,11.000671676,-0.301792429,0.5215780629,0,-0.25352422,0.1054421589,0.0423970762,0.0643640276,0.6820377223,1.1870545871,3.2384467e-07,6.5021753e-08,2.4319938391,5.9145940335,-0.149102684,0.1393191458
13896,0.2873663421,-0.24239359,1.6051641552,0.0,0.1438768969,0.0017010076,-4.159970512,-0.338771843,-0.018097777,0.0257330789,-0.213096961,-0.058509525,-0.130760234,-0.210698147,0.0585095248,15,-0.000453562,-0.137931034,-0.1,0.7571428571,-0.7212906,0.5525657071,0.0891242964,0.0027095952,-0.387730037,0.8472877022,0,11.264815345,-0.345708349,11.101345548,-0.348919665,0.0048006401,45.0,-1.432736529,0.0,0.0,0,,0,1.0,-0.025147989,3.0,62.889796843,-0.029921854,-0.346554275,-8.533036334,0.0210665032,-0.42660587,-8.968050132,-5441.546327,0.0248274717,11.704877496,0.0,-0.04458188,-0.092591465,0.0003490894,0.8406018118,1.6090070064,2.0,0.2909090909,-0.064857097,0.2241398152,3.0,11.431362853,-0.417785408,0.7269793541,0,-0.25352422,0.1297710538,0.0524921968,0.0894584861,0.7909901301,3.3602083869,1.2291627e-07,2.6398026e-08,1.861917257,3.4667358718,-0.135376106,0.1011860773
14821,1.1869435492,-0.01481636,-3.926724966,0.0,1.5588995767,1.5290674975,-0.162245282,,,,,,,0.007695257,,1,,,,,,1.3395506203,,,,0.1971646279,0,0.9512706832,,0.9512706832,,3.854773536,11.443542612,0.1364460539,,,1,1.0,0,,,,,,,4.9649663184,,0.1119278668,1.0022675349,-4109.019638,0.0288563477,12.064012179,0.0019531077,-0.009631654,-0.023035955,0.0367276761,0.1301274429,0.0006120041,1.0,0.0208604954,0.308974082,-0.004033703,3.0,10.945035564,,0.2913194444,1,-0.111549313,0.0434781872,0.0205638035,0.0390206214,0.5222226991,0.5856934882,1.3571024e-07,1.0302817e-07,0.3179196065,0.1010728762,1.1191590858,0.0505636709
14874,0.2176758553,-0.060758449,3.5026698839,0.0,0.0078659923,0.0,-11.63845417,,,,,,,-0.049906752,,1,,,,,,0.169451074,,,,0.9776618784,0,29.112423851,,29.112423851,,0.0,,-8.927390668,,,0,,0,,,,,,,-8.602726821,,-0.42660587,-8.807258737,-4841.669867,0.0248274717,12.97020389,0.0,-0.07284466,-0.075042186,0.0,0.955416243,13.766666667,0.0,0.0101066816,0.1487057802,0.2014462538,3.0,13.66168615,,1.7126807022,1,-0.25352422,0.089887552,0.0396940181,0.0617858389,0.4170214164,2.4372195956,1.1522503e-08,1.8594542e-08,0.9130985507,0.8337489633,1.7516923742,0.0974132392
14950,0.3263439352,-0.100980501,3.223702086,0.0,0.114841942,0.0122312719,-0.654777978,,,,,,,-0.115932055,,1,,,,,,3.6657477602,,,,0.4212024527,0,2.8300492611,,2.8300492611,,0.0700859599,2.4657258065,-0.005869566,,,1,1.0,0,,,,,,,-8.494058741,,-0.42660587,-8.87328404,-5447.376356,0.0248274717,12.012229662,0.0141369327,-0.058160355,-0.07516767,0.0091848582,0.4452005665,-0.548705772,1.0,0.0051679587,1.1581574175,-0.005236531,2.0,11.598089763,,0.3512741093,1,-0.25352422,0.0429864377,0.0241937266,0.0567753327,0.5708917444,1.0382862036,8.1591835e-08,5.881708e-08,2.5919639288,6.7182770084,-0.536359109,0.152142174
14852,1.8413952713,-0.21909816,-12.87204797,0.0,0.4107779369,0.5471775867,0.0026507407,,,,,,,0.0296274102,,1,,,,,,0.0645953261,,,,0.5512440571,0,1.2359129754,,1.1635967451,,6.5396486009,3.6778898939,-0.452852286,,,1,1.0,0,,,,,,,2.9780873009,,0.5354687929,-0.332988686,-2371.56999,0.0279332649,11.916812133,9.07672e-05,-0.010619597,-0.014093383,0.0182757831,0.0169518722,-0.673316189,0.0,0.1606425703,1.212795267,0.0788056515,3.0,10.153904574,,1.0978589209,1,-0.500704589,0.1050000191,0.0710955368,0.0727544487,1.7547316751,61.413279121,2.8674336e-07,4.8009369e-09,2.6823839666,7.1951837442,-0.019540404,0.0670248721
14927,0.3615344936,-0.426077064,1.4859818202,0.0,0.0631999943,0.0,-5.575347614,,,,,,,-0.210077799,,1,,,,,,0.2565176909,,,,0.9496965462,0,6.6751622986,,6.6751622986,,0.0,,-3.792670425,,,0,,0,,,,,,,-8.458868182,,-0.42660587,-8.967429783,-5476.606457,0.0248274717,11.482729926,0.0,-0.145137313,-0.167989857,0.0,0.9122209493,1.3,1.0,0.8988764045,-0.217832494,0.0432504406,3.0,10.7140933,,0.2430813263,1,-0.25352422,0.0636605471,0.0277164341,0.0508312012,0.7680403077,0.3785651436,5.5247358e-07,1.8289762e-07,0.6229864955,0.3881121736,1.2799496169,0.1039404
14944,0.5805946294,-0.031325922,28.760252885,0.0,0.11849486,0.0160684842,0.0493489566,,,,,,,0.0006348733,,1,,,,,,2.5189415042,,,,0.0200583119,0,0.8075625527,,0.8075625527,,1.1926518345,111.90437601,-0.488315385,,,1,1.0,0,,,,,,,4.9894403039,,-3.266792578,0.7230528801,-10532.81435,0.0314049921,14.221858897,0.0029428542,-0.005172413,-0.006039965,-0.000420355,0.1806429265,0.0779322828,0.0,-0.001758843,-0.33303178,0.0011522176,3.0,14.158462099,,0.8370047977,1,-0.107492679,0.0420502052,0.0146655614,0.0214550033,0.3733605341,1.0140070753,2.6610047e-09,3.6529605e-08,0.7866869017,0.6188762813,0.0599335067,0.0257782663
76963,0.2702276117,-0.124438788,2.9681948504,0.0,0.2806428661,0.6443603747,-0.271383106,0.4406417804,1.1022837549,0.1755816037,0.8135891287,0.0718356528,0.2693836978,-0.157960569,0.0718356528,24,0.0,0.0445682451,0.0967198619,-2.3198168,-0.15948459,0.8073529412,-0.082695167,0.0830691596,0.1871535703,0.4746654392,0,2.0967150712,-0.044588535,2.0967150712,-0.044588535,3.6250521921,11.893150685,-0.259673845,0.0,0.0,1,1.0,0,0.0,1.827518748,0.0,-10.27510991,-0.207253142,-2.396897904,4.0482503809,-0.844896585,0.1119278668,0.8366117085,-4194.000078,0.0288563477,9.3305700235,-0.001595391,-0.078194791,-0.219365338,0.0024034156,0.2706862632,0.0322738208,1.0,-0.001071793,0.1254029364,-0.135863733,2.0,7.8801064708,-0.285806615,0.1558072531,0,-0.111549313,0.0714286119,0.0527858116,0.1052596766,1.20523553,0.7943265899,2.17205e-05,1.2663296e-07,1.2749426825,1.6254788437,0.9332567481,0.1832419965
76127,0.6948682672,-0.318906443,-12.09724192,0.0,2.4475249125,2.0252658525,-0.014520916,0.713866094,0.1756736036,0.0100689865,1.1381940283,-0.170000999,-1.640301041,0.2041961275,0.1700009987,25,0.0539658175,0.0976314269,0.1849234329,-0.071880823,-0.205355364,0.1060017446,-0.250499537,0.6102617997,-0.334499164,0.4471258688,0,1.3219488491,-0.388318625,0.8224189476,-0.479035608,18.869923825,4.7458831198,-0.052808865,0.0,0.0,1,0.2307798821,0,0.0,0.3209862098,2.0,0.6117727089,-0.151418016,-0.089849333,1.8315602967,-1.809005873,0.5354687929,-0.158419969,-1968.07137,0.0279332649,13.267070264,0.0077689805,0.0048686269,0.0259849924,-0.002587286,0.0190381458,-0.018488429,0.0,0.0169204738,1.3492400701,0.1104322383,2.0,14.078414854,0.1347312379,2.7933252115,0,-0.500704589,0.0518207811,0.0265051866,0.0476942029,0.5732355683,8.7709642622,3.0811032e-09,6.072116e-09,2.2661915088,5.1356239544,-0.030888818,0.067932748
76128,0.2730925446,-0.029681277,5.6319076041,0.0,0.0534121927,0.4824644929,-0.131791789,-0.060963535,0.6467218063,0.0032952776,0.0723941123,-0.10011769,-1.157773457,0.0046829177,0.1001176903,25,-0.020972533,0.0119760479,0.1334153444,0.1063951515,0.0319404425,0.2675528927,0.0270711006,0.0158778073,-0.081939415,0.7084171864,0,4.9003756963,-0.146018865,3.7634408602,-0.124894504,4.0703788521,7.9396081742,-0.160851469,0.0,0.0,0,,0,1.0,0.7696944876,5.0,3.1593906071,0.3046457352,-0.155264482,1.0882470029,-0.580450111,-1.949208124,0.0963317246,-4651.301507,0.0446872923,12.465682482,0.0044166105,0.0154709587,0.0187311043,-0.024611531,0.4199724391,0.0101317792,1.0,0.0156115654,-0.161423272,-0.015881386,5.0,11.787263254,0.3593110438,0.3709731109,0,-0.101630079,0.0731970221,0.0328051375,0.0566321866,0.498082938,0.9216161244,7.8056238e-08,6.4748909e-08,1.837081391,3.3748680373,-0.002406778,0.0551361502
92897,2.5924269673,0.2831439033,-3.801428233,0.0284030447,0.7440100054,3.4597982622,0.1228546558,0.0927806466,0.275431813,0.1094459723,-0.072654331,-0.087736252,-1.147718238,0.6273066775,0.0877362516,12,0.0627597415,-0.066079295,0.1283322337,0.3892758842,0.004452885,0.0967647981,0.0605951489,0.0680191295,0.1232080472,0.5150859461,0,5.3711440326,0.4373228785,3.5823812971,0.4324740111,2.832322385,3.8429715887,0.6076990391,1.0,0.0,0,,0,1.0,0.3209312131,7.0,-16.08580795,0.0883491725,-0.372187396,4.8322568326,10.645405653,0.1137325019,1.2204615727,-5159.179069,0.0238858186,10.787889145,-0.000547299,0.0168675204,0.0194288779,0.045612952,0.21141911,-0.036648382,0.0,-0.013500294,0.1739369757,-0.05984043,4.0,9.5971729856,-0.038935695,0.2464101247,0,-0.25352422,0.0369601771,0.0248978841,0.0236477797,0.6847962293,0.8793702432,3.4347415e-07,8.6509838e-08,1.5682890638,2.4595305876,-0.036230124,0.063060732
15088,0.2462561798,0.0322310637,2.4351831909,0.0,0.2900484734,0.7989356226,0.1907080209,,,,,,,0.072712795,,1,,,,,,0.0864902948,,,,0.5009013964,0,1.2992005257,,1.2992005257,,3.7754806243,63.635730759,0.2708522068,,,0,0.0,0,,,,,,,-0.292160013,,-1.117884031,-0.060627648,-4426.421328,0.0725156293,14.717750149,-0.000364144,0.0607025461,0.1275250329,0.0035576206,0.3875135556,0.1840517645,3.0,0.0020449898,0.7089292449,0.0204973766,3.0,15.954111835,,5.3601486257,1,0.0348146487,0.3387096822,0.0907864039,0.0086447849,0.8178055274,61.413279121,8.362428e-11,2.6110129e-09,1.3443734596,1.8073399988,-0.280021425,0.0574544953
14870,0.9151094,0.0467763831,-27.23546508,0.0,6.053229506,0.2781484548,0.022052809,,,,,,,0.062847634,,1,,,,,,0.070952381,,,,0.6195505932,0,1.0066077445,,1.0036625413,,1.271868607,0.0491497295,0.0170765168,,,0,,0,,,,,,,-0.005113501,,,-0.016690007,-5183.323782,0.0286434127,12.612171134,-2.664191e-06,0.0016932681,0.0136580368,0.0143424322,0.0399219863,-0.050166137,0.0,-0.003490401,0.0092672331,-0.006558634,3.0,11.849448794,,0.4658016935,1,0.0654744878,0.0453333519,0.0253666272,0.047078899,0.5772819884,0.9997296909,8.2148445e-08,7.8939517e-08,1.456806236,2.1222844094,-0.024685275,0.0466531779
14941,0.7047285889,0.0128072323,1.4811538255,0.0,0.4897939308,0.7902204088,0.1026654334,,,,,,,0.0698962971,,1,,,,,,0.2552195824,,,,0.2451800918,0,1.9238764045,,1.1286516854,,11.222147651,7.1487815306,0.188016085,,,1,0.6107860193,0,,,,,,,0.6773704458,,5.8541623052,0.1430895396,-998.1129833,0.0318276958,14.087580183,-0.008124439,-0.189297928,-0.309173347,-0.014332028,0.0560733689,-0.00561226,0.0,0.0017580872,0.2752534083,0.0333992206,3.0,14.607005937,,1.8537390186,1,-0.095378135,0.0538488589,0.0315211573,0.0357378201,0.6222253836,13.147924575,1.7377492e-09,1.0582103e-08,1.6376377331,2.681857345,0.0448404633,0.0395716493
14937,0.3137243087,-0.070613052,2.1107269894,0.0,0.0128610568,0.0,-8.719855305,,,,,,,-0.064020358,,1,,,,,,0.6363636364,,,,0.9770720875,0,25.338439783,,25.338439783,,0.0,,-9.232447441,,,0,,0,,,,,,,-8.506678367,,-0.42660587,-8.821372343,-5217.455277,0.0248274717,12.019228165,0.0,-0.135602334,-0.143238671,0.0,0.9419639981,-1.233333333,0.0,-0.023373753,-0.12325128,-0.018000971,3.0,11.042848257,,0.6706428098,1,-0.25352422,0.3247863352,0.0803303514,0.0779890915,0.8654574508,6.9620607061,6.3306243e-08,2.0261056e-08,2.2495285114,5.0603785236,-0.07040334,0.0682766886
15062,0.0957428584,-0.097355259,9.2005216939,0.0,0.0233728955,0.0093978344,-2.514850314,,,,,,,-0.047271273,,1,,,,,,0.2776119403,,,,0.9006902645,0,4.9669861555,,4.2899065199,,0.0981570281,4.7994350282,-0.263067895,,,0,,0,,,,,,,0.0683847153,,-0.819051057,0.0259219693,-2752.532243,0.0318276958,12.045727063,0.0,-0.126309521,-0.166043913,0.0076059603,0.650974855,0.0686700822,3.0,0.0404721754,-0.28000324,-0.047038745,3.0,12.978191398,,3.6001979447,1,-0.095378135,0.0916334763,0.0433427006,0.0712958203,0.687688157,8.1145502155,2.0785277e-08,9.8424947e-09,1.5075061603,2.2725748233,0.090405893,0.1420416762
14938,0.1957467111,-0.063683188,3.5565889954,0.0,0.0298097192,0.028899626,-8.094790777,,,,,,,-0.059489425,,1,,,,,,0.509569378,,,,0.9686909548,0,7.5399368231,,7.5399368231,,0.1327199241,,-2.396599848,,,0,,0,,,,,,,-8.624655965,,-0.42660587,-8.816841409,-5247.396677,0.0248274717,12.240960725,0.0,-0.156434079,-0.170944867,-0.024926419,0.9618992119,0.1998335204,0.0,-0.011807448,-0.029491204,-0.022596629,3.0,15.153730141,,7.8442032754,1,-0.25352422,0.0923753083,0.0369775737,0.0618738576,0.3169918827,4.6483685295,9.0949064e-09,7.1039386e-09,1.906141323,3.6333747434,-2.532741672,0.1761057535
76135,0.5331973574,0.0170124313,0.5150861386,0.0136617623,0.5392402406,1.5271788256,0.0201753693,0.0020647371,0.1969619486,0.0068862737,-0.033007507,-0.011298322,-0.721612878,0.0292888208,0.0112983217,25,0.0053631509,-0.166666667,0.0036918242,0.0121867763,0.2310990098,0.1665116574,0.0007169645,0.0011167761,0.0159155434,0.4856009001,0,2.0962046212,0.0976691648,1.8435394727,0.0894891417,8.0836693727,7.3175336245,0.1145001313,0.0,0.0,1,0.0199549381,0,0.0,0.3901309563,8.0,-0.344307868,0.1700575757,-0.220019712,-0.047088014,-0.107675956,-0.626212014,-0.266731563,539.68419026,0.1700891678,14.383411969,0.0068910895,0.0189906476,0.039085601,0.0270556963,0.1392861839,0.0113748776,2.0,-0.005729693,0.5019210641,0.0591914188,3.0,14.870690905,0.4118634669,1.5284411088,0,0.0482077756,0.0276087057,0.0133323629,0.0272312551,0.423342619,4.4591433925,8.243668e-10,1.1964134e-08,1.5638064381,2.4454905758,0.0285983802,0.0286652073
15029,1.2287773538,-0.674862783,-183.1412575,0.0,4.6525059058,1.9638789343,-0.184090363,,,,,,,0.6273066775,,1,,,,,,0.1581514763,,,,0.5289535088,0,0.7737306843,,0.6953642384,,298.07142857,9.75,0.0837520176,,,0,0.0,0,,,,,,,2.3654693833,,0.5354687929,0.7532135111,-375.2569704,0.0279332649,13.657689539,-0.011560324,-0.008582983,-0.042362525,-0.462127923,0.0003357676,1.1421287289,0.0,0.0961538462,-0.136765507,-0.010565804,3.0,15.378355956,,9.8670935927,1,-0.500704589,0.1504424363,0.076735644,0.1321902001,0.406085437,13.087639681,2.4102652e-09,2.1099929e-09,3.3482519805,11.210791325,0.0754165915,0.1832419965
14984,0.193786063,-0.024847239,12.43062696,0.0,0.7813200629,0.2155293969,0.0319737297,,,,,,,0.0968610325,,1,,,,,,0.1231207565,,,,0.3506417156,0,1.4678211424,,1.4678211424,,4.3651976669,15.204288939,0.1027545299,,,1,0.4509441652,0,,,,,,,1.9239335665,,-0.337592167,-0.114238186,-8000.311539,0.0347046397,15.660894123,-0.001324189,-0.002494011,-0.012549538,0.0074285959,0.0560664299,-0.255046389,0.0,0.0153234889,1.9478107924,-0.048857018,3.0,15.825547477,,1.3564409436,1,-0.107492679,0.0236127656,0.0110372661,0.0224210903,0.2712752091,1.3491278308,3.096566e-10,1.7978579e-08,0.6317415134,0.3990973397,-2.532741672,0.0434720136
78981,0.1502812566,0.0427238525,11.351156998,0.0173836024,0.171115479,0.9806676791,0.2660765765,0.0757353487,0.6726894929,-0.015256436,0.0769756787,0.0366666865,0.2661210728,0.031354135,0.0366666865,22,0.0,-0.004930156,0.1949986029,0.0731808027,-0.001958674,0.136372853,-0.125931194,0.028402301,0.0743265395,0.6437275333,0,1.7842032301,-0.017897124,1.7842032301,-0.017897124,15.855462277,6.2747816942,0.3103698494,0.0,0.0,1,1.0,0,0.0,1.4297627404,4.0,-4.093876836,0.0728497496,-0.158724222,0.5834629745,0.1936321546,0.5844671873,-0.0137264,-2406.678,0.2359138598,14.83597009,0.0019077253,0.0415526156,0.0838079497,0.0081809098,0.1656352109,0.0116807393,0.0,0.0,-0.047111695,-0.048555168,3.0,15.562601222,0.0285332455,2.0799666084,0,-0.179026286,0.0200477671,0.0098679224,0.0241004297,0.2763678098,2.4241489065,3.38022e-10,1.1786552e-08,0.774634516,0.6000586334,-0.061523617,0.0230412759
76138,0.0016428488,0.0093853839,17.492161436,0.0,0.5188474432,0.42274892,0.1527481599,-0.438239528,0.2033812015,0.0085568521,0.0333009394,-0.043434764,-3.348353553,0.0408109673,0.0434347635,25,-0.090094699,-0.064948955,-0.253954129,-0.021564127,0.0706619191,0.3578073925,0.699984453,-0.179698747,-0.996129082,0.3990899403,0,2.1198924043,-0.410197989,0.9348021007,-0.324134775,8.8854700855,6.9940796555,0.0637267397,0.0,0.0,1,1.0,0,1.0,0.3939521692,5.0,-0.090044247,-0.091160352,-0.125850639,-0.539522593,0.2724884498,-3.184270813,0.0032405894,4375.5750771,0.1748673505,15.418956957,-0.008062546,0.0137434359,0.3751023751,0.005640525,0.0510962525,0.1295937323,0.0,-0.000455581,0.2779748846,0.0645254226,5.0,16.363059168,0.2538553387,3.2221135061,0,0.0498010166,0.0262180623,0.0092067171,0.0241141939,0.3791371726,4.6872051112,1.368882e-10,8.1276279e-09,1.1913728137,1.4193691811,-0.01206326,0.0294227471
76136,1.1045459417,0.059488149,-10.89385589,0.0273666618,3.0339484285,1.1557395619,0.0451647978,0.0231179144,0.0418865263,-0.058128043,0.0245856304,-0.002711462,-0.186500888,0.0705827416,0.0027114617,25,0.0,-0.12295082,-0.088537978,-0.045543352,-0.143134279,,,,0.0191079698,,0,,,,,4.5967640261,2.8569936006,0.0239345765,0.0,0.0,1,0.0054218461,0,0.0,0.1329758713,3.0,-0.051827399,0.0169865971,-0.186744449,0.2533540288,,0.2506349673,-0.027901056,-7767.936698,0.0331128264,14.278629261,0.0015938674,0.0047175082,0.0188838642,0.0397770357,0.0628312447,,2.0,0.0031099802,1.3117223047,0.1751625026,3.0,13.795920245,-0.08147635,0.6920579665,0,0.048781298,0.0330493785,0.0150271382,0.0213769887,0.4214571878,1.2245504261,2.9748623e-09,3.3282406e-08,1.2944108423,1.6754994287,0.1677830858,0.0300752403
14983,0.1850447566,-0.08969316,2.6346422706,0.0,0.1513987689,0.7988013537,-1.051416256,,,,,,,0.0024982396,,1,,,,,,0.3628522898,,,,0.8515102813,0,2.0932276261,,2.0081086194,,3.1716302882,67.829827719,-1.001735828,,,0,,0,,,,,,,-0.075787014,,0.0907297218,0.369871397,-3516.64734,0.1116949983,14.388122105,-0.000564239,-0.02845299,-0.058003275,0.0874909577,0.5410280971,-0.000195857,3.0,0.0034227039,4.2255524958,-0.046576198,3.0,16.200753853,,5.2270974745,1,-0.152504436,0.0278335158,0.023501223,0.0437346573,0.3390928645,5.7004891346,7.334974e-10,5.8516411e-09,1.8326611224,3.3586467897,0.0285076513,0.0798610565
76868,0.143850368,0.0364942034,24.408659737,0.0079801628,0.0488082491,0.2944808993,0.3677878764,0.0820305973,0.556135237,0.4720928332,0.1503759398,-0.036209122,-0.183907786,0.0432057716,0.0362091221,24,0.0244247717,0.3744644387,0.1095534658,-0.052926305,0.0639167215,0.125682644,-0.109002744,0.086240508,0.0606498239,0.614118151,0,3.0689251516,-0.018763967,2.1882096786,-0.024391966,8.9031532657,7.6314921505,1.009293815,0.0,0.0,0,,0,0.0,0.7301134632,6.0,7.1412801551,0.0310702922,0.2362587422,-0.221763038,0.21253369,0.7696211004,0.0355147287,-3241.010639,0.0410566741,14.156380243,-0.000929259,0.0530014559,0.0706987713,-0.00815563,0.1918047182,-0.009137642,2.0,-0.000686275,1.1199795518,0.0869814195,6.0,13.953190334,0.4431664135,0.7271749995,0,-0.131569503,0.027412748,0.0172937992,0.0257498724,0.3849081319,1.5970177546,2.6951664e-09,2.4917521e-08,1.475121678,2.175983965,0.0629979932,0.0352748188
14908,-0.023265306,0.0192176871,-4.514265452,0.119866142,3.280600907,0.8182879819,-0.104258397,,,,,,,-0.887213573,,1,,,,,,0.2933430871,,,,0.16501423,0,20.565104167,,20.565104167,,0.5624585986,2.4363838909,0.0144323792,,,1,1.0,0,,,,,,,-0.457808907,,-0.292700244,-2.255056688,-6970.945014,0.0558672041,10.539750041,-0.001394689,0.0002752655,0.5291828794,-0.385410017,0.1682170936,-0.01777422,0.0,-0.365558912,2.4926576129,0.0007879734,2.0,11.265111332,,1.8248528903,1,-0.168614603,0.0968921781,0.0398432977,0.0573199129,1.009129519,7.0780782688,2.0578174e-07,1.1935061e-08,2.2717677725,5.1609288121,0.0461036071,0.0767826008
88965,1.1708614427,0.1202449726,-36.40651618,0.042126125,13.847884557,0.7552414087,0.0344423078,0.0390948194,0.0464564137,0.0,0.0559215528,-0.004501127,-0.562342569,0.1878638395,0.0045011272,16,0.0019817393,-0.031948882,0.0509456825,-0.015202228,0.0139200313,0.1350694444,-0.029163276,-0.000143892,0.1305995613,0.5630669243,0,0.9633601605,0.0326838472,0.9602948856,0.0301138661,2.0042869583,0.0664498456,0.0107402366,0.0,0.0,0,,0,0.0,0.6609797709,7.0,0.0383667,0.0023695432,-0.075698916,0.2506385418,-1.391321731,,0.1083261983,-5419.244582,0.0286434127,11.417267721,0.0003637905,0.0024702567,0.0271116962,0.0204128582,0.0255982688,-0.04429614,1.0,0.0039486673,0.9766995591,0.0791042531,4.0,9.8112840329,0.1740027817,0.1965259287,0,0.0654744878,0.0304087028,0.0145359544,0.0248081304,1.6752947157,1.0742611596,9.906324e-07,1.330704e-07,0.2959987925,0.0876152852,-0.253425768,0.0341054173
14969,1.0416969739,0.0778517778,-32.86000589,0.0146473982,5.9526883329,0.2824342434,0.0264465085,,,,,,,0.1418791812,,1,,,,,,0.2151101999,,,,0.5608189394,0,1.0182203622,,1.0160690342,,1.6640913488,0.0544401636,0.0311663021,,,0,,0,,,,,,,0.1931333407,,,0.055490491,-3701.350717,0.0286812661,14.370155397,0.0001503506,0.0034628686,0.0227253939,0.0016617516,0.0242655777,0.0118752687,2.0,0.0039416634,1.0105381562,0.0949934004,3.0,14.848414723,,,1,0.0654744878,0.0485725403,0.0175179498,0.0228873477,0.7903930964,26.199484068,7.020266e-10,5.8968575e-09,0.9755557735,0.9517090672,0.0477544317,0.033160284
15003,0.3443234542,-0.071463612,2.7765662731,0.0,0.0552472575,0.0163665684,-0.391081781,,,,,,,-0.070407632,,1,,,,,,0.2447916667,,,,0.5749783696,0,8.8698906644,,8.8698906644,,0.0751407603,1.0,-0.005424627,,,1,1.0,0,,,,,,,-8.476079222,,-0.42660587,-8.827759616,-5101.334767,0.0248274717,13.53999489,0.0,-0.106006181,-0.128225813,0.0104604609,0.869798788,-0.007123288,1.0,0.0089974293,-0.103069039,-0.054772223,3.0,13.840126577,,1.2729604584,1,-0.25352422,0.078666687,0.0276221785,0.0480753926,0.3000759995,1.7285915523,5.074302e-09,1.7275135e-08,0.787290687,0.6198266258,-0.445081999,0.067090479
14982,0.4923185923,-0.029748881,0.067822388,0.0,0.3324370251,0.0260152075,-0.298500652,,,,,,,-0.139992674,,1,,,,,,0.0441490308,,,,0.549666284,0,2.9619567508,,2.9538001096,,0.0965339061,13.749591726,-0.014335754,,,1,1.0,0,,,,,,,1.3074730507,,-1.065658247,-0.048343868,-4148.278547,0.0446872923,12.782762667,0.0038304071,0.0003556453,0.0008886256,0.0126653844,0.0567343945,-6.761664708,0.0,0.0095419847,2.4277471027,-0.211179612,2.0,13.806132154,,2.5930186631,1,-0.101630079,0.257142812,0.0657856296,0.0908996068,0.6567540884,14.243662513,7.7140346e-09,5.7151805e-09,0.6136993455,0.3766268867,1.0877732567,0.1192994767
14995,0.2769109882,-0.059903666,2.5270288029,0.0,0.0121506884,0.0,-7.757943592,,,,,,,-0.053058558,,1,,,,,,0.4192799071,,,,0.9776618784,0,25.203348702,,25.203348702,,0.0,,-0.017709898,,,0,,0,,,,,,,-8.543491688,,-0.42660587,-8.810410542,-5184.917357,0.0248274717,11.522804888,0.0,-0.098072706,-0.103110699,0.0,0.9687329942,-2.533333333,0.0,0.1104972376,2.330223866,-0.324730676,3.0,11.908708624,,1.021190539,1,-0.25352422,0.0600707009,0.0290086999,0.0521241292,0.3024339107,0.892516825,6.6942853e-08,2.9790137e-08,0.9748197935,0.9502736298,0.7945525751,0.1832419965
15022,0.7847153965,0.0387842187,-6.916900945,0.0005961071,5.1337787297,0.2291659262,0.026261171,,,,,,,0.0166388396,,1,,,,,,0.1213452915,,,,0.6620740995,0,1.0951071088,,1.0810748611,,0.3298087956,0.0514919351,0.0060670063,,,0,,0,,,,,,,-0.135507504,,,-0.062898802,-5364.278752,0.0286434127,12.020434139,0.0007486476,0.0030671954,0.021668019,0.0151262146,0.1223419799,0.4832744204,6.0,0.0019206146,1.16657998,0.0470585105,2.0,11.441049674,,0.5468419744,1,0.0654744878,0.0275168326,0.0144928614,0.0303221597,0.3240676581,0.5632559635,4.8990096e-08,5.7992495e-08,0.3879412264,0.1504983952,0.7258286397,0.0369014884
15008,0.0755555556,0.2831439033,-4.462013589,0.119866142,1.0784229391,1.233046595,0.6912158543,,,,,,,0.6273066775,,1,,,,,,0.0959704107,,,,0.2692506658,0,11.164478004,,11.164478004,,31.873378629,3.3542201567,0.5870773964,,,1,0.25,0,,,,,,,1.4044427913,,-0.241475033,1.2454759823,-8307.893307,0.1654820061,9.938006345,0.001974185,0.0103334561,0.1331326696,-0.054918162,0.1563576018,0.0060226531,1.0,-0.001338688,0.4302835294,0.0156570326,3.0,10.890654163,,7.6791623873,1,-0.239385698,0.0735294074,0.0343923309,0.0608320652,0.7576072681,6.0847903351,2.7099864e-07,1.1731203e-08,3.0032490629,9.0195049336,-0.035255954,0.1832419965
64822,0.5649808762,-0.167478225,-0.019167321,0.0449088805,0.5409716196,0.3379455533,0.1037643706,,,,,,,0.1965898499,,1,,,,,,0.1799634213,,,,0.5473763178,0,1.0523458269,,1.0523458269,,3.3038491752,3.8546421043,-0.001215441,,,1,1.0,0,,,,,,,1.7016729057,,-0.464531207,-0.166026247,-2375.68137,0.0279332649,9.9102188507,0.0044336612,-0.000698438,-0.001435109,-0.049050412,0.0400098281,-0.177758491,1.0,0.330348415,-0.643854605,-0.04474657,3.0,8.6920983155,0.2009009907,0.2914027778,0,-0.500704589,0.1605700254,0.0571930384,0.1207617384,1.3859149382,1.9083343279,8.7612918e-06,7.1799556e-08,-0.050958073,0.0185999184,0.7898641829,0.1304886586
15079,0.4671894102,-0.024671858,1.7333859214,0.0,1.0780474246,1.0075177449,0.0285703906,,,,,,,0.0157017169,,1,,,,,,1.3240097075,,,,0.1678232154,0,1.0479612142,,1.0479612142,,15.946705416,4.2572269425,0.0754719322,,,1,1.0,0,,,,,,,0.1317509853,,0.2383944448,-0.016890611,-706.2267593,0.0772902197,14.870983863,0.0025154793,0.0105075783,0.03401608,0.0111959453,0.0240547621,0.0054426848,1.0,0.001545197,0.4803852008,0.167665313,3.0,15.448422124,,1.4222662593,1,-0.045482084,0.0370205753,0.0154889519,0.0351397663,0.3297263342,2.320033707,8.129268e-10,1.7134839e-08,0.6375825247,0.4065114758,0.7350771962,0.0465617478
89655,0.3235474236,0.0429134608,7.6084899783,0.0298673864,0.0052596467,0.0913464146,0.2118356858,0.0460557572,0.2422796982,0.0014430014,0.1457384515,-0.004662589,-0.034938753,0.0444128036,0.0046625892,20,0.0049783821,-0.092592593,0.1792558319,-0.091756175,0.0315329045,0.4141906874,0.474695516,0.0059767013,0.0445783713,0.3170989472,0,24.845222073,0.4539647644,22.326379542,0.5529225658,1.0354821235,10.318488529,1.6230229252,1.0,0.0,0,,0,0.0,0.245870498,7.0,3.1426191805,0.0067749732,-0.259833123,1.1387018819,-0.584966511,-0.751229358,0.1360616104,-4784.358847,0.0446872923,12.533332237,-0.002590353,0.0302214352,0.0309471067,-0.004201104,0.340741444,0.0107605188,0.0,0.0020601566,0.6934788029,0.1155156884,5.0,11.931324151,0.0713926822,0.5413305757,0,-0.101630079,0.026739832,0.0088244463,0.02104106,0.5534624874,1.040950535,1.2772848e-08,5.5051985e-08,1.0838722104,1.1747789684,-0.022828638,0.0354742282
14926,0.0890652154,0.0206300109,17.393914748,0.0067301941,0.2005644112,0.2386212307,0.1760637283,,,,,,,0.0309797081,,1,,,,,,0.609,,,,0.2726380782,0,1.7760834671,,1.7760834671,,5.0551200392,6.5591226955,0.2735590281,,,1,0.0015446401,0,,,,,,,0.2031093849,,0.1920126204,0.1183865341,3888.0652288,0.0278203388,15.815316313,0.0044933814,0.0234266428,0.0766034796,-0.000315121,0.1445047217,0.0043914179,1.0,0.0008371704,-0.035533933,0.0123409037,3.0,15.675796787,,0.9441683405,1,-0.111549313,0.0336737595,0.0098688253,0.0215614234,0.3864305363,1.797939226,2.562535e-10,2.7220743e-08,1.2798739628,1.6380773605,-0.124743159,0.0309366505
76392,0.5758684399,0.030395699,30.340668933,0.0,0.412666531,0.6743428839,0.056180641,0.0259267345,0.3533090845,0.0179246604,-0.033080474,-0.041141402,-1.321102115,0.0705515212,0.0411414025,25,0.012735115,0.0751385042,0.1350409421,-0.121875437,-0.004772507,0.1471468766,0.1000067809,0.0314479399,0.0728433891,0.3289514311,0,2.5499138274,0.0081008203,1.3332493703,0.0468793372,69.298300476,6.3274530738,0.1856724294,0.0,0.0,1,1.0,0,0.0,0.6124632123,7.0,-10.02665318,0.0645075776,-0.007423647,0.5485102968,-1.490319364,-0.326568872,0.1437447637,-2358.274283,0.0318276958,13.706962467,-0.000866701,0.0063804259,0.0106405064,0.0068866848,0.0076285189,0.0438277089,0.0,-0.00083647,2.1029816502,-0.274266905,6.0,13.525867445,0.1370551638,1.0963837294,0,-0.095378135,0.0379814878,0.020061397,0.0324811166,0.5685810604,3.4925407339,3.843192e-09,1.7337491e-08,1.0324462506,1.0659452605,0.0229264421,0.0466736728
15067,0.1810849467,-0.065396408,12.644845008,0.0,0.0158836612,0.1519605226,0.2604787276,,,,,,,-0.014056926,,1,,,,,,0.109933248,,,,0.6671592894,0,6.0063381966,,5.1316670653,,2.3928295643,16.187313433,-0.541425651,,,0,,0,,,,,,,-0.013311236,,0.0515341003,-0.010720947,-10386.54073,0.0457936334,12.534277339,9.30146e-05,-0.01483903,-0.016335089,0.0228795364,0.1697095287,-0.009041727,3.0,-0.001904762,2.6822232586,-0.324730676,3.0,13.532097762,,2.2448367026,1,0.0957318355,0.0502035134,0.0215832094,0.0472802589,0.3564474451,2.0001846276,9.1271924e-09,1.4876114e-08,1.4476057314,2.0955623537,0.1513163922,0.0881507069
15023,0.3941084653,0.0448913576,3.5445477178,0.0073544164,1.0583593533,1.2871111205,0.0455479665,,,,,,,0.0562171589,,1,,,,,,0.5585313175,,,,0.1847634702,0,1.5298308103,,1.0279862613,,36.309543568,6.7771065675,0.1111332537,,,1,0.6367152633,0,,,,,,,-0.189490544,,-0.113709119,-0.203059266,1188.6354882,0.0457306398,15.068559794,-0.006740463,0.0022482474,0.008125277,-0.005598895,0.0253049786,0.0014915912,0.0,0.0,0.5663391453,-0.024576543,3.0,15.324170897,,1.1716317022,1,-0.034541484,0.0131777255,0.0103742698,0.0201029236,0.7258522519,9.4564275944,4.773062e-10,1.587861e-08,0.8940022727,0.7992400636,0.0977678316,0.030575989
15015,0.4820553352,-0.019537096,1.031894252,0.0,0.0136677828,0.0172337998,-10.5361596,,,,,,,-0.058400834,,1,,,,,,0.3614457831,,,,0.9776618784,0,36.185201027,,36.185201027,,0.0352652671,,-0.001920424,,,0,,0,,,,,,,-8.338347341,,-0.42660587,-8.815752819,-5376.306757,0.0248274717,11.993460468,0.0,-0.070297094,-0.072980924,-0.012860064,0.9734194038,11.333333333,0.0,-0.000881185,-0.470120516,-0.067336814,2.0,10.868281521,,0.3574978371,1,-0.25352422,0.0906282291,0.037035347,0.0947184756,0.7828893516,1.5096018591,1.3948899e-07,5.5984045e-08,1.5024735263,2.2574266974,-0.162819529,0.0890906212
14882,0.8058263245,-0.076716747,-2.233502432,0.0030580332,5.4444053548,1.9242900111,0.0182347727,,,,,,,0.1801793178,,1,,,,,,0.0627944552,,,,0.2949582441,1,1.279267018,,1.2005030269,,3.8764811759,48.410891089,0.0274934955,,,1,1.0,0,,,,,,,-0.517519824,,0.4203911707,0.1003930753,-2008.867489,0.0889184991,13.332893868,0.0010484161,0.0046184655,0.0357618351,0.2496599105,0.0905525923,-0.043667707,3.0,-0.002217295,1.1516673505,0.0051930808,3.0,13.773447424,,1.1882841929,1,-0.017965162,0.0367762335,0.0172037875,0.0324430696,0.3071021496,1.5408131539,5.166921e-09,1.8042483e-08,0.6737968703,0.4540022224,0.3128191557,0.0465446045
15084,0.9357090565,0.0728352975,-7.334684998,0.0032044409,4.9725897059,0.4082704154,0.0399322301,,,,,,,0.0824938109,,1,,,,,,0.2219942552,,,,0.6160020229,0,1.0037803728,,0.9937299878,,0.6176843518,0.099673532,0.0286289812,,,0,,0,,,,,,,0.0154861556,,,0.0029561697,-5255.070622,0.0286434127,12.564650025,-0.002373501,0.0038763872,0.0230232368,0.0151416165,0.0732125886,0.0052414131,1.0,-0.000595238,-0.391259973,0.0241077105,3.0,11.830798877,,0.5362854987,1,0.0654744878,0.0431250334,0.0171612703,0.0292585872,0.6452101952,2.4984752073,1.9111878e-08,3.1475755e-08,1.0933648311,1.1954466539,-0.000685301,0.0369812965
14889,1.4198234754,0.0637402588,-31.44385598,0.0103163425,8.3701644567,0.3724199629,0.0238911548,,,,,,,0.102426543,,1,,,,,,,,,,0.527444779,0,1.0049839615,,1.0016090777,,1.3861766319,0.0548067017,,,,0,,0,,,,,,,0.4996005746,,,0.0228889018,8072.2182784,0.0286434127,16.307570073,0.0002284131,0.0016029027,0.011232513,0.0057985203,0.0156444956,-0.025273248,1.0,0.0,0.7508051662,0.0204828484,3.0,17.172116856,,2.6727828399,1,0.0654744878,0.0506741107,0.0191169434,0.0263080339,0.3149236971,3.1162992508,1.307364e-10,9.7182671e-09,1.0451016567,1.0922374729,0.0896592189,0.0235864807
15010,-0.467861017,-1.190958076,3.518855996,0.0,1.2454588749,0.1283665096,-0.687128713,,,,,,,-0.887213573,,1,,,,,,0.2733065848,,,,0.6240167701,0,0.9117217188,,0.7781350482,,0.7958374628,6.0149812734,-0.000202602,,,1,1.0,0,,,,,,,-9.460556708,,0.5733941298,-9.223719573,-5534.854906,0.0248274717,9.3975001806,0.000167729,0.0961391205,-0.253067395,0.0070786328,0.4325220584,-0.600762833,0.0,1.1243243243,-0.384249214,-0.064976994,3.0,17.209351926,,9.8670935927,1,-0.25352422,0.3387096822,0.1131541982,0.1321902001,1.0405364087,61.413279121,2.2564311e-08,2.383305e-10,1.7453277838,3.046169073,0.955576129,0.1832419965
15059,0.1230741034,-0.160533762,2.3632092628,0.0,0.2219427671,0.0573096669,-1.333496319,,,,,,,-0.044083084,,1,,,,,,0.1507155635,,,,0.8325476309,0,3.4593592492,,3.4593592492,,0.2067503257,7.3501890359,-1.316858451,,,0,,0,,,,,,,-8.697328573,,-0.42660587,-8.801435068,-5004.595397,0.0248274717,13.510402677,0.0,-0.285855113,-0.73733281,-0.011425122,0.7599697497,0.18547725,0.0,-0.081605073,-0.210009317,0.015953592,3.0,13.927368444,,1.1759214215,1,-0.25352422,0.0584079027,0.0301928742,0.0581260391,0.3704265028,1.8443415408,6.1683066e-09,1.9985595e-08,2.1752992016,4.7319266163,0.3336894732,0.0902820055
15105,0.4486887056,0.0625434765,-0.744130915,0.0955486928,2.3184464052,2.3333473603,0.0712858594,,,,,,,0.2622940824,,1,,,,,,0.2796658406,,,,0.2842071877,0,1.7175333719,,1.2461287731,,17.361250623,7.8779683722,0.1703642197,,,1,0.6980612069,0,,,,,,,-0.061164194,,1.4209684215,0.221195916,-9323.585736,0.0588548821,13.909326523,-0.000725663,0.008780961,0.0479156969,-0.018538732,0.0389027917,-0.005864732,0.0,-0.000475964,2.5027678375,0.0954851024,3.0,13.154870942,,0.390507394,1,-0.156910843,0.0252590906,0.0222189051,0.0344968331,0.517298094,1.1649495462,1.0382289e-08,6.1553572e-08,1.3372808064,1.7883199551,0.2014899865,0.0464059229
14970,0.1047893114,-0.045654285,7.1126163565,0.0,0.0607338588,0.1096899362,-0.966841495,,,,,,,-0.011798607,,1,,,,,,0.5041736227,,,,0.8020387114,0,2.5158006327,,2.5158006327,,0.9348532888,8.1202522775,-0.032996837,,,1,1.0,0,,,,,,,3.8828120807,,0.1119278668,0.9827736711,-3178.025648,0.0288563477,14.251287539,0.0029861889,-0.064886501,-0.103990976,0.0109178682,0.503851576,-0.003997427,0.0,0.00129394,1.0001123493,0.0232557114,3.0,15.268626174,,2.845209478,1,-0.111549313,0.0457687266,0.0248843086,0.0350256341,0.4371884171,3.7607585069,1.5541419e-09,1.1036539e-08,1.4959678019,2.2379196643,-0.126247135,0.0579301184
14953,0.2305644745,0.0222207803,243.47172044,0.0668598447,0.2983308934,0.6518980555,0.1114475982,,,,,,,0.0186300991,,1,,,,,,0.3063485726,,,,0.2806134574,0,1.678743794,,0.2776292254,,278.09668508,84.261142498,0.2278048466,,,1,0.9997931149,0,,,,,,,-0.276067435,,-0.062229589,-0.072490799,-3200.754298,0.0893035129,12.283357685,-0.008572128,-0.009613173,-0.022484379,0.0893455531,0.014051787,0.1985754798,0.0,-0.000542594,4.1232023561,-0.246243834,2.0,13.464738971,,4.9737254902,1,-0.092579986,0.0918518379,0.0554897093,0.0632579023,0.6771066373,14.684287345,1.1466327e-08,5.5802223e-09,1.7545559623,3.078466625,0.2185867476,0.0866660415
15065,0.1371508274,-0.036860156,6.9184715742,0.0,0.1504363169,0.0852378718,-0.182141627,,,,,,,0.0138845042,,1,,,,,,0.0338198243,,,,0.538023403,0,3.1589699461,,3.1589699461,,0.7652194707,10.228276221,-0.253451722,,,1,0.8546560384,0,,,,,,,-8.683251849,,-0.42660587,-8.74346748,-3933.048317,0.0248274717,13.932509286,8.13048e-05,-0.083299624,-0.177820712,0.0043772974,0.4437142336,-0.021497232,0.0,-0.009580292,0.0843643513,-0.028692194,3.0,14.738810741,,1.6900556703,1,-0.25352422,0.0654160008,0.0271119463,0.0515439668,0.3629240311,2.012579108,2.9017375e-09,1.6015259e-08,1.2706435673,1.614535075,0.0174093548,0.0795731494
14353,0.5924804242,-0.073460401,-2.593933543,0.0,1.4059417035,2.4123940198,0.05148873,,,,,,,0.1489741559,,1,,,,,,0.0474041091,,,,0.5732953411,0,0.5866053841,,0.4787711235,,12.923905636,14.555807324,-0.003923358,,,1,1.0,0,,,,,,,-0.456051665,,-0.346448983,0.0488358752,-1530.214321,0.1229481469,11.53468694,0.0,0.0083479093,0.0273451021,-0.181691594,0.0988952946,-0.091371204,0.0,0.0536560259,3.2877540957,-0.008652531,3.0,7.5898414915,,0.0193059361,1,-0.401912096,0.0886076167,0.0367564345,0.0347889505,1.7809540849,0.0935109554,1.93551e-05,1.2333014e-06,0.2250157668,0.0506320953,0.7321179526,0.0845281835
15046,0.1789544585,-0.031907496,4.4033332768,0.0,0.0316433333,0.033876234,-1.028729368,,,,,,,-0.03239422,,1,,,,,,0.1483771252,,,,0.9383223718,0,18.626134469,,17.250324134,,0.1842280892,4.9278366112,-0.817054926,,,1,1.0,0,,,,,,,0.1515963154,,0.1809489431,0.0407990223,-2152.575353,0.0318276958,14.458998766,0.0023523961,-0.065429645,-0.074386201,0.005196556,0.7735988098,0.1072945195,1.0,0.0017245096,2.423146238,0.090130439,2.0,15.746478456,,3.8446790481,1,-0.095378135,0.0828297213,0.028689291,0.0411926478,0.4262693284,7.9383969265,7.145365e-10,6.4504799e-09,1.0141940095,1.0285894889,0.3568076961,0.0780738753
15068,0.142504725,-0.000110215,2.7127544523,0.0998824659,0.1435035497,0.6014267694,0.2875994162,,,,,,,0.0798853074,,1,,,,,,0.1290126089,,,,0.5509213602,0,3.3081761006,,3.2525306978,,3.5298671896,54.791026043,0.3745617539,,,1,1.0,0,,,,,,,-0.111966158,,0.2532562121,0.015631457,-3846.407622,0.0885157098,12.391504984,0.0056885053,0.0036876181,0.0126226823,0.03955172,0.2021837644,0.0429344473,1.0,0.0004670715,0.965748755,0.0836034046,3.0,14.629508339,,5.4423275083,1,-0.101596569,0.0361227244,0.0189723754,0.0376299407,0.343666545,10.788183484,2.2416788e-09,3.7301533e-09,0.2712393958,0.0735708098,0.4723846784,0.0539297035
15011,1.3151134926,-0.004975464,-6.061929402,0.0,4.8562553732,0.1649713448,0.0144519203,,,,,,,0.0249641014,,1,,,,,,0.0773524721,,,,0.5901676182,0,0.9780332912,,0.9780332912,,0.1933810315,0.0425883056,-0.000885018,,,0,,0,,,,,,,0.3948905918,,-0.014465589,-0.05457354,-5463.913182,0.0286434127,10.617104272,0.000103433,0.000940764,0.0044798951,0.0066112076,0.0862543217,0.0334603323,1.0,0.001204471,-0.771613699,0.0049299448,3.0,7.3524411002,,0.2186805041,1,0.0654744878,0.0099132499,0.0045476195,0.0055733788,1.6591799232,1.1713375576,6.6116134e-07,5.0000001323,0.0608687545,0.0037050053,1.23166033,0.0153964614
15075,0.6380558088,-0.105809675,0.462185706,0.0,0.1139360925,0.0,-9.197894737,,,,,,,-0.09360538,,1,,,,,,0.72,,,,0.9776618784,0,40.247643979,,40.247643979,,0.0,,-0.074396501,,,1,1.0,0,,,,,,,-8.182346867,,0.5733941298,-8.850957364,-5445.106877,0.0248274717,9.3952708895,0.0,-0.268912014,-0.348129475,0.0,0.9734194038,-8.6,0.0,-0.11951342,0.2243369338,-0.03209791,3.0,9.9946975432,,5.8254946011,1,-0.25352422,0.3387096822,0.1131541982,0.1321902001,1.884803803,61.413279121,6.8204834e-07,1.5402408e-09,1.8458295167,3.4070866049,-0.319267353,0.1361406257
15126,-0.147586283,-0.051991146,4.6652941385,0.0,0.7224773535,0.4328109366,-0.036840603,,,,,,,-0.103639436,,1,,,,,,2.6960887949,,,,0.3376748202,0,0.6869625043,,0.6869625043,,2.9937349568,6.9738621372,-0.070955209,,,1,0.4344551611,0,,,,,,,3.6304364863,,0.1119278668,0.8909328414,-4039.003668,0.0288563477,10.844779703,0.0003656432,-0.026093543,0.0639920149,0.0116526594,0.0814166676,0.0207979388,2.0,0.0043859649,1.3055194108,-0.083859837,2.0,10.465669166,,0.4779284759,1,-0.111549313,0.1082251072,0.0453143309,0.0837717876,0.7702469761,1.2821203535,6.3082168e-07,6.0262559e-08,1.6118952537,2.5982063088,-1.257439391,0.1032047742
15119,0.1050830457,-0.077475191,3.8512068505,0.0005478272,0.2046953497,0.2121540829,-0.603169347,,,,,,,-0.0065984,,1,,,,,,0.0837998487,,,,0.8146076292,0,1.7464558669,,1.7464558669,,1.1143368502,9.8724485326,-0.384507079,,,1,1.081005342,0,,,,,,,3.8831058149,,0.1119278668,0.9879738782,-3703.232158,0.0288563477,12.754427482,-0.000375503,-0.096676138,-0.343612749,0.013484738,0.5587274467,-0.027001428,0.0,0.0046082949,0.7584856488,0.0821735095,3.0,12.51545551,,0.5948472648,1,-0.111549313,0.0247651543,0.0131715288,0.028475929,0.5302557092,1.8839217493,1.2402153e-08,3.990484e-08,1.0054827979,1.0109956568,0.4957269893,0.0515118712
15016,0.3819612558,-0.023207863,1.3747921513,0.0,0.1734858686,0.1786538217,-0.242957331,,,,,,,0.0017972016,,1,,,,,,0.4954954955,,,,0.803704921,0,5.9754485819,,5.002363496,,0.4624569674,8.6058099269,-0.144239913,,,1,1.0,0,,,,,,,0.3546031126,,-0.819051057,0.0749904441,-2863.715633,0.0318276958,11.896283182,0.0,-0.049132152,-0.07302321,-0.004057633,0.7813070483,0.008378977,0.0,-0.049261084,-0.164013521,-0.275236677,3.0,13.291276868,,5.6952913185,1,-0.095378135,0.0868984088,0.0294672035,0.0487670381,0.4759096747,6.2392581899,1.3221367e-08,8.570392e-09,1.1081333335,1.2279594848,0.0439248365,0.1185391613
15071,0.2493221257,-0.014919572,5.8547114794,0.0002383826,0.5421633771,0.7493470892,0.0786698136,,,,,,,0.0835591367,,1,,,,,,1.2474099485,,,,0.2633841169,0,1.1240218433,,1.1240218433,,9.284952504,4.7461217292,0.0727076601,,,1,1.0,0,,,,,,,-0.086116299,,0.2383944448,0.0509668091,-581.8203793,0.0772902197,14.774747715,5.31898e-05,0.0311035876,0.1348727387,0.022803764,0.1047718376,-0.000956083,1.0,0.00375,0.7833462705,0.0372090791,3.0,15.427271851,,2.6110619306,1,-0.045482084,0.0464841276,0.0203533443,0.0446457515,0.7602100648,23.987249483,6.112225e-10,5.6954291e-09,0.8260436155,0.6823480546,0.6083215289,0.0560859553
15087,0.4897570621,-0.137995193,0.7730231057,0.0,0.4415475766,0.4429538009,-0.152741988,,,,,,,0.0080737855,,1,,,,,,1.8974554707,,,,0.3204059558,0,1.0477720321,,1.0477720321,,2.0838389054,4.435332097,-0.00530975,,,1,1.3156996587,0,,,,,,,4.2677798313,,0.1119278668,1.0026460634,-4088.641118,0.0288563477,11.683212575,-0.002610939,-0.018182529,-0.035608672,0.0067543099,0.2371071833,0.0100753314,2.0,0.0037974684,1.5502547836,-0.063500266,3.0,9.9971322386,,0.1255255255,1,-0.111549313,0.0692640767,0.0247914682,0.0259694233,1.2865100636,0.2261565291,3.0920878e-06,4.0044869e-07,0.2050784416,0.0420571672,0.8144383126,0.0612056853
92089,0.6686113917,0.194625525,0.7133617688,0.0510470858,0.8509585383,0.9615261915,0.0900709992,,,,,,,0.010224201,,1,,,,,,0.4511970534,,,,0.4406567439,0,22.19732861,,1.9550586673,,10.756789694,70.272391243,0.4573475088,,,1,1.0154874184,0,,,,,,,-0.187976043,,-0.643242831,0.223648304,-1504.552674,0.0665802826,12.793579283,,0.0067586959,0.0157122206,0.0479310141,0.037947879,0.0004414515,0.0,-0.001641901,0.9695535556,-0.06257233,2.0,12.603926683,-0.588007218,0.7530419845,0,-0.105045736,0.0513889417,0.023685899,0.0394272773,0.5841738939,3.3773336677,2.6264966e-08,3.7583612e-08,2.1328254171,4.5489442597,-0.123655288,0.1275056539
88871,1.0135357187,-0.039068561,,0.0,0.4928650669,0.4937741781,-0.057995174,0.4630911718,0.3778607746,0.2601513656,0.7542067422,-0.326555277,-10.59861022,0.3750038936,0.3265552767,16,,1.6666666667,1.1733948632,1.4792368819,0.5341838512,0.2570185527,1.3093987045,,0.3538365374,0.4977312972,0,0.4393939394,-0.755701903,0.2976240788,,,10.923307914,0.787229721,0.0,1.0,1,1.0,0,0.0,0.5133292298,4.0,0.7666982099,0.1048521757,1.4740690676,2.1502277483,-0.863641422,-0.413328866,0.012387797,-1940.24585,0.0279332649,12.4047757,-0.062299301,-0.231417494,-0.349068043,-0.261090429,0.0,-8.657884746,0.0,-0.009210526,0.003450379,0.0077382904,4.0,12.983570783,1.0899398748,1.4940603833,0,-0.500704589,0.0413081311,0.0248430311,0.0585094206,0.3504565215,2.8749834756,1.3719941e-08,1.3388685e-08,2.5082373259,6.2912544831,0.0422541638,0.0690774847
15072,0.2534795654,-0.049164687,1.5741848628,0.0,0.2097650054,0.1154421237,-0.20734943,,,,,,,-0.007088409,,1,,,,,,0.1851851852,,,,0.7855390595,0,5.4872215709,,5.4872215709,,0.3385661957,6.3093971631,-0.043749661,,,0,,0,,,,,,,-53.95238753,,-0.105235675,-1.269706125,-2280.141008,0.0207317787,10.641416856,0.017287234,-0.068896655,-0.136217817,0.0363126605,0.4318434512,-0.002383733,3.0,0.0154320988,3.8580929283,-0.098900463,3.0,10.390882546,,0.4558247192,1,-0.142502855,0.0882026404,0.0396037071,0.0529286827,0.6612578547,0.8996938753,5.1800461e-07,6.5509049e-08,1.0146095206,1.0294324793,0.0390427374,0.0711250346
85875,0.8961551253,0.0868290633,-38.17424196,0.0197083395,6.0186701621,0.3238025409,0.0350465533,0.0096894096,0.0422339477,-0.011129793,-0.003679657,-0.003286044,-0.260435779,0.1094424581,0.0032860442,20,-0.001318751,0.0102389078,0.0356914886,-0.058934364,0.0409491219,0.0501535837,-0.17391075,0.0004614438,0.1096946942,0.3762803196,0,0.7038391918,0.0568893433,0.6955591699,0.0610546741,2.2384438714,0.101725611,0.0168824768,0.0,0.0,0,,0,0.0,0.3581586175,8.0,0.0266932601,0.0025411083,-0.033511126,-0.024067776,-0.763054393,,0.0299048169,-3734.660962,0.0286434127,14.361908526,1.68058e-05,0.0026516198,0.0196628644,0.0056112542,0.0200529081,-0.026804995,0.0,-0.000731641,0.2652818986,0.0643271857,7.0,13.564447966,-0.066127222,0.4780824134,0,0.0654744878,0.0434063338,0.0180441917,0.0234879127,0.3561379421,0.9037096724,4.5182717e-09,4.8511477e-08,1.3967081546,1.9507936691,-0.034786416,0.0312559082
15028,0.0802075191,-0.248476801,4.1764741604,0.0,0.1815631391,0.0925590808,-2.901058964,,,,,,,-0.134244932,,1,,,,,,0.0857211079,,,,0.8705951655,0,3.1872346448,,3.1872346448,,0.5249286452,1.6084852996,-1.527675032,,,0,,0,,,,,,,-0.354336082,,-0.111916426,-0.162249467,-6872.367014,0.0558672041,11.423602327,,0.0002821169,0.0026019081,0.0899834947,0.7935347283,0.1349912056,0.0,0.0097714736,-0.394344184,0.0082029244,3.0,10.948184343,,0.556384743,1,-0.168614603,0.0185590014,0.0085823393,0.0199490721,0.9991354435,2.5755427656,5.3140757e-08,3.1039947e-08,1.4525859368,2.1100059037,0.1171854429,0.0766924989
76544,0.3387001767,0.030901424,38.581818182,0.0,0.3673576244,1.1252606285,0.0609641466,-0.076438574,0.373876353,0.020573108,-0.214749675,-0.071146999,-1.692889561,0.0832141221,0.071146999,24,0.0113809766,0.1018518519,0.1278759196,0.198065194,0.2377707188,0.1937262108,0.0167942878,0.0935608145,0.1416640403,0.5422285639,0,1.239261561,-0.273902436,0.7797477609,-0.367362337,115.16746411,6.8052021487,0.239238735,0.0,0.0,1,0.7494369369,0,1.0,0.9202647337,7.0,-9.842472085,0.2492307386,0.0192897003,0.3113420335,-1.123747892,-0.819051057,0.1564073646,-3092.714303,0.0318276958,9.3592809035,0.0,-0.016687657,-0.035451505,-0.047093649,0.0177729904,-0.024456062,0.0,-0.022713054,1.0547831213,-0.003998416,4.0,8.76013937,-0.245777992,0.2163057626,0,-0.095378135,0.0588235296,0.0229524401,0.0384824459,1.1435191521,0.3508462997,1.19637e-05,5.0000002975,-0.050958073,0.0368050001,1.0978151666,0.0572841114
15110,0.2005989766,-0.012082245,4.7827716393,0.0,0.2706214883,0.1020829563,0.0086586583,,,,,,,0.0666473881,,1,,,,,,0.2922679302,,,,0.7990229883,0,51.70644176,,44.355703986,,0.6325570972,0.3479263839,-0.025922,,,1,0.4648960592,0,,,,,,,-0.565449604,,-0.540284895,-0.411810414,-1988.339144,0.1473165608,13.318158503,0.0,0.0051969712,0.0118817995,0.0344955509,0.2839336314,-0.013206938,0.0,0.0111111111,1.1563799612,0.0964458757,3.0,13.245478408,,0.9571295917,1,-0.258063742,0.056179788,0.0292667861,0.0533624727,0.2720238493,1.1368025524,1.0302558e-08,2.5602744e-08,2.1203057995,4.4956966834,0.2045442495,0.0880470596
15128,0.1509655943,-0.160268227,4.1603061649,0.0,0.0803929967,0.0416092876,-3.178811029,,,,,,,-0.079394511,,1,,,,,,0.107673046,,,,0.9138094978,0,3.275141619,,3.275141619,,0.225212139,1.3996352584,-1.803597756,,,0,,0,,,,,,,3.9289883635,,0.1119278668,0.9151777668,-3127.745558,0.0288563477,13.40157018,0.0006299311,-0.205511089,-0.447537177,0.019729126,0.5061830026,-0.215577649,0.0,0.0036546368,2.7177527009,-0.157473466,3.0,14.247012757,,3.2160129304,1,-0.111549313,0.0469314493,0.0262069323,0.0482005595,0.2318208932,1.917505518,4.5373772e-09,1.2629496e-08,1.0647790983,1.1337545282,-0.284915517,0.0782671591
15108,0.1314221835,-0.030672924,6.8253083284,0.0,0.0304845397,0.0675190872,-0.77607856,,,,,,,-0.008331091,,1,,,,,,0.2555018787,,,,0.8672616174,0,4.9670259843,,4.9670259843,,0.5498655111,7.9918193007,-1.426588231,,,0,,0,,,,,,,3.9094449527,,0.1119278668,0.9862411868,-2599.461658,0.0288563477,14.060255834,-0.00028579,-0.055613308,-0.071827409,0.0095005076,0.6946364589,-0.039867407,1.0,0.0013119916,0.6786080261,-0.093702319,3.0,14.687228266,,2.0405372113,1,-0.111549313,0.0490473881,0.0209512999,0.0345147391,0.493352768,2.9228155414,2.5305843e-09,1.5954545e-08,0.7622689741,0.5810539889,-0.17859711,0.0468157228
83671,0.5079138676,0.0710735708,2.6813994142,0.0,0.6464388813,2.3527543376,0.0800340505,0.4825973889,0.7463629022,0.0108312036,0.8317545791,0.020323246,0.2763608679,0.0514316171,0.020323246,20,0.0,0.5625,0.302658771,-0.525857512,-0.088606413,0.4800951264,0.277462965,0.0288160164,0.193141143,0.2989303215,0,2.2208353362,-0.24358719,2.2208353362,-0.24358719,102.71402249,5.8691508805,0.2060755568,0.0,0.0,1,0.8626312173,0,0.0,1.3570851129,2.0,-10.12303795,0.0094355277,-1.878966149,4.2859366368,-0.513614775,-0.853703761,1.046003895,-3310.379058,0.0288563477,13.584306385,0.0045496924,0.0199310103,0.0404684592,0.053616447,0.021877519,0.0017387654,2.0,-0.000445038,1.4474594455,0.2169096582,4.0,14.24724179,-0.361451582,1.9935154655,0,-0.111549313,0.0419417433,0.0549867405,0.0321582906,0.8184572222,19.459702764,2.3404946e-09,7.3216448e-09,1.64206803,2.6963874151,0.0863318908,0.0413990885
15132,0.3863440362,-0.162453227,1.3115914571,0.0,0.0804889348,0.0,-5.729533539,,,,,,,-0.131178504,,1,,,,,,0.1488314883,,,,0.9262695614,0,7.1331959762,,7.1331959762,,0.0,,-2.722136557,,,1,1.0,0,,,,,,,0.358985893,,-0.819051057,-0.057985261,-2973.799903,0.0318276958,10.350103249,0.0,-0.151733724,-0.184155933,0.0,0.8327189245,-9.4,0.0,0.0736767608,8.6410052323,-0.173867449,3.0,8.6067632754,,0.1461252574,1,-0.095378135,0.071129635,0.0316798219,0.0756925671,1.207646226,0.3859225794,1.25456e-05,2.0707907e-07,1.9905016845,3.9620969561,0.1560047029,0.0817447074
15134,0.0906534478,-0.056792449,8.7153183362,0.0,0.0234795258,0.0,-4.149786073,,,,,,,-0.019259646,,1,,,,,,0.0983076157,,,,0.8949769913,0,4.3664569105,,4.3664569105,,0.0,,-4.100880043,,,0,,0,,,,,,,-8.729749228,,-0.42660587,-8.77661163,-1261.461677,0.0248274717,15.306977594,0.0002526447,-0.044336846,-0.074653715,0.0004153832,0.7844433458,4.0429516371,1.0,-0.003686409,-0.324694098,0.0518092379,3.0,16.370894961,,2.8522147261,1,-0.25352422,0.0682853013,0.0270249626,0.0512382148,0.3394733511,3.2529923091,5.114734e-10,1.0740074e-08,1.9645347008,3.8593965906,-0.350687719,0.0973551049
15125,0.3153806818,-0.13818353,2.1494552249,0.0,0.006842936,0.0029310411,0.9227535636,,,,,,,-0.094313366,,1,,,,,,0.2748248867,,,,0.9776618784,0,51.70644176,,44.355703986,,0.0092953101,5.9765100671,-4.419343714,,,0,,0,,,,,,,-8.505021994,,-0.42660587,-8.85166535,-4939.732037,0.0248274717,12.519524467,0.0,-0.074390941,-0.075747561,-0.001565992,0.6579066633,13.063197714,0.0,-0.089470062,2.3050237972,0.242375996,3.0,13.718285842,,2.9034401828,1,-0.25352422,0.0832562074,0.0419482908,0.0702023206,0.3177004479,4.7160833832,1.002774e-08,8.5169668e-09,1.5598502347,2.4331327547,0.0799319301,0.096763592
12622,-0.255809669,0.0607604675,51.178233958,0.0,1.2215932492,1.1963493003,0.1878783733,0.0821338143,0.2652700219,-0.043507338,0.0541961464,-0.085723805,-1.372266667,0.1441400316,0.0857238048,21,0.0033316675,-0.103585657,0.0800421274,-0.013275845,0.0426824762,0.1252525253,-0.015687166,0.0696125698,-0.045465538,0.4172168339,0,1.6295620438,0.154703974,1.3961678832,0.1594015886,65.22614841,6.4836670179,0.1000054454,0.0,0.0,1,0.6848193264,0,0.0,-0.714026602,7.0,-355.6557931,0.0363549709,-0.283962644,-2.615225196,-1.349937875,0.7516498097,0.0067717379,27822.275902,0.2277833408,17.278330252,-0.001609388,0.0141595711,-0.060626519,0.0199237661,0.0184349135,-0.008823145,0.0,-0.000646329,0.6547732612,1.27031e-05,6.0,17.684625839,0.2425037217,1.7018459514,0,-0.166303822,0.0147340661,0.0085861758,0.0190715151,0.2398250005,1.9794182884,3.102115e-11,1.2369712e-08,0.7955276914,0.6328643078,-0.029343435,0.031491831
76201,0.2389866489,0.0593181672,2.1266806759,0.0280164813,0.2092346828,0.2175504599,0.4634094962,-0.027650258,0.3422012253,-0.038330535,0.0007896118,-0.02869815,-0.219932862,0.0723641815,0.0286981499,25,-0.000537673,-0.014,-0.002177097,0.0770439106,0.0193153984,0.2152651825,0.1696576698,-0.001603621,-0.05125474,0.7690756393,0,4.0853680313,0.3178043685,3.8452034144,0.3427785806,0.7197396597,9.6399002494,0.3119656418,0.0,0.0,0,0.0,0,0.0,0.6060838121,7.0,3.1102886157,-0.028563331,-0.18124053,1.0541411072,-1.073854292,-1.753853011,0.1640129883,5808.6097929,0.0446872923,16.207077001,-0.001221971,0.0258970056,0.0484643821,-0.007040586,0.6739362213,0.0164353363,0.0,0.0004716981,0.7164086329,0.0351469801,6.0,17.159625587,-0.197325279,2.4538595771,0,-0.101630079,0.0253330376,0.021779258,0.021043243,0.5495614293,14.664053828,8.310606e-11,8.1480757e-09,1.0835805861,1.1741468865,-0.028592729,0.0299222523
15090,1.7171641859,-0.445304585,-23.83391116,0.0,0.1710641765,1.0179706384,-0.000121047,,,,,,,-0.007095,,1,,,,,,2.2872109827,,,,0.1640115296,0,3.3545174295,,1.4462888309,,27.315297261,8.1213505462,-0.022255623,,,0,,0,,,,,,,1.6898060427,,0.1809489431,0.0660982428,-3033.766633,0.0318276958,11.622574206,0.0007417474,0.0017050583,0.0018287829,0.0054120375,0.0370482304,0.0127185995,0.0,-0.000217351,2.6418578734,0.0102906986,3.0,10.603807909,,0.2792985723,1,-0.095378135,0.0496958159,0.018363167,0.032174229,0.7363874692,0.6216294862,1.9047026e-07,1.1024177e-07,0.3938492921,0.1551172649,2.7298263544,0.0413343839
87053,0.6907396223,0.1763389144,0.7802360998,0.0,0.0313616793,0.3054987963,0.0545662555,0.1744575032,0.2595399509,-0.010169696,-0.607215241,0.2125872739,0.9859620149,0.0024754431,0.2600917619,20,0.0280459082,0.0731707317,-0.317473873,0.1885952217,-0.055056903,0.5042372881,-0.13559322,0.0363835519,0.322126607,0.6056660113,0,17.265565438,1.6048239409,14.135959339,1.4221534398,0.8577269011,7.9319470699,1.6230229252,0.0,0.0,0,,0,0.0,0.3054384559,4.0,45.532706439,-0.323320526,-0.046788199,8.984429267,-0.955753895,-1.044052376,0.2784028789,-5154.110956,0.0587429544,10.960516935,-0.062299301,0.0961391205,0.3043566914,-0.05407751,0.4932446058,-0.004084126,1.0,0.1497825068,3.0000851714,0.0889063962,1.0,8.9119612699,0.4920285787,0.1901108001,0,-0.101630079,0.0538922362,0.0259139988,0.047803105,1.1114567746,1.8846926724,9.421477e-07,7.5928235e-08,0.7387333592,0.545726976,-2.532741672,0.0726244326
14773,0.4850148476,-0.078093036,-0.331603842,0.0,0.7451351637,5.1596502987,-0.04848644,-0.104073946,0.0289933925,-0.81675762,-0.239587375,0.0096461177,0.1607746434,-0.090648417,0.0096461177,22,-0.090094699,0.0764925373,2.5078734648,2.5887843529,2.2489026118,0.1319077345,1.3948023406,-0.161227685,0.233696203,0.4919507319,0,1.4825614692,0.2179364089,0.6979788035,0.8911532386,34.54935026,27.51243715,-0.061867913,0.0,0.0,1,1.2674509443,0,0.0,0.0177226201,4.0,0.2602126912,0.5207043639,0.0532089936,0.7761984931,0.6997056919,-1.71332175,0.0704065433,-14745.9961,0.0739470786,13.563457789,0.0006744271,0.0170553686,0.0480023969,-0.459009724,0.1335089291,-0.033059783,2.0,0.0085165627,0.8713410916,0.0170029793,0.0,13.431988444,,0.6905723414,1,-0.13824669,0.0312334653,0.0114201563,0.0335784372,0.4347104284,1.1609734609,6.4518132e-09,4.1892575e-08,0.37948114,0.1440059356,0.724345448,0.0564102201
76207,0.3834895311,0.010460429,3.7200814309,0.0138196724,0.2901578419,1.4856275407,0.0236334475,-0.074345446,0.3942750968,0.005200652,-0.132126346,-0.16621962,-11.13434959,0.1269305019,0.1662196195,25,0.0357769214,0.0366232154,-0.043443383,0.1753628769,-0.139955703,0.2466914806,-0.027577617,0.0732791109,-0.025242781,0.5759346528,0,1.9850200188,0.0335120668,0.761884894,-0.217588396,16.934612961,20.645157478,0.1391029024,0.0,0.0,0,,0,0.0,0.7274255173,5.0,3.7121470766,-0.147811063,-0.070861414,-0.126363368,-2.718741141,0.576878454,0.0858323355,-10017.66374,0.0588548821,12.286831692,-0.003610527,0.0334963523,0.0622336366,-0.178210596,0.0304325841,0.0034547491,2.0,-0.006762849,3.526057302,-0.15206451,5.0,13.683680072,0.23049706,4.4822646135,0,-0.156910843,0.052157145,0.0273857153,0.0499673324,0.3221789876,4.0297728761,8.5843933e-09,8.4361773e-09,1.6585183042,2.7506829652,-0.057531314,0.0512776205
93087,2.5924269673,-1.190958076,-9.17428972,0.0,14.559695586,8.2257963184,-0.148206045,-0.022066199,0.2755069944,0.0,0.1941951864,-0.067237178,-0.415547808,-0.887213573,0.0672371785,7,-0.012710491,-0.008703704,-0.028830581,0.052957917,-0.011443148,0.1314113575,-0.190287153,-0.006409762,-0.487135378,0.513394095,0,0.9186847432,-0.170954113,0.4628445778,-0.151280645,15.571639168,15.752050473,-0.174273826,0.0,0.0,0,,0,0.0,0.7850598355,1.0,-0.134295834,-0.057334332,-0.087390092,8.492349805,5.5228594629,-1.218665359,-5.220382113,-6643.129872,0.1057354468,6.5512517671,-5.7649e-05,-0.021291896,-0.203586163,-0.954296447,0.2451694212,-0.046948933,3.0,0.9747939314,-0.617249584,-0.053462046,1.0,7.1137934021,0.0283734906,0.8920280333,0,-0.208549392,0.1607142389,0.0706167486,0.1276646266,1.888797027,5.8069868146,0.0001049881,1.9253462e-08,1.1025760003,1.2156738365,0.2607329861,0.1191320592
76360,0.4781990212,-0.010323002,2.1363603447,0.0,0.1301272431,0.5749690049,0.0120412145,1.8569397548,0.4628280315,0.4848007751,1.8008426966,-0.121611452,-5.00505689,0.0413442088,0.1216114516,26,0.00700364,1.4545454545,0.571387809,0.021387809,0.1776607695,0.0876107439,-0.260832521,0.5586161957,1.8095384144,0.4535551962,0,2.0292091485,-0.502022584,1.9589418573,-0.505855996,3.1904555,148.08907823,0.0672529747,0.0,1.0,1,1.0,0,0.0,0.5919337525,4.0,-0.017904492,-0.684757167,-2.727180435,0.1716449993,0.8393536735,-0.784390109,-0.024279932,-4496.422895,0.0775320588,10.542757549,0.0,-0.00110931,-0.001423215,0.0823230016,0.2863274446,0.019508822,0.0,0.0,0.0244542463,-0.11611433,3.0,10.237657861,-0.278112079,0.8588781999,0,-0.101596569,0.0538461618,0.0318649554,0.0602655076,0.921513424,4.838812508,1.6736413e-07,1.9672896e-08,1.1160016604,1.245459706,-0.286004027,0.0708680816
89369,0.2149818175,0.0695488886,7.7064810787,0.0,0.0208759396,0.1887356585,0.7784804111,0.4842650967,0.9100454236,0.0195102752,-0.062656224,0.0502642862,0.1427504186,0.0596207556,0.0502642862,17,0.0031636836,0.2581453634,0.4860485588,0.0004717142,0.2422219462,0.0590443758,-0.391164077,0.1141834392,0.5737188848,0.6973728237,0,8.3974527489,0.4862599907,7.3506549427,0.5653318335,1.9028235745,4.4656817009,1.6230229252,0.0,0.0,1,1.0,0,0.0,1.0586205726,7.0,-15.93596489,-0.039598471,-0.047962737,0.1476477485,11.581481073,0.830515665,0.3928484591,-3079.706069,0.0238858186,13.462791196,-0.007339121,0.0652185877,0.0716013578,0.0086411644,0.4100508102,-0.042612359,0.0,0.0009633911,1.1106575164,-0.192171292,4.0,15.571303792,-0.350196818,6.632052538,0,-0.25352422,0.0729614049,0.0348585409,0.0489056448,0.3678876256,8.6555476939,1.6212581e-09,4.0344453e-09,1.4894188952,2.2183686453,0.1916713586,0.0706564446
90069,0.1055969117,-0.460202757,2.0995757121,0.0064214338,0.0642856875,0.0014269853,0.9227535636,-0.30177305,0.0023640662,0.0280689655,0.0192307692,-0.117491474,-0.130852713,-0.399983978,0.1174914735,16,0.0,0.0,-0.333333333,-0.047619048,-0.669756902,1.4403669725,0.967697977,-0.006973995,-0.804646251,0.7037667175,0,10.489949749,-0.285858187,10.489949749,-0.285858187,0.0051786639,4.0,-6.347338936,1.0,0.0,0,,0,0.0,0.0026399155,2.0,7.2325681285,-0.004440797,-0.064349422,-0.740498738,,-0.258104017,-0.225583838,-730.7128917,0.1121772916,9.988325774,0.0,-0.305513595,-0.450388266,-0.000621135,0.1436325678,-0.033333333,3.0,0.0578897808,0.0487936044,-0.084217535,1.0,8.8590098484,1.3574927177,0.8484648017,0,-0.172615822,0.3018868566,0.0900133437,0.1065134739,0.9480271549,5.1220965402,5.9450709e-07,1.5667724e-08,1.1831475219,1.3998380586,-2.532741672,0.1427666291
15168,0.6027823444,0.0290751583,1.8739537263,,0.3379427789,0.7616888622,0.1134618324,,,,,,,0.0564254323,,1,,,,,,0.3491529692,,,,0.322565738,0,3.4589785393,,2.239081296,,7.8931847199,5.7601563753,0.3157287282,,,1,1.0,0,,,,,,,-1.374827619,,-1.054034708,0.1922335806,747.7775065,0.0506976226,14.891296862,0.0015029286,0.0125311563,0.0196073489,0.0094133701,0.0290606734,0.0072603743,0.0,0.0022507315,0.2728468409,-0.073401354,3.0,15.185338633,,1.2401604839,1,-0.060001469,0.0168223791,0.018535162,0.0217468959,0.3560634201,2.8187348186,7.292638e-10,1.6981155e-08,0.9536864703,0.9095178837,0.2604423372,0.0306282168
17073,0.9735653484,-0.088686572,-1.14562406,0.0,0.4147974994,0.1476182054,-0.039721777,,,,,,,0.2331059831,,1,,,,,,0.0712241728,,,,0.6129497018,0,1.4587233754,,1.4587233754,,0.4778042152,2.0481372424,-0.020060501,,,1,1.0,0,,,,,,,2.110257378,,-0.464531207,-0.129510114,-2175.01087,0.0279332649,12.16034989,,0.0040926589,0.0054597573,0.0049359938,0.0950417405,-0.273949768,3.0,0.0125,-0.673756152,-0.00993742,3.0,10.767623327,0.4406358803,0.1419066629,0,-0.500704589,0.0728744641,0.0428517484,0.0517599341,0.8391342033,0.6982642001,3.8002599e-07,1.0409331e-07,1.5869901359,2.5185376913,-0.073648658,0.0683237547
79013,0.5286735125,0.0708342563,-27.50865021,0.0262897573,4.6866984691,0.2614187234,0.0376486116,0.0730794697,0.05172434,0.0093093299,0.0667440497,-0.002044768,-0.145425306,0.0811353497,0.0020447677,22,0.0009589896,0.0096339114,0.0333534355,-0.055729448,0.1040983589,,,0.0006905898,0.1327164798,0.5533309663,0,0.9076900039,0.0153193254,0.9031110454,0.0144069595,1.731024636,0.0697065029,,0.0,0.0,0,,0,0.0,0.5386194453,6.0,0.0401558522,-0.001409973,-0.034116123,-0.391549388,-0.702278915,,0.0015977085,-5006.884522,0.0286434127,13.314691071,-0.000150756,0.0037394968,0.0340844843,0.0013802338,0.0210294341,-0.021561977,1.0,9.0784e-05,-0.236178743,0.0218061106,5.0,12.399900757,-0.009471187,0.2707564097,0,0.0654744878,0.0214247257,0.0155580875,0.0213112405,0.2510544985,0.4201874829,1.2849725e-08,5.9432643e-08,1.0262405775,1.0531697228,-0.003102031,0.023691862
15144,0.4726124983,0.0424185025,,0.0,0.28360307,1.5610872806,0.0825353627,,,,,,,0.1912199162,,1,,,,,,0.2218207414,,,,0.480272738,0,0.9746343882,,0.9101875568,,,16.390822996,0.7914991029,,,0,,0,,,,,,,0.0104273481,,-0.005205091,0.275692804,-4587.477798,0.2473249762,11.113887161,0.0085549776,0.0275575492,0.04475252,-0.022524111,0.0,0.0649459093,2.0,0.0103664265,0.9860980557,0.0876381584,3.0,,,,1,-0.179026286,0.1048119739,0.0374176543,0.035886142,1.5309473299,0.5890173769,2.0439267e-06,2.0000003053,0.4101548424,0.1682269948,2.5006976705,0.0355121826
90053,0.1740798874,-0.013390761,64.456666667,0.0,0.2986139606,0.8702081402,0.0511445659,-0.070528494,0.5283054354,0.001845586,-0.078104237,-0.066380739,-2.432142857,0.0191774821,0.0663807389,14,0.0006823277,-0.016949153,0.1496082891,0.3743220296,-0.29411872,0.6531365314,0.4510570229,-0.006582659,-0.057239057,0.3741768515,0,1.5656147987,0.0741940564,0.6881392818,-0.026437248,97.827956989,11.197538462,-0.015825459,0.0,0.0,1,0.7403946002,0,1.0,1.3677803678,4.0,-10.06676846,0.3701157761,-0.099511304,0.1467217442,-1.898075015,-0.819051057,0.0923707246,-3093.194963,0.0318276958,9.5164778594,0.0297416383,0.0192418703,0.050955414,0.2132710027,0.0791517324,0.0054938031,0.0,0.0295806221,8.6410052323,-0.147644849,3.0,7.6512765298,-0.082445623,0.282570873,0,-0.095378135,0.0814814568,0.0318329798,0.0317216992,1.4602939334,2.004520577,6.2878617e-06,1.0000000587,0.3919746754,0.1536441461,1.4247098065,0.0660858597
77486,0.5074772727,-0.136113636,2.9149711509,0.0,0.0562045455,0.1344772727,-0.424297321,-0.168694486,0.1366851014,0.0055809744,0.2004854369,-0.096125336,-0.438470529,-0.076431818,0.0961253363,23,-0.036312389,-0.033333333,-0.445558471,-0.879933471,-0.007499469,0.1554123334,0.0353525872,-0.055672867,-0.196075608,0.6599059753,0,8.6947731755,-0.255413405,4.0576923077,-0.339314535,0.8984208928,4.2970225127,-2.17427752,0.0,0.0,0,,0,1.0,0.1468226823,1.0,2.3498827032,-0.167850457,-0.200573864,1.3226317311,-0.251276213,-2.065658247,0.0152169886,-5075.172207,0.0446872923,10.445941747,0.0,-0.105746016,-0.118869042,0.0030478548,0.1932566976,0.0331271126,0.0,-0.062992126,-0.354631602,0.0585469455,2.0,9.1286918948,0.8605302571,0.3764024462,0,-0.101630079,0.1064959317,0.042101623,0.0785706237,0.7302662804,1.9914658721,6.837082e-07,4.6891579e-08,0.6500624842,0.4225812333,1.3513209089,0.1005552661
76330,1.0953661762,0.0669763123,-7.308801314,0.0,0.8525371138,7.4102528063,0.040496618,-0.109913636,0.4846125775,0.0238821673,-0.283502618,-0.055140812,-1.702702703,0.1810170603,0.0551408124,25,0.0,-0.103773585,-0.111836438,0.0309304605,0.0367992907,1.6744791667,0.1840252096,0.0035762073,0.0969289827,0.4965020362,0,1.8851438942,0.2194448969,1.8851438942,0.2194448969,57.136699507,6.4105103169,0.0991084928,0.0,0.0,0,,0,0.0,1.0537961186,6.0,-10.12437352,-0.261146516,-2.545239734,4.8733889454,-0.117024721,0.8766337491,1.1755893383,-4215.638798,0.0288563477,10.113682018,-0.024038591,-0.026643281,-0.045736953,0.004217742,0.0597696995,-0.001324551,0.0,-0.073033533,4.5339641649,-0.031481329,4.0,8.284769222,0.354960596,0.1793457912,0,-0.111549313,0.0445343703,0.0207600621,0.025762342,1.2950268795,0.7583262529,3.7422803e-06,2.0000001191,0.1824047306,0.0332714858,0.5254996587,0.0769152599
76230,0.3426875288,0.0311307308,24.849282297,0.0,0.2188848703,0.3482897169,0.070538779,0.0468834103,0.3804717307,0.0017239313,0.0263406547,-0.05094659,-0.901208679,0.0591860156,0.0509465904,25,0.0062805042,0.1596104996,0.0469476305,-0.037408805,0.024604877,1.2178894856,-0.081493276,0.0137314772,0.061284899,0.1714486897,0,1.5342810374,0.0576425757,1.0615639326,0.0511506205,16.186121622,6.1183600913,0.2730219886,0.0,0.0,0,0.0,0,0.0,0.6255933389,7.0,-10.04109404,-0.005702024,0.077048348,0.3153293856,-1.397219072,0.1294246167,0.132379258,3763.9218767,0.0318276958,15.610768931,0.0029376542,0.0098142955,0.0158675848,-0.005480146,0.0332266996,-0.004020244,1.0,0.0042630938,0.9989386559,0.2332476852,7.0,15.680207026,0.1581346533,1.215496892,0,-0.095378135,0.0489680693,0.019586268,0.023876367,0.2836548616,1.7136568152,3.77494e-10,1.9092178e-08,1.2282094426,1.5084984349,0.212416334,0.0399989946
76461,0.7228878336,0.0948199838,2.0365854847,0.0,0.0946672595,0.7113680564,0.1962776479,0.1830896978,0.6145297256,0.0081320591,0.2026053215,0.1705112445,1.3564196963,-0.03379571,0.1705112445,26,-0.035808808,0.2066666667,0.3313053775,-3.461493536,0.0882847326,0.3983870968,0.0835587929,-0.036245383,0.1805807946,0.421983481,0,5.109112426,0.3201699514,4.6960946746,0.5721910615,7.9408183147,2.3107725018,1.2180697118,0.0,1.0,0,,0,1.0,0.6935328701,5.0,0.0034446074,0.2364437448,0.1290878503,0.2230709208,0.1617976487,-1.233165733,-0.140467484,-4518.950334,0.2017925001,10.523737083,0.0003157263,0.0189161554,0.0217142857,0.0349084156,0.1095751494,-0.005616197,0.0,0.0276867371,1.9996147247,0.0299802506,2.0,11.357431803,0.1629215295,2.1051641253,0,0.0081788241,0.0638298094,0.0539145138,0.0946480689,0.7754459961,14.062876292,1.0749455e-07,9.4691044e-09,1.4035603094,1.9699815422,0.2603958615,0.0685647656
89948,0.4290897568,0.0407193219,2.5674051549,0.0172383744,0.0090628218,0.082991365,0.2733709002,0.0597838584,0.1913849927,0.0,0.1085271318,-0.011535313,-0.120622568,0.045630991,0.0115353129,21,0.0,0.0,0.2388836329,0.5985327557,0.0260606427,0.0103315343,-0.408570306,0.0547252242,0.0588005317,0.7579276054,0,51.70644176,0.2275795564,44.355703986,0.2275795564,0.3792354474,17.938356164,1.6230229252,0.0,0.0,0,,0,0.0,0.1952459145,7.0,6.1049663263,-0.104363261,-0.152484604,-53.77677734,-0.136126298,0.8577048056,-1.216986724,-2310.233448,0.0207317787,10.027637817,-0.016689645,0.0099165299,0.0101965962,-0.032781519,0.4574313576,0.7431708075,0.0,-0.019286062,-0.6444548,-0.014991974,4.0,7.2930176798,0.2053217738,0.0890834192,0,-0.142502855,0.0300353505,0.0162770772,0.0296328938,1.0187527503,0.3376472049,4.2852568e-06,5.0000003021,-0.022692764,0.0005149616,1.5298625706,0.0285144713
15508,0.0314682844,-0.060877847,84.8625,0.0,0.0217832928,0.0,-1.684058335,,,,,,,-0.087408373,,1,,,,,,0.2352941176,,,,0.586284039,0,3.3901827302,,3.3901827302,,0.0,0.0,-4.888367129,,,0,,0,,,,,,,-0.035865785,,-0.696480341,0.2458193305,-5046.345519,0.0238858186,11.125644027,0.0,0.0723663806,0.1285819251,0.0,0.2095010932,2.7666666667,1.0,0.0064354917,0.4396299443,-0.108389247,2.0,15.319379484,,,1,-0.25352422,0.073954992,0.0370368466,0.0716476247,1.7150318326,0.7376090762,5.8341726e-06,3.0000002172,,,,
15178,1.2569814081,-0.033553607,-15.45226405,0.0,4.9233820849,0.2122249173,0.018776134,,,,,,,-0.007732491,,1,,,,,,0.0992845787,,,,0.4284660518,0,0.8265926411,,0.8234651495,,0.7149455918,0.0659865912,-0.00449745,,,0,,0,,,,,,,0.4084177749,,0.0874113406,-0.094121182,-4950.584567,0.0286812661,12.034803782,0.0001497185,0.0013098024,0.0064400753,0.0067506855,0.0402585868,0.0086931907,2.0,0.0025206993,2.0049538643,0.024411222,3.0,10.921966746,,0.3531847052,1,0.0654744878,0.0145482067,0.0074501217,0.0123559538,0.4894427685,0.5930263168,2.7532179e-08,8.1733345e-08,0.3706606891,0.1373893465,0.2713458213,0.0173145961
11644,2.5924269673,-0.178973571,-183.1412575,0.0746749529,4.4000372544,1.7399743493,-0.022520691,0.0630733505,0.1860270973,-0.017260544,0.1824770737,-0.207577029,-8.021134282,0.6273066775,0.2075770294,27,0.0006248676,0.0610687023,0.3210664065,0.213480951,-0.133137148,0.1720864046,0.0549425317,0.2666731482,-0.085853541,0.536222817,0,0.4393939394,0.2883317003,0.3689808905,0.2593101962,268.09802028,9.7527006376,0.2478635579,0.0,0.0,1,0.3503215952,0,0.0,0.3457492345,4.0,0.9204732019,0.0002396765,-0.126412057,3.8639370085,-1.603828508,-0.463930872,0.8939813817,-2181.03039,0.0279332649,10.675182532,-0.014364754,-0.247134802,-0.811535723,-0.917374026,0.107107789,-8.413404202,0.0,-0.787671233,-0.189895695,0.134325482,4.0,13.296012047,-0.074348879,7.5975244571,0,-0.500704589,0.082621038,0.0516462027,0.0985242413,0.4552377299,8.6476711683,4.6650532e-08,4.626401e-09,2.9799309239,8.8799883113,0.047197281,0.1267614193
76261,0.2300572346,0.0383300019,4.5113015939,0.0124206873,0.1139616191,0.2869537579,0.2803893862,0.0614035088,0.2463782012,-0.014773423,0.1091039072,-0.021286462,-0.185523697,0.0454411256,0.0212864623,25,0.0,-0.00304878,0.0288214797,-0.093132275,0.0926423285,0.1911972828,0.1091450532,0.0124474817,0.039262483,0.6331179664,0,3.3587497637,-0.037190607,3.3587497637,-0.037190607,1.9734331587,3.5279733235,0.4007074631,0.0,0.0,0,,0,0.0,0.3607392187,4.0,0.8203051996,-0.002457308,-0.127419083,-0.10538119,-1.514881609,1.1718674728,0.0128487979,-1093.064339,0.0772902197,14.072937426,-0.000798168,0.0318387063,0.0451437442,0.0003818777,0.4100319529,0.0295978709,3.0,0.0003366248,0.5280858199,0.0836393153,5.0,13.9210904,-0.192463037,0.8105310473,0,-0.045482084,0.0218813829,0.0104084482,0.0197865585,0.3549856874,1.4036477411,1.9437894e-09,2.7785742e-08,0.9792969062,0.9590224305,-0.001306793,0.0265952868
15400,-0.024962945,-0.001661427,3.5311062537,0.0067287807,0.7018284361,0.6776962042,0.2282926829,,,,,,,0.0672047351,,1,,,,,,0.203307393,,,,0.5735670103,0,2.4080803762,,1.8182984181,,3.2495518821,6.7955018742,0.0438932627,,,1,0.4,0,,,,,,,8.2687266991,,-0.044052376,0.343132171,-2801.482166,0.0587429544,14.804675028,-0.011718423,0.0206785427,-0.077803974,-0.036385258,0.3081124202,-0.033129635,2.0,-0.002583312,3.6607702899,-0.118608796,3.0,8.0903439313,,,1,-0.101630079,0.0305847824,0.0153416652,0.0263008255,0.3456655027,2.5596707217,7.049472e-10,1.3283646e-08,,,,
76224,0.9576259137,0.0611511615,-0.753146269,0.0,0.2876860926,2.0747134836,0.0819496082,0.0129832126,0.1606797754,-0.015438922,-0.098734018,-0.032502862,-0.657662357,0.1013679785,0.0325028625,25,0.0027347988,-0.007529711,0.1159376924,0.1905974578,0.0550190144,0.2442370386,0.1055093487,0.0154117575,0.0521640412,0.6677625394,0,3.866780099,0.1471540061,2.7493664682,0.1576419043,6.5447311033,5.3690410607,0.3150648935,0.0,0.0,1,1.0,0,0.0,0.2154921669,7.0,3.087337832,0.0705750385,-0.174770241,1.7727803721,-0.086153809,-1.907659724,0.1930167853,-3771.004847,0.0446872923,13.781973323,0.0003020849,0.0122228754,0.0158885783,-0.091257418,0.277183667,-0.004469008,0.0,0.0004595588,2.3083375448,-0.132679502,5.0,14.065616579,0.1411707728,1.4618806192,0,-0.101630079,0.03365165,0.0326865316,0.0261043942,0.510945501,5.0411962329,2.1160814e-09,1.3900835e-08,0.9234971676,0.8528470185,0.0742502751,0.0237153784
77256,0.7949122723,0.0639082472,-38.32271801,0.019232424,6.0872274841,0.3220141651,0.023132543,0.0918407309,0.0475529606,0.0622520449,0.0812406189,-0.004801434,-0.495309698,0.0955626218,0.0048014335,22,0.0002845022,0.0375647668,0.011730652,-0.164754782,0.0352303549,0.1417549193,-0.130529429,0.0018955447,0.1804625466,0.4758857152,0,0.8142721307,0.0443851285,0.8098278141,0.0448470354,2.2686645963,0.0755238393,0.0141364345,0.0,0.0,0,,0,0.0,0.4451176005,6.0,0.00369436,-0.000948456,-0.006185267,-0.125310629,-1.037000728,,0.0160249806,-5044.769862,0.0286434127,13.065898752,0.0001286228,0.0028118687,0.0247587577,0.0119911987,0.0342601709,-0.014567258,0.0,0.0004911591,-0.277271162,0.035866525,7.0,12.285586544,-0.115481514,0.3116271314,0,0.0654744878,0.0229186956,0.0129246276,0.0206600988,0.3798658997,0.4785453307,1.8308437e-08,7.795644e-08,0.8750610542,0.7657318486,-0.049977817,0.0313244525
15272,0.1168680914,0.0147856225,7.5667623611,0.0,0.0971058584,0.227568798,0.2045539808,,,,,,,0.0084383265,,1,,,,,,0.1530882653,,,,0.7937974632,0,2.7503219941,,2.0499848473,,2.1907149452,5.0619433198,0.1832378235,,,0,,0,,,,,,,8.410557736,,,0.2843657623,-3780.568316,0.0587429544,13.90277347,,0.0472161697,0.0864481503,0.0533775033,0.4742235192,-0.018397086,7.0,0.0021815009,2.8218413244,0.2344213203,2.0,15.664572794,,5.6452988305,1,-0.101630079,0.0525260419,0.0248434896,0.0401759462,0.3305730405,5.7789827501,1.0977883e-09,5.7671071e-09,1.8310050316,3.3525794256,-0.066770432,0.0871099571
14543,-0.467861017,0.072438256,2.2142600405,0.0108073011,1.8715965659,4.4206911478,0.2840186134,,,,,,,0.112382464,,1,,,,,,0.3038053434,,,,0.3921942084,0,0.9661357419,,0.5975115242,,17.38763928,66.8651244,0.025086669,,,1,0.0024853702,0,,,,,,,-1.174273408,,1.3738423468,0.0223366863,-9307.445161,0.0604618429,12.332368362,0.0089506839,0.0523272068,-0.120265081,0.162951206,0.1973139532,0.0076529042,2.0,0.0824952505,1.1531886363,0.0039808406,3.0,18.734862128,,,1,-0.156910843,0.0122180553,0.0079081687,0.01939264,0.6233593771,0.6701086309,2.1234515e-08,7.8120767e-08,0.6567953712,0.4313801596,0.1316525041,0.03868022
76279,0.6068090825,0.0354966431,-0.961464935,0.0,0.5871149317,2.778853162,0.0170257556,-0.001056365,0.1948387505,0.0002648105,-0.010019222,-0.012804426,-0.424374891,0.0505605271,0.0128044261,25,0.0224943571,0.0745936317,0.0633732065,0.100777599,-0.348170388,0.2760307067,0.3292045671,0.0389308388,0.0455588986,0.5562795149,0,1.4268537898,0.0253075255,1.0948011661,-0.013525643,16.950428451,6.7248207562,0.1424794802,0.0,0.0,1,1.0,0,0.0,0.3907584594,6.0,-0.053210952,-0.19161391,-0.001326067,-0.059053946,-0.426793019,0.6085145363,-0.106170729,-305.2638066,0.1581246918,13.125212523,0.0026481177,0.0174915674,0.0338940865,-0.003945157,0.1289298154,9.6962e-05,0.0,0.0040053405,-0.024769501,-0.044182007,5.0,14.029243612,-0.203271262,2.1316175089,0,0.0482077756,0.0412493087,0.0212851883,0.0299787221,0.4940416389,6.1081641516,5.9709613e-09,1.2382158e-08,1.4922993352,2.2269573057,0.1434848966,0.0503637091
76478,0.63030093,0.0450308972,2.3501636599,0.0089887005,0.3021329795,0.5797080652,0.0845589885,0.0216359737,0.2574458628,-0.01488152,0.0537791409,-0.028088186,-0.57545045,0.0709439473,0.0280881859,25,0.0071141456,0.1046124584,0.0116188432,0.0385702605,-0.007116977,0.2402337186,0.1226910701,0.0153787773,0.006913479,0.2595117911,0,2.0825984038,0.0351313391,1.1876043041,0.0047945402,13.633021238,5.2363971269,0.2210491406,0.0,0.0,1,1.0,0,1.0,0.3740104211,5.0,-0.784628536,0.0976089271,-0.003914477,0.9310190509,-0.837481167,0.117063971,1.004962618,-2185.085676,0.0352290716,13.809198185,-0.000530792,0.0149600619,0.0219287059,0.0023726026,0.0456036047,-0.009333169,2.0,-0.00362117,1.1413209878,-0.042393049,4.0,13.608733284,0.0268621394,0.7398601399,0,-0.095378135,0.0190650169,0.0095681389,0.0176515903,0.4227746991,1.21980798,3.2649434e-09,3.7752081e-08,0.8461606985,0.7159879277,0.0889263263,0.0237890503
90608,0.2684245871,0.0696203969,2.1265948856,0.0,0.5623160948,1.6090876354,0.1178055911,0.0269088868,1.2401347449,0.0138538504,-0.115392467,-0.07114734,-0.837837838,0.1279509997,0.0711473399,12,0.0,0.5588235294,-0.102329285,-0.513996869,0.1497128585,1.8248175182,-0.290017006,0.0336461341,0.5488581056,0.3083537705,0,0.8810097312,0.3513977887,0.8810097312,0.3513977887,13.351009421,9.6684210526,0.2110109134,0.0,0.0,1,0.0186358554,0,0.0,5.7231374017,7.0,-10.08259119,0.0201868874,-1.88264262,4.0464473563,-0.575761087,-0.888072133,1.1225232776,-4203.597258,0.0288563477,10.681816505,-0.000271729,0.022586295,0.0670711886,0.0884799855,0.143990014,0.0079046594,1.0,0.0,0.7226217977,0.063537946,4.0,10.752553267,-0.611550588,0.6856695273,0,-0.111549313,0.0765027255,0.0421964511,0.0641906325,0.6353986856,2.6514448142,2.5768514e-07,3.4320651e-08,1.3476741235,1.8162255432,-0.000379028,0.0933201205
79037,0.4948383032,0.049639128,2.7450801225,0.0193226674,0.3164397516,1.0084994344,0.1326546247,-0.072010317,0.6575223781,-0.017976285,-0.174912098,-0.028474918,-0.483657315,0.0736474554,0.028474918,23,0.0089416061,0.0,0.0106353771,0.0008977302,0.003216272,0.0690959626,0.1104526604,-0.001766412,0.0082866985,0.5247137894,0,1.9200959076,-0.145292862,0.8424405366,-0.280774203,9.6274559837,60.141866582,0.2149310727,0.0,0.0,0,,0,0.0,1.1556908078,6.0,-0.028380118,0.0578965726,-0.036176487,-0.03992608,-0.347959024,-0.0165483,-0.000473177,-1022.482417,0.1761608433,13.758275166,0.0008624561,0.0216479941,0.035507673,-0.000419872,0.141455262,0.0034191329,2.0,0.0011359334,0.264353077,-0.054037465,4.0,14.044252225,0.1293821877,1.6783332733,0,0.0498010166,0.1103225201,0.0277047912,0.024598549,0.6178733007,5.5362086271,2.0821846e-09,1.3385885e-08,1.2062450436,1.4550271053,0.0419151867,0.0337476584
78071,0.275159159,-0.123826856,2.9606923321,0.0,0.1134959561,0.3117981948,-0.629458033,0.9138797603,0.5980088923,0.6429661879,-0.23097043,-0.06026028,-0.143981824,-0.105998039,0.0602602802,24,0.0249886666,-0.045454545,-0.155484671,0.0353124888,0.0111063004,0.5374517375,0.6329232489,-0.022649655,3.3337725082,0.7665027187,0,3.3928549316,1.8790842556,2.6184137205,2.9683185006,1.5100126743,5.2927587739,-0.913692863,0.0,0.0,0,,0,0.0,2.1345360217,4.0,-10.22849201,-0.684757167,-0.128016697,0.2478010158,-1.771408348,0.1809489431,-0.032804797,-2961.262453,0.0318276958,11.323276377,0.0005350813,-0.104064819,-0.172049589,-0.028241472,0.3264968504,0.0400064593,1.0,0.0,0.7492509027,-0.214693412,3.0,10.832484375,1.1344280016,0.30124563,0,-0.095378135,0.1219512001,0.0378201005,0.0759505813,0.5989790376,0.4347674688,5.1823027e-07,1.7053837e-07,1.2670936947,1.6055264312,0.5813649778,0.1083163589
76529,0.9136722281,0.0967923306,-17.33128456,0.0265222551,7.1443727003,0.4126240152,0.0351240765,0.1928739447,0.0599116383,0.0483328235,0.2000769599,-0.002304498,-0.176355699,0.1138622097,0.0023044977,22,0.0261001255,0.5836431227,0.2586499322,0.0542714644,0.0061055192,0.0654827035,-0.157322993,0.0346409812,0.1399365943,0.5289982958,0,0.8716360372,0.0096397787,0.8305484142,-0.022495183,1.0298934162,0.0817487918,0.0167617877,0.0,0.0,0,,0,0.0,0.5049774195,8.0,0.0132022875,0.0075722596,0.5398930887,-0.006550673,0.621195015,,0.0343245685,-5318.633862,0.0286434127,12.086312252,0.0004899114,0.0035552155,0.031228594,0.0492060535,0.0939195831,0.0112713257,2.0,0.0038022814,1.2763192796,0.0052492082,5.0,11.650667972,-0.175207249,0.5267800882,0,0.0654744878,0.0192228761,0.0097261525,0.0181829353,0.3761566387,0.5898245774,2.943116e-08,6.495452e-08,0.419827576,0.1762551936,-0.134959053,0.0312089054
76515,0.2671376305,-0.000683216,4.5833163265,0.0389433374,1.1683001233,0.5745850314,0.0541687469,-0.039744175,0.1224303335,0.0230769231,-0.013556389,-0.079934747,-33.80952381,0.1164884041,0.0799347471,24,0.0,0.0,0.0319018405,-0.071301006,0.0294842981,0.0833019224,0.1557045648,0.0370031978,-0.137816979,0.4369659848,0,1.6221079692,0.8829604669,1.6221079692,0.8829604669,8.5816326531,5.4258064516,0.0635980833,0.0,0.0,1,0.2942528736,0,0.0,0.427783903,6.0,-0.785203897,-0.061871614,-0.25907521,8.9873563434,-11.38152034,0.50045689,0.025477915,-4814.899599,0.0257826007,14.568694493,0.0065313739,0.0079868452,0.0541401274,0.0034470129,0.0410101946,0.1258486907,2.0,-0.000573066,1.5166594628,-0.022991127,3.0,15.36424791,0.1527010121,1.8833925418,0,0.080304809,0.0382009149,0.0156259519,0.0221802508,0.3582143873,3.3067477843,7.091877e-10,1.4889315e-08,0.9053305271,0.8196233633,-0.119966791,0.0321703331
76504,0.784780808,0.0674821564,-13.36993078,0.0113123066,4.8539161622,0.2248135507,0.0293532903,0.0480067586,0.0358629305,0.0028269883,0.0402550178,-0.001087792,-0.088812305,0.0734754023,0.0010877924,25,-0.001824836,0.3948763251,-0.017395566,-0.124152693,0.03312998,0.0789310006,-0.290163571,-0.002083666,0.0986428106,0.6066605076,0,1.0746519026,-0.00507286,1.0709574587,-0.002361599,0.688991123,0.05253546,0.0149862121,0.0,0.0,0,,0,0.0,0.2701273706,5.0,0.0243156683,-0.000783443,0.3511262911,-0.135442093,-0.997204919,,-0.006062239,-3456.016972,0.0286434127,14.693608717,-0.000880644,0.0032288958,0.0230566215,0.0044148311,0.0444056905,0.1092909712,0.0,0.0006675567,-0.181071573,0.0020703487,5.0,14.72238924,-0.11863912,1.335172408,0,0.0654744878,0.0350686684,0.0144205241,0.0243541515,0.5022288947,4.7442781292,8.946672e-10,1.4651105e-08,1.1675933883,1.3632743205,-0.031601901,0.0264482451
91902,0.7261581448,0.0647320738,-3.330051177,0.0232547948,0.6289368805,1.035413791,0.0804554389,0.0448940765,0.1852936698,0.0022547914,0.1218030533,-0.028678214,-0.587449977,0.1027589291,0.0286782144,11,-0.009913832,0.0892687559,0.0707604137,0.0229500693,0.7093732867,0.1052489601,0.1256407641,0.0380240712,-0.013673464,0.5334889665,0,7.2143672675,0.1668350881,2.5755891216,0.2255540121,9.9426037313,6.1498637946,0.1784725557,0.0,0.0,1,1.0,0,0.0,0.3252098174,7.0,1.0011877103,0.1156771201,0.1146848658,0.8763074671,-0.558453092,-1.143526077,-0.182379442,-1163.260827,0.0987435057,13.057904245,0.001846846,0.0091071125,0.0157850784,-0.006510153,0.0768500339,-0.035317791,0.0,-0.005285412,0.6505701468,-0.026833469,6.0,13.783871273,0.0671326132,1.5359859099,0,-0.200344257,0.0451388173,0.0209195133,0.0358314258,0.3570235776,3.0006393261,5.5471448e-09,1.4194375e-08,1.4651270016,2.1465971308,0.0405259678,0.0350649738
88284,0.636016091,0.023673844,-8.735037485,0.0,3.6236869819,2.9614548891,0.0628873427,0.6019470366,0.1789418246,0.2285524834,0.6736116131,-0.065830989,-9.838926174,0.2565990475,0.0658309888,20,0.0080827073,0.5517241379,0.4340237148,-0.0194576,0.1087866278,0.1087619235,-0.011361446,0.2241735625,0.3048323781,0.3217378651,0,1.5508498189,0.016868914,1.3956533853,0.017453931,36.618860511,5.1890311804,0.0688909099,0.0,0.0,1,0.5990648043,0,0.0,0.6767004789,5.0,-355.6597549,0.073871204,0.3713471512,-1.723399435,-1.080586613,-1.279486016,0.1192307538,3257.2614022,0.2277833408,14.590451745,-7.3465e-05,0.0021702347,0.0140442752,0.0130571885,0.0068410019,0.0087406574,0.0,-0.008650924,0.3829311067,-0.048754234,5.0,16.487408239,0.1581017423,7.0555965798,0,-0.166303822,0.0512681492,0.0308896893,0.0449636328,0.2863949403,7.6055448253,4.511662e-10,4.0492827e-09,1.3937842384,1.9426345033,0.1236345624,0.0562378449
76582,0.2688053112,0.0523501952,23.891534539,0.0,0.0688254364,0.437173317,0.2641840244,0.0967535891,0.5657946705,-0.023419718,0.0240547746,0.0547020965,0.337237601,0.034695741,0.0547020965,24,0.0164068436,0.229338843,0.1309472569,-0.008771845,-0.026664024,0.1482922086,-0.05431056,0.0585824188,0.1170580286,0.5753290257,0,5.0143009699,0.0637358764,3.1039490053,0.0624249544,15.768759443,3.6473220569,0.8740094511,0.0,0.0,0,,0,0.0,0.723325299,5.0,3.7555078272,-0.080956286,0.1218542131,-0.241047588,-2.418248017,0.4969706283,-0.006402425,-8769.064766,0.0588548821,14.440792202,0.00226373,0.0416764621,0.0516271671,0.0072642166,0.1240737989,-0.002361206,3.0,0.0001965023,3.5981535262,-0.092444796,6.0,14.823922444,0.1555167464,1.6664651814,0,-0.156910843,0.0272395574,0.0127888762,0.0233605027,0.3631959332,1.6809515151,1.1418591e-09,1.9730367e-08,1.1189808911,1.2521182347,0.0816286169,0.0310650472
76584,0.2481488491,0.0092148572,10.662724936,0.0,0.1409076031,0.4045246469,0.0836843539,0.0072294359,0.5175257259,-0.021655422,0.1874244752,-0.108730933,-4.584345395,0.0514589455,0.1087309334,24,0.0024126741,0.04,0.0193927355,-0.048429358,0.0659721348,0.3800329793,-0.063720092,0.0066202055,-0.07563595,0.4480486984,0,2.7118735846,-0.065738536,1.7642958094,-0.103062975,6.8297791115,6.0669828937,0.2036533084,0.0,0.0,1,1.0,0,1.0,0.7435002937,6.0,3.1408992396,0.0266812159,-0.12724053,1.0633033074,-0.461346392,-1.775462343,0.1431077523,-1625.357897,0.0446872923,15.047524288,-0.000346794,-0.000468247,-0.000710863,-0.025931107,0.1681461575,-0.020478643,0.0,0.0,0.0247485129,0.0314993048,7.0,16.044710449,0.0167769249,3.5939849149,0,-0.153568724,0.0119426446,0.002610249,0.0030435966,0.6977843845,6.8864650263,5.197764e-11,7.5183509e-09,1.1463746309,1.3141747945,0.1379173281,0.0404057896
76586,0.9811752375,-0.120894028,-2.740076342,0.0,0.6754361438,0.8399327329,-0.071977023,0.0549365814,-0.043997,0.011342155,0.4814801702,0.1221024176,1.8248354793,-0.341505739,0.1221024176,22,0.004977677,0.4867724868,0.1253954914,,0.0834828281,0.0226300326,-0.222075636,0.1951696409,-0.100251856,,0,,,,,5.4414963547,,-0.166365678,0.0,0.0,1,1.1713325151,0,0.0,-0.091171501,1.0,3.05377007,0.014221134,0.4490279802,12.374286127,-0.655875863,-0.968592098,1.9933435278,-402.3057819,0.0796288203,12.340460814,0.0002620385,-0.00331515,-0.006981436,0.0849758192,0.0596529284,0.6535353051,1.0,0.0098561717,-0.126047747,-0.075781591,2.0,12.640226132,0.4915817057,1.0856700524,0,-0.186226261,0.0187561288,0.0114609907,0.0351213058,0.4008835147,1.5727555135,1.2223904e-08,2.4420029e-08,1.3980646025,1.9545846328,0.0431889448,0.0381450069
76613,0.2998092105,-0.283535729,0.1035527102,0.0,1.0611830717,1.1265157595,0.0839743575,-0.286136577,0.3022016466,0.0045560591,-0.206480986,-0.348238241,-2.011914044,0.2869137866,0.348238241,24,-0.008112405,-0.180037313,-0.072125601,0.2395235372,-0.043102478,0.4881995024,0.3288835703,0.1306103709,-0.473850225,0.6492378199,0,2.4491931853,0.0281749731,2.1153617779,0.0246084449,2.9283596156,3.7214659227,-0.066773956,0.0,1.0,1,1.038886004,0,1.0,0.9386101045,5.0,0.965409637,-0.036790425,-0.367518073,1.43650124,-2.528856877,0.5354687929,-0.07570231,-2047.80237,0.0279332649,11.550584943,-0.007890443,-0.043441103,-0.145499322,-0.620307742,0.1973104298,0.1188856214,0.0,1.1243243243,8.6410052323,0.0349963903,3.0,13.081138292,1.3574927177,3.4018238262,0,-0.500704589,0.1108433828,0.0410112883,0.0682133974,0.4223231486,3.9021290547,4.2222241e-08,1.2117053e-08,3.3482519805,11.210791325,-0.032791133,0.1380603139
76614,0.0604999904,0.0082831556,42.874679615,0.0,0.0316383068,0.0670973111,0.2794268054,0.31203319,0.9038337005,0.0275161255,0.3309167645,-0.115811891,-1.135054615,0.0176849897,0.1158118906,24,0.0171503362,0.25,0.3396192888,0.1987535128,0.0002948273,0.0540752472,-0.308398797,0.1823780512,0.3023698872,0.5732855747,0,3.3108193566,-0.449401757,3.1139828308,-0.461034496,3.1311711532,2.7713384818,0.3442306197,0.0,0.0,1,0.679332592,1,0.0,1.3472083054,6.0,47.541625159,-0.039534196,0.0413767599,-8.759902686,1.4790874314,3.2692338487,-8.739666995,36474.541543,0.0248274717,17.475560565,0.0225818503,0.0464765616,0.0630225092,0.0085051366,0.1728066156,-0.057709029,2.0,0.0008384572,0.0285482132,-0.025664929,7.0,18.123587831,-0.54259906,1.9698314997,0,-0.25352422,0.1243202686,0.037778403,0.0403985544,0.4850045936,5.666301716,5.427833e-11,1.0318136e-08,1.3020202317,1.6952566838,0.0789780071,0.041794182
76978,0.4178652348,-0.135912716,-1.994567711,0.0132905047,2.1086735495,1.6359123004,0.0167587012,0.1770349209,0.1587316477,0.0078940891,0.1374464653,-0.08383146,-1.634979246,0.0863017537,0.0838314596,24,0.0035371538,0.1723684211,0.2626212438,-0.784287662,-0.223834876,0.0636573791,0.1932237503,0.3012635199,-0.236219974,0.4862390811,0,1.0232539433,-0.390032401,0.7447550658,-0.441823693,10.694897613,10.661365994,-0.005004852,1.0,0.0,1,1.0,0,0.0,0.5652325192,4.0,0.3487721767,-0.065741894,0.1136932271,0.2197895854,-1.381267792,0.4834039693,0.0289412113,-1903.762988,0.1172520361,11.289271917,-0.002990013,-0.013537234,-0.068148322,-0.258587508,0.071857416,-4.503829631,1.0,-0.135714286,1.3086994766,-0.324730676,2.0,11.408389955,0.105662305,2.1521792591,0,0.0957318355,0.3387096822,0.0869656974,0.1015356707,0.7902248189,18.524425057,4.0396298e-08,6.1762175e-09,2.7781203856,7.717952877,-0.031063666,0.0683194056
76644,0.9753994202,0.0261886657,-3.91083786,0.0074457971,2.185983328,4.494950684,0.0636977551,-0.063075401,0.1561287377,0.0067390102,-0.130692261,-0.109203755,-13.62745098,0.3830734232,0.1092037554,31,-0.01508426,-0.077922078,0.0047635445,0.1056894705,0.4526228191,0.137079143,0.1868167906,-0.140911512,0.1347072879,0.5323966217,0,1.8019052956,-0.037975866,1.1025497338,0.0553905269,12.920295203,9.0149330587,0.079637317,0.0,0.0,1,0.0105769231,1,0.0,0.5322580645,7.0,-0.097086432,0.1247265842,-0.075856886,0.0964252154,-0.398303594,-1.986181947,0.2817144068,1411.5989199,0.0979159386,14.844473592,-0.004663558,-0.01542852,-0.049712644,-0.954296447,0.1045482977,0.0075806636,1.0,-0.061420345,0.6930661702,-0.038322821,3.0,18.265062972,1.1665476475,9.8670935927,0,-0.200344257,0.0794551373,0.033074048,0.0589056047,0.2126394614,20.024111377,9.020443e-11,8.981179e-10,2.2047442883,4.860897377,-0.029449496,0.0738728809
76888,0.6646437946,0.1984401924,3.6704082715,0.0,0.5362251128,0.4285085822,0.0395444147,0.6762754304,0.4337044489,0.1429509397,0.2242145908,-0.114450112,-0.552888573,0.3081555072,0.1144501119,24,0.0,0.0982142857,0.4181552194,0.7754956924,0.3431071052,0.1353386253,-0.103474662,0.6163878933,1.3875796838,0.5120269993,0,0.4727299565,-0.011066956,0.4727299565,-0.011066956,35.465535525,6.1924732676,0.6947209911,0.0,0.0,1,1.029195078,0,0.0,1.0758060433,4.0,0.8228054207,-0.032127488,-0.089266474,1.8013358241,-1.078648886,-0.477260161,-0.054460589,-2187.94359,0.0279332649,11.99354899,0.0,-0.140389064,-0.258710203,-0.2042052,0.0,-4.330372703,0.0,-0.3125,-0.195050872,-0.093087919,4.0,12.24071558,0.5375537181,1.3620079376,0,-0.500704589,0.1428571939,0.0477342614,0.0658563259,0.7581686999,8.475095219,4.2775895e-08,9.9423961e-09,3.1010369465,9.6164301438,0.0036677107,0.0768559413
76837,0.3559242459,0.0072798594,7.7305979012,0.0,0.2840489367,0.3922227268,0.0772044642,-0.018994464,0.348672349,-0.007109779,-0.025129752,-0.073530593,-6.526661538,0.0547930375,0.0735305933,24,0.0089452076,-0.105499736,-0.029979467,0.0840889274,-0.016845884,0.2602811634,-0.059843531,0.0286115635,-0.01404245,0.3720366766,0,3.0158705815,0.0501636877,1.8996044254,-0.031124252,5.6663865755,6.2428288314,0.1507863595,0.0,0.0,0,0.0,0,0.0,0.6197152841,4.0,-10.05371789,-0.023620365,-0.188061887,0.3285661027,-0.405226148,0.7264472987,0.12798628,-793.0435833,0.0318276958,14.315679999,0.0009731816,0.00901142,0.0162484036,-0.004820696,0.0706490179,-0.028037261,2.0,0.0015470297,-0.137252207,-0.048299302,6.0,14.110250596,0.1265788717,1.2957310678,0,-0.095378135,0.0204141364,0.0130161582,0.0219854536,0.5838245125,3.8657823417,1.1718945e-09,1.4169919e-08,0.5927513507,0.3513541638,0.0817854566,0.0274686152
76661,0.0352511423,-0.005331021,8.4021864951,0.0,0.0954547274,0.0292862902,-0.493259635,0.1282561889,0.1628566639,0.0169312533,0.4890777061,-0.050216172,-1.161219988,0.0008594671,0.0502161717,24,-0.001933482,0.2828947368,0.4540584581,1.1025001803,-0.142192569,0.1057128083,-0.068469367,0.0078368093,-0.31874521,0.9045079142,0,7.253815073,-0.035349404,7.1992768703,-0.032030333,0.264163767,54.870868563,-0.050702994,0.0,0.0,1,0.164776874,1,0.0,0.3059171754,4.0,47.849511503,-0.003335941,0.0742714968,-8.785151534,4.1929164459,0.5733941298,-8.756492517,1765.304863,0.0248274717,15.414590947,-0.001759882,-0.036646051,-0.119126265,0.0010425573,0.8408722628,-0.014895928,0.0,0.0,1.0418697271,0.1805966161,5.0,16.688784477,0.0019757435,3.2636656925,0,-0.25352422,0.0932800099,0.0371928263,0.0485250749,0.4853167537,10.004491502,3.134009e-10,7.7225623e-09,1.8827593835,3.5447828961,0.091017767,0.0748585212
76686,0.79811691,0.0065466337,-11.42474349,0.0087556986,0.9886476961,2.4847103878,0.0723241436,0.2514202394,0.674353134,0.0731783674,0.4962652566,-0.008032807,-1.972150259,0.0194575792,0.0080328066,24,0.066301651,0.132046332,0.1656763891,-0.063946276,-0.016928685,0.5298309765,0.4090502531,0.0999527824,0.0405074487,0.4070470074,0,3.0776210519,-0.003725627,1.4331040074,-0.022504491,115.62943962,5.4642683973,0.0809453912,0.0,0.0,1,1.0,0,0.0,1.2155827644,3.0,-0.028809655,0.1467273426,-0.245712565,-1.179493054,0.476190021,5.8541623052,0.1552657275,-1751.632053,0.0506976226,12.41158657,-0.000827742,0.0125910595,0.0275038529,0.0048652747,0.0139544497,-0.000537168,2.0,-0.011444921,0.5671873208,-0.099005887,1.0,11.88638238,0.0683682411,0.5768356418,0,-0.060001469,0.0311082006,0.0109283907,0.0365995021,0.4394929272,1.3977793671,1.3627464e-08,2.7322067e-08,0.746622456,0.5574450918,0.1145454031,0.0368837703
76695,0.1570078641,0.0382382814,17.319075998,0.0,0.1396333998,0.5394079536,0.2292916413,0.1778700644,0.4630676574,-0.030679724,0.3612449841,-0.121151085,-0.868890587,0.0714631642,0.1211510854,24,0.0006960203,0.1321695761,0.0604582302,-0.200185726,-0.06153421,0.1576399668,-0.009363119,0.1796704441,0.0518537146,0.5078932966,0,1.1515514074,0.1538680831,1.0868782463,0.1740646156,12.871679907,23.714241512,0.5343051965,0.0,0.0,1,0.0489233813,0,0.0,0.7786844256,4.0,-0.017931685,0.0436489682,0.052378803,-0.097463019,0.0225193731,0.4202844843,0.0072093139,552.08632817,0.0885157098,15.389978077,-0.000479136,0.0251929936,0.0484655977,0.0091109771,0.1855275099,0.0528001795,0.0,0.0001034073,1.1126843231,-0.016826184,7.0,16.942164913,0.2372831824,5.2868502888,0,-0.101596569,0.0395449437,0.0141655975,0.0230761379,0.4265176366,11.375737825,1.034193e-10,4.199177e-09,0.3304386701,0.1091897147,0.456854682,0.0301828406
76856,0.2826336439,0.0538347998,16.101384869,0.0,0.1676857166,0.449186434,0.2012438861,0.0845285012,0.3063661182,-0.015199668,0.08793446,-0.017822615,-0.143273485,0.0615478991,0.0178226154,24,0.0193572152,0.1126760563,0.0787306612,0.0537630891,-0.006306849,0.1536351648,0.0815471532,0.0422339003,0.0825178167,0.3867716528,0,7.2340750488,0.2154169341,5.0937991964,0.1692318027,10.48471879,5.2147868006,0.4030011474,0.0,0.0,0,0.0,0,0.0,0.454581655,4.0,1.4048422215,-0.03330095,-0.067654986,0.0218018731,-1.048819053,0.0711231901,0.4289210565,-3580.76968,0.1116949983,14.071355446,-0.004670291,0.0149057998,0.0246783509,-0.004875353,0.0960312605,-0.002562295,0.0,-0.000748877,1.5354164777,-0.10921697,6.0,14.54713662,0.4130409499,1.6825880159,0,-0.152504436,0.0222564638,0.0193495093,0.0328081119,0.500143907,6.1283292876,1.6003578e-09,1.2976384e-08,0.7479343013,0.559405719,-0.245528752,0.037533215
76709,0.0167306504,0.0258977985,18.570899714,0.0,0.1803278693,0.2151065117,0.2801699695,0.1249028863,0.7312509549,-0.080831991,0.7782092427,-0.041258609,-0.296526778,0.0335771893,0.0412586094,24,0.0205872353,0.1228070175,0.0971992465,-0.050031166,0.0155833035,0.1930253931,0.0339322454,0.0656919536,-0.773216567,0.5073618899,0,0.9250730291,-0.322035559,0.729749813,-0.327764049,4.6844600293,8.3334638677,0.2430674447,0.0,0.0,0,0.0,0,0.0,1.706697981,4.0,47.603814378,-0.053661405,-0.085816223,-8.803672026,0.128659258,0.5146337968,-8.723774795,1476.628753,0.0248274717,15.837315004,0.0035292787,0.0299335982,1.0433494835,0.0033764546,0.2366278322,-0.043057258,0.0,0.0001346801,2.9065248798,-0.076277984,6.0,16.134244864,0.1345536205,1.7129150797,0,-0.25352422,0.0440648273,0.0112843671,0.0190208775,0.3980233328,4.9702370935,9.712822e-11,1.0684528e-08,0.7518424035,0.5652669998,0.120455902,0.0317151916
76934,0.5627147786,0.004834595,0.7745367582,0.0,0.136743426,0.6027204793,0.0408328428,-0.033098948,0.4104903079,-0.046236896,0.1047760089,0.0598721396,7.1399454114,-0.037760249,0.0598721396,24,0.0069566338,-0.071428571,-0.052242839,-0.862154426,-0.008898859,0.7511929107,0.2446513917,0.0161852274,-0.061559037,0.7720349527,0,4.9437262357,-0.142397936,4.8442965779,-0.149931388,1.5532919988,3.3815400437,0.2309586631,0.0,0.0,0,,0,0.0,0.4952235384,1.0,-10.1679922,0.0714060074,-2.51289472,4.3407375478,-0.203378385,1.8742839941,0.9568120289,-4190.777778,0.0288563477,10.264012487,-0.001438481,0.0179923028,0.022306163,0.0009469662,0.6141938403,0.0018326512,3.0,0.0046333702,-0.651343077,0.065435987,2.0,8.5316876041,-0.054311942,0.1333390745,0,-0.111549313,0.0350877717,0.0241712465,0.045064255,1.2380402857,0.637767988,1.92212e-06,1.7834009e-07,0.4220546135,0.1781300968,-0.938413473,0.0504299362
76712,0.440774612,0.0814071088,-4.16790665,0.018571964,3.2565938853,1.7690827474,0.0659980783,-0.035757591,0.1076687041,-0.025822551,-0.034239031,-0.027136324,-1.365019011,0.19252936,0.0271363241,24,0.0004535319,-0.159090909,0.0789755207,-0.059989057,-0.11315976,0.0502166912,0.0024177655,0.0102694811,-0.013394919,0.4738199713,0,1.1184793483,0.1060501941,1.018150636,0.1044517104,6.7743974714,5.8598769651,0.0638804576,0.0,0.0,1,0.7272630174,1,0.0,0.6263279446,6.0,-0.728262662,-0.042162521,-0.418166119,9.1609933249,-11.516372,1.1553545905,0.1015188709,1949.7986706,0.0257826007,15.81192643,-0.001256958,0.0045355588,0.0452898551,-0.139179726,0.0602972973,-0.135346547,1.0,0.0030643514,0.2637644349,-0.064551585,1.0,16.558605795,0.1944835143,1.7725562379,0,0.080304809,0.0190909132,0.0140956938,0.021346392,0.3515243387,2.7347575595,2.393321e-10,1.4152445e-08,1.2626580995,1.5943054762,0.0061609086,0.0285653923
76721,0.1835766708,0.0410282515,18.736593118,0.0,0.130347573,0.70694447,0.235792132,0.0199225106,0.5499927733,-0.034701368,0.0326515763,-0.072598013,-0.550052466,0.0635959424,0.0725980126,24,0.0,0.049704142,0.0288398884,0.0234580016,-0.084319823,0.3196149132,-0.001814445,0.0674418713,0.011073173,0.4423915448,0,1.6092754562,-0.044226614,1.6092754562,-0.044226614,19.30651356,8.5618819195,0.52110297,0.0,0.0,0,,0,0.0,0.9323516859,4.0,0.0191886934,-0.074316508,-0.054314178,-0.108452002,-0.77757565,0.325011692,0.0247940544,-5156.511078,0.1865376934,13.692441292,0.0017396333,0.0381632521,0.0649936712,0.0011672298,0.1122583381,-0.022100559,2.0,0.000600826,0.0136838904,0.0337557159,5.0,13.220299841,0.4325146135,0.5740381011,0,-0.012367651,0.04515481,0.015467592,0.0313271077,0.359415817,0.8052020322,8.4825116e-09,4.5456354e-08,0.8363396854,0.6994640693,-0.12941183,0.0338080955
76684,1.0013461704,0.0711690703,-15.44227227,0.0325595196,7.4014925894,0.3729375603,0.0282796035,0.0914299569,0.0446547315,-0.022021718,0.1019454562,-0.008889411,-1.005599754,0.1427366699,0.0088894105,24,-0.001132695,-0.046254399,-0.0490947,-0.178312838,-0.001553968,0.1433491305,0.0045126774,-0.00297108,0.0195182075,0.5426559239,0,0.9053724134,0.0772548546,0.9006256686,0.0800723203,0.7942121937,0.066887812,0.013358369,0.0,0.0,0,,0,0.0,0.3500325145,5.0,0.0098038263,-0.002501189,-0.090004433,0.0811232695,-1.13147954,,0.0631990287,-3029.404622,0.0286434127,14.515155843,-8.9063e-05,0.0019112836,0.0169404619,0.0004282535,0.0239797021,0.0233149559,1.0,0.0003696858,-0.076919805,-0.003579392,4.0,15.261221185,-0.003890859,2.0511219479,0,0.0654744878,0.053671103,0.0185133431,0.0355596714,0.2643760788,2.6172254165,8.104139e-10,1.1220398e-08,1.2619673703,1.5925616437,-0.008496838,0.0283415831
76722,0.9604994729,0.118178077,-12.30603641,0.0181558498,2.0840714878,1.2903857623,0.0140238558,0.1083560327,0.0194279763,0.0049140049,0.1066962721,0.0120836737,0.2960893855,0.0831868028,0.0120836737,22,0.0,-0.04614094,0.017085863,,-0.43485297,1.4444444444,-0.101234568,-0.000400577,0.1119745223,,0,,,,,8.2121848739,,0.0660675653,0.0,0.0,1,0.8462301587,0,0.0,0.0549044586,4.0,0.0249234664,0.0229701506,-0.109934568,0.10930756,0.0021119895,-0.814961538,-0.015296995,-8751.952678,0.0331128264,13.656094726,0.0030934612,0.0073915372,0.0235897436,0.0622939314,0.030416355,0.0005115932,1.0,-0.001315213,-0.242210081,0.0409549177,1.0,12.126175153,-0.150346877,0.1966227268,0,0.048781298,0.043765936,0.0178090412,0.0304483556,0.3632437331,0.3725069486,1.5577635e-08,1.1342598e-07,0.9706501925,0.9421617961,-0.176641457,0.0391108271
13919,1.2689166859,0.2831439033,-16.06187177,0.0,14.559695586,0.3633899209,0.0284604098,-0.071829394,0.031296599,2.22207e-05,-0.101130424,0.055698069,3.0069555912,-0.881108981,0.055698069,24,0.0,-0.174528302,-0.661506554,-0.592986722,0.3158449765,,,,0.9902401623,,0,51.70644176,0.3737560554,44.355703986,0.3737560554,0.6327458155,0.0276697,0.0257779931,0.0,0.0,0,0.0,0,0.0,1.0254572301,4.0,-2.061915962,0.0125320376,-0.238321931,0.417724773,,-0.761768148,-0.979592779,-8558.152678,0.0331128264,13.50234522,1.85779e-05,-0.015324629,-0.220539511,-0.107381356,0.0233832321,,0.0,0.1002073255,0.6931729501,-0.043656849,0.0,13.859750588,0.3030848218,1.5139964926,0,0.048781298,0.0613924228,0.0317186371,0.042378087,0.3351381473,2.6202854803,5.2476117e-09,1.381025e-08,1.9519487911,3.8101040829,-0.065911163,0.0560920271
76732,0.1420657997,0.0185568815,6.1237093162,0.0301833764,1.1041759393,0.3334302997,0.0932655916,0.0180758716,0.1672660629,-0.004569088,0.0380825121,-0.033824532,-2.251419636,0.060336209,0.0338245325,24,0.0,-0.081027668,0.0226725186,-0.042272638,0.00138767,0.1623478106,0.2595444125,-0.010548764,-0.114557125,0.1613795572,0,1.3189117359,0.1307338634,1.3189117359,0.1307338634,4.191493991,4.2670783984,0.0355129907,0.0,0.0,1,1.0,0,0.0,0.9695379451,6.0,6.0163455462,-0.13012932,-0.233512272,-53.95238753,-2.052132832,2.3452468974,-1.202281506,-377.3983876,0.0207317787,14.275159512,0.0019105687,0.010296461,0.0863631832,-0.000242248,0.0638885798,0.0124556937,0.0,0.0,0.2351300336,-0.018126549,4.0,15.164812808,0.1706426726,2.4763456629,0,-0.142502855,0.0146074658,0.0103574786,0.022140009,0.4415772459,5.1091078002,4.433061e-10,7.9429525e-09,0.5724391165,0.3276865421,0.0096169837,0.0253886728
91403,0.8077648409,0.0570897879,-0.893602705,0.0201961088,0.578690079,1.0782654796,0.1040159813,-0.015359422,0.1347337512,-0.029756985,0.0598514635,-0.029761566,-0.728412256,0.0986746892,0.029761566,24,0.0001707164,0.0,0.0451637765,-0.007388776,-0.122503297,0.068366674,0.0444773361,0.0309447174,-0.062995757,0.431872111,0,1.935272045,-0.578095006,1.4317542214,-0.547392557,4.6441780822,9.6726105563,0.1454931071,0.0,0.0,1,0.000444247,0,1.0,0.1831765357,5.0,-0.226697034,0.0132728349,0.0020651918,-0.071209364,-0.432960303,-2.014193151,-0.002684327,-1225.54777,0.0979159386,14.34926798,0.0018719375,0.0176616319,0.0291249341,-0.001769635,0.0893832634,0.0038619946,2.0,-0.001495327,0.0156755145,0.0011348733,4.0,14.987972656,0.1576462874,2.0958868561,0,-0.200344257,0.0396578535,0.0137076814,0.0268228816,0.3996841931,3.8577581859,7.573083e-10,9.4992622e-09,0.6321118967,0.39956545,0.0063067375,0.0198126709
76736,0.1616731227,-0.003479329,11.201224147,0.0,0.0606993114,0.0716200601,-0.067355706,0.2178540912,0.3060944936,0.0707292823,0.0234835149,-0.023550528,-1.370546555,0.0012892534,0.0235505279,24,0.0029375282,0.04,0.4293676991,0.2996883754,0.0297731775,0.3691089034,0.4317346556,0.0081789415,0.3113550122,0.4735342752,0,6.7145012329,0.1882614927,6.3212081298,0.2173441301,0.9803902618,4.0830413524,0.1312183111,0.0,0.0,1,1.0,0,1.0,0.4407314779,6.0,47.530448276,0.0402224779,-0.16862324,-8.658729553,1.1149301422,0.5733941298,-8.756062731,3092.517883,0.0248274717,15.608737076,-0.000287291,-0.042312642,-0.057909593,-0.000834742,0.4103027451,0.0742327736,0.0,0.0005113346,0.0560690059,0.1189200953,6.0,16.348697582,-0.746200908,2.3157432827,0,-0.25352422,0.0530365594,0.0231789712,0.0480406052,0.2581947076,2.4465587084,3.219639e-10,1.0189034e-08,1.134369248,1.2867935908,0.2484167519,0.0572602277
88031,0.0833751603,0.0265885403,14.098488871,0.0,0.0233165956,0.1356358653,0.9227535636,0.3649156746,0.9612476936,0.0053949719,-0.010520048,-0.060952841,-0.211889856,0.0322223823,0.0609528414,24,-0.027907497,-0.005961252,0.0972383713,0.1493181876,0.0447445624,0.2845179467,0.1017601869,-0.018026637,0.5269394999,0.7715410823,0,4.7606208323,0.2716552414,4.2698557276,0.4032265051,2.1406504976,8.7794233406,1.1945137947,0.0,0.0,0,,0,0.0,1.3760555247,6.0,24.442285986,-0.357306544,-0.092508445,-0.111021023,-0.611934053,0.445942335,0.0355583619,7215.173885,0.0457936334,17.192512978,0.0248185872,0.0301427192,0.0359589027,0.0044036465,0.4970658871,0.0009923147,0.0,3.69987e-05,1.2922082776,0.1177924569,5.0,17.30126425,0.0637135762,1.6408051496,0,0.0957318355,0.1281289458,0.0312050276,0.0238569798,0.5683337144,5.6990171819,6.300889e-11,1.1662018e-08,0.8707230847,0.7581586902,0.0694021032,0.0460978388
76744,0.0374285338,-0.025682551,19.476425486,0.0,0.0431207728,0.020208336,-0.659561558,0.0067433047,-0.236928972,0.0341119557,0.2865673006,-0.096457887,-0.30427185,-0.017868073,0.0964578875,24,0.0071774838,0.0166666667,-0.521099858,-0.484523624,-0.965568852,0.0870340257,0.2823460863,0.0024376456,-0.207459424,0.796575474,0,4.1995769225,0.0517051041,4.1158086538,0.0399884917,0.4159118725,6.4449737389,-0.61363244,0.0,0.0,1,1.0,0,1.0,-0.458794387,2.0,46.716100303,-0.257284042,-0.191956573,-8.782974142,0.3451083636,0.5733941298,-8.775220058,23174.197243,0.0248274717,16.853415822,-0.000868215,-0.04007838,-0.106316008,0.0051141887,0.4443706288,-0.002209919,2.0,0.0015363933,0.1490000653,0.097390803,6.0,17.455264514,-0.335716643,2.0541365137,0,-0.25352422,0.0849571452,0.0324345326,0.0490580338,0.4104386418,4.396895016,1.113603e-10,1.0168636e-08,1.2725292214,1.6193306192,-0.156544897,0.0597030793
76750,0.2287356413,0.029849595,183.47223157,0.0081363198,0.2097151522,0.4320494491,0.1209768726,0.1945349468,0.5119651664,0.0106697152,0.262262626,-0.077409684,-1.044515283,0.0610279531,0.0774096837,24,0.005764653,0.0680892654,0.0758450481,-0.000983117,0.0305326669,0.1093214426,-0.027522842,0.0861997274,0.1385480904,0.2895624492,0,1.1251083168,-0.084867375,0.2924200702,-0.07431677,115.71694696,68.328775495,0.2506441519,0.0,0.0,1,0.5207322987,0,0.0,0.9081443014,4.0,0.0099464969,-0.048954433,-0.048613086,-0.340282164,-0.516181867,0.4711815982,-0.210550425,-1000.728513,0.2350454299,14.618253052,0.0016757163,0.020244409,0.0382816272,0.0082680407,0.0013058481,0.0344470178,2.0,0.0,0.4730761226,0.0306901783,5.0,15.052309107,-0.307184502,1.339108604,0,-0.151944756,0.0275322627,0.0160030613,0.0250636252,0.2758783256,1.1769197654,1.0206992e-09,2.096406e-08,0.708628471,0.50215431,-0.010405591,0.0272776106
76804,0.3286143865,0.0798474554,-1.605148001,0.0,1.3404192434,0.298727012,0.0688869361,-0.059798729,0.0584446004,0.0023744811,-0.129162058,0.1218151858,2.6272499593,-0.129931769,0.1218151858,24,0.0,-0.023199023,-0.093164075,-0.400597373,2.2489026118,0.0766737532,0.1153901261,0.0007869475,0.3926797558,0.1495689379,0,,,,,1.726127865,2.9785754237,0.0559406312,0.0,0.0,0,0.0,1,0.0,0.3465545076,4.0,0.3013211521,0.0283972032,-0.086992652,-0.522577526,,-0.790507489,-0.228415566,-6505.371478,0.0331128264,14.716808776,-0.062299301,0.0961391205,0.6645099186,0.0109361399,0.0959601541,0.0007738375,1.0,0.0064794816,0.4223240369,0.0143004581,1.0,15.777724255,-0.132962301,3.0766419286,0,0.048781298,0.047297284,0.0290797101,0.0320980622,0.4463977363,8.2009452307,5.329173e-10,6.9151674e-09,1.3609375928,1.8521511314,0.091650037,0.0322340138
76788,0.4314558467,-0.007877232,70.913699717,0.0,0.7186227953,1.0513122383,0.0310414334,0.0839733996,0.1921240142,0.0115076765,0.1366662111,-0.073878273,-10.36845891,0.0737975203,0.073878273,24,0.0,0.08,0.1189503758,-0.305647472,0.1226845101,0.3221441676,-0.034635392,0.0557735467,0.0062770491,0.225379846,0,0.9552104738,-0.003175032,0.9552104738,-0.003175032,420.50028329,5.7322051963,0.1002832309,0.0,0.0,1,0.4894293676,1,0.0,0.417331263,6.0,-355.6556763,0.0726888325,-0.100376987,-1.92795968,-1.430069334,0.2766021907,-0.063570773,-2330.645838,0.2277833408,12.950461711,0.0095145484,0.0171116442,0.0426602062,-0.180045847,0.0023773381,-0.017712443,6.0,0.0116906475,1.5003742456,0.1698091252,3.0,13.534612544,0.3133676998,1.8796808707,0,-0.166303822,0.0619555041,0.0221666682,0.0442152619,0.5270585019,5.4995808976,6.669745e-09,1.3155809e-08,0.3782718815,0.1430896164,0.3797585877,0.0571023839
76795,0.2600721773,0.0081102181,3.8549180442,0.0,1.1326502604,0.4177958987,0.0505227049,2.3874659401,0.7445303319,0.025898709,5.2346570397,-0.064555801,-6.657497919,0.0621039779,0.0645558014,24,0.0816764128,1.6325977545,0.6091677672,-2.094060277,-0.031133293,0.3189868753,0.0886681312,0.3798476887,0.0847538955,0.2260874536,0,1.7492862351,-0.723831461,1.3369022448,-0.748588551,3.9933832933,2.4445367945,0.048527781,0.0,0.0,1,0.6911801021,0,0.0,0.8055521364,3.0,7.0243913193,-0.482146101,1.4740690676,-0.105541229,0.3728112059,1.2857227612,0.054412935,-452.4748789,0.0410566741,15.000571794,-0.005028952,-0.005549613,-0.030422766,0.1536632141,0.049820911,-0.063036109,1.0,0.00182887,0.8480765733,-0.074304678,3.0,15.915330664,-0.021619281,2.634072883,0,-0.131569503,0.0326201469,0.0157238754,0.0267805214,0.5424718565,5.9796340251,3.737456e-10,9.1399364e-09,1.5739820619,2.4774195313,0.0221460594,0.0398074574
76869,1.8247058114,0.0664497218,-4.094360988,0.0,0.4807624063,1.9399947479,0.0714316864,-0.026832191,0.2864659402,0.0022906085,-0.224194703,-0.025545887,-0.898531375,0.1261568817,0.0255458868,24,0.0155818522,-0.018867925,0.2185906545,0.5705713016,0.0997204183,0.1991614256,0.5301368908,0.0177133655,0.0430824627,0.4887686299,0,7.0144474815,0.2609025828,2.4066770793,0.1631113006,7.1566028473,10.203919739,0.2203321509,0.0,0.0,1,1.0,0,0.0,0.3802109747,8.0,26.175375885,0.1483799531,-0.017909834,1.2153617057,1.7514622056,1.0532303999,0.0333765373,-2147.909001,0.0463645568,9.8114380244,-0.00200352,0.0039781297,0.0051582936,-0.111074835,0.1175802821,-0.007313702,0.0,-0.018098456,8.6410052323,-0.128165871,2.0,8.3859905013,-0.15843145,0.2447207421,0,-0.034541484,0.0568181947,0.0236611833,0.0246409645,1.3496443432,0.7031838207,6.4146787e-06,1.2987592e-07,0.4392738509,0.1929615161,0.7211143022,0.0379046869
76798,2.042638623,-0.178485448,-7.737421796,0.0,1.5712562999,2.3795916697,0.0488727897,-0.140593984,0.3364049615,0.0020714752,-0.06278986,-0.105637009,-2.342702045,0.239652776,0.1056370088,25,-0.010745112,0.0,-0.176763648,-0.229519728,-0.077348049,0.4450882345,0.3319819153,-0.027570923,-0.186913676,0.3183473046,0,2.6716057096,-0.376291627,2.0752487144,-0.38073617,10.616191541,2.7722281024,-0.04737343,0.0,0.0,1,0.5066838155,1,0.0,0.5194159826,3.0,-1.758243294,-0.040453246,-0.345321464,1.5206875683,-1.291345513,-3.39269878,0.2435740263,-6997.31825,0.1266995565,12.43875274,-0.012347718,-0.04251231,-0.070538491,-0.197202379,0.0612598269,-0.141235455,0.0,-0.15147101,-0.039160102,0.0085749105,1.0,12.466789641,0.01933018,2.0869559531,0,-0.152504436,0.1852941513,0.05251861,0.0745399603,0.5512234328,6.1099037251,1.6179428e-08,8.3038512e-09,2.094030191,4.3849624407,-0.0231534,0.0581381692
76838,0.845420357,0.0770085102,-2.901582804,0.0863714506,1.1797077708,0.3323551981,0.0623157956,0.003546765,0.0557338526,-0.076196546,0.0924147018,0.0194888572,0.5116017602,0.0376108208,0.0194888572,22,0.0,0.0051975052,0.1579236159,0.0181914003,-0.382790705,0.2964898616,0.7880954739,3.66927e-05,-0.098759028,0.2238886753,0,51.70644176,0.9080635199,44.355703986,0.9080635199,1.0400899415,1.8932441842,0.0722524587,0.0,0.0,0,0.0,0,0.0,0.1140132826,5.0,-0.18832029,0.0592280765,-0.058596124,-0.005771556,,0.0348043128,-0.060872977,-7108.240578,0.0331128264,14.745134449,-0.00214082,0.0020545873,0.0049951779,-0.010881224,0.1672595871,-0.002638302,0.0,-0.000407581,0.1968722535,-0.01556661,2.0,14.407977335,-0.262350469,0.6417520444,0,0.048781298,0.0099132499,0.0073171158,0.0141648551,0.3435575388,0.7930709523,1.0081208e-09,4.3093533e-08,0.4671955613,0.2182716925,0.1623343192,0.0187936123
76892,0.7957816106,0.0704729802,-9.975731666,0.0268268936,6.2062520965,0.3241026899,0.0342321615,0.0767807822,0.0473008538,0.003717796,0.0748329988,0.0117302999,1.1252586045,-0.008827347,0.0117302999,23,0.0036943502,0.0239637306,-0.010990239,-0.123001645,-0.018622875,0.2046210647,0.067455703,0.003687522,0.0934190141,0.4404412044,0,0.794622631,0.1591866373,0.7802342847,0.1548656572,0.5432083307,0.0959340768,0.0140188817,0.0,0.0,0,,0,0.0,0.4231232672,3.0,-0.027722567,0.0001549316,-0.019786303,-0.12444129,23.992327847,,-0.088364988,-1348.878262,0.0286434127,15.197095829,1.12008e-05,0.0024374167,0.0221857714,0.0018853378,0.0758785687,0.0214172794,0.0,-0.000309071,0.6570274255,0.0569453146,5.0,15.563343543,-0.13477376,1.3221827526,0,0.0654744878,0.060357634,0.0221410336,0.0353196307,0.2935400208,1.6169417044,8.517706e-10,1.8069312e-08,1.2037811709,1.4490891075,0.0331030698,0.0222887287
81564,0.8540729683,0.0486073039,-24.07039829,0.0204279743,6.4098749022,0.3127291144,0.0266374369,0.1790465039,0.0459898021,0.1230738242,0.1750114136,-0.000955427,-0.131939308,0.055020518,0.0009554269,20,-0.002307088,0.0708870356,0.1192566258,-0.090603203,-0.00984189,0.0514098561,-0.417801806,-0.001043504,0.2102380242,0.5651424256,0,0.9626614699,0.0369323663,0.9471653944,0.0440820131,1.2378200859,0.0599812765,0.0094203154,0.0,0.0,0,,0,0.0,0.4014940767,5.0,0.0356909596,0.0023485593,0.0271370016,-0.066149933,-0.008465927,,-0.024517123,-3329.055772,0.0286434127,14.704313646,0.0005120964,0.0022077633,0.0179576744,0.0199029364,0.0349270063,-0.103094481,2.0,-0.000687167,-0.223109326,-0.003531615,5.0,15.211355201,0.0018510908,1.6888748757,0,0.0654744878,0.0446871929,0.0174456374,0.0293102041,0.3536194917,2.1075450592,9.602619e-10,1.4629308e-08,1.2433330929,1.54587718,0.0614473028,0.0255550509
76841,0.1357533633,0.0368587686,35.704174497,0.0,0.0439891104,0.1218667453,0.3173324231,0.2067904177,0.7359378286,-0.007485233,0.0801919015,-0.000560048,-0.002497969,0.0369508407,0.0005600481,24,0.0110786545,0.102189781,0.3997468913,-0.063303724,-0.005576276,0.3609084983,0.1963429135,0.019226634,0.2539102731,0.3042997283,0,2.1050864394,0.1621368856,1.7428663976,0.2131944169,5.2581598193,6.1576933694,1.0591624987,0.0,0.0,0,0.0,0,0.0,1.008646509,7.0,47.653597423,0.0814802799,-0.106433459,-8.684649313,0.5172291746,0.7737180476,-8.720401144,74075.044393,0.0248274717,17.913794556,0.0040366628,0.0576175277,0.0768038247,0.0040958055,0.2818602024,0.0539962253,2.0,0.0020218635,0.8282795019,0.0149796096,6.0,18.365454501,0.169666491,1.7312056705,0,-0.25352422,0.0525186844,0.0204982121,0.0251089547,0.3125285946,2.6662446171,2.70006e-11,1.1605786e-08,1.0746993469,1.1549786862,-0.074328256,0.0434801161
89213,0.2968341752,0.0334841635,30.574315152,0.0,0.2742562594,0.4743040987,0.1220640003,0.0421127,0.2320128735,-0.062943463,0.2196208509,-0.05898375,-0.995082621,0.0668036727,0.0589837501,24,0.0004302157,0.036036036,0.0638327486,0.0541165549,0.0134829779,0.169700945,-0.017063469,0.0260847688,-0.081611517,0.1739645951,0,1.4372268251,-0.052774195,1.1530235577,-0.07577751,23.573510438,31.719900136,0.2128551156,0.0,0.0,1,1.0249622136,0,0.0,0.3834067649,5.0,-0.020770208,0.1023048916,-0.309309309,-0.109405507,0.2558226979,0.4824400182,0.0224923572,2457.4835,0.4963551863,15.442403063,0.0074086298,0.0228833887,0.0457460524,0.0122917993,0.0308457998,0.0080662919,4.0,0.0001899335,1.1556340218,-0.011715937,4.0,16.10291075,0.0751633609,2.0398153991,0,0.0957318355,0.0550847016,0.0158214682,0.0200609935,0.3773352355,3.5220024319,2.477829e-10,1.2012039e-08,1.2116309928,1.4680496627,-0.009578248,0.0305334049
13906,0.8982518625,0.070334154,-1.884593712,0.0,1.6979192769,1.4132696663,0.0092852783,0.6571741598,0.1837470099,0.0087009764,0.9250326563,0.1522862832,4.5811092437,-0.251874289,0.1522862832,18,0.1450367135,0.6714285714,0.5661557809,0.4065511933,-0.098766195,,,,0.3310204377,,0,28.603832941,-0.443014936,1.4945767553,-0.771823859,16.83114031,37.106517691,0.0580353816,0.0,1.0,1,0.041176984,0,0.0,0.2804925043,1.0,-0.183731156,0.0744106257,0.1063545422,0.0416644278,-3.07383404,0.2072733757,-0.038450186,-1127.118604,0.0665802826,12.919949257,0.0017881667,0.0065670217,0.0204604533,0.0652715614,0.0134904839,,0.0,-0.002427184,2.5308812792,-0.228626423,2.0,14.683467839,-0.324950294,6.1613775608,0,-0.105045736,0.0593575686,0.0309794748,0.0410705769,0.2990292819,6.0340114448,2.335205e-09,5.1397537e-09,1.9984026118,3.9936129988,-0.010335083,0.0582210396
77235,0.6583852002,0.0474554185,1.3821820216,0.0,0.0520560882,0.7896902712,0.1865441033,-0.164560168,0.4469461519,-0.188782091,-0.159342396,-0.03983644,-0.655115512,0.0785441993,0.0398364398,24,0.009331962,0.0782608696,0.1925203252,0.2395528,-0.013985753,0.2190645352,0.0216661947,0.0180261068,-0.164969956,0.5497625176,0,10.366197183,-0.004095575,7.1149600305,-0.085135214,3.7613763521,7.8999216608,0.9598076262,0.0,0.0,1,1.0,0,1.0,0.4820479714,5.0,3.0487212849,0.1936388137,-0.088979661,1.4735396585,-1.136812611,-1.966648346,0.1701930061,-5068.092687,0.0446872923,10.167012664,-0.028132227,0.0020749758,0.0021991555,-0.104081288,0.297751257,-0.002959377,0.0,-0.031159185,1.0757307241,-0.031000115,6.0,8.4257882163,0.1775557176,0.1822011868,0,-0.101630079,0.0740740895,0.0297057973,0.0372904831,1.0747209667,0.4509605044,3.6893156e-06,1.8990649e-07,0.3438401927,0.1182260781,1.089893497,0.0637052817
77037,0.2235171178,0.0400210153,131.31632966,0.0,0.1110316358,0.4170789887,0.200803107,0.1574192493,0.3038457338,-0.000824,0.0602365405,-0.059573076,-0.464125242,0.0585957788,0.0595730756,24,0.0,0.168407589,0.192607698,-0.154307058,0.0842499277,0.0840191711,0.0202604681,0.1561206549,0.2126335747,0.5438473538,0,1.6943607758,0.1811507993,1.6943607758,0.1811507993,80.141920832,8.013501006,0.5741030939,0.0,0.0,0,0.0,0,0.0,0.4711106891,8.0,-4.088806486,-0.152633647,0.0146135231,0.6566988357,-0.216245338,0.4653342649,0.0135152439,1028.6788099,0.2359138598,15.524796829,0.0029846395,0.0354775538,0.0527378118,0.0069241926,0.0046118687,0.0303127694,0.0,-0.000327869,1.919550391,-0.009780092,7.0,16.194251672,0.1955546543,1.9701465706,0,-0.179026286,0.0345569775,0.0226767784,0.0252062633,0.5377391396,6.0659607134,2.819591e-10,1.1935988e-08,1.0285609715,1.0579376721,0.0311929418,0.0240086324
85426,0.1505142529,0.047420912,17.000315291,0.0422857432,0.754335108,0.3948646692,0.0611233081,-0.004735982,0.0794979356,0.0102085664,0.2068498213,-0.049831586,-0.953110298,0.0926182716,0.0498315858,24,0.0003278367,0.0639625585,0.0891844454,0.0462782922,0.3183162666,,,,-0.470226146,,0,9.8225846847,-0.094493713,9.5894746728,-0.095382645,11.224562451,4.9558612446,,0.0,0.0,1,0.7345617062,0,0.0,0.1732966431,6.0,6.0707203512,-0.088216229,-0.088522045,-53.95238753,,-0.425134727,-1.169999444,325.11263242,0.0207317787,14.787317729,-0.001590487,0.0111699183,0.0699585349,0.0021545716,0.0261174913,,0.0,0.0008125127,0.4112416049,0.0600913148,6.0,14.989795049,0.0705395298,1.1533720656,0,-0.142502855,0.0236734655,0.0123843586,0.0189665763,0.2973810083,1.5559890577,7.194224e-10,1.9525999e-08,0.9793328921,0.9590929135,0.0342840089,0.0277270894
13412,0.3661892408,-0.25314369,2.3408526773,0.119866142,0.1319782829,0.0400484417,-0.640573319,0.5805827832,-0.052877242,0.5064260842,-0.35638245,-0.115397535,-0.179964539,-0.207586803,0.1153975349,8,0.0,-0.040816327,3.499465812,0.1184650948,-6.045797775,1.6728971963,0.0785215774,6.668e-05,3.3337725082,0.496321296,0,2.1566186107,2.4639648338,2.1566186107,2.4639648338,0.181540738,1.7992667278,-1.43716707,0.0,0.0,0,,0,0.0,-3.674013921,5.0,36.554615307,0.0700038917,-0.148300956,-0.143663659,-3.473449923,-1.036361964,-0.248684969,-10438.9921,0.0588548821,10.682356126,0.0007928014,-0.097440209,-0.135051146,-0.003701822,0.2317391073,-0.069486669,0.0,-0.003044693,4.4327404732,0.0019211583,2.0,10.375495435,-0.102937612,0.3577607614,0,-0.156910843,0.0393258743,0.0267175069,0.0488815204,1.0306359002,2.1027390119,6.1603775e-07,6.096511e-08,1.8637452679,3.4735464237,-0.331140222,0.1173684659
77202,0.8545580197,0.0484387762,-7.358785126,0.0,1.9741785512,8.2257963184,0.0625752976,0.0440427755,0.7505057916,0.0389517142,0.1215690474,-0.061432036,-3.662775616,0.2258591443,0.0614320365,24,-0.011768673,0.0264705882,0.0144815242,0.07087311,-0.043643757,0.1151262648,-0.039296969,-0.039173837,-0.096272673,0.5742757879,0,1.3852860816,-0.073311911,0.7378656381,0.025553496,37.164348567,11.226099631,0.0715006729,0.0,0.0,1,1.1543571708,0,0.0,2.1766660023,4.0,-0.776227605,-0.21387272,-0.232604621,9.5747767326,-10.89772198,2.7652336178,0.1348486552,-7726.312599,0.0257826007,8.9829817172,-0.009982811,-0.016569493,-0.062123282,-0.744886032,0.0701564129,-0.006625918,0.0,-0.156487434,-0.072518799,-0.057577082,3.0,8.0470743111,1.3574927177,0.5948709258,0,0.080304809,0.1163492128,0.0724242231,0.0888535533,1.4487782161,4.5275930604,1.08968e-05,2.3850658e-08,0.9580288162,0.9178192126,0.5422322496,0.085234941
77120,0.9839307766,0.0767457804,-19.44620112,0.0288870638,6.2078540744,0.7755753659,0.0156118326,0.1067055624,0.018244702,0.0104907188,0.0911949698,-0.012658106,-1.128996671,0.1633915111,0.012658106,24,0.0,-0.078,0.027396098,-0.175723983,-0.080547556,0.2564697541,0.1666368307,-3.8293e-05,0.2157344868,0.0598618738,0,,,,,2.472541555,5.3006475765,0.0138867513,0.0,0.0,0,0.0,0,0.0,0.1335771237,4.0,-0.023124486,0.0335814611,-0.141793629,0.1327388637,,0.0675352509,0.0649077133,-8302.461018,0.0331128264,14.042554505,-0.000205746,0.0022051168,0.0168244211,0.000172157,0.0378010842,,1.0,-0.001505117,0.270930234,-0.035985998,3.0,13.739806969,-0.099721582,0.7449739142,0,0.048781298,0.0139372386,0.010529539,0.0163864256,0.4204280475,1.7370572907,2.276752e-09,2.9129045e-08,0.8904580575,0.7929155521,-0.021908345,0.0246233292
77090,0.6291321805,0.0437089597,0.5033964894,0.0165731741,0.1735798448,0.3124628578,0.1741138731,0.0759678453,0.1625752135,0.0069549823,0.1687934745,-0.034660336,-0.65738576,0.0724426073,0.034660336,24,0.0036722251,0.0,0.1485887957,-0.254622457,0.0686885316,0.1386268812,-0.281082688,0.1858537499,0.0526821382,0.6564308476,0,4.3372570122,0.1125452979,4.235920399,0.1035465244,0.9191843004,6.3614131977,0.5669489374,0.0,0.0,1,1.0,0,0.0,0.2153809087,6.0,-0.135203728,0.0289729958,-0.039798878,5.037977855,-0.54913356,-1.643247173,0.7948606142,-13753.29657,0.0314049921,13.964719131,0.0006686973,0.0070169822,0.0097145753,0.0062276133,0.4211428294,-0.372394444,0.0,-0.004328419,0.3842043029,-0.076966229,4.0,14.271634881,-0.218598324,1.1144904196,0,-0.107492679,0.0259791799,0.011751357,0.0240980453,0.3014139518,1.5568951173,1.4098454e-09,1.8950545e-08,0.5730944005,0.3284371919,0.2111028714,0.0286600433
77208,0.1163949144,0.0178725839,11.053267346,0.0,0.0029620942,0.0541524675,0.6753586661,0.3343798383,0.3062102185,0.0593327038,-0.163043478,-0.054643601,-0.319199311,0.0235775004,0.0546436007,24,0.0,0.0,-0.026957904,0.2810268867,-0.084042221,,,-0.006643795,0.3548719327,0.7513971702,0,37.479880775,0.6039657837,37.479880775,0.6039657837,0.6796871228,3.8673076923,1.6230229252,0.0,0.0,0,,0,0.0,0.3188250045,4.0,47.58445547,-0.205549699,-0.20862324,-8.704007762,,0.7664326884,-8.733774484,-5287.414737,0.0248274717,12.427882386,0.0277549496,0.0749627928,0.0770407342,0.0076093363,0.7201797481,0.0,1.0,0.0048981162,0.5862787002,-0.023513339,5.0,13.295796843,-0.834932359,2.0371320038,0,-0.25352422,0.0956028029,0.0328826825,0.0537922707,0.4208753098,5.9021300566,8.029969e-09,8.3419057e-09,0.9856150949,0.9714371153,0.0890520186,0.0520637862
77117,0.4582844716,0.071445718,1.743426526,0.0,0.6306394979,2.184898704,0.1565457524,0.0055003892,0.2702391045,0.006931979,-0.105412248,-0.034234557,-0.520351223,0.1086225847,0.0342345572,24,-0.007589803,0.1590909091,0.1391642406,0.015798947,-0.061848369,0.2717366962,0.0071184598,0.0076864692,0.2123370319,0.4481019005,0,2.5990944947,0.2274639566,1.6510754213,0.3039316386,12.752561374,13.781304084,0.1751677552,0.0,0.0,1,0.6053095685,1,0.0,0.7054429724,7.0,3.7633014092,0.2056796618,0.0516062793,-0.051568428,-2.541445951,-0.138188416,0.0675244183,-9635.192456,0.0588548821,13.73629607,0.0093804613,0.0320465781,0.0808228312,0.0563090289,0.1924956876,0.0058872753,2.0,0.0075542965,1.9564233596,0.0240919944,4.0,14.848578579,0.3366958551,3.8147799664,0,-0.156910843,0.0542168878,0.0268344898,0.0347292158,0.4870722256,10.315852034,1.4016394e-09,5.4605367e-09,1.5864796868,2.5169177967,0.0881648489,0.037252646
77114,0.4824517148,0.169445479,7.5409217768,0.0,0.8417205276,0.908411411,0.2214360612,0.0189440818,0.2241867327,-0.125901384,0.0145391424,-0.152778385,-1.18282461,0.3698697615,0.1527783848,24,0.0,-0.014643463,-0.037989214,-0.026852422,-0.003337881,0.2803103408,-0.051909466,0.0048045476,0.0267215435,0.6730475182,0,25.013425614,-0.102032196,25.013425614,-0.102032196,15.498187224,0.8004593799,0.2160466724,0.0,0.0,1,1.0,0,0.0,0.5442045843,5.0,-73.59494377,-0.046823846,-0.057875525,-0.283596866,-3.229196825,1.0816147196,-0.108588041,-2882.634504,0.1473165608,12.854098694,-0.004587764,0.0220096385,0.0570578876,-0.043180238,0.0145417911,-0.016806434,0.0,-0.001862891,0.2475977762,0.1397096254,6.0,13.909839845,0.687346368,3.0555618594,0,-0.258063742,0.0719139576,0.0359450488,0.0558377965,0.3652843398,6.4731645252,6.7963709e-09,7.5726576e-09,1.1944740537,1.426768265,0.1944935788,0.0707243491
77217,0.0881008567,0.029186561,11.319906192,0.005155969,0.0174332465,0.0878508268,0.9227535636,0.5568759653,0.539357223,0.0237437668,0.1130578109,-0.119042759,-0.353458584,0.0395028016,0.1190427592,22,0.0,0.4252873563,0.2294404153,0.2252415203,0.2419309868,0.0792777134,0.1290302146,0.0347342215,0.6902383769,0.8327042686,0,6.4231592538,0.5083024769,6.4231592538,0.5083024769,1.1117954551,10.110145246,1.6230229252,1.0,0.0,0,,0,0.0,0.7014280604,5.0,1.3622673294,-0.4342653,0.3374267838,-0.346442744,-1.276241968,-1.111916426,0.0114982673,-4967.394639,0.0558672041,14.211822293,0.0326896927,0.0878109847,0.1071259355,0.0152529703,0.7249671701,0.0124509623,0.0,-0.000619963,0.0454334487,0.0053822976,6.0,15.707166256,-0.439311009,4.5588778336,0,-0.168614603,0.1122920662,0.0468549964,0.050147873,0.3666465646,8.2900781897,9.488932e-10,4.5832228e-09,2.4608656399,6.0558596975,-0.032499362,0.0564690931
77165,0.4172037812,0.050672489,91.817420349,0.0289786809,0.3296729139,1.5341720707,0.1277428027,0.0945842868,0.3759145082,0.0085988414,0.1363240833,0.037195752,0.5245521242,0.0240921273,0.037195752,25,0.0366997118,0.1153846154,0.1395067183,-0.215959232,-0.07340925,0.1242740378,-0.004051767,0.0621523475,0.0637093468,0.5427484205,0,2.1200551806,-0.0458672,0.6436225346,0.0855133548,455.93268243,11.730614134,0.2543738021,0.0,0.0,1,1.104552493,0,0.0,0.6364938918,5.0,-7.894212795,0.173324221,-0.076390917,0.2446563406,-0.177718326,0.6977168022,-0.014600969,-10883.19143,0.0443391772,13.073762572,0.0028796363,0.0184981537,0.0331153275,0.0363068898,0.003782221,0.0188269854,0.0,-0.001755755,0.9522010531,0.1226725047,4.0,14.603480215,-0.359752375,3.2500387237,0,0.0957318355,0.0258115288,0.0234255642,0.0350269879,0.4416098417,10.818407646,2.2995323e-09,6.8645153e-09,0.4642215751,0.2155016708,0.0220046643,0.0444172775
77182,0.3943177505,0.0047336177,15.742113241,0.002396394,0.3349700186,0.1702586134,0.0427119611,0.420772035,0.1638881284,0.0934230194,0.7464185867,-0.063706817,-8.36171875,0.0443147976,0.0637068165,24,0.0123389919,0.3209393346,0.1337421198,-0.237341187,0.1254187349,0.5885885886,0.2790198948,0.0295745018,0.2265872149,0.1355290306,0,1.8792584283,-0.208264129,1.3839522938,-0.225064591,5.7671301516,3.5909055456,0.0950274847,0.0,0.0,0,,0,0.0,0.2474893304,4.0,-16.11864572,-0.070907201,0.0148312342,0.3269836815,11.165371954,2.3392339443,0.377542501,21805.331331,0.0238858186,16.379384657,0.0005297148,0.0057097654,0.0105602761,0.0170775885,0.0265440464,-0.044106101,2.0,0.0001907548,1.4438723986,-0.074452566,5.0,17.695886475,-0.155796354,4.5892931536,0,-0.245453587,0.0915606692,0.0345506527,0.0324363672,0.5669736926,14.478493751,7.687648e-11,4.5086214e-09,0.7284693797,0.5306676372,-0.255620526,0.0414697362
77191,0.59320685,0.0270679525,0.4824062634,0.0126354981,0.4866079964,1.5928216128,0.0944133344,-0.122248092,0.1992643565,-0.051285329,-0.079785367,-0.074212311,-3.167656242,0.1128099214,0.0742123115,24,0.0,-0.053006682,-0.074278106,0.032969728,0.1360355338,0.6673497057,-0.082952845,-0.017270283,-0.153895101,0.4054356989,0,1.8288148086,0.0254455619,1.8288148086,0.0254455619,16.990977344,3.5575361583,0.112415677,0.0,0.0,1,1.0,0,0.0,0.3418023692,6.0,0.5773723834,-0.554325038,-0.228915996,0.2633448624,-0.947568638,1.1192478606,0.1991068215,-853.4623427,0.0767661838,14.347985325,0.0056147138,-0.018622595,-0.033255133,-0.03033143,0.0867896067,-0.003300284,0.0,0.0,0.2821432335,-0.039212977,3.0,14.557241471,0.100915271,1.2613153806,0,-0.045482084,0.0382440835,0.0155778647,0.0270619735,0.4782522788,2.7745438765,9.673034e-10,1.4990382e-08,1.1650561548,1.3573558439,-0.035268908,0.0249505037
77175,1.2936126529,-0.787828937,-2.925034317,0.0,0.8732569511,1.1420086918,-0.364291984,-0.205828769,0.0740909981,-0.81675762,-0.041208889,-0.105710903,-0.328428149,-0.529083738,0.1057109025,24,-0.00064829,0.1821561338,-0.161525019,-0.468962817,-0.260117637,0.1703121379,0.0360561463,-0.018746773,-0.288315413,0.5354260564,0,1.3666793699,-0.215219068,0.9306190718,-0.288924773,3.0254804393,7.1393865776,-0.709771106,0.0,0.0,1,1.0,0,1.0,0.0944512244,3.0,3.0811562746,0.0106576452,0.0149156035,2.1087671113,0.9170443031,-2.052328516,-0.437434931,-5057.412607,0.0446872923,11.849381705,0.0052230713,-0.053864185,-0.081357007,0.1080182211,0.2670415612,-0.006140969,1.0,0.0230946882,0.798740838,-0.12159574,1.0,11.748133534,0.9949960793,0.9417395804,0,-0.101630079,0.0880713388,0.0297637164,0.0558553119,0.5945977398,2.5215515131,5.1331907e-08,2.4725403e-08,1.7753278372,3.1517889294,-0.008678393,0.0734903047
77178,0.3837233216,0.0643711412,2.3703897004,0.0358065236,0.2366991954,0.3087396739,0.1927901559,0.045744637,0.3318441965,-0.08687837,1.0601615646,-0.004729798,-0.04458357,0.0672410365,0.0047297977,24,0.0006843112,0.054313099,-0.04553177,0.1402062065,-0.003663062,0.4798737174,0.0359773744,0.0051056121,-0.197809492,0.4113921175,0,3.6227868852,-0.028072211,3.3781967213,-0.030632456,1.4595577623,12.872199593,0.4506425842,0.0,0.0,0,0.0,0,0.0,0.4088692589,3.0,45.014725254,-0.032701791,-0.065645832,8.6774129662,-1.171981202,-0.371911009,0.3431684724,76675.469384,0.0587429544,18.122403898,-0.00345864,0.0203078688,0.0319860249,-0.015094428,0.3409914166,-0.011925539,0.0,0.0009305788,1.8367801942,-0.158734284,6.0,18.702659289,-0.021292956,1.6007030132,0,-0.101630079,0.0216449909,0.0125418497,0.0179636149,0.2951692489,1.970300882,2.150625e-11,1.6020723e-08,1.0533817602,1.1096131327,-0.026607059,0.0285441448
77259,1.6419901304,-0.141005,-6.071867647,0.0,0.3408877205,2.8139106947,-0.070896335,-0.040066073,0.3219499078,0.0,0.2194152711,-0.101566022,-1.458075408,0.0645909228,0.1015660218,24,-0.008427902,-0.04526749,-0.024992439,0.0133453626,9.42424e-05,0.1676256233,0.1693228493,-0.004878611,-0.08067884,0.552899956,0,3.5258379888,-0.167067174,1.386405959,-0.113072781,17.383333333,9.8862559242,-0.119196828,0.0,0.0,0,,0,0.0,0.3723399529,5.0,-0.755035373,0.0936596709,-0.153794425,1.9427082514,-1.495060224,0.1976110835,0.9986095935,-3099.313586,0.0352290716,8.6048301235,-0.004732644,-0.021209332,-0.025612526,-0.041382075,0.0805937639,-0.001342428,0.0,0.0192827468,-0.398587484,0.0027046353,3.0,8.1515363907,-0.394773648,0.3639799012,0,-0.095378135,0.0294117369,0.0275078995,0.0344503603,2.1904643941,1.4564639693,0.0001049881,1.0000000976,-0.050958073,0.217708494,0.8382707228,0.0785808998
90464,0.731372091,0.0543695564,0.4048562608,0.0289604048,0.1541872919,0.5248857152,0.1304837384,0.0336251675,0.3739147991,0.0151025309,0.0330652525,-0.062618459,-1.003326103,0.1089199514,0.0626184588,23,0.001359832,-0.069730586,-0.045191464,-0.407750706,-0.062519486,0.9587237712,0.3351462712,-0.006549444,0.0337432858,0.405866054,0,2.91290718,0.1351000642,2.8591925728,0.135148928,1.8566316551,7.7400193237,0.6464384733,0.0,0.0,1,1.0,0,0.0,0.4511057603,5.0,-0.203901352,-0.060509242,-0.109529464,5.1402177655,-0.652411366,-3.173634155,0.8313379583,-14448.17947,0.0314049921,12.765865433,-0.000399794,0.0125761423,0.0153795132,-0.010406702,0.3478785127,0.0082072592,1.0,-0.00124569,-0.063021864,0.0318958368,6.0,12.852620878,-0.010081869,0.9337669061,0,-0.107492679,0.0359793901,0.017286384,0.029531128,0.4257740172,2.4010587671,8.5340968e-09,2.0609183e-08,1.0557607183,1.1146306942,-0.115567808,0.0452116295
77271,0.1114887685,-0.028120908,12.748226585,0.0,0.2095561475,0.1408857435,-0.021917108,1.15028758,0.7375309108,0.0201552268,5.2346570397,-0.059791816,-0.500036674,-0.014059423,0.0597918162,23,0.0466886028,0.3095652174,0.2903010497,-0.244855492,0.0001046998,0.467192998,0.3621324925,0.1255819522,-0.146542105,0.3360027348,0,4.1683961009,-0.423160344,3.5529110127,-0.478912069,2.1455840008,4.9869554636,-0.15123362,0.0,0.0,0,0.0,1,0.0,0.8213263158,2.0,-10.23209852,-0.369427611,0.2270030658,0.0841306253,-0.609763326,0.1809489431,0.0591338197,-1659.635523,0.0318276958,13.497740343,-2.5568e-05,-0.03228005,-0.106392506,0.0057185799,0.095531513,-0.014374676,0.0,0.0067854114,1.5909052005,0.1101386286,5.0,14.142576093,0.9147487353,3.0868255081,0,-0.095378135,0.0680070743,0.0364484254,0.0532780543,0.6028957367,10.649836783,2.7931635e-09,5.6905291e-09,1.2562465792,1.5781554676,-0.006052691,0.0613488295
77274,0.109175266,0.0856430633,11.705444313,0.0,0.1332665797,0.1761553462,0.6375165782,0.5408423915,0.9799177971,-0.023079821,0.7617142537,-0.025087129,-0.059251302,0.0907175262,0.0250871292,24,-0.023435227,0.1475409836,1.2219865435,0.0151442372,0.344629633,0.5633213859,1.6710742979,-0.00195299,0.3568395718,0.4354880279,0,3.0748134005,1.6739276484,2.8342301684,2.4357645223,2.4575434439,5.3700107875,0.8837861523,0.0,0.0,0,,1,0.0,1.902794662,7.0,47.831480974,0.3292301557,-0.061082256,-8.71122741,2.2684069231,0.2569267777,-8.666634458,98593.130203,0.0248274717,18.581778812,0.0080931847,0.0961391205,0.2823125077,0.0158364535,0.3103264411,0.0125195748,4.0,0.004175578,0.1206305537,0.0018707383,7.0,18.734862128,-0.261414196,1.9334678358,0,-0.25352422,0.0246026795,0.0244746557,0.0215616974,0.2915656026,4.1492926972,1.075477e-11,1.2029409e-08,0.9026080784,0.8147013432,0.0051570353,0.0349278845
77292,0.3682158463,0.2577015904,1.9215425266,0.0772959224,0.4013845978,0.3858302479,0.5286250323,0.7691720822,0.8227684275,0.1590095401,0.1659759424,0.0397834436,0.0929823364,0.2337398945,0.0397834436,23,0.0,0.0,0.0892755141,-3.701815015,-0.006057147,,,8.82426e-05,3.0571068562,0.3482272822,0,1.8932403462,3.2792663029,1.8932403462,3.428478885,1.6427795578,8.3331260687,,0.0,0.0,0,0.0,1,0.0,3.5980403387,3.0,47.690471586,-0.4639755,-0.20862324,-8.45218683,23.848844281,1.2319066678,-8.52361209,-4296.911897,0.0248274717,13.341472476,-0.006598841,0.0697701049,0.1317472601,-0.005000169,0.2250458308,7.98742e-05,0.0,-0.03777336,-0.040766458,-0.107367304,4.0,14.572231673,0.1472767301,2.9939214083,0,-0.25352422,0.0358209349,0.0161659353,0.0363951961,0.159571321,1.6769477237,2.3585396e-09,1.0350816e-08,1.1701370972,1.3692208263,0.1602373197,0.0349549952
77279,0.1523859969,0.014396786,8.8368084643,0.0062326325,0.0338206475,0.1402051657,0.2616301309,0.2400062677,0.5367627405,0.0103550296,1.1183355007,-0.064162123,-0.749555353,0.025187974,0.0641621232,24,0.0378603024,0.1192307692,0.1787572002,0.1724449885,0.1076923889,0.2745643579,0.0046534253,0.0556487515,0.1355122837,0.6997357432,0,5.0832263534,-0.481745563,4.2069032336,-0.487507779,1.5218367838,6.9823539549,0.7868501529,1.0,0.0,0,0.0,0,0.0,0.6006208874,6.0,-10.01467713,0.0128373206,0.0366686176,0.1250278537,-0.970575315,0.8467801076,0.0983812165,-1669.129613,0.0318276958,13.835019018,0.0050969741,0.0300053697,0.0348094225,0.0055077407,0.4965335402,0.0228026227,2.0,0.0004546488,2.1392514413,0.2403485142,6.0,14.416491103,0.1184104242,2.2862222222,0,-0.095378135,0.0198456794,0.0139335368,0.0357748556,0.3257799024,3.4441324667,1.1824424e-09,9.1134105e-09,0.885532898,0.7841685135,0.072828549,0.0413266127
77282,0.32288495,0.0720965637,4.8954696592,0.0,0.0367007395,0.3596808395,0.1522875817,0.3546702171,1.055919705,0.0557600545,-0.149874055,0.1268322387,0.5497737557,0.0324597651,0.1268322387,24,0.0037405941,0.1764705882,0.2730815492,0.0810091895,0.0298376976,0.7000486145,0.0899218429,0.0745083982,0.4526663405,0.6154891888,0,7.823880597,0.580643584,6.2182835821,0.7306729984,2.7494804655,5.9051550993,1.6230229252,0.0,0.0,0,,0,0.0,1.2610078278,5.0,-0.635850628,0.0412894535,0.0679436525,0.623603071,2.9754219322,-0.770068296,0.9664784358,-3038.347976,0.0352290716,10.742042192,-0.009185888,-0.008316323,-0.009261598,0.0066260366,0.3698952482,-0.007575753,0.0,-0.007178206,3.6837577026,-0.268606676,3.0,8.6250210481,-0.321808359,0.2372576711,0,-0.095378135,0.0632849187,0.0333677424,0.0324987192,1.0042210694,0.8496449432,1.4708159e-06,1.6673088e-07,0.5600315532,0.3136353406,0.618809735,0.079818191
77281,0.3413119183,0.0485389197,10.334653179,0.0168437296,0.1785797566,1.3935922287,0.1786671773,-0.000522284,1.0163649025,-0.03190899,0.021232522,-0.103265128,-1.106343284,0.1022396274,0.1032651284,24,0.0102742708,0.0424311927,0.084190503,-0.016819598,-0.004878246,0.1334176415,0.0684377152,0.1051532033,-0.01153947,0.4599503571,0,1.2332268371,-0.117217463,0.8338658147,-0.202913058,29.651252408,70.591743119,0.4909044325,0.0,0.0,1,1.0,0,0.0,1.5310778914,4.0,-0.002912674,0.1885129314,0.0029058903,0.0504555214,0.1939277684,0.4340428256,0.4058862382,3143.6388148,0.1090476693,16.061015537,-0.007486072,0.00944334,0.014004914,0.0164814988,0.0904023689,-0.020048929,0.0,-0.001579779,2.1224286455,-0.026121349,6.0,17.313541209,0.3476689679,3.673725263,0,-0.208549392,0.0266379919,0.0165241198,0.0234515866,0.2885942004,5.4024602207,7.775282e-11,5.617722e-09,0.7162581832,0.513025785,-0.062226431,0.0403180617
77340,0.6000371836,-0.02683051,0.3912316802,0.0,0.4176841149,0.984873878,-0.040576041,0.0344481931,0.2530608265,0.0192745831,0.1244860431,-0.07303653,-2.724256293,0.0462626754,0.0730365298,23,0.0700917558,0.0982735724,-0.050241642,0.0497407453,-0.087552378,0.1785076901,0.1255023774,0.0980127543,-0.02016455,0.5208535954,0,1.8271195544,-0.329029204,1.4167649428,-0.421330657,7.599022946,3.1390359943,0.0185756105,0.0,0.0,1,1.0,0,0.0,0.3988106801,3.0,-0.799976649,-0.404281933,-0.160801637,9.3202558965,-11.28678141,0.50045689,-0.044747814,-7481.630749,0.0257826007,12.951218515,0.0065168445,0.0073865322,0.0125335833,0.1619129776,0.0905852435,-0.008660514,2.0,0.0026041667,1.7762412579,0.1028681584,2.0,14.696300243,0.5519880772,5.3349771933,0,0.080304809,0.0099132499,0.0011381056,0.002431578,0.3708727676,5.6198444773,1.633056e-10,7.1230795e-09,2.262124484,5.1172071809,0.1940067908,0.0935774643
77338,0.3037656403,0.0412676701,15.472367184,0.0054314678,0.2336406304,0.2267366336,0.1284783705,0.0278501563,0.280585746,0.0081963912,-0.079144628,-0.023425593,-0.300925804,0.053686177,0.0234255929,23,-0.001344386,0.0225965903,0.0961561742,0.0929764111,0.0145498138,1.7487102709,0.1103358044,1.27062e-05,0.1287214726,0.1438761753,0,2.4080137336,0.1275979312,2.0994431059,0.1555261803,5.8147437053,5.8384925002,0.2201775869,0.0,0.0,1,0.0013758318,0,0.0,0.5264480602,8.0,-10.11055754,0.1046509746,-2.418869559,4.0817884096,-0.929541126,0.3255279681,1.0482584549,11420.278542,0.0288563477,16.695710894,-9.9997e-05,0.0177568403,0.0319597223,-1.1965e-05,0.0742688513,-0.007049329,0.0,0.0002552648,0.5232103444,0.0429412072,5.0,16.622007491,-0.163081315,1.0767383722,0,-0.111549313,0.010340862,0.0085869546,0.0160855964,0.2879757576,1.4246224406,8.452597e-11,2.1509148e-08,0.9638308484,0.9289699044,0.0349928039,0.0175464876
77366,0.4879444086,0.0267928066,2.1585439086,0.0051968806,0.5578102337,1.4844918723,0.0517017044,-0.05882539,0.5711449501,0.0031804313,-0.121206927,-0.032392987,-1.303848076,0.061726556,0.0323929869,23,-0.087319213,0.0,0.0523777262,-0.146094648,0.0264727504,0.3655517877,0.0209775705,-0.141691885,0.0242956373,0.4181646258,0,2.0856849583,0.1189996153,0.9602233229,0.3737100818,23.567025375,8.0066530656,0.1045414802,0.0,0.0,0,,1,0.0,1.2987994477,7.0,-0.328524526,0.0648901251,0.030178421,0.1768012756,-13.33311632,0.1578237293,0.0905874225,-923.2920314,0.1187585399,13.685930633,0.0019807376,-0.005299199,-0.010534747,0.0095996968,0.0651309917,0.0085326128,0.0,0.005988024,1.8717729842,0.0608957997,5.0,13.949055638,-0.089462383,1.7473414164,0,-0.051660395,0.017543843,0.010365813,0.0242927032,0.445542303,4.8424000079,1.4827614e-09,1.2974916e-08,0.8595179363,0.7387710828,-0.013616669,0.0338464085
77393,0.1129440704,-0.124788187,7.3564770916,0.0002947321,0.0417354318,0.0179683748,-3.220681281,0.2974363416,-0.732236272,0.3793419614,-0.212697181,0.0368239703,0.0670658025,-0.133157207,0.0368239703,23,0.0013119105,0.1009174312,0.1824537664,-0.240391925,0.0401990942,2.9429671099,1.2319796093,0.0161267972,1.2266063104,0.4295914874,0,4.5455183055,2.9783291031,4.5082059195,3.0365585881,0.1778071693,3.6922535211,-2.025681835,1.0,0.0,1,1.0,0,0.0,-2.865955003,2.0,50.571850749,-0.051724276,-0.107705809,-8.707458606,-0.342990662,-0.42660587,-8.890509191,-5255.575517,0.0248274717,12.532099401,0.0245260983,-0.171159402,-0.802520761,0.0045706624,0.3822323996,0.0078852667,0.0,-0.021699474,-0.51395017,-0.072909865,2.0,11.720915785,0.1343553415,0.4124070681,0,-0.25352422,0.0787671283,0.0287407362,0.0509521106,0.4860813361,0.857975589,4.4622157e-08,5.6334979e-08,1.7634611292,3.1097951541,-0.079532919,0.0640658776
13599,0.0642318079,0.1349737268,1.4755577131,0.0,0.7254620489,3.6768798139,0.4470230592,-0.242967462,1.2669235112,-0.044062521,-0.24905517,-0.131410864,-0.892228424,0.2554011223,0.1314108645,6,0.0088956344,-0.134328358,-0.110446422,0.3543751853,-0.00266719,0.3967702726,0.3002750058,0.0213707661,-0.166666667,0.5954125835,0,1.1784609435,-0.330712723,0.8208430008,-0.401715163,13.688313556,59.29470405,0.2117789477,0.0,0.0,1,1.0,0,1.0,7.0684064848,5.0,-16.11238247,0.1809038627,-0.440436459,-0.003102261,10.977646437,0.7167564862,0.5886288258,-5183.532039,0.0238858186,11.747936212,-0.031825559,0.0260769588,0.3206015038,-0.079233255,0.3455886066,-0.005097879,1.0,-0.046043844,-0.147156545,0.1043683644,4.0,11.413501778,-0.226331806,0.7024795355,0,-0.25352422,0.0423528999,0.0190751235,0.0363213582,0.4921336575,1.4581264796,5.0434816e-08,3.8089247e-08,0.3512982406,0.1234104538,0.9228120882,0.072900132
92871,0.3682515083,0.0638429298,3.9310240434,0.0081362162,0.073416102,0.2944472517,0.2711980842,0.0834462613,0.2149067996,-0.014276301,0.0222929936,0.2125872739,1.602569089,-0.038469776,0.2330398958,15,0.0309125291,0.0904255319,0.1577097491,0.1665802989,-0.007861563,0.9093563186,-0.039554753,0.0359669062,0.1432495486,0.3959371842,0,9.7482214564,-0.162086702,8.2605052645,-0.231955906,2.130144563,9.0625289113,0.9380517435,1.0,0.0,0,,0,0.0,0.2800965654,3.0,1.3984808483,-0.116831132,0.0025649594,-0.066292092,-0.853646305,-0.182336078,-0.06647431,-5528.826774,0.0558672041,13.379068382,0.0164856085,-0.000898894,-0.001160248,-0.02923316,0.1733531859,-0.010454067,0.0,-0.003681592,1.0564302875,0.1284366176,3.0,14.961529815,-0.20695786,3.5939731332,0,-0.168614603,0.1474256068,0.0439050602,0.0409933922,0.5262108515,10.243958694,2.6055838e-09,5.9801801e-09,1.231341907,1.516202892,0.3523572446,0.0482094699
77413,0.3548688155,0.0576112749,2.9630747483,0.0,0.0606943283,0.308053941,0.2678900427,0.0088998874,0.6249895965,-0.04626518,-0.210365128,-0.013263068,-0.09524754,0.0630986072,0.0132630683,23,-0.025051235,0.0,0.0608540981,0.0543553979,-0.039176094,0.461038961,-0.5480746,-0.018376825,0.0592039292,0.6706108474,0,5.3018568241,0.2417371541,4.8970994214,0.2832950416,1.5618228799,3.3473229363,0.8659389589,0.0,0.0,0,,0,1.0,0.7683754562,6.0,47.720522384,-0.002074027,-0.20862324,-8.46553386,3.8303257624,-0.257838585,-8.694253377,-5109.812717,0.0248274717,13.39291006,0.0013748731,0.0611485452,0.0745890411,0.0250776611,0.4906444084,-0.013826566,1.0,0.0118603066,1.6485743365,0.2371295467,4.0,13.836043311,0.7996029553,2.3801451976,0,-0.25352422,0.0381818265,0.0138538971,0.0339168233,0.6021966772,29.388019519,1.2908555e-09,5.2773248e-09,0.7965977348,0.634567951,0.1623440254,0.0502034817
77418,0.3443955658,0.0547914828,11.148372804,0.0156044567,0.5457057211,0.384961525,0.0942266783,-0.069638498,0.1767067682,-0.070391061,0.0181937516,0.004815128,0.0811504879,0.0503451272,0.004815128,23,-0.004997981,-0.247058824,-0.081758684,-0.062948313,-0.072114555,0.2760828625,0.1918927191,-0.037488602,-0.181514179,0.1657965665,0,1.431986093,-0.065373761,1.2472837897,-0.033285872,10.450343774,3.5439119171,0.1203803676,0.0,0.0,1,0.0019648204,0,0.0,0.356540931,3.0,-0.153186717,-0.037477644,-0.286857701,4.7532412403,-0.602833798,-2.841782552,0.7727631341,56239.705089,0.0314049921,17.899336174,0.0140898645,0.0163184864,0.0430801249,0.005814559,0.0283051983,0.0054210353,3.0,0.0024727273,2.7553015283,-0.094676703,4.0,18.252395214,0.1077698969,1.5011622673,0,-0.107492679,0.0171892177,0.0103738435,0.0167574123,0.2181479464,1.1614400424,2.782272e-11,1.832622e-08,0.6836295632,0.4673493797,-0.134264445,0.0330797052
77425,0.3521728491,0.0201680032,243.47172044,0.0,0.7237481664,2.0140490718,0.0474874317,0.0219148679,0.1904008941,0.000760095,0.0097570986,-0.137190363,-7.24034477,0.1661912995,0.137190363,23,0.0013756411,0.0181818182,0.0855343646,-0.041841085,0.3913879545,0.2050660628,0.022871182,-0.012078261,0.0478426068,0.529761552,0,1.6253327686,0.0888176538,1.5971533156,0.0874629798,1031.9492386,7.8421998048,0.2314322315,0.0,0.0,1,1.2477103484,0,0.0,0.5665320575,8.0,-4.070162939,-0.032384419,-0.135612248,0.785354567,2.7469935164,-0.915828062,0.1211107646,-5356.52215,0.2359138598,12.001326529,-0.001453282,0.0088965301,0.0248587056,-0.168830555,0.0074518357,-0.035726746,0.0,0.0081253627,1.0353394319,0.0047271568,3.0,12.259740616,0.2344693859,1.2354753362,0,-0.179026286,0.0675589815,0.0375034735,0.0516434978,0.3310457823,1.7163812973,3.3871093e-08,1.9711309e-08,2.035992882,4.1452670158,-0.11986792,0.0692184163
77437,0.0909704084,-0.499880147,1.6989542981,0.0,0.411481888,0.015680813,-4.475601559,-0.219698246,-0.712346897,0.2465087598,-0.001766718,-0.132704369,-0.152165153,-0.423815808,0.1327043685,23,0.0,0.1896551724,-0.158769742,0.1437512661,0.235829957,0.2519760941,0.2634529103,0.0097456506,-0.607396014,0.865321183,0,2.3054444251,-0.338777686,2.3054444251,-0.338777686,0.0404994397,2.4385542169,-1.164581727,0.0,0.0,1,0.1378710239,0,0.0,-2.066203023,2.0,37.718894455,-0.035599419,-0.018968068,-8.729432268,-0.458034591,-0.42660587,-9.181167792,-5482.828487,0.0248274717,10.75204,0.0,-0.260755523,-0.631913499,-0.001034207,0.7464237897,3.957495823,0.0,-0.161405189,0.1349734996,0.0255040643,4.0,11.693686931,0.2096816671,9.8670935927,0,-0.25352422,0.1360691637,0.0517996933,0.0768551846,0.7898676147,12.668474364,6.4384853e-08,6.295624e-09,1.276646461,1.6298261863,-0.374768275,0.0837853202
77447,0.3979328712,0.0206188311,2.1228515648,0.0,0.0257197115,0.242133272,0.2231936111,0.0829772458,0.3381374301,0.0326446828,-0.059224469,-0.065923929,-1.302639073,0.0474777262,0.0659239295,23,0.0047696602,0.0048479506,-0.01420393,0.1240854918,-0.006035229,0.225888885,0.0174727431,0.0284102849,0.093661843,0.8149045855,0,15.219019772,0.0377446527,13.933409914,0.0410417234,0.891845751,7.9193874677,1.3511391807,0.0,0.0,0,,0,1.0,0.3635440314,4.0,-10.07850891,-0.081613481,-0.077714201,0.370574728,-1.163085423,0.9124849218,0.1206709687,-1836.874403,0.0318276958,14.283942003,0.0124991473,0.0285249817,0.0302308293,0.0049002811,0.6457635507,-0.000950114,5.0,0.0015525114,0.840511368,0.0660092654,6.0,15.223287957,-0.400088139,2.1633190307,0,-0.095378135,0.0309206657,0.015503819,0.0232847224,0.2495026426,1.9212633372,1.0584511e-09,1.339593e-08,0.6478654257,0.4197296098,-0.047291527,0.0394537407
77496,0.3900157282,0.0469611668,45.407549067,0.0,0.3409967853,0.6888778951,0.1006909565,-0.024561885,0.2973774858,0.0031230223,-0.040046015,-0.015521474,-0.24479618,0.0584570811,0.0155214738,23,-0.003457984,0.0062305296,0.0618733461,0.0439145081,0.0346217011,0.1259850326,0.1245438446,0.0177830059,-0.009650403,0.3816152694,0,1.6015173222,-0.314486387,0.8124274599,-0.290955406,79.727065603,7.2123039328,0.2212686782,0.0,0.0,1,0.8891440553,0,0.0,0.5466350239,7.0,-2.211351287,-0.095011561,-0.073756147,9.1709217908,0.2708987659,-0.413348583,-1.034040211,9988.5643798,0.4540382957,16.473685644,0.0022343377,0.0211402692,0.0466350016,0.0119071029,0.0110006655,-0.02305181,2.0,0.0,0.6404091993,-0.055947459,6.0,17.080514571,-0.141481434,1.8206664777,0,-0.102424876,0.0174400322,0.0097393448,0.0166784283,0.209118917,1.2428195379,9.095148e-11,1.6350194e-08,0.9951870666,0.9903972976,-0.069848791,0.026907167
77768,0.1500395523,0.0452013163,209.07765651,0.0202525378,0.3633182543,0.3274827361,0.1381782033,-0.022364848,0.2622068625,-0.016563879,0.0518346852,-0.058616472,-0.693034238,0.0765273761,0.0586164715,23,0.0022467983,0.0079825835,0.0291823899,0.0799223477,-0.004090709,0.0975243811,0.0797153752,-0.006516909,-0.149190498,0.4105611554,0,1.1401606426,0.0416282414,0.918875502,0.0157196421,97.404761905,6.833518931,0.2156545311,0.0,0.0,1,0.0009228285,0,0.0,0.7710697534,5.0,47.610653594,-0.038620652,-0.200640657,-8.670363124,0.1849828948,0.5870557929,-8.680824608,31929.418763,0.0248274717,17.327271694,-0.001520801,0.0210311009,0.0807816277,-0.015785258,0.0073688773,-0.039256067,1.0,-0.002619388,0.3175948255,0.0169735346,6.0,17.481314181,0.1487217491,1.0455728299,0,-0.25352422,0.0232517812,0.0090006765,0.0153994311,0.288588978,1.1046604836,6.081466e-11,2.8162966e-08,0.8104715987,0.6568642123,0.0130980894,0.0156604961
77505,0.1312625692,-0.007691969,44.5015625,0.0,0.8806717261,0.7987317059,0.0468255828,-0.032205531,0.6096869297,0.0135701122,-0.044620676,-0.084699571,-11.32824427,0.0794445342,0.0846995705,22,0.002653996,-0.048,0.0679908927,-0.285882797,0.0277902942,1.833008447,-0.233084691,0.0237259582,0.0602323927,0.1457084832,0,0.4921538675,-0.108569749,0.4803499514,-0.122959084,85.01875,5.1380547686,0.0833618373,0.0,0.0,1,1.0,0,1.0,4.8299739151,5.0,-10.07071599,0.1678961967,-2.489466149,3.9092853384,0.2923504685,-0.604538873,1.0740168121,-4200.360058,0.0288563477,10.399531626,-0.000573987,-0.016527974,-0.121301775,-0.010632768,0.0036265272,-0.026158925,0.0,-0.030238349,6.7593227704,-0.085711285,5.0,8.7707061151,-0.033369866,0.1302712439,0,-0.111549313,0.0270992853,0.0144347759,0.0173612277,1.2369417598,0.3681132885,7.2946413e-06,1.0000005665,0.5585246707,0.3119498078,-1.063716811,0.0404919826
77507,0.9716643002,0.0338849433,-48.58022071,0.0296703516,10.105675046,0.514516605,0.0235578456,-0.070094899,0.0367505564,-0.000141743,-0.07815088,-0.003972187,-1.347490347,0.0795445774,0.0039721866,23,0.0023104695,0.049122807,-0.00175868,-0.128710782,0.0322463508,0.1122442393,-0.152798401,0.0035536965,0.022872152,0.5741418595,0,0.9695098466,0.1642395754,0.95996383,0.161645755,2.5636990129,0.0609595555,0.0047594187,0.0,0.0,0,,0,0.0,0.4608566482,7.0,-0.059670881,0.0006797422,0.0144834927,0.123100667,43.250901134,,-0.006844113,-4995.272937,0.0286812661,11.863769662,0.001013284,0.0032495991,0.0370466545,0.0048835779,0.0161673324,0.0065211444,3.0,-0.006162569,-0.373217835,0.0509186815,3.0,11.861566221,0.1396449881,1.3133041142,0,0.0654744878,0.0320412889,0.0117829994,0.0184374853,1.3399105581,11.930965614,2.2212012e-08,1.0148631e-08,0.1886529039,0.0355899182,0.8948404631,0.0255545299
77515,0.4810551077,-0.123549361,1.1600939918,0.0,0.0593572963,0.1392973942,-0.903970254,-0.158698984,0.0720786686,0.0082799188,0.1715792203,-0.063975204,-0.305082943,-0.085856559,0.0639752038,23,0.0074626588,0.1,0.3891169534,-0.17021849,1.7170464202,0.7844846372,0.753468439,-0.001430214,-0.183615378,0.8001032934,0,7.5454957336,-0.290985331,7.237257419,-0.301986303,0.3500808946,8.0690005074,-1.959320145,0.0,0.0,0,,0,1.0,0.0782814207,3.0,3.3008625165,0.0751140901,-0.06724053,1.296209566,0.2740514198,-1.065658247,0.0057922483,-4890.826227,0.0446872923,11.614372935,-0.000844348,-0.037699485,-0.042892269,-0.00767854,0.7602914422,-0.022711292,0.0,0.0159235669,0.8203553657,0.1310371947,2.0,11.299615138,-0.182494102,0.7048380404,0,-0.101630079,0.0731707364,0.0323488547,0.0512579554,0.5426124457,2.6383543728,6.7046994e-08,2.4171498e-08,1.7137622143,2.9369809272,-0.047226051,0.0520993502
77526,0.7798087403,0.065288413,-29.34745085,0.0235788673,5.5813013161,0.3364344288,0.0348828556,0.0102429924,0.0482194537,0.0050019116,0.0025311881,-0.011271535,-1.092628646,0.1366244032,0.0112715352,22,-0.004540922,-0.008091706,0.2155953677,0.1863176049,0.0506484286,,,-0.002439322,0.0691036758,0.5299450193,0,0.8612873051,0.0009479181,0.8488658896,0.0073855221,1.9001318208,0.0778158372,,0.0,0.0,0,,0,0.0,0.4162565425,8.0,0.0491422077,0.0037760796,-0.05184174,-0.140414161,0.9852230876,,0.057086762,-4585.885972,0.0286434127,14.183234633,0.0001102281,0.00274953,0.022189511,0.0207574245,0.0257426315,0.3857821005,2.0,-0.003957382,0.2126094737,0.0027759861,7.0,14.006785087,-0.17607021,0.7098479265,0,0.0654744878,0.0245036315,0.0129033677,0.0221288265,0.3548082514,1.1081340487,2.854041e-09,3.1470894e-08,0.9927068649,0.9854669196,0.0023364438,0.0220398262
77520,0.8558347855,0.1018514125,-6.513337366,0.010125579,0.9676380538,2.4131885468,0.0967381655,-0.123583922,0.2732260511,-0.084386105,-0.112653619,-0.003536537,-0.068226121,0.1088003393,0.0035365368,23,-0.033521317,-0.058025417,-0.098563999,-0.123229106,-0.01537805,0.1832200732,0.1317406448,-0.030893018,-0.140067827,0.3825381495,0,1.5913663223,-0.009337385,0.8016599756,-0.098653398,26.735496288,10.088918863,0.1665983359,0.0,0.0,0,,0,0.0,0.5570295746,4.0,7.1211134819,-0.09386676,-0.196231114,0.4902213789,-0.8017039,0.3366576876,0.1011092964,-421.6118189,0.0410566741,15.299152996,-0.002045872,0.0089821161,0.0211992923,-0.104500941,0.0601561174,-0.008312126,0.0,0.0053613554,0.570479704,0.0857872983,6.0,16.162571069,0.166574676,2.8424836918,0,-0.131569503,0.0364934579,0.0137190893,0.0267003599,0.4766480046,6.7174801344,2.111787e-10,7.8612355e-09,1.1540644261,1.3318646996,-0.04202142,0.0297098188
83738,0.3272173538,0.039235325,-2.753687048,0.0152432168,2.1228167055,0.1953619774,0.0269839236,0.1317559313,0.0263103121,-0.001562364,0.1450396401,-0.007648357,-0.449798194,0.0568833034,0.0076483567,19,0.0,-0.009199632,0.0128397193,-0.014142871,0.0246599089,0.1830977586,-0.163478438,0.0009577533,0.0525398184,0.5372948317,0,0.7745760729,-0.016340825,0.7745760729,-0.016340825,0.3710021454,0.180227208,0.0222743865,0.0,0.0,0,,0,0.0,0.1832093138,4.0,-10.12437076,0.0956997247,-2.450665781,4.105240123,-0.519455162,-0.033413955,1.0514555813,-3621.886808,0.0288563477,13.228778493,4.82701e-05,0.0043017675,0.0297807468,0.0015794959,0.1747544506,-0.025853517,2.0,-0.000934072,0.0233523772,0.027509224,4.0,12.747459695,-0.049418883,0.4944553164,0,-0.111549313,0.0492570363,0.0176518334,0.0312587785,0.3852967602,0.9974465032,1.2073555e-08,4.5219959e-08,1.156432613,1.3373363883,-0.070884009,0.0385338702
77610,0.3538160951,0.0330004431,2.698172655,0.0,0.0324098823,0.1506213898,0.2872915829,0.0585473059,0.1549289687,-0.015509219,0.172151249,-0.011370973,-0.129402208,0.0372707733,0.0113709727,21,0.0556665382,0.1693548387,0.3027298331,-0.107182666,0.0958772951,0.6562594117,-0.249160988,0.0726087727,0.049232611,0.6843902647,0,13.812959028,-0.018917024,12.429482161,-0.087622993,0.6621387423,8.6537259343,1.4421908025,0.0,0.0,0,,0,0.0,0.1674694401,5.0,2.8163122708,0.0360997662,0.0021143084,1.1689705534,-0.427665407,-1.494762139,0.1289195801,-3850.886207,0.0446872923,14.821312014,-0.0009001,0.0134184866,0.015981875,0.0041731555,0.6766487686,-0.005815729,1.0,0.0014749263,1.6813402137,0.1268477775,5.0,15.771670017,0.9209703265,3.0977060565,0,-0.101630079,0.07702934,0.0255871419,0.0338519652,0.5074236873,8.8194209215,5.057597e-10,7.162589e-09,1.5590439167,2.4306179341,0.0671316722,0.0560521149
77605,0.3671098878,-0.006765693,7.5055178876,0.0,0.6018055075,0.4195866458,0.0713460954,0.0284231489,0.321103132,0.0038992782,0.0551236045,-0.082587094,-11.66386555,0.0721484354,0.0825870943,23,0.0029155386,0.0434782609,0.0331793364,0.1280530931,0.0236230469,0.4810882548,0.0794810478,0.0135779374,-0.012540144,0.1617504988,0,1.2670414617,-0.23245313,0.934645116,-0.193570155,12.572402044,6.2383770076,0.0587864384,0.0,0.0,0,,0,0.0,0.7807004129,6.0,-10.03401252,0.0155937874,-0.039083891,0.3397517446,-1.007598824,0.1809489431,0.1453416779,14474.634097,0.0318276958,17.206134189,-0.007656418,-0.011563394,-0.030091185,0.0019031032,0.0192149327,0.0279845794,0.0,0.0006093845,0.8354969871,0.0891648671,4.0,17.290353694,0.173310933,1.5952722952,0,-0.095378135,0.1117317826,0.0259545355,0.0178028461,0.5911389308,7.1582622124,4.752592e-11,1.1836569e-08,0.8594880123,0.7387196433,0.0876867466,0.031429252
77649,0.2555543586,0.0322089989,16.203485321,0.0127613587,0.2446294736,0.4412361465,0.1349984428,0.1124990859,0.4556651734,0.0119895537,0.2126735988,-0.055674119,-0.821654919,0.0586736812,0.0556741186,23,0.0028455125,0.2666666667,0.140552146,0.1035629275,0.0319272824,0.1743849039,0.0474988983,0.0429480882,0.0317000496,0.35819653,0,2.5427221165,-0.040914664,1.975124501,-0.032559654,11.033896081,5.6880589261,0.2361924972,0.0,0.0,0,0.0,0,0.0,0.8092316875,5.0,-10.04162188,0.0389887477,0.1841045151,0.2281962154,-1.077616969,0.5498026505,0.1318669237,1079.2573467,0.0318276958,15.618936954,-0.005106523,0.0039822429,0.0079147788,0.0069793742,0.0702388572,-0.015006471,0.0,0.0009235032,0.5055163687,0.0496703777,6.0,16.290096596,-0.19273264,1.6354689922,0,-0.095378135,0.018791249,0.0117959599,0.0175584972,0.3134038138,2.2283200682,2.495763e-10,1.6166003e-08,0.8500134106,0.7225227983,-0.075225187,0.0267450998
77629,0.2840525798,0.0404932215,21.383090183,0.0114044353,0.1358531757,0.5924053645,0.2265187899,0.0910879604,0.3882436924,0.0142137013,0.0137218535,-0.103869115,-1.167266101,0.0877595863,0.1038691149,23,0.0,0.1233511586,0.1553295109,0.1023660037,-0.002714175,0.4275564578,0.149990041,0.0176366922,0.1402291683,0.1934011719,0,2.1506822459,0.0035362264,2.1506822459,0.0035362264,21.377198514,8.8699773216,0.3970930023,0.0,0.0,0,0.0,0,0.0,0.6698183802,7.0,-355.6589494,-0.024588619,-0.057025828,-2.075362947,-1.355557491,0.2437806028,-0.049608707,-2521.629438,0.2277833408,13.342942985,-0.000645846,0.0205202743,0.0354585265,0.0113580381,0.0744463959,0.0001116121,0.0,0.0,0.1770196939,0.0199124385,5.0,14.030756387,-0.02414854,1.3804686875,0,-0.166303822,0.0312901661,0.0134593957,0.022001417,0.3650297083,2.2231286141,3.4547424e-09,1.8806463e-08,1.0064697798,1.0129814177,0.129149074,0.0342056305
77630,0.6661997329,-0.728296652,0.2681838348,0.0,0.1958576309,0.4420803243,-0.781606294,-0.431151481,0.2606060021,0.0513655272,0.0553322298,-0.465839732,-0.76035913,-0.174529643,0.4658397322,24,-0.001821225,-0.169312169,-0.138683843,-0.146798877,0.0021777341,4.6384364821,-0.562101819,-0.016541876,-0.49904301,0.6881506338,0,3.4232673267,-0.304163558,3.4232673267,-0.302330355,0.859478983,4.2679000141,-3.600168738,0.0,0.0,0,,0,1.0,0.2969750302,3.0,-2.581413447,-0.106804628,-0.482343931,0.7802439025,-0.002819905,-1.773235409,-0.087122817,-4691.169891,0.0278203388,11.042145246,0.001467224,-0.049430857,-0.061882011,-0.01503784,0.5966638951,-0.006065674,3.0,0.0068027211,0.35231608,0.0023726556,3.0,10.065287435,0.2274369832,0.5839793282,0,-0.111549313,0.182017535,0.0559952073,0.0621383365,0.9784157084,3.2680957746,3.057296e-07,3.4748123e-08,1.2733787311,1.6214933928,-0.092852861,0.0813874949
77660,0.2499134112,0.0947407435,6.5496002762,0.0,0.7414121591,0.2574940942,0.1944552605,0.1446535711,0.2074874661,-0.102209824,0.2375690608,-0.037939756,-0.371900826,0.1299749042,0.0379397563,23,0.0,-0.01063022,0.0606949128,-0.074993239,0.016769876,0.2631578947,0.0867446394,0.0008218953,-0.063858152,0.7274021684,0,23.876748252,0.1402324595,23.876748252,0.1402324595,3.3310313076,0.2877540469,0.1442718704,0.0,0.0,1,1.0,0,0.0,0.5993867484,5.0,-73.61199664,-0.016304902,-0.053862282,-0.51613517,-3.629947483,0.4353510392,-0.348482898,-726.9537243,0.1473165608,15.199245809,0.0009550046,0.0236233041,0.0866612015,0.007028479,0.0928723782,0.0007417282,0.0,-0.001066694,1.40233228,-0.107008474,6.0,16.004427702,0.2374210045,1.9317689886,0,-0.258063742,0.0430584066,0.0194761621,0.03561339,0.27930946,1.7327959382,6.42261e-10,1.5202058e-08,1.2034482167,1.4482876102,-0.061662646,0.0430981942
77661,0.5445847566,0.069358495,1.7635277503,0.0084630853,0.4855741389,1.0012033177,0.0950350539,0.0929674099,0.2304435187,0.011135888,0.0339970095,0.0047111715,0.0670041295,0.0647111894,0.0047111715,24,0.0263188704,0.1083437111,0.3486453187,0.3559899514,-0.044724294,0.2592783505,0.7171877641,0.0253271257,0.1521756128,0.5633368487,0,19.588852204,0.1320044698,3.0475820548,0.8849912568,7.7764621457,61.676152533,0.1549562795,0.0,0.0,1,0.0029084381,0,0.0,0.4265022088,6.0,0.0093560328,0.1873635974,-0.029190014,-0.571758993,-0.411054703,0.5001939611,0.2262098519,8903.6235357,0.0754152071,16.226950531,0.0014996324,0.021991071,0.0424364076,0.0647666244,0.1249663707,-0.017961637,3.0,-0.000340599,1.1565746085,0.0892258901,4.0,17.179983767,-0.137566992,2.6315993799,0,-0.105045736,0.0289808307,0.0145817714,0.0223039833,0.2945535194,2.8851325147,9.833914e-11,1.0336334e-08,1.2736418696,1.622163612,0.0127003876,0.0393162458
77668,0.3261965364,0.032655113,10.149691589,0.0,0.5487233365,1.6410040084,0.0891748191,0.0046817633,0.1590623027,-0.061401241,0.0640783008,-0.047349206,-1.265889619,0.0739928815,0.0473492065,23,0.0045106016,-0.015846539,-0.030852421,-0.517292551,0.0340678929,1.3450126263,-0.04361704,0.0075838217,-0.081658073,0.1509439301,0,0.6210355588,-0.032009806,0.4968531284,-0.006691508,54.779334311,16.871316766,0.1264733344,0.0,0.0,0,,0,0.0,0.3668248052,6.0,1.414491763,0.0767156931,-0.196177581,0.0653647655,-0.914763133,0.9630435009,0.4413660389,56311.07696,0.1116949983,17.657902232,0.0031624725,0.0127574333,0.0418209857,-0.010153183,0.0084274903,0.0002556871,2.0,0.0001235178,0.3632604008,0.0059066797,4.0,18.197882518,-0.14621434,1.6290150547,0,-0.152504436,0.0279596206,0.0119983337,0.0196564969,0.3358558684,3.0035802374,3.011744e-11,1.3445577e-08,0.7468945521,0.557851472,-0.023183867,0.02363376
77679,0.7730675381,0.0514391287,-36.95166302,0.0313090468,4.635203762,0.2315668831,0.0318547185,0.1978981739,0.0497803418,0.120394031,0.2033841312,-0.007121026,-0.687032633,0.0867794887,0.0071210262,22,-0.001697031,0.0879056047,0.1346949496,-0.07475389,-0.013240134,,,0.0005588151,0.166432611,0.4821965527,0,0.8068605498,0.031623733,0.8034949273,0.0354651037,1.9515703885,0.0683110207,,0.0,0.0,0,,0,0.0,0.3391961425,5.0,0.0243563691,-0.005460611,0.0441555707,-0.147155363,-0.819273546,,0.0072418475,-3912.647252,0.0286434127,14.352318468,0.0002558236,0.0030265253,0.0208539945,0.007029941,0.0196651798,-0.081739094,1.0,0.0023294381,0.4074356281,0.0206138669,5.0,14.369170729,-0.241435174,0.9051157391,0,0.0654744878,0.0404858552,0.019830031,0.0218384031,0.4786058637,2.2177910496,2.3916127e-09,2.5983205e-08,1.051931652,1.1065602004,-0.041015302,0.0265230187
89810,0.2272608441,0.0201376052,25.308246324,0.0,0.7451138413,0.9519901308,0.0975833588,-0.050007677,0.2318777005,0.0070762778,-0.047823966,-0.09828358,-4.870680045,0.1182214368,0.0982835804,15,-0.007940971,-0.108527132,-0.053058217,-0.042157054,0.107096103,0.1745539178,0.0564476299,-0.018336148,-0.047067683,0.3431988318,0,1.8041968376,0.0413445795,1.0331018176,0.0883454491,51.966911765,10.385745775,0.1057210457,0.0,0.0,1,0.6513052881,0,0.0,0.9177256895,6.0,-0.15531271,-0.055824901,-0.085990875,-0.537324088,-0.221392072,-0.685191195,0.3715949838,-1434.209187,0.0689333745,15.26860632,-0.001286507,0.0133410159,0.0552699229,0.004772493,0.0180797728,-0.012250613,3.0,0.0,0.302001599,0.0477625839,4.0,16.113910535,-0.066628491,2.6715401759,0,-0.105814909,0.0278404728,0.0141843465,0.021668384,0.5028319315,6.7343852002,2.977381e-10,8.8697261e-09,0.708830829,0.5024411441,-0.062706264,0.0254578456
84776,0.6232623684,-0.865205624,-8.296517493,0.0488022292,3.9147935135,8.2257963184,0.0651328581,-0.264736072,0.1585752037,-0.018468114,-0.107601898,-0.19117499,-1.210165711,0.1818365547,0.1911749899,20,-0.05557793,-0.133333333,-0.068741045,0.0718239458,-0.075815976,0.1636339662,0.3629923046,-0.167114372,-0.646852054,0.5610338313,0,1.6159293229,-0.16379084,0.9288508228,-0.182123431,29.056365403,5.9382323734,-0.167225746,0.0,0.0,0,,1,0.0,0.4763318232,3.0,-0.301053544,0.1330702633,-0.131268142,-0.255711836,-0.271098631,-1.014193151,0.0804775383,-1757.83908,0.0979159386,13.554212099,0.0055440917,-0.00938481,-0.084523463,-0.377142225,0.0289785874,0.0432200608,0.0,0.0117647059,0.1257885493,0.0368440682,2.0,14.561062665,0.0794243575,3.4349091598,0,-0.200344257,0.1524434835,0.0484154781,0.0531325677,0.4724100358,8.3832372828,3.3895505e-09,7.2174442e-09,2.7280656782,7.4423423445,0.0091719443,0.0462256858
77702,0.0689229646,0.0326655522,46.117962021,0.0120384181,0.0784984944,0.2270110164,0.2830728614,0.1574644979,0.5060681305,0.9814543029,0.2093553803,-0.085495064,-0.359650395,0.0444137309,0.0854950644,24,0.018578387,0.2460732984,0.1650615888,0.025600416,0.0459543231,0.2186483379,0.0843059487,0.1186842619,0.1035660091,0.4039278408,0,1.1913781306,-0.131566022,0.8338032024,-0.176789333,11.891957304,26.651877608,0.6032464582,0.0,0.0,0,,0,0.0,1.0181335357,7.0,-0.006403867,0.1612757166,-2.727180435,-0.237631057,-0.284620947,0.2240132527,-0.021210409,79840.036105,0.0775320588,18.226747953,-0.00861163,0.0507040283,0.1114146675,0.0086965191,0.1294702758,-0.009515289,2.0,0.0,0.5882089271,-0.002025862,5.0,18.496536059,-0.364889935,1.3701606481,0,-0.101596569,0.0221105479,0.0144159795,0.0164475325,0.4413794261,3.8765327275,1.462504e-11,1.5445258e-08,0.7029920275,0.4941977908,-0.021572142,0.0236052126
77790,1.2305132437,0.1208751567,-3.643344069,0.0,2.0526230351,0.8487414662,0.0089141451,0.1606719259,0.0713258374,-0.001367139,0.2813423635,0.0932860211,2.608744311,-0.194457221,0.0932860211,22,0.1097661513,0.0272727273,-0.263088247,,0.1660292086,0.0450126108,0.0139845091,0.1297504201,0.1037202417,,0,,,,,2.5257917338,,0.1104563357,0.0,0.0,1,0.9487353655,0,0.0,0.1366677183,4.0,3.2509829821,-0.098614112,-0.010471779,12.374286127,-0.271853521,-0.837891388,2.140392046,-725.0670319,0.0796288203,12.172509641,0.013027855,0.0245929965,0.0741512547,-0.015802705,0.0963137653,0.2834242119,1.0,0.0780910915,-0.863546587,-0.003465446,3.0,11.944479293,0.1617596199,0.4707942,0,-0.186226261,0.0157312471,0.0059459511,0.0181210652,0.4760553194,0.7551147473,1.0727437e-08,6.3270394e-08,0.3010210085,0.0906136476,-1.382413345,0.0447815069
87505,0.7873803622,0.080081246,-8.173112905,0.0371809167,4.6798241565,0.2516399516,0.0391479175,0.0397080936,0.0419662714,0.0002878526,0.0245558898,-0.003022918,-0.202435852,0.0962925612,0.0030229178,16,-0.000841367,-0.035555556,-0.033004021,-0.049583788,0.0147214841,0.197897273,0.0916162771,-0.001596391,0.1399048611,0.476371878,0,0.7305166384,-0.003959223,0.7253915809,-0.002463707,0.4603956965,0.0889965389,0.0191699016,0.0,0.0,0,,0,0.0,0.3194760508,4.0,-0.017770116,-0.001190353,-0.07930559,-0.132842539,-0.106888714,,0.01675492,-5287.272322,0.0286434127,12.430888524,1.52294e-05,0.0036568023,0.0250581846,-0.000734747,0.0897987545,0.0340892248,2.0,-0.000295747,-0.14061783,-0.038399043,5.0,11.322695268,-0.025898972,0.2939542014,0,0.0654744878,0.0270496719,0.0113313575,0.014399604,0.443685461,0.5746899082,3.4123947e-08,7.7225854e-08,0.6761505564,0.457179575,0.0919832092,0.0262998928
90352,0.6979706781,-0.072286038,-0.191798815,0.0013239201,2.1736120243,0.6611656992,0.0011284135,1.1228501229,0.0701190701,0.2418614399,1.6618028534,-0.05277492,-1.597069597,0.0431597953,0.0527749198,22,0.0032681716,-0.018128655,0.7032742156,1.0604170727,2.2489026118,0.0795698925,0.188172043,0.034965035,0.192760181,0.3589076745,0,3.9265785609,0.6801561676,3.6211453744,0.7359347174,1.2592032274,9.2481481481,-0.002479412,1.0,0.0,1,0.1113780919,0,0.0,0.0628959276,5.0,0.9049588831,-0.068901096,-0.205609415,1.8346627076,-1.760255085,-0.464531207,-0.319456301,1276.5295796,0.0279332649,14.541588873,0.0055478502,-0.001975471,-0.007224564,0.2423225948,0.0809410216,-1.98126824,0.0,-0.009675859,0.0687972086,-0.033825492,2.0,16.270383969,0.3233500463,6.2741297817,0,-0.500704589,0.0642945543,0.028567635,0.0478119794,0.3265911443,6.8800136931,6.162293e-10,4.3871749e-09,1.6638119796,2.7682703033,0.0831717106,0.0599987496
77763,1.3529551624,0.093117813,-6.95623324,0.0124304106,1.0935932514,1.5111032272,0.0789888183,-0.004576521,0.2458121084,-0.058675154,0.0054233973,-0.101729186,-2.678945119,0.3425753235,0.1017291856,23,-0.008187064,-0.013793103,-0.011969668,0.0049588812,0.0773595507,0.2380586421,0.141821786,0.015333058,-0.012515237,0.3536280111,0,2.4279450654,0.0514749269,2.1954295152,0.1227106082,11.593101062,4.9166803342,0.2832693325,1.0,0.0,0,0.0,0,0.0,0.4169135537,7.0,0.8551876506,-0.062776892,-0.201273863,2.4896471919,-2.095465668,1.4411532647,-0.020040773,515.29397959,0.0279332649,14.752703866,-0.013958178,-0.131377616,-0.24853785,-0.319174006,0.1009906918,-0.033585275,0.0,-0.098970705,0.0231805588,-0.083329313,3.0,16.498478238,0.6388577511,6.2470654021,0,-0.500704589,0.0856407508,0.0342215371,0.0540792102,0.3245518449,7.6657205777,4.979048e-10,3.8444469e-09,2.4761310492,6.1312249728,-0.027870558,0.0523660848
77780,0.6270189596,0.0396734189,1.1680482705,0.0,0.7797611881,2.0484307823,0.091866208,-0.0121639,0.4542027827,-0.018733939,-0.051187273,-0.048590726,-1.735260079,0.108517119,0.0485907262,23,0.0083731811,0.0,0.0289087778,-0.041669195,0.0363212627,0.2070094405,-0.034702268,0.0303370601,0.0424221669,0.4229099056,0,3.6959028626,-0.047350922,1.7968728802,-0.098882561,27.176651685,7.9591180413,0.1017690338,0.0,0.0,0,0.0,0,0.0,0.9971220677,7.0,-94.82304759,0.4515275487,-0.028469549,1.0360562683,-5.15653145,-0.484206847,-0.057181428,-1606.385386,0.1242964792,12.174288672,0.001027224,-0.00376891,-0.008561765,0.0150535875,0.0535279012,0.0035682339,0.0,0.0062073246,0.551650971,0.1771263331,5.0,12.701494,-0.69644344,1.8939088568,0,0.0239123439,0.07366357,0.0262555804,0.0333132298,0.4971694041,4.453961578,1.6368455e-08,1.2745707e-08,0.6095951163,0.3716062058,0.6575327294,0.0465080235
14990,0.6923359788,0.0444663238,-11.83762726,0.0,5.6402956004,0.315600813,0.0421935543,-0.014246329,0.0492413161,0.0550276243,-0.029084802,-0.001200519,-0.172206265,0.0521237034,0.0012005188,23,-0.01166191,-0.053391053,0.1895646592,0.2024408432,0.2383145446,0.1019983877,0.351982905,-0.01216157,0.1259409094,0.611260868,0,0.9446722497,0.0098458655,0.9214743263,0.0238868733,0.7046777074,0.0680775026,0.0090443751,0.0,1.0,0,,0,0.0,0.5144511815,6.0,-1.150905056,0.0120474917,-0.097141087,-0.227886922,6.056371663,,-0.027413938,-5169.649702,0.0286434127,12.977200794,0.0049342043,0.0070144337,0.0451549822,-0.00094183,0.0696910157,-0.075253108,0.0,0.0324019723,-0.235795807,-0.00862184,3.0,14.041391439,,2.6188739537,1,0.0309120536,0.0231160428,0.0103555257,0.0141533011,0.6607723414,6.2011785369,3.2510556e-09,1.0341598e-08,0.3808110031,0.1450170201,0.6833995824,0.0329368258
77785,0.63756132,0.0479902935,3.6733729694,0.002142066,0.1028553649,1.5085974928,0.1076267113,0.0892405473,0.2670655312,0.0012079045,0.14902159,-0.04733214,-0.700347493,0.0816001753,0.0473321397,23,0.0136012314,0.0667870036,0.0075346298,0.0394250158,-0.070460027,0.0682233583,-0.103823354,0.102575757,0.0801741641,0.6424819721,0,5.8194580202,-0.155148396,4.5007246621,-0.168232283,21.348218206,5.5874010696,0.7066239273,0.0,0.0,0,,0,0.0,0.3069444414,3.0,-0.207561756,-0.217854533,0.0688521954,-0.241412885,-0.281900731,-0.80262235,-0.019758841,-1709.66352,0.0979159386,13.581742642,0.0038947255,0.0247998715,0.0281599124,-0.051267129,0.0974897027,-0.010513769,3.0,0.0048974594,0.8373895168,0.1353508327,6.0,13.787676014,-0.056101965,1.0465030121,0,-0.200344257,0.046177838,0.0247671327,0.0322025722,0.3535336359,1.601210625,6.5119083e-09,2.3767586e-08,1.424430723,2.0290028846,0.0146318705,0.0369976168
92502,0.3706549083,0.0090082593,-1.052039778,0.017152713,1.3525551763,0.1639585467,-0.01962111,2.3874659401,0.1453746942,0.1634278934,2.3556485356,-0.018743313,-3.479452055,0.0403520658,0.0187433125,19,,0.125,2.2887788779,-1.738469079,-0.518651759,0.0245876568,-0.040233536,,0.1728491475,,0,,,,,0.425082649,1.0802168022,0.0592301024,0.0,0.0,1,0.7161091096,0,0.0,0.2057789926,4.0,3.2390300464,0.0214936584,0.0872554934,12.374286127,8.4256585012,-0.444538633,2.3752013325,1595.1522681,0.0796288203,14.720691225,-0.000367563,0.0020960936,0.0138079441,0.0181809746,0.0742660469,0.255551729,0.0,0.0067658999,0.1207433981,0.0402643401,5.0,14.692401391,-0.108343106,0.8714006339,0,-0.186226261,0.0307763014,0.0130007114,0.0192749655,0.264103225,0.6970837959,1.4563492e-09,3.6726964e-08,1.3433136823,1.8044916492,0.0402383873,0.0277362822
77868,0.6158342086,-0.004670015,0.2415502686,0.0,0.3459052982,0.7537364174,0.036531235,0.1857467589,0.3735043589,0.021751011,0.9753557792,0.0510274051,7.1399454114,-0.049901291,0.0510274051,24,0.0554158762,0.412244898,0.2481547339,-0.297808988,-0.078848771,0.1605263158,0.2249528781,0.075799965,-0.031666136,0.4983788999,0,2.1595232235,-0.414347059,1.7411835027,-0.469085075,4.7585699667,2.4730771788,0.0247705709,0.0,1.0,0,,0,0.0,0.4763459701,1.0,-0.828983872,0.0944864557,0.3037179622,0.9165523296,0.8223983334,0.3441868505,0.8841173792,-3013.201096,0.0352290716,10.671359508,0.0020465932,-0.022203965,-0.034675615,0.0542476349,0.1571337998,0.0066442907,0.0,-0.0171278,1.7001518662,-0.009827791,4.0,10.449220253,-0.072835088,0.6317460317,0,-0.095378135,0.0558881685,0.021320044,0.0343092767,0.6475179422,1.1002601642,2.4923049e-07,5.4003789e-08,0.8709293116,0.7585178657,-0.589091577,0.0684905466
77892,0.2797812653,-0.098438091,2.7276994067,0.0,0.3330239208,1.2291661208,-0.209062003,-0.144592476,0.8023772205,0.0,-0.151001908,-0.083773319,-0.565589354,-0.042762555,0.0837733193,23,-0.090094699,-0.017241379,0.0632993362,0.0064946025,-0.052105921,0.2916666667,-0.461538462,-0.115464995,-0.136836028,0.6158899069,0,2.0883417813,0.0146488777,1.2849384504,0.0799670798,8.6591957811,7.3549832027,-0.267836408,0.0,0.0,0,,0,1.0,1.7733833718,3.0,-0.83382913,0.2116304963,-0.125768315,0.5804993863,-0.251027343,-0.802388916,0.8912561161,-3101.229056,0.0352290716,8.7029754347,0.0,-0.044739655,-0.097993311,0.0172963611,0.2211666667,0.0188231251,1.0,0.0168381794,-0.48048997,0.0005609225,3.0,6.2271538927,-0.126184799,0.0574895916,0,-0.095378135,0.0676649958,0.0473627514,0.037206942,1.3539432726,0.3421354736,0.0001049881,1.00000035,0.0611538722,0.0037397961,2.8223223692,0.0719049539
77900,0.7467462778,-0.290442295,-10.67760133,0.0,0.4532623402,0.4572487353,-0.362182172,-0.161885526,-0.23304338,0.0108204518,0.1138133122,-0.191228746,-0.866396922,-0.038803985,0.191228746,23,-0.090094699,0.0485074627,-0.521779995,-2.847144294,-1.991492029,0.2773139746,0.1226489028,-0.264538556,-0.271359835,0.5440356968,0,2.6522966663,-0.299485773,0.5061895971,1.1186010275,26.370099668,2.7173570695,-0.654817712,0.0,0.0,0,,0,0.0,-0.334506251,2.0,3.0306231658,-0.333619708,-0.058977167,0.2368933784,-2.682277555,-0.056439828,-0.079902151,-10401.21253,0.0588548821,10.992201023,0.0012087217,0.0228784152,0.0363652582,0.0702860375,0.0165917278,-0.00334758,2.0,0.0045402951,2.1355394658,0.1109149512,1.0,10.92286649,0.0436991629,0.6025164537,0,-0.156910843,0.0450204536,0.0319726855,0.0551298977,1.0824883377,2.9775716903,2.3467309e-07,2.7523711e-08,0.6668696281,0.4447151008,-0.259742823,0.0412686052
77902,0.2218046153,0.0403649247,24.298028371,0.0121625661,0.2470863,0.7878103284,0.1308239914,0.0465593347,0.3217751936,-0.036607039,0.1338445866,-0.120294745,-1.366296062,0.0955153623,0.1202947449,23,-0.001932568,0.0056338028,0.0525658844,-0.301489288,-0.065858845,0.1000054328,0.0125285919,0.0739818203,-0.036100964,0.4991201171,0,0.7436454034,-0.130130778,0.6403725339,-0.111374447,34.069150953,20.832883642,0.3156090282,0.0,0.0,1,1.0,0,0.0,0.6185332024,4.0,-0.016228456,0.0482002679,-0.07415697,-0.032666268,-0.072838543,0.0625580916,0.0312615119,-1627.738862,0.0885157098,14.721361354,0.0001582974,0.022281429,0.0476690845,0.0103667489,0.0251791036,0.0262035025,0.0,0.0007412898,3.0045446301,-0.026610004,6.0,16.045974513,0.0989181799,3.4152697883,0,-0.101596569,0.0127852382,0.0081341442,0.0190538216,0.3770305332,5.7785107947,2.007452e-10,6.9023355e-09,0.5183471916,0.2686838111,0.1937168046,0.0243924398
77918,0.3332077457,0.0455338088,4.0388528288,0.0096982277,0.1571689972,0.3902168364,0.1821945604,0.0453477395,0.3507228324,0.0052966573,0.0169028943,-0.051282002,-0.540374982,0.07013914,0.0512820023,23,0.0045819037,0.0675675676,0.1242219797,0.0658188582,-0.011697091,0.2639624307,0.1496528451,0.0260930345,0.0593340158,0.5012932232,0,2.7951101895,0.0315536462,2.3187913883,0.0232805297,2.8223623842,6.2944753096,0.4151903123,0.0,0.0,0,0.0,0,0.0,0.5159899996,6.0,3.1017486724,-0.047033345,-0.099672963,1.148362204,-0.810480346,-1.047130415,0.1617879468,-2935.783587,0.0446872923,14.77556211,-0.008769508,0.010301185,0.0147583971,-0.001028463,0.3119380663,-0.030801404,0.0,0.0013165112,0.6897278252,0.0775364605,6.0,15.074694709,0.1459745858,1.1975501345,0,-0.101630079,0.0217483081,0.0116855962,0.0205703578,0.2715342868,1.0360568043,7.950428e-10,2.3069249e-08,0.8821523953,0.7781928485,-0.050823702,0.0275319571
77917,0.3719701881,0.0463274115,26.115770007,0.0,0.3751117252,1.0905214566,0.122340357,0.0102918346,0.4740840822,-0.04710071,0.0301178145,-0.013417382,-0.215268374,0.056300238,0.0134173816,23,0.0,0.037037037,0.1396601832,0.0194692325,0.0647803846,0.8061897947,0.0451380801,0.0148161187,-0.008943454,0.2227064749,0,2.3308167136,0.1259967067,2.3308167136,0.1259967067,58.646717538,5.8582250094,0.1852085972,0.0,0.0,1,1.0,0,0.0,0.9141569018,6.0,-10.11715268,0.1851231135,-2.404429112,4.1499929574,-0.621244418,0.3143339808,1.050872516,-2528.887028,0.0288563477,14.469701041,0.0017023728,0.0138503862,0.0343278683,0.0665939618,0.0160930543,-0.00565116,2.0,0.0016260163,1.6462994959,0.0817726552,4.0,14.589084643,-0.541185274,1.4179842638,0,-0.111549313,0.0771478489,0.0308753171,0.0289321639,0.5597725072,5.1208635828,1.4247453e-09,1.5920964e-08,1.5752382922,2.4813756772,-0.01001205,0.0381056008
77971,0.3923384636,0.0167712482,1.6262429224,0.0,0.2566233783,0.393203043,0.0931889949,0.2710252693,0.4283357886,-0.000830247,0.99228761,-0.04172301,-1.442338494,0.0409610651,0.0417230101,23,0.0032493273,0.0590566786,0.0862094317,-0.102778994,0.0004785252,0.3546875181,0.0433382161,0.0085845064,0.0276747671,0.6235279435,0,4.5338812955,0.5164424372,4.161700437,0.5707082362,1.2816377292,5.0857155725,0.1659436891,0.0,0.0,1,0.0419523025,1,0.0,0.565219884,5.0,7.0269881901,-0.001836959,-0.079149018,0.0267250571,-1.252048199,0.173805802,0.0332700221,-2440.784969,0.0410566741,14.445005868,-0.003670495,0.0077935933,0.0128634905,0.0150544704,0.3499419134,0.0265879758,2.0,0.0,1.0735247484,-0.060090202,4.0,14.831912472,-0.254987251,1.7362134239,0,-0.131569503,0.0383427143,0.02414219,0.0267992991,0.5292025141,7.152096627,8.861962e-10,1.0502863e-08,1.1436524805,1.3079409961,0.0644083989,0.0257691483
78001,0.8751707487,-0.103745906,-3.090942834,0.0,3.1253972445,4.3746952245,0.0467814425,-0.1077143,0.2378876974,0.0054195147,-0.054155549,-0.055026781,-2.249974388,0.1296797258,0.0550267811,23,-0.020208474,-0.041558442,-0.012563785,0.0691971582,0.173097161,0.1614318161,-0.046122355,-0.071756985,-0.257801374,0.463449148,0,2.8084026622,0.1696442946,1.5087278778,0.1839215497,14.605443384,9.0603035539,0.0343468389,0.0,0.0,1,0.9156064537,0,1.0,0.7200158641,6.0,3.1563089367,0.0621259457,-0.208798972,1.690325207,-1.042461747,-1.065658247,0.2213285327,-4931.000927,0.0446872923,11.574893908,-0.00140108,0.0095946225,0.0551158782,-0.346314981,0.0504998559,0.0133363123,1.0,0.0380434783,0.1134388554,0.0944811651,3.0,10.519247594,0.1910138846,0.4555121859,0,-0.101630079,0.0769230649,0.0242329109,0.0488378275,0.5560250197,0.8238256948,1.2152877e-07,5.6458835e-08,2.0084193015,4.0337480904,0.0113001136,0.0728307942
78018,0.6769433375,0.1570152338,0.2021052305,0.0,9.0743112523,1.5972613513,0.0625931164,0.3127346269,0.0738094454,0.0634993338,0.310379608,-0.065838986,-3.601809188,0.6273066775,0.0658389855,23,0.0,0.2326241135,0.2263956737,-0.13139214,-0.114379446,0.3686477175,-0.35381201,0.000589387,0.3451406947,0.7141047992,0,51.70644176,0.5416869969,44.355703986,0.5416869969,1.5532437703,0.1925295537,0.0199124276,0.0,0.0,1,0.9662505307,0,0.0,0.556753557,5.0,-73.59636248,-0.010061765,0.1893920519,-0.089105243,-2.672437749,-0.409798767,0.2440963431,-3348.745144,0.1473165608,11.490215548,0.0004563275,0.0043520757,0.0605950554,0.1306929666,0.1053238437,-0.00212192,8.0,0.0020080321,0.5625555001,0.0062113935,3.0,11.154771146,-0.119418061,0.5364473897,0,-0.258063742,0.0328638181,0.0203325647,0.0391768867,0.4688367677,0.8780730194,8.4991487e-08,5.3069072e-08,1.4326160515,2.0523887509,-0.036311461,0.0506411796
78015,0.358620661,0.0375242708,2.5369109425,0.0028673031,0.9714755287,0.7168257708,0.0772776573,1.6501646343,0.4263490444,0.0087336245,5.2346570397,-0.099229408,-2.441860465,0.1291533041,0.0992294083,23,0.0551864017,1.2568250758,0.69419779,-0.323909415,0.1620842819,0.0701294307,-0.533378587,0.6163878933,0.0182434298,0.4009319429,0,2.6200056673,-0.418557943,2.0198356475,-0.496691017,6.8889776358,4.1808046534,0.1292084602,0.0,0.0,1,0.9989694263,0,0.0,0.5591489703,4.0,-9.316678997,-0.091177669,1.0542595961,-0.415826607,-1.44764652,1.2188049127,0.2190529986,1861.7899917,0.1213471346,14.551083144,-0.001809823,0.0091508167,0.0325410928,-0.055359035,0.0723519136,-0.027125066,1.0,0.0006229236,-0.088619894,0.0417409912,4.0,14.920254234,0.1464383404,1.6216058422,0,-0.190106287,0.057372544,0.0210955396,0.0281467952,0.3009645039,2.0304775062,1.0702586e-09,1.5085457e-08,1.7593781474,3.0954114656,-0.020441098,0.0346988383
78186,0.5656033917,0.1288541925,-6.788272762,0.021230577,2.7017902512,0.9296216496,0.0597591927,0.1854119516,0.2555448973,0.0166027896,0.151191262,-0.201659025,-4.713626162,0.6273066775,0.2016590254,23,0.0,0.119047619,0.2304970744,0.0892940295,0.0307899788,0.1318552346,0.0561928898,0.2975853955,0.3815972713,0.5467746856,0,0.5463754174,-0.253689147,0.5463754174,-0.253689147,12.334648906,3.5070211804,0.1996037906,0.0,0.0,1,0.1764705882,0,0.0,1.3241669526,7.0,0.8310098046,-0.096413405,-0.068433141,1.7022954212,-2.522976731,-0.464531207,0.3736085887,-2258.07683,0.0279332649,10.929533454,0.0005415135,-0.100627743,1.0433494835,-0.388994761,0.3628890704,2.1978264883,2.0,-0.102564103,0.1518809573,-0.031189489,4.0,10.830686937,0.2884288299,3.4209819825,0,-0.500704589,0.1454753131,0.0570521249,0.0999754384,0.6696420801,2.425198584,2.7443585e-07,2.4380219e-08,2.6414948495,6.9774950397,-0.058757652,0.0831280189
78038,0.6564753881,0.2831439033,-1.822127728,0.00058383,1.4676244117,0.3357993103,0.093128231,0.2202668201,0.1014367385,0.1037203928,0.0013171592,0.2125872739,1.108111155,-0.04262867,0.2236479236,23,,1.1764705882,0.4133114269,0.5334236359,-6.045797775,2.3433279507,-0.692492304,,1.2317577383,0.212537994,0,,,,,0.7959593756,8.0091164985,0.2824735154,0.0,0.0,0,0.0,1,0.0,0.5105992157,5.0,1.4198340942,0.0811175295,1.1126769594,-0.194716525,3.1898058882,-0.877902972,-0.141112468,-6466.327798,0.0331128264,14.823632458,0.0102572432,0.0122184173,0.029675132,0.0076598873,0.2677572455,0.0085995398,1.0,-0.003142678,3.3936545883,-0.105198172,2.0,15.83564305,0.0738413454,2.8768444322,0,0.048781298,0.045021601,0.0210222505,0.0282292663,0.3438451795,4.955751806,5.223091e-10,7.7403377e-09,1.1128552761,1.2384468655,0.1163385707,0.0324769802
78054,0.4670579963,-0.179079107,1.1899943955,0.0,0.1755605229,0.2125657701,-0.662654834,-0.100610235,0.1430462388,0.0522250404,-0.175456428,0.0035553351,0.0134717809,-0.181491622,0.0035553351,23,-0.046467403,-0.142857143,-0.678424192,-0.50304008,-0.017667323,1.0789889415,0.9309911077,-0.240515559,-0.068838785,0.5711389925,0,2.7224028487,-0.126238794,2.713732776,-0.076206803,0.707792901,2.628444004,-0.837401226,0.0,0.0,0,,0,0.0,0.2037679168,1.0,-10.85125029,-0.478284055,-2.584323292,4.2450807655,-0.731193985,-0.860195074,0.8130806563,-4109.655468,0.0288563477,10.709192166,0.0411086418,-0.115711505,-0.171362273,0.1054204057,0.2722104921,0.0770347707,0.0,-0.028534371,0.3533437696,0.0816845885,1.0,9.5814790395,1.3574927177,0.2726450259,0,-0.111549313,0.0925282612,0.0379005477,0.0442938586,1.0789974918,0.6743315653,1.8860619e-06,1.2492324e-07,1.7079958,2.9172496529,0.097624078,0.0884304886
78077,0.5698577545,0.061843423,1.6440757321,0.0141876342,0.3197349388,0.8670563479,0.1160704062,-0.064276474,0.4287103544,-0.021173079,-0.13659045,-0.047177582,-0.703925807,0.1053766045,0.0471775819,23,-0.013611165,0.0,0.1672806017,0.3346754018,-0.035425265,0.2488379851,0.1426182057,-0.011126992,-0.01931383,0.3501245157,0,2.1070781232,0.0194030232,1.4112079844,0.0074202402,8.7814076387,6.873025911,0.2491664974,0.0,0.0,1,0.2277227723,0,0.0,0.6998100157,7.0,7.1374366518,0.0925398547,-0.138205697,0.204244348,-0.492328034,-0.050611466,0.0976855616,-3987.226859,0.0410566741,13.149394976,0.0012813311,0.0207944054,0.0326982999,-0.016146376,0.1344712287,-0.011032418,2.0,0.0015380672,-0.026073906,-0.047827819,5.0,13.080706031,0.3479279731,0.9906025428,0,-0.131569503,0.0176914725,0.0080300526,0.0211401028,0.6908420806,5.3678113029,2.7457635e-09,1.6924762e-08,1.1351096107,1.2884738283,0.0921924856,0.0279416903
78068,1.0118971188,-0.194778898,-2.835813404,0.0,0.4624517251,1.4969676916,-0.054087242,-0.372983702,0.1318470134,0.0179063361,-0.043660318,-0.018279105,-0.179513185,-0.159813518,0.0182791049,27,-0.090094699,-0.548387097,-0.374659597,0.1376716808,0.4514177448,0.0944723618,0.009040963,-0.293245629,-0.458243545,0.4232283819,0,4.0412668936,-0.230195993,1.542969153,-0.428295708,8.94936522,10.357594396,-0.401973324,0.0,0.0,0,,0,0.0,0.1278539416,3.0,-0.013690082,-0.11794915,-0.815631864,0.1607052059,0.0021119895,-0.81762182,-0.258297316,-9620.253478,0.0331128264,10.539508646,3.14421e-05,0.0062784013,0.0086208797,-0.003845341,0.1028888009,-0.005373199,0.0,0.0418638644,0.0129481708,0.0284075108,1.0,9.8552842521,-0.13001889,0.9441496599,0,0.048781298,0.0344828181,0.0234071722,0.0397370677,1.1380774552,1.6015414531,9.7654996e-07,6.1644649e-08,0.4957055323,0.2457239747,-0.253911382,0.0410381581
78066,-0.10498524,-0.12585336,55.028107319,0.0,0.146975109,0.022104566,-4.014438752,-0.450988474,0.1163032964,0.1050699314,-0.058723999,-0.25269445,-0.184734235,-0.102603935,0.2526944503,23,-0.049773149,-0.169230769,3.499465812,2.7026186714,0.3302150764,0.1992031873,0.048282119,-0.019470695,3.3337725082,0.6640779362,0,0.945464541,-0.714038195,0.8429906542,-0.728818272,1.1452819858,7.6805385557,-0.818766052,0.0,0.0,1,0.9999322975,0,0.0,-0.245198304,3.0,74.77710871,0.1676170041,-0.377854009,-8.925387916,0.2487635707,-0.42660587,-8.85995592,-5263.487957,0.0248274717,12.276915282,0.0,-0.305513595,0.1790055004,0.0050348827,0.6503460504,0.0192991932,1.0,-0.087719298,-0.496427768,-0.077274522,4.0,11.036697882,-0.813127924,0.5631084807,0,-0.25352422,0.257142961,0.0750812669,0.0707864312,0.6200027687,2.9350065591,6.2611982e-08,2.6282982e-08,0.853135994,0.7278410242,0.1182892619,0.0654687533
78091,2.5924269673,0.2831439033,-1.878039649,0.0,0.2431750923,2.5440764607,0.1399861675,0.0444210901,0.1915536225,0.0023845935,-0.23445614,-0.090796502,-1.605975828,0.6273066775,0.0907965019,15,0.0002087858,-0.027777778,-0.039390955,0.0240823655,0.0117485987,0.2253383297,0.1867663777,0.0146970848,0.0578925067,0.7641996179,0,24.01979708,0.7179899527,23.355605048,0.7284593979,0.778580492,2.7150299743,1.6230229252,0.0,0.0,1,1.0,0,0.0,0.2001186461,6.0,47.599915044,-0.072873644,-0.236401018,-1.863909819,1.3967616001,0.5687260137,-7.719159964,-5502.505277,0.0248274717,11.148658482,0.0048567281,0.0289383404,0.031206167,0.1771700791,0.329187997,-0.021291318,0.0,0.0869432912,-0.015045315,0.0747268461,5.0,10.265712824,0.2176712467,0.3022873331,0,-0.25352422,0.0526316091,0.0285205865,0.0541035712,0.7150361409,0.8804890605,2.9751402e-07,6.5924153e-08,1.6124552915,2.600012067,-0.08286938,0.083781626
78081,0.0252672428,0.0115439367,5.8532817206,0.0,0.2242935831,0.0619612932,0.2055980908,1.464154403,0.5544583767,-0.043675802,3.2399455535,-0.047096835,-0.710412508,0.0197448938,0.0470968347,23,-0.006191729,-0.05,0.317828191,-0.710874962,-0.053036452,4.743872549,0.7799312017,-0.026109461,-0.469534195,0.6878934848,0,8.1284516441,3.2792663029,8.1166425216,3.428478885,0.3856791127,4.7311780661,0.1016967938,0.0,0.0,0,0.0,1,0.0,1.0722794429,4.0,47.625761413,-0.142280355,-0.25862324,-8.795135433,-0.6352406,-0.42304157,-8.73760709,-4505.780207,0.0248274717,14.73848101,-0.062299301,0.0961391205,1.0433494835,0.0015996701,0.3601648457,-0.000198947,2.0,0.0016345593,0.2783354925,0.0429575355,4.0,15.983266364,0.1740932263,4.3463964397,0,-0.25352422,0.0571479723,0.0202986803,0.0311709931,0.2861749032,5.6037325812,2.874608e-10,4.679615e-09,1.3453107694,1.8098610662,0.0028393449,0.0605174547
91402,0.8440212631,0.0785277938,-2.078795246,0.0,0.5515506995,1.1443355891,0.0995177641,0.0002962446,0.2586714832,0.0033905,-0.105846073,-0.025209897,-0.450173458,0.1138789223,0.0252098972,23,0.0018613445,0.0631144318,0.0131760653,0.1385147663,-0.006353526,0.1675794213,-0.069743144,0.0428870508,0.1657346132,0.3619112993,0,2.1010776379,0.6153480273,1.3514051689,0.5460625802,11.508759744,5.0280791375,0.20531514,0.0,0.0,0,0.0,1,0.0,0.4770351822,5.0,-0.015001356,0.03932197,-0.314644466,-1.133588701,-0.273973809,-2.358762828,0.2496870707,-944.9940535,0.0506976226,13.576540009,-0.004039168,0.003246813,0.005265114,-0.050777994,0.0573510549,-0.00997658,0.0,-0.003123373,1.7571252347,-0.145445496,7.0,14.596713473,1.0734610176,3.2329585077,0,-0.060001469,0.0497552715,0.0176402243,0.0375944921,0.3781694059,6.7006795269,1.0900813e-09,5.9918228e-09,2.0853824985,4.3488201652,-0.041993595,0.0542031801
78179,0.6949540365,-0.165728199,-1.819703403,0.0,0.8671859256,2.3459095881,-0.088962629,-0.104535472,0.4535784348,0.013724952,-0.008650654,-0.066130901,-0.659728507,-0.056392582,0.0661309011,23,-0.010704316,0.0595238095,0.0352284282,0.1089344115,-0.06518196,0.4613496933,0.3981437785,-0.008050208,-0.200971939,0.6678603498,0,1.8071351425,-0.091250237,1.4354117022,-0.102061887,7.5939444763,3.1235771472,-0.154963642,0.0,0.0,0,,0,1.0,0.9046088729,2.0,3.0726132819,0.1038144696,-0.107716721,1.5101084948,-1.326880273,-1.065658247,0.035256225,-5045.829227,0.0446872923,11.132389785,-0.000925279,0.0014792308,0.0034085675,0.0100231213,0.1978720682,0.0085497703,3.0,0.0160726765,0.6652826314,0.1158313819,4.0,10.687712378,-0.834932359,0.4886825305,0,-0.101630079,0.0579399131,0.0198467209,0.0415576759,0.6988868053,0.981571484,1.673851e-07,5.8607658e-08,0.5559086619,0.3090344404,0.5762387978,0.0700386542
78189,0.8807550188,-0.058388279,-8.262111554,0.0,0.8478827985,1.1438129571,-0.017289669,-0.032358079,0.171768559,0.0061408896,0.0068310563,-0.016434009,-0.508410573,-0.028703061,0.0164340087,23,-0.000244124,-0.063333333,-0.233131308,-0.407245915,0.3994767488,0.1857693656,0.1733275974,0.0027183406,-0.090267282,0.3079367413,0,1.0338399642,0.1859160801,1.0115780063,0.1911822896,15.156706507,3.6937665868,0.0314771986,0.0,0.0,1,1.1780337741,0,1.0,0.3097865469,4.0,-0.34507564,-0.097959733,-0.322408543,9.6009737317,-12.03893109,-0.3808633,-0.11971355,-7692.339449,0.0257826007,10.705800273,0.000258578,0.0172578298,0.0345824769,0.0086960565,0.0251208192,0.0071277511,2.0,-0.007444169,6.7519865526,-0.002956828,0.0,9.4725584848,-0.331478361,0.2410575428,0,0.080304809,0.0353824906,0.0179100431,0.025055071,1.8518905614,1.7484019433,3.1896397e-06,7.4524277e-08,0.3034253,0.0920669127,1.1054098489,0.070224931
78172,1.0482651094,0.0477067889,-9.662724144,0.0191890623,1.0856948199,3.0860589488,0.0543181561,-0.036192346,0.4245178216,-0.012405193,-0.032595203,-0.044563066,-2.03076522,0.1445880765,0.0445630657,23,-0.011777259,-0.03940389,0.0213754819,0.0596190989,-0.045587072,0.5435234285,-0.132917322,-0.00303218,-0.039889837,0.3229217788,0,1.8289944012,-0.072801628,1.1164080354,-0.05908533,42.170646724,6.5915968173,0.0925809087,0.0,0.0,1,0.0092301864,0,0.0,0.8483012785,6.0,-9.991619043,0.2987551339,-2.480870039,4.8262878787,-0.654301211,-0.453969669,1.1391603544,-3912.832108,0.0288563477,12.299461792,-0.034161535,-0.191784767,-0.382895967,-0.053104764,0.037314778,-0.001780873,0.0,-0.002035278,0.5183502192,-0.180613513,3.0,13.087340679,0.5995444241,1.9898129037,0,-0.111549313,0.0449754298,0.0256391663,0.0439914034,0.2511559469,1.4652328797,1.8469993e-08,1.8244273e-08,1.5532693807,2.412645769,-0.043697221,0.0530551403
78170,0.8785627222,0.255905495,-183.1412575,0.0025830644,1.6252385473,0.9647440176,-0.004037394,0.3850098774,0.3573700391,0.0060695538,0.3652599582,-0.14088995,-1.186882086,0.5596351427,0.1408899501,23,0.0,0.1298865069,0.1083963097,0.109544913,0.0858478296,0.1531949237,-0.319544084,0.4923995227,0.4230925536,0.4872694086,0,0.9495106161,-0.062763348,0.9495106161,-0.062763348,1031.9492386,7.7827883334,0.4118834303,0.0,0.0,1,0.0701606086,0,0.0,0.9750718966,5.0,0.9592087819,-0.134052481,-0.057594253,2.0152547518,-1.547358453,-0.464531207,0.197019046,102.58916959,0.0279332649,14.567544602,-0.02276873,0.0005011573,0.0014230179,-0.117315912,3.17033e-05,-0.250670653,1.0,-0.006242197,1.6428380374,-0.137305285,6.0,17.000305936,0.3596720065,9.8670935927,0,-0.500704589,0.2344961315,0.0663276262,0.0831641039,0.3433497837,21.300212516,3.383321e-10,1.276518e-09,3.3243916307,11.051579714,0.0009219648,0.0839262493
78211,0.286664815,0.1046594145,-0.713646015,0.0276260246,0.993507325,0.5295145772,0.2071018826,-0.009038246,0.2673662359,-0.035740542,-0.069340923,-0.054980064,-0.689949033,0.1768690764,0.054980064,22,0.0,0.1166666667,0.2261828469,0.4874233916,0.0514523949,0.0692013446,-0.364810978,0.0090132487,0.1384154571,0.4013144595,0,5.1434089685,0.8622718335,5.1434089685,0.8622718335,1.3707858495,3.0248689384,0.1032212999,0.0,0.0,0,0.0,0,0.0,1.3923033558,8.0,-0.012109865,0.1178042773,0.0528730378,-0.564527098,6.866556434,1.2765776175,0.0783852786,-8963.364778,0.0331128264,13.334708226,0.0019047822,0.0289277779,0.118663053,0.0508736216,0.2999408364,-0.027157095,3.0,0.009140149,0.911167037,-0.069630243,4.0,14.286352168,-0.755513899,2.4638702556,0,0.048781298,0.0511883087,0.0216568925,0.0298077,0.2765572147,2.1242943176,2.9347023e-09,1.119718e-08,1.6000302748,2.5600968801,-0.084259674,0.06844957
78137,1.0452460928,0.0747860168,-2.107137717,0.0,1.2902596986,0.9854214619,0.0024648471,0.0413319543,0.131576169,-0.109999019,0.0217298861,-0.028689258,-0.911297088,0.1429382961,0.0286892578,23,-0.001519194,0.0532989469,0.0578237946,-0.052189882,0.153821561,0.0877230109,-0.037239988,0.0184389293,-0.00096941,0.4728765658,0,3.0645111471,-0.095807454,2.9807356418,-0.091428231,2.5940560967,4.5032509975,0.1357092938,0.0,0.0,0,,1,0.0,0.2494125004,7.0,-0.645614267,0.0571429955,-0.017716751,-0.003285996,-13.33311632,1.5577517579,0.0428000154,-356.3966711,0.1229481469,13.832497851,-0.003812438,0.0021919886,0.0050894211,-0.074266139,0.153654137,0.0107211506,2.0,-0.003176726,0.1348366672,-0.075816302,5.0,14.878156247,0.2019724848,2.1929277171,0,-0.401912096,0.0403256565,0.0189671126,0.0300856964,0.2872421963,2.8372301564,2.062507e-09,1.1388692e-08,1.224323748,1.4989686398,0.0024110809,0.0260237226
78156,0.28660708,0.0074983754,8.8408974128,0.0,0.1870416439,0.2382926392,0.0456588828,0.0027156779,0.1898072165,0.0078465063,-0.075140298,-0.096402003,-6.081164408,0.053097229,0.0964020027,22,0.0,-0.13586752,-0.098700184,-0.013535445,-0.083611887,0.4619442026,-0.021459176,0.0241451761,0.0610044204,0.3490599872,0,3.477060002,0.0510576623,3.477060002,0.0510576623,3.3296147721,2.8212742121,0.1865726783,0.0,0.0,1,1.0,0,0.0,0.3161259377,5.0,-0.016887136,0.0233065866,-0.23988584,-0.005421593,-0.998887352,2.8198141186,0.0142953411,-3993.345088,0.1865376934,14.167006591,-0.000943552,0.0078194084,0.0124281199,0.0061620849,0.1668304586,-0.011026238,3.0,-0.001140251,0.7492216156,0.0388176385,3.0,14.616806024,0.9849409747,1.6548194799,0,-0.012367651,0.1712898314,0.0406088841,0.0297690416,0.6220263234,7.0994805591,2.2686126e-09,1.4778856e-08,1.7089491982,2.9205073619,0.0425751525,0.0545018465
78213,1.3270181124,-0.037861111,-1.867495242,0.0,0.2897894941,1.2250786839,-0.018629275,-0.028294565,0.2451049959,-0.007895189,-0.049549822,-0.064328932,-2.783454988,0.0675235867,0.0643289323,22,0.0003711285,-0.005025126,-0.156542145,0.0608699085,0.0208395881,0.3120668569,-0.052186343,0.0125839856,-0.02328325,0.5202066019,0,5.0709124967,0.0394601224,2.7440906253,0.0119596896,3.7218179783,5.7926648663,0.0623954396,0.0,0.0,0,,0,0.0,0.2968241484,4.0,3.0846768533,-0.110489684,-0.172265656,2.1421725707,0.4239286129,-1.065658247,0.1591723936,-5064.894877,0.0446872923,11.199848039,0.0007996345,0.0126122867,0.0154188594,0.0334091219,0.181040417,-0.009423044,2.0,0.0153377223,1.443443583,0.0888154572,2.0,9.4703140667,-0.834932359,0.2031443669,0,-0.101630079,0.1111111939,0.0391850033,0.0573338662,1.083825424,1.1585744595,2.2826063e-07,7.5851634e-08,0.1379028673,0.0190172008,0.5930023893,0.0525056756
78840,0.3894203376,0.0469583193,1.6682955085,0.0111472247,0.4381686252,0.6079063323,0.1355664071,0.0094916173,0.5257466673,0.0237489811,-0.089794925,-0.043175665,-0.76479184,0.0828716588,0.0431756652,22,0.0,0.25,0.0286339306,-0.066704107,0.0719575016,0.3937128669,0.0033411575,0.0053678149,0.1809512573,0.3473528671,0,2.3056187811,-0.0828429,2.3056187811,-0.0828429,2.7014802967,12.924618959,0.1527646883,0.0,0.0,1,0.0740740741,0,0.0,1.2865421738,7.0,-10.14298261,0.0803475543,-2.191466149,4.1674431068,-1.102057036,-1.205783564,1.0774439367,880.75299162,0.0288563477,15.047433926,0.023670669,0.016096458,0.0361322606,0.0104007145,0.2037050464,0.0039741281,2.0,-0.015784418,1.7666518775,-0.045325692,5.0,15.818838564,-0.273513548,2.5093725309,0,-0.111549313,0.0231542457,0.0110937056,0.0215381226,0.2932457233,2.6460414424,3.197309e-10,1.2311581e-08,1.232132754,1.5181511234,0.00965869,0.0293952191
91128,0.6422774954,0.0691989966,4.630902768,0.0,0.3737083698,0.187613155,0.02171457,0.3487595873,0.1968329858,0.0056000376,1.0782410273,-0.051369617,-0.656701818,0.1146421036,0.0513696167,17,0.0,0.7203389831,1.5579635809,0.8905908355,0.1252753503,0.0920882344,0.3117451056,0.5395899056,0.1200143593,0.4853859494,0,0.8235015286,-0.683779965,0.8235015286,-0.683779965,4.7123928622,6.4555936249,0.5190462836,0.0,0.0,1,0.1419178128,0,0.0,0.2421304258,6.0,0.5540441749,0.0165477207,0.5328582233,1.7789695249,-1.458460047,-0.279304212,-0.247973993,1075.1063296,0.0279332649,15.182411375,-0.062299301,-0.080811906,-0.118816236,0.0186788205,0.0541133408,-3.235298715,0.0,0.0026954178,0.998450319,0.0059714103,6.0,17.081828662,0.4046408197,5.2079660021,0,-0.500704589,0.056624677,0.0265141937,0.0380560048,0.2716864081,4.4079780573,3.913959e-10,6.1818921e-09,1.5374483759,2.3637475084,-0.013025601,0.0513619543
88944,1.1091094408,0.0840846689,-9.033031137,0.0333501767,7.4437924172,0.4434155041,0.033852131,0.0020833702,0.0457192545,-0.005887119,-0.007628277,-0.006217889,-0.635504119,0.1375208224,0.006217889,16,-0.000379238,-0.069958848,-0.070066691,-0.059717737,0.0741086801,0.0929732827,0.0532261625,-0.002405367,0.0729779324,0.5633102626,0,0.9604370142,0.0651591156,0.9530628127,0.0665258866,0.565597913,0.0805301257,0.0135447316,0.0,0.0,0,,0,0.0,0.3797131049,7.0,0.0160191365,-0.001114405,-0.113708882,0.1888865399,-0.995761918,,0.0579831812,-5195.336002,0.0286434127,12.806189455,-0.000205872,0.0025118408,0.0181647744,-0.006089029,0.0250286912,0.0302103824,3.0,-0.000558659,-0.352483645,0.0480031259,4.0,11.952779125,-0.067429416,0.3985573446,0,0.0654744878,0.028717922,0.0128497901,0.0229101684,0.3377692113,0.5703167427,1.7038245e-08,5.5694418e-08,0.7976773976,0.6362892306,0.0742828133,0.0259629943
78841,0.6846805297,-0.294226379,0.4208049834,0.0,0.2594579648,0.484462419,-0.308325945,-0.192486541,-0.007684145,0.0167282322,0.1936187667,-0.362431241,-1.301611863,0.0887421665,0.3624312408,22,0.0060141899,0.018018018,-0.245668342,-0.798353246,-0.772181532,0.1857681921,0.5200751987,0.2881132633,-0.280662803,0.6179893912,0,2.9333160353,-0.19725469,2.8764660093,-0.210379515,1.8077581935,3.7873646745,-0.914456671,0.0,0.0,1,1.0,0,0.0,-0.014222279,2.0,-0.092366308,-0.201913963,-0.169462742,1.8213725592,-1.728898731,0.5354687929,-0.27387393,-2236.56081,0.0279332649,11.183710744,-0.002901978,-0.147344923,-0.248232866,-0.069842178,0.2141337612,0.2978904036,0.0,-0.017647059,-0.130116722,0.002923876,2.0,11.273811561,-0.076461019,1.1436988916,0,-0.500704589,0.1649484187,0.0707437133,0.0810085799,0.4755619642,3.4183887476,1.9447546e-07,1.7785373e-08,1.652217276,2.7298219273,0.1721150626,0.0797553876
86889,0.2335236347,0.0428542949,4.15543621,0.0,0.1357806052,0.577011857,0.2914926931,0.2234984363,1.007181316,0.0054874527,0.2419137725,-0.08764461,-0.686307217,0.0722655068,0.0876446098,16,0.0568383659,0.0932475884,0.2543109555,0.2191362624,0.0628386423,0.4175835582,0.0741654544,-0.02901781,0.213039917,0.6249442199,0,2.3923011178,0.2250743273,1.9750800221,0.2172332608,3.8017315418,10.431280882,0.4186852398,0.0,0.0,0,,0,0.0,1.578911156,6.0,-0.514695926,-0.136653859,0.1234260095,-0.077619498,-13.33311632,-0.627274554,0.1011263732,-1045.130891,0.1187585399,13.212911,0.0064689752,0.0226497851,0.0315491076,0.025010221,0.4325019404,0.0116067011,1.0,0.002,0.8838971281,0.1517249721,6.0,14.12809103,0.0215287293,2.251987196,0,-0.051660395,0.0478904322,0.0277438521,0.0373180802,0.2695359592,2.6472653813,4.4812815e-09,1.061047e-08,1.229437517,1.5115166081,0.4896066317,0.0642298263
78908,1.3654425045,0.0971664314,-16.38228287,0.0297865201,0.739037317,2.8251004234,0.0759307994,0.0713628941,0.5190403216,0.0018577495,0.1042293399,-0.015209107,-0.318435754,0.1281076973,0.015209107,22,0.0342799203,0.0659858602,0.1689501819,0.0350809688,-0.018683499,0.2643161742,0.1057479798,0.0581936943,0.054377234,0.4949433048,0,5.9493454978,-0.236218746,2.5682268941,-0.221941664,61.99740091,5.085763019,0.2352899952,0.0,0.0,0,0.0,0,0.0,0.7800980086,6.0,0.0102124093,0.0619159508,0.0238303219,0.8584805975,0.0546028453,0.0687412955,0.0410909361,-1917.294032,0.197809166,11.423256211,-0.002765494,0.0083531003,0.0128434355,-0.025406873,0.0178429693,0.0314806346,0.0,-0.019027484,0.7572952862,-0.180402728,2.0,11.359819721,0.3884827944,0.9068582224,0,0.0957318355,0.0298012961,0.036392936,0.0395192216,0.7007776715,6.6722076568,4.7606597e-08,1.9066242e-08,1.1099098184,1.231899805,0.0161158992,0.0563118035
78877,1.0662204394,0.1476731871,-4.000393608,0.0311985607,1.7367969097,1.6139285042,0.0904748612,-0.024675698,0.1638025944,-0.00129481,-0.046358176,-0.065840331,-1.417318727,0.3569731606,0.0658403305,22,,-0.490740741,0.1967896721,0.190489042,-0.040903842,0.0896509303,0.1467783835,,0.0702079951,,0,1.2737506396,0.9214263614,,,5.0533043898,9.3698568873,0.2092318351,0.0,0.0,1,0.0026824034,1,0.0,0.4730534292,7.0,0.8195480058,0.0151021288,-0.678221501,2.2029124689,-2.237320044,-0.464531207,-0.005642936,10481.23473,0.0279332649,15.357850051,-0.033910854,-0.162703686,-0.519423979,-0.478486632,0.0826364747,-0.81911647,0.0,1.1243243243,0.7441915035,0.0098085226,4.0,17.699825871,0.5114100418,9.8670935927,0,-0.500704589,0.3387096822,0.0917614934,0.0821134116,0.659670583,53.783062973,2.157993e-10,1.4142241e-09,3.3482519805,11.210791325,-0.0053964,0.0926434711
79033,0.456987755,0.059099705,5.3732060088,0.0413150715,0.3045355772,0.5313501253,0.1527647772,-0.006106902,0.1727269904,0.0109813491,-0.080504771,-0.054569806,-0.70531401,0.1007835549,0.054569806,22,0.0,-0.047368421,0.0349094055,-0.007785523,-0.083973428,0.1214416439,0.010883258,0.0146979671,0.0505373698,0.3239083752,0,3.3443566332,0.1127986877,3.3443566332,0.1127986877,7.4829954766,6.4855524902,0.2695325657,0.0,0.0,1,1.0,0,0.0,0.2945369687,6.0,-0.181245144,0.0153980261,-0.087167299,4.8658334295,-0.142732506,-2.215582783,0.8232015617,-14577.55091,0.0314049921,12.25525224,0.0020487495,0.0155367725,0.0258308709,-0.002774631,0.0924070101,0.1677526704,0.0,-0.00068086,-0.585847595,0.0139724807,6.0,10.664857276,-0.092926235,0.178075794,0,-0.107492679,0.0457895175,0.0221999391,0.0285904357,0.7836251982,0.5317540469,2.0863607e-07,1.279797e-07,0.8718992683,0.760208334,-0.156599036,0.0430654978
78875,0.8980495951,-0.023322251,-0.011291211,0.0,0.1777065909,0.6040692866,0.0126271133,-0.116604657,0.1969256383,-0.121609471,0.377787439,-0.077889823,-3.829838722,0.06599821,0.0778898226,23,-0.001334864,-0.104628331,0.006884388,0.1801078736,-0.132234664,0.2712857755,0.0082856515,0.0299934008,-0.175172048,0.4534023311,0,5.1347012787,-0.112357061,4.0334790766,-0.169379229,2.3261426462,8.9117465365,0.2570087633,0.0,0.0,1,1.0,0,0.0,0.2202541281,3.0,44.976799836,0.0331041826,-0.224587262,9.1917392398,-0.856210476,-0.044052376,0.3419256459,-2462.703406,0.0587429544,14.716277539,-0.003592082,-0.008711075,-0.010434828,-0.01847317,0.2186278593,0.0021892281,1.0,0.0004127115,1.0608781415,-0.028302001,6.0,15.770970377,0.1778662548,3.2482176285,0,-0.101630079,0.0573403761,0.037621921,0.0305949499,0.6849054877,29.953955291,3.901955e-10,4.6866853e-09,1.4640491589,2.1434399396,0.1346244126,0.0536979591
78876,0.466550215,0.0229752879,4.1604611927,0.0103391933,0.0862028282,0.4538607772,0.0613750722,0.0084381422,0.5571177504,0.0106715533,-0.082308926,-0.004537681,-0.108713466,0.025473011,0.004537681,22,0.0169193935,0.0490196078,0.0275498533,-0.2213167,-0.010430467,0.5022496251,0.0461886337,0.0188054934,0.0272060906,0.3632858643,0,5.1402530664,0.0017805829,4.5226644689,-0.029385506,4.2219854637,6.3264226042,0.4650919732,0.0,0.0,0,,0,0.0,0.6711296262,5.0,-10.09909378,-0.023759554,-0.033542544,0.4391920719,-1.071196269,-0.43000825,0.0986662535,-2795.414663,0.0318276958,12.910193365,0.0005252311,0.012182793,0.0143437964,-0.00132198,0.2186064085,-0.001543802,1.0,0.0061664954,0.422101539,0.0890529342,6.0,12.417546369,0.1404685185,0.7613499315,0,-0.095378135,0.0745454282,0.023203664,0.0359348329,0.6916415583,3.7726740331,1.2074089e-08,2.1487592e-08,0.9708260601,0.9425032389,0.0370206511,0.0391945432
78915,0.3052303396,0.0314629377,,0.0,0.1425947841,0.5438163863,0.1226904085,0.0928344028,0.4274743766,0.0124801019,0.1131334788,-0.069776489,-0.950974365,0.061383385,0.0697764893,22,0.0026274156,0.0857454943,0.062292908,0.0345736428,0.0294671321,0.2396269784,-0.01385336,0.009616905,0.0836028427,0.5975094327,0,2.3463865361,0.0104428571,1.6315843508,0.0741082263,4.9975471245,5.7341892195,0.3628140273,0.0,0.0,0,,0,0.0,0.6218800426,6.0,3.1166887229,-0.069370297,-0.081495036,1.120384798,-0.134227977,-1.347815814,0.1530321918,-4085.130177,0.0446872923,13.772843052,-0.000310012,0.0136943823,0.0209985267,0.0208205144,0.1423523629,0.0139982509,0.0,-0.001189626,0.1091907384,-0.052536232,6.0,14.775084869,0.5141421932,2.0506051367,0,-0.101630079,0.0305175781,0.0132669448,0.024317191,0.4321816329,4.2912368623,1.217042e-09,1.0930007e-08,1.3806428953,1.9061748044,0.0250888071,0.0364347837
78916,0.4139231201,-0.023821936,122.55983665,0.0,0.3534734055,0.1908428537,0.021844637,1.3114200098,0.3423098755,0.5265641685,0.8344049497,-0.103926649,-2.398344066,0.0333112627,0.1039266494,22,0.007685868,0.125,0.505289481,-0.183300454,0.2775633402,1.7603938045,1.8216562933,0.0165009967,1.9721782189,0.0749233758,0,1.371238991,0.0188051844,0.9576774399,0.1914557457,52.041035857,5.5061754416,0.0629601096,0.0,0.0,1,0.0011248594,0,0.0,0.7729146778,6.0,47.581447489,-0.153497356,-0.08362324,-8.406479556,0.690047204,0.5733941298,-8.724040722,62897.953043,0.0248274717,18.264825084,-0.011556575,-0.006331862,-0.012160551,0.0123135805,0.0145004457,-0.564293322,0.0,-0.00360546,-0.361128692,-0.017364604,4.0,18.734862128,-0.388493972,2.4763064067,0,-0.25352422,0.0352866277,0.03685975,0.031517856,0.7268255311,19.895477665,1.181007e-11,4.9089935e-09,0.602720045,0.3632714526,-0.183029007,0.0345023441
79019,0.9558622252,0.0627380728,-8.397991942,0.0419594881,8.553345807,0.4750912149,0.0292294456,0.0328242195,0.0429773649,0.0075043294,0.0321300165,-0.003871764,-0.577517918,0.0989704339,0.0038717639,22,-0.002685704,-0.01986755,-0.054136826,-0.076138861,0.0405675047,0.108628736,0.036322007,-0.004405694,0.0390779759,0.6700239789,0,1.0959988348,0.0246120007,1.0924659338,0.0281224367,0.5125880911,0.0640649234,0.0105256797,0.0,0.0,0,,0,0.0,0.4301407219,6.0,-0.003348666,0.0009794133,-0.063617584,0.0356393243,-1.535486061,,0.0194327927,-5456.227778,0.0286434127,10.85324784,0.0001588827,0.0021119298,0.0209236615,-0.000123088,0.060854123,-0.037728625,2.0,0.002892561,-0.863546587,0.0195267703,4.0,8.4195803289,0.000530255,0.0891983906,0,0.0654744878,0.0359477028,0.0143704314,0.0216910011,1.6602766908,1.212465459,5.3101388e-06,1.7125555e-07,0.5588842876,0.3123516469,-0.038722105,0.0358089463
79065,1.1332670588,0.0483390373,-1.663681363,0.0,0.656810837,3.8234511672,0.0052612316,-0.027211131,1.2669235112,0.0120795831,-0.141075944,0.0410307271,1.5406896552,-0.026136417,0.0410307271,22,-0.001395853,-0.0625,-0.159250517,-1.475797279,0.0035181835,0.1388969102,-0.018393819,0.0132975832,0.053750775,0.4465021231,0,1.9600611829,-0.009391395,1.0802175391,-0.095533759,11.491983968,89.045031056,0.1582551595,0.0,1.0,1,1.0053551297,0,0.0,2.8691258524,3.0,47.621047827,-0.50372424,-0.27112324,-7.687135617,1.7222124272,-0.469955624,-8.783488402,-5532.367727,0.0248274717,9.1787723025,-0.006621769,-0.01089456,-0.017680166,-0.222056006,0.1259770298,-0.012162134,1.0,-0.047658247,-0.863546587,0.0299090082,4.0,7.5704858035,0.4708851071,0.111541141,0,-0.25352422,0.0888289288,0.0435245279,0.0572638545,1.4043548184,0.3085833524,3.17143e-05,2.891616e-07,0.8084735678,0.6536295098,0.5779941317,0.1129850401
79006,0.1012875311,-0.208826441,23.192471729,0.0,0.1720268237,0.0159954322,-1.382805146,-0.272304582,0.0273584906,0.2259561667,-0.097823201,0.1383829323,0.2150042419,-0.253725012,0.1383829323,22,-0.000156012,0.25,-0.630409357,-3.701815015,-0.413663592,0.1685649203,-0.273578103,-0.289150943,-0.452231043,0.5155605149,0,0.8118354138,-0.755701903,0.7776236708,-0.771823859,0.5105008078,7.3488372093,-0.965599051,0.0,0.0,0,,0,1.0,0.0555707638,2.0,-2.834454095,-0.097223646,0.0827594697,0.9164419894,2.7940825258,-2.065658247,-0.162076205,-5079.660927,0.0446872923,8.9009189773,0.0,-0.217638953,-0.288585699,0.0004429365,0.1344266082,0.0085329305,1.0,1.1243243243,-0.159722226,0.1411067396,3.0,9.9773488012,0.6821275354,1.6327018095,0,-0.101630079,0.1141304225,0.0575248091,0.107053927,0.7957284252,3.9163051708,1.7116602e-06,2.03046e-08,0.7210722985,0.5199452597,2.6041199478,0.1072735562
48653,0.4489095986,0.0533795677,0.193708436,0.0080511466,0.6431609633,2.2571133663,0.1695255867,0.1317096696,0.5039787798,-0.028734662,0.2102635958,-0.021311735,-0.410636443,0.0752991634,0.021311735,22,0.0,0.0961538462,0.1739646116,-0.672351178,0.0143455999,0.3164200141,-0.095306157,0.0220882566,0.0354229283,0.4920427427,0,2.0002719239,0.0282698679,2.0002719239,0.0282698679,5.0875904752,27.651083238,0.1264709378,0.0,0.0,0,0.0,0,0.0,1.1050880206,6.0,-0.020075487,0.2060440357,0.0323602173,-0.402282314,1.1993909011,1.688294234,-0.023184634,11826.871842,0.0331128264,17.088367559,0.0030002877,0.0123699968,0.0311415253,0.0424014748,0.3712545275,0.0042843327,0.0,5.58659e-05,-0.384801008,0.0044724813,5.0,17.169423344,-0.087618101,1.2706911706,0,0.048781298,0.0177614894,0.0147974277,0.0198078781,0.4416235719,3.4738371912,6.388486e-11,1.5917647e-08,0.6843930636,0.4683938656,-0.249393367,0.0340547063
79022,0.5474076628,-0.173873256,0.7819753139,0.0,0.063858253,0.1604310775,-1.547981897,-0.126203789,-0.225506006,0.0409781281,0.2258652095,-0.107550751,-0.405408683,-0.103383528,0.1075507512,22,0.0,0.0149253731,0.9716247733,,-1.414302068,0.6301629405,0.5498069818,-0.007716305,-0.154530059,,0,9.8692559123,-0.37933803,9.8692559123,-0.37933803,0.3227222599,,-2.696672122,0.0,0.0,0,,0,1.0,-0.24364945,4.0,50.583430586,0.1205952091,-0.193697867,-8.272995013,-0.395131623,-0.42660587,-8.860735512,-5452.515257,0.0248274717,10.510967334,0.0,-0.005727268,-0.006353509,0.0374226343,0.7834331711,0.0076542841,3.0,0.0965622767,0.9680288252,0.0607026941,4.0,10.564574612,0.5078947414,7.194076327,0,-0.25352422,0.0661626086,0.0288231148,0.048826806,0.6651469425,1.8700494872,3.5475699e-07,4.8518196e-08,1.8700026174,3.4969097892,-0.17608526,0.0945977083
78955,-0.467861017,0.026376882,14.637960568,0.0,0.9539752422,0.9496447628,0.1233675387,-0.185177467,1.2669235112,0.0054244921,-0.103970381,0.115409581,1.6719853341,-0.017724878,0.115409581,22,-0.056807291,-0.043978349,-0.058857461,-0.021601869,0.0124127933,0.5586880757,-0.103029812,-0.054384159,-0.050830005,0.5615041415,0,0.4930457894,-0.163404446,0.3382178384,-0.162261267,21.162635696,9.7017839173,0.0579907128,0.0,0.0,0,,0,1.0,-0.947130115,3.0,-10.04459646,0.3571206515,-0.126540501,-0.638192143,-0.921343832,-0.421169471,0.0554683646,-2555.737163,0.0318276958,12.306732296,0.0020435484,0.0402492135,-0.032884151,-0.015878425,0.0832021077,0.012623362,1.0,-0.003768844,1.4941916224,-0.264920948,3.0,13.169804246,0.1384279529,1.4535883075,0,-0.095378135,0.0250417534,0.0188525963,0.0344931923,0.3963073338,2.1021775059,1.354851e-08,1.887504e-08,1.0238281798,1.0482241418,-0.360238589,0.0631864282
75985,1.0847503818,0.0577975173,-3.580337115,0.0,3.1368441548,1.4520006876,0.0307982952,0.079036504,0.0302346585,-0.002336085,0.0863415834,-0.021435087,-1.508302927,0.1449736819,0.0214350873,24,0.0,0.045212766,-0.133688384,-0.344151345,0.5083007677,1.9913580247,-0.181766448,0.0004917367,0.0584542118,0.3349534392,0,7.1278930641,-0.25555739,7.1278930641,-0.25555739,1.7459477922,1.7940896497,0.0237973276,0.0,0.0,0,0.0,0,0.0,0.0962044029,6.0,0.0047053005,-0.060318028,-0.018580863,0.2335584689,0.8134047087,0.4048923548,0.0464898841,-9428.405058,0.0331128264,12.273951407,0.0018867563,0.0064283809,0.025534478,0.0539495999,0.1616214979,,5.0,0.1392515231,0.475396033,0.0068332083,2.0,11.536715231,-0.303252536,0.4265170363,0,0.048781298,0.0338827744,0.015033812,0.0269144032,0.2835168586,0.5283391433,2.8886831e-08,5.0721032e-08,0.595532669,0.3546591598,-0.080767827,0.034121379
78950,0.6188646862,0.0754194945,2.6825730402,0.0060993919,0.5350383675,1.5377780355,0.1110988715,0.4358870269,0.4662877786,-0.066854445,2.3169944666,0.0204872678,0.2658744623,0.0553673769,0.0204872678,22,0.1067038175,0.2039215686,0.2396725351,0.0727978333,-0.018368894,0.1207049551,-0.160247298,0.2448047328,-0.036508639,0.4989148399,0,4.4009757517,0.0529986855,2.5424821243,-0.10038029,21.224167151,4.6991666387,0.2832056387,0.0,0.0,1,0.0001262998,0,0.0,0.5718659495,3.0,7.1299876949,-0.022037317,0.0657158721,0.2532512796,-0.852261502,0.2462564254,0.047676334,-3905.382859,0.0410566741,13.377787095,0.0014380903,0.0221815684,0.0424148527,-0.00597287,0.0661428824,-0.038494423,2.0,-0.002139037,0.1588638731,0.138251846,4.0,13.48552976,0.4449391107,0.8605647347,0,-0.131569503,0.0275547802,0.0130451192,0.0202801026,0.5290633742,2.0844548032,4.8253866e-09,3.0291001e-08,1.2402496764,1.5382192598,0.0018059537,0.0391423537
78987,0.2069129317,0.0373426184,3.5366617165,0.0289907255,0.2752242729,0.217273687,0.1583266559,0.1753067511,0.3336879215,0.0103848442,0.4075823595,-0.079602023,-0.954375097,0.0729814834,0.0796020227,23,0.003781725,0.0982101348,0.1117528481,-0.018326977,-0.002241082,0.4785271643,0.3458919631,0.0388747256,-0.042523371,0.5477713067,0,7.5277620829,0.2846166536,6.7382759088,0.3269042765,1.0960590014,7.8376999091,0.2783005321,0.0,0.0,1,0.2528669442,1,0.0,0.606559895,4.0,3.0694014903,-0.02168306,-0.069030395,1.02206739,-0.412116056,-1.961773828,0.1646302902,4762.5397929,0.0446872923,16.109694904,-0.002083881,0.0133619931,0.0309207473,-0.000554545,0.3459103204,0.0609108319,0.0,0.0004641448,0.0314808397,-0.019994911,6.0,17.008549588,-0.007315058,2.4656227988,0,-0.101630079,0.0220527556,0.0106107047,0.0187015116,0.3139553907,4.0995241676,7.722729e-11,8.6824138e-09,1.3312543402,1.7722381183,-0.00954187,0.0247768529
78977,0.283836762,0.0263788812,2.4533482143,0.0,0.8908991228,0.9014615532,0.0863770824,0.0696506572,0.2781965313,0.488372093,0.0852856991,-0.036802358,-1.58556701,0.0682043651,0.0368023584,22,0.0088823377,0.0,0.1265922593,0.0582033286,0.0738094845,0.2248499824,0.1855726342,0.0159665613,0.0233752991,0.3107855046,0,2.0787598691,0.0381836358,1.354371269,0.0338766155,7.1146119505,6.4849362235,0.0551079027,0.0,0.0,1,0.5609094982,1,0.0,1.0162764247,7.0,-0.06248167,-0.011907076,-0.008193401,0.4482887618,-0.051218508,0.8790508903,0.0913685278,5060.1136258,0.1879227517,16.372630411,0.0003233854,0.0112528905,0.0464021001,0.0110998005,0.0850840744,0.0658772678,2.0,0.0,2.3609617862,-0.042268204,4.0,17.075930578,0.2820071519,2.8190406113,0,-0.059430899,0.0270423647,0.0114951261,0.0170062197,0.402402868,5.873481049,6.642519e-11,6.7064918e-09,1.0076879966,1.0154350985,-0.089609021,0.0254859929
79025,0.181864592,-0.134424529,4.1847001287,0.0,0.0120810611,0.0,-17.17196532,-0.405637084,0.0,0.0548820232,-0.176801802,-0.050842612,-0.098386353,-0.12119899,0.0508426119,22,0.0,0.12,,,,1.34375,-0.606323242,0.0,-0.416413656,,0,16.042749658,-0.250173078,16.042749658,-0.250173078,0.0,,-10.03458925,0.0,0.0,0,,0,0.0,0.0,1.0,,-0.029412831,-0.08862324,-8.638538084,-0.651155719,-0.42660587,-8.878550974,-5305.334237,0.0248274717,10.961862003,0.0,-0.202594933,-0.222061592,0.0,0.9734194038,0.6333333333,2.0,0.0053835801,0.3505440118,-0.068634486,3.0,10.094370304,1.1635980959,9.8670935927,0,-0.25352422,0.3387096822,0.1131541982,0.1321902001,2.1904643941,61.413279121,8.5889968e-08,3.730048e-10,2.0107560962,4.0431400784,0.1389996784,0.1270168428
79072,0.6199385377,0.0650009902,-2.907842933,0.0204138536,6.0696804877,0.2956325657,0.0418390428,0.0887564676,0.0454865346,0.0111516891,0.0882311254,-0.00206676,-0.204032119,0.07826328,0.0020667601,22,0.0004239752,0.0211736237,0.0864676695,-0.053842352,0.0017834715,0.0935298044,-0.004819914,0.0010188817,0.0939268973,0.7167764508,0,0.9723935357,0.0107616873,0.9694650231,0.0105509203,0.1518191959,0.0762538548,0.0131443744,0.0,0.0,0,,0,0.0,0.4931660314,7.0,0.0044366359,0.0032379886,-0.02257641,-0.300284363,-0.943075542,,-0.001274361,-4515.620872,0.0286434127,13.784643023,-5.931406e-06,0.0024050231,0.0246435126,0.0006179771,0.258357196,0.0002364354,0.0,-0.000158479,-0.143877968,-0.024133492,7.0,12.676952369,-0.05476128,0.358956216,0,0.0654744878,0.0454158559,0.0137312899,0.0220910365,0.610859459,1.2514671497,7.5766969e-09,4.916903e-08,0.8048961394,0.6478577952,0.0184752328,0.0225533495
79089,0.1739227704,0.0670013346,14.575584653,0.0,0.2176570923,0.6242357619,0.2940830293,-0.010250115,0.9402303788,-0.071963881,0.0594815622,-0.005036542,-0.02966762,0.0689891047,0.0050365415,22,0.0119703486,0.0410958904,0.0764021449,0.112759093,0.0022285911,0.277573306,0.2048841469,0.0277553853,-0.084980775,0.5011952547,0,3.3342822422,0.1086147807,1.997571778,0.0812931082,12.698512226,7.8809600798,0.3973754812,0.0,0.0,1,1.0,0,0.0,1.9474593352,7.0,-10.0434712,-0.019556107,-0.041466261,0.1465646273,-1.069687394,0.3858186618,0.1421823472,2508.2756367,0.0318276958,14.482900603,-0.013244947,0.0279367071,0.0690729051,-0.04581189,0.1337407761,0.012087776,2.0,0.0007158196,8.6410052323,-0.324730676,6.0,16.158589295,0.0964561396,5.7014473475,0,-0.095378135,0.0750382468,0.0273910972,0.034684744,0.3650122584,7.4151530109,6.226771e-10,5.496197e-09,1.6090262506,2.5889654751,0.0338805735,0.0507735941
79108,0.9114990062,0.2261621738,-3.398921391,0.0,1.1826590964,3.8214394003,0.0649835395,0.054382783,0.1757782541,-0.049892279,-0.045269061,0.0594635629,0.5364058304,0.1048474652,0.0594635629,23,0.0075076917,0.0174705923,0.0256528207,0.0690668946,-0.025161482,0.1702090569,0.0024312472,0.0095973878,0.2195427329,0.5441385008,0,1.7369185046,0.0871885805,1.0714421788,0.0551696691,15.4626916,6.8034872651,0.2365996415,0.0,0.0,1,0.9788913289,0,0.0,0.4470469338,4.0,45.118242386,-0.075652819,-0.102488339,9.2051886508,-0.297346446,-0.713034858,0.380774901,-3540.951156,0.0587429544,14.370211673,-0.056301234,0.0961391205,0.2504518555,-0.029729043,0.1180136972,0.0156878053,2.0,0.0009358914,1.8907985037,0.1942705696,2.0,14.846752872,0.1274462228,1.7028913666,0,-0.101630079,0.0914003029,0.0252152313,0.0288368335,0.4923664913,4.8481257603,1.3673418e-09,1.4818767e-08,1.4415786217,2.0781489225,-0.053941968,0.0477794313
79131,0.8524866193,0.0971762741,-19.47772654,0.0236813139,8.7856708372,0.5334728278,0.0291396185,0.0462304717,0.0504964455,0.0074620236,0.0405423717,-0.005622113,-0.557195186,0.1513224262,0.0056221125,22,-0.001295177,-0.091059603,0.0232828076,-0.104670062,-0.017429128,0.0866519912,0.1258378231,-0.002613496,0.1270033344,0.5354136864,0,0.8606369785,0.093662718,0.8579660795,0.0964029255,1.2076273137,0.0823975715,0.0148588945,0.0,0.0,0,,0,0.0,0.6284083575,6.0,0.0315498737,0.0015322,-0.134809637,-0.067736282,-1.378176724,,0.071784785,-5301.829882,0.0286434127,11.541762183,-0.000620586,0.0013285208,0.0122101907,-0.014367881,0.0635346663,0.0017692898,0.0,-0.005982906,2.1254693502,-0.081647797,5.0,11.00264704,0.1178389298,0.5978700933,0,0.0654744878,0.0949073657,0.0305102038,0.0402069302,0.6261375315,1.1757269845,1.493249e-07,5.9052949e-08,1.0985749032,1.206866818,0.1343996269,0.0351132454
79116,0.7453242565,0.0465333061,-5.401955535,0.0139147204,6.2351315054,0.277387198,0.0325592229,0.4272462834,0.0564836997,0.4128879766,0.4031759402,-0.000393062,-0.050137889,0.0488663878,0.0003930622,22,-1.7716e-05,0.2707808564,0.0853761446,-0.28932776,0.0264323599,0.1421148231,-0.070253769,0.0043082054,0.666382409,0.573088712,0,0.8475684848,-0.088193836,0.8450619937,-0.087415352,0.2548286635,0.069294402,0.0107784383,0.0,0.0,0,,0,0.0,0.6176428395,5.0,-0.035661057,-0.005322978,0.2270308224,-0.174898644,-1.208762939,,-0.030671253,-4937.422322,0.0286434127,13.326727211,0.0008468867,0.0032600084,0.0294425992,0.0272728176,0.0520431029,-0.066864255,3.0,0.0036630037,1.2753290895,0.0293369852,4.0,12.698358534,-0.109573382,0.5454173067,0,0.0654744878,0.0381103233,0.01313021,0.0262152049,0.3150362826,0.7506339299,8.9458169e-09,5.0520114e-08,0.7216539349,0.5207844017,-0.007162083,0.026032237
79133,0.2665576807,0.0463001521,5.7313352445,0.0171693559,0.3220882459,0.6275707349,0.1515043063,-0.024250509,0.3391608168,-0.052811085,0.3104022393,-0.049805145,-0.641209863,0.0759882664,0.049805145,22,-0.017056701,0.0483870968,0.0308712693,0.1021709104,0.0135955322,0.1875402727,0.1013913322,-0.051823192,-0.254332299,0.5314077479,0,2.0073784019,-0.090756717,1.4929870456,-0.041203427,6.4983890415,6.3831995007,0.2925697911,0.0,0.0,1,0.0030379085,0,0.0,0.5582767981,6.0,-0.05849922,0.0287322932,0.0401936959,0.4310096804,0.0598019276,0.5331930662,0.0991524291,6.6216657667,0.1879227517,15.380336804,0.0002476754,0.0214895759,0.0472299514,-0.015950809,0.2011082965,0.0247907835,0.0,0.0006064281,0.9694073905,0.0363695682,7.0,15.458922047,-0.144296332,1.0204995039,0,0.0081788241,0.0139984535,0.0121132989,0.014073498,0.3758772316,2.3120220402,3.665465e-10,2.3526693e-08,0.7061789572,0.4986887196,0.1257553312,0.018159937
79103,0.1031343179,0.0397624624,57.579357679,0.0,0.2310528933,0.3687172785,0.1993398456,0.0779754048,0.6439215534,-0.040938267,0.1026597417,-0.065397217,-0.52975782,0.0608269378,0.0653972168,22,0.0285134835,0.0914245102,0.0852494805,0.0090947685,0.0131920159,0.0744406747,-0.038116457,0.0933566148,0.0264946568,0.4927609674,0,1.0835249329,-0.074001544,0.2776292254,-0.047180798,28.79981242,33.844787558,0.2263975497,0.0,0.0,0,0.0,0,0.0,1.9539210536,7.0,0.0087752045,0.1195968665,-0.044762201,-0.415410633,0.0868055269,0.4419441483,-0.017689183,12517.195138,0.5457032371,17.05058439,0.0029773708,0.0399313332,0.1351624505,0.008239115,0.0408716056,0.0042052256,3.0,0.00068,0.3000332467,0.0513506653,6.0,17.669256074,-0.317393381,1.9460721296,0,-0.191138643,0.0153302141,0.010777872,0.0154938648,0.3133980758,3.1327603999,4.258492e-11,1.3590579e-08,0.7302342804,0.5332421043,0.0488510019,0.0259271056
88597,0.229310712,0.0230403652,6.8573470243,0.0091866072,0.5712829023,1.1329656524,0.1082655662,-0.079107367,0.2953364356,-0.060988433,-0.016076516,-0.046116033,-1.671794872,0.0615591297,0.0461160327,22,-0.011847294,-0.014285714,0.0170502758,0.089947472,0.0275196425,0.1689291101,0.0033271227,-0.015284807,-0.20526208,0.3727388241,0,1.7343646041,-0.157582477,1.2203925482,-0.18439576,16.075020956,9.666078629,0.091701713,0.0,0.0,1,0.0467775468,0,0.0,0.8253480753,5.0,47.615207422,-0.160023044,-0.222908954,-8.591091964,0.5635039668,1.5257750822,-8.695792854,-2162.002957,0.0248274717,14.922047067,-0.002612671,0.0165261633,0.0557085628,-0.046135726,0.0893683173,-0.003384914,0.0,0.0003408316,0.4137697487,0.0046866219,5.0,15.137073246,0.2228563445,1.780211717,0,-0.25352422,0.0796836615,0.023523436,0.0253931162,0.4308735888,3.9397178192,6.347543e-10,1.200728e-08,1.4568674453,2.122462753,-0.034241834,0.0261610688
79150,0.2943409171,0.0633298124,3.8451955924,0.0,0.0262762778,0.1745168596,0.7048914916,0.243229387,0.5727368273,0.0394009378,-0.220942768,-0.009478971,-0.043294449,0.0660716418,0.0094789709,22,0.0080562682,0.0294117647,0.4064144058,0.4910063896,0.1590535478,0.1485995769,0.0255020873,0.0167647172,0.3130704691,0.736609126,0,23.275573414,1.2842010741,21.198392767,1.3540245237,0.9877368904,6.1564249067,1.6230229252,0.0,0.0,0,,0,0.0,0.6589129569,7.0,47.708645971,0.0702099591,-0.179211475,-8.526061759,2.8703862311,0.9522699579,-8.691280342,-4942.295477,0.0248274717,13.39140294,0.0035741625,0.0402861373,0.0439740354,0.0034028699,0.5854898565,0.1067214292,2.0,0.0065975495,1.1480665887,0.1237091997,4.0,14.359924691,0.0564015746,2.7958504873,0,-0.25352422,0.0512993038,0.0233509297,0.0324691518,0.5434388957,9.2362417849,2.2077803e-09,7.5754646e-09,1.3191782723,1.7402313142,-0.23058861,0.0538809685
79210,1.165545952,0.1135179983,-15.42846985,0.014480184,6.2490615287,1.8095573483,0.0263522808,0.1261551225,0.0287810754,-0.028190708,0.1161035973,-0.039170789,-2.415196617,0.3876862836,0.0391707887,22,0.0,0.0952380952,0.0615611778,0.0182132131,0.4798370867,0.1368078176,,0.005613181,0.1832903801,0.1582540038,0,2.3097441495,0.0472451853,2.3097441495,0.0472451853,4.7311645166,1.6704081673,0.0198682249,0.0,0.0,1,0.2849697688,0,0.0,0.1667641306,6.0,0.0080291751,0.0427980289,0.0314444664,0.3143540391,,-0.175414487,0.2892024858,-3634.860418,0.0331128264,15.623843489,-0.000401208,0.0017600827,0.012884621,-0.046665606,0.0379340303,,0.0,-0.003863561,1.4334967484,-0.040290906,4.0,15.589504823,0.0713498066,0.9624715792,0,0.048781298,0.016460035,0.0098035905,0.0172787837,0.4167234519,1.7045316278,3.45576e-10,2.525047e-08,0.7853246668,0.6167348322,0.0258272693,0.0174803618
79166,0.5673055258,0.0702710722,-42.61734781,0.020949427,4.9789598334,0.2586398908,0.0303957116,0.0338622265,0.0453483573,0.0032642526,0.022683872,-0.003673772,-0.285210274,0.0903131039,0.0036737723,22,-0.001648289,0.0083333333,0.0507216453,0.0030135773,0.0183986615,0.1204608064,0.0917351274,-0.001907269,0.1435653708,0.4882163436,0,0.8328455338,0.0493088004,0.8290995252,0.0521191285,2.4520048888,0.0727977263,0.016693836,0.0,0.0,0,,0,0.0,0.4903921598,8.0,0.0034044463,0.0013059876,-0.035416701,-0.352917375,-0.935551213,,0.0107754627,-5095.130502,0.0286434127,13.105494724,-0.000457405,0.0034168464,0.0325711875,0.003580431,0.026905469,-0.008205202,2.0,0.0005705501,4.0857777838,-0.023053626,7.0,12.709435516,-0.068301547,0.5116035138,0,0.0654744878,0.0228984151,0.0137733205,0.0200238839,0.3422598768,0.7794500163,1.0294134e-08,5.1239613e-08,0.9036100933,0.8165112007,-0.018721542,0.0259676308
79198,0.8952364153,-0.140825653,-2.123936491,0.0018780021,1.5851282678,3.3176175655,0.0016253876,-0.178729112,0.146974766,0.0035100166,-0.114864713,-0.117296135,-2.417730329,0.1996527989,0.1172961346,22,-0.032251267,-0.235294118,-0.123899343,0.1178024823,-0.160181536,0.1651454076,0.3404833849,-0.068586577,-0.256248519,0.5416264759,0,2.7720556049,0.0632202581,1.6729827959,0.0381544701,9.4093700205,9.3332036732,0.0068838553,0.0,0.0,1,0.8974004185,1,1.0,0.3360524514,4.0,7.0755514205,-0.075418695,-0.373499814,0.5296230088,-0.841935886,0.0744744517,0.191961756,-3879.659149,0.0410566741,12.787547533,0.0032338047,-0.022159737,-0.065497767,-0.395718693,0.1449872527,-0.007340472,0.0,-0.074130106,2.5233457088,-0.324730676,3.0,13.381421002,0.2516721723,1.9029033294,0,-0.131569503,0.0654362217,0.0310156119,0.0582510469,0.3625495526,2.6166672007,1.1509502e-08,1.375096e-08,2.4980952752,6.2404800041,-0.049011888,0.0584393521
79159,0.5123266782,0.0565151987,-1.036443461,0.0,1.4335716843,0.583508705,0.052001222,0.1054687186,0.2299608484,0.0003287851,0.098856414,-0.148900724,-4.882295299,0.3324390878,0.1489007243,22,0.0020183332,-0.032188841,0.0717626269,0.164520292,0.4509524236,0.1324539397,-0.013451313,0.2312500503,0.1244011159,0.5357390529,0,0.8482088607,-0.16354124,0.5790295038,-0.203285357,16.171580525,8.8147982412,0.2093521068,0.0,0.0,1,0.149852141,0,0.0,0.7416665018,6.0,0.9250734935,-0.045307581,-0.219669601,1.6490187077,-1.640950841,-0.449750974,-0.030177009,-1723.68737,0.0279332649,12.304297164,-0.014202238,-0.006590358,-0.026452011,-0.134701706,0.0062458472,-0.540954673,1.0,0.0152022675,-0.114228856,-0.009352511,6.0,14.118549221,-0.765707864,9.1614352232,0,-0.500704589,0.2252345979,0.0787423043,0.1286382293,0.4421601829,15.037396543,7.4602986e-09,2.0415268e-09,3.2508573046,10.568073215,0.1809546849,0.0971230201
13949,0.1546330301,0.0404374043,9.0884586357,0.0055479656,0.8525704088,1.9937175894,0.1165514126,0.0295884954,0.3593829119,0.0011627907,-0.009495674,-0.031618778,-0.776235198,0.0718263408,0.0316187783,16,-0.007401555,0.0350222477,0.1212692458,0.0465181032,-0.039633482,1.5153061224,-0.045837499,-0.007578571,0.3158634256,0.2999975409,0,1.671253406,0.0590015935,1.4413487738,0.1038142453,35.04934688,7.0335527465,0.0872758112,0.0,0.0,1,0.4705789706,0,0.0,2.7144864409,7.0,-0.136974138,-0.684757167,-0.134754695,-0.42896598,-0.055306023,1.4248323415,-0.187450084,3845.5914882,0.0457306398,15.668043109,0.0100370043,0.0241393652,0.1515364531,0.033991407,0.0144626567,0.0055131322,3.0,0.0012236907,0.6761071464,0.036215995,6.0,15.81534461,-0.304356358,1.235776236,0,-0.034541484,0.0218129326,0.0163768822,0.019675032,0.3819254071,1.9227375249,3.583908e-10,2.4117362e-08,1.0245452894,1.04969305,-0.059711662,0.0280268364
79237,2.0587018712,-0.285064929,-4.624739032,0.119866142,2.1714930132,1.3815032526,0.1398468945,-0.126989492,0.1241934493,0.0042021931,-0.090851775,-0.134943159,-2.17274168,0.3343075235,0.1349431585,22,0.0023950524,-0.141843972,-0.03268663,-0.010546409,0.1271897441,0.0528832761,0.0351102558,-0.025748172,-0.180935834,0.5713575476,0,1.5917771883,-0.164622545,1.375331565,-0.189263828,3.3372135322,4.3273584906,-0.049800205,0.0,0.0,1,0.0655701512,0,0.0,0.2052603199,5.0,0.4148123429,-0.055713085,-0.329324731,3.1953939007,-2.13981227,0.5354687929,-0.028308573,4140.4590296,0.0279332649,15.212975113,0.0011013216,0.0117895673,0.023838081,-0.140873172,0.0864718405,0.7739836276,0.0,0.0208978328,0.1562864976,-0.072929918,2.0,17.586566725,-0.156819924,9.8670935927,0,-0.500704589,0.0953846499,0.0433837884,0.0677075325,0.266821821,12.013923075,1.593849e-10,1.8077652e-09,2.2968031975,5.2753049278,0.0225930088,0.0591505087
90783,0.3061881397,0.0536354312,243.47172044,0.0,0.1169927408,0.4494287516,0.1937679499,0.126989917,0.5087291423,0.0299976836,-0.070786544,0.0119696016,0.0891927691,0.0488515386,0.0119696016,12,0.0571466483,0.1519507187,0.2104536941,0.0011513685,0.0193693654,0.2072673642,0.0852968597,0.1030723066,0.2252274256,0.3557266913,0,2.7402123829,0.2453683144,1.4287174636,0.1993489701,354.78436019,5.7127213065,0.5886772866,0.0,0.0,1,1.0,0,0.0,0.7585885198,7.0,47.641640444,-0.151252594,-0.056672521,-8.514214536,0.6753585743,0.8044019892,-8.708500446,-4547.970617,0.0248274717,13.158335723,-0.013736064,0.0048959699,0.0068146451,-0.032179557,0.0074773348,-0.024658545,1.0,0.0,0.9686915312,-0.060287409,4.0,13.923834965,-0.744520633,3.0231845288,0,-0.25352422,0.0812425688,0.0376824474,0.0728341841,0.3851881219,5.6370535825,4.2904585e-09,5.819021e-09,2.2336194889,4.9890560214,-0.013151728,0.0712905014
79323,0.7595566075,0.0970559689,-10.89388807,0.0200241789,2.9365049635,1.1859898857,0.0383220467,-0.121332578,0.0362613342,-0.069042316,-0.15494904,-0.003326826,-0.135438596,0.1102010932,0.0033268262,22,0.0,0.0203045685,0.0193472852,-0.027453005,-0.06899719,0.2337536372,0.068588056,0.0003805052,0.0383612663,0.21042904,0,36.306122449,-0.134588876,36.306122449,-0.134588876,5.1290132548,1.6068100028,0.0328359953,0.0,0.0,1,0.003654549,0,0.0,0.1935288641,5.0,0.0011723923,0.0682934953,-0.04348906,-0.091635305,1.3934163373,0.308192716,0.0117172954,19703.749322,0.0331128264,17.01115136,-0.000960207,0.0060681311,0.0305192976,0.0055033108,0.0794150157,0.0003590564,1.0,0.0058379121,0.8730900177,0.0062208764,5.0,17.218182154,0.164879563,1.3162734251,0,0.048781298,0.012765334,0.0090916626,0.0126378135,0.2257668034,1.2931673729,6.268446e-11,2.0703646e-08,0.6127571374,0.3754713095,0.0554160063,0.0170018202
79299,0.0388465704,0.0330272206,96.286830335,0.0097327027,0.1826860512,0.7199402514,0.2479158009,0.1044861951,0.6580334316,-0.045239638,0.3153971657,-0.100946275,-0.672672714,0.0552437307,0.1009462754,22,0.0089223759,0.0483091787,0.1105799633,-0.152080996,-0.026810311,0.1781670213,0.0953243688,0.074552382,-0.373643535,0.3973596352,0,1.4612689908,0.1436439916,1.2046795676,0.1557389066,79.422969884,22.295605469,0.3149629464,0.0,0.0,0,0.0,0,0.0,2.1895346979,5.0,-0.009017411,0.1074327447,-0.031481594,-0.215624313,-0.186497471,0.0155636721,-0.00901012,-1916.913272,0.0885157098,14.561024729,5.07943e-05,0.0357246512,0.2797304028,-0.000417116,0.049413991,-0.013049305,1.0,0.0,3.6490702539,-0.149294799,7.0,15.483748654,-0.337343903,2.9614055815,0,-0.101596569,0.0282038134,0.0136888156,0.0251393728,0.3137556576,2.9717775301,5.097901e-10,1.0835886e-08,0.5740991607,0.3295898463,-0.831166982,0.0385726239
79248,0.225071578,0.0536396153,9.7409701284,0.0,0.2017045065,0.6206280738,0.2115135369,0.1576372159,0.5676280236,0.0219874603,0.0554139031,-0.019649649,-0.145695175,0.0614546485,0.0196496492,22,0.0258238244,0.1626367689,0.2253769171,0.074044942,0.0952292372,0.3474549478,-0.14977624,0.0570568327,0.2676717192,0.4922377647,0,2.2699247254,0.287842464,1.7438631913,0.2982313993,9.4667444574,5.9574249356,0.3972331169,0.0,1.0,1,0.9550246288,0,0.0,1.1645755599,7.0,3.7943944621,0.1079705514,0.055152139,-0.284781321,-2.544520998,0.1347899348,0.020356482,-9180.783596,0.0588548821,14.107014015,0.0052826656,0.0461272455,0.0846417907,0.0109467728,0.2064479421,0.0094982539,1.0,0.0037845058,1.6604780385,0.0759214937,6.0,14.991964824,-0.184940991,1.9226095709,0,-0.156910843,0.0418400541,0.0323511051,0.0371095428,0.4420220476,5.8500051654,1.5226866e-09,1.0910038e-08,1.8320187288,3.3562926227,0.0291998099,0.0378037197
79249,0.1979898839,-0.138712764,-5.155876052,0.0278716164,2.099180343,3.2582646871,-0.115699651,0.431524119,0.0970790433,-0.005443126,0.7023370949,-0.253803242,-3.569635209,0.3564412012,0.2538032421,22,0.0,0.1730441909,0.1939404404,-0.138613949,-0.84239636,0.1105181918,0.1148936299,0.0147069149,-0.46717572,0.3097965902,0,0.8197599304,-0.430659751,0.8197599304,-0.430659751,14.050930936,5.5782126824,-0.075550344,0.0,0.0,1,1.0,0,0.0,0.4168538861,2.0,-10.20247965,-0.193996823,-2.268421958,3.9760126531,-0.684115786,-0.041816041,1.3510134792,-4039.169158,0.0288563477,12.317533971,-0.00814309,0.0223317588,0.272614345,0.0773514294,0.1006385087,-0.001055932,2.0,0.0004658747,1.0732932009,0.0338441618,2.0,13.893663019,-0.474743018,3.4259361997,0,-0.111549313,0.1647573858,0.0411467187,0.0435235238,0.4509025233,8.729850932,7.1130147e-09,7.4616214e-09,1.1233752487,1.2619719494,0.2705658579,0.0802177967
79336,0.1129602283,0.0072381234,4.8799040703,0.0,1.0959653536,1.2482474203,0.0998028316,-0.001277124,0.2888420342,0.0231281666,0.0747946526,-0.092720565,-15.49627242,0.119402056,0.0927205652,22,0.0080859837,0.0180208172,0.0410348414,0.0077298219,-0.04310782,0.1452920735,-0.090428343,0.023914746,-0.407884779,0.4541517571,0,1.976638322,0.0234245245,1.0138945578,0.0548656984,14.25441343,8.1811160603,0.0625247733,0.0,0.0,1,1.0109887591,0,1.0,1.6579134463,5.0,0.3886600777,-0.003707693,0.0073985322,-0.244895833,-0.262470765,4.5919717762,0.0484653258,-2088.901263,0.1711251104,12.914156241,-0.006705613,0.0200604489,0.1969977259,-0.020278986,0.0361661763,-0.053768964,2.0,0.0052131248,7.3693531479,-0.243027747,5.0,13.149312195,-0.300771067,1.3761162937,0,-0.067940389,0.0972466245,0.029413195,0.0358219184,0.4849756921,5.2940882347,6.6693305e-09,1.1280689e-08,0.9722568369,0.945283357,-0.148273198,0.0434342867
79265,0.3569501743,0.0444057633,4.7306802553,0.0125311613,0.1650295832,0.339406371,0.1511366149,0.0045507325,0.3442340674,-0.008545127,0.0195498775,-0.011062758,-0.129745682,0.0501672194,0.0110627579,22,0.0065934599,-0.034519197,0.0229100785,-0.214673364,-0.013695754,0.2254202854,-0.129412723,0.0176776158,-0.002235679,0.4733096894,0,4.3261854844,-0.086640555,3.1625710289,-0.093795385,2.8805587025,4.3158592221,0.347247273,0.0,0.0,0,0.0,0,0.0,0.4909388985,6.0,-10.02229002,-0.010199187,-0.117081348,0.3295920311,-0.888006697,-0.225354402,0.1233604619,1395.6925867,0.0318276958,15.240511701,-0.008283594,0.0307061851,0.0445975679,0.0016975313,0.22310826,0.004536597,2.0,-0.000714541,2.1584609615,-0.035732793,6.0,15.440549453,0.2713927019,1.4365288111,0,-0.095378135,0.0183127224,0.0196242721,0.0237555978,0.5905311668,5.3285184189,3.755315e-10,1.4600209e-08,0.7908021641,0.6253680628,0.2579950619,0.032078251
79313,1.0796469731,0.0710102291,-34.47315218,0.0262071199,10.194353729,0.4448732828,0.0177278647,0.0180846371,0.0343340003,-0.050806728,0.0160595684,-0.003743934,-0.589129609,0.1128444576,0.0037439342,22,0.000432364,-0.026548673,0.0306384043,0.0134860281,0.0165664723,0.0950358764,-0.125199333,0.0007701813,0.0376115377,0.489438593,0,0.7926442013,-0.025271499,0.7921311926,-0.025902354,1.5286098488,0.0620573851,0.0087530622,0.0,0.0,0,,0,0.0,0.3654025731,7.0,0.0187275225,0.0019566091,-0.070298707,0.1594240722,1.9658191034,,0.0333068164,-5461.431822,0.0286434127,10.501244877,-0.000241747,0.0008828513,0.009433723,0.0012652768,0.0138187873,-0.032827254,1.0,-0.006757728,-0.037582301,0.0069247496,4.0,9.4093387917,0.1904591801,0.1573208723,0,0.0654744878,0.0327869318,0.0154285594,0.0174905366,1.388919711,0.5746805895,2.3882287e-06,2.1456513e-07,0.1215594637,0.0147767032,0.6509846152,0.0296672591
79444,1.1894153465,-0.204652087,-4.170004799,0.0,2.0698189226,0.858957232,-0.109775758,-0.070783757,0.0552645545,0.1258669512,-0.158568563,-0.18850112,-3.116358821,0.4331172496,0.1885011202,22,-4.467728e-06,-0.061124694,-0.181616087,0.1070360042,-0.56126749,0.1505991394,0.0372702974,0.2661699537,0.1353384466,0.5479904691,0,1.746297387,0.1733151419,1.7340929956,0.1730207081,3.1552224007,6.2360724616,0.0852739675,0.0,0.0,0,0.0,1,0.0,0.0978608369,3.0,0.4101380549,-0.141564157,-0.248605454,2.326107376,-1.70828621,0.5354687929,0.070501153,-1573.96153,0.0279332649,10.928053213,-0.000390301,-0.137512358,-0.4993108,-0.186045029,0.0414593901,0.1758244876,0.0,-0.787671233,-0.051757698,0.1426633708,3.0,13.897932844,-0.152144195,9.8670935927,0,-0.500704589,0.3387096822,0.1131541982,0.1321902001,0.6975437929,55.839824939,2.7909743e-08,1.0877238e-09,3.3482519805,11.210791325,-0.018293933,0.096839901
18649,0.3658353606,-0.046193036,-3.590090806,0.0163530092,1.4485057227,3.0028002421,0.0173059407,-0.122417934,0.3106485188,0.0041322314,-5.819e-05,-0.083621168,-3.578467153,0.1191072268,0.0836211675,22,0.0005117053,-0.015360983,-0.096367511,0.0467087048,-0.058960671,0.2418222554,0.0568579792,-0.04367494,-0.374549647,0.4299640088,0,1.2460186711,-0.097605413,1.2243272927,-0.101417355,20.217366629,6.3749105225,0.0623236056,0.0,0.0,1,0.1738548085,0,0.0,1.0845943219,3.0,-10.15995062,0.0598100751,-2.456827132,4.1438581298,-1.04880156,0.1119278668,1.1136795048,-3048.095558,0.0288563477,14.320708782,-0.005600388,0.0037606838,0.0195829095,-0.085782059,0.0890698498,0.0110300254,1.0,-0.000370233,0.0621391546,-0.032118206,4.0,14.637852426,-0.07834485,1.1021259055,0,-0.111549313,0.0357464291,0.0133171686,0.0162804009,0.3926184883,1.9939430731,1.212359e-09,1.9432307e-08,0.9802005829,0.9607931826,-0.082109847,0.0322793866
79382,0.886851796,0.0772292343,-16.07750319,0.0188749368,6.0404820818,0.3430011881,0.0342799862,0.0195606481,0.0468909968,-0.049897119,0.0187651374,-0.0026751,-0.237650255,0.0955827816,0.0026751002,22,-0.001975394,0.0109289617,0.0240908961,-0.018674829,0.0159269541,0.1347046622,-0.193798132,-0.001106147,0.0250122177,0.5967122323,0,0.9914011312,-0.016532707,0.9853153061,-0.01413036,0.9553109726,0.0665152094,0.0158018634,0.0,0.0,0,,0,0.0,0.3682311398,7.0,0.0017657286,0.0011505469,-0.032821072,-0.033371105,0.6432707421,,0.0160451403,-5183.938722,0.0286434127,12.779184258,0.0001045987,0.0030484723,0.0242584086,-0.001174968,0.0328989028,-0.00726018,1.0,0.0008205689,0.5139552657,0.0573243285,7.0,12.531403363,-0.062098874,0.8320874707,0,0.0654744878,0.0240807962,0.0092124559,0.0159046552,0.3679466393,1.0103201425,6.4736926e-09,3.1043336e-08,0.629412521,0.3961601216,0.0345031665,0.0286053725
79399,0.8359102024,-0.066873349,-2.244975408,0.0,0.4637964556,1.3722560475,-0.072522823,-0.00812446,0.3335705933,0.0117311351,0.1534943831,-0.050752715,-0.990436342,-0.000639554,0.0507527145,23,0.047209928,-0.018281536,-0.129378846,-0.094157092,-0.022793381,0.3558348537,0.1083729861,0.0577253546,-0.079670813,0.4450939967,0,2.2848974472,-0.170104589,1.1303674192,-0.260783131,13.330442661,6.9116837796,0.0076016373,0.0,0.0,1,1.0,0,0.0,0.4772327192,2.0,-5.569946725,-0.065131712,-0.020682409,0.3644602785,-0.363294988,-0.822068988,-0.012007954,-3965.314574,0.0400118084,10.903659019,-0.006212822,-0.015630233,-0.024173168,-0.029312885,0.0792036578,-0.001164101,0.0,-0.021258503,8.6410052323,-0.106425703,4.0,9.4604810257,-0.095433309,0.4490593955,0,-0.131569503,0.0557000302,0.0204476086,0.0493583615,1.4371489291,2.7988201546,5.7598446e-07,5.1702206e-08,0.4134279275,0.1709226512,0.6675579565,0.0340854768
79666,0.533002643,0.0836237887,2.9359565667,0.0276684392,0.1492034148,0.9052570794,0.2275015793,0.1148070001,0.9496976897,0.0046082949,0.1676148425,0.1094799326,0.8471519398,0.0127817339,0.1094799326,22,0.1102512723,0.0560420315,0.0657341764,0.4135997532,-0.005583354,0.0947764147,0.1442963277,0.1504281991,0.1008695262,0.5923698985,0,4.4775888717,-0.09794431,1.301874034,-0.253460607,7.8434709035,116.19916435,0.7163898464,1.0,0.0,1,1.0,0,0.0,1.1952848371,3.0,1.4123879116,-0.023616113,-0.12428901,0.2721708722,-1.362299049,0.3400577909,0.3801548913,-5075.64727,0.1116949983,11.088213342,-0.003846034,0.0174925279,0.0213903743,-0.000865074,0.1157028754,-0.012133838,0.0,-0.007317676,1.4766223698,-0.050469603,5.0,10.790691303,0.0404078932,0.4722102387,0,-0.152504436,0.0510354713,0.0207394495,0.0218206272,1.1892850971,2.0558054637,7.0524915e-07,8.1974035e-08,0.5607825406,0.3144770578,-0.511590518,0.0357783322
79507,0.6343974407,0.0508554781,3.378894037,0.0,0.2701417181,0.6731745187,0.1066973535,0.0318088687,0.3894807441,0.0200206273,-0.065634959,-0.068676231,-1.202678886,0.1120182878,0.0686762314,22,0.0006883725,0.0,-0.005202677,-0.298774988,-0.037881976,0.0988733629,0.0437444907,0.0217157486,0.0797595802,0.4858392832,1,1.1794148021,-0.068303957,1.0814457831,-0.072696082,8.6997637029,44.855948399,0.4103902098,0.0,0.0,1,1.0,0,0.0,0.5734744935,4.0,3.6756414412,-0.345143059,-0.070726104,-0.688948708,0.1538886962,0.8172389475,0.0322320453,-1917.969169,0.0889184991,12.699020408,0.0048652078,0.0247825615,0.0338950705,0.0163166421,0.0725571326,0.059447828,3.0,0.0055648303,2.8675419529,0.1758995997,6.0,12.104839553,-0.332909029,0.6150602526,0,-0.017965162,0.0720043033,0.0260684614,0.0394634976,0.5910789185,3.0860462689,1.8988925e-08,2.6214645e-08,1.1275770612,1.271430029,0.1097716528,0.0427816936
79499,0.5301548821,-0.013165002,0.8039742319,0.0,0.2512298598,0.7984965406,-0.026611895,0.0972858372,0.3573014381,0.0114570858,0.359394427,-0.106563162,-5.73613963,0.0623512855,0.1065631616,22,0.0,0.0099206349,-0.080514872,0.0399802444,0.0662780326,0.4552831784,-0.076837475,-0.07866472,-0.018762665,0.6352180966,0,3.1176035503,-0.213245512,3.1176035503,-0.213245512,2.4395441031,5.6559119196,0.1065716057,0.0,0.0,1,1.0,0,0.0,0.4469016586,4.0,0.966190094,0.0573573103,-0.114449668,0.1947164571,-1.771622074,0.2383944448,0.0297589579,-2080.937799,0.0772902197,10.955204755,0.0028129395,0.0077362805,0.0109063558,0.0055744815,0.481453576,0.0041424272,2.0,0.0105258336,1.8231815256,0.0829364732,3.0,9.1069113189,0.1044690422,0.1523416519,0,-0.045482084,0.0222222004,0.010066174,0.02903671,0.7984764959,1.0553543795,3.5064119e-07,1.4542446e-07,0.2469695303,0.0609939489,1.1373270394,0.0447886116
79545,0.2906369174,0.0527071762,7.433728378,0.0093310509,0.2842795864,0.6674876009,0.1543230273,0.0449616886,0.3016914847,-0.006594043,0.0768738964,-0.020643337,-0.22262885,0.0644413142,0.0206433369,22,0.0067302934,0.116751269,0.1167872415,-0.039400183,0.0070212566,0.1577916806,0.0221148475,0.0259650137,0.0156153457,0.4464245849,0,1.3701688036,-0.204925096,1.1369338622,-0.211131901,10.410002507,5.7534464842,0.2891361391,0.0,0.0,0,,0,0.0,0.5720665056,7.0,3.754061667,0.0425488873,0.0092666392,-0.219215982,-2.281367653,0.0375717264,0.0233431478,1954.3207641,0.0588548821,15.871795299,-0.000686596,0.0202670512,0.0426940082,-0.015886824,0.1344200023,-0.002076433,1.0,0.0002404424,0.7710533821,-0.014552398,7.0,16.490802207,0.1177285205,2.1247914934,0,-0.156910843,0.0524055548,0.0272805106,0.031683969,0.3962780689,4.3344560659,1.990144e-10,9.7898639e-09,1.5563595802,2.4222551427,0.0100200727,0.026144005
79490,2.1756256669,-0.788752753,-3.132693906,0.0,3.1575462203,4.5944422162,0.0113084075,-0.086481687,0.3515720702,0.0067196416,0.0911955854,-0.192432367,-1.362724874,0.2861002429,0.1924323665,22,0.0,-0.08739255,-0.161034223,-1.658626518,0.0167370153,0.0966224747,-0.061787434,0.0688197969,-0.261096975,0.4953954762,1,1.2982495512,-0.35264663,1.2982495512,-0.35264663,7.7639874672,26.011353899,-0.145847924,0.0,0.0,1,1.0,0,1.0,0.611342432,3.0,3.5509540744,-0.425261845,-0.158118654,0.8522795182,-0.045063231,-0.108649709,0.2063140005,-2170.469039,0.0889184991,10.320690004,-0.004465998,0.014147074,0.0366382803,0.0486735026,0.0991687516,-0.101376876,3.0,0.0273972603,2.5473712186,0.069731283,4.0,8.6969515055,0.1948937094,0.1605602123,0,-0.017965162,0.0555555001,0.0205517207,0.0361208583,1.1385565786,0.5502550793,4.0011067e-06,1.7531942e-07,0.3777765343,0.1427151098,0.8684961182,0.0640560415
88568,0.7618210293,0.0602725707,-62.22173522,0.0184426726,1.2081316669,8.0703891463,0.0702280928,-0.033218024,0.5784204928,0.0040940836,-0.082653598,-0.040578424,-1.349052774,0.1415834493,0.0405784242,15,-0.006640115,0.0125786164,2.0478864021,2.0625464091,-0.673432738,0.1456819894,1.5594214293,-0.001320375,0.0571248301,0.4366719578,0,1.9021259936,0.1013443764,0.7001305709,0.1183850819,1031.9492386,28.001931397,0.117984682,0.0,0.0,1,0.9347877423,0,0.0,1.6009382166,7.0,-1.467049363,0.5207043639,-0.146216974,4.7186414226,-1.116942156,-2.753756025,0.395110956,-1915.964854,0.1062765098,13.853901916,-0.000922025,0.0078882892,0.019910944,-0.035159508,0.0043278089,7.7698456e-06,0.0,0.0,1.2596704714,-0.168304252,5.0,14.379710445,0.0705235386,1.2459169513,0,0.0239123439,0.0279770698,0.0198915276,0.0292009623,0.3506642318,1.968487183,2.7569031e-09,1.8187098e-08,1.2473248065,1.555819173,-0.016811244,0.0393391612
79491,0.0497338308,0.0461827294,148.52760266,0.0619774208,0.0762186492,0.1407989835,0.6334170325,0.0319028584,1.0811524248,-0.02818818,1.2240279363,0.0386771092,0.1038520955,0.0413865562,0.0386771092,22,-5.5677e-05,-0.009174312,0.0977552888,-0.262818535,-0.002749082,0.2901408451,-0.071817945,0.0072215099,-0.43347752,0.3923779966,0,0.9808256026,-0.664041252,0.977583888,-0.664089414,23.926085256,2.415945978,0.8531317045,0.0,0.0,0,,0,0.0,1.4904967886,4.0,6.0740286565,-0.153046841,-0.161658916,-53.95238753,-1.570294277,1.0877096091,-1.221231159,-1907.277868,0.0207317787,12.877401497,-0.002583048,0.0961391205,-0.128718839,-0.000953269,0.027514698,-0.000618205,1.0,-0.000668465,-0.284837345,0.004426385,5.0,11.24533856,-0.174676363,0.2120327576,0,-0.142502855,0.0198099762,0.010122915,0.0136741939,0.7592977533,0.7443580136,1.7470134e-08,9.5679771e-08,0.43756867,0.191466341,0.1209646435,0.0295537454
79516,0.8700751911,-0.379390461,0.0969681329,0.0,0.0425678078,0.0,-17.17196532,2.3874659401,-0.732236272,1.251001596,0.1342925659,-0.026301137,-0.039218787,-0.364511228,0.0263011374,22,0.0,0.4,-0.744329897,,1.53500612,2.9459459459,-0.035872236,-0.003427475,3.3337725082,0.9776618784,0,21.390415786,2.7347397276,21.390415786,2.7347397276,0.0,,-9.3917603,0.0,1.0,0,,0,0.0,-2.075293728,3.0,,-0.044325319,0.1913767599,-7.950327485,-0.165441433,-0.42660587,-9.121863212,-5514.030907,0.0248274717,9.7650022226,0.0,-0.10678082,-0.110614972,0.0,0.9734194038,-1.0,0.0,-0.00575205,-0.249551391,-0.005693955,3.0,10.407446686,0.0511729609,1.0713379795,0,-0.25352422,0.0684930831,0.0381282938,0.0842023911,0.5360248664,2.8077395654,4.1083083e-07,1.9901498e-08,1.3259275588,1.7580838913,0.3220406394,0.1083241738
80069,0.3212352236,-0.268065819,2.1391761346,0.0,0.0660273276,0.0011137702,-2.582200828,-0.276500544,-0.446358927,0.0894304481,0.3454134981,-0.166513798,-0.285324284,-0.191580131,0.1665137979,21,0.0,0.2839506173,1.1828571429,0.6034482759,-0.460641956,0.516015021,0.4847891354,0.0105296553,-0.338435211,0.7649313893,0,6.4694673291,-0.504888344,6.4694673291,-0.504888344,0.0038681977,,-4.539490349,0.0,0.0,1,1.0,0,0.0,-0.489984388,4.0,74.77710871,0.0782106851,-0.022157483,0.2539011546,11.514936096,0.3035196586,0.1416475727,-4892.318469,0.0238858186,12.757581915,-1.094e-05,-0.170418073,-0.188446306,0.0,0.7466204978,9.0622117625,0.0,-0.013888889,0.1426179332,-0.044713527,4.0,13.314308019,0.377895007,2.3681170539,0,-0.25352422,0.1292775273,0.0351331542,0.0566795643,0.5114791829,7.7763083409,5.5493115e-09,7.896393e-09,2.6754095904,7.1578164764,0.2554503216,0.0994678015
79564,0.3859683525,0.0746960041,2.1373979097,0.0,0.6106247841,1.2151209124,0.1076785995,0.0100966981,0.3844773967,0.021111893,-0.10926867,-0.030404072,-0.40362335,0.1048450555,0.0304040724,22,0.0163533254,0.0246153846,0.4647215089,0.5412706657,-0.041656872,0.8616601761,0.3378184936,0.0259823735,0.2818632784,0.3538058145,0,1.8985334746,0.2389099541,1.5012892749,0.2196260823,7.6754005745,8.7369424023,0.2264744173,0.0,0.0,1,1.0,0,0.0,1.2121522047,7.0,3.1771016878,-0.062746097,-0.142625146,1.2011228108,-0.941962832,-1.506185264,0.1964938623,-738.6032071,0.0446872923,15.279823171,-0.007611648,0.0057597877,0.0152113084,-0.048337335,0.1730738893,0.0090610947,1.0,0.0003850597,1.8393313747,-0.033502271,5.0,16.825193484,-0.033465748,3.1717651973,0,-0.101630079,0.0337552428,0.0145988364,0.0213181433,0.3547921031,3.292402229,3.031654e-10,1.1137071e-08,1.3732448023,1.8858012871,0.0263713639,0.039190974
79571,0.7957772992,0.052952104,-78.43240618,0.0102443478,6.6233975683,0.3512963704,0.0374697198,0.2315807308,0.0564397519,0.3230145867,0.2017534851,-0.013482888,-1.711492661,0.1435792414,0.0134828882,23,-6.54488e-06,0.408388521,0.1930616148,-0.239483968,0.0039337389,,,0.0004459524,0.5522419652,0.2142287658,0,0.4427740245,0.1572424774,0.4427740245,0.1572756781,4.3307903681,0.1696002152,,0.0,0.0,0,,0,0.0,0.663201794,6.0,-0.011603354,-0.00115857,0.3737492067,-0.052786334,43.250901134,,0.0571905512,-4761.313607,0.0286812661,12.952333039,-0.000273121,0.0020082399,0.0221675348,0.0175734703,0.0109332906,-0.01301206,0.0,-0.001675844,0.4739875853,0.0221891878,4.0,12.753176162,0.0988433771,1.0730636563,0,0.0654744878,0.074082084,0.0199485888,0.0286221116,0.7718419623,7.3918558781,6.2492529e-09,1.4987185e-08,0.9222157656,0.8504819182,0.1032244714,0.0340041477
79588,0.1637443771,0.028240959,19.246129653,0.0075246037,0.0627856401,0.2228757521,0.2430489833,0.2753544551,0.5512355551,0.0802044375,0.1894759595,-0.0287223,-0.206054134,0.0340601254,0.0287222999,22,0.0371727293,0.0476190476,0.0802138547,-0.215223304,0.0414579808,0.2199364022,-0.054241707,0.1340535864,0.3123085329,0.4980874038,0,2.9010140121,0.1384142204,1.9102917242,0.3491370479,5.4639318842,7.575303604,0.6998077521,1.0,0.0,1,1.0767059263,0,0.0,0.7792652064,6.0,24.41284281,-0.082646969,-0.038928145,-0.030651806,0.1537425834,0.6113481258,0.037396105,10164.936525,0.0457936334,16.436147754,-0.00655868,0.0236816392,0.033858569,-0.019854369,0.0224396532,-0.073926637,0.0,-0.005815993,3.6302741663,0.0934426971,8.0,17.892646409,0.9686717159,6.1142654555,0,0.0542151868,0.0134615721,0.0031711113,0.003651638,0.4153310462,15.707146101,8.20246e-12,4.5479597e-09,0.1284884303,0.0165092767,1.6970022278,0.089316274
85913,-0.100729847,0.0344770795,177.23650962,0.0102103436,0.415052757,0.6316677149,0.1637331756,0.0104503974,0.199882249,-0.060738255,0.1042757949,-0.068965517,-0.625498008,0.0560424241,0.0689655172,22,0.0,0.0040650407,0.0791614518,0.0615851336,0.0885083676,0.1191780822,0.0508101761,-0.010303209,0.554770318,0.2434959942,0,0.6277777778,-0.117548316,0.6277777778,-0.117548316,132.65384615,12.541818182,0.1073289337,0.0,0.0,0,,0,0.0,-0.855123675,6.0,-0.023933395,0.0269095499,-0.014564887,-0.358681822,0.0868709655,-1.419649902,-0.064179427,17649.997098,0.1744310206,16.695782593,0.0001460494,0.0332225914,-0.069238378,0.0067192438,0.0154396229,0.06809404,0.0,0.0005865103,0.6182734465,0.0050794797,6.0,18.182294792,-0.046182645,4.20202938,0,-0.165367998,0.025074631,0.0165376104,0.0194637676,0.388823108,12.532590569,2.339018e-11,4.3430456e-09,1.1043848806,1.2196659645,-0.025767751,0.0226758026
79628,0.718076135,-0.037585323,0.342408186,0.0,0.1030503761,0.2960648043,-0.130551872,-0.038340351,0.1646889194,-0.016478191,0.1001973712,-0.029252702,-0.651823557,-0.013086324,0.0292527023,22,0.0095692993,-0.025641026,-0.042804822,-0.326652562,3.20201e-05,0.3022922636,0.2227236494,0.0100468947,-0.055409817,0.8245771392,0,10.003230496,-0.071766309,8.6071447801,-0.088057565,0.5581136692,3.4045729018,-0.217587779,0.0,0.0,1,1.0,0,0.0,0.184889972,2.0,7.0948700877,0.0053898891,-0.163846722,0.3524627284,-1.21537388,0.0744744517,-0.020777367,-3942.541259,0.0410566741,13.269644656,-0.000348212,-0.014630215,-0.016631762,-0.001714526,0.6511494224,-0.012515486,0.0,0.0056179775,1.3261058317,-0.050391168,3.0,13.602686583,0.6046497828,1.6468488706,0,-0.131569503,0.0491958819,0.0203007034,0.0304701958,0.5942784444,5.7039772623,4.5161479e-09,1.4879357e-08,0.8536744679,0.7287600972,0.1862596104,0.0478645269
79668,0.241196717,0.0222411613,2.49497794,0.0026196832,0.7337745541,0.6897368634,0.094805218,0.1857266986,0.3242598445,-0.022805201,0.2821771167,-0.039768695,-1.606782029,0.0579778596,0.0397686954,22,0.0067895015,0.125,0.1155387632,-0.132889923,0.0659784753,0.3195094584,0.0728834459,0.0213943621,-0.035090928,0.4005429145,0,2.6917783839,-0.095835645,2.2570318582,-0.082196724,3.1143865983,6.077948375,0.0803138426,0.0,0.0,1,0.1395558682,0,1.0,0.9684247395,4.0,3.0838421974,-0.027193568,-0.04224053,1.0563511753,-0.60346705,-1.171534368,0.1496266664,-1772.584367,0.0446872923,14.792183147,-0.002789907,0.0042285211,0.0180510563,-0.016078195,0.0699253013,-0.014060895,0.0,0.0008567145,0.7509133534,0.2124338348,6.0,15.434128459,0.223935791,1.757685238,0,-0.101630079,0.0283109471,0.0136322099,0.0266455878,0.261599739,1.6851399587,7.704598e-10,1.7225297e-08,1.6121733571,2.5991029334,-0.011967937,0.0426666784
79731,1.0143509693,0.1052727326,-17.12847046,0.0120599339,14.559695586,0.7530453621,0.0195715892,0.0542829024,0.0347656092,0.0087519026,0.0594039449,-0.004328127,-0.712031031,0.1802301849,0.0043281271,21,0.0009081465,0.0225,0.0419049103,-0.07559434,0.0125249564,0.0836178896,0.0690001847,0.0006263171,-0.023504375,0.5130643547,0,1.0359463894,0.091621372,1.0280156555,0.0910033948,0.8887660989,0.0665865691,0.007763185,0.0,0.0,0,,0,0.0,0.5643083221,6.0,-0.018047263,-0.000745833,-0.021250034,0.0941280684,-0.93207211,,0.1006925437,-5356.442242,0.0286434127,12.626336232,0.0005880202,0.0025517417,0.0306523002,0.0095940471,0.0417954427,-0.041240458,1.0,0.0022862369,1.1271782107,0.060120292,3.0,11.570869336,-0.097929637,0.3824973155,0,0.0654744878,0.0398247689,0.0160783158,0.0226750542,0.6187373478,1.8080095046,2.1646303e-08,4.179167e-08,0.4727443307,0.2234872022,0.2032993413,0.0193530506
79758,0.3136542513,-0.037979749,2.1316955959,0.0,2.893421569,1.934266257,0.0728554127,-0.219934894,0.1867109414,0.0103740003,-0.206324168,-0.07355693,-7.086970457,0.2311816078,0.0735569296,21,-0.000891919,-0.244433428,-0.066720724,0.5063995538,0.0035518832,0.1106478784,0.3776166816,-0.292038411,-0.067980604,0.3160514929,1,0.6773611053,-0.081423619,0.6349165022,-0.085076856,16.486737708,94.856345249,0.0437821139,0.0,0.0,1,0.6195979879,0,0.0,1.6750612251,5.0,3.7070768482,-0.285594198,-0.315159532,-1.009691897,-0.564056515,0.4203911707,0.1513953654,-800.3367794,0.0889184991,14.551090601,0.0003842929,0.0015872933,0.0147865073,-0.106390233,0.0340607446,-0.003747261,1.0,0.0110429448,0.4425142643,0.0514013283,1.0,15.555413128,-0.581927711,3.0768285973,0,-0.017965162,0.0231436621,0.0191112901,0.0273380144,0.5543941554,9.2433913263,4.536062e-10,6.9449724e-09,1.5549927284,2.4180023854,-0.067377182,0.0477050187
79686,0.386239332,0.0666862315,5.7261786509,0.0,0.0960107784,0.7489966851,0.2328337514,-0.071281998,0.7361908791,-0.038303773,-0.373211162,-0.00648156,-0.048671035,0.0699319194,0.00648156,22,-0.018010736,0.0625,0.1673107982,0.3071813508,0.0248408572,0.2121799093,-0.10873071,0.0523128387,0.0550523072,0.5071089857,0,4.0980351196,0.5838510612,2.6720583495,0.5064612385,8.0706795237,11.480379087,0.6983033128,0.0,0.0,1,1.0,0,0.0,1.0394789437,7.0,0.0013689571,0.14148245,0.0203444617,-0.120722575,0.2320165056,-0.254843005,-0.017084842,407.37300818,0.197809166,14.443970158,-0.002458625,0.0290203893,0.0429010482,0.003506402,0.0634432232,-0.019692534,1.0,0.0010334137,2.5610514469,0.0951760323,7.0,16.074359029,0.0975257165,5.6555912938,0,0.0957318355,0.0295900162,0.0158650886,0.0241880331,0.3333943155,5.8612999981,3.67164e-10,5.8971532e-09,1.1286290179,1.27380346,-0.03345999,0.0468383532
79734,1.0290367991,0.0445217702,-8.661577728,0.0,7.478913871,0.3717681815,0.021196092,0.0415138001,0.0453414771,0.0019219595,0.039033319,-0.001272522,-0.238476954,0.0551391863,0.0012725224,22,-0.007540081,0.0547945205,0.0662477609,-0.026034031,-0.036443062,0.2127121939,0.8398820266,-0.008888797,0.0594317092,0.5834407534,0,0.9100631199,-0.011276396,0.9067600749,-0.001140897,0.4431275701,0.0659056959,0.0105019639,0.0,0.0,0,,0,0.0,0.3815652493,5.0,-0.444823176,0.0021500129,0.0110444865,0.1088138982,-1.214243569,,-0.024398455,-5397.610822,0.0286434127,11.494098169,0.0002471659,0.0019205618,0.0158176944,0.0036010588,0.100537542,0.0154198778,5.0,0.0,-0.765864061,0.0011389144,2.0,8.6310217064,-0.138091289,0.0754842723,0,0.0654744878,0.050235495,0.0238964965,0.0379476565,1.0525300145,0.3342405765,1.4652104e-06,2.5941396e-07,0.2373014226,0.0563119652,2.278351565,0.0306977713
79702,0.2400286996,-0.347455507,1.1426396571,0.0,0.3396669651,0.2547403898,-7.832183908,1.3468429015,-0.732236272,0.4493238958,5.2346570397,-0.2049818,-0.243858259,-0.262725612,0.2049818,22,0.0,0.0588235294,,,,0.9593495935,0.3790650407,0.0063699339,0.2467054857,0.9284387935,0,3.969004894,-0.109136735,3.969004894,-0.109136735,0.4744496135,,-1.751297405,0.0,0.0,1,1.0,0,1.0,-1.821330064,4.0,,0.5207043639,-0.247284571,0.1726946306,10.367003655,0.3035196586,0.0705020915,-5184.453749,0.0238858186,10.60021826,0.0,-0.305513595,-0.811535723,-0.089504313,0.9565252395,2.8666666667,0.0,-0.239639994,0.150764829,-0.1008991,2.0,10.153855573,-0.11168129,0.7975847541,0,-0.25352422,0.2022726983,0.071362272,0.103147254,1.0935643661,7.3168590736,3.9341863e-07,1.7299681e-08,0.8144014332,0.6632496944,0.2630126299,0.0838373133
79824,0.3588599205,0.0471568464,-14.60045624,0.0185517611,2.7204817803,0.1396202599,0.0344973734,0.1198715179,0.0491204104,1.0035936072,0.1148121688,-0.007559431,-0.467211559,0.0691890701,0.007559431,22,0.0002901428,0.0363636364,0.1121629387,0.0208633728,0.0003229664,0.0899223301,-0.005784657,0.0017427494,0.1597727888,0.4102114882,0,0.6678957235,-0.048490908,0.6658246768,-0.04874351,0.9803677262,0.091676912,0.0201650283,0.0,0.0,0,,0,0.0,0.4365154591,5.0,-0.005377503,0.0003829245,-0.007386398,-0.56136298,-0.232312976,,-0.010348571,-3599.310022,0.0286434127,14.567697486,3.2103e-05,0.0042330337,0.0369170827,0.0049682921,0.0224021263,0.1436444194,3.0,0.0,0.0122114317,0.0323609486,7.0,13.931755449,-0.175595555,0.7267662776,0,0.0654744878,0.0424160175,0.017951068,0.0300443213,0.2979050451,0.7553291141,2.9424976e-09,4.0352213e-08,1.1464648995,1.3143817659,0.0116839306,0.0285543795
79857,1.1960497516,0.0669535299,-46.30114945,0.023991709,1.0241592492,1.3098510777,0.0468290127,0.1508139208,0.2274783679,0.0154279256,0.2884689275,-0.11230121,-3.479946393,0.2999482249,0.1123012104,22,0.0021828885,0.0128205128,0.1716683223,-0.478612841,-0.094817652,0.1739815171,0.0586606817,0.2041728334,0.0543589126,0.5197513005,0,1.5993764998,-0.29929845,1.5426369273,-0.305918981,73.986120153,4.2707863057,0.3988811881,0.0,0.0,0,0.0,0,0.0,0.3760508448,4.0,0.7512995305,-0.029048106,-0.174660247,2.3327417811,-1.518661102,0.3075950338,-0.062667872,-70.62741041,0.0279332649,14.883855202,-0.024154503,-0.044752302,-0.078792557,-0.218918819,0.0163450805,-0.673783153,0.0,0.0060882801,0.3722191494,0.0291845445,5.0,16.714388454,0.6679096867,6.6761213273,0,-0.500704589,0.0567536876,0.0280712504,0.0445542293,0.2860949132,7.7376771525,2.904825e-10,3.3399995e-09,1.9044135066,3.6267908043,0.0013700326,0.0504737741
79906,-0.006533994,-0.00388071,20.417746216,0.0,0.0729776932,0.040943126,-0.035559471,0.3184739377,0.0004701637,0.0484216339,0.1082090641,-0.102404913,-1.541572987,0.0021016876,0.102404913,22,-6.577e-05,0.2224532225,0.441046128,-0.196682147,-1.463988308,0.0623548111,-0.476843135,0.090689171,-0.577293535,0.8266042594,0,3.1565085886,-0.386404976,3.1548924452,-0.386270822,0.8514089583,8.8290784182,-0.050024995,0.0,0.0,0,,1,0.0,0.2409636059,6.0,47.759265777,-0.068043427,0.0138299824,-8.82693667,5.881771396,-0.42660587,-8.755250297,6945.451513,0.0248274717,16.421948517,-7.8954e-05,-0.042545873,-0.717403125,-0.000513635,0.6819832348,-0.008681926,0.0,-0.001087646,-0.200031215,-0.002675929,7.0,17.130978172,-0.594747322,2.3134028714,0,-0.25352422,0.1161554828,0.0307391499,0.0424667939,0.3303958468,2.4025911939,1.824246e-10,1.485061e-08,1.147693122,1.3171995024,-0.245280976,0.0698482396
79790,-0.05578234,-0.077999375,34.883432781,0.0006132437,0.0904501783,0.2127629315,-6.035440999,0.0210003329,0.2837605962,0.0825044527,0.0655983399,-0.213396862,-0.352124456,-0.050533887,0.2133968624,22,0.0001774083,0.0069444444,-0.080819041,-0.495642956,-0.022885861,0.0502047626,-0.030202684,0.0391323277,0.7494629156,0.6229148168,1,1.3093273804,-0.120498698,1.2899155586,-0.12027022,8.0081031308,18.878726483,-0.840468084,0.0,0.0,0,0.0,0,0.0,-0.190383632,2.0,3.6322267332,-0.232778642,-0.06378166,-1.379128488,-0.109226573,0.4203911707,-0.13032013,-1890.330279,0.0889184991,13.153950227,0.0,-0.16077985,-0.253028756,0.0036857626,0.1010746244,-0.011752181,0.0,-0.041341388,-0.374435894,-0.002886813,4.0,11.509369121,-0.129355462,0.1662638437,0,-0.017965162,0.0597315691,0.0237484693,0.0446184559,0.4729233112,0.2542410116,9.8701009e-08,1.8785954e-07,2.1906966731,4.7991519135,0.2565868747,0.0942250439
79862,0.7703820932,-0.162723071,-0.88884025,0.0,0.8493681967,1.7150998185,0.0530566413,-0.089471483,0.1862369459,0.0057587194,0.0106956936,-0.133855327,-1.397862872,0.0647414684,0.133855327,22,0.0088870833,0.0624450308,0.0417126347,-0.08105329,-0.155313674,0.1962724291,-0.044019036,0.0222621852,-0.179163072,0.3963236477,0,2.6880784577,-0.0001999,1.7279188574,0.029575121,7.7939336407,8.5236155466,-0.132714189,0.0,0.0,0,0.0,0,0.0,0.3215375125,3.0,-0.286947138,0.056379029,0.0645102226,-0.108592112,0.2822589074,-1.014193151,-0.036617548,-1980.5704,0.0979159386,13.627491812,0.0019752385,0.0145021431,0.0343704301,0.124568864,0.0470888299,0.0011510682,1.0,0.0081743869,3.0009031376,0.1508655865,3.0,14.194711646,-0.484356759,1.4871893047,0,-0.200344257,0.0245375466,0.0170135183,0.0295321884,0.3137349764,1.8449698243,2.5340554e-09,1.9556244e-08,1.3502233783,1.8231031713,0.040111858,0.0447841291
79839,0.4270430649,-0.014044002,1.9193331909,0.0,0.6101812682,1.2075250191,0.049571847,-0.091476756,0.3601407907,-0.014253238,-0.013586386,-0.086780397,-6.801614311,0.0814778854,0.0867803973,22,-0.012782731,-0.024390244,0.0112735076,0.034597842,-0.001427807,0.4738605027,0.183249019,-0.02763118,-0.185090431,0.3257605737,0,1.5272225857,-0.13068031,1.2162085451,-0.110161807,17.537416237,5.656599376,0.0753409356,0.0,0.0,1,1.0,0,1.0,0.7791615414,5.0,-9.971122116,0.1158569841,-0.106952396,0.3996849217,-1.32340546,0.1809489431,0.1546711279,-1482.091513,0.0318276958,14.267033032,0.0041248842,0.0074411201,0.0201745159,-0.010604261,0.0655358247,0.007668878,1.0,-0.004073958,0.5129740275,-0.048438396,5.0,14.976471025,0.0952598153,1.6489553644,0,-0.095378135,0.0223992411,0.0118383028,0.0220354872,0.3230826026,1.2098967572,1.4000895e-09,2.3125741e-08,1.0891130588,1.1861672548,0.1839249703,0.0336850146
79791,0.9618591981,0.0100061686,-1.254738379,0.0,0.5282558525,0.97501666,0.0136239438,-0.016561398,0.2592748028,0.0001230618,0.0632131298,-0.032214467,-4.943181818,0.0594684791,0.0322144669,21,0.000729983,0.0125,0.1478181053,0.0271038196,-0.043889223,0.0581978355,0.1697685563,0.0211410945,-0.02775657,0.5253893859,1,1.0723478385,-0.111866674,1.049736917,-0.11700461,4.8023041843,76.512428298,0.1436754744,0.0,0.0,0,,0,0.0,0.3824594242,4.0,3.6464178085,-0.337529192,-0.058226104,-0.361486951,1.7940547103,3.8684431187,-0.020317763,-2073.772789,0.0889184991,11.890354989,0.0012467042,0.0140081338,0.0221241809,0.0359863704,0.1564736585,-0.181254402,0.0,0.0032520325,6.4616745392,-0.002677534,3.0,12.124526283,-0.358422542,0.9534334793,0,-0.017965162,0.0767974332,0.0315237195,0.0494952218,0.4801030294,1.7099298213,5.1363495e-08,2.8849769e-08,0.463669355,0.2149892708,2.8223223692,0.0521086624
79878,0.6449652203,0.0541325918,243.47172044,0.0114800487,0.3049808268,2.5023110594,0.0902935924,0.1164825674,0.3944058095,0.0018046922,0.2132324052,-0.016044007,-0.270525273,0.068776826,0.0160440069,22,0.052642562,0.0909090909,0.076860958,-0.084234923,0.0745130567,0.1463050159,0.0348669358,0.0837307399,0.0703549514,0.4634025483,0,3.2657357802,-0.084886359,1.297811467,-0.107155264,1031.9492386,12.487110765,0.317413731,0.0,0.0,0,0.0,0,0.0,0.5578913027,5.0,0.4496011555,-0.08805647,0.0322338969,0.4468895708,-1.915985812,0.6889434038,0.0114162836,-1129.542268,0.1172520361,14.25767505,0.0034870106,0.0224249912,0.0355308213,0.0420117109,0.0561795024,-0.010627188,0.0,0.0006934813,1.0240863286,0.1337024756,5.0,14.750244896,-0.261306825,1.5405152456,0,0.0957318355,0.0559989884,0.0296182517,0.0347891667,0.3106931553,2.5254712638,1.6013725e-09,1.2409046e-08,1.1019764709,1.2143521425,-0.050840129,0.038461988
79915,1.0452795669,0.1745265139,-183.1412575,0.0,1.5318057871,0.6143333288,-0.008555927,0.0297178414,0.1788434717,0.0081264407,-0.103692066,-0.077911095,-1.133846154,0.3724127304,0.0779110947,22,-0.013742798,-0.140180879,0.2789267747,0.424496395,-0.002510236,0.1033990967,0.2808795293,-0.014805278,0.3169824087,0.5025126068,0,0.8537693006,0.2223778,0.8237965486,0.4399695768,163.42857143,5.649382716,0.2518641259,0.0,0.0,0,0.0,0,0.0,0.4962787551,7.0,0.9931280302,-0.038506086,-0.327661638,2.1819715964,-2.091442071,-0.451344394,0.0097966337,1224.2291096,0.0279332649,15.787158418,-0.062299301,-0.164521319,-0.376727049,-0.043341107,0.0012697261,-3.163465355,0.0,0.0015197568,0.748607245,-0.047069198,5.0,17.477569428,-0.122244219,5.2920002351,0,-0.500704589,0.0442897081,0.0247133644,0.03675969,0.2686499511,4.3617789086,1.932548e-10,6.3775327e-09,1.9245340431,3.7038312832,0.0333111503,0.0503137402
79841,0.3041863044,0.0401386048,23.7373422,0.0097083598,0.0513417698,0.5124590015,0.1938202472,0.0701919335,0.3839855887,-0.008747788,0.1113289018,-0.058184823,-0.498471448,0.0601465533,0.0581848228,22,7.6330488e-06,0.1031947979,0.1969068831,-0.04918462,0.0286636628,0.1804926691,0.1846807306,0.0674384566,0.0635471992,0.3736516588,0,3.4527181046,-0.457696377,3.4284036748,-0.45893228,18.850539477,8.1925078153,1.241903583,0.0,0.0,1,1.0,0,0.0,0.444610143,6.0,-4.101742132,-0.158437933,-0.050599268,0.7373680224,-0.34583868,0.7161348997,0.0150660184,-4131.715,0.2359138598,14.143277496,-0.002953137,0.0221143002,0.0321136414,0.0358990939,0.0679066505,0.0024669308,2.0,-0.000482044,0.2976106745,0.0507595451,5.0,14.048085297,0.1049995107,1.1366437869,0,-0.179026286,0.0321662463,0.014908072,0.0257501084,0.4123967241,2.8306299141,1.4788354e-09,1.8714755e-08,1.1410975534,1.3021036263,0.0225532128,0.0267510578
80223,0.5868215584,0.0560672074,-30.62310111,0.0264268896,5.4345128485,0.3110877661,0.0239313165,0.0560445691,0.0507835117,0.0391292367,0.0499839815,-0.006710096,-0.708706408,0.0958023966,0.0067100955,21,0.0001706085,0.1203585147,0.0588418042,0.0274662603,-0.001480848,0.6018199323,-0.081600168,0.0006478063,0.1195157094,0.5748866265,0,0.9854884936,-0.03794884,0.9840165138,-0.038118154,2.0140317133,0.0669298115,0.0138370454,0.0,0.0,0,,0,0.0,0.5580728758,5.0,-0.023208298,0.003153995,0.0766084807,-0.333401343,-0.602202677,,0.0162647554,-4380.984682,0.0286434127,13.829958977,-0.000121242,0.0017334808,0.0168425059,0.0076289038,0.0060775475,-0.012264443,0.0,-0.002564103,1.066516399,-0.055930011,7.0,13.842661593,0.2000458112,1.359025986,0,0.0654744878,0.0272108577,0.0131816455,0.0217490921,0.452278391,2.5723159106,1.9026954e-09,1.5357257e-08,1.1667924983,1.3614047341,-0.002497839,0.0296955116
79879,0.4042170103,-0.032332957,1.3076888254,0.0,0.409722054,0.6272446816,0.0163232734,-0.05701773,0.383392151,0.0212673611,-0.041058237,-0.0745782,-1.934165721,0.0302043399,0.0745781999,22,0.0002188327,-0.039215686,-0.019561726,0.0225535373,0.0193399715,0.4762389681,0.0427430931,0.0244483184,-0.072661446,0.5850063577,0,3.6753661784,0.0649305053,3.2657789614,0.0617291258,2.0360972123,5.6499173554,0.045777427,0.0,0.0,1,0.0492635856,1,0.0,0.7305716932,5.0,-5.608308902,-0.114928847,-0.04161656,-0.067232914,-0.011532887,-0.901300904,0.0188359401,-1315.592894,0.0400118084,14.23005381,-0.001245919,-0.007079087,-0.014254585,0.0113146171,0.5099666836,-0.668232678,3.0,0.0037243948,0.5291395381,0.0573892486,5.0,14.808124406,0.3055384726,2.0508165746,0,-0.131569503,0.0225903764,0.0154572137,0.024191102,0.4787005065,4.412265117,1.0806303e-09,1.1809199e-08,1.1563523727,1.3371508099,-0.129237161,0.0461242989
79796,1.0861861428,0.0718365151,-80.70769704,0.0184564331,10.530233559,0.4098252365,0.0157386849,-0.009731778,0.0257447231,0.011108638,-0.015010149,-0.002427964,-0.397848117,0.1004165373,0.0024279641,22,-0.000422985,0.0286961946,-0.069394322,-0.03223139,0.1069881341,0.1294906022,-0.015101219,-0.000478418,0.0435750588,0.5560352925,0,1.2659138557,7.58701e-05,1.2613516868,0.0004825662,3.8216153927,0.0461932316,0.0077905962,0.0,0.0,0,,0,0.0,0.2925811514,7.0,0.0496974767,-8.9062e-05,-0.015053839,0.1659632419,-0.704930249,,0.0208788961,-4163.284422,0.0286434127,14.237610717,1.77228e-05,0.0012360615,0.0116092997,-0.00351153,0.0130155868,0.0010548452,0.0,0.000621118,6.3176753382,-0.061101705,4.0,14.656363015,-0.271317445,1.6542382018,0,0.0654744878,0.0272425152,0.0151477828,0.0181545139,0.4594851743,3.0154250144,1.6210739e-09,1.7148917e-08,0.8882951126,0.7890682071,0.0771216559,0.0242105707
79884,0.9229568517,0.0061782492,-1.536974713,0.0,0.2996926606,2.143202302,0.0130419685,0.0583621374,0.5804394319,0.0044451762,0.2489327112,-0.058713374,-11.29876797,0.0759848535,0.0587133742,22,0.0300422544,-0.037272006,0.0189648569,-0.043447812,0.0043403714,0.2295114982,0.1176105363,0.0505349451,0.0083996341,0.5455054488,0,4.0206024324,-0.155630328,1.131165224,-0.153607238,14.794767378,98.75069414,0.2372231887,0.0,0.0,0,,0,0.0,0.7311320101,4.0,-0.007192108,0.0569454319,-0.173458718,0.4044119008,-0.138736531,-2.239902864,-0.002531267,-6738.275042,0.5457032371,12.424310469,-0.002909958,0.0113980488,0.0161025985,-0.009841772,0.1455015191,-0.0167534,0.0,0.0022779043,0.0601379383,0.0466310573,5.0,11.472855392,-0.02865241,0.4306159712,0,-0.191138643,0.0435256362,0.0211965088,0.0305913901,0.5435894561,1.044558221,4.559363e-08,5.095849e-08,1.0279830706,1.0567491935,0.0012254189,0.0417028366
79859,0.8164800085,0.0685454216,-53.8867553,0.0624459146,6.0408182459,0.2661425889,0.0221709035,0.0400727917,0.0291407779,0.004033493,0.0445582426,-0.004976928,-0.488301329,0.102016242,0.0049769283,22,0.0012098795,0.0103519669,-0.021935433,-0.10976998,0.0262500796,0.1131309522,-0.29531917,0.0022130176,0.0080466736,0.539764863,0,1.281588969,-0.017743886,1.2648779151,-0.018361329,3.3407072587,0.0534378807,0.0124563677,0.0,0.0,0,,0,0.0,0.2372059232,5.0,-0.001573969,-0.001339163,-0.033398067,-0.103742892,0.2035117692,,0.0224786008,1582.9091784,0.0286434127,15.805923841,-9.8111e-05,0.0023574812,0.0197240647,-0.001772095,0.0119438932,-0.013231771,0.0,0.0,-0.136250727,0.0039414377,6.0,16.423539407,-0.054309646,1.8795706917,0,0.0654744878,0.0244224984,0.0137917001,0.0173966946,0.2551841274,2.2381311205,1.60883e-10,1.1314765e-08,0.7674027978,0.5889070541,0.0170669921,0.019365594
79885,1.4277821098,0.0600200512,-48.29683915,0.0146596859,13.263807508,0.3090564777,0.0130788568,0.0638058979,0.018426147,-0.071463296,0.0701810521,-0.000934877,-0.221974759,0.0733429876,0.0009348775,22,0.0,0.0454545455,0.0919395466,-0.461115224,0.0349349601,0.1444444444,-0.111666667,4.83965e-05,0.0080218951,0.1130263469,0,0.4393939394,0.6142502782,0.3605176782,0.6142502782,1.7680346673,0.1502502004,0.004994573,0.0,0.0,0,,0,0.0,0.1796589908,8.0,0.0435382064,0.0006057401,0.0108152312,0.5792184766,43.250901134,,-0.013045703,-5079.839617,0.0286812661,10.089161356,0.0001229369,0.000943236,0.009705708,0.0053833959,0.0069412642,-0.00856894,0.0,0.000547464,-0.863546587,-0.009234234,2.0,7.328187801,0.0536358678,0.1611901259,0,0.0654744878,0.0296167396,0.0109208151,0.017371767,2.1904643941,3.3680461699,6.13466e-05,4.0000000734,0.1588419917,0.0252307783,1.0688439467,0.0311148065
80019,0.2105243833,-0.266536807,6.0440745894,0.0,0.0237823796,0.0,-2.498370993,-0.220943786,0.0,0.0426465539,-0.174970577,-0.216172803,-0.216979931,-0.208703669,0.216172803,22,0.0027898719,-0.02,,,,2.1943127962,-0.461937677,0.018537319,-0.225817184,0.5588472899,0,6.1491094148,-0.12368602,6.1155216285,-0.12847264,0.0,,-9.535683577,0.0,0.0,1,1.0,0,0.0,-0.000291109,1.0,,-0.01923931,-0.18724053,1.0256788416,3.3419145335,-2.065658247,-0.117054862,-5030.745395,0.0446872923,10.452747035,0.0,-0.235188241,-0.30142253,0.0002679875,0.1606542056,,2.0,1.0706638116,-0.72037919,0.0302760897,3.0,12.58927064,1.1259497392,5.0897952189,0,-0.101630079,0.0835913271,0.0398393103,0.073623236,0.5882544248,2.9849949229,2.84192e-07,2.4919242e-08,2.2126622228,4.8958741121,-2.532741672,0.1832419965
80034,0.3304663095,0.0552443698,9.8887574569,0.0,0.1193501577,0.6659514229,0.205032362,0.0352108116,0.5483986772,-0.055111679,0.2001231374,-0.044761973,-0.358375045,0.0750425733,0.0447619728,21,0.0211903481,0.1368715084,0.0141511669,-0.035308717,-0.044843445,0.1706262245,-0.215842489,0.0429166558,-0.013650358,0.372397026,0,2.4901374507,-0.225334582,1.9682810503,-0.280988187,11.972462893,6.9307070105,0.5580457993,0.0,0.0,0,,0,0.0,0.7111273557,3.0,-0.010380484,-0.09030704,0.0947159701,-0.176495597,-0.025687507,0.1458283248,-0.011974188,6.5687181818,0.197809166,14.590442703,0.0012155817,0.0456851981,0.0637774793,0.0100436749,0.0633972069,-0.004090721,2.0,0.000456035,1.2883009246,0.0747764132,5.0,15.271980907,0.1114594198,2.0481658176,0,0.0957318355,0.0242619663,0.0155294212,0.0310730632,0.3040659132,2.6029123065,6.823809e-10,1.1949939e-08,0.8478313912,0.7188180678,0.1598870712,0.0307527162
80080,0.3113753556,0.0664444847,11.441908505,0.0193389822,1.1072897972,0.8451490064,0.0797312714,0.3568594344,0.2276910089,-0.025056425,0.5661229611,-0.047211377,-0.879839786,0.1249049859,0.0472113766,22,0.0175520292,0.0714285714,0.0189304813,-0.084010695,-0.160013284,0.0888539414,-0.117630998,0.1108484593,-0.075342466,0.2873922349,0,1.5692383778,-0.187753375,0.8229475767,-0.232402958,44.518691589,7.9391666667,0.1174457266,0.0,0.0,1,0.0008278146,0,0.0,0.6551633298,3.0,47.573816576,-0.143855202,-0.137194669,-8.50902732,0.5765875522,0.0692934241,-8.632446998,5725.202463,0.0248274717,16.239336133,0.0007416564,0.0161148181,0.0680127524,0.0035362852,0.0194584383,-0.079773581,0.0,-0.000463535,0.0635912514,0.0004373002,5.0,16.834350146,0.1149577462,1.8658397126,0,-0.25352422,0.0256752893,0.0124511071,0.0180782095,0.4171861863,3.8224467038,1.260105e-10,1.2521241e-08,1.2829917943,1.6460679443,0.0858812183,0.0247431816
80007,0.8127062934,0.0631170494,-10.90885593,0.0093970272,5.0158936114,0.2591460596,0.0298867691,-0.019879147,0.0434944987,-0.027365327,-0.029605699,-0.002891837,-0.269757489,0.0801433462,0.0028918375,22,-0.000577042,-0.106965174,-0.013842411,-0.12663989,0.0459254751,0.194157521,0.0743382828,-0.001704331,0.0447514729,0.5833963484,0,0.9879876063,0.0318608056,0.9850006421,0.0326314409,0.6126539706,0.0630230633,0.0145213592,1.0,0.0,0,,0,0.0,0.3325051025,7.0,0.0320951593,0.0028569377,-0.150715208,-0.107516607,-0.640013054,,0.000605705,-5165.292342,0.0286434127,12.642791673,-0.00045714,0.0020289617,0.0150613305,0.005359971,0.0333244494,0.008109866,0.0,0.0,-0.166324995,-0.036108367,3.0,12.194337571,-0.029849164,0.805093956,0,0.0654744878,0.0496644787,0.0211254792,0.0340283186,0.6542950725,3.9317022619,1.262313e-08,2.2209517e-08,0.9314788475,0.8676528433,-0.022914842,0.0282010994
80050,0.5465864199,0.0434946811,1.8199919241,0.0,0.1075887746,0.8015760737,0.1586805294,0.0825557037,0.3928394592,0.0243442979,-0.0376737,-0.032618536,-0.471887816,0.0640192912,0.032618536,22,0.0168716565,-0.033773862,0.0006033486,-0.058258195,-0.078331201,0.125591941,-0.215603908,0.1246810131,0.1098492815,0.6491670859,0,5.8910703522,0.0545933415,4.7808490485,0.019479821,4.0910078703,7.085087987,0.6260490978,0.0,0.0,1,1.0,0,0.0,0.4807570978,5.0,-10.06155844,-0.093386898,-0.116336014,0.5192282767,0.2398895366,0.1780574041,0.1372125337,-2940.313538,0.0318276958,12.09163384,-0.000356703,0.0168355008,0.0199249437,-0.005940631,0.2441428179,-0.050737151,0.0,-0.001750547,-0.492867246,-0.008752468,6.0,11.116914645,-0.194112284,0.4494851099,0,-0.095378135,0.0526774488,0.0141674897,0.0270864667,0.5259227347,1.4660293674,2.252486e-08,4.2410535e-08,0.5996281772,0.3595539509,0.0428548789,0.035340477
84723,-0.009850513,-0.032875562,6.234748264,0.0,0.604323385,0.0160770651,-0.073029974,0.2998423382,0.0174476238,-0.005653301,0.4740085875,-0.038100825,-0.773477366,-0.007447059,0.0381008247,19,-0.000563584,0.5177304965,0.0027730687,0.0177084231,-0.052832449,0.0069492502,-0.267211792,0.2937533734,-1.913708663,0.5711803978,0,9.7166448005,0.4473231821,9.6981739972,0.4542257342,0.1201953959,60.636795655,-0.057221426,0.0,0.0,1,0.9169136222,1,0.0,-2.327784642,3.0,0.6253458775,-0.086005614,0.3302497367,1.1268415167,-2.198636903,0.5354687929,-0.370063156,14166.71463,0.0279332649,16.030565965,-0.000173097,-0.016768939,0.9342263352,-6.5609e-05,0.1079806543,-3.797922456,0.0,-0.018219462,-0.079219746,-0.0214346,4.0,17.063062333,0.1377324172,3.2953960954,0,-0.500704589,0.0499329008,0.022523019,0.0394996339,0.3333015604,3.1579628894,1.953775e-10,9.5882324e-09,1.8248471211,3.3300670154,0.0597179447,0.0470670821
80054,0.1939744885,0.0506870311,5.6836733531,0.0,0.0854079729,0.6876337287,0.4552050074,-0.126196758,1.2669235112,-0.057182068,0.0350528714,-0.036264886,-0.214323078,0.0615504317,0.0362648857,21,-0.01869971,-0.283415842,-0.200627091,-0.524864651,-0.020108203,0.2405233444,-0.147623474,-0.051782887,-0.182287433,0.6931325166,0,3.0401573634,-0.103994337,2.4561683492,-0.099199967,5.4191360839,148.08907823,0.8348452661,0.0,0.0,1,1.0,0,0.0,2.2075577142,4.0,24.403563236,-0.420717988,-0.369963034,-0.000421694,-0.692466564,0.4485164988,0.0648864113,-10542.62551,0.0457936334,12.829756017,0.0041616452,0.0460202925,0.0612485544,-0.009754731,0.5811004492,0.0012567235,0.0,0.0011169025,1.0710045284,0.0815964984,5.0,13.669022347,0.2136341597,1.9274518081,0,0.0957318355,0.019792363,0.0111930383,0.0207145281,0.3263858128,1.7939289822,5.1845098e-09,1.849956e-08,0.9801047936,0.9606054064,0.1362326578,0.035920994
80167,0.2621629722,0.0248441821,26.798735098,0.0,0.19615134,0.4003006552,0.1048128072,0.0444987838,0.2336981173,1.0471839275,-0.014766063,-0.005801484,-0.104743413,0.0274464465,0.0058014838,22,0.020440119,0.4334090909,0.2561302854,0.1440069156,-0.120402982,0.1643719028,0.0629462884,0.0372219901,0.093723744,0.2547767686,0,2.574264501,0.3587683568,1.519717692,0.3336233948,16.206467691,8.4485988313,0.1680870285,0.0,0.0,0,,0,0.0,0.4124962111,6.0,-7.897111587,0.1184339177,0.2416335588,0.0896155316,-0.396503296,0.0180797216,-0.01124665,-4703.552672,0.0443391772,15.281155082,0.0024174421,0.0094140969,0.0164577603,0.0047272049,0.0468562035,0.0233303608,0.0,0.0,1.3163724522,-0.078351402,4.0,16.191850219,0.0121960059,2.4715444797,0,0.0957318355,0.0237106141,0.0120891806,0.0225791907,0.2629877891,2.4154684961,2.277683e-10,1.0545204e-08,1.2323559875,1.5187012799,-9.6458e-05,0.0317900036
80113,0.6362633884,0.0646383704,-4.059493907,0.0032530206,1.4056696276,1.5644302327,0.0162416702,0.7018869017,0.1700643443,0.1817487267,0.8743017795,-0.007873543,-0.197436655,0.0774003541,0.0078735433,22,0.0,0.3156275636,0.1862807203,-0.138158819,0.0214353894,0.0955157064,-0.271080226,0.4228165283,0.414435354,0.4703347739,0,1.5869194398,0.4463429712,1.5869194398,0.4463429712,36.469330742,6.0527355562,0.1813371062,0.0,0.0,1,0.9981987427,0,0.0,0.4235742443,5.0,-0.373650719,0.0357546404,-0.006102793,0.1740782383,-2.296810302,-2.685649958,0.1618732418,-4090.420888,0.2473249762,12.57487488,0.0029930933,0.0096683732,0.0310282986,0.1629466291,0.0196827655,-0.325928516,0.0,0.0006242197,0.7097416637,-0.103698386,3.0,13.641448132,0.1369157485,2.5177480893,0,-0.179026286,0.0616215877,0.0296323643,0.0489229638,0.4073609148,5.0441468808,8.1954483e-09,8.7536657e-09,1.4041156501,1.9715407588,-0.058691779,0.0374745168
80112,0.8385298406,0.009932662,-23.6481787,0.0,5.3840344033,0.2326879575,0.0169584526,0.6648452339,0.0606278254,0.523197176,0.6637760533,-0.000964413,-0.483542949,0.0147355307,0.0009644133,21,-0.001870119,0.2857142857,0.3378312296,-0.170752219,0.0446461902,0.1075396916,0.1611256416,0.0051144239,0.6717431047,0.4963789936,0,0.7881785729,-0.139305489,0.7831327064,-0.133874891,1.0536292409,0.0596037266,0.0051992533,0.0,0.0,0,,0,0.0,0.4517711894,4.0,-0.746643635,-9.7648e-05,0.2419642517,-0.08169306,-0.25380316,,-0.06480211,-5122.249342,0.0286434127,12.995186072,0.0002824329,0.0021083429,0.0156720638,0.0060413142,0.0506844259,0.0092275034,1.0,0.0,-0.204687395,0.0463781711,1.0,11.182956582,-0.085469013,0.1776981151,0,0.0654744878,0.0244755857,0.0087292724,0.0234587646,0.4450098187,0.3155278358,2.5455181e-08,1.4010263e-07,0.7500973907,0.5626460956,0.044502875,0.034556588
76697,0.408978392,0.0348457452,-0.269597849,0.0,0.8821472843,3.3519396406,0.1168619398,0.3733169599,0.5508076226,-0.01819668,0.6026994576,-0.135199574,-4.328615866,0.1856795906,0.1351995735,21,0.0,0.0463506985,0.2673160576,-0.936800415,0.0330628455,0.3532160137,0.8434253044,-0.053625171,0.0493679132,0.7037508326,0,1.5335752757,-0.171639621,1.5335752757,-0.171639621,5.2660036321,9.171578201,0.0585983759,0.0,0.0,0,0.0,0,0.0,1.3094312354,5.0,-0.018923164,0.2340517834,-0.01744293,-0.442213521,1.0438591546,0.8649904537,0.0871957928,-5481.502988,0.0331128264,15.390437266,0.0123784381,0.010282682,0.0351930704,0.0781608792,0.530293449,0.0150078744,4.0,-0.000166058,-0.019047435,0.0109045613,4.0,16.172769212,-0.14572388,3.0626314931,0,-0.006899248,0.0191551764,0.0148347334,0.0261172154,0.439394128,14.770411303,1.13716e-10,4.5720924e-09,0.7343032724,0.5392012959,-0.251098574,0.0322479892
80236,0.6175048731,0.0151698748,1.4159228768,0.0,0.1876482348,0.6023981711,-0.010542321,-0.005648454,0.3034041557,-0.022639821,-0.006643778,-0.035348056,-1.881454747,0.0437113078,0.035348056,21,0.017217638,0.0505050505,-0.053136771,-0.009951947,-0.003252747,1.0070348224,-0.220688,-0.102806023,-0.005345598,0.3020754372,0,2.2492348468,-0.039781617,1.7559082447,-0.099996345,4.3775363428,6.8170813078,0.1446146963,0.0,0.0,0,,0,0.0,0.3955607112,4.0,3.1096802092,-0.073626067,-0.11673548,1.4326593315,-0.55782732,-3.39269878,0.1353601146,-4881.727927,0.0446872923,12.237004291,0.0008192789,0.0008790168,0.0011354211,-0.00756996,0.1655678614,-0.00324643,0.0,0.0032930845,-0.126541247,0.0463282783,5.0,11.396312532,0.0530720192,0.6002885338,0,-0.101630079,0.0485650711,0.0184806718,0.0248988708,0.6056842644,1.3461719449,3.3323123e-08,4.2884333e-08,0.7291021119,0.5315898896,-0.045791939,0.0366088361
80204,0.586113209,0.0209648374,14.255595991,0.0122988827,0.4191464196,0.3984435787,0.0477513472,1.2898130146,0.231304677,0.4546378159,0.8467749259,-0.042151325,-1.45221604,0.0514103105,0.0421513252,21,0.0256637827,0.4283161239,0.3722482094,-0.343175491,0.0348153518,0.0648157237,-0.321666429,0.5682524159,1.829332905,0.3343071154,0,3.2492688732,-0.094306188,2.0267264678,0.0457439514,27.224332956,7.0259951877,0.1568589597,0.0,0.0,1,0.0137532691,0,0.0,0.4421179327,5.0,-9.288510917,-0.148810064,0.2257506442,-0.188334059,-1.818199107,0.3588315101,0.141310005,6879.1112517,0.1213471346,16.189864902,0.0004624698,0.0156729897,0.0272796919,0.0078135533,0.0586720509,0.1448511173,2.0,-0.000723922,1.1502752995,-0.057664415,4.0,17.015293827,0.0034434695,2.5894763906,0,-0.190106287,0.0281124227,0.0126335217,0.0211897798,0.3381030527,3.1593909006,1.06615e-10,1.0948534e-08,1.0642577683,1.1326445974,0.03731854,0.0361128428
80254,0.4570124226,0.0237381129,185.50871089,0.0126536239,0.6677877835,0.2382443141,0.0515943575,0.2538491714,0.0880256878,-0.010058765,0.5193446333,-0.040332248,-1.717636192,0.0645115548,0.0403322481,21,-0.00106228,0.2490247074,0.0959147425,-0.429977846,-0.067052642,0.0327720247,-0.01548054,0.0897349071,-0.001184042,0.3389897089,0,4.4261980552,0.1420298167,3.6964200061,0.2825951831,119.14255148,5.4975750022,0.0808704098,0.0,0.0,1,0.78424352,0,0.0,0.1390027865,5.0,-10.08874486,0.0983539545,-2.192441442,4.2350351918,-0.849662607,-0.888072133,1.0590838328,-2364.601488,0.0288563477,14.175683278,-0.000417912,0.0071060679,0.0175830064,0.0145201998,0.0008543023,0.2309008531,2.0,0.0003247808,0.3614396689,0.026257962,6.0,14.212219873,0.0552338355,1.1483697771,0,-0.111549313,0.0381496064,0.0171491244,0.0301799652,0.4826251105,2.1950415264,2.1548863e-09,2.1832917e-08,1.8082986715,3.2699440855,0.0695478767,0.0356829156
80286,0.1203354061,0.0345021202,170.53262487,0.0078198976,0.0689335403,0.5313406511,0.2971972389,0.0689191028,1.0247053811,-0.023429332,0.1287332615,-0.019448131,-0.103247637,0.0380643826,0.0194481308,21,0.0691433792,0.0989583333,0.1058962001,,0.0063329228,0.1589944521,0.0569407554,0.1495462572,0.0374265976,0.5146147026,0,2.1124271049,-0.070406507,0.2776292254,-0.391631442,111.70092306,,0.6948373067,0.0,0.0,1,1.0,0,0.0,1.5627070144,6.0,0.1076683212,0.5207043639,0.0768525747,11.046679106,-0.306019417,0.6722474613,0.3012299468,-14745.9961,0.3739105922,16.351601354,0.0028368464,0.038441929,0.0631119226,0.0101904594,0.0210408484,0.0131531687,0.0,0.0001185958,0.2789403602,0.0470117447,6.0,16.627718349,-0.049248315,1.6760375836,0,-0.019100315,0.047407534,0.01579057,0.0208831768,0.4049332451,4.3400546647,1.101096e-10,1.0597471e-08,1.0830847122,1.1730724938,0.0805518976,0.0303865936
80191,0.2897407997,0.0432324863,0.6795556976,0.0184066338,0.7959217375,0.5212160911,0.1107095749,0.4570149997,0.2439245514,-0.025258266,1.0273753665,-0.065795933,-1.428475649,0.1049890403,0.0657959332,21,-0.017640527,-0.143228551,-0.065306129,0.0519999755,-0.032090068,0.0840771901,0.06266693,-0.119700502,-0.164619897,0.7030175984,0,2.9378815074,-0.135498132,2.6234983147,0.0935474025,0.982239309,5.3457872832,0.1098967469,0.0,0.0,0,0.0,0,0.0,0.5104251607,3.0,47.544827388,-0.219300998,-0.351851791,-8.530661876,0.0606488978,0.4524239968,-8.652362944,-855.361927,0.0248274717,15.820978532,0.0004146203,0.0055637153,0.0170999318,0.0102661458,0.0242365322,-0.694023239,1.0,0.0004535147,1.1891870947,-0.088647285,6.0,16.697239554,0.3413896671,2.5398125803,0,-0.25352422,0.0237209108,0.0111997879,0.0192147186,0.3344806025,4.2193912998,1.04755e-10,8.2133119e-09,1.543698819,2.3830060437,0.0081678749,0.0309172636
80193,1.4480128712,0.2831439033,-2.189817236,0.0,4.1132263409,3.7379901603,-0.012722466,0.1718030994,0.1384295961,0.201965186,0.0020580806,0.1905984793,1.2338408362,-0.186160713,0.1905984793,22,0.060719482,0.035053554,0.1117978476,-0.419688737,-0.046115295,0.6,-0.156276828,0.0655496511,1.2586253842,0.5239995779,0,17.975074644,-0.03696815,3.0234721109,-0.238075274,5.6024187219,30.823383461,0.2012011576,0.0,0.0,1,0.2542977273,0,0.0,0.5885396141,3.0,0.1955942194,0.0185979121,-0.102480171,0.3316691219,0.1260210118,-0.856781882,-0.024662051,-1484.481254,0.0754152071,12.513465977,-0.062299301,0.0961391205,1.0433494835,0.1997077758,0.1199750702,-0.004755227,3.0,0.0067516879,1.1461142283,0.0482481197,4.0,14.196486974,-0.236002336,5.9029528213,0,-0.105045736,0.0760750324,0.0440204194,0.0521761441,0.4635467594,15.732756514,4.1906231e-09,5.0219781e-09,2.0561752341,4.2278565932,-0.03525686,0.0448857147
80237,1.1658294177,0.0612651221,-4.414247051,0.0,1.0257823031,1.8195407453,0.0348641033,0.5465749179,0.4248465687,0.216733621,0.7866454495,-0.038131591,-1.123028391,0.1300675937,0.038131591,21,-0.002560932,0.4235924933,0.1692540448,-0.404803677,0.185776009,0.6585177162,0.4180580367,0.0439898332,0.3830585489,0.3572996737,0,1.9926734716,-0.058666854,1.6437030978,0.0507230592,8.98351839,3.057722401,0.1700599591,0.0,0.0,1,0.9681133747,0,0.0,0.6857244096,5.0,3.1102085348,-0.128184878,0.256351963,1.980983876,-0.485945474,-1.914894185,0.2217164005,-5062.255647,0.0446872923,11.470241289,-0.001478553,-0.002972204,-0.005516877,-0.045483592,0.0966650929,-0.017606106,1.0,-0.015037594,1.4399849821,-0.067458387,4.0,11.195042324,1.3574927177,2.1055551372,0,-0.101630079,0.1117478833,0.0430000345,0.0710755283,0.9000147388,13.092113368,2.7215767e-08,4.9412983e-09,1.290915597,1.6664630786,-0.57946139,0.1148402431
80266,0.5810537896,0.0393529113,1.3809958441,0.0,0.079058181,0.4046272359,0.1229013227,0.0631270646,0.4430795364,0.0005735918,-0.030504497,-0.03874267,-0.630581306,0.0641681215,0.0387426696,22,0.0145022399,-0.112068966,0.1286398341,-0.212135778,-0.098759101,0.6002343919,0.5671095129,0.0131034509,0.0772829401,0.5153186407,0,6.0486292344,0.2109418529,5.6613265807,0.1879266823,1.6440371032,5.9494716135,0.9464731979,0.0,0.0,0,,0,0.0,0.5100674045,6.0,7.2711585286,0.0768480762,-0.250274662,0.2154403831,-0.62320739,-0.635027992,0.0564770786,-3165.388219,0.0410566741,13.909205646,-0.003283029,0.0026578657,0.0029868833,-0.027644471,0.3790104235,-0.027471663,0.0,0.0029268293,1.5452491089,0.2161064937,6.0,14.283608742,0.2121078136,1.5959376177,0,-0.131569503,0.0680218861,0.0229513794,0.029997633,0.4496264367,4.0554095595,2.2289428e-09,1.6488906e-08,1.0348101426,1.0708320313,-0.108396079,0.0488524238
21186,0.8813713684,0.0383583155,-27.92198642,0.0162858319,1.0256140659,0.8609100701,0.043563738,1.2968740093,0.2613114487,0.8357142857,1.0180841247,-0.038272911,-1.373496352,0.091043322,0.0382729109,22,0.0513346063,0.5563909774,0.1501955513,-0.36048649,0.0024335041,0.0762241187,-0.22573181,0.4694330462,1.705442556,0.3017795739,0,1.9232618343,0.0756825182,1.015625,-0.015351092,48.307724958,6.7344970414,0.1221661661,0.0,0.0,1,0.065469658,0,0.0,0.6378053311,6.0,0.0982383118,-0.196848433,0.4691763644,12.374286127,0.0289737223,-0.549190305,2.3752013325,7386.5448884,0.0681401166,16.178586642,-0.003750102,0.0106868961,0.0254164746,0.0956575149,0.0092913932,0.9916319765,0.0,-0.00155521,0.2004776549,-0.0508198,2.0,16.807474508,-0.076051241,1.8308525659,0,-0.105814909,0.0337478258,0.0202488915,0.0332853063,0.3137815403,2.239124579,2.553392e-10,1.3835338e-08,1.4004740469,1.9613275562,-0.030644006,0.02823336
80306,0.0864426871,-0.051646177,10.121757494,0.0,0.0699896042,0.0155524835,-0.802961596,1.801006835,-0.732236272,0.2176775198,0.2249759962,-0.071476257,-0.146894156,-0.044059655,0.0714762571,21,0.0073543663,0.25,-0.214817379,-3.701815015,1.008585575,0.8550724638,-0.139302059,0.0102525273,-3.068634317,0.585879685,0,1.5487544854,-0.439049443,1.5369147295,-0.443337739,0.1866103508,1.4339304531,-0.809342719,0.0,0.0,0,,0,0.0,7.0684064848,3.0,46.036263506,-0.208947231,0.0413767599,-8.733959989,2.8821776143,-0.42660587,-8.80141164,-4672.393157,0.0248274717,12.389390286,0.0,-0.097355857,-0.192156554,0.0092686753,0.5177826074,-0.020326482,0.0,0.001754386,-0.469911154,-0.075128802,2.0,13.889318384,-0.605082033,4.6189959245,0,-0.25352422,0.073482357,0.0306561659,0.0658063079,0.3339335751,5.2713088137,6.7140793e-09,6.4787178e-09,2.4799770923,6.1502863785,0.1088050632,0.1233217073
13006,0.8038244766,0.0583221628,-35.41158123,0.0145463866,6.5927593994,0.3657284269,0.0299160282,-0.000315653,0.0437508683,-0.019546229,-0.010652931,-0.002890569,-0.366648076,0.0797058715,0.0028905686,20,0.0002902001,-0.00304878,0.0285975666,-0.024528978,0.0015668159,0.1161944982,0.0267531315,0.000168817,0.0933835957,0.4451377991,0,0.7473023458,0.0506715698,0.7465826802,0.0501905298,2.0496572845,0.0856694401,0.0107433482,0.0,0.0,0,,0,0.0,0.4403178564,8.0,0.0047858099,0.0029467094,-0.046798814,-0.116398424,2.7509980407,,0.0001682303,-5344.767672,0.0286434127,12.430787782,-5.5276e-05,0.0011103783,0.0101711625,0.0283631488,0.0201101185,-0.142282101,1.0,-0.00973236,-0.138699309,0.0041566957,4.0,10.774453023,0.1314202791,0.2099118506,0,0.0654744878,0.0143964691,0.0058880824,0.0212417659,0.3447919859,0.4227153968,1.451633e-08,8.0765539e-08,0.3450421421,0.1190540798,0.6265261911,0.0220498836
80375,1.4377237122,-0.097616167,-116.78395,0.0044957508,2.1504179922,7.3543417688,0.0211221028,0.0048741735,0.395727247,0.0018241518,0.053253681,0.0293541864,1.0763743181,-0.202687701,0.0293541864,21,0.035386672,0.0111731844,0.1368912819,0.0630240971,-0.084508586,0.1171456597,0.0054058772,0.0435334388,-0.059725534,0.5077937375,0,3.4756737916,0.3784567648,1.1183842639,0.4112550723,641.76496872,11.601159898,0.0041920117,0.0,0.0,1,1.0,0,0.0,0.9014252418,2.0,-0.164250716,0.2956001541,-0.158603759,0.8541247025,-0.736389957,-0.055480323,-0.461964126,-2015.386992,0.0457306398,12.420750823,-0.001782091,-0.000976582,-0.002297711,-0.910706961,0.0089203856,0.0009343678,1.0,0.0030150754,0.016685355,-0.0047006,0.0,12.662382442,1.3574927177,1.4760470846,0,-0.034541484,0.07834398,0.0310645529,0.0559737838,0.4490058346,3.4588875617,1.6670575e-08,1.2132182e-08,2.2432840235,5.03232321,-0.048655425,0.0622318385
80343,0.4449685783,0.0210535497,0.5397668623,0.0131466184,1.3810585388,1.2518906431,0.0606265658,1.7161111577,0.4031028727,0.076744186,3.9161270316,-0.046129944,-2.73713034,0.0786798592,0.0461299436,21,0.0757633715,1.2675980656,0.309199209,-0.342135631,0.0456746222,0.0795354149,-0.432041997,0.6163878933,0.1368617439,0.430549461,0,1.7645532639,-0.025798784,1.0997979622,0.072590546,13.093255085,4.9524219787,0.093618189,0.0,0.0,1,0.0424415804,0,0.0,0.6314218382,4.0,7.1050599801,-0.399256676,1.129392369,0.0793551717,0.238738045,1.536965107,0.0709888163,-4060.720539,0.0410566741,12.913749751,0.0021005723,0.0065294665,0.0266847293,0.0587930231,0.0557377869,-0.030638964,0.0,-0.002702703,1.4810459857,0.1846115729,4.0,13.760546557,0.5486088683,1.9694768699,0,-0.131569503,0.0787746087,0.0336651581,0.0426789322,0.3122923447,2.9161602403,8.6668864e-09,1.2306707e-08,1.7105301565,2.9259134164,-0.032865959,0.0533280035
80316,1.1651110281,-0.06733703,-5.331898469,0.0,0.7488506315,3.0912572108,0.0364510777,-0.040398481,0.4091262742,0.0384112951,0.021718109,-0.036589483,-1.063044865,0.004245254,0.0365894826,21,0.0,0.0,-0.015600261,0.0685260021,0.0128211969,0.4069429685,-0.092819738,-0.00078341,-0.076693094,0.3314625628,0,1.5288656334,0.0170099566,1.5288656334,0.0170099566,18.832199398,4.9789968291,-0.063135467,0.0,0.0,1,1.0,0,0.0,0.6427134894,5.0,-10.13945335,0.1401311756,-2.441466149,4.9431337973,-0.245928758,0.1119278668,0.9988175319,-3955.050758,0.0288563477,12.13408283,0.0016587997,-0.000300704,-0.000478979,-0.074112357,0.0362742238,-0.000190906,0.0,0.0818108504,-0.283188315,-0.003620182,2.0,11.9344094,-0.36147151,1.0950244378,0,-0.111549313,0.056603834,0.0154275978,0.0321990163,0.3963004453,2.0720319696,1.1429063e-08,1.8647553e-08,1.0862063683,1.1798442746,-0.034463777,0.0524071542
80362,0.7533677466,0.0609214814,-3.262780198,0.0,0.6220344093,2.9973473141,0.0790233861,0.1062200964,0.2449884805,-0.011387925,0.2544222235,-0.007185467,-0.154435256,0.0703299059,0.0071854669,22,0.0343555359,0.3333333333,0.1046775264,-0.020486931,-0.044328842,0.2575900717,0.1114967935,0.0520917907,0.0079013958,0.5570289748,0,2.1122219253,-0.131553428,1.1885413187,-0.164368299,26.458954672,6.1596725177,0.1289796966,0.0,0.0,1,0.1200901481,0,0.0,0.4052773151,4.0,26.151739533,0.0195926004,0.3342914243,0.1440236409,-0.331228794,0.2206030722,-0.022450438,-1096.627521,0.0463645568,13.858425217,-0.001177083,0.0108304936,0.0197729253,0.0823892557,0.0267218829,-0.004763469,0.0,0.0031020869,0.9710320177,-0.102635073,5.0,13.930910088,0.3127913381,1.1182460515,0,-0.034541484,0.0369997807,0.0141604946,0.023311298,0.2273238663,0.8941248475,2.2862591e-09,2.5327721e-08,1.3461464766,1.8121103364,-0.020263492,0.0358056152
80368,0.4415183489,-0.029580747,10.394977623,0.043771511,0.2811084671,0.4388001181,-0.069911791,1.4213003712,0.4634916383,0.5800475059,2.1126146064,0.102044697,1.7611969112,-0.081678268,0.102044697,21,0.0922798148,1.0291262136,1.9485801995,-2.514089224,-0.514597081,4.6606110652,0.1300712929,0.1757299759,3.3337725082,0.2462581672,0,1.674517125,0.8575736566,1.1836361025,1.3520730256,12.736615283,3.2314226839,0.0142679233,0.0,0.0,1,0.6194752846,0,0.0,1.5040205854,3.0,3.6802713831,0.2258440112,0.8618856833,1.2566728072,1.832141637,-2.065658247,0.0099705391,-4944.058307,0.0446872923,11.554433211,-0.004294781,-0.002221287,-0.003538658,0.0725404423,0.0051353712,0.0041879295,3.0,-0.105263158,1.0460423895,0.0301742507,0.0,12.228777767,-0.126702476,1.1729504224,0,-0.101630079,0.1299435198,0.0376958286,0.0397429659,0.8065930238,3.8827497887,9.0204837e-08,4.0881012e-08,0.9443809288,0.8918553387,-2.532741672,0.0883173895
80341,0.3807675388,0.0229277699,2.4225039965,0.0,0.4635541447,0.6039954937,0.0933382616,0.3227412005,0.2637390898,0.1929254048,0.1067790858,0.0564667377,1.8257225181,-0.018931976,0.0564667377,21,0.026686002,0.0405286344,0.1663979835,0.0534867956,-0.168936295,0.2011168728,-0.191351742,0.0365560305,0.7348589879,0.2886395675,0,1.5784789574,0.3002863118,1.0170355385,0.4889038983,4.8718855464,12.166256704,0.0634066438,0.0,0.0,1,1.0,0,0.0,0.6478620161,3.0,3.1151133161,0.0413036102,-0.126711896,1.1959219971,-0.480173181,-1.55425138,0.0727168309,-4619.646957,0.0446872923,13.300449468,-0.006149255,-0.003601608,-0.007107662,0.0362877168,0.0833392194,0.0015792149,0.0,0.0019144863,1.5342880943,0.1776990705,2.0,14.045133445,-0.198793725,1.9557344784,0,-0.101630079,0.0197572894,0.0189494157,0.0332109457,0.3591034965,3.6280116578,2.7781548e-09,1.0936241e-08,1.2033709642,1.4481016775,-0.198303057,0.0652723987
80336,1.01490319,0.1140199006,-57.02429937,0.0342102199,11.216773235,0.6080069763,0.0292261758,0.0418881334,0.0472214346,0.0611270296,0.0336290879,-0.000737491,-0.077525158,0.1228593114,0.0007374906,21,0.0031461537,-0.051369863,0.3078892038,0.302638199,0.0445783107,0.1155865229,0.3955601596,0.0035981683,0.1428092899,0.3793099494,0,0.6243316703,-0.050431329,0.6088240095,-0.056772868,3.3637147335,0.1031283789,0.0134425581,0.0,0.0,0,,0,0.0,0.6242423276,6.0,0.0333481306,0.0067519118,-0.095119897,0.0946802891,0.4777601158,,0.0433216702,-5427.889882,0.0286434127,11.422075822,0.000194867,0.0028424865,0.0336321081,0.009014839,0.0146196571,-0.019357365,0.0,0.0041998266,0.7964040443,0.0500004962,3.0,9.7985269661,-0.024772946,0.1659758681,0,0.0654744878,0.0179927573,0.0105478298,0.0108852957,2.1904643941,0.3796182274,1.86201e-05,2.4646239e-07,0.1127225068,0.0127063635,0.9024739368,0.0304681797
80357,0.7085419308,0.0392843304,-0.021903295,0.0,0.2954986123,0.8950837792,0.0489718421,0.233457772,0.381070894,0.0,1.5236960883,-0.044088079,-1.020179372,0.0793613939,0.0440880793,22,0.0267435382,-0.005479452,0.0854325032,-0.639193522,-0.029724284,0.1865844767,-0.154293938,0.1214268968,0.0166831673,0.4863180396,0,1.8181772254,-0.709186899,1.3603112054,-0.730042245,4.8521406971,5.6866256295,0.3907489771,0.0,0.0,0,,0,0.0,0.4424199018,4.0,-0.34589144,0.0219333004,0.024698969,0.3973987978,-13.2120462,-0.394220876,0.1082222603,-1452.647068,0.1187585399,11.1766173,0.0073440112,0.0225393833,0.0342408313,-0.00515828,0.237561409,0.0494319688,1.0,-0.013797452,-0.689518586,-0.033637416,5.0,7.4173702088,0.1333601137,0.156387943,0,-0.051660395,0.0663531721,0.0404397148,0.0553569886,2.166922081,3.2954022415,9.7853694e-06,4.8424757e-08,0.373425259,0.139446424,-0.657483734,0.0397199689
80303,-0.467861017,-0.092052249,-19.27830427,0.0,4.6885848676,6.1802302853,0.0472008782,0.347449871,0.1756108384,0.2994280686,0.4460884852,0.0533777557,2.3312693498,-0.306650835,0.0533777557,21,0.1383473925,0.25,0.1679053569,-0.058865397,-0.023912584,0.091225375,-0.097775762,0.3056272014,1.2285067873,0.4849388083,0,1.8003021685,0.1755978816,0.7586206897,-0.08139056,92.673789174,10.097314915,0.0251542193,0.0,0.0,1,0.4016309888,0,1.0,-2.198190045,1.0,-0.205365349,0.0316103881,0.2520651918,-1.346835221,-0.00155307,-1.014193151,-0.408009851,-1430.55274,0.0979159386,13.634913397,0.0027223973,0.0015454168,-0.007737614,0.2708687264,0.0211749759,-0.004658442,2.0,0.0995850622,0.2487856534,-0.003468167,0.0,16.113720088,1.050479379,8.917222992,0,-0.200344257,0.0508475117,0.0349530222,0.0586327809,0.6656534318,61.413279121,6.785958e-10,1.2562678e-09,2.7826814517,7.7433160614,0.0385041042,0.0721350163
14653,1.0540681723,0.1185094681,-27.85657935,0.0589596293,11.054447593,0.5603387649,0.0310823555,0.0009996898,0.043115594,0.1952753229,-0.009566539,-0.001441822,-0.149796262,0.1362617433,0.0014418224,6,0.0007090828,-0.014778325,0.0041620879,-0.076046077,0.027893017,,,-5.4189e-05,0.4126517782,0.5077558171,0,0.8652911734,0.0762517902,0.8635452099,0.0752039409,1.413164508,0.0698370027,,0.0,0.0,0,,0,0.0,0.7110923921,7.0,-0.003064402,0.0012894039,-0.058528359,0.1338452714,-0.926696687,,0.0567241021,-5368.020672,0.0286434127,12.256695762,-0.000235981,0.0022415734,0.0185098158,0.0094082974,0.109173013,0.2292236375,0.0,-0.001360236,-0.794827676,0.0002922267,4.0,9.7061890237,,0.0731384333,1,0.0654744878,0.0456241593,0.0184307163,0.0232369722,0.7131052663,0.4505899334,2.4974403e-07,1.8509763e-07,-0.050958073,0.0063391694,0.8311989262,0.0316000215
80485,0.2762205683,-0.276652383,0.4977969163,0.0,0.9520668708,0.3822092236,-0.660679561,-0.150205189,0.1896867965,0.0055059567,0.021524493,-0.111531499,-0.538942732,-0.127552592,0.1115314986,21,-0.035195697,-0.040816327,0.4082163735,0.7558589976,-0.347079135,0.8261515602,0.6590957334,-0.032038277,-0.461964282,0.8923143528,0,6.2477035436,-0.23356241,5.6472782416,-0.217719039,0.3811483755,9.8474342389,-0.289723495,0.0,0.0,1,0.2300712301,1,0.0,0.3219099036,3.0,49.053615269,0.0234677279,-0.249439567,-8.544182108,-0.505194716,-0.42660587,-8.884904576,-5248.626437,0.0248274717,12.053776855,0.0005691345,-0.051734383,-0.779083829,-0.052403296,0.8620776082,0.0033199094,1.0,0.1829268293,-0.305215354,0.0857308973,5.0,12.658397149,0.7445014213,2.0174049772,0,-0.25352422,0.0853658468,0.0345395849,0.0665398,0.6203825452,6.4895352277,1.5183206e-08,9.8953612e-09,1.6016308761,2.5652214634,0.139240363,0.0806553713
82541,0.423048593,0.0106450075,5.7011302837,0.0,0.200336565,0.4468856022,0.0265234488,0.2927534801,0.4300918156,0.0087104313,1.4306012823,-0.072013883,-3.739713775,0.0504542885,0.0720138826,21,0.0008181438,0.2641509434,0.2060463563,-0.102588636,0.1493985722,1.3297197791,-0.137710249,0.0374666798,0.0581706896,0.2627976677,0,2.106710311,-0.367366802,1.7134440028,-0.382681024,5.4353792704,6.7619219133,0.2942048018,0.0,0.0,1,1.0,0,0.0,0.5092584874,5.0,-10.12775501,0.0123293949,-2.177315206,4.2010713623,0.3855000633,-0.794793319,1.0450265665,-4024.370038,0.0288563477,11.91355327,0.0411086418,-0.124896098,-0.182255211,-0.013902678,0.1089455447,-0.025697159,0.0,-0.025258324,8.6410052323,-0.21297781,5.0,10.161314601,0.2194594882,0.2319630944,0,-0.111549313,0.0465889722,0.0162538606,0.0318732127,0.5430673489,0.5883863826,1.1187987e-07,9.5451342e-08,0.9129730598,0.833519808,0.2723421063,0.0550750665
80415,0.2407049402,0.0445049987,243.47172044,0.0047857885,0.2076941226,0.2539895346,0.0934404294,0.2454878471,0.2506462,0.0038158789,0.2822934282,-0.027852875,-0.252968911,0.0557633798,0.027852875,21,0.0285010548,0.1111111111,0.1869687755,0.0833901636,0.0566842639,0.0617112682,-0.119898041,0.2312942722,0.2153869097,0.4627630367,0,1.9863633408,-0.295816853,0.7106611911,-0.354817536,141.91748736,9.3889431839,0.3379487999,0.0,0.0,0,0.0,0,0.0,0.4362121903,6.0,0.4544060775,-0.00115571,0.1004888261,-0.117151121,0.5121040406,-0.347987915,-0.01517335,1423.8959768,0.1711251104,15.111567618,-0.007229216,0.0156255568,0.0284471368,0.0128406472,0.0033058196,-0.178086487,0.0,-0.001607717,1.1933398045,-0.033746668,6.0,16.225718131,0.3318349679,3.1242699143,0,-0.067940389,0.0207105204,0.0114900377,0.0222808803,0.3528391834,4.6503454648,2.943036e-10,9.0972789e-09,1.5340373768,2.3532706734,-0.047785215,0.0329487926
80478,0.8053579472,0.0977214068,-59.01746888,0.0194255972,8.3466507468,0.4572915698,0.0236810706,0.2727981187,0.0509182297,1.2215568862,0.2824419347,-0.005384482,-0.457272461,0.142406715,0.0053844822,22,0.0013163982,0.3238866397,0.3724438341,0.0577467343,0.0154991634,0.0815838494,-0.161161208,0.0183939645,0.2363271175,0.6118164029,0,1.0199603503,-0.023239316,1.0157527847,-0.023804333,3.4168491907,0.0607323201,0.0162764014,0.0,0.0,0,,0,0.0,0.5708311839,6.0,-0.00845016,0.0040093748,0.2892473254,-0.043205686,43.250901134,,0.0560180247,-4962.415117,0.0286812661,12.123990536,0.0002184671,0.0027960162,0.0274043862,0.0063310063,0.0153433152,0.0803907799,2.0,0.0021840022,-0.863546587,-0.004986078,6.0,11.194874647,-0.121434311,0.452899525,0,0.0654744878,0.0201066788,0.0064551087,0.0160195755,0.99646711,5.5163950215,1.9235956e-08,2.8350946e-08,0.1825802299,0.0333355404,1.2024881987,0.0307345198
92873,0.8480935055,0.0800314528,-51.47357646,0.0151599963,10.985533032,0.4756906961,0.0242653613,0.093514021,0.0379652684,0.0090777052,0.0937683491,-0.003357878,-0.48397169,0.1187644103,0.0033578783,16,0.000609473,-0.043165468,0.0195308316,-0.07777373,0.092204969,,,-0.000193508,0.1166973765,0.4696128752,0,0.7680252131,-0.03757727,0.7655164663,-0.038357276,2.2835892514,0.0633552032,,0.0,0.0,0,,0,0.0,0.5508686496,6.0,0.0159780891,-0.000299504,-0.086915502,-0.072129395,-1.251078497,,0.0392267691,-5438.456422,0.0286434127,11.25782128,-9.7783e-05,0.001678698,0.0224109918,0.0022460262,0.025554967,0.0536263903,1.0,0.0,-0.863546587,0.0041984208,4.0,10.260358893,-0.033351291,0.3105183105,0,0.0654744878,0.0430403352,0.0162988244,0.0197593103,2.1904643941,1.0830286622,1.97911e-05,1.5029626e-07,0.0259319735,0.0006724672,0.5327132906,0.0356875252
80539,0.0178636752,-0.026509356,7.0078721882,0.0,0.1992720203,0.0986833824,-0.096752183,0.0163257979,-0.011011974,0.1263756073,-0.227181893,0.2010847482,1.6338378218,-0.069821344,0.2010847482,21,-0.00114136,-0.015730337,0.3477414199,-0.270473026,-1.297809248,0.1662687585,-0.143408936,0.0288888838,-1.404124445,0.7022642243,0,4.4998204444,0.7138724838,4.2975939544,0.726931947,0.7636555261,55.643748267,-0.090814536,0.0,0.0,1,0.5173630864,0,0.0,0.4843219915,5.0,48.439078835,0.1092806205,-0.224353577,-8.802539001,1.7873678693,-0.401063492,-8.827173328,-3513.517957,0.0248274717,14.574728155,-0.000327111,-0.017962761,-0.233710362,-0.049942526,0.5961522195,-0.051547952,1.0,0.0273722628,-0.410056126,0.0318969465,4.0,15.262513949,0.0741286318,2.2501363784,0,-0.25352422,0.0661099404,0.0254491494,0.04115467,0.2576851594,2.3763896027,1.106583e-09,1.2125376e-08,1.1206666772,1.2558938013,-0.157533625,0.0644914155
46392,0.5831716756,0.0714125567,-1.649938171,0.0,1.3123635915,0.7855409302,0.0702533428,-0.388724853,0.0531669719,-0.053218267,-0.478227905,-0.051476998,-1.800833137,0.2000146552,0.051476998,21,0.0026045177,0.0859140859,0.0546589023,0.5859314262,0.0560814148,0.818890326,0.0108344544,0.0057437326,-0.004398321,0.7103785775,0,1.8198487443,0.3569989525,1.8007071284,0.3476752194,1.4678948638,0.7420947281,0.0735239989,0.0,0.0,1,1.0,0,1.0,0.2759036202,8.0,1.4071879161,0.0822103215,-0.001946487,0.148628075,-1.652919794,-0.311846811,0.172010121,-6346.497234,0.0558672041,13.381925466,-5.7888e-05,0.0016145416,0.0068515316,-0.032063654,0.1758832271,-0.008943666,1.0,0.0052473763,0.8982114037,0.2088870613,4.0,14.010575177,0.6615477897,1.6247703936,0,-0.168614603,0.0632911399,0.02795402,0.031990156,0.5458363913,4.3533237135,3.681174e-09,1.2358854e-08,1.1443016617,1.3094262929,-0.022393163,0.052272017
80587,0.2020483307,0.0253548824,-7.426872708,0.0272113755,2.0169594081,5.9165747015,0.0524622618,-0.062833953,0.3080787548,0.0133333333,-0.048069122,-0.011287959,-1.021016949,0.0512426471,0.0112879591,21,0.0,0.1296296296,0.2208896882,0.0670248233,0.1037864473,0.1613955079,0.2266706777,-0.03499245,0.4459343093,0.4477989604,0,1.1866064231,-0.0034926,1.1866064231,-0.0034926,90.149816658,8.0620242194,0.0710987344,0.0,0.0,1,1.028337132,0,0.0,4.7655308156,6.0,-355.637092,0.3563577419,-0.050747357,-2.157367196,-1.431880845,-0.704027349,-0.086125647,-2978.430318,0.2277833408,10.870607733,0.0027051535,0.0047891075,0.0557964971,0.1232193895,0.027438393,-0.02409902,0.0,0.0071325862,-0.12094951,-0.014789622,3.0,8.0616445831,0.3004699415,0.0911286427,0,-0.166303822,0.0564663224,0.0248918002,0.048148344,1.3295848033,0.801883986,2.8018604e-06,2.0000002069,0.9221336812,0.850330526,-0.22760547,0.0636912462
80569,0.7584066706,0.0881826124,-16.6828982,0.0286139375,8.7402096046,0.4117373323,0.0181814399,0.10259931,0.0422492042,0.0119832235,0.1042720672,0.0376002269,3.8616833015,-0.252350709,0.0376002269,22,0.0366649424,0.1541950113,0.1578402289,0.088067323,-0.003889033,0.1286526435,0.0690495787,0.0387856796,0.0836811873,0.6593692937,0,1.218163042,-0.009985008,1.1145609309,-0.045047829,0.8267447107,0.0555054869,0.0122855418,0.0,0.0,0,,0,0.0,0.5200685005,4.0,0.0146756059,0.0027450256,0.119555697,-0.090156963,43.250901134,,-0.338739399,-4942.080467,0.0286812661,12.171075815,3.62293e-05,0.00227499,0.0298325646,0.0151808674,0.0524310407,0.0078068517,0.0,0.0,-0.208059307,-0.002076192,2.0,10.567142051,0.096199465,0.4295032614,0,0.0309120536,0.0212102402,0.0094883122,0.0209756888,0.5558678763,0.8165659525,3.8544593e-08,6.3160321e-08,0.3070548988,0.0942827109,0.2723345239,0.0222558328
80524,0.5326830926,-0.168725685,1.2789236401,0.0,0.0582598269,0.3552776136,-0.63043002,0.5726381864,0.3756999639,0.459560731,0.2016975849,-0.120812379,-0.346097757,-0.110330104,0.1208123788,21,-0.028015482,0.1564885496,0.0506203661,-0.143706649,-0.019639512,1.0910348644,-0.134150509,-0.024950325,0.6275940737,0.6522216184,0,8.760663713,0.678838326,7.60689775,1.1841154736,1.1107927792,9.5622288194,-2.847979015,0.0,0.0,0,,0,1.0,0.4313583159,2.0,47.445520657,-0.122907456,-0.05213469,-8.287719583,1.8387868097,-0.414680754,-8.867682088,-5311.646067,0.0248274717,11.408451229,-0.00703457,-0.037844928,-0.042410714,-0.01958849,0.4193956156,-0.023923453,4.0,0.0148619958,-0.309276962,0.072663446,5.0,11.398247199,0.0657492962,0.6638595949,0,-0.25352422,0.1093502492,0.03602457,0.0549557058,0.7859579382,1.5252429031,3.4100928e-07,7.1094106e-08,1.4285760463,2.0408295201,0.0237900001,0.0543229308
80534,0.8604865838,-0.021728718,-10.73695559,0.0300421544,1.5194136183,6.5108340781,0.0117217431,-0.11349234,0.3366009721,0.0041666667,-0.080394531,-0.030648925,-3.571790541,0.0558817106,0.0306489252,21,-0.039070314,0.1278577477,0.141808866,-0.095208755,0.0188313376,0.2764380942,-0.003944572,-0.054975629,-0.166465192,0.5946055089,0,1.1947006765,-0.255220505,0.8065960803,-0.22071559,50.66057404,7.4429572442,0.1067560061,0.0,0.0,0,,0,0.0,0.8643603783,6.0,3.787530735,0.5207043639,0.0203731178,0.3506336843,-2.588134498,-0.036361964,0.0147835442,-10433.51764,0.0588548821,10.104492755,0.0063037352,-0.003116895,-0.011043934,-0.954296447,0.0243966205,0.0592552819,2.0,-0.033057851,7.5459062967,-0.205338083,2.0,8.7175920192,1.0430038573,0.2503050211,0,-0.156910843,0.0754717439,0.0318768095,0.060570831,0.9911043203,1.509379752,2.3027194e-06,9.6684686e-08,0.6334892795,0.4013086673,0.4312839482,0.1035217677
80498,0.5331912686,0.0564076122,-18.82134575,0.0062667032,5.3475998381,0.3312554255,0.0396359393,0.1007261055,0.0564596012,0.0667782293,0.0955248512,0.0115043676,1.1445135966,-0.008151667,0.0115043676,21,0.0032740944,0.043699187,0.3154433074,0.1597289061,0.0536590939,0.0922561208,0.498697196,0.0018202396,0.2678533698,0.5756534077,0,0.9174804125,-0.035765702,0.8698546755,-0.034817123,1.3348399556,0.0808039962,0.0135844508,0.0,0.0,0,,0,0.0,0.7172660799,4.0,0.0421517781,0.0088379422,-5.0847e-05,-0.387031632,-0.756620158,,-0.087689308,-4811.997462,0.0286434127,13.905070955,0.0005615831,0.0030018822,0.0321034575,0.0162980008,0.0451126277,-0.136560796,1.0,-0.000695652,-0.262857758,0.0671425704,4.0,13.997118207,-0.265213661,1.2538351851,0,0.0654744878,0.0394736715,0.0163560402,0.0231451535,0.538716496,3.9383079036,2.3172295e-09,1.6839402e-08,0.7802156634,0.6087364814,-0.07805602,0.0281041307
80563,0.5101563422,-0.21455169,0.3854991302,0.0,1.5474771207,2.3834213643,0.0807818688,0.0240106301,0.3206876768,0.0176633928,0.1798222632,-0.205046533,-1.943420742,0.2024125144,0.2050465329,21,0.0,-0.042938438,-0.112454493,0.0953950639,-0.296688376,0.2327012462,-0.611971924,0.1524049321,-0.268873945,0.2906071037,1,0.8863126523,-0.370408524,0.8863126523,-0.370408524,12.414289343,62.245350569,-0.034891964,0.0,0.0,1,0.655818514,0,0.0,0.8616785338,3.0,3.8773854759,0.0916141538,-0.113664542,-0.813189807,-0.456422131,0.4203911707,0.1226262719,-1110.002579,0.0889184991,14.089505288,0.0061763656,0.001032693,-0.007139641,0.0691000137,0.0434633876,-0.526049194,3.0,-0.008343266,-0.106754262,0.0392567366,3.0,14.921785575,-0.207561137,2.1992281717,0,-0.017965162,0.025439132,0.0129577298,0.0250454991,0.33675489,3.984916045,7.316424e-10,1.0230323e-08,0.9860771651,0.9723481756,-0.053231597,0.0343444743
80575,0.5096523269,0.0374985923,2.7704157015,0.0157393629,0.0646903986,0.4439484847,0.136949708,0.0203982119,0.3875670739,0.0052143209,-0.024338134,-0.003830427,-0.058081881,0.0396765811,0.0038304273,21,0.0195331031,0.0605664488,0.064869204,0.0426733966,0.0165972567,0.1331179025,0.0250861251,0.0274314633,0.0263717506,0.5706785107,0,6.3962531753,0.1619755978,4.1042866215,0.1436502729,2.8894651316,8.1741889909,0.8208746745,0.0,0.0,0,,0,0.0,0.4381851918,7.0,-0.000680057,0.0821266505,-0.317192449,-1.467957637,0.2812664567,-2.263948357,0.1754847294,-293.2548535,0.0506976226,14.412045911,0.0019351363,0.0216858445,0.0247848142,0.0042175988,0.2528993402,-0.019071915,2.0,0.0,1.0446303143,0.0208471465,6.0,14.094929648,-0.170564693,0.650875777,0,-0.060001469,0.0234042853,0.0104949737,0.0182625607,0.353976267,1.1188084933,1.5426007e-09,3.5656198e-08,0.9786491792,0.9577542159,0.0753057935,0.0209498948
80640,0.148586945,-0.075868656,4.7411857919,0.0,0.0074042511,0.0,0.9227535636,2.3874659401,0.0,-0.81675762,0.9012797075,-0.284533509,-0.395720922,-0.045845841,0.2845335088,21,0.0,1.6666666667,,,,0.0609318996,-0.536917563,0.0275523036,-3.068634317,0.96448601,0,24.162019231,2.0351646617,24.162019231,2.0351646617,0.0,,-13.41902962,0.0,1.0,0,,0,0.0,0.0,3.0,,-0.029412831,1.4740690676,-8.671815731,5.348844281,-0.42660587,-8.803197826,-5266.446257,0.0248274717,12.730450652,0.0,-0.270443337,-0.289408969,0.0012762721,0.9734194038,,1.0,0.0,0.0025128798,0.0063643642,3.0,13.848762825,0.0996406191,2.0701946605,0,-0.25352422,0.0449129045,0.0268959747,0.0611960515,0.3786067789,3.0038486429,8.421604e-09,1.2718585e-08,2.0221796762,4.0892106427,-0.122251403,0.1231822496
80625,0.9638402815,0.2831439033,-18.89103586,0.0,7.0364356008,0.3293976775,0.016815183,0.116109967,0.0435766275,0.1063537807,0.0230627757,0.0712654974,0.9948091826,0.0028202103,0.0712654974,21,-0.003344327,-0.017211704,-0.043865625,-0.172068699,0.069682712,0.1216066008,0.2247057806,-0.005607466,2.3214619032,0.4919293419,0,0.8117007167,0.106225978,0.798767847,0.1148672136,0.9513777351,0.0682047758,0.0810465088,0.0,0.0,0,,0,0.0,1.0764052214,6.0,1.6526060852,-0.001180205,-0.060961738,0.0436173806,-1.16830862,,-0.076717431,-5221.553122,0.0286434127,12.678160337,0.0018384824,0.0006614671,0.0056229752,0.0080813464,0.0119007655,0.0075954645,0.0,0.0018399264,-0.269334589,-0.007174515,1.0,10.917604549,-0.293612729,0.3271587151,0,0.0654744878,0.0245587602,0.0131773655,0.0267786496,0.9172771768,2.1028280683,3.8279281e-08,5.1707204e-08,1.3054944418,1.7043157376,0.1368113152,0.0425162108
89099,-0.190943679,-0.131514259,0.5747754202,0.0226302268,0.8308630341,0.8438284581,-0.718876708,-0.204723966,0.7133864482,-0.147984677,0.1316626099,-0.161250144,-1.068080976,0.0089536192,0.1612501439,21,-0.011890183,-0.077192982,-0.210839572,0.0051075643,0.0336257541,1.0815090824,0.3481268795,-0.016761246,-2.683981988,0.6965001063,0,1.0420766237,-0.31191218,1.0309405549,-0.304085139,2.1251951869,5.1999101023,-0.113952811,0.0,0.0,0,,0,1.0,6.1056609842,4.0,-10.09573077,0.0315929703,-2.518659131,3.5870790906,-1.320558515,0.1119278668,1.0035258971,-4179.583398,0.0288563477,10.731586812,-0.000608987,-0.071710271,1.0433494835,-0.018217499,0.5061277212,0.0016055064,1.0,0.0079312621,0.9540357592,0.0101649719,2.0,9.6955293926,-0.785789537,0.3034407706,0,-0.111549313,0.0305344146,0.040316728,0.0595884635,0.997321797,1.2054382627,5.6748277e-07,9.2629694e-08,0.5683319451,0.3230011998,2.8223223692,0.067578356
80633,1.1909684636,0.1331276611,-11.19350688,0.0308508335,9.0462040846,0.5033015804,0.0362044732,-0.10976501,0.0519316335,0.0101694915,-0.109306915,-0.016255481,-1.350453991,0.3129104424,0.016255481,21,-0.00525428,-0.030769231,-0.079154976,-0.028449725,0.0446722174,0.1565454025,-0.286293345,-0.004548104,0.1062086301,0.5442395701,0,0.8393074987,-0.094964575,0.8288817313,-0.091348607,0.5982116053,0.0764064824,0.0159194258,0.0,0.0,0,,0,0.0,0.564457478,5.0,-0.628169798,0.0004839031,-0.074519265,0.2707455627,0.2230089846,,0.2333728012,-5443.054822,0.0286434127,10.930437323,-0.000947121,0.0014538981,0.0121492281,0.0001356607,0.0167373008,0.048761366,2.0,-0.013914909,0.4569532602,-0.012923526,4.0,8.3129008549,0.0734167561,0.1343438847,0,0.0654744878,0.0479484722,0.0201052226,0.0154869268,0.9823750233,0.6902096882,1.1573497e-06,1.4410351e-07,0.417776614,0.1745372992,-1.718023705,0.0353046932
91421,0.2000101916,-0.050764149,5.3724142273,0.0,0.3395077456,0.0055389142,-0.206452404,-0.023589744,0.0092307692,0.0462785242,0.0625812603,-0.011572392,-0.121658483,-0.044588259,0.0115723923,9,0.0,-0.142857143,-0.333333333,,-0.039488966,0.0008829722,-0.585919989,0.1297435897,-0.104858701,0.5805569853,0,0.6181783244,-0.755701903,0.6181783244,-0.771823859,0.0629524709,,-0.152966885,0.0,0.0,0,,0,0.0,-0.056147744,3.0,74.77710871,-0.008301797,-0.207206564,-0.646085458,-1.377013629,-0.258104017,0.1298118801,-708.6202931,0.1121772916,9.9347705416,0.0411086418,-0.154654572,-0.46849866,-0.011304992,0.9734194038,-9.4,0.0,-0.12949868,-0.766909912,-0.020587122,4.0,8.7692522288,0.3928989883,0.4491417319,0,-0.172615822,0.0653265715,0.0279600458,0.053544905,0.9025844894,2.4176037849,8.3542311e-07,3.5891281e-08,0.599330538,0.3591970937,0.4787799393,0.0707802694
80759,0.453956834,0.0394120401,4.6829152585,0.0110858592,0.8876215825,0.8858177312,0.0718611264,0.0686594389,0.2933700189,-0.000152068,0.1442376217,-0.037073693,-1.22326593,0.087623446,0.0370736931,22,0.0088754273,0.0957446809,0.2886967884,0.2843357373,0.0459829239,0.2753641033,0.344667723,0.0300328846,-0.05229237,0.2268410184,0,2.5078146642,0.121786315,1.8195982865,0.1148740228,19.752728683,5.0220204745,0.0941581454,0.0,0.0,1,0.0045129301,0,0.0,0.7432908208,7.0,0.1477847011,-0.088632396,0.0478634774,-0.285058726,0.2818949299,-0.182807072,-0.046552397,-1294.133058,0.0794318232,14.367981511,0.0024016229,0.0087930783,0.0226978237,0.0114952042,0.0333774384,0.0870825815,0.0,0.0010210333,0.6503031555,0.0019550207,5.0,14.126766697,-0.272967545,0.7279750364,0,-0.075760491,0.0494417772,0.0167345339,0.0209141829,0.2807422571,0.7809852869,1.9509235e-09,3.2772531e-08,0.9663353439,0.9338039968,-0.025100438,0.0202175718
80774,0.349217504,0.0480672131,34.95739218,0.056851761,0.6533023227,0.5649375325,0.0758270032,0.0390549616,0.153926262,0.0292583447,0.0486906745,-0.019896557,-0.407218787,0.0676410853,0.0198965573,21,0.0,0.0728578443,0.1113914304,0.0375160462,0.0118681132,0.0536067163,-0.008334291,0.0394716623,0.0216478004,0.3950922055,0,1.4854117879,-0.137669268,1.4854117879,-0.137669268,37.033582906,6.287661966,0.1250417691,0.0,0.0,1,0.2320491225,0,0.0,0.3495586807,7.0,0.8251486784,0.0794726629,-0.051512458,0.0137790791,-1.337879348,-0.361688929,0.0350487577,839.42692069,0.0772902197,14.687118159,-0.001260187,0.0112651924,0.0377018018,0.0053905741,0.0161648347,-0.121435356,1.0,-0.000110962,0.4629677144,-0.031986956,5.0,15.172503787,0.2000022956,1.5137012788,0,-0.045482084,0.0312779024,0.0145015535,0.022822547,0.2580275292,1.6264964428,7.244382e-10,1.5277386e-08,0.9916970657,0.9834630702,-0.046275921,0.0271224968
80828,0.7168579583,0.0634241455,-0.691103619,0.0288438579,0.3995967988,2.0970140054,0.1115246142,0.1574366146,0.2514635879,0.003284218,0.4456093356,0.0204120861,0.3348765432,0.0421848869,0.0204120861,21,0.009357414,0.0853658537,0.2192295321,-0.222202769,0.0147020159,0.1252418097,0.027869566,0.0269114877,0.0383588833,0.6514967887,0,2.3815650316,-0.182808626,1.7659757733,-0.141066445,12.44478117,4.2299095263,0.2381764732,0.0,0.0,0,,0,1.0,0.3479298038,5.0,3.7664558474,0.1162495497,-0.022118776,0.2070050588,-1.429313882,0.4600723584,0.0010867205,-10253.01837,0.0588548821,12.393447922,-0.000501568,0.0114211139,0.01848211,0.0352296452,0.1493356178,0.0112808679,0.0,-0.001471098,0.9246630507,-0.08236618,2.0,11.92734797,-0.077705537,0.5326987485,0,-0.156910843,0.0478326343,0.0152874264,0.0244532777,0.4909918801,1.1981553965,2.5172748e-08,4.7001358e-08,0.8845670286,0.7824588281,-0.05283871,0.0358666476
80791,0.4713384097,0.0383071436,3.7795726084,0.0171412019,0.1628448523,0.5408733445,0.0582838457,-0.064823559,0.4129292643,-0.061263572,0.0236869374,-0.014676251,-0.251389511,0.0479371577,0.0146762511,21,-0.004449847,0.0348258706,-0.018289224,-0.188705222,0.0265052521,0.1983883038,0.0407519858,0.0080845881,-0.091949137,0.3992264794,0,2.9501046139,-0.205008817,2.221504256,-0.215032025,5.2344422473,5.1725986683,0.3171695029,0.0,0.0,1,1.0,0,1.0,0.5383588651,7.0,3.1016781385,0.0393809858,-0.13241466,1.286492868,-0.356817166,-0.771363568,0.1395859646,-3954.376407,0.0446872923,13.760124378,9.32421e-05,0.0099677286,0.0142652402,-0.006653068,0.1871954323,0.0061130869,1.0,0.0,1.535842074,-0.07854905,6.0,14.417088615,0.3053825612,2.2737538543,0,-0.101630079,0.0446236506,0.0260537037,0.0316535488,0.5467639639,10.06034713,1.3722891e-09,7.8775951e-09,0.6381607489,0.4072491414,0.0599515446,0.0344216804
80795,0.4028008751,0.0131762935,52.37092256,0.0,0.2758380782,1.2216407842,0.0543022016,-0.078005964,0.7067480169,0.0324533637,-0.231536447,0.1124895068,6.0441810345,-0.06646361,0.1124895068,21,0.0,-0.076923077,-0.035850815,-0.013811316,0.0021753495,0.2051580517,-0.113444044,-0.006914866,0.0670766602,0.2453389514,0,0.8351127074,0.2709657178,0.8351127074,0.2709657178,149.96937251,10.408762152,0.1316233881,0.0,0.0,0,0.0,0,0.0,1.3572478311,5.0,-355.5757515,0.0183058456,-0.257300064,-1.956614651,-2.182142283,-3.39269878,-0.203831904,-2050.591268,0.2277833408,14.358267526,0.0016226604,0.0130764928,0.022249111,0.0204681041,0.0856061197,0.0047455553,0.0,0.0002633658,0.9493244906,0.085667613,1.0,15.173799681,-0.122319595,2.0383215137,0,-0.166303822,0.0255842153,0.0138097718,0.027818411,0.3264668447,3.0205977454,7.831237e-10,1.0948834e-08,0.6598292478,0.4353746363,-0.635772762,0.0644277628
80812,0.210351543,-0.124730092,3.5897384146,0.0,0.2092753558,0.6233706526,-0.195486837,0.5221736415,0.7490630856,-0.816732138,-0.016288952,-0.27055473,-0.754098361,-0.030671334,0.2705547301,21,0.1450367135,0.3050847458,0.3450053406,0.5518843215,0.486260168,0.5866388309,-0.645902688,0.3628201124,2.3423392613,0.7179350123,0,1.9703341314,0.0638743909,1.2122410742,-0.131490912,3.8457044217,9.3035656923,-0.562452185,0.0,0.0,0,0.0,0,1.0,3.200752394,4.0,3.2247435216,0.1882690605,0.1378442155,1.0255060013,-0.696476148,-2.065658247,0.0609774727,-5072.711887,0.0446872923,11.417442695,-0.037415943,0.0961391205,0.2770568225,0.0803336157,0.6710551568,0.0011854254,3.0,0.5783234547,3.2615959874,0.051041618,2.0,13.59516231,-0.834932359,5.0272605052,0,-0.101630079,0.0392156467,0.0211115556,0.0461594788,0.5229013961,5.5335915107,2.1476873e-08,9.3549018e-09,1.1678190073,1.3638012339,0.4614817993,0.1431397169
80837,0.9053505935,0.2421410143,-7.637399055,0.0,8.8460159487,0.3421943164,0.0214975526,0.1688246423,0.0355289996,0.0189555126,0.1491408811,-0.011565145,-0.432108982,0.3467723215,0.0115651451,21,0.0,-0.08,-0.076116359,-0.204865032,0.1324195728,0.0485306615,-0.398419512,0.0134799574,0.4037666404,0.6681497303,0,1.2307029047,0.1687349893,1.2307029047,0.1687349893,0.303038576,0.0470354927,0.0312942562,0.0,0.0,0,,0,0.0,0.459597046,7.0,0.9986191724,-0.002123193,-0.123750034,-0.014872307,-0.757611863,,0.2672346803,-5433.607402,0.0286434127,10.918109692,0.0276041041,0.0010065177,0.0105364782,0.0136086545,0.0926107144,0.3550835025,0.0,-0.249486997,-0.674403099,0.0166096259,4.0,6.5547023567,-0.245222218,0.0477755308,0,0.0654744878,0.040856,0.0188987225,0.0504659005,2.1904643941,1.0535571066,2.21987e-05,5.0000003021,0.0635159669,0.004034278,0.7880017231,0.052311064
80928,0.6529144767,0.0214680583,-0.746707231,0.0,1.0429230515,1.3226995074,0.0375985052,0.5938659112,0.2722067807,0.0027150919,1.5503821593,-0.050139242,-3.285167017,0.0919942152,0.050139242,21,0.0799729431,1.380952381,1.2955197122,-1.095910609,-0.385957793,0.1712180043,0.1553068598,0.4279750553,-0.033628706,0.2861855717,0,2.1766929798,-0.65867198,1.3469877676,-0.771823859,36.255399672,9.1601503986,0.1536958064,0.0,0.0,1,1.0140836276,0,0.0,0.3855900585,4.0,24.350020555,0.2204496497,1.294405188,0.4585182937,0.6372781358,0.2040908016,0.0953301949,-7966.316735,0.0457936334,14.684531802,-0.000609351,-0.001839921,-0.004868434,-0.0674597,0.030777316,0.0447885952,0.0,-0.008896797,1.2467295278,0.0145088071,2.0,15.675007604,0.6909689795,2.2499630343,0,0.0957318355,0.0319767147,0.0153876488,0.0248961786,0.2365416969,2.0844899654,6.641458e-10,1.073114e-08,1.495924682,2.2377906543,-0.015434264,0.0416812594
80924,0.0662825461,0.0249597998,107.49621253,0.0,0.357548863,0.2115787095,0.138199406,-0.053056266,0.2908788008,-0.073832953,0.1584895848,-0.088268321,-1.540835008,0.0634187332,0.0882683212,21,0.0006427302,0.0601366743,0.1005502626,-0.042867462,-0.030620274,0.1764259869,0.1105753796,0.0128349151,-0.522957,0.134195792,0,0.6697862211,0.2927860139,0.6614030129,0.2891999841,28.303423953,18.95509092,0.1154091507,0.0,0.0,1,0.0873978579,0,1.0,0.8388512103,6.0,-0.157556138,0.0439488085,0.0203377965,4.4751282206,-0.68955202,-3.26405745,0.78583674,4931.681589,0.0314049921,16.790256819,0.0027811584,0.0198083484,0.372375152,0.0057536091,0.0187381439,-0.002116933,1.0,0.0,0.9721940436,0.0017878236,5.0,17.152046932,-0.064774078,1.666362722,0,-0.107492679,0.019480532,0.0116995819,0.0187024744,0.3864832906,3.1609805721,5.054013e-11,1.0913713e-08,1.0535915661,1.1100551881,0.0289285722,0.0207950855
80955,0.7501947178,0.076506408,4.6961538462,0.0,0.3464915386,0.53657155,0.0842499261,0.0679882779,0.3477676263,0.0076557004,-0.035383402,-0.028208463,-0.391485423,0.1064575515,0.0282084625,21,0.0025340936,-0.031746032,0.1419529837,-0.051018656,0.0546069214,0.0581843864,0.2413709029,0.1233235649,0.1236014635,0.5543480647,1,4.6266173752,0.0113829715,0.9630314233,-0.035565763,29.146153846,7.8325581395,0.3242863593,0.0,0.0,1,1.0,0,0.0,0.5195397423,8.0,24.432378077,0.0163177859,-0.118293225,0.5557985349,-0.745777673,-0.071887596,0.1097935312,-10929.25881,0.0457936334,10.473861492,-0.003522899,0.0146161259,0.0204301558,0.0059946183,0.0907305026,-0.038850843,0.0,-0.003602826,1.5594197621,-0.024518528,6.0,8.7074961563,-0.24331078,0.1650362681,0,0.0957318355,0.0157819428,0.0075491539,0.0124590147,0.7876423468,0.4280913789,3.0787779e-07,1.4396061e-07,0.2203143687,0.0485384211,-0.329642553,0.0330526374
80864,0.8650530003,0.0784013637,-8.24728823,0.0229400491,0.7826840845,2.2057057668,0.0833733688,0.0675112383,0.3570358262,-0.002000206,0.0729329399,0.0020424837,0.0417227456,0.0751302435,0.0020424837,21,0.0279490829,0.0642857143,0.1331121664,0.0080875939,-0.039935657,0.1290751026,0.0760060141,0.0539436044,0.0579156558,0.3533626445,0,4.7089619795,-0.014159407,2.0654797827,-0.012139372,98.414312618,9.1312248821,0.1633706893,0.0,0.0,1,0.0188093417,0,0.0,0.6553192588,4.0,-0.144245927,0.0210094403,-0.105491229,0.2814539906,-0.089700928,0.1981247534,-0.184146181,2527.7554782,0.0457306398,15.491173456,-0.001070357,0.0066829623,0.0127470674,-0.107125193,0.0126213853,-0.013013036,0.0,0.0025921126,0.1879750365,0.071810124,4.0,16.18654534,0.3105501298,2.0995456137,0,-0.034541484,0.036020644,0.0137338196,0.022082946,0.2918367428,3.4424968689,1.800078e-10,8.217641e-09,1.1090045407,1.2298910714,0.050876578,0.0237353149
80918,0.0627966005,-0.126370377,2.9177850678,0.0,0.4065166894,0.0819236798,-0.64385585,0.6281471256,0.28287597,0.007520334,1.821649935,-0.215042821,-0.644567717,-0.044916112,0.2150428206,21,0.0011489961,0.2345276873,1.3136454424,-3.701815015,0.3044361068,0.0232924685,-0.385773371,0.2516217572,-0.56445501,0.7747475665,0,4.2850063335,0.2626411623,4.274128314,0.2615938498,0.2988817312,12.553531023,-0.445688168,0.0,0.0,1,0.5468073062,1,0.0,0.5220114599,5.0,52.09464228,0.0215196909,0.0259044472,-8.757606075,-0.324923716,0.5733941298,-8.802268096,-4260.656177,0.0248274717,14.13253676,-0.012396318,-0.102122189,1.0433494835,0.0130232563,0.5160646997,-0.277724816,1.0,0.0017123288,0.0406567187,0.0428093281,4.0,15.637948861,0.260780178,4.2332509875,0,-0.25352422,0.0462249927,0.021955587,0.0473834637,0.4418217731,11.035142621,7.829394e-10,5.4967704e-09,2.1987677502,4.8345796193,-0.091549019,0.1267655235
80943,0.2984931085,0.0392678792,5.7180843585,0.0,0.1843058833,0.7089916727,0.1032139131,0.2665054262,0.6387102155,0.2500886779,-0.249247256,0.1613449243,1.775022771,-0.030433501,0.1613449243,21,0.0593624948,0.125,0.4937454996,0.0603704869,0.0415374152,0.3251924608,0.1987894877,0.0322341878,1.1994787549,0.6528610304,0,2.6028521333,0.7619603859,1.6541905319,0.8927692699,7.8384885764,4.2061534834,0.2280330279,0.0,0.0,0,,0,0.0,1.78743155,5.0,7.2815480615,0.2968546366,-0.013205697,-0.067120298,-0.379939672,-0.879260711,-0.038124543,-4199.380419,0.0410566741,12.52869244,0.0010574003,0.0164652261,0.0237021242,0.0026477023,0.2979419525,-0.029332976,0.0,0.0128755365,0.1978934592,0.0344197024,2.0,12.50411217,0.8736121911,0.7520035599,0,-0.131569503,0.0138122076,0.0058774356,0.01076917,0.5596986809,1.6590877874,9.5475369e-09,3.9258145e-08,1.3833435011,1.9136392421,-0.075260498,0.0613704507
80951,0.5622644435,0.0429070655,1.8052365763,0.0329431245,0.3799665649,2.7313572428,0.0821136113,0.0141260163,0.7246041934,-0.002444988,0.0599872456,-0.012991255,-0.283298587,0.0550625765,0.0129912551,21,0.0552792243,-0.042630938,-0.018689954,0.0987095961,-0.034105751,0.2171379849,0.0160629449,0.0630134788,-0.01468283,0.5326737359,0,2.2638309743,-0.064145309,1.2013419863,-0.154567817,73.048777246,9.2261297254,0.177911179,0.0,0.0,1,1.1281920327,0,0.0,1.1783275856,4.0,-0.1582269,0.0225180405,-0.212407881,-0.021334566,-0.601116453,-0.051145302,-0.204213848,-2009.456912,0.0457306398,11.828828742,-0.002143395,0.0140751322,0.0243112978,-0.03555065,0.030948207,-0.000361276,2.0,0.0033247839,0.315335118,0.1322869724,5.0,10.704488615,-0.10567407,0.3399526618,0,-0.034541484,0.0371025391,0.0238949335,0.0380382233,0.756994667,2.3616946164,5.520693e-08,5.2320839e-08,1.1250531941,1.2657446895,0.1134333758,0.0526715578
81010,0.5979782863,-0.028216933,3.0110574473,0.0,0.085983199,0.1772428367,0.0012895948,0.0420117597,0.1748268739,0.0347889699,0.288439069,-0.046903118,-1.115692514,0.0032644879,0.0469031184,21,0.0123136703,0.5975810885,0.5485639024,0.0473173964,0.0595685551,0.6883771874,-0.17462759,0.0444964652,0.012394256,0.2441819826,0,3.179314033,-0.486144674,2.6868888836,-0.515463366,1.6943031513,4.71850468,-0.035028383,0.0,0.0,0,,0,0.0,0.1945793782,4.0,7.0307152427,0.062378251,0.459375392,0.2323648798,0.2468078556,0.0744744517,-0.004426555,-218.8004889,0.0410566741,14.058502425,-0.003830039,-0.305513595,-0.390704568,-0.026140876,0.1589611167,0.0650947499,0.0,-0.002642507,1.3322194856,0.0210668743,3.0,16.116553602,0.2786999406,5.4223552818,0,-0.131569503,0.0885826796,0.0459205889,0.0583580609,0.5131705038,17.346269822,9.260483e-10,3.9470689e-09,2.1877704995,4.7863397584,0.0078182198,0.0695300282
80960,0.5750041984,0.0212251829,-10.73891047,0.0,14.559695586,1.6265837252,0.0329644098,0.0571207087,0.0421403543,0.0,0.0562433922,-0.005271139,-9.53021978,0.2235058404,0.0052711393,21,0.0008159705,-0.022727273,-0.071837359,-0.322653224,0.0881968151,0.1486925795,0.0790202943,-0.000340711,0.4563579973,0.6020181731,0,1.0288350219,0.0116649642,1.0157287105,0.0112320605,0.4864332299,0.0582704568,0.0023410279,0.0,0.0,0,,0,0.0,3.9821296707,7.0,0.0285302948,-0.003127596,-0.066477307,-0.345218703,-0.822391208,,0.1439681992,-5481.333382,0.0286434127,9.854003166,3.41554e-05,-0.000232567,-0.002873563,0.0288871529,0.0784894453,0.0070668439,0.0,-0.014809752,-0.614444213,-0.031210524,1.0,6.8172833356,-0.602588306,0.0960497835,0,0.0654744878,0.1000000015,0.0474236634,0.0593573111,1.8344051061,0.2853437034,0.0001049881,1.0000005944,0.2943676178,0.0866522944,1.3484393147,0.1108867475
80987,0.2460285962,0.0373391665,105.87816243,0.0071344518,0.1462936505,0.4001493073,0.1124683183,0.3409203824,0.2963669636,0.0204865397,0.5824109376,-0.07867552,-0.722570045,0.0643193297,0.0786755202,21,,0.0594939154,0.1373193553,-0.253392441,0.1053762932,0.1235203698,-0.151293488,,0.2289503985,,0,2.5733326133,-0.019544538,,,64.592288761,6.7222334022,0.5952795462,0.0,0.0,0,0.0,0,0.0,0.4324137118,5.0,-4.07475875,-0.26008359,-0.094300151,0.6792103141,0.3917631798,0.3146815006,0.0192387948,-2900.85763,0.2359138598,14.57820225,0.0012912671,0.0287397009,0.0432495733,0.0147143334,0.0115700387,-0.002982983,1.0,-0.007475,1.5431781176,-0.055941244,6.0,15.664278992,0.1664701233,3.2502420759,0,-0.179026286,0.0540322661,0.020010615,0.0319094648,0.3998756658,6.060446486,4.602685e-10,6.6093408e-09,1.2700367245,1.6129932815,0.0215271215,0.030588249
80957,-0.012612112,0.030761799,16.402236291,0.0,0.0945419948,0.1144149166,0.9227535636,-0.227003324,0.9732064946,-0.078091248,0.122144584,-0.203441568,-0.621399073,0.0498771523,0.2034415684,21,0.0,0.0208333333,0.1250418313,0.3065349243,0.0292142301,0.3445867288,-0.498614746,0.0253938996,-1.580166356,0.7895419377,0,0.8892419367,-0.281166296,0.8892419367,-0.281166296,2.0441363497,13.178556467,0.3621693018,0.0,0.0,0,,0,1.0,4.7446221139,6.0,-1.522189616,0.1547124065,-0.292198428,0.101432058,0.1278262528,-1.694669793,0.1372839783,-910.3735712,0.0278203388,14.951226548,0.0096447975,0.0961391205,-0.757446546,0.0041722421,0.6803208636,-0.032128565,2.0,0.002472299,1.2945664169,0.0334224924,6.0,15.446407956,-0.01359624,2.047988404,0,-0.111549313,0.0255673472,0.0131588897,0.0260464129,0.4265025792,4.0211656111,5.331055e-10,1.2680914e-08,1.0875164166,1.1826919563,0.0474015649,0.0343512153
80969,0.3448851711,0.0362976947,5.1334116268,0.0,0.7843567372,1.4654827329,0.0714960192,0.1878020334,0.2005265618,0.2137491616,0.0512235632,-0.109631247,-3.141060198,0.1503109386,0.1096312469,21,-0.000619341,0.0471204188,0.0502973491,-0.137358281,0.4091022265,0.1282200104,-0.049365877,0.0914472302,0.6859705062,0.5451661393,0,1.5060766474,0.3343997695,1.4637851028,0.3484644997,33.70745429,6.9788977112,0.1780615948,0.0,0.0,1,0.9994736933,0,0.0,0.8242626544,7.0,-4.079482962,-0.378085033,-0.106673647,0.7780668891,-0.255620019,-0.869817003,0.1052304038,-5165.04968,0.2359138598,12.661073759,0.0084779109,0.0144586033,0.0389118756,-0.012539898,0.0235530464,0.4087784221,0.0,-0.000556483,0.9704314152,0.0107791796,2.0,13.685842891,0.3981963418,2.2677360953,0,-0.179026286,0.0705882087,0.0444897304,0.0518859107,0.5141328072,5.6037654192,1.0327425e-08,1.1593046e-08,1.6827512517,2.8316517752,0.1023434199,0.0629924287
80990,0.76978089,0.0872657163,-37.63203477,0.0185507923,8.1939416337,0.5723202712,0.0454164759,0.2032070442,0.0722378565,0.0010307829,0.2114901686,0.060882647,5.7256292449,-0.412385421,0.060882647,21,0.061298975,0.1662921348,0.0130939462,-0.185094886,0.0451213188,0.2229324482,-0.098742834,0.0738847845,0.1215806629,0.6194784782,0,1.0947664423,0.0988536182,0.9354924407,0.0427474487,2.7510229733,0.0884199876,0.0169390849,0.0,0.0,0,,0,0.0,0.7841087076,4.0,-0.001998972,-0.00588476,0.1225421008,-0.150442011,-0.474290943,,-0.491923062,-5154.292672,0.0286434127,12.927874132,0.000161095,0.0027310131,0.0322333587,0.0129041834,0.0249675308,0.0326482097,0.0,-0.000946074,1.5811702239,-0.053504377,2.0,13.213954854,-0.4761125,1.1552423576,0,0.0654744878,0.0308832601,0.0193447495,0.0256111622,0.4008516515,1.501323625,1.0628362e-08,2.8694181e-08,0.6742360827,0.4545942952,0.1715421912,0.0340468619
81084,0.3611915784,-0.005910542,70.877262032,0.0,0.1308199958,0.4581490941,-0.013932203,0.1444966392,0.1417850596,0.2888711607,-0.343711391,-0.0431155,-3.3625,0.0139636554,0.0431155,21,0.0543173379,0.4086021505,-0.048163182,0.3332865454,-0.449400765,0.1241283124,-0.30316086,0.1393217232,0.5665812148,0.4711765079,0,3.8637417514,0.8098657499,0.5627786695,0.3972214822,59.689839572,14.065020161,0.0128798051,0.0,0.0,1,1.0,0,0.0,0.2415438297,5.0,-0.05819029,-0.034592863,0.2388252076,-0.222407431,0.0787839209,-1.055480323,-0.245312769,-2088.866272,0.0457306398,11.656085973,0.0147039443,0.0129497092,0.0220380064,0.0658026793,0.0127309006,-0.153573575,0.0,-0.01010101,1.9838681998,-0.08844783,3.0,10.474125789,0.1998339357,0.2336235049,0,-0.034541484,0.049562633,0.0249096704,0.0401629057,0.8057725575,0.6610192784,4.6886824e-07,1.4027222e-07,1.0905933437,1.1893938413,0.2519469627,0.0645668814
81095,0.8953476027,0.0522069212,-26.94193277,0.119866142,5.6556116125,0.3169665003,0.0277844325,-0.013505465,0.0379741054,0.0050613302,-0.0018273,-0.00365471,-0.461734612,0.0763126636,0.00365471,20,-0.000212691,-0.004930524,-0.009718731,-0.042440631,0.0066807965,0.0925793383,0.0319948074,-0.000494197,-0.081392494,0.5866677586,0,1.0971667854,0.01214876,1.0941913971,0.0124394112,1.5628733808,0.063520653,0.0112055762,0.0,0.0,0,,0,0.0,0.2587236191,7.0,-0.023309341,0.0015568837,-0.048680558,-0.024875298,-1.255242255,,-0.003224978,-4311.628692,0.0286434127,14.171780609,-8.7902e-05,0.0016367199,0.012048486,0.0037552224,0.0107024045,0.125151593,0.0,-0.003076923,-0.197396013,0.0111328766,6.0,14.234734048,-0.029492535,1.0833775142,0,0.0654744878,0.0316409357,0.0125162037,0.0170511858,0.2713652301,1.7834738932,1.198695e-09,1.9482385e-08,0.696453271,0.4850471587,0.0271324285,0.0168518463
50972,0.6896558831,0.0246144661,-0.939920768,0.0,1.4763090295,0.3105045024,0.0332947516,1.468436031,0.2245374129,0.4677601554,1.7055569747,-0.004506507,-0.280641423,0.0315223049,0.0045065066,17,0.0,1.0384615385,1.5006779988,0.0962366977,0.1406196943,0.1343557155,0.488209027,0.1266503866,1.0341745581,0.1303976534,0,2.7859635332,0.0962084593,2.7859635332,0.0962084593,4.1200747148,2.5454068915,0.0546327466,0.0,0.0,1,0.7230896829,0,0.0,0.5233717016,7.0,-0.119710383,-0.052448561,0.9986626607,5.0985015576,1.0240727328,-3.169646034,0.7539403118,-12655.97255,0.0314049921,14.61957258,-0.008330395,-0.010613975,-0.032720241,0.0902848787,0.0084716724,-0.346519984,0.0,0.0014295926,-0.555871339,0.0218704622,1.0,15.333129697,0.2864074968,1.9679102922,0,-0.107492679,0.0208461173,0.0081818857,0.0160997712,0.2980566464,1.4000820507,6.112773e-10,2.0680875e-08,1.2493600403,1.5609005102,-0.11907348,0.0636157385
81055,0.9862216811,0.0968206001,-24.89665221,0.0163520209,5.7746712912,0.5224985085,0.0237960832,0.0397444184,0.0279820096,-0.03367355,0.0332818914,-0.016111516,-1.103549627,0.2036669372,0.0161115164,21,0.0013467524,0.0965173655,-0.012698544,-0.069651123,0.0018690783,0.3223880597,-0.003504218,0.0003602111,0.079268877,0.5136051889,0,1.1939634393,0.0608238621,1.1904946611,0.0588695184,2.5186240371,0.1162255074,0.0216179771,0.0,0.0,1,0.466208771,0,0.0,0.1873562668,6.0,-73.60523499,0.0046809083,0.053285304,0.2201731003,-3.784112694,0.7678123886,-0.274790865,42145.700146,0.1473165608,17.433018994,-1.9987e-05,0.0036005282,0.0239610793,0.0070892033,0.0261651259,0.012440663,1.0,0.000413679,0.6750023501,0.0874993848,4.0,17.585360889,-0.057820649,1.3278057563,0,-0.258063742,0.0370370187,0.0175137375,0.0199414778,0.3206370825,2.040356499,6.732824e-11,1.7207969e-08,1.0909966649,1.1902737229,-0.024374238,0.0231288457
81182,0.7915635178,0.0615731454,-0.033810203,0.0,0.2171021605,1.2378475144,0.1065852003,0.0642093067,0.1422682079,0.0055050263,-0.039217902,-0.056886267,-0.903774367,0.1172213759,0.0568862666,21,-0.000313279,0.4007092199,0.0371020199,0.5623996389,0.441061474,0.0761504488,0.0277447787,0.124781074,0.0965858836,0.6433980403,1,1.8900132714,0.0518692128,1.851526211,0.0519172992,4.8296133918,148.08907823,0.5244106289,0.0,0.0,0,,0,0.0,0.1868034672,6.0,3.7232353863,-0.367342721,0.3299831159,-0.531782631,-0.285187055,0.6883890376,0.0374351335,-2157.740159,0.0889184991,10.730830076,0.0032272369,0.0176050238,0.0261204819,0.0409770645,0.2339504689,-0.135339659,2.0,0.004623303,-0.712192294,0.030959215,6.0,8.9791343734,-0.019093107,0.1073433115,0,-0.017965162,0.0309689771,0.0168399357,0.0164546553,1.6301114967,0.5367513505,3.4853979e-06,2.4497352e-07,0.4187365002,0.1753402566,0.0807945648,0.0341935465
81184,1.1439135742,0.0227513135,-183.1412575,0.0,0.9040248478,1.1547555582,0.0299713239,0.0478064175,0.1340005289,0.0086931737,0.062462863,-0.02481189,-2.182469136,0.0724053531,0.0248118897,21,0.0518666463,0.0577777778,0.1371481678,-0.217680013,0.5291134476,0.0764083185,0.0679644081,0.0851680252,0.0365065307,0.5022352334,0,4.0891316189,-0.26706121,1.1915656088,-0.330633355,1031.9492386,7.0743710638,0.1236647428,0.0,0.0,1,0.7973174367,1,0.0,0.2185861609,7.0,-0.156699201,0.0558799438,0.0598429696,0.2649393695,-0.305314024,-1.794087331,-0.028953663,-2305.20408,0.0979159386,11.488578447,-0.028739011,-0.047325269,-0.083248676,-0.136460885,0.0012793446,-0.029681515,0.0,-0.019848771,4.2687637204,-0.111881742,3.0,11.498086977,1.0834154303,1.1020916778,0,-0.200344257,0.134355247,0.0406921313,0.05611124,0.7399376222,3.7598420176,8.560651e-08,2.0799759e-08,1.8357015544,3.369800197,-0.046199381,0.062407498
81173,0.5146597217,0.0396166505,1.2588453926,0.0,0.2635318501,0.5317869053,0.1099178507,0.0390939199,0.1591662459,0.0076674535,-0.062551496,-0.085400365,-1.667994367,0.1056970002,0.085400365,21,-0.020643065,-0.086858432,-0.092242854,0.7656788195,-1.723049246,0.0990758657,0.0407357818,0.0734873912,0.1029789907,0.6944413486,0,8.5495435098,0.0816060011,6.9611891905,0.136916736,1.7752549197,148.08907823,0.2865154588,0.0,0.0,1,0.0019726348,1,0.0,0.2252836775,7.0,74.77710871,0.0403674816,-0.151207854,-0.331435928,-1.351433539,0.3069272079,0.2800971396,1029.7022269,0.1121772916,14.205419681,-0.005837659,-0.008615537,-0.012968806,-0.066905958,0.3494568349,0.0810602693,1.0,-0.016456922,-0.09870607,-0.040477321,5.0,15.308514231,0.6107518748,3.0483785265,0,-0.172615822,0.0783972666,0.0333636337,0.0550077714,0.3594213125,4.6481332052,1.515312e-09,7.3330947e-09,1.574110368,2.4778234508,0.028713528,0.0521551117
81128,0.6304378213,0.1034814037,-2.059555421,0.0,2.7102454133,4.2678668498,0.1565839037,-0.066942967,0.6512206095,0.0034231921,-0.116375026,-0.145486696,-4.865222985,0.6069415077,0.1454866964,21,0.0,-0.063157895,-0.103074574,0.3658141073,0.109658853,0.1684323113,0.050926069,0.0187791798,0.2285076873,0.3543151714,0,0.9029569334,-0.015682287,0.9029569334,-0.015682287,6.7742169506,16.883160426,0.0764625326,0.0,0.0,1,1.0,0,0.0,4.2165747194,5.0,0.3917960501,-0.095874914,-0.088230863,-1.048121348,0.0180619293,-3.39269878,1.8850400198,-940.57762,0.1078503062,10.838656019,-0.006328515,0.0023609118,0.0113165552,-0.485001445,0.1873061358,0.0007955715,1.0,0.0466472303,0.1267118859,-0.037703074,4.0,12.57866778,0.0265152243,3.0572598,0,-0.219751184,0.0913242176,0.0517642519,0.0627405562,0.7271738158,18.202120445,2.9270024e-08,5.2737985e-09,2.7013656086,7.2973761515,0.1360712393,0.1406920277
88379,0.0988010836,0.0343681478,15.454390194,0.0362528699,0.0967757637,0.7173743525,0.3626263253,0.0691547323,1.2669235112,0.0011495054,0.0740711478,-0.12691606,-0.698876288,0.0583872314,0.1269160601,15,0.0076266245,-0.030232558,0.1256597577,-0.451750426,0.0149627965,0.2923168597,-0.144703739,0.0362799658,0.0643825373,0.6101747898,0,1.4805968994,0.0153097977,0.9599744518,0.0558985537,13.782028926,33.023349173,0.5173136261,0.0,0.0,0,,0,0.0,3.9091205399,7.0,1.4401534906,0.2925533368,-0.2105636,-0.162030687,-0.861414039,0.5760415722,0.4257603888,-4605.92349,0.1116949983,13.380020602,0.014253174,0.060509475,0.1139112275,0.0184860925,0.4017272743,-0.002139397,0.0,0.0007541478,3.1001010902,-0.05523307,5.0,14.642330432,-0.263844648,2.9508622646,0,-0.152504436,0.0500992164,0.0160547125,0.0240274027,0.2981622425,3.2952709324,1.7611714e-09,1.030851e-08,0.7210806333,0.5199572797,-0.304130849,0.0511482605
90359,0.6921252838,0.0315155278,-37.71425098,0.0102298032,5.3159365745,0.2589546372,0.0288211888,0.4207831007,0.0569151689,0.3349476337,0.4037813862,-0.007568868,-1.230005577,0.0702798027,0.0075688676,12,0.0014949663,0.2564102564,0.2642102011,-0.18967082,-0.004931879,0.0763088313,0.0453619311,0.0131084509,0.6029896681,0.5254603594,0,0.8713625714,0.0139164836,0.868090427,0.0129968373,2.0703485104,0.0626793257,0.009153433,0.0,0.0,0,,0,0.0,0.5577619827,5.0,-0.07668644,0.0014347031,0.2126602224,-0.228097617,-1.099666411,,-0.009257839,-5214.019872,0.0286434127,12.560164326,0.0001788811,0.0021888241,0.019803842,-0.002431961,0.0599116827,-0.034148581,1.0,-0.002512563,-0.461790433,0.0110459328,4.0,10.703340414,-0.160041289,0.3884096115,0,0.0654744878,0.0552070364,0.0189272216,0.0213207029,0.6403261205,0.6096158786,9.2128731e-08,1.4624702e-07,0.8221335712,0.6759036088,-0.050446552,0.0274238606
88865,0.651458258,0.0721380671,-22.22045162,0.0128283769,5.4300128557,0.2362976109,0.026047569,0.3851706687,0.0512380958,0.0046596562,0.4237475615,0.0067887105,0.492739767,0.0365927727,0.0067887105,17,0.0056215836,0.5396475771,0.0696477934,-0.186763005,0.0467400615,0.2814764493,0.1159399457,0.0121667568,0.1299730583,0.5062316556,0,0.8196798422,-0.126530136,0.8137078105,-0.132615933,1.038737999,0.0601107817,0.0183126759,1.0,0.0,0,,0,0.0,0.3901933271,3.0,0.0333898966,-0.005138367,0.4958975431,-0.268764643,-0.64026618,,-0.042944868,-4802.525722,0.0286434127,13.521971402,0.0012300359,0.0035154391,0.0295278589,0.0148767641,0.0558444569,-0.011457861,0.0,0.0015873016,0.8938179791,-0.03252292,3.0,13.542952992,-0.291052133,1.2578731409,0,0.0654744878,0.0330188125,0.0180115631,0.0292112248,0.4212094975,2.5180397792,3.2476905e-09,1.5927179e-08,1.0239727091,1.048520109,0.0473039553,0.031416852
85205,0.4618503667,-0.33763865,2.4420095694,0.0,0.230192498,0.9511979836,-0.324042343,-0.078243398,0.8298507463,-0.01298056,0.107172471,-0.27589091,-0.589481746,-0.138606829,0.2758909102,19,0.046061475,0.1,-0.118328539,-0.215527261,-0.026994861,0.1065794536,0.1245667454,0.0621699196,-0.149253731,0.6408375786,0,2.5678305667,0.0527217431,1.9397061629,0.0241152429,7.5427204375,3.7816997944,-1.486866699,0.0,0.0,0,,0,1.0,1.1468720229,2.0,47.248656067,-0.179866621,-0.10862324,-8.358552309,0.0547266339,-0.42660587,-8.895958813,-5524.163637,0.0248274717,10.008086241,0.0,0.0500041532,0.0719923463,-0.027419614,0.0964481663,-0.012122793,1.0,0.1414703879,1.3572745255,-0.104764235,4.0,7.8151356022,-0.336373345,0.0908026462,0,-0.25352422,0.1065573692,0.0412911704,0.0339056108,1.378950559,0.137716993,2.87241e-05,1.0000009519,0.3761667647,0.1415014349,2.8223223692,0.0613507664
81220,0.6938877763,0.0728146772,-5.143214182,0.0,1.1803782167,5.1146807595,0.0786785595,0.0430498608,0.4031513323,-0.04464222,0.0661209593,-0.018153272,-0.457626447,0.1061365992,0.0181532721,20,0.0166993331,0.0392156863,0.0334118208,-0.007369316,-0.016473038,0.3834672349,0.2259801208,0.0118883043,0.0060160297,0.640693872,0,1.5083236166,-0.005143202,1.3609622382,-0.018663386,32.312787192,4.0606419601,0.0972657518,0.0,0.0,1,0.9826337251,0,0.0,1.0418960048,5.0,-0.144493633,0.168739526,-0.130561257,0.1102887665,-0.698276061,0.5169222234,-0.153139825,-1171.276682,0.0457306398,13.717876247,0.0013384811,0.0096743698,0.0312981401,0.1090124196,0.0862952028,0.0009940307,0.0,0.0050290135,0.4048595682,-0.061880731,5.0,13.888232978,0.0853434056,0.846623984,0,-0.034541484,0.032178212,0.0330231977,0.0255491459,0.3572161918,1.6680600683,3.7555618e-09,3.0291848e-08,1.4594116272,2.1298822977,0.0076929342,0.0329193446
81222,0.7220102225,0.0501064634,-6.954677189,0.0256175803,0.9778934578,1.6409739438,0.0614358568,0.0836970562,0.946461765,0.0046456066,0.1234625391,0.0245825351,0.8017776026,0.0099322233,0.0245825351,20,,0.0,0.0172712111,-0.098701934,-0.023419158,0.4867328874,-0.030238313,,0.0341215183,,0,,,,,68.460217665,48.216514994,0.4854015009,0.0,0.0,1,0.4639705359,0,0.0,2.0908041451,2.0,-10.13710552,0.0510878702,-2.441466149,4.5000329918,-1.041539414,-0.395712654,1.0045045012,-2310.078998,0.0288563477,13.567629018,-0.003234188,-0.001315213,-0.002884316,0.0211695143,0.0197673148,-0.097872509,0.0,0.0004123711,7.2656528725,-0.306664424,5.0,15.178546398,0.183517784,5.9494713579,0,-0.111549313,0.0729927048,0.0436048616,0.0486317814,0.495377425,15.708970683,1.6714452e-09,4.6267825e-09,1.062818704,1.1295835976,-0.101065536,0.0472350696
81241,0.7980779207,0.0179567374,0.2143052082,0.0341191901,0.1611308141,0.6978997562,0.0325663356,-0.023628666,0.2773334978,0.0107152464,-0.055790276,-0.038376996,-2.07481893,0.0552137162,0.0383769962,21,0.0091721879,-0.019931271,0.1446832129,0.0655131133,-0.031282215,0.6011229244,0.2859095321,0.0029471568,-0.016867609,0.381732128,0,3.2689166834,-0.005814,2.3882329258,-0.031584334,3.6665583145,6.3935313715,0.2997511018,0.0,0.0,0,1.0,0,0.0,0.335020509,5.0,0.6268824108,-0.462234464,-0.195840586,0.4682159331,0.7263785625,0.214889506,0.1415106163,-1505.055443,0.0767661838,13.38335341,0.0034599852,0.0085192498,0.010397227,,0.1984363934,-0.020309917,0.0,,0.4073130642,0.0019224409,3.0,13.464366539,-0.170597895,0.8362043838,0,-0.045482084,0.041455999,0.0181009681,0.0294392035,0.4149200689,1.7345267434,6.8355434e-09,3.3843876e-08,1.2117601865,1.4683627496,0.0433804912,0.0299770053
81254,0.8549106782,0.1199157008,-1.580001051,0.0,10.060216842,8.2257963184,0.0443692251,0.667927756,0.0342796987,-0.003759797,0.7343651412,0.0043898048,0.3195691203,0.0815943458,0.0043898048,21,0.1450367135,0.078878177,0.0197164221,-1.273684992,1.4731065444,0.3654822335,-0.203949656,0.403131888,0.1496815287,0.8101674359,0,1.6401439424,0.3302724377,1.1554378249,0.0207891968,12.030376586,59.416338414,0.0170756868,0.0,0.0,1,0.0733197556,0,0.0,0.2521713955,6.0,0.0205982792,-0.684757167,0.0134175687,0.3854596277,-1.276217336,-1.215617208,-0.002232942,-5983.144036,0.0567968909,13.142577069,0.002006777,0.0047026834,0.0551778243,-0.954296447,0.5687968442,-0.000207098,1.0,0.0153908465,0.4083119299,-0.026991632,1.0,13.287942237,-0.14318158,1.2228024838,0,-0.168614603,0.0268378276,0.0161010704,0.0284886784,0.4146204642,1.9805607818,5.6771756e-09,1.9060714e-08,1.2208339099,1.4904354357,0.092289646,0.0339968214
81292,0.9193005951,0.0280984814,-3.784001236,0.0274967819,0.9812148092,0.535677351,0.0360541244,-0.038064448,0.1317327825,-0.001545744,-0.076174409,-0.056997135,-3.931428122,0.1385656413,0.0569971354,20,-0.000145526,-0.006499536,0.0076147043,7.00434e-05,-0.016714801,0.074503423,0.5055947174,-0.012879424,0.0062409957,0.4088052846,0,1.7913680643,-0.017054458,1.7123193002,-0.018668742,4.4009686858,13.894964854,0.1123670558,0.0,0.0,1,0.3771241518,0,0.0,0.2581350864,6.0,3.7606321122,-0.320758818,-0.07722564,-0.404045554,0.233197249,-0.5535162,0.0587793989,-1292.791039,0.0889184991,13.489682267,-0.002849669,0.0054369458,0.0111325445,0.0057575172,0.0563351939,0.0663881357,1.0,0.0016620499,-0.294751466,-0.030386804,4.0,12.146137748,0.1453704778,0.2096862916,0,-0.017965162,0.039356932,0.0183095472,0.024734841,0.4413091672,0.5955661733,1.9459176e-08,1.0320394e-07,1.0918251747,1.1920822122,0.0694456584,0.0272169718
81282,0.2492734635,0.0289658933,16.639904917,0.0,0.5442016509,0.4356670147,0.0920475313,0.1003947436,0.3425832609,1.251001596,0.115219605,-0.046123043,-1.205831853,0.0638938901,0.0461230425,20,0.0,0.033033033,0.1748365182,0.0997453484,-0.097271528,1.4361000663,0.1770696257,0.0093938167,0.0693607066,0.1530667774,0,1.1041455482,-0.125513446,1.1041455482,-0.125513446,13.145353876,4.1830774867,0.128137965,0.0,0.0,1,0.6271360444,0,0.0,0.9866505792,4.0,-10.13368442,0.0869130272,-2.408433116,4.0272962327,-0.979454636,0.0097541376,1.058466168,-1902.023268,0.0288563477,14.667952324,-0.003099306,0.0083387025,0.0246925956,-0.004381353,0.0463453135,0.0004301653,0.0,0.0004734848,1.8250255243,-0.032571742,5.0,15.152096018,-0.205292394,1.1517734389,0,-0.111549313,0.0362615436,0.0144094436,0.0222278401,0.2030969608,0.649714357,1.4045163e-09,3.0054694e-08,1.2345769118,1.5241801511,0.0609031208,0.0260048098
81278,0.5790720699,0.0852397124,0.6567775832,0.0070572242,0.3426591868,1.698170363,0.144850616,0.1051136897,0.3842355283,0.0120516499,0.0626495847,-0.048186592,-0.523143217,0.1298322898,0.048186592,21,0.0109930541,0.043956044,0.1809775012,0.3118804102,-0.075786115,0.1239349886,-0.163757397,0.114135639,0.1179704556,0.5413155474,0,2.1342550398,0.0269014565,1.5432455395,0.0087318708,16.013815917,6.8793573303,0.3657088253,0.0,0.0,1,1.0,0,0.0,0.6516421526,6.0,-4.425795444,0.0474293929,-0.021032175,0.228356366,-13.33311632,0.6213911216,0.0397865122,-9273.055261,0.0604618429,12.147322701,-0.016033762,0.0139022805,0.0233265865,-0.114544707,0.08510067,-0.030403674,1.0,-0.006501744,0.0869427219,-0.077538394,5.0,11.580886394,0.0884687456,0.5750350631,0,-0.156910843,0.0186287928,0.0164793691,0.037448601,0.5247610423,1.2758956336,2.7934816e-08,3.939136e-08,1.3095689588,1.7149708578,-0.016109493,0.0514681723
81501,0.2811434176,0.0317832828,5.3467144249,0.0191925411,0.0850339235,0.3129350026,0.1495380464,0.0833165246,0.7390832205,0.017177182,0.0546951792,-0.049143243,-0.544410407,0.0490864327,0.0491432426,20,0.000673802,-0.004217037,0.0608106379,-0.059008933,0.0062832979,0.2650651682,0.0156985403,0.0248453538,0.0922817677,0.5852345971,0,3.8271480313,0.0408787702,3.1283912831,0.0738974138,2.6398142587,6.1477198029,0.5963381334,0.0,0.0,0,,0,0.0,0.9705908801,6.0,-10.09342803,0.09797842,-2.445683186,4.0591661868,-0.874369405,-0.4446635,1.0436587106,-259.5961484,0.0288563477,15.073783471,0.0109417106,0.0159167478,0.0207015557,-0.003937226,0.2910160354,-0.013742286,0.0,-0.000359842,0.0984446926,0.0532005066,8.0,14.453156714,-0.162516214,0.5618574603,0,-0.111549313,0.0231046714,0.0156224342,0.0170148516,0.3919404069,1.4418302918,6.746765e-10,3.3018647e-08,1.0487789012,1.0999371836,0.1262987632,0.0241790782
87532,0.4143999554,0.0834115976,0.6275948584,0.0,0.8739637486,0.8267747431,0.0542870301,0.038207685,0.1485883141,-0.006371333,0.0159511054,-0.006702241,-0.102797557,0.0919861061,0.0067022411,21,0.0001750396,0.0408981556,-0.013449719,-0.262266711,0.0548898876,0.0769906062,0.2636439682,-0.122510709,0.0900290251,0.4341865628,0,0.904916442,1.0836375452,0.8940269542,1.0943195286,4.9240939403,22.44871343,0.157578956,0.0,0.0,1,0.4033684846,0,0.0,0.4081697115,6.0,-0.264122912,-0.02648539,-0.018697813,-0.254357388,-0.809286344,-0.503499386,-0.001356048,-1363.693479,0.1328736255,12.545584493,-0.002104767,0.0009865891,0.0029259302,-0.024536047,0.1709524371,-0.060799536,0.0,-0.012052914,-0.22946835,-0.022775814,6.0,11.542988568,-0.326889476,0.3469874696,0,-0.090489243,0.0127226142,0.0083230554,0.027157205,0.377937056,0.4193770886,2.7713141e-08,8.9081901e-08,1.1322552335,1.2820019137,-0.078708268,0.035820614
81540,0.0322358217,-0.006863545,-2.069403573,0.0129203302,1.3790815961,6.9182353099,0.0867912602,0.2881256397,0.1609203303,-0.067671884,0.3845335271,-0.164619551,-30.06417223,0.1994832654,0.1646195508,21,0.0471394815,0.25,0.1370978982,-0.165468774,0.0332255162,0.2496050553,0.1940389301,0.0637051524,-0.676263313,0.5032271655,0,0.8957622353,-0.080246825,0.4660368935,-0.020367394,61.292592512,16.534429428,0.0046933967,0.0,0.0,0,0.0,0,0.0,1.7185250746,3.0,-94.84029529,0.0022509126,0.2215304509,0.4412731304,-5.563659125,0.307926202,0.0337847185,17240.431274,0.1242964792,16.769569806,-0.000430379,0.01332749,0.2312017334,0.1975136094,0.0799765447,-1.9781e-05,2.0,-0.000105274,0.5508492162,-0.010586253,3.0,17.469480171,0.0392999804,2.3691027156,0,0.0239123439,0.026483437,0.0160155328,0.0171415845,0.3131216138,3.9389267745,5.038789e-11,9.4044044e-09,0.6202752063,0.3847413316,-0.092243792,0.0214022623
81566,1.1414885485,0.0602356202,-28.11331984,0.0,2.1908641187,8.2257963184,0.0397188521,-0.104944092,0.4661999623,0.040454584,-0.172089562,-0.160747659,-9.414214641,0.6273066775,0.160747659,20,-0.090094699,-0.07260274,-0.047631686,-0.065614326,0.0197132454,0.1431664157,-0.314943255,-0.103272144,0.0600658386,0.5630194224,0,1.2941217388,0.0752277321,1.0590701255,0.3403221142,152.53733693,6.795264624,0.0625984628,0.0,0.0,0,,0,0.0,1.5818291694,6.0,1.4123057901,-0.150778313,-0.252933782,0.8806567776,-0.226305323,-0.554716516,0.9946798349,-5051.01868,0.1116949983,11.629858289,0.0001979059,-0.000760036,-0.003789394,0.277007755,0.0163150959,-0.028616138,0.0,-0.005567221,0.2506537456,0.0363953772,4.0,10.523114184,0.0962607773,0.3434866396,0,-0.152504436,0.1624242663,0.0363802744,0.0277645467,0.572116416,1.4901613477,9.1588306e-08,7.5402745e-08,0.6930123916,0.4802661749,-0.079913682,0.0505717103
81541,0.7780180724,0.0350434978,-38.11196113,0.0156379284,5.1175989552,0.2397492793,0.0177945818,0.5145163678,0.0573235684,0.3603631468,0.5122307419,-0.00671074,-0.944774161,0.0681516889,0.00671074,20,0.0603332205,0.5994366197,0.2980077873,-0.304117443,-0.024731159,0.1634256374,-0.007347881,0.0809424787,0.4424360002,0.5045087669,0,0.9153907827,0.0965872609,0.8448113001,0.0193808835,1.887516382,0.065646435,0.01452173,0.0,0.0,0,,0,0.0,0.4170428255,5.0,-0.083116647,0.0028788783,0.5556865857,-0.142204829,-0.323596653,,-0.011385952,-3041.507762,0.0286434127,14.755397308,0.0009533958,0.002681947,0.0193984076,0.0189859122,0.0200831419,0.0425257198,0.0,-0.000612745,0.6813085365,-0.036176599,5.0,14.599257364,0.0085915791,0.9746356648,0,0.0654744878,0.0422408581,0.0176005019,0.02187591,0.3642292547,1.5072862342,1.3421325e-09,2.3914993e-08,1.1428070937,1.3060080533,-0.004175052,0.0262944209
81546,0.7628889723,0.0961021735,-24.15977564,0.0222528832,8.4149165757,0.4341711307,0.0319551659,0.049615287,0.0442913072,0.0156111929,0.0406146657,-0.003120749,-0.300454898,0.1249765422,0.0031207487,17,,0.019138756,0.0165010734,-0.063408354,0.0730372898,0.0577687045,-0.146485789,,0.1857670826,,0,,,,,1.3126269301,0.0681934652,0.0130008258,0.0,0.0,0,,0,0.0,0.6215383086,5.0,-0.007350211,0.0003578998,-0.024611278,-0.157333929,-1.578688964,,0.045438901,-5404.697222,0.0286434127,12.115466634,-0.000230959,0.0024676689,0.0269470759,0.0448198246,0.0257088664,-0.329552765,2.0,0.0003442341,-0.343650536,-0.027974528,4.0,10.149895956,0.1329571555,0.1793508161,0,0.0654744878,0.0225517321,0.0102353208,0.0338715336,0.6734446208,1.0325814803,6.0965858e-08,7.2692245e-08,0.3083747051,0.0950949587,-2.532741672,0.0274617881
81560,1.0778013113,0.1013862905,-39.52743157,0.0176369719,9.9402218857,0.4984636024,0.0258942864,0.0138283045,0.0368260073,0.5852855051,-0.004477352,-0.00595507,-0.64274598,0.1665519212,0.0059550702,17,-0.000104138,-0.011976048,-0.036725844,-0.084546594,0.0349330236,0.0713005753,-0.055657709,-0.000563005,0.6021735165,0.5863096617,0,1.0492749334,0.062776665,1.0401464722,0.0633547634,2.2756523131,0.058431483,0.0115070971,0.0,0.0,0,,0,0.0,0.5949284616,7.0,0.0135315139,0.0009588113,-0.055726082,0.1575784104,-0.654092948,,0.0870142799,-5441.443552,0.0286434127,11.169194951,0.0002139034,0.0021742528,0.0221847005,0.0050366909,0.0146072574,-0.007707703,0.0,-0.00204499,-0.253779683,-0.027323003,4.0,8.3372599981,0.1155650104,0.0782942238,0,0.0654744878,0.0295351613,0.0175040679,0.0216665046,2.1804327959,0.9046152924,6.0454965e-06,1.9670722e-07,0.1531410841,0.0234521916,0.744549326,0.0273002409
90470,0.6403995506,0.0631439902,-18.51513877,0.0277566921,4.7462825534,0.2079102101,0.0285536321,0.055103302,0.0366884981,0.0,0.0507608769,-0.003359753,-0.279129237,0.0807693241,0.0033597528,14,-1.2628e-05,0.0666666667,0.0880568556,-0.078355604,0.0347745459,0.0758287899,-0.158024305,0.0032836368,0.0884410229,0.4146883794,0,0.6869748119,0.1182953356,0.6782866642,0.1206623161,0.9097101449,0.0762649956,0.0147148281,0.0,0.0,0,,0,0.0,0.3183539048,7.0,-0.010976015,0.0034834429,0.0229166327,-0.27982335,1.7950902296,,0.0012316829,-5256.955482,0.0286434127,12.388938631,0.0002133786,0.0031010824,0.0261865376,0.0039578226,0.0493515426,0.0259834469,1.0,0.0017236435,-0.378420319,0.0139684423,7.0,10.665106145,0.0295648637,0.1675079655,0,0.0654744878,0.0233606435,0.0082854788,0.0168077403,0.4558847346,0.3599346698,2.9392216e-08,1.2375698e-07,0.770649346,0.5939004144,0.0958477227,0.0235850385
81588,2.5924269673,-0.204863648,-3.292443804,0.0,0.3882775094,1.0586742577,-0.037571448,-0.067956117,0.0849061509,0.0,-0.093378608,-0.113350736,-1.868677906,0.1779605251,0.113350736,20,-0.089614898,0.0,-0.070835992,-0.115845777,0.0946604438,0.0358713261,-0.14862842,-0.085842042,-0.064327485,0.6027773625,0,11.106514085,-0.295503812,3.636443662,-0.06914002,1.6783861671,10.906367041,-0.432769368,0.0,0.0,1,1.0,0,0.0,0.0942833274,4.0,-0.189582707,0.03866995,-0.169776943,2.266677838,-0.523034261,-0.055480323,-0.081315899,-2205.181292,0.0457306398,8.3071633073,0.0001624695,-0.002560962,-0.003007519,0.0113043795,0.1900991196,0.0337589935,3.0,0.0206031433,-0.749865785,0.0094739827,4.0,6.0035017791,-0.121612167,0.1136045861,0,-0.034541484,0.0680624694,0.033930816,0.0403154763,2.1904643941,1.4035969279,0.0001049881,5.0000003021,0.200467852,0.0401873597,2.8223223692,0.0323374024
81539,0.655548256,-0.597643389,0.3828676072,0.0,0.2360145838,1.3259415496,-0.912873238,-0.406066686,0.2129994574,0.0289485544,-0.20309257,-0.338002659,-0.676600669,-0.193277472,0.338002659,20,-0.090094699,-0.385744235,-0.357265237,0.2907289563,0.2686099593,0.6590763497,0.5069274277,-0.243302177,-0.455955311,0.6722917471,0,2.8564905872,-0.215011577,1.8840264119,-0.229075486,4.681606077,16.172820993,-1.592434306,0.0,0.0,0,,0,1.0,0.2614878394,3.0,3.053583052,-0.106496737,-0.552984765,1.4707027143,-1.602537309,-2.065658247,-0.101628666,-5054.099957,0.0446872923,11.207077873,0.0,-0.130102095,-0.182235381,-0.345438411,0.2991783347,-0.064029944,1.0,0.045475216,9.2944567502,0.2662184406,2.0,11.755065776,0.9686717159,2.4239213092,0,-0.173219261,0.0745631382,0.0252258273,0.029265818,1.0944596584,9.1686100171,4.8313416e-08,1.3913462e-08,0.9723866373,0.9455357725,-2.092915694,0.1106087087
81565,1.103279251,0.0728640753,-28.20672077,0.013994412,6.5415665899,0.3875055144,0.0277824639,-0.020394512,0.0443440875,-0.016629712,-0.037402626,-0.008176488,-0.866801211,0.136022744,0.0081764878,20,-0.000415646,-0.037735849,-0.042917676,-0.065498499,0.0120988136,0.1037201779,-0.028631462,-0.001143148,0.094241474,0.4634386663,0,0.7918289678,0.0643434839,0.7901497101,0.0651803197,1.6449230129,0.0855948765,0.0128117253,0.0,0.0,0,,0,0.0,0.3432266219,5.0,-0.018853646,4.50002e-05,-0.081485883,0.1830563501,-1.202768013,,0.0564851028,-5457.680822,0.0286434127,10.773288202,-9.5466e-05,0.0022848663,0.0153282751,-0.002785914,0.019983089,0.0079744162,0.0,-0.003675534,-0.863546587,0.0098864371,5.0,6.2441669007,0.0272263212,0.076095026,0,0.0654744878,0.0205480047,0.0101804733,0.0359250462,2.1904643941,0.5287498155,3.12405e-05,4.0000006023,0.2706894094,0.0732727564,-0.816188067,0.0255639542
81584,0.9439017214,0.0717973889,-12.4236909,0.0,1.396097323,1.6984612592,0.0517260378,0.1045018263,0.1215444065,0.0106813169,0.1307560821,-0.014299768,-0.44400605,0.1036758639,0.0142997678,20,0.0,0.0243902439,0.0396657385,0.0400780174,0.0314254723,1.0733964817,0.0894826501,0.0023622275,0.0678308755,0.142684793,0,1.2851189831,-0.019448441,1.2851189831,-0.019448441,24.579222465,5.0296613724,0.0901731946,0.0,0.0,0,0.0,1,0.0,0.2562639206,4.0,0.8233586266,0.0574135882,-0.099980059,0.6084632965,-1.530296834,0.7222975345,0.0710835363,-1731.313119,0.0772902197,13.190135694,0.0026328371,0.0098395241,0.0213694832,0.0133376432,0.02882962,-0.005286315,1.0,0.0020366599,1.4835726612,-0.036447367,3.0,13.039120122,-0.242182525,0.8361982633,0,-0.045482084,0.0271357242,0.0135852833,0.0235660856,0.3934136895,1.0321182349,6.9647021e-09,3.9754089e-08,0.8392177219,0.7042863848,0.2098383655,0.023743086
87476,0.6404274733,0.0633012287,-35.16360843,0.0151537462,5.0814644327,0.2620000428,0.0345596739,-0.010006681,0.043614149,0.0103776795,-0.022903921,0.0005088628,0.0462293258,0.0603748556,0.0005088628,16,0.0,-0.063973064,0.1924197826,0.1181992835,-0.004926381,0.2389694695,0.5605819837,0.0004149139,0.1058063874,0.5656521417,0,0.8958900349,0.0460055866,0.8955929258,0.046013436,1.9781710059,0.0606941432,0.0137802355,0.0,0.0,0,,0,0.0,0.4352551593,5.0,0.021333786,0.0047109683,-0.107723098,-0.279795428,0.6663934866,,-0.019162786,-5186.150812,0.0286434127,12.611055447,-0.000185282,0.0025513668,0.0230377156,-0.002289703,0.0187566988,-0.013487398,1.0,0.0007293186,0.4414589015,0.101748703,4.0,11.974988299,-0.137845701,0.5200806496,0,0.0654744878,0.0099132499,0.0055973443,0.0136392533,0.7896090012,2.1587209646,1.0248501e-08,3.3826003e-08,0.6676764383,0.4457918263,-0.066435475,0.0225841432
81624,0.6260647616,-0.730132979,-0.602650602,0.0,0.4943804668,1.7346960275,-0.660290992,-0.389378716,0.6374820586,0.0042211055,0.1190597854,-0.362775302,-0.734205916,-0.194065026,0.3627753024,20,-0.069000637,-0.120967742,-0.123126664,0.1092241365,0.0335752995,2.4285714286,0.1177753544,-0.054705762,-0.550610349,0.4939703156,0,1.5806145074,-0.465061198,1.2267975927,-0.469013708,8.6795933735,5.4640910168,-1.223695844,0.0,0.0,0,,0,1.0,0.8396348709,4.0,6.2570978999,0.203953604,-0.273452346,-53.57980233,-0.655997216,-0.430403942,-1.456682742,-2328.501588,0.0207317787,9.4251242941,0.0071000901,0.0230910104,0.0443086325,-0.116444008,0.3043823797,-0.028489049,0.0,-0.02390502,0.732809942,-0.009526626,3.0,8.5405150986,-0.756305839,0.3984256135,0,-0.142502855,0.0960083529,0.041984053,0.0574710539,1.3479679541,2.4136883087,4.1424965e-06,4.5595538e-08,1.3293365177,1.7671355774,-1.303451568,0.1234519434
81621,0.6047932828,-0.075227278,1.280132343,0.0,0.1768202129,0.705226448,-0.048639784,-0.207175903,0.4007150824,-0.117821613,-0.028708519,-0.172311481,-2.024238886,0.0770507029,0.1723114811,20,-0.007691869,-0.003875969,-0.061443045,-0.080203371,0.0059289706,1.3584732376,0.0796417395,-0.004306334,-0.247594938,0.399618212,0,2.5873901924,-0.330346614,2.2232514178,-0.35177643,4.1338780881,5.6703766675,-0.084025691,0.0,0.0,0,,0,1.0,0.4914684539,4.0,2.9488055993,0.0807683181,-0.171116499,1.4199477411,-1.04375296,-1.453678115,0.1686995098,-4504.395207,0.0446872923,12.496743708,0.0072735144,-0.009834062,-0.012960109,-0.048793121,0.1898703813,0.0059153712,0.0,-0.005172414,0.5788505837,-0.027536971,4.0,13.066537314,-0.220988883,1.8313438434,0,-0.101630079,0.0433525592,0.0237313923,0.0335004884,0.6046332397,10.184834894,1.2036356e-08,1.2876625e-08,1.5767168682,2.4860360826,-0.040899665,0.0380142923
81705,0.2757484163,0.0278215078,6.241293038,0.0096484472,0.0996973553,0.2532280466,0.1521561651,-0.005796293,0.3441774818,-0.008045377,0.0802746502,-0.026614841,-0.360209015,0.0378430657,0.0266148412,20,-0.003716724,0.018766756,0.0310807868,-0.138327396,0.0116014924,0.2505830494,0.2378876369,0.0056672678,-0.033634072,0.5110624777,0,2.7750452189,-0.184206951,2.1818539413,-0.202972191,2.5305575917,4.2061278887,0.4030515483,0.0,0.0,0,,0,0.0,0.4549374146,5.0,-10.06154156,-0.024660099,-0.063795396,0.2483902732,-1.271954806,-0.432483958,0.1110363082,662.25404668,0.0318276958,15.106767894,-0.003200381,0.0074392871,0.0101050565,-0.005066034,0.3265981081,-0.000517996,0.0,-0.000958379,1.6055463198,-0.096699474,6.0,15.491531688,0.2784200675,1.3421112743,0,-0.095378135,0.0206794646,0.0114087845,0.0215535987,0.3049346579,1.4436183943,5.335862e-10,2.1296514e-08,1.2176596744,1.4826950826,-0.054169459,0.0294810801
81736,0.200453598,0.0445643271,8.4139674646,0.0198598845,0.0753864102,0.2120219662,0.2636701429,-0.074843221,0.4577850046,0.0012116461,-0.009558431,-0.013330042,-0.085846421,0.0483900151,0.013330042,21,0.0358358734,0.0585365854,0.0797049209,0.1114264509,-0.053785777,0.1884061709,0.1139007632,0.0038797744,-0.097222349,0.6038509715,0,5.4036795767,-0.064004218,4.4800100277,-0.131700922,2.3407658986,4.6306127402,0.7101003862,0.0,0.0,0,0.0,0,0.0,0.6114239857,5.0,-0.793931831,0.0757818227,-0.04999035,0.501171719,-0.956779923,-0.160166135,0.9824086858,4806.6597744,0.0352290716,15.874095849,-0.000927925,0.0379611402,0.0522375319,0.0043943444,0.3645986857,-0.020156518,0.0,-0.000196232,0.6011753349,-0.003545588,6.0,16.474239452,0.0680724083,1.6456591411,0,-0.095378135,0.0230319723,0.018641614,0.0172011715,0.4823979695,4.3466862347,1.860713e-10,1.3182669e-08,0.5714450189,0.3265494096,0.0424696921,0.0329608523
85332,0.7688309368,0.0768005802,-115.8722449,0.0281807097,6.90082093,0.3230953582,0.0229158618,0.0621787868,0.036202237,0.5095201828,0.0483180228,-0.000648028,-0.062820776,0.0816252523,0.0006480275,20,-0.000777915,0.2054054054,0.0542056075,-0.023570802,0.0453655116,0.0838775709,0.0587178359,-0.000530609,0.2052084792,0.4603188718,0,1.0726403737,0.0481123294,1.0720308514,0.0495109468,6.2730612245,0.0675519611,0.0127333469,0.0,0.0,0,,0,0.0,0.4097743432,6.0,-0.000698052,0.0013410747,0.1616553714,-0.151391964,-0.933674882,,0.0020876111,-5308.210822,0.0286434127,12.247919736,-5.2115e-05,0.0025198573,0.0264436013,0.0038168725,0.0078677433,-0.026541933,1.0,0.0004157549,0.9644665436,0.0456738966,5.0,10.453966909,-0.021689435,0.182467209,0,0.0654744878,0.0426683314,0.0142731334,0.0228931519,0.4355267771,0.3407356926,6.5810945e-08,1.229582e-07,0.9139126388,0.8352363114,0.0249392531,0.0248944972
13008,0.0160495802,0.0897783732,195.73775373,0.0,0.5074314685,0.5506164214,0.2820529168,0.0849670137,0.5312421121,-0.083418163,0.0989932465,0.0428685121,0.2388499816,0.0683348104,0.0428685121,20,0.0,-0.004171011,-0.063921572,-0.192472826,0.0897845591,0.2160356347,0.185803309,0.0076869072,-0.216933609,0.1658126748,0,1.8189605939,-0.070507935,1.8189605939,-0.070507935,124.17164179,5.965937612,0.1985196729,0.0,0.0,1,0.4275251235,0,0.0,7.0684064848,4.0,-0.152332265,0.1031731567,-0.043969889,4.4248952547,-0.635136066,-2.078102343,0.7907528172,-11807.84901,0.0314049921,14.695178159,-0.001533436,0.0357758365,0.3186871361,-0.001079558,0.0105165481,-0.000901506,0.0,-0.001339047,1.6933835368,-0.08595952,4.0,15.515213557,-0.040024839,2.8073851619,0,-0.107492679,0.0962932855,0.0269794093,0.0292332684,0.4384026048,5.0081863693,7.09901e-10,9.1394435e-09,1.2420820583,1.5427678395,0.0564269359,0.035249762
81740,0.1637467619,0.0812373478,55.077170003,0.0233835927,1.9313780589,0.7564117495,0.0768779129,0.3145771689,0.2857644367,-0.046588935,0.3487819127,-0.045454811,-1.027774768,0.1647310442,0.0454548106,20,0.0,0.203125,0.4500132416,0.1988099656,-0.004211884,0.3040205279,0.2818327278,0.0567630113,0.0795014759,0.1278140134,0,1.0650983996,-0.475928139,1.0650983996,-0.475928139,111.78362176,5.1098012755,0.1003723347,0.0,0.0,1,0.4678024377,0,0.0,2.548976966,6.0,-0.114253905,-0.001787333,0.1633261222,4.5725924364,0.4872223342,-2.03115856,0.887149051,-12216.66339,0.0314049921,14.610825722,-5.931e-05,0.0080384971,0.0922165442,0.0222925143,0.0217845369,-0.005855893,0.0,-0.002121309,1.7145152388,0.0655523879,4.0,15.711000227,0.0885422627,3.1139940861,0,-0.107492679,0.0337711647,0.0139423513,0.0262084876,0.4001143921,4.0834732224,5.418207e-10,1.0672689e-08,1.5282331234,2.3354964794,0.0361163311,0.0439332859
81761,0.1974578567,-0.069743128,14.27868937,0.0005063022,0.3708410439,0.8140326717,0.0379308664,-0.126323109,0.5355018157,0.0171358976,-0.09668866,-0.187208775,-1.647912886,0.045187471,0.1872087749,20,0.0,0.0769230769,-0.038799546,0.140337671,0.0324913019,0.8425754775,-0.155362275,0.0413737155,-0.179120185,0.2689569331,0,1.675893577,0.4690969673,1.675893577,0.4690969673,16.592363261,9.5475059382,-0.001295924,0.0,0.0,1,0.8345076952,0,1.0,1.3095137866,6.0,-10.08613049,0.2153589208,-2.364543072,3.9754806259,0.7273569349,0.1119278668,1.039759749,-4194.919458,0.0288563477,9.4084286555,0.0,-0.033232488,-0.094782955,-0.086957914,0.0818699573,-0.010152819,0.0,-0.044107685,-0.518253976,-0.090952285,3.0,6.6941782849,-0.126109729,0.0531585553,0,-0.111549313,0.0540540032,0.0381892499,0.1321902001,0.9893108706,0.2768933755,2.00474e-05,2.0000003713,0.3092659755,0.0956454436,1.1612124264,0.0970887483
81857,0.4677142933,0.080604988,-0.205503444,0.0,0.7647719114,1.06593679,0.1223860461,-0.095203004,0.2010737972,-0.119479018,0.0156686804,-0.030065769,-0.519745223,0.1224990454,0.0300657689,20,-0.01498867,-0.034482759,0.0551512441,0.1765517075,-0.014732898,0.150712831,0.2494381985,-0.02059866,-0.221620328,0.4643994725,0,1.7690325603,-0.077324973,1.0829234013,-0.083873724,6.3843788438,4.3453327752,0.1462678691,0.0,0.0,1,0.0251862363,0,1.0,0.4641227635,5.0,7.1388212287,0.0034545639,-0.172688455,0.1021008867,-0.830844553,0.170015853,0.1148080025,5287.8403811,0.0410566741,16.368598581,-0.001986401,0.0160245482,0.0425628254,-0.040168698,0.1678008442,-0.017367757,2.0,0.0058708415,-0.245761606,0.0276339197,6.0,17.386014672,-0.265598292,2.697002594,0,-0.208425694,0.024252655,0.0143189096,0.0188896751,0.3943187175,4.6453235463,8.509972e-11,7.8755067e-09,1.3595561243,1.8483928553,0.1591874782,0.0491215266
81696,0.059812963,0.0280698633,2.3995201853,0.0,0.5958637005,0.4351020611,0.1390923391,0.084995368,0.2716701542,0.0075436372,0.0348428782,-0.067482427,-1.517351139,0.0706617024,0.0674824265,20,-0.000892261,-0.24,0.0531124898,0.0594047997,-0.041214006,0.2872465344,0.1630662488,-0.037334555,1.0602294592,0.6118063348,0,3.0583969702,0.130532388,2.9383359372,0.1333420585,1.3871781631,15.389905128,0.1028913418,0.0,0.0,0,,0,0.0,4.8108476276,5.0,-0.173198841,-0.064367958,-0.279798878,4.4686586375,-0.420235564,-2.712445635,0.7930797092,18825.327449,0.0314049921,16.22724085,0.0032306305,0.0086316256,0.0736467233,0.0020060718,0.5024723889,-0.001335909,0.0,0.0006564964,0.4377343973,-0.015136649,7.0,16.657887193,-0.147929103,2.1703273554,0,-0.107492679,0.0419000424,0.0196004987,0.025745517,0.6335303819,6.4789889977,1.348418e-10,8.804391e-09,1.0546761774,1.1123418393,0.0583354415,0.02856526
81666,0.2588738814,0.0485880657,-0.54761763,0.0,1.5757284685,1.6318296876,0.1508755383,0.2025019164,0.2986964142,0.0387806879,0.2647384826,-0.097132053,-3.358732554,0.2117823839,0.0971320526,20,-0.000736764,0.0249571347,0.0737587929,-0.013681439,0.1796672724,0.0575885289,-0.074747538,0.17456767,-0.074662857,0.5739310882,0,0.8597120986,-0.06532437,0.8377438209,-0.058487389,4.3613270431,28.671848099,0.082594414,0.0,0.0,1,1.1005487592,0,0.0,1.476367219,6.0,0.0238848566,-0.0472633,0.0040371681,-0.279542311,-0.468700394,-1.117884031,0.0784419406,-4872.782528,0.0725156293,14.628433992,0.0077102028,0.026770355,0.2130522614,-0.005869799,0.2344478292,0.0299680361,3.0,0.0076985413,1.4456995026,0.0711868023,6.0,16.329483731,-0.29107435,4.9176261297,0,0.0348146487,0.034984801,0.0293808475,0.0339988344,0.4043145238,14.140273198,2.553573e-10,4.3542964e-09,1.3963767838,1.9498681224,-0.051573726,0.0549043254
81665,0.7236752075,-0.075466686,-2.406618182,0.0,1.0772617869,6.928445507,0.005891218,-0.050403226,0.5411714771,0.0021508889,-0.001678478,-0.040711914,-0.997333333,-0.000201244,0.0407119142,20,-0.034724868,0.0392156863,0.0269963905,-0.03961027,-0.019091252,0.4077669903,0.2549927059,-0.047219864,-0.114721812,0.6702422617,0,1.604962202,-0.043094698,1.0430315953,-0.003793617,20.865454545,9.6843881857,-0.038637424,0.0,0.0,1,1.0,0,0.0,1.2523387494,4.0,-0.142751041,0.2690962173,-0.130561257,0.1400761978,-0.704786086,-0.055480323,-0.259477669,-1713.774512,0.0457306398,12.718135225,0.0046691721,0.0022351919,0.0059661916,-0.954296447,0.1816846883,0.0016996194,3.0,-0.042723632,-0.470410749,-0.018059798,2.0,10.609053848,0.0891861014,0.100547752,0,-0.034541484,0.0410489887,0.0172866241,0.0373411472,0.4059334943,0.2009549379,9.5582369e-08,2.0075297e-07,1.1635651526,1.3538838644,-0.061009858,0.0593956177
81677,0.2160416559,0.0420405953,13.107486128,0.0023007089,0.1787804767,0.3639406807,0.1838028375,0.170745752,0.3454273693,0.0037952247,0.2111327065,-0.039408486,-0.343223954,0.0564699347,0.0394084858,20,0.0351690658,0.2311901505,0.1862778562,0.0479143127,0.0331151961,0.180651763,-0.025765682,0.0683962456,0.1400294841,0.4050101315,0,2.2169187414,-0.036431034,1.5253274896,-0.049518564,7.1491397185,4.8230807983,0.3024795513,0.0,0.0,1,0.0022962973,0,0.0,0.6038262517,7.0,3.7606927811,-0.013091692,0.1237055206,-0.293811244,-2.473123708,0.150902432,0.0153717682,-2122.759876,0.0588548821,15.826738916,0.0014047263,0.030071953,0.0507229404,0.0014427351,0.1254836772,-0.012928118,0.0,-0.000227144,2.4540126431,-0.068055119,5.0,16.692995386,0.1204676025,2.5092742622,0,-0.156910843,0.0454774238,0.0175236745,0.021884926,0.4483089547,4.2872721526,1.718175e-10,1.0844516e-08,1.4164298506,2.0062735216,0.0136786447,0.0236275772
88719,1.1763494026,0.0572251134,-22.77479637,0.0,6.9298287052,0.2892486071,0.0236006764,0.0421777705,0.0361297201,-0.047002003,0.0442407357,-0.00763647,-1.059848659,0.1178750732,0.0076364697,16,-0.003434924,0.0495049505,0.0608817018,0.0358168549,0.0610797399,0.2885375494,-0.164466556,-0.003476996,0.0301884624,0.3420678684,0,0.5603229337,-0.023063864,0.5512235335,-0.015049,0.940040087,0.0854191128,0.009283835,0.0,0.0,0,,0,0.0,0.2461043438,7.0,0.0383785801,0.0029878796,0.0057549165,0.2561265017,1.7377601158,,0.0383374319,-5422.275022,0.0286434127,11.170281586,0.0003151366,0.0023812997,0.0166570285,0.0065393448,0.0362095606,-0.000404431,2.0,0.0041580042,0.8073400801,0.0726116045,4.0,9.1978142316,-0.092668303,0.4251470588,0,0.0654744878,0.0304518137,0.0121062636,0.0204945188,2.0632918097,6.2011258391,2.9928633e-06,4.6908115e-08,0.0499596601,0.0024959676,0.7168413723,0.0253779783
81776,0.0438716206,-0.222353203,-0.058072358,0.0,1.8865738713,0.4679890692,0.022266331,0.7213980989,0.0766709079,0.0194829524,0.579858975,-0.04514777,-0.347678753,-0.145045719,0.0451477698,20,-0.025368118,0.0617139514,0.2517760871,-0.090755919,0.1698170298,0.0410358622,-0.437194141,0.5929645985,0.0030146425,0.4881450373,0,0.8864583002,-0.297783788,0.7345076468,-0.172260485,2.0198373984,5.2646747192,-0.108850775,0.0,0.0,1,0.4255110545,1,0.0,0.2700258398,2.0,2.9261250605,-0.094673055,-0.105526579,0.8590260789,1.1747218509,-1.065658247,-0.053396912,189.49879288,0.0446872923,12.050639293,-0.003213618,-0.016346756,-0.454113924,0.0026394649,0.1668919571,-1.491382225,0.0,-0.050139276,0.6407507988,-0.230647984,2.0,16.463075156,-0.223929892,10.187849481,0,-0.153568724,0.1933333129,0.1375151479,0.1651939955,0.5685129153,62.256112654,1.5162245e-09,5.565229e-10,3.1443732602,9.8870831992,0.0440757455,0.1149198964
89611,0.5701643354,-0.077855105,1.6151001948,0.0295236028,0.0557716527,0.1543165078,-0.177638064,-0.096133591,0.0831371452,0.0137693632,0.5162686328,-0.124299286,-1.063366097,0.0049333741,0.1242992863,20,0.0,-0.161764706,0.0024510555,-1.100134432,0.332713631,4.743872549,0.6358123724,-0.000372434,-0.129839305,0.3872702425,0,4.7637385376,-0.54748243,4.7637385376,-0.54748243,0.6780296751,6.4892899643,-0.216141155,0.0,0.0,0,,0,0.0,0.0887747206,4.0,6.000910061,-0.109516029,-0.31424931,-53.63570276,-2.734334739,0.5280772347,-1.257684341,-1493.689848,0.0207317787,12.401155137,0.0003497777,-0.054190379,-0.059203025,-0.052511881,0.3603059573,-0.001635096,0.0,-0.039647577,1.7010534254,-0.187130777,2.0,13.76672098,0.1267399265,3.2631453629,0,-0.142502855,0.0756501555,0.0270270827,0.0546072365,0.4401066289,4.4065113965,1.2076721e-08,1.0124466e-08,1.292598462,1.670810784,-0.217296203,0.0627647794
81893,0.4700614001,0.0684295919,-0.467345182,0.0383728441,0.6583259389,4.0482518912,0.1090499186,0.0023322077,0.2642043056,0.0511497958,-0.077033262,0.0001581103,0.0026041667,0.0682513899,0.0001581103,20,0.0018551605,0.0081300813,0.1343852991,0.1346155774,-0.117860065,0.5485436893,-0.351357097,0.0016779232,0.1395697129,0.7119226687,0,1.5623308189,0.1159452744,1.535424261,0.1141568432,14.736118319,5.6062321082,0.1036958762,0.0,0.0,0,,0,0.0,0.7210621814,4.0,-0.149303241,0.4068309661,-0.161646862,-0.11353761,0.1970570633,0.3889641219,-0.191025034,-2126.508402,0.0457306398,11.275974529,0.0019132089,0.0183023779,0.0402611534,0.0886820551,0.2263747936,-0.00020588,2.0,0.0022958551,0.1757732879,0.0285910144,3.0,9.7408156925,-0.141957456,0.2531019099,0,-0.034541484,0.028537428,0.013702035,0.0285635262,0.5295620231,0.9346428727,8.0137361e-08,5.6819579e-08,-0.050958073,0.0098266968,1.074589864,0.041000412
82251,0.8801502824,0.0864834537,-8.273876148,0.0363908625,8.2841116147,0.3570577605,0.0256926181,0.0504270353,0.0337209504,0.0,0.0386892196,-0.004002404,-0.413936627,0.1222821228,0.0040024043,19,-0.004767054,0.0129032258,-0.088564823,-0.141589255,0.0338674124,0.0721754418,-0.088686864,-0.004401452,0.1754516554,0.475540103,0,0.6982059159,0.0650389821,0.6945889038,0.0746683864,0.3682502425,0.0772384067,0.0117518514,0.0,0.0,0,,0,0.0,0.3928975731,6.0,0.0188974282,-0.003216499,-0.030846808,-0.040072618,-0.159542582,,0.0427444816,-5412.362302,0.0286434127,11.511380258,1.92028e-05,0.0023690422,0.0247881328,0.0001037117,0.1339863129,0.0454314867,0.0,0.0003941046,-0.125265839,0.0057078505,5.0,8.7209908111,-0.072940999,0.1095865349,0,0.0654744878,0.0264601577,0.0189827454,0.0180604861,2.134287019,0.5340017105,1.8925e-05,1.0000001768,0.1579272402,0.0249410132,0.8900516489,0.0187767348
81869,0.8346834532,-0.237044475,-1.236762468,0.0,0.7826124256,1.333594919,-0.182058296,-0.057918774,0.2382083683,0.0,0.2071041215,-0.282433088,-1.986205874,0.2337746538,0.282433088,20,0.0,0.4255319149,-0.202514613,0.1717253202,0.0888886409,0.5421686747,-0.212251129,-0.000716817,-0.218744858,0.5841965043,0,1.5650865683,-0.360595322,1.5650865683,-0.360595322,2.6718794026,2.3180345902,-0.282660508,0.0,0.0,0,,0,1.0,0.3827294567,4.0,-10.08308148,0.0474772164,-2.015934234,4.6127062224,-0.817205406,0.1119278668,1.2283469317,-4205.979638,0.0288563477,10.731622375,-0.00027372,-0.086720118,-0.17210791,0.2619617054,0.3245816862,-0.0078879,0.0,-0.070083943,-0.42688053,0.1149650114,2.0,10.130607993,0.9682598129,0.3286564626,0,-0.111549313,0.0099132499,0.0069174088,0.0259441984,0.5970189684,0.6938722034,8.8511202e-08,7.8906244e-08,0.5972302132,0.3566839276,-1.023570681,0.0563456222
82171,1.2351650564,0.1280394525,-183.1412575,0.0133454106,1.1256239936,8.2257963184,0.0979464225,0.1058520427,0.7045362532,0.0315614618,0.1109102467,0.0779589625,1.4024524446,-0.051529791,0.0779589625,21,0.1450367135,-0.038095238,0.0495915567,0.0888561344,-0.048768092,0.1775268564,0.0240159786,0.1609679794,0.1067962916,0.5255468781,0,3.4646095402,0.155256354,1.2858832384,-0.103820208,1031.9492386,27.862914321,0.1623391901,0.0,0.0,1,1.0,0,0.0,1.3658778543,3.0,-94.83563151,0.2863784901,-0.066564787,1.6442023651,-6.075267585,0.9478300806,-0.217228338,-2362.559806,0.1242964792,10.859447096,0.0012237762,0.0181430191,0.0323640442,0.158252818,0.0018305265,-0.000340277,2.0,0.0034017713,0.4596356171,-0.022967886,2.0,8.6121032723,-0.031982303,0.1683222958,0,0.0239123439,0.0249240492,0.0100429105,0.0160560776,0.8954777252,1.469862082,1.5331013e-07,5.0000003021,0.2948234307,0.0869208553,-0.49834724,0.0255561487
82156,0.1933805609,-0.443771069,1.612218917,0.0,0.2850497356,0.0285553357,-16.8776901,-0.450988474,0.0109945475,0.0112124578,-0.081645898,-0.042231903,-0.065572654,-0.414671822,0.0422319027,20,-0.001242545,-0.126984127,3.499465812,2.7026186714,-6.045797775,0.4996945632,0.1821345667,0.0077700774,-0.671817576,0.960053138,0,5.8192617192,-0.209214369,5.8158130029,-0.208667082,0.0634072152,,-1.462886528,0.0,0.0,1,1.0,0,0.0,-0.061793815,3.0,74.77710871,0.0055228982,-0.335607367,-8.627022115,0.6317390178,-0.42660587,-9.172023806,-5448.085037,0.0248274717,10.005204008,0.0,-0.305513595,1.0433494835,-0.01371228,0.8781764394,0.9618684099,0.0,-0.787671233,2.453895617,0.2535581589,3.0,10.176402856,0.3445373252,2.3064026242,0,-0.25352422,0.2119999826,0.0900784694,0.1176584085,1.4604644506,24.538068603,3.7172822e-07,5.1324088e-09,1.7497127357,3.0614946576,-0.120551541,0.0977996212
91262,1.1592437629,0.0872886323,-3.313863386,0.0,2.1943986203,1.4710935359,0.0537306918,0.1031022852,0.1197563161,-0.009225608,0.1200646541,-0.042555134,-1.558567588,0.2233338653,0.0425551342,19,0.000818427,-0.037946429,0.0858820689,-0.13506717,0.0224013406,0.0389001165,0.239268786,0.1177467734,0.0759022988,0.5271999661,0,1.2502196791,-0.121945864,1.1798811051,-0.125870027,5.4408377787,11.099856871,0.0906137235,0.0,0.0,1,1.0,0,0.0,0.2587949518,5.0,0.0208639829,0.0292376009,-0.058866395,0.6208275703,-0.858141919,-1.118660159,0.089993422,-5068.326928,0.0725156293,13.806501282,-0.00583465,-0.003003064,-0.00841661,-0.018674948,0.0967262189,0.013529148,0.0,0.0005787037,1.1696611964,-0.023393207,5.0,14.819520861,0.1223548467,2.2627060578,0,0.0348146487,0.0458386913,0.0228672921,0.0329466488,0.182567004,1.2928080605,2.7226383e-09,1.4272019e-08,1.4861428002,2.2086204226,-0.097886527,0.0443870354
82212,0.196394238,0.0414210535,243.47172044,0.0185266152,0.3163628421,1.7151892136,0.1426861951,0.0464505072,1.0771002507,-0.127961102,0.1784396568,0.1545054729,1.8701952514,-0.036044404,0.1545054729,20,0.0,0.0,0.0568146007,-0.056698768,-0.043370773,0.2800452873,0.0446377526,-0.00041982,-0.113493987,0.4640405499,0,2.3826911438,0.0566420073,2.3826911438,0.0566420073,983.30452342,5.8519620615,0.1893275576,0.0,0.0,1,1.0,0,0.0,2.3733567381,4.0,-10.11154383,0.0988456973,-2.441466149,3.9744170072,-1.076700368,0.645754269,0.9585278739,-3524.685868,0.0288563477,13.176892786,0.0104928332,0.0363710085,0.0979860237,0.0365383659,0.0033444547,0.0066581493,2.0,0.000761035,2.5394969611,-0.068698926,1.0,13.644719054,-0.563646151,1.6576420891,0,-0.111549313,0.0522233844,0.020220231,0.0264007122,0.3982839782,3.1147247843,4.0715429e-09,1.6553287e-08,1.2042399672,1.4501938986,0.0497726135,0.0421303579
82179,0.3966794568,0.019151309,11.433806012,0.0,0.4924140366,0.5228283699,0.0609618414,0.3196678897,0.5364808912,0.0187311366,0.662018177,-0.032764967,-1.336872133,0.0447541603,0.0327649671,20,0.0170697269,0.0303030303,0.1101285078,-0.00644858,0.0484186011,0.2952577791,0.2580958462,0.0423204921,0.0509445224,0.2586803313,0,4.2001269589,-0.045355176,2.3186431264,-0.112269119,12.894199517,7.0369850968,0.137114097,0.0,0.0,1,0.6608824647,1,0.0,0.9209272136,5.0,-9.9778951,-0.039543095,-0.052259121,0.3693213136,-1.188668036,-0.125351156,0.1179474028,-1338.560473,0.0318276958,14.784716105,0.0228215204,-0.01946463,-0.044794112,0.0131150785,0.0433957825,-0.098542535,0.0,8.39631e-05,0.2459244882,0.0601530576,6.0,15.183803185,0.071943166,1.6232300707,0,-0.095378135,0.0771571994,0.0185938523,0.023217664,0.5176540746,5.5499401976,4.813184e-10,1.2354778e-08,0.5679377326,0.3225532681,0.150607986,0.025630714
82176,0.4526261588,0.0120669459,91.858409786,0.0,0.2477861252,0.7844181493,0.0331606801,0.0488296161,0.3955580611,0.0075374236,0.0699359908,-0.039176008,-2.220994475,0.038867566,0.0391760083,20,0.0133682252,0.0536912752,0.1163187856,0.0679711724,0.0365780908,0.0783688265,0.0001816677,0.0914402828,0.037624065,0.4421529107,1,1.2708067012,0.0637271322,0.6326111821,-0.002908898,203.89602446,16.681010758,0.1918388717,0.0,0.0,1,1.0,0,0.0,0.6016883631,7.0,24.401462654,0.0786866696,-0.032855918,0.2582299758,0.2975384494,0.0534376242,0.0422035456,-10702.51071,0.0457936334,12.004456757,0.0007242482,0.003880366,0.0062973701,0.0171203247,0.0096988341,0.0414889163,0.0,-0.00250941,3.1304327404,-0.02973779,5.0,11.021874308,0.5297621077,0.2972517546,0,0.0957318355,0.044303786,0.0192501673,0.0327572967,0.4799941586,0.8092125217,6.2923826e-08,7.1373997e-08,1.2729056985,1.6202889174,0.2045521113,0.0574155174
82234,1.1231763954,-6.8631e-05,-1.405054466,0.0,0.42221632,1.6314556649,-0.047485166,-0.056305268,0.2112233351,-0.004314308,-0.151097006,0.0395441853,7.1399454114,-0.06300302,0.0395441853,20,-0.011610984,0.0906040268,-0.082270051,-0.049332152,0.1812070912,0.1437401179,0.4106655167,-0.008706676,-0.014957265,0.5888706673,0,3.2492080253,0.0563767739,2.5397998693,0.0460309311,4.2277355387,4.418289113,0.0744831704,0.0,0.0,1,1.0,0,1.0,0.3026363308,2.0,-10.0364428,-0.03753191,0.0080418752,1.0958182522,1.6819501902,0.1809489431,0.0101902221,-3055.821983,0.0318276958,11.075897237,0.0159275348,-0.039254635,-0.056341033,-0.043833032,0.3554307708,-0.01610992,0.0,-0.042000397,-0.083217531,-0.000339116,2.0,10.021686535,0.0696451279,0.2263087437,0,-0.095378135,0.0150968749,0.011241394,0.0194362011,0.884210369,1.0321255136,2.8797702e-07,1.1419017e-07,0.4793262451,0.2297536492,0.4048045536,0.0452645482
82276,0.7711846542,0.1108416706,-7.671510156,0.0029144004,1.9782129903,0.5318100603,0.0386203983,0.1248817981,0.0444841469,-0.047181597,0.0698561019,-0.009754511,-0.243032043,0.1377797482,0.0097545108,19,0.0,0.0549450549,0.1467597059,0.0175277446,0.0190347835,,,,0.0906636661,,0,3.5103171638,-0.15353381,3.5103171638,-0.15353381,2.2610933097,0.9478963672,,0.0,0.0,0,0.0,0,0.0,0.1549549309,6.0,-0.008816089,0.0467589357,-0.008848574,-0.080007259,1.1383483459,-0.713007221,0.0392959504,-2133.301878,0.0331128264,15.968017344,0.0001440912,0.0034668945,0.0130399681,-0.005427435,0.0774654666,,0.0,0.0006356336,-0.259595448,0.0007764729,5.0,15.299879798,-0.292932147,0.6274731425,0,0.048781298,0.0207581781,0.0101840521,0.0211014449,0.2711372577,0.8347130718,2.934898e-10,3.4058482e-08,0.3643310876,0.1327371414,-0.012800531,0.0157535585
82281,0.3413898935,-0.270303272,1.2465289383,0.0,0.2860875715,0.8471518502,-0.648239805,-0.131523876,0.9700361469,0.2164405039,-0.065758959,-0.168001629,-0.419527079,-0.15690373,0.1680016291,20,-0.002375781,-0.2406639,-0.133473931,-0.213357736,-0.039106802,0.6859349403,0.2025264817,-0.019119792,-0.179902042,0.7945726177,0,2.5810062182,0.0443869067,2.5700395704,0.0471478478,2.8347259486,4.1446984981,-0.685979501,0.0,0.0,0,,0,1.0,1.683616752,3.0,-9.790381234,0.3632918894,-2.682130049,4.1194126627,-1.554144254,0.1119278668,0.8376685482,-4190.770588,0.0288563477,10.356744256,0.000405979,-0.030906318,-0.053096125,0.0034412438,0.5075053322,0.0010044259,1.0,-0.045977011,2.7580797597,-0.133203675,3.0,9.01301802,0.475880709,0.2102211435,0,-0.111549313,0.0829862356,0.040155063,0.0748519136,0.9998760431,1.1507616591,1.4816141e-06,9.2411404e-08,1.8588564756,3.4553473969,-0.207423424,0.107055709
82272,0.3567147443,0.0499769766,61.1271297,0.0,0.2115806629,0.3841689164,0.1426301076,0.1834326415,0.2639562148,-0.051152588,0.9014002565,-0.031648074,-0.332071571,0.0665729097,0.0316480744,20,0.0,0.15625,0.1322652799,-0.10177362,-0.00193356,0.6963117733,0.0438056009,0.0052577039,-0.033448315,0.094523309,0,1.1219848513,-0.103178333,1.1219848513,-0.103178333,45.196023201,6.9249725291,0.3544676194,0.0,0.0,1,0.0015299138,0,0.0,0.3397477921,3.0,-355.6597549,-0.002471484,-0.024126987,-2.002700782,-1.316092912,0.7871604295,-0.070795384,3311.9387822,0.2277833408,15.707379631,0.0012839912,0.0212346312,0.0409006699,0.013268454,0.0151624493,-0.006744271,2.0,0.0002604506,1.244766752,-0.035683472,5.0,16.304206372,0.0160158847,1.976196363,0,-0.166303822,0.0376888067,0.0169443887,0.0234336412,0.3275973388,3.1332633793,2.366803e-10,1.1219041e-08,0.8209164744,0.6739038579,0.0764342067,0.0214429528
82266,-0.467861017,-0.60731488,14.679997259,0.0,12.597891259,8.2257963184,0.0563387673,-0.045985677,0.2865064299,0.0213838376,0.0466959415,-0.09296191,-1.277053719,0.1682588463,0.0929619096,20,-0.020707583,-0.068965517,0.0963163626,0.0941475803,-0.080770717,0.2265799836,0.1419899341,-0.027191968,0.2730391565,0.382442147,0,1.3406518818,-0.030584329,0.9610754803,0.0172172948,133.55992599,6.8919865063,-0.012756016,0.0,0.0,1,0.7586098681,0,0.0,-0.484800193,3.0,-0.139908615,0.1367531889,-0.04642926,-5.215898568,0.0894006044,-0.076973325,0.4216323933,-5746.429887,0.0689333745,10.471097182,0.0012947978,-0.003189033,0.0055561968,-0.123868016,0.0084299318,-0.108308708,0.0,-0.468085106,3.278299528,-0.133215506,1.0,9.9660914853,-0.66647653,1.1883931992,0,-0.105814909,0.1276595145,0.0565085406,0.1319137261,1.0296119273,4.3383880248,4.3922738e-07,2.2092047e-08,1.2124761179,1.4700983365,0.4153958491,0.0717918638
82287,0.3224442464,0.0442778796,5.1860720459,0.0,0.1403723096,0.3989975266,0.0169409736,0.0796664048,0.326856336,0.0086978008,-0.132580264,0.1919540963,1.9323845129,-0.041284009,0.1919540963,20,0.0773079375,0.0921305182,0.0682017465,0.1636068098,-0.069275567,0.3678900928,-0.149696471,0.0301591406,0.2083858068,0.5542123285,0,3.4608296812,0.1670513566,2.4833954868,0.0316509911,3.8519986831,3.4013433225,0.3532216316,0.0,0.0,0,,0,0.0,0.5247173092,3.0,7.1839538903,-0.036087781,-0.046075178,-0.04316916,-0.262383248,-0.881056756,-0.048975052,-3043.468459,0.0410566741,14.249640235,0.0172159986,0.0164513318,0.0237165118,0.0397769305,0.2682723615,-0.016798983,2.0,0.0206966179,3.4877892405,0.2535581589,3.0,15.251993637,0.2232727547,2.6746972187,0,-0.131569503,0.032687936,0.0219903482,0.0379864465,0.300930674,2.3603086529,1.4873275e-09,1.3292216e-08,1.8779156551,3.5265672077,0.2408559443,0.0666010934
82261,0.418549652,-0.033589193,4.3364423415,0.0,0.3725702381,0.7240487105,0.0650191165,0.0530929999,0.4337987418,0.0067076579,0.3758027624,-0.152259279,-3.499497606,0.0839561069,0.152259279,19,-0.009774651,0.1017871018,0.0676030116,0.1058389957,0.0070342004,0.6091847935,-0.045412658,0.0094032053,-0.128764712,0.37116282,0,3.3815435127,0.0166530806,2.2205334415,0.0024759416,7.1306847065,6.3537630662,0.046298782,0.0,0.0,1,1.0,0,0.0,0.658018712,5.0,3.0299792262,-0.035229207,-0.065453429,1.2337041104,-0.648429381,-1.065658247,0.1756049137,-4615.468527,0.0446872923,13.126885152,0.0009743885,0.0151886557,0.0279981414,-0.005455657,0.1880464898,0.0045404764,0.0,0.0031421838,0.8573981036,0.0077833887,3.0,12.35649374,0.0596606962,0.3617033604,0,-0.101630079,0.0194244944,0.0135587126,0.0220848551,0.4120770971,0.6772636205,1.6307537e-08,6.4401024e-08,1.1270619701,1.2702686844,-0.008366806,0.0303520761
82486,0.1481133987,0.0353955206,-3.056527296,0.0254932023,2.0594715116,1.2664432999,0.0970904999,0.0648836651,0.0443751499,-0.005174841,0.0711154942,-0.03548818,-3.636904762,0.1641256581,0.0354881803,20,0.0,0.0561797753,-0.016202946,-0.093126023,-0.465226627,,,,-0.042234332,,0,,,,,1.4120272492,4.1685159501,0.0202105709,0.0,0.0,0,,0,0.0,1.0081743869,3.0,0.0342510185,0.0331653841,-0.047838545,-0.143915274,-0.78610056,2.9754067924,0.1253237701,-1106.984688,0.1865376934,15.287932082,0.000236375,0.0027429299,0.0677076503,0.0062253677,0.2266077836,,0.0,0.0002411382,0.0106177326,0.000434123,2.0,14.578563534,0.022331976,0.3220824583,0,-0.012367651,0.0318101868,0.0131221256,0.020561538,0.4058339191,0.4300577295,2.3538817e-09,9.6994211e-08,0.4867694116,0.2369444601,0.49846816,0.0217090265
82303,0.9791188881,0.1575758127,-3.771408794,0.0191737852,1.701065455,0.7555455331,0.082217371,0.0509787038,0.0728885994,-0.060092968,0.015594229,-0.005644927,-0.09562142,0.1726434357,0.0056449267,20,0.0,0.0583254939,0.027852765,0.0042674723,-0.098876847,,,0.0,0.0692917445,0.2355072372,0,16.334346747,0.6303101176,16.334346747,0.6303101176,1.7251809428,2.6186265798,,0.0,0.0,0,0.0,0,0.0,0.2016635105,4.0,-0.030503342,0.0413842302,-0.005468135,0.1279269752,,-0.422410522,0.0741596379,-2050.724878,0.0331128264,15.874695161,-0.001256049,0.0041220234,0.0114607058,-0.024428542,0.1431771272,0.0,0.0,0.0076150917,0.4484362661,0.0002415492,4.0,16.48787728,0.0461651347,1.6991426345,0,0.048781298,0.0121112624,0.0121826942,0.0176187629,0.3909910763,3.5406858475,1.205639e-10,1.2724256e-08,0.5092282402,0.2593134006,0.0152031078,0.0157001081
82508,0.2827178317,0.0342455371,10.881982044,0.0,0.0444508779,0.308764936,0.2468619247,-0.069935689,0.7137533472,-0.062546771,-0.006831018,-0.075848389,-0.751870324,0.0599937402,0.0758483888,20,0.0014855215,0.2359005458,-0.070823525,-0.101775598,-0.068592537,0.3720238095,-0.068688641,0.0481589291,-0.07913513,0.3356658836,0,4.1280931587,0.0316679968,3.7627365357,0.0157109606,4.9937845304,8.2451539339,1.0071033334,0.0,0.0,0,,0,1.0,0.8178047783,4.0,-16.21142775,0.0306738236,-0.070207555,0.2153837627,12.041728622,1.2165941153,0.3932214436,-2893.386669,0.0238858186,14.744031791,0.0040852602,0.0395458105,0.0457634798,0.0056372044,0.1974587039,-0.056616147,1.0,0.0016008538,0.7212158332,0.1386411227,6.0,15.770370363,-0.330470902,2.809580032,0,-0.25352422,0.0341541134,0.0230765235,0.0304002266,0.5146111819,9.7802265947,5.089096e-10,8.8033697e-09,0.9491974207,0.9009757435,-0.458309697,0.0565095987
82292,0.9083510809,0.0901643847,-11.1044211,0.0213992695,3.4863881483,1.6185513142,0.0354395796,0.0284781033,0.0366328567,0.004576659,0.012193765,-0.020811839,-1.000354233,0.1803607086,0.0208118386,20,0.0,0.0,0.057137493,0.0408376619,0.0039146828,,,,0.0961649643,,0,20.57627866,0.6342564414,20.57627866,0.6342564414,5.7862525691,1.3367801841,0.0291061249,0.0,0.0,1,0.1383508578,0,0.0,0.1637695124,8.0,-0.009475984,0.0575198958,-0.063793629,0.057159168,0.4911949589,-0.543344203,0.0818769109,-6529.802678,0.0331128264,15.119135082,0.0009240555,0.0054578747,0.0265428915,-0.009563135,0.0571113169,,0.0,0.0024453024,0.1631360027,0.0324626509,3.0,15.368092068,-0.213096535,1.1043078093,0,0.048781298,0.010308139,0.0082408779,0.0124651347,0.3259333999,1.93455758,3.458535e-10,2.0114708e-08,0.6660183643,0.4435804615,-0.068385131,0.0194373516
82298,0.8841758748,0.076868684,-3.973707502,0.0956644299,0.7090241357,0.5590540207,0.0920574865,-0.044109863,0.1447853847,-0.013572122,-0.049131953,-0.073823216,-1.565381863,0.1971975277,0.0738232163,20,0.0004723165,-0.054545455,-0.027888863,-0.016185568,0.0014674882,0.0657192757,-0.07418293,0.2293139647,-0.040044138,0.5395898951,0,1.0495105329,-0.712117551,0.9837715929,-0.724841366,11.274197295,6.067905972,0.2303400564,0.0,0.0,0,0.0,0,0.0,0.2342118985,6.0,0.7174025324,-0.10034105,-0.242026214,2.0208679043,-0.984420004,0.4713521214,-0.165418569,2534.5697096,0.0279332649,15.017805224,-0.000702917,0.0173220164,0.0320407161,-0.053918268,0.0197123851,-0.487803035,2.0,0.023699422,0.864034483,0.1934610382,6.0,16.537286501,0.6275064777,4.0423246094,0,-0.500704589,0.0630872399,0.0277312557,0.0460720361,0.2328549371,3.9189691365,4.522585e-10,6.2599776e-09,1.7326425355,3.002050156,0.0539734857,0.0490745251
82518,1.1441946744,0.0868902311,-9.082962706,0.0,1.3280432809,1.3498871416,0.1080740495,0.1324317769,0.3818275334,0.0216549121,0.1309806664,-0.027657397,-0.757302405,0.1526924121,0.0276573965,20,0.00191782,0.2285714286,0.119938997,-0.114444957,-0.036553261,0.0513902348,-0.072746368,0.1126025541,0.1118334557,0.3073706335,0,0.901723987,0.5135184767,0.7981097401,0.4568327661,16.755501506,67.162024141,0.120864082,0.0,0.0,1,0.7198544943,1,0.0,0.7647362838,4.0,-0.047206714,-0.005128981,-2.727180435,0.8376406525,-0.20649387,-0.407303707,0.0870682717,-4465.878195,0.0775320588,11.526456013,-0.00973062,0.001985018,0.0042808428,-0.006988916,0.0318818959,0.3264575855,0.0,-0.036372221,1.615779994,-0.029124063,2.0,10.72343253,0.1619834848,0.6228806418,0,-0.101596569,0.0559661798,0.0188901157,0.0301681873,0.7188117875,2.1374250261,5.039351e-08,3.0599426e-08,0.5615021753,0.3152846928,-0.082674417,0.032208245
82515,0.0885224977,0.0401008885,147.45177613,0.0136215211,0.2338380435,0.8138721165,0.2156197642,0.0839758134,0.7996008551,-0.041164415,0.2007016643,-0.012958598,-0.100486033,0.0441304677,0.0129585984,20,0.0439972552,0.0277777778,0.0802336876,-0.042348863,0.0076646246,0.2716246127,0.0020849359,0.0647882092,-0.146165727,0.4491173666,0,2.182924072,-0.002877097,0.5832351289,0.0361304454,151.48766015,15.973280245,0.2130626659,0.0,0.0,1,0.2117071551,0,0.0,2.2754575759,5.0,-0.142452688,0.0661609757,-0.141999165,-0.495076512,-0.298479784,0.5854435279,-0.215145957,549.65532823,0.0457306398,15.117628599,0.0021919502,0.0354863609,0.1524547903,0.0098146118,0.0313074334,-0.003031028,0.0,0.0004149378,0.9637253374,0.0816851556,6.0,15.454317308,-0.187651266,1.6221662269,0,-0.034541484,0.0283802394,0.0113185661,0.0208470751,0.317845747,2.5345136907,3.956261e-10,1.4944414e-08,0.8789294138,0.7725169144,0.0372466233,0.0223020177
82521,0.9098217135,-0.322641852,-2.408140324,0.0,0.970276849,2.254691122,-0.186803936,-0.087777053,0.3687317309,0.2511815878,-0.127355364,-0.123381962,-0.753562235,-0.079511137,0.1233819623,20,-0.041162939,-0.12703252,-0.189693227,-0.330079197,-0.007159211,2.0682607807,0.412633145,-0.05632148,-0.04141195,0.5130299278,0,1.2899780395,-0.054894085,1.0594554801,0.0381915033,6.1693233468,3.8418545317,-0.08248639,0.0,0.0,0,,0,0.0,0.7853850325,3.0,7.1988721385,-0.007205559,-0.265238217,0.544208307,-1.174999633,0.0744744517,-0.08720218,-4365.526139,0.0410566741,12.015900885,5.49323e-05,-0.016245587,-0.030290146,-0.060519676,0.1433530701,0.0028865916,2.0,0.0037037037,1.925158714,0.0227914602,3.0,12.546795135,0.5672268696,1.1684872023,0,-0.131569503,0.0985577703,0.0284294263,0.0405732304,0.5355316368,2.9536857957,2.4744642e-08,1.9619408e-08,1.0557312095,1.1145683867,-0.209296068,0.0623143876
82307,0.3165752777,0.0442741398,5.1996056777,0.0,0.7195672151,0.7834066436,0.1136604058,0.0493504924,0.2054623236,0.0116249068,-0.003695903,-0.042023947,-1.018225342,0.0893551909,0.0420239469,20,0.0026985075,0.0087108014,0.0876446462,-0.005851964,-0.057401039,0.1734677305,0.0179175341,0.0338159635,0.1665059214,0.2298244293,0,1.8561239498,0.3161008751,1.7909694865,0.3032332853,9.8224421175,6.417173508,0.0977917254,0.0,0.0,1,0.5577288364,0,0.0,0.6982532799,7.0,-355.6572651,0.027556949,-0.171666185,-2.042840249,-1.431427557,0.0272801118,-0.048013103,13296.044822,0.2277833408,16.556403543,0.0016814154,0.0113935754,0.0419425555,0.0179422527,0.1042754663,-0.004195728,2.0,0.0005530209,0.0738468301,-0.000711831,6.0,16.623636303,-0.002308344,1.0775641646,0,-0.166303822,0.0205395054,0.0073022664,0.0130953275,0.2140593987,0.972188412,9.162128e-11,2.5459276e-08,0.7581946239,0.5748590878,0.1232627275,0.0201643211
82575,0.6931504821,0.0643299382,-30.17054191,0.0167365917,4.9172645616,0.2800944394,0.0281248077,0.0765087282,0.0512849787,0.0032292788,0.0756212859,-0.009635796,-0.810504939,0.1164696709,0.0096357961,20,-0.000140473,0.0548187445,0.0714947751,-0.0525521,0.0151428562,0.1102593628,0.0590319116,6.33522e-05,0.0828466043,0.6060945135,0,0.9970215058,0.0350953695,0.9954472358,0.035474972,1.8706453455,0.0628037347,0.0160759119,0.0,0.0,0,,0,0.0,0.4175485925,7.0,0.0058195871,0.0024098541,0.0110687105,-0.227072419,-1.07989615,,0.0369320296,-4656.495382,0.0286434127,14.158149314,-0.000134891,0.0024923675,0.0195958526,0.0055834359,0.0254576634,-0.025681194,0.0,0.0012560184,0.550843811,0.0152628496,5.0,13.779607634,-0.213699137,0.8151088039,0,0.0654744878,0.0391075127,0.0152796468,0.0238304834,0.4711713505,2.1793884277,2.570826e-09,2.2710005e-08,1.06493368,1.1340837427,-0.016980458,0.0258092396
82567,0.1950559579,-0.039760986,32.8528613,0.0,0.1000412691,0.0211062172,-0.076548642,-0.089005085,0.0338652233,0.0475646824,-0.167035332,-0.061136892,-0.473518344,-0.02093343,0.0611368918,20,-0.001109365,0.0784,-0.055992956,-0.048673257,-0.033451135,0.9095728475,0.0178297104,0.000766071,-0.039098139,0.1035397377,0,1.7190143302,-0.349512762,1.5192333145,-0.3788462,0.9403345476,3.9525048796,-0.329817141,0.0,1.0,0,,1,0.0,0.039777045,3.0,-355.6597549,-0.038568947,-0.101976987,-2.164359569,-1.275004443,0.2766021907,-0.158301724,1280.8437122,0.2277833408,15.584986926,-0.062299301,0.0840693259,0.1536280425,0.0269007481,0.0703429511,0.6803985347,2.0,0.0071343639,0.1311013075,0.1074388654,3.0,16.242912754,0.4507929706,1.4876784962,0,-0.166303822,0.038910564,0.0151347916,0.0284427991,0.2611363695,1.5245161501,3.276582e-10,1.7325693e-08,1.1569466049,1.3385254466,-0.099052938,0.0520563241
82581,0.2459902922,0.0407487425,65.290412299,0.0,0.241115327,0.906762403,0.1249884393,0.0914140933,0.543771188,-0.018838616,0.1790174495,-0.021494897,-0.271257754,0.0518021549,0.0214948974,20,0.0131582225,0.09375,0.0848000141,0.0162822888,0.0161321291,0.4725582351,0.0677571365,0.0267211958,0.0101956881,0.2913601009,0,1.6365080605,-0.10477164,0.8906017658,-0.1282861,115.91512618,9.1984333717,0.2406455963,0.0,0.0,1,0.2898101611,0,0.0,1.0894949262,4.0,-0.145124256,0.0599167431,-0.076026943,-0.337608717,0.1406790995,0.0658917131,-0.20747427,9227.1428382,0.0457306398,16.443401052,-0.000337649,0.0209208687,0.0446096641,0.0056118913,0.0094923408,-0.000135353,2.0,0.0003390597,0.5112330475,0.0014830492,6.0,16.623306157,0.0054253532,1.1819267419,0,-0.034541484,0.0140016759,0.0098815394,0.0148785063,0.2241829505,0.9363795784,1.228554e-10,2.3066822e-08,0.7237450371,0.5238068787,0.0128775768,0.017123429
82618,0.3088232025,0.0476592966,5.320456743,0.0112671197,0.1720147195,0.3135369714,0.1971202631,-0.018949887,0.3291279572,-0.042380743,0.032105071,-0.066510693,-0.685894827,0.0803485616,0.0665106926,20,-0.005675434,0.5929657446,0.0741811633,-0.207241169,0.0158634915,0.5561774098,0.1741722035,0.02271069,-0.063120132,0.3653306629,0,1.9170923322,-0.492737362,1.5984943057,-0.494811259,2.9267678864,6.5328441036,0.3939895734,0.0,0.0,0,0.0,1,1.0,0.4792071381,6.0,7.117288038,0.0584018263,0.4547600481,-0.056790204,-0.480462352,0.427528185,0.0726575187,16687.488121,0.0410566741,16.530349746,-0.002713139,0.0145376253,0.0232266724,-0.026982608,0.1872251117,-0.008824416,2.0,0.0053377508,3.9389025137,0.0694894465,7.0,18.110711888,-0.180293313,3.7736542397,0,-0.131569503,0.0099132499,0.0067241192,0.0095240068,0.4006678529,5.718529717,2.431954e-11,7.2565315e-09,1.2538430581,1.5721224143,-0.082020792,0.047143277
82649,0.3794486867,0.069604391,1.8577740269,0.0345306065,0.5413157542,0.616351926,0.1231730447,-0.030872264,0.2128389415,-0.030455399,0.0521870287,-0.063210286,-0.849498328,0.1287332047,0.0632102862,20,-0.020240564,0.0,0.027820911,0.1342038897,-0.12671441,0.1121546961,0.2081979868,-0.053903953,-0.128963306,0.5211021406,0,4.2056680162,0.1267838904,3.3279352227,0.1844914137,2.7361350327,7.5647619048,0.1915331471,0.0,0.0,0,0.0,0,0.0,0.4513715711,6.0,47.631147792,-0.102646277,-0.20862324,-8.440953989,0.555029848,0.1021407455,-8.628618779,-4258.654157,0.0248274717,13.864623871,0.0029301644,0.0229637603,0.0551605257,-0.018992811,0.2397535494,0.0623481721,3.0,-0.001454334,-0.13357748,-0.024594362,6.0,14.665541602,0.010312206,1.9647802036,0,-0.25352422,0.0350256488,0.0140421239,0.0225246146,0.2313816977,1.6999430034,1.9097088e-09,1.6269158e-08,0.6261652394,0.392082907,-0.487839924,0.0348318614
82552,1.6620235232,0.0183780965,-3.268648982,0.0,0.5109767193,0.4027319186,0.0338465995,0.0931849791,0.0350514419,-0.009702757,0.5621202832,0.1018283426,7.1399454114,-0.19257802,0.1018283426,20,0.0,0.8625,0.2999646893,0.7877231402,-0.063409043,0.7625,0.5880165289,0.000414483,0.0019124137,0.1505296328,0,11.762816735,-0.378665679,11.762816735,-0.378665679,1.8169031462,2.830471553,0.0518197838,0.0,0.0,1,0.9748749974,0,0.0,0.028664223,2.0,29.715642138,0.0716786643,0.7585276139,0.7152996154,5.0706952132,5.8541623052,-2.695621874,-2991.221089,0.138519725,11.697162792,-0.004015879,-0.001613027,-0.002051031,-0.02964562,0.102434154,0.0260836738,0.0,-0.005187072,3.1076250578,-0.022308677,3.0,10.373360219,0.138923656,0.4857887586,0,-0.258063742,0.1346801221,0.0295991347,0.0105190006,1.1795915071,1.5040620031,4.9719458e-08,6.2197788e-08,0.1774010482,0.0314711319,0.8622184491,0.0224064441
82643,0.499357472,0.0312666635,-0.432111575,0.0337174007,0.9367350093,1.4666871685,0.080838767,0.0037574251,0.4561127228,-0.011290323,0.0526830135,-0.094834956,-4.347661188,0.1672035231,0.0948349557,20,-0.0041916,0.0583333333,0.0116970226,0.0795723266,-0.036852027,0.3307467243,0.0812822489,-0.018013538,-0.076737558,0.4938753406,0,1.5143234541,-0.119147147,1.3054569471,-0.121086837,3.9731234608,8.8009962049,0.1467647695,0.0,0.0,0,0.0,0,1.0,1.1754732149,5.0,7.0842068275,0.0092426379,-0.079872363,0.1337440655,-0.757011725,0.4037141122,0.1595124802,-1921.160019,0.0410566741,14.698443496,-0.008667664,-0.00376098,-0.012746331,-0.037410021,0.0358765785,-0.01724752,1.0,-0.000345066,1.8672511173,-0.058695805,7.0,15.409279689,0.467935126,3.8866288338,0,-0.131569503,0.0934795663,0.0241754707,0.0233451705,0.949464762,61.413279121,5.064553e-10,3.0661496e-09,1.7429579307,3.0379023482,0.0125569724,0.0430315903
82547,0.4934557235,0.0488110425,2.1653301446,0.0,0.217764032,0.6057984177,0.1063949903,0.0483814897,0.3175441095,0.0026910922,0.111869082,-0.042770865,-0.608828913,0.0785286165,0.0427708655,20,-0.021964104,0.1010638298,0.0659848922,0.1109303671,-0.079247732,0.7219422971,0.3346999555,-0.010827334,0.0226132601,0.4216070097,0,3.346841965,-0.017889718,2.5021941903,-0.003375756,4.542393743,4.4955707182,0.3411090654,0.0,0.0,0,,0,0.0,0.4459331442,5.0,-10.01291215,-0.046484009,0.0185016782,0.4660975804,-1.429532026,-0.556336461,0.151721859,-2151.576803,0.0318276958,14.062440508,0.0140925451,0.0455282235,0.0895097753,-0.030939924,0.3874228333,0.0583033787,1.0,0.0011406844,0.3118417757,0.0523283943,5.0,14.856202549,-0.01225553,1.8236542835,0,-0.095378135,0.0197157562,0.0181697102,0.0238373233,0.3135666599,2.9670145082,1.1666685e-09,1.1805472e-08,1.2279224249,1.5077934815,-0.040914433,0.0441917792
82642,0.1121423726,0.0335177398,16.953363137,0.0107919181,0.1411291074,0.3318345504,0.2393853498,0.0470719805,1.1556399959,-0.020901837,0.1463969595,-0.106083933,-0.784645055,0.0598172685,0.1060839334,20,-0.009709461,0.0377358491,-0.01716703,0.1313140838,0.0054835172,0.2776137431,0.0682264031,-0.003621899,-0.054917118,0.4645071245,0,2.0923862146,-0.108138372,1.5230848473,-0.112899693,7.068651236,9.1787143465,0.3500809618,0.0,0.0,0,,0,0.0,2.3433811513,4.0,-16.10466031,-0.045238799,-0.268372251,0.0448083036,11.294091072,0.583973065,0.393044972,27251.976451,0.0238858186,16.873051853,0.0029617839,0.0375400524,0.084897892,0.0068110531,0.128100743,-0.014047151,1.0,0.0014873575,2.6299523391,0.0576560973,7.0,16.970746636,0.2042082666,1.3673691888,0,-0.25352422,0.014208504,0.0098849004,0.0139597847,0.2948805714,1.5636976695,6.258745e-11,1.7814624e-08,0.804050845,0.6464977614,0.1119188107,0.0219086915
82651,0.2021552839,0.0460525832,3.2764596465,0.0,0.2116088565,0.2122571478,0.2985043999,0.0824268994,0.3483553558,-0.019712564,0.0900335045,-0.021453609,-0.185413095,0.0545913352,0.0214536088,20,0.0009731169,0.0328583403,0.0447039152,0.0385992944,0.0035842971,0.2930223302,0.1947089753,0.0080650271,0.0745774805,0.689095677,0,4.9067409452,-0.064180519,4.4830268486,-0.055257593,0.9678678673,4.5878011881,0.2765654305,0.0,0.0,0,0.0,0,0.0,0.6884389677,5.0,-10.05418058,-0.030771051,-0.049703811,0.1747971408,-1.295455062,-0.452796349,0.1277845777,6258.2249367,0.0318276958,16.170783722,-0.001235448,0.0288621252,0.0601682295,0.0007680019,0.5606884717,8.75421e-05,2.0,0.0002537856,0.570871029,0.0392326817,6.0,16.490831229,-0.00238195,1.3950820145,0,-0.095378135,0.0242730174,0.0146962193,0.0178026445,0.4506635511,3.8577250664,1.413493e-10,1.252126e-08,0.7160642474,0.5127480064,0.078385189,0.0215400721
86042,0.1714013647,0.0945885102,6.7795633849,0.0,0.5251460635,0.6451992975,0.1241821816,0.0836725048,0.3383815184,0.0049558197,-0.074893397,0.0721093726,0.5170769242,0.0456789743,0.0721093726,20,0.0047183292,0.0622889306,0.1312608425,0.0051064806,0.0413268802,0.2906180338,-0.040070723,0.0299780724,1.3218113664,0.3760562032,0,2.7460505972,0.0878802666,2.3346852802,0.0844826482,6.2787646304,6.6624970235,0.2442936557,0.0,0.0,1,0.7350917431,0,0.0,2.5993635423,7.0,-0.117556029,-0.027415621,0.0247388172,0.0633756457,-0.43793927,1.6475093922,-0.043123659,-680.9234903,0.2205392669,14.208403822,-0.062299301,0.0961391205,1.0433494835,0.0193098661,0.1456529444,0.0143316129,2.0,-0.00106383,1.5499238381,-0.134688821,2.0,14.594616703,-0.195219256,1.8704919066,0,-0.067940389,0.0380208082,0.016868977,0.0244883155,0.2764593839,2.2483361961,1.204445e-09,1.3123328e-08,1.3042157718,1.7009787794,0.013389344,0.0387490307
82634,0.1152590382,0.0239807193,41.613639172,0.0,0.0446673038,0.2386383233,0.2857521101,0.3627450318,1.1255103305,0.0252608457,0.1903725614,-0.09619952,-0.556164112,0.0373179347,0.0961995204,20,-0.009702298,0.1830357143,0.221843359,-0.215263345,-0.004638728,0.0912023776,-0.054057457,0.3134605641,0.4437658275,0.5846993511,1,1.8831079241,0.1964666955,1.4174003812,0.3713628868,11.819153949,14.274533671,0.8073219275,0.0,0.0,1,1.1041666667,0,0.0,1.6545376301,5.0,24.40225608,-0.119419604,0.0964885214,-0.079137145,0.1711130782,0.0148512236,0.0406539144,-7173.506555,0.0457936334,14.192001882,-0.001141016,0.0557736822,0.0750443963,0.0085438231,0.1948309276,-0.014099671,2.0,0.0005697735,1.5338879738,-0.116985833,6.0,15.60972954,-0.175378962,3.9316623822,0,0.0957318355,0.0162840318,0.0211288241,0.0260549728,0.5086800078,19.162594451,4.646666e-10,4.6965365e-09,1.0645453119,1.1332567212,0.2052809405,0.0393046177
82573,0.7654905947,0.0742241339,-105.3568633,0.0299537391,7.7527148963,0.3479267811,0.0247626889,0.0752963941,0.0336018143,-0.023868805,0.0773605498,-0.002681427,-0.296955175,0.0962653746,0.002681427,20,0.0005951923,0.1216931217,-0.012904485,-0.125435279,0.1358271089,0.1286354491,-0.234579596,0.0009378374,0.0548283133,0.5428187316,0,1.1016289179,0.0354801965,1.0998073955,0.034794029,6.0519772362,0.0547835733,0.0105619303,0.0,0.0,0,,0,0.0,0.3667959827,7.0,0.021296131,-0.001963176,0.0779430877,-0.154732306,3.5761741122,,0.0167277334,-4902.463742,0.0286434127,13.267245272,-8.1562e-05,0.0020537451,0.0238198279,-0.004660619,0.0062656361,-0.01272651,0.0,0.0004995005,0.8286908096,0.0536799552,5.0,12.586061818,-0.152611374,0.6049591531,0,0.0654744878,0.0128632905,0.0117440404,0.0182159616,0.5394269182,1.7910750894,6.7428371e-09,3.2598133e-08,1.0571543058,1.1175752263,0.0273169841,0.0237947594
82587,0.5453788912,-0.151758326,1.1858212608,0.0,0.1196869725,0.362461587,-0.284023412,-0.188843778,0.1495926515,-0.020700972,0.1571772253,-0.18364482,-0.898487885,-0.015405309,0.1836448198,20,-0.026438181,-0.098639456,-0.058622472,0.1375602768,-0.113913527,0.3668329955,0.0510520422,-0.001294883,-0.238795718,0.6409734276,0,4.3253278478,-0.320392482,3.3373103626,-0.335821681,1.2832811276,5.423181931,-1.127137546,0.0,0.0,0,,0,1.0,0.1711879973,2.0,6.9409963544,0.0669775146,-0.236845152,0.1797654847,0.5196286197,-0.9002282,-0.023096352,-4270.164269,0.0410566741,11.504086556,0.0031210186,-0.035218723,-0.042130392,0.0364259035,0.4529615048,-0.022300658,0.0,0.0130434783,-0.035844706,0.0828597322,4.0,10.006359975,-0.032804826,0.2514447135,0,-0.131569503,0.0542985909,0.0180973532,0.0318505979,1.5202958652,2.0985678708,2.2994003e-06,1.0930395e-07,0.9591294222,0.9199292486,0.0417537022,0.0511637239
82607,0.1872836184,0.0416128579,9.80041113,0.0,0.3377355181,0.6559917787,0.1260888372,0.0169143948,0.3663184297,0.0105191907,-0.045039516,-0.005418731,-0.067798215,0.0444341354,0.0054187311,20,0.0,0.1992287918,0.0282093347,0.0103590864,-0.010568745,0.352135682,0.0138882039,0.0241543075,0.1516494397,0.4623809142,0,1.4967318327,0.0286913525,1.4967318327,0.0286913525,11.235434225,3.1681907543,0.1895398065,0.0,0.0,0,0.0,0,0.0,1.1508410351,6.0,0.6104409164,-0.537998605,0.0233194768,-0.142578369,-1.095224761,0.2519689159,0.1307310355,1255.2770173,0.0767661838,14.98844359,-0.004002527,0.0133510561,0.0374275124,0.0034943828,0.087717349,-0.002109755,0.0,0.001130491,-0.170230931,-0.010787771,6.0,15.488022052,-0.024845612,1.8801492462,0,-0.045482084,0.0423148908,0.0216634267,0.0274140078,0.3917439588,3.7501921847,4.767348e-10,1.1447905e-08,0.8765875414,0.7684057177,-0.096832304,0.035948758
82599,0.8566399667,-0.021528034,-36.67476281,0.0,0.3705311806,1.4064819155,0.0314212122,-0.188200037,0.115987902,0.0075140226,-0.38087746,-0.104965868,-6.676980399,0.1222142243,0.1049658683,20,-0.090094699,-0.101904762,-0.151944251,-0.013222686,-0.083494784,0.1066857725,0.1476481912,-0.132215504,-0.061924766,0.516203051,0,6.6057314928,0.3077764586,2.5921301935,0.5111254149,765.27134725,6.3670924046,0.0573894391,0.0,0.0,1,1.0,0,0.0,0.1824937942,5.0,-0.212237682,-0.106119827,-0.09983957,-0.022334238,-0.774407775,-1.014193151,0.0208552079,-2196.47338,0.0979159386,11.545321691,-0.02494607,-0.005141414,-0.006529947,-0.513693284,0.002240499,-0.019596322,1.0,0.0068912711,0.4603088386,0.0842744138,2.0,12.049492312,0.271838443,1.3292245552,0,-0.200344257,0.0792811811,0.0334584409,0.0550814791,0.3680600676,1.2781797285,8.5552297e-08,2.5192095e-08,1.6169220189,2.6144368153,0.1010264579,0.0371255596
82762,1.0447905728,-0.730313433,-0.545426816,0.0,0.2150647838,1.0566346475,-0.370789579,-0.376874526,0.1772025296,0.0165077772,-0.19764772,-0.373995813,-0.840281361,-0.116644668,0.3739958129,20,-0.063004964,-0.114503817,-0.175815348,0.0769131866,-0.18661201,2.0582847627,-0.275692197,-0.062705779,-0.4042669,0.5701787014,0,5.464579135,0.0508146356,4.2085723144,0.0872509929,2.2178371823,7.1023216547,-2.637791181,0.0,0.0,0,,0,1.0,0.2042855199,3.0,2.3580220204,-0.042106904,-0.281744347,1.8599450311,3.0898929316,-1.065658247,-0.024995861,-5039.554337,0.0446872923,10.955181905,0.0003520545,-0.024973996,-0.031018739,0.0268485932,0.3751780223,0.0053431476,3.0,0.1403508772,2.2007650137,0.1489354819,2.0,9.2823307098,-0.228703673,0.2028927308,0,-0.101630079,0.0420167632,0.0183028733,0.037420123,1.1085229009,0.7465169821,1.4391875e-06,1.0566893e-07,0.715410847,0.51181268,0.5505391674,0.0645954739
82779,0.1621282597,-0.058567067,6.7760881006,0.0,0.0327507303,0.0216476509,-0.785813152,0.1698122804,-0.331304543,0.144626297,0.418340825,-0.062245697,-0.192086513,-0.047317123,0.0622456972,20,0.0226980168,0.4460093897,0.4658857279,-0.072018316,-6.045797775,0.2798804276,0.3060170184,0.0557182638,0.1298207977,0.6907049695,0,5.5152421151,-0.279828455,5.2935279634,-0.300315829,0.1821113969,2.8896324222,-1.957919759,0.0,0.0,1,1.3156996587,0,0.0,-0.385388272,3.0,47.399768069,-0.033291072,0.2373861496,-8.658274416,0.6051969171,-0.42660587,-8.804669107,-4131.092197,0.0248274717,14.165394496,0.0,-0.077984827,-0.085448255,-0.000885396,0.7171567392,0.198092339,0.0,-0.084865629,0.0995189885,-0.098222977,6.0,15.820776283,-0.096924953,5.3346455772,0,-0.25352422,0.0639534742,0.0296153532,0.0501646316,0.1975971965,3.462570116,7.768565e-10,5.2887326e-09,1.8368010219,3.3738379939,0.1174111499,0.0797956376
82686,0.2119076905,0.024540364,7.6493361489,0.0,0.3254554361,0.3063956426,0.0976231727,0.0575102993,0.5385408487,-0.122827884,0.7640498361,-0.110825031,-2.360761631,0.0824743138,0.1108250307,20,-0.000277875,0.0998254419,0.0768980899,0.0469967886,-0.014229221,0.7367739866,-0.066304918,0.0292994444,-0.345249588,0.267646427,0,1.061766206,-0.005504788,1.0538315298,-0.003947323,3.9812771326,4.6602184754,0.1998518775,0.0,0.0,0,0.0,1,0.0,0.8369995605,4.0,-10.16257243,0.1043892589,-2.341640707,3.9899304597,-0.799179369,-0.283609518,1.0770465918,6023.0872416,0.0288563477,16.356604321,-0.000622578,0.0101645318,0.0251366955,0.0049860274,0.198465151,-0.006453933,0.0,0.002886836,0.5468948959,0.0683835397,8.0,17.017730599,-0.225620644,2.3478592582,0,-0.111549313,0.0435916819,0.0156955708,0.0233540468,0.5016979038,7.4156765247,9.823005e-11,8.557878e-09,1.11695705,1.2475930515,-0.056141568,0.0319717243
82759,0.4466970308,-0.022679431,2.9898133545,0.0,0.6547067104,0.3808109284,0.0182345451,-0.040365556,0.2108611882,-0.034559167,0.0252605386,-0.105664843,-5.239431354,0.0961478891,0.1056648432,21,-0.000606543,-0.035714286,0.0039954228,0.13266312,0.0257472238,1.2399802158,0.0702053112,-0.008512815,-0.122672727,0.1625558122,0,1.6666038724,-0.081172447,1.6522452681,-0.079242138,3.5982604353,5.1750606975,0.0352632546,0.0,0.0,1,0.2203735002,1,0.0,0.429400246,5.0,-1.553303894,-0.060833317,-0.348746047,0.5607412004,-0.815470528,-0.776276938,0.1835547151,311.58419881,0.0278203388,15.383490471,0.0055220673,-0.001972975,-0.00473819,0.0003559375,0.0960882452,-0.011777138,1.0,0.0036652413,3.6131235717,0.1827815957,5.0,16.424497077,-0.0946049,2.245128341,0,-0.111549313,0.0214132555,0.0137696727,0.0208406935,0.4270464747,5.074079687,2.498641e-10,1.0256442e-08,0.9174861915,0.8417809116,0.2710540731,0.0382845419
89736,0.8265136457,0.0835246859,-69.39746979,0.0163521002,11.075582664,0.6364341856,0.0243809665,0.0217171114,0.0457138728,0.0060872874,0.0130900162,-0.006429651,-0.918878282,0.1602737058,0.0064296508,15,0.0021731655,-0.026849642,0.1042337503,-0.004271382,0.0067287562,0.1358013358,0.0690337865,0.0013525294,0.1589240892,0.4855156507,0,0.8394592139,0.0685124815,0.8206820354,0.0668788042,4.1747214812,0.083216866,0.010806046,0.0,0.0,0,,0,0.0,0.7569166094,7.0,-0.008337489,0.0018500867,-0.070599676,-0.093709255,-1.138790125,,0.0807360646,-4996.834722,0.0286434127,13.619088242,0.0003418813,0.0021709074,0.0251758442,0.0153928996,0.0137322352,0.0049486018,0.0,0.000551116,0.334423964,0.0008696895,3.0,12.938967401,-0.160155907,0.5998559117,0,0.0654744878,0.0845294893,0.0211761738,0.0241826798,0.5286688632,2.2098465809,3.9686366e-09,2.8715425e-08,1.0246243918,1.0498551443,0.0031398216,0.0273115093
82670,0.1125441089,-0.078372861,7.9337833858,0.0,0.0093362913,0.0002135615,-7.087692887,0.8030221151,-0.732236272,0.3101909899,-0.175353686,-0.307298734,-0.371470572,-0.04925965,0.3072987342,20,0.0,0.8461538462,0.0,-2.148148148,1.7626437921,0.2,0.2,0.0002909877,0.9998502022,0.9089360439,0,16.640304628,1.4848546045,16.640304628,1.4848546045,0.0019295217,1.7882352941,-7.587159083,0.0,0.0,0,,0,0.0,-1.414265741,3.0,-184.6367821,-0.031489973,0.6375306061,-8.707858567,2.348844281,-0.42660587,-8.806611634,-4835.627237,0.0248274717,13.108405663,0.0,-0.110480968,-0.120903054,0.0,0.7390645726,0.6578947368,1.0,0.0069444444,-0.399978281,0.0783363767,3.0,13.406534286,-0.149643995,1.3273830337,0,-0.25352422,0.0525727384,0.0334683713,0.0588677496,0.2315568887,1.2461790216,9.5439337e-09,1.7832103e-08,1.4851059556,2.2055396995,-0.205497813,0.0969278666
82768,0.8154340088,-0.053539196,-3.403146552,0.0,0.4455268358,1.7289836397,-0.033552256,-0.061702222,0.5466189656,0.0073990671,-0.014054906,-0.114708898,-2.790465632,0.0958600906,0.1147088983,20,0.0128517717,-0.006134969,0.0451740222,0.296948166,0.1196259778,0.3606933469,0.0183959795,0.0421801157,-0.085839766,0.4296864526,0,3.3031019979,-0.081830039,0.8696109359,-0.239376419,125.55603448,12.011958763,0.0678616311,0.0,0.0,1,1.0792902689,0,1.0,0.8074261379,6.0,3.1725023276,0.1694232204,-0.1733755,1.6305884671,2.6360950365,-2.065658247,0.1875088974,-5102.324737,0.0446872923,7.9755474869,0.0,-0.096013338,-0.17532235,-0.69353987,0.0163784279,-0.01671372,0.0,-0.596608578,0.6982699642,-0.152361576,4.0,6.6939430425,0.2801330307,0.1841832964,0,-0.101630079,0.1050000116,0.0404946466,0.0508604607,1.2126135385,0.8316288782,4.39584e-05,2.0000001441,0.0790887444,0.0062550295,0.6603829703,0.1099777245
82775,1.0579940483,0.0762411309,-29.70046088,0.0163898651,12.789350811,1.0353873379,0.0070973934,-0.118290366,0.0078378028,-0.063700942,-0.126211006,-0.002053942,-0.398072646,0.1065906397,0.0020539418,20,0.0,-0.027777778,-0.293999769,-0.27891935,0.2835499732,0.238267148,0.2009212,0.0001943257,-0.009785771,0.1296584059,0,1.255225624,0.2033938614,1.255225624,0.2033938614,2.4554349283,0.548930305,0.0063758057,0.0,0.0,0,0.0,0,0.0,0.0953186988,6.0,0.0477608054,0.0209808423,-0.091571407,0.2068021354,,-0.944700079,0.0081068419,8033.1106721,0.0331128264,16.675332997,-0.000408741,0.0015434404,0.0204092829,-0.006850786,0.0281309812,0.0085399626,0.0,-0.00218436,1.1416478868,-0.070394599,2.0,17.153516033,-0.176667538,1.4846981964,0,0.048781298,0.0171768069,0.014193656,0.0165263837,0.2945045327,2.2427216407,8.881349e-11,1.5850249e-08,0.9455669967,0.8940969452,0.0513309525,0.0202865996
82702,0.3934747635,0.0254167617,2.8378667297,0.0,0.0847860591,0.2641472178,0.1310020005,0.0825279385,0.3451510297,0.0221571666,0.0246358183,0.0236363987,0.4278067407,0.0145432997,0.0236363987,16,0.0100793788,0.0904419322,0.1652916313,-0.131160361,0.2266766853,0.1670625874,0.053502509,0.0270913601,0.0958698005,0.6155859913,0,4.6027448188,0.0736263572,4.0950541591,0.0687762506,1.4367611894,4.0688715953,0.4697333615,0.0,0.0,0,,0,0.0,0.4246417256,5.0,47.518054763,-0.004955915,-0.118181308,-8.426927912,0.2612432439,1.7387809199,-8.742808684,-3290.862917,0.0248274717,14.71740404,0.0141553055,0.0175932892,0.036200813,0.0245803549,0.1595299508,-0.092957158,2.0,0.0077979326,0.0729643211,0.0901084174,4.0,15.350656621,0.197902937,2.0889442834,0,-0.25352422,0.0726430416,0.0239378444,0.0396817771,0.334318909,2.6179664266,7.11888e-10,1.2630222e-08,0.8731480959,0.7623875974,0.252151927,0.0457105498
82699,0.3114397678,-0.526894674,-0.70417446,0.0525335111,1.4737328211,2.3506940831,-0.067813183,-0.23400207,0.4123786209,0.0018146381,-0.085532125,-0.296574122,-1.241199502,0.1270867328,0.2965741219,21,-0.090094699,-0.086021505,-0.148617955,0.1958468036,-0.029864744,0.4581604785,0.0265065573,-0.078002888,-0.643118799,0.3808975448,0,1.9627089922,-0.115037387,0.8480532649,-0.13586749,21.684387545,9.4800026562,-0.267622632,1.0,0.0,1,5.34229e-05,0,0.0,1.1002401688,3.0,-16.19588198,0.0592729345,-0.392129606,0.2441056987,10.879719524,0.3035196586,0.4603144363,-4810.178549,0.0238858186,12.632575749,-0.000728395,-0.019596077,-0.0873689,-0.020315831,0.0413071658,-0.018962678,1.0,0.001710864,0.2413204701,-0.013160856,6.0,12.562697397,-0.075468561,0.8813538571,0,-0.25352422,0.0959537551,0.0346350444,0.0540417777,0.4119862114,1.0617109974,3.6817743e-08,3.9060128e-08,1.4787296435,2.1866413585,0.0960450231,0.0689406782
82747,0.7369578613,-0.174735984,0.4706853399,0.0,0.0442932505,0.0091254769,-0.886422835,0.0842528567,0.0100289343,0.0613456127,-0.607215241,0.0243529412,0.1053649598,-0.193147034,0.0243529412,20,0.0119764706,-0.363636364,-0.744329897,-3.701815015,0.0196909751,0.102960103,0.5610496544,-0.293245629,0.4536491228,0.7222233706,0,13.643365425,3.2792663029,13.430305567,3.428478885,0.0201247499,0.08145443,-1.46515572,0.0,0.0,0,,0,1.0,0.0143508772,4.0,-19.62820746,-0.340597883,-0.472163299,1.0376759823,4.3467987438,0.7723409449,0.740871637,-3055.699736,0.0352290716,10.611710781,0.0245749843,-0.076077615,-0.08119916,-0.007467725,0.5620248748,-9.4,1.0,-0.048820251,0.1374471468,-0.0916797,2.0,12.549556842,0.352905425,2.4595986503,0,-0.095378135,0.0573684685,0.0305304164,0.0625039973,0.6324564479,2.2084590724,3.6258096e-07,4.6480548e-08,1.7985096812,3.2346370733,0.1947015519,0.1216836961
82800,0.2532948014,0.0581682243,21.287575189,0.0166252778,0.2494045207,0.2525631673,0.1952104678,0.0304616543,0.2628974181,-0.027174115,0.0118098248,-0.002013853,-0.017194647,0.0591684064,0.0020138534,19,0.0125226185,0.005527043,-0.027759211,-0.068078527,-0.015871072,0.0721207622,0.1795493916,0.1285039939,0.0489364909,0.4850016195,0,2.1633314652,-0.50376841,1.4365434158,-0.586477672,8.0160301379,9.3067697948,0.3289877351,0.0,0.0,0,0.0,0,0.0,0.484654285,4.0,74.77710871,-0.047536225,-0.058822379,-0.592800848,-1.380879977,1.8576820602,0.2335685458,22171.099147,0.1121772916,16.949084965,-0.004339823,0.0073743209,0.0169501419,-0.016226367,0.1082152649,0.0401810161,0.0,-0.004865269,-0.362688465,-0.032374188,5.0,15.890774943,0.2137056438,0.3950117206,0,-0.172615822,0.0321847945,0.018559327,0.02953855,0.3375735762,0.5381286838,4.16441e-10,5.7917089e-08,1.095582299,1.2003005739,0.0263480951,0.0345385435
82812,0.9781346554,0.0663938629,-12.3459418,0.0,8.233075275,0.4318357654,0.0369100169,0.0552873698,0.0466583053,0.4376761434,0.0218774744,0.003570676,0.4824041123,0.0343651904,0.003570676,19,0.0570108174,0.0441176471,-0.025879427,-0.142064008,0.3622853537,0.0893585465,0.1378599967,0.0585025911,0.4559593591,0.6607353896,0,1.4641776864,0.0188234619,1.3652044596,-0.04357668,0.7911976912,0.0594593031,0.0089283412,0.0,1.0,0,,0,0.0,0.6062133646,6.0,0.1592381302,0.0018333895,0.0003676131,0.0579117545,-1.145298761,,-0.045172451,-5460.391952,0.0286434127,10.664526999,2.36691e-05,0.002725357,0.0246922922,0.0172241444,0.3725634861,0.005419931,0.0,0.0060824536,-0.863546587,-0.017132943,0.0,8.5304779485,0.4814814607,0.0904150121,0,0.0654744878,0.0256409999,0.0161091396,0.0226406614,1.1478767926,0.3191747221,2.2869472e-06,3.3824913e-07,0.9085369603,0.8254394082,0.5890183679,0.1042489183
82824,0.103783899,-0.092401673,8.9143495767,0.0012410452,0.0191871804,0.0001745593,-3.813020884,0.3949060135,-0.732236272,0.4313379219,0.8174405436,-0.165834211,-0.189457067,-0.074895523,0.1658342111,19,0.0,1.5,0.5531914894,,0.5847854405,0.1531393568,-0.761094135,0.0279382646,1.0224603914,0.815262902,0,6.0218563724,-0.122885801,6.0218563724,-0.122885801,0.0017706843,,-6.180882708,0.0,0.0,1,1.0,0,0.0,-1.797716682,2.0,-93.93543487,-0.029730309,1.2913767599,-8.716618777,43.250901134,-0.42660587,-8.832247507,-5129.170067,0.0248274717,12.212971573,0.0,-0.10347716,-0.110868314,-2.5225e-05,0.6663437084,-9.4,1.0,-0.004817891,0.2314044252,0.0826929249,4.0,13.005920892,-0.380757141,1.6858479783,0,-0.25352422,0.0456852354,0.0247768412,0.053074223,0.4887168797,3.9020739034,1.1225202e-08,1.1436265e-08,2.0450644337,4.1822885381,0.1639564507,0.1277542692
83875,0.3474932901,-0.153124429,9.166496695,0.0,0.4481305472,2.4718026196,-0.180229234,-0.141760538,0.0794876453,0.1254774367,-0.180905103,-0.163134609,-0.917640588,-0.012611238,0.1631346093,20,-0.049008824,-0.111111111,-0.141488669,-0.01521327,0.2230708696,0.1664176715,-0.083926331,-0.061841388,-0.085392885,0.5810154538,0,0.8841907447,-0.633370564,0.56579751,-0.608796842,110.86307838,11.718135542,-0.175752576,0.0,0.0,0,,0,0.0,0.1469023606,5.0,-0.717327097,0.234336119,-0.370186321,9.067712003,-12.16983093,0.50045689,-0.103621727,-7694.732279,0.0257826007,9.9450804132,0.0005364567,-0.058126822,-0.12853574,-0.885432509,0.0221783136,0.0224659348,0.0,-0.062104626,-0.483341458,0.020807853,1.0,9.0523593813,0.712303404,0.3423951449,0,0.080304809,0.0649999753,0.0353650069,0.0850626503,0.8656895114,0.9548916667,2.0264842e-06,8.2691927e-08,1.0825280432,1.1718669644,0.1191064842,0.100405294
86122,0.5509880283,0.1144602094,0.2013198133,0.0,0.4293728696,2.0477958201,0.1542371762,0.1278356368,0.5627388048,0.0227926532,-0.029762415,0.0464615164,0.3753937987,0.0714925566,0.0464615164,19,0.0,0.0674418605,-0.361398649,-0.494144537,0.4642183833,1.1215043394,0.4391464578,0.026112967,0.29128675,0.6364129046,0,1.9121742235,0.2198199476,1.9121742235,0.2198199476,17.366811524,3.0192797381,0.3638065387,0.0,0.0,1,1.0,0,0.0,1.1424631944,5.0,0.886543152,-0.463596297,-0.056928442,0.2155496034,-1.785529317,-0.685806706,0.0389002289,-2102.231039,0.0772902197,10.566151546,-0.003168776,0.0067167625,0.0103626943,-0.300096137,0.2630029006,0.0023717799,0.0,-0.051301428,-0.215784265,0.0091707902,2.0,8.2262711817,0.6945631999,0.1198337705,0,-0.045482084,0.0983606577,0.0469671625,0.0633789779,0.6092427574,0.3615907152,2.5590846e-06,1.6160943e-07,1.2049541252,1.4519144437,-0.224885024,0.1150602174
14470,1.415367018,-0.6073698,-1.265237393,0.0,0.2043991095,0.9074742492,-0.040460362,-0.076088636,0.3353220836,-0.012608767,0.0431046168,-0.403663367,-1.120838946,0.0733939262,0.4036633671,19,0.0,0.0850299401,0.060168061,-0.01928382,-0.027488566,0.7770889646,-0.152189516,0.0561627523,-0.091087413,0.4820198451,0,6.4435901793,0.7676167735,6.4435901793,0.7676167735,1.8525864874,3.3413594132,-2.332280665,0.0,0.0,0,,0,1.0,0.3775176028,4.0,-10.76638886,0.3634513649,-2.356436209,5.1933897872,-0.619242027,-0.881674836,1.0679662041,-4046.177098,0.0288563477,11.253671495,-0.007746948,-0.025710373,-0.030467057,0.00424924,0.2339832378,-0.045175646,2.0,0.5295128622,4.9303339689,-0.324730676,2.0,11.242453152,,0.7221516307,1,-0.111549313,0.0636042655,0.0344318137,0.0616557352,0.6396860187,3.9522424844,1.1934636e-07,2.8353097e-08,1.8798246743,3.5337408062,0.2378996524,0.0642709867
86098,0.3263829099,-0.074551859,4.5589251235,0.0,0.1535141782,0.4731349745,-0.108276519,0.499043659,0.4151351351,0.2777473516,0.275831551,-0.128958548,-0.691941436,-0.022966339,0.1289585482,19,-0.000532428,0.3039647577,0.1386225307,-0.399964781,-0.035418111,1.1387856258,0.0054612093,0.035952876,0.6334606502,0.4462249713,0,1.8168903437,1.0283556237,1.8144680851,1.0383795773,4.0529076397,3.7772582359,-0.425367814,0.0,0.0,1,1.0,0,0.0,0.6568218156,3.0,-10.2477001,0.0463837166,-2.137501391,4.1044056791,-1.302028575,-0.840458754,0.9716059392,-4121.734898,0.0288563477,11.134478487,-0.062299301,-0.032690276,-0.05053862,0.0335826758,0.1986191943,0.0027051006,0.0,-0.181797523,0.0725022191,-0.133285467,1.0,9.6410443247,0.3146103515,0.29183287,0,-0.111549313,0.0912162066,0.0349403727,0.0630806086,0.7389388677,0.7346688331,6.2379633e-07,9.6395488e-08,1.6105949619,2.5940161312,0.1798258637,0.0903039745
87832,0.8038267122,0.0581462788,0.6244667067,0.0,0.0857986302,1.0104347336,0.0741589077,0.0878821668,0.4525581516,-0.028022036,0.3568075117,0.0899459728,1.3205689278,-0.01863989,0.0899459728,17,0.0597155809,0.0330578512,0.0877277085,-0.029606151,-0.012567531,0.2174962293,-0.075791646,0.0868967663,0.0653438633,0.5532342439,0,15.476460331,-0.182080451,8.264603313,-0.229381583,5.7167366527,8.4096364278,0.9854866249,0.0,0.0,0,,0,0.0,0.4904864956,2.0,-0.05393822,0.04980809,0.0248644504,0.968278712,1.7044286357,-0.18719812,0.0045242725,-4085.689444,0.1879227517,10.487893505,-0.005264589,0.0075829148,0.0081914379,-0.028696819,0.1857942705,-0.000944205,2.0,-0.0182918,0.2276708571,-0.057121216,3.0,9.5590474855,0.0372788486,0.4471116204,0,0.0081788241,0.0374331847,0.0176426503,0.0306083349,0.714790084,1.1821927642,3.3553129e-07,5.1270686e-08,-0.050958073,0.9091573896,2.8223223692,0.1195104124
88177,0.0432889691,-0.507038123,2.921471343,0.0,0.2907737424,0.2088653282,-7.973068291,-0.364693265,-0.732236272,0.1808422791,0.0447398282,-0.234108975,-0.198514037,-0.406383939,0.2341089745,17,-0.003200504,0.0952380952,2.6873755476,-3.701815015,-2.394907599,0.1251840943,0.5526079223,0.0219219219,-0.825100255,0.8813373624,0,1.9242687518,0.0164121686,1.8844483058,0.0106307952,0.7920444825,13.656342183,-1.768431901,0.0,0.0,1,1.0,0,1.0,-2.236055414,4.0,51.51240403,0.3499585473,-0.113385145,-8.777113707,0.3610606858,-0.42660587,-9.163735923,-5503.035957,0.0248274717,10.403193758,0.0,-0.305513595,1.0433494835,-0.008491336,0.6342708333,-0.156267142,3.0,-0.025840832,0.3032579328,-0.073076457,3.0,11.029387196,-0.42075763,1.0391313023,0,-0.25352422,0.0470701493,0.0244730536,0.0661701982,0.3235402185,1.887330719,9.3154571e-08,1.7251797e-08,0.2445638806,0.0598114917,1.1655770224,0.095773796
84825,1.3837766512,0.0680850853,-44.60653399,0.0111118828,12.198763803,0.5818360402,0.0239774435,0.1136002287,0.0389822804,0.6267299328,0.0674960877,-0.004286183,-0.83132969,0.1246862381,0.0042861825,16,-0.000672416,0.0564516129,0.0519754249,-0.083491253,0.0388983184,0.0629545455,0.0110934169,0.0023779608,0.8776925148,0.5201665205,0,0.947633119,0.0970296524,0.9470050629,0.0982213679,2.0656921451,0.0613780093,0.0075083225,0.0,0.0,0,,0,0.0,0.6609787291,7.0,-0.003214802,0.0001402924,0.0127015789,0.4635537503,-0.726626845,,0.0451485969,-5458.165622,0.0286434127,10.803652984,-1.754281e-06,0.0014742015,0.0127025592,0.0121299749,0.0286134012,0.1153300691,2.0,0.0030434414,-0.185589066,0.0127527256,5.0,8.6282228489,-0.02295344,0.1123861985,0,0.0654744878,0.032306958,0.0126209449,0.0106625919,1.0426276719,0.875404318,3.7599041e-07,1.0000001507,-0.025106195,0.000630321,0.5477496042,0.0350013111
90710,0.9524265583,0.1236429579,-10.5713342,0.0,13.109728689,0.7453807103,0.0331489921,0.0448630569,0.049968491,0.0022974102,0.0355222908,-0.001151162,-0.128113128,0.1394832439,0.0011511615,12,-0.005416338,-0.025157233,0.0942839629,-0.002652402,0.01802612,0.1121800378,-0.002569678,-0.007238354,0.1929853234,0.5864692927,0,0.8890190237,0.022545927,0.8813185122,0.0307264828,0.6267389301,0.0778735342,0.0122410498,0.0,0.0,0,,0,0.0,0.8423495571,8.0,0.0220978325,0.0031395885,-0.068907267,0.0322036574,-1.130727646,,0.0599456027,-5460.162807,0.0286434127,10.725409345,0.000309337,0.0028695074,0.0410035622,0.0162158686,0.1548373914,-0.004050738,2.0,0.0063605347,-0.183293968,0.0503175911,3.0,7.7668744681,0.1694647311,0.1162136189,0,0.0654744878,0.1008111089,0.0259957901,0.0178524568,1.5056360407,1.8320683732,1.3105086e-06,9.2660307e-08,0.2394444814,0.0573336596,0.1511380506,0.0395287587
83145,0.4008164604,0.1192611937,3.1835074795,0.0,0.0960220131,0.5086719212,0.0906189725,0.2417376845,0.6475933129,-0.011314274,0.0331075035,0.1595867276,0.6001195457,0.0476902203,0.1595867276,19,-0.039366845,0.2673267327,0.1186476106,-0.016410252,0.0245614894,0.5714285714,-0.366763848,-0.02725896,0.3048657848,0.5893460472,0,4.6731069754,0.0761155318,3.377610456,0.1638646467,3.2183717958,5.135420415,1.3150581578,0.0,0.0,0,,0,0.0,0.8435445192,5.0,-9.858663249,-0.088693009,0.1847645811,0.3734583172,-0.570004839,-0.803680892,0.1208834628,-3029.936703,0.0318276958,11.65500774,-0.004266552,0.0107367552,0.0133008336,-0.004005637,0.251236132,-0.009614096,1.0,-0.000634556,0.4108276831,0.0427068397,4.0,10.897731082,0.6090158235,0.4211781067,0,-0.095378135,0.046445474,0.0167143753,0.0338289694,0.681450897,1.4614338087,6.1062596e-08,4.2578491e-08,0.650591615,0.4232694495,-0.27387132,0.0542926886
87471,2.0493416803,-0.050199921,-183.1412575,0.0,0.309608647,0.8783711986,0.0651456993,-0.067561442,0.208853747,0.0,-0.283925151,-0.191787962,-9.338832487,0.4186087283,0.1917879621,17,-0.011701698,-0.055555556,-0.121783439,0.274637758,-0.072661005,0.1153888501,-0.0725507,0.1297592667,-0.022961276,0.4234245591,0,1.0330374753,-0.473479963,0.6365877712,-0.466951646,393.94285714,15.721778791,0.4045676998,0.0,0.0,1,1.0,0,0.0,0.2492331055,3.0,0.5239746416,-0.087764639,-0.243036315,3.1860337098,-1.501250708,0.5354687929,0.0559926317,-2484.436134,0.0279332649,9.0355011491,-0.062299301,-0.137413459,-0.157104863,-0.156717149,0.0023400436,-5.423161386,0.0,-0.384792745,-0.576562528,0.0632051229,3.0,10.645517768,-0.328152783,2.7510811846,0,-0.500704589,0.1111110896,0.0546322303,0.1256415143,0.9383222714,8.3350379896,6.3617193e-07,9.6315175e-09,1.8502529348,3.4234359228,0.4430365928,0.1612389852
91910,0.5198364224,-0.011282998,2.157191841,0.0068899851,0.2126466971,0.6017288164,0.0072147396,0.0433977729,0.3153439602,0.0065324511,0.2053796911,0.0084232948,0.5592286501,-0.017592774,0.0084232948,15,0.0377457659,0.0819672131,0.3715196599,-0.630263507,-0.253477674,0.4424586215,0.7048287169,-0.014414109,-0.008419139,0.3328822645,0,1.3758810178,0.4333269179,1.1240592522,0.3034367764,5.1061192193,10.34687333,0.2452664376,0.0,0.0,1,1.0,0,0.0,0.4350481235,2.0,-2.240821804,-0.058573603,-0.231064548,0.633880592,-1.623370508,-0.776276938,0.0698140521,-4663.013871,0.0278203388,11.988534009,0.0054144806,0.0048757364,0.0067528277,0.0487866961,0.1562264151,0.0513352172,2.0,-0.008032129,2.9839941075,0.058730185,3.0,12.455592963,0.595586965,1.8288825371,0,-0.111549313,0.064220123,0.0283686313,0.0455343026,0.6337659125,5.4103797192,1.8130601e-08,1.3785171e-08,0.9453170484,0.8936243219,-0.082927661,0.0598201891
83149,0.2983560581,-0.026665573,8.7696895922,0.0,0.1758436018,0.5095175583,0.0144508671,0.1890956701,0.6094641354,0.0659063877,0.3879894024,-0.076384142,-1.25034965,0.0066757168,0.0763841422,20,-0.012047163,-0.011428571,0.1544701707,-0.081220065,-0.071732174,0.1255846586,-0.401492934,0.140278687,0.0964912281,0.6317624066,0,3.1053412463,0.0251647179,1.925074184,0.1422045242,8.3152769324,4.136239782,-0.043885602,0.0,0.0,1,1.0,0,0.0,0.8889802632,3.0,-0.807960503,-0.056532886,-0.119955507,0.5990741791,-1.466597913,-0.802388916,0.9406943875,-3085.102376,0.0352290716,10.310309706,0.0001941936,0.0662996461,0.105375,0.0698884955,0.1772782136,-0.079561022,1.0,0.0626222058,6.0541478795,0.1067268145,3.0,11.079864562,0.0212745287,2.481303316,0,-0.095378135,0.0526315905,0.0221793341,0.0393968303,0.3413644318,1.5990558514,1.2770256e-07,2.0663569e-08,-0.050958073,0.0272234385,0.7567382006,0.1014236765
83120,0.498985573,0.0504892387,1.3579453184,0.0059402381,0.552624122,1.0763418086,0.1084769944,-0.054036086,0.3267588036,0.0096979493,-0.031826226,-0.018994024,-0.406914307,0.0710340322,0.018994024,20,0.0096326346,0.0460776847,-0.006252464,0.1298941946,0.0094370635,0.1597989619,-0.060231621,0.0430217447,-0.077473686,0.398768018,0,2.8261775353,-0.22718733,1.7619661513,-0.312876601,9.1925114184,7.1977623524,0.1380247375,0.0,0.0,1,0.3367307353,0,0.0,0.6290449936,6.0,7.129024799,0.0071507728,-0.092128012,0.1333721664,-0.744068082,-0.243131811,0.0633429893,-3912.480419,0.0410566741,12.712938755,0.0026169882,-0.00080281,-0.001599229,-0.002235518,0.0617502364,0.0109516404,0.0,-0.000550661,1.1551576118,-0.130143455,5.0,12.588553236,0.1477949396,0.8382596046,0,-0.131569503,0.0270984694,0.0158032365,0.0357625044,0.2782867523,0.7011723354,1.6780743e-08,3.9504544e-08,1.7522445615,3.0703610034,-0.009006853,0.038012906
84397,0.8865331479,0.0810134252,-6.541507143,0.0095704062,11.867114033,0.5574982848,0.0258064296,0.0951778165,0.0371733046,0.1070344464,0.086486987,-0.005501822,-0.82849563,0.1481326939,0.0055018224,16,-0.001000049,0.0280898876,0.0872577543,-0.042063358,-0.006383989,0.0909329657,0.1247840867,-0.001526406,0.2265055183,0.6675991754,0,1.1081600975,0.0692252552,1.1001773797,0.0717505945,0.3396753992,0.0592625942,0.0086463517,0.0,0.0,0,,0,0.0,0.5989015794,6.0,0.0068650862,0.0006175505,-0.015660146,-0.033689753,-1.645271511,,0.0685950527,-5419.38482,0.0286434127,11.489001943,0.0005012412,0.002490474,0.0346179943,0.0180082095,0.0844077814,-0.005929667,3.0,0.008075158,-0.475282674,0.0769870989,4.0,10.093446113,0.0589825465,0.2039048969,0,0.0654744878,0.0543046147,0.0196873246,0.0181799109,1.1995591177,0.6568686559,9.5032433e-07,1.9289997e-07,0.1123923735,0.0126320456,1.2219235753,0.0285305251
37381,0.6262217216,-0.13945453,-0.264247897,0.0406493304,0.4649907642,2.5631281538,-0.102220696,-0.228847314,0.3528062764,0.0223589258,-0.168575355,0.0265094725,0.23821188,-0.172674256,0.0265094725,21,0.0334605425,-0.25,-0.10029976,0.0090879949,-0.016485253,0.6794871795,0.0510817308,0.0272178636,-0.201806901,0.7475158084,0,2.3750469043,-0.069929898,1.8373358349,-0.158917199,7.4255319149,5.5021081577,-0.263465066,0.0,0.0,0,,0,0.0,0.6363339501,1.0,-0.019600313,-0.007040807,-0.248692978,0.0082535048,-0.425088554,-1.094101381,-0.24496232,-2137.011697,0.1865592117,9.3580912275,6.035e-05,0.0200015386,0.0371057514,-0.135526234,0.3163249335,-0.001141415,0.0,0.0716487146,0.0445494682,-0.014779348,0.0,8.9295226561,-0.834932359,0.9077658848,0,0.0957318355,0.0852713287,0.0350372686,0.0567299843,1.1849823047,7.2904817606,7.9567159e-07,2.0746563e-08,0.9665616552,0.9342414334,-2.532741672,0.1118046401
83111,0.0896524195,0.0178356842,16.693788881,0.0,0.0244341966,0.0606476306,0.4059536796,0.2665301462,0.6347570724,0.0106622799,-0.038127781,0.0044781292,0.0256305259,0.0173785462,0.0044781292,19,0.0196389251,0.2812852311,0.439867702,0.4639429826,0.0538116146,0.1174257103,-0.136265419,0.0899805166,0.3861916418,0.6133912746,0,4.6082819659,0.2273308484,4.3174803046,0.2064866038,1.138749856,5.1600714273,0.7659478492,0.0,0.0,1,1.0,0,0.0,0.8828208468,7.0,47.750867413,0.0415833486,0.0726619911,-8.730750256,4.0080553008,1.1714946799,-8.739973438,31283.965723,0.0248274717,17.255976899,0.0411086418,-0.013955112,-0.021484832,0.0031546503,0.1108865154,-0.02742348,0.0,0.0010230833,-0.12357375,-0.003301807,5.0,17.808584706,-0.248641125,1.6745811386,0,-0.25352422,0.0607309714,0.0286409425,0.0347453795,0.3449123719,2.6330840344,8.642827e-11,1.4184563e-08,0.9669034383,0.934902259,-0.098542203,0.0465478716
83124,0.4321063491,0.0434300236,1.1130037166,0.0248695316,0.5781484549,0.882826069,0.1272069284,-0.010646965,0.445075836,0.005926804,-0.021617655,-0.054019534,-1.26334587,0.0982971645,0.0540195337,19,0.0,0.014714538,0.005107911,-0.058184203,-0.02971947,1.015055054,-0.256257022,0.013588345,0.0044222407,0.4537314069,0,2.2644555689,-0.01487668,2.2644555689,-0.01487668,3.7229236868,3.2016074389,0.1525046714,0.0,0.0,1,0.4178613215,1,0.0,1.012083998,5.0,-10.14583437,0.0994234377,-2.426751611,4.2101291183,-0.950721217,0.826105353,1.0928694424,-3383.420408,0.0288563477,14.18015221,0.0075113526,0.0200135041,0.0511104397,0.001943563,0.2376217132,-0.011591354,2.0,0.0042207792,1.8456584417,0.1236592541,7.0,15.674645822,0.1718374201,2.9210009763,0,-0.111549313,0.0239053518,0.0092903131,0.0189378844,0.4939017951,4.2890185904,6.282148e-10,1.0735477e-08,0.8639603241,0.7464274416,0.0828753411,0.0307505185
82859,-0.354771326,0.0218117443,6.189014457,0.0,1.4255847618,1.0691059511,0.1720997124,-0.084655586,0.6481472762,0.0127865541,-0.048595795,-0.066076696,-3.393939394,0.0958394825,0.0660766962,19,-0.009046214,-0.188405797,0.2983277592,0.3559214476,0.0336509539,0.3657827824,0.2645912772,0.0026837422,0.0797988265,0.3492923204,0,1.6644439664,0.1512178454,1.3275973328,0.1757139013,7.0504903741,8.1247383843,0.0528576272,0.0,0.0,1,0.7439423707,0,0.0,-2.157082984,7.0,47.623743849,0.0351159055,-0.397029037,-9.175174002,1.2894037215,0.2804648369,-8.661512502,-3731.830277,0.0248274717,14.463256058,0.0083132908,0.0041004879,-0.012555626,-0.000510941,0.0941543258,0.009083382,0.0,-0.00402366,0.3489889335,-0.064241444,6.0,13.446774524,0.3592039181,0.2609043009,0,-0.25352422,0.0209654719,0.010008239,0.0235468811,0.4236919966,0.5076722361,5.000453e-09,1.0696093e-07,1.043148193,1.0881581525,0.117979292,0.0404115058
83303,0.6516784446,0.1135408198,-2.266636239,0.0,0.7420802846,4.2394015829,0.0838697039,0.3002508898,0.88540755,0.002926972,0.3585421702,0.0297027192,0.3583231334,0.0728565175,0.0297027192,19,0.0,-0.052631579,0.0898721854,-0.117682798,0.0098451855,0.8059770115,0.0947495236,0.0364373651,0.1861759312,0.5454520978,0,2.0613390093,0.2590998823,2.0613390093,0.2590998823,27.845960749,4.6493046295,0.2708125455,0.0,0.0,1,1.0,0,0.0,1.9093151205,4.0,-10.12859282,-0.327059331,-2.494097728,4.4297012138,-0.79391392,-0.33028231,1.0674287954,-4205.638958,0.0288563477,9.9312972532,0.0016511597,-0.002112153,-0.005011565,-0.088927835,0.1493470576,-0.002290725,0.0,-0.015351411,-0.863546587,-0.039274145,3.0,6.3714580187,-0.288781546,0.0274172379,0,-0.111549313,0.0729166642,0.0326114364,0.038980824,2.1220196397,0.2544693392,0.0001049881,1.0000006547,0.7670258198,0.5883286082,0.858340955,0.1022524043
83143,0.1055716174,0.0402297818,35.571916515,0.119866142,0.7027448611,0.3843498229,0.0963592557,-0.012424912,0.2668577583,0.0960784006,0.0188047872,-0.022175929,-0.449302542,0.058305125,0.0221759287,19,0.0,0.0256410256,0.0303279363,0.0347798348,-0.010898319,0.1388874623,0.1080826479,0.0056572932,-0.182350874,0.3043019838,0,1.0711806204,0.1004313423,1.0711806204,0.1004313423,18.024993496,4.8274653776,0.1205061317,0.0,0.0,1,0.2992074486,0,0.0,1.4438949031,6.0,6.145968242,-0.127899818,-0.126843578,-53.95238753,-1.636051866,0.801826346,-1.20431259,5769.8115924,0.0207317787,15.86224892,-0.00770244,0.0035982441,0.0326049998,-0.005523666,0.0738998732,-0.056066834,0.0,0.0006447453,0.2585576558,0.0389557704,6.0,16.055529667,0.3145993742,1.3744296758,0,-0.142502855,0.0351504423,0.012412369,0.0167038604,0.6378877724,9.6242007791,1.273766e-10,8.580434e-09,0.942590492,0.8884768356,-0.062110392,0.0369453302
83272,0.4274537581,0.0366831688,2.5668879192,0.0,0.4349664152,2.5408320282,0.0964532393,0.1566726435,0.3742913498,-0.010164128,0.2568316009,-0.041576588,-0.911264983,0.0701112559,0.0415765883,19,0.0,0.2956609485,0.0584570132,-0.013364678,-0.041919713,0.0874893225,0.0694873518,0.1005026037,0.069911153,0.4915793312,0,1.5870392416,0.0492175122,1.5870392416,0.0492175122,32.533101331,8.3693884773,0.1478612337,0.0,0.0,1,1.0,0,0.0,0.6953378911,4.0,-0.653262987,-0.189392852,-2.727180435,0.1102790092,-0.482121185,-0.455136344,0.1522948903,-174.1486448,0.1414151747,14.091743146,0.0076012725,0.0158396483,0.0321228937,-0.010210236,0.1432885154,0.0140866511,2.0,-0.00027465,1.6426934121,0.035308952,5.0,14.6493881,-0.03852319,2.0776933567,0,-0.161175968,0.0325390846,0.022253198,0.0266685294,0.41978474,6.4129921834,1.5062553e-09,9.9575024e-09,0.9806760731,0.9617255604,0.0483606846,0.033427766
83291,0.1665273298,-0.161154116,1.0825258512,0.0356573884,1.8601987212,2.6055412379,0.0085654126,-0.09645117,0.6082081329,0.0041226589,-0.011505147,-0.221505425,-2.934407428,0.3117377184,0.2215054246,19,,-0.123887974,-0.056835933,0.0242816156,0.0143190861,0.4617395537,0.1052685372,,-0.538990741,0.4580232453,0,1.2379025188,0.0382814229,1.2379025188,,8.7233939448,12.633832167,0.1362720228,0.0,0.0,1,0.5186051421,0,0.0,3.4291940475,6.0,-9.755434319,0.3700527371,-2.565354123,3.944550099,-1.098452813,-0.715114141,1.3063099963,-3785.342118,0.0288563477,13.322267147,0.0067173791,-0.013169141,-0.212762086,-0.024812545,0.1140885855,0.003917248,0.0,0.0025706941,0.1892509765,-0.010990448,3.0,13.683365018,-0.834932359,1.5937343406,0,-0.111549313,0.0569852814,0.0259374108,0.0396725886,0.3159836883,2.0501472211,5.5996618e-09,1.6844103e-08,1.089142824,1.1862320911,0.0227367797,0.0501814472
83304,0.46370511,-0.049162436,1.950611137,0.0,0.207702472,1.0725589472,-0.005467959,-0.226208132,0.3631210052,-0.088670957,-0.184738853,-0.149169606,-2.334972097,0.0656304798,0.1491696058,19,0.0,-0.090909091,-0.1589214,-0.080897541,-0.175575537,0.7976268412,-0.143559425,-0.019739665,-0.243445453,0.5731142126,0,2.1852656528,-0.068999102,2.1852656528,-0.068999102,6.3669923996,4.4167316745,0.0627427716,0.0,0.0,0,,0,0.0,0.5103167498,3.0,0.7723123651,0.0178906138,-0.215279394,0.1282666851,-1.624507308,0.2383944448,0.0330381522,-2001.837479,0.0772902197,11.571841365,-0.001256744,-0.032550036,-0.046926226,-0.111600205,0.2023245969,-0.003782712,0.0,-0.050397878,0.8251407117,-0.043025723,3.0,11.150128921,0.4062327091,0.6997642406,0,-0.045482084,0.0169851221,0.0116615542,0.0283371689,0.9328223742,3.6077307147,8.7838814e-08,4.1912444e-08,0.9954714617,0.9909634311,0.1535500145,0.04661896
83244,0.5020950807,0.0517645521,2.475198576,0.0,0.4246705068,0.8885764955,0.0849490619,0.1126060382,0.1498473094,0.0040018036,0.1430595603,-0.043886993,-0.745968674,0.0903792864,0.0438869932,19,0.0229405598,0.3333333333,0.3278035746,0.3194257421,2.2489026118,0.0547785115,0.0266638482,0.0191957114,0.0880873864,0.5432677262,0,2.02224592,0.0636365903,1.0655903673,0.1407147506,11.771559896,16.387677685,0.2117875109,0.0,0.0,1,1.0,0,0.0,0.2485393559,8.0,-0.112897057,0.1769924171,0.3353985251,-0.376879124,-0.466950766,-1.633576026,-0.01097973,-310.0297801,0.0979159386,13.551374651,-0.00467795,-0.028207786,-0.050255253,-0.115262504,0.0649907878,-0.052237016,0.0,-0.045652174,1.2176940916,-0.071844049,3.0,15.325333843,1.3574927177,7.4963435179,0,-0.200344257,0.1428570747,0.0428923538,0.0716640639,0.509905679,13.119546728,1.5111604e-09,3.2723583e-09,3.3482519805,11.210791325,0.165370258,0.0788818556
83762,0.4902624936,-0.342148477,1.33854296,0.0,0.0869782603,0.0038626504,-1.557080708,-0.076160291,0.0027614774,0.2095636191,0.7267419229,-0.115223384,-0.202406877,-0.272895272,0.115223384,20,0.0,-0.051282051,0.3133333333,,-1.718863287,0.0956609147,0.33494972,0.0158471146,-0.146562905,0.7640906929,0,3.7211451758,-0.492133485,3.7211451758,-0.492133485,0.0122299479,,-4.656102784,0.0,0.0,0,,0,1.0,0.0026281657,4.0,67.207783307,-0.026335644,-0.259905291,-8.330140182,-0.089908503,-0.42660587,-9.030247256,-5496.364707,0.0248274717,10.424356389,0.0,-0.127335432,-0.142093857,-0.000521222,0.4670340038,-7.295754103,1.0,0.0094530793,-0.432065779,0.0595516099,5.0,9.8875897873,0.5997305436,0.6329405975,0,-0.25352422,0.1297654063,0.0492332497,0.0780454798,0.6977170691,1.8926211284,5.0799383e-07,4.612389e-08,0.4806836364,0.2310567583,0.8862354477,0.095813004
83390,0.594594567,0.0002091846,0.4989578732,0.0,0.6086609581,0.88057037,0.0131749402,0.2827755386,0.4538126397,0.0142043595,0.7704579858,-0.049222514,-33.80952381,0.0529084062,0.049222514,19,-0.003960104,0.110403397,0.0634859016,-0.386149294,0.1000568982,0.2394953952,0.4840403687,0.0476097232,0.000626787,0.4672486845,0,2.3672489358,-0.356624231,2.0018663367,-0.34574059,3.4655435525,4.3216897035,0.1074250451,0.0,0.0,1,1.0,0,0.0,0.7052383937,4.0,-0.203928991,-0.204514938,0.0706045192,5.0034402415,-0.30588718,5.8541623052,0.775326413,-14633.73581,0.0314049921,11.989347476,0.0007250924,-0.002000441,-0.004005364,0.0013084828,0.2173247019,-0.004730676,0.0,-0.001,2.1034279755,-0.063161849,5.0,11.249968545,0.2694542969,0.4072772087,0,-0.107492679,0.0387434438,0.0216266597,0.0360362925,0.4401315655,0.7135356268,8.81023e-08,5.9523579e-08,1.0602230822,1.1240729841,0.176283482,0.0362269593
86080,-0.322827388,-0.173853356,2.9216490586,0.0,0.7784354719,0.0880211362,-1.031219135,-0.307615611,-0.194682926,0.0005665359,-0.044254664,-0.006902916,-0.022108673,-0.170009689,0.006902916,17,-0.013451302,-0.1,0.3167723443,0.166043585,-0.380945055,0.2783194469,0.0782814175,-0.005152956,1.0634231426,0.8561255767,0,2.4998092331,-0.318356871,2.2454406715,-0.33355253,0.2747222877,4.6833487797,-0.195392746,0.0,0.0,0,0.0,1,0.0,0.950530691,3.0,48.058458021,0.008776413,-0.30862324,-9.143230063,-0.235811804,-0.42660587,-8.927361673,-5375.134597,0.0248274717,11.318752937,0.0,-0.091199927,0.0923438292,-0.021341484,0.5756740402,0.0090397377,3.0,0.2542372881,-0.709408159,-0.038465058,4.0,9.3201807895,0.3206381764,0.1360011222,0,-0.25352422,0.0593976863,0.0299147223,0.056149702,0.8279105219,0.6195712861,5.0743885e-07,1.220314e-07,1.1400254332,1.2996579884,-0.108109787,0.0638485441
83411,0.2244274679,0.0230632176,7.2849321537,0.0485473338,0.0984344778,0.1286264103,0.1794268949,0.0748584964,0.2843300111,0.0070210939,0.6217080225,-0.079896812,-1.079527244,0.0479605892,0.0798968117,19,0.0012157244,0.25,0.5752517823,-0.567507312,-0.453596543,0.0742345592,1.2338703274,0.1618217054,-0.063630055,0.668536325,0,2.5397148676,-0.71035375,2.5309250724,-0.711356198,1.3838162931,8.9176809737,0.4858320753,0.0,0.0,0,,0,0.0,0.3549095956,5.0,-2.295086815,0.3259888557,0.3302430454,4.4813636643,1.7496836456,0.3614399656,-0.616630068,-1722.031557,0.0273920116,12.112644756,0.0168986404,0.0442453816,0.0636515223,0.0186081398,0.2409581617,-0.105636166,2.0,-0.001801802,0.1068603441,-0.029407367,5.0,11.169198645,-0.200029224,0.4304627041,0,-0.500704589,0.0549020022,0.0262728736,0.0427058311,0.4389129889,1.1006829595,9.0144468e-08,5.5975038e-08,1.4672892765,2.1529378209,-0.066717872,0.0408694596
83435,0.8187255484,0.1589556359,-1.684763104,0.0,0.4897486286,0.0975943261,-0.019244691,2.3874659401,0.2296725032,-0.076404512,5.2346570397,0.168222066,0.8807854203,0.0189498293,0.168222066,19,0.0,0.0245901639,-0.013299561,-0.110849816,-0.000882483,0.407726372,-0.035126949,0.0174677011,1.9630674294,0.1547651036,0,2.1417541168,-0.42883,2.1417541168,-0.42883,0.5776039457,4.1374891593,0.605479868,0.0,0.0,1,0.0401564221,1,0.0,0.2899282894,4.0,-8.789506936,-0.057348094,-2.416875985,4.5967483176,-0.714099077,0.29629354,1.0135221073,43085.265822,0.0288563477,17.363284982,-0.062299301,0.0015193911,0.0022742345,0.0028423902,0.1429937801,0.0428659438,1.0,-0.245545483,-0.092141953,-0.068190731,2.0,18.628910052,0.1906748379,3.8227090941,0,-0.111549313,0.0415633991,0.0133598931,0.021948528,0.3673906939,7.5402528069,1.499169e-11,5.5966019e-09,1.3469927877,1.8143895701,-0.061282481,0.0357628107
91024,0.0721695556,-0.000586347,41.395353178,0.0,0.0529996714,0.0,-0.004514343,-0.070525416,0.0,0.0,0.076408245,0.087598005,7.1399454114,-0.011966899,0.087598005,19,0.0,0.0,,,,,,,-0.15521139,,0,5.5256932078,-0.409384324,5.5256932078,-0.409384324,0.0,0.0,-0.011132725,0.0,0.0,0,,0,0.0,-7.2147e-05,0.0,,-0.017163388,-0.039798878,4.4810152301,-1.327709214,-2.277617903,0.7104511078,-12396.02171,0.0314049921,13.574638744,-0.062299301,-0.01426398,-0.029660679,0.0,0.2735628136,,0.0,0.0154725011,0.3051145307,0.0179403812,1.0,13.664708082,0.1724271437,0.7653272351,0,-0.107492679,0.0563941747,0.0189655383,0.0332394476,0.4345562932,1.4092362738,6.4251616e-09,3.3139978e-08,1.0535399723,1.1099464731,0.0542471324,0.0265233461
84215,1.1148694856,0.130938116,-26.41968307,0.0205531587,9.1116092268,0.561235033,0.0442017446,0.0339851577,0.0594823748,0.0427100547,0.0400195994,0.0011073429,0.0861481692,0.1196580371,0.0011073429,17,0.0045552477,-0.049180328,-0.016157931,-0.07373,0.1486952864,0.1061251228,0.0552374713,0.0047625232,0.1546885826,0.6422523981,0,1.0615551978,-0.038624001,0.9213367038,-0.036808347,1.5846888446,0.0718221533,0.0153261486,0.0,0.0,0,,0,0.0,0.6170798368,4.0,-0.071763891,-0.000708629,-0.092930362,0.1946465847,0.0626259476,,0.0401203959,-5444.671142,0.0286434127,10.982492906,-9.613e-05,0.0027091273,0.0246483237,0.0083162345,0.0395849174,0.0001719753,1.0,-0.002122921,-0.528403994,0.0179731813,3.0,9.9834441307,0.0162237775,0.2216189536,0,0.0654744878,0.0220587663,0.01034305,0.0103123716,1.3105452362,0.3620641659,1.7526047e-06,2.9161482e-07,0.3078568172,0.0947758199,-0.427961681,0.029158155
83414,0.7987937663,0.0584836864,-34.33861376,0.0294194377,5.9331562084,0.2989052221,0.024649406,0.0708779621,0.0430047977,0.0022008804,0.0744839449,-0.003637205,-0.404816754,0.0821588625,0.0036372052,20,0.0009417596,0.0027586207,-0.008234362,-0.133563082,-0.002560612,0.1448726772,-0.170680233,0.0018241153,0.0448331174,0.5319834949,0,1.0433734256,0.0609231965,1.0389035219,0.0600129669,2.0291320661,0.0631918798,0.0121241071,0.0,0.0,0,,0,0.0,0.3536145049,5.0,-0.042330642,-0.001404934,-0.040991413,-0.121429135,1.8496789662,,0.0026212213,-4845.309222,0.0286434127,13.431631682,-5.9547e-05,0.0024393399,0.0211901564,0.0046399503,0.0209130967,-0.020151542,1.0,-0.000381971,0.6600903549,0.0232065991,7.0,12.73161046,-0.015446937,0.5520728573,0,0.0654744878,0.0285714548,0.0131569514,0.0231033247,0.4057696298,1.3052479164,7.7363385e-09,4.8433729e-08,1.0347204825,1.0706464769,0.0064133116,0.0245807947
83421,0.3440583098,-0.011071745,-1.825279306,0.014387181,1.1749739529,5.2121149936,0.0108645198,-0.011566195,0.6536133431,-0.007908806,0.0261470592,-0.062147492,-8.576460098,0.0838846363,0.0621474919,19,-0.003958231,-0.044013304,0.0539992975,-0.003182317,-0.146427736,0.1359283163,-0.001050219,0.0366343153,-0.121790807,0.4917919221,0,1.4853779528,0.0082657735,1.1683904986,0.0279043852,580.80894756,11.702391287,0.0658158016,1.0,0.0,1,0.3331231089,0,1.0,2.4805638969,4.0,24.358802692,0.5207043639,-0.130560497,0.1496621268,-0.444631028,5.8541623052,0.0872206159,-9134.215035,0.0457936334,14.273245881,0.0053765561,0.0080644293,0.0352387537,-0.225163908,0.025539378,0.0050173407,0.0,0.0042372881,2.0485272503,0.0245500198,2.0,16.231179535,-0.163533998,6.5133782301,0,0.0957318355,0.0269946475,0.0132820953,0.0215218923,0.3101929569,5.9807455534,3.051859e-10,5.2875644e-09,0.6404952995,0.4102342287,0.0916536109,0.0400492634
83366,0.8390942492,0.0601032799,-0.384860894,0.031486429,0.1710166886,0.7009868851,0.1410661063,0.0628874647,0.2702118776,0.0005199081,0.4331575514,-0.055365803,-0.902964669,0.1143744182,0.0553658027,19,0.0112322184,0.0224390244,-0.02857815,-0.087645565,0.0162521341,0.0894295219,-0.098517941,0.1375582939,0.0097191339,0.5377297099,0,4.3610540593,-0.334325755,2.4952270232,-0.403474037,26.682237221,4.8903245759,0.7928113118,0.0,0.0,0,,0,1.0,0.3090125126,4.0,0.3760280509,-0.103843836,0.0118167394,0.4812381883,0.2523364247,-0.665470804,0.043437688,-1849.701573,0.1711251104,12.761179882,-0.011763387,-0.014711564,-0.019215348,-0.179958634,0.0992984054,-0.038472963,2.0,0.0015797788,1.2545250738,0.1211935692,5.0,14.739883328,0.4480178613,6.180837915,0,-0.067940389,0.0759942979,0.04574518,0.0712279151,0.4947301655,21.915558396,3.3993606e-09,3.4742253e-09,1.8645662553,3.4766073204,-0.032666168,0.0836883998
59459,0.7282244442,0.1082543344,-5.011044693,0.0215511744,2.2941591626,0.7821756834,0.0495794697,-0.007070474,0.0859630871,-0.08854314,-0.009795484,-9.666973e-06,-0.000270856,0.1082836557,9.6669728e-06,18,0.0,-0.019480519,0.0370485558,0.0511633883,0.0012295129,,,,0.0016131634,,0,7.067262665,-0.02701833,7.067262665,-0.02701833,2.1176470588,1.294637224,0.0579429981,0.0,0.0,0,0.0,0,0.0,0.3450153251,7.0,-0.018316995,0.0523765795,-0.083274148,-0.122967469,,0.1450774522,0.0097998579,24444.119322,0.0331128264,17.285431782,0.0003826946,0.0091281083,0.0384727001,-0.000429368,0.0535892665,,1.0,0.0081382498,0.3267770012,0.0447650212,5.0,17.555491312,-0.146547304,1.2899684787,0,0.048781298,0.0188436024,0.0150559602,0.0131390932,0.3420998401,2.888669772,3.794898e-11,1.6877181e-08,0.6063864029,0.3677044697,0.0452371006,0.015914118
83382,0.1620714884,0.0289838861,11.379434168,0.0,0.4099487394,0.6714721531,0.110904063,0.0366121975,0.3399339118,0.0387824333,-0.045342878,-0.020254988,-0.392689049,0.0403655407,0.0202549879,19,0.0006797519,0.125,0.1364682341,-0.038242024,0.1470813474,0.9459627329,-0.077646986,-0.007498785,0.3241445926,0.1129084629,0,1.0709149481,0.1547831074,1.0652486553,0.1539251068,17.853584814,21.744514799,0.0855625982,0.0,0.0,0,,0,0.0,1.524872757,7.0,-10.11533399,0.2141903783,-2.316466149,3.9400942577,-1.2857244,,1.0349378187,-4014.506258,0.0288563477,12.469052983,0.0054937639,0.0226781625,0.092309041,0.0217063075,0.0882608212,-0.028921344,1.0,0.0,0.343442083,-0.023996577,4.0,12.196974416,-0.618683536,0.9120969011,0,-0.111549313,0.0587227121,0.0226091851,0.033636959,0.5720226225,1.7293934688,2.3500223e-08,2.9530566e-08,0.7948449741,0.6317785328,0.0103499717,0.0501169606
83405,0.5608673797,0.0230426499,0.3656829619,0.0,0.4423948818,0.7369626644,0.074681425,0.0469929046,0.4843599023,0.0003329387,0.0450699851,-0.091260057,-3.884234052,0.1125456954,0.0912600566,19,-0.001665246,-0.065977742,-0.016979821,0.0695792073,-0.006024261,0.6587481112,-0.104639053,0.0137876423,0.0485146436,0.4740090748,0,2.3711957141,0.0169283234,2.1329457806,0.0331565946,2.138848652,7.6452227091,0.1442783425,0.0,0.0,1,1.0,0,0.0,0.8616316644,6.0,3.1470243781,-0.014669087,-0.233218273,1.376021838,-0.788878165,-1.691422055,0.2041945022,-3293.904707,0.0446872923,14.298343399,0.0021989945,0.007629936,0.0132658945,-0.023469519,0.3480467514,-0.002446223,0.0,0.0,0.4530730893,0.0163192749,8.0,14.488609985,-0.188739814,2.3516569316,0,-0.101630079,0.0802582875,0.0250430018,0.0264870126,0.9346843502,28.819017193,9.901281e-10,5.0571454e-09,1.5242960244,2.3234783702,-0.010206059,0.0335032044
83422,0.6498083557,0.0570526401,0.6458749871,0.0,0.2826243519,1.3105620597,0.1048489018,-0.006062545,0.4582035883,-0.016319088,-0.089888319,-0.038498787,-0.631119032,0.0930596472,0.0384987869,19,0.0,0.0532359081,0.0507044149,-0.06060646,0.015977114,0.5438569348,0.1226199595,0.0147317421,0.0354158539,0.521985495,0,3.2770132609,0.1069304052,3.2770132609,0.1069304052,5.9774369735,4.4742938996,0.3912861848,0.0,0.0,1,1.0,0,0.0,0.6817669859,8.0,-10.11228624,0.1433804256,-2.388230241,4.4278311249,-1.059829476,-0.197850967,1.0876319251,-3221.479828,0.0288563477,14.03236955,-0.001623193,0.0215492871,0.0302828518,-0.013568432,0.2463808006,0.0295909028,1.0,0.0070588235,1.689092721,0.0303638354,5.0,14.132734977,-0.15343724,1.0270027144,0,-0.111549313,0.0219053943,0.0107639973,0.0193892032,0.3983817671,1.68680248,1.8470088e-09,2.5314708e-08,0.664947278,0.4421548825,-0.17217545,0.0267993424
83520,1.0866075696,0.1616377043,-2.97878319,0.0,3.1314383794,6.087509356,0.0654789019,0.2488373747,0.5444065054,-0.136750629,0.3836478405,0.1988778462,4.6768794458,-0.594322353,0.1988778462,19,0.0633494987,0.0329815303,0.2798672829,-0.784509748,-0.001647306,1.7097152127,-0.114084244,0.0929166556,-0.027514544,0.5440622679,0,2.2868961264,0.3153864073,1.8749399001,0.2624733022,11.29082166,3.1334034751,0.1127801219,0.0,1.0,0,0.0,1,0.0,1.5632847967,4.0,-0.257301132,0.3250239428,0.0631599514,0.7754644366,-13.31324168,-0.294823246,-0.565461486,-1387.696631,0.1187585399,11.941814088,-0.000545245,0.0897680657,0.3466960086,-0.077371203,0.1269800815,-0.02447617,2.0,-0.017605634,1.9879381708,-0.025375042,1.0,13.078123556,-0.240436614,2.9674220963,0,-0.051660395,0.039160803,0.0205421794,0.0341855877,0.583689032,10.991705941,8.9838078e-09,8.2777558e-09,0.6652219869,0.4425202919,-1.249601633,0.0729379849
83504,0.4648419981,0.0662844498,-8.812206969,0.0,3.6655824335,0.143253606,0.0234491983,1.75946851,0.0834511507,0.6648869817,1.8138647854,0.0182023749,0.7726487287,0.0150698539,0.0182023749,19,-0.001580835,1.2263157895,1.2151471704,-0.590254434,0.0387648461,0.0498688707,-0.310759327,0.0545336618,1.3944540436,0.5962222885,0,0.932056335,0.0132876044,0.923193361,0.0343719697,0.4185423921,0.0504503362,0.0294385962,0.0,0.0,0,,0,0.0,0.6434320873,5.0,0.4196304548,0.0084843043,1.1825657555,-0.455380903,0.412924951,,-0.064467787,-5131.790482,0.0286434127,12.82015066,0.0142902288,0.0022145952,0.0183834675,-0.009386318,0.0473752741,-0.001092712,2.0,-0.065566093,0.1340464002,0.0011912454,3.0,10.163443584,-0.200696421,0.1783546326,0,0.0654744878,0.051762145,0.0219970553,0.0382984953,0.6067346929,0.2538563232,1.5563309e-07,2.5384416e-07,0.5417261938,0.293467269,-0.649653226,0.0442332403
83509,0.6931925628,0.036966423,-0.491953553,0.0,0.8346508754,1.1039650991,0.0733359204,0.0277300083,0.2762349431,0.0161624636,0.0038504923,-0.031944287,-1.302463992,0.0851138578,0.0319442875,19,0.0,0.0468267174,0.0628043998,0.0365345969,-0.05591177,0.6979662378,-0.101768658,0.0016351318,0.0580345193,0.2924849775,0,2.4085869482,0.1515575725,2.4085869482,0.1515575725,6.1842805831,3.2789496679,0.0876478842,0.0,0.0,0,0.0,0,1.0,0.5781633932,7.0,0.8570924497,0.0568722093,-0.077543585,0.3577541379,-1.386737456,-0.065381345,0.0525215301,-564.0998093,0.0772902197,14.328522232,-0.002547527,0.00423009,0.0088597108,0.0024684693,0.0457600047,-0.003813553,0.0,0.0,4.7001243967,-0.217967342,4.0,14.397640116,0.3576530702,1.482728947,0,-0.045482084,0.1535796672,0.0359781527,0.0247710478,0.6603392711,8.6385895813,1.2483251e-09,1.2568789e-08,1.1328880758,1.2834353924,-0.05374541,0.0410478537
83547,1.1492257613,0.1036638183,-14.81007429,0.0429790979,8.7270114644,0.4704681884,0.0366320152,0.1387456041,0.0498191658,0.0129385419,0.1613477837,-0.00456693,-0.408593156,0.146020145,0.00456693,19,-0.000991924,0.1158536585,0.0618839187,-0.129445083,-0.003816663,,,0.0021987331,0.0799866652,0.5708871302,0,0.8902006337,0.0030006648,0.8786367361,0.0066664924,0.7916799321,0.0686478851,,0.0,0.0,0,,0,0.0,0.4060451161,5.0,-0.027376495,0.0016308909,0.0721036245,0.2290028605,-1.333608478,,0.0664825038,-5371.630462,0.0286434127,11.94490241,7.61078e-05,0.0026663865,0.0230202578,0.0017180359,0.0885426727,0.0123514611,1.0,0.0014946913,0.896437568,0.0514390822,4.0,10.990978239,0.0923126627,0.3236624875,0,0.0654744878,0.0190414265,0.0114488392,0.0279279548,0.6025437458,1.1230423998,3.6150481e-08,6.0369885e-08,0.3257719481,0.1061273621,-0.095545111,0.0238417215
83462,0.0593616672,0.0684991466,25.481376623,0.0440260373,0.5103250323,0.8326288528,0.2634077721,-0.032973589,0.9946851782,-0.012757332,0.0039597737,-0.037331128,-0.315764925,0.0901287746,0.0373311277,19,-0.004080507,0.0,-0.024517143,-0.0747684,0.0231559324,0.2187392353,0.2010699981,-0.027604534,-0.265322262,0.316342886,0,1.0082954241,-0.045419929,0.5988761038,-0.051393628,33.845454545,11.335798173,0.1743248753,0.0,0.0,1,0.019343303,0,0.0,7.0684064848,5.0,-0.084391373,0.0005238273,-0.008193401,0.2238136669,-0.003241312,0.5226834271,0.1132929373,-1002.880374,0.1879227517,14.891397591,-0.00064178,0.0213670169,0.203943662,-0.027349764,0.0559730656,0.0011726806,0.0,0.0016164882,1.4074193954,0.1111966658,5.0,16.132799356,0.1081749379,3.3762416754,0,0.0081788241,0.022290796,0.0147095592,0.0249967059,0.4055519347,7.0671943969,2.616424e-10,7.1320738e-09,0.8515434293,0.7251262121,0.0310081748,0.028699964
83565,1.1144779026,0.1164182473,-1.720765244,0.0969421708,1.4510366771,0.1686993401,0.0173289998,0.0625725776,0.0400771024,-0.013976772,0.1121384012,-0.000692555,-0.014812491,0.1181426916,0.0006925546,16,0.0,0.0965517241,0.148187015,0.0782720441,0.0022785164,0.625,0.5572625698,-0.000319299,0.0042962394,0.5089494565,0,51.70644176,-0.136598716,44.355703986,-0.136598716,0.8830575792,0.1082646974,0.0849619023,0.0,0.0,1,0.8917365458,0,0.0,0.0559608037,6.0,-73.63060515,0.0093032147,0.0533196626,0.3484293218,-5.658674191,-0.540284895,-0.360315111,-3290.270694,0.1473165608,12.141466364,0.0,0.0113518339,0.0263986367,-0.003950143,0.1011814661,-0.001808249,0.0,0.0013192612,-0.011107793,-0.011481342,4.0,12.709334668,0.1342681178,1.3240653278,0,-0.258063742,0.0250272583,0.019226461,0.0290072933,0.5178668478,3.3366889163,1.4636121e-08,1.7855651e-08,0.9290758842,0.8631819987,-0.215803308,0.0444219629
83534,0.1221711964,-0.035440939,7.560110418,0.0,0.0200989265,0.0,-1.38712823,0.5712392356,-0.411078642,0.1353357782,0.0019844744,-0.067396011,-0.221366985,-0.027595485,0.0673960107,19,0.0,0.1604938272,-0.744329897,,1.2974473034,0.3298763462,-0.129342758,0.0074348962,0.7332364422,,0,12.653409091,-0.002894795,12.653409091,-0.002894795,0.0,,-1.740962099,0.0,0.0,0,,0,0.0,-0.528062453,2.0,,-0.046061674,-0.048129413,-8.69823148,2.3066424461,-0.42660587,-8.78494747,-3839.115517,0.0248274717,15.189170601,0.0,-0.067360452,-0.073746092,0.0,0.7652669585,-9.4,0.0,-0.002513194,-0.373324945,0.0087593719,5.0,16.200610955,-0.511513047,2.9349458395,0,-0.25352422,0.0821695253,0.0302006967,0.0502009868,0.2770194103,3.5402632771,5.074596e-10,8.5639673e-09,1.4550390843,2.1171387368,0.3090227196,0.1019489998
83503,0.6455833308,0.0503587434,8.618134514,0.0,0.1517023549,0.758597294,0.1088055652,-0.003062916,0.6709580587,0.0231273477,-0.284493935,-0.0592103,-0.938864629,0.0976387864,0.0592102998,19,0.0047314691,0.0559210526,0.0475983601,0.1835513714,0.0141220518,0.2315182383,0.074724691,0.032321018,0.0984648485,0.4983279344,0,5.3103224575,0.1367581874,2.5311963366,0.0884261946,24.71127251,4.7560078892,0.588376565,0.0,0.0,0,,0,0.0,0.9072361036,8.0,-10.03328018,0.0148063854,-0.026641099,0.6182251876,-0.877784875,0.4710646983,0.1708320289,-2786.694033,0.0318276958,12.677771826,-0.001050864,0.0103684705,0.0129478401,-0.006712528,0.0615190896,0.0162149629,0.0,-0.002868617,0.7842721025,0.0331599666,6.0,12.113961644,0.555885553,0.7413214151,0,-0.095378135,0.0919540301,0.0262917525,0.0324735433,0.6560946935,2.8562593335,1.4580663e-08,2.5409736e-08,0.6814870568,0.4644246086,-0.127035863,0.0341996266
93312,0.2734888903,0.026629967,29.329444595,0.0021311772,0.1906264295,0.1559412869,0.0901052676,0.0043940995,0.2008333758,0.0183256523,-0.100577224,-0.053240265,-0.925858138,0.0512855387,0.0532402646,15,0.0,0.1144492132,0.0773941984,0.0429942247,0.0011529195,1.8392873593,-0.047047118,0.0052981465,0.0933354334,0.0908225974,0,1.2274433049,-0.073201944,1.2274433049,-0.073201944,6.9143029517,8.1376551256,0.2330239907,1.0,0.0,1,1.0,0,1.0,0.3489333511,7.0,-10.12097933,0.1308675171,-2.327016936,4.0515116595,-0.553060016,0.2118429981,1.0458578167,689.61758162,0.0288563477,15.616841177,-0.007163599,-0.012202212,-0.016344638,0.0129786072,0.0877615422,0.0771266279,0.0,0.0004283267,1.1385354167,-0.033289177,5.0,15.989112176,-0.409492923,1.6079361236,0,-0.111549313,0.0147375297,0.0107554616,0.0220054944,0.3435688772,2.5111418731,2.877704e-10,1.6778144e-08,1.2708907271,1.6151632401,0.1238488706,0.0294751909
86091,0.6101377538,0.0298911442,-40.7652675,0.0257101432,6.2873101253,0.216686045,0.0122171953,0.3951628467,0.0345733172,0.3455377574,0.3753353975,-0.008530552,-1.689675035,0.0803974643,0.0085305523,16,0.0009111922,0.2703125,-0.024701802,-0.651726351,-0.044610698,0.028956229,-0.589135656,0.0187365973,0.6385876895,0.3531278734,0,0.6688956937,0.2184441968,0.6675215304,0.2167099896,1.7839702321,0.0696647033,0.0063690489,0.0,0.0,0,,0,0.0,0.4590355968,5.0,-0.140392954,-0.008227052,0.226562466,-0.310085147,-0.85824021,,0.0008598231,-4801.520542,0.0286434127,13.499941468,0.0006573574,0.0024221492,0.0272474136,0.0149837027,0.0148618856,-0.540337053,3.0,-0.001208711,0.2344824346,-0.061683419,4.0,13.268677828,0.1067423076,0.7719505683,0,0.0654744878,0.0343083739,0.016793813,0.0242295926,0.3766439676,1.0675867871,8.2609349e-09,3.8212681e-08,1.010058124,1.0202174138,0.0067545285,0.0333604038
83616,0.371416103,-0.005229042,4.6371468789,0.0,0.292167611,0.4760133107,0.0161598524,-0.035604774,0.4248886546,0.0274116589,-0.080454491,-0.095487756,-12.34141888,0.0593047564,0.095487756,19,-0.014899214,0.0,0.0396784024,0.1176541013,0.0313875621,0.4699507934,-0.364170198,7.92847e-05,0.0028724309,0.3100412642,0,2.8740210946,0.2583573036,2.1093658051,0.3792248486,4.3669406804,7.4424044695,0.0208683207,0.0,0.0,1,0.1528842275,1,1.0,0.7659373884,7.0,-9.997176766,0.0642608768,-0.082562152,0.3440579598,-0.423518719,0.1809489431,0.1324979989,-2380.892213,0.0318276958,13.941246522,7.69943e-05,-0.009911399,-0.015906469,-0.002280368,0.2514032523,-0.011455502,0.0,0.0011709602,0.3282030792,-0.030894085,5.0,16.609356556,0.7073872541,6.0653559165,0,-0.165492678,0.0134615721,0.0029403002,0.0059440356,0.3620140868,5.0885537719,1.686767e-10,8.8511896e-09,0.6456545124,0.4168697494,0.5466846489,0.0697245391
83690,0.5978823389,0.0625440782,-4.912926257,0.0,1.5096271119,3.697839129,0.0584769292,0.2428565761,0.3487622002,0.0171358629,0.2845455023,-0.003693908,-0.112310367,0.0695684265,0.0036939075,19,0.0912716009,0.1892351275,0.3966818379,-0.328459266,-0.074955447,0.040501365,0.0010814081,0.2181674676,0.1487238139,0.5095662979,0,1.1340833667,-0.086414927,0.3306187775,-0.125316892,24.690702642,26.529116979,0.0683749279,0.0,0.0,1,1.0,0,0.0,1.1187049224,6.0,0.004115266,0.3731629954,0.053048416,0.0793373879,0.3620405473,-0.244084567,-0.008947694,-5775.164322,0.5457032371,12.196925668,-0.000924851,0.0072380357,0.0246017055,0.0543068704,0.022615651,0.0078198595,2.0,0.0001363636,-0.702551698,-0.043271858,4.0,11.452047236,-0.070827041,0.3368383475,0,-0.191138643,0.0451332219,0.0197678278,0.0304778519,0.3768054213,0.3360809654,1.1197393e-07,1.0921058e-07,1.359092496,1.8471324126,0.0557889001,0.0331514808
83651,-0.009779117,-0.607185844,3.1146373008,0.0,0.2718687244,0.0005561583,-10.184375,-0.270698994,-0.416365747,0.1999260355,5.2346570397,-0.529527965,-0.847530723,-0.092577187,0.5786463093,19,0.0,0.375,,,,0.1832061069,-0.159407274,0.0149600206,-1.028242538,0.9573236074,0,11.993471164,-0.559544207,11.993471164,-0.559544207,0.0022492971,1.0,-4.253374532,0.0,0.0,1,1.0,0,1.0,-0.434011511,3.0,,-0.027622989,0.1663767599,-8.830181793,4.7441931182,-0.42660587,-8.849929171,-5504.212777,0.0248274717,11.009867233,0.0,-0.187106552,0.465352276,0.0,0.9045339341,-4.7,1.0,0.574199616,-0.863546587,-0.043526499,4.0,9.2824135071,0.2174009957,0.1429521953,0,-0.25352422,0.1801801175,0.0641785749,0.0891574888,0.7547299839,0.4216824909,2.2769959e-06,1.8021383e-07,1.1779326502,1.3875253285,0.3471576671,0.0904457713
89202,1.346426623,0.1148499727,-21.37081959,0.017086743,13.279759956,0.812547736,0.0309883373,0.0830608116,0.0527183049,0.001026694,0.0574471967,0.0003890631,0.0486414592,0.1092635025,0.0003890631,20,0.0021824007,-0.05,-0.042654394,-0.126053814,0.0233958764,0.1386356954,-0.318784442,0.0045175812,0.0965185093,0.5886881361,0,0.9860393606,0.0482183785,0.9761411203,0.0463177434,1.3205305529,0.0730721302,0.0120757075,0.0,0.0,0,,0,0.0,0.591888962,4.0,-0.004814996,-0.003147419,-0.093750034,0.4262037221,-0.113682192,,0.0297258612,-5452.657822,0.0286434127,10.868400011,0.0006425343,0.0032013213,0.0289799419,0.0107458968,0.0255437359,0.0058712471,2.0,0.0149724833,0.3360038324,0.0837392397,2.0,8.8253541737,-0.007848574,0.1888798038,0,0.0654744878,0.0333333686,0.0146322486,0.0191897935,1.583891404,0.3616163086,1.04314e-05,1.0000002776,0.3337305805,0.1113761003,0.2243740504,0.0258165065
83621,0.2979418842,0.0342199704,5.9188098552,0.0,0.0747846556,0.1257631272,0.1748237694,0.0189984359,0.3089746406,-0.016822288,-0.050387623,-0.047527465,-0.51284699,0.0517695792,0.0475274653,19,0.0,0.0384615385,0.0868042171,0.1153761552,0.0016238421,1.2669585261,0.2366835618,-0.001226132,0.0380363497,0.3669948556,0,2.3876486511,-0.014988364,2.3876486511,-0.014988364,1.1866722956,3.4370205813,0.589093913,0.0,0.0,0,,0,0.0,0.393385406,6.0,-10.13907677,0.1188527837,-2.40300461,4.0759646535,-0.912626206,0.2911204987,1.0463418571,3208.3084416,0.0288563477,15.893886692,-0.00039225,0.0240467147,0.0294618537,0.000489446,0.2875824614,0.039701436,2.0,0.0003403676,1.4056494835,-0.037646311,5.0,15.965207322,-0.157955592,1.061834827,0,-0.111549313,0.0300334822,0.0111991975,0.0166451567,0.3118852589,1.153914735,2.898194e-10,2.6534908e-08,0.8417842925,0.7086007952,0.1051847757,0.0219530081
83622,0.3494744704,0.0415634727,1.2015381426,0.0,0.1326600265,0.299852044,-0.65857068,0.0701848326,-0.069946851,-0.81675762,-0.113075682,0.0870798088,0.9769991402,0.0009559956,0.0870798088,19,0.0,0.5,2.4538437789,-3.701815015,-2.466441763,0.6175298805,-0.332400129,0.0081707124,0.1612682956,0.9129410893,0,7.4612202689,0.0930985866,7.4612202689,0.0930985866,0.6957089552,31.721172023,0.3141599924,0.0,0.0,0,,0,0.0,-0.113261883,7.0,-7.677010793,0.3158649348,0.4174378484,0.3221163273,7.5166536676,-0.819051057,0.0741492381,-3002.179703,0.0318276958,11.181933333,0.0,-0.102501108,-0.148488092,-0.018293188,0.8972592047,0.0026942459,0.0,-0.026388889,0.8699987555,-0.014366611,2.0,9.5571758798,0.2073978373,0.1721984297,0,-0.095378135,0.0991832465,0.0405747733,0.0556709987,0.8358090743,0.6126392162,8.2415812e-07,1.3167752e-07,1.0372104212,1.0758054578,0.3950086684,0.0552854067
83633,0.1209006264,-0.031569525,9.7967485491,0.0,0.1208120081,0.1437251845,-0.146050514,-0.031179132,0.4257270772,0.0515767388,-0.181431286,-0.024123424,-0.187673515,-0.025644761,0.0241234244,19,0.0466568598,0.22406639,0.1159182501,0.0633512063,-0.045113797,0.127763076,-0.601222692,0.126796957,0.1864374385,0.5502540198,0,4.988083986,0.9343824918,3.9306643262,0.7178080961,1.7028926144,5.5461275412,-0.211418101,0.0,0.0,0,0.0,1,0.0,0.987767701,3.0,-10.13298879,-0.04257599,0.1415042384,0.0935424832,2.6386126165,0.1809489431,0.0475484814,-2087.228503,0.0318276958,13.728484177,0.0014358062,-0.047189632,-0.102159997,0.0013006966,0.2980349202,-0.03952371,1.0,0.0081566069,3.2118783588,-0.324730676,4.0,14.004237084,0.7638032009,2.5056445732,0,-0.095378135,0.0656284913,0.0221432292,0.0422610983,0.5622159396,6.9724480849,2.3997235e-09,8.0949804e-09,1.4883898711,2.2153044083,0.0232973988,0.055272409
83630,1.2242923698,-0.325934798,-0.343519512,0.0,0.2135885349,0.4670208026,-1.15230672,-0.18955996,0.177255905,0.016407236,-0.24185479,0.0106384117,0.0524206307,-0.343020506,0.0106384117,19,0.0,-0.123655914,-0.12911084,-0.059198585,-0.031006677,0.7972972973,0.439895119,-0.017516325,-0.17968858,0.9445720365,0,7.6271373414,0.1055183143,7.6271373414,0.1055183143,0.3663798916,4.1342057212,-1.299694614,0.0,0.0,0,,0,1.0,0.2107154374,2.0,-10.47664446,0.1073146521,-2.565122063,5.002315139,-1.471841997,0.1119278668,0.6515517723,-4205.332918,0.0288563477,10.39911392,-0.000690258,-0.054759319,-0.067819411,-0.035606398,0.9258780621,0.0049789921,2.0,0.0404881959,1.521060376,-0.003319445,3.0,10.06348682,0.1011138363,0.3976132357,0,-0.111549313,0.0784615725,0.0429092507,0.0503124196,1.5800945378,1.1620808558,1.97143e-05,7.7474145e-08,0.4800991489,0.2304951928,-2.532741672,0.0462664335
83661,0.4857596751,0.0537428264,13.464620021,0.0,0.6673201751,0.3378080474,0.0738345103,0.0518686625,0.1078141539,0.0077507797,0.0211375791,-0.042271529,-0.884773063,0.1012930315,0.0422715287,19,-0.000191286,0.0833333333,0.0446147286,-0.053172049,0.028799392,0.0414627811,0.0071927891,0.0878943107,0.0973388987,0.4214921454,0,1.1813466369,-0.01647878,1.1161839401,-0.014482776,27.441726522,4.5874976909,0.1304000734,0.0,1.0,1,0.0078130501,0,0.0,0.2408935676,5.0,-0.031206253,0.0018747765,0.0642718999,0.0228849447,0.1845355152,-0.337159836,0.0214804677,-14745.9961,0.198460221,15.129617807,-1.617e-05,0.0093092261,0.0260503476,0.0355591528,0.005802536,-0.288352914,2.0,0.0013540961,0.0672153685,0.064251129,1.0,15.754249568,0.2484492921,2.3417665413,0,-0.223194636,0.0643235594,0.0212646419,0.0288896049,0.3447351272,4.5171221728,3.519295e-10,9.6936688e-09,1.6313193865,2.6612029409,0.0034192383,0.0313256066
83815,0.7662090995,0.0737434071,-41.08013565,0.0335100335,6.728976729,0.30331697,0.0234482322,0.1164088586,0.0336245311,0.0038678397,0.1237787682,-0.000707776,-0.068186955,0.0787717454,0.0007077759,19,-0.000850176,-0.00968523,-0.005078751,-0.119604188,0.004083036,,,-0.001150889,0.0556111741,0.6724080005,0,1.5187637664,0.0494492931,1.518757225,0.0504707949,2.3202060252,0.0443797191,,0.0,0.0,0,,0,0.0,0.3110083443,6.0,-0.007284577,-0.0019038,-0.053435264,-0.154013801,-0.945683593,,-0.000765896,-4898.483422,0.0286434127,13.425863551,-0.000158744,0.0021705079,0.0210922968,-0.00217504,0.0153281164,0.0758171776,0.0,0.0023668639,0.1824127087,0.0054831241,4.0,13.114053069,-0.06474207,0.7313987304,0,0.0654744878,0.0265436228,0.0129861185,0.0184684102,0.2372264407,0.6668033271,6.1323365e-09,3.7196289e-08,0.8392582289,0.7043543748,-0.004620261,0.0197383839
83602,1.5030190209,-0.701575324,-2.958020244,0.0,1.6128742318,4.5533736535,-0.124544982,-0.222187597,0.2566220006,0.0118244052,-0.037974684,-0.18334794,-0.930604982,-0.048685832,0.1833479404,19,-0.046625767,-0.031914894,-0.152532528,0.024442365,-0.030097745,0.4822222222,0.0499015471,-0.069024618,-0.354769561,0.5335194311,0,1.5964252117,-0.140014297,1.3250235183,-0.1116538,6.3656195462,5.427827381,-0.344212524,0.0,0.0,0,,0,1.0,0.4343515541,2.0,1.249109176,0.087914779,-0.119775466,1.0684754203,-1.264198819,-0.111916426,-0.076690366,-6898.934134,0.0558672041,10.974010023,-0.007211538,-0.246989374,-0.511741683,-0.954296447,0.3527871306,-2.501354799,0.0,-0.787671233,0.3248840858,-0.111952032,3.0,11.434168982,0.2833402499,1.1968946774,0,-0.168614603,0.1119999886,0.0467787292,0.0582029919,0.5579043993,2.1701832126,1.9451768e-07,3.0815502e-08,1.7186980459,2.953922973,0.4100505811,0.0722430022
83683,0.9763894683,0.0678174112,-11.53075562,0.0280525964,7.1492128324,0.5540162947,0.0304587102,0.0623409842,0.0678790082,-0.07270189,0.0767384167,0.0592741638,6.8936039988,-0.399688966,0.0592741638,18,0.0575848265,0.0134357006,0.148406803,0.0938921483,-0.007463022,0.3428096733,0.3168605603,0.0585187255,-0.032393632,0.6732026955,0,1.2149929768,0.0364437352,0.9692139043,-0.023398526,0.9837843814,0.0983537902,0.0116998673,0.0,0.0,0,,0,0.0,0.5145205742,4.0,0.0218494174,0.010221088,-0.021203614,0.1278258351,42.72727031,,-0.486077656,-4957.732217,0.0286812661,11.862839763,1.26485e-05,0.0020799367,0.0173094228,0.0119260205,0.1326376932,0.0013595575,0.0,0.0017878427,-0.491494699,0.0126117128,1.0,11.52914369,-0.02756302,0.5940965427,0,0.0654744878,0.0156794693,0.0095704254,0.0206668198,0.8272534547,2.3508122244,2.6961779e-08,3.726786e-08,0.1730943393,0.0299616503,0.1484308406,0.0253650722
90082,1.0771553793,0.0435152854,-13.77728119,0.0180012231,8.7222748285,0.4044356986,0.0068887882,0.0406307419,0.0349692529,0.0059551077,0.0346590067,-0.01014878,-2.240838685,0.1410260204,0.0101487798,14,-0.000162545,0.0,0.1531592763,0.0316624632,-0.182735615,0.9351693638,-0.044063202,-0.000682591,0.0916504919,0.4077485713,0,0.6174342156,0.0074769464,0.6174342156,0.0077880978,0.6362895717,0.0871960729,0.0139912686,0.0,0.0,0,,0,0.0,0.3337304133,6.0,-0.098093503,0.0016913543,-0.043750034,0.1569324784,-0.624116834,,0.0614883792,-5376.824422,0.0286434127,11.808627308,-9.0197e-05,0.0020680272,0.0188810874,0.0010149208,0.0610099717,0.0162155878,0.0,0.0008264463,2.8048982075,-0.020425104,2.0,9.8821449203,0.0376343234,0.2030588804,0,0.0654744878,0.1044905037,0.0275328018,0.0256705371,0.9436731713,1.129384853,1.3013468e-07,9.243015e-08,0.2803839097,0.0786151368,0.2649903074,0.0404796499
83774,0.753395889,0.0687607206,-51.28135559,0.0284466415,7.3816117817,0.339764946,0.0248923014,0.0475629981,0.0392472633,-0.027894404,0.0506514569,-0.003326224,-0.384588353,0.0952052929,0.0033262237,19,0.001621648,-0.080684597,0.0131129318,-0.082501615,0.0289864923,0.1589457515,-0.107310605,0.0021287179,0.018236529,0.5353750498,0,1.0079604217,0.1139604556,1.0028067564,0.111873635,2.7253094111,0.0582824011,0.0114293491,0.0,0.0,0,,0,0.0,0.4119197574,6.0,0.0219618875,0.001251121,-0.124434631,-0.166827012,-0.843011809,,0.0156676517,-5208.782542,0.0286434127,12.731197049,-9.0094e-05,0.0019615047,0.0212065814,0.0023360564,0.0197724851,0.1417977859,0.0,0.0,-0.329884588,-0.002771333,6.0,12.081974126,-0.053085843,0.4471852025,0,0.0654744878,0.0339702442,0.0079621121,0.0166363751,0.6035923703,5.1053297196,4.9152004e-09,2.4696251e-08,0.6434076034,0.4139733441,0.2459090184,0.0281478449
83720,0.8714503011,0.0766560607,-34.2319997,0.0242286449,5.4465650794,0.4831498173,0.0160276077,0.0712754968,0.0190996136,-0.001575503,0.053258585,-0.011276791,-0.898818457,0.145555943,0.0112767907,19,0.0,0.0245437382,0.002470954,-0.063004687,-0.019053138,0.3426573427,0.2338533762,0.0006736535,0.1997646248,0.1042269434,0,34.739045709,0.4082209884,34.739045709,0.4082209884,3.1488210194,0.698417386,0.0157263651,0.0,0.0,0,0.0,0,0.0,0.1506142122,5.0,-0.012319316,0.0381210543,-0.039249891,0.0202583882,0.7313876944,0.21051405,0.0470721452,-8226.539228,0.0331128264,14.221753883,-0.000113519,0.002927653,0.0230522257,0.0013605866,0.0171731047,,0.0,0.0009752926,0.2143388173,0.0468114838,4.0,13.583259062,-0.088540997,0.4205062171,0,0.048781298,0.0215554405,0.0134133499,0.0196318227,0.4437042194,0.7722791194,5.3076286e-09,6.1341183e-08,0.9814551616,0.9632542342,0.1276982445,0.0222037023
83779,0.1858241482,0.0209687045,4.7256547326,0.0050588458,0.1848096046,0.3720228388,0.1480781231,0.1014481076,0.7878957093,1.0008647346,0.1192252763,-0.118834059,-2.003728763,0.0629843007,0.1188340587,19,0.0,0.1305671869,0.1592481835,0.2235809571,-0.010463851,0.7743732591,0.1192176922,0.0119195296,0.084319396,0.5806078077,0,1.71178233,-0.07589479,1.71178233,-0.07589479,2.7933679267,3.7026596212,0.2040002162,0.0,0.0,0,,0,0.0,1.5470513783,4.0,-10.14471215,0.107666035,-2.310898962,3.9638469174,0.2329964657,1.3185133426,1.0575565786,-2648.486668,0.0288563477,14.515531293,0.0062840973,0.0107136747,0.0208349117,0.0131639664,0.383628455,-0.022701134,1.0,0.0004063389,1.2389046287,0.071252414,7.0,13.867578796,-0.349708533,0.5875584793,0,-0.111549313,0.0587998778,0.0159307474,0.0200736627,0.5106480214,1.2358543374,2.5357963e-09,5.0506973e-08,1.4237794633,2.0271479601,0.0994079343,0.0410905047
91050,1.3527530932,-0.814248897,-2.838549828,0.0,0.2106658967,0.161322108,-0.625697688,-0.230447632,-0.355006127,0.2126793988,0.4,-0.063383437,-0.145966229,-0.695396056,0.0633834372,17,0.0,-0.266666667,1.6666666667,2.5503875969,-6.045797775,4.743872549,0.8464766568,0.002955381,-0.178647621,0.1387766954,0,1.1834662799,-0.755701903,1.1834662799,-0.757999941,0.7257731959,148.08907823,-3.913705584,0.0,1.0,0,,0,1.0,-0.456822187,3.0,10.588949027,0.1506863985,-2.708132816,5.1307758624,1.6019675268,-0.888072133,0.2991762215,-4227.875648,0.0288563477,8.6483740662,-0.000850557,-0.094470274,-0.111617578,0.0279150004,0.1936972574,0.4333333333,0.0,-0.005332079,-0.791349238,-0.038459943,3.0,7.8718757358,0.3825319061,1.1246831099,0,-0.111549313,0.1534615606,0.0495293713,0.0849035796,1.3103922707,2.6223344572,7.470758e-06,3.351024e-08,0.8923941414,0.7963673037,2.0334139292,0.1335232838
83799,0.1145016432,0.057238474,3.7823023947,0.0,0.2655756043,0.5507530028,0.5616794649,0.2106022826,0.9060118144,0.0098175419,-0.001304768,-0.110994679,-0.672922599,0.0957555367,0.1109946787,19,0.0,-0.02059358,-0.114295075,-0.183730753,-0.015988037,0.2507718863,-0.334191933,-0.020706662,1.3837334841,0.7101955395,0,3.4907428774,0.2379061321,3.4907428774,0.2379061321,2.7451548777,26.327529217,0.3112392466,0.0,0.0,1,1.0,0,0.0,5.7868490052,6.0,0.4136602676,-0.381476004,-0.045666548,-1.564057526,-0.374570653,-3.39269878,1.3738540488,-356.05728,0.1078503062,13.224350405,-0.001905349,0.0110802582,0.0308563188,-0.002662447,0.380491851,-0.005707014,0.0,0.0003638348,1.4239425877,-0.060401123,4.0,14.006472801,-0.105355653,2.2522264061,0,-0.219751184,0.0277432743,0.0168578789,0.0267107376,0.363326858,2.7811944543,3.7153794e-09,1.364358e-08,1.1348638268,1.2879159055,-0.130533451,0.0619292983
83734,0.7539614926,0.0341057534,-1.361219969,0.0,0.4729085023,2.1812347362,0.0699898216,0.1108739811,0.5664549639,-0.81675762,0.2133333333,-0.079104441,-2.70358035,0.1263133981,0.0791044413,19,0.0,0.0434782609,0.1647761737,0.0628074265,-0.046615581,0.4523630908,-0.760869129,0.0198246381,0.0549948343,0.3589284309,0,1.437678933,0.0444913804,1.437678933,0.0444913804,13.087408417,6.1536612722,0.1187701626,0.0,0.0,0,,0,0.0,0.8750695383,6.0,3.6594522065,-0.227411511,-0.027247843,-0.569384656,0.2337103573,-0.57247192,0.0465271557,-2161.682839,0.0889184991,10.572047427,0.003334875,0.0146890416,0.0244179236,0.0540594971,0.0459343109,-0.004110157,1.0,0.0095229875,-0.545191445,0.0474348795,4.0,8.8390143592,-0.309904241,0.1040009224,0,-0.017965162,0.1325695515,0.0459671457,0.0506756015,2.1904643941,0.7061438964,0.0001049881,4.0000004219,0.416082596,0.1731247267,0.6193002927,0.0507035809
83756,0.255472762,-0.069715967,2.2354703474,0.0,0.0816949169,0.0022535046,-1.776293021,1.5616387503,-0.538503801,0.2047169378,4.5092922104,-0.375393467,-1.262125035,0.0182743002,0.3753934669,19,0.0,-0.086956522,-0.101325019,-0.808771828,0.0768199625,0.2716763006,-0.761094135,0.0011582324,1.187392272,0.8839326188,0,3.6700878011,-0.584756906,3.6700878011,-0.584756906,0.0076001767,1.1973001038,-1.442635565,0.0,0.0,0,,0,0.0,-0.606874508,3.0,46.596593962,-0.035150629,-0.295579762,-8.564929914,43.015510948,-0.42660587,-8.739077684,-5035.718457,0.0248274717,13.058213064,0.0,0.0961391205,0.2296883977,0.0806127476,0.7787740474,-0.177285719,1.0,0.0,-0.020130713,0.0378921255,3.0,14.352385636,-0.108419507,3.2055800201,0,-0.25352422,0.0716612488,0.0297566672,0.0502439202,0.31868747,4.0429941408,3.7194924e-09,8.2309356e-09,2.2454883152,5.0422177735,-0.110857475,0.1116573168
83916,0.3967928171,0.0630077364,5.1075073723,0.0,0.3367806347,1.0822874954,0.1259481764,0.0120295557,0.4217871126,-0.037733601,0.054756231,-0.025721951,-0.301509136,0.0820051446,0.0257219511,19,0.0,0.1219512195,0.0407523905,-0.095387555,-0.015464245,0.3763880382,0.0354184573,0.0627441111,-0.021774771,0.4206207572,0,2.2427667383,-0.088723615,2.2427667383,-0.088723615,16.061112836,4.4197156931,0.3422887978,0.0,0.0,1,1.0,0,0.0,0.7484792684,6.0,-10.1245903,0.1544115845,-2.319514929,4.1748155863,-0.47165649,-0.364093325,1.0765774225,-3087.054518,0.0288563477,14.108454257,-0.005324454,0.0129691093,0.0249896202,0.0025409812,0.1004060754,0.0073673811,0.0,-0.001866368,1.0476826273,-0.032622464,6.0,13.488755413,-0.168009905,0.4295986865,0,-0.111549313,0.0223034266,0.0115427366,0.0192154235,0.4094660541,0.7898299781,5.1483533e-09,6.3840205e-08,0.9424660089,0.888242178,0.040491462,0.024437437
83879,0.1915083067,0.0494676361,141.74682235,0.04659579,0.4560752219,0.2511372592,0.0838965094,-0.024341358,0.2466629116,0.0076249736,-0.053194592,-0.059225622,-0.784997515,0.0882996075,0.0592256217,19,0.0,0.0666666667,0.0330844521,-0.015567405,-0.009903989,0.2433437304,-0.123900881,0.0217334809,0.0520072973,0.2190700273,0,1.2121362735,0.0543975746,1.2121362735,0.0543975746,49.435759554,7.5883497435,0.2152361287,0.0,0.0,0,0.0,0,0.0,0.7865396282,6.0,6.2379229606,-0.111590589,-0.085817937,-53.95238753,-1.877614611,-0.365838441,-1.174318108,2783.1355724,0.0207317787,15.447532605,-0.007595496,0.0255111277,0.0874134407,0.0031155047,0.0085112984,0.0166808934,2.0,0.0019164431,0.7146931868,0.0194734898,5.0,15.91407674,0.1273057095,1.6488423062,0,-0.142502855,0.010129109,0.0064229312,0.015378374,0.3148388538,1.8242841483,1.695904e-10,1.7820996e-08,0.9091213811,0.8265016855,0.0513793831,0.0185953901
83844,0.5059155295,0.0442575898,1.0835480277,0.119866142,0.0338377907,0.2290617565,0.4027544508,-0.374301739,0.2061704486,0.0104102064,-0.161521895,-0.023040586,-0.365044731,0.0604135897,0.0230405861,19,-0.022021457,0.2068965517,0.1779311715,0.3881014028,-0.076896915,0.1022877671,0.2466600781,-0.017373977,-0.384744568,0.8838905409,0,14.045189504,-0.268752474,14.044606414,-0.253835453,0.5392747528,6.5542967671,1.3338539633,1.0,0.0,0,,0,1.0,0.2162889019,5.0,-10.11943995,0.1982260461,-2.234569597,4.2839382987,-0.97094914,0.343809666,1.0549858677,-4130.868698,0.0288563477,11.468460138,-0.059733324,0.03802617,0.0409338202,-0.025854157,0.8071813598,0.0028973328,3.0,-0.005220301,-0.399686303,-0.014677383,4.0,8.9699031484,0.5188779795,0.1117151597,0,-0.111549313,0.0485933013,0.0268271598,0.0503438108,0.7460256102,0.3245190696,8.257865e-07,2.1604862e-07,0.3342044154,0.1116925913,2.1074698758,0.0434588354
83856,0.4638028768,0.0398270979,-183.1412575,0.0047443908,1.669955939,0.5830546863,0.0547082328,0.108396877,0.1047121681,0.0137451399,0.0965534873,-0.026832651,-1.367279555,0.0942818746,0.0268326507,19,-7.623273e-06,0.0555019305,0.0568665666,-0.199790815,0.0551327506,0.0512751663,0.1166020436,0.0430445259,0.1532444718,0.1438742351,0,1.1139605463,0.4687488223,0.953292868,0.4730767555,547.5157385,10.024560004,0.0403689314,0.0,0.0,1,0.6070133727,1,0.0,0.4194187456,5.0,0.035837008,0.0322025854,0.0691509637,0.2368924663,1.255447176,-0.764650138,0.0032449099,-2633.484319,0.1781425674,12.9148356,0.0026135527,0.0052785366,0.0235873592,0.0102352263,0.0004782164,-0.053001023,0.0,-0.000463177,0.392471591,0.0219337167,3.0,13.022095014,0.2264749151,1.4478383741,0,0.0765612683,0.0517785475,0.0159921598,0.0228823077,0.6352320774,5.5453056936,4.0955997e-09,1.2550081e-08,0.8649103181,0.7480698583,0.1585557578,0.0320399853
83883,0.4518911385,-0.298854063,99.280581081,0.0,1.2670751977,2.0510861572,-0.078731949,-0.119703306,0.2961537394,0.0074564429,0.0440221545,-0.127120621,-0.780892999,-0.065481018,0.1271206213,19,0.0032629965,-0.331573738,0.1684408005,0.4166562398,-0.19617682,0.6010583951,0.2365886452,0.0079478427,-0.388563468,0.1724202723,0,1.1595805635,-0.14700683,0.9303013314,-0.199678682,1031.9492386,6.9885306441,-0.202387364,0.0,0.0,1,0.5443418864,0,0.0,0.6737914677,2.0,-355.6597549,0.0583798934,-0.511950725,-1.907524388,-1.930208295,-0.705742674,-0.202849311,-2556.831888,0.2277833408,12.109447241,-0.007546199,-0.041999553,-0.811535723,0.1226365282,0.0523268214,0.0038186991,1.0,0.1163981358,1.5623933695,0.2535581589,1.0,12.619142083,0.9209525993,1.7765144906,0,-0.166303822,0.0725806728,0.0299610512,0.0636748015,0.553210705,2.8662979253,2.4616492e-08,1.6516989e-08,2.0137681701,4.0552622427,0.1179784735,0.1075398617
83862,0.7660714724,0.0417598031,-14.11381808,0.0,5.7230883672,0.2877578238,0.0194095769,-0.016202643,0.0202679974,0.0066676643,-0.0306328,-0.008887935,-1.392491468,0.0999099725,0.0088879346,19,0.0,0.0704553008,0.0291359132,0.1046727585,0.1233808861,0.4081632653,-0.140636635,0.0008322844,0.1068951847,0.2798725016,0,0.5042735043,-0.071698912,0.5042735043,-0.071698912,0.8043824701,0.142907701,0.0096348406,0.0,0.0,1,0.4190414508,1,0.0,0.1293265444,7.0,1.4761204188,0.0107747327,-0.017405272,0.3315278718,-0.197566481,-1.111916426,0.0719054383,-42.82839903,0.0558672041,15.764045303,-0.002880901,-0.003247373,-0.026776339,-0.001700014,0.0393398859,-0.002763188,0.0,0.0015191796,-0.025025873,0.0546195973,3.0,16.839205342,-0.107075493,3.1327334675,0,-0.168614603,0.0440806523,0.0212259881,0.0264996761,0.3015123565,3.7268140787,1.995382e-10,8.2710393e-09,1.4963113401,2.2389476266,0.0558917429,0.0347098345
83910,0.5876472358,-0.056024807,2.466304695,0.0591488672,0.2336565385,1.2289820193,-0.005747837,-0.121683825,0.5729311028,-0.050366631,0.2802079371,-0.22329675,-3.500206526,0.140073589,0.2232967496,19,-0.044875427,-0.071942446,-0.116941853,0.1958887346,-0.020277243,0.5906480722,-0.07314731,-0.077410414,-0.219150703,0.4901361472,0,2.9054586966,-0.337229713,1.6802615193,-0.339999884,16.961992973,5.8398944359,-0.109096975,0.0,0.0,0,,0,1.0,0.7100027674,3.0,7.0066272579,0.0078111016,-0.210148143,0.2220338292,-0.692400939,0.0744744517,0.1323825461,-4407.798019,0.0410566741,11.108239058,0.0139400862,0.029836884,0.0410264597,0.0111457107,0.0715537383,0.0044692663,0.0,0.0033112583,0.2059659823,-0.098524616,4.0,10.851266528,-0.834932359,0.5372062663,0,-0.131569503,0.0398126654,0.0233457858,0.0356556445,0.7804784083,3.005756788,1.9470139e-07,4.769397e-08,0.9195841945,0.8456350907,-0.078815118,0.0576333282
83906,0.1703137436,0.0293401538,243.47172044,0.0,0.2232971599,0.2296840196,0.1418311918,0.1336472136,0.2971579508,-0.007204678,0.1745781486,-0.029463147,-0.373845174,0.0403088286,0.0294631469,19,0.0,0.2500670062,0.1926417078,-0.003959286,-0.05548231,0.2272245487,-0.077389891,0.0367091043,0.0825788178,0.1367072875,0,1.2571549907,-0.034364828,1.2571549907,-0.034364828,112.99969048,5.4903313404,0.1874309208,0.0,0.0,1,0.0060140933,0,0.0,0.6213574595,4.0,-0.773976427,-0.047603798,-0.009008203,8.8905324565,-11.34734636,0.6657594116,-0.05070166,3384.3651206,0.0257826007,15.909136779,7.13059e-05,0.0153412545,0.0353843653,0.0042861356,0.1292720098,0.0096581295,0.0,-0.000717824,2.7758636382,-0.198697185,5.0,17.08351949,-0.122271141,2.6667334016,0,0.080304809,0.0114113223,0.0470674399,0.0173799868,0.546903766,20.293104567,6.945436e-11,6.653906e-09,0.6039093673,0.3647065239,0.3491143513,0.0215741841
83885,0.088239539,-0.232668866,7.8972236196,0.0,0.0651395782,0.0447489513,-2.55839822,0.4141115189,0.3536166686,0.3956780692,-0.499852115,-0.506865437,-0.285209713,-0.166309445,0.5068654374,19,0.0065712044,0.03125,-0.404477102,-3.701815015,-0.013488604,0.610738255,-0.398301349,0.0348052563,-3.068634317,0.7843513604,0,2.0992366412,2.5067123837,2.0739367503,2.4940500229,0.4174152593,5.2092675635,-2.309936909,0.0,0.0,0,,0,0.0,-1.76120283,3.0,0.1546657885,-0.224738113,-0.13599053,0.9033939974,-1.183502919,-2.065658247,-0.074660639,-5041.293287,0.0446872923,11.619328836,0.0,-0.174117764,-0.534134104,0.0094941516,0.7182391556,-0.054790944,0.0,0.0,0.342804931,-0.075045848,3.0,12.106392358,-0.175488928,1.1432464624,0,-0.101630079,0.0890585557,0.0400744618,0.0520810557,0.5504984144,1.9400456817,9.1225015e-08,2.6141263e-08,1.0420577406,1.0858843347,0.4271170234,0.1135844515
83903,0.6792820941,-0.082536251,-3.907126229,0.0,6.8393251122,0.2989751638,0.0123686404,-0.120550157,0.0262055421,-0.78531725,-0.13095099,-0.015112441,-1.471014493,0.0388757703,0.0151124412,16,0.0174064662,-0.262318841,-0.210495529,0.0821876881,-0.116944352,0.1619972606,-0.000470591,0.0134617932,-5.7064e-05,0.621041921,0,0.9326246792,0.0106849147,0.9002469566,-0.014970262,0.1923203659,0.0726176241,-0.008773322,0.0,0.0,0,,0,0.0,0.3297953427,3.0,-0.215696727,-0.004608361,-0.306068875,-0.240940807,-1.261156044,-0.014465589,-0.040661871,-5137.332422,0.0286434127,12.908295184,2.62393e-05,0.0013299577,0.0125095878,-0.010957993,0.1279423579,-0.024070974,3.0,0.0062532569,0.1871677514,0.0154205207,2.0,11.264650839,0.0169106967,0.2151735356,0,0.0654744878,0.0365559533,0.0114728151,0.0203589581,0.6083256866,1.165264569,2.8142934e-08,9.6879433e-08,0.7636223727,0.5831191281,0.2770827665,0.0365073388
83827,1.36469305,-0.008711695,-4.693698376,0.0,5.2284194598,0.6676529977,0.0319656515,-0.338467811,-0.030030787,-0.81675762,-0.26443917,0.0007243413,1.0462328767,-0.017826158,0.0007243413,19,0.0326807149,1.2272727273,-0.333457437,-3.701815015,-1.56186511,0.2769180648,0.9881905791,-0.091188527,0.3999938787,0.3446173514,0,51.70644176,0.4760403532,19.43409173,0.0771677426,0.5608084403,1.6089222805,0.0109214951,0.0,0.0,1,0.4152420445,0,0.0,-0.772426774,4.0,4.5341758998,-0.128934844,1.0747881236,-52.84117404,8.316893691,0.5280772347,-1.280443873,-2274.754628,0.0207317787,11.544274449,-0.001987938,0.0056258497,0.0367447181,-0.061282989,0.1398974599,3.7634232492,0.0,-0.060310243,1.4236190507,0.0545511395,0.0,10.887965793,0.8243691389,0.3970218008,0,-0.142502855,0.0194357634,0.0109849214,0.0145637621,1.0512716217,2.9884295763,1.4461926e-07,5.503122e-08,0.2833391951,0.0802810995,0.4257561485,0.0360773229
83831,0.9370844732,0.0792571228,-22.49431606,0.0222433041,9.2779141185,0.5376056489,0.0274225471,0.0010297009,0.0481766271,0.0,-0.007387401,-0.004036489,-0.519972452,0.1204686432,0.0040364888,16,-0.000352859,-0.008547009,0.0067463968,-0.019578913,0.0235687665,0.079618918,-0.261273666,0.0034448174,0.0927753024,0.4774175163,0,0.7600282604,-0.074079442,0.7591443153,-0.073680415,1.4040915247,0.0890160245,0.0112540664,0.0,0.0,0,,0,0.0,0.5732972629,6.0,-0.006583434,-9.8134e-05,-0.052297043,0.0168615724,0.3204837213,,0.040931002,-5461.842582,0.0286434127,10.536000554,-1.0505e-05,0.0021944015,0.0241472476,-0.002683952,0.0574242583,-0.017612907,0.0,0.0013672963,-0.653138098,-0.000545455,5.0,9.2036269032,-0.108096743,0.2013343799,0,0.0654744878,0.0388283171,0.0181220303,0.0228900905,1.2688626669,0.9100875398,1.8193229e-06,5.0000001712,0.2027228499,0.0410965539,1.0557536981,0.0406061842
83969,1.1864760085,0.0396493221,-4.22213711,0.0,5.716051328,0.9535478675,0.048,0.0520309299,0.0989118842,-0.006428571,0.0589292375,-0.045781649,-7.773009521,0.34784388,0.0457816491,19,0.012445268,0.1123595506,0.1002133677,0.4294320942,-0.038098953,0.0603474907,0.0666134088,0.071528457,0.0200183439,0.5242829935,0,4.2683445915,-0.132976697,3.4081151106,-0.278178765,2.6916495498,19.556440754,0.0715648258,0.0,0.0,1,1.0440679313,0,0.0,0.383603396,4.0,-10.18338943,0.1040147185,-2.329106598,4.9644987778,-0.776494229,-0.722486374,1.342416158,-4051.644158,0.0288563477,12.087573203,0.0006949967,0.0019840481,0.0116735803,0.0906875993,0.0281128779,0.1024866478,1.0,0.01161538,-0.195406272,0.0590176932,4.0,10.784674086,0.7289473255,0.3732240437,0,-0.111549313,0.066452831,0.0184749444,0.0301019542,0.6611125267,2.3130340556,2.2606364e-08,3.5111869e-08,0.8457989737,0.7153759038,-0.011076218,0.034647181
92530,0.3996728915,0.1119273403,1.2685435636,0.0,1.7684756393,0.9500809115,0.0387641417,0.1098496286,0.1309861707,-0.109822184,0.1505657763,0.0052666228,0.0972515856,0.1010422289,0.0052666228,19,0.0047514097,-0.04867872,0.2744008887,0.1004878453,0.0244015065,0.0457164519,-0.02449049,0.0220423939,-0.038702334,0.4721122538,0,1.3191622382,-0.292844052,1.1794310722,-0.275397684,8.8048245614,12.391975309,0.1108883957,0.0,0.0,1,0.7653162501,0,0.0,0.4282868526,6.0,-0.640821124,-0.008675756,-0.30775393,9.1198916044,-11.67480434,-0.505583581,0.0100317399,709.68213057,0.0257826007,15.549893387,0.0011064524,0.0153742186,0.0927309783,-0.045747342,0.0505643089,-0.164332165,2.0,-0.065271313,0.1025881034,0.0357373981,1.0,16.176532668,0.3062663922,2.6909564581,0,0.080304809,0.0328299403,0.0194161652,0.0343443045,0.2920917622,3.3449927139,2.449845e-10,8.154814e-09,1.2353049535,1.5259783281,0.053052975,0.0339468748
84007,0.5491935102,-0.248471304,-18.94460158,0.0014819425,3.8218001677,1.1271632553,0.1979658598,0.0429260592,0.2005095747,-0.073681719,0.1935996244,-0.101557334,-1.75037037,0.1864455043,0.1015573337,19,-0.009638958,0.1287128713,0.0355469281,-1.472698786,-0.079466339,4.743872549,0.1013608288,-0.011167398,-0.427121728,0.1848571475,0,,,,,16.460551621,1.3748407403,-0.029745868,0.0,0.0,0,,0,0.0,0.8768883879,2.0,-73.98014169,-0.034311517,0.0854808097,-0.216855071,-4.002508067,0.4597151049,-0.292012298,-1645.965304,0.1473165608,12.542223541,0.0009382884,-0.008353781,-0.058551368,-0.078088406,0.0572551377,0.0152274805,0.0,-0.637853949,0.1607870711,-0.041127108,2.0,14.831887972,-0.500002508,5.588442844,0,-0.258063742,0.0615384951,0.0535307596,0.0536516133,0.530713133,14.810660647,4.0697636e-09,5.1923452e-09,0.9762111595,0.952988228,2.8223223692,0.1083927465
88436,0.2139337859,-0.06517555,4.7334354353,0.0,0.7658779789,0.259201326,0.0655500506,0.660050981,0.2851349756,0.3342666921,0.4200625058,-0.123405054,-1.490957369,0.0319984164,0.1234050542,15,0.0111862434,0.5016315633,0.0994613106,-0.673101573,-0.067080014,0.7733947414,0.2106116753,0.024815212,3.3337725082,0.2152341008,0,1.0671863631,-0.365681983,0.9148218356,-0.374149179,3.0592175635,2.2363175379,-0.054087498,0.0,0.0,1,0.3652124039,1,0.0,3.1229007372,4.0,47.572980136,-0.098541827,0.2930083233,-8.60646889,0.182410816,0.1654086379,-8.725353568,5552.839603,0.0248274717,15.60924258,-0.018044111,-0.049818019,-0.130636701,0.0058402402,0.0627740725,0.3240767095,0.0,-0.001154734,0.5915963975,-0.088250152,4.0,17.774111155,-0.263539455,6.6304531702,0,-0.25352422,0.1199859232,0.0559253003,0.0686243575,0.3755299351,12.149732767,1.713015e-10,2.8185012e-09,0.6721654497,0.4518063918,0.6796397727,0.0606193883
83950,0.5565322118,-0.100003915,0.4760829431,0.0,0.5150773636,0.4086644832,-0.070419613,-0.018274885,0.3201270147,0.029108948,0.0824182138,-0.085104146,-0.920667556,-0.007933555,0.085104146,19,-0.008732415,0.0663716814,0.2602700916,-0.076880482,0.0387015785,4.743872549,0.2365061007,-0.014973305,-0.096105271,0.3949707061,0,2.0328127998,-0.222243178,1.9487477042,-0.208935254,1.4021223583,2.4503259145,-0.089914972,0.0,0.0,0,0.0,1,1.0,0.536714473,4.0,47.794215416,0.0530529329,-0.142251559,-8.263870464,5.150086517,0.5733941298,-8.765285539,-5090.193857,0.0248274717,13.103744926,-0.006975129,-0.041212425,-0.079969932,-0.04810161,0.3055258332,-0.005289707,0.0,-0.006688963,-0.1611725,-0.015209201,4.0,14.18788779,0.4387206604,2.3530106095,0,-0.25352422,0.063829802,0.0249978514,0.0370102047,0.2777223365,2.9373377332,4.18694e-09,1.1110766e-08,1.2530226914,1.5700658653,-0.007887513,0.0528814074
83961,0.7418571747,0.0564590861,0.241243891,0.0,0.2242626388,0.7111001235,0.1030863115,0.0260040518,0.3044083156,0.0060688276,0.0934505858,-0.039167759,-0.662198846,0.0938462278,0.0391677586,20,-0.013326873,-0.017180617,-0.019757903,0.1003366853,0.0506942052,0.1748890065,-0.194825642,0.0025937248,0.0080252434,0.559306764,0,4.4570782171,-0.060822725,2.805661479,-0.011991664,2.9598831182,5.2303751346,0.3661930532,0.0,0.0,0,0.0,0,0.0,0.3889937393,5.0,45.122703947,0.0028690101,-0.137139548,9.0355468193,1.2616999923,0.2498958107,0.3697736637,-4478.291356,0.0587429544,13.720115083,0.000315139,0.0212757697,0.0278390842,-0.005555865,0.2484985654,-0.01641128,3.0,0.0003856537,0.6856337116,-0.074335447,6.0,15.229290086,-0.112473599,2.5811244838,0,-0.101630079,0.0131496582,0.0049443067,0.0075225247,0.5392177524,4.8232490285,4.840734e-10,1.2305347e-08,1.2829846783,1.6460496847,0.2063446704,0.0439177894
83965,0.8738812819,0.0473344111,-0.282269874,0.0,0.2141229856,1.3160107714,0.0969164979,0.0853521094,0.4831119941,0.0353878179,0.0516560837,-0.018988188,-0.419291339,0.0671813197,0.0189881881,19,0.0,0.0171990172,0.0910908108,-0.151425065,0.0060357625,1.1098153547,0.0275803252,-0.001859017,0.0939404543,0.4811549249,0,2.9862015245,0.1811580568,2.9862015245,0.1811580568,4.2210475194,4.5829885617,0.2903108881,0.0,0.0,0,,0,0.0,0.6060274692,6.0,-10.4255223,-0.14185813,-2.424267132,4.6519040512,-1.107303641,-0.840265609,1.0617535976,-4148.564358,0.0288563477,11.544491959,-0.001659067,0.0104698698,0.0135288228,0.0285236728,0.2029228698,-0.001170318,2.0,0.0068212824,-0.579023884,0.0051412955,3.0,10.35510665,-0.055712147,0.3420394936,0,-0.111549313,0.0269576423,0.0104563061,0.027572692,0.9506755587,2.0715973351,1.0856471e-07,5.9076225e-08,0.6051722922,0.3662335033,-0.410823968,0.0458469368
84030,1.1786424037,0.0901651418,-183.1412575,0.0267308013,6.4103697157,8.2257963184,0.0435026968,0.4562274117,0.1233574275,0.0389640691,0.5520049576,0.2125872739,7.1399454114,-0.887213573,0.3712184236,19,0.1450367135,0.0,0.2063383214,-0.495745328,0.0110470186,0.0284170972,-0.136776023,0.2443795756,0.0902856888,0.5491787115,0,1.2225434671,-0.066328633,0.4618638362,0.0817509776,515.29115044,6.4919112974,0.0176622996,0.0,0.0,0,0.0,1,0.0,0.4935334718,4.0,-0.143475587,0.0473285652,-0.169776943,0.595043394,3.3032815285,1.5131936387,-2.54498933,-2169.269612,0.0457306398,10.302613609,-0.003260901,0.0011138456,0.0064493673,-0.954296447,0.0214194237,-0.000992784,0.0,0.0316273973,-0.1293353,0.0025566369,1.0,7.4084335838,-0.033877361,0.0611948501,0,-0.034541484,0.0502647683,0.0233587411,0.0410220932,2.1904643941,0.3915292854,0.0001049881,3.3198414e-07,0.3162585928,0.1000194975,0.9551747135,0.0541272633
88905,0.1216730451,-0.103821994,6.7397709333,0.0,0.0814491107,0.078274081,-1.221286664,-0.226678811,0.1854225701,0.0233181349,0.5137226918,-0.11184173,-0.250881884,-0.077774937,0.1118417298,19,-0.007621826,0.55,0.2853817053,-2.109202434,0.0988204268,0.1130298273,0.5938810537,0.0426730536,-0.417427949,0.7494305178,0,2.2138847614,-0.501434127,1.9720158494,-0.512559172,0.6620203837,7.5504273504,-1.481733814,0.0,0.0,0,,0,1.0,0.2331928614,3.0,47.288022737,0.0831320109,0.3413767599,-8.698729631,1.0488078245,-0.42660587,-8.835126921,-5208.786447,0.0248274717,12.046025973,0.0,-0.062687774,-0.074188043,0.0171536492,0.5738266694,-0.122860073,0.0,0.0,0.1118954414,0.0114081176,5.0,12.408054772,0.2338361745,1.1963557265,0,-0.25352422,0.1088161543,0.0401503136,0.0714122854,0.7231251509,3.9586113397,5.4418703e-08,1.9606204e-08,1.5606115929,2.4355085438,0.1414262191,0.0548725903
84026,0.5030906155,0.0328978061,243.47172044,0.019152904,0.4097319765,0.477766104,0.092147041,-0.009972318,0.1288459793,0.0026552791,-0.014962907,-0.049632573,-1.384101749,0.0784317171,0.049632573,18,-0.000501685,0.0,-0.010957124,-3.701815015,-0.064205742,0.0560134625,0.4567755289,-0.293245629,-0.005870316,0.3602759984,0,3.8211856171,3.2792663029,3.8114674441,3.428478885,1031.9492386,147.81229773,0.1623360993,0.0,0.0,1,1.0,0,0.0,0.2250976663,6.0,3.7202828636,-0.316114802,-0.070726104,-0.820255533,8.3579119937,1.4853468827,-0.001354525,-2101.297759,0.0889184991,10.62717,-0.026772267,-0.016175942,-0.027291744,-0.246651065,0.0021376515,13.766666667,0.0,-0.047107431,0.0789231308,0.0090822475,5.0,7.7215170297,0.1033717963,0.0915125393,0,-0.017965162,0.0420167632,0.017172097,0.0316460839,1.4370323651,0.5939849658,3.3796665e-06,1.7494899e-07,0.3959965883,0.1568132979,0.3000650968,0.0391792871
84103,0.7321474139,-0.049800613,-19.86695997,0.0,0.486984609,1.1599277604,0.0964838568,-0.000778591,0.2749544624,-0.016621798,0.1751095656,-0.140515243,-3.441190018,0.1215727602,0.1405152432,19,0.0,0.297484506,0.0287606886,-0.08393789,-0.021924605,0.4414108253,-0.165937644,0.0282294677,-0.091251518,0.190256582,0,1.4395433801,-0.059002146,1.4395433801,-0.059002146,324.62877644,4.4923100239,-0.03038813,0.0,0.0,0,0.0,0,0.0,0.4064732236,3.0,0.7083057326,0.088554794,0.1731142034,0.396708989,-0.656080039,0.2383944448,0.0889804326,-1413.826549,0.0772902197,13.541450644,-0.003636659,0.0145546389,0.0247179648,0.0001568801,0.0041114734,-0.010931631,1.0,0.002514142,0.4335306807,0.0020393,4.0,13.393922695,-0.261581357,0.9683089475,0,-0.045482084,0.0321100764,0.0140355513,0.0265100446,0.4512607245,2.0901625764,4.1957962e-09,2.263967e-08,0.9211290919,0.848478804,-0.08344083,0.0291847641
89425,0.5141331508,0.0735026099,-30.57408361,0.0287628476,5.4124108937,0.2405963424,0.0307635789,0.1202360781,0.0406897097,0.0026915373,0.1189577632,-0.00408536,-0.311726547,0.0964153247,0.0040853603,13,-0.003249585,-0.048128342,0.0710763503,-0.125777409,-0.004665274,0.085402483,-0.186503321,-0.001711032,0.1338725986,0.5468771321,0,0.9549911764,0.0807819266,0.9525818167,0.0865393057,1.6489530178,0.0560448311,0.0149532804,0.0,0.0,0,,0,0.0,0.4747502528,6.0,0.0173680949,0.0020383044,-0.091878376,-0.40608975,1.0067973679,,0.0168776835,-5225.839442,0.0286434127,12.614468268,6.82952e-05,0.003279618,0.0373200542,0.0019920319,0.0316103411,0.0044400231,2.0,0.0005333333,0.2536474774,-0.00131729,6.0,11.094808585,-0.100871457,0.2471125436,0,0.0654744878,0.0225770846,0.0124346155,0.0195141926,0.4676553113,0.5867752942,2.8206353e-08,8.3384591e-08,1.019413666,1.0392042225,0.0029654789,0.0307857177
84062,0.2647684863,0.0208032436,23.722422514,0.0,0.2265782049,0.6420621935,0.0659441921,0.0592654192,0.2483928896,-0.073016434,0.4247026637,-0.115493155,-2.651494689,0.0759629336,0.1154931548,19,0.0009173568,0.0,0.0908808257,-0.380315167,0.0265240861,0.1023129257,0.0722470604,0.1326743921,-0.131395789,0.5225377965,0,0.7598037842,-0.011695171,0.6849614576,-0.004594992,27.558224424,44.986646095,0.3260258705,0.0,0.0,0,0.0,0,0.0,0.3773951514,6.0,-0.001290074,0.0525413797,-0.079790773,0.0102976033,-0.392406158,-0.330639835,0.0117090833,-2819.790782,0.0885157098,13.888779201,0.0032246674,0.0187098043,0.0370290506,0.0210686869,0.0400080703,-0.02774493,0.0,0.002091564,4.3536540948,0.1166304154,5.0,15.117661888,0.1215927811,3.2964713034,0,-0.101596569,0.0911765024,0.0241756271,0.0246821526,0.4633703608,9.3197552546,8.14373e-10,7.0608014e-09,0.8800876068,0.7745541956,-0.023146019,0.0433750875
84636,0.8879436177,0.0691756719,-13.9147514,0.0113922048,8.197427691,0.4050563241,0.0246366198,0.1057004607,0.0438328827,0.0149185767,0.1076551284,-0.004431714,-0.557755056,0.1077587526,0.0044317135,17,0.0006377053,0.0228537943,0.0391522273,-0.067900907,0.0520277186,0.0578447052,0.1753367997,0.0019578089,0.0953958938,0.6067264097,0,0.9930292294,0.020048562,0.9686504182,0.0225592868,0.721239334,0.0609606986,0.0107513309,0.0,0.0,0,,0,0.0,0.4471408795,5.0,-0.002390675,0.0001361473,-0.02089624,-0.032279283,-0.758206188,,0.0282211114,-3309.881022,0.0286434127,14.742183695,-6.2183e-05,0.0018439971,0.0169339094,0.0084037846,0.0431756497,0.0414395131,0.0,-0.002620251,0.4296484984,-0.0859759,6.0,14.959501487,-0.00504687,1.5690623284,0,0.0654744878,0.0665272027,0.0205237858,0.0273146535,0.5004917487,3.8108793735,8.633264e-10,1.2811255e-08,0.8596915454,0.7390695532,-0.027958395,0.0232593412
84052,0.5290122339,-0.305194849,0.2237677341,0.0,0.2981230863,0.1468369387,-5.6610129,-0.354301836,-0.229865857,0.0013708238,-0.391553271,0.1038663638,0.3587277158,-0.4146767,0.1038663638,19,0.0,-0.365079365,-0.292823929,,0.2485686455,4.5338345865,2.4859950082,-0.131260249,-0.331227526,0.9350909392,0,3.3430541117,-0.038533819,3.3430541117,-0.038533819,0.1900756655,,-0.754544552,0.0,0.0,0,,0,1.0,-0.37282684,1.0,47.087144574,-0.027077409,-0.573702605,-8.291390442,,-0.42660587,-9.172028685,-5470.723117,0.0248274717,11.659902098,0.0,-0.047868879,-0.070728923,-7.6525e-05,0.9734194038,-0.009829856,2.0,0.0213903743,0.6580322835,0.0675522666,3.0,11.003458932,-0.381200107,0.3832280277,0,-0.25352422,0.0914634019,0.0419475098,0.063200424,0.5553576011,1.5873820433,1.3720737e-07,4.9086724e-08,0.6127563599,0.3754703566,0.590310131,0.0682323577
90101,0.6568903948,-0.321423644,0.3280992861,0.0,0.1326144099,0.0,-2.202634168,0.2760180995,0.0,0.5525070587,0.5912389143,-0.064524851,-0.141349035,-0.275990722,0.0645248509,13,0.0,-0.08,,,,0.4521276596,0.1981382979,0.0029683258,0.2269494645,0.8140365957,0,6.9214268784,-0.265259706,6.9214268784,-0.265259706,0.0,,-2.967952707,0.0,0.0,0,,0,0.0,0.0,1.0,,-0.029412831,-0.28862324,-8.163512281,2.4765038554,-0.42660587,-9.033342706,-5458.069477,0.0248274717,10.950170435,0.0,-0.174617715,-0.233031621,0.0,0.78679971,0.5333333333,1.0,-0.021560418,1.4297147935,-0.009999942,4.0,11.326039611,-0.202399151,1.8455907265,0,-0.25352422,0.087294139,0.035475931,0.0678649221,0.4697191883,3.438393591,5.362095e-08,1.3141615e-08,1.0218941948,1.0442677454,-0.127028097,0.0875894815
14570,0.1796308411,-0.02201701,12.505487923,0.0,0.6532877803,0.3076556754,0.0433491686,2.2167866776,0.6384084329,0.8329437142,1.609525139,-0.063802217,-1.582010582,0.0128141326,0.0638022174,15,-0.003748114,0.4068965517,0.2060765066,0.1706391273,-0.046353467,2.8823529412,2.4859950082,-0.055384518,3.3337725082,0.106499021,0,1.2917197452,-0.074158826,1.2292993631,-0.048329882,6.3792270531,7.9071856287,0.0649731535,0.0,1.0,1,0.8859203847,0,0.0,7.0684064848,3.0,0.6276026294,-0.41598667,0.2825262491,-0.155807584,-0.031260128,0.2383944448,-0.019778195,6429.3501607,0.0772902197,15.988446272,-0.000405954,0.0056983832,0.0271636134,0.0082616453,0.0543364681,-0.007936087,0.0,0.0020618557,2.0950591851,-0.113525502,2.0,15.481355353,,0.6866357258,1,-0.045482084,0.0117290756,0.0070236512,0.0180175342,0.4008221283,0.9059113037,3.085451e-10,4.1336465e-08,0.7455800066,0.5558895463,0.1080025197,0.0265589988
84042,0.3732339121,0.0689651723,-40.87817769,0.015920251,1.2526188954,3.8789409212,0.0645634117,0.1266775777,0.4011690437,1.10811e-05,0.1335676626,-0.008971174,-0.200392927,0.082785305,0.0089711735,19,0.0411765137,0.2277777778,0.1680879133,0.0110440334,-0.029181815,0.052679109,0.0595587396,0.0581092666,0.0986439777,0.3861004676,0,1.0653940446,0.0606824472,0.2888191059,0.1905078522,473.20110193,24.489877388,0.0719129535,0.0,0.0,1,0.1749240122,0,0.0,1.644509439,6.0,0.0025486098,0.1246579702,0.0915910663,-0.145311039,-0.317333359,-0.137110706,0.0042691842,-2625.252572,0.5457032371,15.020995031,0.0002992981,0.011662788,0.0495117355,0.1291330376,0.0064756544,0.0200272192,0.0,-0.001032205,0.2770046777,-0.013725162,3.0,15.441597917,-0.198808644,1.8308308426,0,-0.191138643,0.1118513122,0.0319361357,0.0311245274,0.3988047379,3.9902953638,7.042863e-10,1.2474819e-08,1.5105387131,2.2817272037,0.0206731139,0.0345910741
84010,0.177593011,0.0591318277,8.5077791876,0.0,0.0929152708,0.6099221642,0.4861896449,-0.048541265,1.2669235112,-0.090234769,0.1155371105,-0.07940711,-0.372527272,0.0811600462,0.0794071099,20,-0.005546176,0.0317567568,0.1006662721,0.1538937387,-0.000898185,0.1242903715,-0.187147288,0.0315846609,-0.116527587,0.5224344693,0,1.7563773515,-0.264835936,1.3401315487,-0.293302356,7.1132858197,61.381503339,0.7486250263,0.0,0.0,0,,0,0.0,2.4932558479,5.0,47.606712174,-0.089804822,-0.176866483,-8.642809665,1.8852993797,1.0134856944,-8.676191938,-4251.346487,0.0248274717,14.162390863,0.0105322942,0.0626887959,0.0900064669,0.0239405632,0.3968646338,0.0083917974,2.0,0.000447661,1.5496839773,-0.101938135,7.0,15.056844783,-0.209653624,2.3881556966,0,-0.25352422,0.0209300406,0.0142253372,0.0276531345,0.2553111753,2.1389758463,7.944076e-10,1.1450674e-08,1.0749324784,1.1554798332,0.1670984337,0.0551203415
84041,0.7258193205,0.0811181722,-54.87072508,0.0027526831,1.3368045188,1.3215332448,0.0919950318,0.0929468208,0.1673957549,-0.055330815,0.203184893,-0.03934275,-0.95784614,0.1588169003,0.0393427497,19,0.0289546532,0.0958200752,0.0333402954,0.0253454257,0.0113350515,0.1668486314,-0.054453326,0.0518149354,-0.06485673,0.2696077404,0,2.2782661406,-0.181670585,0.805527482,-0.180013216,119.22377901,7.4518574445,0.1102369266,0.0,0.0,1,0.5208261507,0,1.0,0.4070193628,6.0,3.7656217687,-0.046784205,-0.011664555,0.215966421,-3.095973391,-0.974813522,0.1177187339,-7545.424176,0.0588548821,14.394773911,0.0001616345,0.0098530227,0.0278075914,-0.018964849,0.006231735,-0.015154289,0.0,-0.000712928,1.4155951084,0.0549423918,3.0,15.328870475,-0.008876886,3.498865801,0,-0.156910843,0.0419707187,0.0216911298,0.0321584075,0.3915657957,4.5983596888,1.0006952e-09,8.6820934e-09,1.4107180787,1.9901254975,0.0319356135,0.0436911216
84032,0.753652393,0.0892348909,-0.874539497,0.0256049503,0.465842553,0.7808963515,0.1243905697,-0.035907158,0.1894174423,-0.022071077,0.0246755328,-0.004797145,-0.066938776,0.0952081652,0.0047971451,19,0.000497265,-0.002148042,-0.058286116,0.0397530998,0.118926296,0.2314098751,0.0445627209,0.0060324026,-0.069185785,0.3697063047,0,2.1917548142,-0.108778016,1.22091131,-0.121512151,6.0633484163,4.8550724638,0.2554605888,0.0,0.0,0,0.0,0,0.0,0.291902834,6.0,7.1463338259,-0.04674458,-0.140353739,0.3880389865,-0.526386119,0.5858447141,0.0875171223,23004.617321,0.0410566741,16.424804976,-0.00720747,0.0049639712,0.0081893591,-0.161242177,0.0623059268,-0.030644147,0.0,0.0007968127,0.3687024958,-0.028561519,4.0,17.717083653,0.2780920714,4.2197168805,0,-0.131569503,0.0888218284,0.0384542338,0.0443924233,0.4654585672,9.3796743963,1.214577e-10,4.8454144e-09,1.3856656605,1.9200693226,0.0276422644,0.0287412123
84168,0.9648129731,0.0617661267,-9.89707542,0.0,2.0069728552,8.2257963184,0.0523265505,0.0882224406,0.2334609003,0.012037109,0.1050869915,0.0614713176,2.8377148085,-0.113508526,0.0614713176,19,0.0341608401,-0.004587156,0.0924358598,-0.028648713,-0.021310736,0.3376916495,0.2801425081,0.0326932088,0.0547396272,0.5938945553,0,1.5444935764,0.0322478607,0.9871010739,0.0291447701,62.033440398,7.6017878354,0.0500047646,0.0,0.0,0,0.0,0,0.0,0.6772934139,3.0,-0.146486134,0.1602953841,-0.174364099,0.3812139634,-0.296100688,0.4996313449,-0.37278495,2107.0724482,0.0457306398,15.462406865,-0.000538927,0.0056879725,0.015925159,-0.177058241,0.0868825517,0.0062567077,1.0,0.0011013216,1.1258318671,0.0313197381,1.0,16.485638508,-0.010598073,3.2497615409,0,-0.034541484,0.0162300598,0.0064498996,0.0101050779,0.3672449804,3.7437193203,1.115715e-10,9.7864957e-09,1.368372739,1.8724439528,0.0654073719,0.0355684596
84203,0.1696206268,0.015451574,47.574609853,0.0,0.1860109226,0.7966067767,0.0899430324,-0.114950157,0.4248244554,-0.018834204,-0.180298971,-0.137761066,-3.376596479,0.0676253043,0.1377610658,19,-0.00243638,-0.190839695,-0.039097483,0.0671572267,-0.037796751,0.122860895,0.1913717278,-0.202397228,-0.030160715,0.4994926136,0,0.9552459362,0.1401629152,0.7622968123,0.1999795916,53.705501618,41.977234401,0.2319267382,0.0,0.0,1,0.2740798747,0,1.0,0.9485529566,6.0,-0.017842576,0.0771642054,-0.270630468,-0.084850256,-0.707033207,0.7257154064,0.0033714539,-3949.259882,0.0885157098,10.608947647,-0.009570063,0.0129967922,0.0316778622,-0.109053124,0.0450347364,-0.063765596,3.0,-0.017041053,3.4148234068,-0.175982788,4.0,10.376813183,0.0974912387,0.8875155696,0,-0.101596569,0.0360824801,0.020447114,0.0315211906,0.4642945473,1.4819805728,1.5396135e-07,3.4964262e-08,1.4317768537,2.0499849588,-0.07435526,0.0669922471
12877,0.3944683863,-0.07096117,-1.651224334,0.0102070507,2.8482055143,2.7270509609,-0.015638328,2.3874659401,0.8832801095,0.673906931,5.2346570397,-0.04434413,-1.257142857,0.018247158,0.0443441301,19,0.1066581815,1.6666666667,1.3730872268,-3.701815015,2.2489026118,0.0458497481,-0.761094135,0.6163878933,0.4554025988,0.5138203396,0,1.6617234569,-0.296707162,1.4463638409,-0.387854022,4.8512384244,3.5949671327,-0.011771317,0.0,0.0,1,1.0312801305,0,0.0,1.1964748479,3.0,0.0373421003,0.236598905,1.4740690676,-1.583141578,-0.667334716,-2.577997517,0.1540553063,-1786.734863,0.0506976226,11.828546506,-0.003829926,-0.010030925,-0.067210223,0.277007755,0.1115523627,-0.014392887,1.0,0.0556856436,-0.080670056,0.0064116381,1.0,12.234375205,-0.172962262,1.1089871719,0,-0.060001469,0.078873232,0.0355980499,0.0511994079,0.4853638061,2.1746563633,4.8190349e-08,2.2082475e-08,1.3169856596,1.7344512277,-0.247712512,0.0587841752
84234,0.4347669252,0.0713656561,1.2851298983,0.0,0.4550401271,1.7799099046,0.1478467654,0.0319602055,0.4696657007,-0.080512693,0.016774391,0.0568566836,0.6979275742,0.0215575969,0.0568566836,19,-0.004965385,0.0556745182,0.0810809277,0.0301071463,0.041741387,0.6474476222,0.0654473545,-0.006731125,0.0483476798,0.5709842865,0,1.721436736,-0.01181705,1.6445822113,-0.002875791,15.008624877,3.6098474324,0.2118686459,0.0,0.0,1,1.0,0,0.0,0.9675654978,6.0,-0.138183253,-0.059489891,-0.114102425,-0.148832085,-0.449117264,0.6690272815,-0.237718828,-1568.356742,0.0457306398,13.291384112,0.0046204597,0.0270148264,0.0544508036,0.0656083263,0.1064240195,-0.008075678,1.0,0.001486025,1.6708039905,0.2138980897,3.0,14.237887866,-0.065336325,2.5895220844,0,-0.034541484,0.0318545438,0.0146579596,0.0247217469,0.3786541125,3.6953166045,2.1678201e-09,1.0783632e-08,0.7398693758,0.5474066933,0.0652659126,0.0490520512
84172,0.3655268976,0.0733723771,3.7935498055,0.0315599426,0.2606353023,0.9965849591,0.3126319218,-0.113465659,1.2058815131,0.0,-0.301780989,0.1430011853,1.2984733793,-0.021899701,0.1430011853,19,-0.000685782,0.4869320957,-0.191147908,0.2868862352,0.0027217845,0.1181712756,0.3401136312,0.0471268963,0.0976207142,0.4705319586,0,1.9952405881,0.3858891234,1.1860903738,0.1832373533,8.5590490593,71.705503153,0.2986957604,0.0,0.0,1,0.059552655,0,0.0,2.5509393573,3.0,47.578557447,-0.669910969,0.2783088557,-8.454875778,-0.102942022,0.8768817362,-8.779251686,-2969.065957,0.0248274717,14.64051764,-0.016446856,0.010150254,0.0179967584,-0.028434446,0.2038619647,-0.042287804,0.0,-0.003391473,0.2779023411,0.0673996434,5.0,16.273134779,0.4046840596,4.9630456792,0,-0.25352422,0.0363497771,0.0197682075,0.030867067,0.4871623174,7.6959959778,4.192066e-10,6.1878146e-09,1.0697580424,1.1443822692,-0.495038739,0.0753079924
84262,0.6111814459,0.0329453008,1.1979152819,0.0227917263,0.9208923247,1.8370916057,0.0850913409,0.232263544,0.2046449978,0.0833770814,0.3217825375,-0.069547999,-2.932978398,0.1295731563,0.0695479995,19,0.0458579347,0.1324599709,0.1875820231,-0.065297522,0.1462581174,0.0818846662,-0.182206193,0.2315684495,0.1435593366,0.4874072792,0,3.4961532221,0.3782846237,1.5934336725,0.3408394967,24.230350091,9.6983933763,0.1070907574,0.0,0.0,1,0.0883901903,0,0.0,0.4217863223,5.0,-0.20661579,0.0451963772,0.1345251627,-0.267792759,-0.678427252,-0.298131548,0.0282141399,2282.9874799,0.0979159386,15.630408571,-0.001606037,0.0088793181,0.0207066786,-0.093311635,0.0692418211,0.0345892879,3.0,-0.002910361,0.4576262062,-0.080362033,4.0,16.645596888,0.5370949988,3.0210615342,0,-0.200344257,0.022718031,0.0147276709,0.0271485845,0.2964010287,4.4029429702,1.744099e-10,6.5455064e-09,1.3311581078,1.771981908,-0.03445433,0.0361303505
13830,-0.237456893,0.0484571301,22.617611528,0.0273551625,1.611883626,0.798647199,0.1235696111,0.0951766705,0.4140776487,0.0062998338,0.0594543488,-0.089840299,-2.437482821,0.1665705523,0.089840299,13,0.0,-0.548387097,-0.173971045,0.0360829549,0.078861809,0.4808759249,0.0315796371,-0.067307295,-0.108800387,0.1457799873,0,1.6542078893,-0.078550815,1.6542078893,-0.078550815,19.281893952,6.2385771529,0.0696063212,0.0,0.0,1,0.7254662955,0,0.0,-1.696203045,6.0,-10.11897184,-0.18307309,-2.727180435,3.5405658767,-0.799745636,1.0631799933,1.1611428302,-1456.481558,0.0288563477,14.386472034,0.0061340341,0.0142875494,-0.081030863,0.003356295,0.0513188158,0.0374349526,4.0,0.0017857143,0.5296995116,0.1162208812,5.0,14.021743563,0.1350273292,0.636333184,0,-0.111549313,0.0317241624,0.01877995,0.0275506846,0.3691970348,0.9466277752,2.3889849e-09,3.9171757e-08,1.3103914623,1.7171257844,-0.023927178,0.0321725117
84210,0.1981827681,0.0152063938,3.6523181709,0.0167417287,0.2674659813,0.4367545018,0.0887663692,-0.172786311,0.4621135648,-0.081139907,-0.032575681,-0.048795157,-1.650253106,0.0403007924,0.048795157,19,0.0,0.0489130435,0.0484192844,0.1788501421,-0.019214848,0.3448747436,0.1958137308,-0.002650409,-0.308117775,0.5108393421,0,1.1447354662,-0.194707226,1.1447354662,-0.194707226,2.9852393935,4.6280087203,0.1130131611,0.0,0.0,0,,0,0.0,0.9081461141,5.0,0.8082568658,0.217023096,-0.075457259,-0.137255657,-1.82880038,2.6072722306,0.0077084648,-1440.419759,0.0772902197,13.302187186,-0.00229664,0.0144769118,0.0337179963,-0.001089512,0.3558284933,-0.001206376,0.0,0.0034987277,-0.287488117,0.0235950551,5.0,12.401785695,0.1163629763,0.3844542922,0,-0.045482084,0.0315381587,0.0160000745,0.0254919075,0.4263003571,1.1070959658,1.1627759e-08,5.6848926e-08,0.5804269907,0.3368954915,-0.153633584,0.0293046073
84348,0.3652839627,0.0141962374,28.53324857,0.0,0.3920363944,0.474650526,0.0074565771,0.1011486571,0.3005374685,0.031754959,0.099819434,-0.150129186,-7.659316701,0.1229297152,0.1501291856,19,0.0042568969,0.0967741935,-0.001425863,0.0189940844,0.1115888387,0.1876164485,0.067018368,0.1468337317,0.1036862442,0.4375239828,0,2.0455980645,0.0574893273,1.5670756029,0.0452723645,25.821996441,5.0669823045,0.24603442,0.0,0.0,1,0.2774528053,0,0.0,0.5753805478,6.0,3.1391104893,-0.083861375,-0.070466337,1.180438421,-0.542675224,-2.072807652,0.2145785221,-2275.954037,0.0446872923,15.1379659,-0.00578976,0.0022405851,0.0046135455,0.0030200321,0.0206634699,-0.033652176,1.0,-0.000622181,0.7118168394,-0.046348163,7.0,14.978333797,0.0656868709,1.1436169851,0,-0.101630079,0.0226295274,0.0124733785,0.0215347537,0.4300296145,2.0084808471,7.910504e-10,2.2153891e-08,1.1406097703,1.3009906482,0.1362216041,0.0315747114
84325,0.2883082022,0.0423091866,243.47172044,0.0,0.4941373273,1.1444152234,0.0857018197,0.148267692,0.3586785897,0.0059557427,0.1118282284,0.0648219354,1.1213900199,-0.005135913,0.0648219354,19,0.1211272,0.0458598726,0.3250904537,0.3758144777,0.0426792531,0.1428804348,0.2528899965,0.1968887243,0.2166077798,0.4184652706,0,2.5477891539,0.3037320318,0.7134057156,-0.041534334,577.0969697,12.741436218,0.1574854235,0.0,0.0,1,0.7786593181,0,0.0,0.9873379203,5.0,24.403284041,-0.058670839,-0.04068732,0.0939120192,-0.08692908,-0.078147883,-0.001799933,-10707.88999,0.0457936334,11.85245785,-0.010568522,-0.008219411,-0.031087248,-0.015454156,0.0040512043,-0.004310073,2.0,-0.006756757,2.6789480407,-0.129591925,2.0,12.148056557,-0.061415276,1.388330869,0,0.0957318355,0.0777385309,0.0275266733,0.0507654799,0.3185224655,1.8798071093,2.7540465e-08,1.627586e-08,1.1580965586,1.341187639,-0.006178637,0.0568906178
84365,0.3109903129,0.0228466174,194.25563202,0.0058737489,0.3016794623,0.2641792647,0.0648931951,0.2818200825,0.1731397565,-0.007650446,0.7896492776,-0.025281985,-0.603448276,0.0366333693,0.0252819852,19,-0.002013609,0.0074487896,0.1384713223,-0.423894269,-0.105548915,0.0418219046,-0.104213554,0.3076622,0.0051413592,0.4779277143,0,1.8105770419,0.4468565943,1.1004571852,0.6155096565,82.345164795,19.559101858,0.187813195,0.0,0.0,0,0.0,0,0.0,0.2468152866,4.0,0.4007331313,-0.087858556,-0.051226404,0.1129146634,1.4543050976,0.930575453,-0.020727173,-1332.082268,0.1172520361,13.539757056,-0.003571928,7.11984e-05,0.0001413144,-0.01092963,0.0027676261,0.0160569874,0.0,-0.007959549,0.2899379193,-0.003863402,5.0,13.323055189,0.0407473164,0.6710587719,0,0.0957318355,0.0413964726,0.0172870912,0.0264388968,0.3884156325,1.1719284397,6.9695367e-09,3.803579e-08,0.8563669528,0.7333643578,-0.037459624,0.0271701926
84342,1.0350355158,-0.7120709,-6.459014391,0.0,1.8273965088,1.8953498058,0.0238151163,-0.232689911,0.0415128192,-0.04802321,0.0003961666,-0.265422657,-1.286063418,0.2036974352,0.265422657,19,0.0,0.0,-0.046516811,0.1042369273,-0.38217608,0.4062758396,-0.147223194,-0.01448063,-0.467502289,0.2960651226,0,0.9804651044,0.009198364,0.9804651044,0.009198364,8.1658271207,2.7254878364,-0.324207588,0.0,0.0,1,0.3874076533,1,0.0,0.0833891583,4.0,-10.50612851,0.1570284845,-2.441466149,4.813058285,-0.593120773,0.1119278668,1.1982697131,-3828.157238,0.0288563477,12.557495436,-0.002086176,0.0083330561,0.0231089853,-0.021506699,0.0780672593,-0.028816008,1.0,0.0,3.0718112111,-0.135857527,4.0,13.736419424,-0.554149307,4.1106238639,0,-0.111549313,0.0429043286,0.0234400899,0.0482961293,0.4702344765,7.9555035376,5.0435322e-09,6.3725496e-09,2.085882068,4.3509040014,-0.045852829,0.0673005007
84302,0.500306425,-0.074127815,1.2012132701,0.0,0.2141595393,1.0163847256,-0.100897921,-0.09101333,0.5062347714,-0.011235955,-0.015025907,-0.199264209,-2.016717325,0.0753670341,0.199264209,19,-0.01471582,-0.071428571,0.0287343216,0.3110709001,0.017784197,0.4320987654,0.2921011627,-0.012899527,-0.12007133,0.6976278776,0,2.8874276696,-0.034355328,2.0178853235,-0.03121426,4.2758293839,5.8281653747,-0.215609501,0.0,0.0,0,,0,1.0,0.6998216762,4.0,-0.485380743,0.054450849,-0.051410503,1.8291936608,-2.137085808,0.7280227811,0.5961954656,-8382.716747,0.1654820061,7.8535581975,0.0,-0.06933987,-0.095883777,-0.179712027,0.2634118101,-0.015089419,0.0,-0.054177891,-0.680705544,0.0669759796,6.0,5.3129596346,-0.1821019,0.1156040929,0,-0.239385698,0.0557402521,0.0283919229,0.0375911453,1.0206045128,1.0939343918,3.04413e-05,2.0000001123,0.6785503505,0.4604305781,1.2434344173,0.1282695914
84373,0.4453930145,0.0570591841,15.748125,0.0197791364,0.5744234019,0.7699365411,0.1124689312,0.1038220831,0.3428699151,0.0,0.1149748744,-0.041115538,-0.702359347,0.0971352354,0.0411155378,19,0.0020185923,0.0975609756,0.0404422054,-0.053454508,-0.03978989,0.3365487674,-0.039284547,0.037885561,0.0894123607,0.1435359927,0,0.9379754242,-0.232257281,0.8736102984,-0.234576735,38.723958333,7.9774678112,0.1644174111,0.0,0.0,1,0.0101726264,0,0.0,0.7348024316,4.0,-355.6597549,0.0137242597,-0.082816011,-1.914022512,-1.136522195,0.3499752785,-0.040233058,6620.0354822,0.2277833408,16.179503254,0.0160187736,0.0351851852,0.0792767733,-0.00271135,0.0122096486,-0.013677954,2.0,0.000325362,1.258183128,-0.005630767,6.0,16.559976753,0.1569163251,1.4583795782,0,-0.166303822,0.0242195632,0.0083266678,0.0160466468,0.2035144184,1.2711274446,1.020993e-10,1.5786483e-08,0.6763716028,0.457478545,-0.028920717,0.0245395922
84319,0.2959823775,0.0596005845,0.0760174594,0.0070044098,0.9708409307,2.3702713621,0.0838976315,0.669988366,0.4772546389,0.0132092233,0.8546949384,0.0456881412,0.7763095765,0.01333208,0.0456881412,19,0.1450367135,0.5485964912,0.3456474682,-0.38492251,-0.04076105,0.0322781284,-0.224725593,0.427205396,0.2587942894,0.4740202244,0,1.1198592819,-0.096583195,0.2776292254,-0.00564955,180.29052111,17.909309287,0.0952867761,0.0,0.0,1,0.9903885622,0,0.0,1.4929477373,2.0,0.0006218819,-0.048890939,0.4124097798,-0.222562573,0.7194539748,0.1636688166,-0.065184041,-4779.435952,0.5457032371,14.497614203,-0.001160164,0.0144402975,0.0576776348,0.277007755,0.0106891594,-0.047437459,0.0,0.0014799741,1.6082865556,0.0699045402,3.0,15.741757431,-0.47152618,4.0633341728,0,-0.191138643,0.0618236251,0.042155426,0.038068948,0.4755830918,21.492599418,5.106934e-10,4.1260062e-09,1.3689741203,1.874090142,-0.07186503,0.0424666064
93131,0.965524986,0.0902189781,-44.06072874,0.037237507,11.99144301,0.5468613139,0.0234721345,0.1066232823,0.0392741546,0.0067834935,0.1105497431,-0.002722634,-0.375404531,0.1240875912,0.0027226335,8,3.06928e-05,0.0344827586,0.0379827777,-0.039246743,0.0375862031,0.0717776017,-0.066966973,0.0054217807,0.0728189259,0.5008930743,0,0.7804168435,-0.086811146,0.7801697425,-0.086835633,2.0537280702,0.0641357257,0.0100602253,0.0,0.0,0,,0,0.0,0.5153723298,5.0,-0.009691941,0.0001400005,-0.009267275,0.0453020851,-0.788844721,,0.04454995,-5453.957822,0.0286434127,10.872624528,0.0003672897,0.0025386133,0.0267306374,0.0121323034,0.0210591201,-0.038896522,2.0,0.0101919518,-0.802193429,-0.025742458,4.0,8.2361556617,0.0238046802,0.0549860205,0,0.0654744878,0.0373443812,0.0249979841,0.0206932029,1.7619016247,0.1902184687,1.45603e-05,1.0000004986,0.1056176736,0.011155093,0.7546905275,0.0345412897
86440,0.6168513394,0.0743746681,-13.39290747,0.0197214057,4.6206823866,0.2583117211,0.0368527943,0.1486383055,0.051628436,0.003343539,0.1534588903,-0.008191217,-0.539510922,0.1145006139,0.0081912169,16,-0.009121593,-0.036563071,0.2977609199,0.1181214409,-0.005295882,0.3495425402,0.6977430595,-0.00979425,0.1137709425,0.6234733468,0,1.0353022219,-0.012367764,1.029508779,0.0004374873,0.847044674,0.062872871,0.0186608712,0.0,0.0,0,,0,0.0,0.4250576899,5.0,-0.011740927,0.0046518247,-0.080313105,-0.303371562,0.3894211568,,0.0349629726,-4705.080962,0.0286434127,13.652155898,-0.000189796,0.0028936439,0.0257669473,0.0033956166,0.104581026,-0.013066777,0.0,-0.002854424,-0.150825841,-0.041352769,4.0,13.455812209,-0.005279072,0.9517354198,0,0.0654744878,0.0407767072,0.0153813615,0.0232572,0.4672651928,2.8254336634,3.3439529e-09,2.0970275e-08,1.1547483874,1.3334438382,-0.059501726,0.0327118
85176,0.3344527143,-0.062279662,243.47172044,0.000123904,0.8279458608,2.0646014851,0.1244511615,0.32909896,0.7365574387,0.0037706864,0.7738823162,-0.194522524,-3.181175118,0.1358428484,0.1945225236,19,0.0140400629,0.1549734955,0.207933887,-0.142664802,-0.020339821,0.5012646651,0.3481149832,0.0515633338,-0.179918578,0.3389176665,0,1.864258067,-0.114648723,1.3060684742,-0.065631836,1031.9492386,5.783077985,-0.021607344,0.0,0.0,1,1.1025748978,0,0.0,1.5363563939,2.0,-0.223609006,0.0079569114,-0.014803447,-0.249146295,0.2106648998,-0.055480323,-0.123433576,-1484.313762,0.0457306398,12.661265591,-0.016399562,-0.066070997,-0.212120844,-0.218032947,0.01108985,0.0046520064,0.0,-0.002199413,-0.232879908,0.0256666131,3.0,13.224508587,0.0503772192,2.0329406329,0,-0.034541484,0.0614634268,0.0280334459,0.0517521078,0.3068787616,2.3352660375,1.1273613e-08,1.2732246e-08,1.9310023446,3.7287700549,0.0833284307,0.056181802
88984,0.9834422736,0.0738062586,-5.412358824,0.0,6.890757001,0.3576682637,0.0343290268,0.0428349706,0.0465822442,0.0422297297,0.0374642912,-0.00428913,-0.448198198,0.1068860907,0.0042891298,16,9.85299e-05,-0.043478261,0.1169076752,-0.046620741,0.0027581977,0.1235497835,0.0160586677,-0.000798831,0.0820845799,0.66109978,0,1.0009904965,0.0155757708,0.9762103956,0.0169589388,0.2866154768,0.0674158058,0.0134119602,0.0,0.0,0,,0,0.0,0.3870112225,7.0,-0.075502977,0.005906896,-0.087228295,0.0632193727,-1.100359393,,0.0273484495,-5414.262322,0.0286434127,11.378052348,0.0001781591,0.002764099,0.0219292126,0.0073253898,0.1641344156,-0.004818463,0.0,0.0021726845,-0.605557006,-0.009365795,3.0,9.6050882167,-0.015548984,0.1902088988,0,0.0654744878,0.0194552355,0.0084483031,0.0178855077,1.3656609146,1.0125524936,3.1468534e-07,9.1295381e-08,0.1440728672,0.0207569911,0.1971618889,0.0260531187
84438,0.1894595982,0.0418321181,8.1946051833,0.0366736996,0.0234173856,0.2175681059,0.5104336232,0.0434986275,0.4759694207,0.0083481957,0.1113378685,-0.087433122,-0.435659623,0.060056683,0.087433122,18,0.0011232298,0.0376712329,0.1091553927,0.133517083,0.0264959842,0.099297442,0.1549523234,0.0333570672,0.0356844349,0.728654006,0,8.6160055937,-0.06413366,7.719870328,-0.060639547,2.2650649157,13.009142335,1.6230229252,0.0,0.0,0,,0,0.0,0.530794868,6.0,-0.005758311,0.0548111364,-0.340087665,-1.788150366,-0.535245818,-2.24187938,0.1958648313,-941.0337135,0.0506976226,13.766288474,-0.004057243,0.0354338007,0.0392592558,-0.009509151,0.5100015403,-0.026216036,0.0,0.0010921005,0.6774493004,-0.029288223,5.0,13.636212736,0.4590790104,0.7563459323,0,-0.060001469,0.0297619067,0.0122573961,0.0204179546,0.37885651,1.1455208071,4.0319993e-09,3.3108003e-08,1.5887868617,2.5242436919,0.0648870979,0.0325853888
84385,0.2377257911,0.0326183416,0.1772001879,0.0809436657,0.6902150112,2.7462910468,0.1131466697,0.039279378,0.5267754644,-0.009772114,0.154466888,-0.145479552,-4.060455649,0.1650636712,0.145479552,18,0.0,0.0431393461,0.0450669116,0.2128377297,-0.01822909,0.2535657123,0.0402526122,0.0163209664,-0.194162797,0.652038504,0,1.1471605456,-0.113859839,1.1471605456,-0.113859839,6.7533820071,13.464149478,0.0893257929,0.0,0.0,0,,0,0.0,1.5928922265,4.0,-10.12864939,0.143100143,-2.398326803,4.0157485603,-0.160660046,0.9518690997,1.1596359491,-3375.886188,0.0288563477,13.936434637,0.0024212236,0.0158688424,0.0624519851,0.0614140404,0.3254676045,0.0114659439,1.0,0.0001138174,1.1541815181,-0.066980198,6.0,14.626324181,0.1721352292,1.7372424327,0,-0.111549313,0.0148849888,0.0100824609,0.0201727585,0.3586204305,2.12267154,1.4221668e-09,1.773615e-08,0.7809906595,0.6099464102,-0.170107111,0.0374519653
84413,0.0827571565,-0.077244132,8.3794783016,0.0,0.0802338415,0.072582178,-1.677383374,-0.01924899,0.1971792135,0.1189134277,-0.008155522,0.0127878322,0.027248097,-0.079348887,0.0127878322,18,0.0229236424,0.252173913,-0.081725799,0.0214578747,0.0260681307,0.3742396191,0.4707549844,0.0446264737,-0.029769833,0.8000545637,0,2.5656970569,0.2942401,2.0532771439,0.2436189046,0.7099465824,6.6295284908,-0.923788672,0.0,0.0,0,0.0,0,0.0,0.3681972193,3.0,47.648362558,-0.18792751,0.043550673,-8.737645519,2.5253148692,0.5733941298,-8.836700872,-5045.644997,0.0248274717,13.364070959,0.0010957869,-0.103562607,-0.141863221,-0.005253891,0.7947968755,-0.010826197,1.0,0.0,0.1031786246,0.0466057656,3.0,14.46897658,0.2380447136,3.1448810846,0,-0.25352422,0.038961079,0.0223452272,0.0421208604,0.3272254399,3.6214254627,2.7123084e-09,9.0383169e-09,1.5550749355,2.418258055,0.0031288782,0.0641706941
84511,-0.038003337,-0.275482703,0.8186217579,0.0830458651,0.1650960096,0.3982329278,0.7563466175,2.3874659401,1.2669235112,1.251001596,1.24356324,0.1933302814,0.2756024096,-0.3514064,0.1933302814,18,0.067612776,1.6666666667,3.499465812,,-6.045797775,0.3457814661,-0.477438643,0.4756375475,-0.920336281,0.815423296,0,3.507481613,1.2019006209,3.3451686533,1.1000050029,0.9490162476,3.515565865,-2.192479286,0.0,0.0,1,1.0,0,0.0,-0.434758661,4.0,74.77710871,0.5207043639,1.4740690676,-8.858406013,20.073844281,-0.42660587,-9.108758384,-5475.056517,0.0248274717,11.139047432,0.0,-0.107135059,-0.146012432,0.0256095293,0.5227539226,-0.083532323,0.0,-0.003690037,0.6644378953,-0.127910648,2.0,15.127909695,0.727466871,9.8670935927,0,-0.25352422,0.0434782207,0.08993432,0.0997060761,1.0664330627,55.7101943,2.9424208e-08,3.2277601e-09,2.2779846094,5.1892138808,0.2505673005,0.155348403
84531,0.5186590654,-0.002134097,3.5179507985,0.0207918858,0.6597265674,0.757341167,0.0296918538,-0.012743036,0.3056523233,0.0482395976,-0.0200395,-0.09563583,-33.80952381,0.1112891033,0.0956358304,18,0.0,0.1,-0.015791886,0.107149671,0.0101449464,0.689964437,-0.000926508,0.0092567209,-0.003303539,0.2478812519,0,3.094555117,0.2157915888,3.094555117,0.2157915888,8.74986169,3.7274434171,0.1134259869,0.0,0.0,1,0.9688683798,0,0.0,0.6505119412,4.0,-10.15219246,0.0525592856,-2.341466149,4.2966818347,-0.980980962,5.8541623052,1.1058613812,-3607.927158,0.0288563477,13.235858455,0.0327234135,-0.022449264,-0.059410234,0.0651065866,0.015264257,-0.017686047,0.0,0.0007739938,0.0032633797,-0.090683386,5.0,12.796898662,0.3047364013,0.6315673813,0,-0.111549313,0.0857740268,0.0227242664,0.0263713474,0.7283652877,7.7179798971,1.0762052e-08,2.5308376e-08,0.6081200483,0.3698099931,0.0890922671,0.041520332
84563,0.2095699217,0.0538394881,6.9975416796,0.0114013103,0.7657061433,1.1547103257,0.1216716921,-0.005166389,0.2252034126,-0.003343058,-0.005090059,-0.049085842,-0.891474908,0.1018360408,0.0490858423,18,0.010021123,-0.031578947,0.0548121918,0.1217979383,-0.008604824,0.1392296765,-0.071124186,0.0174879753,-0.005445175,0.3977032825,0,1.7422482778,-0.001670336,0.9164938712,0.0027921749,17.573891128,12.588951251,0.1270781955,0.0,0.0,1,0.4691108151,0,0.0,0.9423206503,5.0,-0.016353443,0.1270733427,-0.409337845,-1.768040042,0.231585852,-2.655050974,0.2376441891,1400.2023465,0.0506976226,14.936584166,-0.00292961,0.0199373283,0.1206086864,-0.007928468,0.0296501694,0.0139854823,3.0,-0.001345119,2.2455148551,-0.062155443,6.0,14.980896717,0.053595559,1.0050439902,0,-0.060001469,0.015711816,0.0118470181,0.0207788341,0.4562090815,2.0734314002,7.212327e-10,2.2753824e-08,0.7235913406,0.5235844281,0.0454348635,0.0201057144
84624,0.5338704584,-0.006525564,1.2774628453,0.0,0.6462470183,0.2617131373,0.0433377235,-0.099168826,0.1603017469,-0.061893415,-0.044421308,-0.076880486,-14.66876202,0.0891963789,0.0768804858,18,0.0,-0.016393443,0.0078874936,0.2200275216,-0.031525052,2.5633814167,-0.063485712,0.0040142298,-0.157591744,0.1707029983,0,1.1202479318,-0.755701903,1.1202479318,-0.771823859,1.6061716256,6.4758191632,0.0597736985,0.0,0.0,1,1.0164686902,1,1.0,0.2760490277,5.0,-10.18909636,0.1325703995,-2.457859592,4.3118932276,-0.587867441,0.1119278668,1.0837686569,-2162.263448,0.0288563477,14.199190476,0.0001006464,-0.007968613,-0.017568139,-0.015802024,0.0676723611,-0.022032391,0.0,-0.005719733,1.4392383596,-0.203710884,4.0,15.252009494,1.3574927177,3.1233112434,0,-0.111549313,0.0256702136,0.0355417434,0.039773246,0.7068172411,19.012753264,5.66469e-10,6.1583241e-09,1.7919998172,3.2112633449,0.1635153179,0.0615882656
84604,0.1000944587,-0.22381797,4.6978410613,0.0062926106,0.1255261941,0.1440156818,-2.546967998,-0.015321746,-0.6751171,0.2147770928,0.3962244027,-0.529527965,-0.576402798,-0.094808666,0.5786463093,18,-0.009590882,0.1891891892,0.7324240152,-3.701815015,-0.142664964,0.2367628067,-0.17389385,-0.007671543,-0.075664667,0.837463879,0,2.2153274629,-0.447812124,2.100247661,-0.441286962,0.846954168,27.171867933,-2.053389416,0.0,0.0,1,1.0,0,1.0,-1.459942886,4.0,47.298242832,0.202317745,-0.019434051,-8.720308217,-0.450190119,-0.42660587,-8.85216065,-5130.209997,0.0248274717,11.857810426,0.0,-0.305513595,1.0433494835,-0.13770679,0.7342552113,-0.096945526,1.0,-0.787671233,-0.117273662,-0.057316096,2.0,11.823111472,-0.368544449,1.5722616902,0,-0.25352422,0.0516605116,0.031361208,0.0453174941,0.3974962288,1.4813856086,5.0618484e-08,3.1690752e-08,2.2962286946,5.2726662181,0.1367572543,0.111961152
84606,0.2579727369,0.0358840987,2.226768065,0.0,0.4655482399,0.5874835001,0.1081156977,0.2837367774,0.2419619364,0.0191798681,0.3741814809,-0.073090912,-1.312165512,0.0829699754,0.0730909117,18,-0.003880895,0.1219512195,0.1776015466,0.2159666759,0.0658041263,0.5641105445,0.0237897754,0.0064294497,0.1487623443,0.4476987769,0,1.3027927354,0.1348012649,1.2018657503,0.1767760404,3.1045373649,4.430892036,0.1512767473,0.0,0.0,1,0.18067178,1,0.0,0.588492459,5.0,-0.013515688,0.0161095185,0.0782011855,-0.662250164,-0.227306957,0.2479582378,0.0034323342,-2665.807522,0.0286434127,15.205005696,0.0019765691,0.0151156564,0.0423610463,0.0071478692,0.2629815606,0.0068319745,2.0,0.0013497098,1.5415486509,0.0623888548,5.0,15.512724946,-0.411225591,1.8620413601,0,0.0654744878,0.0425390378,0.013098039,0.0211921129,0.4313453684,2.6177435026,4.439063e-10,1.7772629e-08,0.9986309462,0.9972637666,-0.173425128,0.0390059697
84389,0.6079568898,0.0465646386,-14.60976507,0.0128749186,4.2229010741,0.2695708453,0.0354842463,-0.013272524,0.0522557025,0.0019498838,-0.015643388,-0.005484294,-0.572795843,0.0732366701,0.0054842942,18,0.0009508987,-0.011870845,0.2840757065,0.2777565038,-0.009638796,0.123302983,0.3258083652,-0.001115804,0.0035171804,0.5913191314,0,0.9598374566,0.0116126669,0.9438963821,0.0103246205,1.045107438,0.0768776599,0.0140112604,0.0,0.0,0,,0,0.0,0.4222919137,6.0,0.0156830229,0.0048922078,-0.055620879,-0.312266011,-0.598526476,,-0.006300971,-3878.433742,0.0286434127,14.341614721,0.0006384446,0.0031094681,0.024556081,0.0035096081,0.1046344676,0.0322589488,8.0,-0.001170808,1.368758552,0.0463273642,6.0,14.126911975,-0.242045511,0.833161036,0,0.0654744878,0.0348999538,0.0133563031,0.026442346,0.2717115029,0.8391338941,1.9967649e-09,2.7986567e-08,0.9045079084,0.8181345564,-0.044404669,0.021601891
84597,0.2867573435,0.0475491985,-0.902682603,0.0190664683,1.2558135182,0.1899043635,0.0729051514,0.10675171,0.0631949981,-0.014678899,0.1251899596,0.0026690037,0.0824108241,0.0436306299,0.0026690037,19,0.0037047365,-0.014035696,0.037711729,-0.02970919,-0.013221933,0.3474088292,0.0196918608,0.0057488146,0.0326453243,0.7094045498,0,1.1646633995,0.0252034286,1.1427392314,0.0229703028,0.3920077267,0.2341192588,0.0490198496,0.0,0.0,0,0.0,0,0.0,0.3081297388,3.0,0.0184357821,0.094697882,-0.079496304,-0.182693707,-2.89944085,-0.394868709,-0.040196658,10650.442994,0.0567968909,16.574027656,0.0,0.0085853969,0.0432605648,0.0020470135,0.3140473934,-0.007045018,2.0,0.0,0.2669272929,0.0291723765,4.0,16.771571595,-0.07521787,1.351766696,0,-0.168614603,0.0451613404,0.0217587593,0.0261899143,0.3704915419,2.8714468224,1.790362e-10,1.6062562e-08,1.2789174302,1.6356297932,0.0191529124,0.0267988705
84737,1.0137872843,0.0543433516,-3.215513094,0.0208044228,0.3978025563,1.7971580485,0.0752588032,-0.066374339,0.1665563986,0.003104733,-0.255701126,-0.040743675,-1.095953003,0.1139011109,0.0407436752,18,0.0026038096,-0.105263158,-0.167158727,0.0154742978,0.6234646271,0.1176098978,0.048044035,0.0670852161,0.0371459055,0.5908781609,0,2.3705765134,0.3176324187,1.8603174603,0.2586907488,14.040155189,6.1937822441,0.3177572227,0.0,0.0,0,,0,0.0,0.2574919619,6.0,3.7773979237,-0.251823043,-0.212747788,0.5039343848,-2.33362769,-1.05594421,0.0728029445,-10206.09653,0.0588548821,11.607133341,-0.025216829,-0.033945283,-0.042518681,-0.329696543,0.1335146892,-0.017274491,0.0,0.0037986705,0.5086448043,-0.076564785,2.0,11.875115212,-0.028131569,1.2033581665,0,-0.156910843,0.048882734,0.0232042893,0.0500268217,0.5561854509,3.7513060061,3.3298095e-08,1.7785644e-08,1.6697158876,2.7879511454,0.0775109934,0.059294661
84749,1.0528392117,0.0506936642,-14.24087032,0.0126046988,10.54224027,0.4942795871,0.022751486,0.3129333266,0.0502607,-0.005800704,0.3426843418,-0.006384777,-1.286341337,0.11590302,0.006384777,17,0.0002601585,0.2567049808,-0.057809381,-0.124494694,-0.004073382,0.094494659,-0.301096107,0.0063196398,0.0745277726,0.4623508977,0,0.6870426752,-0.161540295,0.671123205,-0.159342783,0.6729333357,0.0798513901,0.0076396934,1.0,0.0,0,,0,0.0,0.4530177135,4.0,-0.059774528,-0.008074117,0.2129549468,0.1326163108,2.1179182754,,0.0363653788,-5422.082742,0.0286434127,11.309014053,0.0001660619,0.0013748462,0.0154389556,0.0323096385,0.0467358173,-0.092103938,3.0,-0.002427892,0.3148690385,-0.003518912,3.0,8.7356055684,0.1134778504,0.0771013272,0,0.0654744878,0.0338165089,0.0127260745,0.0115042163,1.7162873403,0.433717919,6.2561883e-06,2.9804959e-07,0.1953335009,0.0381551766,0.6056491403,0.0265328961
84761,0.2503612575,-0.124258483,0.3897203262,0.0,0.7416346679,0.4814979532,-0.285626647,0.2397548385,0.1602634986,-0.00632043,0.6716495093,-0.244265431,-1.761491394,0.0946217654,0.2442654308,18,-0.004827413,0.1225296443,-0.539286675,-3.638791783,-0.153823235,0.3066397295,-0.228334423,0.0187616343,-0.297725385,0.6596761763,0,1.8435079585,-0.374510912,1.8227568149,-0.368104938,0.8542359672,4.97079776,-0.19361206,0.0,0.0,0,0.0,1,0.0,0.3206523773,3.0,-10.5382691,-0.684757167,-2.318936505,4.0283840267,-0.154316085,0.1119278668,1.0891940434,-1985.319578,0.0288563477,14.900383954,-0.000612535,0.023265709,0.1038932198,0.0883285947,0.5296505399,-0.031713119,2.0,0.0055690915,1.7524768309,0.0092406452,4.0,16.125140509,-0.371325796,3.5108014868,0,-0.111549313,0.0279642064,0.0128982634,0.0223460234,0.3624929651,5.4484877447,3.157715e-10,7.6203989e-09,0.743760186,0.5531792143,-0.14232627,0.0356266018
84607,0.7757415943,-0.013012839,0.1219472653,0.0,0.1458503249,0.4678493535,-0.062018213,-0.159060739,0.1653740423,-0.174643994,-0.607215241,0.0093399839,0.7240316901,-0.022434546,0.0093399839,19,-0.050770904,-0.293888166,-0.532635686,0.0813309684,0.3008188288,0.3307563025,0.7468576874,-0.293245629,0.205568462,0.8625359369,0,6.4026423536,3.2792663029,5.679582964,3.428478885,0.7276411901,4.7164963335,0.0130193375,0.0,0.0,0,,0,0.0,0.2816541608,4.0,45.035208347,-0.472262779,-0.413847098,9.069431239,-1.078110663,-1.044052376,0.2534928895,-5034.453816,0.0587429544,11.91023336,0.0411086418,0.0084379746,0.0101122838,0.0499207317,0.6976700827,0.6752419072,3.0,0.0088235294,2.8582754596,-0.162086058,1.0,12.806158366,-0.42171265,2.4840114423,0,-0.101630079,0.1968503892,0.0478854105,0.0349758339,0.7447833597,17.595502085,1.0522219e-08,6.7025886e-09,0.7285274958,0.5307523121,0.411061852,0.0553768624
13658,0.4204391458,0.0036361831,1.7045695194,0.0,0.0952855207,0.6226634968,0.0225710863,0.7530030775,0.7107614415,0.2792408066,0.3005780347,-0.077350258,-8.614457831,0.034959929,0.0773502578,16,0.023187047,0.0816326531,0.1982295911,0.1252758545,-0.072610536,0.8922330097,0.1034198145,0.0640821999,0.9030339084,0.8228747876,0,6.8462460064,0.5570473838,5.2721645367,0.9210972998,2.1916730918,6.4283129806,0.2023912667,0.0,0.0,0,,0,0.0,0.9459316544,5.0,7.1895133384,-0.212972143,-0.056573043,0.0548257392,-0.386784724,-0.478021245,0.0272688861,-4382.532619,0.0410566741,10.454132962,0.0,0.0014939708,0.0033585798,0.277007755,0.0673656846,-0.023873271,2.0,0.0220529655,0.5880754529,-0.035462027,4.0,9.4149809978,-0.348940785,0.5730350813,0,-0.131569503,0.0468749553,0.0208724948,0.0431556568,0.8688476807,2.5583833544,2.2271209e-07,3.0454302e-08,0.8629907153,0.7447529746,0.1353232968,0.05721507
84656,0.3640876233,0.0496980509,2.2832858077,0.0205782652,0.425036259,0.9816905496,0.1600637407,0.0658599456,0.2953601604,-0.060381356,0.341380004,-0.033952821,-0.523514322,0.0757156923,0.033952821,18,0.0018993616,0.0627003099,0.0496512711,0.0399609041,0.0125075506,0.2196806215,0.0263540085,-0.0017471,-0.139200764,0.524163834,0,1.9340690171,0.2692915923,1.6182081736,0.2932990685,6.0434924787,5.2476006588,0.2214394135,0.0,0.0,1,0.0001314752,0,0.0,0.5021224223,5.0,3.7544895345,-0.032920589,-0.04478432,-0.145765276,-2.446329745,0.1753890894,0.0346175259,-1075.163736,0.0588548821,16.195160324,0.0003721384,0.0133551192,0.029736312,-0.002446953,0.1619409329,-0.010908846,0.0,0.0003669388,0.3048321059,0.0535976072,7.0,16.23601841,-0.011393573,1.2544730934,0,-0.156910843,0.0695135668,0.0206380021,0.0163077597,0.4604813637,3.227363077,2.171207e-10,1.6786613e-08,1.0826085007,1.1720411658,0.0925358857,0.0228252626
84734,1.2483478771,-0.078393878,-61.18895584,0.0304953482,9.555363333,0.7297418777,0.0298267067,0.0459802445,0.05057795,0.0034557697,0.0608416264,0.2125872739,7.1399454114,-0.887213573,0.5786463093,18,-0.026452641,-0.158007993,-0.325116633,-0.403531061,-0.035323287,0.1007934707,0.0038559319,-0.026360058,-0.046163663,0.3985363574,0,0.7850279107,-0.146287926,0.6064233881,-0.098231549,4.7541135471,0.1557926966,-0.005530245,0.0,0.0,0,,0,0.0,0.4102802449,0.0,-0.398416348,-0.012873582,-0.201758027,0.3281249762,-0.851980053,-0.014465589,-9.223719573,-4612.380462,0.0286434127,14.107230366,0.0035637962,0.0038718181,0.0323914542,0.0506039623,0.015576324,0.0107064038,4.0,0.0160505837,1.5339702053,0.0468371521,1.0,13.560765016,-0.230229909,0.6826333899,0,0.0654744878,0.0304523204,0.0161355546,0.0250295707,0.4508864487,1.393225339,3.6174161e-09,3.1587048e-08,0.7082360038,0.5015982371,0.369134599,0.0353283931
84780,0.2065086458,0.0451736148,21.583727459,0.0227651906,0.6357083988,1.0182328217,0.1013610446,0.2828870247,0.5774285655,0.0353811173,0.4607633907,-0.053846756,-0.893445789,0.0855337907,0.0538467558,13,0.0574101535,0.0555730976,0.2174950271,0.1178511722,0.1036686152,0.1177258376,0.0299834356,0.0855176324,-0.067548875,0.306403153,0,1.345357978,-0.041368576,0.7377186397,-0.111554489,55.217601598,9.1687894475,0.1195400759,0.0,0.0,1,1.0,0,0.0,1.6780364381,5.0,0.0102348018,0.070815153,-0.005328587,-0.334656796,0.0532338923,0.5448966731,0.0479634128,-740.7950629,0.1748673505,13.950886608,0.0021900851,0.020946338,0.0780065527,-0.004390348,0.0115843089,0.0024169434,1.0,0.0022747953,0.3269308201,-0.024676805,6.0,14.403046063,-0.01136682,1.6022162886,0,0.0498010166,0.0594975911,0.0173905954,0.0226686727,0.5774353047,8.4242685238,1.5555666e-09,1.1557574e-08,1.2070191035,1.4568951162,0.0727319966,0.0306988897
84827,0.306638256,0.0205152646,2.8090446471,0.0,0.1539815422,0.2322035737,0.2309851824,-0.175362605,0.1542784411,0.0150098273,-0.472981375,-0.077972862,-1.936834472,0.0602499362,0.0779728623,18,0.0,0.129753915,0.0922906361,-1.573635619,0.2889199107,0.6285709823,0.0293204079,-0.001878384,0.1510541429,0.575665662,0,9.0841364187,3.2792663029,9.0841364187,3.428478885,0.9881676324,49.418096984,0.2332158082,0.0,0.0,1,0.2534057294,1,0.0,0.250534199,7.0,6.2858187393,-0.095972368,-0.022730689,-53.89922884,-1.857476641,1.8209013908,-1.202367779,-1064.644368,0.0207317787,14.061663141,-0.062299301,0.0961391205,0.4285700832,0.0029576005,0.4559496302,0.0020787143,1.0,0.0,1.5558026897,-0.260329762,5.0,14.77393746,0.3803042953,1.6868858466,0,-0.142502855,0.0242825542,0.0250777105,0.0280085234,0.5694220551,7.1681844041,1.4925625e-09,1.1971354e-08,1.0156883703,1.0316228657,0.0360651447,0.0459331515
84788,0.0744286281,-0.001669984,5.8737224391,0.0,0.3032580281,0.6166329725,0.0033433093,0.3572300107,0.7429467865,0.0130718954,0.4389899056,-0.14964506,-29.39004149,0.0474109183,0.1496450604,18,0.0187610919,0.3137254902,0.1952398861,0.0952398861,0.1150231678,0.2228443449,-0.085486232,0.2193530715,0.1020931664,0.6126483442,0,1.1152764427,0.0407737118,0.8198227064,0.0944304516,5.1095544327,26.966060606,0.0954473759,0.0,0.0,1,0.5047641925,0,0.0,3.0398112046,4.0,1.4064384376,-0.106072212,0.1333944483,-0.186403143,-0.526182726,0.0907297218,0.4147840757,98593.130203,0.1116949983,18.593941823,0.0090551473,0.0015064836,0.0067131203,0.0199103277,0.2565890094,-0.005094651,0.0,3.61406e-05,0.9113325859,0.0678151511,7.0,18.734862128,-0.430122566,2.0969152601,0,-0.152504436,0.0956644937,0.0244715092,0.0203599257,0.4075414355,4.1808761593,6.344887e-12,1.252501e-08,1.114535339,1.2421890218,0.0004110726,0.0391847394
89323,0.6480096923,0.0592479423,-32.6785733,0.0062183177,5.9821049134,0.2702449176,0.0282517831,0.0190651868,0.0369515848,0.0139150626,0.0298210901,-0.004572449,-0.506891452,0.0892802178,0.0045724485,13,5.34938e-05,0.0230978261,0.0198189381,-0.062014259,0.2914027234,,,-0.000511486,0.0971292178,0.4725931079,0,0.7601784364,0.0482811624,0.7576299547,0.0484321541,1.6009550751,0.0670431475,,0.0,0.0,0,,0,0.0,0.4070318735,7.0,-0.696224536,0.0001456986,-0.020652208,-0.272213209,-1.149276414,,0.0097425765,-4357.177362,0.0286434127,14.103537782,0.0001159996,0.0021690932,0.0216227129,0.0082388264,0.0219820574,0.1688745467,2.0,0.0,0.3152721803,0.0043935739,4.0,14.332925692,-0.083689633,1.245108219,0,0.0654744878,0.0361186042,0.011900362,0.0215709488,0.495140587,3.1814533315,1.592099e-09,1.7616374e-08,1.0737074338,1.1528476533,-0.03511553,0.0312124968
85079,0.3291781328,0.0158093729,9.3602121617,0.0126653079,0.0951268053,0.1415685508,0.071056358,0.0510830003,0.2976066244,0.0220776841,0.1111777884,-0.084159583,-2.203856153,0.0506509568,0.084159583,16,0.0,-0.014423077,0.1904899052,0.0815937956,0.0069566708,4.743872549,0.038618115,0.0021295189,0.0349086367,0.2215032126,0,1.2704441601,0.2456562472,1.2704441601,0.2456562472,2.3017596614,3.2735408252,0.3724773076,1.0,0.0,0,,0,0.0,0.37648997,6.0,-10.53114441,0.1217701243,-2.455889226,4.1072009021,-0.966484854,-0.819985973,1.0452232347,-3942.442868,0.0288563477,12.559625745,0.0015066394,0.0121293042,0.0153129094,0.0065465716,0.2065406105,-0.000488936,0.0,0.0013245033,0.8596423433,0.0250903256,4.0,11.50505605,-0.036541212,0.345734653,0,-0.111549313,0.0443285741,0.0188539302,0.0305235525,0.4028921226,0.5763378178,3.4042119e-08,6.2734172e-08,0.9616188446,0.9247108022,-0.041980486,0.0321679483
85035,0.519626162,0.0165238183,9.1575842202,0.0,0.0605403081,0.1440206792,0.0395155122,2.3874659401,0.9919690279,-0.476725246,1.9480900636,-0.027985492,-0.556899283,0.0257259209,0.0279854918,18,0.0566250476,0.9241815049,0.4900886668,-1.030834586,0.3984021268,0.2456363181,-0.352349658,0.6163878933,3.3337725082,0.214504843,0,4.6113092128,0.8874758967,3.5449417479,0.8940079208,3.1414391786,4.5067404898,0.8581801948,0.0,0.0,0,,0,0.0,1.3476730278,7.0,3.2059344839,-0.684757167,0.7569409746,1.3347806204,0.8105998645,-1.599367433,0.1173747278,6760.8300929,0.0446872923,15.562306033,0.0017558441,0.0006437169,0.0007199518,0.0544276017,0.0299378592,-0.344316304,1.0,0.0024417314,0.9843842995,0.2190731764,5.0,16.653714836,0.3585248952,2.6924460197,0,-0.101630079,0.0494966581,0.0221270007,0.0342927036,0.3398025081,3.7803617318,3.165414e-10,9.8536369e-09,1.8279422373,3.3413728229,0.1681625923,0.0601644683
85002,0.4142846494,-0.227153712,1.4570876279,0.0,0.0792593132,0.0163219316,-1.557167991,0.0118805497,-0.446155113,0.0942996398,0.0676701895,-0.024718634,-0.053391659,-0.215025599,0.0247186338,18,0.0,0.397260274,-0.313805472,0.001775265,0.7879733942,0.0958416665,0.1294606409,0.0892413117,0.0018649471,0.788621866,0,6.7213497165,-0.107331212,6.7213497165,-0.107331212,0.0463859202,4.0384933775,-2.879322558,0.0,0.0,1,0.3948635634,0,0.0,-0.526655393,1.0,41.578441331,-0.053416452,0.1886370339,-8.406118027,10.08470926,-0.42660587,-8.972377583,-4949.581317,0.0248274717,13.384030831,0.0,-0.224155194,-0.314066128,-0.00078594,0.5407765046,-9.4,0.0,-0.004048583,-0.491923728,-0.03093403,4.0,16.178610933,-0.834932359,9.8670935927,0,-0.25352422,0.3387096822,0.1131541982,0.1121087671,0.9868487528,61.413279121,5.653778e-10,4.909116e-10,1.7874373916,3.194932429,-0.29047748,0.1308697042
85072,0.3428662064,0.0618586679,5.0422774869,0.0141869595,0.1951808397,0.6714573356,0.2197580645,0.0026272578,0.7188834154,-0.027057497,0.0773346304,-0.031485733,-0.273504274,0.078777278,0.031485733,18,0.0036077402,0.0869565217,0.0228187919,-0.070639152,-0.00704153,0.204735376,0.0490704152,0.047454844,-0.035448686,0.5027545038,0,2.802698145,-0.183353199,1.9241146712,-0.19168851,6.6492146597,9.304029304,0.4664013112,0.0,0.0,1,0.4440298507,0,0.0,1.0810609817,5.0,0.9389188133,-0.013892711,0.0740094537,-0.560515927,0.5797896594,-2.041401787,0.0515052673,5924.5682053,0.1633840717,15.50534377,-0.002813379,0.0263678312,0.0420278434,-0.002398045,0.1764705882,0.0503963752,1.0,0.0032159783,1.7057144666,0.1954633114,6.0,16.755552018,0.0126771178,4.9575887246,0,-0.128574987,0.0280234944,0.016658378,0.0240748131,0.231697154,4.1020208122,1.177197e-10,5.6460348e-09,1.1200096422,1.2544215987,0.0768008623,0.0359917478
85067,0.1571236323,0.0404810586,32.108669271,0.0030409801,0.170489884,0.5387709923,0.2213970985,0.4208398261,0.6210527017,-0.017654212,0.9270614917,-0.044421175,-0.307057019,0.0529110518,0.0444211745,19,0.0,0.3076923077,0.2345265364,-0.240455074,-0.117162207,0.40772691,-0.327721426,0.0933322678,0.1014745612,0.3649448706,0,1.6299988776,-0.187783247,1.6299988776,-0.187783247,23.842095104,4.9163931202,0.4240019895,0.0,0.0,0,0.0,0,0.0,1.0039678971,3.0,0.5935961402,-0.552179005,0.1317829928,-0.172738355,0.5302836486,0.6149411831,0.1392079519,1600.4132673,0.0767661838,15.048913816,0.0091543137,0.0277804562,0.0555409277,0.036761939,0.0687970591,0.0093042386,0.0,0.0003357958,4.6921881911,-0.266293374,6.0,15.423222458,-0.289998889,1.6412879897,0,-0.045482084,0.04753967,0.0227618637,0.0250702213,0.3599305976,3.7610183531,5.234223e-10,1.4373369e-08,1.1348556591,1.287897367,-0.05506383,0.0363331945
85013,0.765557913,0.076604797,0.2661398426,0.0,0.0973431122,0.9310189284,0.3153343582,0.0917956089,0.6014768468,0.0004735745,0.0087719298,-0.045540899,-0.491421925,0.1142500738,0.0455408992,18,0.014174268,-0.015748031,0.060112616,0.184329735,0.0143511842,0.6932176656,0.0263222582,0.0185169527,0.1033420013,0.7606312406,0,7.5356979405,0.1225419854,6.6732265446,0.1188334001,1.8073164404,8.3027413588,0.9924155367,0.0,0.0,0,,0,0.0,0.6851263283,6.0,-10.03059187,-0.035269131,-0.098310183,0.7381997699,-0.104836021,0.0732349066,0.1874433163,-3069.212153,0.0318276958,10.591020241,-0.008701769,0.0075477211,0.0086781255,-0.035861926,0.619505528,-0.000424156,0.0,-0.01187884,3.0250223474,0.0042096176,6.0,9.0229741365,0.1051902009,0.1720543565,0,-0.095378135,0.0512819998,0.0279084244,0.0508907978,0.7151985886,0.7760822182,7.5752297e-07,9.326382e-08,0.0736173101,0.0054195084,0.3522780951,0.0353947767
85077,0.3638214526,-0.036328252,11.075960313,0.0,0.2602327071,1.6639137703,-0.017440544,0.0454317465,0.4553317654,0.003058303,0.2399581524,-0.107242112,-1.802197802,0.0291424437,0.1072421121,18,0.0,0.0172413793,0.0813942929,0.0419381118,0.0271208487,0.3683108588,-0.346995755,-0.011759198,-0.060044006,0.5707562931,0,1.7210154079,-0.183446039,1.7210154079,-0.183446039,45.527034407,5.4243758541,0.1392399689,0.0,0.0,1,1.0,0,0.0,0.6915460515,5.0,-10.12046098,0.297483482,-2.42422477,4.1418442219,-0.496029005,-0.642127602,1.0237147216,-4084.125308,0.0288563477,11.072339245,-0.005875291,-0.063987045,-0.157996186,0.2167707686,0.0072198964,-0.059044802,0.0,-0.145911873,0.7701339255,-0.020854783,2.0,9.2579297702,0.7072342383,0.1937816801,0,-0.111549313,0.0759803802,0.024166614,0.0392485282,0.7709507692,0.6524296155,6.1491281e-07,1.1112895e-07,0.6839238892,0.4677518863,0.7142055249,0.0555147998
85020,0.6813261897,0.0567202892,-14.39838341,0.0,6.2786417662,0.3233220339,0.0306586403,0.1894250744,0.0480274322,0.0148895293,0.1951602412,0.0017740077,0.2003490611,0.0453564325,0.0017740077,17,-0.001756422,0.2337662338,0.3044304582,-0.007682393,-0.045496289,0.2398254228,0.2143932087,-0.002330551,0.1390547065,0.6239340408,0,1.0598212194,0.0156709759,1.0591853453,0.0182986158,0.8538742394,0.0585960844,0.0111382585,0.0,0.0,0,,0,0.0,0.4698389508,5.0,0.0392427121,0.0017033325,0.1900161998,-0.238896711,-1.365575867,,-0.034181209,-5205.536502,0.0286434127,13.370275162,0.0006837908,0.0029722128,0.0278309475,0.01972988,0.0378452015,-0.010525308,2.0,0.000984252,0.2162770429,0.0019392443,3.0,13.214208983,-0.273884786,1.0118822903,0,0.0654744878,0.0548893213,0.0159266366,0.0272901324,0.6708712246,3.9027775626,4.7990338e-09,2.2084755e-08,0.8674160859,0.7524106661,0.0416154061,0.0276651154
85059,0.4800173149,0.0361688763,0.3848989521,0.0132385171,0.5396917292,2.2110611752,0.0665724715,0.1062240995,0.4504770514,-0.009698419,0.1965149409,-0.03072646,-0.843833954,0.0666894022,0.0307264597,18,0.000340809,0.0565840549,0.0394342475,-0.071956453,0.0095181813,0.3826467476,-0.034503056,0.0243211448,0.0353137232,0.4724380804,0,1.4619175833,-0.007810765,1.4313271086,-0.007496999,43.99934506,4.0690336443,0.1405157263,0.0,0.0,1,0.9750181119,0,0.0,0.9101354138,4.0,-0.040742056,-0.054921425,0.0912133251,0.1772291064,-11.25060113,0.5512354742,0.0483112686,-786.7985318,0.2469190948,13.914652978,0.0075623928,0.0251376504,0.0544933167,0.0395549971,0.0648960586,0.0031232539,2.0,0.0062362436,0.9092936757,0.0688523818,3.0,14.289201122,-0.623642848,1.4869761065,0,0.0957318355,0.0408554338,0.0236872562,0.0278202236,0.3679502754,3.4693957282,1.8424306e-09,1.4308326e-08,0.9753089463,0.9512275407,0.0203730558,0.0345631744
85168,0.7216577816,0.0851281516,0.2387158651,0.0,0.4570603158,0.4832176029,0.1026977717,0.0614782964,0.1781961891,-0.00051117,0.0265191096,-0.062703028,-0.843068594,0.1568970226,0.0627030275,18,0.0003122987,0.125,0.2630678298,0.3841870513,-0.000941556,0.0630091092,-0.022718389,0.1110255161,0.1030138401,0.5636175367,0,3.077273916,-0.21285362,3.0690430073,-0.213861722,2.3235563241,6.8112138494,0.294469269,0.0,0.0,1,0.6577400292,1,0.0,0.2803887259,6.0,0.8213981101,0.0538299087,-0.06248076,1.8583498111,-2.068707426,0.1773214159,-0.205719074,-208.9171704,0.0279332649,13.740778975,-0.010833689,0.0033671916,0.0058973597,-0.311580481,0.1612572215,-0.438904518,1.0,0.0041753653,1.0541707523,0.1448988486,4.0,14.662449137,1.1423513656,3.5569494688,0,-0.500704589,0.146484375,0.0496222858,0.0788850937,0.4365804195,5.9311064356,2.9417405e-09,5.0748301e-09,3.062647892,9.3798121101,-0.025507919,0.0621167306
92245,0.8012857594,0.0113652875,-14.24421888,0.0179757189,1.2947573398,1.2928117053,0.0640906601,0.1490339725,0.2439687005,0.0443878093,0.2031599239,-0.077909546,-13.88188451,0.1691368958,0.077909546,18,-0.001451515,0.0,-0.082478696,-0.252888434,0.1533899881,0.1160455464,-0.000686996,0.1512465707,0.0813253193,0.5161512865,0,2.0724393255,0.0873725346,1.2135994027,0.1268517974,70.332484416,5.1962719652,0.1547860396,1.0,0.0,1,0.4867561431,0,0.0,0.5516644706,5.0,7.1243459533,-0.093850778,-0.138205697,0.4356723529,-0.18838406,5.3586868657,0.1614458529,-2208.040919,0.0410566741,13.438364834,-0.001836158,-0.004186904,-0.010960656,-0.379955746,0.007237198,-0.221405585,0.0,-0.028888889,0.9039529166,-0.060480973,4.0,14.378904343,0.166533264,2.6099110486,0,-0.131569503,0.0824872628,0.0508010367,0.066046458,0.2580994406,3.4046081508,6.5283615e-09,9.4356644e-09,2.8479620464,8.1108878179,-0.020522736,0.058090219
85187,0.4620959074,0.0226386292,3.1363723313,0.0,0.2438066433,0.7813240615,0.0354003452,0.0351779205,0.4214402531,0.084844338,-0.045620127,-0.033393383,-1.221283135,0.0502868053,0.0333933833,18,0.0101997405,0.0379310345,0.1467723611,0.1307520582,0.0433329846,0.276808352,0.1005820258,-0.053616666,0.1276848629,0.3006189439,0,2.2854105767,0.1932847651,1.4444592081,0.1508096984,15.343637916,7.012489267,0.2200118455,0.0,0.0,1,1.0,0,0.0,0.8324348417,8.0,47.664038523,-0.062655409,-0.170692206,-8.358306769,0.55972511,-0.382700486,-8.707065179,-5432.385497,0.0248274717,12.221264673,0.0047587656,0.013750413,0.0250017669,0.0310299904,0.0559359439,0.0059103961,2.0,0.0036089239,0.4707332348,0.0995031558,5.0,13.152797525,-0.100253178,1.9455252918,0,-0.25352422,0.0789473653,0.0348626682,0.0474139817,0.4108503375,4.4776473387,1.7209873e-08,1.112165e-08,0.4513236014,0.2036929932,0.4259394368,0.0613706692
85177,0.3679748306,0.0026035668,2.5078794313,0.0,0.0316496935,0.2195498939,0.0172867628,-0.011961778,0.4109651307,-0.005184976,0.1135790725,-0.06493989,-10.02803738,0.0287122321,0.0649398901,18,-0.000359768,0.1673553719,0.2629610333,0.0559830213,0.026773493,0.5965066354,0.0556948969,0.030594613,-0.021450294,0.6349646781,0,8.7767292716,0.3601217033,8.7444800733,0.3645883072,0.9171005229,24.452423969,0.3618074621,0.0,0.0,0,,0,0.0,0.4420263285,7.0,-0.176802483,-0.040326083,0.1275564941,4.7768205051,0.6518517748,-3.139656177,0.7511302389,-14089.98051,0.0314049921,13.82711836,-0.003214754,-0.006162224,-0.006844186,0.0153630464,0.499460846,-0.023690027,0.0,0.0,2.1180194444,0.0883378312,4.0,14.285339889,-0.157286888,1.5921197406,0,-0.107492679,0.0372914746,0.015763098,0.0322684148,0.3317014872,2.1832274962,2.5408488e-09,1.7381107e-08,1.2892105494,1.6620638407,0.1826701133,0.0523043267
85173,0.068401982,0.0754319788,3.2251735504,0.0,1.0437810335,1.6177162159,0.2028027268,-0.165224337,0.3699398956,-0.276280066,0.0794557467,-0.132737781,-2.150792468,0.2376705108,0.132737781,18,-0.013418892,-0.048275862,-0.001559871,0.4434960758,-0.038995341,0.4898148753,0.2562036546,0.0102319819,-0.812261297,0.3888127446,0,1.0788082642,-0.035735022,0.6588372579,-0.140519734,9.4892499258,47.286676385,0.2216631162,0.0,0.0,1,0.3192663315,0,0.0,1.2647019698,4.0,7.0906840307,0.002600362,-0.186481559,-0.297211425,-0.950155907,0.9362760699,0.2299794679,-3027.397299,0.0410566741,13.47464101,0.0049318307,0.0272558074,1.0433494835,-0.038544948,0.1544046081,0.0136440703,1.0,0.0122958019,2.0012178435,-0.001990884,6.0,15.2651508,-0.213734734,7.6656985187,0,-0.131569503,0.0658299103,0.029475612,0.0502944429,0.4409284101,17.582652476,1.2018382e-09,3.1095951e-09,1.3319570135,1.7741094857,0.2197501465,0.0558161787
87364,0.2016138632,-0.074139166,4.5412139767,0.0,0.031585246,0.1578412017,-1.14293444,-0.162581932,0.25564874,0.0445080687,-0.346622889,-0.051514984,-0.177765884,-0.060959752,0.0515149837,16,0.0180800975,0.1011235955,0.068003989,0.5920763594,0.1748460853,0.4693814113,-0.003704628,0.0306762203,-0.123922361,0.8651041348,0,8.7572590012,0.5726003467,7.6069686411,0.5007524866,0.9266222962,17.941365979,-1.640992908,0.0,0.0,1,0.1603694374,0,1.0,0.3072565151,4.0,3.1033548469,-0.052858302,-0.066116935,1.0167683216,-0.901894818,-1.065658247,0.0306890552,-4942.760727,0.0446872923,11.2077581,-0.000478742,-0.146132628,-0.1750413,0.0007778296,0.7543848357,-0.016899154,0.0,-0.088050314,0.089047346,-0.065053337,3.0,11.334547508,0.0130105513,0.7099081355,0,-0.101630079,0.0810811073,0.0311615901,0.0454420318,0.4221213768,0.747624479,1.4402989e-07,4.6246078e-08,1.4284585716,2.0404938908,0.0525432353,0.0766479302
89022,1.0253698026,0.0580409439,-25.72560617,0.0334000627,10.935307837,0.5210046084,0.0196066605,0.0462255497,0.0361485071,0.0050964689,0.0439483811,-0.001565124,-0.3154047,0.0763473303,0.0015651237,16,-0.002917764,0.04,-0.004459373,-0.0166581,-0.045035224,0.1146826478,0.0143104039,-0.003054131,0.071143617,0.5351052632,0,0.8478326945,-0.029271452,0.8476999029,-0.02538801,1.2944277108,0.062740432,0.0066137323,0.0,0.0,0,,0,0.0,0.4317059271,4.0,-0.052320296,0.0008942579,-0.003750034,0.1051469018,-0.085521546,,-0.003190311,-5465.488872,0.0286434127,10.304032242,-0.000710683,1.9823e-05,0.0002385354,-0.00925726,0.0418368069,-0.013542987,0.0,-0.013173793,0.6090691768,-0.038697469,3.0,6.6956135122,-0.167118081,0.048253511,0,0.0654744878,0.0877272859,0.0495802321,0.1127321448,2.1904643941,1.3500242148,5.41674e-05,5.0000003021,0.2434661038,0.0592757437,-2.532741672,0.0428201725
85198,0.2999979022,0.0391699063,-23.18693475,0.0119320162,1.9335140395,0.1201025299,0.0386847172,0.4134954841,0.0680581517,1.166594313,0.4078297232,0.0099150332,0.4829182335,0.0202540443,0.0099150332,18,-0.002083512,0.209321341,0.2849177999,-0.246371822,0.0062957384,0.0474503913,0.164657779,0.0033596765,0.4535216767,0.5831361085,0,0.9575165991,-0.000226114,0.9506438963,0.0066835617,2.4211833319,0.0716603424,0.026282652,0.0,0.0,0,,0,0.0,0.5213134323,4.0,0.0059360153,0.0003421603,0.165571307,-0.620224999,0.0178176597,,-0.059283597,-2470.494982,0.0286434127,15.136472758,0.0011864093,0.0052957171,0.0381458321,0.006806773,0.0301873169,0.0400576025,7.0,-0.000228519,0.2488220349,-0.047570244,4.0,16.163860636,-0.46678142,2.9743406042,0,0.0654744878,0.0507756323,0.0204915291,0.0287299555,0.4206847882,7.1197314678,2.707743e-10,6.4083088e-09,1.1819613944,1.3970327377,0.1011868624,0.027539111
85246,0.3551140792,0.0574394918,7.6708316661,0.0032561092,0.3946858114,0.8078309424,0.096030382,0.1039691753,0.1310549788,0.0085718143,0.1118624305,-0.023322987,-0.292175111,0.0742218817,0.023322987,18,0.0,0.1024667932,0.2169656519,-0.014027874,0.0732330046,0.2560993156,-0.052141004,0.025474659,0.0950272725,0.3191687792,0,1.0347653237,-0.004725798,1.0347653237,-0.004725798,21.682592357,3.3112908026,0.1906862243,0.0,0.0,0,0.0,0,0.0,0.2634276122,7.0,3.1394243068,0.1276183717,0.0647222866,12.374286127,-1.705695059,-0.406710867,2.3752013325,5885.2619381,0.0796288203,15.463423676,-0.001862897,0.0218922091,0.0447990294,0.0208960078,0.0369623761,0.0071929854,2.0,0.0036864436,1.1709102596,0.0949701951,6.0,16.442616066,-0.313432685,2.3819476768,0,-0.186226261,0.0489285924,0.0217261276,0.0256337566,0.3865493225,3.571555935,2.656592e-10,1.096769e-08,1.1509949433,1.3247893594,0.0071492049,0.0306010639
89038,0.8394191581,0.0801082278,-67.28571848,0.0267614515,7.4464448072,0.4656003313,0.0316074319,0.0159700443,0.0512766677,0.0,0.0109393639,-0.003373193,-0.346158544,0.1078383753,0.0033731931,14,0.0,0.0414937759,0.0480133909,-0.026948882,0.0256419964,0.1538536776,-0.070633873,-0.001126577,0.0628902765,0.5961279403,0,0.9807725734,0.0229961453,0.9807725734,0.0229961453,4.3663057442,0.0696557468,0.0128946424,0.0,0.0,0,,0,0.0,0.5295247299,8.0,-0.013328032,0.002888127,-0.002256258,-0.080803743,-1.369379706,,0.0283007341,-5396.283582,0.0286434127,11.556057733,0.0001485704,0.0027615522,0.0284483247,0.0051093029,0.043891188,0.0546075781,1.0,0.0016129032,8.6410052323,-0.015643544,6.0,9.7889965764,-0.068007231,0.1603267211,0,0.0654744878,0.0207507797,0.0071343123,0.0052222391,1.3253524415,0.6187723389,3.1772898e-07,5.0000003021,0.1741685041,0.0303346678,0.6770646479,0.0199605484
85280,0.5750308715,0.1158372647,26.646503045,0.0,0.9786912963,0.3700963164,-0.010327075,0.4125130285,0.2833273323,0.0144933911,0.4797511102,-0.109710548,-1.256668301,0.2614062834,0.1097105476,18,0.0,0.0786026201,0.3652663875,0.5293834791,-0.020887934,0.1207122327,0.0106989963,0.545092289,0.3111166297,0.4977215128,0,0.6566541913,-0.242242643,0.6566541913,-0.242242643,65.527495848,7.6408559809,0.3429509045,0.0,0.0,0,0.0,0,0.0,0.6063659393,4.0,1.0403783458,-0.054257522,-0.10887814,1.711722901,-1.896048145,-0.464531207,-0.101209813,-581.2085704,0.0279332649,14.547386887,-0.061626067,-0.23028771,-0.553719376,-0.05669518,0.0008644314,-8.453134212,0.0,0.0006548788,0.0592870102,0.0329072226,5.0,16.692449703,0.2647216394,8.8758549117,0,-0.500704589,0.069884032,0.0346279461,0.0526699247,0.2744233362,8.4460303142,5.384052e-10,3.4205404e-09,2.3855076442,5.6906467206,-0.04268107,0.0570814861
86004,1.0096285664,0.039391834,-11.07425339,0.0309281438,5.0287278274,0.2675111943,0.0276722272,0.9433702598,0.0784522356,0.9661972083,0.9005826807,-0.011962725,-1.388679501,0.0940944663,0.0119627254,17,0.011453928,0.834939759,0.775360765,-0.217486553,-0.005151919,,,0.0289013203,1.1888040356,0.5673267893,0,1.0147631742,0.0818702257,0.9955385651,0.0775779478,0.6241160599,0.0658586411,,0.0,0.0,0,,0,0.0,0.5284620007,4.0,-0.039392441,0.0118510039,0.791189725,0.0894056655,0.0587779125,,0.0145568251,-1753.544212,0.0286434127,15.065392028,-2.1078e-05,0.0025273621,0.0151430834,-0.001828648,0.0413437282,-0.021627824,2.0,-0.001226994,0.5330743682,-0.00456606,5.0,15.774422745,-0.032577142,2.0055081049,0,0.0654744878,0.0342421681,0.0174877414,0.0236913215,0.3950903035,4.1494207829,4.657609e-10,1.2899558e-08,0.9987023813,0.9974064464,-0.04157582,0.0252705452
86818,0.1622626353,0.0689516313,9.7914224222,0.0289268916,0.0729012688,0.2713023228,0.6193905355,0.4293923268,0.6338301063,0.0187288916,0.0979940809,-0.120603948,-0.349545613,0.0930533715,0.1206039484,17,0.1450367135,0.0918367347,0.301107807,0.0309955166,0.2401662346,0.1240725474,-0.608725463,0.3737475615,0.6536279287,0.6845438728,0,14.916653946,-0.06844248,7.9821401313,-0.299059069,3.4732090449,7.5245852004,0.9994357367,0.0,0.0,0,,0,0.0,1.0627016443,4.0,1.3970123124,-0.272035919,0.0039761622,-0.272280965,0.800563086,0.2465857472,0.0650488373,-6601.128294,0.0558672041,13.300738125,0.0026486225,0.052286769,0.0677576917,0.0074545829,0.3989589628,-0.026669171,0.0,0.0005963666,0.5109642321,-0.014107651,5.0,12.862505636,-0.198711612,0.6401759531,0,-0.168614603,0.0359974317,0.013247872,0.0197447604,0.4876076347,0.9132044589,1.1586552e-08,6.0435511e-08,1.0073362919,1.014726405,-0.05331813,0.0289657933
85320,0.8605580494,-0.038199335,0.025911093,0.0399161589,0.132624657,2.2838051774,-0.057319224,-0.114597283,0.4159173522,0.0,-0.25631769,-0.196042618,-5.426966292,0.1691071678,0.196042618,18,0.0,-0.272727273,-0.199307802,0.293053612,-0.005229336,0.2037037037,0.0185185185,-0.006122059,-0.087807097,0.4508286517,0,4.0809061489,0.0946523595,4.0809061489,0.0946523595,8.6802610114,9.1504729149,-0.230503796,0.0,0.0,0,,0,0.0,0.4945404914,3.0,-10.17187142,-0.234561705,-2.714193422,4.6385808186,-0.06469914,0.1119278668,1.1636794457,-4229.761791,0.0288563477,8.0312553229,0.0,-0.305513595,-0.549381218,-0.010522769,0.2896057348,0.0010891392,0.0,-0.461763868,0.91938398,-0.047569055,2.0,6.064947284,-0.213994993,0.2114449213,0,-0.111549313,0.1706349552,0.0875382897,0.1029698122,2.1904643941,4.6286213032,0.0001049881,1.0000000439,0.2062490125,0.0425386552,1.3045819061,0.1550649452
85319,0.2516330436,0.0663018013,3.0822008601,0.0,0.0733225073,0.242314314,0.5990911994,0.2274814075,0.3961276645,1.0054601624,0.0056621636,0.0147128275,0.0654280452,0.061963804,0.0147128275,18,0.0,0.0380940301,0.1066534104,-0.015979367,-0.063485739,0.1480224849,0.1209067609,0.0115516218,0.3117919136,0.8375189642,0,8.1657055983,0.2037246775,8.1657055983,0.2037246775,1.0526698814,6.5435169121,0.9654130697,0.0,0.0,1,1.0,0,0.0,0.5435363285,4.0,-10.11903773,-0.0340646,-2.403372119,4.0296558128,-0.87700702,-0.040436306,1.056536082,-467.7063984,0.0288563477,15.088210166,0.0067112908,0.058907425,0.0741667446,0.006657415,0.715048537,-0.013986904,2.0,0.0035312293,0.3527282348,0.0199361183,5.0,14.250556429,-0.140744844,0.4638642716,0,-0.111549313,0.0312132835,0.0268684695,0.0234381416,0.3674921629,1.4719313707,1.4815003e-09,3.4916097e-08,0.8746770156,0.7650598817,0.0195864883,0.0266589626
13739,0.2595994514,0.0249018209,18.925782832,0.0,0.4805503505,0.4677190076,0.0715067773,0.0182653483,0.1721858399,-0.057700259,0.1455123182,-0.048194213,-1.419615465,0.0602528308,0.0481942133,13,0.0,0.016,0.1101293429,0.0545321335,0.0084516766,0.1941285434,0.0422437485,0.0207046279,-0.155406872,0.1684736249,0,0.7986386232,0.2334148399,0.7986386232,0.2334148399,15.394932071,16.288240676,0.1148249573,0.0,0.0,1,1.0,0,0.0,0.3681558635,7.0,0.0291495243,-0.140506857,-0.038594345,0.0324123232,-0.214820615,0.3904798263,-0.001821432,1083.97704,0.657203399,15.191498491,0.0007340385,0.0095677791,0.0276973154,0.0080337846,0.0099320269,0.0232111518,0.0,0.0003113325,1.7299037621,0.040572252,5.0,14.920095171,-0.248277366,0.7448607606,0,-0.001967192,0.0192368533,0.0086652436,0.0144059865,0.3000212624,0.8030490624,7.148389e-10,3.720487e-08,0.7086004238,0.5021145607,0.2812370487,0.023485591
85271,1.4032895754,0.1112989173,-2.423002372,0.0,0.5559816885,0.1207875347,-0.008238929,0.271426194,0.0434348477,-0.012213175,1.4552661382,0.0423474247,0.6658986175,0.0371851222,0.0423474247,18,0.0,0.2577319588,-0.032854209,-0.348643683,-0.041613876,,,,0.0674990246,,0,4.6753926702,,4.6753926702,,0.5587188612,9.42,,0.0,0.0,1,0.7161366313,0,0.0,0.0403823644,4.0,6.6167871599,-0.144313869,0.1052473551,-52.80257752,,,-1.225432593,1557.6180524,0.0207317787,15.053814132,0.0025083612,-0.004576376,-0.006781525,0.0148887965,0.041748286,,0.0,0.015625,0.9889508586,0.0725891422,1.0,15.650585848,0.3877589677,1.7310085082,0,-0.142502855,0.0242782086,0.0099204567,0.0196949975,0.3016743249,2.0487268164,3.222832e-10,1.4924409e-08,0.9361361341,0.8763508615,-0.037275909,0.0268052554
89898,-0.051449772,-0.332608011,18.097759279,0.0,0.4459482771,0.0166096699,-1.038471246,-0.450988474,-0.440760965,0.0202663233,-0.072149318,0.0543951091,0.0786461678,-0.358766356,0.0543951091,14,0.0094054944,-0.11627907,-0.744329897,-3.701815015,1.5699693631,0.7616086235,2.4859950082,0.0638930452,-1.236336354,0.4995944599,0,0.6024052095,-0.499077037,0.5669572524,-0.524093068,0.3608078603,0.204138357,-0.568476433,0.0,0.0,1,1.3156996587,0,0.0,-1.399088128,0.0,-20.25939898,-0.567588716,-0.187294767,-1.09998186,-13.33311632,-0.294536252,-0.458904637,-1615.717881,0.1229481469,9.9577294784,0.0,-0.181285624,0.2858212681,0.0413901139,0.0997957397,5.450226817,2.0,0.0,-0.385731623,0.037195161,0.0,11.699929702,-0.090598405,5.4680634752,0,-0.401912096,0.2135493159,0.1131541982,0.098623957,1.1792512093,61.413279121,1.2323734e-07,2.4139371e-09,2.7241086167,7.4207677556,0.1873580256,0.1076445763
85349,-0.467861017,0.0646381556,-0.794829016,0.0,2.8251846165,3.4854882369,0.1163378857,-0.122701839,0.2086330935,-0.032719836,-0.079689018,-0.013625719,-0.492307692,0.0964600168,0.0136257185,19,-0.017457952,-0.071823204,-0.069304302,0.1722956984,0.0341841538,0.1431980907,-0.020709831,-0.060351719,0.0964052288,0.4286838269,0,1.2004608295,-0.03554308,0.8110599078,-0.077896841,18.160621762,7.3945147679,0.0421727395,0.0,0.0,1,0.0164092664,1,1.0,-0.70751634,5.0,-4.4843908,0.041445556,-0.136811424,-1.017980356,-13.33311632,0.0087242301,0.0064142392,-8509.762161,0.0604618429,13.56269486,-0.007194245,-0.008560946,0.0339805825,-0.079554653,0.0879271071,0.0424432056,0.0,0.0075258702,1.0473064065,-0.027298417,2.0,14.452844898,-0.046537363,2.7024619017,0,-0.156910843,0.0676692277,0.0268311252,0.0377132896,0.2108640998,1.9207163039,3.2056211e-09,1.15542e-08,2.2591331405,5.1036825467,0.1018302389,0.0476162567
90012,0.225335036,0.0521408053,4.9190735099,0.0410990121,0.0221582738,0.6853171397,0.9227535636,0.057122807,0.9731419458,0.0035661218,-0.090831086,-0.180987056,-0.835959434,0.0957284034,0.1809870555,14,-0.090094699,-0.042105263,-0.017121483,-0.113657542,-0.000232963,0.4206500956,-0.364415657,-0.141716108,0.0743220146,0.8103156955,0,10.839962249,0.1821721689,7.460159094,0.5689170923,4.4800210921,118.79596064,1.6230229252,0.0,0.0,0,,0,0.0,1.0863434366,4.0,1.4119058046,-0.172705924,-0.222436305,-0.035496735,18.453085567,0.6136770661,0.4631015608,-4833.0818,0.1116949983,12.83249247,0.0130808647,0.0481791038,0.0578053979,-0.00259983,0.6536651584,-0.003129664,0.0,0.001242236,0.7696897422,0.0344951404,6.0,13.275277227,0.0027713898,1.7997587258,0,-0.152504436,0.0231080092,0.010412398,0.0205566516,0.3003994338,1.9889089025,3.3084873e-09,1.4099295e-08,0.8048684059,0.6478131508,0.1390157539,0.0328524122
85348,0.0489295282,0.0332417157,45.58633218,0.0218554001,0.2129241007,0.4199969004,0.244253993,-0.040253019,0.4975273145,-0.020316027,0.0474560448,-0.11713615,-0.949571836,0.0648071127,0.1171361502,18,0.0008215962,-0.003710575,0.0149036992,0.0835311502,-0.008154805,0.162072032,0.0121557293,0.0274870615,-0.28578024,0.4099193529,0,0.6827042721,-0.08555578,0.5578598092,-0.095524361,22.974048443,34.944736842,0.2705372749,0.0,0.0,1,0.0568735782,0,0.0,1.9270544783,5.0,-0.010806715,0.1051203764,-0.083501348,-0.205541355,-0.160469304,0.8191118598,0.0005532623,27480.151128,0.0885157098,17.294162839,0.0028331699,0.0507595852,0.2683237731,0.0021184934,0.1036600048,-0.017328615,1.0,-0.000875547,4.0276208637,-0.166099385,7.0,17.875433643,0.3014966163,2.015315919,0,-0.101596569,0.0131659871,0.007519068,0.0180986287,0.4781815504,6.0693052817,3.313178e-11,1.2758381e-08,0.7615703596,0.5799894127,-0.128679006,0.0294152865
85372,0.3167907091,0.0310006298,3.7867306236,0.0,0.0751859015,0.3149223244,0.1479024918,0.0867620614,0.482543883,0.0075052362,0.0802557382,0.0685248587,0.8318523582,0.0052126828,0.0685248587,18,0.0254455854,0.1345083488,0.171503578,-0.094674467,-0.004597041,0.2531265974,-0.408328267,0.0661641498,0.0883177718,0.6639119218,0,5.0688279599,-0.046769024,4.1856449644,-0.072866689,1.9613160129,4.0713443466,0.5227577869,0.0,0.0,0,,0,0.0,0.5978984016,5.0,-10.01010404,0.0507472345,0.0519461972,0.2894325659,2.2391663648,-0.121683697,0.0784059253,-2028.675343,0.0318276958,13.08895983,0.0047397413,-0.002095651,-0.002532893,-0.015983051,0.3804673613,0.0020605317,0.0,-0.009714286,6.0788710257,-0.266256345,4.0,13.850569074,0.0110703736,1.6882856914,0,-0.095378135,0.0207635276,0.0155529031,0.0291121981,0.3648907828,3.5824918016,3.9488689e-09,1.3872738e-08,1.7746729945,3.1494642374,0.1094998618,0.0518558974
91908,1.4965745676,0.1049660689,-61.16830756,0.0334462385,14.559695586,0.949083801,0.0264689647,0.029759112,0.0367285912,0.0153095559,0.0239669275,-0.009222718,-2.043435981,0.3194575109,0.0092227183,11,-0.002787005,-0.025806452,-0.070169006,-0.172551496,0.1739573239,0.0638589022,-0.143723738,-0.001584243,0.1334879526,0.5028636755,0,0.8610613935,0.1177540501,0.8585904873,0.1228236163,2.7656157049,0.0596409229,0.0055887256,0.0,0.0,0,,0,0.0,0.6374693983,6.0,0.0159259477,-0.001731352,-0.069556486,0.5763516667,0.6400294939,,0.2399198696,-5469.092372,0.0286434127,10.476203267,0.0004178116,0.0014261449,0.0164333136,0.0116990073,0.0226454075,-0.033580029,0.0,0.0125687176,1.711105032,0.0535039818,4.0,7.6679067246,-0.041250367,0.0697331806,0,0.0654744878,0.0528354794,0.0260086888,0.0237653991,2.1904643941,0.6316629758,0.0001049881,2.0000002457,0.4025636656,0.1620575049,-0.330099685,0.0350054114
93295,0.287562177,0.0273930063,8.2533571997,0.0131170003,1.0470052214,0.862888897,0.0845649659,0.3237731926,0.3381262823,0.1268567526,0.2857984921,-0.046116514,-1.9838818,0.0817374929,0.0461165141,18,0.0243953862,0.1567164179,0.0589940324,-0.072830977,0.0183883924,0.3352395977,-0.087885853,0.0534666152,0.498080318,0.1872820088,0,1.6793019874,0.0718776511,0.9223460979,0.0425939941,18.657120127,8.0425240055,0.0630399177,0.0,0.0,1,0.413136239,0,0.0,1.5823239748,5.0,45.074191648,-0.041462632,0.0367574869,8.5812518216,-0.796026157,-0.199765702,0.3576649288,226.64338402,0.0587429544,15.72449728,0.0043384499,0.003533096,0.016219205,0.0238769879,0.0344477939,-0.015165356,0.0,-0.000437111,1.3235642984,0.0572924037,6.0,15.88013871,0.1385792315,1.2815168962,0,-0.101630079,0.0228648782,0.0092555196,0.0172165333,0.4468171638,3.4817536723,1.829951e-10,1.5720443e-08,0.7695989253,0.5922825058,-0.071165081,0.0255188027
89270,1.1212618063,0.0560695262,-57.74030526,0.0,11.194198529,0.5550831608,0.0174277303,0.2888950258,0.0440723403,0.1856406847,0.2903732675,-0.014181592,-2.76584022,0.2111488769,0.0141815922,16,0.001202987,0.081871345,0.2385191993,-0.528817778,-0.129013315,0.1524663677,0.4298526586,0.0031670764,0.2743204892,0.5133927365,0,0.8266461717,0.1765809392,0.8094259814,0.1866139992,2.9648676521,0.0666139407,0.0078904612,0.0,0.0,0,,0,0.0,0.4785979695,4.0,-0.077325519,0.0082924902,0.038121311,0.2010389054,0.5124752155,,0.1316112357,-5420.793562,0.0286434127,11.508843944,0.000242061,0.0023516376,0.0268991664,0.0073372244,0.0151614055,0.0029352564,3.0,-0.00044712,7.9778562641,0.0122038741,2.0,10.71117651,0.0229443065,0.2438932259,0,0.0654744878,0.0205562375,0.0096178049,0.0207150958,1.3144732857,0.6127794462,5.6657169e-07,1.7783552e-07,0.082096355,0.0067398115,1.6580469881,0.026560652
88367,0.7330046612,0.0638509824,-47.20734323,0.0489887727,5.2545672836,0.2667635297,0.0305179847,0.0376615995,0.0430722771,-0.009725017,0.039055773,-0.005481287,-0.504675228,0.0960749915,0.0054812865,16,-0.002018245,0.0034482759,0.0039395437,-0.048677827,0.007856616,,,-0.002757073,0.0277759175,0.5176047982,0,0.8837574943,-0.050451861,0.8726963104,-0.046986201,2.5990615426,0.0651088418,,0.0,0.0,0,,0,0.0,0.3484853558,6.0,0.0207996202,-0.000401959,-0.040301758,-0.18721824,-1.29278615,,0.0165373503,-5247.241582,0.0286434127,12.698079595,0.0004705585,0.002908339,0.0251161474,0.0161675337,0.0175644458,-0.003411574,2.0,0.0007513148,0.1813903462,0.0269554458,5.0,11.8582895,0.031233464,0.3976572447,0,0.0654744878,0.0321360603,0.0148235177,0.0230799289,0.4548942282,0.8856957809,2.2534048e-08,5.20544e-08,0.8728257456,0.7618247821,0.0815042124,0.0295383011
90875,0.5603201367,0.1110205618,-3.251810211,0.0,0.9464844211,0.7335888558,0.0957995667,-0.04775546,0.2428840552,-0.023818984,-0.111694165,-0.030729798,-0.427751095,0.1585097287,0.0307297976,13,0.0016637755,0.0790486976,0.1277762964,0.1984219275,-0.014830946,0.7776185015,-0.077400796,0.006890732,0.0822960312,0.2250867268,0,1.3320848687,0.0665842112,1.3146426488,0.0639924238,5.3237202657,3.2697247802,0.1577547614,0.0,0.0,1,1.0,0,1.0,0.7326578703,7.0,-1.546885868,-0.020705289,-0.233983064,0.6743643063,-0.254046024,-0.376040187,0.2459165547,-3906.220371,0.0278203388,13.206669826,-0.000557323,0.0178944832,0.0481462038,-0.002484262,0.1038715535,-0.008939013,0.0,0.0,-0.074012407,0.0025228951,5.0,13.269299503,-0.545852505,1.6190707347,0,-0.111549313,0.3050279915,0.070819495,0.0510563625,0.7387841728,14.843107842,4.8909156e-09,1.0735689e-08,1.0402682374,1.0821580057,-0.581570131,0.0664741345
85418,0.8284856366,0.0830483258,-38.8555105,0.0278889596,8.6014134643,0.38111982,0.0228380676,0.0714424795,0.0377931884,-0.020316623,0.0724948825,-0.001971195,-0.216361416,0.1010167792,0.0019711952,17,-0.000225449,-0.020790021,-0.004599386,-0.128207621,0.0035943706,0.1757933518,0.0887423112,-0.000940538,0.0606371378,0.4755728381,0,0.9388213946,0.0561255954,0.9380000072,0.0566400412,1.8541265848,0.0643764695,0.0117007156,0.0,0.0,0,,0,0.0,0.4258273618,7.0,0.0044426262,-0.000507829,-0.064540055,-0.091737264,-0.886710715,,0.021479138,-5202.630982,0.0286434127,13.010070427,-9.846867e-06,0.0022749048,0.0253634006,0.0041375884,0.0232063676,0.0072014107,0.0,0.0002475248,0.9981975784,-0.000828547,4.0,12.621864251,0.0931755923,0.669424974,0,0.0654744878,0.0185055453,0.0092516352,0.0232732691,0.4241195044,1.7155042731,5.7783062e-09,3.0187997e-08,0.8092928732,0.6549549547,-0.107472054,0.0275289559
85502,0.3238996519,-0.123926176,2.2270665171,0.0,0.2689499126,0.5497612823,-0.108752692,0.461563335,0.594513181,-0.81675762,0.1685432897,-0.091012797,-0.359377559,-0.079389889,0.0910127974,18,0.0021570946,-0.10982659,0.074580082,0.0502742652,-0.076807953,0.5676897006,0.1156732167,0.0090709508,0.8067864422,0.6309141011,0,3.1380188439,1.330214852,2.6667175961,1.7394227617,2.22313733,5.9689244784,-0.41484213,0.0,0.0,1,0.7153929066,0,1.0,1.2423190156,3.0,7.2247896623,0.2124519647,-0.248032286,-0.041713755,-0.939117307,0.0744744517,-0.087080932,-4303.221419,0.0410566741,10.26070808,-0.000393311,-0.086358868,-0.18543355,-0.147065763,0.302810927,0.0002947702,1.0,-0.045845272,0.1995385436,-0.185219966,2.0,9.3913010429,0.7708879496,0.4713563475,0,-0.131569503,0.0792079642,0.0434594494,0.0848292439,0.6834323477,1.0971693933,1.1387013e-06,4.8780111e-08,2.1066437111,4.4379477257,0.1202065037,0.0985150244
13935,0.2571730872,0.0532118632,5.4342717646,0.0073622054,0.122396664,0.2896728863,0.3157218223,0.1667988036,0.5145951205,0.0063129229,0.0642440305,-0.066867355,-0.442883895,0.0767785404,0.0668673547,18,-0.000939685,0.0231958763,0.0674694891,0.2524712578,-0.004729936,0.3132669027,-0.001272881,0.0206133554,0.2228834228,0.4151601266,0,1.9046050276,0.2370481193,1.8627443959,0.2539331308,2.4683332501,10.724500868,0.5422021407,0.0,0.0,1,1.0,0,0.0,0.7917636402,6.0,-10.10986424,0.045903652,-2.418270273,4.0351958565,-0.675759469,0.5741756873,1.0713508184,-3893.219448,0.0288563477,12.61379872,-0.001636983,0.0315838471,0.0461452701,0.0053859092,0.2902468411,-0.020762281,2.0,0.0,-0.508977484,0.0305257755,6.0,10.591823188,-0.103566984,0.1637552844,0,-0.111549313,0.0274509843,0.0135224899,0.0476488818,0.7937739269,1.0535801733,7.6394587e-08,9.2115203e-08,1.1340699245,1.2861145937,0.2377311458,0.0496316989
85440,0.251447928,-0.103936917,1.739198531,0.0,0.78514103,1.8201676691,0.0824089081,-0.322223204,0.3637803788,-0.009198469,-0.287259748,-0.116579017,-1.525304207,0.0545984997,0.116579017,18,-0.086731174,-0.548387097,-0.30306173,-0.088953338,0.1253142614,0.317461992,0.0272485985,-0.208103726,-0.38751896,0.5085522193,0,2.040585468,-0.078043243,1.4483601243,-0.015621258,15.354803468,6.2851230233,-0.031071965,0.0,0.0,1,0.9037423973,0,1.0,1.3231405291,5.0,3.0291454326,-0.28589261,-0.715627627,1.0666023863,-0.757314505,-1.065658247,0.1462473066,-4756.250147,0.0446872923,12.891579781,0.002358638,0.0191061002,0.0830179465,-0.024042336,0.0800538995,-0.026447012,3.0,0.0048622366,0.8611497554,0.0320183253,2.0,12.989228735,0.0697328555,0.7183365066,0,-0.101630079,0.0287770201,0.0167490244,0.0303739305,0.4129989491,0.9335384151,1.570842e-08,4.2390959e-08,1.6437483103,2.7019085077,0.058327158,0.0461300244
85488,0.4168168739,0.0466775806,8.9224976362,0.0,0.2850727682,0.6865059794,0.1094464966,-0.043460856,0.3752531278,-0.011332297,-0.191225941,-0.039875041,-0.613221593,0.0753012809,0.0398750412,18,-0.00370984,0.0362047441,0.0567526375,0.0958002924,0.0130894454,0.2612991409,0.2548708296,-0.004231653,0.0931318852,0.4307815426,0,2.1723316258,0.1625385167,1.247989217,0.1210067156,20.13325489,5.3675071001,0.2789784552,0.0,0.0,1,1.0,0,1.0,0.716121177,8.0,-0.766901679,0.0407710293,-0.072322192,0.7175349949,-1.536271109,0.4422800613,1.0093199516,-1716.149546,0.0352290716,13.776319044,-0.000440638,0.0110291791,0.0185723445,-0.01208785,0.0797478183,-0.055548278,0.0,0.0,0.2180162254,0.029658528,5.0,14.643084647,-0.691741471,2.7710505425,0,-0.095378135,0.0232441369,0.0364837527,0.0304697798,0.6131005639,18.010082367,1.1788297e-09,6.178736e-09,0.9063343002,0.8214418637,0.2588987348,0.0438290406
85459,0.0954588007,0.0410012012,16.902372217,0.0196025076,0.1975998953,1.2280974401,0.2837131925,0.146823661,0.7366375555,-0.024893973,0.1632923513,-0.021177779,-0.141679879,0.0468102465,0.021177779,18,,-0.013275094,0.056303852,-0.027865298,0.0345285343,0.3739006106,0.060782251,,0.1141728848,,0,1.3360698285,0.0194043785,,,27.584056208,8.570974891,0.2514479271,0.0,0.0,0,0.0,0,0.0,2.1970929762,6.0,-4.095819526,-0.27886342,-0.16706916,0.5286405186,-0.905867751,0.7000852635,0.0017297116,5312.5802699,0.2359138598,16.133073939,0.0049520971,0.0409610536,0.1254052926,-0.004925345,0.0431952279,-0.003611165,2.0,0.0004426084,0.845530077,-0.067180309,4.0,16.842199436,-0.054160729,2.1999901938,0,-0.179026286,0.0151127074,0.0145733361,0.0176468452,0.4109300725,4.7040860483,7.596767e-11,1.0925563e-08,0.5087882894,0.2588655234,0.4768090484,0.0245343972
88635,0.9500704258,0.0590436609,-19.70583912,0.0188326234,8.5702294139,0.4522243049,0.0254582197,-0.003987773,0.0414448183,0.0072023725,-0.010656253,-0.033628362,-5.433148734,0.3798366521,0.0336283619,17,-0.026271826,-0.548387097,-0.155847176,-0.194859425,-0.025226293,0.1291979673,0.3041632433,-0.027777574,0.084023984,0.4895293742,0,0.8117523355,-0.026891705,0.8068932746,0.0130168515,1.0557049907,0.0781726913,0.008965879,0.0,0.0,0,,0,0.0,0.4520008883,5.0,0.0287941655,-0.006920193,-0.691148878,0.0298475249,5.6039902219,,0.3002990109,-5370.035502,0.0286434127,12.163546074,7.12081e-05,0.0018687826,0.0185992467,-0.001553824,0.0315383457,-0.063452226,1.0,0.0022714367,-0.729063988,0.0217440656,4.0,11.315186486,0.5231592336,0.4298257971,0,0.0654744878,0.0935185403,0.024744749,0.0275338887,0.9114214902,2.812306897,3.6749702e-08,3.4842388e-08,0.3697021807,0.1366797024,0.2728850511,0.0238257992
85517,-0.133496582,0.0378176129,15.575681011,0.0136310651,0.3350080806,0.235975205,0.4937475572,0.1632717614,0.6164134416,-0.022186599,0.0661631459,-0.103710916,-0.513842582,0.0572499128,0.1037109161,17,0.0,0.2233455882,0.0459808183,0.0260335489,0.0423073899,0.0905457321,-0.146707082,0.0354604958,-0.053149793,0.5031375083,0,1.7562094574,-0.002605939,1.7562094574,-0.002605939,3.5274270636,7.8060762101,0.1232139809,0.0,0.0,1,0.1805322204,0,0.0,-0.664869245,5.0,6.0770074512,-0.232961589,0.0708609846,-53.95238753,-2.268634138,1.1668658661,-1.205367803,870.28381242,0.0207317787,14.864793542,0.0064846195,0.0589516263,-0.107451481,0.0097691476,0.2795617611,-0.024322703,2.0,0.0,0.5438797795,0.0164291309,6.0,14.561123886,0.0956282455,0.7776341878,0,-0.142502855,0.0142207053,0.0112673845,0.0165155094,0.5620462683,1.8944228612,9.616031e-10,3.0437179e-08,1.0601243432,1.123863623,0.1745667655,0.0261383038
87139,0.6011414408,-0.017720609,1.400531898,0.0,0.2486926319,0.7216113736,0.0595461014,-0.05785078,0.3311247216,-0.067498712,0.1437832832,-0.131246237,-6.502840909,0.0975136899,0.1312462372,15,0.0211003125,-0.044693383,0.0199231536,0.0466107517,0.0688721595,0.2122032818,0.1005033202,0.0219933185,-0.122307975,0.5451095089,0,3.3303647159,-0.257675194,2.2069550466,-0.319969258,4.0606232295,11.559677419,0.2116859272,0.0,0.0,1,0.9995002499,0,1.0,0.4324880559,4.0,3.0740974979,0.038815693,-0.211933913,1.4162958991,-1.009300791,-1.065658247,0.1891624967,-3132.784447,0.0446872923,14.645310505,0.0004578493,-0.005030983,-0.007177871,-0.024496475,0.1528450173,-0.021910748,0.0,0.0007122507,2.4218891466,0.169100076,6.0,15.298377938,0.2807914071,2.0863870159,0,-0.101630079,0.0099132499,0.002012567,0.0040210625,0.6695766596,6.6189620821,9.09743e-11,1.0896764e-08,0.8962660735,0.8032928745,0.0744515911,0.0401324153
85424,0.4168245153,0.0698657542,5.1491541487,0.0,0.0683081756,0.311635234,0.2416948127,0.0391786389,0.3216557724,-0.042803757,0.3372675203,0.041773461,0.2845979148,0.0499821063,0.041773461,18,0.0170226203,0.0314751612,0.0671559839,-0.272106262,0.0895692859,0.1006542283,0.0456718711,0.0381482448,0.0025555185,0.6530515715,0,5.6742280082,-0.248968063,3.6980145186,-0.256762891,3.1166435112,2.4892364296,1.3451001394,0.0,0.0,0,,0,0.0,0.3611461348,5.0,7.1637888962,0.0032618457,-0.106730535,0.0512111088,-0.573199473,0.0830275912,0.0422910634,-1463.681929,0.0410566741,14.715823412,-0.00258427,0.0350964137,0.0385910618,-0.018069209,0.2760332935,-0.032223521,1.0,0.0029199588,0.3139494816,-0.009689153,5.0,15.914232103,0.2807537356,3.5289318615,0,-0.131569503,0.0558722988,0.024627576,0.0359006224,0.3580606536,5.1969515974,7.646435e-10,7.6441825e-09,1.3998012319,1.9594434887,0.0598782239,0.0344056828
13265,0.4267897415,-0.018120935,3.0799335199,0.0,0.1752186351,0.4919694694,-0.040760792,-0.061577249,0.2903993546,0.0088005057,-0.025790439,0.0034648881,0.1188861121,-0.020275262,0.0034648881,6,-0.001945748,0.1764705882,0.2537921256,0.0184673962,-0.042502007,0.5397326853,0.3508954401,0.0103166599,-0.075519556,0.4244354031,0,3.4905706192,0.1948744112,2.9368676649,0.1929660028,3.3259709587,6.4070267082,0.059797759,0.0,0.0,1,0.4041118975,0,0.0,0.3940077636,2.0,-0.392800693,0.0178260888,0.1231175428,-0.15349563,-0.667457716,-0.828671483,-0.316295646,-795.5949297,0.1700891678,12.068808627,-0.001262228,-0.00063222,-0.000948157,0.0322419148,0.0738523611,-0.010963839,2.0,0.2321083172,0.3222258305,-0.000455664,3.0,12.791129579,0.1977496697,1.6638580365,0,0.0482077756,0.0449871346,0.0214778156,0.0342471871,0.4515574149,2.8084964186,1.9794899e-08,1.9018231e-08,1.5553960824,2.4192569731,0.0087416438,0.0636103795
87114,0.919523571,0.0485657346,-14.09099596,0.068554159,7.1884376842,0.2778315342,0.0204315821,1.0276439663,0.0636357138,0.9426707861,1.0141005197,0.0013503551,0.1683111188,0.0403915814,0.0013503551,17,,1.6666666667,0.5226525786,-0.485491657,-0.046804184,0.1559657461,0.7587115702,,1.1401467471,0.5803654267,0,0.9853455223,,0.9846542361,,0.5739675115,0.0479143027,0.0129954502,0.0,0.0,0,,0,0.0,0.5922452307,4.0,-0.099119789,0.0017161276,1.4740690676,-0.00069933,4.8251598326,,-0.03914606,-5141.626282,0.0286434127,12.87827402,0.0002699867,0.0025508146,0.022299838,0.0028911165,0.0360414482,-0.00491887,1.0,0.0024061598,-0.40950651,-0.008837351,0.0,11.761852315,-0.020466386,0.429454023,0,0.0654744878,0.1205962151,0.0297621148,0.0271980035,0.4074993108,0.9657883288,1.596924e-08,4.0422814e-08,0.8000922609,0.640147626,-0.098811323,0.0312961794
85464,-0.07474851,-0.154895896,12.355545813,0.0,4.1593614075,3.2084454286,0.0306512549,0.0306171593,0.250967461,0.0125018715,0.0355100132,-0.135584667,-3.523492576,0.3908786442,0.1355846667,18,0.0007107719,0.0555555556,0.0568792664,-0.004099101,-0.017834584,0.1822179659,-0.010244767,0.0807681833,0.4574759129,0.3981978187,0,0.9101837282,0.1536663919,0.8595774713,0.1531186807,230.5734327,9.3410414891,0.074830871,0.0,0.0,1,0.258765483,0,0.0,-4.428422697,4.0,-0.758464218,-0.050686712,-0.203519654,8.6454702029,-11.13982674,0.50045689,0.2998681552,-7578.306599,0.0257826007,12.571201314,-0.000141638,0.0034933874,-0.122089933,0.020189156,0.0030560117,-0.000427143,2.0,0.0,0.113399916,0.0299774092,3.0,12.195167876,0.0719073418,0.6651343091,0,0.080304809,0.0318379551,0.018339243,0.0379229961,0.3780487287,0.9409474199,2.2620774e-08,4.1030758e-08,0.9144403046,0.8362010708,0.1744048657,0.0383941089
89615,1.2561765178,0.1008897201,-10.34849162,0.0281321306,14.559695586,1.0812929624,0.027053121,0.0263762698,0.0471950282,0.0017497813,0.0235297769,0.0104409166,2.0923490735,-0.110206792,0.0104409166,15,0.0218914747,-0.010471204,-0.112461329,-0.179471851,0.0532727993,0.0477308722,0.0413541892,0.0222557332,0.079020979,0.6298856996,0,0.9603982531,0.0239616518,0.8840994591,-0.000895046,0.5949071002,0.0770096356,0.0068129844,0.0,0.0,0,,0,0.0,0.808961409,4.0,-0.018275674,-0.004700942,-0.054221238,0.3359536169,-0.734061035,,-0.189744433,-5465.317897,0.0286434127,11.296529458,0.0003676971,0.0021003825,0.0245638043,0.0138790194,0.0987932781,0.0112238546,0.0,-0.002309469,-0.437128249,-0.013289167,2.0,9.375312245,-0.263826982,0.1739792204,0,0.0654744878,0.0220820419,0.0123078537,0.015318303,2.1904643941,0.4633055557,2.16875e-05,1.0000002621,0.1376395861,0.0189446557,0.88847983,0.031190183
87837,0.4605093512,0.0457595402,2.6763762647,0.0236017561,0.2385455384,1.2609132801,0.0487515301,0.4155479186,0.1060667369,0.0194781573,0.0410974451,0.0150944609,0.1967517124,0.0367562723,0.0150944609,15,0.0025723458,0.551048951,0.1623719502,-0.028726894,-0.146093869,0.9282038345,-0.038401434,0.025455906,0.7400651634,0.3739098555,0,9.4328378079,0.2785550926,9.1705790992,0.286368708,8.9366554464,8.8948074769,0.3033708523,0.0,0.0,1,0.20990827,0,0.0,0.1617759619,5.0,1.4117052028,-0.145199729,0.4631883786,0.0259657506,-0.978788529,-1.030986977,0.0087517381,-6328.521414,0.0558672041,13.106119136,0.0326291422,-0.005057908,-0.007361821,0.1512749027,0.2033552877,-0.0017292,0.0,0.0,0.2557977046,0.0080750901,3.0,11.818662315,0.3014089427,0.253303191,0,-0.168614603,0.0566801056,0.02550676,0.0434188487,0.4144535416,0.6998756918,3.6173675e-08,7.5833595e-08,1.4486773981,2.0986662037,-0.105541857,0.0555984565
85427,0.4483690486,0.0426377184,-23.21888517,0.0078156619,1.4502995006,4.5560289117,0.0871077964,0.0843083793,0.379093164,0.0010282142,0.148182225,-0.026450043,-1.132037332,0.0909052074,0.0264500431,18,0.0036143837,0.0406602954,0.1142903787,0.0349930721,0.0059312614,0.0445544346,-0.009624537,0.0508077282,-0.055222547,0.4053917006,0,1.0587972421,0.0035088529,0.2776292254,0.0909229866,242.53542404,25.561860496,0.0457357885,0.0,0.0,1,0.4675225036,0,0.0,1.3098268409,6.0,-0.001680294,-0.009874274,-0.095526416,-0.070175902,0.4627856351,0.6419153575,0.0123890866,-4872.313542,0.5457032371,14.229041183,0.0025408144,0.010518539,0.0450738982,0.0862743124,0.0051183001,-0.00886658,0.0,0.0003523194,0.9157875543,0.014508225,3.0,15.537495037,-0.343974685,4.4788564532,0,-0.191138643,0.0704839155,0.0324721255,0.038760428,0.4397387112,10.436267744,8.64586e-10,4.5874604e-09,1.3064841699,1.7069008861,-0.054024378,0.0351009642
85419,0.1947748051,-0.033286136,9.0375368319,0.0,1.0437644255,0.5254024638,0.0184153401,0.204080483,0.1220416096,0.0087363495,0.2874885764,-0.085730108,-2.919588825,0.0638956945,0.085730108,18,0.0,0.0931886893,0.1061360831,0.4702518941,0.0377195961,0.0662261139,-0.004468557,0.1449535845,-0.106210826,0.5073506936,0,1.116628313,0.2412032097,1.116628313,0.2412032097,7.4016520894,64.457515234,0.0377360456,0.0,0.0,1,1.0700371232,0,0.0,0.3781386515,4.0,-0.029149524,0.1405068575,0.0385943447,-0.032412323,0.2148206154,-0.390479826,0.0018214318,-1083.97704,0.657203399,13.305678414,-6.8201e-05,0.0031139707,0.0213450901,0.0100598803,0.0498664274,0.2304044817,2.0,0.1421446384,-0.084053276,0.0526864673,2.0,13.696744479,0.0224772395,1.6118608587,0,-0.001967192,0.0570801832,0.0174209244,0.0299062799,0.3948942999,1.8364059468,4.9293518e-09,2.2120295e-08,1.4607836737,2.1338889413,0.1457019735,0.0291060446
85540,1.0377255119,0.041412338,-145.6616,0.0,2.436399028,4.6591297286,0.0360251338,0.101735258,0.4166410729,0.0160049246,0.1494602402,0.0942291065,7.1399454114,-0.270308159,0.0942291065,17,0.0566738514,-0.01703163,0.0315560392,-0.239073253,0.0893556182,0.2675348118,0.2160927936,0.0702293202,0.017699115,0.5129660604,0,1.5516269291,-0.094888881,0.7032825266,-0.093067428,385.52,5.1234163197,0.0915682252,0.0,0.0,1,0.3473708172,0,0.0,1.1969026549,4.0,-0.061843563,-0.030024526,-0.025225031,1.2021775117,-0.438858714,2.0580357788,-0.247143997,-4120.434614,0.1879227517,9.9996835561,0.0008823871,0.0052565707,0.0166772554,0.024636595,0.0067314331,0.0108921831,1.0,0.0001579269,1.0467335454,-0.010719519,1.0,9.4539216134,0.7660664321,0.2639383155,0,0.0081788241,0.0234741941,0.0114090629,0.0125813023,1.3462676672,0.7366846011,1.8319481e-06,1.4107753e-07,-0.050958073,0.0030961438,0.6385419196,0.0485262527
85621,0.0842382553,0.0395956499,80.563172537,0.0,0.1509550424,0.2910176843,0.2494564277,-0.06675387,0.64663216,-0.042188083,0.0589176747,-0.038766159,-0.238501542,0.0490392735,0.0387661587,18,-0.002827054,0.048,0.0449820343,0.1115232821,0.0122269163,0.1222319547,0.0610100784,-0.001979265,-0.230422479,0.3893574503,0,1.2512041715,-0.227653808,0.9499315058,-0.238259631,29.156644735,5.7064028757,0.3196752499,0.0,0.0,0,0.0,0,1.0,1.4625336345,7.0,-10.02743476,0.0804953664,-0.034562152,0.0568801121,-0.979264019,-0.038897261,0.122232516,5428.2728767,0.0318276958,16.079121831,0.0005798463,0.0423763287,0.1358209617,-0.003202462,0.0600419957,-0.020078654,2.0,0.0002809581,0.2692435863,0.0429603934,6.0,16.212206202,0.1699917103,1.3174259128,0,-0.095378135,0.0232784674,0.0113112864,0.0225607432,0.2987034867,1.6593818544,1.620452e-10,1.9056859e-08,0.8963625574,0.8034658342,0.0452820164,0.0197736286
92593,0.8005894913,0.0769389385,-62.84342091,0.020221291,6.6777241294,0.3311381795,0.0275176952,0.0256856983,0.0392919854,-0.014854987,0.0192549845,-0.002667402,-0.256019868,0.0966368354,0.0026674017,9,0.0003318783,-0.005319149,-0.01367202,-0.048034534,0.0378181441,,,0.0060835748,0.0826611091,0.4760179509,0,0.8246924834,0.0081094154,0.8227635385,0.0076569716,3.4053996326,0.0702050572,,0.0,0.0,0,,0,0.0,0.3874146144,5.0,-0.010210278,0.0007971815,-0.049069183,-0.11963341,0.9551286354,,0.0170991942,-5257.746462,0.0286434127,12.688538939,0.0002239928,0.0026056904,0.0273954369,0.0462845939,0.0309654442,-0.330032634,1.0,0.0003417635,0.6045020365,-0.030185691,5.0,11.226618474,-0.122654153,0.2524501225,0,0.0654744878,0.0611337386,0.0201344725,0.023870838,0.9017364521,2.3173317808,4.4854621e-08,6.3506939e-08,0.8772360745,0.7695431303,-0.029192136,0.0265458562
85572,0.5564059705,-0.877569573,3.3467317806,0.0205272573,0.1802879681,0.0033430105,-1.178450579,-0.450988474,-0.516652952,0.0724293114,-0.173655914,-0.237522769,-0.283231972,-0.629013812,0.2375227687,18,0.0,-0.548387097,1.0357142857,,-1.415832764,0.3441615452,0.3134328358,0.0009961454,-0.509512977,0.1540461258,0,0.6118200134,-0.755701903,0.6118200134,-0.76218964,0.0428249437,,-4.289372976,0.0,0.0,0,,0,0.0,-0.800330886,3.0,74.77710871,0.0019762849,-0.832562152,0.5290478273,-1.916147304,0.1809489431,-0.555820569,-3097.054403,0.0318276958,9.5557983445,0.0,-0.305513595,1.0433494835,-0.00110165,0.0039215686,13.766666667,1.0,0.0524733502,-0.791326695,-0.005711469,3.0,8.0980651257,-0.491355634,0.293632696,0,-0.095378135,0.0737704188,0.047418621,0.0877587529,1.0627976163,1.0823624778,5.2301853e-06,7.8078556e-08,0.8631476133,0.7450238023,0.7198885311,0.1295870868
85627,0.4842248776,0.0715815678,-183.1412575,0.0037999042,1.8276268436,6.6796818713,0.0729469734,0.0432506219,0.4476643386,-0.03401438,0.0323630756,-0.019919141,-0.629988129,0.1166771058,0.0199191409,18,0.009484297,0.021978022,0.0400231003,-0.010397922,0.0093719936,0.0728870451,-0.052576381,0.0470160627,0.0864987395,0.4446227914,0,1.0740452676,-0.011304309,0.2776292254,-0.016347638,1031.9492386,24.723783179,0.063310717,0.0,0.0,1,0.3576049339,0,0.0,2.1054659173,6.0,0.0028833708,0.0160018112,-0.114208689,-0.034320073,-0.070309782,0.0449426009,0.0381609849,-5676.697922,0.5457032371,13.35961754,0.001022818,0.0082744745,0.0395413709,0.1361431568,0.0007571966,-0.000476511,2.0,0.0034280118,1.4082802217,0.1072960105,4.0,14.194954899,-0.315040616,2.7472550238,0,-0.191138643,0.1525423974,0.0433294666,0.0426315479,0.4691024646,6.1851044862,2.6141527e-09,7.0839469e-09,1.300684598,1.6917804235,-0.080902003,0.0345466452
85539,1.227052429,-0.349226513,-3.474699276,0.0,0.1442022586,0.6837074913,-0.190261288,-0.174860407,0.1401707207,0.0091597762,0.1045751634,-0.266057143,-1.155379094,0.0542624993,0.2660571429,18,0.0043428571,0.0,-0.09990522,0.3622714516,-0.307783437,0.5960193653,0.1878901038,0.008231179,-0.198683569,0.3155563723,0,5.593175853,-0.102243616,2.4146981627,-0.273880516,6.3990516596,4.65353902,-2.327057453,0.0,0.0,0,,0,0.0,0.1521035035,3.0,-0.047988017,-0.043534884,-0.010622285,0.8691963682,-0.681739699,-0.302504491,-0.016674231,-2737.073343,0.1711251104,10.1499941,-1.8915e-05,-0.01242591,-0.014234789,0.0207423249,0.1233241607,-0.007224382,1.0,-0.037881658,-0.166127106,0.0618787371,3.0,9.3998443855,-0.187499997,0.2615515772,0,-0.067940389,0.0694340169,0.0313041105,0.0486524666,1.0615606486,0.8144414537,2.5187484e-06,1.3878821e-07,1.2430012669,1.5450521496,0.0702945215,0.0851361637
85571,0.2372776485,0.0083772541,3.0627188144,0.0,0.0686288969,0.0842987311,0.0058703726,0.4059332466,0.007342349,0.1448088779,0.0159158652,-0.067610622,-2.112471655,0.0260739659,0.067610622,18,0.0,-0.173913043,3.499465812,2.7026186714,-5.666820324,0.2135579937,-0.451208265,-0.018840415,0.5815469935,0.7497982141,0,18.238743455,0.7100273461,18.238743455,0.7100273461,0.3719719703,148.08907823,0.1382340633,0.0,0.0,0,,0,0.0,0.0106484002,7.0,53.134079795,0.2102623224,-0.382536284,-8.583125027,4.5605231131,-0.42660587,-8.731278018,-5020.940477,0.0248274717,12.825070619,0.0013191615,-0.070306247,-0.095113264,-0.100828891,0.6605556854,0.1634895673,1.0,-0.001748252,-0.007045543,-0.043880368,4.0,13.741984213,-0.759395189,2.8528722157,0,-0.25352422,0.0800822079,0.0358106281,0.0586613408,0.3090987244,4.4121003682,5.6742017e-09,7.4100944e-09,2.002020494,4.0080860585,-0.071312574,0.0802145739
85798,1.0770857775,0.0546647997,-82.1388488,0.0088304676,11.451981178,0.5731604244,0.0250883117,0.1161317148,0.0420107471,0.0073449989,0.117336703,-0.009088125,-1.974615385,0.162606754,0.0090881251,16,0.0026959904,0.0149253731,0.0592966777,-0.145754733,0.074161304,0.0921387283,-0.050792054,0.006145219,0.1034787291,0.5813710563,0,1.0403037511,0.1100713031,1.0305955005,0.1077497947,4.5747608659,0.0584583516,0.0065822363,1.0,0.0,0,,0,0.0,0.4831448573,7.0,0.0275504746,0.0006892347,-0.028824661,0.1568628766,-0.05507808,,0.0830691128,-5450.920222,0.0286434127,11.049177414,0.0003098412,0.0015338784,0.0184020589,0.0123069392,0.0128427888,-0.027123342,1.0,0.0061879428,0.089156872,0.0561405271,3.0,9.4284713815,-0.144829274,0.1834901625,0,0.0654744878,0.0302307177,0.0144153498,0.0187707682,1.1830558298,0.9939712721,6.1221655e-07,9.4638092e-08,0.2031116711,0.0412543509,2.8223223692,0.0271381028
85593,0.2266940874,0.0390134743,7.9993141593,0.0,0.2942104384,0.2166753651,0.0960249944,0.2182851174,0.2278597202,0.0321361059,0.3463649647,-0.134138076,-2.079407211,0.120138374,0.1341380762,18,0.0,0.16,0.1471582602,0.1323922448,0.0491857364,1.4580712788,-0.053586645,0.003086029,0.2309061944,0.1420648602,0,11.227447217,-0.752884696,11.227447217,-0.752884696,3.4719303097,5.620998433,0.1990002861,0.0,0.0,0,0.0,1,0.0,0.6334457876,5.0,1.3901944273,0.0169071209,0.0721394275,-0.207849513,-1.264198819,-0.239795846,0.0921338398,4529.158986,0.0558672041,16.034529494,-0.000769879,0.014025629,0.0406246464,-0.002943791,0.0946889266,0.012830283,0.0,-0.000467864,0.4316145807,-0.054487244,5.0,16.870921199,0.1477054566,2.3640761664,0,-0.168614603,0.0386232808,0.0183108973,0.0231909174,0.2206697587,2.1297210515,1.850937e-10,1.016367e-08,1.7220777001,2.9655516052,0.0124674246,0.0226708484
85567,1.5950752388,-0.179767046,-3.103748083,0.0,0.0959499241,0.467396522,-0.201267722,-0.135047579,0.0235136034,7.6063e-05,-0.32283893,-0.064262755,-0.65169572,-0.062613631,0.0642627547,18,-0.063712932,-0.148825065,-0.641778382,-0.771340169,-0.285151665,0.2063116787,0.1964777326,-0.057081124,-0.120373689,0.5937460999,0,14.712860629,0.4079866584,5.7563513707,0.3699480305,2.0993172711,2.6466350652,-0.606906141,0.0,0.0,0,,0,0.0,0.0246554374,2.0,-1.322488811,-0.420872766,-0.257352001,1.8957933598,-1.632364814,0.620361612,0.8714050393,-2930.342096,0.0352290716,12.292461733,-0.015769636,-0.041621409,-0.043524268,-0.056599551,0.131661054,-0.251458071,0.0,-0.034757422,1.5787366527,-0.311592666,2.0,13.154788682,0.3539931535,2.5746548619,0,-0.095378135,0.0708301812,0.0305618845,0.0582765687,0.3368838712,2.353934307,2.1725397e-08,1.3690638e-08,2.3513839199,5.5290063389,0.0231951054,0.0700425051
85576,0.7759516758,-0.282583848,0.0237341843,0.0,0.2089463886,0.6146764327,-0.810210739,-0.269799085,0.2698224231,0.0074233249,-0.280474255,-0.039020031,-0.161122328,-0.23705328,0.039020031,18,0.0,-0.187103594,-0.242410134,0.1377141905,-0.12345824,0.7360290497,-0.090288823,-0.036504357,-0.266870151,0.7243634014,0,3.6820201305,-0.011603067,3.6820201305,-0.011603067,0.966024761,10.2387101,-0.94334954,0.0,0.0,0,,0,1.0,0.3438532833,2.0,-10.29996953,0.097263661,-2.628569743,4.553974445,-1.496334962,0.1119278668,0.7575189977,-3980.284598,0.0288563477,12.02913448,-0.007216653,-0.107322164,-0.142546649,-0.022486522,0.6389641588,-0.038084684,1.0,0.04400978,-0.558399687,-0.064333831,3.0,10.626510461,0.5846945275,0.2640578369,0,-0.111549313,0.0360577181,0.0144890685,0.0235330409,0.7534345887,1.3246014423,1.3107436e-07,1.108165e-07,1.1706258018,1.3703647678,0.0508316173,0.0451351615
85522,0.298681391,-0.126304828,3.3612702036,0.0,0.0867572331,0.4003551034,-0.463816538,-0.234527986,0.502414039,0.0404109325,-0.386655232,-0.136659762,-0.480925122,-0.065561663,0.1366597616,18,0.0249345659,-0.14213198,-0.236590331,0.3285493418,-0.026005143,0.5169860887,-0.002752822,-0.071202105,-0.175098502,0.6675681436,0,4.0715352592,0.3406416918,3.3242762259,0.2341845398,2.1896945248,13.299830741,-0.922813583,0.0,0.0,0,,0,0.0,0.6986853038,2.0,2.8130730205,-0.150470912,-0.30937251,1.1138358493,-0.092233758,-1.065658247,0.0260871436,-4707.010607,0.0446872923,13.176551481,-0.004339212,-0.053230759,-0.06785582,-0.002732693,0.4988767015,0.0292698946,0.0,0.0,0.3921864277,0.0946531231,4.0,13.468614847,-0.243741021,1.197616342,0,-0.101630079,0.0305466335,0.0202779359,0.0424053145,0.3496015631,2.0441326472,7.8366018e-09,2.1656069e-08,1.8596666322,3.4583599829,-0.106720987,0.0614248503
85526,0.6966990206,0.0802339122,-14.57431507,0.0,0.9554333106,1.6570967589,-0.006714131,0.0017245731,0.3742744174,0.0037151703,-0.080840006,-0.042236651,-0.914467698,0.1536052331,0.0422366513,18,-0.004118599,-0.012578616,-0.076716564,-0.245275516,0.007567071,0.0881230846,-0.119927942,0.0195171195,0.1427373967,0.5317668276,0,0.7192303558,0.0231335505,0.5616467806,0.0444136853,51.821917808,5.6547085202,0.183568161,0.0,0.0,1,1.0,0,1.0,1.0311339959,7.0,0.6959098873,-0.585577959,-0.188487931,0.366837033,0.7941959468,-0.857962689,0.2399021332,-2283.317003,0.0767661838,9.039827184,-0.001051569,-0.030431433,-0.062193842,-0.105348076,0.0183917699,0.1125499217,0.0,-0.022412931,1.2092906843,9.46922e-05,4.0,7.8364250895,-0.041960837,0.1450419339,0,-0.045482084,0.0485437587,0.0310892022,0.0423464489,1.2287332718,0.3890580157,2.33798e-05,2.8639652e-07,1.2034326839,1.4482502247,0.0591018704,0.0744932159
93285,1.1402388601,-0.655670436,-1.46287213,0.0,0.2969205121,0.0081858658,-0.833042627,-0.248227984,-0.042747034,0.2212676024,0.0117507418,-0.007572369,-0.019338044,-0.642991053,0.0075723692,18,0.0218017662,1.6666666667,-0.744329897,-0.723489362,-0.012149252,0.1146016327,-0.478241055,0.0142490115,-0.29537627,0.6285989141,0,2.9181384248,-0.250860531,2.5608591885,-0.329179756,0.02739247,0.167140825,-1.828544457,0.0,0.0,0,,0,0.0,-0.050499397,3.0,26.108853091,-0.05283758,1.4740690676,0.2941432104,-2.000750947,-0.258104017,-0.468590913,-716.0204331,0.1121772916,10.986421561,0.0,-0.305513595,-0.653914937,0.1205897567,0.0676400679,-6.243186416,0.0,-0.787671233,-0.537445094,0.0105431899,1.0,10.151351007,1.3574927177,1.0132640611,0,-0.172615822,0.3387096822,0.1039047565,0.108079172,1.034487529,8.922920922,2.2574666e-07,1.4357839e-08,0.4339653347,0.1883259117,2.8223223692,0.1584951944
85686,0.3815359055,0.137940315,0.8473390938,0.0,0.3628709043,0.4086671057,0.9227535636,0.3979372971,0.7488032116,0.0335192609,-0.066316127,0.2125872739,1.4243788042,-0.058538946,0.3077416255,18,-0.002769493,0.1134020619,1.9087068291,1.467270241,0.027312658,1.7044649185,1.3072938517,-0.002229418,1.6521438552,0.8308636721,0,10.741404198,3.2792663029,10.594340771,3.428478885,0.697773313,12.157811137,0.4006017928,0.0,0.0,0,0.0,1,0.0,2.6053734645,5.0,47.634596353,0.1979303133,-0.095221178,-8.438866771,-0.320581768,-0.488470661,-8.81589093,-4592.155727,0.0248274717,13.875554483,-0.015554203,-0.008908652,-0.03404816,0.0468139215,0.1265852141,-0.037547643,1.0,0.0222811671,0.2275113775,0.1531635718,2.0,15.555561698,0.2407782218,7.223013301,0,-0.25352422,0.1300000548,0.0421814136,0.0526221447,0.6766622853,37.695747302,7.942128e-10,2.4498517e-09,1.1940345596,1.4257185296,0.1681034568,0.0743422391
85725,0.9080152904,0.0908655603,-6.278403852,0.0298076721,8.9051340293,0.7806371717,0.0423099458,0.0160222876,0.0618846191,0.0088521688,0.0088330737,-0.016503504,-1.768265025,0.2515399527,0.0165035039,16,-0.010348425,-0.028391167,0.0354771946,0.016807045,-0.003885812,0.0734414801,0.2237745482,-0.011838783,0.092366811,0.5817231181,0,0.9715495843,0.0032276722,0.9431956503,0.0185778809,0.6327916189,0.132549694,0.0125222782,0.0,0.0,0,,0,0.0,0.7190568527,6.0,-0.036536606,-0.007790057,-0.072141201,-0.012207611,-1.273216264,,0.1720023114,-5362.611762,0.0286434127,11.810234761,1.13982e-05,0.0025325288,0.0275956761,0.0083506004,0.1058818047,0.0095607693,0.0,0.0014793416,-0.576058152,0.0220788131,6.0,10.51392683,-0.057006413,0.2193897258,0,0.0654744878,0.0155125121,0.0072793787,0.0136357681,0.8563220137,0.5452488353,1.3759412e-07,1.4041606e-07,0.5454810563,0.2975495828,0.0605738542,0.029382535
85675,0.5745484313,0.0209932728,-3.014748234,0.0017100707,1.2308840406,0.6159554592,0.0898088567,1.5361184677,0.2195414574,0.487126387,2.7055302958,-0.09273323,-6.459678003,0.1566030551,0.0927332296,18,0.0004051176,0.6935483871,0.5027187836,-0.882638867,-0.196318598,0.3344121298,0.7202055466,0.0032259783,0.9797447517,0.0933127226,0,2.0507436601,-0.126642186,1.9809252495,-0.075723857,7.4299764542,6.1148627506,0.0561842714,1.0,0.0,1,0.4036455743,0,0.0,0.5334056533,3.0,-355.6597549,-0.082305761,0.5131714003,-1.784867095,-1.076141916,-0.276840026,0.0192347615,-403.3800278,0.2277833408,15.305446975,0.0069163495,0.0075265983,0.024550861,0.0392721904,0.0344225725,-0.004588155,2.0,0.0011581521,-0.0606049,0.1436384432,4.0,16.174560176,0.0378654688,2.3928367215,0,-0.166303822,0.0310825258,0.0153569444,0.0290016456,0.2942832359,2.3081570305,4.106223e-10,1.1698034e-08,1.0527614863,1.1083067469,-0.025816007,0.0364861563
85645,0.3597777124,0.0586683913,4.5015610423,0.0206578843,0.4766187059,0.9912479188,0.1259275916,-0.050186567,0.3059701493,-0.040222847,-0.016035483,-0.071954837,-1.05915493,0.1208073072,0.0719548369,18,-0.004592862,0.0088495575,-0.098451826,-0.014317211,0.0923912202,0.0940665702,0.0453996151,-0.013059701,-0.094425957,0.5205731683,0,2.9736477115,0.1013510043,2.0041608877,0.1022212796,9.7687296417,7.8713910761,0.1891659501,0.0,0.0,0,0.0,0,1.0,0.6509983361,5.0,24.396676861,-0.068341281,-0.077697635,0.1653815295,-0.371496272,0.3955984866,0.1241432869,-4906.546335,0.0457936334,15.929955225,0.0016362253,0.019725777,0.0490900819,-0.003331538,0.1342762675,-0.049719014,3.0,0.0016034818,0.0489922844,0.0324411187,7.0,16.245477349,0.0117867921,1.5440843486,0,0.0957318355,0.0639111623,0.0180075262,0.0172232483,0.3597219774,2.6900770782,1.821492e-10,1.2449081e-08,0.8604261204,0.7403331086,0.0733656207,0.0258571356
85710,0.2849852787,0.0394012284,5.8052345065,0.0087114935,0.0416795172,0.2308046194,0.1745932533,-0.015472028,0.4154911741,-0.02711345,-0.027002394,-0.052293073,-0.436954185,0.05661776,0.0522930727,18,0.0437952977,0.0498220641,0.0049209281,-0.346953878,0.0253997861,0.2291307932,-0.120803728,0.0785208438,-0.013762749,0.5551291671,0,4.8207396664,-0.12389049,3.6600253807,-0.215385376,1.9899077492,19.988366762,1.276209267,0.0,0.0,0,,0,0.0,0.4770842207,6.0,3.1079352955,-0.089035961,-0.117418466,1.100139737,-0.081384404,-1.976408521,0.1482665668,-3607.950287,0.0446872923,14.144595936,-0.000860582,0.0230481723,0.0269195966,-0.001055974,0.3188177153,0.1189665429,2.0,0.0005928385,1.092161569,0.0651325604,6.0,14.031270724,-0.069889974,1.0800175914,0,-0.101630079,0.0616061427,0.024064553,0.0326480982,0.4008817944,3.1480618759,2.390461e-09,1.7065177e-08,1.3452177552,1.8096108089,-0.092648603,0.0397658237
85663,0.1798781856,0.0540836415,31.338827722,0.0,1.06855254,0.5693805596,0.1156252539,0.1100525332,0.3016650343,0.049191223,0.1370563786,-0.106422483,-2.335185185,0.18037896,0.1064224829,17,0.0006751625,0.0548523207,0.1473259334,-0.021828295,0.0278388255,0.1850760161,-0.01963847,0.0877927166,-0.01750547,0.3466251704,0,1.0460081191,-0.012359441,0.9932341001,-0.011378442,35.981012658,6.0478723404,0.1728505885,0.0,0.0,1,0.2904223836,0,0.0,1.5935448578,6.0,-10.10944487,0.1359846605,-2.386613828,3.9579009548,-0.733345221,-0.6552679,1.174951238,5750.1132216,0.0288563477,15.594427731,0.0011215253,0.0170567235,0.1480716253,0.0010763758,0.0135735831,-0.026458714,1.0,0.0039966694,0.638512483,0.1271949867,5.0,17.014145547,0.1189602011,5.1271685009,0,-0.111549313,0.0786498711,0.0246710178,0.0368668977,0.51753132,16.893009923,1.360625e-10,4.0025225e-09,2.3367835036,5.4605571426,0.0145469684,0.0398008147
85653,1.0505277518,0.0097422593,-0.975408462,0.119866142,5.5181979563,0.138877101,0.1179838865,0.8289527036,0.0304360068,0.3833875437,1.0524490335,-0.020612437,-10.74840443,0.1144560026,0.020612437,18,0.0,0.0,1.1610989459,-0.037415446,0.7834532403,,,0.0,0.1634639779,0.8610303541,0,51.70644176,1.9342028018,44.355703986,1.9342028018,0.0246147769,7.1691021201,,0.0,0.0,0,0.0,0,0.0,0.1004207833,7.0,4.8839342549,-0.125384524,-0.152484604,-53.15533934,,5.8541623052,-1.148161713,-1730.639078,0.0207317787,12.598297995,0.0026708664,-0.011210586,-0.096500106,-0.169459418,0.9101599767,13.766666667,0.0,0.0042704626,0.2425483213,-0.110226309,1.0,13.623533766,0.3301328818,2.4076955578,0,-0.142502855,0.0264211316,0.012709826,0.0222548312,0.2641838015,2.390749234,4.1268266e-09,1.1323822e-08,1.1601696562,1.3459936311,-0.031297521,0.0291255006
85728,1.3074740995,0.0674493442,-55.40946867,0.0231976205,12.476437684,0.5786663107,0.0222838973,0.150814839,0.0427573865,0.0941662452,0.1717578638,-0.005562582,-1.084745763,0.1406147346,0.0055625822,16,0.0007786167,0.1206349206,-0.023688017,-0.280709016,0.1249493961,0.0792840739,-0.199469751,0.0066665109,0.1150108156,0.5184136621,0,0.8827133023,0.1112814864,0.8806755148,0.1104818722,2.4754457463,0.0601735129,0.0080738564,0.0,0.0,0,,0,0.0,0.445977922,7.0,0.1571059008,-0.001833491,0.0768848866,0.3872511986,-0.655194813,,0.0610770933,-5414.508692,0.0286434127,11.425743164,3.70456e-05,0.0016486342,0.016487708,0.0229555726,0.019722518,-0.201177883,1.0,0.0,-0.609655265,0.0031080095,3.0,8.7063364361,0.0564269494,0.0737913486,0,0.0654744878,0.0225564055,0.009049391,0.0187738608,1.0840561109,0.3255777047,5.0313204e-07,3.0519472e-07,-0.050958073,0.0089599984,0.8837702058,0.0266996349
85883,0.9272039009,0.0716834469,-47.65103022,0.0409766811,5.7349940576,0.3077978802,0.0326988998,0.0005638088,0.0393541366,0.0090559824,-0.010940149,-0.004039725,-0.375342824,0.0985893143,0.0040397254,17,0.0038190445,-0.034246575,-0.029403082,-0.02512273,0.0334926214,0.1029106029,0.0030616221,0.0032703723,0.0781263607,0.5229193505,0,0.9132377523,-0.023768702,0.9065835155,-0.028946585,2.6565934066,0.066385333,0.0135555909,0.0,0.0,0,,0,0.0,0.3046895411,5.0,-0.029340616,-0.001239085,-0.077996609,0.006981,-1.278838044,,0.0190516731,-5391.665972,0.0286434127,11.570007847,-0.000274292,0.0023645381,0.0177845834,-0.002442334,0.0156353217,0.0044055384,0.0,-0.003190942,-0.214478639,0.0028702866,5.0,9.7875917573,0.0457861561,0.1435022126,0,0.0654744878,0.0359869041,0.0147159638,0.0245865419,1.4341669105,0.3672193469,1.3706172e-06,2.3100835e-07,0.0916857669,0.0084062799,0.9536719585,0.0202064265
92878,0.9146656591,0.0868091953,-4.6270168,0.0063991614,8.2229102167,0.3620097023,0.0343125028,0.1158170016,0.0460368563,0.0182849937,0.1107920492,-0.00040098,-0.040016849,0.0902830258,0.0004009798,9,-4.5022e-05,0.0753424658,0.0463641488,-0.0395789,0.0884318594,0.0834636713,-0.015416485,0.0005209473,0.1631197979,0.6289991369,0,0.8836331975,0.0294695826,0.8823129689,0.0297550123,0.2058383234,0.066518549,0.0129426815,0.0,0.0,0,,0,0.0,0.479408528,6.0,0.0200923948,0.0006962126,0.0315924318,-0.005557242,1.69554665,,0.0107453846,-5416.440822,0.0286434127,11.245209148,-6.3665e-05,0.0018088816,0.0181448172,-0.001020704,0.1973156882,-0.000611237,0.0,-0.002002149,2.863786088,-0.005627076,5.0,7.1246232289,-0.097666495,0.0531239697,0,0.0654744878,0.0320513025,0.0164946523,0.0143535038,1.3130534267,0.4863302223,2.1456229e-06,2.0000002462,-0.050958073,0.0111785603,0.8441863943,0.0304671628
89938,0.7908787007,0.0416944347,-41.35465381,0.0113547318,6.384797242,0.3055486984,0.0222856244,0.0516576524,0.0390079702,0.0031548668,0.0493122726,-0.002568961,-0.431356051,0.0596795814,0.0025689615,12,0.0005628999,-0.102362205,-0.021055787,-0.114681155,-0.023935404,0.0912827988,0.1950241798,-0.00020733,0.0714065062,0.578471042,0,0.9441185186,0.042235357,0.9372269845,0.0420965308,2.0569966542,0.056399226,0.0096236354,0.0,0.0,0,,0,0.0,0.3606444407,5.0,-0.022724912,-0.007458392,-0.146112239,-0.1293442,-0.964269386,,-0.01985806,-5327.452802,0.0286434127,12.204268194,0.0008029848,0.0023718952,0.0229319264,0.0126827103,0.0229964743,0.0246166821,1.0,0.0012300123,-0.105587296,0.0040846823,1.0,10.766015455,0.0103041041,0.3526489555,0,0.0654744878,0.0270416439,0.012890413,0.0209941709,0.6686941155,2.3548859551,1.6066565e-08,3.102342e-08,0.2469074025,0.0609632654,2.8223223692,0.0265960095
13007,0.8957945654,0.0703337171,-60.67480151,0.0424040548,7.0010947373,0.3464945779,0.0319742982,0.1884810015,0.04729937,0.0025842576,0.207637698,-0.005950782,-0.615158577,0.1136001064,0.0059507823,14,-9.1158e-05,0.1209677419,0.1416394674,-0.077485358,0.0208796447,,,0.0007969213,0.0573889782,0.473986721,0,0.7535893385,0.0089009386,0.7521414493,0.0094788272,3.0684127485,0.0698714494,,0.0,0.0,0,,0,0.0,0.3709757472,6.0,-0.01551495,-0.00032083,0.0772177079,-0.024428335,-0.543824966,,0.0340624652,-5358.166052,0.0286434127,12.042595632,-2.7596e-05,0.002107474,0.0191215559,0.0035801256,0.0260443501,-0.05061966,0.0,-0.003705991,-0.59609494,-0.00631031,6.0,10.485364828,0.0675039986,0.2655549941,0,0.0654744878,0.0236466136,0.0074603413,0.0103380567,0.4694820391,0.5003187595,3.5196629e-08,1.0562631e-07,0.3428763777,0.1175642104,-1.67901572,0.0288559611
85741,0.7721491117,0.0775102926,-11.95241795,0.0243328875,5.4733969876,0.3040968049,0.0367109552,0.1027197774,0.0461709362,0.0007804436,0.1044388064,-0.006891249,-0.529413756,0.1185453078,0.006891249,19,-0.002666661,0.0958083832,0.0675411769,-0.030440071,0.0170443482,,,-0.002830183,0.0906861352,0.6213645284,0,1.0555710314,0.0078219805,1.0467452786,0.0122368014,0.7522589579,0.0632411412,,0.0,0.0,0,,0,0.0,0.3693792981,6.0,-0.0084862,-0.001175577,0.0520583492,-0.148073789,-1.070998104,,0.0390076665,-4355.215302,0.0286434127,14.03328382,0.0004786508,0.0034215067,0.0276153768,0.001496377,0.0367103952,-0.022196124,2.0,0.0019973369,0.4002967497,0.0365380063,4.0,14.21040671,-0.255445617,1.2634875969,0,0.0654744878,0.0399201848,0.0156573196,0.0232902624,0.2289499052,1.273716465,1.8045099e-09,1.725336e-08,0.9589994735,0.9196799901,0.1185364849,0.0315214227
92557,0.2219597536,-0.516462279,3.2243548387,7.04299e-05,1.140823128,1.1751224776,-0.186511356,1.2234129805,0.6153425556,0.1637177281,5.2037533512,-0.462978983,-0.930519569,-0.035884022,0.4629789833,16,0.1450367135,1.6666666667,3.499465812,-3.701815015,0.9261169075,0.0839609037,-0.761094135,0.6163878933,-0.517233456,0.5556407387,0,2.3444676409,-0.265467947,1.1340655351,-0.485616459,12.232404692,4.0477923338,-0.724015099,0.0,0.0,1,0.7557328016,0,0.0,0.5183823529,3.0,0.1930120146,0.3885846796,1.4740690676,-0.524890426,0.8456831028,-0.19273537,-0.090110732,-1581.69502,0.2968282139,10.245463519,0.0205588058,-0.285557208,-0.415294892,0.277007755,0.0670863663,0.6886865859,0.0,-0.094376034,-0.863546587,-0.215005502,1.0,9.7803917941,0.687590955,1.2208120824,0,-0.309186286,0.0759493709,0.0345684953,0.0768950829,0.7928016086,4.8274092032,2.754035e-07,1.7489768e-08,2.5139047278,6.3197169805,-0.542356729,0.1613284036
92320,0.1928868498,-0.019700106,11.87761194,0.0,0.1218709786,0.3203789701,-0.134588149,0.5618030557,0.9333154422,0.1021573375,0.8293440833,-0.114206863,-1.496544542,0.0097819803,0.1142068627,11,0.0,0.6965265082,0.3210393965,-0.184473932,0.0396961873,0.4907774325,0.0158210499,0.2239290771,0.4296931158,0.4228908278,0,1.6802962889,-0.385248382,1.6802962889,-0.385248382,5.2864748423,6.1076583944,0.1316354498,0.0,0.0,1,1.0,0,0.0,1.389134642,4.0,-10.10935648,0.0701975018,-1.744939641,3.970909619,0.2842722492,0.1119278668,1.0043542582,-3698.231558,0.0288563477,13.268781321,0.000349023,-0.02192532,-0.043953492,0.0256548784,0.4147776506,-0.019914334,1.0,0.0039946738,0.2088876499,0.2140305173,6.0,14.026090985,0.1861641979,2.0020527828,0,-0.111549313,0.0416197814,0.0184250629,0.026293378,0.3273925293,2.5661048469,3.1542812e-09,1.269459e-08,1.8225216325,3.3215851009,0.0822343591,0.0538698466
85731,0.8558419623,0.0395696932,-22.06709825,0.0242758392,5.6551557913,0.2589673918,0.0166311484,1.0841897533,0.0767028844,0.8666337672,1.0808521724,-0.011851967,-1.4429428,0.0966664972,0.0118519665,16,0.0017112298,1.0053619303,0.7181120856,-0.129910017,0.0334777286,0.2279404971,0.3149647622,0.0210772749,1.1065155125,0.5093156501,0,0.8134128563,-0.159264218,0.8103378452,-0.159612292,1.0437607201,0.0618562636,0.0161096768,0.0,0.0,0,,0,0.0,0.589784114,5.0,0.0208440209,0.0019875414,0.9616118963,-0.064380939,-1.012967735,,0.017128856,-4967.419822,0.0286434127,13.223083303,0.0003053904,0.0027273323,0.0206739733,0.0044539184,0.0410863614,0.0002427342,1.0,0.0010626993,0.7189705321,-0.026640111,4.0,12.380039465,-0.085000807,0.5127785934,0,0.0654744878,0.0275498964,0.013131387,0.0207347756,0.3859373815,0.7141034769,1.2676759e-08,5.9050179e-08,0.7554970891,0.5707758516,0.012781831,0.0226087526
85751,1.1928061699,0.1108989961,-4.939987651,0.0226425471,9.7180795589,0.5441968342,0.0408244001,0.0942238437,0.0514039688,-0.003193961,0.0963220461,0.0009478794,0.0892426435,0.1010020765,0.0009478794,18,0.0027565359,-0.01171875,0.0599942689,-0.009800881,0.0525521779,0.1305328112,-0.009150035,0.0017798582,0.0774239532,0.7154120015,0,1.102098652,0.0058869479,1.0976046969,0.0031234002,0.2887863733,0.0673366684,0.0151027591,0.0,0.0,0,,0,0.0,0.4629853343,6.0,0.0455596977,0.0008167374,-0.046358064,0.3442425367,42.790126209,,0.0146133863,-5027.511377,0.0286812661,11.470164695,0.0010555753,0.0037415151,0.033852675,0.0119966714,0.1727107249,-0.001899271,2.0,0.0175068483,0.2356452988,0.2048642989,3.0,9.2937988051,-0.006563827,0.1943002691,0,0.0654744878,0.0320734456,0.0138166135,0.020565064,1.0962733685,1.0134142001,2.7683693e-07,1.0427722e-07,0.1679003876,0.0281905401,2.8223223692,0.0237298738
85656,0.995148353,0.1048095467,-42.37269069,0.0353899978,12.805241029,0.6227720388,0.0252216658,0.0596417178,0.0390268186,0.0011448197,0.0550098529,-0.004042806,-0.520785827,0.1593928731,0.0040428055,16,-0.000544669,0.0252525253,0.0496390171,0.0039623933,0.0404475443,0.1060940695,0.0262893351,-0.000903067,0.1296852826,0.5642078152,0,0.9108260885,-0.006003329,0.9099404002,-0.005247248,2.1639836464,0.0599751778,0.0103159347,0.0,0.0,0,,0,0.0,0.5808289507,5.0,0.0029218241,0.0021326779,-0.018497509,0.0749254521,-0.053945797,,0.0798552319,-5444.088922,0.0286434127,11.093544998,0.0002354779,0.0021059842,0.0258090891,0.029851833,0.026819555,-0.087350114,0.0,0.0043539991,8.3405162207,-0.013506111,4.0,9.634005862,-0.012412245,0.1475086723,0,0.0654744878,0.0213316046,0.0109715709,0.0065311019,2.0738925085,0.3793814719,2.09083e-05,3.420712e-07,0.1170600279,0.0137030501,1.0869174739,0.0219094068
85757,2.5924269673,-0.840356768,-29.8562337,0.0,12.421118893,1.894188264,0.094350664,0.2298479261,0.0650656752,0.0,0.4520040359,-0.090361907,-1.463520453,0.3895225503,0.0903619068,17,0.0,,-0.085858949,0.5098942566,-0.02031203,0.0390816168,-0.185688314,0.1381891324,-0.290363973,0.5114661132,0,1.3690560681,-0.755701903,1.3690560681,-0.771823859,13.835326087,12.614965312,-0.028343183,0.0,0.0,1,1.0,0,0.0,0.1128582194,2.0,-10.6855347,0.0646414727,,6.3704497365,1.1705207592,0.1119278668,1.3840948282,-4220.982028,0.0288563477,9.727161966,0.0281828173,0.0063728552,0.0339666558,0.1214160724,0.012680989,-1.760547488,0.0,0.0191229346,0.3281753852,0.0189166069,3.0,9.3425052233,0.4908320955,0.6890023399,0,-0.111549313,0.0409090742,0.022372981,0.0301263734,1.4891455216,3.5821728868,3.0884871e-06,4.0000000467,-0.050958073,0.0025967252,-0.431028169,0.0689672539
88183,1.1897156685,0.0553337366,-23.32667768,0.0173287625,10.590616388,0.5771728171,0.0220196328,0.0138750046,0.0445268244,0.0,0.0054318486,-0.006801228,-1.438046647,0.1349062311,0.0068012281,16,-0.001351283,0.0100671141,0.007911541,-0.063060865,0.0431044083,0.0541176471,0.1241055931,0.0004084287,0.095788809,0.5002691697,0,0.7956949937,0.0801262894,0.7845124705,0.0835812142,1.2890857229,0.081171219,0.0081371594,0.0,0.0,0,,0,0.0,0.4765171308,7.0,0.0092792754,0.0027642767,-0.03368292,0.2694927676,-1.420212445,,0.0553685899,-5424.097822,0.0286434127,11.458647742,7.51136e-05,0.000940121,0.0093762557,0.00141196,0.0168484741,-0.027613214,0.0,0.001899728,-0.804753612,0.016514631,5.0,9.0990288713,0.1235324068,0.0785104524,0,0.0654744878,0.0311772916,0.0131328434,0.0154255461,1.4170035601,0.3217567163,2.3159382e-06,1.0000003858,-0.038274126,0.0014649087,0.6271662652,0.0230508644
85763,0.5142942591,0.028290312,8.0490076247,0.0530427068,0.6499854434,0.1304913249,0.0432338919,0.845997072,0.1019374005,0.5240306444,0.9201857757,-0.028951483,-0.934250639,0.0547205541,0.0289514833,17,0.0,0.0836653386,0.7505140948,-0.518313929,-0.2673834,,,,0.9695754339,0.1107563051,0,4.1088086957,0.2922807289,4.1088086957,0.2922807289,3.0708908629,1.0604661684,,0.0,0.0,1,0.6598026961,0,0.0,0.1569090771,5.0,6.1342892322,-0.108453885,-0.068819265,-53.69157283,,-0.10615464,-1.207897161,4951.4831524,0.0207317787,15.672796349,0.0002894801,0.0024248395,0.0060420484,0.003095996,0.0309216658,-0.001374377,0.0,-0.000895861,0.3253155197,0.0139369104,5.0,15.275175847,-0.036065369,0.6000648409,0,-0.142502855,0.0157816708,0.0097506864,0.0149031749,0.1911512252,0.4725086329,4.942845e-10,4.1618331e-08,0.7101792801,0.5043546098,0.0347432261,0.020690869
85744,0.1329085038,-0.041257873,4.886612542,0.0,0.056676134,0.1048286975,-1.462271838,1.6951212805,0.2623893075,0.2536212012,-0.1808701,-0.380836844,-1.199653022,0.0082372591,0.3808368438,17,0.0166713803,-0.01048951,0.0345169912,0.057671207,0.3548815817,0.6653306613,0.0895037344,0.045377042,3.3337725082,0.9374552551,0,9.6600367197,3.2792663029,9.2601999184,3.428478885,0.6320921986,12.117173524,-0.624963497,0.0,0.0,0,,0,0.0,7.0684064848,6.0,-9.497072993,-0.684757167,-0.093051662,0.1055503607,-1.01734107,-0.819051057,0.0814305016,-2597.185383,0.0318276958,13.074484773,0.0,-0.026375019,-0.036582409,0.001637152,0.8028509833,0.0035934414,3.0,-0.057068742,0.0679100716,-0.049877938,4.0,14.001468185,-0.393793928,2.4129485512,0,-0.095378135,0.0782360882,0.0402157273,0.0638916537,0.559240091,4.019889552,1.0347084e-08,1.326969e-08,1.8551296575,3.4415060461,-0.042924416,0.1158275181
85753,-0.130849656,0.0526173604,3.7530462896,0.0,0.450004621,0.1496078654,0.7653535111,-0.190136152,0.3327544276,-0.114205378,-0.014914122,-0.10203824,-0.691575184,0.0890062212,0.1020382397,17,0.0,-0.016682113,0.0466590059,0.3315510922,0.0089644434,0.1996376494,0.117921466,0.0144146406,1.085820596,0.7530545224,0,0.7761330573,-0.1265976,0.7761330573,-0.1265976,0.7090112614,26.395176252,0.1368525067,0.0,0.0,0,0.0,0,0.0,-1.885647302,5.0,-10.33877295,0.1123125054,-2.458148262,3.6471731128,-1.215147352,-0.290867671,1.0835784991,2517.3424416,0.0288563477,16.053271923,0.0059712189,0.0359661939,-0.09298553,0.0013626296,0.7336958567,-0.008085585,0.0,0.0001417234,0.813872732,0.0584642394,5.0,16.663306304,-0.19713115,1.9459726883,0,-0.111549313,0.0127381049,0.0103518627,0.019177744,0.4105424827,4.3031100344,9.558352e-11,1.208739e-08,0.9940185236,0.9880728252,-0.003823977,0.0261439335
85768,0.6116841357,0.1017945565,-1.026768233,0.0,0.7557297361,3.4612501532,0.1030842966,0.1273047318,0.511073652,-0.013414186,0.1074812615,0.025108808,0.3182437637,0.0693990737,0.025108808,18,0.0077416097,0.117668226,0.1199504289,-0.068723536,0.064339845,0.2473679706,-0.20272544,0.0229926209,0.1527986177,0.6570089762,0,1.7490909427,-0.001471591,1.5057966858,0.0074227202,11.625952188,5.1966150196,0.1658082808,0.0,0.0,0,0.0,0,0.0,1.1554926568,5.0,0.0202006578,-0.044691269,0.029781633,0.1514177938,-0.215159284,-1.081007859,0.0706727392,-1129.62521,0.2391031442,12.465460884,-0.0026354,0.0357025213,0.0806158554,0.1437259281,0.2177230824,-0.005494493,2.0,0.0336017938,7.6113735965,0.1126046255,1.0,13.020327534,0.8460685136,0.9964324492,0,0.0957318355,0.0439330637,0.0365488684,0.0501132592,0.4829492203,1.4624577916,3.2507302e-08,3.4276391e-08,0.6580014255,0.432965876,0.3469748788,0.0530083329
85724,0.5999261703,-0.16223135,-0.432286043,0.0,0.6204987397,1.5775381588,-0.133082364,-0.287575229,0.6217813911,0.0052105819,-0.166046542,0.0614894032,0.5559286464,-0.252420405,0.0614894032,17,-0.004984843,-0.10446281,-0.298859423,0.0007218296,0.0676832917,0.4928505945,0.3096441876,-0.293245629,-0.380889535,0.543350307,0,1.8928239464,-0.146483159,1.876396117,-0.141307726,3.0937870366,17.047023385,-0.125443267,0.0,0.0,0,,0,0.0,1.0981303691,2.0,0.4302373182,0.0993428824,-0.129535778,-1.078632999,-0.49554628,-3.39269878,1.0256781071,-695.98596,0.1078503062,12.807607893,-0.001732272,-0.091136189,-0.187408793,-0.425075749,0.4442528582,0.1065369238,0.0,0.0505319149,0.5203603451,0.0920819314,2.0,13.462531966,0.6197006164,1.7557779436,0,-0.219751184,0.0766045302,0.0314110514,0.0570691934,0.4778441835,4.6492446989,8.0311461e-09,1.0164612e-08,2.9687476954,8.8134628787,-0.109227743,0.1106010911
85738,0.7342890932,0.0302596614,1.1194215451,0.0,0.0835711073,0.492507499,0.0677748542,0.0435522541,0.3132117781,0.0411392405,-0.144207022,-0.046557549,-1.232102017,0.0675426513,0.0465575488,18,0.000798743,-0.004746835,0.1251287555,0.2236017948,0.0182935697,1.0464237109,-0.0101908,0.0147520015,0.070277276,0.360526529,0,5.6531170197,0.1612684786,4.6929247409,0.2012282294,3.0269249607,4.3663220913,0.6542614129,0.0,0.0,0,,0,0.0,0.3576893568,7.0,45.171731993,0.0785187122,-0.124705766,9.0279787378,-1.117798722,-0.18764217,0.3434700871,-4732.211176,0.0587429544,13.642833858,0.0009761532,0.0073233023,0.0081567839,0.0082789228,0.1969989138,0.005648151,0.0,-0.000628536,1.7606811119,0.0517541436,6.0,13.70524399,-0.017636023,1.5615678633,0,-0.101630079,0.0332011916,0.0226733311,0.0357678904,0.7626801775,23.730490773,2.4880601e-09,5.9427807e-09,1.090627487,1.1894683153,0.1083149556,0.0404092452
14604,0.6581042893,0.0470659278,-42.5230497,0.0249610224,3.9865366219,0.2112273185,0.029078324,0.0316593621,0.0408957121,-0.000661989,0.031364765,-0.001698597,-0.165051844,0.054834246,0.0016985967,3,0.0009574651,0.0,0.6121265163,0.5850794961,0.0084781501,0.11815358,2.3398845843,0.0005662766,0.0334475192,0.5195757081,0,0.866347774,-0.021730862,0.8635088856,-0.023013204,2.5204289442,0.0660302645,0.0140297298,0.0,0.0,0,,0,0.0,0.2891261014,7.0,0.0940445567,0.0099979292,-0.043750034,-0.262118612,0.1421199254,,-0.024703395,-5123.498182,0.0286434127,12.582967848,-0.000481801,0.0025226648,0.0176075462,-0.003651404,0.0231191864,0.0084350238,0.0,-0.003148813,-0.554322638,0.0139354998,5.0,11.084251114,,0.2140346133,1,0.0654744878,0.0546163432,0.0163482228,0.0296532771,0.6311143146,0.6050596296,4.8563889e-08,1.0340927e-07,1.0372253186,1.0758363615,0.0138136912,0.0319560796
85792,0.7289444159,0.0480111547,-0.243393224,0.0,0.288460588,1.2677282256,0.1005779942,0.0895489488,0.2402159757,0.0078681223,0.1511399384,-0.002227625,-0.045345243,0.0501882322,0.002227625,17,0.013880402,0.1770334928,0.2036547873,-0.055770208,-0.033788206,0.1310812308,-0.02222688,0.0804625042,0.0661956909,0.3895874225,0,2.2455991032,0.0129725252,1.9560002638,-0.012977797,41.210665827,4.3297199255,0.2943664799,0.0,0.0,1,0.9516892218,0,0.0,0.3275397786,5.0,-0.060698841,0.1185810275,0.211662763,0.4261562074,-11.20901269,-0.010617932,0.0318100986,4768.3040082,0.2469190948,15.10818473,-0.000771517,0.0070428072,0.0102892015,-0.052226797,0.0091550564,0.0451697119,1.0,-0.005782734,0.4366738947,0.0344698131,5.0,16.357646609,0.4839055175,4.0595357011,0,0.0957318355,0.0296295583,0.0168603438,0.0221872427,0.3144937145,4.3070225082,2.661825e-10,7.3144181e-09,1.5329255379,2.3498607047,0.023066999,0.0333209383
85839,0.7153510924,0.0681705525,9.3310249187,0.0,0.2330324919,0.9663737177,0.125576181,-0.010843755,0.5406512771,-0.019530846,-0.198925804,-0.045760216,-0.640102154,0.1118066701,0.0457602165,18,0.0071437433,-0.074479737,0.0093484525,-0.101777358,-0.000539181,0.1644020864,0.1360201374,0.0345007403,0.0710767112,0.4268286742,0,4.1998733437,0.0873589794,1.3043160561,0.0917411036,46.907692308,12.887188951,0.4777492822,0.0,0.0,1,1.0,0,0.0,0.769110973,6.0,-16.09943262,0.0370917405,-0.380587838,0.6480170234,11.124394344,0.5619272846,0.4450343736,-5011.285989,0.0238858186,12.302884431,-0.000516813,0.0159977241,0.0212650633,0.00539704,0.0217228605,-0.007893345,0.0,-0.000263379,-0.396004472,0.0116664092,6.0,11.890378556,-0.293553113,0.6149179158,0,-0.25352422,0.0175797343,0.0082736445,0.0146106073,0.4856145281,1.9683908902,6.6050363e-09,2.9178557e-08,0.4644558441,0.2157192311,-0.077041226,0.0297473761
85966,1.0680861098,0.1132643161,-15.44072693,0.0404365037,14.559695586,0.8103391132,0.0326924556,-0.001439205,0.0398589179,0.0,-0.010132279,-0.006303778,-0.960568242,0.2220624211,0.0063037776,17,-0.001550895,-0.024390244,0.0060489517,0.0089201976,0.0949346706,0.0639022436,0.0410583587,-0.001477514,0.1464473642,0.5349869683,0,0.8337176199,0.0007538111,0.8197056277,0.0028306508,0.8188144839,0.0731236345,0.0086656906,0.0,0.0,0,,0,0.0,0.7389353391,7.0,0.0410171389,0.0016439284,-0.068140278,0.1478632089,-0.641744272,,0.1425247799,-5431.983502,0.0286434127,11.274925366,-7.8965e-05,0.0019314341,0.0214301717,-0.006124587,0.0293909449,0.0125224589,2.0,0.0015844041,0.6101274202,0.0065873426,3.0,8.9515177825,-0.063163933,0.1088201604,0,0.0654744878,0.029661091,0.0176292852,0.0251000072,2.0642261313,0.637878902,3.6712139e-06,2.0841236e-07,0.0266768354,0.0007116535,1.4576882171,0.0291049552
85886,0.5473893558,0.0659960371,1.7527894071,0.0162775071,0.2875306363,3.808969143,0.1491573966,0.0778849532,0.6455591843,0.0054580153,0.0267067885,0.0139936056,0.1706379888,0.054734606,0.0139936056,17,0.0226264862,0.0438551759,0.108794052,0.0809924207,-0.005077328,0.2904418363,0.1307934378,0.0205412182,0.1068664818,0.6208091692,0,2.7817507301,0.0776065245,2.2297248887,0.0651991864,40.442939467,8.4004480986,0.276641594,0.0,0.0,0,,0,0.0,1.0108620544,5.0,-0.14365904,0.1903676305,-0.125921767,-0.036209654,-0.222771345,0.4582076015,-0.204541818,-1563.961862,0.0457306398,13.353362048,0.001204102,0.0215767759,0.0346180985,0.0751554058,0.1259945384,0.0025618841,2.0,0.0004823927,-0.254336883,0.1505582668,6.0,12.493375926,0.0841040255,0.3520244519,0,-0.034541484,0.0334420763,0.0170215112,0.0278762262,0.4466722296,0.7669288706,1.1138049e-08,6.7685621e-08,0.8585830012,0.7371647699,-0.039603682,0.0341710721
85889,0.3249624715,0.0422575365,3.3102252285,0.0,0.0241830398,0.2169576272,0.507328046,-0.058909895,0.5293596087,-0.048651429,0.1138807429,-0.030196612,-0.257303089,0.0531305311,0.030196612,18,0.0015913634,0.4,0.0678807082,-0.506103716,-0.002937672,0.2163016656,0.0462945764,0.0095148204,-0.069649928,0.7041045791,0,14.423191489,0.0611273478,13.789361702,0.0689692553,1.1034395913,8.2024605509,1.6230229252,0.0,0.0,0,,0,1.0,0.5622626606,6.0,2.5563593546,0.3217184054,0.3192437064,-53.95238753,-3.067956077,1.2303971228,2.3752013325,-2047.627399,0.0232932967,12.475572204,-0.004223512,0.0141373311,0.0151234843,0.0071696682,0.5631445649,0.073431737,0.0,0.0036630037,0.6878049123,-0.035031166,6.0,12.271481935,0.09751507,0.8013061852,0,-0.142502855,0.0699300319,0.0284669504,0.0360070941,0.4288057463,1.939736064,2.387733e-08,2.7601805e-08,0.7866845608,0.6188725982,-0.001820152,0.0352060751
88384,1.4093562273,0.0665354872,-15.1984149,0.0033933286,9.3259730924,0.6833901323,0.0392418322,0.0049280363,0.05962257,0.000995355,-0.004520658,-0.008777934,-1.412792336,0.1605363136,0.0087779344,16,-0.002757329,0.020979021,-0.053219397,0.0843920504,-0.009284053,0.0822408849,0.0240538637,-0.001296944,0.0722742055,0.4002289957,0,0.6232014705,-0.156872516,0.6072087979,-0.156572495,1.0669086226,0.1404614744,0.008728851,1.0,0.0,0,,0,0.0,0.4845809323,4.0,-0.016971673,-0.002397224,-0.022771013,0.4891333264,2.7130074407,,0.0809986724,-5445.142865,0.0286434127,10.858917993,-0.000366065,0.0009703023,0.0071771597,-0.0153777,0.0503448263,0.0284732374,0.0,-0.00596777,-0.089114927,0.0026861266,3.0,9.5471625945,0.1075811044,0.2419879751,0,0.0654744878,0.0304136239,0.0150564228,0.0195734246,0.7054401539,0.7554525644,2.3863106e-07,8.2879343e-08,0.2108013852,0.044437224,0.3796273729,0.0288381039
85931,0.1886159961,0.0751818364,3.2101291485,0.0293340915,0.174146904,0.3874010511,0.8140899664,0.1308194306,0.4763116462,-0.018560233,0.117235689,-0.022262465,-0.101206073,0.0827906948,0.0222624648,17,0.0,0.0806557377,0.1613304869,-0.314748305,0.0683971552,0.1585413417,-0.102686148,0.0011092287,0.1436577424,0.7437346564,0,2.5328706644,0.0564373051,2.5328706644,0.0564373051,1.8212643218,6.1226734926,0.4768995314,0.0,0.0,0,0.0,0,0.0,0.9104201402,8.0,1.3869296123,0.0254049453,-0.007204835,-0.245927605,0.0420419384,0.3643681235,0.0547861606,-2891.502734,0.0558672041,14.32082499,-0.003754032,0.0328720836,0.0568303969,-0.017002853,0.604178435,-0.003638472,0.0,-0.006039689,0.0563273583,0.0509458209,6.0,16.149996375,-0.192444965,4.6414815724,0,-0.168614603,0.0367548056,0.0264444074,0.0407979353,0.4156598392,10.613404021,5.684373e-10,5.1311071e-09,1.8923858491,3.5811242018,-0.011527778,0.0313594756
85903,0.7400825103,0.0577537223,0.4044186965,0.0165372626,0.1370258907,0.6924711978,0.1575175944,0.0810088923,0.2940630188,0.0005646527,0.2123303835,-0.027715797,-0.405149521,0.0811526152,0.0277157966,17,0.0286557167,0.0513833992,0.1282090282,0.1032500406,0.0318545174,0.1070152057,0.1045801901,0.052334851,0.0597547934,0.5984008515,0,5.6073777307,-0.114081744,4.332678207,-0.13563173,2.2788237876,11.872184749,0.6503640097,0.0,0.0,0,,0,0.0,0.3416564816,6.0,0.0050709846,0.2105442285,-0.326375498,-1.237527454,-0.323092358,-2.078995422,0.2169607635,-1837.514093,0.0506976226,10.162702633,-7.744974e-06,0.0168958654,0.0194784876,0.000241941,0.3540576497,-0.00053247,0.0,8.79785e-05,1.2007126949,-0.029455096,4.0,8.9833770346,-0.004689443,0.2314392368,0,-0.060001469,0.0688976198,0.0271302874,0.0267386171,0.9670466615,0.934494004,1.2907182e-06,2.0000001045,0.4740745335,0.2247466633,0.5185418955,0.054192443
85804,0.1346594982,-0.03311828,42.438709677,0.0586738351,0.7462365591,2.334265233,-0.032554498,0.0091980454,0.5908512298,0.0037776579,0.1272333514,-0.215532393,-5.706709957,0.1558781362,0.2155323932,17,0.0,-0.114478114,0.0159111472,0.0855442012,-0.002886647,0.3954521229,0.0972739777,0.1404755061,-0.361380248,0.3513581804,0,0.6674774646,-0.085674785,0.6674774646,-0.085674785,210.08387097,20.225465839,0.1795876813,0.0,0.0,1,1.0,0,0.0,2.4261431243,3.0,-355.6597549,-0.022558572,-0.294855101,-2.224756028,-1.520247016,0.2766021907,0.0185098425,-3008.704518,0.2277833408,9.7796341059,0.0044536345,-0.009746672,-0.076637407,-0.010451897,0.0138012618,0.0399392838,0.0,0.0074174753,-0.036528346,0.0094345316,6.0,7.1192876769,-0.377163584,0.3363799283,0,-0.166303822,0.052689407,0.0239236067,0.0353540123,1.4832515256,6.195221415,1.026203e-06,2.3139992e-08,-0.050958073,0.0148299146,1.10489256,0.0390548861
88203,0.1840109202,0.0291479704,6.3143418668,0.0,0.0406369776,0.180135369,0.3357055732,0.1862448496,0.6106845009,0.001034857,0.2092076917,-0.038889069,-0.276195149,0.0371984985,0.0388890688,17,0.035499714,-0.063131313,0.2998445633,0.2475243816,-0.026170507,2.1791150442,0.359245699,0.0404763141,0.1812908112,0.7133632002,0,4.5628249663,0.0474074868,3.8133283183,0.0404829738,1.4669932523,6.5878987971,0.933424829,0.0,0.0,0,,0,0.0,0.7424345012,6.0,3.1932902895,0.0725452042,-0.230371843,0.9991653785,-0.194839918,-1.654929177,0.1288473053,-4000.363607,0.0446872923,13.454111124,0.0027796966,0.0412015365,0.0481436693,0.0109029604,0.641846916,-0.001365669,0.0,0.0041079812,0.6426276262,0.0808972148,5.0,14.121366849,0.1637890988,2.3627928959,0,-0.101630079,0.0373471268,0.0154096899,0.030601649,0.4137166142,4.3642805171,2.1651308e-09,1.0733518e-08,1.5384421519,2.3668042548,0.0279825516,0.067344809
86444,0.1994736823,-0.064780929,4.5483591113,0.0,0.0363108206,0.0187535068,-1.131214667,0.4926886178,-0.429247794,-0.711176624,-0.427792222,-0.057235814,-0.17435358,-0.053486142,0.0572358137,20,0.0,0.4929577465,-0.223509319,-0.072691633,1.1755542351,0.3423521711,-0.52912305,0.0263119146,1.1204270327,0.7442179687,0,7.0555476326,2.4825675265,7.0555476326,2.4825675265,0.1116962188,3.7293152639,-1.242221064,0.0,0.0,0,,0,0.0,-0.722466876,3.0,-8.586216383,-0.106751531,0.4103955949,0.1721155391,5.7318684883,0.1809489431,0.0197071006,-2556.502523,0.0318276958,13.537605345,,0.0277338463,0.0309808765,0.0535538568,0.7400464528,-0.011466148,2.0,0.0380622837,0.113264075,0.0184981311,2.0,15.071860664,,5.6429310824,1,-0.095378135,0.0663666129,0.0389019374,0.0582203851,0.3086564403,7.9507084302,1.6256109e-09,3.964375e-09,2.7510343425,7.5681899535,-0.078458503,0.0996988706
86102,0.1763966967,0.0431911347,8.5138028439,0.0303405305,0.1525708975,0.2486798256,0.2684844744,0.0041574331,0.2186658355,0.0012213857,-0.048319661,-0.037996482,-0.289782626,0.0557071751,0.037996482,17,0.0,0.0027952481,-0.021762024,0.0244521645,-0.032111851,0.3105750815,0.0641310998,0.001046842,0.0766181669,0.2963600826,0,2.2907360653,0.4460981111,2.2907360653,0.4460981111,2.8898089043,30.725907384,0.2982797247,0.0,0.0,0,0.0,0,0.0,0.4217293537,4.0,1.3638881969,-0.025606941,-0.085065324,-0.258146904,-1.206308163,0.1007744985,0.0277026409,-3603.898904,0.0558672041,15.005072515,0.0032518811,0.0386158462,0.0699381933,0.0057827381,0.278172387,-0.005409018,2.0,0.0006920415,-0.176640327,0.0407835525,7.0,15.231646413,0.1394337279,1.5442473904,0,-0.168614603,0.0450171642,0.0169646615,0.0199622055,0.26962038,1.8006612649,7.238893e-10,1.6356085e-08,1.261868157,1.5923112457,0.0110378534,0.0245550483
86111,0.1008193664,0.0210362726,65.819239896,0.0148102081,0.440616282,0.1045565301,0.0751567113,0.0522367883,0.1469752406,0.0046471697,0.0357057331,-0.062959107,-1.587662897,0.054434782,0.0629591072,17,0.0,0.0949926362,0.2197416142,0.2490400071,-0.011578432,0.1316148008,0.1945456334,0.0378292423,0.118651789,0.222073099,0,0.4912535265,-0.523132559,0.4912535265,-0.523132559,8.5417666667,16.579650133,0.1076957017,0.0,0.0,1,0.2667078693,0,0.0,0.677678603,6.0,6.1103435177,-0.132873054,-0.057491967,-53.95238753,-1.550942564,-0.262985686,-1.208182933,36871.905202,0.0207317787,17.611778519,0.0040690667,0.0038912002,0.0140884699,0.005360331,0.0163337343,-0.447414658,0.0,-0.002614231,0.4631942271,0.0295718124,6.0,17.622334786,-0.056116338,1.109042096,0,-0.142502855,0.020806849,0.0096942848,0.0138556836,0.262626353,1.2183483014,3.504731e-11,2.1966362e-08,0.7752174466,0.6009620896,-0.047966678,0.0221102427
87014,0.7783172595,0.0633999232,-27.22852899,0.0198644773,6.0330975888,0.2951674116,0.0310964104,0.1610148279,0.0480808708,-0.037138637,0.180415522,-0.008730893,-0.872965879,0.1187458929,0.0087308934,17,-0.002821265,0.0763546798,0.0380535764,-0.173737816,0.0775436595,0.0964169679,-0.077319931,-0.00201312,0.029817145,0.4587523954,0,0.7427714303,-0.008228934,0.739851247,-0.002726692,1.416348937,0.0738271235,0.0129513021,0.0,0.0,0,,0,0.0,0.3732289706,5.0,0.0068645296,8.09123e-05,0.0326046458,-0.141905641,1.7967844498,,0.0392082517,-5258.103982,0.0286434127,12.362330766,0.0004492876,0.0025425131,0.0236907999,0.009567813,0.0285289325,-0.028564066,0.0,0.0006265664,-0.08075037,0.0116739495,6.0,12.129597545,0.0903726535,0.7220464929,0,0.0654744878,0.0348771065,0.0154612584,0.0313626827,0.5163486314,1.6464823602,2.2137584e-08,2.9891604e-08,0.8523018467,0.7264184379,0.133426316,0.0279275386
85860,0.9067641792,0.0605193447,-73.1702476,0.0337883754,7.2942233313,0.3307414383,0.0230429997,0.0891576618,0.0367733525,0.0024473534,0.0950529378,-0.009703023,-1.262083479,0.1368998099,0.0097030234,17,-0.002060048,0.0069444444,0.0613235608,-0.044136996,0.0319578131,0.1285428993,-0.051828284,-0.002130474,0.0437928737,0.6063942728,0,1.2213318693,0.0595797453,1.2207027806,0.0623864007,3.726113228,0.0490072444,0.010775074,0.0,0.0,0,,0,0.0,0.3189974376,7.0,0.0099528035,0.0014763543,-0.03680559,-0.013458722,-1.296660891,,0.0573621686,-4791.849262,0.0286434127,13.600643348,-4.652e-05,0.0022286265,0.0197210168,0.0028974077,0.0080561292,0.0129279272,3.0,0.0009861933,0.1218096182,0.0631759632,4.0,13.405576213,-0.052605945,0.7354612347,0,0.0654744878,0.0296846628,0.0134666714,0.0225456362,0.4005560109,1.3548537773,4.7577887e-09,3.2228387e-08,0.7237031627,0.5237462677,-0.038021057,0.0221195641
85863,0.4320073631,0.044105101,3.0253686157,0.0128084303,0.1405001459,0.6776372113,0.1504016039,0.1162321841,0.6020996669,1.0184419714,0.238858144,-0.028612657,-0.354370029,0.0597346269,0.028612657,17,0.0326223138,0.2328703704,0.2406152375,0.118377736,0.0335342851,0.185266992,0.2663892581,0.0540885956,0.0788369849,0.5877961806,0,3.3931201758,-0.182555847,2.3622185892,-0.227536029,4.7809130607,6.1196492349,0.4842098065,0.0,0.0,0,0.0,0,0.0,0.7753790294,6.0,0.9605063007,0.1630671583,0.2199233023,-0.47137477,0.4453188132,-1.692152487,0.0324626162,-2313.742675,0.1633840717,15.221747703,0.0038782503,0.0500704916,0.0680755596,0.0224004375,0.0927280225,0.0142612589,1.0,0.0032318422,1.8406764525,0.085021792,5.0,15.148176848,0.195444018,1.2951102818,0,-0.128574987,0.0242372938,0.0159772055,0.0279138404,0.3226097515,1.7787117405,6.774418e-10,1.8580307e-08,1.0163888682,1.0330463313,-0.042525428,0.0413926141
15057,0.1141358841,-0.107905502,12.931017505,0.0,0.0271285021,0.0818123692,-0.563819461,2.3874659401,-0.732236272,-0.81675762,-0.399477282,-0.515739769,-0.413685717,-0.063266537,0.5157397692,4,0.0,0.0169491525,2.3105475928,-1.396039234,-2.703700594,0.8583916084,0.1186279784,0.0256702795,-3.068634317,0.6704365437,0,4.3250843645,3.2792663029,4.3250843645,3.428478885,1.2319474836,2.2921119593,-2.861449567,0.0,0.0,0,,0,0.0,4.9059945504,4.0,4.087307134,-0.056424256,-0.158960162,-0.215726104,-0.6625637,-0.899558946,0.0230303633,-2186.908853,0.0767661838,11.190869312,0.0,-0.035120017,-0.03968,0.0302800221,0.4701041533,0.0207314632,3.0,0.546875,0.227252394,0.2163078487,6.0,14.980486643,,,1,-0.045482084,0.0440677553,0.0263329705,0.0474660794,0.4733023238,1.2087924453,1.336013e-07,3.6786143e-08,2.3853121522,5.6897140634,-0.059944509,0.1341290591
87488,0.801270248,0.0698171549,-8.082484932,0.0260180034,8.0062960372,0.4148498735,0.0296100829,-0.01540825,0.0422119154,0.0048478319,-0.023767729,-0.002886929,-0.367041199,0.0954429271,0.0028869286,16,-0.0043844,0.013986014,-0.039778077,-0.018101029,0.084596792,0.0611353712,-0.148701032,0.0048979009,0.0767173561,0.6391233048,0,0.9536132822,-0.009184646,0.9509362832,-0.004141658,0.4435969927,0.0656377135,0.0109243185,0.0,0.0,0,,0,0.0,0.5074082027,5.0,0.0103309707,-0.000617343,-0.02976402,-0.118952653,2.2781837501,,0.0159052859,-5429.645872,0.0286434127,10.953735574,-0.000238014,0.0022516193,0.0240018545,-0.002136182,0.0496193227,0.0022239113,2.0,-0.001449552,0.9746224832,0.0009922441,4.0,7.8485044294,0.1261613028,0.0449946752,0,0.0654744878,0.0418049172,0.0189482927,0.0195715838,2.1904643941,0.1579690221,3.25024e-05,5.0000003021,-0.028351477,0.0008038063,0.5849886786,0.0350200843
32687,0.7541383756,-0.133940696,-1.103217822,0.0,0.820283627,0.6347743876,-0.12436038,-0.082722429,0.0889716781,0.0073146541,-0.038910819,-0.238774785,-2.933264887,0.2589428449,0.2387747853,17,0.0,0.0,-0.124181766,0.1067295636,-0.514386175,0.1333854497,0.0986227509,0.2268156872,-0.126055777,0.5613101581,0,2.8169177289,-0.374651867,2.8169177289,-0.374651867,9.1405940594,7.3915132106,0.0642484492,0.0,0.0,1,1.0,0,0.0,0.1560159363,2.0,0.4370651064,-0.12528404,-0.18748076,1.8908304051,-1.373521257,0.5354687929,-0.103673252,-2485.58962,0.0279332649,8.8942313811,-0.008981498,-0.012390016,-0.026581913,-0.143149907,0.0915378177,0.5251162523,0.0,-0.042204367,-0.537849983,-0.027524437,4.0,7.6201754982,-0.124945563,0.3179227597,0,-0.500704589,0.3333333433,0.1003819622,0.1055476748,0.9936114599,0.7999724503,3.95114e-05,9.1861467e-08,1.8702675177,3.4979005878,0.2150080173,0.1052090535
85829,1.0787904461,0.0241078453,-20.38279582,0.0127610422,9.1803091417,0.4466255156,0.0296243017,-0.038888758,0.0350567812,-0.037191192,-0.046186948,-0.008313458,-3.609367894,0.111121928,0.0083134583,16,0.0017774901,0.0234375,-0.090992257,-0.08295741,0.136990051,0.062467306,-0.13251532,0.0015703811,0.0280514433,0.4703319641,0,0.7973029148,0.0119532301,0.7926933659,0.0089121573,1.0074185811,0.0755455584,0.0042347907,0.0,0.0,0,,0,0.0,0.3566033202,6.0,-0.042298836,-0.001985331,-0.020312534,0.1585675453,-1.297631343,,0.0315842868,-5407.267702,0.0286434127,11.2407387,-0.000645379,0.0005811217,0.0057786439,-0.018963529,0.0269129162,-0.020991024,1.0,-0.00083682,-0.497690911,-0.004947763,3.0,9.2785362426,0.0422649024,0.1161452184,0,0.0654744878,0.0099132499,0.0050824546,0.0067567404,1.5452571402,0.5206438647,9.2141041e-07,2.6477211e-07,0.1068022581,0.0114067223,0.7205465304,0.0183717547
87501,0.7735655827,0.0568454195,-8.499310963,0.0145953722,7.8232443434,0.3430482389,0.0280634778,0.0437859372,0.0401712134,0.001952605,0.0407572336,-0.003962917,-0.586746873,0.0901992917,0.0039629169,17,-0.005237886,-0.015189873,-0.02407313,-0.100368747,0.0124312716,0.0593451053,0.0379298316,-0.005844847,0.0754365313,0.6191529909,0,0.9795150518,-0.014529865,0.95609898,-0.007147324,0.4228831421,0.0574813942,0.0096326883,0.0,0.0,0,,0,0.0,0.4599689108,6.0,0.0059216918,0.0001954289,-0.058939907,-0.146657318,-1.036238798,,0.0106616505,-5314.246342,0.0286434127,12.350299596,0.0001302307,0.0019783512,0.0217987919,0.0053240287,0.0866326893,-0.000477585,0.0,0.0,-0.430339868,1.11447e-05,1.0,10.779216673,0.3386365449,0.2617931712,0,0.0654744878,0.0176000223,0.0086764903,0.0200698466,0.4726593002,0.9517765417,2.393704e-08,5.764109e-08,0.4998734841,0.2498735001,0.263968811,0.0261768544
87508,1.1294281184,-0.104802619,-2.491608808,0.0,0.2893829035,0.9641501006,-0.093077896,-0.062600761,0.2777994373,0.1268084174,-0.051034312,-0.115595682,-1.915119841,0.0959069563,0.1155956816,17,0.0,0.1447084233,0.4030232239,-0.035740043,0.2968929538,0.4117998328,0.4017985145,-0.021305965,-0.045231747,0.4366336188,0,2.1240984159,0.155551288,2.1240984159,0.155551288,3.5801248334,3.2746808647,0.3047540358,0.0,0.0,1,1.0,0,1.0,0.4182619386,7.0,-1.336650492,0.1141627569,-0.168323338,1.243472288,-1.509314656,-0.776276938,0.1833137822,-4706.583621,0.0278203388,11.189242657,0.0003892565,-0.00461995,-0.00687291,0.0594852555,0.1177758725,-0.014850269,2.0,0.0019904459,2.216796392,-0.032836132,3.0,10.535720572,0.2233959997,0.7278467027,0,-0.111549313,0.0364431478,0.0187503973,0.0305474334,0.6259237756,2.922984041,6.5535904e-08,2.9909266e-08,1.2784643249,1.63447103,-0.220223724,0.0721075056
88820,0.8612548746,0.0529336851,-74.55691479,0.0085817271,8.7457183794,0.3426362952,0.016835942,0.3739036314,0.0426172934,0.2856052252,0.3695609453,-0.005299673,-0.830960376,0.0969194799,0.0052996727,16,-0.000761991,-0.061349693,0.2412682877,-0.189798514,-0.042829492,0.0927831856,-0.239314324,0.0007570104,0.4196136109,0.6085933695,0,0.9849758102,0.0153852818,0.9840348407,0.0169239739,3.0884737399,0.04320538,0.0084028342,0.0,0.0,0,,0,0.0,0.4911957904,6.0,0.0228851831,7.25521e-05,-0.105099727,-0.058968026,-0.221405669,,0.0173818387,-5217.187462,0.0286434127,12.652233308,0.0004139953,0.0017263331,0.0208743737,0.0213799212,0.0233095327,-0.021753115,8.0,0.0014170997,-0.059888508,0.0569559375,5.0,12.830782224,-0.23454071,1.0588463502,0,0.0654744878,0.0611702949,0.0187176794,0.0227668967,0.4464783717,1.449879196,1.4049684e-08,3.0580758e-08,0.8188003858,0.6704340718,0.1285979412,0.0293415156
13121,0.0824139922,-0.169926879,38.052024267,0.0,0.2666659665,0.158221185,-0.397456317,0.0370293418,0.3155112312,0.101119836,0.7520171586,-0.447856932,-0.90380569,-0.016345999,0.4478569324,15,0.0,0.2923076923,-0.108249003,-0.928058272,-0.020019908,0.4254878617,0.2753677975,-0.066994483,-0.550529886,0.4525660604,0,0.5340718132,-0.371754904,0.5340718132,-0.371754904,9.1817771764,1.8714719132,-0.506290592,0.0,0.0,1,0.4338118022,0,0.0,0.3384061043,3.0,-10.23075825,-0.002234674,-2.149158457,3.8604367614,-0.483569944,0.1119278668,0.9782262791,-4105.766221,0.0288563477,10.358259797,0.0012805043,-0.12879938,-0.213925484,-0.014249192,0.040503522,0.1083083082,0.0,-0.595238095,0.9294691876,0.0090908855,4.0,8.3367498642,-0.489216163,0.1200878508,0,-0.111549313,0.0489856713,0.0234628216,0.0702541391,0.849491513,0.3758138224,1.4563784e-06,1.8123392e-07,1.7206950385,2.9607914155,0.1451595276,0.1079945625
88951,1.3925691836,0.088580493,-16.89798531,0.0245132285,11.967448569,0.4932850603,0.0248279045,0.1689303981,0.0391363363,-0.021499128,0.1808497913,-0.000867017,-0.12131756,0.0993268622,0.0008670173,16,-0.000542093,0.0364963504,-0.012951238,-0.238832549,0.0067426094,0.056596157,-0.200677389,0.0052010391,0.0756253174,0.4571117118,0,0.694509634,0.0235988521,0.6931567173,0.0251302554,0.6889851911,0.0672280438,0.0093189818,0.0,0.0,0,,0,0.0,0.3454958101,6.0,-0.023577511,-0.001785135,-0.007253684,0.4723462827,-0.974995483,,0.019789221,-5449.815222,0.0286434127,10.992528011,0.0004234091,0.0023912255,0.0217036577,0.0195491445,0.0314952962,-0.182125366,0.0,0.0089033812,0.157754586,-0.006709087,3.0,9.5708499748,0.0688462372,0.1756141947,0,0.0654744878,0.0315163471,0.0183701545,0.0183118555,1.1231139519,0.4872310867,1.4967153e-06,2.0201018e-07,0.4240605845,0.1798273794,0.2337215666,0.0211914009
85939,1.1192642644,0.0198045013,-6.820971781,0.0,0.6557817143,1.1557341104,-0.003862332,-0.048042416,0.1049244329,0.0081271905,-0.152950717,-0.035311586,-3.244783307,0.0840658164,0.0353115857,17,-0.001628892,-0.121819166,0.2113281413,-0.182776819,1.9561963055,0.079558631,0.0718379997,-0.02426841,0.0264414142,0.441707339,0,2.21473821,-0.032645393,2.1598895446,-0.025951029,27.177350028,14.998556106,0.1695510576,0.0,0.0,1,0.4948791479,0,0.0,0.1460764236,7.0,0.0602139365,0.103817366,-0.140449094,0.8613122894,0.9562265644,-2.447917782,-0.036156035,-4064.769922,0.1744310206,11.976878966,-0.000213739,0.0027419174,0.0058488411,0.0093464802,0.3134027143,-0.037482441,1.0,-0.009411765,-0.270258817,-0.073682338,3.0,10.900682134,-0.205408912,0.3285841938,0,-0.165367998,0.0296010319,0.0165071866,0.0287912373,0.6379740366,0.9887390231,6.1491911e-08,6.2971572e-08,0.6035804553,0.3643093661,0.2748628833,0.0371273633
85951,1.1685046334,0.0811328485,-92.36965734,0.0,0.5020339466,1.3563965501,0.1228303207,0.1470183528,0.3002981345,0.0347529321,0.3572667649,-0.130598489,-2.516710904,0.2853207732,0.1305984886,17,0.0089218829,0.46,0.2633804489,-0.468927971,-0.303255027,0.1279751296,-0.108276645,0.1308050236,0.0754439186,0.453827318,0,2.3968181818,-0.416179362,0.7551851852,-0.52767042,215.82867133,8.4278146419,0.4068710716,0.0,0.0,1,1.03050864,0,0.0,0.3946365732,5.0,24.331915998,0.0866849209,0.3734528071,0.9741084504,0.1829171315,0.0137169259,0.2886567528,-10729.96442,0.0457936334,12.93285592,0.0107616386,0.0255309491,0.0380544509,0.1099209578,0.0018771802,-0.046600875,2.0,0.0194460813,1.8983364979,0.0680271918,5.0,14.618650334,-0.40267171,3.6953069998,0,0.0957318355,0.0317460597,0.0213675251,0.0322864627,0.2940627471,4.5811129044,3.3830019e-09,6.8960476e-09,0.8223972192,0.6763371861,0.5265455266,0.0644547056
90603,0.6240754913,0.0653002837,-6.900902312,0.0071641251,4.8304153597,0.2229110368,0.0322063331,0.161221939,0.0402824486,0.0167156088,0.1645825371,-0.009547717,-0.742151919,0.1137630146,0.0095477167,12,-0.001568355,0.1013513514,0.17034951,-0.043040174,0.0026216835,0.1171345595,-0.281995885,-0.001736049,0.1358522299,0.6699901088,0,1.0291742364,0.0090598649,1.0242138112,0.0118570019,0.3495008202,0.0531627693,0.014832731,1.0,0.0,0,,0,0.0,0.3443812948,8.0,0.0129477939,0.0022700329,0.0576013174,-0.29614741,-0.899853452,,0.0342253734,-5121.884152,0.0286434127,13.009154551,0.0005660897,0.0036407521,0.0316210754,0.0090291193,0.1019506288,-0.007276519,2.0,0.0012658228,0.013105124,0.0211933898,4.0,12.296458219,-0.215489196,0.5557843903,0,0.0654744878,0.0400927477,0.0176998225,0.0248270626,0.3313654221,0.6948632546,1.7364026e-08,4.5246055e-08,0.9538490897,0.909828086,0.3119763541,0.0313844054
85953,0.2128617258,-0.123439614,2.1369433198,0.0,0.736545764,0.9945822967,-0.126054772,0.0051988563,0.8007105104,0.0234521576,0.1584005492,-0.040301904,-0.309171271,-0.085275632,0.0403019042,18,0.0191282805,0.1038251366,0.0175551214,-0.480728699,0.0076658394,0.6762820513,0.5455274873,0.0342546862,-0.310384445,0.3974961929,0,0.966711554,-0.034372068,0.8382440075,-0.062186379,18.450910931,2.8800853148,-0.104396915,0.0,0.0,1,0.0827702703,0,0.0,2.4172337605,3.0,-1.617430089,-0.238053479,-0.209206625,0.3269058954,-0.940595217,-0.776276938,0.0021311942,-4722.873171,0.0278203388,10.391080612,0.0012130665,-0.037450199,-0.141960967,0.0157402558,0.0567767147,-0.013990905,0.0,0.0018004452,6.2067609551,-0.100360906,5.0,8.6487208908,0.1747226905,0.2069984095,0,-0.111549313,0.0975954831,0.0444359146,0.052715875,1.7098330575,1.7602402636,8.5048651e-06,8.1151589e-08,0.800714326,0.6411434319,-0.155259955,0.0618632587
86302,0.7043489066,0.0573729079,-11.29933645,0.0289107839,6.1220486303,0.2862962372,0.0307935094,0.0841165918,0.0437017978,0.0058062313,0.0868653261,-0.003832427,-0.4436583,0.0828268747,0.003832427,16,-0.001193411,0.2538860104,0.1167,-0.078125783,0.0030437131,0.1657495638,-0.001641562,-0.001102149,0.0712387166,0.5520055562,0,0.8603767252,0.0934292666,0.859031278,0.0957501725,0.5473885444,0.0626032456,0.0106594702,0.0,0.0,0,,0,0.0,0.4236305621,7.0,-0.004271566,0.0069429984,0.2101359764,-0.215873994,-0.135932192,,0.0032892335,-5264.452502,0.0286434127,12.724465247,0.000130269,0.0020586761,0.0184934693,0.0165221923,0.1736967484,0.0138784994,0.0,-0.005291005,-0.221310285,-0.054198003,5.0,11.588104386,-0.203353699,0.3318723902,0,0.0654744878,0.0378863551,0.0151938377,0.0295061944,0.5086780295,0.7817264244,2.8206545e-08,7.7575604e-08,0.7889435918,0.6224319911,0.0566842499,0.029945083
87614,0.8554403284,0.0701801137,-26.35506513,0.0244296865,7.1216887415,0.3161362859,0.0220028586,0.0664701303,0.0378031648,0.0510396451,0.0649009377,-0.0042298,-0.465803592,0.1028702627,0.0042298001,16,-1.5752e-05,0.0290909091,0.0467442503,-0.028668745,0.0442415452,0.1098248073,0.0426199696,-0.000460246,0.0797156711,0.5666053008,0,0.9796679756,0.0434556924,0.9790882175,0.0435241346,1.2827490944,0.0534568849,0.0114434438,0.0,0.0,0,,0,0.0,0.356899358,6.0,0.0232707036,-0.000541279,-0.014659125,-0.064782572,-0.87545983,,0.0233326215,-5054.924122,0.0286434127,13.033232001,-2.9724e-05,0.002115364,0.020019956,0.0033504643,0.0328975982,0.0025907021,0.0,0.0,0.3525020484,0.0292020832,5.0,12.3121721,-0.063942426,0.4452931145,0,0.0654744878,0.0263157412,0.0119007483,0.0214184054,0.2893079264,0.4154769481,1.4639437e-08,6.7490476e-08,0.9844069706,0.9690570837,-0.041679198,0.0241366465
14175,1.0229876911,0.0687578591,-43.08317924,0.0217715563,10.237600251,0.4857017026,0.0227430497,0.0576798356,0.0356447983,0.0120507855,0.0582908222,-0.003933162,-0.638366718,0.1126505879,0.0039331619,5,-0.001216119,0.0424242424,0.0454483262,-0.033736537,-0.010627252,0.0631011367,-0.032036488,-0.000232462,0.0642455638,0.6024269992,0,1.0235971676,0.0115856694,1.0165611513,0.0136558058,2.144996023,0.0531592319,0.0082887582,0.0,0.0,0,,0,0.0,0.402226386,5.0,-0.022440521,0.0013050934,-0.001325792,0.1027647902,0.5054301269,,0.0331129467,-5404.093612,0.0286434127,11.527177387,-0.000602409,0.0011386873,0.0129486093,0.0009847766,0.0126639424,-0.175889028,0.0,-0.00212766,-0.863546587,-0.037182811,4.0,8.3168941721,0.0201059255,0.0859660434,0,0.0654744878,0.0456255563,0.021610416,0.0325106286,1.7833104928,0.5007278573,3.6504034e-06,3.321577e-07,0.4057722759,0.1646511399,-2.532741672,0.0361748871
85994,1.267920675,-0.241339488,-82.9867834,0.048338521,11.632321008,0.5123391022,0.0253950702,0.0245197492,0.0345448202,-0.001571291,0.0558346406,-0.031475559,-1.677023447,0.1633924921,0.031475559,17,-0.00038223,-0.0404684,-0.03691174,-0.11098583,-0.003057742,0.2088452088,-0.061319384,-0.000679248,-0.193224098,0.4403243289,0,0.838097994,0.0266382418,0.8359250886,0.0275131563,3.6131613468,0.0665547077,-0.018776972,0.0,0.0,0,,0,0.0,0.2792195476,4.0,-0.670754311,-0.000982197,-0.084218434,0.3476977741,-0.919185923,-0.014465589,0.0838548509,-2536.290412,0.0286434127,15.136625208,0.0043738872,0.0015482979,0.0146760897,0.0008977509,0.010663666,0.0060634626,0.0,0.0,-0.296499918,0.0202175537,5.0,15.260376247,-0.121375142,1.4822290351,0,0.0654744878,0.0350154638,0.012995851,0.0188940633,0.4327594228,2.6787868681,5.937752e-10,1.6982314e-08,0.7056637505,0.4979613288,0.1531721899,0.0292471337
89821,0.6958430779,0.0523859034,-39.64674989,0.0102276391,6.563156946,0.3251098754,0.0247439755,0.2610039213,0.0481375883,0.1939713585,0.2446970265,-0.003037215,-0.377305206,0.0721513775,0.0030372151,14,0.0003577061,0.3274193548,0.1379977289,-0.219036504,0.1791924055,0.0968311665,0.272900946,0.0040070275,0.4387940884,0.577718334,0,0.9450320443,0.0524203438,0.921533319,0.0605050784,2.1409488931,0.059906086,0.0114114192,0.0,0.0,0,,0,0.0,0.5729701839,6.0,0.0411909008,0.0006976799,0.2836693208,-0.224379823,-1.257535498,,-0.007386264,-4937.454032,0.0286434127,13.724029613,0.0005511513,0.0027904066,0.0295825146,0.0180453649,0.0135561239,0.1771920358,5.0,-0.003148898,-0.420792989,0.0129180287,3.0,13.021553598,-0.236031676,0.6360096966,0,0.0654744878,0.0356454588,0.0130321076,0.0236458282,0.5024702168,1.9092565656,3.357841e-09,2.9870651e-08,0.786569819,0.6186920802,-0.108850084,0.0326892195
85992,0.0603221549,0.0271746796,21.692287565,0.0,0.0451189159,0.1630825429,0.6516734458,0.0683011671,0.9379541212,1.251001596,0.1712375905,-0.039487141,-0.148317073,0.0312051485,0.0394871412,17,0.0,0.0948616601,0.1871716065,-0.033419936,0.0098656781,0.359108022,-0.115823648,0.0141289603,0.0024065732,0.6152584939,0,1.8716036315,-0.108528746,1.8716036315,-0.108528746,3.9546119353,5.6675726724,0.6989211099,0.0,0.0,0,,0,0.0,1.5383840164,6.0,-10.1220449,0.2178248694,-2.346604489,3.8383449241,0.17158778,0.5791752535,1.0257774265,-1216.906678,0.0288563477,15.289626687,0.0107709378,0.0928964842,0.1516998738,0.0036679292,0.369162223,0.0045794265,3.0,0.0009630819,1.5571695011,0.0387826934,7.0,15.877203425,-0.555012263,2.2739047461,0,-0.111549313,0.1441687047,0.0385370222,0.0301546995,0.5563297009,7.3160384229,4.328032e-10,9.7715839e-09,1.3344525665,1.7807636523,-0.05407771,0.0391942992
85972,0.7651550632,0.048743185,-0.710347518,0.0,0.3585079482,1.0949918111,0.0908097102,-0.016521804,0.3108234677,-0.081699672,0.0485120261,-0.051980432,-1.210734712,0.107758251,0.0519804318,17,0.0,-0.244556114,0.1003440696,0.090403072,0.0161525099,0.4384186173,0.0705729924,-0.002091763,-0.043400745,0.3702798465,0,1.8685318008,0.0085483036,1.8685318008,0.0085483036,6.3563766883,3.6158930236,0.2049343028,0.0,0.0,0,0.0,0,0.0,0.4422023432,8.0,-0.013409156,0.0578042677,-0.127841193,0.2418293016,0.3052070206,0.6739073071,0.010772453,-4386.75192,0.8789741303,12.178618747,-0.002772793,0.009649546,0.0133371884,0.0158421955,0.067790319,0.0287072402,0.0,-0.003243744,0.6709489763,0.0279513747,2.0,12.627581923,0.1259806579,1.4758930895,0,-0.3273973,0.1443089545,0.0377412767,0.0373506586,0.4754608682,2.4054480165,2.3558796e-08,1.7478464e-08,1.1127944948,1.2383115877,0.0662934849,0.0364180857
86047,0.664405149,0.077608326,-0.948969681,0.0,1.4907094823,1.8627045822,0.0804077679,0.0607204276,0.319994643,0.0919465441,0.0171018999,-0.136922932,-3.708396607,0.3654107787,0.1369229316,17,0.0065006273,0.04784689,0.0585127433,-0.159728071,0.1028036419,0.2106100406,0.0298631127,0.1257748816,0.1703766226,0.5752050509,0,1.7099130733,-0.041362252,1.3910689562,-0.068656841,6.9139490132,6.6628768765,0.2396266268,0.0,0.0,1,0.1212459628,0,0.0,1.0417723908,6.0,3.1069078628,-0.049423337,-0.11939364,1.4795596073,-0.531186652,-0.946322473,0.4570595855,-3439.120507,0.0446872923,14.119581776,0.0004210172,0.0076106654,0.0240556207,-0.073762729,0.1185594031,0.0862175712,1.0,0.0200445434,1.1710853666,0.126609331,5.0,14.099584153,0.0332270149,0.9517329705,0,-0.101630079,0.0511883385,0.0209870405,0.0394043937,0.4285866173,1.8518380195,3.4226675e-09,2.491554e-08,2.0420946416,4.1701505254,0.0026132258,0.0545492122
89681,0.7863812185,0.0644753269,-6.584552129,0.0186682115,1.9017104802,1.6475964683,0.0440765112,0.0291494499,0.0559681348,-0.001825452,0.0160469062,-0.020764866,-0.8534641,0.1195027037,0.0207648662,12,0.0,-0.083333333,0.0869308836,0.01571508,0.4045475653,0.586166786,0.0073575735,0.0079317644,0.0622771249,0.2449320995,0,10.255422462,0.3481718967,10.255422462,0.3481718967,7.8798328841,2.8344502748,0.0537426142,0.0,0.0,1,0.0043482826,0,0.0,0.1764607359,8.0,0.0009389151,0.0806192588,-0.147126962,-0.064810694,1.0470110926,0.4481902159,0.021018906,-8773.574098,0.0331128264,13.694843674,8.43834e-05,0.0063839186,0.0224010932,0.0068395109,0.0652334761,-0.014969309,2.0,0.003973181,0.4257005219,0.03449063,7.0,13.948056528,-0.090694893,1.095806578,0,0.048781298,0.0139997341,0.0100118037,0.0254351064,0.3916558272,1.7953589697,1.8664702e-09,1.9774836e-08,0.6175956943,0.3814244416,-0.039030615,0.0236957504
90331,0.9454599236,0.0746894353,-10.55907155,0.0,8.5847481255,0.4062649586,0.0198145111,0.0658248842,0.0387720616,0.0021180457,0.061047639,-0.001925955,-0.238158951,0.0924773928,0.0019259546,14,-0.003968765,-0.032608696,0.020380503,-0.079909494,0.087070177,0.0411635297,0.0206432042,-0.005652862,0.1112546689,0.6352162225,0,1.1956596603,0.0494040468,1.1845248524,0.055827602,0.6054748004,0.0566928651,0.0109763011,0.0,0.0,0,,0,0.0,0.4074796213,6.0,-0.283538525,0.0005136846,-0.07635873,0.0252370227,-1.352789335,,0.0129397516,-5448.448972,0.0286434127,11.478850623,9.90455e-05,0.0013250351,0.0132810022,0.0052905963,0.0415875565,0.0426014638,0.0,-0.003833306,-0.319386983,0.0023082588,1.0,8.9590288154,-0.626672938,0.1107357357,0,0.0654744878,0.0367253646,0.0139811992,0.0189464383,1.8337555711,0.3052747332,9.0096832e-06,2.6142867e-07,0.3981132233,0.1584941386,-0.959485261,0.0433446508
75819,0.4056090486,0.0221333082,81.155804404,0.0409158333,0.5747450907,0.1437174637,0.0448267844,0.0757508276,0.0525305382,0.0145552689,0.1526315706,-0.038145925,-1.649247035,0.0586366011,0.0381459246,17,0.0,0.0301075269,0.0946993196,-0.815898788,-0.025738603,,,,-0.016329602,,0,1.1606335652,0.6064256436,1.1606335652,0.6064256436,24.194707321,2.9584892847,,0.0,0.0,1,0.2252719196,0,0.0,0.0746478948,5.0,6.0531479093,-0.129291105,-0.122377077,-53.80025804,,-0.464654155,-1.203981114,19058.579752,0.0207317787,16.860259612,-0.00042661,0.0018634273,0.004102024,0.0065233857,0.0062336996,,0.0,-0.003745986,0.2851701213,-0.054860787,4.0,17.716966084,0.2660444283,1.8087137568,0,-0.142502855,0.0145478137,0.0138773729,0.016555653,0.3459574137,2.2771085021,6.957576e-11,1.6422069e-08,0.4445798327,0.1976512276,-0.159635217,0.0302197721
90544,1.2395615919,0.1149464845,-99.34486011,0.0078041335,13.27941632,0.6885249884,0.0293752967,0.0413647981,0.0364521828,0.1142128573,0.028834926,-0.010068574,-1.254491018,0.2591458168,0.0100685739,12,-0.011065819,-0.008928571,0.0587246494,-0.029605998,0.1656163081,0.0666001994,-0.098755963,-0.011700825,0.2032286273,0.5356490044,0,1.0085686234,0.0098230908,0.9727111863,0.0290531731,5.4374100719,0.066698567,0.009811838,0.0,0.0,0,,0,0.0,0.4964874186,8.0,0.0290368136,0.0032567486,-0.052678605,0.319338691,-1.015131601,,0.1796081756,-5399.689022,0.0286434127,12.20376881,0.0002071858,0.0024743762,0.0261436975,-0.000924997,0.008363824,-0.008624526,0.0,0.0026451663,0.2253152635,-0.033640221,2.0,10.942754054,0.635397217,0.2830930537,0,0.0654744878,0.0647059083,0.0173351776,0.0298996186,0.4983535444,0.7154035745,5.2315719e-08,7.0419918e-08,0.6626220079,0.4390679254,0.1155209761,0.032411944
86062,0.3115432102,0.0513078328,6.6533125447,0.0446747767,0.0931372571,0.2715435945,0.2523293954,0.0242682475,0.5101889589,0.0055167658,-0.02574409,0.1374576737,1.0713266762,-0.003659617,0.1374576737,17,0.0588450627,0.1022727273,0.1827999841,-0.247418084,0.0460471351,0.5174506829,-0.516480509,0.0692617636,0.0402321674,0.439296437,0,2.6495039164,0.1358812545,2.1278328982,0.0149967704,3.0344545547,3.2324112394,0.5767608706,0.0,0.0,1,1.0,0,0.0,0.6725217657,6.0,-10.08905573,0.1514238487,-2.339193422,4.0895659795,0.3630786379,0.6938516491,0.9909126608,-4125.120508,0.0288563477,11.124969916,-0.015976676,0.0135501355,0.0170322118,-0.025453665,0.1756416239,-0.013316289,0.0,-0.003333333,0.4348921395,0.0485374271,2.0,10.6963049,0.4064151156,0.4060796113,0,-0.111549313,0.0099132499,0.0062766396,0.0176508918,0.5809292975,0.6004605192,9.0287738e-08,9.0978097e-08,0.8300492515,0.6889817599,0.0588984786,0.0444879973
86026,0.4973640381,0.08107834,3.8459697624,0.0129185464,0.466610185,0.9263754685,0.1147231544,0.2582106455,0.4026676733,-0.002259005,0.256164028,-0.024740889,-0.263971463,0.102480708,0.0247408893,17,0.0289758163,0.1818181818,0.1735466536,-0.036320798,0.0209288969,0.3514851485,0.0614851485,0.0476909526,0.2601367855,0.3081736174,0,1.8582323912,-0.290277467,1.0287124271,-0.355864573,20.753779698,5.848447961,0.2588289428,0.0,0.0,1,1.0,0,0.0,0.7723497802,5.0,47.61230186,-0.150295407,-0.026805058,-8.323038638,0.5650604972,0.2324734572,-8.654871276,-4510.097557,0.0248274717,13.963273084,0.0015491867,0.0356570513,0.0648097579,0.0232131702,0.1306058222,-0.005470668,2.0,0.0047301656,0.5737696465,0.0412220647,5.0,14.476997659,-0.392817388,1.675580215,0,-0.25352422,0.0350380987,0.0152066449,0.0223327606,0.3039007778,1.9336291571,1.7650848e-09,1.521562e-08,0.908234615,0.824890116,0.0740400114,0.0289708134
86021,0.5104112987,0.0641273609,1.0370918778,0.0201846663,0.8185896249,1.1709038004,0.0801111195,-0.010866457,0.1140263083,-0.04412313,0.0685829551,-0.028752156,-0.602409639,0.1027583012,0.0287521564,17,-0.009560092,-0.0625,-0.03945492,0.0472008978,-0.066486784,0.1976102941,0.0044386657,-0.00464684,-0.1163685,0.2370761058,0,1.876039604,0.0348028638,1.4047524752,0.0882429753,27.429864253,5.4004454343,0.1071428571,0.0,0.0,0,,0,0.0,0.2369169035,4.0,-10.03955941,-0.03604199,-0.145062152,0.4830531555,-1.189143595,-0.28979116,0.1759515437,7240.2897067,0.0318276958,16.130185078,0.0017805,0.0091689283,0.0240523379,0.0623675592,0.0247775391,-0.009616327,2.0,0.0027745886,2.359125918,0.1031751763,4.0,16.518831092,-0.060523649,1.7084324198,0,-0.095378135,0.0485499538,0.011553394,0.0164391132,0.5368823795,5.5416159611,7.677285e-11,1.0015248e-08,0.8112471982,0.6581220166,-0.026960285,0.0232254846
86083,0.7318104799,-0.341938283,-2.578974823,0.0,3.4835371737,4.3618770455,-0.122794453,0.6782404726,0.291888683,0.0125906394,1.6181221812,0.0754284479,0.7419697937,-0.59564616,0.0754284479,17,-0.022317133,0.3602409639,-0.204896514,-2.716457208,-0.01480544,0.7509422111,0.4697388257,-0.023919842,-0.380461221,0.3000160561,0,1.3361724939,-0.330944261,1.1599261421,-0.334484242,5.0494695184,14.101704879,-0.105931147,0.0,0.0,1,0.2762024011,0,0.0,0.6021429231,0.0,-355.6597549,-0.684757167,0.1798639771,-1.627605047,-0.901648708,0.2766021907,-0.733014454,-3009.108328,0.2277833408,9.1532153327,-0.062299301,0.0305652905,0.3192852981,-0.954296447,0.0947153202,-0.181450412,1.0,1.1243243243,-0.247379994,-0.194430522,1.0,7.8715553594,-0.834932359,0.4344730129,0,-0.166303822,0.3375000358,0.1029774796,0.1321902001,0.8858809098,2.7784692609,6.3875787e-06,3.7165987e-08,1.3268000673,1.7603984185,-0.520240267,0.0903967878
86097,0.4085339357,0.0426330639,151.8835888,0.0108003151,0.553031649,0.3812115551,0.0884551068,0.0366843909,0.186441354,0.0033909004,8.12322e-05,-0.060633395,-1.344780131,0.0999651611,0.0606333955,17,0.0,0.0217096336,0.0779611104,-0.033012774,0.0114109511,0.1007445441,0.0011212557,0.065371352,0.0905998878,0.3024992633,0,1.0161887925,0.0672696756,1.0161887925,0.0672696756,144.85933254,7.9977458851,0.1637432271,0.0,0.0,1,0.0159065466,0,0.0,0.4304829664,8.0,-0.746010748,-0.064987272,-0.237365576,9.1287526486,-11.38082864,0.7701452491,0.008954672,-2288.129449,0.0257826007,15.926507317,-0.034460677,-0.048634764,-0.113352701,0.0002333176,0.0048918702,-0.173914539,0.0,-0.05334058,0.6264049633,0.0232237354,4.0,16.303886748,0.0915548239,1.9578899048,0,0.080304809,0.0316193029,0.0104920117,0.0164572743,0.5662023516,7.6002277684,1.186433e-10,1.1756694e-08,0.8619637856,0.7429815677,0.1305407025,0.0213388466
86051,1.4653657242,-0.015096211,-1.690562278,0.0019250932,0.1830361221,0.9081545643,-0.033684764,-0.014070149,0.1392120716,0.0071154731,-0.079174874,-0.032040426,-3.755043228,0.0415907143,0.0320404255,17,-0.003399531,-0.12749004,-0.021515205,-0.228434833,0.339933519,0.1665288524,0.1453349097,0.0018251517,-0.010320562,0.5774325489,0,6.9861891544,0.0826698201,4.3747207366,0.1170516624,2.0289400787,4.6298308844,0.2421877225,0.0,0.0,0,,0,1.0,0.1675236528,5.0,3.1788452387,-0.020914615,-0.29473057,2.2805201825,-1.370649878,-1.065658247,0.1332395211,-5027.228607,0.0446872923,11.327996927,-0.000219666,0.0002654599,0.0003078186,-0.076658407,0.2268177218,-0.033529599,2.0,0.0104166667,-0.514107645,-0.008779159,3.0,9.7774060663,0.2438120398,0.2604227863,0,-0.101630079,0.038910564,0.0199980317,0.0293425824,0.8838147277,1.0112830275,1.8783387e-07,8.4241888e-08,0.4099755242,0.1680799305,-0.107715995,0.0375008473
86113,2.5924269673,-0.108391728,-10.10559945,0.0,1.4976123711,5.1658694522,-0.031281231,0.0407528023,0.1585131075,0.0,0.2323065488,-0.019995944,-1.05,0.0054195864,0.0199959444,17,0.0166985532,0.3298245614,-0.134487977,0.0072211565,0.0269109917,0.0514490701,0.0781033145,0.2001295453,-0.024319644,0.583949917,0,1.3793005402,-0.241746117,1.2895460146,-0.291087588,11.89004389,5.8771408997,0.081388036,0.0,0.0,1,0.0805710138,0,0.0,0.216526472,3.0,-0.784754814,-0.30501425,0.0707493518,12.374286127,-9.665477606,0.50045689,-0.085590903,-7732.265739,0.0257826007,8.725972229,-0.000172073,0.0086180213,0.0137677953,0.0191734595,0.0301112202,-0.152527783,2.0,0.0590268648,8.6410052323,-0.010516356,2.0,6.9994589607,0.4965343447,0.1116682336,0,0.080304809,0.0620868877,0.0333597448,0.0314247146,0.9649373047,0.7369769719,1.44536e-05,3.0000001988,0.9513129449,0.9049963192,-0.355893779,0.0635540499
15045,-0.467861017,0.0135434422,243.47172044,0.0,6.9239005927,3.150480771,0.1397013777,0.696424657,0.7314205641,-0.160509656,0.6734741087,-0.190351232,-33.80952381,0.6273066775,0.190351232,7,0.0002140466,0.0,0.3302196171,-0.158910574,0.1845956234,0.183958442,0.0191686143,0.5552978065,-0.137540984,0.4739473327,0,2.5041805104,-0.440978733,2.4309759392,-0.434192884,1031.9492386,5.6039171375,0.1293523805,0.0,0.0,1,1.0,0,0.0,-1.717806401,6.0,-10.07539568,-0.004780863,-2.441466149,2.8422547671,-0.801784149,-0.888072133,1.7914755305,-4116.357038,0.0288563477,11.304241269,0.0085633515,0.0047930296,-0.031557603,0.0285877644,0.0003534726,-0.369234226,0.0,0.0178890877,1.2742704411,0.1130978925,5.0,12.106706138,,1.7208469399,1,-0.111549313,0.1437908411,0.0396910729,0.044366649,0.5254196633,4.0165118947,4.931569e-08,1.366068e-08,2.579629421,6.6544879497,0.1665303805,0.08452551
86048,0.3496539171,0.0378167371,8.3699383899,0.0136609117,0.2453278553,0.9219051473,0.1275818148,0.0164185261,0.5248938916,-0.024704547,0.1024815372,-0.041576489,-0.648851818,0.0623541957,0.0415764886,17,0.0,0.0660377358,0.0576642988,-0.042597381,0.0705404628,0.3322184251,0.7405036926,0.0189198898,-0.036361295,0.3188896234,0,1.4701365627,-0.168411088,1.4701365627,-0.168411088,16.205983023,6.3263141017,0.2377226569,0.0,0.0,1,1.0,0,0.0,0.8400768438,7.0,0.8186148765,0.1272958141,-0.058332567,0.0142154922,-0.811870557,-0.67716523,0.029761868,-1898.130779,0.0772902197,13.014057737,0.0056275495,0.0190661454,0.0329171152,0.016791218,0.1041340013,-0.001783284,0.0,0.0014545455,1.856169795,0.1257185396,6.0,13.4473151,-0.555318508,1.254534476,0,-0.045482084,0.0294708349,0.0167224978,0.023501215,0.3819912159,1.5260290323,9.0844079e-09,3.055354e-08,0.5928944721,0.351523855,0.0525724995,0.0508335287
86196,0.0649323685,0.0106895678,25.814130424,0.0,0.219480337,0.1208895811,0.0506052295,0.9898193563,0.5356472984,0.0152432509,1.2404891006,-0.040090758,-0.801372466,0.0192558932,0.040090758,17,0.0,0.2305279665,0.232796536,0.0630640555,0.0113877496,0.2224493331,-0.1939571,0.0764735186,0.4438068825,0.1967105674,0,1.1097407871,-0.042847145,1.1097407871,-0.042847145,4.3555096419,5.048354587,0.0963473805,0.0,0.0,1,0.8935887204,0,0.0,1.7024020147,5.0,-10.10011258,-0.063364293,-2.210938182,3.8429551377,-0.562274828,0.5791058818,1.0138281711,-49.31316838,0.0288563477,15.551366805,0.0150297902,0.0067389822,0.0198931056,0.0054420966,0.1512451759,0.0060673736,1.0,0.0003351768,1.7203036053,0.0404674066,7.0,16.204331052,-0.267368922,2.491584707,0,-0.111549313,0.0206473041,0.0162111114,0.0269560911,0.3730280291,4.8926039246,2.823025e-10,1.0628923e-08,1.2910683368,1.6668574503,0.0232798648,0.0287097076
86128,0.8295023191,0.1412269774,-3.853791665,0.0,0.5380293965,2.1973352518,0.0544905761,0.1612715773,0.4783563168,-0.000495622,0.1260267098,0.1051679702,0.947651785,0.0073929802,0.1051679702,18,0.0683072447,0.0496742671,0.2027847323,-0.269599104,-0.063672604,0.0793841616,0.1107676983,0.0659628838,0.1853360914,0.5315994115,0,1.8815481676,0.0602624724,0.3881542715,0.4107186761,23.040385146,40.671754899,0.3232929241,0.0,0.0,0,,0,0.0,0.7863557534,5.0,0.0554443252,0.4199336508,0.0202192294,0.3900914169,-0.097542533,-1.190366474,-0.146704078,-6581.913304,0.4483017869,13.040311982,-0.062299301,0.073879091,0.1268969035,0.0735993402,0.0697379507,-0.049010138,3.0,0.0014154282,1.0279275594,0.0339803211,3.0,13.770244669,0.4875848389,2.0954752364,0,-0.191138643,0.0505952649,0.0305355619,0.0389370795,0.5736016256,6.2808629634,4.8729415e-09,8.4114981e-09,1.5474560543,2.3946202399,0.0323936973,0.048870155
88341,1.0802168629,0.1026211383,-23.60858643,0.0137695204,14.559695586,0.7139100797,0.0279291734,0.0259700278,0.0422788088,0.0399364196,0.0219762382,-0.00510855,-0.770838777,0.181725491,0.0051085502,15,-0.003811498,-0.037634409,-0.05809202,-0.089921893,0.0590056605,0.0468825004,0.0259992717,-0.004370585,0.0831944071,0.5816837546,0,0.9386795859,0.0274783187,0.9230635143,0.0334982887,1.2438272326,0.0624881178,0.0087354199,0.0,0.0,0,,0,0.0,0.6480639957,6.0,0.0434228299,-0.001078483,-0.081384443,0.1599939621,-1.269185923,,0.1021878498,-5423.897798,0.0286434127,11.306962694,0.0004971786,0.0021089987,0.0303142417,0.0086534872,0.0261700651,0.0001658821,1.0,0.0127829628,-0.548441287,0.0515589677,3.0,8.1635137565,0.0742835169,0.071468042,0,0.0654744878,0.043265868,0.0155598323,0.0238289264,1.2278114532,0.390749295,1.2924278e-06,1.0000002649,0.2599749169,0.0675869574,0.2740501459,0.0243392373
86211,0.1766555383,0.0027412639,3.6925868251,0.0,0.1275768425,0.3156836228,0.0624864814,-0.045629993,0.8025683417,0.0008849558,-0.148487579,-0.016717483,-1.899702085,0.0079488486,0.0167174833,17,0.0,-0.217859405,0.006845081,0.094428191,0.0065186444,0.3249113703,0.0516327147,0.010430152,0.0455810986,0.7945647793,0,2.3434617334,0.1402127741,2.3434617334,0.1402127741,1.6751943651,7.373876108,0.1190546285,0.0,0.0,0,,0,0.0,1.5142624208,7.0,-10.16374789,0.0318097728,-2.659325554,3.9546783075,-0.691815865,3.2725180214,1.0025211266,-2397.677558,0.0288563477,14.336572532,0.0158789995,0.0390959161,0.0627621877,-0.009704011,0.7283399739,-0.004663906,2.0,0.0009670688,2.8171616435,-0.13441043,6.0,15.377016827,0.0973173387,3.3599574015,0,-0.111549313,0.0241993628,0.0169423521,0.029856354,0.4690228441,8.8328881415,4.707222e-10,5.7254148e-09,1.1410255077,1.3019392092,0.1118917232,0.0431069859
89279,0.4857878208,0.0726688862,-9.449653678,0.0437958962,5.4084106633,0.3188685037,0.037772753,0.0659671394,0.053397171,0.0,0.0690896395,0.0090780864,0.7135430205,0.0208165096,0.0090780864,16,0.0109813428,-0.010638298,0.0236189437,-0.01799626,0.0108969078,0.0967687505,-0.037002127,0.0133505738,0.0323966279,0.6513094351,0,0.9793701455,-0.003350369,0.9593724641,-0.015195905,0.6252500185,0.0709803023,0.015954855,0.0,0.0,0,,0,0.0,0.6274789241,5.0,-0.000769262,0.0006072174,-0.054388332,-0.43443508,-0.089064647,,-0.058721132,-5392.605322,0.0286434127,11.755862245,-6.6372e-05,0.0034110895,0.0388581394,-0.000517051,0.0426220364,-0.078072843,2.0,-0.000644195,3.8195567051,0.0247164209,4.0,9.4704544036,0.0753328177,0.0889786152,0,0.0654744878,0.0153107261,0.0085732646,0.0136854657,0.8428937308,0.3793883124,2.9036329e-07,2.3853246e-07,0.0827540212,0.006848228,-1.6939115,0.0210035962
86150,0.9513312662,-0.159262374,-0.880667006,0.0224827707,0.4070059377,2.6863647205,-0.16469199,-0.19952285,0.6030145549,0.0013324115,-0.239122782,-0.001372317,-0.01316308,-0.157165991,0.001372317,18,-0.001503796,-0.101413645,0.0067746056,-0.472660376,0.0282843763,0.1914318506,-0.07499466,0.012701818,-0.181293246,0.6327121938,0,2.7942761933,0.0336794614,2.0269283544,-0.065475334,6.6021410832,60.095057568,-0.100313856,0.0,0.0,0,,0,0.0,0.8806088662,5.0,-0.558860808,-0.020335798,-0.206665664,4.1350690666,-1.047499984,0.189258376,0.5223283603,-5417.025961,0.1657105497,10.715350862,-3.6555e-05,-0.079205039,-0.113091154,-0.078223562,0.2141964573,-0.033044768,0.0,0.0,5.9179766719,-0.324730676,3.0,10.872631087,0.1716795488,0.8477544679,0,-0.128574987,0.1071428582,0.0395621444,0.0664750042,0.6569443701,1.3621373934,3.6674994e-07,4.7228583e-08,1.3741256971,1.8882214314,0.2210290827,0.0940763271
87318,0.5126948965,0.0506829617,-15.85018151,0.0005735438,4.3222418186,0.1960865856,0.026363046,0.3914558732,0.0493023604,0.1642973036,0.3699272273,-0.001164159,-0.096759925,0.0555870413,0.0011641595,16,0.0013938869,0.1062176166,0.1533322345,-0.315667713,0.0095154741,0.2643593905,0.0467431085,0.0022929851,0.6273916795,0.6379984969,0,1.0624301749,0.0503686062,1.0490819733,0.053726596,0.819912118,0.0492034829,0.0148179315,0.0,0.0,0,,0,0.0,0.551332343,5.0,-0.012128909,-0.002629671,0.0624675826,-0.407528004,-0.791109103,,-0.0239506,-4427.945542,0.0286434127,14.347969148,0.0011992763,0.0037302285,0.0280539722,0.0114692827,0.0519709938,0.0008769772,8.0,0.0002197802,0.3047685831,-0.045355337,5.0,14.40027934,-0.226246588,0.8903707232,0,0.0654744878,0.0249946099,0.0124737066,0.0239261108,0.1976752297,0.7139332637,1.5842916e-09,2.7124145e-08,0.8450957126,0.7141867635,-0.079524754,0.0295778241
86157,0.576802119,0.0541872832,-26.80816797,0.012422706,5.1435551095,0.2756271552,0.0238679055,0.0933608884,0.0511559469,0.0099583829,0.0927887138,0.0005922027,0.059847623,0.0509443031,0.0005922027,17,0.0002756335,0.0409356725,0.0787418845,-0.080247794,-0.01867707,0.4532413793,-0.254806953,0.0007226788,0.0984901311,0.5878118995,0,0.9946486987,0.0607050212,0.9887990608,0.0613056925,1.6113798941,0.0621819699,0.0122484285,0.0,0.0,0,,0,0.0,0.5097123991,4.0,-0.016344289,0.0016939285,-0.002814361,-0.343420782,0.3905995054,,-0.028593338,-4963.172722,0.0286434127,13.12436696,-0.000561927,0.0021963986,0.0215531002,0.0019016187,0.0284025017,-0.006949578,0.0,-0.001537279,1.8923770664,-0.055455588,4.0,12.292178937,-0.065362983,0.5656699943,0,0.0654744878,0.0262927432,0.014334157,0.0288109332,0.3430930906,1.2453170369,7.8773787e-09,3.0662175e-08,1.16669889,1.3611863,0.0218986381,0.029073845
92919,0.9058780821,0.2074340869,-33.28536407,0.0,7.5677495587,0.4059919708,0.0314020124,0.0107241224,0.0482063351,0.0194917345,-0.021350862,0.0100360814,0.4077963077,0.1228432322,0.0100360814,14,0.0009863803,-0.093023256,0.0388117874,-0.022915221,0.0315624232,0.1144354839,0.0741173692,-0.000401592,0.3918021851,0.4539545883,0,0.7641317716,0.1069788547,0.7598241136,0.1054174981,1.8159444745,0.0826384854,0.0297550512,0.0,0.0,0,,0,0.0,0.6209385492,7.0,0.3163939557,0.0041265168,-0.13677329,-0.014344819,-1.310082085,,0.0433055909,-5357.994822,0.0286434127,11.900034769,0.0003701225,0.0019962962,0.0188926932,0.0034746704,0.0268939216,0.0179084715,1.0,0.0053380783,-0.640714167,0.0183129851,3.0,10.16308027,-0.03958748,0.1751378325,0,0.0654744878,0.0236619767,0.0100604666,0.0183790056,1.0356125572,1.1596626311,1.2415273e-07,1.0640144e-07,0.3021947071,0.091321641,-1.688908731,0.0309221074
86158,0.2411966731,0.0448496944,5.6453058262,0.0,0.1239821309,0.3198003615,0.232025795,0.4275842091,0.5020838323,1.0054958797,0.9191808687,-0.00338652,-0.023444573,0.0459011764,0.0033865203,17,0.0,0.2339556593,0.1605181117,-0.06237862,-0.008509849,0.1600891594,0.005119807,0.0364029883,0.2614865793,0.5189613472,0,2.604186808,-0.248334577,2.604186808,-0.248334577,2.7187883306,4.475141545,0.541632345,0.0,0.0,0,,0,0.0,0.6713225728,3.0,-10.12501526,-0.0692297,-2.20751049,4.0192194424,-1.003606206,0.271931039,1.0404734543,27856.477122,0.0288563477,17.381222762,0.0040841904,0.0336678647,0.0465061821,0.0159191139,0.3301949852,-0.020598805,0.0,0.0,0.4393458226,-0.018371867,6.0,17.899207785,-0.306481945,1.4842149856,0,-0.111549313,0.0166498777,0.0109260797,0.0180676708,0.3598444142,2.2587463576,4.074843e-11,1.7903334e-08,1.0733058376,1.151985421,0.0003702622,0.028647378
87067,0.8327647683,0.0758206976,-72.0987506,0.0458408773,6.8071975899,0.3199531375,0.0247687673,0.0124101497,0.0338089146,0.0049667323,0.0020578739,-0.003906189,-0.391189068,0.1054809256,0.003906189,16,-0.000974171,0.008583691,0.0007577834,-0.048229732,0.0911962396,0.07352226,0.0053860413,-0.001661244,0.1057920026,0.4584276693,0,0.9051559349,0.0427751019,0.9014625997,0.0446527777,3.7355560905,0.0684178038,0.0124103543,0.0,0.0,0,,0,0.0,0.3387794494,7.0,0.0156037904,0.0005647251,-0.035166343,-0.087458133,-0.962060842,,0.0259432844,-5304.485662,0.0286434127,12.273187941,-6.045799e-06,0.0026961258,0.0255663608,-0.003493,0.0126455505,0.0011699776,1.0,0.000389735,0.1320221762,0.0004035817,7.0,11.293564263,-0.334019722,0.3188257857,0,0.0654744878,0.0309438054,0.0143399064,0.02750785,0.384597352,0.5779785093,4.1913913e-08,7.2531727e-08,0.784119106,0.6148427724,0.0573661896,0.0225373672
88836,0.3701950915,-0.070013585,1.3825619385,0.0,0.0643345508,0.1681717964,-2.031624864,1.1517783292,-0.228839261,0.2626114929,-0.125945537,-0.042601583,-0.193638171,-0.056456283,0.0426015833,15,0.0,0.0,0.6406844106,0.0237689878,-1.443347273,0.6557971014,0.9372397135,-0.293245629,1.8845986985,0.9655990134,0,6.8568856886,1.729129273,6.8568856886,1.729129273,0.4111761503,18.587692308,-0.942078708,0.0,0.0,0,,0,0.0,-0.360086768,4.0,49.924550545,0.2007083503,-0.20862324,-8.450207584,-0.534134442,-0.42660587,-8.813808267,-5511.444357,0.0248274717,9.5079172915,0.0,-0.123482114,-0.14610232,-0.001479444,0.9127349797,-0.098948725,1.0,0.0865800866,-0.514084618,0.0050440412,4.0,10.468544591,-0.242200368,1.1363476425,0,-0.25352422,0.1443556398,0.0558173858,0.1009879079,0.9968763917,5.2574747188,1.2744607e-06,2.5298476e-08,3.3482519805,11.210791325,0.0655632966,0.1832419965
14778,1.4987520537,-0.075748855,-7.373281007,0.0,2.633345368,1.6303183789,0.0852693949,2.3874659401,0.7261087367,-0.589344805,1.8867522287,-0.112451659,-3.605457057,0.1973603887,0.1124516595,11,0.0,1.6666666667,3.4436362772,-0.336026065,0.039299448,0.17536131,0.3616778059,0.6011923779,-3.068634317,0.1262303591,0,1.7604066285,3.2792663029,1.7604066285,3.428478885,15.284604693,6.1142417949,-0.001215061,0.0,0.0,1,0.2234097288,0,0.0,-1.720970497,5.0,0.3000204822,0.2007324814,1.4740690676,5.9075977282,19.58808536,-2.277617903,0.9197783956,-14600.39811,0.0314049921,11.569546255,0.0053983364,0.0170531982,0.0489721329,0.1995785471,0.026216945,0.2586666922,1.0,0.0214943705,1.1339876928,-0.02468646,1.0,11.36591171,,0.9173188267,1,-0.107492679,0.0233690124,0.0127617093,0.0212828621,0.7104050515,11.691474212,2.6696911e-08,1.6042068e-08,1.0587974221,1.121051981,0.0254663209,0.0414310394
86155,0.5494440331,0.0119398922,-15.85055466,0.0,3.2503827862,1.281768582,0.0487501056,-0.032294561,0.0909951982,0.0875508718,-0.045815358,-0.032833255,-10.62341745,0.1387823516,0.0328332552,17,0.0,0.0216594469,0.2312408273,0.2998119799,-0.245724537,0.5204359427,0.1456085619,0.0001601887,0.0562468308,0.0841349363,0,2.3828636054,-0.012109006,2.3828636054,-0.012109006,72.920639501,5.0383150624,0.0387237417,0.0,1.0,1,0.7545397076,0,0.0,0.4030463783,5.0,-0.209421632,0.0450838224,-0.018139431,4.9582897076,0.3249789463,-3.277617903,0.8612003584,-13844.04762,0.0314049921,11.372279784,-0.01717879,-0.146233387,-0.811535723,-0.148541835,0.0296654201,0.0162639028,0.0,1.1243243243,0.3059380748,-0.324730676,1.0,11.822834352,0.6080500408,0.8206621927,0,-0.107492679,0.0921052545,0.0534550065,0.1091345323,0.6502654879,2.1953851437,1.7666966e-07,3.7169069e-08,2.1475215444,4.6118487838,-0.204002375,0.1083156723
86178,0.6414798863,-0.157265336,0.9181405324,0.0,1.7609731967,2.1058687522,0.0427563065,-0.078356258,0.1928149301,0.0163411408,-0.03455123,-0.16927935,-2.695911885,0.2667081523,0.1692793503,17,0.0023870255,-0.154506438,-0.059967471,0.0535487876,-0.040674781,0.2050521702,0.0309955301,0.0162232763,-0.180437618,0.3838686906,0,3.7971551775,-0.147533231,1.5673645392,-0.159653145,48.923552416,6.0049393803,-0.02594031,0.0,0.0,1,0.9852760644,0,0.0,0.5032467532,4.0,3.8261304697,0.0073135018,-0.261991068,0.1316269868,-2.92581027,-0.131432352,0.2256099859,-10303.84764,0.0588548821,11.681909213,0.0021584315,7.57969e-05,0.0002867359,-0.012488814,0.0010821256,-0.035819337,0.0,-0.01848249,-0.027738601,-0.028328354,3.0,10.831379556,-0.091199907,0.361059583,0,-0.156910843,0.0280373544,0.0087505982,0.0268439421,0.5871216471,1.3264455722,3.7187791e-08,4.9975218e-08,0.9120387287,0.8318146427,0.2508092209,0.0452345262
86288,0.2550395385,0.0075606351,7.9995756074,0.0,0.0960705669,0.0970478939,0.0536793283,0.6576864267,0.3681007365,0.1202856351,0.7323043267,-0.059293602,-2.207314627,0.0242493356,0.0592936015,17,0.0,0.1945259042,0.3061461459,-0.607104661,0.0683358568,0.954157797,0.3748323402,0.0174847373,0.6312188666,0.285489998,0,5.0281750356,0.8183787184,5.0281750356,0.8183787184,1.0928328008,14.499534251,0.2563029882,0.0,0.0,1,1.0,0,0.0,0.4873731223,5.0,-10.11585528,0.0821572326,-2.246940245,4.0330623077,-0.373463975,0.6907462046,1.0188216136,1700.1327816,0.0288563477,15.675339453,-0.002548513,-0.002585408,-0.003560063,0.0064067058,0.1796061291,-0.018615743,1.0,7.51185e-05,0.2594006486,0.062886995,6.0,15.790498754,-0.021712066,1.3185974829,0,-0.111549313,0.0834540129,0.02343024,0.0271713017,0.4478425559,3.3798895173,3.683376e-10,1.5929236e-08,1.3854110259,1.9193637106,-0.002818914,0.0347924571
90221,1.0559427145,0.0722757458,-15.53599329,0.0227667968,11.277262734,0.5124043706,0.0239661138,0.0427148447,0.0348567772,-0.048794448,0.0456787451,-0.008484111,-1.447005413,0.1768591412,0.0084841114,14,-0.000420776,0.0827586207,-0.004926108,-0.118102033,-0.030937955,0.1073607157,0.177724347,0.0010362402,0.0221730844,0.5316854166,0,0.8987674818,0.0422495708,0.8981312616,0.0429914581,0.6949779193,0.0624420402,0.0080622603,0.0,0.0,0,,0,0.0,0.4072395426,5.0,-0.065754065,0.0009254222,0.0390085867,0.1357198136,-0.504162248,,0.0973215,-5419.244622,0.0286434127,11.343509426,0.0006535366,0.0025685236,0.0236977945,0.0099221596,0.0255458354,0.0153155551,4.0,0.0069204152,1.4285775474,0.0313151908,4.0,10.583819199,-0.090420798,0.3764072807,0,0.0654744878,0.0271132495,0.0120745405,0.0260041157,1.0115615914,1.8342700921,1.5003971e-07,5.2741225e-08,0.3291142216,0.1083161709,0.5711486459,0.0249833689
86228,0.5455906256,0.0385737708,15.332114362,0.0270213631,0.869684968,0.6190611203,0.0624091366,0.0072584364,0.1584123674,-0.02136515,0.0251679385,-0.049057018,-1.793644996,0.1077614217,0.0490570184,17,-9.4898e-05,0.0,0.0440882954,-0.074993192,-0.051095365,0.1374541192,0.0138754148,0.0418362641,-0.020016448,0.2346856674,0,0.7617743702,-0.080074006,0.7421139102,-0.079341236,116.86569149,7.9792082804,0.1256698634,0.0,0.0,1,0.0161400125,0,0.0,0.3551084962,5.0,-0.764061241,-0.074261652,-0.25907521,9.2658093385,-11.55123308,1.2123425208,0.0167509326,6453.9454006,0.0257826007,16.59973623,0.0013058488,0.0104032594,0.0276972625,0.0053123019,0.0049298281,-0.052714754,3.0,0.0,0.3361977978,0.0036994435,5.0,16.651662418,-0.001842882,1.0532076371,0,0.080304809,0.0163475648,0.0115548651,0.0128054772,0.4194529498,2.4910039301,8.521859e-11,2.0003553e-08,0.4754064758,0.2260113172,0.1082352848,0.015939204
88257,1.4886953631,-0.156848358,-25.31863007,0.0080274249,8.9986179346,0.4825078177,0.0160938669,-0.122489059,0.0287695602,0.0,-0.134475515,-0.023153262,-1.656137545,0.1029140964,0.0231532625,15,-0.002772578,-0.022222222,-0.095464833,-0.059401899,0.0524798883,0.0763958964,0.1048156264,-0.00460208,-0.042320998,0.438038133,0,0.9788370163,0.0174127511,0.9593673768,0.0210231084,1.3064611988,0.0871316899,-0.013236211,1.0,0.0,0,,0,0.0,0.2211867227,5.0,-0.321591453,0.0011022339,-0.065972256,0.5684724623,-1.421122668,-0.014465589,0.0233764551,-5434.701472,0.0286434127,10.890486986,0.0016647417,-0.00375312,-0.027652615,-0.056547086,0.0540547538,0.0064579622,0.0,-0.015173133,0.0945411224,-0.051390915,2.0,8.488410898,0.1889852467,0.106838441,0,0.0654744878,0.1158974469,0.0376940481,0.0385500995,1.9742910505,0.7097604668,3.02806e-05,1.0000002815,0.0643344397,0.0041389201,0.725870984,0.0241412088
89643,0.9887868325,0.0679419462,-30.74377898,0.019688703,9.7890931272,0.4757926335,0.0225554581,0.2827277048,0.0496029584,0.2566471808,0.2707315057,-0.009526366,-1.344659246,0.1593007125,0.0095263656,15,0.0015314677,0.081871345,0.190835132,-0.089712836,0.02426563,0.0490354262,-0.064332849,0.0160632487,0.4149721858,0.439090627,0,0.7026925713,-0.042269624,0.6903460811,-0.040255138,1.5916030534,0.0815579288,0.0098887122,0.0,0.0,0,,0,0.0,0.596419282,5.0,-0.006911247,0.0024069977,0.038121311,0.0685639316,-0.797457903,,0.0797630712,-5423.10965,0.0286434127,11.485672809,1.32384e-05,0.0020073983,0.0219732761,0.0021148568,0.0387303494,0.034861832,2.0,0.0,2.9376246418,0.0912411199,5.0,9.2643966511,0.0279278355,0.114149111,0,0.0654744878,0.024322411,0.0134123889,0.0229497652,1.5456407522,0.9549439957,3.3957913e-06,1.6841498e-07,0.2235237236,0.049962855,-1.268490714,0.0265774445
86299,0.9081800421,0.1898768909,-47.57842844,0.0037857381,6.0262256724,0.2911538949,0.0271902786,0.0550680438,0.0382259689,-0.021851844,0.0196054969,0.0296623173,1.055013345,-0.010445763,0.0296623173,17,0.0049616397,-0.167315175,-0.088859432,-0.204387924,0.0808999315,0.0950861823,0.0633796247,0.0051431366,0.3716200007,0.4790006217,0,0.8941354883,0.1093631972,0.8762735229,0.1021509973,2.3342935112,0.0670546724,0.0330797471,0.0,0.0,0,,0,0.0,0.3794452631,5.0,0.5211452285,-0.003025918,-0.211065209,-0.012042859,-0.06020202,,-0.089983404,-5234.069392,0.0286434127,12.549098797,0.001355507,0.0021546826,0.0175207856,0.00679212,0.0226699958,-0.00955873,3.0,0.0012,1.2469766258,0.0100039672,1.0,11.372439756,0.0666632118,0.3566430619,0,0.0654744878,0.0367132947,0.01535458,0.0217502596,0.3495236711,0.5120693067,3.5956331e-08,7.3768488e-08,0.8319231035,0.6920960502,0.2226332653,0.0338065278
86250,0.5931724603,0.0513797417,-65.69138391,0.0170993315,4.7504810278,0.2641710729,0.0338746989,0.1744519268,0.0500789502,0.0575281047,0.1741132798,-0.019753188,-1.901814399,0.1490944743,0.0197531876,17,-0.018645036,-0.09394314,0.1691760711,-0.09943891,0.0189735829,0.1782758484,0.0869815411,-0.018590782,0.1771710781,0.6029361952,0,1.1463403186,-0.022915662,1.0219687378,0.0306520377,4.4002461442,0.065825146,0.0132910113,0.0,0.0,0,,0,0.0,0.4521857412,6.0,0.0046684625,0.0064709506,-0.137693174,-0.327050441,-1.388188509,,0.0695568331,-4862.376082,0.0286434127,13.483310674,0.0001610896,0.0029769414,0.0282488439,0.0059814141,0.0083560551,0.0228624312,0.0,0.0,-0.335529443,-0.028360365,4.0,13.347993693,-0.128831534,1.0778422178,0,0.0654744878,0.0224032868,0.0133526101,0.0222726511,0.4437821997,2.338424753,3.5825221e-09,1.675933e-08,0.9057486607,0.8203806364,-0.069659738,0.0278021906
86287,1.0841513206,0.0558577635,-37.06071023,0.0294705149,6.1864835505,0.3393649706,0.025149593,0.1112454566,0.045206803,0.0022595068,0.1269554288,0.0005849204,0.0723243131,0.0518178891,0.0005849204,17,-0.000466363,-0.02,-0.03485953,-0.209912106,0.0067794213,0.2332130839,,-0.000468875,0.0293629431,0.6024509058,0,1.5100272959,0.0899166432,1.500821113,0.0914262738,2.3998463185,0.0579877557,0.0121248521,0.0,0.0,0,,0,0.0,0.280830814,5.0,0.011966257,-0.002913174,-0.063750034,0.1639284197,-0.224930201,,-0.027719752,-4983.120262,0.0286434127,13.141336798,3.06155e-05,0.0013870379,0.0098434129,0.0082880959,0.0224805543,-0.057006562,0.0,-0.000814664,0.167400678,0.0139154911,2.0,12.004750085,0.003957633,0.2581953302,0,0.0654744878,0.0334210023,0.0150920835,0.0260166817,0.4463668702,0.4471071242,2.5323785e-08,9.6223425e-08,0.7729505412,0.5974525392,0.1269746381,0.0313253381
86233,0.5581395349,0.2831439033,-4.134369287,0.0,14.559695586,8.2257963184,-0.195667945,-0.305951334,-0.020639109,0.8054162487,-0.462910755,0.2125872739,1.3697112156,-0.887213573,0.2823618995,16,-0.090094699,-0.548387097,-0.606806883,0.0318434234,0.8594759225,2.4285714286,-0.304865424,-0.293245629,-1.047140986,0.4355912816,0,1.7682619647,0.9445464143,0.7980688497,1.1557708678,2.3496343693,8.7283531409,0.1841962836,0.0,0.0,1,1.0,0,0.0,0.1180707115,3.0,48.339482228,-0.331910857,-0.854572961,-8.262263141,,-0.42660587,-9.223719573,-5508.665957,0.0248274717,10.091176365,-9.402e-05,-0.053489952,1.0433494835,-0.954296447,0.2095293434,0.004162681,0.0,-0.787671233,-0.21557373,-0.098571425,2.0,14.501751783,0.6642400854,9.8670935927,0,-0.25352422,0.16524221,0.0572352496,0.1012030352,0.8410567657,20.316640224,1.0029526e-07,3.8791501e-09,2.2539483989,5.0802833847,0.5604022291,0.1832419965
86260,0.5740456423,-0.208779128,0.3853293551,0.0,0.3807400552,0.5179691011,-0.408309971,-0.324909543,0.2380333183,0.0145783355,-0.253781028,-0.052009855,-0.296137339,-0.146951833,0.0520098552,17,-0.036023265,-0.447916667,-0.550487465,0.0742986971,0.0859602591,0.3287536801,0.5268236833,-0.293245629,-0.361150801,0.7483794071,0,4.0848702839,0.1061722917,3.8366878396,0.1321662847,0.8889143906,9.8100303951,-0.368087661,0.0,0.0,1,1.0,0,0.0,0.3596177889,3.0,6.9355854089,-0.301493007,-0.586122363,0.2084322357,-0.802949045,0.0744744517,-0.154642876,-4376.238219,0.0410566741,10.107240346,-0.000533909,-0.02272974,-0.02946308,0.0306484475,0.5896236869,0.3284699859,1.0,0.6728343146,0.3254508552,0.1523194648,2.0,9.6554343437,0.3124523952,0.5796740607,0,-0.131569503,0.0571428947,0.0161856724,0.0243892647,0.8912142493,1.7299556682,4.862442e-07,7.2957455e-08,0.8347231178,0.6967626833,-0.758491491,0.071656485
92935,0.2205973131,0.0108493548,5.0912317741,0.0,0.0576605798,0.2890230717,0.0822255722,0.1243339254,0.4369449378,0.0055559187,0.3528637261,-0.035650751,-0.863793103,0.0202209527,0.0356507507,9,0.0504518608,0.2096774194,0.1630410237,0.1022366828,0.0373327304,0.217847769,-0.239405708,0.078870791,0.0767896275,0.7880622836,0,4.5425952552,-0.169847358,4.0505032351,-0.212270861,2.0387939566,4.649014593,0.3711994031,0.0,0.0,0,,0,0.0,0.5278487947,6.0,0.1339497096,0.1476481843,-2.620398937,-53.95238753,0.1912777953,-0.348606801,-9.223719573,-6311.999229,0.0244389518,11.176887526,0.000443787,0.0073947094,0.0093275672,0.006059775,0.5262532982,0.0391427798,0.0,-0.002283105,0.1118753838,-0.054777024,5.0,11.068496011,-0.603761864,0.6901262545,0,0.080304809,0.0450606979,0.0389924282,0.0409672359,1.048540676,4.2532984309,1.5269026e-07,3.5608514e-08,0.3896408827,0.1518200174,0.4520908773,0.0582353564
86728,0.4399610743,0.0910883203,0.1616197899,0.0,0.5051082936,2.6653569916,0.4134026605,0.2022261465,1.2669235112,0.0082893745,0.1046643565,-0.047367952,-0.450123153,0.1320892823,0.0473679521,16,-0.055030415,-0.087837838,0.0713436251,-0.118351925,0.002280478,0.3919083597,-0.401230577,-0.025686306,0.3378816306,0.5617615063,0,1.4954859428,0.0292466105,1.1746243335,0.1893437383,6.4412402575,148.08907823,0.2361615014,0.0,0.0,1,1.0,0,0.0,6.4698533174,6.0,47.636082297,-0.374616043,-0.296461078,-8.380441602,1.8970170384,1.763753032,-8.625262702,-5476.050557,0.0248274717,10.933730027,-0.02784278,0.000913426,0.0018924635,-0.231646514,0.4885508343,-0.008807462,0.0,-0.09915061,5.6351582945,-0.208470088,6.0,10.482149379,-0.452654181,0.4636128556,0,-0.25352422,0.0424710959,0.0302642847,0.0405946531,0.6909720323,1.6410479531,2.9609882e-07,5.0371896e-08,1.0591666281,1.1218339461,2.8223223692,0.1070268612
86312,1.1536299399,0.0338879887,-20.85619333,0.0280137122,10.130183108,0.3912644535,0.0187832525,0.4570156479,0.0430397081,0.5912280702,0.4652501658,-0.00271605,-0.77707259,0.0602214159,0.0027160501,16,0.0014141761,0.2380952381,0.0374977722,-0.499160846,0.0185894932,0.1126048091,-0.108756347,0.0065405231,0.5111991548,0.6150324049,0,0.993820465,0.049188883,0.9916259683,0.0481470259,0.8061764299,0.0432284318,0.006539819,0.0,0.0,0,,0,0.0,0.4449550977,6.0,-0.071259323,-0.005363788,0.1943452041,0.233407039,2.1077656498,,-0.019316225,-5424.090682,0.0286434127,11.393964548,0.0011158318,0.0023048488,0.0190578652,0.0432795968,0.0903472888,0.0036962215,0.0,0.0153793073,-0.863546587,0.0002339077,2.0,9.453113231,0.1263218812,0.1244702749,0,0.0654744878,0.0401026011,0.0197824162,0.0261640868,1.5502968575,0.3708505845,4.9726396e-06,2.1208507e-07,0.11676548,0.0136341773,0.7949596402,0.0265075582
87160,0.5444891843,0.0375482908,-4.093134723,0.0,1.1700760352,2.1355730155,0.0376016974,0.1682790436,0.3220767107,0.0040377441,0.2018467728,0.0604217447,2.5603284902,-0.058587668,0.0604217447,16,0.0114194563,0.3215686275,0.0606748078,-0.302780078,-0.034681869,1.2555218112,-0.097656622,0.0191869003,0.1021290022,0.3883093059,0,1.3499460331,-0.037396123,1.2557552414,-0.044085966,12.426033636,3.5218946286,0.0637858293,0.0,0.0,1,1.0,0,0.0,0.9567752202,1.0,-10.12565199,-0.035113071,-2.119897521,4.3225119536,-1.007259315,0.8113619044,0.9359846101,-3939.308258,0.0288563477,12.107915755,0.0004630115,0.0027338947,0.0080262901,0.277007755,0.1020575785,0.0020846973,2.0,0.0033500838,0.7265298346,0.1513177661,2.0,12.528654898,0.4685120386,1.0632888968,0,-0.111549313,0.0298850853,0.0270372584,0.041860205,0.4441926455,1.954336292,2.5784058e-08,1.9939525e-08,1.7265467225,2.9809635848,-0.07655158,0.0649273276
86305,0.6060911369,0.057537172,-0.581982067,0.0134335715,0.605004598,1.4102780651,0.0872204615,0.2860939337,0.5320181939,-0.013888889,0.8363064008,-0.064606993,-1.240343348,0.1289030205,0.0646069928,17,0.0,0.4880952381,0.3955818386,-0.202604528,0.0685531825,0.4556824361,0.2365655535,0.1006286094,-0.048387097,0.3076135506,0,2.4176390773,-0.332892122,2.4176390773,-0.332892122,13.475696083,5.5869692819,0.3003012526,0.0,0.0,1,0.1471226927,1,0.0,0.7922611663,6.0,-10.11412127,0.353732187,-1.953370911,4.3841139061,0.0144544652,1.0591994793,1.1234752984,-2209.643558,0.0288563477,14.755323462,-0.009133315,0.0230538323,0.0441176471,-0.003504899,0.074916094,0.0108019159,1.0,0.0008654262,0.330453264,-0.019703318,5.0,14.757026558,-0.10068178,1.0766283525,0,-0.111549313,0.0175503846,0.0113742927,0.0150996043,0.3520054097,1.5046597315,8.076297e-10,2.3584997e-08,1.0092291098,1.018543396,0.0261252794,0.0195224128
86339,0.2556134376,0.0148627878,52.437059911,0.0255023247,0.5482891333,0.1404356907,0.050157593,0.0266263875,0.1146653823,-0.000637591,0.0550995834,-0.061124701,-3.266516095,0.0634123233,0.0611247006,17,0.0,0.2631578947,0.2208521485,-0.096459045,-0.031638311,0.1131541112,0.2907329797,0.0440137436,-0.030388852,0.2578964641,0,1.0362284259,-0.121984276,1.0362284259,-0.121984276,11.422693178,11.207651817,0.1016174716,0.0,0.0,1,0.7833694374,0,0.0,0.2577371442,5.0,6.1491856964,-0.122292959,0.1106732911,-53.95025366,-1.521981663,-0.394925146,-1.199205392,23932.754952,0.0207317787,17.194026376,-8.7756e-05,0.0049641558,0.0140872063,0.0009581942,0.0136740256,0.4363695536,0.0,0.0,0.5746544771,0.0509350937,5.0,17.688068887,-0.006767969,1.3972054351,0,-0.142502855,0.0216556136,0.0090464383,0.0121833969,0.3517273029,2.4232125754,4.081999e-11,1.7579274e-08,0.555114276,0.3081518594,0.1470495002,0.0219037797
88850,0.3090432863,-0.094884875,-1.188883308,0.1074760623,0.599614688,2.1219577311,-0.137459012,0.0011213341,0.5286083956,1.251001596,-0.384581204,0.2125872739,4.0958174905,-0.483516008,0.3095446774,16,0.0275291312,0.312,0.1406186367,-0.151043477,0.1176799055,0.4972789116,-0.045762089,0.0459171938,0.1037237469,0.5559795227,0,1.6009626955,0.6064949488,1.1447051745,0.5237533489,9.846978068,4.9759729272,-0.087058176,0.0,0.0,0,,0,0.0,2.344543229,4.0,0.9884602636,0.4366026044,0.1876296974,-0.026395139,-1.196014717,-0.761605555,-0.516108335,-2127.204039,0.0772902197,10.147980965,0.0001285843,0.0331868681,0.1211449436,0.277007755,0.1345919305,-0.002367533,2.0,0.0688495931,-0.104058897,-0.033268882,0.0,7.837100403,-0.407656614,0.0878158532,0,-0.045482084,0.0592200123,0.0301125186,0.0386973208,1.0801845166,0.4519919982,5.070113e-06,2.1095576e-07,0.7345995456,0.5396364925,0.5118453236,0.1310414308
15417,0.2902011002,0.1155916803,5.7827437794,0.0,0.6279748158,2.317006314,0.0791698328,0.1361757887,0.8615562947,-0.81675762,-0.048154093,-0.056480914,-0.421775899,0.1643454652,0.0564809135,3,0.0047185391,0.0382978723,0.1937758378,0.0125428594,-0.131314682,0.0948169983,0.4172746874,0.0861304304,0.9558056547,0.5650561125,0,1.5317775008,-0.480739898,0.8101280163,-0.399006623,38.256220578,11.923496122,0.2283653846,0.0,0.0,1,0.6202397208,0,0.0,4.5564095526,5.0,0.5978465907,-0.684757167,-0.137611443,-0.039660887,-2.007393426,-0.904592671,0.2506423653,-2272.462513,0.0767661838,9.7506673065,0.0044854349,0.0170357055,0.0700958144,0.0147442524,0.0659599006,0.0071695745,0.0,-0.014255493,0.7953341869,-0.052669324,6.0,13.451525281,,,1,-0.045482084,0.0904762223,0.0454105879,0.0631155874,0.7726793405,5.1650864211,3.6485507e-07,1.6075258e-08,,,,
86362,0.6849726832,0.0608349819,0.163172198,0.0109241587,0.2730501543,0.8681080167,0.0919362187,-0.024340914,0.295676728,0.0102379282,-0.0532741,-0.064604504,-1.030075821,0.1234996259,0.0646045041,17,-0.02912143,-0.057086614,0.0072458597,0.109309001,0.0137971907,0.4068868257,-0.032816589,-0.077232229,-0.012308227,0.5841658932,0,3.2358682133,-0.120038756,2.1951163794,-0.060221263,2.789813061,8.254154281,0.3747170294,0.0,0.0,1,1.0,0,0.0,0.413480298,7.0,3.154313473,-0.062864654,-0.224327144,1.5001271415,-0.813399913,-1.431767286,0.2151484327,-4728.936207,0.0446872923,12.7333447,-0.001843905,0.0083626311,0.0119038527,-0.017599244,0.304374048,0.0043132235,1.0,-0.006272401,1.5623186419,-0.046453845,4.0,12.155721037,-0.235560697,0.5837342935,0,-0.101630079,0.061497286,0.0212787221,0.0315870964,0.3842961606,0.6473253111,3.0085432e-08,6.251026e-08,1.4356766691,2.0611674981,-0.069876528,0.0447961168
14355,0.4014607515,-0.589920855,0.7669873418,0.0,0.711342752,1.0274239294,-0.279839624,0.0337834806,0.1825788506,1.251001596,-0.120259781,-0.285941188,-0.56285553,-0.25788064,0.2859411881,11,0.0237806358,0.1346153846,0.1442754843,-0.019628751,0.0625750495,0.264573991,0.6312346018,0.0557001211,1.6854009596,0.5078337601,0,0.9300727032,0.3032152325,0.698215466,0.1924755405,7.2528028933,10.577004219,-0.555499376,0.0,0.0,1,0.9758150248,1,0.0,-0.731151474,4.0,24.251384732,0.1181053432,0.0480681917,0.2070645685,0.4410275325,-0.9484659,-0.25454466,-10918.46737,0.0457936334,9.5133917,0.0028570815,-0.012857248,-0.055561435,-0.071576097,0.0969859155,-0.202713563,1.0,0.1369863014,0.6536063818,-0.088602482,2.0,8.533790692,0.1349737252,0.4877096037,0,0.0957318355,0.1228587478,0.0423472475,0.0681567954,1.5890874487,4.3194602861,3.4064658e-06,3.0376488e-08,0.7474872777,0.5587372303,2.8223223692,0.084640768
86356,0.2897910174,0.0006696668,3.0041473559,0.0,0.3672394356,0.2606168388,0.0973054747,0.0878326263,0.3227921327,-0.054095827,0.4139341965,-0.130016163,-33.80952381,0.0826456147,0.1300161625,17,0.0,0.0895522388,0.1155979311,-0.038402687,-0.008180417,0.5134390076,0.0122083292,0.0271403779,-0.158201886,0.4948617389,0,1.5133763048,-0.178475149,1.5133763048,-0.178475149,1.7728263022,1.1980993174,0.0713307173,0.0,0.0,0,0.0,0,0.0,0.5611282615,4.0,-10.3017364,0.10627805,-2.35191391,4.0678137866,-0.79789914,5.8541623052,1.0772178926,64456.458442,0.0288563477,17.1501309,0.0003597446,0.0119365719,0.0275183035,-0.001734616,0.2890718726,-0.58571863,1.0,0.0012274959,1.0287614177,0.1251013,5.0,17.963576565,-0.281614964,2.3732075671,0,-0.111549313,0.0426404662,0.0219556048,0.0270401328,0.4596569885,5.4892427163,3.906657e-11,8.2419849e-09,0.5947012023,0.35366952,0.092233036,0.0317022409
88940,0.0505254928,0.029178856,137.09677143,0.0,0.1493496709,0.1809089072,0.2584358873,0.2982543641,0.7820448878,-0.026908846,0.3726182075,-0.09375,-0.568421053,0.0457647321,0.09375,14,0.0013020833,0.075772682,0.1436893204,0.1886331406,-0.039463968,0.0909090909,0.052917232,0.1261845387,0.119047619,0.2539938532,0,1.0819047619,-0.137947543,1.0666666667,-0.142446043,28.047619048,27.717647059,0.2778108269,0.0,0.0,1,0.9872262774,0,0.0,2.6139455782,3.0,6.0689231738,-0.21660718,-0.076711922,-53.95238753,-2.060981385,0.9566486633,-1.216852983,-1039.478068,0.0207317787,13.982190388,0.0012014417,0.0392738051,0.152958153,0.0048572544,0.0295216741,-0.032630103,1.0,0.0003548616,2.2636859362,0.0411692495,8.0,14.72262776,-0.061133448,2.1129989952,0,-0.142502855,0.0223696735,0.0131153711,0.0217914559,0.3212618659,2.266120269,1.0632045e-09,1.2596722e-08,0.5233035179,0.2738465718,-0.074187077,0.0324766879
86868,0.8409716612,0.0968642305,-2.503248649,0.016614438,8.8332933684,0.4547373973,0.0283926995,-0.060632557,0.020437583,-0.034017972,-0.07166326,0.0182152763,1.8992568126,-0.087105819,0.0182152763,16,-0.030403672,0.0334346505,-0.021321595,-0.045832936,-0.004816729,0.1407320205,-0.021050181,-0.029385402,0.0326939537,0.7196721492,0,2.759030283,-0.086578917,1.7256097965,-0.076381994,0.1677358443,0.1400582109,0.0121961472,0.0,0.0,1,0.0414655074,0,0.0,0.1879270911,3.0,1.3901301992,0.0097483965,-0.054425922,0.4064280606,-1.103858875,-0.165152915,-0.115110353,80455.099986,0.0558672041,18.045585405,-0.000510972,0.0016583729,0.0162685103,-0.015825782,0.2846441862,-0.084705911,1.0,-0.008229742,0.121413364,0.0234821921,1.0,18.734862128,-0.078831685,2.2773615732,0,-0.168614603,0.035901811,0.0162878435,0.0214829109,0.2639486926,2.3281763328,2.264382e-11,1.2323896e-08,1.1733780663,1.3768160864,0.0568414066,0.0185423174
87658,0.3628157688,-0.090514545,5.455970745,0.0,0.0697841833,0.4427585181,-0.276971444,-0.123831776,0.2987166969,0.0532671351,-0.133418858,-0.021226371,-0.108617082,-0.080683119,0.0212263713,16,0.0428244828,-0.236363636,-0.081279028,-0.017606882,-0.000705754,0.1254114899,0.2636766586,0.0911563677,-0.121963415,0.6558446567,0,3.7813964964,-0.058275218,2.6498889711,-0.192393411,4.2574503311,6.3588031652,-0.933791523,0.0,0.0,0,,0,1.0,0.3552231343,3.0,3.4003513383,0.1160502559,-0.403604167,1.1779702271,-0.966520563,-2.065658247,0.0109656874,-5061.093144,0.0446872923,10.870452371,0.0,-0.084862298,-0.101971882,-0.004846576,0.205390185,-0.068156202,0.0,-0.033472803,4.052603714,-0.145478261,4.0,10.100922634,-0.245755242,0.3569937843,0,-0.101630079,0.0595238246,0.029398414,0.0449732239,0.6198509519,0.6934238523,6.3524833e-07,9.8244094e-08,0.0013959032,1.9485459e-06,1.0847768779,0.0740828604
89109,0.9963919237,0.0228913221,-22.3525465,0.0176128525,9.0190327878,0.4144810504,0.0211831445,0.2985073324,0.044411662,0.131023281,0.3196486658,-0.010240129,-3.965294118,0.113662147,0.0102401288,15,0.0017104858,0.3464566929,0.0448049964,-0.19858202,0.0302943189,0.1187391373,-0.268360536,0.0062395251,0.1340556943,0.6213568773,0,1.0322518465,-0.035943464,1.027292812,-0.036940871,1.1094651096,0.0516637434,0.005441079,0.0,0.0,0,,0,0.0,0.3898757069,4.0,-0.158627015,-0.004392814,0.3027066589,0.0761690228,-0.812684363,,0.0341245058,-5424.218872,0.0286434127,11.092422239,0.0001156459,0.0013843974,0.0134396536,0.0230811881,0.0578432048,-0.099562859,0.0,0.0020910891,-0.784191368,0.0118978197,5.0,9.201476201,0.0903067535,0.3568369204,0,0.0654744878,0.0168316904,0.0062468565,0.0157834133,1.3183279201,1.4752173689,3.578133e-07,9.7488303e-08,0.3030004439,0.091809269,0.4156106033,0.0437871195
91431,0.6874523313,0.0325550277,-16.14396047,0.0,6.2503594349,0.338423629,0.0308381008,0.0196557198,0.043308318,0.0018148394,0.013973413,-0.002049315,-0.432629435,0.046639291,0.0020493146,11,-0.001520738,0.0018656716,-0.073390025,-0.107762014,0.0091851898,0.0530707347,-0.187160685,-0.003395424,0.0741502088,0.5771599623,0,0.9622145157,0.0200992101,0.9482441563,0.0231518989,0.9359190882,0.0694749209,0.0071397752,0.0,0.0,0,,0,0.0,0.460544826,7.0,0.0449156924,-0.001516395,-0.041884362,-0.23277057,-1.170261004,,-0.03289835,-5211.921862,0.0286434127,12.616666441,3.66851e-05,-0.000202882,-0.001992749,-0.014968631,0.0327470707,-0.014108787,0.0,-0.007388876,-0.641900934,0.0519026951,2.0,10.418425697,-0.087974538,0.1456089869,0,0.0654744878,0.0297619477,0.0169794966,0.0285474397,0.9324382744,2.3329605375,9.8512091e-08,1.1756686e-07,1.1679063522,1.3640052474,0.0309855017,0.0450200412
90914,0.0428367396,0.0284755225,1.6871486157,0.0,0.7900950725,0.4037172656,0.1960059579,-0.096611568,0.2688197594,-0.071609163,0.0010927729,-0.057237975,-1.763782028,0.0787001374,0.057237975,16,0.0,0.0625,0.1264445665,0.0252307085,0.039817915,0.5004112601,0.2203519583,0.0163688456,-0.677375589,0.6984751832,0,5.3902353441,-0.114161718,5.3902353441,-0.114161718,0.821263031,4.2428621552,0.0623174569,0.0,0.0,0,0.0,1,0.0,1.7373965427,6.0,-10.08513019,0.195600555,-2.378966149,3.8208595088,-0.776518217,-0.905728203,1.0732724153,-2796.660408,0.0288563477,14.702490744,0.0015308312,0.0106829108,0.1505513825,0.0062759609,0.5592471427,0.0841915416,0.0,0.0015060241,1.3634259123,0.0862668408,6.0,16.201367476,0.6220886093,5.0761675842,0,-0.111549313,0.0210699383,0.0092935605,0.0211435922,0.6169604868,35.918332695,2.077342e-10,4.3056782e-09,1.4435648664,2.0838795235,-0.031339354,0.0493395253
86435,0.5847260196,0.112947015,-3.060100083,0.0050766797,0.9444446064,0.6093594542,0.1282959985,0.5900404431,0.1824519087,0.2504127683,0.4936685763,-0.063251793,-0.697464986,0.1917236032,0.0632517931,17,0.0,0.431372549,0.6485702786,-0.076355206,1.3179098816,0.2761578045,-0.024522432,0.0041137712,0.7750198168,0.1806701136,0,4.8989371797,-0.568360597,4.8989371797,-0.568360597,3.5238178849,4.3348813098,0.1451264108,0.0,0.0,0,,0,0.0,0.5326561838,6.0,0.0668805771,0.0458180192,0.3675789202,-0.266465893,1.54265253,0.4619056631,0.0932398054,-9331.401558,0.0331128264,12.516339827,0.005942068,0.0176238059,0.0496626801,0.0890131672,0.1510593451,0.0086544015,0.0,0.0241465445,0.3417404098,-0.037069126,4.0,13.257251367,-0.450463785,1.4689134785,0,0.048781298,0.0302702412,0.0169197705,0.0285877873,0.4522804462,2.8293763735,9.5789686e-09,1.5100071e-08,0.9753288134,0.9512662943,-0.025516673,0.0548840674
34936,0.5044866561,0.0330694271,1.2939971186,0.0,0.0414023235,0.2304935322,0.3493420421,-0.076533198,0.278731627,-0.061148714,1.8939790576,-0.131620553,-2.262740657,0.1078969642,0.1316205534,17,0.0,0.5,0.535362355,0.0009643206,0.0197808051,,,0.0,-0.125405791,0.6735055914,0,9.1506105834,-0.659934503,9.1506105834,-0.659934503,0.6567952617,9.8550840673,1.6230229252,0.0,0.0,0,,0,0.0,0.2856447215,6.0,6.0899083906,0.0098570571,0.3475153963,-53.70138044,,-0.428240513,-1.154720751,-2288.388148,0.0207317787,10.884632478,0.0112423653,0.0151289867,0.0156442189,0.0349559483,0.6990479678,0.0,1.0,0.0094366149,-0.512324682,0.0012590587,3.0,8.0507735146,0.4764888598,0.213708235,0,-0.142502855,0.1106302738,0.0397277284,0.0538467773,1.7283718104,4.9799578721,1.4832366e-06,4.3206184e-08,-0.050958073,0.0575415114,0.8414744958,0.0765071261
86432,0.8399711438,0.0769969968,-25.77023548,0.0177022086,4.7276232631,0.2159856349,0.0289937834,0.1537228138,0.0414354597,0.0565043605,0.1518552577,-0.002531522,-0.170857414,0.0901525045,0.0025315219,17,0.0001160654,0.0337228715,0.3145193817,0.1264657919,0.0241696947,0.0840706236,0.4210587393,5.11747e-05,0.1643480127,0.3431628165,0,0.556402198,0.0508197726,0.5557330692,0.0507901473,1.230880101,0.0911385577,0.018823489,0.0,0.0,0,,0,0.0,0.277176694,7.0,-0.004653826,0.0048699501,-0.010027163,-0.080251757,-1.266953894,,0.0106148633,-1635.462022,0.0286434127,15.115643401,-0.000150966,0.0032554213,0.0210283011,-0.005911623,0.0139668338,-0.006211198,0.0,0.0,-0.082382079,0.0403397596,5.0,15.475540093,0.0670039514,1.6646782617,0,0.0654744878,0.0438160747,0.0180968876,0.0308127527,0.2958214767,1.8217433249,7.147858e-10,1.4464702e-08,1.3883284268,1.9274558208,0.0128699872,0.0292783611
12380,0.1179183768,-0.016461881,17.465622462,0.0115917296,0.0377212242,0.0583605745,-0.113264736,1.1494273232,0.4954540087,0.1150756144,0.396106979,-0.208379417,-1.443636364,0.007303089,0.208379417,15,0.0,0.1929824561,0.1442823608,0.5699036419,0.082618224,1.0052356021,-0.152582957,0.0217853348,1.5980216675,0.3545487132,0,1.5993807312,0.4374870618,1.5993807312,0.4374870618,1.2051033021,8.3174893358,-0.407106532,0.0,0.0,1,1.0,0,0.0,0.7905793688,6.0,-1.645230862,-0.286889443,-0.120049305,0.2319625463,-0.972082006,-1.776276938,0.0947099149,-4525.657131,0.0278203388,12.114321874,0.0,-0.011179169,-0.014754396,-0.001164322,0.3081264108,-0.033773019,1.0,-0.000153591,-0.337032923,-0.061599237,3.0,10.789124415,-0.258281978,0.3062434964,0,-0.111549313,0.0556872375,0.0216097348,0.039878695,0.6208443557,1.0073393662,1.0597756e-07,7.1908923e-08,1.776731344,3.1567742689,-0.088746159,0.0697923167
86489,0.1800165443,0.0476298605,7.8364440314,0.0,0.1522496263,0.8105477767,0.2774694185,0.2420913389,1.2669235112,-0.038305313,0.3879715098,-0.178734322,-1.125342043,0.1012297451,0.1787343216,17,0.0312704451,0.1018194542,0.2047406139,-0.109966643,-0.024375245,0.2406060936,0.0116060684,0.1880764345,0.1406935441,0.5345686301,0,1.2434777495,-0.100012321,0.9572739131,-0.120935892,9.5124913654,58.739501346,0.5766495018,0.0,0.0,0,,0,0.0,3.3150075482,3.0,-0.011109874,0.0191775453,0.0409177701,-0.361148897,-0.380433503,0.2535905662,0.0636593671,-345.1522029,0.1748673505,13.967103708,0.0036537777,0.066980535,0.1247259115,0.0456199143,0.1871749606,0.0011878071,1.0,0.0100548446,1.4689144485,0.1810565274,7.0,15.175897224,0.4762858601,4.8002728822,0,0.0498010166,0.2175628841,0.0494281287,0.0330585955,0.5815176093,15.60362982,9.450532e-10,5.6021681e-09,1.2975541775,1.6836468435,0.1210170539,0.0510857184
86544,0.8460115112,-0.062779962,-0.11777808,0.0,0.6952986291,1.0256162095,0.0941275708,-0.107681768,0.2750069016,-0.02853884,-0.151459178,-0.098642492,-2.567896025,0.0984324525,0.0986424919,17,0.0004538715,0.1022222222,0.0117425694,0.4035968259,0.0954510088,2.30052691,0.3110520951,0.0036277006,-0.06817165,0.4014337767,0,5.040155613,2.4022855155,4.6505102721,2.3655755353,1.9273941413,16.939007671,0.0026304467,0.0,0.0,1,0.3459219518,1,1.0,0.4920127609,5.0,1.2711211932,-0.098072217,0.0143616497,0.4114679105,-0.966031555,-0.111916426,0.0704279183,-6492.929314,0.0558672041,12.710784476,-0.005039855,-0.014366933,-0.022539289,-0.198582974,0.3494944254,-0.170547425,0.0,-0.003631082,1.5612810442,-0.114117052,4.0,13.487322578,0.1004486262,3.2674097177,0,-0.168614603,0.2398042083,0.0556355342,0.0536004122,0.5489076287,10.908218853,5.6622364e-09,5.529654e-09,0.9765119156,0.9535755212,0.2559386446,0.046557588
86526,1.7872830645,0.0248118649,-9.725365667,0.0218075055,14.559695586,0.626926934,0.029695136,0.2339803244,0.0388507437,0.0,0.2069485237,-0.002016327,-1.202505219,0.054648262,0.0020163266,17,0.0007701248,-0.060606061,0.4618915328,0.217178994,0.2904894196,0.1115231788,-0.383843123,0.0017517244,0.5090972708,0.690399879,0,1.1291369065,0.0085992515,1.1092348489,0.0121805047,0.421692624,0.0469416013,0.0035021976,1.0,0.0,0,,0,0.0,0.4345696291,7.0,0.1381246857,0.0087108038,-0.104356095,0.8670601636,-0.418026034,,-0.024889379,-5479.177542,0.0286434127,10.011146614,0.0,0.0009725534,0.0094431408,0.0046217346,0.0621375686,0.0028900077,0.0,0.0020750645,-0.545981513,0.0106889466,2.0,8.593904219,0.0498097626,0.1172200033,0,0.0654744878,0.0852713287,0.0365429197,0.0361589006,2.0341010498,0.6887375006,0.0001049881,1.0000003024,0.0702106801,0.0049295396,0.2049693737,0.0414473873
87069,0.556346364,0.0597664975,-35.75633469,0.0149478596,5.5844721169,0.2602823067,0.0283274621,0.0956537088,0.0407172767,0.0018984338,0.0958723312,-0.007940216,-0.78021978,0.106397501,0.0079402155,17,0.0005294421,0.022556391,0.0770606853,-0.033597978,0.0130469355,0.0375473648,-0.129351462,0.0008632953,0.0934640523,0.4631393264,0,0.7404824342,0.0549201038,0.7391222658,0.0541872393,1.8671278626,0.0705936468,0.0120402775,0.0,0.0,0,,0,0.0,0.4485294118,6.0,-0.000784706,4.62501e-05,-0.012082923,-0.292217269,43.250901134,,0.0200088108,-4981.997337,0.0286812661,11.929558623,-4.8638e-05,0.0029107273,0.0321279139,0.0054838154,0.0173846785,-0.011341823,2.0,0.0032283058,-0.1891695,-0.00147953,5.0,10.000286606,0.2577880134,0.0980253324,0,0.0654744878,0.0288889147,0.0120413611,0.0291408248,0.7752384006,0.5731248342,1.5206236e-07,1.7559346e-07,-0.050958073,0.0456496199,1.595128342,0.0344676928
86573,0.8561821957,0.0838480279,-9.781154337,0.0346543869,6.2283166512,0.3497664876,0.0393588102,0.0638569345,0.0495089832,-0.015445402,0.0626091626,-0.002952641,-0.242045048,0.1041430279,0.0029526411,16,-0.000852646,0.0344827586,0.0123205067,-0.029609297,0.0519178719,0.0683777429,0.0007135874,-0.001192662,0.0731583595,0.555941939,0,0.8331846955,0.0173951954,0.8290987699,0.019321377,0.562113073,0.0776273025,0.0156018116,0.0,0.0,0,,0,0.0,0.4133428523,6.0,0.0072698962,0.0013757014,-0.009267275,-0.064040705,0.1122226903,,0.0246053867,-5431.766882,0.0286434127,11.473802001,-0.000225944,0.0029312846,0.0239757156,-0.004193752,0.0774817881,0.0051737995,1.0,-0.001732501,-0.835621583,0.0247402182,6.0,8.7391360222,0.2033200664,0.0701806928,0,0.0654744878,0.1024863943,0.0483424319,0.0293182849,1.1169440098,1.1582739584,1.3793373e-06,1.0000001806,0.0303275317,0.0009197592,0.3642286951,0.0209303029
86578,1.1958286728,-0.276077566,-0.281463127,0.0,0.1601572132,0.6130711003,-0.076998124,-0.171342039,0.1579304772,-0.498933423,-0.050652088,-0.194065877,-1.051720668,0.0142789162,0.1940658769,16,0.0,-0.059701493,0.4223253416,1.4223253416,-0.215986839,0.1042464168,0.1435716831,0.0275904686,-0.185214909,0.8201572167,1,15.325475146,-0.1806749,15.325475146,-0.1806749,0.6723864772,,-1.441594864,0.0,0.0,1,1.0,0,0.0,0.1669303977,3.0,2.7641150037,-0.215562734,-0.130427596,-0.127517476,-1.379426601,-0.579608829,-0.065507326,-2106.904015,0.0889184991,12.495225293,-0.062299301,0.0253132706,0.0285123147,0.2382969436,0.1249529501,1.4487727909,2.0,0.1334876228,3.3201798287,0.0430266632,3.0,11.346403253,0.2267660228,0.3425770942,0,-0.017965162,0.0455373414,0.0144279637,0.0259057375,0.6191716712,1.9566710973,1.7301406e-08,3.9966319e-08,0.3783135922,0.143121174,-0.453202069,0.033591154
90591,0.8079662192,0.0694244771,-26.65178177,0.01066929,7.5644703855,0.3791098164,0.0307561604,0.0336906508,0.0405359667,0.0265990478,0.0243107402,-0.001340427,-0.159018143,0.0804642286,0.0013404269,14,-0.007246867,-0.006593407,-0.084856671,-0.197736314,0.0048996275,0.2366976208,-0.082089858,-0.008449948,0.1306233353,0.5858543825,0,1.0610441058,0.0654222951,1.0409029063,0.0765595597,1.3999113174,0.0596540839,0.0104815139,0.0,0.0,0,,0,0.0,0.4594376218,6.0,-0.033374456,-0.002375844,-0.050343441,-0.112256682,-0.349154912,,0.0009265874,-5107.079082,0.0286434127,13.213984555,0.0001040631,0.0028800876,0.0292061487,0.0048191761,0.0363681242,0.0194540571,1.0,0.0023837902,1.5335312672,0.114511932,1.0,12.351705355,-0.417848673,0.5152090305,0,0.0654744878,0.0303737838,0.0157143632,0.0287332714,0.3812134094,0.8947942908,1.234875e-08,4.741476e-08,0.8253851769,0.6812606902,-0.009105113,0.0273801167
87342,-0.467861017,-0.946698111,-6.46741278,0.0,14.559695586,6.9411558154,0.0766159758,-0.021516065,0.084704211,0.0,0.0190256821,-0.053255338,-1.219287254,0.2075988289,0.0532553382,15,0.0,-0.07628524,-0.048733856,0.1027316697,-0.070087394,0.1582669384,0.0851364613,0.0022609735,0.3628349465,0.1316219431,0,0.4393939394,-0.073769799,0.3308364002,-0.073769799,6.0972864824,5.7615502777,-0.028450943,0.0,0.0,1,1.0,0,0.0,0.1900126724,3.0,0.2633252816,-0.027915648,-0.116084118,0.8877322805,-0.429654381,-2.277617903,0.9300168357,-14745.9961,0.0314049921,9.6296788251,0.0080646909,-0.017168263,0.0891061582,0.002795594,0.0619169028,0.0108832949,0.0,-0.082157895,0.374603325,0.0281255683,1.0,8.2873018969,-0.403589195,0.2714982801,0,-0.107492679,0.0736196339,0.027196951,0.037250363,1.9095279012,2.8878635531,9.07716e-05,8.4755484e-08,1.459695347,2.130710506,0.038984105,0.0792391429
86582,0.8985939557,0.0258769121,-30.00082131,0.0165267062,5.9613279375,0.275126605,0.0184292284,0.8120709617,0.0608168781,0.9092278891,0.787914161,-0.01756211,-3.612471999,0.1193565323,0.0175621099,16,0.0032306512,0.5395948435,0.8420686935,-0.137706652,0.0862057429,0.3676708405,1.4241449889,0.0062133691,0.9904859733,0.4891878569,0,0.929079536,0.0990608907,0.9242809589,0.0964638492,1.6567822136,0.0623489086,0.0087689734,0.0,0.0,0,,0,0.0,0.5099924203,7.0,-0.076362213,0.0136216878,0.4958448095,-0.021628945,-0.672692277,,0.0398188911,-4428.880702,0.0286434127,14.547286671,0.000708154,0.0020915789,0.01490472,0.0221275042,0.027431941,-0.215747866,1.0,0.0,0.2137910633,-0.008897829,2.0,14.778881846,-0.039395975,1.4154480948,0,0.0309120536,0.0294309892,0.0121054864,0.0214887579,0.2942115396,1.8271328193,9.077608e-10,1.5093409e-08,0.8877968368,0.7881832234,-0.027894365,0.0239123927
86547,0.0662258617,0.08351233,-0.094213483,0.0,1.8371544604,2.1584725303,0.0957807309,0.0759986794,0.2379993397,0.0026455026,0.0502103225,-0.05578703,-1.226573427,0.1859463349,0.0557870297,16,-0.004134729,0.0134387352,0.1523711533,-0.009260267,-0.012608307,0.1572896051,0.0825165606,0.0362826015,2.375,0.4104892612,0,1.6581781141,0.1086095609,1.29612922,0.1747932102,14.831460674,6.8660598179,0.1009249007,0.0,0.0,1,0.0968228962,0,0.0,7.0684064848,7.0,3.768274234,0.07245192,-0.094045895,-0.443627038,-2.809132609,-0.141257069,0.1448481684,-8775.685736,0.0588548821,13.98632184,0.0021376127,0.018121764,0.2967836257,0.0137169039,0.1075768721,-0.008853378,3.0,0.0055165496,0.8386834749,0.0346758682,6.0,15.1849109,-0.188979103,3.750308291,0,-0.156910843,0.0556318313,0.02537651,0.0314089017,0.2398690154,3.1693500945,1.3159654e-09,7.9900207e-09,1.527537173,2.3333698149,-0.025958963,0.036204008
91608,1.3140228158,0.1383204374,-33.24349938,0.0222354051,14.559695586,0.8545480152,0.0296343882,0.0064338392,0.0415408058,0.0,0.0068257366,-0.005256449,-0.667386609,0.230633645,0.0052564494,14,-0.001543155,-0.03,-0.026402801,-0.106209285,0.1657541882,0.081799591,-0.051193411,-0.002269763,0.1227846255,0.5847769601,0,0.951220654,-0.006359616,0.9506413407,-0.00443879,1.7685037979,0.0638504809,0.011045385,0.0,0.0,0,,0,0.0,0.6213624097,6.0,0.0601578148,-0.000187897,-0.073750034,0.3937999149,0.7253949109,,0.1510960038,-5475.051722,0.0286434127,10.247848236,-0.000204371,0.0018019023,0.0203748981,0.0054959294,0.0322569241,-0.119418652,0.0,-0.006218022,-0.863546587,0.0137386341,3.0,8.5753111586,-0.111757145,0.1445722861,0,0.0654744878,0.0276162867,0.0109146967,0.0193626236,1.9234386319,0.2420103026,2.24132e-05,5.0000003021,0.2095684538,0.0439189368,1.621483809,0.0290900719
86560,0.6927201236,0.056473088,0.8016360178,0.0,1.2581731547,0.7996069643,0.0959483842,0.0152593219,0.132142638,0.0143873682,-0.027187263,-0.041834325,-1.434328748,0.1374740615,0.0418343253,16,0.0,0.0279751332,0.0057491963,0.027596087,-0.041078978,0.1745107698,-0.092441884,-0.028819268,0.1026431585,0.11403032,0,3.5760866032,0.1618578655,3.5760866032,0.1618578655,12.041502854,5.4063260687,0.0571289945,0.0,0.0,1,0.5493480162,0,0.0,0.2740814965,6.0,-0.17452487,-0.017280831,-0.011823745,5.1015657981,0.5538370291,-3.277617903,0.8598920683,-14354.76531,0.0314049921,12.824597527,6.5296315e-06,0.0089604327,0.0250706802,0.0368472991,0.0089685618,0.1213481511,2.0,0.0590551181,0.5103389584,0.0429817941,4.0,11.900693696,0.0978810177,0.4451663772,0,-0.107492679,0.0307262503,0.0161663802,0.0277934914,0.4274048737,0.593232328,3.093119e-08,7.1913238e-08,1.490566494,2.2217884731,0.1518454085,0.0399254411
86719,0.5128711097,0.0616191707,-8.816312259,0.0187142662,4.6576475664,0.2054645254,0.0262244279,0.1620691459,0.0396281159,0.0432388052,0.1574560816,-0.001885797,-0.147204387,0.070689783,0.0018857967,16,-0.006253521,0.0656963021,0.1698054838,-0.049940101,-0.005018906,0.7055002764,0.2392576196,-0.00663128,0.2057092705,0.6295797226,0,1.0058793506,0.0115169213,1.0026279976,0.0205773927,0.4386174676,0.0531940394,0.0194849996,0.0,0.0,0,,0,0.0,0.414514693,6.0,-0.014666493,0.0029238698,0.0219462681,-0.407351791,-1.635404113,,-0.008847858,59.576398393,0.0286434127,15.502337058,0.001807969,0.0031298821,0.0313140194,0.0040747281,0.1135529496,-0.001595826,0.0,0.0,-0.147294705,-0.000255346,5.0,15.961856132,-0.070542056,1.8744251677,0,0.0654744878,0.0521182269,0.0189887014,0.0271923246,0.4143381561,2.93744845,5.274001e-10,1.4722567e-08,1.2128614278,1.471032843,0.0773906655,0.0235797776
86709,0.4551812951,-0.006170176,3.3555789762,0.0,0.5235256875,0.5205893011,0.057768508,0.1677304455,0.2034482604,0.0327552377,0.3936932513,-0.010739509,-1.581147041,0.0035857795,0.0107395094,16,0.0370671587,0.3010920437,0.1216506134,-0.162351462,-0.085933469,0.1109110137,-0.09039443,0.1698662379,-0.015799499,0.4263934625,0,3.9230232081,-0.382735352,2.8985828712,-0.484861695,5.4179677552,3.6056450036,0.0631155863,0.0,0.0,1,0.0021002625,1,1.0,0.3257130531,2.0,47.556520036,-0.152751605,0.0924688036,-8.365221381,0.8925353452,-0.349032437,-8.753766205,-5016.100717,0.0248274717,13.194368002,0.0039284401,-0.006920197,-0.016745307,0.0680945852,0.1005344763,0.3315502648,0.0,-0.002870264,0.1453703647,0.0492890594,5.0,13.636049886,-0.164635476,1.6600379053,0,-0.25352422,0.0399741419,0.0184614036,0.0315510214,0.4881426929,4.6391267513,3.774498e-09,1.1564594e-08,0.9995168268,0.9990338871,-0.008860313,0.0558699572
86717,0.3289025041,-0.032726242,3.677425063,0.0,0.3207945494,0.3122477912,0.0076401958,-0.016933131,0.289218283,0.0167569443,0.0863775378,-0.140233449,-2.807958478,0.0591676862,0.1402334488,17,,0.1538461538,0.1008167407,0.034067101,0.0337122566,0.8594127661,-0.105480178,,-0.100375297,,0,2.1536705436,-0.168568729,,,2.2916655124,5.0796591956,0.0190238993,0.0,0.0,0,0.0,1,0.0,0.4847041758,4.0,-1.613163926,-0.063889375,-0.159185608,0.4429466736,0.0631867297,-0.776276938,0.1465745121,-3699.830721,0.0278203388,13.820639918,0.0004506,-0.00617734,-0.0122024,0.001630529,0.1954513116,-0.011511857,1.0,0.0011995202,1.0824679551,0.0439962493,5.0,14.11591295,-0.147096478,1.3135252244,0,-0.111549313,0.0280373897,0.0441228427,0.0279054594,0.7175972154,17.344888423,2.2717447e-09,1.1883158e-08,1.0140943795,1.0283874105,0.0688956993,0.0298644806
86593,0.2283326905,0.0475703071,5.1992116664,0.0056015461,0.1169792946,0.1915084284,0.2890028154,0.2212097507,0.2258102708,-0.008855325,0.1152667736,0.0579117529,0.417149648,0.0277263702,0.0579117529,16,0.0415403115,0.0175438596,0.1077064709,-0.064611225,0.0112433677,0.1330087634,-0.006080729,0.0453046928,0.1480984232,0.5899165472,0,14.827593356,-0.683669624,9.7773272824,-0.66912104,1.4766819572,3.4895562599,0.4314929948,0.0,0.0,1,0.0447383662,0,0.0,0.3327130678,4.0,1.3293156019,-0.000284361,-0.070316713,-0.20621091,,0.558776899,-0.000278164,-4759.601314,0.0558672041,12.954573822,-0.002191909,0.0259253614,0.0397764116,-0.010318564,0.4877175653,,0.0,-0.007832423,-0.337866588,0.0619565165,4.0,12.840816775,0.5945792087,0.6909839132,0,-0.168614603,0.0420600101,0.0215667149,0.0305535619,0.2944633648,0.7088421781,1.8321871e-08,4.3357884e-08,1.3120655469,1.7215159993,0.0130786987,0.0387678389
86720,0.0355091981,0.0210951935,13.561425253,0.0145599378,0.5240600613,0.3747162984,0.1031099843,-0.019000849,0.4230335881,-0.005323578,0.0219577743,-0.095563065,-2.559446572,0.0750872142,0.0955630652,16,0.0,0.1025641026,0.1084332354,0.0649147442,0.0124759147,0.6068572038,0.0791871728,0.0065181491,-0.383599777,0.2781296044,0,0.7454892433,-0.073476342,0.7454892433,-0.073476342,7.9086606226,3.2111393335,0.094989623,0.0,0.0,1,1.0,0,0.0,4.056983584,7.0,0.8345060911,0.0937320386,-0.0218062,-0.299929227,-1.006966268,2.0173695539,0.0424948866,270.84401069,0.0772902197,14.515599437,-0.007138667,0.0245880583,0.3201093432,0.0012937344,0.0956885805,-0.00010983,2.0,0.002341235,0.6142821002,0.0326670585,6.0,14.974361413,-0.065055777,1.6273365211,0,-0.045482084,0.0320625044,0.0174980594,0.0238451903,0.3331487382,3.0343066617,9.244991e-10,1.4082333e-08,1.6556745594,2.7412582467,-0.010341539,0.0296596075
90590,0.6477156336,0.05684146,-43.67548448,0.0188281759,7.1979189298,0.3526839753,0.0233562486,0.0931405327,0.0455515764,0.0215150605,0.0922452786,0.0007804444,0.103132892,0.0509792359,0.0007804444,10,0.0009622554,0.0351758794,0.0705537367,-0.028567959,0.0338051435,0.1797168258,0.0711696192,0.0012659973,0.1031889727,0.6105553869,0,0.9549432132,0.0064994948,0.9531157233,0.0054601356,2.2643600857,0.0552451773,0.0113166805,0.0,0.0,0,,0,0.0,0.5568279435,5.0,-0.010492889,0.0001615666,-0.008574155,-0.272507267,-1.060661675,,-0.028558405,-5240.730822,0.0286434127,12.44010712,6.7764e-05,0.0019774455,0.0249088841,0.0067854901,0.025411399,-0.018925901,1.0,0.0021221919,0.2433608059,0.030569898,4.0,10.840302211,-0.044323377,0.2061734288,0,0.0654744878,0.0270498469,0.0156535574,0.0308367167,0.7941471321,3.3933702296,7.8899711e-08,7.0876317e-08,1.0466617536,1.0955008264,-0.020575768,0.0329806709
86763,0.7155343417,0.0352405157,0.2430712874,0.0,0.3666728655,1.0980039673,0.0796766744,0.1877246493,0.4741079224,-0.003367003,0.5189813824,-0.04642846,-1.313104661,0.0815150012,0.0464284604,16,0.0,-0.06918239,0.3562614055,0.054173664,0.0170881313,0.9758403361,0.041793683,0.012483984,0.0683346702,0.3338003704,0,2.0454012624,-0.288563268,2.0454012624,-0.288563268,5.1225719381,5.7568929094,0.179047166,0.0,0.0,1,0.9230769231,1,0.0,0.644983649,5.0,-10.58100644,-0.012168046,-2.510648539,4.4935571109,-0.1370872,-0.780018358,1.0760872792,-4137.629558,0.0288563477,12.086092471,0.0075763388,0.0126200467,0.0204208077,0.0727546355,0.1454705855,0.014004353,2.0,0.0047704234,0.0885588415,0.1130373974,4.0,13.493000526,-0.389972177,2.8218229459,0,-0.111549313,0.0350974463,0.0259623385,0.0381203195,0.3208971993,3.599005723,1.0628129e-08,9.2511675e-09,2.0205977923,4.0828154384,0.0310879144,0.0828850754
86778,0.5560714541,0.0595114915,1.6583392908,0.0179138955,0.0731040729,0.4013774542,0.1761200386,0.009089725,0.2930822131,-0.003897832,-0.257306979,0.0113776342,0.1197464112,0.052385204,0.0113776342,16,0.0102106553,-0.009607352,0.1664859132,0.1673336393,0.0681048821,0.2818786413,0.2778893956,0.014871997,0.059028529,0.5247137056,0,7.1225742326,0.0403355069,5.6251942061,-0.019151708,1.7949732318,6.6921685921,0.8168118496,0.0,0.0,0,,0,0.0,0.3479530074,6.0,-9.940002654,0.0706703854,-0.092169503,0.5287133109,-1.002453204,-0.467960423,0.1255784465,-1168.631903,0.0318276958,14.4647015,0.0105867741,0.0232509824,0.0263574032,0.012619327,0.3030815444,0.0025104318,0.0,0.0005964808,2.964691345,-0.044828457,3.0,14.485118005,0.0055214527,1.0274915377,0,-0.095378135,0.0284105465,0.0141051565,0.0224649737,0.3599175093,2.0738346884,1.0136422e-09,2.0322953e-08,1.0583216633,1.120044743,-0.018345422,0.0219816106
86783,0.1446721706,0.0408979547,11.213269345,0.0,0.1076347383,0.14256588,0.2882505782,0.4304773057,0.7261390249,-0.001442086,0.8074821663,-0.038813753,-0.203424544,0.0492176025,0.0388137525,16,0.0,0.3368421053,0.2426896418,0.0413096933,0.0808643819,1.0445683151,0.1957794843,0.0124621091,0.2398017346,0.3251885531,0,3.8169625744,-0.294999258,3.8169625744,-0.294999258,1.967056926,13.110808611,0.5312409278,0.0,0.0,0,0.0,1,0.0,1.0848872655,4.0,-10.11806524,-0.031980533,-2.104624044,3.9226949399,-0.257425175,-0.289880894,1.0437898804,54980.104372,0.0288563477,18.015684632,0.0010604318,0.0702829437,0.1398383845,0.0042923803,0.1837924329,-0.003015543,2.0,0.000776159,1.4866279155,-0.094956796,5.0,18.722839794,-0.250888756,2.6285649053,0,-0.111549313,0.0281900819,0.0130215705,0.0196604532,0.3492618719,3.5967728717,1.66002e-11,1.0568483e-08,1.2340091662,1.5227786223,-0.058541551,0.0344116781
86810,0.0831627074,0.0304537529,122.33734283,0.0,0.0604652329,0.2872646822,0.3673287524,0.0407478861,0.8237588822,0.9130123073,0.0110128647,-0.089176287,-0.41234556,0.0430112227,0.0891762874,16,0.0068701316,0.0677966102,0.1386756057,0.1739600551,0.1978655091,0.1499250375,-0.049692135,0.0502399592,0.0634895325,0.5176394824,0,1.7236421725,0.0676264053,1.2434585676,0.0915656342,41.037300922,10.76255118,0.6869252348,0.0,0.0,0,,0,0.0,1.4455428829,7.0,0.4508329423,0.0619075047,0.0091214162,-0.114912942,-2.054544919,0.7717021454,-0.01434932,-829.2794677,0.1172520361,14.198317445,-0.015301428,0.013527771,0.0247145026,-0.001437694,0.01088419,-0.016281072,0.0,-0.000150015,0.2170615818,-0.047339587,7.0,15.274168316,0.3817928882,3.3544600139,0,0.0957318355,0.0270326324,0.0150858527,0.0246451959,0.2317582614,1.7588146515,9.765076e-10,1.1837977e-08,1.6527225351,2.7314917779,-0.087541049,0.0577235532
86820,0.8798308112,0.0485152988,-6.683625322,0.0709231754,5.2358570508,0.1978694594,0.0199481256,-0.00211525,0.0213012066,-0.02814366,0.0066636439,-0.000864165,-0.109049467,0.0538058662,0.0008641654,17,2.42526e-05,-0.034916201,0.0169252333,-0.045941173,0.004699647,0.0902783274,0.0081270474,0.000559451,-0.051347662,0.5640353511,0,1.5317043696,0.0116905857,1.5308077359,0.0116860127,0.4122298843,0.0480755777,0.0101114989,0.0,0.0,0,,0,0.0,0.1407592831,7.0,-0.008705603,-0.000378854,-0.069555515,0.031267178,43.250901134,,-0.032582824,-3492.624917,0.0286812661,14.415907986,-5.5651e-05,0.0020572366,0.0131665362,-0.000292609,0.078486323,0.0237079621,0.0,0.0,0.4133312139,0.0119859027,4.0,14.335741157,-0.054483833,0.8698907335,0,0.0654744878,0.0122699272,0.0077709515,0.0132998961,0.2852226169,1.1354298632,7.642546e-10,2.6427599e-08,0.5154795612,0.265719178,-0.018117548,0.0128546917
86822,0.3863933492,-0.265576617,-1.35645838,0.0,1.202625436,2.0497178348,-0.114392725,-0.185725792,0.5901066045,0.0340688802,-0.12251163,-0.228388469,-1.522353894,0.1387249802,0.2283884694,17,0.0018951054,-0.135636596,0.0536003506,0.3097047593,-0.03972633,1.2237971,0.4460430517,-0.041289283,-0.334862678,0.4562865278,0,1.0108907106,-0.177858556,0.7644735165,-0.233781316,7.2540505084,5.9624529584,-0.065865201,0.0,0.0,1,1.0,0,0.0,1.962032263,4.0,-5.587338388,-0.100589924,-0.13803747,-0.085056575,-0.706526996,0.0111362611,0.1273565804,-3770.602934,0.0400118084,12.815472794,-0.000224926,-0.026888443,-0.110577061,-0.034340772,0.2084566962,-0.019266583,2.0,0.0119047619,0.4109013811,0.0412428956,3.0,13.059054978,-0.446887256,1.5343860821,0,-0.131569503,0.0508982278,0.0236918184,0.0404991996,0.4740747257,2.779081844,9.9384548e-09,1.5645263e-08,1.5632336783,2.4436995331,-0.082608865,0.0695881848
86819,0.2063923377,0.1990697228,-2.092064357,0.0,7.2369901889,4.7014515836,-0.129258878,-0.238136471,-0.038769571,-0.01827626,-0.256821153,0.0899498864,3.8889508151,-0.575102638,0.0899498864,16,-0.047284036,0.0126984127,0.110441425,0.3047631756,2.2489026118,0.8453666856,2.4859950082,-0.030621602,3.3337725082,0.7002322819,0,5.9022217774,-0.030463075,5.5475130104,0.0096712885,2.7048160087,1.0656557083,0.0428928577,0.0,0.0,1,0.3601644253,1,0.0,-4.428422697,3.0,-73.45030195,0.1347385704,-0.030533649,-0.559656243,-3.231185755,-0.995707973,-1.053560441,-3500.674209,0.1473165608,10.739637502,-0.006094677,0.0015923098,0.0354801704,-0.143492866,0.2203043363,0.0272259007,0.0,0.1099038433,-0.78282629,-0.001401513,1.0,6.4692503168,-0.164849756,0.0254587355,0,-0.258063742,0.0533333607,0.0187481125,0.0220024128,1.2889327227,0.1099476791,3.1806557e-06,1.0000008867,0.4136443413,0.1711016411,0.915658354,0.100477037
86809,0.7388157723,0.0746027714,-21.06196339,0.0186081696,6.9935760788,0.9489486126,0.0163834507,0.0624775046,0.0170146728,-0.046412546,0.0684805488,-0.000856692,-0.086183311,0.0810322852,0.0008566922,16,0.0,0.0373797187,-0.029401531,-0.017801549,-0.048612653,0.3266078184,-0.055847023,0.0003646001,0.0088257153,0.2477095808,0,,,,,3.0684193158,0.4262748514,0.0123220415,0.0,0.0,1,0.2194742573,0,0.0,0.1543106652,3.0,-0.014817731,0.0278230049,-0.02641391,-0.112376141,0.7774743083,-0.076302037,-0.017451513,-6721.181598,0.0331128264,15.402003673,-0.000325331,0.0023623564,0.0246615735,0.0063075742,0.0422599226,0.006829727,0.0,-0.000262697,0.0501696719,0.0008133186,3.0,15.898821601,-0.695798304,1.6793873984,0,-0.006899248,0.0134615721,0.0008466126,0.002000196,0.5143738624,6.9785003964,1.382777e-11,8.9147469e-09,0.4155394036,0.1726729959,-0.291420668,0.0442340153
86827,0.5819347719,0.0161667047,-0.572721055,0.0225506146,0.7707239221,1.2207419987,0.0858348915,0.0279760097,0.2835090307,0.0058453733,0.0611951492,-0.08907369,-7.35133147,0.1350135099,0.0890736903,16,0.0,-0.010673783,0.0670404767,0.0681075354,-0.097047403,0.5034027024,0.0863865358,-0.023874597,-0.012946146,0.5176141857,0,1.6043332135,-0.030102682,1.6043332135,-0.030102682,2.3558959482,6.0915683528,0.0702555498,0.0,0.0,0,0.0,0,0.0,0.629298068,6.0,-10.12628103,0.0986397804,-2.452139931,4.3599575411,-0.914404313,4.80099237,1.1295857879,-3813.989558,0.0288563477,12.810419272,-0.004206243,0.0146243933,0.0300485832,0.0352148725,0.2568417359,-0.00540696,3.0,0.005655527,1.3012407207,0.2387348674,4.0,13.229890297,-0.360947879,1.1631538282,0,-0.111549313,0.0250973571,0.0351243191,0.0374125665,0.6926160873,5.8722522534,1.0031694e-08,1.6327247e-08,0.9692876261,0.9395185021,0.0822532698,0.0466397723
86799,0.684557515,0.0216790457,-3.945964721,0.0073865231,0.8259290363,0.4529712763,0.0104261232,0.0321110842,0.0768698962,0.0048833495,0.0066841198,-0.06634099,-4.550400825,0.1203273933,0.0663409895,16,-0.004840887,-0.17245845,0.1239378919,0.1006942158,0.1308238934,0.0562059113,0.1509122111,0.0912987013,0.0645526057,0.5202760069,0,1.0160188369,-0.212840392,0.9272762751,-0.193492055,19.924961438,5.6211370114,0.115462592,0.0,0.0,1,0.0144755086,0,0.0,0.1275781322,5.0,0.7915615594,-0.028898719,-0.35993921,1.8212495446,-2.108952485,-0.176137139,-0.242288703,5285.1262796,0.0279332649,15.054452264,0.0057390881,0.0111635041,0.0262333948,-0.090992713,0.0074221085,0.3133804794,1.0,-0.029591837,1.2188019808,-0.266664036,4.0,17.11348192,1.3574927177,8.5658350991,0,-0.500704589,0.1080508307,0.0468671424,0.072996753,0.3455271603,9.3794534415,3.934785e-10,3.0861589e-09,2.7718006825,7.6828790236,0.1187106684,0.0684243759
86899,0.6722108242,0.0393417734,-0.273919426,0.0,0.9946199329,1.398676481,0.0879035546,-0.023233336,0.1561358917,-0.054535042,-0.032297232,-0.051829986,-2.26962728,0.1286329355,0.0518299861,16,0.0023904815,0.2258064516,0.2187967267,-0.161763958,-0.034089406,0.1115457413,-0.00127016,0.0626655688,-0.025111986,0.3874826645,0,2.2221841248,0.4715592652,2.024687125,0.4324234002,23.410443864,5.4512402724,0.1207268913,0.0,0.0,1,0.3221934252,0,0.0,0.3385819646,6.0,-355.6597549,0.1059864369,0.0454294648,-1.687204702,-1.351604988,0.3460482086,-0.008735358,168.63991218,0.2277833408,14.891599372,0.001603488,0.0078514703,0.0194712397,0.0464630618,0.0559385605,0.0891280322,0.0,0.0009873061,0.3775759131,0.0432488732,6.0,15.649634192,0.0609644588,2.0934064247,0,-0.166303822,0.0318978801,0.0207177006,0.0259476425,0.2931992107,3.1061345786,5.58647e-10,1.4129958e-08,0.8125447851,0.6602290277,0.017832251,0.0308176721
86916,0.2256779145,-0.748398502,-7.131881073,0.0,13.937945858,5.2709968054,0.0687771576,-0.01117117,0.2118972959,0.0540665532,0.0445380761,-0.08289636,-1.860379767,0.6273066775,0.08289636,16,0.0,-0.076766304,-0.016298195,0.0029953581,-0.019046969,1.1886883817,0.0782944805,0.0042160561,-0.75755943,0.1111091698,0,3.2279347114,0.0505967253,3.2279347114,0.0505967253,6.3168085868,4.5774687325,-0.022628744,0.0,0.0,1,0.5971173678,0,0.0,2.8209213717,3.0,-0.178111991,-0.015521932,-0.116565182,4.634523589,-0.787968622,-2.277617903,1.366324936,-14745.9961,0.0314049921,8.3914258452,-0.003304018,-0.01310963,0.5794347757,0.0350240087,0.043393619,-0.001784968,0.0,-0.046344235,0.2979319592,-0.085954066,2.0,8.0068674756,0.4485798895,0.7019503546,0,-0.107492679,0.1273884922,0.0534038809,0.0716815247,1.1455290587,5.0438630475,9.5337417e-06,2.5011904e-08,1.5830703121,2.5061116132,-0.327132178,0.0833939034
92318,0.9841090941,0.0779342488,-18.89310848,0.0296460263,8.0656726478,0.4975952731,0.0296092631,0.0662290175,0.0517811161,0.0298722229,0.0676496369,-0.000487184,-0.05577557,0.0822810759,0.0004871844,10,0.0021026397,-0.005181347,0.0322945502,-0.018912461,0.0189621023,0.0892318359,0.0951348558,0.0026725889,0.0652915875,0.5537332088,0,0.9571720703,-0.024129907,0.9294837366,-0.025522218,1.258106119,0.0800990912,0.0132678048,0.0,0.0,0,,0,0.0,0.4840912274,5.0,-0.01583279,-0.000171537,-0.048931381,0.0638861932,-1.147814299,,0.0027434347,-4957.398502,0.0286434127,13.897329226,0.0004826596,0.0029009868,0.0221229242,0.0147155948,0.0462633694,-0.070060217,0.0,0.000530504,0.2183346122,0.032045722,6.0,13.150658438,-0.324198373,0.6177428614,0,0.0654744878,0.0185275059,0.0078501806,0.0160595931,0.3366079356,0.9690680398,2.5144447e-09,3.4126817e-08,0.8437282166,0.7118773035,-0.058707151,0.0294461787
86924,0.8211473947,-0.045854555,-0.83397972,0.0482380236,0.5330985193,0.7386696904,-0.045467562,0.0278986905,0.2692710342,0.0200916461,0.2686648815,-0.066495793,-1.937203166,0.0429750338,0.0664957931,16,0.0,1.018115942,0.1212672176,-0.056158855,-0.036030902,1.0860949778,0.2679272757,-0.124010506,-0.084853633,0.3637615249,0,1.1462537408,-0.440379145,1.1462537408,-0.440379145,1.7390053549,10.798195967,-0.015508992,1.0,0.0,0,,0,0.0,0.3953723555,4.0,-10.11887428,0.1603650792,-1.423350207,4.5991701639,-0.08905124,0.1119278668,1.0375473118,-4151.768918,0.0288563477,10.537340353,0.0023243851,0.0032909721,0.0054953584,0.0350973518,0.2735190286,0.012337241,3.0,0.3592814371,4.5218266231,-0.013698617,4.0,10.380770878,-0.072350261,0.4123835202,0,-0.111549313,0.0330578201,0.0222868976,0.0506372289,1.249657749,2.2235152218,1.5721873e-06,8.4170668e-08,0.4261134693,0.1815726887,0.7971562989,0.0525631878
86876,0.5688260859,0.0813742085,0.0200741901,0.0,0.8335652256,2.3269231966,0.1007687062,0.0297435104,0.34892881,0.0050149092,-0.009131173,0.0052819466,0.0897044646,0.0740745787,0.0052819466,16,0.0068671708,0.0217391304,0.0500821073,-0.049458496,-0.0076401,0.3722369681,0.0932018962,0.006862954,0.0928389418,0.3391901657,0,2.2092300578,0.0496676736,1.4389287433,0.0651013537,61.484472292,6.0119360495,0.1211297384,0.0,0.0,1,0.5057895392,1,0.0,0.8663702418,5.0,-0.146745551,0.1001134938,-0.148037812,-0.014772924,-0.484561664,-0.055388159,-0.185201846,1179.9003882,0.0457306398,14.724147288,-0.001648161,0.013435478,0.0339982792,-0.078725153,0.0286164227,-0.002295014,2.0,-0.00086077,0.7737136534,0.0849740026,4.0,16.065950881,0.5232478818,3.3152141289,0,-0.034541484,0.0366778672,0.0179759332,0.0290474048,0.4581211483,8.6550159487,5.028561e-10,7.0322396e-09,1.5808497016,2.4990857789,0.0350771872,0.0261026657
86887,0.5655316879,0.0593428967,1.5525,0.0347900281,0.431428977,0.1184410805,0.0821036235,0.5160009923,0.1255271645,0.4295112782,0.4626659292,0.0087260895,0.1216494845,0.0521238639,0.0087260895,16,0.0,0.5,0.2849557522,-0.495520833,0.1403963605,0.0,,-0.022395467,0.5593792173,0.5684358125,0,1.8365475515,0.115283558,1.8365475515,0.115283558,60.5,0.1500620091,0.1633913532,0.0,0.0,0,,0,0.0,0.1643049933,5.0,6.3162352879,-0.139532467,0.3475153963,-53.6403354,,-0.454249717,-1.210493851,-2317.272428,0.0207317787,10.372290483,0.0002550261,0.0240804944,0.0351407831,0.008947141,0.0020488362,-0.005343938,3.0,0.0070901872,-0.182108566,-0.012087913,4.0,9.6916547704,0.223909894,0.6303580434,0,-0.142502855,0.023148125,0.0141996688,0.0327875042,0.6141183807,2.6801248755,1.2576583e-07,2.3596502e-08,0.61543553,0.3787608916,-0.446029974,0.0572418017
12835,0.6526460976,0.004830123,2.0859237961,0.0,0.3489159434,0.4319943767,0.0595540356,-0.025741608,0.1718546496,-0.002104249,-0.038672139,-0.028445771,-5.976366322,0.0336967077,0.0284457707,15,0.0,0.131147541,0.1913093094,0.0476244703,-0.463906916,4.4084517633,-0.051985276,0.0041910502,-0.018684994,0.1579102902,0,3.2009292682,-0.135215271,3.2009292682,-0.135215271,3.8450732052,7.6898751147,0.1441460503,0.0,0.0,0,0.0,0,1.0,0.2408488108,5.0,-10.09328222,0.1547913943,-2.310318608,4.4306688669,-0.854093352,3.4344525438,1.0282689856,-2972.963008,0.0288563477,13.624294859,-0.002967391,0.0044508171,0.0067590463,-0.041605323,0.1174392079,0.0003481287,1.0,0.0028985507,1.5031170693,0.1805026951,3.0,14.632501795,-0.187249628,2.7948144787,0,-0.111549313,0.0374999903,0.017219501,0.0297599121,0.5939144971,8.153067898,1.1815813e-09,8.4905757e-09,1.4538115741,2.1135680931,-0.006487834,0.0665384876
12588,0.2551838302,0.0542529674,5.048642474,0.0,0.9028699631,1.7695746341,0.1051365709,0.1124133433,0.3149737916,-0.004132231,0.0871578106,-0.06709982,-1.3599073,0.1280319739,0.0670998196,16,0.0094040374,0.2004479283,0.1442504065,-0.128933471,0.1572757396,0.135103442,-0.013909981,0.1457619749,0.2120343497,0.4968433819,0,1.4827768742,-0.344097758,1.2394129561,-0.381217526,23.300245017,5.7956531407,0.1317953725,0.0,0.0,1,0.9636795103,1,0.0,1.3133756136,7.0,0.4780377772,-0.191823091,0.1898256434,-0.102672231,0.2667904682,-1.238011857,0.0570952437,-2376.902123,0.1711251104,13.749407651,-0.001758328,0.0028562234,0.0147181386,0.1393591557,0.0128438889,-0.020497239,0.0,0.013391923,1.896658185,0.1385418409,4.0,15.623649421,-0.414228351,4.8611770916,0,-0.067940389,0.0380999744,0.0232542483,0.0385326045,0.2535556694,6.2913409165,8.057537e-10,4.0990236e-09,0.8930868793,0.797604174,-0.070492528,0.046005545
86946,0.1324327877,0.042318748,24.412652878,0.042055171,0.3126022946,0.2480845079,0.1793394238,-0.013374886,0.2926892611,-0.012580545,0.0428920371,-0.011634747,-0.123183391,0.0475317148,0.0116347474,16,0.0100660174,0.0207939509,0.0285332686,0.2424867569,-0.06032021,0.0881130507,-0.081228966,0.0214907155,-0.124830656,0.1599859832,1,0.9376410835,-0.210893578,0.5761851016,-0.298914014,8.7691511387,50.124260355,0.1483571668,0.0,0.0,0,0.0,0,1.0,0.8171085736,5.0,-0.032865789,0.0440504444,0.0390021432,0.0905341715,0.3299940229,0.3101717979,-0.014702043,-14745.9961,0.2052900266,18.075314634,0.0050873989,0.0120422303,0.0358507039,0.0145575129,0.0592293674,-0.039244092,0.0,0.0002258866,-0.013910315,0.0057835579,2.0,17.860044852,-0.2979328,0.7488362393,0,0.0957318355,0.0134547232,0.0133640262,0.0187290032,0.2689844231,1.0726140021,3.800691e-11,2.9842463e-08,0.5180641069,0.2683904189,0.1862969578,0.0236618594
86964,0.1621190812,0.0449415022,7.502744782,0.0,0.1225762623,0.2363737544,0.3540132696,0.0582805099,0.7452399368,-0.044311214,0.2205899662,-0.142099154,-0.875382862,0.084282523,0.1420991541,17,0.0041118553,0.0897235263,0.1084134024,-0.045119016,0.0109498652,0.4517928453,-0.117360011,0.0225890753,-0.038400362,0.4514536775,0,1.5734390291,0.0034066907,1.5287880253,-0.000583013,2.47929597,6.8703987346,0.4509105003,0.0,0.0,0,,0,1.0,1.189147819,7.0,-1.561444532,-0.003619828,-0.223308235,0.2761632507,0.8764088493,-0.277156356,0.171689349,3362.4496288,0.0278203388,15.763740835,-0.001535962,0.0428921065,0.0731194739,0.0044367258,0.3348810054,0.0131869257,2.0,0.0008635579,2.1656468946,-0.081150075,7.0,16.619980363,0.047413845,2.9046147415,0,-0.111549313,0.0553725511,0.0220799645,0.0222631064,0.3929506548,7.3518131107,1.219888e-10,5.9267371e-09,1.0513291116,1.105292901,0.0287827698,0.0338883545
86949,0.3834253475,0.0494989123,2.4523763352,0.0,0.1928489546,0.8510670619,0.186445677,0.189091064,0.801216127,0.0039360734,0.2616610288,-0.016261455,-0.180612487,0.0584390339,0.0162614546,16,0.0620524549,0.1316249272,0.2872414844,0.0670969,0.0115721044,0.1294378361,0.0811790715,0.1011848896,0.1557815466,0.6692536823,0,2.5408740116,-0.222857984,1.6434965209,-0.223190394,5.1140876608,8.2694403925,0.3860186227,0.0,0.0,1,1.0,0,0.0,1.1996953743,7.0,0.0345394408,0.1821788665,0.0894693889,-0.12353656,0.4682836916,-0.736772956,-0.028577727,785.70921818,0.197809166,15.278490147,0.0019616774,0.0348241199,0.0544930904,0.0266502817,0.2631478873,0.0034896548,0.0,0.0002983294,8.6410052323,-0.321280127,3.0,16.627452456,0.0183694894,5.1351802805,0,0.0957318355,0.0626623482,0.0276556969,0.0327951208,0.3830271724,13.808078038,1.700565e-10,3.3083085e-09,1.0235790163,1.0477140027,0.0558564916,0.0562274284
86990,0.3374338204,-0.599395823,0.1245118428,0.0,0.9386241992,0.0646757727,-11.19297728,-0.40917702,-0.249174095,0.0061796394,-0.251688223,0.1522782827,0.4364446361,-0.860998916,0.1522782827,17,0.0,0.0666666667,-0.744329897,,-6.045797775,0.9727272727,0.875257732,-0.000511829,-0.627340616,0.9625337519,0,8.0207673682,0.5167021597,8.0207673682,0.5167021597,0.0526931399,,-0.545256956,0.0,0.0,1,1.0,0,0.0,-0.663030553,1.0,-6.706041735,-0.006015909,-0.014089627,-53.95238753,-3.475257804,0.7474187301,2.3752013325,-2260.691059,0.0232932967,11.239730794,0.0002246144,-0.031906755,-0.120660313,-0.015322268,0.9562227088,-9.4,4.0,-0.165517241,-0.312927796,0.0519649172,1.0,10.389993878,-0.642131907,1.0502471751,0,-0.142502855,0.0782122836,0.0728545069,0.0479057624,1.1884563728,17.973808204,4.7203501e-08,8.5245335e-09,0.3200303066,0.1024193972,0.9309643513,0.0812072152
88368,0.7853187633,-0.006342162,-5.143278604,0.0084878417,7.1546667219,0.3113425007,0.0198569742,0.1033802503,0.03545214,0.017141364,0.1122092067,-0.009202397,-11.09896433,0.0640492683,0.0092023969,16,-0.01020803,-0.314285714,0.1165493234,0.0397672439,0.1281573879,0.4230769231,-0.157792767,-0.010710598,0.0287877774,0.7025753667,0,1.0996203246,-0.032836646,1.0978829194,-0.020797357,0.2346495932,0.0517594701,-0.000437222,0.0,0.0,0,,0,0.0,0.3377950723,7.0,0.3581651769,0.0049513963,-0.358035748,-0.134904138,-1.229479117,-0.014465589,-0.015488373,-5361.463302,0.0286434127,12.05704724,0.0,0.000306631,0.0026507676,-0.001407001,0.1676423635,0.0131464304,2.0,-0.005943536,-0.811131207,-0.034677088,1.0,11.457391613,0.1480093049,0.367530676,0,0.0654744878,0.0227920003,0.0086435225,0.0148527162,0.5156162941,1.0144170255,3.7899118e-08,6.6125946e-08,0.154262811,0.0237970149,1.4716504579,0.0284772008
86996,-0.04620048,-0.001698609,146.56212981,0.0,0.5944204179,0.1067614217,0.0491137601,0.1559645701,0.1619461233,0.0054659275,0.323005181,-0.095175479,-28.64531797,0.0469585785,0.0951754794,16,0.0,0.127126231,0.1702320392,-0.18402136,0.0549464938,0.2270012094,0.0974547029,0.0675456732,-2.851156693,0.2131660297,0,0.987427881,1.1483162212,0.987427881,1.1483162212,15.659730697,11.366144135,0.0807571094,0.0,0.0,1,0.7387481428,0,0.0,2.1316511937,6.0,6.1001030537,-0.120557657,-0.025358373,-53.95238753,-1.645018378,0.5280772347,-1.215659137,11961.090892,0.0207317787,16.375369526,0.0001208863,-0.020117229,0.1376117159,0.0013201417,0.0163258033,-0.243811089,0.0,-0.012984533,1.7376586205,-0.096302705,5.0,16.999922886,-0.161892165,1.9521764762,0,-0.142502855,0.0186682921,0.0102351923,0.0187615746,0.3458725203,2.0703258161,1.182606e-10,1.6785326e-08,0.7999669075,0.6399470531,-0.069089725,0.0271479169
87006,0.2036644199,0.0557496997,6.0609181081,0.0,0.1014482765,0.2112321063,0.4588226513,-0.097317595,0.5723797128,-0.065094864,-0.209918596,-0.007646066,-0.044652046,0.0582390379,0.0076460664,16,0.0096521203,0.0481586402,0.1535697915,-0.13139343,0.021203784,0.0673987973,0.0024975464,0.0294131877,-0.013434725,0.5859332677,0,1.9317423807,0.4613751507,1.7990323412,0.4364477027,1.8525474488,7.9397548787,0.5310906845,0.0,0.0,0,,0,0.0,0.9348950268,8.0,47.727445126,0.0179190766,-0.1604646,-8.616738256,0.835494234,0.7432655612,-8.699112946,552.64896297,0.0248274717,15.360208257,0.0411086418,0.0961391205,0.4408162064,0.009406061,0.4269270616,0.0165718506,2.0,0.0195824444,0.6834944256,0.0881215393,6.0,16.813964269,-0.200764536,3.8541531048,0,-0.25352422,0.0453018397,0.029873831,0.0318330561,0.4384891181,10.551402904,1.619282e-10,5.3408525e-09,0.9825352764,0.9653755695,-0.347819492,0.0511885464
86989,1.3426417104,-0.05766071,-1.957496626,0.0,0.1594619886,0.6522413018,-0.037866128,0.0799154599,0.0125345275,0.1671907893,-0.204169088,-0.086100911,-2.160020192,0.0668875878,0.0861009105,16,0.0,-0.032,0.1099361038,0.2176602826,-1.721784929,1.7177714518,0.1245588351,0.0086632627,0.1277274561,0.2405074893,0,2.8609750905,0.6986463297,2.8609750905,0.6986463297,2.6299512939,4.9548922056,0.0211931244,0.0,0.0,1,0.5131118881,0,1.0,0.0017724645,7.0,-9.944833254,0.1485906546,-2.473466149,5.1206644797,5.6483881085,-0.888072133,1.0614598657,-4165.709258,0.0288563477,11.998357116,-1.9902e-05,-0.019579935,-0.021152148,0.0376156441,0.1516258178,-0.038762868,0.0,0.0506329114,2.0697526261,0.0248972327,2.0,13.044001899,-0.113080884,3.5271619942,0,-0.111549313,0.0859106481,0.0326078354,0.0512361071,0.5235356363,7.274320031,1.438923e-08,7.7959852e-09,1.317545164,1.7359252593,-0.101136911,0.0898645856
87000,0.2670731539,0.0480424524,10.818623431,0.0,0.0647391651,0.1918324366,0.1648353239,0.3613388343,0.6284590472,-0.011737814,2.2371523481,-0.067185849,-0.402445637,0.0673769278,0.0671858486,16,-0.003621147,0.372,0.1521683005,0.448043529,-0.008872268,0.1588391889,0.8626992823,0.0180581238,0.1936715862,0.2897904849,0,2.0039516367,-0.683610445,1.9331760543,-0.684399137,3.1059580302,11.948803245,1.2824927367,0.0,0.0,0,,0,0.0,0.6846330743,3.0,-10.22132286,-0.035915116,-2.069466149,4.0450959232,-1.273616217,-0.831521125,1.0619492058,-3466.725528,0.0288563477,14.178022883,0.0253893026,0.0246398363,0.0339150585,0.0112617747,0.3277646133,-0.00146049,1.0,0.0031076882,2.5377766973,0.2535581589,5.0,16.359555902,-0.132409714,7.7701228482,0,-0.111549313,0.0476742424,0.0346619979,0.0440254313,0.3725985202,29.011205118,2.699237e-10,1.9768536e-09,1.1820130576,1.3971548684,-0.016074199,0.0596416361
86965,0.7384281927,0.0826743745,-47.02332376,0.0343033174,7.9139527476,0.3560025313,0.0237807852,0.0549351302,0.0380159911,0.0208981127,0.050935804,-0.001952093,-0.200102197,0.0992176985,0.0019520926,16,-0.000918886,0.0,0.021339,-0.021542581,0.0158018875,0.1259273507,0.0845534489,-0.000812665,0.1039802608,0.4613860427,0,0.7930804272,-0.016199634,0.7926931636,-0.014723475,2.173737339,0.067080953,0.01237758,0.0,0.0,0,,0,0.0,0.4687848689,5.0,0.0136148086,4.06298e-05,-0.043750034,-0.181794708,-0.207340577,,0.0196800573,-5143.415122,0.0286434127,12.913970498,-0.000201944,0.0024753986,0.0292369083,0.0046131519,0.0152888604,0.0219555447,1.0,0.00322841,-0.1657639,0.0165287778,6.0,12.293164684,-0.040023414,0.5861268221,0,0.0654744878,0.0194140226,0.0109063123,0.0216873859,0.4490356323,1.2468439642,7.4896643e-09,3.5710169e-08,0.8161694821,0.6661326235,-0.082000205,0.0299780313
86979,0.5295285559,-0.035986541,1.1337275586,0.0092576804,0.3750437049,0.4980955014,0.0734221697,-0.186219252,0.2995545226,-0.159531502,0.1521926053,-0.11721866,-3.283577625,0.0821780609,0.1172186597,16,0.0018153569,-0.07139091,-0.00899531,-0.044616959,-0.001275704,0.1970584983,-0.034621249,0.0036897153,-0.326353702,0.3467322179,0,1.945342672,-0.242955553,1.9096681286,-0.249237497,2.34663759,7.7259976624,-0.047973201,1.0,0.0,0,0.0,0,1.0,0.4140669935,3.0,6.9678287576,0.0438052918,-0.209596607,0.1639151493,-0.743687341,0.0744744517,0.074487018,4838.5729811,0.0410566741,16.012258205,-0.001055492,0.02386874,0.0465406436,0.0124024482,0.2331793226,0.0213829224,3.0,0.0015558149,0.5277851633,0.0422391747,4.0,17.260072158,-0.445611191,3.5159957806,0,-0.131569503,0.0329575129,0.0199418992,0.0218721794,0.4971766926,11.814269915,7.067698e-11,5.8607176e-09,1.149059546,1.3203378403,0.0762664548,0.0341775216
87016,0.3179824408,-0.135044827,3.4879571699,0.0,0.2943685549,0.5323974581,-0.263477654,-0.05456183,0.4002882104,0.0505083634,0.3966013506,-0.208775845,-0.97399568,-0.003511749,0.2087758447,16,0.0202961084,0.1826923077,0.1423671957,-0.081926382,-0.035748999,1.4578947368,0.5566172226,0.0271278033,-0.272210206,0.4893868651,0,2.1425881245,-0.279061541,1.7746719237,-0.291631441,4.7903632165,2.7356273605,-0.432316327,0.0,0.0,0,,0,1.0,0.5926192956,3.0,-10.10075324,0.1568848147,0.1001301561,0.2906242976,-1.302659897,-0.819051057,0.0696814937,-3028.392623,0.0318276958,11.17903885,0.0,-0.040435293,-0.083908962,-0.026779576,0.1034988936,-0.006702008,3.0,0.0093457944,-0.056087717,0.0813979022,3.0,10.123785494,0.9694510773,0.2680802818,0,-0.095378135,0.0506911948,0.0204583862,0.0394474274,0.7812466232,0.6267129936,5.2683179e-07,1.3076182e-07,0.9834470402,0.9671680808,0.0065085993,0.0637811772
87077,0.5439843193,0.0919778816,0.5823143238,0.0,2.693897666,0.9367261539,0.094930286,0.3965558077,0.2728522303,0.0132380092,0.4812711524,-0.001928704,-0.058915111,0.0973967687,0.0019287041,16,0.0,0.0239954294,0.3871721466,0.0686307558,-0.034547418,0.4173423524,0.7185065657,0.0107069148,0.0893569996,0.5119696544,0,11.117611557,-0.227321423,11.117611557,-0.227321423,7.6056277118,0.440052308,0.0515816663,0.0,0.0,1,0.792387323,1,0.0,0.9892358239,3.0,-73.61029499,-0.062494,-0.019236632,-0.222064262,-2.666596997,1.4873106273,-0.381061034,-2391.473304,0.1473165608,13.484020287,-0.004437028,-0.003219512,-0.020383038,0.0149218618,0.0427052335,-0.013928652,0.0,0.0008108108,1.3617816245,0.0890131742,3.0,14.465579943,-0.314783166,2.6049063406,0,-0.258063742,0.0563435927,0.0299041378,0.0397711078,0.3906049115,3.5357671899,3.5435574e-09,9.8205351e-09,2.0888861543,4.3634453655,-0.023495164,0.045254193
87020,0.5674441238,0.0586252346,-29.79010533,0.0012063672,5.4082411809,0.2458603221,0.0277003564,0.1077426783,0.039776594,0.0060482833,0.1046524981,0.0039375357,0.3818355228,0.0362400375,0.0039375357,16,0.0052014327,0.0465949821,0.0589695626,-0.051580475,0.0543443108,0.2989040186,0.0246663059,0.0054418133,0.1380862183,0.5724788673,0,0.9329109404,0.0103748808,0.9228764904,0.004520875,1.5121280785,0.0545497016,0.0122487019,0.0,0.0,0,,0,0.0,0.4303566162,6.0,0.0233042831,0.0016796644,0.0028449481,-0.352778777,-0.825725192,,-0.043297604,-2887.337622,0.0286434127,15.009611334,0.0001437744,0.0027898615,0.0285639287,0.0046112004,0.0223193736,0.0071073281,0.0,0.0005217845,0.206677019,0.002294464,3.0,15.729182028,-0.133742762,2.4572694254,0,0.0654744878,0.0358460918,0.0193082049,0.0301919703,0.3020988782,2.3201633257,6.228806e-10,1.2831784e-08,1.313069682,1.7241519898,0.0108122122,0.0299514722
87121,1.0303416249,0.0276533643,-183.1412575,0.031229361,1.9151028079,1.3462314349,0.0494249956,0.0139902941,0.114059324,0.0111426175,0.0156350448,-0.062938584,-6.657534247,0.2117565841,0.0629385844,16,0.0009876782,0.0321543408,0.1249377464,0.1254592996,-0.218964402,0.1897165086,0.2297388785,0.0193892331,0.0109472954,0.1386176566,0,1.367672956,-0.148449762,1.3532830189,-0.157409327,1031.9492386,6.9542620085,0.0645853184,0.0,0.0,1,1.0040274739,0,0.0,0.2314443591,6.0,-0.144302049,0.0253192585,-0.007644537,5.4391872994,-0.443315709,-3.277617903,0.934174591,-14631.74815,0.0314049921,11.951254584,-0.00210952,0.003544423,0.0101115828,-0.013585541,0.0003126618,0.019079183,0.0,-0.003267974,-0.340128591,0.0271396479,3.0,10.843057255,-0.050460806,0.4026956609,0,-0.107492679,0.0645161346,0.0235280358,0.0387652675,0.3205162528,0.6691571002,6.0112027e-08,4.1757717e-08,0.7503846799,0.5630771678,0.4916739807,0.0438107853
87066,0.0886422489,0.0332464826,11.385403658,0.0282183969,0.0586839829,0.2316111469,0.7405048416,-0.038305746,0.6174703983,0.0047697444,-0.216897441,-0.069253254,-0.312996057,0.0436525006,0.0692532545,16,0.0,0.0582147477,0.0915359898,0.003497821,-0.052645854,0.7493263656,0.3638585129,0.0207364438,0.1327118865,0.7836003501,0,2.4664668415,0.2626213947,2.4664668415,0.2626213947,3.0926087994,4.7347567342,0.6145407985,0.0,0.0,0,,0,0.0,1.2087539158,6.0,-10.11130701,0.1093580839,-2.383251401,3.8666650181,-1.013597458,0.8061847595,1.0382247785,-3059.620588,0.0288563477,13.970190026,0.005542692,0.0607666608,0.0996740074,0.0047500428,0.5456364414,0.0005164776,3.0,0.0016939582,0.6177352935,0.0784178955,6.0,13.962496254,-0.157145292,0.815974066,0,-0.111549313,0.0226372164,0.0117145322,0.0197697579,0.2834349075,0.6805029681,3.4379755e-09,4.1606899e-08,0.8857737841,0.7845951967,0.0373389409,0.0437648403
87075,0.2790465466,0.0426366426,3.4493601249,0.0177820795,0.3010685782,0.2037919045,0.1582879065,0.4779149394,0.4408033011,0.0283049561,0.978150126,-0.036309313,-0.414148587,0.0602945479,0.0363093133,16,0.0,0.2477876106,0.1787265275,-0.184928763,0.0015907648,1.6472512233,0.2917019746,0.0214068604,0.1611184879,0.3611770805,0,4.0546850979,0.1974831445,4.0546850979,0.1974831445,1.1305247146,6.5325685122,0.282630984,0.0,0.0,1,0.0002375773,1,0.0,0.6757896883,5.0,-10.12868595,0.0475263292,-2.193678538,4.0570693158,-1.179653239,-0.066199295,1.0548668258,-1295.001558,0.0288563477,14.930456937,-0.000202439,0.0216439687,0.0440118558,0.0075925401,0.202707197,0.1331311477,0.0,0.0011291461,0.457618048,0.0067967949,6.0,16.782111662,-0.301983685,3.4742776169,0,-0.111549313,0.0210160594,0.0129056277,0.0243036678,0.2084519005,1.6249371086,4.452052e-10,1.2380716e-08,1.0300018497,1.0609038103,0.0467942656,0.0373748715
87084,0.1142948103,-0.034687443,5.8302051954,0.0,0.0436588169,0.00437534,-9.697746698,0.1444743388,0.0317021169,0.0148528378,1.3191291403,-0.280962977,-1.198646738,0.0068905475,0.280962977,16,0.0,-0.066666667,-0.431497497,,0.0,0.390625,-0.137369792,0.000913752,-0.041059252,0.9151306276,0,3.5009612973,-0.52181558,3.5009612973,-0.52181558,0.0302942104,,-1.10747323,0.0,0.0,0,,0,1.0,0.0367093816,3.0,-5.488044432,0.0873870522,-2.508132816,3.8923175795,3.1853008602,0.1119278668,1.0014628254,-3948.958028,0.0288563477,12.419610277,0.0002457175,-0.190281506,-0.281525604,0.0004490362,0.8480930043,-0.017479798,1.0,-0.005617978,0.1829250597,-0.09894539,2.0,13.874619986,0.5933436088,4.9905264923,0,-0.111549313,0.1240694746,0.0447914416,0.0665820309,0.5943296697,17.505904784,8.3041797e-09,6.7369443e-09,0.9140975813,0.8355743882,0.8662655816,0.1312194555
91418,2.4106942555,-0.208545137,-22.72058407,0.0,0.4763810264,0.0,-0.079221436,0.0037761586,0.0,0.0047950654,0.4827361564,-0.00627897,-0.207025547,-0.165370966,0.00627897,11,0.0,-0.315789474,,,,0.0015613917,-0.052542015,0.02909472,-0.060085168,0.3574821708,0,2.5755117094,-0.139495102,2.5755117094,-0.139495102,0.0,,-0.506715012,0.0,0.0,0,0.0,1,0.0,-0.000215146,2.0,,-0.004721618,-0.380138895,1.5645986059,-2.009434637,-0.258104017,0.0090291736,-692.1738831,0.1121772916,10.658605242,,-0.00765504,-0.022525178,0.0,0.0424540041,-9.4,1.0,0.0207590594,-0.000707857,0.0003784075,4.0,9.8423717136,0.9606169314,0.3090041935,0,-0.172615822,0.0754316524,0.0386792581,0.0827372179,0.8515783224,1.3209944005,1.1710137e-06,8.5056498e-08,1.7703460781,3.1341252364,0.204910598,0.1450994119
87056,0.1133612506,-0.009939756,11.682092092,0.0,0.0714165328,0.0557229976,-0.108820782,0.1072533242,0.2962017449,0.0392432945,0.0598815648,-0.025499666,-0.451074502,-0.005456185,0.0254996656,16,0.0155483399,0.2535421327,0.3692990693,0.0605027494,-0.026225989,0.0953628924,-0.40031318,0.1266631899,0.1393342933,0.6008207659,0,6.0474889602,-0.025574284,5.2014176695,-0.022100631,0.7533920901,4.8703997925,-0.089852384,0.0,0.0,0,0.0,1,0.0,0.4694711049,4.0,47.762946341,0.0026401064,0.0449188927,-8.707041425,1.1735786339,0.5733941298,-8.76280817,7930.731643,0.0248274717,16.436216746,0.0019287561,-0.024920184,-0.038577708,0.0019054409,0.1726072754,0.0573828719,0.0,0.0003797949,-0.031640375,0.056355733,7.0,17.314220216,-0.32102035,2.3640788063,0,-0.25352422,0.0761262327,0.0287214252,0.0461612543,0.3646094971,4.0710475014,1.634134e-10,9.8720634e-09,1.1935718736,1.4246138175,-0.126302342,0.0500880315
87074,1.3316307973,-0.144983001,-0.287864701,0.0,0.0693420775,0.0,-17.17196532,-0.188926941,0.0,-0.151960784,0.1909689558,-0.008789439,-0.094824329,-0.131235085,0.0087894387,16,0.0,0.0,,,,,,0.0,-0.202178978,0.9776618784,0,29.429228999,-0.558178591,29.429228999,-0.558178591,0.0,,-2.272219837,0.0,0.0,0,,0,0.0,0.0,1.0,,0.1014505154,-2.441466149,5.1096535665,,-0.888072133,0.8633371928,-4216.164246,0.0288563477,8.1394915477,0.0,-0.079813472,-0.18672307,0.0248163589,0.0850260774,,1.0,-0.152514252,0.5843062076,0.1918924451,3.0,7.2328776741,-0.485418295,0.2488584475,0,-0.111549313,0.3387096822,0.1131541982,0.1086026725,1.7315817148,1.0751760376,0.0001049881,1.0000001331,0.0965502972,0.0093219599,0.7694581948,0.0678199941
87034,0.0019795216,0.049040292,84.110652,0.0127726277,0.4136493248,0.7935525189,0.1853782876,0.0845884306,0.5932870228,-0.090992404,0.5383873795,0.0137422589,0.1119654012,0.043549476,0.0137422589,16,0.049837806,0.0103092784,0.0526085462,0.0200184947,-0.003700819,0.1695482432,-0.034237087,0.0887686728,-0.982676841,0.4444125716,0,1.2256738789,-0.030218141,0.6656593739,-0.092282672,89.797333333,7.9909824395,0.1856851845,0.0,0.0,1,0.022962963,0,1.0,1.9513301712,3.0,7.1398346301,0.0710443402,-0.127896418,-0.363633885,-0.442238108,0.3636898015,0.0358584331,-207.5615689,0.0410566741,15.587854351,0.0035171863,0.0395795292,1.0433494835,0.0110664612,0.0186553282,-0.007868715,0.0,8.82379e-05,0.5991776459,0.0540186849,5.0,16.166467731,-0.239826699,2.1537020899,0,-0.131569503,0.0167912133,0.0104050737,0.018854476,0.3610948533,4.614104543,1.254634e-10,9.768804e-09,0.8124060211,0.6600035431,-0.067518857,0.0252670939
87086,0.4978494537,0.0378425576,21.952139918,0.0,0.1981967808,0.7461206804,0.0986516729,0.3078842913,0.4584357895,0.0483073291,0.8309059901,-0.028917611,-0.469282908,0.0556014231,0.0289176114,16,0.0,0.1067235859,0.2233094489,-0.220882877,-0.010180179,2.2830780818,0.5664158894,0.010842704,0.1743342711,0.2268680787,0,2.3975809527,-0.044195175,2.3975809527,-0.044195175,41.764243256,4.008601924,0.4408950115,0.0,0.0,1,1.0,0,0.0,0.5699525993,3.0,-10.13301809,0.0571672842,-2.334742563,4.2758722229,-1.024421661,0.573495268,1.050173701,-3622.332908,0.0288563477,13.532950664,-0.002202587,0.0169941901,0.0226555611,0.0075260862,0.0192803368,-0.003993246,1.0,0.0012961763,0.2605181679,0.0364205274,4.0,13.646391559,0.4383336293,0.7738293079,0,-0.111549313,0.0368007869,0.0153177265,0.0257247925,0.4165501385,1.4145408482,5.0206352e-09,3.6951201e-08,1.2884383886,1.6600734812,-0.049155715,0.0450252727
86793,0.8526004986,0.0309846504,-26.17931213,0.0020437404,5.9725969684,0.262594067,0.0230953841,1.0124592679,0.0687078174,-0.313632217,0.9646168329,0.0015877845,0.2635272104,0.022819352,0.0015877845,14,0.0042622776,0.8886509636,0.6958054686,-0.394749223,0.0799147211,0.0850968537,0.1498709147,0.0231675494,1.7934453391,0.5297652636,0,0.9410432585,0.0490058077,0.9308516076,0.0512754304,1.2318211007,0.0564099211,0.0093203263,0.0,0.0,0,,0,0.0,0.7685817407,5.0,0.0310458842,-0.007418729,0.8449009296,-0.067622402,-0.485737106,,-0.056718289,-4877.562472,0.0286434127,14.055819162,0.0017398192,0.0027242566,0.0215063965,0.0014600342,0.0178246152,-0.011027378,2.0,-0.000930665,2.2331118969,0.0292068471,1.0,13.724412551,-0.106376753,0.7580841857,0,0.0654744878,0.0322307125,0.0114200822,0.0223590639,0.4004889349,1.6442904683,2.0751331e-09,2.4762547e-08,0.9696303396,0.9401829954,0.0201478059,0.0286320364
87162,0.3064415844,0.0298239878,10.588448819,0.0,0.4288144619,1.648729788,0.1273340265,0.875949755,1.2669235112,0.014840824,2.5811715019,-0.274058335,-5.197712821,0.1848405113,0.2740583354,16,0.0900385308,1.2241887906,0.4827968718,0.045657656,0.0964037567,0.1712169312,-0.481147483,0.5935440952,0.1378282633,0.3657967411,0,1.294166188,0.0473502683,0.5404629188,0.206083792,40.139799571,58.503182055,0.2648382247,0.0,0.0,1,1.1212116057,0,0.0,2.6897417562,5.0,-1.655974174,0.0459382455,0.8788673267,-0.21550947,-0.931815773,-3.39269878,0.1887617616,-6648.39831,0.1266995565,12.536363842,-0.001224376,-0.008933232,-0.021511257,0.049704851,0.003283478,-0.097571676,1.0,0.0032967033,0.467914223,-0.048713751,5.0,13.489972879,-0.148917638,2.2009083472,0,-0.152504436,0.0472441129,0.0227272114,0.0397263885,0.3874763429,2.7668154982,9.0570627e-09,1.3595687e-08,0.9112265043,0.8303337422,0.2780333477,0.0513808258
87167,0.5772306639,-0.050223603,,0.0,0.0925291916,0.1133739514,-0.149565016,-0.002384801,0.1207581514,0.0601596232,0.3192401494,-0.044164867,-0.621627375,-0.019003237,0.0441648668,16,0.0,0.4174228675,0.4330332258,-0.614223411,-0.001494334,1.7703535926,-0.116411847,0.0157702736,-0.040481072,0.2367002655,0,2.0780773666,-0.73813418,2.0780773666,-0.73813418,0.8136592945,3.6671997925,-0.38633619,0.0,0.0,0,,0,1.0,0.1384860083,3.0,-0.493911794,-1.5127e-05,0.4374409361,1.9061178997,0.2701539937,0.3711878221,0.5018251949,-7643.299727,0.1654820061,12.814895768,0.0038085802,-0.023238954,-0.028826899,0.0086616245,0.1625228505,-0.03755538,1.0,0.0042517007,1.170373281,-0.093351702,6.0,12.494232125,-0.272676272,0.6295733124,0,-0.239385698,0.056722682,0.0228426423,0.0400680167,0.5473747325,1.8521458324,2.6855176e-08,4.4385378e-08,1.741874788,3.0341277772,0.0399824313,0.0469870428
87179,0.2435131887,0.0341963489,5.4312325181,0.0,0.130376095,0.2535269875,0.2375033494,0.1008386493,0.6177835768,-0.008696497,0.1747061963,-0.071648763,-0.747499673,0.0597581086,0.0716487627,16,-0.000704881,0.0470127326,0.1437600688,-0.214943127,0.0045874456,0.8258883674,0.0447080783,0.0159848494,0.0649841994,0.4251989615,0,1.7975729216,0.0508594199,1.7329254449,0.0609450008,2.1992340694,5.5173424464,0.3746275188,0.0,0.0,0,,0,0.0,0.9157593221,7.0,-10.11524905,0.1281681329,-2.394453416,4.0215359579,-0.834445045,0.3835226597,1.0543303865,-2444.990758,0.0288563477,14.55477715,-0.059253712,-0.012333425,-0.017730973,0.0449222976,0.088421399,0.1266262779,0.0,0.0045236076,0.3416353687,-0.047887459,7.0,15.592249167,-0.252175071,2.650895568,0,-0.111549313,0.0392599665,0.0154508205,0.0255368235,0.2467384891,1.8596218563,6.868225e-10,1.166008e-08,1.1476978558,1.3172103682,0.1818232933,0.0400491916
87172,0.23484724,0.0222019565,5.0788767517,0.0,0.3259472871,1.3435976645,0.0977483917,0.0187204617,0.7764539078,-0.003170816,0.0033890589,-0.060869972,-1.523374861,0.0560238588,0.0608699724,16,0.0,0.1458333333,0.0028945453,-0.023715336,0.0061045043,0.4727796122,-0.075688307,0.0280284563,0.0407923003,0.5642394261,0,1.8226083143,-0.002988219,1.8226083143,-0.002988219,13.298240859,5.3141396417,0.1622228955,0.0,0.0,1,1.0,0,0.0,1.8864223903,5.0,-10.13359863,-0.021284921,-2.295632816,4.0128700093,-0.895921362,0.3778532575,1.0505961368,-3869.273558,0.0288563477,12.659277797,-0.00153622,0.009169039,0.0302630265,0.0577817591,0.1031970876,-0.00947237,0.0,-0.006072874,1.9739996348,-0.059983113,5.0,12.811949404,-0.045382637,0.7300967173,0,-0.111549313,0.0309916548,0.0130186786,0.0293420136,0.3888884778,0.9456828604,1.6950505e-08,4.1171163e-08,1.2797741917,1.6378219817,0.2405947404,0.0486930676
89529,0.5215098942,0.0271069354,-15.98450681,0.0,6.34423138,0.3181586957,0.0313477463,-0.036872473,0.0376412656,0.0,-0.046233604,-0.000385591,-0.099533437,0.0298049818,0.0003855913,15,0.0035526618,-0.281553398,-0.083100474,-0.099138625,0.0535721144,0.1286186128,0.1781171365,0.0009757751,0.0937168455,0.5881822553,0,0.9368427635,0.0238690172,0.9251844832,0.0190085358,0.928975874,0.0628429634,0.005603198,0.0,1.0,0,,0,0.0,0.5627431333,7.0,0.1117415961,0.0009301217,-0.325303432,-0.398713007,0.1168602609,,-0.049732659,-5427.320222,0.0286434127,10.934937631,-9.4028e-05,0.0019766626,0.0241532955,0.0004619382,0.0522707391,0.0241572761,0.0,0.0021249159,-0.489552002,0.0461595648,1.0,8.3279291962,-0.17889042,0.1462188063,0,0.0759666715,0.063225776,0.0273537429,0.021613015,1.9125036184,1.4615009136,1.47809e-05,1.3329438e-07,0.5733401164,0.3287188891,3.2197845357,0.064509441
87227,0.0081178772,-0.091808094,11.193814588,0.0,0.3592252989,0.5607392276,-0.258596804,0.5232946366,1.2669235112,0.06089278,0.6430839922,-0.046760057,-0.154960174,-0.077581496,0.0467600573,16,0.0,-0.174743025,0.0804275426,-0.09470459,-0.082145053,1.5985331633,2.4040869876,-0.072594725,-0.639553952,0.4095258491,0,0.9237015417,0.0021647658,0.9237015417,0.0021647658,8.1547964336,5.7869339838,-0.189594785,0.0,0.0,1,1.0,0,1.0,7.0684064848,2.0,-1.660974925,-0.074386785,-0.487774787,0.1221620467,-1.360010666,-0.776276938,0.0098253299,-4624.150551,0.0278203388,11.520680524,0.0056875965,-0.065090185,-0.811535723,-0.039410406,0.1637390072,-0.00499322,0.0,-0.002518892,-0.290770538,-0.060337045,3.0,9.5453758493,-0.588384519,0.1155734377,0,-0.111549313,0.056338042,0.0204641706,0.033390713,1.3693011212,0.731374134,2.2673467e-06,2.1661792e-07,0.4700227846,0.220921418,0.3225430688,0.0710297059
87264,0.1675032016,-0.040585163,12.107333345,0.0,0.1648179309,0.3348455028,-0.06177039,-0.04104784,0.6272570791,0.0377975029,0.0251789561,-0.114607375,-0.958517659,-0.001683568,0.1146073749,16,0.0,0.1482683983,0.0724686866,-0.014568397,-0.046913234,0.406564698,0.0938611052,0.053651811,-0.098360223,0.4211974681,0,1.3381576039,-0.248857035,1.3381576039,-0.248857035,6.0719101923,3.9044078112,-0.139570903,0.0,0.0,0,,0,0.0,1.170082649,2.0,-10.27743377,0.0856501453,-2.293197751,3.9455259708,-0.78555375,-0.7039364,0.9928887104,-3215.157458,0.0288563477,13.617884145,0.0070523091,-0.020822302,-0.051972138,0.0122735356,0.3097614277,-0.009313386,0.0,0.0053853921,0.7852062324,-0.057609984,6.0,14.236247997,0.4140163329,1.6271721243,0,-0.111549313,0.0425473489,0.0158194509,0.0294984528,0.3659884973,1.9642016292,2.8672699e-09,1.8086484e-08,1.7172686232,2.9490115241,0.0326219965,0.0462965827
87261,0.4892283709,-0.026439967,0.0381870677,0.0,0.4962989097,1.0449246158,0.0452177223,-0.016351259,0.771303204,0.0395024007,-0.038189784,-0.154908785,-5.822084774,0.1274957619,0.1549087847,15,-0.010266265,-0.123794212,-0.070068575,0.1424774753,-0.014044321,0.8741934068,-0.163093917,-0.077421244,0.0068400942,0.5122073491,0,1.2819235156,0.0368341507,1.2168937984,0.0601012581,2.757091186,14.115984405,0.1370122064,0.0,1.0,0,,0,1.0,1.5903862525,4.0,0.232879507,0.5207043639,-0.16359309,4.8980740454,-0.250569574,-2.277617903,0.8499137687,-14621.82996,0.0314049921,11.994585944,-0.001282344,0.0094746863,0.0175115207,-0.025033829,0.5105334344,-0.245897088,2.0,-0.006,2.665647069,-0.122242438,5.0,12.128660139,0.1893864346,1.0,0,-0.107492679,0.0213143658,0.0128386201,0.0297973244,0.4485323883,2.0383130307,1.4949019e-08,2.3362856e-08,1.1992407404,1.4381783535,-0.178243709,0.0629858094
87236,0.3471132542,-0.091188344,9.5330910177,0.0,1.0192665219,0.7733923246,-0.017029911,-0.036560568,0.249428156,0.0071636155,0.021797047,-0.153797807,-2.348255431,0.1229451799,0.1537978068,16,0.0,0.0,0.1821720747,0.3627630389,0.0773249781,0.2372356749,0.4817766681,0.105608385,-0.174930026,0.3669410883,0,0.8302133973,-0.371799212,0.8302133973,-0.371799212,16.677902808,17.084514944,0.0954230153,0.0,0.0,1,1.0,0,0.0,0.6940727732,4.0,-10.17424962,0.0985913492,-2.441466149,4.1251360234,-0.582765002,0.1119278668,1.1175174578,-3801.317958,0.0288563477,11.763991983,-0.002480808,-0.024711622,-0.105622224,-0.018483224,0.0324074648,-0.060337624,0.0,-0.032626427,-0.295019039,0.0494295997,5.0,12.116197123,-0.381870892,1.3091745452,0,-0.111549313,0.0679244623,0.0453082414,0.0692169925,0.3660310068,1.4827883991,5.573338e-08,2.3549332e-08,1.5093330667,2.2780863061,0.161368185,0.0549769311
87267,0.4585100025,0.055190088,-28.75293612,0.0224178317,3.5568285983,0.185659188,0.0187072282,0.0906659754,0.021821688,-0.010686028,0.09878211,0.0009267296,0.0646630237,0.05162133,0.0009267296,16,0.0002175422,0.0701754386,0.0885068762,0.123361648,0.0239438541,0.5867237687,0.0658476768,-0.000145539,0.0342403628,0.0342237415,0,9.7395604396,0.1979907832,9.1505494505,0.2041234444,1.8465255791,4.763972485,0.0175984177,0.0,0.0,0,0.0,0,0.0,0.1725623583,5.0,1.3840914594,0.008455252,-0.017685134,0.0239664019,-1.362071159,-0.087543107,0.0236167958,52625.485306,0.0558672041,17.890611973,0.0004936897,0.003556842,0.0303499424,0.0012348934,0.0258712244,-0.010054491,1.0,0.0007395704,0.0464425498,0.0314131113,2.0,17.778188131,0.0455016805,0.9451092734,0,-0.168614603,0.0264655072,0.0135400784,0.0182269349,0.3076882271,1.1983962799,5.344715e-11,2.648182e-08,1.356435983,1.839918576,-0.012937754,0.0194706634
93313,0.0919502611,0.0449605521,13.132213328,0.0,0.3516496104,0.2084876849,0.1741872083,0.3930663165,0.5220748523,0.4002807018,0.0212432278,0.054194653,0.4493175614,0.0247589865,0.054194653,13,0.0229377936,-0.295218295,1.0002354973,0.4957379388,1.2319596247,0.0221276002,-0.385935852,0.102770847,-3.068634317,0.5026057201,0,0.511542192,0.6026385954,0.4329776916,0.6977230938,4.7432985853,4.3527502562,0.1441066516,0.0,0.0,0,0.0,0,0.0,-4.428422697,7.0,-15.23529223,0.3092377529,-0.601326396,0.0246161921,20.422765737,-0.696480341,0.35798669,-5113.079419,0.0238858186,10.926934987,0.0241574328,0.023906035,0.1128314647,0.0390805604,0.1486304609,-0.266763217,0.0,0.01193271,0.6511004438,0.0325254169,3.0,9.3942107685,-0.323531054,0.2472498874,0,-0.25352422,0.0902756676,0.0504219576,0.0694666064,0.7022145011,0.6539626639,8.3429828e-07,9.1784296e-08,0.8126591853,0.6604149514,0.630927199,0.1832419965
87268,0.4635579902,0.0472721388,2.8541175889,0.0025153139,0.2163760987,0.7894445309,0.1402452971,-0.002653272,0.3873322783,0.0040315712,-0.076608625,-0.028166452,-0.405668241,0.0664489443,0.0281664522,15,-0.022006763,0.0,-0.019074198,-0.101952699,0.0091298474,0.1709350185,0.1484223483,-0.034006743,0.036079826,0.5315851982,0,2.7281358162,-0.038498461,1.7391986457,0.0425545892,6.9327851564,5.3684875397,0.2782394378,0.0,0.0,1,0.0355445733,0,1.0,0.5837168973,6.0,-0.008034509,0.032789404,-0.377758897,-1.514051974,-0.390738741,-2.763088614,0.2022570926,-921.6074935,0.0506976226,13.739671587,-3.8641e-05,-0.010824051,-0.019184322,-0.067374461,0.0753428589,-0.00477711,0.0,0.000997009,0.677830625,-0.076051205,6.0,13.934245003,0.3897789209,1.4955646225,0,-0.060001469,0.1643977165,0.040419341,0.02905986,0.4956926288,4.2462906212,3.2768238e-09,1.310737e-08,1.6099183951,2.5918372388,-0.040347023,0.0384210555
88475,0.2425908965,0.0272556245,9.3205978991,0.0,0.0300252788,0.2699000305,0.2193670454,0.1777956557,0.7957851324,0.0139699381,0.1897209736,-0.0402957,-0.37262447,0.0374117371,0.0402957,15,0.0161862179,0.1945812808,0.1411880758,-0.04001488,-0.014404092,0.1908825248,-0.302996745,0.126852905,0.176336274,0.5584096947,0,6.0190432312,0.0116151046,4.797512094,0.0164069223,3.4584624667,7.3720549547,1.3658933344,0.0,0.0,0,,0,0.0,0.8931707317,4.0,-10.03467778,-0.055764403,0.1120191292,0.2152327533,0.9593490132,,0.1106049796,-2646.898583,0.0318276958,13.316475919,-0.009681611,0.0217526505,0.0246949472,0.0089393876,0.2816303148,-0.090209862,0.0,0.0006170935,1.337613592,-0.028003616,7.0,13.470726428,0.0862357509,1.5381382764,0,-0.095378135,0.1133235395,0.0306001964,0.0346304401,0.5392790699,5.5205124619,3.2444546e-09,1.1012365e-08,1.027522385,1.0558022516,0.0468362157,0.0451111195
87361,0.7182658203,0.0286771585,0.4881077838,0.0184362045,0.1004446701,0.6663397686,0.0756768071,0.0332491054,0.3643197941,0.0002693095,0.0503250975,-0.025966708,-0.729401561,0.0495943227,0.025966708,16,0.0140717326,0.0356347439,0.0279224579,-0.255418939,0.0103653267,0.3238108072,-0.043832033,0.0314599159,0.030905294,0.7136623351,0,6.6394371578,-0.151744489,5.5979243601,-0.15693371,1.7857987968,4.4887325124,0.5973235238,0.0,0.0,1,1.0,0,0.0,0.4143254917,5.0,3.1131924105,-0.006510849,-0.131605786,1.5334202787,-0.874960822,-2.417535338,0.1412431295,-4958.347347,0.0446872923,11.256059661,-0.00554142,-0.008406687,-0.00947115,-0.013131086,0.292747639,-0.018762964,0.0,-0.003327787,-0.046141945,-0.048720879,6.0,10.61929606,0.0633574838,0.3811371754,0,-0.101630079,0.0174291767,0.0112553306,0.032678428,0.7668825396,0.4169503191,1.8655299e-07,1.2810527e-07,0.6357171727,0.4041363237,0.3185951733,0.038390462
87269,0.8636674118,0.0786034623,-9.61151859,0.0458010241,8.8542632724,0.4172102967,0.0274327679,0.0549693094,0.0407779912,0.0016427105,0.0401585021,-0.002497032,-0.300671141,0.102237255,0.002497032,16,0.0003355387,0.0,-0.009741561,-0.010556442,0.0678133628,0.0618503119,0.0094989988,0.0010514633,0.2352941176,0.4030739701,0,0.678582203,0.0979788114,0.6727611501,0.0987469262,0.4713841239,0.1028645901,0.0104981391,0.0,0.0,0,,0,0.0,0.5372589261,6.0,-0.002987129,6.0192e-05,-0.043750034,-0.056555489,3.5604512889,,0.0226996138,-5403.703282,0.0286434127,11.582917837,2.2474612e-06,0.0019816613,0.0223814223,-0.000737839,0.0222958804,0.0196179894,2.0,-0.000562602,-0.863546587,-0.039057591,5.0,9.4189386518,-0.061110047,0.0706324786,0,0.0654744878,0.0268235151,0.0145748217,0.0211503069,1.0967465254,0.6434875597,5.8262463e-07,2.6225243e-07,0.1430558751,0.0204649834,1.0042585943,0.0299695305
87356,0.2210264705,-0.032287359,4.9423130843,0.0391534691,0.1897097077,0.5825939998,-0.131975249,0.0108121819,0.4316391078,0.0050065911,0.5704090158,-0.222752215,-2.818535515,0.0587157091,0.2227522155,15,0.0048908302,-0.001312336,0.0754107458,0.4022511542,-0.167754853,0.1902882997,0.1088658971,-0.049838557,-0.225935145,0.5428819069,0,1.9609346259,-0.194408166,1.9138553318,-0.202297594,4.7015500853,13.535721413,-0.057882416,0.0,0.0,1,1.0,0,0.0,0.6064155399,4.0,3.6343558741,-0.236787103,-0.07203844,-1.102319678,-1.384859725,0.4203911707,-0.021070533,-1265.510659,0.0889184991,13.253455601,0.032599946,0.0254135058,0.0491544393,0.0359002477,0.2418784753,0.0104693591,1.0,0.0126967238,1.556630617,-0.121227553,4.0,14.474644058,-0.401859002,3.6267413807,0,-0.017965162,0.0319284797,0.0205360085,0.0409971737,0.6175581121,18.756848171,2.1403949e-09,5.6480877e-09,1.4655027457,2.1476982975,-0.198489271,0.071440064
87302,0.5337066061,0.0437954296,0.2388556271,0.0,0.3485705321,1.7913357886,0.1261809985,0.0580765096,0.3841605447,0.0418769367,-0.065725584,-0.06488263,-1.271215352,0.099468852,0.0648826301,16,0.0,-0.021390374,0.0413427715,0.183984186,0.0381461831,0.4678143713,-0.725717965,0.0015902168,0.1583235378,0.7799866641,0,2.3904599859,0.1754743784,2.3904599859,0.1754743784,3.6345585449,7.0391897842,0.1537227297,0.0,0.0,0,,0,0.0,0.6952292165,6.0,-0.06340162,0.0921927753,-0.191167317,-0.049892404,0.4264502751,-1.174883308,-0.159807572,-2157.138112,0.0457306398,11.229268089,0.0035956488,0.0240287187,0.0375124288,0.023929676,0.5681197062,0.0059717772,0.0,0.0069773897,1.4970784295,-0.324730676,6.0,11.585092825,-0.834932359,1.3544724834,0,-0.034541484,0.0624999367,0.0300663866,0.0493698225,0.5125119709,2.5508700332,6.2172019e-08,2.0115173e-08,1.6102510629,2.5929084856,-0.017622081,0.0667341605
91471,0.3659268441,-0.740412805,0.8608116293,0.0,0.2146173976,0.0625700962,-7.955696203,-0.450988474,-0.55941311,0.025012706,-0.229560304,-0.045055465,-0.056935955,-0.698256695,0.045055465,11,-0.035381946,0.0263157895,0.0039463299,,0.2631231565,0.3533697632,0.3619459624,-0.01867378,-0.638479856,0.88912303,0,3.4051724138,-0.542988933,3.4051724138,-0.530223578,0.128407026,,-2.925194494,0.0,0.0,0,,0,0.0,-0.713466492,2.0,48.932477717,-0.045933044,-0.182307451,-8.454475832,0.0862960184,-0.42660587,-9.223719573,-5527.036757,0.0248274717,9.7267026799,0.0,-0.142362173,-0.211362433,0.0195337995,0.9144918187,0.1344518302,1.0,0.0505361305,-0.056630726,0.0306841978,3.0,9.8832091027,-0.05922728,1.1289799036,0,-0.25352422,0.0912698507,0.0428181436,0.0704962863,0.6862716238,2.8960210487,5.5637768e-07,2.4382583e-08,1.987976333,3.9520499005,0.2942610592,0.0906177217
90358,0.7840723124,0.062590118,-19.27623643,0.008644522,8.9456441907,0.4320182512,0.0231094243,0.1560722516,0.0388906538,0.4395833333,0.1474939588,0.0019690779,0.2854339623,0.0447247726,0.0019690779,15,0.0144468464,0.1231884058,0.145490982,-0.036943885,0.0349983188,0.057903574,-0.047257957,0.0167169755,0.6477782631,0.6557574721,0,1.1611381316,0.0293037801,1.1420332181,0.0139507984,1.1081814657,0.0531910191,0.0088395346,0.0,0.0,0,,0,0.0,0.6878648294,6.0,0.0042866629,0.0018553457,0.0794383718,-0.136150588,-0.8021201,,-0.034812869,-5392.635442,0.0286434127,11.993943215,0.0006500899,0.0024369973,0.0311063456,0.0162368285,0.0428926759,0.0136844007,6.0,0.0009760859,-0.750535582,0.0374005964,4.0,10.91589813,-0.158685068,0.28389029,0,0.0654744878,0.0204163417,0.0099998058,0.0192935383,0.5657103739,1.1385488546,4.398186e-08,6.7188586e-08,0.1295835803,0.0167919043,1.0260727109,0.0279130303
87299,0.2623712232,0.0297481764,10.324698085,0.0,0.0940875561,0.1749424169,0.1503428347,0.3529317693,0.5302390214,-0.001567916,2.2176637604,-0.093148798,-0.970576257,0.0586210502,0.0931487976,16,0.0,0.3062947799,0.2445951067,0.0328578242,0.0307206361,0.4112528279,0.0040709107,0.0899595461,0.120141582,0.3288207745,0,3.7799803,-0.033943119,3.7799803,-0.033943119,2.5898651179,5.9587533148,0.8398247699,0.0,0.0,0,0.0,1,0.0,0.5897176994,4.0,-10.1422791,0.0980742685,-2.135171369,4.0403939924,-0.589554661,0.5384117163,1.0531933281,6991.4094016,0.0288563477,16.010152893,-0.000124018,0.0213114893,0.0289100099,0.0043048736,0.1595898403,-0.036518827,1.0,0.0007240081,4.5907207447,-0.147504613,6.0,17.02369549,0.0140329213,3.3636839947,0,-0.111549313,0.0415875167,0.0230020762,0.0328771608,0.4153745936,7.1000511473,1.472693e-10,7.5422383e-09,1.2726959134,1.619754888,-0.074658496,0.0381633031
87321,0.5429605841,-0.037742431,2.2791053766,0.0,0.2238139331,0.954839397,-0.03153527,-0.009785574,0.5658133455,0.020420921,0.1256337866,0.0170833423,0.3612080741,-0.051375302,0.0170833423,16,-0.000868523,-0.057761733,0.0722422699,0.0655902377,0.0713098659,0.1199793028,-0.159842132,0.0413494093,-0.065492152,0.4687207715,0,2.0160212935,-0.265315887,1.5002175415,-0.30544632,10.568983008,5.5076323267,-0.078037542,0.0,0.0,0,,0,0.0,0.7809665589,4.0,-10.03233897,0.3666638193,-2.499227882,4.3209833533,-0.163783605,0.1119278668,0.9431969762,-4059.843508,0.0288563477,11.750670156,-0.003507147,-0.004952355,-0.007291678,-0.250306792,0.1538667872,0.2619348685,2.0,0.0,0.9156716749,0.0076617766,3.0,11.372945914,-0.076324067,0.8803861098,0,-0.111549313,0.0370943211,0.0177121935,0.0375259197,0.345052521,0.7051649082,7.6929257e-08,6.3980573e-08,0.9149368896,0.8371095119,-0.286424175,0.0536557829
87337,0.3045069171,-0.170234378,2.1637153312,0.0006002297,0.0893515018,0.1235665187,0.2795994737,2.3874659401,-0.082447109,0.6316542833,-0.086753053,-0.395528049,-0.539146551,-0.0784531,0.3955280492,16,0.1188043294,0.523364486,1.4145708808,-0.073958757,-2.10247238,0.5984273693,0.1070691534,0.4292340763,-3.068634317,0.8508330152,0,7.4978021551,2.9849365563,6.5355739682,3.428478885,0.4393146609,3.9738909856,-1.729666399,0.0,0.0,1,1.0,0,0.0,0.1631042972,5.0,4.080464686,-0.197838508,0.3561239557,1.1196613754,10.995694896,-2.055164492,0.0131957065,-4599.371207,0.0446872923,12.824933603,0.0015344085,-0.055822775,-0.07155719,0.0350743876,0.4185311165,0.0620800581,0.0,-0.005464481,1.9307254898,-0.324730676,1.0,13.858290579,-0.094047241,2.0575076091,0,-0.101630079,0.0341463089,0.0175430674,0.0383580721,0.4132019905,3.0554389367,4.1994162e-09,1.2644594e-08,2.377505204,5.652530995,-1.022143374,0.1832419965
13704,0.2404530238,0.0045061307,5.205387812,0.0,0.0824040733,0.3465938966,0.0576375562,1.0319170258,1.1080769616,0.2264953785,0.1371051909,-0.13746261,-7.348056537,0.0376174336,0.1374626101,15,0.0052056651,0.3968253968,0.3099583252,0.2122796676,-0.036126173,0.3739557088,-0.178348449,0.276756188,1.7822302059,0.7129983848,0,4.0170963551,1.0929348184,3.8382000957,1.1823953939,2.5844934548,4.2524542125,0.3481211124,0.0,0.0,1,1.0,0,0.0,1.9918474506,5.0,-355.6597549,-0.452794926,0.21644841,-2.118962503,-0.594171789,-0.438188319,-0.09975086,-2785.391208,0.2277833408,13.348792384,1.26871e-05,-0.001506641,-0.002053658,0.0055006408,0.4056077668,-0.039087085,2.0,0.0,0.1876256369,0.0455388576,7.0,13.183666812,-0.401681412,0.8447828232,0,-0.166303822,0.0991956815,0.0284735167,0.0410500098,0.6325941421,3.8405124378,8.9487871e-09,2.2642519e-08,1.2338108758,1.5222892772,0.1280495337,0.0778680494
87379,0.1042815454,0.0416922915,8.39834705,0.0644186557,0.0775406607,0.3482864717,0.8419186513,-0.095144431,1.1218388221,0.0023699357,-0.081281777,-0.094999262,-0.436078007,0.0598733828,0.0949992624,16,-0.007936274,0.0247349823,0.01837513,-0.143097958,0.0010304465,0.5558899398,0.0914208532,0.0103124649,-0.105184109,0.6565711136,0,1.8842844739,-0.067453301,1.7564922251,-0.065344419,3.5750550597,25.074796748,0.6050695582,0.0,0.0,0,,0,0.0,1.9343023256,6.0,-1.574936537,-0.018777396,-0.288296779,0.2183257149,-1.111801435,-0.13682484,0.1472802088,-4582.423691,0.0278203388,11.949477105,-0.000686362,0.0603378672,0.1052033137,-0.011646957,0.486754747,-0.003413533,1.0,0.0012020257,0.3988855711,-0.006922664,7.0,11.636137317,0.2730399568,0.6658425114,0,-0.111549313,0.027334936,0.0147534812,0.0229833114,0.2656342281,0.6054765434,3.6052258e-08,4.2133555e-08,0.9369587374,0.8778916755,-0.128329424,0.0377573186
89597,0.7619816454,0.0270030428,1.9294705882,0.0,0.1918355127,1.0659166387,0.0449321569,-0.016512367,0.4096310626,0.0,-0.045984672,-0.045908948,-1.635235732,0.0711593833,0.0459089484,14,0.0282141489,-0.282051282,0.0067080116,-0.147367535,0.0102731204,0.1655823715,-0.2568551,-0.007461655,-0.008803277,0.4814860555,0,3.1583688952,0.0987773224,1.5144618303,0.1228388967,21.267379679,6.8509905254,0.4065484311,0.0,0.0,0,0.0,0,1.0,0.5084982132,7.0,47.529828149,-0.041500875,-0.490674522,-8.058421031,-0.545223516,2.02642497,-8.686192601,-5532.441713,0.0248274717,9.6439263735,0.0047320807,0.0168335819,0.0200796408,-0.043238099,0.1241521675,-0.010455523,0.0,0.0,-0.588882013,-0.04186374,4.0,8.8992586584,1.3574927177,0.5776163808,0,-0.25352422,0.1364669502,0.0385340587,0.0639322014,0.9773641839,3.0992738354,8.2725815e-07,2.6215232e-08,0.5503310103,0.3028642209,1.2112489475,0.1077392851
87439,0.9031305274,-0.525063109,-0.423381659,0.0,0.183126406,0.4542441571,-0.26766812,-0.116635013,0.2641045693,-0.81675762,0.0471327573,-0.312611223,-0.689429618,-0.16306905,0.3126112232,16,0.0035591411,0.0,-0.093985477,0.1452076061,-0.039763148,3.3371757925,0.1530129845,0.0107250587,-0.143787445,0.2390811939,0,1.8943862988,1.8495390544,1.8396764986,1.8780954981,2.2296021578,8.3497474747,-2.488871834,0.0,0.0,0,,0,1.0,0.3078926804,3.0,-10.9501335,0.1132042796,-2.441466149,4.6811532966,-0.197415189,-0.888072133,0.8315032277,-4219.863308,0.0288563477,9.7840686893,0.0,-0.059130759,-0.068414805,-0.1148881,0.3349243833,-0.039191269,0.0,0.0111111111,0.4726342126,-0.12742804,2.0,9.6624854978,1.3128772184,1.0563599911,0,-0.111549313,0.086956501,0.0472723982,0.0901455174,1.0878759959,8.7524169815,7.2065456e-07,1.291183e-08,2.2303362748,4.9743998988,-0.288470791,0.1470328871
15278,2.5924269673,-0.401332815,-2.916318563,0.0,0.1172312255,0.0,-0.107675353,-0.355734206,-0.005423707,-0.81675762,-0.09263658,-0.062243215,-0.609634869,-0.156666337,0.062243215,10,0.0,-0.548387097,,,,0.0048495222,0.4000382981,-0.293245629,-0.363041148,0.6059098381,0,41.124463519,1.1725923058,41.124463519,1.1725923058,0.0,0.0,-3.172478207,0.0,0.0,0,,0,0.0,-0.042731096,3.0,,0.0009797151,-0.74501105,0.8473565403,-2.218980946,-0.243856173,1.3627276743,-462.5688253,0.0938685987,9.4819015774,0.0,-0.019975093,-0.020765367,0.0,0.2101482384,13.766666667,1.0,0.0753733141,-0.122429968,-0.059110808,4.0,9.2915590431,,0.863599014,1,-0.172615822,0.0639777556,0.0284181207,0.0499318843,0.6488743529,2.3841132816,5.3958131e-07,2.0189355e-08,,,,
87430,0.7730056901,-0.268811609,-4.62927581,0.0,3.1516437968,2.9913907224,0.0191134978,-0.06394871,0.1897090252,0.0130571183,-0.006841877,-0.071410376,-1.078205128,0.0210224463,0.0714103762,16,-0.005604144,-0.052631579,-0.086892489,-0.018210145,-0.002294567,0.4733656174,-0.248288308,0.0014795331,-0.241717377,0.2633293818,0,1.6581158779,-0.032797849,1.3573639982,-0.042174969,21.645885287,3.4789579158,-0.04239089,0.0,0.0,1,1.0,0,1.0,0.5960108181,2.0,-10.18263275,0.0781827907,-2.494097728,4.5510284594,-0.959277453,0.1119278668,1.0155947243,-3944.255518,0.0288563477,12.666176485,-0.013177415,0.0038091783,0.0211373931,-0.116708718,0.0396093326,0.0438002624,1.0,-0.002369668,1.3241779229,-0.029892771,2.0,13.447090948,0.1518796805,1.6610077649,0,-0.111549313,0.0605468638,0.0248611919,0.0418490572,0.2604861678,2.0428914687,8.1234995e-09,1.3289249e-08,1.8196714836,3.3112043083,-0.031775229,0.0500001982
12308,0.0078236192,-0.009806317,243.47172044,0.0,1.3077233054,0.4880652297,0.0427750845,0.4194854004,0.1810928014,0.0551703346,0.4234717685,-0.121495997,-13.89071038,0.1264103949,0.1214959971,16,0.0,0.0740740741,0.1168608216,-0.101087896,-0.019838055,0.2506867312,0.0535707222,0.0629661752,-0.033112583,0.1908892057,0,0.4393939394,0.0337854009,0.2776292254,0.0337854009,1031.9492386,31.957894737,0.092230673,0.0,0.0,1,0.3421015079,0,0.0,7.0684064848,4.0,-0.175603466,-0.077677668,0.0342751963,4.4166692937,-0.173222912,-2.277617903,0.8488284017,3831.705089,0.0314049921,16.988141751,-0.009594272,0.0031179629,-0.811535723,0.0082579165,0.0,0.0235800091,1.0,0.0038094967,0.3672860055,0.0543951169,6.0,18.384384138,0.090811346,4.8278792529,0,-0.107492679,0.0459804498,0.0160269684,0.0250061593,0.6026607525,14.610430088,3.171494e-11,5.0540472e-09,0.7845279414,0.6154840908,-0.0908402,0.0291658042
90808,0.1645025598,0.0367030134,1.9921667611,0.0078087379,0.6054278208,0.5313711658,0.0842910592,0.1655223393,0.5969128938,-0.020194932,0.2836625046,-0.115615859,-2.433733487,0.1260283661,0.1156158594,14,0.0,0.2498284146,0.2079589475,0.0364439504,0.0182649284,0.6190849824,0.0610406961,0.039024839,-0.168353792,0.2946686035,0,0.6985330631,0.0369249453,0.6985330631,0.0369249453,3.2137770943,7.2451555321,0.1267772841,0.0,0.0,0,0.0,0,0.0,2.107566009,7.0,-0.626947086,0.1236045437,-2.727180435,-0.152672189,-0.49235307,0.3795297931,0.2082120004,9266.7957552,0.1414151747,16.5719053,0.0028696058,0.0239365932,0.1341552722,0.0147451338,0.1210028998,-0.019723388,0.0,0.000424881,1.6334702348,0.072431433,7.0,17.944615995,-0.598985695,4.7196994767,0,-0.161175968,0.0820637345,0.0237893872,0.0239660049,0.4753315259,12.359266065,5.086543e-11,4.8060016e-09,0.9049159923,0.8188729532,-0.110247007,0.0483448519
87394,0.2918642595,0.0157089976,2.8754737539,0.0,0.0796994449,0.2016946896,0.1483814741,-0.118055618,0.0590911146,-0.03219611,-0.300494917,0.0368291558,0.929420325,0.0011087359,0.0368291558,16,0.0,0.3428571429,0.1151674742,-3.701815015,0.416119144,0.4697597349,-0.331141494,0.0036988469,-0.050427043,0.6169620902,0,5.6128468082,0.1154434038,5.6128468082,0.1154434038,0.9228744269,17.523005627,0.1845657392,0.0,0.0,0,,0,0.0,0.080995649,5.0,-10.89434639,0.0646464314,-2.098609006,4.0698870287,1.5143606892,-0.728687497,0.9956810139,-3971.960508,0.0288563477,12.258102833,0.0039963495,0.0016165308,0.002244532,0.007121257,0.6183714999,-0.085127979,0.0,0.0071237756,1.4760210368,0.1696926914,3.0,13.021829401,-0.635348471,1.8469171784,0,-0.111549313,0.031565655,0.0150918419,0.0342183109,0.4047742547,3.14442351,8.2677032e-09,1.2070814e-08,1.486097836,2.2084867781,-0.079104595,0.0538135017
87415,0.8142513728,-0.014132924,0.1047704558,0.0,0.3024841752,0.5519698844,0.0064964799,-0.012723434,0.2713982583,-0.026097776,0.0752498403,-0.024200575,-1.924568966,0.0130668631,0.0242005748,16,0.0054010913,-0.047154472,0.028257243,0.0852690968,0.0319108489,0.5497758541,0.036375502,0.0028759001,-0.041845428,0.6450374976,0,8.0946021302,-0.109862857,6.3284726482,-0.115849091,1.1543650667,3.4152767569,0.0258050379,0.0,0.0,0,0.0,1,0.0,0.3421827005,4.0,-10.08005324,0.013412801,-0.129716623,0.7868932296,-1.637692501,0.1809489431,0.0862601056,-2785.793513,0.0318276958,12.96759223,-0.000402452,0.0190487784,0.0268380804,0.0299496554,0.40159236,-0.014301134,5.0,0.0008032129,1.9311187224,0.118992351,3.0,13.488605728,0.0875586629,1.7145478488,0,-0.095378135,0.0416971259,0.0162085309,0.022620325,0.4929662058,3.6537839074,4.1682779e-09,1.3335076e-08,1.1357012702,1.2898173751,0.0587943567,0.0412635336
87424,0.7273141107,-0.037430799,-0.352317101,0.0,0.3941773488,1.9013837723,-0.035727704,0.1480556159,0.7390560504,0.0933184024,0.3599670511,0.0828318584,2.3217576187,-0.124336041,0.0828318584,16,0.0758533502,0.0565371025,0.2944501634,0.1398752232,-0.029342317,0.4860681115,-0.127979299,0.0992016076,0.0586531779,0.591423621,0,2.2900556532,-0.15968817,2.0703719977,-0.240298777,5.5138856835,5.2986619354,-0.060732984,0.0,0.0,0,,0,1.0,0.9807321029,2.0,0.8345691833,0.3137850425,-0.0678332,0.3918756858,-0.659928953,-0.761605555,-0.156928369,-2117.225609,0.0772902197,9.6215092111,-0.002703883,-0.02896147,-0.048297872,0.0840748801,0.1902423801,-0.024688359,1.0,-0.070249433,2.7463847989,0.070848465,2.0,7.5082058473,0.015249597,0.067251791,0,-0.045482084,0.0985221937,0.0501567496,0.059229037,2.1904643941,0.6611989564,0.0001049881,2.9484578e-07,0.1994985394,0.0397996672,1.047564262,0.0501100013
87373,1.5201245565,-0.031274117,-9.593411238,0.0,7.6597961108,3.5421086854,-0.047952388,0.0895874337,0.180420658,0.0201314708,0.1057914832,-0.069073663,-19.44172662,0.5767487068,0.069073663,16,-0.007425214,0.0266343826,-0.097617246,-0.00104677,-0.174524834,0.0913372186,-0.237944388,-0.023533826,0.0146651348,0.303284791,0,1.9168274384,0.7529252369,1.8727198489,0.9008656173,9.7856476877,10.1897411,0.0459696184,0.0,0.0,1,0.7687616353,1,0.0,0.7351415077,4.0,-0.633244651,-0.126517074,-0.013164495,5.928970231,-0.343070002,-2.277617903,1.2991667137,-14740.84351,0.0314049921,11.43742691,-0.00073386,0.0025989063,0.0082607159,-0.214932686,0.0946919659,0.0705344078,1.0,0.0502283105,0.7587049717,-0.042789075,2.0,10.712719422,-0.21399295,0.3525274411,0,-0.107492679,0.0449438468,0.0227348279,0.0421067972,0.8814630521,1.1502354374,3.1500398e-07,7.8906347e-08,0.9258581387,0.857213293,-0.382980002,0.0726516113
12312,0.4559257091,-0.000173174,1.0177012039,0.0,0.209700578,0.2558249673,-5.9567e-05,0.5291014443,0.450471331,0.1580362018,-0.020078343,-0.079656226,-33.80952381,0.0436748625,0.0796562258,10,0.0,0.0446096654,0.1296782702,0.2032133438,0.0125857318,0.7981610886,0.0051437143,0.0472080487,1.0601390354,0.5534687141,0,2.0805962067,1.9476376579,2.0805962067,1.9476376579,0.7786299193,8.4717420213,0.1277336808,0.0,0.0,0,,0,0.0,0.8860613071,5.0,-10.07454033,-0.008949719,-2.396856483,4.2339484783,-0.321516973,0.1119278668,1.0382471404,-3835.977258,0.0288563477,12.859231785,0.0045687021,0.0009713678,0.0013591866,0.0021067769,0.514543206,-0.024117539,0.0,0.001,0.2003134905,0.2031708545,7.0,12.668336281,0.3936283675,0.7875890108,0,-0.111549313,0.0232722089,0.0133673706,0.0247931077,0.4324711655,1.3805477813,1.0048267e-08,3.5148496e-08,1.3200357468,1.7424943728,-0.054851819,0.0510439294
87510,0.1861908723,-0.021476598,4.2207753767,0.0,0.4672343991,1.1469413443,-0.008869997,0.0659668575,0.4200899755,0.0307142424,0.1045976885,-0.13174623,-3.88434933,0.0619460119,0.1317462296,16,-0.026651319,0.3076923077,0.0225369718,-0.047358788,0.0488336532,0.4388437829,0.1686740898,0.0097170469,-0.020036652,0.6035730891,0,1.2136242989,-0.100723236,1.0871095204,-0.064464706,13.247251863,3.8145883516,0.0735220493,0.0,0.0,1,1.3156996587,0,0.0,1.3354673183,4.0,-10.12067088,0.092835426,-2.133773841,3.9642136415,-1.131597898,0.1119278668,1.0565182899,-4019.024318,0.0288563477,12.474992709,0.0023666059,-0.031460828,-0.094059152,0.0548357392,0.0786407182,0.0288745134,0.0,-0.007735584,0.5712740974,0.0052626538,4.0,14.038125065,-0.353106599,4.1252208362,0,-0.111549313,0.0557737686,0.0258668242,0.0343980173,0.6016315157,11.812039512,3.531903e-09,4.1209832e-09,1.1800040017,1.3924094439,0.0984023601,0.0540815308
87445,0.3789925147,0.0578061168,10.769005941,0.0,0.3700706704,0.6356814127,0.1114345425,0.0403838465,0.3655265167,-0.02435389,0.1308828302,-0.025012025,-0.322462104,0.0764463988,0.025012025,16,0.0062351914,0.0208333333,0.0236893868,-0.072342359,0.0494084683,0.2802377415,0.1003407258,0.0170113773,-0.030169192,0.2753848788,0,1.7471243043,-0.085880776,1.1686456401,-0.032070638,16.930693069,5.7784214337,0.2376147138,0.0,0.0,1,0.0168040071,0,0.0,0.6702452946,5.0,-10.02299901,-0.053818661,-0.061728818,0.3516343716,-1.465568128,0.0563344671,0.1496396413,651.93253668,0.0318276958,14.97987733,3.58051e-05,0.0172063696,0.0345839897,-0.014281021,0.0258029592,-0.015298467,0.0,-0.001439646,-0.118311653,0.0331662858,5.0,15.217277738,0.1916375233,1.1673382226,0,-0.095378135,0.0330785885,0.0139577156,0.0198279067,0.1757372672,0.6846878699,9.137726e-10,2.4553953e-08,1.0038119788,1.0076384888,-0.01797151,0.0194744457
87496,0.3256538487,0.0009526745,3.2390474126,0.0,0.0735250284,0.2962446622,0.1463421695,-0.021072167,0.6194468746,-0.015453436,-0.148187964,-0.099930749,-33.80952381,0.0412722527,0.0999307492,16,-0.008862063,-0.090780142,0.0736096373,-0.25980817,0.0258975839,0.3219173554,0.0379891413,-0.005941876,0.0130604914,0.5665982891,0,3.9544234991,-0.054892818,3.9321230705,-0.040264384,1.5970651993,9.1012987013,0.1375475714,0.0,0.0,0,,0,1.0,0.7857784335,5.0,-10.16641182,0.1334373231,-2.532246291,4.1036766179,-0.965503429,5.8541623052,1.0358445306,-3749.471048,0.0288563477,13.056617207,-0.002580026,0.0150899288,0.0183397004,-0.003105972,0.4470721071,-0.001404533,0.0,0.0035385704,0.2415570265,0.1218548748,7.0,12.881238836,0.2367131284,0.6853214587,0,-0.111549313,0.0561255477,0.018567593,0.022962254,0.3696773286,1.1465253293,9.2707033e-09,3.3416188e-08,1.0117599723,1.0236582416,0.0381692093,0.0422209532
87487,0.1995014005,0.0020545589,-0.275323771,0.052236975,1.0482493916,0.8879619938,-0.029132823,0.3230623994,0.0168205359,0.016286946,0.6108324209,-0.074281491,-33.80952381,0.091197077,0.0742814911,16,-0.000252976,0.0422799875,0.0068571371,-0.460142081,-0.630171659,0.3994554544,0.0811101928,-0.009061429,-0.13534955,0.5633297067,0,2.7305879805,-0.431747847,2.6820319793,-0.429524369,2.7060163138,1.5742882664,0.0285909642,0.0,0.0,0,0.0,1,0.0,-0.006393636,3.0,1.337196822,-0.205972452,-0.045580585,-0.2350422,-1.369374137,5.8541623052,0.0631925427,-5046.547614,0.0558672041,14.589451657,0.003699623,0.0096610391,0.0701870875,0.1209572463,0.1043504298,-0.01652079,1.0,0.0151088066,0.312850061,0.043776331,4.0,14.564031845,0.194441119,1.0213641311,0,-0.168614603,0.0278706793,0.0134193064,0.0182678018,0.277577612,1.4196091912,9.661955e-10,2.0325305e-08,1.0945474561,1.1980341337,0.0467226293,0.030675131
87525,0.805545955,0.0683283764,-37.36575892,0.014508253,8.190000384,0.4140378748,0.0240572251,0.0235754507,0.0400882561,0.0167205283,0.0132118213,-0.000846707,-0.110186726,0.0758572565,0.0008467073,16,-0.000622245,0.0631067961,0.0051058741,-0.0337692,0.0534196027,0.132939009,-0.273154351,-0.001011927,0.1423747335,0.5398152166,0,0.9659211355,0.073463876,0.9571702553,0.0748144481,2.2164666103,0.0653221965,0.0115904386,0.0,0.0,0,,0,0.0,0.4996237975,6.0,0.0116308671,0.0017223604,0.0193567621,-0.114676946,-0.49578585,,-0.003680385,-5340.159142,0.0286434127,12.182688372,0.0001044726,0.0022311638,0.0246273444,0.0054097917,0.012801058,-0.001738172,2.0,0.0008547009,0.1665096561,-0.012445032,3.0,10.756250483,0.0592633591,0.1975986431,0,0.0654744878,0.0185400341,0.0094398747,0.0237848597,0.6502966341,0.6327479122,5.7469462e-08,1.0520746e-07,0.2785895529,0.077612139,-0.116991943,0.0268533794
87632,-0.071722863,-0.033058247,4.3562286335,0.0,0.4424221725,0.3488307866,-0.513517135,0.1131221407,0.550054595,0.0141455663,0.0053868884,0.0713339634,0.7592592593,-0.058158027,0.0713339634,15,-0.06836444,-0.214035088,-0.066842747,-0.543325963,0.1368271529,0.7492832942,0.3534502933,-0.183287031,-0.329849687,0.7232282472,0,2.1736318319,0.0627105971,2.0572102414,0.2076008513,1.6142049267,10.017117177,-0.014938452,0.0,0.0,1,0.0718720963,1,0.0,-1.535599854,5.0,-355.0945679,0.1738861931,-0.394412075,-2.43113839,-2.293986408,0.7970700269,-0.195526321,-2602.098718,0.2277833408,11.935552308,0.0162756304,-0.069119735,0.4486838354,-0.038741901,0.6246921254,-0.003896547,0.0,-0.017142857,-0.161624626,-0.045846421,3.0,12.279996974,0.3372844133,1.1463282333,0,-0.166303822,0.0141843837,0.0147605666,0.0384346663,0.3687159201,1.1743398483,1.9937792e-08,2.7659261e-08,1.7909041695,3.2073377445,0.2103613537,0.0732253713
87541,0.1981603055,0.0511356224,37.636688551,0.0205141633,0.4984746319,0.762293285,0.1588368175,0.0285628351,0.3209631433,0.0019964959,-0.015399957,-0.065127904,-0.874936322,0.0958760358,0.0651279038,15,0.0269948051,0.0294117647,0.5967553068,0.6190377188,-0.054080332,0.1315789474,0.8590457256,0.0819382943,0.1587072501,0.46804792,0,2.5836333879,0.1475161541,1.4954173486,0.0239462372,46.858286629,8.9874078624,0.2005688575,0.0,0.0,1,0.0096133575,0,0.0,1.202804233,6.0,-0.195677859,0.1177326963,0.0519480217,-0.566424627,0.6083867012,0.2766399487,0.3492495828,1789.0603134,0.0689333745,15.626139366,0.0016841911,0.0236233572,0.0803268385,-0.008240983,0.0344694036,-0.014965129,2.0,-0.000332447,1.1325669371,-0.073663622,5.0,16.83635384,-0.042316387,3.0232845611,0,-0.105814909,0.028660953,0.0140052966,0.0229281589,0.2503730314,2.5699969404,2.262696e-10,1.0960469e-08,1.1941866201,1.4260816837,-0.068124946,0.0316558023
87583,0.0924423611,-0.170627602,4.4559453076,0.0008192824,0.2068647831,0.0280202604,-1.128768002,1.1394287355,-0.732236272,0.7255419831,0.3100948699,-0.077741812,-0.100056489,-0.153555204,0.0777418116,15,0.0017556372,0.149122807,1.2912972085,2.2912972085,-0.854960404,0.264132066,0.2548526823,0.1160327257,-3.068634317,0.5834919828,0,4.6234694983,0.6895560587,4.6130675046,0.6857548546,0.1734493474,,-0.90066721,0.0,0.0,0,,0,0.0,7.0684064848,6.0,51.406550599,0.0029183415,-0.059500433,-8.727960315,2.8132177453,-0.42660587,-8.910907188,-5298.367557,0.0248274717,12.626695881,0.0,-0.072855477,-0.15049891,0.0135731522,0.8208014575,-0.076482652,1.0,-0.004347826,0.0354164067,-0.062364357,3.0,14.201136829,0.0820660298,2.9929713097,0,-0.25352422,0.0934578478,0.0440010493,0.06660109,0.2453728158,3.1489102447,7.1788354e-09,8.1836222e-09,2.0246559553,4.0992317374,0.0963946855,0.0831958553
87589,1.1055210164,0.0081807641,-7.244836244,0.034789419,1.5703086706,0.4971634937,0.0230487756,0.1958979444,0.0694715169,0.0069722852,0.0870074978,-0.054976421,-16.50931677,0.1432395893,0.0549764209,15,0.0,0.2227272727,-0.440394258,-0.466157561,-0.074818885,0.0761662066,-0.30942868,0.0142690067,0.3942921838,0.1328811553,0,2.5335424538,0.0116644474,2.5335424538,0.0116644474,4.1171190126,3.3283819027,0.0175164603,0.0,0.0,1,1.0,0,0.0,0.1493174973,5.0,-0.26984028,-0.215514557,0.1829283949,5.5143666909,-0.29613381,5.8541623052,0.8656575962,-14711.65303,0.0314049921,10.148746327,-0.001949066,-0.002339204,-0.005564688,0.1390997245,0.035778083,-0.167756587,0.0,-0.007788574,-0.501182211,-0.015612522,2.0,7.7980879953,0.0210541674,0.089469993,0,-0.107492679,0.04273507,0.019860096,0.0160149064,1.2485254007,0.2145300359,1.29399e-05,4.1208519e-07,0.3512718352,0.1233919022,1.1831404985,0.0593055321
87602,0.0301953055,-0.102003225,7.6290911645,0.0042214657,0.1394660455,0.2173015589,-1.301780793,0.0432209178,0.6803473284,0.1819770212,0.0585899249,-0.232320499,-0.512788083,-0.049697187,0.2323204991,15,0.0,0.1005586592,-0.121035542,-0.572377824,0.0129562416,0.6716770453,-0.014644426,-0.094344532,0.0649646107,0.598646892,0,1.446958433,0.0175309593,1.446958433,0.0175309593,2.1294423374,8.762716763,-0.586876668,0.0,0.0,1,1.0,0,1.0,5.2881698686,4.0,0.6716699486,-0.108942333,-0.023811643,-0.305243119,-1.688203776,0.2383944448,-0.082289515,-2015.396839,0.0772902197,11.562156496,0.0002280957,-0.098502088,-0.543460265,0.0140818399,0.4664723032,-0.072504543,0.0,-0.003891051,0.7420643818,0.0190136023,4.0,10.832463148,-0.506243346,0.4693414555,0,-0.045482084,0.0324323997,0.0213161285,0.0371684202,0.6485112111,0.8654035507,1.4019455e-07,6.7064951e-08,0.8289493725,0.6871570621,0.5213566392,0.0693904871
87612,0.5209251503,0.0290897127,3.4560828252,0.0338375156,0.09166136,0.2985580409,0.0819060404,-0.031170157,0.2905650178,0.0195904945,-0.260631694,-0.015839492,-0.338922134,0.0389488602,0.0158394922,15,0.009687695,0.0137659784,-0.021975156,-0.144411219,0.0536270068,0.57648882,0.0842291398,0.0131694248,0.0247921804,0.2865973134,0,3.5250772409,0.3473385607,2.8259283128,0.3230902973,2.6634109158,9.9133874918,0.474893307,0.0,0.0,0,,0,0.0,0.3596547094,7.0,3.1946826958,-0.015110951,-0.153474552,1.3360796086,-1.203546701,-2.846665535,0.130597667,-3234.932217,0.0446872923,14.271615638,-0.005967653,0.0151151883,0.0181609572,-0.009817784,0.2022697891,-0.016670685,0.0,0.0008547009,0.1181871117,0.0507955449,7.0,14.772213165,-0.157607234,1.4921272287,0,-0.101630079,0.030769201,0.0210212772,0.0307980176,0.4629957621,4.5986920581,1.2959856e-09,1.5007533e-08,1.4841141919,2.2025949347,-0.035875343,0.0347425298
87797,0.1462330653,-0.019567723,2.5242755522,0.0,0.3120876849,0.6089679924,-0.083083749,0.0070376722,1.2669235112,0.0076242342,0.0406569736,-0.203671509,-4.753782669,0.0734529791,0.203671509,15,0.0,0.0461538462,0.0274750227,-0.239046401,0.0035727214,2.2761413844,0.3227134299,0.0070968123,-0.057915727,0.58647463,0,0.9904092679,0.0291274605,0.9904092679,0.0291274605,2.8235367528,12.973050459,0.2079430004,0.0,0.0,1,1.0,0,1.0,3.8120339865,6.0,-10.03471021,0.3507953211,-2.395312303,3.9242558345,-1.458146601,-0.888072133,1.068025257,-4197.268538,0.0288563477,10.119833088,0.0,0.0005311301,0.0017448623,0.0062272306,0.474237896,0.006613716,0.0,0.0016983356,1.8762237508,-0.009868423,5.0,6.5257625271,0.0064470476,0.0265263158,0,-0.111549313,0.0586510412,0.0252151964,0.0226609128,1.455655402,0.3164833761,4.6998e-05,1.0000007578,0.1789528455,0.0320241209,1.1240916545,0.0354230146
87825,1.06826824,-0.280329059,-1.823088627,0.0,1.5166335615,1.1987902056,-0.01282875,-0.239541975,0.0682023179,-0.040977425,-0.24402665,-0.045360123,-0.484139572,-0.144610668,0.0453601226,15,-0.090094699,-0.074135091,-0.212960429,0.1242360909,-0.238420544,0.9548896938,-0.156337272,-0.116623566,-0.233082857,0.5450148963,0,1.590222078,-0.039686431,1.003608574,0.0168514341,1.3789502845,6.1327773302,-0.143899495,0.0,0.0,0,,0,1.0,0.1658465221,2.0,3.0065417182,-0.003203342,-0.241375621,1.8834226983,-1.389372061,-1.065658247,-0.052961861,-5011.213367,0.0446872923,11.221810818,-0.00256618,-0.022315463,-0.046672311,-0.05394843,0.3537377934,-0.001818005,0.0,-0.016460905,-0.205731933,0.0065737087,2.0,10.47003244,0.0806042358,0.3912598281,0,-0.101630079,0.0655737743,0.032350087,0.0553008692,0.8266107476,4.5421513432,3.8886409e-07,3.9877662e-08,0.797254606,0.6356149068,-0.622482407,0.0524502093
87814,0.1771473509,-0.266915213,1.2952997275,0.0716705987,0.4518102117,0.4053825765,-0.755878826,0.7103669725,0.4787155963,0.7127107652,0.5448147656,-0.071455167,-0.153571948,-0.225924524,0.071455167,16,0.0,0.56,0.3222496675,-0.408621923,0.0465855896,4.743872549,2.4859950082,-0.109174312,1.9572123177,0.4582764308,0,0.9942018931,-0.302968054,0.9942018931,-0.302968054,1.5801544051,4.0124927926,-0.620088703,0.0,0.0,1,1.0,1,0.0,3.3828200972,3.0,-10.26673781,-0.008866927,-1.881466149,3.9551701202,-1.393211537,-0.888072133,0.7686477544,-4182.922058,0.0288563477,9.6824180686,0.0411086418,-0.098629664,-0.286862597,0.035813252,0.1833283756,0.0057356353,0.0,0.0127226463,-0.132053613,-0.246183857,3.0,8.7006724241,-0.397346401,0.1666223836,0,-0.111549313,0.0658682734,0.0350321961,0.0455433776,1.3705349164,0.5097998855,5.0085716e-06,1.6413437e-07,0.7835089646,0.6138862976,0.5943576921,0.0787148616
87812,0.3770007726,0.0189088225,3.1196572145,0.0,0.141491664,0.3086920855,0.0900396683,0.0518700499,0.3966584271,-0.012950279,0.1263599221,-0.097773971,-2.614923332,0.0683539438,0.0977739708,15,0.0072379999,0.0443396226,0.0700188075,0.0943796306,-0.041777667,0.2293404608,0.0813070851,0.0116329516,0.0263945342,0.4655413563,0,3.2363238914,-0.230955868,2.9140551331,-0.231823576,1.8517698653,8.8209530035,0.25500984,0.0,0.0,0,0.0,0,0.0,0.5280450389,5.0,3.0775848958,-0.031530424,-0.122900908,1.1921552309,-0.662128798,-1.46711684,0.1600027506,-3108.417707,0.0446872923,14.485361869,-0.002989407,0.0096290197,0.0126874015,-0.001129245,0.2538824663,-0.009867976,2.0,0.0019258546,1.3591060761,0.0634465888,6.0,14.607020833,-0.030537065,1.3534845473,0,-0.101630079,0.0422145762,0.0197380823,0.0337686047,0.4493768937,3.4071924941,1.4643615e-09,1.5102717e-08,1.3126206247,1.7229729043,-0.062537196,0.0352371439
87657,0.1595885217,0.0590682897,7.5099833194,0.0,0.097068331,0.1691649982,0.2377367538,0.2934635006,0.6478511396,-0.013723696,0.1436293436,-0.067594815,-0.260387129,0.074448912,0.0675948152,15,-0.00387262,0.0581395349,0.1356147641,0.1447611056,-0.015635067,0.1487920524,-0.088216144,0.0115609058,0.4054643407,0.5874857702,0,5.282228361,0.0577923986,4.5989871087,0.1217516725,1.614470392,7.1473846154,0.7020493116,0.0,0.0,0,0.0,0,0.0,1.1210877373,6.0,-9.877145445,-0.083572002,-0.024422617,0.1322303786,-1.304191223,0.5064856921,0.1476421545,10617.459097,0.0318276958,16.928641261,0.0019701493,0.0327300945,0.0516036005,0.0005290069,0.3225764845,-0.004726407,1.0,0.0001287191,0.5962827325,0.0166344093,6.0,17.170170917,0.1108811362,1.9510962727,0,-0.095378135,0.1685943455,0.0394806534,0.0262444087,0.511774398,8.2335950247,7.475453e-11,1.021238e-08,0.7178106988,0.5152521993,-0.017957404,0.0366556639
87659,0.37962581,-0.060301058,2.2786990591,0.0191839232,0.6369388356,0.4930797764,0.0711748762,-0.279561823,0.1844934836,-0.026656315,-0.290214234,-0.074645146,-1.502532928,0.0303032673,0.0746451461,16,-0.047666186,-0.52,-0.455628752,-0.086420328,0.0162374705,0.1896660365,0.0483232329,-0.204872487,-0.260952305,0.2923612397,0,2.4544091182,0.4150438267,1.9553089382,0.4564631401,3.4000842578,5.5749481925,-0.054632333,0.0,0.0,0,0.0,0,0.0,0.467232288,4.0,-0.148359676,-0.171906709,-0.506142734,12.374286127,-0.08802225,-0.531815125,2.3752013325,2982.9793927,0.0502102314,15.398897875,-0.020133647,-0.028198335,-0.08472204,-0.11838232,0.1426568103,-0.374794369,0.0,-0.000612745,2.6959297364,-0.091388445,4.0,15.592268112,0.1370420586,1.6558005806,0,-0.060001469,0.0245783236,0.0134239468,0.0206990235,0.418262178,2.8159277194,4.285035e-10,1.6999552e-08,0.8992703091,0.8086870888,-0.04576914,0.0274054868
88810,0.641701426,-0.454874173,0.3193516999,0.0,0.1295401667,0.0412803266,-7.497084548,-0.318161711,-0.352068938,0.0059069512,0.453866457,-0.111285584,-0.232707792,-0.349021409,0.1112855839,15,0.0,-0.015503876,0.1538461538,0.1538461538,-0.21969277,0.9402152252,0.6159949183,-0.005348185,-0.384175826,0.9641714406,0,10.733475936,-0.497942059,10.733475936,-0.497942059,0.0576282315,1.4347826087,-4.052956792,0.0,0.0,0,,0,1.0,-0.382173435,3.0,49.051974,-0.012687899,-0.224127116,-8.17870125,-0.312908381,-0.42660587,-9.106373393,-5347.512887,0.0248274717,12.471384534,0.0,-0.044973812,-0.065960791,0.0594349509,0.965366099,0.0955115552,3.0,0.036437247,-0.125632352,0.1934094094,3.0,12.179035991,0.5179291205,1.0581300284,0,-0.25352422,0.124497965,0.0387840855,0.0584750294,0.5839271096,3.272739492,2.7543686e-08,2.0730045e-08,1.5417181865,2.3768949664,-0.222222528,0.0767951721
87789,0.4080096031,0.0497819301,4.6616197352,0.0,0.0478553236,0.2894155632,0.1176795871,0.1682100076,0.5599223646,0.0163368503,0.0303629276,-0.03076682,-0.261455318,0.0627976805,0.0307668196,15,0.0184727505,0.0191518468,0.0635357951,0.1234104235,0.0210338251,0.3556139692,-0.267576379,0.0623566392,0.186833321,0.4304482807,0,5.829546203,0.134923472,4.6237239017,0.1369884824,2.4754400506,7.801443547,1.4399524054,0.0,0.0,1,1.0,0,0.0,0.6355463245,6.0,47.758556795,-0.053105949,-0.189471393,-8.412393073,0.2930061562,-0.400407649,-8.694554304,-4763.085397,0.0248274717,13.657202417,0.0117575156,0.0173480891,0.0192603913,0.0054930893,0.3495869284,-0.059936629,1.0,0.0017740982,2.4707210881,0.1436742689,6.0,13.756775305,-0.068284857,1.1322919791,0,-0.25352422,0.0363446958,0.0185100325,0.0258177644,0.32143825,1.6573098525,3.4308436e-09,1.9470414e-08,0.8549935915,0.7310140415,0.0193644079,0.0405093078
88152,0.4529347663,0.0592834722,1.2476800023,0.0,0.244446918,0.4372369894,0.2427779447,0.0986531197,0.3836488031,0.0278326676,0.0102328017,-0.066643364,-0.748762156,0.1036726927,0.0666433637,16,0.0090342657,0.0540796964,-0.024887794,0.1610974101,0.0589767672,0.1963453271,-0.007284879,0.0022040465,0.1531228327,0.7242191911,0,8.1542774223,0.0564153491,6.9888199987,0.0674962709,1.1691380333,8.381682016,0.3236641884,0.0,0.0,1,1.0,0,0.0,0.6078273773,7.0,-16.07981314,-0.001106475,-0.252028404,0.3856006973,11.467473737,0.0252095385,0.4369003962,-4288.220889,0.0238858186,13.822812648,-0.002919322,0.0193459456,0.0300258501,-0.017105266,0.5362663784,0.0171689183,1.0,0.0,0.0696559635,0.0283160747,6.0,13.897782836,0.1061876042,1.155487171,0,-0.25352422,0.0202685706,0.0112184001,0.0270354959,0.3695628384,2.8265346853,1.9812559e-09,1.6717036e-08,1.1305304633,1.2780991285,-0.035602109,0.0260311431
88167,0.2057302428,0.0127390259,4.6182127505,0.0,0.1095735164,0.2091999544,0.1213406313,0.2101094104,0.4332859817,0.0128078457,0.4154779057,-0.101571545,-2.295747547,0.0419846133,0.1015715453,15,0.0,0.1472303207,0.2822939908,-0.022468984,-0.045133789,0.6884134717,0.2962251995,0.0213599631,0.123306097,0.5866923409,0,2.2600732601,-0.136488689,2.2600732601,-0.136488689,1.4110343231,4.8985507246,0.2214677119,0.0,0.0,0,,0,0.0,0.6160486639,5.0,-10.12867424,0.140307863,-2.294235828,3.983753012,-0.79219689,-0.008993544,1.0365568912,-3418.503598,0.0288563477,13.483820876,0.0015780844,0.0070418742,0.0096174003,0.0134874094,0.3864463048,-0.005399149,1.0,0.0018340211,0.9464509414,0.1667039637,6.0,12.946002627,0.1272843968,0.6740836459,0,-0.111549313,0.0412740298,0.017723064,0.041873341,0.584318045,2.8168824325,6.7466112e-09,2.8600546e-08,1.5496775653,2.4015005563,0.0129706522,0.0448389899
87842,1.1768205834,0.1030934814,-24.51593239,0.0264756865,13.551076278,1.2107930868,0.0129396617,0.0192489292,0.0138360503,0.008821511,0.0089564436,-0.011259582,-1.594423321,0.2674681324,0.0112595818,15,-3.356394e-06,0.0461538462,0.0900322016,0.0636775914,0.6666005246,1.196,-0.155367232,-3.388697e-06,0.1705874708,0.1153321874,0,4.2656199312,,4.2656199312,,2.2200527072,0.7556778797,0.0090896379,0.0,0.0,1,0.1870077864,0,0.0,0.1781258123,8.0,0.0217239115,0.0449021878,-0.017639783,0.3256286705,,-0.490354031,0.1689843346,51565.234842,0.0331128264,17.720263702,0.0001177601,0.0013390338,0.0173400406,-0.018759112,0.0445855903,,1.0,-0.017603393,0.3172891094,-0.015632287,2.0,17.987617118,-0.086395807,1.3644938215,0,0.048781298,0.0278035402,0.0153336191,0.019664362,0.2234225198,1.2066920275,5.252505e-11,1.9044486e-08,1.3447053675,1.8082325253,0.0308457512,0.0240085548
88468,0.8360128786,-0.031406925,0.0882202919,0.0,0.107129407,0.7248309651,-0.09633269,0.0101778314,0.2055210994,0.0184302391,0.0663305225,-0.047038895,-1.405450501,0.0127339536,0.047038895,15,0.0,0.5052083333,-0.058664065,-0.103972434,-0.447772257,3.2757793765,-0.129103638,0.0021609182,0.0034068514,0.7822645318,0,8.9242921013,-0.012721176,8.9242921013,-0.012721176,1.1246459691,5.6738223833,-0.187639362,0.0,0.0,0,,0,0.0,0.2303031574,2.0,-10.28704359,-0.029634448,-1.936257816,4.6140356478,-0.769450271,0.1119278668,1.0073062316,-4119.924518,0.0288563477,10.763538054,-0.000617234,-0.043222092,-0.048833479,-0.071278374,0.8016758467,0.0561548291,1.0,0.2372321429,0.1577081857,-0.064845039,2.0,10.24498004,0.0072021859,0.6022923365,0,-0.111549313,0.056483455,0.0283966925,0.0651205513,0.8129853143,1.2755790713,5.8749604e-07,6.5424921e-08,1.3457807227,1.8111257536,-0.163474713,0.0540565929
88173,0.4309210802,-0.152169225,0.8110448961,0.0,0.2842654752,0.0346748106,-0.624756697,0.7193463671,-0.28562883,0.4105367696,0.8015711992,-0.066185939,-0.245996769,-0.114736087,0.0661859387,15,0.0,-0.288590604,3.499465812,2.7026186714,-6.045797775,1.7851851852,2.4859950082,-0.293245629,0.6690937513,0.7226859768,0,8.205363695,0.1765855131,8.205363695,0.1765855131,0.0673485806,22.08115942,-0.675231247,0.0,0.0,0,0.0,1,0.0,-0.473434295,5.0,74.77710871,0.0250161621,-0.497213844,-8.389481596,-0.604671117,0.5733941298,-8.872088071,-4888.270793,0.0248274717,14.175392643,0.0,-0.08481984,-0.152423166,0.000132086,0.6555760086,0.3098223914,0.0,0.0018621974,2.1141073459,0.2535581589,6.0,14.723935903,0.0935848113,1.4727495722,0,-0.25352422,0.0728839636,0.0293898923,0.046921097,0.3756113574,2.333721321,2.5066522e-09,1.729439e-08,1.4808579089,2.1929401462,-0.236005612,0.0818920653
88174,0.2277518058,-0.009279961,11.180359313,0.0,0.0751186801,0.265126759,-0.018236236,0.1693256619,0.8160076064,0.0306873451,0.2920042574,-0.103486796,-3.13296135,0.0197937975,0.1034867961,15,0.0,0.3291457286,0.1806810832,0.1164876552,-0.02739948,0.7231272022,0.1869985137,0.0538105222,0.1338170295,0.3431242781,0,1.5949718293,-0.469408577,1.5949718293,-0.469408577,4.2520254395,6.6895354025,0.1291355895,0.0,0.0,0,,0,0.0,1.0521964377,3.0,-10.14165187,0.1855029613,-2.11232042,4.005774575,-0.498314257,0.1119278668,1.0143660754,-3442.607858,0.0288563477,12.75839781,-0.006404776,0.0080813763,0.0106222134,0.0183955889,0.1949282571,-0.033528495,1.0,0.0013227513,1.39144171,-0.051898633,7.0,12.848814936,-0.054146256,1.1413290151,0,-0.111549313,0.0551723577,0.0231702693,0.0375385853,0.5335333675,2.7247689589,1.1144625e-08,1.9597058e-08,0.8087008214,0.6539970185,0.5473404205,0.0527968713
88195,0.1967122092,-0.025148676,4.5025212793,0.0,0.0348227819,0.0436677057,-0.421007352,0.72689189,-0.184623468,0.1095366622,0.912327478,-0.108017185,-0.785176212,-0.005402534,0.1080171853,15,0.0,0.2,0.9007168607,-1.188604639,-0.899754471,0.3711967546,-0.082772167,0.0032022608,0.697748747,0.7721199201,0,9.1408390001,-0.047989803,9.1408390001,-0.047989803,0.2558539061,4.250764526,-0.928716319,0.0,0.0,0,,0,0.0,-0.213638978,4.0,48.14710632,-0.006617659,-0.00862324,-8.623690467,0.786344281,-0.42660587,-8.762754518,-4496.932937,0.0248274717,13.002498206,-0.013499254,-0.040204742,-0.046237947,-0.009740724,0.9432856234,-0.062343082,1.0,0.0177304965,0.272106241,0.1251427112,6.0,14.088517063,0.3236897636,2.7933146078,0,-0.25352422,0.0664556324,0.0336553114,0.0571196081,0.3193192067,3.6733506703,5.1857924e-09,9.2608355e-09,1.9869589411,3.9480058335,-0.006737267,0.088002992
88159,-0.407064775,-0.951971965,1.3835743816,0.0,1.569671464,0.0890176137,-1.285204388,-0.348363856,-0.426321363,0.0615713094,0.0131335388,-0.079728408,-0.123395968,-0.834502463,0.079728408,15,-0.001224666,-0.548387097,-0.198704448,-0.437476334,0.2914349249,0.9457236842,0.4755332982,-0.004991188,-2.733581932,0.4957652061,0,0.9731234726,-0.679336345,0.9592691726,-0.680437607,0.16045675,5.1435886932,-0.605206868,0.0,0.0,1,1.0,1,1.0,-3.973081917,2.0,44.735925203,-0.020184992,-0.776905178,-9.227467451,-0.432823153,-0.42660587,-9.223719573,-5265.275717,0.0248274717,13.868569152,0.0,-0.183062811,0.2420026782,0.0028083335,0.5445723363,0.0097056689,0.0,-0.003565062,0.5051060553,-0.075582379,3.0,15.349268432,-0.834932359,4.2365276442,0,-0.25352422,0.0566893443,0.0273456988,0.0525581314,0.5632195116,14.078306199,1.2340658e-09,5.438617e-09,1.620734188,2.626779308,0.02064626,0.095144711
90354,0.6160681692,-0.19421851,-0.131363072,0.0,0.6961328716,1.374178304,-0.218713378,-0.108839575,0.202983442,0.0195770976,0.0958879796,-0.005729002,-0.041070614,-0.186241837,0.0057290017,16,-0.013757123,-0.047140649,-0.126883294,-0.029661072,0.0816210974,0.4456495714,-0.161425595,-0.070527913,-0.264168366,0.6973082723,0,3.0209504011,0.2762379983,2.3026602137,0.2705624416,2.9646527386,4.5615986099,-0.179173182,0.0,0.0,1,0.0186980277,1,0.0,0.3502558578,3.0,45.210724615,0.0499365928,-0.16709958,8.9097578138,0.0545268661,-0.044052376,0.0896855991,-4960.701476,0.0587429544,13.246954071,-0.000157467,-0.010770704,-0.022941176,-0.006638652,0.33634583,0.006740401,1.0,0.0173913043,3.7452813108,0.1213201061,3.0,15.286068003,0.1975077731,6.2865970557,0,-0.101630079,0.0460921898,0.0281499152,0.0447925324,0.3943965744,8.8349285787,1.7017032e-09,4.6694008e-09,1.1495880145,1.3215526032,-1.088583884,0.1012479078
88370,0.5565139572,-0.092025317,0.751592845,0.0,0.1951668416,0.9077298452,-0.253006012,-0.164333203,0.3591709034,0.0,-0.242490442,0.089991052,0.8073394495,-0.166320985,0.089991052,16,-0.019515105,-0.11627907,0.1792340737,-0.464533632,0.4761372313,0.4089219331,0.4815040527,-0.088150176,-0.132960649,0.7727350243,0,3.9909162717,0.2067100631,2.8266192733,0.1605121932,2.7474446337,5.5588108574,-0.338098198,0.0,0.0,0,,0,0.0,0.5033431985,4.0,-5.154322245,0.4305184437,-0.118679943,0.0850640333,-0.302814447,-0.988863739,-0.177689385,-4026.153414,0.0400118084,8.8600592436,0.0,-0.136278547,-0.184070796,-0.066014116,0.511212715,-0.007322568,0.0,-0.0746361,0.3043918577,-0.199930021,3.0,5.0733847321,0.0829599988,0.4237675482,0,-0.108125767,0.4821428955,0.1252361216,0.1158546661,2.3026722084,5.0161927436,9.20286e-05,0.9545454878,0.8010200486,0.6416331183,0.1318636529,0.0874423563
88246,0.3876982693,0.0747109938,9.6564846932,0.0,0.4464744887,0.3264048755,0.1664860546,0.0230035734,0.241564008,0.0,-0.110491653,0.0245826515,0.271387423,0.0544353697,0.0245826515,15,0.0,0.1122994652,0.1000394388,-0.030575303,-0.006766494,0.2601505157,-0.01953273,0.0032940678,0.2367509226,0.1423711601,0,2.5785825539,0.2784509126,2.5785825539,0.2784509126,6.8255813953,3.513751617,0.162187677,0.0,0.0,1,0.0189027238,0,0.0,0.5292189978,6.0,-0.126578735,0.0122948192,0.0725005874,4.7965439438,0.3934509171,-3.202980055,0.7768533766,-13556.48187,0.0314049921,14.418270152,-0.003197632,0.0083147229,0.0163489326,0.006697097,0.0678932795,-0.003693178,0.0,-0.003219928,0.018193526,-0.017503197,2.0,11.6049598,-0.387967258,0.1970430795,0,-0.110103373,0.068669565,0.0201154796,0.0257537551,0.9598219874,3.3683578301,6.9552839e-09,4.4232286e-08,1.0336449195,1.0684218196,-0.043391252,0.0401940266
88182,0.3698748793,0.0431388039,2.7920993188,0.0,0.4947431831,0.7190103863,0.0946275005,0.1737795517,0.3977586736,-0.013969336,0.2290136708,-0.082372881,-1.537163943,0.1094502179,0.0823728814,15,0.0333615819,0.1136363636,0.1362345923,0.0331269074,0.0528429662,0.2093197109,0.137335526,0.1151673319,0.1186382393,0.504457311,0,1.7350115296,-0.168915071,1.0337240584,-0.229036099,5.6683399068,6.9050010919,0.2238836231,0.0,0.0,1,0.5582909461,1,0.0,0.8675378267,5.0,3.1080176992,0.0288126178,-0.053604167,1.1850293376,-0.417668854,-1.78551667,0.2010990247,-721.7392071,0.0446872923,15.183485397,0.0009530678,0.0118251009,0.0289846,0.0182301274,0.1514898357,0.0287316273,0.0,0.0,0.9068734302,0.0223940238,7.0,15.839021948,-0.093951971,2.1112410296,0,-0.101630079,0.041710075,0.0186013137,0.0288667329,0.3909106614,4.536869921,4.57728e-10,1.2840086e-08,1.6471450036,2.713086663,-0.004949047,0.038215152
88260,0.1481191027,-0.094061863,4.0022180074,0.0,0.1743355417,0.5753545075,-0.551794303,-0.070759852,0.9877803179,0.0551642659,0.0369621391,-0.32863108,-1.169477912,0.0159414081,0.32863108,15,0.0348436971,-0.013452915,0.26611663,0.2898511395,-0.088434032,0.7050921587,-0.346882201,0.1925484433,-0.171998733,0.7690837629,0,1.7703156481,-0.121873542,1.5756883815,-0.172685991,3.3985830637,13.107358003,-0.300369533,0.0,0.0,0,,0,1.0,1.8900855242,3.0,3.1230656475,0.2477611124,-0.180693445,0.9632735611,-0.045132827,-1.065658247,0.107590215,-5013.284447,0.0446872923,10.976781997,-0.007272144,-0.039795102,-0.104797235,-0.00542544,0.6325654382,-0.016558571,2.0,0.0110803324,2.7550332169,-0.243693128,3.0,10.930256867,-0.079374376,1.1405392593,0,-0.101630079,0.0833333209,0.0350563491,0.0636752866,0.6787541521,2.5807576018,1.9053693e-07,3.4933979e-08,2.2248404655,4.9499150967,0.1381986725,0.1007186237
91171,1.3137080894,0.0898942544,-19.37861534,0.0147906451,10.267755497,0.4977724392,0.02379696,0.014926459,0.0379949773,-0.011946242,0.0192560954,0.0002862848,0.0368954629,0.0865775642,0.0002862848,11,,0.0217391304,0.0089942764,-0.032355834,0.023959948,0.1197331461,-0.393886753,,0.0539993048,0.6182842949,0,1.023123025,,1.0206494497,,0.9226806979,0.0537781759,0.009840299,0.0,0.0,0,,0,0.0,0.3505459863,6.0,0.0120239255,0.000558043,-0.022010904,0.3934851885,-0.558167486,,0.007039923,-5431.548622,0.0286434127,11.239723901,-5.8028e-05,0.0020038751,0.0175783076,0.0096264489,0.050931472,-0.018445264,2.0,5.61309e-05,0.5520906876,0.0133279171,3.0,10.246261321,0.022073047,0.1818296212,0,0.0654744878,0.019210279,0.0065466124,0.0109612351,1.1750640716,0.4833377458,1.7406378e-07,1.8479175e-07,0.2293670631,0.0526092497,0.2759539036,0.0209438248
23887,0.5470267523,0.0198749168,-4.10761928,0.0599557175,2.2906491848,0.7137534848,0.052295891,0.1405757716,0.1916787032,0.0030086186,0.2175158464,-0.063869392,-8.55710233,0.189946614,0.0638693918,15,0.0,0.2747252747,0.0022920982,-0.279325564,-0.020241262,0.1329600301,-0.175095054,0.1259475228,-0.098090461,0.3006265374,0,0.9828156786,-0.20979164,0.9828156786,-0.20979164,6.9964112623,7.7707094522,0.0911828771,0.0,0.0,1,0.0095307473,0,0.0,0.6195733626,4.0,-0.172086076,-0.026202193,0.2349263969,4.9558724268,-0.306055657,-1.164467796,0.9123646208,-8143.266681,0.0314049921,15.690381623,-0.001914603,-0.000657709,-0.002314815,0.0510225606,0.345368171,-0.316669677,2.0,-0.010090582,1.0752508546,-0.070175341,3.0,16.847469726,0.3453604127,3.3601147752,0,-0.107492679,0.0402930006,0.0171003639,0.0269302759,0.3852351277,5.9382074214,1.714325e-10,7.211959e-09,1.1966310077,1.4319257685,-0.02793817,0.042300079
89572,0.4873788719,-0.002229352,1.5709539347,0.0,0.0788303321,0.1383015025,0.0058930616,-0.020336556,0.2192844057,-0.043905203,0.3512504666,-0.0472384,-12.12210012,0.0247950792,0.0472383998,15,-6.1855e-05,0.1690821256,0.0390184049,-0.648019545,0.0094649423,0.5378119002,0.2971701951,0.0104461515,-0.062055056,0.5303991366,0,5.6522801701,-0.449678072,5.6389852876,-0.449895789,0.5008526956,4.94770669,0.0230989046,0.0,0.0,0,,0,1.0,0.2439037167,4.0,5.9203397566,-0.120726167,0.0165975219,-53.71848822,-1.311923603,0.5280772347,-1.237822636,-1974.419668,0.0207317787,13.063103888,0.00164855,0.0159598327,0.0182952114,0.0056421888,0.399180631,-0.006394485,1.0,0.0037695207,1.8056449337,0.0674723666,7.0,12.885298371,-0.142250429,1.0986627528,0,-0.142502855,0.0391285494,0.0202549033,0.0298850688,0.4811921846,2.5590517453,9.4049368e-09,2.2705156e-08,1.1950427968,1.4281272861,-0.007816002,0.0506853824
88534,0.6839333917,-0.128005656,0.5657843017,0.0,0.1150436105,0.4378945623,-0.117007673,-0.170934946,0.1698480629,-0.002771717,-0.262760453,-0.179927455,-1.238833958,0.0305720976,0.1799274546,16,-0.090094699,-0.397260274,-0.544914389,-0.174326154,0.0745712175,0.0803269448,0.0414611518,-0.097049566,-0.153193559,0.7299472606,0,6.1631667367,0.1821482275,4.3746325073,0.2970788161,1.2324652991,7.2131560029,-0.85261209,0.0,0.0,0,,0,1.0,0.2026640009,4.0,-5.863828797,-0.524957518,-0.399661147,0.2124834678,-0.766066955,-0.805238976,0.0192036978,-3994.540794,0.0400118084,10.753617409,0.0199941127,-0.068191489,-0.075835552,-0.147950622,0.4446932867,-0.026508628,1.0,-0.010343451,5.0033419774,0.1881391741,2.0,8.3058720235,0.4590301033,0.1523242564,0,-0.131569503,0.0456273295,0.0204606968,0.0351754742,0.8856441256,0.6535659073,1.9501934e-06,2.1346165e-07,1.1445266293,1.3099412051,-0.039355267,0.0650697116
88264,0.2453210759,-0.017203606,,0.0,0.0941936987,0.3024548081,-0.037280596,-0.203238927,0.5015353882,-0.073027905,-0.123032918,-0.125038827,-2.782379116,0.0306633483,0.1250388272,15,0.0008558642,0.1265344665,0.0708010971,0.0943805147,0.0487085029,0.9013729336,0.0203274535,-0.028111257,-0.230269142,0.5178278834,0,2.6727169377,-0.237223358,2.3870321806,-0.267824594,2.8061174242,4.707846782,-0.007796797,0.0,0.0,0,,0,1.0,0.6697539167,6.0,-10.10327964,0.2687770648,-2.314931682,4.0233438451,-0.44169583,0.1119278668,1.0252356262,-3254.685108,0.0288563477,12.92298926,0.0008284711,-0.006418372,-0.008923697,-0.018818891,0.359953734,0.0085671883,2.0,0.0087412587,2.2021390925,-0.005639864,5.0,13.744517712,0.4150258127,2.5715015493,0,-0.111549313,0.1515150666,0.0398649934,0.039360188,0.5871455719,7.7188638524,6.8240404e-09,1.0135414e-08,2.0930658114,4.380924491,0.0124494407,0.0724611322
90071,1.0759315549,0.0147689847,-4.420390227,0.0261212639,3.1608933686,1.7489123042,0.0348362946,0.1994867559,0.0843313079,0.0397925746,0.2370169082,-0.036906406,-10.26865672,0.1664266183,0.0369064063,15,0.0093607092,0.2594400205,0.4048694112,0.5737228054,-0.097001159,0.0680913846,0.076179997,0.1233555542,0.0166631952,0.4017019304,0,1.7662070385,-0.022494156,1.5095698703,-0.052518403,5.9992438563,10.890871654,0.0638991188,0.0,0.0,0,,1,0.0,0.1781920433,5.0,-0.713788392,0.0106275456,0.000364811,9.7961502678,-12.07298293,-0.328967417,0.0754161292,1330.8382506,0.0257826007,15.377825106,-0.001048192,0.0016350799,0.0068217054,-0.029064473,0.0707712314,-0.081605954,2.0,0.0013468013,0.0459519148,0.0179810813,1.0,16.772003937,0.6699963847,4.4200835376,0,0.080304809,0.0384615883,0.0213081941,0.0410176292,0.2823429236,6.7352530472,2.139407e-10,4.8999175e-09,1.4317437667,2.0498902135,0.0558929343,0.0470654677
88351,0.2417096499,-0.102737341,3.5452176152,0.0,0.0579196215,0.0,-1.222312181,0.3080261533,-0.488912056,0.272573969,0.3452402484,-0.072382795,-0.186245405,-0.083602983,0.0723827947,15,0.0,0.4590163934,,,,0.1424210247,-0.620489858,0.0310711736,0.2994125199,0.7071552516,0,8.3909322466,0.1886847021,8.3909322466,0.1886847021,0.0,,-2.007326384,0.0,0.0,1,1.0,0,0.0,-0.618926349,2.0,,-0.029412831,0.2503931534,-8.578693026,5.8270525134,-0.42660587,-8.840954968,-4776.867137,0.0248274717,13.530249122,0.0,-0.0757927,-0.084748453,0.0,0.8061600919,-9.4,0.0,-0.001615509,0.5015221991,-0.239018291,5.0,14.000247925,-0.377620765,1.479922859,0,-0.25352422,0.0774092004,0.0343567785,0.0523023112,0.3487712952,2.2045616765,5.5014435e-09,1.6594746e-08,1.1476764311,1.3171611904,0.0483279104,0.0786256389
88343,0.7486953675,0.0363984976,-35.48375575,0.0244005392,2.7177753404,0.1591568442,0.0319507983,1.4849070838,0.1058405908,1.2482596076,1.223580474,-0.01419895,-0.948224887,0.0709124588,0.0141989496,15,-0.000712925,0.3,1.3726659834,-0.416244212,-0.114111012,0.246157038,-0.746608793,0.0181385911,3.3337725082,0.5456051468,0,1.0340103485,0.2327577122,1.0302910355,0.2428681386,2.379725821,0.0631796451,0.0227198865,0.0,0.0,0,,0,0.0,0.8546545329,5.0,0.071602168,0.0146186578,0.256249966,-0.171527533,-1.029366154,,-0.008625182,-815.1027016,0.0286434127,15.385366491,-0.000196633,0.0041693667,0.0196019136,0.0010789389,0.0140533201,0.2155270053,0.0,-0.000700771,0.5017684849,-0.040444331,3.0,16.379448665,-0.110600899,2.3178602822,0,0.0654744878,0.0259989258,0.0138356008,0.0231726456,0.3296317935,3.1794043924,3.172958e-10,1.2422895e-08,1.2436219039,1.5465954398,0.079739713,0.0294408176
88319,0.1843056318,0.006818243,0.251854633,0.0,0.7461714713,1.5999433404,0.1114253394,-0.116807699,0.1730545877,-0.091811414,0.1103360812,-0.044405286,-7.875,0.0605119069,0.0444052863,15,0.0114537445,0.0625,0.0094098669,-0.215766052,0.093127131,0.1875,0.0119274809,0.0214036834,-0.549479167,0.5665121172,0,1.71069869,-0.178609369,1.4175764192,-0.221434713,9.036101083,4.7919591576,0.0907451923,0.0,0.0,0,,0,1.0,0.5239583333,4.0,3.6705549433,-0.022181142,-0.04498463,-0.325547268,-2.364961838,5.8541623052,0.0194137404,-5794.716536,0.0588548821,14.812302958,0.0,0.0032401782,0.005952381,0.0031318962,0.600082203,0.440291463,0.0,0.0027657053,0.5841187166,0.0541175487,3.0,16.437038929,0.1288123962,5.2056748015,0,-0.156910843,0.028437797,0.0120552422,0.0193028541,0.3900400323,8.3763656902,1.670957e-10,4.7953493e-09,1.1109804636,1.2342775904,-0.036807259,0.0233652193
88352,0.1745629624,0.0216331209,12.49476998,0.0,0.0299599095,0.1101129984,0.2253474642,0.0023036225,0.3767308812,-0.041884817,0.2920472266,-0.062277963,-0.588108883,0.0343557514,0.0622779625,15,0.0005309936,0.0666189112,-0.058893647,-0.116922002,-0.045409693,0.1920495612,-0.115658856,0.0324532314,-0.034843206,0.4466819215,0,3.6851556265,-0.273610133,3.3226256983,-0.277962044,1.7295740365,6.6428794017,0.9586937506,0.0,0.0,0,,0,1.0,0.425029988,3.0,-10.13459877,-0.026513643,-0.01594324,0.1472048192,-1.055181452,0.258858617,0.1075489939,16245.099097,0.0318276958,16.986844403,-0.003039847,0.0384200253,0.0441110554,0.0023100705,0.3715481708,-0.010008925,2.0,5.80965e-05,1.1617304194,0.0682367766,6.0,17.734329255,0.2600467278,2.0441057979,0,-0.095378135,0.0334289558,0.0127135367,0.0185974956,0.350188974,3.5417618352,4.032731e-11,1.0721874e-08,0.3777989334,0.142732034,0.3467123096,0.0408132795
88331,0.0922737054,-0.013063913,11.258193788,0.0,0.1144538851,0.1224726568,-0.026468947,1.0110642568,0.6639643795,0.0342493728,3.0174006071,-0.099889074,-1.183333666,0.0023950551,0.0998890739,15,0.0484254043,0.1666666667,0.1715683343,-0.146561239,0.066133912,0.2275558243,-0.166933898,0.2014880741,0.2418139111,0.6035682306,0,3.7658691583,0.473635867,2.8036722139,0.9102052474,1.5921223738,6.8325509744,-0.086768734,0.0,0.0,0,0.0,1,0.0,0.8743303884,4.0,-10.09672762,-0.313817057,0.0841045151,0.0649155622,-1.076251171,0.1809489431,0.0755882976,724.63765668,0.0318276958,14.5479585,-0.000576067,-0.027796659,-0.061153807,0.0034454467,0.3971831843,0.0080383715,0.0,-0.000884956,1.9561182817,-0.111612692,5.0,15.53315459,0.2591255607,2.7626384582,0,-0.095378135,0.0425658934,0.0470206346,0.0408266487,0.4279822977,7.8216024718,7.504507e-10,9.2292908e-09,1.3855433842,1.9197304695,0.1749098868,0.0443612629
13198,1.0012783747,0.0982678598,-31.87109786,0.0145688652,12.268049845,0.6425272662,0.0287488675,0.0606520894,0.0458814621,0.0020802377,0.0527500439,-0.004940941,-0.648110167,0.1619562589,0.004940941,6,-0.003095906,0.0083333333,0.0187163334,-0.14181297,0.0345937527,0.0816238393,-0.046814943,-0.001224365,0.1680773881,0.6529118223,0,1.0245433633,0.1024035026,1.0195721119,0.107426288,1.7512359727,0.0565573417,0.0100357715,1.0,0.0,0,,0,0.0,0.6696224641,6.0,0.0009166026,0.0013419833,-0.035416701,0.0810554738,-0.135340231,,0.0824186176,-5463.751222,0.0286434127,10.869253928,9.51989e-05,0.0019945783,0.0274534994,0.0195237475,0.028399476,-0.050957681,2.0,0.001825391,-0.858252335,-0.018035024,4.0,7.239566674,-0.031572768,0.0650220801,0,0.0654744878,0.0247651543,0.0102215098,0.0154407427,1.8969750394,0.418411524,5.8686004e-06,1.0000002798,0.5200527664,0.2704548798,-0.16233481,0.0377219777
91040,1.1571563644,-0.028167975,-5.236671213,0.0,4.2365904599,5.036140853,0.0632020047,0.0348841052,0.311012033,0.0003789135,0.0471365183,-0.148304928,-27.91955401,0.6273066775,0.1483049282,10,0.0065702579,0.0555555556,0.1808371816,-0.023242292,0.0345666388,0.2158915602,-0.045285855,0.1297822449,-0.007628437,0.5150036965,0,2.1168768928,-0.135165499,1.8897052076,-0.156293484,18.660877182,5.9567726911,0.1706540389,0.0,0.0,1,1.0,0,0.0,1.1949653477,5.0,0.7922623856,0.0723640874,-0.131925204,2.2938483939,-1.381783127,0.5354687929,0.3956532354,-2204.01695,0.0279332649,11.826532576,-0.039060335,-0.07534695,-0.402820145,-0.954296447,0.0447654596,-0.052798402,0.0,-0.033333333,-0.043279594,-0.020492276,4.0,14.045772581,0.4984511991,7.883608896,0,-0.500704589,0.1267606169,0.0621484194,0.1019476516,0.503098666,20.677253482,1.1976103e-08,2.1882276e-09,3.3482519805,11.210791325,0.0214189033,0.100330764
88281,0.2231830968,0.0426390034,10.476867664,0.0,0.3920614266,0.430846372,0.1110507213,0.1462774706,0.3289432641,-0.004773521,0.2049903925,-0.069480735,-0.954860462,0.083353302,0.0694807345,15,-0.000200011,0.025974026,0.1133683618,-0.055969444,0.0301812083,0.1361486531,0.1331872894,0.0059089602,0.0487048039,0.4105674547,0,2.049154202,-0.08386434,1.7485059257,-0.067393539,7.2599724743,5.0298731351,0.2041540923,0.0,0.0,0,,0,0.0,0.8237413102,5.0,0.8268520965,0.0504051019,-0.098396277,-0.112255328,-0.855578318,-0.003024605,0.0507609743,856.96844069,0.0772902197,15.132909216,0.0019936408,0.0198380947,0.0533174292,0.0073942435,0.0458608953,-0.033633431,0.0,0.0014168766,0.5678124816,0.0509745176,6.0,15.788961818,0.2717323446,2.3329941922,0,-0.045482084,0.0379954837,0.0157321057,0.0224148224,0.4256222978,4.2864566444,3.134884e-10,9.5839841e-09,0.8370675882,0.7006821473,0.0167931159,0.0283000978
88313,0.5159185569,0.0516990039,0.8085598117,0.0195545455,0.4017052782,0.3191676846,0.1484567901,0.0167073126,0.1127288611,-0.018297597,-0.024237495,-0.023102608,-0.414507772,0.0731286428,0.0231026081,15,0.0,0.0125628141,0.0824437883,-0.120681212,0.0680019769,0.6430868167,-0.178277956,0.0042223274,0.0293960449,0.324621223,0,4.2996515679,0.3092499778,4.2996515679,0.3092499778,1.1967357188,7.281894576,0.1435863659,0.0,0.0,1,0.0004437542,1,0.0,0.1847942277,8.0,1.4065701825,0.0270831024,-0.075297758,0.0813749563,-0.564198819,0.2796453798,0.0451241086,-4072.627124,0.0558672041,14.807136072,-0.003863299,0.007204924,0.0125070706,0.0146136733,0.2273506666,-0.001655767,0.0,-0.001470588,0.5956943887,0.0853321068,6.0,15.691000461,0.0748819599,2.4343690929,0,-0.168614603,0.0455801673,0.019984772,0.0250910332,0.3129024801,3.4711445466,5.785026e-10,1.0095203e-08,1.2929983921,1.6718448419,-0.101953697,0.04602812
88280,1.0564632382,0.0502607485,-79.53570839,0.0269222092,8.628130904,0.3926308186,0.0208740619,0.1461768697,0.0388318007,0.005871545,0.1597695735,-0.003626991,-0.654308914,0.0831468043,0.0036269911,15,4.18897e-05,0.2172523962,0.0062258324,-0.113792011,0.01547579,0.1501392087,0.0236202318,0.0005420605,0.0460503612,0.5309206568,0,1.0182257466,-0.076940198,1.0133227232,-0.076475746,3.6737185383,0.0567508113,0.0086856236,0.0,0.0,0,,0,0.0,0.3248744215,5.0,-0.041375574,-0.002945677,0.1735023622,0.1362403373,-1.12496539,,0.003609163,-4827.104042,0.0286434127,13.644008389,-0.000453389,0.001955246,0.0177730547,0.0134371976,0.0119893835,-0.008926595,2.0,0.0007262164,0.7617385242,0.0429850635,2.0,13.194941955,-0.072810732,0.6400864606,0,0.0654744878,0.0424971469,0.0131951984,0.0198539075,0.4585852937,1.3797687795,3.9164112e-09,3.4364813e-08,0.755696159,0.5710766847,-0.04085583,0.0213568665
93190,2.5924269673,-1.190958076,-147.0480188,0.0,13.380472377,1.4387274651,-0.056754324,-0.15695171,-0.014081656,0.0,-0.097966182,-0.046077887,-0.530152568,-0.887213573,0.0460778871,8,0.0,-0.205811138,-0.264391009,0.2340830495,-0.959099925,0.0532337815,0.3461367453,-0.128293101,-0.213441952,0.4222986818,0,0.4393939394,-0.305516194,0.2776292254,-0.305516194,13.685088634,26.620689655,-0.09702838,0.0,0.0,1,1.0,0,0.0,-0.085661304,1.0,2.9655557343,-0.35528287,-0.276537242,10.859575266,-1.487426744,-0.579608829,-1.220879978,-2187.774889,0.0889184991,9.4104035736,0.0,-0.016158951,-0.038971268,0.080833567,0.0091439265,-0.923324001,2.0,0.1851851852,1.1334769209,-0.010005676,2.0,8.8830855244,0.3589295634,0.3127288208,0,-0.017965162,0.1067615524,0.0303619554,0.035156402,1.9267718188,0.3589705995,8.20934e-05,1.0000003432,1.3111363082,1.7190784188,0.678770327,0.147754096
88332,0.1616041202,-0.146837907,4.2180255113,0.0,0.2059306998,0.537660596,-0.662655762,-0.06171093,0.2375710312,0.0644474301,-0.115982009,-0.104449692,-0.270034567,-0.107186596,0.1044496918,15,0.0612714281,0.0488888889,-0.132557004,0.3991893111,-0.035435002,0.48169174,-0.400529135,0.0453648446,0.0179215675,0.7110451937,0,1.6260205126,0.0617350366,1.1007663794,-0.05727635,3.5834083362,8.8003810976,-0.633138104,0.0,0.0,0,,0,1.0,0.5700877013,3.0,6.9832947177,-0.123389646,-0.089316808,-0.204009286,-0.209057836,0.0744744517,-0.114877639,-4236.264019,0.0410566741,10.634540673,-0.000148544,-0.100575483,-0.270385235,-0.125866136,0.2180367052,-0.010338427,0.0,-0.787671233,1.0142285814,-0.007928764,3.0,11.925247029,0.056597759,4.1916584788,0,-0.131569503,0.248756215,0.1089612728,0.1063016836,0.9628806068,35.773956864,6.3560619e-08,2.9258859e-09,2.2709562118,5.1572421159,0.0454052325,0.0849289522
88287,1.0511991355,0.0588748338,-183.1412575,0.0,1.3124512089,3.2674114155,0.0269585041,-0.083671294,0.2782490735,-0.010281797,-0.166196024,-0.041837383,-1.756332633,0.1622786256,0.0418373834,16,-0.040665913,0.0882352941,-0.008299827,0.0974696777,0.0349277849,0.2406375306,0.0394334711,-0.024279566,0.045525914,0.4540754486,0,2.7031308757,0.0112053471,0.9033079806,-0.035445549,1031.9492386,7.1586681755,0.088890121,0.0,0.0,1,1.0,0,0.0,0.6702988995,8.0,-0.61880792,-0.433817363,-0.017016725,4.2349369359,-1.280717141,-0.745076411,0.8417729767,-5438.886851,0.1657105497,11.963344818,0.0097383368,0.0128864804,0.0299107615,0.0385418101,0.0009233326,0.0214780134,0.0,-0.003970505,-0.155337362,-0.007543596,3.0,11.482481896,-0.106536777,0.6433324691,0,-0.128574987,0.0294865239,0.020352318,0.0298412559,0.4704691152,2.5584939717,1.9228308e-08,2.0023925e-08,0.3024075903,0.0914503507,-0.183182721,0.0558263337
88439,0.4052932098,0.0042709413,1.9055808521,0.0,0.5489082801,0.5209763135,0.0919913934,1.01314187,0.539772922,0.0076333127,5.2346570397,-0.089889038,-15.0292887,0.0684601504,0.0898890378,15,0.052363231,0.1025,0.3873480624,-0.123955227,0.0722944262,0.2669396528,0.282190619,0.2608415001,-0.011101378,0.4320837601,0,2.9165587384,-0.535178735,2.2951775103,-0.567808762,2.4399416688,6.2487837829,0.1618071179,0.0,0.0,1,0.4601047397,0,0.0,0.5854001424,4.0,7.0349987884,-0.079691857,-0.035705697,0.0396798032,-0.614751368,5.8541623052,0.0607691075,-2604.345489,0.0410566741,14.442320638,0.0043604684,0.01379501,0.0300973795,-0.001510788,0.180666306,0.0148112094,0.0,0.0,1.3900309973,-0.086985717,6.0,13.977425399,0.0719166223,0.7021231272,0,-0.131569503,0.0250190217,0.0124604673,0.0232664982,0.4054168981,1.7241594116,2.0088116e-09,3.4668176e-08,1.3180861536,1.7373511082,0.0067296823,0.0280959739
88417,0.5833680774,-0.03903859,1.9295788207,0.0,0.205491433,0.7036059654,-0.048975907,-0.025240956,0.3107013946,0.0238317969,0.0304968113,0.0207240629,0.424196698,-0.055598631,0.0207240629,15,0.0358800788,-0.113557358,0.0379232436,-0.131727179,-0.01783468,0.0787815126,-0.212037159,0.0366732463,-0.043465415,0.5947464617,0,3.5535913087,-0.318524089,1.5561441898,-0.380818086,6.4301412376,4.7448474085,-0.151751406,0.0,0.0,0,,0,0.0,0.4062169748,3.0,7.1664211031,0.0348861132,-0.251763055,0.2177546709,-0.479877158,0.0744744517,-0.063289674,-4162.424779,0.0410566741,12.714208077,-0.001047415,0.0206594359,0.0338211653,0.1321412049,0.2727844016,0.0049058579,5.0,0.0149812734,2.2173552744,-0.181804029,1.0,12.4806801,-0.089682526,0.7708136357,0,-0.131569503,0.0293040015,0.0172264117,0.0298575519,0.2976104464,0.8730154431,1.449673e-08,3.5933334e-08,1.2034777025,1.4483585804,0.107407997,0.0528839412
19675,0.5868051928,-0.081383346,-0.351607796,0.0,0.5753011524,0.8170110136,-0.175197468,-0.043920813,0.3813500116,0.0047226426,0.013862366,-0.108747019,-1.913750998,0.0743641137,0.1087470191,15,0.0,0.0505384615,0.1948211564,0.0495232424,-0.086582925,0.2886896286,0.4594847321,0.0154976382,-0.094251548,0.6313028735,0,2.1367745834,0.1607004573,2.1367745834,0.1607004573,1.2392217483,7.0148214301,-0.00900817,0.0,0.0,1,1.0,0,1.0,0.8571310125,4.0,-10.21501482,0.1200605816,-2.390927687,4.364827962,-1.016259197,0.1119278668,1.0689363916,-2186.619298,0.0288563477,14.368002691,0.0106936852,0.0127827273,0.0333299822,0.0574509837,0.5220006797,-0.031588465,2.0,0.0415232585,0.9714191068,0.0667221108,6.0,14.948626,0.1290798248,1.7338711763,0,-0.111549313,0.0188481994,0.0132315553,0.0237533458,0.3231672577,2.3478292359,9.892525e-10,1.5474281e-08,1.5506595007,2.4045448871,-0.021888589,0.0518674001
88462,0.4312444205,-0.133348147,1.2805784676,0.0,0.0091511324,0.0,-17.17196532,-0.183561863,0.0,0.0054054054,-0.528039978,-0.062345482,-0.229048926,-0.102804897,0.0623454823,15,0.0,0.125,-0.744329897,,0.0,0.2307692308,,0.0012973275,-0.170717569,0.9776618784,0,48.034117647,0.7266320556,44.355703986,0.7266320556,0.0,,-9.333081856,0.0,0.0,0,,0,1.0,0.0,2.0,,-0.684757167,-0.08362324,-8.389158255,,-0.42660587,-8.860156882,-5454.481277,0.0248274717,11.623246449,0.0,-0.097229579,-0.102133934,0.0,0.9734194038,-7.166666667,0.0,-0.001624201,-0.568337897,0.0054053999,3.0,10.759077306,0.4012453838,0.4630127288,0,-0.25352422,0.0714286193,0.0295955567,0.0546961172,0.8471692912,4.4546794411,8.388563e-08,2.9286565e-08,0.7843775865,0.6152481982,-0.138599543,0.0818924358
88471,0.400828613,-0.858030481,-3.966538222,0.0704050258,1.4433645725,1.6667651352,-0.626899884,-0.00898342,0.3838100271,-0.81675762,0.2453802039,-0.007962312,-0.017214173,-0.843260196,0.0079623117,15,-0.031583837,-0.111111111,-0.016736857,-0.452002194,-0.208323159,1.2820512821,0.0271794872,-0.027577779,-0.429684764,0.3165670199,0,1.20845704,-0.119312043,0.9381016644,0.0270534216,16.832193909,3.550937459,-0.569563675,0.0,0.0,1,0.0050169492,1,1.0,0.9593695271,2.0,-355.5954314,0.1086540269,-0.291488098,-1.958586913,-2.254979495,-0.691428631,-0.980628489,-3020.355678,0.2277833408,9.4433994255,0.0035008917,-0.065299755,-0.187751739,-0.458308155,0.1139877301,-2.877507003,1.0,0.1503045258,-0.458697347,-0.045843155,2.0,10.22604316,0.1010959006,1.1960604304,0,-0.166303822,0.2145404816,0.0622309415,0.0943705048,0.887871852,6.8326290883,1.253241e-06,2.2046115e-08,1.5146656514,2.2942120355,-2.532741672,0.1534255009
88466,0.8875826713,-0.13346435,-10.78401904,0.0,2.163822617,7.8666531312,0.0132786964,-0.054704992,0.2446958228,0.0,0.0032071739,-0.097261273,-2.28803507,0.171906764,0.0972612725,15,-0.056846271,-0.238888889,-0.155557772,-0.158433815,0.3521688253,0.2272313815,0.0949295263,-0.022666695,-0.17132575,0.6155467895,0,1.1447578499,-0.044733833,0.6352992404,0.0472008086,41.963833303,7.2834655705,0.0018957346,0.0,0.0,1,1.0,0,0.0,0.6830537883,4.0,3.1291905949,-0.025832372,-0.406129419,1.7027371296,-0.965913244,-1.065658247,0.2635555708,-5090.115759,0.0446872923,10.200301549,-0.000420043,-0.014656932,-0.050578089,-0.082644466,0.0590352248,-0.001910112,0.0,-0.022989545,3.4485160931,-0.117537741,2.0,8.9422648292,0.2491532285,0.2388047648,0,-0.101630079,0.0454545803,0.0183873926,0.0317229288,1.2618033132,1.4444709081,1.2373394e-06,8.5830154e-08,0.5253162644,0.2759571777,0.1526241994,0.0482342328
88485,0.2576672095,0.048011446,11.954669226,0.0156928497,0.6765875216,0.4284563957,0.1213497493,-0.019452397,0.2448066558,-0.010656407,-0.049734842,-0.051200558,-1.006194233,0.0963202861,0.0512005583,15,0.0,0.0498960499,0.0809321353,-0.057787778,0.0150006602,0.2582241476,0.0148158922,0.0138433441,0.0700905723,0.2047929863,0,2.9784266423,-0.058238725,2.9784266423,-0.058238725,7.7427383237,3.7261838783,0.1065370426,0.0,0.0,1,1.0,0,0.0,0.8664647415,6.0,-10.61192912,0.0968449715,-2.391570099,4.0356899787,-0.968522611,-0.877537723,1.090892564,-3669.514598,0.0288563477,13.149605883,0.0033302387,0.0173884895,0.0603884669,0.0119410701,0.1068173197,-0.036467403,1.0,0.0,0.4502272415,0.0432464555,3.0,13.133236379,-0.433536877,1.0824748107,0,-0.111549313,0.0890410393,0.0281402586,0.0338920918,0.4959731146,3.1086139204,9.7705325e-09,2.4161592e-08,1.1816869546,1.3963840586,-0.545442243,0.0612642866
88421,0.061927961,-0.07914536,3.4089868819,0.0,0.2995877111,0.0483573074,-1.386804623,-0.18664124,-0.282842908,0.0068824949,-0.076265376,0.1327183735,0.6757784095,-0.132630085,0.1327183735,15,-0.00625779,0.0483870968,-0.545789616,0.1040877657,2.2489026118,0.1104813131,0.0424198802,0.0224745223,-0.484579292,0.7820587297,0,2.7002761201,-0.232232089,2.5394881387,-0.238920619,0.2265193709,9.9595905172,-0.215295918,0.0,0.0,1,1.0,0,1.0,-1.121602055,0.0,46.22189527,-0.180273803,-0.160236143,-8.758474715,0.3205815136,-0.42660587,-8.889982069,-4782.848617,0.0248274717,12.942955827,0.0,-0.080267863,-0.246073884,0.0021072217,0.6335648156,-0.951073705,1.0,0.1308900524,-0.236599248,-0.067677439,4.0,13.918158637,0.4765667103,1.7372242452,0,-0.25352422,0.0466321446,0.0249077142,0.0487741285,0.39050247,2.6469642887,8.4139694e-09,1.5014172e-08,1.6310316229,2.660264155,0.0616890246,0.0780276366
88451,0.0560344366,-0.085036856,14.078000863,0.0,0.0229859841,0.0082544877,-6.259250953,0.7053615509,0.1699963796,0.1214379923,0.9617336978,-0.371266591,-0.27365089,-0.061766444,0.3712665912,15,0.0952589511,1.6666666667,0.5464285714,,-1.766080276,0.1997389034,0.2909051349,0.1533587862,0.6185903084,0.8832097503,0,3.3637883388,-0.094291954,3.0966531336,-0.166218746,0.1261772659,12.27324263,-4.887365414,0.0,0.0,0,,0,0.0,0.2275330396,2.0,43.993903079,-0.074183908,1.4740690676,-8.764368239,3.6523124891,-0.42660587,-8.819118429,-4235.958107,0.0248274717,13.263283338,0.0001733539,-0.173544669,-0.208952079,0.0106696755,0.6608817101,0.2118112383,0.0,-0.011363636,-0.043843005,0.1158730066,5.0,14.680247814,0.7940230399,3.5299767217,0,-0.25352422,0.0702128559,0.030157879,0.0642647025,0.3821376886,7.5418521886,3.4026175e-09,6.8570461e-09,2.9500109831,8.7025648003,-0.021276667,0.0762876225
88446,0.0551769359,0.0133284469,18.050436553,0.0,0.0707947309,0.0702106723,0.2390603162,0.1062051549,0.4630302159,0.1245351268,0.2631827617,-0.046525628,-0.418620578,0.0189080091,0.0465256283,15,0.0116518517,0.2333333333,0.3097289713,0.0983339281,0.0167748965,0.4243847639,-0.121691473,0.0453390951,-0.045919585,0.5365265352,0,2.6166060613,-0.479014675,2.3519216016,-0.482405157,1.3907638465,6.4304942341,0.277118079,0.0,0.0,0,0.0,1,1.0,0.8845298923,6.0,-9.933164391,0.076619506,0.1507711817,0.0278187927,-0.726661772,0.0121661423,0.0921012516,23396.935917,0.0318276958,16.804748228,-0.001725944,0.0319127764,0.0658766985,0.0027055505,0.3855330104,-0.024010384,1.0,-0.000113753,-0.061235492,-0.068354284,7.0,17.564508483,0.1645022325,2.2103442029,0,-0.095378135,0.0637024865,0.0563933073,0.0332311527,0.5558764681,15.297889347,8.575343e-11,7.7229054e-09,1.0447844839,1.0915746179,0.0957390621,0.0451951366
88511,0.2308005254,-0.145133731,1.7888734828,0.0,0.2544044201,0.0762748312,-1.30311284,-0.22306461,0.1198396843,0.0020032845,-0.073044018,-0.026758842,-0.102301244,-0.13028637,0.0267588422,15,0.0,0.0606060606,-0.343887482,-0.671578748,-1.6975186,0.3799019608,0.1932132008,-0.000272983,-0.340682694,0.8206534481,0,5.1867487832,-0.434566279,5.1867487832,-0.434566279,0.1977935857,5.0193778684,-0.544316966,0.0,0.0,1,1.0,0,1.0,0.1308274671,2.0,46.538380451,-0.091494643,-0.148017179,-8.589602151,-0.049848529,-0.42660587,-8.887638354,-5418.319457,0.0248274717,12.461017144,0.0,-0.049679142,-0.068791342,0.0010834449,0.8808628538,0.0113278165,2.0,0.099009901,0.1446253011,0.0833614543,4.0,11.845462478,0.1866178625,0.5951133165,0,-0.25352422,0.1761363298,0.0512529478,0.0697976365,0.492920178,1.4082355272,4.6690113e-08,3.3280486e-08,2.3647547234,5.592064902,-0.114653763,0.084172564
88542,0.7514107276,-0.111291845,-0.874423732,0.0,0.429905416,1.724842862,-0.10792663,-0.041359755,0.6801707842,0.0204909718,0.01787752,-0.037640403,-0.4081559,-0.065867422,0.0376404027,15,0.0365754222,-0.017857143,-0.035917928,0.2054354559,-0.047045556,0.5968728756,-0.00832406,0.0579492862,-0.072250322,0.4466878931,0,1.7111344538,-0.074228268,0.8036669213,-0.226159277,8.6081379034,14.187644533,-0.178416588,0.0,0.0,1,1.0,0,0.0,1.0340176535,2.0,-5.610550657,-0.060305186,-0.020258016,0.2799608036,-0.058819056,0.0111362611,-0.077235821,-4015.468394,0.0400118084,9.7529117211,-3.2478e-05,-0.011253527,-0.01769202,-0.051002979,0.1636944001,0.0009228167,1.0,0.04,-0.738937176,0.0179979317,4.0,7.3164152654,0.1637294736,0.1252545156,0,-0.131569503,0.1182795167,0.0522431371,0.0692782387,2.0713253204,0.6058110399,0.0001049881,3.0000002198,0.6703408355,0.4493568358,-0.052001901,0.069281144
88504,0.2316333028,0.0171479413,3.5968743441,0.0,0.330589324,0.5470707421,0.1248069427,-0.062113363,0.4270482322,0.0056630007,-0.039539584,-0.029898004,-1.015873016,0.0345680722,0.0298980042,15,-0.058342633,-0.016129032,-0.016581494,0.0302325502,-0.003499291,0.2388955582,0.1671977111,-0.095005784,-0.09478785,0.5918984878,0,2.3447743264,0.0620997473,1.5254848121,0.1749548143,3.6228720208,6.1695088677,0.1043384726,0.0,0.0,1,0.3176171654,0,0.0,0.987826498,5.0,-10.04702931,-0.017836763,-0.098691184,0.2042751596,-1.39277349,1.6853581142,0.1077613147,192.41445668,0.0318276958,15.341633463,0.0041871663,0.0064820918,0.0155079511,-0.008592552,0.2892180802,0.0244277728,0.0,0.0036518564,3.0293689753,0.0820823074,7.0,15.994425872,0.5738739812,1.8264697078,0,-0.095378135,0.0450000092,0.015681503,0.0221091154,0.263767175,1.7988761261,2.919069e-10,1.4068269e-08,1.1606717573,1.3471589281,0.1648742153,0.0322529316
88497,0.4422614946,-0.301861767,0.4302314316,0.0,0.4072439293,1.1563327196,-0.558538193,-0.047722057,0.3659482417,0.1911491644,-0.016817226,-0.1513141,-0.43650113,-0.170098765,0.1513141004,15,-0.090094699,-0.128205128,-0.203617563,-0.440201585,-0.119038687,0.5876685934,0.6567483594,-0.138523228,-0.074509997,0.7685357915,0,2.0462873089,-0.001608866,1.6310361563,0.22023738,3.3057050592,4.3785421493,-0.665043259,0.0,0.0,0,,0,1.0,0.6636954595,1.0,5.9474665252,-0.280595952,-0.280689732,-53.7636056,-2.55143871,0.5280772347,-1.43271648,-2299.297988,0.0207317787,9.4850242582,-0.006909295,-0.046473029,-0.098742961,0.0589390337,0.3006067447,0.0190997678,0.0,0.0201773268,1.9873655555,0.0730300071,3.0,8.9896887428,-0.369134187,0.8128227319,0,-0.142502855,0.1148077175,0.1131541982,0.0566105436,1.1990914678,23.487106345,5.6565902e-07,1.2165753e-08,0.4898397773,0.2399430074,0.4115334523,0.0475340282
88545,0.5081318595,-0.017779219,0.4656527873,0.0,0.5329979278,0.3998574616,-0.027326753,0.082940615,0.2686664193,0.0167085934,0.1371924614,-0.054879711,-3.089847873,0.0371558641,0.0548797115,15,-0.003118291,0.2732049037,0.0531267809,-0.47946105,-0.021209118,0.916200699,0.1159925878,0.0003060963,0.0314488452,0.2906315224,0,1.6268860367,-0.520679539,1.4251887584,-0.507583403,1.953946286,4.6528572621,0.0049516872,0.0,0.0,0,0.0,1,0.0,0.506582095,3.0,47.552781981,-0.136959054,0.0645816636,-8.312270816,-0.114173253,-0.299582319,-8.72019612,-3735.700377,0.0248274717,14.727443416,-0.007271847,-0.043847692,-0.093204257,-0.043744475,0.2454344744,-0.004841001,0.0,-0.021601686,0.3728382384,0.141020264,4.0,15.498841541,-0.297550245,2.3973864977,0,-0.25352422,0.0499689803,0.0214485516,0.0391892269,0.3823931365,3.9448743234,6.509086e-10,9.9706696e-09,0.8666325995,0.7510520625,0.3949048998,0.0527332002
88564,0.5688697241,0.0091379794,-0.871782462,0.0105513835,0.5337244316,0.8907835207,0.0529557684,0.022389916,0.4188139104,0.0088191888,0.0341643461,-0.011224764,-1.557121662,0.0233669251,0.011224764,15,0.0196206094,0.0018181818,0.327464024,0.1044544498,0.0977425344,0.1998623877,0.2241694093,0.0503117446,-0.00129721,0.388071411,0,3.0865501829,-0.134236721,1.3132872816,-0.146191223,16.736292428,6.7676975768,0.1168178736,0.0,0.0,1,1.0,0,0.0,0.9136581912,6.0,-9.93458992,0.0550212341,-0.08074397,0.541511581,-1.027035999,0.3975661538,0.0965601676,-2819.072503,0.0318276958,12.352454932,0.0019997316,0.0092786155,0.0153222843,0.0041783442,0.0270397885,0.0325598273,0.0,0.0,4.4288156045,-0.1023155,4.0,11.885536748,0.1979775728,0.6456304824,0,-0.095378135,0.0551378503,0.0299061826,0.0530381578,0.4867724989,1.4724091502,2.79795e-08,3.3097204e-08,1.6013266313,2.56424698,0.0002108959,0.0531206294
89617,0.1773659672,-0.020278479,8.3789950838,0.0,0.4334122501,0.1909328995,0.073382275,0.0433874031,0.2305791807,0.1383774627,0.12993643,-0.123968634,-3.656243378,0.0538645766,0.1239686339,15,0.0,0.1045714286,0.1351795783,-0.203653783,0.0007642525,0.0963715446,0.0232001742,0.1033686453,-0.076831266,0.5141135748,0,2.3160027774,0.4242846329,2.3160027774,0.4242846329,2.1373467358,8.6669480255,0.0424883771,0.0,0.0,0,,1,0.0,0.5847855119,5.0,5.9229765204,-0.131074106,-0.047913175,-53.95238753,-1.849033752,0.5280772347,-1.208753139,10457.344282,0.0207317787,16.948212644,-0.002546368,0.0052558019,0.0186743788,0.0042273038,0.1075694171,-0.051850947,0.0,-0.001499634,0.3982975905,-0.027734367,4.0,17.886654182,-0.09152646,2.560121371,0,-0.142502855,0.0149374167,0.0081932603,0.0175579019,0.2535492689,1.7809243136,4.146171e-11,1.3514295e-08,0.6753539959,0.4561030197,-0.026783418,0.03065363
89395,0.5681401549,0.0498788514,-23.9147387,0.0080674199,3.6915311654,0.1831569033,0.0231331277,0.0816840937,0.0434870131,0.0144795866,0.0775788687,-0.004245717,-0.34889529,0.0672813477,0.0042457173,14,-0.000492315,0.0254180602,0.0855213206,-0.02392094,0.039078368,0.1296803398,0.0189570284,-0.000705456,0.1091393214,0.577195698,0,0.9902137015,0.0407016327,0.9849393793,0.0419401784,1.3771207186,0.0572166695,0.0158623687,0.0,0.0,0,,0,0.0,0.3343226826,8.0,0.0178388028,0.001239785,-0.018331974,-0.352082746,-0.659618629,,-0.012256293,-4085.639542,0.0286434127,14.540589487,0.0005061627,0.0037056452,0.0287001272,0.0113745699,0.0382542463,0.0799350166,8.0,0.0004047764,0.1547823797,-0.000736509,5.0,14.674663474,-0.167769719,1.1849605581,0,0.0654744878,0.0355699696,0.0148667573,0.0246458285,0.4036085342,2.4685902557,1.0266122e-09,1.6759875e-08,1.0800535865,1.1665157497,0.0264107444,0.0280699378
71862,1.1882883366,-0.147054122,-0.941156495,0.0,0.0264524033,0.0056134145,-0.02056239,-0.103698906,-0.059729419,0.0026925666,0.033446232,-0.218680295,-1.910906411,0.1339525428,0.2186802947,15,0.0,0.0,0.1021276596,0.678173287,-0.150656509,0.2409090909,0.0775206612,-2.3988e-05,-0.106338935,0.1903041616,0,25.270783848,0.8305074283,25.270783848,0.8305074283,0.0246022322,2.3228699552,-5.62856548,0.0,0.0,0,,0,0.0,-0.063959838,5.0,-3.55140394,-0.133611218,-0.152484604,-53.01757876,-0.818893143,0.5280772347,-1.128665173,-2249.511998,0.0207317787,10.896378149,-8.166465e-06,-0.151256745,-0.161787085,0.002274539,0.2315469742,-0.034384167,0.0,-0.787671233,-0.289707992,-0.033020717,4.0,10.349542614,0.1631270844,0.3704532192,0,-0.142502855,0.054878071,0.0182098324,0.0319279395,1.0363500643,2.6280483704,2.0784557e-07,5.6556257e-08,0.515243403,0.2654757644,0.6057057735,0.0390021097
48506,-0.00959141,0.0504953544,10.406723313,0.0125893647,0.2362663689,0.1702909479,0.51034158,0.0623194012,0.5469727651,-0.044854178,0.1660869127,-0.006597456,-0.030241732,0.0520224213,0.0065974559,15,0.0,0.1817312291,0.1217157275,-0.019742066,-0.003628197,0.3162421436,-0.056352405,0.0226160952,-1.55727003,0.5152916042,0,2.2392264733,-0.139170987,2.2392264733,-0.139170987,1.9875417263,4.2078495709,0.2523593963,0.0,0.0,0,0.0,0,1.0,6.8148367953,5.0,-10.10045235,0.1257013251,-2.25973492,3.7684313587,-0.051105759,0.1375170243,1.0465946993,15345.597472,0.0288563477,16.741581933,-2.0025e-05,0.0463246325,-0.699275362,0.0009681705,0.4067338515,0.0014834669,0.0,0.0,0.8438509313,-0.038519282,5.0,17.221656723,0.1027278918,1.4870406588,0,-0.111549313,0.0276961755,0.0143576266,0.0177820572,0.4003771359,4.0699580737,1.011848e-10,1.6837273e-08,1.3318104647,1.7737191138,0.0711853019,0.0226170667
14932,0.9260419222,0.1041066748,-23.34819143,0.0307535177,8.8978438029,0.4561844295,0.032210857,0.0470429152,0.0417592607,0.0098425197,0.0337709331,-0.000421253,-0.038857939,0.1081520456,0.0004212526,10,0.0004982557,0.112,0.0044376337,-0.077346172,0.0398101539,0.1051102204,0.159397583,0.0007448732,0.1943784714,0.5375507335,0,0.8401210008,0.0444108433,0.8349547527,0.044144994,1.2271149421,0.0678443431,0.0136322861,0.0,0.0,0,,0,0.0,0.5053391431,6.0,-0.008495292,0.0014644833,0.068249966,0.0058190213,-1.278111036,,0.0286144044,-5429.515102,0.0286434127,11.196304974,2.20503e-05,0.0028092834,0.0305807567,0.0056481666,0.0327822943,-0.019581074,1.0,0.0010097281,8.6410052323,-0.018405709,6.0,7.4753392366,,0.0198295641,1,0.0654744878,0.0376189686,0.0210660245,0.0399557252,2.1435852952,0.1812737956,2.45846e-05,5.0000003021,-0.050958073,0.015051656,0.8701092253,0.027307864
88648,1.1400220702,0.0234118618,-2.146842232,0.0,1.4114757002,2.1124006782,0.0420276998,-0.043192567,0.173304453,0.0083479523,-0.085156153,-0.070303377,-7.834819302,0.2068395684,0.0703033775,15,0.0043006366,0.0348066298,-0.031060908,-0.108493393,-0.033220958,0.1374500144,0.0983211579,0.0173287722,0.0144180804,0.6157122943,0,1.6090800223,-0.084507184,1.3163713781,-0.095890145,4.7509586371,4.2373180936,0.1277478891,0.0,0.0,1,0.4740525622,1,0.0,0.3766608299,5.0,3.0973058143,-0.026321379,-0.1324339,1.9551765286,-0.673297705,-1.352393427,0.2984883752,-4491.584357,0.0446872923,13.389448478,0.005348395,-0.000834753,-0.002675159,0.277007755,0.0562036146,-0.366261905,1.0,0.0112359551,0.3769556458,0.0628705807,3.0,13.687776741,0.1124020035,1.1831726002,0,-0.101630079,0.0301027782,0.0171418157,0.0364211021,0.4412942872,2.4273920952,4.480044e-09,1.9034225e-08,1.7481759576,3.0561191787,0.0028098357,0.0399274938
89169,1.5445326778,-1.190958076,-0.587039425,0.0,0.4782986562,0.0909950638,-5.461608498,-0.359409117,-0.407445346,-0.81675762,-0.197056302,-0.060104172,-0.105229849,-0.887213573,0.0601041718,14,-0.012158854,-0.324324324,0.353164557,1.0953867792,-0.811776971,0.532814238,0.4522263735,-0.049276222,-0.397156052,0.9150918616,0,4.8002622378,-0.064436959,4.7239947552,-0.059427385,0.0522253163,6.1436781609,-2.60331299,0.0,0.0,0,,0,0.0,-0.502176152,4.0,12.090861931,0.0118270545,-0.406886476,1.5171745346,-1.754882526,-0.819051057,-1.250618948,-3102.357013,0.0318276958,8.95002862,0.0,-0.139283455,-0.184730379,0.0184810799,0.8517401748,0.3462472476,1.0,0.2180971635,-0.729351637,0.0004625339,3.0,9.3688504436,0.0873747196,1.1957873787,0,-0.095378135,0.0919116735,0.0495756865,0.0847389093,0.7800560621,2.7325950601,2.2056967e-06,2.6672736e-08,0.8149953809,0.664217471,0.9011874438,0.1272199297
88620,0.2244150523,-0.223878927,2.6835114304,0.0,0.0573304411,0.0293819967,-15.1662531,-0.211031332,0.0548955614,0.2034835036,0.2697470315,-0.087605356,-0.124993493,-0.195895518,0.0876053563,15,0.0,0.1923076923,-0.017537023,0.5347417978,-0.300939477,0.2775590551,0.5072998688,0.0076697128,-0.280617201,0.9661696451,0,4.8111404757,-0.434095745,4.8111404757,-0.434095745,0.1097757457,15.095808383,-4.337086319,0.0,0.0,0,,0,0.0,0.0628409176,2.0,43.437068163,-0.068100723,-0.016315548,-8.595987624,0.1525825987,-0.42660587,-8.953247502,-5461.565117,0.0248274717,11.190550207,0.0,-0.305513595,-0.558073962,6.72948e-05,0.9442672023,0.6804604415,0.0,0.04,-0.061957115,-0.030355485,2.0,9.6341502018,-0.379705281,0.1740698812,0,-0.25352422,0.1439393461,0.0464809233,0.0723806801,0.7630094344,0.3997809119,1.5012196e-06,2.215687e-07,1.9024743831,3.6194087782,-0.02086331,0.0824719822
88626,0.2062766857,-0.246328789,1.8197358576,0.0,0.3517120546,0.2161476629,-1.211237635,0.2269475747,-0.499681529,0.0301062413,,-0.173831735,-0.357349616,-0.158303291,0.1738317346,15,0.0030801725,0.0099009901,0.2658880334,0.3625249002,-0.275934626,0.3436249285,0.2223933389,0.0005634493,-0.397317796,0.7415765314,0,5.6679104478,0.4375860127,5.1452353617,0.4891048124,0.5933753364,9.1427898209,,0.0,0.0,1,1.0,0,1.0,-0.701409459,5.0,47.879877772,0.0441162604,-0.19872225,-8.61412599,2.3053660201,-0.42660587,-8.915655275,-5457.607873,0.0248274717,12.103445305,-0.000170129,-0.122220966,-0.283745954,0.0020636212,0.6663630907,0.0278264264,0.0,0.0,-0.346563123,0.0768938595,2.0,11.370143434,-0.378670207,0.6216566445,0,-0.25352422,0.0970149189,0.0410319458,0.066190124,0.7477219167,5.3808160452,4.5273607e-08,1.9609774e-08,1.5996530481,2.5588898744,0.469125909,0.0977488468
88615,0.4962474524,0.0448689211,5.9387860564,0.0,0.2772224246,0.556461839,0.1022310435,0.0733196138,0.2929360292,0.026532367,-0.017212203,-0.027961046,-0.465541491,0.0657572656,0.0279610464,15,0.0117874363,0.0901033973,0.0359096009,-0.056205759,0.0122356906,0.2566637916,0.0402783433,0.0314044075,0.1315493815,0.3301460384,0,3.2273124672,0.0486341033,2.0379068847,0.1395396853,8.9527621577,5.4297973458,0.2680621153,0.0,0.0,1,1.0,0,0.0,0.4735073009,7.0,-10.0088185,-0.000805435,0.0075412457,0.4688893092,-0.727151424,0.1748027218,0.1389505081,-1878.104603,0.0318276958,13.884075316,-0.005265831,2.27712e-05,3.42892e-05,-0.017368008,0.0697361385,0.001518894,0.0,-0.001772421,0.2738148037,0.083925169,5.0,15.190808118,-0.293197295,2.6577369355,0,-0.095378135,0.05474988,0.0279713562,0.035299419,0.4506190053,5.5171305503,1.5167955e-09,7.7753856e-09,1.0635731672,1.1311878819,-0.102845875,0.0371024226
88661,0.2600926803,0.0420343365,3.7916673221,0.0389110098,0.227407432,0.4378507083,0.2492757314,0.2740194113,0.8490277852,0.0081607809,0.7521436999,-0.128450903,-1.329522863,0.097919948,0.1284509025,15,-0.009861908,-0.086705202,-0.127881211,-0.23324588,-0.000579788,0.2618072618,-0.012968926,0.0138971279,0.0286067437,0.5014106152,0,3.0028752845,0.31612202,2.4217083982,0.4816196097,2.7471490366,19.096127563,0.3475384255,0.0,0.0,0,0.0,0,0.0,1.2799025717,4.0,-0.045966946,-0.270704154,-0.08539818,-0.357875537,-0.517475626,-0.00989235,0.0256318838,7424.404393,0.1865592117,16.229889055,-0.006292563,0.0206561101,0.0387164143,-0.001058784,0.2802125417,-0.016062316,1.0,0.0003456619,1.4137692956,0.0296343463,5.0,17.071756958,0.4808708709,3.0541632198,0,0.0957318355,0.041552674,0.0167737077,0.0267991631,0.4441449284,7.5109783977,8.96548e-11,6.582261e-09,0.8578752485,0.735949942,0.1938751249,0.0333218268
91360,1.0737472611,0.0281077554,-11.24249512,0.0004531586,7.9712497135,0.3431960509,0.024467693,0.457484695,0.0465218036,0.6439820835,0.4232883771,-0.001613294,-0.442087399,0.0405338399,0.001613294,11,-0.000654917,0.587628866,0.1271737428,-0.478955067,0.0599712643,0.0615375874,0.0513474957,0.0119395943,0.6077423041,0.5984774859,0,0.9778430188,0.0584049751,0.9752820317,0.0607739941,0.4927067283,0.0527867145,0.0060452798,1.0,0.0,0,,0,0.0,0.4366473823,5.0,-0.045624022,0.000114104,0.543878832,0.1535243602,-0.248193061,,-0.039003801,-5414.626962,0.0286434127,11.461514246,0.000717213,0.0018196683,0.0133035292,0.0084608119,0.0642788575,-0.076164345,0.0,0.013652942,-0.630942382,0.0102635057,1.0,9.4331638721,-0.04678659,0.1306360709,0,0.0654744878,0.0099132499,0.0052244722,0.0070779618,1.7133137745,1.9240423636,5.7843544e-07,2.0000001433,0.1700792838,0.0289269628,0.8603217671,0.0513638533
13453,0.5248674726,-0.030256252,2.7235124594,0.0,0.1406636311,0.7356500344,-0.076293209,0.0213582717,0.471801364,0.0306702413,0.226450116,0.1084106107,2.3597185576,-0.101652492,0.1084106107,14,0.0181425137,-0.194174757,-0.064467005,-0.880451326,-0.04043731,0.2641172266,-0.140750207,0.0770204598,-0.022451306,0.5623471012,0,3.3405221339,-0.223050542,2.6522890655,-0.254897284,5.9902491874,3.3151457009,-0.08295123,0.0,0.0,0,,0,0.0,0.5725826436,0.0,47.560698706,-0.32550728,-0.402797997,-8.295535203,0.9887991342,-0.386399814,-8.859004476,-5509.786947,0.0248274717,11.125003552,-0.006310335,-0.018577562,-0.023483261,-0.010979144,0.0483163802,-0.058712589,1.0,0.0049627792,0.1481320211,0.0230786023,4.0,10.559598494,0.4116191292,0.6766966532,0,-0.25352422,0.06624607,0.0234999593,0.0373977138,0.8809033491,3.4022866214,1.0416691e-07,2.570287e-08,0.8443683995,0.712957994,0.2989721835,0.0438235259
88740,0.1813297229,0.0763283262,4.792057695,0.0,0.0144044257,0.1256711461,0.9227535636,0.4279164544,0.4696609498,0.0503308668,-0.607215241,0.2125872739,0.9813977128,0.0014198814,0.450156199,15,0.0,-0.25,2.1383452819,-0.226269183,-4.128795894,0.7037037037,-0.053639847,-0.000339616,1.6275226263,0.9375110001,0,13.324535416,3.2792663029,13.324535416,3.428478885,0.7487864639,5.754841002,1.6230229252,0.0,1.0,0,,0,0.0,0.9328798696,6.0,49.845840956,0.5207043639,-0.45862324,-8.639072953,3.348844281,-0.42660587,-8.755932103,-5289.597957,0.0248274717,12.429550563,-0.000599281,-0.172476559,-0.231551729,-0.008996305,0.8556789267,-0.000532609,1.0,0.0325621251,0.5437141537,0.0391103737,2.0,13.272402317,-0.079705709,1.9828225975,0,-0.25352422,0.1229050457,0.0449254703,0.0663615143,0.3428279133,2.7736683108,1.3731457e-08,1.1284478e-08,1.1137431719,1.2404238529,0.3414718657,0.0761851942
88750,0.5442398275,-0.047051437,0.1114332483,0.0,0.4398571782,0.5254235515,-0.020017291,-0.027449959,0.4091858364,0.0224596286,-0.016521985,-0.090301665,-1.915344297,0.0430682646,0.0903016649,15,-0.002618491,-0.049295775,-0.005988152,0.0858267945,-0.03164391,1.6847110072,0.0645207314,0.0130703975,-0.036106124,0.2781641133,0,0.8764761566,-0.501022424,0.7527646457,-0.486356142,3.6816747784,4.6666063821,0.0556867626,0.0,0.0,0,,0,0.0,0.716744939,4.0,-10.14978069,-0.018749093,-0.131857926,0.5168816843,-1.400080895,0.1809489431,0.1162615071,-2230.136153,0.0318276958,13.61962743,-0.00053654,0.0043283452,0.0081280039,0.0102463152,0.1983421118,-0.013861935,0.0,0.0013802622,0.4719215086,-0.102288745,5.0,13.792523553,-0.500548021,1.0585707354,0,-0.095378135,0.0523605682,0.0404731821,0.0315477559,0.6402171596,7.9016905693,4.7791178e-09,1.7284285e-08,0.9885921248,0.9773143891,-0.131851379,0.0460109406
89576,2.4603841439,-0.134292245,-8.380710651,0.119866142,14.559695586,3.1684940707,0.0332422137,-0.022894233,0.0468443602,-0.81675762,-0.025785988,-0.007490517,-3.171648987,0.2916356173,0.0074905173,12,-0.005506863,-0.084158416,-0.217581785,-0.221624541,0.0280441385,0.0476190476,-0.54927173,-0.001184223,0.04189745,0.6393718906,0,0.9668373542,0.0529310765,0.8716729135,0.063344264,0.4982791275,0.0870281249,-0.000846737,0.0,0.0,0,,0,0.0,1.1410474362,6.0,0.0734190371,-0.008302904,-0.12790845,1.540161243,22.635728185,-0.014465589,0.212097976,-5490.760857,0.0286434127,10.252234844,0.0,0.0011002976,0.0157514548,0.0167061498,0.061548448,-0.011398607,3.0,0.0115368288,-0.863546587,0.0570202051,3.0,7.229240734,-0.06081316,0.0862717442,0,0.0654744878,0.0361477286,0.015551852,0.0329065573,1.5460252812,1.8634847142,2.5327782e-06,5.0000003021,0.1208597783,0.014607086,2.0359531303,0.0828116468
89925,0.5968997988,-0.071799,-0.709262665,0.0,0.5452100803,2.0957799707,-0.073693341,-0.085007728,0.5881198045,0.0079692394,-0.084330667,-0.010092417,-0.167998063,-0.059736907,0.0100924169,12,0.0061514299,-0.021201413,-0.013628035,0.0887483454,-0.07802985,0.3459227468,-0.323235607,0.0177256081,-0.085625283,0.6767867361,0,2.1876956581,-0.025611563,1.5076561862,-0.072351787,10.459923664,4.0306859206,-0.113611776,0.0,0.0,0,,0,1.0,1.1227402221,2.0,3.0326644357,-0.096557572,-0.188441944,1.4120542571,-0.040807742,-1.065658247,0.0319118995,-5061.636587,0.0446872923,10.584177442,-5.7454e-05,-0.023309948,-0.042795249,-0.161025948,0.1509990229,-0.014478284,0.0,0.027608855,-0.292471248,0.0418119272,2.0,10.559804775,0.2947662488,0.528558952,0,-0.101630079,0.0657236874,0.0484435632,0.0796574347,0.7027735846,1.8640404439,2.8536879e-07,3.2633693e-08,1.8512839929,3.4272524224,0.3432219971,0.1556861578
93083,0.0273291793,-0.130366607,4.8351265127,0.0,0.1886284213,0.0467378914,-3.964190981,0.0698126546,0.0979144574,0.2009696487,5.2346570397,0.1130561011,0.1811713191,-0.153985297,0.1130561011,8,0.0,0.0,-0.310889006,-0.411827973,-0.00346743,,,-0.003004595,-0.852152094,0.8062671403,0,7.9801223242,-0.232402027,7.9801223242,-0.232402027,0.2882288229,2.7931769723,-1.267869535,0.0,0.0,0,,0,0.0,0.1069291643,1.0,47.389663246,-0.127840332,-0.20862324,-8.793073497,,-0.42660587,-8.911337281,-5519.337307,0.0248274717,9.0764687132,0.0,-0.043165468,-0.28807947,-0.002666825,0.6137339056,0.0,1.0,-0.017562015,-0.703701304,-0.01116461,1.0,9.6472007869,-0.415098561,0.8981824433,0,-0.25352422,0.07451424,0.0439255953,0.0880269013,0.4089420565,2.2739488774,8.4763564e-07,2.0971513e-08,1.4516418529,2.107264069,-0.168385621,0.0940485192
88792,0.8787331533,0.0459060965,-39.27865647,0.0218621328,6.3982267632,0.3180840157,0.018711474,-0.008052914,0.0391782389,0.0027994315,-0.009436728,-0.003983921,-0.635117627,0.0750618676,0.0039839215,15,0.0008721512,-0.009695291,-0.037491001,-0.118542906,0.083094385,0.0891546564,-0.160624455,0.0013070063,-0.00113864,0.533744512,0,0.9782173851,0.1101150342,0.9759849566,0.108865189,2.2005327327,0.0622900834,0.0094240078,0.0,0.0,0,,0,0.0,0.3272344923,7.0,0.0297234655,0.0006727347,-0.053445325,-0.041489748,-0.651696261,,-0.004475774,-5179.026342,0.0286434127,12.816528404,-7.7779e-05,0.0013823017,0.0119875716,-0.000925388,0.0177405415,0.0227579916,0.0,-0.001302083,-0.444970864,-0.016950511,5.0,11.742735648,0.1097106097,0.3668342444,0,0.0654744878,0.0505837016,0.0169614836,0.025884538,0.5071603519,0.8491751135,2.0268766e-08,6.2302168e-08,0.8227633081,0.6769394611,-0.010384826,0.0283002406
14521,-0.011796099,0.0070967095,1.6504270161,0.0,1.0869331668,1.0045074753,0.040533287,,,,,,,0.0704487062,,1,,,,,,2.047959626,,,,0.1639409711,0,1.03142143,,1.03142143,,10.046906274,10.505819188,0.0345535991,,,1,1.0,0,,,,,,,-0.347234524,,-3.39269878,0.0378563786,28.766240692,0.0772902197,13.977062256,0.0014476371,0.0019890241,-0.389952153,0.0953001789,0.1516745766,-0.001658852,1.0,0.0005952381,1.1899188016,-0.032009396,3.0,14.792034031,,2.1191136256,1,-0.045482084,0.0294905882,0.01650185,0.0339330954,0.3379178549,3.3110190576,2.0461986e-09,1.3137203e-08,1.4679084745,2.1547552896,0.0134263383,0.0524188552
88807,0.2073878581,-0.26633989,3.2166717078,0.0,0.4377373391,1.2576954026,-0.305519199,-0.147535101,0.3934239447,0.3415256474,-0.031180033,-0.222408407,-0.58533228,-0.110442555,0.2224084074,15,0.0969561954,-0.240506329,-0.447117322,-0.052669404,0.0193045322,1.3957188862,0.5511294973,0.1031983134,-0.319930537,0.6174258156,0,1.503511236,-0.139972518,0.8560221979,-0.309728312,10.376127262,7.650642217,-0.486342093,0.0,0.0,1,1.0,0,1.0,0.9744411791,2.0,3.0200145479,-0.679605237,-0.407746859,1.0225423164,-1.38420446,-1.065658247,-0.018793748,-4971.882967,0.0446872923,11.310440406,0.0002256972,-0.097098277,-0.329888914,0.0855936308,0.051604856,0.0003353646,0.0,0.0045248869,0.8084546991,0.1265950277,2.0,11.312601665,0.3568423994,0.7918905929,0,-0.101630079,0.0499999523,0.0255978765,0.047815088,0.5340788065,1.2463307542,9.3288116e-08,3.9304828e-08,2.1163360132,4.4788781206,-0.091328926,0.096640692
88790,0.0416292749,0.0091441323,5.2357170014,0.0,0.1518205105,0.1287527799,-0.737940747,0.4254061401,0.6560735835,0.0780627688,-0.05595543,0.0899128269,1.6183157221,-0.005653961,0.0899128269,15,,-0.212121212,2.1351062313,1.9733821569,2.2489026118,0.7330693069,0.3270409092,,-2.658294779,,0,4.5032764473,0.9516689971,,,0.7397631304,20.916283495,0.0816100996,0.0,0.0,1,0.1356263982,1,0.0,-3.148477897,6.0,-13.99870514,0.5207043639,-0.518229313,-0.025704794,11.32607022,-0.696480341,0.3275737427,-4210.706199,0.0238858186,13.033693043,0.0,-0.105884252,-0.492040419,0.0156047314,0.8530136223,0.0598031682,0.0,0.0087719298,-0.18988102,-0.05348092,4.0,13.915469975,-0.19615307,2.6734964677,0,-0.25352422,0.0937499925,0.0294477316,0.0533780029,0.2610858635,2.388870508,4.9262041e-09,1.0575573e-08,1.6994664261,2.8881861334,-0.06361026,0.0776653195
88786,0.33131949,0.0557243585,2.8431647123,0.0103705382,0.0726436995,0.3302709134,0.4117960983,0.0458211107,0.368080346,-0.025260756,-0.024650611,-0.08330012,-0.590639647,0.0886373739,0.0833001196,15,-0.01288046,-0.077278732,0.1303667675,0.1960766066,0.0525175837,0.2018315547,0.2302909203,0.0082732561,0.0626555301,0.7113565744,0,4.4860886535,0.0996933298,3.9672706997,0.1290852652,1.5754305606,7.9573385156,0.9036654135,0.0,0.0,0,,0,0.0,0.4560080814,6.0,3.0236894226,-0.068307729,-0.244519262,1.1464739484,-1.225733429,-1.067982088,0.1802861807,-4858.819277,0.0446872923,12.586869605,0.0012446325,0.0318535764,0.0392947808,-0.000120896,0.4726779952,0.0102389277,0.0,-0.006436513,3.1137812354,-0.203947078,5.0,13.459167771,0.6194788685,6.2494516156,0,-0.101630079,0.1934023798,0.0427052568,0.0119082943,1.0433761887,61.413279121,1.3274782e-09,1.6454533e-09,1.3885559941,1.9280877487,-0.008262667,0.0776302102
88863,0.1188306691,-0.041139893,7.5106184838,0.0,0.0093096031,0.0007393404,-3.501489539,1.1252838836,-0.002843951,0.2469889689,1.0015913712,-0.083517548,-0.191268191,-0.03327114,0.0835175482,14,0.0175318766,1.3137254902,-0.566119691,,-0.424683741,0.1859928811,0.4649890616,0.1104571464,1.1356232818,0.9518162401,0,16.647280406,-0.04730826,16.418012671,-0.06042881,0.0063588394,1.3066860465,-5.675120026,0.0,0.0,0,0.0,0,0.0,-0.003458571,2.0,-43.60243194,0.0124363187,1.1893551876,-0.216607756,-0.958774029,-0.761605555,-0.065863468,276.97560069,0.0772902197,13.439361268,0.0,-0.169731678,-0.191001641,0.0072906301,0.8718745955,-0.322269932,0.0,0.0,0.4845827207,0.0489642918,5.0,15.112775307,0.4441724768,4.5294638962,0,-0.045482084,0.0597826168,0.0321873405,0.0645236152,0.4241599035,8.4887112568,2.1548997e-09,5.383753e-09,0.7305240869,0.5336654415,2.8223223692,0.0799749335
89029,0.532042227,-0.350993219,1.7192623891,0.0,0.0331425578,0.0577793133,-1.130137222,-0.32521253,0.0450191694,0.0183867141,0.200311163,-0.097615128,-0.195061502,-0.282527955,0.0976151284,14,0.0048080236,0.1153846154,0.2232833106,0.587434254,-1.370285488,1.6967213115,-0.286123215,0.009103848,-0.343127635,0.469896097,0,8.9609841828,-0.450081622,8.6513181019,-0.461123198,0.2284598072,15.964391691,-11.04224854,0.0,0.0,0,,0,1.0,0.0465538731,3.0,2.66505354,0.0035156017,-0.051855915,1.3471966853,2.1360950365,-1.065658247,-0.190879148,-5026.059297,0.0446872923,10.462289241,-0.000164239,-0.161965059,-0.169909034,-0.001342364,0.4352609839,0.2442103379,0.0,-0.016620719,0.9685000018,-0.006605138,3.0,9.3722763449,-0.25340823,0.2587378322,0,-0.101630079,0.1521738321,0.0515739271,0.1160109161,0.7238136155,0.6313702883,1.2866654e-06,1.0086424e-07,0.9960517277,0.9921190442,0.0849656524,0.0738441779
88860,0.167869557,0.0325208506,7.6898779962,0.0,0.0524559055,0.1698502622,0.3689642048,0.1872866212,0.7162184085,-0.004690816,0.1869490405,-0.089077567,-0.555893082,0.0505989665,0.0890775675,14,0.0021536758,0.0467836257,0.1536596153,0.0079554211,0.0199571981,0.1981248266,-0.108079124,0.0223974851,0.1873921479,0.6117017116,0,3.256314076,0.0482481282,3.1773887449,0.0497618045,1.6752218151,5.8701127544,0.755361638,0.0,0.0,0,,0,0.0,0.9401059987,6.0,-9.940746024,0.005742304,-0.035778526,0.1405114139,-0.823653694,-0.757042327,0.123792209,1370.1566467,0.0318276958,15.571380839,-0.002572001,0.026848639,0.0358742065,0.003932638,0.4490293286,0.0256635243,0.0,0.0007047216,2.1719226026,0.0988516849,6.0,16.409144862,-0.009697555,1.8265614088,0,-0.095378135,0.0189803652,0.0097707546,0.0195716685,0.3509634864,3.2312981632,1.639825e-10,1.3404995e-08,1.55730692,2.425204843,0.0008551515,0.0440641378
90478,0.446696501,0.0412772658,2.819200382,0.0,0.0869607653,0.5654195612,0.1646178333,0.0832834083,0.6227523184,0.0152916513,-0.018301267,-0.115621405,-1.437361531,0.1006076196,0.1156214053,11,-0.001960371,0.0539906103,0.1334222148,0.3505036628,0.130609162,0.7834567901,0.0241882048,0.0179898912,0.1055544696,0.5643531286,0,4.857442348,0.1557899413,3.565932914,0.2433779213,3.4181534905,6.5511727592,0.7708264267,0.0,0.0,0,,0,0.0,0.7592823119,6.0,-10.07363197,-0.075820128,-0.028571541,0.4193383579,0.8052346781,0.0291722203,0.1738008621,-2873.536643,0.0318276958,12.715056327,0.000803613,0.0237743541,0.0285577409,0.0131075956,0.3086686633,-0.016602943,2.0,0.0007072136,0.0999364448,0.0506671909,7.0,13.492417339,0.2095281267,1.9577258254,0,-0.095378135,0.0138954958,0.0059529051,0.0154611112,0.3959369752,1.0285441776,6.2170659e-09,3.581155e-08,0.838105793,0.7024213203,0.1361198143,0.0508778606
88949,0.0529301119,-0.019115283,11.244866965,0.0,0.0622935655,0.0719909172,-0.539910135,-0.051525321,0.5583614729,0.011075317,-0.022001238,-0.034240393,-0.212001418,-0.015062816,0.0342403934,14,0.0347409963,0.1288659794,0.0649696952,-0.238993892,-6.045797775,0.2707624271,0.2819021607,0.0651376943,-0.084067163,0.8495681196,0,3.2407361807,-0.264790997,2.8955938773,-0.299734213,0.9149524748,7.3063086017,-0.253668471,0.0,0.0,0,,0,1.0,1.173794991,3.0,47.586461785,0.0151431593,-0.079757261,-8.767472564,0.1241444525,-0.42660587,-8.7724148,-1564.113467,0.0248274717,15.419558992,0.0,-0.064828415,-0.147190148,0.0015283614,0.8116626623,0.0131107235,1.0,-0.000259336,-0.188160201,-0.034032325,8.0,16.099696498,-0.353066241,2.0065493304,0,-0.25352422,0.047211457,0.0236040346,0.0393653761,0.3595972078,2.6544049529,4.912111e-10,1.5075167e-08,1.7093418234,2.9218494691,-0.019053581,0.0532461312
88839,0.5170712088,0.0127550875,4.6105992642,0.0,0.2190733675,0.5885376122,0.0570363436,0.0033663074,0.3735198583,0.0292044628,-0.012861501,-0.014710218,-0.847558386,0.0235657689,0.0147102176,15,0.0350362597,0.214673913,0.0332030693,-0.129358152,-0.000484777,0.738150289,-0.169391071,0.0452827403,0.0104037678,0.291959166,0,3.152826123,-0.16521468,2.0184540582,-0.27808166,7.6880571671,6.7321107738,0.1519472385,0.0,0.0,1,1.0,0,1.0,0.5250251363,6.0,-10.02002953,0.0188071452,0.1321117614,0.4897130656,-0.828613444,-0.271886968,0.0967590114,-2929.472693,0.0318276958,11.524734473,-0.004201928,-0.006112125,-0.008933374,0.0022056247,0.0455991913,-0.012437297,0.0,-0.005291005,2.8021279108,-0.157871932,5.0,10.681836259,0.4804743434,0.3828686039,0,-0.095378135,0.0810810849,0.0305905975,0.0502924359,0.625695121,1.1121366458,1.3736071e-07,5.2436514e-08,1.3424149442,1.8020778824,0.0022921724,0.0444554035
90029,0.226547553,-0.204542576,2.5666521541,0.0,0.0852422313,0.024872839,-5.878948715,-0.324168467,-0.439380907,-0.81675762,1.0628546486,-0.099057484,-0.187209277,-0.166250308,0.0990574841,11,0.0,0.3046357616,-0.019464936,0.5337003985,0.6097541378,0.1771832408,0.1624395586,-0.007271945,-0.460626751,0.921333032,0,6.2841856107,-0.471075001,6.2841856107,-0.471075001,0.089945537,15.174690509,-3.182200371,0.0,1.0,1,1.0,0,1.0,-0.482796011,2.0,45.326404842,-0.030411543,0.0960125215,-8.593855123,0.3721714756,-0.42660587,-8.923602292,-5103.829937,0.0248274717,13.356200515,0.0,-0.275120098,-0.40419708,-0.001082773,0.9237778717,2.2369990374,0.0,-0.006112469,-0.184811818,-0.026583839,4.0,15.125159699,-0.406418989,5.0271370186,0,-0.25352422,0.0625000149,0.0417576619,0.0545825532,0.509504859,17.925142446,1.5707073e-09,3.9407552e-09,1.1765587527,1.3842904985,-0.204043123,0.0789643348
90177,0.0974310578,-0.029112301,8.8408000657,0.0,0.0050272435,3.77775e-05,-17.17196532,0.7209255597,-0.491883374,0.0981745936,1.2855302705,-0.101213426,-0.281600433,-0.020914265,0.1012134262,11,0.0,1.0208333333,-0.744329897,,2.2489026118,0.3725135624,1.730194337,0.0007402786,0.699265913,0.9776618784,0,20.50132626,-0.240397346,20.50132626,-0.240397346,0.0003721092,0.1244813278,-8.038769821,0.0,0.0,0,,0,0.0,-0.510753249,1.0,-355.6597549,-0.036638529,0.8122100933,-8.722971618,-0.359893583,-0.42660587,-8.778266249,-2370.873707,0.0248274717,15.111651743,0.0,-0.141199612,-0.152082902,7.4925882e-06,0.9734194038,-9.4,2.0,0.0006047777,0.912027696,-0.132808683,4.0,16.957577134,-0.09139479,5.6610523463,0,-0.25352422,0.0989966914,0.0298372557,0.054109359,0.3453231946,12.514608986,1.808292e-10,3.5652026e-09,2.0074581333,4.029888157,0.014655036,0.0636911344
88908,0.8382170992,0.024015909,-20.28333003,0.0031659356,6.1584615769,0.3046504388,0.0290007672,0.5635538157,0.0646932998,0.5051806589,0.5518675298,0.0037423076,0.8937827831,0.002550903,0.0037423076,14,0.0018396637,0.1327561328,0.224300944,-0.433252582,-0.008326155,0.0613669472,0.0090560032,0.0032808032,0.6551271312,0.5167792706,0,0.8409548389,0.0447413695,0.8305325934,0.0486013659,1.0381281839,0.0682483223,0.0069623055,0.0,0.0,0,,0,0.0,0.5716276671,4.0,-0.024649492,-0.001587753,0.0890060988,-0.082005802,-1.343994357,,-0.076986738,-4958.673982,0.0286434127,13.568632386,0.0010881683,0.002560151,0.0211683133,0.0064871888,0.0580795368,0.0189421549,5.0,0.0,-0.323162008,0.0212563104,1.0,13.155271287,-0.080704769,0.7428444333,0,0.0654744878,0.0275111552,0.0107998259,0.0294316571,0.3945893593,1.1693927944,4.4768196e-09,3.3231426e-08,0.8576398561,0.7355461227,-0.098531773,0.0270636028
88897,0.5171227827,0.0490744316,17.45591311,0.0,0.1808869193,0.7018657788,0.1788465732,-0.450988474,0.1485563367,-0.021501606,-0.607215241,-0.104634117,-2.442948431,0.1689607373,0.1046341169,14,-0.011467002,-0.422930075,-0.318540104,-0.119922587,-0.07227515,0.1920085682,0.3216123028,-0.293245629,-0.488965346,0.488251791,0,3.0457975329,-0.25380199,2.1892031303,-0.35014119,34.162720838,3.6602718839,0.2552029903,0.0,0.0,1,0.9581094426,0,0.0,0.2273950348,5.0,7.086260114,0.0024651741,-0.561135772,0.1515093761,-1.135711207,0.7735971671,0.1612696944,-1858.479719,0.0410566741,14.391643475,-0.015579419,0.0010148818,0.001337629,-0.159801346,0.0520008639,-0.091518989,0.0,0.0022962113,0.3721934942,0.0857530907,5.0,15.883946029,0.5236872039,4.9799783234,0,-0.131569503,0.0532544069,0.0264103742,0.0409225189,0.2657974867,5.2286824892,7.050982e-10,5.2063805e-09,1.7568177861,3.0864087336,0.1060945403,0.0352706715
92601,2.2341977207,0.2831439033,-93.77441101,0.0,3.6399422599,1.7245732273,0.1493574924,0.3337365096,0.3261759674,-0.012787352,0.3957802643,-0.062324432,-0.674898929,0.6273066775,0.062324432,8,0.0,0.15,0.7721056425,0.7822994985,0.1419531165,0.098121601,0.1022888977,0.3534094499,0.2436708248,0.5000181522,0,0.7909034277,0.4705221335,0.7909034277,0.4705221335,63.721032341,6.9243937067,0.312321632,0.0,0.0,1,0.3697031953,0,0.0,0.7246219919,7.0,0.8865531127,0.0150626731,-0.03748076,3.3708897503,-1.783723281,-0.407666132,0.4322688484,-2155.10482,0.0279332649,12.759890867,-0.019552203,-0.241447541,-0.811535723,-0.292430758,0.0070333068,0.2438378947,0.0,0.1583710407,0.2330679163,0.1299577057,4.0,13.822541833,0.5131976077,3.2885480509,0,-0.500704589,0.1270982623,0.0441896581,0.0691212645,0.3537320425,4.0397952677,8.0669158e-09,7.4615373e-09,2.8002131394,7.8411936259,-0.083114821,0.0859878048
88991,1.2956987253,-0.360825085,-16.56708279,0.043890558,4.9761336175,3.229831504,0.0025543082,-0.066671855,0.0665940255,0.005923732,0.0274016985,-0.08017713,-1.44359515,0.160060258,0.0801771304,14,-0.007334077,0.0,-0.031581049,-0.040901715,0.1593069052,0.0696491543,-0.043273732,-0.010705138,-0.302888428,0.4998087726,0,0.91836187,-0.181737592,0.7001771241,-0.163415556,21.967011643,12.062155923,-0.002140425,0.0,0.0,1,0.0037213357,1,0.0,0.1348786041,4.0,0.2298649626,0.0558373145,-0.112810593,-0.710280219,-0.113197761,-0.717377481,0.2417028521,1231.7800389,0.1505232955,10.669199057,-0.005352647,-0.012410002,-0.089007135,-0.794235149,0.0286623112,0.267079824,1.0,0.0219459712,-0.755362772,-0.26257995,4.0,13.651728784,-0.168618079,10.187849481,0,-0.514510695,0.4129793048,0.1375151479,0.1651939955,1.0383279878,62.256112654,7.1455538e-09,2.890359e-10,2.4873213976,6.1867677351,0.0221791504,0.1137460212
89008,0.8176324209,-0.524977093,-21.3758324,0.0,14.559695586,4.1730296461,-0.008045312,0.0056093523,-0.0074406,0.0175438596,0.0170334919,0.0134653739,1.3924654268,-0.887213573,0.0134653739,14,0.0,0.0322580645,-0.025945188,0.0060610817,-3.953684442,0.1333333333,-0.25203252,7.86142e-05,-0.430017452,0.1477438736,0,,,,,1.6993577327,0.5398167039,-0.009599389,0.0,0.0,0,0.0,0,0.0,-0.330191972,1.0,-0.144229946,0.0386890246,-0.031535564,-0.033559492,,0.1823781797,-1.354473343,-9261.304678,0.0331128264,12.276801298,-0.000904026,-0.000726993,-0.078815261,0.1186357412,0.0533154206,,3.0,0.0930585026,-0.660324779,-0.009990331,1.0,12.648979197,0.0685822688,1.2885057471,0,0.048781298,0.0099132499,0.0025813781,0.006085813,0.5620143464,2.4835936907,2.1525967e-09,2.1309716e-08,1.0357042023,1.0726831946,0.7004769347,0.1263094666
88895,0.2594386202,0.0276982281,28.220406472,0.0189605775,0.0631677451,0.5314989819,0.1195134134,0.0123838406,0.3255194875,0.0009450059,-0.035168486,-0.005155638,-0.0596814,0.0293512972,0.0051556383,14,-0.000387642,-0.070660522,0.016382143,0.0978417818,0.0767446784,0.071991911,0.1170645698,-0.017990697,0.0246799946,0.2943656319,0,3.2724106602,0.0528688474,1.0904754694,-0.031796611,22.142394822,68.63964687,0.4650353873,0.0,0.0,0,,0,0.0,0.4096928194,7.0,3.7664297002,-0.041328192,-0.178145152,-0.250414279,-2.763259365,0.3338742614,-0.011746869,-10166.1821,0.0588548821,12.658049273,0.0059675491,0.0272527666,0.0356806108,0.0344050069,0.158079799,0.0023147072,0.0,0.0,0.5606639729,-0.00140039,6.0,9.704232042,0.1732403105,0.0694361193,0,-0.156910843,0.03452852,0.0154848731,0.0241817906,0.7167007717,0.2610463791,1.6614675e-07,2.9005396e-07,1.6598430321,2.7550788913,0.2342820308,0.0520585543
89004,0.2264991773,0.0645388488,7.774312774,0.0,0.4332005395,0.7323992859,0.1725296989,0.0862904202,0.3244368415,-0.018129771,0.1003911648,-0.027951122,-0.275182169,0.0822987891,0.0279511218,14,0.0059211099,0.0518134715,0.1145631613,0.0928511813,0.0986954438,0.1348738343,-0.00514877,0.0322907836,0.0600293458,0.4875474385,0,1.5937634718,0.0358472159,1.2269004167,0.0543536842,12.433625548,3.7341795957,0.1999732358,0.0,0.0,1,0.0074776442,0,0.0,0.9099775591,8.0,7.1520304555,0.0261997765,-0.086392225,-0.139114229,-0.283741107,0.5742805465,0.0746077462,6393.6199811,0.0410566741,15.747258596,-0.010036393,0.0118945735,0.0315676009,-0.061051322,0.1060168077,-0.061450228,0.0,0.0006451613,0.2267443842,-0.039004339,6.0,16.942832159,0.1341507629,3.9508854337,0,-0.131569503,0.0649122968,0.0240703367,0.0366815562,0.3826585218,6.1251657794,2.381726e-10,6.9428122e-09,1.6273688932,2.6483295145,-0.032909802,0.0349249819
90238,0.090380455,-0.046613572,8.3672182317,0.0,0.056024526,0.1061254837,-1.056525497,-0.082976883,-0.239054164,0.0553338524,-0.334290664,0.0375305547,0.1232098765,-0.052356824,0.0375305547,11,0.0581385146,-0.026548673,-0.055485369,-0.126040402,0.1503565994,0.583833116,0.159258379,0.0525544288,0.1971745096,0.8264604701,1,2.5994829954,0.3757772768,2.4121496082,0.2766310166,1.0402767854,12.153778559,-0.542488848,0.0,0.0,0,,0,1.0,-0.505539181,2.0,24.364037107,0.0750072069,-0.113095865,-0.104015728,-0.771186017,-0.9484659,-0.049020845,-10696.85111,0.0457936334,11.605180548,0.0,-0.072359118,-0.118083174,0.0077440858,0.6911963234,0.0154749889,2.0,0.0022421525,0.434403609,-0.003793541,2.0,11.856519388,-0.35997272,0.9871539957,0,0.0957318355,0.0728745237,0.04002561,0.0653633461,0.3834865005,2.0518782966,6.541409e-08,2.2417844e-08,2.3444745353,5.4965608468,0.1319568443,0.0857726078
89290,0.2436435971,0.0339153362,4.9183909727,0.0,0.223122361,0.5231686367,0.126485038,0.4891216887,0.6634108668,0.0180664063,1.2755470336,-0.073787284,-0.848731884,0.0627003633,0.0737872839,14,0.0455866817,0.4544715447,0.7972874995,0.1331585526,-0.315032299,0.9108589951,2.4036808513,0.1159993845,0.131130403,0.5098706068,0,2.0505932393,-0.297325509,1.7367360645,-0.330667835,4.2585646412,5.2464571781,0.4262173402,0.0,0.0,1,1.0,0,0.0,0.959984711,5.0,45.106336257,0.255375176,0.3345126137,8.5373332417,-0.668847602,0.8969414129,0.3386277992,-1953.886066,0.0587429544,14.784817469,-0.001043895,0.0156640779,0.0300088261,0.0629548433,0.1973316118,-0.031932708,0.0,0.0003638128,-0.097447079,0.0301031184,6.0,16.134297801,-0.163492824,3.6411439532,0,-0.101630079,0.0730897337,0.0383193704,0.0392195205,0.6932622826,23.227264712,4.744776e-10,4.6360258e-09,1.7454235035,3.0465032066,0.020860146,0.0557997615
89006,0.4591956334,0.0361399374,4.3625418805,0.0161504482,0.6447272169,0.5666556854,0.0685723956,-0.079137781,0.1855368882,-0.024484621,-0.026558401,-0.019774417,-0.630952381,0.058942517,0.0197744167,14,-0.003774072,-0.028037383,-0.029887532,0.0907861676,-0.006476104,0.1077643228,0.0253119922,-0.013299888,-0.142804189,0.183685849,0,0.8388662811,-0.086234944,0.5904190762,-0.102747491,19.967346939,7.2077457377,0.0821147784,0.0,0.0,0,,0,1.0,0.3917153183,4.0,24.395292476,0.0132674533,-0.114584576,0.2647994504,-0.285340312,-0.269502006,0.0622784966,49474.25451,0.0457936334,18.015363712,0.0024297169,0.0961391205,0.2948265368,-0.022334573,0.0313149571,0.0358211837,2.0,0.0002388345,-0.183674668,-0.011151567,2.0,18.366930621,-0.274149039,1.4337460534,0,0.0957318355,0.0324706137,0.0147811777,0.0190955087,0.2316515994,1.2444634682,3.061123e-11,1.8982223e-08,0.8433599688,0.7112560369,0.1078730966,0.0235367481
89110,0.3288288689,0.0257248164,4.9735580834,0.0,0.1433974331,0.3716518626,0.1180265515,0.1374880457,0.5160030132,0.0232830534,0.1854443082,-0.065820284,-1.135231667,0.0549284426,0.0658202837,14,0.0001842854,0.0899470899,0.1584797089,-0.226470706,-0.013555307,0.5603405384,0.0756463568,0.0245522344,0.1177689206,0.4028982996,0,2.5227810914,-0.00283575,2.2418766135,0.0239093648,3.5023195221,4.9875565611,0.3238951597,0.0,0.0,0,,0,0.0,0.7281781792,5.0,7.1404826495,0.0359107792,-0.048258607,-0.036784538,-0.60471113,0.4090498311,0.0472373997,-3264.685739,0.0410566741,13.950345165,-0.000756423,0.0133705588,0.0201228002,0.0115264452,0.1001470379,0.0021821302,0.0,0.0,1.6712695035,-0.087319092,7.0,14.187280372,0.4057732328,1.2221820072,0,-0.131569503,0.0435637049,0.0158791368,0.0276106812,0.4278727946,2.1406696485,3.4437876e-09,2.3315842e-08,1.0942193711,1.1973160321,-0.012546733,0.0326647767
88970,1.1917431045,0.0428528317,-10.2110044,0.0,8.1440996486,0.4662483114,0.0319504789,0.0439018559,0.044927352,0.4895525912,0.0095790498,-0.007545047,-1.6091863,0.1118110215,0.007545047,14,-0.003350157,-0.064102564,-0.065533073,-0.068181412,0.9945380011,0.1420583717,-0.097406717,-0.002401994,0.3598292336,0.5540071419,0,0.8461133989,-0.05927247,0.8422240581,-0.05538349,0.5711316421,0.0781678712,0.0077068891,0.0,0.0,0,,0,0.0,0.458465232,5.0,0.2433903336,1.85568e-05,-0.107852598,0.2715202036,2.0410769824,,0.0322733803,-5380.614298,0.0286434127,11.908018954,0.0003885851,0.0017604984,0.0133122272,0.0005050357,0.0592013154,-0.028184917,3.0,0.0010288066,8.6410052323,0.0250686244,3.0,11.933146856,0.1118270261,0.5551337815,0,0.0654744878,0.0214408245,0.0117664142,0.0186003205,0.5802375153,1.790034553,2.9672393e-08,4.0555157e-08,0.2516015009,0.0633033153,0.3594020101,0.0219206989
89258,1.0152100885,0.0332732251,-10.99481089,0.0248880807,14.559695586,1.3156413048,0.0053228442,0.0476563343,0.0185738629,-0.01775599,0.0408190832,-0.024061088,-13.16800584,0.4714152472,0.0240610877,14,0.0,0.020610284,0.3064706876,0.2086481221,0.1551918567,,,,0.1840240376,,0,51.70644176,0.1839453188,44.355703986,0.1839453188,0.8506883329,0.8407523608,0.0028164928,0.0,0.0,1,0.1267719881,1,0.0,0.3431600431,8.0,0.0276296702,0.0556955707,-0.043183345,0.1640181756,,-0.01828967,0.3729314494,31483.442502,0.0331128264,17.356295275,0.0010704747,0.0019207296,0.0351125279,0.0372531607,0.0974531064,,1.0,-0.000918515,0.3234495134,0.0022122634,2.0,17.665098307,-0.066525645,1.4622699849,0,0.048781298,0.0341203772,0.0152140361,0.0184790974,0.1784402496,1.0508187609,7.619584e-11,1.9592442e-08,1.3429716315,1.803572803,0.051080061,0.0235485749
88994,0.1871654655,-0.017057183,4.2295204575,0.0066273132,0.1341759316,0.2500344041,-0.031937512,-0.076257205,0.2493024014,0.0156318964,-0.082784572,0.0320381154,0.642462845,-0.02801579,0.0320381154,14,-0.022699841,-0.153846154,0.1213578041,-0.501305411,0.0082103022,0.0989679322,-0.159080888,-0.00132391,-0.073965239,0.7743932706,0,2.2668874172,-0.006042795,1.958013245,0.0115985871,1.518741751,6.1185749734,-0.066163938,0.0,0.0,1,1.0,0,0.0,0.4306396703,3.0,-9.901195315,0.094549991,-0.236408305,0.1598073224,1.4970957746,0.1809489431,0.0451774528,-2976.039903,0.0318276958,11.221211234,0.0,-0.005978898,-0.007879855,-0.013895349,0.4544385249,0.0305264055,0.0,-0.00619992,-0.045534212,-0.008078202,1.0,8.9124665839,-0.173009412,0.2498819562,0,-0.095378135,0.0624999367,0.0281070751,0.0370495847,1.0813657279,3.1674954801,2.9628096e-07,4.0192357e-08,0.5877426417,0.3454414128,-0.062744187,0.0828364089
89031,0.091990797,0.0141920026,15.012478032,0.0,0.040087883,0.1172275949,0.3251268865,0.2492620399,0.7042767991,0.0052347084,0.4053203447,-0.09296779,-0.778893463,0.0252460607,0.0929677903,14,0.0432299625,0.1690721649,0.1936719606,-0.173056962,-0.029213451,0.2396849854,-0.087135764,0.0554110337,0.1915973677,0.660923196,0,4.3733149845,0.0377912758,3.8002377006,0.0178060837,2.0276432383,5.3530177322,0.5009086472,0.0,0.0,1,1.0,0,0.0,0.964401414,5.0,-0.02428422,0.0116472607,-0.208686732,-1.885619167,0.2749308327,-2.46012854,0.1610542091,-584.0119735,0.0506976226,13.775013169,0.0022358962,0.0071693542,0.0098840043,0.0051048146,0.4469474463,0.0295958866,0.0,-0.002724177,2.4360388541,-0.120076891,5.0,15.444899544,0.0045862377,4.4586399447,0,-0.060001469,0.0366436839,0.0183292056,0.0286728712,0.3152168892,6.7216588268,1.005393e-09,6.7497778e-09,1.7351799401,3.0108494246,-0.082844932,0.0627996977
89002,0.1312838722,0.0269274432,5.1439655076,0.0,0.9659575295,0.2905175712,0.0653706136,0.5300199173,0.157363754,0.2378661494,0.4232584004,-0.050891432,-1.734709614,0.0736387378,0.0508914316,14,0.0131609443,0.25,0.2277987147,-0.125852212,-0.050239932,0.5594466324,-0.225520574,0.0335480503,1.8002912028,0.5071389256,0,2.1909147959,-0.049452089,2.1559452305,-0.064623947,3.3059445333,0.4594447284,0.0536033228,0.0,0.0,1,0.5165475939,0,0.0,2.1310155522,4.0,-73.63106159,-0.020501726,0.2067679385,-0.634764709,-3.225558437,1.2276666346,-0.404819065,14716.695696,0.1473165608,16.301904207,-0.001329404,0.0065701691,0.0655538388,0.0170556054,0.0727773866,-0.039254445,0.0,0.0001158391,0.6227619364,0.0539417663,7.0,17.500161585,-0.316168303,3.3698280737,0,-0.258063742,0.0525440611,0.0255908713,0.0261972856,0.3923567474,8.7686294226,9.061844e-11,6.1946536e-09,1.0431752168,1.088214533,0.1611004886,0.0298981027
89014,0.1736964154,0.0642908332,20.181333333,0.0154705607,0.5103432278,0.4857941345,0.1392316321,0.0461560244,0.2960498372,-0.015671642,0.064746811,-0.005673955,-0.05907781,0.0680889948,0.0056739552,15,0.0159147523,-0.025,0.0532235389,0.0483832678,0.0076592617,0.2126556017,0.0340237985,0.0341214781,-0.00477707,0.3393744756,0,1.5079291045,0.0344657215,0.6571828358,-0.033787376,20.80952381,5.0520231214,0.1683047833,0.0,0.0,0,,0,0.0,1.0774946921,8.0,-4.420631413,-0.039273006,-0.089988219,-0.177019289,-13.33311632,-0.194018272,-0.021956783,1279.3358389,0.0604618429,16.25627453,0.0002831658,0.0254495159,0.0897999024,-0.001667486,0.0341047503,0.0188358047,2.0,-0.000366569,0.9054852922,-0.007233177,6.0,16.252524686,0.1267350813,1.3318022848,0,-0.156910843,0.0176554509,0.0143345586,0.0174956825,0.4313707791,3.762294354,1.378203e-10,1.758817e-08,0.9260556816,0.8575791255,0.0088270537,0.0203318352
90176,1.3264655531,-0.081685818,-0.807784521,0.0,0.1290479463,0.7289139111,-0.077471483,0.3278025572,0.3554267023,0.9278601166,-0.143629678,-0.086735476,-1.354748603,0.0289779298,0.086735476,12,0.0243727965,-0.143928036,-0.079525809,-1.276423988,-0.065222331,0.5075418417,0.0306449562,0.1110912875,0.4029511136,0.6456226542,0,8.1885600266,2.3914823417,7.3182573994,2.7284936688,1.2925264436,6.8637200737,1.1333022605,0.0,0.0,0,,0,1.0,0.4119492519,4.0,-0.267249437,-0.07337928,-0.113749615,1.0153224201,-13.33311632,0.1893793801,0.0578387963,-1490.087311,0.1187585399,10.252362575,0.0034308415,0.0296694503,0.0338158602,0.1280109607,0.5320692047,-0.072165932,0.0,0.0564783432,-0.598369422,-0.0084945,3.0,6.9334230257,-0.12675159,0.0356978245,0,-0.051660395,0.1449873745,0.0714461132,0.0741486774,1.6105192378,0.2210045043,0.0001049881,1.0000006092,0.7409640886,0.5490277805,2.8223223692,0.0997855409
89167,0.3325629063,-0.081382889,27.201329329,0.0,0.4988033901,1.5819898486,0.0782616584,0.3097262785,0.6356784628,0.0066913302,1.2243143255,-0.096658749,-0.871881194,-0.010426679,0.0966587487,14,0.0,1.2559659091,0.4095585098,-0.317851391,-0.018724736,0.6132860793,-0.387706293,0.0353441157,-0.191632383,0.2971524115,0,1.9580721237,0.0475633373,1.9580721237,0.0475633373,123.68868869,5.1891903242,-0.172406588,0.0,0.0,1,0.4127322009,1,0.0,0.9562884724,4.0,-10.05400156,0.5207043639,-1.18550024,4.1105856755,0.7958091411,0.1119278668,0.9841455994,-3843.884918,0.0288563477,12.922647004,-0.008621919,0.0151030894,0.0367989538,0.0157141196,0.0723641994,0.0001675473,1.0,0.0088170463,0.7157717963,0.0985595449,2.0,14.457776969,-0.2954754,2.9622276862,0,-0.111549313,0.0366893634,0.0157972908,0.0398086002,0.3896599441,4.2064871817,4.2263467e-09,1.1508098e-08,1.2364304772,1.5287603251,0.2055076934,0.0655423505
89036,0.2997569514,0.0276016225,11.145902221,0.0,0.069778275,0.3024076522,0.1369483223,0.0196581918,0.5303139026,0.0397108464,-0.316466866,-0.022443887,-0.297586058,0.0358154805,0.0224438874,14,0.0054942822,0.0053022269,0.0340644906,0.0320306336,0.01836967,0.6560843609,0.1895614249,-0.002389562,0.1514667764,0.3607984826,0,3.1502024877,0.28196067,2.5709285508,0.2940784278,5.3462243457,4.3248295392,0.4375006181,0.0,0.0,0,,0,0.0,0.7368421053,8.0,-10.01003879,-0.014658546,-0.077259925,0.2723988082,0.2579980448,0.3587132319,0.109008723,-1937.434943,0.0318276958,13.869436983,0.0037207599,0.0240890323,0.0292509217,0.0036204512,0.1749396657,-0.000504544,2.0,0.0002534854,1.1836754408,0.0311371703,4.0,14.793001893,-0.507393963,2.6194186093,0,-0.095378135,0.0569882505,0.0531360907,0.0414890175,0.6740056654,18.83388136,1.5364594e-09,5.344035e-09,1.083076992,1.1730557705,-0.066233685,0.0467476316
89044,0.3499755268,0.0399278729,2.4678320515,0.0,0.0337706497,0.2166230925,0.4787491529,0.1738112249,0.4257032098,0.0223083747,-0.050875274,-0.052507288,-0.467284151,0.0585855351,0.0525072885,14,0.0,-0.011019284,-0.012715247,-0.094901134,0.028227809,0.2310914855,0.1188692623,0.0154137228,0.2012515589,0.8293741758,0,12.868905392,0.2378035669,12.868905392,0.2378035669,0.8674825054,2.6550828363,1.278760096,0.0,0.0,0,,0,0.0,0.4776931528,5.0,-10.14830176,-0.025622517,-2.452485433,4.1279982961,-0.959470099,0.1350332415,1.053157813,-3772.037798,0.0288563477,12.948305647,0.0003095957,0.0077889984,0.0085478399,0.0046898397,0.6573935229,0.0203401635,0.0,-0.001,-0.046027729,0.0067860624,5.0,12.893572066,0.6892801084,0.8652836471,0,-0.111549313,0.0339116193,0.0200846361,0.0394719795,0.4078659703,1.6465798541,1.4204731e-08,3.3677454e-08,1.686559783,2.8444839015,-0.02266197,0.0484816755
89215,0.2806849921,0.036337505,16.680227776,0.0,0.4652922513,1.1333544975,0.1029162353,0.1514300091,0.5337704353,0.01364891,0.13576525,0.0086944237,0.1667519644,0.0302781547,0.0086944237,14,0.0,-0.052631579,0.0239282636,-0.268599219,0.0394362412,0.4864051095,-0.240209723,0.0295575735,0.1783716509,0.287051631,0,1.5854062088,-0.033373427,1.5854062088,-0.033373427,46.821846613,4.7476262487,0.1230516099,0.0,0.0,1,1.0,0,0.0,1.4236711337,4.0,-10.12681525,-0.09604117,-2.494097728,4.0587077613,0.3002560939,0.0397660219,1.0248504326,-3320.297158,0.0288563477,14.348624746,-0.006396127,0.0407273722,0.1168144481,0.0826348445,0.0318421059,-0.00306626,5.0,0.0039986671,0.3783214522,-0.010645686,3.0,15.582111136,0.0079214081,3.7315456735,0,-0.111549313,0.0218327567,0.0125779303,0.0265168099,0.310958939,4.546674961,5.556515e-10,7.5193242e-09,1.0525732243,1.1079103925,0.3309099983,0.0476952657
89070,0.3387890733,0.0374128959,6.5091248968,0.0077205337,0.1616895894,0.2428019531,0.1791586348,0.005646828,0.3891718682,-0.000588928,-0.051333638,-0.034628655,-0.462019164,0.0546983708,0.0346286553,14,0.009835912,0.0526315789,0.010792923,0.0369513684,-3.213846e-06,0.2915890751,-0.003879664,0.019716928,0.0354914011,0.3816312392,0,4.1319845857,0.0154501986,3.0057803468,-0.007183976,2.755808468,5.1236706501,0.3428651879,0.0,0.0,0,0.0,0,0.0,0.5820589777,6.0,-10.04533689,-0.010831841,-0.029930573,0.3114309301,-0.896083436,0.3426923517,0.1278916133,16133.269097,0.0318276958,16.95183102,-0.004890962,0.0008160565,0.0021927875,0.034295795,0.0678254418,-0.210856298,1.0,0.0008516981,0.4217895627,0.096816957,6.0,17.18183339,0.1558855649,1.4853367062,0,-0.095378135,0.0258133654,0.0096703342,0.0160779218,0.2739448623,2.2071410752,4.438242e-11,1.3057739e-08,0.7294039693,0.5320301504,0.0425963213,0.0240052048
89327,0.2054450958,0.051719152,224.91106207,0.0,0.8067725934,2.7095756089,0.1226531451,0.1606480991,0.5121253839,-0.072842516,0.249713877,0.0136254472,0.2482142857,0.0388817196,0.0136254472,13,0.0579816694,0.0921052632,0.099870663,-0.010019447,0.0023515592,0.0355987055,-0.045573801,0.1167002012,-0.093151243,0.4890770985,0,1.2262991067,-0.077233705,0.3752761502,-0.081679776,1031.9492386,22.344630617,0.0880099202,0.0,0.0,1,0.452924709,0,0.0,1.8611903791,3.0,0.0018794484,-0.029381827,-0.044081448,-0.313099855,-0.187871215,0.0882411244,-0.039634401,-4888.032642,0.5457032371,14.110307919,0.0054011945,0.0221472446,0.1392439489,0.1023425521,0.0017384327,-0.015664024,3.0,0.0002464572,3.5594064806,-0.081962143,4.0,15.65444655,-0.177116441,4.9249578669,0,-0.191138643,0.0841170698,0.0330155977,0.037119082,0.3659561559,7.2589375704,8.369473e-10,5.5594179e-09,1.4656524579,2.1481371273,-0.057453116,0.0352122353
89277,-0.094944716,-0.367651573,23.498347948,0.0,0.2533557754,0.0039412344,-1.948671525,2.1112116695,0.0774063032,0.5100293435,3.7472192595,-0.529527965,-0.597623015,-0.147934532,0.5786463093,14,0.0,0.0,0.7972805933,,0.0,0.0002750069,-0.761094135,0.6163878933,2.5676308821,0.610093342,0,0.4393939394,-0.755701903,0.2776292254,-0.771823859,0.1019992985,,-2.397076628,0.0,0.0,1,0.2854226215,1,0.0,-0.046649012,2.0,35.65782501,-0.053151487,-0.20862324,-8.915347392,-10.63842252,-0.42660587,-8.905286516,-5178.446007,0.0248274717,11.866648038,0.0,0.0961391205,-0.296897769,-0.000595625,0.1188830148,-2.298439717,1.0,0.0893601126,-0.253209692,0.0093498155,4.0,12.008913825,-0.333979901,0.9310366293,0,-0.25352422,0.0955413803,0.0411208344,0.0637144846,0.6277911858,4.7748442641,4.1740808e-08,1.897129e-08,1.7690654341,3.1295925101,0.4214899286,0.0956066576
90175,0.5096032262,-0.020094715,1.5462061171,0.0138388129,0.3494774186,0.7445786861,-0.005542436,2.3874659401,0.504075023,1.251001596,2.4097004297,-0.023888581,-0.66509434,-0.006729834,0.0238885809,13,,1.6666666667,2.3555317292,-0.764381924,-0.175422572,0.4299233889,0.1695694174,,2.904324798,,0,3.2356336919,0.8667681244,,,3.6587486415,4.2142346209,0.0444600412,0.0,0.0,1,0.0001688904,1,0.0,0.8850028806,4.0,-4.054477671,-0.053551073,1.4740690676,0.9427849441,2.389742661,0.1452645008,-0.051810369,-2490.64799,0.2359138598,15.011685933,0.0080024236,-0.004143177,-0.014264424,0.277007755,0.1422326981,-0.201682849,1.0,-0.000419639,-0.382884179,0.0914304387,1.0,15.898023852,0.5133637042,2.4688592743,0,-0.179026286,0.0556475744,0.029089714,0.0438650469,0.2683301916,2.7960694558,6.877935e-10,9.8452544e-09,1.9909948372,3.9640604417,-0.028880343,0.0574949427
89413,0.6009490486,0.0458437675,-5.530348605,0.0274890029,0.8030117099,3.0134973469,0.0598437644,0.030976175,0.7580065537,-0.005291954,0.0376476398,-0.030439104,-0.918190374,0.0879370736,0.030439104,13,0.020359591,0.0,-0.015864166,0.0222316566,-0.025019831,0.2741585926,0.0265740326,0.0621877037,0.0221942653,0.5142890231,0,2.1812825908,0.1147390975,0.2900984966,0.1609734329,85.009128054,62.363520408,0.1421993785,0.0,0.0,1,1.0,0,0.0,1.747061907,4.0,1.3999143477,-0.101124049,-0.180331042,0.3401172777,-0.92286179,0.162830517,0.455310231,-4843.31664,0.1116949983,12.484838184,-0.001460922,0.0129321893,0.0314791611,0.021952956,0.0128438669,-0.004572705,2.0,-0.001926782,2.2373203202,-0.161980212,6.0,13.488525514,0.6686986021,2.3400881326,0,-0.152504436,0.0501392707,0.0218322561,0.0350182302,0.4068021626,5.208262704,8.3610173e-09,1.1081881e-08,0.8736328021,0.7632342728,-0.597689043,0.0620990796
89203,0.181066286,-0.000961196,7.3157357673,0.0,0.4561662436,0.2467924919,0.0300341961,0.0816557592,0.1973034614,-0.006442377,0.1450475449,-0.061697623,-33.80952381,0.0368705362,0.0616976234,14,0.0,0.1071428571,-0.162060408,-0.365598275,0.0050625043,0.2220018208,-0.252280061,0.0531558048,-0.051099067,0.48417731,0,1.0822578492,0.2103497183,1.0822578492,0.2103497183,4.9769309755,0.8092368025,0.037464639,0.0,0.0,0,,0,0.0,0.6091536559,4.0,0.7657558981,-0.103457848,-0.017227445,-0.154372139,-1.216938349,0.2383944448,0.0042782086,-387.3315993,0.0772902197,14.075578723,0.007705991,0.0003183288,0.001137383,0.0294984592,0.0266707317,-0.101722599,0.0,0.0041721563,0.2091176025,0.2235087496,4.0,15.250844159,-0.122791526,3.3352604916,0,-0.045482084,0.0376765728,0.0148342556,0.0308695613,0.3643825202,4.6574478602,8.484773e-10,8.6928672e-09,0.9456971589,0.8943431164,0.0035691198,0.0488632272
89179,0.7197644563,0.0759822766,-0.661119577,0.0144271648,1.1222885875,2.1925402523,0.1246301127,0.041804799,0.2936407355,-0.085803719,0.0863102677,-0.013304889,-0.316081403,0.0999988612,0.0133048886,14,0.0,0.0684647303,0.0401360113,-0.353492136,0.1074678854,0.35755799,-0.082943168,0.0046966403,-0.020750892,0.4667625957,0,1.7185630339,-0.055292396,1.7185630339,-0.055292396,3.4286848078,8.2744287634,0.0896492847,0.0,0.0,0,0.0,1,0.0,0.6821184565,5.0,-0.01636369,0.0571818208,0.0046711014,-0.131427457,1.1074484164,1.000833932,0.0015150634,24032.633022,0.0331128264,17.426857971,0.0002981073,0.0101892512,0.0283922888,0.0367939413,0.3365508634,-0.001466451,0.0,0.0027142857,0.6639039628,-0.002405052,6.0,17.615145519,0.0913361952,1.2790270505,0,0.048781298,0.0381387956,0.0153052069,0.0194355477,0.2871935175,2.0378590979,4.872947e-11,1.5955223e-08,0.5107600027,0.2608757803,0.0872526304,0.026579409
90223,0.402201618,0.0304931538,1.7666277879,0.0457458909,0.1140382348,0.6851164826,0.1705936825,0.0108561916,0.4395310125,0.0060527454,0.1476751395,-0.043310298,-0.729292929,0.0527315952,0.0433102985,11,-0.005686726,0.1739130435,0.1262151653,0.0232685723,0.0270320812,0.4060008393,-0.118598283,0.0171045331,-0.022194932,0.7467175724,0,3.9734716026,-0.173751098,3.534064874,-0.178136981,2.4755375506,9.2850225413,0.5092084753,0.0,0.0,1,1.0,0,0.0,0.5445396274,6.0,-355.6218991,0.1985203182,-0.006463943,-1.957213908,-0.737073159,-0.723397809,-0.084636698,-2955.438758,0.2277833408,11.641596904,-0.062299301,0.0961391205,0.5310078596,0.0273651139,0.3068122884,0.0114450115,2.0,-0.026737968,0.9199601985,0.0458282111,5.0,10.375254634,-0.439593267,0.4700293897,0,-0.166303822,0.0555555485,0.020646199,0.0386233042,0.7637945557,2.5729702051,4.9505451e-08,3.0198845e-08,0.5309843873,0.2819444195,0.4357440487,0.0601645102
14043,0.8558185095,0.0427408563,-0.047436283,0.0,0.733952547,0.8054663491,0.0315509253,0.1748015277,0.1259952793,0.0015135051,0.3455638519,0.1710790745,5.9046163819,-0.209627504,0.1710790745,9,0.1450367135,0.1153846154,0.2825091618,0.4079267565,-0.001179884,0.1049918069,0.2350285635,0.251229055,0.0610192946,0.559913031,0,32.093463074,0.389619307,9.6389221557,-0.072473953,2.1778725499,64.778449785,0.0749401769,0.0,0.0,1,0.1372688429,0,0.0,0.1705424264,3.0,-0.416993586,0.0554547477,-0.449689414,-0.000768925,-2.461754375,-0.63755421,0.003796599,-1256.288814,0.0665802826,12.950181887,0.0058871102,0.0121548293,0.0226283358,0.1035493468,0.1932924956,0.0070474356,2.0,0.0030932391,0.2448109348,0.0110027529,3.0,13.469714025,-0.35862773,1.7517337383,0,-0.105045736,0.0363223255,0.0211274152,0.0368717347,0.6821248299,6.780069652,6.0439915e-09,1.2359028e-08,1.0210120887,1.0424656853,-0.116600833,0.0406226421
89244,-0.467861017,0.0700281484,7.3950885091,-2.9815e-05,2.0582739939,1.0505720121,0.260140911,0.0754160424,0.6078558851,0.0050331408,0.005510216,-0.09094845,-1.34795787,0.1644231422,0.0909484501,14,-0.005852705,-0.16,-0.141641287,-0.023345105,-0.039607375,0.6595311453,0.278583317,-0.003729068,-0.057515757,0.2519254085,0,1.1344667533,0.2426044584,1.0485796886,0.3196444794,4.9132039892,46.305256571,0.0511433954,0.0,0.0,1,1.0,0,0.0,-0.49845045,5.0,-0.013582808,-0.267014414,-0.146350967,-1.213515993,-0.734454155,0.0861686338,0.0733861775,-1612.634319,0.1781425674,13.622218955,-0.005366001,0.0162469234,-0.01611087,-0.196873379,0.1521411287,-0.00899325,0.0,0.0109717868,0.014947362,0.2535581589,4.0,15.953969319,-0.834932359,9.8670935927,0,0.0765612683,0.0551724285,0.0241886081,0.0444880941,0.3516578758,7.173498072,7.942319e-10,4.1875006e-09,1.5515205303,2.4072159558,-0.511718294,0.1529626872
93302,2.5924269673,0.2831439033,-5.218330086,0.0,2.6725062383,0.7373302067,0.0467197405,0.3216294361,0.111121285,0.3628139879,0.2965120338,0.1666552897,2.7726630325,-0.561495227,0.1666552897,7,0.0,0.0843373494,-0.441251302,-0.148664998,0.3495126726,0.0001360403,-0.761094135,0.248641491,0.3438607153,0.3323217988,0,1.7093132291,1.3264439799,1.7093132291,1.3264439799,1.2856625129,5.2706285714,0.1339673812,0.0,0.0,1,0.9316972536,0,0.0,0.1109545114,3.0,3.3424385305,-0.218813663,-0.082903181,4.1384483732,-1.647078312,-1.336518621,-0.46984642,-5056.624926,0.0446872923,10.093175441,-0.002161178,0.009022818,0.0146167957,,0.1533207236,13.766666667,0.0,-0.036108035,-0.448464217,-0.091232384,2.0,8.5803721035,0.2375758146,1.3388688327,0,-0.101630079,0.1028469726,0.0562448014,0.0863205013,0.8006555932,0.548521982,4.4210675e-06,1.9626063e-07,1.5346509983,2.3551536866,-0.106553639,0.1115874315
89269,0.2835917405,0.0435794647,0.6713404868,0.0,0.6418214447,2.6928206548,0.1116803279,0.6541523815,0.5267333466,0.0704640359,0.7267016673,-0.203900804,-3.563432836,0.1988719602,0.2039008039,14,0.0,0.5227272727,0.524394594,-0.603612499,-0.057469841,0.1820224719,0.2256349224,0.026399286,0.413243158,0.4585739979,0,1.0462068966,-0.093885342,1.0462068966,-0.093885342,9.266927812,18.157894737,0.1119870955,0.0,0.0,1,0.0878378378,0,0.0,1.4780708258,4.0,-0.012585051,0.1120182215,0.4589336439,-0.567600172,1.520502201,1.581098862,0.1003881624,-3511.065228,0.0331128264,16.172821206,0.0110723797,0.0131016804,0.0474226804,0.2272687593,0.2495219885,0.0019498178,2.0,0.0005531993,0.362763649,0.0663092923,4.0,17.837415136,0.0821851238,3.7792710087,0,0.048781298,0.0612471923,0.020878483,0.0273251514,0.3193037579,5.5481841089,9.902554e-11,6.5380124e-09,1.020537281,1.0414963419,-0.01895294,0.0388164353
89168,1.0083399004,0.0274165321,-26.3271252,0.0154205692,4.045311281,0.2471128994,0.0205340231,0.0165465611,0.044745393,-0.12228246,0.0467821738,-0.012736571,-2.328607322,0.0912588695,0.0127365714,14,-0.004469334,-0.034722222,0.0059489234,-0.172812749,0.0007536686,0.0775178026,0.1423325473,-0.005408958,-0.089017804,0.5399298993,0,1.0149785817,0.0178055355,1.0084576811,0.0246926398,1.6551428666,0.0702640463,0.0088283138,0.0,0.0,0,,0,0.0,0.2009690827,6.0,-0.014161199,0.0019266642,-0.069361537,0.1597762672,43.250901134,,0.0048701793,-4899.047077,0.0286812661,12.145663061,-0.000221703,0.0005502838,0.0026469589,-0.000747903,0.029543005,-0.002983363,0.0,-0.000788644,0.2118188957,0.034854644,5.0,11.759312775,-0.139724542,0.6010907156,0,0.0654744878,0.0213414431,0.013385264,0.0212559197,0.3241661159,0.6636406828,3.1975575e-08,5.0780779e-08,0.346731848,0.1202229744,0.0413607813,0.0158872839
89195,0.6671332627,0.0749484152,-33.85731438,0.0268323319,13.678003895,0.6766516656,0.0056239347,0.0523345345,0.0072817609,-0.004403794,0.0536405621,-0.009168729,-1.712088104,0.2032667054,0.0091687293,14,,0.0054759329,0.1281222354,0.1128559127,0.196473658,0.2871907828,-0.06565026,,0.0516103716,,0,,,,,1.7374600505,0.6686085651,0.0064556047,0.0,0.0,1,0.0358253612,0,0.0,0.1565452649,7.0,1.385923068,0.0075545189,-0.08238464,0.2325896621,0.2253634708,-0.338507508,0.1752621712,8206.020986,0.0558672041,16.333374962,-0.000335917,0.0013515052,0.0309901583,0.0544540239,0.0314488771,0.0013864649,1.0,-0.000844951,0.1523331089,0.0240976699,2.0,16.481143043,-0.130094184,1.4415640572,0,-0.168614603,0.0322420448,0.0162301694,0.0192505013,0.2360623205,1.4295050767,2.079855e-10,1.7290822e-08,1.3188877935,1.7394650118,-0.001873543,0.0210620883
89217,0.1720829096,0.0424276468,50.760762007,0.0015117843,0.5120139115,0.8457487114,0.1181908875,0.4308502016,0.8527124372,0.0032125206,0.4719882507,-0.031812508,-0.435713056,0.0609139264,0.0318125084,14,0.1450367135,0.3449279634,0.5158828079,-0.572861586,-0.144428208,0.2035844221,0.2579527441,0.295671127,0.3210034263,0.431894209,0,1.266619397,-0.122187709,0.2776292254,-0.585483251,94.045733775,16.977296598,0.156947007,0.0,0.0,0,0.0,0,0.0,3.0797939593,4.0,-0.008419507,0.2797443223,0.208741252,-0.346462041,0.167641018,0.2473662173,-0.017602194,4585.6519984,0.5457032371,16.256040827,5.90167e-05,0.0147491239,0.0526265667,0.0004140478,0.0128760663,0.0004396878,0.0,-0.000685907,3.9655639757,-0.169719181,4.0,17.03542692,-0.601300888,2.3833360524,0,-0.191138643,0.0254952423,0.0112396087,0.018859949,0.2573993879,2.0951316504,8.513076e-11,1.1925549e-08,0.8033381222,0.6453521385,-0.165105399,0.03347936
90643,0.1487345803,-0.009917892,-2.286888792,0.0,2.7407906289,3.4050045084,0.0635611775,-0.02182985,0.175140615,0.004293381,0.0322353622,-0.057129447,-16.83008763,0.1570010999,0.0571294473,10,0.0061741912,0.0928988327,0.0968994358,0.028855081,0.2656352166,0.1971458599,-0.003269743,0.0461344575,-0.502246138,0.3547663856,0,1.5440244769,-0.069052584,1.1003801341,-0.09919945,23.685150976,11.09293692,0.0711884973,0.0,0.0,1,1.0,0,1.0,1.1866395191,5.0,3.7970989611,0.1534186948,-0.014585797,-0.361118319,-2.968884343,-0.721992789,0.1159029334,-10280.90728,0.0588548821,11.261965605,-0.005243726,0.0089415272,0.0956549475,-0.288716819,0.066059287,-0.000257517,3.0,0.0,2.3585208177,-0.021765392,2.0,11.473870107,-0.116708375,1.0037447749,0,-0.156910843,0.0952380821,0.0350732727,0.0615084882,0.5131780736,1.8623453109,1.0847259e-07,2.9089997e-08,2.7836079571,7.7484732589,0.1618937117,0.0771319266
89230,0.4077094188,-0.055252707,0.334869118,0.0066824336,1.4967330046,0.8124192274,0.0300927929,-0.0540813,0.2217020587,0.0227597058,-0.041935803,-0.05932865,-2.315038226,0.0726594222,0.0593286496,14,0.0001426516,-0.443181818,-0.145484878,0.0050867156,-0.06387384,0.737923584,-0.140039819,-0.016168532,-0.117137094,0.1784653163,0,2.3757635882,0.0861964005,1.8959430783,0.1516774395,6.2184961962,5.5538954658,0.0325513736,0.0,0.0,1,0.6177813816,1,0.0,0.9226679207,4.0,47.575307253,-0.081427647,-0.651805058,-8.412693257,0.1720029339,0.5733941298,-8.684692562,-2360.951957,0.0248274717,15.031865881,-0.009415178,-0.000211535,-0.000651817,-0.007458554,0.1384752284,0.0028112715,0.0,-0.00145379,1.81014391,-0.112117028,5.0,16.720272609,-0.125736221,6.8433812908,0,-0.25352422,0.019985728,0.0350235663,0.0226555886,0.8934452086,38.920771586,1.118984e-10,3.7626495e-09,0.4757804172,0.2263670054,0.5046272371,0.0516202054
89307,1.0221494285,0.0418621529,-15.0391674,0.0277166151,0.2944203258,1.5702343611,0.065479383,-0.136938451,0.144930202,0.0047587041,-0.435879389,-0.049601907,-1.683744238,0.1123473117,0.0496019066,13,-0.002467918,-0.08974359,-0.232066793,-0.055734946,0.0264040632,1.1420580352,0.1835017907,-0.005353365,0.018529315,0.2065480919,0,1.8740817248,-0.258892846,1.8740817248,-0.254958325,74.596568689,4.7035735876,0.1663186064,0.0,0.0,0,,0,0.0,0.2151854299,6.0,-10.09700712,-0.089402165,-2.531209739,4.8001721977,-1.446429996,-0.251627764,1.1069195896,-3104.665998,0.0288563477,13.627745952,-0.001020876,0.0085477488,0.0111500238,-0.05614501,0.0336841177,-0.000203053,2.0,-0.000389105,1.1101947262,0.0598354805,4.0,13.85792027,0.1813956162,1.3037804331,0,-0.111549313,0.1064674109,0.0298508048,0.0278503287,0.5835051282,4.2545965925,2.9576828e-09,1.8451568e-08,0.9654966729,0.9321838255,0.0709347334,0.0240484374
89252,1.1152981828,-0.390237809,-5.958801115,0.0,1.5156620113,6.55252805,-0.011345272,-0.093547256,0.1585508224,0.0078991216,0.1014492236,-0.19056202,-1.3510523,0.1369938804,0.1905620198,14,0.0,0.0,0.0274432116,-0.03132343,-0.099304666,0.0892364202,0.1228418494,0.0785247965,-0.2693361,0.5145191159,0,0.5653924008,-0.256076042,0.5653924008,-0.256076042,28.127572885,25.893985035,-0.161484092,0.0,0.0,1,1.0,0,0.0,0.2849525417,3.0,-355.6597549,0.1832278722,-0.180376987,-1.244117344,-1.54146212,0.2766021907,-0.000374413,-2833.266968,0.2277833408,11.701160195,0.0025286146,-0.049023819,-0.12031626,0.0675350862,0.0969381318,-0.010524415,0.0,0.0,0.0436648737,0.1045356591,3.0,11.439927352,-0.023234348,0.7424401682,0,-0.166303822,0.0548523702,0.0294827292,0.0441107894,0.3583555334,1.3593354286,5.6430876e-08,2.5851939e-08,1.3698689233,1.876540867,0.0735291744,0.0518757242
89262,1.0975487311,0.0474460007,-53.13777163,0.0295055298,9.0668906993,0.3499623789,0.0168399406,0.0338765751,0.026591408,-0.069764997,0.0488609126,-0.004763304,-1.003732554,0.0950690962,0.0047633038,14,0.0,-0.004975124,-0.066196865,-0.20393402,-0.055079566,0.1015978809,0.0136739567,0.0005544935,-0.075260795,0.4071777924,0,0.8816915962,0.1088651607,0.8816915962,0.1088651607,2.4195368645,0.0634136881,0.0063914792,0.0,0.0,0,,0,0.0,0.220268061,5.0,-0.015564515,-0.001237663,-0.048725158,0.1773258302,0.129087416,,0.015531455,-5368.608862,0.0286434127,11.848918138,0.0001433822,0.0011830921,0.0115215448,0.0067071797,0.0161949286,-0.064958611,2.0,0.0013071895,-0.104072299,-0.019221774,4.0,10.250301876,-0.025315584,0.3252317349,0,0.0654744878,0.0131061468,0.0225814258,0.0177353087,0.8195223811,2.4510253946,3.4565977e-08,4.3114989e-08,0.351982359,0.123891581,-0.290937504,0.0183497495
90125,-0.011137959,-0.103170768,12.125453646,0.0,0.1249831517,0.0872856978,-2.651993835,-0.450988474,0.4091824278,0.0154833799,-0.096100808,-0.082020735,-0.127680591,-0.089997863,0.0820207355,11,0.0022720992,0.14,1.5635801873,0.2288462938,-0.054832131,0.5974576271,0.6389715987,0.0045182872,-1.161202836,0.7917498989,0,2.2301733678,-0.512820079,2.1411287348,-0.523312107,1.0949769053,7.9637072585,-0.780289218,0.0,0.0,1,1.0,0,1.0,1.053052291,2.0,50.88031012,0.3863965235,-0.06862324,-8.831540635,0.7189230211,-0.42660587,-8.847349847,-5243.180957,0.0248274717,13.168734786,0.0,-0.012428911,-0.052142981,0.0146228293,0.7534572214,0.00089311,2.0,0.0026595745,-0.278393877,0.0934106582,4.0,12.274419992,0.6531681396,0.3869686786,0,-0.25352422,0.0491453037,0.0199816153,0.0441973694,0.2590128488,0.4540445791,1.4946853e-08,6.0684323e-08,2.091527215,4.374486091,0.0008296713,0.0881659019
90081,0.5217832247,-0.068777806,0.5621467478,0.0,0.1840966425,0.5064229345,-0.367162459,0.0022453506,0.4173959455,0.0369652598,0.163948533,-0.058148192,-0.596117603,-0.027778145,0.0581481924,11,0.0182184188,0.1176470588,0.0475105236,-0.103124873,0.0111921816,0.9137577002,-0.045599703,0.0178615797,-0.044585534,0.8805287339,0,4.56272838,-0.176556861,4.0847398643,-0.192409369,0.9629310132,7.016072551,-0.351341627,0.0,0.0,1,1.0,0,1.0,0.5382780514,4.0,-10.1070007,0.0446726812,0.0350849072,0.4944250815,-0.645012474,0.1809489431,0.0454150975,-2959.810943,0.0318276958,11.935156686,-0.000374101,-0.010154493,-0.014137147,0.0253697382,0.6288973484,-0.008530349,2.0,0.00382263,-0.109328792,0.0394163411,4.0,12.131544393,-0.137080576,0.9384141059,0,-0.095378135,0.0496323481,0.0197921585,0.0371738473,0.4756061208,1.7714822185,3.4389272e-08,2.7559431e-08,1.0313777405,1.0637400436,0.1062711087,0.0461079545
91379,1.1073312326,-0.519867651,-2.527323544,0.0,1.1156911535,0.0433521611,-0.272284027,0.3878616165,-0.092529078,0.0,5.2346570397,-0.162680322,-0.598437859,-0.208759167,0.1626803222,12,0.0,0.0,0.0461095101,-3.604593249,-5.711523044,0.0656363636,2.4859950082,0.260140173,-0.296189464,0.7189378962,0,1.4076658793,-0.755701903,1.4076658793,-0.771823859,0.0895853899,0.0406312962,-0.833402923,0.0,0.0,0,,0,0.0,-0.094200698,2.0,-2.078237276,-0.070769042,-0.18748076,2.2440232621,-0.348997139,0.5354687929,-0.571375263,-2491.760085,0.0279332649,9.6453449044,-5.2826e-05,-0.058114723,-0.059565161,0.0073723478,0.3401826484,3.1963003587,0.0,0.0053124271,-0.464343574,0.0579521745,3.0,8.9475108681,0.9551820732,0.6686084519,0,-0.500704589,0.3387096822,0.1131541982,0.10072337,1.4743792479,20.140488851,3.9605411e-06,1.893908e-08,0.6867660766,0.4716476439,0.7906912112,0.1034113593
12840,0.3548026053,-0.153767471,4.1300489642,0.0585940366,0.3862931112,0.408116319,-0.211417878,0.0558181818,0.2743409091,0.1751271567,0.0193214346,-0.159591404,-0.748832866,-0.038621335,0.1595914036,12,0.0228177235,-0.081481481,0.030450719,-3.701815015,2.2489026118,0.2153616704,0.3781968456,0.1703181818,0.0986465125,0.5309032633,0,0.6851249504,0.5058954447,0.5128917096,0.3936696528,4.8178907721,79.450310559,-0.100852598,0.0,0.0,1,1.0,0,0.0,0.5470262794,4.0,0.6786979959,0.0841122332,-0.104765025,0.6459862508,-0.703189674,-1.718180733,0.122433625,-14745.9961,0.0739470786,11.218287171,0.0,-0.088166673,-0.195666985,-0.026744384,0.0551105984,0.4993385649,0.0,-0.787671233,-0.135495505,0.1110564135,2.0,10.455136848,0.1141974961,0.4925094994,0,-0.13824669,0.0818307251,0.0371149934,0.0635976622,0.4557139795,1.486241815,1.3703557e-07,3.2146604e-08,0.4682671561,0.2192741295,-2.532741672,0.0899110649
89297,0.0510297851,0.0004853658,5.1303367386,0.0330170517,0.4128842723,0.2314183762,0.0663818475,0.0088385527,0.2914974288,-0.019753243,0.207211779,-0.095260259,-33.80952381,0.0444843507,0.0952602586,13,0.0,0.0991501416,0.092028542,0.0116772294,0.0210210045,0.192595652,0.0210430449,0.0827783303,-0.566938168,0.6622109809,0,5.6576659115,1.2947761614,5.6576659115,1.2947761614,1.3204176657,11.484269697,0.1133891045,0.0,0.0,1,0.6645274702,0,0.0,0.8794420441,6.0,-0.337046626,-0.027250164,0.0593512639,4.4598754596,-0.165840957,-2.22008071,0.7669023575,-13187.6743,0.0314049921,14.375333373,0.0014404795,0.0046307966,0.1424129073,0.0059689945,0.3080519419,0.1282744486,2.0,0.000736377,0.7388402064,0.1168879357,3.0,15.274310128,0.3840506702,2.557923751,0,-0.107492679,0.0171663333,0.0099948685,0.0246579335,0.3131133151,2.4817568968,5.676366e-10,1.2790838e-08,0.9866844231,0.9735461507,0.0210688463,0.0310676043
89353,0.5145939935,0.0815943817,-1.350912345,0.0,1.0804642568,1.1836272282,0.0691347637,0.0665306122,0.2300680272,0.0483241821,0.0180214724,-0.067285536,-1.274314214,0.1855712622,0.0672855356,13,-0.000263348,0.0303030303,0.0691049439,0.0148413781,0.0507626057,0.0433135705,-0.05045909,0.082585034,0.1850984067,0.5203370328,0,0.6198347107,0.0999718257,0.5960743802,0.1081779647,8.2161016949,42.772058824,0.1261637849,0.0,0.0,1,1.056402439,1,0.0,0.7230552952,8.0,0.0562213772,0.0626720645,0.0093830637,-0.023822199,-0.415537258,-1.089383853,0.0522308189,-1376.807268,0.0725156293,15.667964881,0.0091719416,0.0238066611,0.0708915145,0.0194602323,0.1317198045,-0.057318655,4.0,0.0007760962,0.5531480475,-0.011161944,7.0,17.243359632,-0.413237735,4.5375693895,0,0.0348146487,0.0455258451,0.0200693716,0.0336949544,0.334357329,9.3543492809,1.158913e-10,4.5538475e-09,0.8783486955,0.771496431,0.1892913718,0.0408032491
91015,0.9031616392,0.0770865308,-32.19939665,0.0529347824,12.184018781,0.6515589213,0.0211882835,0.077768368,0.0422580568,0.0074411906,0.0828135056,0.0024654771,0.4076416337,0.0456628515,0.0024654771,12,0.0023268239,0.313253012,0.0481146255,-0.13565281,0.0180535519,0.1057712487,0.0726567409,0.002783207,0.0162506857,0.6975202742,0,1.2131337526,0.1137919756,1.2065128199,0.1118124364,1.9372206788,0.0531133833,0.0078888967,0.0,0.0,0,,0,0.0,0.5833561894,4.0,-0.047860422,0.0011853748,0.269502978,-0.017061262,-0.711179921,,-0.03387479,-5400.022041,0.0286434127,11.640145069,0.0006692036,0.001523275,0.0215335837,0.0514592019,0.0623955288,-0.044333293,4.0,0.0142227516,0.6160291745,0.0199523508,2.0,10.057208163,0.1868625886,0.1887067071,0,0.0654744878,0.0108489767,0.0056081269,0.010307754,0.9291584776,0.492022369,9.8712859e-08,1.5801218e-07,0.2471089718,0.0610628439,0.1693402468,0.0265303203
92174,0.4557457487,0.0662131091,0.6439443564,0.0224940767,0.38421546,0.585765013,0.1684117059,0.1600084613,0.7781941255,0.0728021262,0.0452407881,-0.152128597,-1.796761401,0.1851822677,0.1521285972,13,0.0,0.0194174757,0.0998808497,-0.431320801,0.0040286154,1.4334415584,0.174538017,-0.002326846,0.2783403916,0.4150683825,0,1.2885078645,0.1190113735,1.2885078645,0.1190113735,2.3569290368,4.5082519367,0.2275452587,0.0,0.0,0,,0,0.0,1.5741115817,6.0,-10.17106325,0.1204577042,-2.422048673,4.2337685179,-0.0017495,-0.19597507,1.1797545456,-4188.720638,0.0288563477,11.186217997,0.0019370856,0.0315085688,0.0527602625,0.0168655942,0.3046053255,0.0008630105,0.0,0.006530498,2.8855005833,0.1413854444,5.0,10.216003678,-0.214485477,0.375180238,0,-0.111549313,0.0257069152,0.0315485999,0.0286789469,0.8934491691,2.0065478548,9.5713624e-08,5.5909515e-08,0.9030168878,0.8154394996,-0.829870823,0.06987357
12496,0.3892585916,-0.365324795,1.4945353505,0.0,0.1075171048,0.0,-2.082940706,-0.368588584,0.0,0.0086565945,0.2481004295,-0.249212895,-0.437796993,-0.205386698,0.2492128952,7,0.0,-0.142857143,-0.744329897,0.0,0.0,0.5489242956,2.4859950082,0.0237466541,-0.444412852,0.8480268962,0,3.1479618846,-0.516067107,3.1479618846,-0.516067107,0.0,,-2.876708303,0.0,0.0,0,,0,0.0,0.0,1.0,,-0.164424791,-0.310097673,1.2044130499,-1.654909849,-2.065658247,-0.113737891,-5048.895017,0.0446872923,11.436747025,0.0,-0.300690069,-0.506315045,0.0739910934,0.3149588113,13.766666667,0.0,-0.019230769,5.1500235479,-0.06338172,4.0,11.534210149,1.3574927177,5.3989476942,0,-0.101630079,0.2113401145,0.1131541982,0.1321902001,1.2169817697,59.461686501,4.9706536e-08,1.647276e-09,2.4097036802,5.8066718263,-0.111383886,0.1244549642
89393,0.0900108593,0.0129271162,9.0211345008,0.0,0.2519025201,0.2667151224,0.0744670443,0.3037540625,0.3336541302,0.0135722314,0.2745625033,0.0401494433,0.9382194086,0.0007986449,0.0401494433,13,0.0672505901,0.0528577568,0.2583330628,,0.0896933315,0.3604870726,-0.004364424,0.0880869193,0.3930431379,0.4040780987,0,1.4796249109,0.0420592972,0.6814352456,0.0854871403,3.4222379167,,0.0691590649,0.0,0.0,1,0.0305902628,0,0.0,1.3165539484,5.0,-0.307225012,-0.089145319,-0.006738211,-0.578746484,-0.264129552,0.3660212338,-0.092543509,18966.893661,0.1328736255,17.467719763,-0.003752547,0.0030484126,0.0144837174,0.0074531489,0.2631677828,6.86711e-05,2.0,0.0,0.4328388369,-0.111150681,6.0,18.734862128,-0.532582079,8.1010003136,0,-0.090489243,0.0418777093,0.0340315627,0.0305814491,0.4656507896,25.437325585,1.108875e-11,2.6228864e-09,1.3257569731,1.7576315516,0.1169525943,0.0624334693
89409,-0.268235339,0.0316558468,21.277883345,0.0411885734,1.0302539245,0.8963460951,0.1085222765,-0.061078863,0.2200983473,0.0022075339,0.0049122807,-0.092864498,-2.305871212,0.1046501528,0.0928644979,13,-0.000457648,-0.042684187,-0.015799348,-0.063712795,-0.027280542,0.1420248132,0.0709323578,0.0473989722,0.2542753014,0.4072857255,0,0.7157232704,-0.220721857,0.6784067086,-0.229892048,20.326988443,22.050884956,0.0912378952,0.0,0.0,1,0.4599760027,0,0.0,-0.657134847,4.0,-0.346589102,-0.135479505,-0.102280155,-0.936992682,-0.153190343,0.7211200769,0.0113079987,1664.0605411,0.1328736255,14.836097267,-0.00140983,0.0084526612,-0.024579125,0.0106690392,0.0413432402,-0.011292486,0.0,-0.002140182,0.0891777869,0.0086233802,6.0,15.345625862,0.1990879664,1.8956506493,0,-0.090489243,0.0230115559,0.0161394163,0.0233038475,0.5285929378,5.1030646006,5.312058e-10,1.1144042e-08,0.7333993893,0.5378746642,-0.029143011,0.0248509499
90192,0.8501575121,0.0880985141,-2.988335708,0.0,3.9370307992,1.8844587302,0.0896749169,0.0680769113,0.1715220249,0.0100755159,0.0562008381,-0.075739435,-3.9844479,0.4391224539,0.0757394351,11,-0.003251888,0.0195842639,0.0214630524,0.5928916238,0.0705961146,0.0604704813,0.0286803312,0.1251795922,0.1267477756,0.5221220092,0,0.7623089983,-0.213192407,0.6330645161,-0.223734436,5.6001628664,66.444444444,0.0848393844,0.0,0.0,1,1.1522017535,0,0.0,0.8015253314,5.0,0.0290414369,0.069176986,-0.001335703,0.3117413194,-0.565107856,-1.117884031,0.3057820106,-5561.496578,0.0725156293,10.37540432,-0.00187548,0.0008395333,0.004558315,-0.031271646,0.0661453695,0.3007667136,0.0,-0.005190311,-0.459581669,-0.113831947,4.0,13.431898263,-0.034803243,7.3157756865,0,-0.154112032,0.1854838878,0.1201593026,0.1428257653,0.6809174502,47.62693933,1.908003e-08,1.9203201e-09,1.623048773,2.6342873196,-0.956415591,0.1157025935
89332,2.5924269673,-0.0259718,-15.1436323,0.0,2.4819255036,6.8196942759,0.0076647991,-0.066957244,0.0837484433,0.0044162296,-0.118723549,-0.0375051,-9.895184136,0.23102394,0.0375051002,13,-0.000934138,-0.050511945,-0.060076763,0.0578361704,-0.018637776,0.0600103874,-0.009267128,-0.001276463,-0.0328415,0.5582662611,1,0.4539983244,0.024950154,0.4235129174,0.0200725673,18.392896121,16.665048544,0.1169535421,0.0,0.0,0,,0,0.0,0.124418925,4.0,3.69137954,-0.330653397,-0.121238049,2.8096647812,-1.025851948,0.4203911707,0.1512376976,-2169.713509,0.0889184991,9.8830562874,-0.000993789,0.0047073842,0.0073223705,-0.024103195,0.0499860628,0.0039555889,3.0,0.0038650326,-0.405825896,0.0003902042,2.0,8.4843683503,0.2325423903,0.2869084362,0,-0.017965162,0.048818782,0.021917147,0.035024631,1.3222878696,4.993146178,2.3864819e-06,4.8551483e-08,0.4852476979,0.2354653283,-2.532741672,0.063744725
89424,1.834065583,0.0636624679,-17.74455938,0.0512538672,14.559695586,0.7909333966,0.0207540085,-0.029108195,0.0333615557,0.0,-0.033921382,0.0019912039,0.539360605,0.0293254407,0.0019912039,13,-0.004550961,-0.0625,-0.080872816,-0.132412846,1.039894627,0.0441194006,0.0815532002,-0.005333897,0.0125777805,0.6505046308,0,1.2436770661,-0.004815496,1.2269213371,-0.000444122,1.0841757912,0.0570153435,0.0057033303,0.0,0.0,0,,0,0.0,0.3223101553,4.0,0.7081438764,-0.000231302,-0.106250034,0.9138426821,-1.024257451,,-0.050212201,-5452.788709,0.0286434127,11.161026756,4.15956e-05,0.0015692082,0.0144107111,0.0033181083,0.071605487,-0.003149405,0.0,0.0033819181,-0.585923811,0.0176819281,1.0,8.2513900585,0.0153785704,0.0915124477,0,0.0654744878,0.0490565561,0.0216018022,0.0308214921,1.5016986316,0.6980691924,1.7951329e-06,1.6984753e-07,0.3040051902,0.0924191557,0.750329826,0.0284510216
89387,0.1186304215,0.0483444557,16.861045079,0.037493387,0.0272326727,0.3006725563,0.762532778,0.0733892407,1.0551905246,0.0044806882,-0.209278526,-0.062848238,-0.183140948,0.0571983052,0.0628482375,13,-0.001647043,0.0007256894,0.0193116701,0.1127722865,-0.014423129,0.2150947826,0.2063875352,-0.007121707,0.1693494687,0.7436358621,0,4.4885193547,0.3234626146,4.4097241341,0.329262702,5.9354109291,4.9677779395,1.6230229252,0.0,0.0,0,,0,0.0,1.4134072551,4.0,-10.12855263,-0.122159667,-2.44074046,3.8966531908,-1.408914016,0.4611727895,1.0517705831,-3553.474808,0.0288563477,13.450274724,-0.039708665,0.0361570142,0.0440241399,-0.018290811,0.3931360124,-0.002935175,0.0,0.0,2.7806581262,-0.129615614,5.0,14.34334378,0.6381678327,2.728966435,0,-0.111549313,0.022098342,0.0145895744,0.0221358887,0.3492863136,4.0279756248,1.4113019e-09,1.0787062e-08,0.7737589277,0.5987028781,0.0818911081,0.0405954328
89394,0.2215338978,0.0151771238,1.1333105954,0.0,0.4245017883,2.5662658271,0.0833033669,0.1785612649,0.873576698,0.0105949128,0.2578729759,-0.206651431,-8.129658911,0.1385619639,0.2066514315,13,-0.002397248,0.1333333333,0.1478941004,-0.033822108,-0.021700745,0.3469109485,-0.350372102,-0.002898986,0.0516473948,0.6314550462,0,1.0628495647,-0.061755638,0.9549097619,-0.038464163,8.2158642527,78.948636819,0.1211101388,0.0,0.0,0,,0,0.0,2.2725504716,3.0,1.3508772735,-0.684757167,-0.046997709,-0.039297873,0.3415673289,-0.819561027,0.5059351213,-4584.43205,0.1116949983,12.820436363,-0.001434461,-0.006456339,-0.01555085,0.088264751,0.2470750981,0.0178321596,0.0,-0.008517017,2.2909809164,-0.179987917,6.0,12.399663885,0.2022832191,0.805504032,0,-0.152504436,0.0397574231,0.021784778,0.0318044395,0.4227351521,1.2350980332,2.3993226e-08,4.5368164e-08,1.477352381,2.1825700577,0.0134960523,0.061423911
91975,0.8189196659,-0.037210972,-7.905474043,0.0,2.495235448,4.3231678278,0.0225699443,1.2886551,0.182495378,0.5640018198,1.6963471108,-0.091299318,-5.936762569,0.1837017341,0.0912993183,9,0.0,1.1247113164,1.1527279098,0.2996959134,0.099019102,0.8326636371,1.5219512322,0.0794332931,0.5585280151,0.3266447691,0,1.2915669641,-0.076387378,1.2915669641,-0.076387378,26.305109133,3.654540243,0.060060058,0.0,0.0,0,,0,0.0,0.4105438009,3.0,0.56785486,-0.174644234,0.9488020015,0.4890576783,-1.095086683,-0.349017621,0.2699986342,1864.2581873,0.0767661838,15.416573328,-0.002199767,7.41775e-05,0.0003038915,0.277007755,0.0487996616,-0.048714613,1.0,-0.000727008,0.9823692365,0.0255114781,3.0,15.473088016,0.1687002621,1.1643965129,0,-0.045482084,0.0280374326,0.0137662678,0.0209490351,0.4603683689,2.3530345565,4.856028e-10,1.9467645e-08,1.6331361845,2.6671337971,-0.012496731,0.0282805886
92213,0.431795932,-0.190383995,1.1461877012,0.0,0.0918648808,0.0047946941,-2.503942652,0.5409871245,-0.547746781,0.4444858768,-0.114411248,-0.052318216,-0.118644068,-0.167796063,0.0523182164,12,0.0,0.0869565217,0.865248227,1.865248227,-1.004298737,0.091730038,-0.147737721,-0.005686695,0.828957529,0.8934911572,0,13.970819304,1.1286073176,13.970819304,1.1286073176,0.0107176332,,-1.910709293,0.0,0.0,1,1.0,0,0.0,-0.797374517,6.0,36.329567482,0.1045571309,-2.354509627,4.2098187012,-0.660852986,-0.888072133,0.8267762147,-4179.569258,0.0288563477,9.3902139071,0.0,-0.065112838,-0.078233812,0.0021021807,0.8201351586,0.2664778245,7.0,0.0998535831,-0.622251045,0.0678699387,3.0,12.322254417,0.849764688,9.8670935927,0,-0.111549313,0.1216349006,0.0355132228,0.072176634,1.1814920193,15.013365861,4.8902714e-07,8.1846408e-09,1.790662266,3.2064713509,0.2346738108,0.0954471127
12501,-0.467861017,-0.359146937,-4.7155317,0.0,5.4437348014,2.3748238469,-0.065872942,-0.083717837,0.2877789709,0.0086854726,0.0823154858,-0.167902211,-1.888086033,0.3189533783,0.1679022107,10,0.0,-0.037527594,-0.040408621,0.1579487649,-0.039009618,0.1818181818,-0.162299176,0.0697638224,0.9414352061,0.5034841994,0,0.966998971,-0.216207166,0.966998971,-0.216207166,23.981589379,12.599007618,0.0424411924,0.0,0.0,1,1.0,0,0.0,-1.22881926,3.0,-0.217289985,0.0070648997,-0.077326472,2.8273334888,-0.458869676,-2.277617903,1.0413713851,-14450.1716,0.0314049921,12.790785609,0.0071152214,0.0387100634,1.0433494835,-0.015800541,0.0125413154,0.0030229101,2.0,0.0279039585,0.1186506586,0.0518459836,3.0,12.984199749,0.0132957604,0.9997783197,0,-0.107492679,0.027503483,0.0204691713,0.0315708159,0.4915117209,1.7678153903,1.6208352e-08,3.2486388e-08,1.0851177987,1.1774806371,0.1233550019,0.0371782508
89445,0.0877198415,-0.087436011,7.5909547054,0.0,0.056306546,0.0628040134,-1.361310187,1.3499802658,0.9235626891,0.3508601953,-0.100522967,-0.398771561,-0.468202442,-0.046498257,0.3987715605,13,0.0287159509,0.2083333333,2.429376541,2.3051818381,-0.124602979,0.2814910026,-0.761094135,0.1443494277,-3.068634317,0.8487071133,0,2.6822026643,1.5199657526,2.6196020684,1.4611516444,0.5526166421,12.398599172,-1.440975425,0.0,0.0,1,1.0,0,0.0,-4.428422697,5.0,51.281660987,0.3826798436,-0.000289907,-8.732682835,20.167026099,-0.42660587,-8.803850241,-4927.278197,0.0248274717,12.107086802,0.0,-0.240731144,-0.585337915,-0.002005614,0.7516260443,-0.423273319,0.0,-0.008992806,-0.306998138,-0.005539282,4.0,13.936231555,-0.039240985,4.5800789875,0,-0.25352422,0.0630630776,0.0308751363,0.0601250538,0.2931580337,5.6773860022,6.8543132e-09,4.8996396e-09,1.6256153131,2.6426251463,0.1205100566,0.0846733604
91665,0.4969622673,0.0402248147,-1.219203095,0.0,1.2372867996,1.5664942321,0.0244592141,0.0476036334,0.1654440007,0.0083794201,0.0437757148,-0.03217176,-1.355536249,0.0947510092,0.0321717599,9,0.0198868306,-0.024785028,0.1031052011,-0.069645149,-0.1357537,0.1254966266,-0.069663591,0.1383154771,0.0535798079,0.4491322755,0,1.7068674879,-0.083348154,1.1218991571,-0.166918307,19.033971077,7.1282379758,0.1135536919,0.0,0.0,1,0.0152466478,0,0.0,0.4926897335,5.0,-0.373849423,0.1723172901,-0.078138073,-0.083323104,0.2770507893,-0.731878931,-0.201269375,-435.1123297,0.1700891678,12.532503567,0.0022161092,0.0003458025,0.0012372704,0.0610662207,0.0103987876,-0.037565841,0.0,-0.031746032,0.1376797951,0.0093474877,5.0,12.345863553,0.4528448894,0.6859005006,0,0.0482077756,0.0696056113,0.0361128178,0.04573382,0.3651670664,0.8855987923,4.6506401e-08,4.090017e-08,1.5357069806,2.3583959304,-0.003348426,0.0441324216
93016,2.5924269673,-1.190958076,-16.78878033,0.0,2.1672445425,1.6924142924,-0.322032429,-0.231754129,0.0258040365,0.0,0.1490655532,-0.316640055,-1.115597583,0.3495851696,0.3166400545,8,-0.067141499,-0.009029345,-0.325881708,0.3624443075,0.3214753432,0.0526828404,-0.01228656,-0.027529804,-0.302413046,0.3498525569,0,3.0690798758,-0.561110903,1.9880045159,-0.597361929,3.8467153285,1.5668979187,-1.424836355,0.0,0.0,1,1.0,0,1.0,0.0212269828,3.0,46.442276232,-0.075240732,-0.217652585,-1.729298426,-0.378302681,-0.42660587,-8.407766815,-5534.287599,0.0248274717,9.2510618505,-1.4232e-05,0.0254046373,0.0338415725,-0.125834579,0.0555892182,-0.403900697,3.0,1.0709818058,0.403167549,-0.128860332,5.0,8.0201521331,0.5705276933,0.2543903931,0,-0.25352422,0.2722221911,0.0960695075,0.1296486029,1.0305078386,0.8146604933,1.38549e-05,1.0040383e-07,1.0977917994,1.2051468349,0.7363269943,0.0997511722
89567,0.2028814379,-0.272646019,1.584809833,0.0,0.3453789575,1.2752125819,-1.235953163,0.7970757405,0.0491318605,1.1250069264,0.3258625031,-0.102932698,-0.161082707,-0.228727461,0.1029326979,13,0.0017680747,0.0304659498,-0.099262108,-0.087908396,-0.685222683,0.3275862069,-0.014475416,-0.246250605,3.3337725082,0.799570309,0,2.2439819005,1.840654587,2.169321267,1.9974037332,3.6065862709,68.690812721,-0.770409268,0.0,0.0,1,1.0,1,0.0,-0.001103347,3.0,-0.087808613,-0.454018759,-0.049324823,-0.051589445,-0.267532275,-0.746743788,-0.292981311,-4075.772372,0.0885157098,10.432374258,0.0,-0.078724946,-0.156768454,0.087898635,0.1812509854,-0.047247132,0.0,0.0048152456,0.5410068254,-0.228366963,2.0,10.369417298,0.8769841074,0.462962963,0,-0.101596569,0.1077844724,0.0336410985,0.0679280659,0.5952103003,0.976757635,4.9303255e-07,7.0771622e-08,1.183202362,1.3999678294,0.4840509177,0.0952821879
91152,-0.091053668,0.0392180081,15.62908556,0.0,0.8300591407,0.2373989473,0.1439338199,0.247186558,0.2224774037,0.0241906252,0.1386282145,-0.009711077,-0.164856936,0.0456833688,0.0097110768,10,0.0174299116,0.1232876712,0.1408437587,-0.123213035,-0.000739278,0.3458516825,-0.238907416,0.0320890747,-0.33275068,0.1773463747,0,2.7832273649,-0.034839276,1.8847352309,-0.102578001,3.7913023628,6.0961172963,0.060452339,0.0,1.0,1,0.5295412649,0,0.0,-0.69691003,5.0,-4.392992382,0.0228672753,0.0582994519,-0.441769372,-13.33311632,0.110974037,-0.044362409,1887.8706889,0.0604618429,16.31559519,0.0015699628,0.0169660502,-0.121189025,0.0146932919,0.0847310743,-0.00779122,1.0,0.0012711266,1.1095362032,0.0295965287,4.0,17.03574261,8.65872e-05,2.5578185067,0,-0.156910843,0.0288285948,0.0098173837,0.018547135,0.3135829875,2.5183670833,7.572725e-11,1.2073158e-08,0.8229620295,0.677266502,0.0289594826,0.0219609059
91727,1.0719505105,0.1260209997,-2.803623587,0.0,1.8738391905,8.2257963184,0.0899093096,0.1335356746,1.0487702838,0.01889701,0.128402238,-0.07467485,-1.642736473,0.3330402923,0.0746748502,8,-0.019721479,0.0851475568,-0.020906686,0.0683392449,0.164849498,0.085359898,0.0235839794,0.0775903894,0.1426223404,0.5595590433,0,2.1057730461,0.3591586454,1.4591035345,0.6335333192,34.683460038,80.625976907,0.1477687607,0.0,0.0,1,0.2642142608,0,0.0,2.8655428673,6.0,0.0056002202,-0.684757167,-0.051039155,0.5534055595,0.0346458984,0.0555612513,0.2545241715,-6569.774402,0.5457032371,12.548529612,-0.002461354,0.0062292143,0.0181707899,-0.954296447,0.1404031205,0.112388313,1.0,-0.033881897,0.7091058487,-0.113122183,4.0,13.442480304,-0.040338825,1.9496206947,0,-0.191138643,0.04945907,0.023166858,0.0341743502,0.2638287245,2.1630722043,7.0678034e-09,1.1776688e-08,1.6950918233,2.8733362895,0.1285073162,0.060499651
89753,0.5954801804,-0.039470858,0.8655663861,0.0,0.1127588906,0.5524685694,-0.079121537,0.0103754535,0.308856851,0.0341811528,0.175560894,-0.107581418,-1.920458692,0.0363312943,0.1075814182,12,0.0141353177,-0.056191467,0.1597914768,-0.323337902,0.3810692263,1.1958192799,0.4556325179,-0.006052103,-0.015811701,0.6515629831,0,5.1037148469,-0.089220888,4.569930216,-0.096037245,1.6390070619,5.8459964297,0.2229342693,0.0,0.0,0,,0,1.0,0.3578205015,5.0,-9.857136941,0.1553333747,-0.138753619,0.5681220373,-1.400028903,-0.707505579,0.1095245368,-2628.050103,0.0318276958,13.025037362,0.0003279821,-0.007240081,-0.00855909,-0.020470435,0.5340865513,-0.000229786,0.0,0.0044247788,0.9262605984,0.1352510103,4.0,13.180943084,-0.099411031,1.1477263083,0,-0.095378135,0.0868984088,0.0262758565,0.0395789799,0.3731141359,2.0195426732,7.0157023e-09,2.1228191e-08,1.9162169656,3.6718874591,-0.028938455,0.052499303
14610,0.7665485639,-0.187452055,-6.597246816,0.0,0.8168442188,1.5658067154,-0.110871798,0.5964397798,0.4896074497,-0.300897513,0.008042484,-0.059444786,-0.398089172,-0.112829422,0.0594447857,3,0.0106009868,0.4157303371,0.2447401724,0.3476250571,0.2930315008,2.4510703364,-0.244426411,0.0249524104,2.9625819725,0.1805008862,0,0.8869100265,0.2424347115,0.8623864276,0.2127240083,19.087022438,6.5510458945,-0.132383515,0.0,0.0,0,0.0,0,0.0,2.3975826154,4.0,-10.16174905,-0.684757167,-2.025735812,4.5445713331,11.514414784,-0.888072133,0.8817428563,-4194.219278,0.0288563477,9.4579158003,0.0,-0.048323848,-0.118623118,0.0233344725,0.0803409585,-0.019848942,0.0,-0.787671233,-0.5293026,-0.094395027,4.0,8.8586530093,,0.2783086479,1,-0.111549313,0.0199999809,0.0198468782,0.0548882337,1.0682113805,0.8307440998,2.5697093e-06,1.179543e-07,1.3138395012,1.7261742349,2.8223223692,0.1472471445
89471,1.3442024071,-1.270412213,-0.837814997,0.0,0.3492924202,2.2073971421,-0.631871354,-0.454458833,0.1908928683,0.0168224838,-0.35921194,-0.399912352,-0.704930247,-0.420151932,0.3999123517,13,0.0457353124,-0.094991364,-0.38739196,0.4653489741,-0.166317521,4.8043478261,2.5384615385,-0.019191034,-0.516697011,0.6973450337,0,4.411212436,-0.114665014,3.027415445,-0.294379669,2.6667688872,17.287644,-2.974384351,0.0,0.0,0,,0,1.0,0.2282681444,2.0,-1.165830995,-0.314980067,-0.064812943,1.0330592741,-13.13057439,0.1893793801,-0.391291066,-1367.123791,0.1187585399,11.101297158,0.002314907,-0.145674578,-0.18651176,-0.916543834,0.2325429243,0.351970165,0.0,-0.406447092,0.8766773239,-0.142762706,4.0,12.451838913,1.0000802048,2.8156880412,0,-0.083538135,0.0250684936,0.006645207,0.0129702918,1.0939492437,20.654162542,5.0315877e-09,5.4727369e-09,1.079720285,1.1657958938,0.6269590652,0.0890174033
89575,0.7372371869,0.0617803561,-7.136013873,0.0411136956,1.0069842071,0.8090068627,0.0509557455,0.0309217654,0.0528946629,-0.024629581,0.0399518419,-0.023152355,-0.643848772,0.1015575626,0.0231523554,13,0.0,0.0082644628,0.0430767001,0.0157323798,-0.104482986,0.4988533494,0.338644217,0.0010532423,0.0188380968,0.1705326848,0,4.5262780545,0.1882380343,4.5262780545,0.1882380343,7.7572134338,3.0679603219,0.0669092051,0.0,0.0,0,,0,0.0,0.1235466141,5.0,-0.019897684,0.046092749,-0.055529166,-0.113954726,0.3598355667,0.3563994275,0.0030737648,-8700.024588,0.0331128264,13.662469383,0.0001021131,0.0069472229,0.0185366261,0.0051980356,0.05834775,,2.0,-0.005170822,0.4701908879,-0.031383101,5.0,13.67203503,-0.020892759,0.80890179,0,0.048781298,0.0193910785,0.0101286085,0.0173705927,0.2850150579,0.8748913145,2.9610618e-09,3.1144022e-08,0.6710382733,0.4502923642,0.1829440121,0.0208991818
89453,0.3328254745,0.0301223008,21.973577517,0.0,0.3479481443,1.060263173,0.0734539532,0.1595285553,0.4073426876,-0.021393728,0.3094115763,-0.13282414,-2.795368693,0.1143252374,0.1328241401,13,0.005771473,0.1317800789,0.126670317,0.0867193796,-0.023490735,0.1301308583,-0.005623605,0.1203129309,0.0356013045,0.4335915865,0,0.61057378,0.0592788075,0.4520403986,0.0782875209,51.147001071,48.27725358,0.2928726483,0.0,0.0,1,0.9940602662,0,0.0,0.7348036718,4.0,-0.009852145,0.0452851289,0.0519893058,0.0783545916,0.2202557047,-0.293177514,0.050071387,-3055.788947,0.0885157098,13.69387242,0.0018264079,0.0108002092,0.0210309268,0.015072565,0.0271995653,0.1367408717,0.0,0.0006601532,2.8821056142,-0.109965533,5.0,14.890282048,-0.131266312,3.2191690481,0,-0.101596569,0.0243038516,0.0148368062,0.0257975576,0.2868242285,4.2450708539,1.0779578e-09,7.064982e-09,0.8864181594,0.7857371532,0.0003991447,0.0478538311
91269,0.7379263279,0.2831439033,-4.105068212,0.0,1.4200033237,0.4734933621,-0.49360976,0.4412072416,0.0315229258,0.0072900158,-0.136758861,0.2125872739,1.1450544755,-0.069368957,0.2996226767,11,0.0076396329,1.6666666667,-0.744329897,-0.6965014,-0.019637852,0.0162824942,-0.761094135,0.3131368268,-3.068634317,0.5361665536,0,0.5665856059,1.1571964301,0.4780557003,1.3002293603,1.6786188579,1.9391910739,0.3248372258,0.0,0.0,0,,0,1.0,-0.198108856,2.0,46.317999744,-0.359179834,1.4740690676,9.0316159726,-0.6988357,0.0177882971,0.2065584788,-5179.685896,0.0587429544,10.700046973,-0.01025746,-0.024338275,-0.121252897,0.1474899131,0.1307147253,-0.871406786,0.0,-0.043215123,-0.388005262,-0.06562591,2.0,9.6333938564,0.0704099963,0.2950601573,0,-0.101630079,0.0498084761,0.0254703946,0.0641832025,0.740170473,1.0976681976,5.2587661e-07,6.9876746e-08,2.9516512893,8.7122453338,-0.145733283,0.1302838342
89406,0.4236495397,0.0146223562,2.3606873326,0.0,0.6417885088,0.8104108624,0.0703435548,0.1517196812,0.3371867595,0.144241325,0.2390606955,-0.006807488,-0.463636364,0.0214018123,0.0068074882,13,0.0070744486,0.0652173913,0.0656353784,0.0029735452,0.0139048515,0.2654290015,-0.07322276,0.0084727508,0.0667782427,0.3334784289,0,2.1756854257,1.0293759277,1.5995670996,1.2372504659,6.2785787848,5.9420077973,0.085850192,0.0,0.0,1,0.4647786342,0,1.0,0.710460251,5.0,-0.069928494,0.0068004907,0.0570239904,0.5881015394,0.3525251049,0.2681525103,0.0445659751,-2628.300894,0.1879227517,14.059048938,-0.002337777,0.007685566,0.0237252862,0.0046510734,0.0597480192,0.005119378,1.0,0.0045953536,1.1096322303,0.1339837313,3.0,14.764561368,0.4289444498,1.3442582704,0,0.0081788241,0.0224128664,0.0129116299,0.0217437714,0.3268299232,1.356709881,1.9742181e-09,2.4979514e-08,1.6512383384,2.7265880503,-0.006529139,0.0370447112
89626,0.7035926985,0.0379008928,-27.33489934,0.0438629443,1.7256658828,0.1046637644,0.0236095625,0.3309585134,0.0373320216,0.0047924997,0.5495828464,-0.002597232,-0.145772336,0.0434257945,0.0025972322,13,0.0,-0.018315018,0.0618518013,-0.065336834,0.0028846813,0.4582432698,-0.011918964,0.0010704192,-0.010933689,0.0276021331,0,1.0244177871,-0.021527722,1.0244177871,-0.021527722,2.1061713358,9.1222157093,0.0322211208,0.0,0.0,0,0.0,0,0.0,0.0901402991,5.0,1.4037197106,-0.005056772,-0.106175591,0.2690490978,-0.943975889,0.229325953,0.0154212603,22678.940736,0.0558672041,17.253502752,0.0002720012,0.0048857569,0.0169294598,0.0028146757,0.0190081236,-0.003806329,1.0,0.0002156567,-0.099946941,0.0069791321,3.0,17.372433878,-0.034657834,1.2128543586,0,-0.168614603,0.0124617331,0.0128218178,0.0147612055,0.49509714,4.1405721498,4.821947e-11,1.4730066e-08,0.5617099402,0.3155180569,0.1627317354,0.026082719
89443,0.2141878506,0.0530548487,3.8232505038,0.0293613387,0.0581521952,0.2196337169,0.9227535636,0.2056024823,0.4526891915,0.0161448141,0.0905539124,0.0056742245,0.0266431796,0.0516412988,0.0056742245,13,0.0,0.2264150943,0.2402176901,0.2383157746,0.1854724752,0.3562476263,0.2721144106,0.00389588,0.2411517155,0.7843194947,0,4.3656815174,0.1279905473,4.3656815174,0.1279905473,1.1539933095,7.6477288136,0.9846298949,0.0,0.0,0,,0,0.0,0.5925671025,6.0,1.4197005041,0.034825125,0.1385545219,-0.22035575,-1.666197153,0.5898498246,0.0236367646,-6545.544454,0.0558672041,13.130605306,0.0001131094,0.0449237392,0.0563968122,0.010197131,0.4833440623,-0.015118049,0.0,-0.000224277,0.3449414228,0.003396851,4.0,12.988093681,0.0019452672,0.5603881279,0,-0.168614603,0.0367290191,0.0153740226,0.0222129702,0.468110283,0.6885079368,1.8958959e-08,7.7293555e-08,1.4576322708,2.1246918369,0.0203764229,0.0305471856
89916,0.0325427831,0.0399839475,10.438602098,0.0114253123,0.8707196766,0.3910504392,0.1332030976,0.2565071383,0.3519423024,0.0187261022,0.1943450588,-0.077668742,-1.579814098,0.1031511513,0.077668742,12,0.0,0.0751086282,0.2567654729,0.0881828173,0.0264070316,0.2561506526,-0.146811641,0.0428650485,-3.068634317,0.2397272205,0,3.265930541,0.3624738915,3.265930541,0.3624738915,4.7858496573,4.9368225965,0.0971462933,0.0,0.0,1,0.5708782793,0,0.0,-4.428422697,8.0,-0.070433736,-0.012584678,0.0353097504,4.4413884576,-0.314556352,-3.259824388,0.8255691581,-13215.33703,0.0314049921,14.269576477,4.8357e-05,0.0092629963,0.1906243106,0.0450284876,0.0125555987,-0.122772297,0.0,-0.001478353,-0.164668126,0.0274840957,4.0,15.6104821,0.0553169791,4.1929504314,0,-0.107492679,0.0389582925,0.0156066621,0.0312188506,0.2634051978,3.7904755781,5.707828e-10,6.9215291e-09,1.6408607058,2.6924238559,-0.087339865,0.0527436422
89533,-0.001907149,0.0484791794,5.5205567262,0.0419572728,0.5865958579,0.360081999,0.1892250004,0.0818704242,0.2527566453,0.0024409044,0.0736342798,-0.04206024,-0.501347816,0.0727841102,0.0420602399,13,-0.000288534,0.0181818182,-0.033317405,-0.016887168,0.0219437775,0.0536419869,-0.285858612,0.13857656,-0.844022178,0.6360932498,1,2.1187977139,0.0387926329,2.0637985326,0.0379582192,2.2431788083,22.834633988,0.1223263381,0.0,0.0,1,0.483805479,0,0.0,-4.428422697,5.0,3.7002557353,-0.429775452,-0.052544286,-1.325253297,0.6262043739,-0.562803117,-0.007002132,12893.168801,0.0889184991,16.011417113,0.0002755481,0.0103640595,-0.461556175,-0.069285777,0.2029057672,0.1196298318,2.0,-0.000753012,1.2176837014,0.0366998902,6.0,18.187838977,0.6429719077,8.7110812023,0,-0.017965162,0.1165828556,0.0324653891,0.0371429377,0.4453556674,23.408667082,3.989898e-11,2.4201738e-09,1.5984154364,2.5549319073,0.0294431904,0.0480192465
90601,0.7155908457,0.0511401019,-0.590222152,0.012105628,0.7773542537,0.4323438564,0.096407704,-0.038960006,0.0783175638,-0.003318434,-0.015642109,-0.022137528,-0.65942029,0.0848629227,0.0221375284,13,0.0,0.0956909361,0.0900031143,0.1001812313,0.0068788456,0.4691780822,0.030653492,0.0026238372,-0.063227684,0.2712298337,0,1.1409395973,0.0100002758,1.1409395973,0.0100002758,1.2306610408,8.9974293059,0.0868674129,0.0,0.0,0,0.0,0,0.0,0.1403622251,8.0,1.3732269585,-0.003325162,0.0078303636,0.2810472451,-0.846807514,-0.069818428,0.0568583884,1036.263186,0.0558672041,16.133203008,0.0009454775,0.0114011897,0.0241427572,0.0062855516,0.227357689,0.0085165413,2.0,0.0002493906,0.4406395678,0.0528503265,6.0,16.913201622,-0.127523082,1.6785662908,0,-0.168614603,0.012668238,0.0091477248,0.0173939746,0.3204238116,2.0807781773,1.169661e-10,1.5798979e-08,0.7078701314,0.5010801229,0.0063354647,0.0242373446
93069,2.5924269673,0.2831439033,-7.258098162,0.0,3.589153264,3.8088565373,0.0714741177,0.1986702128,0.1432524022,0.0,0.8244468767,0.014417993,0.4694447974,0.1605671805,0.014417993,13,-0.001026233,-0.385542169,0.2541463044,-0.672020468,-0.19667322,0.0581331339,-0.303751972,0.1690502745,0.045345842,0.4770102708,0,1.499555632,-0.437529812,1.4405120266,-0.438286979,3.1281775981,1.4797884736,0.1863954052,0.0,0.0,1,0.662525441,0,0.0,0.1662335118,3.0,-73.68347872,0.0228961171,-0.42877423,6.2088574719,-3.178479958,1.3494731679,-0.317890622,-3510.719099,0.1473165608,9.0973956346,-0.005925314,-0.00158023,-0.002302466,-0.954296447,0.2415170881,-0.372074414,0.0,-0.225454536,4.5064690167,-0.324730676,2.0,10.526639828,-0.429730146,1.5883415435,0,-0.258063742,0.0483333506,0.0467218022,0.0918447138,1.0194205843,3.8432988862,1.797226e-06,4.5218188e-08,0.4304121484,0.1852546175,0.9887451988,0.0817678783
89452,0.4852319287,-0.297778849,-3.893070175,0.0,0.9881834051,0.7010321739,-0.219199976,0.0859328839,0.1001893796,0.2331655629,-0.019439062,0.0243604829,0.1157669474,-0.332251797,0.0243604829,13,0.0560857628,0.1700680272,0.0689255266,-0.312162618,-0.490208453,0.1510960869,-0.288926734,0.1515945762,0.3901648999,0.313807651,0,1.2276500639,0.0688185326,0.8229337712,-0.079819332,8.3096978558,2.9333390676,-0.268000041,0.0,0.0,1,1.3083491461,1,1.0,0.2686690224,3.0,3.9617833013,-0.020927865,0.0625833974,-0.024620971,-1.704669422,-0.036361964,-0.373349963,-10439.3609,0.0588548821,9.9122768533,0.0,-0.066561416,-0.175977341,0.0920315055,0.0356873028,-0.003508925,0.0,-0.063636364,2.5337852769,-0.209928548,2.0,9.1347673738,-0.101748899,0.6684152303,0,-0.27769074,0.1616256684,0.061508914,0.0887341141,0.7355593264,2.1520232811,8.9424958e-07,4.0849963e-08,3.2634089699,10.649838105,0.0533811767,0.0974701483
89482,1.0615198068,0.0759552656,-23.50437368,0.0401973163,13.698859594,0.8350619808,0.0245864919,0.6459573161,0.0797905636,0.7273900526,0.6553820984,0.1370545463,7.1399454114,-0.887213573,0.1370545463,13,0.0993223255,0.0621387283,0.624762369,0.0099507218,0.0398361187,0.1386922539,0.3253170962,0.1348260471,0.7294932079,0.6247203835,0,1.1443481153,0.0257806153,0.8888893883,0.0216919351,1.4299503644,0.0850383785,0.0094015188,0.0,0.0,0,,0,0.0,1.1815977665,5.0,0.0782373187,-0.006299517,0.0183886943,0.1412969059,-1.542956725,,-1.651644787,-5099.326822,0.0286434127,13.702932745,0.0018422229,0.0022578854,0.0229317128,0.0571993246,0.0524835293,0.0749993537,0.0,0.0016299919,1.2189937319,0.0455136122,2.0,15.335732483,0.5130158661,2.9958262923,0,0.0654744878,0.0532980636,0.0179517353,0.0254395179,0.3980840113,4.3933840485,1.4626177e-09,7.9425061e-09,0.8066370865,0.6506633893,-0.106779707,0.0327522912
90313,1.2701312021,0.1472833528,-2.80411519,,1.4533901232,2.0496062381,0.034529883,0.1123642388,0.1820999386,0.1454195343,0.1264514899,-0.020347046,-0.362381492,0.2006561139,0.0203470465,12,0.0218067441,0.1238591917,0.1243261602,0.0531440991,0.0047916771,0.1882351515,0.032576976,0.0520591153,0.2759461844,0.7003989805,0,1.6104802551,-0.003489087,1.4119717116,-0.019162965,3.2606126227,1.5298615572,0.1570512205,0.0,0.0,0,,0,0.0,0.4438817821,6.0,3.7663798933,-0.023279121,0.0163745618,0.7602783027,-2.402494962,,0.1595579475,-10260.26985,0.0588548821,11.849737389,-0.000730258,0.0067457687,0.0140213675,-0.063370195,0.2209379277,-0.080218893,0.0,-0.018691589,0.8655006445,-0.0469318,4.0,10.145215706,-0.089659845,0.1635171176,0,-0.156910843,0.0455818884,0.0184087678,0.0320271847,0.5794494168,0.3185438868,1.9120071e-07,1.5899646e-07,1.2416266101,1.5416366389,0.018293167,0.0610653488
89941,0.2141774336,0.0879647711,1.7405787054,0.0,0.2725982637,0.7642907787,0.3735284225,-0.211790735,1.1080033449,-0.017410446,-0.392885811,0.144400604,0.9064334638,0.0082305589,0.144400604,13,0.0,0.004587156,-0.10211459,-0.20558773,-0.014649403,0.3359565507,-0.130310279,0.0199038344,0.2705919898,0.8041843117,0,2.1310947055,0.4818998424,2.1310947055,0.4818998424,2.5920601328,7.73665868,0.2889944163,0.0,0.0,0,,0,0.0,4.059390458,5.0,-9.979567131,-0.002715891,-2.436878993,3.9922002029,-1.217738876,-0.215546274,1.0028028369,-4048.528958,0.0288563477,11.59821278,-0.062299301,0.0961391205,0.2102052925,-0.021171084,0.4871003649,0.0089582917,3.0,0.0036275695,4.2025638057,0.0933681885,4.0,11.458849763,0.1731023697,0.734495712,0,-0.111549313,0.02628286,0.0220686083,0.032853803,0.3390570814,1.041927189,4.62969e-08,3.5291792e-08,1.2903373402,1.6649704516,-0.112712962,0.0568773655
93150,1.0480095801,0.1245167906,-2.684732594,0.0110129468,4.4856668248,0.4349016147,0.0473680838,0.015719468,0.0494622287,-0.083498815,0.0137768027,-0.004226523,-0.186357309,0.1477214046,0.0042265231,13,-0.066508804,0.037037037,0.0287573123,-0.006664832,-0.106191729,0.0393969518,-0.060560123,-0.021610556,0.0260329456,0.6715437803,0,1.6658198794,-0.231473504,1.5979599113,-0.142047664,0.4240976346,0.1899766782,0.0440876461,0.0,0.0,1,0.3032040253,0,0.0,0.1662103453,6.0,0.0892666893,0.0004614547,-0.006712997,0.1277866793,-0.273117828,,0.0681837634,3154.9686084,0.0286434127,15.757532885,-0.00341645,0.0149344581,0.0791179844,0.0162106216,0.13592414,0.4105223378,2.0,0.0029977517,1.241294995,-0.014837581,4.0,17.026357293,-0.150503301,3.4135114813,0,0.0654744878,0.0317965001,0.0118583092,0.026722829,0.2665799013,3.4040507751,1.437782e-10,7.9117928e-09,1.1694990196,1.3677279569,0.0361387689,0.025406466
14599,0.1925919922,0.0949742455,25.027067572,0.0115580213,0.4172729207,0.3730839202,0.2828812107,-0.028971652,0.2666002788,-0.161488619,0.3202290177,-0.041320867,-0.269294934,0.1205503286,0.0413208666,9,0.0,0.1052631579,0.2958060592,0.0061816162,0.0997318891,0.8307210031,-0.17614446,0.0034256124,-0.382717699,0.0842416556,0,0.9169020945,-0.440720584,0.9169020945,-0.440720584,14.464597478,11.041214215,0.2650473624,0.0,0.0,1,1.0,0,0.0,0.5096220666,6.0,0.0520697052,0.244946473,0.0398025496,-0.276859058,-1.549639263,-0.787991582,0.0367230411,-6327.720286,0.0567968909,11.957821496,0.0102502821,0.0413948093,0.0763334967,0.0247505102,0.042292809,0.0084525776,3.0,0.0085059031,2.7046332046,0.0780124553,3.0,10.704643518,-0.346919316,0.2908935386,0,-0.168614603,0.054794468,0.0189091517,0.0321508427,0.7528939442,0.7663228923,2.0666207e-07,1.076747e-07,0.4392141415,0.1929090621,0.7289804498,0.053286885
13324,0.2668522955,-0.204240064,1.6349969102,0.0151614742,0.0220307087,0.0,0.9227535636,1.7701857556,0.0,0.211562517,-0.314963797,-0.166476851,-0.212946542,-0.160747849,0.1664768507,13,0.0,0.1666666667,,,,4.743872549,1.5,0.0,3.3337725082,0.9776618784,0,17.416911333,3.0515057148,17.416911333,3.0515057148,0.0,,-7.533062783,0.0,0.0,0,,0,0.0,0.0,3.0,,-0.029412831,-0.041956573,-8.55355038,,-0.42660587,-8.918099833,-5470.064767,0.0248274717,10.62498355,0.0,-0.220660445,-0.237656938,0.0,0.9734194038,0.0333333333,0.0,-0.021367521,0.3138169981,-0.097814988,3.0,10.486343433,-0.392896983,0.8909210118,0,-0.25352422,0.1059602425,0.043926934,0.0724557685,0.7783489119,3.876844274,1.5146044e-07,1.751456e-08,2.5484230923,6.4944602576,0.0776372591,0.119643419
90067,1.5439006601,0.0990101697,-5.191795239,0.0,1.7476730436,0.7149710795,0.050300512,0.0311087825,0.1054391239,-0.014905112,0.0083399833,-0.026950365,-0.882443946,0.1863810947,0.0269503647,11,0.0,0.1746599857,0.1580749619,-0.242483255,-0.084162731,0.0289902036,0.1135513822,0.1412196396,0.0581560689,0.5456347583,0,4.6016256247,-0.246166188,4.6016256247,-0.246166188,3.4290336695,4.8468950668,0.1030293108,0.0,0.0,0,0.0,1,0.0,0.1813385229,5.0,-0.662006293,0.0282247173,0.1036442882,0.4953685712,-13.33311632,-0.283817858,0.0862428139,-807.4517811,0.1229481469,12.959457012,-0.002410659,0.0047882071,0.0100817852,-0.104384177,0.1009501964,-0.058539536,0.0,-0.006651885,0.6873904933,-0.052819781,5.0,14.894239272,0.2777386441,7.2494542239,0,-0.401912096,0.1339386255,0.0518944275,0.0784875097,0.4262919703,9.6322938307,4.1671087e-09,3.6354743e-09,2.9830121576,8.8983615324,-0.018958789,0.0663678205
89876,0.170933362,0.0422985564,9.6735793423,0.0087949796,0.2404049439,0.6372973813,0.2225367772,0.0444759788,0.7158794229,-0.033552125,-0.004804125,-0.047348593,-0.450644681,0.0613601759,0.0473485932,12,0.0146211929,0.0305649617,0.0960629874,0.1427958693,-0.016805538,0.2249314764,0.0109488288,0.0382541308,0.1226619059,0.4723147204,0,4.1999185389,0.1648639819,2.4059829577,0.1717557181,8.6103840441,15.89172261,0.2430784004,0.0,0.0,1,0.3174061433,0,0.0,1.8122032563,7.0,0.9573820208,0.0596566307,0.0176178936,-0.732448771,0.1440136681,-1.61578097,0.0340881652,-821.5970747,0.1633840717,15.504820544,0.0045601445,0.041981002,0.0987945535,0.0110966362,0.1449970826,-0.00087392,1.0,0.0006619594,2.3565954714,0.0464853868,6.0,16.624080334,0.2663705007,3.6861922489,0,-0.128574987,0.0264626648,0.0112803681,0.0199416789,0.347213624,5.0994481092,1.229537e-10,7.2703504e-09,0.5703260368,0.3252717883,-0.393254323,0.0310744624
89653,0.9760251634,0.0628142397,-59.77682234,0.0308120861,6.2952253398,0.2730270906,0.0217304473,0.1383736628,0.0367181724,0.0832471044,0.1393796876,-0.002844222,-0.309231166,0.0822383603,0.002844222,12,-4.8468e-05,0.0838641189,0.0778398949,-0.096350367,0.0017083708,0.1197225508,-0.093513667,0.0034931019,0.1319273848,0.5236535379,0,1.0587150021,0.0517629166,1.057834902,0.0519906343,3.0843950579,0.0531300078,0.0122351183,0.0,0.0,0,,0,0.0,0.2719962246,5.0,-0.019813478,0.0012888685,0.0401140849,0.0558022625,0.3627698447,,0.0027007191,-4326.280462,0.0286434127,14.091520366,0.0001331582,0.0023549337,0.0176579352,0.0001270717,0.0144981345,0.0085534183,0.0,-0.001025641,1.157436766,-0.041814842,6.0,13.744904702,-0.148106429,0.6828113179,0,0.0654744878,0.0240601264,0.0104325682,0.0170642183,0.4180954296,1.4137872912,2.0974244e-09,3.6628114e-08,0.9413475216,0.8861351564,0.0187775277,0.0227004247
89826,0.5369443696,0.0548748219,-9.78250319,0.0039238846,5.801616725,0.2241878268,0.0258789667,0.3572655053,0.0424659942,0.1144820528,0.3576279006,-0.001130415,-0.114468435,0.0611562569,0.001130415,12,-0.000350249,0.124015748,0.1399961936,-0.12586234,-0.020908244,0.8520267158,-0.147824847,8.9631e-05,0.4098272309,0.7208639605,0,1.2220289901,-0.002600842,1.2219841714,-0.002162005,0.4186787963,0.0393512092,0.0120755304,0.0,0.0,0,,0,0.0,0.5256786601,3.0,-0.015279236,-0.002052822,0.080265714,-0.383278531,0.7033862494,,-0.018381384,-3013.700272,0.0286434127,14.559049993,4.6262216e-06,0.0020830272,0.0238747556,0.0081360688,0.1310913241,-0.001418589,0.0,0.0001907669,0.5892674053,0.0154635385,5.0,15.520022759,-0.218161503,2.88905348,0,0.0654744878,0.0614081472,0.0273012339,0.0437543245,0.3868545733,4.7982109011,9.266709e-10,7.0802797e-09,1.593990009,2.5408041487,0.0668525291,0.0361590135
89574,0.3141421933,0.0614572666,18.046383749,0.0,0.6533909709,0.3067445497,0.1351404771,0.73538313,0.2358783737,-0.005276886,1.56442858,-0.039072298,-0.484790799,0.0912511841,0.0390722978,13,0.0,0.0951171324,0.1983771688,-0.396503537,-0.011821797,0.3815740395,-0.163348851,0.0194250427,0.0376537133,0.5554400394,0,44.355703986,-0.538817246,44.355703986,-0.538817246,11.431357538,0.4372599267,0.1494610266,0.0,0.0,1,0.7874110417,1,0.0,0.3938763117,3.0,-73.64699574,-0.101277759,0.0518850708,-0.451906388,-2.861741633,0.4743039267,-0.387206619,-664.7312943,0.1473165608,14.245449103,-0.004306911,0.0062491109,0.019374613,-0.003740951,0.0231562547,-0.000715918,0.0,-0.004157218,4.0583366486,-0.091207342,5.0,15.147151803,-0.394981919,2.5034355731,0,-0.258063742,0.0561835282,0.0234110174,0.0378597581,0.3136400301,2.2749461816,1.6982838e-09,1.2307247e-08,1.4322315831,2.0512873076,0.0387878546,0.0518376714
89506,0.2664698168,0.0377590779,175.03226929,0.0,0.2320689735,0.9240381563,0.1254431311,0.1129116198,0.2345959232,0.0160545774,0.0241339192,-0.077006183,-0.965147814,0.0742021694,0.077006183,13,,0.0595238095,0.1169587409,0.0007939738,0.0382212433,0.1220370524,0.0229537466,,0.2037914381,,0,1.4533833031,0.202441143,,,291.34898099,8.6728265463,0.351558393,0.0,0.0,1,1.1236586059,0,0.0,0.4597725662,8.0,-4.094027487,-0.259534415,-0.094270256,0.6996515347,-0.686467466,0.1391178326,0.0291216346,-4278.74543,0.2359138598,13.498576963,-0.004123657,0.0155710601,0.0293696632,-0.019724685,0.0060453776,-0.044838764,0.0,-0.006785137,3.3101850576,-0.323614605,6.0,14.183363674,0.6455181658,2.8379258318,0,-0.179026286,0.0792580247,0.0297210901,0.0394774064,0.6779282941,14.149068286,1.9730998e-09,6.0649875e-09,1.1893025515,1.4144405589,-0.007756841,0.0486739508
89546,0.7331991628,0.0491893506,0.6585730464,0.0,0.2540799865,0.3376336413,0.0786063984,0.1051253171,0.209779063,0.0080866893,0.1428929399,-0.07566759,-1.446489241,0.120341217,0.0756675899,13,0.0214458153,0.0895061728,0.0865677662,-0.45535816,0.027747522,0.0997291958,0.0105331198,0.2275272907,0.0926132502,0.5178494303,0,3.9664539007,-0.202654143,1.6526950355,-0.404134351,15.68904708,9.317255957,0.5208729207,0.0,0.0,1,1.0,0,0.0,0.279225058,4.0,-10.14187632,0.0957435367,-2.351959976,4.5112219321,-0.586158639,-0.686850648,1.1149134949,-3947.204918,0.0288563477,12.591400034,-0.003001352,0.009085203,0.0118546898,-0.018122581,0.1042053378,-0.107887756,1.0,0.0010362694,-0.088499473,0.0409242067,5.0,12.710212048,0.1325073857,0.7754975124,0,-0.111549313,0.042300351,0.0182460697,0.0328594686,0.4021858906,1.1671155262,2.0403197e-08,3.3607576e-08,1.674937997,2.805417294,-0.027721092,0.0406168877
89509,0.4847281455,0.0546270067,5.0745450424,0.0059951375,0.4550054508,0.2887509965,0.0891659538,0.2029685095,0.2354224759,0.0050601248,0.3075693137,-0.139207812,-2.192729158,0.1744092371,0.1392078119,13,0.0028798828,0.0914096916,0.2265457908,0.1059379932,-0.060856249,0.1147059163,0.1238785149,0.2491046975,0.118945614,0.522161932,0,1.2002725656,0.7478542773,1.084625422,0.8415533473,6.6057231276,6.5056053268,0.3549839396,0.0,0.0,0,0.0,0,0.0,0.4064150835,5.0,0.7002482332,-0.05960899,-0.096071068,1.6214201751,-1.753382971,-0.464531207,-0.18820686,6784.7246296,0.0279332649,16.14995033,-0.057296809,-0.096624115,-0.174278263,-0.030306458,0.1419287598,-2.297430995,0.0,-0.00107338,0.1785247956,0.0051573133,6.0,17.159331724,-0.026484768,3.017943715,0,-0.500704589,0.0477446057,0.0226793985,0.0345612725,0.2384404351,2.3130518897,1.834803e-10,9.0816969e-09,1.3659627482,1.8658542293,0.0118257,0.0391426503
89573,1.1969188057,0.1512011417,-19.67237844,0.025958145,10.375404152,0.6606910959,0.0499227124,0.0336665648,0.0464611928,0.0023399632,0.023175555,-0.019864547,-1.53318056,0.3830197927,0.019864547,13,-0.021174664,-0.113924051,0.1380999751,0.0452717303,0.0264593816,0.0775055679,-0.111330818,-0.020743626,0.1246540778,0.6676732079,0,1.1654275982,0.0108379426,1.128598173,0.0377430083,1.2628456317,0.0658443378,0.0152297552,0.0,0.0,0,,0,0.0,0.5010309838,8.0,0.0282312721,0.0067564785,-0.157674085,0.2766959048,-0.725684404,,0.3034821515,-5429.217472,0.0286434127,11.361078942,-0.000514818,0.0027960066,0.022742381,-0.017304278,0.0260902652,-0.028810534,0.0,-0.01320319,0.3098305085,-0.024374878,3.0,9.5300115435,0.1141817402,0.1872153459,0,0.0654744878,0.019273553,0.009842777,0.0099706005,0.9377529996,0.6266917485,2.1566344e-07,1.2189435e-07,0.3332854897,0.1110792177,0.074665718,0.0286651732
90436,0.0340848494,-0.05635886,8.0892669385,0.0,0.1027235527,0.0620948936,-2.045134084,0.6305345161,-0.590158459,0.097683637,0.0233365905,-0.155782948,-0.305038391,-0.039167244,0.1557829481,12,0.0017627068,-0.1,0.3747080292,0.368991859,-0.616264962,0.5970857336,0.665221989,0.0131148507,-3.068634317,0.8871554613,0,6.6302659159,0.7727838474,6.3669803954,0.8203735131,0.5554662557,8.234123948,-0.540672381,0.0,0.0,1,1.0,0,0.0,3.2843921961,5.0,48.235511548,0.0698802919,-0.30862324,-8.786317827,-0.055855458,-0.42660587,-8.796519228,-4334.158307,0.0248274717,14.124576892,0.0,-0.140536752,-0.486969679,0.0035968504,0.7794045384,0.0126685045,0.0,-0.001489203,0.655331765,-0.085447915,3.0,15.374408634,-0.378333158,3.0526044087,0,-0.25352422,0.1006979346,0.0339053683,0.0580935883,0.2430119613,3.3520377455,1.2740608e-09,8.1918865e-09,2.5012247785,6.2561253925,-0.011172362,0.079803435
90492,2.2491742039,0.1848263348,-138.9658862,7.69148e-05,4.0467045303,1.1592833815,0.0137221794,1.0736312863,0.2531958815,0.107918999,2.1184977951,-0.098847534,-2.495838535,0.6273066775,0.0988475342,11,0.0,0.4032258065,0.1698100028,0.2543395813,-0.080342514,0.0730664659,-0.422516286,0.338901483,0.29411192,0.5249682477,0,0.4694478103,-0.409591719,0.4694478103,-0.409591719,81.692682927,7.526741573,0.231762708,0.0,0.0,1,0.0034052476,1,0.0,0.377677959,3.0,0.6930097595,-0.16905149,0.2157450467,3.3858662334,2.6736168072,-0.464531207,0.2835069268,-2370.11943,0.0279332649,9.4468462294,-1.4969e-05,-0.296769481,-0.811535723,-0.495939329,0.0214116362,-6.574220879,0.0,-0.081732734,0.6025429024,-0.17465741,4.0,11.511071917,-0.08810258,3.7300840665,0,-0.500704589,0.3387096822,0.1043934745,0.1321902001,0.6206612072,8.2610915309,3.7030779e-07,7.2484423e-09,3.3482519805,11.210791325,-0.0078655,0.1624271313
16852,0.4989044423,-0.610106879,1.1206622137,0.0,0.1059471231,0.5635097647,-2.619398585,-0.450988474,0.2262357414,0.1207577753,-0.302583026,-0.005262331,-0.007694958,-0.605412132,0.0052623311,13,0.0153942821,0.3023255814,0.2630752317,0.004668152,0.0330445777,0.5342465753,-0.118189601,0.0054657795,-0.514457174,0.8431746988,0,6.1931196247,-0.187515248,5.9061767005,-0.216804994,1.5347328244,3.7702766057,-4.5625,0.0,1.0,1,1.0,0,0.0,0.2539552646,3.0,-355.6597549,0.0608537431,0.1219485946,-1.860511084,-1.779066055,-0.723397809,-0.742780426,-3022.333248,0.2277833408,8.0243646077,0.0,-0.152490283,-0.192228806,0.0326697985,0.5903819555,-0.031326515,0.0,0.8035714286,1.1478102981,-0.078921996,4.0,10.793634055,-0.440599854,8.7258426966,0,-0.166303822,0.0598802567,0.0426526573,0.0831501453,1.1508346629,61.413279121,5.2177654e-07,1.2224569e-09,1.8705707937,3.4990350942,-0.045003511,0.081315196
92468,0.2929038116,-0.124313973,2.4539324912,0.0,0.0504369049,0.0019092676,-1.722133546,-0.079272658,-0.313321535,0.1482631449,-0.158655462,-0.057280311,-0.165011954,-0.103800682,0.0572803106,10,0.0,0.0,0.0,0.0843373494,-0.106173886,0.2038729971,0.1601038108,0.0175621091,-0.064066449,0.8855516837,0,9.1974769529,0.0975484702,9.1974769529,0.0975484702,0.0071349235,0.1511164274,-2.063070464,0.0,0.0,0,,0,0.0,-0.373935579,5.0,-10.14602362,0.0773818197,-0.3061081,0.2255697426,10.895293547,-0.696480341,0.2294270217,-5036.792229,0.0238858186,11.872997013,0.0,-0.086215245,-0.101061177,0.0,0.7832567857,3.6641284061,0.0,0.1098901099,-0.341534252,-0.005679907,5.0,11.549599871,0.5257861247,0.6435842419,0,-0.25352422,0.1241830438,0.0342565436,0.0343846414,0.6524805434,1.5270755659,1.055735e-07,5.9715197e-08,1.5454555774,2.3884329416,-0.184875042,0.0787419585
91274,1.02538194,0.0857455925,-22.4649433,0.0148829665,12.932520008,0.5726960312,0.0251979842,0.1624823306,0.04228337,0.0429664509,0.1656613483,-0.000435454,-0.066979135,0.0914887582,0.000435454,11,-0.001368289,0.045112782,0.1503606677,-0.066649413,0.0058820666,,,0.0014305604,0.1630468348,0.5177695051,0,0.8398667077,0.0543615628,0.8322970513,0.0587470271,0.9900712717,0.063248458,,0.0,0.0,0,,0,0.0,0.5850158077,7.0,0.0165833126,-0.00126578,0.001362748,0.1051590391,-0.445969675,,0.011951117,-5421.347662,0.0286434127,11.384032583,0.0001623163,0.0019925773,0.0226242965,0.0037578701,0.0573301027,0.0465303415,2.0,0.0017172295,0.2902486536,-0.022851605,2.0,9.5119216587,0.0147569686,0.1380714418,0,0.0654744878,0.0242991466,0.0081517193,0.01308658,1.0333692366,0.4941169658,6.2306308e-07,2.2688106e-07,0.2152665309,0.0463396793,0.5659638657,0.0308820188
12358,2.5924269673,-0.067852826,-12.05033497,0.0,1.8664476021,1.0976321893,-0.013784378,0.1319008342,0.0545739994,0.017796761,0.5698825271,0.0083094272,0.6126418152,-0.109422305,0.0083094272,7,0.06539827,0.0180995475,0.7587665198,0.1765188214,-0.777721869,0.0319470699,0.0410669724,0.0727340894,-0.016695434,0.5588130835,0,1.1098868725,-0.039389402,0.7785764789,-0.144855195,3.0673017824,1.0957294983,0.0164129144,0.0,0.0,0,,0,1.0,0.0598776087,1.0,-1.504143917,-0.139016174,-0.140696043,7.402578272,-3.219952908,-3.059333059,0.1441052014,-2887.749004,0.1062765098,8.4310032781,-0.001189716,-0.000147068,-0.000210837,-0.040073497,0.0068060607,-0.237356334,1.0,-0.041438229,1.0673622314,-0.090897385,2.0,7.7267422808,0.1511483428,0.2730047307,0,0.0239123439,0.1142856926,0.0525429063,0.0610963446,1.675665778,1.3471803422,8.24951e-05,9.5857235e-08,0.5207257981,0.2711553568,0.8042313508,0.1832419965
89781,0.379596227,0.0235088928,-0.355783387,0.0,1.3023745556,3.6314852981,0.0930426489,0.4909453645,0.3595147018,0.0840618256,0.6430203791,-0.26675367,-15.94296718,0.3983103997,0.2667536702,12,0.0,0.2804878049,0.4670963467,-0.331207425,-0.258822424,0.3858523731,0.239152487,0.0394197414,0.1315938302,0.7074280038,0,1.492292299,-0.053280138,1.492292299,-0.053280138,3.7781929041,16.206729415,0.0695986729,0.0,0.0,1,0.2220335275,1,0.0,1.1454212335,3.0,-0.014258257,-0.043246828,0.216694176,-0.471595686,1.174321803,2.4715304605,0.2998266019,-6998.864368,0.0331128264,14.890116829,0.0105770511,0.0080707317,0.0316415683,0.277007755,0.6129599321,-0.000404672,2.0,0.0008714597,0.4948884518,-0.060434425,3.0,16.116515652,-0.211928162,3.5378316603,0,0.048781298,0.0342088826,0.0463875802,0.0274145413,0.6864180432,34.680144462,3.77229e-10,5.0958509e-09,1.1055801085,1.2223073764,-0.048885105,0.0389166084
89698,0.570808002,-0.152062628,-1.039442396,0.0,0.7746177748,5.5984785646,-0.125459681,-0.120613994,1.2669235112,0.006300252,-0.047712093,0.0137620979,0.130115292,-0.171848301,0.0137620979,12,0.0,0.0588235294,-0.119576809,0.018046734,0.089007623,0.5649390244,0.2189489846,-0.01761643,-0.203374336,0.6615132954,0,1.7718461791,-0.077382903,1.7718461791,-0.077382903,17.011825313,7.8455702696,-0.12406966,0.0,0.0,1,1.0,0,0.0,2.9869462929,3.0,-10.10744607,0.2479559575,-2.38264262,4.3488307712,0.2760321859,-0.615316889,0.8227239772,-4130.609068,0.0288563477,11.385230921,-0.007413756,-0.014783242,-0.029570794,-0.455974898,0.2846329954,0.0058624174,0.0,0.2208835341,0.1431218452,-0.036468984,1.0,10.079013524,0.2509682288,0.1691681754,0,-0.111549313,0.0526315272,0.0213565801,0.0541040558,0.6801779352,0.2373523469,4.2664023e-07,1.8316159e-07,0.0798862922,0.0063818197,1.3624592392,0.0584221053
89796,0.4337696693,-0.137578514,0.9501329017,0.0,0.1890816879,0.7868521608,-0.929744025,0.0061730643,0.5497669167,0.0047012459,-0.346654203,0.0477621153,0.2155673904,-0.167235956,0.0477621153,12,0.0,-0.285714286,-0.371785987,-0.029627394,0.0397136882,0.5076452599,0.5437828834,-0.159971593,0.3159496614,0.8276717039,0,3.228929385,0.6014803168,3.228929385,0.6014803168,1.9822797751,6.9366987976,-0.426451187,0.0,0.0,0,,0,0.0,1.0283838315,4.0,-10.19037134,-0.563118624,-2.727180435,4.2117924386,-1.246105525,0.1119278668,0.8273363222,-4145.708578,0.0288563477,11.171233451,0.0229667613,-0.074804266,-0.122064057,-0.03620235,0.5752556771,-0.011788229,1.0,-0.103092784,0.8014142596,0.0906813834,3.0,10.210030654,0.5820196448,0.4096010651,0,-0.111549313,0.0733944252,0.0275116666,0.045586258,1.0140543799,5.3284208709,2.8971812e-07,4.3145741e-08,0.7031504214,0.4944205152,0.094901157,0.0758950746
89793,0.4097620876,0.0508086794,2.6746090411,0.0,0.1298473147,0.2693891418,0.1006487145,0.1921934838,0.1379085021,0.0054401296,0.1820025219,-0.052532883,-0.512949932,0.076870988,0.0525328826,12,0.0,-0.002680965,0.1499424681,0.0236892703,0.406899588,0.531728746,0.0399079755,0.0046195585,0.1954596094,0.4356133139,0,3.5776475625,-0.068012439,3.5776475625,-0.068012439,1.4473072862,8.8349806618,0.6489031885,0.0,0.0,1,1.0,0,0.0,0.1802011883,6.0,6.1358828923,-0.103255797,-0.155165569,-53.79610501,-2.324955772,0.0177588679,-1.185746727,-1807.571198,0.0207317787,12.852154357,-7.1719e-05,-0.010190944,-0.013022322,-0.010854329,0.3409349569,0.0181548215,0.0,-0.004868914,2.6463808217,-0.155582693,6.0,12.877172849,-0.096926645,0.7761068862,0,-0.142502855,0.0360847637,0.0156882827,0.027382492,0.3115263127,0.9138628843,9.2859246e-09,3.224473e-08,1.3647121631,1.8624392881,-0.056446912,0.0409700763
89741,0.3047020622,0.1641647566,-9.077210245,0.0,12.432641947,0.6075630243,0.0281621256,-0.033024545,0.0390501852,0.1615278991,-0.057736882,0.0023844019,0.1881619938,0.1332751887,0.0023844019,12,-0.021104325,-0.15,0.1734492296,0.2166043482,2.2489026118,0.0620592384,-0.0976336,-0.02108974,-3.068634317,0.5659548302,0,1.0128816742,-0.007147997,0.9596083098,0.016918966,0.4919662084,0.0783341466,0.0142167232,0.0,0.0,0,,0,0.0,-4.428422697,6.0,1.6555356902,0.0112643857,-0.193750034,-0.615520839,-0.992154414,,0.0537375475,-5488.706058,0.0286434127,8.2586245296,-0.002605163,0.0003467746,0.0155615697,0.0065266648,0.0692267175,-0.003732748,2.0,0.0121766135,-0.387277585,0.1520386655,1.0,6.7285448939,-0.664923176,0.6245059289,0,0.0654744878,0.1348167807,0.0715470197,0.0738499818,2.1904643941,0.5506086457,0.0001049881,5.0000003021,0.3990240094,0.1592201601,1.0643098224,0.1601805675
14925,0.0917682694,-0.12711452,7.3558787027,0.0,0.0444887071,0.0,-4.084671533,1.0971223022,0.0,-0.81675762,0.6285858078,-0.529527965,-0.514709063,-0.061687524,0.5786463093,5,0.0,0.125,,,,0.338658147,-0.099239155,0.0336436733,1.4370208105,0.9511683987,0,3.0767748153,-0.078213213,3.0767748153,-0.078213213,0.0,0.0,-3.49990427,0.0,0.0,0,,0,0.0,0.0,2.0,,-0.029412831,-0.08362324,-8.728634407,0.8395850217,-0.42660587,-8.819039508,-5474.628397,0.0248274717,10.640291749,0.0,-0.127829888,-0.145932612,0.0,0.9342012092,-1.733333333,0.0,0.0043668122,-0.361941965,-0.032440305,4.0,10.184991357,,0.544333655,1,-0.25352422,0.0590908527,0.0330783692,0.0576213137,0.8051450398,1.9066340925,2.6393315e-07,3.1547617e-08,1.6900616397,2.8563083459,0.5288601942,0.1328837203
89800,0.5842886017,0.0071160994,0.7243804472,0.0,0.2648876483,1.1284013647,0.1308141665,-0.041358222,0.3962849542,-0.057844734,0.0217868667,-0.093508079,-11.3991807,0.0882338018,0.0935080791,12,-0.001468298,0.0087463557,0.0174367878,-0.017105624,-0.002283534,1.1985586314,-0.007925871,0.0165175103,-0.067484036,0.564563045,0,2.7060891239,0.0149233576,1.9732010154,0.0286092891,5.4195170518,5.0546630442,0.1371238233,0.0,0.0,0,,0,0.0,0.5602449265,5.0,3.0682033767,-0.005426819,-0.158494175,1.39944306,-0.662677493,5.8541623052,0.1798826086,-3884.225987,0.0446872923,14.138141769,0.0017876332,0.0162918396,0.0228811556,-0.012452162,0.2706824615,-0.002150141,1.0,0.0051422695,3.5734568803,0.2535581589,6.0,14.550177482,-0.343536242,1.8740979579,0,-0.101630079,0.1060000435,0.0273700548,0.0245072398,0.5988111751,6.9263985726,1.333903e-09,1.4433946e-08,0.9731054595,0.9469342352,-0.123909895,0.040439972
93422,1.1490762389,-0.115463087,-3.036041721,0.0041166327,1.4694404876,0.9626999245,-0.113933085,-0.009598157,0.0652781333,-0.019564002,-0.052454545,-0.209177222,-4.766788767,0.4349250604,0.209177222,5,3.21481e-05,-0.235764236,0.162987942,0.0812253961,-0.778599597,0.1516345835,0.2608105346,-0.066845832,0.2069241249,0.5763281647,0,1.4883254015,0.8396160792,1.4781380131,0.8754460748,2.9431083527,7.7264086897,0.1282733511,0.0,0.0,0,0.0,0,0.0,0.1311970621,7.0,0.5951740539,-0.02451264,-0.423244996,2.2857682684,-1.405958368,1.7960653392,0.0723089637,1046.4546296,0.0279332649,15.172965972,-0.006928631,0.0025020455,0.0053448844,-0.181710248,0.05863223,0.3351110975,1.0,0.0063846768,0.0960834603,0.0534057077,5.0,17.00722417,0.4724144525,6.2605099009,0,-0.500704589,0.0567515232,0.0319505368,0.0526821752,0.3813697278,7.6547500979,4.662854e-10,4.7330077e-09,1.853779584,3.436498746,0.0332655385,0.0454240067
89799,0.7336360223,0.0765507118,-13.75952559,0.0224968422,6.5489980541,0.7515105998,0.0519674957,0.0492140757,0.1046610557,0.0142829937,0.0437943575,0.0411147344,3.8200142704,-0.2158741,0.0411147344,10,0.045899134,-0.004731861,-0.036417754,-0.121736325,0.0086866766,0.0988858399,0.0972035453,0.0483711534,0.101857074,0.6641558866,0,1.0625289587,0.0444907759,0.901737411,-0.003913421,1.6822815571,0.1441384106,0.0151244334,0.0,0.0,0,,0,0.0,1.0911617223,3.0,-0.007566367,0.0048326875,-0.048481895,-0.186586879,-1.043044999,,-0.295411741,-5352.017822,0.0286434127,12.294166041,0.0001844508,0.0026719628,0.0275898567,0.0281711644,0.0906820591,-0.015749563,0.0,-0.002711864,1.4984548826,-0.002429689,4.0,11.616129444,0.4881359576,0.4693665628,0,0.0654744878,0.022841217,0.0082705503,0.019992638,0.4623341976,1.1099321625,2.0105517e-08,4.161341e-08,0.3417833518,0.1168158595,0.6641640137,0.0397644074
90170,0.3211089064,-0.179878151,2.0151647335,0.0,0.0247293624,0.0292030159,-8.562225476,-0.33860139,0.0355296774,0.0051397455,-0.197580645,-0.016521832,-0.039896373,-0.172701665,0.0165218324,12,0.0107999857,0.3,-0.089147287,0.6608527132,-0.129153367,0.2568807339,-0.761094135,0.0154476858,-0.34743355,0.9664829321,0,13.84798995,-0.182503807,13.296482412,-0.201373786,0.0899607618,58.75,-6.445190157,0.0,0.0,0,,0,0.0,0.0375023676,3.0,57.030958809,-0.037732946,0.0913767599,-8.49929377,5.5155109476,-0.42660587,-8.930053649,-5515.177501,0.0248274717,10.447401996,0.0,-0.218516389,-0.614091791,-0.003363962,0.9120433018,13.766666667,1.0,-0.014560435,-0.507319064,-0.039940342,3.0,8.4442998394,-0.834932359,0.1386122137,0,-0.25352422,0.0611111224,0.0416241054,0.0967963205,0.9034522229,0.9084546496,2.5491227e-06,1.2419288e-07,1.6727824339,2.7982010713,-0.42998656,0.179020988
90080,0.9544340421,0.0221853441,-15.39008153,0.0197940783,2.1239289814,0.1023809278,0.0177247859,-0.06245389,0.0234788584,0.0300425949,-0.235974523,-0.000860201,-0.123334113,0.0249215538,0.0008602014,12,0.0,0.0099009901,0.1087237389,0.0119293464,0.0819031387,0.0835678109,-0.026533705,-0.00022828,0.8955737443,0.4309339435,0,0.9870131355,-0.029722273,0.9870131355,-0.029722273,0.8005800276,0.0615753942,0.0096764503,0.0,0.0,0,,0,0.0,0.1531083719,7.0,0.0227781534,0.0024976467,-0.033849044,0.0342111412,-0.173073553,,-0.054616087,-5112.912962,0.0286434127,12.785827146,2.31113e-05,0.0013359856,0.0044282904,-0.000509318,0.0154858111,0.0233073157,0.0,-0.001440922,-0.324631219,0.0003458322,3.0,12.481450017,-0.053166135,0.8028738527,0,0.0654744878,0.0134318201,0.0064903654,0.0154940957,0.4186571732,1.0669715711,9.1577915e-09,5.1179168e-08,0.3912495745,0.1530762295,0.0892067813,0.0168444249
89824,0.383120145,0.0350904435,-0.626791789,0.0,1.6335116349,2.5634992512,0.047990873,1.743315017,0.3351979245,0.1726943273,2.443118185,-0.043924445,-1.722318126,0.0955273504,0.0439244454,12,0.0,0.6029016029,0.3193148193,-0.338636451,0.0679658269,0.5159935606,0.1348596943,0.0785812157,0.5407166124,0.264242567,0,1.1036593629,-0.092423811,1.1036593629,-0.092423811,9.0198157271,9.36205676,0.081715864,0.0,0.0,0,,0,0.0,0.8893482558,4.0,-0.017715229,-0.626500644,0.3326904154,-0.135174558,0.9120464926,1.119404669,0.0065976854,-7761.838277,0.57233068,13.516322333,0.0036030996,-0.002934159,-0.011131442,0.099858527,0.0924497285,-0.04482184,0.0,-0.003900872,1.0915761715,-0.12739633,2.0,14.441000754,-0.249766094,1.6230850324,0,0.0957318355,0.0190249532,0.0131484949,0.027087849,0.3013326211,1.9597088638,2.7815405e-09,1.6651685e-08,0.9718563406,0.9445047467,-0.464616454,0.0628408943
90007,1.0073840828,0.0322486078,-10.87400763,0.0247913136,4.975596738,0.2336479187,0.027848063,-0.02703582,0.030256681,-0.01697147,-0.042581064,-0.004128297,-0.776550828,0.0572912908,0.0041282966,11,-0.001450343,0.0,0.0017962996,0.0029000261,0.0752013965,0.0763913196,-0.111342637,-0.001561888,0.0577936147,0.5082740334,0,0.8440958511,0.0937921704,0.837130133,0.0968384901,0.525648578,0.0664397209,0.0081380671,0.0,0.0,0,,0,0.0,0.195365513,8.0,0.0613794721,0.0034994819,-0.043750034,0.0871611819,-1.234537562,,-0.02224635,-5403.005832,0.0286434127,11.529830257,-0.000481816,0.0005679941,0.0034352456,-0.00261843,0.0918772103,-0.03934348,0.0,-0.006077738,0.8885798676,-0.021324882,2.0,9.6068508115,0.0912615654,0.2300945661,0,0.0654744878,0.0103413453,0.005251921,0.0097034903,1.2681823041,1.0713735149,2.0809767e-07,7.3762337e-08,0.306136171,0.0937193552,-0.389030339,0.0221195481
90716,0.6259272122,0.0577744602,-5.128278796,0.0,1.2323320823,1.0620240551,0.0698623172,-0.001461565,0.1737220258,0.0036677087,0.0300660523,-0.113049989,-3.638804016,0.268004398,0.1130499892,12,0.0015643404,0.0055555556,0.0164976216,0.1836651145,0.1229141319,0.1277683094,0.1672260129,0.0723242468,-0.05821372,0.5048267643,0,1.0485317816,-0.122733608,0.9530528201,-0.137386748,19.292931937,13.549789718,0.2081537568,0.0,0.0,1,1.0712869429,0,0.0,0.4483911884,7.0,0.1063973729,0.0617196119,-0.015364411,0.0875110195,-0.765590681,-1.087775087,0.1346639547,-5736.202528,0.0725156293,13.713181243,-0.001950124,0.0061912106,0.0172603217,0.007000975,0.0143758162,0.0457855216,0.0,-0.002339181,0.0063226132,-0.01692628,5.0,14.678587212,0.3887944818,1.4273555214,0,0.0348146487,0.0257122908,0.0128148293,0.0266863217,0.3223440145,1.7257813496,2.4131769e-09,2.1085758e-08,1.2308610655,1.5150189625,0.1092929381,0.0430632607
13411,0.1026570345,-0.176115212,2.3996043086,0.0002827679,0.2526100705,0.0034423916,-10.23580786,0.064111062,-0.541685079,0.0006877215,2.037699586,-0.057017466,-0.111553229,-0.156468991,0.0570174656,5,0.0,0.4761904762,0.0810810811,0.3595620937,0.3119113432,0.2797619048,0.6038258815,0.0101266755,-0.590525696,0.9614892549,0,6.1764705882,-0.524012068,6.1764705882,-0.524012068,0.0102586649,4.9122807018,-1.031818681,0.0,0.0,1,1.0,0,0.0,-0.762701059,2.0,42.06139916,-0.03276558,0.2675672361,-8.717745641,-0.091833685,-0.42660587,-8.913820976,-5466.027157,0.0248274717,11.695623946,0.0,-0.062666117,-0.15094652,0.0,0.9626994534,5.2710691098,1.0,1.1243243243,-0.036533536,0.1512745228,4.0,13.21712752,0.3765856165,3.9989507289,0,-0.25352422,0.1001670137,0.0707675556,0.0844276013,0.607506617,15.323831924,2.148366e-08,6.0797434e-09,2.6071388705,6.7971730899,-0.131549681,0.1121912394
89901,1.0340703683,0.0117673932,-36.91914213,0.0,1.510069204,0.5547347112,0.007345191,0.5870891054,0.1897530642,0.4064825505,0.6643668481,-0.153196254,-27.01089388,0.3296152024,0.1531962536,12,0.0,0.3382045929,0.133063559,-0.458989833,-0.187989853,0.1011447854,-0.218405842,0.560906303,0.4874949296,0.4966522995,0,0.6975488947,-0.492834533,0.6975488947,-0.492834533,39.11793854,5.6245737998,0.1942397003,0.0,1.0,1,0.2487216595,0,0.0,0.3921707521,3.0,0.6548581319,-0.140208558,0.1507238331,2.1707623978,-2.05385229,-0.58612301,-0.033000894,3007.2036296,0.0279332649,14.712667399,-0.062299301,-0.131216986,-0.27838268,-0.097817201,0.0032325636,-5.098575118,0.0,1.1243243243,0.5742182109,-0.052797958,6.0,17.982434727,0.2419622106,9.8670935927,0,-0.500704589,0.143907547,0.0545229653,0.0840505702,0.3861218549,42.266261307,1.28239e-10,6.752871e-10,3.3482519805,11.210791325,-0.025423519,0.0895703057
89866,0.3188357716,0.044710489,41.53966546,0.0,0.3343258075,0.7898729999,0.1219076343,0.2334079996,0.5879096852,0.0088030452,0.3158657011,0.0021049782,0.0278413395,0.0434656891,0.0021049782,12,0.0707264355,0.2394957983,0.3313633031,0.018484287,-0.054686814,0.1991104578,0.2588498073,0.1151504811,0.1573594754,0.2989111824,0,3.0870245745,0.1628168705,1.1770010763,0.1038733522,58.811256053,11.206879695,0.2019397458,0.0,0.0,1,0.6618022739,0,0.0,1.102554722,4.0,-0.149874565,0.1487048556,0.0697188554,-0.264763238,0.3398468958,0.24735687,-0.215810735,6322.4158482,0.0457306398,16.100854037,0.0008873305,0.0179865551,0.0343069768,0.0127790906,0.0240331751,-0.005597308,0.0,0.0,0.2248315757,0.0503325509,5.0,16.480737749,-0.011426292,1.3436687872,0,-0.034541484,0.0296556223,0.0166114918,0.0210662979,0.3474028547,2.4292949701,1.715058e-10,1.4868323e-08,1.0126876898,1.025536357,-0.054891514,0.0320942959
89889,-0.180341481,-0.225166566,-0.205899258,0.0028511221,2.3933568215,0.8447970866,0.0001204702,-0.191599373,0.21784808,0.007252911,-0.109982697,-0.119309001,-1.327618709,0.0737687798,0.1193090012,12,0.0001470346,-0.212290503,0.0110804386,-0.030964262,-0.023850576,0.4401639594,0.4241790721,0.0034248753,-3.068634317,0.4432849967,0,0.7759951819,-0.192821375,0.7527029184,-0.196628777,5.5520816885,1.4933673108,0.0481175141,0.0,0.0,1,0.8558934605,0,0.0,7.0684064848,4.0,-0.46272276,-0.033368428,-0.271886471,-0.849098825,-0.393386886,-0.734507629,-0.019573374,-1546.952979,0.1328736255,9.7333544309,0.0,-0.08062222,0.512166036,0.0947259772,0.0793743146,0.0071689364,0.0,1.1243243243,1.0059517433,0.1032763291,3.0,9.4471288658,-0.238006669,5.691559407,0,-0.090489243,0.080497019,0.0462646421,0.1052423361,0.5142610904,1.3721911887,9.0185977e-07,3.5074856e-08,1.1998468351,1.4396324276,0.0958384171,0.0733687268
89964,0.8053665249,0.1435794047,0.0636277618,0.0086546254,13.243072837,0.5498669719,0.0241102994,0.0838034876,0.0265451013,-0.002867863,0.077700344,-0.001722477,-0.16202009,0.1668421529,0.0017224769,12,0.0,0.1071428571,0.0581382502,-0.024090262,0.0193629666,0.4604959254,-0.149248175,0.0007427573,0.1951883474,0.7115377896,0,51.70644176,0.5208683906,44.355703986,0.5208683906,1.1145669243,0.0414228094,0.0120200389,0.0,0.0,0,,0,0.0,0.3213653889,6.0,-73.61961585,0.0049299539,0.0639107956,0.0393179442,-2.840602979,0.7418023489,-0.31161565,-1394.288714,0.1473165608,14.077911895,-0.000635663,0.0016185171,0.027118999,0.0051976663,0.0359975771,-0.00828722,0.0,-0.001155735,-0.194770472,-0.043452761,4.0,14.081862403,0.3760682791,0.9494903883,0,-0.258063742,0.0386670157,0.0141664442,0.0209889708,0.377746801,1.2663398251,2.9092199e-09,3.1109833e-08,1.1739829157,1.3782358864,0.0198886656,0.0293477129
89922,0.2865002743,0.0925840662,3.0211140806,0.0255800509,0.0189271737,0.1475514067,0.9227535636,0.1905506516,0.3623783659,-0.011264548,-0.192977706,0.0767302397,0.2328701348,0.0710240022,0.0767302397,12,0.0,-0.548387097,0.6506441376,0.4364764004,-6.045797775,4.6982878297,0.1866815919,-0.293245629,0.2291406035,0.7649386872,0,13.974901546,0.3710550701,13.974901546,0.3710550701,0.6417898766,42.141324063,1.6230229252,0.0,0.0,0,,0,0.0,0.3988402428,6.0,4.6626870492,0.2219686815,-0.780573864,1.1016547327,-1.646073022,-1.558929933,0.162672809,-3229.613807,0.0446872923,14.157373358,0.0411086418,0.0582033583,0.0610263831,-0.015675097,0.7027933123,,1.0,0.0027769207,0.086238194,0.0504360446,3.0,14.609858263,-0.147361454,1.7810650888,0,-0.101630079,0.0220661927,0.0143480288,0.0217451662,0.3136105718,2.4115906654,1.1753831e-09,1.3351778e-08,0.8892764382,0.7908125835,-0.069568838,0.0359422804
89877,1.538326301,-0.648445177,-1.090017878,0.0,2.0863136524,0.6964764802,-0.460673462,-0.450988474,-0.072115949,0.0207079646,-0.532346332,-0.035147508,-0.278899721,-0.467593997,0.0351475084,12,0.0,-0.108843537,0.0425388099,0.1733063898,-0.108895617,1.0051340559,0.1060656338,0.0054506372,-0.302379555,0.7120733287,0,13.889686895,-0.158671468,13.889686895,-0.158671468,0.289247984,3.8079993416,-0.173768713,0.0,0.0,0,,0,0.0,-0.218050758,3.0,29.81532288,0.0755740599,-0.212815923,0.5916023932,-0.89068977,-0.592623123,-2.970637851,-3034.481049,0.138519725,10.70841242,0.0001165832,-0.025393886,-0.059833659,0.0599864197,0.6667719472,-0.013529935,1.0,0.0377906977,1.8882251026,-0.008806448,2.0,9.5426754785,0.5435861545,0.277061085,0,-0.258063742,0.0315789804,0.014399751,0.0347897812,0.9534324172,0.5827742502,1.0474061e-06,1.7750837e-07,2.2020802096,4.8491572494,0.1542494561,0.1649979727
89913,0.6600442685,0.0734166643,,0.023000094,2.2176195897,0.3367719144,0.0578149292,0.0800931919,0.0897641294,-0.01208157,0.0840478588,-0.018237011,-0.688320413,0.1239508531,0.0182370113,12,0.0,0.0,0.0607827906,0.0085949262,0.008098524,0.3162333099,-0.20414617,0.0011948044,0.0670150517,0.7460667098,0,51.70644176,0.0671179383,44.355703986,0.0671179383,0.797013478,0.1401085371,0.0360431236,0.0,0.0,0,,0,0.0,0.3489615918,7.0,-73.58484588,-0.001582907,-0.043232062,-0.106004312,-2.801365456,0.9675777848,-0.35450695,-3273.162764,0.1473165608,12.127035117,-7.7008e-05,0.0062708178,0.0271800102,0.0016479926,0.1429241929,-0.02051467,2.0,0.0019493177,-0.523277814,0.0150335412,4.0,11.246557847,-0.163754706,0.3776177138,0,-0.258063742,0.0320600457,0.0157157352,0.0253583736,0.4088194826,0.5856747691,5.5847274e-08,7.6318063e-08,1.1506526565,1.324001536,-0.086572709,0.0418303906
89946,0.9637996676,0.0567607308,-53.48195935,0.0067627526,14.559695586,0.9862237212,0.0060858175,0.11024911,0.006878185,0.079261025,0.0944912981,-0.013915905,-4.616324004,0.3187866547,0.0139159053,12,0.0,0.0048076923,-0.169127541,,-0.271907346,,,,0.5453860692,,0,,,,,2.8477197829,,0.0033841587,0.0,0.0,0,0.0,0,0.0,0.1558792709,4.0,-0.052483244,0.0228184707,-0.058985937,0.1126077547,1.4282723271,1.8246396263,0.2203028569,-7440.500898,0.0331128264,13.956916366,0.0003464675,0.0021040281,0.0510053141,-0.174440765,0.0140515211,,2.0,-0.002145002,-0.053894504,0.0020510196,2.0,15.224846368,-0.403230721,3.0192546861,0,0.048781298,0.0522674359,0.0512093905,0.0479297443,0.6175337744,15.264534113,1.5507662e-09,5.6789706e-09,1.7740905,3.1473971022,0.0258485851,0.0332453672
89905,0.0731575938,-0.01446412,17.136589839,0.0,0.1474111628,0.1709245844,-0.064809233,0.3137645034,0.6804155209,0.0762566516,0.2787497287,-0.133414495,-1.791540524,0.011448937,0.1334144951,12,0.0,0.2107843137,0.2161442802,-0.208520287,0.0205584599,0.5209810717,-0.362958511,0.0864128531,0.3904834376,0.4354012524,0,0.9683819848,-0.128457566,0.9683819848,-0.128457566,3.6957744955,3.2822718209,-0.017050542,0.0,0.0,0,0.0,0,0.0,2.1592038618,5.0,-10.02035541,0.1137815513,-2.230681835,3.851180363,2.3642914705,0.1119278668,1.0060212149,-3435.133378,0.0288563477,13.854192623,-0.000458048,-0.009777255,-0.018082731,0.0104319662,0.4084930221,-0.041871475,1.0,0.0,1.0814243983,0.1281598806,6.0,14.552221544,-0.352937259,2.1298180751,0,-0.111549313,0.0272351094,0.0110300519,0.0276870763,0.3006105438,2.3850367708,1.1099273e-09,1.2094565e-08,1.4618781083,2.1370876036,0.1822947591,0.0507623203
91086,0.3157045376,0.0103268467,2.9805803648,0.0,0.3158032948,0.2346096894,0.0672988226,0.7799883715,0.5428765316,0.0241414734,2.2404571456,-0.067955677,-3.245133545,0.0438388435,0.0679556774,9,0.0007880053,0.16152019,0.1933537437,0.1469984942,-0.002560134,0.1838359731,-0.565953785,0.0583123465,0.22686799,0.3434802138,0,3.5769126531,-0.058936797,3.3422886268,-0.053207138,1.3000327048,12.464065071,0.0739396887,0.0,0.0,0,0.0,1,0.0,0.7273868919,3.0,47.614944973,-0.127558823,-0.04710305,-8.504698138,0.6063263487,-0.129606582,-8.713513141,-3836.098187,0.0248274717,13.990162753,0.0136044911,0.0035809368,0.0070339328,0.0176418951,0.2949881757,-0.093317218,2.0,0.7695209355,0.8880161994,0.179258991,4.0,15.742804241,-0.481278199,3.8303847295,0,-0.25352422,0.0594471693,0.0280673681,0.0429141883,0.4016466019,6.6123840923,1.2017425e-09,6.9934378e-09,0.9885726546,0.9772758935,0.32024627,0.0475366649
89973,1.3340923463,-0.107562114,-2.291961388,0.0916435324,1.8907959444,4.2638520169,0.0106753131,-0.047790633,0.6458973371,-0.023886248,0.038417583,-0.061848851,-1.900863482,0.0968987805,0.0618488507,12,0.0,-0.038095238,-0.041541466,-0.890774013,-0.013054892,0.1637050522,-0.192932357,0.0979661123,-0.148034416,0.531485279,0,1.1198312848,-0.101418197,1.1198312848,-0.101418197,5.725105765,16.184300951,0.0707878266,0.0,0.0,1,1.0,0,0.0,1.3793846477,3.0,0.0076437238,-0.009798455,-0.105822685,0.8186630596,1.293989506,-0.099727184,0.1761089261,-976.3062934,0.1090887662,11.47379736,-0.020828343,-0.037317175,-0.079608723,-0.054786255,0.2309425378,0.0478342195,0.0,-0.01994302,8.6410052323,-0.247012183,5.0,11.012809112,0.4260258584,0.5904566304,0,-0.219751184,0.0857909322,0.0379085846,0.0667758211,0.5294364095,3.6310781952,1.0688091e-07,2.7539397e-08,2.3378596213,5.4655876089,-0.026823111,0.0603295204
90031,0.1740467744,-0.384730351,,0.0,,0.0,,2.2458186479,0.0,1.2208752077,,-0.321540691,-0.270279871,-0.280745481,0.3215406907,11,0.0,-0.21875,,,,3.5172413793,0.025862069,-0.000128164,0.6687570198,0.9735348759,0,1.5293669188,-0.53960723,1.5293669188,-0.53960723,0.0,,,0.0,0.0,0,,0,0.0,0.0,2.0,,-0.029412831,-0.42737324,-8.646355902,-0.494905719,-0.42660587,-9.038097466,-5444.927977,0.0248274717,11.505138206,0.0,0.0961391205,-0.811535723,0.0,0.9121711049,0.6,1.0,0.3730729112,-0.597194769,0.0492032878,3.0,8.836083191,-0.791677317,0.076548453,0,-0.25352422,0.1267606169,0.0569961836,0.0839184083,1.0536013428,0.5776974586,1.3342367e-06,2.136843e-07,2.5069292067,6.2846940475,-0.200319425,0.1179859829
89971,0.0606156843,0.0325656044,35.477104,0.0,0.7318439279,0.8940738674,0.1026859903,-0.024652918,0.4493204879,0.004950495,-0.058658358,-0.043133982,-1.06795225,0.067344115,0.0431339824,12,0.0066759388,0.0597014925,0.2132451406,0.108434144,-0.095206676,0.2142857143,0.18230563,-0.006776805,0.7091062395,0.2431463231,0,1.4237414081,-0.135969991,1.0202489318,-0.147378566,47.8368,7.7496111975,0.0733490519,0.0,0.0,1,0.7128719318,0,0.0,7.0684064848,6.0,-0.002770829,-0.140688961,-0.001200192,-0.480549757,-0.190108387,1.3126009406,0.029773737,1571.7368571,0.1748673505,15.123373288,0.00096307,0.0147962752,0.1590819153,0.0118321433,0.026210119,0.0020054012,1.0,0.0001049979,1.3683196634,0.0585034285,2.0,16.605372484,-0.49853169,4.9758156739,0,0.0498010166,0.0437399931,0.0219780871,0.0301350441,0.4639962165,16.155173552,1.638651e-10,3.9032846e-09,1.1066003182,1.2245642643,0.0273140689,0.0421379699
90038,1.0925958611,0.0993014,-12.92129048,0.0163415749,5.5630645192,2.1892065263,0.0271332539,0.0621839589,0.0314574721,-0.035195189,0.0602844074,0.0025161416,0.1637074836,0.0830450177,0.0025161416,11,,0.0602409639,0.1474410447,-0.0760863,-0.23880091,0.4762088278,-0.032600099,,0.071962245,,0,,,,,5.2299649426,1.0202995488,0.0235308673,0.0,0.0,0,0.0,0,0.0,0.1813091564,4.0,-0.022605379,0.0713197524,-0.003552665,0.2414039482,1.5998454299,0.4509089087,-0.01543878,-4918.551678,0.0331128264,15.496485005,-0.003575866,-0.000227676,-0.001454445,-0.031919264,0.0857812788,-0.002964303,0.0,0.0029110239,0.013016554,-0.005433533,3.0,16.349236713,-0.287285675,2.6879678813,0,0.048781298,0.0759047344,0.0195763559,0.0172359164,0.3579763031,4.6096712749,1.966597e-10,9.4805417e-09,0.876292885,0.7678892203,0.070926303,0.0235166108
89952,0.2239683507,0.0746675392,7.1348181034,0.027653375,0.3370490663,0.4394727811,0.1602451839,0.1654328018,0.2969105923,0.0039430056,0.1563602163,-0.016436555,-0.114731528,0.0832342601,0.0164365549,12,0.0120315582,0.0582210243,0.1353576487,0.1301665208,0.0405656668,0.1112854901,0.0325159238,0.041714123,0.1793576326,0.5515083679,0,2.9562473706,0.3188938737,2.1190576357,0.3760253263,4.8069715142,6.0211267606,0.3226474757,0.0,0.0,1,0.5983935743,0,0.0,0.715806568,6.0,-9.230380458,-0.020892306,-0.144344455,-0.550478917,-2.293530663,0.4846218727,0.1731339546,2373.6169617,0.1213471346,14.744697222,-0.012932428,0.0176435993,0.0414874001,-0.002953525,0.0779093347,0.0402129498,1.0,-0.000510399,0.1675670748,-0.037815816,5.0,15.631618599,0.0051332045,2.3578518431,0,-0.190106287,0.0348355584,0.0138795829,0.0222452192,0.2449112017,2.5559983527,4.408713e-10,1.0363815e-08,0.8630211861,0.7448055677,-0.094574582,0.0280370234
89904,0.1679558476,0.0275462427,22.700928984,0.0,0.0817268044,0.4438778957,0.1838381955,0.209341276,0.5236550059,0.0070729632,0.1635836946,-0.158764079,-1.315407996,0.0637807906,0.1587640794,12,0.0030797964,0.1735015773,0.1969687042,-0.258712506,0.0351787969,0.1990792899,0.0320552638,0.1869785526,0.2316512383,0.4817159922,0,1.3501240504,0.2298395192,1.2892856229,0.2387601279,13.4326429,39.794834781,0.7417600518,0.0,0.0,0,,0,0.0,0.7933698004,6.0,-0.000999467,0.0157651433,0.0937108042,-0.086515035,-0.154363617,0.3818540581,-0.00047306,-720.8928118,0.0885157098,14.738293462,0.0003388426,0.0219483058,0.030549578,0.0222916785,0.0198214694,0.1386336591,0.0,-0.00149925,4.6922035133,-0.162504804,7.0,16.713921685,-0.102021317,8.2082403768,0,-0.101596569,0.0252930559,0.029504415,0.0251806924,0.6144941742,45.411791306,1.702456e-10,2.4910885e-09,1.0927923715,1.1941951673,0.1078672538,0.0367571892
89960,0.5177420064,0.0657534337,1.2411210124,0.0460671738,0.5709678202,1.0949404947,0.0957490153,0.0144524736,0.2463714409,-0.000232959,0.2593567251,0.0070517537,0.1159274194,0.0581308078,0.0070517537,12,0.0042923718,0.0142857143,-0.046467329,-0.03124609,1.5027481167,0.1025641026,0.0957196854,-0.089555926,-0.164688269,0.5218640487,0,3.7250945776,0.3256224943,1.9445145019,0.4826523081,9.7227781048,5.9378145219,0.1920538372,0.0,0.0,1,1.0034812881,0,0.0,0.4053042455,5.0,47.738726762,0.0332499669,-0.194337526,-8.30266067,0.2541697247,0.0659056506,-8.699221176,-4038.699497,0.0248274717,13.55493595,-0.011929272,-0.008626362,-0.021392313,-0.108807273,0.0976613088,0.0263712898,1.0,-0.019323671,0.0176660273,-0.16116091,4.0,13.284003436,0.2770403151,0.7527521049,0,-0.25352422,0.0904761404,0.0378057391,0.0575899909,0.3338087503,1.0606535066,1.3120139e-08,2.8822623e-08,1.7842245618,3.183457287,0.0208642875,0.0425071652
90088,0.8090430782,-0.100394022,0.1541945722,0.0172530368,0.1270196545,0.9462953896,0.0484911116,0.1142228088,0.4423983028,0.0924915562,-0.105026832,-0.243838549,-2.156990246,0.1161549043,0.2438385494,11,0.0,-0.09382716,0.1972730252,0.3311511729,-0.084237912,0.755985267,-0.384623694,0.0069936108,0.1587918816,0.5622355246,0,4.6690742799,0.8179588619,4.6690742799,0.8179588619,2.2821371451,7.0053697453,-0.58841434,1.0,0.0,0,,0,0.0,0.5317650551,4.0,-10.23869374,0.1868993439,-2.535293309,4.5870658474,-0.74103916,0.1119278668,1.1107271822,-4041.412058,0.0288563477,11.987723831,-0.062299301,-0.000914781,-0.001031566,-0.061260503,0.5270119252,-0.017665749,1.0,0.0049627792,0.5600560008,0.0382174714,4.0,11.115817545,-0.03685738,0.4560731028,0,-0.111549313,0.0115206707,0.0078915363,0.0243156393,0.4952401487,0.9021432793,2.0439998e-08,5.7823536e-08,1.5419788486,2.3776987695,-0.29077428,0.0688164631
90129,0.8776752945,-0.398186189,-2.595675055,0.049512169,0.5316965478,3.3238378858,-0.129525178,-0.202213763,1.2192632486,0.0489719213,0.1733182656,-0.292553146,-1.166717433,0.0663845794,0.2925531463,11,0.0,-0.257763975,-0.205080687,-0.324492173,-0.015684351,0.6138580331,-0.267314423,-0.118469132,-0.331777187,0.3450696589,0,1.4773048809,-0.23362323,1.4773048809,-0.23362323,21.778543046,10.457135589,-0.560591133,0.0,0.0,1,1.0,0,0.0,1.633727671,3.0,-10.25392223,-0.042105519,-2.699230124,4.6556980637,-0.187500776,-0.352653986,1.0609568573,-4160.217578,0.0288563477,10.92656567,0.0275208967,-0.051209844,-0.100062423,-0.25882997,0.1010390541,-0.002576905,1.0,-0.010043793,0.2662941657,-0.018328242,2.0,9.1347263587,0.408739433,0.3054721741,0,-0.111549313,0.0361445434,0.0214528665,0.0474643684,1.1944874993,0.5084376886,1.5513785e-06,1.8204178e-07,0.5777242771,0.3337653404,0.8066169342,0.0608737246
89935,1.0236999964,-0.559763973,-0.099456561,0.0,0.0849045556,0.0,-17.17196532,0.2999919692,0.0,0.5807840052,0.0743067591,-0.080745125,-0.141463265,-0.480577933,0.0807451247,12,0.0,0.0526315789,,,,0.9411764706,0.5623529412,0.0003011564,0.3230439016,0.9776618784,0,12.962492438,0.2139351815,12.962492438,0.2139351815,0.0,,-6.815665796,0.0,0.0,0,,0,0.0,0.0,3.0,,0.0773757894,-0.253476521,0.9563659274,10.667003655,0.3035196586,-0.14735023,-5176.890909,0.0238858186,10.775165765,2.33008e-05,-0.071351351,-0.077269154,0.0,0.9734194038,-0.366666667,3.0,0.7643312102,2.1104833106,-0.185365936,3.0,10.427119615,-0.117374572,1.1244974041,0,-0.25352422,0.1006711274,0.035440156,0.0689257432,0.8621812977,6.7210122826,9.1600586e-08,1.2891e-08,1.3366686693,1.7866831315,0.1101426259,0.0903826357
92636,1.7152119155,0.2357675423,-5.471783194,0.0,2.0711368612,0.6286796124,0.0548939195,0.0006401306,0.0919124439,0.0482197953,-0.028814301,-0.005102227,-0.102290339,0.2598842842,0.0051022271,10,0.0,0.0425531915,0.1314529977,0.2125340788,-0.050292699,0.0349358394,-0.060174919,0.0503898782,0.2147159883,0.5003246048,0,3.7514802368,-0.411486791,3.7514802368,-0.411486791,1.8980755087,8.2058823529,0.1736745269,0.0,0.0,1,1.0,0,0.0,0.2492056874,6.0,-0.452520974,-0.070391258,-0.216522018,10.435430628,-12.26035773,-0.49954311,0.1688737951,-7692.969214,0.0257826007,11.361726887,0.0007756819,0.0012174885,0.003277656,0.0029117916,0.0645903853,0.0439881605,1.0,0.0030174006,0.5466756126,0.0692037558,2.0,10.811588298,0.1767925658,0.6817149347,0,0.080304809,0.0736813694,0.0232269357,0.0367497,0.9064546344,8.6701133131,7.574506e-08,2.1758459e-08,0.7234035646,0.5233127172,-0.841346085,0.0722534672
90162,2.5924269673,-0.294650576,-12.88144509,0.0,14.559695586,2.2660145194,0.0005309787,0.0306631496,0.0012217132,0.0038399353,0.0231106302,-0.033563807,-2.959807074,0.5774582835,0.0335638072,11,0.0,0.06,0.0174412422,0.0029103542,-0.94024826,,,0.0,0.0368234558,0.2357764597,0,4.1797836628,-0.090571987,4.1797836628,-0.090571987,1.2289017341,0.3703402625,-0.012471522,0.0,0.0,1,0.3231689524,0,0.0,-0.024108942,3.0,-0.204790017,0.0431999163,-0.003793629,2.6834307141,,0.1823781797,0.4789744857,-5438.800678,0.0331128264,14.351858967,0.0004795772,-0.002409219,-0.019211103,-0.040462051,0.061420044,0.0,0.0,-0.021645022,0.3955049354,-0.010425567,2.0,15.446194891,0.200482858,3.5813796885,0,0.048781298,0.199300766,0.0536992967,0.0528214841,0.4010138301,7.0336709435,1.5733945e-09,6.8882874e-09,2.983963096,8.9040357584,0.0506737082,0.0624176468
90126,0.2973003869,-0.047296027,2.1230667564,0.0,0.1320904482,0.1515823792,-0.298793727,0.5984036159,-0.171467039,0.2600221628,0.4229458012,0.2125872739,2.0617916155,-0.14481058,0.2794000629,11,0.0,0.0823529412,0.5315844427,-3.701815015,-1.105297123,0.2993280391,-0.155936407,-0.00299322,0.6910473531,0.883924102,0,5.4970027248,0.8502099973,5.4970027248,0.8502099973,0.563992887,1.0039567961,-0.406489591,0.0,0.0,0,,0,0.0,-0.2620036,3.0,48.407918545,0.0235644338,-0.126270299,-8.523102289,1.38574465,-0.42660587,-8.902162564,-5237.699357,0.0248274717,12.683904782,0.0,-0.07851401,-0.118205741,-0.005669598,0.9587948648,-0.008089173,1.0,0.0119581465,3.4409473838,0.2201938108,2.0,13.326828963,-0.423426972,1.9167108352,0,-0.25352422,0.0738161877,0.0290019277,0.0462667638,0.2886844064,1.6085859773,1.1036878e-08,1.6337949e-08,0.587404803,0.3450444026,1.2295956867,0.1035796263
90490,0.776871339,0.0531229669,-4.094526729,0.0,11.365597274,0.3793220915,0.035479104,0.0595512387,0.0304441184,0.0023391191,0.0738147656,0.0148174102,3.2916800367,-0.121740843,0.0148174102,11,0.1450367135,0.0961538462,-0.18007685,0.3663628823,0.1370609263,0.3240097192,-0.116393558,0.2147968632,-0.112849134,0.4714653407,0,0.6686160582,-0.122116043,0.4295289438,-0.418855821,0.139799055,0.1788485054,0.0061126578,0.0,0.0,0,,0,0.0,0.3984160354,4.0,-0.004459922,-0.011545334,0.0524038122,-0.143351562,-1.043288974,,-0.201278484,-5087.831812,0.0286434127,12.279082153,-0.000499475,-0.001635389,-0.02412321,0.0005282988,0.2200497747,-0.024164578,0.0,-0.046778774,-0.35991734,-0.02056231,2.0,11.715628856,0.0482803098,0.6069310845,0,0.0654744878,0.0662983656,0.0341666378,0.0530654522,0.274796495,0.6120286063,5.5770059e-08,4.7441815e-08,1.3852562447,1.9189348636,0.012597663,0.0556208159
90194,0.4103659922,0.0413728048,-1.628245768,0.0,1.0674355582,2.7130944838,0.0599805415,-0.042469923,0.1986792289,0.0068708195,-0.095232167,-0.033801999,-1.23521517,0.0924771208,0.0338019993,11,,0.0038851986,0.0326513721,0.0833697155,-0.030164698,0.7093539641,0.0206883593,,0.1278861396,0.1443846745,0,0.6915903156,-0.009173855,0.6915903156,,83.243130358,13.859763741,0.0852015221,0.0,0.0,1,1.0554044224,1,0.0,0.7557919715,6.0,0.0133659143,0.1433384864,-0.112817153,-0.158651813,-0.737957831,0.4423346041,-0.179101258,-2512.785423,0.2350454299,13.117331007,0.0009129541,0.00454903,0.0153385276,0.0398007668,0.023717735,-0.000112626,0.0,-0.000431965,0.6134648352,-0.010130444,1.0,12.304897347,-0.246661117,0.3792676191,0,-0.151944756,0.0393551402,0.0172231479,0.0294645475,0.458051834,0.8184150862,1.7174979e-08,6.1230796e-08,0.8485577331,0.7200502264,-0.071313113,0.0327381297
90454,0.1248840922,0.0279528898,,0.0089812008,0.0170678314,0.0978549189,0.6760767365,0.0805112948,0.3840257354,-0.010866972,0.1082104037,-0.096097952,-0.469828623,0.0410859576,0.0960979518,11,0.0,0.0341296928,0.0969325565,0.1063593379,0.0272275395,0.5399720367,0.3771118705,0.0337222466,0.0768328597,0.6509821814,0,20.041969735,0.6433473379,20.041969735,0.6433473379,1.2719368971,7.7395082161,1.6230229252,0.0,0.0,0,,0,0.0,0.435024262,6.0,1.3733027289,-0.031467961,-0.05373088,-0.309659508,-1.42907297,0.1544449427,0.0130814233,-4382.999524,0.0558672041,15.344032671,0.0051638289,0.0569375304,0.0631222958,0.0028705687,0.3852210549,0.0032553987,0.0,-0.000215332,1.886807105,-0.063512753,5.0,15.750766749,0.0312945151,1.3703368473,0,-0.168614603,0.0300408546,0.0164096515,0.0248417058,0.1869502455,1.0727728283,4.717016e-10,1.6273421e-08,0.8135221853,0.6618183459,0.0724147846,0.0355572576
91977,0.2106473726,0.0255248563,243.47172044,0.0454818088,0.8172727916,0.5310617233,0.0982235781,0.1111670281,0.1851398228,0.0040788834,0.1856977522,-0.03712549,-1.420304717,0.06177793,0.0371254902,11,0.0033864166,-0.028455285,0.1753775658,0.1121910432,-0.106556489,0.2360990387,0.0823273372,0.0173120364,-0.106691193,0.1044376061,0,2.1201290295,0.2332509078,0.9705476201,0.2747617115,571.89060403,12.109611039,0.0565829023,0.0,0.0,1,0.323557477,0,0.0,0.602432056,5.0,24.372876378,0.0008350385,-0.115002477,0.0162511896,0.0010526941,-0.380190538,0.0651139097,-9352.951215,0.0457936334,14.763840254,0.0078363149,0.0114213878,0.0425250182,0.0020357157,0.0260585673,0.0118046476,1.0,0.0008230453,0.1580703854,-0.030041834,3.0,15.766412749,-0.058813572,2.8000319285,0,0.0957318355,0.2316198498,0.0529657245,0.0283769183,0.5512494519,14.17842612,5.10382e-10,6.6645537e-09,0.2634609637,0.0694116794,0.822194381,0.0308994978
93012,2.5924269673,0.113140485,-7.776094271,0.0,3.8218753344,6.5585305303,0.0440241346,0.1105310745,0.1434534691,0.0086662622,0.2685591923,-0.02386849,-2.033839595,0.3432500833,0.0238684903,8,0.0303257722,0.1729193618,0.0105629877,-0.110252151,-0.099160233,0.0532520364,0.190479382,0.0873959729,0.0241534577,0.4932249793,0,2.2072120324,-0.451994484,1.6426666375,-0.47290212,6.3104858593,3.2475593372,0.081724471,0.0,0.0,1,0.0531311986,0,0.0,0.1828479217,4.0,24.33699656,-0.098953203,0.0863721689,5.736812111,-1.130819266,,0.3465860629,-10924.33366,0.0457936334,10.7176485,0.0008393887,0.0067869503,0.0112643106,-0.206432909,0.1392895488,-0.061040034,3.0,0.0295137528,0.8124738046,-0.009699295,1.0,7.8671667567,0.1249336887,0.0514475897,0,0.0957318355,0.1018518582,0.0274568965,0.0342484874,1.2494729701,0.2797301376,4.1517761e-06,3.4788904e-07,0.4994508135,0.2494511151,-0.917853615,0.0542247392
90604,-0.119870626,-0.107911561,2.246068942,0.0,0.4618238854,0.0736042441,-4.156390363,-0.343091492,-0.296308035,0.061874293,-0.276041789,0.0713101545,0.2849796145,-0.138664156,0.0713101545,10,0.0,0.1509433962,0.1782312925,0.7776565163,0.0210767467,0.7181328546,0.6421304608,0.0014983,0.021341853,0.9369015001,0,2.5671825672,-0.19363085,2.5671825672,-0.19363085,0.2512286689,2.0311810155,-0.192612461,0.0,0.0,0,,0,1.0,1.3142066028,1.0,48.427801339,0.0122085909,-0.057679844,-8.940273302,0.7665658,-0.42660587,-8.896016141,-5347.350317,0.0248274717,10.356398737,0.0026346681,-0.087077206,0.2444968255,0.0,0.8819648552,0.0138553983,2.0,0.004519748,0.0851605196,0.0597601281,3.0,12.124980931,-0.834932359,3.0156945552,0,-0.25352422,0.0832199082,0.0378383137,0.0997283088,0.5263762429,6.3522281473,9.8097473e-08,9.452674e-09,2.7227658331,7.4134537819,0.1038226272,0.1030627229
90248,-0.233103746,0.0310789065,40.417182183,0.0105707316,0.3514806472,0.3811261014,0.7473126675,0.1790082912,1.2004721516,-0.003873119,0.0128276241,-0.051989673,-0.18299126,0.0367660748,0.0519896727,11,0.0133206936,0.1,0.1063186964,-0.012535972,-0.009239409,0.3138032022,0.1876884647,0.0387335675,-0.054826299,0.5161777274,0,1.6127563929,0.1680762302,1.46989925,0.1651008127,13.133826058,16.561312723,0.1085736366,0.0,0.0,1,1.0003708454,0,0.0,-0.421385954,5.0,-0.00436314,-0.083484198,0.0202092269,-0.487574629,0.590317029,,-0.027487776,1094.6771382,0.0885157098,15.617651846,0.0027892883,0.0632746893,-0.03037117,0.0064657068,0.2047874986,-0.004509225,0.0,-0.000741359,3.9247255557,-0.016019532,6.0,16.998583203,0.1450353999,4.1586845848,0,-0.101596569,0.0273578819,0.0253224572,0.0181187172,0.5844407018,17.895924617,9.166138e-11,5.5279211e-09,0.7682011259,0.5901329699,-0.075928367,0.0290875013
91901,0.706429656,-0.036480838,0.4674059379,0.0,0.091553858,0.3920554145,-0.1288067,-0.231427825,0.190059078,-0.16084322,-0.060606061,-0.048681784,-1.22519084,0.0082151505,0.0486817844,9,0.0018118979,0.0,-0.086737568,-0.061041394,0.045300809,0.2071658245,0.0126131645,0.0036209124,-0.249123682,0.6831833243,0,6.6544010928,-0.231582763,5.9362247076,-0.255029666,0.9070993777,6.2156384338,-0.246122829,0.0,0.0,0,,0,1.0,0.2097477761,4.0,3.1148141899,0.000303017,-0.16724053,1.5215841144,-1.101971759,-1.709232833,0.0998639573,-4982.717007,0.0446872923,11.364570697,7.02475e-05,-0.00326742,-0.003698927,0.0034094473,0.5819279316,-0.004574727,2.0,0.0024630542,-0.382032816,0.0399648696,4.0,10.042222858,0.143026806,0.3896144718,0,-0.101630079,0.0485933013,0.0227762477,0.0421182799,0.9037211334,2.3614113855,2.2664871e-07,5.0389004e-08,0.5311591107,0.2821300009,0.4638351405,0.0386986007
90232,1.3697828961,-0.373126521,-2.952992832,0.0,0.9230789603,2.7947543704,-0.102438479,-0.1487429,0.0832199851,0.0061038907,-0.040816795,-0.15722388,-1.050548905,0.0188611369,0.15722388,11,-0.019218121,-0.351912568,-0.196143181,-0.213667777,0.1020425339,0.2895763213,0.2358200058,-0.191693406,-0.208740129,0.6409020828,0,1.7652366478,0.0283925551,1.3606756347,0.0630562246,6.3834272637,4.6167021525,-0.157318207,0.0,0.0,0,,0,0.0,0.1282155888,4.0,3.0519013619,-0.103897145,-0.519153099,2.1849373544,-1.34257433,-1.065658247,0.1105099437,-4892.621707,0.0446872923,13.256425467,0.0005082308,0.0278056509,0.0389735735,-0.017658473,0.3175861822,0.0290234546,2.0,0.0131736527,0.1985720589,0.0656157341,2.0,14.443855815,0.4757534404,2.0849638711,0,-0.153568724,0.0197714791,0.0110717807,0.0207997629,0.6322297088,2.9397894123,3.6926614e-09,1.7278594e-08,1.2176134039,1.4825824013,0.3823996143,0.0542027173
91233,0.0683753854,0.0364232355,12.487471427,0.0057298372,0.085645457,0.0953932291,0.6120710059,0.0763235501,0.3871647241,1.251001596,0.260560249,0.0142031044,0.0580591651,0.0343085328,0.0142031044,9,0.0,0.256097561,0.1350347472,0.2039705507,0.000467724,0.5219512195,0.0641331064,0.0092683612,-0.09273116,0.5688003131,0,1.7674381228,-0.026375639,1.7674381228,-0.026375639,1.3839298758,4.383618695,0.5163912929,0.0,0.0,1,0.0046635576,0,0.0,0.7303580973,5.0,-0.003865719,0.0171350144,0.212347527,-0.851847515,-0.640899934,0.1743649335,-0.045229108,93806.259098,0.0286434127,18.465843509,-0.001910089,0.0639732844,0.1525608994,0.0003947768,0.3860871942,-0.007255413,1.0,0.0003328895,0.2843421125,0.0059541035,5.0,18.207394592,-0.117097178,0.8435206781,0,0.0654744878,0.0201363675,0.0086575743,0.0153605827,0.2962940258,1.1618168952,1.920397e-11,2.6638982e-08,1.0285346804,1.0578835888,0.0636240939,0.0216227855
90700,-0.301809087,-0.030062808,12.219562887,0.0,2.7210221127,2.211062087,0.1352307079,-0.048104041,0.4007008897,0.0115054602,0.0513616559,-0.023436346,-1.933622325,0.0280673084,0.0234363455,10,-0.000623918,-0.03125,-0.007240918,0.0482780016,0.0235960485,0.1129449273,-0.039228141,0.066568493,3.3337725082,0.4663766994,0,1.9527225937,0.0053252007,1.1382839764,-0.056373491,57.048649785,6.5359159253,0.0412835486,0.0,0.0,1,0.4913562185,0,0.0,-4.428422697,5.0,7.1130804086,0.0243593409,-0.169455697,-0.667422494,-0.546922905,0.0744744517,0.0203762655,-4205.458439,0.0410566741,11.330159882,-0.046565388,0.0015808226,-0.009579709,-0.103376428,0.0187711096,-0.032425387,1.0,-0.014637904,1.4680460335,-0.051270957,3.0,12.022325593,-0.367428213,1.5177659685,0,-0.131569503,0.1703057289,0.0522342654,0.0650779392,0.5749300961,4.5951509534,6.2428017e-08,1.2385451e-08,1.4208505749,2.0188163562,0.2213495057,0.0554405977
14542,0.2895217452,0.0385881231,3.6188380079,0.0,0.0737878722,0.1828586096,0.241781294,0.1822304364,0.4083122972,1.0253340956,0.1279911905,-0.069802894,-0.606547961,0.0619936705,0.0698028944,11,,0.122372058,0.1032344338,-0.127436493,0.0904925035,0.1926893606,-0.191673269,,0.1968983724,,0,4.8012496281,0.0479142645,,,1.0249398245,5.7114053306,0.7376005095,0.0,0.0,1,0.073110285,0,0.0,0.5175755077,5.0,-10.11946378,0.0623313617,-2.319094091,4.0675445144,-0.325299847,-0.232045219,1.0565659485,98593.130203,0.0288563477,18.593941823,-0.000166957,0.0286657013,0.0355957525,0.0049020213,0.5043422211,-0.04177808,2.0,1.17487e-05,0.8690071095,0.0795245431,7.0,18.734862128,,1.4450908456,1,-0.111549313,0.0116135916,0.015219042,0.0169632031,0.4270781469,3.2693036594,6.828809e-12,1.69782e-08,0.9514266851,0.9052127371,-0.045059778,0.0362279698
90285,-0.034836646,-0.093682573,14.66952181,0.0,0.2211038496,0.0,-0.660147369,0.5250148852,-0.656600141,0.0992631134,0.6180903307,-0.529527965,-1.020596627,0.001929545,0.5786463093,11,0.0296132969,0.0830188679,,,,0.051007927,-0.216886385,0.1252716068,1.4019144987,0.6717899979,0,0.4987021294,-0.16445572,0.4747280918,-0.204622724,0.0,0.0,-0.497861578,0.0,0.0,0,,0,0.0,6.2211441409,4.0,,-0.029412831,-0.125604372,-8.855239322,2.3658719509,-0.42660587,-8.755422439,-3429.768272,0.0248274717,13.269692029,0.0,-0.090361395,0.2758778956,0.0,0.1184400786,-9.4,0.0,-0.015576324,0.8958610617,-0.180425156,6.0,14.938415957,-0.36370676,2.7206174819,0,-0.25352422,0.2459015995,0.0896948199,0.1080849841,0.5712192865,7.6776721377,7.9675697e-09,8.1979023e-09,2.1736009258,4.7245409844,0.0035794451,0.1040329967
90533,0.9142150871,-0.02093166,-33.46367531,0.0543171294,3.9486704204,1.7029443223,0.0169074651,0.0804869138,0.2617171765,0.0040612763,0.1185274563,-0.200553293,-33.80952381,0.6273066775,0.2005532925,10,0.0,0.018018018,-0.035952069,0.0967675527,-0.011099647,0.2049443894,0.0329732087,0.2825375643,-0.05790126,0.5304935169,0,0.6416987114,0.0834233425,0.6416987114,0.0834233425,40.087382743,8.5556287031,0.2397417875,0.0,0.0,1,0.3286626958,0,0.0,1.0530363848,3.0,0.704962749,-0.114298499,-0.169462742,2.0509071167,-2.11641198,0.5354687929,0.5553954455,-1943.03471,0.0279332649,12.124751231,-0.007324217,-0.229051927,1.0433494835,-0.474900563,0.0046644595,-2.553119901,0.0,0.03,0.5051175529,0.1571952552,4.0,14.07645994,0.232265408,5.3615304518,0,-0.500704589,0.1813952774,0.0561625495,0.0786712124,0.4354133943,11.163568486,7.9599981e-09,3.8542007e-09,3.3482519805,11.210791325,-0.029498244,0.0884310917
90708,0.2277283404,0.0272860993,8.2394450777,0.0108763164,0.1271533415,0.2648672791,0.2052224281,-0.011048175,0.4282979582,-0.013810127,0.0751521902,-0.052606187,-0.688624666,0.0460759804,0.0526061868,10,0.0,0.0546984572,0.0885121143,-0.127726992,-0.054297007,0.4668725172,0.0727043113,0.0381713607,-0.053256975,0.3827646253,0,1.3608876664,-0.146452138,1.3608876664,-0.146452138,3.3845314643,5.2927892483,0.3782319339,0.0,0.0,0,,0,0.0,0.6387780204,4.0,-10.20021897,0.169201336,-2.386767692,4.0057511096,-0.078106221,0.2198867142,1.0406482583,-1364.791898,0.0288563477,15.088130793,-0.000538143,0.0319778541,0.0500897129,0.0006181155,0.2569363032,-0.008463248,2.0,-0.000872165,0.5572572964,-0.020543601,6.0,14.532911085,-0.068149273,0.5075310915,0,-0.111549313,0.018027395,0.0106842911,0.0176114525,0.4012543933,0.9351325736,9.952093e-10,4.6292556e-08,0.64617093,0.4175368707,-0.103860127,0.0237783953
90325,-0.414109964,-0.171649405,3.4127300234,0.0,1.2021067803,1.1552513103,-0.535881999,-0.231529154,0.8849916334,0.0605997825,-0.148370658,0.1415652237,0.7477893118,-0.300006995,0.1415652237,11,0.0543333879,0.081300813,-0.079408903,0.0632214222,0.0529654893,0.7977653631,-0.224485681,0.0519693654,0.0724662451,0.6644826012,0,1.2742778212,0.0773299883,0.8915981022,-0.088217517,4.8151560996,5.4029320988,-0.113320456,0.0,0.0,1,1.0,0,1.0,-2.065202529,4.0,-8.375463247,0.0714906566,-0.001261339,-0.441468107,,-0.819051057,-0.226813753,-3083.798943,0.0318276958,10.372999205,0.0,-0.049987466,0.0627399157,0.0213285176,0.1941299565,-0.006200589,2.0,-0.051624132,-0.061943038,0.0184726939,1.0,9.4893877944,1.0259974836,1.5052854123,0,-0.095378135,0.3387096822,0.1125236981,0.0984228125,1.3094598568,32.283284795,2.0040711e-07,6.1764365e-09,2.8997808582,8.4087290258,-0.816241506,0.1832419965
90427,0.2586031628,0.0370200043,16.932096793,0.0177719163,0.1396135129,0.6730611306,0.1515054897,0.0746293486,0.3308539681,-0.010276893,0.1564640713,-0.114995392,-1.20304061,0.0815565728,0.1149953921,11,0.0025285783,-0.052516411,0.1121641238,-0.227798855,-0.01652409,0.0910954887,0.0356356759,0.1235500955,0.0344298309,0.4938835,0,0.6840085011,-0.177836265,0.6179996388,-0.190806593,18.371008569,46.502307263,0.4778044675,0.0,0.0,1,0.0162152565,0,0.0,0.4893790447,6.0,-0.008100517,0.0575234475,-0.132307184,0.0041322798,-0.019927388,0.2893488915,0.0173027224,-1786.073832,0.0885157098,14.867587816,0.0001415029,0.0212111547,0.0317725753,0.0202516877,0.0731668734,0.0340658224,0.0,-0.000268817,1.9410047423,0.0250101257,6.0,15.470869868,0.1646130994,2.3863782872,0,-0.101596569,0.0201926846,0.0107229519,0.0184794854,0.257774187,2.4021817776,3.22685e-10,1.0501351e-08,0.6208372976,0.3854389501,-0.020667351,0.0262974636
14650,0.7835768963,0.0302747125,-19.12407587,0.000729032,6.4308645657,0.2560227988,0.0174712882,0.410345836,0.0417499339,0.8537151703,0.3663933376,-0.004897962,-1.007443082,0.0607747622,0.0048979618,3,0.0006460371,0.214953271,0.2270893555,-0.245951508,-0.070038415,0.1040302267,0.1027828836,0.0069995818,1.0208529186,0.6463641835,0,1.1563692861,0.0854436887,1.1545307317,0.0851482972,0.7955270908,0.0421733639,0.0069112276,0.0,0.0,0,,0,0.0,0.5563456115,5.0,-0.058025325,-0.002679344,0.171203237,-0.136646005,0.4789664865,,-0.018762879,-5347.597822,0.0286434127,11.956916851,0.0005170209,0.0018548187,0.0168550674,0.0375056877,0.0661136259,-0.140763391,0.0,0.000547046,-0.491944809,0.054907992,5.0,10.724181928,,0.3178860709,1,0.0654744878,0.0214739162,0.008775832,0.0155191088,0.7378388009,1.7722814443,3.8860696e-08,5.1174311e-08,0.0873303061,0.0076265824,0.8206766347,0.0299815554
90288,0.213040976,-0.488478364,0.4875677727,0.119866142,0.5041403668,0.3467655449,-4.483486239,0.0560340835,0.2860979902,0.3711738984,1.2251526929,-0.007928285,-0.011331445,-0.482943199,0.0079282851,11,0.0105410154,0.0666666667,0.044326577,-0.439049382,-0.089753029,0.4662379421,-0.292923916,-0.021857923,-0.529256428,0.8923912471,0,4.1104521868,-0.358945282,3.8584136397,-0.364387677,0.5978095858,9.5051724138,-1.312042696,0.0,0.0,0,,0,1.0,0.4293259208,2.0,-9.924460241,0.009642244,-0.015895485,0.1856828328,0.5864211095,-0.819051057,-0.409749956,-3098.206553,0.0318276958,8.9918375667,0.0,-0.199837834,-0.275731497,0.0514579936,0.7050815995,-0.190838023,0.0,-0.787671233,0.4822304388,-0.127353216,4.0,10.803230546,0.2228485875,3.3263477601,0,-0.095378135,0.0568181947,0.0306611291,0.053503738,1.0569692233,8.8453249077,6.2281567e-07,9.130166e-09,0.7141146306,0.5099597056,0.4009483211,0.0719306128
13713,0.8373385085,0.0651127403,-17.85674606,0.0104882364,8.283164142,0.3946354398,0.0229062197,0.1825456584,0.0415880677,0.2507845188,0.1753969538,-0.00296471,-0.387096774,0.090317672,0.00296471,5,-2.7632e-05,0.2167832168,0.1907313209,-0.081952885,0.0738103829,0.2616973217,0.0313053694,0.0006820042,0.3494454837,0.6159498031,0,1.0308204957,0.0403479433,1.0295047341,0.040639287,0.9167174911,0.0540982628,0.009956702,0.0,0.0,0,,0,0.0,0.5221472475,7.0,0.0205088242,0.0057706287,0.1730331828,-0.082884392,-1.040007813,,0.0107800307,-5353.749242,0.0286434127,12.350422343,0.000704586,0.0020702277,0.0233509674,0.0231781609,0.0400684475,0.0572538299,1.0,0.001677333,-0.012686976,0.0119982173,3.0,11.49647796,0.0352646673,0.3345481283,0,0.0654744878,0.0172413513,0.010520304,0.0210052627,0.4017419982,0.5688236112,2.4782408e-08,7.300294e-08,0.2264491167,0.0512792025,-1.288719028,0.0223683553
90227,0.3433231534,-0.023997272,12.624288105,0.0,1.3702104166,0.4257748412,0.0464403952,0.0757240347,0.1689140994,1.251001596,0.0454508232,-0.094363678,-6.447933884,0.1307355529,0.094363678,11,0.0,0.0857142857,0.2607467079,0.3168932428,0.002202555,0.2307030863,0.2933971154,0.0239786869,0.2235776414,0.2057245006,0,0.4393939394,-0.40219982,0.4265910797,-0.40219982,15.751661631,12.169589863,0.0778355195,0.0,0.0,1,0.9028293068,1,0.0,0.7395100534,6.0,-0.167818808,-0.030546418,0.0459154079,4.7521688279,-0.308444152,-2.277617903,0.8531535597,28029.302859,0.0314049921,16.071323571,-0.002673522,0.0014701323,0.007923796,-0.005860242,0.0131598394,-0.356511386,2.0,0.0192588981,-0.128624417,-0.00569281,3.0,16.588281139,-0.048145666,1.8409580244,0,-0.107492679,0.0303429458,0.0147268937,0.0203680907,0.1935288843,1.4069518002,1.482869e-10,1.2704357e-08,1.0459162406,1.0939407823,0.1364514581,0.0305253037
13879,0.6773230107,-0.102605802,-1.340927164,0.0,1.1840680734,1.6423643938,-0.06162312,0.0491255925,0.2471456256,0.0042874293,0.4325343857,-0.018481803,-0.379149135,-0.063702901,0.0184818031,4,0.0531893074,-0.548387097,-0.037474347,-0.083876593,-0.184216829,0.7068788501,0.752829669,0.0426346634,-0.209893123,0.6752252465,0,1.7968772729,-0.414605706,1.4740338457,-0.460261757,2.2828377117,2.2969274118,-0.036359299,0.0,0.0,1,1.0,0,0.0,0.5757372279,2.0,-0.224793335,-0.117823202,-0.589021676,5.0861686852,-0.705685404,-2.277617903,0.6587151061,-14745.9961,0.0314049921,9.4342871523,-0.000935759,-0.030895303,-0.100605385,-0.381288924,0.286028308,-0.012847594,0.0,-0.049328726,6.7901559184,0.0441377852,2.0,7.9251575122,-0.09163171,0.1851221863,0,-0.107492679,0.1762857437,0.0502855014,0.0635329366,2.0704223517,1.9371665478,6.8754196e-06,3.0000000931,0.4925539297,0.2426093737,1.4435407123,0.0723886345
90314,0.3028913163,0.0393030857,0.0302369776,0.0,1.973792723,4.3256213777,0.096798221,0.0221348115,0.2925485789,0.01001386,0.0286630872,-0.00432041,-0.24757536,0.0490335613,0.0043204102,11,0.0083320563,0.0570987654,0.1230744746,-0.051975286,0.1241650553,0.2483869211,-0.048157859,0.0084404578,-0.018478333,0.5774846486,0,2.8766277253,0.0258274926,2.0974030806,0.0368235346,11.980753592,6.0019369318,0.0684869329,0.0,0.0,1,1.0,0,0.0,1.7659411097,8.0,3.7847778816,0.1909292191,-0.050385864,-0.206961583,-2.543522983,-0.460439852,0.0079353949,-10293.8754,0.0588548821,11.234321106,-0.002372652,0.0053971353,0.0396719376,-0.094261988,0.2324750427,-0.002433367,0.0,-0.007444169,-0.130904879,-0.083051114,1.0,11.732526384,-0.104433702,0.9928156228,0,-0.156910843,0.0327868536,0.0262084149,0.0507712354,0.2744658121,0.9681876469,9.410608e-08,2.9178332e-08,2.1606018172,4.6682002125,0.0382715848,0.0539482417
13965,0.5075760725,-0.181547649,1.3012705161,0.0,0.0463485247,0.0,-0.986929954,0.4479625293,0.0,0.2010374594,-0.264175991,-0.114929333,-0.296420582,-0.127733189,0.1149293331,5,0.0,0.2307692308,,,,4.734939759,0.0567247531,0.0057767369,0.5883298445,0.6217294214,0,7.4835051546,1.9549590146,7.4835051546,1.9549590146,0.0,,-3.063257948,0.0,0.0,0,,0,0.0,-0.000224282,2.0,,0.0773757894,-0.07533887,0.4402420035,43.250901134,-0.696480341,0.2054945143,-5151.584109,0.0238858186,11.542437561,0.0,-0.07924926,-0.085770066,0.0,0.618856613,-6.166666667,0.0,-0.009807252,-0.276052125,0.0435164971,3.0,12.283706389,0.0733362372,1.5657575854,0,-0.25352422,0.0903426632,0.0388577553,0.0669327243,0.6155650563,3.5776655367,4.7570465e-08,1.7394919e-08,1.8533120328,3.4347654911,-0.012638093,0.1290078056
92453,0.4893288657,-0.30992219,2.0282687641,0.0,0.122538793,0.1269484879,-0.343270383,-0.195788716,-0.046060236,0.1691903648,0.4377039739,-0.315453562,-0.688902381,-0.096416055,0.315453562,10,-0.00336039,-0.333333333,-0.113668818,-0.156568226,-6.045797775,0.1522916264,1.1207046593,0.0012758162,-0.270010008,0.4103013383,0,1.7113766858,-0.182937431,1.6721858726,-0.168694769,0.6491925362,22.009929078,-2.859269176,0.0,0.0,0,,0,0.0,-0.056093929,2.0,0.9463451098,0.2677704791,-0.414089627,-53.95238753,-3.493942408,-0.25258127,2.3752013325,-2208.115519,0.0232932967,11.555571115,0.0,-0.040650296,-0.050124559,-0.046705016,0.3194610031,-3.521691585,3.0,0.0178719975,-0.221946566,-0.170500573,2.0,11.292179043,0.704766382,0.5346350214,0,-0.142502855,0.1071428582,0.0353277555,0.0641137066,0.7230126987,3.6652331658,1.3049842e-07,3.9536866e-08,1.6424819881,2.6977470814,-0.250229948,0.1074140533
90353,0.5459051522,0.038497021,5.8811587569,0.0,0.4097125987,1.5547716448,0.0829067936,0.078120031,0.4395207184,0.008057822,0.0745806954,-0.031587941,-0.755704353,0.0675893873,0.0315879412,12,0.0130028512,0.0588235294,0.0809074715,-0.026991043,0.0482604344,0.3856202644,0.1273670929,0.0220762175,0.0807917259,0.3592846863,0,2.181598258,-0.081179037,1.3735352239,-0.070224565,55.083528613,6.2921382326,0.1518282014,0.0,0.0,1,1.0,0,0.0,0.7577888168,7.0,26.161105484,0.0716278243,0.0597816204,-0.063438953,-1.621748065,-0.191613599,-0.025190957,-552.7427706,0.0463645568,14.749959681,0.0060806363,0.0195557908,0.0361391934,0.0378529004,0.0295366101,0.0029486774,2.0,0.0018467221,3.3499180402,0.1266434826,4.0,15.349454449,0.0166225934,1.9809384738,0,-0.034541484,0.0343690924,0.0143943799,0.0289160135,0.4021340925,3.1559258473,5.329089e-10,1.2578782e-08,1.5165369131,2.2998842088,0.0194573521,0.0354882642
90421,1.0897183654,0.0304727918,-27.93686581,0.0101898363,8.2402546478,0.3985227708,0.0210046352,0.0030853125,0.0355806203,-0.001719019,-0.000622519,-0.00989947,-3.026297892,0.1226925375,0.0098994702,11,-0.001612956,-0.050793651,0.2406606878,0.2430914456,0.0637996107,0.14780526,0.4092282701,-0.001154207,0.0320396226,0.5916538071,0,1.0746205896,-0.019178783,1.0726239793,-0.01718161,1.4696950396,0.055210056,0.0063863731,0.0,0.0,0,,0,0.0,0.3134282462,7.0,0.0825174156,0.0038559757,-0.094543685,0.1694954645,-0.266661164,,0.0431548963,-5353.730742,0.0286434127,12.044319546,-6.3426e-05,0.0006910992,0.0063818216,0.0054239628,0.0251519283,-0.050074387,0.0,-0.001553632,-0.502527982,-0.021469031,4.0,11.074140951,0.0553986265,0.3813926847,0,0.0654744878,0.0193825923,0.0066061895,0.0145552141,0.832370095,4.0347993553,2.7660212e-08,4.3099508e-08,0.1637684556,0.026820107,-0.801495903,0.0172241374
90423,-0.135727087,-0.04468349,7.6905265324,0.0351561165,0.4527313186,0.0051246548,-0.111041557,-0.234274978,-0.048175793,0.042854837,0.9495908493,0.0950911499,0.7778185775,-0.079439138,0.0950911499,11,-0.017301392,-0.548387097,0.7723833544,-1.348918421,-1.574866458,3.4228395062,2.4859950082,-0.10587225,-1.746681956,0.4758222692,0,18.33250945,2.2022838001,18.33250945,2.2727650376,0.0350647407,0.7993364929,-0.128504457,1.0,0.0,1,0.6484339255,1,0.0,-0.233055409,4.0,74.77710871,-0.024456085,-1.167129464,-8.956129763,-0.399144015,-0.42660587,-8.836791122,-3901.791707,0.0248274717,14.148608406,0.0005020651,-0.009920231,0.015592261,0.0149007575,0.4711549228,-0.012109599,4.0,-0.001392758,0.0145473575,0.0318392571,3.0,14.545196563,0.8386109378,1.3991214882,0,-0.25352422,0.0296180919,0.0232355304,0.0435612708,0.3638247207,2.2101369912,1.5683297e-09,1.7928166e-08,1.0923603934,1.1932512291,-0.070165383,0.069477175
13577,0.3823050547,0.0923588449,0.718502693,0.0149725632,0.5592000008,2.3276447687,0.1278896716,-0.034874709,0.4110910187,-0.028299629,-0.064189189,0.0085885807,0.0892531876,0.0841155236,0.0085885807,4,0.0104289908,0.0588235294,0.0378427034,0.0422958066,-0.065937166,0.1651835373,-0.101882887,0.0264358908,0.0104490885,0.5805638829,0,1.566395664,0.0364453948,0.9476061427,-0.022250041,24.84021544,7.736091697,0.2028795812,0.0,0.0,1,0.575,0,0.0,1.0526900845,5.0,7.1326942012,0.0421595768,-0.079382167,0.0166916482,-0.242462045,-0.001768067,0.0764244807,-3262.169819,0.0410566741,13.544038064,-0.000879198,0.019140947,0.0458132398,-0.046302889,0.1031317495,-0.006086968,0.0,-0.000345841,1.3362597902,-0.062222632,7.0,14.037173471,0.2519892576,1.3180661578,0,-0.131569503,0.0563055873,0.0285824048,0.0299062069,0.4987227745,3.3619611426,3.0091647e-09,1.5889939e-08,1.6379113349,2.6827535411,-0.019981622,0.0343933417
90312,0.3586323588,0.0835786998,4.1676687626,0.0095654643,0.2478454955,0.5438713387,0.2794466106,0.2839465253,0.3714495942,0.9934597384,0.2251687566,-0.076303365,-0.521504798,0.1271653928,0.0763033646,11,0.0116221212,0.6136363636,0.1744563882,-0.133257583,0.0512460804,0.063162067,0.0205946369,0.2155960648,0.2037986391,0.5840482887,0,3.7441583827,-0.080790116,2.7653877657,-0.048941126,5.0140188349,7.8584802566,0.4666671045,0.0,0.0,1,0.0023430429,0,0.0,0.6053130671,5.0,47.611101148,-0.083442503,0.4050131236,-8.461770317,-0.016580134,0.8475229571,-8.630186591,2571.006323,0.0248274717,15.693341466,-0.01256583,0.0339315581,0.0587836029,-0.009594558,0.2258435071,0.0102042831,0.0,0.0017344382,0.2744632412,0.0166587799,5.0,16.027815218,0.0616431724,1.5851610824,0,-0.25352422,0.0535458587,0.0254605938,0.0330883102,0.4350063318,3.0542778144,5.224672e-10,1.523994e-08,1.558069263,2.4275798283,-0.011412887,0.0333329608
14054,0.1116847337,-0.173914885,7.4320663413,0.0,0.0215592688,0.0,-8.183908046,-0.450988474,-0.597657158,0.0089239236,-0.607215241,-0.223432909,-0.250583551,-0.130334675,0.2234329089,11,0.0,0.064516129,,,,0.4012096774,-0.244505754,-0.042952105,0.0841027622,,0,6.0520756116,2.6428377566,6.0520756116,2.6428377566,0.0,,-1.974131476,0.0,0.0,0,,0,1.0,-1.490090786,2.0,,-0.029412831,-0.144107111,-8.708717942,1.2410011437,-0.42660587,-8.88768666,-5296.105117,0.0248274717,12.929926092,0.0,-0.302889744,-0.342489035,0.0,0.9605715558,-9.4,0.0,-0.008425334,-0.205266565,0.0192166455,3.0,13.661624359,-0.687478249,1.7199310125,0,-0.25352422,0.0638581216,0.028444084,0.0588829808,0.3075343746,2.2038110384,7.2149016e-09,1.4401959e-08,1.7302904689,2.9939051068,-0.188092735,0.1065070498
90090,0.3938491998,0.0468130975,-66.12128515,0.0,3.9164066742,0.1513484748,0.023765041,0.2208540657,0.0359760077,0.0639629543,0.2063340112,-0.004997253,-0.418497897,0.0664042804,0.004997253,11,0.005132799,0.0687830688,0.2186261769,-0.103309509,0.0417607587,0.2171919212,-0.0400487,0.0059080749,0.3868458876,0.4858093323,0,0.8196492306,0.0022725732,0.795410047,0.0028835185,3.2073739961,0.054215671,0.0134631667,0.0,0.0,0,,0,0.0,0.4472501568,7.0,0.0063778009,0.0005967565,0.0250330348,-0.526373701,-0.672027831,,-0.013133361,839.57245839,0.0286434127,15.815437336,0.0003647331,0.0032107676,0.0356478669,0.0066100237,0.0090224709,0.0034115359,8.0,0.0005088689,0.2620814408,0.0232405756,5.0,16.639385783,-0.185066866,2.2496817739,0,0.0654744878,0.0329807959,0.0184966289,0.0247785297,0.2697560164,3.387048443,1.94395e-10,9.7221088e-09,1.1221296665,1.2591749885,0.0109575518,0.0260239313
91400,1.2565712174,0.062331667,-10.64543162,0.0274024736,8.6424501787,0.3523058807,0.0252203775,-0.023196108,0.0311215927,0.0,-0.033633422,-0.001470326,-0.236278097,0.0770592747,0.0014703263,11,-0.002584456,0.0097087379,-0.016598454,-0.09265148,0.0809230456,0.0751445087,-0.210742836,-0.001739427,0.0551876984,0.5681625635,0,0.8930604518,-0.03402516,0.8852455483,-0.030844647,0.4253289538,0.0539405943,0.00853411,0.0,0.0,0,,0,0.0,0.2648434935,7.0,0.011974795,0.0007207348,-0.034041296,0.3363483165,3.2890955859,,-0.002478367,-5437.101502,0.0286434127,11.314965385,-0.000497215,0.0014570303,0.0109654411,-0.004655863,0.0776549036,-0.004183154,0.0,-0.007036874,-0.863546587,0.0572492955,3.0,6.7127131986,0.1371634873,0.0844038443,0,0.0654744878,0.2165637314,0.0481602925,0.0169645101,2.1904643941,2.0550233159,3.53718e-05,1.0000000975,0.1258352558,0.0158345116,2.8223223692,0.0218011365
19721,0.6261276896,0.0761500847,-1.160313739,0.0716639691,0.6855953238,1.9882042231,0.0820846976,0.2722945125,0.1613326879,-0.01107447,0.7880266227,-0.027097406,-0.42412356,0.1084471297,0.0270974058,11,0.0069043563,0.0495867769,0.0947736001,-0.170250438,0.2053368242,0.1542909541,0.0262518712,0.0611515272,-0.03469366,0.3338401551,0,1.2165570432,-0.117265421,1.0269533262,-0.110723994,18.687260923,13.31400175,0.2500113511,0.0,0.0,1,0.0058675904,0,0.0,0.255131087,5.0,-10.10902614,0.1649717982,-2.391879372,4.4041504588,-1.001027665,-0.199948293,1.1030194076,-3698.768838,0.0288563477,13.308146436,0.0099210398,0.0098928023,0.0217802472,-0.075158859,0.1022717242,-0.015705913,0.0,0.0003449465,1.294170698,-0.008689478,5.0,13.259444437,-0.146392449,0.8007505802,0,-0.111549313,0.020995561,0.0105150393,0.0199319668,0.4397935647,1.9723576201,3.6724458e-09,3.1101799e-08,0.7996274744,0.6394040978,0.0334765594,0.0340569889
90098,1.3357163627,-1.190958076,-0.54363636,0.0123175614,0.4741645277,0.1067932577,-4.275682955,-0.172663288,-0.626773649,0.1977386546,0.026944111,-0.021692576,-0.03627744,-0.887213573,0.0216925755,9,0.0,0.0,0.5996309963,0.1017954985,-0.356165849,0.4496124031,0.7663344408,0.0047578829,-0.226064304,0.914348011,0,3.870278927,-0.175063796,3.870278927,-0.175063796,0.0716854769,0.5011560694,-2.531192419,0.0,0.0,0,,0,1.0,-0.794454555,3.0,45.84715121,-0.015491231,-0.20862324,-7.484686313,0.834421204,0.0508605982,-9.223719573,-5531.128977,0.0248274717,9.5379865945,0.0085994309,-0.087988827,-0.112406639,-0.001311112,0.8402528744,0.076758934,2.0,0.1255246833,-0.508287588,0.0213686824,4.0,8.9727409366,-0.013565839,6.5808162823,0,-0.25352422,0.1000000238,0.0388000375,0.0885337553,0.852025548,3.5974255975,8.0933398e-07,2.8057783e-08,2.0190260681,4.0764662635,0.5390088577,0.1410305
90455,0.1793550815,0.0183768741,6.418190836,0.0094843205,0.0274092152,0.1462772258,0.1607863154,0.0825625901,0.4492935908,0.0141286464,0.1633083566,-0.100583906,-1.088547683,0.0383809779,0.1005839063,11,0.003074424,0.0660633484,0.1866681227,0.1066006975,-0.003269461,0.2086047472,0.1122784536,0.0303571622,0.0711999728,0.7839915416,0,8.3596755378,0.1015781372,7.2496134125,0.1057320244,1.1835513032,11.02360515,0.9878110716,1.0,0.0,0,,0,0.0,0.5125185916,6.0,3.1316693422,-0.009543233,-0.101177182,0.9945095399,-1.130698117,-1.988303288,0.1300297847,-3187.668527,0.0446872923,14.736502512,0.0068143795,0.0268208408,0.0315732801,0.0063578043,0.5467138324,-0.018000693,2.0,0.0001953125,0.7148563853,0.067979943,7.0,15.012471934,-0.207502759,1.4622703168,0,-0.101630079,0.0369845517,0.0147269417,0.0240295888,0.1800279837,1.1302899179,7.253771e-10,1.6996591e-08,1.2152804735,1.4769066293,-0.001463113,0.0291471537
90274,0.5582989562,0.0786046365,-15.6298988,0.0294322854,5.3850582888,0.3262783908,0.0350293073,0.2428026091,0.0643639737,0.0097405729,0.261792902,0.0234834442,1.6021543986,-0.047332128,0.0234834442,11,0.0217603426,0.023255814,-0.097226127,-0.229712375,0.0115271715,0.070025989,0.2289707572,0.0226751749,0.0852590691,0.5984105425,0,1.1440426346,-0.091710446,1.0844405203,-0.108962865,1.0316264791,0.075734666,0.0168535646,0.0,0.0,0,,0,0.0,0.5983277372,2.0,0.0223019759,-0.012480439,-0.02049422,-0.361923945,-1.145671837,,-0.126869769,-5321.330422,0.0286434127,12.244361186,-0.000587138,0.0033821504,0.0377362101,0.0113852292,0.0401223721,-0.002865288,0.0,0.000490918,-0.007362418,0.0706353448,2.0,11.056851246,-0.145977915,0.4430471508,0,0.0654744878,0.0366972126,0.0161618966,0.0259823729,0.5575307837,0.6944194422,5.5841015e-08,7.6806322e-08,0.6741675135,0.4545018363,-0.014565723,0.033150644
90249,0.3669737656,0.0640015811,4.328105875,0.0112112622,0.3922020198,0.8850295248,0.1469653779,-0.06839824,0.300600209,-0.061203187,0.0555295182,-0.005923425,-0.073310595,0.0686935751,0.0059234254,11,-0.011074928,0.0,0.0125600491,0.094813893,0.0084451704,0.1598412796,0.0962685673,-0.018526542,-0.166480798,0.4704320489,0,2.8461018388,0.2721858595,2.0684517423,0.2809276504,9.3169071958,4.7978552895,0.2203539864,0.0,0.0,1,0.6553522067,1,0.0,0.5415732645,7.0,3.1137754557,-0.050232508,-0.16724053,1.1821282239,-0.707742391,-1.547112396,0.1603423819,-2288.179647,0.0446872923,14.745822888,-0.003712497,0.0170080819,0.0366467219,-0.025560287,0.1407524006,-0.001490088,0.0,0.0007465472,0.1994265907,0.0231365105,6.0,14.776985944,0.0596417111,0.969888198,0,-0.101630079,0.057783708,0.0198475739,0.0235398959,0.3797252132,1.5599858978,1.5606767e-09,2.6536208e-08,1.5027231946,2.2581769995,-0.000763783,0.0289280349
90374,0.6044554603,-0.161842643,4.1086539658,0.0,0.4047514015,0.3578688161,-0.306018925,-0.134339213,0.0207340689,0.0131983538,-0.108150227,-0.069371271,-0.475330573,-0.084913887,0.0693712706,11,,0.2272727273,-0.031535571,-0.074705366,-0.813956388,0.2416517632,0.1200281723,,-0.176850003,,0,,,,,11.51187974,1.5853589631,-0.323855829,0.0,0.0,0,0.0,0,1.0,0.0154890927,2.0,-0.860159906,-0.051756813,0.1676767591,-0.064301883,-0.679578883,0.2654923713,-0.178256041,241.23966113,0.1328736255,14.960288546,-4.443e-05,-0.001749867,-0.003271352,0.0522432824,0.0466853874,-0.357427411,3.0,0.0051575931,1.3034138917,0.1420624149,4.0,15.160594234,1.1956627398,5.2660787876,0,-0.090489243,0.2406832278,0.0664075016,0.0319390876,1.3254386327,61.413279121,7.489235e-10,2.0397954e-09,1.1434546352,1.3074885027,0.0274820298,0.0553821021
90444,0.6261014117,0.0437765129,0.1930704685,0.0077199915,1.0784638285,0.4520691298,0.0706204412,-0.017540252,0.1206594509,0.0016717626,-0.056219164,-0.074306661,-2.935532096,0.1722838715,0.0743066614,11,0.0005685602,-0.024933215,0.0492930937,0.4952671148,0.2832833148,0.0585962883,0.0799111853,0.0380951852,0.0575688512,0.5317570034,0,1.3310814423,-0.142764966,1.1137188765,-0.155815462,4.1918818082,9.4512592693,0.1133514142,0.0,0.0,0,,0,0.0,0.2356852362,7.0,-0.728098088,-0.077054588,-0.284008424,9.3463201246,-11.79178438,0.2636518361,0.0812733824,-6504.533939,0.0257826007,14.576301095,-0.020560216,0.031687861,0.0805250386,0.0135495096,0.1058743411,-0.098505812,3.0,-0.000293858,0.1378007176,0.0137662154,4.0,14.22195251,0.1268147595,0.6592832557,0,0.080304809,0.0215054136,0.0099223396,0.0162471134,0.3109695697,0.7500521485,1.9545818e-09,4.2899788e-08,0.9881088889,0.9763591763,-0.070269013,0.0301976821
92332,-0.467861017,-1.190958076,-4.841741772,0.0,14.559695586,8.2257963184,-0.09294616,-0.050042994,0.0285558433,0.1116172304,-0.020976379,-0.070878015,-3.829957104,0.6273066775,0.070878015,10,-0.021495819,-0.060220994,-0.070760106,0.3840552227,1.3996939633,0.0623904828,-0.108852622,0.1055326738,0.1309683404,0.5869433738,0,0.4393939394,-0.200173795,0.3615871455,-0.206683928,6.1873658835,7.2901923322,0.0150446778,0.0,0.0,1,0.5366422808,0,0.0,0.1031240064,3.0,-0.152805557,-0.009819457,-0.229997937,-9.017712676,4.3041944324,-0.055480323,2.3752013325,-2169.771752,0.0457306398,10.039060731,-3.3595e-05,-0.002058146,0.0026501319,-0.954296447,0.0154271427,-9.4,0.0,0.0187314676,7.1158268134,0.0213760585,3.0,12.38826059,0.1475047613,3.6067562411,0,-0.034541484,0.0763888136,0.0392942832,0.0710907849,0.7693145636,3.6197700015,3.0772566e-07,1.7702732e-08,1.3587760518,1.846272359,0.288769777,0.1037303118
90404,0.8585269048,0.0566801945,-9.139670682,0.0422692655,0.4569186116,1.0513359183,0.1475197509,-0.059935033,0.187196725,-0.079841857,-0.259960376,-0.110417854,-5.11293422,0.3464823006,0.1104178538,11,-0.036082367,0.0055401662,-0.06750641,0.0736386701,-0.03739905,0.310824091,0.1537909779,-0.038001691,-0.014991156,0.5287919892,0,10.51001863,0.6104872406,1.3148929698,0.5358190679,7.1124273771,13.214785951,0.1400485077,0.0,0.0,0,0.0,0,0.0,0.5586717038,4.0,1.3595385106,-0.011766701,-0.082320406,0.4239833042,-1.364153094,-1.481887918,0.3184777664,-6820.437294,0.0558672041,12.038691534,-0.003240877,0.0006385033,0.001803906,-0.036320427,0.1698835122,0.0084565387,0.0,-0.011603376,0.0500286046,-0.014098059,4.0,12.326615177,0.1278518931,1.122432744,0,-0.168614603,0.037974786,0.0234528684,0.0316078818,0.4678375677,3.3536147921,1.7511951e-08,1.8425283e-08,0.9773207378,0.9551558245,0.0140928621,0.0288681482
14133,0.3209373933,-0.022195595,1.9710073726,0.0,0.1252263739,0.0,-1.238930397,-0.00857098,0.0,0.0479852072,-0.41504717,0.0904502231,1.8262056415,-0.062729315,0.0904502231,5,0.0,0.0,,,,0.0253302123,-0.343206711,0.1516524939,0.3601814602,0.8569866703,0,51.70644176,0.7173398167,44.355703986,0.7173398167,0.0,,-0.112794262,0.0,0.0,0,0.0,1,0.0,-0.163699392,3.0,,0.0773757894,-0.3061081,0.2536033243,11.659299584,-0.696480341,0.2704983886,-5136.269009,0.0238858186,11.495770178,0.0,-0.029578835,-0.041118732,0.0,0.6969431901,-9.4,0.0,-0.031505674,-0.17816646,-0.00748691,4.0,12.001193433,0.7014702938,1.0040363618,0,-0.25352422,0.0723404586,0.0412558788,0.0880506018,0.4443188803,1.4938192025,7.9803821e-08,2.8735828e-08,1.2409230735,1.5398900742,-0.01378197,0.100276146
90833,0.1278857453,0.0172780394,15.46089155,0.0062887188,0.5798682205,1.1787872146,0.0879119794,0.5414476205,0.3995745886,-0.016400097,0.7944091459,-0.051674812,-1.744974763,0.0474277822,0.0516748118,10,0.0008400063,0.1727386935,0.0824254509,-0.087860492,-0.02051546,0.3220935432,0.2141361419,0.0200298788,-0.037297245,0.2359360796,0,1.0288192171,-0.057687115,1.0058902118,-0.05540474,32.601038096,9.8733084441,0.094404613,0.0,0.0,1,1.0,0,0.0,1.350156445,3.0,-0.032665579,-0.470207483,0.1289886595,-0.792337156,-0.732349999,1.6201205221,-0.032109859,-3537.670072,0.0286434127,15.088860238,0.0024529386,0.0163184897,0.0817663252,0.0453582796,0.0297747909,0.0001816457,3.0,0.0004761149,1.3964283633,0.0431543477,4.0,15.776782315,0.1864780385,2.540575362,0,0.0309120536,0.0217158068,0.0091724484,0.0114338473,0.3568997576,3.6226752456,2.116372e-10,9.1258761e-09,0.6507526717,0.4234790397,0.3358015186,0.0304851022
90371,0.2797629845,0.0411570395,2.0583686664,0.0,0.327918039,1.1243649273,0.1234197219,0.0894565407,1.019420269,-0.00149537,0.037885934,-0.100920589,-1.428909623,0.0999667293,0.1009205893,11,0.0083157936,0.0238095238,0.03504639,0.2469154589,0.0838893855,0.2851862473,0.0531327722,0.0093813257,0.1568313781,0.6446238128,0,1.4712121671,0.0854501989,0.9470364427,0.1897056743,5.8991730567,34.233836489,0.2871804915,0.0,0.0,0,,0,0.0,2.3506221116,6.0,1.4550031353,0.0308113818,-0.156521518,0.0189312137,-1.380658857,-0.254168522,0.4673398867,-4818.85394,0.1116949983,12.246212942,0.0003602779,0.006002793,0.0111993612,-0.003263133,0.2108955615,0.0307556041,1.0,-0.006352567,3.1429634474,-0.107170925,5.0,13.108678792,0.002125365,2.1310110844,0,-0.152504436,0.0239615999,0.0133985338,0.024028686,0.438875571,2.8985090937,1.0531199e-08,1.5681802e-08,0.926675888,0.8587282014,0.006056566,0.0645136038
90488,0.2735206871,-0.266094888,3.5572071245,0.0,0.0745608599,0.2211811396,-1.789015177,-0.378845807,0.2221510499,0.0105740635,-0.226103155,-0.137057342,-0.233960037,-0.203839318,0.1370573418,11,0.0518842298,0.3069306931,0.3463980881,0.6426523446,0.1653850477,0.6523090586,0.1980545056,0.0925596013,-0.410558886,0.7139370952,0,3.5476004377,-0.289503797,3.080819134,-0.369987487,1.206879667,7.9508064516,-2.728275138,0.0,0.0,0,,0,1.0,0.2682749952,3.0,-9.25837552,0.0917189822,0.2243685415,0.2461625439,-1.233072146,-0.819051057,-0.130646075,-3024.956253,0.0318276958,10.1919288,0.0,-0.261268267,-0.767101132,0.0206160925,0.4038424885,0.0440932164,2.0,0.0,0.9202379745,-0.113173785,4.0,10.221143867,-0.352895823,0.5248651207,0,-0.095378135,0.1133332625,0.055262817,0.1052193797,0.7457162295,1.1644052983,1.4326167e-06,5.8208125e-08,1.1872404447,1.4095398734,0.3106924392,0.0929572333
90476,-0.097082823,-0.31156707,-1.854443247,0.0,2.4834250783,2.1851607698,-0.122564031,-0.009001565,0.1189366902,0.0178631131,0.4413537811,-0.028521979,-0.236145635,-0.237991866,0.0285219787,11,0.0560196387,0.2,-0.12174534,0.0603355848,-0.307946112,0.253164557,-0.121157324,0.0601979641,-1.511644658,0.5958515621,0,7.0551212402,-0.178103676,1.2667285014,-0.445703944,5.170313679,148.08907823,-0.145973227,0.0,0.0,1,1.3156996587,0,0.0,1.0103241297,2.0,3.0233208019,-0.293638224,0.1622554934,12.374286127,-0.354257286,0.0205624762,2.0968574005,-813.9997019,0.0796288203,8.5584810085,-0.001856004,-0.01759422,0.4126323752,-0.522590273,0.0713494089,-0.009003855,0.0,-0.080120766,-0.514259487,0.0436729863,2.0,6.7988216996,0.1062874182,0.1645639664,0,-0.186226261,0.1052631214,0.0377495596,0.0350677171,1.2528141537,0.6087442747,2.93487e-05,1.7115414e-07,0.1560233768,0.0243432941,0.4420948913,0.0822506345
88148,0.0675659894,-0.072527215,4.2755198942,0.0,0.1934243133,0.0959349807,-1.03557573,0.7389216931,0.5607858286,0.1176012335,0.7480912221,-0.037334784,-0.105805101,-0.064853466,0.037334784,8,0.0411965399,0.7083333333,3.1190730204,2.7026186714,-0.321614127,0.1763605442,-0.269536419,0.1002336148,0.7131956598,0.8708462812,0,5.8930288462,0.8428910342,5.5793612637,0.8009031657,0.459712254,9.3221998659,-0.467622437,0.0,0.0,1,0.4594594595,1,0.0,1.6451172559,4.0,50.978124424,0.2224263682,0.4997100933,-8.752836687,2.5216452791,0.5733941298,-8.82220545,-4822.948237,0.0248274717,12.945285704,0.0001983033,-0.055837097,-0.120536083,0.0041009274,0.8314847943,-0.040310615,0.0,0.0,0.2559802247,0.1336489078,4.0,13.991284203,0.3623799114,2.6207149863,0,-0.25352422,0.2441113144,0.0656494521,0.0678341161,0.642366755,8.9371836114,8.2569396e-09,9.2454851e-09,1.8128957226,3.2865909011,0.0310042785,0.0858780582
90487,1.1558010813,0.0687946925,-10.40991744,0.0176519884,10.037853466,0.4327031049,0.01607078,0.0046135084,0.0309642291,-0.073880921,0.0056006347,-0.002372846,-0.385201651,0.0952945217,0.0023728459,11,0.0001486697,-0.005319149,0.0045137568,-0.034711433,0.0425259568,0.0994560995,1.1785858586,-0.000118622,-0.003878633,0.6254868534,0,1.0862633691,0.0180920837,1.0854375297,0.0179266876,0.493269578,0.0511784625,0.0082694591,0.0,0.0,0,,0,0.0,0.2973461491,7.0,0.0110120473,0.002075912,-0.049069183,0.2355781804,-0.741938413,,0.0157568805,-5406.935062,0.0286434127,11.648490123,-5.7691e-05,0.0016378304,0.0156150593,-0.000573037,0.1082140937,-0.004618679,0.0,0.0006218905,0.7504398474,0.0407560347,3.0,10.26762223,-0.072211749,0.1683302142,0,0.0654744878,0.0099132499,0.0049079366,0.0083029487,1.2725441606,0.7778230297,2.6202159e-07,1.0000001967,0.0517292917,0.0026759196,0.8497354976,0.0175162969
90496,-0.349940806,-0.13474654,-5.923078284,0.0,5.5853761927,8.2257963184,0.0349137447,0.0164753718,0.4320711519,0.0254665203,0.0724879883,-0.002938569,-0.113249712,-0.119486533,0.0029385688,11,0.0354760631,0.0,-0.080195746,-0.041871628,0.0785442076,0.0899902154,0.0968106549,0.0403567401,3.3337725082,0.550772497,0,3.53878303,-0.058973089,1.4700192764,-0.118491795,437.72512163,13.694714848,-0.007917909,0.0,0.0,1,1.0,0,0.0,-4.428422697,3.0,-0.133057828,-0.259812159,-0.169776943,-0.933539815,-0.609027746,-0.055480323,-0.378762958,-2107.733672,0.0457306398,11.007687228,0.0009690401,0.0008996642,-0.016234988,-0.511299209,0.0115291678,0.0028345316,0.0,0.022678272,0.6452557434,-0.153760851,1.0,9.2997111536,0.3029373507,0.1485944667,0,-0.034541484,0.1436949968,0.0570143941,0.076056716,1.1630533983,0.6721803505,1.8760789e-06,1.5091654e-07,1.0698262076,1.1445281145,-0.241808472,0.0671298047
90568,0.549886654,0.0372816076,-6.6897254,0.0,0.9873721217,1.3860853472,0.057522538,0.7300005473,0.2891479232,0.0861531773,0.9246871771,0.0344951318,1.2113191609,-0.007878318,0.0344951318,10,0.0980168507,0.3233532934,0.0775649605,-0.653382868,-0.029668251,0.1584968453,-0.552311699,0.2423739944,0.2326716947,0.3884616716,0,2.0666650859,-0.186861437,0.9144960698,-0.109375833,60.430434783,3.7884430545,0.0816844845,0.0,0.0,1,0.5102110703,1,0.0,0.5846030756,1.0,7.1196371742,-0.394771603,0.1851475969,0.1842732475,-0.810735341,0.5820869293,-0.015569361,-4260.488119,0.0410566741,11.581300099,-0.007664274,-0.002934909,-0.011506902,-0.166558709,0.0101582688,-0.09353224,0.0,-0.016014235,-0.177832634,0.0692739962,1.0,11.12896037,0.3890600598,0.657964364,0,-0.131569503,0.0452079549,0.0168344714,0.0511828096,0.6804139095,1.8174299084,9.7457718e-08,3.4260592e-08,2.5603865568,6.5555793204,-0.008940335,0.0577926964
90505,0.1553758567,0.0611852641,9.6666720601,0.0513646836,0.2873586369,0.3141264321,0.2391484238,-0.015955324,0.3009307144,-0.024972426,0.0088760097,-0.088374085,-0.701328825,0.1040962535,0.0883740846,11,-1.2066e-05,0.0,0.0591118953,0.2017465776,0.0344369551,0.0641046843,0.0270607778,0.034943618,-0.058953539,0.6065757459,1,1.9135522512,0.0858009537,1.8981885306,0.0853372195,4.1515304372,9.6532428454,0.2945860326,0.0,0.0,1,0.9996398432,0,0.0,0.8551229705,7.0,3.7225662208,-0.301329107,-0.070726104,-1.167970292,-0.28527126,-0.33029282,0.0243100111,44229.788441,0.0889184991,17.395734186,0.0011112331,0.0240352174,0.0734450286,-0.021160221,0.0908642635,-0.036839993,1.0,0.0002633658,-0.119204807,-0.019895262,6.0,17.877465388,-0.025721831,1.4074010227,0,-0.017965162,0.0292752031,0.0237716049,0.0273742457,0.4726020796,4.9963138348,4.977873e-11,1.4473311e-08,1.4703494892,2.1619276204,0.0050259385,0.0338472237
90600,1.1679189699,0.005631623,-9.066219865,0.0,3.0712424619,0.1136429303,0.0114327475,0.2071726882,0.0233762933,0.3391746411,0.0180673246,-0.003839583,-2.642209984,0.0205115535,0.0038395827,11,-0.000176064,0.0358649789,0.0952022832,-0.111944391,-0.047791736,0.0800153139,0.1597449098,-0.000457834,1.3598779807,0.4375549259,0,0.9848664652,0.3090827814,0.9844844159,0.3097149788,0.3339546534,0.0544206801,0.0028804572,0.0,0.0,0,,0,0.0,0.1658681642,5.0,-0.054504037,-0.001663021,0.0012256646,0.3193553367,42.777800678,,-0.065877137,-4102.747877,0.0286812661,13.981298984,8.41099e-05,0.0007023528,0.0025493093,0.0045287715,0.0238566731,0.0095196051,1.0,-0.00087184,-0.370754119,-0.00155747,3.0,13.868406124,-0.179265109,0.9580981097,0,0.0654744878,0.0176141132,0.0090829551,0.0182212224,0.4093917923,1.8590492886,1.3968559e-09,2.4387158e-08,0.6942788022,0.4820230552,-0.093627984,0.0279869102
90637,0.9608794025,0.0183304658,-32.41878105,0.01824834,3.0401964448,0.144738409,0.0181376164,-0.072873908,0.0256126269,-0.114719749,-0.065318716,-0.000551018,-0.125,0.020621774,0.0005510175,11,0.0010052613,-0.065789474,0.0027309968,0.0289875259,-0.03688959,0.2037533512,-0.152513405,0.0012750175,-0.095993819,0.4845720203,0,0.8896114212,-0.051647862,0.8872310819,-0.053256194,1.5635202271,0.0563728077,0.0066192841,0.0,0.0,0,,0,0.0,0.1039907282,6.0,0.0195413444,0.003972172,-0.100428788,0.1123157692,43.250901134,,-0.065766916,-4980.517617,0.0286812661,11.657845743,-0.000175077,2.58058e-05,0.0001065635,-0.002069569,0.0231368114,0.0157484423,0.0,-0.00306329,-0.554482429,0.0088788997,3.0,10.111155146,-0.165504566,0.2172187074,0,0.0654744878,0.0244956873,0.0132666003,0.0204988554,1.376360002,0.6884191523,4.1980515e-07,1.5781968e-07,0.0566437965,0.0032085197,1.1024979455,0.0183810499
90718,0.9077752955,0.1705914088,-20.59939175,0.007090124,5.247401646,0.2354610034,0.0210772434,0.0081288173,0.0369759369,0.0048555839,-0.022440329,0.0156005268,0.5606194908,0.07495454,0.0156005268,10,3.56286e-05,-0.09375,-0.025518896,-0.093163515,0.0106361979,0.1321822318,-0.106442043,-0.000681071,0.2305681928,0.6275625088,0,1.021937538,0.0117354461,1.0166904209,0.0115820731,0.9408704117,0.0478165335,0.0357272868,0.0,0.0,0,,0,0.0,0.3060349491,5.0,0.6548337915,0.0007207669,-0.137500034,-0.012447605,43.250901134,,-0.004583101,-5260.405182,0.0286434127,12.414948468,0.0010528294,0.0016315469,0.0110933751,-0.001020249,0.0429432809,-0.018793824,2.0,0.0,-0.355499157,-0.009272,4.0,11.907189246,0.0369073975,0.9094617185,0,0.0654744878,0.0398305319,0.0129091367,0.0195777002,0.9010682078,8.4724625522,8.7387971e-09,1.1859248e-08,0.6310069908,0.3981698224,0.0409934472,0.0233286671
90540,0.6138855951,0.0186934775,-14.96400286,0.0161283377,2.3610882703,1.0166142393,0.0044871275,0.0806157306,0.0100688066,0.0067137989,0.095239406,-0.044640912,-6.839379648,0.146545267,0.0446409121,10,0.0,0.1051724138,0.0567823733,-0.034289275,-0.396496451,0.2246311843,0.433804978,-0.000132403,0.0278326577,0.2393507217,0,8.35006437,0.2135402671,8.35006437,0.2135402671,7.7828671556,1.2998946437,0.0124150444,0.0,0.0,0,0.0,0,0.0,0.0457869219,5.0,-0.026510521,0.0406177749,0.0413787849,-0.237306318,1.37054729,-0.554866256,0.0480614692,-9070.919278,0.0331128264,13.326970682,-0.000453915,0.0027522347,0.0139905207,0.0155161113,0.0592984481,-0.001666314,0.0,0.0011244378,0.062693512,-0.045220949,4.0,13.403984482,0.0488951982,0.5303288835,0,0.048781298,0.0170511603,0.0082339462,0.0137326423,0.569798329,0.988948766,8.7518866e-09,6.7079897e-08,0.6460883554,0.417430163,0.3085002776,0.0484612563
90417,0.9764824439,0.0103981491,-69.11580924,0.0,7.9610380787,0.2987533544,0.015046714,0.0272471526,0.0253514345,0.0,0.0299544909,-0.004335359,-3.676950998,0.0486316338,0.0043353591,11,0.0032226312,-0.016528926,-0.034459624,-0.008039315,-0.018530167,0.1227743821,0.1163067133,0.0026722251,0.0056947387,0.3573849717,0,0.6501687446,-0.055769321,0.6413470491,-0.062112891,2.9723995494,0.0706595967,0.0024367216,0.0,0.0,0,,0,0.0,0.2271675964,4.0,-0.032198002,-0.001765342,-0.05116824,0.1279188107,42.694043243,,-0.037757056,-5049.291917,0.0286812661,11.111655109,0.0001229027,0.0008572617,0.0078463203,0.0003037982,0.0100482787,0.0047153157,0.0,0.0016469059,-0.823283956,0.0133605017,3.0,9.835743855,-0.172748038,0.2375211506,0,0.0654744878,0.0107015641,0.0062987137,0.0076813938,0.9888002177,0.8516643097,1.8769328e-07,2.0000001366,-0.019787883,0.0003915603,0.5659730079,0.0349953355
90409,0.3838665509,0.0505216733,2.867703798,0.0,0.3548807067,0.5682942094,0.1395830228,0.3052326107,0.3513775971,-0.016083946,0.5626899611,-0.066031387,-0.852639435,0.0935984443,0.0660313865,11,0.0,0.1055469954,0.1287375173,0.022611195,-0.005060054,0.6692929248,0.0986715178,0.0244297651,0.1327074816,0.3654739453,0,2.7563784188,0.7537150964,2.7563784188,0.7537150964,3.4616735183,4.4873862644,0.2392951584,0.0,0.0,1,0.4384600368,1,0.0,0.570355521,4.0,0.8217302165,-0.033769274,-0.018823307,0.048428126,-1.028216668,-0.145041565,0.0610061167,-590.2270293,0.0772902197,14.005226214,0.0053115176,0.0111147701,0.0228063085,0.0153152265,0.0105821354,-0.025637787,2.0,-0.000319846,2.8498657721,-0.270172095,7.0,14.933994762,0.3545790488,1.9752825184,0,-0.045482084,0.0262967143,0.0191373974,0.0319299616,0.3356598083,2.7211148358,1.4048914e-09,1.335669e-08,1.1441678019,1.3091199589,0.1030902623,0.0401215399
90548,0.2152315183,0.015235313,9.9582734232,0.0,0.6371188015,0.8874302825,0.079700968,0.0101141193,0.420631242,0.0087003454,-0.021085452,-0.103731841,-5.874501718,0.1047351855,0.1037318414,10,0.0053495795,0.0,0.0406709316,-0.056926719,0.0206080737,0.5735047043,-0.072670376,0.0331868014,0.1208964991,0.2635573674,0,1.2261004672,-0.104588379,1.0482859738,-0.118040902,17.630054918,6.8298170683,0.1346638201,0.0,0.0,1,1.1482070988,0,1.0,1.7217362853,7.0,-10.07153023,0.1437673066,-2.441466149,3.9932542876,-1.0852725,-0.734120243,1.0993074635,-3756.912498,0.0288563477,12.177133286,-0.062299301,0.0961391205,0.6755692432,-0.001391261,0.0432237656,-0.009012155,3.0,-0.003361345,2.7627321673,-0.236529723,4.0,13.279574797,-0.065957783,1.395504604,0,-0.111549313,0.0682415292,0.0372312442,0.0459174896,0.4412578304,2.0187082602,4.1391844e-08,2.5581911e-08,1.088973664,1.1858636409,0.1116096787,0.0572676176
90803,0.229790014,0.0107494129,80.572832759,0.0473232432,1.3507946072,0.4535614413,0.0310844094,0.2706266189,0.2249524716,0.2570822414,0.187025521,-0.087063277,-11.46333046,0.1339734848,0.0870632766,10,0.0,0.288625904,0.0567857481,-0.503582364,-0.019985221,0.131622176,-0.16328049,0.2150135803,1.1787071986,0.3076490847,0,0.8594906295,0.1532283128,0.8594906295,0.1532283128,95.184608474,6.5895974128,0.0943139688,0.0,0.0,1,0.6932028158,0,0.0,2.1005993209,5.0,-0.201795234,-0.036364443,0.2488270262,4.6386356885,-0.374980504,-2.942163884,0.8563914916,-13428.07696,0.0314049921,13.995733388,-0.001132506,0.0011676461,0.0092267651,0.0461498109,0.0108275441,-0.517813192,1.0,-0.001037883,0.1587265915,-0.039822236,2.0,14.26270309,0.0202132553,1.0065008554,0,-0.107492679,0.0147306556,0.012057505,0.0216566879,0.3701782863,1.5552086991,1.7464696e-09,2.4373656e-08,0.99102693,0.9821343761,0.0204950634,0.0302222364
90386,0.637917021,0.0613057383,0.9572984924,0.0227974382,0.4507277032,0.5397360539,0.0828146927,-0.064999489,0.1390815178,-0.137242198,-0.081497316,-0.066871052,-1.229924169,0.1367071476,0.0668710521,11,0.0150857626,0.1097560976,0.2142234617,0.0418561698,-0.080300847,0.0851415626,-0.088926855,0.083415158,-0.053015758,0.4912323525,0,3.3517870532,0.350465264,2.2781179705,0.1149733219,3.8136107134,9.4696225034,0.2306435888,0.0,0.0,0,,0,0.0,0.2262105943,6.0,47.622642847,0.0529756161,-0.098867142,-8.182485655,-0.542817261,0.4383701027,-8.620644837,11230.835043,0.0248274717,16.097541443,-0.003657446,0.0090004444,0.0157840739,-0.013240895,0.0750617774,-0.086328416,0.0,-0.00096432,0.1367897856,-0.006434992,5.0,17.417598275,0.0658384981,3.641031285,0,-0.25352422,0.064905636,0.0245772423,0.0372242453,0.2616327741,3.6143478938,1.280587e-10,6.6249792e-09,1.190399993,1.4170521435,-0.031646649,0.0356099966
90964,1.083688759,-0.016453411,-12.292745,0.0,11.639750164,0.4266705005,0.0173275418,0.3548913876,0.0356711518,1.251001596,0.3137234575,-0.001394136,-0.936893204,-0.001038322,0.001394136,7,0.0003467281,0.3095238095,0.0473482992,-0.180755435,-0.045676458,0.0663357401,,0.000272169,1.042296982,0.5543088418,0,0.8861270392,-0.006588855,0.8799486452,-0.00534314,0.4890373964,0.0504271487,-0.000459748,0.0,0.0,0,,0,0.0,0.6312937458,1.0,-0.119126177,-0.009196186,0.2657737755,0.1634658581,-1.029407411,-0.014465589,-0.080575963,-5473.442422,0.0286434127,9.9813274027,0.0,0.0003792454,0.0046953444,0.0066635061,0.0730119776,-0.205294237,0.0,0.0020372503,1.7390817469,0.0130338548,1.0,7.7261553716,0.1006230037,0.0873296067,0,0.0654744878,0.0208877716,0.0116221486,0.0142430405,1.885971422,0.5817828245,4.68819e-05,2.0000004485,0.2692910462,0.0725176676,1.3813233343,0.0429322722
92521,0.1349875486,-0.197460234,6.3270945055,0.0,0.2717421755,0.3759136011,0.1610583636,0.4510648113,0.7953409702,0.36380009,1.1189716014,-0.375772404,-0.653716032,-0.068377313,0.3757724036,10,0.0750917474,-0.109243697,-0.021429373,-0.62092686,0.0121399647,0.4043977055,0.1357037359,0.0665795341,-0.112244898,0.6591806718,0,1.66599443,-0.538158328,0.7783539806,-0.174638686,3.8338461538,5.4803644361,-0.941759603,0.0,0.0,1,1.0,1,0.0,1.3133503401,3.0,2.7170636932,-0.277834199,-0.276484228,0.9501420069,-0.155853015,-2.065658247,0.0232714933,-5072.767927,0.0446872923,10.051742044,0.0,-0.108995571,-0.189771317,0.0137941413,0.3002805642,-0.03791179,0.0,-0.787671233,7.5387934218,-0.011132646,4.0,11.840168419,0.3680047527,3.157964939,0,-0.101630079,0.0435779952,0.0267686523,0.0462878169,0.6298017686,6.2770433382,1.1491159e-07,1.207931e-08,1.5158313056,2.2977445472,1.5040222338,0.1832419965
90520,0.3073713313,0.068825873,3.6429358128,0.0157066968,0.626086388,0.7419232773,0.0484120837,-0.022177866,0.209469949,-0.025723206,-0.091628422,-0.037115945,-0.524564184,0.1049294609,0.0371159453,10,-0.002466921,0.0051144011,0.0448540707,0.1836970459,0.0993009869,0.0784891508,-0.143868339,0.047682413,0.0440904039,0.4515694035,0,2.0164424514,-0.020929105,1.4319880419,-0.0696293,8.3768472906,6.527831094,0.1532465379,0.0,0.0,0,,0,1.0,0.6394961097,6.0,47.543439253,0.0169850122,-0.203508839,-8.513031345,1.147252769,0.3159795951,-8.652422523,3620.697923,0.0248274717,16.159656034,-0.001647786,0.0179127726,0.0523407022,-0.041011577,0.1102379883,-0.028008641,0.0,0.0021970593,0.599853739,0.0259637914,5.0,16.223059448,-0.074975938,1.3414923079,0,-0.25352422,0.025666777,0.0136904282,0.0232624364,0.3590876214,3.3024719851,1.775661e-10,1.4692567e-08,1.1945281905,1.4268975979,-0.010247998,0.0268827719
90440,0.2860109366,0.0680601016,7.0482363636,0.016940724,0.4377839726,0.8942919033,0.1420972644,0.0809291315,0.3050747152,0.0236538109,0.0820274241,-0.036686811,-0.375545852,0.0936197905,0.0366868112,11,0.0145040882,0.0666666667,0.0689165187,0.1128243123,-0.007124552,0.1074074074,-0.017184667,0.0378754254,0.0792523364,0.465655078,0,3.2146652497,0.0905020297,2.0318809777,0.0303615726,12.433884298,10.363949483,0.2298012466,0.0,0.0,1,0.2091026191,0,0.0,0.7278504673,5.0,-0.126119911,-0.063293999,0.0892029236,-0.478573995,-0.211981742,-0.910618574,0.3469933375,-4879.160127,0.0689333745,13.901088238,0.0035597745,0.0187032419,0.0444371297,0.0167175304,0.0068621335,0.2448099657,0.0,0.001544269,0.0022051602,0.0118852205,7.0,13.897813746,-0.150910593,1.0633801414,0,-0.105814909,0.0243630987,0.0109242876,0.0209790435,0.4063533255,3.2313132279,1.8443113e-09,2.0242969e-08,1.0472663715,1.0967668529,0.0012658791,0.0261027338
13797,1.3021758317,0.058176456,-29.29800918,0.0145306597,11.755276782,0.5164976805,0.0185021708,0.2095876821,0.0362837792,-0.001798561,0.2281082996,0.0026443372,0.5420906568,0.0266395428,0.0026443372,5,0.0069583071,0.1,0.0951701709,-0.370608373,-0.002418397,0.2696501912,-0.147680787,0.0075965112,0.0646477758,0.5925012061,0,1.0494016594,0.2076207026,0.9977814336,0.2168527044,1.2674238172,0.0528318557,0.0078579215,0.0,0.0,0,,0,0.0,0.3202358428,4.0,-0.030728958,-0.003905984,0.056249966,0.3819529309,-1.642618987,,-0.052898098,-5424.157222,0.0286434127,11.622009409,0.0006128066,0.002102938,0.0232513913,0.0210752936,0.0187751357,0.0024991656,6.0,0.0015649452,-0.555209421,0.0208896128,1.0,11.713810928,-0.598481312,0.7959738175,0,0.0654744878,0.0472547784,0.0151146357,0.0286798703,0.6684432837,2.6525244508,3.2270679e-08,2.0642424e-08,0.6277289434,0.3940436264,-2.532741672,0.0557311442
90556,0.5743676186,-0.110949031,-0.985298681,0.0754643587,2.6130722768,3.9786486866,-0.095717809,0.0695566417,0.5170193326,-0.81675762,-0.024886695,-0.06626582,-1.841838722,0.0934011907,0.0662658201,10,0.0,0.1813471503,0.496869766,0.3281692383,0.4197431372,0.3115958157,-0.023602473,0.0912822149,0.9120863309,0.253887887,0,1.1700922479,0.027628943,1.1700922479,0.027628943,14.282854926,12.988993933,0.0266701508,0.0,0.0,1,0.970786263,1,0.0,4.2677697842,6.0,-0.121482653,-0.007918111,0.1415482725,4.9832132931,1.5317494704,-2.277617903,0.8158191976,-14745.9961,0.0314049921,10.162751576,0.0021947833,-0.070463376,-0.554288321,0.1196530588,0.0591356862,-0.021298349,0.0,-0.302496975,-0.205170298,-0.018546151,1.0,9.3920784039,-0.834932359,0.3458907192,0,-0.107492679,0.0228571203,0.0201043072,0.0339691938,0.8942527335,0.4902610039,1.5554131e-06,1.7495171e-07,0.592482976,0.3510360768,1.2832064857,0.0966583744
90564,0.279817598,0.0348911533,54.521129562,0.0,0.9103002037,0.3186049153,0.0884181675,0.4865846208,0.2274636165,0.0092830262,0.6568822765,-0.034935638,-0.996613851,0.06966416,0.0349356382,11,0.0037688116,0.2064516129,0.1873160974,-0.163306501,0.0103556958,1.2907450524,-0.081471135,0.0092845929,0.1140727066,0.0494370506,0,2.0366832598,-0.030332554,1.2894877672,-0.025272547,33.522047096,8.1338409707,0.0586423562,0.0,0.0,1,0.5939406223,0,0.0,0.5810494178,4.0,-1.48517901,-0.246075724,0.0476560224,4.2366379913,-1.329311326,-3.39269878,0.3231916667,-653.8667742,0.1062765098,14.912579007,0.0020420667,0.0120625738,0.0479883028,0.0104095015,0.0084327823,-0.002389315,4.0,0.0006643047,0.0627577836,-0.011535446,5.0,15.234688456,-0.090123299,2.3110622516,0,0.0239123439,0.0220067203,0.0085577652,0.0200674521,0.7317200002,34.3013448,2.786608e-10,6.099121e-09,1.0336970091,1.0685295067,0.1122535258,0.0350817887
90605,0.1603766452,0.0530492516,24.82805827,0.0098322935,0.4581773942,1.3931958845,0.1585580536,0.0793208416,0.4664317659,-0.003852029,0.0189353851,-0.066765442,-0.749878775,0.0928297593,0.0667654418,10,0.0090761909,-0.02788661,0.1529078116,0.0591475488,0.0151937647,0.1856190578,0.3451017122,0.1061786933,0.2993037465,0.4558575765,0,1.8966439539,-0.058434133,1.8242964756,-0.077915865,53.407485433,7.1552079267,0.202010757,0.0,0.0,1,1.0,0,0.0,2.0876805759,6.0,-4.107446616,-0.397632789,-0.181680676,0.5935583632,2.049417359,0.4936696773,0.0477492245,-4800.41637,0.2359138598,12.911919706,-0.004203764,0.0171426453,0.0604339586,-0.040543587,0.044704866,-0.0182622,0.0,-0.007064868,-0.434895566,0.0192446471,4.0,11.316932072,0.1353830673,0.1711597569,0,-0.179026286,0.0363997482,0.0234955481,0.0327305358,0.5836966053,0.6967681591,5.7027267e-08,1.1635441e-07,1.3006462912,1.6916807749,-0.127918802,0.0449895118
90550,0.548636945,0.0550711182,1.7223385671,0.0124533168,0.0963299786,0.2946916591,0.1427225179,0.0752419844,0.4762849217,-0.012066218,0.257255393,-0.062170279,-0.705590165,0.0939287576,0.0621702789,11,0.0025919867,0.1199760048,0.0108959191,-0.234673785,-0.009118076,0.1715071783,-0.067249851,0.0750549896,0.0567544065,0.4581474762,0,4.3796529013,-0.175449575,4.3134952619,-0.180954264,1.440622296,8.6364145957,0.8795681559,1.0,0.0,0,,0,0.0,0.552492753,3.0,2.5463330529,0.230191418,0.0392197112,-53.95238753,-1.890450856,0.9559118743,2.3752013325,963.39480132,0.0232932967,14.726301977,0.0015060393,0.0216361046,0.0255382014,0.0017581832,0.3158323775,-0.060981239,1.0,0.0033742331,0.6561239619,0.0273363485,8.0,15.128977731,0.5108137457,1.871793436,0,-0.142502855,0.1280602366,0.0302668569,0.0205249855,0.5889844546,7.8427110039,5.805861e-10,1.1478319e-08,0.9716372023,0.9440788529,-0.02232762,0.0269595952
90569,0.2755743468,0.052553853,2.256873399,0.0,0.7859352041,0.2125032777,0.0671158268,0.1996199873,0.1039375271,-0.002308462,0.2043072588,-0.024949579,-0.465859919,0.0770365868,0.0249495788,10,0.0,0.4004192872,0.1396364691,0.0459844321,-0.074327629,0.666502519,-0.172402375,0.0166910231,0.174513557,0.4079872689,0,1.5906240922,0.2045472969,1.5906240922,0.2045472969,2.8691985936,0.4366841683,0.0984962565,0.0,0.0,1,0.5836370083,0,0.0,0.355325451,5.0,-10.08698644,0.0985890737,-2.041046862,4.053597116,-0.341299064,-0.159356654,1.0716088647,-386.7303184,0.0288563477,15.112063025,0.0013138811,0.0076956332,0.0299277347,0.0011659578,0.1227148463,0.0143251863,2.0,-0.001497006,3.9936533703,-0.06825815,5.0,15.932246659,0.253228784,2.3364169617,0,-0.111549313,0.0600553825,0.022252555,0.0287176267,0.3813430026,2.8971486078,6.358411e-10,1.16324e-08,1.6863857013,2.8438967335,0.0347722091,0.0269177641
14247,0.6544149826,0.0224594138,-0.168552121,0.0,0.6762418339,0.6301159234,0.041333537,1.0642260219,0.3752594374,0.550427532,0.8846198135,-0.024457673,-1.075514674,0.046614843,0.0244576735,6,0.0198129666,0.9202975558,0.0209933003,-0.263790758,-0.001853394,0.3420849906,-0.653641095,0.091233457,1.2897164414,0.124607862,0,0.9693040326,-0.124513027,0.826025853,-0.18137789,6.7002772112,19.555857479,0.0847585212,0.0,1.0,1,1.0,0,0.0,0.8258651668,4.0,1.428541704,-0.189280937,0.7399665139,0.3935832118,-1.255686363,1.2263908194,0.4139880004,-4151.30978,0.1116949983,13.555088629,0.0021305823,-0.013122177,-0.024632545,0.0742370797,0.0125251661,-0.092819547,0.0,-0.024691066,0.1009764283,-0.039770618,3.0,13.809263586,-0.010299961,1.2074763657,0,-0.152504436,0.0720097795,0.0211854515,0.0293791379,0.3053704085,1.8723702974,4.0585587e-09,1.919542e-08,0.6511132596,0.4239484769,0.4066087797,0.0316878678
90558,0.3206469633,0.0596929949,-0.595357172,0.0218213063,1.6322697777,2.0879924302,0.0794256451,0.1974314323,0.2563125816,0.0125457049,0.2821929452,-0.042496285,-1.296072508,0.1370594444,0.0424962853,10,0.028132739,0.3333333333,0.0450401661,-0.038769358,0.0254143794,0.0976712638,-0.139412643,0.1063343492,-0.102020202,0.5057703145,0,2.160806175,0.121707269,1.2924528302,0.1540139208,13.308045977,6.7826596368,0.0947237741,0.0,0.0,1,0.6001214821,0,0.0,1.0777777778,6.0,47.636380853,-0.108604041,0.1247100933,-8.499755713,0.6248527735,0.4624748377,-8.62029254,-2.326697031,0.0248274717,15.136920019,0.0094590286,0.0051994706,0.033172497,-0.103960282,0.042692458,-0.048831789,3.0,-0.01754386,0.0821317358,0.1365006235,5.0,16.277867835,0.6376205889,3.7032185105,0,-0.25352422,0.0405819081,0.0199512842,0.0405140289,0.449531641,7.1676965751,3.453626e-10,5.7836261e-09,2.0578323825,4.2346741145,0.0213955791,0.0382958513
90734,0.591362729,0.04052733,203.1272693,0.0,0.2943961524,1.3615490308,0.1074244601,0.1646345796,0.7078128775,0.0101122282,0.3783584165,-0.036806661,-0.770252324,0.0717436002,0.0368066611,10,0.0,0.3152944051,0.1144629286,-0.07318987,-0.058968198,0.2751315146,0.0262322874,0.0177227362,0.0874717159,0.1957378508,0,2.2246474475,0.0242084185,2.2246474475,0.0242084185,1031.9492386,6.8025888767,0.2294975357,0.0,0.0,1,0.9871993155,0,0.0,1.0114740503,4.0,-355.6597549,-0.014055204,0.1349174183,-1.768052797,-1.498382437,0.6105112179,-0.065624694,-2497.782938,0.2277833408,13.502225485,0.0044872092,0.0173756741,0.0263081188,0.0210086987,0.1085153994,0.0153974799,0.0,0.001563547,0.2843752396,0.0417466005,5.0,14.078505708,-0.510494069,1.447835044,0,-0.166303822,0.0418706089,0.0167898107,0.0327983654,0.2071446662,1.4650764261,3.7213196e-09,1.6557812e-08,0.4495748657,0.2021175599,0.3957873502,0.0497805997
91500,0.4436930968,0.0343441436,2.2257049892,0.0,0.1634355703,0.5563920622,0.1489852507,0.2376270952,0.4166522812,0.0227837871,0.5875095108,-0.065987263,-1.054523039,0.0705608342,0.0659872631,9,0.0,0.027027027,0.0985950524,0.0444312868,-0.068836639,0.6177786594,-0.143038826,0.0497095583,0.1446962373,0.4726964324,0,3.3241469528,0.0010192079,3.3241469528,0.0010192079,2.7741712452,6.5503339814,0.4806005023,0.0,0.0,1,0.0110759494,0,0.0,0.527317614,4.0,-10.16512852,0.0511329791,-2.414439122,4.2217158661,-0.075694365,-0.437463411,1.0651331121,-3289.719008,0.0288563477,14.297787591,0.0131639649,0.0247051577,0.0341131525,0.0257163223,0.300654259,-0.013095503,4.0,0.0004332521,1.0798656149,0.0922191385,6.0,14.7292173,-0.192194488,1.5454545455,0,-0.111549313,0.0241292417,0.015796783,0.0231531175,0.3783109177,2.2964739629,1.3686363e-09,1.8075202e-08,0.6715806651,0.4510205897,-0.13712499,0.0324364982
14689,-0.024873812,0.0596586751,243.47172044,0.0,0.7707034337,1.7370100407,0.2656964049,-0.082003665,0.4313788063,-0.81675762,-0.161597321,-0.144473427,-1.886863872,0.1722264738,0.1444734272,3,0.0042293284,0.0396825397,0.1699527925,0.7135332626,0.6430177016,0.0628017412,0.0283850268,0.019157522,-0.767092176,0.4962014107,0,0.4393939394,-0.174553388,0.2776292254,-0.471430281,625.55120482,148.08907823,0.1177291556,0.0,0.0,1,1.0696615289,0,0.0,-2.021693163,7.0,47.791804838,0.3700170738,-0.1689407,-8.845276488,0.888812933,-0.42660587,-8.58512551,-5427.802457,0.0248274717,10.909198966,0.0,-0.063136992,0.24301157,-0.182756299,0.0289305139,-0.005300534,2.0,-0.115527691,1.3880236187,0.0504189581,6.0,9.1458914281,,0.1571339311,1,-0.25352422,0.1007751897,0.0504183616,0.0742361433,0.6510671079,0.3502007117,2.577283e-06,1.8934423e-07,2.3065494068,5.3201701658,-0.020997509,0.1072434677
90494,1.8783692558,0.0275162865,-5.383755606,0.0,2.2168409271,0.8617263088,-0.040656121,-0.057538632,0.1383372671,0.0064209822,-0.116877151,-0.106630419,-16.35408793,0.4775200551,0.1066304193,11,0.0,-0.217054264,-0.168447593,-0.318294907,0.8329014004,0.1520054805,0.0796381211,-0.293245629,0.0236348559,0.5275391449,0,1.6098448356,0.9729959037,1.6098448356,0.9729959037,2.8467728325,4.2090295787,0.217358328,0.0,0.0,1,0.0045417083,0,0.0,0.2583517447,7.0,1.1406783938,-0.084891718,-0.404535023,3.0150612853,-1.801502746,-0.233208919,0.1149039585,-1952.05796,0.0279332649,12.900646513,-0.056806208,-0.196538681,-0.420405842,-0.536314193,0.0706827209,-9.4,0.0,0.0,0.5735023666,0.0867808145,4.0,15.108373841,1.214669438,7.9206084214,0,-0.500704589,0.1439280361,0.0583434922,0.0855471858,0.4493720187,11.88325356,3.9893829e-09,3.1806209e-09,3.3482519805,11.210791325,0.0058106914,0.109557456
90948,0.6625805945,0.0432629374,-54.4582855,0.0134156089,6.1405675334,0.2952554594,0.0247527048,0.1118484672,0.0447370845,0.0152553511,0.1139618201,-0.007116291,-1.062759029,0.0892410146,0.0071162914,10,-0.001399967,0.0401069519,0.0921160155,-0.077281142,0.0171440367,0.1103467793,0.079445198,-0.002599642,0.0926375704,0.5385277803,0,0.9218168139,0.0577845327,0.9205262608,0.0602837002,2.8425449277,0.0607099406,0.0102108078,0.0,0.0,0,,0,0.0,0.4514081755,6.0,-0.03195564,0.0027487394,-0.003643082,-0.257642306,-1.642811025,,0.0097033734,-5186.160062,0.0286434127,12.739861314,0.0002901914,0.0026445934,0.0280678454,0.0038981707,0.0103910082,-0.018801595,3.0,0.0,0.2281729276,-0.024447928,3.0,11.935916364,-0.050148991,0.4359073049,0,0.0654744878,0.0424710959,0.0161668253,0.0230758962,0.8506697768,2.344876908,2.1112878e-08,4.1952368e-08,0.773861046,0.5988609185,0.0139495576,0.0290056945
13938,-0.467861017,0.2831439033,-0.353565525,0.0,9.6562652075,4.8710269182,0.1418662122,-0.070216741,0.2912711311,0.0032216495,-0.09245338,-0.10304986,-2.603499702,0.6273066775,0.1030498603,11,0.0020542285,-0.051181102,-0.066744154,-0.021467026,-0.032948342,0.2065499541,-0.109474066,0.0295873267,-0.19111156,0.316812353,0,1.2294839965,-0.10071932,1.1009863786,-0.129318136,14.535615899,10.066775688,0.1014438134,0.0,0.0,1,1.0,0,0.0,-0.993968799,5.0,-1.487054758,0.0435000845,-0.09097998,2.8258113815,-0.424564648,-3.146947222,1.9173922834,-14745.9961,0.0314049921,9.6440753856,0.0029190688,0.0156133954,-0.092476881,-0.030332972,0.0503223603,0.0070784515,1.0,0.0245957374,-0.035627633,0.0432258811,3.0,9.358844618,-0.834932359,0.4492841913,0,-0.107492679,0.0930231661,0.0363800731,0.0344778343,1.7624848498,1.4036283585,9.438562e-06,1.1431504e-07,0.3084294796,0.0951287439,1.6603155679,0.0462467708
90474,1.1632114668,0.2831439033,-28.47949671,0.0096980572,11.24607218,0.5997415276,0.0296676174,0.0998592527,0.0456659223,0.0,0.0780370138,0.0118682481,0.4841767537,0.1511102567,0.0118682481,11,-0.006649079,0.2131147541,0.0147462773,-0.079960876,0.2783773278,0.0724871134,-0.033087662,-0.00686096,0.3834154769,0.6339761194,0,1.0623798361,0.0541405134,1.0537448983,0.0635915483,1.5128785429,0.0583351341,0.0288009964,0.0,0.0,0,,0,0.0,0.6182104568,6.0,0.5807943135,0.0002206151,0.1693647201,0.2429885659,0.0167344748,,0.0715726154,-5475.076072,0.0286434127,10.252050669,0.0017254658,0.0012956864,0.0143469164,,,,2.0,-0.011722834,-0.093447569,-0.011091721,3.0,8.5850948172,-0.014725079,0.1234408602,0,0.0654744878,0.0313734263,0.0098539689,0.0112113155,2.1652113493,2.4437950351,7.58079e-05,2.0000001505,-0.050958073,0.0215116806,0.8798487147,0.0430862692
90711,0.8570930193,0.0096492823,-52.24704205,0.0256213913,6.9351918801,0.2454064892,0.0185216417,1.3795504461,0.0629909868,0.938722966,1.4344824004,0.0042548465,2.4399882041,-0.013894853,0.0042548465,10,0.0021875897,1.0251396648,0.8239150664,-0.46072582,-0.057189907,0.0652388797,-0.324067167,0.0180234314,1.0121717405,0.528706386,0,0.9849238386,-0.020154381,0.982331969,-0.021638525,1.9836691508,0.044488315,0.0030666166,0.0,0.0,0,,0,0.0,0.4842675912,2.0,-0.123457656,0.0018830957,0.9813896308,-0.063129882,0.0194600422,,-0.093432494,-4795.632622,0.0286434127,13.386502461,0.0004183442,0.0023555237,0.0218645577,0.009654089,0.0168251976,-0.018506471,3.0,0.0007662835,-0.590280041,-0.007376208,1.0,12.894321461,-0.016887125,0.7018498585,0,0.0654744878,0.0215826929,0.011374044,0.0219111038,0.3066253259,0.6462169466,7.5145056e-09,5.1826099e-08,0.7371061167,0.5433254273,-0.054245188,0.0218954016
90634,0.3221326757,0.0504000732,-18.74624456,0.0001883557,3.2247177681,0.1676024011,0.0349275579,0.3226709795,0.0495877923,0.0738306117,0.3119799237,-0.006535821,-0.404199221,0.0707717435,0.0065358212,11,-0.006025393,0.2759562842,0.4076167365,0.012530459,0.0082857809,0.38276225,-0.106754902,-0.006578698,0.4450131933,0.6539816777,0,1.1806269075,-0.060901983,1.1571401713,-0.045803158,1.2336746323,0.055787241,0.0184405026,0.0,0.0,0,,0,0.0,0.5970085996,7.0,0.0084177926,0.0018200332,0.2413169699,-0.526430958,43.250901134,,-0.015616947,-3461.768627,0.0286812661,14.065921062,0.0011940235,0.004378817,0.0477971083,0.010362078,0.0587646462,-0.008221887,8.0,0.0001552433,0.7696243561,-0.185085054,6.0,15.223784931,0.1468989619,4.3342319342,0,0.0654744878,0.0695652589,0.0537481837,0.0574994556,0.6215350847,22.929289946,1.1867549e-09,3.7788851e-09,1.3164892486,1.7331439416,0.3057666497,0.0584955793
90907,0.0818817739,-0.255113755,2.892303576,0.0,0.1806121377,0.0340175403,-17.17196532,0.0918198643,-0.732236272,0.2163624319,-0.348219829,0.0042231423,0.0041625971,-0.25617569,0.0042231423,10,0.0,0.21875,-0.279286073,,0.6969159037,0.6904761905,-0.205952381,0.0004688464,-3.068634317,0.9719176875,0,1.5854524587,0.3301637589,1.5854524587,0.3301637589,0.1334077848,,-1.113968349,0.0,0.0,0,,0,1.0,7.0684064848,2.0,44.468987711,-0.034272692,0.0101267599,-8.738520902,,-0.42660587,-9.013527675,-5378.805857,0.0248274717,10.703290022,0.0,-0.17233677,-0.408649089,-0.002797248,0.9734194038,0.0101413657,2.0,0.1358382935,-0.097454354,0.0063490765,2.0,10.265740351,0.2056361835,0.4522957765,0,-0.25352422,0.1036174297,0.039208218,0.0756167322,0.5650801365,1.4252978886,3.7288113e-07,4.7441144e-08,2.6914188587,7.2437354729,-0.039033825,0.1206063703
13529,1.0729832652,0.0516717325,-44.79402196,0.0095727212,8.3956258953,0.4279076267,0.0263620717,0.0303650112,0.04068691,0.001150748,0.0265580479,-7.489893e-06,-0.001352265,0.0517416064,7.4898933e-06,4,-4.1194e-05,-0.193548387,0.0793091294,0.0463452864,0.0510246264,0.0898140875,0.1562381996,0.0005284508,0.0611567964,0.6378761346,0,1.3007721245,-0.010046522,1.2953431238,-0.009891657,2.4904432696,0.0529544777,0.0076812978,0.0,0.0,0,,0,0.0,0.3697740308,6.0,0.043650051,-0.000435056,-0.237298421,0.1527603643,0.6828041265,,-0.027796035,-5469.859822,0.0286434127,10.513796455,0.0001186363,0.0015641101,0.0137553808,0.0099689355,0.0227073476,0.0169650848,2.0,0.001125525,6.3231303772,0.0001218263,5.0,9.3360915773,0.0409307152,0.1276480174,0,0.0654744878,0.0304567739,0.0207173186,0.0172407892,1.3948172151,0.3244107705,4.4745082e-06,1.0000003795,0.0237087647,0.0005621055,0.1579977107,0.0290394388
90672,0.6258968553,0.018597826,-0.404730162,0.0091225108,0.5876616907,1.8853546089,0.0300674186,-0.077724499,0.1251630881,0.0014109055,-0.133034984,0.0297146472,2.0206639566,-0.018982131,0.0297146472,10,-0.00229149,0.6862026862,1.0610620779,1.0481716466,0.1970902133,0.1522468852,0.1407713917,-0.010229365,-0.018959686,0.6511877291,0,2.7781845919,0.3753969935,1.940401729,0.3343802261,3.5730711369,146.48017621,0.079518894,0.0,0.0,0,,0,0.0,0.2528254376,5.0,3.835356597,0.5207043639,0.5787180564,0.1160439558,-2.947375536,-0.879083606,-0.060080297,-10170.55128,0.0588548821,12.264380682,0.0090246597,0.0373474189,0.0715609525,0.2402948015,0.3078937724,-0.004592898,2.0,0.0104895105,2.3138463303,0.1908643842,0.0,13.884220051,0.2500383426,4.4030092218,0,-0.156910843,0.0992218331,0.0353038099,0.0484664232,0.3548280418,8.0464127376,7.3167076e-09,5.5015412e-09,1.4951489758,2.2354704599,0.1696444841,0.0577852589
91832,0.2252510758,-0.297959008,1.9771281605,0.0,0.122899748,0.0,-17.17196532,0.0574771803,-0.732236272,0.2802670327,-0.229289556,-0.073882723,-0.083982312,-0.272935722,0.0738827229,8,0.0,-0.179104478,,,,0.6572265625,0.9780481619,-0.00548302,0.3268419873,0.9757918053,0,3.2162258409,0.1229820325,3.2162258409,0.1229820325,0.0,,-2.093985377,0.0,0.0,1,1.0,0,0.0,-1.700678332,4.0,,-0.029412831,-0.387727718,-8.5951516,-0.463899542,-0.42660587,-9.030287706,-5258.195307,0.0248274717,10.917311461,0.0,-0.17360817,-0.255544925,0.0,0.9696530204,-1.3,2.0,0.0097517085,-0.543955941,-0.030003969,4.0,11.25283986,0.2992371588,1.9681678108,0,-0.25352422,0.3387096822,0.1131541982,0.1193589636,1.1328179372,21.053128304,1.9978253e-07,9.2422347e-09,2.8210561954,7.9583580576,0.1255136184,0.0953054375
90748,0.1663424777,-0.090039208,4.1628591166,0.0,0.0582600201,0.0855402594,-2.349535825,0.5668377026,-0.6172063,0.3070083682,0.2846506761,-0.165047966,-0.337238765,-0.059674497,0.1650479658,10,0.0019444252,0.652173913,3.499465812,2.7026186714,-5.317186135,0.2572254335,-0.452511004,0.003501356,0.6974279701,0.8631428397,0,6.1611198561,-0.025888108,6.0791544862,-0.019415816,0.4592380654,16.189291883,-1.716077437,0.0,0.0,0,,0,0.0,-0.91190658,4.0,57.368736721,0.3686121654,0.443550673,-8.654060198,1.274625531,-0.42660587,-8.817026481,-4999.460207,0.0248274717,12.540824854,0.0,-0.124145545,-0.463170051,-0.0897682,0.8727588824,-0.008133476,1.0,0.0,-0.473766343,0.0104971919,3.0,13.365553295,-0.310223249,2.2007977959,0,-0.25352422,0.0399112664,0.0259784944,0.0501806042,0.3916337351,2.0230228543,1.3340443e-08,1.8271937e-08,1.3129148571,1.7237454221,0.083140526,0.0772481621
12487,1.017673116,0.0786957384,-13.84467779,0.0143786848,7.6572243509,0.4159497848,0.0272408917,0.1223079001,0.0453738518,-0.058876004,0.1384376635,0.0116420395,1.2134128167,-0.016794679,0.0116420395,7,0.0139212597,0.1071428571,0.1526911076,0.032205056,0.0081784576,0.0376914016,0.0516274242,0.0200346555,0.014189205,0.6119865074,0,1.0614803066,0.1007909483,1.0117210154,0.0880368327,0.8378059151,0.0660626539,0.0121951021,0.0,0.0,0,,0,0.0,0.3495172865,5.0,0.0049984771,0.0001773389,0.0725035428,0.1691094828,43.005116761,,-0.103183369,-5059.649567,0.0286812661,10.692713901,0.0001380384,0.0025443917,0.0216890241,0.0118747641,0.0622159587,0.2351078361,6.0,0.0024454139,-0.458044536,0.0374716744,4.0,7.6089226561,-0.304373435,0.1603821016,0,0.0654744878,0.0220136773,0.0077550237,0.013485157,2.1904643941,1.2617752599,3.1563302e-06,5.0000003021,0.1167030686,0.0136196062,0.7348778285,0.0431895036
91018,0.3227353743,0.0298738359,17.078262774,0.0075559116,0.3975948694,5.7157673126,0.0691478747,0.0760869565,0.6220735786,1.0038201077,0.0870313695,-0.023962948,-0.557377049,0.0465248263,0.023962948,10,0.0287958115,0.0562577889,0.0587030894,0.0165835241,0.0096867868,0.161853593,-0.180749875,0.0849707358,0.0629032258,0.5390055361,0,1.8337514253,-0.027160236,0.8809578107,-0.048734303,298.16788321,26.629074316,0.1224452387,0.0,0.0,1,1.0,0,0.0,1.3658986175,4.0,-1.474208795,-0.226819177,-0.102537802,4.2795557677,-0.54217513,-2.587268824,0.300052333,-1467.497814,0.1062765098,14.452573536,0.0028812513,0.0138164516,0.0322030284,0.1356572676,0.0187844217,-0.003584679,2.0,-0.002139037,-0.326099193,0.0480522737,4.0,15.189172354,-0.540877852,1.7328779954,0,0.0239123439,0.0354488902,0.021871617,0.0279574983,0.3202664966,1.8214450605,1.6622472e-09,1.6417749e-08,0.9723507536,0.9454659879,0.1513014475,0.0362719819
90664,0.032946645,-0.005263943,48.720873206,0.0,0.0104338876,0.0609113437,-0.212871287,0.5069387755,1.2669235112,0.0662068966,0.15625,-0.299576685,-2.053571429,0.0055459402,0.2995766851,10,0.0455877564,0.2972136223,0.62,-0.004521073,0.1045564893,0.2692307692,-0.203846154,0.1934693878,0.6670630202,0.7549295775,0,3.5935960591,0.2390379538,3.1995073892,0.2212150677,3.1004784689,6.1132075472,-0.338164251,0.0,0.0,1,1.0,0,0.0,2.1866825208,7.0,-9.934997275,0.2876924962,0.2146514707,0.0055885018,-0.01410877,0.1809489431,0.0787391827,1141.2600967,0.0318276958,15.496590191,0.0,-0.19459707,-0.24897481,0.0051859359,0.4413712505,0.0062515665,0.0,-0.00020382,-0.272594289,-0.022936637,5.0,16.318111843,-0.460408017,2.3768737814,0,-0.095378135,0.0422889367,0.0195884667,0.0314072047,0.411637805,4.2134081326,3.033951e-10,1.1073827e-08,1.3971049854,1.9519023402,-0.116827403,0.0516121205
91672,0.2962760939,-0.123779303,4.0284867181,0.0,0.0708348769,0.0,-0.592654317,-0.076930887,0.0,0.0862858413,0.277184466,-0.352417325,-1.088852637,0.0109981175,0.3524173252,9,0.0,-0.090909091,-0.744329897,0.0,0.0,0.8888888889,0.96996997,-0.000203073,-0.134321901,0.4287784622,0,7.6116687578,-0.755701903,7.6116687578,-0.756032865,0.0,,-1.951609465,0.0,0.0,0,,0,0.0,-3.9333e-05,2.0,,-0.273864515,-0.299532331,-8.524126582,-0.555917624,-0.425984414,-8.746353867,-5473.080517,0.0248274717,12.310140022,0.0,-0.065051175,-0.08062171,0.0,0.5964584333,0.6333333333,1.0,0.0142348754,-0.365103362,0.0322318072,4.0,13.281519496,1.3574927177,1.9786409573,0,-0.25352422,0.1392404884,0.057066008,0.0589047089,0.6548768287,6.0981923097,1.4467159e-08,1.0367947e-08,0.0695528192,0.0048375947,0.5426640688,0.07002768
90742,0.2363241845,-0.17330942,-1.387233766,0.0,1.4796537973,2.3078067382,-0.088044011,0.0620543764,0.4014353123,0.0169244662,0.1818336127,0.1542572842,1.4827180994,-0.430278433,0.1542572842,11,0.094290931,-0.034782609,-0.016392236,-0.527012041,-0.035302103,0.2908264033,-0.30868511,0.1285999266,-0.350253189,0.5764569074,0,1.5058803451,0.1767972009,1.0901050582,0.0389637279,7.5217748918,4.2242094685,-0.090613817,0.0,0.0,0,0.0,0,0.0,1.7376935437,2.0,-5.542410224,0.0081308388,-0.037183482,-0.235125739,-0.640128821,0.0111362611,-0.441646833,-3814.499194,0.0400118084,11.998562261,-0.000210657,-0.029856754,-0.216793435,0.1048389123,0.2702988834,0.0015949707,0.0,0.0025445293,0.1595701193,-0.052183671,2.0,12.80509307,0.4863306761,1.9714419605,0,-0.131569503,0.0414815135,0.0779577895,0.05846335,0.6869916411,22.586353268,1.4264359e-08,8.8377168e-09,1.531290873,2.3448517377,0.3012272686,0.0802858699
13196,0.2713608439,0.0188792325,12.152109246,0.0065726984,0.7206280813,1.6155821227,0.0355802572,1.5722499042,1.0309130601,0.2399638758,1.8349454412,0.017834484,0.6508341845,0.0065919826,0.017834484,6,0.0,1.5333333333,0.4397521861,-0.432209511,-0.192974336,0.482619915,-0.761094135,0.0982468712,1.0651615586,0.3415905749,0,1.2975834027,0.0177274349,1.2975834027,0.0177274349,69.161392405,3.9437078299,0.0806654753,0.0,0.0,1,1.0003958459,0,0.0,2.9804808845,3.0,0.6667052769,-0.684757167,1.2749057754,-0.442729002,14.400616811,0.6637006062,-0.043406613,-2190.552938,0.1661310612,12.16555916,-0.005598701,0.0010981322,0.0040151129,0.277007755,0.0333391989,-0.022570453,0.0,-0.0054387,0.0907234371,0.0513488101,3.0,11.335575073,0.2433867397,0.4397654584,0,-0.161175968,0.0474934205,0.0231748689,0.0363349359,0.5760969549,1.3303137208,4.5303062e-08,3.9352379e-08,0.9029492174,0.8153172893,0.270195778,0.0493169854
90720,0.0595720928,0.0275009676,25.070478816,0.0,0.8044677647,2.377098401,0.0895501794,0.1303236087,0.6990495096,0.0032786885,0.0847082049,-0.016261657,-0.48146352,0.0407416803,0.0162616571,10,0.0264263302,0.1411411411,0.0766525359,0.0394870671,0.0407154611,0.1257812603,-0.332338742,0.0897256702,1.6158250911,0.4114537436,0,1.9256884304,-0.264855136,1.1232349986,-0.315731896,90.254655939,10.812769629,0.0538215877,0.0,0.0,1,1.0849956194,0,0.0,7.0684064848,6.0,0.4854111391,0.0760289916,0.0824659472,-0.138503557,-1.339369136,-0.516596031,-0.016618862,-1517.878448,0.1172520361,14.015315287,0.0008861975,-0.013220668,-0.181895603,0.277007755,0.0333082716,0.4884090158,0.0,0.0094637224,0.7178596703,0.2504136162,2.0,15.111349704,0.0119080427,2.4852769781,0,0.0957318355,0.0398936011,0.0208272259,0.0382309227,0.2395665329,2.0383323718,1.5562256e-09,1.1964971e-08,2.1551939781,4.6448610834,0.1820090774,0.0864884614
90636,0.9607197184,0.0295296465,-15.65975944,0.0197673081,3.2681711515,0.1841570949,0.0271701638,-0.011202883,0.0371493885,-0.007831969,-0.014906431,-0.003446581,-0.49637506,0.0441874266,0.0034465805,11,-0.000513463,-0.013888889,-0.043797243,-0.031750466,0.0292788296,0.053104107,-0.146462114,0.0015117385,0.0016070233,0.6469484134,0,1.2976549942,0.0631946829,1.2891773201,0.0637975074,0.9463146315,0.0529212723,0.0101726137,0.0,0.0,0,,0,0.0,0.1656424373,6.0,0.011197674,0.0002128874,-0.048528203,0.1121560852,43.250901134,,-0.042201264,-5032.216937,0.0286812661,11.270560867,-0.000233313,0.0018157396,0.0079925126,-0.001364228,0.0427990186,0.1074166251,1.0,0.0017158328,2.0610268744,0.0215439065,3.0,8.2983324392,-0.153389821,0.0576224329,0,0.0654744878,0.0516054817,0.0223698829,0.0259399813,2.1904643941,1.1124549704,0.0001049881,1.0000002224,-0.02632191,0.0006928429,1.582311837,0.021941081
91114,0.1314652497,-0.061976475,0.8837592955,0.0392517674,2.2724707448,2.9204066183,0.0614370575,0.6484902535,0.283475602,0.0080169191,1.033271719,-0.065903406,-2.075757576,0.0666716623,0.0659034058,9,0.0696555705,0.3480176211,0.0518839207,-0.128388188,-0.028895415,0.1271271271,-0.111913332,0.213020767,-0.587750294,0.3804304042,0,1.8531324889,-0.235793387,1.0273878809,-0.341296827,30.430528376,7.4687800192,0.0056506565,0.0,0.0,1,1.0544259856,0,0.0,1.0912838634,2.0,47.571178645,-0.422679416,0.1393943811,-8.688937426,0.4983641712,0.5733941298,-8.690680322,-5014.905857,0.0248274717,13.158176064,-0.00317601,0.0079063638,0.1448863636,-0.015197055,0.0266688217,-0.009442221,3.0,0.0014873575,0.5869856285,0.1087963721,5.0,13.683728723,0.4820055874,1.5318268516,0,-0.25352422,0.0270035211,0.0161225917,0.0311111534,0.3961145871,2.5677838862,5.5263285e-09,1.4849859e-08,1.7413223704,3.0322035976,0.1185004293,0.0537064677
86165,0.8436138056,0.0841179841,-0.158317763,0.0049983207,0.3221052216,4.3756524488,0.5602853929,0.2424942647,0.5047562944,0.5192856257,-0.442209267,-0.2480543,-3.149185025,0.3490210799,0.2480543001,10,-0.017892854,0.125,0.2190300483,0.2384090148,1.480810186,0.0849055389,0.0857638597,0.0313961062,1.3931089366,0.601214683,0,5.4839863245,0.9493827952,4.7550202381,1.3962360208,17.837317183,31.995030625,0.3028532776,0.0,0.0,1,0.5352847928,0,0.0,1.2815158546,7.0,47.639880663,0.0836643272,-0.08362324,-7.97678887,2.6694052627,1.0550446133,-8.408330904,-5294.280957,0.0248274717,12.132294131,-0.025302357,-0.051822609,-0.069634801,0.277007755,0.0794211073,0.8109710029,0.0,-0.036979969,0.7895101464,-0.048481394,5.0,13.833178637,0.2845132099,3.964046546,0,-0.25352422,0.0613208115,0.0374345956,0.0680976456,0.2870869033,4.9950314679,9.9506199e-09,6.3670221e-09,2.8610408634,8.1855548218,0.1300515089,0.0914348437
92571,2.5924269673,-0.697268714,-183.1412575,0.0,1.5411161466,0.408054487,-0.08562625,-0.068707349,0.0305611468,0.1681064674,0.0253301972,-0.092809843,-0.711973479,-0.200831882,0.0928098428,9,0.002084472,-0.363636364,-0.425095785,0.2941160372,-0.097709887,0.0416801379,-0.261405117,-0.00483578,-0.028471491,0.5338303593,0,0.4393939394,-0.755701903,0.2776292254,-0.771823859,17.97005988,17.549707602,-0.31990352,0.0,0.0,0,,0,0.0,-0.004550925,2.0,-0.041273412,-0.129493668,-0.551117123,4.6490064096,-2.765262756,-0.464531207,-0.563447978,-2492.77896,0.0279332649,8.8283475746,0.0,-0.025665886,-0.037207668,-0.22457194,0.0068525066,0.5991378527,4.0,0.1712241247,-0.689780604,0.0217633168,2.0,11.479620792,1.1362439481,9.8670935927,0,-0.500704589,0.3387096822,0.1131541982,0.1321902001,1.7185784392,61.413279121,5.8993214e-08,1.260293e-10,0.4786283033,0.2290850527,1.153272569,0.1832419965
90993,0.4987939759,0.0391448347,-18.91436497,0.0120662944,2.2486891525,0.1703405641,0.0230800747,0.0533956617,0.0373661637,-0.017391304,0.0740348104,-0.008174489,-0.560824742,0.0610982265,0.0081744893,10,0.0,-0.314272212,1.3515320334,1.3743536102,-0.498433334,0.381006865,1.1085535199,0.0019130488,-0.017722324,0.043722887,0,0.9941827104,-0.003952874,0.9941827104,-0.003952874,1.9353507565,8.9617834395,0.0242186556,0.0,0.0,0,0.0,0,0.0,0.1848525789,6.0,1.4631407726,0.0369250563,-0.402132784,0.0642503753,-0.682983349,-0.169353834,0.0330936923,17720.624986,0.0558672041,17.167928356,0.0003418245,0.0048491379,0.0246575342,0.0068474867,0.0161868319,-0.027348252,1.0,5.1066e-05,0.5684780013,0.0574795203,4.0,17.586219767,-0.174274576,1.5276923766,0,-0.168614603,0.0193562005,0.008298611,0.0154776983,0.2447432527,1.2960546345,4.752353e-11,1.9108693e-08,0.5655846086,0.3198859495,0.0377645106,0.0282266162
90763,0.4041610224,0.1068962563,1.7432481263,0.0,0.7315197874,0.6292469474,0.1922408781,0.1539578828,0.4754044408,-0.102924891,0.2209192954,-0.096092988,-0.95280218,0.2087472423,0.0960929878,10,0.0,-0.028958718,0.0682308232,-0.004570991,-0.02906445,0.7288495334,-0.096255083,0.0603517661,0.0497511763,0.3146030178,0,2.618808307,0.0285814426,2.618808307,0.0285814426,2.9309056843,5.2232937082,0.276270066,0.0,0.0,1,0.615826415,0,0.0,1.1730656372,4.0,-0.186781452,-0.018149849,-0.068757596,4.8130066968,-0.260191745,-1.707475704,0.9311652491,-13298.39971,0.0314049921,14.060308118,0.0068924118,0.028112003,0.0762951296,0.0122538414,0.1967006218,-0.000560104,1.0,0.0062477031,1.2491182299,0.0112181297,6.0,14.854407252,-0.042412821,2.3580119777,0,-0.107492679,0.0344827548,0.0165026471,0.0252380251,0.4218025368,6.5326310794,9.225369e-10,1.0576834e-08,1.3452581833,1.8097195797,-0.06728177,0.045566751
90735,1.2340851922,-0.735708636,-2.641495071,0.0642390328,1.9430337593,4.8320062321,-0.038370438,-0.301494694,0.5879117108,0.0005831147,-0.186970072,-0.236729683,-1.242932487,0.178727529,0.2367296827,10,-0.003013532,-0.166288493,-0.057972779,0.1028754882,-0.016483975,0.2753226269,0.5933724538,-0.22310908,-0.428290036,0.42159984,0,1.3544005079,-0.26045304,1.3365996239,-0.25383419,7.6839168775,24.016995492,-0.207829816,0.0,0.0,1,1.0,0,0.0,1.2001570291,4.0,0.2879386525,0.31452198,-0.191361461,-0.444473977,-0.022683026,-3.39269878,1.456826041,-1098.66772,0.1078503062,10.773725126,0.0286829678,0.0447284345,0.1127492499,-0.954296447,0.1792634786,0.2710115803,2.0,0.5098039216,1.9597213628,0.2535581589,2.0,10.213181582,1.3574927177,0.4359252914,0,-0.219751184,0.1282051206,0.0438910526,0.0714286378,0.7629547836,1.3075689419,4.1010468e-07,6.8239237e-08,0.7725542838,0.5968401215,1.4018596374,0.1832419965
90786,0.2661772433,0.0389141192,116.32052305,0.0152406977,0.8457008087,0.1631044022,0.0822607793,0.1101272269,0.1149215336,1.251001596,0.1362363717,-0.038836987,-1.054633055,0.0799542356,0.0388369875,10,-0.000165053,0.0890538033,0.0868781819,-0.043510859,-0.007460916,0.0232925071,-0.048131967,0.1125995922,0.0345937244,0.4384344133,0,0.4393939394,0.0519504245,0.3367587157,0.0540151844,36.878555207,10.129388701,0.0746249665,0.0,0.0,0,,0,0.0,0.328573146,4.0,-0.765898306,-0.092282677,-0.170021406,8.9863959562,-11.63810536,0.2028994432,-0.011056253,-1469.878969,0.0257826007,15.722520438,-0.000959108,0.009003298,0.0373127194,0.0005867168,0.0032633417,-0.033217997,0.0,0.0,0.6050714015,-0.049161439,6.0,16.620071842,0.4416678256,3.8265435369,0,0.080304809,0.0181192886,0.0076760874,0.0126883378,0.3940743984,4.8299159227,1.312217e-10,1.2011194e-08,0.2851781031,0.0813265505,0.3008255287,0.0279856601
90885,0.4935865184,0.0258869947,-0.668237836,0.0,3.146980023,1.2646095462,0.0296046818,2.2376210587,0.2901084147,-0.005172152,3.7803759357,-0.011090068,-1.020675453,0.0523092148,0.0110900684,10,0.0158864268,1.1077283372,0.0182146266,-0.820342601,0.0542143954,0.2162793986,-0.761094135,0.1964284021,0.0588690051,0.136654575,0,1.0536726184,-0.755701903,0.937504544,-0.771823859,6.6564116954,5.8407000335,0.039320047,0.0,0.0,1,0.7210802291,0,0.0,0.6506102359,4.0,7.1128521161,-0.533647404,0.9695226407,0.1279731118,-0.28272638,-0.549437057,0.0446181719,-3982.049669,0.0410566741,11.618987783,-0.01361873,-0.00357913,-0.02691962,0.1869870768,0.0675247721,-0.198452394,1.0,0.0058479532,0.8020236108,-0.018382343,2.0,12.823730561,-0.273458039,1.9232170889,0,-0.131569503,0.0395480543,0.0354346707,0.0588836367,0.4518122286,4.0830872544,2.5746762e-08,1.0562551e-08,1.1865922531,1.408001175,-0.210381779,0.0631339326
90752,0.8462840991,0.040226333,-0.773539633,0.0442436866,14.559695586,1.433374494,0.0175389901,0.1334415442,0.0180791898,0.2117262277,0.1181142951,0.1032274389,7.1399454114,-0.887213573,0.1032274389,10,0.0,0.0,-0.447961359,-0.060579029,-0.093923292,2.1988833269,-0.397114609,0.0001900831,0.1656749967,0.0848943854,0,2.9647244634,0.8267404968,2.9647244634,0.8267404968,0.2997169811,1.8246349362,0.0016557778,0.0,0.0,1,0.9859479397,0,0.0,0.2218365728,2.0,1.3597038779,-0.01612916,-0.087860572,0.4117404985,0.1050925198,3.6263521063,-6.118696604,-6850.798904,0.0558672041,12.109302224,-0.00010213,0.0001071803,0.0081474415,0.0723823532,0.2249882466,-0.022004386,1.0,0.002951567,-0.457708721,-0.0114445,1.0,10.060559662,0.1456970772,0.0759114737,0,-0.168614603,0.0492040738,0.019484135,0.038490862,1.0116948428,0.20209213,1.2251534e-06,4.8694181e-07,0.8035193407,0.6456433309,-0.34316814,0.0484997557
14185,0.5566379629,0.0433768492,-1.487127923,0.0,1.6021539756,3.2893226819,0.1179287645,0.0142731865,0.2879899408,0.0217065419,0.0661545759,-0.0605687,-2.998433811,0.1734394606,0.0605686998,5,-0.006249526,0.0671936759,0.0496498672,0.0897069603,0.0141849286,0.1572317821,0.0378957341,-0.0061253,-0.111921055,0.5156109491,0,1.9916742567,0.1409207205,1.6769910167,0.1724025339,12.137490178,6.4744165717,0.1014721591,0.0,1.0,1,1.0,0,0.0,0.9058772143,6.0,3.7567227946,0.0197694663,-0.040290954,0.0467850635,-2.581159417,1.1109533073,0.1323412942,-9501.790416,0.0588548821,14.097839503,-0.002769021,0.014478317,0.0565157485,0.0461073505,0.1013520067,-0.002773065,0.0,0.01,1.3036290635,0.0809752508,5.0,15.054189016,0.1196980472,1.8898058817,0,-0.156910843,0.0230539925,0.011933924,0.0206525992,0.3367970693,2.3636091153,1.0262719e-09,1.3800388e-08,1.0832636919,1.1734602263,-0.044771653,0.0347118395
13993,0.1732071074,-0.051312767,6.009060216,0.0,0.4280984061,0.4630028784,0.0718337257,0.5677938471,0.4614511283,0.4520612586,0.181613106,-0.058281221,-0.559293268,-0.022613882,0.0582812209,7,0.0,0.5555555556,0.3175677393,0.0027056008,0.1352762839,0.9895568615,0.1794857969,0.0879678148,3.3337725082,0.3108273234,0,1.2064611535,1.2442015913,1.2064611535,1.2442015913,4.2094973201,7.0697967812,0.0109730533,0.0,0.0,1,1.0,0,0.0,7.0684064848,5.0,-0.154956378,-0.244704393,0.5157566778,4.5820527819,0.0455174086,-2.277617903,0.6998041248,-14381.91264,0.0314049921,13.294971752,-0.003335383,0.0044274901,0.0228815429,0.0587413546,0.0500464592,-0.117829959,1.0,0.0,0.3785481446,0.0508857314,1.0,13.66844709,-0.171559143,1.1852410044,0,-0.107492679,0.0311486367,0.018929652,0.0355139994,0.4483825185,2.2663521729,7.990354e-09,2.6877701e-08,1.8200994306,3.3127619371,-0.050075819,0.0763997081
91729,0.2147624701,-0.137921601,5.172779869,0.0,0.0277639695,0.0,-1.404291481,-0.204766049,0.0,0.0514321002,-0.401408451,-0.023341661,-0.046329189,-0.131531806,0.0233416608,8,0.0,-0.095238095,,,,0.0196222713,-0.394219416,0.100542205,-0.16949554,0.79828367,0,6.5527896996,0.1308150264,6.5527896996,0.1308150264,0.0,0.0,-3.676211454,0.0,0.0,0,,0,0.0,0.0,3.0,,-0.072754429,-0.282718855,1.3514544996,-1.931795227,-0.464531207,-0.494147902,-2451.14902,0.0279332649,11.146007515,0.0,-0.187423973,-0.246068796,0.0,0.506523337,1.9,2.0,-0.013944902,-0.638854415,0.0052467952,2.0,9.5480004688,-0.105099027,0.2013965172,0,-0.500704589,0.0346820466,0.019929971,0.0308715447,0.6190347961,0.7828302441,2.2411687e-07,8.6913423e-08,1.3270249174,1.7609951313,-0.170442142,0.076496242
14671,0.6201253584,0.042080229,-5.527079306,0.0057777188,5.0112377454,0.2211960964,0.0229053044,0.5387460332,0.0544478514,0.2446898895,0.5399313284,-0.000645041,-0.071741512,0.0450991282,0.0006450415,5,-0.001309075,0.0,0.3960770461,-0.23056036,0.1670205417,0.1393832943,0.2920243621,0.0102229239,0.4328475149,0.6902647795,0,1.0634646611,-0.002207787,1.0632863102,-0.000249377,0.2672529693,0.0519760314,0.0130269002,0.0,0.0,0,,0,0.0,0.4638450655,5.0,-0.015687716,0.0021574871,-0.043750034,-0.300097542,1.0429512437,,-0.034438513,-5194.729722,0.0286434127,12.906719136,0.0011558879,0.0030090681,0.0255892987,0.0232179705,0.1004706921,-0.030971692,2.0,0.0006287331,-0.056375358,0.0226252591,4.0,12.070978402,,0.5146148645,1,0.0654744878,0.0236452967,0.0107783373,0.0162897067,0.6611438816,3.6608062185,7.5640216e-09,3.233285e-08,0.5675029766,0.3220596285,0.0017367028,0.0231367797
91605,0.2069938391,0.0402697337,5.5642545825,0.0187524952,0.0629607941,0.4478427827,0.5122040769,0.01641565,1.0400121479,-0.009546153,-0.130543749,-0.10798524,-0.71805076,0.0691854465,0.10798524,9,0.0,0.0499286733,0.0152638328,-0.042836528,-0.005490532,0.6389410943,-0.012514156,-0.025126974,0.0715035244,0.614681491,0,3.242477427,0.0545672075,3.242477427,0.0545672075,3.413364935,23.570941794,0.9680838553,0.0,0.0,0,,0,0.0,1.4298617177,5.0,0.3475677715,-0.001562006,0.0248557053,-1.47156533,-0.066437222,-3.39269878,1.3472839586,-223.71084,0.1078503062,13.378330123,-0.00020041,0.0329675269,0.0441654624,-0.004996193,0.4794879167,-0.019392376,0.0,-0.000201939,2.2059217229,-0.168424152,7.0,14.059854336,0.396723016,2.0100767891,0,-0.219751184,0.0575442985,0.0156433276,0.0228566526,0.460206679,6.1600277112,1.6276548e-09,9.8065118e-09,1.0360763291,1.0734541598,0.0891624224,0.039367546
90791,0.3942530749,0.0371255992,115.44405485,0.0462020532,0.2754550798,0.5598218724,0.0916225739,0.3434283826,0.2817879961,0.0856576175,0.6624292782,-0.071765531,-1.129107237,0.079044382,0.0717655315,10,-0.008535042,-0.012618297,0.2264251465,-0.683217982,-0.217409284,0.0809305045,0.0178236115,0.2402196834,0.1846103077,0.4646909903,0,1.3319688907,-0.622749923,0.8382112157,-0.635415538,139.7884427,11.349821074,0.3406094124,0.0,0.0,1,1.0,0,0.0,0.4163631864,3.0,-0.191861933,-0.020123268,0.0099179604,-0.370331857,0.933138735,0.9002359418,0.332417929,-5633.616707,0.0689333745,12.660851339,0.0036193029,0.0225630094,0.0359196164,0.0089657187,0.0404695413,-0.063420141,2.0,0.0019157088,1.4818247456,0.046465544,6.0,12.516958585,-0.32767424,1.3567536006,0,-0.105814909,0.0792683288,0.0264850779,0.0336991807,0.624564193,4.6863404851,8.8349032e-09,1.3985973e-08,0.7119989805,0.5069425482,-0.016596419,0.0400934551
90856,0.2407607092,-0.029447946,6.5745745947,0.0,0.0469866492,0.1951945951,-0.251926485,0.4149910225,0.719304671,0.1863386098,-0.342551407,0.0398666918,0.3324285979,-0.039237285,0.0398666918,10,0.0299092661,0.0,0.3121908925,0.0260789676,-0.004622245,0.4132617729,0.1544733585,0.0965546196,0.8254917084,0.5440637168,0,3.6465312171,0.8558840932,3.0905510276,0.9529697348,1.8014384147,6.1199453241,-0.3507798,0.0,0.0,1,1.0,0,0.0,1.1048840284,3.0,-10.04572212,-0.339366708,-0.082562152,0.2134025661,1.1499929557,0.1809489431,0.0339559572,-2563.608103,0.0318276958,13.173426361,1.27275e-05,-0.038547728,-0.047718955,0.0076132946,0.2923533886,0.1565506639,0.0,0.0,-0.081549528,-0.009764156,4.0,14.010829132,0.0166367323,1.7648113455,0,-0.095378135,0.0429081805,0.027598111,0.0430284671,0.4070734364,4.5032359304,3.9062266e-09,1.0221952e-08,1.2078495012,1.4589004176,-0.124566975,0.0570316478
90871,0.1874010079,0.0519720585,71.695652174,0.013889051,0.2378845368,0.6734321795,0.1849336806,-0.041713251,0.379672134,-0.018786872,-0.040587626,-0.074501621,-0.622912767,0.0843461172,0.074501621,10,-0.003165804,0.0186681027,-0.153070239,-0.678761938,0.0790127977,0.1358613137,-0.048450661,-0.086837571,-0.043138307,0.3013242713,0,0.6030226292,0.2466127978,0.5196979683,0.3479169592,80.468960707,16.91744061,0.3013969658,0.0,0.0,1,1.0,0,0.0,0.8488271587,6.0,0.012376486,-0.204685927,-0.06112267,-0.067069875,-0.011064765,-0.333843323,0.0200922668,-3622.818872,0.0885157098,13.191677634,-0.000634238,0.0138907172,0.024880455,0.0118317976,0.0148133214,0.0492174531,0.0,0.0006157635,0.7723932965,0.0310510374,3.0,14.379765042,-0.042805098,2.1372113238,0,-0.101596569,0.0165430121,0.021021982,0.0271292699,0.3784292059,3.1094892585,3.1563332e-09,1.4337963e-08,0.7994203163,0.639072842,0.0958426962,0.0320677106
90984,0.1772756668,-0.012685969,10.883205248,0.0,1.083791881,0.553890484,0.0331995253,-0.030798453,0.2756067459,0.0101576387,-0.039177983,-0.103064783,-10.40809119,0.1193507485,0.1030647831,10,0.0,0.05,0.104855631,0.1124749019,-0.006308677,1.6995227273,-0.104091584,0.0152759636,0.0237878209,0.0469404864,0,0.5453890434,0.0136757613,0.5453890434,0.0136757613,24.191105181,32.124793291,0.0573850269,0.0,0.0,1,0.5653012962,1,0.0,1.9137287189,6.0,-10.01585412,0.1558317548,-2.391466149,3.955298436,-0.783910042,0.1119278668,1.1139230264,-3252.391688,0.0288563477,13.778574627,0.0011302296,0.0050470877,0.0373521299,-0.000564811,0.015402536,-0.006498516,3.0,0.0009487666,0.6767115107,0.0151699418,4.0,14.461738564,-0.425900837,1.5625847799,0,-0.111549313,0.0270700753,0.0144299262,0.0216555059,0.3389540091,1.7600887585,2.1317126e-09,1.8304058e-08,1.3956632085,1.9478757916,0.1503200964,0.0500079709
90776,0.377362225,0.0604755059,-47.95954403,0.0005625383,3.8933857255,0.1793965939,0.0301038956,0.1389695711,0.0436344531,0.0172619457,0.1357959281,-0.001424582,-0.095098217,0.0662266187,0.0014245821,10,-0.000961342,0.0761179829,0.1757410149,-0.061029255,0.0429777564,0.0541742079,-0.29518986,-0.00171106,0.3026625094,0.5832277611,0,0.9528108867,0.0558031508,0.9464118581,0.0586981961,2.6905885788,0.0533686517,0.0172036385,0.0,0.0,0,,0,0.0,0.5685816331,8.0,0.0180663695,0.0015088009,0.0323679489,-0.542860676,-1.032105667,,-0.013311023,-3032.873022,0.0286434127,15.146954181,0.0004066548,0.0041469613,0.0368775186,0.0135604375,0.0233175714,0.0257325507,1.0,0.003907522,0.4706946192,0.0448337514,5.0,15.760512338,-0.132992734,1.8882748849,0,0.0654744878,0.042074021,0.015242842,0.0228725018,0.2890685297,1.7054259172,5.7678e-10,1.5886753e-08,1.2870908207,1.6566027807,0.0456801238,0.0272697173
92665,0.2130278713,-0.148440699,2.7905101229,0.0,0.0557153516,0.0,-9.849101796,0.714716711,0.0,0.214936136,0.0030298658,-0.281828627,-0.403898067,-0.088485788,0.2818286274,9,0.0,0.375,,,,0.358974359,-0.369369369,0.0020965433,1.1054257426,0.9763436018,0,13.59455063,-0.341937793,13.59455063,-0.341937793,0.0,,-2.664265649,0.0,0.0,0,,0,0.0,-0.016316832,1.0,,-0.029412831,0.1663767599,-8.607374805,0.168844281,-0.42660587,-8.845837772,-5422.588857,0.0248274717,11.065891248,0.0,-0.14709536,-0.187876242,0.0,0.9299211233,3.1333333333,0.0,-0.022566605,-0.114572677,0.0671456885,3.0,10.374735285,0.0604652317,0.3824043583,0,-0.25352422,0.0507936589,0.0219510838,0.0431848551,0.5979635366,1.7031951391,1.4634723e-07,5.0639929e-08,1.1733310073,1.3767056527,0.0101482556,0.1251826356
90779,0.7213982019,0.0436059619,-3.58369802,0.0414345648,1.7315570633,7.6016438621,0.100492673,-0.019716365,0.2206989319,0.0140732215,-0.057194506,-0.069815795,-4.035702213,0.2195866388,0.0698157946,10,-0.002684202,0.0018248175,-0.038540847,0.2081477802,0.1814546658,0.0904022607,0.0296567808,0.0126072316,0.0651942064,0.5147603207,0,1.307665589,0.1753256409,1.0093806853,0.1544093216,31.187271179,41.115249456,0.103291183,0.0,0.0,1,0.7697804221,1,0.0,0.6402875048,6.0,0.1980814654,-0.045977961,-0.021458726,1.0125818474,0.1495093652,-0.591059161,0.3806415986,-14745.9961,0.0739470786,13.522894333,0.0013467365,0.0189621805,0.0619796662,-0.54677062,0.1075949909,0.0182099879,3.0,0.0049806309,0.1509454332,0.0857378158,2.0,14.555695023,-0.415756754,2.6413505073,0,-0.13824669,0.0610998385,0.0269599663,0.041037143,0.2097405963,2.3579405215,2.5591544e-09,8.2532617e-09,1.4993883912,2.2481655476,-0.067022592,0.0563674779
90829,0.3195649744,0.1055398684,3.0852593962,0.0194105908,0.5135949705,0.3600638019,0.1627961899,0.0618181137,0.2033133235,-0.134525856,0.291238048,-0.001662405,-0.013162627,0.1069290503,0.0016624047,10,-0.006486103,-0.206896552,-0.133614627,0.037022012,-0.125631995,0.071030439,-0.290439474,0.1519184125,-0.170682217,0.4663449048,0,2.6686740839,-0.159551826,2.4615698683,-0.134511282,2.2767724284,24.768668407,0.2969996835,0.0,0.0,0,0.0,0,0.0,0.3779673371,3.0,47.645389689,-0.12380912,-0.415519792,-8.500837702,1.5441586777,0.9605562017,-8.650422934,7625.854943,0.0248274717,15.85777641,-0.004322544,0.0082648385,0.0220850847,0.0005733409,0.0753003155,1.182129159,0.0,-0.006681514,0.5235877514,-0.106353035,6.0,17.092356311,-0.230882199,3.7620344868,0,-0.25352422,0.0742747784,0.0273087839,0.0453731085,0.2815594491,4.6108966677,1.845044e-10,6.2296228e-09,1.1562334131,1.3368757056,-0.035717029,0.0387479623
15127,0.0170903865,-0.040201005,40.25509009,0.0399595057,0.019432067,0.0177803844,-1.767728674,1.0931784478,0.507909046,-0.81675762,0.4701468189,-0.4252497,-0.285453765,-0.028725477,0.4252497004,6,0.0466640032,0.9565217391,0.7016095749,-0.106337445,1.8723034686,0.2682926829,-0.396341463,0.111220959,-1.277754415,0.7747645531,0,1.6881935198,0.4838867617,1.5687971593,0.4836048421,0.7428828829,5.0341880342,-2.445119535,0.0,0.0,0,,0,0.0,-0.122231567,4.0,-10.36513807,0.0027749807,0.8739595875,-0.010267757,1.8583352419,0.1809489431,0.0444677657,-2882.220153,0.0318276958,11.606153518,0.0,-0.201929215,-0.24604615,0.0011456133,0.7287142634,-0.027654258,0.0,-0.003169572,1.1859424633,-0.170730764,5.0,11.322551111,,0.6039879313,1,-0.095378135,0.0936768353,0.0381404762,0.0573061168,0.52534901,0.660605199,2.3170107e-07,7.7645454e-08,1.0405244116,1.0826910511,-0.330037829,0.1088675183
90775,0.4821247477,0.0246316327,19.490755452,0.0,0.5874943123,0.8073798674,0.0705004718,0.434372122,0.2505106477,0.1690735209,0.4805536985,-0.036858675,-1.358222074,0.05808686,0.0368586748,10,0.0568835599,0.2914751358,0.2843050367,-0.245227638,-0.064826745,0.2053209214,0.0524914222,0.1115832321,0.3818491295,0.2162656959,0,3.0505634043,0.1286101844,1.1417105513,0.1247386787,48.194833876,12.608715376,0.1122198145,0.0,0.0,1,0.0057496154,0,0.0,0.5024019769,4.0,24.389599597,0.0138908878,0.2049279429,0.2877285647,-0.11319631,0.0947663465,0.0614228397,-7308.538425,0.0457936334,15.422114155,0.0002333655,0.0074509679,0.0157588559,0.0008687224,0.0080429854,-0.011079138,0.0,0.0005142049,0.631527164,0.0244227163,3.0,16.147881927,-0.021673052,2.3340480452,0,0.0957318355,0.0250143874,0.0120644691,0.0204612512,0.4334499124,3.6540703007,2.657565e-10,1.2730159e-08,0.5702011412,0.3251293414,-0.068259097,0.0329090657
92619,1.1586854053,-0.131007319,-1.793919184,0.0,0.3969408603,0.5076947707,-0.068818019,-0.100023628,0.0946937597,0.0105292892,-0.078537087,-0.195108053,-2.445524389,0.1893742753,0.1951080528,10,0.0019747969,-0.090384615,-0.223543619,-0.883480284,-0.441603033,0.1646698153,-0.114504662,-0.029688903,-0.107155845,0.5983209918,0,2.0641534215,0.0738478681,1.9873982766,0.0623739321,1.6391654702,5.6464923791,0.0911264935,0.0,0.0,0,,0,0.0,0.1261262962,3.0,0.3360721307,-0.159707068,-0.277865375,2.2953774348,-2.162445112,0.5354687929,-0.173241821,-1398.29417,0.0279332649,13.652879635,-0.044470705,-0.068871922,-0.085285264,-0.142227191,0.1528852721,-1.416969276,0.0,-0.241938946,-0.135251666,0.0654316749,4.0,13.425586831,0.588171987,1.0650477087,0,-0.500704589,0.0763358995,0.0333561816,0.0529781121,0.6175478789,4.1715912379,6.7675243e-09,1.4495035e-08,2.0577964374,4.2345261778,0.0282585093,0.0687599489
13640,0.7272878806,0.0246161696,-9.059956463,0.0003426588,5.4878610892,0.1737777773,0.0191775477,0.6089581309,0.0417135478,0.5056402852,0.5638534616,-0.002020184,-0.416479569,0.0348683013,0.0020201839,3,0.0004628454,0.4204545455,0.0962624643,-0.651113133,0.0237382986,0.2622280082,-0.334344287,0.001915023,0.9082103187,0.6026273433,0,0.9354564605,-0.058248502,0.9350200468,-0.058687853,0.300862601,0.0390084318,0.0063381941,1.0,0.0,0,,0,0.0,0.4257779647,5.0,-0.041259451,-0.007414598,0.3767045115,-0.19293502,-0.905918925,,-0.04466934,-5136.606862,0.0286434127,12.903352116,0.0008254344,0.0025347932,0.0215515165,0.0286390896,0.1420506934,-0.036730253,3.0,0.000445236,0.6503574852,0.0687699155,3.0,11.78907444,-0.208868863,0.4464109005,0,0.0654744878,0.0514771529,0.0170411522,0.0344138017,0.6724091091,2.1740169872,1.4059351e-08,3.3385371e-08,0.4656698804,0.2168484375,-0.135876699,0.0224605725
90868,0.0887314097,0.0352797637,14.453864069,0.0003800004,0.0554774414,0.2233328019,0.6377843536,0.3759045765,1.260468134,0.0,0.4656927231,-0.028945931,-0.102362205,0.038891078,0.0289459312,10,0.0133596605,0.0687022901,0.1049894972,0.0467692627,0.0852084293,0.1084095472,-0.056222553,0.0194639916,0.3272962484,0.7041143676,0,2.4064044589,0.000575687,2.0191923441,0.0804034926,3.7732565862,6.2099395176,0.7833314613,0.0,0.0,0,,0,0.0,1.9801638637,5.0,0.0148421301,-0.262841688,-0.309056607,-1.888878554,-0.68852623,-2.241112741,0.1746992264,-1605.899933,0.0506976226,12.714185993,0.0022879088,0.0789125287,0.1039343779,0.0021330704,0.4058396364,-0.005344366,2.0,0.0005844435,-0.734792723,0.0503916452,6.0,10.867582022,-0.570389413,0.1814968952,0,-0.060001469,0.0325714126,0.0168427815,0.021930901,0.7388492364,0.4423474594,1.1127909e-07,1.8289129e-07,1.3050276034,1.7030970456,0.271002852,0.0517342592
90795,0.0664530442,-0.014527354,8.8744856338,0.0,0.3029625242,0.8721532066,-0.037676925,-0.055425058,0.4426651415,-0.034217429,0.0657061654,-0.075365668,-1.975495595,0.0141713697,0.0753656679,10,-0.003886453,0.05,-0.048859537,-0.252048765,-0.096009956,0.3409636517,0.1646639771,-0.289503248,-0.381044632,0.5078363914,0,0.8660271903,-0.054677763,0.8312839879,-0.047747132,12.284394366,12.843729752,0.0878911305,0.0,1.0,0,,0,0.0,1.6075180687,3.0,-0.032299942,-0.079053497,-0.029790773,-0.188017839,-0.174514487,0.2532562121,-0.050082481,-3886.737752,0.0885157098,12.186033632,0.0034826564,0.0961391205,0.8922102683,-0.10548072,0.3342782208,0.1774474789,3.0,-0.009122807,1.3577349405,-0.001267934,3.0,12.918758567,0.1396413098,1.6819517152,0,-0.101596569,0.0226929039,0.0118355497,0.022551767,0.3174426021,1.6181549227,1.0887096e-08,1.839135e-08,1.1890907007,1.4139366945,0.133369472,0.0418785752
91141,0.0577413529,0.0355280392,14.139489282,0.0,0.0594147378,0.0913077497,0.6885787752,1.3217089011,0.7339488094,0.0305264963,0.4644143388,0.0549779225,0.1296897834,0.0309204155,0.0549779225,10,0.0,0.3108108108,1.6030695166,0.8799373461,-6.045797775,0.1272806783,-0.371346374,0.0724767605,3.3337725082,0.7206827523,0,6.0330625481,0.6308812731,6.0330625481,0.6308812731,1.4128360643,3.8459377385,0.724119981,0.0,0.0,1,0.0776870347,1,0.0,3.4443967926,7.0,48.165023711,0.3460408038,0.1021875708,-8.762661323,0.748180711,-0.225320604,-8.726431569,2233.868413,0.0248274717,16.068414202,0.0411086418,0.0854312392,0.150723286,0.0086575335,0.4799891044,0.0114965906,2.0,0.0014117647,0.1388388897,-0.115362236,5.0,17.51534264,0.6775234951,4.712836244,0,-0.25352422,0.0795976222,0.0354536081,0.0464955278,0.5625534792,17.136215262,1.284088e-10,3.7944999e-09,1.0987051443,1.2071529942,-0.092321499,0.0590506008
13455,0.8052885864,-0.438477556,-68.1571126,0.0,1.6652868861,2.3869911884,-0.228379349,0.7817602549,0.1266925528,0.3453971789,1.3528082269,-0.159448819,-0.812659613,-0.082144555,0.1594488189,6,0.0054044381,0.7066974596,2.6186492058,2.7026186714,2.2489026118,0.1192550315,0.0775133075,0.6163878933,-0.07156031,0.2212355834,0,0.4393939394,-0.584331813,0.2776292254,-0.659028783,121.31300813,82.897222222,-0.262496208,0.0,0.0,1,1.0919822168,1,0.0,0.0243452601,4.0,0.4389338728,0.497858347,0.6269066865,0.5508177034,-0.606818213,0.2532562121,-0.146398405,-4124.246522,0.0885157098,9.7574769055,0.0008148349,-0.03951183,-0.100625186,-0.001449158,0.0423834221,0.3340409239,1.0,-0.050891019,0.2214188271,-0.088276623,1.0,9.3040847841,0.3677789921,0.5436721813,0,-0.101596569,0.1153846607,0.036777851,0.0508130494,0.8662607126,1.9466201304,9.8798427e-07,5.6646413e-08,1.469232175,2.1586431842,-0.042669786,0.1000035114
90865,0.2527898122,0.0027162174,4.4739854718,0.0,0.1118324263,0.4601612243,0.0161939806,0.8923959252,0.4286917462,0.3029175869,0.0521264995,-0.194692106,-19.97297297,0.0569671536,0.1946921061,10,,0.0652427184,0.2121832061,0.7541950404,-0.029313732,0.1338673193,-0.087223037,,1.9262903659,,0,3.2060912877,3.2792663029,,,3.2402056807,148.08907823,0.2806887023,0.0,0.0,0,,0,0.0,0.9450308614,4.0,-0.028270257,-0.527222685,-0.014548055,-0.001681071,0.3677635876,-0.746743788,-0.007286697,-3877.933062,0.0885157098,11.91391736,0.0005391766,-0.014809136,-0.022376002,0.0331478338,0.1566447155,0.2377354108,0.0,-0.001904762,1.9864762032,0.1570933424,4.0,13.296883568,0.4019506855,2.9091071269,0,-0.101596569,0.0393518694,0.0235308728,0.0415928656,0.3214059468,2.5213392569,1.7976979e-08,1.338375e-08,1.2707759068,1.6148714052,0.2926108516,0.0609460228
90955,1.6944122357,-1.190958076,-0.684327444,0.119866142,1.0758654961,0.1263044559,-2.88164447,0.4201811492,-0.157797905,-0.81675762,0.3355037697,0.208408865,0.251961824,-0.887213573,0.208408865,10,-0.020817496,-0.32,0.7070895522,-2.152559571,-0.057681268,0.912799592,0.3813625643,-0.162538919,0.4796287367,0.7735854509,0,6.4046909903,2.4971803185,4.4408041698,3.428478885,0.0800244884,4.1590909091,-1.812912693,1.0,0.0,1,1.0,1,0.0,-0.555689489,4.0,22.916603846,0.0194483277,-0.402562152,1.6670540925,-2.064741681,-0.819051057,-2.37131562,-3106.860503,0.0318276958,9.1868455245,0.0,-0.169705212,-0.338825083,0.277007755,0.0626797561,-5.136968066,0.0,-0.787671233,1.9774024727,0.0345577924,1.0,10.604446633,0.0836904797,1.6146895857,0,-0.095378135,0.0217391085,0.0148331984,0.0301579019,0.8012016962,1.4852180842,7.7676687e-07,4.1437523e-08,0.8706951301,0.7581100096,-2.532741672,0.1029493542
90805,0.3380816267,0.068751111,12.838531128,0.0229371573,0.5832677663,0.3781612911,0.1426440678,0.0690967354,0.2764537018,0.3732153055,0.1048479305,-0.011550995,-0.157155399,0.0795557193,0.0115509954,10,0.0033555964,0.1929824561,0.1318879855,0.0866655202,-0.055184917,0.5938628159,0.1059619107,0.0131517458,-0.096029697,0.1258241539,0,0.9566052227,-0.486370474,0.8302611367,-0.496316029,12.188715953,4.3719469644,0.1594872073,1.0,0.0,1,0.0309295402,0,0.0,0.6153970303,5.0,-0.188649659,-0.009524793,0.1531835783,4.7469273012,-0.346730953,-1.453963068,0.8019737262,1737.270089,0.0314049921,15.228845025,-0.001526904,0.0177379363,0.0508659982,-0.000901812,0.0255041146,-0.002172303,0.0,-8.1983e-05,0.5534025793,0.0298953522,4.0,16.774892852,0.0178842905,4.4822712945,0,-0.107492679,0.015156799,0.0147042987,0.0247276746,0.293399904,5.6893302579,1.396034e-10,5.4566163e-09,1.1286283339,1.273801916,-0.049163893,0.0320655256
90952,0.8903024928,0.0327770507,-54.40351001,0.010589256,3.7812724037,0.1742555329,0.0207501311,0.2016613252,0.0348131961,1.251001596,0.0634794117,-0.008469822,-1.105875297,0.0690243813,0.0084698219,9,-0.000121058,0.0695053225,0.2039770373,0.0483380579,0.0863975087,0.105389095,0.3660029064,0.0013257318,1.6813929419,0.5843139545,0,1.2432494825,0.0133942155,1.24204125,0.0137035879,3.0320270522,0.0470378981,0.0100851542,0.0,0.0,0,,0,0.0,0.4076129764,7.0,-0.016850217,0.0011934433,0.0257552885,-0.029920408,-0.480207616,,-0.01051326,-1479.786897,0.0286434127,15.133349232,-1.2729e-05,0.0024351443,0.0143155812,0.0050609938,0.0079489651,-0.013836715,2.0,0.0008103728,0.2549144508,-0.010980818,6.0,16.14406482,-0.133715015,2.5218820187,0,0.0654744878,0.0157895014,0.0111249839,0.0168273661,0.2402622885,2.6714742985,2.137597e-10,8.7766302e-09,0.7457200059,0.5560983272,0.0171064992,0.0172411149
90961,0.9947285047,0.0281293704,-5.188965398,0.0146324866,2.9453717553,0.3274292292,0.0391199334,-0.084055327,0.0640588093,0.0979616575,-0.230538848,0.0080141132,1.1740496387,-0.004895907,0.0080141132,9,0.0129181199,-0.138987044,-0.016334468,-0.023702413,0.0347221946,0.1458414835,0.0283305015,0.0115904201,1.099281025,0.5801824866,0,1.6122077411,0.2408486401,1.4457891569,0.2016932914,0.8575512094,0.1376978567,0.0107381324,1.0,0.0,0,,0,0.0,0.581544444,4.0,-0.024047309,-0.002542826,-0.182737078,0.0745056038,-1.406312789,,-0.084433548,-5045.859822,0.0286434127,12.920249037,0.000101149,0.0029921317,0.0129484503,0.0096670766,0.0747402575,0.020054932,0.0,0.0010937203,-0.674704281,0.0122364049,1.0,12.147706419,0.0066047102,0.422246628,0,0.0654744878,0.0263157636,0.0099414027,0.0147773404,0.3975547856,0.7488006525,1.1013978e-08,6.1135842e-08,0.3429168461,0.1175919633,-0.722272335,0.0248454129
91286,0.5104370048,-0.360296087,0.4135764764,0.0176884111,0.3133375673,1.1004718594,-0.906539582,-0.289373297,0.3053587648,0.0006682259,0.0933137399,-0.059997876,-0.165108124,-0.300808276,0.0599978762,10,0.0,0.1728395062,-0.064614283,-0.116208486,-0.174580105,0.9486404834,-0.426162977,0.0258855586,-0.415057915,0.7056614264,0,2.1071908602,-0.393232464,2.1071908602,-0.393232464,2.5826538176,5.7618522602,-1.090909091,0.0,0.0,0,,0,1.0,0.4056467181,2.0,-10.20807064,0.2647699638,-2.268626643,4.2884597741,1.8519675268,-0.888072133,0.6937640018,-4224.923814,0.0288563477,9.4016414868,0.0,-0.003896104,-0.006417112,0.0806343907,0.2692856011,0.0108794907,3.0,0.1555926544,9.0133530569,0.2543158969,3.0,10.547221806,1.317958461,2.5832226649,0,-0.157064918,0.0630872846,0.0373708244,0.060421154,1.2131593388,16.835912498,5.2576827e-07,9.0703833e-09,0.9391984745,0.8820937745,0.7561033153,0.1370529577
90971,0.3793313037,0.0367278152,2.4133538625,0.0,0.0998538388,0.5410083064,0.1985502969,0.1846484939,0.6511648016,0.024537757,0.1999929946,-0.006163487,-0.074147554,0.0394510929,0.0061634874,10,0.0038480567,0.0833333333,0.1424802165,-0.689924519,0.0032604045,0.4169409209,-0.189313902,0.0397514513,0.1806742891,0.6441815686,0,3.784887067,0.0186028019,3.3016831413,0.0495049828,2.5069263426,7.5586534546,0.5397585246,0.0,0.0,0,,0,0.0,0.8198155971,6.0,-0.357846428,-0.05291339,0.1135117544,0.0681881707,-12.32824266,0.3396282265,0.0683119593,-491.4914314,0.1187585399,13.893009483,-0.004217202,0.0264246661,0.031552129,0.0001314112,0.4332694314,-0.014380535,2.0,0.0065202471,1.0710201966,-0.037116997,8.0,14.474251193,0.3199216031,2.6582086473,0,-0.051660395,0.0917722285,0.023788223,0.0273096764,0.5957599171,12.470514432,9.400411e-10,8.2544133e-09,1.4476439637,2.0956730457,0.0259295487,0.0406272202
90956,0.7061985857,0.0637692571,-0.150770363,0.0,0.3231161448,2.3874161598,0.1319713165,0.0729233716,0.3624425012,0.0061890763,-0.05878869,-0.145320701,-2.265942371,0.2082667188,0.1453207007,10,0.0,-0.052631579,-0.046030241,0.1279786035,0.1213964757,0.7722154389,0.1957200635,0.0123632196,0.1463199971,0.4942387185,0,2.1498525221,0.2613872802,2.1498525221,0.2613872802,12.278864402,5.9979567126,0.3200216964,0.0,0.0,0,,0,0.0,0.5594509027,7.0,-10.12290261,0.0332110498,-2.494097728,4.4842213549,-0.650413426,0.2523556959,1.2028389967,-4101.630298,0.0288563477,11.776810421,0.0038543101,0.0190868872,0.0321794989,0.0384330747,0.0001508362,0.0048156141,2.0,0.0022607385,-0.181758258,0.0166275594,3.0,11.431257403,-0.589683229,0.7333037169,0,-0.111549313,0.033576645,0.0158259308,0.0320196071,0.455884772,1.5355097767,3.7158918e-08,3.5104949e-08,0.5975701542,0.3570900892,2.8223223692,0.0700991384
91594,0.267024761,0.0590863301,5.4349578195,0.0,0.5830740495,1.1196760746,0.172250904,0.0108670113,0.2463972431,-0.025614995,-0.023578402,-0.000545283,-0.00780379,0.0595474274,0.0005452828,9,-0.01744905,-0.030567686,0.1406139909,-0.41076582,2.2489026118,0.0954249832,0.0518329595,0.0081845238,0.0952380952,0.5621059717,0,2.4246107404,0.0998947439,1.0320146171,0.2512334083,17.992061392,7.9569338795,0.1476231006,0.0,0.0,1,0.472773359,0,0.0,0.8028368794,8.0,3.9160629615,0.1761610459,-0.138052315,-0.242828138,-2.821125396,-1.72914744,0.018449261,-4415.537176,0.0588548821,15.646750787,-0.02956467,0.0562299403,0.1599591941,-0.014647453,0.1756067164,0.0217004711,1.0,-0.00103434,0.6842033846,0.0395262579,4.0,16.422043263,-0.142344617,2.7299173579,0,-0.156910843,0.0266750772,0.0129438086,0.0237146135,0.546750373,7.4480039151,1.515225e-10,8.9638886e-09,0.9985473461,0.9970968024,0.1174911029,0.0315944181
90825,0.6753820974,0.0908443467,-7.877479135,0.0,1.5326512384,1.6752649618,0.0760629486,-0.065676277,0.2371899786,-0.015422649,-0.080447459,-0.03475582,-0.874454148,0.1702835626,0.0347558198,10,-0.010760853,-0.042047532,-0.043000397,0.0659209851,0.0096499605,0.2441613588,-0.042630462,-0.010743212,-0.030328919,0.2720110043,0,1.9696509863,0.041572596,1.3882144664,0.0526307649,31.751879699,4.0171224732,0.0924364538,0.0,0.0,1,0.3742177722,0,0.0,0.7340168019,8.0,-0.029920729,0.0137985975,-0.040843379,-0.110487516,-0.182374214,0.2486514334,0.0160309195,-1126.059556,0.0943163074,13.836049557,-0.001775276,0.0148566741,0.0540092777,-0.077174517,0.0349829773,-0.017989118,2.0,0.0028288543,0.2716841474,-0.013918133,6.0,14.032895928,0.1567432369,1.2241495867,0,-0.075760491,0.0988764241,0.0276678959,0.0317938898,0.4799746338,3.4101947924,3.1512143e-09,1.7269404e-08,1.4485245395,2.0982233415,-0.065085512,0.037538324
90926,0.1587367356,-0.086473908,4.9961610256,0.0,0.0321747219,0.0885152313,-3.208695652,0.2823385262,-0.585915164,0.216025543,-0.607215241,-0.075721553,-0.148769463,-0.073609232,0.0757215533,9,0.0,-0.326923077,-0.431139396,0.4563709432,0.7092353614,0.4601226994,-0.024135374,0.0043759846,1.4910032715,0.8694662845,0,7.4558481797,2.5337153378,7.4558481797,2.5337153378,0.5465858499,24.975490196,-1.451839787,0.0,0.0,0,,0,0.0,-1.397628135,4.0,47.297020451,-0.406756767,-0.535546317,-8.66166594,0.4311972221,-0.42660587,-8.830961216,-5432.244527,0.0248274717,11.958309552,-0.000428266,-0.058542625,-0.072207679,0.0022547395,0.8321688361,-0.040412798,1.0,0.0385992717,-0.351702253,-0.050351659,2.0,10.87728633,0.3984849826,0.8136053177,0,-0.25352422,0.067961216,0.0273524261,0.0442118276,0.6973751337,5.2618340497,4.1138878e-08,1.6501524e-08,1.2368671584,1.5298403676,0.063802124,0.0857090529
90870,0.3068600572,0.0325316911,9.297295604,0.0256989636,0.0461546997,0.2486891624,0.1980367851,0.0178423911,0.3012159557,0.0080582608,0.0011994039,-0.021614185,-0.232488669,0.0400949406,0.0216141847,10,0.0129873446,0.0546378653,0.0630052091,0.0496660588,-0.011318489,0.1062132454,-0.027986157,0.0357604675,0.020393647,0.5834944793,0,10.123851683,0.0382194232,5.217430625,0.017703665,3.5493045315,5.8091610025,0.88742652,1.0,0.0,1,1.0,0,0.0,0.3454309762,6.0,7.1213498195,0.0035618872,-0.083567831,-0.058753349,-0.848649638,0.27397609,0.0324038977,-2660.510799,0.0410566741,14.386476078,0.003998425,0.0131265607,0.0256104509,0.0258247046,0.0401994055,-0.119182921,1.0,0.0006696802,0.4516849371,0.0329227676,6.0,14.523852087,0.1348164906,1.0501939796,0,-0.131569503,0.0292858519,0.0122055967,0.0286651829,0.2633300658,1.2205019263,1.1828432e-09,2.375527e-08,1.1001516215,1.2103335903,0.009601991,0.0279186564
90963,0.5583475766,0.067038985,-2.21100369,0.0390009345,1.2619958385,0.5046961517,0.0635637922,0.0964777303,0.056468731,0.0161854062,0.107505369,-0.062287952,-1.616926918,0.1754361244,0.062287952,10,0.0,0.0183066362,0.1338178961,0.0587560127,0.1065463774,0.179281768,0.0410754356,0.0001512414,0.0723440192,0.3426298431,0,17.354639923,-0.142633772,17.354639923,-0.142633772,1.3604066212,1.4557984174,0.0571815283,0.0,0.0,1,1.0,0,0.0,0.1800491346,6.0,-0.003558275,0.0514762479,-0.045486993,-0.292844336,0.8696558492,0.2903422538,0.0769523266,-8860.231398,0.0331128264,13.84848699,0.00141817,0.0116940691,0.0379443229,-0.005124562,0.169556984,-0.000807161,1.0,0.0020108586,0.8947023607,0.0377076585,5.0,13.949357546,-0.169658049,1.0303930768,0,0.048781298,0.0634734854,0.0168683679,0.0210332465,0.4426571808,2.1133486923,2.2664243e-09,2.3487155e-08,0.7610333505,0.5791717606,-0.093381838,0.0303652049
90940,0.4611124157,0.0858158841,1.8412134412,0.0674406518,2.4963750408,0.4499839195,0.0698929836,0.0567790342,0.1404396613,-0.019824504,0.0760659848,-0.066046335,-2.215018743,0.2758996759,0.066046335,10,0.0,-0.011627907,0.0117988915,0.0896531242,0.0155633164,0.0611734087,0.0186680749,0.0999378043,-0.0366951,0.5377465693,0,7.2625395235,0.0660270172,7.2625395235,0.0660270172,5.6668089666,2.1287370767,0.1002029063,0.0,0.0,1,0.6649043258,0,0.0,0.6620365419,5.0,-10.15832269,0.0918277529,-2.453094056,4.2391351849,-0.799502892,-0.888072133,1.2704719538,-2788.943238,0.0288563477,13.255239953,-0.001195035,0.0050780097,0.0333207023,0.0121360545,0.0221530168,-0.403591861,0.0,-0.005852231,0.3620793138,0.0601282464,6.0,14.12022239,0.5930107349,2.3374057993,0,-0.111549313,0.0913742706,0.0372355622,0.0535531697,0.3840293854,3.668495393,7.1252926e-09,1.1305805e-08,2.3373493595,5.4632020283,0.0665027984,0.0479899981
91349,-0.467861017,-0.47672025,1.2310052219,0.0534564619,3.6479543713,3.1360894,0.0231524649,-0.009567609,0.2032832921,0.0103435384,0.15440141,-0.179079071,-1.068967517,0.0328782117,0.1790790712,9,0.000242829,0.0256410256,-0.034840768,-0.021881804,-0.237805538,0.2024747051,0.0061754465,0.0070542688,1.7135766155,0.5401688273,0,1.7404469875,0.2819447047,1.7323315299,0.2817059245,4.8564182682,124.13621444,-0.044014311,0.0,0.0,1,1.0,0,0.0,-1.488601894,3.0,3.5170340229,-0.382795,-0.045085078,-2.139317303,-0.234952787,0.4203911707,-0.046908031,-2052.180939,0.0889184991,11.354061824,-0.003477014,-0.05889516,0.1361883838,-0.133828689,0.2581756399,-0.105188759,1.0,-0.011406844,0.3174893584,-0.026795275,3.0,11.653992081,0.6696152945,0.9134756756,0,-0.017965162,0.1069182083,0.0366091283,0.0696095299,0.6985879454,1.9017390318,1.004217e-07,3.137052e-08,0.8968392252,0.8043205959,0.9185046905,0.0979937174
90900,0.1426281125,-0.024104448,8.0484819603,0.0,0.0396068858,0.2702399537,-0.280266469,0.0501993967,1.2669235112,0.0306161995,0.2606620285,-0.148112025,-1.092997723,0.0022416588,0.1481120249,10,0.0,0.0994152047,0.0539421625,-0.131821608,-0.019091967,0.3064958829,-0.110188937,0.0336827954,0.0036694463,0.7547293743,0,3.8739631697,-0.202934857,3.8739631697,-0.202934857,2.6597144511,7.8962653225,-0.493838065,0.0,0.0,0,,0,0.0,1.6116870486,3.0,47.579366603,-0.09192627,-0.109208035,-8.677774563,0.2999905692,0.5733941298,-8.755110325,-4527.139317,0.0248274717,13.673525502,0.034414118,-0.061514089,-0.078759585,0.0064668501,0.5495758174,0.0329045705,0.0,0.0,0.7715813727,0.2521493174,7.0,13.944985914,0.4834029502,1.2393356555,0,-0.25352422,0.0797570571,0.0246303712,0.0367747452,0.3373630278,1.9676500847,4.025013e-09,2.0064046e-08,0.9451118465,0.8932364024,0.1562446649,0.0507574541
90957,0.1695390927,-0.02131489,15.627373308,0.0,0.1051867469,0.2683730304,-0.086712231,0.0090043719,0.4235149628,0.0256506793,0.0532080819,-0.01191202,-0.153386787,-0.018045467,0.0119120203,10,0.024647796,0.0625,0.1445247106,-0.050980796,-0.004177527,0.1607900379,-0.083930218,0.1277715157,-0.01940423,0.4580317829,0,2.8856689606,-0.257313492,1.871257485,-0.350322841,5.7011761591,12.510934064,-0.085479138,0.0,0.0,1,1.0,0,1.0,0.6648613027,2.0,-10.04379093,0.1266217164,-0.020062152,0.1421809495,-0.827698717,0.1809489431,0.0551477752,-1990.664893,0.0318276958,13.852727818,-1.617e-05,-0.005597454,-0.009003912,0.0111886902,0.16720274,-0.022640332,2.0,0.003170577,2.6417609691,0.2190349149,4.0,14.20800336,0.0530716545,1.7041431759,0,-0.095378135,0.0291262008,0.0191826857,0.0331103484,0.4084257178,3.0718384138,3.1642788e-09,1.6436695e-08,0.9446155435,0.892298525,-0.118323245,0.0524974418
91356,0.4672126338,0.052028837,-44.6889787,0.0106622693,2.9395927085,0.1751658528,0.035802375,0.0868207675,0.049783165,0.0382440613,0.069851041,-0.018618468,-1.170427107,0.1129247982,0.0186184681,9,-0.003664545,-0.080828323,0.4801780958,0.3517469484,-0.052044647,0.0712670121,0.2955632028,-0.0024014,0.2073083578,0.5151552745,0,0.9476619621,0.0981924623,0.9430856102,0.1049669,3.3752150242,0.0760920909,0.0206829321,0.0,0.0,0,,0,0.0,0.4032510658,7.0,0.0260242891,0.0085413392,-0.124578357,-0.453010267,-1.764662825,,0.033387157,-3325.399462,0.0286434127,14.919928699,0.0007210579,0.0044264688,0.0336639035,0.0068867102,0.0268515738,-0.026910921,4.0,-0.000246914,-0.063489802,0.009757814,5.0,14.619902867,-0.30651634,0.8503395545,0,0.0654744878,0.0396311097,0.0154974419,0.0255906575,0.373443512,1.2559097556,1.2628441e-09,2.9396573e-08,1.197943191,1.4350678888,0.0494605442,0.0342943975
90988,0.4201570195,-0.021722828,16.307051383,0.0,1.1137883888,0.5586649424,0.0070077755,1.2207477083,0.1708272501,0.4643575751,1.055284356,-0.051332187,-2.628646218,0.0353788014,0.0513321869,10,0.0,0.6734693878,0.3249484952,-0.111145192,0.0295308839,0.0640127159,-0.072321673,0.6163878933,1.8226266655,0.4503586774,0,0.7004051212,1.0685730863,0.7004051212,1.0685730863,26.805456644,25.590770053,0.0683421948,0.0,0.0,1,0.9767997716,1,0.0,0.5496421425,4.0,-355.6597549,-0.10512949,0.493092401,-1.939258507,-1.288445424,0.2766021907,-0.101989492,3822.0789422,0.2277833408,15.048048431,0.0078976902,-0.006589216,-0.025417193,0.0358484031,0.0115242298,0.0107262331,2.0,0.0004355401,0.4233216413,0.0590642873,4.0,16.295657114,0.3056851236,4.5768001909,0,-0.166303822,0.0441718549,0.0215548257,0.0361386633,0.2735062157,4.7965151823,3.677085e-10,6.2729331e-09,1.6565568632,2.744180641,0.0422235979,0.0361924624
90989,-0.090281187,-0.00251484,12.789310058,0.0458970123,1.7054108993,0.7765477517,0.0384744494,-0.058730282,0.202365982,0.0030334093,-0.014536729,-0.054567654,-33.80952381,0.0913689405,0.0545676535,10,-0.00045192,-0.157894737,0.0051147414,0.0287014418,-0.002248826,0.2131780688,0.1003905366,-0.006514047,3.3337725082,0.2701225202,0,1.5044655482,-0.060228367,1.4739680342,-0.06042009,15.903304977,4.226753107,0.0605455269,0.0,0.0,0,,0,0.0,-4.428422697,4.0,-10.11311888,0.1278229259,-2.599360886,3.6877415823,-0.693537282,0.1119278668,1.0859412184,-421.0578684,0.0288563477,12.37978242,-0.004412508,-0.003648949,0.050616653,-0.018052911,0.028196764,-0.014730685,0.0,0.0014025245,1.4891674718,-0.194400694,6.0,12.004791445,0.4237772933,0.6947030475,0,-0.111549313,0.0623500608,0.0320564387,0.0476124392,0.3942274842,0.7331807036,5.4929071e-08,4.803923e-08,1.1054463769,1.2220116922,-0.02001634,0.0446751029
91020,0.6039421038,0.0528503308,1.4117655291,0.0,0.1679918038,0.4930690648,0.0793580154,0.1042958402,0.4338374017,-0.005609969,0.1563697151,-0.024691075,-0.343608399,0.0710101483,0.0246910749,10,0.0119694847,0.3107638889,0.2936109022,0.1313401503,-0.008683643,0.5122022419,0.4879916828,0.0312525634,0.0906344411,0.4115243378,0,3.1709235112,-0.140157138,2.3735313886,-0.155243469,2.7276789879,6.8753880162,0.5263305232,0.0,0.0,1,1.0,0,0.0,0.5432493178,6.0,-9.920353767,-0.025935162,0.2282017373,0.5765839606,2.5111912086,-0.633060521,0.1442033908,-2521.147403,0.0318276958,13.924364953,-0.000103288,0.0065955839,0.0084155603,0.0101425652,0.2407431589,0.0377844669,0.0,0.0013315579,0.8602529298,0.1300742496,6.0,14.415482522,0.1739408019,2.5429862971,0,-0.095378135,0.0719688311,0.025388133,0.0310269773,0.7081679758,16.934291519,1.2153898e-09,5.0847868e-09,1.2522921507,1.5682356308,-0.013893608,0.0453069504
92044,0.2764081615,0.0610680635,45.839975059,0.0034325143,0.6316376929,0.8173383868,0.1207975925,-0.036045616,0.2162586138,1.00712599,-0.104560823,-0.054254728,-0.821818922,0.1112549537,0.0542547276,9,0.0080439528,0.0058682895,0.3156857958,0.3246008139,0.0258630882,0.0984718787,0.4109567636,0.0494098109,0.1682185323,0.4199182513,0,1.849083064,0.0400967167,0.9942720644,0.0213283204,80.827624969,9.5247399337,0.163904792,1.0,0.0,1,1.0,0,0.0,0.812210245,8.0,-0.141825972,-0.075126428,0.0284045464,-0.488176771,0.2349567897,0.2210934102,0.3646285007,-3073.424517,0.0689333745,14.243091911,-0.00408333,0.0103491343,0.0413939822,0.1317206535,0.002389894,-0.00452809,0.0,-0.001817081,-0.094792497,0.0566290766,4.0,15.407208582,-0.0471678,3.3880081511,0,-0.105814909,0.0632653311,0.0323850199,0.0485134132,0.3407883053,4.2385622583,1.8318359e-09,8.5569869e-09,1.9455139508,3.7850245326,0.0300289877,0.0554529335
90880,0.3354765525,0.0669383914,-16.08890944,0.0179631093,5.7607898152,0.5077572242,0.0204514554,0.0292856352,0.0425658477,-0.04688785,0.0307438823,-0.005303593,-0.479950648,0.0990655157,0.0053035932,10,0.0,0.0141207742,0.0949243099,0.0523113124,0.0894482844,0.275862069,0.0290093049,0.0004288402,-0.008300781,0.0950006048,0,1.7876347012,-0.037793582,1.7876347012,-0.037793582,1.7197202797,1.3260002157,0.0131344848,0.0,0.0,0,0.0,0,0.0,0.7109375,6.0,1.3876169769,0.0120898102,-0.073739798,-0.099067048,-0.988008343,-0.611343588,0.0710609815,17157.152486,0.0558672041,16.673968459,-0.000298927,0.0026679032,0.0504126984,-0.011780079,0.0559179741,,0.0,-0.000641437,-0.061282388,0.0255270582,3.0,17.303172142,-0.093157859,2.0165588142,0,-0.168614603,0.0367420539,0.0164626593,0.0206065522,0.2917777234,2.6145161442,1.112042e-10,1.3513568e-08,1.3609827356,1.8522740065,0.0491722664,0.0207180273
91090,0.4614341396,-0.005023059,0.6733429902,0.0143125568,0.1853147763,1.2218320576,0.1028848776,-0.077960691,0.6956861553,-0.112300735,-0.274268714,0.007996005,1.3652050345,-0.011880564,0.007996005,9,0.0103097932,-0.02,0.0046475165,0.0396066036,-0.041448772,0.5478707826,0.1479995622,-0.00955712,-0.275674516,0.601295915,0,3.8691750333,0.1299533503,2.7578776359,0.0790992321,4.4791373845,9.7783789518,0.1503509206,1.0,0.0,1,0.0009402915,0,1.0,0.9726063796,3.0,-0.076872486,0.0465679186,-0.028193401,0.6258861394,-0.61345658,1.408457597,0.0112835985,-3152.169044,0.1879227517,13.325232101,0.016443017,-0.029642864,-0.041617295,-0.029748909,0.2333566506,-0.016965968,0.0,-0.030174081,0.5826766287,-0.090164958,3.0,14.578663674,-0.045033672,2.3698396684,0,0.0081788241,0.0762430429,0.0333748733,0.0406405062,0.4244237314,6.0501978972,3.2462265e-09,1.0803276e-08,1.1257415811,1.2672941074,-0.128484036,0.0471100202
90978,0.4517867185,0.0724113714,0.0988725023,0.0,0.8105874876,0.8914752306,0.0935965544,0.1176015533,0.2028188956,0.0817124144,0.002797909,0.0575430433,0.9660016105,0.00246187,0.0575430433,10,0.0286579055,0.1373417722,0.2074271609,0.0097896636,0.2643080367,0.1114409423,-0.002511012,0.0806234915,0.3745194431,0.4903569256,0,2.1271455395,0.6139253319,1.7768833696,0.5438329017,3.1057918409,5.1153774014,0.129036612,0.0,0.0,1,0.0938037101,1,0.0,0.6460315028,6.0,3.1453113073,0.0214889942,-0.029898758,1.2669411768,-0.639702632,-1.874751364,0.0941106768,-1723.379597,0.0446872923,14.838050099,0.01010403,-0.012952904,-0.036719245,-0.103214883,0.1201181069,0.0595197029,0.0,0.0089820359,0.6774126718,0.1276095584,3.0,15.872998229,-0.083426827,2.692517953,0,-0.101630079,0.0289786533,0.0230383592,0.0390255445,0.29592995,4.4986665051,4.821132e-10,8.2156777e-09,2.9901416405,8.9409470303,-0.001049895,0.0588328462
90979,0.092973211,0.0143244707,21.382737641,0.0,0.0512810983,0.2123704234,0.2398102946,0.3279004602,0.998773563,1.0214338367,0.4202926465,-0.00598504,-0.052830678,0.0150812422,0.0059850404,10,0.036869722,0.3717948718,0.3225997202,-0.010252551,0.0072280392,0.2359571154,0.0589793166,0.122959345,0.2819052284,0.5967860572,0,3.6748097252,0.3888809314,2.4018504508,0.5530368182,5.199763982,11.02210231,0.4414570152,0.0,0.0,1,0.1880509305,0,0.0,1.4907419538,5.0,0.9487960513,0.0053607403,0.3588478037,-0.810408922,1.1772255569,-1.270968261,-0.012190769,9099.6566053,0.1633840717,15.900836663,0.0057984642,0.0363571166,0.0709793865,0.0127450172,0.0525112486,-0.028031078,2.0,-5.1664e-05,2.0192685648,-0.08114142,6.0,17.619767207,-0.296678674,4.8413208038,0,-0.128574987,0.0678043142,0.025379834,0.0315941606,0.4461550194,21.690345952,5.11463e-11,2.8779293e-09,1.09754401,1.2046028539,-0.115069054,0.047606287
91547,0.3257605432,-0.107716412,2.0012684989,0.0290507899,0.7452017235,1.6526308918,0.110042735,-0.211677078,0.1761172513,-0.075,-0.110634982,-0.199113261,-2.245454545,0.134155895,0.1991132608,9,0.0029557974,-0.136363636,-0.122834373,0.0536362154,-0.011758307,0.2012987013,0.2003367003,-0.046852475,-0.374294671,0.4013136239,0,1.7013669821,-0.043099618,1.6277602524,-0.05336594,10.704016913,5.6506696429,-0.110515464,0.0,0.0,0,,0,1.0,0.412539185,3.0,-10.20606051,0.3117789775,-2.577829785,4.1037833124,-1.267529329,0.1119278668,1.128728173,-1170.821558,0.0288563477,15.097903884,0.0044143614,0.0152600436,0.0533188248,0.0087414939,0.1923076923,0.0493011023,2.0,0.0019365771,1.3441048791,0.1156790457,2.0,15.630498551,-0.335185166,1.6981093131,0,-0.111549313,0.0268297624,0.0131597308,0.0228997226,0.3563334667,2.3556011951,4.719958e-10,1.6219296e-08,0.9512961658,0.9049643951,0.2277214007,0.0372543082
91967,0.3052030069,0.1896045662,-0.630636541,0.0,1.500617354,1.128746117,0.0839864089,0.2073824687,0.3722123254,0.0,0.1244087474,0.0115238308,0.1007291502,0.1705058594,0.0115238308,10,0.0061995709,-0.15625,0.1171471444,-0.029926116,0.0966686256,0.0824063928,-0.217504136,0.0779450246,0.8230177862,0.6104856674,0,0.9897731797,0.0765521685,0.7629166602,0.176067474,1.7913552625,11.070901311,0.1634057647,0.0,0.0,1,1.0,0,0.0,3.0480487328,6.0,24.481519109,-0.041876915,-0.242797193,0.110806824,1.7225442273,-0.666955168,0.1738418391,-10590.77841,0.0457936334,12.566737219,0.0019803769,0.0006802539,0.0041647575,-0.055645592,0.2460995487,0.1300772983,0.0,-0.035811083,1.4362964694,-0.078540461,4.0,10.323880311,0.0996632562,0.1383229554,0,0.0957318355,0.0279440843,0.0094627761,0.0196896223,0.5022414151,0.3203562621,4.8166883e-08,1.5631307e-07,1.5520656194,2.4089076869,0.0616829202,0.0685636614
91801,1.0279787709,0.0232251348,-10.33024545,0.0507548997,0.3519035074,0.1395527953,0.0331812283,0.5634150122,0.0482710761,0.9293343269,0.3566732623,-0.027278024,-1.415027089,0.0560893297,0.0272780242,7,0.0,,0.3223620219,-3.701815015,0.0780467671,0.0048282039,-0.761094135,0.4230262509,0.752044381,0.2110138661,0,9.1639135959,0.2405705897,9.1639135959,0.2405705897,5.5614937978,1.4797064813,0.0824115703,0.0,0.0,1,1.0,0,0.0,0.0565936578,6.0,6.0983353258,-0.179737224,,-53.17788832,-2.603133293,0.9362812349,-1.206528386,-2039.790548,0.0207317787,12.446975094,-0.006696986,0.0006130847,0.0009870368,0.0430482698,0.0244538382,-3.308793573,0.0,0.0452488688,0.0616400816,-0.009451049,3.0,13.728244062,0.1186708073,3.627298128,0,-0.142502855,0.0470107347,0.0327874344,0.0433298771,0.4143114294,8.2915087528,7.0076329e-09,6.8786554e-09,1.6122496083,2.5993487995,-0.017407043,0.0425008158
91488,0.0639025912,-0.060012655,11.315436768,0.0,0.0215192792,0.0025926615,-17.17196532,-0.369554311,-0.599785378,0.0428514377,-0.490590497,0.0832371721,0.153204745,-0.069206878,0.0832371721,10,0.0,-0.372093023,0.71625,0.71625,-0.934313555,0.8700564972,-0.055670387,0.002675809,-0.31472369,0.9547662312,0,4.0723258821,-0.548665079,4.0723258821,-0.548665079,0.0320771909,9.4689655172,-1.855006367,0.0,0.0,0,,0,1.0,-0.871494239,3.0,74.77710871,-0.016253009,-0.580716263,-8.756500085,0.8109654931,-0.42660587,-8.826558862,-5017.794317,0.0248274717,13.851130969,0.0,-0.146487367,-0.164522234,0.0010480786,0.9450972249,0.3463734932,0.0,-0.004439512,0.0753955101,0.1020621322,2.0,15.381761241,-0.602770022,4.1527331108,0,-0.25352422,0.0957309529,0.0347645833,0.0612103362,0.3046909351,5.4659359723,1.2441531e-09,6.0531087e-09,2.3129465531,5.3497217573,0.1535664778,0.1043740657
90925,0.6237364823,0.0599386409,-1.153516381,0.0211242085,0.7367457949,0.8351866878,0.026169977,0.317749905,0.1068985177,0.114284573,0.4211160177,0.0007379469,0.015625,0.0590020997,0.0007379469,10,,-0.109268568,-0.063586513,-0.171854229,0.1953772571,0.6283464567,1.1330708661,,0.182715075,0.1503655898,0,23.530864198,,23.530864198,,5.9761727476,14.255772647,0.1616647322,0.0,0.0,0,0.0,1,0.0,0.1969218627,5.0,0.0108196851,-0.140166931,-0.173062197,-0.227455431,1.4503878516,-0.257105947,-0.039481698,-50.92317792,0.0331128264,15.989152152,0.0010829103,0.0091685768,0.0221960652,0.0314927738,0.1466942149,0.0067013994,0.0,-0.002819284,0.4817403865,0.0253425343,3.0,15.8569306,-0.075833939,0.9045368792,0,0.048781298,0.0099132499,0.0099353062,0.0194463746,0.498830414,3.0669322351,1.847946e-10,2.1927158e-08,0.6068462851,0.3682624138,0.0625682715,0.0260647472
90949,0.6630859984,0.0680617717,-13.36100662,0.0163475335,7.1803941662,0.3263922746,0.0266985552,0.2843420788,0.0433506351,0.0993914807,0.2865833463,0.0015631243,0.1601952048,0.0571586023,0.0015631243,10,0.0009385647,0.4085365854,0.087142651,-0.222446305,-0.021784187,,,0.0032696044,0.2605628003,0.6209548413,0,0.9534857203,0.0273028082,0.9523086101,0.0263604843,0.6567800304,0.0535391389,,0.0,0.0,0,,0,0.0,0.503289865,3.0,-0.024205669,-0.001692333,0.3647865514,-0.257136902,4.2376007648,,-0.022379039,-5290.745062,0.0286434127,12.302277858,0.0001239872,0.0026022177,0.0303630958,0.0288660124,0.0703327059,-0.051913069,1.0,0.0008503401,0.4236794298,0.0576020684,4.0,11.681331748,-0.059112996,0.5373180077,0,0.0654744878,0.0399141759,0.0127887559,0.0227326263,0.3745407045,0.894223088,2.0888474e-08,4.3583331e-08,0.7320095928,0.5358380439,0.1759904689,0.0249393113
91075,0.4505305431,0.090515156,2.1572827353,0.0310686887,0.6338443546,0.6665945211,0.1510451891,0.4442781026,0.2828845131,0.0,0.7793733581,-0.036933268,-0.374408488,0.1244047987,0.0369332682,9,0.0265825181,0.0758542997,-0.023429506,-1.444061369,0.1553967035,0.0415142786,-0.203142171,0.4231894274,0.1417693396,0.5636145475,0,1.4867797291,-0.411195312,0.9529180412,-0.403130305,7.6926128433,7.2918507023,0.2456967025,0.0,0.0,1,1.0,0,0.0,0.5206936128,4.0,3.7790652695,-0.20642871,-0.03163033,-0.059322356,-1.84855221,-1.334755462,0.0833066323,-9388.379736,0.0588548821,13.595108966,0.0023778454,0.0203047827,0.0537971552,0.0135773072,0.10204782,0.0114911573,0.0,-0.001935841,0.2759667428,0.1009544507,5.0,14.380282868,-0.385643846,2.1684474209,0,-0.156910843,0.0686134696,0.0294274665,0.0420531391,0.4193937706,4.4765103409,3.1975274e-09,1.1088809e-08,1.8097464648,3.2751822669,0.0730460775,0.0521200933
91083,0.8292082287,0.0159377698,-25.67647449,0.0,8.953153262,0.3807119226,0.0166229386,0.0379597685,0.0319872556,0.0029689137,0.040037317,-0.02147281,-12.9386845,0.2221515456,0.0214728098,10,-0.002127669,-0.02970297,0.0219392378,-0.018637711,0.0306041865,0.0474239533,-0.041200161,-0.003604623,0.0160454585,0.6125049613,0,0.9756085007,0.0132414867,0.9408817657,0.0180632513,1.183289154,0.0509443742,0.0035249101,0.0,0.0,0,,0,0.0,0.3693938866,6.0,0.0086570428,0.0005653083,-0.064342285,-0.019355405,42.802845459,,0.1357628554,-5046.000717,0.0286812661,10.985864723,0.0001715589,0.0005973119,0.0069241983,0.0040688398,0.0328898495,0.0051868838,2.0,0.0023275896,-0.863546587,0.002019132,4.0,6.3964295187,-0.126176472,0.0118004239,0,0.0654744878,0.3387096822,0.1131541982,0.1211447555,1.774327705,0.172978203,0.0001049881,5.0000003021,-0.050958073,0.0417807477,0.9897467444,0.0443891344
14536,0.0624702695,-0.018930385,16.111666065,0.0,0.0023537337,0.0,-2.819024089,2.0474502855,0.0,0.0655879769,0.9050847458,-0.068297903,-0.155309735,-0.015990312,0.0682979034,3,0.0,1.6666666667,,,,1.5132743363,,0.0242173656,2.1178929766,0.8993057889,0,25.113879004,1.0203420524,25.113879004,1.0203420524,0.0,,-10.14935823,0.0,0.0,0,,0,0.0,0.0,3.0,,-0.029412831,1.4740690676,-8.757932407,,-0.42660587,-8.773342296,-5308.596377,0.0248274717,12.242175642,0.0,-0.113443166,-0.119673042,0.0,0.8442559753,-2.0,0.0,-0.787671233,-0.330257208,0.0502609424,4.0,11.490001167,,0.4345034517,1,-0.25352422,0.088888891,0.0424022658,0.0815104552,0.6236738668,2.9786989475,3.176685e-08,2.6749073e-08,0.541151314,0.2928447446,1.3624784474,0.0781822652
91408,0.8129539448,0.0827067624,-15.57269417,0.0337914046,5.9122895162,0.3004886711,0.0396008124,0.0123349939,0.0447327969,0.0,-0.000889299,0.0013592354,0.1132178669,0.0733428792,0.0013592354,7,-0.001575925,-0.046875,0.0214772669,0.0316270191,0.09554869,0.0732379804,-0.346555783,-0.000929364,0.1240513719,0.5001992103,0,0.8681046786,-0.030419316,0.8567017303,-0.027977638,0.8116319798,0.0712228107,0.0150661726,0.0,0.0,0,,0,0.0,0.4234842799,6.0,0.041418113,0.0017297333,-0.090625034,-0.107268956,-1.01837294,,-0.006194762,-5432.164182,0.0286434127,11.124258878,0.0001381168,0.0025960677,0.0184551401,4.79894e-05,0.053465041,-0.001154966,0.0,0.0015036677,0.1622010978,0.007629672,3.0,8.8301043179,0.0020730282,0.3662020664,0,0.0654744878,0.0516392514,0.0126593221,0.0126066752,2.1904643941,9.7109514289,8.9697757e-07,1.0000000224,0.1700117916,0.0289040093,1.1799623995,0.0261433476
91073,0.3080798123,0.1540597165,-1.172556342,0.0808221541,0.7965153074,4.1693994557,0.3127901697,0.0307625751,0.2783451373,0.20664526,-0.01613117,-0.031746083,-0.317375868,0.2029545526,0.0317460828,9,0.0135509525,-0.14874552,0.5024259201,0.7317688858,0.3649093092,0.0885040747,0.595900866,0.0512722283,0.2523969523,0.4056365038,0,1.7445607729,0.3209467672,1.0750635542,0.2081795486,35.146136344,30.894323513,0.2571370423,0.0,0.0,1,0.7766650287,0,0.0,1.6051639055,7.0,0.2052278293,0.2424465643,-0.172029063,0.5992634578,-0.0556381,-0.76234014,0.3640095125,-14745.9961,0.0739470786,14.707992505,0.0019447861,0.0257498511,0.1200911829,-0.358861846,0.1206364761,0.0035566592,2.0,0.0045330916,0.56962283,0.1068740692,3.0,16.558815222,-0.30860859,5.847698757,0,-0.13824669,0.0389373973,0.0266318929,0.0441626464,0.3198372798,10.248297819,3.458817e-10,3.7257561e-09,1.2804878109,1.6396490338,0.0640458789,0.0477827645
91063,0.2059609332,0.1118872,11.927417492,0.0342880129,1.0710783522,0.7723826065,0.1795508884,-0.038932387,0.3018557771,-0.038870111,-0.039417354,-0.017249746,-0.203433923,0.134648852,0.0172497463,10,0.0032377625,-0.070707071,-0.03736487,0.0471100161,0.0010439196,0.2344244984,0.0975819834,0.0062109195,-0.048668997,0.1862487347,0,1.2086144266,-0.094459678,1.1196950445,-0.287500971,21.894389439,4.7267545422,0.1141852848,0.0,0.0,1,0.0061954838,0,0.0,1.6996504437,5.0,-0.13250274,-0.02318333,-0.092341549,1.9361084367,-0.083991863,-0.56756095,-0.076450366,2927.5119805,0.0347046397,16.467082723,-0.012674655,0.0400090518,0.3077994429,-0.011817431,0.02727641,0.0108591774,2.0,-0.00023175,0.533853812,0.032560877,6.0,17.037850911,0.1245990947,2.9327378497,0,-0.107492679,0.1385767758,0.0433827661,0.0509479607,0.7077022006,14.682597496,1.367485e-10,5.9141487e-09,1.447574905,2.0954731056,-0.041352642,0.0338085445
91192,0.0842985106,-0.017267767,158.50478589,0.0,0.1042609578,0.2304019936,-0.027044462,0.2058211489,0.5906850665,0.0352144678,0.3832519443,0.1254204888,1.3294736842,-0.040224808,0.1254204888,9,0.1450367135,0.1333333333,0.215345526,0.0239936927,0.010044988,1.3654135338,-0.098191992,0.1797820492,0.0470734323,0.47036311,1,3.9096269418,0.1050384566,1.5206939562,-0.042412732,42.571788413,4.74303087,-0.14631555,0.0,1.0,0,,1,0.0,1.1539199639,4.0,24.535566074,0.0593614547,0.0467861404,-0.110097672,0.1296796591,0.0515341003,-0.036888828,-10737.44161,0.0457936334,11.87030876,0.0078136446,-0.023299763,-0.048313103,0.0227687479,0.0371835443,0.0010996642,1.0,0.0,0.0800501232,-0.050057934,2.0,10.226198323,-0.17951278,0.186139612,0,0.0957318355,0.0956280753,0.0367102552,0.0450587996,0.4673793947,0.4417071387,1.8084739e-07,1.0123674e-07,1.4424549116,2.0806761721,-0.806357344,0.0922507931
84185,0.8190955848,0.184516639,-4.204499678,0.0,1.7989639469,5.1878083094,0.0934778548,0.0709894337,0.5986412755,0.0002029633,-0.000895401,0.0313740162,0.4304044971,0.1050998478,0.0313740162,9,-0.021913708,0.0461538462,0.2501181815,0.1062276463,0.0342094162,0.3755658359,0.0664931838,-0.005751288,0.2719903355,0.6417272935,0,1.3040009526,0.0645429468,0.8636078766,0.1451647384,13.48043007,5.008337415,0.1498181773,0.0,0.0,0,,0,1.0,2.2152986904,6.0,0.9573453803,0.0802440394,0.0332067781,-0.084286549,0.89625746,-1.444153185,0.0778278371,-5335.185187,0.1633840717,10.366903953,-0.002210759,0.0138582134,0.0351124824,-0.577519275,0.118243377,-0.002020707,0.0,-0.062924388,-0.814466538,-0.080434791,4.0,8.1714977354,0.1859988436,0.1768776485,0,-0.128574987,0.2272882015,0.0691117486,0.0946376247,2.12706702,1.2075469961,0.0001049881,1.1504824e-07,1.0146106542,1.0294347797,0.5810060783,0.0895643477
13648,0.2917300722,-0.305361112,1.9243432473,0.0,0.0948454749,0.0937018694,-5.183623504,0.3374601149,-0.732236272,0.4359874514,-0.098211154,-0.074751556,-0.08269405,-0.280109565,0.0747515562,9,0.0,0.0416666667,-0.363966445,0.0803083637,1.7424654313,0.9773755656,0.052174716,0.003956605,0.5866773676,0.8550794446,0,4.328712406,0.1363915726,4.328712406,0.1363915726,0.2939474598,6.978021978,-3.013463667,0.0,0.0,0,,0,1.0,-1.764546549,2.0,45.182899262,-0.124783411,-0.166956573,-8.528672604,1.7043998365,-0.42660587,-9.037461549,-5493.151457,0.0248274717,8.9518282513,0.0,-0.144207732,-0.174831214,-0.177059891,0.8078025589,-0.366403245,3.0,0.158865345,1.1163544182,-0.156705011,2.0,9.2288162609,1.1917691412,3.2806222625,0,-0.25352422,0.3157894909,0.1131541982,0.1321902001,1.5984762598,57.104539592,6.7124891e-07,2.834171e-09,1.6148746319,2.6078200768,0.1200454413,0.0986124251
91041,0.2468895318,-0.01836356,0.9254506763,0.0,0.8253406215,1.3072025119,0.0401490804,0.0536357656,0.3284374246,0.0081577022,0.0751325299,-0.062693574,-3.792758145,0.0512849815,0.0626935742,10,9.4929e-05,0.0675675676,0.0599543385,0.105155192,0.0225171801,0.4053128195,-0.030032332,0.0085869305,-0.079670571,0.3444545574,0,1.1277662759,0.1775808642,1.1213886545,0.1776106976,4.9620448906,16.377170577,0.0443008183,0.0,0.0,1,0.5151402713,1,0.0,1.2491725966,5.0,3.6879014583,-0.338746826,-0.003158536,-1.076456617,-0.562653794,0.4203911707,-0.028501261,3056.2785006,0.0889184991,15.287723836,0.0027636811,0.0117570287,0.0630743586,0.0248554115,0.1694051126,0.0078118605,3.0,-0.000415973,0.6564131227,0.0241855532,3.0,15.457724286,-0.301197439,1.3721469625,0,-0.017965162,0.0302606914,0.0139328469,0.0195079025,0.3073195335,2.1259293728,4.154746e-10,1.5453764e-08,1.1156169565,1.2446011936,-0.002165109,0.0300955735
91099,-0.376853352,-0.592176042,-0.771135208,0.1213592233,7.7453013679,5.3862029187,0.0684267014,-0.066600954,0.1647648659,0.0049279405,0.0431878273,-0.206704366,-2.668493866,0.631092173,0.2067043665,9,-0.008181693,-0.119587629,0.0102550934,-0.146819628,-0.138783059,0.2681421087,0.1631825779,-0.047600632,-1.788577502,0.4069501726,0,2.5063763651,0.0844215793,2.2524735301,0.1206974105,6.4431999789,11.17142988,0.035100054,0.0,0.0,1,1.0,0,0.0,1.971143405,4.0,-0.337283511,-0.004234898,-0.159386507,4.0319923227,-0.064442251,-2.277617903,1.7104601006,-14739.16387,0.0314049921,12.229929767,-0.002092884,-0.007501196,0.3335662115,-0.239952547,0.1660754759,0.2434047152,0.0,-0.016611296,0.1901203963,0.0076959702,4.0,12.902303521,-0.86242368,2.0608456103,0,-0.110103373,0.0119426446,0.0013184348,0.0026937081,0.6627598177,5.5337680293,7.248677e-10,1.116602e-08,0.7206795076,0.5193789526,1.7626081366,0.0929771305
91080,0.1347594859,0.0557147068,38.786638926,0.0178767223,1.2382317978,1.1017970006,0.1022225068,0.246220445,0.4530632647,0.0009090909,0.2309417716,-0.084257194,-1.871252652,0.1599709995,0.0842571935,9,0.0182488249,0.0704225352,0.1039285006,-0.141316631,0.0617431624,0.1665782992,-0.055941177,0.2650796999,0.406646838,0.5456599362,0,5.8900845503,0.5283233508,3.3781893853,0.5307854707,68.747998235,6.6352998448,0.1996006241,1.0,0.0,1,0.3612785117,0,0.0,4.6517318483,6.0,-0.139044424,-0.039951588,-0.099354408,-0.448839524,0.1298336199,-1.025633675,-0.099305425,-1221.015632,0.0457306398,13.483440005,-0.000830308,0.0108841492,0.1095772537,0.0030549407,0.0068921074,0.0168764076,2.0,-0.000598086,0.5101702751,0.1299301079,6.0,14.227039046,0.2836318493,2.1179505978,0,-0.034541484,0.0536457673,0.0241443791,0.0439757044,0.4506244705,3.4520231038,4.3114891e-09,1.2852274e-08,2.5003533388,6.2517668187,0.122099673,0.0597379269
13931,0.2414755089,0.0394430562,7.3994965406,0.0,0.0987585872,0.4152743465,0.2007528231,0.0475247525,0.7317841988,-0.009511247,0.0072289157,0.0014605455,0.012312812,0.0389574012,0.0014605455,6,-0.001026329,0.0571428571,0.0308895406,-0.06918824,0.0519952818,0.8183060109,-0.45075872,0.0029500909,0.0649493488,0.3981158134,0,1.7793511136,-0.012524483,1.7539180643,-0.010035899,4.6574414839,7.4565166156,0.4807256236,0.0,0.0,0,,0,0.0,1.0474674385,4.0,-1.531410997,-0.155841882,-0.255888904,0.3555196785,-0.197825081,-1.000427163,0.1263642272,-4683.344991,0.0278203388,11.25745484,-0.00061247,0.0320203696,0.0451160515,-0.002528318,0.2273667773,-0.002466297,2.0,0.0026356518,-0.091874207,0.0096249022,6.0,8.7022609739,-0.180080093,0.0522278352,0,-0.111549313,0.077380158,0.0355228617,0.0352977091,1.6063821109,0.2164867355,1.63112e-05,2.0000006242,0.0733778332,0.0053843064,2.45435095,0.043096767
91068,0.0947519236,0.0209703306,,0.0,,0.1934368849,,0.2672624025,0.5562967829,-0.000193343,,-0.103913785,-0.531447727,0.0321149651,0.1039137846,9,0.0010044857,0.1709307455,0.2780067511,-0.576761435,0.0296635084,0.099797287,0.0007760133,0.1156200231,0.3081874135,0.5480057609,0,3.5752675919,0.0690168523,3.5128688291,0.0713324206,5.4194724143,80.041089485,,0.0,0.0,1,,0,0.0,0.7266233631,7.0,-2.0718e-05,0.0800604241,0.0911399724,-0.159718959,0.1182007821,0.8466201201,-0.032138885,17101.542898,0.0885157098,16.324519809,0.0057339746,0.0516291643,0.0643435434,0.0059050798,0.325565941,-0.000562092,3.0,-1.3884e-05,3.3847181478,-0.080351749,6.0,18.734862128,-0.372872616,9.8670935927,0,-0.101596569,0.0291221645,0.0191927178,0.0252787954,0.4112285958,23.542698319,2.555301e-11,2.6198131e-09,0.2623016183,0.0688021389,0.8313211283,0.0399826225
91096,-0.467861017,-0.188198789,11.811844561,0.0587221479,2.8890205946,0.871764364,0.0467489263,-0.034948801,0.1895985168,0.0239471019,0.0386440759,-0.08349585,-0.923823042,-0.014336411,0.0834958497,9,0.0,-0.409090909,-0.006448585,0.3578507178,-0.00041078,0.0714622514,0.0300427135,-0.011368908,0.2187713477,0.3376062143,0,1.2749661788,-0.002557014,1.2749661788,-0.002557014,8.5652158064,16.741075882,-0.040396585,0.0,0.0,1,0.9172916567,0,0.0,-0.219543932,2.0,-0.058716654,-0.034992573,-0.427720837,-1.370025608,-0.367024902,-1.447917782,-0.134558262,-3921.076382,0.1744310206,10.855113774,5.37747e-05,-0.014398233,0.0297019894,-0.016823003,0.106032644,0.0315427279,0.0,0.0090361446,2.5384283131,0.0644735862,2.0,10.552317572,-0.109045801,0.7960385028,0,-0.165367998,0.0960000008,0.0350472968,0.0760591388,0.4758055839,0.9759384046,2.8398241e-07,5.8462373e-08,1.9742641989,3.8977191269,0.1115205003,0.0519566873
91088,0.1098256318,-0.432138517,0.8439699096,0.0,0.1623166517,0.0673597208,0.9227535636,-0.384282321,0.0002101856,0.0001798986,-0.025297619,-0.071704544,-0.143676363,-0.370050426,0.071704544,10,0.0079353722,-0.362318841,-0.172890733,0.2265426947,-0.784005819,0.6750941366,0.2343465973,0.0050444543,-0.787775891,0.7952004506,0,11.351311953,-0.292373989,10.675413022,-0.317108715,0.1407986438,7.0518867925,-2.456258135,0.0,1.0,1,1.0,0,0.0,-0.019154586,2.0,-2.504236705,-0.015577121,-0.470845776,0.4105437528,-1.008458846,-0.802388916,0.5639682444,-3067.527431,0.0352290716,10.320723144,0.0,-0.158462484,-0.210149848,-0.013022605,0.7992201209,0.0374018529,0.0,-0.185185185,-0.1615201,-0.023977052,3.0,10.71240239,1.2003231268,2.4203417655,0,-0.095378135,0.0349205993,0.0274169606,0.0591477233,0.7414910133,1.6805452681,4.393444e-07,5.1850448e-08,1.0063064148,1.0126526005,0.3851960889,0.1013612577
89003,0.3700006433,0.0389655534,16.750974026,0.0154733595,0.4417977087,0.3624445425,0.0928963715,0.0401429789,0.1894613935,-0.019614591,0.0839286703,-0.033313905,-0.687038378,0.0657363841,0.0333139049,9,0.0,0.0526315789,0.0579999012,-0.006240605,-0.02041801,1.1479412373,-0.080222298,0.009097356,-0.003616746,0.1179837816,0,1.5467508912,0.1000681218,1.5467508912,0.1000681218,13.033279221,4.7746060065,0.1654685818,0.0,0.0,1,0.4144739445,0,0.0,0.3756705418,6.0,-10.09973436,0.1111321651,-2.38883457,4.1480234125,-0.687136497,0.4025040538,1.060308662,13486.358442,0.0288563477,16.880529938,0.0019686567,0.0123676023,0.0274668116,-0.001400392,0.0311182847,-0.01668252,0.0,-0.000298151,3.7862938246,-0.098306315,5.0,17.308191761,-0.266405877,1.3506578773,0,-0.111549313,0.0268520098,0.0109499701,0.0159999589,0.28166791,1.6543437097,7.711704e-11,1.876323e-08,0.7499193999,0.5623791064,0.0191677183,0.0205876327
91603,0.397231191,0.1022255953,-6.650208405,0.0176718964,2.6643150942,0.9368412537,0.0369487696,0.2300670607,0.052119986,0.039777971,0.2049020891,-0.056445194,-1.58501076,0.2642542639,0.0564451937,9,0.0,0.5750463249,0.5163210503,0.295898162,-0.128907034,0.4092297714,-0.196463423,0.0070554423,0.3014866148,0.3225968469,0,6.6539912385,0.0636048317,6.6539912385,0.0636048317,3.1868564169,0.9451272378,0.0478527241,0.0,0.0,1,0.2194835858,1,0.0,0.4033123464,6.0,-0.012470199,0.0779678262,0.511252696,-0.453960722,1.9515890774,0.7518720082,0.1657704661,-5287.931928,0.0331128264,15.287682127,-0.00024069,0.0122031439,0.0788899924,0.029173353,0.0783414705,0.0278027854,1.0,0.0034137822,0.4863182438,-0.054672094,5.0,15.266752921,-0.420678222,1.1258946117,0,0.048781298,0.0336167254,0.0244258664,0.0249199274,0.4824674146,4.1707609971,5.811454e-10,1.4812632e-08,0.8608130715,0.7409991441,-0.1886032,0.0423797677
13976,0.378035233,0.0089187005,12.044908322,0.0547824827,0.5034051518,0.8601932858,0.0353322378,0.3138802519,0.351291557,0.2164613279,0.3182534402,0.0597112635,5.1964017991,-0.037426451,0.0597112635,4,0.0373669159,0.516,0.0238409753,-0.364323051,-0.050568017,0.3690488647,-0.162384918,0.1503627521,0.3081016055,0.463907949,0,1.580930149,0.0444636278,0.5613216017,0.2791484324,45.3674189,5.39870762,0.126693552,0.0,0.0,1,1.3156996587,0,0.0,0.7555637811,2.0,3.7099090977,-0.122849872,0.4085153702,-0.131817666,-1.64626347,3.0287483378,-0.078524617,-10413.22106,0.0588548821,10.683298546,-0.010910752,0.0042886776,0.0113220225,0.0885122411,0.0088708954,-0.090897807,1.0,-0.056497175,-0.378914405,0.029778951,2.0,8.500392881,-0.069532774,0.1182098765,0,-0.156910843,0.0576386079,0.0197858949,0.0257657723,1.1507412324,1.4619348709,8.8364239e-07,2.0000001414,0.4104033511,0.1684309106,-0.591051922,0.0452142735
91176,0.8818778594,0.0388799425,-10.90577197,0.0072638271,5.1196561624,0.2476349471,0.0227759819,0.0110003381,0.0343117634,0.0125084517,-0.002530607,-0.002452462,-0.376504117,0.0535184009,0.0024524616,9,-0.000371273,0.025210084,-0.028590747,-0.055661723,-0.000802037,0.0787897888,0.086825671,-0.000628413,0.0974245837,0.502169169,0,0.8297561114,0.0915276216,0.8287197724,0.0923147098,0.5616709949,0.0706118595,0.0093859166,0.0,0.0,0,,0,0.0,0.2534663174,4.0,-0.036099024,6.84491e-05,-0.01853995,-0.038345042,-0.815594292,,-0.02601924,-5417.258422,0.0286434127,11.330827897,0.0003164902,0.0025664878,0.017203463,0.0065559955,0.0689989562,0.0013257003,2.0,0.0067914661,0.3287247171,-0.011432289,5.0,9.0167313479,0.0081855457,0.0579014186,0,0.0654744878,0.0294666514,0.0111149252,0.0158371037,2.09054086,0.1087628303,6.65921e-05,5.0000003021,0.0564187628,0.0031830768,0.7823660775,0.0191221417
91095,0.9734549408,-0.472369143,-0.697594511,0.0,0.3266722291,1.7897208977,0.0587132103,-0.331767496,0.2392302383,0.0120668734,-0.368231141,-0.411843278,-1.414931069,0.1960006335,0.4118432782,10,-0.090094699,-0.123420074,-0.198797162,-1.028610884,-0.067716577,0.6914495358,-0.488214845,-0.111626108,-0.318569135,0.5024098229,0,2.7238013996,0.5744624169,2.3549679024,1.3670066861,4.1599015346,10.00692957,-1.021039306,0.0,0.0,0,,0,0.0,0.3258218895,4.0,-1.979949627,-0.005895216,-0.468741538,0.4515038861,-1.379023975,-3.39269878,0.1999218838,-7106.73043,0.1266995565,12.048172783,-0.047651476,-0.127466482,-0.16690349,-0.176328914,0.3309149774,0.0025322632,0.0,0.0094722598,1.4893709557,-0.204570839,2.0,12.480810925,-0.193681274,1.6625660386,0,-0.152504436,0.0521235503,0.0202541345,0.0374404019,0.3223592779,1.1034626056,2.7879304e-08,2.8432124e-08,1.5710076442,2.468065018,0.0099008155,0.0723377624
93175,0.6505058907,0.0036553679,-1.280250288,0.0,0.928274564,1.8593159651,0.0558031254,-0.094028525,0.207611,-0.021998955,-0.040752718,-0.024098375,-11.34311699,0.0451186339,0.0240983748,6,-0.001544846,-0.002136752,-0.047741659,0.1217441014,0.129346103,0.1466293316,-0.038615001,0.0584065745,-0.161652613,0.5147482521,0,3.6998083824,0.0720083883,1.3449325854,-0.21333972,22.862852577,11.453133145,0.1094460827,0.0,0.0,1,0.0027289396,0,1.0,0.4289489571,7.0,47.622241101,-0.014894365,-0.210759992,-8.169896785,0.7138541478,5.8541623052,-8.71223335,-4885.599467,0.0248274717,13.459373143,0.0017190429,0.0079867537,0.0220785637,-0.09143643,0.059938989,0.0149257134,3.0,-0.005027933,0.2353100212,-0.133295313,5.0,14.029123756,0.2091673011,2.5676394293,0,-0.25352422,0.0649502948,0.0270795947,0.0439898518,0.4821035323,7.580563304,3.1653782e-09,6.8820246e-09,1.2073603205,1.4577189435,0.0397049738,0.0454085638
91154,-0.467861017,-1.190958076,0.8949344338,0.0,3.9155825403,0.1923326341,-1.398827746,0.3077838205,-0.723636132,0.122974537,0.5934944473,0.0877641947,0.1297778504,-0.887213573,0.0877641947,9,0.0051918403,-0.1,-0.744329897,-1.224841203,-6.045797775,0.2431735111,0.0970250089,0.0491799796,1.1544525547,0.7212851365,0,3.6281149605,0.7485089342,3.3043327255,0.7923231976,0.1599183298,32.144508671,-0.361869098,0.0,0.0,1,0.7056941678,1,0.0,1.7310114703,2.0,41.842600077,-0.684757167,-0.30862324,-10.60687229,0.6733958505,-0.42660587,-9.223719573,-5518.452507,0.0248274717,9.5411278875,0.0,-0.16664113,0.0850884056,0.0546669249,0.4304400885,1.0310505759,1.0,0.0569059426,1.8238388984,-0.083248415,2.0,9.7927642475,0.0631308,1.3511102938,0,-0.25352422,0.1635711938,0.0480675793,0.1125247644,0.6889266808,2.7225856407,1.1403743e-06,3.5465829e-08,1.7464475523,3.0500790529,0.1889394231,0.0968978805
91186,0.2706994511,0.0339786162,3.2534972501,0.0,0.0183258295,0.0844280914,-1.377154864,0.197803961,0.3425486052,0.2443684574,-0.607215241,0.2125872739,5.0401268206,-0.137277919,0.5786463093,9,0.0328198748,0.2075471698,0.4804746303,-0.211975578,-4.138624362,1.1423881822,0.3030457833,0.0411094601,2.6446605022,0.7953594267,0,18.203185204,3.2792663029,17.539172874,3.2486717308,0.3863520821,13.726600985,0.4172115664,0.0,0.0,0,,0,0.0,1.1128637476,5.0,48.620116114,0.0459536904,-0.00107607,-8.549703225,3.7181624628,-0.42660587,-8.894629903,-4953.286437,0.0248274717,12.858558453,0.0,-0.042290103,-0.063173219,0.0280793253,0.6543592208,-0.013404701,0.0,-0.004432624,0.6001498782,-0.067874679,3.0,13.766069107,-0.345092676,2.4791555628,0,-0.25352422,0.0419194847,0.0198016614,0.0412153409,0.3139975433,3.1795047267,3.9412141e-09,9.6469455e-09,2.2067429429,4.8697144162,-0.357722156,0.1404003921
91234,0.2979466619,0.0251339117,4.2662659593,0.0097607424,0.7011466627,0.9471987109,0.1166606887,-0.066281983,0.3077974338,0.0046131409,-0.107198343,-0.04468177,-1.841423948,0.0714160986,0.04468177,10,0.0165691625,-0.023809524,-0.01705073,0.0767473221,0.0190279916,0.3901947616,0.0067988293,0.031432693,0.0465714286,0.3569858514,0,3.2708333333,0.2812817225,1.9666666667,0.1285591297,10.296198055,6.5865384615,0.0974008208,0.0,0.0,1,1.0229861255,0,1.0,1.0785714286,6.0,0.0336865971,0.0765158958,-0.009952258,12.292606979,-0.237061032,-0.403752249,2.3752013325,-697.9675273,0.0502102314,14.367048522,0.0094905474,0.0186236847,0.0658983452,-0.007564575,0.0919661734,0.0139596639,3.0,-0.001305483,0.9080946673,-0.019895572,5.0,14.812420931,0.2827401091,1.8776106469,0,-0.060001469,0.0342465192,0.0177504398,0.0240897522,0.4754670876,4.7095534933,1.0484171e-09,1.1013754e-08,1.4026192449,1.9673407461,0.1193524563,0.0336416238
91627,0.0759028751,-0.157418057,-1.07231716,0.0336478005,2.4243604867,2.5172565427,0.0272768652,-0.072725105,0.1183599202,0.1957417582,-0.065051674,-0.031151106,-0.562246671,-0.068910279,0.031151106,9,0.0,0.0136579572,-0.132525903,-0.162019928,0.0197374769,0.0538407641,-0.027828379,-0.007362164,-0.313103936,0.4951595058,0,0.8021360917,0.0360980636,0.8021360917,0.0360980636,13.753130336,7.9572734008,-0.024857649,0.0,0.0,1,1.0496981193,1,0.0,1.8878152251,4.0,6.0569365805,-0.215408059,-0.138826646,-53.95238753,-2.125883035,0.5280772347,-1.331527994,-2264.995438,0.0207317787,10.689391678,-0.000521137,-0.008229951,-0.042038155,-0.610510612,0.0659416937,1.5034431209,3.0,0.023088805,0.0071217606,-0.028115252,2.0,9.5097632219,-0.130442663,0.3715975738,0,-0.142502855,0.0492825098,0.0286910036,0.0503378348,0.9252035259,1.30114775,6.3490027e-07,5.5387672e-08,1.0312972552,1.0635740287,0.1812524109,0.0423540514
91201,2.1908438304,-0.710169554,-14.2123301,0.0,0.859006563,1.1820767611,-0.208572482,0.1464418631,0.0326491485,0.5752080222,0.5550292561,-0.106659661,-0.439965323,-0.397719577,0.1066596611,10,0.0051490871,0.0,2.3787945447,1.6243775835,-1.859109505,0.1004624872,0.070518104,0.0482688621,0.0445439202,0.2993854213,0,1.829248366,-0.498149264,1.5392156863,-0.495571719,9.3203883495,7.7341389728,-0.835768811,0.0,0.0,0,0.0,0,0.0,0.021501431,2.0,48.348975998,0.2511994142,-0.20862324,-6.629558846,43.250901134,0.5733941298,-9.155071561,-5540.868917,0.0248274717,8.9212760324,0.0,-0.029105928,-0.042853055,-0.020449581,0.0338911023,-0.1070895,0.0,0.0934837994,-0.294835269,-0.088226268,5.0,10.720920101,1.3574927177,1.7025221239,0,-0.25352422,0.0499999523,0.0482702655,0.1008936329,0.6390186021,2.4814338388,1.7008386e-06,3.1483486e-08,1.7844510585,3.1842655801,0.2992678242,0.1328046556
91348,1.0579347736,-0.091493453,-5.366854775,0.0,1.2242167729,1.470060149,0.0265121053,-0.056633755,0.434376282,0.0231252369,0.0118285188,0.0207978856,0.5735910573,-0.143973279,0.0207978856,9,-0.000540424,-0.1,0.0110197143,0.0340901335,0.0134468336,0.7060291859,-0.246869959,0.0011678473,-0.132353969,0.2603961145,0,1.7784626028,0.2464482855,1.1220735523,0.2457257265,8.5759270769,5.1181998022,0.0321139599,0.0,0.0,1,0.8334651528,0,1.0,0.8458083832,4.0,-9.695417347,0.0351008679,-0.182562152,1.0305766304,-1.27739497,0.1809489431,-0.070780036,-2973.307943,0.0318276958,10.022773822,-0.007042415,-0.305513595,-0.811535723,-0.58479426,0.0940263101,0.0361696435,0.0,1.1243243243,-0.045873854,0.0026105475,1.0,9.0509318718,0.3838068172,0.4075645966,0,-0.095378135,0.0904134214,0.0412098382,0.0897046098,0.532649476,0.4594860019,2.2808793e-06,1.2082787e-07,2.5245506474,6.3733559711,0.0451008282,0.1078804894
91237,0.4263293541,0.025091088,5.7597351905,0.0,0.4108037327,1.0758401348,0.0829572534,0.0506465199,0.9336226116,-0.00162476,0.0889098923,-0.109671022,-3.566367315,0.114575124,0.1096710218,9,-0.000763248,0.126307321,0.0481095014,0.2902447275,-0.009485068,1.0358049567,0.5004036586,0.0056398376,0.0185491934,0.1402092279,0,0.6214383801,-0.222440949,0.5671504349,-0.238409982,18.118663859,42.385883615,0.2252033721,0.0,0.0,1,1.0,0,1.0,1.7548288245,3.0,-10.13712792,0.0267644693,-2.315158828,4.2043521233,-0.557140236,-0.630215907,1.109147402,-3426.724418,0.0288563477,13.813744866,-0.004243744,0.0049670479,0.0093491795,0.0068923132,0.0871149899,0.0130549906,0.0,0.0,1.4691690932,0.1106714737,6.0,14.701646288,-0.541657632,1.8799664609,0,-0.111549313,0.0173912887,0.0106753637,0.0269468026,0.3580014765,2.843239382,1.3162544e-09,1.2860998e-08,1.1438250149,1.3083356647,0.0034118829,0.0498164931
91215,0.6411371737,0.1271137493,-1.791758253,0.0378909061,1.0836031098,5.3279606418,0.1604461033,0.0201100762,0.2155306238,-0.033041247,-0.012252042,-0.041321737,-0.595669688,0.2028315567,0.0413217367,9,-0.070802333,-0.001145213,-0.04393118,0.1696416741,0.4057234228,0.0773743788,0.0942825585,0.0254022015,0.0713368984,0.5592218994,0,1.4552029865,0.115053802,0.9073728418,0.3284862739,18.744201756,42.255329949,0.1823891987,0.0,0.0,1,0.9306206638,0,0.0,0.608342246,6.0,0.205981303,-0.223790564,-0.024428757,0.9323208192,0.0144655311,-0.794572619,0.3638865165,-14745.9961,0.0739470786,13.803253508,-0.010890895,0.0029034059,0.0083020675,-0.593558651,0.1066841415,-0.027516601,0.0,-0.022021661,0.3285482537,-0.002944525,5.0,15.395756445,-0.150117011,4.6346352987,0,-0.13824669,0.0607235506,0.03062471,0.0459790685,0.2322682229,4.6820591841,1.1693204e-09,4.6981688e-09,1.5042996298,2.2629173763,0.0292115398,0.049738879
91359,0.8869561483,-0.156499709,-0.433451867,0.0052275477,0.4004674921,0.9923005691,-0.342789247,0.3999187982,0.3977365002,0.0386177463,0.08033241,-0.02698359,-0.190277364,-0.126721357,0.0269835899,9,0.0007612925,-0.18115942,-0.035652726,-0.087797697,0.0176098743,0.1738633114,-0.616756915,0.0889667073,0.6157639656,0.7938063008,0,2.7969555035,0.1643749026,2.4030444965,0.240064563,1.505985691,3.7363796134,-0.332284227,0.0,0.0,1,1.0,0,0.0,0.6581923306,5.0,-10.00579564,-0.198602018,-0.263721572,0.8595980052,-0.701105318,0.1574731645,-0.053528114,-3092.679943,0.0318276958,10.23715048,0.011113666,-0.01679844,-0.027402415,0.277007755,0.1505339816,-0.192258189,2.0,0.0106997646,0.4927141382,0.0376857184,2.0,10.643047027,0.0387222652,0.7239042624,0,-0.095378135,0.0372896679,0.0207634526,0.0397706846,0.9066027468,1.1836439118,4.1103032e-07,6.1102954e-08,0.6059583044,0.3671854666,0.5039925428,0.0608510498
91395,-0.098640668,0.0999910689,2.5697342139,0.0,0.4927736657,0.2272356889,-4.829966838,-0.332199238,-0.732236272,0.2651719711,-0.387876477,0.2125872739,7.1399454114,-0.887213573,0.5786463093,9,0.0,-0.25,-0.563854854,-0.146824286,0.1903306248,0.8204081633,-0.000673035,-0.004014698,-0.831250656,0.3490910944,0,0.5429621688,-0.708687681,0.5429621688,-0.708687681,1.1926546392,13.865168539,0.1731069385,0.0,0.0,0,0.0,0,1.0,1.5927753859,3.0,50.093641699,-0.090797127,-0.45862324,-8.919043344,-0.507270827,-0.42660587,-9.223719573,-5531.074502,0.0248274717,10.133019836,0.0,-0.305513595,0.3127819549,0.0019151699,0.912902441,-0.00519535,1.0,0.021485124,-0.458693324,-0.049436381,2.0,9.9476412594,-0.761165607,0.4752283001,0,-0.25352422,0.0917431414,0.0312820461,0.0413085275,1.0117892133,0.9252319674,1.5458209e-06,9.2506338e-08,0.6328272349,0.4004703092,0.9660197496,0.1318161275
91366,0.2959405956,0.0217547858,4.0557661706,0.0,0.1866537692,0.2557852713,0.107097079,0.6371743713,0.5178181432,0.0503651969,3.2040186445,-0.04616931,-0.824887518,0.0397000371,0.04616931,9,0.0,0.2876516774,0.3101788584,-0.512792512,0.0337522756,0.3939644509,0.0164370963,0.1494633021,0.1819948664,0.5245296828,0,5.04288241,0.9606858602,5.04288241,0.9606858602,1.5930733216,3.8633955952,0.4766506494,0.0,0.0,1,0.0384776174,1,0.0,0.6029345075,6.0,-10.10817708,0.0467965453,-2.153814472,4.0739633648,-0.808557571,-0.066960349,1.034272315,-2446.539098,0.0288563477,14.144307008,0.0061012108,0.0106955252,0.0168641878,0.0177754457,0.2287273,-0.054008255,0.0,-0.000304878,0.5833098657,-0.053397715,7.0,14.796555355,0.116389346,2.5154198815,0,-0.111549313,0.0321963727,0.015852333,0.0251210319,0.2769533577,1.7917866409,1.5789162e-09,1.7181507e-08,1.6858387106,2.8420521581,0.0101878617,0.0449976304
91350,0.5410560686,0.1424961322,1.0555786664,0.119866142,0.2525980312,0.937792816,0.3536736613,-0.372741448,0.3781926639,0.0003275298,-0.191036899,0.0034720882,0.0253765311,0.1388800747,0.0034720882,9,0.0,0.0035429584,-0.145090211,0.1813428033,-0.031363491,1.4083153348,0.5681308025,-0.030410638,-0.43639567,0.2961085981,0,1.9386900991,-0.191117642,1.9386900991,-0.191117642,5.0225437036,17.659823246,0.6262920944,0.0,0.0,0,,0,0.0,0.5036026547,4.0,-0.515641648,0.0106222127,0.023561027,1.8699433044,-1.776553401,0.94323099,0.6597085062,-7633.032367,0.1654820061,12.636311288,,-0.00146005,-0.002106233,,0.2015909996,-9.4,0.0,-0.118766976,-0.261425435,0.0411764309,5.0,12.217475208,0.681439734,0.6083188131,0,-0.239385698,0.0153846005,0.0057076582,0.0107750984,0.9487368265,2.556469191,7.9086706e-09,2.9895868e-08,1.0713372886,1.1477635859,-0.075827425,0.0585469029
14174,0.5000264232,-0.002068915,6.753550908,0.0,0.5065024357,0.0810460463,0.0417452954,2.3874659401,0.1423260962,0.5761832548,2.6095725882,0.0061385242,1.9541198502,-0.006111821,0.0061385242,10,0.0,0.3913043478,0.8468635501,-1.127029753,0.1342873335,0.4909090909,-0.190574643,0.0102731031,2.2733083088,0.0664317686,0,2.1427043842,0.0236428395,2.1427043842,0.0236428395,1.8576883797,2.6613867684,0.0002336036,0.0,0.0,1,1.0,0,0.0,0.1741275236,4.0,6.5654513991,-0.289934234,0.2388197441,-53.70584067,-1.701079378,0.5280772347,-1.268729537,-1825.578228,0.0207317787,12.750476348,0.0195337897,0.0036450219,0.0103618677,0.0220044015,0.0486666518,0.0175120348,1.0,0.0691085003,1.1477519366,0.0740402564,2.0,12.651059651,-0.565225923,0.7878153628,0,-0.142502855,0.0406886116,0.027415774,0.0559948119,0.3002973746,0.9306226884,2.1518052e-08,3.5471604e-08,1.6249774012,2.6405515543,-0.159836525,0.0696320676
13532,0.9961197011,0.2202926516,-25.49869886,0.0026658542,13.366783456,0.6458560777,0.0230477567,0.3830588216,0.0497461584,0.0122070313,0.3999144682,0.0697100897,3.9880906646,-0.658254416,0.0697100897,5,0.0666110427,1.137254902,0.6036774363,0.2350739816,-0.067036309,0.069707969,0.1939554498,0.0819294364,0.3055570961,0.6487709078,0,1.1175837802,-0.018286522,1.0357249219,-0.07838123,1.24509524,0.0555710294,0.0207872643,0.0,0.0,0,,0,0.0,0.6896178803,4.0,0.2257303003,0.0105361261,1.093504868,0.0758968002,0.1758567723,,-0.737792057,-5451.218422,0.0286434127,11.398528704,-0.000315129,-0.001051038,-0.009275999,0.0382282134,0.0198454721,0.2251657588,0.0,-0.010388876,0.1725305447,-0.012665194,3.0,8.1911859824,0.0872104455,0.0347780329,0,0.0654744878,0.0314262956,0.0131224523,0.014408092,1.4721802734,0.3359361772,4.6054657e-06,2.0000004786,-0.04298605,0.0018478005,2.8223223692,0.0475854556
14288,0.7718329504,0.2030416895,-2.864441702,0.0,14.559695586,3.2143832961,0.0694636953,0.1588990579,0.0755956322,0.2856633381,0.1466389374,0.0892836169,7.1399454114,-0.887213573,0.0892836169,2,0.0,0.0567010309,0.1094879038,-0.051224837,0.1346506008,1.1091005854,-0.394788529,0.000464659,0.8177138392,0.6908372262,0,51.70644176,-0.13346149,44.355703986,-0.13346149,2.0600281838,0.1058203257,0.0076679257,0.0,0.0,1,0.1302596256,0,0.0,1.8757028389,3.0,-73.53318088,,0.0134689694,0.0057843696,-3.632929386,-0.530489814,-3.079318344,-3383.009704,0.1473165608,9.802959764,-0.001896181,-0.005279426,-0.248000446,-0.563902411,0.0435143664,0.0195677669,0.0,-0.030425963,3.7730898002,-0.324730676,4.0,10.269504052,-0.284336924,1.2670184808,0,-0.258063742,0.1016949266,0.0413387538,0.0648777429,0.7302885087,5.2651071849,4.6130851e-07,1.8393194e-08,2.8848150075,8.3221576273,-0.079167138,0.0839814198
91167,1.1218490054,0.0398254277,-24.05286092,0.0169603556,7.0628574336,0.2925347267,0.0216427308,-0.017494085,0.0312951844,-0.070362903,-0.017019463,-0.00813959,-1.687697161,0.1070386889,0.0081395902,10,-0.000551514,0.0434782609,-0.001447333,-0.040091434,0.0305837785,0.0765393387,-0.020544254,-0.000733319,-0.020471685,0.3914282683,0,0.6306882417,0.026595786,0.629657116,0.027717932,1.0057229241,0.0733882787,0.0067740716,0.0,0.0,0,,0,0.0,0.2276292335,8.0,0.0080902274,-0.000161846,0.0088389466,0.2732853722,42.467953829,,0.0206499987,-5038.604207,0.0286812661,11.020668878,-3.4427e-05,0.0013411744,0.0097848454,0.0055655923,0.0423105479,-0.010830595,5.0,0.003222185,-0.798272204,-0.003322198,5.0,8.5265096832,-0.213351438,0.13631675,0,0.0654744878,0.0109890532,0.0050667641,0.0172497847,2.0409724508,0.3673915913,7.0822888e-06,3.0000003712,0.1361101013,0.0185259597,0.6792355328,0.0189124592
91299,0.7863841414,0.052538548,-57.2960226,0.0269432229,3.3352292288,2.2378416313,0.0789619025,0.027945112,0.2264450126,0.0137194528,0.1027997779,-0.045905349,-4.362259919,0.2817253503,0.0459053494,10,0.0139754909,-0.100886918,0.0582365337,0.2832584942,0.1150025536,0.0837653212,0.3568578063,0.0708418538,-0.096452328,0.4350215158,0,4.6489277623,0.14571662,2.705990832,-0.061665924,81.761302476,6.3773850255,0.1039218548,0.0,0.0,1,0.7676422711,0,0.0,1.1025541206,6.0,-1.574184261,-0.127599521,-0.41391868,0.900428311,-0.827576372,0.0590558216,0.3691321763,-4623.763791,0.0278203388,11.724731016,-0.006792616,-0.001597858,-0.007476254,-0.173079381,0.012779089,-0.240959984,1.0,0.0054054054,-0.526789232,0.0346701047,5.0,9.8158621564,0.8282692287,0.104573159,0,-0.111549313,0.0442477465,0.0179816385,0.0300113264,0.7825462077,0.3097487933,5.0465765e-07,2.9548368e-07,1.1283435746,1.2731592224,0.2995126163,0.0555643135
88258,1.3557215845,-1.190958076,-11.11061728,0.0,4.6670952113,5.2458550493,-0.086705333,-0.150120627,0.5967256449,0.077924139,1.4022255977,-0.183864622,-0.608522424,-0.775325835,0.1838646218,4,-0.039966527,0.0654761905,-0.27206406,-0.079507664,-0.018189402,0.5007969859,-0.14154934,-0.007436778,-0.736438411,0.2364176382,0,1.2398380856,-0.496227157,1.0578252376,-0.464802963,15.295641601,7.441461528,-0.532169305,0.0,0.0,1,0.9993385018,0,1.0,0.794750594,1.0,2.6694711593,-0.235745661,0.0277316839,12.374286127,-2.033442877,0.0205624762,1.5595234316,-804.7747519,0.0796288203,8.9928056254,0.0013370815,-0.078203388,-0.121001804,-0.872470828,0.0658857746,0.3853449812,0.0,0.5756948582,-0.673377081,-0.064775418,4.0,7.8202307817,0.5313663455,0.3133013917,0,-0.186226261,0.0579070859,0.0528914245,0.086505915,1.523827286,0.8576584532,4.56718e-05,1.4443061e-07,1.9451853637,3.7837460993,0.1581306822,0.094817176
13377,0.0302834662,-0.034447959,7.4525455146,0.0,0.1972192439,0.1048936302,-0.225566748,0.0862635351,0.3664439944,0.0698671832,0.1735104452,-0.209899498,-1.331185106,0.0114086509,0.2098994979,3,-0.000886097,0.2632352941,0.4181511045,-0.14212501,-0.048758116,0.9521850625,0.0719844072,0.0383066323,-0.268105236,0.5999414567,0,1.6820378689,-0.31080326,1.6788852877,-0.310033599,0.9098592466,4.7811644505,-0.136281959,0.0,0.0,0,0.0,1,0.0,1.7079963712,4.0,-10.25513744,0.0620660902,-2.178230855,3.8083062355,0.1404273929,0.1119278668,1.0059809289,-2369.608608,0.0288563477,14.69824394,0.0001725294,-0.041105312,-0.292612652,0.0077451778,0.6239510154,0.0058419593,0.0,0.0008289125,1.0662858837,0.0650016367,5.0,15.897280836,-0.477840974,4.7259428847,0,-0.111549313,0.0575526208,0.0247758749,0.0373433536,0.4472999689,11.466627488,5.099501e-10,5.2903638e-09,1.4908882867,2.2227478833,0.1040235023,0.0517186367
13956,0.1402513613,-0.059954943,4.4874860021,0.0,0.4041643133,0.2897046836,-0.094512716,0.1141364296,0.2888693759,0.0038246093,0.3607172704,-0.155851823,-1.342709787,0.0205471457,0.1558518234,2,0.0113507799,0.2375,0.2449287464,-0.853747781,-0.001963831,0.1774981548,-0.150596392,0.2145674891,-0.268078019,0.5941319056,0,1.9466749403,-0.335126148,1.8020213089,-0.357291399,1.933401489,7.5765742372,-0.040633483,0.0,0.0,1,1.0,0,0.0,0.6085754469,4.0,-0.04401914,,0.1977011222,4.5490970358,-0.134858927,-2.277617903,0.7429651525,-13419.70938,0.0314049921,13.723975937,-6.3088e-05,-0.028992493,-0.241557616,0.0170549824,0.3849363293,-0.130817309,0.0,-0.001963351,2.2094043275,0.1900898027,4.0,14.70319137,0.0810680584,3.6487854251,0,-0.107492679,0.0467890128,0.0256400581,0.0443411728,0.4768741778,5.9140086012,1.7973204e-09,8.9325988e-09,1.8578540613,3.451621713,-0.085860112,0.0899119666
13921,0.8514206464,0.0830276587,-15.59645316,0.0,12.262257579,0.4141449742,0.0215566346,0.6434109535,0.0390790367,0.1041116248,0.6944485006,0.1067012262,7.1399454114,-0.887213573,0.1067012262,3,0.1258768126,0.0979381443,0.4288375238,-0.324993158,-0.123340508,0.3333950046,0.2386439529,0.1661758371,0.1461940961,0.6199660495,0,1.3465069681,0.1606140461,1.0264147813,0.1361030475,0.5809693739,0.0503482518,0.0092263352,0.0,0.0,0,,0,0.0,0.4197939595,2.0,-0.028574462,-0.000242783,0.0541881103,-0.068802254,-1.405525412,,-1.121846587,-4978.005662,0.0286434127,13.462288571,0.0006850432,0.0020070513,0.0292052928,0.019550785,0.0504507485,0.0001391333,1.0,0.0,0.3193624007,0.0239450638,1.0,13.264855467,-0.146109751,1.0546003574,0,0.0654744878,0.0563073307,0.0230683103,0.0288149041,0.3933133235,2.0335430401,5.6964831e-09,2.0548007e-08,1.0523487276,1.1074378446,0.126277272,0.034699341
13534,1.1360335324,0.0245699208,-7.51101206,0.0,7.3849497004,0.2990488486,0.0225739672,0.341612781,0.0444140964,-0.055447848,0.4211157348,0.0022085126,0.668411215,0.0081471102,0.0022085126,3,-0.002208513,0.0721868365,0.4151900201,0.2860513811,-0.096847553,0.109919338,1.1998251307,0.0022892771,-0.016176545,0.5583323719,0,1.0699173026,-0.004257347,1.063027809,6.77384e-05,0.2988931696,0.0587224567,0.0069830706,0.0,0.0,0,,0,0.0,0.244292074,4.0,-0.073512245,0.0026578146,0.0375475222,0.2874698992,43.250901134,,-0.07824158,-4775.663237,0.0286812661,12.729316896,0.0003048925,0.0009212702,0.0069101199,0.0077552966,0.0904680851,-0.128918417,2.0,0.0005390836,-0.111788146,-0.032753734,3.0,11.925294681,-0.23158886,0.4918588999,0,0.0654744878,0.0321701281,0.0118105967,0.0177839898,0.4550745718,1.5380604596,1.5379135e-08,5.0188573e-08,0.4045443176,0.1636561049,0.086611835,0.0177238214
14094,0.5267034407,-0.253687717,0.9923800579,0.0,0.1913137375,0.155462418,-0.896617326,-0.145983284,0.0463223163,0.0588679245,0.2947183825,-0.084215055,-0.258727393,-0.188051755,0.0842150554,2,0.0015841662,1.223880597,0.5429652042,-1.524759018,-0.263546076,0.1821862348,-0.258953096,0.0696557101,-0.239953369,0.6725568411,0,7.2775996335,0.2087959616,7.213467705,0.2027562901,0.3991155983,2.0284407319,-1.423510901,0.0,0.0,1,0.9183673469,0,1.0,0.045795482,3.0,-355.4210262,,1.0435036102,-1.832712086,2.8764479735,-0.723397809,-0.325420049,-2971.000238,0.2277833408,10.499967465,0.0,-0.13086271,-0.19468101,0.0101020554,0.5535853252,0.0066009786,0.0,-0.005381711,8.6410052323,-0.17747957,4.0,11.499508631,-0.299602365,1.523000293,0,-0.166303822,0.0434783064,0.0311238507,0.0716896009,0.5495633934,2.1998399202,1.8609019e-07,2.3540217e-08,2.5947266832,6.7326065607,-0.192035395,0.1261826099
14707,0.0495382233,-0.04876936,11.370955868,0.0,0.0350890545,0.0,-17.17196532,,,,,,,-0.037736755,,1,,,,,,0.0914489311,,,,0.9751835044,0,5.2207305803,,5.2207305803,,0.0,,-2.669775601,,,1,1.0,0,,,,,,,-8.770864453,,-0.42660587,-8.795088739,-4266.254207,0.0248274717,14.241626518,0.0,-0.123813946,-0.150263695,0.0,0.9734194038,-5.766666667,0.0,-0.001731352,-0.460048389,0.0147254597,2.0,16.18903459,,6.3448657775,1,-0.25352422,0.1027352884,0.0442351952,0.0659167516,0.5147700463,14.126720618,1.0251203e-09,4.4403523e-09,1.2943889875,1.675442851,2.8223223692,0.1227639979
13188,0.8108476313,-0.031415952,-1.20773076,0.0046320138,1.7014203934,1.266501549,0.0531692205,0.1926375289,0.172730918,0.3861607143,0.1462031241,-0.066884936,-4.916738942,0.123048083,0.0668849364,4,0.0099814176,0.0691823899,0.9278337688,1.0426512694,-0.105010946,0.2030453045,0.1428510747,0.0907115417,0.3034470676,0.2266511323,0,2.9160392799,0.2436823803,2.1545008183,0.3361863002,5.4036270635,12.6930639,0.0265815964,0.0,0.0,1,0.0836104092,0,0.0,0.4589812098,6.0,-7.775944708,0.1685870306,-0.122593142,0.6383001907,-0.693156581,0.1459582042,0.084354987,-7791.403132,0.0443391772,15.34256301,0.0002586954,-0.008183121,-0.027163732,0.0726681217,0.0932931326,-0.149370136,0.0,-0.004906937,1.4303703528,0.0326820621,2.0,16.122259584,-0.25141033,2.6444254393,0,0.0957318355,0.0379783586,0.0154054497,0.0216349694,0.3913530111,4.1667778319,3.004718e-10,1.0261355e-08,0.8930415167,0.7975231506,0.1286631399,0.0435777402
13407,0.1654095826,0.0134725225,15.908290026,0.0,0.0187332218,0.0571253285,0.1739865448,1.2455434479,0.6438111204,0.0981546918,0.6857731959,-0.086675046,-0.856122449,0.0250066515,0.0866750461,3,0.0,0.451633265,0.5835873984,0.1370356742,0.0354401452,0.3130829342,-0.099495992,0.0917574742,1.3332902392,0.3613655933,0,9.5997191011,-0.192066487,9.5997191011,-0.192066487,1.1131351013,7.4290822408,1.2842008291,0.0,0.0,1,1.0,0,0.0,0.7432449903,5.0,-10.08103604,0.0536080535,-1.989832884,3.9434323518,-0.470352591,1.1478851068,1.0195789294,98593.130203,0.0288563477,18.593941823,0.0002480569,0.0203036483,0.0227111427,0.0051090816,0.3407432912,-0.027469338,2.0,0.0005561735,0.5582560982,0.0525647816,7.0,18.734862128,-0.141444191,3.0822336079,0,-0.111549313,0.071999304,0.0212974023,0.0225709987,0.4675009094,8.7496308682,3.421395e-12,6.4923586e-09,0.9336422741,0.871687896,-0.046084153,0.045628745
14033,0.1687078529,-0.104219436,4.6897207929,0.0,0.0166054037,0.0019782361,-9.116522259,0.0658151676,-0.594269318,0.0438205699,1.5199789695,-0.202189535,-0.348414334,-0.06790789,0.2021895346,3,5.78732e-05,0.5769230769,0.5065963061,,-0.034533127,0.2316356513,-0.48968701,0.0322002152,0.0085328473,0.9585255286,0,10.767065742,-0.585401935,10.753203109,-0.585404426,0.011387659,,-8.84510829,0.0,0.0,0,,0,0.0,-0.617699445,4.0,63.137312289,-0.029722059,0.3682998369,-8.651694823,4.825378577,-0.42660587,-8.825259874,-5258.724977,0.0248274717,12.434665652,0.0,-0.124300211,-0.131940131,0.0010143913,0.9410720407,-1.732096696,0.0,-0.074626866,-0.391702458,-0.005591954,5.0,12.728594309,0.2406588996,1.5776325376,0,-0.25352422,0.1640000343,0.0444030325,0.06203947,0.6889902177,8.4140876556,1.4165623e-08,1.3668259e-08,2.6745074255,7.1529899693,-0.087397994,0.0971746809
13641,0.5148874401,0.0569739516,31.899867679,0.0,0.3264759892,0.1457666297,0.0284724489,1.0343405095,0.2657756829,0.2076593215,0.6422309425,-0.070448626,-0.839379629,0.104796726,0.0704486262,3,-0.001214617,0.6764705882,1.3832366996,-0.111963565,-0.045996484,0.0610615275,0.3221286049,0.6163878933,1.0708765157,0.5155618219,0,0.9436956611,0.847552892,0.9330968886,1.0093955043,16.156112505,5.0586566524,0.4077911216,0.0,0.0,1,0.3318485523,0,0.0,0.431224506,7.0,0.8978283677,-0.05348454,0.4889898285,1.6515794696,-1.536086394,-0.464531207,-0.257819371,900.63126959,0.0279332649,15.64135673,-0.037382359,-0.049434992,-0.077997083,-0.006312388,0.0148173825,-2.549927744,1.0,0.0010835913,0.3484378494,0.031348737,5.0,16.947728783,0.2782638011,3.8752121018,0,-0.500704589,0.0391598828,0.0183677992,0.0309712098,0.2815985541,3.3861095853,2.019457e-10,7.2632892e-09,1.5470112967,2.3932439522,0.0641356541,0.0483533439
13356,0.5511084921,0.1035338603,-0.330979566,0.0271087179,0.6816489658,3.7399309683,0.014714415,-0.021225752,0.1202658741,-0.074211258,-0.025614829,0.0106962725,0.1299309665,0.0900816058,0.0106962725,3,0.0008727509,0.037037037,-0.071108857,0.1756727046,0.2627125179,0.0587455321,-0.068420491,0.0554640749,-0.016400911,0.4417757945,0,1.5049576348,0.011623807,1.1987560844,-0.024043636,28.1378913,20.194900069,0.1875808538,0.0,0.0,1,0.0267788829,0,0.0,0.2597722096,5.0,0.2000890627,-0.190518677,0.0137534933,0.8422921376,0.9796744196,-0.532635509,0.2511365656,2388.6871575,0.0739470786,17.580319415,0.004612286,0.0316397321,0.0704810398,-0.35026018,0.097581706,-0.00321287,2.0,0.0134044768,0.4033516593,0.0658606142,4.0,17.832293469,-0.204513299,1.3342015788,0,-0.13824669,0.0183409695,0.0180070793,0.0199229894,0.3107332117,2.2453807616,4.765541e-11,2.0775939e-08,1.2429821159,1.5450045405,0.0489318123,0.0295505993
13367,0.2650572401,0.0360185471,19.844332336,0.0,0.084411271,0.3273416525,0.1818310152,0.1112427367,0.6394320091,2.94694e-05,-0.018355248,-0.004722641,-0.043527728,0.0375863526,0.0047226407,3,0.0173232072,0.1354246366,0.1278372747,0.0342185196,0.0175338718,0.229628037,-0.014753772,0.0640312585,0.1600144566,0.3000101221,0,2.7110450872,0.1858904811,1.4545889774,0.2587433339,9.9854913251,15.108875706,0.5550656619,0.0,0.0,0,,0,0.0,0.8787737977,7.0,-0.000757558,0.0110808224,0.0932690983,-0.241904667,0.562939373,0.52438852,-0.049430409,-408.0836618,0.197809166,14.405780327,-0.001750382,0.0252912861,0.0330207221,0.0006839204,0.1252575406,0.0094820806,0.0,0.0017026107,3.0510612446,0.0353798205,5.0,16.548418681,0.9790435961,4.1742742269,0,0.0957318355,0.0099132499,0.0025274792,0.0042103796,0.4399862461,3.9005125306,1.327822e-10,1.1233351e-08,1.4701016535,2.1611988717,-0.014379742,0.0452040248
13621,0.0202441447,-0.024553687,39.759295534,0.0,0.0079058152,0.0,-6.653212636,0.5593730239,0.0,0.0537063227,1.2421150733,-0.484868904,-0.456182862,-0.013352716,0.4848689038,3,0.0,0.6666666667,,,,0.2906815021,0.1572284858,0.0105294422,0.3936442545,0.8831479559,0,3.3612879998,-0.328028331,3.3612879998,-0.328028331,0.0,0.0,-4.276684267,0.0,0.0,0,,0,1.0,0.0,1.0,,-0.029412831,0.4580434266,-8.800158531,1.4061691217,-0.42660587,-8.7707047,234.45400297,0.0248274717,13.812716847,0.0,-0.199817437,-0.219875681,0.0,0.9121984803,-9.4,1.0,-0.001725053,0.3051630823,-0.101235875,3.0,15.577288178,-0.084057115,4.6480883062,0,-0.25352422,0.0959422588,0.0314630504,0.0535890491,0.2813572913,6.1809273825,1.1694807e-09,5.7741007e-09,1.9094924907,3.646161572,-2.532741672,0.1832419965
13559,0.2778130737,0.0286430362,2.0837816633,0.0,0.523061453,0.5953424595,0.1493883231,0.0216473606,0.1543924434,0.0214007782,-0.062116858,-0.071010923,-1.964468085,0.0849113666,0.0710109231,3,0.0,0.0033806626,-0.234718099,-0.224132318,-0.289741937,0.4503201071,0.1092962788,0.0336702169,0.2281703801,0.4146782128,0,2.1681403232,-0.130363601,2.1681403232,-0.130363601,2.4331614735,10.049791677,0.1232086116,0.0,0.0,0,0.0,0,0.0,0.3980386346,4.0,-10.2205542,-0.235920513,-2.438085486,4.0558358429,-1.003213896,1.1794050704,1.0794836445,-3906.244058,0.0288563477,11.401793863,0.0038925608,-0.001245315,-0.003505755,-0.009473265,0.3143149695,-0.026458045,0.0,0.0082644628,0.2463253286,-0.072985605,5.0,10.679920666,-0.002885977,0.3188379706,0,-0.111549313,0.0650886968,0.023272057,0.060450959,1.2113614539,1.45411842,6.7694705e-07,1.1322094e-07,1.3309005931,1.7712963886,0.0438392798,0.0597520943
13456,0.0923770538,-0.127342367,4.6504136478,0.0,0.1041349186,0.0,-17.17196532,0.9464957441,0.0,0.1029658817,5.2346570397,-0.267983378,-0.313001427,-0.087484025,0.2679833784,3,0.0,0.7419354839,,,,0.3414872798,-0.160589927,0.0065866143,0.0073405223,0.975391509,0,10.613420891,-0.018523826,10.613420891,-0.018523826,0.0,,-2.241554587,0.0,0.0,0,0.0,1,0.0,-0.030661297,2.0,,-0.029412831,0.5333122438,-8.728025622,1.876344281,-0.42660587,-8.844836009,-4204.435057,0.0248274717,14.432288495,0.0,-0.183242197,-0.320558062,5.41406e-05,0.960780266,,0.0,-0.003241895,0.051933052,-0.003662303,4.0,15.647974541,0.0765986547,2.88195732,0,-0.25352422,0.1119159088,0.0377984148,0.0528509653,0.4580550061,7.2309533823,1.1711107e-09,7.4820526e-09,1.6959551356,2.8762638218,-0.12105383,0.0747494779
14717,-0.038997019,-0.033691443,4.9034747389,0.0,1.0621991098,0.2919202471,0.0398047355,0.1386709551,0.2325081845,0.0154779914,3.2124114782,-0.133471549,-3.806678922,0.0945610616,0.1334715493,3,0.0,0.75,3.499465812,2.7026186714,-6.045797775,0.0771092485,2.4859950082,0.0787548102,-1.101962054,0.3799168239,0,0.4393939394,-0.755701903,0.336500348,-0.771823859,6.028778512,6.9589074803,0.016790488,0.0,0.0,1,1.0,0,0.0,0.4708930451,3.0,3.3532357088,0.0726027976,0.5912044095,3.9178233744,43.250901134,-3.059333059,0.3480885683,-2799.963014,0.1062765098,8.7976935145,0.0411086418,-0.201437481,1.0433494835,-0.0178351,0.0239786137,-0.236227866,0.0,-0.125,-0.08510751,-0.042553216,5.0,9.0065607285,,0.9692020109,1,0.0239123439,0.2478260696,0.0757389478,0.1321902001,1.0583413842,5.5691666809,2.6083074e-06,1.9430174e-08,2.8316455887,8.0182167399,0.3213703816,0.1574403918
13543,0.2600675113,0.0410832342,6.1395249808,0.0,0.0524586946,0.2107227645,0.3163245643,0.2423486325,0.6803201108,0.0135162613,0.2570573959,0.0209678143,0.1439476672,0.0351693985,0.0209678143,3,0.0324368765,0.0588235294,0.0918659758,-0.154768042,-0.005909604,0.3131198273,0.0355537928,0.0786750579,0.2394233212,0.5643538669,0,5.2568447188,-0.143105353,4.2396993692,-0.168575543,1.88187199,5.8418635009,1.0775383542,0.0,0.0,0,,0,0.0,0.8156236769,3.0,-9.99778923,-0.110187917,-0.023738622,0.2327093681,-1.019386951,0.5427141714,0.1083626409,-862.9432833,0.0318276958,14.399771763,0.0041906506,0.034630942,0.0411755102,0.0097617673,0.329711326,-0.039733215,1.0,0.0014520813,0.5742870162,0.1526218494,5.0,15.214448402,0.1848200348,1.8804677611,0,-0.095378135,0.0394842699,0.0131311602,0.0217255889,0.4256443564,3.0539816601,6.974901e-10,1.3599531e-08,1.0059082255,1.0118513581,0.1850950208,0.0377783773
13447,0.0422581974,-0.017683726,13.700648857,0.0,0.0982241487,0.0672861306,-0.206293105,0.2196048528,0.4067383498,0.0652203342,0.2869828485,-0.245444573,-1.774303601,0.0136925727,0.2454445732,3,0.0,0.5442622951,0.6073542918,0.1381603727,0.0150559876,0.4034939609,0.2959831534,0.049485826,0.0872928709,0.5882937437,0,1.7889376071,-0.264268634,1.7889376071,-0.264268634,1.0205923824,4.2882371789,-0.155118458,0.0,0.0,0,0.0,1,0.0,1.1317560284,5.0,-10.21556905,0.1120104801,-1.897203854,3.8202809667,-0.831727032,0.1119278668,1.0082648507,5909.7640916,0.0288563477,16.269990267,0.0004576073,-0.026245577,-0.088596088,0.0075082213,0.4383644599,-0.01271322,1.0,0.0011519078,1.0633485774,0.0306473067,7.0,17.111436492,-0.215258663,3.3435821543,0,-0.111549313,0.1406849325,0.0348857834,0.0279569859,0.4796533402,9.6336715451,1.188335e-10,7.0604131e-09,1.4539976331,2.1141091172,0.0610187351,0.0443033904
13761,0.2444956167,-0.127204963,3.0777670748,0.0,0.0224230185,0.0014781014,-4.476351351,-0.290639181,-0.338140969,0.0144318876,-0.101643981,-0.042764241,-0.108116545,-0.113452002,0.042764241,2,0.0,0.0,3.499465812,2.7026186714,-3.401672109,0.6652173913,2.3088085827,0.0,-0.304066613,0.8943887925,0,12.431828342,0.3946968721,12.431828342,0.3946968721,0.0062056573,,-5.340720737,0.0,0.0,0,,0,1.0,-0.362164674,4.0,74.77710871,,-0.20862324,-8.575907059,-0.651155719,-0.42660587,-8.870803986,-5320.723857,0.0248274717,11.556257906,0.0,-0.082862169,-0.088112075,0.0008445399,0.5046644369,0.1238711394,1.0,0.006795017,0.3388012991,0.0256751655,3.0,11.382699884,-0.021356177,0.7960687531,0,-0.25352422,0.090128772,0.0366808087,0.0698141987,0.3738574915,1.2911536857,9.3095771e-08,3.2610129e-08,1.758064619,3.0907912044,-0.373424482,0.0971858824
13548,0.1767984962,0.0292093498,6.1661731557,0.0,0.8860299847,1.4246207017,0.0700799935,0.0214136451,0.225909802,0.0093441467,-0.002302597,-0.078844928,-2.864375892,0.1128759072,0.0788449277,3,6.16458e-05,-0.00990099,0.0759175439,-1.275585108,0.0121287276,0.1211008825,0.1612169062,0.0260703921,0.1525332319,0.3544763633,0,0.7148480556,0.0995283507,0.6186499387,0.141709385,25.743951835,32.744761456,0.1042554249,0.0,0.0,1,0.8889585767,0,0.0,1.4214820405,7.0,-0.036528174,0.0541914796,-0.089691763,-0.077672387,-0.142459678,0.1936134726,0.0486220569,-1018.226872,0.0885157098,14.582540523,0.0031883133,0.0053457605,0.0342185665,-0.017791317,0.045417558,-0.006957022,0.0,0.000550055,1.2639062351,-0.00783415,5.0,15.384134436,0.3571672069,2.9511287881,0,-0.101596569,0.0845800489,0.0235219726,0.0285148856,0.3529817242,5.1502733593,5.546097e-10,7.6889401e-09,0.5408209697,0.2924873213,-1.035786167,0.0395261389
13337,0.7499325985,0.0937122838,0.8752253229,0.0,0.4437753492,0.9350090518,0.1008480362,0.0243255817,0.2879491569,0.0060301733,-0.014555384,-0.043549056,-0.548280905,0.1450929396,0.0435490561,3,0.0050563752,0.1142857143,0.1409394345,-0.005992703,0.0246435026,0.3425310832,0.0194228041,0.0067288527,0.0488598908,0.2898380521,0,3.1721741657,-0.137922204,1.4848028463,-0.051612236,22.717938338,6.0607814106,0.2878523212,0.0,0.0,1,0.0584098502,0,0.0,0.4470062502,7.0,7.1495427118,0.0546407775,-0.023919982,0.384319192,-0.678608489,0.2446798091,0.1374018967,-2590.369139,0.0410566741,14.238095744,-0.008892271,0.0030415869,0.0046835796,-0.202825964,0.0355774251,-0.035609876,0.0,-0.032760033,0.576329232,0.023589123,5.0,14.92243618,0.6937487778,2.8463418912,0,-0.131569503,0.0877192616,0.0282783316,0.0510868556,0.3554453536,5.116130007,1.5740186e-09,8.7778997e-09,2.563024523,6.5690947057,0.0071127991,0.0483198408
13369,0.0416985324,-0.102815983,35.96895935,0.0,0.0231110487,0.0,-2.652868555,-0.021905572,0.0,0.0987402111,0.7943107221,-0.392860983,-0.250411184,-0.077069711,0.3928609827,3,0.0,-0.066666667,-0.744329897,,0.0,0.9239543726,0.8876962541,0.0159506593,-0.218848997,0.4317688628,0,1.5821862348,-0.50211317,1.5821862348,-0.50211317,0.0,,-5.523101018,0.0,0.0,0,,0,1.0,0.0,1.0,,-0.01338104,-0.149228818,0.0143403893,-1.734233207,-0.819051057,-0.003876468,-3043.143173,0.0318276958,11.014186743,0.0,-0.108769205,-0.118410724,0.0,0.7770017766,0.7666666667,0.0,-0.003024354,0.8437699075,-0.111491909,3.0,10.299626307,-0.278452697,0.4814442813,0,-0.095378135,0.0514460541,0.0294362704,0.0482857333,0.7850857304,1.7482387238,4.0093999e-07,5.7931456e-08,1.3760204751,1.893432348,0.3066187993,0.0892617367
14468,0.0331775382,-0.250181951,3.0406505968,0.1174149381,0.0379253093,0.0020185135,0.9227535636,-0.384857411,-0.585018075,0.8649474041,-0.357418112,-0.086376259,-0.118409091,-0.220558133,0.086376259,3,0.0,0.25,-0.744329897,,0.8382179285,0.4754098361,-0.150024839,0.0050876958,-0.595914127,0.9406796169,0,6.7376311844,-0.051256709,6.7376311844,-0.051256709,0.0083079803,,-5.11026393,0.0,0.0,0,,0,0.0,-3.025969529,2.0,-23.88025611,-0.062397255,0.0413767599,-8.787225138,0.5667929989,-0.42660587,-8.977910117,-5512.191557,0.0248274717,9.5824348348,0.0,-0.166923025,-0.190084533,-0.000664187,0.9517996377,13.766666667,0.0,0.0,-0.793331856,-0.042755198,4.0,9.6213600647,,5.7437388421,1,-0.25352422,0.0762962624,0.0370840409,0.0929826572,0.9881826131,8.0100094259,3.9389948e-07,1.2331181e-08,1.6930523238,2.866426171,-0.515408199,0.1018730995
13622,0.334583239,0.0219575049,8.8717636842,0.0,0.8222548163,0.8181089937,0.0714186659,0.0289380289,0.1669396669,0.0017656116,0.0079051383,-0.037674919,-1.958041958,0.0649512208,0.0376749193,5,0.0,-0.009259259,0.0073737947,-0.04889219,-0.010633778,0.8154506438,-0.05018533,0.0096915097,0.084079602,0.0985606262,0,1.1685649203,0.1609189121,1.1685649203,0.1609189121,16.495356037,12.900726392,0.0624296963,0.0,0.0,1,0.6787458237,0,0.0,0.4756218905,5.0,3.0728331734,0.0028500599,-0.047003766,12.374286127,-1.978326765,-0.799617344,2.3752013325,5676.6296381,0.0796288203,15.474472028,0.000392362,0.0140198827,0.0484795064,0.024813338,0.0717399427,4.846953e-06,2.0,0.0,0.6245650153,0.0565683385,5.0,16.063703452,0.0893460764,1.9608721359,0,-0.186226261,0.0218413305,0.0119183131,0.020100085,0.2991889101,2.0380730408,2.730316e-10,1.6261985e-08,1.0971981,1.2038436707,-0.006901831,0.0304108651
91363,0.1610209743,0.0357081903,7.9931575973,0.0,0.5175521808,0.6669040538,0.1533348188,0.990327647,0.6401182389,0.0178361887,1.2106696914,-0.024958314,-0.356293813,0.0484307975,0.0249583139,9,0.030154938,0.3571428571,0.2803349728,0.0616615181,-0.181128711,0.0981969851,-0.608957981,0.1807421217,0.5074070301,0.3339719775,0,5.154847071,0.4736798097,4.1195956454,0.4376185857,7.2143916739,12.074879798,0.1296441085,0.0,0.0,1,1.0,0,0.0,1.9202649007,4.0,-0.071510978,-0.230584672,-0.02061604,-1.81658899,1.4264191718,-2.472759567,0.1842389459,-1528.060043,0.0506976226,13.151491996,0.0062583201,0.0188540785,0.0667115195,0.0390949136,0.1580026472,0.0024619464,0.0,-0.000814332,2.620918075,-0.173968017,5.0,13.632866053,-0.197211888,1.468157947,0,-0.060001469,0.0407554507,0.015270705,0.0308568811,0.4100729665,2.4470431353,4.870676e-09,1.8523048e-08,1.220945993,1.4907091178,-0.007282498,0.0575242673
91463,0.2064121709,0.0130082116,3.2464813769,0.0,0.1554169388,0.3081110282,0.1293573561,-0.055492306,0.6961042331,-0.041873699,0.0466178972,-0.13370596,-3.82834308,0.0628081082,0.1337059604,9,0.0,0.1591485048,0.0361616127,0.0430039356,-0.009500595,0.0592405569,-0.151515265,0.0631744914,-0.120126768,0.7663816075,0,2.0996126841,-0.189076543,2.0996126841,-0.189076543,1.5674120054,5.1610911006,0.1133260577,0.0,0.0,0,,0,0.0,1.1352917778,4.0,-10.19337036,0.0665729527,-2.282317644,3.9844349402,-0.845222006,-0.156465338,1.0573803862,-2262.590158,0.0288563477,14.475948956,0.0003698575,-0.012871541,-0.021772954,-0.006787695,0.5740144418,-0.047678613,0.0,0.0008833922,1.9043845314,0.0977196954,6.0,15.064370457,0.1945242431,2.0638732485,0,-0.111549313,0.0301824305,0.0147096633,0.0297586774,0.3709979053,2.5646634067,9.350795e-10,1.4337586e-08,1.3365938959,1.7864832425,-0.085274234,0.0449359603
91357,0.5320078424,0.071560831,,0.0396375883,0.3752307373,1.8641137632,0.1339370854,-0.032430228,0.4380680515,-0.024841261,-0.08159708,0.019187125,0.2473283462,0.053861809,0.019187125,9,-0.037042602,-0.106699752,0.0175297162,0.0012543168,-0.002422049,0.3259995533,-0.127091861,-0.026715942,0.0055377889,0.5144552059,0,6.336271937,0.4627487428,2.6886583566,0.5501227025,,6.3090200265,0.2182002232,0.0,0.0,1,1.0,0,0.0,0.7658048313,5.0,-0.127151875,0.1133387202,-0.276476695,-0.051591167,-0.581985969,0.6854837628,-0.205414615,-2001.461912,0.0457306398,11.703505485,-0.006933684,0.0040326189,0.0063810908,-0.171667825,0.0,0.0093811953,1.0,-0.004731861,0.7228821905,-0.044155585,2.0,11.406823975,0.5276169681,0.5693773159,0,-0.034541484,0.0596125312,0.0227475806,0.0361931302,0.4183450497,0.8658693378,9.8438933e-08,5.446682e-08,1.2972696457,1.6829085338,-0.051895181,0.0349336304
13967,0.17524622,-0.055047489,4.3455973684,0.0,0.0204047906,0.0148227135,-5.583490933,1.1936301456,-0.639737201,0.3820946939,1.2623527114,-0.150391036,-0.389096882,-0.033628683,0.1503910357,2,0.0,0.4087591241,-0.272394512,-3.701815015,1.5322428915,0.2440222732,-0.314578506,0.0306972213,1.1858988443,0.9702905297,0,9.9636951501,-0.097713424,9.9636951501,-0.097713424,0.0800815884,5.6794150731,-3.652465428,0.0,0.0,0,,0,1.0,-0.711707753,2.0,45.392525123,,0.200135884,-8.645156456,4.861846645,0.5733941298,-8.790980667,-3844.236497,0.0248274717,12.446058771,0.0003985597,-0.157850721,-0.173878937,0.0089262592,0.937947488,-0.09225864,0.0,-0.005243446,-0.380948946,0.0845638048,5.0,15.03868669,-0.124967744,9.8670935927,0,-0.25352422,0.3387096822,0.1060081965,0.106471796,0.9953970443,61.413279121,3.9721167e-09,1.1695259e-09,1.2733207916,1.6213458382,0.5283953064,0.1269881947
91491,0.1130543767,-0.054378691,7.276987029,0.0,0.0105104188,0.0,-17.17196532,-0.034540719,-0.424450642,0.0702744028,0.4100856327,-0.084479864,-0.195397635,-0.043753223,0.0844798637,9,0.0,0.1129032258,,,,0.2827346466,-0.0829248,0.0047224121,-0.062036638,0.9776618784,0,11.859637032,-0.106312072,11.859637032,-0.106312072,0.0,0.0,-6.011317279,0.0,0.0,1,1.0,0,0.0,-0.450940781,1.0,,-0.029412831,-0.095720014,-8.707348299,1.6699227123,-0.42660587,-8.801105208,-4278.339457,0.0248274717,13.971036314,0.0,0.0961391205,0.1085396602,0.0358497847,0.964958051,-0.214923759,1.0,0.01447178,0.0184524213,0.1246164525,4.0,14.905036302,0.1996361087,2.4674399883,0,-0.25352422,0.0718100294,0.0246465135,0.0420147707,0.274369126,2.8153775268,1.6600452e-09,1.0293383e-08,1.8294906903,3.347036186,-0.741542057,0.1402757273
91277,0.305416971,0.0381771214,15.468687585,0.0,0.6159004385,0.7155891087,0.0945620789,-0.124478536,0.1881308034,-0.048308822,0.0324162679,-0.046781947,-1.218691589,0.0847032581,0.0467819473,9,-0.018153118,0.0,-0.027068982,-0.067068982,0.015404083,0.626705653,0.2028385397,-0.029605706,-0.328943242,0.1790273594,0,1.7503144654,0.0334676474,1.1955974843,0.0856705118,22.636568849,8.3846153846,0.1386616444,0.0,0.0,1,0.7784994018,0,0.0,0.3894637817,7.0,1.4236821182,0.0935134135,-0.180331042,0.0445852002,-1.180812739,1.4138271851,0.4520764155,8845.8185599,0.1116949983,16.286191969,0.0033582873,0.012468626,0.0372881356,-0.02675714,0.0418652685,0.0276839983,1.0,0.0022874571,0.6377419318,-0.027872765,5.0,16.16216476,0.0055834616,1.0060303934,0,-0.152504436,0.0270270389,0.0120025388,0.0187334388,0.3998161408,1.9959328094,1.786053e-10,2.0908093e-08,1.0772269128,1.1604178218,0.05039724,0.0219974254
91283,2.3272135205,0.2831439033,-32.18770069,0.043354007,5.9686808994,1.5078971161,-0.145945203,0.2012481679,0.1108100434,0.02905251,0.1627726707,-0.059702996,-1.114009546,0.6273066775,0.0597029963,9,-7.7178e-05,-0.002380952,0.1488285213,-0.796332273,-2.654994751,0.0993426245,0.0533808492,0.2301146403,0.2242033421,0.527225665,0,0.9436309727,0.8513978043,0.9373289538,0.8674229934,19.187571018,1.8166387166,0.2011769311,0.0,0.0,1,0.1486627294,1,0.0,0.0738603629,7.0,2.2678327741,-0.070243419,-0.189861712,3.4639055501,-2.485136029,-0.476241698,0.5145152806,-1738.63513,0.0279332649,11.913655403,0.0012334836,0.0316832003,0.4253082635,-0.550363428,0.0053575265,-0.364148729,1.0,1.1243243243,-0.284797095,-0.019048174,4.0,13.387600292,-0.122512362,3.6488947214,0,-0.500704589,0.1078431532,0.0402642938,0.09902653,0.6948290422,12.328955204,2.0530711e-08,6.4779798e-09,3.3482519805,11.210791325,0.0642696207,0.1175085673
12914,0.0824555738,0.0395196683,14.897083574,0.0216862155,0.6279944806,0.1677774704,0.1004114354,-0.017716381,0.1826236826,-0.018894286,-0.007075179,-0.007163362,-0.130224488,0.0446660969,0.007163362,4,,0.3846153846,0.0488470806,-0.268271957,0.0098390848,0.2501304508,-0.073484707,,-0.096718366,,0,1.2449911257,-0.071708345,,,3.5981785852,7.126489625,0.0788986699,0.0,0.0,1,1.0016416335,0,0.0,1.2829820453,6.0,0.0231855541,0.0367302581,0.3048246116,-0.172015309,-0.385127934,0.5762706496,-0.019587753,325.76327817,0.0885157098,15.264071016,0.0024249452,0.0137599874,-0.525074417,0.0036815071,0.1184743472,0.0112641868,2.0,0.0,0.5604106813,-0.021400042,4.0,16.308111647,0.3344059634,3.8434650401,0,-0.101596569,0.0253325049,0.0109069307,0.0213468916,0.3778793854,5.9156649715,1.101886e-10,6.3375974e-09,0.4736563838,0.2243503699,-0.326635566,0.0306971755
93035,0.3913284641,0.0638320773,151.1771616,0.0282396365,1.1316725045,1.6219121926,0.0963741132,0.0380416536,0.1713065131,-0.064365718,0.0760734147,-0.017419452,-0.41462525,0.0902984683,0.0174194518,6,0.0,0.0064102564,0.0300334583,-0.105278142,-0.024816578,0.1260423005,-0.003472679,0.0253280958,-0.059421241,0.2089511435,0,1.3377583514,0.0937657267,1.3377583514,0.0937657267,913.83929636,6.8990116348,0.0916053883,0.0,0.0,1,0.5421145942,0,0.0,0.5047479504,5.0,-355.6597549,0.0084827029,-0.17396673,-1.968087062,-1.176806384,0.5097542095,-0.047069825,-1146.849318,0.2277833408,14.378940193,0.0001366141,0.0067734925,0.036486904,0.1858315387,0.0052463781,-0.065716124,0.0,-0.012974977,0.1975918548,0.0663029522,5.0,14.620853474,0.407438499,1.4483174603,0,-0.166303822,0.0463378094,0.0238694235,0.0369795738,0.3523576469,1.4325904242,3.0451682e-09,2.2318655e-08,1.4383539785,2.0688621675,0.1900090687,0.039584899
91472,2.5924269673,-1.190958076,-12.19566376,0.119866142,14.559695586,6.0987621158,0.026199426,-0.054019948,0.0248085485,0.1596448875,-0.053515223,-0.012014651,-1.127745406,0.1993653885,0.0120146506,9,0.0237981768,0.0153846154,-0.113028262,-0.002096409,-0.171311219,0.0890962219,-0.117298066,0.0227130592,-3.068634317,0.5445841291,0,0.8005731296,-0.03991821,0.7399489233,-0.077599338,0.5436767274,0.0719773461,-0.009302055,0.0,0.0,0,,0,0.0,-4.428422697,2.0,-0.235960277,-0.000758117,-0.028365419,2.5652437121,0.0912777725,-0.014465589,0.1198277473,-5491.335142,0.0286434127,10.549458196,3.68676e-05,-0.001098699,-0.035812947,-0.009674358,0.0845840165,0.0088643146,1.0,-0.006016656,-0.380672929,-0.071583145,1.0,8.0886600819,-0.512832316,0.2026595899,0,0.0654744878,0.0821917802,0.0347610043,0.0779540447,1.6881419258,2.2983963062,9.1110327e-06,4.8807886e-08,0.3428580324,0.1175516304,1.3472535861,0.1052590181
91579,0.3837087294,-0.514055644,-1.70315385,0.0191447031,1.3295385273,2.5930889292,-0.145076111,-0.227841118,0.001287238,-0.022659334,0.0883627876,-0.297187922,-1.134706815,0.0692467983,0.2971879216,9,-0.001037667,-0.074074074,-0.11754921,-0.001541433,-0.8680178,0.2914979757,0.7789949988,-0.03401986,-0.617539586,0.4998287688,0,1.256916996,-0.18053309,1.2529644269,-0.1794632,6.4498480243,4.6671554252,-0.38000958,0.0,0.0,1,1.0,0,0.0,0.0028420625,4.0,-10.33496586,0.1349691055,-2.515540223,4.1617314986,-1.13521196,0.1119278668,1.0638190762,-1779.434408,0.0288563477,14.611260327,0.0037133309,0.0143903715,0.0584484591,-0.190564299,0.2103533279,0.0166765577,0.0,0.0072028812,0.169995597,0.0629045088,1.0,15.312636782,-0.212759079,2.1693219026,0,-0.111549313,0.0325149782,0.0181174811,0.0280064288,0.2160911028,2.297085862,7.189234e-10,9.3713654e-09,1.657916368,2.7486866833,-0.042467788,0.0378164432
91514,0.6193907119,0.0340945416,-23.72773082,0.0209147634,3.9196961162,0.1857333888,0.0250941633,0.1812311927,0.0417076096,0.006805392,0.2063623115,-0.005396038,-0.663277703,0.0567086908,0.0053960376,9,0.0293957379,-0.079861111,0.072161186,-0.211647777,0.0021881206,0.0901257616,0.0662179823,0.0307747121,0.0436450795,0.5886703183,0,1.3259763963,0.0758300317,1.029880251,0.1015732106,1.2906280062,0.0654037073,0.0108477506,0.0,0.0,0,,0,0.0,0.2700455497,6.0,-0.028161538,0.0016161834,-0.123611145,-0.300832189,-1.475593456,,-0.02282895,-4581.092572,0.0286434127,13.976736452,0.001186678,0.0026830598,0.023033141,0.0244581508,0.0351387581,-0.142271968,0.0,-0.002296588,1.1439461388,-0.031696199,2.0,14.006397061,-0.267495767,1.4991045068,0,0.0654744878,0.1275460273,0.034951642,0.0371570964,0.5525669494,5.1460754842,2.8379876e-09,1.1088216e-08,1.4463691059,2.0919835905,0.0897921491,0.0354894112
91498,0.1653704642,-0.036471167,,0.0,0.0746888079,0.4043832018,-0.120617568,-0.359090527,1.0778063524,-0.050636281,,-0.131707496,-1.109780932,0.0040038386,0.1317074957,9,0.0,0.0884773663,0.0027737471,-0.412015103,0.0107302222,0.5934647303,0.3039738935,0.0144208237,-0.447604442,0.5871966174,0,2.4862550024,-0.455782144,2.4862550024,-0.455782144,3.4946416415,21.198324681,,0.0,0.0,0,,0,1.0,1.3485118444,4.0,-0.066825811,0.3924381365,-0.015540954,-0.126658209,-1.532249306,-0.327314296,-0.034798049,-5409.024388,0.1865376934,12.224636822,-0.024651866,0.0344135496,0.0446895093,-0.012689657,0.5393399139,0.0030163077,0.0,0.0085870414,0.7211733298,0.0293194866,4.0,12.045409794,-0.038312835,1.0225908026,0,-0.012367651,0.2587175667,0.0588924779,0.0357853696,0.7479771211,11.644938757,2.2728684e-08,1.7591928e-08,2.1829551272,4.7652930874,-0.038581564,0.0818935613
91503,0.5132662318,0.0294608661,2.7496335331,0.0173679895,0.0999712916,0.5350138443,0.1233757962,0.1560460762,0.7027322249,0.1150266384,-0.046302943,-0.02101537,-0.407918263,0.0414784915,0.02101537,9,0.0455179493,0.0209580838,0.1014423151,0.0813290007,-0.053550284,0.4847339343,0.0083437731,0.0824774442,0.205880273,0.4815004295,0,4.8389602629,0.1852408361,3.1743850214,0.1395228282,3.8036058207,6.5812274368,0.532720926,0.0,0.0,0,,0,0.0,0.8757116085,5.0,-10.02936763,-0.030983732,-0.061604068,0.4859080886,-1.6351771,0.8149573357,0.114671734,-2981.216753,0.0318276958,12.625036891,0.0009700599,0.0251330538,0.0296994563,0.0069190607,0.2728143906,0.0197586712,2.0,0.0016406891,0.4321983289,0.1213444425,6.0,12.747812609,-0.228874068,1.1589676624,0,-0.095378135,0.0295500048,0.0186320072,0.0278989402,0.4543081188,2.1833711513,1.1487778e-08,2.1616e-08,0.4847652597,0.234997357,0.0009892854,0.0458273714
12452,0.6610187219,0.0477705987,17.655048544,0.0,0.4804239445,0.9461196883,0.1169163593,0.0367053106,0.6550088532,0.0158925319,-0.025656566,-0.0494714,-1.161155794,0.1032397061,0.0494713997,7,0.006650337,0.1549295775,0.0675497752,0.1046629845,-0.028897482,0.2504893964,-0.408342362,0.0875240717,0.0872831964,0.2737626819,0,1.0494941951,-0.138295423,0.9301378233,-0.171962089,129.10097087,6.4550485437,0.277703878,0.0,0.0,1,1.0,0,0.0,1.1128900124,6.0,-10.10263601,0.1411166651,-2.286536571,4.4390414911,-0.78115335,-0.720405424,1.097811984,-4164.148208,0.0288563477,11.307700388,-0.000431971,0.0123993506,0.0239538604,0.0273831571,0.010546296,-0.127923541,2.0,0.0046122397,3.2034722433,0.048706111,5.0,10.783027984,0.4375358476,0.443643918,0,-0.111549313,0.1121795401,0.034469072,0.0457510485,0.46120732,1.3217637331,1.0142724e-07,3.8049349e-08,0.4430734468,0.1963140792,2.7106157529,0.057691713
91446,1.1176213115,0.078031043,-18.36665459,0.0025643517,10.881198464,0.5605652122,0.010290159,0.0607618684,0.0135865674,0.0038232991,0.0663473307,-0.010798721,-1.612959021,0.2038919177,0.0107987205,9,8.90763e-05,-0.02991453,-0.014150341,-0.104469181,0.1569743967,0.1172984984,-0.149051601,0.0029388765,0.1215995166,0.5065227293,0,0.8426499954,0.0742901671,0.8424323545,0.0741661648,0.9684848702,0.0751588952,0.0108323318,0.0,0.0,1,0.7236136966,0,0.0,0.1430312881,7.0,0.0190306924,0.0007710866,-0.073664564,0.1973984106,0.2835919205,-1.029671246,0.1243542764,-5402.162182,0.0286434127,11.611054207,-0.004351531,-0.006656711,-0.070672932,-0.007811181,0.0222836184,-0.255729642,0.0,-0.087055841,2.6661255262,-0.003768981,3.0,9.0635789906,-0.221197376,0.089901159,0,0.0654744878,0.0243408456,0.0158245191,0.0187442711,1.5203675508,1.1179628695,1.9984235e-06,1.9698681e-07,0.0152522995,0.0002326326,0.1682792089,0.022519911
91391,0.0452505447,-0.007951052,6.1506086957,0.119866142,2.5138609987,1.1734343875,0.0457137449,-0.054386148,0.2196867144,0.0112378397,-0.009187268,-0.115207585,-33.80952381,0.2953564245,0.1152075847,9,-0.000305834,-0.060145898,-0.026485864,-0.026800676,-0.081753622,0.2561572714,0.0893895562,0.0525564167,-0.732444656,0.2689529866,0,0.4912873226,-0.400569756,0.4601076848,-0.404590754,168.97101449,9.1730920535,0.1073526481,0.0,0.0,1,0.4121039999,0,0.0,2.8303975244,4.0,-0.222255105,-0.008112561,-0.099944776,4.4540962192,-0.455013019,-2.277617903,1.0177744314,-9861.838911,0.0314049921,13.636348998,-0.001527479,-0.000545273,-0.016551724,0.0695004354,0.0074743933,0.0638484721,1.0,0.3306188925,0.7575834627,-0.03070627,4.0,15.234333731,0.8101778381,4.5980445091,0,-0.107492679,0.0386100002,0.0170736172,0.0389944787,0.2896276395,4.8475559051,1.1351833e-09,5.8716188e-09,1.5684490899,2.4600325477,0.1346009613,0.0494854232
91432,0.7195832551,0.1080345595,-5.100430065,0.0,0.8142392378,2.4301409763,0.0380582645,0.0269788357,0.3733078236,0.0302055302,-0.092417652,0.0914603461,1.2814538257,-0.03040674,0.0914603461,9,0.0011060127,0.0666666667,0.1225341205,0.0630858073,0.0132659043,0.5954508803,0.0338899396,0.0152814451,0.2065914008,0.3237114867,0,1.5669578475,0.2264607551,1.4270520005,0.2337439064,44.296793339,4.7362631118,0.176579411,0.0,0.0,1,1.0,0,0.0,0.9168476334,5.0,-10.07215281,0.1395727335,-2.374799482,4.4976060244,-0.660028765,-0.611302886,0.9641655379,-3822.868068,0.0288563477,13.003392784,0.0025561256,0.0061370345,0.013397611,0.0395820082,0.0191290949,-0.003721187,2.0,0.0032,0.1443107278,0.0966242757,3.0,12.873645038,-0.089428592,0.6652924504,0,-0.111549313,0.0174346641,0.0112432559,0.0304208783,0.4151943307,1.1205715185,1.1585726e-08,4.5954084e-08,1.1028022494,1.2161728012,-0.053356305,0.0567700458
91614,0.3687811926,0.0513426459,18.203579418,0.030625899,0.2113920603,0.6684046114,0.1614133984,-0.022499353,0.299157113,-0.018864477,-0.058042718,-0.084582665,-0.966786119,0.1009800033,0.0845826649,9,0.004280708,0.0126138753,-0.00585574,0.0297815335,0.2028777501,0.178206726,0.0245086115,0.0393356209,-0.000889044,0.4411738593,0,4.0405672895,-0.191703515,2.0326387227,-0.229284088,23.177451874,7.7219783759,0.365237352,0.0,0.0,1,1.0,0,1.0,0.4713272438,7.0,47.637963131,-0.027743845,-0.196009365,-8.451621483,0.1854446102,0.9052736495,-8.656371981,-4291.859957,0.0248274717,13.482400542,-0.008857595,0.0072188783,0.0141221424,-0.012068015,0.114464691,0.0053322541,0.0,-0.004540868,1.0639811614,-0.20346898,6.0,14.197984546,0.0779902536,2.371289086,0,-0.25352422,0.0322942361,0.0095098223,0.0318017066,0.3373436436,3.5097873307,1.8129089e-09,1.0178859e-08,1.266629691,1.6043507742,0.0090820735,0.0334341545
91468,0.6288155828,0.0502736984,2.9659627124,0.0,0.7656610169,1.3188638521,0.0644088879,0.5841315768,0.5638181004,-0.016949153,1.687782985,-0.043207634,-0.977516862,0.0994170863,0.043207634,9,0.0,0.1111111111,0.1062158236,-0.163059364,-0.002606924,0.5505423094,-0.20846608,0.031608728,0.0561031532,0.2030222905,0,1.4191337463,-0.058149227,1.4191337463,-0.058149227,86.630424022,3.9483323244,0.1526311637,0.0,0.0,1,1.0,0,0.0,0.8245969656,3.0,0.8138847039,-0.149736738,-0.013259192,0.2933771579,-1.393274526,0.4479158751,0.0668247587,-1358.680439,0.0772902197,13.525882313,0.0017467337,0.0103162427,0.0224678648,0.0413480636,0.0051921136,-0.010970308,2.0,-0.000987167,1.0250940422,-0.015451714,5.0,13.61793875,0.4870414142,1.0840828205,0,-0.045482084,0.0248096194,0.0100712685,0.0223648953,0.4807552958,2.8781962758,2.3082011e-09,1.6974238e-08,0.8080895111,0.6530086579,-0.021230182,0.0304175145
92506,1.3283480557,0.1015881668,-8.941951914,0.0,1.9923255911,3.5896455696,0.0390869661,0.0479150469,0.0525921751,-0.015908843,0.0200321446,0.0131965774,0.4213981115,0.0587791052,0.0131965774,8,0.0,-0.091359247,-0.020561292,-0.166980176,0.2627779005,0.3847567747,0.0776722012,0.0002510226,0.0931738863,0.2027775714,0,0.8539360448,0.2570067264,0.8539360448,0.2570067264,14.292312715,7.1856405746,0.0751357479,0.0,0.0,1,0.268195789,0,0.0,0.1253086082,6.0,-0.009236101,-0.006047524,-0.155152876,0.4771561428,0.4071420513,0.1636670705,-0.039704693,-9014.415558,0.0331128264,13.332104397,-0.00344097,0.0018779107,0.0049689412,0.277007755,0.1067845396,0.0031109779,0.0,0.0040089837,1.0640676777,0.2022133237,2.0,13.655139815,0.1647984384,1.3596649719,0,0.048781298,0.0346124917,0.0239295645,0.0275468177,0.4448093574,2.8218404157,5.467327e-09,1.7880052e-08,1.0770850904,1.160112292,0.4275074269,0.0504595371
91434,0.102056063,-0.099855303,9.1971607057,0.01924548,0.1036814975,0.222609124,-0.456072319,-0.16714528,0.6073713963,0.0043382053,1.9073537474,-0.30564534,-0.692929462,-0.030662622,0.3056453404,10,-0.003047201,0.0,0.567955149,0.6555734657,-6.271859383,0.4983148772,0.1021240742,0.0013680045,-0.517157543,0.7548000299,0,4.8084553784,-0.488367328,4.1175239882,-0.505586901,2.3475686979,3.7248002243,-1.39173832,1.0,0.0,0,1.0,0,1.0,0.7098479143,4.0,-16.37032757,0.4975866435,-0.3061081,0.034721994,11.192471153,0.3035196586,0.302565082,-4877.239569,0.0238858186,12.076021449,-0.000861392,-0.045152271,-0.052363153,0.0099914055,0.4290338547,0.0014002029,0.0,-0.004331348,1.9781121957,-0.198566357,4.0,11.984272308,-0.049300033,0.878071167,0,-0.245453587,0.0576923452,0.0268594732,0.0521889411,0.4390417896,2.2332389011,3.1162271e-08,2.4099066e-08,0.9909759728,0.9820333787,-1.821596409,0.0993301935
91392,0.120885061,0.0509547388,17.782403107,0.0171454509,0.8112302657,0.5086804836,0.1115499573,-0.00636485,0.293399035,-0.056990621,0.0377033021,-0.046858908,-0.860113422,0.0947815936,0.0468589083,9,-0.004531411,0.0487804878,0.0543022559,0.0928874649,0.0377879237,0.1553333333,0.1182561728,-0.002155836,-0.226740604,0.1981660295,0,1.0043033889,-0.073348935,0.8418504572,-0.054634681,17.090614887,5.8874024526,0.0921514089,0.0,0.0,1,0.4872704508,0,0.0,1.6438693777,6.0,3.1427328832,0.0242932737,0.0110359812,12.374286127,-2.136093098,0.2573974749,2.3752013325,9545.8125281,0.0796288203,15.887800848,-0.001674166,0.0188547486,0.1772983114,0.0058753725,0.0405892655,0.0088300491,3.0,0.0013908206,1.1201026887,0.0655987188,7.0,17.065965676,-0.079825613,2.8794602449,0,-0.186226261,0.0305441339,0.0197205329,0.0182421782,0.4866324459,9.1125468264,9.688088e-11,7.9800523e-09,1.0329577673,1.0670017491,0.0479838094,0.0226305315
91413,0.2903504753,0.0457550817,1.1679597464,0.0204110831,0.3846415263,0.4905538435,0.2445993315,0.2250820007,0.1807910514,0.096344008,0.2573757791,-0.098272815,-1.486037249,0.1137488374,0.0982728152,9,0.0,0.3,0.1949737822,-0.464207466,0.1481008662,0.382415877,-0.267840773,0.0192101343,0.0968998032,0.434883233,0,1.7735431599,-0.063010472,1.7735431599,-0.063010472,1.8759279922,6.063538771,0.1573254806,0.0,0.0,0,0.0,0,0.0,0.3938290544,5.0,1.3977204012,0.0474987827,0.2121394275,-0.144193125,0.9491731447,0.3459256372,0.0857443032,-5160.470664,0.0558672041,14.532873914,-0.006432681,0.0055380837,0.0147791749,0.0450258954,0.2800338848,-0.005063315,0.0,0.0003980892,0.5071313735,0.0532146225,4.0,15.017910401,-0.163546575,2.0250762368,0,-0.168614603,0.0448903218,0.022847064,0.0304966558,0.457542737,4.3895519286,9.509706e-10,1.0381983e-08,1.4304793082,2.0462710512,0.0101531603,0.0280839769
91618,0.671044775,-0.010220008,0.4807758022,8.07302e-05,0.43210081,0.2099901845,-0.012844257,0.9372786587,0.1818842409,0.4543435853,1.889983364,-0.02053587,-1.683603757,0.006986436,0.0205358701,9,0.0168328511,0.2096774194,0.2968522611,-0.348345639,-0.172124232,0.0601037532,0.3323582862,0.2340921086,0.6007526193,0.6596679782,0,7.7445033884,0.3323997044,7.3872619668,0.348623936,0.44854473,4.1494351988,0.0463076548,0.0,0.0,1,0.9908249609,0,0.0,0.2222256921,3.0,-0.286874812,-0.083523103,0.1698785416,5.0798904495,-0.169086305,-2.277617903,0.7294044428,-14371.41825,0.0314049921,13.461794004,0.0002327454,0.0030858989,0.0053848966,0.0583809195,0.1134624375,0.0341180056,1.0,0.0035842294,0.2073789532,0.0419807239,4.0,14.186660523,0.6816391498,1.8549630529,0,-0.107492679,0.0258799177,0.0110762149,0.0244572893,0.4997640148,4.9667836729,1.6146112e-09,1.0928608e-08,0.8543478286,0.7299102122,0.2276006881,0.0408442378
91659,0.1118834913,0.0331165232,5.1624757436,0.0167005623,0.3611266913,0.4343689542,0.3071338992,0.3323983999,0.4207587474,-0.060990078,0.7098290026,-0.168781366,-2.112055739,0.1030604662,0.1687813656,9,-0.002256662,0.1675544794,0.1414405461,0.2981113653,0.2003515681,0.1129005405,-0.263916643,0.36787821,-0.220539039,0.634306051,0,1.1940121376,-0.192780018,1.1472569169,-0.18768074,3.0611175723,79.983539674,0.2270707265,0.0,0.0,1,0.4437027147,0,0.0,0.985197329,4.0,0.0017730917,-0.053151753,0.1466345128,-0.426532701,-0.186862145,0.6622067038,-0.030279977,-3673.665038,0.0725156293,14.791541222,0.0145199952,0.0337462172,0.1363046897,0.0095921213,0.2597784965,-0.061901167,0.0,0.0005549133,0.6283635125,-0.087444753,6.0,15.619173222,-0.464074834,1.8534002904,0,0.0348146487,0.0204368047,0.0157287704,0.0299802366,0.211850449,1.7945090773,6.545482e-10,1.3512091e-08,0.8612929504,0.7418255465,-0.052308819,0.0408169713
92040,0.1536780084,-0.086696544,3.926612296,0.0,0.1104228149,0.0015395724,-1.180436424,0.6459866889,-0.165925856,0.5418475192,0.0730577421,-0.102254614,-0.250369962,-0.064990334,0.1022546144,8,0.0,0.0543478261,2.3719008264,2.7026186714,-1.772051998,0.550337958,0.3190182589,0.0018657448,1.6704990055,0.7295379036,0,7.6580133763,-0.09252047,7.6580133763,-0.09252047,0.0080698863,,-0.794558994,0.0,0.0,0,,0,0.0,-0.495071146,5.0,74.77710871,-0.025215042,-0.154275414,-8.666724668,-0.308709676,-0.42660587,-8.822342318,-4752.340037,0.0248274717,13.76323096,0.0,-0.093586985,-0.114930891,-0.000168063,0.2396989131,13.766666667,0.0,-0.006433167,-0.29264398,0.251159044,2.0,15.489180016,0.2504731613,4.3428886265,0,-0.25352422,0.02948712,0.0272415236,0.0606696108,0.4927796402,14.455466993,1.3229468e-09,4.6121434e-09,2.822973986,7.9691821257,0.0095683456,0.0996948298
13385,0.5016405835,-0.2019743,0.915194643,0.0,0.0406403822,0.0,-5.315789474,-0.129988597,0.0,0.1053665149,-0.235103364,0.0206208426,0.0595009597,-0.213991965,0.0206208426,6,0.0,0.3333333333,,,,1.0212765957,0.3480851064,0.000587402,-0.120193397,0.9232751499,0,18.961986036,-0.064248348,18.961986036,-0.064248348,0.0,,-4.285714286,0.0,0.0,0,,0,1.0,-0.002379693,0.0,,-0.029412831,0.1247100933,-8.318762092,0.0079351901,-0.42660587,-8.971343949,-5500.934307,0.0248274717,10.060091203,0.0,-0.102578797,-0.115527022,0.0,0.7920583468,13.766666667,0.0,-0.039862695,0.2427332831,0.0418849178,2.0,9.4223218298,-0.200976835,0.4648795349,0,-0.25352422,0.0903333202,0.0339835231,0.0643847395,0.4754349756,1.2757716335,5.6595179e-07,4.4782552e-08,1.6440040073,2.7027491762,-0.134668219,0.1035546774
91355,0.7967072961,-0.056240777,-3.840226812,0.0,1.5622621954,3.3100377923,0.0680196964,0.035363904,0.5666485565,0.2542077482,-0.012653927,-0.037598213,-1.579556945,0.0325947331,0.0375982129,9,0.0,0.1101321586,0.1102862761,0.26170654,0.0610591811,0.8436828996,-0.167533785,0.0061366906,0.1751357287,0.4064175004,0,1.8639141625,-0.051971834,1.8639141625,-0.051971834,16.427992303,3.1841785938,-0.003472148,0.0,0.0,1,1.0,0,0.0,1.7905355945,4.0,0.7973803933,0.1130176484,-0.014238144,0.4612688712,-0.789527151,0.2383944448,2.4054296e-06,-1961.485679,0.0772902197,12.298085706,0.0008798831,0.0061881162,0.0261157669,0.103153649,0.0624883218,-0.013222288,0.0,-0.018292683,0.7334472334,-0.051798244,1.0,11.562893758,0.3765156348,0.5966754325,0,-0.045482084,0.0720461085,0.0230274504,0.0377763089,0.5672359005,2.1904803002,3.4775584e-08,3.130487e-08,1.8086675909,3.2712784543,0.002821428,0.058011629
13167,-0.017508285,-0.324807702,1.4326057841,0.0,0.7415415368,0.0,-5.640513636,1.9403236032,0.0,0.0712780821,5.2346570397,-0.046477464,-0.069419484,-0.302259719,0.0464774643,7,0.0,0.4,,,,0.1869158879,0.9659546061,0.0023842995,-1.093210233,0.9220342264,0,10.921553652,1.3820003486,10.921553652,1.3820003486,0.0,,-0.811054121,0.0,0.0,0,0.0,1,0.0,-0.052594493,3.0,,-0.029412831,0.1913767599,-8.837910961,-0.369854906,-0.42660587,-9.059611703,-5252.705457,0.0248274717,13.06141936,0.0,-0.157772397,1.0433494835,0.0,0.9734194038,1.3666666667,1.0,0.0075471698,-0.350307949,-0.043821011,3.0,14.449006325,-0.834932359,4.401559194,0,-0.25352422,0.1003460065,0.0517610648,0.0825939244,0.7065911082,23.47169036,3.4534169e-09,3.2919239e-09,1.9200176835,3.6864679048,-0.158862144,0.0958147941
93189,0.1271727897,0.042523647,8.7257981425,0.0,0.1028867546,0.1458601209,0.4220191158,0.1066568263,0.4215527724,-0.040832109,0.7190990973,-0.053130158,-0.3186401,0.0560733862,0.053130158,8,0.0297874041,0.0984996738,0.1961820837,-0.100984737,-0.023627904,0.0871098813,-0.126285382,0.0616002239,-0.10772344,0.5860062236,0,2.3200394425,-0.443114338,1.4806101987,-0.465276672,1.6834281443,9.1444682531,0.5741131041,0.0,0.0,1,1.0,0,0.0,0.7005578648,5.0,47.642830841,-0.026445383,-0.110123566,-8.693229886,0.1879522255,0.5062754257,-8.701278598,-3879.658577,0.0248274717,14.950502026,-0.002199079,0.04530736,0.0657562675,0.0041243437,0.3432237688,0.0157111852,0.0,0.0003340013,0.5177603449,0.0057905605,5.0,15.930720795,-0.164486346,1.9185313327,0,-0.25352422,0.0746738911,0.024615334,0.0353471543,0.3862654145,2.6572070578,7.904254e-10,1.3934097e-08,1.0829143006,1.1727033824,-0.28091681,0.053537002
91397,1.0647031074,-0.006982531,-10.17291877,0.0170335101,6.6574205874,0.3161588606,0.0181371543,0.08761721,0.0292942131,-0.026782198,0.1121924048,-0.008526842,-9.05017301,0.0562105834,0.0085268418,9,0.0009340242,-0.064748201,7.64263e-05,-0.070221482,-0.195355697,0.079390175,-0.228697146,0.0004202631,-0.044410712,0.6675412142,0,1.179953594,0.0508741555,1.1777821895,0.0499319853,0.5258494243,0.0503523762,0.0002388721,0.0,0.0,0,,0,0.0,0.1866746178,3.0,-0.13197893,0.0001085741,-0.108498235,0.1444802065,-0.915718069,-0.014465589,-0.023327058,-5415.704816,0.0286434127,11.460957855,-8.6288e-05,0.0014424757,0.0109260073,0.0057187678,0.0712758354,-0.002601585,3.0,0.0053598493,-0.524262359,0.0200021667,3.0,9.4255259078,0.0481640441,0.2137750543,0,0.0654744878,0.0150754023,0.0064080244,0.0145280348,1.7117521393,3.1884453127,2.3103195e-07,1.0000000479,-0.022654586,0.0005132303,1.192242495,0.0218258059
92093,1.2623572058,0.0825021593,-7.606426919,0.0,3.7554310043,0.985566073,0.0432485545,1.521109574,0.1024034761,-0.204532524,5.2346570397,0.0522650759,2.21981315,-0.100637219,0.0522650759,8,-0.030993263,-0.006622517,-0.217507438,-3.701815015,-0.064528081,0.1293215493,-0.670580922,-0.059560808,-0.104447738,0.627417386,0,1.4021880707,-0.755701903,1.303632779,-0.771823859,1.865861493,0.2913811612,0.0425026216,0.0,0.0,0,,0,0.0,0.071742263,1.0,1.1323543648,-0.408481211,-0.094483089,0.8278136052,8.7169803196,-1.452712008,-0.128641753,-6852.859504,0.0558672041,11.814769285,-0.002139436,-0.002701406,-0.014595619,-0.097624836,0.0580475459,-0.049017573,0.0,-0.047954239,0.0720911277,-0.016485783,2.0,11.494316801,0.0070495217,0.6114689569,0,-0.168614603,0.0191886183,0.0119050306,0.0315633439,0.4598719072,1.0570778411,3.7347333e-08,4.0736347e-08,0.9221819302,0.8504195125,0.0278873577,0.0310381529
91461,0.1392281531,0.0912627482,1.4973446613,0.0283938067,0.9196938137,0.6003384345,0.1438844484,-0.022813275,0.2562220268,-0.049744898,-0.047312734,-0.019338687,-0.2270061,0.1119799487,0.0193386869,9,0.0,0.0,0.0117647059,0.4307878421,-0.012073098,1.3173449612,0.0521716414,0.0045843913,0.177152168,0.1947284235,0,3.0453031312,-0.135691808,3.0453031312,-0.135691808,3.1444593988,124.05309735,0.1277134711,0.0,0.0,0,0.0,0,0.0,2.1876527564,6.0,-0.004379918,-0.003978732,-0.043750034,-0.780994748,-0.924545658,-0.552241281,0.0324423075,3841.5821784,0.0286434127,16.109252667,-0.000568724,0.0230827322,0.1776808934,-0.00448862,0.1542803003,0.0179975112,1.0,0.0005446623,0.1698667242,0.0017387653,6.0,16.825764881,0.0921222225,2.1423981496,0,0.0654744878,0.0212545265,0.0097529243,0.0147372069,0.2450409638,2.0296211134,1.021509e-10,1.1563676e-08,1.0596559769,1.1228707893,-0.02629927,0.0239879225
92226,0.1307714882,0.0208568386,5.3639877743,0.0,0.0941512773,0.1834188006,0.6640476492,0.0335905616,0.7318157593,0.0300764179,-0.248182683,-0.127447074,-1.352071907,0.0490567841,0.1274470736,8,-0.001500644,0.038961039,0.2885907538,0.106893862,0.0099764552,1.3866317169,0.0934149146,-0.001679163,0.4155602944,0.7892318858,0,3.6179828453,0.3600829709,3.6179828453,0.362595321,1.2252196799,4.8277159823,0.2054646708,0.0,0.0,0,0.0,0,0.0,1.697719612,8.0,47.661862984,0.1227605835,-0.169662201,-8.689631188,-0.258298576,2.2094174606,-8.7082952,-4917.932117,0.0248274717,13.109491707,0.0138502814,0.0451524738,0.0678010569,0.0022305434,0.7564740004,0.0564591478,0.0,-0.001006543,0.6447075467,-0.14254491,4.0,14.355652532,-0.533271948,2.5879359672,0,-0.25352422,0.0667284802,0.030587101,0.0517190077,0.3331508305,4.606296766,3.6174579e-09,7.4919861e-09,1.1344056118,1.2868760921,0.3324592314,0.0749314498
91416,0.1239961862,0.0361694736,31.586604991,0.0108646386,0.3429017099,0.4761043607,0.1533806403,0.2767040876,0.5075087138,0.0074606606,0.341181881,-0.022245039,-0.256034945,0.0454301228,0.0222450391,8,0.0545261302,0.1971830986,0.1505993558,-0.010992049,0.0570630653,0.1456184134,-0.070946832,0.0950910601,0.1268861382,0.3680756594,0,1.8601024349,-0.171552521,0.8260664253,-0.140435363,22.199854079,7.9231632264,0.1501907405,0.0,0.0,1,0.3804201619,0,0.0,1.6073102811,5.0,0.9555086396,-0.023742782,0.1842360305,-0.779385947,1.0513356263,-2.548691087,0.0181581121,5760.1073453,0.1633840717,16.209700681,0.000626861,0.0276129904,0.1116938472,0.0167612356,0.0489045262,-0.000188014,2.0,0.0017277125,1.6954384076,0.1700381108,6.0,16.620599136,-0.118944087,2.2888320261,0,-0.128574987,0.0626124367,0.0220020896,0.0264700223,0.4152609519,4.6045903001,1.466141e-10,1.0323681e-08,0.8064634581,0.6503833093,0.1239024594,0.0365445555
91486,0.4794751493,-0.004973139,1.2892794488,0.0,0.3634769954,0.5830973997,0.0064688246,0.0522342676,0.4470628097,-0.007592418,0.2017061084,-0.134195396,-22.18167939,0.1053394387,0.1341953957,9,0.0026069689,0.1519389701,0.1760217038,-0.26129635,-0.014751301,0.4020195084,-0.146915775,0.1059328259,-0.038433184,0.4534344911,0,2.7878021788,-0.203888473,2.7217264171,-0.209602998,2.0690646125,29.628034078,0.1697356532,0.0,0.0,1,0.0990571825,1,0.0,0.6970136849,3.0,-0.060731382,-0.023358873,0.1531431233,-0.306394464,0.1857864485,0.4751018389,-0.048913204,-553.8869956,0.0943163074,14.275761019,0.0139821197,-0.057947755,-0.109266057,0.0201105671,0.1273228367,-0.059831574,0.0,-0.00951049,0.8101189062,0.016876583,6.0,15.215212114,0.1705147267,2.8093441672,0,-0.075760491,0.0195058845,0.0091260612,0.0232954617,0.3817930036,3.2292454012,7.097138e-10,1.4163863e-08,1.1611624164,1.3482981573,0.0919646984,0.0380998485
91611,1.124116926,0.0887485621,-1.010294918,0.0,0.3794286223,0.7583899327,0.0867603932,-0.02310786,0.1561276513,0.0078587436,-0.287110278,-0.041750769,-0.715691906,0.1522651896,0.0417507689,9,0.0157979815,0.2494845361,0.0250303038,0.6830963698,-0.049404052,0.1709122059,-0.008677714,0.052995699,0.1164460084,0.497637827,0,3.1869730775,0.3344114352,2.5574919888,0.2420034987,1.6419039579,15.081968234,0.3161465437,0.0,0.0,1,1.1599789095,0,0.0,0.2364380051,6.0,3.1125439445,-0.020876362,0.0822440058,1.9392713844,-0.822602157,-1.903458498,0.2439139964,-646.7842521,0.0446872923,15.557617634,0.0086028565,0.0513415655,0.0692889177,0.08830126,0.2619128685,0.0434741177,2.0,0.0416374269,1.204800208,0.1563697988,4.0,17.066412092,0.0220204994,4.6302932499,0,-0.101630079,0.0217103306,0.0262189891,0.0286639456,0.4426547393,13.40613095,1.196528e-10,4.3140718e-09,1.9194139503,3.6841499124,-0.016995465,0.0594066864
91742,0.9538052509,-0.649084493,-0.39279661,0.0,0.2369083227,1.0962351042,-1.096162478,-0.27622529,0.3627050166,0.84375,-0.607215241,-0.084209939,-0.183957089,-0.529680799,0.0842099389,9,0.0175228103,0.09375,0.0136084284,0.361696095,-0.144929705,0.3182389937,0.0880636017,0.00615651,-0.000746083,0.5590692451,0,3.7376985664,1.9660295059,3.1944982565,1.8612184526,2.2578226858,9.132498352,-1.356423818,0.0,0.0,0,,0,0.0,0.624803117,4.0,46.754427457,-0.075811306,-0.11487324,-7.866597425,-0.375362068,-0.42660587,-9.223719573,-5534.728157,0.0248274717,9.9414651953,0.0,-0.305513595,-0.404417707,-0.124335116,0.5870141343,-0.043313364,0.0,0.0,0.0737675558,-0.071961125,2.0,10.458098535,-0.772940241,3.3396714957,0,-0.25352422,0.1827957183,0.0541161406,0.0738869762,1.2609939452,61.413279121,1.2652208e-07,2.9780391e-09,0.9819563931,0.9642383579,-0.107493318,0.1140589189
91615,0.3378089897,-0.48108486,1.6215659583,0.0,0.077982188,0.0503226841,-8.489155066,-0.134752038,-0.732236272,1.251001596,-0.315615142,-0.089507349,-0.083383144,-0.440970492,0.0895073487,9,-0.090094699,-0.306122449,-0.480904709,0.0518888133,0.3498436418,1.1118421053,-0.049902167,-0.184344379,-0.078537111,0.9087122109,0,5.2434948675,0.2874420635,5.1036046789,0.4943910283,0.1396787389,4.8526863085,-4.918250773,0.0,0.0,0,,0,1.0,-1.259829395,2.0,43.71534004,-0.051560884,-0.514745689,-8.482593686,-0.190029714,-0.42660587,-9.198322476,-5491.725046,0.0248274717,10.635876587,0.0,-0.115320334,-0.135229302,-0.009990928,0.8089511754,0.4473984508,1.0,1.1243243243,-0.623694842,-0.111057421,2.0,9.2819724119,0.0396375969,0.1600846347,0,-0.25352422,0.0419580862,0.0286807622,0.0488417978,1.3286472782,0.9790757468,2.8332701e-06,1.3135358e-07,2.2930224209,5.257951823,0.3532533084,0.1399681938
12049,0.4918734615,0.0887082506,2.3330773203,0.0354778396,0.1178899614,0.6301862518,0.3955278456,0.2141591188,0.6026160989,0.0074564421,0.2933740714,-0.210259583,-1.317820868,0.2056098344,0.2102595834,8,-0.001699127,0.1,-0.082514469,0.6707544335,-0.008481102,0.1406887597,-0.047860805,0.1903250008,0.1965939131,0.4821214794,0,2.651728409,-0.327899954,2.2410201554,-0.319124873,3.7241835549,53.18202765,1.0864919934,0.0,0.0,1,1.0,0,0.0,0.7362408172,5.0,74.77710871,-0.144396792,0.0356505784,-0.354222188,0.3911552349,1.9922587322,0.3800099738,-561.6000531,0.1121772916,12.09255914,-0.017640424,-0.00415983,-0.004957507,-0.011782054,0.1503108078,0.0630696768,0.0,-0.011857708,-0.335833415,-0.060014449,4.0,12.61475288,0.4930909982,2.2947770591,0,-0.172615822,0.0720000267,0.0342876485,0.0564641645,0.4293977637,3.6382480174,2.2542718e-08,9.4730311e-09,0.6955139678,0.4837396794,-0.340502872,0.0740815435
92054,0.3402817733,-0.223751363,1.9559390449,0.0,0.3272907004,0.2678983047,-0.580891317,0.0988427193,0.0496549515,0.0034926609,3.5744077978,-0.180349659,-0.513880835,-0.108769826,0.1803496588,8,0.0,-0.119496855,-0.011874495,-1.154031358,-0.432569949,0.4022710515,0.0084289614,0.1090540198,-0.365116349,0.6936728942,0,7.7462485571,0.5696325183,7.7462485571,0.5696325183,0.8687283055,25.199084668,-0.567391172,0.0,0.0,1,1.0,0,0.0,0.0303961025,2.0,-0.270410488,-0.067760099,-0.159295733,4.7491274478,-0.367249673,-3.277617903,0.6136481811,-14706.41946,0.0314049921,9.2627738835,0.0,-0.067797872,-0.184922053,-0.018949662,0.3427216578,-0.040812256,3.0,1.1243243243,0.6190508245,-0.197994149,4.0,9.0771664158,-0.200135705,1.010243934,0,-0.107492679,0.2666665912,0.0960807043,0.1321902001,0.7851929353,5.3436225667,1.0001327e-06,1.8895962e-08,2.3835251973,5.6811923664,-0.094722115,0.0817396823
91612,0.0287430611,-0.168586671,243.47172044,0.0,0.4332453005,0.0328034246,0.1422731644,-0.075905138,0.0167644368,0.181675291,-0.05283182,-0.353534306,-1.008600761,0.0014499737,0.3535343056,9,-0.012936629,0.0561797753,0.0888999045,0.133929479,-0.393157025,0.0766029671,-0.010741628,0.0068198641,-0.324088904,0.4901143336,0,0.5655262925,-0.026665905,0.3795918882,0.072837959,12.647661845,5.9982683983,-0.308800719,0.0,0.0,1,0.9337053428,1,0.0,-0.241248769,4.0,1.8312283704,-0.008541481,0.0163808975,4.4375887356,-0.965081303,-2.277617903,0.7238679805,-12084.16791,0.0314049921,14.390086958,1.96976e-05,0.0191211173,0.1076793837,0.0001454762,0.0220727542,0.1799585417,0.0,0.0063694268,-0.007846497,0.0657331566,2.0,13.961558478,0.3600694555,0.8169956954,0,-0.107492679,0.1360543668,0.046758665,0.0701009233,0.4614250599,1.7007877519,5.9987456e-09,3.3460592e-08,2.742396426,7.5207381573,-0.028513869,0.0873186101
88434,0.2537312842,-0.021095822,1.3717662882,0.0,0.1934090552,0.1998567505,-0.089571091,0.6000346756,-0.004984613,0.0134983827,4.4245625955,-0.4505463,-7.759014699,0.1425869716,0.4505462996,9,0.0,0.0833333333,,,,0.0934633632,-0.761094135,0.054744051,0.0407253757,0.9288379332,0,6.2789146637,-0.380150444,6.2789146637,-0.380150444,0.4958885089,,-0.165440729,0.0,0.0,0,,0,1.0,-0.053652962,5.0,,0.5207043639,-0.125289907,-8.566671392,0.1253551133,0.5733941298,-8.614765013,-4721.799647,0.0248274717,12.566514618,0.0012096012,0.0961391205,0.4875488477,-0.168131143,0.489040471,-1.821458212,2.0,0.2130177515,0.1435172707,-0.148397331,4.0,13.74771345,-0.256503841,2.5988634295,0,-0.25352422,0.0783972666,0.0340107624,0.0597642076,0.3756243379,4.0372513899,1.0695711e-08,1.0623791e-08,1.1662924506,1.3602380803,0.3904269204,0.0762513004
91622,0.8227108293,0.0540129773,-19.65303288,0.052251763,5.7937164783,0.2905498294,0.0251114337,0.2798997466,0.0448710878,0.0540074195,0.3167719593,-0.004901919,-0.534812241,0.0828997787,0.0049019188,9,0.0015421079,0.2357142857,0.0862455137,-0.205218915,0.0305960794,0.1237702317,-0.469699902,0.0061269086,0.0690809837,0.5980480142,0,1.0067400748,-0.048310299,0.9891611947,-0.045231798,1.0504436326,0.057829951,0.0122543171,0.0,0.0,0,,0,0.0,0.301423828,5.0,0.0046889757,-0.000648947,0.1919642517,-0.097512072,0.2826993871,,0.0033621375,-5359.942042,0.0286434127,11.922472247,0.0002230983,0.0024522692,0.0208359578,0.0110336353,0.0506303745,-0.003914384,3.0,0.0008857396,-0.385970581,-0.024344971,5.0,10.895148438,0.1062255518,0.3035077693,0,0.0654744878,0.0284281056,0.0114348499,0.0226902266,0.6878422755,1.3218781068,3.7029716e-08,5.0762856e-08,0.0932295205,0.0086917435,1.2975336118,0.0218226262
91501,0.8940565526,0.0416505702,-45.19026259,0.0351552158,4.6692601664,0.215607137,0.0201605156,-0.019707654,0.0303092721,-0.028399737,-0.025923629,-0.004728573,-0.637949969,0.0682215501,0.0047285729,9,-0.00310957,-0.026143791,-0.034085476,-0.03940963,-0.00629107,0.0741133999,-0.071074194,-0.00343357,0.0140891351,0.4948621051,0,1.0455732404,-0.046393847,1.041620488,-0.041889818,2.4645326207,0.0585675511,0.0095528128,0.0,0.0,0,,0,0.0,0.1951033914,5.0,0.054838142,4.7594e-05,-0.069893825,-0.026166348,-0.003850321,,-0.011316091,-5301.726812,0.0286434127,12.35435031,0.0003563815,0.0021358386,0.0133937047,-0.000834908,0.0065626317,-0.001971555,0.0,0.0023041475,1.4971816211,0.006241126,3.0,12.0632276,0.0802479192,0.5618999065,0,0.0654744878,0.0160041023,0.0078967135,0.0159340586,0.7066309118,1.7995598617,2.5205838e-08,5.5639039e-08,0.2364822901,0.0559238735,0.0212218008,0.0155402137
91625,0.2952828819,0.0914208929,2.3878626479,0.0,0.2354068574,1.049359612,0.2387132524,0.4294793002,1.157569893,0.0352542373,0.3452063915,-0.069001895,-0.34037808,0.1225385609,0.0690018946,9,0.0545771616,0.1928838951,0.2639457373,0.2626003453,-0.053973347,0.3316473988,-0.556734328,0.0538745194,0.5046257359,0.6832778682,0,2.0264973082,0.0771112762,1.5146366083,0.1297325125,5.3055814638,8.0674777935,0.4672344452,0.0,0.0,1,1.0,0,0.0,2.1889872854,5.0,0.8735601707,0.2314769326,0.0685135925,-0.040155543,-0.701609625,-0.678464397,0.0899462333,-2051.925689,0.0772902197,11.386673229,0.0411086418,0.0098702479,0.0219059891,0.0667661889,0.2077505487,-0.010669572,0.0,-0.015779093,4.5701102029,-0.272272373,3.0,10.726098136,0.1857530489,0.4990039436,0,-0.045482084,0.0860103592,0.0240412709,0.0382945201,0.4900093732,1.3577677139,6.0889235e-08,3.9182565e-08,1.5895048319,2.5265256105,-0.122550696,0.0796403551
90077,1.8352533795,-0.09836471,-2.122992153,0.0486305996,9.1170197586,2.1184371997,0.0189999712,0.3657464425,0.0204525012,0.0139770425,0.5396820297,-0.026122968,-2.591489362,0.1565463903,0.0261229679,9,0.0356027312,-0.25,-0.032077473,-0.163964929,-1.22276476,0.9591304348,0.4021736036,0.0369381213,-0.063313265,0.6489930189,0,5.1985986605,-0.040603666,2.5865842349,0.5408676997,0.4886595042,4.8051096151,-0.007499905,0.0,0.0,0,0.0,1,0.0,0.0006409011,5.0,1.559957843,0.0195476335,-0.337860572,1.4007097789,-1.847473259,-0.111916426,0.1285418561,-7032.865264,0.0558672041,9.4510314241,0.0005741834,-0.001297756,-0.011263022,0.1036182625,0.3678797386,0.0038658186,0.0,0.0314999518,-0.340131388,-0.060778347,2.0,8.3761223944,-0.220261385,0.2888761687,0,-0.168614603,0.0801270455,0.0334480261,0.0448212722,1.484564445,0.6321276396,1.6972e-05,2.0000001783,0.4814549948,0.231798912,0.7404071875,0.0698296257
92773,0.3787260856,0.0527056484,1.7117316391,0.0064601055,0.5486216033,1.7409938485,0.1056833655,0.0575753336,0.2802550317,-0.000193907,0.007905005,0.0250291413,0.4283836848,0.0301274085,0.0250291413,9,0.0164625234,-0.045486651,0.073023629,-0.033310092,-0.110424374,0.2152370216,-0.022735563,0.0975717931,0.1419214578,0.5635810219,0,1.622578468,0.0582527477,1.3202491707,0.0314314066,12.238828561,6.1834774825,0.1856654394,0.0,0.0,1,1.0,0,0.0,0.7247525898,4.0,-0.377070921,0.0872871899,-0.098839696,-0.201559286,-0.091476368,0.4131804124,-0.265892976,248.11011026,0.1700891678,14.006913296,-0.002934395,0.0176057088,0.0416218666,-0.061902688,0.0773571375,-0.017600548,2.0,-0.000558347,-0.010825343,0.0486663221,4.0,14.206100953,0.1378436884,0.9645496922,0,0.0482077756,0.0263840258,0.0197565897,0.0300519497,0.4528460963,1.890916617,4.0077473e-09,2.5624889e-08,1.8459869431,3.4076677941,0.0531029792,0.0407325923
91516,0.2303373061,0.0361953554,6.5560772801,0.0,0.6944895112,0.8925703682,0.05163369,-0.10642529,0.2443598711,0.0132152113,-0.127618793,-0.038676034,-1.047058824,0.0740940217,0.0386760339,9,-0.016730644,-0.149425287,-0.075223354,0.0879652939,0.0492564275,0.1217996988,0.2372167569,-0.029623534,-0.035799168,0.4146113115,0,2.0909559392,-0.028083942,1.2264880186,0.0033126156,13.574203994,12.545137157,0.1101773598,0.0,0.0,1,0.9945164506,0,0.0,0.9864824718,5.0,0.4210785112,-0.059881183,-0.160047572,-0.127518755,-0.320336633,0.1232658171,0.0031572915,43.464896833,0.1711251104,14.632669008,-0.002927381,0.0074118665,0.0263615683,-0.12979407,0.0960881829,0.0279406655,2.0,0.0010473398,0.3522611294,0.0659130178,4.0,15.689469811,0.0342369308,2.5439700078,0,-0.067940389,0.0239865687,0.0110260934,0.0221887142,0.4231880835,4.141401305,4.098293e-10,1.080908e-08,1.1088608466,1.2295723771,-0.018073558,0.0282995028
91683,-0.082797398,0.0653566807,23.489859895,0.0,0.6650492009,1.0659880428,0.2560659424,0.0317137223,0.9349144053,-0.020792924,0.0063718277,-0.031859767,-0.279471004,0.0836219779,0.0318597666,9,0.0275366339,0.0313068802,0.0215385755,0.0967466973,-0.001282922,0.3300424225,-0.013510271,0.0516331991,-0.141857296,0.3983496477,0,2.4142859758,0.0135505972,0.6139691153,0.032197163,27.380732373,42.09308172,0.1360723543,0.0,0.0,1,0.0011836545,0,0.0,-4.428422697,5.0,-1.658929137,0.0265984503,-0.314014584,-0.604748453,-0.962031281,-3.39269878,0.0875432282,-3731.63757,0.1266995565,15.339388217,-0.000594097,0.025657713,-0.295429208,0.0055443656,0.0668646278,0.0179287564,0.0,-0.000421053,1.1823454693,0.0474025141,6.0,16.016156726,0.5823176167,2.3197073873,0,-0.152504436,0.020116834,0.0131993453,0.0204756744,0.2842972387,3.0606315216,2.659339e-10,1.1643413e-08,0.3847413101,0.1480258757,0.1926022269,0.0290280444
91668,0.2667375785,0.0510875275,5.2328648856,0.0,0.0418818581,0.1962075058,0.3914745396,0.1410372629,0.4241002774,0.0084535249,0.2332435252,0.0179041179,0.1014742199,0.0459034605,0.0179041179,9,-0.001488489,0.0821428571,0.187950015,-0.190709561,0.028384458,0.121941821,0.0680653715,0.0316938305,0.1277973725,0.7145041015,0,7.3220397297,-0.068113515,5.9211877944,-0.034313838,1.4743502825,5.3793402232,1.5726494003,0.0,0.0,1,1.0,0,0.0,0.4845010986,5.0,3.1221985705,-0.003970683,-0.085097673,1.0818920368,-0.484708137,-0.886966551,0.1375522674,-1195.611807,0.0446872923,15.339192247,0.0036688409,0.0470513832,0.054022942,0.0109459653,0.4624465455,-0.033328236,7.0,-0.000789785,2.036152117,0.0864782929,5.0,15.648123426,0.116303355,1.5072911564,0,-0.101630079,0.0459513329,0.0380568705,0.0252980118,0.6023330106,7.9948713098,4.114536e-10,1.3755534e-08,1.33347456,1.7781544022,0.1898120612,0.0364025876
91606,0.17167484,-0.075549205,,0.0,0.0422148052,0.0,-2.951856649,0.7307055577,0.0,0.27683668,1.1779341543,-0.07410722,-0.165516797,-0.063044543,0.0741072202,9,0.0,0.7142857143,,,,0.3802816901,-0.291293214,0.0020102483,0.6475153102,0.9523659698,0,7.4855678907,-0.36733352,7.4855678907,-0.36733352,0.0,0.0,-2.448714907,0.0,0.0,0,,0,0.0,0.0,2.0,,-0.029412831,0.5056624742,-8.648727836,5.6821776143,-0.42660587,-8.820396527,-5342.082527,0.0248274717,10.939377991,0.0,-0.065103824,-0.070852975,0.0,0.9734194038,13.766666667,2.0,0.0066666667,-0.105032195,-0.049970942,3.0,11.856831891,-0.784810141,2.9316286759,0,-0.25352422,0.0710348636,0.1131541982,0.0791083503,0.8253419834,35.594365808,4.4741238e-08,5.7393652e-09,1.004004402,1.0080248392,0.4162896961,0.1045403539
91613,0.1048914894,-0.73239075,2.0669793442,0.0,0.619790026,0.2632075667,-1.632884375,-0.122369561,0.1024379077,0.3458904801,0.0366506334,-0.206350036,-0.218412418,-0.572427515,0.2063500357,9,-0.012383092,-0.011695906,0.1479802143,0.1466114228,-0.176662385,1.0975085911,0.3550453646,0.0082408149,-0.539642095,0.7022658407,0,4.1101119471,-0.148822071,3.0556065333,-0.158319592,0.7356326176,3.8068736575,-1.146281697,0.0,0.0,1,1.0,0,1.0,0.0874614838,2.0,-9.536148194,0.0684467297,-0.094258058,0.0775333462,-1.224741681,0.1809489431,-0.499234273,-3040.037884,0.0318276958,11.250490045,-9.4243e-05,-0.157314259,-0.463410213,-0.009780334,0.5518325564,-0.028170089,1.0,0.0957446809,-0.128415334,-0.033819675,4.0,10.305793636,0.7288180551,3.2415832895,0,-0.095378135,0.3387096822,0.1131541982,0.1058008292,1.0934716344,23.539855778,1.5517227e-07,7.5419928e-09,1.8316160513,3.3548173594,0.3696160748,0.1083801239
92456,0.1701865153,-0.179854445,3.6070754392,0.0,0.0637171146,0.0132190818,-13.77421845,-0.15999766,-0.732236272,0.0993732581,-0.455488272,0.1179219788,0.1679648583,-0.210063672,0.1179219788,8,0.0,0.0178571429,-0.334290402,-0.668905787,0.5226276754,0.2834645669,0.0920759183,-0.014800515,0.0541849554,0.9507159273,0,5.8073316283,-0.227928031,5.8073316283,-0.227928031,0.0621196463,2.3386167147,-1.957818837,0.0,0.0,0,0.0,0,1.0,-1.445537561,1.0,46.624054497,-0.056723198,-0.190766097,-8.650216161,0.1202728524,0.5733941298,-8.967415656,-5424.588897,0.0248274717,12.176902325,-0.000747556,-0.17810247,-0.303938997,0.001124275,0.932664335,0.0751264492,0.0,0.0,0.2332864121,-0.049776093,2.0,13.419496894,1.3574927177,2.6168355756,0,-0.25352422,0.1285714209,0.0392427976,0.0667800236,0.3679837917,2.9337700298,1.9514521e-08,1.4079673e-08,1.0500474875,1.102599726,-0.205271589,0.0981893152
91571,0.5387394552,0.0357805324,1.1856773108,0.0,0.3818119084,0.4383706842,0.1012120109,0.5084850709,0.5909579816,0.0296526868,1.8520787109,-0.09616055,-2.057020767,0.1093818307,0.0961605505,9,0.0649293972,-0.053954176,0.4393131785,0.5306051861,-0.06936523,0.1033604158,0.440655991,0.1960151924,0.1298624642,0.5579807588,0,4.6502431781,-0.035421246,3.9435848326,-0.135658701,1.6047757746,7.4784934625,0.2613431635,0.0,0.0,0,0.0,1,0.0,0.7343316626,3.0,47.60186453,0.0180789114,-0.262577416,-8.281663221,0.0787888325,0.3917869724,-8.647970153,-4520.522657,0.0248274717,14.243603487,0.0140229221,0.0446167432,0.0748562475,0.0184359809,0.3161319259,0.0035706375,2.0,0.0098280098,0.6038839145,0.0392283611,6.0,15.031331424,0.1152775102,2.260885483,0,-0.25352422,0.0521553755,0.0194943203,0.0288927499,0.3600863821,4.2791711872,1.0827168e-09,9.7353612e-09,1.0854241281,1.1781455379,0.1378245119,0.0374089676
91616,0.1536707077,-0.500870768,1.5416115843,0.0,0.3752378819,0.6250708272,-3.244780098,-0.081074965,0.2741725601,0.3059541793,0.0807540799,-0.529527965,-0.583837202,-0.20844378,0.5295279653,9,-0.043635935,-0.080645161,-0.167172857,0.6086183476,0.2250204882,2.2442748092,0.7379445168,-0.044639321,-0.327106802,0.8471050363,0,2.0147587269,-0.316782935,1.7734856263,-0.281797481,1.6350085179,17.593950504,-1.307099391,0.0,0.0,1,1.0,0,0.0,0.3520604591,3.0,2.7680218925,-0.037687949,-0.247885692,0.968825166,-0.549160884,-1.065658247,-0.116794974,-5088.463687,0.0446872923,11.048279951,0.0,-0.245597988,-0.811535723,-0.150080289,0.8031169144,0.0676153321,0.0,-0.071428571,0.8116594003,-0.150361672,2.0,11.493200096,1.3574927177,0.9572224615,0,-0.101630079,0.037313398,0.0241818284,0.0448026629,0.5046005861,0.9163706687,1.8490846e-07,5.0461969e-08,2.4498193766,6.0016149779,-0.299997527,0.1416565524
92589,0.3263625465,0.0189275932,8.2590083799,0.0,0.1719663851,0.2625723464,-0.027067993,0.5813114578,0.1418208872,0.2502364034,-0.037078623,0.0748037468,1.6074484557,-0.011497537,0.0748037468,8,0.0235731351,0.2,0.8006791064,0.2285549308,-0.81687495,0.0657539097,-0.749659197,0.3060492298,1.3900887875,0.4576230852,0,1.395480454,0.5111309925,1.2400807062,0.5170607792,4.3227272727,2.2246340826,0.157012175,0.0,0.0,0,,0,0.0,0.2879831914,5.0,4.0547621365,0.112038994,0.0925153702,-0.183490353,43.250901134,-0.474060603,-0.052595704,-9839.694986,0.0588548821,12.745168191,0.0009723377,0.0059527288,0.0102062152,0.0256401677,0.0744685481,-0.440434878,0.0,-0.045387396,1.6684836591,-0.079602305,3.0,13.845170299,-0.015538112,2.1500104844,0,-0.156910843,0.0531915016,0.0249943156,0.0394586996,0.574016311,6.7111132073,6.3077633e-09,1.0556955e-08,1.9780636294,3.9127357218,-0.046727551,0.1009051647
14880,0.7975077882,-0.605664118,-0.055389628,0.0,0.3753610875,0.33990371,-2.329037657,0.7211370626,0.2850137146,-0.354219247,-0.499660249,-0.024802981,-0.037968765,-0.582667799,0.0248029812,3,0.0317673651,0.6428571429,3.499465812,0.5630450896,0.0923670404,0.9459148446,-0.630929179,0.1199401546,-1.95070898,0.8065166852,0,4.5541601256,-0.062275929,4.34144427,-0.08315202,0.4073445561,4.0519918974,-0.993458132,0.0,1.0,1,0.1068872987,1,0.0,-0.19756921,5.0,58.302294971,0.2124814779,0.4342339028,-8.022894888,2.9901486288,0.5733941298,-9.223719573,-5529.710957,0.0248274717,9.3612878528,0.0,-0.261806131,-0.550174106,0.090967426,0.3447239955,-0.125907359,2.0,-0.014717786,-0.691538747,-0.062086399,5.0,10.081533292,,1.8440688209,1,-0.25352422,0.2173913121,0.0572179974,0.0715410243,0.7806518465,13.25419834,4.528235e-07,1.2367428e-08,2.8185037698,7.9439635005,-0.087831852,0.1297775898
92252,0.0742036477,-0.094765751,7.8834847054,0.0,0.0507770884,7.95682e-05,-6.06557377,0.5372411662,-0.732236272,0.1271602085,0.1026736995,-0.443460961,-0.482655,-0.049026588,0.4434609607,9,0.0,0.4,-0.744329897,-3.701815015,1.2187222387,1.1594684385,0.0932130992,0.0106624086,1.1048942742,0.9331398271,0,7.0246944375,1.3666829094,7.0246944375,1.3666829094,0.0006902565,0.0840707965,-1.927252281,0.0,0.0,1,1.0,0,0.0,-2.222380613,3.0,-355.6597549,-0.036452773,0.1913767599,-8.746199028,1.012844281,-0.42660587,-8.806378572,-5308.577157,0.0248274717,10.919196419,0.0,-0.21378735,-0.387784579,-1.7861e-05,0.85843345,-9.4,0.0,-0.010555558,-0.41062787,-0.039823677,3.0,10.067867874,-0.189750188,0.2805375444,0,-0.25352422,0.0655262247,0.0439725977,0.0789527244,0.4578904922,0.7323605425,4.4115282e-07,6.8167604e-08,2.1978740026,4.8306501313,-0.038324748,0.0992349533
91674,1.0741718281,0.0177532443,-1.509613604,0.0,3.6364690583,0.2562657524,0.0302955451,0.0783118087,0.0308225103,-0.041903862,0.0901016803,0.0448039543,7.1399454114,-0.185638205,0.0448039543,9,0.0685649526,-0.02970297,0.0454915259,0.0281090463,-0.1225118,0.4545454545,,0.0712803636,0.0402249233,0.6879976044,0,,,,,0.9134148454,0.0660072403,0.0052366654,0.0,0.0,1,0.9200468001,0,0.0,0.0298891612,2.0,-73.70774274,0.0002070668,-0.072935032,0.3081232473,-4.294043277,0.3348735504,-0.664096008,-2939.990904,0.1473165608,13.035209302,6.98828e-05,0.0014663957,0.0078219956,0.054454716,0.0651449534,-1.3166e-05,3.0,0.0,-0.335153966,-0.060586638,3.0,11.207656309,-0.005543008,0.1712241086,0,-0.258063742,0.0608035214,0.0264547441,0.0511192658,0.3282135251,0.1892246235,9.5007622e-08,1.9052352e-07,1.7348540396,3.0097185388,-0.047055143,0.0560251654
91658,0.3458466155,0.0536855568,6.4038704924,0.0164891258,0.5679318969,1.0957336161,0.1271768706,-0.069477596,0.3830979942,-0.017375093,-0.086882618,-0.062428929,-1.103692086,0.1129378811,0.0624289292,9,-0.015390367,0.0385826772,0.135137867,0.1475024784,0.0232271481,0.2055242188,0.1594777901,0.0003316677,-0.03925995,0.4153737158,0,2.5980623265,0.042133945,1.4884893169,0.0143872924,17.258215271,7.2740073644,0.1624310745,0.0,0.0,1,0.0407812916,1,1.0,1.0018898538,8.0,7.1275001459,0.1121000449,-0.099623019,-0.019766791,-0.56307045,0.4917715222,0.1052468382,-3702.820959,0.0410566741,13.521594454,-0.007685698,0.0153406507,0.0404607802,-0.032532195,0.075446725,-0.005542028,4.0,0.0012975779,0.1991142976,0.0557411052,6.0,13.486469038,0.0815385747,1.1541907329,0,-0.131569503,0.0251798835,0.0127681121,0.0222583907,0.4526132876,2.9116904081,3.2848435e-09,1.8922141e-08,1.4374829714,2.0663572929,-0.031360704,0.0313364638
91678,0.400914447,-0.143442587,2.5897464775,0.0,0.9892070527,2.6069881983,-0.015917237,0.1211481087,0.3063059782,0.5110638667,0.0419578479,-0.151168015,-1.38583834,0.0553456495,0.151168015,9,0.0036944932,0.1657142857,0.0441186888,-0.13353331,-0.033291474,0.2058333287,-0.067610681,0.1409944731,0.3799155484,0.3412617049,0,0.7841364188,0.3850296592,0.6430603628,0.4683902581,32.644785825,107.40387597,-0.004635642,0.0,0.0,1,1.0080189631,0,0.0,1.0636884099,4.0,-0.041216489,0.0432155682,0.0859235127,0.146443564,-0.111802548,0.2532562121,-0.008908201,-3871.018862,0.0885157098,13.119092985,0.0067945024,0.0176427149,0.0778504291,0.0907899764,0.1689381307,-0.015610624,3.0,0.0092436975,0.3662503861,0.0209289286,3.0,13.852101364,-0.118061883,1.6366808083,0,-0.101596569,0.0110595599,0.0088623062,0.0207401946,0.3274647676,1.9699937412,2.9410372e-09,1.737407e-08,0.9545894652,0.911241047,-0.079287923,0.0420716018
91754,0.2624606441,0.0398232153,2.5450307281,0.0330549447,0.5975738393,1.351185324,0.1308339637,-0.040786708,0.6111571843,-0.009697753,-0.040628784,-0.006050145,-0.134185821,0.0451669262,0.0060501454,8,0.0,0.0611764706,-0.006469746,-0.070055354,-0.010921458,2.1198964922,-0.08867709,0.0131046513,-0.058414079,0.4393231671,0,1.9342528982,-0.129316408,1.9342528982,-0.129316408,7.5777962548,5.0942208613,0.1431423501,1.0,0.0,1,0.9305336408,1,0.0,1.9253058298,6.0,-10.11949295,0.1016250133,-2.380289678,4.0404834133,-0.673194669,1.6439539501,1.0397392041,-4079.285918,0.0288563477,11.884860653,0.0012590186,0.0144225699,0.041653001,-0.012783242,0.1155794756,0.0004921933,3.0,0.0,0.9379707201,-0.014586501,2.0,10.958374695,0.183323932,0.2708009459,0,-0.111549313,0.0397021919,0.0167939153,0.0324604163,0.4736497067,0.6340825218,7.2165918e-08,8.8030313e-08,1.2715489234,1.6168366645,0.0710256417,0.0534086354
91666,0.0806851476,-0.069158027,6.8755132915,0.0,0.3223039216,0.5101795507,-0.171482048,-0.038148177,0.8162634062,0.021418637,0.0529520946,-0.160986644,-0.956684093,-0.002995643,0.1609866444,9,0.0086371374,-0.191919192,-0.019146574,-0.083686438,0.0133996827,0.5100975409,0.2266789522,0.0059732604,-0.285191348,0.4922344134,0,0.8688365315,0.0259419067,0.8186879916,0.0099760918,5.8707585909,5.3644038509,-0.109135197,0.0,0.0,1,1.0,0,0.0,3.0292845258,5.0,-10.06780139,0.175550273,-2.633385341,3.8587079169,-1.670265613,0.1119278668,0.9915766352,-4021.445558,0.0288563477,12.006848218,0.000299105,-0.040868951,-0.232765558,-0.005615889,0.2181489875,-0.031427097,2.0,0.0033222591,3.1082164666,0.0031009652,3.0,11.917882488,-0.061498063,0.7205476324,0,-0.111549313,0.0509258769,0.022600043,0.0413302304,0.4272510816,0.7999185194,9.0555181e-08,6.2059737e-08,1.6328318022,2.6661396942,0.1363223692,0.0568036545
91650,0.3350125014,0.0444220008,14.354883721,0.0379352391,0.960040727,0.2423503426,0.0470171407,0.0151194346,0.0811141264,0.0014925373,0.0188218892,-0.03371169,-1.052680222,0.0911841624,0.0337116896,9,0.001479881,0.0172413793,0.0697716564,0.0697716564,0.0314429185,0.0356838661,0.0089936684,0.0240062028,-0.039321874,0.3900028202,0,0.6122341822,0.188281529,0.5300603833,0.1776204005,27.455813953,4.4184131737,0.0810600829,0.0,0.0,0,,0,0.0,0.2380503885,8.0,-0.76122248,-0.085127283,-0.24183383,9.0552312143,-11.48885404,-0.515386786,0.0001736734,16615.070401,0.0257826007,16.899793353,-0.000176465,0.0052657063,0.0221543163,-0.005896371,0.0101626627,0.0782913417,1.0,0.0,0.0489213444,-0.014559234,5.0,17.344219036,0.3404430284,1.7330929246,0,0.080304809,0.0353097767,0.0203719975,0.0214744185,0.3619936659,3.7139806122,1.004105e-10,1.3188651e-08,0.9322779133,0.8691421077,0.0900430745,0.0284495048
92035,0.9708410227,-0.198992825,-0.651858726,0.0,1.5433412859,0.9520068498,-0.073682283,-0.072388916,0.0960482508,0.0093885681,-0.050589342,-0.011324664,-0.152288114,-0.168688583,0.0113246639,8,0.0007248979,0.0405904059,0.2169373714,-0.515716406,-0.276132598,0.0953936558,0.0997253316,0.0483682597,-0.149922654,0.5290028102,0,3.4409413448,-0.206906787,3.1523155119,-0.222999777,1.9414408502,3.1039198802,-0.056872071,0.0,0.0,1,0.0232263036,1,0.0,0.1472991146,2.0,-0.017288371,0.1393933543,-0.095596306,0.4522960718,-0.005053993,-0.024003774,-0.247204703,-6603.010737,0.5457032371,12.616320528,-0.000888789,-0.021587154,-0.061707273,-0.027387682,0.1625946138,-0.011127218,2.0,0.0111111111,0.3584885223,-0.138955537,3.0,14.084904602,-0.066247101,3.3405440963,0,-0.191138643,0.0897436589,0.0396726969,0.0526624606,0.3344316841,5.8788938281,5.5240568e-09,6.0230136e-09,2.4933200734,6.2166449884,-0.011873427,0.0770329816
14548,0.6196719097,0.0800349213,1.7647684694,0.0,0.0327491536,0.7126143418,0.259240011,0.893248212,1.1246110954,0.1120889688,-0.301662708,0.1414147057,0.8808281141,0.0095379125,0.1414147057,3,0.14485022,0.3536585366,0.4460612568,0.3796801005,-0.061816964,0.1259163433,0.6007799464,0.4478160734,1.0814742061,0.6895379887,0,20.631395349,2.4123920608,13.790697674,2.369880996,3.6181689643,5.4088987529,1.6230229252,0.0,0.0,0,,0,0.0,1.3017632477,3.0,7.0881568333,-0.463699897,0.21545284,0.2540585032,0.7484398804,0.1610635759,0.0018468696,-4379.192369,0.0410566741,10.788555103,-0.018503011,0.0166666667,0.0174887188,-0.149105718,0.4044296505,-0.076243607,2.0,0.0208333333,-0.176475978,0.0017178161,6.0,10.291179342,0.2303031008,0.314693806,0,-0.131569503,0.0439560004,0.0275881759,0.0586542943,0.7719328423,0.578758961,1.3043115e-06,1.3647339e-07,1.973252283,3.8937245726,0.0512811792,0.0937767309
91743,0.7328361028,0.0663965053,-136.2568841,0.0559377321,4.0139081298,0.2138201901,0.0270754143,0.0677870836,0.0368868225,-0.032682037,0.0847340457,0.0002217682,0.0153511577,0.0653772421,0.0002217682,9,6.43744e-05,0.008583691,0.1286203186,0.0278500783,0.0067092575,0.0647910748,-0.006469151,-1.1146e-05,-0.01638254,0.5952051147,0,1.4140457942,-0.115212265,1.4119777637,-0.11515799,9.9835415427,0.0548002113,0.0175571078,0.0,0.0,0,,0,0.0,0.2200907481,5.0,-0.002108973,0.0018852263,-0.026055623,-0.11572753,43.250901134,,-0.021011448,-4395.889517,0.0286812661,13.56834465,0.000386388,0.0037622295,0.0243688064,0.0066602157,0.0029292384,0.0013661772,0.0,0.0038412292,0.2585165901,0.0013387913,4.0,13.771919672,0.0637352381,1.1118400638,0,0.0654744878,0.0161002055,0.0084541864,0.0149906379,0.3056537631,1.4623592906,2.0099074e-09,2.1180267e-08,0.6367910984,0.405502903,0.0088748396,0.020151769
12088,0.834356926,0.0390906251,-37.96314458,0.0108667631,6.320874315,0.3010120678,0.0187790315,0.2032038107,0.0473691726,0.002883906,0.2268890397,-0.00045509,-0.076266584,0.0420719335,0.0004550905,7,0.0030879487,0.0897959184,0.0696080439,-0.1521939,0.0146523719,0.168497983,0.9121170261,0.0050969252,0.0496865497,0.5172366128,0,0.8898422452,0.0475944655,0.8770991393,0.045612332,1.9313095933,0.0631188268,0.0120925275,0.0,0.0,0,,0,0.0,0.3543953633,5.0,-0.047411821,0.0009915837,0.0460458844,-0.085865975,-0.020979811,,-0.037465708,-5168.761822,0.0286434127,12.866638291,0.0003602357,0.001955497,0.0170835374,0.005347415,0.0234377704,-0.069759106,4.0,0.0,-0.093333925,0.0361514464,3.0,12.663322046,-0.070837272,0.6591410139,0,0.0654744878,0.0296191871,0.0109164739,0.0246490687,0.7574795694,2.6988777147,1.1381248e-08,3.6593113e-08,1.0095567516,1.0192048347,-0.035262602,0.0267257486
92449,0.0460690585,-0.009762808,67.03637122,6.47401e-05,0.1741249857,0.5622289656,0.0025549947,0.1594006373,0.9231134314,0.0112203049,0.1835944376,-0.111149487,-2.347480106,0.0131551893,0.1111494866,9,0.0008163522,1.6666666667,0.1647219763,-0.001866918,0.0466847324,0.1332020997,0.1033324486,0.1022442199,0.0804737322,0.505374386,0,1.2375161429,0.0703881858,0.5588678433,0.3097943179,45.278415016,17.3688,-0.011688835,0.0,0.0,1,0.8383060635,0,0.0,3.8937139387,6.0,24.420419455,0.1170747046,1.4740690676,-0.148327124,-0.749498011,0.0515341003,0.0164911689,-10880.27293,0.0457936334,10.991310394,-0.000170078,-0.119389978,-0.751600122,-0.026761481,0.0596666997,-0.009346939,0.0,-0.787671233,1.6572978314,-0.077755184,3.0,10.038557652,-0.094223032,0.3249898867,0,0.0957318355,0.0275423992,0.0171212547,0.0327439229,0.5709548527,1.1156006797,1.7637233e-07,6.2507124e-08,1.0429424734,1.0877290028,-0.557187898,0.0596822228
91883,0.1876649006,0.0475661317,23.901623762,0.0200709871,0.9481375061,0.5342582944,0.1008997698,0.0047231372,0.1704472479,0.0104354084,-0.020374583,-0.089259512,-2.126538651,0.1487173492,0.0892595119,8,0.0,0.0620155039,0.031283906,0.0365249961,-0.332693313,0.210819262,-0.032583112,0.0607586021,0.1541120553,0.2049480423,0,0.5150100067,0.2553368913,0.5150100067,0.2553368913,32.265912306,24.037934668,0.1320620951,0.0,0.0,1,0.0033478701,0,0.0,0.9806999856,7.0,-0.175538981,0.0032343932,0.0222166261,4.5965105751,-0.109096018,-2.766961647,0.871135356,27868.713089,0.0314049921,17.916299797,-0.001665433,0.0089391646,0.0513634227,0.0040946829,0.0099546397,-0.022157324,0.0,0.0002787534,-0.283477388,0.033212225,6.0,18.372367757,-0.099537709,1.6507646033,0,-0.107492679,0.0406056494,0.0116038203,0.0151624689,0.5007129785,5.4920247253,1.717227e-11,1.1768042e-08,0.6420457222,0.4122227094,-0.223966994,0.0270100253
91822,-0.467861017,0.0158720407,21.220850997,0.0957060362,1.4214952227,0.4666853744,0.2222515856,-0.071114026,0.2604703457,0.0039645243,-0.010960936,-0.101520377,-7.798507463,0.1396502681,0.1015203769,8,0.0,-0.018151815,-0.148660328,-0.107813127,0.0187698746,1.4151785714,0.3619763695,0.0001873887,0.1521309625,0.1389408917,0,1.6082089552,-0.203467128,1.6082089552,-0.203467128,11.225071225,3.1072555205,0.0373731096,0.0,0.0,1,0.7757847534,0,0.0,-0.594976009,4.0,-10.18134193,-0.008700905,-2.459617964,3.2945177697,-0.953313001,-1.591696867,1.134222546,-3390.169688,0.0288563477,13.694434292,0.0027173913,0.0076199901,-0.018285443,0.0137620184,0.035976943,0.0145758214,0.0,-0.007451565,1.5596058433,0.0687694,6.0,13.625759993,0.0680971661,0.8950720178,0,-0.111549313,0.0167247225,0.0124102344,0.0215559391,0.3993457853,1.5949340625,3.5623906e-09,2.484502e-08,0.8516704271,0.7253425165,0.0276058752,0.0297425352
91907,0.4411569047,0.0726063032,3.2957065024,0.0,0.3355244737,1.4192631637,0.1474859762,0.3685480175,0.4123492293,0.0471133679,0.4391092469,0.1553431517,1.438196401,-0.031815821,0.1553431517,9,0.1450367135,0.2231899837,0.3571103365,-0.159280717,0.0588071138,0.0498840761,0.0236190469,0.2347194927,0.3195034282,0.6118987006,0,2.013655372,-0.042905597,0.9929862345,-0.087328915,20.862460971,6.1723249657,0.2757420865,0.0,0.0,1,1.0,0,0.0,0.6979955485,4.0,-5.552726419,0.0515707158,0.2207891102,-0.030293019,-0.163331665,0.2580771803,-0.04318422,-2637.417074,0.0400118084,14.079649741,-0.001212158,0.0159211385,0.0280342725,0.080989145,0.102491065,-0.008402513,0.0,-0.003301541,0.3881472296,0.0952208056,6.0,14.668265532,-0.026618149,2.1136412164,0,-0.131569503,0.030357793,0.0460087825,0.0354847678,0.5707779442,12.825194823,1.1463931e-09,9.22909e-09,1.4019965226,1.9655942493,0.0168415989,0.0566318117
91836,1.0641610373,-0.314930713,-4.341571182,0.0,1.8476781733,4.2655333225,-0.110483042,-0.09399684,0.3471563981,0.0045003054,-0.033864542,-0.065478657,-0.637096774,-0.114289372,0.0654786573,9,-0.070037298,-0.229166667,-0.029190751,-0.171677798,-0.019510547,0.3127572016,0.2218381344,-0.075039494,-0.183235867,0.6173247602,0,1.5225505443,-0.086609229,1.0839813375,-0.020751159,9.6801152738,3.8083900227,-0.116176967,0.0,0.0,0,,0,0.0,0.8528265107,3.0,45.16752998,0.1756049776,-0.349125598,9.3578506819,-1.617182746,-0.044052376,0.1616380643,-5130.303136,0.0587429544,10.782359092,-0.001163693,-0.006538797,-0.017899761,-0.043074166,0.1570175439,-0.004678179,2.0,0.0646112495,0.4866495655,-0.037363581,3.0,9.5258880363,-0.146697602,0.3078807849,0,-0.101630079,0.1803278923,0.0533132427,0.1066872551,0.6693916816,0.6584169855,9.930947e-07,8.9951596e-08,1.1774001006,1.3862709969,0.313481435,0.0669813442
91688,0.9276361323,0.1359815567,-9.982717475,0.0101833552,4.1635755321,1.0446272172,0.031579982,0.0346391565,0.0319913906,0.0061980831,0.0026229809,-0.018538253,-0.68246196,0.2287837965,0.0185382533,8,0.0,-0.019363762,0.0689432144,0.1179094325,0.7954041945,0.3325884367,-0.094050908,0.0019794431,0.2077376064,0.2766391129,0,51.70644176,-0.040405886,44.355703986,-0.040405886,2.5761452428,0.756185884,0.0349745849,0.0,0.0,0,,0,0.0,0.199671885,7.0,0.0280385292,0.0473590947,-0.083157391,0.0764442194,2.5045339486,-0.637964959,0.1302999987,-8920.326738,0.0331128264,13.77835623,0.0012185177,0.0064280842,0.0342897131,0.0104109177,0.0557759504,-0.007145724,0.0,0.0089726335,0.8234409221,0.1020315494,5.0,13.656787851,0.0379001962,1.0616073814,0,0.048781298,0.0231362861,0.010747146,0.0200704233,0.4309503146,2.0910545725,2.0607827e-09,1.9866617e-08,0.9165877394,0.8401330841,-0.237952464,0.0384598246
91692,0.1377610903,0.0452831998,3.2301705214,0.0511255497,0.3087106002,0.3147036824,0.1841111878,0.2377749009,0.2420663859,0.011544244,0.3365461513,-0.088476311,-0.788548771,0.0809912113,0.0884763115,8,0.0,0.1318681319,0.197727816,-0.773036865,0.0272229459,0.7696844589,-0.254537964,0.0097813084,0.0619169125,0.6138313733,0,1.4949408281,-0.166567675,1.4949408281,-0.166567675,1.8354341465,2.2826166181,0.1892528707,1.0,0.0,1,1.0,0,0.0,0.6590098762,4.0,-73.6095943,0.1247942909,0.0886360703,-0.62828749,-2.891936434,0.5058174541,-0.397466591,-2183.333144,0.1473165608,14.007879988,0.0027086438,0.0238244002,0.1227888944,0.0008408076,0.393296712,0.0054502631,0.0,-0.002962085,1.8673576981,-0.067251359,5.0,14.147990597,0.1075469227,1.5208634227,0,-0.258063742,0.0422641821,0.0197040791,0.031232724,0.3716774466,2.3642222631,2.5514082e-09,1.556943e-08,1.464633253,2.1451505659,-0.022021668,0.0366680446
91826,0.2449537469,-0.087429919,0.6536824368,0.0030503242,0.7712744865,3.6032971972,-0.054580438,0.1983897546,1.1469312827,0.008155433,0.2559814554,-0.106805883,-1.180694868,0.0157981377,0.1068058834,8,0.1450367135,-0.04748062,0.1128740388,0.356461233,-0.042540989,0.5508074973,-0.137422123,-0.021942124,-0.076167194,0.5544246445,0,1.3057092162,0.0293283414,0.2961695021,0.1795190525,36.747634478,74.52891693,0.0452477064,0.0,0.0,1,1.0,0,0.0,3.7506471096,5.0,1.4499322737,0.5207043639,-0.227811662,-0.015878024,-1.279527046,0.0907297218,0.3831712951,-5089.12988,0.1116949983,11.629347578,-0.00295858,0.0001024131,0.0004162114,0.0418917915,0.0715042175,0.0221453801,1.0,0.0106382979,0.8733405046,0.2044141996,3.0,10.187065191,0.2992379131,0.2392556065,0,-0.152504436,0.0769230872,0.0274039802,0.0454243935,0.8188431931,0.7711369684,3.6813758e-07,1.0030364e-07,0.8489690812,0.7207485008,0.2854573398,0.0826044309
91750,0.3842176035,0.0597697738,-3.622816605,0.060907027,1.7142813238,1.0833305879,0.0685463427,1.2191201721,0.1179461658,-0.133782223,1.7059725708,-0.032500368,-1.399561833,0.143421268,0.0325003676,8,0.0022821784,1.6666666667,0.4322856513,0.5162661958,-0.616041978,0.2396702262,-0.405496985,0.1359223192,-0.221172341,0.2103674953,0,2.5941151571,0.0702972889,2.5727899278,0.061498784,2.4085432159,4.1845861414,0.0922869735,0.0,0.0,1,1.0,0,0.0,0.3493995033,4.0,1.2715555695,-0.093581584,1.4740690676,-0.050325997,-0.447164558,-0.567423805,0.1154167337,-5386.694314,0.0558672041,13.888234305,0.0001727038,-0.006448748,-0.023415143,0.0174062637,0.1480682246,,0.0,-0.010810811,-0.141426561,-0.030347459,3.0,13.982466408,0.2063703196,1.145957437,0,-0.168614603,0.0720339343,0.0237558944,0.0340583361,0.4205345243,1.204927065,5.2522405e-09,3.599124e-08,1.5409997854,2.3746803387,0.0507175594,0.0350861373
13796,0.1173759631,-0.145719018,7.0810810811,0.0,0.0301288975,0.0239072514,-5.413829787,-0.350168137,0.0414313813,0.0321070234,2.2184615385,-0.235588201,-0.302727812,-0.101605818,0.2355882014,5,0.0286889974,1.6666666667,3.499465812,,-6.045797775,0.3497942387,0.5740740741,0.039718292,-0.460657799,0.8547110916,0,5.8051282051,-0.755701903,5.566025641,-0.770057413,0.1985171012,20.49382716,-7.318016047,0.0,0.0,1,1.0,0,0.0,0.0429488452,3.0,74.77710871,0.0975090864,1.4740690676,-8.703026713,8.048844281,-0.42660587,-8.858957803,-5477.930957,0.0248274717,10.854541011,0.0,-0.234484395,-0.754198473,0.0360691163,0.4464416484,0.0638932706,0.0,-0.004672897,-0.524849981,-0.054384631,3.0,10.944400465,-0.458243271,0.6989578636,0,-0.25352422,0.036649242,0.0163921982,0.0382493854,0.9127123098,2.2560450656,1.62049e-07,3.609738e-08,0.6863803124,0.4711179332,0.1020626926,0.0795785298
91814,0.1414645995,-0.075061363,1.8196483525,0.0,0.7358679329,0.7090049666,-0.052937527,-0.050924093,0.3329947414,0.0298012387,-0.006174365,-0.048646907,-0.583849387,-0.031236832,0.0486469069,9,0.0381263605,-0.015594542,0.0281035897,-0.049163846,-0.01873188,0.612428917,0.0242191639,0.0472143913,-0.231034623,0.5920767813,0,2.0853309007,0.0560195325,1.4606008887,-0.025789268,2.5733344174,4.8863458,-0.05239046,0.0,0.0,0,0.0,1,1.0,1.5056317733,3.0,-0.79198729,0.043495682,-0.124121478,0.4421827205,-0.940794227,0.1976110835,0.9027818385,-2576.234256,0.0352290716,12.980229722,-0.000463409,-0.027716604,-0.17189232,0.0181738114,0.3397386759,-0.022856721,0.0,0.004004004,0.5634083666,0.1214392632,4.0,13.71748081,-0.024108192,1.9126711482,0,-0.095378135,0.0371024795,0.0221539596,0.0422102816,0.5227722465,5.9915540792,5.6331193e-09,1.2639366e-08,0.8502705015,0.7229599257,0.3651639962,0.0541534276
92043,0.4494377331,0.0261179482,-2.443275172,0.0133313965,14.559695586,0.6542524627,0.0264014816,0.1456092969,0.0179440834,0.0696802283,0.1654075617,-0.009166936,-8.363079065,0.2445444144,0.0091669355,8,-0.012668523,0.0909090909,-0.010916248,-0.280534265,0.0398808864,0.6183892153,0.0359079783,-0.01356154,0.0835048864,0.8037719859,0,1.2042174597,-0.043769334,1.0937134236,-0.013806631,0.065393325,0.0509867372,0.0018093246,0.0,0.0,0,,0,0.0,0.8586369446,5.0,1.3819537271,0.0044007917,0.0030485184,0.0148941324,-0.908595678,0.7489828747,0.2165398801,-5354.072334,0.0558672041,14.704052632,0.0002958311,0.0004871676,0.0284237726,0.0718350575,0.4809638758,,0.0,-0.00253357,0.3233416966,-0.024030939,2.0,15.493811178,-0.289705469,2.1074038767,0,-0.168614603,0.0381125547,0.0181789253,0.0246036486,0.3579680642,2.8592235933,7.821079e-10,1.2029048e-08,1.1268004935,1.2696793521,0.0562892877,0.0322300777
91959,1.1641019451,0.0665443843,-63.2976458,0.0241003357,9.7547501993,0.4218918043,0.0206502248,0.0201477634,0.0315021129,-0.020448663,0.0197214079,-0.00600058,-0.974874885,0.1314168333,0.0060005803,9,-0.000175397,0.0,0.0713114613,0.0298748484,0.031966571,0.1185887754,-0.094184745,-0.000433702,0.0237345271,0.5096248749,0,1.0258508289,0.0719817551,1.0235896108,0.0723454385,3.0268675639,0.0563233701,0.0082693992,0.0,0.0,0,,0,0.0,0.2965172226,7.0,0.0051339562,-0.000117003,-0.034639314,0.3155383119,43.250901134,,0.0450281431,-4955.147237,0.0286812661,11.944944231,-6.9214e-05,0.0014423101,0.0134596415,0.0023176014,0.01276529,-6.3704e-05,0.0,-0.000448568,-0.592713431,0.012205089,3.0,10.676909012,0.0035895491,0.3055946104,0,0.0654744878,0.0099132499,0.0069825737,0.0132143674,0.5724480838,0.6940585317,2.6629594e-08,7.8947866e-08,0.3292034399,0.1083749048,-0.350172112,0.0183979692
91854,1.1225558289,0.1674123053,-13.96274598,0.034958486,1.279869016,2.1608228637,0.0582265846,-0.014813635,0.1858872252,0.9744594219,-0.057494279,-0.032576426,-0.47099768,0.2462631126,0.0325764262,8,0.0046537752,0.0425531915,0.0319050269,0.0016935465,0.1011046818,0.1226445225,0.0728133898,0.0087607518,0.0388209921,0.4409495554,0,1.8034557235,-0.384376453,1.0323974082,-0.474159653,31.971264368,8.1568914956,0.2400235606,0.0,0.0,1,0.0127011008,0,0.0,0.3813803019,7.0,-0.083132581,-0.010867036,0.0650894484,0.3579708969,-0.208900566,-0.871471171,0.4996366596,-3314.079887,0.0689333745,14.698568905,0.0277777778,0.001844709,0.0039840637,-0.050293393,0.0221109,-0.015361687,0.0,0.0081118881,0.5987909253,0.0178175587,5.0,15.556553935,-0.017735118,2.2321056696,0,-0.105814909,0.0329509005,0.0230724562,0.0269302347,0.3275574867,3.9833480712,5.795093e-10,8.3797353e-09,1.3145774351,1.7281138329,0.0057478255,0.0351415039
91968,0.3446529291,0.0144669451,-33.35636131,0.0038842385,2.1203908672,0.0812595057,0.0176117166,0.0479269384,0.0251954661,-0.035712983,0.0678237425,-0.002441743,-0.406538001,0.020348308,0.0024417426,9,-0.000754755,0.0,0.0281226676,-0.024263034,0.0559138865,0.3051917394,0.2966456414,-0.000709808,-0.059847553,0.6625267195,0,1.3710782878,0.0946896647,1.3689532213,0.0956951121,2.6243137305,0.036445495,0.0087407552,0.0,0.0,0,,0,0.0,0.1616710801,6.0,0.0060578157,-0.000460509,-0.034639314,-0.503910704,43.250901134,,-0.066040382,-84.56761737,0.0286812661,15.453594466,0.000360072,0.0018779713,0.0130717804,0.0005113882,0.0125612767,0.0104237081,2.0,0.0011594203,-0.16373707,-0.009840628,4.0,13.822753245,-0.182392027,0.2166788085,0,0.0654744878,0.0230680294,0.0088670965,0.0156007007,0.35921578,0.2236185962,2.3489286e-09,1.6552587e-07,0.594224658,0.3531029442,-0.073104739,0.0202801495
92091,1.0024105925,-1.190958076,-17.31050445,0.0201471805,2.3885012618,3.3974508515,-0.217771883,-0.428277712,0.2416269368,-0.788634189,-0.008218977,-0.529527965,-0.835221851,-0.488304032,0.5310254612,9,0.0,-0.325925926,-0.190125121,0.0728910369,-0.102900162,1.2311787072,0.3824541498,-0.013230036,-0.715446747,0.1460139678,0,0.6831566549,-0.244757217,0.6831566549,-0.244757217,57.044510386,7.8051157125,-1.116277356,1.0,0.0,1,0.7936322287,1,1.0,0.406812823,2.0,-2.182326933,-0.016992258,-0.638957688,1.116454762,-1.370287487,-0.776276938,-0.400897206,-4753.872411,0.0278203388,8.4141011917,-0.014213349,-0.305513595,-0.68560674,-0.215786906,0.0175639756,-0.018469549,0.0,1.1243243243,6.4088084082,0.1014104504,2.0,7.0275628992,0.1978376631,0.1133063009,0,-0.111549313,0.0595238246,0.030808797,0.0319276557,1.5772955408,0.5136010493,3.59997e-05,1.0000002088,0.5992388768,0.3590872314,0.1152435386,0.0741390083
91900,0.4108009357,0.019493821,2.3453801895,0.0,0.1912944825,0.5338694373,0.0345060332,1.8923124662,1.2669235112,0.3659002855,0.9833556581,-0.13243414,-2.752331861,0.0731472855,0.1324341402,8,0.0,0.1981651376,1.1128648935,0.3520891492,-0.197100929,1.273381295,-0.216380742,0.040236292,2.67702422,0.3863469203,0,1.5968613936,0.1128831506,1.5968613936,0.1128831506,3.1468016697,6.9233346778,0.2650015382,0.0,0.0,0,,0,0.0,3.0979934471,5.0,-9.90130555,0.1150754143,-2.243301011,4.188823705,-0.60529429,-1.116349011,1.0677195635,-3816.442958,0.0288563477,12.774981434,0.0411086418,0.0004214637,0.0005256906,-0.002686512,0.4519865457,-0.004649627,1.0,0.0160183066,2.911181792,-0.167597577,6.0,14.477306666,0.0385908559,5.4119618069,0,-0.111549313,0.1074073911,0.0313882282,0.0529338141,0.325837697,5.0883127429,3.3613124e-09,6.793573e-09,0.8861092831,0.7851896616,-0.030594877,0.0877498832
14137,0.5275325954,0.0311649957,11.895847831,0.0,0.0928843442,0.1409622993,0.078506342,0.500505715,0.2804793999,0.0915337631,1.7528792366,-0.181318996,-3.007600048,0.1248968383,0.181318996,5,0.0,0.6923076923,2.6922256689,2.0718552985,-0.061591907,0.0784160778,0.8587092389,0.6163878933,0.3892267509,0.5651662183,0,0.9274426613,-0.755701903,0.9274426613,-0.771823859,4.4176525168,6.0458730159,1.1915241853,0.0,0.0,0,,0,0.0,0.3054012436,5.0,1.0343089277,0.0528058173,0.5048269325,1.6642246249,-0.023306407,-0.464531207,-0.237719258,-2229.92637,0.0279332649,12.617050504,-0.010933222,-0.004531944,-0.005920266,-0.00766771,0.0123794021,-3.779037606,0.0,-0.004052685,-0.153234697,-0.010261287,6.0,12.124729756,-0.162874472,1.230469962,0,-0.500704589,0.0916271582,0.0476948604,0.0646523593,1.3487017172,28.632322348,4.7275534e-08,6.3503235e-09,1.9063668972,3.6342347467,0.0356159192,0.0665157724
91965,0.0298647242,-0.050155468,3.0121129529,0.0,0.2548031429,0.0742087071,-4.113111231,0.1824329201,-0.168725468,0.1761550919,0.3788397139,-0.327411206,-1.714936709,0.0358579852,0.3274112063,8,0.0060951102,-0.019607843,3.499465812,,-6.045797775,0.1621936989,0.0870428759,0.0085442564,-0.466246238,0.9776618784,0,7.1120010769,-0.08835126,7.0716833816,-0.093519366,0.2701265466,21.595099183,-0.227342382,0.0,0.0,0,0.0,1,0.0,-0.895179399,6.0,69.601744422,0.2315898213,-0.228231083,-8.790537952,-0.266780719,-0.42660587,-8.721493999,-4799.192297,0.0248274717,11.083201919,0.0,-0.058277972,1.0433494835,-0.068061922,0.9178632653,0.0210203803,1.0,0.2606635071,-0.112859221,-0.183739388,4.0,12.765622361,-0.315669774,3.3248012384,0,-0.25352422,0.0638009086,0.0400818834,0.0841278627,0.4352878522,7.2870139125,3.0480799e-08,6.0641425e-09,1.1255155676,1.266785293,0.3256271632,0.0924656318
93177,2.5924269673,0.2831439033,-15.48632217,0.0,2.8922555887,6.1144593451,0.0782195752,0.1443353092,0.1482679954,0.0832888984,0.337301178,-0.091730582,-1.760379293,0.6273066775,0.0917305818,8,-0.019092176,0.0291595197,0.0900666571,0.0500875612,-0.091833953,0.0398101944,-0.088190781,0.1516518236,0.086257319,0.5459912707,0,0.5971441421,-0.347174864,0.4365864628,-0.147117343,10.734842551,34.43241206,0.3529692134,0.0,1.0,1,0.5011446304,0,0.0,0.1795744258,4.0,-0.161834436,-0.099343302,0.0516957767,7.0410651299,-0.57686199,-0.092130388,1.6951064942,-5866.149475,0.0689333745,10.138994318,-0.002923775,0.0071852613,0.0092222866,-0.256947115,0.0324374301,-0.322627224,0.0,-0.051931207,1.0622922739,-0.183691751,5.0,7.8642323939,-0.538063832,0.0941569542,0,-0.105814909,0.0254238062,0.014065599,0.0350110838,0.8315775379,0.3236390241,1.6114334e-06,2.2700027e-07,0.6252281736,0.3909102691,-0.914436321,0.0813070291
91905,0.5348062528,-0.160713143,-5.446710127,0.0199270649,3.4811456356,2.6096265808,0.0473002085,-0.055530818,0.1600869414,0.0056317609,-0.001057481,-0.141728249,-3.876433121,0.4622806082,0.1417282494,10,-0.001292461,0.0218253968,-0.018253703,0.0220824311,0.0743652294,0.0886773061,0.1244443137,0.0029848381,-0.316269331,0.4710329258,0,0.5260557432,-0.146137553,0.3563766892,-0.131959713,46.379624015,53.576182137,0.0434580286,0.0,0.0,1,1.0,0,0.0,0.6038126813,4.0,-0.716245289,0.0204009638,-0.049190301,-0.513725836,-13.33311632,0.6535510172,0.3621423275,-1636.696321,0.1229481469,9.7377491282,-0.018730508,0.0420805157,0.2425351019,-0.061609763,0.0079856838,-0.017275796,2.0,0.0333333333,1.9773277328,0.0099048167,4.0,9.3165635029,-0.18815199,0.5546235271,0,-0.401912096,0.0888889357,0.0333419438,0.0959806124,1.2623090033,3.6110844652,1.9140008e-06,3.2147104e-08,1.0368132058,1.0749816238,0.3544607152,0.0493558197
91909,0.4708582195,-0.004142051,-2.536603774,0.0,1.5996093961,3.4718671893,0.0478732621,0.0615427289,0.588192464,0.0087846103,0.0766867326,0.0507160456,7.1399454114,-0.106104132,0.0507160456,8,0.0473607642,-0.037914692,-0.013517603,-0.13557464,0.0573744186,0.4241590214,-0.000659732,0.0720223287,0.013132048,0.4905891383,0,2.7170809096,0.1850801974,1.3480573615,0.1685082874,161.44575472,5.2935763262,0.0581172976,0.0,0.0,1,1.0,0,0.0,2.3427791924,3.0,-0.356693761,0.0820581064,-0.007736271,0.1597150865,-13.33311632,0.1893793801,-0.077243266,-1461.616391,0.1187585399,10.194060157,-0.011320368,-0.014922089,-0.075629905,-0.02583768,0.0093931865,0.0077943384,1.0,0.0,0.1352163859,0.0479905833,1.0,8.6810961627,0.2649012267,0.1729583289,0,-0.051660395,0.0689654499,0.0317913808,0.0724339092,0.9254261093,0.4724078938,2.7097164e-06,1.3859932e-07,0.6257408386,0.3915515971,0.5868256569,0.1102395542
91849,0.1569567643,0.0485689664,13.05515731,0.0218230466,0.2436568524,0.4557802483,0.2336219972,0.080288308,0.4290862643,-0.010878661,0.1705949285,-0.063286698,-0.50261233,0.0729803278,0.063286698,9,-8.7715e-05,0.1044776119,0.0532447224,0.0068699578,0.0328984646,0.766700925,-0.02450012,0.0184754345,-0.035250078,0.2945941894,0,1.6926704657,-0.068896691,1.6798978188,-0.068837964,8.3103022825,6.061192351,0.2708653162,0.0,0.0,0,0.0,0,0.0,0.9516481231,5.0,-1.568163884,-0.106369376,-0.20855415,0.2710009339,-0.530043266,-0.377063125,0.1603871538,1151.6512288,0.0278203388,15.777157176,0.0003367651,0.0141463621,0.0361069196,0.0059408315,0.124548815,0.0012660741,0.0,0.0010840108,0.6849390154,-0.036181197,6.0,15.63807301,-0.101877082,1.1159271948,0,-0.111549313,0.0206766762,0.0097035526,0.0151672655,0.3042958155,1.5146741717,2.506073e-10,1.9235548e-08,0.7480816519,0.5596261579,-0.022044799,0.0214243852
93188,-0.467861017,-0.131877291,1.2478126049,0.0,3.2670727772,1.8777710128,0.0587334541,-0.206484436,0.450853337,0.0095910484,-0.117319256,-0.173285608,-3.374987443,0.3132069113,0.1732856082,6,-0.020032184,0.0212765957,-0.058284613,0.0345041226,0.0457437136,0.7712408899,-0.094296857,0.0193793072,0.1877670517,0.3499333143,0,0.7757606095,-0.378246235,0.710602139,-0.373371231,3.9669483936,9.9096057047,0.0233070543,0.0,0.0,1,1.0,0,1.0,-1.263111252,5.0,-10.10186778,0.1585605909,-2.420189553,2.7837435015,-0.705484123,0.1119278668,1.3077791892,-4158.934718,0.0288563477,12.246314754,0.0008044088,0.0125541982,-0.026192728,-0.003700053,0.1876335607,0.0010109155,0.0,0.0044630449,0.9307061087,0.0363428043,3.0,10.162068511,-0.684562422,0.1454732196,0,-0.111549313,0.0972568169,0.0271761107,0.0423798939,0.6478681343,0.9225996793,2.0327071e-07,1.5281099e-07,0.5171336327,0.2674271941,2.5092882157,0.0680393472
14310,1.103108511,0.0994107579,-23.66657848,0.0,10.43674982,0.474279255,0.0241354185,0.451305935,0.045562049,0.1042253521,0.4789311706,0.0001101158,0.0107950651,0.0983376123,0.0001101158,4,0.0009053965,0.6,0.6252042961,0.0097703563,0.1216540202,0.1439745075,-0.343667232,0.0046766011,0.2333403165,0.613878202,0,0.9545803562,0.0421368443,0.9509222407,0.0428900773,1.0896176574,0.0514035687,0.0123332009,0.0,0.0,0,,0,0.0,0.4050507551,7.0,0.0975721402,0.0082680375,0.556249966,0.1828856101,-0.241155213,,0.0187999711,-5439.776902,0.0286434127,11.121744238,-0.000596738,0.0009563576,0.0107741302,0.0062745818,0.0853110834,-0.008208611,0.0,-0.004830918,-0.260481158,0.0114154482,4.0,9.3867997881,0.1028156152,0.1092159753,0,0.0654744878,0.0198550839,0.0123207708,0.017357608,1.9563372742,0.400216048,4.46188e-05,1.0000002556,-0.050958073,0.0156019121,0.9850316166,0.0257458428
92210,0.2593705047,0.0286033251,8.4511129809,0.0110862603,0.0697351614,0.1621543548,0.1869758177,0.050788671,0.442273101,0.0100580964,0.1419175638,-0.07945628,-0.892118605,0.0541208835,0.0794562798,8,0.0,0.2288135593,0.1072834646,0.0883151357,-0.015928688,1.1025713746,-0.674609209,0.0091705275,0.0287163399,0.2789971372,0,3.2699787889,-0.045496384,3.2699787889,-0.045496384,2.0426238583,15.540768194,0.5940777671,0.0,0.0,0,,0,0.0,0.5452061002,4.0,-10.13649085,0.1137041991,-2.21265259,4.0373932739,1.9329468112,0.2128211354,1.0486931615,-3096.616778,0.0288563477,13.705479059,-0.003094369,0.0215914096,0.0274132828,0.0026302875,0.2212291849,-0.063167742,1.0,0.0027497709,1.6547561243,0.1849429868,6.0,13.448731023,-0.038038892,0.7971292494,0,-0.111549313,0.0293463692,0.0177117677,0.0326935671,0.5386880181,2.3327613953,4.8695864e-09,3.3861904e-08,0.9878630531,0.9758734117,-0.002108241,0.0362462427
91915,0.2703197731,0.0467885438,3.1010707986,0.0280874585,0.7357641222,0.6381446269,0.1048032678,0.0018862675,0.1362197867,0.0027473718,-0.004239341,-0.063167667,-1.360386273,0.1104390364,0.0631676672,8,-7.618e-05,-0.016064257,-0.0208372,0.1607099841,-0.009212318,0.1234377714,0.0608381786,0.0352254484,0.0177223432,0.3541658481,0,1.7881213396,-0.030178123,1.7557401299,-0.029470069,4.1119384412,39.053176149,0.1224574782,0.0,0.0,1,0.4485240152,0,0.0,0.4123010146,5.0,-0.312018045,-0.076168058,-0.075660225,-0.39843757,-0.609572297,0.5918290843,0.0170968823,2444.7899011,0.1328736255,15.2081249,0.0011267282,0.0111282952,0.0412089402,0.0141120377,0.1243526621,-0.059198518,0.0,-0.003385657,0.6574575514,0.0361975019,6.0,15.777073002,0.1497776761,1.5165001019,0,-0.090489243,0.03086056,0.0145823512,0.0184519495,0.4264933645,2.207566813,5.233905e-10,1.9495432e-08,0.8465072043,0.7165744469,0.0657300732,0.0271901075
91979,0.916717536,0.1249767771,-4.705159696,0.0,2.8052801517,0.466567665,0.0507101302,0.0717664057,0.1190321732,-0.065329796,0.073363518,-0.04575234,-1.317533265,0.2896378381,0.04575234,8,0.0,0.1882352941,0.0593771333,-0.114848241,-0.029537716,0.0503499344,0.0793187135,0.0977148931,0.0665425106,0.5267424993,0,0.5810693676,-0.303681311,0.5810693676,-0.303681311,4.1808401925,2.9540644856,0.1064575698,0.0,0.0,1,0.9759507018,0,0.0,0.3961986047,4.0,-10.15942733,0.0924230912,-2.253230855,4.6947403052,-0.830371585,-0.65300276,1.2842101161,-3752.139958,0.0288563477,12.198868685,-0.000117124,0.0066052805,0.0274508478,0.043814257,0.0322125603,-0.579524064,1.0,0.0,1.0242450368,0.1615814567,6.0,12.778498418,0.3916927662,1.749824146,0,-0.111549313,0.0662921518,0.0266790747,0.0376471544,0.3090625738,1.0611229868,3.1800798e-08,2.6695492e-08,2.3694874887,5.614470959,0.0538676672,0.0506426538
92052,0.4234275187,0.0110879182,7.6984152696,0.0,0.0587896042,0.2885494191,0.0566362642,0.0028364466,0.4416042309,0.0121314448,0.0862449799,-0.079759413,-3.463856898,0.0494948803,0.0797594128,8,0.0,0.0735524257,0.2000881396,0.1510738513,0.0735784022,0.6317959848,-0.01176073,0.0211546937,-0.007742166,0.2607165998,0,3.2361556618,-0.204463665,3.2361556618,-0.204463665,4.2901636033,4.5777155172,0.4765869387,0.0,0.0,0,,0,1.0,0.4976124078,6.0,-10.06714434,0.2550502857,-2.367913723,4.2014502879,-0.955418371,1.3060679585,1.0440671582,-3866.363288,0.0288563477,12.429914542,0.003311937,0.0110818515,0.0125047483,0.0092671648,0.1137347741,-0.002554627,0.0,0.0023474178,0.74162916,-0.118347725,6.0,11.465978302,-0.030566422,0.4753756174,0,-0.111549313,0.0362117328,0.0158284243,0.0294830532,0.5759762181,1.0571744507,4.6217001e-08,7.2193589e-08,1.1835320336,1.4007480746,-0.128218705,0.0481803603
92032,1.4458189073,-0.685171452,-0.344658098,0.0,0.0682721407,0.0,-17.17196532,0.6292625369,0.0,1.251001596,-0.290114068,-0.015976305,-0.02849976,-0.66564423,0.0159763048,9,0.0,-0.2,,,,0.7142857143,-0.429283341,-0.00027532,0.7359501229,0.9776618784,0,22.736172566,0.4753314675,22.736172566,0.4753314675,0.0,0.0,-8.244162775,0.0,0.0,0,,0,0.0,0.0,3.0,,0.0773757894,-0.5061081,1.3784848383,-13.33311632,0.3035196586,-0.332416527,-5207.951229,0.0238858186,10.188507149,0.0001179941,-0.071667738,-0.076237203,0.0,0.9734194038,1.2333333333,1.0,-0.034593168,5.6976897263,0.2535581589,3.0,11.343304829,0.8184990989,3.7897933944,0,-0.25352422,0.0894089341,0.0283618134,0.0538410742,0.5057606167,7.7600828109,5.1574253e-08,6.2053657e-09,1.406913583,1.97940583,0.3273722979,0.0865513242
92207,0.4312847151,-0.009778429,1.3145564217,0.0,0.2999526836,0.8177537092,0.0399497293,0.0611251851,0.7866557,0.0355119063,0.0453866637,-0.145122183,-10.53976351,0.0932838993,0.1451221829,8,-0.036547115,0.1142557652,0.0614993879,-0.019548068,0.0243153228,0.9158137029,-0.018327442,-0.001260076,0.0723534751,0.4199261648,0,1.3857386841,0.1301571391,1.2497130929,0.280189188,3.9993458037,9.8835150984,0.1111574686,0.0,0.0,1,1.0,0,0.0,1.3448839582,6.0,45.081874696,0.0473374753,-0.005703166,8.7249743597,-1.03612272,-0.044052376,0.3692113352,-4767.977716,0.0587429544,12.924562063,8.26214e-05,0.0065544494,0.0111129802,-0.000259539,0.3251501225,-0.012193742,0.0,0.0066934404,3.155758707,0.1000935035,6.0,13.305575345,-0.708016668,1.2608161662,0,-0.101630079,0.0196905583,0.0355005738,0.0347484429,0.4871047819,5.5762492566,6.3478093e-09,1.6606685e-08,1.2672704742,1.6059744548,0.0430228041,0.0458173544
14693,0.2759779505,-0.087080079,6.647884368,0.0,0.0319211395,0.0039751651,-0.313377603,1.4825254305,-0.523441496,0.488554788,1.0567665758,-0.067067002,-0.166329421,-0.0725961,0.0670670017,3,0.0082569107,1.1388888889,-0.744329897,-2.939202839,-2.652494153,0.93046875,0.1229795259,0.0783088026,1.5434231893,0.3629927664,0,3.9487242395,0.147866769,3.8574582924,0.1392332564,0.038182926,2.036101083,-3.317189125,0.0,0.0,0,,0,0.0,-0.59831114,3.0,29.103694765,-0.36378414,0.9302656488,-8.544424725,-0.290611501,-0.42660587,-8.829948084,-5405.485057,0.0248274717,12.402049569,-0.00055323,-0.07668332,-0.083479447,0.0031669139,0.3249349516,0.6333982354,0.0,-0.000590667,0.0069680275,-0.016051463,3.0,11.897675469,,0.7124266515,1,-0.25352422,0.1032122672,0.0313983915,0.0408048982,0.6320481974,1.8477217939,3.7906023e-08,3.5909608e-08,2.2919979844,5.2532547603,-0.275108837,0.1187729762
92034,0.0940663001,-0.004543168,22.628855282,0.0,0.0273799015,0.1107879503,0.0472501461,0.1110778972,0.7361713113,0.0428371728,-0.010488009,-0.195428947,-4.962994443,0.0180045494,0.1954289466,8,0.0158435724,0.1277108434,0.2269295675,0.122359946,-0.032248083,0.5984059828,-0.584051422,0.1157411308,0.1050267984,0.5504496013,0,3.7938314755,0.2312675841,2.9763681592,0.2144900532,2.8316403225,7.7382933256,0.2027939201,0.0,0.0,1,1.0,0,0.0,0.9401362253,4.0,7.1030165093,0.103997168,-0.010494853,-0.271547106,0.4721503459,0.0744744517,0.0103135065,-1084.417459,0.0410566741,14.856009467,-0.001088946,0.010048814,0.0130069663,0.0021064961,0.308415528,-0.048730504,2.0,0.0,0.8237443577,-0.026405582,5.0,15.909151186,-0.399234182,3.3817447167,0,-0.131569503,0.0516590849,0.036521306,0.0399457833,0.5634920109,15.530921416,4.941329e-10,4.9982976e-09,1.4862464889,2.2089286258,0.035995342,0.0383944609
92050,0.0323273177,-0.019860154,16.285363344,0.0,0.0841943276,0.111340266,0.0402350245,0.0493167335,0.5400531333,0.0260433753,0.3364940805,-0.204775034,-1.173203883,0.0034398558,0.2047750338,8,0.0123197161,0.0857740586,0.1685094947,-0.037587218,0.0835213892,0.3297364375,-0.096311014,-0.011105902,-0.327198889,0.6841025762,0,4.7001083619,0.0048657995,4.4043931732,-0.011138659,1.9096122175,7.2393561005,-0.205808455,0.0,0.0,1,0.0132140584,1,0.0,1.1286307054,5.0,-10.03118196,-0.038168888,0.003211907,0.0049691745,-0.492824342,0.1809489431,0.0766330983,-520.9729633,0.0318276958,14.459167006,7.6362e-05,-0.059871568,-0.255996015,-0.002435803,0.4962711517,-0.04735878,0.0,-0.00270166,1.6551336239,0.1874401728,5.0,14.756806497,0.1120373487,1.6699440168,0,-0.095378135,0.037892323,0.0184941987,0.034156717,0.5721618593,6.2647279597,1.0223275e-09,1.2559127e-08,1.6660919807,2.7758624882,0.0698341102,0.0458909603
92345,0.0567925137,-0.46694018,4.6053601031,0.0,0.1748336637,0.0323914012,-8.806451613,-0.450988474,-0.732236272,0.1574489064,-0.202551163,-0.011989477,-0.009148348,-0.462668449,0.0119894769,8,0.0250140165,0.0882352941,-0.696865114,-0.045079399,0.7940177632,0.5321100917,0.2167358149,-0.006389776,-0.782996712,0.8149717394,0,2.0783258595,-0.490359821,1.9225710015,-0.521073831,0.1941425677,3.8608058608,-2.333619278,0.0,0.0,0,,0,1.0,-1.954673556,1.0,37.817984555,-0.137840511,-0.120387946,-8.763610162,-0.168886215,0.5733941298,-9.220020433,-5514.826457,0.0248274717,9.683602782,-0.000543331,-0.305513595,-0.811535723,0.0484138867,0.5056801196,0.0434408066,0.0,0.0,-0.626862183,-0.018542957,2.0,9.3440229578,0.4226890274,0.5358677445,0,-0.25352422,0.1759581864,0.0622519985,0.0824119784,1.3152691511,7.3937882996,1.9269571e-06,1.9346597e-08,0.8296338548,0.688292333,0.7183493943,0.1164634984
92010,0.820191417,0.0825900722,-2.44676655,0.031874374,7.5913525869,1.2763357917,0.045489493,0.3514128765,0.0491358203,-0.027636464,0.3872222053,0.0052370568,0.5173756741,0.0398599779,0.0052370568,8,0.0001296376,0.0,0.1339730273,-0.278382321,-0.054786621,0.4169278997,-0.052971589,0.00110702,0.0491514025,0.6235997466,0,,,,,1.224831418,0.1941939455,0.0135258628,0.0,0.0,1,0.8999293244,0,0.0,0.251050362,4.0,1.4196120911,-0.033559138,-0.087860572,0.3856478164,0.9986583241,-3.019388822,0.0118554437,-6897.479094,0.0558672041,11.600234191,-0.001208714,-0.002215242,-0.021969385,-0.031058232,0.124741317,0.0272097164,0.0,-0.020933977,0.5948009737,-0.048934313,1.0,10.988560939,0.0415270382,0.423476711,0,-0.168614603,0.0637066439,0.019038626,0.0199362477,0.7961756666,1.6236615443,9.6171337e-08,6.0162254e-08,0.9071404483,0.8229037929,-0.187552796,0.0402218648
92038,0.6332190223,0.0262379557,-0.096853084,0.0,0.7215372743,1.0238920734,0.0613011194,0.5018499597,0.5529828948,-0.002907657,1.2708043152,-0.092912458,-3.997436745,0.1311225241,0.0929124582,8,0.0,0.5712290503,0.2307620091,-0.117933999,-0.106231346,0.6226366483,0.0603651496,0.0533831785,0.083036791,0.6124611975,0,2.5867499538,0.1953886215,2.5867499538,0.1953886215,1.8387775457,3.410349238,0.1816583932,0.0,0.0,0,0.0,1,0.0,0.8362307278,4.0,-10.15830488,0.0241815829,-1.870237099,4.4112417915,-1.117729443,0.1535305505,1.1256948021,-3773.486258,0.0288563477,12.249104861,-0.017589247,0.0251412222,0.0574768092,-0.460253657,0.2295641823,0.0136060381,2.0,-0.012658228,7.4498016549,-0.324730676,4.0,13.720470076,0.1603956885,3.8242656366,0,-0.111549313,0.0525547639,0.0342539017,0.0590240754,0.2245102886,2.138964861,1.194618e-08,9.9213247e-09,2.1929925284,4.8092162297,0.1080724548,0.0746247125
92095,0.2594978383,0.0073551141,3.5445313578,0.0,0.1809883628,0.359747952,0.0554002598,0.1670504447,0.4482941138,0.052324272,0.1871776939,-0.02936781,-1.632916026,0.0193653978,0.02936781,8,0.0300406467,0.1342943854,0.2278110424,-0.288490107,0.0642107832,0.3177426869,0.0306133206,0.0648499271,0.1534118379,0.6851118438,0,3.7391800655,-0.022327915,2.8988246497,-0.016366899,2.048549167,4.321450749,0.1278242965,0.0,0.0,0,0.0,1,0.0,0.7256887102,7.0,3.1816864293,-0.024977656,-0.032946145,1.0746522967,-0.636541004,-1.558823403,0.1110142046,-3262.097007,0.0446872923,14.335512424,-0.000467749,0.0098547838,0.0157653902,0.0215467473,0.2477778803,0.029786069,0.0,0.0020449898,1.0881574105,0.145973028,5.0,15.872429103,-0.449343239,3.9800281811,0,-0.101630079,0.0320640989,0.0531221779,0.0333206933,0.5936256324,29.404120549,5.262086e-10,4.2010671e-09,1.6644064804,2.7702489321,-0.011569669,0.0595389166
92096,0.1380882441,0.0058804048,11.582802503,0.0,0.1981802261,0.1181252634,0.17709585,0.4917896848,0.4765490092,0.048207557,1.0873810713,-0.124571288,-5.949577817,0.0408663306,0.1245712884,8,0.0004905709,0.0740740741,0.3443879861,-0.148909558,0.0332245287,2.2905093981,-0.60250217,0.0223677644,0.0583645123,0.2590486272,0,4.6856103062,0.1056869106,4.5470638973,0.1097919402,1.7146242482,6.2932269505,0.1319858138,0.0,0.0,1,0.6622168042,0,1.0,0.7826518222,5.0,47.421633992,-0.02378843,-0.134549166,-8.682314432,2.9922885472,5.8541623052,-8.716485654,4381.712433,0.0248274717,16.024780225,0.0017099144,0.0259218678,0.0607975847,0.0041980769,0.288329244,-0.028568064,0.0,-0.000225887,0.131073827,-0.031296104,6.0,16.784014795,0.3295415154,2.3948802825,0,-0.25352422,0.054915145,0.0208814432,0.0337444438,0.3429832142,5.3858161565,1.39051e-10,7.9410463e-09,1.4137681518,1.9987403869,0.1220662632,0.0411339186
92195,0.6621837826,0.0195470248,-6.813646639,0.0,4.4882691782,0.1778645927,0.0244554425,0.0366776897,0.0309828069,-0.025102758,0.0434348294,-0.010651386,-2.756890146,0.0734360247,0.0106513864,8,-0.000917628,-0.051428571,-0.05967301,-0.096823986,0.1049104222,0.0989905898,-0.123751321,0.000637298,-0.00691218,0.4782573302,0,0.7492015509,0.0356488999,0.7487948194,0.0373830294,0.3072722676,0.069203586,0.0063754679,0.0,0.0,0,,0,0.0,0.2308508874,7.0,0.0254832955,0.000277337,-0.095178605,-0.258039118,-0.737685533,,-0.006101616,-4575.938332,0.0286434127,13.862089762,5.5506e-05,0.0012323448,0.0052976466,-0.000357813,0.0571065217,-0.035305738,0.0,0.0007541478,0.2501071145,-0.001723722,5.0,14.259109425,-0.194247618,1.3723379338,0,0.0654744878,0.0103474017,0.0076009955,0.0195625662,0.2247757242,1.1898383648,1.2141643e-09,1.8938518e-08,0.5278968508,0.2786750851,-0.115517273,0.0223404179
12347,0.2689272555,-0.066075884,1.0480668303,0.0,0.431436854,0.2657010545,-0.598506744,1.9329806368,1.0203046399,-0.031275524,5.2346570397,-0.133385972,-0.947924337,-0.003440946,0.1333859722,5,0.0281177372,0.3594470046,2.2623285132,1.0007067488,0.0384715596,0.2587561027,-0.087457156,0.085335694,0.4181470734,0.9483700836,0,10.232413291,0.8091725792,9.9935705854,0.7878095801,0.4212753733,9.2480583942,-0.266465592,0.0,0.0,1,0.0025765179,1,0.0,1.1968734518,5.0,48.676224454,0.1094919496,0.1508237646,-8.551475421,4.8516375771,0.5733941298,-8.76079293,-4951.308857,0.0248274717,11.339498401,0.0002358514,-0.021716794,-0.065206939,0.0600479184,0.2145067754,0.0004487897,2.0,0.0088235294,3.7118635716,-0.324730676,5.0,13.434972584,-0.436984725,5.2185123668,0,-0.25352422,0.0437499583,0.0312575287,0.0803464188,0.3773372361,9.4909797294,1.1572199e-08,3.7225345e-09,1.8871338601,3.5612742059,-0.004585207,0.0798188012
92097,0.7783143899,-0.091183583,0.3371893129,0.0,0.1070387262,0.5952428774,-0.202196186,-0.1004741,0.2943853476,0.0074940877,-0.057771176,-0.099364452,-1.018667525,0.0017021718,0.0993644521,8,0.0,0.0788381743,-0.064428338,-0.041768113,-0.002517911,0.6190096826,-0.291431378,0.0466980745,-0.106045986,0.525764147,0,4.9412458707,-0.158995615,4.9412458707,-0.158995615,1.7431459757,7.0982545168,-0.154759332,0.0,0.0,1,1.0,0,1.0,0.3326619784,5.0,-10.07784728,0.1330493076,-2.362627975,4.5563371591,-0.814376125,0.1119278668,0.9962744497,-3961.828628,0.0288563477,12.106121086,-8.8124e-05,-0.032741246,-0.038010636,0.015713241,0.3052351726,0.0109025293,0.0,0.0,0.5098674034,0.0678770142,4.0,11.755573607,0.3064918336,0.6468081677,0,-0.111549313,0.0697674453,0.0293316632,0.0711252781,0.3671406957,0.6204412558,7.362848e-08,6.3710485e-08,1.7817034402,3.174467149,-0.029353287,0.0608913422
92121,0.3594480815,0.078967079,-3.988275617,0.0158750004,2.4472655841,0.3327631237,0.060061685,0.0477186791,0.0576758256,-0.048822219,0.0505026922,-0.018502333,-0.647008179,0.130059425,0.0185023328,8,-0.000320067,0.038788222,0.0447171825,-0.029436784,-0.030083036,0.2029850746,0.1250189729,0.0008192589,0.0317104108,0.7001572192,0,1.6811603636,0.0484864165,1.6785133112,0.0489891571,1.1327239065,0.1424496864,0.0349978295,0.0,0.0,1,0.9040640266,0,0.0,0.3957459264,4.0,-73.63517041,0.0044697843,-0.00444384,-0.406600499,-3.770098998,0.9540881447,-0.348398378,25880.595216,0.1473165608,16.959486137,-3.7223e-05,0.0072075467,0.0543372103,0.0014777935,0.1352045882,-0.005204913,3.0,0.0011540681,0.7079102368,-0.012722615,5.0,17.32102815,0.0323434872,1.8026352922,0,-0.258063742,0.0816365555,0.0201775622,0.016745996,0.441619036,4.6955844291,5.803331e-11,1.1174815e-08,1.0047703023,1.0095633604,0.028343052,0.0210763458
92021,0.0763264077,-0.033781579,3.573974545,0.0178893316,1.0279851099,0.3822119666,0.0768060515,0.1036867891,0.2205023638,-0.02285856,0.3224147175,-0.088568594,-3.141362451,0.0723386047,0.0885685941,9,0.0,0.4958768554,0.155569106,0.1440052293,-0.043646738,1.7363557516,0.093033837,0.0091121225,-0.668850367,0.1750669051,0,2.1527047913,-0.424513076,2.1527047913,-0.424513076,2.3787844668,6.402449085,0.0227614564,0.0,0.0,0,,0,0.0,0.9084313988,3.0,-1.651473433,-0.102873409,0.1828450938,0.1903705772,-0.212725774,-0.776276938,0.1597454307,-1774.679171,0.0278203388,15.151571997,0.0005413551,-0.017819236,-0.293512946,0.0091750691,0.1318038252,-0.033912103,1.0,-0.001481481,-0.568699189,0.0003774161,4.0,16.067767493,0.3031040111,2.5669326695,0,-0.154347788,0.0134615721,0.0038694393,0.0098617829,0.3886865854,6.9008220554,5.750232e-11,7.6807256e-09,0.641947143,0.4120961344,0.1340604655,0.0337572015
86812,0.469963911,-0.045379178,1.6301549296,0.0076221112,0.3910695369,1.2649169687,-0.14120769,-0.056331268,0.1270398813,0.0219752778,0.1372309669,-0.071141542,-1.542843233,0.0246337797,0.0711415423,8,-0.090094699,0.0387096774,-0.123618552,-0.158200434,-0.411471268,0.0801385405,-0.444911944,-0.086394973,-0.182946034,0.4547842049,0,2.0718806083,-0.118661954,1.5280060451,0.0758904829,16.127887324,4.8205775869,-0.083147959,0.0,0.0,1,1.0,0,1.0,0.2236604571,2.0,2.9966752611,-0.274552527,-0.128530853,1.2851183693,0.3942374177,-2.065658247,0.1162825865,-5073.909157,0.0446872923,9.9065728198,-0.00213685,0.0047177447,0.0077522326,-0.023441359,0.216778587,-0.011926437,0.0,0.1018743767,-0.543809296,-0.18124618,2.0,8.2101026224,0.1795518899,0.2356605973,0,-0.101630079,0.1527093351,0.0470270389,0.0772457695,1.1120123136,1.8835527541,2.0285248e-06,6.8920681e-08,-0.050958073,0.0876807806,1.2933230026,0.097931191
14328,0.5943791118,0.0250551802,-1.567346819,0.023075661,1.2768149994,1.0590663211,0.0325285535,-0.056074396,0.0887682782,7.20113e-05,-0.081466511,-0.047609408,-3.6623175,0.116815205,0.0476094078,2,-2.6298e-05,-0.04368932,-0.01965427,0.0506790362,-0.037596032,0.1633491818,0.0360350876,0.0468020443,0.0034906167,0.2024373363,0,0.8010016075,-0.375173109,0.7844768117,-0.380242239,12.352501764,26.352792796,0.0788232949,1.0,0.0,1,0.4632025428,0,0.0,0.2169529079,5.0,-0.438405691,,-0.103285289,-0.074378232,-0.513942508,,0.0234730509,873.24642113,0.1328736255,13.319709049,0.0009473402,0.0025695642,0.0079991277,0.0224288108,0.0209847102,0.0210944996,0.0,-0.052445415,1.1746427056,-0.029056448,6.0,14.573488834,0.1218683822,2.6587088615,0,-0.090489243,0.0281124674,0.0177838391,0.0325750745,0.4764655151,5.7973274699,2.9835745e-09,9.8857827e-09,1.3749008036,1.8903522198,0.0972502884,0.0358894469
92111,1.1032840359,-0.020525709,-22.65439497,0.0,14.559695586,0.5623780656,0.0080670529,0.1911035444,0.0091693157,1.251001596,0.2342206749,-0.01278077,-18.20483749,0.3531414963,0.01278077,8,0.0038022592,1.6666666667,-0.055991771,-0.404539483,-0.050535541,,,,1.3728061395,,0,30.464023621,-0.755701903,30.112884849,-0.771823859,0.5631359816,0.0658935443,,0.0,1.0,1,0.1262774763,0,0.0,0.0576326326,2.0,0.0033845784,0.0167110876,1.4740690676,0.252092123,18.848265836,0.1823781797,0.2546576985,-9402.927678,0.0331128264,12.170859669,0.0005950184,-0.00135018,-0.015344226,0.277007755,0.0624322086,,0.0,-0.035398056,-0.331985015,0.0189742572,1.0,10.822177371,-0.189012362,0.4774361766,0,0.048781298,0.0269299131,0.0188034764,0.0543302242,0.6200327731,0.4444851985,1.2602134e-07,1.1724362e-07,0.9714036996,0.9436251477,0.3489887855,0.0529721019
93126,2.5924269673,-0.498489806,-6.254856173,0.0,10.590394374,6.6405450347,-0.052619026,-0.160295091,0.0448598253,0.4667114997,-0.21174049,0.0627288138,2.1150336215,-0.887213573,0.0627288138,8,-0.001032778,0.6047297297,0.1392249081,0.3645380507,-0.164285424,0.2094328476,0.1242501922,-0.012002804,-0.017399267,0.429069785,0,1.3149416712,0.0666629484,1.298923856,0.0658306816,2.8958496476,1.3386263816,-0.020299864,0.0,0.0,0,,0,0.0,0.1357538858,4.0,0.3050766221,0.1026159975,0.5370022827,4.2373429941,-1.008103587,-0.099727184,-1.473602359,-1053.010893,0.1090887662,8.6430501745,-0.002403812,-0.008520267,-0.027505604,-0.954296447,0.1252673361,0.0073076151,1.0,-0.182935833,0.1233645909,-0.233828459,1.0,4.9971582222,0.3485848158,0.3683325692,0,-0.219751184,0.2017167509,0.0856213945,0.1283308098,2.1904643941,8.6867735137,0.0001049881,2.0016608e-08,0.4768711982,0.2274061397,1.0393740898,0.1060564889
92143,0.1239705333,-0.045887092,3.7791433661,0.0,0.2518580741,0.2327025549,-0.0942837,0.6689558912,0.7397012701,0.0308985775,1.9350747902,-0.160007334,-1.047865953,0.0021964294,0.1600073341,8,0.0,0.1922169811,0.2830216036,-0.253996587,-0.027426508,0.6468203699,1.3408379628,0.0241008074,-0.110545089,0.7376909788,0,2.71863191,0.2886881069,2.71863191,0.2886881069,1.1533649042,2.5633354024,-0.196046,0.0,0.0,0,0.0,1,0.0,1.1897972202,3.0,-10.34731306,-0.011920718,-2.249249168,3.9019933025,-0.252308702,-0.876766443,0.9967687073,-3435.852758,0.0288563477,12.78423382,0.0010277436,-0.065046526,-0.231558839,-0.008906814,0.5810145489,0.0235997941,0.0,0.0022583559,2.1375536869,-0.106507118,4.0,13.339812181,-0.590929848,1.7869063325,0,-0.111549313,0.0865922123,0.0301287413,0.038477328,0.4080415399,2.0913935449,1.3907721e-08,1.9696566e-08,1.7465798532,3.0505411836,-0.062181042,0.0487272856
92130,0.0902625113,-0.186872491,4.9486436519,0.0,0.0905647717,0.0,-13.10685608,0.1775850403,0.0,0.2456281994,5.2346570397,-0.209316121,-0.187272543,-0.151876404,0.209316121,9,0.0,0.6428571429,,,,0.3076923077,-0.735241503,0.0029525743,-0.372554169,0.9172469181,0,1.9892574051,-0.755701903,1.9892574051,-0.771823859,0.0,,-3.723787094,0.0,0.0,0,,0,1.0,0.0,1.0,,-0.029412831,0.4342339028,-8.730140165,0.6821776143,-0.42660587,-8.909228388,-5441.496977,0.0248274717,12.218713471,0.0,-0.305513595,0.4958641388,0.0,0.7460242999,13.766666667,1.0,1.1243243243,-0.108235607,-0.009382278,3.0,12.920858076,-0.116677052,2.0331619452,0,-0.25352422,0.0640000328,0.0430271614,0.0771719368,0.4547274113,3.8676508512,1.7795324e-08,1.0461584e-08,2.2820292397,5.2076574509,0.1799979036,0.1139772641
92102,0.110458896,-0.00624126,28.962427525,0.0,0.112615575,0.2074439055,-0.006174884,-0.026033741,0.6870062436,-0.029588823,0.0855106888,-0.165606072,-5.998182369,0.0311949561,0.1656060722,8,0.0,0.0949152542,0.1474273165,0.0569675208,0.0210208803,0.5951374956,-0.085782763,0.0453863786,-0.118394181,0.3839010657,0,1.1798891894,-0.109317258,1.1798891894,-0.109317258,7.6520051145,3.3523552477,0.0891936452,0.0,0.0,1,1.0,0,1.0,1.2558575869,4.0,-10.14828236,0.1993978093,-2.346550895,3.8884816653,-0.150787893,0.1119278668,1.025767234,-2647.722738,0.0288563477,14.377430049,0.007426744,0.0016206553,0.0022319718,0.0057123596,0.2599276457,-0.009664722,2.0,-0.000650054,0.1631341331,0.0437003747,6.0,15.953673379,-0.101280798,3.0914391453,0,-0.111549313,0.0361121036,0.0214182152,0.031110507,0.2368378308,1.7315091561,1.5683172e-09,1.3884617e-08,1.2874448102,1.6575141392,0.2930264532,0.0511436933
92229,0.3531643038,0.0353735167,3.3000183034,0.0,0.0549712083,0.3991758769,0.174783952,0.0896968348,0.4185703955,0.0208047312,-0.12464999,-0.01378037,-0.152452528,0.0407662987,0.0137803702,8,0.0,0.1481251552,0.2067175065,0.0736728842,-0.015370975,0.356744235,0.0962860138,0.0182900373,0.1328761996,0.6319233691,0,5.6734527155,0.4564877323,5.6734527155,0.4564877323,2.2251406432,4.6348251004,0.7925161162,0.0,0.0,1,1.0,0,0.0,0.5028898335,6.0,-10.1243139,0.067689505,-2.293340994,4.1311870731,0.1538921459,0.1558088315,1.0353385767,-3034.484318,0.0288563477,13.86042869,0.0013242809,0.0218641527,0.0257204439,0.016847868,0.348231454,0.0015403003,1.0,0.0005846813,1.948926545,-0.083224472,6.0,14.068271231,-0.824124542,1.225229741,0,-0.111549313,0.0385250822,0.0169094727,0.0258211559,0.3040697579,1.3597562283,3.1594894e-09,2.2819914e-08,1.0956267858,1.2003980538,0.0670248216,0.0391223977
92220,0.2208859206,0.0523472469,7.0319365131,0.0,0.1857071963,0.4234692895,0.2193367241,0.2880213011,0.9050179865,-0.071154831,1.2916685225,-0.04571432,-0.316349044,0.0689072484,0.0457143199,8,0.0257156749,-0.548387097,0.0719933485,0.1369120366,0.01881358,0.1257258318,-0.726267531,0.2226315478,-0.062701206,0.5014698888,0,2.5436340743,-0.028676515,1.9809111014,-0.043659961,4.3631826735,7.4634614895,0.4618673652,0.0,0.0,1,0.001158656,0,0.0,1.2141949159,4.0,-10.01789396,-0.174499999,-0.700274799,0.1935277774,6.1927940724,0.1762486322,0.1421004909,-1728.778943,0.0318276958,14.579842371,0.0067478233,0.033112526,0.0681239733,0.0043608608,0.1792722565,-0.035788201,0.0,0.0012966805,0.4468323162,0.0400196914,8.0,14.843730257,-0.082865647,1.3892881173,0,-0.095378135,0.0280976798,0.0162582681,0.0253345646,0.3732543108,2.0884453558,8.980953e-10,1.7893867e-08,0.9885535443,0.9772381099,-0.009041299,0.0344981264
92177,1.02359593,-0.78276301,-9.80370876,0.0,1.733870837,8.2257963184,-0.220276378,-0.252944663,0.9678495374,-0.027933942,-0.077747005,-0.266112042,-1.096146023,0.0752595505,0.2661120418,8,-0.075115765,-0.114754098,-0.089454667,-0.118998467,0.0011212506,0.3138001827,0.4109509976,-0.189600663,-0.434813469,0.5646405976,0,1.5338514785,-0.088318952,0.3312704055,-0.178062209,70.042893326,62.735666726,-0.302008583,0.0,0.0,0,,0,0.0,1.9640873365,4.0,-0.174140652,0.3386232392,-0.403343587,0.5200861992,-0.120823057,-1.162073009,0.0305705931,-2231.618454,0.3094931693,10.897305856,0.0094497575,-0.019490694,-0.06109901,-0.140694286,0.071718661,0.020859339,0.0,-0.014373717,2.1682278978,-0.133497722,2.0,11.07174354,-0.582944853,0.9549949473,0,-0.309186286,0.0960452408,0.0432143015,0.0694675336,0.706388528,3.9139944764,1.9654515e-07,2.5722033e-08,1.8357365452,3.3699286632,-0.010928556,0.0901349123
92239,0.4684768867,0.0477433573,243.47172044,0.0,0.5783384615,0.2359908,-0.05775986,0.2302951967,0.1746004969,0.0752652362,0.1175955284,-0.106175986,-2.110116598,0.1484874081,0.106175986,8,0.0,0.1774193548,0.1466551203,-0.252997227,-0.215848298,0.1179831813,0.2741026553,0.2780487332,0.4052314175,0.5027412344,0,0.8326806536,0.209943539,0.8326806536,0.209943539,1031.9492386,4.0289080899,0.2821013585,0.0,0.0,1,0.0396608782,0,0.0,0.3873599668,6.0,0.8687290742,-0.079247611,-0.010061405,1.6051689162,-1.729699939,-0.37629119,-0.214128689,8772.1153796,0.0279332649,16.54227292,-0.008560354,0.0147819117,0.030255061,-0.020025275,1.5964798e-06,-0.245288151,1.0,0.0013224822,0.2971774163,-0.016209758,6.0,17.688239939,0.0871159547,3.9917370449,0,-0.500704589,0.0508834124,0.0225817396,0.0349219072,0.228932081,2.375454436,1.09991e-10,8.311582e-09,1.530853479,2.3435123742,0.0229821069,0.0414610319
92205,1.9078729969,-0.172462155,-24.88889198,0.0084511885,3.1500963653,1.1048725535,-0.076334124,0.4138860758,0.2066298432,-0.000203004,0.5150425348,-0.175800849,-4.414606506,0.588890397,0.1758008489,8,,0.0738255034,0.2456918538,0.2368840812,-0.004157057,0.1854954387,0.744297749,,0.2705533849,,0,0.8749382741,0.4810772045,,,16.980086773,6.8692169217,0.2483840536,1.0,0.0,0,,0,0.0,0.3871356503,3.0,0.6210587643,-0.095460738,-0.113655256,3.0445650264,-1.369691227,0.5354687929,0.2262743003,-2223.84087,0.0279332649,11.213466035,-0.00289607,-0.068245296,-0.249240147,-0.279099195,0.0027468335,-1.991943122,1.0,0.2415458937,-0.26236168,-0.072663732,4.0,13.783298833,-0.005097309,9.8670935927,0,-0.500704589,0.2522983849,0.0929746316,0.1321902001,0.6770989163,36.495326435,3.0029472e-08,2.0769526e-09,3.3482519805,11.210791325,0.0245183258,0.1332002697
92184,0.7667552132,0.0109055333,-2.992892492,0.0,0.9462153854,3.0383136402,0.080112099,0.1849345463,0.39893499,0.0193316857,0.3442697653,-0.042244224,-6.117647059,0.0776217367,0.0422442244,8,0.0257933486,0.0344827586,0.0777063542,0.1074387625,-0.039899716,0.5658263305,0.0093559037,0.0469270024,0.0337297297,0.2675066941,0,2.8287827076,0.0409535589,2.0568828214,0.0339009537,56.891891892,9.6756894791,0.0917484692,0.0,0.0,1,1.0,0,0.0,0.7561081081,4.0,-1.481206653,-0.269171324,-0.124312832,4.7235756065,-2.598890637,0.3104148398,0.3311492434,-2273.305534,0.1062765098,13.488979351,0.0011477762,0.0028390272,0.0060963219,0.0329874301,0.0377358491,0.0010808641,1.0,0.0010537408,-0.020863579,0.0833610953,3.0,14.788422975,-0.169418369,2.8512396694,0,0.0239123439,0.0315221995,0.0158443655,0.0316369419,0.3210470926,3.0772355973,2.0462809e-09,9.8260735e-09,0.9812408813,0.962833667,-0.230615106,0.0586968056
92188,0.1374741928,0.0476161207,9.7067677435,0.0,0.2521612541,0.465706896,0.1763781921,0.0166750251,0.4120277499,-0.047800649,0.2913669065,-0.009491244,-0.078559177,0.051356804,0.0094912444,8,-0.007294581,0.0505524862,0.0479691233,-0.215863875,0.0460166734,0.2435867263,0.2079271345,-0.01533768,-0.269951423,0.4530029186,0,2.8309791717,0.1130384658,2.3770648791,0.1230555697,6.9249453486,5.6736318408,0.288415903,0.0,0.0,0,0.0,0,0.0,0.855222068,6.0,3.6211896971,-0.147616208,-0.056932144,-0.372378707,-2.483666466,-0.535504331,0.0102586375,-4366.131456,0.0588548821,15.657523331,-0.00602091,0.0149518304,0.0473864191,-0.010596214,0.2267461997,-0.002617489,0.0,9.53925e-05,1.1382723363,0.0172714181,6.0,16.220595466,0.097568277,1.984581289,0,-0.156910843,0.039797239,0.01265649,0.0206666289,0.3245510532,2.1804332188,2.619916e-10,1.5883064e-08,1.4009543408,1.962673065,-0.011071844,0.0231104889
92296,0.0855358237,-0.00056151,41.672858799,0.0,0.0822506581,0.1354894951,0.0013202637,0.1702695644,0.5804160242,0.0214886662,0.1278413579,-0.176145022,-33.80952381,0.0268431943,0.1761450225,8,0.0,0.2393796359,0.2648658914,-0.128605824,-0.005175145,0.343702127,0.1913940686,0.1031810808,0.2141918898,0.3723612819,0,1.2600323916,0.0561993699,1.2600323916,0.0561993699,6.559340056,6.1835428478,0.2093222099,0.0,0.0,0,0.0,0,0.0,1.169273309,5.0,-10.1348327,0.0007615861,-2.202086513,3.8635585929,0.1741142423,0.1119278668,1.0214154722,1320.2452416,0.0288563477,15.470640129,0.0047308688,0.0055074976,0.0120650744,0.0088185622,0.106937682,-0.013521648,0.0,0.0006749156,2.3820899041,0.2286589635,7.0,16.321396648,-0.368481304,2.3790761446,0,-0.111549313,0.0309331678,0.0186721723,0.0308329769,0.447479515,6.7738798418,3.139108e-10,9.6206968e-09,1.2607662493,1.5895315355,0.00953021,0.051209377
92172,0.3280639423,0.050948276,8.3173776002,0.0,0.4602707698,0.484564012,0.1167827802,0.0157046032,0.5358559912,-0.009005381,-0.01336872,-0.065883702,-1.011552948,0.1024851548,0.0658837016,8,0.0,0.1006622517,0.2301505513,-0.090126348,-0.044149804,1.693078551,0.8109061543,0.0158757706,0.0595070674,0.1715221523,0,0.7343276353,-0.014199329,0.7343276353,-0.014199329,9.8074840348,4.9530374757,0.2182576183,0.0,0.0,1,1.0,0,0.0,1.3208769337,6.0,-10.09728633,0.1698943231,-2.340803897,4.1060867115,-0.989497813,0.8644785176,1.0970574327,-3692.460138,0.0288563477,12.817651048,0.0014146296,0.015661984,0.0368121399,-0.00637525,0.0830518894,-0.006363978,2.0,0.0027359781,0.6150019833,0.1217451936,7.0,13.019151048,-0.405154158,1.1720087943,0,-0.111549313,0.0258731972,0.0272009614,0.0342208488,0.3996706794,1.7523960981,1.1209936e-08,2.580111e-08,1.2457655418,1.5519317851,-0.012771086,0.0423638745
13284,0.2297258778,0.0375699926,14.384194677,0.0150542927,0.5598356203,0.3496343056,0.1210693209,-0.001745418,0.2428001496,-0.021207676,0.0096626949,-0.06827635,-1.436132983,0.0915254982,0.0682763497,3,-0.003514683,0.0,0.1041104422,-0.080355577,0.0131091773,0.3742712787,0.0336492078,0.0001454515,-0.028495969,0.1592557554,0,2.1913847933,0.3980955544,1.7765250072,0.5405833881,8.088973384,10.257473481,0.1242441226,0.0,0.0,1,0.8188284184,0,1.0,0.7153183208,8.0,3.7806610922,0.0293365999,-0.10748463,-0.280127022,-2.767343219,-0.937624306,0.0504273317,-4403.364536,0.0588548821,15.402610154,-0.004187223,0.0099295324,0.0340509666,-0.013209806,0.0324961132,0.0138596024,0.0,0.0026227051,0.2663593172,-0.003900509,4.0,15.760890795,0.0706321489,1.5738140552,0,-0.156910843,0.0283019114,0.0128901858,0.0199385994,0.4111855356,2.9234354332,2.945343e-10,1.352751e-08,1.2974056536,1.6832614299,0.005948712,0.0217692626
93149,0.6427422997,0.0529123197,-0.377821583,0.0,0.3753380741,1.323111475,0.0879062445,0.1470849718,0.4931555252,-0.047686018,0.4653922866,-0.083822386,-1.509415926,0.1327790176,0.0838223857,8,0.0203796161,0.0945273632,0.1925135396,-0.432886216,-0.227346291,1.7669863014,-0.27268245,0.0456830227,0.0179602823,0.4668917324,0,1.981281837,-0.43705408,1.3293399456,-0.388454104,27.648768629,3.4542249336,0.3742240378,0.0,0.0,0,,0,0.0,0.6918473777,6.0,0.4356307523,0.2107094185,0.0839050782,0.2848862389,0.3483588837,1.3582627123,0.0618422874,-2576.871793,0.1711251104,12.324784878,0.027541163,0.0217123677,0.0277104594,0.0361006821,0.0850129023,-0.001211557,2.0,0.0044182622,1.4892014315,0.0538778678,4.0,13.89202257,-0.073431616,3.5777967468,0,-0.067940389,0.0384122543,0.0232581571,0.033129929,0.3480614382,3.755661253,6.602239e-09,8.7583988e-09,1.4998694238,2.2496082884,0.3069414502,0.056057203
14444,0.3276068149,-1.190958076,-1.284528964,0.0,1.9293086438,1.0797696744,-0.805222253,,,,,,,-0.68879487,,1,,,,,,0.6657183499,,,,0.5949718387,0,1.4648169088,,0.9570757589,,1.2476023456,9.0588937525,-0.530300905,,,0,0.0,1,,,,,,,0.3002486717,,-0.819051057,-0.615601627,-3093.021703,0.0318276958,9.7880699303,0.0,-0.253508794,-0.811535723,-0.047222612,0.3029602345,-0.00062523,0.0,-0.787671233,8.6410052323,-0.324730676,3.0,12.516721421,,9.8670935927,1,-0.095378135,0.2392638028,0.0699093196,0.0880793256,0.9559326016,61.413279121,5.3901964e-08,1.1698632e-09,2.1938378392,4.8129244645,0.7318566426,0.1832419965
92221,0.0631135412,0.0128752064,13.315138875,0.0052007454,0.1083964622,0.0987244027,0.2341303928,0.632188371,0.6724913609,4.5297e-05,1.4953548487,-0.159326736,-1.711356967,0.0349092806,0.1593267364,8,0.0,0.1971441732,0.1776171987,-0.467233231,-0.018542226,0.1851220711,1.0472983186,-0.048784276,0.0358211736,0.5407608228,0,1.8206081566,0.2512676078,1.8206081566,0.2512676078,1.4962535589,3.9048855272,0.2091924775,0.0,0.0,0,0.0,1,0.0,1.1258166319,4.0,1.2946004619,-0.106984849,0.0168131313,-0.19771823,-1.644284243,1.7198711539,0.402282438,469.45880993,0.1116949983,15.522940089,-0.017127361,0.0447172594,0.1325037815,0.0051496634,0.3190775317,0.0033733477,2.0,0.0013178124,1.9160459471,0.1341174785,6.0,16.451878304,0.5799303983,2.4178348469,0,-0.152504436,0.0448445193,0.0174117943,0.0286730388,0.3396088276,2.9761636749,3.007684e-10,1.1782643e-08,1.5851139538,2.5125862465,-0.054573775,0.0446373254
92257,0.2139669552,0.0250065588,3.0692162092,0.0,0.2153499364,0.1703324857,0.1423303835,0.2343635921,0.4420378032,-0.002300458,0.3845037198,-0.093962168,-1.460496614,0.0615285533,0.0939621682,8,0.0,0.2587412587,0.1590167083,-0.127048865,-0.013065078,0.3198067633,-0.027925486,0.0252291717,0.1122359155,0.5750893796,0,2.2847847848,-0.020466567,2.2847847848,-0.020466567,0.8530035336,3.8463989802,0.1852218248,0.0,0.0,0,0.0,0,0.0,0.7959213615,3.0,-10.17425633,0.0853786144,-2.18272489,3.9919897244,-0.794409285,-0.001261427,1.0561008312,31196.283122,0.0288563477,15.770201223,0.0013086301,0.0171682488,0.0349123768,0.0046639625,0.4882698939,-0.022101557,1.0,0.000380759,5.1810487293,-0.206399163,6.0,16.734705769,0.2633877452,3.4365013586,0,-0.111549313,0.1373882592,0.0330148688,0.0221652945,0.5561404587,16.267143273,1.093508e-10,4.8814795e-09,0.7495030829,0.5617548713,0.2675413195,0.0361882632
93004,0.7889002831,0.0236784374,0.1273442155,0.0,0.1431256045,0.3604709977,0.0812656611,0.0889241445,0.3635149634,-0.048204159,0.7606344629,-0.046650894,-1.761138614,0.0653794479,0.0466508942,6,-0.001344123,-0.114583333,0.1522153183,-0.06301647,0.0457009565,3.0568356375,1.0684118254,0.000456548,0.0162707002,0.6504329962,0,5.1505564041,-0.434098739,4.7432540548,-0.431475529,0.6745389073,6.7033605813,0.3842604684,0.0,0.0,0,,0,0.0,0.3999345649,6.0,47.751210134,0.0298541815,-0.323206573,-8.031502393,1.0292566521,1.2707067182,-8.691972536,-5444.994337,0.0248274717,11.254773408,-0.001576078,0.0013775735,0.0016255826,-0.019373427,0.5730564095,0.0024690022,0.0,-0.00649283,-0.262763042,-0.01717786,5.0,10.74987409,-0.180605818,0.3124987158,0,-0.25352422,0.037946444,0.0152411572,0.0293303276,2.1413509851,0.4810428208,1.20622e-05,1.3957576e-07,0.5811552241,0.3377413945,-0.067564591,0.0356100783
68145,0.0239143646,-0.104096962,20.966372981,0.0,0.0389943096,0.0346648588,-5.726243429,-0.25010897,0.2992764362,0.0664575315,0.0407964084,-0.240123549,-0.169312913,-0.086472002,0.240123549,8,-0.053405071,0.1818181818,0.2752219532,0.2555336841,0.2718713321,0.3088685015,-0.28145175,-0.007061285,-0.484877127,0.8692205301,0,1.6008056395,-0.263566156,1.5605236657,-0.231292044,0.7733724914,3.8133547868,-2.684265901,0.0,0.0,1,1.0,0,1.0,0.540800252,3.0,3.6182255235,0.1385565742,0.0145776515,0.839068823,-0.99209935,-1.065658247,0.0051768045,-4982.434307,0.0446872923,11.370874003,0.0014141771,-0.241781548,-0.811535723,0.0200948615,0.2513227513,0.0529725547,6.0,0.0,0.4603510712,-0.000979802,4.0,11.037414841,0.1395604826,0.5336817521,0,-0.101630079,0.0659340695,0.0269894223,0.0559635377,0.5695627806,1.12690786,1.7142983e-07,5.2468582e-08,1.7600534185,3.0977880359,0.068379254,0.0849263141
13878,0.0718761312,0.0050047525,,0.0,0.0160361282,0.0951248963,0.1247211341,0.290044159,1.2604789005,0.0327086687,0.7912996585,-0.10911922,-1.701286174,0.0135192687,0.1091192196,4,0.0129103443,0.7387387387,0.9976512732,0.3402847163,0.1167278118,0.3901230035,-0.05733732,0.0449854771,0.2142371683,0.7058857943,0,4.6553466638,-0.315961848,4.3764399044,-0.31636804,2.2590957731,4.4324760048,0.5374162803,0.0,0.0,0,,0,0.0,1.4504540017,6.0,47.741891039,0.2023142834,0.5301154987,-8.748526545,0.4438785275,,-8.743832715,-4304.547257,0.0248274717,13.623013158,0.0013872191,0.0575471947,0.0702595453,0.0147275496,0.377782366,0.0074433988,7.0,0.0,2.0468041243,-0.189190302,6.0,14.22652634,0.2598725145,1.729683183,0,-0.25352422,0.0339751057,0.0268619289,0.0447879872,0.4858010658,6.9903633645,2.4441318e-09,1.1131675e-08,1.0483792652,1.0990990837,-0.722139235,0.0673553576
93071,0.3780938506,0.0419521999,60.620123294,0.0,0.1167689316,0.8309784015,0.1589425886,0.0591249502,0.6469832743,-0.015593776,0.1088509276,-0.055403698,-0.635293349,0.0686041535,0.0554036975,6,0.0329038666,0.1530359356,0.1154763952,-1.167121007,0.0530359153,0.2433853026,0.0433453586,0.1088534214,0.0446568498,0.2799806047,0,2.0343684002,-0.239702078,0.4914450238,-0.545745506,99.707874404,69.017182522,0.5889302581,0.0,0.0,1,1.0,0,0.0,0.8342658137,6.0,-0.097391257,0.0276207575,0.0743495474,-0.370633708,-0.548300868,-0.425655541,0.1574278556,-5186.317505,0.1057354468,13.406402648,0.0011598545,0.0193208511,0.0250784034,0.0052361663,0.002690611,-9.4648e-05,0.0,0.0015318627,2.8388508302,0.0542324297,5.0,14.738646514,0.2689384257,3.1854629363,0,-0.208549392,0.0281836968,0.0272740156,0.0262509879,0.5520674807,7.3072899818,1.803686e-09,8.8515248e-09,0.8179954363,0.6691165338,0.0875048379,0.0380387074
92936,2.5924269673,-1.190958076,-12.81996594,0.0,14.559695586,8.2257963184,-0.010976829,0.0648274175,0.0175755861,0.0,0.2220724549,0.1021278802,1.0266165358,-0.887213573,0.1021278802,7,0.0025848597,-0.160493827,-0.124043246,-0.603408876,-0.209145034,0.039090083,2.4859950082,-0.010166083,-0.43719935,0.4945986493,0,0.9659302548,-0.126526385,0.8910505655,-0.11287252,20.148760331,3.9347196682,-0.109726397,0.0,0.0,1,1.0,0,0.0,-0.033157971,1.0,-0.21284396,-0.616048418,-0.33027077,7.5208774266,-0.489700928,-1.029103096,-9.223719573,-2206.366132,0.0457306398,8.3921715435,0.0008000999,-0.000982948,-0.011660079,0.277007755,0.1457304296,-0.006909144,3.0,0.4229112782,3.5620808093,0.0861060051,0.0,7.6650955186,0.8921902466,0.328705999,0,-0.034541484,0.0740740001,0.0431997847,0.0598518669,2.1904643941,1.5655821809,0.0001049881,7.1989846e-08,1.9944146509,3.9776897995,-0.052492221,0.1278042707
92293,0.2642303606,0.0568087536,4.2245467626,0.0,0.2205789478,0.4228924107,0.2332463011,0.011627907,0.5339147287,-0.071563089,0.1501210654,-0.100513809,-0.852861035,0.1052587259,0.1005138086,8,-0.005780347,0.0648148148,0.014858841,0.1515394547,0.0023719282,1.0628930818,0.1562553119,0.0054909561,-0.080775444,0.4413908046,0,1.5798994975,-0.215609718,1.5417085427,-0.206127519,3.2757793765,4.4135702746,0.4024024024,0.0,0.0,0,0.0,0,1.0,0.8885298869,6.0,-10.13203951,0.1050364192,-2.376651334,4.0422531298,-0.91469914,0.0539286453,1.0998310039,2225.8504416,0.0288563477,14.997736188,0.0009940358,0.0285191956,0.065767285,-0.015730796,0.3349942507,-0.003174327,1.0,-0.000345304,2.5965097573,-0.001693739,5.0,16.028336943,0.2610266656,2.9759666667,0,-0.111549313,0.0322581008,0.0164865782,0.023587258,0.2905249899,3.8945886706,3.46525e-10,8.0029001e-09,1.4053340261,1.9749637248,-0.047233265,0.0397135532
93130,1.9685168,0.2831439033,-2.394305042,0.0,2.5359039588,4.1615035945,0.1797392657,0.2080830406,0.2248019578,0.0266736292,0.1958285114,-0.023548507,-0.231602305,0.5573270363,0.0235485071,7,0.0883203715,0.3398963731,0.0569747701,0.3162572353,-0.057433491,0.0719924605,-0.214095469,0.1958607947,0.274146649,0.5819980912,0,2.3588799574,0.5334921766,1.5853996879,0.2497540285,3.7455351121,5.1906793721,0.2312396303,0.0,0.0,1,0.6770592025,0,0.0,0.4855982248,4.0,47.601170115,-0.339788944,0.131273133,-6.851885876,14.91629221,0.0532907981,-8.200024948,-5280.470597,0.0248274717,12.03453947,-0.001013469,0.0040082849,0.0089598204,-0.371756065,0.183813365,-0.08099468,0.0,-0.180064873,-0.157240896,-0.03744865,5.0,10.305859892,0.0828605531,0.1058980691,0,-0.25352422,0.0709459558,0.0397994893,0.0500666898,0.7122544529,0.3062258819,5.9792827e-07,2.4934452e-07,1.5263301633,2.3296837673,-0.087678643,0.0691134516
89756,0.0888170759,-0.312352057,30.770229508,0.0,0.2191781762,0.0315268029,-1.071572028,1.3253043253,-0.732236272,0.1644958557,1.3377241127,-0.529527965,-0.6184514,-0.11917749,0.5786463093,8,0.0212633383,1.5,-0.102539063,0.4915203434,2.2489026118,0.5486409156,-0.761094135,0.1525511526,1.295212766,0.1365324126,0,0.4393939394,-0.402621931,0.32404407,-0.474370375,1.2052459016,44.829268293,-1.912190309,0.0,0.0,1,0.5289469685,1,0.0,-4.428422697,1.0,-16.63295801,-0.046280349,-0.941466149,3.8668398452,9.1519675268,-0.888072133,0.8753947879,-4176.121958,0.0288563477,11.442801466,0.0,-0.305513595,-0.811535723,0.008609189,0.9734194038,4.938161979,0.0,-0.108687338,-0.097616509,-0.009987656,2.0,9.7238278539,0.1447835059,0.1748882622,0,-0.111549313,0.0244989172,0.013365684,0.0312261031,0.9679581707,0.4171298287,6.3828403e-07,1.9749149e-07,0.6697289075,0.4485368095,0.3357534292,0.0671288376
92402,0.2694968992,0.0374183538,6.3335829669,0.003835653,0.2748590643,0.1874622999,0.1400927988,-0.076681819,0.219523968,-0.050904872,-0.062143934,-0.035407563,-0.536493048,0.0574930405,0.035407563,8,0.0,-0.102729224,-0.037644339,-0.092084129,0.0106270192,0.7609754023,-0.190977421,0.0082701209,-0.09105194,0.237342678,0,1.6295463004,0.2867873829,1.6295463004,0.2867873829,1.9588874978,5.5768617423,0.1791877172,1.0,0.0,0,0.0,0,0.0,0.4213684149,7.0,1.3595538427,0.002753069,-0.190589797,-0.165046701,-1.004479529,0.3740012209,0.0294885063,-1742.449334,0.0558672041,15.807262599,0.0022122857,0.0223944126,0.0449169081,0.0027422354,0.2950845479,0.0066729505,3.0,0.0006727212,-0.138574464,0.0866337325,6.0,16.586849715,0.038417662,2.0093365941,0,-0.168614603,0.0151782455,0.0081458562,0.0146843001,0.3603272231,2.0330273494,1.835499e-10,1.8541608e-08,0.8185539842,0.6700306251,0.027204048,0.0244228227
12400,0.2245015507,0.0411392853,1.8186780561,0.0220933926,0.7115361298,1.0105947934,0.1286199322,0.0020188823,0.1215175702,-0.046625972,0.0463946637,-0.013392681,-0.304415226,0.0536627101,0.0133926806,5,0.0011124531,0.0624803768,0.0562211986,0.0410276664,-0.04613213,0.4522212987,0.0238734717,0.0136315369,-0.116703986,0.4212523478,0,1.9649449849,-0.093096088,1.9505430923,-0.095404636,4.4431483978,5.2102884345,0.0912907512,0.0,0.0,1,1.0,0,0.0,0.3997714485,5.0,1.3716318695,0.0582500088,-0.025380196,-0.21004205,-0.918376403,0.8297493511,0.0256581759,-2731.335264,0.0558672041,14.669879232,0.0013919774,0.0101550518,0.0435293419,-0.009147511,0.228232544,0.0097719855,0.0,-0.000502892,0.2520984103,0.0523127844,7.0,15.805784405,-0.436015508,3.81067883,0,-0.168614603,0.0634403974,0.0311264098,0.0531218265,0.4803000254,9.4291262905,7.877034e-10,6.9699728e-09,1.5825386655,2.5044286278,0.2457024161,0.0438478914
92303,0.9934358713,0.0585234117,-6.044136128,0.0160888728,4.1376824181,0.2145931443,0.0304592844,0.0173923618,0.0380529849,-0.074731576,0.0257404049,-0.008501724,-0.739028726,0.1017738941,0.0085017245,8,-0.002348792,0.0860215054,-0.002621532,-0.003805271,0.1024834453,0.0451177244,-0.023616305,-0.002974009,-0.015963766,0.6326542785,0,1.2656502645,0.0608979121,1.2505344986,0.0649486285,0.3766206307,0.0590220774,0.0153356534,0.0,0.0,0,,0,0.0,0.1901006211,5.0,-0.362294768,0.0015321632,0.0422714714,0.0732129704,6.2685293466,,0.0222362528,-5315.872142,0.0286434127,12.11914609,-0.000522165,0.0025899165,0.0137747718,-0.000681508,0.1243347773,0.0564292079,2.0,0.0008271299,-0.745880144,-0.001585375,4.0,11.227740678,0.0315372713,0.3710536799,0,0.0654744878,0.0133037921,0.0070029966,0.0160851547,0.5199008521,0.7873475844,2.1846224e-08,5.3630627e-08,0.4605581161,0.2121137783,-0.035522576,0.0209124209
92308,1.2467051698,0.0667326528,-26.92982499,0.0139669475,6.6010547996,0.3089373786,0.0209436463,-0.015686654,0.0332162291,-0.106853477,-0.023294345,-0.004390257,-0.520408163,0.1014608701,0.0043902565,8,-0.001710191,-0.043103448,-0.00724532,-0.051045719,0.028426321,0.078680203,-0.040425977,-0.003207555,0.0266545378,0.4620112164,0,0.947436379,0.0250431891,0.9432927974,0.0279574666,1.3332462613,0.0666904038,0.0115352378,0.0,0.0,0,,0,0.0,0.2180837144,8.0,0.0085344484,0.0002318189,-0.086853482,0.326482269,-1.263353245,,0.0219232289,-5432.398232,0.0286434127,11.392004518,-5.2879e-05,0.0020549404,0.0128503552,-0.000340934,0.0455560207,0.0145390512,0.0,-0.003287573,0.0627100271,0.0007437216,4.0,12.231870613,-0.00436583,0.9633213859,0,0.0654744878,0.0179487001,0.0068498696,0.0073085025,0.6885770264,1.7023952078,3.9373698e-08,4.9442207e-08,0.0610888712,0.0037318502,1.0981948503,0.0183133074
92326,0.2939699411,0.0517370436,0.6891822353,0.119866142,0.5317104328,2.7101702035,0.0403084833,-0.055458563,0.1458617491,0.0,-0.023601399,-0.13085869,-2.68200115,0.1904958539,0.13085869,8,-0.055272646,0.0889261745,0.0137661644,0.2476403235,-0.460704518,0.0805845511,0.0521137056,-2.7279e-05,-0.168685849,0.6278917545,0,3.4386213409,-0.004175895,2.6605288008,0.1071738392,10.971335662,47.053202479,0.181501548,0.0,0.0,1,0.8144023756,0,0.0,0.4082954737,4.0,0.1734775934,0.1450988518,0.0656426307,0.5851535866,-0.289718005,-0.467872674,0.3515508138,-14745.9961,0.0739470786,14.561371974,0.0050367765,0.016320893,0.0547258979,-0.244388097,0.2857626927,0.0217484127,0.0,-0.006577345,0.3494893088,0.0709497463,3.0,14.951181046,-0.575205124,1.325406057,0,-0.13824669,0.0421486981,0.0250867243,0.0376585188,0.3134246862,3.3633437768,1.5325838e-09,1.5223015e-08,1.4260510727,2.0336216619,-0.101547245,0.0423365867
93052,0.4690896305,-0.188243191,0.9967867411,0.0,0.7109384989,0.2738780207,-0.184256676,0.1242693345,0.0745559802,0.0466096592,-0.054298835,-0.135097235,-0.867040245,-0.025028769,0.1350972351,8,-0.028892711,-0.037037037,0.148217636,0.2340413908,-0.127440414,0.0758689974,0.1303552865,0.1053844424,0.3566608117,0.6654928761,0,8.7253193961,0.076421016,8.0551684088,0.1911419103,0.7245053272,7.1818943839,-0.174872703,0.0,0.0,0,0.0,1,0.0,0.1156512896,4.0,-0.788814151,-0.073251351,-0.296112247,9.1893083434,-11.51990195,-0.186611009,-0.116039258,-7710.945599,0.0257826007,9.4862918733,-0.000346775,-0.021764032,-0.065966769,-0.019563359,0.1907538642,0.0705077411,0.0,0.0206193359,-0.857328858,-0.169656331,3.0,6.7830420745,-0.198086287,0.0478388972,0,0.080304809,0.0544444248,0.0479129977,0.0856259695,1.0526995751,0.3067352449,3.7687e-05,4.2266591e-07,1.500940001,2.2528208865,-0.292091247,0.123074468
14945,0.1474903133,0.0114210649,11.108695509,0.0,0.0650083748,0.20119716,0.1427141256,0.7877948994,0.2188931625,1.251001596,-0.258145839,-0.004305989,-0.064917859,0.012162496,0.0043059888,3,0.0,0.3990461049,0.1488409466,-0.020125553,0.6480419091,0.0947638019,0.1678384222,0.2016217938,3.3337725082,0.6535931676,0,4.7660564136,3.2792663029,4.7660564136,3.428478885,2.7393489905,4.6301274462,0.2420793846,0.0,0.0,1,1.1230439796,0,0.0,1.9550287181,7.0,-355.6110858,-0.535482446,0.2186691181,-2.211925213,-1.26877653,0.6222755952,-0.125205798,-2375.720438,0.2277833408,13.067402637,-0.008488266,0.0116614748,0.0223266317,0.0416663533,0.0370010072,0.0123377543,0.0,0.0035955056,0.1014053127,-0.087257848,7.0,14.201312179,,2.324410157,1,-0.166303822,0.059110634,0.031660217,0.0508412032,0.4332197588,3.4409909416,7.9430923e-09,1.2624731e-08,0.8169950284,0.6674808765,1.8250816193,0.098281457
92354,0.1491098061,0.0656371626,0.2748085594,0.0350632102,0.2175993491,0.9117163956,0.9227535636,0.3948611821,0.7675688479,0.0729560783,0.2395217873,-0.492579347,-5.840987654,0.4490230192,0.4925793471,8,0.1450367135,0.0657894737,0.1748164855,0.2107652575,0.0318036689,0.0808080808,-0.620928385,0.2802912246,0.1246180174,0.6765425522,0,14.036420863,0.1769322191,9.8480215827,-0.067358831,2.6840096376,4.7299365199,0.343137457,0.0,0.0,0,,0,0.0,3.7624373548,5.0,1.3771877933,-0.14186837,-0.022071099,-0.285433795,7.1708439163,-1.111916426,0.421018485,-6935.739314,0.0558672041,11.830086917,0.0099945278,0.0176338364,0.1271248098,0.0085780188,0.3167898089,-0.064277845,0.0,0.0,-0.506565749,0.0066262379,5.0,11.5032882,-0.036615517,0.7743191522,0,-0.168614603,0.1299871057,0.0395918723,0.0451654095,0.6204419209,1.4582844277,8.5454083e-08,3.4161159e-08,1.1255000476,1.2667503573,0.0815948949,0.0497338997
92445,0.5801088398,-0.84950721,0.168354605,0.0,0.3428251903,0.3107104693,-1.761989343,-0.284814072,0.1290963926,0.5388399827,-0.027748659,-0.081357198,-0.10598925,-0.759468578,0.0813571976,8,0.0183697126,0.0242424242,0.4287142571,-0.092732038,-0.064398018,0.36829653,-0.334275022,0.0473623022,-0.381462419,0.7531742879,0,2.2269296632,-0.727538594,1.6315722712,-0.76249589,0.6787631216,3.3294501398,-2.326288144,0.0,0.0,0,,0,1.0,0.1455000696,3.0,48.349724266,0.0640499047,-0.184380816,-8.240293836,1.1532696914,-0.42660587,-9.223719573,-5501.374588,0.0248274717,9.15826779,0.0,-0.192369083,-0.382338881,0.0867483258,0.4401788841,0.6849335753,0.0,-0.160714286,0.7887969431,-0.135654233,4.0,9.8410881025,-0.003672239,0.4190700234,0,-0.25352422,0.0575949103,0.0256061083,0.0487031873,0.6888943376,2.6787948651,5.6594419e-07,1.990612e-08,1.2183377337,1.4843468333,-2.532741672,0.1040972239
92454,0.234544099,0.0586542957,4.6460137296,0.0227473244,0.0245546252,0.3357407636,0.9227535636,0.2399067361,0.7010601479,0.0385845103,-0.210389738,-0.012588805,-0.050229733,0.0616004853,0.0125888047,8,0.0,0.1188811189,0.0417979694,-0.434147977,0.0491100908,0.4990708675,-0.12069926,0.0694232941,0.3186327801,0.8275935383,0,8.7962423265,0.7228744225,8.7962423265,0.7228744225,2.1053495899,6.7297808704,1.6230229252,0.0,0.0,0,,0,0.0,0.8231910359,5.0,-0.305311789,-0.079230306,0.0790822411,4.6433897735,-0.581067273,-1.666113088,0.7840184921,-14172.95437,0.0314049921,13.245295437,-0.010420507,0.0449171421,0.0493004783,0.0128377547,0.5598475464,0.2087280317,0.0,-0.000447828,0.8401712516,-0.021551415,4.0,13.783276998,-0.294187068,1.7537337519,0,-0.107492679,0.0464831926,0.0213665491,0.0326825216,0.4184427383,3.012084701,4.400022e-09,1.3289124e-08,1.0882686354,1.1843286228,0.5382209839,0.0576230296
92428,0.3703670672,0.0646384762,2.8926634035,0.0,0.1007061671,0.5534838521,0.3601086301,0.0966262355,0.8328762585,-0.024234839,-0.013934908,-0.070767032,-0.493015632,0.0965062553,0.070767032,8,0.0,0.0022909507,0.0623438823,0.421668578,-0.017503318,0.1573947512,0.0690895316,0.0917008706,0.1311108857,0.5916823037,0,2.8231709845,0.3138878181,2.8231709845,0.3138878181,3.0269643876,42.89986518,0.8887052513,0.0,0.0,0,,0,0.0,1.0926551053,4.0,0.3315553529,0.055927549,-0.022782017,-1.308192102,0.025607102,-3.39269878,1.3746047674,-533.53788,0.1078503062,12.826264537,-0.007114262,0.023184716,0.0290823793,-0.02181312,0.3654350555,-0.025246961,0.0,0.0008528785,0.0922837342,0.0286983661,7.0,13.69869719,0.2866753418,1.8921275536,0,-0.219751184,0.0555555485,0.0269392526,0.0427680261,0.3938928129,3.5951191026,8.8409673e-09,1.3263495e-08,1.6027172784,2.5687026745,-0.014216131,0.0538365461
92429,2.5924269673,0.2207919407,-183.1412575,0.0,2.4649046863,1.0161845697,0.0162734342,0.2234365561,0.1832360819,0.0196168818,0.4416456508,-0.097399556,-2.208110803,0.6273066775,0.0973995558,8,0.0,0.0518518519,0.4259577942,0.5676052821,-0.020197966,0.0802022139,0.0911965805,0.3414338393,0.0898415893,0.518759072,0,0.571622431,-0.46613463,0.571622431,-0.46613463,598.44675926,13.078818232,0.3068933018,0.0,0.0,1,0.375,0,0.0,0.2649462699,4.0,0.5881420202,-0.050931863,-0.135628908,4.1802931314,-1.781453895,-0.465802812,0.3457089136,-2245.72191,0.0279332649,11.709462688,-0.062299301,-0.103100349,-0.196040376,-0.451997407,0.000263892,-7.935456048,0.0,0.0053475936,0.7266607449,-0.043125972,5.0,12.467736482,0.9724263508,3.7067465858,0,-0.500704589,0.2723404765,0.0772189763,0.125891863,0.7834688985,12.652639593,5.4789905e-08,5.5600044e-09,3.3482519805,11.210791325,-0.045734387,0.119004453
92432,0.2581245111,0.0358491031,9.3773759545,0.0064229227,0.2354503274,1.0245224917,0.1877096725,-0.350379777,0.2055056128,0.0216162438,-0.414195972,-0.078023905,-1.361057024,0.0846417766,0.0780239047,8,0.0,0.1632958143,0.135812487,-0.031925683,-0.200010417,0.1765436717,1.4978724634,-0.293245629,-0.273086471,0.4750407863,0,1.6379443852,-0.127013433,1.6379443852,-0.127013433,16.692217709,7.9000238368,0.1951903325,0.0,0.0,1,0.0480235504,0,0.0,0.4184293,6.0,-355.6546402,0.399372314,-0.017081173,-2.101291015,-0.665594633,1.3024317158,-0.052726517,-2033.790028,0.2277833408,13.940048305,0.0030033831,0.0214186113,0.0338468187,0.0826734527,0.0653022771,-0.090558344,1.0,0.0,0.2076758782,0.1497270111,6.0,13.875043319,0.0695725766,1.0493136689,0,-0.166303822,0.0275310352,0.0150285542,0.0252564164,0.3023444398,1.6554496284,2.1843804e-09,2.0177182e-08,0.9748595123,0.9503510687,0.0705342615,0.0370692219
92400,0.184993929,0.0353052524,64.15356583,0.0,0.0899236271,0.5835380875,0.2208041422,0.1487641977,0.9734797781,-0.017744394,0.342493554,0.0136161582,0.0991620773,0.0318043102,0.0136161582,8,0.1342179647,0.0805714286,0.0471676798,,-0.029687638,0.117837379,-0.333874367,0.2984269914,0.0734654688,0.5249680462,0,2.4768418061,-0.247538881,0.2974481272,-0.68102557,51.630058658,,0.5545061391,0.0,0.0,0,,0,0.0,1.3515803562,2.0,0.0894121764,0.2081592957,0.05846567,11.111337629,1.4465468985,0.6105786511,0.2949698744,-14745.9961,0.3739105922,12.909284224,-0.0417383,-0.017618189,-0.027868529,-0.08429628,0.1139895934,-0.03166569,1.0,-0.00913242,0.5752278193,0.162112195,5.0,15.722669748,0.5761429557,9.8670935927,0,-0.019100315,0.1076443195,0.0358634052,0.048955094,0.3911927849,29.205466737,1.1111774e-09,1.9755752e-09,2.3840027125,5.6834689331,0.0604016735,0.080699416
13712,0.4440801948,0.0893835536,-1.192113372,0.0072704639,0.8290551797,0.6107320416,0.1321329544,0.32395576,0.1920766947,0.289653896,0.1401587925,-0.054427594,-0.680394021,0.1501995891,0.0544275936,8,0.0,0.3333333333,0.3467416378,0.1675256664,0.3686717819,0.0911244079,-0.761094135,,0.8939369998,0.2132398501,0,2.8824855261,0.1926557614,2.8824855261,0.1926557614,2.9570108053,7.8548604104,0.1169219479,0.0,0.0,0,0.0,0,0.0,0.7839237083,8.0,0.0346662479,0.0362065832,0.2695397045,-0.407111718,22.036834212,0.6894264675,0.0517157913,-9201.907878,0.0331128264,12.771995469,2.93796e-05,0.0102355195,0.0368318167,0.0740356886,0.1793321207,0.0087739225,2.0,0.0152091255,0.3420470737,0.1173195615,5.0,13.501798157,-0.008152153,1.7792698927,0,0.048781298,0.0775454938,0.0310815854,0.0491523051,0.3708650381,3.5747679236,6.172641e-09,9.178764e-09,1.4239647487,2.0276756055,0.0912779999,0.055760894
92443,0.829103555,0.0282906558,-24.52677522,0.0179856316,3.3879281848,0.1398213945,0.017751413,0.1176961807,0.0311399737,-0.16441667,0.2216211564,-0.001902288,-0.268627257,0.0358902971,0.0019022883,8,-0.000123348,-0.015337423,-0.020277012,-0.330002255,0.0299340372,0.1546556852,0.1030511156,-0.001178053,-0.170616723,0.4838322678,0,1.2304603357,0.2037718392,1.2299963287,0.2041899928,1.3057268378,0.0522569224,0.0110213959,0.0,0.0,0,,0,0.0,0.1175297581,5.0,0.0027129763,-0.000554667,-0.059087457,-0.091119346,-1.49249735,,-0.043647344,-4782.133222,0.0286434127,13.550269855,6.4961862e-06,0.0014860286,0.0083884402,0.0038796459,0.0270280634,-0.005906011,1.0,-0.000657462,0.4764144978,0.011713602,3.0,13.072248116,-0.027311263,0.578677474,0,0.0654744878,0.0123839481,0.0096382829,0.0171905051,0.3415613063,0.8289756043,3.7141538e-09,4.1437843e-08,0.4486006871,0.2012425765,0.0077511613,0.0164474109
92433,0.06745663,-0.264491939,7.2648820795,0.0,0.078166281,0.0,-9.243858382,-0.450988474,0.0,0.0947113342,-0.340507302,-0.33089714,-0.258180566,-0.196205261,0.3308971403,8,-0.007210477,0.037037037,,,,0.3921161826,0.2928630705,-0.002008489,-0.546018121,0.862965522,0,1.6866096866,-0.403376165,1.5595700596,-0.42223622,0.0,0.0,-2.669960373,0.0,0.0,0,,0,1.0,-0.036106002,2.0,,8.06377e-05,-0.045525115,0.0400984868,-1.850799374,-0.819051057,-0.123012018,-3015.315503,0.0318276958,8.9001222084,0.0,-0.305513595,-0.811535723,0.002313389,0.8168554297,-0.373219937,1.0,0.0565334444,3.8173009096,-0.210326109,3.0,9.9808010857,-0.022907641,3.7644261941,0,-0.095378135,0.0769230723,0.052121243,0.1111643119,0.8671020237,35.5112978,4.8053292e-07,4.7399829e-09,1.8307820154,3.3517627881,-0.034343282,0.113165104
92448,1.5784993256,-0.368280234,-1.673040268,0.0,0.0531245053,0.3824445359,-0.279944996,-0.038427194,-0.079183009,0.1535813584,-0.080822711,-0.124602302,-0.563066852,-0.160913842,0.1246023023,8,-0.079969618,-0.030821918,0.100498639,-1.230221047,0.6325755431,0.1266484639,0.1526410752,-0.055788253,-0.036932239,0.644329133,0,14.844950461,0.1402804954,9.4656700852,0.5880599685,1.0130160983,5.4890063679,-4.582037736,0.0,0.0,0,,0,0.0,-0.082460379,3.0,2.8703687995,0.0263854579,-0.198062448,2.393653784,-0.949491777,-1.065658247,-0.069265035,-4999.716977,0.0446872923,9.8076174265,-0.001788295,-0.271768673,-0.279744146,-0.0996661,0.2657634952,-7.549961444,0.0,-0.388349515,-0.556258263,-0.121624239,2.0,9.9299167314,0.3317234553,1.1061881775,0,-0.101630079,0.0457142927,0.0246765227,0.0654978069,0.5211073425,4.2578742116,1.95682e-07,1.3143108e-08,2.1107726924,4.4553613591,-0.063341951,0.0848967887
92493,1.1072307734,0.0226585783,-1.075502165,0.0,0.334187223,1.9554963498,0.036822314,-0.004311005,0.5456737491,-0.015764204,-0.023358403,-0.153628968,-9.928740444,0.2476297215,0.1536289681,8,-0.005997468,0.1428571429,0.0312554034,0.0779952604,-0.056349922,1.8542738396,0.8497428625,-0.028176099,0.0151399996,0.5151446333,0,4.1476183161,0.0142563314,3.8803871423,0.0233252613,4.8418908155,5.0375253657,0.4560299516,0.0,0.0,1,1.0,0,0.0,0.7279734558,6.0,0.0285259476,0.0836598503,0.0751296958,0.5918014866,0.220367248,0.7048388363,0.3268398671,-576.4263734,0.1090887662,13.082254376,-0.002132062,-0.018053935,-0.023825842,-0.031952907,0.204586045,0.012626037,0.0,-0.008038585,2.9348063662,-0.210359824,4.0,12.690165187,0.6652107144,1.0459437792,0,-0.219751184,0.1590039134,0.0525994737,0.0538476077,0.7047628189,4.3347036344,2.0459579e-08,1.9726104e-08,1.2426054303,1.5440682553,0.2216340356,0.0649088712
93239,3.2169499937,0.1462164928,-33.87154703,0.0,3.2452699669,9.7258637334,0.1321726677,0.005539499,0.1828034682,0.8794684697,-0.216554488,0.013753061,0.7054097483,0.0430739534,0.013753061,7,-0.115627823,-0.086206897,-0.035350868,-0.723231787,1.8045450301,0.0897617,0.0645443717,-0.120402949,0.28126467,0.5808604322,0,1.377310681,0.3557032947,1.156402336,0.8379840242,50.52359642,2.8744994561,0.101558359,0.0,0.0,0,,0,0.0,0.3285137546,5.0,-0.151750061,-0.174061402,-0.084141705,3.396076514,-1.276710303,-2.014193151,-0.058285063,-2470.447043,0.0979159386,7.3702809817,-0.01458997,0.0043929832,0.008942119,0.3618943251,0.0210362095,-0.025067103,1.0,-2.229657826,1.1612085085,0.0195876285,1.0,8.7134317147,0.0618814029,8.5321709234,0,-0.177430685,0.4292520285,0.1426865586,0.1530261886,1.3701835351,111.5503479,2.1888216e-06,1.1565097e-09,1.0390544675,1.0796341865,0.5237530121,0.1496964066
92466,0.7492124739,-0.372347369,0.0760963904,0.0,0.2705299153,0.8386264783,-0.284043479,-0.112542955,0.1483525369,0.2702427274,0.0622947829,-0.206152775,-0.600386763,-0.148794938,0.2061527752,8,0.02669951,-0.164556962,-0.18520023,-0.30057625,-0.269412782,0.1969561325,0.0121235285,0.0186880938,-0.162325352,0.6086515688,0,3.0048037557,0.026113533,2.2251214586,-0.007754326,3.6101389861,3.6171918048,-1.233072398,0.0,0.0,1,0.2939168218,0,1.0,0.1857113177,2.0,2.7281635067,-0.127543871,-0.331797492,1.5643669322,3.1586480932,-1.065658247,-0.057146131,-5033.067127,0.0446872923,10.623645645,-6.6233e-05,-0.041974675,-0.05875153,0.0469987969,0.1747164074,-0.025447508,2.0,-0.016666667,0.2193427828,0.0168722891,1.0,9.6809700449,0.2183418574,0.542850626,0,-0.101630079,0.0588235594,0.028429883,0.0506256978,0.6888499499,1.0180828681,4.5505148e-07,6.6697009e-08,2.1822752912,4.7623254466,0.0186000628,0.0958107783
92478,1.3724099038,0.0321812911,-2.111554267,0.0,1.064346281,0.5953315684,-0.038588797,0.0734094213,0.0533326736,-0.037010389,0.2007684645,-0.074474016,-5.457335826,0.207805404,0.0744740163,8,-0.033257748,0.0344827586,-0.073316317,0.1090947708,-0.263391094,0.0652552991,0.0514466181,0.1018024966,-0.003723348,0.5220257217,0,25.672009804,-0.079685101,9.9233333333,-0.097932414,1.8009087494,9.5592047862,0.102834029,0.0,0.0,1,0.8152104987,1,0.0,0.0454014609,3.0,3.0942922605,-0.062165122,-0.003261748,12.374286127,-2.023893072,-0.041471793,2.3752013325,-320.6506319,0.0796288203,13.034066447,0.0321808429,-0.048039996,-0.085693383,-0.060294967,0.0889728932,-2.888541283,0.0,-0.141391754,1.0479835196,-0.052796606,4.0,13.665855727,-0.004608406,1.4226534544,0,-0.186226261,0.0249415189,0.0149751015,0.0281192759,0.3228664137,1.7186449973,5.9697245e-09,1.9216531e-08,1.791274327,3.2086637147,-0.025252362,0.0324052383
92497,0.0278532227,-0.011895595,17.225971503,0.0,0.081812019,0.0661488175,-0.166379477,0.193993001,0.5302725664,0.0253024717,0.2234527792,-0.206483036,-1.748922899,0.0089088836,0.2064830365,8,0.0,0.379211175,0.3420344119,-0.243424338,0.0154064875,0.5143237841,0.1054852519,0.036352973,0.1151238741,0.6308002101,0,1.7134604466,-0.200569662,1.7134604466,-0.200569662,1.2350175168,3.9772639526,-0.111854902,0.0,0.0,1,0.0001582739,1,0.0,1.8817864148,5.0,-10.13629794,0.0321501687,-2.062254974,3.8058759919,-0.639778406,0.1119278668,1.0034811615,4175.1618816,0.0288563477,15.684524765,0.0002824277,-0.035104411,-0.118246506,0.007375905,0.3398794442,0.002093114,0.0,0.0001191895,1.6686785705,-0.05271682,7.0,15.724062902,0.0624943774,1.7847919775,0,-0.111549313,0.0467938408,0.0187793956,0.0283597772,0.4973782884,4.3962505571,3.296004e-10,1.1188533e-08,1.5042873496,2.2628804302,0.0361101749,0.0341611809
13524,0.3790998051,0.0298219262,63.419228916,0.0,0.1952844737,0.5422911641,0.0780455226,0.1074480948,0.2533162885,-0.007787701,0.1830343536,-0.086037379,-1.576730734,0.0768430739,0.0860373785,3,0.0082128232,0.1238749408,0.1103691604,-0.675658574,-0.031457515,0.0877295983,-0.036597029,0.1612778061,0.0721607049,0.3222438858,0,0.9495435923,-0.233137772,0.5520256834,-0.32765031,80.804551539,29.661425061,0.3011204133,0.0,0.0,0,,0,0.0,0.3710025764,5.0,0.0034934034,0.0229908354,0.0440841677,0.1246289221,0.3708083448,-0.11168926,0.0125892236,-3580.212052,0.0885157098,12.833768027,-0.005702055,-0.00317662,-0.004671147,0.0206714604,0.0037172195,0.1007333304,0.0,-0.002159827,0.5711276573,0.0190815511,6.0,13.288775476,0.514804556,1.5408393214,0,-0.101596569,0.0234473944,0.0128548322,0.0292135419,0.6406543641,7.5831168443,5.3545095e-09,1.3881898e-08,1.0717437431,1.148634651,0.0338913704,0.0417696122
92467,0.7782871187,0.0226104611,-1.148503587,0.0,0.3800181653,1.2685070339,0.0289080971,0.1505251332,0.2222182307,0.0048187493,0.474348181,-0.015392372,-0.736949251,0.0392732234,0.0153923718,8,0.0689194361,0.0,0.0882090798,0.0263905478,0.1826623856,0.1449623856,-0.044781472,0.1949557164,0.039089249,0.5472206529,0,1.6676671154,-0.20389189,1.1041643678,-0.318542961,9.9199856015,6.9997278615,0.3126936421,0.0,0.0,1,1.0,0,0.0,0.2956428985,5.0,-0.354624081,0.1538478813,-0.053353045,0.1980017469,2.3301137177,-0.617562304,-0.256747161,-646.0162797,0.1700891678,11.979519314,-0.010234209,-0.021617135,-0.031761983,0.1844117318,0.0362431329,0.0589548524,0.0,-0.071906355,0.0661922352,-0.017414431,5.0,12.016951551,1.0292356102,1.0748934715,0,0.0482077756,0.053191524,0.0306668466,0.0559021562,0.6053898413,7.3552322552,3.9334654e-08,1.6179334e-08,1.7120203476,2.9310136707,-0.088233557,0.0540570588
92535,-0.461422916,-0.284691606,-5.282873346,0.127374238,0.9496050127,1.0511034222,0.9227535636,-0.282617749,0.1840669637,0.0606724281,-0.174148972,-0.155457753,-0.872719848,-0.036235591,0.1554577529,7,0.0373185902,-0.149253731,0.0537726319,0.4840260233,0.2069233179,0.1326500975,0.7014536779,-0.170012077,0.3508079158,0.507732331,0,0.4252628943,-0.211281082,0.3253959212,-0.380978293,51.270321361,6.0920934412,-0.153175936,0.0,0.0,1,1.151323655,1,0.0,-0.336102033,4.0,0.594794834,0.0746514388,-0.336734491,-0.016684895,-2.805258848,0.5354687929,-0.398851688,-2474.33001,0.0279332649,8.2717120153,0.0,-0.034402348,-0.149588453,-0.143700756,0.0168622913,0.0716269135,1.0,-0.137174211,3.1182849753,0.1911054626,1.0,8.2427515986,-0.65271369,0.6932936058,0,-0.502318582,0.112222217,0.0690705156,0.1619835662,1.0803041102,1.8792446647,2.11191e-05,6.039995e-08,2.2385252492,5.0109952914,-0.395352027,0.133655082
92469,0.7336486445,0.0317437476,-0.066549241,0.0,0.7538314669,0.7154621354,0.051635635,0.0823691507,0.1966083668,0.0133110929,0.0444878949,-0.098489384,-4.495578058,0.174450243,0.0984893839,8,-0.000447264,0.1,0.0496963855,0.2431660129,0.1754043533,0.1742447789,-0.125057635,0.1558885061,0.0981522175,0.5139876288,0,4.496701968,0.0658006959,4.3750890903,0.0669003569,2.0410305683,8.3045786826,0.1997018896,0.0,0.0,1,0.6130296353,0,0.0,0.348899567,7.0,-0.132635791,-0.016905027,0.0602011222,5.142494319,0.3451131995,-3.127204584,0.8968682498,-10013.85741,0.0314049921,14.449058506,0.0030726077,0.0039865159,0.0079757742,-0.033875595,0.2176891028,-0.07089763,0.0,-0.00116198,0.183100478,-0.075243971,4.0,14.243147942,0.0161815087,0.7016477433,0,-0.107492679,0.0190547016,0.0125280222,0.0227288128,0.3395984169,1.0251307159,1.6651901e-09,3.5279893e-08,1.1865373049,1.4078707759,-0.01786735,0.0279311132
13561,1.064033406,0.0890826483,-15.24994879,0.0105890695,9.3398744649,0.5405467868,0.0347050213,0.118786022,0.0508460025,0.0059760956,0.1222829243,-0.005465996,-0.604481132,0.1429314284,0.0054659959,5,0.0014502057,0.0543478261,0.04849621,-0.052923574,0.0295359801,0.2419441944,-0.648111097,0.0092564351,0.0890011827,0.6811057035,0,1.1183470693,-0.03144876,1.1163608454,-0.032856349,0.8784185189,0.0603981943,0.0132849739,0.0,0.0,0,,0,0.0,0.4839264595,5.0,-0.008101524,-0.003199607,0.0105977921,0.1438105051,9.8102427352,,0.0633937872,-5450.886572,0.0286434127,10.970220779,-5.0135e-05,0.0022147316,0.0215300842,0.000342632,0.0730427612,-0.028696872,0.0,-0.002418579,1.7026802026,0.002474091,5.0,7.6309422331,0.0764416088,0.0643557705,0,0.0654744878,0.0108652059,0.0049152477,0.0045462178,1.5812877484,0.3632558367,2.5702386e-06,5.0000003021,0.0754270242,0.005689236,2.8223223692,0.0227421158
92917,1.1253968112,-0.078540932,-3.209305885,0.0,0.7415674824,3.0722135987,-0.019151479,-0.1043227,0.1890967293,-0.003964999,-0.148133521,-0.055872979,-1.405479896,0.0318467688,0.055872979,9,-0.014321117,0.1058064516,0.1184831487,0.050321953,-0.077697701,0.2005813953,-0.007623475,0.0124622772,-0.072904647,0.5957405144,0,1.5046741634,0.0549014625,0.8287882014,0.0197774486,11.910939968,12.0561663,0.1020371087,0.0,0.0,1,0.1387715307,0,0.0,0.3168467429,6.0,7.156867728,0.1608610511,-0.032399245,0.7597834047,-0.63540183,-0.925525548,0.0241557259,-4372.478719,0.0410566741,10.839729562,-1.2595e-05,-0.018044691,-0.027843014,-0.180413706,0.0390873675,-0.069776839,0.0,-0.29468599,-0.196325915,-0.133500714,2.0,10.035340472,1.0403963944,0.4835553199,0,-0.131569503,0.0509553626,0.0220524155,0.0499628149,0.9269360224,3.7834792612,4.5177473e-07,5.1022321e-08,1.8282425143,3.3424706909,0.2189964585,0.081833546
92528,0.5561577211,0.2831439033,-0.459115135,0.119866142,0.7638495491,1.2063417096,-0.013483466,0.0699417659,0.052134891,-0.002244206,0.5639702287,0.2125872739,1.3071298413,-0.117022062,0.3897156402,7,-0.011346708,-0.237179487,-0.255186348,-0.0905679,-0.241163512,0.2276055789,-0.020767633,-0.269678173,-0.254074733,0.7310369711,0,2.035924896,-0.213617949,1.9875944224,-0.184892035,1.7246397886,7.9308059077,0.7075396405,0.0,0.0,0,,0,0.0,0.0863404508,2.0,0.2554237167,-0.33584485,-0.235975334,-0.229711893,0.2418282312,-0.396729808,-0.271274705,-1908.249366,0.0943163074,11.456127751,-0.005314711,-0.0166057,-0.032069396,0.0092550102,0.349252894,0.0560227482,0.0,-0.058470993,-0.074143152,-0.03225623,2.0,10.524207835,0.103906459,0.3641376191,0,-0.075760491,0.0357142016,0.0117061653,0.0267571584,0.7480921779,1.3679657586,8.4080072e-08,5.8570856e-08,1.3650547882,1.8633745748,0.2543160738,0.0434345767
92523,0.9969466729,0.038529415,-8.828225514,0.0,4.6607632293,0.2152535757,0.020685161,0.2223723119,0.0376231171,1.251001596,0.1101239017,8.7239144e-06,0.0011645093,0.0384845472,8.7239144e-06,7,-0.000582489,0.0241758242,0.0882481242,-0.081040743,0.0582496318,0.0676412547,0.0280740581,-0.000988031,1.3182119139,0.6729877158,0,1.174813244,0.1215327093,1.1740077119,0.1225523217,0.4290377392,0.0470892334,0.0097130497,0.0,0.0,0,,0,0.0,0.4049236572,6.0,0.0320502192,-0.002842005,-0.01957421,0.076723772,-1.293774387,,-0.041053094,-4919.003482,0.0286434127,13.577201989,-8.2998e-05,0.0017388087,0.0097554014,0.0036735018,0.0571844467,0.0235768484,1.0,-0.000731529,-0.266055718,0.0278481583,3.0,12.949784421,-0.049229718,0.6650657073,0,0.0654744878,0.0136102848,0.007798235,0.0165497264,0.461216838,1.2594961328,4.6814763e-09,4.5691143e-08,0.60822584,0.3699386724,-0.061654642,0.0245998044
92555,1.3979918368,0.0673204945,-21.901495,0.0260192123,9.3182519813,0.4692389301,0.0271551011,-0.011881462,0.0357441217,-0.048088889,-0.014106748,-0.003554904,-0.56928066,0.10564475,0.0035549043,7,-0.003676408,-0.019704433,0.0059352862,0.0185460535,-0.022054569,0.113206588,0.1057798629,-0.003976652,0.0032116331,0.5604057139,0,1.0244926329,-0.006641046,1.0178695098,-0.001822205,1.1530358449,0.0613873494,0.0095280491,0.0,0.0,0,,0,0.0,0.2781801221,6.0,0.0130433803,0.0009786153,-0.063454467,0.4777689359,-1.010896047,,0.0261071088,-5397.711132,0.0286434127,12.111712703,0.0003374203,0.0019901592,0.0179125382,0.0227221315,0.0212737511,-0.189543823,0.0,0.0016116035,-0.120024616,0.0102361781,2.0,11.386271598,-0.218895998,1.0389680723,0,0.0309120536,0.0231660381,0.008303326,0.0153273107,0.6797340045,2.0096043217,1.6346593e-08,3.495729e-08,0.0740546577,0.0054840923,0.5807848313,0.0240075915
91365,0.1652656785,-0.038902357,7.8440245923,0.0,0.0378012571,0.2151754749,-0.379336526,-0.058125024,0.7785223831,0.0261540936,0.0685854051,-0.059253346,-0.318841021,-0.02649869,0.0592533456,7,0.006092365,0.2463465553,0.3289022926,-0.112897268,0.0241192523,0.0705835842,-0.210155751,0.1121709062,-0.082996284,0.7762493988,0,4.479858137,-0.181483105,4.0125802998,-0.203783183,2.1179215567,5.8885501135,-0.988062651,0.0,0.0,0,,0,0.0,0.9311827957,4.0,-0.704545569,0.0651896161,0.1378196196,0.4659837995,-0.217990429,-0.802388916,0.9075199812,-2268.213876,0.0352290716,13.031962638,0.000126129,-0.077401242,-0.095105246,0.0048980185,0.4830654597,-0.067091488,0.0,-0.001262626,-0.456299716,0.0697954986,5.0,13.56780708,0.5827382447,2.4884311685,0,-0.095378135,0.27868855,0.0642271908,0.0542425312,0.6743947103,17.637680437,6.1654184e-09,8.3203121e-09,1.26449371,1.5989443427,-0.02981676,0.0683839474
92687,-0.210911534,-1.042462384,-5.12184869,0.0,1.6076782398,2.8159335615,-1.2494647,-0.197907147,0.2914686529,0.4286577329,-0.002764135,0.1145117529,0.1723598336,-0.887213573,0.1145117529,7,-0.090094699,-0.507014028,-0.30162223,0.003006313,-0.151547645,2.1117021277,2.4859950082,-0.135578505,-2.631578947,0.363022019,0,0.7783057906,-0.492417211,0.5799983982,-0.464231141,36.350796097,8.5343060412,-0.569038381,0.0,0.0,0,,0,0.0,3.566328101,1.0,2.8435144803,-0.579314621,-0.674254558,0.6042429245,-0.093409834,-1.065658247,-1.13049222,-5094.038447,0.0446872923,8.7552348039,0.0050567577,-0.11426803,-0.529066594,-0.584698226,0.0546623794,0.0056924309,0.0,-0.094246162,2.8916262219,-0.324730676,2.0,10.160935174,0.1558791534,1.9559518123,0,-0.101630079,0.0599999428,0.0689822262,0.1128181509,0.7535658752,9.367577582,8.8656899e-07,1.1566582e-08,3.3482519805,11.210791325,0.1538993245,0.1390695058
92614,0.5138969356,0.0449374191,-1.150935326,0.0232085171,1.0601305679,0.314817126,0.066711121,0.0733775966,0.1025256671,0.0060713425,0.090489917,-0.045899529,-1.552774165,0.1147150824,0.0458995287,7,0.0002899985,-0.03030303,0.0377241064,-0.02045778,0.0247353064,0.0358638499,-0.014675649,0.0516686986,0.0397197092,0.4454818265,0,0.5329331715,0.1963453555,0.5029653553,0.2010241147,81.521643791,6.6526632056,0.0878545445,0.0,0.0,0,,0,0.0,0.2397024073,7.0,-0.740923565,-0.089786944,-0.28937824,9.2341156485,-11.55507569,-0.327904893,0.0237045934,1823.0950006,0.0257826007,16.376339977,0.0004086446,0.011123007,0.0344113555,0.005059494,0.0061718888,-0.008421791,2.0,0.0003631082,0.0099580087,0.0211450499,6.0,17.858018869,0.2168512014,2.5900829423,0,0.080304809,0.0225304049,0.0122758247,0.015133093,0.2834640119,2.3516950064,9.175946e-11,1.3807632e-08,0.2849293372,0.0811847272,0.2144645254,0.019192194
12392,0.0564866456,-0.062443998,8.4379763887,0.0,0.0897565289,0.014822442,-1.439195302,0.2142247263,-0.467557285,0.0623296919,1.7361350779,-0.250894515,-0.548757258,-0.028177401,0.2508945154,5,0.013210497,0.2658227848,0.2007197585,-3.110458489,0.4262711057,0.3038976857,-0.126069377,0.0185926292,-0.350813624,0.736977981,0,5.6039507207,-0.414811302,5.5160716155,-0.423988017,0.1400295141,3.6240364401,-1.01315451,0.0,0.0,0,0.0,1,0.0,-0.700095527,1.0,38.486807849,-0.075233158,0.0571995448,-8.76391603,0.8666220587,-0.42660587,-8.785529385,-4151.779457,0.0248274717,14.861385168,0.0,-0.082629305,-0.230343158,0.0039652773,0.7967359759,0.0013935245,0.0,-0.0009345,0.3532810315,0.0524257552,4.0,16.482740025,-0.834932359,5.1808215957,0,-0.25352422,0.1644924581,0.0551955644,0.0730848817,0.5546367443,18.202427301,5.117189e-10,3.6398168e-09,0.7780222418,0.6053186087,-2.532741672,0.0976962841
92587,0.2378359247,-0.036577788,8.3176283301,0.0,0.2282217895,0.6221846953,-0.004657777,0.425284993,1.1814588902,0.0340913493,1.9493652556,-0.175241612,-1.899724293,0.0329099242,0.1752416119,7,0.0001130348,0.4823151125,0.2863066694,-0.1477063,-0.12477581,0.5782610699,-0.118431188,0.1067438832,-0.047180116,0.4052965827,0,1.4006115342,-0.397409477,1.3279635344,-0.393673396,8.3259859049,6.7863603031,0.0673926594,0.0,0.0,1,1.0,0,0.0,1.537042302,3.0,-355.6597549,0.1181060907,0.3019381258,-2.121579602,-0.905282141,0.2766021907,-0.10445837,-2768.873728,0.2277833408,12.991772428,-0.000719833,0.020653098,0.0368470357,0.0011358787,0.1265832094,0.0682456766,3.0,0.0032679739,-0.013497624,-0.025589556,4.0,12.712057638,-0.417326914,1.4495429288,0,-0.166303822,0.1549520344,0.0386025487,0.0398742823,0.9149507526,10.368860026,1.1494368e-08,1.3122209e-08,0.9039548171,0.8171343113,-0.143430672,0.0987211122
92611,0.1760165491,0.0373243322,15.943881189,0.0069422786,0.0613067493,0.0818681624,0.2847226545,0.0432212399,0.248178589,1.251001596,-0.068304052,-0.00649705,-0.04045512,0.0388342926,0.0064970497,8,0.0,0.1894736842,0.0927413006,0.3087507179,0.0222266668,0.2616525424,0.1380381843,0.0095413415,0.0886075949,0.2503345263,0,2.0267956829,0.2730532181,2.0267956829,0.2730532181,1.7114673243,10.42042042,0.6331322506,0.0,0.0,0,,0,0.0,0.3491773976,7.0,0.0219565515,0.0115634515,0.1548343699,-0.672547084,42.950039945,0.121816253,-0.047554398,98593.130203,0.0286812661,18.593941823,0.0076227022,0.0383474093,0.0528172704,0.0020172126,0.2015607913,0.0159178128,0.0,-0.000143554,1.3285024657,-0.006637021,6.0,18.734862128,-0.179286772,1.0218064169,0,0.0654744878,0.0171078313,0.0107928335,0.014855098,0.2960267355,1.4962797873,1.410716e-11,2.2929604e-08,0.8801419659,0.7746498801,0.0844492801,0.0220339238
92648,0.4931704829,0.0614495876,2.1774530198,0.0034342047,0.6100566263,0.7247477497,0.0743052602,0.1006015173,0.2390065523,0.2139773552,0.0132533765,0.0009169833,0.016169427,0.060455983,0.0009169833,7,-0.000436796,0.0333352103,0.099179052,0.1398982679,0.0373664916,0.2150828802,0.3653485471,0.0038164304,0.2517830043,0.2310347126,0,1.6331433994,0.0502131821,1.2887482643,0.0469993695,15.139978,4.4934907448,0.1419762536,0.0,0.0,1,1.0,0,1.0,0.6054557207,6.0,-9.99249757,0.0070428645,-0.049226941,0.4658123397,-0.926790868,-0.269509142,0.1336492255,3266.7027667,0.0318276958,15.196263661,-0.001516074,0.0026189665,0.0057022364,-0.052562059,0.031427595,0.0244846191,0.0,-0.018054162,4.9493926089,-0.09330868,2.0,15.842468562,0.6592352601,1.8607555026,0,-0.095378135,0.0690476447,0.0248807886,0.0335489664,0.379420849,2.8066519643,7.49894e-10,1.3734107e-08,1.5189164241,2.3071071033,-0.010406619,0.0340582338
92588,0.6840970257,-0.02570646,0.9976191366,0.0,0.4856826243,1.2436967269,-0.01302431,0.4809314774,0.2242565684,0.204248366,1.3370812299,-0.080947857,-3.094320776,0.0538375732,0.080947857,7,0.0130315411,0.5041753653,0.1974881329,-0.400492636,-0.198890253,0.0808978741,-0.112586676,0.316765297,0.1775967671,0.5140670848,0,2.1976540253,-0.247669362,1.6168555641,-0.187991127,12.672472435,6.8004893997,0.0620864386,0.0,0.0,1,0.9994586841,0,0.0,0.2991601945,2.0,-0.793129226,-0.186365294,0.2451001558,9.4043157386,-11.42250324,0.50045689,-0.037172916,-7469.613299,0.0257826007,12.350823823,-0.001350717,0.0088379802,0.0143837908,0.0209631518,0.06709327,-0.150132626,3.0,0.0,0.2910333675,0.1087798176,2.0,11.534230646,-0.144581646,0.359901654,0,0.080304809,0.0461095572,0.0187691635,0.0410998745,0.503706759,0.8984768494,4.1880335e-08,5.5969616e-08,1.8504609728,3.4242058119,-0.01166587,0.0575073314
10258,0.1294499372,-0.072216992,6.8993113414,0.0,0.0222338799,0.0021931753,-2.699112218,-0.285457872,-0.342929169,0.003876881,0.3316483516,-0.055596538,-0.140099932,-0.062099397,0.0555965378,7,0.0,0.2950819672,-0.127706154,-0.000916788,0.6440570976,0.3228286664,0.0932326959,0.0080381452,-0.338138495,0.8345679276,0,8.3698093177,-0.441901184,8.3698093177,-0.441901184,0.0178369801,8.3981264637,-3.603198542,0.0,0.0,0,,0,0.0,-0.372204068,2.0,34.528765924,-0.034757309,0.0864587272,-8.690952739,-0.193938369,-0.42660587,-8.819451381,-3912.293707,0.0248274717,12.886327071,0.0,-0.083451413,-0.092460347,-7.3096e-05,0.8638183716,-0.390463143,1.0,0.0426944972,-0.10822613,0.0594058004,4.0,15.270742349,-0.170825053,9.3696451544,0,-0.25352422,0.1164382994,0.0480512422,0.0820979888,0.2957013845,10.78088621,1.8772013e-09,2.4600409e-09,2.3552580595,5.5472405267,0.1367785689,0.108929802
92594,0.1895589291,-0.187241808,5.0107006289,0.0,0.2221418476,0.0476672242,-1.214343727,-0.085114122,0.0950827498,0.1831831557,-0.470958704,0.0743541647,0.1710921707,-0.219277415,0.0743541647,7,0.0031935606,-0.05,2.7470848412,2.7026186714,-0.091053373,1.6018018018,1.3566331819,0.0018073111,3.3337725082,0.320794342,0,1.0657657988,0.245044932,1.0417140969,0.2257988695,0.3907337526,5.06742795,-0.569109059,0.0,0.0,0,0.0,0,0.0,1.2325857968,4.0,74.523216894,0.0464296195,-0.25862324,-8.630843747,-0.570304655,-0.42660587,-8.976629399,-5351.864747,0.0248274717,12.432949456,0.0,-0.062294664,-0.128674162,0.0,0.4259516868,-9.4,1.0,-0.011024151,0.6171296982,-0.11043154,2.0,13.395908604,-0.42301583,2.3406090803,0,-0.25352422,0.1744966358,0.0567115924,0.0821018818,0.7171474679,12.171340905,9.0200935e-09,6.825933e-09,1.9446238368,3.7815618668,0.0086524249,0.1066813407
92602,-0.100234132,0.0594706116,69.998219382,0.048311439,0.3681891992,0.2362553976,0.3745129212,-0.078102075,0.5273265563,-0.026495876,0.0438324108,-0.006707109,-0.032830642,0.0614230699,0.0067071093,7,-0.034189898,-0.094401756,-0.04644905,-0.085639292,-0.021572806,0.1464338659,0.1214974652,-0.064242297,0.6261910894,0.3550364907,1,1.024616199,0.0376275844,0.4560614082,0.1109254912,17.697384067,7.4343156843,0.1845605073,0.0,0.0,1,0.0005198856,0,0.0,-2.441024981,5.0,-0.01785177,-0.005902853,-0.076193564,-0.142132748,-0.042505977,-0.084879929,-0.000810688,55759.022123,0.2052900266,18.593941823,-0.004802124,0.0593647785,-0.147669379,-0.007558653,0.0747555528,-0.008573567,3.0,0.0015126686,0.3019494896,0.0395178001,7.0,18.476104185,0.048446544,0.6371700755,0,0.0957318355,0.0167159252,0.0090042138,0.0147744254,0.2176017065,0.6617040676,1.609282e-11,3.472844e-08,0.5814892158,0.3381297081,-0.006403471,0.0202161104
93347,0.3895701949,0.0194173349,-1.073396174,0.0,0.9578614377,1.7422583289,0.0321387437,0.2962382104,0.3338343244,0.0856687014,0.3401806942,-0.003908251,-0.240373396,0.0240847457,0.003908251,6,0.0402208352,0.0798258345,0.1623611216,-0.363931731,0.547748229,0.3296427348,-0.040529665,0.0946437518,0.2004468338,0.5425477323,0,1.0077931363,0.0826945744,0.7566253575,0.14371729,5.3690825304,7.3185495384,0.1014616437,0.0,0.0,0,,0,0.0,1.0700272289,6.0,1.8072535014,0.3573328605,-0.100505207,0.1287384241,0.8428582938,-0.719238606,0.3914579031,-5123.67422,0.1116949983,10.290169334,-0.001233071,0.002414532,0.0086211818,0.1347948829,0.306354662,-0.024605622,1.0,0.0061300043,-0.63197805,-0.025677514,1.0,9.0911964256,0.4029993956,0.3003119832,0,-0.152504436,0.0382165238,0.0223904356,0.0459087702,0.8157216728,0.7544873523,8.9283266e-07,8.9149999e-08,1.5629094226,2.4426858631,0.365289183,0.1268887928
92597,0.3631353723,0.0680917025,7.1765838509,0.0308062999,0.7348891737,0.9760218187,0.1329443396,-0.057544957,0.3126400834,0.0,-0.092398279,0.0034347663,0.0574506284,0.0641797914,0.0034347663,8,-0.007996565,0.0169491525,-0.042226488,-0.020187111,-0.031727504,0.3430195831,-0.063157132,0.0004169924,0.0185153437,0.2516241911,0,1.4945571499,0.1507949456,1.1145472538,0.1663203843,33.060041408,4.7980769231,0.1311436486,0.0,0.0,0,0.0,0,0.0,0.9874849991,5.0,-5.563006825,0.0010078617,0.0145482791,-0.108314552,0.284992367,0.1704078692,0.0528113917,-2404.337894,0.0400118084,14.462399424,-0.002137086,0.0105828901,0.0314506834,-0.04688181,0.0267131243,0.0104143343,0.0,0.0,0.7195712232,-0.015316931,2.0,14.0776519,0.0115896373,0.7429289323,0,-0.131569503,0.0275387671,0.010837316,0.017146808,0.4279705897,2.406123107,2.0505121e-09,3.5413561e-08,1.1904338785,1.4171328192,0.063797237,0.0229063907
92984,0.1442888215,0.0066025723,4.3766904338,0.0,0.119522743,0.1842213114,0.0723686495,0.1367461456,0.7273410035,0.0131104012,0.2826210877,-0.221597357,-8.321558768,0.0615462655,0.2215973568,6,0.0,0.3115823817,0.3350094432,-0.076274033,-0.018366083,0.8264321757,0.4157907392,0.0181894261,0.0388731856,0.7014184408,0,1.670622029,-0.141472446,1.670622029,-0.141472446,1.0952082542,12.138029093,0.14899387,0.0,0.0,0,,0,0.0,1.2153413131,5.0,-10.04428302,0.2497665737,-2.129883767,3.9223115907,-1.131667507,0.4968609726,1.0561185434,-3029.588098,0.0288563477,14.215883134,0.0038261517,0.0156909312,0.0311417135,0.0067417981,0.6691651097,0.0173666041,2.0,0.0004401408,0.8078528612,-0.01210572,8.0,14.827815574,-0.163265477,2.7471264368,0,-0.111549313,0.1315390915,0.0332868314,0.0310669144,0.4453576198,8.069771326,1.090468e-09,7.4505933e-09,1.500552522,2.2516578714,-0.01642245,0.0438207027
13262,0.3660018809,-0.158150583,2.4504161839,0.0,0.0282237238,0.0,-1.097858977,-0.232518928,0.0,0.0130106323,0.1772561147,-0.093644095,-0.268789022,-0.115641443,0.0936440945,3,0.0,-0.033333333,-0.744329897,0.0,0.0,0.4495033113,0.0917623827,0.0017517156,-0.252580725,0.6326093981,0,9.0755799756,-0.535618341,9.0755799756,-0.535618341,0.0,,-5.989540965,0.0,0.0,0,,0,1.0,-0.000165166,2.0,,-0.073526464,-0.241956573,-8.454400795,-0.015776658,-0.42660587,-8.872993427,-5250.629777,0.0248274717,11.574005552,0.0,-0.120921106,-0.128122766,0.0,0.8416634172,-1.4,1.0,0.0049586777,0.5312478237,-0.019304674,2.0,11.996714948,-0.701495369,0.9313411374,0,-0.25352422,0.1365313232,0.056439393,0.0877384719,0.5465142646,3.5597689688,9.7785313e-08,2.3782654e-08,1.3384756387,1.7915170353,0.0763730422,0.084938012
12413,0.2630988898,0.0408695918,0.5714487723,0.0,0.7022887495,0.1929061868,-0.817899165,0.8029136742,0.0913656403,0.1039106869,0.5684432067,0.2125872739,7.1399454114,-0.384641543,0.5670278652,5,0.0222173597,0.7631578947,0.227765661,-0.10411731,-0.394445839,0.1530420041,0.1025634086,0.023972481,2.0000542711,0.3455213252,0,1.7627325542,0.1155742368,1.4589370889,0.0339187404,0.7993491766,4.5658443168,0.0845245288,0.0,0.0,1,1.0,0,0.0,0.3901552155,4.0,50.280950535,-0.114106617,0.5545346547,-8.557303786,-0.500538435,,-9.141993528,-5337.258647,0.0248274717,12.444746968,-0.051772467,-0.052619205,-0.120105477,0.012678241,0.5529647379,0.0137439595,0.0,0.0251851852,0.0068068005,0.1280192062,2.0,13.274273123,-0.190870946,1.9400263739,0,-0.25352422,0.1137539148,0.0400768069,0.0581600715,0.4635668122,2.7447277382,2.0377087e-08,1.7755433e-08,1.646096393,2.709633335,-0.098982939,0.1024123563
92618,0.1658565502,0.0508270073,34.372276118,0.023208349,0.4322826128,0.4425492344,0.1478347437,0.0087794171,0.4534812828,-0.025366199,0.0092842674,-0.038727692,-0.453769559,0.073890756,0.0387276921,7,0.0004856137,0.0,0.0206770052,0.0287155904,0.016411673,0.1787905346,0.033109838,0.0114620168,0.007465964,0.1692467062,0,1.1666666667,0.0738754841,0.9701348748,0.0873111219,25.827004219,9.9205834684,0.152398555,0.0,0.0,1,0.0320710974,0,1.0,1.5845410628,7.0,24.407810974,0.0416582347,-0.086547193,-0.028539633,-0.347950098,0.1854499711,0.0772267357,2873.724625,0.0457936334,16.642360735,0.0010894565,0.0244344986,0.0893015031,0.0031439425,0.0251671733,-0.008331451,0.0,0.0007590133,0.8766467238,0.0606533913,6.0,17.178206912,-0.184993866,1.7561137063,0,0.0957318355,0.029619487,0.0125150159,0.0149127105,0.2503909079,2.2683863812,6.71533e-11,1.2064713e-08,0.4667990312,0.2179013355,0.0331766121,0.0206726331
82831,0.1111562027,0.0254811104,15.390188142,0.0,0.0331817372,0.1490373552,0.4829197478,1.1392728575,1.2669235112,0.5979297564,1.3459038945,-0.07404357,-0.307738895,0.0333226391,0.0740435696,4,0.1283138885,0.8910891089,1.2371561804,0.6099876645,0.0480814516,0.0836904124,-0.526517985,0.422631715,1.0844646879,0.636147503,0,3.3068132061,-0.151418999,2.5453410982,-0.206495879,2.6806294727,8.3681811332,1.1477139009,0.0,0.0,0,,0,0.0,2.5422071794,5.0,47.384106781,-0.286669206,0.6824658689,-8.709246473,3.6893320858,1.2661480147,-8.724029345,-4056.967797,0.0248274717,13.851554619,0.0240445174,0.0950000364,0.1281059403,0.0160946729,0.4950060017,-0.040731274,1.0,0.0094869993,1.1797199345,-0.043918755,5.0,14.861586608,-0.417526626,2.4214631146,0,-0.25352422,0.101785779,0.058914575,0.0642152371,0.5625262705,11.608523621,3.9139701e-09,9.5300241e-09,1.5305940583,2.3427181714,0.1248936973,0.0951358411
92753,0.2555359825,-0.068362947,6.0159036415,0.0,0.0585607862,0.1112008039,-0.341601973,-0.156903909,0.1952126355,0.0110020641,0.0667776298,-0.159573336,-0.801390003,-0.013577565,0.1595733356,7,0.0345866423,0.1071428571,-0.293158323,0.1116527399,-0.011023788,0.304897434,0.1164047997,0.0551135528,-0.195558879,0.6005819458,0,4.620812359,-0.048454541,3.9087831974,-0.110072422,0.9753173484,2.4545014521,-0.945591599,0.0,0.0,0,,0,1.0,0.2289478226,1.0,6.5916575586,-0.080083235,-0.031062839,-0.110077424,0.6920217153,0.0744744517,-0.021268608,-4177.397889,0.0410566741,13.363553398,-0.000290721,-0.004594098,-0.005510713,0.0605383279,0.3307937028,0.0056733569,2.0,0.0186915888,0.3660781573,0.1604546532,4.0,14.348095074,-0.718186122,2.1940675915,0,-0.131569503,0.0712446347,0.028605394,0.0532425257,0.4325747435,4.2398607661,3.5368721e-09,9.6992008e-09,2.1860135646,4.7786553046,0.5902513107,0.1745353364
93031,2.5924269673,-0.213216079,-132.5050092,0.0,9.0602977023,3.2140591853,-0.169420761,-0.009332731,0.040489948,0.0184577845,-0.007242929,-0.113080088,-7.56604119,0.6273066775,0.113080088,6,0.0,0.0114503817,-0.058345412,0.3279387395,2.2489026118,0.1063189262,0.217945879,0.1087854173,-0.012995922,0.4884607976,0,1.13239954,0.4375772185,1.13239954,0.4375772185,75.682674632,5.6877342037,0.118368442,0.0,0.0,1,0.4826273485,0,0.0,0.0244456023,5.0,1.0284329208,-0.094396725,-0.176030378,6.2755215562,-2.751966762,-0.464531207,1.0373694613,-2397.65517,0.0279332649,10.802870732,-0.004987746,-0.200670185,-0.811535723,-0.954296447,0.001756372,-1.455254604,1.0,-0.644329897,-0.649338732,0.1371548939,3.0,10.285760778,0.9784145536,1.2517661921,0,-0.500704589,0.1902984977,0.0965415782,0.1058977203,1.2988581763,37.278611983,6.6294015e-07,8.0328668e-09,3.3482519805,11.210791325,-0.025475614,0.1209830097
14797,0.4825716589,0.0091260706,0.8204276578,0.0,0.2318676311,0.3190736045,0.0430594901,,,,,,,-0.039145117,,1,,,,,,0.2601626016,,,,0.650632587,0,3.6233497979,,3.5617422542,,0.7495265022,10.162262747,0.0004517389,,,1,1.0,0,,,,,,,-8.337831017,,-0.42660587,-8.796497102,-5461.786957,0.0248274717,11.034677396,0.0,-0.056839292,-0.094852201,0.0100415758,0.5721748509,-0.022446781,0.0,-0.019184652,-0.225258575,0.1470266124,2.0,9.9291319149,,0.2873480887,1,-0.25352422,0.0679156855,0.0395902325,0.0544137004,2.1904643941,2.9192497723,0.0001049881,5.8187563e-08,0.1656922475,0.0274539209,0.646240208,0.0892100215
12577,0.1573516082,-0.055264863,6.451270414,0.0,0.2689912346,0.1218232995,-0.136040759,2.3874659401,0.7554548176,0.0980202239,5.2346570397,-0.115189695,-0.571777399,-0.023665663,0.1151896948,4,0.0299080603,0.4584615385,0.6360085976,-0.485295421,0.0139820619,0.9979840161,1.6672893069,0.1437283497,0.5601364947,0.3618696974,0,5.3053258465,-0.089383612,4.7611366343,-0.113742132,1.0100172592,5.2026447462,-0.280715024,0.0,0.0,0,0.0,1,0.0,0.8606633891,3.0,-10.25631308,-0.173078793,0.3758993869,0.129993465,0.0835461888,0.1809489431,0.049527579,-2158.162973,0.0318276958,12.531170647,0.0008625878,-0.023819864,-0.069578207,-0.004249223,0.2564685181,-0.005831226,2.0,0.0283600493,2.3996654907,0.2535581589,5.0,13.446679865,0.5976418946,2.8074309905,0,-0.095378135,0.0572353899,0.0264160039,0.0441594387,0.4862617752,8.3746244723,9.6397194e-09,9.8412853e-09,2.052863709,4.2142494078,0.1234383863,0.0783845907
93345,0.2639049874,-0.191286231,1.947248084,0.0,0.2187690198,0.3541368017,-0.782435868,-0.182154997,-0.177753229,0.0316028265,0.2566111655,-0.362596062,-1.016831839,0.003219699,0.3625960622,5,-0.001720237,-0.272,0.1060397218,0.3910942203,-0.738722169,1.6733416771,0.3697464436,-0.043371856,-0.365740183,0.6681858609,0,2.403130688,-0.247850519,2.301565344,-0.248404086,1.332993544,9.123255814,-0.632455065,0.0,0.0,0,,0,1.0,-0.252127377,5.0,48.373521562,0.2287379059,-0.48062324,-8.556497689,-0.394134442,-0.371024097,-8.754132285,-5447.667197,0.0248274717,11.763545683,0.0004688337,0.0961391205,0.3154201509,0.0726849514,0.3825665313,0.0330839877,2.0,0.0707964602,1.8406896453,0.0621885313,3.0,11.317709741,0.2298567428,0.4637556798,0,-0.25352422,0.0467289276,0.0344429317,0.0528812783,0.321623792,0.4894714836,1.1582661e-07,5.9781641e-08,0.1730974166,0.0299627156,0.5582274798,0.0832715973
92621,0.9035068754,0.0093099021,0.4067333991,0.0,0.2092930086,0.3914231547,0.0101589424,-0.007278309,0.1029046017,0.001750547,-0.090625026,-0.100534075,-12.06075197,0.1215943222,0.1005340753,7,-0.017862572,-0.065458207,0.2202627322,0.4870066435,-0.342090512,0.1025915314,0.3832761771,0.0138937932,0.0142552606,0.4861563007,0,4.3419534684,0.6681478519,2.538715557,1.3666354865,5.2598464555,12.715383424,0.3920726837,0.0,0.0,0,0.0,0,0.0,0.1222832401,5.0,-9.326938181,0.0114646814,-0.268023687,0.1290596073,-3.067303968,-0.636921088,0.2114940167,503.80105172,0.1213471346,11.486321885,-0.00672335,-0.006913973,-0.008533097,-0.115852702,0.0693494376,-0.01246242,0.0,-0.072202166,3.6230447942,-0.307005274,4.0,13.543115376,0.0235455838,5.833024322,0,-0.190106287,0.1366028339,0.0679021163,0.1155774372,0.5381382524,12.239425802,3.4666268e-08,5.0795396e-09,1.3235958736,1.7519060366,0.1982746936,0.0801832846
92765,0.1627543698,0.0167564578,23.850909581,0.0,0.0834374685,0.27196971,0.1137251122,0.0888103408,0.80776607,-0.001268388,0.2614778235,-0.277243756,-3.907239062,0.0822279443,0.2772437559,7,0.0,0.0504335516,0.169125207,-0.093647396,-0.012998283,0.347820332,-0.01014992,0.2901279464,0.017416895,0.5486917713,0,1.5240895063,-0.102464576,1.5240895063,-0.102464576,8.4042856139,11.468837685,0.9696,0.0,0.0,1,1.0,0,0.0,1.1379537091,5.0,-10.12123133,0.1518741701,-2.391032597,3.9407771391,-0.863884285,0.3886522821,1.0768002222,2363.2138916,0.0288563477,14.905953884,0.0020080694,0.0193713849,0.0286221076,0.0147783556,0.1077659938,-0.07363838,2.0,0.0020259319,1.5226129523,0.113040261,7.0,16.090130488,0.4051277304,4.2994507097,0,-0.111549313,0.0662758946,0.0232035137,0.0431145847,0.2786449749,6.0103687725,2.903966e-10,5.3214476e-09,1.606372958,2.5804340803,0.0404158062,0.0602811309
93079,0.2683915045,0.0247740555,11.111806281,0.0,0.1979947005,1.7315615683,0.1105177389,0.289201989,0.8493556927,0.0134061135,0.5616234273,-0.055506949,-0.927746009,0.0477580867,0.0555069486,6,0.0,0.3369313801,0.327066602,0.0012258286,0.0106676591,0.652159609,-0.040927227,0.063321191,0.1422093827,0.4719266938,0,1.4591264165,-0.306521531,1.4591264165,-0.306521531,36.05749493,7.9731393587,0.2786534416,0.0,0.0,0,,0,0.0,1.3069898888,5.0,-0.648972611,0.4552809034,-2.727180435,-0.048783244,0.08379185,0.6187772273,0.129941721,-901.9989648,0.1414151747,13.464962116,-0.005074857,0.0044242751,0.0090804561,0.2220457435,0.0558699484,-0.004006129,1.0,0.0,4.8955436348,0.1579406708,5.0,14.49917889,0.1591620858,2.5863224608,0,-0.161175968,0.0332265794,0.0186694539,0.0329782529,0.5870909108,8.1970172013,1.8043739e-09,7.9687183e-09,0.9139613894,0.8353254214,-0.392459142,0.0515412537
92780,0.4144268152,0.1422331623,-0.101759274,0.0264451451,0.9524542121,0.6042616927,0.3893009453,0.1441985423,0.2143807142,-0.068562026,0.1471589278,-0.046192999,-0.415948551,0.2013948401,0.0461929987,7,0.0,0.0984251969,0.1042482413,-0.772500252,-0.089672345,0.1060852587,0.210348929,0.0008720997,0.1374524206,0.5912699391,0,51.70644176,3.2792663029,44.355703986,3.428478885,0.8439751836,5.5893554482,0.1628886456,0.0,0.0,0,0.0,1,0.0,0.63779194,5.0,-0.050486866,-0.044932852,0.034631568,-0.436765098,0.1340665482,0.8610818327,0.1029110423,-9220.178318,0.0331128264,12.685681961,-0.006977556,0.01050404,0.0326515967,-0.008339815,0.4785220996,-0.000434968,0.0,0.0113489812,0.8298806819,-0.089165322,3.0,13.947349521,-0.317062059,2.7047374103,0,0.048781298,0.0131942406,0.0133866298,0.023077717,0.3552233397,5.0124608924,2.5436046e-09,7.2496598e-09,0.9971392996,0.9942867828,-0.164629198,0.049309738
13343,0.903329375,0.0931701966,-35.12602737,0.0,1.6011787378,3.8359484315,0.0830132949,0.1613280283,0.332275079,0.0017858369,0.2399061987,0.0694882851,1.7381722295,-0.068775652,0.0694882851,3,0.0597486401,-0.048543689,0.1342855919,-0.065563696,-0.057335159,0.7780794993,0.2435364641,0.0654666722,0.0440472312,0.36994962,0,2.8338914834,0.1699395381,1.32019619,0.150603431,236.72247048,6.088755344,0.1047684186,0.0,0.0,1,1.005657079,0,0.0,0.782064579,2.0,-0.14971256,0.1272235308,-0.218320632,0.3197303653,-0.313210081,1.0853248164,-0.328052076,-663.9432618,0.0457306398,14.171531575,-0.001643161,0.0046408317,0.0091028631,-0.479975338,0.0103001694,0.0024771582,0.0,0.0053811659,0.7224143069,0.1329019633,2.0,15.657460722,0.3597214674,4.3950255615,0,-0.034541484,0.0353200547,0.0188771588,0.0364573366,0.3050974012,3.9312381148,8.045322e-10,8.0547119e-09,1.8923834193,3.5811150055,-0.024934835,0.0570406371
92924,0.5962494993,0.0081605502,2.5504079933,0.0017644433,0.7682827203,0.2887511447,-0.002085225,-0.033655948,0.1542928505,-0.027888446,-0.042864208,-0.065542536,-11.15675676,0.0992058241,0.065542536,6,0.0,0.0842105263,0.0683858332,-0.080367391,0.05607378,0.1096702994,0.0623090607,0.0662191695,-0.022843924,0.445557153,0,1.8976088289,-0.168801352,1.8976088289,-0.168801352,5.4504579517,4.8997005988,0.1443252653,0.0,0.0,1,0.4763331864,0,0.0,0.3140316634,6.0,-0.036499384,-0.065627493,0.0444116485,5.0050951738,-0.575162192,-3.231285857,0.8216238309,-12562.73091,0.0314049921,14.148527855,0.0016662928,0.0031833405,0.0073772381,0.0140453658,0.0503628545,-0.002966525,2.0,-0.001051525,4.2130970799,-0.210907382,3.0,14.711658577,1.0201628424,2.1929297903,0,-0.107492679,0.1380952746,0.0320642451,0.0320061689,0.4821830419,6.9761165791,1.4154217e-09,9.9627294e-09,1.6249462809,2.640450416,0.0699704828,0.0540207457
92852,0.2183473706,0.0511059904,6.4381773867,0.0,0.1281391034,0.31684146,0.3444508107,0.2266076936,0.699225775,0.0151808014,0.0303219099,-0.080958556,-0.498178817,0.0765659122,0.0809585563,7,0.0,0.1612903226,0.1549633566,0.451745901,0.0142019847,0.0596628814,-0.174558956,0.270904074,0.3810070641,0.6551709975,0,1.4942840676,-0.06149035,1.4942840676,-0.06149035,2.9549691699,90.85656061,0.5083914827,0.0,0.0,1,1.0780115342,0,0.0,1.2429185371,6.0,0.3553829806,0.0512110721,0.1362173546,-1.460211798,0.6383532955,-3.39269878,1.3546644242,1015.14292,0.1078503062,14.527690559,-0.001160824,0.0402224042,0.0613663595,0.0102397143,0.248660163,0.0493746072,1.0,0.0013161358,1.7535462356,0.04476979,6.0,15.13226394,0.1343690371,1.5347296279,0,-0.219751184,0.0206718594,0.0111527859,0.018378779,0.3499996606,1.854703828,9.213312e-10,1.7979438e-08,1.3695486568,1.8756635233,0.0541556912,0.0282808829
92685,0.8126098243,0.0369209265,-11.73608524,0.0,5.7338158946,0.2296026358,0.0242140823,0.2091711786,0.0325653187,0.0021922956,0.2337462298,0.00075462,0.1222282315,0.032408147,0.00075462,8,-0.001328932,-0.23655914,0.0283504002,0.0147960039,0.008645313,0.0988523336,0.0571621819,-0.001999026,0.0601651644,0.4944144733,0,0.929575831,-0.057348817,0.9270668196,-0.055337118,0.5711695601,0.0587697128,0.0083555253,0.0,0.0,0,,0,0.0,0.2300187568,4.0,0.1405304088,-0.000528141,-0.271198454,-0.035953809,43.250901134,,-0.053980543,-5002.122117,0.0286812661,11.545103538,-3.135e-05,0.0018646555,0.014584273,0.007038738,0.0614055423,0.0243862384,0.0,-0.001277955,1.3188577319,0.006304863,1.0,12.068243717,-0.1810142,0.7589798303,0,0.0654744878,0.0249687638,0.0113131802,0.0126487716,1.0531995861,0.8739678562,3.874298e-07,1.6431353e-07,0.0365264874,0.0013341843,0.6488827217,0.0180923399
92688,1.2208373175,0.0599301901,0.2094794521,0.0,0.1599810096,0.9462617604,0.0609879671,1.0670283514,0.9712985649,0.5421238245,0.5548334687,0.2125872739,3.5076708508,-0.150285191,0.2870185449,8,0.0,0.25,-0.027739608,-0.609723943,0.3532710151,0.7710280374,0.4530913012,-0.016100805,0.5915876648,0.4382926933,0,4.2351097179,-0.004882599,4.2351097179,-0.004882599,15.508219178,1.8684601419,0.5608903021,0.0,0.0,0,,0,0.0,0.6047728016,2.0,0.5968048707,-0.180722495,-0.008427558,0.5067474715,0.1630045245,1.15287952,-0.200283786,-2489.724548,0.1661310612,8.9247002211,0.0354367014,0.0155786978,0.0125975626,0.0134338377,0.0828113561,-0.001701771,1.0,-0.02137858,-0.292506786,0.0553083094,2.0,7.1427230907,0.5911000205,0.4082347788,0,-0.161175968,0.3387096822,0.1131541982,0.1195206095,2.1904643941,10.999417553,0.0001049881,2.439371e-08,2.0393017862,4.1587517752,-0.08806317,0.1023941795
12963,2.5924269673,-0.314802449,-4.882683716,0.0293578537,13.43507696,8.2257963184,0.0387681902,-0.033852221,0.2162087111,0.0172767067,-0.027009699,-0.112917369,-6.677682971,0.6273066775,0.112917369,4,0.0,0.000896861,0.0698801952,0.0523471173,0.0598642618,0.1703294149,0.0618612412,0.0456470579,-0.058908592,0.5539925933,0,2.5579142216,0.1007826386,2.5579142216,0.1007826386,12.86665903,5.3206143935,0.1295316497,0.0,0.0,1,0.0424504773,0,0.0,0.6610338958,6.0,0.7813591245,0.0113457359,-0.186583899,5.4453732149,-2.216829271,0.5354687929,1.4247324087,-2473.70092,0.0279332649,9.2100152927,-0.00846501,-0.029668573,-0.117275324,-0.954296447,0.1931242333,-0.089742641,0.0,-0.452830189,-0.320436453,-0.039016306,4.0,9.9229847385,0.4210421294,1.0988671318,0,-0.500704589,0.1496407092,0.0815392267,0.1315498385,1.0047172345,3.4699347493,2.7069969e-06,2.326941e-08,3.2692362009,10.687905337,-0.058525379,0.107217059
92709,0.1390275098,0.0548362617,7.7098046492,0.0113582539,0.2903140455,0.2680549129,0.2742114084,0.0516363043,0.4259219497,-0.096450971,0.5301933948,-0.051020642,-0.426021732,0.0781977008,0.0510206424,7,0.0,-0.045454545,0.0532031457,0.0368124282,-0.021034695,0.5683282798,0.1907439338,0.0026329029,-0.341379217,0.3105417769,0,1.8464990837,-0.723518679,1.8464990837,-0.723518679,3.0352599287,4.232394109,0.2823413918,0.0,0.0,0,0.0,0,0.0,0.8755323361,5.0,-0.171232318,-0.021861612,-0.085253423,4.5478731843,-0.653464454,-1.916668972,0.8006157077,-4886.041021,0.0314049921,15.595500471,-0.000204001,0.021811886,0.0901133516,0.0208247369,0.0367446044,0.1189988952,0.0,0.0016263468,0.456356561,0.0063204058,5.0,16.734485241,0.179686368,3.0049699455,0,-0.107492679,0.0291603617,0.013284411,0.0229042737,0.2828034166,2.9710527961,1.467727e-10,9.1459568e-09,0.953300454,0.9087817556,0.0077134028,0.0276287653
92692,0.9750196749,0.0616977421,-28.15739358,0.0209511858,11.131542451,0.4566284082,0.0158958575,0.2175817915,0.0300659309,0.0056179775,0.2324143313,-0.006869062,-1.227440633,0.1374280578,0.0068690618,7,-9.8931e-05,0.0757575758,0.1141563394,-0.228935023,-0.108846217,0.0562352013,0.1276239299,-0.000586125,0.0704915103,0.6411493785,0,1.0020570932,0.0956459973,1.0006749115,0.0962229495,1.2163920208,0.0447831251,0.0070400078,0.0,0.0,0,,0,0.0,0.3282216265,4.0,-0.062077966,0.0003397341,0.0320075418,0.054796774,-1.384040076,,0.0578904166,-5437.054318,0.0286434127,11.200271147,6.56141e-05,0.0016887874,0.0190334489,0.0052621508,0.1238474812,0.0038736839,3.0,0.0013366426,-0.786407366,0.0153802871,4.0,10.112626318,0.0970712118,0.4176816239,0,0.0654744878,0.0771756619,0.0316127045,0.0339581018,1.3577826072,3.860896799,1.6230914e-07,2.7025285e-08,0.0618024502,0.0038195429,1.5188386836,0.0285853278
92810,0.9433443806,0.0604155577,-29.20221304,0.0030538253,6.5315815106,0.3824809081,0.029007146,0.2409714694,0.0577602437,0.0033807579,0.2670446653,-0.016347064,-1.826175041,0.1707449412,0.0163470641,7,0.0029143257,0.0,0.2161273375,-0.070323933,0.06905408,0.049993415,-0.050743463,0.0106437346,0.0862095694,0.576873423,0,0.9516593144,-0.050034782,0.9418653687,-0.051487603,1.8060917813,0.0693491403,0.012327176,1.0,0.0,0,,0,0.0,0.4006060179,5.0,0.0036903525,0.0053998966,-0.043750034,0.0231214797,0.6854912851,,0.0912073,-5335.081202,0.0286434127,12.218348474,8.17625e-05,0.0023477353,0.0182439491,0.00210913,0.0188078901,0.3734431238,1.0,-0.000387747,-0.752804739,-0.008014692,6.0,10.741757262,-0.073102366,0.2519395859,0,0.0654744878,0.0110606849,0.0046203957,0.0147035974,0.5264615717,0.8452322956,1.2027736e-08,5.8275002e-08,0.3446856678,0.1188082096,0.085559891,0.0209701832
92696,0.5394915065,0.0367201552,-2.306726315,0.0,1.3925115159,1.9618940024,0.0083683101,-0.037149276,0.2259722122,0.0791958792,-0.108446699,-0.083014764,-4.492190338,0.2016740816,0.0830147644,7,0.0169761736,0.0394736842,0.107173504,0.1757225721,0.0814808953,0.0832903763,0.6027207607,0.0486320186,0.2111693367,0.6351597014,0,0.8795635919,0.0228854186,0.6598995788,-0.037284535,4.9014628945,4.4454921873,0.0627903512,0.0,0.0,0,0.0,0,1.0,0.9720916305,8.0,3.1100067952,-0.008077389,-0.127766846,1.3546459649,-1.289562585,-0.57637383,0.2933228884,-5044.199757,0.0446872923,10.305679319,-0.001136827,0.0136415016,0.0455600628,-0.202405895,0.1431004272,-0.062536179,2.0,-0.01767409,3.1410200863,-0.204886159,5.0,9.8418631837,0.0655533978,1.8281022381,0,-0.101630079,0.1989795268,0.0587644489,0.0816923739,1.238079239,61.413279121,2.9958807e-07,4.8873771e-09,2.7943212927,7.808231487,-0.055609064,0.1139406398
93339,-0.078506823,-0.146253372,2.2058985358,0.0030545817,0.2439307498,0.034304989,0.848059867,2.3874659401,0.3558103976,0.4020435924,1.4401303728,-0.17993986,-0.323280423,-0.09897252,0.1799398599,5,-0.000806002,1.2580645161,3.499465812,2.7026186714,2.2489026118,0.3986690865,1.8369061083,0.0391437309,-0.478604274,0.7232991171,0,7.9493078759,1.1108018391,7.7837708831,1.2858937871,0.1098217662,9.9094117647,-0.834955826,0.0,0.0,1,1.0,0,0.0,-0.18882878,4.0,68.05144887,0.0492455641,1.0494412761,-8.898909499,0.2142091319,0.5733941298,-8.856324504,-5301.833157,0.0248274717,11.513146453,0.0003966085,-0.017668816,-0.046293241,0.0457158974,0.4978927518,-0.208582635,2.0,1.1243243243,-0.45723648,0.0279445441,3.0,10.990638578,0.0471745903,0.8980249542,0,-0.25352422,0.1624365151,0.0527576569,0.1117203795,1.3145770939,18.519983537,9.1305264e-08,1.2569949e-08,2.2462339516,5.0455669655,-0.068152596,0.1066609764
92772,0.3219625107,0.0661709782,3.5152323417,0.0211624731,0.7602276624,0.5150597031,0.1067709471,0.2957196773,0.3414849812,-0.005694186,0.4001389618,-0.026976862,-0.401976435,0.0927701521,0.026976862,7,0.0459655868,0.22,0.2343772289,-0.097122809,-0.134810592,0.3234720153,-0.149986792,0.0924568059,0.116972297,0.1614081201,0,1.3318486877,0.592200991,1.0791894115,0.2901514011,6.114563532,11.587789283,0.1375938099,0.0,0.0,1,1.0,0,0.0,0.9968530502,4.0,3.094101243,0.0090962604,0.1822554934,12.374286127,-1.825052681,0.1970841681,2.3752013325,356.86896807,0.0796288203,13.606975917,-0.001043992,0.0144008674,0.0458310538,0.0259176685,0.0898747084,-0.047683788,1.0,0.0,0.5492466212,-0.070264189,7.0,15.436441684,0.0928441006,2.3064568491,0,-0.186226261,0.0336749665,0.0230058048,0.0403940039,0.5362425966,32.481561887,8.264133e-10,2.8553155e-09,1.2649823284,1.6001802911,-0.03666219,0.0382961815
92771,0.1511757425,0.0434155813,17.271119167,0.0145126866,0.2082767791,0.8992708018,0.2221042297,0.0704607066,0.9478123928,-0.010867514,0.0259766432,0.024759965,0.1982495491,0.0348084619,0.024759965,7,0.0515400613,0.0147058824,0.0526001452,-0.146068357,-0.021469447,0.2265935664,-0.002271497,0.0811242501,0.1384665108,0.4950610916,0,1.8574099064,0.0196888215,1.0810380314,-0.0467551,22.39605588,11.275022421,0.2647448122,0.0,0.0,1,1.0,0,0.0,2.3830642189,4.0,1.4086819552,0.0986491745,-0.16562516,-0.109656028,-1.036150651,0.680785945,0.4021816193,-1183.43404,0.1116949983,14.835284318,-0.003793994,0.0263271312,0.2988903451,0.0091338016,0.0467306519,-0.000918413,0.0,-0.001048218,5.0872911513,-0.099912373,6.0,14.920338675,-0.132353044,1.0786698798,0,-0.152504436,0.0326171517,0.0140912274,0.0254154028,0.229180082,0.97533066,9.806587e-10,2.3910547e-08,0.7286754341,0.5309678883,-0.216146454,0.0319210414
79678,0.4972203865,0.0574006668,0.8490879683,0.0101052671,0.5164685142,0.3030205259,0.1190331715,0.0523836711,0.2315158436,0.0258913841,0.0166441137,-0.031782461,-0.547305389,0.088816361,0.0317824605,7,-0.003338202,-0.014492754,-0.038184595,-0.317796246,0.0050996474,2.2993630573,0.0472346598,-0.009491864,0.0922681969,0.3716574664,0,2.5456890199,-0.019006234,2.5003684598,-0.009326829,0.9073692878,6.68892261,0.1605045964,0.0,0.0,1,0.4877428307,0,0.0,0.4584717608,5.0,-10.1572801,0.0831114837,-2.455958903,4.2752431557,-0.368753194,-0.357704297,1.083388639,10312.447792,0.0288563477,17.050355244,0.0027426922,0.0090617196,0.0162799641,0.0105408333,0.3159697944,0.0153045172,0.0,0.0019423762,1.2602894981,0.0241191047,6.0,17.671939197,-0.524282679,2.3158242892,0,-0.111549313,0.0501792207,0.0175954705,0.0234506985,0.255867946,1.7633982699,7.528142e-11,1.4961251e-08,0.9877718452,0.9756932182,0.1156541692,0.035343636
92775,0.1750838173,-0.000884812,3.9122849954,5.08722e-05,0.0790789609,0.3040520187,0.0059777479,-0.083547339,1.0445677524,0.0119989334,-0.336873057,0.0001435726,0.0431211499,-0.000922966,0.0001435726,7,0.0,0.1354166667,0.2018816432,0.1426598533,-0.000303624,0.6431424767,-0.057852688,-0.021520662,0.1075533284,0.8397420849,0,3.0970856196,0.4045189027,3.0970856196,0.4045189027,1.5949031717,12.29520241,0.0530225996,1.0,0.0,0,,0,1.0,1.8325326407,4.0,-73.60694702,0.2078999953,0.0921846051,-0.590964763,-2.995622807,1.6363064807,-0.479380769,-2986.327664,0.1473165608,13.876599152,0.0027525713,0.0476571628,0.0701013113,0.0265451725,0.714436104,0.011726484,4.0,0.0010749221,2.6522915539,0.2535581589,4.0,16.502456378,-0.834932359,9.8670935927,0,-0.258063742,0.053270828,0.03066931,0.0516943309,0.3327055506,16.433596496,4.258158e-10,1.819382e-09,1.3475843928,1.8159836956,0.0440617674,0.0767836482
92729,0.1246910027,0.0322188161,12.971865465,0.0109836873,0.6052534746,1.0295376248,0.1091045899,0.1233097231,0.4603992273,0.0038993754,0.2395029991,-0.071114481,-1.522727273,0.0812792862,0.0711144807,7,-0.008794541,0.0606060606,0.0535217298,0.1082427599,0.0554352302,0.1714092141,-0.090159892,-0.000160979,-0.227979275,0.4290679278,0,1.3543994413,-0.051988692,0.9640363128,-0.040801145,29.555555556,5.5856980704,0.1073273388,0.0,0.0,0,0.0,0,0.0,1.8031088083,4.0,7.129170452,0.0671721374,-0.077599636,-0.240922404,-0.314379853,-0.118475456,0.0735882433,-3495.047899,0.0410566741,14.23640418,0.0037014189,0.0189100655,0.1021721641,0.0270069361,0.0484840732,0.01724821,0.0,0.0013071895,1.9522667302,0.1245655431,6.0,14.597274382,-0.001748878,1.5657402337,0,-0.131569503,0.0334771127,0.0237806857,0.0287725797,0.5193400428,7.0612231657,1.3036596e-09,1.0110082e-08,1.2908861757,1.6663871186,-0.031487687,0.0313152848
13305,0.203531345,0.0337930502,3.3222654334,0.0,1.0527381815,0.7547114552,0.0735603471,0.0085710064,0.237416876,0.0061984697,0.0136102644,-0.045350206,-1.678649237,0.0905197282,0.045350206,4,0.0023543261,0.0810810811,-0.015273775,0.068896738,-0.006642699,0.2686781609,0.0917990889,-0.006502143,-0.016717055,0.3035948425,0,2.5332883491,0.0159824348,1.7062528115,0.0077002218,5.5365919525,6.0782686036,0.0718158136,0.0,0.0,1,0.9790779774,0,0.0,1.2722745865,6.0,0.0172879457,0.0635841222,-0.296677816,-1.774078619,-0.195138769,-2.557144731,0.2263278766,729.0564365,0.0506976226,14.608471997,-0.001960202,0.0067886215,0.041759054,-0.026464857,0.1127527684,-0.013544349,1.0,0.0005889282,0.7139357426,0.1200755457,3.0,14.510011847,0.4820319342,0.9512271869,0,-0.060001469,0.03333335,0.018257249,0.0259398735,0.4874561808,1.5251767582,2.2786734e-09,2.6258646e-08,1.5373432965,2.3634244114,0.0234811485,0.0318999177
13604,-0.018860635,0.0238531555,9.760495614,0.0,1.4092777126,1.3538052578,0.086938349,-0.045558087,0.2141230068,0.0167134462,-0.053641274,-0.107031857,-6.406976744,0.1766797683,0.107031857,3,-0.015928516,0.0,-0.015530456,0.1005591572,0.1170929558,0.2704791345,0.0305406129,0.0058845862,-0.418803419,0.3015381862,0,1.9617021277,0.0507161536,1.2212765957,0.13130332,21.407894737,11.246543779,0.0834449761,0.0,0.0,1,1.0101425439,0,1.0,-4.428422697,8.0,-0.025390919,0.0210935212,-0.077578816,-0.518677547,-0.392745626,-1.273436467,0.0700079941,-959.3915541,0.2017925001,15.283479384,0.0013287775,0.0095789264,-0.533333333,-0.031619299,0.0453460621,0.0112812574,1.0,0.0006651147,1.6999247806,0.0539927008,4.0,16.562600123,0.0962642436,3.1829804246,0,0.0081788241,0.0313212499,0.0181182625,0.0243303604,0.3376490892,3.5718209866,3.303767e-10,9.764899e-09,0.8132237635,0.6613328895,-0.268715236,0.0338058564
93384,0.6309929295,0.0586912917,4.2854781842,0.0,0.7893918884,2.1148649354,0.0772506468,0.4426526586,0.420620957,0.0096102651,0.8816063954,0.0106531436,0.2182629776,0.0458811556,0.0106531436,5,0.0,0.4677068215,0.3756443687,-0.285787583,0.0031628214,0.1707728975,0.0109428875,0.0769050787,0.1167347836,0.2331341011,0,2.0514275695,0.0701136506,2.0514275695,0.0701136506,165.0785368,6.5856339603,0.1439470931,0.0,0.0,1,1.0,0,0.0,0.7062204591,4.0,-0.655454091,0.1069744451,-2.727180435,0.3138181807,-0.130777981,0.4573568042,0.12806479,-694.0946148,0.1414151747,13.023468025,-0.004781141,0.0013181444,0.0028664519,-0.001879009,0.0068235945,0.0228420219,0.0,-0.217391304,1.6047857227,-0.008176394,3.0,13.581428931,0.676084026,1.9448576424,0,-0.161175968,0.0604255348,0.024457824,0.0434804767,0.3834279467,3.8516739638,6.7297522e-09,1.4334475e-08,1.7896452155,3.2028299972,0.1588831954,0.0553338703
93095,1.9419297258,0.1409542,-6.526155086,0.0,1.9138138615,2.3635962857,-0.008793309,-0.08378082,0.0974932394,0.0020691014,-0.209013587,-0.00850677,-0.243338399,0.1752537693,0.0085067705,6,-0.000151416,-0.058823529,-0.051610311,-0.215425309,-0.063664596,0.0800169652,0.142270579,-0.025560092,0.085609586,0.5207776402,0,1.2978126203,-0.249476735,1.0282677277,-0.299781515,7.8464191532,15.207534601,0.1698219538,0.0,0.0,0,0.0,0,0.0,0.1736471969,6.0,0.3214598537,0.0203905237,-0.171634123,-0.064049219,-0.399398093,-0.759171061,0.2568963635,-310.9960011,0.1505232955,11.815940207,-0.020313887,0.0044509143,0.0085932718,-0.252756113,0.0618001645,-0.055217903,1.0,0.1406844106,0.9240133415,-0.067878608,5.0,13.245410425,0.2864806426,4.3763384696,0,-0.500704589,0.1157894284,0.0568935525,0.0826619351,0.4395264582,9.4394575189,1.6508268e-08,4.903922e-09,2.321196365,5.387952565,0.0332281903,0.0713603573
92782,0.5661796508,0.0641459517,0.6390695038,0.0,0.3467311262,1.6569522107,0.12555543,-0.010155646,0.3149906171,-0.020308156,-0.138655481,-0.035259415,-0.504378284,0.0964997767,0.0352594146,7,0.0078239478,0.0428571429,0.0456814836,0.1191303912,0.0308518168,0.2248375422,0.1007451531,0.0801070378,0.0893711731,0.5862180063,0,1.8270566706,0.1526876616,1.5670792829,0.1300077506,12.158882477,5.4731925947,0.3278186964,0.0,0.0,0,,0,0.0,0.5565214748,7.0,-0.371306093,0.1045991199,-0.010495903,-0.014105721,-0.187993445,0.2395681113,-0.199520607,-380.4667297,0.1700891678,13.084823043,-0.001651223,0.0109791246,0.0181353085,0.0392374851,0.0543660422,-0.018490183,0.0,-0.00648855,0.4854553658,-0.1261713,5.0,13.974872702,0.3663835076,2.0760320655,0,0.0482077756,0.0234857723,0.0167348659,0.0223491735,0.3226607919,3.71197492,2.9585546e-09,9.3932466e-09,0.972802017,0.9463437643,0.0443494371,0.0372853148
93089,0.0208657468,0.0366672915,205.51139133,0.0,0.2110162014,0.1726981823,0.2869627352,-0.063535282,0.4113188879,-0.056999367,0.0906681207,-0.048904064,-0.319757863,0.0483919463,0.0489040639,6,0.0,-0.076814658,0.0946435521,-0.172239441,-0.036126114,0.4710179209,-0.153990462,0.0548076205,-0.614595983,0.1746000584,0,0.4985063596,-0.547335502,0.4985063596,-0.547335502,40.47094532,6.1035921448,0.2509031081,0.0,0.0,1,0.0045654634,0,1.0,1.7534026432,6.0,0.0307775367,0.1288277422,-0.180832979,-0.271162926,-1.018427727,0.1787092666,0.0095900583,4260.9796618,0.1865376934,16.384016551,-0.000311088,0.0215007351,0.099798123,0.001739652,0.0442629839,-0.068573761,0.0,0.0012176972,0.2422243489,-0.105461992,5.0,16.357792505,0.1290772282,1.1587419574,0,-0.012367651,0.013213072,0.0086257142,0.0135880928,0.2014245607,0.6868418165,1.545742e-10,2.963281e-08,0.6941504614,0.481844863,-0.04751055,0.0243175676
12527,0.153126161,-0.090326847,6.4093901411,0.0,0.0172200464,0.0256732759,-2.214333333,0.9239297813,-0.732236272,0.1761524634,2.1974683544,-0.200126396,-0.286792453,-0.064421789,0.2001263956,7,0.0,0.2857142857,3.499465812,2.7026186714,-6.045797775,4.743872549,-0.535904539,0.0010779181,0.8414494179,0.7859076357,0,8.0134600158,-0.191076743,8.0134600158,-0.191076743,0.198335791,4.2314606742,-7.553679131,0.0,0.0,0,,0,1.0,-1.028201344,4.0,-4.772108254,0.2445404547,-0.020393815,0.085792092,13.617003655,0.3035196586,0.2688059146,-5161.952919,0.0238858186,10.965198951,0.0,-0.144469345,-0.160715876,-0.012514026,0.7371197468,-0.011597667,1.0,-0.007512219,0.0489790157,0.0002968078,3.0,9.6384571639,0.3942906195,0.3590658632,0,-0.25352422,0.1547600031,0.0442263106,0.0734418112,0.9716084862,3.3955883558,4.2588507e-07,3.7305109e-08,0.263699578,0.0695374674,0.5011668247,0.173085849
82526,0.6574831247,-0.506543269,-0.094886911,0.0,0.4291718732,0.5234537834,-3.669041523,0.0108100343,-0.529907163,0.5380065271,0.2031605152,-0.159528487,-0.340396341,-0.334117793,0.1595284872,7,0.0,-0.146341463,-0.092564085,0.2551542245,-0.066695174,0.8677042802,0.5175268688,0.00149042,-0.084706135,0.9163921408,0,2.5097218472,-0.304208772,2.5097218472,-0.304208772,0.5731800118,4.6840559682,-1.278162614,0.0,0.0,0,,0,1.0,-0.793045067,3.0,47.717928074,0.0208877188,-0.354964703,-8.162919551,-0.327045047,-0.42660587,-9.091469778,-5495.563867,0.0248274717,10.28190004,0.0,-0.071816403,-0.161399028,0.0291038147,0.9662939461,-0.038361519,1.0,0.0053873659,0.3325796707,0.0757001415,3.0,9.7406878365,-0.558836176,2.8341802055,0,-0.25352422,0.2558139861,0.093750488,0.1191875921,1.7116081489,61.413279121,4.3031294e-07,3.0473947e-09,1.8704064381,3.4984202435,0.0752891268,0.0968739456
13869,0.2457201298,-0.009397187,3.4760472113,0.0,0.5950390561,0.9516726696,0.0159295312,0.2286589989,0.2555829922,0.0038387716,0.3755053793,-0.12210068,-9.907728707,0.0837075904,0.1221006798,7,0.0030906643,0.0,0.1793343497,0.0440261031,-0.000209737,0.1532276109,0.1256099528,0.2089154591,-0.023732407,0.5430416141,0,1.2553623041,-0.052035445,1.1876172608,-0.057379455,5.9436704467,90.559238364,0.1397488876,0.0,0.0,1,1.0,0,0.0,0.6369766209,2.0,-0.017674989,-0.190220551,-0.079790773,-0.008750753,0.3930354384,0.2532562121,0.01945374,-4001.814872,0.0885157098,10.649307032,-0.012737685,-0.031484917,-0.119382584,0.2013467245,0.0886206897,0.3274097372,0.0,-0.055555556,0.7302658094,0.0600987449,2.0,9.1632990553,-0.297384161,0.1752613858,0,-0.101596569,0.0384614989,0.0292798487,0.0468311077,0.850945463,0.3137988737,2.2656949e-06,3.0118825e-07,0.8342110269,0.6959080374,0.1096967879,0.0687245716
92777,0.613241656,-0.052229475,1.0571484141,0.0,2.4444909103,0.7523803198,0.0369211624,-0.014581509,0.1998989574,-0.036351995,0.0243672789,-0.122847065,-7.245193335,0.326183171,0.1228470646,7,0.0,-0.104744852,0.1960300022,0.1369174581,-0.016036529,4.743872549,0.9003771488,-0.011693614,-0.144277871,0.0749659112,0,2.006144191,-0.060281793,2.006144191,-0.060281793,3.9893287385,39.101841113,0.1305556149,0.0,0.0,1,0.5961154874,1,0.0,0.6369377663,3.0,-10.14578243,0.1163249582,-2.546211001,4.3912644252,-1.033030964,0.1119278668,1.3207554489,-3517.431778,0.0288563477,12.133631386,6.25791e-05,-0.012267003,-0.068393269,0.0166792805,0.0572006617,-0.058082668,0.0,-0.031409788,0.8473877119,-0.222351201,4.0,13.203106176,0.1479631071,2.6085277598,0,-0.111549313,0.0535347089,0.0275585834,0.0500246466,0.4338626528,3.451257544,1.9736106e-08,1.4926735e-08,2.2366911142,5.0027871405,0.0921682077,0.0606303422
92797,0.281457859,0.0748702402,9.9980919003,0.0,0.1569584703,2.4830541284,0.3135156786,0.1755322268,1.2190487361,0.0148514851,-0.054670004,0.0091656557,0.0496640374,0.0711518818,0.0091656557,7,0.0,0.0588235294,0.0619451642,0.0476223343,-0.028689709,0.2039942939,-0.761094135,-0.057885168,0.3602536998,0.6899633307,0,2.6254180602,0.2152163716,2.6254180602,0.2152163716,44.206775701,7.4558649678,0.4829687817,0.0,1.0,0,,0,0.0,2.188372093,3.0,-10.12675597,-0.165565209,-2.38264262,4.0594806282,4.9753008602,0.6435834738,1.0657241598,-4188.702458,0.0288563477,10.323816133,-0.000735835,0.0242104976,0.0653503279,0.1807993829,0.0175531246,-0.003193524,2.0,0.0002438704,1.393026914,0.0320214839,4.0,7.6905877294,0.0371298853,0.1395972127,0,-0.111549313,0.057652723,0.0333189387,0.0399534634,1.4149947432,1.7870597987,4.217738e-06,5.0000003021,0.597601836,0.3571279544,0.500056114,0.0669057597
92890,0.0282360572,0.0353897161,13.922048239,0.0149464764,0.1537274595,0.2167878233,0.4084800067,0.0870441265,0.8060504879,0.0014851485,0.0008963155,-0.020301768,-0.102250625,0.0390083367,0.0203017681,6,0.0057098723,0.0694444444,0.0496583903,0.061649397,-0.031737634,0.1003615646,0.0476974402,0.0311735413,0.9681288554,0.6282630743,0,2.0042271032,0.6855340819,1.5438043929,0.7368652593,3.3977806889,11.148672566,0.2596230762,0.0,0.0,0,,0,0.0,7.0684064848,5.0,24.405641265,-0.032902335,-0.017102748,-0.166160126,-0.521464445,-0.114901021,0.0423443163,9381.737185,0.0457936334,16.604696278,0.0055799339,0.0392008285,0.2049927354,-0.008158065,0.3609147939,0.0221204997,0.0,-0.000852273,1.5027454488,0.083403762,8.0,17.577848317,0.2097246936,2.3516675238,0,0.0957318355,0.0352054387,0.0124194846,0.0182723346,0.4251825338,3.7517882282,7.340026e-11,1.2091725e-08,0.8133284268,0.6615031298,0.0548012485,0.025585382
14820,0.3146044911,-0.208257338,8.9342758775,0.0,0.031525836,0.156134622,-0.834017796,0.9319603754,0.5995828989,-0.81675762,0.3608870968,0.1120298746,0.1412872841,-0.237681451,0.1120298746,5,0.1450367135,0.8,0.0075346594,-0.514945961,0.2465547626,0.6485623003,2.4859950082,0.4403023983,1.0167664671,0.4626694103,0,8.8989547038,2.0356819347,5.7386759582,1.1711542908,2.1333758775,3.4042769857,-7.269000854,0.0,0.0,0,,0,1.0,0.6874251497,3.0,47.570775082,-0.075174743,0.5913767599,-8.505798185,-0.589493521,0.0526816062,-8.995033435,-5525.954947,0.0248274717,9.0816800031,0.0001556663,-0.182074012,-0.225789566,-0.00798449,0.1349029043,0.3832840601,0.0,0.0993000639,8.6410052323,0.2535581589,2.0,7.7878383762,,0.4953093223,1,-0.25352422,0.1031697541,0.0515569435,0.0916326924,1.2870768034,4.7520253334,4.7175849e-06,3.9435106e-08,0.8533358979,0.7281821546,2.8223223692,0.1390119041
92913,0.2963399113,-0.344267153,-1.098404446,0.0,1.0507420619,1.2230671417,-0.251976532,-0.008157482,0.7463683385,0.0161200667,0.4101095071,-0.27756138,-1.09053537,0.0311683541,0.2775613799,6,-0.000479989,-0.015993907,-0.010549982,-0.286107887,-0.033337801,0.5500652767,0.0142667054,0.0334105978,-0.516583742,0.4752767299,0,0.8831776957,-0.369891767,0.84823315,-0.372997181,4.0421889472,3.3909558281,-0.311070191,0.0,0.0,1,1.0,0,0.0,1.6518442888,2.0,-10.3468426,0.0715703045,-2.457460056,4.0743626806,-0.725782911,0.1119278668,1.0257406321,-4020.326198,0.0288563477,12.067550797,-0.001045173,-0.033147641,-0.190006506,-0.099208048,0.1513673889,-0.047084269,3.0,0.0388059701,1.2308472752,0.0744037479,4.0,11.782640116,0.421125315,0.6774183737,0,-0.111549313,0.0708092153,0.0222469836,0.0297979871,0.2106732438,0.5883979486,3.9331448e-08,4.266266e-08,1.1292548638,1.2752165474,0.0986077544,0.0534653187
13556,0.6690430996,-0.286646873,1.5787356776,0.0,0.0314622197,0.0410010837,-0.575225515,1.0840586622,0.0416120186,0.577539877,0.0438829787,-0.194309132,-0.351370246,-0.185927691,0.1943091317,7,0.0351813191,0.2916666667,0.0343781598,-1.092605967,-0.24299494,0.0593327038,-0.350887987,0.2149755574,1.1866649201,0.5628047943,0,29.41509434,3.2792663029,21.245283019,3.428478885,0.202094034,3.8171641791,-8.815875081,0.0,0.0,0,,0,1.0,0.0457165313,3.0,47.017876601,-0.053023416,0.0830434266,-8.151359576,30.415510948,-0.42660587,-8.943279675,-5522.415397,0.0248274717,10.730947071,0.0,-0.141334865,-0.152990745,0.0115731755,0.1519333147,0.7479147482,0.0,-0.007521351,-0.418948063,-0.05923981,4.0,11.353048652,-0.809270553,1.4900217865,0,-0.25352422,0.0377359279,0.0237889129,0.0447863901,0.4775480256,2.9418557583,8.1310035e-08,1.7258081e-08,1.4847046241,2.2043478207,1.5704135683,0.1832419965
92809,1.2824426443,0.0917554637,-21.06873354,0.015847559,8.9103647929,0.4503098837,0.0245590509,0.0516274054,0.0399577075,-0.003683241,0.047184805,0.0094171522,1.0204414161,-0.001875612,0.0094171522,7,0.0084575295,0.0119047619,0.026934879,-0.026619593,0.0106807353,0.1049284579,0.03657698,0.0080630573,0.0835668351,0.4885574388,0,0.9237385547,0.0778917471,0.9098232317,0.0645290784,1.1793265466,0.0724811425,0.0128008065,0.0,0.0,0,,0,0.0,0.3272278365,4.0,0.0308666018,-0.001505027,-0.022734552,0.4338790111,43.183475037,,-0.088264302,-5028.706117,0.0286812661,11.233872987,-0.000113584,0.0025009406,0.019879505,0.0118516908,0.0374613639,0.0012482864,0.0,0.0062248559,2.7445887446,0.012739865,4.0,9.350224023,-0.18503326,0.1504157218,0,0.0654744878,0.0250376463,0.0124936771,0.0148887631,1.9273080246,0.9262424382,2.24389e-05,1.0000001731,0.0073625894,5.42077e-05,1.6211767253,0.018231135
87078,0.5572539294,-0.028835554,6.4906027495,0.0,0.531098724,0.5978922175,-0.003941359,-0.042562345,0.2925647307,0.0093063836,-0.05960271,-0.066284998,-2.557431568,0.0449094023,0.0662849975,7,0.0,0.0,0.0035045785,-0.054357655,0.1280815181,1.6671261057,0.7919121346,-0.005458336,-0.025736926,0.1468420426,0,1.0027061757,-0.039607353,1.0027061757,-0.039607353,25.913019766,4.1549129288,0.1399062825,0.0,0.0,1,0.4938859711,1,0.0,0.5592131366,5.0,-10.09879532,0.0900891673,-2.441466149,4.3352766987,-1.458055406,0.1119278668,1.0394816803,-1929.870738,0.0288563477,14.734498181,0.0016103554,-0.001939429,-0.003792624,0.0038775938,0.0341890381,-0.005743409,0.0,0.0008064516,0.6299491665,0.0455612405,3.0,15.768964178,-0.104084602,2.6653623491,0,-0.111549313,0.0280029569,0.0123902729,0.0191424114,0.3746213372,4.0788991892,3.713312e-10,1.0606759e-08,1.2208079126,1.4903719594,0.0191184064,0.0374570309
91161,0.8556769432,0.1711506255,-1.092067646,0.0095584422,1.106397201,3.4718680817,0.202372379,0.193540007,0.2771850696,0.2329202728,0.045020356,-0.036925527,-0.388993379,0.2377270857,0.036925527,7,0.0575129099,0.1830985915,0.0639918764,-0.228729643,0.8316255183,0.0731474413,0.1560370659,0.1141134888,0.4622486513,0.6206689176,0,1.7807209602,0.1505762228,1.28229073,0.1047051117,7.1072966181,23.434060243,0.2179269946,0.0,0.0,1,0.8659798718,1,0.0,0.7051533121,7.0,47.654824641,-0.214308424,-0.025524649,-7.964725733,2.3617465275,0.7805111927,-8.519624898,-4615.414937,0.0248274717,13.453467969,-0.014589864,0.0035794808,0.007654733,-0.123587041,0.2724915983,0.0047952468,0.0,-0.005138746,0.2110191228,0.1052431338,5.0,14.564906421,0.2308241779,3.646968594,0,-0.25352422,0.0754958019,0.0255836534,0.0420930285,0.2823249465,5.4037116045,1.4520939e-09,5.5323467e-09,2.595888161,6.7386353446,0.0418232023,0.0527186438
92808,0.2278216056,-0.069145457,4.4719111239,0.0072292406,0.0229115351,0.1121450149,-0.802289555,0.0038288721,0.3365211462,0.1386299149,-0.164488365,-0.1585684,-0.574399494,-0.029428341,0.1585683997,7,0.0,0.0067114094,-0.266159478,-0.044679519,-0.063108389,0.6790994624,-0.160762016,0.0244942917,0.0245906473,0.7517910513,0,9.0254018654,0.4034332305,9.0254018654,0.4034332305,0.6695196096,5.6453245325,-2.396491837,0.0,0.0,0,,0,1.0,0.3783539402,2.0,2.500141001,-0.182082084,-0.160529121,1.0429760639,-0.883061598,-1.455580588,0.0622204654,-4890.379157,0.0446872923,12.51012445,0.0261676119,-0.088367311,-0.095743085,-0.005663811,0.7222548542,0.0189353182,0.0,0.0006546645,2.388593224,-0.293764519,4.0,13.473133598,0.3692003945,1.9901993173,0,-0.101630079,0.075784266,0.0261926849,0.0452340129,0.4344456437,3.554611803,1.2287321e-08,1.3792693e-08,1.1256001871,1.2669757812,-0.238320079,0.0852629591
12498,1.1420186033,0.176118402,-21.6907481,0.0,5.6544813952,0.3736355394,0.034363272,-0.02543893,0.0456713472,0.002829426,-0.059459895,0.0229242396,0.896204335,0.0182803267,0.0229242396,5,-0.009800132,-0.073170732,-0.046817849,-0.053630719,0.0237844812,0.0641272903,0.1932105834,-0.012098847,0.1871821146,0.5890177281,0,0.9979453791,0.0300113258,0.9936026577,0.0430674928,1.4427681661,0.0735524477,0.0322354676,0.0,0.0,0,,0,0.0,0.3311038659,5.0,0.4461946906,0.0024515918,-0.107810046,0.2934549701,43.250901134,,-0.068108364,-5046.484427,0.0286812661,11.025975148,0.0003656914,0.0009097406,0.0054141427,-0.000279168,0.0516023857,0.0094971087,0.0,0.0,-0.497447954,0.0238864677,3.0,9.7756186533,-0.051339864,0.2166530834,0,0.0654744878,0.0477857813,0.0227081631,0.0192218473,1.423051169,0.6612891214,2.8369771e-06,2.0000001966,0.2865253148,0.082096756,-1.025605357,0.0299823594
93344,2.5924269673,0.2677429403,-37.47185757,0.0,0.4921875173,3.3919076243,-0.007566426,0.202519093,0.4937984726,0.2208898706,0.8597662771,0.0206570751,0.3170379538,0.1828582663,0.0206570751,7,-0.002096619,-0.068493151,0.1647670163,0.310527264,0.0071392678,0.3637863963,0.0087338611,0.015984844,0.1523449946,0.3190003077,0,4.8959829443,-0.348036729,4.8203545781,-0.342953148,36.44925816,2.2722631248,1.1579100992,0.0,0.0,0,,0,0.0,0.5290256802,4.0,47.683390042,0.0320509599,-0.277116391,-4.825521161,2.2704328757,0.1456477838,-8.574493718,-5529.259037,0.0248274717,7.9943220015,-0.003013421,-0.015301827,-0.017333849,-0.954296447,0.0014273334,-0.139964533,0.0,-0.138522848,1.8014901909,-0.140250453,5.0,7.6876396148,-0.168290186,1.4200211066,0,-0.25352422,0.0913449898,0.0692341721,0.0907536699,1.5465449982,14.071867316,5.2935423e-06,1.375249e-08,2.5422284462,6.4629254726,0.0973646114,0.1278543957
13528,1.2316326578,0.0849324422,-21.94077769,0.0131701408,8.3046343368,0.6525954438,0.0466572451,0.216053933,0.0724783927,-0.034289482,0.243906813,0.018444659,1.8870044053,-0.07533545,0.018444659,3,0.0273924824,0.3125,0.1382145654,-0.239231793,0.0169945601,,,0.0297933858,0.0565371592,0.6246298234,0,1.0304701696,0.034924749,0.9686712142,0.0129004425,1.735695094,0.0900990252,,0.0,0.0,0,,0,0.0,0.4875708119,4.0,-0.010093552,-0.002145152,0.268749966,0.3114097569,-1.348193061,,-0.154873092,-5445.028572,0.0286434127,11.280095647,0.0011068655,0.0035086855,0.0281560934,0.0490032222,0.0258777532,-0.021009393,0.0,0.0120660486,1.2597567873,0.0180940692,3.0,10.255534676,-0.296191881,0.4325586331,0,0.0654744878,0.0152447997,0.0116410417,0.0127541136,1.0909564975,1.0985362262,1.3291409e-07,7.5497338e-08,0.3479651124,0.1210797195,-0.347691311,0.0182771058
92854,0.3711021601,-0.001726709,4.1832895688,0.0,0.8118074658,1.4672467215,0.0988051864,-0.091067586,0.2112039889,-0.072377158,-0.045045717,-0.084914732,-33.80952381,0.1037517018,0.0849147325,7,0.0113115563,-0.147668394,0.0409079124,0.2428715792,0.1300632736,0.1111546794,0.0893557534,-0.046549081,-0.177752548,0.4830858034,0,2.3535114262,-0.184305607,1.0724498416,-0.304729052,24.953876013,14.553181573,0.0788376938,0.0,0.0,1,0.0418278261,0,0.0,0.5443187339,5.0,-0.201500651,0.0282426747,-0.125132137,-0.393482772,-0.157228721,-0.076973325,0.3571252488,-4547.861187,0.0689333745,13.853422405,0.0031961748,0.0147606105,0.0473300896,-0.081481883,0.0165558838,0.0676399406,3.0,0.0027519052,-0.1247729,0.050205091,4.0,14.097876038,0.396274083,1.4714410991,0,-0.105814909,0.126107499,0.0306013045,0.0283977614,0.481807935,4.4538480284,2.9757063e-09,1.6945831e-08,0.6722546736,0.4519263461,0.1732902742,0.0400982312
13253,0.291618142,0.0877708386,1.8812010256,0.0194743805,0.6025214596,0.6331437621,0.2120295313,0.4339420078,0.3600127858,0.0076646975,0.5055696207,-0.047459714,-0.410325819,0.1237854799,0.0474597143,3,0.0023791239,0.2938388626,0.6057968626,-0.001513627,-0.031183605,0.0795733135,-0.03397674,0.1963910356,0.3056056697,0.6202983832,0,3.8446680933,-0.233053914,3.3885519722,-0.155338056,2.5603958835,7.2529264318,0.2399114443,0.0,0.0,1,1.0,0,0.0,0.9417544472,6.0,-9.28369805,0.1009595755,0.0912733829,-0.482829126,-1.782418873,0.5052394026,0.2136851744,840.08987172,0.1213471346,14.29944822,-0.01791978,0.0020533426,0.0059703118,-0.114127895,0.2591853833,-0.067616123,0.0,-0.00212917,1.3013661623,0.1211432517,5.0,16.290205563,0.9334534419,7.2046162003,0,-0.190106287,0.0580979325,0.0324489287,0.0510495945,0.4182080006,12.560013885,5.028758e-10,2.9452038e-09,2.5141625406,6.3210132807,-0.048837441,0.0617466612
13340,1.0157615962,-0.149670883,-0.425859638,0.0,0.1862850972,0.8471408002,-0.146474993,-0.006629553,0.4621350559,0.0332844481,0.321597957,-0.124141901,-1.000343584,5.14245e-05,0.1241419008,7,0.0111286403,0.0131578947,0.1390098873,-0.445335861,-0.056916251,1.5621085595,0.4718075934,0.0075219923,-0.0499038,0.598115893,0,5.023573786,-0.216824698,4.2159358793,-0.225261396,1.7869074737,4.1416719045,-0.444409523,0.0,0.0,1,1.0,0,0.0,0.5221260221,4.0,2.9928096225,0.0096062963,-0.154082636,1.8309160546,-0.956691084,-1.065658247,0.0917002313,-5080.280207,0.0446872923,11.735335927,0.0008745655,0.021159456,0.0250522936,0.0250979273,0.5244234801,0.0040306504,3.0,0.0057142857,1.7154837498,0.104425238,3.0,12.243304862,-0.737010242,1.9123075012,0,-0.101630079,0.0898437575,0.0418025177,0.0615165277,0.6586639061,7.7635579989,2.5023059e-08,8.9445726e-09,1.5604365422,2.4349622024,-0.138194759,0.0903362863
92902,0.711930465,0.0188119737,,0.0,,1.2427908189,,-0.020906577,0.6086591159,0.0139813284,,-0.02757008,-1.608502276,0.0490710761,0.0275700798,6,0.0,-0.044887781,-0.150035465,-0.092689729,0.0009887136,0.2980989274,0.2579015247,-0.007163007,0.0619467229,0.5430372607,0,1.9405224848,-0.011914513,1.9405224848,-0.011914513,2.6070868777,28.13554469,,0.0,0.0,0,,0,0.0,1.0069803621,4.0,0.2964252845,0.1152712868,-0.069960749,-0.966628704,-0.394612682,-3.39269878,1.3271695882,-652.00412,0.1078503062,12.992476941,0.0411086418,-0.111538926,-0.169991303,-0.062751805,0.5722659806,-0.249025607,0.0,0.0104986877,0.8057712438,0.0202036523,3.0,13.001383911,0.3472733778,0.5757202624,0,-0.219751184,0.0355647691,0.0250981105,0.0364895831,0.3705913063,0.8049402124,2.4485426e-08,4.5068906e-08,1.6407845098,2.6921738075,0.0108035273,0.0592939086
92940,0.1018770249,0.0023446815,8.1204455295,0.0,0.1376010872,0.1289617135,0.0688112801,0.0852249836,0.4463655026,0.0145243689,0.0287103643,-0.092882893,-9.114248194,0.0237146901,0.0928828927,6,0.0,0.1668472373,0.210302367,-0.293518953,-0.00027797,0.270483942,0.6078117714,0.0070026668,0.1722044346,0.5506123909,0,3.7732180515,0.2413230116,3.7732180515,0.2413230116,1.2273618045,4.8933333333,0.0468812495,0.0,0.0,0,0.0,1,0.0,1.0652929636,6.0,-10.16832835,-0.031899617,-2.274618912,3.8798997941,-1.29625954,4.4055213383,1.0182869681,-1636.200808,0.0288563477,14.730281436,0.005273078,0.0069624066,0.0162265407,0.0073439994,0.4201909999,0.0048499252,2.0,0.0002374733,1.5899060555,-0.021482076,6.0,15.055395476,0.20985987,1.901920403,0,-0.111549313,0.1114587635,0.0294886867,0.036101053,0.5164709056,4.0377013046,1.0307337e-09,1.3703923e-08,1.72642542,2.980544731,-0.066263712,0.0542179308
85293,0.7308871595,-0.480399273,0.2629047805,0.0,0.068968458,0.0,-12.46786632,-0.055724655,0.0,0.3483360959,-0.074517631,-0.017039981,-0.029208381,-0.466367588,0.0170399807,6,0.0,0.1428571429,,,,0.3333333333,-0.628205128,-0.005619293,-0.053911816,0.9529667741,0,11.158501441,-0.009744806,11.158501441,-0.009744806,0.0,,-6.687629578,0.0,1.0,0,,0,0.0,-0.000192542,1.0,,-0.029412831,-0.065766097,-8.089515516,-0.057405719,-0.42660587,-9.223719573,-5527.197317,0.0248274717,10.548755875,0.0,-0.062373933,-0.064308241,0.0,0.9734194038,-0.566666667,0.0,-0.011807164,-0.469129988,-0.049674123,3.0,9.3844701424,-0.092019622,0.5422825208,0,-0.25352422,0.1487603188,0.0396199231,0.0521424615,0.8313158071,2.8717990193,2.8463212e-07,4.1569547e-08,1.2310594707,1.5155074203,-0.702580155,0.0811936949
85909,1.7292251235,-0.177198119,-4.176073529,0.0,14.559695586,2.3885207201,0.0187737331,0.0922757915,0.0246173565,0.0089627311,0.1044852897,0.0051645561,0.8514792256,-0.328078636,0.0051645561,6,0.0,0.046875,-0.174949334,-0.301591057,-0.277598922,0.5821126107,0.2772678564,0.0012871294,-0.077425674,0.6289015814,0,17.685311622,0.0644583123,17.685311622,0.0644583123,1.4120462595,0.0982361976,-0.002203374,0.0,0.0,1,0.9425372408,1,0.0,0.1070525168,2.0,-73.8236775,-0.040169699,0.0036429385,0.9631765427,-3.839482723,0.4597151049,-0.806536438,-2914.101784,0.1473165608,12.46073715,-0.007489116,-0.003976731,-0.075712884,-0.271222117,0.053741058,0.0008962296,0.0,-0.119144615,2.0730703598,-0.19214318,2.0,13.347506191,-0.072972264,1.6779419171,0,-0.258063742,0.0674448088,0.0303725199,0.0505192001,0.2687604198,1.4295430637,1.7019121e-08,1.9380869e-08,1.4253348955,2.0315795642,-0.467797423,0.0782762031
82163,0.1445920475,-0.141746766,13.9936,0.0,0.0516411038,0.0,-0.779872835,-0.147136622,0.0,0.0142829937,0.1567825494,-0.207287912,-0.311721769,-0.097561213,0.2072879118,6,0.0,0.4444444444,,,,4.743872549,2.4859950082,0.0,-0.220298654,0.2959393657,0,1.1649970536,-0.369121197,1.1649970536,-0.369121197,0.0,,-2.663716814,0.0,0.0,0,,0,0.0,-0.018542829,1.0,,-0.029412831,0.2358212044,-8.675810629,-0.651155719,-0.42660587,-8.854913197,-5481.643117,0.0248274717,11.731205207,0.0,-0.185733672,-0.211986532,0.0,0.432912608,-4.44089e-16,1.0,-0.01967995,-0.052172538,-0.085452234,3.0,11.541018552,0.9050709813,1.1054466808,0,-0.25352422,0.1712626815,0.0469284486,0.0627219169,0.9142379548,7.0192219058,4.6184689e-08,1.1895293e-08,0.746543365,0.5573269958,0.1578965013,0.0931507379
75754,0.2893982366,0.0020230902,6.1344102266,0.0,0.2020681762,0.6565409396,0.2139825513,0.1017168772,1.032717849,0.1544593921,-0.170128586,-0.145910399,-33.80952381,0.0704228066,0.1459103987,8,0.0,0.0727272727,0.5415064465,0.5196901096,-0.014930229,4.743872549,2.4859950082,0.0011877767,0.4284355682,0.317414976,0,1.1566333809,-0.141264702,1.1566333809,-0.141264702,7.9198140616,6.7676266137,0.2594594595,0.0,1.0,0,,0,0.0,1.8673323823,5.0,-10.19438506,0.0035947318,-2.368738876,4.0674210059,-0.201062776,5.8541623052,1.0649950845,-4213.661238,0.0288563477,9.6354217981,0.001507443,0.0118818801,0.0203167015,-0.019264857,0.3137804982,0.0643543946,1.0,0.0026694951,-0.538919115,-0.008538208,4.0,9.0461671681,-0.092144282,0.2361011692,0,-0.111549313,0.0332102999,0.0141841813,0.0171049544,1.2268098207,0.9143614183,3.8641739e-06,5.0000001345,0.9616757586,0.9248202646,0.7126500874,0.0687817183
14720,2.5924269673,0.2831439033,-20.69041096,0.0910637184,1.966309041,0.9351040167,-0.059664296,0.0866825735,0.0901258733,-0.81675762,-0.268330088,0.0264568741,0.4223874071,0.1728378909,0.0264568741,8,0.0001369403,-0.171428571,0.3063425334,-0.730213112,-0.158389849,0.0570738585,0.8766379185,0.2416024917,0.5913651145,0.5418633937,0,1.7905291133,1.1568565842,1.7306112588,1.1807780069,7.8323287671,2.8508177104,0.2355736115,0.0,0.0,1,1.0,0,0.0,0.1730782536,6.0,0.9715060935,-0.081753405,-0.358909331,4.1459815755,-2.166114706,-0.464531207,-0.189778206,-2484.84737,0.0279332649,7.9890179123,0.0,-0.191366476,-0.452160728,-0.673731031,0.100136616,-6.095036671,2.0,-0.787671233,-0.456203806,-0.173375825,1.0,8.371531379,,1.2908357075,1,-0.500704589,0.3387096822,0.1131541982,0.1321902001,1.3698279749,4.9224176855,1.73178e-05,1.9305147e-08,2.935443184,8.6168266865,-0.232456732,0.1832419965
93274,1.0839161887,-0.411508335,-1.635203482,0.0,0.3451002711,1.1651215384,-0.23981635,-0.165464335,0.1165147623,0.2973142066,-0.024388179,-0.301081869,-1.142524385,0.0586499723,0.3010818691,6,0.0,-0.115812918,0.2840260126,0.4142168095,-0.801724483,1.5238600212,-0.003883709,0.0032726889,-0.198502702,0.3534525617,0,2.6580564625,-0.206424071,2.6580564625,-0.206424071,4.5750411668,3.5849769585,-1.054522075,0.0,0.0,0,0.0,0,1.0,0.1455213963,3.0,-10.47179339,0.3149609248,-2.557279067,4.8619389579,1.7296046576,0.1119278668,1.0532222502,-4201.037058,0.0288563477,9.9202719288,-0.004421237,-0.04376763,-0.058124561,-0.145158624,0.1277771048,0.0285913595,0.0,-0.043885165,0.5677961675,-0.165419046,2.0,8.2229294906,0.1111030746,0.1367329907,0,-0.111549313,0.059745077,0.0266498069,0.052517676,1.2366250225,0.7052218465,6.7553121e-06,1.5987195e-07,1.4438343792,2.0846577146,-0.661907926,0.166821131
92987,1.0873665215,0.0708417947,-19.48979883,0.0333379064,7.4149403471,0.3255998838,0.0185893816,0.0463806138,0.0360652209,-0.008908447,0.050367891,1.8133457e-06,0.0002128112,0.0708267188,1.8133457e-06,6,-0.000702369,-0.025089606,-0.001525635,-0.131898693,-0.002845203,0.2467578611,0.3131507967,-0.000982742,0.0199773734,0.4556520586,0,0.7680636385,0.0596215716,0.7672928684,0.0610685671,0.8632027711,0.0669192284,0.01075311,0.0,0.0,0,,0,0.0,0.2748845102,4.0,-0.02047905,1.35687e-05,-0.06883964,0.1671436206,-1.314833969,,-0.008710922,-5299.490122,0.0286434127,12.44410093,8.02957e-05,0.0021146501,0.0168800718,0.0032716348,0.0221282131,-0.00606844,0.0,-0.000384025,0.3875308576,-0.024412654,3.0,11.541872409,-0.266833663,0.4585486872,0,0.0654744878,0.0190627296,0.0094672482,0.0172022739,0.59364598,1.9754480287,1.5060149e-08,4.2200026e-08,0.3753548129,0.1408912356,-0.037133674,0.0175689125
93073,0.4788544856,0.0447695787,6.6666691611,0.0,0.1977712886,1.1711344558,0.1139751553,0.1029011675,0.510784828,0.0088884816,0.0552937418,0.0286305212,0.4125219427,0.0263011451,0.0286305212,6,0.0,0.0885740127,0.1767346893,0.0542578095,0.0594069721,0.497725796,-0.393051043,0.0364414947,0.1238406408,0.3726690099,0,2.2537206342,0.1489589989,2.2537206342,0.1489589989,23.41854374,4.4840521565,0.3068836531,0.0,0.0,1,1.0,0,0.0,0.7293159781,5.0,-355.6597549,0.1282401663,-0.091802974,-1.880561041,4.7578784062,-0.19056443,-0.111067149,-2769.391818,0.2277833408,12.263341053,-0.001767923,0.0153551578,0.0214765001,0.0077251165,0.0762704044,-0.000211218,0.0,-0.002568218,2.2417846438,-0.187090524,3.0,12.782071892,-0.190107935,1.3297810389,0,-0.166303822,0.0366881378,0.0199612403,0.0389919572,0.4599420334,3.1279740945,2.0791613e-08,2.0356874e-08,0.9341560426,0.8726475119,0.2021683176,0.063619619
13863,0.069661381,-0.078051439,12.373985631,0.0,0.0153894514,0.0216316086,-7.013735908,-0.047358746,0.1830817853,0.0767018217,0.4607816343,-0.143622776,-0.160392497,-0.065532574,0.1436227755,4,0.0022792023,0.4492753623,0.7121695533,0.4736327166,-0.046383168,0.8253968254,-0.131910235,0.0027251032,-0.115342426,0.9099869497,0,5.2605238541,-0.351943276,5.1499532273,-0.354215156,0.2925509131,6.2504159734,-6.015659707,0.0,0.0,0,,0,0.0,0.2028227723,2.0,47.249847857,-0.039993338,0.2406521223,-8.750741295,0.1049418419,-0.42660587,-8.822884558,-4852.734307,0.0248274717,14.297378218,0.0,-0.257297269,-0.309054837,0.0009636818,0.8967941632,-0.001090834,1.0,0.0853242321,-0.258387551,0.0312880976,4.0,14.599667792,0.4995872966,1.6369023356,0,-0.25352422,0.095166184,0.0279126534,0.0459745417,0.3824326767,3.1862766496,1.8697665e-09,1.4784092e-08,1.8350011053,3.3672290565,-0.050214517,0.0848586519
93098,0.515472691,0.0383234506,1.8031166287,0.0,0.3912556928,0.4918547505,-0.008681812,-0.004158004,0.1185031185,-0.045025655,0.0329411765,-0.015808824,-0.375,0.0526947445,0.0158088235,6,-0.007352941,0.0,0.055210325,0.0515473214,0.0335537199,0.0845676063,0.1449718523,-0.1061514,-0.029775634,0.4510277539,0,2.3410958904,0.7533056926,2.3178082192,0.8589419511,3.595276873,16.113138686,0.2019675926,0.0,0.0,1,0.1144098479,0,0.0,0.1868316209,7.0,-0.001104966,-0.034740762,-0.018629928,0.257520716,0.1600614742,-0.786788214,-0.067527107,4785.6273185,0.1744310206,14.004922839,-0.001239311,0.0031879623,0.0057816836,-0.007745978,0.1038842544,0.1116198937,0.0,0.0006369427,0.6046048523,-0.000836366,4.0,15.674163894,0.0817828913,5.4438965903,0,-0.165367998,0.0194278359,0.0122354827,0.022138186,0.4158160164,6.6359825921,5.354577e-10,5.7897295e-09,1.28035476,1.6393083115,0.0764753317,0.0243359262
93132,0.1324607369,0.0049661558,5.1087030638,0.0,0.146734687,0.150958751,0.0810197601,0.2193563516,0.4804452683,0.0303835082,0.2850572503,-0.13206578,-6.756855937,0.0385217549,0.1320657803,6,0.016045577,0.2365684575,0.2520197563,-0.163934747,-0.005269423,0.3738692103,-0.122892255,0.0485312342,0.1539982245,0.6468642739,0,2.1086762976,0.1841705891,1.9687303608,0.1839227159,1.06992028,4.1699676845,0.0711536959,0.0,0.0,0,,0,0.0,0.9583839798,5.0,7.095214342,0.0330965889,0.098362761,-0.23315267,0.7489408975,2.0776142311,0.030830712,652.13136109,0.0410566741,15.534882816,-0.016042956,0.0050901129,0.010880003,0.0091102277,0.5319660046,0.0244053402,1.0,0.0001883239,3.8904403878,-0.195020247,6.0,16.398010286,0.0357184253,2.8771390237,0,-0.131569503,0.0775443539,0.0241794557,0.0294528817,0.444758182,7.4312418738,2.061016e-10,7.4506516e-09,1.2993701743,1.6883628499,0.0439149791,0.0384636511
12451,0.6839968735,0.0816631752,-0.812164456,0.0210161444,2.3517837643,0.9557375055,0.2172436737,0.0672753536,0.0677523433,0.0890298034,0.0388373212,-0.092769682,-3.36896857,0.3567838456,0.0927696818,5,0.0,-0.130671506,0.3822242139,0.7495835173,-0.147323784,0.8089487125,0.2973190988,0.0060982689,0.1300890355,0.8579641905,0,1.3830972972,0.0031832776,1.3830972972,0.0031832776,0.4116529646,2.4446000211,0.052397794,0.0,0.0,0,0.0,1,0.0,0.2923878311,6.0,1.343358704,0.0233457333,-0.218532079,0.2494532729,-0.648488458,-0.125296015,0.3287793114,-6671.871314,0.0558672041,12.714845249,-0.00106667,0.0005960534,0.0030977396,0.070610081,0.7753852093,-0.01398063,1.0,-0.001373626,0.7865888788,0.114145386,4.0,12.736772885,0.1689847904,0.7417321968,0,-0.168614603,0.0359937437,0.0209204722,0.0305554345,0.3655295206,1.1265709043,1.8768885e-08,3.6353731e-08,1.5436116618,2.3827369624,0.0612521792,0.0729210082
93174,0.3159539659,0.0345750155,7.5438457916,0.0292856303,0.7769473647,0.4828861434,0.0721591786,0.0437470744,0.2039514745,0.0164571166,0.0436166127,-0.050006203,-1.54754873,0.0880815367,0.0500062031,6,,0.0243902439,0.0879768095,-0.125517929,0.0231697212,0.2700920456,-0.022166761,,0.0440680254,,0,1.3044762983,0.0446004451,,,13.917010006,1.3401915774,0.098230825,0.0,0.0,1,1.0206149948,0,0.0,0.6475232825,8.0,-10.08587877,0.120227924,-2.417075905,4.0939767352,-0.769150486,0.9362464897,1.0826538147,662.17784162,0.0288563477,15.456927602,0.000223447,0.009087434,0.0332697201,0.0158996486,0.024500131,-0.023193179,0.0,-0.00028169,1.2161531364,-0.029573676,6.0,15.907654922,-0.053530861,1.7286947573,0,-0.111549313,0.0282098521,0.0095374104,0.0157106983,0.3449410424,2.3679780477,2.23111e-10,1.5402874e-08,0.8986709977,0.8076095621,-0.008421752,0.0206814104
93085,-0.050352713,-0.0869704,125.2424194,0.0,0.0634443716,0.0006362853,-16.60632731,-0.329301482,-0.732236272,0.1259881423,0.5391047854,-0.529527965,-0.212140133,-0.068520488,0.5786463093,6,0.0411221719,0.3733333333,-0.663125,-0.697425792,1.0508256413,0.4168797954,0.2961924764,0.0331418204,1.3201697128,0.7119338142,0,0.4968259997,-0.601888703,0.4660083555,-0.626583168,0.0782747604,1.375,-1.654512029,0.0,0.0,1,1.0,0,1.0,3.9791122715,1.0,-64.19230427,-0.064618924,0.1647100933,-8.870755389,-0.513900817,-0.42660587,-8.825872472,-4700.261657,0.0248274717,13.158361114,0.0,-0.305513595,-0.811535723,0.0073172448,0.8450394765,0.1651147095,0.0,-0.006386861,0.2764743968,0.0016780064,3.0,14.506753036,0.4346987302,2.2050508922,0,-0.25352422,0.0236686151,0.022201323,0.042149679,0.3909393402,3.4666062258,3.6083642e-09,1.1874255e-08,1.7474113797,3.05344653,0.2693525207,0.1123678231
14262,0.2983482076,-0.095111475,3.2220515424,0.0,0.0900920309,0.0104971981,-0.496058243,0.5288176967,-0.339526042,0.5713479243,0.2737360804,-0.05034106,-0.170037799,-0.078938929,0.05034106,6,0.0,0.32,3.499465812,2.7026186714,-6.045797775,1.3610013175,1.6397799799,0.0063835303,0.6272208834,0.5202985354,0,7.7341215863,0.298816692,7.7341215863,0.298816692,0.0531974076,5.2254098361,-1.077046467,0.0,0.0,1,1.0,0,0.0,-0.494888413,4.0,74.77710871,-0.005996586,0.1113767599,-8.522054468,0.7559871381,-0.42660587,-8.836290914,-5182.983007,0.0248274717,12.481207651,0.0411086418,-0.007069931,-0.01028996,-0.000545974,0.3795109055,0.7608803075,1.0,-0.182359952,-0.026309715,-0.075745814,5.0,12.78829203,-0.163889903,1.7918303742,0,-0.25352422,0.1559633762,0.0551405323,0.0708471264,0.6124600736,6.7907510272,1.3406388e-08,1.0817074e-08,2.3131100249,5.3504779872,-0.184300005,0.1152904952
92596,1.3454557866,0.0819038335,-1.487571049,0.0134560433,1.8325306946,0.446230574,0.0257547709,0.2597134119,0.1263760956,0.2244751597,0.2244149278,-0.053600389,-1.865380256,0.2346856275,0.0536003895,6,-0.000421115,0.0401785714,0.0677069586,0.1537593006,0.0084688408,0.0357884188,-0.247966376,0.1894539604,0.3111980372,0.5427062953,0,5.5995407914,0.5379122919,5.3217391304,0.588558522,0.8648813997,8.0627762867,0.0955068012,0.0,0.0,1,1.0,0,0.0,0.2374733234,6.0,-0.156068223,-0.041699343,0.0003796936,5.7543014611,-0.29723863,-3.227705821,0.9571036343,-13914.16116,0.0314049921,13.555223435,0.0016013135,0.0095435862,0.02314326,-0.002498639,0.1594723601,-0.658756487,2.0,0.0081300813,1.4483362713,0.2535581589,5.0,14.115291632,0.1756712946,1.8157694536,0,-0.107492679,0.0448143296,0.0190402057,0.03635366,0.4184488281,3.7265129766,2.3609346e-09,1.1420228e-08,1.6852979387,2.8402291421,-0.008264834,0.0429458594
93185,0.1025501409,0.023833241,134.55205484,0.0,0.3784734669,0.687565033,0.1078896679,0.4504976458,0.3982613614,0.0180958638,0.4201160368,-0.060504201,-1.032607584,0.0484436264,0.0605042007,6,0.0,0.4666666667,0.1829371181,-0.100651116,0.0448835222,1.2320781751,0.2053252509,0.011532896,0.5739875069,0.2200604237,0,0.8074145674,-0.300058737,0.8074145674,-0.300058737,140.32263362,5.2882419246,0.1317731657,0.0,0.0,1,1.0,0,0.0,1.9729515283,5.0,-10.12833658,-0.069778217,-1.974799482,3.8805729102,-0.6651061,1.0508140435,1.0430159044,-133.5105684,0.0288563477,14.942632984,0.0010994044,0.0163283998,0.0678927799,0.0477218514,0.008485299,0.0040306232,3.0,-0.000370165,2.5762373887,-0.051870012,5.0,16.042797672,-0.300656326,2.9103493351,0,-0.111549313,0.0561826378,0.0219706322,0.0323356972,0.306317007,2.5046494258,8.919666e-10,1.372294e-08,1.1311868053,1.2795835885,-0.033508864,0.043236893
78003,0.49773071,-0.047090781,-2.357068306,0.0,0.6385360524,2.1983481376,-0.095873369,1.0732810709,0.2853623772,0.3254739225,1.8692102251,-0.040530731,-0.724846736,-0.012957182,0.0405307308,6,0.0489998387,0.461038961,0.5985046337,0.4813898236,-0.611419961,0.0761204395,-0.50506956,0.6163878933,0.5781977762,0.3941813753,0,0.5350444695,-0.643547939,0.3226057041,-0.667087338,43.028918065,19.783372813,-0.025066067,0.0,0.0,0,0.0,0,0.0,0.4248983658,2.0,-1.544111222,-0.46566537,0.3022433706,4.4545511033,-1.254253075,-3.059333059,0.2405703244,-2779.069694,0.1062765098,10.734139138,-0.00043632,-0.017216858,-0.035619031,-0.623422852,0.0375802788,-0.049874451,0.0,-0.028037383,0.044317489,-0.115904011,2.0,10.057403229,-0.410389064,0.5584335595,0,0.0239123439,0.0384615809,0.0326428103,0.0802244236,0.6493199588,0.5557626588,8.4746526e-07,1.1345124e-07,1.780416244,3.1698820018,0.3678100419,0.1182812483
93246,0.151975268,0.0541790765,12.765769784,-8.687865e-06,0.4321415329,0.4532952426,0.171215296,0.0469006593,0.2946966558,0.0046644511,-0.059677922,-0.042585377,-0.448838288,0.0784967204,0.0425853774,5,0.0103957159,0.0612426036,-0.016722698,-0.163472078,-0.070424059,0.2057208523,-0.181066091,0.0281519627,0.544761268,0.3134035443,0,3.0370527436,0.1645581645,1.7091700551,0.211374023,7.6987315623,7.7253565442,0.1456868196,0.0,0.0,1,1.0000896404,0,0.0,1.5224034995,5.0,3.1042607494,-0.098874986,-0.105997927,0.9671297263,-0.606670518,-1.347956816,0.1701455272,-1896.285967,0.0446872923,14.743694275,0.0004651279,0.0181875796,0.0654777707,0.0034568163,0.0252800016,-0.004932346,1.0,0.0039880359,2.1554516216,0.144345548,5.0,15.406424399,0.4508419427,1.9826575697,0,-0.101630079,0.0280251354,0.0143321634,0.0230967599,0.2321344394,1.2002058482,7.79336e-10,1.9447075e-08,1.4280983731,2.0394649632,0.0668189504,0.045737047
93128,1.2640435815,0.2831439033,-12.17458718,0.0,3.0626255323,0.690366353,-0.132467849,0.3060130293,-0.058388708,-0.029001887,0.3152024159,0.1101435232,1.3989510573,-0.124433705,0.1101435232,6,0.1450367135,0.0489731438,0.2913746001,0.4608224166,0.3869488242,0.3519781719,-0.070787263,0.2578572204,0.3346206717,0.5084548987,0,1.7642842065,0.2223388687,0.9971734672,-0.114935925,2.6758798693,0.4151718661,0.1221335169,0.0,0.0,1,0.0209784559,1,0.0,-0.211814103,3.0,1.810420018,0.018256241,-0.038887429,0.8294999809,-0.115031422,-1.067696461,-0.15243824,-6523.028214,0.0558672041,12.821613313,-0.001414615,-0.005517946,-0.013168948,0.0341362215,0.062393541,0.0333331497,0.0,-0.219298246,-0.378108317,0.0127790354,2.0,13.651573679,0.0746603744,2.0519802524,0,-0.168614603,0.0635838211,0.0293240566,0.0454919546,0.5563555888,4.3216483748,1.1516416e-08,1.5403126e-08,1.4986977942,2.2460950785,0.089370655,0.0393818946
92486,0.2499839432,-0.118184567,4.7515366204,0.0,0.0859372073,0.1005555645,-0.618690314,-0.199585525,0.0741272119,0.0240161793,0.296819788,-0.233132637,-0.745258987,-0.030106456,0.2331326368,6,0.0,-0.233333333,0.0455652174,-0.068958135,-0.420984962,0.4880159787,1.0289168248,0.0221584569,-0.292664458,0.6201055567,0,2.436356559,-0.399997222,2.436356559,-0.399997222,0.7194830062,1.7256027555,-1.230769231,0.0,0.0,0,,0,0.0,0.0880265026,2.0,1.0105757735,0.0165674806,-0.357703636,-0.085454482,-1.533248796,-0.758370749,-0.062698784,-2125.027919,0.0772902197,12.390634029,-0.022158457,-0.305513595,-0.381323631,-0.008375035,0.4526100613,0.3385833192,0.0,-0.026571467,2.2018570136,0.0910840519,5.0,11.860524177,-0.167427894,0.3674707175,0,-0.045482084,0.043643266,0.0312642783,0.0587686759,0.4801357628,0.5518589328,8.4915901e-08,8.1714536e-08,0.8653611568,0.7488499317,1.9021264841,0.1198391502
12696,0.719800991,0.0479531282,-4.644387914,0.0074912222,3.7504424164,0.2374903568,0.0349888299,0.1082418037,0.0548724288,0.0054838911,0.1176752536,-0.004321424,-0.38317485,0.0663275609,0.0043214239,6,-0.013256452,-0.019064125,0.2476716615,0.0553884698,-0.030876102,0.1046874114,-0.149274348,-0.013217185,0.0615577458,0.5740979835,0,0.8775376492,-0.063223827,0.8726281337,-0.045443215,0.3182384996,0.0953508053,0.0151090102,0.0,0.0,0,,0,0.0,0.326423946,6.0,0.0857161959,0.0107375066,-0.062814159,-0.20042191,0.2227350858,,-0.01321008,-4853.728222,0.0286434127,13.560945337,-0.000714401,0.0027630754,0.0174364799,0.0068610359,0.0500700422,-0.103944421,1.0,0.0,0.1878292587,0.0314826202,5.0,12.986087204,-0.086897156,0.6123221806,0,0.0654744878,0.0256024208,0.0120273125,0.0206284693,0.5336140172,2.5117194484,5.9114639e-09,3.8285765e-08,0.8163090044,0.6663603907,-0.071657705,0.0240770566
93300,-0.062204419,-0.814462459,12.450890489,0.0,0.1582209701,0.0,-17.17196532,-0.450988474,0.0,0.1848475484,-0.607215241,-0.195712225,-0.135218214,-0.7043323,0.1957122253,5,0.0,-0.2,,,,0.735042735,0.690806518,0.0,-1.153205041,0.8279025788,0,0.5254738306,-0.755701903,0.5254738306,-0.771823859,0.0,,-2.059838085,0.0,0.0,0,,0,1.0,-0.071080092,2.0,,-0.029412831,-0.40862324,-8.882607095,-0.651155719,-0.42660587,-9.223719573,-5511.018057,0.0248274717,11.929343055,0.0,-0.305513595,-0.420806242,0.0030184639,0.9705503533,0.0222368315,0.0,-0.052545156,-0.217092619,-0.034072319,3.0,13.197423619,-0.703740461,2.974219468,0,-0.25352422,0.1165803298,0.0486027772,0.0766266153,0.3945787561,5.6870859909,1.7099439e-08,7.3045512e-09,1.8963727457,3.5962295906,0.1459479789,0.1092207359
93272,0.5269367517,-0.040234863,1.3136224481,0.0,0.1887253617,0.7755987985,-0.08263794,-0.034874961,0.5093991382,0.0279342957,-0.109832598,-0.156241543,-2.829297588,0.0736015379,0.1562415431,5,-0.011456316,0.0596205962,0.0486359764,0.3422021528,-0.018062372,1.3812549643,-0.160299632,0.0060010584,-0.00486268,0.4600141294,0,2.7375122041,0.2063122944,2.1206691823,0.2456226951,3.5832157465,13.050578975,0.0676294946,0.0,0.0,0,,0,0.0,0.7104149706,4.0,3.0954596649,0.0403660334,-0.107619934,1.3420912101,-0.022141317,-1.065658247,0.1652503447,-4601.859647,0.0446872923,12.710243138,0.000194432,0.0026570758,0.0035256913,0.0163741731,0.2727270086,0.0020943126,2.0,0.0115532734,2.9624689894,-0.18615406,6.0,12.9716592,0.0455435218,1.2302812787,0,-0.101630079,0.0405405387,0.016542959,0.0293710629,0.333046648,1.5128735965,9.5777746e-09,2.4464866e-08,1.7073187415,2.9149372852,0.085368633,0.0552724809
14861,0.9172422085,-0.284686441,-0.097918089,0.0147741074,0.0861397261,0.1225052485,-0.284888673,0.1817981974,0.0055882727,0.5656080789,0.2362892993,-0.162386318,-0.528311652,-0.134283277,0.1623863184,3,-0.023523797,0.2441860465,0.2100718028,0.5242389635,-1.056201143,0.0737116305,0.2055409621,0.1104580532,0.1769414019,0.3747564419,0,1.2957007641,-0.570822568,1.2476907287,-0.528635401,3.5469283276,2.1557476232,-3.126087505,0.0,0.0,0,,0,0.0,0.0007436631,2.0,0.0918243826,-0.056504153,0.2788153167,0.614454,42.286264078,-1.107982334,-0.152661411,-1323.061212,0.2469190948,9.3437431727,0.0,-0.065847359,-0.083402236,0.0326793931,0.0063433579,-0.82139944,0.0,0.0100587856,-0.28581034,-0.004283149,5.0,9.632143328,,0.5476348209,1,-0.03661115,0.0599800274,0.1134662622,0.1619835662,0.8471720849,8.5674748708,1.4996011e-06,3.1296003e-08,2.8909372538,8.3575182054,-0.016529941,0.1363204938
12310,2.051866922,0.2831439033,-67.55061332,0.0,1.8367450113,0.9892350442,0.1028298086,-0.009209399,0.1219930017,0.0,-0.170720946,0.0706240599,0.6737622502,0.1335944852,0.0706240599,7,-0.052753755,-0.03125,-0.349707492,-0.30851719,0.2944075975,0.000573062,-0.120569737,-0.003811244,0.2000015241,0.5405889693,0,1.3085485827,0.2509895151,0.2776292254,0.2832668339,24.900295179,6.4203805497,0.2026821032,0.0,0.0,0,0.0,0,0.0,0.2561933719,4.0,8.745850923,-0.143450335,-0.034008405,12.374286127,,-0.672261912,2.3752013325,-765.9638979,0.0855191314,11.440174058,-0.000673939,0.0231229939,0.0434741048,-0.128643163,0.0102164589,-0.164525416,0.0,-0.011023206,0.1409264049,-0.023086039,2.0,10.287699056,0.0035135755,0.3256973733,0,-0.186226261,0.3387096822,0.1131541982,0.1116641713,1.3795947701,8.4754837457,8.8551998e-07,3.5740843e-08,0.7883900877,0.6215589304,0.8719947337,0.1331485016
93371,0.0846805378,-0.476733014,8.7106958525,0.0019346228,0.0341239492,0.0044053459,0.9227535636,0.7176549865,-0.086590296,0.3525621726,-0.607215241,-0.529527965,-0.690949983,-0.147334346,0.5786463093,5,0.0949665262,1.5,3.499465812,2.7026186714,-6.045797775,0.3571428571,1.5714285714,0.1361185984,-1.90305742,0.9166204394,0,3.5354385965,1.0296036387,3.2105263158,0.895070893,0.0435483871,2.3625,-4.835107641,0.0,0.0,0,,0,0.0,0.0643798161,4.0,74.77710871,0.0164799077,1.2913767599,-8.735722138,0.0432887254,-0.42660587,-8.90468633,-5504.463537,0.0248274717,11.92485784,0.0,-0.1208372,-0.127215001,-0.000227272,0.9673595034,-0.139711153,0.0,-0.100502513,0.1007748076,-0.044324487,3.0,12.144177597,1.3070025802,1.5978611004,0,-0.25352422,0.230188638,0.0745682614,0.101143359,0.615454854,6.7157941474,3.1407311e-08,9.6304842e-09,2.3182222259,5.3741542889,-0.139990258,0.1384788893
93356,0.221517911,0.0029205788,5.2147931496,0.0,0.0417824228,0.1381950069,0.0413170473,0.0915461425,0.4194241705,0.0159706687,0.2659619727,-0.060303358,-5.208579882,0.0181326469,0.0603033579,5,0.0,0.2230869001,0.2256516366,-0.10226793,-0.01705326,0.7543350057,-0.035625315,0.031084046,0.06389899,0.6067973746,0,6.603990228,-0.199650968,6.603990228,-0.199650968,0.9782254673,8.2797515046,0.3256452102,0.0,0.0,0,,0,0.0,0.4859082963,5.0,-10.11526292,0.1034891724,-2.218379249,3.9995406802,-0.484757024,-0.758105946,1.0127049249,-3308.577688,0.0288563477,13.664514624,0.0017942609,0.0050815041,0.0059930537,0.0069549824,0.4860109856,-0.036639358,2.0,0.0001472971,0.5003356353,-0.019588546,5.0,14.420398723,-0.391386994,2.6486406444,0,-0.111549313,0.0406162851,0.0219013367,0.0368383648,0.5343469848,6.2425014445,2.7056787e-09,8.8987668e-09,1.6323413787,2.6645383766,0.1547035665,0.0461096236
93305,0.2002635481,0.0194632418,4.776191797,0.0065302358,0.0288819929,0.1484920201,0.4711110765,0.1580170411,0.4622884841,0.0207113382,0.0193140626,-0.085856381,-0.941843473,0.037794569,0.0858563806,5,0.0,0.1153846154,0.1797889169,0.1453715515,-0.026558773,0.50880664,-0.225301185,0.0197507992,0.1811976911,0.8383650427,0,9.2992003819,0.2900396138,9.2992003819,0.2900396138,0.9199573175,4.2714504326,0.8744626205,0.0,0.0,1,1.0,0,0.0,0.539548163,6.0,1.3805574742,0.0039289344,0.0275240429,-0.234280053,-0.207343243,-0.187396586,0.0097900348,-5160.591814,0.0558672041,14.52242063,-0.000676634,0.0188276527,0.0217189678,0.003996439,0.7086935618,-0.006129629,0.0,0.0003393281,1.8012674839,0.0431984104,8.0,15.003948944,0.2401735632,1.3771967447,0,-0.168614603,0.0526486151,0.0221247392,0.0341692488,0.3688364697,2.6016131439,1.7546498e-09,1.7035869e-08,1.6092645406,2.5897323617,0.1540603657,0.0462017455
12384,0.3835108459,0.0097556873,24.688270419,0.0147484667,0.4571954613,0.70815694,-0.002415569,0.0482422588,0.0974284125,0.0306415201,0.0904029517,-0.060238921,-5.212441435,0.0606066363,0.0602389211,5,-0.000301556,0.2134831461,0.4874248081,0.5464298128,-0.17445537,0.0782901359,0.3035521592,0.0838831966,0.0907162146,0.3888408357,0,1.2237081974,0.1439630123,1.1125613412,0.1341324257,44.612615074,5.7654806561,0.097169672,0.0,0.0,1,0.0874627815,0,0.0,0.1804380293,5.0,-1.493935117,-0.063297834,0.0546875556,4.3403312392,-2.282005899,-3.059269548,0.3141341429,100.48631577,0.1062765098,14.11789929,-0.00514927,0.0016525457,0.0041541059,-0.103829912,0.0507348567,-0.028082937,0.0,-0.006706753,1.8218027756,-0.135931934,5.0,14.959529498,0.1477234326,3.1813041496,0,0.0239123439,0.125862062,0.0482952362,0.0613037556,0.3063103496,2.6403232308,2.9118526e-09,8.6976114e-09,2.5674947124,6.5920290984,-0.005561347,0.0465728411
93152,0.5821842985,-0.140643703,0.6048424772,0.0,0.643405364,0.0,-0.193496897,0.2248936544,0.0,0.0038211082,0.5530442458,-0.11039273,-0.873667435,-0.01776788,0.11039273,6,0.0049244632,0.1516853933,,,,0.0388405686,-0.355114375,0.1322559845,-0.006988718,0.6655945651,0,6.5979163441,0.143449514,6.2860794266,0.1324425186,0.0,0.0,-0.226865365,0.0,0.0,0,0.0,1,0.0,-0.062572506,3.0,,-0.072754429,-0.035795367,1.718876328,-1.983910728,-0.464531207,-0.380383976,1131.4760796,0.0279332649,14.108703876,0.0,-0.011387393,-0.025098809,0.0,0.3425178228,-9.4,3.0,0.1059322034,0.9278754739,0.18300464,4.0,15.034975336,-0.295701196,2.5113614553,0,-0.500704589,0.0945945829,0.0399886387,0.0792489604,0.3145497032,3.7109470012,2.3301288e-09,9.302257e-09,2.5132629642,6.3164907273,0.1566148188,0.0621971268
93301,0.469030065,-1.190958076,-0.32184117,0.0,1.139365667,0.4125124657,-2.527378085,-0.450988474,-0.222083282,0.0092647996,-0.344885352,0.0139073214,0.0286126017,-0.887213573,0.0139073214,5,0.0,-0.197183099,3.499465812,2.7026186714,-6.045797775,0.5505976096,1.0623709137,-0.015237861,-0.705367611,0.891846254,0,1.4651963821,-0.643040297,1.4651963821,-0.643040297,0.3277037412,7.7415634344,-0.735703441,0.0,0.0,1,1.0,0,1.0,-0.49885613,2.0,74.77710871,0.1303043648,-0.405806339,-8.351372611,2.877197607,-0.42660587,-9.223719573,-5503.432739,0.0248274717,10.898760622,0.0,0.0961391205,0.7046991812,0.2029429426,0.9110777899,13.766666667,5.0,1.1243243243,3.0837379484,0.0323235989,2.0,10.92266047,0.0385662798,0.5900110783,0,-0.25352422,0.0721648782,0.0345604818,0.0587370391,0.4552861742,1.7219630393,1.1883165e-07,2.6092528e-08,1.6907642143,2.8586836282,-0.004262806,0.1197645805
90295,1.1823279196,0.0154920727,-21.00308681,0.0010150812,9.8104094161,0.3966429814,0.0184486118,0.3502829845,0.0367644463,0.2387430542,0.3708498674,2.25289e-05,0.0140405616,0.0152745553,2.25289e-05,5,-0.003031388,0.1470588235,0.2010318709,-0.195656035,-0.082992778,0.1425717853,-0.402236245,0.000763352,0.2337179245,0.6279769773,0,1.015595586,0.0188282112,1.0141206426,0.0237756798,0.8373427894,0.0440798468,0.0034528906,0.0,0.0,0,,0,0.0,0.3151881975,4.0,-0.045947315,-0.001372968,0.1033087895,0.2621050187,-1.080009711,,-0.064263086,-5415.730822,0.0286434127,11.531561167,-2.527e-05,0.0009344731,0.0094008003,-0.005072307,0.0275482292,-0.002516196,1.0,0.0,-0.774010075,-0.027097335,0.0,11.400842396,0.1962832288,0.4301853262,0,0.0654744878,0.0388220139,0.0151234032,0.024725682,1.1623074484,0.8241689162,3.8587083e-07,1.4165165e-07,0.2697489742,0.0727645091,-0.378687493,0.0216838756
93400,0.5256374909,-0.453491948,-1.597383471,0.0,1.1932817244,4.716882375,-0.315712439,-0.06956115,1.1981893349,0.0357408259,0.1161732054,-0.241406487,-0.949233465,-0.023022215,0.2414064872,5,0.0,-0.095238095,-0.076154998,0.2366945312,-0.061266097,0.8856866439,-0.242977294,0.0596100189,-0.324673336,0.3616936789,0,0.5810871518,-0.417288522,0.5810871518,-0.417288522,10.642725887,45.4730946,-0.24817922,0.0,0.0,1,1.0,0,1.0,2.8439414047,1.0,-10.22840605,-0.019342817,-2.536704244,4.3036602601,-0.511529199,0.1119278668,0.971550063,-4133.736198,0.0288563477,10.768874415,0.00208202,-0.214816601,-0.811535723,-0.359924729,0.1407513451,-0.008167974,0.0,-0.023696682,5.7023192315,-0.236779213,4.0,8.8886877586,0.5829364621,0.1458603455,0,-0.111549313,0.055865936,0.0430956201,0.0591021432,1.3071260058,2.8446059513,2.2366654e-06,9.1448819e-08,1.0235812423,1.0477185595,0.7634222716,0.1438641118
88244,2.5924269673,0.2831439033,-15.46505674,0.089868563,0.911545896,8.2257963184,0.2057206837,0.0353973484,0.2575557297,0.0155651009,-0.379140321,0.0881390226,0.5706076227,0.3461881489,0.0881390226,6,0.1238867586,0.0338345865,-0.069212449,0.8461106096,0.5433879072,0.0212552252,-0.761094135,0.3198481547,0.2016649527,0.5520513674,0,4.6863952812,0.0427846244,0.4250947977,-0.705631542,68.685829457,148.08907823,0.6981747906,1.0,0.0,1,1.0,0,0.0,0.331789987,6.0,-0.350104521,-0.684757167,0.0640130075,4.0875619148,43.250901134,0.2056655531,0.3750490153,-1462.057871,0.1187585399,11.440454098,0.0044309128,0.0229540395,0.0327912397,0.277007755,0.1302508876,-0.133086175,1.0,0.1010079992,0.0066397518,0.134723831,4.0,10.821701434,1.3574927177,0.6671416732,0,-0.051660395,0.1111110896,0.0501233435,0.0686428667,0.7127483761,2.2548306326,1.3929692e-07,3.0441362e-08,1.562748739,2.4421836214,-0.016584007,0.0828884124
93401,0.5399039632,-0.070675406,0.8205590814,0.0,0.1462937701,0.4910443752,-0.398000565,-0.066373139,0.3650418402,0.0272413968,0.0063875538,-0.066270919,-0.666305338,-0.023584006,0.0662709186,6,0.0,-0.083860759,0.0660355392,-0.586514729,-0.164107074,0.8555992141,-0.007730069,-0.01044025,-0.084311738,0.7102745822,0,5.1235439569,-0.101788118,5.1235439569,-0.101788118,1.2840280783,3.7638644211,-0.356522196,0.0,0.0,0,,0,1.0,0.4550401497,3.0,-0.051327376,0.0842623394,-0.105495238,2.2700514667,-0.091264927,-0.099368915,-0.234683224,-13924.18017,0.0347046397,12.358299586,0.0053511791,-0.048436509,-0.061560991,0.0284368355,0.5342445027,0.0010908388,0.0,0.0012804097,0.1406288591,0.0153853148,2.0,11.646536371,-0.069577381,0.5356160919,0,-0.107492679,0.0277264509,0.0156486924,0.0318868641,0.5232973054,0.9678504034,3.5910493e-08,6.5485986e-08,1.4100959645,1.988370629,0.1024010352,0.0516985257
14172,0.4457581416,-0.003874398,1.5326304802,0.0,0.6072395725,1.3327783885,0.0397356752,0.3523328568,0.3571972299,0.0326268823,0.8207984741,-0.005730116,-1.354477612,0.0013733873,0.0057301163,5,0.0281928034,0.3314606742,0.0456999614,-0.338938961,-0.22087681,0.1430102724,0.1232054388,0.028666382,0.0013639906,0.3764534034,0,1.400502844,-0.338718393,0.8057868271,-0.263261859,24.058194154,6.7912338858,0.0409693729,0.0,0.0,1,1.2330432959,0,0.0,0.6059041309,3.0,3.0395288721,-0.226785589,0.1642201439,1.2609125999,-1.465561013,-1.065658247,0.0930221941,-5050.000167,0.0446872923,10.820278159,-0.032184785,-0.04930301,-0.12366359,-0.036140158,0.0,-0.10658627,0.0,-0.044155844,1.407852183,-0.030762643,1.0,9.5456298042,0.9478509156,0.1752873563,0,-0.101630079,0.1159630939,0.0386100351,0.0317268903,1.1031566314,0.7164107678,4.9058899e-06,1.9676705e-07,0.5389357672,0.2904517612,0.5868948705,0.0588440539
93233,0.2723554581,0.0402485188,13.768963617,0.0,0.2048458255,0.256243472,0.1119040449,0.0320810838,0.2597970376,-0.018122935,-0.019076561,0.0336937564,0.3932768226,0.0244197092,0.0336937564,6,0.0,0.0333333333,0.0424069519,0.0217372743,0.1159948426,0.1002483821,0.1739858851,-0.008162788,0.0742176106,0.332410514,0,0.8674038438,0.3102844645,0.8674038438,0.3102844645,6.7486910995,9.8970477835,0.2871262545,0.0,0.0,0,,0,0.0,0.4697259611,6.0,-0.020714496,-0.025750744,0.0116988551,2.0025029617,-1.01210737,0.1120852417,-0.186679509,-7922.294979,0.0347046397,13.860820721,-0.031543708,0.0136865366,0.0239805468,0.0010159483,0.2471887332,-7.974699867,0.0,0.0029110064,-0.171954373,-0.018389404,4.0,14.854610991,-0.147252994,3.0184088449,0,-0.107492679,0.0391566008,0.0164276282,0.0230639777,0.3038405455,1.6724607264,1.8499117e-09,1.5636626e-08,0.892799729,0.7970913561,-0.028176559,0.0277272987
93304,0.7135407348,0.0662580717,-9.03483897,0.0224725247,6.0455943081,0.2954470505,0.0311082736,0.1381802016,0.0481665314,0.0369833541,0.1386858335,-0.004573471,-0.438229405,0.095294307,0.0045734707,5,-0.000245199,0.0428134557,0.0189689203,-0.114666626,0.0080682389,0.0863420282,-0.044949274,0.0017897719,0.1339141023,0.5054952904,0,0.8043529085,0.0257502378,0.7965909396,0.0278973879,0.4712171485,0.0786939235,0.0140010268,0.0,0.0,0,,0,0.0,0.4545554348,6.0,-0.021286833,-0.000272558,-0.000936578,-0.206682166,-13.33311632,,0.0157566658,-4224.660662,0.0286434127,13.252144736,-2.47602e-06,0.0024041827,0.0218001741,0.0022710623,0.082316524,0.0680222803,0.0,-0.002873563,-0.09608457,-0.02733258,5.0,13.327510507,-0.091852094,1.1837482744,0,0.0654744878,0.0371439122,0.0138429136,0.0207510512,0.5506645407,2.9306576473,4.0646975e-09,2.0580396e-08,0.9887438431,0.9776143872,-0.02910124,0.0226060767
14506,0.3730891229,0.0273068185,4.691039642,0.0,0.3018648966,0.3968563679,0.0472404686,,,,,,,0.0431466248,,1,,,,,,0.5859540428,,,,0.3604491835,0,2.9443750442,,2.9443750442,,3.6335232313,2.7103827547,0.378034429,,,1,1.0,0,,,,,,,4.1511118921,,-0.821616473,1.0377189027,-3769.958808,0.0288563477,12.166535275,0.0306962293,-0.037257292,-0.072665981,0.0406151469,0.1000659493,0.0275381187,0.0,-0.001094092,4.118535309,-0.324730676,2.0,12.721795043,,1.3001918191,1,-0.111549313,0.0468164794,0.025035826,0.0419721084,0.4710704476,2.062850408,3.4079541e-08,2.6484809e-08,2.3234727878,5.3985257956,-0.044774087,0.0658640918
12591,0.4646672151,0.0437566687,-1.815355424,0.119866142,4.4829526226,0.4057804237,0.0121370334,0.0311796687,0.0264820493,0.1146150218,0.0915886553,0.0237049371,3.2167224438,-0.096996389,0.0237049371,4,0.0,0.1901408451,-0.582147226,-0.046603538,-0.110411277,1.255194118,-0.068549281,0.0002526917,-0.322601525,0.1376477618,0,5.773266776,-0.238762006,5.773266776,-0.238762006,0.6780116021,1.2816402479,0.0129175084,0.0,0.0,1,0.9990834007,0,0.0,0.2172209206,1.0,1.306063606,-0.096170004,0.1022802726,0.0301236145,-1.279059582,-0.101287207,-0.125000924,-3214.496754,0.0558672041,14.947967739,-0.00094553,0.0083748495,0.0554926969,-0.009061386,0.1815304947,-0.007450461,0.0,-0.008731083,-0.380463098,0.0006727828,1.0,14.852577537,0.1329942504,1.3243221138,0,-0.168614603,0.0250152443,0.0176587459,0.0235899831,0.4321249576,1.7109279085,1.3386263e-09,2.7381741e-08,1.2915480827,1.6680964498,0.0634175314,0.0323878954
93264,0.0410455441,-0.087891566,8.0085866615,0.0,0.1135441044,0.0354295466,-1.949882013,0.1955499315,-0.547888243,0.1622415714,0.0175461188,-0.111188212,-0.17957156,-0.072108741,0.1111882118,5,-0.056136169,-0.131086142,2.340588261,-3.701815015,-2.704478503,0.4134312345,0.3174529645,-0.048218037,1.3165990844,0.8559655336,0,4.7856824301,-0.142817958,4.7038535868,-0.067333302,0.3077951469,2.9581640156,-0.730029772,0.0,0.0,1,1.0,0,0.0,-4.428422697,5.0,57.06213507,0.1302554529,-0.339709382,-8.779357132,-0.282306678,-0.42660587,-8.829460725,-3389.957597,0.0248274717,14.109289538,0.0,-0.072468311,-0.337817127,0.0152394351,0.7536459165,0.0154302583,1.0,-0.007677543,0.2712118111,-0.00510425,2.0,15.161266362,0.0882692194,2.9255307005,0,-0.25352422,0.0880444646,0.0339323349,0.0556380274,0.6534114507,16.14979486,1.3998178e-09,6.4635543e-09,1.2844488698,1.6498088992,-0.042610153,0.0524038268
93372,0.3628901366,0.0836836311,7.5863893366,0.0410408098,0.6432211913,0.6355922664,0.1692456734,0.3186702494,0.3286719237,0.0026999055,0.469509803,-0.032638006,-0.344986362,0.1125533425,0.032638006,5,0.0479910794,0.9096153846,0.5619133388,0.2079092047,0.1667255248,0.2456986097,-0.297188355,0.0977084528,0.1156830049,0.2377600173,0,3.119030945,0.1445409166,2.0631373922,0.0579605595,12.544368671,4.9822876654,0.1905798842,0.0,0.0,1,1.0,0,0.0,0.7186343122,7.0,7.206037172,0.1784409543,0.7714096881,-0.00272327,0.3221041652,0.314755154,0.1048622996,-3973.486329,0.0410566741,13.152932963,0.0057642517,0.032335013,0.0869030585,0.093851979,0.0074217724,-0.021768647,2.0,0.0045317221,0.392017624,0.0762184844,4.0,13.617528027,0.0354595091,1.175302936,0,-0.131569503,0.0237676464,0.0125356277,0.0227510951,0.3931844468,2.0842981427,4.0924887e-09,1.9412676e-08,1.2470250784,1.5550715462,0.0066583605,0.0320880925
93434,0.7901239683,-0.04817569,-10.53139463,0.0,1.0732837087,1.2368952374,0.0509140799,0.3700223964,0.1888913774,0.1558419244,0.8648970518,-0.134906423,-4.513436611,0.1692622342,0.1349064226,6,-0.027999981,1.0,0.5758334304,0.4738338426,0.1157028713,0.1899451076,0.5539190201,-0.014221725,0.0070272159,0.349402614,0,1.3386215987,-0.201849286,0.7378777893,-0.095110807,22.972842999,3.0382356242,-0.01816116,0.0,0.0,1,0.9897219795,1,1.0,0.2571922196,4.0,-110.9852502,0.1743785062,0.8925066073,-0.13404758,3.7327628933,0.3553637316,0.0366136247,-2677.978086,0.5166690304,11.253906681,-0.00920228,-0.015317591,-0.036124605,0.0660586664,0.0567556034,-0.105471036,0.0,-0.008695652,-0.224175374,-0.030284179,3.0,10.7021229,-0.013245014,0.5818088224,0,-0.344654664,0.0388128012,0.0149958221,0.0292937846,0.9028634706,1.4890333649,1.0624859e-07,5.1187065e-08,0.67013985,0.4490874186,-1.53256481,0.0642630149
93266,0.471131163,-0.069523858,1.6146242641,0.0,0.2417350942,0.9803809149,-0.151501538,-0.258955437,0.1770136865,0.0134465997,-0.471737083,-0.10846978,-1.306527389,0.0213109667,0.1084697798,6,0.0,-0.043478261,-0.001447537,-0.334471191,-0.264274155,2.2028021016,-0.06087381,0.0060648093,-0.065903783,0.5121102787,0,2.4243671664,-0.09088976,2.4243671664,-0.09088976,4.6659390091,5.0419056809,-0.011338567,0.0,0.0,1,1.0,0,1.0,0.3113102907,5.0,-1.124672205,0.2978660239,-0.356510022,0.5851753326,-1.062620518,-1.489106092,0.1087177927,-4471.744671,0.0278203388,11.982124765,0.0013763405,-0.03102075,-0.046937346,0.0128105354,0.3075830946,0.0095186694,0.0,-0.012612613,-0.005940274,-0.043889832,2.0,11.352183331,-0.387865309,0.5279331249,0,-0.111549313,0.0748502985,0.0231225319,0.0469884735,0.4430379035,0.6243329196,7.0894819e-08,6.6411996e-08,1.5240702814,2.3227902226,0.1361801125,0.0539007331
88278,2.5924269673,-0.08261388,-183.1412575,0.0,1.3935606964,1.087836871,-0.05494459,-0.011541544,0.0719087702,0.1344159841,-0.050827634,-0.02051132,-1.153290993,0.0126639637,0.0205113197,6,-0.021707599,-0.548387097,-0.092603644,0.1256503238,0.5054007561,0.0126018241,0.0982122875,0.137671579,0.0066764609,0.3785497263,0,0.5448338888,-0.549429429,0.4876357381,-0.502213527,556.25609756,3.2610995925,-0.03360196,0.0,0.0,0,,0,0.0,0.0651647194,4.0,0.6220258595,-0.270307796,-0.445915059,12.374286127,,-0.757549542,2.3752013325,-258.1652184,0.1273100946,9.2856333295,-0.000124556,0.0088204916,0.0130504214,-0.676352582,0.00076116,-1.536157606,1.0,0.4040855793,-0.481063472,0.0191179477,5.0,8.5177882089,0.9727054879,0.3348497496,0,-0.500704589,0.2400561124,0.0773899636,0.1024728154,0.9264887732,0.9897168194,7.8643793e-06,1.0700869e-07,1.3131386774,1.724333186,0.612263408,0.1549073401
13702,0.4317952071,-0.108928828,3.0269973428,0.0,0.2885029209,1.1188141604,-0.164912748,-0.115079774,0.8667009779,0.0226598498,-0.152621264,0.0221712538,0.1554364472,-0.125860338,0.0221712538,5,0.1399082569,1.1929824561,-0.017433343,0.2046473363,0.2098989995,1.38647343,-0.184659091,0.1374163664,-0.086142983,0.5500608352,0,2.0969714619,0.0478381178,0.9368083867,-0.29721997,11.881310895,7.3220524017,-0.270255934,0.0,0.0,1,1.0,0,1.0,1.4736098853,5.0,47.757493012,-0.086324687,0.9843592161,-8.388607469,1.0073808663,-0.42660587,-8.883212322,-5535.376477,0.0248274717,9.7624359291,0.0017759736,-0.099938987,-0.179802415,-0.001752258,0.1632241216,0.0065707921,0.0,-0.014274493,-0.44240877,-0.047286294,3.0,10.608666105,-0.86242368,1.1474043534,0,-0.328877875,0.1249999553,0.0886051964,0.1004449541,0.9152033626,9.448210409,5.6941703e-07,1.5794537e-08,0.1250559383,0.0156389877,0.7490543932,0.1211711371
11664,0.6001899614,0.040738313,-0.579537982,0.0046203104,0.9491102296,0.5740101109,0.0724514456,0.8545839168,0.4984728273,0.3556150441,1.1018542976,-0.021033054,-0.615604432,0.065816999,0.0210330541,5,0.0,0.524911032,0.0486924293,-1.112643855,0.0890191644,0.4785466591,0.0679047978,0.0528205292,0.5637054311,0.5959325097,0,1.2100484051,-0.202747248,1.2100484051,-0.202747248,0.777899478,2.8124625972,0.1085610151,0.0,0.0,0,0.0,0,0.0,1.0817468091,4.0,-10.11469965,-0.133625261,-1.916555117,4.3782127306,-0.714089213,0.7436440063,1.060389277,-3186.440018,0.0288563477,13.928871651,-0.008056764,0.0001074739,0.0002563559,0.0019216552,0.4562095301,-0.020239884,0.0,0.0045454545,1.7705771656,-0.071697577,5.0,14.83695765,0.0474762113,2.0522520377,0,-0.111549313,0.0188419037,0.0145051589,0.0203690423,0.3056388699,2.3141213204,1.2690377e-09,1.4550879e-08,0.8125613809,0.6602559977,-0.52780127,0.0592002801
93420,1.1170046437,0.2831439033,-34.10167558,0.0,2.4258198167,0.8294025009,-0.010929299,0.2602945209,0.2066236637,0.0063654419,0.2089377485,-0.068662435,-0.721356463,0.5205383235,0.0686624347,5,0.0001318268,0.3777777778,0.2173635879,0.2447855839,-0.123671335,0.0808924833,0.0707218762,0.331680859,0.388381883,0.5138661502,0,0.8760941635,-0.087085322,0.8492381101,-0.072265535,30.347034555,4.5362464964,0.2493978722,0.0,0.0,1,0.1851851852,0,0.0,0.5979426776,5.0,0.9343919395,-0.12712504,0.190297018,2.2536966732,-2.536387583,-0.463775882,0.1579222269,-823.9532304,0.0279332649,14.374774326,-0.010278013,0.0046776138,0.0118822169,-0.141966967,0.0021423177,-0.898836291,1.0,0.0034562212,0.2319411639,0.0673011243,6.0,16.923774628,0.1849179814,9.8670935927,0,-0.500704589,0.1366906911,0.0492272405,0.0702673437,0.2511309269,14.974519504,3.922538e-10,1.6035469e-09,3.2000258746,10.240165598,-0.0630052,0.0796061967
12789,0.3708994235,-0.213868243,2.1461409749,0.0,0.0269768494,0.0004319437,-1.897165874,0.9508592687,-0.732236272,0.2355164626,0.7150499287,-0.138944556,-0.193678689,-0.172446523,0.1389445558,5,0.0,0.4375,0.54,,0.0773490748,0.0441427853,-0.584482043,0.248951942,0.9989116304,0.7918479962,0,13.929076087,0.3027724051,13.929076087,0.3027724051,0.0015301763,,-9.900433469,0.0,0.0,0,,0,0.0,-1.16794147,3.0,32.669926714,-0.029580321,0.2288767599,-8.449503252,5.9605910392,-0.42660587,-8.929798507,-5369.101997,0.0248274717,12.296769299,0.0,-0.084271409,-0.095059108,-0.000139745,0.6199302721,-9.4,3.0,0.0292731514,-0.176584546,0.01511815,5.0,11.027511707,-0.183226175,0.7613042141,0,-0.25352422,0.1777778268,0.0583611987,0.0836227455,0.3868801813,2.3629313418,4.0939435e-08,1.6606666e-08,0.5487661979,0.30114434,0.9292384548,0.1010842237
84581,0.2321858173,-0.09801068,4.5218473677,0.0,1.1216564855,0.3416569082,-0.033507307,1.3057960319,0.380654348,0.0309769018,3.0115731543,-0.12645124,-1.252111319,0.0247096018,0.1264512399,5,-0.007006307,-0.188481675,0.4492883401,-0.156035354,0.2496833877,4.743872549,2.4859950082,-0.041341432,-0.245028088,0.1575824896,0,1.323310503,0.203478877,1.2069883391,0.3399451209,3.5290202267,2.5179938588,-0.009066672,0.0,0.0,1,0.7719298246,1,0.0,0.5542258991,5.0,47.6349712,-0.044118818,-0.397104915,-8.588216859,1.5780109476,-0.248145777,-8.732642382,-5187.343967,0.0248274717,10.733176579,-0.012845987,-0.017415247,-0.087649858,0.0888151205,0.1122711565,-0.003601808,1.0,0.2215189873,-0.17666966,0.0688632599,5.0,12.906911871,-0.173499339,3.9436646599,0,-0.25352422,0.0384616181,0.0350615641,0.0748029797,0.4317104694,11.860357574,2.7524803e-08,5.3545459e-09,1.2252700583,1.5012867157,-0.08673451,0.1197797927
13299,0.4783526663,0.0866141123,-1.988661989,0.0,3.8804027214,0.8447463954,0.0753738983,-0.207747816,0.059580561,0.0026064196,-0.241500688,-0.06666175,-3.796323816,0.4154293294,0.0666617501,3,-0.090094699,-0.212485682,-0.057588964,0.8309297328,-0.034633668,0.3098965366,0.3877519711,-0.094108096,0.2376607764,0.1631030595,0,6.6806745546,-0.648371379,3.2728858169,-0.761791662,3.6827068492,3.3488278029,0.0227595953,0.0,0.0,1,0.7082887786,0,0.0,0.3242241915,6.0,-73.60136153,-0.039550861,-0.255717743,-0.287695915,-3.243360204,0.0601062957,-0.063028473,-988.4354743,0.1473165608,13.991393167,-0.004191856,-0.003830037,-0.037927248,-0.025126634,0.0630300394,-0.000886122,0.0,-0.071377073,0.9782111911,-0.032278897,4.0,14.697154898,0.3447133518,2.215032127,0,-0.258063742,0.0790244341,0.0233583938,0.0372721785,0.3342009135,2.650401585,1.9723682e-09,1.3292531e-08,1.8642748775,3.4755208189,0.0097001955,0.0582247406
93429,0.0468772213,0.0355635296,33.466567158,0.0125595418,0.0250883404,0.1157041629,0.9227535636,-0.130637312,0.8010027424,-0.03062083,-0.147944892,-0.17672655,-0.384489284,0.0492373256,0.1767265503,5,0.0,-0.2,0.0789703697,-0.042198995,0.0219066868,0.5561237286,0.1643639003,0.0403859698,-0.121082396,0.6540564885,0,3.3137446549,0.1529081792,3.3137446549,0.1529081792,4.1724972453,6.8136908573,1.5787023987,0.0,0.0,0,,0,0.0,1.2432086659,7.0,1.3745439545,0.0381424584,-0.287860572,-0.387666379,-0.315027124,0.3330556294,0.0212327914,-1724.635134,0.0558672041,15.433570412,0.0204012139,0.0961391205,0.2974050402,0.0068803489,0.3061705656,-0.003155481,2.0,0.0010435301,0.1000954478,-0.006327968,6.0,15.702198452,-0.269008595,1.3348117025,0,-0.168614603,0.0238787308,0.0116140529,0.0178726679,0.3834529012,2.5149463457,3.186281e-10,1.8480673e-08,0.3849656264,0.1481985335,-0.132383079,0.0270143608
93428,0.2622243349,0.0012048682,2.8843280185,0.0,0.2679355533,0.2581858832,0.0309974566,0.1374161232,0.4447926804,0.0225401872,0.1783376792,-0.128459641,-33.80952381,0.06519504,0.1284596411,5,0.0,0.195862069,0.2149327985,-0.013297549,-0.034636598,1.0437234561,0.0124778489,0.0225442341,0.0984384897,0.5314070785,0,2.5702057159,-0.103892795,2.5702057159,-0.103892795,1.2721422454,2.6512580385,0.0769315822,0.0,0.0,0,0.0,1,0.0,0.8326625472,6.0,-10.07194585,0.1228400634,-2.24560408,4.0402471041,0.0030586767,5.8541623052,1.0597673179,-3394.495698,0.0288563477,13.953672235,-0.01207775,-0.006893612,-0.014098066,0.0167723863,0.4587569417,-0.016600206,1.0,0.0006675567,2.9981619238,0.1737146075,7.0,15.146724689,0.2146249758,2.7608586892,0,-0.111549313,0.0305000301,0.014183151,0.0343123714,0.4737476159,6.545177789,8.274375e-10,8.4296361e-09,1.6647443745,2.7713738325,-0.06914907,0.0482206407
12402,0.2097224835,-0.123005052,130.64448485,0.0,0.4093326411,1.0010826026,0.0053637381,-0.07359344,0.3926956081,0.0235088885,0.1029810986,-0.310534746,-1.624923454,0.0768687418,0.3105347465,5,0.0070217014,0.2315789474,0.1656963677,-0.017650099,0.0544244624,0.281811209,0.0627413261,-0.044849305,-0.294143744,0.4699578238,0,1.0390606561,-0.054142161,0.6362992684,-0.034139609,214.79191919,11.800443951,-0.058125927,0.0,0.0,1,0.9999173895,0,0.0,0.7730067182,4.0,24.371104571,0.3595926345,0.1450317545,0.0153263005,-0.212465289,-0.9484659,0.0802047215,-10851.29779,0.0457936334,12.560279546,0.0,0.0193335542,0.0562259092,0.0386051424,0.0234710099,-0.003583603,3.0,0.0013245033,0.5617193547,-0.025779122,3.0,12.888384955,-0.445568452,1.038299241,0,0.0957318355,0.0654112846,0.0247378697,0.0378517741,0.5204801796,3.2663944146,1.6014812e-08,2.0982519e-08,0.3748699957,0.1405275137,1.4516750791,0.0600707314
93393,0.1369560548,-0.067163303,6.7757494398,0.0,0.0244795081,0.0537018551,-1.830600075,-0.244624407,0.1652758842,0.0081647399,0.1080565708,-0.081329191,-0.227138489,-0.051907932,0.0813291909,5,0.0003275252,0.2745098039,0.116406364,-0.593632111,0.1798446022,0.2403184944,-0.18363931,0.0289189678,-0.285285065,0.8816287268,0,6.3537785732,-0.414559313,6.1799398031,-0.419595929,0.4339205174,6.2577214154,-2.684079602,0.0,0.0,0,,0,1.0,0.1841473692,3.0,-10.05783009,-0.002437662,0.1919476523,0.1095979116,-0.723758075,-0.819051057,0.0212853109,-2544.403913,0.0318276958,12.440682145,0.0063550216,-0.136264157,-0.180808353,0.0065021735,0.7029986895,-0.090722943,1.0,0.0050825921,3.9041398455,-0.098281051,4.0,12.283308923,0.2667452594,0.9587744514,0,-0.095378135,0.0763501525,0.0427717723,0.067128928,0.4249173463,2.1564716494,3.7314323e-08,2.3465305e-08,1.6738223632,2.8016813035,0.0004193463,0.0630516068
93289,0.3527759507,-0.02506403,2.1015921557,0.0,0.1303180035,0.4738422268,-0.131259757,0.0863050213,0.6969158482,0.0727504244,-0.043027055,-0.147905157,-2.737537282,0.043549686,0.1479051565,5,0.0063382443,0.125,0.1125486853,0.1890767539,0.0068840446,0.4104975484,-0.391049263,0.0977595274,0.1433878672,0.6995321381,0,3.0353726764,0.2035125049,2.7087769957,0.2027715645,1.9265069831,7.1863089132,-0.051667023,0.0,0.0,0,,0,0.0,1.0043380945,6.0,3.155739174,-0.013804865,-0.04224053,1.1679304091,1.0490138698,-1.065658247,0.1351984928,-4838.251697,0.0446872923,13.758001936,0.0037973761,0.0046625268,0.0062199715,0.0819276347,0.2479378886,-0.095603637,1.0,0.0056270096,2.110058796,0.2535581589,5.0,15.662218018,-0.235571323,4.8860903189,0,-0.101630079,0.0712484345,0.031795514,0.0418353891,0.4623305109,18.601851193,8.62444e-10,4.0259152e-09,1.4956281849,2.2369036674,-0.089957629,0.0541605844
93418,0.4594393805,0.0745962249,1.117483549,0.0,0.8228112634,1.140653881,0.1648018433,0.1070990563,0.6178248839,0.0115035232,0.0355796433,-0.06226029,-1.018440569,0.1505680467,0.0622602899,5,0.0,0.3,0.0840173738,0.2700207235,-0.024437598,0.365634622,0.3818772743,0.0190418404,0.2633555355,0.3037614422,0,1.2830192149,0.8598627052,1.2830192149,0.8598627052,5.6830225224,12.727227227,0.197635791,0.0,0.0,1,1.0,0,0.0,1.9228955952,5.0,-0.013855798,-0.061253578,0.256249966,-0.46078352,-1.254180084,0.1553460919,0.0710304055,-5297.842642,0.0286434127,12.117138684,-0.039821432,-0.058381338,-0.134471278,-0.127175975,0.1130543133,0.0432785532,0.0,-0.005076142,6.9910212765,0.0779648619,4.0,11.949288112,0.2428522196,0.7103608417,0,0.0654744878,0.0230178796,0.0124804344,0.0297685143,0.5143979589,1.466899725,3.1691316e-08,5.2697381e-08,1.0656840928,1.1356825857,0.3588113368,0.0766779275
11370,0.1186627978,0.0083497232,6.6906294993,0.0,0.1389462513,0.2054430134,0.0933253643,0.9858706755,0.4250775169,0.0197484945,2.2103851912,-0.126621253,-2.950684352,0.0329871208,0.1266212534,5,0.0,0.3259493671,0.4379285464,0.4128882401,-0.015654905,1.1108304769,-0.074899741,-0.02527097,0.3631472809,0.5307680525,0,3.741419295,1.4982844746,3.741419295,1.4982844746,1.6626524405,17.141705579,0.2110707739,0.0,0.0,0,0.0,1,0.0,0.6321833636,5.0,1.4003935083,-0.199850557,0.2380887946,-0.315880803,-1.055709023,1.262451128,0.0049825866,-5361.603714,0.0558672041,14.100909254,0.001759798,0.0067994432,0.013931784,0.0137639732,0.4186578306,-0.004401722,2.0,0.000333667,1.3970749069,0.0222290039,7.0,14.827675702,0.4683836439,1.8246863264,0,-0.168614603,0.0549607053,0.0175816021,0.0276768007,0.2556920512,1.6740825813,1.9676481e-09,1.6143967e-08,1.5978279609,2.5530541927,0.0842964993,0.0444194935
14435,0.881837489,0.1456900027,-17.63217846,0.0,0.4917016303,1.6810293224,0.0211557593,0.3316657586,0.3484075487,0.0880454025,0.3221448851,0.2125872739,1.7546464056,-0.109944437,0.2125872739,4,0.0036679837,-0.050909091,0.2597758946,-0.274554808,0.0045740155,0.1085300838,0.1607394847,0.0483761784,0.3370342637,0.5253828157,0,2.5574251173,-0.381496489,2.3944424396,-0.365032196,79.349678457,2.2971004375,0.4048431307,0.0,0.0,0,,0,1.0,0.5407833923,4.0,0.0172539949,-0.040293396,-0.111810775,0.3406720476,2.1596321504,-0.723871628,-0.147514815,-1713.561573,0.1748673505,10.106918073,-0.000380069,0.0046424293,0.0067443184,-0.03315258,0.011189343,-0.059573771,0.0,-0.049266656,1.7566502344,-0.036277415,1.0,8.192930082,,0.1532866749,1,0.0498010166,0.0403225422,0.0286108419,0.050238262,0.982797371,0.6621079222,2.0051306e-06,1.277903e-07,1.5309593132,2.3438364187,-0.086007542,0.1065387104
90954,0.2059519903,0.0055993429,3.3312848563,0.0,0.2181518831,1.0511931977,0.039704797,0.320974821,1.2669235112,-0.706601918,-0.044967532,-0.103607863,-6.894039735,0.0442014354,0.1036078627,5,0.0,0.1339285714,0.1830891866,0.1798936603,0.00457066,1.3516174402,0.63832417,0.0023100023,1.223378703,0.7549033838,0,1.7397586266,0.3599377562,1.7397586266,0.3599377562,6.0806520807,5.6436392594,0.1846715935,0.0,0.0,0,,0,1.0,4.4279423539,7.0,-10.12258801,-0.080911939,-2.307537577,3.9839747595,-0.333618059,-0.206899002,1.0387737134,-4207.454108,0.0288563477,10.138641482,-0.000254087,-0.010635646,-0.022515391,-0.000264093,0.2998536407,-0.009627438,0.0,-0.012631579,0.8532989883,-0.099539453,5.0,7.8190583752,0.3619833329,0.1529723326,0,-0.111549313,0.1294896603,0.0564908452,0.0709610292,1.8455865498,1.8901898959,2.06729e-05,1.0000000896,1.0406739823,1.0830023375,0.0863947406,0.0722656903
12026,0.1099237424,-0.008776667,9.1978840905,0.0,0.0903204636,0.1984012875,-0.022173228,0.2009886263,1.0530900449,0.0209351718,0.2948884303,-0.116961892,-2.445251918,0.0126844955,0.1169618921,5,0.0,0.1841952353,0.1835412903,-0.07420365,-0.000795093,0.432016632,0.1610446985,0.0261646172,0.1334533564,0.718659063,0,2.0335001342,-0.08566678,2.0335001342,-0.08566678,2.2817865895,2.7325314331,-0.058776259,0.0,0.0,0,,0,0.0,1.8105007899,2.0,-10.14935409,0.0864810316,-2.257270914,3.8879465116,-0.463936613,0.1119278668,1.0072567734,-1428.003278,0.0288563477,14.877857001,0.0036990103,-0.02834079,-0.051346208,0.0029171128,0.5763249882,0.005461224,0.0,0.0,2.4340560686,-0.122284785,6.0,16.281030609,0.0798151009,4.7012295489,0,-0.111549313,0.0324809477,0.0191508127,0.0288035119,0.4968374842,9.2174109675,3.109731e-10,5.3057119e-09,1.9108687316,3.6514193094,-0.009502313,0.0478698269
93106,0.7139931201,-0.205751916,-0.652252337,0.0,0.652065353,0.1153266244,-0.154994682,2.3874659401,-0.218657756,1.251001596,5.2346570397,-0.151407265,-0.650777623,-0.071853173,0.1514072653,5,0.0026374872,0.829787234,3.499465812,2.7026186714,-6.045797775,0.0398370698,0.6290264676,0.6163878933,0.9949789042,0.5436822207,0,0.4393939394,1.2099339288,0.2776292254,1.13432782,2.0212470438,45.863713799,-0.445390316,0.0,0.0,1,0.6031715147,1,0.0,-0.271384542,3.0,1.0064108276,0.0170067,0.6423064743,1.8506851496,43.250901134,-0.464531207,-0.43446927,-2033.25072,0.0279332649,12.95755477,0.0,-0.078661355,-0.195113031,0.0116443821,0.0188657589,,0.0,-0.019846214,0.2268476221,-0.046985704,3.0,10.151080172,-0.200525419,0.0938643804,0,-0.500704589,0.1337209344,0.0644693929,0.1195961236,0.7658269937,0.5516161535,2.1627581e-07,1.2905117e-07,2.5326220631,6.4141745144,0.1063166042,0.102280203
12011,0.2276502662,-0.036930421,7.2561758905,0.0,0.1291386543,0.2534110256,-0.020422344,-0.070951768,0.4697672161,0.0201464461,-0.135415369,-0.317386216,-3.176433549,0.0803766078,0.3173862164,5,-0.003372299,0.0945945946,-0.179542648,0.2680638115,0.0705305632,0.3889364268,0.2477138476,0.012371451,-0.03015613,0.6053766917,0,1.8925665087,0.2610710464,1.735758926,0.2841815899,2.7093464605,6.111223269,0.1800956309,0.0,0.0,1,1.0,0,1.0,0.7561091591,4.0,-10.12331154,-0.07935326,0.012032443,0.200292123,-1.284352158,0.1809489431,0.1535698503,-2469.054043,0.0318276958,13.22423166,-0.007936603,-0.031343171,-0.04960397,-0.018992337,0.3036840817,0.0766519366,0.0,-0.016649324,9.2944567502,0.0317340419,4.0,14.240900705,0.4271945997,2.2492733267,0,-0.165492678,0.0134615721,0.0040666646,0.0093254775,0.4773861041,6.2199928541,7.484951e-10,8.7702098e-09,0.5761571029,0.3319570072,3.2197845357,0.054740675
12051,0.443013657,-0.039004881,5.2525301388,0.0,0.2657133907,0.376595246,-0.050796049,-0.029284502,0.4354204556,0.0183751383,0.0035471837,-0.106955187,-1.972712862,0.0379405494,0.1069551872,5,0.0,0.2162162162,0.0909397175,-0.14432984,0.0143299054,3.0420437058,-0.03628974,-0.002119114,-0.047965682,0.1974184526,0,1.3643682224,-0.243583998,1.3643682224,-0.243583998,4.8721313349,5.4041362119,0.1272172272,0.0,0.0,1,1.0,0,1.0,0.6623547537,4.0,-10.16474867,0.1491348354,-2.225249933,4.2210364262,-0.406585608,0.1119278668,1.0325128273,-3555.121958,0.0288563477,13.159604924,0.0045882008,-0.013686628,-0.022750205,0.0082470799,0.1215320261,0.1020534838,3.0,0.0012062726,0.3732148423,0.0416147388,5.0,12.949837762,0.1254285552,0.9054978961,0,-0.111549313,0.0513478331,0.0180976426,0.0268558284,0.2732876421,0.9476265105,9.7267245e-09,3.4340416e-08,1.6087113625,2.5879522479,-0.048622885,0.0473625881
12449,0.2019753272,0.0270490415,11.638927987,0.0,0.4344028072,0.0879895144,0.0710758093,1.2059988785,0.1709953754,0.1114317587,1.2026100102,-0.038015693,-0.649911719,0.0446285305,0.0380156934,5,0.0,0.3657142857,0.339844566,-0.122502198,0.0245082534,1.4578796406,0.1882738736,0.0060937355,1.2133230109,0.1862883097,0,0.7378777595,0.0406508249,0.7378777595,0.0406508249,1.9591057361,0.8892294393,0.1105618992,0.0,0.0,1,1.3156996587,0,0.0,0.5173580043,5.0,-10.13673414,0.0226698089,-2.075751863,3.9799980964,-0.512317615,-0.15724018,1.0392008085,9396.6344616,0.0288563477,16.477618799,0.0017853254,0.0136180152,0.0401685034,0.0123162955,0.0666055693,-0.009106576,2.0,0.0002906554,0.9472425381,0.0675402451,5.0,17.283038916,0.1674228115,2.0398482999,0,-0.111549313,0.0196671225,0.0106257493,0.0181190636,0.2478552898,1.6695375799,9.115844e-11,1.4790217e-08,1.44171157,2.078532251,0.0073099206,0.0287282742
12559,1.4404107035,-0.178127249,-3.186947403,0.0,1.1456728421,2.7657825856,-0.102694063,-0.05275174,0.3092873899,0.0373748891,0.0112585316,-0.065480509,-0.977128658,-0.004074009,0.0654805093,4,-0.025695357,0.2134670487,0.0848031122,-0.11763595,0.018602424,0.4064554174,0.3734901567,-0.031982583,-0.098155658,0.5806687031,0,2.0540493121,-0.124833658,1.4621902511,-0.110384034,6.3078555388,3.9457324381,0.0294635353,0.0,0.0,1,0.2793547461,0,0.0,0.5214947034,5.0,3.1594733739,0.0770990007,0.0462265184,2.2555651618,-1.170455155,-1.065658247,0.0875747975,-5008.470447,0.0446872923,13.113949017,0.0008926884,0.0040176098,0.006480985,0.0071973979,0.3034875853,0.0103458523,0.0,0.0088105727,1.4865863203,0.1911722999,4.0,15.044458129,-0.045660754,4.1184729757,0,-0.101630079,0.0487627424,0.0370600681,0.0458009025,0.4762210514,10.383633679,2.9545262e-09,5.8855943e-09,1.8196766753,3.3112232026,-0.11935301,0.0889567269
12924,0.354051672,0.0058342915,5.6238544043,0.0,0.0732108194,0.4222230626,0.0308734342,0.0813099716,0.5808825009,0.0120541915,0.0577055581,-0.080269466,-5.657356948,0.0388409608,0.0802694657,4,0.0,0.1376459144,0.1247234191,-0.191293497,-0.016666129,1.9689476711,-0.209821782,0.0122508097,0.086322952,0.4408494177,0,3.6492933427,0.182916159,3.6492933427,0.182916159,4.1435285399,3.7310528904,0.368557636,0.0,0.0,0,0.0,0,1.0,0.7036192474,6.0,-10.13877664,0.1979075854,-2.303820235,4.1320744412,-0.4643397,-0.131941343,1.0334132387,-3731.189928,0.0288563477,12.639048089,0.0002806423,-0.019963904,-0.024483492,0.0073748808,0.1605774975,-0.001542805,0.0,-0.009722222,3.1625515911,-0.185286345,6.0,12.444068502,0.2532113003,1.3823352694,0,-0.074155426,0.0731414407,0.0464166971,0.0521909607,0.9078092731,20.927225793,1.5810083e-08,8.3447341e-09,1.5558681807,2.4207257957,0.116321065,0.0592146649
12307,-0.467861017,0.014007583,3.7458044309,0.0,2.0910024748,0.2651636681,-1.359539026,0.0870896693,0.0788126559,0.0333798573,0.0195212601,0.2125872739,7.1399454114,-0.519052641,0.419200717,5,0.0174341701,0.0306122449,0.0524088621,0.1865616013,0.6968098879,0.1258110607,0.0630388144,-0.027149207,-0.079932576,0.5702181809,0,1.8401920096,0.8592319161,1.4775238762,1.1171863718,0.9965915895,3.7456937592,0.0510534678,0.0,0.0,1,0.1693733885,1,0.0,0.1018452803,4.0,53.390442034,-0.007073086,-0.178010995,-9.582988728,-0.032384852,0.1920667958,-9.223719573,-5384.168637,0.0248274717,12.28023559,-5.7994e-05,-0.305513595,0.3372069496,-0.024309294,0.0897132996,-1.668009451,0.0,-0.787671233,-0.752808725,-0.081969293,3.0,11.135338829,-0.144237378,0.3677727108,0,-0.25352422,0.2149531692,0.0648280556,0.0938847026,1.0698617113,7.5419433348,1.1574291e-07,2.7169636e-08,1.7755683763,3.152643059,-0.140064787,0.0883793031
12637,2.5924269673,-0.558328729,-29.79782065,0.0,3.9313430726,1.2057095256,-0.087793683,0.6028826113,0.0339832701,0.1820929526,2.882530216,-0.194782957,-2.0898648,0.6085028289,0.1947829568,5,0.0,0.4,1.1939990258,1.2133296805,-1.800246667,0.0570026181,-0.274446346,0.6393200171,-0.040040082,0.5402315473,0,0.4252628943,-0.757999941,0.4252628943,-0.770057413,9.0892727419,2.8132760387,-0.072994092,0.0,1.0,1,0.3311258278,1,0.0,0.0296259625,3.0,0.5183762786,-0.041495394,0.2125192402,4.5832222432,-0.491381028,-0.464531207,0.2458867322,-2406.73857,0.0279332649,8.8487288574,0.0,-0.271275943,-0.793056054,-0.594296982,0.0124999692,-3.683595032,0.0,0.729281768,-0.27492941,0.0283036511,3.0,10.299760981,0.058966315,4.3643010259,0,-0.502318582,0.2926159501,0.1077456409,0.1619835662,0.5774083672,7.6550612346,9.1403167e-07,9.1884011e-09,3.2634089699,10.649838105,0.0088307866,0.1172779123
12009,1.026502925,0.0165665548,-39.82980392,0.0553999843,2.6049571407,4.3308180672,0.0523486275,-0.021244929,0.23297405,0.01875,0.0161912373,-0.066627037,-14.76344086,0.2611459068,0.0666270366,5,0.0037122857,-0.05859375,0.0138660106,-0.082428166,-0.037507862,0.1812988413,0.0252303051,0.035840315,-0.105826674,0.4264573972,0,1.3706236958,0.1339573125,1.0369812196,0.1494997605,119.17647059,6.3461237275,0.1223547253,0.0,0.0,1,0.8443658793,0,0.0,0.680890682,5.0,-0.043305379,0.0218698034,-0.057389597,0.2406333112,-0.060013704,-1.400474198,0.1068932637,-1011.633666,0.0943163074,13.003763961,-0.058098674,-0.142275585,-0.538206628,-0.168121834,0.014341048,0.007007377,0.0,-0.027272727,2.5027291821,-0.250509053,2.0,13.638195161,0.4038523753,1.6167232717,0,-0.075760491,0.0452640355,0.0184591937,0.0341147353,0.3380660625,1.8869229908,5.5190643e-09,1.8229816e-08,1.5413990561,2.3759110501,0.1033848956,0.0470352319
12340,0.0813841818,0.0583764732,-1.264015455,0.0,2.0428333034,3.8998829906,0.1043511079,-6.5089e-05,0.2724191944,0.0136277048,0.0353820388,-0.076248072,-2.914125097,0.2284928187,0.0762480721,5,-0.009723958,-0.103448276,-0.016292907,0.0826494963,-0.034570025,0.1964240589,0.1241632466,-0.113946574,-0.419818487,0.5011343916,0,1.3839988389,0.1361615815,1.2328493227,0.1973073155,13.918666406,8.9755965222,0.1123055782,0.0,0.0,1,0.1097546024,0,0.0,3.8494521008,5.0,3.783662057,-0.003374753,-0.210932906,-0.428468718,-2.611897173,-0.16524355,0.1873946523,-9957.794136,0.0588548821,13.093327623,-0.000143062,0.0110003603,0.2116224332,-0.110726046,0.0955575451,0.0956884622,0.0,0.0008417508,0.4984878277,-0.010385498,3.0,14.189176207,-0.220170659,2.6198711588,0,-0.156910843,0.0292701349,0.0386742731,0.0360898176,0.5074663381,9.4702083994,2.692885e-09,7.9502832e-09,2.1199968231,4.4943865298,0.0641712448,0.0382660631
12089,0.1894273169,-0.005919388,10.530450306,0.0,0.139837898,0.2330829445,-0.019609552,0.1356821068,0.4946295108,0.0076879925,0.2861601725,-0.149336142,-7.810589838,0.040314521,0.1493361422,5,0.0,0.1612226551,0.0653396148,0.0922023747,-0.052291076,0.5688278065,-0.018505494,0.0715621417,0.0453921095,0.3459250993,0,1.0056225185,-0.05302489,1.0056225185,-0.05302489,3.5966802692,6.2387385303,0.1438601452,0.0,0.0,1,1.0,0,0.0,0.7878659731,2.0,-10.20621486,0.0154893473,-2.280243494,3.9674500862,-0.689972264,0.1119278668,1.034886799,-2498.769038,0.0288563477,14.380694655,-0.006733805,-0.013077738,-0.025024132,0.0130733025,0.1891835611,0.010603241,0.0,0.0018050542,2.3430236152,0.176975633,7.0,14.12013922,0.449368934,0.7039087297,0,-0.111549313,0.0263288971,0.0123581309,0.0239051816,0.490502132,1.1464848808,2.6204148e-09,3.8025735e-08,1.1017742903,1.2139065869,-0.063314209,0.0474831977
13373,1.5637403272,-0.089268863,-23.50615113,0.0,4.5493813283,3.0063535977,0.0647990148,-0.029951671,0.1623349214,0.0026109661,-0.018506806,-0.033885482,-2.358725223,0.1212918554,0.0338854823,3,0.0,-0.166666667,0.0892084432,0.4082399304,-0.177078593,0.1402538014,-0.004483332,0.0349660734,-0.061088341,0.2423687814,0,1.3726736166,0.2481556164,1.3726736166,0.2481556164,61.195091808,7.6978035401,0.0464838239,0.0,0.0,1,0.972103962,0,0.0,0.4157652708,4.0,-10.18636899,-0.061444299,-2.608132816,5.3417630964,-0.802168839,0.1119278668,1.1158641333,-4119.129398,0.0288563477,9.9108479315,-0.016428584,0.0232064068,0.161632408,-0.397139304,0.0031743767,0.0910901372,2.0,-0.118210863,1.2238223729,-0.18731704,2.0,8.8202489659,-0.357303688,0.2557754588,0,-0.111549313,0.0679012462,0.0306761451,0.0521040151,0.8326982042,1.2683788811,8.9303357e-07,6.8681101e-08,1.2168617224,1.4807524514,-0.452548239,0.0716544781
93374,0.7057518215,0.0640584387,-2.636030813,0.0246702918,1.3962037227,1.2877009603,0.0633612273,0.1756740177,0.0723781554,0.0154957507,0.2523643961,-0.017918614,-0.54425908,0.0989228256,0.0179186139,5,0.0,-0.01092991,-0.051763153,0.1114152368,0.2447314628,0.2165439288,0.0444726841,0.00929393,0.0488649024,0.224033446,0,51.70644176,0.2493549147,44.355703986,0.2493549147,3.5994040983,16.637878911,0.0697217834,0.0,0.0,1,0.0590964188,0,0.0,0.1845466601,6.0,-0.001825805,-0.084855388,-0.074723539,-0.145440091,1.1177852584,0.2590155369,0.0004390278,-6015.110778,0.0331128264,15.188438878,0.0006254555,0.0090429796,0.0284372625,0.0292294354,0.1285283805,0.0018131061,0.0,-0.001023803,0.3451730073,-0.012226102,4.0,15.378591653,-0.152697327,1.290674576,0,0.048781298,0.0178117361,0.0118901853,0.0211089117,0.3088654874,1.4069870474,5.044889e-10,2.1233217e-08,0.69683084,0.4855732195,0.1263936102,0.0250260904
93433,-0.467861017,-1.190958076,-1.424692928,0.119866142,1.7772730454,3.8936499151,0.6464030428,-0.450988474,-0.020375436,0.0138356748,-0.224243266,-0.424306647,-0.413444421,-0.887213573,0.4243066467,5,0.0,-0.37254902,0.1900826446,0.070569668,-1.928544183,4.743872549,2.4859950082,-0.172177153,-3.068634317,0.7545056772,0,2.0645915797,-0.523453694,2.0645915797,-0.523453694,1.8982630273,3.5031482541,-3.740871061,0.0,0.0,0,,0,1.0,-0.211868563,2.0,3.2018221288,0.2833442725,-0.410293526,12.374286127,-2.987708239,-0.979437524,-2.905672686,-832.8064519,0.0796288203,10.368550863,0.0,-0.15052384,-0.241385222,0.0001252652,0.3337932938,,0.0,0.0001096071,0.1853709094,-0.122543273,2.0,11.957361013,0.0276757227,5.9995182509,0,-0.186226261,0.0645160675,0.0358204307,0.0597046548,0.6716459735,6.2114101419,1.4617528e-07,1.4638676e-08,2.4265181446,5.8879903063,-0.498719719,0.1832419965
93436,0.0326143399,-0.010518608,12.436606303,0.0,0.1745474067,0.1144138702,-0.052332384,1.4201160149,0.4607506217,0.0210982119,1.7884998943,-0.057270219,-0.805002721,-0.0020511,0.0572702195,5,0.1450367135,0.7342549923,0.5884590781,-3.025847872,0.3918234886,0.0893413009,-0.055981055,0.6163878933,0.3666356877,0.6831999465,0,1.5179900397,-0.190414265,1.0654034851,-0.222849772,1.6626410072,14.114296305,-0.018738135,0.0,0.0,1,0.0067446125,1,0.0,1.49891174,2.0,3.7038720121,-0.381528545,0.6267703625,-0.47723856,0.0417899325,-0.036361964,-0.043149266,17466.260344,0.0588548821,17.288985111,-0.000357331,-0.035536708,-0.299994649,0.0026136518,0.1922834815,0.1339049255,0.0,5.2334944e-06,0.7376452024,0.1194408927,5.0,18.734862128,0.2480683625,8.409114631,0,-0.156910843,0.0395639949,0.0229701588,0.0383906532,0.5330462194,28.040434722,1.227427e-11,2.0578216e-09,1.7813010744,3.1730335176,0.1956950569,0.0551062072
12374,0.3468766856,-0.032788631,5.9300355112,0.0,0.0573394961,0.2264544618,-0.024642373,0.5285013875,0.6307707495,0.2336661817,0.7227765916,-0.134449043,-1.370930644,0.0121623081,0.1344490426,5,0.0862505748,0.9475982533,0.5209031403,-1.267198715,0.0529983608,0.3975716942,0.1893260857,0.2377729761,0.5005301362,0.4642185426,0,4.3732374638,-0.488611068,3.5437171227,-0.565485801,2.2539769611,4.2066382887,-0.271905257,0.0,0.0,0,,0,0.0,0.7215875227,3.0,3.0857813984,0.0754603091,0.780357723,1.162031144,-0.456980907,-1.065658247,0.103811115,-4429.664927,0.0446872923,13.98799542,-0.02414415,-0.006630352,-0.00777155,0.0118275612,0.3523018146,-0.065692813,0.0,0.0004159734,1.816348158,0.095400149,4.0,15.737976696,-0.391237857,4.5578778799,0,-0.101630079,0.0386922881,0.0287095893,0.0405851685,0.36269272,8.8633869666,8.921414e-10,5.8617573e-09,1.2461803106,1.5529653666,0.081311188,0.0492791498
12356,0.7798418226,-0.032959399,1.0505638746,0.0,0.4321360493,0.7443792106,-0.028419683,0.0562190888,0.2284757343,0.0182798028,0.1425571407,-0.046320508,-1.657960199,0.0216859727,0.046320508,5,0.0077229804,0.0177902622,-0.027456048,-0.128321747,-0.002841239,0.6597252991,-0.422904396,0.0296211944,0.0137691224,0.226156488,0,3.6332644937,1.8969072417,3.1884708629,2.0030185689,7.3364308982,4.7696677174,0.0410585557,0.0,0.0,0,0.0,1,1.0,0.3176357344,3.0,-10.13500933,0.0762567608,-2.423675887,4.5578645918,-0.261459884,-0.324594877,1.0162582506,-3844.123178,0.0288563477,12.523726365,0.0225447272,-0.015231604,-0.02659638,-0.003547612,0.0528197242,0.0619527218,1.0,-0.016260163,1.3176466397,-0.19676155,3.0,12.985478967,0.2274792475,1.9769945423,0,-0.111549313,0.0646687448,0.0312684449,0.0545618638,0.5439863344,4.3978117377,1.705894e-08,1.3895132e-08,2.4167147137,5.8405100072,-0.043273995,0.0769288485
12078,0.9253118375,0.0725682653,-0.321039466,0.0,0.2313279594,1.2897480712,0.0947345549,0.1021403242,0.8931104357,0.0024648755,0.1331380208,-0.101756183,-1.546703297,0.1848098406,0.1017561828,5,-0.009820164,0.0,0.2530991736,0.2481662307,0.0018167442,0.202420242,0.1463684498,-0.011778116,0.0946540881,0.6514064349,0,5.5230364195,-0.053238321,4.6138657306,0.0016511082,5.3941078377,2.9771437337,0.5579124065,0.0,0.0,1,1.0,0,0.0,1.1018867925,7.0,-0.642583592,0.2576765606,-0.108526936,1.2260299585,-1.231887193,-0.45702,1.1188285113,-3096.868076,0.0352290716,10.534182867,0.0135634272,0.0195920712,0.0244900891,0.0156513692,0.2146382979,0.0090685544,2.0,-0.002517829,1.0546235225,-0.003368,5.0,12.231097421,1.3574927177,8.2918447946,0,-0.095378135,0.0870535448,0.0363937546,0.0512988922,0.4141406716,4.6006728344,6.3661122e-08,9.1628985e-09,0.7371045663,0.5433231417,0.998637736,0.1544949389
10158,0.8823998964,0.0320004685,-3.944313833,0.0,1.0582160116,1.828372331,0.0265040129,0.0413438957,0.2210366156,0.0105299876,0.0472708972,0.0164122889,0.9755369354,0.0007828295,0.0164122889,5,-0.010109218,0.0512295082,0.033213102,0.211991098,0.1045412182,0.1013973279,0.0867366952,0.0293272252,0.0343573088,0.4182470782,0,1.5520333495,-0.184938969,1.0371348972,-0.191830378,16.217632586,6.5081181298,0.0989618717,0.0,0.0,1,0.4951712737,0,0.0,0.4601242065,4.0,-0.358217114,0.1834762963,-0.002123537,0.3021145247,-0.04410592,-1.866978089,-0.295237555,-625.7035297,0.1700891678,11.764442059,0.0061084707,0.0065578711,0.0146439775,0.0740368808,0.0526237764,0.0692599322,2.0,-0.005102041,0.9395071551,-0.001744485,4.0,11.278660546,-0.274470973,0.4811057453,0,0.0482077756,0.1354680359,0.0375291753,0.0416954852,0.544483959,1.7006743421,9.8904726e-08,3.784179e-08,1.4719125166,2.1665264564,-0.005360512,0.0525964915
93426,0.851243752,0.0163237949,-0.453758067,0.0,0.3759133148,1.0626481237,0.0747675122,-0.007589763,0.3556130693,0.0013103298,0.0019875103,-0.069214129,-5.227355308,0.1016540711,0.0692141287,5,-0.002268076,0.0624214495,0.0438996983,0.1176280933,0.0193142219,0.2246354507,-0.075922074,0.0281269685,-0.012260469,0.565682804,0,3.8540696476,-0.037438011,2.7349062436,-0.024896342,3.1493809799,6.6861171829,0.175201092,0.0,0.0,1,1.0162027889,0,0.0,0.5063858656,6.0,3.0997149278,-0.022715196,-0.104819081,1.6663982103,-0.28782855,2.5756231289,0.1933028779,-4883.136407,0.0446872923,12.110711307,-0.002825921,-0.007130694,-0.01003932,-0.04096559,0.240187058,-0.016468205,0.0,0.0017256255,0.13026971,0.0602897429,5.0,12.390340823,0.4533582398,0.981156916,0,-0.101630079,0.0442293957,0.0164206472,0.0245710184,0.5038920101,2.659154295,1.8851253e-08,2.3856108e-08,0.9316457216,0.8679637506,-0.132726742,0.0436064642
13081,0.2600373148,-0.000781195,4.370538236,0.0,0.1637543364,0.2690919408,0.0121025558,0.1842521754,0.3498135365,0.0290042114,0.2514164737,-0.125708617,-33.80952381,0.0483487228,0.125708617,4,0.003836665,0.3529411765,0.4731500438,0.5069890401,-0.155804146,0.4111448302,0.5806373755,0.058144259,0.1455351339,0.5355485491,0,6.3520799695,-0.133809596,4.9895321202,-0.037165056,1.7258577817,7.655499537,0.0791854593,0.0,0.0,0,0.0,1,0.0,0.5178377965,4.0,3.0750786271,0.0166014255,0.1857006462,1.0751917731,-0.146599488,-1.065658247,0.1399975296,-3736.674467,0.0446872923,13.472642465,-0.004577456,0.0094132159,0.0155885478,0.0261467276,0.4323361362,-0.00907465,1.0,0.0021528525,1.9932152775,0.1402765391,5.0,14.54037901,-0.154632335,2.7246798728,0,-0.101630079,0.03916765,0.0229415021,0.0385389307,0.3514469088,3.8341826896,2.048586e-09,9.6136027e-09,1.9260468944,3.7096566393,0.0795063321,0.0553952476
12348,0.2561660801,0.0563066228,33.242482436,0.0,0.9429477979,1.9447217757,0.0614794538,-0.01212076,0.2413910819,-0.220310966,0.3104596362,-0.138511493,-2.967856539,0.2234166013,0.1385114929,5,0.0007540243,0.1578947368,-0.006767358,0.0846928698,-0.100229303,0.1134187179,-0.041801913,0.1084001695,-0.48172988,0.4133021095,0,0.4393939394,-0.421884925,0.2776292254,-0.467589374,956.22716628,46.975264611,0.1839824669,0.0,0.0,1,1.0,0,0.0,0.5834586031,5.0,0.0040348719,0.0497378513,0.0781039638,0.0016951971,-0.140683286,-0.66022229,0.1591627509,-3926.791332,0.0885157098,11.592748318,0.001316292,0.003608276,0.015048038,0.0216926878,0.0015032703,-0.018985391,0.0,0.0,1.3378259922,-0.160686679,4.0,11.587768524,-0.169244592,0.8206768282,0,-0.101596569,0.0632022917,0.0301556707,0.0449335539,0.2542733366,0.9256819843,5.8171876e-08,2.7682539e-08,1.255525722,1.5763448385,0.0133912462,0.0353569238
10220,0.3089431619,0.0090910036,1.7746577385,0.0135539105,0.5700391481,0.9042185993,-0.018730439,0.0949668341,0.2384252667,-0.034218054,0.2920484472,-0.016661639,-1.549510004,0.0231776046,0.0166616387,5,0.0084638212,0.0,-0.105893843,-0.276163654,-0.296288363,0.2483653395,0.5202898163,0.024540531,-0.142512967,0.4280074807,0,1.798117701,0.1598979005,1.179538234,0.1469828175,7.8511830418,6.1550329649,0.0843286844,0.0,0.0,1,1.0,0,0.0,0.5259859516,4.0,7.0384648744,-0.117362244,-0.138205697,-0.056670245,-0.400651801,5.8541623052,0.0154865617,-1218.364619,0.0410566741,15.063465227,0.0153329042,0.0795258838,0.4380785249,0.0076767408,0.1102648148,0.1738378231,1.0,0.0026555387,0.1262170513,0.0333641882,2.0,15.134379096,-0.053096877,1.3559958772,0,-0.131569503,0.0223970283,0.0106577013,0.0145092851,0.3754849273,2.3922388967,3.799483e-10,1.7347931e-08,0.8941531072,0.7995097791,-0.067232478,0.0252755654
14961,0.0278235297,0.1530734179,10.853281333,0.0,1.3296076518,1.2181734366,0.2257505745,,,,,,,0.1843490697,,1,,,,,,0.0643203047,,,,0.4929631596,0,3.2469737241,,2.3190826348,,17.633971634,6.5817442526,0.2833537957,,,1,1.0130941058,0,,,,,,,-0.746623738,,0.2883152019,0.2742487642,568.86545172,0.1213471346,13.378573358,0.0046154548,-0.030868095,-0.606156026,-0.464655558,0.1224275414,-0.03787041,0.0,-0.014814815,0.4641796877,-0.220332926,3.0,12.655519419,,0.7222889156,1,-0.190106287,0.1281249523,0.0437156723,0.0798400609,0.6143592231,1.5042484321,1.7836307e-08,2.8380468e-08,3.3482519805,11.210791325,-0.010573515,0.1237916873
12497,0.6982553571,-0.283601043,0.4350802654,0.0,0.1508549161,0.0,-0.561399345,1.625128999,0.0,-0.485289862,3.7968157695,-0.179244995,-0.370549414,-0.178512843,0.1792449953,5,0.0,1.1,,,,0.0705128205,-0.761094135,-0.005751026,1.3912386707,0.409609828,0,27.719165085,1.6957846081,27.719165085,1.6957846081,0.0,,-3.109861365,0.0,0.0,0,,0,0.0,0.0,3.0,,-0.029412831,0.8913767599,-8.122147319,24.348844281,-0.42660587,-8.935864827,-5463.484037,0.0248274717,11.545934619,0.0,-0.045733793,-0.050570426,0.0,0.4711501282,-6.466666667,2.0,0.0267305382,-0.22261921,0.0079687238,3.0,10.562405538,-0.095720794,0.380684237,0,-0.25352422,0.1013133153,0.0312814574,0.0679955033,0.4905962043,0.5121702922,2.7798779e-07,9.428621e-08,1.2463941092,1.5534982754,0.160553543,0.1086157681
12473,0.1155771643,0.0396125225,14.557239577,0.0,0.6064802264,1.0566626615,0.1130606321,0.0457720306,0.2074155716,0.0088821044,-0.023019132,-0.081658514,-1.455948421,0.0972863121,0.081658514,5,0.0001955943,0.0854081633,0.0438369237,-0.083411708,-0.034280802,0.1542904943,-0.080055112,0.053586533,0.6586133305,0.4674443587,0,1.8957041556,-0.00733481,1.8507230793,-0.005929653,24.527276151,8.479682174,0.15986832,0.0,0.0,1,1.04741754,0,0.0,1.7499091663,4.0,-4.096842853,-0.225108368,-0.068385903,0.5487588822,-0.498725143,0.6562426013,0.0522057773,-1587.45087,0.2359138598,14.159859769,-0.000923652,0.0124719321,0.0634292088,-0.004614596,0.0454892686,0.0198857593,0.0,-0.006463787,0.7237174579,0.0218064375,4.0,16.471819768,0.417472017,7.6218803134,0,-0.179026286,0.0778477788,0.0322751298,0.0426369385,0.3546515975,12.317502909,4.721322e-10,3.150835e-09,1.7740778828,3.1473523342,0.0144248761,0.0442120453
15254,0.3023961049,0.0671469872,32.298909853,0.0,0.674520484,0.9481033909,0.1149505486,0.7438513554,0.4579618216,0.0641242857,0.9556786704,-0.048394308,-0.553919121,0.1043409874,0.0483943078,4,0.0016356796,0.2227979275,0.2171106425,-0.191070087,-0.163703898,0.0900261981,-0.249020331,0.6163878933,0.4045153756,0.5687848086,0,3.3504214691,0.5404542097,3.2833304662,0.5417069477,59.291404612,3.4372873116,0.243608083,0.0,0.0,1,1.0033632287,0,0.0,1.1191903464,4.0,0.746068298,-0.407121834,0.0353171677,1.4390881344,0.9967979159,-0.772640472,-0.258275109,-2440.47321,0.0279332649,10.119511051,-0.003842276,-0.034983442,-0.082108515,-0.01692848,0.0163432966,-0.360484656,0.0,-0.219941349,1.3789966281,0.0569766257,4.0,8.869859282,0.9015851225,0.2553020369,0,-0.500704589,0.1499999464,0.0738345928,0.0990681314,0.8909796949,1.085175385,3.2059348e-06,8.9951682e-08,2.59579018,6.7381266585,0.0065512355,0.0979497909
13818,0.4175187815,0.0605133292,30.933212049,0.0254327571,0.8494042963,0.6311986651,0.0789953565,0.0235680965,0.1506475549,-0.008001228,0.0010926891,-0.058799456,-1.216868343,0.1341500839,0.0587994557,2,-0.001051338,0.0810810811,0.0526836866,-0.105760175,0.0040568099,0.1330684958,-0.109865749,0.0255386975,0.0725563362,0.1334398401,0,1.8665670412,-0.219495011,0.9369021167,-0.278873752,67.343685838,13.583898634,0.0944160677,0.0,0.0,1,0.8466389091,0,0.0,0.419997985,7.0,24.456584413,,-0.005466112,0.2231225985,-0.07267523,-0.94412989,0.1374860636,-6852.326615,0.0457936334,15.420077534,-0.011340107,0.0092760235,0.0275688375,0.0025137703,0.0138507134,-0.014656661,3.0,0.0,0.5962633802,0.0038656136,5.0,16.497660303,-0.121576375,2.0803717145,0,0.0957318355,0.0168182198,0.0107548889,0.0174723772,0.3284913849,2.8541666229,2.233894e-10,1.2300321e-08,0.4384571248,0.1922446503,-0.419399424,0.0255558316
14890,0.1426476793,0.0047896215,10.135077641,0.0,1.107904621,1.6078472444,0.0829472591,-0.119847279,0.2458048899,0.0038700947,-0.137774438,-0.076090489,-21.21954813,0.1064232259,0.0760904886,2,0.0,0.0372093023,0.0884731948,0.0600600046,0.0051222293,0.363265112,-0.107198119,0.0216249957,0.0496546591,0.2223489725,0,1.3727204566,0.1907629915,1.3727204566,0.1907629915,32.209665638,9.401602531,0.0640831726,0.0,1.0,1,1.0,0,0.0,2.2457200228,7.0,-19.38629684,,-0.33911103,1.2746895759,-0.234355487,-0.744916817,0.2373167659,-2128.587437,0.2158277373,13.519156477,0.0058727402,0.0040652252,0.0357975746,0.028101387,0.0399168911,0.0070042804,1.0,-0.0008726,0.597610724,0.0801834855,5.0,12.829619413,-0.593409218,0.5546931846,0,-0.166303822,0.0503730997,0.0323089906,0.0397340411,0.4565360753,1.0447021638,1.912898e-08,4.4553121e-08,1.1819171416,1.3969281297,0.1817476997,0.051998209
13903,0.0769136545,0.1128779095,1.8864215247,0.0113946155,1.9602299433,6.0939827884,0.1654976303,0.0506652087,0.3187534172,0.0018779343,-0.002898026,-0.058300747,-1.034700315,0.2296727182,0.0583007465,2,-0.003377177,-0.080504365,-0.026784191,0.0612339804,-0.05220475,0.1188405797,0.2160431412,0.0439219974,-3.068634317,0.5519245447,0,3.1176470588,0.0481122574,1.8096885813,0.0897130164,38.372197309,10.656288917,0.079811355,0.0,0.0,1,1.0,0,0.0,-4.428422697,6.0,-0.186263553,,-0.078439173,-0.80206055,-0.362647803,-1.175977739,0.1283137018,-2202.38138,0.0979159386,13.274876732,-0.003918367,0.0112049367,0.1480686695,-0.156643493,0.1227865018,0.0006778841,0.0,0.0014627011,0.3705752757,0.0365757616,4.0,13.479223955,-0.272781213,1.3283528828,0,-0.200344257,0.0621092021,0.0241784051,0.0299333659,0.6255550468,4.2788075678,7.3807773e-09,1.430421e-08,0.95919867,0.9200620885,0.0412075609,0.0363717616
12919,0.3378622108,-0.164866407,3.4682342572,0.0,0.3717707668,0.1857258976,0.3072466967,2.3874659401,1.0406776038,0.8766509826,0.9703790134,-0.419763268,-1.104509433,0.0172300946,0.4197632675,4,0.015650005,0.7598684211,3.0120379377,-0.619808158,-0.185732644,4.6967269714,0.9069417779,0.0618299577,-3.068634317,0.2535544577,0,1.486950299,-0.418590553,1.391782745,-0.401652647,1.3525928625,4.0175201245,-0.51243056,0.0,0.0,1,1.0,0,0.0,-4.428422697,4.0,48.745255963,0.067237567,0.551245181,-8.482540465,2.2703801741,0.5733941298,-8.74012189,-3948.477467,0.0248274717,14.717575409,0.0222429649,0.0011136081,0.0026133064,0.0479676073,0.2284643995,-0.012162611,0.0,0.0146316852,0.9126799498,0.2535581589,2.0,16.546397178,0.4187026439,6.5131986755,0,-0.25352422,0.0954328328,0.0703129354,0.0643662633,0.6446949232,61.413279121,4.074283e-10,2.3964903e-09,1.8177451786,3.3041975343,-0.009644935,0.0960986634
14017,0.1276139173,0.0283806585,3.8538716759,0.0,0.6255071938,0.4031373809,0.1701172535,0.2125592244,0.4964920708,-0.004890138,0.1985079323,-0.040709684,-0.985603041,0.0563527219,0.0407096841,2,-0.018990118,0.029881056,0.1618545298,-0.044082716,0.0459253439,0.4589888671,-0.016459407,-0.003792668,0.2864883333,0.6049655712,0,51.70644176,0.336850892,44.355703986,0.5289768715,2.6115213358,1.383171662,0.0765335349,0.0,0.0,1,0.6455868941,0,0.0,2.8347119766,7.0,0.0443260961,,0.0112511282,-0.130338058,0.2501545985,-2.372953643,-0.063869129,-2095.616802,0.1744310206,14.206600474,-0.002729717,0.0237541985,0.1460792402,0.0151667225,0.2348835825,0.0098722443,3.0,0.0059854639,1.8891762207,0.1227437668,5.0,15.93184864,-0.142691863,4.1075109964,0,-0.165367998,0.0450704694,0.0260245078,0.0390498099,0.4528414179,8.2034991935,1.2159797e-09,7.153545e-09,1.3430576544,1.803803863,0.1192946636,0.0482952371
12477,0.7765741836,0.0921280552,-5.80007962,0.0,2.8317722577,0.6789924743,0.0618085867,0.7839571785,0.1705755532,-0.064058824,1.1767271475,0.2125872739,7.1399454114,-0.887213573,0.4969263374,5,0.1450367135,0.1567164179,0.1389378909,-0.379065413,0.0426499211,,,,0.0759853143,,0,24.958126495,1.5804299922,7.276655397,0.2982791814,1.9442406645,1.5387566841,0.1140676663,0.0,0.0,1,0.528060699,0,0.0,0.4072326302,4.0,-73.59799416,0.0101282923,0.1134843564,0.0105256028,-3.839052689,0.5325744147,-1.785428511,-2978.569024,0.1473165608,13.435280832,0.0020275478,0.0105941092,0.0461802285,0.0333758707,0.0640472322,,1.0,0.0095858896,0.9392710631,0.0388576211,2.0,13.807343678,-0.75559135,1.4691869945,0,-0.258063742,0.0185185112,0.0129427013,0.0265209598,0.2854075374,1.8328273704,2.7853297e-09,1.7084497e-08,0.980577356,0.9615319511,0.2085386076,0.0471949732
86092,0.8987734135,-0.032118395,-0.263606605,0.0,0.2038020688,0.6749370981,-0.021425684,-0.018386985,0.2555386516,0.0077963699,-0.213730064,0.0611804012,2.1198999021,-0.100206178,0.0611804012,5,0.0327411231,-0.061662198,-0.048740125,-0.140453243,-0.010466106,0.5260174419,0.1055960268,0.0157456063,0.0402143579,0.3647285912,0,4.872771973,0.3402058183,2.891180086,0.6166231226,4.7180965409,4.3828715365,-0.029480803,0.0,0.0,1,0.2070897533,0,0.0,0.3213427705,4.0,-0.387699248,-0.042348898,-0.031483777,0.5876302805,-13.33311632,-0.491675068,-0.071345312,-1234.605831,0.1187585399,11.783713763,0.0411086418,-0.170839975,-0.205059275,-0.023379301,0.1344714757,-0.046966246,0.0,-0.007993631,2.7254231744,-0.269128556,3.0,11.771315994,0.1522756764,0.7245112977,0,-0.051660395,0.0156250391,0.0115454105,0.0248089484,0.4727108614,1.8963179782,2.7791039e-08,3.3454968e-08,1.4355833436,2.0608995363,0.1864002987,0.0602571122
13837,0.0693670588,0.0391768729,39.149822637,0.0181920801,0.4470788247,0.2094992732,0.1145056974,-0.031672274,0.2225608662,-0.005020055,-0.046237545,-0.080035898,-1.07232127,0.0811870669,0.0800358977,2,0.0,-0.00990099,0.0108862389,-0.096896442,0.0387451804,2.2342305739,0.0554219975,0.0112252856,0.074041139,0.1211336052,0,1.287960119,0.347538218,1.287960119,0.347538218,9.5455963206,4.7636063844,0.169153441,0.0,0.0,1,1.0,0,0.0,1.6036198689,7.0,-9.870406268,,-2.451367139,3.8473898281,-0.865891896,-0.494988643,1.0757593448,-2510.649468,0.0288563477,13.82554839,-0.011796415,0.0287825276,0.1858695971,0.0028344238,0.0611033903,0.0102499799,3.0,0.0,1.4012467713,-0.059759133,4.0,14.0824028,-0.139698135,1.2538125342,0,-0.111549313,0.0552193299,0.0177262174,0.0235573569,0.3503860982,1.2507327116,4.3947099e-09,3.4385579e-08,1.0700574811,1.1450230128,-0.011450757,0.0299019325
12557,1.5414314661,-0.036912147,-1.723244897,0.0,1.7544412815,0.3139861421,0.0340556129,0.321249745,0.036178947,0.0078165466,0.5827929739,0.0686802783,5.3869151621,-0.235754749,0.0686802783,4,0.0,-0.548387097,-0.508116482,-0.181417786,-0.283097046,0.2478873239,-0.761094135,0.0008072323,0.1120916959,0.1213406794,0,8.5171415511,-0.24964485,8.5171415511,-0.24964485,0.7978585866,44.664627931,-0.025346112,0.0,0.0,1,0.7524629233,1,0.0,-0.018875826,0.0,-74.30820116,-0.236780384,-0.67874608,0.7753828853,12.668862041,-0.540284895,-0.714212552,-3397.179344,0.1473165608,11.699826048,-0.005950799,-0.024925036,-0.053897813,0.0417445086,0.078355612,0.0036015755,0.0,-0.031192661,2.5522924043,-0.057147891,1.0,11.108560347,0.1405495456,0.4675362424,0,-0.258063742,0.0652173907,0.0193523699,0.0297257402,1.0029894337,2.3252377677,1.7736495e-07,5.5270959e-08,0.6228880665,0.3879895434,-0.127706527,0.0363677648
12360,0.0948070532,-0.114150114,4.6507052927,0.0,0.1200405088,0.1045467357,-2.691521036,-0.085633513,0.2028343797,0.1154583176,0.0383404224,-0.112708471,-0.222067715,-0.088801059,0.1127084708,5,0.0098577719,0.0817610063,1.1501721018,0.9098225024,0.1389635575,0.6394485684,0.0456704989,0.0209861585,-0.205709743,0.9115992226,0,3.7397186319,-0.332990505,3.3797516593,-0.345151159,0.5978805699,17.790369935,-0.907006202,0.0,0.0,1,1.0,0,1.0,0.3584128361,4.0,-8.312980532,0.2529301125,-0.000801145,0.06744891,-0.294664674,-0.819051057,-0.015607817,-2534.517223,0.0318276958,13.642561918,0.0,0.0188178154,0.0538184183,-0.02420237,0.5904066067,0.1126026171,2.0,0.0,-0.092482672,0.0487101562,2.0,14.636855024,-0.016814157,4.1375565472,0,-0.095378135,0.1924360991,0.0599233608,0.061144025,0.4954735978,11.556979353,2.301132e-09,5.2546978e-09,1.2392820056,1.5358198894,0.4664534593,0.1042506151
12575,0.7799940379,0.0207702652,0.3999924042,0.0,0.0296658285,0.2676773163,0.1138923084,0.3066659298,0.0692812143,0.1556864697,-0.607215241,0.2125872739,7.1399454114,-0.160584322,0.2537673795,4,0.0,-0.10989011,0.0845061738,0.9733775731,-1.723154501,0.2158146563,0.2274258746,0.0052561127,1.3235444128,0.6000830588,0,18.451416122,3.2792663029,18.451416122,3.428478885,0.5625134926,99.650141643,0.1532526145,0.0,0.0,0,,0,0.0,0.1278717882,4.0,47.975358302,0.0009441908,-0.31851335,-8.040408638,1.1628539428,-0.42660587,-8.917936306,-5284.538307,0.0248274717,12.010037713,0.0,-0.051564941,-0.053308177,-0.020135712,0.9273184713,9.6421911422,2.0,0.0065502183,0.2569124019,0.0819297098,4.0,11.771383618,-0.127451938,0.9592120766,0,-0.25352422,0.0849858224,0.0348628603,0.0587989995,0.5688217754,3.1201913572,4.107012e-08,2.2686945e-08,1.9538163374,3.8173982804,0.0615758729,0.1255173228
14420,0.2621340795,-0.29629966,3.3483542039,0.0,0.0839932973,0.0557315848,-1.901188822,0.7031858813,0.1204446482,0.4109195402,1.0614461275,-0.515261998,-0.477657693,-0.154769848,0.5152619976,4,0.0386213329,0.2051282051,1.6618464961,-3.510128026,2.2489026118,0.7531380753,0.9498901208,0.052601421,0.6133448004,0.6392944758,0,4.7527845036,0.2404519686,4.4108958838,0.1979372994,0.2853905784,4.9391124871,-4.549103809,0.0,1.0,0,,0,0.0,0.150648606,5.0,54.526274162,0.0581529093,-0.003495035,-8.558268596,-0.513900817,-0.42660587,-8.912121832,-5461.490057,0.0248274717,10.180016058,0.0038554068,-0.074984278,-0.126146096,0.0306803968,0.3232429476,-0.014950482,0.0,-0.027453882,2.5433185526,-0.11443528,2.0,10.206175463,,1.239679308,1,-0.25352422,0.3387096822,0.0895991613,0.0809950222,1.1216010006,14.556808359,3.2786832e-07,1.1105557e-08,1.026388091,1.0534725134,0.3651413097,0.0608673805
12446,0.3587581831,0.0216133508,-4.21511649,0.0140182446,2.1982722173,0.5712837947,0.0252839045,0.073508946,0.0428031783,0.0722041867,0.0981042022,-0.010828443,-1.455716868,0.05307627,0.0108284429,5,0.0,-0.027459954,-0.063929911,-1.052566274,-0.19659988,1.1173175084,0.092648738,0.0099921446,0.1082442522,0.1691656604,0,1.2053158968,-0.018359861,1.2053158968,-0.018359861,1.3248591368,9.0260826282,0.0426039544,0.0,0.0,0,0.0,1,0.0,0.3203494211,5.0,1.3820486377,-0.020527102,-0.115320527,-0.075785417,-1.116043711,-0.319126335,0.0250717358,-6265.607714,0.0558672041,11.087221615,-0.000442458,0.0422394211,-0.293357908,-0.679574409,0.1326313992,0.0348250378,2.0,-0.787671233,-0.434228379,0.0429541469,2.0,13.342742161,0.9155744778,6.0301029211,0,-0.168614603,0.0477815233,0.0302115327,0.0447595895,0.6147444555,6.3270360875,3.6172222e-08,7.6037233e-09,1.7416522712,3.0333526339,0.179454683,0.1652866756
12476,0.037992823,0.022889669,11.125495679,0.0253061737,0.8757591838,1.9279455818,0.1575397222,0.0669411103,0.1646827365,-0.000450643,-0.010941804,-0.105502276,-6.446725318,0.1704530777,0.1055022756,5,0.0029115109,0.057165231,0.3142922514,0.4531811403,0.220294099,0.0736848651,0.1617317671,0.1291042555,0.1411290323,0.4896829317,0,1.0671019224,-0.083710075,0.8628944505,-0.109479056,106.37654321,15.188612727,0.1163213192,0.0,0.0,0,,0,0.0,5.7056451613,7.0,-0.754464739,0.1150966111,-0.201909979,8.7582115359,-11.77848334,1.5225208475,0.0794425887,-3272.964449,0.0257826007,15.686786617,0.0013093239,0.0009585933,0.0084427149,-0.227365737,0.0076686888,-0.945827704,0.0,-0.008928571,1.3409764697,-0.122116277,4.0,17.130386381,0.1946185445,5.83132105,0,0.080304809,0.1110778525,0.0410522246,0.0546058079,0.2984219387,4.5153386948,2.79174e-10,4.6029149e-09,2.8201620765,7.9533141375,0.0312706531,0.0540085931
12502,0.8545661482,0.0477262342,-14.54794594,0.0237150304,4.1759291384,0.1862084723,0.0224661595,0.3192168676,0.0448819837,0.0170229612,0.3924555587,-0.003636016,-0.336879433,0.0638042209,0.0036360157,5,0.0035068415,0.8222222222,0.2959363958,-0.044722324,0.0528465319,0.1523094361,-0.497395654,0.0153425372,0.0494797418,0.5290016695,0,0.8542679012,-0.010318495,0.8486600878,-0.013790305,0.6721136225,0.0571078217,0.0164733182,0.0,0.0,0,,0,0.0,0.2101817332,4.0,-0.017412981,0.0051051634,0.7875829079,0.006002515,43.250901134,,-0.022584469,-5007.742917,0.0286812661,11.65101128,0.0006412841,0.0030320935,0.0178487437,0.0195178849,0.0344736325,-0.34397718,3.0,0.0034506221,3.8993766696,-0.010308221,5.0,7.0302649415,0.0622671983,0.0155566911,0,0.0654744878,0.046950832,0.0195891128,0.0511830096,2.0679161082,0.0720205616,3.15672e-05,5.0000003021,0.2302000922,0.0529920824,-1.242453735,0.0253493887
12330,0.2054013464,0.0062500376,117.19196903,0.0,0.3485756885,0.4619423422,0.056970229,0.2697986247,0.3778731572,0.0932354853,0.2733148842,-0.041746434,-3.307127883,0.0269197114,0.0417464336,5,0.0,0.1666666667,0.2590825563,0.0631848488,0.0547004488,3.7199542159,-0.350839889,0.0055398334,0.2638756042,0.1757196144,0,1.2893790405,-0.212926436,1.2893790405,-0.212926436,79.542098246,3.817209593,0.13205718,0.0,0.0,1,0.3652454088,0,0.0,0.8972005087,6.0,-355.6309464,0.1043000289,-0.01371032,-2.15401418,-0.805124477,5.2255798377,-0.110448582,-1357.574628,0.2277833408,14.21192528,0.0005404158,0.0067424624,0.0196742678,0.0015940032,0.1191833556,-0.006793871,1.0,0.0027359781,4.234385488,-0.220297375,4.0,14.561522392,0.5869365729,2.3429288208,0,-0.166303822,0.0723860711,0.0195596404,0.0247152693,0.7389108672,20.903736894,9.801157e-10,6.0428522e-09,0.8258426739,0.682016122,-0.104667681,0.0441168811
90092,0.5251939879,0.0261825214,11.86968903,0.0462131094,0.6262731754,0.102337791,0.0527904973,0.7238534523,0.1170328134,0.5222614659,0.5224524212,-0.023529397,-0.817537059,0.047587703,0.0235293973,4,0.0,0.2222222222,0.3616115151,0.0038538016,0.0195449495,,,,1.0469370102,,0,10.211952191,0.0805802514,10.211952191,0.0805802514,2.6667538544,0.729453103,,0.0,0.0,1,0.1113479367,0,0.0,0.2026228739,6.0,6.0788625552,-0.14929774,0.0697376185,-53.6806731,,-0.471922765,-1.215030012,-548.5335576,0.0207317787,14.135132755,0.0,0.0077256329,0.0168657102,0.0105642703,0.0163730239,,1.0,-0.003882657,0.1402894402,-0.057546417,5.0,14.685317857,0.184472857,1.7136947896,0,-0.142502855,0.0384418257,0.0145839148,0.0256192257,0.3960923869,2.462569576,1.4628027e-09,1.7520929e-08,0.9907541982,0.9815938813,0.0523818618,0.0382560144
12796,0.1823636757,0.0409903983,6.3758487572,0.0,0.1090656862,0.3511701804,0.3674985596,0.3575783496,0.4675460401,0.0028939173,0.4573276197,-0.025180458,-0.15544832,0.0473622868,0.0251804583,4,,0.1657916552,0.1675516884,0.1916848726,0.0338262592,0.1003105139,-0.39311307,,0.3041903898,,0,1.9997073496,0.0351464338,,,3.0525108094,85.147895085,0.5386464786,0.0,0.0,1,1.0,0,0.0,0.7142151324,5.0,0.0279485124,-0.135992705,0.1448716886,-0.356052517,1.5950427707,-0.00243196,-0.085978156,-790.9512484,0.0725156293,14.955943872,0.0170188051,0.0461275321,0.0897309384,0.0162749916,0.3289071826,-0.07995864,3.0,0.0042283298,5.0790212258,-0.133594073,6.0,16.21458198,0.6413238839,3.9705646917,0,0.0348146487,0.0581418574,0.0279447736,0.0384092317,0.4773719954,9.7079373444,3.966603e-10,5.4526172e-09,1.4495662529,2.1012423216,-0.102502642,0.0488687615
12660,0.1822575782,0.061682485,20.981586144,0.0138387347,0.4632736189,0.6299471319,0.168009714,-0.022824482,0.3782648694,-0.060155976,-0.001564344,-0.01768612,-0.187253783,0.0732327637,0.0176861204,4,0.0078314597,0.0377358491,-0.00652167,0.0519732866,-0.00148261,0.2424170708,-0.032680375,0.0311887509,-0.072998447,0.2490774942,0,3.6462181133,-0.067481681,1.2782190453,-0.244723623,19.525337358,19.163499828,0.1623330149,0.0,0.0,1,0.9999828055,0,0.0,1.2133907322,4.0,-0.089522813,-0.014429968,-0.040950539,-0.566469981,-0.150218109,-0.807446357,0.1620564658,-2497.886325,0.1057354468,14.325587999,-0.003668895,0.0173389834,0.0661300138,0.0081146602,0.0616002998,-0.003419677,0.0,-0.001731816,7.7229146447,-0.167958561,6.0,15.928385213,0.1318194423,4.8888986402,0,-0.208549392,0.0500819199,0.0675211673,0.0315053793,0.7120217467,39.428977889,4.766394e-10,3.673889e-09,1.0499132372,1.1023178056,0.1566976509,0.0430642272
12639,0.0187377763,-0.034253364,5.7103837432,0.0,0.2481443785,0.139109859,-0.209191361,0.1203044167,0.437916939,0.0258433391,0.1799252121,-0.204612282,-1.508621088,0.0174219835,0.204612282,4,0.0,0.3789260385,0.4236991503,0.1661051273,-0.014658467,0.5881254668,-0.12472379,0.0249050083,-0.32882125,0.7011532072,0,1.7635278802,-0.250036127,1.7635278802,-0.250036127,0.9324460577,3.1191848424,-0.120419565,0.0,0.0,0,0.0,1,0.0,3.5069288212,4.0,-10.15419457,0.0581317126,-2.06254011,3.7967605455,-0.556424773,0.1119278668,1.0119942614,-2339.746358,0.0288563477,14.451654074,-0.000100148,-0.041681406,-0.811535723,0.0105511975,0.4314208293,-0.05089822,1.0,-0.000606061,0.9347455787,0.1001142543,5.0,14.948288939,-0.009768367,2.3173136279,0,-0.111549313,0.0346295051,0.0179503176,0.0285999889,0.232386233,1.7039042342,1.1255535e-09,1.3701435e-08,1.5616393776,2.4387175457,0.2456783979,0.0499424088
13693,0.2703939929,-0.417291551,2.754090107,0.0,0.0645096639,0.014974441,-3.766166105,-0.020401366,-0.732236272,0.3224938085,0.6105188344,-0.345181508,-0.279915405,-0.300485217,0.3451815084,3,0.0033651622,0.1111111111,-0.169036335,-1.312921227,0.3410675224,1.5754189944,-0.457096626,0.0316429345,-0.104131296,0.7588813329,0,4.1038843722,-0.221180832,4.0858175248,-0.224609488,0.0618750735,1.7651006711,-7.674380615,0.0,0.0,1,1.0,0,1.0,-1.10743256,1.0,36.790791383,-0.05237624,-0.097512129,-8.550008683,-0.055237352,-0.42660587,-9.057837202,-5512.239437,0.0248274717,9.5991840947,0.0,-0.227824407,-0.287466667,-0.000127968,0.6566318686,13.766666667,0.0,-0.022522311,0.5194331259,-0.099839015,4.0,10.536986244,0.1428825557,2.9299384386,0,-0.25352422,0.1698113978,0.0832927163,0.1321902001,1.1354399999,9.6976579627,9.6276558e-07,1.0213406e-08,2.3285887566,5.4223255975,0.3400211787,0.1540332559
12521,0.9505614042,-1.190958076,-0.601005437,0.0,0.2873237842,1.4272161087,-0.343264363,-0.450988474,0.1413533602,-0.772309431,-0.607215241,-0.529527965,-1.135315773,0.2868933738,0.5786463093,4,0.0,-0.466666667,-0.563026168,0.0014313554,0.1013504843,2.207961114,0.4352257477,-0.042902477,-0.768466044,0.470780783,0,2.1431072613,0.3952444655,2.1431072613,0.3952444655,3.6057925554,11.888375621,-1.302917073,0.0,0.0,0,,0,1.0,0.2154272638,6.0,-11.56073648,-0.084093246,-2.727180435,4.7285841734,-1.481266103,0.1119278668,1.2814656517,-4113.606638,0.0288563477,11.694534329,0.0411086418,-0.111049439,-0.141048695,-0.153061407,0.3629840808,-0.059350659,1.0,0.0335731415,1.1235119083,0.1203222433,3.0,10.350094604,0.675395847,0.4461674355,0,-0.111549313,0.1183206886,0.0266020391,0.0364325503,0.783863099,2.6334356633,3.9742794e-08,2.634543e-08,0.8895226008,0.7912504574,0.1890743072,0.0647810012
90840,2.5384668394,0.1124660637,-8.556160206,0.0001566181,8.302042927,2.5720827878,-0.008995391,0.3657949483,0.1344095142,0.0,0.4972755332,-0.066088642,-5.542347133,0.7357920293,0.066088642,5,0.1370541193,0.2640692641,2.6206557903,-1.428324146,-1.321211787,0.1054080873,-0.171456407,0.3361666414,0.07170637,0.4790876287,0,1.2600992408,-0.262678551,0.393585305,-0.422621165,2.5315872082,3.0162962716,0.0249824169,0.0,0.0,1,0.4556722614,0,0.0,0.2159065635,5.0,2.9029614068,0.1721903414,0.2263247575,29.517420208,13.28210635,4.7707632629,3.070641296,-765.7155119,0.0796288203,11.188696439,-0.00404145,4.31456e-05,0.0001850927,-0.157763919,0.1100872231,-1.784105031,0.0,0.0361872428,4.1275637819,-0.08108107,5.0,5.5134488801,0.2378469634,0.0078773705,0,-0.172297837,0.0468750186,0.0233636791,0.0276234915,1.4466440643,0.1149005208,3.37924e-05,3.8181819125,0.295622264,0.087392523,1.2410908418,0.0744352283
12373,0.430162523,-0.004551813,3.6312843763,0.0,0.5595078413,0.1227496282,0.025876823,0.1208579145,0.0605131322,0.001566606,0.245273864,0.0071809913,1.4782202201,-0.011280396,0.0071809913,5,0.0,0.1,0.3370240829,0.934969662,0.2835188027,0.0140610073,0.2193890781,0.2390018713,-0.006620703,0.555676806,0,22.775546056,-0.254453918,22.775546056,-0.254453918,1.1322399282,2.9185466253,0.0124356993,0.0,0.0,1,1.0040141022,0,0.0,0.0854464251,3.0,3.2472001463,0.0154760211,0.0622554934,12.374286127,-0.258219792,-0.730525754,2.3235688706,4333.6379281,0.0796288203,15.248003959,0.0033226207,0.0288991753,0.0718856926,0.0184805496,0.0812778518,-0.775905348,2.0,0.0242728657,0.4167573174,0.03546817,2.0,15.260534423,0.0186709353,0.9419278157,0,-0.186226261,0.0269324686,0.0187006878,0.0222195176,0.2283416149,1.0966701598,7.635424e-10,2.219373e-08,1.3434525539,1.8048647645,-0.003252501,0.0259905127
12515,0.6969547392,0.0693428767,-82.93816939,0.0298305269,5.8261378037,0.294705613,0.0290004548,0.2767313838,0.0478347704,0.006375417,0.3079782811,0.0148267321,1.2435962099,-0.016891662,0.0148267321,4,-0.001493702,0.0147874307,0.1272614157,-0.243997051,-0.011973945,0.100305826,0.2579806013,-0.00011883,0.0642070454,0.477465027,0,0.9267428991,0.0521111535,0.9256195069,0.0554734405,4.6284283558,0.0704515795,0.0155745422,0.0,0.0,0,,0,0.0,0.3731807675,2.0,-0.048411012,-0.003967899,-0.028962603,-0.223268162,-0.950508873,,-0.096429303,-2553.479532,0.0286434127,15.094537169,-0.002945578,0.0047801135,0.0476640413,0.010644663,0.0122586313,-0.325862773,2.0,0.0002797203,0.5904392519,-0.014092275,3.0,15.489023897,-0.205381228,1.6563437267,0,0.0654744878,0.0547619388,0.0176526814,0.0231218328,0.4965363356,4.7503689295,4.268169e-10,1.1788366e-08,0.9694818298,0.9398950184,0.0622952599,0.0216970109
12583,0.0533969159,-0.004279366,18.202758224,0.0,0.0483369306,0.0616720417,-0.032548167,0.9201036391,0.7670651278,0.0747710786,0.2049917944,-0.158038444,-2.856882473,0.0079462798,0.1580384439,4,0.0552781654,0.4419354839,1.3105282229,0.7775604368,1.2557807077,0.1655066631,0.3875834425,0.1984100813,3.1490702805,0.6826825701,0,1.5302978359,0.7480783224,1.3212913363,0.7668073495,1.2497423609,8.8378789234,-0.025968437,0.0,0.0,0,,0,0.0,2.9475866082,7.0,48.297435855,0.1607932437,0.2333122438,-8.76700576,1.059724381,0.5733941298,-8.749405704,-2342.218297,0.0248274717,14.514195573,0.0009201229,0.0086931292,0.0158030305,0.0067324587,0.3968638547,0.0153317968,1.0,0.003892944,0.4147103182,0.1782254875,6.0,15.910933744,0.3538732703,4.2082223478,0,-0.25352422,0.0558944643,0.0268410946,0.0466365932,0.352456148,7.224171621,4.656676e-10,5.1303412e-09,1.2063352424,1.4552447171,0.1783578254,0.0632602162
12366,0.0437679033,0.0545799821,14.250021572,0.0504788973,0.6315306812,1.2378986551,0.172990732,-0.021533124,0.4333467763,0.0163456892,-0.028234692,-0.026601878,-0.33275716,0.072741862,0.0266018781,5,0.0,-0.007236145,-0.037221104,0.0276033771,0.0363814099,0.5626442303,0.0068349966,0.0027764384,0.0865902258,0.3057435744,0,1.3701015555,0.0004368049,1.3701015555,0.0004368049,25.455295656,6.1526985571,0.1081389852,0.0,0.0,1,1.0,0,0.0,7.0064671747,6.0,-10.1246181,0.123705883,-2.448702294,3.8217906725,-0.090661828,0.7507656188,1.0673141399,26.646161622,0.0288563477,15.227005967,-0.001750364,0.0197029349,0.2707195623,0.0044496723,0.0651914598,0.0022865807,0.0,0.0015261351,0.7288483066,0.0772095285,4.0,15.159725376,-0.137084683,1.0220494006,0,-0.111549313,0.0102727916,0.012624892,0.0182477073,0.4639294682,2.4814747777,5.73497e-10,2.1078752e-08,0.7191735624,0.5172106128,0.0963317097,0.0300124493
12573,0.1585958286,-0.113375486,2.9964268082,0.0,0.1352599155,0.0177339343,-4.017662431,-0.214339595,-0.334296698,0.0153538826,0.0791657626,0.0112277202,0.0330704884,-0.117124869,0.0112277202,4,0.0,0.8518518519,-0.744329897,,2.2489026118,0.0882053371,-0.229653556,0.0499041179,-0.36226575,0.9323936053,0,5.5566236982,-0.635014427,5.5566236982,-0.635014427,0.0692368945,,-0.84752749,0.0,0.0,1,1.0,1,0.0,-0.53885373,0.0,42.020706886,-0.314340659,0.6432286118,-8.661806847,1.0236237151,-0.42660587,-8.874476853,-5253.184197,0.0248274717,11.93920292,0.0080048112,0.079751416,0.1518073732,0.0782178747,0.7930449985,-0.609765505,3.0,1.1243243243,2.1940007256,0.1962485462,2.0,12.581104775,-0.129600666,1.5198696445,0,-0.25352422,0.0833333954,0.0336879599,0.054018547,0.3333721419,2.1345860345,2.4828894e-08,1.6348339e-08,1.8927627061,3.5825506616,0.0411385582,0.0954374016
12494,0.1962082723,0.0216144434,7.3953597144,0.0,0.2180743197,0.4564456178,0.1735281308,0.2555830538,0.5944858314,0.0227997911,0.3835547954,-0.104440814,-1.799040614,0.0604997049,0.1044408139,5,0.0512401604,0.4511434511,0.4959630284,-0.148194018,-0.10181205,0.3866657917,0.0847546994,0.2224846422,0.1383461662,0.5651263853,0,2.9780721708,0.0509849868,2.7269484832,-0.037638529,4.8715474504,4.4244422111,0.3318872097,0.0,0.0,1,1.0,0,0.0,1.1211100417,5.0,-0.202896579,0.2380716566,0.4113445734,4.6050539468,-0.059404563,-0.696595472,0.7829177117,-14106.37601,0.0314049921,12.622261075,-0.009771837,-0.037161038,-0.074051018,-0.047484174,0.2379574604,-0.026513796,0.0,-0.001960784,1.487267062,-0.244285791,4.0,13.452825957,-0.230854262,2.381962067,0,-0.107492679,0.1000000387,0.0364774249,0.0585127285,0.4658245052,5.1300805096,1.0683182e-08,9.2248538e-09,2.2723016044,5.1633545812,0.0239285519,0.0558826151
12916,1.0349336583,0.0275237829,-5.47299461,0.0,1.6904883835,1.3278942342,0.0413353926,0.0307873242,0.2912835871,0.0168635671,0.0697436361,-0.104183399,-10.16224225,0.3072271323,0.1041833994,5,-0.008357052,-0.01945245,-0.001050748,0.0528005311,-0.002370521,0.1378446381,-0.064924359,0.1383302378,-0.027085224,0.4627767305,0,1.0151418823,-0.251915499,0.9162057346,-0.215893042,9.796640341,11.963106974,0.1789478168,0.0,0.0,1,1.0,0,0.0,0.6677922891,4.0,-0.182320574,-0.023029312,-0.059251327,5.4437793328,-0.269499977,-3.277617903,1.0296451391,-14535.4803,0.0314049921,12.487942992,-0.001375879,0.0001306349,0.0003348768,0.0158002256,0.0360742871,-0.042428315,0.0,-0.002887392,0.4562125284,0.0106797004,4.0,11.839287808,0.142839576,0.4206335418,0,-0.107492679,0.0233377684,0.0174504382,0.0271441327,0.2894397418,0.4716521092,3.3879458e-08,7.275371e-08,0.8910967849,0.79405348,0.1234590318,0.0288960858
14358,0.9913378498,-0.819806016,-71.78861111,0.0,0.8831711611,0.2873728614,-0.249541284,1.1591112704,0.2561667563,0.4394127122,1.2570898489,-0.529527965,-1.021631879,0.0177339442,0.5786463093,5,0.0,0.0,3.2762345679,2.0692578237,0.6936379698,0.0792116459,0.5830198755,0.6163878933,1.0787213222,0.5351145228,0,0.4393939394,-0.755701903,0.2776292254,-0.771823859,30.788888889,5.8398314015,-1.063796892,0.0,0.0,1,1.0,1,0.0,-0.311297162,6.0,5.955997158,0.015053411,-0.18748076,2.1280298793,-1.177668868,-0.464531207,-0.344882152,-2480.84832,0.0279332649,10.194818946,0.0,-0.200855208,-0.78142329,-0.029609475,0.1099162985,9.0561906062,1.0,-0.010822511,-0.277014244,-0.139009064,3.0,9.7352594321,-0.834932359,0.6282972958,0,-0.500704589,0.1486486644,0.061028786,0.1315660266,1.0444719892,2.8965406348,2.5378687e-06,3.7246916e-08,0.9455281966,0.8940235706,1.2650893996,0.1582837026
12695,0.343426846,0.0496685647,5.7134303565,0.0,0.1316856487,0.3609013234,0.0518052456,0.229781308,0.3141376109,0.0059139954,0.4253592516,0.0482928917,0.4187959179,0.0288675725,0.0482928917,4,0.0442390877,0.7323420074,0.1839959142,-0.500451362,-0.019895617,0.1149494751,0.0790472775,0.1074504848,0.1683119656,0.4668464067,0,2.3204638169,-0.374848304,1.5983097801,-0.463678461,3.910385124,6.4487938401,0.5342433775,0.0,0.0,1,1.2611825193,0,0.0,0.4080482659,3.0,47.636505294,-0.205981033,0.5237187674,-8.47697583,3.1947191676,-0.364922362,-8.728484412,-4744.423487,0.0248274717,12.853819584,0.0008718589,-0.004680513,-0.006429152,0.0195752413,0.1279445175,-0.081124584,0.0,0.0039138943,0.7047772469,-0.060415341,5.0,13.680933951,-0.028704699,2.5063897601,0,-0.25352422,0.0997567326,0.0396465757,0.0537838712,0.3969821535,6.9466923051,5.7660824e-09,7.3972576e-09,0.6951557653,0.483241538,0.6411114419,0.0484740391
13113,0.3742404031,-1.270412213,-9.083054755,0.1213592233,0.8657654431,0.1616459167,-0.206102303,-0.268076214,0.0430728441,0.371899146,-0.568508259,-0.526386496,-0.743099265,-0.375990152,0.5483322738,4,0.0,-0.549222798,-0.343710823,-1.123154078,-0.07625892,0.0435546875,-0.222323671,-0.297103131,0.317868793,0.5440787414,0,0.4427740245,1.0319765896,0.2648061009,1.0319765896,4.5259365994,3.7797833935,-0.971170558,1.0,0.0,1,1.0,1,0.0,-0.529177238,3.0,-6.254002264,-0.095232544,-0.81248076,1.5109324327,-2.830295991,-0.464531207,-0.738606249,-2480.70201,0.0279332649,8.5141165357,0.0,-0.317049134,-0.961144029,-0.045027402,0.0211576846,-10.82432828,0.0,-0.748842174,0.6453955248,-0.324730676,2.0,7.3211428855,-0.342285082,1.287436715,0,-0.514510695,0.4173754454,0.1375151479,0.1651939955,1.4087394073,21.897239556,2.1503294e-06,7.1671795e-09,2.5967827744,6.7432807777,0.771547388,0.1777567043
12640,0.4367176966,-0.242618393,0.8052193777,0.0,0.4297572597,0.693953007,-0.43046182,-0.150266037,0.2308023123,0.0224730068,0.0584556261,-0.193019641,-0.750291617,-0.060583847,0.1930196407,4,0.0,0.0353466026,-0.00110833,0.0392401715,-0.231487317,0.5919011614,0.4192043091,0.017807493,-0.288360789,0.8217709639,0,6.7818291327,-0.240181712,6.7818291327,-0.240181712,1.2637082022,3.8792525975,-0.487921246,0.0,0.0,1,0.0027176831,1,0.0,0.34243337,2.0,-10.39208056,-0.035476951,-2.406119546,4.2147404658,-0.036139931,0.1119278668,0.9339884314,-3842.204798,0.0288563477,12.748586738,0.0011673457,-0.033504703,-0.068574483,-0.015333024,0.6600473258,0.0006166256,1.0,0.0125,-0.000223535,0.1376647037,3.0,12.163531415,-0.252284489,0.6447713643,0,-0.111549313,0.043478217,0.0198207547,0.0410247716,0.4119447306,0.842963321,2.257674e-08,5.187405e-08,2.273525633,5.1689188038,0.0746972783,0.0704856324
12971,0.8352837444,-0.231150671,-14.81661082,0.0794770022,3.0281142312,1.1273398191,-0.004532898,0.1861995318,0.1105187497,0.2025327435,0.0630435554,-0.017750256,-0.344415281,-0.151538847,0.0177502564,4,0.0,0.087431694,0.0822520628,-0.178638315,-0.004897803,2.2561174551,0.0744233754,0.0021522159,-0.145477742,0.0642942619,0,0.9534021349,0.2292135218,0.9534021349,0.2292135218,4.9587842847,12.698177677,-0.046938986,0.0,0.0,1,0.9526867185,0,0.0,0.2714733975,2.0,-0.056948931,-0.07147638,0.04368166,-0.084939157,-0.157529091,-0.014465589,-0.231076489,-5468.813862,0.0286434127,10.583635613,-8.3522e-05,-0.002982501,-0.007089187,0.0668596319,0.0442348967,0.0173122048,1.0,0.0036101083,-0.863546587,0.0249999774,2.0,7.9782972126,0.1401563289,0.0746934999,0,0.0654744878,0.1159169078,0.0508180336,0.0605995287,2.1904643941,1.266044859,0.0001049881,2.2120661e-07,-0.050958073,0.0036839297,0.6407526848,0.1249218571
13410,0.2000481098,0.0557103455,3.3109556608,0.0,0.1854693872,0.3421654225,0.3329639714,0.2388666156,1.0560385603,0.0748067929,-0.146741303,0.0976889615,0.6108399175,0.0216802426,0.0976889615,3,0.0506150831,0.314893617,3.499465812,2.7026186714,-0.098144729,0.3790849673,0.3065897524,0.0620027929,1.1322615348,0.6933847994,0,3.9607172735,0.0761821721,3.4718291929,0.0183013998,1.6418020878,7.0668789809,0.2895082994,0.0,0.0,1,1.0,1,0.0,3.35441071,6.0,55.459874841,0.5207043639,0.106270377,-8.620354566,-0.290888404,-0.42660587,-8.735671742,-5190.681757,0.0248274717,13.650711799,0.0011240847,0.0254008614,0.038255263,0.0244115388,0.3462653249,0.0038551524,2.0,0.0042765502,0.0286360228,0.1031533275,3.0,14.92296266,-0.249062467,3.3952098636,0,-0.25352422,0.0629507601,0.0219604894,0.0391104684,0.3078215695,3.6963464685,1.5344616e-09,8.6166332e-09,1.0618831442,1.1275958118,-0.271281384,0.0634152774
12641,0.7890712052,0.0728701776,-2.476542193,0.0037813086,2.2779856631,0.282158094,0.0433103318,0.1545313612,0.095661511,0.0055881284,0.1752859746,-0.05102801,-2.004000031,0.2189020159,0.0510280102,4,0.0,0.0317460317,0.1849635871,,0.0154976266,0.0375993265,0.022181885,0.171239024,0.0985276413,,0,,,,,3.414681282,,0.080024213,0.0,0.0,1,0.1812385026,1,0.0,0.2494243955,6.0,-10.09569251,0.0997809791,-2.409720117,4.5670939744,-0.571782401,-0.791609326,1.2134742939,-721.3520384,0.0288563477,14.957893409,0.0008748703,0.0066038608,0.0269202453,0.0163140571,0.0109490724,-0.25562369,2.0,0.0,0.3450292604,0.0456049987,6.0,15.75563267,0.032144992,2.2201162448,0,-0.111549313,0.0319046006,0.0160528592,0.023843437,0.2910611686,2.2197648624,5.536511e-10,1.2590712e-08,1.6949889491,2.8729875376,-0.018880499,0.0290645437
12798,0.4544090261,-0.070177043,5.9038411545,0.0,0.3306348551,0.4288668976,-0.086397545,0.0179036202,0.2697698371,0.0295520354,0.2273570428,-0.187278851,-2.086368526,0.0762381309,0.1872788513,4,0.0,0.2990196078,0.1175781762,-0.592393648,-0.112287811,0.2787996994,-0.111103932,0.3011417675,-0.095468109,0.4112162834,0,0.7587038831,-0.551484497,0.7587038831,-0.551484497,11.401796808,4.273274349,0.1394908542,0.0,0.0,1,1.0,0,1.0,0.4156201026,3.0,-0.304335395,0.0207431371,0.2592207301,4.8632547006,1.0147060406,-2.277617903,0.7986561377,-14551.56702,0.0314049921,12.581940931,0.0001812563,-0.017112258,-0.041444494,0.0206946428,0.026652628,0.6381204556,2.0,0.0048309179,1.1761593431,0.0634127036,4.0,12.894975002,0.0589900172,1.2786432205,0,-0.107492679,0.032894738,0.0147214481,0.03356848,0.3486428779,1.43196615,9.0529953e-09,2.2728834e-08,0.7828365235,0.6128330225,0.0977805785,0.0459308941
12509,1.2194761868,0.0531680362,-8.393227447,0.0249689622,5.4512793125,0.3227931946,0.0280089139,0.1305174284,0.0407205779,-0.011262318,0.158569046,-0.001100278,-0.130078271,0.0600840424,0.0011002782,4,-0.004073236,-0.2,0.0593093581,-0.083708056,0.008314134,0.1820809249,0.2926921769,-0.004960354,0.0201077497,0.7215841116,0,1.4632016427,-0.120413229,1.4591529511,-0.116098588,0.5487098295,0.0549418673,0.0114531669,0.0,0.0,0,,0,0.0,0.2009946125,6.0,0.0509919614,0.0001208206,-0.243750034,0.299253286,-1.497204919,,-0.019453599,-5448.020172,0.0286434127,10.951297654,0.0001623995,0.0025567086,0.0147814287,0.0057401894,0.0720640828,0.0011693098,1.0,0.0029684468,-0.863546587,0.0033158634,3.0,8.2949242575,0.0536520524,0.0978294574,0,0.0654744878,0.0286978241,0.0125716675,0.0144301025,1.6747447224,0.176641017,5.1602674e-06,3.0000006502,-0.050958073,0.0035839377,-0.415067643,0.0186423035
12795,0.6510895221,0.0528085289,0.3234984613,0.0,0.2107710123,0.3481126518,0.1921919326,0.0904601045,0.4361184849,0.0260001518,-0.041854306,-0.247188766,-3.866907298,0.2570142146,0.2471887656,4,0.0,0.1094890511,0.0919184519,0.4475594842,0.0046792754,4.743872549,0.2744751779,0.0024405529,0.1414891639,0.5265281654,0,2.3629553783,-0.017087623,2.3629553783,-0.017087623,0.8152189289,10.460008873,1.012655151,0.0,0.0,0,,0,0.0,0.6043141934,5.0,6.0531513683,-0.151634046,-0.042995553,-53.55477757,-2.371163442,2.1518757437,-1.005603501,-1596.816588,0.0207317787,13.251912364,-0.002532962,0.0114169791,0.0151002022,0.003759098,0.550891475,0.0009328839,0.0,0.0029154519,1.0624451195,-0.046870856,5.0,13.492882547,-0.137077169,1.5286514433,0,-0.142502855,0.0286494344,0.0162540743,0.0270105992,0.3550531779,1.6295234143,5.1775939e-09,2.475312e-08,1.2572124617,1.580583174,0.041501132,0.0328364409
12623,0.2512970795,0.0622259435,0.7624424242,0.0090209208,0.9028284821,1.2807866538,0.1390414851,0.0070682731,0.2587951807,-0.009779199,0.0425170068,-0.060509044,-1.118343195,0.131815904,0.0605090443,4,0.0044821514,0.0,0.0200879765,0.0957780923,0.1184279245,0.1082589286,-0.091295631,-0.020883534,-0.102564103,0.4588168767,0,1.9405487805,0.0094334464,1.6821646341,-0.009905636,7.0272727273,6.7023121387,0.1107410491,0.0,0.0,0,0.0,0,0.0,0.9842209073,8.0,3.7693621581,0.0176327575,-0.10748463,-0.25855582,-2.441851999,0.5781773427,0.0907177376,-5056.189736,0.0588548821,15.738438891,0.0026122449,0.0175855513,0.0747474747,0.0164113353,0.1110559417,0.0136711832,0.0,0.0020531965,1.4977747748,0.0620404398,5.0,15.942196712,0.2983970484,1.4500659266,0,-0.156910843,0.0243174098,0.0090269414,0.0170656662,0.2282804198,1.3923807692,1.800415e-10,1.6138082e-08,1.0945564621,1.1980538488,0.0828636499,0.0273472751
12894,1.0697012717,0.0941556888,-53.10193371,0.0,1.1366717508,2.1998034801,0.0893919059,0.4243098119,0.3932138126,0.0133506703,0.9049659635,-0.082340332,-1.642096392,0.2487684057,0.0823403324,4,0.0373225075,0.337677271,0.5022993081,-0.401922152,-0.158697648,0.1380629693,-0.010174468,0.3494506756,0.1231715533,0.4364047773,0,1.6170536213,-0.21218027,1.1881255903,-0.20024035,160.52151343,5.5300085636,0.2793500858,0.0,0.0,1,1.0,0,1.0,0.6254332753,4.0,0.750165829,0.1008271245,0.1501965112,2.2063933013,-1.160210881,-0.000234595,-0.113847691,-1769.18444,0.0279332649,12.067710206,-0.055908021,-0.138252561,-0.324591083,-0.029459199,0.0085742724,-1.062371995,0.0,-0.787671233,0.2255121122,-0.082855601,5.0,13.769754512,0.0046212942,4.8893581691,0,-0.500704589,0.1538461745,0.0679574196,0.1143859679,0.5371801304,10.956826888,2.1834804e-08,5.7173071e-09,3.3482519805,11.210791325,0.0161575081,0.1111580619
12742,0.1157729326,-0.000548229,7.0797287783,0.0,0.0729871171,0.0772459795,0.0173200082,0.6187271329,0.5741392326,0.0389690242,1.9182084051,-0.133187852,-33.80952381,0.0198079281,0.133187852,4,0.0,0.3670961348,0.4515549101,-0.0345323,0.0005545286,0.3198044564,-0.139980494,0.1616455296,0.2646990143,0.7666422716,0,4.6694268706,0.0879196747,4.6694268706,0.0879196747,0.6443705749,4.9410463915,0.1571664718,0.0,0.0,0,0.0,1,0.0,0.7295114388,4.0,-10.15093867,-0.038758444,-2.074370014,3.8937957018,0.1550691134,0.1119278668,1.0143802061,24488.976262,0.0288563477,16.509103424,-0.00597694,-0.007232664,-0.011303455,0.0084798335,0.4599472063,0.0246796309,1.0,0.0017356546,2.250477933,0.1439810283,7.0,18.148035546,-0.435101329,7.3442301988,0,-0.111549313,0.0394771136,0.0211291057,0.0300858174,0.5418929759,16.08181101,6.469984e-11,4.3219595e-09,1.5383206273,2.3664303524,0.1182065058,0.0599037982
12884,0.9596536585,0.0381917306,-49.18543639,0.0103794773,9.2085519692,0.3349825942,0.013257744,0.177880104,0.0328005126,-0.021942141,0.198622977,-0.014544583,-3.579967863,0.1749168987,0.0145445825,4,-0.000331637,-0.026706231,0.1079866843,-0.069099547,-0.003013427,0.1642558152,0.0999644863,-0.00118861,0.0101374193,0.6317964436,0,1.2495936334,0.0259830331,1.2479681669,0.0266417228,1.9102256025,0.0386232102,0.0060238104,0.0,0.0,0,,0,0.0,0.2980504632,5.0,0.0515527114,-0.000429195,-0.070456265,0.0394307576,-1.412695523,,0.0953792575,-5254.058182,0.0286434127,12.515113203,0.0002491992,0.0016049702,0.0176299345,0.0125982719,0.0175181118,0.0171513935,2.0,0.0049627792,0.4989581455,0.0510893939,4.0,11.820139836,-0.185188782,0.5717327599,0,0.0654744878,0.0284125432,0.0126611759,0.0248660178,0.367412232,0.7151572789,1.7927738e-08,4.7685153e-08,0.6657779308,0.4432602532,0.0712326139,0.0254644415
12922,0.5895465339,0.0292813853,1.2925616248,0.0,0.2259163496,0.9548991526,0.0802032081,0.1714306222,0.6639741162,0.0165958672,0.4879323909,0.0022985992,0.0594815107,0.0275396843,0.0022985992,4,0.0747400727,0.0169491525,0.1795403918,-0.112541139,-0.007010605,0.7453334366,-0.207786766,0.1409199578,0.083947346,0.5975555084,0,3.0549299255,-0.175671429,2.0844600558,-0.223260582,6.7647203341,3.3326878076,0.3513546597,0.0,0.0,0,,0,0.0,0.8510641313,4.0,3.1473273878,0.1034813487,-0.150291378,1.4047009922,0.9572811479,-0.976793171,0.1191884911,-4859.655797,0.0446872923,11.488817924,0.0009300197,0.0124886652,0.0152767077,0.0508205252,0.0726239756,-0.018684074,2.0,0.0,3.5733527183,-0.184749772,2.0,11.936550791,0.0908897779,1.2184301534,0,-0.101630079,0.0432276241,0.027012402,0.0468590929,0.6822904567,5.2346743728,6.4628691e-08,1.8453064e-08,1.6382337405,2.6838097884,0.0536926242,0.051108235
12783,0.3519310599,0.063953796,4.4085219784,0.0,0.235094237,0.3996017994,0.1889273645,0.0245220461,0.3572602207,0.0050437016,-0.054429068,-0.005235731,-0.047483092,0.06699052,0.0052357307,4,0.0170044029,0.1954161641,0.1127025166,0.0312360121,0.0306164957,0.4061566736,-0.096703891,0.0292501678,0.0850414827,0.4009920805,0,3.9652226279,-0.015893829,3.0654522188,-0.014195171,3.2906562587,5.1054416704,0.3401546303,0.0,0.0,1,1.0,0,0.0,0.6128895738,7.0,3.1692273085,0.0380010494,0.0281756338,1.1670855183,0.0702419707,-0.818225487,0.1586393268,-4346.958467,0.0446872923,13.310878767,-0.003814708,0.0152367148,0.0247233147,-0.013749456,0.1342481737,-0.004408245,1.0,-0.002919708,2.3455302899,-0.076464473,5.0,13.164121761,0.0676717991,0.9490568379,0,-0.101630079,0.0293647181,0.0148256094,0.0231404887,0.5789605131,3.3634616413,8.8591784e-09,2.8390845e-08,1.2595329827,1.5864233344,0.0644791255,0.0333750113
13860,0.3760963813,0.0323955503,15.666435111,0.0352678576,1.2089772256,0.8941480796,0.0719837837,-0.054137963,0.2095553026,-0.026187783,-0.033815992,-0.08422832,-4.239127386,0.1697244149,0.0842283204,2,-0.001223942,-0.059322034,-0.056454717,0.0521241458,-0.051934968,0.1010385577,0.0776935142,0.047699062,-0.114039674,0.4183726472,0,0.6432096253,-0.331293171,0.4933396657,-0.397321859,31.380950212,37.236149397,0.1193295842,0.0,0.0,1,0.8509094295,0,0.0,0.6985700134,4.0,3.696916384,,-0.130048138,-0.947249767,-0.667516891,-0.583329142,0.0899381725,-655.9753394,0.0889184991,14.385725981,0.001727491,0.0402126116,0.2019341977,0.0007268145,0.0483360656,0.0041080998,2.0,-0.001684447,1.8839215611,-0.084886498,7.0,15.932952668,0.0590878169,3.5408648966,0,-0.017965162,0.0198740549,0.0134567001,0.0229026658,0.3175793685,3.8140721524,4.451802e-10,7.7625722e-09,0.828665353,0.6866862672,-0.167847045,0.0457908873
13384,0.6777157199,0.0628178994,-47.75411892,0.0115966351,8.4291395879,0.4543317027,0.0266210937,0.2254298286,0.0497428601,0.0085870859,0.2403389494,-0.022322043,-2.958955173,0.248693248,0.0223220431,3,0.0086647132,-0.225,-0.113887563,-0.455866589,-0.025676509,,,0.008551337,0.0860502253,0.6292990769,0,1.2291508436,0.0966819125,1.1648993465,0.1005437915,2.9209466978,0.0605108408,,0.0,0.0,0,,0,0.0,0.5965365364,5.0,0.0127953289,-0.01128894,-0.268750034,-0.242507181,-0.293115836,,0.1691556067,-3141.161082,0.0286434127,14.451412424,-0.000425541,0.0012264676,0.0162559944,-0.005825102,0.0237629231,0.0159178531,0.0,-0.006735751,2.2352966854,-0.134099772,5.0,14.388668351,-0.05352398,0.8749164983,0,0.0654744878,0.0353982635,0.0172334366,0.0280117912,0.4868205921,2.2876576774,1.6555881e-09,2.3500809e-08,1.0030877783,1.0061850909,0.15238399,0.0261008855
12579,1.4731049504,-1.190958076,-4.265299575,0.0,1.6299383707,0.8866106918,-0.544815219,-0.149774397,-0.02849899,0.4545720001,0.1450859409,-0.02002016,-0.052375744,-0.887213573,0.0200201595,4,0.0066052591,-0.133928571,2.4370136187,1.6984274626,-3.000065404,0.0600689316,0.4778231836,0.0280091101,-0.338302219,0.5444185569,0,1.142952183,-0.216594008,0.786029106,-0.390165807,4.4450385281,11.972045743,-0.745089579,0.0,0.0,1,0.6573740106,1,1.0,-0.216132441,4.0,54.287458763,0.1728138917,-0.342551811,-7.347297726,-0.152073524,-0.42660587,-9.223719573,-5515.484997,0.0248274717,9.1912484103,0.0,-0.059238325,-0.112033409,-0.072867394,0.1605004309,0.0269412772,1.0,1.1243243243,0.9878524696,-0.13475571,3.0,11.106063872,-0.67388138,4.4388482973,0,-0.25352422,0.1372548938,0.0580159479,0.1022609483,0.6263330534,21.044226493,1.8999548e-07,3.0548388e-09,3.2291607864,10.427479385,-0.138853053,0.1578169299
13014,1.2706183467,0.0344171247,-20.78145282,0.0130882024,6.4611533018,0.3743561471,0.0290670924,0.4250536068,0.0598299703,0.170723791,0.486686143,-0.001878959,-0.35915493,0.0467782047,0.0018789588,4,0.0048546854,0.5189873418,0.5117452191,-0.209356242,0.0932510936,0.0899859566,0.3469637026,0.016401611,0.1769449961,0.5769537282,0,0.9950825963,0.1720430916,0.9871293379,0.1681005418,1.1834148641,0.0664841132,0.0092434452,0.0,0.0,0,,0,0.0,0.3006821518,7.0,-0.082723337,0.0147402358,0.4752373078,0.3503954458,2.086156369,,-0.032759436,-5444.846732,0.0286434127,11.018249551,-0.000279279,0.0012255894,0.0075158116,0.0022686223,0.0400545472,-0.179601309,0.0,-0.006160182,-0.500816803,0.0153909121,2.0,8.6523445304,-0.067922609,0.0910994764,0,0.0654744878,0.0108831562,0.0090206826,0.0119718653,1.6392931512,1.118247606,2.9505087e-06,2.0000002151,0.0051021675,2.60321e-05,2.4905091454,0.019935633
12873,0.1564909669,-0.008156694,8.3997369623,0.0,0.0445130779,0.2432082146,-0.113047312,0.1128041762,0.6149138245,0.0699860796,0.0050210776,-0.07230999,-1.69160692,0.0056412258,0.0723099903,4,0.0,0.3227315248,0.5104401124,0.1786939549,0.1219962627,0.3595209804,0.2497549429,0.0318221985,0.14781861,0.7123185816,0,3.9448511665,0.1862772124,3.9448511665,0.1862772124,2.5568152335,4.1504690139,-0.09047327,0.0,0.0,0,,0,0.0,0.8146748231,5.0,-10.1148558,0.0304563182,-2.118734624,3.9345137361,-0.396427185,0.1119278668,1.0002135037,-506.6856284,0.0288563477,14.635945492,-2.5631e-05,-0.110105685,-0.149311046,0.015799032,0.4430071289,-0.010230428,0.0,0.0,3.0414195482,-0.324730676,4.0,16.662065101,0.217548707,8.6212864291,0,-0.111549313,0.0563035533,0.0261340075,0.0441993026,0.4539482653,23.538500487,2.985369e-10,2.6139173e-09,1.6187674823,2.6204081617,0.2084517608,0.0724603557
13111,0.183212373,0.0924778472,4.3152697032,0.0,0.03082505,0.1551744794,0.9227535636,2.3740380118,1.2669235112,0.0529861137,1.8033524121,-0.040243796,-0.060374497,0.0980611507,0.0402437957,4,0.0,0.25,3.499465812,2.7026186714,-6.045797775,0.1443611001,0.0672352039,0.0298907266,2.4936993159,0.9270087624,0,9.2107829423,-0.441910354,9.2107829423,-0.441910354,0.8510579545,8.9273263332,1.6230229252,0.0,0.0,1,0.0127523911,0,0.0,2.03411799,7.0,74.77710871,0.5207043639,0.0413767599,-8.637190303,0.5753955075,-0.190413394,-8.659290834,-4435.121207,0.0248274717,13.055874761,0.0411086418,-0.065389517,-0.070455663,0.0110618096,0.8833342886,0.0193409036,0.0,-0.009995191,0.3464014965,0.167068325,4.0,14.959058076,-0.434502458,4.7134419951,0,-0.25352422,0.0397421978,0.0275868033,0.0585259971,0.3688921212,11.159818422,2.3494259e-09,5.1162881e-09,1.4669238842,2.1518656819,-0.578583043,0.106151085
13655,1.3738358082,-0.798895113,-13.06729961,0.0,5.8634756083,5.1886353402,-0.099227583,-0.132798107,0.163615757,-0.026713379,-0.048551704,-0.094723809,-0.923820755,-0.060859227,0.0947238089,4,-0.080654288,-0.02,-0.164660559,-0.02025001,0.290006067,2.4005059022,-0.316085215,-0.070995737,-0.370638908,0.3354639476,0,4.2553494427,0.0986337148,0.9783988284,0.1298168627,20.667817472,7.9181666571,-0.097175481,0.0,0.0,1,0.7956489046,0,0.0,0.4622369534,4.0,-0.295428676,-0.083761141,-0.079595968,0.7050784648,0.0948247113,0.2654923713,-0.154201381,-1645.279449,0.1328736255,8.9764492764,0.001084665,-0.031297817,-0.124440086,-0.954296447,0.0101346614,-0.024832265,0.0,0.3440242292,0.7555661146,0.139427796,1.0,8.241729531,-0.441266043,0.2217033421,0,-0.090489243,0.0871753767,0.0725340302,0.094286411,1.2258026684,1.4802336204,1.11909e-05,9.7055576e-08,0.8596774941,0.7390453938,1.0933892249,0.1832419965
12797,0.4217144879,-0.791622775,0.4453423891,0.0,1.1044421999,0.2948476387,-1.095021894,0.2082835662,-0.469202373,0.1548185323,0.8889334235,-0.154134299,-0.271541436,-0.57666439,0.1541342986,4,0.0192475328,-0.018450185,0.5192704403,0.8614326492,-0.185838241,0.1741407982,0.3667052584,0.0274366557,-0.378357371,0.7691649354,0,9.9738637333,0.3152062084,9.320073335,0.295420593,0.2913105138,7.9461842105,-0.900991415,0.0,0.0,0,0.0,1,0.0,-0.962201687,4.0,0.4388130647,0.1032839302,-0.041733728,0.7128981335,-0.435689144,-1.718180733,-0.41560943,-14745.9961,0.0739470786,12.182716875,0.0,-0.144384215,-0.811535723,-0.05454799,0.5608681509,-0.106564157,1.0,-0.019230769,0.6096261493,0.1065574549,4.0,13.373859677,-0.138533436,2.0506555071,0,-0.13824669,0.0895522758,0.0392393605,0.0656781794,0.4402180202,3.7841324091,2.5058064e-08,1.335323e-08,2.5739203857,6.6250661517,-0.038898138,0.0861103199
14254,0.68858371,-0.359388266,-5.525557587,0.0,1.6275632347,1.4575923759,-0.329393557,0.9996210249,0.3312736859,1.0925341746,0.3647981272,-0.092020193,-0.445650439,-0.199226727,0.0920201926,4,0.0113267453,0.3644067797,0.4828042328,-0.949484864,-0.059642911,1.8733031674,-0.394521655,0.1301202834,-3.068634317,0.1756538313,0,0.6885004162,-0.413532976,0.66397907,-0.434420343,13.935648995,3.8653212312,-0.198734769,0.0,1.0,1,0.3417020729,1,0.0,-3.254820219,2.0,-9.888453474,-0.063630621,-2.077059369,4.4666064793,2.7094944085,0.1119278668,0.7953455507,-4182.124358,0.0288563477,10.18710156,0.0011705328,-0.020503495,-0.074588493,-0.065153057,0.0335659832,-0.032677266,1.0,1.1243243243,0.7844062554,-0.103071694,1.0,11.622806684,-0.484002032,2.5450890117,0,-0.111549313,0.0910605416,0.0662137715,0.1044109929,0.7075546346,11.669576794,2.3671729e-07,1.0354619e-08,3.1674715322,10.032875907,0.5990827516,0.1429157579
12905,0.3368079977,-0.015681818,-0.466624748,0.0029647218,1.0085515371,1.1415739221,0.0700138766,-0.109541423,0.1292392709,-0.048293292,-0.08423066,-0.062423385,-6.587064677,0.0876153304,0.0624233852,4,0.0017916077,0.1011904762,-0.106824564,0.0634098911,0.1037307169,0.06613937,0.2070623989,-0.075850082,-0.225511302,0.5294628397,0,1.9485224023,0.1442868642,1.2855100095,0.0496230026,10.526618705,17.975429975,0.0568723884,1.0,0.0,0,0.0,0,0.0,0.4287764621,5.0,-0.227869936,-0.102084443,0.103255668,-0.542166207,-0.464210303,-1.014193151,-0.013743686,-1201.47662,0.0979159386,13.074661078,-0.000641722,-0.012050046,-0.060692149,-0.080556424,0.0452552184,0.449842437,0.0,-0.008997429,4.2265826791,-0.324730676,4.0,14.123134954,1.2694649646,3.0554655029,0,-0.200344257,0.0914368853,0.041783208,0.0705449336,0.340482943,4.4621610762,5.8793877e-09,7.5432377e-09,2.6380232643,6.9591667432,0.0408399001,0.0750675903
14329,0.2648462879,0.033179772,17.149554633,0.0115486408,1.1714843387,2.0150264573,0.0671900956,-0.022154725,0.1310312956,0.0256808174,-0.045508824,-0.043239415,-1.894882727,0.0960515489,0.0432394155,2,0.0020743004,-0.014842301,-0.033963524,0.0567655175,0.0160109943,0.3748390829,-0.060470879,0.0048228271,0.0962279021,0.1990306528,0,1.0908464421,0.0527425615,0.8270838721,0.0294933248,117.05279539,9.4464899524,0.0698244949,0.0,0.0,1,0.8151173477,0,0.0,0.6281294455,7.0,-0.018136904,,-2.727180435,-0.041707734,-0.445798857,0.3527344876,0.0304274085,2538.0919846,0.0775320588,15.908156619,0.0002902725,0.0055677047,0.0304687086,-0.056505146,0.0119733374,0.0037409457,1.0,0.0013495277,2.7031381552,0.0944578692,3.0,15.845710982,0.1176052241,1.3034929133,0,-0.101596569,0.0120481234,0.0063300307,0.0129758328,0.3369673565,1.4650336978,1.615385e-10,2.1985823e-08,0.640325335,0.4100165346,0.0213850468,0.0245562214
14441,0.3698846511,-0.025389568,4.0410053097,0.0742667517,0.2854741479,0.2263928337,-0.01419266,2.3874659401,1.2669235112,0.7416879795,5.2346570397,-0.104914777,-1.507728894,0.0128910175,0.1049147774,4,0.0,1.6666666667,0.3032672923,-3.701815015,-0.071105861,1.5070921986,2.4859950082,0.0511363636,3.3337725082,0.1608998987,0,2.2449324324,-0.356874901,2.2449324324,-0.356874901,2.6545132743,10.372060858,-0.082827277,0.0,0.0,0,,0,0.0,3.1589333333,2.0,-10.45971444,-0.684757167,1.4740690676,4.1479074203,-1.582060251,0.1119278668,1.0074632954,-4201.297718,0.0288563477,10.386339494,-0.022752065,-0.075985429,-0.109621345,0.0224267256,0.1860078887,-0.012513291,1.0,0.0,0.2187138897,-0.0016139,2.0,9.0123771192,,0.3828024895,1,-0.111549313,0.1768438667,0.0516132095,0.054514286,1.4465045041,2.1828084265,2.2856721e-06,5.6958509e-08,0.6891631159,0.4749458004,0.1916254784,0.0501166629
13844,-0.0866486,-0.78021048,4.093872619,0.0,0.4429120738,0.0876123981,-4.598177941,-0.447625934,0.0456495541,0.2207205878,2.0682748223,-0.356042728,-0.228451883,-0.601969927,0.3560427276,4,0.0205564526,-0.153846154,-0.421711471,0.1109636579,-0.234175157,0.2620578778,-0.110297328,0.031043625,-1.173084089,0.7326911598,0,1.1056296471,-0.755701903,0.8785554113,-0.771823859,0.4473015873,2.8350100604,-2.639843295,0.0,0.0,0,0.0,0,1.0,-0.028692088,2.0,-12.93597523,-0.090042395,-0.236408305,-0.114006743,-1.40632584,0.1809489431,-0.528776684,-3081.940506,0.0318276958,8.5667963778,0.0021231423,-0.268470727,-0.811535723,0.028505366,0.6668374142,0.0029419712,2.0,1.1243243243,0.1461232493,-0.173680646,3.0,8.8426109713,0.1884275543,1.2973292292,0,-0.095378135,0.0752830356,0.051165964,0.0894022365,1.1532405005,10.70740142,1.7733282e-06,9.8148672e-09,1.4712761317,2.1646534558,0.6010388096,0.1098995255
12645,0.2169690595,0.0127178167,11.508031219,0.0,0.031947691,0.1385952886,0.108521952,0.2692718268,0.5409148977,0.0464451202,0.7178446208,-0.099384606,-1.738851784,0.0348322151,0.0993846059,4,0.0,0.5724815725,0.2572831781,-0.448548269,-0.045383551,0.2921865198,-0.407400936,0.0929291427,0.2222759261,0.3783991624,0,3.3294476168,-0.297958239,3.3294476168,-0.297958239,2.1224706995,6.3038829268,0.787853069,0.0,0.0,1,1.0,0,0.0,0.5972517593,3.0,-10.13244867,0.103912479,-1.868984576,3.9949918287,1.4410460998,0.2223643506,1.029404493,-3068.891318,0.0288563477,14.734062393,-0.001653262,0.0183911987,0.0224750759,0.0131790976,0.301217152,-0.099907798,0.0,0.001652396,2.1497442364,0.0708271125,7.0,16.219089879,-0.181389887,5.4244556337,0,-0.111549313,0.043866761,0.0237049975,0.0322843275,0.4886369321,13.992269315,4.061967e-10,5.8908427e-09,1.0644622832,1.1330799523,0.2384857991,0.0500657235
12913,0.254535071,0.0246482556,101.0580649,0.0,0.3977689193,1.4506751212,0.0836710338,0.0604214704,0.6040596688,-3.9949e-05,0.0301132052,0.0120883616,0.3107984523,0.0169876159,0.0120883616,4,0.0295997953,0.1043103448,0.2421219072,-0.025934575,-0.055424525,0.1719512704,-0.351651825,0.0940500285,0.111528414,0.3710044738,0,2.4527251492,-0.147569228,1.4726057617,-0.201179813,251.38972356,8.6342573481,0.0993514594,0.0,0.0,1,1.0569661267,0,0.0,1.5608071783,4.0,-1.482278384,-0.321233293,-0.054485246,4.2113554643,-1.468437757,-2.54684625,0.2705151226,-2320.127974,0.1062765098,13.132636551,0.0022220237,0.0088757246,0.0295089747,0.1832848986,0.0025600226,-0.075463132,2.0,0.0028248588,0.6567699951,0.1854720786,3.0,13.41475461,0.4399867816,1.3049399199,0,0.0239123439,0.0175066274,0.0178904782,0.0360914289,0.3388632889,1.6936620921,5.1942108e-09,1.9934952e-08,1.5227541285,2.318780136,-0.032657312,0.0508291466
14862,0.2866108079,-0.344549153,1.0857427727,0.0,0.2876377801,0.0,-3.032470827,0.9688967136,0.0,-0.81675762,0.3139171228,0.0778810042,0.0978638847,-0.378268071,0.0778810042,4,0.0,0.0,,,,0.180432645,0.0023564116,0.0029342723,2.94,0.7873464978,0,1.5559120809,1.5424098055,1.5559120809,1.5424098055,0.0,,-1.29836121,0.0,0.0,1,0.0322580645,0,0.0,-0.262352941,3.0,,-0.029412831,-0.20862324,-8.533791868,-0.448453016,-0.42660587,-9.135620056,-5523.996287,0.0248274717,8.7009337498,0.0,-0.216550117,-0.782975137,0.0,0.3912101517,-0.9,3.0,-0.146432339,0.0450245521,-0.264847916,2.0,8.922624967,,3.3048081165,1,-0.25352422,0.2725623846,0.1112451764,0.1321902001,0.7269261617,61.413279121,2.2350742e-07,4.966712e-10,0.7892280971,0.6228809892,0.7278436358,0.0823849392
12872,0.4347133423,0.1020571552,0.5882777036,0.0212282118,0.7710895208,3.6848940854,0.1218091304,0.0731019905,0.2278316012,-0.077441077,0.1182783088,-0.01991673,-0.232171157,0.125751883,0.0199167304,4,0.0323901776,0.5181650762,-0.02944716,0.240565432,0.1446394347,0.0815448004,-0.063378575,0.157195702,-0.01547619,0.5313617531,0,1.3217158177,0.0194344189,0.6640634107,-0.189393769,60.835781041,22.457368162,0.2131605902,0.0,0.0,1,0.0562783661,0,0.0,0.5693223443,6.0,0.2008449686,-0.22076896,0.4948815324,0.7258969878,0.0860173536,-0.14811055,0.2868068429,-12055.66224,0.0739470786,16.844776046,0.0059296641,0.0309268261,0.0814223138,-0.286497048,0.0677696363,-0.003963056,1.0,0.0047485431,0.1256965139,0.0565770324,4.0,17.745182385,-0.297591715,2.8533499423,0,-0.13824669,0.0331020206,0.0222693021,0.0387172187,0.3194570497,3.3083041694,7.952991e-11,9.1701449e-09,1.5329865469,2.3500477531,0.0638184369,0.0425537369
12927,0.1362982958,-0.010095416,9.8500044284,0.0,0.014109738,0.0754419919,-0.075876104,0.0685241496,0.4975948216,0.0353272593,0.5136712444,-0.141722843,-2.043774364,0.010537336,0.1417228431,4,0.0,0.4871481028,0.6497152548,0.4232481417,0.0109451257,0.8563461538,0.0093203485,0.0552261854,0.036955174,0.6282749142,0,8.157919343,-0.136793094,8.157919343,-0.136793094,0.8746598174,17.442357097,-0.15779802,0.0,0.0,0,,0,0.0,0.5328832891,4.0,-10.19710688,0.1865774495,-1.954318046,3.9143210651,-0.3362667,-0.888072133,1.0051096139,85.360991622,0.0288563477,14.107504903,-0.004394572,-0.008217708,-0.009754565,0.0172618785,0.1697289031,-0.085871966,2.0,0.0034806822,1.4592686298,-0.0638652,6.0,15.214077756,-0.116041417,3.1895268524,0,-0.111549313,0.0477551036,0.0278091428,0.0447929567,0.3113628342,4.3635640337,1.3844598e-09,7.8320942e-09,1.6609996201,2.7589197381,0.0215294816,0.0618857755
13400,0.1219723942,0.0079628823,3.8086492857,0.0,0.2249315626,0.1169123278,0.0802819341,0.32528704,0.2866765057,0.0210959535,0.3869693128,-0.051895838,-1.983389979,0.0237563832,0.0518958383,3,0.0,0.3993316625,0.2214266821,-0.435543162,-0.000730367,0.6387817155,-0.17326066,0.0325337069,0.2248347448,0.5958176076,0,1.1423374398,-0.051709858,1.1423374398,-0.051709858,0.6475111995,4.918590344,0.0975221411,0.0,0.0,1,1.0,0,0.0,0.7464757246,3.0,0.0021331199,0.0565592641,0.295313342,-0.170056279,-0.49151795,0.1541961899,-0.015045505,-3562.468958,0.1865376934,14.488354946,0.0028288636,0.0086826248,0.0248650064,0.0093603307,0.5568407769,0.0514728246,1.0,0.0013309672,0.0039568692,-0.035933639,5.0,14.701416562,0.168838243,1.3443456981,0,-0.012367651,0.023971172,0.012237869,0.0197205715,0.3051231479,1.9976256151,9.280929e-10,1.5274714e-08,1.204067373,1.4497782388,-0.186159962,0.0493126556
13141,1.8231082666,0.0544526433,-56.06714865,0.0,1.8446360558,1.4744425041,0.0857806152,0.043777435,0.2149721201,0.0134328358,0.0357904717,-0.109247112,-7.294573643,0.4516614599,0.1092471121,4,-0.003134614,-0.083333333,0.2651213329,0.4087780493,2.2489026118,0.1400175387,-0.302225053,-0.113892514,0.0511073254,0.4645680837,0,1.5459057072,0.6884241292,1.5086848635,0.7873478324,47.202702703,7.6100217865,0.2531144487,0.0,0.0,0,0.0,0,0.0,0.4105621806,7.0,1.2355293688,0.02402143,-0.270814093,2.9598002961,-1.541335975,-0.53097639,0.0890453633,-131.1023704,0.0279332649,14.798328561,-0.006307618,-0.008791761,-0.016029311,-0.18655836,0.0092601082,7.567950938,0.0,-0.010574018,0.4414344518,0.1783852198,5.0,16.796613775,0.9092540776,8.9526704791,0,-0.500704589,0.0967741981,0.0408628447,0.0705871199,0.2985431146,12.483414884,3.988796e-10,2.2502744e-09,2.7624508155,7.6311345083,-0.033633759,0.0674220472
13278,1.1684743202,0.0860549299,-103.2385624,0.0062939676,12.498443422,1.1502457837,0.0487603678,0.1529770839,0.0932465638,0.0038513514,0.1545372212,0.1123729463,7.1399454114,-0.887213573,0.1123729463,3,0.1023552887,0.0725699068,0.0636419861,-0.057799632,0.0181245649,,,0.1130019236,0.1365492656,0.5376304765,0,1.1287642664,0.1350524837,0.8708615663,0.0102837922,9.7542128385,0.1417364059,,0.0,0.0,0,,0,0.0,1.0751073607,4.0,-0.022637807,-0.006537014,0.0288198728,0.2482514193,-0.898588699,,-1.427390039,-5239.822452,0.0286434127,13.179087284,0.0006984864,0.0020469569,0.022247982,0.071371079,0.0074971064,-0.019864414,0.0,-0.009090909,0.7520795049,-0.00778902,1.0,13.29102066,0.0175335269,1.132349383,0,0.0654744878,0.0288738422,0.014398697,0.0240734563,0.5949111717,3.905640819,4.1667091e-09,1.6254956e-08,0.6792062796,0.4613211702,0.0949151668,0.0291505606
13939,0.1639483354,0.0428400996,56.634798049,0.0,0.3102738363,0.628346138,0.083377591,1.0742305657,0.5704988983,0.0198631439,1.2551510538,0.2024939885,1.6610891006,-0.028321123,0.2024939885,4,0.1450367135,1.1286549708,0.4631351906,-0.449806537,0.1053713452,0.2253972813,0.9329882026,0.374856854,0.8008171199,0.4856408693,0,2.5116110877,-0.260599194,1.2768251631,-0.234543078,53.039932937,4.2573403474,0.2292812334,0.0,0.0,1,1.0,0,0.0,1.4062592967,3.0,7.2813258088,-0.387274008,0.9904492742,-0.201665071,-0.366135111,-0.245138751,-0.036012166,-3897.184109,0.0410566741,11.844035838,-0.018899092,0.0274637972,0.0959013718,0.0738779147,0.0371222036,-0.003687583,2.0,-0.008806693,0.6739993229,0.0866686888,4.0,12.481274173,0.4350905403,1.4689156479,0,-0.131569503,0.1165595502,0.0399635372,0.0573835134,0.4229584584,1.5100458707,5.9412481e-08,2.641182e-08,2.8237194807,7.9733917057,0.01647895,0.0660605617
12792,0.2999821918,-0.055066478,2.5650598048,0.0,0.2120272431,0.3720499222,0.0133952465,-0.078233425,0.1923929361,0.0640015563,-0.007781804,-0.06111222,-0.592336377,-0.0224486,0.0611122197,4,-0.003334897,0.0698630137,0.4928846998,0.1611760913,0.2773009446,1.4554141474,0.4275455371,0.0105599923,-0.095896631,0.5254909847,0,1.892640782,-0.035237526,1.8144706044,-0.033431601,1.9469690883,4.5340107815,-0.103528563,0.0,0.0,1,0.3977021653,0,0.0,0.3220836984,4.0,0.1186574595,0.0041665302,0.0300641359,4.7088278663,-0.599584486,-2.277617903,0.6999694068,-13787.57638,0.0314049921,13.345898209,-0.002244168,-0.011251703,-0.019953774,0.0083448575,0.3458911607,0.0762661711,0.0,-0.217770035,2.2237525452,-0.120813482,2.0,13.533863254,-0.441718263,0.8948004475,0,-0.107492679,0.052631557,0.0194264521,0.0373575836,0.4269079474,2.2945184385,6.2069211e-09,2.5260303e-08,1.5538092216,2.4143230971,-0.029940097,0.052934476
14851,0.8346737331,0.0219259731,-42.79026568,0.0,5.0041780093,0.2160627648,0.025990579,,,,,,,0.0457709098,,1,,,,,,0.1438324521,,,,0.497241573,0,1.0277725344,,1.0088625587,,2.0587197086,0.0564306027,0.010935624,,,0,,0,,,,,,,-0.085549168,,,-0.033766731,-4478.140422,0.0286434127,14.074346898,0.0018855666,0.0031995409,0.024653665,0.0120375668,0.0123040828,0.181057464,2.0,0.0003065604,2.1305136924,0.0774131631,3.0,13.865236177,,0.986975385,1,0.0654744878,0.0454399399,0.0182104106,0.0281747244,0.5189356185,3.1361354696,1.9604828e-09,1.5487483e-08,0.7600886173,0.5777347061,-0.186262699,0.0307727049
13302,0.8847762108,0.0734423348,2.1473071719,0.0,1.7462376309,1.015743909,0.0811087082,-0.006776702,0.0856415578,0.0075877332,-0.055720859,-0.132908835,-4.777597622,0.424320259,0.132908835,3,0.0,0.2918531782,0.1997901881,0.2136039564,-0.498592464,0.3585626053,-0.106738773,0.0049748262,0.1064074007,0.7053277576,0,48.82950228,-0.315099595,44.355703986,-0.315099595,34.62770636,0.4028593075,0.0496645333,0.0,0.0,1,1.0,0,0.0,0.1909500971,5.0,-73.70531844,0.0376961769,0.2486211166,0.11872763,-3.327958768,1.7426112386,-0.054137544,-3335.181024,0.1473165608,12.196983693,0.0060231055,0.0115993233,0.0341114612,0.0059300484,0.0132809025,0.0127550479,4.0,0.0012903226,-0.0618859,-0.009106809,5.0,12.508061054,0.0029684691,1.4375538329,0,-0.258063742,0.0544056818,0.0279918396,0.0380246199,0.6141184856,6.0351877973,1.5304293e-08,1.415737e-08,1.4305453344,2.0464599537,0.2065746381,0.0598681879
13108,0.1369861503,-0.013125297,3.1039086769,0.0,0.2626591172,0.5731543657,0.0165328278,0.0908844717,0.8296271811,0.0090582937,0.0994679508,-0.169530357,-4.951621289,0.0518662026,0.1695303572,4,1.73318e-05,0.04963219,0.240138247,0.0348071776,-0.163613892,0.7941964653,0.1935099493,0.0650981141,0.0689062301,0.5973074766,0,1.0571312828,-0.196391112,1.01403067,-0.199918612,2.9445463369,19.380209851,0.0514367982,0.0,0.0,1,1.0,0,0.0,2.3725882819,4.0,1.4269919689,0.2931101635,-0.130698852,-0.123845621,-0.55659871,0.0907297218,0.41923936,400.82589993,0.1116949983,14.553142024,-0.022940258,-0.013665204,-0.034872884,-0.000331682,0.4768105244,0.0405312849,0.0,0.245398773,3.2429767334,-0.17846296,4.0,16.124743327,0.4396140153,5.5145828789,0,-0.152504436,0.094387725,0.0520942303,0.0537286313,0.5456697731,16.249344529,5.798785e-10,5.0718031e-09,1.6749374331,2.8054154048,0.0702363467,0.0720793517
13409,-0.255621302,-1.190958076,-3.340916477,0.0,2.8715976331,3.9160420776,-0.578502942,-0.450988474,0.2314585769,0.0207197383,-0.042339063,-0.529527965,-0.879594511,-0.573964497,0.5786463093,4,-0.042251082,-0.169117647,0.0370505789,0.3442826746,-0.006136058,1.1825536405,-0.176597436,0.0026277399,-1.06004355,0.4568598608,0,0.8680496924,-0.422178435,0.8093113014,-0.386226836,19.357491063,3.7822580645,-1.473506188,0.0,0.0,1,0.0209105532,0,1.0,0.3944836533,2.0,6.1877987161,0.2042054069,-0.307323344,-0.621234708,-0.730936128,0.0744744517,-0.58165554,-4435.801019,0.0410566741,10.485019728,0.0205653986,-0.071837362,-0.211271144,-0.00716571,0.1852428192,-0.039535377,0.0,0.0476190476,1.3224171597,-0.220776144,4.0,9.4987231622,0.4081494197,0.309735553,0,-0.131569503,0.1255813688,0.0531144613,0.0954189008,0.9186652183,0.9694594216,1.5950763e-06,1.0579437e-07,0.5647041822,0.3188908134,0.5942671801,0.1320080828
12880,-0.080925387,0.0575221014,16.537786678,0.0,0.8977067913,0.4736038229,0.16894904,0.5081744567,0.4521071693,-0.003334348,0.2855243552,-0.032831535,-0.410838426,0.081154391,0.0328315346,4,0.0,-0.12016386,0.3667305752,-0.174685725,-0.084422118,0.5158841637,-0.329342094,0.0319161646,-0.349531687,0.1749614594,0,1.8164473576,-0.422548292,1.8164473576,-0.422548292,10.804357218,3.6794510354,0.0909167908,0.0,0.0,1,0.556714236,0,0.0,-1.857862993,4.0,-0.237419225,0.0350158742,-0.159962738,4.3279202878,0.2449387105,-1.927312586,0.8035723978,-10235.93542,0.0314049921,15.199658594,0.0082658728,0.0177072764,-0.377712032,0.0212631012,0.0737575396,-0.001308291,0.0,0.0021866885,0.8827351488,-0.005617417,6.0,16.267335928,-0.096655018,2.990096421,0,-0.107492679,0.0282364134,0.0179890963,0.0271536897,0.379889882,4.4847974207,2.788802e-10,8.0196463e-09,1.2459975623,1.5525099252,0.0530775502,0.0294501389
12960,0.0374441583,-0.024081915,4.1409708926,0.0,0.3019022189,0.3158207931,-0.084642821,0.2069695221,0.8842168906,0.0251695554,0.2166908864,-0.265886308,-3.425454545,0.0584095902,0.2658863084,4,0.0,0.3571428571,0.1439073082,-0.141806977,-0.00705702,0.4806120876,-0.155932179,0.1378422697,0.133920911,0.5885788667,0,0.7453881259,-0.137271279,0.7453881259,-0.137271279,1.9795618553,50.83747927,0.0292101369,0.0,0.0,0,,0,0.0,7.0684064848,3.0,-10.10364781,0.0989255769,-2.084323292,3.8154669275,-0.335768418,0.1119278668,1.0529818681,-3846.163398,0.0288563477,12.221812319,0.00326689,-0.045512454,-0.755285479,0.0107167174,0.4892578125,-0.030605786,0.0,0.0026954178,1.4181392667,-0.065294918,6.0,11.864266091,-0.243221974,0.7119300329,0,-0.111549313,0.0614973307,0.0239577585,0.0344057,0.4852276216,0.9452926125,5.8023213e-08,5.4940404e-08,0.9419839966,0.8873338499,-0.173936657,0.0541237158
13323,0.0750903717,-0.01287757,11.255263609,0.0,0.1683104174,0.5500059462,-0.029584241,0.3044767676,1.0397106344,0.0387674192,0.3763519611,-0.240079446,-4.008196721,0.0387382643,0.2400794463,3,0.0372683282,0.3542713568,0.4769590201,0.070681748,0.1535099504,0.2679405658,-0.046107022,0.1555854597,0.1677859026,0.6741001827,0,1.9571423705,-0.278524178,1.5893775764,-0.282695791,8.1819566045,7.6221547463,0.0022784434,0.0,0.0,0,,0,1.0,2.9781375914,6.0,3.190086838,0.5207043639,0.1870308265,0.89024483,0.3834336018,-1.065658247,0.1303870711,-4493.898967,0.0446872923,11.671696536,0.0012713855,0.0034418471,0.0128005251,0.0225865809,0.1229264933,-0.013012133,2.0,0.0162162162,3.7609408635,-0.324730676,5.0,12.579654648,0.4108260617,2.1218591171,0,-0.101630079,0.075313732,0.0408707775,0.0791808815,0.4053828353,2.3451561352,5.3358535e-08,1.7778539e-08,3.3482519805,11.210791325,0.0288777234,0.1017515446
13046,0.1513195587,0.0464772286,5.1002256043,0.0053838641,0.0639532802,0.2136150246,0.9227535636,0.2613057622,0.572629271,-0.008675535,0.2663907955,-0.009071971,-0.037666875,0.0482278805,0.0090719712,4,-0.017308073,0.3942307692,0.0410209201,-0.157318547,0.022860837,0.3186129983,-0.179450029,0.0076782365,0.2591688938,0.8696182756,0,8.2890751989,-0.068884212,7.7610716628,-0.031843901,1.3350037298,9.0152940821,0.8432940292,1.0,0.0,1,1.0,0,0.0,0.8132635774,5.0,44.999278462,-0.361388062,0.2742718382,8.4450092034,1.1348120995,-0.676175649,0.3241553164,-2419.232806,0.0587429544,14.898490574,0.0002390273,0.0895129976,0.1273445236,0.0004575886,0.7468402124,-0.011377562,1.0,0.0005901446,1.046480166,0.1417037272,6.0,14.824918725,0.1993479767,1.5109420098,0,-0.101630079,0.0317554213,0.0166327044,0.0255469581,0.4925652635,2.7327871104,1.1330653e-09,2.0072894e-08,1.4309075527,2.0474964245,0.1171724253,0.0634074421
13080,0.0731469445,-0.044352429,10.099787306,0.0,0.0928239487,0.1233696037,-0.506535093,0.2501770629,0.7431597079,0.0669655254,0.3670473806,-0.317719874,-1.069976087,0.0031036094,0.3177198743,4,-0.001274123,0.2465517241,0.1905574227,0.124314188,-0.005778054,0.6362562352,0.3185097986,0.0194570828,0.0946350579,0.671157937,0,1.9361793773,-0.279471321,1.9330804757,-0.278377017,1.4939607586,3.4400956456,-0.506535749,0.0,0.0,0,,0,1.0,1.4764397316,2.0,-10.30306886,0.0936432941,-2.194914425,3.8511697137,0.3455621976,0.1119278668,0.9976758874,-2905.001708,0.0288563477,14.220574456,0.0018392329,-0.016399805,-0.025994997,0.0100486949,0.7024576804,-0.005636902,2.0,0.0036652413,1.43032306,0.1766950674,4.0,15.427874186,-0.834932359,3.8167860058,0,-0.111549313,0.047856193,0.0262540396,0.0429001792,0.4056966144,7.7740536503,1.4680467e-09,8.5382015e-09,1.8251905647,3.3313205975,0.0116899435,0.074875693
13594,0.8338536553,0.0399202692,-27.77338401,0.0,4.5220465445,0.2466412187,0.0304113558,0.0323153802,0.0438916997,-0.08647165,0.0477881649,0.0082679931,1.0919124867,-0.003669171,0.0082679931,3,-0.008069911,-0.059006211,-0.08767712,-0.189595792,0.0541788523,0.108381069,-0.06477584,-0.009209586,-0.044225854,0.5652675822,0,0.9925156515,0.0745959621,0.9766944492,0.0887038073,1.6721450023,0.0636241296,0.0123639523,0.0,0.0,0,,0,0.0,0.2610164739,4.0,0.036870967,-0.001270095,-0.102756245,-0.086369246,0.4566303081,,-0.083206812,-4222.990422,0.0286434127,13.598853757,8.0116e-05,0.0021718049,0.0144626968,0.0018866139,0.0185353763,0.0302490869,2.0,0.0,0.621371359,-0.021656709,1.0,13.543330846,-0.25559891,0.9258522301,0,0.0654744878,0.0250752252,0.0149007311,0.0229327652,0.4113969548,1.6179886113,3.5371103e-09,2.2838182e-08,0.624982004,0.3906025053,-0.039063287,0.0245867855
14715,0.6742892374,-0.361485656,0.7747975623,0.0,0.1162385348,0.5581052056,-0.168299694,,,,,,,0.0362335902,,1,,,,,,0.1424355173,,,,0.71331632,0,3.631037213,,3.3887074426,,2.0595546974,5.7129546976,-0.012965683,,,1,1.0,0,,,,,,,0.8387412371,,-1.160418918,0.059397753,-3949.370214,0.1879227517,11.613619718,0.0,-0.018218185,-0.020871421,0.0352043392,0.2133504219,-0.188535374,2.0,-0.010666667,3.4586780037,-0.234489202,2.0,10.951858625,,0.6555622507,1,0.0081788241,0.0926829576,0.026117582,0.0364623958,0.589856692,0.9712417938,7.8189118e-08,4.3210951e-08,1.0005999781,1.0012003162,-0.788726656,0.0773940598
13169,0.7867288162,-0.093750482,0.063027605,0.0,0.1880408913,0.2865262089,-0.135526671,0.0305859588,0.246122457,0.0883698242,0.1276386587,-0.095676247,-0.980030987,-0.001872105,0.0956762473,4,0.0,-0.029498525,-0.209393243,-0.48903792,-0.046618057,0.2782434152,-0.247953416,-0.034940777,0.0098126483,0.5068100467,0,2.9344918409,-0.346388338,2.9344918409,-0.346388338,0.7157689792,7.4305548082,-0.334550218,0.0,0.0,0,,0,1.0,0.2988028899,1.0,-10.41117657,0.0401117049,-2.470964674,4.5647515854,-0.63704651,0.1119278668,0.9927001733,-1824.833958,0.0288563477,14.379016418,-0.00359542,0.0013694444,0.0016053281,0.0089917351,0.4781207659,0.0237582273,2.0,0.0043859649,1.3697673169,0.0743597765,3.0,15.597125957,0.0368726385,3.8266202449,0,-0.111549313,0.043478325,0.0205196957,0.0335141265,0.5067446171,7.0526474144,6.041661e-10,7.2610776e-09,1.4526674132,2.1102426133,0.1216772671,0.0609902143
12920,1.2903902694,0.0525229716,-36.01999184,0.0064651062,7.7522237639,0.3563829608,0.0200311163,0.0223545053,0.0336070287,-0.068888889,0.0297811221,-0.003691443,-0.628588882,0.0855383276,0.0036914434,4,-0.00069237,0.03125,0.0084434155,-0.071180983,-0.000281927,0.0895833333,0.098145933,-0.001287765,-0.02010087,0.4803325007,0,0.8897204628,0.0484465042,0.8896001386,0.0496376223,1.6487308891,0.0623676985,0.0077775176,0.0,0.0,0,,0,0.0,0.2257266769,5.0,-0.016289172,-6.6043e-05,-0.003389314,0.4418266362,42.286264078,,-0.000850363,-5039.947487,0.0286812661,11.227135964,1.29595e-05,0.0014175011,0.0099333632,0.008473448,0.0242661988,0.0007642846,1.0,0.0004385518,-0.194461538,-0.00074298,4.0,8.8616506291,0.0403143662,0.0780601229,0,0.0654744878,0.0219095889,0.0137957497,0.0194250638,1.5223842605,0.7673806757,1.4977405e-06,3.0000002639,0.1500327947,0.0225098395,-0.053219641,0.0169532219
13819,-0.323552647,-0.215598604,-1.113773138,0.0,1.6489968657,0.4625033723,-0.201304171,0.0616692909,0.1213399412,0.0354127976,0.1472641971,-0.151059842,-0.901704609,-0.021192349,0.1510598425,2,0.004456364,-0.043189369,-0.414767269,-0.199862788,-0.071675354,0.5065318818,-0.057664733,0.011647116,0.7130366881,0.3110069319,0,1.544722284,-0.017795775,1.4980053931,-0.031428067,1.5835623696,3.4944830106,-0.129505939,0.0,0.0,1,1.0,0,0.0,-0.800353312,2.0,6.8725065411,,-0.181395065,-0.689166054,-0.033760814,0.0744744517,-0.028883392,-4037.418359,0.0410566741,13.480181671,0.0004865018,-0.001200895,0.0059297393,0.0639807349,0.2301081885,0.0009737337,1.0,0.0054347826,2.3946539722,0.1344607816,2.0,13.712295517,-0.277064305,1.1008487563,0,-0.131569503,0.0331651084,0.0207773319,0.0262651755,0.3467849196,1.6645864789,3.6008904e-09,2.2072524e-08,1.6515453393,2.7276020079,0.0288536809,0.0784798156
13325,-0.084715953,-0.069082401,9.2953790009,0.0,0.2162496213,0.0852268698,-1.94970689,-0.17545747,-0.320844832,0.0407128157,0.1069095077,-0.276198967,-0.582091703,-0.028870109,0.2761989672,3,0.0,0.2047244094,1.1503369188,1.5846889761,-1.620914056,0.3116811474,0.3350342481,0.0193797845,1.3499367307,0.846210449,0,1.1885335877,-0.588231211,1.1885335877,-0.588231211,0.8278162234,31.015997585,-0.317450914,0.0,0.0,0,0.0,1,0.0,1.8397791326,4.0,49.549045365,0.2760208983,-0.003898831,-8.905118629,-0.038900469,-0.42660587,-8.786222093,-4341.689857,0.0248274717,13.714908691,0.0,-0.305513595,0.2971598401,-0.011803867,0.6081862802,0.0499803508,0.0,-0.023501763,-0.3059314,-0.085205689,5.0,15.310162925,-0.083411484,3.272068898,0,-0.25352422,0.0483092479,0.026221269,0.048267744,0.2533196657,3.7118860026,1.6866385e-09,7.4159871e-09,1.7495743539,3.0610104198,-0.216172746,0.0878085476
13049,0.0662747118,0.0014388545,21.3730464,0.0,0.0313766152,0.1639767887,0.042157029,0.1800145365,1.2669235112,0.0293212376,0.3103854306,0.0248698941,1.5591116917,-0.00080448,0.0248698941,4,0.0742866966,0.4623655914,0.5630587856,-0.537714133,0.0315399058,0.4897959184,-0.388675771,0.1046289777,0.1269336487,0.6811800395,0,2.7416751378,0.021667507,2.2630995287,-0.036978111,3.8828975186,8.125838301,0.1139915738,0.0,0.0,1,1.0,0,0.0,2.0173548964,5.0,-9.853109197,0.5207043639,0.3798034398,0.0389165686,0.7410137145,-0.643628831,0.0723887621,-2050.064063,0.0318276958,13.979887048,0.0016001506,0.0180860922,0.0289158249,0.0124328997,0.3562667762,0.000519904,2.0,0.0031220731,1.6720650464,-0.005299205,5.0,15.503363034,-0.212834383,4.3870062941,0,-0.095378135,0.0597275943,0.0263758227,0.0412018258,0.3578923248,5.5739993848,1.2464998e-09,6.482576e-09,0.738585964,0.5455092263,-0.831222111,0.0759065247
13292,0.1375509232,-0.013326905,6.9131525151,0.0,0.0320820131,0.0790919533,-0.259161367,0.0655664324,0.3862118785,0.0295027431,0.012421105,-0.091681226,-1.133774443,0.0017827993,0.091681226,3,0.0,0.5404699739,0.5477076425,0.0534114662,0.0140870245,0.4705588822,0.0505750187,0.0268328749,0.0755648004,0.8157061593,0,5.7188985698,-0.211487001,5.7188985698,-0.211487001,0.6587951926,3.7829692986,-0.315980564,0.0,0.0,0,,0,0.0,0.4814930375,5.0,-10.09354745,0.1335039916,-1.900996175,3.9155736924,-0.166857413,0.1119278668,0.9963550773,-2204.467898,0.0288563477,14.376299275,0.0005683977,-0.033722648,-0.043056549,0.010117717,0.5199246852,-0.075534771,1.0,0.0030959752,2.9790395816,-0.18005231,5.0,15.32847601,-0.10775614,3.5618238564,0,-0.111549313,0.0669466853,0.0288059794,0.0425132651,0.3697187962,5.2396618004,9.494415e-10,7.2873293e-09,2.233888349,4.9902571557,0.0907334549,0.0590203482
13201,1.7845781032,0.1915185148,-7.455709377,9.27327e-05,1.377604447,2.9531445112,0.0657031257,0.8531129573,0.2392262993,0.21686846,3.160605509,0.0473879748,0.6062509835,0.0754102268,0.0473879748,3,0.0151711916,0.3641304348,-0.149723857,-2.645423439,-0.139822087,0.0336985701,-0.021552105,0.3145271342,0.2957614423,0.4581245382,0,1.8521648307,-0.476429798,1.4725685305,-0.433260929,13.677840891,4.2816121703,0.2692660451,0.0,0.0,1,0.5081538779,1,1.0,0.2848098709,2.0,0.1360955929,-0.684757167,0.340846891,2.0757617487,0.3993674681,-1.718180733,0.2364651867,-14745.9961,0.0739470786,12.959655093,-0.000759697,-0.013590208,-0.021865767,0.0289039065,0.0629980371,0.1194083567,0.0,-0.064009662,-0.084997209,0.0400543623,2.0,13.687780773,0.3752617193,1.6915774545,0,-0.13824669,0.037715558,0.0172392293,0.0343159984,0.3107133433,2.459849467,3.7892097e-09,1.2753679e-08,1.4252102154,2.0312241581,-0.124484343,0.052477145
13249,0.1530237125,0.0239932449,19.555292497,0.0,0.0126636618,0.1207776211,0.2835173483,0.2491104594,0.6062300424,0.0114303609,0.1857867472,-0.060171261,-0.374084304,0.0329687413,0.0601712611,3,0.0039714964,0.437917223,0.2849023984,0.1436200692,-0.007903012,0.1215593827,-0.099008729,0.1982491582,0.2546552449,0.5000264961,0,5.775574391,-0.281281726,5.4453862146,-0.288913094,2.8308637806,8.6511599108,1.6230229252,0.0,0.0,1,1.0,0,0.0,0.6593130886,5.0,7.1166524485,0.0129363357,0.2997115264,-0.212589694,0.7487729649,0.4168889725,0.0252776984,-2715.730939,0.0410566741,14.268907499,0.0021902042,0.0387675295,0.0421175086,0.0075699484,0.2696285161,0.0421933966,3.0,-0.000149254,1.5589383924,0.0134530785,8.0,15.804065628,-0.003552703,3.1087253414,0,-0.131569503,0.020535931,0.0512135381,0.0319964124,0.6238631831,20.743877794,7.392691e-10,6.5885168e-09,0.9043843033,0.8179109681,-0.233609029,0.0418947886
13210,0.201190887,0.0301931571,7.7651972032,0.0,0.0563516577,0.3165063672,0.2429503175,0.3722743412,0.63181227,0.0362329722,1.2892771594,-0.068619918,-0.505923235,0.0454685768,0.0686199183,3,0.0,0.2761396527,0.3150867295,0.0530714769,0.003180754,0.317100156,0.1181345778,0.0142927437,0.2338441004,0.6457867837,0,3.3097605511,-0.453346696,3.3097605511,-0.453346696,3.3102696183,3.9074399186,0.9330448938,0.0,0.0,0,,0,0.0,0.7271903026,4.0,-10.14261101,0.1065805901,-2.165326496,3.9792136563,-0.819724265,-0.057485882,1.0400408548,-1927.905558,0.0288563477,15.120772059,0.0043572831,0.0359359804,0.042041319,0.011652439,0.3473543756,0.0030819189,2.0,0.0002683843,1.1968546695,-0.083542756,6.0,15.724325431,-0.252475851,2.1275821689,0,-0.111549313,0.0310700387,0.0164547521,0.0230015975,0.3091978261,2.5797352547,4.059868e-10,1.2481118e-08,1.0529497674,1.1087032127,0.100645509,0.0444010127
13116,0.746876539,0.0171381629,-67.5626935,0.0,1.2776600383,0.5637700729,-0.084584765,0.2976541705,0.1734872423,0.0248473415,0.4226407928,-0.174963908,-18.29808032,0.330733645,0.1749639079,4,0.0026216039,0.4152542373,0.3242141943,0.0205593128,-0.551049523,0.130254481,0.1775543658,0.5607790754,0.1281088612,0.5066161701,0,1.050532384,-0.303184312,0.973166639,-0.327260077,216.18924149,6.0869181485,0.2279958718,0.0,0.0,1,0.0392567858,0,0.0,0.3380236819,4.0,0.6348642733,-0.089286022,0.2277734775,1.8835685685,-1.235312547,-0.436770721,-0.031882452,-1509.24537,0.0279332649,12.168024746,-0.047759423,-0.053657008,-0.126387985,-0.415796618,0.0130299159,-7.36240579,0.0,1.1243243243,0.4339096276,0.2079043016,5.0,14.347860729,0.4754394082,9.8670935927,0,-0.500704589,0.3387096822,0.1131541982,0.1321902001,1.1764808029,61.413279121,1.1451257e-08,8.684449e-10,3.3482519805,11.210791325,-0.002140576,0.0982810183
12908,0.6870571503,-0.130040953,1.4930200565,0.0,1.0112914378,1.2585384965,0.0829510445,-0.162212502,0.1723581152,0.0119729416,-0.152525662,-0.13349854,-1.912293853,0.1186355616,0.1334985396,5,-0.023849337,-0.041292639,0.1045360309,0.3072110251,-0.110883553,0.5902162807,0.3585840038,-0.018347004,-0.176074535,0.333015498,0,5.3903183458,-0.032987566,2.0654606464,-0.051485992,18.07273188,5.906935926,-0.096835233,0.0,0.0,1,1.0,0,0.0,0.3816253313,3.0,25.980855283,0.0669627797,-0.040334548,0.0777130446,-1.264600533,-0.071507346,0.0258552173,-980.4887606,0.0463645568,14.161368666,-0.054509148,-0.090280538,-0.20416479,-0.032365696,0.0410030218,0.0052636476,0.0,0.0,2.2688448933,0.082900066,2.0,14.006925394,0.3634631321,0.8126044055,0,-0.034541484,0.0256587993,0.0112580708,0.0213288631,0.254991929,0.8594163739,2.2326729e-09,3.2394387e-08,1.2423352178,1.5433967934,0.1112655146,0.0325441383
14447,0.1594953452,-0.27118075,2.762802276,0.0,0.1679554357,0.0100422241,-6.39670235,,,,,,,-0.230152109,,1,,,,,,0.1026478056,,,,0.9210033868,0,17.450546117,,17.450546117,,0.0350995733,15.302325581,-0.094645631,,,1,0.1458342322,0,,,,,,,-8.660907331,,-0.42660587,-8.987504093,-5350.795957,0.0248274717,11.982928058,0.0,-0.305513595,-0.811535723,-0.002401955,0.5371005597,-3.437255841,0.0,-0.124481328,-0.005402945,-0.072930991,3.0,12.966265217,,2.8097481848,1,-0.25352422,0.1660539806,0.0986329775,0.1321902001,0.8883813377,17.553447318,2.0775687e-08,5.0657445e-09,1.9138485307,3.6628161984,-0.13128579,0.1171723468
15006,1.1393045252,0.0630912214,-12.80082161,0.0,8.4538733424,0.4094400519,0.0294660848,,,,,,,0.0365404651,,1,,,,,,0.0672869886,,,,0.5021143266,0,0.8609306844,,0.8368294324,,0.6538944085,0.0728513223,0.0165016621,,,0,,0,,,,,,,0.2190816243,,,-0.042997176,-5404.285882,0.0286434127,11.656808027,0.0004273891,0.0022330546,0.0170282047,0.0078849318,0.0430855382,-0.035656053,0.0,0.0024932242,1.2266637519,-0.004485719,2.0,10.187767643,,0.230333024,1,0.0654744878,0.0166019797,0.0083187072,0.0084650009,1.57319945,0.5902269962,8.7156656e-07,1.4333015e-07,0.3305821967,0.1092845888,0.5644873898,0.0211709069
13109,0.7646225008,-0.236802821,0.1146170988,0.0,0.3827410887,0.5190161556,-0.471264368,-0.152994007,0.2777991999,0.0242653702,-0.112490537,-0.173200127,-0.914985525,-0.020131668,0.173200127,4,0.0002957563,-0.343873518,-0.29242204,-0.050183361,0.0727320786,0.5709201298,0.7308067153,0.0015263251,-0.171911092,0.7503421285,0,7.1274306584,0.2227163717,7.1240746224,0.2221406411,0.7329911325,8.9635406878,-0.290179407,0.0,0.0,1,1.0,0,1.0,0.3995073776,3.0,2.7767929755,-0.147585037,-0.511114048,1.5797769591,-1.526040154,-1.065658247,0.0715171392,-5027.277187,0.0446872923,11.693172236,8.9736802e-06,-0.06053299,-0.094196804,0.0072891989,0.4815445611,0.1319848525,0.0,-0.010582011,-0.588979643,0.0783294626,4.0,10.485547842,0.032118295,0.2064236251,0,-0.101630079,0.0207468681,0.0164673992,0.0468119878,0.5649680797,0.3429007714,2.4952625e-07,1.8776747e-07,0.6462352671,0.4176200204,-1.738371944,0.0611645453
13408,0.2489515079,-0.259870647,2.1557604115,0.0,1.3414574313,4.0628173678,-0.045613627,-0.055790529,0.2114243238,0.0150023259,0.1260566163,-0.208976236,-1.316719266,0.0823060405,0.2089762361,3,-0.001532297,-0.060606061,0.1003314723,0.2274856089,-0.111382387,0.1431380693,0.2931549127,0.053122587,-0.495123367,0.4842416636,0,0.6651515152,0.3952872649,0.5464985994,0.5001535721,45.815410715,65.852670495,-0.075781091,0.0,0.0,0,,0,0.0,0.6190715207,4.0,-0.0618783,-0.268436938,-0.140396834,-0.005519375,-0.615156718,0.2532562121,0.0180521902,-3930.688662,0.0885157098,11.371989794,0.0078201866,-0.01597556,-0.142686011,-0.046777442,0.2015692398,0.0887748074,0.0,0.0082644628,1.2934331434,-0.054735124,2.0,9.9555922206,-0.286616191,0.1658575743,0,-0.101596569,0.063829802,0.0339524036,0.07353129,1.3231977032,0.687538131,1.2790341e-06,1.5594205e-07,1.0625655658,1.1290455817,-0.051138348,0.0686772278
13316,0.4105826987,-0.105897793,0.9245578845,0.0,0.1868040505,0.3571005149,-0.596343634,-0.077865135,0.3518806287,0.0271157928,0.0498906276,-0.141884683,-0.83418737,-0.017559192,0.141884683,3,-0.013241769,-0.020887728,-0.06904525,0.1652638599,-0.013230943,0.5884420148,0.2419321045,-0.001640604,-0.126239418,0.8417502819,0,3.4046545455,-0.157568817,3.3207272727,-0.14810848,0.8200427978,5.1021815849,-0.518838498,0.0,0.0,0,,0,1.0,0.4851190239,2.0,2.9077627767,-0.047883465,-0.188128259,1.225737157,-1.197695311,-1.065658247,0.0740896153,-4851.961727,0.0446872923,12.645932633,0.0001937149,-0.028874702,-0.042127117,0.0111503498,0.7521127673,-0.007661902,1.0,0.0052585451,2.2525773196,0.1495991433,4.0,13.423163284,-0.03761071,2.2766479266,0,-0.101630079,0.049560342,0.0258617435,0.044919423,0.8095095961,21.779234177,7.2229288e-09,7.4846679e-09,0.6679424458,0.4461471109,0.5384040199,0.0512468453
13326,0.2766538579,-0.003611535,6.2320806949,0.0,0.2878527436,0.2627863986,0.0316987089,0.2697271024,0.353299601,0.112411735,-0.026338702,-0.050655964,-7.076867557,0.0219468183,0.0506559637,4,0.008228688,0.1982570806,-0.036805347,-0.364763194,0.1259443667,0.6531596605,-0.04988269,0.0797732156,0.8573678615,0.371449783,0,5.3754966702,0.233135184,4.2570373272,0.2162314618,2.491230563,4.0404492806,0.109820915,0.0,0.0,1,1.0,0,0.0,0.974143249,6.0,45.102640813,-0.30649041,0.0782981496,8.5703435026,0.2428972812,5.8541623052,0.2978742542,-3674.522946,0.0587429544,14.596151874,-0.005732637,0.0171572577,0.0383617607,-0.001055048,0.1868615447,-0.069969938,2.0,0.0003449465,0.7813153915,0.0225038081,4.0,15.738618069,0.1045958087,2.5740046955,0,-0.101630079,0.045927465,0.0230226489,0.041135098,0.4051465761,4.6311318144,8.619262e-10,9.0892102e-09,1.7822689947,3.1764827693,0.141063976,0.04969768
13743,1.0691307171,0.0397268025,-7.443369956,0.0,1.2922989372,0.7687323119,0.0262349772,0.061122511,0.1279482319,0.0090143635,0.0656202036,-0.061919558,-3.573581819,0.1816937817,0.0619195579,2,1.61963e-05,-0.112,0.1079178081,0.2739689478,-0.035736187,0.053656129,-0.053557749,0.1088325163,0.0559282988,0.5335222224,0,1.9412643554,-0.443800538,1.457608813,-0.439259601,8.1048767955,9.3428297416,0.1175338079,0.0,0.0,1,0.301292367,0,0.0,0.2364924184,5.0,0.0072733994,,-0.132919967,0.5307145245,-0.791540569,-0.91424354,0.0483533384,-5860.493528,0.0725156293,12.182429714,-0.001524753,0.0008403378,0.0018167623,-0.067680119,0.0161246721,-0.397485571,0.0,-0.011095903,-0.126602967,-0.134423989,4.0,12.362005748,0.0579770538,1.4595526606,0,0.0348146487,0.0868014842,0.0374572186,0.0529456973,0.4579255345,4.5843302098,2.9563408e-08,1.5008508e-08,1.8997665455,3.6091129274,0.0640246129,0.0447812003
13520,0.3654607947,0.0355324567,40.0871481,0.0,0.1886983411,0.7579010241,0.0909479638,0.1855625091,0.2917598338,0.0033565239,0.3074516862,-0.106812279,-1.535462536,0.0900912128,0.1068122794,3,0.0013378777,0.1496848739,0.1993531055,-0.780405555,-0.10506732,0.0858535271,-0.087611152,0.2348539977,0.1311155348,0.3990790628,0,0.7187221728,0.0996318228,0.6671861086,0.0948360645,64.246657929,48.191309477,0.4028115657,0.0,0.0,1,1.0,0,0.0,0.4209000077,5.0,-0.013851196,0.0531158173,0.0698941009,0.1109899117,-0.047141937,-0.746743788,0.0258373624,-3813.354402,0.0885157098,13.132574298,0.0082950388,0.0216910373,0.0318867156,0.0209476912,0.0543320004,0.0157521207,0.0,0.001056338,1.5711053936,0.1192878871,6.0,14.351185713,-0.080536153,4.1691287308,0,-0.101596569,0.0538593382,0.019295205,0.032595061,0.7831528088,29.631183156,1.5300558e-09,4.1983068e-09,0.909577269,0.8273308084,0.4737227371,0.052999686
13244,0.5839395632,0.07465717,42.972259317,0.0,0.3839987236,0.2905085982,0.1226037773,0.6132119551,0.3891938944,0.1171309765,0.7726800371,-0.120956529,-1.270278322,0.1694925547,0.1209565288,3,0.0003670559,0.5,0.6521815791,0.2317105303,0.2732325246,0.1022947313,-0.12369727,0.6163878933,0.5228888217,0.5215912124,0,0.7004456477,0.6663570733,0.6929543165,0.6798035062,47.807897072,9.5802809388,0.5521188209,0.0,0.0,1,1.0,0,0.0,0.5947666121,7.0,0.8535464015,-0.044972177,0.3125192402,1.7206315928,-1.554772496,-0.461100706,-0.193123542,-1016.40448,0.0279332649,14.513575964,-0.038993176,-0.155137131,-0.253332538,-0.007458961,0.0111962153,-3.480017222,0.0,0.0019286403,0.0824280777,0.0223654574,5.0,16.062486389,-0.08929392,4.3282198614,0,-0.500704589,0.0705705658,0.0274846538,0.0495684715,0.2689294555,4.7464275668,7.838019e-10,6.4303909e-09,2.2678386495,5.1430921401,0.0103528617,0.0594930433
13375,0.1245421095,0.0225737916,243.47172044,0.0,0.0988221143,0.3813526853,0.1636613021,0.1228759195,0.5798014336,0.0105432657,-0.013148138,-0.082542657,-0.772058824,0.0400020867,0.0825426566,3,0.0004580778,0.1553133515,0.1084744902,0.0317710262,0.0268502314,0.1204309953,-0.145740836,0.2101322208,0.2607671219,0.3269879203,0,0.7129087081,-0.175321064,0.6439388174,-0.192197301,120.1381954,54.016528195,0.3714810819,0.0,0.0,1,1.0,0,0.0,1.1534875494,6.0,0.0358339533,0.0592809552,0.0755225784,-0.129928774,0.2942446782,0.6523684886,-0.024251764,-2534.182472,0.0885157098,13.658998757,-0.003235483,0.0205722424,0.0354072615,0.0139426785,0.0024344672,0.0325643721,0.0,-0.00088164,3.0173362217,-0.076149091,6.0,14.817582415,0.2085827667,3.4192805114,0,-0.101596569,0.0237165131,0.0171801071,0.0274508016,0.3372637349,3.8317076597,1.2944958e-09,8.0833743e-09,0.8498302939,0.7222115284,0.0244283487,0.0437973867
13260,0.3201495244,-0.066964896,5.4408491883,0.0,0.1856013383,0.495575116,-0.102934994,0.2371661851,0.859308031,0.1167556397,0.0953305572,-0.159316891,-1.087906233,0.0058866318,0.1593168913,3,0.0,0.181556196,0.1376040766,0.142103149,-0.005349969,0.827902044,0.2410769519,0.0640963482,0.3375786684,0.3433899627,0,1.1062778948,-0.26457754,1.1062778948,-0.26457754,5.4554459766,5.8247682057,-0.185470095,0.0,0.0,0,,0,0.0,1.4660649222,2.0,-10.16807433,0.0869128333,-2.259909953,4.0981722936,-0.651991605,0.1119278668,1.0004589097,-3982.155058,0.0288563477,12.197266012,0.0003326416,-0.010309612,-0.016539754,0.0143713558,0.1892592887,-0.004508314,1.0,0.0101626016,0.897508769,0.173048662,6.0,12.24968367,0.079852795,1.1631266276,0,-0.111549313,0.0234741941,0.020549653,0.0324290949,0.3464350655,1.3047622071,1.5346344e-08,2.4713202e-08,1.6760859306,2.8092640467,-0.033349585,0.0668544391
13124,1.0511386847,0.178578477,-21.96732376,0.0,1.5932137583,0.5338297728,-0.025244234,0.4988219197,0.2213201665,0.0071142699,0.7531194876,-0.070986282,-0.876233653,0.3350549484,0.0709862821,4,,0.2352941176,0.1933508404,-0.448297935,-0.116932679,0.0740175702,-0.306943337,,0.2286843214,,0,0.8593682725,-0.290485972,,,27.075645442,6.2545596357,0.2761915819,0.0,0.0,1,0.1665468455,0,0.0,0.3610656975,4.0,0.9286932679,-0.09871727,0.0478133579,2.1878307142,-1.364560367,-0.464531207,-0.027561148,-1012.98327,0.0279332649,14.77094381,-0.001356173,-0.229004959,-0.439505596,-0.024746205,0.0269737458,-6.405536474,0.0,0.0424178155,0.1468355261,-0.077906813,5.0,15.912271768,0.3343933913,4.0311443159,0,-0.500704589,0.1624714136,0.0483456097,0.0768603349,0.4015192508,4.7022752859,1.0572613e-09,6.2753824e-09,2.8789573934,8.2883956732,-0.047783822,0.0883305871
13160,0.1718502293,-0.125982818,1.6414675822,0.0,0.4178861275,0.4009090829,-0.37056987,-0.04739522,0.4577092431,0.0612177509,0.0364995186,-0.172593505,-0.828023436,-0.021666092,0.1725935055,4,0.0,-0.022288262,0.2259146697,0.0916271584,-0.021826616,1.0994917604,0.6588591634,0.0029753384,-0.2040547,0.6400961169,0,1.2970654174,0.0083166269,1.2970654174,0.0083166269,1.5730709978,2.6778911718,-0.228849522,0.0,0.0,1,1.0,0,0.0,1.3096099092,5.0,-9.92349252,0.2425134853,-2.46375441,3.9498729985,-1.14633399,0.1119278668,0.9729061857,-3788.702048,0.0288563477,12.649930121,-0.000197695,-0.035967149,-0.124867411,0.0093327106,0.470905542,-0.022203763,1.0,0.0064239829,1.1000289813,0.0465776082,6.0,11.974053061,-0.069475402,0.5955697717,0,-0.111549313,0.0535714366,0.0203177169,0.0353559261,0.3299229891,0.5747238615,2.7633007e-08,5.8564141e-08,0.962439923,0.9262906054,-0.420409839,0.0526455449
13106,-0.060823855,-0.033119294,4.1842685071,0.0,0.484725584,0.864083316,-0.118477165,0.4628323694,1.2669235112,0.0010435199,0.4235698807,-0.128395233,-1.383385788,0.0126974667,0.1283952325,4,0.0,0.1313378131,0.2823987755,0.0598715247,-0.004835917,0.1087702871,-0.501271259,0.3450678228,0.199242834,0.6633388228,0,0.8797870901,0.1124672841,0.8797870901,0.1124672841,4.902208251,20.805164784,-0.043198325,0.0,0.0,1,1.0,0,1.0,-4.428422697,4.0,-10.0303605,0.089285215,-2.310128336,3.717198914,2.7344245333,0.1119278668,1.0072697446,-3869.860648,0.0288563477,13.14824309,-3.7256e-05,0.0004656234,-0.003789279,0.0192794334,0.3359596414,0.0103080852,1.0,0.0119047619,3.518899204,0.1276312908,4.0,13.355689749,-0.184911987,1.8462054422,0,-0.111549313,0.0684595928,0.0266580361,0.0498090134,0.5132930026,5.6784205111,6.4664578e-09,1.3265633e-08,0.6094143169,0.3713858097,0.7594308299,0.0865723596
12981,0.3156168032,0.0380500187,19.540374153,0.0110909379,0.250007061,0.5606371328,0.1064966039,-0.029965774,0.3446064,-0.051167591,0.1736393443,0.0045437978,0.0686490455,0.0354379212,0.0045437978,4,-0.002284048,-0.076923077,-0.034588926,0.0035582132,-0.016113257,0.1591330122,-0.059284494,-0.040496877,-0.147165396,0.2619432752,0,1.856918239,0.0333776579,1.1962550029,0.0325701923,20.915059927,8.7461320549,0.2161819718,0.0,0.0,0,0.0,0,0.0,0.5395183815,4.0,-0.000364524,0.0100417345,-0.454681974,-1.661993161,0.1885061891,-2.537510838,0.1712460696,5171.5193465,0.0506976226,15.955407782,0.0015681662,0.0200744991,0.0421137112,0.0238893966,0.0689858723,0.005206781,2.0,0.0,0.6078085175,0.0699825373,5.0,16.378802538,-0.115407669,2.0745075283,0,-0.060001469,0.0229485333,0.0125115095,0.0210409018,0.3143127089,2.5292927302,1.627137e-10,1.2450955e-08,1.1250888802,1.2658249884,-0.001476621,0.0289675955
14339,0.6274060596,-0.071382922,1.9589015152,0.0,0.1038614529,0.3390106737,-0.223112444,0.5530516432,0.184235236,0.4480211664,-0.125294118,0.1032887478,0.8701891716,-0.133499568,0.1032887478,4,0.0253963338,0.0,0.1352721035,-0.042244675,0.1065666706,0.360441989,0.243204943,0.0028663207,0.7834546658,0.4356365748,0,3.5830889541,0.3308867052,2.3819648094,0.3569438626,2.3980566535,4.149615275,-0.300177806,0.0,0.0,1,1.0,0,0.0,0.243216413,4.0,7.3000532389,-0.076479472,-0.138205697,0.2617926531,-0.846268914,-0.611482123,-0.14119061,-4408.059569,0.0410566741,10.336404354,0.0117724003,0.0230572161,0.0275620257,0.0521827026,0.0851773924,0.1406578612,1.0,0.9896907216,1.3510794505,0.168704506,0.0,8.4215061396,-0.608528137,0.199720058,0,-0.131569503,0.1253309995,0.0526123627,0.0893806602,1.2674890229,1.7064351569,3.5725318e-06,7.6240774e-08,0.2161628817,0.0467263914,0.601539228,0.1019578664
13139,1.8366443901,-0.040040977,-1.656969205,0.0617216474,3.8143261438,1.2238930432,-0.083950027,0.8877355288,0.196958174,0.2633656106,1.689433357,-0.18583065,-20.059933,0.6273066775,0.1858306499,4,0.0,,1.1183894154,0.6493348303,-0.890944376,0.1494894499,0.5359549032,0.6163878933,0.1659990154,0.5672038801,0,2.255984487,0.629799343,2.255984487,0.629799343,1.4060466864,7.8492522715,0.2221509748,0.0,0.0,0,0.0,0,0.0,0.2695588369,4.0,0.6511419739,-0.095494492,,2.9733364196,-1.875229453,-0.464531207,0.4005622422,-1955.91588,0.0279332649,13.271261743,-0.008525778,-0.215396683,1.0433494835,-0.243893243,0.1284959079,-1.165754607,1.0,0.0081300813,-0.05402782,-0.063548841,4.0,14.915996638,1.1058869897,7.2042471634,0,-0.500704589,0.1000000015,0.0501381264,0.0840764424,0.4758073028,13.47019103,2.9815422e-09,2.3744656e-09,3.3482519805,11.210791325,-0.040207913,0.0906092583
13329,1.7147589968,-0.435402438,-2.630527913,0.0,1.277792912,3.7432247046,-0.219391088,-0.134014423,0.4478506787,0.0142083503,-0.09493649,-0.142866345,-1.057909208,0.0252138104,0.1428663446,3,-0.015307379,-0.416774194,-0.37683034,0.0874295881,-0.034257322,0.7980403627,0.2469345185,-0.031136878,-0.16100844,0.3693233539,0,1.6161964205,0.3387572568,1.4690582606,0.428050419,4.9988580378,34.413746631,-0.125483713,0.0,0.0,1,1.0,0,0.0,0.7558634375,4.0,1.3514236774,-0.422013722,-0.597105235,1.4539272259,-1.391629248,-0.753915841,0.3925869678,-5126.88009,0.1116949983,11.010834881,0.0173149057,-0.039542727,-0.050554446,-0.08790685,0.5195700045,0.0553779749,0.0,0.0,2.0424917249,-0.153063367,4.0,9.5544172073,-0.386772324,0.1699162679,0,-0.152504436,0.0268096253,0.0118246287,0.0251431855,1.0346789509,0.2707134531,1.9006796e-06,4.31185e-07,1.2075231122,1.4581120666,-0.082660445,0.0684202379
13035,0.3064770399,0.0485579513,4.9399110106,0.0135443544,0.3943712545,0.5642520397,0.1175910498,-0.006535948,0.3357843137,-0.012229284,0.0308851224,-0.016188525,-0.234421365,0.0599409726,0.0161885246,4,0.0022540984,0.0,0.0205890018,0.0768925514,-0.015699026,0.284164859,0.0122076729,-0.005718954,-0.050870147,0.355004523,0,2.3149779736,-0.017085012,1.7797356828,-0.010355582,5.9064856712,5.0791180285,0.1735905045,0.0,0.0,0,0.0,0,0.0,0.7095046854,5.0,7.1609065541,0.0139420925,-0.138205697,-0.059136367,-0.626784724,-0.026839664,0.0522499297,2489.1499811,0.0410566741,15.826334599,-0.000623182,0.0186480186,0.0423076923,-0.010350755,0.1315392896,-0.004812056,2.0,0.000304414,0.0277243433,0.0156106079,6.0,16.376085391,0.1649923227,1.8243607588,0,-0.131569503,0.0153992306,0.0091897042,0.0139397187,0.2126080762,1.6174818716,1.461376e-10,1.3842188e-08,0.9436024599,0.8903856023,0.0212764552,0.0282584806
14960,0.2096218247,0.152020202,6.2387026336,0.119866142,0.8252511639,1.1024490185,0.3138896876,,,,,,,0.585280024,,1,,,,,,0.551184346,,,,0.4270864526,0,6.8786185802,,6.8786185802,,10.782587277,2.5025014601,0.1095052851,,,0,0.0,0,,,,,,,-0.556426756,,0.7694297386,0.1068222213,-2802.146904,0.1473165608,12.584926781,-0.013397542,0.005496803,0.0226412967,-0.118427919,0.0418336069,-0.04381125,0.0,-0.016634051,1.5039244813,-0.324730676,1.0,12.378569127,,1.2550214126,1,-0.258063742,0.2118294984,0.0565554957,0.0618873384,0.6431831255,5.7985860611,2.9897949e-08,1.5515757e-08,1.6817779873,2.8283771984,0.0758285201,0.0746736093
13084,0.8881772712,0.0491590982,,0.0520241181,0.5738587354,2.1393467586,0.9227535636,0.0192752292,0.5415987079,0.0058676837,0.018227777,-0.529527965,-17.67951057,0.6273066775,0.5786463093,4,0.0,0.0355029586,0.0781693736,0.1157202709,0.4992911927,0.3107564378,-0.107706237,0.0141486279,-0.001453325,0.7295439522,0,3.0964103644,-0.025001043,3.0964103644,-0.025001043,2.6691660029,9.0760845234,0.1079335922,0.0,0.0,0,,0,0.0,0.8113881326,6.0,1.3907575897,0.0008767846,-0.052357614,0.4536336706,-0.479471234,0.7317180974,0.8902633602,-6869.617534,0.0558672041,11.7439122,-0.018210326,0.0161890397,0.0212625462,-0.269991908,0.5597973679,-0.008183763,2.0,-0.005434783,-0.368582789,-0.026667137,4.0,11.701021281,0.4517518332,0.9952770571,0,-0.168614603,0.055706501,0.0288215855,0.0398433103,0.3470708127,1.7687083695,4.1089044e-08,1.9663782e-08,1.7316877983,2.9987426307,0.0310670858,0.0472598521
13037,0.8110131573,0.0254000252,-22.47767082,0.0,7.6273475933,0.2482939778,0.0158839357,0.3517203843,0.0316161571,0.0013250883,0.394225047,-0.013432149,-3.881845724,0.1239990046,0.0134321492,4,0.0,0.0078740157,0.2130834635,-0.19261466,-0.02620417,0.2482061318,0.1533265369,-0.000247483,0.0505210051,0.6290965557,0,1.2506038218,0.0903317436,1.2506038218,0.0903317436,0.8082392385,0.035565572,0.0045662885,0.0,0.0,0,,0,0.0,0.2556566811,5.0,0.033279517,-0.001198511,-0.035876018,-0.109209744,-1.344382276,,0.0444613634,-5329.545982,0.0286434127,12.283794435,0.000287486,0.0012035679,0.0132338668,0.0115890395,0.0252486846,-0.00567318,8.0,0.0034673407,0.1174005398,0.0256643868,4.0,11.235145771,0.0407377589,0.3255992962,0,0.0654744878,0.0250224043,0.0108975566,0.0197706157,0.6101346226,0.8202730166,5.0740918e-08,8.9794339e-08,0.4390979453,0.1928070056,-0.100116643,0.017083872
10966,-0.16073634,-0.253124718,9.5728468841,0.0,0.3951518398,0.2403612866,-1.197678681,-0.407563936,0.490319318,0.1239331027,0.0036301594,-0.329318362,-0.409881423,-0.149373599,0.3293183623,4,-0.00834751,0.1506849315,0.5362199689,0.0198524927,0.0339361907,0.3214862682,-0.110088736,0.0074772432,-3.068634317,0.7535335041,0,5.8940695297,-0.518073274,4.5795501022,-0.568397821,2.0468597858,5.8555013928,-0.634525492,0.0,0.0,1,1.0,0,1.0,7.0684064848,3.0,-9.758157837,0.3060817222,0.0681227799,-0.188094483,0.9631912797,-0.819051057,-0.076180356,-3044.139393,0.0318276958,12.071452232,0.0,-0.117177359,0.8439093484,0.0283178298,0.7316745289,0.0181570104,3.0,0.0048543689,1.3909211671,0.1783919781,4.0,11.300022326,-0.116034154,0.5898595045,0,-0.095378135,0.026978435,0.0130765233,0.037106725,0.7160907835,4.024219602,1.6053125e-08,2.1662173e-08,0.819440212,0.6714822611,-0.48916974,0.082480143
13036,1.0886581055,0.0287050439,-10.96310985,0.0,7.6768174191,0.3440799451,0.0272116293,0.0368536291,0.037238331,-0.135106155,0.0533367513,-0.007526698,-2.257533146,0.0935076318,0.0075266981,4,-0.005792035,-0.106145251,-0.037145808,-0.20446756,0.030739518,0.0766007375,-0.107301293,-0.006664075,-0.066189854,0.5786136202,0,0.9724899276,0.0856289516,0.9492027399,0.0989898095,0.5247282704,0.057834226,0.0052450678,0.0,0.0,0,,0,0.0,0.2700320513,7.0,0.0241658539,-0.000326622,-0.149895285,0.1684352046,-0.409778935,,0.0139699906,-5411.773322,0.0286434127,11.528971043,0.0003110677,0.0014579362,0.0118756694,0.0100509244,0.0698935648,0.0007025438,2.0,0.0062573848,-0.790279096,-0.005960608,3.0,10.491174203,-0.252469402,0.2136344626,0,0.0654744878,0.0286405422,0.0157530183,0.0213953658,1.5071070918,0.8423758245,8.347685e-07,1.4807169e-07,0.0949066488,0.009007272,1.0096814644,0.0198385135
13263,0.0692592737,-0.069973205,7.9768067761,0.0,0.0502702922,0.0172705524,-9.606745199,0.0636514221,-0.599173804,0.1287650602,0.5255054593,-0.122916238,-0.20368538,-0.055720686,0.1229162384,3,0.0,0.4473684211,0.9475233585,0.5022589059,-0.564090136,0.6725663717,1.3203539823,-0.000333306,-0.127974277,0.9576840281,0,5.7973570718,-0.360941651,5.7973570718,-0.360941651,0.1535217378,6.474893617,-1.679500293,0.0,0.0,0,0.0,0,0.0,-0.881843516,3.0,49.332317509,0.0274762731,0.238745181,-8.751143402,-0.263096018,-0.42660587,-8.81307267,-4666.328707,0.0248274717,13.612222261,0.0,-0.132502848,-0.169572839,-0.004304691,0.9734194038,-0.002664586,0.0,-0.013247404,1.9907635474,0.0340974256,4.0,14.911170037,0.0576268548,3.1713380774,0,-0.25352422,0.0542168543,0.0287440358,0.0531168786,0.2824829202,3.1453335098,2.6458405e-09,9.4356697e-09,1.3236757568,1.7521175093,0.1000908675,0.0856608394
13019,0.6936751804,-0.174515861,-0.013301825,0.009330003,0.2212910668,1.8121751795,-0.447127104,-0.037238027,-0.139269593,0.154583921,-0.209820483,-0.0473681,-0.278788794,-0.125862795,0.0473681003,3,0.0501778549,0.5145631068,-0.014840207,0.2530393996,-6.045797775,0.0694006309,-0.646056782,0.058296557,0.0042831659,0.7635532865,0,4.4377532573,0.225202885,4.0897076242,0.1555627211,3.1550021222,8.7514239348,-0.692724214,0.0,0.0,0,,0,0.0,-0.235450114,3.0,-0.831564826,-0.129493623,0.2554878972,9.4138938933,-7.939402196,0.50045689,-0.216873284,-7590.461159,0.0257826007,12.043229118,0.001800656,0.0192804059,0.0231511986,0.0335689544,0.4509515473,-0.002198818,1.0,0.0357407438,-0.268245581,0.0802203524,1.0,11.752627188,-0.146040279,0.7360340042,0,0.080304809,0.2602117658,0.0643215051,0.0604837832,0.7926253994,4.9368051147,5.1459871e-08,2.1379108e-08,2.2368055368,5.0032990095,0.0765399894,0.0779872654
14107,0.5719701052,-0.437646194,0.61699141,0.0,0.0546740791,0.0,-17.17196532,2.3874659401,0.0,0.8520740487,0.5512589928,-0.197854095,-0.172943221,-0.361958251,0.197854095,4,0.0,1.6666666667,,,,0.1097560976,-0.709469154,0.0365155678,3.3337725082,0.970094583,0,11.542282673,1.9567821793,11.542282673,1.9567821793,0.0,,-9.721536835,0.0,0.0,0,,0,0.0,0.0,3.0,,-0.029412831,1.4580434266,-8.248432571,20.615510948,-0.42660587,-9.119310235,-5484.264757,0.0248274717,10.770699791,0.0,-0.260171222,-0.286523657,0.0,0.9519584955,-1.966666667,0.0,-0.787671233,-0.429998941,-0.067210019,4.0,11.325002485,-0.691352501,1.8001517477,0,-0.25352422,0.0800000206,0.0430563138,0.0809228506,0.4923738451,3.0288303312,1.2490468e-07,1.7635842e-08,1.7524837896,3.0711994328,0.3693736228,0.1192777236
14683,1.0514969116,-0.028828972,-183.1412575,0.0,7.3039983099,7.5184831141,0.0524644401,,,,,,,0.6273066775,,1,,,,,,0.1657629964,,,,0.545454161,0,1.7861263182,,1.6916570275,,1031.9492386,4.9362289618,0.279341012,,,1,0.2812793979,0,,,,,,,2.1881889411,,0.5354687929,0.59592644,-2223.36318,0.0279332649,9.3270178438,-0.006347679,-0.023030055,-0.23456993,-0.954296447,0.0770170516,0.0929848023,1.0,-0.595392716,0.8157644022,-0.083582956,3.0,11.810304186,,3.6582609286,1,-0.500704589,0.2087286562,0.1131541982,0.1321902001,0.7952115925,42.795459029,2.0126052e-07,4.4817138e-09,3.3482519805,11.210791325,-0.039361473,0.150633626
13041,0.2444077651,0.0567736371,3.3997410415,0.0330098298,1.3954874558,0.5312797212,0.0664525565,0.0269074715,0.2648655781,0.0196752454,0.0189892431,-0.094849599,-2.707218506,0.2104722782,0.0948495989,4,0.0,0.0431778929,-0.029010724,-0.012969196,0.0019293346,0.1055533693,-0.057715239,0.1418109847,0.0734829092,0.4545343262,0,1.2124711316,-0.393570517,1.2124711316,-0.393570517,5.7202566869,7.991114637,0.1275369617,0.0,0.0,1,1.0,0,0.0,1.6819176908,6.0,-0.15503601,-0.059972305,0.0033790151,4.6532534396,-0.159489513,-3.277617903,0.932890285,-14450.54483,0.0314049921,12.601010031,-0.008003215,0.0019677135,0.0125562035,0.0016229541,0.1666942188,0.0499568981,0.0,-0.002467105,0.0211494405,-0.011052589,5.0,12.910149392,0.0672475097,1.023636702,0,-0.107492679,0.0255387593,0.0110241274,0.0222410246,0.5062711912,2.6005010577,8.0708363e-09,2.388467e-08,1.0857482514,1.1788492655,-0.054721835,0.0517943874
13579,1.052754867,0.0121575417,-15.66232319,0.011412932,5.3329302902,0.2424168228,0.0132613228,-0.019224011,0.0330362639,-0.134311412,0.0021781117,0.0024529059,1.3010026155,-0.003659452,0.0024529059,3,-0.008557021,-0.046931408,-0.151568267,-0.316222615,-0.015223287,0.1498011115,0.0901240616,-0.010281404,-0.114967609,0.3871952581,0,0.6468187462,0.1783365084,0.6377204218,0.2051837831,0.7119881391,0.0853069476,0.006244191,0.0,0.0,0,,0,0.0,0.1808258483,3.0,0.0056949635,-0.002664494,-0.090681442,0.1325319661,-1.536878229,,-0.083197093,-4743.724972,0.0286434127,13.284050115,-0.000468749,0.0003424134,0.0022777077,-0.003344852,0.042429808,0.094850352,1.0,0.0004870921,-0.262612809,0.0599241275,3.0,13.459401852,-0.256465665,1.3523924685,0,0.0654744878,0.0301943813,0.0142934654,0.0200368249,0.533358385,4.4704449146,2.5573261e-09,1.3433556e-08,0.7337859449,0.5384418129,-0.035170441,0.0217596564
13085,0.4514649624,0.0338598722,0.9785825383,0.0033441849,0.593592821,0.7256881248,0.0978952521,-0.034954407,0.2431610942,-0.086528335,0.0267534346,-0.081206497,-2.592592593,0.121644726,0.0812064965,4,-0.037509667,0.0,-0.008,0.0401927711,0.0238730159,0.1292517007,0.4273883466,-0.083586626,-0.106699752,0.6664492126,0,19.798245614,0.1427175321,13.01754386,0.2302294197,3.7986870897,1.6903602726,0.0713521227,1.0,0.0,1,0.9949579832,0,0.0,0.4954507858,7.0,-0.028602273,-0.043885823,-0.018629928,0.1935129874,-0.248637585,-0.931162932,0.0014228747,-1798.387682,0.1744310206,14.385119393,-0.001445249,0.0092781029,0.0196040269,-0.002770616,0.1754797238,0.153733383,0.0,-0.001027297,5.1387857567,-0.16777318,4.0,15.413037313,0.1942630234,2.3665509013,0,-0.165367998,0.0279126819,0.0259103242,0.0289864639,0.5996703207,9.8826731477,9.950834e-10,8.2441405e-09,1.075787907,1.1573196209,0.0525667522,0.0300036859
13105,0.2430673044,0.0229645649,26.266285836,0.0,0.3704440466,0.2771797484,0.0739597568,0.8156809365,0.2580996016,0.1825607637,0.8047272058,-0.018591465,-0.385116301,0.0318085931,0.0185914648,4,0.0,0.4090909091,0.4081717615,0.1551183575,0.024295824,0.0305384687,-0.338644697,0.5968314445,0.8326329804,0.3440348041,0,1.6521207227,0.3056359693,1.6521207227,0.3056359693,10.682698852,7.2802449453,0.1110902369,0.0,0.0,1,0.4662944623,0,0.0,0.55722369,7.0,-355.6388621,-0.055789151,0.2287139223,-2.116348222,-0.698913205,0.3664302788,-0.105559701,587.76200218,0.2277833408,15.524716916,0.0023200534,0.0075056318,0.0176858484,0.0395299171,0.012245856,-0.008784196,0.0,0.0007544892,0.2283040347,0.1225803345,5.0,16.074617628,0.132489132,1.9049312958,0,-0.166303822,0.0383669473,0.0206249593,0.031089259,0.3498567296,2.3728073215,5.013622e-10,1.4195947e-08,1.156197498,1.3367926544,0.0075951314,0.0373869431
14471,0.7690908073,0.0917427227,-18.60852508,0.0014238551,5.1593774574,0.2808680483,0.0267929181,,,,,,,0.0986458956,,1,,,,,,0.1979106705,,,,0.5715235815,0,1.0090185174,,0.9777588378,,1.0961589999,0.0663180697,0.039190998,,,0,,0,,,,,,,-0.151132094,,,0.0191082544,-4508.213542,0.0286434127,14.075389872,-0.000605658,0.0031218724,0.0261414968,0.0083667021,0.0506703915,0.0119517988,2.0,0.0018018018,0.0186163629,0.0197799848,3.0,14.345440815,,1.449317056,1,0.0654744878,0.0254566129,0.0117701379,0.0203889904,0.3410537739,1.9116290994,1.4341245e-09,1.9647075e-08,0.5455591298,0.2976347641,-0.033323326,0.021906574
13203,1.1155355609,0.0401715781,-22.99208843,0.0039109077,10.981489764,0.4635216865,0.0160893777,0.1670483294,0.0358523074,0.0078705728,0.1798212911,-0.002691129,-0.752391671,0.0703963388,0.002691129,3,-0.00057969,0.2,0.1582871992,0.0028918307,-0.018036107,0.1588062883,0.72645122,-0.000741516,0.0546495971,0.6328826215,0,1.0971213395,-0.02840993,1.095849566,-0.02754894,1.0584894946,0.0462483027,0.0052880223,1.0,0.0,0,,0,0.0,0.3513432644,3.0,-0.051078777,0.0003633741,0.156249966,0.1953126601,-1.492943556,,-0.009141302,-5454.247567,0.0286434127,10.789143453,0.0001898595,0.0012457112,0.0138685264,0.0156243085,0.027108725,-0.026554401,3.0,0.0041544404,8.6410052323,0.00018059,2.0,10.766883748,0.0247747919,0.4263250644,0,0.0654744878,0.0134592326,0.0102877816,0.0104534177,2.1904643941,1.8281405615,2.302373e-06,1.0000000908,0.1104343585,0.0121957475,1.2995019792,0.0170117053
13202,0.3562792543,-0.214190596,1.623935905,0.0,0.0396673036,0.0,-9.013893539,-0.212452399,0.0,0.0762397347,0.2646193218,-0.147050154,-0.308498079,-0.148113208,0.1470501541,3,0.0,0.5666666667,,,,0.1511504425,-0.595864707,0.0202936269,-0.244197333,0.9717807074,0,10.355932203,-0.207319946,10.355932203,-0.207319946,0.0,0.0,-5.982370889,0.0,0.0,0,,0,1.0,0.0,1.0,,-0.029412831,0.3580434266,-8.464123422,42.723844281,-0.42660587,-8.905465192,-5298.218697,0.0248274717,11.017852598,0.0,-0.113820599,-0.123302544,0.0,0.9734194038,-3.1,0.0,0.0670391061,-0.742151067,-0.004672685,5.0,12.306908286,0.6750523567,2.836153763,0,-0.25352422,0.1772151738,0.0519507081,0.0867106108,0.7782693649,10.537170676,6.2292692e-08,8.4971195e-09,2.2730083959,5.1665671678,-0.04725719,0.0929786169
13314,0.183024616,0.0253944519,4.5916266571,0.0,1.0206053565,0.5223530441,0.062331575,0.5123529885,0.2808879611,0.0260724187,0.6711287651,-0.088852208,-3.732185614,0.1201712599,0.0888522081,3,0.0,0.1820136152,0.2225374121,-0.063388458,-0.023875218,0.8547716664,0.0017098164,0.0309720393,0.1759038247,0.1580124021,0,1.2609720626,0.0696207972,1.2609720626,0.0696207972,6.2619129767,4.1985067721,0.0909694054,0.0,0.0,1,1.0378670699,0,0.0,1.426422426,4.0,-10.14107527,0.0750395976,-2.259452534,3.9610473852,-0.139116951,-0.22142371,1.1147435379,699.41204162,0.0288563477,15.95869721,0.0006918178,0.0065858958,0.0424915282,0.0185315992,0.0470622701,-0.026187401,2.0,0.000667854,1.2254171949,0.0743084571,6.0,16.588906504,-0.195071406,2.2124036264,0,-0.111549313,0.0403315388,0.0151970526,0.0213342917,0.3737877641,4.0870900895,1.147905e-10,9.740148e-09,0.7461734482,0.5567748148,-0.024696877,0.0274383962
13107,0.1742933245,-0.084106791,2.9087899361,0.0,0.2389095144,0.0071608315,-0.501718122,0.2102272815,-0.223345417,0.0023600909,1.9955782246,-0.059867353,-0.268572964,-0.061517981,0.059867353,4,0.0,0.8378378378,,,,1.4175864606,2.4859950082,0.0032479777,-0.33392383,0.6178022808,0,10.281587541,-0.34442348,10.281587541,-0.34442348,0.0282279868,6.1318631863,-0.51516266,0.0,0.0,0,0.0,1,0.0,-0.296648229,3.0,,-0.010434407,0.6292145978,-8.646109351,18.241406264,0.5733941298,-8.818869965,-3644.653957,0.0248274717,13.188056084,-0.001106398,-0.148784924,-0.494030269,0.0,0.6794824204,-9.4,0.0,-0.007285776,0.0559367476,-0.054510868,5.0,15.119931777,-0.834932359,7.7880737769,0,-0.25352422,0.0599656887,0.0559925869,0.0886359889,0.7867252224,52.442180227,1.2701505e-09,1.5517634e-09,1.6354182952,2.6745930003,-0.06500889,0.1251346227
13730,0.5577965165,-0.017507994,-4.403327594,0.0405742039,1.6039441205,8.2257963184,0.0383701199,0.1772800267,0.0925162581,1.066834741,0.2980931996,-0.102925507,-12.9341214,0.208942521,0.1029255067,3,-0.071436539,-0.012103746,0.03533413,0.1113891508,-0.272761976,0.0446144465,-0.286999281,-0.023589834,0.8623408191,0.4678678255,0,1.5210251085,0.1367117387,0.8065804091,0.7568859263,49.835387171,35.968202457,0.0155361811,0.0,0.0,1,0.8072756038,0,0.0,0.4617858835,3.0,0.1916485963,-0.233633038,-0.03538729,0.848980162,0.3550448102,-0.718180733,0.3699974809,-14745.9961,0.0739470786,14.962188593,-0.01424763,0.0077202233,0.0299443345,-0.842285313,0.0925813013,-0.006613594,0.0,0.0283386468,-0.047304776,0.0977186747,2.0,16.189763918,-0.260619315,3.8131086985,0,-0.13824669,0.0471610464,0.0262410817,0.0407212091,0.34415423,5.9861811304,4.149065e-10,6.2396027e-09,1.0311431845,1.063256267,0.0328742573,0.0496584018
13977,0.314016001,-0.253389609,1.2816064886,0.0,0.3860231467,0.0084223034,-0.362233994,0.3362669729,-0.039455114,0.1766354133,0.5064650122,-0.179867101,-0.516328465,-0.122557341,0.1798671014,2,-0.004600047,0.3703703704,-0.421013133,-0.575139749,2.2489026118,0.002932419,-0.761094135,0.6163878933,-0.115047379,0.6688110994,0,2.4931004367,-0.532348409,2.4144104803,-0.535290942,0.0302294144,0.4431361287,-0.784627675,0.0,0.0,1,0.6342885176,0,1.0,-0.147612602,1.0,29.998789547,,0.1617471303,-8.506386675,5.9967954852,0.5733941298,-8.879909325,-5364.161917,0.0248274717,11.714424454,-0.000289332,-0.037096274,-0.10410607,-0.000845741,0.1974919458,-9.4,1.0,0.0261682243,-0.446066413,0.0550143151,5.0,10.368880524,-0.141809191,0.3113172585,0,-0.25352422,0.0853658319,0.025905156,0.0449646409,0.6633495268,0.776179388,1.1447541e-07,7.7155331e-08,2.7351925855,7.4812784797,0.0765981817,0.0938413354
13318,0.1473703237,0.0091388894,9.1886944862,0.0,0.0103984841,0.094597641,0.0433520315,0.2203063315,0.6827126015,0.0288822417,0.4070658439,-0.037462455,-0.588353028,0.0145157827,0.0374624551,3,0.0,0.3664314516,0.6204096348,-0.049290604,0.0159573799,0.2660888131,-0.20001181,0.0880252414,0.2089836644,0.6747179068,0,12.385070497,-0.257519134,12.385070497,-0.257519134,1.0320548919,10.607029472,1.4979575739,0.0,0.0,0,,0,0.0,0.7241034116,6.0,-9.986508219,0.0983358128,-2.075034697,3.9253930929,0.1002257381,-0.784512161,1.0090880606,-243.4552284,0.0288563477,14.166107569,-0.007416016,-0.010901189,-0.011778508,0.0251539785,0.482648596,-0.045342557,0.0,-0.001385042,2.7197440295,-0.0589993,7.0,15.981276128,0.3789560551,7.4318965855,0,-0.111549313,0.0431910753,0.0173872653,0.0404220059,0.2950185416,5.2911450479,4.648147e-10,4.8067502e-09,2.2770212614,5.1848258249,-0.029667873,0.0744975502
13159,0.6216472846,-0.179698844,0.5464852855,0.0,0.1657890636,0.0,-1.091824221,-0.111858981,0.0,0.1725216251,-0.025694157,-0.042672171,-0.198763858,-0.143981208,0.0426721709,4,0.0,0.1428571429,,,,0.4423076923,2.4859950082,-0.003708417,-0.13232363,0.7812385398,0,17.283051263,0.9368296294,17.283051263,0.9368296294,0.0,,-1.068587322,0.0,0.0,1,1.0,0,0.0,-0.012770984,3.0,,-0.029412831,-0.065766097,-8.198755391,-0.651155719,-0.42660587,-8.901333192,-5433.920597,0.0248274717,12.03957127,0.0,-0.216979892,-0.324994184,0.000204001,0.7542134831,1.572,0.0,-0.126923077,-0.385472122,0.0628650337,4.0,11.235132965,0.3127442331,0.521088828,0,-0.25352422,0.0775623843,0.0341028796,0.0706866652,0.8474380296,3.0115033634,5.126509e-08,2.8570273e-08,1.0300700474,1.0610443026,-2.246688685,0.1132103579
13280,0.7754453855,-0.236036069,-0.393398438,0.0,0.433630257,1.9454402745,-0.134110931,-0.114334996,0.6503630213,0.0009866618,0.053107545,-0.13645614,-0.744103318,-0.060400847,0.1364561396,3,0.0,-0.308310992,-0.046759147,-0.452414992,-0.02117225,0.3388418826,0.0263629928,0.0777788177,-0.186651605,0.7297316495,0,2.188931125,-0.144775093,2.188931125,-0.144775093,4.1632421875,5.2043068509,-0.337047113,0.0,0.0,1,1.0,0,1.0,0.9270739599,2.0,-10.23543017,0.1331986711,-2.727180435,4.5534681547,-0.973145086,0.1119278668,0.934171431,-4179.637558,0.0288563477,10.652509007,0.0188577821,-0.014828855,-0.022221161,0.0029683059,0.1821319108,0.0412225259,1.0,0.0222222222,2.2899831196,0.0075334338,3.0,9.7982714539,0.4843926981,0.2661714743,0,-0.111549313,0.050724674,0.0216630378,0.0392572914,0.9088828594,0.4469494995,1.6390819e-06,1.8363755e-07,1.3274731305,1.7621849122,-0.194532197,0.0610842855
14244,0.0723226029,-0.017753637,50.361352362,0.0,0.6386932673,0.2610491348,0.0217874225,0.1044348355,0.2492950388,0.0492678352,0.0968749466,-0.111649571,-4.335893545,0.0592242441,0.1116495706,2,0.0,0.1356624319,0.2105513016,-0.214169369,0.1267043588,2.3519714271,-0.061043447,0.0236682273,0.1191308419,0.0408956194,0,0.4393939394,-0.282583248,0.3051420189,-0.282583248,18.687544505,61.743456524,0.0616747027,0.0,0.0,1,1.0,0,0.0,2.1594653703,6.0,-9.888382859,,-2.305803717,3.8503453721,-1.101636466,0.1119278668,1.053796522,-1821.676538,0.0288563477,14.223727759,0.0029539125,-0.008784484,-0.083452479,0.0161398519,0.0196241838,0.0759135803,0.0,0.002245509,5.1155523687,-0.147320468,4.0,13.702019655,0.0766242563,0.7409274529,0,-0.111549313,0.0693257824,0.0289293921,0.0441225325,0.5614862803,1.7703014958,5.5511059e-09,3.8087619e-08,2.0827618028,4.3378967271,0.0522798165,0.0558084173
13168,0.10543104,0.0211799245,15.935136519,0.0,0.0781595443,0.1167707341,0.2528653295,0.32992626,0.8187294893,0.0049501818,0.3705068246,-0.093822461,-0.712389381,0.0362682778,0.0938224611,4,0.0,0.3847297967,0.3189916806,0.131445968,-0.017946421,0.3333333333,-0.228524385,0.096297116,0.3013603554,0.3957580398,0,1.9606299213,-0.244444274,1.9606299213,-0.244444274,2.2131438721,8.2516556291,0.403456695,0.0,0.0,0,0.0,0,0.0,1.3846474181,4.0,-10.16242635,0.1460323252,-2.056736352,3.8834538092,-0.354055375,0.3635081449,1.0308405557,6436.0603016,0.0288563477,15.965396739,0.0010224949,0.0324989021,0.0596293312,0.0067140189,0.3121019108,-0.085102285,1.0,-0.00031736,0.7630360064,-0.058034257,7.0,17.32678917,-0.269926953,3.7076003592,0,-0.111549313,0.0387301967,0.0205683289,0.0305100767,0.3146853744,4.0468621534,1.560938e-10,7.8011341e-09,1.4947522444,2.234284272,-0.079841836,0.0547533846
57913,0.8696127646,-0.238987105,0.0229276042,0.0,0.1238728974,0.3078053814,-0.688073394,-0.303508772,0.1938596491,0.0999401726,-0.607215241,-0.098241986,-0.497382199,-0.120119173,0.0982419855,3,0.0,-0.548387097,-0.641921397,-0.315718189,0.6993376653,4.743872549,2.4859950082,-0.239473684,-0.20023015,0.8402518892,0,7.8666666667,1.0931091329,7.8666666667,1.0931091329,0.4270833333,1.9523809524,-0.972972973,0.0,0.0,0,,0,1.0,0.2543153049,3.0,-16.71219801,-0.361118736,-1.018229313,0.8022786956,11.367003655,-0.681521478,0.2131085302,-5155.377039,0.0238858186,11.02275384,0.0,-0.083123426,-0.094964029,0.0130716801,0.8056338028,0.0653182291,1.0,0.003921504,-0.674637494,-0.024248371,6.0,9.478839625,-0.028873092,0.1877760524,0,-0.25352422,0.1213235036,0.0487217801,0.0669223922,0.8969587816,0.9420808647,1.3063008e-06,1.5603073e-07,0.9243346724,0.8543945867,0.1420165132,0.0777292924
12629,-0.041823068,-0.264998482,1.353959037,0.0,1.2347389429,1.5782952608,-0.104780894,-0.15588701,0.2924726883,0.0002349624,0.0047530668,-0.138366809,-0.680385901,-0.084697251,0.1383668092,4,0.0011032846,-0.022995114,-0.048978652,-0.03324416,0.0226572576,0.1340194668,0.041396698,-0.014317248,-1.226904257,0.6122649664,0,1.6307148807,-0.208974304,1.185670485,-0.259275825,6.816271941,8.3545882043,-0.160096231,0.0,0.0,0,,0,1.0,2.0426779166,3.0,3.0217594251,0.154384761,-0.190235644,0.7733313903,-1.324012001,-2.064585893,0.0069515559,-4676.784767,0.0446872923,12.095402697,0.0016052874,-0.120777671,1.0433494835,-0.175365659,0.1591808379,-0.039598739,0.0,0.004552352,2.1990051618,-0.226957131,3.0,12.785963341,0.0100968639,2.0442856182,0,-0.101630079,0.0487804413,0.024055998,0.0379397515,0.5474737988,1.9290793884,3.4377048e-08,3.0918996e-08,1.6630147547,2.7656180744,0.4435678237,0.0790514552
92185,0.1787171928,-0.01278415,4.4817314931,0.0,0.1729887141,0.6992714283,0.1721360872,-0.12052533,0.775060986,0.0230814099,-0.242461875,0.0057954391,0.1703637977,-0.014962106,0.0057954391,12,0.0,0.1044776119,-0.111858693,0.0544892997,1.1432318248,0.5139980354,-0.00094353,0.0339252283,0.04179065,0.5117155298,0,1.2143191025,0.0419277602,1.2143191025,0.0419277602,4.8341436637,47.129204893,0.0546055793,0.0,0.0,0,,0,0.0,1.8036103948,4.0,-9.966247813,-0.219876524,-2.336988537,3.9567399621,-0.961965782,-0.003295862,0.9796101721,-4146.265518,0.0288563477,11.014326417,-0.009692996,-0.024516091,-0.044267327,-0.045718967,0.4533036377,0.0482249486,0.0,-0.010416667,-0.210456845,0.0149070909,2.0,9.3592912835,-0.148761241,0.1893687708,0,-0.111549313,0.0833332539,0.0328633052,0.0524288427,1.0265543738,1.0179074428,6.3742256e-07,8.2334589e-08,0.7799037701,0.6082498906,0.1363338515,0.0503470275
90542,0.2107442026,0.0572403909,2.7515766602,0.0,0.0811574409,0.2395763327,0.9227535636,0.427682943,0.3221295929,0.0038567869,0.1616109462,-0.143537192,-0.622341264,0.0928634481,0.1435371925,11,0.0,0.0833333333,3.499465812,2.7026186714,-6.045797775,2.6094674556,-0.154839875,-0.001896696,0.5658000536,0.9009349028,0,8.9121863799,-0.020405943,8.9121863799,-0.020405943,0.9309619765,42.709003215,0.8633703571,0.0,0.0,0,,0,0.0,0.4893460198,6.0,-12.01158966,0.5207043639,-0.222774767,0.1434101336,11.016197204,-0.653265324,0.4260911516,-5124.414429,0.0238858186,11.490865995,-0.006104252,-0.152408317,-0.21110065,-0.231354435,0.8741806264,-0.107991302,1.0,-0.082191781,-0.340571279,-0.00977526,4.0,10.850823385,-0.222301117,0.634594563,0,-0.25352422,0.0620915219,0.036244849,0.0664154868,0.7443719348,1.7969463198,1.6582346e-07,3.8867857e-08,1.3897583805,1.9314283562,-0.20458446,0.0713283759
91021,-0.117442624,-0.769659061,1.9062623171,0.0240775916,0.9149278835,0.1564940469,-1.353487986,-0.079434142,0.1292677128,0.3932823785,0.1411066584,-0.174253209,-0.188342967,-0.62469919,0.1742532094,12,0.028101363,-0.32173913,-0.377008855,0.3039669832,-0.100453903,0.4921036008,-0.681793132,0.035235378,-2.820561941,0.4928528113,0,1.3624426714,-0.173675776,1.0590563548,-0.244060048,0.5196279579,5.5867647059,-0.877970941,1.0,0.0,1,1.0,0,0.0,0.340357599,2.0,44.848019954,-0.127216564,-0.53036237,-8.9378453,0.820905938,-0.42660587,-9.223719573,-5498.814589,0.0248274717,11.06491185,0.0,0.0326928037,0.6730088496,0.0254456893,0.4469207935,-0.087554079,0.0,1.1243243243,0.2452938989,-0.048865501,3.0,11.144586227,0.4774602594,9.8670935927,0,-0.25352422,0.1315315515,0.0539191562,0.0922490581,0.7318285449,7.6747086055,7.9671184e-08,8.0034345e-09,2.3648645508,5.5925843438,0.0643148645,0.1272660965
93270,-0.063147271,-0.320244862,18.310348228,0.0,0.3949542108,0.0463822595,-0.989285624,0.1511716075,-0.732236272,0.2737549354,0.4813252773,-0.405328118,-0.392387368,-0.194584824,0.4053281182,6,0.0001023326,0.3301435407,-0.104227653,0.0731917015,0.6999880727,0.0744240189,-0.00400629,0.1961892183,-3.068634317,0.5446645242,0,1.1487898604,-0.316917861,1.1386098564,-0.315972005,0.8949194042,8.6,-0.915664962,0.0,0.0,1,0.8832914888,0,1.0,-4.428422697,1.0,-3.744886515,-0.028737063,0.2216166049,0.2375708496,-0.447160859,-0.802388916,0.7394338471,-2828.229926,0.0352290716,11.442235317,0.0,-0.274771856,1.0433494835,0.0132561694,0.0790826295,3.1477704383,1.0,-0.408204919,0.1413730846,-0.051559323,4.0,11.703314403,0.5047422234,9.8670935927,0,-0.095378135,0.0746495575,0.0353523286,0.0637120132,0.397587733,1.037474833,1.0064788e-07,3.7560728e-08,0.4821139048,0.2324338172,1.1791302914,0.1101161919
13748,0.5909706273,0.0342171904,4.2128287102,0.0,0.5856338559,0.6923400241,0.0430797339,,,,,,,-0.046072935,,1,,,,,,0.9747418722,,,,0.4963758428,0,36.038963114,,2.9256462387,,9.9843285725,55.256592391,0.0042500373,,,0,0.0,0,,,,,,,-0.265616807,,-3.39269878,0.1673511684,699.07387634,0.0665802826,14.446652998,0.007715519,0.0161438626,0.0328119777,0.0803632325,0.0311692894,-0.002131359,0.0,0.0061115355,0.7477123154,0.0120899454,2.0,15.501283045,-0.01528093,2.3079108248,0,-0.105045736,0.0320404842,0.0196596957,0.0285936342,0.3774777177,3.7702457409,6.849859e-10,1.1470799e-08,1.2437831822,1.5469966043,-0.004157046,0.0401936725
13112,0.0319228328,-0.034494815,7.6650477966,0.0,1.6391845117,1.9260361278,0.067857309,0.109598674,0.3996684916,0.0540856031,0.1459016393,-0.039619048,-1.824561404,0.0284430927,0.0396190476,6,0.0494285714,0.1666666667,0.1128545828,-0.060981806,-0.027167586,0.4336134454,0.0965371568,0.0735345823,-0.577577578,0.2847746141,0,1.5881104034,0.0202474977,0.8656629994,-0.09362363,43.154237288,7.6482427155,0.0283890682,0.0,0.0,1,0.2587725847,0,0.0,6.9069069069,4.0,7.1199888125,0.0457398622,0.0284609701,-0.333690574,-0.683101314,0.0744744517,0.0207520498,-3129.073199,0.0410566741,13.552895815,0.0018987901,-0.00623026,-0.595041322,-0.023696824,0.0125746621,-0.001104174,0.0,-0.022429316,0.2970878282,-0.058630588,3.0,13.287808222,0.0436983194,0.5273552502,0,-0.131569503,0.0347898155,0.0194748309,0.0437144077,0.5304977538,1.6204416551,9.9407706e-09,5.0973648e-08,1.1956320325,1.4295359572,0.0406917383,0.0335945006
90199,0.1981448086,0.0424818478,6.739519978,0.0,0.4687184834,0.7935084807,0.0821937265,0.092691144,0.1428460791,0.0032055241,0.0559613133,-0.024209043,-0.365894535,0.0580257238,0.0242090431,11,-0.002087738,0.1818181818,0.2595932465,0.0523175759,-0.174508687,0.4912143195,0.4613800157,-0.002542576,0.1920286319,0.3577519297,0,1.2256441536,0.1089994752,1.2243070572,0.1151988291,10.871542848,4.0128545533,0.1440422209,0.0,0.0,1,0.3377087004,0,0.0,0.4681759799,7.0,3.1386086654,0.2675483757,0.1440736752,12.374286127,-2.028296252,0.5589813744,2.3752013325,10568.991718,0.0796288203,16.108410886,0.0004729113,0.0199889843,0.0606291613,0.0409117111,0.0598015962,0.0072096583,2.0,0.0015625,0.6901829354,0.0769839377,7.0,16.856513983,-0.17755646,2.1495585844,0,-0.186226261,0.0389386341,0.018069693,0.0232770884,0.2519840087,2.3294880061,1.748432e-10,1.2652571e-08,1.2650914357,1.6004563408,-0.014766397,0.0259813568
90272,0.4428648017,0.0176768519,0.005774635,0.0,0.8045048855,3.5963929721,0.0828929438,0.3026342481,0.4360564523,0.0033586949,0.4999482616,-0.059302516,-3.698587127,0.0830562286,0.0593025158,11,0.0,0.2884615385,0.3602052918,-1.075216209,-0.174748741,0.3201496526,0.0700693604,0.0248645202,0.0513867844,0.6534637375,0,1.8217182415,-0.163052833,1.8217182415,-0.163052833,8.7195720918,6.8592674923,0.0511599992,0.0,0.0,0,0.0,0,0.0,0.9653468608,4.0,-0.027411492,0.1925314498,0.2246679096,-0.408327111,1.2085636024,3.8964396284,-0.015427569,-6057.167838,0.0331128264,15.197331778,0.0058127791,0.0072498407,0.0218081601,0.0088135423,0.3339405347,-9.4458e-05,0.0,0.0003481086,2.7375089902,-0.080851147,3.0,16.145858959,-0.12857082,2.5960031938,0,0.048781298,0.0249973927,0.0190029913,0.0270858695,0.3394910212,3.8831470714,4.585558e-10,1.0783931e-08,0.7107792432,0.5052071326,-0.079569406,0.0436510727
15061,0.1458969322,0.0480230406,6.7134150976,0.0,0.0324401442,0.0750820741,0.8552664394,0.380540054,0.5713771377,0.0279067905,-0.169247261,-0.101059445,-0.323567866,0.0635617534,0.1010594454,11,-0.001073813,0.0714285714,0.1953278294,0.5592590508,-0.014743861,4.743872549,-0.364358062,-0.000954095,0.6187367769,0.8216579953,0,5.3253012048,0.6494633891,5.3065248005,0.6545058313,0.6134597481,2.2553087455,1.3938585648,0.0,0.0,0,,0,0.0,0.8189277052,4.0,47.33507699,-0.2381131,-0.137194669,-8.674505744,0.548844281,-0.42660587,-8.693790231,-5117.343207,0.0248274717,11.956500673,0.0411086418,-0.020859808,-0.041877693,0.0129603633,0.2723178757,0.0062632742,0.0,-0.112814308,1.04609613,0.138917055,3.0,8.409333977,,0.0453219741,1,-0.25352422,0.1002004072,0.033733697,0.0452677512,1.4440022068,0.2685576021,2.0751786e-06,3.9911997e-07,1.6324796921,2.6649899452,0.0811758951,0.072566415
90276,0.0928056095,0.0141218114,8.596646252,0.0110353795,0.3780127879,0.2817478587,0.0661310409,0.3347999604,0.473524292,0.0039239491,0.3893124869,-0.089692464,-2.615305762,0.0510546662,0.0896924644,11,0.0,0.1376594149,0.1202897084,-0.037305597,-0.049969761,0.9010951946,0.034409853,0.0222187628,0.1508691131,0.2521652903,0,0.6835612013,0.0611265071,0.6835612013,0.0611265071,3.6310246777,7.2806908917,0.1131922481,0.0,0.0,1,1.0,0,0.0,2.0340340712,4.0,-10.13668887,0.0722415906,-2.303806734,3.8708283787,-1.122127199,-0.308765967,1.0456269441,-2231.137478,0.0288563477,14.891839647,0.0036089015,0.0092487374,0.040516248,0.005400364,0.0959706882,-0.001332131,2.0,-0.000356379,-0.065604268,-0.037579872,6.0,14.78249322,-0.256830894,0.9815497119,0,-0.111549313,0.0261290148,0.0142139042,0.0236272756,0.3675330458,1.6297477637,8.193822e-10,2.3907285e-08,1.0808057222,1.1681410092,0.0938319633,0.0331667223
90178,0.1250241197,-0.048125233,9.1993380136,0.0,0.0191392595,0.0067516473,-0.492525542,1.5672246926,-0.426162224,0.2111794421,-0.045644314,-0.259650362,-0.540390405,-0.022118819,0.2596503625,11,0.0,0.5515151515,0.0719570886,-3.701815015,0.9874768411,0.2299908004,-0.379854314,0.023943595,2.4632046962,0.6825493403,0,7.8289697275,0.6600517478,7.8289697275,0.6600517478,0.0725730632,1.2660189799,-2.421680959,0.0,0.0,0,,0,0.0,-0.662903602,2.0,42.383554903,-0.095234486,0.3428919115,-8.695378556,1.585738939,-0.42660587,-8.779470803,1941.325043,0.0248274717,15.562274321,-6.7927e-05,-0.05016557,-0.054516386,-0.000682813,0.7075961742,-0.002660055,0.0,-0.00012444,-0.142028577,0.0852416689,5.0,16.525481107,-0.063733952,2.5674314232,0,-0.25352422,0.0683447719,0.0305785521,0.0498832739,0.410551908,4.1484449202,4.511566e-10,1.0656518e-08,1.9342312898,3.7412506824,-0.095903517,0.0734477263
90188,0.2859697959,-0.007470401,3.4631238765,0.0,0.3105671623,0.3406426736,0.0836191285,0.1389415447,0.5360920269,0.0559820217,0.2095233952,-0.10484866,-7.91076555,0.0516261874,0.10484866,11,0.0140315581,0.1045655376,0.1127335724,-0.022653069,0.0238019512,0.5123556178,0.0394181452,0.0366668136,0.0742809571,0.4474576046,0,3.2846639584,-0.282091028,2.5650794094,-0.246990678,2.1019613141,6.409056902,0.0774158897,0.0,0.0,1,0.0018731514,1,0.0,1.0145252034,4.0,-10.06829069,0.0196659358,0.022003386,0.2586116527,-0.837269362,0.1809489431,0.1248194299,-875.9384633,0.0318276958,14.785591865,-0.000224519,0.0100796024,0.0194173885,0.0044870134,0.2652315632,-0.026844097,1.0,0.0016590626,1.4587363644,0.0066168937,5.0,16.027102877,0.0682355116,3.5116020843,0,-0.095378135,0.0534262173,0.0162081118,0.0249223979,0.5260015187,11.644394153,2.836628e-10,6.0846373e-09,0.7627613282,0.5818048437,-0.304100087,0.0421615285
90187,0.0320881343,0.0227869543,2.963147742,0.0,0.3363388181,1.1088261712,0.2177692447,-0.110730536,0.5100974989,-0.082972471,0.053631162,-0.044737763,-0.76836913,0.0402957466,0.0447377632,11,0.042709396,0.0343642612,0.0522390713,0.0006225086,-0.012408211,0.3460947995,0.1225768281,0.05939805,-0.662529245,0.7767258571,0,0.9873608954,-0.158901249,0.6918243008,-0.243952804,5.1928585528,127.70118662,0.095288104,0.0,0.0,1,1.0,0,0.0,2.2226080532,6.0,1.4092111743,0.1069494073,-0.145966781,-0.228743636,-1.264750902,-0.155567091,0.407668904,-4740.76745,0.1116949983,12.609134962,0.0021340587,0.0192695693,0.2233898305,0.0108139041,0.3306930888,-0.000456556,0.0,0.0,1.1151654456,0.1094466601,5.0,13.584711606,-0.476896627,2.4022740977,0,-0.152504436,0.0322265178,0.0190264645,0.0278621622,0.3594631648,3.4904008919,5.9782416e-09,1.1394751e-08,0.9702127234,0.9413127286,0.1732760516,0.0448728767
90164,0.1968833405,0.0354305413,17.411527287,0.0459605688,0.0664775862,0.2247554535,0.253002909,-0.04469141,0.2035275544,0.0102873997,0.0748917292,-0.173350736,-1.380589103,0.0843455606,0.1733507356,11,0.0,-0.043887147,-0.041504151,-0.031868797,-0.02015532,0.3123367199,-0.194828003,0.0010609824,-0.080542441,0.3520301644,0,15.296513558,0.5608544097,15.296513558,0.5608544097,5.4031016883,3.1540383205,0.5932902306,0.0,0.0,0,,0,0.0,0.2696112454,5.0,1.3699130415,0.0295464575,-0.13174772,-0.23766026,0.0548281143,0.0756403702,0.0563410264,-5834.551814,0.0558672041,13.394516792,-0.030852864,0.0016383783,0.0023756682,-0.049492145,0.0874443963,0.011702708,0.0,-0.016859852,1.0314656098,-0.082056129,5.0,14.807975834,0.2158174721,3.6373347636,0,-0.168614603,0.0713928267,0.0282833602,0.0387814422,0.3172406307,5.9409353743,1.875066e-09,5.8029579e-09,1.4049519944,1.9738901064,0.0551357704,0.0329082799
92457,0.1687678392,0.0216030466,20.574241138,0.0,0.5637819305,0.6135526974,0.1056425364,0.188966515,0.3321075589,0.0041914548,0.1979584446,-0.1309805,-4.076817447,0.1096747237,0.1309805004,8,0.0005787215,1.5074766355,0.2034658854,-0.174867505,0.0066428189,0.331720246,-0.06190085,0.0393541772,0.165661622,0.2330389452,0,0.7867185819,-0.1827558,0.7629223424,-0.186618829,20.167890329,13.132568071,0.1670430468,0.0,0.0,1,0.2241480621,1,0.0,1.2930766419,6.0,-10.11829112,0.0534455866,-0.933989513,3.9467906085,-0.30551829,0.7722094269,1.1042470017,-2515.219598,0.0288563477,14.393568001,0.0073411055,0.0174640784,0.0646306547,0.0309910481,0.0510654599,-0.01628962,1.0,0.0021406728,0.7824961691,0.0533353891,6.0,14.902023476,0.2282169009,1.7553717668,0,-0.111549313,0.0735293254,0.0194934536,0.0228067638,0.4425959366,4.2026152189,9.260232e-10,1.4474517e-08,1.050151871,1.1028189521,0.0319174687,0.0364413602
90233,0.3145798799,-0.150302257,2.0873885417,0.0,0.0759864797,0.0796480013,-1.548873808,-0.191275666,-0.286280637,0.0406631396,0.0610924262,-0.116684787,-0.339066937,-0.099339731,0.1166847867,11,0.0,-0.048327138,0.473283519,0.8471628502,-0.579019947,0.3421445992,0.0344753893,0.0258573616,-0.235212369,0.8294564352,0,8.6313001808,-0.286918651,8.6313001808,-0.286918651,0.2728046406,5.0551470588,-1.856980563,0.0,0.0,0,,0,1.0,-0.336121436,3.0,48.78947569,0.0549058682,-0.256950378,-8.505822796,0.2335003656,-0.42660587,-8.856691715,-4891.354517,0.0248274717,13.421595258,0.0,-0.064822025,-0.072124616,0.0039451269,0.8554629558,0.0280744152,0.0,-0.019500305,1.6086846963,0.0588171706,5.0,14.137154371,-0.360876399,1.8237633256,0,-0.25352422,0.0676690787,0.0288673632,0.0496229192,0.2436178599,1.4322788742,4.6405609e-09,1.5667116e-08,0.9736918238,0.9480757678,0.0788337723,0.0564179094
90097,0.6873047645,0.0413982361,0.2127594719,0.0,0.392184223,1.8836689518,0.1337263119,0.0123024649,0.3022495838,0.0302143231,-0.107980831,-0.064557446,-1.673153121,0.110663824,0.0645574458,11,-0.02409438,-0.046855734,0.1638094509,0.2473231647,-0.007102405,0.7276081542,-0.318620873,-0.00722287,0.0966852596,0.5405955251,0,3.1502690122,0.5722193219,2.2910923709,0.6789853656,6.5414762586,8.3594642251,0.1686648788,0.0,0.0,1,1.0,0,1.0,0.5142878746,6.0,3.1007133348,0.146260665,-0.214096264,1.5024592228,0.0661676639,-1.464895974,0.2023126308,-4844.836847,0.0446872923,12.130777826,-0.000756102,0.0049070127,0.0080325905,0.0160700943,0.1678797886,-0.001191347,0.0,-0.00174216,1.6494752894,-0.127620501,4.0,11.722604723,0.3540035743,0.703599182,0,-0.101630079,0.0562015437,0.0227932408,0.0355862644,0.5938979448,1.7729720565,3.5955892e-08,3.2520573e-08,1.0825324297,1.1718764613,-0.016075992,0.0585687873
92870,0.9581294942,0.0366677538,-8.651973864,0.0,8.1306589635,0.3249933995,0.0248541065,0.0874727072,0.0372947811,0.0695074359,0.0844482835,-0.001187506,-0.282507412,0.047026666,0.0011875057,9,-0.000160233,0.126984127,0.1125525015,-0.044086139,0.0086139138,0.3363013699,-0.149316417,0.00015795,0.1138333213,0.6330185589,0,0.9812171583,0.0550280651,0.9812171583,0.0552536055,0.3579296661,0.0480773428,0.0056683912,0.0,0.0,0,,0,0.0,0.3623528562,7.0,-0.264387602,0.0025059483,0.083234093,0.0379065933,-0.908353925,,-0.032510975,-5434.093822,0.0286434127,11.640470718,0.0003339121,0.001291386,0.0136228046,0.0145320674,0.1310967014,-0.05387248,2.0,0.0,-0.863546587,-0.043708815,3.0,13.084264259,0.4586841776,1.5471929315,0,0.0654744878,0.0145852184,0.0050001185,0.0062389637,1.4334515413,1.8270930654,5.8149872e-08,7.3209128e-08,-0.020118387,0.0004047495,1.2143394146,0.0503996099
90200,0.4850169896,0.053829251,-1.794446825,0.0,1.5632023576,1.007052247,0.0449176666,0.1998562108,0.2578268039,0.0065410372,0.222788919,-0.007996486,-0.278928191,0.0688437466,0.0079964861,11,0.0164025747,0.1768292683,0.0189754781,-0.120337045,0.0061854489,0.0703272636,-0.030591747,0.0825466979,0.1314645647,0.660958954,0,2.7994153811,-0.375288088,2.4409624524,-0.374369805,7.9019599221,0.8128997195,0.0591288574,0.0,0.0,1,1.1525100203,0,0.0,1.0082803452,5.0,1.4056899624,-0.011882627,-0.003501774,0.2241852188,-0.622953219,0.8087406354,0.436216904,-1420.49801,0.1116949983,15.08527668,-0.001597125,0.0057197034,0.0239525815,0.016278133,0.0149450966,-0.020758091,2.0,-0.000438596,4.7007563116,-0.203557592,5.0,15.844225303,0.5886761628,2.4821064967,0,-0.152504436,0.0636013672,0.016992237,0.0243483818,0.3741497257,4.2760560813,3.394613e-10,1.2205936e-08,0.8615844501,0.7423277646,0.1108442163,0.0426053183
90207,1.0289951196,0.0166770819,-7.072254098,0.0,0.6325789669,3.0762506853,0.0099837001,0.2581160192,0.4063573468,0.0122673435,1.2805805114,0.1372956527,7.1399454114,-0.188048475,0.1372956527,11,0.1450367135,-0.134328358,0.270457844,-0.036972059,-0.104739593,1.0656934307,-0.189586745,0.1393391069,-0.013718765,0.6148732887,0,2.6096969697,-0.441661186,2.0157575758,-0.509038678,32.885245902,3.0637647957,0.0571589074,0.0,0.0,0,,0,0.0,0.5066756492,3.0,3.1233874947,0.2725867665,-0.301568889,1.8441495779,-0.934034834,-1.945242265,-0.096399668,-5103.521987,0.0446872923,9.490837714,0.0,-0.006593092,-0.008736389,0.2246716242,0.0939052742,-0.002543197,1.0,0.027521023,8.6410052323,0.2535581589,1.0,10.295342468,0.3043103923,1.008478699,0,-0.101630079,0.0673912764,0.0325727612,0.0706830146,0.6663964418,1.235277965,1.7281339e-06,6.2691136e-08,1.5881922102,2.5223544966,-0.033090367,0.1353903961
91609,1.3085898488,0.0565070433,-18.93229899,0.0090359388,11.232515026,0.5818669028,0.0235322185,0.0181339558,0.0382983951,0.0127733695,0.0138355036,-0.005501047,-1.210022953,0.1248818627,0.0055010466,12,-0.0002574,-0.084656085,-0.019381398,0.0234030626,0.0456699611,0.5391532409,0.7121447761,-0.002112966,0.0565863194,0.5968396323,0,1.0339295811,-0.024259045,1.0319528028,-0.023974235,1.0019729005,0.0606219624,0.0078536238,0.0,0.0,0,,0,0.0,0.3809016808,6.0,0.0263268456,-0.001832922,-0.119295399,0.4600262156,42.883870411,,0.0384931724,-5056.022397,0.0286812661,10.779876683,3.68541e-05,0.0012211048,0.0116646128,-0.007306573,0.0463054255,-0.013521552,2.0,0.0019455371,1.2937187678,0.0028217719,3.0,9.6199867052,0.0539037216,0.2812202097,0,0.0654744878,0.0123016527,0.0084242272,0.0093740891,1.9317211842,1.72351514,3.9532782e-06,2.0000001117,0.0476618589,0.0022716528,1.0484336022,0.0145358831
90303,0.1209519217,0.0400607051,12.839716019,0.0461194159,0.0276583862,0.1665530048,0.7853534052,0.0210783993,0.4603602424,0.01217969,0.0189789297,0.0753284009,0.2771553437,0.0289576666,0.0753284009,11,0.0167768385,0.0647773279,0.0544853601,0.022449008,0.0760841901,0.4132630262,-0.275794511,0.0043138881,0.0197891366,0.6414751159,0,28.701857143,,24.305,,2.5127183083,6.9459034892,1.5515562225,0.0,0.0,0,,0,0.0,0.5661419683,6.0,1.3865622407,0.1661234615,-0.023083245,-0.313591679,-1.114600103,0.4618770164,0.0009531324,-5174.255574,0.0558672041,14.403329601,0.0024684267,0.0445397475,0.0510034931,-0.000944523,0.4940393145,0.0039958095,0.0,-0.00291439,1.0596310042,0.0061516985,4.0,13.902217718,0.5028643004,0.6327708252,0,-0.168614603,0.0478695333,0.0208855701,0.023859397,0.3228012404,1.122574915,2.4597491e-09,2.9314053e-08,1.2480755813,1.5576926566,-0.059473579,0.0300499857
90399,1.1833130869,0.0217078145,-21.00191714,0.0,10.373979675,0.5655809924,0.0262344686,-0.036987158,0.0310727571,0.0002598415,-0.050809151,0.0247838565,7.1399454114,-0.270227119,0.0247838565,11,0.0245741533,0.2740740741,-0.016778523,-0.218184066,0.4929165796,0.0442605998,-0.011212651,0.0244631853,0.1039450591,0.5298519996,0,1.1669472299,0.0454793198,1.0646308816,0.0075790175,1.5436199661,0.0773692573,0.0030239505,0.0,0.0,0,,0,0.0,0.347897749,5.0,0.3504120359,0.0028389838,0.2303240401,0.263090186,1.1516364356,,-0.34976476,-5437.352762,0.0286434127,11.508593909,0.0005028434,0.0012437888,0.0129098361,0.0067712358,0.0461248635,0.0942854778,0.0,-0.003616637,0.5893005944,-0.007426267,1.0,9.8193317246,-0.408123243,0.1877404518,0,0.0654744878,0.0313531458,0.010374371,0.020369338,0.7784619208,0.5895161376,1.8924987e-07,1.3597516e-07,0.3862978158,0.1492260025,-2.532741672,0.0426605885
92894,0.1655340375,-0.015372707,5.3269260033,0.0,0.1708882104,0.22100946,-0.045819542,-0.013991676,0.4439530323,0.0164711459,-0.068942998,-0.005135654,-0.113188062,-0.0136327,0.0051356544,6,0.0308560986,0.0281195079,0.3390147598,-0.017073933,0.0629615828,0.4411641101,0.1617092087,0.0440339951,0.0499831325,0.5790944048,0,5.540722486,0.0502550846,4.4578750175,-0.010923101,1.5599419546,7.3189453484,-0.049128889,0.0,0.0,0,0.0,1,0.0,0.8946814563,5.0,-9.8191379,-0.001136707,-0.054442644,0.1381758943,0.4319150796,0.1809489431,0.059560542,-1854.339823,0.0318276958,13.279368786,0.0004290424,-0.060994599,-0.144035615,-0.003800175,0.5082707906,-0.006817994,0.0,-0.015866947,-0.368697445,0.0197603852,3.0,14.977345204,0.2019347996,4.719153222,0,-0.095378135,0.0362915099,0.0245580738,0.0441212327,0.3755064978,5.9244199684,2.1555558e-09,6.5662663e-09,1.4115596586,1.9925006699,-0.079719934,0.0568150119
13279,0.4057192598,-0.355335913,1.2665746333,0.0,0.0438562869,0.0040967716,-17.17196532,-0.413851168,-0.461886656,0.0093907875,-0.098487011,-0.06718948,-0.115019346,-0.314465409,0.0671894798,3,0.0,0.4473684211,3.499465812,2.7026186714,-3.875517941,0.4190620272,0.3296724864,0.0063552417,-0.435207918,0.9776618784,0,10.041798607,-0.356250196,10.041798607,-0.356250196,0.0094270284,5.0,-7.599459541,0.0,0.0,0,,0,0.0,-0.493166045,3.0,74.77710871,0.0051362341,0.3648062695,0.3783611166,-0.866789463,-0.791246759,-0.241272166,-3042.096983,0.0318276958,9.4764926322,7.9384e-05,-0.187838341,-0.267411515,-0.001462438,0.9500119181,-6.466666667,0.0,1.1243243243,0.1789769218,-0.05603029,3.0,9.6426498909,-0.289523826,0.7709624796,0,-0.095378135,0.0909090862,0.0511970488,0.0966636004,0.6582819427,2.042562754,1.3266665e-06,3.7081727e-08,1.5141868934,2.2927619482,0.304799794,0.0857316269
92155,0.4048671179,-0.374228368,1.371500416,0.0077250307,0.1445393907,0.0512291511,-1.61547957,0.0298708423,0.0326634419,0.5254376048,-0.23945599,-0.084461368,-0.13340059,-0.324306083,0.0844613684,9,-0.007615772,0.0172413793,-0.744329897,-0.013522495,-0.089743677,0.1548619448,-0.408880625,0.0077793846,0.175166484,0.6728191458,0,3.3838898802,0.1514234285,3.0785113434,0.1669241329,0.1630766386,6.4852941176,-2.12498915,0.0,0.0,1,1.3083491461,0,0.0,0.0444238388,3.0,38.913532936,-0.365195089,-0.102717552,8.6985567625,6.2199694638,-1.024984063,-0.048378647,-5174.617096,0.0587429544,9.1762277693,0.0,-0.181919427,-0.269492863,-0.011057289,0.7339989914,-0.70966973,0.0,-0.042297917,0.3719095,0.0059544817,2.0,8.0507926675,-0.108617232,0.3261746468,0,-0.101630079,0.068421036,0.052934749,0.1273480208,0.9282557784,1.8781323137,2.9201927e-06,4.3056757e-08,2.0249968357,4.1006121848,-0.360134424,0.1624640355
27204,0.2534833961,-0.02814469,14.885621059,0.0006643596,0.110615878,0.0773375003,-0.10767835,0.081299012,0.2108900802,0.0109659781,0.2039441249,-0.004640569,-0.058476395,-0.02649889,0.0046405688,2,0.0,-0.137931034,-0.437513727,-0.686412406,-0.006476461,4.743872549,0.458625207,0.0016835763,0.043380982,0.4003892485,0,7.5545079552,3.2792663029,7.5545079552,3.2792663029,1.6147540984,0.5645943563,0.0256505853,1.0,0.0,1,0.0200222469,1,1.0,0.2948415165,2.0,-10.42501738,,-2.579397183,4.0315061653,-1.440653338,-0.888072133,0.9680733882,-4168.192368,0.0288563477,10.09623086,0.0024585686,-0.073454612,-0.104860339,-0.03270735,0.1139046786,0.0227929051,0.0,-0.031049715,-0.490610537,-0.130220026,3.0,8.5955328913,0.2065397998,0.2054976934,0,-0.111549313,0.1449275762,0.0630256117,0.1280975792,0.7237473619,0.8609311893,2.1610897e-06,8.3643758e-08,1.0649021125,1.1340165093,1.0071992945,0.1832419965
14419,0.748946028,-0.158165343,0.3208650483,0.0008092886,0.0932705123,0.2239200423,-0.473805744,,,,,,,-0.19645481,,1,,,,,,1.736318408,,,,0.7198933998,0,7.0824295011,,6.59164859,,0.4553589796,1.9040860215,-0.099859808,,,0,,0,,,,,,,-8.071456648,,-0.42660587,-8.953806794,-5527.595507,0.0248274717,9.0108828229,0.0,-0.175173141,-0.192012542,-0.017523563,0.5085941741,-0.007910229,0.0,-0.074228331,5.9167002203,-0.324730676,2.0,9.2854997599,,1.0831336406,1,-0.25352422,0.1358246207,0.060904457,0.1052537786,1.1050200007,3.7562059395,3.2779248e-06,2.4711785e-08,1.4414458273,2.077766073,-0.20990202,0.1087196425
13705,0.2100457401,0.0275332699,5.7977322385,0.0,0.0854054152,0.4127289444,0.2496483119,0.1164818532,0.8723635287,0.0025619129,-0.069665907,-0.064861167,-0.660126582,0.0457087133,0.0648611673,5,0.0,-0.185365854,0.0172443414,-0.137842095,0.0359894104,1.4158878505,0.0773485755,0.0180316541,0.2154994202,0.5929219593,0,2.6802960446,0.3928603582,2.6802960446,0.3928603582,3.3822920386,6.8166642682,0.6087127544,0.0,0.0,1,1.0,0,0.0,1.3334845964,7.0,-10.0600909,-0.03947172,-2.626832003,3.9880685093,-1.673394792,-0.202719511,1.0402809913,-4119.651318,0.0288563477,12.208329554,-0.000611135,0.0027510316,0.0040236866,0.0086009657,0.4564382985,-0.001134307,0.0,-0.003533569,0.6763586339,-0.078651055,4.0,12.386691454,-0.201794754,1.0129297698,0,-0.111549313,0.0767045394,0.0274653463,0.0406669661,0.511063644,3.1197607728,1.8314589e-08,1.7924568e-08,1.4159011479,2.0047760605,-0.088002631,0.0768572309
82678,0.2729835308,-0.355741301,0.6584390582,0.0,0.8332770554,1.6095215157,-0.311804536,-0.001057492,0.4744615602,0.521991612,-0.068795533,0.0288848134,0.089871612,-0.387712345,0.0288848134,5,0.0133667207,-0.225165563,-0.254196513,0.2253472963,0.0606674532,0.7420781135,-0.158093338,-0.024639571,0.2840616967,0.4744919016,0,1.370956998,0.1976101098,0.9048182962,0.2198229587,5.7106648199,14.341217391,-0.366215636,0.0,0.0,0,0.0,1,1.0,2.2556004407,3.0,3.660664238,-0.293558784,-0.332650193,-0.236869369,-0.43171926,-0.036361964,-0.428810511,-10462.39081,0.0588548821,9.2716063384,0.0029698345,-0.077758408,-0.453121693,0.0173991596,0.1248329993,-0.003277514,2.0,0.4901960784,0.0713212554,-0.011291643,1.0,9.538786237,-0.652741907,1.0946075412,0,-0.156910843,0.0424242355,0.0343117397,0.0632010864,0.4664015692,3.4186334848,3.3588952e-07,1.6041105e-08,2.7896836528,7.7823348824,0.0024454521,0.1274723297
12615,0.6306586138,0.0934545882,0.5088430068,0.0367634891,0.1800212922,0.6004949158,0.1797676309,0.1135030535,0.1809133617,0.0087442032,0.1936009877,0.0028495265,0.0234586466,0.09126227,0.0028495265,6,0.0072813622,0.0,-0.231684868,-0.711937468,-0.098411178,0.0707068328,-0.120123899,0.0253542673,0.0925743328,0.770405159,0,6.3636799969,-0.092558749,5.4929636954,-0.079752487,1.6139736259,4.8129927912,0.6605853368,0.0,0.0,0,,0,0.0,0.2281079765,2.0,47.60902729,-0.405011083,-0.20862324,-8.189744062,-0.213392802,0.0274757625,-8.666089714,-4978.105517,0.0248274717,13.104948271,-0.013932055,0.0105265214,0.0132973255,0.0090743942,0.5550697555,-0.00391252,1.0,-0.01417004,0.0587559575,-0.069572412,4.0,12.64969588,-0.697351662,0.5060344762,0,-0.25352422,0.0350195169,0.0239719179,0.0356015657,0.4240850816,1.8340583866,1.3074222e-08,3.6106643e-08,1.2686147061,1.6093832725,-0.150569014,0.0512832167
14060,1.2236795374,-1.190958076,-10.25321662,0.0,0.479088082,0.0469811548,-0.894378039,-0.218857606,-0.00516508,0.4011777302,-0.111296142,-0.165235685,-0.229687006,-0.887213573,0.1652356854,4,0.0437444324,0.0120481928,0.5467980296,1.2184537826,-2.050087503,4.743872549,0.6133169935,0.0489838633,-0.270298001,0.1695310947,0,1.3490009083,-0.353699,0.4248410536,-0.719419616,0.8284960422,0.8945868946,-2.219985305,0.0,0.0,0,0.0,1,1.0,-0.014810849,3.0,37.214857494,-0.009847914,-0.027750685,5.6325252119,-0.934426901,-3.277617903,-0.371240436,-14745.9961,0.0314049921,8.2724224598,0.0,-0.142411836,-0.208913459,,0.0514497001,13.766666667,1.0,0.1981581042,1.84627929,-0.265141077,4.0,10.858347619,-0.045910848,4.676499186,0,-0.107492679,0.2500000596,0.0823928624,0.1321902001,0.7184426755,61.413279121,2.1182824e-07,1.494141e-09,1.3672095215,1.8692618756,0.6178306277,0.1832419965
12667,0.2362017623,-0.146784003,2.7427024754,0.0,0.036773641,0.0,-17.17196532,0.484818296,0.0,0.3417310915,-0.009862779,-0.217476947,-0.3384148,-0.097110124,0.2174769467,4,0.0,0.1842105263,,,,0.4545454545,-0.083204931,0.0156798198,0.6100526516,,0,9.2366684992,0.2322644678,9.2366684992,0.2322644678,0.0,,-3.923292394,0.0,0.0,0,,0,0.0,-0.0010856,3.0,,-0.029412831,-0.024412714,-8.584200914,1.3058335283,0.5733941298,-8.854462108,-5421.786877,0.0248274717,11.966548533,0.0002520003,-0.305513595,-0.78708909,0.0,0.9047983665,-3.5,0.0,0.0012787724,-0.602942606,-0.034654867,4.0,11.343540688,-0.110424144,0.5900053195,0,-0.25352422,0.0747252032,0.0354229541,0.0597237793,0.4274922649,1.2611172275,6.1336754e-08,3.4010232e-08,1.2720307269,1.6180621703,-1.175121394,0.1009458166
14406,0.5817964042,-0.007072578,1.0736947157,0.0550431059,0.4742648359,0.1994514263,0.0365125602,,,,,,,0.0232283326,,1,,,,,,0.4954285714,,,,0.3154109839,0,6.5061830173,,5.657873042,,0.8454828036,2.5762297586,0.0514893615,,,1,0.5309109081,0,,,,,,,-8.238606272,,0.5733941298,-8.734123652,-1319.770217,0.0248274717,14.676006994,0.0135165334,-0.016381166,-0.042614069,0.1501773858,0.0844869858,-0.138700061,0.0,-0.008695652,-0.174896349,-0.065591595,3.0,15.651084257,,3.1290538048,1,-0.25352422,0.0610048138,0.0330638626,0.0554266024,0.2142126735,1.8405260476,1.578256e-09,1.1496201e-08,2.5785582555,6.6489626772,0.0883961449,0.0517053339
