Momentum Index,1,2,3,4,5,6,7,8,9,10,11,12,13,14,15,16,17,18,19,20,21,22,23,24,25,26,27,28,29,30,31,32,33,34,35,36,37,38,39,40,41,42,43,44,45,46,47,48,49
ANEA-L,-0.03960396039603964,-0.03809523809523807,0.18823529411764706,0.07446808510638303,0.08602150537634401,0.06315789473684208,0.10989010989010994,0.02020202020202011,0.02020202020202011,0.0,0.04123711340206193,0.08602150537634401,0.02020202020202011,0.23170731707317072,0.44285714285714284,0.42253521126760574,0.1477272727272727,0.06315789473684208,-0.03809523809523807,-0.09009009009009006,-0.09009009009009006,-0.19199999999999995,-0.2518518518518519,-0.24060150375939848,-0.4228571428571428,-0.42937853107344637,-0.4766839378238342,-0.4873096446700508,-0.5167464114832536,-0.5627705627705628,-0.5550660792951542,-0.5702127659574467,-0.5646551724137931,-0.5646551724137931,-0.5570175438596492,-0.5429864253393666,-0.5589519650655022,-0.5683760683760684,-0.5683760683760684,-0.5702127659574467,-0.5491071428571428,-0.5826446280991735,-0.6286764705882353,-0.596,-0.5791666666666666,-0.5324074074074074,-0.5683760683760684,-0.5683760683760684,-0.5756302521008403
CPI-L,0.06352941176470606,0.30128597672994495,0.5178571428571426,0.5298776097912166,0.5254845656855704,0.6159695817490494,0.6798418972332017,0.6159695817490494,0.49122807017543857,0.5881913303437964,0.7403767403767401,0.9822761194029852,1.0393474088291743,0.7591059602649006,0.7591059602649006,1.063106796116505,0.7678868552412641,1.0413064361191164,0.9639556377079479,1.0915354330708658,1.350663716814159,1.3796192609182527,1.8638814016172507,1.8833107191316145,2.2742681047765796,2.4054487179487176,2.7610619469026543,2.97940074906367,3.275653923541247,3.473684210526316,3.1585127201565557,3.473684210526316,3.9227848455647667,3.877587127013295,4.500436906821721,5.445911400410896,5.789144169335861,6.653068877558673,6.5892933035790175,7.9662536919920885,8.402664269920908,7.545584953091657,7.638220020333842,7.854175520842189,8.629918995477908,9.151284036634356,9.315544296126818,9.87885046929415,10.633223312055428
LLOY-L,-0.05491153142159855,-0.02787663107947813,0.07758053911900031,-0.028452874925904093,0.003059975520196101,-0.06715993170176415,-0.020322773460848653,-0.18090954522738634,-0.13918067226890762,-0.0724391624221844,0.01991288114499068,-0.0575043128234618,0.03603034134007577,0.06844850065189045,0.36129568106312293,0.15503875968992253,-0.038145539906103254,-0.04264018691588778,-0.06342857142857139,-0.09146341463414609,-0.13918067226890762,-0.1254002134471719,-0.07505643340857804,0.024375000000000036,0.198099415204678,0.09193870752831423,-0.03644914756025874,0.10968178740690604,0.11345108695652151,0.2501906941266212,0.4044558697514993,0.46732318710832566,0.6455823293172691,0.6324701195219125,0.725263157894737,0.9147196261682244,0.9535160905840285,1.1039794608472397,1.136897001303781,1.1766268260292176,1.348137535816619,1.5609375000000005,1.618210862619808,1.6098726114649686,1.5729984301412867,1.4946727549467278,1.5371517027863777,1.5689655172413794,0.9939172749391727
HSX-L,0.01851851851851838,-0.07216494845360799,-0.0847457627118644,-0.18918918918918914,-0.16408668730650156,-0.18181818181818166,-0.19642857142857117,-0.22413793103448276,-0.23943661971830976,-0.26630434782608703,-0.32835820895522383,-0.27419354838709653,-0.18918918918918914,-0.2722371967654986,-0.2987012987012988,-0.3076923076923078,-0.4653465346534653,-0.4193548387096775,-0.4218415417558885,-0.2058823529411763,-0.32499999999999996,-0.3076923076923078,-0.3181818181818181,-0.30051813471502586,-0.2582417582417583,-0.28947368421052644,-0.21965317919075122,-0.1562499999999999,-0.19642857142857117,0.038461538461538325,0.12500000000000022,0.12500000000000022,0.10204081632653073,0.10655737704918078,0.11570247933884326,0.14893617021276606,0.12500000000000022,0.0887096774193552,0.0887096774193552,0.0975609756097564,0.05468750000000022,0.038461538461538325,0.07999999999999985,0.13286672091559804,0.1073133362332912,0.1781813897522222,0.1781813897522222,0.13286672091559804,0.2272722809918981
COA-L,0.0833333333333337,0.26315789473684204,0.1428571428571428,0.1428571428571428,0.26315789473684204,0.4117647058823528,0.0909090909090906,0.2571427314285839,0.2571427314285839,0.31999986800001246,0.2571427314285839,0.1478259721739239,0.09999989000001097,-0.022222319999990248,0.1478259721739239,0.015384513846163683,-0.20000007999999225,-0.3400000659999938,-0.6700000659999902,-0.6075676460540422,-0.6857362245952655,-0.7153837505768441,-0.756699012589883,-0.7206544218624582,-0.7527104718126679,-0.756699012589883,-0.7679282889318884,-0.7206544218624582,-0.7306310496530848,-0.6983067756114548,-0.7485889796762124,-0.7323689406119773,-0.7407324112178529,-0.7366170526657553,-0.775768571864089,-0.8047867566816775,-0.8419702315994533,-0.8557119505908051,-0.865096539170265,-0.8683085263328776,-0.8639907730978901,-0.8672549945435407,-0.8585082447672906,-0.8478963631248374,-0.8417211315376466,-0.8517705835035103,-0.8702992605655716,-0.8693922623877084,-0.8626698053047228
HVT-L,0.0,0.0,0.0,0.0,0.0,0.0,0.0,0.0,0.0,-0.06493506493506496,-0.06493506493506496,-0.06493506493506496,-0.09999999999999998,-0.09999999999999998,-0.09999999999999998,-0.11111111111111116,-0.11111111111111116,-0.11111111111111116,-0.11111111111111116,-0.11111111111111116,-0.040000000000000036,0.10769230769230775,0.10769230769230775,0.10769230769230775,0.10769230769230775,0.10769230769230775,0.10769230769230775,0.10769230769230775,0.10769230769230775,0.10769230769230775,0.1428571428571428,0.1428571428571428,0.1428571428571428,0.19999999999999996,0.3090909090909091,0.3090909090909091,0.3090909090909091,0.3090909090909091,0.3090909090909091,0.3090909090909091,0.3090909090909091,0.3090909090909091,2.272727272727273,2.272727272727273,2.272727272727273,2.272727272727273,2.272727272727273,2.272727272727273,2.272727272727273
JMG-L,0.2003891050583657,0.16289592760181004,0.20657276995305174,0.11739130434782608,0.09829059829059839,0.02594810379241519,0.1788990825688075,0.11496746203904573,0.38544474393531014,0.5207100591715974,0.668831168831169,0.6742671009771986,0.5117647058823531,0.6012461059190031,1.2060085836909873,1.0316205533596836,0.1843317972350229,0.2094117647058824,0.17084282460136668,-0.017208413001912004,0.017821782178217838,0.04048582995951433,0.10775862068965525,0.10300429184549365,0.17620137299771188,0.100642398286938,-0.11531841652323582,-0.03383458646616544,-0.15181518151815176,-0.11072664359861595,-0.0738738738738739,-0.062043795620437936,0.011811023622047223,-0.07553956834532372,-0.04104477611940305,0.13716814159292046,0.11255411255411274,0.07531380753138084,-0.013435700575815779,0.01984126984126977,0.0,-0.05514705882352944,-0.08865248226950362,-0.13468013468013473,-0.1433333333333333,-0.18670886075949367,-0.17891373801916932,-0.10139860139860135,-0.08214285714285707
SMDS-L,0.1769911504424777,-0.11023622047244075,0.030395136778115672,-0.09599999999999986,-0.08870967741935487,0.17301038062283758,0.2792452830188681,0.2744360902255638,0.5841121495327104,0.5409090909090912,0.5550458715596329,0.5990566037735849,0.5201793721973096,0.3560000000000001,0.653658536585366,0.31395348837209314,-0.0504201680672266,-0.1171875,-0.3010309278350515,-0.2549450549450548,-0.13299232736572886,-0.1546134663341644,-0.01453488372093037,-0.1546134663341644,-0.17114914425427874,-0.2549450549450548,-0.28631578947368397,-0.19668246445497628,-0.09358288770053469,-0.09599999999999986,-0.23820224719101124,-0.2466666666666666,-0.30957230142566183,-0.3109756097560974,-0.37683823529411764,-0.4532258064516129,-0.4619047619047618,-0.4619047619047618,-0.48244274809160315,-0.48868778280542957,-0.44788273615635177,-0.379120879120879,-0.44059405940594054,-0.4387417218543045,-0.45145631067961156,-0.44426229508196713,-0.403169014084507,-0.41551724137931034,-0.33529411764705885
NWB_pa-L,0.0,-0.0018050541516245744,-0.008960573476702538,-0.07679465776293826,-0.09195402298850575,-0.1037277147487844,-0.11942675159235672,-0.12361331220285265,-0.12222222222222223,-0.13996889580093308,-0.12361331220285265,-0.11942675159235672,-0.11942675159235672,-0.08745874587458746,-0.12361331220285265,-0.17952522255192882,-0.15053763440860213,-0.13996889580093308,-0.12361331220285265,-0.10517799352750812,-0.08443708609271527,-0.0978792822185971,-0.07058823529411762,-0.03658536585365857,0.005454545454545379,0.03947368421052633,0.06551059730250475,0.09504950495049513,0.09940357852882697,0.1331967213114753,0.1425619834710743,0.1943844492440605,0.234375,0.17910447761194037,0.1544885177453028,0.1918103448275863,0.17409766454352438,0.234375,0.26544622425629294,0.2920560747663552,0.2180616740088106,0.234375,0.25396825396825395,0.22888888888888892,0.25681818181818183,0.18415417558886515,0.17409766454352438,0.17409766454352438,0.1866952789699572
ANTO-L,0.047101449275362306,-0.037209302325581395,0.04020100502512558,0.16129032258064524,0.22666666666666657,0.40816326530612246,0.5563909774436091,0.3915966386554621,0.6299212598425197,1.365714285714286,1.456973293768546,1.332394366197183,1.345609065155807,1.1618798955613578,1.4939759036144578,1.237837837837838,0.642857142857143,0.6396039603960395,0.3754152823920267,0.26799387442572753,0.2897196261682242,0.3419773095623988,0.3039370078740158,0.25454545454545463,0.19136690647482024,0.08947368421052637,-0.002409638554216831,0.048101265822784844,-0.03157894736842104,-0.07999999999999996,0.014705882352941124,0.06153846153846154,0.14206896551724157,0.028571428571428692,0.12960436562073685,0.223042836041359,0.12347354138398914,0.16619718309859155,0.15804195804195809,0.3039370078740158,0.35737704918032787,0.28173374613003066,0.12499999999999978,0.18965517241379315,0.14049586776859502,0.10400000000000009,0.19999999999999996,0.41296928327645066,0.46289752650176674
GRG-L,-0.02918781725888331,-0.02111801242236022,-0.07943925233644855,-0.19013360739979446,-0.19096509240246407,-0.2056451612903225,-0.20804020100502507,-0.26009389671361505,-0.26697674418604656,-0.22745098039215683,-0.19179487179487198,-0.18341968911917095,-0.2048435923309787,-0.1748691099476436,-0.26009389671361505,-0.2386473429951691,-0.2530805687203792,-0.22364532019704397,-0.2530805687203792,-0.20804020100502507,-0.1959183673469388,-0.03902439024390236,-0.03902439024390236,-0.03902439024390236,-0.050602409638554224,-0.08372093023255811,0.023376623376623495,0.03684210526315801,0.10985915492957754,0.10985915492957754,0.15542521994134906,0.15542521994134906,0.13872832369942212,0.29605263157894735,0.3493150684931505,0.47565543071161054,0.45925925925925926,0.4458715596330278,0.4458715596330278,0.4458715596330278,0.4538745387453875,0.443223443223443,0.4538745387453875,0.45925925925925926,0.46686522710349987,0.4980988593155895,0.6016260162601625,0.7085862966175196,0.7085862966175196
DLAR-L,-0.10389610389610371,0.16314199395770368,0.2183544303797469,0.02941176470588225,-0.01660280970625816,-0.012820512820512886,0.20689655172413768,0.36283185840707977,0.7035398230088497,0.8377088305489251,0.7111111111111108,0.9592875318066156,1.1568627450980387,1.1874999999999991,1.7017543859649118,0.8333333333333333,0.5247524752475248,0.289782244556114,0.316239316239316,0.32302405498281717,0.3321799307958475,0.3652482269503545,0.04761904761904723,-0.03508771929824572,-0.0375000000000002,-0.09624413145539923,-0.05289052890528945,-0.026548672566371723,0.039136302294196845,0.0039113428943935435,-0.20618556701030943,-0.30505415162454874,-0.27902621722846455,-0.37903225806451635,-0.3333333333333335,-0.3239683933274802,-0.32985204525674516,-0.3430034129692834,-0.3529411764705882,-0.3984375000000002,-0.37296416938110755,-0.3572621035058431,-0.46601941747572817,-0.4832214765100672,-0.4615384615384617,-0.4852941176470589,-0.47115384615384615,-0.4148936170212768,-0.40124416796267504
GLEG-L,-0.07236842105263153,-0.04402515723270439,-0.031847133757961776,-0.05590062111801242,-0.05590062111801242,-0.09523809523809523,-0.08157099697885195,-0.07878787878787874,-0.031847133757961776,-0.05882352941176472,-0.05590062111801242,-0.050000000000000044,-0.06461538461538463,-0.06172839506172845,0.009966777408637828,-0.10588235294117643,-0.15555555555555556,-0.24752475247524752,-0.2549019607843137,-0.25853658536585367,-0.25853658536585367,-0.25853658536585367,-0.2512315270935961,-0.2512315270935961,-0.25853658536585367,-0.25853658536585367,-0.17166212534059944,-0.17615176151761514,-0.17615176151761514,-0.17615176151761514,-0.18059299191374667,-0.18059299191374667,-0.18059299191374667,-0.18059299191374667,-0.13142857142857145,-0.11627906976744184,-0.13488901536710307,-0.1578947368421053,-0.12138728323699421,-0.09253731343283578,-0.08763505402160876,-0.1193511008111241,-0.11421911421911435,-0.11421911421911435,-0.10059171597633132,0.02981029810298108,0.03401360544217691,0.02981029810298108,0.02981029810298108
EDIN-L,0.057859209257473676,0.07684319833852538,0.11505376344086016,0.05493387589013232,0.06797116374871259,0.0619559651817716,0.09968186638388121,0.041164658634538,0.1174568965517242,0.12595005428881634,0.14839424141749724,0.1677927927927927,0.24043062200956933,0.2228773584905661,0.395693135935397,0.28980099502487566,0.09503695881731788,0.06468172484599588,0.04853387259858444,0.042211055276381915,0.029791459781529195,0.06797116374871259,0.1333333333333333,0.2214369846878681,0.2962499999999999,0.2881987577639751,0.2072176949941793,0.3450064850843062,0.3093434343434345,0.35910878112712963,0.3845126835781041,0.3975741239892181,0.4483240223463685,0.42054794520547945,0.43232044198895014,0.5050798258345426,0.507267441860465,0.5216434336023477,0.5183016105417275,0.5454545454545452,0.6177847113884556,0.6228482003129889,0.605263157894737,0.5249999999999999,0.5688350983358545,0.5523952095808382,0.5160818713450293,0.578386605783866,0.5929339477726574
HBR-L,-0.06349206349206338,-0.059701492537313716,-0.21250000000000013,-0.3152173913043479,-0.2500000000000001,-0.16000000000000014,-0.18181818181818177,-0.30000000000000004,0.14545454545454528,0.3999999999999999,0.3124999999999998,-0.01562500000000011,-0.2674418604651163,-0.41666666666666674,-0.37,-0.4375,-0.5771812080536913,-0.6227544910179641,-0.668421052631579,-0.6440677966101696,-0.5909090909090908,-0.6612903225806452,-0.6612903225806452,-0.705607476635514,-0.7110091743119267,-0.6834170854271358,-0.6911764705882353,-0.65,-0.653846153846154,-0.6594594594594595,-0.6272189349112427,-0.5961538461538461,-0.5743243243243243,-0.5855263157894737,-0.6086956521739131,-0.5684931506849316,-0.5153846153846154,-0.5190839694656488,-0.4568965517241379,-0.47058823529411764,-0.44736842105263164,-0.4793388429752067,-0.46153846153846156,-0.5000000000000001,-0.4793388429752067,-0.4521739130434783,-0.42201834862385323,-0.4112149532710281,-0.3571428571428572
ALUG-L,0.01382488479262678,-0.06465517241379315,-0.11065573770491799,-0.21090909090909093,-0.15234375,-0.03125,-0.03555555555555556,-0.11428571428571432,0.03333333333333344,0.07425742574257432,0.10152284263959399,0.17297297297297298,0.12435233160621761,-0.10699588477366251,-0.21660649819494582,0.08499999999999996,-0.16538461538461535,-0.42894736842105263,-0.5068181818181818,-0.39722222222222225,-0.3728323699421965,-0.3522388059701492,-0.5123595505617977,-0.5431578947368421,-0.65,-0.6555555555555556,-0.6555555555555556,-0.5382978723404255,-0.5479166666666666,-0.5745098039215686,-0.5858778625954199,-0.6219512195121951,-0.6277873070325901,-0.6528,-0.7118193891102258,-0.6855072463768116,-0.6661538461538461,-0.6808823529411765,-0.7067567567567568,-0.7379227053140096,-0.7144736842105264,-0.7505747126436781,-0.7615384615384615,-0.75,-0.7476744186046511,-0.7476744186046511,-0.7372881355932204,-0.72875,-0.7416666666666667
CNN-L,0.0,0.0,0.043010752688172005,0.043010752688172005,0.043010752688172005,0.043010752688172005,0.07777777777777772,0.07777777777777772,0.07777777777777772,0.07777777777777772,0.07777777777777772,0.07777777777777772,0.2124999999999999,0.2124999999999999,0.15476190476190466,0.2124999999999999,0.07777777777777772,0.07777777777777772,0.07777777777777772,0.07777777777777772,-0.11818181818181817,-0.19166666666666665,-0.19166666666666665,-0.19166666666666665,-0.19166666666666665,-0.19166666666666665,-0.25384615384615383,-0.25384615384615383,-0.25384615384615383,-0.25384615384615383,-0.25384615384615383,-0.25384615384615383,-0.19166666666666665,-0.30714285714285716,-0.30714285714285716,-0.30714285714285716,-0.27611940298507465,-0.27611940298507465,-0.27611940298507465,-0.27611940298507465,-0.25384615384615383,-0.25384615384615383,-0.25384615384615383,-0.25384615384615383,-0.25384615384615383,-0.11818181818181817,-0.3533333333333334,-0.3533333333333334,-0.3533333333333334
SNXS-L,0.0,-0.1477272727272727,-0.0625,0.11940298507462677,0.11940298507462677,-0.0625,0.26050420168067223,0.37614678899082565,0.5789473684210527,0.8987341772151898,0.8987341772151898,0.7647058823529411,0.7647058823529411,0.7647058823529411,0.7647058823529411,0.7647058823529411,0.7647058823529411,0.48514851485148514,1.112676056338028,0.8518518518518519,1.3076923076923075,0.5,0.6666666666666667,0.6666666666666667,0.5,0.25,0.0714285714285714,0.0714285714285714,0.0714285714285714,0.0714285714285714,-0.11764705882352944,-0.31818181818181823,-0.30232551649539685,-0.546511585722008,-0.568106272116198,-0.60566224845392,-0.60566224845392,-0.568106272116198,-0.5877378052018254,-0.39534878096267734,-0.6976743904813387,-0.6976743904813387,-0.6976743904813387,-0.716569741076255,-0.6976743904813387,-0.6976743904813387,-0.716569741076255,-0.73324210924824,-0.6976743904813387
BAG-L,0.0,-0.023255813953488302,-0.07386990077177513,-0.02777777777777779,-0.03448275862068961,-0.0635451505016722,-0.04761904761904756,-0.06666666666666676,-0.0625,-0.07995618838992324,-0.09287257019438444,-0.03890160183066349,-0.05617977528089879,-0.045454545454545525,-0.005917159763313529,0.10964332892998674,-0.1724137931034483,-0.17647058823529416,-0.16831683168316824,-0.15662650602409633,-0.125,-0.134020618556701,-0.1428571428571428,0.004784688995215225,0.057934508816121166,-0.004739336492890933,-0.05617977528089879,-0.045454545454545525,0.050000000000000044,0.07692307692307687,0.11999999999999988,0.09947643979057585,0.10526315789473695,0.07554417413572345,0.059268600252206705,0.2982998454404946,0.30232558139534893,0.2923076923076924,0.2982998454404946,0.2982998454404946,0.2727272727272727,0.23529411764705888,0.22448979591836737,0.2688821752265862,0.3125,0.2844036697247707,0.25373134328358193,0.2650602409638554,0.23529411764705888
CDFF-L,0.09756097560975618,0.0673813169984685,0.0673813169984685,0.060882800608828,0.059270516717325306,0.060882800608828,0.11519999999999997,0.14449917898193765,0.1482701812191103,0.2292768959435627,0.21217391304347832,0.43711340206185567,0.43711340206185567,0.4224489795918367,0.32258064516129026,0.3276190476190477,0.07561728395061729,-0.014144271570014189,0.005772005772005873,0.060882800608828,0.15588723051409614,0.251346499102334,0.2742230347349177,0.3076923076923077,0.2979515828677839,0.2979515828677839,0.2380106571936056,0.2836095764272559,0.2742230347349177,0.32258064516129026,0.3747534516765285,0.49250535331905776,0.6714628297362111,0.6876513317191284,0.7424999999999999,0.7871794871794873,0.7424999999999999,0.7871794871794873,0.8837837837837839,0.9361111111111111,0.8837837837837839,0.8837837837837839,0.9914285714285713,1.2197452229299364,1.2197452229299364,1.3547297297297298,1.2777777777777777,1.2777777777777777,1.2777777777777777
PZC-L,-0.024570024570024662,0.3344262295081968,0.2718750000000001,0.24846625766871178,0.21492537313432836,0.14647887323943665,0.1900584795321636,0.3129032258064517,0.3344262295081968,0.25230769230769234,0.1900584795321636,0.13370473537604455,0.08823529411764719,0.11506849315068512,0.11506849315068512,0.004938271604938427,-0.0955555555555555,-0.10549450549450556,-0.11904761904761907,-0.11904761904761907,-0.11521739130434772,-0.1340425531914894,-0.0955555555555555,-0.06436781609195408,-0.07077625570776258,-0.07499999999999996,-0.07077625570776258,-0.08126410835214437,-0.08126410835214437,-0.10549450549450556,-0.14315789473684215,-0.14315789473684215,-0.14315789473684215,-0.20196078431372555,-0.21955896452540757,-0.08539325842696621,-0.08948545861297541,-0.08948545861297541,-0.08539325842696621,-0.08229988726042836,-0.10352422907489,-0.12095032397408201,-0.12095032397408201,-0.10549450549450556,-0.10549450549450556,-0.10352422907489,-0.10352422907489,-0.07918552036199089,-0.08539325842696621
GPEG-L,0.01866666666666683,-0.048223350253807085,-0.08980582524271863,-0.17763157894736858,-0.1610738255033558,-0.14187643020594987,-0.16666666666666685,-0.10714285714285732,-0.048223350253807085,-0.04336734693877564,0.010781671159029615,-0.025974025974025983,-0.015748031496063075,-0.06483790523690791,-0.06483790523690791,-0.08759124087591263,-0.13594470046082963,-0.246987951807229,-0.26900584795321636,-0.3267504488330343,-0.31569343065693434,-0.3622448979591838,-0.3016759776536313,-0.2187500000000001,-0.246987951807229,-0.258893280632411,-0.18122270742358104,-0.0985576923076924,-0.08088235294117674,-0.10714285714285732,-0.17943107221006582,-0.09638554216867501,-0.04092071611253201,-0.11556603773584917,-0.04580152671755733,-0.08519009859528415,-0.02404599207465996,-0.0009312918869548437,-0.026548438248827577,-0.016460857298038478,0.060463991851835486,0.14007840565452612,0.09724308983513663,0.042983816161970445,0.13666499725436276,0.16455861681888706,0.09724308983513663,0.07244663582756261,0.143512376755895
IPU-L,0.06619385342789585,0.12201591511936338,0.125,0.07496823379923767,0.07770700636942696,0.14324324324324333,0.15573770491803285,0.1370967741935485,0.23684210526315796,0.3386075949367089,0.41946308724832226,0.5161290322580647,0.44615384615384635,0.44122657580919933,0.4713043478260872,0.5080213903743316,0.22608695652173916,0.07496823379923767,0.013173652694610904,0.12649800266311573,0.12350597609561764,0.22786647314949193,0.3035439137134053,0.3035439137134053,0.3035439137134053,0.3035439137134053,0.31981279251170047,0.38916256157635476,0.4363327674023769,0.3846153846153848,0.31162790697674425,0.29953917050691237,0.29953917050691237,0.17500000000000004,0.22786647314949193,0.33438485804416396,0.3075734157650696,0.30153846153846176,0.2051282051282053,0.22786647314949193,0.27409638554216875,0.20170454545454541,0.165289256198347,0.19830028328611893,0.2857142857142858,0.33018867924528306,0.3868852459016394,0.47386759581881543,0.47386759581881543
PSON-L,0.35405405405405377,0.06551475881929458,0.1332312404287903,0.14285714285714302,0.13933795227097767,0.1508553654743392,0.2333333333333334,0.11951588502269295,0.053380782918149405,0.08266276517922466,0.06782106782106778,0.2617220801364024,0.3831775700934581,0.3831775700934581,0.40284360189573465,0.508664627930683,0.2333333333333334,0.3357400722021662,0.2813852813852813,0.5578947368421054,0.5025380710659899,0.6299559471365641,0.8722327640733714,0.8385093167701863,0.7896009673518745,0.9096774193548389,0.891373801916933,0.9973009446693659,1.2222222222222223,1.1188260558339302,1.097802976612332,1.0771929824561406,0.9905850706119705,0.9010918432883752,1.006779661016949,1.006779661016949,1.006779661016949,0.9707057256990681,1.1653255303584493,1.2089552238805972,1.4382207578253707,1.235649546827795,1.15429403202329,1.1264367816091956,1.2023809523809526,1.1264367816091956,1.235649546827795,1.3307086614173231,1.1700879765395893
HRN-L,-0.06865671641791027,-0.08967391304347827,-0.11842105263157876,-0.0821917808219178,-0.0821917808219178,-0.09459459459459463,-0.20238095238095244,-0.2117647058823532,-0.20238095238095244,-0.2717391304347827,0.024464831804281273,0.021341463414634054,-0.09459459459459463,-0.09459459459459463,-0.19277108433734957,-0.20047732696897402,-0.25555555555555554,-0.2717391304347827,-0.25555555555555554,-0.22811059907834108,-0.22811059907834108,-0.13881748071979427,-0.02898550724637672,-0.011799410029498691,-0.011799410029498691,-0.05633802816901412,-0.09214092140921404,-0.15189873417721544,-0.20047732696897402,-0.3006263048016704,-0.30927835051546393,-0.31492842535787335,-0.2932489451476793,-0.3064182194616978,-0.31492842535787335,-0.2764578833693304,-0.3339960238568589,-0.30927835051546393,-0.2637362637362639,-0.2701525054466233,-0.18689320388349517,-0.13881748071979427,-0.14540816326530626,-0.12760416666666674,-0.12760416666666674,-0.03735632183908055,0.09836065573770503,0.06012658227848111,0.1317567567567568
IBT-L,0.33333333333333326,0.22222222222222232,0.41428571428571437,0.25316455696202533,0.4850000000000001,0.40094339622641506,0.6685393258426966,0.8,0.6141304347826086,0.6592178770949721,0.6971428571428571,1.1214285714285714,1.091549295774648,1.0342465753424657,1.091549295774648,1.4545454545454546,0.36238532110091737,0.24789915966386555,0.14230769230769225,0.13358778625954204,0.09191176470588225,-0.023026315789473673,-0.1264705882352941,-0.20588235294117652,-0.2225130890052356,-0.2894736842105263,-0.26485148514851486,-0.26485148514851486,-0.28260869565217395,-0.3543478260869565,-0.3599137931034483,-0.36808510638297876,-0.4107142857142857,-0.439622641509434,-0.3429203539823009,-0.21842105263157896,-0.2894736842105263,-0.279126213592233,-0.39139344262295084,-0.36808510638297876,-0.3429203539823009,-0.4914383561643836,-0.4619565217391305,-0.419921875,-0.3760504201680672,-0.38636363636363635,-0.3707627118644068,-0.26485148514851486,-0.3188073394495413
OVB-L,0.11428571428571432,-0.3137254901960784,-0.3137254901960784,-0.2857142857142857,-0.2857142857142857,-0.2857142857142857,-0.4067796610169492,-0.36363636363636365,-0.36363636363636365,-0.36363636363636365,-0.4067796610169492,-0.5070422535211268,-0.631578947368421,-0.2222222222222222,0.2068965517241379,0.2068965517241379,0.0,-0.14634146341463417,-0.14634146341463417,-0.2222222222222222,0.16666666666666674,0.34615384615384626,0.2962962962962963,0.16666666666666674,0.16666666666666674,0.16666666666666674,0.09375,0.16666666666666674,0.16666666666666674,0.09375,0.45833333333333326,0.34615384615384626,0.25,0.34615384615384626,0.25,0.45833333333333326,0.45833333333333326,0.25,0.02941176470588225,-0.16666666666666663,0.25,-0.02777777777777779,0.45833333333333326,0.45833333333333326,0.9444444444444444,0.45833333333333326,0.45833333333333326,0.9444444444444444,1.5
ATRAS-L,0.32577903682719556,0.18456375838926165,0.24734982332155475,0.10312499999999991,0.09287925696594423,0.023188405797101463,0.2789855072463767,0.24295774647887325,0.6192660550458715,0.8102564102564103,0.8102564102564103,0.7053140096618358,0.7219512195121951,0.7562189054726369,1.088757396449704,1.2922077922077921,0.9184782608695652,0.7918781725888324,0.7828282828282829,0.5085470085470085,0.5085470085470085,0.3025830258302582,0.3025830258302582,0.3422053231939164,0.45867768595041314,0.3682170542635659,-0.06613756613756616,-0.04851752021563338,-0.2691511387163561,-0.22417582417582416,-0.2207505518763797,-0.19589977220956722,-0.17136150234741787,-0.23593073593073588,-0.23593073593073588,-0.1733021077283372,-0.17523364485981308,-0.17523364485981308,-0.20852017937219736,-0.22246696035242286,-0.19036697247706424,-0.282520325203252,-0.307843137254902,-0.3237547892720306,-0.2766393442622951,-0.310546875,-0.3132295719844358,-0.22587719298245612,-0.1635071090047393
CRDA-L,0.018018018018018278,-0.007155635062611632,-0.07499999999999996,-0.14219474497681628,-0.1381987577639754,-0.019434628975264934,-0.07035175879396982,0.09900990099009888,0.26136363636363624,0.09900990099009888,0.14432989690721643,0.30588235294117627,0.15145228215767648,0.16108786610878645,0.3341346153846152,-0.06408094435075906,-0.09756097560975607,-0.2820181112548513,-0.3980477223427332,-0.3728813559322035,-0.35163551401869153,-0.32645631067961167,-0.23130193905817176,-0.34085510688836107,-0.23972602739726023,-0.25403225806451624,-0.2902813299232738,-0.17777777777777792,-0.08112582781456978,0.05313092979127143,-0.034782608695652195,-0.07499999999999996,-0.09016393442622961,-0.11057692307692313,-0.21276595744680837,-0.2302357836338419,-0.1741071428571429,-0.2259414225941424,-0.2469470827679785,-0.11199999999999999,-0.0780730897009968,-0.10483870967741948,-0.1381987577639754,-0.19331395348837221,-0.1741071428571429,-0.14877300613496924,-0.16666666666666674,-0.1885964912280701,-0.12183544303797467
BOOT-L,0.011904761904761862,-0.023255813953488413,-0.045454545454545414,-0.1063829787234043,-0.045454545454545414,-0.08296943231441045,0.07692307692307687,-0.16000000000000003,0.10526315789473695,0.07692307692307687,0.1570247933884299,0.25,0.23529411764705888,0.09947643979057585,0.09947643979057585,0.12903225806451601,0.06329113924050622,-0.1428571428571429,-0.2222222222222222,-0.27586206896551724,-0.30000000000000004,-0.2222222222222222,-0.2682926829268294,-0.26315789473684215,-0.2682926829268294,-0.3538461538461538,-0.43999999999999995,-0.3731343283582089,-0.34375,-0.33333333333333337,-0.3731343283582089,-0.2222222222222222,-0.2075471698113207,-0.1923076923076923,-0.1923076923076923,-0.08695652173913049,-0.08695652173913049,-0.0561797752808989,-0.08296943231441045,-0.08695652173913049,-0.08695652173913049,-0.09482758620689669,-0.1063829787234043,-0.15322580645161288,0.024390243902439046,0.0659898477157359,0.16666666666666674,0.11702127659574457,0.06060606060606055
CFYN-L,0.0,0.09375,0.0,0.04477611940298498,0.04477611940298498,0.04477611940298498,-0.014084507042253502,0.18644067796610164,0.19658119658119655,0.19658119658119655,0.11111111111111116,0.2068965517241379,0.26126126126126126,0.16666666666666674,0.12903225806451624,0.14754098360655732,0.10236220472440949,0.07692307692307687,-0.014084507042253502,-0.04109589041095896,-0.04109589041095896,0.01449275362318847,-0.02777777777777779,-0.03581267217630857,0.04477611940298498,0.09375,0.04477611940298498,0.04477611940298498,0.01449275362318847,0.01449275362318847,0.16666666666666674,0.16666666666666674,0.15702479338842967,0.14754098360655732,0.1382113821138211,0.1382113821138211,0.22807017543859653,0.22807017543859653,0.22807017543859653,0.22807017543859653,0.22807017543859653,0.22807017543859653,0.22807017543859653,0.22807017543859653,0.23674911660777376,0.34615384615384626,0.4285714285714286,0.4285714285714286,0.383399209486166
BAB-L,-0.04687500000000011,0.02673796791443861,-0.09859154929577452,-0.16157205240174666,-0.08571428571428552,-0.1578947368421051,-0.11520737327188924,0.037837837837837895,0.11627906976744207,0.13609467455621305,0.3426573426573427,0.2075471698113207,0.3426573426573427,0.5360000000000003,0.8823529411764708,0.41176470588235303,0.41176470588235303,0.28000000000000025,0.12941176470588234,0.4014598540145988,0.3150684931506851,0.19254658385093149,0.4545454545454546,0.2549019607843137,0.22292993630573266,0.005235602094240788,-0.035175879396984966,0.06077348066298338,0.09090909090909105,0.10344827586206917,0.10982658959537583,0.20000000000000018,0.5118110236220474,0.4222222222222223,0.28000000000000025,0.3333333333333335,0.3333333333333335,1.1333333333333333,0.7142857142857144,0.18518518518518534,0.09090909090909105,0.06666666666666665,-0.05882352941176461,-0.16521739130434776,-0.23809523809523803,-0.32867132867132864,-0.2992700729927006,-0.3239436619718309,-0.36423841059602646
UBGU-L,0.13180515759312317,0.05757575757575761,0.04491017964071875,0.028891509433962126,0.03560830860534092,0.10512982900570012,0.1695710455764079,0.15792966157929667,0.22027972027972043,0.2663280116110307,0.2590187590187596,0.5907019143117596,0.660323501427212,0.7260138476755691,0.7380478087649402,0.6172381835032439,0.4233278955954327,0.34853168469860885,0.315987933634992,0.3871224165341809,0.44813278008298774,0.4639261744966443,0.6232558139534885,0.6431261770244818,0.7608476286579211,0.7751780264496442,0.7860798362333674,0.8783638320775029,0.9260485651214128,0.862326574172892,0.7842535787321068,0.8783638320775029,0.9133771929824559,0.8504772004241781,0.8885281385281387,1.0650887573964503,1.06021251475797,1.0873205741626797,1.0998796630565582,1.1490147783251237,1.2371794871794877,1.2314578005115093,1.1490147783251237,1.1490147783251237,1.3082010582010586,1.3644986449864502,1.3709239130434785,1.3969780219780223,1.3581081081081092
FGP-L,-0.11111111111111116,0.08000000000000007,-0.12973408541498788,-0.12052117263843642,-0.0847457627118644,-0.18414495960064858,-0.2326004385193945,-0.26895094406321285,-0.3240908971873987,-0.23890783217539968,-0.302889231478095,-0.29582093471234694,-0.27182531780870467,-0.3330164675726791,-0.32654874847035364,-0.3424884230627713,-0.42603586517359693,-0.3377863140501094,-0.35320456052158533,-0.32979821168641954,-0.23471448689812913,-0.02183577022542571,0.15749433856657968,0.23741042875714524,0.18717368058110728,0.3718451420048352,0.33236758396153077,0.3355703906537457,0.4173400064080568,0.3355703906537457,0.3820827923183041,0.36510388823576956,0.25416993795024445,0.2104515958866191,0.17711288667787772,0.3617580453724465,0.4319517590514388,0.5221843356492006,0.58289824077481,0.7201154257336166,0.7362415078498696,0.6734857906986693,0.7296357963238986,0.7040494679759117,0.5910738126404924,0.8700283122592796,0.9327809401874436,0.9327809401874436,1.0138766439715319
HRI-L,0.3626666666666667,0.34892086330935257,0.4677103718199609,0.44787644787644787,0.5608740894901145,0.5527950310559007,0.6556291390728477,0.6411378555798688,0.7241379310344827,0.8703241895261846,0.9329896907216495,1.2796352583586628,1.34375,1.186588921282799,1.5337837837837838,1.5510204081632653,0.9736842105263157,0.9379844961240309,0.9011406844106464,1.0325203252032522,1.074688796680498,1.272727272727273,1.5597269624573378,1.7173913043478262,1.707581227436823,1.6041666666666665,1.640845070422535,1.8462998102466792,1.8735632183908044,1.7573529411764706,1.7777777777777777,1.808988764044944,1.6978417266187051,1.5337837837837838,1.640845070422535,1.7777777777777777,1.6785714285714284,1.6978417266187051,1.6132404181184667,1.5510204081632653,1.7675276752767526,1.5773195876288661,1.4193548387096775,1.450980392156863,1.5337837837837838,1.6595744680851063,1.9296875,1.952755905511811,1.8195488721804511
GNC-L,0.1309523809523807,-0.028901734104046284,-0.05882352941176461,-0.20567375886524808,-0.0943396226415093,-0.18048780487804872,-0.26315789473684215,-0.30434782608695643,-0.23636363636363633,-0.3170731707317074,-0.26637554585152834,-0.4136125654450261,-0.3500967117988393,-0.29263157894736846,-0.2186046511627907,-0.24494382022471906,-0.42759795570698433,-0.47499999999999987,-0.5007429420505202,-0.5459459459459458,-0.4985074626865672,-0.4632587859424919,-0.4700315457413248,-0.42465753424657526,-0.3868613138686131,-0.3999999999999999,-0.4256410256410257,-0.42367066895368755,-0.42068965517241375,-0.4305084745762713,-0.47499999999999987,-0.46666666666666656,-0.5058823529411764,-0.5477792732166891,-0.5519999999999999,-0.5459459459459458,-0.532033426183844,-0.5307262569832403,-0.5333333333333333,-0.4758190327613103,-0.46496815286624193,-0.5014836795252227,-0.4563106796116504,-0.47335423197492166,-0.4782608695652174,-0.43243243243243246,-0.39676840215439846,-0.4021352313167259,-0.3789279112754158
HSBA-L,0.054367745876603646,0.1045883940620782,0.17939481268011526,0.06784083496412263,0.06993464052287579,0.03782859488692125,0.15119665049341569,0.03651433326401654,0.20073469706721547,0.35214892924144037,0.5018363642216852,0.551170218258026,0.5986344111344111,0.7087699759933579,1.2841883306999584,1.0669212588404506,0.6479882251694331,0.5550997184942719,0.5924140437759116,0.2937315360919155,0.28425860643433887,0.3026538225477218,0.4703607517978774,0.5453130619902173,0.5610314402431376,0.582153644009314,0.09547287776152369,0.2856033798442177,0.11944493070547302,0.2693215071090491,0.3113497759692687,0.49634518921539006,0.694034119008248,0.582153644009314,0.6419274192594151,0.9289100200333507,0.9108968525310936,0.9094109296286588,0.9971553115107405,1.2032323512808034,1.2506896934028005,1.4239905779886035,1.5366760903950984,1.490367601929468,1.4336000550073886,1.2652236674376893,1.2161574508144906,1.442071064646898,1.467841663821563
AV-L,0.07779578606158832,0.028904947192885055,0.003252032520325132,0.008719346049046228,0.06563039723661501,0.004885993485342244,0.0358142137660884,-0.05705552725420271,-0.006974248927038573,0.045762711864406835,0.03465623253214112,0.012028430836522608,0.021523178807946852,-0.06467913087417898,0.07616279069767429,0.07992998833138865,-0.22487437185929637,-0.1816976127320955,-0.16471119133573997,-0.2089743589743589,-0.22552301255230134,-0.1268867924528302,-0.05464759959141974,0.08626760563380276,0.12454434993924668,0.0774155995343424,0.13488657265481319,0.23729946524064172,0.3640383198231394,0.399092970521542,0.38340807174887903,0.31743772241992896,0.3906836964688205,0.28363384188626917,0.34227701232777363,0.3865168539325843,0.4129770992366415,0.43711180124223614,0.5348258706467663,0.5515507124895225,0.5476588628762544,0.5820512820512822,0.5297520661157027,0.5929432013769365,0.6067708333333333,0.5073289902280129,0.5024350649350648,0.4927419354838709,0.4173047473200613
CRU-L,0.048387096774193505,0.05084745762711873,-0.03125,-0.06766917293233088,-0.03875968992248058,-0.10144927536231885,0.11711711711711703,0.11711711711711703,0.13761467889908263,0.1071428571428572,0.1588785046728971,0.3052631578947369,0.3932584269662922,0.45882352941176463,0.3932584269662922,0.45882352941176463,0.2525252525252526,0.3052631578947369,0.2525252525252526,0.5696202531645569,0.5696202531645569,0.5696202531645569,0.5308641975308641,1.0327868852459017,1.0327868852459017,1.0327868852459017,1.1016949152542375,0.7464788732394365,0.6533333333333333,0.6533333333333333,0.6533333333333333,0.6533333333333333,0.05982905982905984,-0.015873015873015928,-0.03125,-0.10410476078730124,-0.10410476078730124,-0.1693686523855772,-0.23521138115989126,-0.25783826337409554,-0.2873560597171714,-0.3183405788599031,-0.2534206339894176,-0.2534206339894176,-0.20616877538115297,-0.2534206339894176,-0.0777549008104571,-0.03518974238632444,-0.0911207718132041
KLR-L,-0.0036832412523020164,-0.003669724770642202,-0.06217616580310881,-0.14488188976377958,-0.11707317073170731,-0.021621621621621623,0.020676691729323293,0.03824091778202687,0.15286624203821653,0.308433734939759,0.2928571428571429,0.38167938931297707,0.39230769230769225,0.4715447154471544,0.7129337539432177,0.5877192982456141,0.308433734939759,0.18300653594771243,0.08817635270541091,0.15531914893617027,0.09255533199195165,0.3211678832116789,0.4755434782608696,0.4289473684210525,0.39588688946015416,0.27764705882352936,0.1627408993576016,0.1778741865509761,0.188183807439825,0.044230769230769296,0.0,0.1195876288659794,0.27764705882352936,0.38520408163265296,0.347394540942928,0.4557640750670242,0.44799999999999995,0.5083333333333333,0.47956403269754766,0.5603448275862069,0.7861842105263157,0.6160714285714286,0.5970588235294119,0.569364161849711,0.8986013986013985,0.8986013986013985,1.0725190839694658,0.8986013986013985,1.0413533834586466
ECORE-L,0.0714285714285714,-0.045454545454545414,-0.125,-0.1063829787234043,-0.125,0.1200000000000001,0.19999999999999996,0.3125,0.40000000000000013,0.3125,0.2727272727272727,0.7142857142857144,0.6470588235294117,0.423728813559322,0.5,0.423728813559322,0.5,0.4736842105263157,0.40000000000000013,0.3770491803278688,0.2727272727272727,0.18309859154929575,0.0769230769230771,-0.06666666666666654,0.16666666666666674,0.16666666666666674,0.0769230769230771,0.012048192771084265,0.012048192771084265,0.03703703703703698,0.23529411764705888,0.21739130434782616,0.1200000000000001,0.10526315789473695,0.03703703703703698,0.012048192771084265,-0.03448275862068961,-0.09677419354838712,-0.05617977528089879,-0.08695652173913049,-0.023255813953488302,-0.08695652173913049,-0.045454545454545414,0.0769230769230771,0.3125,-0.08695652173913049,-0.1063829787234043,-0.15999999999999992,-0.2075471698113207
SHEL-L,0.02273984346342317,0.0019592607239007354,0.027897403360858997,-0.06769129798588391,-0.030503378875157305,-0.04533936651583703,0.05471657103112504,0.0074809384724370265,0.10587607908914398,0.3644118948181361,0.46511470623874573,0.21319687304052515,0.28659326459375056,0.23580321814559824,0.2536959051081995,0.3942337047979696,0.1718025243698127,0.09342901100241363,0.042406891188108364,0.049492613423245846,0.0480466286748511,0.08245751368795529,0.140914315670422,0.08250384394150845,0.15774279813854686,0.12059501184378085,0.01840210679162957,0.1356048544068429,0.09434354393897992,0.10972860060724798,0.2240654165840379,0.31613452536995523,0.3670466710187241,0.37000616025732525,0.3488154682066946,0.43515509875994995,0.46802684490125235,0.4620227762741558,0.4545121856777494,0.5007813965399441,0.5233974843382956,0.4760426538091602,0.5066485035831467,0.5309982641853566,0.5756739318924533,0.6071917883778071,0.5917169652361705,0.6119114934984364,0.722026014427058
BTW_pa-L,-0.00545454545454549,-0.005424954792043413,-0.017857142857142905,-0.023090586145648295,-0.054982817869415834,-0.05982905982905984,-0.06303236797274281,-0.06462585034013602,-0.06621392190152797,-0.07251264755480602,-0.10130718954248363,-0.10277324632952689,-0.10423452768729646,-0.10569105691056913,-0.1283676703645008,-0.12140575079872207,-0.13385826771653542,-0.12140575079872207,-0.07407407407407407,0.005484460694698434,0.0185185185185186,0.026119402985074647,0.0,0.029962546816479474,0.06382978723404253,0.07421875,0.10000000000000009,0.17021276595744683,0.1410788381742738,0.14583333333333326,0.15062761506276146,0.18025751072961382,0.18025751072961382,0.1652542372881356,0.15546218487394947,0.20350109409190376,0.19565217391304346,0.24153498871331824,0.25858123569794045,0.2790697674418605,0.22222222222222232,0.22222222222222232,0.22222222222222232,0.2276785714285714,0.25,0.20879120879120872,0.14583333333333326,0.15062761506276146,0.1777301927194861
BZT-L,0.06071428571428572,1.616822429906542,1.2222222222222223,0.8760473913959683,0.6571751957331051,0.675795141752578,0.21751647033452626,0.16977072639983914,-0.09333879868705464,1.1306538230854213,1.6873111282158462,1.4652192994376771,1.4652192994376771,1.4652192994376771,0.6571751957331058,0.5699554485892577,0.569955448589258,0.2428813967998289,0.10478346382207016,0.10478346382207016,-0.03776924118722946,-0.06783895240012827,-0.06783895240012827,-0.06783895240012827,-0.17141240213344733,-0.2897820589715264,-0.3371299217067578,-0.35154014080008933,-0.35154014080008933,-0.36533715908093833,-0.36533715908093833,-0.3220646926546388,-0.6299112466104728,-0.6299112466104728,-0.6299112466104728,-0.6299112466104728,-0.6299112466104728,-0.6299112466104728,-0.6299112466104728,-0.6299112466104728,-0.6299112466104728,-0.6299112466104728,-0.6299112466104728,-0.6299112466104728,-0.6299112466104728,-0.4034169295360821,-0.3571303120000885,-0.37855930160008555,-0.3862314089877388
AZN-L,-0.09736379613356771,0.02522522522522519,0.12450592885375489,0.16837782340862417,0.2247094274644854,0.1527552674230146,0.16550594018844733,0.16933826551582398,-0.06322028317418515,0.12406163571710782,0.02338129496402863,0.05605048255382328,0.18098796180987953,0.25109938434476686,0.4246369554331495,0.2832656743346864,0.24453193350831137,0.09803164801235043,0.11787819253438103,0.09887987640015439,0.08092705167173264,0.05644262903824737,0.059590316573556734,0.29612756264236895,0.4589743589743589,0.5013192612137203,0.3847651496714528,0.461973278520041,0.4091134224863793,0.4056324110671936,0.5508312891796128,0.5328663793103448,0.6280400572246065,0.5491423904165531,0.5916083916083916,0.7550894509561998,0.7427258805513017,0.7221549636803872,0.7736907730673317,0.843213475866537,1.0063469675599435,0.9756944444444444,1.0888399412628487,1.0660856935366736,1.0497118155619596,1.2454617205998422,1.2296238244514104,1.2723642172523961,1.1667936024371666
HID-L,0.0,0.0,0.0,0.0,0.0,-0.09090909090909094,-0.09090909090909094,-0.09090909090909094,-0.16666666666666663,-0.16666666666666663,-0.2857142857142857,-0.375,-0.375,-0.375,-0.375,-0.375,-0.375,-0.375,-0.375,-0.375,-0.375,-0.35064935064935066,-0.33333333333333337,-0.3548387096774194,-0.3548387096774194,-0.3548387096774194,-0.3548387096774194,-0.3548387096774194,-0.2857142857142857,-0.2857142857142857,-0.2857142857142857,-0.2857142857142857,-0.2857142857142857,-0.31034482758620685,-0.31034482758620685,-0.3421052631578947,-0.3421052631578947,-0.3421052631578947,-0.4736842105263158,-0.4736842105263158,-0.4736842105263158,-0.4736842105263158,-0.4736842105263158,-0.4444444444444444,-0.4444444444444444,-0.4444444444444444,-0.4444444444444444,-0.4736842105263158,-0.4444444444444444
SBRY-L,0.0607441154138193,-0.101637107776262,-0.11253369272237201,-0.2351916376306621,-0.11847389558232924,-0.19939209726443763,-0.13412228796844183,-0.16645569620253164,-0.1442495126705653,-0.08921161825726143,-0.23072429906542058,-0.2687395891171571,-0.33752515090543267,-0.3874418604651162,-0.4203345070422535,-0.38169014084507047,-0.3822701688555348,-0.39587155963302756,-0.33484848484848484,-0.3111924686192469,-0.3787735849056604,-0.29421221864951774,-0.3280612244897959,-0.36315280464216637,-0.33752515090543267,-0.33951855566700095,-0.2826797385620915,-0.23960739030023104,-0.2280187573270811,-0.10651289009497977,-0.05251798561151089,-0.01274362818590713,-0.022997032640949544,0.06899350649350633,0.01777434312210202,-0.14812419146183708,-0.11847389558232924,-0.09422283356258587,-0.11610738255033559,-0.1514175257731959,-0.1380890052356022,-0.13355263157894737,-0.16434010152284262,-0.10286103542234326,-0.10772357723577242,-0.12316910785619173,-0.15792838874680304,-0.15792838874680304,-0.147020725388601
KBT-L,0.18918918918918926,0.08823529411764675,0.02777777777777768,0.0,0.05714285714285694,0.15625,0.4230769230769229,0.3214285714285714,0.48,0.19354838709677402,0.08823529411764675,0.05714285714285694,0.15625,0.1212121212121211,0.1212121212121211,0.08823529411764675,-0.07499999999999996,-0.27450980392156854,-0.24489795918367352,-0.39344262295081966,-0.4307692307692308,-0.5316455696202533,-0.5316455696202533,-0.5432098765432098,-0.5934065934065932,-0.5842696629213482,-0.5647058823529412,-0.5066666666666668,-0.5647058823529412,-0.6105263157894738,-0.6336633663366337,-0.6605504587155964,-0.5747126436781609,-0.6666666666666666,-0.6105263157894738,-0.6185567010309279,-0.5747126436781609,-0.6890756302521008,-0.7218045112781954,-0.7448275862068966,-0.7823529411764707,-0.8010752688172043,-0.8471074380165289,-0.8629629629629629,-0.8821656050955414,-0.8850931677018634,-0.8829113924050633,-0.8814102564102564,-0.8836477987421384
BRLA-L,0.19505494505494503,0.21333333333333337,0.2465753424657533,0.2682926829268293,0.2013201320132012,0.039999999999999813,0.11656441717791433,0.05507246376811592,0.2465753424657533,0.5358649789029537,0.7009345794392521,0.5555555555555556,0.4163424124513617,0.4979423868312758,1.0449438202247188,1.275,0.039999999999999813,0.058139534883721034,0.06122448979591821,-0.13539192399049882,-0.13333333333333341,-0.10565110565110569,-0.05943152454780376,-0.1312649164677805,-0.07379134860050895,-0.13539192399049882,-0.29729729729729737,-0.18568232662192397,-0.32965009208103135,-0.26907630522088355,-0.21382289416846645,-0.1435294117647059,-0.10344827586206884,-0.14953271028037396,-0.05699481865284983,0.08333333333333326,0.11656441717791433,0.12345679012345667,0.08333333333333326,0.09638554216867457,0.16666666666666652,0.0930930930930931,0.09969788519637457,0.0930930930930931,0.14465408805031443,0.09638554216867457,0.03409090909090895,0.2093023255813955,0.23389830508474563
RCH-L,0.20913242009132427,-0.033539276257722905,0.01295097132284928,0.01201478743068396,-0.016172506738544534,-0.025800711743772187,-0.022321428571428492,-0.047826086956521574,0.040874524714829,0.10606060606060597,0.18892508143322484,0.3468634686346863,0.26152073732718906,0.20329670329670346,0.34852216748768483,0.21396895787139703,0.09063745019920333,0.13471502590673579,-0.024064171122994638,0.0101476014760149,-0.006352087114337546,0.08308605341246289,0.06001936108422079,0.12077789150460605,0.15628299894403397,0.15628299894403397,0.08955223880597019,0.10942249240121593,0.20727673649393608,0.2837045720984759,0.2600690448791716,0.20594713656387675,0.1370716510903427,0.17237687366167043,0.12192622950819687,0.18634886240520054,0.15995762711864425,0.2867215041128086,0.3272727272727274,0.33699633699633713,0.43700787401574814,0.2557339449541285,0.19541484716157198,0.25,0.32566585956416483,0.24431818181818188,0.3551980198019804,0.5823699421965318,0.5823699421965318
DSCV-L,0.0,0.06842105263157894,0.046391752577319645,0.05729166666666652,0.1032608695652173,0.09729729729729719,0.27994955863808313,0.1941176470588235,0.17341040462427726,0.23780487804878048,0.4710144927536233,0.28481012658227844,0.6916666666666667,0.8288288288288288,0.9519230769230769,1.114583333333333,0.5149253731343282,0.3533333333333335,0.4356435643564358,0.6557911908646004,0.5543644716692191,0.5402124430955992,0.4479315263908701,0.5081723625557206,0.3961485557083906,0.3772048846675713,0.31306597671410086,0.33027522935779796,0.32333767926988255,0.33027522935779796,0.06505771248688341,0.05399792315680174,0.051813471502590636,0.03255340793489303,0.06060606060606055,0.06617647058823528,0.05399792315680174,0.00794438927507457,-0.045155221072436635,-0.04064272211720221,-0.04245283018867929,-0.07221206581352835,-0.08227848101265833,-0.092128801431127,-0.08227848101265833,-0.0855855855855856,-0.08393501805054149,-0.08393501805054149,-0.031488549618320705
HILS-L,-0.1338028169014085,0.021582733812949728,0.08396946564885499,0.051851851851851816,0.109375,0.06766917293233088,0.051851851851851816,0.35238095238095246,0.5268817204301075,0.49473684210526314,0.463917525773196,0.595505617977528,0.8933333333333335,0.8441558441558443,0.5777777777777777,0.5106382978723405,0.35238095238095246,0.08396946564885499,0.051851851851851816,0.13600000000000012,0.17355371900826455,0.5268817204301075,0.43434343434343425,0.30275229357798183,0.23478260869565215,0.23478260869565215,0.19327731092436995,0.19327731092436995,0.30275229357798183,0.17355371900826455,0.021582733812949728,0.051851851851851816,0.051851851851851816,-0.19774011299435024,-0.12883435582822078,-0.07792207792207784,-0.020689655172413723,-0.12883435582822078,-0.14970059880239506,-0.15476190476190477,-0.18390804597701138,-0.2828282828282829,-0.37168141592920356,-0.34259259259259256,-0.3660714285714286,-0.37923497267759554,-0.3688888888888888,-0.2647249190938511,-0.2922118380062304
HDT-L,-0.08403361344537819,0.08181818181818179,0.1333333333333333,0.3600000000000001,0.3005464480874316,0.043859649122807154,0.2142857142857144,0.1724137931034484,0.09677419354838701,0.20812182741116736,0.19000000000000017,0.1840796019900497,0.1609756097560977,0.10697674418604652,0.10697674418604652,0.10697674418604652,-0.016528925619834656,-0.05555555555555558,-0.11851851851851836,-0.11851851851851836,-0.20666666666666667,-0.20666666666666667,-0.20666666666666667,-0.20666666666666667,-0.23225806451612907,-0.23225806451612907,-0.2787878787878787,-0.2787878787878787,-0.2787878787878787,-0.2222222222222222,-0.23225806451612907,-0.17931034482758612,-0.22727272727272718,-0.20134228187919456,-0.21452145214521445,-0.19594594594594594,-0.28955223880597014,-0.32577903682719545,-0.32577903682719545,-0.3314606741573034,-0.3314606741573034,-0.4049999999999999,-0.37368421052631584,-0.3567567567567568,-0.15771327080427855,-0.10197370784279713,-0.08171747568887511,-0.08171747568887511,-0.0885703303479134
C1Y-L,-0.021505376344086002,-0.05423728813559325,-0.11428571428571432,-0.04123711340206182,-0.03125,-0.07920792079207917,0.029520295202952074,-0.04778156996587035,0.19742489270386265,0.15767634854771795,0.14814814814814814,0.273972602739726,0.55,0.16736401673640167,0.3880597014925373,0.06083650190114076,-0.03125,-0.15197568389057747,-0.28644501278772383,-0.22714681440443218,-0.20057306590257884,-0.256,-0.3211678832116789,-0.35862068965517246,-0.35266821345707655,-0.37303370786516854,-0.35862068965517246,-0.2827763496143959,-0.24390243902439024,-0.24390243902439024,-0.2827763496143959,-0.31449631449631454,-0.2972292191435768,-0.25994694960212206,-0.30597014925373134,-0.32445520581113807,-0.4475247524752475,-0.4685714285714285,-0.4785046728971962,-0.41014799154334036,-0.3908296943231441,-0.4695817490494296,-0.5485436893203883,-0.5456026058631922,-0.5255102040816326,-0.5411184210526316,-0.5441176470588236,-0.555732484076433,-0.5613207547169812
GBGP-L,1.1052631578947367,0.5573770491803278,0.46153846153846145,0.5833333333333333,0.3380281690140845,0.2666666666666666,0.14457831325301207,0.23376623376623384,0.6666666666666667,0.5573770491803278,0.1728395061728396,0.7272727272727273,0.7924528301886793,0.484375,0.5079365079365079,0.3571428571428572,0.3194444444444444,0.14457831325301207,0.0,0.3013698630136987,0.11764705882352944,-0.020618556701030966,0.09195402298850586,-0.05940594059405946,0.37681159420289845,0.14457831325301207,0.23376623376623384,0.6101694915254237,0.23376623376623384,-0.25196850393700787,0.3571428571428572,-0.13636363636363635,-0.19491525423728817,-0.3666666666666667,0.0,-0.20833333333333337,-0.2338709677419355,-0.43452380952380953,-0.3537414965986394,-0.49468085106382975,-0.5869565217391304,-0.7301136363636364,-0.7564102564102564,-0.7432432432432432,-0.7270114942528736,-0.7273142397003474,-0.7349739520683152,-0.7517124393061058,-0.7568317704544335
ATST-L,0.029641185647425905,0.03974047039740469,0.09441693699846332,0.025600000000000067,0.03637833468067897,0.019888623707239317,0.02314445331205106,0.003129890453834161,0.051336722978514215,0.07280334728033466,0.07101086048454475,0.10650785430692244,0.14669051878354233,0.14771709937332145,0.32987551867219955,0.29051741493859473,0.07731092436974807,0.06301824212271989,0.054276315789473895,0.06655574043261248,0.09760273972602751,0.14362176628010714,0.20262664165103206,0.2593320235756382,0.3382045929018793,0.3382045929018793,0.24466019417475704,0.35805084745762805,0.30549898167006106,0.346638655462185,0.38146551724137967,0.4032399299474605,0.44924259552340073,0.36673773987206815,0.4041621029572837,0.45121122934118185,0.3952982150631261,0.4128278598192643,0.4165745856353589,0.4298460852107966,0.5117924528301887,0.4872389791183296,0.4681630783325703,0.4515398550724641,0.49417249417249454,0.5089453860640303,0.5117924528301887,0.559610705596107,0.5827160493827159
JET2-L,0.0023866348448686736,0.1769662921348314,0.15426997245179064,0.14168937329700282,0.06075949367088618,-0.0023809523809523725,0.0475000000000001,0.0661577608142494,0.04488778054862852,0.12938005390835583,0.1203208556149733,0.14168937329700282,0.18361581920903958,0.16388888888888897,0.15426997245179064,0.21449275362318843,-0.05310734463276834,-0.06888888888888889,-0.05842696629213484,0.146374829001368,0.2127351664254704,0.2488822652757079,0.2716236722306524,0.2677760968229954,0.3626016260162601,0.7642105263157895,0.6271844660194175,0.6463654223968567,0.9088838268792712,0.9002267573696145,0.866369710467706,0.9002267573696145,0.7716701902748415,0.692929292929293,0.639921722113503,0.6271844660194175,0.7349896480331264,0.49110320284697506,0.4523396880415944,0.5992366412213741,0.6496062992125984,0.8138528138528138,0.8377192982456141,0.8060344827586208,0.9220183486238531,0.8377192982456141,0.9398148148148149,0.9579439252336448,1.0439024390243903
HWDN-L,0.16233766233766245,-0.03749999999999987,-0.11494252873563204,-0.10982658959537572,0.22222222222222232,-0.03749999999999987,0.033557046979865834,-0.1348314606741572,0.11594202898550732,0.193798449612403,-0.03749999999999987,0.06944444444444442,0.1492537313432838,0.07692307692307687,0.04054054054054057,-0.03749999999999987,-0.3125,-0.4031007751937985,-0.5157232704402515,-0.5769230769230769,-0.536144578313253,-0.69921875,-0.6818181818181819,-0.6791666666666667,-0.6857142857142857,-0.6818181818181819,-0.7380952380952381,-0.7398648648648649,-0.7389830508474575,-0.7015503875968992,-0.7105263157894737,-0.7179487179487178,-0.7389830508474575,-0.8045685279187818,-0.7979002624671916,-0.7941176470588235,-0.8010335917312661,-0.8079800498753117,-0.8050632911392405,-0.8035714285714286,-0.7824858757062146,-0.7861111111111111,-0.7896174863387978,-0.7849162011173184,-0.7630769230769231,-0.7563291139240507,-0.7623456790123457,-0.7593749999999999,-0.7563291139240507
ADIG-L,0.06802721088435382,0.0788990825688074,0.09293680297397766,0.07299270072992692,0.05945945945945952,0.05755395683453246,0.09293680297397766,0.053763440860215006,0.08487084870848705,0.0652173913043479,0.08487084870848705,0.12643678160919536,0.15748031496062986,0.15976331360946738,0.33333333333333326,0.35483870967741926,0.08687615526802217,0.10943396226415092,0.05755395683453246,0.08287292817679548,0.07495429616087756,0.12643678160919536,0.17599999999999993,0.21739130434782616,0.34246575342465757,0.3183856502242153,0.2148760330578512,0.34246575342465757,0.2923076923076924,0.3303167420814479,0.327313769751693,0.3770491803278688,0.42028985507246386,0.41686746987951806,0.4271844660194175,0.4773869346733668,0.4886075949367088,0.5193798449612403,0.4923857868020305,0.5076923076923077,0.5392670157068062,0.5352480417754568,0.5473684210526315,0.4923857868020305,0.5473684210526315,0.53125,0.5154639175257731,0.5934959349593496,0.5555555555555556
BATS-L,-0.07677165354330706,-0.034220532319391594,-0.2580331061343719,-0.27840909090909094,-0.28785046728971964,-0.3733552631578947,-0.35804549283909015,-0.26941514860977944,-0.255859375,-0.34310344827586203,-0.3824959481361426,-0.2573099415204678,-0.293790546802595,-0.2529411764705882,-0.1589403973509934,-0.010389610389610393,-0.2671905019764681,-0.18483209243649767,-0.1031681594585655,-0.128342386561483,-0.17672768904729952,-0.21941109244311907,-0.12527316961275603,-0.10959706154129989,-0.0925208408037358,-0.06520255943564501,-0.10397684461685375,-0.04176501512062736,-0.013217796107339197,-0.09002776619055919,-0.08668228003684808,-0.03991335331409751,-0.022920669301957353,-0.0891936944822096,0.03401631562945817,0.032941454594500374,0.05152347017979819,0.18296390395227302,0.15143647661634918,0.12663228947835514,-0.023880472180835555,-0.012236899284384206,-0.03712240375977771,-0.02002990205137145,0.041603437442253144,-0.12986893229429997,-0.14484537063691127,-0.12062860237176154,-0.10879849388348939
CTID-L,-0.023809523809523725,0.23529411764705888,-0.32258064516129037,-0.32258064516129037,-0.25,0.024390243902439046,-0.2222222222222222,-0.2222222222222222,-0.045454545454545414,0.0,-0.15999999999999992,-0.27586206896551724,-0.27586206896551724,-0.27586206896551724,-0.38235294117647056,-0.5384615384615384,-0.7083333333333333,-0.7307692307692307,-0.7123287671232876,-0.7272727272727273,-0.7375,-0.7375,-0.7439024390243902,-0.7558139534883721,-0.7666666666666666,-0.7765957446808511,-0.7375,-0.6499999999999999,-0.6440677966101696,-0.6557377049180327,-0.676923076923077,-0.6956521739130435,-0.7375,-0.78125,-0.7835051546391752,-0.7835051546391752,-0.7835051546391752,-0.7789473684210526,-0.8,-0.8108108108108107,-0.8141592920353982,-0.8292682926829268,-0.8372093023255814,-0.8372093023255814,-0.8372093023255814,-0.8372093023255814,-0.8372093023255814,-0.8372093023255814,-0.8372093023255814
BGFD-L,0.07746196957566065,0.20501688374336702,0.2609793033821304,0.3924191750278707,0.5700817096165931,0.6912660798916721,1.1442060085836911,1.1151566469093992,1.1627705627705627,1.7663344407530457,1.7420417124039518,1.8979118329466358,1.8225988700564972,2.027878787878788,2.5533428165007117,2.265359477124183,2.0060168471720816,1.931924882629108,2.178117048346056,2.027878787878788,2.162025316455696,1.6574468085106386,1.5489795918367348,1.8451025056947605,1.81941309255079,1.575257731958763,1.4346978557504877,1.3790476190476193,1.0576606260296542,1.1205432937181667,1.135042735042735,1.4732673267326732,1.7602209944751381,1.6574468085106386,1.6947141316073355,1.5886010362694303,1.4806355511420062,1.2047661076787293,0.9561472200469852,0.9936153232242619,0.9127105666156203,0.7997118155619596,0.746853146853147,0.6924119241192412,0.7517531556802246,0.8049132947976878,0.7395543175487467,0.7817403708987161,0.881024096385542
HWC-L,0.1875,-0.1578947368421053,-0.19999999999999996,-0.28888888888888886,-0.30434782608695643,-0.346938775510204,-0.346938775510204,-0.23809523809523814,-0.3191489361702128,-0.36,-0.030303030303030387,-0.05882352941176461,-0.05882352941176461,0.0,-0.19999999999999996,0.3333333333333335,-0.19999999999999996,-0.2727272727272727,-0.19999999999999996,-0.05882352941176461,0.3333333333333335,0.23076923076923062,0.1428571428571428,-0.1578947368421053,-0.05882352941176461,0.0,0.3333333333333335,0.3333333333333335,0.23076923076923062,0.23076923076923062,0.1428571428571428,0.0,-0.08571428571428574,-0.19999999999999996,-0.2195121951219513,0.0,-0.05882352941176461,-0.08571428571428574,-0.23809523809523814,-0.40740740740740733,-0.4285714285714286,-0.5151515151515151,-0.5428571428571429,-0.5789473684210527,-0.5789473684210527,-0.627906976744186,-0.5,-0.5151515151515151,-0.5
INCH-L,0.01865671641791078,-0.1169686985172983,-0.18167938931297722,-0.3154533844189017,-0.30569948186528506,-0.31282051282051293,-0.19212791595776646,-0.20676810199477547,-0.15230323575850158,-0.18666932079531884,-0.283494401653019,-0.06687643005974564,-0.02135820713583103,0.1355937785121959,0.051292056963256005,-0.20807275972175787,-0.3082014912511909,-0.3631061348026835,-0.4575107462152742,-0.4650091532342544,-0.44783054806287725,-0.4128149242814987,-0.15823118515879164,-0.2523419843335851,-0.4212839397966692,-0.4401258580358475,-0.5805820887724988,-0.5606826988237489,-0.5791155925793956,-0.5776388051849375,-0.5891708514597516,-0.5875873558122732,-0.5370271518373353,-0.549165016770439,-0.5352396118830394,-0.5431766963100841,-0.5423082109418527,-0.5877639023209151,-0.564851548044129,-0.5953850738746462,-0.5320779765897266,-0.6014141042308188,-0.6166466862347362,-0.5947039039653442,-0.5849208947507145,-0.5423082109418526,-0.5421445667946232,-0.5036167401142564,-0.4894042819839117
FSV-L,0.10031347962382453,0.00630914826498441,0.03571428571428581,-0.019969278033794113,0.022435897435897356,0.05280528052805278,0.11343804537521818,0.13928571428571423,0.23166023166023186,0.3073770491803278,0.372043010752688,0.33472803347280333,0.3073770491803278,0.28629032258064524,0.3632478632478633,0.276,0.012698412698412875,-0.02297090352220521,-0.08069164265129691,0.022435897435897356,0.015923566878981,0.08135593220338988,0.10380622837370246,0.16849816849816834,0.16000000000000014,0.20377358490566033,0.24609375,0.2941176470588236,0.3073770491803278,0.27345309381237515,0.23166023166023186,0.20833333333333348,0.23643410852713176,0.20833333333333348,0.18148148148148158,0.26587301587301604,0.26587301587301604,0.3073770491803278,0.276,0.27091633466135456,0.31275720164609067,0.276,0.22222222222222232,0.276,0.3403361344537814,0.49065420560747675,0.5263157894736843,0.519047619047619,0.49065420560747675
TRFT-L,-0.0024875621890546595,0.0691489361702129,-0.024271844660194164,-0.05633802816901401,0.046875,0.22188449848024305,0.4285714285714284,0.5,0.5402298850574712,0.6890756302521008,0.8440366972477065,0.9216061185468452,0.9900990099009901,0.9514563106796117,0.8372943327239488,0.763157894736842,0.6448445171849428,0.6666666666666667,0.5461538461538462,0.5227272727272727,0.4823008849557522,0.5952380952380951,0.7091836734693877,0.8440366972477065,0.8440366972477065,0.9142857142857141,0.8837863167760074,0.8732525629077355,0.9571567672833494,0.9571567672833494,0.9457889641819943,0.9686581782566113,1.0120120120120122,1.0531154239019407,1.2160970231532522,1.2660653889515219,1.2584269662921348,1.3730814639905549,1.4422843256379103,1.4572127139364301,1.4876237623762374,1.5572519083969465,1.5637755102040813,1.5572519083969465,1.6587301587301586,1.6587301587301586,1.6587301587301586,1.6657824933687002,1.6517150395778364
JDW-L,0.09250000000000003,0.17647058823529416,0.19402985074626855,0.199400299850075,0.2422360248447204,0.34453781512605053,0.27591706539074967,0.34003350083752104,0.4336917562724014,0.7660044150110374,1.0,1.272727272727273,0.927710843373494,1.0779220779220777,1.191780821917808,1.359882005899705,0.5841584158415842,0.35593220338983045,0.29032258064516125,0.23076923076923084,0.1887072808320951,0.4184397163120568,0.4285714285714286,0.1922503725782414,0.30081300813008127,0.23456790123456783,0.3508949679162443,0.415929203539823,0.4487504527345163,0.4652014652014651,0.5009380863039399,0.7204301075268817,0.6877637130801688,0.75054704595186,0.7660044150110374,0.7167381974248928,0.6096579476861168,0.6494845360824741,0.8034265103697023,1.1108179419525066,1.2909507445589918,1.0491803278688527,1.1208907741251326,1.2471910112359552,1.272727272727273,1.7700831024930745,1.7027027027027026,2.115264797507788,2.139717425431711
BOY-L,-0.053797468354430555,0.2950819672131151,-0.04819277108433706,-0.08139534883720922,-0.1424694708276797,-0.20702634880803006,-0.04531722054380649,-0.17493472584856395,-0.036585365853658236,-0.08670520231213874,-0.04819277108433728,-0.021671826625387136,-0.10227272727272696,-0.16842105263157892,0.13261648745519716,-0.06508875739644959,-0.20802005012531333,-0.25118483412322257,-0.3705179282868526,-0.34439834024896254,-0.2718894009216589,-0.23486682808716697,-0.17493472584856395,-0.12947658402203843,-0.07669025092926351,-0.1530711060835338,-0.13625862183705328,-0.10008331075577148,0.04217896826247802,0.13015511493398568,0.17995856067683924,0.20030267379195732,0.23874653167141502,0.10855979426645734,0.11566594679380593,0.09461564591090466,0.19617792233562747,0.2923139742358938,0.4180793954833715,0.6597252117540806,0.7897423705085103,0.685422232336794,0.6642028876850716,0.6793045472829398,0.8922225062431492,0.9317261076260954,1.2136287214184214,1.2458660328953877,1.2734565246999994
CRGT-L,-0.05555555555555558,-0.09999999999999998,-0.18181818181818177,-0.3571428571428571,-0.3076923076923077,-0.23404255319148937,-0.23404255319148937,0.09090909090909083,-0.12195121951219512,0.125,0.125,0.2857142857142858,0.09090909090909083,0.3846153846153846,0.6363636363636365,-0.6170212765957447,-0.6170212765957447,-0.6,-0.6326530612244898,-0.6727272727272727,-0.6727272727272727,-0.7049180327868853,-0.7313432835820896,-0.7049180327868853,-0.5384615384615384,-0.6326530612244898,-0.6326530612244898,-0.6470588235294117,-0.6,-0.6326530612244898,-0.6326530612244898,-0.6727272727272727,-0.6170212765957447,-0.7,-0.7831325301204819,-0.6727272727272727,-0.7986577181208054,-0.8141455859576665,-0.8389261744966443,-0.8298515927781454,-0.8322147651006712,-0.8410455669374779,-0.8657718120805369,-0.8642636301938014,-0.8595286405493991,-0.8791946308724832,-0.8993288590604027,-0.9017842527418563,-0.9098467394570771
RIICi-L,0.0625,0.012658227848101111,0.012658227848101111,0.03896103896103886,0.012658227848101111,0.012658227848101111,-0.012345679012345734,0.0,0.23076923076923062,0.23076923076923062,0.23076923076923062,0.22137404580152675,0.1428571428571428,0.17647058823529393,0.26984126984126977,0.1594202898550725,0.09589041095890405,0.11111111111111116,0.09589041095890405,0.23076923076923062,0.33333333333333326,0.11111111111111116,0.44404332129963886,0.4760147601476017,0.4814814814814814,0.4925373134328357,0.6000000000000001,0.6528925619834711,0.7021276595744681,0.7241379310344827,0.7543859649122808,0.7777777777777777,0.6260162601626016,0.509433962264151,0.6326530612244896,0.6326530612244896,0.6260162601626016,0.6000000000000001,0.584158415841584,0.593625498007968,0.7391304347826089,0.8779342723004695,0.9138755980861244,0.9417475728155338,1.0408163265306123,1.0618556701030926,1.0,1.0,1.051282051282051
MKS-L,0.19574036511156212,-0.12897526501766776,-0.2168387609213661,-0.38985148514851486,-0.35386631716906947,-0.3274215552523875,-0.3683536194746957,-0.4193168433451119,-0.39210850801479646,-0.40060790273556224,-0.3157529493407356,-0.3829787234042552,-0.4063816977724263,-0.4510022271714923,-0.45039018952062426,-0.544362292051756,-0.5213592233009708,-0.5526315789473684,-0.5510018214936248,-0.5724197745013009,-0.5822033898305086,-0.5701830863121186,-0.571304347826087,-0.5922249793217536,-0.6087301587301588,-0.5959016393442623,-0.6204772902232486,-0.5888240200166805,-0.585016835016835,-0.5152409046214357,-0.509452736318408,-0.5,-0.49070247933884303,-0.5045226130653266,-0.49693877551020416,-0.4864583333333333,-0.5079840319361277,-0.5176125244618396,-0.5152409046214357,-0.4989837398373984,-0.49175257731958766,-0.4821428571428571,-0.46645021645021645,-0.43721461187214605,-0.41725768321513,-0.4247374562427072,-0.42939814814814814,-0.4522222222222222,-0.4384965831435079
BWY-L,-0.08853410740203194,0.12398042414355626,0.18793103448275872,-0.06891891891891888,-0.02269503546099294,-0.048342541436464104,-0.01711840228245365,-0.18845700824499412,0.04552352048558417,0.2194690265486725,0.23698384201077194,0.2325581395348837,0.20454545454545459,0.22380106571936054,0.36978131212723664,0.4566596194503172,0.19618055555555558,0.142620232172471,-0.13442211055276387,-0.041724617524339314,-0.08133333333333337,-0.1278481012658228,-0.008633093525179825,0.05837173579109067,-0.005772005772005762,-0.08010680907877166,-0.0874172185430464,-0.041724617524339314,0.019230769230769162,0.03921568627450989,0.03609022556390973,0.020740740740740726,0.051908396946564794,-0.02545968882602545,-0.0874172185430464,0.142620232172471,0.1388429752066116,0.03765060240963858,0.011747430249632984,0.03609022556390973,0.15993265993266004,0.07656250000000009,0.09365079365079354,0.028358208955223896,0.2527272727272727,0.2527272727272727,0.33011583011583,0.32499999999999996,0.35098039215686283
TPK-L,0.0007507507507507061,0.2507042253521128,0.026194144838212585,-0.11962987442167894,-0.1445086705202312,-0.034082668600435184,-0.0014992503748125774,0.0037678975131876236,0.26736441484300655,0.5894988066825773,0.8500000000000001,0.6546583850931678,0.6048192771084335,0.5119182746878543,0.6649999999999996,0.7572559366754616,0.43225806451612914,0.28200192492781495,0.10723192019950134,0.17150395778364058,0.09359605911330027,0.16637478108581405,0.45256270447110114,0.31231527093596023,0.33869346733668326,0.21643835616438367,0.19247985675917634,0.3253731343283579,0.4170212765957444,0.39769150052465885,0.5016910935738443,0.3760330578512394,0.3874999999999995,0.25897920604914937,0.3058823529411765,0.39769150052465885,0.4767184035476715,0.40506329113924044,0.43225806451612914,0.4750830564784052,0.5894988066825773,0.5240274599542332,0.5560747663551402,0.4932735426008965,0.6403940886699508,0.7389033942558743,0.8813559322033899,0.865546218487395,0.9473684210526314
LPA-L,0.19354838709677424,0.06083650190114076,0.20258620689655182,0.19742489270386265,0.3811881188118811,0.34782608695652173,0.29166666666666674,0.508108108108108,0.5852272727272727,0.951048951048951,1.1968503937007875,1.1627906976744184,1.2320000000000002,1.0364963503649633,1.5135135135135136,1.1136363636363638,0.8,0.8979591836734695,0.8979591836734695,1.1297709923664123,1.3445378151260505,1.0666666666666669,1.4260869565217393,1.3057851239669422,1.4690265486725664,1.6074766355140189,1.2320000000000002,1.3445378151260505,1.3057851239669422,1.4690265486725664,1.5135135135135136,1.70873786407767,1.8469387755102042,2.6233766233766236,2.6233766233766236,2.6233766233766236,2.5316455696202533,2.134831460674157,2.244186046511628,2.2823529411764705,1.9368421052631577,1.6826923076923075,1.5833333333333335,1.5833333333333335,1.4910714285714284,1.90625,2.3214285714285716,3.102941176470588,3.102941176470588
BRSC-L,0.12114537444933915,0.135,0.14501891551071888,0.07838479809976251,0.16410256410256419,0.21715817694369965,0.25761772853185594,0.20584329349269592,0.25068870523415976,0.33137829912023453,0.40993788819875787,0.493421052631579,0.5058043117744611,0.6156583629893237,0.8455284552845528,0.5901926444833625,0.29714285714285715,0.17922077922077917,0.08095238095238089,0.1947368421052631,0.23369565217391308,0.2861189801699717,0.46451612903225814,0.44585987261146487,0.45047923322683703,0.41874999999999996,0.44126984126984126,0.5083056478405317,0.5601374570446735,0.4983498349834983,0.41874999999999996,0.35928143712574845,0.3633633633633633,0.32748538011695905,0.3674698795180722,0.5033112582781456,0.44585987261146487,0.4055727554179567,0.4012345679012346,0.38414634146341453,0.4788273615635179,0.38414634146341453,0.3716012084592144,0.41433021806853576,0.5389830508474576,0.5083056478405317,0.5655172413793104,0.6099290780141844,0.5874125874125875
TW-L,-0.08219178082191769,0.0209790209790206,0.0,-0.22546419098143233,-0.17280453257790385,-0.19559228650137728,-0.18435754189944153,-0.24742268041237137,-0.1797752808988764,-0.1820728291316529,-0.055016181229773364,-0.04262295081967227,-0.08176100628930838,-0.14619883040935688,-0.1797752808988764,0.09363295880149813,-0.10703363914373087,-0.2754342431761788,-0.3610503282275711,-0.3348519362186788,-0.36796536796536794,-0.28606356968215174,-0.17045454545454564,-0.1820728291316529,-0.16091954022988508,-0.20867208672086746,-0.21505376344086025,-0.24155844155844164,-0.17280453257790385,-0.1797752808988764,-0.28606356968215174,-0.2531969309462917,-0.21293800539083574,-0.2395833333333337,-0.1680911680911683,-0.051948051948051854,-0.02666666666666684,-0.058064516129032295,-0.0846394984326021,-0.14117647058823535,-0.10975609756097604,-0.08750000000000024,-0.08176100628930838,-0.1560693641618498,-0.045751633986928164,-0.033112582781457234,0.042857142857142705,0.23728813559322015,0.2695652173913041
CGT-L,0.0024937655860350905,0.022959183673469274,0.022959183673469274,0.012626262626262541,0.028205128205128105,0.039398652151373614,0.04427083333333304,0.08790016277807888,0.08967391304347805,0.11388888888888893,0.12957746478873222,0.1522988505747127,0.1522988505747127,0.2151515151515151,0.21884498480243142,0.22256097560975596,0.1522988505747127,0.15895953757225434,0.1264044943820224,0.17251461988304095,0.19345238095238093,0.25312500000000004,0.26100628930817615,0.268987341772152,0.25312500000000004,0.319078947368421,0.3104575163398693,0.3547297297297296,0.3602442333785616,0.37328767123287654,0.38275862068965516,0.4020979020979021,0.4020979020979021,0.39236111111111116,0.43214285714285716,0.44244604316546754,0.4219858156028369,0.44244604316546754,0.48518518518518494,0.46886446886446875,0.49626865671641784,0.6434426229508199,0.7136752136752134,0.7136752136752134,0.7284482758620687,0.7284482758620687,0.7434782608695651,0.7434782608695651,0.8564814814814816
ABF-L,0.02391629297458886,-0.1231979030144168,-0.13454075032341517,-0.23191733639494827,-0.19928186714542184,-0.20781527531083477,-0.275189599133261,-0.2684527063969381,-0.20828402366863896,-0.28295819935691313,-0.38848263254113335,-0.3907103825136611,-0.3978397839783978,-0.43208828522920195,-0.4141856392294221,-0.33958538993089826,-0.4010743061772605,-0.41315789473684206,-0.398921832884097,-0.41826086956521724,-0.451639344262295,-0.48259860788863107,-0.4363942712721145,-0.37476635514018686,-0.3962093862815884,-0.30457380457380456,-0.3890410958904108,-0.3652751423149905,-0.3523717328170377,-0.37064910630291625,-0.3895985401459853,-0.3765144454799626,-0.3873626373626372,-0.31314168377823404,-0.29355860612460394,-0.30601659751037347,-0.24915824915824913,-0.19784172661870492,-0.18909090909090898,-0.16060225846925968,-0.16583541147132164,-0.13788659793814428,-0.115079365079365,-0.15101522842639592,-0.16583541147132164,-0.17610837438423643,-0.115079365079365,-0.0910326086956521,-0.07212205270457694
ACRM-L,0.0,0.0,-0.10843373493975905,-0.10843373493975905,0.10447761194029859,-0.12941176470588234,-0.22916666666666663,-0.24489795918367352,-0.24489795918367352,-0.24489795918367352,-0.2815533980582524,-0.32727272727272727,-0.4896551724137931,-0.4896551724137931,-0.5375,-0.5771428571428572,-0.6372549019607843,-0.6372549019607843,-0.63,-0.5194805194805194,-0.5888888888888889,-0.5888888888888889,-0.63,-0.5194805194805194,-0.5194805194805194,-0.5194805194805194,-0.5647058823529412,-0.5375,-0.5375,-0.5375,-0.5647058823529412,-0.48611111111111116,-0.5515151515151515,-0.5487804878048781,-0.5647058823529412,-0.5595238095238095,-0.5375,-0.5375,-0.5934065934065934,-0.5888888888888889,-0.5888888888888889,-0.6063829787234043,-0.63,-0.63,-0.6476190476190475,-0.6105263157894737,-0.6105263157894737,-0.6105263157894737,-0.6105263157894737
CKT-L,0.0,0.15384615384615374,0.25,0.19999999999999996,0.19999999999999996,0.060070671378091856,0.36363636363636354,0.948051948051948,0.5625,0.5625,0.5625,0.5625,0.5625,0.19999999999999996,0.6666666666666667,0.2195121951219512,0.07913669064748219,0.034482758620689724,0.0714285714285714,0.0714285714285714,0.034482758620689724,0.19999999999999996,0.36363636363636354,0.5463917525773196,0.5789473684210527,0.5789473684210527,0.875,1.0833333333333335,1.0833333333333335,1.1428571428571428,1.1428571428571428,1.0833333333333335,1.2222222222222223,0.7647058823529411,0.8181818181818183,1.4390243902439024,1.4,1.3255813953488373,1.4390243902439024,1.3076923076923075,1.3076923076923075,1.542372881355932,2.0612244897959187,1.727272727272727,1.727272727272727,2.0,2.3333333333333335,2.0,1.8301886792452833
DIAL-L,0.02400000000000002,0.20918984280532005,0.020408163265305923,-0.005964214711729587,0.157407407407407,0.03734439834024883,-0.001996007984031878,-0.06367041198501866,-0.1039426523297492,-0.09173478655767486,-0.007936507936507686,0.08695652173913038,0.157407407407407,0.12107623318385663,0.4450867052023122,0.37362637362637385,0.13122171945701377,0.03305785123966931,-0.11347517730496459,-0.11660777385159005,-0.027237354085603016,0.23152709359605894,0.20192307692307665,0.2886597938144333,0.256281407035176,0.23152709359605894,0.179245283018868,0.37362637362637385,0.5313935681470143,0.3698630136986303,0.1904761904761907,0.16279069767441845,0.20772946859903385,0.2690355329949239,0.4044943820224718,0.3020833333333335,0.46198830409356795,0.14678899082568808,0.03305785123966931,-0.16666666666666674,-0.09747292418772568,-0.1762767710049422,-0.13793103448275856,-0.11347517730496459,-0.08759124087591252,-0.09090909090909094,-0.03846153846153855,-0.0671641791044777,-0.11347517730496459
BIOM-L,0.2142857142857142,0.40000000000000036,0.0,0.9999999999999996,1.8000000000000007,3.666666666666667,3.666666666666667,3.666666666666667,3.666666666666667,3.666666666666667,3.666666666666667,2.5000000000000004,2.5000000000000004,2.5000000000000004,2.5000000000000004,2.5000000000000004,2.5000000000000004,2.5000000000000004,2.5000000000000004,2.5000000000000004,2.5000000000000004,2.5000000000000004,2.5000000000000004,2.5000000000000004,2.5000000000000004,2.5000000000000004,2.5000000000000004,2.5000000000000004,1.3333333333333335,1.3333333333333335,1.3333333333333335,1.3333333333333335,0.7500000000000002,0.7500000000000002,1.3333333333333335,1.3333333333333335,1.3333333333333335,1.3333333333333335,1.3333333333333335,1.3333333333333335,1.3333333333333335,1.3333333333333335,1.3333333333333335,0.7500000000000002,0.7500000000000002,0.7500000000000002,0.7500000000000002,0.7500000000000002,0.40000000000000036
RNWH-L,0.6799999999999999,0.11111111111111116,0.020408163265306145,0.0,-0.07407407407407407,-0.16666666666666663,-0.038461538461538436,0.13636363636363646,0.28205128205128216,0.28205128205128216,0.25,0.2195121951219512,0.0,0.0,0.0,0.0,0.0,0.04166666666666674,0.08695652173913038,-0.019607843137254943,-0.038461538461538436,-0.05660377358490565,-0.09090909090909094,0.5151515151515151,0.13636363636363646,0.13636363636363646,0.06382978723404253,0.08695652173913038,0.020408163265306145,0.08695652173913038,0.08695652173913038,-0.09090909090909094,0.13636363636363646,0.16279069767441867,0.19047619047619047,0.3157894736842106,0.5625,0.13636363636363646,0.16279069767441867,0.11111111111111116,0.11111111111111116,0.06382978723404253,-0.2063492063492064,-0.3589743589743589,-0.2063492063492064,-0.13793103448275867,-0.07407407407407407,-0.16666666666666663,-0.5098039215686274
VIP-L,-0.027027027027026973,0.019685039370078705,-0.0019267822736031004,-0.03358208955223885,-0.047794117647058876,-0.040740740740740744,0.01171875,-0.011450381679389277,0.11158798283261806,0.13100436681222716,0.182648401826484,0.05284552845528445,0.07024793388429762,0.031872509960159334,0.1511111111111112,0.04858299595141702,-0.16987179487179482,-0.20552147239263807,-0.20795107033639149,-0.21276595744680848,-0.18808777429467083,-0.16720257234726688,-0.20307692307692304,-0.19814241486068107,-0.18296529968454256,-0.18296529968454256,-0.1645161290322581,-0.13666666666666671,-0.125,-0.10069444444444442,-0.13666666666666671,-0.10689655172413792,-0.1308724832214765,-0.12351945854483926,-0.10380622837370246,-0.0564663023679417,-0.040740740740740744,-0.02631578947368418,0.0,0.0077821011673151474,0.015686274509803866,-0.011450381679389277,0.003875968992248069,-0.011450381679389277,0.003875968992248069,0.019685039370078705,0.015686274509803866,0.03600000000000003,0.02777777777777768
DCC-L,-0.003239740820734527,0.046327683615819515,0.006521739130434856,-0.04536082474226788,0.046327683615819515,-0.11387559808612435,-0.10961538461538445,-0.1581818181818181,-0.04536082474226788,-0.10097087378640757,-0.15045871559633006,-0.13860465116279064,-0.11809523809523803,0.2346666666666668,0.3518248175182481,0.07674418604651168,-0.08316831683168324,-0.16576576576576574,-0.18485915492957739,-0.15433789954337895,-0.1345794392523365,-0.20854700854700847,0.07674418604651168,0.1183574879227054,0.1917631917631919,0.18717948717948718,0.17961783439490464,0.15031055900621149,0.2346666666666668,0.2702331961591222,0.3172119487908962,0.4745222929936306,0.5694915254237289,0.4863563402889248,0.610434782608696,0.7773512476007682,0.7773512476007682,0.784200385356455,0.6805807622504536,0.6775362318840576,0.7340823970037456,0.6654676258992807,0.6775362318840576,0.8228346456692914,0.8897959183673472,0.9291666666666667,1.057777777777778,1.2585365853658534,1.2367149758454108
GFRD-L,0.020408163265306367,-0.02000000000000013,0.0,-0.03921568627451,0.053763440860214784,0.0888888888888888,0.18072289156626486,0.2249999999999992,0.30666666666666664,0.3611111111111107,0.46268656716417933,0.4202898550724634,0.4202898550724634,0.44117647058823506,0.5312499999999998,0.6333333333333329,0.2894736842105259,0.18072289156626486,0.04255319148936132,0.07692307692307687,0.15294117647058791,0.240506329113924,0.20987654320987637,0.2249999999999992,0.25641025641025594,0.23304189926701913,0.1743256183495423,0.1743256183495423,0.1743256183495423,0.14701572024838994,0.14701572024838994,0.14701572024838994,0.3330182694778585,0.3700465547411327,0.3700465547411327,0.4506375285494346,0.3330182694778585,0.26465835822258366,0.2979388413337045,0.23304189926701913,0.23304189926701913,0.3330182694778585,0.1743256183495423,0.12094718115183567,0.23304189926701913,0.5413023740837741,0.6440558656893589,0.3700465547411327,0.2979388413337045
DLN-L,-0.03555555555555556,-0.048223350253807196,-0.044991511035653686,-0.06250000000000011,-0.05223251895534953,-0.03681506849315086,-0.007060900264783787,0.02833638025594154,-0.025974025974025983,0.1645962732919255,0.35542168674698793,0.2389867841409692,0.18921775898520088,0.22282608695652173,0.2857142857142856,0.3537906137184115,0.13866396761133593,-0.0026595744680851796,-0.02512998266897759,-0.04418011894647422,-0.0053050397877985045,0.014427412082957503,0.0,0.007181504040075781,0.021455112600431203,0.025086953000788226,0.058974125000814226,0.0767720094546096,0.12950325379616712,0.12072188739153233,0.0767720094546096,0.17795998174247862,0.15901791168430823,0.12072188739153233,0.2203416107152243,0.23339339264800718,0.3134656288449733,0.4046562997879253,0.4397288665741408,0.4803887318689175,0.61064639961716,0.6569293421348945,0.5668788344101723,0.5254270133940302,0.6288457939631169,0.7741889571167491,0.8247196552624791,0.85405598412522,0.8305124160728361
TYMN-L,0.30000000000000004,-0.04761904761904767,-0.19999999999999996,-0.1836734693877552,0.05263157894736836,0.17647058823529393,0.21212121212121193,0.02564102564102555,-0.024390243902439046,-0.14893617021276595,0.1428571428571428,0.1428571428571428,1.2408963585434174,0.9607843137254901,0.7429193899782134,1.3529411764705883,0.6227180527383365,0.6806722689075633,0.7112299465240643,0.38408304498269863,0.6806722689075633,0.7429193899782134,1.0460358056265986,0.8823529411764706,0.6227180527383365,0.6227180527383365,0.5538855830652933,0.5538855830652933,0.45971069924315433,0.7840908546305216,0.9268181230009638,0.6610501060353133,0.5538855830652933,0.6056817691674701,0.7840908546305216,1.1895660488647315,1.0943675250010476,0.7840908546305216,0.6610501060353133,1.0943675250010476,1.0071022114593373,0.6056817691674701,0.6056817691674701,0.7203733241080039,1.0071022114593373,0.7203733241080039,0.8527097336547731,1.1895660488647315,1.1895660488647315
MTU-L,0.041800643086816525,0.11469534050179231,0.11071428571428577,0.17358490566037732,0.2054263565891472,0.2054263565891472,0.21484375,0.18250950570342206,0.30125523012552313,0.3521739130434782,0.38222222222222224,0.5024154589371979,0.5024154589371979,0.5282555282555281,0.7087912087912089,0.578680203045685,0.27459016393442637,0.11071428571428577,0.01967213114754096,0.13090909090909086,0.10676156583629903,0.23904382470119523,0.26938775510204094,0.3347639484978542,0.3347639484978542,0.34632034632034636,0.32340425531914896,0.42009132420091344,0.38222222222222224,0.38222222222222224,0.3700440528634361,0.32340425531914896,0.38222222222222224,0.3290598290598292,0.2904564315352698,0.244,0.23412698412698396,0.23412698412698396,0.23904382470119523,0.244,0.26938775510204094,0.22440944881889768,0.2054263565891472,0.25403225806451624,0.3290598290598292,0.4009009009009008,0.4951923076923077,0.6810810810810812,0.672043010752688
CML-L,0.07300884955752207,0.7186311787072241,0.7121212121212119,0.8600823045267489,1.469945355191257,1.4432432432432427,1.4432432432432427,1.6904761904761902,1.7065868263473054,1.6745562130177514,2.160839160839161,2.138888888888889,1.842767295597484,0.7186311787072241,0.4394904458598725,0.382262996941896,0.5066666666666666,0.4169278996865202,0.23835616438356144,0.19261213720316617,0.1740259740259742,0.102439024390244,0.25207756232686984,0.4819672131147541,0.43492063492063493,0.4966887417218542,0.4723127035830619,0.6200716845878134,0.5859649122807018,0.5640138408304496,0.5586206896551724,0.46278317152103554,0.6436363636363636,0.5640138408304496,0.5859649122807018,0.6556776556776556,0.8600823045267489,1.1421800947867298,0.9567099567099566,1.1023255813953488,1.0360360360360361,1.1121495327102804,0.8373983739837398,0.8373983739837398,0.8373983739837398,0.808,0.7519379844961238,0.6992481203007519,0.674074074074074
C3U-L,0.32420091324200917,0.18378378378378368,0.17112299465240643,0.35185185185185186,0.35185185185185186,0.8403361344537814,0.9043478260869566,1.0857142857142859,0.990909090909091,1.0277777777777777,0.9380530973451326,0.972972972972973,1.4606741573033708,1.305263157894737,1.19,1.5764705882352943,1.0857142857142859,1.0857142857142859,0.9043478260869566,1.5172413793103448,1.7721518987341773,1.4606741573033708,1.5172413793103448,1.5764705882352943,1.2577319587628866,1.2577319587628866,1.1683168316831685,0.8403361344537814,0.8099173553719008,0.8403361344537814,0.8403361344537814,0.8403361344537814,0.972972972972973,1.0660377358490565,1.212121212121212,1.5465116279069768,1.5764705882352943,2.0,2.2205882352941178,2.2686567164179103,2.1285714285714286,1.6707317073170733,2.421875,1.9594594594594597,4.214285714285714,4.214285714285714,4.214285714285714,3.5625,3.5625
RFGR-L,-0.023474178403755763,0.0,0.0,0.014285714285714013,-0.01388888888888895,-0.01388888888888895,-0.04484304932735428,-0.04484304932735428,-0.14800000000000013,-0.14800000000000013,-0.14800000000000013,-0.14800000000000013,-0.14800000000000013,-0.14800000000000013,-0.18076923076923102,-0.2197802197802199,-0.29000000000000015,-0.26551724137931043,-0.2804054054054055,-0.25524475524475543,-0.25524475524475543,-0.334375,-0.29000000000000015,-0.21111111111111125,-0.21111111111111125,-0.23928571428571432,-0.29934210526315796,0.06499999999999995,0.06499999999999995,0.03398058252427161,0.03398058252427161,0.12105263157894708,0.18333333333333313,0.05445544554455428,0.3067484662576685,0.18333333333333313,0.18333333333333313,0.2529411764705882,0.33125000000000004,0.4199999999999995,0.22413793103448243,0.7749999999999999,0.7749999999999999,0.4199999999999995,0.638461538461538,1.009433962264151,0.8362068965517238,0.6904761904761902,0.6904761904761902
BAES-L,0.12098427887901564,0.018093249826026447,-0.09299442033477989,-0.21596998928188638,-0.11601208459214507,-0.12864800476474092,-0.11814345991561181,-0.21344086021505382,-0.1281287246722288,-0.0752212389380531,-0.22263549415515405,-0.27574257425742577,-0.26519337016574585,-0.199671772428884,0.06788321167883216,-0.038764783180026297,-0.22756071805702216,-0.2267441860465116,-0.3226851851851852,-0.2721393034825871,-0.2592405063291139,-0.23282642894598848,-0.08562499999999995,-0.15919540229885054,-0.10519877675840983,-0.09523809523809523,-0.1368731563421829,0.00205479452054802,0.07613093048915043,0.1029023746701847,0.1942857142857144,0.1180741306839892,0.0793065289561048,0.13016608729239088,0.16157205240174677,0.14475743348982784,0.27439024390243905,0.26502377864245563,0.36346691519105323,0.4630000000000001,0.5647058823529412,0.4989754098360655,0.6475225225225225,0.6952491309385864,0.6758304696449027,0.6419753086419753,0.6419753086419753,0.8448928121059269,0.7563025210084033
NAIT-L,0.06542750929368046,0.06915739268680454,0.15748709122203097,0.06915739268680454,0.07772435897435903,0.04182804027885356,0.12835570469798663,0.07428115015974446,0.1124896608767576,0.14859094790777116,0.14370748299319724,0.20953237410071934,0.2652869238005644,0.31604696673189814,0.5318906605922549,0.5095398428731761,0.27126654064272215,0.2760910815939279,0.2982625482625483,0.31219512195121957,0.3356504468718966,0.39233954451345765,0.43543223052294544,0.507847533632287,0.540664375715922,0.6011904761904763,0.48783185840707954,0.5917159763313609,0.5389016018306636,0.6543665436654365,0.7068527918781724,0.834924965893588,0.9380403458213256,0.935251798561151,0.935251798561151,1.1554487179487176,1.131537242472266,1.158908507223114,1.0917573872472786,1.1383147853736086,1.2013093289689034,1.0692307692307694,1.1383147853736086,1.1417197452229302,1.1248025276461298,1.2416666666666667,1.1834415584415585,1.3350694444444442,1.3350694444444442
ARBB-L,-0.019607843137254943,-0.09467455621301768,-0.0838323353293412,-0.2783018867924528,-0.3139013452914797,-0.33478260869565224,-0.2981651376146789,-0.28303655107778825,-0.2916666666666665,-0.32000000000000006,-0.3013698630136986,-0.34051724137931016,-0.34051724137931016,-0.35983263598326354,-0.3677685950413223,-0.37037037037037024,-0.501628664495114,-0.4967105263157894,-0.5158227848101267,-0.49,-0.4967105263157894,-0.46126760563380276,-0.42481203007518775,-0.3729508196721313,-0.38306451612903225,-0.3677685950413223,-0.37804878048780477,-0.35169491525423724,-0.34615384615384615,-0.34051724137931016,-0.37804878048780477,-0.2981651376146789,-0.27142857142857146,-0.2916666666666665,-0.2949308755760367,-0.2783018867924528,-0.2850467289719626,-0.3139013452914797,-0.3169642857142857,-0.31081081081081074,-0.2981651376146789,-0.30454545454545445,-0.2981651376146789,-0.26442307692307676,-0.2470472440944882,-0.2470472440944882,-0.25728155339805814,-0.2686424474187381,-0.2783018867924528
ABD-L,0.19940476190476186,0.07692307692307687,0.18309859154929597,0.050000000000000044,0.022831050228310446,-0.028901734104046284,0.1914893617021276,0.14285714285714302,0.4966592427616925,0.5169300225733635,0.5483870967741935,0.5849056603773584,0.6716417910447761,0.7872340425531914,1.3496503496503496,1.4259927797833938,0.821138211382114,0.6470588235294119,0.7499999999999998,0.4358974358974361,0.39419087136929454,0.3548387096774195,0.30232558139534893,0.4358974358974361,0.41176470588235303,0.25373134328358216,0.02752293577981657,0.05660377358490565,-0.16209476309226933,-0.1536523929471033,-0.16417910447761197,-0.17647058823529405,-0.16831683168316836,-0.2432432432432433,-0.23809523809523814,-0.14936708860759496,-0.19999999999999996,-0.22401847575057732,-0.25909592061742004,-0.24663677130044848,-0.2222222222222222,-0.256637168141593,-0.2970711297071129,-0.308641975308642,-0.288135593220339,-0.27896995708154504,-0.2941176470588235,-0.2149532710280373,-0.17647058823529405
AIEA-L,0.044117647058823595,-0.08108108108108103,-0.10526315789473684,-0.13375796178343946,-0.17575757575757578,-0.10526315789473684,0.0625,0.2477064220183487,0.18260869565217397,0.402061855670103,0.23636363636363633,0.1929824561403508,0.18260869565217397,0.15254237288135597,0.15254237288135597,0.3076923076923077,0.18260869565217397,0.15254237288135597,0.014925373134328401,-0.007299270072992692,-0.021582733812949617,0.15254237288135597,0.28301886792452824,0.2952380952380953,0.33333333333333326,0.1929824561403508,0.03816793893129766,0.15254237288135597,0.1428571428571428,0.15254237288135597,0.08800000000000008,0.09677419354838701,0.030303030303030276,-0.05555555555555558,-0.04895104895104896,-0.03546099290780147,-0.1282051282051282,-0.1392405063291139,-0.17575757575757578,-0.1225806451612903,-0.10526315789473684,-0.1392405063291139,-0.10526315789473684,-0.1282051282051282,-0.1392405063291139,-0.2989690721649485,-0.2989690721649485,-0.26881720430107525,-0.25274725274725274
CNE-L,0.014869888475836701,0.12552301255230103,-0.02181818181818196,-0.14603174603174607,-0.07241379310344842,0.03065134099616862,0.042635658914728314,0.034615384615384714,0.2511627906976748,0.4699453551912569,0.7354838709677418,0.47802197802197766,0.17467248908296962,-0.05281690140845052,0.034615384615384714,0.2995169082125606,-0.46414342629482064,-0.5100182149362478,-0.5790297339593116,-0.5750394944707741,-0.6731470230862697,-0.6839012925969448,-0.695356738391846,-0.7288306451612903,-0.71413390010627,-0.6994413407821228,-0.7291037260825781,-0.7485981308411214,-0.7445394112060779,-0.7203742203742205,-0.7393410852713179,-0.7547857793983592,-0.7658833768494343,-0.752073732718894,-0.7450236966824645,-0.6774580335731415,-0.6189801699716714,-0.6289655172413793,-0.6369632347067036,-0.6320239589884273,-0.593900315099841,-0.5431152695637544,-0.44808324563301527,-0.38402147950113297,-0.4298380636704703,-0.3429562448012087,-0.13763007130158633,0.17930930420295876,0.32672296722832894
NICL-L,-0.029520295202952074,-0.08754208754208759,-0.11147540983606552,-0.1143790849673203,-0.09966777408637872,-0.15576323987538943,-0.16099071207430338,-0.09966777408637872,-0.0491228070175439,-0.04240282685512364,-0.07508532423208192,-0.0491228070175439,-0.11147540983606552,-0.13418530351437696,-0.13968253968253963,-0.15047021943573669,-0.3086734693877551,-0.3770114942528736,-0.38268792710706145,-0.36235294117647054,-0.37122969837587005,-0.3770114942528736,-0.36829836829836826,-0.3562945368171021,-0.38548752834467115,-0.4095860566448801,-0.38548752834467115,-0.3208020050125313,-0.33415233415233414,-0.34698795180722897,-0.3562945368171021,-0.3374083129584352,-0.26358695652173914,-0.2961038961038961,-0.2675675675675676,-0.23661971830985917,-0.26558265582655827,-0.3422330097087378,-0.3547619047619047,-0.34698795180722897,-0.4004424778761062,-0.40308370044052866,-0.4057017543859649,-0.4004424778761062,-0.366822429906542,-0.363849765258216,-0.38963963963963966,-0.41341991341991347,-0.4184549356223176
DPLM-L,-0.002702702702702786,-0.046391752577319756,-0.116945107398568,-0.2177589852008457,-0.043927648578811485,0.04225352112676051,0.08187134502923965,0.16719242902208187,0.24579124579124567,0.4509803921568627,0.5352697095435686,0.13149847094801204,0.1212121212121211,-0.12322274881516593,0.09792284866468814,0.21311475409836067,0.013698630136986356,-0.13953488372093037,-0.17777777777777792,-0.20086393088552912,-0.23711340206185572,-0.24949290060851936,-0.16478555304740417,-0.17225950782997768,-0.15717539863325758,-0.2275574112734865,-0.23711340206185572,-0.17960088691796006,-0.21276595744680848,-0.41176470588235303,-0.420062695924765,-0.46220930232558133,-0.4676258992805755,-0.5066666666666666,-0.5092838196286472,-0.4917582417582418,-0.5,-0.5298602287166455,-0.48611111111111116,-0.4660894660894661,-0.44444444444444453,-0.48611111111111116,-0.5207253886010363,-0.5563549160671464,-0.5498783454987834,-0.5626477541371159,-0.5687645687645688,-0.5268542199488491,-0.5737327188940093
NWF-L,-0.06451612903225812,-0.0461538461538461,-0.08823529411764708,-0.10144927536231885,-0.06060606060606055,0.0,0.06896551724137923,0.18320610687022887,0.20622568093385207,0.1071428571428572,0.03333333333333344,0.006493506493506551,-0.015873015873015928,0.06164383561643816,0.016393442622950838,0.06896551724137923,-0.0461538461538461,-0.06060606060606055,-0.03125,-0.11428571428571432,-0.24390243902439024,-0.16216216216216217,-0.1842105263157895,-0.1842105263157895,-0.26190476190476186,-0.1842105263157895,-0.16216216216216217,-0.16216216216216217,-0.16216216216216217,-0.26190476190476186,-0.2790697674418605,-0.3111111111111111,-0.38,-0.40384615384615385,-0.4363636363636364,-0.454225352112676,-0.45614035087719296,-0.45614035087719296,-0.45614035087719296,-0.4918032786885246,-0.5079365079365079,-0.4618055555555556,-0.4655172413793104,-0.4618055555555556,-0.4655172413793104,-0.5373134328358209,-0.515625,-0.4833333333333333,-0.4833333333333333
MRCH-L,-0.0423728813559322,0.0535714285714286,0.03899371069182389,-0.03617269544924151,-0.023640661938534313,-0.07086614173228345,-0.048387096774193505,-0.09130913091309134,-0.027090694935217874,-0.0024154589371980784,0.04292929292929304,0.0036452004860267895,0.04030226700251882,0.04424778761061954,0.19883889695210444,0.22734026745913827,0.01225490196078427,0.0,-0.027090694935217874,-0.02594339622641506,-0.014319809069212375,0.018495684340320562,0.04556962025316458,0.14881780250347698,0.23838080959520247,0.23652694610778435,0.1766381766381766,0.30903328050713164,0.2846034214618973,0.35632183908045967,0.3607907742998353,0.4143835616438356,0.5072992700729928,0.4192439862542956,0.4750000000000001,0.49367088607594933,0.5183823529411764,0.541044776119403,0.5045537340619308,0.5211786372007365,0.6421471172962228,0.6519999999999999,0.541044776119403,0.46453900709219864,0.485611510791367,0.44405594405594395,0.4290657439446366,0.44405594405594395,0.454225352112676
CMH-L,0.0,0.025316455696202445,-0.02409638554216864,-0.02409638554216864,-0.02409638554216864,0.025316455696202445,0.051948051948051965,0.17391304347826098,0.24615384615384617,0.20895522388059695,0.24615384615384617,0.051948051948051965,0.051948051948051965,0.08000000000000007,0.14084507042253525,0.17391304347826098,0.08000000000000007,0.1095890410958904,-0.10989010989010994,-0.12903225806451613,0.03846153846153855,0.06578947368421062,0.06578947368421062,0.06578947368421062,0.06578947368421062,0.19117647058823528,0.2272727272727273,0.265625,0.265625,0.2272727272727273,0.2272727272727273,0.5576923076923077,0.5,0.3500000000000001,0.30645161290322576,0.39655172413793105,0.3682432432432432,0.39655172413793105,0.37755102040816335,0.4464285714285714,0.4464285714285714,0.3500000000000001,0.3500000000000001,0.39655172413793105,0.4464285714285714,0.4464285714285714,0.39655172413793105,0.2816455696202531,0.2816455696202531
BARC-L,-0.030995106035888842,-0.0244031830238729,0.04429301533219743,0.0016339869281043473,0.014340871483728312,-0.0366684127815613,-0.009159482758620885,-0.06838905775075999,-0.01022604951560846,0.10516826923076894,0.3220704529115743,0.4277950310559002,0.3847891566265058,0.46650717703349254,1.06629213483146,0.3754674644727001,0.06856478791400322,0.06732443412652334,0.1025179856115106,0.04251700680272075,0.024512534818941223,0.004918032786884963,-0.02492046659597036,0.1408188585607939,0.27266435986159143,0.22111553784860516,0.06825442927679348,0.2837696335078532,0.42117465224111283,0.4963384865744509,0.6202643171806164,0.60191637630662,0.8153998025666334,0.6809872029250454,0.5738125802310654,0.8765306122448975,0.8180919426594164,0.9076763485477175,0.9368088467614539,1.0242157402311514,1.2263922518159802,1.3426751592356685,1.4261213720316626,1.4884979702300405,1.5330578512396689,1.351662404092071,1.3190416141235812,1.4261213720316626,1.3278481012658228
BWNG-L,0.06810344827586179,0.5303430079155671,0.7791411042944785,0.5675675675675675,0.6246498599439776,0.6909620991253644,0.8709677419354838,0.9931271477663233,0.6811594202898552,0.8412698412698414,0.9661016949152543,1.0034542314335062,1.0788530465949822,1.0350877192982457,1.5892857142857144,1.0788530465949822,0.626928471248247,0.6022099447513811,0.5803814713896458,0.5143603133159278,0.38095238095238093,0.30337078651685445,0.39423076923076894,0.3875598086124401,0.3975903614457832,0.47959183673469385,0.3825983313468415,0.40947752126366943,0.41982864137086917,0.52832674571805,0.406060606060606,0.406060606060606,0.5006468305304013,0.4111922141119224,0.3019079685746353,0.29319955406911924,0.350407450523865,0.36150234741784026,0.47208121827411165,0.5405046480743696,0.7159763313609468,0.66189111747851,0.7417417417417418,0.6763005780346822,0.9661016949152543,1.0640569395017798,1.1886792452830193,1.1722846441947565,1.1804511278195489
IMI-L,0.03875968992248069,0.08403361344537807,-0.07443946188340811,-0.1717495987158909,-0.020872865275142427,0.017751479289940697,0.0117647058823529,-0.13131313131313138,-0.007692307692307776,0.15436241610738244,0.03614457831325302,0.0772442588726514,0.0,-0.12542372881355934,0.05737704918032782,-0.09790209790209792,-0.21818181818181825,-0.30270270270270283,-0.5095057034220533,-0.49411764705882355,-0.43109151047409044,-0.3957845433255269,-0.32015810276679846,-0.3637484586929717,-0.2813370473537605,-0.3484848484848485,-0.37073170731707317,-0.2422907488986784,-0.23781388478581988,-0.22289156626506024,-0.2670454545454546,-0.2912087912087913,-0.3272490221642764,-0.2680851063829788,-0.3541927409261577,-0.3092369477911646,-0.3165562913907285,-0.33761232349165604,-0.3550000000000001,-0.3484848484848485,-0.30645161290322587,-0.27015558698727016,-0.28531855955678675,-0.31200000000000006,-0.2628571428571429,-0.22522522522522526,-0.18095238095238098,-0.22289156626506024,-0.17041800643086824
LOOK-L,-0.1258278145695365,0.006666666666666821,-0.1703296703296705,-0.2561576354679803,-0.20105820105820105,-0.16574585635359118,-0.11695906432748537,0.04137931034482745,-0.08484848484848484,-0.11695906432748537,-0.12716763005780352,-0.09580838323353302,-0.08484848484848484,-0.14689265536723162,0.04861111111111116,-0.02580645161290329,-0.151685393258427,-0.27403846153846156,-0.3547008547008548,-0.34347826086956523,-0.34347826086956523,-0.34347826086956523,-0.28773584905660377,-0.30733944954128434,-0.3136363636363636,-0.27403846153846156,-0.2598039215686275,-0.2524752475247525,-0.29439252336448596,-0.29439252336448596,-0.28095238095238106,-0.28773584905660377,-0.266990291262136,-0.3009259259259258,-0.3105022831050228,-0.28773584905660377,-0.3377192982456141,-0.35744680851063826,-0.35744680851063826,-0.38866396761133604,-0.44890510948905116,-0.48639455782312924,-0.4683098591549296,-0.4720279720279721,-0.3911290322580646,-0.4147286821705427,-0.47159827426655876,-0.4893298758012381,-0.4893298758012381
CEPS-L,0.03703703703703698,0.0,0.0,-0.12903225806451613,-0.18181818181818177,-0.18181818181818177,-0.18181818181818177,-0.22857142857142854,-0.22857142857142854,-0.2702702702702703,-0.2702702702702703,-0.3076923076923077,-0.3414634146341463,-0.3414634146341463,-0.3414634146341463,-0.20588235294117652,-0.3571428571428571,-0.4,-0.4,-0.49056603773584906,-0.4,-0.4,-0.4,-0.4,-0.42553191489361697,-0.47058823529411764,-0.509090909090909,-0.49056603773584906,-0.44897959183673475,-0.49056603773584906,-0.509090909090909,-0.5263157894736843,-0.5178571428571428,-0.5263157894736843,-0.5573770491803278,-0.5423728813559322,-0.5573770491803278,-0.5714285714285714,-0.564516129032258,-0.55,-0.5714285714285714,-0.5909090909090908,-0.564516129032258,-0.5909090909090908,-0.6142857142857143,-0.625,-0.625,-0.625,-0.578125
DGE-L,-0.11858407079646016,-0.06765676567656764,-0.06456953642384111,-0.11023622047244097,-0.09599999999999997,-0.17337234820775416,-0.15922619047619047,-0.21254355400696867,-0.16420118343195267,-0.1805656272661349,-0.1963015647226174,-0.14909638554216864,-0.10953506698187554,-0.16296296296296298,0.04823747680890533,-0.11023622047244097,-0.2064606741573034,-0.2196132596685083,-0.2008486562942009,-0.22549691569568198,-0.23337856173677074,-0.1116352201257862,0.023550724637681153,0.001348722797781532,0.022420104887762138,0.02055267090623203,-0.05054785501926584,0.01869204616437914,-0.03663347013592755,-0.06719100614163265,-0.01800951261658701,0.1130529627911594,0.11862379844076498,0.22265336394127333,0.2874483578828617,0.23891926235290928,0.25703619194862126,0.27133694498557936,0.208113702316026,0.16893846719908368,0.20680904389019883,0.18129511061556447,0.20680904389019883,0.15683765490923807,0.20161846735733757,0.21732589830318538,0.21732589830318538,0.18129511061556447,0.21467953765469994
REDD-L,0.002849002849002691,0.014450867052023142,0.045680238331678336,0.04257425742574261,0.22441860465116292,0.1322580645161291,0.16225165562913912,0.09687499999999982,0.1596916299559472,0.3764705882352941,0.5810810810810811,0.9041591320072335,0.6983870967741936,0.5260869565217392,0.8155172413793104,0.3245283018867926,0.21034482758620676,0.04776119402985057,-0.07631578947368411,-0.11661073825503354,-0.12176814011676396,-0.09380378657487087,-0.045330915684496875,0.07448979591836746,0.06795131845841795,0.050898203592814495,0.10842105263157897,0.21034482758620676,0.23882352941176466,0.28414634146341466,0.16097023153252477,0.1286173633440515,0.2315789473684211,0.17653631284916194,0.1661129568106312,0.35521235521235517,0.3379923761118171,0.4830985915492958,0.5194805194805194,0.46250000000000013,0.422972972972973,0.3534704370179951,0.4191374663072778,0.5906344410876134,0.6821086261980831,0.6714285714285715,0.7847457627118646,1.1060000000000003,1.08102766798419
AAS-L,0.19393939393939363,0.0679611650485441,0.17021276595744705,0.11111111111111138,0.06451612903225845,0.10738255033557054,0.30952380952380953,0.31474103585657365,0.5714285714285716,0.6666666666666674,0.7837837837837844,0.7187500000000002,1.1153846153846154,1.15686274509804,1.869565217391305,1.6400000000000006,1.01219512195122,0.7187500000000002,0.8232044198895032,0.5277777777777781,0.6176470588235299,0.4864864864864864,0.5566037735849059,0.7553191489361708,0.5566037735849059,0.20879120879120938,0.018518518518518823,0.07142857142857184,-0.04069767441860417,-0.020771513353115778,-0.02941176470588225,-0.03225806451612889,-0.03790087463556846,-0.03225806451612889,-0.023668639053254226,0.04761904761904767,0.04761904761904767,-0.023668639053254226,-0.04624277456647363,-0.05714285714285716,-0.0782122905027931,-0.1176470588235291,-0.14507772020725374,-0.15384615384615385,-0.1666666666666664,-0.1749999999999997,-0.17085427135678355,-0.1223404255319146,-0.10326086956521707
LSC-L,1.0765027322404372,0.0,0.016666666666666607,-0.005434782608695676,-0.021390374331550777,0.12962962962962954,0.14375000000000004,0.07647058823529407,0.08928571428571419,0.028089887640449396,0.028089887640449396,0.028089887640449396,0.028089887640449396,-0.010810810810810811,-0.02659574468085102,-0.08499999999999996,-0.10731707317073169,-0.12857142857142856,-0.1527777777777778,-0.1681818181818182,-0.1681818181818182,-0.1681818181818182,-0.1681818181818182,-0.1681818181818182,-0.1681818181818182,-0.12857142857142856,-0.12857142857142856,-0.06632653061224492,-0.11165048543689315,-0.12857142857142856,-0.1681818181818182,-0.1029411764705882,-0.08955223880597019,-0.0757575757575758,-0.08499999999999996,-0.16055045871559637,-0.20434782608695656,-0.21794871794871795,-0.22784810126582278,-0.268,-0.28515625,-0.19736842105263153,-0.20434782608695656,-0.23750000000000004,-0.23109243697478987,-0.22457627118644063,-0.25609756097560976,-0.2620967741935484,-0.25609756097560976
RTN-L,0.1212121212121211,-0.15384615384615397,-0.13725490196078438,-0.27472527472527475,-0.2542372881355932,-0.09589041095890416,-0.13725490196078438,-0.20000000000000007,-0.022222222222222254,0.1282051282051282,0.02325581395348819,-0.08333333333333326,-0.06382978723404265,0.04761904761904767,-0.13157894736842102,-0.3160621761658031,-0.4334763948497854,-0.5463917525773196,-0.5352112676056339,-0.5302491103202847,-0.5,-0.43103448275862066,-0.4107142857142858,-0.5111111111111111,-0.49230769230769234,-0.4883720930232559,-0.5319148936170213,-0.5416666666666666,-0.46122448979591835,-0.4782608695652174,-0.49425287356321845,-0.5074626865671642,-0.56,-0.557046979865772,-0.5384615384615385,-0.5217391304347826,-0.4883720930232559,-0.5111111111111111,-0.47619047619047616,-0.4545454545454545,-0.45679012345679015,-0.459016393442623,-0.4358974358974359,-0.4358974358974359,-0.29032258064516114,-0.297872340425532,-0.3052631578947369,-0.297872340425532,-0.3089005235602095
TET-L,0.040000000000000036,-0.006622516556291536,-0.006622516556291536,-0.1071428571428572,-0.0625,0.0,-0.13793103448275867,0.16279069767441867,0.171875,0.20967741935483875,0.19047619047619024,0.18577075098814233,0.3513513513513511,0.25,0.3215859030837003,0.3824884792626726,0.19999999999999996,0.11111111111111116,-0.10179640718562866,0.19999999999999996,0.2195121951219512,0.0,0.0714285714285714,0.19999999999999996,0.19999999999999996,0.18110236220472453,0.1278195488721805,0.08695652173913038,0.034482758620689724,0.013513513513513375,-0.019607843137254943,-0.05063291139240511,-0.03536977491961424,-0.08536585365853666,-0.1428571428571429,-0.13043478260869568,-0.16666666666666663,-0.2857142857142857,-0.34782608695652173,-0.4,-0.3023255813953488,-0.5081967213114754,-0.5989304812834224,-0.6163682864450128,-0.6192893401015229,-0.5562130177514794,-0.5283018867924528,-0.5614035087719298,-0.5398773006134969
BNZL-L,0.02865761689291091,0.08688524590163937,0.16520210896309329,0.010670731707317138,-0.010447761194029792,0.032710280373831946,0.12947189097103906,0.24858757062146886,0.392857142857143,0.4635761589403975,0.40169133192389017,0.40764331210191096,0.2580645161290325,0.19459459459459483,0.613138686131387,0.45394736842105265,0.20985401459854014,0.17971530249110312,0.029503105590062084,0.12182741116751283,0.19030520646319582,0.3475609756097562,0.4700665188470068,0.3957894736842107,0.4603524229074891,0.35306122448979615,0.24390243902439046,0.4197002141327624,0.7043701799485864,0.7043701799485864,0.6533665835411473,0.5673758865248228,0.5526932084309135,0.56,0.5899280575539569,0.4258064516129034,0.4966139954853275,0.39873417721519,0.38993710691823913,0.3613963039014374,0.4603524229074891,0.39873417721519,0.3812500000000001,0.42274678111588004,0.5206422018348624,0.6827411167512691,0.6330049261083746,0.6658291457286434,0.8519553072625698
CCP-L,0.022222222222222143,-0.23728813559322048,-0.27184466019417475,-0.2622950819672131,-0.23728813559322048,-0.21052631578947378,-0.24369747899159677,-0.27419354838709675,-0.3706293706293706,-0.3076923076923077,-0.296875,-0.2857142857142857,-0.25619834710743816,-0.09999999999999998,-0.18181818181818188,0.216216216216216,0.04651162790697683,-0.08163265306122447,-0.08163265306122447,-0.18181818181818188,-0.23728813559322048,-0.34782608695652184,-0.08163265306122447,-0.08163265306122447,-0.08163265306122447,-0.18181818181818188,-0.2857142857142857,-0.2622950819672132,-0.18181818181818188,-0.3076923076923077,-0.23728813559322048,-0.2622950819672132,-0.27419354838709686,-0.4,-0.44444444444444453,-0.47058823529411764,-0.08163265306122447,0.04651162790697683,0.09756097560975618,-0.23728813559322048,-0.15094339622641506,0.0,0.0,0.2857142857142856,1.3076923076923075,1.432432432432432,2.3333333333333335,2.435114503816794,2.3333333333333335
PAGPA-L,0.031862745098039325,0.002457002457002533,-0.033175355450236865,-0.15876288659793802,-0.1823647294589178,-0.19207920792079203,-0.195266272189349,-0.11304347826086947,-0.037735849056603876,-0.016867469879518038,0.07651715039577844,0.22522522522522537,0.21791044776119395,0.3465346534653466,0.3972602739726028,0.3377049180327869,-0.009708737864077555,-0.09933774834437081,-0.17741935483870963,-0.08724832214765088,-0.07272727272727264,-0.03958059501498967,0.040258670925084505,0.08537192961316209,0.03772145465453569,0.20870964888738497,0.17857561331955552,0.3295806137761237,0.31316603829740597,0.3051098049336183,0.30111864345064077,0.4325447690517157,0.3858820729913992,0.24042506241504213,0.4088271404250319,0.8660780544226294,0.8742986625918925,1.0754429093090714,1.2392936653071556,1.1818758790172286,1.1931226618987605,1.1062663188532653,0.9881579271418672,1.1707438592263242,1.215967689626873,0.9881579271418672,1.0069141340016956,0.9881579271418672,1.215967689626873
MNKS-L,0.05476566614007372,0.09895833333333326,0.14122596153846145,0.08390410958904093,0.11247803163444625,0.09137931034482771,0.1523058252427183,0.1105263157894738,0.1817050404480398,0.16289038579301884,0.16717885679164102,0.21264367816091934,0.2719356999330207,0.24280104712041872,0.41716417910447756,0.3790849673202612,0.2026599113362888,0.20418516169942924,0.1650306748466257,0.18836045056320394,0.20113851992409848,0.23874755381604684,0.3169209431345352,0.359341445955619,0.3973509933774835,0.37708484408992016,0.25181278839815424,0.3652048885693746,0.31783483691880643,0.3731019522776573,0.4203440538519072,0.4709527498063517,0.5179856115107915,0.4607692307692308,0.48941176470588243,0.574626865671642,0.5426482534524777,0.5540098199672667,0.5228548516439455,0.5552825552825553,0.6258561643835618,0.6314432989690721,0.6011804384485668,0.574626865671642,0.5904522613065326,0.5957983193277312,0.5489396411092986,0.6628721541155866,0.6775618374558303
KMR-L,0.0,-0.06060606060606044,-0.16216216216216206,-0.16216216216216206,0.03333333333333344,0.0,0.34782608695652195,0.40909090909090917,0.24,0.14814814814814814,0.03333333333333344,-0.11428571428571443,-0.18421052631578938,-0.22499999999999987,-0.11428571428571443,-0.11428571428571443,-0.24390243902439013,-0.22499999999999987,-0.2790697674418604,-0.26190476190476175,-0.2790697674418604,-0.3921568627450981,-0.2954545454545454,-0.38,-0.42592592592592593,-0.47457627118644075,-0.5373134328358208,-0.5694444444444444,-0.6395348837209303,-0.6736842105263157,-0.69,-0.7280701754385965,-0.7633587786259541,-0.7801418439716312,-0.7816901408450704,-0.7651515151515151,-0.7019230769230769,-0.7394957983193278,-0.7615384615384615,-0.7578125,-0.7785714285714286,-0.7785714285714286,-0.735042735042735,-0.7578125,-0.7459016393442623,-0.7232142857142856,-0.7047619047619047,-0.6868686868686869,-0.6804123711340206
GHT-L,0.3085106382978724,0.16049382716049387,0.06818181818181812,0.03296703296703307,-0.5276381909547738,-0.6147540983606558,-0.6479400749063671,-0.6877076411960132,-0.7337110481586402,-0.6724738675958188,-0.6630824372759856,-0.5523809523809524,-0.44378698224852076,-0.4719101123595506,-0.45977011494252873,-0.3733333333333333,-0.5586854460093897,-0.5276381909547738,-0.4303030303030303,-0.33333333333333337,-0.2713178294573644,-0.12149532710280375,0.20512820512820507,0.8799999999999999,0.8076923076923077,0.6206896551724137,0.6206896551724137,0.3623188405797102,0.5666666666666667,0.05617977528089879,-0.13761467889908252,-0.08737864077669899,-0.04081632653061229,-0.17543859649122806,-0.15315315315315314,-0.10476190476190472,-0.265625,-0.24193548387096775,-0.29323308270676696,-0.248,-0.3188405797101449,-0.3188405797101449,-0.3380281690140845,-0.28787878787878785,-0.1607142857142857,-0.09615384615384615,0.09302325581395343,0.11904761904761907,0.06818181818181812
CTY-L,-0.0037523452157598447,-0.0018726591760299671,0.02303262955854124,-0.031789282470481406,-0.007448789571694592,-0.034420289855072506,-0.006523765144454852,-0.03790613718411551,-0.0037383177570093906,0.007561436672967936,0.04203323558162264,0.04921259842519676,0.08553971486761713,0.08553971486761713,0.24097788125727582,0.25264394829612224,0.03696498054474717,0.019120458891013437,-0.023809523809523836,-0.017511520737327202,-0.03963963963963968,0.013307984790874583,0.052319842053307086,0.13163481953290868,0.17920353982300874,0.15492957746478875,0.1511879049676026,0.23522595596755513,0.23094688221709014,0.3209417596034696,0.324223602484472,0.39164490861618795,0.42133333333333334,0.3989501312335959,0.47237569060773477,0.5163584637268848,0.5404624277456647,0.5653450807635829,0.6006006006006006,0.5676470588235294,0.670846394984326,0.736156351791531,0.6813880126182965,0.5653450807635829,0.5816023738872405,0.5769230769230769,0.5863095238095237,0.5539358600583091,0.5584795321637428
BUT-L,0.170940170940171,0.1400730816077953,0.17440401505646164,0.1729323308270676,0.15555555555555545,0.22352941176470598,0.24302788844621515,0.22033898305084754,0.3036211699164346,0.34097421203438394,0.4511627906976745,0.49760000000000004,0.542009884678748,0.647887323943662,0.828125,0.647887323943662,0.34097421203438394,0.3390557939914163,0.273469387755102,0.2597577388963661,0.2700135685210312,0.3239038189533239,0.42465753424657526,0.4377880184331797,0.5072463768115942,0.4511627906976745,0.3127629733520336,0.39910313901345296,0.34676258992805753,0.39910313901345296,0.3907875185735512,0.47867298578199047,0.5757575757575757,0.49760000000000004,0.5652173913043479,0.656637168141593,0.6421052631578947,0.6278260869565218,0.6335078534031413,0.6654804270462633,0.7760910815939279,0.7174311926605506,0.6774193548387097,0.6137931034482758,0.7462686567164178,0.7018181818181819,0.7397769516728625,0.7660377358490567,0.8795180722891567
KPCK-L,-0.014193548387096633,0.03609625668449179,0.04447439353099725,-0.037267080745341685,-0.0055603079555176516,-0.05602923264311832,-0.03326403326403338,-0.06813627254509025,-0.052567237163814395,0.007802340702210531,0.04260089686098656,-0.027196652719665204,0.04729729729729715,0.04353680430879692,0.17010568696527417,0.13691931540342273,-0.037267080745341685,-0.04713114754098369,-0.0882352941176473,-0.08320189274447976,-0.07738095238095244,-0.04713114754098369,0.006493506493506773,0.06651376146788968,0.15671641791044788,0.13359336908824937,0.08594114899579619,0.2140992167101825,0.2191924488725745,0.26153011394465553,0.2439807383627608,0.32629777524244163,0.38146167557932276,0.2916666666666665,0.30617977528089857,0.35726795096322217,0.36203866432337395,0.38888888888888884,0.3660399529964744,0.35253054101221637,0.4369592088998764,0.4281326781326782,0.3822829964328176,0.3240318906605917,0.4022919179734621,0.42988929889298855,0.40738498789346234,0.453125,0.4659520807061788
N4P-L,0.4193548387096775,1.8181818181818183,1.2142857142857144,1.3846153846153846,1.5833333333333335,1.8181818181818183,1.0666666666666669,0.7222222222222223,1.8181818181818183,1.0666666666666669,1.0666666666666669,0.9375,0.34782608695652173,0.34782608695652173,0.24,0.1071428571428572,-0.13888888888888884,-0.1842105263157895,-0.32608695652173914,-0.16216216216216217,-0.13888888888888884,-0.16216216216216217,-0.5,-0.5507246376811594,-0.34042553191489366,-0.41509433962264153,-0.515625,-0.4918032786885246,-0.5571428571428572,-0.5,-0.6219512195121951,-0.6836734693877551,-0.6736842105263158,-0.7327586206896552,-0.7075471698113207,-0.7232142857142857,-0.7394957983193278,-0.7651515151515151,-0.7479674796747968,-0.7785714285714286,-0.8590909090909091,-0.8798449612403101,-0.8916083916083917,-0.875,-0.87890625,-0.8663793103448276,-0.8509615384615384,-0.8418367346938775,-0.8523809523809524
CFX-L,0.061111111111111116,-0.027027027027026973,-0.16279069767441856,-0.16279069767441856,-0.13875598086124397,-0.12195121951219512,-0.016393442622950838,-0.12195121951219512,0.14649681528662417,0.16129032258064524,0.3138686131386861,0.2857142857142858,0.25874125874125875,0.19999999999999996,0.10429447852760743,0.139240506329114,-0.08629441624365486,-0.13875598086124397,-0.23404255319148937,-0.19999999999999996,-0.2468619246861925,-0.2139737991266376,-0.28,-0.09547738693467334,-0.12195121951219512,-0.14691943127962082,-0.25311203319502074,-0.2139737991266376,-0.19999999999999996,-0.14691943127962082,-0.18552036199095023,-0.25311203319502074,-0.22746781115879833,-0.27710843373493976,-0.17808219178082196,-0.21739130434782605,0.016949152542372836,0.02857142857142847,-0.04761904761904767,0.05263157894736836,0.18421052631578938,0.2857142857142858,0.3846153846153846,0.3846153846153846,0.47540983606557385,0.5254237288135593,0.6363636363636365,0.36363636363636354,0.2857142857142858
DIG-L,-0.0066079295154185536,0.02483069977426644,0.08872901678657064,0.03534777651083232,0.057043073341094264,0.017937219730941756,0.02947845804988658,0.011135857461024523,0.05581395348837215,0.04487917146145004,0.0861244019138756,0.0389016018306636,0.11002444987775051,0.10596833130328864,0.2717086834733893,0.28067700987306066,0.07966706302021409,0.09397590361445785,0.0835322195704058,0.07838479809976251,0.0835322195704058,0.1435768261964736,0.1853785900783289,0.2861189801699717,0.3159420289855073,0.3392330383480826,0.2897727272727273,0.4983498349834983,0.4055727554179567,0.4983498349834983,0.5083056478405317,0.5494880546075085,0.5851955307262569,0.523489932885906,0.5224681421864521,0.5896358543417366,0.5829846582984657,0.6008462623413258,0.6031073446327684,0.5774843641417651,0.6617862371888728,0.6789940828402365,0.6521106259097524,0.5742024965325934,0.6497093023255816,0.5985915492957747,0.537940379403794,0.6237482117310442,0.5698478561549101
RS1R-L,0.08208366219415941,0.18632958801498134,0.21360153256704972,0.23009708737864076,0.14556962025316467,0.3350895679662802,0.24215686274509807,0.19528301886792443,0.37717391304347836,0.7214673913043479,0.5565110565110565,0.6037974683544305,0.5798004987531171,0.5083333333333333,0.968919968919969,0.7075471698113207,0.5283474065138722,0.36972972972972973,0.11629955947136561,0.10173913043478255,0.19190968955785515,0.30888429752066116,0.3364978902953586,0.4015486725663717,0.5265060240963855,0.36530172413793105,0.33228180862250256,0.37269772481040087,0.4077777777777778,0.4124860646599777,0.5857321652065082,0.6099110546378652,0.6348387096774193,0.58375,0.441410693970421,0.3801742919389979,0.4140625,0.5029655990510082,0.6605504587155964,0.6518904823989571,0.7695530726256983,0.6454545454545455,0.6285347043701799,0.5565110565110565,0.7597222222222222,0.8415697674418605,0.846938775510204,0.779494382022472,0.846938775510204
JMI-L,0.14591439688715946,0.22673031026252977,0.26913580246913593,0.14222222222222225,0.2567237163814182,0.3706666666666669,0.3948439620081414,0.408219178082192,0.5435435435435434,0.6474358974358976,0.8098591549295775,0.984555984555985,1.031620553359684,1.0,1.141666666666667,1.1239669421487601,0.5207100591715974,0.37801608579088497,0.3012658227848102,0.40054495912806565,0.4643874643874646,0.5815384615384616,0.6963696369636965,0.7190635451505016,0.766323024054983,0.766323024054983,0.6214511041009463,0.7542662116040957,0.8422939068100359,0.8035087719298246,0.7306397306397305,0.6634304207119743,0.6527331189710612,0.6317460317460319,0.6797385620915033,0.8357142857142861,0.8357142857142861,0.7602739726027401,0.7482993197278913,0.8489208633093528,0.9543726235741448,0.8226950354609928,0.8098591549295775,0.8966789667896682,0.9469696969696972,0.9618320610687026,0.9618320610687026,0.9037037037037039,0.9037037037037039
HAYS-L,0.07524536532170134,0.3184759166067579,0.4339327599687257,0.36661698956780997,0.3904473085670963,0.3717277486910995,0.5675213675213675,0.3270622286541245,0.43169398907103806,0.5548961424332344,0.538590604026846,0.8619289340101524,0.8525252525252525,1.037777777777778,1.1008018327605953,1.3127364438839852,0.9614973262032083,0.8619289340101524,0.6515083295812696,0.7702702702702704,0.667272727272727,0.9573105656350052,1.037777777777778,1.2503067484662576,1.463398253861652,1.5830985915492959,1.6522053506869132,1.9509251810136763,2.257548845470693,2.1923411662315053,2.2867383512544808,2.298561151079137,2.42803738317757,2.415270018621974,2.24314765694076,2.3104693140794224,2.4441314553990607,2.543961352657004,2.8773784355179703,2.995642701525054,3.305164319248825,2.9869565217391303,3.1306306306306304,3.275058275058276,3.506142506142506,3.5964912280701764,3.9701897018970174,3.903743315508022,3.903743315508022
BMT-L,0.0,0.0,0.0,0.0,-0.16666666666666663,-0.16666666666666663,-0.16666666666666663,-0.16666666666666663,-0.14893617021276595,-0.13043478260869568,-0.11111111111111116,-0.11111111111111116,-0.11111111111111116,-0.11111111111111116,-0.13043478260869568,-0.13043478260869568,-0.09090909090909094,-0.09090909090909094,-0.09090909090909094,-0.09090909090909094,-0.09090909090909094,-0.09090909090909094,-0.03614457831325302,-0.03614457831325302,-0.03614457831325302,-0.03614457831325302,-0.03614457831325302,-0.024390243902439046,-0.06976744186046513,-0.06976744186046513,-0.04761904761904767,-0.04761904761904767,-0.04761904761904767,0.0,0.0,0.0,0.05263157894736836,0.05263157894736836,0.05263157894736836,0.08108108108108114,0.08108108108108114,0.29032258064516125,0.35593220338983045,0.4545454545454546,0.4545454545454546,0.4545454545454546,0.4545454545454546,0.4545454545454546,0.4545454545454546
BKGH-L,0.08580106302201984,0.1737967914438503,0.12756849315068486,-0.16168045830681077,-0.17273869346733672,-0.13808900523560208,-0.04008746355685122,-0.11432414256893086,0.03456402199528674,0.16548672566371692,0.3370558375634518,0.5530660377358492,0.4010638297872342,0.2975369458128079,0.30784508440913605,0.3262839879154078,0.10209205020920509,0.054443554843875086,-0.13298222514812374,-0.14922480620155043,-0.05591397849462365,-0.0796645702306078,0.1266039349871686,0.06038647342995174,-0.014958863126402377,0.01934984520123817,-0.08161888140033347,-0.07915838275706599,0.014624748740738491,-0.001585668450471478,-0.033181058689380594,-0.00949817395986996,-0.03521646698687653,-0.06538644830475804,-0.05380830382401858,0.12229921187240889,0.13153624242279927,0.11773701995422825,0.14282338698562014,0.18212943640902912,0.24305292454222482,0.11955743855350232,0.167076854451359,0.2341261530912937,0.24983321322154617,0.2145022389962019,0.31940166462927144,0.3931937407931563,0.47172449444955533
CHG-L,0.10750000000000015,0.16279069767441867,0.020408163265306145,0.044386422976501194,0.09589041095890427,0.1527377521613833,0.509433962264151,0.3651877133105803,0.418439716312057,0.38888888888888884,0.8867924528301889,0.7621145374449341,0.7391304347826089,0.6460905349794241,0.6528925619834709,0.619433198380567,0.33779264214046845,0.1799410029498527,0.21580547112462,0.2944983818770228,0.44404332129963886,0.7467248908296942,0.5209125475285172,0.2861736334405145,0.1730205278592376,0.3840830449826991,0.47601476014760125,0.619433198380567,0.49812734082397014,1.2222222222222223,1.5641025641025643,0.8181818181818181,0.17647058823529416,-0.06542056074766356,-0.13043478260869557,-0.2957746478873239,-0.4285714285714285,-0.4285714285714285,-0.40740740740740733,-0.4382022471910112,-0.4652406417112299,-0.4818652849740932,-0.5348837209302326,-0.5485327313769752,-0.5,-0.4897959183673469,-0.45945945945945954,-0.4736842105263158,-0.4736842105263158
BLPU-L,0.47688123300090735,0.09207920792079194,0.38742138364779866,0.5824964131994259,0.6102189781021898,1.0733082706766912,1.1542968749999996,1.3221052631578947,2.7645051194539243,2.546623794212218,2.7645051194539243,2.404320987654321,2.61639344262295,2.5427827797502367,2.8087937734516197,3.789599037001394,3.1640917000795685,4.782262049851423,5.032305814169323,5.60341169006701,5.931531525598289,6.199848874976291,7.390801320461087,6.390573348485594,6.199848874976291,6.199848874976291,5.763494397704995,5.60341169006701,5.5261788048030684,5.5261788048030684,5.5261788048030684,5.5261788048030684,5.642717712031693,5.564568091890145,5.682494464798351,5.032305814169323,4.967789174445586,4.6648557138138305,4.60792249055942,4.722956798058076,4.693758038884309,4.264040451043985,4.314174169625356,4.693758038884309,5.065090084898505,5.413658480582326,5.8047352172032,5.199869864562915,4.999874062480241
BRSD-L,0.6111111111111112,-0.052631578947368474,-0.09999999999999998,-0.09999999999999998,-0.21739130434782605,-0.3297861645523902,-0.6146270446176244,-0.6146270446176244,-0.6917016356940995,-0.6917016356940995,-0.7430846964117496,-0.6146270446176244,-0.6146270446176244,-0.6917016356940995,-0.7430846964117496,-0.7430846964117496,-0.7797868826386425,-0.7430846964117496,-0.7797868826386425,-0.7797868826386425,-0.7797868826386425,-0.7430846964117496,-0.7430846964117496,-0.8073135223088121,-0.8073135223088121,-0.6917016356940995,-0.7430846964117496,-0.719728657805057,-0.7820111782928221,-0.7547625755794248,-0.7820111782928221,-0.8365083837196166,-0.8490846618950306,-0.8598643289025285,-0.8598643289025285,-0.8490846618950306,-0.8490846618950306,-0.8598643289025285,-0.8598643289025285,-0.8365083837196166,-0.8490846618950306,-0.8490846618950306,-0.8365083837196166,-0.8490846618950306,-0.8692067069756932,-0.8365083837196166,-0.8365083837196166,-0.8268911483577814,-0.8516209843066698
CGS-L,-0.018018018018018056,0.009090909090909038,-0.02346041055718473,-0.13953488372093026,-0.10242587601078168,-0.017699115044247815,-0.0926430517711172,-0.19370460048426152,0.0060422960725075026,-0.034782608695652195,-0.07242339832869082,-0.0876712328767123,-0.16541353383458646,-0.12598425196850394,-0.0485714285714286,-0.06197183098591552,-0.10242587601078168,-0.09756097560975607,-0.2681318681318682,-0.1483375959079284,-0.21647058823529408,-0.22737819025522044,-0.09756097560975607,-0.23448275862068968,-0.21647058823529408,-0.22737819025522044,-0.22737819025522044,-0.2681318681318682,-0.23448275862068968,-0.22737819025522044,-0.32179226069246436,-0.33266533066132264,-0.34059405940594056,-0.40429338103756707,-0.40215439856373425,-0.3798882681564246,-0.3833333333333333,-0.3204081632653061,-0.29299363057324845,-0.29299363057324845,-0.2760869565217391,-0.28846153846153844,-0.25,-0.0851648351648352,-0.07499999999999996,-0.05397727272727271,-0.05397727272727271,-0.037572254335260125,-0.11436170212765961
JGGI-L,0.08257713248638843,0.11425682507583423,0.17109458023379376,0.11200807265388502,0.11425682507583423,0.1131313131313132,0.17735042735042716,0.16367476240760293,0.2754629629629628,0.31034482758620663,0.30260047281323854,0.3439024390243903,0.42931258106355363,0.4557463672391018,0.6722306525037933,0.6325925925925926,0.34226552984165637,0.3455433455433452,0.31346841477949927,0.33900364520048587,0.3655514250309788,0.350490196078431,0.44052287581699345,0.5263157894736841,0.5720399429386589,0.5434173669467786,0.41101152368757976,0.4693333333333334,0.3949367088607596,0.46153846153846145,0.5220994475138121,0.630177514792899,0.6747720364741641,0.6064139941690958,0.6253687315634218,0.7138413685847589,0.6798780487804874,0.6722306525037933,0.6087591240875911,0.6521739130434783,0.6596385542168675,0.6398809523809521,0.6134699853587113,0.5434173669467786,0.5609065155807362,0.554301833568406,0.5391061452513963,0.6497005988023952,0.6798780487804874
CRPR-L,-0.009732360097323589,0.06753246753246755,0.051150895140664954,0.0620155038759691,0.10187667560321723,0.06753246753246755,0.4172413793103449,0.4221453287197232,0.43205574912891986,0.3215434083601285,0.27244582043343657,0.3047619047619048,0.32580645161290334,0.04580152671755733,0.04580152671755733,0.04580152671755733,0.02750000000000008,-0.004842615012106588,-0.11231101511879049,-0.0927152317880795,-0.11231101511879049,-0.17964071856287422,-0.17964071856287422,-0.2141491395793499,-0.19883040935672514,-0.23463687150837986,-0.22889305816135086,-0.2486288848263254,-0.29982964224872233,-0.4186704384724187,-0.42356241234221603,-0.42677824267782427,-0.4186704384724187,-0.45562913907284763,-0.4153627311522048,-0.41032998565279766,-0.40174672489082974,-0.4136947218259629,-0.4186704384724187,-0.4186704384724187,-0.36180124223602483,-0.37537993920972645,-0.26344086021505375,-0.28397212543554007,-0.30808080808080807,-0.32178217821782173,-0.33061889250814336,-0.2889273356401384,-0.2889273356401384
ELM-L,0.0,-0.190954773869347,-0.20297029702970326,-0.3119658119658124,-0.261467889908257,-0.23696682464454988,-0.19500000000000006,-0.1868686868686874,-0.13903743315508044,0.08053691275167707,0.09523809523809468,-0.01226993865030701,0.08783783783783705,-0.1658031088082904,0.012578616352200811,-0.14361702127659592,-0.38076923076923075,-0.48064516129032275,-0.5400000000000001,-0.4686468646864689,-0.41877256317689526,-0.3947368421052633,-0.3783783783783786,-0.42500000000000004,-0.3148936170212764,-0.36363636363636376,-0.35080645161290336,-0.2714932126696834,-0.23333333333333361,-0.27802690582959666,-0.33195020746887993,-0.34016393442622994,-0.3710937500000002,-0.3854961832061069,-0.35856573705179307,-0.38783269961977207,-0.39015151515151536,-0.3710937500000002,-0.44097222222222254,-0.40808823529411786,-0.337448559670782,-0.4124087591240879,-0.44097222222222254,-0.45238095238095266,-0.49687500000000007,-0.5030864197530864,-0.4772727272727275,-0.4937106918238995,-0.4448275862068968
BT-L,0.141456054319125,0.19629963898916958,0.4622173193601764,0.3735751295336789,0.2341713221601489,0.18985637342908435,0.22053406998158387,0.2696360153256705,0.28939688715953316,0.24694261523988703,0.3679050567595459,0.4116080937167197,0.6652010050251254,0.6465838509316768,0.7037275064267352,0.6652010050251254,0.5165903890160184,0.7791946308724831,1.103968253968254,1.0113808801213962,0.9754098360655736,1.124198717948718,1.2296047098402019,1.7672233820459287,1.8474758324382385,1.9099890230515917,1.998868778280543,2.285006195786865,2.107854630715123,1.945555555555556,2.0228050171037633,1.9036144578313254,2.0969626168224296,2.1005847953216374,2.115158636897767,2.3727735368956746,2.511258278145695,2.7763532763532766,2.6565517241379313,2.5299600532623163,2.597014925373134,2.8700729927007296,2.597014925373134,2.681944444444445,2.4653594771241827,2.5393858477970626,2.6870653685674544,2.765625,2.469895287958115
AEI-L,0.018442622950819665,0.10657596371882083,0.12962962962962954,0.04496788008565322,0.0917225950782996,0.15094339622641506,0.18159806295399505,0.14018691588785037,0.1536643026004727,0.19901719901719894,0.34435261707988984,0.30831099195710454,0.38636363636363624,0.38636363636363624,0.5844155844155845,0.5345911949685536,0.318918918918919,0.2675324675324675,0.1873479318734792,0.25449871465295626,0.23544303797468347,0.22305764411027562,0.2675324675324675,0.3048128342245988,0.37464788732394383,0.3707865168539326,0.33333333333333326,0.5061728395061729,0.4923547400611621,0.5061728395061729,0.45238095238095233,0.42274052478134094,0.5061728395061729,0.38636363636363624,0.5249999999999999,0.5297805642633229,0.5741935483870966,0.5895765472312702,0.5792880258899678,0.47432024169184284,0.5443037974683542,0.4878048780487805,0.5061728395061729,0.4654654654654655,0.5202492211838008,0.5061728395061729,0.5249999999999999,0.515527950310559,0.5443037974683542
TITN-L,-0.0818965517241379,0.10476190476190483,0.20833333333333326,0.20833333333333326,0.2540540540540541,0.2540540540540541,0.303370786516854,0.3647058823529412,0.44999999999999996,0.4233128834355828,0.5163398692810457,0.1428571428571428,0.44999999999999996,0.6000000000000001,0.49677419354838714,0.41463414634146334,0.2540540540540541,0.12621359223300965,-0.033333333333333326,0.3975903614457832,0.3975903614457832,0.3181818181818181,0.3181818181818181,0.33333333333333326,0.3647058823529412,0.3647058823529412,0.05454545454545445,0.05454545454545445,0.07407407407407418,0.026548672566371723,0.026548672566371723,-0.05691056910569103,-0.13108614232209737,-0.1501831501831502,0.15999999999999992,0.12621359223300965,0.41463414634146334,0.3647058823529412,0.15999999999999992,0.15999999999999992,0.10476190476190483,-0.025210084033613467,-0.07199999999999995,-0.19999999999999996,-0.17142857142857137,-0.20547945205479456,-0.10077519379844957,0.14851485148514842,-0.008547008547008517
CLDN-L,0.011724137931034662,0.11367127496159712,0.07011070110701079,0.03571428571428559,-0.023569023569023684,0.009046624913013224,0.032028469750889466,-0.061488673139158734,-0.003436426116838698,-0.028801071667783118,-0.023569023569023684,-0.049180327868852625,-0.006849315068493289,0.08208955223880587,0.04920405209840806,-0.020270270270270396,-0.1853932584269664,-0.20547945205479468,-0.21066956995100727,-0.19444444444444475,-0.17800453514739245,-0.09713574097135758,-0.07289002557544766,-0.006849315068493289,0.06149341142020481,0.17886178861788604,0.09516616314199378,0.13814756671899509,0.11882716049382691,0.05454545454545445,-0.013605442176871096,-0.006849315068493289,-0.0510471204188484,-0.04100529100529127,-0.06572164948453618,-0.06451612903225823,-0.06330749354005183,-0.04605263157894757,-0.028801071667783118,-0.028801071667783118,-0.004120879120879328,-0.05844155844155863,-0.09713574097135758,-0.09375000000000022,-0.03846153846153855,-0.03204272363150873,0.0327635327635325,0.013986013986013957,0.043165467625899234
FJV-L,0.08557046979865768,0.2573839662447259,0.31858407079646023,0.45365853658536603,0.7275362318840579,0.8801261829652998,1.721461187214612,1.5800865800865798,1.8792270531400965,3.0,3.35036496350365,3.966666666666667,4.228070175438597,4.622641509433962,5.850574712643678,4.36936936936937,3.966666666666667,3.885245901639345,4.36936936936937,4.050847457627119,4.570093457943926,3.7301587301587302,3.885245901639345,4.6761904761904765,4.36936936936937,3.5151515151515156,3.287769784172662,3.082191780821918,2.4057142857142857,2.136842105263158,2.2043010752688175,2.5903614457831328,3.0,2.634146341463415,2.445086705202312,2.2043010752688175,1.8380952380952382,1.5689655172413794,1.183150183150183,1.1594202898550727,1.0,0.8980891719745223,0.8509316770186337,0.773809523809524,0.9477124183006538,0.9866666666666668,0.9477124183006538,0.9477124183006538,1.1209964412811386
NWG-L,-0.09405940594059459,-0.1416430594900846,-0.053864168618266484,-0.044164037854889315,-0.053124999999999756,-0.09009009009008984,-0.07972665148063751,-0.17326057298772135,-0.09213483146067358,0.053913043478261535,0.10432801822323445,0.2598752598752603,0.4158878504672898,0.5131086142322103,0.9675324675324684,0.3710407239819007,0.23673469387755097,0.16875602700096448,0.1882352941176475,0.24307692307692363,0.2443531827515406,0.2657963446475198,0.30182599355531714,0.5361216730038023,0.7616279069767449,0.8937500000000005,0.7401292175161525,1.0594732370433313,0.8761609907120746,1.0824742268041243,1.120734908136484,1.0896551724137935,1.3129770992366416,1.0735671514114635,1.1133391455972115,1.229990800367986,1.3488372093023266,1.3952569169960487,1.4215784215784226,1.4836065573770498,1.5197505197505206,1.4785276073619635,1.2998102466793178,1.3811394891945001,1.404761904761906,1.1759425493716344,1.1451327433628329,1.0824742268041243,1.1114982578397217
HTG-L,0.013392857142857206,-0.17343173431734316,-0.29999999999999993,-0.33134328358208953,-0.3065015479876161,-0.2406779661016949,-0.20848056537102466,-0.2774193548387096,-0.11462450592885376,-0.08943089430894302,0.11442786069651745,-0.09677419354838712,-0.20848056537102466,-0.288888888888889,-0.33134328358208953,-0.4357682619647355,-0.5927272727272727,-0.5789473684210527,-0.5813084112149532,-0.540041067761807,-0.536231884057971,-0.4988814317673378,-0.4729411764705882,-0.4790697674418605,-0.46666666666666656,-0.5087719298245614,-0.49321266968325794,-0.39459459459459456,-0.3846153846153846,-0.4042553191489362,-0.41052631578947363,-0.38292011019283745,-0.346938775510204,-0.39459459459459456,-0.3795013850415513,-0.30434782608695654,-0.30434782608695654,-0.30434782608695654,-0.23024054982817876,-0.004444444444444362,0.009009009009009139,-0.3411764705882353,-0.3846153846153846,-0.4691943127962085,-0.5130434782608695,-0.4977578475336323,-0.4455445544554455,-0.43434343434343425,-0.4455445544554455
HAN-L,0.21572212065813523,0.06420233463035019,0.03992395437262353,0.03598484848484862,0.02434456928838946,0.16135881104033967,0.20219780219780237,0.20219780219780237,0.21555555555555572,0.1814254859611233,0.14435146443514668,0.09181636726546905,0.12320328542094461,0.22098214285714302,0.20219780219780237,0.1814254859611233,-0.024955436720142554,-0.0681431005110732,-0.051993067590987874,0.0,-0.010849909584086714,0.030131826741996326,0.12783505154639174,0.1814254859611233,0.20219780219780237,0.16135881104033967,0.15644820295983108,0.17130620985010703,0.17634408602150553,0.1814254859611233,0.15644820295983108,0.21826280623608008,0.15889830508474567,0.16880341880341887,0.21555555555555572,0.24885844748858466,0.24885844748858466,0.2517162471395882,0.27505827505827485,0.3309002433090025,0.3606965174129353,0.38131313131313127,0.38131313131313127,0.4097938144329898,0.43947368421052646,0.43947368421052646,0.45478723404255317,0.486413043478261,0.486413043478261
