Momentum Index,1,2,3,4,5,6,7,8,9,10,11,12,13,14,15,16,17,18,19,20,21,22,23,24,25,26,27,28,29,30,31,32,33,34,35,36,37,38,39,40,41,42,43,44,45,46,47,48,49
NTOG-L,-0.20833333333333337,-0.07692307692307687,-0.19999999999999996,-0.368421052631579,-0.22580645161290325,-0.22580645161290325,-0.25,-0.2941176470588235,-0.4782608695652174,-0.5102040816326531,-0.5384615384615384,-0.5932203389830508,-0.5555555555555556,-0.5789473684210527,-0.5636363636363637,-0.5789473684210527,-0.5714285714285715,-0.5294117647058824,-0.5932203389830508,-0.5932203389830508,-0.5714285714285715,-0.6190476190476191,-0.6666666666666667,-0.6923076923076923,-0.6923076923076923,-0.7142857142857143,-0.7176470588235294,-0.76,-0.7623762376237624,-0.7473684210526316,-0.7894736842105263,-0.7894736842105263,-0.7551020408163265,-0.7,-0.7037037037037037,-0.6883116883116883,-0.7362637362637363,-0.7176470588235294,-0.7948717948717949,-0.7647058823529411,-0.75,-0.7333333333333334,-0.7303370786516854,-0.7176470588235294,-0.7303370786516854,-0.7,-0.7333333333333334,-0.7419354838709677,-0.7525773195876289
SWGS-L,0.0,-0.2222222222222221,-0.32692307692307687,-0.41666666666666674,-0.27083333333333337,-0.07894736842105265,-0.07894736842105265,-0.27083333333333337,-0.30000000000000004,-0.2222222222222221,-0.30000000000000004,-0.30000000000000004,-0.36363636363636365,-0.41666666666666674,-0.46153846153846156,-0.46153846153846156,-0.41666666666666674,-0.36363636363636365,-0.41666666666666674,-0.5333333333333334,-0.6111111111111112,-0.5333333333333334,-0.6111111111111112,-0.6666666666666667,-0.7083333333333334,-0.5333333333333334,-0.6195652173913044,-0.6956521739130435,-0.7083333333333334,-0.6818181818181819,-0.7083333333333334,-0.75,-0.7586206896551724,-0.7083333333333334,-0.72,-0.6315789473684209,-0.6666666666666667,-0.6315789473684209,-0.6956521739130435,-0.6956521739130435,-0.6956521739130435,-0.7407407407407407,-0.72,-0.7083333333333334,-0.7083333333333334,-0.72,-0.7307692307692308,-0.7307692307692308,-0.72
ANEA-L,0.03715596330275228,-0.10251132153149445,-0.128,-0.1335453100158982,-0.09280066583437374,-0.08403361344537819,-0.09166666666666667,-0.048865619546247796,-0.009090909090909038,-0.13320079522862827,-0.15895061728395066,-0.1484375,-0.16186082276047675,-0.18656716417910446,-0.20957215373459026,-0.23239436619718312,-0.23776223776223782,-0.2158273381294964,-0.17549167927382758,-0.18898809523809523,-0.1773584905660377,-0.21014492753623193,-0.18656716417910446,-0.16153846153846152,-0.16666666666666663,-0.18959107806691455,-0.2280453257790368,-0.24567474048442905,-0.23239436619718312,-0.2544459644322845,-0.21071687183200583,-0.2388268156424581,-0.1955719557195572,-0.18959107806691455,-0.2253020611229567,-0.27622841965471445,-0.2534246575342466,-0.2805280528052805,-0.24931129476584024,-0.2899022801302932,-0.31875,-0.2875816993464052,-0.2534246575342466,-0.22142857142857142,-0.1949778434268833,-0.1397000789265983,-0.16153846153846152,-0.13833992094861658,-0.22695035460992907
GWMO-L,-0.10833333333333328,0.5999999999999999,0.1428571428571428,0.06194690265486735,0.025641025641025772,0.0714285714285714,0.0,0.1428571428571428,-0.14893617021276595,-0.11111111111111116,-0.52,-0.4339622641509434,-0.024390243902439046,-0.055118110236220486,-0.024390243902439046,-0.45945945945945954,-0.375,-0.3846153846153846,-0.5862068965517242,-0.5862068965517242,-0.3846153846153846,-0.42307692307692313,-0.3513513513513514,-0.4,-0.4545454545454546,-0.6000000000000001,-0.6190476190476191,-0.6417910447761195,-0.7913043478260869,-0.7913043478260869,-0.8451612903225807,-0.8153846153846154,-0.7473684210526316,-0.8222222222222222,-0.85,-0.88,-0.8702702702702703,-0.8666666666666667,-0.8769230769230769,-0.8769230769230769,-0.8883720930232558,-0.9127272727272727,-0.925,-0.9314285714285714,-0.9261538461538461,-0.9359999999999999,-0.9323943661971831,-0.9435294117647058,-0.9529411764705882
CPI-L,0.012541806020067048,-0.07858243451463787,-0.0485282418456644,-0.043200000000000016,0.026609442060085753,0.07264573991031376,-0.009113504556752416,0.07264573991031376,0.10230414746543781,0.133649289099526,0.10843373493975905,0.026609442060085753,-0.022875816993464082,0.013559322033898313,0.03103448275862064,0.07942238267148016,0.10128913443830578,0.08137432188065086,0.07360861759425474,0.2056451612903225,0.14559386973180088,0.19480519480519476,0.2135971588026382,0.1783251231527092,0.24388975559022374,0.1488952929875118,0.21916411824668702,0.2406639004149378,0.3150082462891699,0.3092501368363436,0.39312754804892247,0.5120101137800255,0.5603392041748205,0.5572916666666667,0.655363321799308,0.5303902751119638,0.6530753282653765,0.6473829201101926,0.8162490508731965,0.9752270850536744,0.747260774287801,0.6010709504685405,0.5654450261780104,0.9136000000000002,0.8414164742109314,0.8969072164948453,0.6738978306508043,0.6821378340365682,0.6703910614525139
KWG-L,0.0,0.0,-0.05084745762711862,-0.05084745762711862,-0.05084745762711862,-0.05084745762711862,-0.11578947368421066,-0.13846153846153852,-0.1515151515151516,-0.1923076923076924,-0.20000000000000007,-0.20000000000000007,-0.16831683168316847,-0.16831683168316847,-0.16000000000000014,-0.20000000000000007,-0.03448275862068961,0.21739130434782594,0.16666666666666652,0.14285714285714257,0.11999999999999988,0.11999999999999988,0.11999999999999988,0.056603773584905426,0.056603773584905426,0.14285714285714257,0.16666666666666652,0.3023255813953487,0.11999999999999988,0.03703703703703676,0.018181818181818077,0.16666666666666652,0.1914893617021276,0.9310344827586208,0.9310344827586208,1.0588235294117645,1.0437956204379555,1.0740740740740735,1.6666666666666665,1.2399999999999998,0.6969696969696968,0.7283950617283947,0.6969696969696968,0.5555555555555554,0.3999999999999999,-0.06666666666666676,-0.06666666666666676,-0.3411764705882354,-0.552
BKIRx-L,-0.0025974025974025983,-0.020356234096692072,-0.022842639593908642,-0.051724137931034475,-0.05405405405405406,-0.010282776349614386,-0.002590673575129543,0.021220159151193574,0.0547945205479452,0.06206896551724128,0.09686609686609682,0.10000000000000009,0.10951008645533133,0.1031518624641834,0.06060606060606055,0.1257309941520468,0.14583333333333326,0.15269461077844304,0.18827160493827155,0.18827160493827155,0.26644736842105265,0.2748344370860927,0.3701067615658362,0.41025641025641035,0.4259259259259258,0.50390625,0.5682281059063137,0.43122676579925656,0.4025500910746813,0.40767824497257776,0.3898916967509025,0.38240574506283664,0.3799283154121864,0.5602836879432624,0.7865429234338748,0.8554216867469879,1.1937321937321936,1.121212121212121,1.2254335260115607,1.2916666666666665,0.9974059662775616,0.925,0.8689320388349515,1.1388888888888888,1.40625,4.661764705882353,3.350282485875706,4.347222222222222,3.666666666666667
LLOY-L,-0.004499735309687725,-0.09040568195497778,-0.1300944047893161,-0.14775547033611547,-0.08821045010257023,-0.04824285174455223,-0.05538192274034248,0.025654947739921052,-0.007747866053841146,-0.051706827309237036,-0.016145833333333304,-0.01524827316564592,-0.003823335530652505,0.030410473203327237,0.0006621639517945255,-0.0236464659516733,-0.049559748427672856,-0.0014536804546055881,-0.07025962839916322,-0.05538192274034248,-0.04499494438827101,-0.03843217103588692,-0.02779207411219775,0.01232583065380477,0.030551009274413676,0.021081081081081088,0.18007184132437914,0.22622525154170736,0.3940959409594098,0.5301741595787768,0.41896713615023473,0.46320681642137873,0.5206278929362045,0.6519457804984694,0.7198133606464092,0.8901813633520947,1.2619368358030232,1.4612377850162863,1.3998729553755758,1.9377916018662518,1.249144217889567,1.2501488981536628,1.1728253055355857,1.346583850931677,1.7943786982248522,2.148333333333333,1.4725130890052354,1.258556269615902,1.1186036730688347
HSX-L,0.06096196868008952,-0.048936170212766084,0.032928942807625594,0.037122969837587005,0.0829800121138704,0.024641833810888247,0.06699764849182976,0.16200428842603376,0.1964219048674254,0.22316240886950922,0.25575592975722405,0.3295660353464025,0.2990247022220589,0.3110712991514757,0.2006555280268998,0.23563456744501754,0.21353809807010693,0.2483636947034653,0.2655013807911517,0.2906304789005869,0.17321572053129164,0.21806879530422751,0.20631312021962822,0.2413321412802436,0.26059253136992955,0.23098770676957514,0.46651965066411494,0.47718524812349017,0.4482208314936176,0.4303730395561962,0.5150301757548854,0.682298735768432,0.7362821267655857,0.6546512217002602,0.6298992669494159,0.6339170958736955,0.7094150919220177,0.7930361638217198,0.8759217978097047,1.0394636981315761,0.9771087304780384,0.9471012050705385,0.9272857820967166,1.0876400059614562,1.078366454850575,1.0478651963731074,1.1210422460568394,1.132986973106235,1.228609813032544
LIO-L,-0.13384615384615384,-0.12751677852348997,0.04585679806918752,0.15658362989323837,0.14035087719298245,0.19926199261992616,0.17967332123411972,0.11111111111111116,0.16487455197132617,0.20817843866171004,0.4285714285714286,0.5258215962441315,0.4541387024608501,0.365546218487395,0.3265306122448979,0.2770137524557956,0.24045801526717558,0.3429752066115703,0.4541387024608501,0.30522088353413657,0.28712871287128716,0.30000000000000004,0.38445154419595307,0.3429752066115703,0.45739910313901344,0.5531660692951015,0.6993464052287581,0.7150395778364116,0.9461077844311376,0.9461077844311376,0.8413597733711049,1.218430034129693,1.748414376321353,1.9953917050691246,1.8634361233480177,1.981651376146789,2.3333333333333335,2.4031413612565444,2.5135135135135136,2.3678756476683938,1.8260869565217392,1.6530612244897958,2.6161335187760777,2.6619718309859155,3.4520547945205475,3.193548387096774,4.416666666666667,3.7794117647058822,3.2139384116693677
OXB-L,0.007792207792207684,-0.1406250000000001,-0.1593886462882096,-0.22999999999999998,-0.3155555555555556,-0.34468085106382984,-0.05810397553516833,0.11594202898550732,0.3811659192825112,0.49514563106796117,0.8895705521472392,1.0810810810810811,1.2000000000000002,1.6324786324786325,1.7017543859649122,2.7560975609756095,2.5,2.111111111111111,1.5245901639344264,1.3511450381679388,2.3118279569892475,2.347826086956522,1.8465804066543439,2.5813953488372094,3.8125,4.220338983050848,3.7384615384615385,3.666666666666667,2.85,3.967741935483871,2.5,2.422222222222222,2.347826086956522,2.162217659137577,2.142857142857143,1.9166666666666665,2.5,2.460674157303371,2.08,1.6782608695652175,0.9371069182389937,1.5081433224755698,1.425196850393701,1.2448979591836733,1.2814814814814817,0.5587044534412953,0.5098039215686274,0.4259259259259258,0.30177514792899407
COA-L,0.11881188118811892,-0.10619469026548678,-0.028846153846153855,-0.03809523809523807,-0.047169811320754707,0.0,0.1477272727272727,0.07446808510638303,0.18823529411764706,-0.047169811320754707,-0.028846153846153855,-0.15833333333333333,-0.19841269841269837,-0.23484848484848486,-0.2681159420289855,-0.2681159420289855,-0.2785714285714286,-0.2681159420289855,-0.2518518518518519,-0.19841269841269837,-0.15833333333333333,-0.15833333333333333,-0.18548387096774188,-0.1293103448275862,-0.0982142857142857,-0.0982142857142857,0.06878306878306883,0.010000000000000009,-0.18548387096774188,-0.22307692307692306,-0.20472440944881887,-0.2109375,-0.17213114754098358,-0.14406779661016944,-0.11403508771929827,-0.06481481481481477,0.010000000000000009,0.030612244897959107,0.1348314606741574,0.05208333333333326,0.07446808510638303,-0.05607476635514019,-0.047169811320754707,-0.0982142857142857,-0.10619469026548678,-0.1293103448275862,-0.17213114754098358,-0.17886178861788615,-0.2785714285714286
SOM-L,0.016100178890876338,-0.022727272727272596,-0.042808219178082085,-0.09546925566343034,-0.012367491166077715,0.2099567099567099,0.23946784922394682,0.18936170212765946,0.1743697478991595,0.1645833333333333,0.2152173913043478,0.0791505791505791,0.14081632653061216,0.127016129032258,0.058712121212121104,0.15975103734439844,0.3060747663551402,0.24222222222222212,0.2231947483588621,0.19700214132762328,0.24222222222222212,0.44072164948453607,0.41878172588832485,0.8885135135135136,1.0703703703703704,1.3004115226337447,1.18359375,1.3686440677966103,1.6121495327102804,1.9734042553191489,1.795,2.071428571428571,3.3671875,3.436507936507936,3.7372881355932206,4.427184466019417,4.59,5.176795580110497,6.818181818181819,6.259740259740259,6.554054054054054,8.893805309734512,10.18,11.152173913043477,12.975000000000001,12.975000000000001,12.975000000000001,12.975000000000001,12.975000000000001
BPM-L,0.05128205128205132,-0.05536332179930792,-0.07457627118644061,-0.03191489361702127,-0.06825938566552903,-0.03191489361702127,-0.014440433212996484,0.0,0.054054054054053946,0.022471910112359605,-0.010869565217391353,-0.0036496350364964014,-0.035335689045936314,0.03409090909090917,-0.08695652173913049,-0.05536332179930792,-0.02499999999999991,-0.028469750889679735,0.0,0.007380073800737907,-0.0072727272727272085,-0.03191489361702127,-0.06506849315068486,-0.04210526315789476,-0.021505376344086002,0.030188679245283012,0.04999999999999982,0.058139534883721034,0.09638554216867479,0.054054054054053946,0.13278008298755184,0.04999999999999982,0.1716738197424894,0.21875,0.30000000000000004,0.5689655172413794,0.5337078651685394,0.5599999999999998,0.5251396648044693,0.5166666666666666,0.5251396648044693,0.4293193717277488,0.40000000000000013,0.3928571428571428,0.5251396648044693,0.5251396648044693,0.5423728813559323,0.5511363636363635,0.5964912280701755
CYAN-L,-0.05714285714285694,-0.125,-0.05405405405405406,-0.3396226415094339,-0.3750000000000001,-0.25531914893617014,-0.36363636363636365,-0.41666666666666663,-0.42622950819672134,-0.453125,-0.41666666666666663,-0.41666666666666663,-0.5070422535211268,-0.527027027027027,-0.527027027027027,0.12903225806451624,0.02941176470588225,-0.07894736842105265,-0.05405405405405406,0.02941176470588225,-0.16666666666666652,-0.02777777777777779,-0.5512820512820513,-0.5783132530120481,-0.5783132530120481,-0.6354166666666666,-0.7222222222222222,-0.6982758620689655,-0.7131147540983607,-0.72,-0.6982758620689655,-0.7388059701492538,-0.7697368421052632,-0.736842105263158,-0.7839506172839507,-0.5569620253164558,-0.5512820512820513,-0.5333333333333332,-0.6391752577319587,-0.631578947368421,-0.5569620253164558,-0.5394736842105263,-0.5977011494252873,-0.6195652173913043,-0.5930232558139534,-0.7697368421052632,-0.6956521739130435,-0.7008547008547008,-0.732824427480916
HVT-L,0.0,0.0,0.005291005291005346,0.005291005291005346,0.005291005291005346,0.005291005291005346,0.027027027027026973,-0.02564102564102566,0.2582781456953642,0.43939393939393945,0.43939393939393945,0.43939393939393945,0.43939393939393945,0.43939393939393945,0.46153846153846145,0.46153846153846145,0.46153846153846145,0.46153846153846145,0.46153846153846145,0.46153846153846145,0.46153846153846145,0.46153846153846145,0.46153846153846145,0.46153846153846145,0.46153846153846145,0.46153846153846145,0.46153846153846145,0.46153846153846145,0.46153846153846145,0.46153846153846145,0.40740740740740744,0.40740740740740744,0.40740740740740744,0.40740740740740744,0.40740740740740744,0.40740740740740744,0.40740740740740744,0.40740740740740744,0.40740740740740744,0.40740740740740744,0.40740740740740744,0.40740740740740744,0.40740740740740744,0.40740740740740744,0.4728682170542635,0.4728682170542635,0.4728682170542635,0.4728682170542635,0.4728682170542635
KEFI-L,-0.2857142857142857,-0.03448275862068961,-0.17647058823529405,-0.17647058823529405,-0.33333333333333337,-0.3913043478260869,-0.36363636363636376,-0.36363636363636376,-0.34883720930232553,-0.34883720930232553,-0.36363636363636376,-0.46153846153846156,-0.540983606557377,-0.5172413793103448,-0.540983606557377,-0.5942028985507246,-0.6111111111111112,-0.6164383561643836,-0.631578947368421,-0.654320987654321,-0.6363636363636364,-0.7021276595744681,-0.711340206185567,-0.7358490566037736,-0.7454545454545454,-0.7795275590551181,-0.7383177570093458,-0.7723577235772358,-0.7281553398058253,-0.7723577235772358,-0.8028169014084507,-0.8055555555555556,-0.7777777777777778,-0.8260869565217391,-0.8372093023255813,-0.7925925925925926,-0.801418439716312,-0.7627118644067796,-0.6888888888888889,-0.6781609195402298,-0.7543859649122807,-0.776,-0.7704918032786885,-0.78125,-0.8271604938271605,-0.7586206896551724,-0.752212389380531,-0.7878787878787878,-0.8193548387096774
JMG-L,0.010506208213944657,-0.09350649350649343,-0.11720067453625627,-0.13827160493827162,-0.15836012861736337,-0.1749408983451537,-0.14878048780487807,-0.14320785597381347,-0.11868686868686873,-0.1354252683732452,-0.11720067453625627,-0.06350626118067981,-0.10512820512820509,-0.06434316353887404,-0.060143626570915654,-0.06182795698924726,-0.021495327102803663,-0.038567493112947715,0.036633663366336666,0.04491017964071853,-0.03413284132841332,-0.07345132743362826,-0.1142131979695431,-0.07015985790408519,-0.0376838235294118,-0.09193408499566358,-0.08797909407665516,-0.12677231025854885,-0.1542810985460421,-0.1597110754414125,-0.169047619047619,-0.15768302493966213,-0.12895174708818635,-0.0668449197860963,-0.054200542005420016,-0.05505415162454885,-0.01412429378531077,-0.027855153203342642,-0.021495327102803663,0.028487229862475427,-0.04470802919708017,-0.07590467784642552,-0.08558951965065498,-0.07180851063829796,0.0009560229445506607,0.007699711260827691,0.003835091083413067,0.07938144329896901,-0.035911602209944715
MUL-L,0.006094182825484795,-0.002211166390270858,-0.002486874827300367,-0.006330856041838695,-0.006604292790313715,0.047287496373658255,0.04637681159420293,0.05648229441030139,0.06804733727810652,0.15705128205128216,0.24740843123704215,0.14240506329113933,0.19181247936612733,0.17589576547231278,0.1875,0.24354116431277983,0.28378378378378377,0.2426850258175559,0.4035769828926905,0.37733689431514694,-0.035790598290598274,-0.09387550200803207,-0.15258215962441313,-0.05989583333333337,-0.07672634271099743,-0.08999243761028486,-0.007150715071507108,-0.16318961520630504,-0.004137931034482789,-0.102882703777336,-0.2759727236261532,-0.2671538773853025,-0.263265306122449,-0.21589921807124235,-0.09591785624843474,-0.24822990420658064,-0.3244760479041916,-0.3662219101123596,-0.39913448735019974,-0.5437310414560161,-0.617827651916155,-0.549987534280728,-0.5276105731483904,-0.5221074927190892,-0.40073041168658696,-0.4017235664567451,-0.39246045102659033,-0.35351002865329517,-0.4298799747315224
CHLV-L,0.04705882352941182,0.04938271604938271,0.03658536585365857,0.03658536585365857,0.03658536585365857,0.024096385542168752,0.011904761904761862,-0.03409090909090906,-0.05555555555555558,-0.0449438202247191,-0.0449438202247191,-0.02298850574712641,-0.02857142857142858,-0.011627906976744207,0.011904761904761862,0.0,0.011904761904761862,-0.017341040462427793,-0.02298850574712641,-0.03409090909090906,-0.011627906976744207,0.024096385542168752,0.024096385542168752,0.11111111111111116,0.26865671641791056,0.24087591240875916,0.18881118881118875,0.15646258503401356,0.2056737588652482,0.17241379310344818,0.317829457364341,0.14093959731543615,0.27819548872180455,0.5315315315315314,0.6190476190476191,0.6504854368932038,0.5740740740740742,0.5740740740740742,0.5740740740740742,0.5740740740740742,0.5740740740740742,0.6666666666666667,0.6346153846153846,0.7,0.7708333333333333,0.7708333333333333,0.9318181818181819,0.9318181818181819,0.9318181818181819
PERE-L,0.0,-0.13636363636363635,-0.22448979591836737,-0.1914893617021276,-0.17391304347826086,0.027027027027026973,-0.3666666666666667,-0.4722222222222222,-0.5869565217391304,-0.5869565217391304,-0.7121212121212122,-0.75,-0.7564102564102564,-0.7682926829268293,-0.81,-0.81,-0.81,-0.8061224489795918,-0.8240740740740741,-0.8240740740740741,-0.8173076923076923,-0.8207547169811321,-0.7888888888888889,-0.7790697674418605,-0.7361111111111112,-0.6935483870967742,-0.7121212121212122,-0.7285714285714286,-0.7285714285714286,-0.7625,-0.822429906542056,-0.7625,-0.7564102564102564,-0.7432432432432432,-0.7888888888888889,-0.7888888888888889,-0.7121212121212122,-0.6833333333333333,-0.7564102564102564,-0.7816091954022989,-0.7625,-0.8207547169811321,-0.8137254901960784,-0.819047619047619,-0.8333333333333334,-0.7076923076923076,-0.7397260273972603,-0.759493670886076,-0.8207547169811321
SMDS-L,-0.011102504518461176,-0.045824094604582366,-0.022956609485368262,0.08154146886344615,0.11453237410071937,0.1206597222222221,0.04253028263795433,0.2209962168978563,0.19981412639405205,0.3504184100418408,0.47599085365853666,0.5070038910505839,0.34713043478260874,0.49652241112828444,0.3812410841654781,0.20541549953314675,0.23659003831417635,0.18949631449631443,0.13113317757009368,0.19537037037037042,0.18949631449631443,0.2640339425587468,0.2858565737051795,0.3508894314614581,0.43444444444444463,0.46095812900792144,0.547343188174191,0.6090569173244704,0.642493638676845,0.7749770852428965,0.5984316962443255,0.7205686361617059,0.8191639267261626,0.7955493741307373,0.8183098591549296,1.0416447021613076,1.3907407407407408,1.5413385826771653,1.5480263157894738,1.7763440860215058,1.3303249097472927,1.1291918636613523,1.236143187066975,1.4327899089764027,1.7278881512103186,1.8309050753496807,1.7709105370352218,2.2163486725654833,1.6683329281653854
JD-L,0.10520297312750126,0.07037943696450433,0.23691654879773694,0.33817903596021415,0.5301837270341208,0.8030927835051549,0.7967947400862954,0.7402985074626867,0.7214566929133857,0.7490000000000001,0.8883610451306414,1.0384615384615383,1.1539408866995076,1.283289817232376,1.1225728155339807,1.0921052631578947,0.9965753424657533,1.1329268292682926,1.2670123136746603,1.1917293233082704,1.3877133105802049,1.598811292719168,2.060367454068242,2.3000000000000003,2.6437500000000007,2.9795221843003414,2.99885681623321,2.8899082568807337,3.100820633059789,4.011461318051576,3.3725000000000005,3.5725490196078438,4.1065693430656935,3.8923076923076927,3.6733466933867733,4.022254127781766,4.3,4.1065693430656935,3.831491712707182,4.11777615215801,3.1593341260404273,3.536964980544747,3.318518518518519,3.8381742738589217,4.610264635124299,3.9971428571428573,3.318518518518519,3.081680280046675,3.0698080279232114
CCC-L,-0.03198976327575176,0.044088176352705455,0.01890482398956972,0.08240997229916891,0.13178855901520636,0.16035634743875282,0.07054794520547936,0.09367014487056324,0.14070972099402845,0.11759971854277174,0.1221465034025877,0.08591972652108693,0.11129577170167626,0.1332112183087759,0.13042463334572152,0.12489237576001644,0.04557850847746803,0.033821628696986794,0.03693086667803036,0.07659488890068711,0.07575511129624046,0.05679544266803083,0.1647956526028549,0.3010547666809249,0.3389495657104664,0.38465667939937775,0.4822850953157569,0.3320523412043781,0.34943071486653565,0.14081467971897,0.2665371138104482,0.3705900745740278,0.516996298624101,0.5823640636591529,0.6896356813697788,0.656266842186068,0.5807518740884352,0.7555959993412158,1.0038850040914427,0.6956371195822943,0.4943491109249212,0.45000744338112075,0.5763352445189733,0.5041279344816278,0.8061792368076823,0.8323093763422489,0.6348872122421487,0.6465990601409386,0.5449419610831958
SLPL-L,0.05333333333333323,-0.1573033707865169,-0.19354838709677424,-0.1477272727272727,-0.08536585365853655,-0.05063291139240511,0.0,0.2931034482758621,0.11940298507462677,0.5306122448979591,0.27118644067796605,0.19047619047619047,0.15384615384615374,0.5625,0.38888888888888884,0.4150943396226414,0.4150943396226414,0.5690376569037658,0.2931034482758621,0.5957446808510638,0.5,0.2931034482758621,0.12342720191731571,0.06534090909090895,0.13293051359516617,0.062322946175637384,-0.05063291139240511,-0.13793103448275867,-0.17582417582417587,-0.12790697674418605,-0.3055555555555556,-0.3119266055045872,-0.038461538461538436,0.053370786516853785,0.05633802816901401,-0.23469387755102045,-0.2924528301886793,-0.3303571428571429,-0.31818181818181823,-0.3589743589743589,-0.4932432432432432,-0.537037037037037,-0.6445497630331753,-0.5967741935483871,-0.5508982035928144,-0.6134020618556701,-0.6428571428571428,-0.5192307692307692,-0.6794871794871795
SRC-L,-0.19047619047619047,0.0,0.0,-0.16000000000000003,-0.2222222222222222,0.10526315789473695,-0.27586206896551724,-0.29999999999999993,-0.36363636363636365,-0.41666666666666663,-0.41666666666666663,-0.4878048780487805,-0.475,-0.475,-0.5,-0.5434782608695652,-0.5227272727272727,-0.5625,-0.5714285714285714,-0.5714285714285714,-0.6111111111111112,-0.6379310344827586,-0.6818181818181819,-0.4,-0.475,-0.4473684210526315,-0.34375,-0.38235294117647056,-0.08695652173913038,-0.125,-0.29999999999999993,-0.29999999999999993,-0.25,-0.2222222222222222,-0.29999999999999993,-0.08695652173913038,-0.1923076923076924,-0.2222222222222222,-0.4,-0.36363636363636365,-0.29999999999999993,-0.475,-0.41666666666666663,-0.36363636363636365,-0.36363636363636365,-0.38235294117647056,-0.34375,-0.43243243243243246,-0.43243243243243246
CNKS-L,0.04204204204204198,-0.0485714285714286,-0.08011049723756902,-0.12137203166226918,-0.1350649350649351,-0.20714285714285718,-0.029154518950437303,-0.10723860589812328,-0.05397727272727271,-0.10723860589812328,-0.20334928229665072,-0.30188679245283023,-0.22014051522248246,-0.22558139534883725,-0.20714285714285718,-0.09999999999999998,0.03738317757009346,-0.0431034482758621,0.024615384615384706,-0.017699115044247815,0.18928571428571428,0.4866071428571428,0.665,0.6989795918367347,0.8296703296703296,0.8097826086956521,0.8,0.8500000000000001,0.8920454545454546,1.0683229813664594,1.0812499999999998,1.176470588235294,1.3286713286713288,1.3617021276595747,1.296551724137931,1.5037593984962405,2.141509433962264,2.055045871559633,2.4329896907216493,1.986547085201794,1.8956521739130436,1.4666666666666668,1.1623376623376624,1.121019108280255,1.4666666666666668,2.0272727272727273,1.0943396226415096,1.0060240963855422,1.1483870967741936
BWS_p-L,0.004016064257028162,-0.0040000000000000036,-0.011904761904761862,-0.04780114722753348,-0.038610038610038644,-0.060377358490566024,-0.060377358490566024,-0.03675048355899424,0.0040322580645162365,0.024691358024691468,0.04621848739495804,0.03534303534303529,0.04184100418410042,0.04184100418410042,0.04402515723270439,0.05063291139240511,0.08260869565217388,0.08026030368763548,0.09450549450549461,0.11036789297658856,0.12925170068027203,0.13958810068649896,0.15545243619489568,0.19711538461538458,0.24189526184538646,0.2544080604534005,0.26075949367088613,0.17176470588235304,0.17176470588235304,0.12925170068027203,0.16627634660421542,0.16627634660421542,0.2357320099255582,0.24189526184538646,0.3002610966057442,0.2901554404145077,0.39495798319327724,0.509090909090909,0.5859872611464969,0.6168831168831168,0.5323076923076924,0.47337278106508873,0.47337278106508873,0.5859872611464969,0.6795952782462058,0.6462809917355372,0.7321739130434783,0.7412587412587412,0.6435643564356435
MVCT-L,0.0,0.008547008547008517,0.012875536480686733,0.008546836145839842,0.004591750513895487,-0.014727321611371802,-0.022248487095254288,-0.05121890229243209,-0.052972656632002346,-0.052972656632002346,-0.11665208144467798,-0.11665208144467798,-0.12867042047264177,-0.10643950459283535,-0.09598850464655262,-0.09598850464655262,0.03057310470292962,0.45151141507454917,0.48640351639845636,0.47224729243275676,0.3560172430301709,0.3560172430301709,0.3989680154338415,0.4053269609585406,0.4053269609585406,0.4053269609585406,0.4053269609585406,0.4053269609585406,0.45492673605119505,0.6060879553811891,0.5936697495406131,0.5936697495406131,0.5774078133208114,0.5774078133208114,0.4280458725675702,0.33263763539171953,0.4583581670324479,0.4583581670324479,0.4053269609585406,0.44472865145270535,0.4652698171131704,0.6622146850047255,0.6445315500578668,0.6272206916362053,0.5305541158954403,0.41821986885724294,0.29631837069550926,0.29631837069550926,0.2749357996324906
ACCS-L,-0.0444049733570161,0.03492647058823528,0.03492647058823528,-0.03595890410958891,-0.12441679626749602,-0.09775641025641024,-0.07704918032786878,0.24282560706401757,0.1827731092436975,0.14430894308943087,0.05827067669172936,0.099609375,-0.04335648648648638,-0.13668756097560986,-0.2776365306122447,-0.16715741176470578,-0.12602938271604935,-0.14708891566265048,-0.17684162790697677,-0.016783055555555593,0.15108325203252004,0.3745945631067962,0.18977512605042013,0.2311586086956523,0.3356909433962263,0.2311586086956523,0.2871203636363635,0.05659134328358206,0.14180032258064523,0.11482866141732284,0.06453563909774429,0.1798603333333335,0.10611906249999992,0.3109559259259258,0.18977512605042013,0.14180032258064523,0.2989288073394494,0.18977512605042013,0.07260030303030307,0.3109559259259258,-0.07461934640522849,-0.04335648648648638,0.19985796610169504,0.08078809160305345,0.45962103092783524,1.1452006060606061,0.7266248780487803,0.9236853260869569,0.8727941798941801
TERNT-L,-0.2616279069767442,0.8494623655913978,2.5833333333333335,1.5294117647058822,2.8222222222222224,2.909090909090909,2.185185185185185,2.909090909090909,1.356164383561644,5.142857142857143,4.548387096774194,3.6486486486486482,11.285714285714286,10.466666666666667,12.23076923076923,8.555555555555555,8.555555555555555,7.19047619047619,5.88,5.37037037037037,5.142857142857143,3.9142857142857146,2.3076923076923075,2.5833333333333335,1.6875,-0.42666666666666664,-0.42666666666666664,-0.42666666666666664,-0.5473684210526315,-0.8,-0.8407407407407408,-0.8542372881355932,-0.865625,-0.8821917808219178,-0.9022727272727272,-0.9033707865168539,-0.9094736842105263,-0.9065217391304348,-0.8821917808219178,-0.914,-0.9385714285714286,-0.9390070921985816,-0.9465838509316771,-0.9232142857142858,-0.9238938053097345,-0.94625,-0.9410958904109589,-0.9527472527472527,-0.9586538461538462
GV1O-L,0.0,-0.046511627906976716,-0.046511627906976716,-0.046511627906976716,-0.046511627906976716,-0.046511627906976716,-0.046511627906976716,-0.046511627906976716,-0.046511627906976716,-0.046511627906976716,-0.046511627906976716,0.05128205128205132,0.05128205128205132,0.0,0.0,0.0,0.0,0.0,0.0,0.10571736785329033,0.3163301998253456,0.3163301998253456,0.3163301998253456,0.3163301998253456,0.3163301998253456,0.3163301998253456,0.3163301998253456,0.3163301998253456,0.3163301998253456,0.3008439621803414,0.3008439621803414,0.3008439621803414,0.3821467098166125,0.3650831701892472,0.3650831701892472,0.3650831701892472,0.3650831701892472,0.3650831701892472,0.285717869596849,0.285717869596849,0.285717869596849,0.285717869596849,0.285717869596849,0.22857485317032245,0.10571736785329033,0.10571736785329033,0.10571736785329033,0.10571736785329033,0.10571736785329033
NWB_pa-L,-0.02877697841726623,0.0,0.0036101083032491488,-0.06397306397306401,-0.05442176870748294,-0.04137931034482756,-0.06554621848739495,-0.060810810810810856,0.01831501831501825,0.014598540145985384,0.051039697542533125,0.051039697542533125,0.035381750465549366,0.03731343283582089,0.035381750465549366,0.051039697542533125,0.08382066276803113,0.10099009900990108,0.08171206225680927,0.09881422924901195,0.12778904665314395,0.13008130081300817,0.15352697095435675,0.20346320346320357,0.17796610169491522,0.19313304721030033,0.22737306843267113,0.07129094412331405,0.08382066276803113,0.09019607843137245,0.096646942800789,0.096646942800789,0.09233791748526521,0.12209889001009078,0.26363636363636367,0.31753554502369674,0.31753554502369674,0.3462469733656175,0.37283950617283956,0.39698492462311563,0.3495145631067962,0.33975903614457836,0.33975903614457836,0.3934837092731829,0.5067750677506775,0.5401662049861495,0.4748010610079576,0.6162790697674418,0.36274509803921573
ASPL-L,-0.045662100456621,-0.06808510638297882,-0.07203389830508466,-0.026666666666666727,0.140625,0.24786324786324787,0.21666666666666656,0.21666666666666656,0.21666666666666656,0.21666666666666656,0.19021739130434767,0.21666666666666656,0.24431818181818188,0.24431818181818188,0.3687499999999999,0.3687499999999999,0.3687499999999999,0.3687499999999999,0.24431818181818188,0.24431818181818188,0.24431818181818188,0.24431818181818188,0.3035714285714286,0.3035714285714286,0.3035714285714286,0.3035714285714286,0.3035714285714286,0.33049817739975706,0.38607594936708844,0.40384615384615374,0.36363636363636354,0.3721804511278195,0.38607594936708844,0.38432364096080907,0.37735849056603765,0.2303370786516854,0.37735849056603765,0.26882966396291996,0.24431818181818188,0.28823529411764715,0.24431818181818188,0.3687499999999999,0.4455445544554455,0.5314685314685315,0.5187239944521498,0.4503311258278144,0.41290322580645156,0.34355828220858897,0.20329670329670324
HASE-L,0.036063110443275814,0.11754827875734675,-0.043134435657800174,-0.11207471647765177,-0.20868014268727708,-0.21335697399527187,-0.2859442060085837,-0.4182692307692307,-0.476808176100629,-0.4692982456140351,-0.4837083010085338,-0.4079181494661922,-0.5349406009783368,-0.5814465408805032,-0.5589794565937707,-0.5650326797385621,-0.5956865127582017,-0.5866459627329192,-0.6179678530424799,-0.6108187134502924,-0.6038690476190476,-0.6099062133645956,-0.6194968553459119,-0.6010191846522781,-0.5944546008531384,-0.5848409232688709,-0.5947015834348356,-0.6184059633027523,-0.5830200501253133,-0.5998196031268792,-0.6282122905027934,-0.5313380281690141,-0.492372234935164,-0.5787974683544304,-0.5478940217391304,-0.5142335766423358,-0.5359135285913529,-0.5270078180525941,-0.5618828176431863,-0.5695342820181113,-0.7274774774774775,-0.7247725392886684,-0.734437350359138,-0.7143776824034335,-0.6958409506398537,-0.7044849023090587,-0.7002252252252252,-0.6569587628865979,-0.6355421686746988
BRK-L,-0.020460358056266004,-0.02358490566037741,-0.006773920406435208,-0.012903225806451646,0.15756578947368416,0.12788461538461537,0.2235744089012517,0.29613259668508296,0.29613259668508296,0.2612903225806451,0.28196721311475414,0.26993865030674846,0.24875798438608943,0.26491732566498927,0.13516129032258073,0.09285714285714275,0.027445255474452646,0.05044776119402994,0.12607999999999997,0.19046008119079838,0.19086294416243654,0.18644639244774108,0.20020463847203285,0.3120805369127517,0.3724648985959438,0.3597372488408037,0.2282722513089006,0.20927835051546384,0.19938650306748462,0.24346289752650185,0.33043478260869574,0.33649829092290173,0.3586872586872587,0.31797752808988755,0.3106145251396648,0.4481481481481482,0.3692607003891051,0.42469635627530367,0.543421052631579,0.4363265306122448,0.31305970149253737,0.33802281368821285,0.3224351747463359,0.5570796460176992,0.6367441860465117,0.6638297872340426,0.36395348837209296,0.4104208416833668,0.6599056603773585
ANTO-L,-0.12793733681462138,0.011443661971830998,-0.15576781778104332,-0.22678331090174964,-0.2750788643533123,-0.21676891615541927,-0.24901960784313726,-0.1450892857142857,-0.231951871657754,-0.21836734693877546,-0.17456896551724133,-0.18162393162393164,-0.2639333760409993,-0.29030265596046945,-0.253411306042885,-0.27962382445141065,-0.2596649484536082,-0.31566408576533656,-0.3490084985835694,-0.32252358490566035,-0.30109489051094895,-0.2639333760409993,-0.31362007168458783,-0.2959558823529411,-0.3512140033879164,-0.37110016420361247,-0.30990990990990996,-0.4080370942812983,-0.35810055865921786,-0.40558717020175894,-0.4675625579240037,-0.5043140638481449,-0.5839971035481535,-0.5536130536130537,-0.5587557603686636,-0.5536130536130537,-0.49069148936170215,-0.47677595628415304,-0.4762989972652689,-0.4202825428859738,-0.516820857863751,-0.5017346053772767,-0.5690172543135784,-0.5680451127819549,-0.5597701149425287,-0.5089743589743589,-0.4842908438061041,-0.37622149837133545,-0.5741289844329133
CEY-L,0.05550811272416745,0.06068840579710133,-0.054882970137207554,-0.15755395683453244,-0.0978428351309708,0.03445229681978801,-0.09224806201550395,-0.1332346410066617,-0.03621399176954743,0.29135421261579153,0.12057416267942589,-0.040163934426229564,-0.09505409582689339,-0.17709065354884057,-0.08800623052959511,-0.0556451612903226,-0.08587041373926618,0.14467253176930583,0.04367201426024958,0.2689640225400953,0.2936367653557226,0.40779033421495536,0.16633466135458153,0.28907970057243504,0.3300772376192638,0.570547210300429,0.8948220064724919,0.5129198966408266,0.40508759299256036,0.17925478348439072,0.11100569259962034,-0.0306291390728477,0.4898218829516541,0.027192982456140324,-0.1274217585692995,-0.3717811158798284,-0.29669669669669674,-0.11954887218045118,-0.17302259887005655,-0.10130468150422112,-0.1325925925925926,-0.16297355253752688,-0.3505268996117582,-0.404979674796748,-0.3215527230590962,-0.4085858585858586,-0.4429115128449096,-0.3960804538421867,-0.44024856596558315
AOF-L,-0.013029315960912058,-0.07250755287009059,-0.0739064856711914,-0.09572901325478622,-0.08358208955223889,-0.09705882352941153,-0.10755813953488347,-0.10755813953488347,-0.09705882352941153,-0.14245810055865915,-0.1612021857923498,-0.23631840796019887,-0.2733727810650888,-0.2827102803738316,-0.32675438596491224,-0.36831275720164613,-0.39328063241106714,-0.4163498098859315,-0.38966202783300186,-0.3340563991323211,-0.33115468409586024,-0.34261241970021405,-0.3475026567481404,-0.33907427341227125,-0.3177777777777777,-0.21982210927573054,-0.21583652618135374,-0.28935185185185186,-0.25485436893203883,-0.1436541143654113,-0.0780780780780781,-0.04361370716510926,0.00986842105263186,0.02675585284280957,0.013201320132013139,0.019933554817275878,0.01655629139072845,-0.011272141706924366,-0.020733652312599715,-0.06259541984732808,-0.07250755287009059,-0.0780780780780781,-0.0780780780780781,-0.0032467532467532756,0.04421768707483009,0.03367003367003396,0.013201320132013139,-0.022292993630573354,-0.06544901065449016
HDIV-L,0.0,-0.019178082191780854,-0.005555555555555536,-0.03892617449664426,-0.04533333333333334,-0.04149933065595712,-0.05291005291005291,-0.035040431266846306,-0.02452316076294281,-0.02981029810298108,-0.021857923497267784,-0.016483516483516536,-0.035040431266846306,-0.02717391304347827,-0.035040431266846306,-0.037634408602150504,-0.032432432432432434,-0.008310249307479256,0.0,-0.008310249307479256,-0.005555555555555536,0.0,-0.021857923497267784,0.034682080924855585,0.028735632183908066,0.07993966817496223,0.05449189985272462,0.0028011204481792618,0.014164305949008416,0.05294117647058827,0.04678362573099415,0.017045454545454586,0.05294117647058827,0.0437317784256559,0.11526479750778806,0.0718562874251496,0.05604719764011801,0.12755905511811028,0.185430463576159,0.11700468018720755,0.09146341463414642,0.09815950920245409,0.10153846153846158,0.16422764227642284,0.24521739130434783,0.23024054982817876,0.16993464052287588,0.19333333333333336,0.08814589665653494
HINT-L,-0.013829787234042601,-0.012605042016806678,-0.04761904761904767,-0.08560311284046696,-0.10476190476190472,-0.10646387832699622,-0.0811339198435973,-0.08914728682170547,-0.03787103377686796,-0.014675052410901501,0.03524229074889873,0.06575963718820854,0.0730593607305936,0.06818181818181812,0.034103410341034035,0.017316017316017396,0.03752759381898452,0.02732240437158473,0.059751972942502896,0.06818181818181812,-0.006342494714587699,-0.011566771819137789,-0.03192584963954681,0.017316017316017396,0.02844638949671774,-0.014675052410901501,0.04097452934662238,-0.007391763463569179,0.0,0.01952277657266821,0.03752759381898452,0.053811659192825045,0.12709832134292576,0.14634146341463405,0.11638954869358664,0.12574850299401197,0.1691542288557213,0.17942283563362604,0.22715404699738895,0.2466843501326259,0.1959287531806615,0.1959287531806615,0.1853720050441361,0.2533333333333334,0.27717391304347827,0.33144475920679883,0.2702702702702702,0.30919220055710306,0.25836680053547534
GRG-L,-0.035682426404995526,-0.15075757575757587,-0.06816292601828766,-0.04792959704183286,-0.013338803854771486,0.1193133883649502,0.28516094957057403,0.37419318402877644,0.5721300382410537,0.8352057003119617,0.87287412601623,0.9073249878660272,1.1024522446891876,1.1808419555332397,1.0385707645109639,1.1479855795553373,1.0681420539327005,1.2320554652522198,1.3053670394014847,1.2880247597670698,1.625041065003186,1.6058495379115474,1.4833014211710958,1.707287782444539,1.696407429654573,1.592228051690646,1.7378308755254062,1.8134690250219152,1.789386996194386,1.376209047383092,1.267555353367563,1.3702833390355034,1.4941621315195368,1.3767041940901943,1.452333568574251,1.2608133652009599,1.3135503909612254,1.2190279041709808,1.267555353367563,1.304202712613908,1.2630562356029449,1.1808419555332397,1.0794536786579476,1.193423736045931,1.1684036934294375,1.3135503909612254,1.25188616533837,1.4539164000513858,1.2981671221919893
DLAR-L,0.0046972860125260585,-0.04486540378863413,-0.08848715509039018,-0.08149568552253117,-0.1243144424131627,-0.1415770609318997,-0.17555938037865748,-0.06899902818270165,-0.07170542635658905,-0.09021842355175691,-0.09451795841209831,0.0020920502092049986,-0.3424845573095401,-0.3365650969529085,-0.408641975308642,-0.4420500873616774,-0.4122699386503067,-0.4122699386503067,-0.40125,-0.37670787247885495,-0.4494252873563218,-0.47071823204419894,-0.43145400593471805,-0.5074550128534705,-0.5290068829891839,-0.5139523084728563,-0.5124681933842239,-0.4931216931216932,-0.4928533615669667,-0.5059308922124806,-0.4818820984315847,-0.4976402726796014,-0.476788640087384,-0.5061855670103093,-0.5485391140433553,-0.5317693059628543,-0.5420650095602295,-0.5344995140913509,-0.5308521057786484,-0.5262116716122651,-0.5129639044229792,-0.47535596933187296,-0.5054207537429014,-0.4909670563230606,-0.4654017857142857,-0.4439930354033662,-0.4328004736530492,-0.4321280379371666,-0.408641975308642
FTF-L,-0.023622047244094557,-0.0078125,0.11403508771929816,0.11403508771929816,0.15454545454545476,0.22115384615384603,0.395604395604396,0.35106382978723416,0.1813953488372093,0.2124105011933175,0.2124105011933175,0.11159737417943116,0.06722689075630273,0.06722689075630273,0.06722689075630273,0.04958677685950419,0.04958677685950419,0.024193548387096753,-0.0078125,-0.0078125,-0.0078125,-0.0078125,-0.05223880597014918,-0.10563380281690138,-0.08633093525179836,-0.11188811188811187,-0.13162393162393138,-0.18327974276527326,-0.1806451612903225,-0.22678843226788414,-0.23609022556390957,-0.23609022556390957,-0.23952095808383234,-0.2474074074074072,-0.2583941605839416,-0.26376811594202887,-0.26376811594202887,-0.27943262411347514,-0.2944444444444445,-0.29542302357836336,-0.298342541436464,-0.30601092896174853,-0.32625994694960203,-0.35368956743002544,-0.3681592039800994,-0.3804878048780488,-0.3804878048780488,-0.3804878048780488,-0.3665835411471322
BLUS-L,0.0,0.0,-0.19999999999999996,-0.19999999999999996,-0.33333333333333326,-0.3846153846153846,-0.2727272727272727,-0.2727272727272727,-0.5,-0.5789473684210527,-0.5555555555555556,-0.6363636363636364,-0.6363636363636364,-0.6666666666666666,-0.6799999999999999,-0.6799999999999999,-0.6799999999999999,-0.6521739130434783,-0.6521739130434783,-0.6190476190476191,-0.6923076923076923,-0.6923076923076923,-0.6799999999999999,-0.6666666666666666,-0.6666666666666666,-0.6,-0.6,-0.6666666666666666,-0.4285714285714285,-0.33333333333333326,-0.33333333333333326,-0.19999999999999996,-0.3846153846153846,-0.3846153846153846,-0.19999999999999996,-0.3846153846153846,-0.5,-0.7333333333333334,-0.7037037037037037,-0.8222222222222222,-0.8769230769230769,-0.92,-0.9272727272727272,-0.9272727272727272,-0.9157894736842105,-0.9157894736842105,-0.9298245614035088,-0.9310344827586207,-0.9310344827586207
CMX-L,0.5245901639344264,-0.031746031746031855,-0.08955223880597019,-0.11594202898550743,-0.24691358024691368,-0.2650602409638555,-0.2823529411764707,-0.4077669902912622,-0.4504504504504505,-0.4695652173913044,-0.5080645161290323,-0.5158730158730159,-0.5158730158730159,-0.5158730158730159,-0.5271317829457365,-0.5579710144927537,-0.5481481481481482,-0.5704225352112676,-0.6163522012578617,-0.6303030303030304,-0.6514285714285715,-0.6234567901234569,-0.6064516129032258,-0.7227272727272728,-0.7227272727272728,-0.7227272727272728,-0.7227272727272728,-0.7264573991031391,-0.7264573991031391,-0.7300884955752213,-0.6980198019801981,-0.6839378238341969,-0.6855670103092784,-0.6934673366834171,-0.6772486772486772,-0.6755319148936171,-0.6514285714285715,-0.6494252873563219,-0.5821917808219179,-0.5307692307692308,-0.5514705882352942,-0.5673758865248227,-0.5196850393700787,-0.512,-0.5,-0.5196850393700787,-0.512,-0.5080645161290323,-0.4916666666666667
GLEG-L,0.09941520467836251,-0.04867872044506261,-0.07065217391304346,0.036363636363636376,0.09335038363171355,0.04907975460122693,0.204225352112676,0.14611260053619302,0.18585298196948674,0.11328125,0.26199261992619927,0.10038610038610041,0.2266857962697275,0.1875,0.14266622118275984,0.10608020698576981,0.09615384615384626,0.0714285714285714,0.06875000000000009,0.05555555555555558,0.28378378378378377,0.3153846153846154,0.3255813953488371,0.25,0.39591836734693886,0.4454775993237532,0.47413793103448265,0.4792387543252594,0.669921875,0.9498289623717218,1.361878453038674,1.310810810810811,1.408450704225352,1.529585798816568,1.80327868852459,2.0755395683453237,2.5257731958762886,2.489795918367347,2.9767441860465116,2.8863636363636362,2.7012987012987013,2.5185185185185186,2.392857142857143,2.8863636363636362,2.9953271028037385,3.100719424460432,2.904109589041096,3.1105769230769234,3.047337278106509
EDIN-L,0.040298507462686484,-0.023323615160349864,-0.0051967334818114885,-0.04558404558404561,-0.006671608598962209,0.010558069381598756,-0.011070110701106972,0.012849584278155746,0.03156274056966901,0.029185867895545448,0.07200000000000006,0.11295681063122931,0.09656301145662849,0.10288065843621408,0.09656301145662849,0.09209453952730229,0.10288065843621408,0.11480865224625614,0.10561056105610556,0.1394557823129252,0.11111111111111116,0.1355932203389829,0.16724738675958184,0.11480865224625614,0.12040133779264228,0.08326596604688752,0.16218560277536853,0.15517241379310343,0.14334470989761106,0.1521926053310403,0.2104787714543812,0.24883504193849015,0.2959381044487428,0.324110671936759,0.33466135458167323,0.2859884836852209,0.30604288499025345,0.28970163618864286,0.35326196727933734,0.43591941705957993,0.33200795228628244,0.33732534930139724,0.3579246047831375,0.39787189651575217,0.39004149377593356,0.4158918005071852,0.4718804920913884,0.49054505005561744,0.4692982456140351
HBR-L,-0.33799421407907426,-0.18921032056293985,-0.2906976744186046,-0.3361075544174136,-0.41179807146908676,-0.22380239520958078,-0.34408602150537637,-0.33906947100063733,-0.37037037037037035,-0.4445634708087841,-0.5958690568978955,-0.6806282722513088,-0.7053140096618358,-0.6774494556765163,-0.694730644686488,-0.7082160945413618,-0.6926496739774748,-0.644253859348199,-0.6653759277186189,-0.6132040283476314,-0.670584498094028,-0.6623249755779876,-0.6972262773722628,-0.683552029295087,-0.7166666666666667,-0.7160460021905806,-0.6941002949852507,-0.7143250688705234,-0.7225046829007225,-0.7336244541484715,-0.7250066295412357,-0.7335560123329907,-0.7080518018018018,-0.6896138880574678,-0.7057321225879682,-0.7155787164015359,-0.726457399103139,-0.7319720858102869,-0.7038834951456311,-0.6848024316109422,-0.7259513742071881,-0.7356614835585011,-0.7646391284611893,-0.7465167440723539,-0.7162014230979747,-0.71353591160221,-0.7069793727041538,-0.698546511627907,-0.692376149510531
ARKA-L,-0.036363636363636376,0.10000000000000009,0.0,-0.2666666666666667,0.10000000000000009,1.2000000000000002,1.2000000000000002,0.22222222222222232,0.10000000000000009,0.10000000000000009,-0.08333333333333337,-0.38888888888888884,-0.5769230769230769,-0.4607843137254901,-0.5416666666666667,-0.6071428571428572,-0.65625,-0.65625,-0.7027027027027026,-0.717948717948718,-0.7317073170731707,-0.7317073170731707,-0.717948717948718,-0.725,-0.7380952380952381,-0.7441860465116279,-0.7380952380952381,-0.7441860465116279,-0.7659574468085106,-0.78,-0.8166666666666667,-0.8225806451612903,-0.8333333333333334,-0.8428571428571429,-0.8166666666666667,-0.828125,-0.8428571428571429,-0.8735632183908046,-0.8690476190476191,-0.8382352941176471,-0.872093023255814,-0.89,-0.907563025210084,-0.8533333333333333,-0.8552631578947368,-0.858974358974359,-0.892156862745098,-0.8777777777777778,-0.875
BIDS-L,-0.3142857142857143,-0.32258064516129037,-0.37125748502994005,-0.43243243243243246,-0.5961538461538461,-0.5625,-0.553191489361702,-0.6037735849056605,-0.7,-0.8090909090909091,-0.3930635838150289,5.1764705882352935,4.526315789473684,4.25,3.7727272727272725,3.375,2.6206896551724137,3.7727272727272725,2.8888888888888893,2.6206896551724137,2.0,1.763157894736842,1.1428571428571428,0.875,0.9444444444444446,1.441860465116279,1.5609756097560976,1.5,1.5,1.2340425531914896,1.3863636363636362,1.1875,1.0588235294117645,0.9444444444444446,0.6406249999999998,0.6153846153846154,0.909090909090909,1.0192307692307692,0.909090909090909,0.9811320754716981,0.8421052631578949,0.5671641791044777,0.5441176470588234,0.0,-0.125,0.050000000000000044,-0.30000000000000004,-0.27586206896551724,-0.32258064516129037
BCEB-L,0.27922077922077926,0.24193548387096775,0.5876288659793814,0.41284403669724745,2.6666666666666665,3.3999999999999995,4.310344827586206,3.1621621621621623,3.666666666666667,3.5294117647058814,2.422222222222222,1.7999999999999998,2.276595744680851,2.0196078431372553,1.3692307692307688,1.1095890410958904,0.23199999999999976,0.1079136690647482,0.06206896551724128,0.06206896551724128,-0.18947368421052635,-0.6652173913043478,-0.5893333333333334,-0.8973333333333333,-0.8815384615384616,-0.8815384615384616,-0.8815384615384616,-0.8815384615384616,-0.8815384615384616,-0.8533333333333334,-0.8335135135135135,-0.8335135135135135,-0.8378947368421052,-0.8288888888888889,-0.8660869565217392,-0.8660869565217392,-0.8660869565217392,-0.86,-0.86,-0.86,-0.8533333333333334,-0.8533333333333334,-0.86,-0.8768,-0.8815384615384616,-0.9371428571428572,-0.9364948453608247,-0.9396078431372549,-0.9413333333333334
ALUG-L,0.3121019108280254,0.0,-0.051359516616314216,0.07903780068728516,0.06440677966101704,0.05723905723905731,0.009646302250803762,0.3138075313807531,0.3138075313807531,0.30290456431535273,0.24603174603174605,0.18490566037735845,0.30833333333333335,0.4017857142857142,0.37117903930131013,0.3305084745762712,0.29218106995884763,0.28163265306122454,0.14181818181818184,0.10175438596491237,0.24110671936758887,0.24110671936758887,0.1501831501831501,0.16296296296296298,0.30833333333333335,0.35930735930735924,0.7065217391304348,0.6702127659574468,0.9030303030303031,0.7444444444444445,0.5858585858585859,0.5858585858585859,0.8362573099415205,0.8690476190476191,0.8690476190476191,1.0258064516129033,0.9748427672955975,1.532258064516129,1.3969465648854964,1.4153846153846152,1.3088235294117645,1.0389610389610389,0.891566265060241,0.256,0.256,0.20769230769230762,0.12949640287769792,0.11743772241992878,0.256
CNN-L,-0.03703703703703709,-0.018181818181818188,-0.0357142857142857,-0.0357142857142857,-0.06896551724137934,-0.11475409836065575,-0.1428571428571429,-0.09999999999999998,0.03846153846153855,0.0843373493975903,0.0843373493975903,0.3170731707317074,0.17391304347826098,0.19999999999999996,0.17391304347826098,0.26168224299065423,0.42105263157894735,0.5428571428571429,0.656441717791411,0.8,0.9565217391304348,1.0149253731343282,1.0149253731343282,1.0454545454545454,1.076923076923077,1.076923076923077,1.076923076923077,1.0454545454545454,1.0454545454545454,1.0454545454545454,0.8620689655172413,0.7532467532467533,0.9285714285714286,0.8,0.8,0.9285714285714286,0.8620689655172413,0.6363636363636365,0.6363636363636365,0.6875,0.6875,0.5428571428571429,0.42105263157894735,0.2272727272727273,0.2272727272727273,0.17391304347826098,0.42105263157894735,0.588235294117647,0.5
SNXS-L,-0.05602240896358546,-0.09620253164556958,0.034782608695652195,-0.013812154696132617,0.2749999999999999,0.44534412955465585,0.17049180327868863,0.2981818181818181,0.4571428571428571,0.15161290322580645,0.1333333333333333,-0.4826086956521739,-0.510958904109589,-0.4863309352517986,-0.4971830985915493,-0.5724550898203593,-0.5824561403508772,-0.5452229299363057,-0.5920000000000001,-0.6890243902439024,-0.6818181818181819,-0.7073770491803278,-0.6599999999999999,-0.643,-0.6393939393939394,-0.5800000000000001,-0.55375,-0.5775147928994082,-0.598876404494382,-0.5509433962264151,-0.524,-0.5075862068965518,-0.4671641791044776,-0.37258347978910367,-0.368141592920354,-0.368141592920354,-0.3918228279386712,-0.37368421052631584,-0.3897435897435897,-0.398989898989899,-0.368141592920354,-0.3692579505300353,-0.35090909090909095,-0.34375,-0.2436440677966102,-0.11633663366336633,-0.12285012285012287,-0.11851851851851847,-0.10075566750629728
IKA-L,-0.027972027972028468,0.09160305343511466,-0.05921052631578916,0.0035087719298250164,-0.0205479452054792,-0.06535947712418277,-0.11180124223602461,-0.1637426900584794,-0.29556650246305394,-0.2666666666666665,-0.2849999999999998,-0.37554585152838427,-0.12269938650306711,-0.027210884353741416,0.021428571428571574,0.0833333333333337,0.17695473251028826,0.14400000000000013,0.0671641791044777,-0.0205479452054792,2.250000000000001,2.250000000000001,1.979166666666667,1.9183673469387759,1.8600000000000008,1.8600000000000008,1.979166666666667,1.508771929824562,1.4237288135593222,0.9861111111111116,0.9324324324324329,1.444444444444445,1.8600000000000008,1.8600000000000008,0.9589041095890416,0.5052631578947371,0.3240740740740742,0.2767857142857144,0.22222222222222254,0.23275862068965525,0.23275862068965525,0.23275862068965525,0.21186440677966134,0.3240740740740742,0.521276595744681,0.521276595744681,0.6250000000000004,0.6067415730337082,0.6067415730337082
IQE-L,0.03157894736842115,-0.05940594059405946,0.05555555555555558,0.04395604395604402,0.05555555555555558,0.0674157303370786,0.13095238095238093,0.14457831325301207,0.25,0.3970588235294117,0.37681159420289845,0.46153846153846145,0.2666666666666666,0.25,0.021505376344086002,0.07954545454545459,0.010638297872340496,-0.030612244897959218,0.1728395061728396,0.04395604395604402,0.010638297872340496,-0.050000000000000044,-0.06862745098039214,-0.20833333333333337,-0.2213114754098361,-0.01041666666666663,0.28378378378378377,0.0674157303370786,0.021505376344086002,-0.050000000000000044,-0.14414414414414412,-0.3262411347517731,-0.20833333333333337,-0.07766990291262132,-0.24603174603174605,-0.13636363636363635,-0.12844036697247707,-0.06862745098039214,-0.2016806722689075,0.0,-0.050000000000000044,-0.19491525423728817,-0.16666666666666663,-0.030612244897959218,0.25,0.15853658536585358,0.28378378378378377,0.032608695652173836,-0.3065693430656934
BRBY-L,0.007457121551081247,-0.16239850093691444,-0.1571338780641106,-0.20791494388659182,-0.2221577726218097,-0.22530329289428075,-0.2912262156448203,-0.23063683304647165,-0.17426108374384242,-0.17881200244947948,-0.11133200795228626,-0.09146341463414631,-0.06485355648535562,-0.04961020552799433,-0.09330628803245433,-0.12922077922077924,-0.10301003344481607,-0.03386167146974062,-0.11250827266710783,-0.046908315565031944,-0.10719041278295605,-0.120655737704918,-0.1223821989528796,-0.19070609535304772,-0.15019011406844107,-0.14203454894433776,-0.01758241758241763,-0.06158152554233731,0.020547945205479534,0.012075471698113294,-0.04961020552799433,-0.03316510454217736,0.06007905138339931,0.04276827371695169,0.10370370370370363,0.3224852071005917,-0.010332103321033181,0.06597774244833077,0.0037425149700598404,0.025229357798165042,-0.09575185434929201,-0.1223821989528796,-0.07261410788381739,-0.046908315565031944,0.07884151246983095,0.025229357798165042,0.05341712490180672,0.2280219780219781,-0.030368763557483747
MNDI-L,-0.026817219477769827,-0.08165910563836698,0.017229002153625217,-0.025447042640990403,0.07186081694402402,0.09083910700538866,0.06541353383458648,0.191757779646762,0.35081029551954224,0.30478821362799247,0.35727969348658983,0.4001976284584978,0.4001976284584978,0.3743937924345295,0.3280224929709463,0.3156917363045495,0.44223918575063603,0.3611911623438999,0.31936685288640576,0.54525627044711,0.35598086124401895,0.4563206577595065,0.27888086642599275,0.36644165863066536,0.38649706457925626,0.43059061080262473,0.6980227681246254,0.6534422403733955,0.6515151515151514,0.5597138139790863,0.6592505854800936,0.8319327731092434,1.0655976676384835,1.1816782140107773,1.1149253731343283,1.259968102073365,1.5439856373429084,1.5904936014625228,1.5763636363636357,1.825523429710867,1.4794400699912509,1.3935810810810807,1.37751677852349,1.711961722488038,1.9545454545454541,2.1419068736141904,2.1622405713010484,1.9970389170896778,1.6
BEZG-L,0.08546228710462267,-0.034077555816686256,0.07944845699277736,0.09163346613545809,0.1755452270289597,0.13575129533678765,0.15774647887323945,0.177557009714308,0.1755302334497395,0.2619790569739442,0.29844689284087234,0.2601163572588536,0.33499426433600177,0.4169773145939808,0.3519063056894274,0.37920651380108805,0.39384299109040555,0.28670509727637294,0.3303137234793505,0.43659191469620096,0.33647544276493924,0.47039407739493533,0.5609480623507821,0.7121026928571166,0.7758556593721289,0.6422842776522499,0.5649919692480636,0.5416934924621506,0.5800006106270772,0.6795743284423146,0.7969863166973303,0.9455294690169165,1.0226123888272967,1.0385384706290859,1.066431813442711,1.1561697803560476,1.1716724989685527,1.3056751913349336,1.5542786474830974,1.7048667169988923,1.572406955839968,1.5453099724568222,1.5187779018613727,1.5187779018613727,1.6302767785040024,1.7293082837187614,1.9136024122013788,2.1111771680502285,2.119209467107156
AFN-L,-0.01176470588235301,-0.10526315789473684,-0.10994764397905754,-0.14141414141414133,-0.1866028708133971,-0.25764192139737996,-0.12371134020618568,-0.01734104046242768,0.0691823899371069,0.05590062111801242,0.05590062111801242,-0.011627906976744207,0.005917159763313418,0.15254237288135575,0.1929824561403508,0.1333333333333333,0.16239316239316248,0.16239316239316248,0.014925373134328401,0.022556390977443552,0.18260869565217397,0.17241379310344818,0.2142857142857144,-0.007299270072992581,-0.01449275362318836,-0.021582733812949728,-0.11688311688311692,-0.1282051282051282,-0.11688311688311692,-0.23163841807909613,-0.25683060109289624,-0.26881720430107536,-0.26881720430107536,-0.28042328042328035,-0.31999999999999995,-0.3674418604651163,-0.24444444444444446,-0.30964467005076146,-0.31313131313131315,-0.3233830845771145,-0.43568464730290457,-0.38181818181818183,-0.37614678899082565,-0.05555555555555569,-0.06206896551724139,-0.02857142857142858,0.08800000000000008,-0.1225806451612903,-0.2093023255813954
SHCS-L,-0.006896551724137945,-0.05660377358490576,-0.012261580381471293,0.03202846975088969,0.0915934755332497,0.0769992572418916,0.055056997332039836,0.11882716049382713,0.18399564507348942,0.1637239165329052,0.27790834312573454,0.32339519318527543,0.30278526504941605,0.3521914827479018,0.3266239707227814,0.2630662020905925,0.29695885509839015,0.24214734437464314,0.1817440912795436,0.2236286919831223,0.3282442748091603,0.34841909485430866,0.25722543352601157,0.2641673931996511,0.33846153846153837,0.18982494529540483,0.31938125568698816,0.3331290223720502,0.41832409520704283,0.6069449575175472,0.6615737203972498,0.7930750206100579,0.7372204472843451,0.8117451062057477,0.8995633187772927,0.9890260631001373,1.0213754646840152,1.0528551203397827,1.060634770251066,1.2751046025104604,1.192540322580645,1.2620904836193447,1.2503879979306776,1.2388059701492535,1.305246422893482,1.4274553571428572,1.5217391304347827,1.6363636363636362,1.614182692307692
ARSA-L,0.1923076923076923,0.18181818181818166,0.0,-0.07142857142857129,0.1063829787234043,0.1063829787234043,0.040000000000000036,-0.10344827586206895,0.1063829787234043,-0.17460317460317454,-0.37349397590361444,-0.5047619047619047,0.5757575757575759,0.4054054054054055,0.368421052631579,0.18181818181818166,0.019607843137255054,-0.07142857142857129,-0.054545454545454564,0.15555555555555567,-0.054545454545454564,-0.5478260869565217,-0.5478260869565217,-0.584,-0.6148148148148148,-0.675,-0.6413793103448275,-0.6645161290322581,-0.675,-0.7028571428571428,-0.792,-0.6148148148148148,-0.6645161290322581,-0.675,-0.6285714285714286,-0.7463414634146341,-0.8037735849056604,-0.8037735849056604,-0.7523809523809524,-0.7263157894736842,-0.7463414634146341,-0.8037735849056604,-0.74,-0.7523809523809524,-0.7636363636363637,-0.7739130434782608,-0.7028571428571428,-0.6645161290322581,-0.7463414634146341
BAG-L,-0.07610619469026558,-0.010507880910682998,-0.08797417271993535,-0.08870967741935476,-0.1053048297703878,-0.06919275123558488,-0.16911764705882348,-0.10031847133757965,-0.03993203058623618,-0.06919275123558488,-0.02670111972437539,-0.06301824212271956,-0.11787665886026533,-0.15545590433482803,-0.13076923076923075,-0.10174880763116045,-0.09599999999999997,-0.08427876823338731,-0.07072368421052622,-0.07301066447908111,-0.03418803418803407,0.04726598702502316,0.08237547892720332,0.07312440645773988,0.0443622920517559,0.019855595667870096,0.09815354713313895,0.03290676416819016,0.03196347031963476,0.023550724637681375,0.1078431372549018,0.027272727272727337,0.14118359927287427,0.1957671957671956,0.2893655864901874,0.25975473801560733,0.3614457831325302,0.344917876696025,0.3950617283950615,0.6235632183908049,0.4524436118266455,0.4933935638781455,0.42676910353678044,0.3560013560013562,0.3560013560013562,0.4599497803632173,0.4066404107897883,0.38480530637393384,0.4751972976516059
ANP-L,-0.06617647058823528,0.054263565891472965,0.022556390977443552,-0.021582733812949617,0.04615384615384621,0.10210696920583473,0.2142857142857142,0.15254237288135597,0.17241379310344818,0.4049586776859504,0.3203883495145632,0.3465346534653466,0.32553606237816757,0.43157894736842106,0.30268199233716464,0.17241379310344818,0.2230215827338129,0.2952380952380953,0.24087591240875916,0.3127413127413128,0.007407407407407307,0.22522522522522515,0.4623655913978495,0.630695443645084,1.0858895705521472,0.9941348973607038,0.9373219373219372,1.2742474916387958,1.3208191126279862,1.5278810408921935,1.6666666666666665,1.4727272727272727,1.6053639846743293,1.9437229437229435,1.9694323144104802,2.133640552995392,2.238095238095238,2.4343434343434343,2.8202247191011236,2.8202247191011236,2.7777777777777777,2.953488372093023,3.197530864197531,3.121212121212121,3.197530864197531,3.3037974683544302,2.9080459770114944,3.197530864197531,2.930635838150289
CDFF-L,0.0,0.0,0.0,0.0023980815347721673,0.0,0.0,0.0,0.004807692307692291,0.0,0.0,0.009661835748792313,0.009661835748792313,0.009661835748792313,0.009661835748792313,-0.004761904761904745,-0.004761904761904745,-0.004761904761904745,0.2115942028985507,0.2115942028985507,0.2115942028985507,0.21865889212827994,0.23668639053254448,0.23668639053254448,0.23668639053254448,0.27828746177370034,0.3227848101265822,0.43150684931506844,0.43150684931506844,0.43150684931506844,0.43150684931506844,0.43150684931506844,0.43150684931506844,0.41216216216216206,0.375,0.3571428571428572,0.5255474452554745,0.548148148148148,0.5714285714285714,0.5714285714285714,0.5714285714285714,0.5714285714285714,0.5893536121673004,0.5893536121673004,0.5833333333333333,0.5833333333333333,0.548148148148148,0.5035971223021583,0.5035971223021583,0.5255474452554745
PZC-L,-0.05607177186799106,-0.09719409892970776,-0.13808340237503447,-0.13233249930497626,-0.13257365202890492,-0.0874269005847953,-0.05681474765790251,-0.015146733985484273,0.02327868852459014,-0.0812481601413011,-0.14469717730885168,-0.14726775956284144,-0.1589867960118566,-0.13329630658150515,-0.11511199319535004,-0.1108262108262108,-0.10726544622425627,-0.12380685008422221,-0.13855920507866404,-0.13689159292035402,-0.1846917450365726,-0.2062563580874872,-0.20362337330951763,-0.2501201345506967,-0.24302692214406985,-0.1999487310945911,-0.12084507042253512,-0.163495041543822,-0.22247135027404075,-0.22651796778190825,-0.23316953316953315,-0.21543489190548015,-0.1889293139293139,-0.1291852678571428,-0.09008746355685127,0.034128561961563886,0.019268451992162205,0.00742414460942542,-0.015457413249211238,-0.013590391908975819,-0.07935103244837749,0.0016046213093710016,0.0035369774919615793,-0.0009603072983352945,-0.13160823594880344,-0.11811246114721663,-0.1397464167585446,-0.06780167264038228,-0.13305555555555548
AJIT-L,-0.08341915550978374,-0.12522522522522528,-0.04287826515524884,-0.05636540330417883,-0.049902152641878694,-0.049902152641878694,-0.008171603677221695,0.06469298245614041,0.05086580086580095,0.10592255125284744,0.21072319201995016,0.26350032530904355,0.25290322580645164,0.2895086321381142,0.310391363022942,0.41959064327485374,0.4984567901234569,0.48018292682926833,0.4133915574963609,0.3851640513552068,0.3561452513966481,0.36568213783403647,0.361851332398317,0.40520984081041966,0.3971223021582735,0.3121621621621622,0.41031227305737117,0.27763157894736845,0.27595269382391585,0.2626788036410923,0.2788936450444517,0.3337912087912087,0.41751824817518246,0.5724696356275303,0.5661290322580645,0.5279307631785994,0.5970394736842106,0.6210350584307178,0.6612489307100085,0.6569965870307166,0.5388272583201268,0.5339652448657188,0.5315457413249212,0.6076158940397351,0.798148148148148,0.8286252354048964,0.7432675044883303,0.9114173228346456,0.7686703096539163
BIPS-L,-0.006915629322268302,-0.026917900403768513,-0.03342245989304815,-0.053664921465968574,-0.04111405835543769,-0.05981794538361507,-0.051181102362204745,-0.040477770404777735,-0.03600000000000003,-0.029530201342281903,-0.018329938900203624,-0.032128514056224855,-0.03856382978723405,-0.030831099195710476,-0.051181102362204745,-0.044914134742404244,-0.03471295060080104,-0.04365079365079361,-0.03342245989304815,-0.030831099195710476,-0.012295081967213073,0.021186440677966045,0.026988636363636465,0.08395802098950522,0.07111111111111112,0.07270029673590495,0.12267080745341619,0.0387931034482758,0.05087209302325579,0.09379727685325268,0.0758928571428572,0.01118881118881121,0.0758928571428572,0.143987341772152,0.14944356120826718,0.14037854889589907,0.1891447368421053,0.20500000000000007,0.22542372881355943,0.20802005012531333,0.15219123505976095,0.11402157164869031,0.08721804511278197,0.15958299919807528,0.21308724832214776,0.22128378378378377,0.21308724832214776,0.20500000000000007,0.13500784929356358
PHARP-L,-0.032786885245901676,0.08225806451612905,-0.02894356005788712,-0.06701890989988879,-0.09568733153638809,0.08225806451612905,-0.38349871370819555,-0.39679971233369293,-0.4237375472346273,-0.38349871370819555,-0.4855872431769396,-0.5560994972214872,-0.5796367870389946,-0.5795371512928554,-0.5768290174867741,-0.5735738560828263,-0.5822108434537346,-0.5565168103261393,-0.6077973118073308,-0.5664875956267246,-0.5568491734460547,-0.5555167229527831,-0.557733044453891,-0.5542882515840596,-0.5084508599036626,-0.4699528378202368,-0.4397381757538452,-0.49836521455672567,-0.48529630830438775,-0.48932792991035856,-0.46677371089331343,-0.49460619420069085,-0.4699528378202368,-0.4535138227316774,-0.44021922483018705,-0.4168533010007971,-0.443563576545284,-0.41493448147073686,-0.3678493767151497,-0.29339811111151504,-0.342121080241061,-0.36394340538428416,-0.4228757661719307,-0.34847633962580726,-0.3497759213951708,-0.3555604519132368,-0.3866810823319765,-0.3782981473479572,-0.3957757094707054
GPEG-L,0.044009779951100336,-0.024448419797257093,0.030226700251889005,-0.027926322043969054,0.028930817610062887,0.008009858287122418,-0.0048661800486619056,0.03413400758533491,0.11520109066121331,0.13848295059150995,0.19416058394160562,0.2912391475927387,0.2526799387442571,0.2881889763779528,0.2517214996174444,0.24033358605003774,0.304625199362041,0.275136399064692,0.2821316614420062,0.3588039867109636,0.3817567567567566,0.42384682332463,0.42757417102966855,0.4872727272727271,0.5022956841138657,0.42260869565217396,0.5448536355051934,0.5106186518928899,0.5304022450888677,0.6198019801980197,0.6588927195295071,0.6565411097610365,0.6485288190245866,0.7199327165685447,0.723919915700737,0.8125415466430312,0.8633257403189063,0.8765771966047258,1.0537283454682393,1.1784287616511318,1.2108108108108104,1.2703302803219532,1.2722222222222221,1.2180043383947936,1.4712990936555892,1.3841445642669772,1.2779170147591197,1.4712990936555892,1.2653004707837163
PRIMP-L,-0.1428571428571429,0.0,-0.2222222222222222,-0.36363636363636365,-0.30000000000000004,0.16666666666666674,0.16666666666666674,0.07692307692307687,-0.125,-0.5172413793103448,-0.4017094017094017,-0.641025641025641,-0.5333333333333333,-0.5333333333333333,-0.5333333333333333,-0.30000000000000004,-0.26315789473684215,-0.26315789473684215,-0.26315789473684215,-0.17647058823529416,-0.30000000000000004,-0.46153846153846156,-0.36363636363636365,-0.46153846153846156,-0.36363636363636365,-0.2222222222222222,-0.36363636363636365,-0.6585365853658536,-0.6666666666666667,-0.6666666666666667,-0.7454545454545455,-0.7666666666666666,-0.65,-0.6888888888888889,-0.5757575757575757,-0.5882352941176471,-0.5,-0.7021276595744681,-0.7454545454545455,-0.7846153846153846,-0.8526315789473684,-0.8526315789473684,-0.8727272727272728,-0.8703703703703703,-0.8666666666666667,-0.884297520661157,-0.8962962962962963,-0.8556701030927836,-0.86
SMLP-L,0.19565217391304346,-0.3866666666666666,-0.5619047619047619,-0.6541353383458647,-0.6166666666666667,-0.6166666666666667,-0.42500000000000004,-0.48888888888888893,-0.34285714285714275,-0.4457831325301205,-0.31343283582089554,-0.5157894736842105,-0.5740740740740741,-0.6229508196721312,-0.6973684210526316,-0.6,-0.6229508196721312,-0.7513513513513513,-0.8357142857142856,-0.8042553191489361,-0.8491803278688524,-0.8042553191489361,-0.8385964912280701,-0.8666666666666667,-0.9061224489795918,-0.9106796116504854,-0.9089108910891089,-0.9428571428571428,-0.944578313253012,-0.9414012738853503,-0.9494505494505494,-0.9608510638297872,-0.9502702702702702,-0.9528205128205128,-0.9425,-0.9406451612903226,-0.9528205128205128,-0.9581818181818181,-0.9616666666666667,-0.9698360655737704,-0.97125,-0.9767088607594937,-0.9786046511627907,-0.9783529411764705,-0.9744444444444444,-0.9786046511627907,-0.9761038961038961,-0.9757894736842105,-0.9826415094339622
TIA-L,-0.042553191489361764,-0.03424657534246567,0.09302325581395365,0.28181818181818175,0.39603960396039595,0.5326086956521741,0.8926174496644297,1.0142857142857147,0.9583333333333335,0.38235294117647056,0.2702702702702702,0.28181818181818175,-0.08441558441558439,-0.04081632653061218,-0.15315315315315314,-0.2122905027932961,-0.19886363636363624,-0.4928057553956834,-0.42682926829268286,-0.4221311475409836,-0.42914979757085014,-0.3648648648648649,-0.41493775933609955,-0.3869565217391304,-0.47388059701492535,-0.48351648351648346,-0.5480769230769231,-0.3502304147465437,-0.549520766773163,-0.5621118012422359,-0.7388888888888889,-0.8073770491803278,-0.8239700374531835,-0.803072625698324,-0.821969696969697,-0.8215189873417721,-0.8272058823529411,-0.8221941992433796,-0.8267813267813268,-0.8188824662813102,-0.8240798502807236,-0.8246268656716418,-0.836046511627907,-0.8334317779090372,-0.82375,-0.8254950495049505,-0.8254950495049505,-0.8379310344827586,-0.8572874493927125
ICAG-L,0.0984848484848484,-0.041742286751361046,0.05074626865671661,-0.05798394290811759,-0.05291479820627787,-0.11999999999999977,-0.08013937282229944,-0.0028328611898016387,0.08418891170431242,0.14533622559652937,0.2744388124547432,0.47816349384098555,0.46422628951747114,0.5612063867534007,0.41554959785522816,0.315723897333666,0.28654970760233933,0.2438162544169613,0.24881740775780514,0.27413127413127447,0.30017237133710917,0.4363438520130578,0.49194687764905365,0.5348837209302328,0.7837837837837842,0.7771794008751265,0.9533851276359606,0.918604651162791,0.9158200290275766,1.0260936300844206,1.2203532380151385,1.4719101123595513,1.7371695178849151,2.082311733800351,2.233312921004287,2.421905379131563,2.7156931738212537,2.251231527093596,2.3291298865069363,2.7235543018335693,1.9235880398671101,1.8695652173913047,2.243243243243244,1.8773841961852864,2.492063492063493,2.4828496042216366,2.41305753070459,2.4174757281553405,2.0000000000000004
IPU-L,0.008603573792190566,-0.020738820479585196,-0.0039551746868820015,-0.015635179153094425,0.10777126099706735,0.10453216374269014,0.11677753141167768,0.145130731337628,0.18046874999999996,0.20111287758346585,0.2078337330135891,0.217566478646253,0.18789308176100628,0.22845528455284558,0.2044639298525308,0.18093005080109426,0.168600154679041,0.14643399089529585,0.09811046511627897,0.19541139240506333,0.16679536679536677,0.23852459016393435,0.2549833887043189,0.24669966996699677,0.27618243243243246,0.34191829484902314,0.44731800766283536,0.4363117870722433,0.44731800766283536,0.4363117870722433,0.4990079365079365,0.535569105691057,0.6108742004264391,0.6826280623608019,0.7006190208216094,0.7651869158878504,0.8009535160905841,0.8471882640586796,0.9496774193548387,0.9496774193548387,0.8248792270531402,0.7902843601895735,0.8248792270531402,0.9371794871794872,1.05578231292517,1.098611111111111,1.0755494505494507,1.098611111111111,0.9751633986928105
HOCM-L,0.0219780219780219,-0.12218649517684899,-0.23098591549295777,-0.34844868735083534,-0.30534351145038174,-0.2458563535911602,-0.1752265861027189,-0.23955431754874645,-0.23955431754874645,-0.2331460674157303,-0.330225711481845,-0.47580645161290314,-0.5820575627679118,-0.5792231812577064,-0.570754716981132,-0.553921568627451,-0.5793528505392912,-0.5919282511210763,-0.6544303797468354,-0.5546492659053834,-0.521891418563923,-0.5029133284777859,-0.5823133414932682,-0.6088825214899714,-0.7350543478260869,-0.6088825214899714,-0.5625,-0.7192513368983957,-0.7236842105263157,-0.7472222222222222,-0.8173668718223174,-0.8423787528868361,-0.8621212121212121,-0.8530361757105943,-0.8609979633401221,-0.8648514851485148,-0.8483333333333334,-0.838001424163304,-0.8557082452431289,-0.8438215102974829,-0.8623991935483871,-0.8576048403922387,-0.8631167268351384,-0.8688760806916427,-0.8327205882352942,-0.8403135236312588,-0.8452029938761624,-0.8367224880382775,-0.8661764705882353
PSON-L,0.05494505494505497,-0.08158116063919263,-0.1121951219512195,-0.1657754010695187,-0.18324607329842935,-0.2432432432432432,-0.2331460674157303,-0.19882611885546586,-0.0714285714285714,-0.11002444987775062,-0.05862068965517242,-0.12006446414182115,-0.0117647058823529,-0.0395778364116095,-0.05862068965517242,-0.06984667802385014,-0.00907441016333943,0.04597701149425282,0.0674486803519061,-0.013550135501354976,-0.18507462686567167,-0.18689501116902452,-0.1587057010785824,-0.12639999999999996,-0.15935334872979212,-0.1875,-0.06024096385542166,-0.0922693266832918,-0.07692307692307687,-0.07535986452159182,-0.06825938566552903,-0.09752066115702485,-0.0937759336099585,-0.0861924686192469,-0.12779552715654952,-0.10929853181076676,-0.09527754763877383,-0.1121951219512195,-0.13470681458003164,-0.0267379679144385,-0.05290546400693841,-0.10565110565110569,-0.09826589595375723,-0.0792580101180439,-0.11507293354943271,-0.037885462555066085,-0.015329125338142457,-0.0395778364116095,-0.0267379679144385
HRN-L,-0.06161137440758291,0.03940886699507429,0.13440860215053774,0.03940886699507429,0.16574585635359118,0.2267441860465118,0.29447852760736204,0.37012987012987053,0.37012987012987053,0.4256756756756759,0.4256756756756759,0.5687732342007434,0.5071428571428571,0.5864661654135337,0.3768352365415988,0.35256410256410264,0.31464174454828675,0.29447852760736204,0.31464174454828675,0.38815789473684226,0.2885496183206109,0.24117647058823555,0.34824281150159764,0.3354430379746838,0.29846153846153856,0.31055900621118027,0.29447852760736204,0.29447852760736204,0.24667651403249624,0.3187500000000001,0.31055900621118027,0.2885496183206109,0.49645390070922013,0.6199616122840694,0.7620041753653446,0.6812749003984067,0.257824143070045,0.24117647058823555,0.29447852760736204,0.4280879864636211,0.1530054644808745,0.11345646437994739,-0.009389671361502261,0.018094089264173663,-0.19771863117870714,-0.2221198156682027,-0.2112149532710279,-0.1551551551551551,-0.24032403240324018
ALAPH-L,0.03125,-0.03239740820734338,0.3493975903614457,0.382716049382716,0.30232558139534893,0.4983277591973243,0.47854785478547845,0.635036496350365,0.5135135135135136,0.7364341085271318,0.7297297297297298,0.696969696969697,0.6470588235294117,0.6470588235294117,0.6716417910447761,0.6716417910447761,0.6716417910447761,0.6290909090909091,0.6654275092936803,0.6905660377358491,0.382716049382716,0.594306049822064,0.6115107913669064,0.5719298245614035,0.5719298245614035,0.8064516129032258,0.5555555555555556,0.5342465753424657,0.5501730103806228,0.5033557046979866,0.696969696969697,0.7431906614785992,0.75,0.7848605577689243,0.7707509881422925,1.0271493212669682,1.103286384976526,1.083720930232558,1.3829787234042552,0.9478260869565218,0.8360655737704918,0.9478260869565218,0.7707509881422925,0.8823529411764706,0.8137651821862348,0.8666666666666667,0.8744769874476988,0.8360655737704918,0.9478260869565218
IBT-L,-0.15426997245179064,-0.06603773584905659,0.004612546125461359,-0.017148014440433235,0.049132947976878505,0.04711538461538467,0.10446247464503045,0.07290640394088665,0.22635135135135132,0.3176043557168784,0.3925831202046035,0.7068965517241379,0.7122641509433962,0.9377224199288257,0.8426395939086295,0.9542395693135934,1.0092250922509227,0.8840830449826989,0.6702453987730062,0.7852459016393443,0.8333333333333333,0.8808290155440415,0.8044739022369511,0.890625,1.005524861878453,1.020408163265306,1.1186770428015564,1.1228070175438596,1.1933534743202419,1.3803278688524592,1.5150115473441108,1.5473684210526315,1.7225000000000001,1.7709923664122136,1.662591687041565,1.5443925233644862,1.662591687041565,1.6789667896678968,1.821243523316062,1.955223880597015,1.9392712550607287,1.9754098360655736,1.9835616438356163,2.071932299012694,2.4245283018867925,2.594059405940594,2.6059602649006623,2.7681660899653977,2.794425087108014
ZIOC-L,0.08932461873638342,-0.20588235294117652,-0.203125,-0.1577981651376147,-0.043749999999999956,-0.20173913043478264,-0.5788990825688074,-0.5064516129032259,-0.5966608084358525,-0.7209726443768997,-0.8234615384615385,-0.8200000000000001,-0.8792105263157894,-0.875945945945946,-0.8767785234899329,-0.8776,-0.904375,-0.8742465753424657,-0.8845283018867924,-0.8629850746268657,-0.8807792207792208,-0.85312,-0.9007567567567567,-0.9033684210526316,-0.904375,-0.7913636363636364,-0.7913636363636364,-0.8067368421052632,-0.8004347826086957,-0.8629850746268657,-0.8944827586206896,-0.9117307692307692,-0.9187610619469027,-0.9325,-0.9394059405940594,-0.9554368932038835,-0.9590178571428571,-0.9645559845559846,-0.9611016949152542,-0.9674468085106382,-0.97705,-0.9803846153846154,-0.9783490566037736,-0.9777184466019417,-0.9791363636363637,-0.97609375,-0.9737714285714286,-0.9759055118110236,-0.9742134831460674
GATC-L,-0.11111111111111116,-0.021739130434782594,0.024590163934426146,0.027397260273972712,0.03686635944700467,0.032110091743119185,0.07655502392344493,0.10837438423645329,0.013513513513513598,-0.004424778761061954,0.0044642857142858094,-0.025974025974025983,-0.025974025974025983,-0.03433476394849788,-0.004424778761061954,-0.07407407407407407,-0.09638554216867468,-0.0625,-0.0625,0.010781671159029615,-0.021739130434782594,0.0,0.008968609865470878,0.25698324022346375,0.33136094674556205,0.3392857142857142,0.6791044776119404,0.6816143497757847,0.6471449487554906,0.7496111975116642,1.0107238605898123,1.106741573033708,1.3834745762711864,1.4193548387096775,1.2365805168986084,1.7439024390243905,1.764127764127764,1.684964200477327,1.7239709443099271,1.7573529411764706,1.684964200477327,1.8481012658227849,1.7846534653465347,1.6595744680851063,1.6913875598086126,1.616279069767442,1.5452488687782804,1.5862068965517242,1.6285046728971961
RUR-L,-0.06779661016949168,-0.016666666666666496,-0.5083333333333333,-0.5785714285714285,-0.6193548387096773,-0.6118421052631579,-0.6529411764705881,-0.5629629629629629,-0.681081081081081,-0.694300518134715,-0.6424242424242423,-0.7121951219512195,-0.7541666666666667,-0.7434782608695651,-0.7541666666666667,-0.8156249999999999,-0.7929824561403509,-0.7814814814814814,-0.8212121212121212,-0.864367816091954,-0.884313725490196,-0.8886792452830189,-0.8946428571428571,-0.8783505154639175,-0.8886792452830189,-0.8674157303370786,-0.8688888888888888,-0.884313725490196,-0.8907407407407407,-0.8886792452830189,-0.850632911392405,-0.8184615384615385,-0.7929824561403509,-0.7999999999999999,-0.8065573770491803,-0.8126984126984127,-0.8212121212121212,-0.7892857142857143,-0.8156249999999999,-0.8126984126984127,-0.8184615384615385,-0.8426666666666667,-0.8467532467532467,-0.8096774193548386,-0.7892857142857143,-0.7999999999999999,-0.8238805970149253,-0.796551724137931,-0.773076923076923
OVB-L,0.125,-0.16666666666666663,-0.23076923076923073,-0.23076923076923073,-0.2857142857142857,-0.24528301886792447,-0.3220338983050848,-0.3220338983050848,-0.29824561403508776,-0.43661971830985913,-0.42028985507246375,-0.33333333333333337,-0.2592592592592593,-0.23076923076923073,-0.29824561403508776,-0.2592592592592593,-0.2857142857142857,-0.3220338983050848,-0.3548387096774194,-0.42028985507246375,-0.375,-0.4029850746268657,-0.42028985507246375,-0.4871794871794872,-0.550561797752809,-0.5121951219512195,-0.5121951219512195,-0.5,-0.5789473684210527,-0.6226415094339622,-0.6296296296296297,-0.6610169491525424,-0.6491228070175439,-0.4736842105263158,-0.5833333333333333,-0.574468085106383,-0.5061728395061729,-0.5238095238095238,-0.5121951219512195,-0.6491228070175439,-0.75,-0.7752808988764045,-0.7790055248618785,-0.7849462365591398,-0.7883597883597884,-0.8113207547169812,-0.8113207547169812,-0.8198198198198199,-0.8297872340425532
IQG-L,-0.044334975369458074,-0.09777777777777774,-0.08144796380090502,0.030456852791878264,-0.033333333333333326,0.051813471502590636,0.051813471502590636,-0.04694835680751175,-0.19444444444444442,-0.275,-0.3210702341137124,-0.37920489296636084,-0.40294117647058825,-0.43296089385474856,-0.45866666666666667,-0.5072815533980582,-0.5753138075313807,-0.558695652173913,-0.6081081081081081,-0.5890688259109311,-0.5873983739837398,-0.5567685589519651,-0.49502487562189057,-0.517814726840855,-0.5577342047930283,-0.5212264150943396,-0.44836956521739135,-0.45430107526881724,-0.48994974874371855,-0.49876543209876545,-0.47814910025706936,-0.5155131264916468,-0.5653104925053534,-0.5108433734939759,-0.5407239819004526,-0.5407239819004526,-0.5200945626477541,-0.5084745762711864,-0.5166666666666666,-0.5223529411764706,-0.5245901639344263,-0.5223529411764706,-0.5386363636363636,-0.5166666666666666,-0.47545219638242897,-0.47545219638242897,-0.5257009345794392,-0.48346055979643765,-0.4768041237113402
ATRAS-L,0.02259887005649719,-0.08408796895213455,-0.09693877551020413,-0.13658536585365855,-0.15311004784688997,-0.17960602549246818,-0.15714285714285714,-0.1428571428571429,-0.08704061895551263,-0.0647291941875826,-0.058510638297872286,-0.03804347826086951,-0.053475935828877,-0.020746887966805017,-0.0014104372355430161,-0.015299026425591111,0.0,0.026086956521739202,0.0520059435364042,0.0520059435364042,0.007112375533428139,-0.034106412005457054,-0.05976095617529875,0.005681818181818121,-0.024793388429752095,-0.12158808933002485,-0.08290155440414504,-0.1469879518072289,-0.13868613138686137,-0.1127819548872181,-0.14077669902912626,-0.1127819548872181,-0.07632093933463802,0.04424778761061954,0.0535714285714286,0.05988023952095811,0.10971786833855801,0.12559618441971376,0.1114599686028257,0.0993788819875776,0.0223826714801445,0.011428571428571344,-0.015983321751216084,0.06626506024096379,0.15497553017944532,0.1309904153354633,0.10624999999999996,0.2575488454706927,0.008547008547008517
CMBC-L,0.12121212121212133,0.0,0.0,0.0,0.0,0.0,0.0,0.26923076923076894,-0.5,-0.625,-0.7130434782608696,-0.8216216216216217,-0.8465116279069768,-0.8465116279069768,-0.8565217391304347,-0.8595744680851064,-0.8565217391304347,-0.8565217391304347,-0.8730769230769231,-0.8984615384615384,-0.9029411764705882,-0.9131578947368422,-0.9175,-0.9,-0.8984615384615384,-0.9108108108108108,-0.9095890410958904,-0.9043478260869565,-0.9057142857142857,-0.9164556962025316,-0.9164556962025316,-0.9195121951219513,-0.9232558139534883,-0.9195121951219513,-0.9142857142857143,-0.9185185185185185,-0.9153846153846154,-0.9232558139534883,-0.9488372093023256,-0.9554054054054054,-0.9431034482758621,-0.9388888888888889,-0.9528571428571428,-0.9521739130434783,-0.9551020408163265,-0.9507462686567164,-0.9633333333333334,-0.9648936170212766,-0.9616279069767442
JOG-L,-0.20454545454545459,-0.16981132075471694,-0.32307692307692304,-0.41333333333333333,-0.20000000000000007,-0.7161290322580645,-0.7333333333333334,-0.84,-0.92,-0.9413333333333334,-0.9323076923076923,-0.9674074074074074,-0.9720634920634921,-0.9744927536231884,-0.9752112676056338,-0.9762162162162162,-0.9771428571428571,-0.9782716049382716,-0.9768421052631578,-0.9755555555555555,-0.9758904109589042,-0.978,-0.9777215189873417,-0.979047619047619,-0.9785365853658536,-0.9810752688172043,-0.9797701149425287,-0.9820408163265306,-0.9782716049382716,-0.984561403508772,-0.9855737704918033,-0.984,-0.9872463768115942,-0.986031746031746,-0.9876923076923076,-0.9879452054794521,-0.9882666666666666,-0.9878620689655172,-0.9875177304964539,-0.9908808290155441,-0.99296,-0.9924463519313305,-0.9912871287128713,-0.9902222222222222,-0.9907368421052631,-0.991889400921659,-0.992072072072072,-0.9929032258064516,-0.9942105263157894
CRDA-L,-0.03929824561403494,-0.06984334203655351,0.025917926565874883,-0.023972602739726123,0.01243339253996445,0.03373231773667018,0.061452513966480105,0.061452513966480105,0.09742010011551794,0.11067809820732677,0.2450851900393185,0.4321608040201004,0.2872628726287263,0.3513513513513513,0.2895927601809949,0.09615384615384626,0.10679611650485432,0.11284654431862551,0.1332007952286276,0.179147703764998,0.16755428103236358,0.21483375959079276,0.16659844453540718,0.0690172543135783,0.07142857142857117,0.12514804579549943,0.13954418232706933,0.1680327868852458,0.15853658536585336,0.0031678986272438703,0.09573241061130311,0.15900772671817842,0.19346733668341698,0.20609394837071515,0.3121546961325967,0.13954418232706933,0.19999999999999973,0.19999999999999973,0.23966942148760317,0.30793942175309774,0.26610395379831187,0.3255813953488371,0.3237343241987922,0.46153846153846123,0.5514425694066412,0.5438786565547127,0.6637478108581436,0.7137702946482261,0.587743732590529
BOOT-L,-0.034445640473627526,-0.017970401691331905,0.03222222222222215,-0.007478632478632452,0.08023255813953489,0.0461711711711712,0.06292906178489699,0.10859188544152754,0.191025641025641,0.28314917127071815,0.211212516297262,0.25540540540540535,0.13569682151589246,0.2639455782312925,0.3047752808988764,0.1612499999999999,0.08275058275058278,0.10595238095238102,0.06781609195402294,0.043234138124649046,0.1554726368159205,0.1412776412776413,0.29748603351955305,0.2622282608695652,0.1940874035989717,0.23866666666666658,0.37426035502958577,0.25540540540540535,0.29748603351955305,0.35029069767441867,0.4538341158059469,0.5179738562091503,0.7171903881700554,0.6355633802816902,0.7865384615384616,0.6768953068592058,0.7865384615384616,0.9850427350427351,0.7729007633587786,0.7462406015037595,0.6471631205673758,0.814453125,0.7203703703703703,0.7332089552238805,0.8432539682539681,0.9850427350427351,0.9354166666666666,0.9682203389830508,0.7397003745318351
IGC-L,0.0193965517241379,-0.07199999999999995,0.006507592190889477,-0.016949152542372836,0.0043290043290042934,-0.049180327868852514,-0.10424710424710426,-0.13432835820895528,-0.049180327868852514,-0.04132231404958675,0.09952606635071093,0.12077294685990347,0.11270983213429253,0.16304004711836173,0.2368838596338132,0.2636272944367064,0.375123820416416,0.5795341180458833,0.6939931121071792,0.7445600706775426,0.6697932105056481,0.812178678068145,0.6939931121071792,0.9480920789232559,0.9319921443867001,0.6939931121071792,0.6290665468347785,0.49374472505297584,0.5430432308303017,0.5902792481006172,0.3873652787584019,0.37918023286602187,0.39982664353766895,0.4795636042455109,0.4430311695727822,0.7316374034873387,0.7709927990211418,0.7316374034873387,0.8852503989579896,0.85532578945072,0.6290665468347785,0.6347625837118231,0.5481526455019254,0.6066738795243347,0.71890477552052,0.5795341180458833,0.40825933416139004,0.4211006046856578,0.291552759507131
MIGO-L,-0.0007898894154818592,-0.02390131071703927,-0.012480499219968744,-0.030627871362940318,-0.027649769585253448,-0.024653312788906034,-0.015552099533437058,-0.001577287066246047,0.004761904761904745,0.014423076923076872,0.04801324503311255,0.01768488745980701,0.020967741935483897,0.02759740259740262,0.029268292682926855,0.056761268781302165,0.05852842809364556,0.05852842809364556,0.0532445923460898,0.03431372549019618,0.030944625407166138,0.030944625407166138,0.046280991735537125,0.08020477815699656,0.0783645655877343,0.0783645655877343,0.13644524236983835,0.09326424870466332,0.10278745644599296,0.11052631578947358,0.10278745644599296,0.1374663072776281,0.20342205323193907,0.2220077220077219,0.2173076923076922,0.2220077220077219,0.23391812865497075,0.24361493123772093,0.2723618090452262,0.28658536585365857,0.24117647058823533,0.2220077220077219,0.2220077220077219,0.25346534653465347,0.27364185110663986,0.27620967741935476,0.28397565922920887,0.27364185110663986,0.19886363636363646
ASTO-L,-0.0078125,0.015873015873015817,0.02400000000000002,0.10344827586206895,0.10344827586206895,0.10344827586206895,0.09401709401709413,0.06666666666666665,0.06666666666666665,0.06666666666666665,0.06666666666666665,0.06666666666666665,0.06666666666666665,0.0847457627118644,0.2075471698113207,0.19626168224299056,0.17431192660550465,0.17431192660550465,0.1327433628318584,0.12280701754385959,0.0847457627118644,0.0847457627118644,0.07563025210084029,-0.051851851851851816,-0.06569343065693434,-0.06569343065693434,-0.05882352941176472,-0.09219858156028371,-0.1048951048951049,-0.09859154929577463,-0.07913669064748197,-0.05882352941176472,-0.07647907647907648,0.049180327868852514,0.049180327868852514,0.042769857433808456,0.12280701754385959,0.3913043478260869,0.5802469135802468,0.6710182767624022,0.7021276595744681,-0.8171428571428572,-0.8171428571428572,-0.8171428571428572,-0.8171428571428572,-0.8171428571428572,-0.8171428571428572,-0.8171428571428572,-0.827027027027027
CFYN-L,-0.08898305084745761,0.004255319148936065,0.01724137931034475,-0.05976095617529875,0.09259259259259256,0.08256880733944949,0.1132075471698113,0.04424778761061954,0.06306306306306309,0.12380952380952381,0.14563106796116498,0.06306306306306309,0.026086956521739202,-0.008403361344537785,-0.006734006734006703,-0.01666666666666672,0.06306306306306309,0.07762557077625565,0.04424778761061954,0.08256880733944949,0.09259259259259256,0.10280373831775691,0.16831683168316824,0.37209302325581395,0.4216867469879517,0.4842767295597483,0.5128205128205128,0.37209302325581395,0.4303030303030304,0.3111111111111111,0.5526315789473684,0.542483660130719,0.5128205128205128,0.4658385093167703,0.5128205128205128,0.5629139072847682,0.5225806451612902,0.5526315789473684,0.5526315789473684,0.5945945945945945,0.6164383561643836,0.6164383561643836,0.6857142857142857,0.4750000000000001,0.5225806451612902,0.5324675324675325,0.3258426966292134,0.3258426966292134,0.3111111111111111
BEG-L,0.10588235294117654,-0.05817174515235457,-0.01449275362318836,-0.05817174515235457,0.011904761904761862,-0.0449438202247191,-0.06077348066298338,-0.008746355685131157,-0.017341040462427793,-0.0633608815426997,-0.06849315068493156,-0.1478696741854637,-0.19047619047619047,-0.1826923076923077,-0.0957446808510638,-0.0449438202247191,-0.005847953216374324,-0.02857142857142858,0.017964071856287456,0.03658536585365857,0.024096385542168752,0.11475409836065564,0.1333333333333333,0.18055555555555558,0.14864864864864868,0.22743682310469304,0.39344262295081966,0.2927756653992395,0.25,0.17241379310344818,0.11842105263157898,0.22743682310469304,0.19718309859154926,0.25,0.28787878787878785,0.19718309859154926,0.15646258503401356,0.2592592592592593,0.49122807017543857,0.5315315315315314,0.45299145299145294,0.36546184738955834,0.1643835616438356,0.04938271604938271,0.4655172413793103,0.44067796610169485,0.6585365853658536,1.0238095238095237,0.18881118881118875
BAB-L,-0.024867724867724816,-0.051204819277108404,-0.13461538461538458,-0.16074600355239788,-0.05688622754491013,-0.044489383215369105,-0.04929577464788737,-0.06342913776015857,-0.1068052930056711,-0.16371681415929207,-0.13777372262773724,-0.12903225806451613,-0.15925266903914592,-0.125,-0.18814432989690721,-0.2279411764705882,-0.20920502092050208,-0.22725977237015782,-0.250496016977209,-0.21191860608633006,-0.2142296952180418,-0.174275272940993,-0.15340387383681586,-0.12004047970230614,-0.07604250368742149,-0.08938768417791754,-0.04644955896566627,-0.06800809067600777,-0.007601207664267529,-0.028294926815420562,-0.02387004032550899,0.022701045536823505,0.07663555572334624,0.08316391684951108,0.09422225188625943,0.1618327324906137,0.1311775152745025,0.22002355802230067,0.23978102454897754,0.27518226736774665,0.30945717253829086,0.29443320739443357,0.41677553962008074,0.4473878402735869,0.45426145959646,0.4722399666519108,0.5703892977620382,0.6068826022827452,0.6786071976861254
UBGU-L,0.02968750000000009,-0.0220048899755505,0.011058451816745585,-0.010819165378671003,0.032258064516129226,0.022037687639731685,0.025312399871835867,0.05610561056105601,0.05506099571381484,0.2075471698113207,0.2578616352201253,0.22137404580152653,0.1838697743248241,0.22230710466004577,0.19402985074626833,0.16660590594239855,0.19850187265917563,0.21673003802281365,0.15315315315315292,0.33333333333333326,0.35881104033970246,0.3646055437100215,0.4016644765659223,0.434977578475336,0.4115571239523599,0.3733905579399144,0.4222222222222223,0.415929203539823,0.4362657091561939,0.3502109704641352,0.4146772767462419,0.48560817084493957,0.625190452006094,0.7353579175704985,0.7611447440836541,0.7927170868347337,0.9024970273483948,0.8669778296382729,0.9219219219219219,0.9912881144990664,0.9058963668850497,0.859384079023823,0.9512195121951215,1.1993127147766325,1.2222222222222228,1.2377622377622375,1.106649111257406,1.361623616236162,1.2598870056497171
ASHM-L,-0.01434834595456358,-0.042000763650248074,-0.14688881332879977,-0.24245169082125595,-0.1937660668380462,-0.12791101842196728,-0.15974547890154056,-0.11779184247538665,-0.0849744711889131,-0.1494915254237288,-0.20876695048880478,-0.18802588996763747,-0.2904411764705883,-0.25082114063899663,-0.3204225352112676,-0.28963759909399767,-0.2829379822806516,-0.25703286941071957,-0.1814029363784665,-0.22370049504950495,-0.3724362181090546,-0.3566666666666667,-0.37540453074433655,-0.35847609307082595,-0.2631424375917768,-0.33128997867803833,-0.2637910798122066,-0.363036303630363,-0.3623888182973316,-0.29383619476498735,-0.30498614958448755,-0.29857422421023205,-0.3239019132309351,-0.2942334739803094,-0.3235373416015098,-0.2888321995464853,-0.23272171253822627,-0.24130631992742668,-0.289838664024908,-0.23319070904645467,-0.3438807531380753,-0.32860583355632855,-0.360764331210191,-0.3314681588062883,-0.2585697399527186,-0.2583505764114691,-0.24290887145443563,-0.22297925054196344,-0.38580171358629134
INSP-L,0.3076923076923077,-0.16666666666666663,-0.30107526881720437,-0.5112781954887218,-0.5185185185185186,-0.5185185185185186,-0.6012269938650306,-0.675,-0.6388888888888888,-0.7045454545454546,-0.7234042553191489,-0.7636363636363637,-0.7758620689655172,-0.7018348623853211,-0.7758620689655172,-0.7547169811320754,-0.7758620689655172,-0.7833333333333333,-0.8289473684210527,-0.8505747126436781,-0.8333333333333333,-0.8333333333333333,-0.8,-0.8375,-0.8470588235294118,-0.6976744186046511,-0.7450980392156863,-0.5666666666666667,-0.675,-0.7045454545454546,-0.717391304347826,-0.717391304347826,-0.7234042553191489,-0.8169014084507042,-0.821917808219178,-0.8761904761904762,-0.8916666666666666,-0.8916666666666666,-0.8916666666666666,-0.8916666666666666,-0.8916666666666666,-0.8761904761904762,-0.8761904761904762,-0.8761904761904762,-0.9037037037037037,-0.9037037037037037,-0.9161290322580645,-0.91875,-0.9212121212121211
FGP-L,-0.07476635514018692,-0.06875543951261975,-0.11716171617161719,-0.06468531468531469,0.07000000000000006,0.1013896037056099,0.0065851364063969076,0.05940594059405946,0.009433962264151052,-0.01382488479262678,-0.06631762652705053,-0.09322033898305082,-0.1581431943351691,-0.14673046251993627,-0.17501927525057814,-0.2368045649072753,-0.19790104947526244,-0.2302158273381295,-0.23734853884533147,-0.18816388467374823,-0.14944356120826707,-0.05809859154929575,-0.0791738382099828,-0.12295081967213117,-0.0885860306643953,0.036821705426356655,0.1013896037056099,0.05497255318332561,-0.37326367900665847,-0.3926951151503668,-0.3200073284144782,-0.3378477012310509,-0.37535180573057725,-0.28635896891785906,-0.3451168382434845,-0.45430941531806357,-0.46498742105175006,-0.4298931988878987,-0.4379503828008321,-0.36599717093717055,-0.34544346326181685,-0.4167173972621968,-0.5552741931006244,-0.5853441212764432,-0.618492483674402,-0.5916658817174683,-0.6042262194933483,-0.5812425474920048,-0.6454927454997144
INS-L,-0.04249999999999998,-0.019607843137254943,-0.019607843137254943,-0.0430622009569378,0.03896103896103886,0.04986876640419946,0.1049723756906078,0.2861736334405145,0.509433962264151,0.6129032258064515,0.4184397163120568,0.4285714285714286,0.23076923076923084,0.17647058823529416,0.11111111111111116,0.09589041095890405,0.11731843575418988,0.012658227848101333,0.14942528735632177,0.16959064327485374,0.26984126984126977,0.2232415902140672,0.20120120120120122,0.1799410029498525,0.26582278481012667,0.25,0.639344262295082,0.6666666666666667,0.8604651162790697,0.7241379310344827,0.5873015873015872,1.1621621621621623,1.2988505747126435,1.1857923497267762,0.8099547511312217,0.6326530612244898,0.35593220338983045,0.3114754098360655,0.26182965299684535,0.23076923076923084,0.23076923076923084,0.19760479041916157,0.19402985074626855,0.13636363636363646,-0.012345679012345734,-0.08466819221967958,-0.12472647702407003,-0.101123595505618,-0.101123595505618
DIVI-L,0.02785515320334242,-0.011019283746556363,0.02279202279202286,0.031609195402299006,0.10802469135802495,0.07485029940119747,0.10461538461538478,0.12715855572998458,0.09451219512195141,0.10122699386503053,0.10461538461538478,0.15806451612903238,0.10291858678955434,0.13968253968253985,0.09785932721712554,0.07004470938897178,0.04664723032069973,0.07485029940119747,0.019886363636363535,0.0813253012048194,0.10631741140215722,0.13249211356466883,0.13968253968253985,0.2294520547945207,0.24652777777777768,0.3007246376811594,0.36501901140684434,0.36242884250474416,0.39688715953307363,0.3754789272030652,0.4133858267716537,0.43600000000000017,0.5341880341880341,0.5676855895196509,0.6098654708520179,0.617117117117117,0.7054631828978624,0.7342995169082125,0.8316326530612248,0.8410256410256411,0.8040201005025125,0.7860696517412937,0.8131313131313136,0.9197860962566846,1.063218390804598,1.01685393258427,0.9249329758713138,0.8994708994708995,0.8894736842105264
ACCI-L,0.11111111111111116,0.02857142857142847,0.05882352941176472,0.3846153846153846,0.5652173913043479,0.7142857142857142,0.7142857142857142,0.7142857142857142,0.5,0.8,0.7142857142857142,0.43999999999999995,0.43999999999999995,0.43999999999999995,0.33333333333333326,0.19999999999999996,0.19999999999999996,0.5,0.5652173913043479,0.5,0.3846153846153846,0.6363636363636365,0.6363636363636365,0.8,0.5,0.6363636363636365,0.3846153846153846,0.43999999999999995,0.19999999999999996,0.3846153846153846,0.3846153846153846,0.19999999999999996,0.125,0.33333333333333326,0.5,0.5,0.43999999999999995,0.33333333333333326,0.33333333333333326,0.2857142857142858,0.09090909090909083,0.19999999999999996,0.43999999999999995,0.8,0.6363636363636365,1.0,0.5,0.6363636363636365,0.3846153846153846
TMTI-L,0.012968299711815456,0.0,0.0,-0.016997167138810276,0.0,0.0,0.04204204204204198,0.04204204204204198,0.038922155688622784,-0.07712765957446799,-0.07651363938789091,-0.13249999999999995,-0.09987029831387806,-0.11536010197578073,-0.11479591836734693,-0.12151898734177213,-0.007153075822603716,0.09463722397476348,0.11935483870967745,0.13398692810457513,0.09463722397476348,0.07430340557275539,0.08777429467084641,0.005797101449275255,0.029673590504450953,0.032738095238095344,0.051515151515151736,-0.008571428571428563,-0.03207810320781024,0.038922155688622784,0.03582089552238821,0.014619883040935644,0.054711246200607855,0.08099688473520272,0.10158730158730167,0.15282392026578084,0.21754385964912282,0.16442953020134232,0.1965517241379311,0.1965517241379311,0.1965517241379311,0.294776119402985,0.49568965517241415,0.3880000000000001,0.3880000000000001,0.4765957446808511,0.8263157894736843,0.7794871794871796,0.6523809523809523
HRI-L,0.020588235294117574,-0.07608695652173914,-0.06849315068493156,-0.06464924346629985,-0.021582733812949617,-0.03271692745376953,0.00591715976331364,0.004431314623338345,0.021021021021021102,0.024096385542168752,0.044546850998463894,0.027190332326284095,0.0062893081761006275,0.08280254777070062,0.02874432677760974,-0.010189228529839833,0.021788129226145703,-0.03409090909090906,-0.05882352941176472,-0.046951646811492664,-0.011627906976744207,-0.011627906976744207,0.035007610350076046,0.07171000788022064,0.14093959731543615,0.18881118881118875,0.23636363636363633,0.2477064220183487,0.2318840579710144,0.17039586919104988,0.1574468085106382,0.2592592592592593,0.2977099236641221,0.3682092555331993,0.31528046421663447,0.3102119460500963,0.36272545090180364,0.37679692245393803,0.38521083723772676,0.45922746781115875,0.32553606237816757,0.30019120458891013,0.29894937917860553,0.38605788830004073,0.45922746781115875,0.4977973568281939,0.5027624309392265,0.56645934116563,0.47090633787583824
GNC-L,-0.05352303523035229,-0.08037383177570101,-0.05957311245619612,-0.13734658094681473,-0.15123634272570452,-0.06876971608832794,-0.12247324613555288,-0.043111831442463555,0.008885850991114053,0.00819672131147553,0.14685314685314688,0.2857142857142856,0.09780587579025668,0.13016845329249627,0.06570397111913362,-0.004720161834120051,0.1110274745954083,0.05428571428571427,0.13233601841196796,0.19756592292089237,0.32853285328532844,0.510747185261003,0.5744,0.9421052631578948,0.9945945945945944,1.0081632653061225,1.154744525547445,1.2707692307692309,1.7588785046728974,1.6897494305239182,1.9893670886075951,1.624,1.8181384248210026,2.208695652173913,2.226229508196721,2.6900000000000004,2.736708860759494,2.784615384615385,2.909933774834437,2.989189189189189,3.1724381625441698,2.897029702970297,3.030034129692832,3.6125,4.597554285714286,3.9668439436619725,4.002069787234043,4.781080655737705,4.781080655737705
GLDP-L,0.5294117647058822,0.0,0.0,-0.10526315789473684,-0.10526315789473684,-0.15000000000000002,-0.31999999999999995,-0.3928571428571429,-0.34615384615384615,-0.4137931034482759,-0.4137931034482759,-0.43333333333333335,-0.46875,-0.46875,-0.43333333333333335,-0.5142857142857142,-0.48484848484848486,-0.6046511627906976,-0.575,-0.6666666666666667,-0.679245283018868,-0.6909090909090909,-0.7462686567164178,-0.734375,-0.7792207792207793,-0.75,-0.7166666666666667,-0.7792207792207793,-0.7926829268292683,-0.7875,-0.8111111111111111,-0.8152173913043479,-0.8365384615384616,-0.8380952380952381,-0.8482142857142857,-0.8661417322834646,-0.8583333333333334,-0.8282828282828283,-0.8333333333333334,-0.8172043010752688,-0.83,-0.8411214953271028,-0.8559322033898304,-0.8559322033898304,-0.7976190476190477,-0.8152173913043479,-0.8191489361702128,-0.8,-0.8229166666666666
AAEV-L,0.0,0.011173184357541999,0.03428571428571425,0.03428571428571425,0.03428571428571425,0.03428571428571425,0.02840909090909083,0.016853932584269593,0.016853932584269593,0.016853932584269593,0.016853932584269593,0.005555555555555536,0.005555555555555536,0.005555555555555536,0.005555555555555536,0.005555555555555536,0.005555555555555536,0.005555555555555536,0.005555555555555536,0.005555555555555536,0.02840909090909083,0.02840909090909083,0.02840909090909083,0.02840909090909083,0.02840909090909083,0.02840909090909083,0.02840909090909083,0.10365853658536595,0.10365853658536595,0.10030395136778125,0.1312500000000001,0.1312500000000001,0.1312500000000001,0.22711864406779658,0.24398625429553267,0.23339011925042596,0.23339011925042596,0.22504230118443314,0.35074626865671643,0.3457249070631969,0.2928571428571429,0.23549488054607504,0.22297297297297303,0.20666666666666678,0.20666666666666678,0.20666666666666678,0.20666666666666678,0.19078947368421062,0.19078947368421062
HSBA-L,0.008016032064128265,-0.1415792189919146,-0.1259414958836924,-0.20057673822492794,-0.22791273402444678,-0.13757345316280678,-0.14393549493909763,-0.18517308948399736,-0.184640522875817,-0.2016,-0.2052874661570313,-0.19580983078162773,-0.2293436293436294,-0.20705545844589224,-0.1658308258107657,-0.20389278876834716,-0.17846559104379323,-0.18597063621533438,-0.1985223257308063,-0.1971037811745776,-0.243595573745642,-0.2632511442492248,-0.2739706096318929,-0.25644464312323056,-0.27375927812545486,-0.33837178467250073,-0.28170433280552765,-0.30530419044967283,-0.29469964664310955,-0.2983689538807649,-0.31465458041477823,-0.3065591995553085,-0.2504130989935407,-0.21528542223620062,-0.2016,-0.1506382978723404,-0.09437386569872963,-0.07695153533111365,-0.12471496228731804,-0.008346581875993575,-0.11681415929203542,-0.10685519957043144,-0.12194263593172616,-0.07916589776711569,-0.011685482273717573,0.006657252370385391,-0.0627347858752817,0.023379819524200096,-0.07335190343546893
ARTL-L,-0.01683501683501687,0.024137931034482696,0.10000000000000009,0.13358778625954204,0.125,0.13793103448275867,0.06834532374100721,0.29130434782608705,0.36238532110091737,0.4278846153846154,0.5309278350515463,0.42105263157894735,0.36238532110091737,0.36238532110091737,0.377091521502519,0.4091169057235078,0.37396886499117543,0.3961296531361944,0.3897253886722669,0.45653910928151054,0.346489487691352,0.40259321634515843,0.4157015641614683,0.5110231158631131,0.5457149731150723,0.5536417165669445,0.5378687042160113,0.518597166569194,0.4778543157588009,0.44957002263423074,0.346489487691352,0.40259321634515843,0.3646852915790728,0.3646852915790728,0.30025808897233563,0.2891920626832094,0.28372938445150075,0.24163989643669748,0.22161344649417014,0.21184053892221688,0.06676103778364162,0.023513968684304887,0.006512075516791338,0.006512075516791338,-0.003420609438966493,-0.0227092428046638,-0.025851656814938173,-0.024282979933802906,0.008186804427801064
PCT-L,-0.028828828828828867,-0.06644238856181661,-0.05128205128205132,-0.08566721581548598,-0.054514480408858645,-0.032258064516129004,-0.049657534246575374,-0.03394255874673624,-0.04227782571182048,-0.011576135351736405,0.05313092979127143,0.11557788944723613,0.12667478684531064,0.1836212412028151,0.15625,0.18336886993603407,0.2528216704288939,0.15866388308977042,0.15625,0.1879280821917808,0.12530413625304138,0.17609663064208525,0.1871657754010696,0.24551166965888682,0.26915161216556127,0.26423690205011385,0.33702722235605864,0.3451284537081918,0.38749999999999996,0.32300357568533977,0.37037037037037046,0.4453125,0.4827678332888057,0.5032502708559048,0.48993288590604034,0.3979848866498741,0.4194373401534526,0.45326001571091923,0.5163934426229508,0.5722379603399435,0.41257317383558156,0.3976328380760512,0.43522110162917005,0.574468085106383,0.6818181818181819,0.6823279781752047,0.6063675832127351,0.7552182163187857,0.7182662538699691
BSC-L,0.0,-0.017857142857142794,-0.017857142857142794,-0.009009009009008917,-0.009009009009008917,-0.017857142857142794,-0.017857142857142794,-0.017857142857142794,-0.017857142857142794,-0.017857142857142794,-0.009009009009008917,-0.009009009009008917,-0.05982905982905984,-0.05982905982905984,-0.05982905982905984,-0.04347826086956519,-0.05982905982905984,-0.053763440860215006,-0.045553145336225564,-0.053763440860215006,-0.07563025210084029,-0.07563025210084029,-0.05579399141630892,-0.09090909090909083,-0.09090909090909083,-0.05982905982905984,-0.05982905982905984,-0.06976744186046513,-0.022222222222222143,-0.05982905982905984,-0.05579399141630892,-0.05579399141630892,-0.07563025210084029,-0.017857142857142794,-0.020044543429844075,-0.03508771929824561,-0.05982905982905984,-0.051724137931034475,-0.051724137931034475,-0.05982905982905984,-0.017857142857142794,-0.03508771929824561,-0.020044543429844075,-0.0022675736961450532,-0.03296703296703296,-0.03508771929824561,-0.015659955257270597,-0.03296703296703296,-0.026548672566371723
TPT-L,-0.06896551724137934,0.032362459546925626,0.10000000000000009,0.15162454873646203,0.3632478632478633,0.37796976241900637,0.3291666666666666,0.3073770491803278,0.3632478632478633,0.33194154488517746,0.5485436893203883,0.5753086419753086,0.3991228070175439,0.5299760191846523,0.5299760191846523,0.3459915611814346,0.24124513618677046,0.16849816849816857,0.14748201438848918,0.049342105263157965,0.32640332640332637,0.3431578947368421,0.7673130193905817,0.7921348314606742,0.9813664596273293,0.8125,1.2785714285714285,1.3199999999999998,1.3455882352941178,1.4921875,1.5934959349593494,1.8868778280542986,2.0970873786407767,2.238578680203046,2.393617021276596,2.357894736842105,2.393617021276596,2.6878612716763004,3.063694267515924,3.1836065573770496,3.102893890675241,3.1428571428571432,3.557142857142857,4.0236220472440944,5.018867924528302,5.645833333333333,3.984375,3.7969924812030076,3.945736434108527
AV-L,-0.041764329852972626,-0.09576107899807296,-0.060460460460460386,-0.0983669548511047,-0.10267686424474187,-0.14517304189435343,-0.12444029850746263,-0.11285444234404529,-0.031172584640792644,-0.060272326792150444,-0.09314009661835732,-0.08696498054474688,-0.09050387596899212,-0.049422726352035595,-0.09576107899807296,-0.1094876660341556,-0.10609523809523802,-0.04633204633204635,0.020439225918678305,0.07465079001602937,0.05626828719333776,0.10112623181604907,0.04801250558284953,0.1499632443028669,0.1978050025523228,0.24383779485820312,0.35128131298589116,0.4097326524481828,0.5133827797484685,0.5591362126245847,0.31640953716690046,0.27492529204020655,0.2288557213930349,0.33779931584948697,0.39631062183873844,0.44311193111931146,0.4325396825396828,0.5679919812896759,0.6600636717368238,0.8382295338817081,0.47811023622047255,0.40888622035424826,0.2581769436997319,0.3145658263305324,0.5046489259378009,0.5158268733850129,0.4743952246308514,0.6261261261261262,0.38070020594292475
CRU-L,0.0,-0.01538461538461533,0.06666666666666665,0.31958762886597936,0.33333333333333326,0.33333333333333326,0.5238095238095237,0.7777777777777777,0.18518518518518512,0.032258064516129004,0.049180327868852514,0.049180327868852514,0.10344827586206895,0.1428571428571428,0.16363636363636358,0.24271844660194164,0.06666666666666665,0.2549019607843137,0.18518518518518512,0.34736842105263155,0.5802469135802468,0.4065934065934067,0.29292929292929304,0.5058823529411764,0.5238095238095237,0.620253164556962,0.7297297297297298,0.7534246575342465,0.7534246575342465,0.4545454545454546,0.36170212765957444,0.0847457627118644,0.015873015873015817,-0.07246376811594202,0.24271844660194164,0.28,0.28,0.3913043478260869,0.4883720930232558,0.47126436781609193,0.4382022471910112,0.18518518518518512,0.1428571428571428,0.23076923076923084,0.12280701754385959,0.2549019607843137,0.36170212765957444,0.29292929292929304,0.4065934065934067
KLR-L,-0.11677715451300352,-0.07499999999999996,-0.05448408871745425,-0.0827876520112254,-0.02631578947368418,0.03976670201484622,-0.06885090218423551,0.08582502768549283,0.12830840046029923,0.18275030156815442,0.15761511216056667,0.12185354691075512,0.08103638368246968,0.12057142857142855,0.023486430062630514,0.022419186652763212,-0.019009504752376172,-0.1126696832579186,-0.15181660899653981,-0.1662414965986394,-0.1605308219178082,-0.04434697855750491,-0.06619047619047624,-0.05992329817833175,-0.11507220216606495,-0.11106074342701722,-0.012588116817724093,0.03866525423728806,0.13549507817023732,0.21124150710315015,0.31434316353887404,0.33948087431693996,0.4272197962154294,0.5084615384615385,0.5969055374592833,0.7587443946188341,0.913170731707317,1.1268980477223427,1.7445766270118965,1.527061855670103,1.1549450549450548,1.1788888888888889,1.3070588235294118,1.6863013698630138,2.6449814126394053,2.929859719438878,1.7619718309859156,1.9712121212121212,1.632214765100671
KRS-L,0.05555555555555558,-0.052631578947368474,-0.2500000000000001,-0.3076923076923077,-0.3076923076923077,-0.21739130434782605,-0.21739130434782605,-0.052631578947368474,-0.2500000000000001,-0.40000000000000013,-0.40000000000000013,-0.5714285714285714,-0.6538461538461539,-0.6170212765957447,-0.7142857142857143,-0.7428571428571429,-0.7049180327868853,-0.7428571428571429,-0.7567567567567568,-0.7692307692307693,-0.7777777777777778,-0.8269230769230769,-0.7428571428571429,-0.7692307692307693,-0.7391304347826086,-0.6949152542372881,-0.7096774193548387,-0.6470588235294117,-0.64,-0.6896551724137931,-0.7352941176470589,-0.7329376854599406,-0.75,-0.7313432835820896,-0.75,-0.7906976744186047,-0.76,-0.7534246575342466,-0.8,-0.8163265306122449,-0.8656716417910448,-0.8686131386861314,-0.8604651162790697,-0.775,-0.788235294117647,-0.8105263157894737,-0.8285714285714285,-0.8363636363636364,-0.8615384615384616
DNA2_p-L,0.009029345372460584,-0.04112554112554112,-0.08091286307053946,-0.11222444889779559,-0.08091286307053946,-0.09034907597535935,-0.06736842105263163,0.03023255813953485,0.013729977116704761,-0.014460511679644017,-0.024229074889867808,-0.05189941144997323,-0.05543710021321957,-0.043196544276457916,-0.0604453870625663,-0.07515657620041749,-0.08091286307053946,-0.028508771929824595,-0.03063457330415753,-0.02637362637362639,-0.06785902156759605,-0.09221311475409832,-0.10505050505050506,-0.11752988047808766,-0.11044176706827313,-0.09775967413441955,-0.057446808510638325,-0.07127882599580715,-0.09499489274770179,-0.10050761421319798,-0.06144067796610164,-0.057446808510638325,-0.04935622317596566,-0.03275109170305679,-0.013363028953229383,-0.0177383592017738,-0.019911504424778736,-0.0390455531453362,-0.013363028953229383,-0.008948545861297563,0.03263403263403264,0.0045351473922903285,-0.011160714285714302,-0.008948545861297563,-0.019911504424778736,-0.015555555555555545,-0.02207505518763797,-0.019911504424778736,-0.011160714285714302
ECORE-L,-0.0892857142857143,0.009009009009008917,-0.0117647058823529,-0.1063829787234043,-0.10399999999999998,-0.0117647058823529,-0.07692307692307687,0.035278740712821666,-0.17328469491621756,-0.18903165310828962,-0.3851864518149488,-0.3462443268819225,-0.4775970771556467,-0.540961313080164,-0.5202722455006783,-0.5372191498715784,-0.5446434415848684,-0.5282455599798914,-0.563324736289079,-0.5229597959460528,-0.5415791309629632,-0.5710243001328484,-0.6151336658819002,-0.5649978215906535,-0.5710243001328484,-0.5470655509381405,-0.5034887672091569,-0.6452013482348766,-0.6111795597094539,-0.6380375072321802,-0.6895107514179413,-0.6945231339062616,-0.6875167837664968,-0.6503011235169216,-0.6566464660337517,-0.7048468754813533,-0.6425952720938948,-0.6232226706919044,-0.6517313847704311,-0.6384217561629317,-0.7307031106147073,-0.721544550609452,-0.7427441799890344,-0.713294018775658,-0.6880890973493422,-0.6752415086818093,-0.6856711833753061,-0.6559528225307896,-0.7133905202839799
SHEL-L,-0.031135531135531136,-0.10589519650655022,-0.09176601053507072,-0.14798439531859553,-0.2048543689320388,-0.1935007385524372,-0.21626794258373205,-0.20831319478008703,-0.24446494464944646,-0.2277227722772277,-0.25409836065573765,-0.29729729729729726,-0.3322462291072157,-0.32089552238805974,-0.32439678284182305,-0.30490133672819864,-0.29805013927576607,-0.25865580448065173,-0.24061196105702365,-0.21813842482100243,-0.24008350730688932,-0.19528371407516576,-0.21907032181168062,-0.18910891089108905,-0.21060240963855426,-0.23206751054852326,-0.22185273159144892,-0.24741557546519644,-0.2529076396807297,-0.23831667054173444,-0.2520547945205479,-0.272,-0.22863197551212622,-0.21325648414985587,-0.247588424437299,-0.24184216616523957,-0.2643161913316865,-0.2551159618008185,-0.24149108589951374,-0.17439516129032262,-0.2599954822679015,-0.26182965299684546,-0.2861189801699717,-0.27793696275071633,-0.31176470588235294,-0.25764785859959216,-0.24810649529492768,-0.16683621566632756,-0.21060240963855426
BTW_pa-L,0.0,-0.028380634390651083,-0.03482587064676612,-0.07911392405063289,-0.06730769230769229,-0.06430868167202575,-0.06430868167202575,-0.0658105939004815,-0.03642384105960261,-0.030000000000000027,-0.02020202020202022,-0.010204081632653073,-0.007672634271099765,-0.03322259136212624,-0.023489932885906062,-0.021848739495798353,-0.00512820512820511,-0.003424657534246589,-0.0068259385665528916,-0.030000000000000027,-0.026755852842809347,-0.0068259385665528916,0.008665511265164572,0.02284710017574687,0.028268551236749095,0.006920415224913601,0.006920415224913601,-0.010204081632653073,-0.011884550084889645,0.008665511265164572,0.021052631578947434,0.03743315508021383,0.043010752688172005,0.05054151624548742,0.060109289617486406,0.06593406593406592,0.06985294117647056,0.041144901610017826,0.044883303411131115,0.04770477047704769,0.06593406593406592,0.07380073800738018,0.09398496240601495,0.08178438661710041,0.0848089468779123,0.08077994428969348,0.10227272727272729,0.10227272727272729,0.09501411100658519
BZT-L,0.0,-0.050000000000000044,-0.24,-0.20833333333333337,-0.13636363636363635,0.0,-0.3214285714285714,-0.4242424242424242,-0.5,-0.5,-0.40625,-0.5365853658536586,-0.6122448979591837,-0.6779661016949152,-0.7466666666666666,-0.759493670886076,-0.7532467532467533,-0.6885245901639344,-0.7738095238095238,-0.7816091954022988,-0.8602941176470589,-0.8602941176470589,-0.8661971830985915,-0.8642857142857143,-0.879746835443038,-0.8707482993197279,-0.8515625,-0.8848484848484849,-0.8824763338362593,-0.8893894906694206,-0.8649984552785749,-0.862171197797498,-0.8696767266303075,-0.8670439332288995,-0.8824763338362593,-0.8792417375198261,-0.8884521134717038,-0.8592229881247172,-0.8545563468470835,-0.8592229881247172,-0.8670439332288995,-0.8803395399060095,-0.8845381525408864,-0.8934198331146644,-0.8656872386700107,-0.8683734938966106,-0.8938495918521052,-0.9073052773919792,-0.9142498331574009
UFO-L,-0.28409090909090906,-0.56,-0.5849056603773585,-0.639344262295082,-0.6206896551724138,-0.6140350877192983,-0.639344262295082,-0.6666666666666667,-0.7027027027027026,-0.6944444444444444,-0.6451612903225806,-0.6206896551724138,-0.7066666666666667,-0.6965517241379311,-0.7152103559870551,-0.65625,-0.6944444444444444,-0.7317073170731707,-0.7977011494252874,-0.5510204081632653,-0.5083798882681565,-0.544041450777202,-0.6965517241379311,-0.7411764705882353,-0.84,-0.7555555555555555,-0.7621621621621621,-0.8044444444444444,-0.8533333333333333,-0.8964705882352941,-0.9111111111111111,-0.9221238938053098,-0.9284552845528455,-0.9348148148148148,-0.9348148148148148,-0.9497142857142857,-0.9388888888888889,-0.8964705882352941,-0.9266666666666666,-0.9343283582089552,-0.9534391534391534,-0.950561797752809,-0.9601809954751132,-0.950561797752809,-0.9333333333333333,-0.9453416149068323,-0.9482352941176471,-0.9371428571428572,-0.9596330275229358
OTV2-L,0.00136986301369868,0.0,-0.02144772117962479,-0.006802721088435493,-0.01749663526244949,-0.012178619756427533,-0.01749663526244949,-0.01749663526244949,-0.01749663526244949,-0.02144772117962479,0.03693181818181812,0.03988603988603989,0.08308605341246289,0.067251461988304,0.067251461988304,0.054913294797687806,0.054913294797687806,0.054913294797687806,0.031073446327683607,0.0,0.015299026425591222,0.119631901840491,0.10606060606060619,0.10606060606060619,0.10606060606060619,0.11620795107033643,0.11620795107033643,0.0798816568047338,0.0798816568047338,0.0798816568047338,0.09281437125748493,0.09281437125748493,0.22483211612090326,0.6508606782499133,0.7428758635949906,0.6457496544782417,0.6457496544782417,0.6256181602338595,0.630604719007583,0.6059732277839036,0.6011359590255183,0.630604719007583,0.6011359590255183,0.6011359590255183,0.6011359590255183,0.6011359590255183,0.6011359590255183,0.6011359590255183,0.6011359590255183
AZN-L,0.03161026403867617,-0.07105020727775224,-0.02111394248270837,-0.07626245276537269,-0.09593186148156452,-0.13080487016485287,-0.09875991509328563,-0.13850918410935498,-0.11932314410480349,-0.14363057324840767,-0.10773144563654458,-0.07499140006879945,-0.11884216275259418,-0.0703007952057163,-0.0768966700995537,-0.0771078823933189,-0.16230529595015575,0.0277742387565294,0.009889834752128124,0.04170971074380159,0.13364249578414844,0.14914529914529906,0.22524301336573505,0.25595516113965444,0.2673998428908091,0.20980803839232154,0.2800698191050459,0.20277322200685854,0.20980803839232154,0.20763473053892212,0.3389211618257262,0.3144859051653903,0.35853822835971716,0.3539778449144009,0.39326424870466314,0.37897435897435905,0.3689122687934838,0.328995057660626,0.39954892435808476,0.5561342592592593,0.4785557184750733,0.4277876106194691,0.4290522586359611,0.3055510600420781,0.32245901639344265,0.3851304945054945,0.36266891891891895,0.40736217725052337,0.3832304526748971
TOME-L,-0.02777777777777779,-0.4,0.125,0.09090909090909083,-0.12195121951219512,-0.18181818181818177,-0.23404255319148937,-0.4461538461538461,-0.55,-0.6210526315789473,-0.6538461538461539,-0.6923076923076923,-0.8371040723981901,-0.8565737051792828,-0.8571428571428572,-0.8718861209964412,-0.8661710037174721,-0.8714285714285714,-0.8690909090909091,-0.8530612244897959,-0.8838709677419355,-0.856,-0.8758620689655172,-0.8875,-0.8736842105263158,-0.8105263157894737,-0.817258883248731,-0.834862385321101,-0.8518518518518519,-0.8709677419354839,-0.8871473354231975,-0.8902439024390244,-0.856,-0.8385650224215246,-0.8599221789883268,-0.8787878787878788,-0.8803986710963455,-0.88,-0.9,-0.88,-0.8941176470588236,-0.9225806451612903,-0.9142857142857143,-0.9013698630136986,-0.9191011235955057,-0.9181818181818182,-0.9027027027027027,-0.7677419354838709,-0.8105263157894737
SPSY-L,-0.0337078651685393,-0.07772020725388606,-0.05319148936170215,-0.048128342245989275,0.011363636363636465,0.011363636363636465,0.18666666666666676,0.23611111111111116,0.17105263157894735,0.17105263157894735,0.09876543209876543,-0.23275862068965514,-0.2764227642276422,-0.2192982456140351,-0.2457627118644068,-0.14423076923076927,-0.03260869565217395,0.23611111111111116,0.3088235294117647,0.18666666666666676,-0.12745098039215685,-0.2053571428571429,-0.14423076923076927,-0.2583333333333333,-0.2583333333333333,-0.011111111111111072,-0.011111111111111072,-0.011111111111111072,-0.011111111111111072,-0.011111111111111072,-0.19090909090909092,-0.3257575757575758,-0.3986486486486487,-0.3986486486486487,-0.43670886075949367,-0.05319148936170215,0.11250000000000004,0.11250000000000004,0.17105263157894735,-0.644,-0.644,-0.7775,-0.7775,-0.7775,-0.7775,-0.7775,-0.7775,-0.7775,-0.7775
TV1-L,-0.002808988764044895,-0.004195804195804231,-0.03653585926928282,0.0099290780141843,0.0099290780141843,-0.006973500697350032,-0.0028011204481792618,-0.005586592178770999,-0.023319615912208547,-0.02997275204359673,0.03039073806078152,-0.023319615912208547,-0.028649386084583894,-0.040431266846361225,-0.03653585926928282,-0.03913630229419707,-0.03913630229419707,-0.03913630229419707,-0.040431266846361225,-0.06068601583113453,-0.06561679790026242,-0.06315789473684208,0.2412123105424293,0.3794995516626458,0.07554202333019844,0.057616322941361764,0.19730149766946603,0.19730149766946603,0.19730149766946603,0.09408585131865,0.09408585131865,0.07554202333019844,0.07554202333019844,0.07554202333019844,0.13316034600860194,0.023499667362608223,0.023499667362608223,-0.023738778823358397,0.057616322941361764,0.057616322941361764,0.057616322941361764,0.023499667362608223,0.04027835043412642,-0.00848469724247336,-0.023738778823358397,0.07554202333019844,0.057616322941361764,-0.00848469724247336,-0.05989660182990075
ACPA-L,-0.030303030303030276,0.06451612903225801,-0.2142857142857143,0.07843137254901955,0.22222222222222232,0.17021276595744683,-0.38888888888888884,-0.42105263157894735,-0.5769230769230769,-0.5925925925925926,-0.6666666666666667,-0.7027027027027026,-0.7027027027027026,-0.6666666666666667,-0.6764705882352942,-0.7027027027027026,-0.7317073170731707,-0.7962962962962963,-0.828125,-0.8333333333333334,-0.8493150684931507,-0.8877551020408163,-0.7924528301886793,-0.7708333333333334,-0.78,-0.65625,-0.6944444444444444,-0.725,-0.75,-0.7380952380952381,-0.7608695652173914,-0.7884615384615384,-0.8225806451612903,-0.8333333333333334,-0.8428571428571429,-0.872093023255814,-0.7105263157894737,-0.78,-0.828125,-0.8428571428571429,-0.8382352941176471,-0.8428571428571429,-0.858974358974359,-0.858974358974359,-0.8804347826086957,-0.875,-0.89,-0.892156862745098,-0.9276315789473684
KIE-L,-0.09765886287625414,0.043994413407821176,0.052816901408450745,0.09926470588235303,0.1700374172878929,0.18410748749578532,0.0672503310001944,0.18186344298379065,0.25563075855257766,0.34306520476908875,0.2531077228689491,0.1584457153209542,0.0883594125906575,0.08331779400309247,0.04929323064685409,0.08206467914594606,0.1250089177650875,0.10507373316204394,0.010745451238973969,0.00047584504991471377,0.024583696737864535,0.05999423809820992,0.02234416953188001,0.105726850025615,0.22200511446331883,0.2581639746088369,0.6311158066637668,0.5051406518450046,0.6045367326272217,0.5774787776082131,0.45935244168747325,0.3656130147761609,0.43583256350218025,0.5828171152650936,0.4525542160274383,0.4469372236994127,0.4130587841717075,0.48719382372284636,0.4860125736642895,0.6072936685939352,0.5708562806409243,0.6454615921225513,0.5015167176912847,0.34499628342440025,0.33159418522657713,0.30375597926365194,0.3586709006850697,0.4860125736642895,0.5148905508043242
SBRY-L,0.07608238755779739,-0.09681093394077456,-0.10327930644553351,-0.040725806451612945,-0.12440191387559807,-0.07826423866718335,-0.12536764705882364,-0.10998877665544338,-0.02259654889071483,0.02631578947368407,-0.027391659852820993,0.016666666666666607,-0.17823834196891197,-0.23480218719845602,-0.24259789875835724,-0.2984370392214687,-0.26822516148877285,-0.23134087237479806,-0.2944839857651246,-0.31143270622286545,-0.3524768644529124,-0.40045362903225823,-0.39603960396039595,-0.3903126601742697,-0.38527131782945734,-0.39817859853275994,-0.3369565217391305,-0.35962314939434725,-0.3772251308900524,-0.3828793774319066,-0.30621172353455817,-0.28601440576230497,-0.2919642857142858,-0.2934362934362935,-0.3283455674760023,-0.31203007518797,-0.2762397322786736,-0.263239393000929,-0.2187192118226602,-0.1699232379623168,-0.23059508408796892,-0.24235668789808917,-0.19817997977755297,-0.1908163265306123,-0.23332259104092812,-0.2153693931398417,-0.1805029280055116,-0.1536819637139809,-0.21277299801455984
AGY-L,0.054455445544554504,-0.08181818181818179,0.07446808510638303,0.18128654970760238,0.1477272727272727,0.17441860465116288,0.0,0.05208333333333326,0.030612244897959107,0.1348314606741574,0.3116883116883118,0.07446808510638303,0.06315789473684208,0.2546583850931676,0.6974789915966386,0.3835616438356164,0.37414965986394555,0.20958083832335328,0.3202614379084967,1.5569620253164556,2.15625,2.3114754098360657,2.4827586206896552,1.8857142857142857,1.5897435897435899,1.927536231884058,1.5569620253164556,1.525,1.4047619047619047,1.2954545454545454,1.4938271604938271,1.3218390804597702,1.2197802197802199,0.9803921568627452,1.02,1.1041666666666665,0.9803921568627452,2.3114754098360657,2.2580645161290325,2.0606060606060606,1.7297297297297298,1.5569620253164556,1.2696629213483148,1.1263157894736842,1.4634146341463414,1.4047619047619047,1.2696629213483148,1.3488372093023258,1.5897435897435899
KBT-L,0.10147601476014745,-0.0018416206261510082,0.11522633744855981,0.04431599229287109,0.19120879120879142,0.1991150442477878,0.1938325991189429,0.2017738359201775,0.20982142857142883,0.18082788671023975,0.23744292237442943,0.19120879120879142,0.266355140186916,0.2604651162790699,0.2935560859188546,0.2874109263657958,0.19646799116997804,0.2904761904761908,0.49723756906077377,0.5354107648725215,0.963768115942029,0.888501742160279,0.8561643835616441,0.8310810810810811,1.1680000000000001,1.4414414414414418,1.6831683168316833,1.4088888888888889,1.6057692307692313,1.7794871794871798,1.5446009389671365,1.5566037735849063,0.8561643835616441,0.7887788778877891,0.726114649681529,0.726114649681529,0.4453333333333336,0.7044025157232705,0.5941176470588236,0.5941176470588236,0.47282608695652195,0.3897435897435899,0.4414893617021278,0.637462235649547,0.652439024390244,0.720634920634921,0.6832298136645962,0.6676923076923076,0.50974930362117
BRLA-L,-0.03076256499133445,-0.0927672955974842,-0.1803977272727273,-0.20741758241758246,-0.25064935064935057,-0.23576158940397351,-0.2496749024707411,-0.25064935064935057,-0.27694235588972427,-0.3183697578263438,-0.3480225988700565,-0.33256217466743776,-0.4228557139284821,-0.3772261198057204,-0.3650618982118293,-0.3524130190796857,-0.3480225988700565,-0.3323691061614116,-0.2816682228446934,-0.26730158730158715,-0.3348703170028817,-0.34728506787330304,-0.38486140724946694,-0.3592448639644642,-0.34506242905788864,-0.3838761345435131,-0.39517819706498947,-0.450999048525214,-0.48251121076233183,-0.4920774647887324,-0.49297012302284704,-0.49978326831382747,-0.46869244935543275,-0.4177598385469222,-0.4398058252427184,-0.438715953307393,-0.4241516966067864,-0.438988818667963,-0.42357642357642344,-0.42357642357642344,-0.4902826855123674,-0.5155331654072208,-0.5378454144973968,-0.5191666666666666,-0.46474953617810755,-0.46074766355140173,-0.47830018083182635,-0.434313725490196,-0.5262725779967159
SEED-L,-0.23076923076923073,-0.14754098360655743,-0.16129032258064513,0.15555555555555545,0.1063829787234043,-0.0714285714285714,-0.21212121212121215,0.2682926829268293,0.48571428571428577,0.4054054054054055,-0.1875,-0.2777777777777778,-0.2777777777777778,-0.2777777777777778,-0.2777777777777778,-0.2777777777777778,-0.2777777777777778,-0.38095238095238093,-0.40909090909090906,-0.48,-0.5,-0.44680851063829785,-0.5272727272727273,-0.1333333333333333,-0.1875,-0.1875,-0.1333333333333333,-0.23529411764705888,-0.21212121212121215,-0.16129032258064513,-0.1875,-0.1875,0.0,0.18181818181818188,0.18181818181818188,0.30000000000000004,-0.1333333333333333,0.040000000000000036,0.23809523809523814,0.0,0.014185411348532018,-0.0069434513878958715,-0.1333324666658,-0.1333324666658,-0.16374185380033335,-0.23118202688095157,-0.3190469380945572,-0.43921512548963537,-0.47036984074021115
RCH-L,0.08990825688073412,-0.09166666666666679,-0.09166666666666679,-0.1349206349206351,-0.26549865229110514,-0.2635135135135136,-0.32044887780548637,-0.2280453257790369,-0.15634674922600633,-0.05217391304347829,-0.1949778434268834,-0.2124277456647401,-0.3633177570093459,-0.31186868686868696,-0.09468438538205992,-0.14843750000000022,-0.20321637426900596,-0.2635135135135136,-0.3876404494382023,-0.22364672364672367,-0.33939393939393947,-0.2645074224021593,0.05620155038759678,0.12603305785123964,0.13541666666666652,0.18221258134490226,0.21111111111111103,0.20575221238938046,0.5395480225988698,0.44562334217506616,0.20309050772626902,0.38676844783715003,0.43799472295514486,0.5616045845272204,1.2614107883817427,1.5348837209302322,2.3030303030303023,3.39516129032258,4.240384615384615,4.240384615384615,3.1923076923076916,2.633333333333333,1.994505494505494,1.9144385026737964,1.7948717948717943,1.8989361702127656,1.838541666666666,2.3641975308641974,2.0277777777777777
BRH-L,0.0,-0.18918918918918914,-0.18918918918918914,-0.21052631578947367,-0.23076923076923084,-0.3749999999999999,-0.48275862068965514,-0.48275862068965514,-0.5,-0.5,-0.4736842105263157,-0.5238095238095237,-0.48275862068965514,-0.4,-0.34782608695652173,-0.3181818181818181,-0.34782608695652173,-0.34782608695652173,-0.3749999999999999,-0.3181818181818181,-0.34782608695652173,-0.5161290322580645,-0.5238095238095237,-0.53125,-0.3749999999999999,-0.21052631578947367,-0.21052631578947367,-0.21052631578947367,-0.3181818181818181,-0.3023255813953487,-0.4444444444444444,-0.4642857142857143,-0.4642857142857143,-0.5161290322580645,-0.5238095238095237,-0.5238095238095237,-0.5238095238095237,-0.5081967213114754,-0.5081967213114754,-0.5,-0.3749999999999999,-0.36170212765957444,-0.3181818181818181,-0.5161290322580645,-0.5454545454545454,-0.6341463414634146,-0.6341463414634146,-0.625,-0.6590909090909091
BARV-L,-0.03295310519645123,0.03407601572739183,0.03407601572739183,0.05340453938584777,0.04503311258278142,0.04641909814323597,0.049202127659574435,0.07493188010899177,0.07493188010899177,0.0720108695652173,0.0720108695652173,0.057640750670241214,0.008951406649616356,0.008951406649616356,0.008951406649616356,0.008951406649616356,0.030026109660574507,0.030026109660574507,0.05481283422459904,-0.0012658227848101333,-0.0012658227848101333,0.003816793893129722,0.04641909814323597,0.04641909814323597,0.005095541401273884,0.012836970474968012,0.012836970474968012,0.00766283524904221,-0.006297229219143552,-0.008793969849246186,-0.0037878787878787845,0.02734375,0.024675324675324628,0.03543307086614167,0.12073863636363646,0.09583333333333344,0.10659186535764387,0.1303724928366763,0.1303724928366763,0.1081460674157304,0.12233285917496439,0.1287553648068669,0.1401734104046244,0.16029411764705892,0.15859030837004395,0.15182481751824817,0.1451378809869377,0.14347826086956528,0.0720108695652173
DSCV-L,-0.1428571428571429,-0.0457190357439734,-0.09606299212598424,-0.04013377926421402,-0.020477815699658675,0.10384615384615392,0.10384615384615392,0.11348205625606211,0.22127659574468095,0.3932038834951457,0.37238493723849375,0.17622950819672134,0.22127659574468095,0.33488372093023266,0.20398531725222857,0.13962337615482068,0.08932275817281465,0.24175943345171502,0.23786677065092587,0.21128680931793054,0.20115437212971976,0.12022553145431303,0.1648362827069183,0.43592545395507387,0.46251666606535324,0.5987024284924913,0.713143166323841,0.7949068174438425,0.8803785706554541,0.7168673905984582,0.8155379302880246,0.9018880184835418,0.994340908270936,1.3092368411558208,1.2759625350872934,1.1756446272046577,1.2436335218048034,1.0526549699162855,1.206030725349974,1.025023076090489,0.950022221420471,0.8366488364541647,1.134483782906191,1.2958110455677057,1.26291976984324,1.0948514580246438,0.6911327616173251,0.7949068174438425,0.5954727266167488
NETC-L,0.125,-0.035175879396984966,-0.11520737327188935,-0.06341463414634141,-0.1428571428571429,-0.12727272727272732,-0.189873417721519,-0.3167259786476868,-0.2992700729927007,-0.21632653061224494,-0.1541850220264317,-0.25,-0.21632653061224494,-0.22267206477732793,-0.21311475409836067,-0.19665271966527198,-0.18644067796610164,-0.1541850220264317,0.0,-0.18297872340425536,-0.1724137931034483,0.037837837837837895,0.09090909090909083,0.15662650602409633,0.15662650602409633,0.15662650602409633,0.21518987341772156,0.29729729729729737,0.28,0.2387096774193549,0.2715231788079471,0.4065934065934067,0.6842105263157894,0.6551724137931034,0.6271186440677967,0.641025641025641,0.9199999999999999,0.8461538461538463,0.7454545454545454,0.9199999999999999,0.9009900990099009,0.9591836734693877,1.098360655737705,1.2325581395348837,1.7428571428571429,1.7826086956521738,1.526315789473684,1.7234042553191489,2.0476190476190474
CNSP-L,0.25,0.0,-0.2222222222222222,-0.2075471698113207,-0.23636363636363633,-0.08695652173913049,-0.1923076923076924,-0.29999999999999993,-0.32258064516129037,-0.2075471698113207,-0.46153846153846156,-0.5,-0.5227272727272727,-0.5434782608695652,-0.5800000000000001,-0.5116279069767442,-0.34375,-0.37313432835820903,-0.3538461538461538,-0.3777777777777779,-0.41666666666666663,-0.43243243243243246,-0.4878048780487805,-0.3913043478260869,-0.17647058823529416,-0.26315789473684215,-0.25,-0.288135593220339,-0.3114754098360656,-0.36363636363636365,-0.36363636363636365,-0.4683544303797468,-0.6557377049180328,-0.6818181818181819,-0.6865671641791045,-0.6865671641791045,-0.7529411764705882,-0.7741935483870968,-0.78125,-0.7878787878787878,-0.7857142857142857,-0.8235294117647058,-0.7835051546391752,-0.7529411764705882,-0.7692307692307692,-0.7640449438202247,-0.7586206896551724,-0.7375,-0.7162162162162162
LTGL-L,-0.030303030303030276,0.07608695652173902,0.06451612903225801,0.03125,0.020618556701030855,0.125,0.16470588235294126,0.20731707317073167,0.16470588235294126,0.15116279069767447,0.4042553191489362,0.41428571428571437,0.41428571428571437,0.30263157894736836,0.30263157894736836,0.26923076923076916,0.2857142857142858,0.32000000000000006,0.6779661016949152,0.736842105263158,1.020408163265306,0.98,0.8,1.75,1.6052631578947367,1.6052631578947367,1.6052631578947367,1.152173913043478,0.546875,0.30263157894736836,-0.02941176470588236,-0.1610169491525424,-0.26119402985074625,-0.28260869565217395,-0.28260869565217395,-0.28260869565217395,-0.33999999999999997,-0.33999999999999997,-0.33999999999999997,-0.33999999999999997,-0.33999999999999997,-0.3653846153846154,-0.3653846153846154,-0.3653846153846154,-0.38888888888888884,-0.41420118343195267,-0.4560439560439561,-0.4560439560439561,-0.467741935483871
ORCP-L,-0.1166666666666667,0.13207547169811318,-0.1428571428571429,-0.18918918918918926,0.016949152542372836,0.6216216216216215,0.8181818181818183,0.8181818181818183,2.333333333333333,0.25,0.17647058823529416,0.0714285714285714,0.016949152542372836,0.016949152542372836,0.0,-0.10447761194029848,-0.11764705882352944,-0.21052631578947367,-0.3548387096774194,-0.375,-0.2857142857142857,-0.36170212765957455,-0.19999999999999996,-0.3258426966292135,-0.07692307692307687,-0.07692307692307687,-0.04761904761904756,-0.09090909090909083,-0.16666666666666674,-0.17808219178082185,-0.22077922077922074,-0.368421052631579,-0.25,-0.2941176470588235,-0.2941176470588235,-0.4285714285714286,-0.4,-0.4545454545454546,-0.5384615384615384,-0.625,-0.7,-0.7333333333333334,-0.76,-0.7735849056603774,-0.75,-0.8032786885245902,-0.7894736842105263,-0.7931034482758621,-0.8032786885245902
GMAA-L,-0.011199999999999988,0.016260162601626105,0.024590163934426146,0.05752961082910324,0.15740740740740744,0.179245283018868,0.06292517006802711,0.0032102728731941976,-0.07132243684992567,-0.035493827160493874,-0.08759124087591241,0.08131487889273359,0.14678899082568808,0.188212927756654,0.1617100371747211,0.179245283018868,0.3950892857142858,0.19047619047619047,0.2376237623762376,0.29668049792531126,0.3048016701461378,0.3827433628318584,0.8221574344023324,0.8328445747800586,0.8115942028985508,0.8656716417910448,0.7361111111111112,0.6846361185983827,0.644736842105263,0.5984654731457801,0.6108247422680413,0.48104265402843605,0.513317191283293,0.5625,1.2084805653710249,1.2706630336058131,1.8538812785388128,2.4722222222222223,2.5112359550561796,2.5714285714285716,2.1565656565656566,1.9069767441860463,1.8153153153153152,1.828054298642534,1.8538812785388128,1.8538812785388128,1.8935185185185186,1.8935185185185186,1.7292576419213974
MAIH-L,0.12955465587044523,-0.0985401459854015,-0.10507246376811596,-0.06083650190114065,-0.027559055118110187,-0.06792452830188678,-0.03891050583657585,0.029166666666666563,-0.08518518518518514,-0.04633204633204635,0.1542056074766356,0.1875,0.2251984126984128,0.2412060301507537,0.17956064947468953,0.16509433962264142,0.15962441314554,0.09777777777777774,0.1435185185185186,0.15962441314554,0.051063829787234116,0.293193717277487,0.5534591194968554,0.6577181208053691,0.8999999999999999,0.8296296296296297,0.802919708029197,0.7898550724637681,0.7898550724637681,0.7769784172661871,0.7898550724637681,0.7898550724637681,0.802919708029197,0.8432835820895523,0.7769784172661871,0.7642857142857142,0.6038961038961039,0.7272727272727273,0.8161764705882353,0.8571428571428572,0.43271461716937365,0.5833333333333333,0.7152777777777777,0.75177304964539,1.0413223140495869,1.4455445544554455,1.4949494949494948,1.8068181818181817,2.0121951219512195
PGH-L,0.004878048780487809,-0.028436018957345932,-0.03301886792452835,-0.019138755980861233,-0.06818181818181823,-0.07657657657657657,-0.08071748878923768,-0.004854368932038833,0.09625668449197855,0.05670103092783507,0.04591836734693877,-0.03755868544600938,-0.05092592592592593,-0.059633027522935755,-0.09292035398230092,-0.027975343764817473,0.04591836734693877,0.04805725971370145,0.004901960784313708,0.04060913705583746,0.08465608465608465,0.19463869463869465,0.23867069486404824,0.22754491017964074,0.17680826636050506,0.22754491017964074,0.28285356695869845,0.3141025641025641,0.33986928104575154,0.4642857142857142,0.5298507462686568,0.5390390390390389,0.5769230769230769,0.5891472868217054,0.5207715133531157,0.4255910987482614,0.3311688311688312,0.5436746987951808,0.5506807866868382,0.6914191419141915,0.5672782874617737,0.6373801916932906,0.7581475128644939,0.8981481481481481,0.9673704414587332,0.9523809523809523,0.8435251798561152,0.9016697588126159,0.9087523277467411
AVGRq-L,0.6363636363636362,-0.4859813084112149,-0.5510204081632653,-0.65625,-0.78,-0.8014440433212996,-0.8090277777777778,-0.7380952380952381,-0.7317073170731707,-0.8854166666666666,-0.9149265274555298,-0.9303356554781508,-0.9345238095238095,-0.935672514619883,-0.9444444444444444,-0.9402173913043478,-0.9374644684479818,-0.9463414634146341,-0.9345238095238095,-0.9520905923344948,-0.9521739130434783,-0.9539748953974896,-0.956964006259781,-0.9508928571428571,-0.946078431372549,-0.9421052631578948,-0.9367816091954023,-0.9430051813471503,-0.936046511627907,-0.9324739103744628,-0.9463414634146341,-0.9512411347517731,-0.9517543859649122,-0.9461839530332681,-0.9473180076628352,-0.9417989417989417,-0.9448345035105316,-0.9441624365482233,-0.9447236180904522,-0.9531516183986372,-0.9612676056338028,-0.9521739130434783,-0.9384098544232923,-0.9290322580645162,-0.9171686746987951,-0.9266666666666666,-0.930379746835443,-0.95,-0.9549180327868853
HILS-L,-0.03135888501742157,0.04515659140568107,0.06612184249628528,0.01773049645390068,0.03460706560922855,0.04897660818713456,0.26543209876543217,0.17526617526617527,0.22964867180805482,0.2543706293706294,0.26991150442477885,0.27782724844167417,0.2766903914590748,0.40962671905697445,0.42361111111111116,0.28239499553172465,0.28125,0.3201471941122356,0.31530705774518797,0.30930656934306566,0.3999999999999999,0.34363295880149813,0.49479166666666674,0.5185185185185186,0.6418764302059496,0.6589595375722543,0.6399999999999999,0.6647331786542923,0.6551326412918108,0.5917914586799777,0.5225464190981433,0.5597826086956521,0.7982456140350878,0.8153067678684376,0.9261744966442953,0.9590443686006827,1.0827285921625545,1.314516129032258,1.2421875,1.2456964006259783,1.1742424242424243,1.161144578313253,1.307073954983923,1.3916666666666666,1.8137254901960786,1.9285714285714284,1.7411652340019104,1.9526748971193415,1.6330275229357798
SVE-L,0.0,0.0,-0.12,-0.2142857142857143,-0.2142857142857143,-0.24137931034482762,-0.3125,-0.2666666666666667,-0.3125,-0.5,-0.5,-0.5319148936170213,-0.47619047619047616,-0.5111111111111111,-0.5,-0.5111111111111111,-0.56,-0.5319148936170213,-0.5769230769230769,-0.5111111111111111,-0.29032258064516125,-0.4358974358974359,-0.38888888888888884,-0.5111111111111111,-0.5416666666666667,-0.33333333333333337,-0.4883720930232558,-0.5,-0.4883720930232558,-0.44999999999999996,-0.4054054054054054,-0.4883720930232558,-0.5,-0.5319148936170213,-0.5769230769230769,-0.5769230769230769,-0.5686274509803921,-0.5319148936170213,-0.5686274509803921,-0.5849056603773585,-0.6451612903225806,-0.7105263157894737,-0.7317073170731707,-0.7555555555555555,-0.7708333333333334,-0.7659574468085106,-0.7555555555555555,-0.7755102040816326,-0.7708333333333334
TSTL-L,0.05319148936170226,-0.02083333333333337,-0.09178743961352664,0.02469991172537278,0.22574862858288292,0.3085694818655098,0.20290859202543787,0.1845154942880458,0.18090416656155783,0.27413344286904895,0.27413344286904895,0.3264950912061335,0.10667590466340271,0.2575862552993211,0.15969031925805677,0.3356433332144513,0.7606207574190498,1.0824546593128543,1.2519567827452964,0.9562452860211663,1.1282228935834668,2.1236819889692815,1.84806298994258,2.9524139452264384,2.3391083330361293,2.654118553133877,3.6111496027641783,3.6111496027641783,3.4015518935476248,3.4015518935476248,3.3037396292465653,1.9795120510168531,2.174889890427795,1.8905713927775447,1.6529901824122666,1.6898372682791036,1.8905713927775447,1.6529901824122666,2.282513276543991,2.282513276543991,1.9343679290317497,1.9343679290317497,1.548266885738098,1.4208535414511934,1.5151725105986422,1.4514972571657654,1.482926709180711,1.4208535414511934,1.3055748013820891
HDT-L,0.0,-0.06250000000000011,-0.06250000000000011,-0.038461538461538436,-0.038461538461538436,-0.038461538461538436,0.08695652173913038,0.0,-0.02597402597402587,-0.02597402597402587,-0.013157894736842035,-0.25,-0.21052631578947367,-0.2857142857142857,-0.35344827586206895,-0.3801652892561983,-0.3902439024390244,-0.34782608695652173,-0.35897435897435903,-0.38524590163934425,-0.3951612903225806,-0.3801652892561983,-0.4,-0.40944881889763785,-0.423076923076923,-0.423076923076923,-0.43609022556390975,-0.423076923076923,-0.43609022556390975,-0.45255474452554745,-0.375,-0.47916666666666674,-0.46808510638297873,-0.46996466431095407,-0.4809688581314878,-0.5161290322580645,-0.5161290322580645,-0.5161290322580645,-0.6052631578947368,-0.6173469387755102,-0.6511627906976745,-0.647887323943662,-0.6606334841628959,-0.6781115879828326,-0.6606334841628959,-0.6606334841628959,-0.6559633027522935,-0.6822033898305084,-0.7
C1Y-L,0.005235602094240788,0.007029876977152849,-0.013769363166953541,-0.05289256198347103,-0.013769363166953541,0.08317580340264641,0.1459999999999999,0.450632911392405,0.6278409090909092,0.48831168831168825,0.6186440677966101,0.1506024096385543,0.008802816901408494,0.2676991150442478,0.22435897435897445,0.2963800904977376,0.0872865275142316,-0.19409282700421937,-0.2977941176470589,-0.1251908396946565,-0.5073086844368013,-0.46796657381615603,-0.6205298013245033,-0.6307989690721649,-0.6123139377537212,-0.6174899866488652,-0.6154362416107382,-0.6149193548387097,-0.6523058252427185,-0.6531476997578692,-0.6802455357142857,-0.7031088082901554,-0.6389413988657845,-0.6759049773755657,-0.5998603351955307,-0.6649122807017545,-0.7046391752577319,-0.683075221238938,-0.6751700680272108,-0.6075342465753424,-0.6382575757575757,-0.613099257258609,-0.5907142857142857,-0.5599078341013826,-0.5017391304347827,-0.5225,-0.5256622516556291,-0.5209030100334449,-0.47575480329368713
GBGP-L,-0.0021551724137931494,0.013653741125068342,0.09692671394799057,0.13865030674846635,0.23076923076923084,0.3727810650887573,0.41033434650455924,0.4683544303797469,0.5313531353135315,0.5836177474402731,0.5890410958904109,0.5782312925170068,0.5263157894736843,0.511400651465798,0.4824281150159744,0.5649241146711637,0.4871794871794872,0.6223776223776223,0.7121771217712176,0.641025641025641,0.5945017182130585,0.5675675675675675,0.6872727272727273,0.9578059071729959,1.204275534441805,1.4293193717277486,1.4041450777202074,1.4166666666666665,1.3734015345268542,1.5424657534246577,1.5706371191135733,1.5149051490514904,1.5081081081081082,1.4166666666666665,1.4356955380577427,1.577777777777778,1.6514285714285712,1.7496296296296294,2.1245791245791246,2.411764705882353,2.33213644524237,2.712,2.6679841897233203,3.3981042654028437,3.7106598984771573,4.242937853107344,4.395348837209302,4.491124260355029,4.693251533742331
ATST-L,0.02322524101665202,-0.0813204508856682,-0.0695208970438328,-0.10415213629173437,-0.09620865769727682,-0.10327642968009376,-0.0715099064400162,-0.06354817023554105,-0.03741006040161177,-0.030492271784755887,-0.006768934130290116,0.023597648334371835,0.01611454634167475,0.04125790287998177,0.024741077342788298,0.014065232382193482,0.03903318140628631,0.0065207645701597095,0.009835322521543288,0.05258578812028136,0.025825132490104874,0.03645784003732078,0.024682533768240145,0.07471960142187628,0.0792585392035734,0.029038007625420637,0.0660022929514783,0.02926826898313495,0.040678709069146946,0.059129609506246794,0.08052616727404982,0.12602200589611479,0.1928941634039496,0.22432789302252587,0.23950414823110444,0.23219927513678806,0.26576771989147785,0.2668135208167528,0.29462423137788596,0.36290367232166787,0.26472364423580697,0.23550896967113344,0.23055106850872908,0.2777221928015636,0.31385315455173624,0.3390974946391936,0.38464777064588485,0.4374374669017591,0.3255907475751094
JET2-L,0.08314479638009042,-0.008968609865470878,0.045535186280307505,0.05804907241172952,0.12755102040816335,0.2226832641770402,0.505962521294719,0.5228251507321275,0.5215146299483648,0.6043557168784028,0.9259259259259258,1.0159635119726338,0.947136563876652,1.0849056603773586,1.1047619047619048,0.6220183486238533,0.5046808510638299,0.5899280575539569,0.6370370370370371,0.7751004016064258,0.8040816326530613,0.9514348785871964,0.8748674443266171,0.7367387033398822,0.7470355731225296,0.80040733197556,1.2436548223350252,1.2155388471177946,1.554913294797688,2.0273972602739727,1.9174917491749173,1.8983606557377048,2.507936507936508,2.8434782608695652,4.1395348837209305,4.740259740259741,5.096551724137931,4.8349834983498345,5.181818181818182,5.748091603053435,4.9629005059021924,5.826254826254826,5.138888888888889,6.001980198019802,6.015873015873016,5.405797101449275,5.634146341463414,5.597014925373134,4.390243902439025
OCDO-L,-0.08616714697406336,-0.12506303580433686,-0.24940514817218262,-0.025554619488907693,-0.02746636771300448,0.022392457277548683,-0.06945561812818446,-0.16486161251504217,-0.16566482327482568,0.0653976051581211,0.26503827925628864,0.3661417322834646,0.058572300183038495,0.04141656662665061,-0.022535211267605604,-0.07663650878126671,0.020588235294117574,-0.24400871459694984,-0.3685168334849863,-0.3371537726838586,-0.22371364653243853,-0.128140703517588,-0.2088463292293662,-0.11275888519560218,0.07131830811979012,0.20235620235620222,0.11146700832799494,0.3010873640794902,1.0654761904761907,1.176913425345044,1.7279874213836477,2.2735849056603774,3.0943952802359886,3.887323943661972,4.404984423676012,4.2180451127819545,4.740281224152191,3.648359008707301,3.626666666666667,2.577319587628866,1.7322834645669292,1.9888027562446169,2.47,2.5354049923586346,4.768911055694098,2.9364719228587632,2.834254143646409,2.505050505050505,1.8442622950819674
AATG-L,0.0,0.0066225165562914245,0.0,0.0,0.0,-0.006535947712418166,-0.006535947712418166,-0.01298701298701288,-0.01298701298701288,-0.01298701298701288,0.03754266211604107,-0.01298701298701288,-0.01298701298701288,-0.01298701298701288,-0.04999999999999993,-0.04999999999999993,-0.04999999999999993,-0.04999999999999993,-0.01935483870967747,-0.01935483870967747,-0.01935483870967747,-0.01935483870967747,-0.01935483870967747,-0.02564102564102555,-0.01298701298701288,-0.01298701298701288,-0.01298701298701288,-0.01298701298701288,-0.01298701298701288,0.11764705882352944,0.14285714285714302,0.11764705882352944,0.11764705882352944,0.11764705882352944,0.11764705882352944,0.21599999999999997,0.21599999999999997,0.21599999999999997,0.17829457364341095,0.1692307692307693,0.1692307692307693,0.041095890410958846,0.041095890410958846,0.01333333333333342,-0.01298701298701288,-0.01298701298701288,-0.02564102564102555,-0.02564102564102555,-0.02564102564102555
HWDN-L,0.02557115908614538,-0.043504410585404996,-0.08250000000000002,-0.07628267182962256,0.014027630180659001,0.06329396032984169,0.03717391304347828,0.151580979966208,0.18563618290258455,0.2170918367346939,0.40241034685479127,0.424179104477612,0.34092186621697573,0.41698841698841704,0.5074249605055292,0.5122028526148967,0.45191722458916606,0.2794314829713058,0.2661889596602973,0.39707174231332365,0.423329355608592,0.49186991869918706,0.4909375,0.6150981719702098,0.6752106741573032,0.610735989196489,0.8564202334630351,1.0538097287989667,0.9276767676767677,0.9690466364011556,1.2108433734939759,1.499214248297538,1.7046485260770976,1.8331353919239906,1.8415723645026802,2.1596026490066222,2.2389680923285806,2.4647785039941903,2.704192546583851,3.2035242290748895,2.975833333333333,2.8229166666666665,2.8015936254980076,3.3690476190476186,3.5874999999999995,3.4175925925925927,3.244661921708185,3.663734115347018,3.6007714561234323
QBTQ-L,-0.03571428571428559,-0.020979020979021046,-0.20903954802259894,-0.44000000000000006,-0.4285714285714286,-0.37777777777777777,-0.22222222222222232,-0.22222222222222232,-0.31707317073170727,-0.5757575757575757,-0.5757575757575757,-0.5757575757575757,-0.5757575757575757,-0.5757575757575757,-0.5757575757575757,-0.582089552238806,-0.6989247311827957,-0.6705882352941177,-0.6666666666666667,-0.6585365853658536,-0.6666666666666667,-0.72,-0.5,-0.7627118644067796,-0.776,-0.7846153846153846,-0.8133333333333334,-0.8303030303030303,-0.8526315789473684,-0.8193548387096774,-0.8303030303030303,-0.8303030303030303,-0.8564102564102565,-0.8352941176470589,-0.8697674418604651,-0.8526315789473684,-0.8526315789473684,-0.8526315789473684,-0.8526315789473684,-0.8666666666666667,-0.9176470588235294,-0.95,-0.9552,-0.9517241379310345,-0.972,-0.9766666666666667,-0.9766666666666667,-0.9766666666666667,-0.9766666666666667
AVCT-L,0.06896551724137945,-0.08421052631578962,0.04819277108433706,0.1704035874439458,0.5443786982248517,0.5086705202312138,0.5263157894736841,0.8380281690140841,1.0390624999999996,1.05511811023622,0.7284768211920529,0.6312499999999996,0.5086705202312138,0.3957219251336894,0.15999999999999992,0.15486725663716783,0.15999999999999992,0.1298701298701297,0.1153846153846152,0.14473684210526305,0.11063829787234014,0.20276497695852513,0.4745762711864403,0.5352941176470585,0.5086705202312138,0.5443786982248517,0.9772727272727268,0.4262295081967209,0.19724770642201794,0.1298701298701297,0.0235294117647058,-0.0076045627376426506,0.22535211267605604,0.35937499999999956,0.4745762711864403,0.44999999999999973,0.7999999999999996,0.7171052631578945,0.7171052631578945,0.7171052631578945,0.5818181818181813,0.7171052631578945,0.7171052631578945,0.7171052631578945,0.9333333333333327,0.7516778523489926,0.3809523809523807,0.44999999999999973,0.6518987341772149
ADIG-L,0.0,-0.027472527472527486,-0.009328358208955279,-0.04496402877697847,0.013358778625954137,0.0018867924528302993,-0.020295202952029467,0.015296367112810794,0.01724137931034475,-0.031021897810219023,-0.0009407337723423836,0.011428571428571344,-0.039783001808318286,-0.009328358208955279,-0.020295202952029467,-0.0651408450704225,-0.05093833780160861,-0.034545454545454546,-0.04667863554757634,-0.013011152416356864,-0.05008944543828264,-0.041516245487364656,-0.06349206349206349,-0.009328358208955279,-0.009328358208955279,-0.031021897810219023,0.037109375,-0.01666666666666672,0.003780718336483968,-0.006548175865294659,-0.001879699248120259,0.0018867924528302993,0.06626506024096379,0.10717264386989145,0.10074626865671643,0.08455882352941169,0.09259259259259256,0.12309644670050757,0.13267918088737196,0.19594594594594605,0.049407114624505866,0.02986811481768803,0.03227060653188185,0.06455493183640737,0.11554621848739499,0.10902255639097747,0.12119932432432434,0.1852678571428572,0.08811475409836067
NFGN-L,0.05263157894736836,-0.05249343832021003,-0.050000000000000044,-0.08607594936708862,0.022662889518413554,0.08083832335329344,0.08083832335329344,0.11764705882352944,0.21140939597315445,0.2801418439716312,0.4586433202924156,0.5257775316866271,0.39183522928665604,0.642616351680648,0.5786183120047788,0.6352503590722147,0.6727561012527701,0.7282503794933834,0.6960968840609485,0.9818523373538255,1.107866069786728,1.1201211050761852,1.497676918308931,0.9552859521346053,0.9818523373538255,1.0719365345062721,1.1577563909651118,1.1577563909651118,0.8700555388364302,0.6352503590722147,0.7701982042383686,0.8142329854383279,0.8605144391484894,0.8142329854383279,0.7701982042383686,0.7000504898513003,0.8052516340252667,0.9605420971672252,0.992682131547016,1.0258935004061325,0.8992751566307495,0.879695000376824,1.014700718635933,0.929422381339174,1.0837761718463077,1.1450637063123756,1.0957518969718616,1.4310722004873595,1.3226804463255024
HYG-L,-0.0461538461538461,-0.015151515151515138,-0.022556390977443663,-0.02985074626865669,0.048387096774193505,0.040000000000000036,-0.044117647058823484,-0.015151515151515138,-0.015151515151515138,-0.015151515151515138,-0.015151515151515138,-0.007633587786259555,-0.007633587786259555,0.015625,0.031746031746031855,0.05691056910569103,0.06557377049180335,0.09243697478991586,-0.015151515151515138,-0.0714285714285714,-0.10344827586206895,-0.051094890510948954,-0.044117647058823484,-0.08450704225352113,-0.0714285714285714,0.0,-0.13907284768211925,-0.05797101449275366,0.007751937984496138,0.08333333333333326,0.1504424778761062,-0.1216216216216216,-0.14473684210526316,-0.15032679738562094,-0.19753086419753085,0.0,-0.09090909090909094,0.38297872340425543,0.4606741573033708,0.4285714285714286,0.38297872340425543,0.4772727272727273,0.4606741573033708,0.4772727272727273,0.4772727272727273,0.49425287356321834,0.4772727272727273,0.3978494623655915,0.368421052631579
BATS-L,0.05824240636980238,-0.10409511228533685,-0.03086596170334377,-0.05608907446068201,-0.06840659340659339,-0.04168432951815737,-0.09729801677093042,-0.09981417573666052,-0.0178131788559015,-0.09003086005635319,-0.0336278141920775,-0.025574712643678166,-0.04532657657657657,-0.015246115870480637,-0.03774120317820662,-0.05398242432696332,-0.016816468541606233,0.01816544062453085,0.05622177230960901,0.16269501114349394,0.05720966484801249,0.05196215293935169,-0.012952990831028965,0.058364544319600586,0.035419847328244325,-0.05186634978330773,-0.016246011024078855,-0.05897044540030527,-0.05923151616035516,-0.055431754874651795,-0.03335233751425315,0.019083395942899983,0.09705596894209001,0.03226788432267891,0.10294356805984717,0.05408765930991599,0.01724913754312274,-0.014244186046511675,0.02819890842935102,0.11914191419141917,0.05968749999999989,0.04984520123839009,0.052125349053676606,0.13165359586183878,0.1013316011692107,0.14890733525326105,0.1831821353803209,0.2286231884057972,0.22088208820882094
SPDI-L,0.11764705882352944,-0.0892857142857143,-0.019230769230769273,-0.16393442622950816,0.15909090909090917,0.3421052631578947,0.2142857142857142,-0.11808648977672032,-0.4915093274388297,-0.5005091623514168,-0.5005091623514168,-0.544818833433146,-0.544818833433146,-0.544818833433146,-0.5296461278809175,-0.5658271949670008,-0.5624615143078302,-0.5624615143078302,-0.5624615143078302,-0.5624615143078302,-0.5849818775419859,-0.5880112069029935,-0.5982742729232036,-0.5880112069029935,-0.5819076692274823,-0.5691414911886267,-0.5724055708008341,-0.5641508520904255,-0.5484602827656808,-0.5373568470959844,-0.5335333499645463,-0.5691414911886267,-0.5484602827656808,-0.5996988322390787,-0.6160376554129938,-0.6262088433490736,-0.6381893291391673,-0.6381893291391673,-0.6381893291391673,-0.6107416230738627,-0.6599851526850006,-0.6358550667465168,-0.6472345959106881,-0.6472345959106881,-0.6052974499700008,-0.5880112069029935,-0.5909966329399283,-0.5880112069029935,-0.5968395381836435
CTID-L,-0.05405405405405406,0.0277777777777779,-0.08641975308641969,0.1384615384615384,0.19354838709677424,0.27586206896551735,0.29824561403508776,0.17460317460317465,0.1384615384615384,0.10447761194029859,0.15625,0.22516556291390732,0.19354838709677424,0.42307692307692313,0.27586206896551735,0.34545454545454546,0.27586206896551735,0.3214285714285716,0.2542372881355932,0.39622641509433976,0.1384615384615384,0.1384615384615384,0.17460317460317465,0.12121212121212133,0.48,0.5416666666666667,0.42307692307692313,0.37037037037037024,0.4509803921568629,0.574468085106383,0.4509803921568629,0.4509803921568629,0.4509803921568629,0.48,0.42307692307692313,0.3214285714285716,0.48,0.48,0.510204081632653,0.574468085106383,0.6818181818181817,0.42307692307692313,0.4509803921568629,0.7619047619047619,0.6818181818181817,0.5416666666666667,0.510204081632653,0.4509803921568629,0.39622641509433976
ITRK-L,0.01270491803278695,-0.10327085630282984,-0.008935824532900094,-0.033280507131537296,-0.07083015993907082,-0.02904894548348591,-0.04761904761904767,0.07017543859649122,0.04139991463935133,0.06970626918018419,-0.10622710622710618,-0.07259597111364502,-0.13229018492176392,-0.03671535728385311,-0.10851297040555352,-0.1652411905576463,-0.1714770797962648,-0.20235371036286365,-0.17845117845117842,-0.13872220261207202,-0.21719602181584863,-0.1960461285008237,-0.2632850241545893,-0.27251043530113295,-0.2503840245775729,-0.20026220911176662,-0.18285331547220363,-0.24105754276827374,-0.2542787286063569,-0.28738317757009346,-0.2781065088757396,-0.23366834170854267,-0.2420006213109661,-0.21669341894061,-0.14054244452271925,-0.11143481427530955,-0.13290689410092393,-0.11626222383194496,-0.09428359317000745,-0.06656465187452176,-0.04575674618693781,-0.05058365758754868,0.038297872340425476,0.13382899628252787,0.1776061776061777,0.24109867751780256,0.24489795918367352,0.33992311916529383,0.2001967535661584
BGFD-L,-0.022352941176470575,-0.0780911062906724,-0.08207343412527002,-0.08798283261802575,-0.05555555555555558,-0.05186837702175129,0.002358490566037652,0.08695652173913038,0.14247311827957,0.14247311827957,0.1643835616438356,0.16678105696636925,0.20481927710843384,0.18715083798882692,0.17241379310344818,0.25,0.28787878787878785,0.30368098159509205,0.26865671641791056,0.18798043326345204,0.1470985155195681,0.16279069767441867,0.1707988980716253,0.18715083798882692,0.32347216815881663,0.2177650429799427,0.28398791540785506,0.5004413062665489,0.24359912216532553,0.4202172096908938,0.5887850467289719,0.8279569892473118,0.990632318501171,1.1424070573408946,1.1725239616613417,1.162849872773537,1.1437578814627996,1.1822849807445444,1.2135416666666665,1.2486772486772488,1.1013597033374536,1.0731707317073171,1.1013597033374536,1.1491782553729455,1.1907216494845363,1.3224043715846996,1.3097826086956523,1.2135416666666665,1.204928664072633
IPO-L,0.07407407407407418,0.0794734275962945,0.0826405867970661,0.030726256983240052,0.0794734275962945,-0.02466960352422909,-0.11192722530008803,-0.0506677065654324,0.07144176638118016,0.04466835119108015,0.0824335969107377,0.10510801639714762,0.016395216915725097,0.20551772191310147,0.11064740495051661,0.23646293129256746,0.25183139710524327,0.10235899148073657,0.07508082138587113,0.2697659443417082,0.3293452002966999,0.2341283591871639,0.4719636919841603,0.568571047915372,0.6966909732031163,0.5089376611650251,0.6851138551145428,0.6106269383304939,0.40142823133422567,0.5058707146992425,0.646418648071172,0.736457167887564,0.8430059493334014,1.0391423622899838,0.8677858612572116,0.8129405994258416,0.736457167887564,0.5488955922620777,0.46227972032636977,0.6001909106523267,0.5381765916235861,0.658705354400061,0.9285598046820664,1.200658589006022,1.8224319681220091,2.130514330839552,2.2212538766609877,3.401317178012043,3.7543640104729024
NCCG-L,0.1489583333333333,0.02564102564102555,0.11239860950173819,0.1334120425029517,0.12941176470588234,0.20603015075376896,0.05263157894736836,0.07262569832402233,0.1428571428571428,0.1707317073170731,0.24352331606217614,0.25,0.12018669778296376,0.17936117936117935,0.25,0.34453781512605053,0.31506849315068486,0.31506849315068486,0.10726643598615904,0.15246098439375744,0.28686327077747986,0.35593220338983045,0.4545454545454546,0.6326530612244898,0.751824817518248,0.8860510805500981,1.1818181818181817,1.1621621621621623,1.0915032679738563,0.7142857142857144,0.6243654822335025,0.7235188509874326,0.5763546798029557,0.7433379176825179,0.6062433017353708,0.5780790356227505,0.6143465470916591,0.7560940487875121,0.7888162981438012,0.91999616000768,0.6308008154085618,0.6134421512669579,0.6252789164850565,0.6666633333399998,0.6551691034548963,1.1333290666751998,1.1967919450888789,1.1654092030161802,1.071938302166561
HWC-L,0.0,0.0,0.0,0.0,0.0,0.0,0.1428571428571428,0.10344827586206895,0.06666666666666665,0.06666666666666665,0.06666666666666665,0.032258064516129004,0.06666666666666665,0.0,0.0,0.0,-0.11111111111111116,-0.1578947368421053,-0.1578947368421053,-0.05882352941176472,-0.05882352941176472,-0.030303030303030276,-0.030303030303030276,-0.030303030303030276,0.1428571428571428,0.07317115704954391,0.2382744119802429,0.14982623969594,0.1924123967217155,0.1924123967217155,0.07317115704954391,0.0060979597339474445,-0.08013900824324816,-0.053084273191578824,0.0060979597339474445,-0.024389857227687384,-0.053084273191578824,-0.053084273191578824,0.14982623969594,0.14982623969594,0.14982623969594,0.2382744119802429,0.2382744119802429,0.2382744119802429,0.34146394631193,0.2382744119802429,0.2878053884594527,0.03855273262859105,0.11017705901676966
NCAx-L,0.0,0.0,0.0,-0.01941747572815533,-0.01941747572815533,-0.01941747572815533,-0.01941747572815533,-0.01941747572815533,-0.01941747572815533,-0.01941747572815533,0.0,0.0,0.02020202020202011,0.08602150537634401,0.08602150537634401,0.1477272727272727,0.4027777777777777,0.4027777777777777,0.4027777777777777,0.4852941176470589,0.4852941176470589,0.4852941176470589,0.4852941176470589,0.4852941176470589,0.4852941176470589,0.4852941176470589,0.4852941176470589,0.4852941176470589,0.4852941176470589,0.4852941176470589,0.6290322580645162,0.6290322580645162,0.6290322580645162,0.6290322580645162,0.578125,0.578125,0.578125,0.578125,0.578125,0.578125,0.44285714285714284,0.09782608695652173,0.09782608695652173,0.12222222222222223,0.1477272727272727,0.1477272727272727,0.1477272727272727,0.1477272727272727,0.07446808510638303
ILND-L,0.02898550724637672,-0.012522361359570633,-0.008976660682226245,-0.03664921465968585,0.10400000000000009,0.05142857142857138,0.06769825918762096,0.18965517241379315,0.11290322580645151,0.17948717948717952,0.3111638954869358,0.4263565891472869,0.4526315789473685,0.5549295774647887,0.4375,0.4878706199460916,0.46808510638297873,0.4641909814323608,0.4375,0.5333333333333334,0.46031746031746024,0.5771428571428572,0.41538461538461546,0.6932515337423313,0.7579617834394905,1.1992031872509958,1.2904564315352696,1.1478599221789882,1.3291139240506329,1.5794392523364484,1.7192118226600983,2.1724137931034484,2.6315789473684212,2.5384615384615383,2.3865030674846626,2.72972972972973,2.780821917808219,3.0588235294117645,3.0588235294117645,2.8333333333333335,2.4716981132075473,2.3658536585365852,2.780821917808219,3.1818181818181817,3.451612903225806,3.1818181818181817,2.942857142857143,2.971223021582734,3.0
MRLM-L,-0.04761904761904767,-0.07894736842105265,-0.125,-0.16000000000000003,0.2727272727272727,0.5,0.5107913669064748,0.5,0.5441176470588236,0.5441176470588236,0.5328467153284671,0.5217391304347827,0.6935483870967742,0.75,0.8103448275862069,0.8103448275862069,0.9090909090909092,0.9444444444444444,0.9811320754716981,0.9090909090909092,1.3863636363636362,1.441860465116279,1.3595505617977528,1.3333333333333335,1.8767123287671232,1.8767123287671232,1.8378378378378377,1.8378378378378377,1.8767123287671232,1.8378378378378377,1.5609756097560976,1.5609756097560976,1.5609756097560976,1.441860465116279,1.3863636363636362,1.2826086956521738,1.441860465116279,1.2340425531914891,1.1875,1.5301204819277108,1.5925925925925926,1.5925925925925926,1.5925925925925926,1.727272727272727,1.6923076923076925,1.6923076923076925,1.4705882352941178,0.9811320754716981,0.9811320754716981
JLP-L,-0.04379562043795615,-0.2594594594594595,0.5222222222222221,0.8026315789473684,1.1076923076923078,1.5849056603773586,1.1746031746031744,0.9855072463768113,0.9571428571428571,1.6862745098039218,1.5370370370370368,1.6862745098039218,1.5849056603773586,1.4909090909090907,1.2459016393442623,1.044776119402985,1.044776119402985,1.0147058823529411,0.9027777777777777,0.5930232558139534,0.08730158730158721,0.04580152671755733,-0.2303370786516855,-0.3317073170731708,-0.3772727272727273,-0.41201716738197425,-0.4170212765957447,-0.5192982456140351,-0.5650793650793651,-0.591044776119403,-0.6246575342465754,-0.7175257731958763,-0.5784615384615385,-0.535593220338983,-0.5784615384615385,-0.6140845070422536,-0.6194444444444445,-0.6140845070422536,-0.6617283950617284,-0.6698795180722892,-0.7339805825242718,-0.7287128712871287,-0.7658119658119658,-0.7875968992248062,-0.7232323232323232,-0.7390476190476191,-0.7716666666666667,-0.7175257731958763,-0.793984962406015
JGC-L,-0.003831417624521105,-0.06951871657754005,-0.10077519379844957,-0.12854757929883143,-0.12121212121212122,-0.1182432432432432,-0.08421052631578951,-0.050909090909090904,-0.07446808510638303,-0.07773851590106007,-0.050909090909090904,-0.07117437722419928,-0.0728241563055062,-0.07117437722419928,-0.07773851590106007,-0.07773851590106007,-0.07117437722419928,-0.08098591549295775,-0.07773851590106007,-0.0874125874125874,-0.05691056910569103,-0.04744525547445255,-0.03690036900369009,0.005780346820809301,0.027559055118110187,0.0038461538461538325,0.14473684210526305,0.10476190476190483,0.16387959866220725,0.13232104121475063,0.17040358744394624,0.21678321678321688,0.31155778894472363,0.359375,0.3523316062176165,0.3316326530612246,0.3700787401574803,0.403225806451613,0.3994638069705094,0.4089068825910931,0.3523316062176165,0.4184782608695652,0.403225806451613,0.4914285714285713,0.544378698224852,0.5512630014858841,0.5535714285714286,0.5489614243323442,0.5263157894736843
MLVN-L,-0.11764705882352944,-0.05555555555555558,-0.10526315789473684,-0.29166666666666663,-0.31999999999999995,-0.2410714285714286,-0.31999999999999995,-0.31999999999999995,-0.3560606060606061,-0.30327868852459017,-0.27350427350427353,-0.2272727272727273,-0.10526315789473684,-0.15000000000000002,-0.15000000000000002,-0.15000000000000002,-0.10526315789473684,-0.15000000000000002,-0.0449438202247191,-0.5142857142857142,-0.4516129032258065,-0.19047619047619047,-0.10526315789473684,-0.3928571428571429,-0.37037037037037035,-0.5,-0.6851851851851851,-0.6964285714285714,-0.7424242424242424,-0.7424242424242424,-0.75,-0.7571428571428571,-0.7976190476190477,-0.7926829268292683,-0.782051282051282,-0.7424242424242424,-0.8152173913043479,-0.8152173913043479,-0.8068181818181819,-0.8068181818181819,-0.8068181818181819,-0.8152173913043479,-0.7702702702702703,-0.782051282051282,-0.782051282051282,-0.782051282051282,-0.8152173913043479,-0.8229166666666666,-0.8229166666666666
INCH-L,0.0316011235955056,-0.12207151664611593,-0.14216867469879513,-0.1687098657326328,-0.15288518738845924,-0.10999999999999999,-0.03913630229419707,0.02005730659025784,-0.0014025245441795509,-0.006973500697350032,0.03338171262699574,0.10559006211180133,0.05794947994056465,0.11163153786104596,0.11949685534591192,0.14102564102564097,0.11598746081504707,0.06586826347305386,0.17394888705688372,0.25241864555848714,0.1382893685051958,0.20575783234546985,0.1203776553894571,0.17491749174917492,0.1615008156606852,0.21294718909710397,0.38386783284742476,0.30762167125803486,0.41691542288557204,0.4043392504930967,0.40157480314960625,0.46622734761120266,0.6141464520516888,0.6592868795152644,0.7493857493857494,0.9983160258209374,0.9374149659863946,0.8791237793613091,1.0727802037845704,1.3328964613368286,0.9243243243243244,0.8911022576361223,0.8835978835978835,1.0331239291833239,1.345963756177924,1.2215288611544461,1.3267973856209152,1.4991224991224992,1.1608497723823974
MIG1-L,0.015037593984962516,0.03100775193798455,0.06400000000000006,0.05138339920948609,0.05555555555555558,0.05555555555555558,0.04724409448818889,0.04724409448818889,0.04724409448818889,0.06827309236947787,0.0390625,0.023076923076922995,0.023076923076922995,0.035019455252918386,0.05555555555555558,0.0,0.0,0.03100775193798455,0.0,0.0390625,0.06400000000000006,0.06400000000000006,0.0390625,0.035019455252918386,0.027027027027026973,0.0390625,0.07258064516129026,-0.036231884057971064,-0.036231884057971064,-0.029197080291970767,0.0037735849056603765,-0.0037453183520599342,0.023076923076922995,-0.007462686567164201,0.159041394335512,0.17180616740088106,0.09917355371900816,0.0901639344262295,0.0901639344262295,0.12711864406779672,0.12711864406779672,0.18222222222222229,0.16157205240174677,0.16157205240174677,0.2314814814814814,0.2314814814814814,0.44565217391304346,0.5739644970414202,0.3890339425587468
CLCO-L,-0.11290322580645162,-0.10144927536231885,0.1272727272727272,0.1071428571428572,-0.015873015873015928,0.3191489361702129,0.26530612244897966,0.26530612244897966,0.21568627450980404,0.24,0.1923076923076923,-0.015873015873015928,0.016393442622950838,-0.06060606060606066,-0.20512820512820507,0.08771929824561409,-0.2790697674418604,-0.42592592592592593,-0.4414414414414414,-0.4513274336283185,-0.5571428571428572,-0.5974025974025974,-0.6265060240963856,-0.6352941176470588,-0.5633802816901409,-0.6025641025641025,-0.6630434782608696,-0.696078431372549,-0.6702127659574468,-0.7578125,-0.7578125,-0.7615384615384616,-0.7578125,-0.7960526315789473,-0.7753623188405796,-0.7686567164179104,-0.7785714285714286,-0.75,-0.7615384615384616,-0.7615384615384616,-0.7615384615384616,-0.7905405405405406,-0.7905405405405406,-0.7686567164179104,-0.7615384615384616,-0.7615384615384616,-0.7459016393442623,-0.7720588235294118,-0.7933333333333333
BYOT-L,-0.07692307692307687,-0.10344827586206895,-0.1875,-0.13333333333333341,-0.03703703703703709,-0.07142857142857151,-0.21212121212121215,-0.29729729729729726,-0.13333333333333341,-0.03703703703703709,0.0,-0.07142857142857151,0.0,-0.03703703703703709,-0.07142857142857151,-0.16129032258064513,-0.21212121212121215,-0.21212121212121215,-0.4901960784313726,-0.25714285714285723,-0.33333333333333337,-0.4347826086956522,-0.4800000000000001,-0.4901960784313726,-0.4800000000000001,-0.4901960784313726,-0.5593220338983051,-0.6338028169014085,-0.6438356164383562,-0.6486486486486487,-0.6231884057971014,-0.6486486486486487,-0.6285714285714286,-0.6000000000000001,-0.6060606060606061,-0.5873015873015873,-0.6285714285714286,-0.44680851063829785,-0.5185185185185186,-0.5185185185185186,-0.5517241379310345,-0.5517241379310345,-0.6666666666666667,-0.6976744186046512,-0.5666666666666667,-0.5873015873015873,-0.6176470588235294,-0.6533333333333333,-0.74
AVAP-L,0.1576846307385229,-0.08576642335766427,-0.13620689655172413,-0.10215053763440862,-0.12412587412587417,-0.08576642335766427,-0.0940325497287523,-0.13321799307958482,-0.20727848101265822,-0.1919354838709677,-0.16500000000000004,-0.20727848101265822,-0.1450511945392492,-0.11484098939929333,-0.10535714285714282,0.06595744680851068,-0.021484375,0.1872037914691944,0.03941908713692954,-0.12105263157894741,-0.029069767441860517,-0.06877323420074355,0.054736842105263195,0.2715736040609138,0.4073033707865168,0.8021582733812949,0.6812080536912752,0.95703125,0.6897582075401099,0.5370692128828709,0.5009028784620977,0.4748756609165119,0.44973573487816254,0.4175193852142032,0.34291310178187673,0.4175193852142032,0.4019422491129483,0.37920805047868433,0.33588214313380416,0.2821783383847065,0.2569137405840227,0.2569137405840227,0.220830092528979,0.21501661589788856,0.15454067574007513,0.13907807740427036,0.18676041552817013,0.21501661589788856,0.220830092528979
FSV-L,0.02645502645502651,-0.0791717417783191,-0.08474576271186429,-0.06804733727810652,0.016129032258064502,0.047091412742382266,0.0546875,0.11438679245283012,0.10139860139860124,0.12903225806451624,0.10268378063010508,0.08185460789925592,0.0594170403587444,0.09756097560975596,0.05351170568561869,0.018318965517241548,0.023280996210070404,0.012319228709159136,0.0,0.03561643835616435,0.028011966276856093,0.06659142212189595,0.0594170403587444,0.12499999999999978,0.10785463071512291,0.1270125223613594,0.2272727272727273,0.2467018469656992,0.3125000000000002,0.3356890459363959,0.41467065868263475,0.4488309697201993,0.5316045380875203,0.6799999999999999,0.6666666666666667,0.7057761732851986,0.7830188679245282,0.8421052631578949,0.845703125,0.96875,0.8138195777351245,0.7403314917127071,0.7821782178217822,0.9187817258883249,0.9697759249609172,1.0278969957081543,0.9555095706156234,1.0454545454545454,0.9404517453798769
BVIC-L,0.03675344563552829,-0.052936910804931125,-0.10486634681288554,-0.12113055181695831,-0.09806629834254144,-0.11637347767253048,-0.14472822527832352,-0.08415147265077139,-0.020989505247376306,-0.006844106463878341,-0.02391629297458897,-0.012102874432677768,-0.060431654676258995,-0.04322344322344318,-0.1121685927940177,-0.13624338624338628,-0.09368494101318525,-0.11994609164420489,-0.13164893617021278,-0.05635838150289019,-0.04181951577402787,-0.038291605301914555,0.07049180327868854,0.13664055700609223,0.12006861063464846,0.18727272727272726,0.2879684418145956,0.23207547169811327,0.4707207207207207,0.4546669636890177,0.5307079231129863,0.4351648351648352,0.5915184011698758,0.6365914786967419,0.789041095890411,0.7691682470875101,1.0260626745268384,1.1388797903701278,0.9521674140508221,1.0279503105590062,0.7080826575987444,0.6743589743589744,0.7103195390256678,0.8378834787503517,0.9890344197380445,0.9817905918057663,1.0599369085173502,1.074992055926279,1.033634381812519
GFTU_u-L,-0.09769335142469471,0.009589041095890316,-0.06531388712745723,-0.10612492419648267,-0.1034063260340633,-0.084472049689441,-0.004726536124240344,0.07748538011695905,0.16337805840568276,0.15156250000000004,0.15246286161063338,0.1964285714285714,0.12691131498470942,0.2806255430060818,0.2534013605442176,0.2929824561403509,0.24493243243243246,0.13384615384615395,0.1082706766917294,0.2314118629908104,0.1321044546850998,0.19063004846526654,0.2534013605442176,0.24531942857142863,0.37063459119496844,0.39475775999999985,0.6447615094339625,0.5936446069469836,0.6324411985018725,0.7365011952191238,0.8010818181818182,0.9879671607753706,1.1733323360757915,1.3245962666666666,1.5414682215743438,1.5267350724637678,1.7673765079365085,2.067289232934553,2.080295406360424,2.1919575247162206,1.6126887456915928,1.7656205583756344,1.5601280469897212,2.19312673992674,2.4868944,2.473002390438248,2.2771563909774435,2.301983333333334,2.1820536594269027
CVSG-L,0.04614220877458397,0.01692307692307682,0.007621951219512146,0.010703363914372988,0.11092436974789921,0.2960784313725491,0.42841707185305244,0.39746300211416496,0.4762702400893355,0.6320987654320989,0.7080103359173127,0.8994252873563218,0.8885714285714286,0.9790419161676647,1.0656249999999998,1.186931348221671,1.186931348221671,1.120288692862871,1.1654381654381654,1.3607142857142858,1.5229007633587788,1.5545893719806765,1.466417910447761,1.6761133603238867,1.8308351177730193,2.0942071386775893,2.525333333333333,2.4881266490765173,2.451697127937337,2.544235924932976,2.5826558265582658,2.7663817663817665,2.9257609502598365,2.9345238095238093,3.1409553641346903,3.348684210526316,4.084615384615384,4.266932270916334,4.288,4.143968871595331,3.704626334519573,3.91449814126394,4.525600835945664,4.698275862068965,5.206572769953052,5.092165898617512,4.384928716904277,5.113294797687861,6.06951871657754
TRFT-L,0.015590200445434244,-0.1055776892430279,-0.08739837398373984,-0.0761316872427984,0.04418604651162794,0.10319410319410327,0.0589622641509433,0.03935185185185186,0.0589622641509433,0.03935185185185186,0.13383838383838387,0.06904761904761902,0.020454545454545503,0.0665083135391924,-0.10735586481113324,-0.05073995771670192,0.23351648351648358,0.2865329512893984,0.4208860759493671,0.40312499999999996,0.4391025641025641,0.4208860759493671,0.40752351097178674,0.662962962962963,0.717017208413002,1.0362811791383222,0.9311827956989247,0.9188034188034189,1.1179245283018866,0.902542372881356,0.9911308203991132,1.1534772182254196,1.245,1.4670329670329672,1.5511363636363638,1.4535519125683058,1.4402173913043477,1.7378048780487805,1.5083798882681565,1.8417721518987342,1.3144329896907219,1.4670329670329672,1.6334310850439882,1.7048192771084336,2.0648464163822524,1.869009584664537,1.8598726114649682,1.7212121212121212,1.7716049382716048
DOTD-L,0.06985294117647056,-0.021582733812949506,-0.007299270072992692,0.054263565891472965,0.1333333333333333,0.07509881422924902,0.0,-0.01805054151624541,0.1333333333333333,0.1724137931034484,0.17748917748917759,0.014925373134328401,0.07509881422924902,0.0,0.026415094339622858,0.07086614173228356,-0.007299270072992692,-0.021582733812949506,0.07509881422924902,0.10569105691056935,0.28301886792452846,0.2952380952380953,0.609467455621302,0.8758620689655174,0.9428571428571433,1.2113821138211387,1.285714285714286,1.285714285714286,1.158730158730159,1.285714285714286,1.108527131782946,1.4285714285714288,1.285714285714286,1.4285714285714288,1.666666666666667,1.6153846153846159,2.0222222222222226,1.7755102040816326,1.893617021276596,2.1264367816091956,2.162790697674419,2.4871794871794872,1.9890109890109895,2.4000000000000004,3.184615384615385,3.387096774193549,3.387096774193549,3.4590163934426235,3.317460317460318
JDW-L,-0.0158311345646438,0.055710306406685284,-0.05012531328320802,-0.04473850031505988,0.002645502645502562,0.009993337774816702,-0.05368289637952561,-0.01108936725375087,-0.06707692307692303,-0.05896958410924891,-0.09330143540669855,-0.047140163419233216,0.02156334231805923,0.03551912568306004,-0.05012531328320802,-0.06419753086419755,-0.10454813939751917,-0.13321898227558604,-0.054862842892768104,-0.04413619167717531,-0.011734028683181186,0.08518253400143161,0.06385964912280695,0.027100271002709952,0.057920446615491894,0.07137809187279154,0.13984962406015033,0.17065637065637063,0.24773662551440334,0.4234741784037559,0.4590952839268527,0.47758284600389866,0.42884071630537224,0.40110905730129387,0.4950690335305721,0.554234160344474,0.6586433260393874,0.6382105035660255,0.7843691148775893,0.9688311688311688,0.8560235063663078,0.8295920830316195,0.8692971639950677,0.8411464658732086,0.7652538425710294,0.7843691148775893,0.7835294117647058,0.9175309891221857,0.8120965814009085
BOY-L,-0.1172248803827749,-0.07385524372230445,-0.09196234612599574,-0.16120401337792645,-0.09978463747307975,-0.11126860382707326,-0.15408350363102996,-0.06636337384077406,-0.015684321503384835,0.04844047839867471,0.045036450871406286,-0.005034847392911601,-0.09140091215697077,-0.0636473400192199,-0.08364063525012633,-0.13591616948082386,-0.12415992688872612,-0.20005748254028255,-0.14385666220660587,0.005324829189929936,-0.025481088595411427,0.07760851525565249,-0.006925892262498401,0.003004848814876837,0.02106993223127618,0.03320626264606941,0.20956057834818131,0.18969553235341197,0.25255168439898124,0.21068366152213502,0.19405339144628142,0.37513847654433596,0.37979503011570315,0.5983161356451818,0.7156661887622886,0.6430270960929174,0.8411554694427266,1.0060096976297537,0.8935612887878872,0.8277352165115497,0.49874287753947066,0.6584918639777912,0.5522694088801658,1.0348100865470342,1.3201179776856575,1.4021855259015101,1.4491102619446652,1.7007172813987972,1.1862949420847415
CRGT-L,-0.018181818181818188,-0.017857142857142905,-0.11290322580645162,-0.16666666666666663,-0.16666666666666663,0.10000000000000009,0.07843137254901955,0.10000000000000009,0.10000000000000009,0.25,0.375,0.25,0.30952380952380953,0.375,0.30952380952380953,0.5277777777777777,0.6176470588235294,0.6176470588235294,0.5277777777777777,0.6176470588235294,0.6176470588235294,0.5714285714285714,0.30952380952380953,0.44736842105263164,0.44736842105263164,0.5277777777777777,0.71875,0.25,0.44736842105263164,1.0370370370370372,0.8333333333333333,1.391304347826087,2.0555555555555554,2.4375,1.619047619047619,1.619047619047619,1.8947368421052633,1.8947368421052633,1.619047619047619,2.235294117647059,2.235294117647059,2.235294117647059,2.6666666666666665,2.235294117647059,2.6666666666666665,3.230769230769231,2.0555555555555554,2.0555555555555554,1.75
AUIV-L,0.0,-0.014925373134328401,-0.0037735849056603765,-0.07042253521126762,-0.04693140794223827,-0.10204081632653061,0.04347826086956519,-0.08650519031141868,-0.09589041095890416,-0.07042253521126762,-0.08965517241379306,0.03125,-0.03296703296703296,-0.02941176470588236,-0.07042253521126762,-0.08965517241379306,-0.04347826086956519,-0.08333333333333337,-0.15384615384615385,-0.2142857142857143,-0.2142857142857143,-0.239193083573487,-0.17500000000000004,-0.33999999999999997,-0.23699421965317924,-0.326530612244898,-0.30708661417322836,-0.011235955056179803,0.19999999999999996,0.32000000000000006,0.2941176470588236,0.5621301775147929,0.46666666666666656,0.46666666666666656,0.306930693069307,0.33333333333333326,0.2815533980582525,0.2571428571428571,0.8591549295774648,0.9270072992700731,0.9555555555555555,1.0787401574803148,1.4,1.4444444444444446,1.613861386138614,1.6400000000000001,1.613861386138614,1.693877551020408,1.3571428571428572
PHEG-L,0.0,-0.05999999999999994,0.0,-0.3188405797101449,-0.1454545454545454,-0.07843137254901955,0.14634146341463428,-0.24193548387096775,-0.46590909090909094,-0.21666666666666667,-0.1454545454545454,0.17500000000000004,-0.1454545454545454,0.17500000000000004,-0.05999999999999994,-0.3733333333333333,-0.4125,-0.53,-0.6642857142857143,-0.6758620689655173,-0.6758620689655173,-0.7459459459459459,-0.6384615384615384,-0.6083333333333334,-0.6967741935483871,0.34285714285714297,0.34285714285714297,0.34285714285714297,0.17500000000000004,0.34285714285714297,0.17500000000000004,0.11904761904761907,0.5666666666666667,-0.05999999999999994,-0.1454545454545454,-0.8931818181818182,-0.8931818181818182,-0.8931818181818182,-0.8931818181818182,-0.8931818181818182,-0.8931818181818182,-0.888095238095238,-0.9203389830508475,-0.9271317829457364,-0.9276923076923077,-0.9096153846153846,-0.8433333333333333,-0.8794871794871795,-0.8694444444444445
MACT-L,0.10000000000000009,0.5151515151515151,0.0,0.6666666666666667,1.3255813953488373,1.3255813953488373,0.9607843137254903,0.8518518518518516,0.639344262295082,0.4925373134328357,0.5625,0.47058823529411775,0.47058823529411775,0.47058823529411775,0.05263157894736836,0.3157894736842106,0.3157894736842106,0.23456790123456805,0.16279069767441867,0.020408163265306145,-0.04761904761904767,-0.4117647058823529,-0.4444444444444444,0.5384615384615385,1.0,1.3529411764705883,1.2222222222222223,0.8181818181818181,0.8181818181818181,0.5384615384615385,0.6666666666666667,1.0,1.0,0.8181818181818181,0.8181818181818181,0.8181818181818181,0.8181818181818181,1.0,0.9047619047619047,0.9047619047619047,0.8181818181818181,0.5384615384615385,0.4285714285714286,1.0,1.0,0.8181818181818181,0.8181818181818181,0.8181818181818181,0.8181818181818181
RIICi-L,0.12093023255813962,-0.04444444444444451,-0.08510638297872342,-0.052863436123347984,-0.013761467889908285,0.05392156862745101,0.028708133971291794,0.0213776722090262,0.009389671361502483,0.06435643564356441,0.12565445026178002,0.08585858585858586,0.004672897196261516,-0.08119658119658124,-0.09663865546218486,-0.07327586206896552,-0.06724511930585686,-0.08119658119658124,0.014150943396226356,0.04322438667722306,0.07955558422319586,0.0904053890897607,0.16037792742707158,0.2156340192093129,0.3071727254750747,0.33944859523989135,0.466153192086908,0.4228896552712287,0.39096584890296415,0.37335868625862245,0.3777185551038882,0.42757021334777856,0.466153192086908,0.4466044828590827,0.43702432072094277,0.4964873960611196,0.6438687305216848,0.6253982953472836,0.631508815254604,0.7018876268930381,0.5281033269638196,0.5499333744918742,0.41823968907753195,0.8311449150114967,0.9548709227825436,0.9816499765192908,0.8158215266013591,0.946104685460649,0.7221481938798602
MKS-L,-0.008902077151335397,-0.07077205882352955,-0.07247706422018341,-0.13144329896907214,-0.07839562443026427,-0.047125353440150786,-0.008823529411764564,0.05753138075313813,0.05952630475791243,0.032264651827649704,0.2515474127259225,0.2672348959639008,0.1462585034013606,0.18245614035087732,0.18384074941452,0.12258494337108616,0.1385135135135136,0.09939103958242734,0.011202240448089817,0.08035905107929064,0.1830095951322257,0.05290564465736325,0.021831412977562303,0.008982035928143839,0.04766839378238363,0.042053184910327834,0.14340646912463262,0.0829048843187663,0.22278664731494935,0.28462515883100403,0.3680649526387012,0.32226000523149345,0.3208779723020645,0.29715165511932273,0.27716018191005576,0.41240569991617804,0.4139860139860141,0.5067064083457529,0.5416285452881977,0.536007292616226,0.41319541515236224,0.31640625,0.3998892273608421,0.5198436560432955,0.5946372239747635,0.55634236453202,0.6201923076923077,0.5896226415094339,0.5674418604651166
PRES-L,-0.2034739454094293,-0.12391304347826082,-0.028915662650602414,-0.2396226415094339,-0.23238095238095235,-0.17755102040816328,-0.28035714285714286,-0.4590604026845637,-0.47966429954809553,-0.6336363636363636,-0.700371747211896,-0.7069090909090909,-0.6946969696969697,-0.7121428571428572,-0.7313333333333334,-0.6723577235772358,-0.7111111111111111,-0.7249146757679181,-0.6464912280701754,-0.614354066985646,-0.5823834196891191,-0.47457627118644063,-0.44794520547945205,-0.4226361031518625,-0.36585365853658536,-0.14255319148936174,0.03333333333333344,0.24,0.21385542168674698,0.15142857142857147,0.06052631578947376,0.08918918918918917,0.1041095890410959,0.11944444444444446,0.22865853658536595,0.2212121212121212,0.2212121212121212,0.11944444444444446,0.24,0.30000000000000004,0.2212121212121212,0.1923076923076923,0.16473988439306364,0.40418118466898956,0.42907801418439706,0.775330396475771,0.8318181818181818,0.4140350877192982,0.34333333333333327
BWY-L,0.03397462136717144,0.026470588235294024,0.013692946058091238,0.03341793570219975,0.24073133570340266,0.2547508988186955,0.21300893743793448,0.35646862853970007,0.2743870631194574,0.30154501864677674,0.41132293471981507,0.5680359435173299,0.526875,0.5998690242305174,0.5422979797979799,0.7550287356321839,0.6953504510756419,0.46375074895146784,0.4887263863497868,0.5956890920966689,0.5211706102117062,0.7060055865921788,0.620026525198939,0.8521607278241092,0.7767272727272727,0.7450000000000001,0.8577946768060836,0.9312252964426877,0.7754360465116279,0.8777863182167562,1.1206597222222223,1.1677018633540373,1.3400383141762453,1.4466700050075114,1.3741496598639458,1.6368051807879116,1.7341913822048127,2.0328988206083176,1.9083333333333332,2.525252525252525,2.1041931385006354,2.004920049200492,1.9774527726995736,2.2229551451187337,2.4652482269503544,2.237905897945659,2.522710886806056,2.905675459632294,3.054771784232365
TPK-L,-0.011505752876438513,-0.11548672566371665,-0.06849953401677522,-0.0950656405613397,-0.027250608272506138,0.020939734422880774,-0.012839506172839132,0.04386422976501336,0.08818726183995662,0.11302895322939888,0.23015384615384638,0.22262996941896063,0.14359267734553782,0.18354055654233314,0.1898809523809526,0.17450058754406594,0.14359267734553782,0.054881266490765634,0.049894957983193766,0.13579545454545472,0.06727175654030981,0.12240314430095478,0.08641304347826106,0.18635014836795283,0.24781523096129865,0.1669585522475192,0.30568256041802777,0.2732484076433124,0.37293956043956067,0.36450511945392505,0.535330261136713,0.6225649350649354,0.8156221616712083,0.8041516245487363,0.830586080586081,0.871722846441948,0.9407766990291264,0.9559686888454011,0.9578844270323217,1.2051847766133483,0.89478672985782,0.7960467205750235,0.840699815837938,1.1728260869565221,1.3968824940047968,1.4012012012012018,1.448254745866504,1.7013513513513518,1.4040889957907403
LPA-L,0.03937007874015741,-0.09285714285714286,-0.07971014492753625,-0.23030303030303034,-0.08633093525179858,-0.1858974358974359,-0.099290780141844,-0.023076923076923106,-0.31351351351351353,-0.3315789473684211,-0.37438423645320196,-0.34536082474226804,-0.37745098039215685,-0.33854166666666663,-0.42272727272727273,-0.4304932735426009,-0.5115384615384615,-0.39234449760765555,-0.20625000000000004,-0.21604938271604934,-0.10563380281690138,-0.023076923076923106,0.024193548387096753,-0.015503875968992276,-0.09285714285714286,0.22115384615384626,0.04958677685950419,-0.14189189189189189,-0.059259259259259234,-0.03053435114503822,-0.09285714285714286,-0.07299270072992703,-0.13013698630136983,-0.13013698630136983,-0.052238805970149294,-0.2701149425287356,-0.2573099415204678,0.007936507936507908,0.32291666666666674,0.5301204819277108,0.39560439560439553,0.33684210526315783,0.23300970873786397,0.29591836734693877,0.4269662921348314,0.4111111111111112,0.6282051282051282,0.8955223880597014,0.8955223880597014
GENL-L,-0.19771591720199855,-0.16208133971291872,-0.30159521435692926,-0.31857976653696496,-0.43187347931873477,-0.2385869565217391,-0.3876748251748252,-0.45144870790916214,-0.5052966101694916,-0.45144870790916214,-0.5132036136205698,-0.5728658536585366,-0.5950867052023121,-0.6500999000999002,-0.657958984375,-0.6708176691729324,-0.6374223602484472,-0.6438739196746315,-0.6750927643784786,-0.6379844961240311,-0.6786697247706421,-0.6705079962370649,-0.6305379746835442,-0.6271953166577967,-0.625,-0.6376099327470254,-0.6182561307901908,-0.6167943107221007,-0.6049069373942471,-0.5718215158924205,-0.5451298701298701,-0.5624609618988132,-0.5357852882703777,-0.5649068322981367,-0.5790264423076923,-0.5403543307086613,-0.49964285714285717,-0.4814951887490747,-0.4258196721311476,-0.41134453781512603,-0.5058201058201058,-0.516896551724138,-0.5621875000000001,-0.590948905109489,-0.5403543307086613,-0.5974137931034482,-0.6479899497487438,-0.6479899497487438,-0.6462121212121212
BLTGB-L,0.11746031746031749,-0.0625,-0.25531914893617025,-0.25619834710743805,-0.2828685258964143,-0.25355450236966826,-0.34169278996865204,-0.3262032085561497,-0.31109896118097324,-0.2622950819672131,-0.2682926829268293,-0.3240343347639485,-0.5315985130111525,-0.5293238700037355,-0.5049115913555993,-0.5434782608695652,-0.5503211991434689,-0.589041095890411,-0.49880668257756566,-0.45783132530120485,-0.5176110260336906,-0.5606694560669456,-0.4123134328358209,-0.384765625,-0.23170731707317072,-0.25,-0.22982885085574567,-0.2570754716981132,-0.2921348314606742,-0.2588235294117647,-0.13461538461538458,-0.139344262295082,0.10526315789473695,0.13718411552346566,0.16236162361623618,0.40625,0.75,0.7548746518105849,0.721311475409836,0.6844919786096257,0.5909090909090908,0.7166212534059946,0.9873817034700316,1.202797202797203,1.3863636363636362,1.2183098591549295,1.0388349514563107,0.9936708860759493,1.290909090909091
BRSC-L,-0.036956521739130443,-0.010220548682087105,-0.02645502645502651,-0.012875536480686733,0.10179640718562877,0.13265620190827954,0.13230769230769224,0.13022113022113024,0.1870967741935483,0.2185430463576159,0.16455696202531644,0.19713728041639555,0.1608832807570979,0.19016817593790436,0.15869017632241822,0.11245465538089472,0.059297639608520525,0.0660486674391656,0.03487064116985383,-0.0016277807921866172,-0.008620689655172376,0.08747044917257685,0.1358024691358024,0.19713728041639555,0.24156545209176783,0.30867709815078226,0.4375,0.39817629179331315,0.46031746031746024,0.4708233413269385,0.4591593973037271,0.5391049769970724,0.6326530612244898,0.7084493964716807,0.7244611059044048,0.7838099854580707,0.8326693227091633,0.9087136929460582,0.9166666666666667,0.9700214132762313,0.7590822179732313,0.7507136060894386,0.8092428711897739,0.9297325642370216,1.1161587119033927,1.1296296296296298,1.1028571428571428,1.0932878270762232,0.9616204690831556
TW-L,0.004081632653061273,0.010309278350515427,0.031036296685954756,0.057744198596869856,0.23368942204917342,0.33013419771425534,0.4090793605875649,0.5305517192589067,0.5135329825733002,0.5236985026055088,0.7259137730273724,0.8262575970405923,0.7723576332390467,0.8197468747695025,0.7723576332390467,0.8830429640493005,0.967091415436117,0.7347967005479321,0.71469144077337,0.8610487515312053,0.8346742785245624,0.9522594349238749,0.8627223565235889,1.0447653114059539,0.993596978300511,0.9340310555128206,1.067212834784662,1.1587777597230131,1.2284532118926634,1.215344663587413,1.4762071254682976,1.8029056298433441,2.0416259331192825,2.368044325941839,2.282642251116055,2.718756302431294,2.889854010242687,3.4689261282723427,3.1426945209084627,4.142371550283592,3.0895306228119077,2.975714511428466,3.2471750265618837,3.750796468931722,4.54280776145098,4.460973531384738,4.92999501990905,5.003905102765889,5.2371191221145175
MRIT-L,0.07692307692307687,0.015625,0.015625,0.24999999999999978,0.24999999999999978,0.27450980392156854,0.18181818181818188,0.12068965517241392,0.20370370370370372,0.27450980392156854,0.2264150943396226,0.18181818181818188,1.03125,1.1666666666666665,2.095238095238095,2.095238095238095,2.095238095238095,1.8260869565217392,1.8260869565217392,1.5999999999999996,1.3214285714285712,1.03125,1.1666666666666665,1.1666666666666665,1.1666666666666665,1.096774193548387,0.9696969696969697,0.9696969696969697,1.03125,0.911764705882353,0.5853658536585367,0.7567567567567566,0.7567567567567566,0.7567567567567566,0.9696969696969697,1.03125,0.9696969696969697,0.4772727272727273,0.8055555555555556,0.911764705882353,0.6666666666666665,1.096774193548387,0.8055555555555556,0.4772727272727273,0.5853658536585367,0.5476190476190474,0.4772727272727273,0.27450980392156854,0.12068965517241392
CGT-L,0.027559055118110187,-0.036418816388467334,-0.030534351145038108,-0.07366885485047392,-0.05223880597014918,-0.036565012896373705,-0.020061728395061595,-0.05153099327856603,-0.02979373567608845,-0.04006046863189705,-0.015503875968992276,-0.017636138613861152,-0.037878787878787845,0.024193548387096753,-0.006259780907668211,-0.021420866081059975,-0.03304400791837958,-0.04583020285499617,-0.0620384047267355,-0.07163742690058461,-0.01244167962674958,-0.0523802417549617,-0.07109420713867753,-0.10285391353489681,-0.09801136363636354,-0.11312849162011174,-0.08501440922190195,-0.11424187473845715,-0.1234124792932082,-0.07299270072992703,-0.053369111508646316,-0.07366885485047392,-0.08037653874004336,-0.06959706959706946,-0.06686260102865516,-0.04940119760479045,-0.007812499999999778,-0.010132501948557748,0.024193548387096753,0.029173419773095732,0.01018135539293663,0.044407894736842035,0.03758169934640532,-0.002983199874391551,0.014376996805111952,-0.020061728395061595,-0.010903426791277204,0.024193548387096753,0.029173419773095732
ABF-L,0.07158836689038028,-0.03545006165228115,0.07120849024306741,0.042652449183605556,0.08872651356993733,0.11115056818181812,0.014262560777957844,0.00481695568400764,-0.0203506574827802,-0.023712948517940813,0.1714713590415573,0.178975131876413,0.09100418410041833,0.1275675675675676,0.03199208443271773,0.03335535006605017,0.04404404404404394,0.12392241379310343,0.05353535353535355,0.16492926284437837,0.257636655948553,0.3610265332753373,0.39004886717014675,0.6590668080593849,0.6661341853035143,0.6013306038894575,0.7869788692175899,0.7033206314643441,0.6070878274268103,0.6204039357845674,0.6795491143317229,0.7728045325779036,0.9666876178504085,1.1113360323886639,1.2446197991391679,1.392201834862385,1.3455772113943025,1.4464425332290851,1.4293478260869565,1.6812339331619537,1.5336032388663967,1.5377128953771293,1.59452736318408,1.662978723404255,1.8062780269058294,1.803763440860215,1.8759191176470584,1.8368087035358114,1.8812154696132595
EOG-L,-0.3902439024390245,-0.08888888888888868,-0.3403157850413514,-0.4062842065372163,-0.2158470652378328,-0.15183458076745193,-0.35062335090008034,0.013661110790118336,-0.20076720110779112,-0.3976796298203643,-0.32967571705814747,-0.32967571705814747,-0.2955914314848329,-0.32967571705814747,-0.2834464561656058,-0.30733157429341906,-0.37030143117583536,-0.37030143117583536,-0.2708753413614937,-0.4146464008113401,-0.15183458076745193,-0.42653446255721994,-0.4491712600878558,-0.3355081867726515,-0.41856966342607005,-0.4767126970834632,-0.4767126970834632,-0.5498603845879253,-0.5348557307408561,-0.31372156994552536,-0.4767126970834632,-0.4767126970834632,-0.4491712600878558,-0.48947580203264707,-0.36571236010116726,-0.3022835961112842,-0.04856854015175127,-0.0032622801589774486,-0.08993512536254444,-0.16274031533354094,-0.34589087135432883,-0.4418268768890272,-0.5449675626812722,-0.42653446255721994,-0.48947580203264707,-0.19494261089763554,-0.49562669598406084,-0.43428399684698704,-0.6013049120635908
DPP-L,0.013513513513513598,0.02777777777777768,0.06474820143884896,0.08029197080291972,0.11278195488721798,-0.038961038961038974,-0.20430107526881724,1.0,1.4262295081967213,0.9473684210526316,1.0,0.9733333333333334,0.922077922077922,0.8734177215189873,0.7411764705882353,0.8271604938271604,0.8271604938271604,0.8271604938271604,0.19354838709677424,0.22314049586776852,0.11278195488721798,0.034965034965035,0.10447761194029859,0.0,-0.02631578947368418,0.0,-0.10843373493975905,-0.02631578947368418,-0.13953488372093026,-0.23711340206185572,-0.24489795918367352,-0.3833333333333333,-0.19565217391304346,-0.05128205128205132,-0.23711340206185572,-0.3392857142857143,-0.5697674418604651,-0.4714285714285714,-0.5487804878048781,-0.5316455696202531,-0.6063829787234043,-0.6916666666666667,-0.6890756302521008,-0.6916666666666667,-0.7214562121674959,-0.7214562121674959,-0.7404047691629043,-0.7538032326899802,-0.7658865096131713
AEGR-L,0.16666666666666674,-0.07272727272727275,-0.18400000000000005,-0.19999999999999996,-0.24723247232472323,0.05699481865284972,-0.051162790697674376,0.1657142857142857,0.6859504132231404,0.5223880597014925,0.6451612903225807,0.7142857142857142,0.8214285714285714,0.871559633027523,1.292134831460674,1.125,1.7200000000000002,1.7200000000000002,1.5822784810126582,1.3448275862068964,1.4,1.8333333333333335,1.2666666666666666,1.04,0.7739130434782608,1.04,1.7200000000000002,2.709090909090909,3.6363636363636367,3.340425531914893,2.4,2.1875,2.1384615384615384,1.6153846153846154,1.6153846153846154,1.292134831460674,1.5499999999999998,1.2666666666666666,2.1384615384615384,1.9142857142857141,1.7200000000000002,1.2666666666666666,0.5692307692307692,0.8545454545454545,0.7,0.7,0.5692307692307692,1.2666666666666666,0.8545454545454545
HUMR-L,-0.02020202020202022,-0.09999999999999998,-0.2384615384615385,-0.30281690140845074,-0.2265625,-0.2016129032258065,-0.31807173279212564,-0.31807173279212564,-0.2679299484386054,-0.2988624858285236,-0.3854226727632738,-0.3854226727632738,-0.5347592195684596,-0.5411911197587573,-0.5671237955984798,-0.4647229730518836,-0.49716400498813307,-0.5347592195684596,-0.4468804054869464,-0.40737186302172823,-0.25700352975858465,-0.2988624858285236,-0.427807316020979,-0.3777404561728147,-0.5166916164449046,-0.1703206082304196,0.005671990023733864,-0.40023176498584545,-0.40737186302172823,-0.5166916164449046,-0.6431486487012558,-0.6982984029928798,-0.6613553502981304,-0.685925782295427,-0.7767678766539245,-0.7854277435078671,-0.7510961824691259,-0.7071719793754422,-0.7757623265487621,-0.7747476764426479,-0.7757623265487621,-0.8085355249762507,-0.8404462708135423,-0.8482293795543451,-0.7917122865850426,-0.7854277435078671,-0.8092691053403264,-0.8156268018289821,-0.824715621457131
NBMI-L,-0.0026343519494207435,-0.02965235173824121,-0.03064351378958108,-0.021649484536082397,-0.015560165975103568,-0.010943199583115959,-0.007322175732217495,-0.0031512605042016695,-0.04527162977867194,-0.020134228187919323,-0.021649484536082397,-0.005241090146750338,-0.031632653061224425,-0.03850050658561299,-0.0433467741935486,-0.045751633986928164,-0.04814443329989948,-0.05194805194805174,-0.05572139303482593,-0.07864077669902891,-0.10132575757575735,-0.0970504281636535,-0.08220502901353932,-0.0953288846520497,-0.0970504281636535,-0.12534562211981548,-0.09273422562141476,-0.08486017357762765,-0.0970504281636535,-0.11802973977695186,-0.08309178743961343,-0.0804263565891471,-0.05759682224428986,-0.05946481665014869,-0.038987341772151685,-0.050050050050050254,-0.04957436154231354,-0.038987341772151685,-0.03654822335025332,-0.03409669211195909,-0.05194805194805174,-0.04814443329989948,-0.05806451612903196,-0.030395913154533605,0.01361815754339113,0.009574468085106647,-0.029156010230178886,-0.008877284595300128,-0.03409669211195909
CAPX-L,0.14345991561181437,0.025974025974025983,0.0304347826086957,0.6458333333333333,0.6344827586206896,2.761904761904762,5.076923076923077,2.5373134328358207,1.0608695652173914,0.7555555555555555,0.7173913043478259,0.5490196078431371,0.6458333333333333,0.6232876712328768,0.6122448979591837,1.0608695652173914,0.9426229508196722,0.7555555555555555,0.6690140845070423,0.4999999999999998,0.5095541401273886,0.4363636363636363,0.18500000000000005,0.05333333333333323,0.05333333333333323,0.05333333333333323,-0.10566037735849054,-0.07058823529411773,-0.16842105263157903,-0.24761904761904763,-0.27076923076923076,-0.35945945945945945,-0.4488372093023256,-0.5352941176470589,-0.5690909090909091,-0.5163265306122449,-0.4488372093023256,-0.6661971830985915,-0.7178571428571429,-0.7211764705882353,-0.7939130434782609,-0.7956896551724137,-0.7956896551724137,-0.7764150943396226,-0.6514705882352941,-0.5163265306122449,-0.6409090909090909,-0.48478260869565215,-0.4957446808510638
PCGH-L,-0.02170767004341534,-0.052126200274348444,0.002902757619738683,-0.015669515669515688,-0.01002865329512892,-0.022630834512022635,0.034431137724550975,0.016924208977189048,0.022189349112426093,0.07298136645962727,0.09769658459094521,0.11451612903225805,0.1497504159733778,0.19137931034482758,0.1412056151940544,0.15842414082145861,0.1272430668841762,0.16329966329966328,0.12908496732026142,0.1872852233676976,0.2350312779267203,0.2208480565371025,0.18626609442060094,0.2038327526132404,0.21228070175438596,0.12175324675324672,0.1751700680272108,0.18321917808219168,0.1346469622331692,0.20593368237347298,0.3087121212121211,0.28917910447761197,0.3987854251012146,0.4486373165618449,0.45780590717299585,0.3945509586276488,0.45780590717299585,0.39174219536757304,0.5087336244541485,0.530454042081949,0.5021739130434784,0.49891540130151846,0.5563063063063063,0.5722411831626848,0.5563063063063063,0.6374407582938388,0.6297169811320755,0.6297169811320755,0.6874236874236874
IES-L,0.07317073170731736,-0.023809523809523836,-0.04651162790697683,0.0,-0.023809523809523836,0.07894736842105288,0.3666666666666669,-0.023809523809523836,-0.12765957446808496,-0.293103448275862,-0.023809523809523836,-0.14583333333333315,0.20588235294117663,0.32258064516129026,0.13888888888888906,-0.20690576936011196,-0.08621751687143331,0.31356231949731517,0.4011331407971357,0.20097126354040196,-0.044681949456498504,-0.3533231657859376,-0.17580403482521423,-0.17580403482521423,0.5229708052142779,0.8599112488457554,2.1368652405906023,3.3785410649910492,3.6704438026571182,2.9654711531994415,2.5028328519928396,2.2333841710703126,1.3352219013285591,0.8275649662571334,0.4494480766866922,0.10615774273458056,0.2362939477621786,0.2737574007246688,0.025219371314977312,0.16761095066427956,0.0508498555978516,-0.044681949456498504,-0.15932011552171865,-0.249392960287249,-0.1421633831854271,-0.3220323512271924,-0.4469211286327097,-0.562145893500895,-0.6344870067485734
ACRM-L,0.0,0.0,-0.032258064516129004,-0.032258064516129004,0.25,0.15384615384615374,0.25,0.0714285714285714,0.0714285714285714,0.0714285714285714,-0.0625,-0.0625,0.0,0.0,0.0,0.0,-0.032258064516129004,-0.032258064516129004,0.0714285714285714,-0.032258064516129004,0.0714285714285714,0.30434782608695654,1.1428571428571428,1.1428571428571428,2.0,2.0,1.0,0.875,0.5789473684210527,0.5789473684210527,0.36363636363636354,0.30434782608695654,0.15384615384615374,0.15384615384615374,0.15384615384615374,-0.09090909090909094,0.034482758620689724,0.15384615384615374,0.15384615384615374,0.5789473684210527,0.6666666666666667,0.6666666666666667,1.3076923076923075,1.3076923076923075,1.3076923076923075,2.0,1.0,1.727272727272727,2.0
CKT-L,0.12962962962962954,0.018867924528301883,-0.18181818181818177,-0.0357142857142857,0.2272727272727273,0.3846153846153846,0.2558139534883721,0.19999999999999996,0.5,0.42105263157894735,0.3846153846153846,0.2272727272727273,0.588235294117647,0.2857142857142858,0.42105263157894735,0.5,0.45945945945945943,0.2857142857142858,0.17391304347826098,-0.06896551724137934,-0.06896551724137934,0.0,-0.31645569620253167,-0.3647058823529412,-0.3932584269662921,-0.4130434782608695,-0.4807692307692307,-0.509090909090909,-0.37209302325581395,-0.44329896907216493,-0.5178571428571428,-0.5423728813559322,-0.6142857142857143,-0.6142857142857143,-0.625,-0.6086956521739131,-0.6493506493506493,-0.6538461538461539,-0.6516129032258065,-0.6086956521739131,-0.6878612716763006,-0.696629213483146,-0.71875,-0.6625,-0.6785714285714286,-0.6493506493506493,-0.7403846153846154,-0.7428571428571429,-0.7692307692307692
DIAL-L,0.06240126382306488,0.1614678899082569,0.21380632790028753,-0.14747474747474743,-0.10593220338983056,-0.16545814106789714,-0.08127721335268501,-0.050262565641410406,-0.22426470588235292,-0.1915708812260536,-0.2566059894304169,-0.31493506493506496,-0.30324711062190424,-0.3024793388429752,-0.29627570872707054,-0.30170987313844455,-0.30819672131147546,-0.29666666666666663,-0.26051401869158874,-0.16325181758096496,-0.25791324736225085,-0.3226324237560193,-0.4203296703296703,-0.44229074889867837,-0.537956204379562,-0.458974358974359,-0.45052083333333337,-0.5149425287356322,-0.5160550458715596,-0.5204545454545455,-0.4903381642512077,-0.4348214285714286,-0.40283018867924525,-0.4045155221072436,-0.4363312555654497,-0.47250000000000003,-0.458974358974359,-0.3854368932038835,-0.4017013232514177,-0.352760736196319,-0.38062622309197647,-0.3193548387096774,-0.2765714285714286,-0.1531772575250836,-0.07994186046511631,-0.1364256480218281,-0.1531772575250836,-0.18846153846153846,-0.1393609789259007
NTV-L,-0.007168458781361964,0.0072202166064980755,0.014545454545454417,-0.035214651392138974,0.02080514304315617,0.02080514304315617,0.03753965358484734,0.04784633888535894,0.04784633888535894,0.027433747868111702,0.040952612971639546,0.027433747868111702,0.027433747868111702,0.027433747868111702,0.027433747868111702,0.027433747868111702,0.02410871955785887,0.049584060840392574,-0.004875489486231399,0.027433747868111702,0.03414900112215147,0.04784633888535894,0.061911390414021605,0.05835984730226884,0.05835984730226884,0.054831981144594755,0.027433747868111702,0.03414900112215147,0.14448316218220025,0.09878331369228621,0.09878331369228621,0.10646711308873558,0.15492552680065108,0.15492552680065108,0.18966012911044516,0.212450553039764,0.212450553039764,0.212450553039764,0.20782287917319997,0.14655650124412478,0.18520447319617372,0.18520447319617372,0.18966012911044516,0.19640678390691257,0.1986727058461304,0.21477771341028196,0.17858321915597175,0.176392544027429,0.20782287917319997
MTL-L,-0.27757398942715084,-0.02777777777777779,-0.27083333333333326,-0.3137254901960784,-0.10256410256410264,0.12903225806451624,-0.16666666666666663,-0.18604651162790697,-0.18604651162790697,-0.326923076923077,-0.30000000000000004,-0.30000000000000004,-0.4444444444444444,-0.4067796610169492,-0.339622641509434,-0.41666666666666663,-0.35185185185185186,-0.339622641509434,-0.23913043478260876,-0.16666666666666663,-0.125,-0.20454545454545459,-0.2222222222222222,-0.3137254901960784,-0.326923076923077,-0.25531914893617025,-0.25531914893617025,-0.38596491228070173,-0.2857142857142857,-0.25531914893617025,-0.435483870967742,-0.38596491228070173,-0.5138888888888888,-0.5138888888888888,-0.6022727272727273,-0.5625,-0.5625,-0.5394736842105263,-0.49275362318840576,-0.5394736842105263,-0.5679012345679013,-0.611111111111111,-0.6568627450980391,-0.588235294117647,-0.6428571428571428,-0.6499999999999999,-0.6728971962616823,-0.6759259259259259,-0.717741935483871
BIOM-L,0.0,-0.07272727272727275,-0.12371134020618557,0.12334801762114544,0.18604651162790709,0.6887417218543046,0.40883977900552493,0.0625,-0.019230769230769273,-0.16393442622950816,-0.14715719063545152,-0.29166666666666663,-0.29166666666666663,-0.3013698630136986,-0.26086956521739135,-0.27142857142857146,-0.2272727272727273,-0.13559322033898302,-0.2153846153846154,-0.203125,-0.2816901408450704,-0.2543859649122807,-0.29558011049723754,-0.26086956521739135,0.15909090909090917,0.722972972972973,-0.3002675447622968,-0.19261639780265005,-0.25028665510246084,-0.25028665510246084,-0.4475796406018132,-0.3825890100843795,-0.3002675447622968,-0.3002675447622968,-0.3440008232146533,-0.3825890100843795,-0.3825890100843795,-0.41688962063524726,-0.3440008232146533,-0.3825890100843795,-0.6720004116073266,-0.7084448103176236,-0.6380694197046362,-0.6251433275512304,-0.6912945050421897,-0.6501337723811484,-0.7084448103176236,-0.7237898203009066,-0.7614548448053284
FRAS-L,-0.041269841269841234,-0.013775829680651275,0.08173076923076916,0.17013372956909367,0.2681159420289856,0.2691377921031426,0.1454545454545455,0.09527121001390815,0.08921161825726132,0.17362146050670635,0.2295081967213115,0.2857142857142858,0.07581967213114749,0.18688771665410697,0.08247422680412364,0.001908396946564972,-0.008810572687224627,-0.11764705882352944,-0.013775829680651275,0.15808823529411775,0.09451007644197351,0.059179556153328816,0.1258041458184418,0.10837438423645329,0.13718411552346566,0.18421052631578938,0.39751552795031064,0.5335929892891917,0.6819735155916276,0.8705463182897861,0.8839712918660287,0.9545793000744602,0.9936708860759493,1.0529197080291968,0.9410894749815135,1.2793053545586108,1.5403225806451615,1.763157894736842,1.5403225806451615,1.7192679558011048,1.5684931506849313,1.6840490797546015,1.6840490797546015,2.146224530563324,2.6593866171003717,2.4661091549295775,2.3088235294117645,2.6041189931350113,2.6764705882352944
RNWH-L,-0.005015432098765427,-0.03714710252600295,0.06578947368421062,0.01567398119122254,0.11724137931034484,0.2272727272727273,0.15097690941385444,0.18248175182481763,0.1269565217391304,0.15921288014311274,0.11531841652323571,0.05882352941176472,0.13884007029876977,0.4025974025974026,0.35849056603773577,0.3500000000000001,0.3500000000000001,0.35849056603773577,0.4336283185840708,0.5766423357664234,0.8227848101265822,1.025,1.1966101694915254,1.2422145328719725,1.592,2.1116446578631454,2.2893401015228427,2.1153846153846154,2.306122448979592,2.6,2.6610169491525424,2.640449438202247,2.7784256559766765,2.702857142857143,2.9754601226993866,2.6610169491525424,2.640449438202247,2.7241379310344827,2.951219512195122,3.4383561643835616,3.348993288590604,3.408163265306122,3.3200000000000003,3.127388535031847,3.5314685314685317,4.023255813953488,4.225806451612903,4.734513274336283,4.0625
CAU-L,-0.059523809523809534,0.06329113924050644,0.10526315789473673,0.06329113924050644,0.02752293577981657,0.19148936170212782,0.3125,0.29729729729729715,0.2923076923076924,0.3493975903614457,0.4420600858369099,0.40000000000000013,0.39419087136929454,0.4736842105263155,0.33864541832669315,0.3125,0.3176470588235294,0.20430107526881724,0.15463917525773163,0.2998065764023212,0.39419087136929454,0.5272727272727273,0.5,0.6633663366336631,0.9764705882352935,1.0363636363636366,1.4705882352941178,1.4347826086956514,0.7872340425531912,0.8360655737704916,0.6633663366336631,0.5067264573991033,0.8064516129032258,0.6799999999999999,0.6716417910447763,0.8876404494382022,1.3252595155709344,1.765432098765432,1.4000000000000004,1.5168539325842691,1.6250000000000004,1.1818181818181812,0.9881656804733729,1.3496503496503496,1.535849056603773,1.317241379310345,1.1,1.1,1.1265822784810129
TRIN-L,0.4411764705882353,-0.2376681614349776,-0.6666666666666667,-0.7258064516129032,-0.7536231884057971,-0.7792207792207793,-0.7718120805369127,-0.7806451612903226,-0.8425925925925926,-0.8811188811188811,-0.9109947643979057,-0.9293139293139293,-0.9544846050870147,-0.9515669515669516,-0.957286432160804,-0.9598108747044918,-0.9591346153846154,-0.9608294930875576,-0.9617977528089887,-0.9718543046357616,-0.9699646643109541,-0.96579476861167,-0.9643979057591623,-0.9577114427860697,-0.9617117117117118,-0.9565772669220945,-0.96,-0.9638297872340426,-0.9606481481481481,-0.9651282051282051,-0.96579476861167,-0.9704347826086956,-0.9792682926829268,-0.9792682926829268,-0.9792682926829268,-0.9796407185628743,-0.975886524822695,-0.9755395683453237,-0.9714285714285714,-0.9824742268041237,-0.9929166666666667,-0.9933333333333333,-0.9932270916334661,-0.990633608815427,-0.9922018348623853,-0.9911917098445596,-0.9922018348623853,-0.9908602150537634,-0.9929460580912863
VIP-L,0.01425554382259775,-0.06974459724950888,-0.0751953125,-0.0924772400574988,-0.07156862745098036,-0.06561420818944252,-0.06791338582677164,-0.07247796278158669,-0.08546595847416705,-0.12999540652273767,-0.09809523809523812,-0.07156862745098036,-0.10321969696969702,-0.10151802656546494,-0.10109159943046986,-0.13278388278388276,-0.14376130198915005,-0.11660447761194026,-0.15067264573991035,-0.13634290925672599,-0.10236966824644544,-0.11495327102803743,-0.11988847583643125,-0.06607495069033531,-0.03955375253549698,0.0042417815482502785,0.07369614512471645,0.07369614512471645,0.10630841121495327,0.11280846063454764,0.13277511961722488,0.14096385542168677,0.27972972972972965,0.26098535286284963,0.2677376171352075,0.2901907356948228,0.3134535367545077,0.3567335243553009,0.3684971098265897,0.3824817518248176,0.3171070931849791,0.3044077134986225,0.27628032345013476,0.2954856361149112,0.32170272156315427,0.27972972972972965,0.28668478260869557,0.35285714285714276,0.30082417582417587
DCC-L,0.046099290780141855,-0.05069306930693074,-0.06912621359223303,-0.08598665395614868,0.1425166825548141,0.17212713936430313,0.24164724164724172,0.3542372881355933,0.3630935456354847,0.3693230505569838,0.363869132290185,0.4079295154185023,0.3443634324172742,0.411245216367383,0.34022924238188423,0.33426106317840243,0.5718032786885245,0.43361244019138745,0.5326086956521738,0.728813559322034,0.6071069393228294,0.6856540084388185,0.7072649572649572,0.8836935166994107,0.8488237562668723,0.7955056179775282,0.855263157894737,0.850965250965251,0.9850931677018633,0.9975,1.0619354838709678,1.258805115712546,1.2433213709677418,1.392876129032258,1.4759399198931908,1.4519334508594097,1.653045779685265,1.7971025641025644,2.0195044776119406,1.9514254641909812,1.8662735703245747,1.9608499201703045,1.8744184965125292,1.9592749999999999,1.9482972972972972,2.0907983333333338,1.7907885628291953,1.928124736842105,1.9067068965517242
MRON-L,0.027360308285163892,-0.06855707106963382,0.03017070265978572,-0.022230595327807023,-0.017789553368660282,-0.059100797679477846,-0.1332665330661319,-0.0349702864582454,-0.03569315515752769,0.019682881476990932,0.02211166166312073,0.046625721841219825,-0.06815082311639487,-0.02102689135764213,-0.031703920372545435,-0.080136021532904,-0.09564479250811342,-0.1431949165625952,-0.19161718187459953,-0.143881647244683,-0.13847398477714623,-0.10854136436520645,-0.18455939150712897,-0.14331561858170438,-0.13037910946632725,-0.10546418578172434,-0.005575497394341822,-0.00020437739570056124,0.036588101516138005,-0.02977527001484681,-0.00020437739570056124,0.07753440906043418,0.10983736779029751,0.18170098212053976,0.04663580524650435,0.06425883112539799,0.10228424236084388,0.18331975058919836,0.23452086065767808,0.14313223985616874,0.03767243185121494,0.0474550415789452,0.1722547544587838,0.20576547798486877,0.30489314689969405,0.33981822818436314,0.42801942815888183,0.602315151539512,0.5184606586089444
GFRD-L,-0.0714700755374782,-0.028232636928289034,-0.024929178470254776,0.029922202274087484,0.14352159468438552,0.2085674157303372,0.14200398142004,0.3299845440494591,0.37240829346092497,0.42584921292460653,0.4164609053497945,0.35832675611681153,0.3197852760736195,0.35086342229199374,0.47598627787307035,0.5203180212014136,0.4498736310025273,0.2710487444608567,0.3519245875883741,0.49782419495213226,0.49262792714657433,0.5673952641165756,0.5123022847100176,0.6312796208530804,0.759713701431493,0.717564870259481,0.7927083333333333,0.8154008438818567,0.7436676798378925,0.8406417112299467,0.8485499462943076,1.0415183867141162,1.2900864936793082,1.3853083853083854,1.3069705093833779,1.357534246575343,1.6723602484472049,1.8190008190008196,1.6599690880989182,1.9469178082191783,1.6620262954369687,1.821311475409836,1.8924369747899163,2.541152263374485,2.554316398182569,2.615546218487395,2.737242128121607,2.8739448508722565,2.9907246376811596
DLN-L,0.023452952811528816,-0.027212754260582783,0.01143183766790501,-0.013106525376464062,0.0433372641509433,0.03177842565597655,0.03268164575430399,0.07437765634486948,0.17888074616922034,0.16414473684210518,0.19722598105548017,0.3092859785423603,0.26347732952516956,0.34154662623199394,0.31074074074074076,0.285039941902687,0.2963369963369962,0.2953879941434845,0.30206033848417935,0.3900235663786329,0.45219532211735736,0.47458333333333336,0.41221069433359925,0.47458333333333336,0.48635027299454014,0.436865611043443,0.5407052677405311,0.49514152936206157,0.5188841201716736,0.63539741219963,0.5999095840867992,0.6338873499538318,0.6278748850045999,0.6998078770413063,0.6820342205323193,0.8001017293997963,0.8499738630423417,0.7955352612886859,0.8754636989931106,0.9949267192784668,0.9949267192784668,1.0456647398843928,1.0456647398843928,1.0245995423340961,1.22438717787555,1.1778461538461538,1.148755312689739,1.4782913165266107,1.2412919569347687
ECRE-L,-0.07999999999999996,0.0,-0.24242424242424243,-0.47916666666666663,-0.5,-0.5,-0.609375,-0.6323529411764706,-0.6710526315789473,-0.6212121212121212,-0.6875,-0.7159090909090908,-0.7395833333333333,-0.7159090909090908,-0.7159090909090908,-0.75,-0.7340425531914894,-0.7159090909090908,-0.7395833333333333,-0.7685185185185185,-0.8046875,-0.8563218390804598,-0.8251748251748252,-0.7807017543859649,-0.8188405797101449,-0.43181818181818177,-0.3902439024390244,-0.43181818181818177,-0.5192307692307692,-0.537037037037037,-0.7340425531914894,-0.7395833333333333,-0.7685185185185185,-0.7983870967741935,-0.8134328358208955,-0.8641304347826086,-0.8983739837398375,-0.90234375,-0.8310810810810811,-0.8670212765957447,-0.9198717948717948,-0.930939226519337,-0.9410377358490566,-0.9472573839662447,-0.9390243902439024,-0.9479166666666666,-0.9444444444444444,-0.9468085106382979,-0.9537037037037037
AFEN-L,-0.19780219780219777,-0.1651376146788991,-0.05208333333333337,0.1339563862928348,0.040000000000000036,0.7499999999999998,3.945652173913044,4.055555555555555,3.439024390243902,3.9189189189189184,3.9189189189189184,1.8217054263565893,1.4429530201342282,1.068181818181818,0.956989247311828,0.7169811320754715,0.8383838383838382,0.5423728813559321,0.5689655172413792,0.5555555555555556,0.32846715328467146,0.421875,0.1165644171779141,0.08982035928143706,0.07692307692307687,0.011111111111111072,0.02824858757062132,0.7333333333333334,0.5826086956521739,0.625,0.45599999999999996,0.4330708661417322,0.368421052631579,0.2297297297297296,0.2093023255813955,0.8019801980198018,0.8958333333333333,1.0222222222222221,1.1040462427745665,1.0449438202247192,0.8762886597938142,0.6545454545454545,0.956989247311828,0.49180327868852447,0.467741935483871,0.26388888888888884,0.5166666666666664,0.467741935483871,0.10975609756097549
DRV-L,-0.014285714285714346,0.01449275362318847,-0.04761904761904756,0.21739130434782616,0.21739130434782616,0.16666666666666674,-0.020979020979020935,-0.18128654970760227,-0.2222222222222222,-0.306930693069307,-0.29292929292929293,-0.36363636363636365,-0.28205128205128205,-0.29648241206030157,-0.3301435406698564,-0.29292929292929293,-0.34272300469483574,-0.34272300469483574,-0.3457943925233644,-0.4017094017094017,-0.41908713692946054,-0.3721973094170403,-0.44000000000000006,-0.41666666666666663,-0.38596491228070173,-0.2893401015228426,-0.2670157068062827,-0.3457943925233644,-0.19540229885057459,-0.15662650602409633,-0.23497267759562845,-0.007092198581560183,-0.041095890410958735,0.01449275362318847,-0.02777777777777768,0.044776119402985204,0.08527131782945752,0.19658119658119655,0.3084112149532712,0.3207547169811322,0.35922330097087385,0.8181818181818181,0.75,1.058823529411765,1.4137931034482758,1.6923076923076925,1.6923076923076925,2.2941176470588234,1.6415094339622645
TYMN-L,-0.05831903945111494,-0.04504504504504503,-0.10030864197530864,-0.09891808346213293,-0.005119453924914641,-0.09331259720062213,-0.1382113821138211,-0.05967741935483872,-0.07898894154818326,-0.02833333333333332,0.06000000000000005,0.14201762977473065,0.06000000000000005,0.02280701754385972,0.07962962962962972,0.025505716798592815,0.05234657039711199,-0.050488599348534224,0.12657004830917873,0.12115384615384617,0.26601520086862096,0.2524167561761548,0.22222222222222232,0.4150485436893203,0.3130630630630631,0.2524167561761548,0.3637426900584795,0.3130630630630631,0.45050143934277886,0.4720435399270777,0.6519599725848315,0.6895045174163053,0.8879542543826648,0.8355110806498129,0.7287953201469171,0.8584549691579357,1.1625657822928708,1.300601896056245,1.2961605796545923,1.305060426862556,1.3230687114474198,1.3230687114474198,1.305060426862556,1.305060426862556,1.6314406642944221,2.003563586517876,1.8869203404395116,2.154936817668644,2.341042641182806
CNA-L,-0.06540084388185652,-0.10734463276836159,-0.10159211523881728,-0.14378612716763006,-0.06912804399057337,-0.06985871271585564,-0.03853955375253548,-0.19195363109444263,-0.14378612716763006,-0.15838068181818188,-0.19796954314720816,-0.2249836494440811,-0.2639751552795031,-0.22750977835723596,-0.24642289348171698,-0.2963182897862233,-0.28181818181818186,-0.27853881278538817,-0.24353654644111078,-0.24474187380497137,-0.31064572425828973,-0.2986090559337081,-0.3320180383314544,-0.35615321923390386,-0.390588840318848,-0.3987823439878234,-0.3418494862538184,-0.36153017241379304,-0.36664885088188137,-0.3659711075441413,-0.33258237116305267,-0.328802039082413,-0.3045774647887324,-0.27853881278538817,-0.27478580171358635,-0.2802915274825387,-0.27941623593797504,-0.2584480600750939,-0.2584480600750939,-0.22624877571008817,-0.24111431316042264,-0.2662538699690402,-0.2224409448818898,-0.20255720053835802,-0.20228879165264224,-0.21445144182963205,-0.18696397941680964,-0.21026324558480514,-0.21131447587354413
GRL-L,-0.21052631578947367,-0.09523809523809523,-0.09523809523809523,0.021505376344086002,0.2666666666666666,0.2666666666666666,0.1875,0.11764705882352944,-0.050000000000000044,-0.13636363636363635,-0.3214285714285714,-0.3666666666666667,-0.40625,-0.5642201834862386,-0.6481481481481481,-0.5103092783505154,-0.478021978021978,-0.7085889570552146,-0.7738095238095238,-0.7934782608695652,-0.7205882352941176,-0.7888888888888889,-0.8333333333333334,-0.8582089552238806,-0.8333333333333334,-0.7790697674418605,-0.8272727272727273,-0.8416666666666667,-0.8389830508474576,-0.875,-0.8841463414634146,-0.912037037037037,-0.9151785714285714,-0.9068627450980392,-0.9246031746031746,-0.9340277777777778,-0.9296296296296296,-0.9387096774193548,-0.941717791411043,-0.9316546762589928,-0.9447674418604651,-0.9527363184079602,-0.9547619047619048,-0.9577777777777777,-0.9457142857142857,-0.9536585365853658,-0.9648148148148148,-0.9654545454545455,-0.9712121212121212
GHH-L,-0.02109581013770878,-0.06467525349410796,-0.06236263736263736,0.10096774193548397,0.1842470506592644,0.24109090909090902,0.24380466472303208,0.27732035928143706,0.2401889534883721,0.264542423119674,0.34264358772619974,0.2631384159881569,0.2640740740740741,0.37068273092369486,0.33790670325362604,0.378989898989899,0.29574791192103267,0.23435804701627494,0.19335664335664338,0.1696367374914325,0.19085833914863914,0.24562043795620436,0.43343133137337264,0.544343891402715,0.5948598130841121,0.6730392156862746,0.6730392156862746,0.7064999999999999,0.8650273224043716,0.9614942528735633,0.977404403244496,0.9217342342342343,0.8508676789587852,0.8548913043478261,0.9502857142857142,0.9502857142857142,1.0990159901599017,1.1198757763975156,1.0437125748502996,1.3217687074829931,1.0810975609756097,1.0510817307692308,1.0634824667472795,0.9282485875706215,1.4378571428571427,1.2162337662337661,1.2753333333333332,1.370138888888889,1.019526627218935
CLLN-L,-0.09565217391304337,-0.03080499854693408,-0.04768703597944024,0.00877192982456143,0.027101940252540757,0.036680136773391325,-0.07566518847006654,-0.015643447461629267,0.003309265944644979,-0.030241349229427117,-0.0011979634621143154,0.09595793624712456,-0.012437074326325126,0.010606060606060508,0.0009003601440575881,-0.0694754464285714,-0.09816116819902654,-0.09103297901335505,-0.0930106064726679,0.0021033653846154188,0.024262899262899262,0.1206317204301075,0.08033689666342725,0.07858990944372568,0.1429061000685401,0.11166666666666658,0.18011323425336156,0.307843137254902,0.22610294117647056,0.2122864412940748,0.08279220779220786,0.07893885473956641,0.03571428571428581,0.1480206540447504,0.05772280367903582,0.21670923020795319,0.19277539341917005,0.30938358853553205,0.19064619778650482,0.31558185404339256,0.13127544097693344,0.11203734578192748,0.010606060606060508,0.0600762873490146,0.05271464646464641,0.1213853396099529,0.02269242563630791,0.01583917148949121,-0.03164924506387912
MTU-L,-0.024201355275895398,-0.029135338345864792,-0.020853080568720372,-0.028678890456041328,0.06714876033057848,0.11075268817204309,0.12282608695652164,0.18735632183908035,0.19421965317919065,0.19009216589861722,0.15872125630959055,0.16723163841807898,0.0971853425385023,0.15161649944258637,0.12374218112591784,0.07213284898806438,0.03714859437751006,0.018737672583826415,-0.015252621544328049,0.0009689922480620172,0.03299999999999992,0.0677002583979327,0.07380457380457384,0.06275720164609044,0.12039045553145322,0.163288288288288,0.23860911270983198,0.17186613726602373,0.1778791334093499,0.1822603719599427,0.21101992966002325,0.25364077669902896,0.29286608260325386,0.3875083948959033,0.3828647925033466,0.39783491204330157,0.4092769440654844,0.4569816643159377,0.5191176470588235,0.5417910447761194,0.4673295454545452,0.47571428571428576,0.4831299353912417,0.6121732344908308,0.6927488734125355,0.6293375394321765,0.5892307692307692,0.596599690880989,0.46941678520625896
CML-L,-0.014184397163120588,-0.0447154471544714,-0.06249999999999989,0.029197080291970767,0.04444444444444451,0.021739130434782705,-0.07843137254901944,-0.10759493670886078,-0.17543859649122806,0.0,0.2155172413793105,0.1370967741935485,0.07633587786259577,-0.007042253521126751,-0.04081632653061229,-0.3441860465116279,-0.38427947598253265,-0.38427947598253265,-0.381578947368421,-0.41493775933609955,-0.359090909090909,-0.3705357142857142,-0.33615819209039544,-0.33364839319470696,-0.3447955390334573,-0.2806122448979591,-0.2656249999999999,-0.19795221843003408,-0.09032258064516108,-0.14337788578371802,-0.14545454545454528,-0.13177339901477825,-0.06622516556291391,-0.07480314960629919,-0.10419313850063527,0.05697151424287861,0.24558303886925792,0.16528925619834722,0.29834254143646466,0.4128256513026054,0.2702702702702704,0.24338624338624348,0.35576923076923106,0.4779874213836479,0.7070217917675545,0.6785714285714288,0.6095890410958904,0.7625000000000004,0.7537313432835824
ESOE-L,-0.013636363636363669,0.004566210045662045,0.0185185185185186,-0.004524886877828038,-0.004524886877828038,0.004566210045662045,0.004566210045662045,-0.026548672566371723,-0.051724137931034475,-0.051724137931034475,-0.05982905982905984,-0.051724137931034475,-0.051724137931034475,-0.022222222222222254,-0.0393013100436681,-0.0393013100436681,0.05263157894736836,0.04761904761904767,0.14583333333333326,0.26436781609195403,0.20879120879120872,0.17021276595744683,0.22905027932960897,0.4965986394557824,0.5714285714285714,0.5492957746478873,0.6296296296296295,0.76,0.8032786885245902,0.7886178861788617,0.9469026548672566,0.9642857142857142,0.9642857142857142,0.9819819819819819,0.9819819819819819,0.9819819819819819,0.9469026548672566,0.9469026548672566,0.9642857142857142,1.156862745098039,1.3157894736842106,1.3157894736842106,1.3157894736842106,1.3157894736842106,1.6506024096385543,1.7848101265822787,1.8947368421052633,1.8571428571428572,1.75
C3U-L,0.0,-0.096551724137931,-0.01132075471698113,0.0,0.01945525291828787,-0.047272727272727244,-0.09027777777777779,-0.1266666666666667,-0.07092198581560283,-0.06428571428571428,-0.01132075471698113,0.015503875968992276,0.007692307692307665,0.0,0.007692307692307665,0.0234375,0.19090909090909092,0.3034825870646767,0.14410480349344978,0.5321637426900585,0.6273291925465838,0.6273291925465838,0.7350993377483444,0.7466666666666666,0.7236842105263157,0.7945205479452055,1.096,0.9699248120300752,0.9848484848484849,0.955223880597015,0.9699248120300752,1.4716981132075473,1.1833333333333331,1.2203389830508473,1.046875,0.9124087591240877,1.0310077519379846,0.8581560283687943,0.806896551724138,0.9848484848484849,1.5436893203883497,1.3392857142857144,0.9848484848484849,1.046875,1.096,0.9124087591240877,1.0310077519379846,1.0,1.425925925925926
IHC-L,0.06896551724137923,0.03571428571428581,-0.05434782608695654,-0.033333333333333326,0.5130434782608695,0.24285714285714288,0.24285714285714288,0.3384615384615386,0.288888888888889,0.15999999999999992,0.08750000000000013,0.15999999999999992,-0.3555555555555555,-0.3672727272727272,-0.22666666666666668,-0.15121951219512197,-0.3307692307692307,-0.5857142857142856,-0.5703703703703704,-0.6045454545454545,-0.5098591549295775,-0.6089887640449438,-0.6375,-0.580722891566265,-0.4476190476190476,-0.08421052631578951,0.19999999999999996,-0.005714285714285672,0.3920000000000001,0.3384615384615386,0.24285714285714288,0.15999999999999992,0.288888888888889,0.15999999999999992,0.1225806451612903,0.15999999999999992,0.0235294117647058,0.0235294117647058,0.0235294117647058,0.0235294117647058,-0.005714285714285672,-0.005714285714285672,0.054545454545454675,0.1225806451612903,0.24285714285714288,0.1225806451612903,0.4500000000000002,0.4500000000000002,0.3384615384615386
TAVI-L,-0.07305936073059349,-0.026666666666666727,0.622222222222222,0.6590909090909092,1.4065934065934065,1.28125,1.0857142857142854,1.4333333333333331,-0.09110622540358104,-0.1229972350385431,-0.09110622540358104,-0.2425885211696508,0.11087016895117863,0.31550414744218536,0.1361172182455237,-0.1073364713785171,-0.2189194124562026,-0.1073364713785172,-0.03867004609994151,-0.16684737328661603,-0.13811797236546475,-0.30570614440551314,-0.5690589861827324,-0.3422479262789073,-0.375135529964962,0.041440783391730074,-0.7727765563508953,-0.791711843321654,-0.8077340092199883,-0.7222824577622053,-0.791711843321654,-0.8214672942757034,-0.7222824577622053,-0.7500542119859848,-0.8077340092199883,-0.8077340092199883,-0.8863882781754476,-0.9074274859207351,-0.895855921660827,-0.9038670046099941,-0.9000216847943939,-0.9166847373286616,-0.9285869177102813,-0.9193723264470919,-0.9324470843205365,-0.9375135529964962,-0.954555311270179,-0.9519335023049971,-0.9626946585053708
RFGR-L,-0.03603603603603611,0.07766990291262155,0.2197802197802199,0.2197802197802199,0.2333333333333334,0.247191011235955,0.5857142857142859,0.5857142857142859,0.5857142857142859,0.5857142857142859,0.5857142857142859,0.563380281690141,0.4605263157894739,0.3788819875776397,0.4415584415584417,0.4415584415584417,0.4050632911392409,0.2003857845254311,0.34501057784174827,0.3782207155662356,0.4131123792514566,0.4131123792514566,0.2003857845254311,0.1751145048512115,-0.026466949670850948,-0.026466949670850948,0.12624411704744687,0.12624411704744687,0.1207502433057519,0.1207502433057519,0.1782246147573292,0.7145805961020832,0.7145805961020832,0.7673369221359934,0.7673369221359934,0.7673369221359934,0.7673369221359934,0.7673369221359934,0.7673369221359934,0.5629510195760488,0.5736561635457473,0.5736561635457473,0.5736561635457473,0.5736561635457473,0.5736561635457473,0.5736561635457473,0.560056954735529,0.560056954735529,0.560056954735529
BAES-L,-0.0022492127755285862,-0.06616257088846877,-0.027559055118110187,-0.13920619554695057,-0.11698113207547167,-0.1515267175572519,-0.16271186440677965,-0.12307692307692308,-0.052429667519181544,-0.06439393939393934,-0.02862136770810564,-0.04015544041450769,-0.02499999999999991,0.04341703825393095,0.027976878612716805,0.038785046728972095,0.10817547357926238,0.07313540912382344,0.08571428571428585,0.04907975460122693,0.032752613240418116,0.04858490566037732,-0.024358130348913654,-0.024786137310813694,0.007706255666364514,-0.009137508357477064,0.11877201811776561,0.0958836578752773,0.1755684822845056,0.1227272727272728,0.2548687552921254,0.31577389760284125,0.26847360912981455,0.35260115606936426,0.4020813623462629,0.35880195599022024,0.37053020961775607,0.4231754161331629,0.5294117647058825,0.6411960132890369,0.5000000000000002,0.4673267326732673,0.42500000000000004,0.41908713692946065,0.5076297049847407,0.6387762624401032,0.638172439204127,0.7100000000000002,0.6208530805687205
EEEE-L,0.0,-0.20588235294117652,-0.15625,-0.2702702702702703,-0.3571428571428571,-0.3076923076923077,-0.3414634146341463,-0.2894736842105263,-0.55,-0.5423728813559322,-0.6625,-0.7545454545454546,-0.7157894736842105,-0.6823529411764706,-0.7,-0.8137931034482758,-0.7938931297709924,-0.8014705882352942,-0.8235294117647058,-0.8111888111888113,-0.8333333333333334,-0.8235294117647058,-0.8669950738916257,-0.8941176470588236,-0.8851063829787233,-0.8071428571428572,-0.775,-0.8137931034482758,-0.7428571428571429,-0.784,-0.8,-0.85,-0.8071428571428572,-0.854054054054054,-0.8615384615384616,-0.88,-0.8744186046511628,-0.8714285714285714,-0.8851063829787233,-0.9325,-0.94,-0.9431578947368421,-0.94,-0.9509090909090909,-0.9431578947368421,-0.9485714285714286,-0.9614285714285714,-0.9627586206896552,-0.9530434782608695
BRIGB-L,0.0,-0.04851752021563338,-0.04851752021563338,-0.07832898172323755,-0.061170212765957466,-0.04851752021563338,-0.04851752021563338,-0.042062415196743586,0.006414825374198241,0.015827338129496438,0.05688622754491024,0.033674963396779,0.03065693430656924,0.07132018209408186,0.0537313432835822,0.042836041358936594,0.06325301204819267,0.06405425772418982,0.0778625954198473,0.0778625954198473,0.06165413533834596,0.07621951219512191,0.07294832826747721,0.11708860759493667,0.1314102564102564,0.08950617283950613,0.135048231511254,0.09627329192546585,0.14054927302100162,0.12599681020733655,0.1387096774193548,0.12152501985702946,0.24734982332155475,0.2930402930402931,0.2789855072463767,0.2836363636363637,0.3025830258302582,0.3270676691729324,0.3422053231939164,0.4233870967741935,0.33712121212121215,0.34732824427480913,0.2697841726618706,0.44672131147540983,0.3629343629343629,0.5150214592274678,0.37890625,0.45867768595041314,0.4007936507936507
CRPL-L,0.0,0.0,-0.025210084033613356,-0.025210084033613356,-0.025210084033613356,-0.025210084033613356,-0.025210084033613356,-0.029288702928870314,-0.033333333333333215,-0.033333333333333215,-0.033333333333333215,-0.033333333333333215,-0.033333333333333215,-0.033333333333333215,-0.033333333333333215,-0.033333333333333215,-0.033333333333333215,-0.033333333333333215,-0.033333333333333215,-0.033333333333333215,-0.033333333333333215,-0.033333333333333215,-0.033333333333333215,-0.033333333333333215,-0.033333333333333215,-0.033333333333333215,-0.033333333333333215,-0.033333333333333215,-0.033333333333333215,-0.033333333333333215,-0.033333333333333215,-0.033333333333333215,-0.033333333333333215,0.0,0.0,0.05454545454545445,0.05454545454545445,0.05454545454545445,0.01754385964912286,0.01754385964912286,0.01754385964912286,0.01754385964912286,0.03571428571428581,0.07407407407407418,0.01754385964912286,-0.033333333333333215,-0.033333333333333215,-0.033333333333333215,-0.033333333333333215
NAIT-L,-0.007203667321545648,-0.0497822028624767,-0.05856966707768185,-0.09537914691943128,-0.11580775911986096,-0.12742857142857134,-0.11631944444444442,-0.1142691415313224,-0.13582342954159587,-0.12442660550458706,-0.11220930232558135,-0.08288288288288281,-0.0806742925948224,-0.050373134328358216,-0.05740740740740735,-0.06719609040928531,-0.07370336669699729,-0.04859813084112141,-0.01800643086816711,-0.01356589147286813,-0.10413611029627456,-0.10701754385964901,-0.11988472622478374,-0.08562874251496999,-0.10910151691948655,-0.1363122171945701,-0.13041002277904334,-0.11937716262975773,-0.09107142857142847,-0.0689024390243902,-0.027388535031847017,0.028975741239892328,0.10252707581227449,0.12279411764705905,0.09856115107913688,0.08605974395448102,0.08993576017130644,0.10332369942196529,0.13531598513011156,0.1541950113378685,0.09383954154727814,0.09383954154727814,0.12818618396749182,0.14725770097670932,0.1791505791505792,0.25369458128078826,0.2703826955074877,0.3197925669835784,0.28535353535353547
SREI-L,-0.008547008547008517,-0.04489795918367345,-0.012658227848101222,0.0042918454935623185,-0.04878048780487809,-0.06024096385542166,-0.040983606557377095,-0.040983606557377095,-0.025000000000000022,0.0042918454935623185,-0.01680672268907568,0.049327354260089606,0.09345794392523366,0.125,0.125,0.07834101382488479,0.09859154929577474,0.14146341463414625,0.09345794392523366,0.10377358490566047,0.18181818181818188,0.1758793969849246,0.19387755102040827,0.2648648648648648,0.2928176795580111,0.2928176795580111,0.3846153846153846,0.36046511627906974,0.47169811320754707,0.3928571428571428,0.5294117647058822,0.5394736842105263,0.49044585987261136,0.5194805194805194,0.5096774193548388,0.49044585987261136,0.45341614906832306,0.5918367346938775,0.7462686567164178,0.7462686567164178,0.6834532374100719,0.6714285714285715,0.6363636363636365,0.7862595419847329,0.7727272727272727,0.7333333333333334,0.5704697986577181,0.7205882352941178,0.647887323943662
ARBB-L,-0.015280135823429464,-0.08682170542635637,0.04804270462633453,-0.02901417738212997,-0.010084033613445453,-0.04938670109748222,-0.06210191082802541,0.09074074074074079,0.11764705882352966,0.08232267548695327,0.27489177489177474,0.3672237697307337,0.27213822894168493,0.2436655405405408,0.2585470085470083,0.2894045534150613,0.2585470085470083,0.24261603375527407,0.29564452265728125,0.30309734513274345,0.030440867739678135,0.20449897750511248,0.2860262008733623,0.546822813728842,0.5372892370648736,0.5794734272112447,0.6490920906695921,0.6986958822731606,0.6721241031091112,0.6674663758024006,0.5920756088113346,0.6400559696248267,0.8419090120401904,1.1610845809135801,1.3112757873091185,1.6140630083539809,1.7459652702434028,1.9200996532344479,1.9258085479621792,2.054185861801336,2.1016602534355537,2.289123235786054,2.4803513308898943,2.5845534665452803,3.4342253993560137,3.0447326277909577,3.467316633679566,3.9885035742755157,3.569621594756198
BEM-L,-0.04629629629629639,0.5882352941176474,0.6615384615384619,0.741935483870968,0.9285714285714288,1.25,0.6363636363636365,0.6615384615384619,0.8947368421052633,0.5428571428571431,0.42105263157894757,-0.060869565217391175,-0.12195121951219512,-0.22799628580435283,-0.22799628580435283,-0.3759785220127563,-0.43115515796110204,-0.5552241975827548,-0.3528112575605352,-0.4778718841188859,-0.5300846957069973,-0.5761548235788603,-0.6397316000420313,-0.651353161330998,-0.6041006593868476,-0.5588550204596302,-0.5921489811796581,-0.6674445538849519,-0.6622483750394044,-0.7748322500262695,-0.7941323428811607,-0.8034899636592898,-0.805260324347044,-0.7426654286014509,-0.7297987000315235,-0.6911985143217412,-0.715577578980551,-0.7038889863359161,-0.7650423478534987,-0.7880774117894301,-0.8016871192891916,-0.7921528461780949,-0.8136542758838092,-0.7624603956321085,-0.827071168020175,-0.8297944567127706,-0.9205290294210363,-0.8862310315922204,-0.9017449818296449
ABD-L,-0.027027027027026973,-0.13702623906705536,-0.15428571428571425,-0.21328903654485054,-0.2241153342070773,-0.21693121693121697,-0.20961281708945256,-0.19291070211315609,-0.17202797202797204,-0.16147308781869685,-0.17028731604765246,-0.16028368794326242,-0.20107962213225372,-0.1743375174337517,-0.15549215406562056,-0.15669515669515666,-0.12490761271249073,-0.11044327573253188,-0.06477093206951023,-0.0326797385620915,-0.09202453987730064,-0.1382823871906841,-0.18457300275482091,-0.1578947368421053,-0.1809629219701162,-0.22715404699738906,-0.18725974739154305,-0.23711340206185572,-0.2562814070351759,-0.22513089005235598,-0.2433537832310838,-0.2267502612330199,-0.20387305002689615,-0.15476870359794415,-0.12244292914319599,-0.11057692307692313,-0.07093534212178287,-0.0813159528243328,-0.058524173027989956,-0.018567639257294544,-0.09645909645909656,-0.09035033804548254,-0.12374185908821789,-0.058524173027989956,-0.0026954177897574594,0.006802721088435382,-0.010695187165775333,0.013698630136986356,-0.10303030303030303
EUA-L,-0.19354838709677424,-0.11931818181818177,-0.42592592592592593,0.14814814814814814,0.1923076923076923,0.03333333333333344,0.4761904761904763,0.40909090909090895,0.32478632478632496,0.55,0.55,0.14814814814814814,0.8235294117647061,0.8235294117647061,0.6315789473684212,0.6315789473684212,0.55,0.7222222222222223,0.7222222222222223,0.7222222222222223,0.55,0.4761904761904763,0.34782608695652195,0.24,0.06896551724137945,0.34782608695652195,0.14814814814814814,0.1923076923076923,0.1071428571428572,0.34782608695652195,0.1071428571428572,-0.03125,0.40909090909090895,0.4761904761904763,0.40909090909090895,0.7222222222222223,0.4761904761904763,0.6315789473684212,0.6315789473684212,0.34782608695652195,0.1071428571428572,0.1923076923076923,0.03333333333333344,-0.01273885350318471,0.1923076923076923,0.1071428571428572,0.06896551724137945,-0.20512820512820507,-0.13888888888888884
AIEA-L,0.08749999999999991,0.08108108108108114,0.05263157894736836,0.25,0.26984126984126977,0.33333333333333326,0.4035087719298245,0.4035087719298245,0.5686274509803921,0.7021276595744681,0.7391304347826086,0.6326530612244898,0.6666666666666667,0.5686274509803921,0.5686274509803921,0.7391304347826086,0.8181818181818181,0.9512195121951219,0.9047619047619047,0.29032258064516125,0.3793103448275863,0.6326530612244898,0.3913043478260869,0.4285714285714286,0.9047619047619047,1.0779220779220777,1.0253164556962027,0.9047619047619047,1.051282051282051,0.8604651162790697,0.7391304347826086,0.7204301075268817,1.1052631578947367,0.9512195121951219,0.9047619047619047,0.9047619047619047,0.8604651162790697,0.8604651162790697,0.8604651162790697,0.8604651162790697,0.8181818181818181,0.8390804597701149,0.797752808988764,0.797752808988764,0.7391304347826086,0.6666666666666667,0.7021276595744681,0.7391304347826086,0.5686274509803921
EUZ-L,0.2857142857142858,-0.06666666666666665,-0.3137254901960784,-0.38596491228070173,-0.41666666666666663,-0.17647058823529416,-0.26315789473684215,-0.2222222222222222,-0.36363636363636365,-0.26315789473684215,-0.41666666666666663,-0.5,-0.6585365853658536,-0.7307692307692308,-0.641025641025641,-0.46153846153846156,-0.7021276595744681,-0.75,-0.8372093023255813,-0.8640776699029127,-0.8133333333333334,-0.8352941176470589,-0.78125,-0.8133333333333334,-0.5882352941176471,-0.5625,-0.6216216216216216,-0.6216216216216216,-0.6744186046511628,-0.6956521739130435,-0.7508896797153025,-0.8526315789473684,-0.8691588785046729,-0.8352941176470589,-0.8782608695652174,-0.9096774193548387,-0.903448275862069,-0.9222222222222223,-0.9066666666666666,-0.888,-0.9066666666666666,-0.903448275862069,-0.9416666666666667,-0.9151515151515152,-0.903448275862069,-0.9263157894736842,-0.9310344827586207,-0.9471698113207547,-0.9662650602409638
ANCR-L,-0.002450980392156854,-0.06206896551724139,-0.07692307692307687,-0.04449648711943799,0.10270270270270276,0.09090909090909083,0.05154639175257736,0.12396694214876036,0.21791044776119395,0.3246753246753247,0.5692307692307692,0.4623655913978495,0.41666666666666674,0.41666666666666674,0.31612903225806455,0.30351437699680517,0.32899022801302924,0.3203883495145632,0.3203883495145632,0.31612903225806455,0.18260869565217397,0.11780821917808226,0.146067415730337,0.1270718232044199,0.22891566265060237,0.45195729537366547,0.5111111111111111,0.45195729537366547,0.5692307692307692,0.5875486381322956,0.4623655913978495,0.3924914675767919,0.5280898876404494,0.5396226415094341,0.5280898876404494,0.4782608695652173,0.6653061224489796,0.5692307692307692,0.5692307692307692,0.4571428571428571,0.17579250720461093,0.1690544412607451,0.23262839879154074,0.36454849498327757,0.2142857142857142,0.20353982300884965,0.18260869565217397,0.21791044776119395,0.22522522522522515
SYS1-L,-0.10824108241082397,0.0012315270935956413,-0.041273584905660465,-0.02166064981949467,0.0037037037037035425,0.04498714652956304,0.06553079947575369,0.033036848792884266,0.05721716514954478,0.09421265141318957,0.0811170212765957,-0.04352941176470593,-0.06336405529953915,0.16142857142857148,-0.0181159420289857,-0.03444180522565321,-0.21373307543520326,-0.18972875290963997,-0.03574904894345332,0.01854170227882479,0.2532357993400598,0.2570220102141991,0.2570220102141991,0.5020724624065351,0.7192037292494595,0.6760576897123112,0.7363957665419545,0.7682237948492405,0.7294778551214685,0.6632143357681555,0.8956285660938368,1.138418431701914,1.0190648448162256,0.9379417037298603,0.20750748716408518,0.22281392009996792,0.31346124549315757,0.32955265432002623,0.37809187820790013,0.40941214816717086,0.41862399227283853,0.41862399227283853,0.4640773748245821,0.4163097606378092,0.4640773748245821,0.44218917486873277,0.4640773748245821,0.5125398663257443,0.6167558347690452
GDRG-L,-0.06493506493506496,-0.09411764705882353,-0.29999999999999993,-0.32456140350877183,-0.39370078740157477,-0.14444444444444438,-0.2596153846153846,-0.29357798165137616,-0.3063063063063063,-0.3063063063063063,-0.33043478260869563,-0.3583333333333333,-0.3984375,-0.4031007751937984,-0.4296296296296296,-0.4296296296296296,-0.4122137404580152,-0.4122137404580152,-0.4076923076923077,-0.4122137404580152,-0.4031007751937984,-0.4122137404580152,-0.4296296296296296,-0.4832214765100671,-0.6531531531531531,-0.6695278969957081,-0.6652173913043478,-0.6607929515418502,-0.6547085201793721,-0.6499999999999999,-0.6499999999999999,-0.6499999999999999,-0.6499999999999999,-0.6607929515418502,-0.6577777777777778,-0.615,-0.5549132947976878,-0.5246913580246912,-0.5187499999999999,-0.5187499999999999,-0.5246913580246912,-0.5246913580246912,-0.5389221556886228,-0.45390070921985815,-0.4652777777777778,-0.46896551724137925,-0.493421052631579,-0.48183041722745623,-0.49006622516556286
BERI-L,-0.07399999999999995,-0.08925318761384338,-0.21383647798742134,-0.2927864214992928,-0.2997198879551821,-0.24698795180722888,-0.3055555555555556,-0.2774566473988439,-0.29378531073446323,-0.3421052631578947,-0.3564993564993565,-0.4172494172494172,-0.4692144373673036,-0.4529540481400438,-0.4571118349619978,-0.4394618834080718,-0.4505494505494505,-0.42396313364055305,-0.42263279445727486,-0.38725490196078427,-0.4292237442922374,-0.419953596287703,-0.4382022471910112,-0.410377358490566,-0.4337485843714609,-0.4553376906318083,-0.4019138755980861,-0.4703389830508474,-0.4565217391304348,-0.4753410283315844,-0.48347107438016534,-0.503968253968254,-0.48559670781893005,-0.4887525562372188,-0.49647532729103727,-0.48665297741273106,-0.4703389830508474,-0.4553376906318083,-0.4612068965517241,-0.4369369369369369,-0.500998003992016,-0.503968253968254,-0.5437956204379562,-0.5404411764705883,-0.5059288537549407,-0.5,-0.4959677419354839,-0.44567627494456763,-0.5348837209302326
HPAC-L,0.0,-0.02857142857142858,-0.02857142857142858,-0.02857142857142858,-0.02857142857142858,-0.02857142857142858,-0.19047619047619047,-0.19047619047619047,-0.24444444444444446,-0.24444444444444446,-0.24444444444444446,-0.24444444444444446,-0.24444444444444446,-0.24444444444444446,-0.4426229508196722,-0.4426229508196722,-0.4426229508196722,-0.4426229508196722,-0.4925373134328358,-0.4925373134328358,-0.5142857142857142,-0.5526315789473684,-0.5142857142857142,-0.5142857142857142,-0.6222222222222222,-0.6222222222222222,-0.575,-0.575,-0.575,-0.575,-0.575,-0.31999999999999995,-0.43333333333333335,-0.6909090909090909,-0.6909090909090909,-0.6909090909090909,-0.6909090909090909,-0.7571428571428571,-0.8333333333333334,-0.8333333333333334,-0.8210526315789474,-0.8210526315789474,-0.8583333333333334,-0.8785714285714286,-0.7733333333333333,-0.8111111111111111,-0.7571428571428571,-0.575,-0.7875
MSYS-L,-0.2941176470588235,-0.03409090909090906,-0.0449438202247191,-0.10994764397905754,-0.10994764397905754,-0.14141414141414144,-0.02857142857142858,-0.02857142857142858,-0.06593406593406592,-0.14141414141414144,-0.14141414141414144,-0.05555555555555558,-0.0957446808510638,-0.10052910052910058,-0.154228855721393,-0.06593406593406592,-0.06593406593406592,0.0,-0.10526315789473684,-0.10994764397905754,-0.02298850574712641,-0.02857142857142858,-0.0449438202247191,-0.0449438202247191,-0.10526315789473684,-0.10526315789473684,-0.11458333333333337,-0.10526315789473684,-0.10526315789473684,-0.0449438202247191,0.04938271604938271,0.04938271604938271,0.08974358974358965,0.08974358974358965,0.0625,0.0625,0.0625,0.03658536585365857,0.011904761904761862,0.0,0.328125,0.26865671641791056,0.25,0.5454545454545454,0.41666666666666674,0.39344262295081966,0.37096774193548376,0.49122807017543857,0.49122807017543857
ALBA-L,-0.1875,0.0,-0.1578947368421052,-0.3846153846153846,-0.2727272727272727,0.5384615384615385,0.6000000000000001,0.4545454545454546,0.3333333333333335,0.14285714285714302,-0.4285714285714285,-0.6799999999999999,-0.4838709677419355,-0.30434782608695643,0.4545454545454546,0.14285714285714302,0.6000000000000001,0.6000000000000001,0.14285714285714302,0.3333333333333335,0.7777777777777779,0.06666666666666665,-0.05882352941176461,-0.11111111111111105,0.0,0.9047619047619049,1.285714285714286,0.7391304347826086,0.5384615384615385,0.4545454545454546,0.06666666666666665,0.23076923076923084,0.06666666666666665,0.06666666666666665,-0.05882352941176461,0.14285714285714302,-0.05882352941176461,-0.05882352941176461,-0.19999999999999996,-0.2727272727272727,-0.40740740740740744,-0.4482758620689655,-0.5294117647058822,-0.5897435897435896,-0.2727272727272727,-0.33333333333333326,-0.4482758620689655,-0.4482758620689655,-0.4666666666666667
CCL-L,0.05175600739371533,-0.07044673539518898,-0.020223362511319065,0.025268477574226234,0.0791223404255319,-0.0036832412523020164,0.09072580645161299,0.11126326600479297,0.10784982935153575,0.2057949479940564,0.2901430842607313,0.3440993788819875,0.4362831858407079,0.5125815470643056,0.47545454545454535,0.3413223140495867,0.3771743742044973,0.4027657735522905,0.36272040302267006,0.32219959266802434,0.31470230862697446,0.46877828054298654,0.45430107526881724,0.568873852102465,0.339661576557986,0.25619195046439636,0.3943298969072164,0.5006934812760055,0.40885416666666674,0.41069100391134294,0.2947746310331072,0.25522041763341075,0.35306377657357224,0.28707375099127685,0.30048076923076916,0.4149956408020925,0.5055658627087198,0.4910427193385394,0.48558352402745997,0.5741998060135791,0.5911764705882352,0.6181455633100699,0.690625,0.7030430220356767,0.49172794117647056,0.48286888990406585,0.5041705282669138,0.6502287747839348,0.6385663806158506
BRMD-L,-0.01597051597051602,0.023899371069182385,0.029077117572692712,0.03168567807351086,0.04761904761904767,0.05032258064516126,0.046272493573264795,0.07105263157894748,0.07105263157894748,0.022613065326633208,0.04092071611253201,0.01243781094527363,-0.02863961813842486,-0.030952380952380953,-0.030952380952380953,-0.0378250591016549,-0.01927710843373498,-0.01927710843373498,-0.004889975550122272,-0.04683840749414525,-0.04235294117647059,-0.07499999999999996,-0.03554502369668244,-0.03554502369668244,-0.04347826086956519,-0.038961038961038974,-0.038961038961038974,-0.04572098475967179,-0.02631578947368418,-0.02863961813842486,-0.02631578947368418,-0.03440094899169632,-0.03440094899169632,0.01622971285892638,0.13055555555555554,0.07957559681697624,0.05167958656330751,0.0654450261780104,0.0654450261780104,0.05440414507772018,0.09703504043126676,0.09703504043126676,0.11202185792349728,0.12742382271468133,0.1150684931506849,0.12430939226519344,0.07105263157894748,0.06824146981627299,0.014962593516209433
FKE-L,-0.17600000000000005,-0.015748031496062964,-0.015748031496062964,-0.015748031496062964,0.08695652173913038,0.08695652173913038,0.08695652173913038,0.08695652173913038,0.08695652173913038,0.08695652173913038,0.08695652173913038,0.08695652173913038,0.08695652173913038,0.08695652173913038,0.08695652173913038,0.08695652173913038,0.08695652173913038,0.08695652173913038,0.08695652173913038,0.09649122807017552,0.14678899082568808,0.03305785123966931,0.03305785123966931,0.03305785123966931,0.050420168067226934,0.08695652173913038,0.06837606837606836,0.06837606837606836,0.06837606837606836,0.06837606837606836,0.03305785123966931,0.03305785123966931,0.03305785123966931,0.03305785123966931,0.03305785123966931,0.03305785123966931,-0.0234375,-0.06716417910447758,-0.06015037593984962,-0.06015037593984962,-0.08759124087591241,0.06837606837606836,0.04166666666666674,0.024590163934426146,0.0,0.0,0.0,0.0,0.0
CGNR-L,-0.038461538461538436,-0.1333333333333333,-0.1875,-0.16129032258064513,-0.23529411764705888,-0.1333333333333333,-0.21212121212121215,-0.29729729729729726,-0.0714285714285714,0.040000000000000036,-0.35,-0.5737704918032787,-0.40909090909090906,-0.5185185185185186,-0.5357142857142857,-0.5806451612903225,-0.5806451612903225,-0.5593220338983051,-0.6338028169014085,-0.6060606060606061,-0.6578947368421053,-0.6867469879518073,-0.7173913043478262,-0.6941176470588235,-0.7173913043478262,-0.6867469879518073,-0.5272727272727273,-0.6578947368421053,-0.7045454545454546,-0.7425742574257426,-0.7263157894736842,-0.5873015873015873,-0.4347826086956522,-0.44680851063829785,-0.5,-0.45833333333333337,-0.4901960784313726,-0.6829268292682926,-0.7263157894736842,-0.7636363636363637,-0.7636363636363637,-0.7523809523809524,-0.792,-0.8266666666666667,-0.8142857142857143,-0.7739130434782608,-0.792,-0.7636363636363637,-0.8470588235294118
BLVN-L,0.03076923076923066,-0.03465346534653457,-0.1333333333333333,-0.21052631578947367,-0.21052631578947367,-0.21052631578947367,-0.24124513618677046,-0.17021276595744683,-0.20408163265306123,-0.22310756972111567,-0.21370967741935476,-0.26415094339622647,-0.2528735632183907,-0.360655737704918,-0.39252336448598135,-0.28044280442804426,-0.32055749128919864,-0.15948275862068972,-0.2985611510791367,-0.32525951557093424,-0.360655737704918,-0.3769968051118211,-0.5742358078602621,-0.5666666666666667,-0.5788336933045357,-0.6060606060606061,-0.5894736842105264,-0.6542553191489362,-0.6859903381642511,-0.7437582128777924,-0.6776859504132231,-0.6608695652173913,-0.6306818181818182,-0.648014440433213,-0.6808510638297872,-0.6914556962025316,-0.6694915254237288,-0.6138613861386139,-0.582441113490364,-0.586864406779661,-0.7241867043847241,-0.7540983606557377,-0.7379032258064516,-0.6986089644513138,-0.6524064171122994,-0.6242774566473989,-0.7559449311639549,-0.7190201729106629,-0.8197781885397413
CNE-L,-0.016528925619834323,-0.10480887792848337,-0.12792792792792806,-0.15581395348837224,-0.19779005524861915,-0.08043065231158975,-0.2561475409836065,-0.2629441624365484,-0.19867549668874185,-0.09136420525657107,-0.020903573836817402,-0.15384615384615397,-0.20219780219780237,-0.16503737780333538,-0.2906692721055203,-0.27761194029850766,-0.20828789531079606,-0.11839708561020046,-0.2511603919546159,-0.3089005235602096,-0.4661764705882353,-0.4683266202856097,-0.4887323943661972,-0.44685714285714295,-0.4744842562432141,-0.46558704453441313,-0.43325526932084324,-0.46793697325027495,-0.5025693730729703,-0.46400885935769665,-0.465193370165746,-0.5,-0.4616240266963294,-0.4539300488905603,-0.4869257950530038,-0.47975635972769637,-0.4967071057192375,-0.5069609507640069,-0.46142433234421376,-0.47372236317506355,-0.5839541547277938,-0.5468164794007493,-0.5711754282339044,-0.5607671697296261,-0.5219679968730928,-0.5196405002286548,-0.5459965081807109,-0.5160151455133992,-0.6124025795136017
NICL-L,0.03440860215053765,0.02048280907095834,0.06043329532497155,0.14438063986874483,0.2356067316209034,0.1923076923076923,0.3197729422894986,0.29406307977736557,0.5639013452914798,0.5229257641921397,0.508108108108108,0.4055415617128464,0.3811881188118811,0.41122913505311076,0.4599686028257457,0.3049579045837232,0.3031293787949556,0.3998996487706974,0.23451327433628322,0.20051635111876065,0.16346955796497076,0.16346955796497076,0.2109375,0.1519405450041289,0.12955465587044523,0.36097560975609766,0.395,0.4307692307692308,0.5,0.558659217877095,0.6052934407364787,0.6268221574344024,0.6706586826347305,0.6272965879265091,0.7032967032967032,0.7613636363636365,0.8928086838534599,0.9647887323943662,0.9794253281305427,0.9717314487632509,1.0,1.2222222222222223,1.2284345047923324,1.315352697095436,1.6320754716981134,1.6184889723134677,1.5917324663260568,1.6395458845789972,1.6172607879924952
KIBO-L,0.22222222222222232,0.02857142857142847,0.09090909090909083,-0.07692307692307687,-0.19999999999999996,-0.052631578947368474,-0.12195121951219512,-0.23404255319148937,-0.47058823529411764,0.6981132075471699,2.2142857142857144,1.5,1.4,1.7272727272727275,1.5714285714285716,1.0,1.0,0.894736842105263,0.09090909090909083,0.02857142857142847,-0.07692307692307687,-0.07692307692307687,-0.027027027027026973,-0.07692307692307687,-0.12195121951219512,0.05882352941176472,0.2857142857142858,0.33333333333333326,0.09090909090909083,0.24137931034482762,-0.53125,-0.5041322314049587,-0.6756756756756757,-0.6842105263157895,-0.8,-0.8032786885245902,-0.84,-0.88,-0.88,-0.88,-0.88,-0.8857142857142857,-0.8666666666666667,-0.8153846153846154,-0.85,-0.85,-0.8857142857142857,-0.8588235294117648,-0.8909090909090909
RQE-L,-0.23720930232558135,0.0,0.023809523809523725,-0.08510638297872342,0.19444444444444442,0.5357142857142856,0.5925925925925923,0.653846153846154,0.5357142857142856,0.4333333333333331,0.5925925925925923,0.5357142857142856,0.4144736842105263,0.6044776119402984,0.5808823529411762,0.6955835962145109,0.5467625899280575,0.7916666666666665,0.5808823529411762,0.45270270270270263,0.7857142857142856,0.4163372859025032,0.42384105960264895,0.653846153846154,0.40522875816993476,0.843910806174957,1.067307692307692,1.2395833333333335,0.8859649122807018,0.9474637681159419,0.8376068376068375,1.4712643678160924,1.9054054054054053,1.5903614457831323,0.8630849220103987,0.6849529780564263,0.6929133858267715,0.7622950819672132,0.48275862068965525,0.5467625899280575,0.4144736842105263,0.06645047979359076,-0.07483142137564558,0.03484439482838875,0.11020229434922513,0.12754920519843171,0.2886276630839222,0.4727173292387683,0.17657308368532032
DPLM-L,-0.05520614954577219,-0.01851851851851849,-0.1348246674727932,-0.12369871402327004,-0.1100746268656716,-0.10225846925972393,-0.09027336300063571,-0.0767741935483871,0.0021008403361344463,-0.009002770083102463,0.010593220338983134,0.0445255474452555,0.0354558610709117,0.11796874999999996,0.08491281273692186,0.10930232558139541,0.07271364317841078,-0.006939625260235949,-0.04472630173564751,0.022873481057898548,0.025071633237822244,0.026542324246771942,0.03695652173913033,0.09907834101382496,0.13933121019108285,0.22938144329896915,0.26637168141592915,0.3500000000000001,0.20963651732882504,0.2765388046387154,0.1402390438247012,0.26749335695305576,0.3274582560296846,0.47464962901896124,0.5833148926753708,0.4804469273743017,0.6666666666666665,0.6967038178800096,0.5970982142857142,0.6662785281788544,0.5537459283387622,0.5794701986754967,0.8022670025188916,0.6815511163337251,1.0263381478334748,1.0715112912565141,1.2049306625577811,1.2932692307692308,1.1600000000000001
NWF-L,0.054313099041533475,-0.0031847133757961776,0.12996389891696758,0.14233576642335777,0.22745098039215694,0.16791044776119413,0.03300330033003296,0.22265625,0.22265625,0.13818181818181818,0.039867109634551534,0.05387205387205385,0.08304498269896188,0.05387205387205385,0.0,0.006430868167202508,0.0032051282051281937,0.07191780821917804,0.05387205387205385,0.1592592592592592,0.11785714285714288,0.09059233449477344,0.006430868167202508,0.2178988326848248,0.2672064777327936,0.3608695652173912,0.3433476394849786,0.326271186440678,0.4423963133640554,0.4904761904761905,0.3728070175438596,0.3608695652173912,0.3911111111111112,0.5888324873096447,0.6134020618556701,0.7103825136612021,0.7197802197802199,0.565,0.6827956989247312,0.6217616580310881,0.5572139303482586,0.4976076555023923,0.40044742729306493,0.35497835497835495,0.3376068376068375,0.23715415019762842,0.2880658436213992,0.2854209445585216,0.27755102040816326
HFG-L,0.1284185493460166,-0.09375,-0.09618484685652873,-0.08586956521739131,-0.04486087450312326,-0.03444316877152698,0.036991368680641123,0.05125000000000002,0.1213333333333333,0.11390728476821188,0.13648648648648654,0.02311435523114347,-0.08586956521739131,-0.0956989247311828,-0.1665014866204163,-0.18428709990300673,-0.1967526265520535,-0.15900000000000003,-0.1470588235294118,-0.08586956521739131,-0.028307336799537786,-0.021524141942990127,-0.02662037037037035,-0.033333333333333326,-0.04431818181818181,0.04277743335399875,0.15166039027730238,0.18785310734463279,0.1778711484593838,0.23043160204828084,0.2742424242424242,0.33333333333333326,0.55452865064695,0.5988593155893536,0.5374771480804388,0.5207956600361663,0.3786885245901639,0.5867924528301887,0.5719626168224299,0.5574074074074074,0.48586572438162534,0.462608695652174,0.5830588235294119,0.6126558005752636,0.5402930402930404,0.45501730103806226,0.5017857142857143,0.4871794871794872,0.5431192660550459
MRCH-L,-0.017341040462427793,-0.06688241639697945,-0.07782515991471217,-0.1119096509240246,-0.10824742268041232,-0.10732714138286892,-0.1040911444847229,-0.10269709543568462,-0.08899420747761977,-0.0937663698271346,-0.07486631016042777,-0.09138655462184875,-0.13672654690618757,-0.11463664278403274,-0.150294695481336,-0.16182170542635654,-0.150294695481336,-0.13844621513944222,-0.15692007797270957,-0.11372950819672134,-0.1511285574092247,-0.12802419354838712,-0.15609756097560978,-0.11824668705402652,-0.12802419354838712,-0.14271555996035679,-0.07959140242604801,-0.0768409818569904,-0.03308741336910348,-0.0023068050749711633,0.01764705882352935,0.0374190453346126,0.10050890585241734,0.13546862693620376,0.14873837981407712,0.1530258597707277,0.17208672086720878,0.17304041225928946,0.15087812666311873,0.26314252336448596,0.12659546756967965,0.1118251928020566,0.11757105943152446,0.15672639743246863,0.14417989417989419,0.1784741144414168,0.1626344086021505,0.19113191958138254,0.14873837981407712
CMH-L,0.012903225806451646,0.026490066225165476,-0.06060606060606055,-0.07185628742514971,-0.054878048780487854,-0.02515723270440251,-0.1842105263157895,-0.16216216216216217,-0.26190476190476186,-0.24019607843137258,-0.19270833333333337,-0.15760869565217395,-0.15760869565217395,-0.0935672514619883,0.04729729729729737,0.04729729729729737,0.019736842105263053,0.04729729729729737,-0.01898734177215189,-0.01273885350318471,0.13138686131386867,-0.043209876543209846,-0.07185628742514971,-0.30493273542600896,-0.25120772946859904,0.013071895424836555,-0.11931818181818177,-0.21319796954314718,-0.28899082568807344,-0.21319796954314718,-0.359504132231405,-0.3459915611814346,-0.5303030303030303,-0.5079365079365079,-0.5706371191135734,-0.5621468926553672,-0.5584045584045584,-0.5633802816901409,-0.5063694267515924,-0.5079365079365079,-0.45229681978798586,-0.4618055555555556,-0.515625,-0.40384615384615385,-0.36734693877551017,-0.36991869918699183,-0.36213991769547327,-0.3724696356275303,-0.4106463878326996
SAVS-L,-0.125,-0.05882352941176472,-0.20792079207920788,0.025641025641025772,-0.024390243902438935,0.08108108108108092,0.0,-0.012345679012345623,-0.3548387096774194,-0.550561797752809,-0.6444444444444444,-0.6444444444444444,-0.5215311004784688,-0.5428571428571429,-0.5555555555555556,-0.5428571428571429,-0.6363636363636364,-0.6862745098039216,-0.8222222222222222,-0.6734693877551021,-0.6363636363636364,-0.3846153846153846,-0.4482758620689655,-0.4666666666666667,-0.1578947368421053,0.0,-0.05882352941176472,-0.19999999999999996,-0.40740740740740744,-0.5151515151515151,-0.5151515151515151,-0.3846153846153846,-0.4285714285714286,-0.4482758620689655,-0.3846153846153846,-0.4666666666666667,-0.4482758620689655,-0.40740740740740744,-0.23809523809523814,-0.30434782608695654,-0.4838709677419355,-0.4666666666666667,-0.6595744680851063,-0.6444444444444444,-0.6190476190476191,-0.627906976744186,-0.6595744680851063,-0.6799999999999999,-0.7647058823529411
FTV-L,-0.0117647058823529,0.0,0.0,0.0,0.0,0.0,0.0,-0.02298850574712641,-0.017341040462427793,-0.017341040462427793,-0.017341040462427793,-0.0029325513196482023,-0.0029325513196482023,0.011904761904761862,0.011904761904761862,0.010401188707280795,0.042944785276073594,0.03658536585365857,0.011904761904761862,-0.0957446808510638,-0.08602150537634412,-0.08602150537634412,-0.08602150537634412,-0.08602150537634412,-0.07608695652173914,-0.007299270072992692,-0.024390243902439046,-0.08108108108108114,-0.16666666666666663,-0.17874396135265702,-0.17874396135265702,-0.17874396135265702,-0.1826923076923077,-0.1826923076923077,-0.18660287081339721,-0.2183908045977011,-0.2183908045977011,-0.22018348623853212,-0.22018348623853212,-0.1707317073170732,-0.1707317073170732,-0.1707317073170732,-0.22196796338672775,-0.22196796338672775,-0.2376681614349776,-0.1122715404699739,0.0,-0.024390243902439046,-0.039548022598870136
BVC-L,0.11888111888111896,0.0671641791044777,0.18181818181818188,0.13492063492063489,0.36190476190476195,0.4019607843137254,0.21186440677966112,0.16260162601626016,0.13492063492063489,0.1439999999999999,0.16260162601626016,0.10000000000000009,0.07518796992481214,0.03623188405797095,-0.027210884353741527,0.007042253521126751,0.021428571428571352,0.03623188405797095,0.153225806451613,0.1171875,-0.08333333333333337,-0.020547945205479423,-0.01379310344827589,0.13492063492063489,0.2543859649122806,0.19166666666666665,0.1171875,-0.11728395061728392,-0.020547945205479423,-0.046666666666666634,-0.03378378378378377,-0.00694444444444442,0.059259259259259345,0.014184397163120588,0.12598425196850394,0.007042253521126751,0.2543859649122806,0.30000000000000004,0.2767857142857142,0.375,0.1721311475409837,0.007042253521126751,0.03623188405797095,0.02877697841726623,0.21186440677966112,0.021428571428571352,0.05147058823529416,-0.00694444444444442,-0.08917197452229297
BARC-L,-0.02370136282836266,-0.1216169326856349,-0.05027199399737392,-0.04973723723723711,-0.004717908393945258,0.01544324107501005,-0.03653663177925781,0.0733517065931737,0.04112687641373647,0.0495439469320067,0.06814345991561188,0.11372635283765953,0.12962962962962976,0.12887402452619856,0.17199074074074083,0.028646891507517314,-0.011711887565879264,0.06611918298589181,0.021383901553359008,-0.04723372224313127,-0.06603947611141858,-0.06327474560592039,-0.01229028482247374,-0.06171237954040032,-0.040786857572132185,-0.058580574401779884,-0.036740967340450514,-0.135770435851019,-0.050754434389879255,-0.07883295868355678,-0.09689505753289873,-0.08650935069452714,-0.005634271438164418,0.12130603433568687,0.1454428204457341,0.23250368694239643,0.4869625327815619,0.6283255780846217,0.6273586389052368,0.5795227365512499,0.21152606008683406,0.15900695619218386,0.09116939992690365,0.22287904860170404,0.4709994352745135,0.5469782376045265,0.5504791784534195,0.7539020466665081,0.5195297742813523
GLEN-L,-0.3182022471910112,-0.33366608435238343,-0.4723320158102766,-0.526175687666371,-0.5708269041589489,-0.5276981048408849,-0.5535485995185341,-0.4698499865084764,-0.5483642934543769,-0.5767161879662316,-0.5739610464686311,-0.6011860056034934,-0.629180686984373,-0.6232459120743938,-0.5972960131611507,-0.5907245129946481,-0.5754438588365619,-0.566318783404316,-0.5887173381924762,-0.5738933997627671,-0.5678551741877469,-0.5615001032199196,-0.5961445645908062,-0.5940061470054323,-0.5700017035260228,-0.5365879177527038,-0.52026825736609,-0.5890951817035533,-0.5730799605004626,-0.627067903238731,-0.6440351016986214,-0.662734778397123,-0.6436096456448748,-0.609314402635887,-0.6103355062735454,-0.6076579870915069,-0.6543064062483457,-0.5839349816598306,-0.551234219348814,-0.5986811173479748,-0.6912540993679139,-0.6638332245654399,-0.6858692065674713,-0.689216054627204,-0.6791080511426411,-0.6579197745960367,-0.6778368105289205,-0.6560344311338,-0.6791847736647827
GV2O-L,0.0,-0.05128205128205132,-0.05128205128205132,-0.05128205128205132,-0.05128205128205132,-0.05128205128205132,-0.05128205128205132,-0.05128205128205132,-0.05128205128205132,-0.05128205128205132,-0.05128205128205132,-0.05128205128205132,-0.05128205128205132,-0.09756097560975607,-0.09756097560975607,-0.09756097560975607,-0.09756097560975607,-0.09756097560975607,-0.09756097560975607,-0.0021574973031284195,0.18790774130579946,0.18790774130579946,0.18790774130579946,0.18790774130579946,0.18790774130579946,0.18790774130579946,0.18790774130579946,0.18790774130579946,0.18790774130579946,0.1739323561139665,0.1739323561139665,0.1739323561139665,0.24730312837108914,0.23190432431712527,0.23190432431712527,0.23190432431712527,0.23190432431712527,0.23190432431712527,0.1602819798800832,0.1602819798800832,0.1602819798800832,0.1602819798800832,0.1602819798800832,0.1087138918854127,-0.0021574973031284195,-0.0021574973031284195,-0.0021574973031284195,-0.0021574973031284195,-0.0021574973031284195
SMSS-L,-0.0037202380952381375,-0.004075583549462802,-0.040000000000000036,-0.03448275862068961,-0.04409672830725464,-0.023255813953488413,0.032258064516129004,-0.02467343976777936,-0.12868719611021073,-0.05218617771509171,-0.040000000000000036,-0.09311740890688258,-0.11578947368421055,-0.14990512333965844,-0.1578947368421053,-0.14558169103623653,-0.189873417721519,-0.06666666666666665,0.025954198473282508,0.10163934426229515,0.1200000000000001,0.05910165484633567,0.03863987635239563,-0.02608695652173909,-0.014662756598240456,0.03384615384615386,0.0980392156862746,0.06666666666666665,0.28,0.3798767967145791,0.43897216274089934,0.382716049382716,0.37142857142857144,0.35483870967741926,0.48672566371681425,0.423728813559322,0.6470588235294117,0.8929577464788732,0.9881656804733727,1.3414634146341462,1.7428571428571429,2.125581395348837,1.896551724137931,2.652173913043478,2.6129032258064515,2.536842105263158,2.5,2.6422764227642275,3.2802547770700636
PEY-L,-0.024643320363164745,-0.010269576379974388,0.011147540983606596,-0.011538461538461497,-0.036250000000000004,-0.002587322121604174,0.0730688935281838,0.08898305084745761,0.09750889679715291,0.10935251798561141,0.08591549295774659,0.14988814317673382,0.1473214285714286,0.17084282460136668,0.1637735849056603,0.18433179723502313,0.21321793863099914,0.2326139088729018,0.22770700636942665,0.2238095238095239,0.22770700636942665,0.1981351981351982,0.1363301400147383,0.17173252279635265,0.21321793863099914,0.17084282460136668,0.16070756492284533,0.11255411255411252,0.1464684014869888,0.08975265017667833,0.07832167832167825,0.06565307532826536,0.12801755669348935,0.1637735849056603,0.1533283470456246,0.1637735849056603,0.20657276995305174,0.2238095238095239,0.33622183708838826,0.33622183708838826,0.25060827250608275,0.18981481481481466,0.2691358024691357,0.28179551122194524,0.3123404255319149,0.28179551122194524,0.2691358024691357,0.3304572907679033,0.2979797979797978
BWNG-L,0.03400000000000003,-0.03567984570877525,-0.1539763113367174,-0.11816578483245144,-0.1301826616410553,-0.055118110236220375,-0.3214204931011083,-0.30442847206121026,-0.19289749798224365,-0.10926365795724469,-0.11478312186485673,-0.18896999188969987,-0.31428571428571417,-0.2941176470588235,-0.29824561403508765,-0.3576017130620984,-0.3836038627491267,-0.4782608695652173,-0.48453608247422675,-0.43977591036414565,-0.422521655437921,-0.44852941176470584,-0.429657794676806,-0.4258373205741627,-0.4633273703041144,-0.43181818181818177,-0.3562231759656652,-0.34022432372993183,-0.3258426966292134,-0.26918392204628494,-0.24433249370277077,-0.20927780706378496,-0.19333154073675718,-0.16666666666666663,-0.11686782455107447,0.07565435640014351,0.10253583241455355,0.1463507833397022,0.20724346076458766,0.32978723404255317,0.24069478908188602,0.28205128205128216,0.25208681135225386,0.2886597938144331,0.26262626262626276,0.13079532604598576,0.19047619047619047,0.10172603745868525,0.12275449101796432
JIM-L,-0.048484848484848464,-0.0350877192982455,-0.0060240963855421326,0.0824334899726118,0.06201021657690231,0.0964910677644637,0.06468867866158523,-0.06189097535706989,-0.12958956476429162,-0.17225674296212035,-0.09215255679716428,-0.14975012872241955,-0.13405320802191056,-0.16406126516966602,-0.15145917368981188,-0.16817918997178616,-0.1842530220496259,-0.1762945149476709,-0.12052278939725292,-0.0008306246406660778,-0.0670738981451523,0.011135475663038408,0.04234336071436684,0.10077982031113075,0.06738068543443387,0.14558768273899214,0.438327295023232,0.42137731006504553,0.6426033505420956,0.5693273646443069,0.6885962443572746,1.3917793829423144,1.4832297711136384,1.468707959586658,1.4401679831752516,1.3850229440074497,1.2395175654605755,1.2514616591430325,1.2635338396210112,1.3323152546371193,1.468707959586658,1.4905549326803458,1.294288375485427,1.6384316318082406,1.6384316318082406,1.5978403759342683,1.4122803490818208,1.2514616591430325,1.4472409338511225
SCLP-L,-0.17543859649122806,0.06542056074766345,-0.017241379310345084,-0.2549019607843138,0.008849557522123908,0.23243243243243228,-0.07317073170731736,-0.14285714285714302,-0.1492537313432838,-0.20833333333333348,-0.2244897959183676,-0.07317073170731736,-0.17985611510791377,-0.08064516129032262,-0.14285714285714302,-0.17985611510791377,-0.1230769230769232,-0.1492537313432838,-0.13636363636363658,-0.16176470588235292,-0.15867158671586723,0.008849557522123908,-0.04999999999999993,-0.2645161290322581,-0.1492537313432838,-0.1230769230769232,-0.3886430307303139,-0.31312246393817644,-0.27019261793431215,-0.24665044431929006,-0.15384651354702872,-0.2879927979846949,-0.4190588003457213,-0.404238871783112,-0.3688152371323782,-0.28362465564104267,-0.03496544520239642,1.030768367487131,1.066711170451505,2.0728731876450017,1.2455611755867313,1.4582985501160008,4.189741383578223,4.988163134897949,3.670767245220401,3.4911223511734626,4.560437196690955,4.560437196690955,3.5791835737454916
IMI-L,-0.05162241887905605,-0.04686035613870665,-0.1156521739130435,-0.18705035971223016,-0.1902866242038217,-0.19794952681388012,-0.25439882697947214,-0.21223857474825714,-0.18769968051118213,-0.12100259291270532,-0.16089108910891092,-0.15671641791044777,-0.2488921713441654,-0.29619377162629756,-0.32199999999999995,-0.3635794743429287,-0.3255968169761273,-0.31744966442953015,-0.31973244147157187,-0.38924151596816137,-0.4141704336837466,-0.39174633545154547,-0.4137845117033011,-0.3904964991545281,-0.3925767158809632,-0.37420878253559153,-0.30856634713722697,-0.30315183145310187,-0.2858145174683877,-0.3058696480230976,-0.2771120136195053,-0.24841629118717146,-0.21389124449258934,-0.1604951780807652,-0.08917593527698164,-0.04571033647786704,0.03413725884298535,0.06827744445905037,0.05748676320188806,0.05124053305893539,-0.09657349113260005,-0.1056531545383026,-0.08260297810887751,0.018163742831108554,0.10818818335540348,0.1724309765933978,0.13287728992283765,0.29814020603120195,-0.005726132699006903
888-L,0.010463378176382765,-0.016176470588235348,0.10761589403973515,0.009049773755656076,0.043681747269890714,0.1094527363184079,0.048589341692790056,0.16753926701570676,0.20758122743682317,0.2434944237918215,0.28653846153846163,0.252808988764045,0.31176470588235294,0.4113924050632911,0.38796680497925307,0.3326693227091633,0.1582409972299168,0.08533419857235569,0.07625482625482616,0.18617021276595747,-0.010940272028385545,0.0008976660682227244,0.06393129770992378,0.014251061249241914,0.153448275862069,-0.03768699654775609,0.13159675236806478,0.08603896103896114,-0.019636576787807725,-0.012108682811577176,0.05188679245283012,0.3625254582484725,0.40546218487394947,0.5558139534883721,0.6277372262773722,0.8379120879120878,0.9734513274336283,1.1170886075949369,1.6547619047619047,1.4686346863468636,1.0458715596330275,1.5730769230769233,1.947136563876652,2.1556603773584904,2.88953488372093,3.8478260869565215,3.74468085106383,4.352,4.483606557377049
AJG-L,-0.0019646365422396617,-0.07285974499089254,-0.06433823529411764,-0.08781362007168458,-0.08781362007168458,-0.08944543828264762,0.0,-0.005859375,0.07383966244725748,0.10412147505422986,0.05601659751037347,0.06485355648535562,0.06485355648535562,0.07157894736842096,0.1113537117903931,0.1782407407407407,0.2047337278106509,0.13236929922135698,0.06485355648535562,0.06041666666666656,0.07838983050847448,0.06820566631689395,0.08297872340425538,0.10173160173160167,0.13363028953229406,0.09935205183585305,0.1701149425287356,0.12610619469026552,0.10412147505422986,0.1837209302325582,0.31354838709677413,0.33071895424836595,0.45014245014245025,0.47750362844702465,0.5216741405082213,0.5565749235474007,0.5758513931888545,0.5613496932515338,0.5262368815592204,0.598116169544741,0.510385756676558,0.4992636229749632,0.5377643504531722,0.610759493670886,0.6419354838709677,0.7312925170068028,0.674342105263158,0.5661538461538462,0.5931142410015648
IGVI-L,0.0,0.03314917127071815,0.03314917127071815,-0.02604166666666663,-0.02604166666666663,-0.02604166666666663,-0.023498694516971286,-0.06965174129353235,-0.07425742574257421,-0.020942408376963373,-0.020942408376963373,-0.020942408376963373,-0.08780487804878045,-0.06499999999999995,-0.06499999999999995,-0.11374407582938384,-0.06499999999999995,-0.06499999999999995,-0.06499999999999995,-0.08780487804878045,-0.09661835748792269,-0.06030150753768837,-0.06030150753768837,-0.06030150753768837,-0.06030150753768837,-0.031088082901554404,-0.031088082901554404,-0.07196029776674939,-0.04591836734693877,-0.04591836734693877,-0.037323037323037433,0.008086253369272267,-0.050761421319796884,-0.020942408376963373,-0.005319148936170248,-0.03608247422680411,-0.015789473684210575,-0.015789473684210575,-0.010582010582010581,-0.015789473684210575,0.03314917127071815,0.03314917127071815,0.021857923497267784,0.0685714285714285,0.04469273743016755,0.09058288097471756,0.10106925483024365,0.2497812005712996,0.2794547765625177
SRET-L,0.05655526992287907,0.04569892473118298,0.06868131868131866,-0.022613065326632875,0.08659217877095005,0.15773809523809557,0.13081395348837233,0.17878787878787916,0.2006172839506175,0.27960526315789513,0.5436507936507942,0.5685483870967747,0.43542435424354253,0.39928057553956875,0.4197080291970805,0.47348484848484906,0.49615384615384683,0.48473282442748156,0.6767241379310349,0.7061403508771935,0.6767241379310349,0.9450000000000005,0.984693877551021,0.8701923076923082,1.1853932584269669,1.1373626373626373,0.9450000000000005,1.0260416666666674,1.5761589403973515,1.5259740259740266,1.6643835616438363,1.646258503401361,1.646258503401361,1.5096774193548392,1.4161490683229818,1.646258503401361,1.7202797202797209,1.1027027027027034,1.1027027027027034,1.1141304347826089,1.0691489361702131,1.1027027027027034,1.0802139037433158,1.2882352941176478,1.2882352941176478,1.2485549132947984,1.0802139037433158,1.0260416666666674,0.6483050847457632
LOOK-L,0.01772616136919325,0.019314641744548222,0.052090032154340715,-0.00547112462006083,0.04871794871794877,0.12827586206896546,0.07278688524590171,0.09066666666666667,0.22317757009345796,0.17486535008976656,0.20515653775322273,0.22089552238805976,0.1664884135472371,0.24885496183206102,0.15823008849557518,0.1440559440559439,0.1812274368231046,0.0998319327731092,0.27812499999999996,0.28313725490196084,0.35486542443064173,0.34098360655737703,0.27315175097276256,0.34650205761316877,0.34650205761316877,0.3437371663244353,0.49066059225512526,0.6039215686274508,0.7221052631578946,0.6525252525252525,0.9710843373493976,1.0643533123028392,1.1959731543624161,1.1315960912052119,1.1813333333333333,1.1959731543624161,1.2722222222222221,1.488212927756654,1.586561264822134,1.8206896551724139,1.586561264822134,1.6071713147410356,1.8329004329004328,2.169007263922518,2.1921951219512192,2.37319587628866,2.0579439252336447,2.2396039603960394,2.146153846153846
BODP-L,0.0625,-0.1794871794871794,-0.19999999999999996,-0.255813953488372,-0.23809523809523814,-0.1794871794871794,-0.28888888888888886,-0.4181818181818181,-0.4666666666666667,-0.5428571428571428,-0.6631578947368422,-0.762962962962963,-0.7217391304347827,-0.6952380952380952,-0.709090909090909,-0.6631578947368422,-0.6631578947368422,-0.6631578947368422,-0.709090909090909,-0.6952380952380952,-0.7217391304347827,-0.762962962962963,-0.6952380952380952,-0.744,-0.7714285714285714,-0.7538461538461538,-0.7217391304347827,-0.6952380952380952,-0.744,-0.762962962962963,-0.7538461538461538,-0.7935483870967742,-0.7866666666666666,-0.806060606060606,-0.6631578947368422,-0.7714285714285714,-0.6235294117647059,-0.6235294117647059,-0.6444444444444444,-0.6235294117647059,-0.744,-0.7793103448275862,-0.806060606060606,-0.8315789473684211,-0.762962962962963,-0.709090909090909,-0.6952380952380952,-0.6952380952380952,-0.7793103448275862
CEPS-L,0.30952380952380953,-0.125,0.21739130434782616,0.4482758620689655,0.4482758620689655,0.21739130434782616,0.18309859154929575,0.10526315789473695,0.10526315789473695,0.10526315789473695,0.1351351351351351,0.10526315789473695,0.3125,0.2923076923076924,0.16666666666666674,0.1200000000000001,0.6799999999999999,0.6799999999999999,0.4482758620689655,0.3770491803278688,0.3770491803278688,0.3770491803278688,0.23529411764705888,0.23529411764705888,0.23529411764705888,0.23529411764705888,0.33333333333333326,0.3999999999999999,0.423728813559322,0.35483870967741926,0.35483870967741926,0.75,0.5272727272727273,0.2727272727272727,0.2727272727272727,0.35483870967741926,0.5,0.4482758620689655,0.4482758620689655,0.19999999999999996,0.1351351351351351,0.050000000000000044,0.0,0.050000000000000044,0.024390243902439046,0.0,-0.1063829787234043,-0.1063829787234043,-0.2222222222222222
DGE-L,0.04405677114133644,-0.05898720089037279,-0.09765208110992529,-0.0698569856985699,-0.06831955922865018,-0.09499598608509496,-0.11789254042775166,-0.13282051282051277,-0.07545106615636965,-0.13812436289500507,-0.06754893851668042,-0.03947742118716269,-0.04732394366197179,-0.048931383577052845,-0.11116951379763473,-0.11326691137912948,-0.07342465753424654,-0.0866864704293816,-0.08197611292073836,-0.056624825662482614,-0.14768145161290325,-0.12201453790238836,-0.14574387471583738,-0.13570150779453105,-0.15195586760280844,-0.18584496870486278,-0.12542022239462114,-0.1283505154639175,-0.14205986808726534,-0.18877428639961624,-0.14249492900608518,-0.11280167890870929,-0.06960110041265477,-0.0908602150537634,-0.06315789473684208,-0.045711060948081306,-0.03426613363792119,-0.02676258992805758,0.019903498190591007,0.11506758984503795,0.07707006369426761,0.09308338720103415,0.11323238973008554,0.18086592178770955,0.18417366946778713,0.25073964497041423,0.30377794911333855,0.3697853381936007,0.3474103585657371
MAFL-L,-0.13793103448275867,0.13725490196078427,-0.016949152542372836,0.05454545454545445,0.07407407407407418,0.03571428571428581,0.11538461538461542,0.03571428571428581,-0.06451612903225812,0.03571428571428581,-0.033333333333333326,-0.1470588235294118,0.20833333333333326,0.15999999999999992,0.23404255319148937,0.288888888888889,0.3181818181818181,0.5263157894736843,0.38095238095238093,0.4871794871794872,0.7058823529411764,0.41463414634146334,0.3181818181818181,0.41463414634146334,0.15999999999999992,0.26086956521739135,-0.033333333333333326,-0.09375,-0.06451612903225812,-0.1470588235294118,-0.19444444444444442,-0.09375,-0.3695652173913043,-0.09375,-0.1470588235294118,-0.30952380952380953,-0.39583333333333337,-0.275,-0.34090909090909094,-0.6375,-0.6375,-0.5857142857142856,-0.7314814814814814,-0.75,-0.7898550724637681,-0.75,-0.8253012048192772,-0.8657407407407407,-0.8909774436090225
AURT-L,0.03960396039603964,-0.021001615508885352,-0.016233766233766267,-0.030399999999999983,0.013377926421404673,0.02020202020202011,0.027118644067796627,0.030612244897959107,0.013377926421404673,-0.017828200972447306,-0.017828200972447306,-0.06481481481481477,-0.07762557077625576,-0.09009009009009006,-0.0619195046439629,-0.07902735562310026,-0.05900621118012417,-0.0619195046439629,-0.07762557077625576,-0.11403508771929827,-0.094170403587444,-0.09281437125748504,-0.021001615508885352,0.04123711340206193,0.08214285714285707,0.08214285714285707,0.10181818181818181,0.015075376884422065,0.004975124378109541,-0.004108463434675413,-0.009803921568627416,-0.01941747572815533,0.030612244897959107,0.03412969283276457,0.03412969283276457,0.04123711340206193,0.030612244897959107,0.016778523489932917,0.030612244897959107,0.013377926421404673,-0.11403508771929827,-0.14164305949008493,-0.13552068473609125,-0.0845921450151057,-0.006557377049180357,0.021922428330522825,-0.003289473684210509,-0.003289473684210509,-0.13920454545454541
JPEL-L,-0.06883604505632068,-0.039663461538461564,-0.006218905472636371,0.04581151832460706,0.049934296977661274,0.07681940700808632,0.10664819944598358,0.15295815295815318,0.22546012269938664,0.2445482866043618,0.2464898595943843,0.25628930817610107,0.28870967741935494,0.28250401284109183,0.29288025889967595,0.30130293159609134,0.3406040268456374,0.3473861720067457,0.37521514629948394,0.3496621621621625,0.3681506849315066,0.3944153577661431,0.42678571428571477,0.44746376811594235,0.3775862068965521,0.37049742710120137,0.37049742710120137,0.31848184818481906,0.43447037701974867,0.5277246653919696,0.49625468164793984,0.47962962962962963,0.5790513833992097,0.6927966101694927,0.6508264462809923,0.5853174603174605,0.4660550458715602,0.4660550458715602,0.47962962962962963,0.3272425249169437,0.25628930817610107,0.11904761904761973,0.10664819944598358,0.1333333333333333,0.15462427745664753,0.15462427745664753,0.15462427745664753,0.10972222222222228,0.007566204287516198
DPH-L,-0.004709576138147598,-0.02050230650948237,-0.03289473684210531,-0.0714285714285714,-0.05208333333333337,-0.043543543543543506,0.03297297297297308,0.09953970080552366,0.15398550724637672,0.2250000000000001,0.2714570858283434,0.2689243027888446,0.3179310344827586,0.3918426802621995,0.30265848670756657,0.365,0.3827785817655571,0.4346846846846846,0.3918426802621995,0.3514851485148516,0.3270833333333334,0.4124168514412416,0.3827785817655571,0.3363636363636364,0.3847826086956523,0.4113737075332349,0.34293745607870685,0.4051470588235293,0.32340720221606656,0.24252275682704805,0.35435861091424514,0.5324779470729752,0.5324779470729752,0.629156010230179,0.5361736334405145,0.6194915254237288,0.911,0.9636251541307028,0.9342105263157894,1.0084077771939044,1.0592672413793105,1.186937874855857,0.9813986009032392,0.9945204459423334,1.0408597399429298,1.1082081113610465,1.149039868869568,1.129503142788936,1.384850804707066
MONY-L,0.027401477832512233,0.09655638082376772,0.1200000000000001,0.0638716017032428,0.14487134296792403,0.21465968586387452,0.21465968586387452,0.21602396106327215,0.3768545994065282,0.44227353463587926,0.6248124062031015,0.6562978072412036,0.6487309644670052,0.8206278026905829,0.7067787703625854,0.778751369112815,0.7846153846153847,0.7276595744680852,0.8044444444444445,0.8507122507122509,0.7481162540365984,0.7700272479564034,1.1022653721682847,1.1312335958005248,0.8839907192575407,0.7748633879781421,0.7194282689253573,0.6872869197661324,0.7198632513853795,0.7501882961201345,0.7301413186247343,0.8284861935781405,1.1565014076961306,1.1418765522801895,1.4921978248195602,1.5174809911583091,1.6042906805085955,1.4500167614939818,1.7376861842383504,1.994934282584885,1.6140886138438422,1.7184067040676578,1.7162812883490748,1.9441726845749718,2.369664178272034,2.293008310709447,2.2836708580325773,2.4741237677984667,2.0448061067471226
CAML-L,0.04234527687296419,0.023333333333333428,-0.12660028449502136,-0.15193370165745856,-0.18675496688741722,-0.05246913580246915,-0.03610675039246469,0.05862068965517242,-0.14484679665738165,-0.011272141706924366,-0.04658385093167705,-0.08630952380952384,-0.09705882352941175,-0.09705882352941175,-0.04062500000000002,-0.08630952380952384,-0.12160228898426328,-0.08630952380952384,-0.13215547703180208,-0.1253561253561254,0.054982817869415834,-0.04658385093167705,-0.004862236628849326,0.09642857142857153,0.1412639405204461,0.33478260869565224,0.43457943925233655,0.24796747967479682,0.35242290748898686,0.22799999999999998,0.3204301075268816,0.22799999999999998,0.13703703703703707,0.5989583333333333,0.5989583333333333,0.5349999999999999,0.6329787234042554,0.5505050505050506,1.0535117056856187,0.91875,0.7247191011235956,0.4619047619047618,0.5906735751295338,1.3524904214559386,1.658008658008658,1.7472035794183447,1.3082706766917291,1.2573529411764706,1.033112582781457
JEMI-L,-0.05405405405405406,-0.06447534766118834,-0.15909090909090906,-0.20086393088552912,-0.21610169491525422,-0.21276595744680848,-0.23553719008264462,-0.22916666666666663,-0.20770877944325483,-0.2464358452138493,-0.2433537832310838,-0.21610169491525422,-0.2540322580645161,-0.23868312757201648,-0.2210526315789474,-0.23553719008264462,-0.18681318681318682,-0.19213973799126638,-0.13348946135831385,-0.13551401869158874,-0.18141592920353977,-0.21276595744680848,-0.2540322580645161,-0.2177589852008457,-0.21610169491525422,-0.2658730158730159,-0.2510121457489879,-0.29118773946360155,-0.2965779467680608,-0.29254302103250474,-0.29389312977099236,-0.2794547224926972,-0.24180327868852458,-0.20685959271168275,-0.20770877944325483,-0.1885964912280702,-0.18502202643171806,-0.19213973799126638,-0.16289592760180993,-0.14252607184241017,-0.18681318681318682,-0.1973969631236443,-0.21610169491525422,-0.16384180790960456,-0.11270983213429253,-0.11483253588516751,-0.10843373493975905,-0.056122448979591844,-0.13953488372093026
BRFI-L,0.014634146341463428,-0.10186199342825841,-0.0639269406392694,-0.11827956989247312,-0.10480349344978168,-0.08787541713014457,-0.0888888888888889,-0.07029478458049876,-0.07657657657657657,-0.14225941422594135,-0.17670682730923692,-0.2038834951456311,-0.17999999999999994,-0.16666666666666663,-0.14760914760914756,-0.1555097837281153,-0.12579957356076754,-0.12393162393162394,-0.12765957446808507,-0.1144708423326134,-0.12393162393162394,-0.09691629955947134,-0.10087719298245601,-0.07029478458049876,-0.046511627906976716,-0.07029478458049876,-0.014423076923076983,-0.055299539170506895,-0.030732860520094496,-0.014423076923076983,0.032745591939546737,0.08465608465608465,0.22754491017964074,0.26543209876543217,0.26543209876543217,0.2693498452012386,0.28526645768025083,0.3057324840764333,0.4017094017094016,0.34868421052631593,0.24430955993930215,0.24620060790273568,0.27329192546583836,0.35761589403973515,0.3827993254637436,0.40893470790378017,0.33550488599348527,0.3945578231292519,0.33768352365415977
GNS-L,0.0437037037037038,-0.061196105702364445,-0.0644490644490644,-0.0951742627345844,-0.01098901098901095,0.006711409395973256,-0.013157894736842146,0.08870967741935476,0.04489164086687314,0.037663335895465,0.08608205953338688,0.19469026548672574,0.18942731277533031,0.3132295719844358,0.21621621621621623,0.29186602870813405,0.30813953488372103,0.36986301369863006,0.1831726555652935,0.028179741051028273,0.043276661514683123,0.07913669064748197,0.040863531225906025,-0.06896551724137934,-0.08722109533468558,-0.04323175053153794,-0.036402569593147804,-0.032258064516129004,0.005212211466865124,-0.1428571428571429,-0.059233449477351874,-0.06896551724137934,-0.05857740585774063,-0.008082292432035287,-0.08783783783783783,-0.11706998037933292,-0.018181818181818188,0.04651162790697683,0.07741420590582604,0.10024449877750619,-0.04929577464788737,0.05882352941176472,0.008968609865470878,0.30183220829315327,0.30183220829315327,0.3106796116504855,0.3326752221125371,0.30183220829315327,0.43769968051118213
REDD-L,-0.07384740922072619,-0.10055045871559631,-0.15043327556325825,-0.22190476190476194,-0.24351851851851858,-0.1870646766169154,-0.21880478087649402,-0.18095238095238098,-0.17335581787521082,0.0057447681575708565,0.005951159450030774,0.018491585289839962,-0.048155339805825315,-0.01209189842805325,-0.07509433962264156,-0.05911708253358927,-0.048155339805825315,-0.07509433962264156,-0.16419437340153453,-0.1071038251366121,-0.012688821752265933,0.15341176470588236,0.09971957375210327,0.11662870159453309,0.2425855513307984,0.2732467532467533,0.45892857142857135,0.4177874186550976,0.43333333333333335,0.5561904761904761,0.48996960486322183,0.5164733178654293,0.5749397590361445,0.8359550561797753,0.9036893203883494,1.03402489626556,1.228181818181818,1.4267326732673267,1.3738498789346245,1.8767605633802815,1.4645550527903466,1.3232227488151658,0.9059097978227062,1.031496062992126,1.4933875890132247,1.1518876207199296,1.0399500624219722,1.0399500624219722,0.7929773226042429
HICL-L,0.005284015852047519,-0.007213114754098471,-0.016883116883116833,-0.003947368421052699,-0.009810333551340755,-0.030729833546734864,-0.03258785942492004,-0.005909389363099149,-0.006561679790026198,0.005980066445182786,0.027137042062415295,0.049203049203049076,0.03415300546448097,0.04847645429362868,0.07988587731811703,0.09710144927536235,0.10834553440702788,0.11160058737151268,0.10189228529839878,0.12985074626865667,0.1132352941176471,0.17637917637917666,0.13749060856498874,0.16104294478527614,0.14350453172205424,0.15045592705167166,0.15396341463414642,0.17912772585669767,0.16911196911196913,0.1940063091482651,0.23591836734693872,0.2295849309477609,0.22660532287599744,0.2187298472877084,0.21288928891412517,0.250854522010284,0.2345832436751909,0.25291863838323825,0.27287291678163017,0.2591520644448464,0.2633422543431654,0.2570673755964279,0.27930698375777996,0.31470572674578157,0.3124849400451979,0.31359439477051043,0.31693404153687643,0.34079565920061583,0.34427523271065197
AAIF-L,0.019292604501607746,-0.15143246930422916,-0.1847968545216252,-0.2126582278481013,-0.22828784119106704,-0.22250000000000003,-0.21065989847715738,-0.22152690863579472,-0.22588674548848786,-0.22828784119106704,-0.2460606060606061,-0.21662468513853905,-0.24879227053140096,-0.2311495673671199,-0.22828784119106704,-0.23209876543209873,-0.2005141388174807,-0.16844919786096257,-0.1594594594594595,-0.11396011396011396,-0.19896973599484868,-0.22828784119106704,-0.264775413711584,-0.2559808612440191,-0.23774509803921573,-0.283410138248848,-0.27758420441347276,-0.31648351648351647,-0.3452631578947368,-0.35343035343035345,-0.3179824561403509,-0.3019079685746352,-0.30033745781777277,-0.24146341463414633,-0.25374925014996996,-0.2559808612440191,-0.23019801980198018,-0.22250000000000003,-0.18586387434554974,-0.14266023432115782,-0.1728723404255319,-0.1728723404255319,-0.14619080301990395,-0.12270803949224263,-0.08529411764705885,-0.054711246200607855,-0.06886227544910184,-0.0032051282051281937,-0.10632183908045978
SDV-L,-0.0013280212483400833,0.04583333333333317,0.08034433285509301,0.07753316169122049,0.16220834080717128,0.11909972282470926,0.09952363437879597,0.19725906854580044,0.17855189559977247,0.13595363431303342,0.11578877689919276,0.1604203279751606,0.09473615846713246,0.10597245334875982,0.02622205875354333,0.006963007572308166,0.014975975802326236,0.05267109457352692,0.08552040532617577,0.09797975000710757,0.07787589542951268,0.11396198799847768,0.17196307160023605,0.20140013462316153,0.2464037227279381,0.38639834375897486,0.42778336894581015,0.409377321832328,0.483123809602624,0.5586392785233281,0.5943580953228209,0.674599312374079,0.8221235375117952,0.9037111585944131,0.9084585679674666,0.9929476191535263,1.0139260151446163,1.0462349886496103,1.0517208733376786,1.0683564479863619,0.9522752187626382,0.9084585679674666,1.029951951604653,1.0909614364889455,1.0739617500134253,1.1317322722979224,1.134705399595409,1.0909614364889455,1.0353507599865797
AAS-L,0.014861995753715274,-0.0930680359435172,-0.14259708737864074,-0.18652849740932642,-0.1925714285714285,-0.20973154362416113,-0.197159090909091,-0.2358031368307193,-0.2312295973884656,-0.2366288492706644,-0.28779675834419305,-0.2686870738415603,-0.25912992634863785,-0.23182414585633826,-0.21480085822988593,-0.2186965540821082,-0.16801617206043085,-0.13580216408838064,-0.11585499008418221,-0.08444156918924073,-0.18733689742255955,-0.199274321528217,-0.27094421250254297,-0.2518095101343859,-0.1773368456338733,-0.2920508313024571,-0.3099213928423947,-0.34125953162897726,-0.34969719545074707,-0.318522564360179,-0.3058779635035811,-0.26343941412193417,-0.2238264096398217,-0.19160538484807133,-0.17899975123033973,-0.160329633346328,-0.11152379328458317,-0.05481254604742891,-0.022309538690050812,0.009632053085700809,-0.03590238674488533,-0.013489291641452628,0.059286088483357924,0.15668179881583955,0.17678967776876364,0.1806992780271317,0.184634942287222,0.22232324225680689,0.05067400646316833
GFM-L,-0.12962962962962965,-0.09999999999999998,-0.11764705882352944,-0.15094339622641506,-0.09999999999999998,0.034482758620689724,0.2272727272727273,0.19999999999999996,0.134453781512605,-0.02877697841726623,-0.11184210526315785,-0.12337662337662336,-0.13461538461538458,-0.09999999999999998,0.10655737704918034,0.134453781512605,0.09311740890688269,0.0714285714285714,-0.0357142857142857,-0.02877697841726623,-0.05594405594405594,0.026615969581748944,-0.021739130434782594,0.15879828326180268,0.125,0.22171945701357476,0.21076233183856496,0.015037593984962516,0.23853211009174302,0.134453781512605,0.00746268656716409,-0.08783783783783783,0.125,0.139240506329114,0.08000000000000007,0.0,0.0714285714285714,0.08870967741935476,0.0,-0.08163265306122447,-0.2857142857142857,-0.18918918918918914,-0.27807486631016043,-0.2702702702702703,-0.12337662337662336,-0.18674698795180722,-0.16149068322981364,-0.23728813559322037,-0.3041237113402062
LSC-L,0.0,-0.020979020979020935,-0.09090909090909094,-0.09677419354838712,-0.045454545454545414,-0.032258064516129004,-0.09090909090909094,-0.10064239828693788,-0.10064239828693788,-0.10064239828693788,-0.09677419354838712,-0.09677419354838712,-0.1063829787234043,-0.11578947368421055,-0.125,-0.16000000000000003,0.050000000000000044,0.050000000000000044,0.050000000000000044,0.07006369426751591,0.0980392156862746,0.118508655126498,0.15068493150684925,0.18811881188118806,0.19999999999999996,0.23529411764705888,0.23529411764705888,0.22807017543859653,0.23529411764705888,0.22627737226277378,0.21212121212121215,0.22093023255813948,0.19999999999999996,0.19999999999999996,0.16991643454039007,0.16991643454039007,0.1586206896551725,0.1586206896551725,0.1586206896551725,0.1586206896551725,0.15068493150684925,0.1351351351351351,0.1351351351351351,0.1351351351351351,0.16182572614107893,0.1914893617021276,0.19658119658119655,0.19999999999999996,0.21739130434782616
AEO-L,0.18181818181818166,-0.04347826086956519,-0.07042253521126751,-0.03649635036496335,0.13793103448275867,0.14782608695652177,0.1186440677966103,-0.28260869565217384,-0.38888888888888884,-0.2413793103448275,-0.2978723404255318,-0.3950646625464459,-0.3788610374360828,-0.3950646625464459,-0.5362162412856086,-0.510087578822826,-0.5679033303903185,-0.3950646625464459,-0.42977406715443667,-0.4709690965235078,-0.04701967387453798,-0.03378383601168444,-0.08463731832685883,0.008225562422590205,0.8551350348575655,0.8802044272205058,0.8551350348575655,1.140540424835653,1.140540424835653,0.9324323279766311,1.3988815105916799,1.6756755310445661,1.6756755310445661,1.20849408911615,1.17398636897371,1.17398636897371,1.1081079941563248,0.6563705668371123,0.49607664101416593,0.43438275891048894,0.39135127614317433,0.30032829546091055,0.22048357556418807,1.0461048178576093,1.7281397571434796,1.8394924002921926,1.8394924002921926,2.6614507266925647,2.97528936040907
EMPR-L,0.11971830985915499,-0.14457831325301207,0.0923076923076922,0.08396946564885499,0.06766917293233088,0.22413793103448265,0.43434343434343425,0.7530864197530864,0.5777777777777777,0.43434343434343425,0.40594059405940586,0.3148148148148149,0.40594059405940586,0.5434782608695652,0.5434782608695652,0.5268817204301075,0.5604395604395604,0.5268817204301075,0.5106382978723405,0.4639175257731958,0.47916666666666674,1.0579710144927534,0.9452054794520548,0.9452054794520548,1.0285714285714285,1.4482758620689653,1.6792452830188678,1.5357142857142856,1.6296296296296298,1.1194029850746268,1.2903225806451615,1.581818181818182,2.506172839506173,2.380952380952381,1.9894736842105263,2.021276595744681,1.8399999999999999,1.6792452830188678,1.21875,1.0285714285714285,1.2903225806451615,1.6792452830188678,1.7307692307692308,2.1555555555555554,2.7866666666666666,2.4634146341463414,2.9444444444444446,2.0869565217391304,1.0882352941176472
CINE-L,-0.04209621993127155,0.13009708737864067,0.2304439746300213,0.12355212355212375,0.19140225179119774,0.22320302648171508,0.2805280528052805,0.3781671797300499,0.406136748006765,0.5195822454308092,0.7509025270758127,0.819318537042826,0.819318537042826,0.8119551681195518,0.755656108597285,0.6772334293948126,0.7516930022573365,0.9176276771004943,0.8850202429149798,0.7067448680351907,0.7055008027282386,0.7328617781730768,0.7707385383517231,0.7282408134312819,0.4762877107898196,0.7100008048462552,0.9089552431126087,1.012702810673077,1.1802869807795822,1.3187488552298055,1.4227674954644138,1.3981139871849422,1.4689154477589734,1.6001617052627108,1.6345134351086608,1.5975563328125477,1.5717869247489311,1.8804013557188028,2.192563078998673,2.0143735117987474,2.1083467867469103,1.9865912674503718,2.1886361871425866,2.0178826777030534,2.1537241121008797,2.2044020026537985,2.4154956787179485,2.6105309472798375,2.3235400258293883
RTN-L,0.01779095626389915,0.005965697240865042,-0.0412224591329069,-0.028797696184305277,-0.01532846715328473,0.012003000750187676,-0.07602739726027397,-0.05796089385474856,0.023520485584218376,0.04492641363284289,0.0037202380952381375,0.05473025801407361,0.04250386398763539,0.109375,0.11395540875309651,0.10518298277879468,0.06947573116813222,-0.030596640819742782,0.022731501772690343,0.11243008430521306,0.16594905743329869,0.1801432198716173,0.19258761234829525,0.2543111856306468,0.24282481946186807,0.27793286520937865,0.3305536302474117,0.32794980709624255,0.41165456922442245,0.4499622893721795,0.6133674546509269,0.8023435628849402,0.7341741666909785,0.7763935901208898,0.7717554867524281,0.8891490852621939,1.0396223367183048,1.1034790806763173,1.2365931161047476,1.4166038156202987,1.3399391428488965,1.2536776865698434,1.39358854118582,1.2183143230669504,1.3159807215910582,1.2395457142778215,1.3318981148665974,1.464883223487758,1.3399391428488965
SOSS-L,-0.1875,-0.20000000000000007,-0.2727272727272727,-0.33333333333333337,-0.3846153846153846,-0.3846153846153846,-0.3846153846153846,-0.33333333333333337,-0.4285714285714286,-0.3846153846153846,-0.5294117647058825,-0.6190476190476191,-0.6923076923076923,-0.7142857142857143,-0.7142857142857143,-0.6923076923076923,-0.7037037037037037,-0.8,-0.8367346938775511,-0.84,-0.8571428571428572,-0.873015873015873,-0.8888888888888888,-0.8857142857142857,-0.9207920792079208,-0.8490566037735849,-0.8461538461538461,-0.8769230769230769,-0.8620689655172413,-0.8933333333333333,-0.9047619047619048,-0.9191919191919192,-0.9139784946236559,-0.9359999999999999,-0.9327731092436975,-0.9327731092436975,-0.9316239316239316,-0.9285714285714286,-0.9304347826086956,-0.9215686274509804,-0.9483870967741935,-0.9526627218934911,-0.9416058394160584,-0.9432624113475178,-0.9090909090909091,-0.9272727272727272,-0.9477124183006536,-0.9444444444444444,-0.9359999999999999
HDD-L,-0.15909090909090906,-0.15384615384615385,-0.18518518518518523,-0.16981132075471694,-0.10204081632653061,-0.2666666666666667,-0.24137931034482762,-0.22807017543859653,-0.2786885245901639,-0.3802816901408451,-0.38888888888888884,-0.38888888888888884,-0.34328358208955223,-0.41333333333333333,-0.45679012345679015,-0.47619047619047616,-0.3529411764705882,-0.3972602739726028,-0.38888888888888884,0.375,0.18918918918918926,0.18918918918918926,-0.13725490196078427,-0.19999999999999996,-0.24137931034482762,-0.13725490196078427,-0.10204081632653061,-0.2142857142857143,-0.2542372881355932,-0.3015873015873016,-0.29032258064516125,-0.3529411764705882,-0.24137931034482762,0.20218579234972678,0.07317073170731714,0.33333333333333326,0.2571428571428571,0.9642857142857144,0.9819819819819817,1.2222222222222223,0.5492957746478875,0.4965986394557824,0.18918918918918926,0.10000000000000009,0.76,0.6923076923076923,0.8333333333333333,1.3157894736842106,1.0
DSG-L,-0.2922374429223744,-0.022321428571428603,0.009216589861751112,-0.047826086956521685,0.02336448598130847,0.07881773399014769,0.05797101449275366,0.20994475138121538,0.13471502590673579,0.11167512690355319,0.1465968586387434,0.11167512690355319,0.03791469194312791,0.04285714285714293,0.17741935483870974,0.03791469194312791,0.009216589861751112,0.004587155963302836,0.009216589861751112,0.03301886792452824,0.04784688995215314,-0.004545454545454519,-0.11693548387096775,0.07352941176470584,0.24431818181818188,0.40384615384615374,0.3687499999999999,0.38607594936708867,0.3687499999999999,0.34355828220858897,0.3687499999999999,0.18378378378378368,0.4697986577181208,0.553191489361702,0.6466165413533835,0.6343283582089552,0.6466165413533835,0.6222222222222222,0.6222222222222222,0.5755395683453237,0.4797297297297298,0.5314685314685315,0.5103448275862068,0.5103448275862068,0.5103448275862068,0.5,0.4697986577181208,0.41290322580645156,0.45033112582781465
ESNT-L,-0.05627962085308058,-0.09002695417789752,-0.16269841269841268,-0.1538847117794485,-0.140529531568228,-0.15261044176706817,-0.1576846307385229,0.01564380264741283,0.14908100748808728,0.12608405603735817,0.22496371552975347,0.06498422712933749,-0.020881670533642538,0.10761154855643063,0.08483290488431883,0.057644110275689275,0.04069050554870546,-0.04470854555744186,-0.04794134235758596,0.02055622732769047,-0.01917489831493313,0.044554455445544594,0.07928388746803083,0.13060951105157415,0.08762886597938158,0.07379134860050907,0.1878958479943702,0.21789321789321803,0.1837307152875176,0.13440860215053774,0.31669266770670834,0.41373534338358486,0.5084897229669347,0.4514187446259672,0.4807017543859651,0.5909519321394909,0.5629629629629629,0.688,0.7445225299710625,0.9614222635370673,0.8041898247114152,0.7616364015863077,0.8793141839234024,1.185962185962186,1.141045154743785,1.1990620114643042,1.2228074795891497,1.5194029850746271,1.277388019427955
NWMS-L,0.04511278195488733,-0.25698324022346364,0.09917355371900816,0.03100775193798455,0.15652173913043477,0.17699115044247793,0.0390625,0.16666666666666674,0.6835443037974684,0.6625000000000001,0.6835443037974684,0.6419753086419753,0.5647058823529412,0.6024096385542168,0.9558823529411764,0.9275362318840579,1.046153846153846,0.9558823529411764,0.9275362318840579,1.046153846153846,1.293103448275862,1.1451612903225805,1.293103448275862,1.180327868852459,1.180327868852459,1.1451612903225805,1.0151515151515151,1.2166666666666668,1.2542372881355934,1.293103448275862,1.1451612903225805,1.1111111111111112,2.6944444444444446,3.290322580645161,3.9259259259259256,3.9259259259259256,4.115384615384615,3.75,3.0303030303030303,3.290322580645161,3.290322580645161,3.4333333333333336,3.0303030303030303,2.911764705882353,3.290322580645161,3.4333333333333336,2.8,2.6944444444444446,2.243902439024391
BSRT-L,0.0,-0.18644067796610164,-0.33333333333333337,-0.28712871287128716,-0.34545454545454546,-0.41463414634146345,-0.4461538461538461,-0.3513513513513513,-0.417004048582996,-0.4586466165413534,-0.34841628959276016,-0.4666666666666667,-0.5354838709677419,-0.5354838709677419,-0.5596330275229358,-0.5649546827794563,-0.5826086956521739,-0.5688622754491017,-0.5920679886685553,-0.5885714285714285,-0.6345177664974619,-0.5909090909090908,-0.5609756097560976,-0.6326530612244898,-0.6814159292035398,-0.6936170212765957,-0.6719817767653758,-0.7024793388429752,-0.7623762376237624,-0.7894736842105263,-0.7966101694915254,-0.8085106382978724,-0.7837837837837838,-0.7717908082408875,-0.7916063675832128,-0.7942857142857143,-0.7863501483679525,-0.7913043478260869,-0.8082556591211718,-0.8095238095238095,-0.8317757009345794,-0.8438177874186551,-0.8492146596858638,-0.8277511961722488,-0.7763975155279503,-0.8149100257069408,-0.818639798488665,-0.8163265306122449,-0.8235294117647058
TET-L,0.018927444794952786,-0.039393939393939426,-0.03353658536585369,0.009554140127388644,0.10839160839160833,0.07457627118644061,0.07457627118644061,0.019292604501607746,0.14028776978417268,0.07094594594594605,0.009554140127388644,0.11228070175438587,-0.0031446540880503138,-0.030581039755351647,-0.0942857142857143,-0.09943181818181823,0.11228070175438587,0.1045296167247387,0.05525965379493991,0.08934707903780059,0.01472471190781044,0.28861788617886175,0.3208333333333333,0.3099173553719008,0.2579365079365079,0.3208333333333333,0.30775577557755773,0.3867016622922135,0.8647058823529412,0.8824228028503562,0.8647058823529412,1.0216836734693877,1.0451612903225804,1.085526315789474,1.1332436069986542,1.2642857142857142,1.3138686131386863,1.4765625,1.358630952380952,1.358630952380952,1.1952908587257616,1.085526315789474,1.0993377483443707,1.348148148148148,1.3656716417910446,1.2971014492753623,1.2013888888888888,1.2167832167832167,1.026854219948849
ELL_p-L,0.052986512524084706,-0.005747126436781658,-0.009541984732824416,-0.07486631016042777,-0.07486631016042777,-0.07486631016042777,-0.06486486486486487,-0.07321428571428568,-0.007648183556405397,-0.009541984732824416,0.005813953488372103,0.007766990291262044,0.031809145129224614,0.04426559356136828,0.03386454183266929,0.003868471953578423,0.005813953488372103,0.054878048780487854,0.0778816199376946,0.08350730688935282,0.11134903640256955,0.11373390557939911,0.08125000000000004,0.14191419141914197,0.11134903640256955,0.10660980810234544,0.17155756207674933,0.06461538461538452,0.021653543307086576,0.027722772277227747,0.01964636542239684,0.04742684157416743,0.08805031446540879,0.10660980810234544,0.07453416149068315,0.0734229576008274,0.12095032397408212,0.12581344902386116,0.16367713004484297,0.19036697247706424,0.12826086956521743,0.13318777292576423,0.1507760532150777,0.17954545454545445,0.22840236686390525,0.2327790973871735,0.18493150684931514,0.194476409666283,0.17820658342792273
BNZL-L,0.043073341094295614,-0.06630434782608696,-0.029926595143986434,-0.09483667017913588,-0.06324972737186474,-0.06630434782608696,-0.09578947368421054,-0.09004237288135597,-0.035914702581369196,-0.03483146067415732,0.02444841979725698,0.07576706324358162,0.03307276007215876,0.08391167192429028,0.035563592525617915,0.023837902264600697,0.0318318318318318,0.06641837368094361,0.11341542449773168,0.23508267433501073,0.19140083217753112,0.23508267433501073,0.24673439767779382,0.27071005917159763,0.24222704266088213,0.22889842632331914,0.30945121951219523,0.3390491036632892,0.33075135553834234,0.3114503816793892,0.33592534992223944,0.4952132288946911,0.6728334956183057,0.6567020250723241,0.6695821185617103,0.5366726296958855,0.5217006200177148,0.5136563876651983,0.6284360189573459,0.7188594297148574,0.6393129770992367,0.6712062256809339,0.7656731757451183,0.967926689576174,0.9456398640996602,1.0761329305135954,1.1596480201131363,1.2239482200647247,1.1144615384615384
CCP-L,0.0,-0.023255813953488413,-0.026490066225165587,-0.039215686274509776,-0.039215686274509776,-0.026490066225165587,-0.026490066225165587,-0.03289473684210531,-0.03289473684210531,-0.020000000000000018,-0.020000000000000018,-0.026490066225165587,-0.026490066225165587,-0.01342281879194629,-0.01342281879194629,-0.010101010101010055,-0.010101010101010055,-0.010101010101010055,-0.010101010101010055,-0.010101010101010055,-0.0360655737704918,0.0888888888888888,0.168986083499006,0.15520628683693527,0.2250000000000001,0.2894736842105263,0.3125,0.26451612903225796,0.2431289640591967,0.2148760330578512,0.19512195121951215,0.3008849557522124,0.47,0.9215686274509804,0.9470198675496688,1.0275862068965518,1.0136986301369864,1.1617647058823528,1.1304347826086958,1.1304347826086958,1.1,1.1304347826086958,1.1304347826086958,1.1940298507462686,1.1777777777777776,1.0704225352112675,1.1,0.8846153846153846,0.896774193548387
PAGPA-L,-0.0340102764864203,-0.0019536019536019467,-0.04038506691711663,-0.06089154411764708,-0.037220259128386335,-0.04397660818713456,-0.04953488372093029,-0.023416965352449304,-0.02898550724637683,-0.01825606533749702,0.14578076815250918,0.19818235121665184,0.18019058619693906,0.19502923976608177,0.12341946124244085,0.07017543859649122,0.14130131248254663,-0.023416965352449304,0.023284927391086674,0.14321678321678322,0.09777061509535323,0.20205882352941162,0.19154518950437316,0.29090334807327856,0.252528348145878,0.253680981595092,0.28602894902454357,0.33431276526281417,0.2759912581954418,0.24946499541424627,0.2982846251588309,0.4290209790209789,0.571923076923077,0.6888429752066114,0.642684887459807,0.9611324376199615,1.098049281314168,1.36242774566474,1.4041176470588232,1.559173450219161,1.3077357425183513,1.1647245762711864,1.1510526315789473,1.2456043956043956,1.2517906336088154,1.221195652173913,1.61651728553137,1.7048312375909993,1.5834386852085967
MNKS-L,-0.010900596937451268,-0.08152562574493438,-0.09702367002577916,-0.1302483069977426,-0.11729667812142042,-0.10686138154844682,-0.06752178121974828,-0.028247162673392112,-0.022577371892440357,-0.014578005115089443,0.005480167014613846,0.03686759956942942,0.008110936682365288,0.02609853528628503,-0.0031047865459249424,0.009960681520314596,0.035752688172043134,-0.030935613682092633,-0.010783055198973046,0.002080624187256186,0.0007792207792207684,0.011020729467331458,-0.009511568123393266,0.00863874345549731,0.042196375439545575,0.05244468724392237,0.10432788764689027,0.09088335220838051,0.08841807909604515,0.08718961625282184,0.11487268518518512,0.15705705705705708,0.22511923688394275,0.2526007802340702,0.24894651539708268,0.22902711323763958,0.22902711323763958,0.22511923688394275,0.19324868380303517,0.2349358974358975,0.1409535090316849,0.14264531435349959,0.12594973699590883,0.18626847290640391,0.2123977344241661,0.2212361331220285,0.23612447866538355,0.2433042917070023,0.13624299616632252
MAV4-L,0.0029850746268655914,-0.0029761904761904656,-0.0029761904761904656,-0.0029761904761904656,-0.020467836257309968,-0.020467836257309968,-0.023323615160349864,-0.023323615160349864,-0.03735632183908044,-0.02898550724637683,-0.03458213256484155,-0.03458213256484155,-0.0589887640449438,-0.0589887640449438,-0.05099150141643061,-0.014705882352941124,-0.023323615160349864,-0.03735632183908044,0.0029940119760478723,0.03554868624420404,0.007518796992481258,-0.005934718100890191,-0.01179941002949858,-0.026162790697674465,-0.03179190751445082,-0.004457652303120341,-0.053672316384180796,-0.04011461318051579,-0.049645390070921946,-0.05099150141643061,-0.07713498622589532,-0.07713498622589532,-0.13436692506459946,-0.14649681528662417,-0.14649681528662417,-0.12418300653594772,-0.14102564102564108,-0.14102564102564108,-0.14102564102564108,-0.16873449131513651,-0.1908212560386473,-0.20238095238095233,-0.17487684729064035,-0.12303664921465973,-0.10904255319148937,0.015151515151515138,0.2007168458781361,0.2007168458781361,0.2007168458781361
IOMG-L,0.07586206896551717,0.027327935222672073,0.041559774243201675,0.038894575230296935,0.17205542725173206,0.22881355932203395,0.2561881188118811,0.499261447562777,0.47529069767441867,0.1481900452488687,0.20331950207468874,0.1747685185185186,-0.09375,-0.02777777777777779,0.13028953229398654,0.04477611940298498,0.01805416248746239,0.0746426680783483,-0.02121504339440694,-0.10176991150442483,-0.033333333333333326,-0.010721247563352798,0.014999999999999902,-0.08061594202898548,-0.1295025728987993,-0.05317164179104472,-0.035171102661596954,0.04855371900826455,0.08440170940170932,0.1032608695652173,0.1032608695652173,0.07978723404255317,0.26243781094527363,0.27833753148614604,0.26558603491271815,0.34259259259259256,0.5859375,0.7439862542955327,0.7380136986301369,0.8796296296296295,0.8288288288288288,0.8189964157706093,0.7261904761904763,0.8354430379746836,1.0630081300813008,1.1145833333333335,1.40521327014218,1.4282296650717705,1.5631313131313131
PHWK-L,0.0,0.13888888888888884,-0.06818181818181823,0.10810810810810811,0.0,0.28125,0.32258064516129026,0.5185185185185186,0.5185185185185186,0.4642857142857142,0.10810810810810811,0.05128205128205132,0.10810810810810811,0.17142857142857149,0.0,-0.046511627906976716,0.05128205128205132,0.07894736842105265,-0.046511627906976716,0.02499999999999991,-0.196078431372549,0.07894736842105265,0.13888888888888884,0.6399999999999999,0.8636363636363635,0.8636363636363635,0.7083333333333333,0.7083333333333333,0.7083333333333333,1.2777777777777777,0.6399999999999999,0.5185185185185186,0.6399999999999999,0.4137931034482758,0.28125,1.2777777777777777,1.7333333333333334,1.5625,1.1578947368421053,0.8636363636363635,0.8636363636363635,0.3666666666666667,0.3666666666666667,0.4642857142857142,0.5769230769230769,0.6399999999999999,0.9523809523809523,2.1538461538461537,2.727272727272727
AVG-L,0.1073170731707318,-0.0639269406392694,-0.0848214285714286,-0.07657657657657657,-0.019138755980861233,0.03015075376884413,-0.023809523809523836,-0.1313559322033898,-0.07657657657657657,-0.055299539170506895,-0.262589928057554,-0.2881944444444444,-0.2293233082706767,-0.3003412969283277,-0.35331230283911674,-0.3711656441717791,-0.3880597014925373,-0.3880597014925373,-0.32565789473684215,-0.34083601286173637,-0.3880597014925373,-0.38622754491017963,-0.34083601286173637,-0.262589928057554,-0.23220973782771537,-0.14937759336099588,-0.1313559322033898,-0.12017167381974247,-0.15637860082304522,-0.004854368932038833,0.009852216748768461,0.05670103092783507,0.04060913705583746,-0.004854368932038833,0.17142857142857149,0.17816091954022983,0.2058823529411764,0.22754491017964074,0.4137931034482758,0.5413533834586466,0.607843137254902,0.653225806451613,0.7083333333333333,0.9339622641509433,0.8141592920353982,0.7982456140350878,0.8807339449541285,1.0707070707070705,0.7982456140350878
KMR-L,-0.30175438596491233,-0.16176470588235292,-0.25,-0.25,-0.24802110817941958,-0.20612813370473537,-0.17630057803468213,-0.06557377049180324,-0.10094637223974767,-0.45297504798464494,-0.5869565217391304,-0.6935483870967742,-0.7466666666666666,-0.8067796610169491,-0.821875,-0.7150000000000001,-0.7764705882352941,-0.8034482758620689,-0.8093645484949833,-0.8293413173652695,-0.8653119092627599,-0.8552564753682073,-0.8629807692307692,-0.8982142857142857,-0.8920863309352518,-0.903061224489796,-0.8853580048270314,-0.9068627450980392,-0.8924528301886793,-0.9017241379310345,-0.9162011173184358,-0.920011226494527,-0.9136363636363636,-0.9080645161290323,-0.9285714285714286,-0.9285893259834628,-0.9272030651340997,-0.9224489795918367,-0.9282296650717703,-0.9372108393919365,-0.9451395572666025,-0.9438976377952756,-0.9488330341113106,-0.9418486023260559,-0.9372799295774648,-0.9190340909090909,-0.9252753015207131,-0.9151785714285714,-0.9344375431331953
CASPC-L,-0.012499999999999956,-0.04761904761904767,-0.33884297520661155,-0.3846153846153846,-0.2727272727272727,-0.19999999999999996,-0.08045977011494254,0.1428571428571428,0.06666666666666665,0.23076923076923084,-0.29824561403508776,-0.45945945945945943,-0.5294117647058824,-0.04761904761904767,1.3529411764705883,1.1621621621621623,1.0,1.4539877300613497,1.1621621621621623,1.3529411764705883,1.3529411764705883,1.8571428571428572,1.4242424242424243,1.1621621621621623,1.2857142857142856,1.4242424242424243,1.9629629629629628,1.5,2.076923076923077,1.5806451612903225,1.1621621621621623,1.2222222222222223,3.7058823529411766,3.7058823529411766,2.4782608695652173,2.2,2.3333333333333335,2.3333333333333335,1.8571428571428572,2.076923076923077,2.2,1.5806451612903225,0.8604651162790697,1.0,1.5,1.5806451612903225,1.5806451612903225,2.6363636363636362,2.6363636363636362
AADV-L,0.0,0.007299270072992803,0.0,0.0,0.0,0.0,0.0,-0.014285714285714235,-0.014285714285714235,-0.014285714285714235,-0.014285714285714235,-0.014285714285714235,-0.014285714285714235,-0.014285714285714235,-0.014285714285714235,-0.014285714285714235,-0.014285714285714235,-0.007194244604316502,-0.007194244604316502,-0.007194244604316502,-0.007194244604316502,-0.007194244604316502,-0.007194244604316502,-0.007194244604316502,-0.007194244604316502,-0.007194244604316502,-0.014285714285714235,-0.014285714285714235,-0.014285714285714235,0.014705882352941124,0.014705882352941124,0.014705882352941124,0.014705882352941124,0.014705882352941124,0.06563706563706573,0.06563706563706573,0.06563706563706573,0.014705882352941124,0.014705882352941124,0.007299270072992803,0.029850746268656803,0.12195121951219523,0.14049586776859502,0.10400000000000009,0.08661417322834652,0.08661417322834652,0.08661417322834652,0.08661417322834652,0.08661417322834652
CSN-L,-0.11406578026592029,0.05695266272189348,0.09838585703305158,0.09167303284950346,0.11902897415818336,0.053834808259586975,0.012039660056657242,0.03028118240807487,0.017806267806267817,0.09083969465648845,0.06324404761904767,0.00918079096045199,0.07041198501872659,0.18392709196354606,0.12166405023547888,0.09250764525993871,0.09838585703305158,0.10092449922958391,0.023638968481375366,0.04842259721203224,0.1332275971451229,0.2161702127659575,0.2110169491525422,0.3086080586080586,0.330540037243948,0.40649606299212593,0.42900000000000005,0.40098039215686265,0.49790356394129986,0.4947698744769875,0.5549510337323178,0.6387614678899083,0.8414948453608249,0.8486416558861578,0.8852242744063326,0.8679738562091506,0.8977423638778219,1.165151515151515,1.059077809798271,1.3011272141706924,1.0070224719101124,0.8753280839895015,1.0891812865497075,1.0070224719101124,0.9737569060773479,1.1521084337349397,0.8631029986962191,0.7426829268292683,0.6482122260668974
AGLE-L,-0.030674846625766916,-0.07909604519774016,-0.07909604519774016,-0.08938547486033521,-0.13756613756613756,0.044871794871794934,0.11643835616438358,-0.01807228915662651,0.13194444444444442,0.1398601398601398,-0.08169014084507042,-0.13756613756613756,-0.0239520958083832,0.07947019867549665,0.006172839506172867,0.07236842105263164,-0.06321839080459768,-0.12834224598930477,-0.12365591397849462,-0.07909604519774016,0.0,0.12413793103448278,-0.003058103975535187,0.23484848484848486,0.3931623931623931,0.314516129032258,0.5673076923076923,0.31983805668016196,0.613861386138614,0.4173913043478261,0.3252032520325203,0.4424778761061947,1.8596491228070176,1.2027027027027026,1.1733333333333333,1.0897435897435899,0.9878048780487805,0.9878048780487805,0.8953488372093024,0.8735632183908046,0.3697478991596639,0.5233644859813085,0.3813559322033899,0.147887323943662,-0.029761904761904767,0.08666666666666667,0.02515723270440251,0.2834645669291338,2.090047393364929
GHT-L,0.07920792079207928,0.05208333333333326,0.004975124378109541,-0.01941747572815533,0.04663212435233155,0.1477272727272727,0.26249999999999996,0.20238095238095233,0.19526627218934922,0.20238095238095233,0.6489795918367347,-0.08597285067873306,-0.1330472103004292,-0.1887550200803213,-0.2290076335877863,-0.24344569288389517,-0.24060150375939848,-0.20158102766798414,-0.2304761904761905,-0.19199999999999995,-0.19521912350597614,-0.15833333333333333,-0.2109375,-0.1936127744510978,-0.09009009009009006,0.14124293785310726,0.2168674698795181,0.19174041297935096,0.26447574334898283,0.2168674698795181,0.23926380368098155,0.34219269102990024,0.4532374100719425,0.5074626865671641,0.5074626865671641,0.4125874125874125,0.6031746031746033,0.5968379446640317,0.7413793103448276,0.748917748917749,0.6095617529880477,0.6694214876033058,0.7339055793991416,0.6557377049180328,0.9146919431279621,0.9803921568627452,0.9330143540669857,0.9611650485436893,0.7876106194690264
XTR-L,0.04166666666666674,-0.040000000000000036,-0.12727272727272743,-0.4666666666666667,-0.07692307692307687,0.4545454545454546,1.1818181818181817,2.2,0.714285714285714,0.7777777777777777,0.6551724137931034,0.41176470588235303,0.09090909090909083,0.11627906976744184,0.1428571428571428,0.11627906976744184,0.1707317073170731,0.09090909090909083,0.0,-0.12727272727272743,-0.19999999999999996,-0.05882352941176472,0.04347826086956519,0.0,0.06666666666666665,0.06666666666666665,0.04347826086956519,0.09090909090909083,1.0,0.41176470588235303,0.714285714285714,0.5,0.6551724137931034,0.6000000000000001,-0.020408163265306145,-0.040000000000000036,0.1707317073170731,-0.40740740740740744,-0.40740740740740744,-0.5339805825242718,-0.5752212389380531,-0.7658536585365854,-0.8843373493975903,-0.8883720930232558,-0.8933333333333333,-0.8736842105263158,-0.8588235294117648,-0.7913043478260869,-0.8588235294117648
CTY-L,0.0031931878658861823,-0.056963613550815584,-0.053400503778337494,-0.0907331236390031,-0.05861723446893785,-0.04884839281194642,-0.06120409692730455,-0.042059648228396584,-0.013389341034392155,-0.018029788345962805,0.013211108115395165,0.0220288278487899,-0.014424337791764996,0.01103040086090945,-0.021099244594946498,-0.030943785456420847,-0.01313025210084029,-0.007657776604172106,-0.005557025668166071,0.029307039167351334,-0.0058201058201058364,0.02119565217391317,0.006966773847802754,0.04099722991689747,0.039269911504424826,0.014304993252361786,0.07709945543135577,0.05532153889356928,0.06338426711941159,0.06761363636363638,0.11183431952662715,0.13192771084337362,0.16599441514117275,0.20063897763578287,0.2056464549246071,0.19757807520713833,0.21933809214795597,0.22012987012987018,0.26319327731092446,0.3645606390704432,0.2593833780160859,0.2648939750925614,0.2614971466935214,0.2936316695352841,0.28171896316507516,0.3368907861970829,0.3576589595375723,0.4234848484848486,0.3596237337192476
TIME-L,0.03937007874015741,-0.16447368421052633,-0.02693010023631337,0.12807218468179604,0.09889790404347365,0.09889790404347365,0.04485374482822091,0.03635899893530836,-0.04156273030794777,-0.05576180097005223,-0.08293412324429528,-0.004123774460602081,-0.10760090730506422,-0.10136035420929512,-0.17093245581889827,-0.12581313368659341,-0.062003873371746177,0.06643543027444632,-0.026473717060069846,0.13721654290328122,0.08902940125483716,0.713406257974277,0.6266515107350732,0.5118290511537738,0.5118290511537738,0.4246346167654014,1.367973754893843,1.5769126156197704,2.4358834874930255,2.24500107152119,2.6506262054613408,2.8093490839596593,3.6113173121616926,3.1721442348129605,3.6113173121616926,3.6113173121616926,3.6113173121616926,3.49307840672165,3.8675016072817874,4.153825231239541,3.075117624701031,3.3807514465536084,3.3807514465536084,3.7359475097876853,3.3807514465536084,4.153825231239541,4.475939308192011,4.841001928738145,4.153825231239541
BUT-L,0.015625,-0.10254163014899209,-0.06141154903758017,-0.10254163014899209,-0.06739526411657559,-0.06866757617098684,-0.06055045871559628,-0.04921077065923862,-0.03759398496240607,-0.03396226415094339,-0.026615969581749055,-0.028462998102466774,-0.05535055350553508,-0.030303030303030276,-0.05360443622920519,-0.048327137546468446,-0.041198501872659166,-0.0402999062792877,-0.04477611940298509,0.0039215686274509665,-0.01158301158301156,0.011857707509881354,-0.016330451488952957,0.04596527068437184,0.037487335359675855,0.007874015748031482,0.07001044932079425,0.05241521068859201,0.05567010309278353,0.07789473684210524,0.09401709401709413,0.11304347826086958,0.2075471698113207,0.24271844660194164,0.22341696535244915,0.23003003003002997,0.26732673267326734,0.3264248704663213,0.31958762886597936,0.3438320209973753,0.23373493975903625,0.23076923076923084,0.21615201900237535,0.28,0.29620253164556964,0.3544973544973544,0.29949238578680193,0.38378378378378386,0.3303020461188697
KPCK-L,0.00847457627118664,-0.03463321516225826,-0.028540065861690778,-0.050938337801608724,-0.022099447513812098,-0.005617977528090123,-0.008403361344537896,-0.02880658436214001,-0.033842794759825545,-0.022099447513812098,-0.02850648481800988,0.048869104886750225,0.018232034812738718,0.03906086077325632,0.010132461808546767,0.024687684601176985,0.010132461808546767,0.033623914408745126,0.017649188771060142,0.044555307158073765,0.03302331945557335,0.06712673036196959,0.07098381492954364,0.06776764731714224,0.07519391157123789,0.04670776142657762,0.13093710736834696,0.105617619889951,0.12166128251296016,0.17194010071393673,0.21271018607301628,0.23632345812450772,0.32230058221126145,0.3659878085155912,0.3602395813183181,0.3267411438679422,0.3943789276729739,0.42912631252656075,0.49397742250675813,0.5326147696405534,0.4343147501275042,0.45010859117703195,0.47171616952238593,0.5195154981051637,0.541919456013046,0.5649939549146497,0.5352617726969275,0.5733036573301256,0.490845394367331
ARGR-L,0.2264150943396226,0.08163265306122458,-0.18461538461538463,-0.3614457831325302,-0.01851851851851849,0.15217391304347827,-0.01851851851851849,0.1777777777777778,0.08163265306122458,-0.1166666666666667,-0.3026315789473685,-0.4301075268817204,-0.4903846153846154,-0.45360824742268047,-0.49523809523809526,-0.5267857142857143,-0.28378378378378377,-0.36904761904761907,-0.5092592592592593,-0.4301075268817204,-0.5470085470085471,-0.5725806451612903,-0.66875,-0.6558441558441559,-0.6558441558441559,-0.6418918918918919,-0.6442953020134228,-0.6442953020134228,-0.5725806451612903,-0.636986301369863,-0.6918604651162791,-0.702247191011236,-0.7451923076923077,-0.7557603686635945,-0.735,-0.7439613526570048,-0.6267605633802817,-0.5583333333333333,-0.5619834710743802,-0.6102941176470589,-0.624113475177305,-0.618705035971223,-0.6936416184971098,-0.6900584795321638,-0.4591836734693877,-0.4111111111111111,-0.702247191011236,-0.7135135135135136,-0.7087912087912087
N4P-L,-0.5454545454545454,-0.08333333333333337,-0.2142857142857144,-0.15384615384615385,-0.2666666666666667,-0.15384615384615385,-0.42105263157894735,-0.38888888888888884,-0.42105263157894735,-0.5,-0.56,-0.65625,-0.6944444444444444,-0.5769230769230769,-0.38888888888888884,-0.44999999999999996,-0.44999999999999996,-0.44999999999999996,-0.6071428571428572,-0.6451612903225806,-0.6944444444444444,-0.6857142857142857,-0.7380952380952381,-0.725,-0.717948717948718,-0.6764705882352942,-0.6944444444444444,-0.6944444444444444,-0.725,-0.6944444444444444,-0.7027027027027026,-0.78,-0.6764705882352942,-0.6764705882352942,-0.6944444444444444,-0.7555555555555555,-0.7708333333333334,-0.7555555555555555,-0.7317073170731707,-0.7555555555555555,-0.7659574468085106,-0.7659574468085106,-0.7608695652173914,-0.7441860465116279,-0.7105263157894737,-0.7105263157894737,-0.75,-0.7380952380952381,-0.78
OOA-L,0.03562340966921118,-0.03439803439803435,-0.0598089633248845,-0.0532647101693734,-0.019127620391826583,-0.028469262102380655,-0.028469262102380655,0.002562432228501388,0.012513424111662452,-0.0023400735525670457,-0.004773390446341286,-0.03307367318246435,-0.04439599551053852,-0.052165133758420246,-0.08304964063595499,-0.11679023827489154,-0.14096229491157874,-0.1463537449435145,-0.1391499790780587,-0.08304964063595499,-0.05106300019302279,-0.04662871514719602,-0.04551366101286536,-0.004773390446341286,0.035641903342639836,0.09102382330748693,0.08811442644533374,0.06817515685078579,0.12719035888674068,0.12099700526648394,0.11945928646639259,0.1725370974626439,0.27116171313707205,0.31626745134516154,0.3291299997296422,0.2912750313829118,0.3291299997296422,0.3378456062852464,0.34667627035313564,0.29949971311146517,0.27116171313707205,0.2912750313829118,0.32052721655987093,0.369271509788591,0.37619868437436765,0.34224641420065827,0.35113546330132483,0.29949971311146517,0.2831538047704407
BIRD-L,-0.375,-0.17948717948717952,-0.19999999999999996,-0.16883116883116878,0.032258064516129004,-0.11111111111111116,-0.2727272727272727,-0.12328767123287676,-0.3191489361702128,-0.5897435897435898,-0.5294117647058824,-0.5675675675675675,-0.6404494382022472,-0.5428571428571429,-0.5897435897435898,-0.6666666666666667,-0.6097560975609756,-0.6952380952380952,-0.7333333333333334,-0.7419354838709677,-0.7419354838709677,-0.762962962962963,-0.7681159420289855,-0.7538461538461538,-0.6767676767676767,-0.6799999999999999,-0.6097560975609756,-0.6816977224915015,-0.699059664901056,-0.7044335994563943,-0.6754565013638839,-0.6515427698854332,-0.586207039238952,-0.6059114659418591,-0.6459525469424188,-0.6238245811263199,-0.6816977224915015,-0.7096189749045277,-0.6754565013638839,-0.5755969633220022,-0.6877034258407185,-0.6877034258407185,-0.7763281293183524,-0.7793104209274411,-0.8029557329709296,-0.4984327748350933,-0.48275879904869,-0.48275879904869,-0.5202400454944371
MPL-L,-0.012820512820512886,-0.07692307692307687,-0.10344827586206895,-0.12359550561797739,-0.1428571428571428,-0.26760563380281677,-0.417910447761194,-0.24271844660194175,0.0331125827814569,0.0,-0.16129032258064513,-0.22772277227722781,-0.49350649350649345,-0.42222222222222217,-0.4901960784313725,-0.5125,-0.4693877551020408,-0.4347826086956521,-0.4620689655172413,-0.35,-0.44285714285714284,-0.49677419354838703,-0.5031847133757962,-0.5465116279069767,-0.5384615384615384,-0.5894736842105264,-0.6040609137055838,-0.6388888888888888,-0.6533333333333333,-0.688,-0.7142857142857143,-0.7022900763358779,-0.6303317535545023,-0.625,-0.6285714285714286,-0.6355140186915887,-0.6355140186915887,-0.6388888888888888,-0.654867256637168,-0.6623376623376623,-0.6941176470588235,-0.680327868852459,-0.7272727272727273,-0.7467532467532467,-0.7515923566878981,-0.7592592592592593,-0.7699115044247787,-0.7243816254416962,-0.7784090909090909
CFX-L,-0.030303030303030276,0.01538461538461533,0.08196721311475419,0.11864406779661008,0.19999999999999996,0.24528301886792447,0.32000000000000006,0.375,0.32885906040268464,0.3112582781456954,0.3655172413793104,0.346938775510204,0.4776119402985075,0.4347826086956521,0.2941176470588236,0.26923076923076916,0.26114649681528657,0.24528301886792447,0.2147239263803682,0.22222222222222232,0.2857142857142858,0.26114649681528657,0.6923076923076923,0.7068965517241379,0.7217391304347827,0.9223300970873787,1.0625,1.129032258064516,1.1758241758241756,1.1758241758241756,1.129032258064516,1.129032258064516,1.0,1.0,1.0,0.9603960396039604,0.9603960396039604,1.0539419087136928,1.0842105263157893,1.0842105263157893,1.0842105263157893,1.152173913043478,1.302325581395349,1.3970944309927362,1.1951219512195124,1.1951219512195124,1.129032258064516,0.9919517102615694,1.0
DIG-L,-0.02777777777777779,-0.056451612903225756,-0.056451612903225756,-0.10772163965681603,-0.11026615969581754,-0.10687022900763354,-0.11531190926275992,-0.11864406779661019,-0.11363636363636365,-0.12277413308341145,-0.10258868648130393,-0.09999999999999998,-0.14364135407136325,-0.12030075187969924,-0.146763901549681,-0.17894736842105263,-0.16091438816674142,-0.1349353049907579,-0.1389144434222631,-0.09302325581395354,-0.15523465703971118,-0.15063520871143377,-0.17314487632508835,-0.11698113207547167,-0.1333333333333333,-0.16279069767441856,-0.10687022900763354,-0.13172541743970312,-0.1428571428571429,-0.10516252390057357,-0.09652509652509655,-0.07050645481628603,-0.022964509394572064,0.02183406113537112,0.01794453507340954,0.01298701298701288,0.024070021881838155,0.02183406113537112,0.0795847750865053,0.1773584905660377,0.07710011507479853,0.03539823008849563,0.05643340857787815,0.09859154929577474,0.09601873536299776,0.11827956989247301,0.1223021582733812,0.16417910447761197,0.08333333333333326
GCPI-L,0.026160337552742607,0.00679694137638065,0.02819956616052055,-0.0062893081761006275,0.02819956616052055,0.004237288135593209,0.01498929336188426,-0.0062893081761006275,-0.024691358024691357,0.008510638297872353,0.03719912472647713,0.0021141649048626032,0.012820512820512775,0.03947368421052633,0.02155172413793105,0.0304347826086957,0.04635761589403975,0.07239819004524883,0.06997742663656892,0.10414030017288645,0.060170111227948686,0.10925206082183503,0.08170855592558168,0.09156467033037075,0.08170855592558168,0.08908384153416526,0.10669027777143802,0.11700906824016966,0.06725365317379217,0.04742489677602779,0.07443248940590297,0.10033729110225664,0.11182573149659558,0.11570870844012293,0.08415586035075284,0.1222409608314583,0.1235566008793263,0.12487532928411449,0.15469130186754865,0.153301781648695,0.1368846744366139,0.13419382313617212,0.1328531684988954,0.11311705058079613,0.14777698269468909,0.1745021820466488,0.1519156016226748,0.14366799588313306,0.1222409608314583
HTGR-L,0.0006381620931716903,-0.035098522167487656,-0.014465408805031443,0.014896373056994872,0.047459893048128254,0.03092105263157885,0.2128482972136223,0.15220588235294108,0.2280564263322884,0.23971518987341778,0.23191823899371067,0.12491026561378327,0.11928571428571422,0.1799698795180722,0.05878378378378368,0.16853094705443694,0.15220588235294108,0.08819444444444446,0.05878378378378368,0.21661490683229823,0.29290429042904287,0.45092592592592595,0.1799698795180722,0.4952290076335877,0.35553633217993075,0.1388081395348837,-0.0031806615776081015,-0.1255580357142857,-0.26535396155649316,-0.3404882154882155,-0.3337585034013606,-0.31271929824561406,-0.3090828924162258,-0.2877272727272727,-0.31271929824561406,-0.3476269775187344,-0.32456896551724135,-0.2890199637023594,-0.3337585034013606,-0.25238549618320616,-0.3314846416382252,-0.3503316749585407,-0.41090225563909777,-0.43224637681159417,-0.38765142633841343,-0.39730769230769236,-0.38789062500000004,-0.40053557765876047,-0.49775641025641026
RS1R-L,-0.014786418400876133,-0.07591093117408909,-0.1435272045028142,-0.23277310924369754,-0.24732069249793898,-0.24357912178956098,-0.2142857142857143,-0.11186770428015569,-0.14951094550535626,-0.11915098890496867,-0.1998247151621385,-0.16924476797088273,-0.248559670781893,-0.22986081822016025,-0.3161048689138577,-0.36309731426578307,-0.3707787732598208,-0.3677285318559558,-0.29443585780525505,-0.3117225782133435,-0.35040910707933126,-0.36729036729036735,-0.3828996282527881,-0.34622269960615826,-0.3166167664670658,-0.26989204318272697,-0.2684294871794872,-0.32619926199261995,-0.26072874493927123,-0.28783151326053036,-0.2974220854174682,-0.29334365325077394,-0.25681725681725676,-0.12964728312678753,-0.14151386929948284,-0.09827160493827158,-0.19417475728155342,-0.15697137580794096,-0.12756808408982334,-0.06454918032786883,-0.2183219178082192,-0.2693077230892358,-0.259529602595296,-0.19912280701754392,-0.12798471824259794,-0.1049019607843138,-0.11915098890496867,-0.028723404255319163,-0.15306122448979598
CATC-L,0.030107526881720137,-0.004282655246252265,0.006493506493506551,0.042600896860987,0.0379464285714286,0.019736842105263275,0.013071895424837221,0.004319654427645814,0.00508026559392083,0.00508026559392083,0.0029141443318647653,0.007255764004297172,0.06244786066206709,0.06732147470180139,0.06002770608197161,0.10930193794990561,0.12403904099030227,0.1267606851573495,0.11328268653106521,0.10798134040472718,0.04065645358086556,0.038323143146828276,0.04300027442226395,0.12401000447447852,0.18135745368236011,0.17835145507248185,0.1874156970345784,0.19662046987980664,0.20283668011294864,0.2316279836262911,0.25160032930671705,0.25160032930671705,0.2382142295280354,0.24487129527818596,0.17536071533879483,0.11053266629133174,0.14062098976227944,0.16942455010981128,0.16942455010981128,0.16942455010981128,0.16942455010981128,0.16942455010981128,0.16942455010981128,0.16354804483287766,0.0769584228918263,0.08199093888664755,0.04300027442226395,0.04300027442226395,0.05248209509883006
JMI-L,0.04705882352941182,0.00860278849006213,0.0,0.034377852144812815,0.08695652173913038,0.10389610389610393,0.11989459815546755,0.16986407515844326,0.17630517123639766,0.15173275862970725,0.16906389453248005,0.17388146552643247,0.13944760920432375,0.1579752126060201,0.14096890107242022,0.06192694240850294,0.05309390869161135,0.012542306757396648,-0.013180477017040726,0.047286405518679686,0.042177691345417934,0.10269123471386155,0.09421985518981146,0.11710549921992519,0.22697158205777845,0.23272370270932963,0.35219257421399175,0.31272766037364463,0.3479269824972282,0.364607915214759,0.35219257421399175,0.454613969197009,0.6124258620815903,0.7117390223399958,0.6601956423569555,0.7125966070205267,0.8319093395567903,0.8948685297189416,0.8782103448422918,0.9334518255729474,0.7229550542404088,0.7440524630678425,0.7405004213915332,0.9161114504557013,1.0107898985958652,1.0592426672367297,1.0107898985958652,1.0347278735791496,0.8397970008681224
CNDR-L,-0.24545454545454548,-0.05982905982905984,-0.16666666666666663,-0.16666666666666663,-0.23076923076923073,-0.0983606557377048,-0.04347826086956519,-0.16030534351145032,-0.1406249999999999,-0.27152317880794696,-0.40217391304347827,-0.37142857142857144,-0.5238095238095237,-0.4444444444444444,-0.34911242603550285,-0.23611111111111105,-0.2993630573248407,-0.22535211267605626,-0.42105263157894735,-0.2142857142857142,-0.2028985507246377,-0.3413173652694611,-0.56,-0.5397489539748954,-0.5769230769230769,-0.3989071038251366,-0.33333333333333326,-0.4859813084112149,-0.42708333333333326,-0.5769230769230769,-0.6474358974358974,-0.6686746987951807,-0.6604938271604939,-0.6901408450704225,-0.7027027027027026,-0.6829971181556196,-0.5833333333333333,-0.5397489539748954,-0.0350877192982455,-0.2666666666666666,-0.42105263157894735,-0.42105263157894735,-0.56,-0.5769230769230769,-0.5769230769230769,-0.6206896551724137,-0.5769230769230769,-0.5416666666666666,-0.6071428571428571
HAYS-L,-0.031446540880502916,-0.056379821958457144,-0.03519417475728159,-0.022140221402214166,0.038536903984323745,0.022508038585209,0.02779573367808652,0.026468689477081808,0.08236895847515346,0.21281464530892436,0.2969004893964109,0.37424373379429543,0.1777777777777778,0.31513647642679876,0.07942973523421548,0.04536489151873768,0.06354515050167242,0.09806629834254132,0.138968481375358,0.2118902439024386,0.2325581395348837,0.2947882736156351,0.2843295638126009,0.3474576271186438,0.5215311004784686,0.5303176130895091,0.7282608695652173,0.7254476397178509,0.6950959488272919,0.630769230769231,0.6400206291903039,0.7666666666666666,0.846689895470383,1.047649710238248,0.9390243902439022,1.017766497461929,1.3313782991202343,1.1270903010033444,1.1003963011889035,1.3110465116279069,0.7358078602620088,0.8651026392961876,0.8651026392961876,1.1457489878542506,1.3695976154992544,1.2175732217573216,1.0934825543120472,1.271428571428571,0.9739292364990693
RICA_p-L,-0.05011389521640097,-0.009029345372460362,-0.023359288097886455,-0.009029345372460362,0.008036739380023139,-0.011261261261261257,-0.021181716833890696,0.004576659038901587,0.006880733944954143,0.04151838671411623,0.09203980099502496,0.09887359198998746,0.07862407862407861,0.08933002481389596,0.08395061728395059,0.06553398058252435,0.09000620732464326,0.052757793764988126,0.0378250591016549,0.018561484918793614,0.039668442865600895,0.020930232558139528,-0.010146561443066582,-0.005662514156285381,-0.006787330316742057,-0.030905077262693204,0.0022831050228311334,-0.017897091722595015,-0.011261261261261257,0.0011402508551883184,0.02810304449648715,0.053389322135573014,0.09339975093399744,0.1285347043701801,0.11562897077509549,0.10579345088161207,0.09750000000000014,0.10718789407313989,0.10579345088161207,0.12998712998713002,0.09750000000000014,0.07466340269277838,0.08194701170671603,0.08596165739022887,0.10718789407313989,0.10858585858585879,0.10440251572327042,0.10858585858585879,0.10998735777496838
BMT-L,0.0,0.0,0.0,-0.010714285714285676,0.0,0.06130268199233724,0.1080000000000001,0.1260162601626016,0.15416666666666656,0.15416666666666656,0.15416666666666656,0.15416666666666656,0.16386554621848748,0.1446280991735538,0.1446280991735538,0.1446280991735538,0.1446280991735538,0.15416666666666656,0.15416666666666656,0.15416666666666656,0.15416666666666656,0.15416666666666656,0.15416666666666656,0.15416666666666656,0.06538461538461537,0.06538461538461537,0.06538461538461537,0.06538461538461537,0.06538461538461537,0.06538461538461537,0.06130268199233724,0.057251908396946494,0.029739776951672958,0.029739776951672958,0.029739776951672958,0.029739776951672958,0.029739776951672958,0.029739776951672958,0.029739776951672958,0.029739776951672958,0.029739776951672958,0.029739776951672958,0.025925925925925908,0.025925925925925908,0.06130268199233724,0.06130268199233724,0.06538461538461537,0.06538461538461537,0.06538461538461537
BKGH-L,0.02862362971985366,-0.01706076025142178,-0.03183962264150941,0.04786215698787477,0.29699842022116907,0.25057121096725066,0.23691148775894555,0.35870914356640404,0.3322515212981745,0.29699842022116907,0.4556737588652482,0.47661870503597115,0.3683333333333334,0.3431492842535784,0.3486652977412732,0.4278260869565218,0.4010238907849828,0.2411186696900982,0.23088455772113958,0.2893600314095015,0.2630769230769232,0.39982949701619774,0.3992330634853005,0.5505193578847969,0.5050412465627863,0.4428822495606328,0.5029748283752853,0.5660467334287078,0.5645545497856124,0.5743048897411314,0.7266035751840165,0.7703504043126688,0.8470191226096742,0.9975669099756694,1.120077469335055,1.2710926694329183,1.2099596231493948,1.3290780141843976,1.3029453015427772,1.7253112033195017,1.535907335907336,1.445271779597915,1.3558106169296993,1.553654743390358,1.5981012658227849,1.5919494869771111,1.6940114848236263,1.7643097643097647,1.7504187604690116
INPP-L,-0.03113417346182379,-0.013888888888888618,-0.005895357406042523,-0.019622093023255793,-0.011721611721611347,-0.018909090909090875,-0.019622093023255793,-0.0036927621861151394,-0.002218934911242476,-0.005162241887905372,-0.02175489485134141,-0.008088235294117396,-0.005895357406042523,0.022744503411675332,0.015048908954101048,0.03849114703618173,0.053906250000000266,0.05144193296960253,0.03929121725731899,0.05886970172684469,0.04573643410852757,0.08702659145850156,0.07148530579825274,0.08179631114675256,0.01581325301204828,0.015048908954101048,0.0473602484472051,0.04573643410852757,0.04980544747081739,0.04250386398763517,0.06809184481393515,0.07148530579825274,0.0731901352426414,0.07747603833865835,0.08527755430410311,0.1075533661740562,0.0800640512409927,0.10846343467543162,0.13935810810810856,0.1549657534246578,0.14774124896559515,0.1276054375802338,0.15067664857931806,0.11456953656774549,0.11090017183830447,0.13806383539927491,0.16457610766483155,0.17675999022104616,0.17063634760064184
CHG-L,0.06194690265486713,-0.029001074113855996,0.04994192799070851,0.0033296337402886067,0.042675893886966465,0.08263473053892212,0.01118568232662187,0.04508670520231206,-0.032119914346894984,-0.020585048754062862,-0.06224066390041483,0.006681514476614581,-0.017391304347826098,0.11056511056511065,0.11881188118811892,0.0022172949002217113,0.018018018018018056,-0.12062256809338523,-0.1819004524886878,-0.08870967741935487,-0.017391304347826098,0.06503298774740807,0.05607476635514019,-0.2575558475689882,-0.2709677419354838,-0.2709677419354838,-0.21144452198185615,-0.1757840991976659,-0.17518248175182483,-0.14458743376230132,-0.17216117216117222,-0.23389830508474574,-0.0516156105749056,-0.06029106029106024,-0.1327705295471988,-0.30332922318125766,-0.3069610548911377,-0.22972051806407634,-0.1754834002188983,-0.27002583979328165,-0.4233222760908395,-0.4539743899492631,-0.4601051122790254,-0.42066136887977446,-0.449317738791423,-0.42784810126582273,-0.5440790800887634,-0.5723746452223273,-0.5935251798561152
BLPU-L,0.025757575757575868,0.004566210045662267,0.0122699386503069,-0.07821229050279321,-0.009009009009008917,0.08641975308641969,0.11298482293423273,0.11486486486486491,0.023255813953488413,0.01930501930501949,0.03125,0.0,-0.06382978723404276,-0.046242774566474076,-0.07042253521126773,-0.006024096385542244,0.04265402843601884,-0.04899135446685876,-0.0625,-0.02941176470588236,-0.058487874465049994,-0.03508771929824561,-0.07172995780590707,0.09816971713810307,0.16607773851590113,0.18279569892473102,0.32530120481927716,0.28279883381924176,0.41025641025641013,0.44104803493449785,0.5865384615384615,0.4347826086956521,0.39387539598732846,0.38655462184873923,0.30177514792899407,0.2441093308199811,0.31999999999999984,0.26315789473684204,0.4601769911504423,0.44736842105263164,0.52073732718894,0.4732142857142856,0.36082474226804107,0.4999999999999998,0.7010309278350513,0.7414248021108178,0.7010309278350513,0.6751269035532994,0.6499999999999999
BRSD-L,-0.08333333333333337,0.0,0.0,0.0,0.0,-0.040000000000000036,-0.040000000000000036,-0.1428571428571429,-0.1428571428571429,-0.1428571428571429,-0.1428571428571429,-0.22580645161290325,-0.22580645161290325,-0.22580645161290325,-0.25,-0.25,-0.22580645161290325,-0.11111111111111116,-0.1428571428571429,-0.1428571428571429,-0.22580645161290325,-0.22580645161290325,-0.2727272727272727,-0.1724137931034483,0.09090909090909083,-0.1428571428571429,-0.016393442622950838,-0.016393442622950838,-0.19999999999999996,-0.07692307692307687,-0.19999999999999996,-0.19999999999999996,-0.1428571428571429,-0.1428571428571429,-0.1428571428571429,-0.3846153846153846,-0.3846153846153846,-0.3846153846153846,-0.3846153846153846,-0.3846153846153846,-0.4285714285714286,-0.4418604651162791,-0.4418604651162791,-0.4545454545454546,-0.5862068965517242,-0.6666666666666667,-0.6883116883116883,-0.6883116883116883,-0.7108433734939759
CGS-L,0.04857819905213279,-0.04605820853348408,-0.012865497076023358,0.041975308641975406,0.11052631578947358,0.07515923566878979,0.0890322580645162,0.06565656565656575,0.05105853051058529,0.018094089264173663,-0.03845058387923672,-0.053811659192825156,-0.0958757364756293,-0.18846153846153846,-0.10664196877480814,-0.111578947368421,-0.08260869565217388,-0.06222222222222218,-0.04632768361581918,-0.06222222222222218,-0.025966532025389455,-0.004716981132075526,-0.024277456647398887,-0.007058823529411784,-0.0011834319526626835,-0.007058823529411784,0.10326797385620923,0.24117647058823533,0.2321167883211679,0.25222551928783377,0.25688756515264344,0.22318840579710142,0.2691729323308272,0.37459283387622144,0.21613832853025938,0.20916905444126077,0.2178932178932178,0.2787878787878788,0.28072837632776926,0.5071428571428571,0.41848739495798326,0.41137123745819393,0.35040000000000004,0.5746268656716418,0.5401459854014599,0.4938053097345132,0.45517241379310347,0.45266781411359736,0.40666666666666673
FIPPG-L,0.0,-0.0625,-0.19354838709677424,-0.032258064516129004,-0.04458598726114649,-0.13793103448275867,-0.2857142857142857,-0.27184466019417475,-0.25,-0.40476190476190477,-0.42307692307692313,-0.4773519163763066,-0.49664429530201337,-0.5,-0.506578947368421,-0.49664429530201337,-0.48275862068965514,-0.3421052631578947,-0.2990654205607477,-0.2682926829268293,-0.3023255813953488,-0.0625,0.4563106796116505,0.48514851485148514,0.5463917525773196,1.112676056338028,1.0833333333333335,1.1428571428571428,0.9230769230769231,0.9736842105263157,0.3392857142857142,0.3392857142857142,0.38888888888888884,0.38888888888888884,0.38888888888888884,0.38888888888888884,0.38888888888888884,0.38888888888888884,0.38888888888888884,0.13636363636363646,-0.08536585365853655,-0.12790697674418605,-0.23469387755102045,-0.25,-0.25,-0.25,-0.25,-0.25,-0.2647058823529411
JGGI-L,0.002545824847250522,-0.07966260543580128,-0.08052434456928836,-0.10483135824977208,-0.07879924953095674,-0.12085944494180845,-0.09576427255985265,-0.06476190476190469,-0.04937076476282665,-0.053949903660886256,0.004603580562659859,0.028810895756940846,0.004089979550102374,0.04579339723109688,0.022916666666666696,0.010808028821410076,0.06449864498644997,0.05477980665950599,0.06797172376291472,0.08869179600886912,0.043570669500531345,0.04301646309081253,0.04914529914529919,0.07852828116419563,0.09384572542467273,0.05990286022665936,0.13329486439699934,0.10089686098654704,0.12550143266475655,0.10461192350956128,0.12485681557846484,0.16213017751479297,0.26696593666476254,0.27848380881626045,0.30215943490545016,0.2987236580323489,0.3073473211002926,0.3267284808470625,0.36347996231097013,0.4078405903303832,0.3160862737814445,0.24611713011205127,0.26452476915673784,0.3000099475582969,0.381659695141783,0.440281686596226,0.39044143049226054,0.426713815635537,0.3393639901884633
CGH-L,0.16666666666666674,-0.025974025974025983,-0.24962481240620304,-0.18918918918918914,-0.18918918918918914,-0.08536585365853655,-0.17808219178082196,-0.3023255813953488,-0.40594059405940597,-0.38144329896907214,-0.4642857142857143,-0.5121951219512195,-0.6,-0.4915254237288136,-0.3877551020408163,-0.2592592592592593,-0.3023255813953488,-0.34782608695652173,-0.3023255813953488,-0.21875,-0.21052631578947367,-0.22077922077922074,-0.34782608695652173,-0.4117647058823529,-0.5161290322580645,-0.2215879605604566,-0.18918918918918914,-0.25,-0.6178343949044586,-0.6907216494845361,-0.6842105263157895,-0.7,-0.625,-0.6296296296296297,-0.6703296703296704,-0.6685082872928176,-0.6984924623115578,-0.7,-0.6296296296296297,-0.5238095238095238,-0.6319018404907976,-0.7321428571428572,-0.7580645161290323,-0.7115384615384616,-0.7058823529411764,-0.7087378640776699,-0.7058823529411764,-0.6756756756756757,-0.7058823529411764
CLIG-L,0.06859756097560976,-0.06884315117104334,-0.033161385408990385,-0.075079309129362,-0.05611510791366903,-0.05475504322766567,0.009230769230769154,-0.04789550072568938,0.02499999999999991,-0.029585798816568087,0.02499999999999991,0.01784328937160584,-0.020530048525569167,0.06234817813765181,0.14886164623467613,0.214814814814815,0.28,0.2615384615384615,0.3652445369406867,0.32124874118831825,0.4183783783783783,0.4122712594187299,0.33741080530071366,0.23656927426955687,0.4642857142857142,0.34979423868312765,0.3319796954314722,0.28627450980392144,0.24714828897338403,0.28125,0.18091809180918106,0.1693404634581106,0.3387755102040817,0.3080757726819543,0.09882747068676712,-0.0060606060606061,0.003058103975535076,-0.05611510791366903,0.014694508894044889,-0.06285714285714283,-0.15245478036175708,-0.1334214002642008,-0.10382513661202186,-0.053049440635149825,0.034700315457413256,0.0,-0.07605633802816902,-0.06285714285714283,-0.148051948051948
CRPR-L,0.20388349514563098,-0.014354066985645897,0.02487562189054726,0.16912599318955723,0.23353293413173648,0.23353293413173648,0.13812154696132595,0.19075144508670516,0.2638036809815951,0.3121019108280254,0.3121019108280254,0.30710659898477166,0.25609756097560976,0.4013605442176871,0.21176470588235285,0.35348226018396844,0.3825503355704698,0.4128943758573389,0.41095890410958913,0.44460028050490874,0.4148351648351649,0.37700534759358284,0.30379746835443044,0.45070422535211274,0.6427432216905902,0.8262411347517731,1.06,1.0850202429149798,1.1020408163265305,1.0934959349593494,1.4759615384615383,1.6275510204081631,2.002915451895044,1.9855072463768115,1.9597701149425286,1.8531855955678669,1.7989130434782608,1.8453038674033149,2.03834808259587,2.074626865671642,1.8296703296703298,1.8453038674033149,1.9344729344729346,2.102409638554217,2.311897106109325,2.21875,1.581453634085213,1.367816091954023,1.367816091954023
CAPD-L,0.051136363636363535,-0.06382978723404253,-0.22807017543859653,-0.19999999999999996,-0.18518518518518523,-0.15384615384615385,-0.04347826086956519,0.0,-0.03296703296703296,-0.13300492610837433,-0.16190476190476188,-0.2072072072072072,-0.19999999999999996,-0.22807017543859653,-0.23478260869565215,-0.21076233183856508,-0.34328358208955223,-0.29032258064516125,-0.1456310679611651,-0.08333333333333337,-0.16981132075471694,-0.16981132075471694,-0.11557788944723613,0.10000000000000009,0.1428571428571428,0.2846715328467153,0.20547945205479445,-0.027624309392265234,-0.35766423357664234,-0.40740740740740744,-0.46827794561933533,-0.3802816901408451,-0.12,-0.22807017543859653,-0.3125,-0.6036036036036037,-0.6140350877192983,-0.6190476190476191,-0.6451612903225806,-0.6589147286821706,-0.7133550488599348,-0.7411764705882353,-0.7541899441340782,-0.752808988764045,-0.7365269461077844,-0.75,-0.752808988764045,-0.7441860465116279,-0.7608695652173914
PLAZ-L,-0.20833333333333337,-0.07692307692307687,-0.040000000000000036,-0.040000000000000036,-0.07692307692307687,-0.11111111111111116,-0.11111111111111116,-0.22580645161290325,-0.2941176470588235,-0.5,-0.4421119299203321,-0.539987029934309,-0.6199892855979074,-0.6722407588281951,-0.7268672990234959,-0.7149919641984306,-0.7377926070625561,-0.6951076826308792,-0.7478775067909194,-0.7149919641984306,-0.6275463168502218,-0.381586337411689,-0.7658862563058537,-0.8662207178890593,-0.880814821392071,-0.8829431281529269,-0.880814821392071,-0.8859967856793722,-0.8774731808703533,-0.8859967856793722,-0.9006790178267258,-0.8859967856793722,-0.8786076884548871,-0.9028861507639097,-0.9172847340891345,-0.930632964831364,-0.9164944608479478,-0.9205432142613806,-0.9242175164920683,-0.9207832649735819,-0.9357334821231755,-0.9414715640764634,-0.9387365904351767,-0.9341187454931046,-0.9102029476241631,-0.9131763599544888,-0.9246530480064816,-0.9114164213049176,-0.9489868885335713
ALTNA-L,-0.03529411764705881,0.0625,-0.02298850574712641,-0.05555555555555558,-0.19047619047619047,-0.29401993355481726,-0.15506958250497016,-0.2272727272727273,-0.30327868852459017,-0.32539682539682535,-0.2129629629629629,-0.31999999999999995,-0.30327868852459017,-0.32539682539682535,-0.34615384615384615,-0.3145161290322581,-0.3971631205673759,-0.2543859649122807,-0.13265306122448994,0.14864864864864868,0.10389610389610393,0.011904761904761862,-0.011627906976744207,0.10389610389610393,0.03658536585365857,0.18055555555555558,0.4655172413793103,0.8085106382978724,0.8478260869565217,0.6666666666666667,0.08974358974358965,0.11842105263157898,0.0,0.28787878787878785,0.7708333333333333,0.41666666666666674,0.49122807017543857,0.39344262295081966,0.28787878787878785,0.25,0.19718309859154926,-0.20560747663551404,-0.3410852713178295,-0.3609022556390977,-0.34615384615384615,-0.4516129032258065,-0.4516129032258065,-0.34615384615384615,-0.5952380952380952
ELM-L,-0.020163020163020406,-0.09686168151879138,-0.10449481367652713,-0.24244393890152716,-0.23748773307163884,-0.18874206469842925,-0.16848914155974726,-0.14256095670628044,-0.08375944153270865,-0.03908294132300749,-0.115956306017167,-0.0707988678176511,-0.16081728835909204,-0.11230597544891974,-0.1042360297711824,-0.1731409505580146,-0.15722848132427714,-0.16951839123246148,-0.1503624989081569,-0.05327066900877275,-0.12393762236486894,-0.07378008585036222,-0.0752110938289634,-0.0011353867013708108,-0.06033026763076377,-0.052521377888082865,0.0819152634779996,0.014524778846107589,-0.06619404131169493,-0.10761145058635346,-0.03183239867496379,0.0703077684742126,0.013665740083325106,0.07366747895821235,0.11310017576792819,0.009818000032397078,0.07366747895821235,0.1439457611451569,0.1971392390384068,0.20740215737610357,0.1538691460611148,0.26213941912325445,0.42516576076000834,0.4862063799359495,0.7438299184827484,0.5700186741487305,0.7527660893680921,1.0856084303804998,0.5506984961637393
BT-L,-0.0021370058174047246,-0.10240835464620635,-0.07693150684931516,-0.05050163453951084,-0.08405828621139633,-0.04587675577707295,-0.07662793247094946,0.019486807068506362,0.0502493765586034,0.022705196697425878,0.14661040021780547,0.1097496706192358,0.09219398340248941,0.10306443163960188,0.07354065765995399,0.053928928928928865,0.11681251657385294,0.10858120558041584,0.046855580412627384,0.09446465696465678,0.1079978952907128,0.1469226579520697,0.11238774432118315,0.21194244604316537,0.24526907155529276,0.22891742048438868,0.32645669291338586,0.4310227658851511,0.47409870493524675,0.495030173943912,0.5685288640595902,0.5904456193353473,0.7755059021922428,0.8121772805507743,0.8552863436123348,0.8145196036191296,0.8928089887640449,0.9248171846435098,0.9561077566186713,1.0725885826771653,0.9416781927155369,0.8423009623797024,0.9354319852941175,1.039467312348668,1.1152687091913611,1.2283068783068782,1.3319490586932448,1.4686400937866355,1.427377521613833
AAL-L,-0.18907071887784943,-0.12143774069319624,-0.2479947258543016,-0.3176470588235294,-0.4125321888412017,-0.326709296606001,-0.43014154870940857,-0.391103202846975,-0.42244725738396616,-0.47515337423312876,-0.47993920972644366,-0.49805647231389794,-0.5507712504102396,-0.5668354430379745,-0.5397444519166106,-0.5411330874958096,-0.5625439437519972,-0.5501807426881367,-0.5370984105512342,-0.5100930565497493,-0.47027863777089773,-0.47068832173240516,-0.5312328767123287,-0.5389693499494779,-0.5544270833333331,-0.5385030343897503,-0.47027863777089773,-0.5555844155844155,-0.5622641509433961,-0.5911589008363201,-0.6397894736842105,-0.6497441146366427,-0.6583978038432742,-0.6072309899569582,-0.6465788794216369,-0.6380750925436278,-0.6139875916525662,-0.6435416666666666,-0.6754860123281176,-0.6500127844541037,-0.7162520729684908,-0.7110407430863415,-0.7437663796330962,-0.7495792169776802,-0.7259110933119743,-0.7180057684384014,-0.6950768545333035,-0.6908762420957542,-0.7346772630354719
AEI-L,-0.0357142857142857,-0.002192982456140302,0.006637168141592875,0.024774774774774855,0.13749999999999996,0.10303030303030303,0.09375,0.12623762376237613,0.08591885441527447,0.14537444933920707,0.12973308504034753,0.1621966794380587,0.12276372609500319,0.1548223350253808,0.10975609756097571,0.07121836374337853,0.08754108156558105,0.08851674641148333,0.07883817427385886,0.1234567901234569,0.09770808202653791,0.1389236545682102,0.1206896551724137,0.18798955613577029,0.18181818181818188,0.16966580976863743,0.2713936430317849,0.2754029432375613,0.2853107344632768,0.33040935672514626,0.35416666666666674,0.3612565445026179,0.40866873065015485,0.47967479674796754,0.48814390842191324,0.5268456375838926,0.602112676056338,0.7073170731707317,0.6545454545454545,0.6977611940298507,0.5957913195966682,0.5964912280701755,0.5629025332760842,0.6621004566210045,0.7001401214385801,0.6977611940298507,0.6308243727598566,0.6851851851851851,0.6697247706422018
TITN-L,-0.07262569832402233,0.08484848484848495,0.11180124223602483,0.14012738853503182,0.2971014492753623,0.44354838709677424,0.34586466165413543,0.2695035460992907,0.28776978417266186,0.3875968992248062,0.4552845528455285,0.43199999999999994,0.35606060606060597,0.40944881889763773,0.7211538461538463,0.6126126126126126,0.20945945945945943,0.16233766233766245,0.25174825174825166,0.14012738853503182,0.5299145299145298,0.79,1.0574712643678161,0.9670329670329669,1.3866666666666667,1.4189189189189189,1.7538461538461538,1.5942028985507246,2.1403508771929824,2.5098039215686274,2.1964285714285716,2.2545454545454544,2.5098039215686274,2.58,2.0338983050847457,1.712121212121212,1.796875,1.557142857142857,1.452054794520548,1.796875,1.0813953488372094,1.1058823529411765,1.1058823529411765,1.5942028985507246,1.8412698412698414,1.4189189189189189,1.452054794520548,1.2098765432098766,1.2098765432098766
CLDN-L,-0.050086355785837644,-0.010679196924391343,-0.0585365853658536,-0.06424242424242421,-0.04297520661157028,0.01981505944517825,0.0025974025974027093,0.004772234273318965,-0.007712082262210873,0.011353711790393017,0.031625835189309726,0.07972027972027984,0.06728110599078341,0.08022388059701502,0.03392857142857153,0.04796380090497743,0.09245283018867934,0.16675062972292198,0.19443011861784432,0.20625000000000004,0.21894736842105278,0.21574803149606292,0.20000000000000018,0.31218130311614734,0.3062605752961085,0.24851752021563356,0.27533039647577096,0.242489270386266,0.25732899022801314,0.2662657189721158,0.28097345132743357,0.3302699597932224,0.44119477286869935,0.5522788203753353,0.5019455252918288,0.5440000000000003,0.6413890857547839,0.6218487394957983,0.6072172102706455,0.872271624898949,0.6379066478076381,0.5595959595959596,0.4980595084087971,0.5574983187626095,0.6437189496096523,0.5873886223440712,0.5277044854881268,0.551239115874079,0.42347879532882615
FJV-L,-0.01607717041800638,-0.06325301204819278,-0.07440476190476186,-0.09593023255813948,-0.06606606606606602,-0.06886227544910184,0.0298013245033113,0.016339869281045694,0.09507042253521125,0.13503649635036497,0.061433447098976135,0.07986111111111116,0.05782312925170063,0.07221547760762781,0.050771168055475435,0.15047938108263725,0.1784349548285704,0.14214257397334262,0.15047938108263725,0.0542854528984702,0.08141115065743598,0.08326924541801572,0.0888820394357257,0.09455330005778673,0.15047938108263725,0.043812418598154323,0.0888820394357257,0.20317309319329224,0.0851337363739848,0.2788290077754263,0.37355708242545793,0.41359349962619985,0.5302492738671969,0.6083232164114418,0.5605512396863495,0.5801070196322937,0.5801070196322937,0.6001591391707746,0.497536106492364,0.5961081033754054,0.44601536888368143,0.45940440007704897,0.4730436935357132,0.43941255898010323,0.4627904891723553,0.4730436935357132,0.4560339511161322,0.45940440007704897,0.42316636756949255
NTQ-L,0.0,0.020000000000000018,-0.17741935483870963,-0.32894736842105265,-0.25,-0.203125,-0.23880597014925375,-0.17741935483870963,-0.43956043956043955,-0.5096153846153846,-0.46875,-0.4742268041237113,-0.6076923076923078,-0.6382978723404256,-0.6644736842105263,-0.6136363636363636,-0.6357142857142857,-0.6730769230769231,-0.7228260869565217,-0.7166666666666667,-0.7424242424242424,-0.7424242424242424,-0.7992125984251969,-0.7782608695652173,-0.7782608695652173,-0.782051282051282,-0.7943548387096774,-0.7992125984251969,-0.7992125984251969,-0.8111111111111111,-0.8125,-0.8551136363636364,-0.8664921465968587,-0.8705583756345178,-0.8712121212121212,-0.891025641025641,-0.8914893617021277,-0.8914893617021277,-0.8905579399141631,-0.8914893617021277,-0.8866666666666667,-0.874384236453202,-0.8866666666666667,-0.8946280991735537,-0.8946280991735537,-0.8946280991735537,-0.8950617283950617,-0.8950617283950617,-0.8975903614457832
VAST-L,0.09433962264150941,0.06000000000000005,-0.07017543859649122,0.2325581395348837,0.8928571428571428,0.8661971830985917,1.0075757575757573,1.12,0.9343065693430657,0.65625,0.7096774193548385,0.3947368421052633,0.03921568627450989,-0.03636363636363649,0.0,0.06000000000000005,0.1276595744680853,0.15217391304347827,0.1276595744680853,-0.15873015873015872,-0.24285714285714288,-0.3614457831325303,-0.5181818181818183,-0.4421052631578948,-0.4421052631578948,-0.5583333333333333,-0.5583333333333333,-0.49523809523809526,-0.6074074074074074,-0.6971428571428571,-0.8037037037037037,-0.6787878787878787,-0.5923076923076923,-0.47,-0.49523809523809526,-0.47,-0.47,-0.47,-0.3764705882352941,-0.4111111111111111,-0.5760000000000001,-0.5923076923076923,-0.6787878787878787,-0.5583333333333333,-0.5181818181818183,-0.47,-0.5923076923076923,-0.6344827586206897,-0.6344827586206897
MAB-L,-0.12799109627156358,-0.04668435013262606,-0.2210663198959688,-0.21097694840834247,-0.13209369717459563,-0.13501805054151617,-0.2220779220779222,-0.15075614366729684,-0.048954749933844965,-0.006084070796460339,-0.04845115170770464,-0.02230685527747578,-0.138955438428366,-0.04668435013262606,-0.08386438949783337,-0.14530321046373362,-0.17549896765313155,-0.2264313387860526,-0.23483074302746443,-0.19776785714285727,-0.1545518701482005,-0.12191546542878084,-0.1158671586715867,-0.11193476649369916,-0.17700938859629034,-0.13771593090211143,-0.045418326693227096,-0.038523274478330816,0.04598370197904522,0.10994441012970957,0.05241581259150796,0.08253012048192776,0.09206927985414737,0.16197866149369533,0.0809022556390977,0.2174796747967478,0.3213235294117647,0.3728036669213137,0.4456958970233307,0.635867091488393,0.35367231638418084,0.34204630321135143,0.3425476279417259,0.36966463414634143,0.50944981100378,0.6123822341857335,0.5378690629011551,0.5300127713920815,0.5458064516129031
OSEC-L,0.0016835016835015093,-0.01655629139072856,-0.02941176470588247,-0.026229508196721207,-0.02145816548245183,-0.03233085253264678,-0.016723285638012064,0.005992678060119605,0.0194507740876797,0.024590862024256532,0.009323779643100272,-0.010338371908388821,-0.0504181263170832,-0.05629789024081666,-0.08874205843881533,-0.09550213218926917,-0.121568353163642,-0.15563495442599384,-0.15563495442599384,-0.10083840279582224,-0.05921055107340678,-0.04145980675403693,-0.03843602065546925,0.0026834916191322833,0.026315762465374704,0.08090702642629877,0.07329500511343734,0.07329500511343734,0.11654132400079198,0.10842102346260463,0.10041798358200826,0.15024823189515568,0.25438593190212444,0.29159229428905165,0.32528600631398374,0.3110356191493171,0.3428007993489699,0.313861126949208,0.31954883745548157,0.3082222379923445,0.24161214440821288,0.25956934484386895,0.3082222379923445,0.3517329554422006,0.3607847386259655,0.33398591445171233,0.3547368064542944,0.3398495888009505,0.3026315446675909
RUA-L,0.357142857142857,0.09803921568627438,0.15463917525773208,-0.11111111111111116,0.4933333333333332,0.13131313131313127,-0.05084745762711862,-0.09677419354838712,-0.11111111111111116,-0.125,-0.125,-0.1384615384615384,-0.1384615384615384,-0.1384615384615384,-0.06666666666666665,-0.504424778761062,-0.5333333333333333,-0.6521739130434782,-0.6744186046511628,-0.7307692307692307,-0.6799999999999999,-0.7777777777777778,-0.7870722433460076,-0.656441717791411,-0.5820895522388059,-0.32530120481927705,-0.4509803921568628,-0.4716981132075472,-0.47663551401869153,-0.5254237288135593,-0.6387096774193548,-0.6137931034482758,-0.7005347593582887,-0.5590551181102362,-0.6455696202531646,-0.540983606557377,-0.8478260869565217,-0.8589420654911839,-0.9111111111111111,-0.91800878477306,-0.9166666666666666,-0.9141104294478527,-0.9231824417009602,-0.9178885630498533,-0.9050847457627119,-0.9045996592844975,-0.854922279792746,-0.8534031413612565,-0.8506666666666667
LSAI-L,-0.27450980392156865,-0.17741935483870963,-0.32894736842105265,-0.32000000000000006,-0.037735849056603876,-0.19047619047619047,-0.33766233766233766,-0.34615384615384615,-0.4137931034482759,-0.5048543689320388,-0.46875,-0.578512396694215,-0.6622516556291391,-0.6277372262773723,-0.7085714285714286,-0.7197802197802198,-0.7681818181818182,-0.7848101265822784,-0.826530612244898,-0.6890243902439024,-0.5819672131147542,-0.7,-0.7315789473684211,-0.796,-0.8,-0.7571428571428571,-0.7,-0.5565217391304348,-0.5142857142857142,-0.5142857142857142,-0.5142857142857142,-0.5565217391304348,-0.575,-0.5565217391304348,-0.5363636363636364,-0.5565217391304348,-0.796,-0.9072727272727272,-0.884090909090909,-0.884090909090909,-0.8891304347826087,-0.8891304347826087,-0.8891304347826087,-0.915,-0.915,-0.915,-0.9163934426229509,-0.915,-0.9190476190476191
NWG-L,-0.026829268292683173,-0.02843601895734582,-0.09567135373586955,-0.039250146455770074,-0.03472630959387846,-0.05037637521713911,-0.13296325667459663,-0.10259917920656603,-0.1570290413775376,-0.14937759336099565,-0.13729615991583355,-0.11014650027129669,-0.08964751595892284,-0.0628571428571425,0.00305810397553552,-0.04899971006088677,0.06979778212654963,0.034374014506465045,0.019900497512437942,-0.01590159015901571,-0.03557777124375161,-0.010259505129752267,-0.03529411764705859,-0.1094216671191961,-0.020310633213858842,-0.01649175412293813,0.16353316778999671,-0.013830426939266283,0.06910039113428978,0.15615086358829777,0.04458598726114671,-0.03671071953010263,-0.01855176540993375,0.12098427887901608,0.14206128133704743,0.23123123123123146,0.44812362030905106,0.5227483751160638,0.4977168949771693,0.6408204102051032,0.29644268774703586,0.18198198198198234,0.18198198198198234,0.1824080749819761,0.5611613517372687,0.5961070559610706,0.4721723518850989,0.46037399821905667,0.2495238095238097
HTG-L,-0.17718692916582102,-0.011833132771761012,-0.1788333333333334,-0.18427152317880802,-0.15051724137931033,-0.002833434527423684,0.04164904862579277,0.17758126195028678,-0.05973282442748096,-0.14461805555555562,-0.3278308321964529,-0.43755707762557083,-0.4470258136924804,-0.4340034462952327,-0.4196702002355712,-0.40206310679611657,-0.4131030375223347,-0.42908458864426424,-0.40170006071645414,-0.345249169435216,-0.3588809368900455,-0.375142675967026,-0.45072463768115945,-0.38450968144909436,-0.40495169082125604,-0.40994011976047906,-0.38258145363408524,-0.4240794856808884,-0.3913526868437307,-0.4525555555555556,-0.427093023255814,-0.43915765509391014,-0.380251572327044,-0.3890886546807192,-0.3798615481434865,-0.42069370958259844,-0.3879503105590062,-0.3739517153748412,-0.33463875759621875,-0.3818067754077792,-0.48,-0.4761297182349814,-0.41726788882318155,-0.39583077866339667,-0.3551047120418849,-0.27915142648134605,-0.242,-0.1340949033391916,-0.27061435973353076
HAN-L,-0.00030864197530855453,-0.07455012853470444,-0.041420118343195256,-0.09395973154362425,-0.04705882352941182,-0.05456667639334711,-0.0357142857142857,-0.05484247374562434,-0.1140278917145201,-0.16666666666666674,-0.1428571428571429,-0.13829787234042556,-0.16773696378114566,-0.1606217616580311,-0.14781693845344557,-0.17431192660550454,-0.18223119636547191,-0.08500423609149965,-0.05813953488372092,-0.022329511164755678,-0.04028436018957349,-0.0646651270207853,-0.04028436018957349,0.024667931688804323,0.09017496635262456,0.04990278677900184,0.051948051948051965,0.012499999999999956,-0.012195121951219523,-0.032835820895522394,0.025316455696202445,-0.012195121951219523,0.09681787406905884,0.14487632508833914,0.09090909090909083,0.10354223433242504,0.09905020352781535,0.13644335320940004,0.07284768211920523,0.04854368932038833,-0.07428571428571429,-0.08680947012401352,-0.12574203993524025,-0.09192825112107628,0.006211180124223503,-0.059233449477351985,-0.06896551724137934,-0.06896551724137934,-0.1518324607329843
JUP-L,0.008780036968576654,-0.08343922066920828,-0.040992687790826654,-0.0787569178373776,0.00046232085067043904,0.06026457618814307,0.05905913753923686,0.17146388666441803,0.23763171331797328,0.24212465167964115,0.2501541252571089,0.2622157711875128,0.18614623404394548,0.20445393383828736,0.10537981552306053,0.09855479813899626,0.14729130195119855,0.0731117919577311,0.0757069837157911,0.2270478283213231,0.15234413929139778,0.14081774241210465,0.13124322931454624,0.20575992888717676,0.282597571414301,0.23556899379577634,0.5181052483497595,0.39349886518320654,0.35199038834796204,0.3397736077303599,0.34666920304716786,0.335349257779884,0.5316970997468307,0.6110280252317262,0.6504817727884213,0.7498223358240739,0.9725269967471379,1.003625395344502,1.026445730143415,1.1976523605063218,0.9381474412482766,0.7986447139768684,0.7525801330436546,0.8960138012211405,1.0218401716658163,1.0172555000747376,1.0385189631827658,1.3034947579828047,1.2096613897987059
