Firm Name,Momentum_1,Long Short,Long,Short,Cluster Index
89587,0.4423076923076923,-0.0,0,0,1
83186,0.0058510638297872,0.0,0,0,1
83982,0.0114311842706904,0.0,0,0,1
69586,0.0160919540229884,0.0,0,0,1
13119,0.0172206647977573,0.0,0,0,1
84036,0.019543973941368,0.0,0,0,1
75272,0.0252100840336133,0.0,0,0,1
83879,0.026816021724372,0.0,0,0,1
47248,0.0281690140845072,0.0,0,0,1
12458,0.0333333333333334,0.0,0,0,1
45794,0.0347415230683714,0.0,0,0,1
65875,0.0357583230579532,0.0,0,0,1
75104,0.0375,0.0,0,0,1
11707,0.041409691629956,0.0,0,0,1
85939,0.0456521739130435,0.0,0,0,1
55160,0.0468319559228649,0.0,0,0,1
44644,0.0527196652719665,0.0,0,0,1
71685,0.0533826638477801,0.0,0,0,1
66800,0.0542461005199306,0.0,0,0,1
78137,0.0594415261266241,0.0,0,0,1
27618,0.0042735042735042,0.0,0,0,1
67177,0.0031155778894473,0.0,0,0,1
11850,-0.0005464480874317,0.0,0,0,1
50032,-0.0136120563928051,0.0,0,0,1
42455,-0.2165413533834587,0.0,0,0,1
44274,-0.1943661971830985,0.0,0,0,1
22752,-0.1258395890952192,0.0,0,0,1
85424,-0.1124260355029584,0.0,0,0,1
76714,-0.0838709677419355,0.0,0,0,1
18016,-0.0776699029126214,0.0,0,0,1
24476,-0.0661794559480308,0.0,0,0,1
34673,-0.0651162790697674,0.0,0,0,1
19271,-0.0506493506493507,0.0,0,0,1
23931,0.060116354234001,0.0,0,0,1
37161,-0.0499276410998552,0.0,0,0,1
25452,-0.0350877192982456,0.0,0,0,1
87637,-0.0335999999999999,0.0,0,0,1
24563,-0.0314091680814939,0.0,0,0,1
83421,-0.0251369642281663,0.0,0,0,1
25590,-0.0218818380743982,0.0,0,0,1
86591,-0.0165745856353591,0.0,0,0,1
75316,-0.0157116451016635,0.0,0,0,1
84808,-0.015514809590973,0.0,0,0,1
82295,-0.0146938775510203,0.0,0,0,1
20459,-0.0444444444444445,0.0,0,0,1
76272,0.0615808823529411,0.0,0,0,1
85786,-0.1379310344827585,0.0,0,0,1
82720,0.0620155038759688,-0.0,0,0,1
77667,0.1464580617122988,-0.0,0,0,1
11403,0.1485074626865672,-0.0,0,0,1
81620,0.1573170731707318,-0.0,0,0,1
20626,0.1582667486170865,-0.0,0,0,1
29209,0.1609570418705819,-0.0,0,0,1
10145,0.1616698292220113,-0.0,0,0,1
86827,0.161764705882353,-0.0,0,0,1
77106,0.1617777777777778,-0.0,0,0,1
19992,0.1685319289005924,-0.0,0,0,1
63125,0.1721778791334094,-0.0,0,0,1
24643,0.2068042813455657,-0.0,0,0,1
68830,0.2076628352490421,-0.0,0,0,1
10382,0.2194174757281553,-0.0,0,0,1
61787,0.2465627864344637,-0.0,0,0,1
85880,0.288244766505636,-0.0,0,0,1
83974,0.2949087415946205,-0.0,0,0,1
77530,0.3499999999999998,-0.0,0,0,1
75861,0.3520632133450394,-0.0,0,0,1
66253,0.4305555555555556,-0.0,0,0,1
22592,0.1418850441581005,-0.0,0,0,1
51706,0.1364213197969543,-0.0,0,0,1
80167,0.1638168781025926,-0.0,0,0,1
38578,0.1230283911671925,-0.0,0,0,1
83462,0.1248131539611359,-0.0,0,0,1
63240,0.0642570281124499,-0.0,0,0,1
70578,0.064950495049505,-0.0,0,0,1
26710,0.0651473866732723,-0.0,0,0,1
32379,0.0691198408751865,-0.0,0,0,1
49656,0.0714531088972862,-0.0,0,0,1
76477,0.0772112382934444,-0.0,0,0,1
81188,0.0774826059456039,-0.0,0,0,1
78172,0.0811353931173071,-0.0,0,0,1
84534,0.0835654596100279,-0.0,0,0,1
12036,0.0633569739952719,-0.0,0,0,1
86602,0.0619999999999998,0.0,0,0,1
83030,0.0949284785435629,-0.0,0,0,1
85524,0.1176470588235294,-0.0,0,0,1
82584,0.1173113506658212,-0.0,0,0,1
77967,0.1102088167053365,-0.0,0,0,1
26403,0.1224590976698065,-0.0,0,0,1
80297,0.1042490118577077,-0.0,0,0,1
47730,0.0996466431095406,-0.0,0,0,1
76217,0.099502487562189,-0.0,0,0,1
58246,0.0979929161747343,-0.0,0,0,1
44353,0.1060070671378092,-0.0,0,0,1
76661,0.0199386503067486,0.0,0,0,2
83575,-0.0556660039761431,0.0,0,0,2
83946,0.0190001061458444,0.0,0,0,2
87242,0.0142984807864163,0.0,0,0,2
80368,0.002824858757062,0.0,0,0,2
53656,-0.0098126672613736,0.0,0,0,2
45955,-0.0150375939849624,0.0,0,0,2
77437,-0.0224719101123596,0.0,0,0,2
33209,-0.0517683239364429,0.0,0,0,2
85002,-0.0618955512572534,0.0,0,0,2
85576,0.0262345679012345,0.0,0,0,2
77767,-0.0789473684210525,0.0,0,0,2
10463,-0.0792571279100182,0.0,0,0,2
85735,-0.092741935483871,0.0,0,0,2
86717,-0.1560975609756096,0.0,0,0,2
81098,-0.169653524492234,0.0,0,0,2
82688,-0.1737373737373737,0.0,0,0,2
76656,-0.1928549803209204,0.0,0,0,2
83694,-0.2317880794701987,0.0,0,0,2
81761,-0.4434375,1.0,1,0,2
10972,-0.0749999999999998,0.0,0,0,2
78051,-0.1348314606741573,0.0,0,0,2
83740,0.0288065843621398,-0.0,0,0,2
81097,0.0423387096774192,-0.0,0,0,2
85759,3.580645161290322,-1.0,0,-1,2
80050,0.7559055118110236,-0.0,0,0,2
79149,0.4271428571428572,-0.0,0,0,2
80345,0.4123711340206186,-0.0,0,0,2
86910,0.2897196261682242,-0.0,0,0,2
83429,0.0266666666666666,0.0,0,0,2
84543,0.2438878950506857,-0.0,0,0,2
81185,0.2222222222222221,-0.0,0,0,2
50948,0.1993517017828199,-0.0,0,0,2
81241,0.192822966507177,-0.0,0,0,2
48291,0.2661704766967925,-0.0,0,0,2
85496,0.135814889336016,-0.0,0,0,2
22779,0.1322175732217574,-0.0,0,0,2
86260,0.099159663865546,-0.0,0,0,2
41487,0.0971882640586796,-0.0,0,0,2
83111,0.0927347903130537,-0.0,0,0,2
88832,0.0910815939278937,-0.0,0,0,2
79610,0.0743801652892561,-0.0,0,0,2
10661,0.0592592592592591,-0.0,0,0,2
34067,0.0477815699658703,-0.0,0,0,2
82266,0.1771428571428572,-0.0,0,0,2
47571,0.0277207392197125,0.0,0,0,3
80290,0.0258064516129032,0.0,0,0,3
76708,0.0257819103972949,0.0,0,0,3
79725,0.0,0.0,0,0,3
33647,0.0155555555555555,0.0,0,0,3
29058,0.0130494505494505,0.0,0,0,3
77204,0.0127931769722813,0.0,0,0,3
85885,0.02,0.0,0,0,3
52038,0.0290431060837663,0.0,0,0,3
79841,0.049062049062049,0.0,0,0,3
78170,0.0308056872037916,0.0,0,0,3
10568,0.0327455919395465,0.0,0,0,3
76091,0.0358823529411764,0.0,0,0,3
59248,0.0425967261904762,0.0,0,0,3
70332,0.0445402298850574,0.0,0,0,3
77606,0.04803738317757,0.0,0,0,3
82155,0.0484003281378178,0.0,0,0,3
46950,0.0490153172866518,0.0,0,0,3
16424,-0.0025015634771733,0.0,0,0,3
82478,0.0290780141843973,0.0,0,0,3
63467,-0.0107212475633529,0.0,0,0,3
79637,-0.0485338725985845,0.0,0,0,3
16678,-0.0212646894236151,0.0,0,0,3
49154,0.0560722827531225,0.0,0,0,3
61209,-0.2259887005649717,0.0,0,0,3
85889,-0.2172940737979872,0.0,0,0,3
56602,-0.2093567251461989,0.0,0,0,3
10100,-0.1705882352941177,0.0,0,0,3
52792,-0.1118421052631579,0.0,0,0,3
83800,-0.1066319895968791,0.0,0,0,3
77887,-0.0810810810810811,0.0,0,0,3
58421,-0.0707395498392282,0.0,0,0,3
80359,-0.0576086956521738,0.0,0,0,3
77701,-0.0518134715025906,0.0,0,0,3
18729,-0.0483091787439614,0.0,0,0,3
79336,-0.0438691118302768,0.0,0,0,3
15667,-0.0425162689804772,0.0,0,0,3
48072,-0.0422535211267606,0.0,0,0,3
11509,-0.032860824742268,0.0,0,0,3
10696,-0.0267291264811242,0.0,0,0,3
77488,-0.0228873239436619,0.0,0,0,3
39773,-0.022140221402214,0.0,0,0,3
62519,-0.017524235645041,0.0,0,0,3
22905,0.0577617328519857,0.0,0,0,3
83458,0.0275229357798163,0.0,0,0,3
86865,0.0656716417910447,-0.0,0,0,3
86316,0.1281859070464768,-0.0,0,0,3
17444,0.1288076588337685,-0.0,0,0,3
33398,0.1359999999999999,-0.0,0,0,3
19502,0.1364229765013054,-0.0,0,0,3
61621,0.1413489736070381,-0.0,0,0,3
82816,0.1476377952755905,-0.0,0,0,3
11851,0.1514384349827386,-0.0,0,0,3
83764,0.1525096525096525,-0.0,0,0,3
85348,0.152599594868332,-0.0,0,0,3
85926,0.1270378996400591,-0.0,0,0,3
79698,0.1569872958257714,-0.0,0,0,3
86908,0.1785297549591598,-0.0,0,0,3
11624,0.2139156180606956,-0.0,0,0,3
75101,0.2177684013127052,-0.0,0,0,3
84169,0.2413793103448274,-0.0,0,0,3
82515,0.2605102407473949,-0.0,0,0,3
79678,0.2606516290726817,-0.0,0,0,3
84110,0.4124137931034484,-0.0,0,0,3
76340,0.519047619047619,-0.0,0,0,3
79313,0.0618181818181817,-0.0,0,0,3
80362,0.1777595179402904,-0.0,0,0,3
79689,0.1253012048192769,-0.0,0,0,3
45277,0.1634103019538189,-0.0,0,0,3
56733,0.1190243902439025,-0.0,0,0,3
87254,0.0662499999999999,-0.0,0,0,3
76586,0.1212121212121213,-0.0,0,0,3
10182,0.0670988654781199,-0.0,0,0,3
10355,0.0672394471423234,-0.0,0,0,3
85404,0.0725,-0.0,0,0,3
18650,0.0759493670886075,-0.0,0,0,3
40539,0.0808444902162717,-0.0,0,0,3
85663,0.0826600372902424,-0.0,0,0,3
49905,0.0834067547723935,-0.0,0,0,3
64152,0.0939096267190569,-0.0,0,0,3
86021,0.0806936416184971,-0.0,0,0,3
80575,0.094399608706285,-0.0,0,0,3
58683,0.0960451977401128,-0.0,0,0,3
85426,0.0977596741344195,-0.0,0,0,3
76568,0.1035714285714286,-0.0,0,0,3
82540,0.1071761416589003,-0.0,0,0,3
46886,0.1098837209302325,-0.0,0,0,3
86713,0.1100244498777505,-0.0,0,0,3
37568,0.1133261494252872,-0.0,0,0,3
61496,0.1153284671532846,-0.0,0,0,3
84342,0.0099127676447263,0.0,0,0,4
34287,0.0,0.0,0,0,4
79183,0.0,0.0,0,0,4
86236,-0.0028011204481792,0.0,0,0,4
85991,-0.0055350553505535,0.0,0,0,4
33690,-0.0092165898617511,0.0,0,0,4
85792,-0.0108827085852478,0.0,0,0,4
77004,-0.0099009900990099,0.0,0,0,4
76515,0.0145985401459851,0.0,0,0,4
85836,-0.0158924205378971,0.0,0,0,4
10028,-0.0080645161290322,0.0,0,0,4
85292,0.015228426395939,0.0,0,0,4
76841,0.0555722439170922,0.0,0,0,4
87167,0.0329670329670328,0.0,0,0,4
81165,0.0344827586206897,0.0,0,0,4
82235,0.0365591397849462,0.0,0,0,4
43692,0.0370370370370369,0.0,0,0,4
85415,0.0374999999999998,0.0,0,0,4
79564,0.0434782608695651,0.0,0,0,4
75860,0.0449438202247192,0.0,0,0,4
79390,0.0612903225806451,0.0,0,0,4
77515,0.0638606676342525,0.0,0,0,4
78910,-0.0176211453744493,0.0,0,0,4
84509,0.0653333333333334,0.0,0,0,4
83531,0.03042071197411,0.0,0,0,4
79879,-0.0194444444444444,0.0,0,0,4
11347,-0.1690470007790183,0.0,0,0,4
76000,-0.0213523131672598,0.0,0,0,4
87057,-0.4652241112828439,1.0,1,0,4
91492,-0.3285714285714285,1.0,1,0,4
86414,-0.2408376963350786,0.0,0,0,4
81201,-0.2,0.0,0,0,4
68523,-0.1857142857142857,0.0,0,0,4
11901,0.0701754385964912,0.0,0,0,4
86821,-0.1571428571428571,0.0,0,0,4
10114,-0.1494252873563218,0.0,0,0,4
80900,-0.142857142857143,0.0,0,0,4
77495,-0.1389473684210526,0.0,0,0,4
86388,-0.1250000000000001,0.0,0,0,4
83885,-0.1172761664564943,0.0,0,0,4
79973,-0.1095406360424028,0.0,0,0,4
66368,-0.0909090909090909,0.0,0,0,4
81145,-0.0816326530612244,0.0,0,0,4
45911,-0.057252747252747,0.0,0,0,4
75857,-0.0529914529914529,0.0,0,0,4
79198,-0.0461538461538461,0.0,0,0,4
81309,-0.0408163265306122,0.0,0,0,4
86324,-0.0407331975560081,0.0,0,0,4
84031,-0.0405405405405405,0.0,0,0,4
32897,-0.037037037037037,0.0,0,0,4
24548,-0.0266666666666667,0.0,0,0,4
39029,-0.0264111859140342,0.0,0,0,4
28223,-0.0222222222222222,0.0,0,0,4
84330,-0.019578313253012,0.0,0,0,4
81539,0.0717299578059071,0.0,0,0,4
87238,0.0552147239263804,0.0,0,0,4
38156,0.0828025477707006,-0.0,0,0,4
79724,0.222677595628415,-0.0,0,0,4
79845,0.2248062015503875,-0.0,0,0,4
86207,0.2333333333333334,-0.0,0,0,4
86889,0.2369255150554674,-0.0,0,0,4
82846,0.25,-0.0,0,0,4
84136,0.2519083969465647,-0.0,0,0,4
46834,0.2705882352941178,-0.0,0,0,4
77699,0.305982905982906,-0.0,0,0,4
87158,0.3065326633165828,-0.0,0,0,4
79366,0.3113983548766157,-0.0,0,0,4
83496,0.32,-0.0,0,0,4
86180,0.2170731707317075,-0.0,0,0,4
11456,0.3333333333333335,-0.0,0,0,4
76624,0.3775587566338136,-0.0,0,0,4
76584,0.4040328603435397,-0.0,0,0,4
79683,0.4182608695652172,-0.0,0,0,4
75603,0.4782608695652175,-0.0,0,0,4
37058,0.4880382775119618,-0.0,0,0,4
84607,0.5853741496598639,-0.0,0,0,4
71538,0.5890410958904109,-0.0,0,0,4
86048,0.6230529595015577,-0.0,0,0,4
80257,0.808035714285714,-1.0,0,-1,4
90924,0.92,-1.0,0,-1,4
76888,0.0777777777777777,-0.0,0,0,4
83475,0.346153846153846,-0.0,0,0,4
76706,0.2118644067796609,-0.0,0,0,4
79505,0.3127272727272727,-0.0,0,0,4
86979,0.1999999999999999,-0.0,0,0,4
86739,0.0913043478260868,-0.0,0,0,4
82747,0.2021276595744681,-0.0,0,0,4
10147,0.0958036421219319,-0.0,0,0,4
83844,0.1016949152542372,-0.0,0,0,4
50906,0.102058319039451,-0.0,0,0,4
80833,0.1062499999999999,-0.0,0,0,4
86580,0.1070757670632436,-0.0,0,0,4
81666,0.1129032258064515,-0.0,0,0,4
11381,0.125874125874126,-0.0,0,0,4
79732,0.1304347826086955,-0.0,0,0,4
84052,0.1304347826086958,-0.0,0,0,4
87035,0.1346153846153845,-0.0,0,0,4
85502,0.1367989056087553,-0.0,0,0,4
78179,0.1200000000000001,-0.0,0,0,4
85522,0.1975308641975308,-0.0,0,0,4
85963,0.1980495123780945,-0.0,0,0,4
83120,0.1440677966101695,-0.0,0,0,4
85175,0.1935483870967742,-0.0,0,0,4
87008,0.1851851851851851,-0.0,0,0,4
76712,0.179245283018868,-0.0,0,0,4
82727,0.1794871794871795,-0.0,0,0,4
77893,0.1748251748251748,-0.0,0,0,4
77163,0.1735700197238658,-0.0,0,0,4
85894,0.1635883905013193,-0.0,0,0,4
84107,0.1480582524271845,-0.0,0,0,4
10791,0.1770833333333332,-0.0,0,0,4
70659,0.0073646496815285,0.0,0,0,5
11137,0.0118343195266272,0.0,0,0,5
86474,0.0102301790281329,0.0,0,0,5
23552,0.0086206896551723,0.0,0,0,5
10418,0.0,0.0,0,0,5
82160,-0.0117035110533161,0.0,0,0,5
72232,-0.0086956521739129,0.0,0,0,5
76139,-0.0096982758620689,0.0,0,0,5
46229,-0.0113452188006483,0.0,0,0,5
10550,0.0124999999999999,0.0,0,0,5
86774,0.0,0.0,0,0,5
86073,0.0145808019441069,0.0,0,0,5
86362,0.0448875146604117,0.0,0,0,5
11656,0.0227272727272727,0.0,0,0,5
87031,0.0228350386823059,0.0,0,0,5
81776,0.0265811182401465,0.0,0,0,5
87000,0.0291595197255574,0.0,0,0,5
79280,0.0303448275862068,0.0,0,0,5
83779,0.0311653116531165,0.0,0,0,5
85077,0.0378125,0.0,0,0,5
30307,0.0392156862745098,0.0,0,0,5
86924,0.0414746543778801,0.0,0,0,5
86977,0.0416666666666667,0.0,0,0,5
79846,0.0416666666666667,0.0,0,0,5
82494,-0.0180722891566265,0.0,0,0,5
85565,0.0201550387596898,0.0,0,0,5
86168,-0.0210631895687062,0.0,0,0,5
86323,-0.2639294366109697,1.0,1,0,5
81562,-0.0269074824917066,0.0,0,0,5
80648,0.0457516339869281,0.0,0,0,5
87053,-0.2512396694214875,1.0,1,0,5
79991,-0.2194523906824682,1.0,1,0,5
80763,-0.1809954751131222,0.0,0,0,5
85946,-0.1699604743083003,0.0,0,0,5
86244,-0.1470588235294119,0.0,0,0,5
82839,-0.126890756302521,0.0,0,0,5
86083,-0.1166462668298654,0.0,0,0,5
87006,-0.1088977423638778,0.0,0,0,5
83638,-0.1051162790697675,0.0,0,0,5
84098,-0.0889870621647207,0.0,0,0,5
84514,-0.0883392226148409,0.0,0,0,5
80528,-0.0218978102189782,0.0,0,0,5
77505,-0.0878787878787878,0.0,0,0,5
47619,-0.0833333333333332,0.0,0,0,5
72304,-0.066918001885014,0.0,0,0,5
84234,-0.066025641025641,0.0,0,0,5
84133,-0.0598455598455597,0.0,0,0,5
10200,-0.0556586270871984,0.0,0,0,5
80560,-0.0549174443646806,0.0,0,0,5
86930,-0.0534979423868313,0.0,0,0,5
84375,-0.0524642289348171,0.0,0,0,5
45671,-0.0497592295345103,0.0,0,0,5
83653,-0.0428211586901764,0.0,0,0,5
11552,-0.0371824480369514,0.0,0,0,5
42981,-0.0347490347490346,0.0,0,0,5
84320,-0.0847457627118644,0.0,0,0,5
86897,0.0483242400623538,0.0,0,0,5
83170,-0.0875133404482388,0.0,0,0,5
82499,0.0533333333333334,-0.0,0,0,5
77087,0.2285714285714286,-0.0,0,0,5
86836,0.2309644670050761,-0.0,0,0,5
82613,0.2311643835616439,-0.0,0,0,5
82724,0.2323651452282158,-0.0,0,0,5
83435,0.2350946595083356,-0.0,0,0,5
75150,0.2499999999999997,-0.0,0,0,5
51377,0.2582842985444411,-0.0,0,0,5
86964,0.2998960498960501,-0.0,0,0,5
12174,0.3075060532687652,-0.0,0,0,5
81741,0.3091304347826089,-0.0,0,0,5
13777,0.3236514522821576,-0.0,0,0,5
81614,0.051660516605166,-0.0,0,0,5
86187,0.3630136986301371,-0.0,0,0,5
84057,0.3659147869674184,-0.0,0,0,5
82467,0.3801935116676151,-0.0,0,0,5
87118,0.4506224066390041,-0.0,0,0,5
87184,0.5009999999999999,-0.0,0,0,5
81893,0.504950495049505,-0.0,0,0,5
76879,0.5255474452554743,-0.0,0,0,5
84260,0.6044444444444443,-0.0,0,0,5
45560,0.751101321585903,-0.0,0,0,5
85204,0.7567567567567568,-0.0,0,0,5
83777,0.95,-1.0,0,-1,5
83942,0.9774011299435028,-1.0,0,-1,5
77599,1.2263056092843327,-1.0,0,-1,5
78963,0.225195822454308,-0.0,0,0,5
83863,0.2185145317545749,-0.0,0,0,5
83908,0.2591911764705881,-0.0,0,0,5
11998,0.2056338028169013,-0.0,0,0,5
76008,0.0557184750733137,-0.0,0,0,5
31051,0.064,-0.0,0,0,5
28629,0.0689655172413794,-0.0,0,0,5
61269,0.0723926380368098,-0.0,0,0,5
81001,0.2098765432098763,-0.0,0,0,5
86579,0.0765550239234451,-0.0,0,0,5
83928,0.1093294460641398,-0.0,0,0,5
87856,0.1173228346456694,-0.0,0,0,5
86727,0.1179999999999998,-0.0,0,0,5
82212,0.1206675224646984,-0.0,0,0,5
81142,0.1247637051039698,-0.0,0,0,5
78054,0.1301115241635688,-0.0,0,0,5
45306,0.130405854956753,-0.0,0,0,5
85992,0.0732741997686077,-0.0,0,0,5
81661,0.1370967741935482,-0.0,0,0,5
85170,0.1363636363636362,-0.0,0,0,5
82598,0.2026302971261568,-0.0,0,0,5
81137,0.2013651877133104,-0.0,0,0,5
84597,0.1984265734265735,-0.0,0,0,5
11368,0.1904761904761904,-0.0,0,0,5
11903,0.185,-0.0,0,0,5
81282,0.1986714975845411,-0.0,0,0,5
84044,0.1572953736654805,-0.0,0,0,5
79307,0.1525,-0.0,0,0,5
80245,0.1515151515151513,-0.0,0,0,5
11038,0.1420765027322403,-0.0,0,0,5
10785,0.1696551724137931,-0.0,0,0,5
85959,0.0367567567567568,0.0,0,0,6
85067,0.0133526850507981,0.0,0,0,6
83661,0.0253057781526782,0.0,0,0,6
54244,0.0245901639344263,0.0,0,0,6
32986,0.023391812865497,0.0,0,0,6
86250,0.0215827338129495,0.0,0,0,6
49971,0.0187179487179487,0.0,0,0,6
76721,0.0163334272036048,0.0,0,0,6
81060,0.0107692307692308,0.0,0,0,6
81061,-0.0907179333133072,0.0,0,0,6
85526,0.0020925366193906,0.0,0,0,6
37460,0.0014513788098695,0.0,0,0,6
78082,-0.0232142857142857,0.0,0,0,6
75902,-0.0358306188925081,0.0,0,0,6
14198,-0.0919683728672493,0.0,0,0,6
86151,-0.1241379310344826,0.0,0,0,6
90721,-0.1623931623931623,0.0,0,0,6
24766,0.0368823938761309,0.0,0,0,6
77730,0.0099079971691435,0.0,0,0,6
84291,0.0385626643295353,0.0,0,0,6
11805,0.0593047034764826,-0.0,0,0,6
24432,0.0514511873350922,-0.0,0,0,6
19546,0.0513618677042801,0.0,0,0,6
81682,0.5034199726402191,-0.0,0,0,6
82837,0.2584410170904545,-0.0,0,0,6
75432,0.2474489795918366,-0.0,0,0,6
57817,0.2289399435711407,-0.0,0,0,6
71124,0.22625,-0.0,0,0,6
83366,0.1615044247787611,-0.0,0,0,6
75764,0.1585642889595637,-0.0,0,0,6
85593,0.1544585987261146,-0.0,0,0,6
85222,0.1933534743202416,-0.0,0,0,6
82730,0.1469147005444646,-0.0,0,0,6
23318,0.0542261675028947,-0.0,0,0,6
50788,0.1482633488854328,-0.0,0,0,6
45129,0.05890603085554,-0.0,0,0,6
18163,0.0589312648136179,-0.0,0,0,6
44951,0.0569991617770326,-0.0,0,0,6
65541,0.0662576687116565,-0.0,0,0,6
83350,0.0772413793103448,-0.0,0,0,6
11415,0.1254947954845331,-0.0,0,0,6
30744,0.020254120015096,0.0,0,0,7
11995,0.0085879768324346,0.0,0,0,7
43334,0.0139199175116,0.0,0,0,7
45437,0.016243654822335,0.0,0,0,7
24221,0.0164896590273895,0.0,0,0,7
81705,0.0175664095972578,0.0,0,0,7
41444,0.0201834862385319,0.0,0,0,7
87137,0.0064328698900186,0.0,0,0,7
76625,0.0257136631074308,0.0,0,0,7
75503,0.0567514677103717,0.0,0,0,7
39917,0.0304533789563727,0.0,0,0,7
71271,0.03180542893726,0.0,0,0,7
46149,0.0364583333333332,0.0,0,0,7
13928,0.0438356164383562,0.0,0,0,7
67942,0.044921875,0.0,0,0,7
21055,0.0491905354919055,0.0,0,0,7
60599,0.0548834464443788,0.0,0,0,7
55976,0.05550581915846,0.0,0,0,7
82558,0.0,0.0,0,0,7
79801,0.0617577197149643,0.0,0,0,7
79915,0.0300751879699248,0.0,0,0,7
86102,-0.0018050541516245,0.0,0,0,7
82242,-0.0268292682926828,0.0,0,0,7
11262,-0.0033865505563618,0.0,0,0,7
86899,0.0640760644894582,0.0,0,0,7
86037,-0.1039999999999998,0.0,0,0,7
62084,-0.0964125560538116,0.0,0,0,7
82779,-0.0722070844686648,0.0,0,0,7
11371,-0.0681645087585682,0.0,0,0,7
86975,-0.0646387832699619,0.0,0,0,7
48101,-0.0616822429906541,0.0,0,0,7
83625,-0.057,0.0,0,0,7
80479,-0.0528846153846154,0.0,0,0,7
36709,-0.0030303030303029,0.0,0,0,7
84111,-0.0503202195791399,0.0,0,0,7
80098,-0.030201342281879,0.0,0,0,7
60097,-0.028772378516624,0.0,0,0,7
44150,-0.0245901639344261,0.0,0,0,7
76710,-0.0193939393939394,0.0,0,0,7
70033,-0.016390041493776,0.0,0,0,7
47036,-0.0098039215686274,0.0,0,0,7
80348,-0.0077720207253887,0.0,0,0,7
75071,-0.0067114093959731,0.0,0,0,7
29621,-0.0035211267605632,0.0,0,0,7
14008,-0.0427774333539987,0.0,0,0,7
18092,0.0704179104477613,0.0,0,0,7
76966,0.2079999999999999,-0.0,0,0,7
75527,0.0764890282131662,-0.0,0,0,7
77629,0.1785421785421785,-0.0,0,0,7
78717,0.1915501905972045,-0.0,0,0,7
86810,0.1916264090177133,-0.0,0,0,7
84776,0.192211055276382,-0.0,0,0,7
82738,0.2084507042253522,-0.0,0,0,7
58318,0.2174851592012949,-0.0,0,0,7
76693,0.2182529335071708,-0.0,0,0,7
77478,0.2238055322715841,-0.0,0,0,7
85914,0.2270622895622895,-0.0,0,0,7
83664,0.2334267040149393,-0.0,0,0,7
80460,0.2350972762645915,-0.0,0,0,7
32062,0.2397142857142857,-0.0,0,0,7
76644,0.2867247007616975,-0.0,0,0,7
85402,0.3246753246753247,-0.0,0,0,7
30761,0.0734664764621968,-0.0,0,0,7
76415,0.3468013468013466,-0.0,0,0,7
65293,0.3743589743589743,-0.0,0,0,7
83283,0.4456448345712356,-0.0,0,0,7
83244,0.5361642557162858,-0.0,0,0,7
32046,0.160194561837174,-0.0,0,0,7
63811,0.1596925704526044,-0.0,0,0,7
83690,0.3432835820895521,-0.0,0,0,7
84215,0.157142857142857,-0.0,0,0,7
10092,0.1587677725118481,-0.0,0,0,7
11081,0.0771992818671454,-0.0,0,0,7
81109,0.079847908745247,-0.0,0,0,7
76238,0.0831040176114472,-0.0,0,0,7
12503,0.0844957081545063,-0.0,0,0,7
81126,0.0887940234791888,-0.0,0,0,7
86590,0.091848450057405,-0.0,0,0,7
11358,0.0961907371882706,-0.0,0,0,7
85196,0.0968,-0.0,0,0,7
79944,0.0982881597717546,-0.0,0,0,7
41663,0.0799999999999998,-0.0,0,0,7
76795,0.1101398601398602,-0.0,0,0,7
85213,0.0988372093023255,-0.0,0,0,7
83583,0.1533471717695902,-0.0,0,0,7
84769,0.1287223823246879,-0.0,0,0,7
61487,0.1223880597014923,-0.0,0,0,7
11292,0.1423357664233575,-0.0,0,0,7
41419,0.1181102362204724,-0.0,0,0,7
84020,0.1151658767772512,-0.0,0,0,7
77392,0.1132075471698113,-0.0,0,0,7
44230,0.1558441558441559,-0.0,0,0,7
75433,0.0,0.0,0,0,8
85512,0.0087912087912087,0.0,0,0,8
83347,-0.445945945945946,1.0,1,0,8
51933,0.0032679738562091,0.0,0,0,8
47677,0.0039292730844795,0.0,0,0,8
66369,0.0075187969924812,0.0,0,0,8
84508,-0.0078431372549019,0.0,0,0,8
64020,0.0634920634920634,0.0,0,0,8
54843,0.0236220472440944,0.0,0,0,8
85032,0.0382352941176469,0.0,0,0,8
87013,0.069078947368421,0.0,0,0,8
86858,0.0707456978967493,0.0,0,0,8
85549,0.0711206896551723,0.0,0,0,8
77917,-0.0094696969696969,0.0,0,0,8
77403,0.0784313725490195,0.0,0,0,8
83677,0.0095238095238094,0.0,0,0,8
26112,-0.0210526315789474,0.0,0,0,8
76448,-0.1578947368421053,0.0,0,0,8
33137,-0.0412371134020619,0.0,0,0,8
83535,0.0795454545454543,0.0,0,0,8
80443,-0.3428571428571428,1.0,1,0,8
83568,-0.244131455399061,0.0,0,0,8
83884,-0.2435530085959885,0.0,0,0,8
83124,-0.224172856178258,0.0,0,0,8
83566,-0.2054794520547945,0.0,0,0,8
11713,-0.1692307692307691,0.0,0,0,8
82248,-0.025,0.0,0,0,8
86744,-0.1681818181818182,0.0,0,0,8
77839,-0.111111111111111,0.0,0,0,8
78214,-0.1089108910891089,0.0,0,0,8
81713,-0.1016949152542372,0.0,0,0,8
10089,-0.0709180868609126,0.0,0,0,8
83981,-0.0572597137014313,0.0,0,0,8
80256,-0.0454545454545455,0.0,0,0,8
79742,-0.0425531914893617,0.0,0,0,8
81212,-0.1240287769784171,0.0,0,0,8
84519,0.0938566552901023,0.0,0,0,8
75585,0.0,0.0,0,0,8
64901,0.1054852320675105,-0.0,0,0,8
86527,0.3342318059299192,-0.0,0,0,8
87054,0.3412921348314606,-0.0,0,0,8
81162,0.3552091878589007,-0.0,0,0,8
86822,0.360759493670886,-0.0,0,0,8
87228,0.3907815631262525,-0.0,0,0,8
59222,0.4080267558528427,-0.0,0,0,8
79935,0.4154411764705881,-0.0,0,0,8
84385,0.3025871766029246,-0.0,0,0,8
79427,0.4214285714285715,-0.0,0,0,8
83332,0.4814814814814814,-0.0,0,0,8
45313,0.5357142857142858,-0.0,0,0,8
83554,0.6019801980198021,-0.0,0,0,8
86982,0.6396396396396395,-0.0,0,0,8
79262,0.711442786069652,-1.0,0,-1,8
80957,0.9656019656019654,-1.0,0,-1,8
84240,0.1026666666666666,-0.0,0,0,8
86830,0.4650537634408602,-0.0,0,0,8
14702,0.2868174296745724,-0.0,0,0,8
82544,0.54,-0.0,0,0,8
81886,0.269892822344917,-0.0,0,0,8
83693,0.283811475409836,-0.0,0,0,8
81173,0.1095238095238095,-0.0,0,0,8
82508,0.1134564643799473,-0.0,0,0,8
77512,0.1393548387096774,-0.0,0,0,8
79906,0.1403887688984881,-0.0,0,0,8
86806,0.1437125748502994,-0.0,0,0,8
26606,0.1686390532544379,-0.0,0,0,8
81288,0.1875,-0.0,0,0,8
25785,0.1262766945218199,-0.0,0,0,8
87092,0.2037383177570095,-0.0,0,0,8
85864,0.2087475149105366,-0.0,0,0,8
83616,0.2210576464983324,-0.0,0,0,8
83622,0.2312138728323698,-0.0,0,0,8
86780,0.237851662404092,-0.0,0,0,8
10012,0.2480620155038759,-0.0,0,0,8
10078,0.1933534743202416,-0.0,0,0,8
80049,0.2690265486725662,-0.0,0,0,8
10606,0.0079455164585697,0.0,0,0,9
24205,0.0085443037974684,0.0,0,0,9
87024,0.0138846035174329,0.0,0,0,9
48389,0.0147213459516299,0.0,0,0,9
54675,0.0148731408573927,0.0,0,0,9
76265,0.0292397660818712,0.0,0,0,9
79037,0.0222222222222221,0.0,0,0,9
85246,0.0297297297297298,0.0,0,0,9
52484,0.0368421052631577,0.0,0,0,9
28222,0.0068736141906873,0.0,0,0,9
61815,0.0370757180156657,0.0,0,0,9
75591,0.0203073545554337,0.0,0,0,9
77855,0.0066390041493775,0.0,0,0,9
80000,-0.0431818181818181,0.0,0,0,9
79303,-0.0127354736004244,0.0,0,0,9
44134,-0.0139037433155079,0.0,0,0,9
76082,-0.0173076923076922,0.0,0,0,9
58975,-0.0195578231292516,0.0,0,0,9
80191,-0.022950819672131,0.0,0,0,9
81677,-0.0347003154574131,0.0,0,0,9
52695,-0.0372239747634068,0.0,0,0,9
80079,-0.0435616438356165,0.0,0,0,9
37955,-0.0595988538681947,0.0,0,0,9
75083,-0.0640625,0.0,0,0,9
43721,-0.0662557781201849,0.0,0,0,9
65656,0.0373563218390806,0.0,0,0,9
11955,-0.0095529231944975,0.0,0,0,9
25419,0.0398406374501991,0.0,0,0,9
51625,0.061269146608315,-0.0,0,0,9
83602,0.0428790199081163,-0.0,0,0,9
34818,0.0411073825503356,-0.0,0,0,9
87121,0.1990716864363073,-0.0,0,0,9
12173,0.1850961538461537,-0.0,0,0,9
79584,0.1834908005967181,-0.0,0,0,9
52978,0.1670235546038545,-0.0,0,0,9
83189,0.1641791044776119,-0.0,0,0,9
77433,0.1608291636883487,-0.0,0,0,9
10874,0.1553738317757009,-0.0,0,0,9
77081,0.1488869615495807,-0.0,0,0,9
79859,0.1488416375753729,-0.0,0,0,9
67176,0.1470588235294117,-0.0,0,0,9
87034,0.1321013004791238,-0.0,0,0,9
11762,0.1311216429699842,-0.0,0,0,9
82176,0.2540983606557376,-0.0,0,0,9
84725,0.1117287381878822,-0.0,0,0,9
60580,0.1044444444444445,-0.0,0,0,9
80361,0.1042524005486968,-0.0,0,0,9
21979,0.1013949614824067,-0.0,0,0,9
81678,0.0976597659765976,-0.0,0,0,9
20571,0.0736468500443656,-0.0,0,0,9
84402,0.0647230320699709,-0.0,0,0,9
17929,0.0646387832699619,-0.0,0,0,9
79862,0.1248387096774192,-0.0,0,0,9
62498,0.0555732992654103,-0.0,0,0,9
51457,0.0545454545454544,-0.0,0,0,9
43481,0.0473251028806582,-0.0,0,0,9
87074,-0.0939999999999999,0.0,0,0,10
76963,0.079584775086505,-0.0,0,0,10
86988,-0.0851063829787233,0.0,0,0,10
10232,0.0017247326664366,0.0,0,0,11
52396,0.0480887792848336,0.0,0,0,11
11216,0.0352241537053978,0.0,0,0,11
59045,0.0236933797909406,0.0,0,0,11
53129,-0.0445396145610279,0.0,0,0,11
85861,0.0597014925373133,0.0,0,0,11
87218,0.0210526315789474,0.0,0,0,11
78195,0.0170068027210883,0.0,0,0,11
86923,0.0148612945838837,0.0,0,0,11
29285,0.014341590612777,0.0,0,0,11
82924,0.0003847633705271,0.0,0,0,11
82751,-0.0154052243804421,0.0,0,0,11
21776,-0.000787401574803,0.0,0,0,11
80002,-0.0047457627118644,0.0,0,0,11
46674,-0.0050031269543464,0.0,0,0,11
78068,-0.0077444336882864,0.0,0,0,11
76214,-0.010136624063464,0.0,0,0,11
37234,-0.0208768267223382,0.0,0,0,11
79133,-0.0242572908149359,0.0,0,0,11
59408,-0.0296002050230651,0.0,0,0,11
10163,-0.0439367311072056,0.0,0,0,11
16600,0.0608145294441384,0.0,0,0,11
86526,-0.0007857142857142,0.0,0,0,11
13901,0.0616438356164383,0.0,0,0,11
39538,0.021097046413502,0.0,0,0,11
29938,0.0672651254303986,-0.0,0,0,11
85432,0.0666666666666666,-0.0,0,0,11
86946,0.2147192716236723,-0.0,0,0,11
80010,0.21296339912384,-0.0,0,0,11
45655,0.2116167221605622,-0.0,0,0,11
85406,0.2057745187901007,-0.0,0,0,11
76322,0.2032904148783976,-0.0,0,0,11
10085,0.192982456140351,-0.0,0,0,11
57007,0.1804804804804807,-0.0,0,0,11
10623,0.1612066169315602,-0.0,0,0,11
63132,0.1472392638036808,-0.0,0,0,11
64929,0.1410146173688735,-0.0,0,0,11
59185,0.2091666666666667,-0.0,0,0,11
81278,0.1157894736842104,-0.0,0,0,11
81291,0.0751633986928104,-0.0,0,0,11
77768,0.1231638418079095,-0.0,0,0,11
86164,0.0756602426837973,-0.0,0,0,11
81298,0.0833333333333332,-0.0,0,0,11
14656,0.0880159124813524,-0.0,0,0,11
38850,0.075890068707058,-0.0,0,0,11
57286,0.0931630353117956,-0.0,0,0,11
76127,0.0965082444228904,-0.0,0,0,11
77679,0.0980725623582767,-0.0,0,0,11
56232,0.1086218601493549,-0.0,0,0,11
50286,0.090250840444789,-0.0,0,0,11
11898,-0.0282608695652173,0.0,0,0,12
90377,0.0148514851485148,0.0,0,0,12
80537,-0.0270429654591406,0.0,0,0,12
75625,-0.025,0.0,0,0,12
87241,0.0076530612244898,0.0,0,0,12
84157,0.0142857142857142,0.0,0,0,12
17337,0.0173160173160173,0.0,0,0,12
87255,0.087719298245614,0.0,0,0,12
81769,0.0425531914893617,0.0,0,0,12
75172,0.0547945205479452,0.0,0,0,12
11781,0.0727272727272727,0.0,0,0,12
79108,0.0900621118012421,0.0,0,0,12
87087,0.0921985815602837,0.0,0,0,12
76845,-0.0362056480811006,0.0,0,0,12
75107,0.0336817653890826,0.0,0,0,12
83125,-0.0573770491803279,0.0,0,0,12
60142,-0.1333333333333333,0.0,0,0,12
83722,-0.0580847723704867,0.0,0,0,12
85396,-0.2554347826086957,1.0,1,0,12
76317,-0.227111111111111,1.0,1,0,12
86235,-0.1545893719806763,0.0,0,0,12
85760,-0.1470588235294119,0.0,0,0,12
87099,-0.1441441441441442,0.0,0,0,12
77173,0.0982839313572543,0.0,0,0,12
70156,-0.11864406779661,0.0,0,0,12
85854,-0.1149999999999999,0.0,0,0,12
29073,-0.1052631578947367,0.0,0,0,12
81178,-0.0945757997218359,0.0,0,0,12
10547,-0.0818431911966988,0.0,0,0,12
84604,-0.0812477362474269,0.0,0,0,12
84161,-0.0795107033639144,0.0,0,0,12
85995,-0.077562326869806,0.0,0,0,12
77175,-0.0658276863504355,0.0,0,0,12
85073,-0.0576759966072942,0.0,0,0,12
83416,0.1146496815286624,0.0,0,0,12
79721,0.0606060606060605,0.0,0,0,12
77582,0.1260997067448679,-0.0,0,0,12
82619,0.28,-0.0,0,0,12
84571,0.301359847930984,-0.0,0,0,12
79568,0.3264580369843526,-0.0,0,0,12
86047,0.3265306122448979,-0.0,0,0,12
19880,0.3288659793814434,-0.0,0,0,12
80237,0.3382352941176469,-0.0,0,0,12
76673,0.3540669856459331,-0.0,0,0,12
83317,0.3796791443850267,-0.0,0,0,12
79472,0.4852941176470586,-0.0,0,0,12
83413,0.4986072423398329,-0.0,0,0,12
83499,0.5168539325842698,-0.0,0,0,12
84599,0.5274193548387098,-0.0,0,0,12
82165,0.838235294117647,-1.0,0,-1,12
87126,0.958041958041958,-1.0,0,-1,12
46340,0.1205882352941176,-0.0,0,0,12
85035,0.2651515151515151,-0.0,0,0,12
75554,0.2539682539682542,-0.0,0,0,12
86840,0.3412698412698411,-0.0,0,0,12
87085,0.2276119402985075,-0.0,0,0,12
81621,0.2380191693290736,-0.0,0,0,12
43757,0.1517615176151761,-0.0,0,0,12
79641,0.1519903498190593,-0.0,0,0,12
83744,0.15625,-0.0,0,0,12
79428,0.1587561374795416,-0.0,0,0,12
21020,0.1598253275109169,-0.0,0,0,12
22293,0.1656050955414012,-0.0,0,0,12
75684,0.188376753507014,-0.0,0,0,12
86111,0.1428571428571428,-0.0,0,0,12
85457,0.1999999999999999,-0.0,0,0,12
87131,0.21084864391951,-0.0,0,0,12
12113,0.2121212121212121,-0.0,0,0,12
80114,0.2144702842377259,-0.0,0,0,12
83808,0.2162162162162162,-0.0,0,0,12
79499,0.2238193018480492,-0.0,0,0,12
83944,0.1968810916179337,-0.0,0,0,12
10935,0.0085666342842003,0.0,0,0,13
54114,0.0118577075098813,0.0,0,0,13
29102,0.0144927536231884,0.0,0,0,13
21371,0.0162699092310327,0.0,0,0,13
42024,0.0163043478260869,0.0,0,0,13
80759,0.021574564723694,0.0,0,0,13
86560,0.0220883534136546,0.0,0,0,13
77798,0.0226415094339622,0.0,0,0,13
80543,0.0421686746987952,0.0,0,0,13
77576,0.0364826941066418,0.0,0,0,13
76101,0.0402128917800117,0.0,0,0,13
84911,0.0423940149625934,0.0,0,0,13
66683,0.0429999999999999,0.0,0,0,13
83433,0.0498338870431893,0.0,0,0,13
79299,0.0515920999596937,0.0,0,0,13
76792,0.0523221634332744,0.0,0,0,13
85661,0.0246786632390745,0.0,0,0,13
21573,0.0084572014351613,0.0,0,0,13
78216,-0.0584958217270195,0.0,0,0,13
62797,0.0,0.0,0,0,13
64515,0.058276725062567,0.0,0,0,13
24942,-0.0542857142857142,0.0,0,0,13
84438,-0.0526465972321301,0.0,0,0,13
56143,-0.0522486772486772,0.0,0,0,13
47002,-0.0509259259259259,0.0,0,0,13
82991,-0.0397142857142857,0.0,0,0,13
23042,-0.0363636363636363,0.0,0,0,13
21231,0.0025380710659899,0.0,0,0,13
78009,-0.0360435875943,0.0,0,0,13
84226,-0.0309865573023467,0.0,0,0,13
46690,-0.0213960014030165,0.0,0,0,13
56945,-0.0204819277108433,0.0,0,0,13
79033,-0.0180878552971577,0.0,0,0,13
47379,-0.0152487961476726,0.0,0,0,13
79255,-0.0065189048239896,0.0,0,0,13
82599,-0.0022321428571427,0.0,0,0,13
12074,-0.0336283185840707,0.0,0,0,13
83469,0.0590099009900988,0.0,0,0,13
18973,0.1097139264382269,-0.0,0,0,13
86245,0.0618609406952965,-0.0,0,0,13
53612,0.1127670144063586,-0.0,0,0,13
72961,0.1131824234354192,-0.0,0,0,13
47490,0.1214723926380367,-0.0,0,0,13
81653,0.1292775665399239,-0.0,0,0,13
31077,0.1305732484076431,-0.0,0,0,13
17137,0.1319259312630594,-0.0,0,0,13
76148,0.1416349809885932,-0.0,0,0,13
11353,0.0605128205128204,0.0,0,0,13
86789,0.1475932419509085,-0.0,0,0,13
20220,0.1790382244143034,-0.0,0,0,13
83832,0.1808450704225352,-0.0,0,0,13
36281,0.1878195635602249,-0.0,0,0,13
80864,0.2933753943217665,-0.0,0,0,13
48531,0.3088531187122736,-0.0,0,0,13
56741,0.3313407344150298,-0.0,0,0,13
78189,0.3558318531675548,-0.0,0,0,13
76638,0.1526896090878717,-0.0,0,0,13
86288,0.4384556574923548,-0.0,0,0,13
81655,0.1026315789473684,-0.0,0,0,13
47466,0.0936493327197423,-0.0,0,0,13
83143,0.0651810584958219,-0.0,0,0,13
54704,0.0693689928959464,-0.0,0,0,13
42059,0.0746839164951485,-0.0,0,0,13
12226,0.076147816349384,-0.0,0,0,13
22103,0.0778727445394111,-0.0,0,0,13
84058,0.078125,-0.0,0,0,13
13303,0.0811309157959434,-0.0,0,0,13
84041,0.0956375838926173,-0.0,0,0,13
86302,0.0815765352887258,-0.0,0,0,13
80254,0.0832049306625577,-0.0,0,0,13
22840,0.0855119825708061,-0.0,0,0,13
75856,0.0874999999999999,-0.0,0,0,13
64311,0.0891891891891891,-0.0,0,0,13
75383,0.0902503293807641,-0.0,0,0,13
26518,0.0908267270668177,-0.0,0,0,13
85629,0.0931726907630521,-0.0,0,0,13
24053,0.0829268292682927,-0.0,0,0,13
25320,-0.02188679245283,0.0,0,0,14
28345,0.0039148936170212,0.0,0,0,14
53815,0.0839524517087666,-0.0,0,0,14
82861,0.1002444987775061,-0.0,0,0,14
77507,0.0129577464788732,0.0,0,0,15
77862,0.0181344450234497,0.0,0,0,15
81148,0.0188235294117646,0.0,0,0,15
14526,0.0193423597678916,0.0,0,0,15
80121,0.0195709446744447,0.0,0,0,15
81565,0.0281249999999999,0.0,0,0,15
83729,0.0320222763661677,0.0,0,0,15
11506,0.032053985660059,0.0,0,0,15
18542,0.0644973852411388,0.0,0,0,15
83934,0.0347826086956521,0.0,0,0,15
63503,0.0369702434625789,0.0,0,0,15
42286,0.0412371134020619,0.0,0,0,15
80633,0.0441860465116279,0.0,0,0,15
85047,0.049207217058502,0.0,0,0,15
82649,0.0534653465346535,0.0,0,0,15
16890,0.0627777777777778,0.0,0,0,15
80776,0.0628571428571429,0.0,0,0,15
84516,0.0128406708595387,0.0,0,0,15
79087,0.0331797235023043,0.0,0,0,15
86573,0.0113529324277428,0.0,0,0,15
58464,-0.0016570008285003,0.0,0,0,15
86008,-0.5961020643672266,0.0,0,0,15
77379,-0.512473153808029,0.0,0,0,15
86124,-0.433134684147795,0.0,0,0,15
11750,-0.0875232774674116,0.0,0,0,15
77425,-0.0819812126387703,0.0,0,0,15
42877,-0.0309278350515465,0.0,0,0,15
81652,-0.0246462802373345,0.0,0,0,15
89245,0.0033898305084747,0.0,0,0,15
23309,-0.0234278668310726,0.0,0,0,15
83444,-0.01,0.0,0,0,15
76839,-0.0092715231788078,0.0,0,0,15
84584,-0.0072202166064981,0.0,0,0,15
24010,-0.0046168051708217,0.0,0,0,15
35503,-0.0026472534745201,0.0,0,0,15
81297,-0.0022935779816514,0.0,0,0,15
86529,-0.002079002079002,0.0,0,0,15
33937,-0.0180555555555554,0.0,0,0,15
23393,0.0651614747070592,0.0,0,0,15
11285,0.0671188861121028,-0.0,0,0,15
36397,0.0682995760715967,-0.0,0,0,15
81763,0.1178997613365155,-0.0,0,0,15
85865,0.1179775280898876,-0.0,0,0,15
75888,0.1184210526315789,-0.0,0,0,15
79116,0.1188811188811187,-0.0,0,0,15
58094,0.1217266187050358,-0.0,0,0,15
86286,0.1277108433734939,-0.0,0,0,15
85748,0.1351351351351351,-0.0,0,0,15
75556,0.1173652694610778,-0.0,0,0,15
11775,0.1480595633053005,-0.0,0,0,15
83301,0.1700125470514428,-0.0,0,0,15
79545,0.1730287398673546,-0.0,0,0,15
16548,0.1733174508636092,-0.0,0,0,15
88007,0.1819116135662897,-0.0,0,0,15
42307,0.1919642857142856,-0.0,0,0,15
22921,0.1924050632911391,-0.0,0,0,15
79007,0.1984626135569529,-0.0,0,0,15
65330,0.1530470914127424,-0.0,0,0,15
57437,0.1171898355754856,-0.0,0,0,15
11652,0.1364670204700531,-0.0,0,0,15
41807,0.1150049358341558,-0.0,0,0,15
27764,0.1157407407407407,-0.0,0,0,15
76331,0.0686827268067657,-0.0,0,0,15
81647,0.069398907103825,-0.0,0,0,15
79851,0.07,-0.0,0,0,15
47511,0.070842654735272,-0.0,0,0,15
85948,0.0844046953605364,-0.0,0,0,15
56063,0.0884353741496599,-0.0,0,0,15
22032,0.0890489913544667,-0.0,0,0,15
84806,0.0708860759493672,-0.0,0,0,15
86896,0.1102254611705761,-0.0,0,0,15
11823,0.0956245589273112,-0.0,0,0,15
75925,0.0960732984293193,-0.0,0,0,15
67046,0.0994764397905758,-0.0,0,0,15
42439,0.1093073593073592,-0.0,0,0,15
11844,0.1093911248710011,-0.0,0,0,15
10906,0.1098511693834161,-0.0,0,0,15
10037,0.0945652173913045,-0.0,0,0,15
14461,0.0,0.0,0,0,16
53373,-0.0024038461538461,0.0,0,0,16
64442,-0.0062111801242236,0.0,0,0,16
23819,-0.0152577319587628,0.0,0,0,16
82737,-0.0133333333333333,0.0,0,0,16
66739,-0.0148830616583982,0.0,0,0,16
84536,0.0052486187845302,0.0,0,0,16
84069,-0.0063469675599435,0.0,0,0,16
83860,0.0052521008403361,0.0,0,0,16
38093,0.0321782178217822,0.0,0,0,16
86301,0.0098039215686274,0.0,0,0,16
22111,0.0163570274636508,0.0,0,0,16
23501,0.0185185185185186,0.0,0,0,16
11183,0.0196601941747571,0.0,0,0,16
89093,0.0232558139534884,0.0,0,0,16
81119,0.0260469867211441,0.0,0,0,16
77357,0.0262051116143642,0.0,0,0,16
82518,-0.0172413793103448,0.0,0,0,16
77973,0.0064780824875836,0.0,0,0,16
84056,-0.0254545454545453,0.0,0,0,16
81084,-0.265925925925926,0.0,0,0,16
82533,-0.0423387096774193,0.0,0,0,16
85837,-0.3268544600938967,0.0,0,0,16
64899,0.0340270895275851,0.0,0,0,16
10644,-0.2192982456140351,0.0,0,0,16
10401,-0.137354988399072,0.0,0,0,16
12236,-0.1209747606614447,0.0,0,0,16
82763,-0.1208791208791209,0.0,0,0,16
51960,-0.0938189845474612,0.0,0,0,16
11499,-0.0782122905027933,0.0,0,0,16
81901,-0.0390243902439023,0.0,0,0,16
80159,-0.0683229813664596,0.0,0,0,16
77486,-0.0612813370473537,0.0,0,0,16
85987,-0.0612244897959183,0.0,0,0,16
76052,-0.0562248995983936,0.0,0,0,16
80713,-0.0532544378698224,0.0,0,0,16
86952,-0.0495232236235004,0.0,0,0,16
81676,-0.0489130434782608,0.0,0,0,16
51693,-0.0445454545454545,0.0,0,0,16
81869,-0.042857142857143,0.0,0,0,16
86113,-0.0630252100840336,0.0,0,0,16
10908,0.0413793103448276,0.0,0,0,16
11622,-0.0147058823529412,0.0,0,0,16
80242,0.0437418796015591,-0.0,0,0,16
80320,0.1482504604051566,-0.0,0,0,16
10514,0.1504424778761062,-0.0,0,0,16
66181,0.1638932496075353,-0.0,0,0,16
85550,0.1666666666666667,-0.0,0,0,16
64282,0.1671087533156499,-0.0,0,0,16
79591,0.1807580174927112,-0.0,0,0,16
67678,0.1843478260869564,-0.0,0,0,16
12067,0.2276785714285714,-0.0,0,0,16
85631,0.1345475910693301,-0.0,0,0,16
55597,0.2419512195121951,-0.0,0,0,16
86876,0.3212237093690246,-0.0,0,0,16
75308,0.3345864661654134,-0.0,0,0,16
54594,0.3591022443890275,-0.0,0,0,16
11681,0.3655172413793104,-0.0,0,0,16
80993,0.4006514657980455,-0.0,0,0,16
83659,0.4195583596214511,-0.0,0,0,16
85846,0.4294642857142856,-0.0,0,0,16
81475,0.4390756302521008,-0.0,0,0,16
45890,0.2596153846153846,-0.0,0,0,16
85019,0.1332129963898916,-0.0,0,0,16
83142,0.2198347107438016,-0.0,0,0,16
87149,0.120162932790224,-0.0,0,0,16
68340,0.1252913752913751,-0.0,0,0,16
40125,0.0545648123502793,-0.0,0,0,16
83520,0.0577705451586656,-0.0,0,0,16
78922,0.0577777777777777,-0.0,0,0,16
85520,0.0596205962059621,-0.0,0,0,16
85168,0.0625320348539208,-0.0,0,0,16
84001,0.0632633886626996,-0.0,0,0,16
81700,0.0674157303370786,-0.0,0,0,16
84007,0.0681318681318683,-0.0,0,0,16
80432,0.0724346076458752,-0.0,0,0,16
85495,0.0499999999999998,-0.0,0,0,16
86178,0.093983092988563,-0.0,0,0,16
26084,0.1,-0.0,0,0,16
52919,0.1059219129460116,-0.0,0,0,16
76978,0.1060606060606059,-0.0,0,0,16
80634,0.106094808126411,-0.0,0,0,16
76385,0.1126126126126125,-0.0,0,0,16
12079,0.0425116051795748,-0.0,0,0,16
76201,0.1174815335912768,-0.0,0,0,16
77334,0.0750670241286863,-0.0,0,0,16
75729,0.1138613861386139,0.0,0,0,17
27713,0.0345136709995517,0.0,0,0,17
46392,0.035453597497393,0.0,0,0,17
84426,0.0501672240802675,0.0,0,0,17
82535,0.0717009916094584,0.0,0,0,17
86594,0.0593939393939393,0.0,0,0,17
39087,0.0596026490066226,0.0,0,0,17
81747,0.0316455696202531,0.0,0,0,17
62906,0.0538461538461538,0.0,0,0,17
45356,0.0220264317180616,0.0,0,0,17
85933,-0.0084942084942084,0.0,0,0,17
35705,0.02,0.0,0,0,17
23537,0.016,0.0,0,0,17
85738,0.0084388185654009,0.0,0,0,17
65832,-0.0215053763440861,0.0,0,0,17
76149,-0.0802092414995641,0.0,0,0,17
27887,-0.0853406744666208,0.0,0,0,17
68196,-0.1059907834101381,0.0,0,0,17
80579,-0.1735537190082645,0.0,0,0,17
82722,0.0201033888569788,0.0,0,0,17
78915,0.1219723183391003,0.0,0,0,17
75596,0.2303030303030302,-0.0,0,0,17
57884,0.1400000000000001,-0.0,0,0,17
75186,0.1385390428211588,0.0,0,0,17
78062,0.6357142857142859,-0.0,0,0,17
50243,0.3777777777777777,-0.0,0,0,17
82255,0.3689706613625063,-0.0,0,0,17
85232,0.3262777490965409,-0.0,0,0,17
83565,0.3111111111111111,-0.0,0,0,17
85231,0.2844112769485902,-0.0,0,0,17
15579,0.2684210526315789,-0.0,0,0,17
77257,0.2603495860165594,-0.0,0,0,17
69200,0.2583333333333333,-0.0,0,0,17
79251,0.2964669738863286,-0.0,0,0,17
83582,0.2113502935420743,-0.0,0,0,17
82651,0.1458257382427998,-0.0,0,0,17
32054,0.1520190023752969,-0.0,0,0,17
27828,0.1523760330578512,-0.0,0,0,17
84834,0.1539424280350438,-0.0,0,0,17
81275,0.1442910915934754,-0.0,0,0,17
44513,0.1841390548614883,-0.0,0,0,17
18033,0.188118811881188,-0.0,0,0,17
27684,0.1743341404358354,-0.0,0,0,17
11043,0.0148883374689825,0.0,0,0,18
77475,0.0427135678391961,0.0,0,0,18
80971,0.032167832167832,0.0,0,0,18
71909,0.0286094477711245,0.0,0,0,18
44637,0.0281059063136455,0.0,0,0,18
81294,0.0207547169811321,0.0,0,0,18
64135,0.0207413945278023,0.0,0,0,18
77517,-0.1833333333333332,0.0,0,0,18
16030,0.0206249999999998,0.0,0,0,18
82812,0.0115942028985507,0.0,0,0,18
78816,-0.1402061855670102,0.0,0,0,18
10318,-0.0073710073710074,0.0,0,0,18
86097,-0.011684240524366,0.0,0,0,18
81584,-0.0212264150943395,0.0,0,0,18
76980,-0.0239786856127885,0.0,0,0,18
76306,-0.0247572815533981,0.0,0,0,18
84734,-0.0283224400871459,0.0,0,0,18
65163,-0.0369781312127236,0.0,0,0,18
80004,-0.09,0.0,0,0,18
18091,0.0478617955253468,0.0,0,0,18
10530,-0.0069790628115651,0.0,0,0,18
77897,0.0524987380111057,0.0,0,0,18
55213,0.1343840729987557,-0.0,0,0,18
83918,0.0548104956268222,-0.0,0,0,18
40416,0.0526641883519205,0.0,0,0,18
37832,0.3529411764705883,-0.0,0,0,18
13603,0.3352601156069363,-0.0,0,0,18
76686,0.3317399617590821,-0.0,0,0,18
81743,0.2167300380228136,-0.0,0,0,18
79791,0.215686274509804,-0.0,0,0,18
50550,0.2084548104956267,-0.0,0,0,18
80798,0.2020997375328082,-0.0,0,0,18
11185,0.1878048780487806,-0.0,0,0,18
76207,0.1821186840862585,-0.0,0,0,18
84555,0.335131490222522,-0.0,0,0,18
58560,0.1438596491228068,-0.0,0,0,18
77420,0.1432038834951456,-0.0,0,0,18
80034,0.1296784396415393,-0.0,0,0,18
15456,0.1049382716049383,-0.0,0,0,18
75058,0.0861040068201193,-0.0,0,0,18
34228,0.0841463414634147,-0.0,0,0,18
62033,0.0630081300813008,-0.0,0,0,18
83720,0.0592532467532467,-0.0,0,0,18
75897,0.1761744966442953,-0.0,0,0,18
76653,0.0591672753834915,-0.0,0,0,18
83799,0.0140641158221301,0.0,0,0,19
59871,0.0127659574468084,0.0,0,0,19
82685,0.0092307692307691,0.0,0,0,19
84639,0.0072048228201733,0.0,0,0,19
81028,0.0071428571428571,0.0,0,0,19
86322,0.0010960906101569,0.0,0,0,19
90705,-0.0099009900990097,0.0,0,0,19
84730,-0.0022222222222221,0.0,0,0,19
81491,-0.0070298769771529,0.0,0,0,19
75993,-0.0104031209362809,0.0,0,0,19
75998,-0.0115056818181819,0.0,0,0,19
80544,-0.0116226071103009,0.0,0,0,19
10383,0.0270774976657328,0.0,0,0,19
11481,-0.0001801477211313,0.0,0,0,19
83529,0.0335256938719428,0.0,0,0,19
75286,0.0749375520399666,0.0,0,0,19
85739,0.0391459074733095,0.0,0,0,19
80309,0.0877936080092414,0.0,0,0,19
85755,0.0875975715524717,0.0,0,0,19
84723,0.0833333333333332,0.0,0,0,19
75866,0.0817021276595746,0.0,0,0,19
85314,0.0804066543438077,0.0,0,0,19
79500,0.0775623268698062,0.0,0,0,19
11174,0.0338471849865953,0.0,0,0,19
77207,-0.0139449541284403,0.0,0,0,19
76627,0.0663615560640731,0.0,0,0,19
83861,0.0654827968923419,0.0,0,0,19
80928,0.0641509433962264,0.0,0,0,19
61138,0.0595133391967166,0.0,0,0,19
86006,0.0568638713383111,0.0,0,0,19
79785,0.0490889389067523,0.0,0,0,19
81691,0.0671936758893281,0.0,0,0,19
77630,-0.0144356955380577,0.0,0,0,19
81850,-0.054054054054054,0.0,0,0,19
78955,-0.0235849056603774,0.0,0,0,19
86945,-0.3853211009174312,1.0,1,0,19
79795,-0.1562125449460647,0.0,0,0,19
77830,-0.1578051892811569,0.0,0,0,19
87261,-0.1707387180224201,0.0,0,0,19
80378,-0.1769107429182256,0.0,0,0,19
85804,-0.1801242236024844,0.0,0,0,19
80439,-0.1259914582062233,0.0,0,0,19
81566,-0.1923444976076554,0.0,0,0,19
82281,-0.2532981530343008,0.0,0,0,19
86991,-0.2883895131086142,0.0,0,0,19
84010,-0.3185623851337553,0.0,0,0,19
10404,-0.3279999999999999,1.0,1,0,19
80942,-0.3497222222222222,1.0,1,0,19
82285,0.088132635253054,0.0,0,0,19
87075,-0.2498017446471054,0.0,0,0,19
85333,-0.0196078431372548,0.0,0,0,19
85205,-0.1256830601092896,0.0,0,0,19
82539,-0.1041666666666666,0.0,0,0,19
38295,-0.0295169946332737,0.0,0,0,19
86783,-0.0296143250688705,0.0,0,0,19
80670,-0.0322388059701491,0.0,0,0,19
11132,-0.0331288343558281,0.0,0,0,19
86525,-0.0332197614991482,0.0,0,0,19
12260,-0.0346534653465346,0.0,0,0,19
11396,-0.1082802547770701,0.0,0,0,19
84517,-0.0353471342064498,0.0,0,0,19
12190,-0.0612612612612611,0.0,0,0,19
75477,-0.0656626506024097,0.0,0,0,19
76931,-0.0684588934041887,0.0,0,0,19
75755,-0.0712468193384223,0.0,0,0,19
84317,-0.0728155339805826,0.0,0,0,19
86122,-0.1038062283737024,0.0,0,0,19
80274,-0.044820717131474,0.0,0,0,19
83699,0.0894814814814815,0.0,0,0,19
15991,-0.1409090909090909,0.0,0,0,19
86435,0.0928074245939676,-0.0,0,0,19
76847,0.3032128514056225,-0.0,0,0,19
79612,0.3,-0.0,0,0,19
86062,0.299009230248116,-0.0,0,0,19
77074,0.2921236291126621,-0.0,0,0,19
80279,0.280487804878049,-0.0,0,0,19
79420,0.2766587677725118,-0.0,0,0,19
79167,0.3096139288417865,-0.0,0,0,19
86544,0.2763351298383145,-0.0,0,0,19
85306,0.2524999999999999,-0.0,0,0,19
20504,0.242156862745098,-0.0,0,0,19
76856,0.2395061728395062,-0.0,0,0,19
77900,0.2358175750834259,-0.0,0,0,19
78868,0.2290640394088672,-0.0,0,0,19
87172,0.2056074766355138,-0.0,0,0,19
80054,0.2663967611336033,-0.0,0,0,19
11379,0.2029769959404601,-0.0,0,0,19
85845,0.31,-0.0,0,0,19
81293,0.3235955056179775,-0.0,0,0,19
88867,0.0916512059369203,-0.0,0,0,19
92399,1.0264623955431755,-1.0,0,-1,19
85372,0.9125596184419712,-1.0,0,-1,19
77184,0.8271604938271606,-1.0,0,-1,19
10659,0.6393280632411069,-0.0,0,0,19
77165,0.6149506346967561,-0.0,0,0,19
84559,0.321026824343813,-0.0,0,0,19
79577,0.6021361815754338,-0.0,0,0,19
86249,0.3744058500914078,-0.0,0,0,19
76371,0.3739376770538245,-0.0,0,0,19
24193,0.3726315789473684,-0.0,0,0,19
84247,0.3703703703703704,-0.0,0,0,19
83889,0.3680000000000001,-0.0,0,0,19
81214,0.3457207207207204,-0.0,0,0,19
60354,0.4130925507900678,-0.0,0,0,19
10691,0.2029141932002156,-0.0,0,0,19
42550,0.2798092209856917,-0.0,0,0,19
86211,0.1959121548162643,-0.0,0,0,19
81010,0.1168465509150633,-0.0,0,0,19
87581,0.1165978530140381,-0.0,0,0,19
83383,0.1162695152013146,-0.0,0,0,19
10051,0.1107491856677524,-0.0,0,0,19
74203,0.1097804391217565,-0.0,0,0,19
79252,0.1067073170731707,-0.0,0,0,19
70674,0.1172638436482083,-0.0,0,0,19
78193,0.1064162754303601,-0.0,0,0,19
82287,0.1963470319634703,-0.0,0,0,19
84211,0.1037253469685901,-0.0,0,0,19
85034,0.0979336060904241,-0.0,0,0,19
75494,0.096938775510204,-0.0,0,0,19
86913,0.0966415352981493,-0.0,0,0,19
84062,0.0936170212765956,-0.0,0,0,19
83390,0.1060546102097348,-0.0,0,0,19
78008,0.1243063263041066,-0.0,0,0,19
87100,0.1046578493387004,-0.0,0,0,19
32651,0.1259541984732823,-0.0,0,0,19
79411,0.1252196836555359,-0.0,0,0,19
64961,0.18955223880597,-0.0,0,0,19
79065,0.1823529411764708,-0.0,0,0,19
79150,0.1805309734513274,-0.0,0,0,19
86489,0.1770911831198192,-0.0,0,0,19
11887,0.1720588235294118,-0.0,0,0,19
79283,0.1710037174721188,-0.0,0,0,19
84784,0.1771501925545571,-0.0,0,0,19
85158,0.1522727272727273,-0.0,0,0,19
78071,0.1489044697633654,-0.0,0,0,19
85486,0.1442719486081369,-0.0,0,0,19
82552,0.1385586209550193,-0.0,0,0,19
67847,0.130815544608648,-0.0,0,0,19
86042,0.1662531017369726,-0.0,0,0,19
78145,0.1297297297297295,-0.0,0,0,19
85744,-0.0100323624595468,0.0,0,0,20
75962,-0.0029498525073746,0.0,0,0,20
63335,0.0,0.0,0,0,20
79518,0.001311475409836,0.0,0,0,20
81665,0.0090361445783133,0.0,0,0,20
11442,0.0195960205004521,0.0,0,0,20
10259,-0.0173410404624277,0.0,0,0,20
16715,0.0369565217391303,0.0,0,0,20
82156,0.0055555555555555,0.0,0,0,20
76695,-0.0229212387222628,0.0,0,0,20
84649,-0.1895833333333333,0.0,0,0,20
80658,-0.0425531914893618,0.0,0,0,20
78077,-0.0474947807933193,0.0,0,0,20
76310,-0.0587628865979382,0.0,0,0,20
85223,-0.08,0.0,0,0,20
11881,-0.0813333333333333,0.0,0,0,20
87105,-0.1202614379084967,0.0,0,0,20
79066,-0.2096153846153845,0.0,0,0,20
85405,-0.2285714285714285,0.0,0,0,20
43634,-0.2291666666666666,0.0,0,0,20
84323,0.0438356164383562,0.0,0,0,20
54798,-0.027195027195027,0.0,0,0,20
86226,0.0664335664335664,0.0,0,0,20
82618,0.2649089767733834,-0.0,0,0,20
85675,0.0902756740381702,-0.0,0,0,20
76582,0.0737577639751552,0.0,0,0,20
83709,0.6065940206761664,-0.0,0,0,20
79950,0.5358490566037737,-0.0,0,0,20
66472,0.4384133611691021,-0.0,0,0,20
86728,0.3498168498168499,-0.0,0,0,20
91265,0.339920948616601,-0.0,0,0,20
79156,0.3388888888888888,-0.0,0,0,20
86338,0.3130504403522816,-0.0,0,0,20
84117,0.2255033557046981,-0.0,0,0,20
83726,0.2192513368983955,-0.0,0,0,20
80778,0.4820143884892085,-0.0,0,0,20
81624,0.2111716621253407,-0.0,0,0,20
76943,0.2114285714285715,-0.0,0,0,20
86763,0.0976890756302519,-0.0,0,0,20
82762,0.1121495327102803,-0.0,0,0,20
77868,0.1278195488721805,-0.0,0,0,20
82307,0.1027332704995287,-0.0,0,0,20
80193,0.1789099526066349,-0.0,0,0,20
85729,0.1824539097266371,-0.0,0,0,20
38149,0.1957593688362917,-0.0,0,0,20
82231,0.1714285714285714,-0.0,0,0,20
81124,0.0906666666666666,-0.0,0,0,20
84203,0.0060558702871655,0.0,0,0,21
60898,0.0262548262548263,0.0,0,0,21
55467,0.0057725933555294,0.0,0,0,21
75825,0.0095831336847149,0.0,0,0,21
83344,0.0101522842639594,0.0,0,0,21
85829,0.0232288037166086,0.0,0,0,21
87039,0.0247191011235954,0.0,0,0,21
11394,0.0256410256410257,0.0,0,0,21
78956,0.0381291306558211,0.0,0,0,21
84131,0.0297029702970297,0.0,0,0,21
56040,0.0335483870967741,0.0,0,0,21
10812,0.0341382181515403,0.0,0,0,21
57568,0.0407407407407407,0.0,0,0,21
70965,0.0456,0.0,0,0,21
84756,0.0475471698113207,0.0,0,0,21
61743,0.0057299451918284,0.0,0,0,21
77520,0.0501750291715286,0.0,0,0,21
47423,0.0288461538461537,0.0,0,0,21
86034,0.0056737588652482,0.0,0,0,21
85717,-0.0203966005665722,0.0,0,0,21
21178,0.0045503791982666,0.0,0,0,21
57665,0.0506412364353829,0.0,0,0,21
79517,-0.0842131107291922,0.0,0,0,21
85440,-0.0693405846363018,0.0,0,0,21
10629,-0.0455072463768115,0.0,0,0,21
79994,-0.0399999999999999,0.0,0,0,21
10443,-0.0395348837209302,0.0,0,0,21
15077,-0.0329732802728822,0.0,0,0,21
78867,-0.0245901639344261,0.0,0,0,21
83373,-0.02088772845953,0.0,0,0,21
11600,-0.0202943800178413,0.0,0,0,21
86189,-0.0148883374689826,0.0,0,0,21
51596,-0.0085169413071654,0.0,0,0,21
68233,-0.0058823529411763,0.0,0,0,21
86259,-0.0052502625131256,0.0,0,0,21
80987,-0.003966679888933,0.0,0,0,21
34833,0.0008515469770082,0.0,0,0,21
58501,0.0041608876560332,0.0,0,0,21
39490,0.0054802422843955,0.0,0,0,21
39765,0.0515402843601895,0.0,0,0,21
83821,0.1142061281337047,-0.0,0,0,21
80808,0.0587808417997097,-0.0,0,0,21
80549,0.1149048846770259,-0.0,0,0,21
37402,0.1221238938053097,-0.0,0,0,21
11790,0.1357142857142856,-0.0,0,0,21
19350,0.1371224910898516,-0.0,0,0,21
83828,0.1433747412008281,-0.0,0,0,21
14868,0.1454693877551018,-0.0,0,0,21
56784,0.154233870967742,-0.0,0,0,21
26607,0.1610738255033557,-0.0,0,0,21
32934,0.1671348314606739,-0.0,0,0,21
60628,0.1758497594288375,-0.0,0,0,21
75900,0.1789949181253527,-0.0,0,0,21
53480,0.1936910377358489,-0.0,0,0,21
89763,0.2028301886792451,-0.0,0,0,21
85304,0.2558453237410072,-0.0,0,0,21
38172,0.2672897196261683,-0.0,0,0,21
80416,0.7744783306581058,-0.0,0,0,21
66617,0.0556492411467115,0.0,0,0,21
10656,0.1137980085348506,-0.0,0,0,21
27043,0.1123869171885874,-0.0,0,0,21
10294,0.1345945945945945,-0.0,0,0,21
64637,0.1075949367088606,-0.0,0,0,21
80568,0.061503416856492,-0.0,0,0,21
31691,0.062309368191721,-0.0,0,0,21
80336,0.062475442043222,-0.0,0,0,21
66050,0.0641139804096171,-0.0,0,0,21
58756,0.0676521739130435,-0.0,0,0,21
76702,0.1090573012939002,-0.0,0,0,21
62958,0.0708702449192286,-0.0,0,0,21
85752,0.0755017301038063,-0.0,0,0,21
73139,0.0770150046474571,-0.0,0,0,21
47707,0.0687022900763358,-0.0,0,0,21
84176,0.0917743830787309,-0.0,0,0,21
87049,0.098116169544741,-0.0,0,0,21
79611,0.0981735159817351,-0.0,0,0,21
83162,0.0983894582723279,-0.0,0,0,21
47133,0.1007751937984495,-0.0,0,0,21
83558,0.1017918414029737,-0.0,0,0,21
84313,0.1028296286524634,-0.0,0,0,21
84837,0.0796460176991149,-0.0,0,0,21
80310,0.0380952380952381,0.0,0,0,22
86838,-0.28,1.0,1,0,22
86051,-0.0562248995983936,0.0,0,0,22
79704,-0.1666666666666666,0.0,0,0,22
86198,-0.2427536231884057,0.0,0,0,22
59110,-0.184549356223176,0.0,0,0,22
87103,-0.188,0.0,0,0,22
77624,-0.25,0.0,0,0,22
84326,0.0440835266821346,0.0,0,0,22
84525,-0.1696750902527076,0.0,0,0,22
83651,0.0443974630021142,0.0,0,0,22
78073,0.0211267605633802,0.0,0,0,22
87362,0.1111111111111109,-0.0,0,0,22
86595,0.0526315789473683,-0.0,0,0,22
86850,0.4905660377358489,-0.0,0,0,22
83702,0.4000000000000001,-0.0,0,0,22
86996,0.2920634920634921,-0.0,0,0,22
87165,0.2644927536231884,-0.0,0,0,22
86990,2.0902612826603324,-1.0,0,-1,22
10362,0.2316176470588236,-0.0,0,0,22
82201,0.1474358974358973,-0.0,0,0,22
87138,0.1235294117647058,-0.0,0,0,22
84281,0.1176040905770636,-0.0,0,0,22
89771,0.2527472527472525,-0.0,0,0,22
40061,0.0371717171717171,0.0,0,0,23
75654,0.0216894977168948,0.0,0,0,23
77453,0.0219101123595506,0.0,0,0,23
62296,0.0242537313432835,0.0,0,0,23
53082,0.0279001468428781,0.0,0,0,23
81595,0.0290334435869163,0.0,0,0,23
49227,0.0329670329670328,0.0,0,0,23
27748,0.0337391304347824,0.0,0,0,23
21936,0.0401579986833444,0.0,0,0,23
84032,0.0512679162072766,0.0,0,0,23
31500,0.0418160095579451,0.0,0,0,23
80599,0.0422698320787493,0.0,0,0,23
85255,0.0459701492537312,0.0,0,0,23
83275,0.0492081447963801,0.0,0,0,23
15472,0.0198915009041591,0.0,0,0,23
80023,0.0544959128065396,0.0,0,0,23
43449,0.0620220900594732,0.0,0,0,23
80485,0.0657142857142856,0.0,0,0,23
10108,0.0661345496009122,0.0,0,0,23
64390,0.0678628273766459,0.0,0,0,23
44601,0.0407759303246237,0.0,0,0,23
12490,0.0130193592211027,0.0,0,0,23
29532,-0.0080808080808081,0.0,0,0,23
20117,0.0095238095238094,0.0,0,0,23
29736,0.0705705705705705,0.0,0,0,23
81048,-0.2727272727272728,0.0,0,0,23
85311,-0.2063721940622737,0.0,0,0,23
77575,-0.136716727084412,0.0,0,0,23
77546,-0.1066066066066065,0.0,0,0,23
82171,-0.0978260869565216,0.0,0,0,23
79799,-0.0930966469428009,0.0,0,0,23
79922,-0.0568149210903874,0.0,0,0,23
54181,-0.0479808944854537,0.0,0,0,23
10586,-0.0449612403100775,0.0,0,0,23
76240,-0.0398009950248755,0.0,0,0,23
33612,-0.0371845949535193,0.0,0,0,23
79407,-0.0291666666666665,0.0,0,0,23
22913,-0.0222222222222222,0.0,0,0,23
77461,-0.0189393939393939,0.0,0,0,23
75228,-0.0173469387755101,0.0,0,0,23
83789,-0.0142021720969088,0.0,0,0,23
87140,-0.2746575342465753,0.0,0,0,23
85567,-0.0031520882584711,0.0,0,0,23
59184,-0.0016214025131739,0.0,0,0,23
51263,0.0004610419548178,0.0,0,0,23
90537,0.0100029420417768,0.0,0,0,23
20248,0.0711956521739132,0.0,0,0,23
87055,0.1380417335473516,-0.0,0,0,23
11308,0.0800744878957169,-0.0,0,0,23
77502,0.1322834645669293,-0.0,0,0,23
17005,0.1326464906632325,-0.0,0,0,23
84168,0.1340996168582375,-0.0,0,0,23
10890,0.1352549889135255,-0.0,0,0,23
12140,0.1394389438943895,-0.0,0,0,23
78083,0.1412151067323481,-0.0,0,0,23
86813,0.14183637013219,-0.0,0,0,23
81110,0.1444805194805194,-0.0,0,0,23
76764,0.1535999999999999,-0.0,0,0,23
79289,0.1313750806972238,-0.0,0,0,23
77918,0.1565217391304347,-0.0,0,0,23
84381,0.1828571428571428,-0.0,0,0,23
80812,0.1846153846153846,-0.0,0,0,23
20618,0.2056902985074626,-0.0,0,0,23
56363,0.2596658711217183,-0.0,0,0,23
29639,0.2735849056603774,-0.0,0,0,23
35991,0.2888459058671824,-0.0,0,0,23
77235,0.2893617021276595,-0.0,0,0,23
83969,0.3169398907103826,-0.0,0,0,23
74740,0.0714285714285714,-0.0,0,0,23
23660,0.1569845987570928,-0.0,0,0,23
57904,0.1294117647058823,-0.0,0,0,23
11786,0.2670289855072463,-0.0,0,0,23
72128,0.1255474452554745,-0.0,0,0,23
18244,0.0807465618860512,-0.0,0,0,23
54245,0.126629422718808,-0.0,0,0,23
52090,0.0809628008752734,-0.0,0,0,23
76999,0.0830788026878435,-0.0,0,0,23
23915,0.0841584158415842,-0.0,0,0,23
79528,0.0853586247777118,-0.0,0,0,23
69032,0.0873959571938167,-0.0,0,0,23
75233,0.09375,-0.0,0,0,23
39731,0.0948275862068965,-0.0,0,0,23
33603,0.0960144927536232,-0.0,0,0,23
86756,0.0830903790087465,-0.0,0,0,23
52476,0.0974405029187248,-0.0,0,0,23
54827,0.0979706088173548,-0.0,0,0,23
24572,0.1047120418848166,-0.0,0,0,23
11510,0.1059907834101383,-0.0,0,0,23
32678,0.125,-0.0,0,0,23
89456,0.1071682044002839,-0.0,0,0,23
86307,0.1193210184722914,-0.0,0,0,23
50876,0.1215488215488216,-0.0,0,0,23
82642,0.0964809384164222,-0.0,0,0,23
76868,0.1246200607902736,-0.0,0,0,23
80179,0.029527968392597,0.0,0,0,24
85996,0.03042071197411,0.0,0,0,24
66967,0.0332080200501252,0.0,0,0,24
27888,0.0410958904109588,0.0,0,0,24
84250,0.0416666666666665,0.0,0,0,24
79200,0.0419847328244276,0.0,0,0,24
76266,0.0451295799821269,0.0,0,0,24
80127,0.0432016075016743,0.0,0,0,24
43772,0.0437923250564336,0.0,0,0,24
53604,0.0455550641309154,0.0,0,0,24
11389,0.0459183673469387,0.0,0,0,24
86382,0.0461240310077517,0.0,0,0,24
86253,0.0172413793103447,0.0,0,0,24
77643,0.0486322188449848,0.0,0,0,24
35167,0.0424413904607923,0.0,0,0,24
81702,0.0122850122850122,0.0,0,0,24
11404,-0.0071148184494602,0.0,0,0,24
90086,0.0049504950495049,0.0,0,0,24
35263,0.0493918171765572,0.0,0,0,24
10290,-0.0438144329896906,0.0,0,0,24
23114,-0.0305892937471884,0.0,0,0,24
13507,-0.0232686654908876,0.0,0,0,24
13821,-0.0224746254229095,0.0,0,0,24
51423,-0.0203145478374836,0.0,0,0,24
87146,-0.0168421052631578,0.0,0,0,24
84365,-0.0100276625172891,0.0,0,0,24
22437,-0.0045454545454546,0.0,0,0,24
76489,-0.0033333333333332,0.0,0,0,24
24360,-0.0031356898517673,0.0,0,0,24
51633,-0.0008467400508044,0.0,0,0,24
78950,-0.0007012622720897,0.0,0,0,24
58334,0.0,0.0,0,0,24
26614,0.0021136063408189,0.0,0,0,24
89440,0.0108695652173913,0.0,0,0,24
12781,0.049611255090707,0.0,0,0,24
23085,0.0011678832116788,0.0,0,0,24
52840,0.0569999999999999,-0.0,0,0,24
85656,0.1022727272727272,-0.0,0,0,24
10271,0.1028011966276853,-0.0,0,0,24
65307,0.1064318529862173,-0.0,0,0,24
86685,0.1071563801590305,-0.0,0,0,24
53225,0.1088871729323308,-0.0,0,0,24
85749,0.1122047244094488,-0.0,0,0,24
79824,0.1309523809523809,-0.0,0,0,24
86566,0.1325,-0.0,0,0,24
82575,0.1401824291886702,-0.0,0,0,24
48514,0.1491108071135432,-0.0,0,0,24
58608,0.1626838235294117,-0.0,0,0,24
84403,0.0520857340401013,-0.0,0,0,24
69199,0.1940768746061751,-0.0,0,0,24
44688,0.1997077447637603,-0.0,0,0,24
27430,0.2388153749212351,-0.0,0,0,24
83414,0.1020470516345861,-0.0,0,0,24
48960,0.0992503748125934,-0.0,0,0,24
82573,0.1636276391554703,-0.0,0,0,24
25129,0.0944,-0.0,0,0,24
11691,0.0987306064880113,-0.0,0,0,24
86861,0.0570841889117041,-0.0,0,0,24
75550,0.0613861386138614,-0.0,0,0,24
78829,0.0631757472970107,-0.0,0,0,24
23182,0.0636998254799301,-0.0,0,0,24
84669,0.0655270655270654,-0.0,0,0,24
10304,0.0731319554848966,-0.0,0,0,24
44329,0.0594059405940594,-0.0,0,0,24
79254,0.0772989782318969,-0.0,0,0,24
56611,0.077757685352622,-0.0,0,0,24
23026,0.0780564263322884,-0.0,0,0,24
55781,0.0850874592351025,-0.0,0,0,24
15318,0.088413829506466,-0.0,0,0,24
11634,0.0908408408408407,-0.0,0,0,24
71563,0.0768588137009191,-0.0,0,0,24
76202,0.0920329670329669,-0.0,0,0,24
85913,0.0039507320474088,0.0,0,0,25
58755,0.0090004737091426,0.0,0,0,25
24440,0.0097388224878263,0.0,0,0,25
62092,0.0129032258064516,0.0,0,0,25
18411,0.0153321976149913,0.0,0,0,25
52329,0.0270509977827051,0.0,0,0,25
54818,0.0270270270270271,0.0,0,0,25
62034,0.0283421118635567,0.0,0,0,25
76123,0.029925187032419,0.0,0,0,25
25582,0.0399552947750767,0.0,0,0,25
45348,0.0025706940874037,0.0,0,0,25
53575,0.0250000000000001,0.0,0,0,25
50227,0.0024246622791825,0.0,0,0,25
52898,-0.0191029900332224,0.0,0,0,25
86758,-0.0009596928982725,0.0,0,0,25
58771,-0.0024509803921567,0.0,0,0,25
83547,-0.005611672278339,0.0,0,0,25
64194,-0.0070323488045006,0.0,0,0,25
77828,-0.0100840336134453,0.0,0,0,25
80446,-0.0166587339362208,0.0,0,0,25
81292,-0.0206709589969502,0.0,0,0,25
76830,-0.0257352941176469,0.0,0,0,25
23712,-0.0269047619047619,0.0,0,0,25
11891,-0.0287277701778384,0.0,0,0,25
60943,-0.0342117429496069,0.0,0,0,25
31078,-0.057017543859649,0.0,0,0,25
85374,0.0004132231404958,0.0,0,0,25
35051,0.0427807486631015,0.0,0,0,25
20395,0.0494476591267751,-0.0,0,0,25
86157,0.0475000000000001,-0.0,0,0,25
76887,0.0444444444444442,0.0,0,0,25
27334,0.3147638697845025,-0.0,0,0,25
12211,0.153731343283582,-0.0,0,0,25
84763,0.146484375,-0.0,0,0,25
41355,0.1402684563758387,-0.0,0,0,25
29612,0.1348766985405132,-0.0,0,0,25
11293,0.1297872340425532,-0.0,0,0,25
43350,0.1294037940379404,-0.0,0,0,25
83551,0.1190554280091833,-0.0,0,0,25
48961,0.1111111111111111,-0.0,0,0,25
85875,0.1029333974513104,-0.0,0,0,25
73219,0.0998062015503875,-0.0,0,0,25
84129,0.0948383639935701,-0.0,0,0,25
66157,0.1346394330971239,-0.0,0,0,25
41929,0.0926677067082686,-0.0,0,0,25
80128,0.0510358767054068,-0.0,0,0,25
77501,0.0929648241206031,-0.0,0,0,25
47802,0.0619785458879618,-0.0,0,0,25
85645,0.0640502354788068,-0.0,0,0,25
65787,0.0686274509803921,-0.0,0,0,25
32870,0.0744125326370757,-0.0,0,0,25
86548,0.0663461538461538,-0.0,0,0,25
75509,0.0772307692307692,-0.0,0,0,25
86804,0.0782608695652173,-0.0,0,0,25
42906,0.0881612090680101,-0.0,0,0,25
79113,0.0889132821075742,-0.0,0,0,25
34649,0.0913461538461537,-0.0,0,0,25
83641,0.0359589041095891,0.0,0,0,27
65939,0.0318453227182256,0.0,0,0,27
62834,0.032887603903144,0.0,0,0,27
86543,0.0348042262274703,0.0,0,0,27
27633,0.0231923601637107,0.0,0,0,27
76060,0.0366465863453813,0.0,0,0,27
52716,0.0551222970577809,0.0,0,0,27
77415,0.0395061728395063,0.0,0,0,27
50789,0.0442975206611571,0.0,0,0,27
85978,0.048494983277592,0.0,0,0,27
42796,0.0508988520684428,0.0,0,0,27
11208,0.0560593569661995,0.0,0,0,27
37807,0.022508038585209,0.0,0,0,27
86531,0.0391686650679456,0.0,0,0,27
10002,0.0218543046357615,0.0,0,0,27
86516,-0.1480978260869566,0.0,0,0,27
76960,0.0177021867407149,0.0,0,0,27
85950,0.0171428571428571,0.0,0,0,27
55511,0.0085592011412269,0.0,0,0,27
47642,0.0033444816053511,0.0,0,0,27
15553,-0.0007099751508697,0.0,0,0,27
25304,-0.0041590850012995,0.0,0,0,27
48523,-0.0047619047619047,0.0,0,0,27
11705,-0.0067665538907685,0.0,0,0,27
84738,-0.0192407696307852,0.0,0,0,27
85994,-0.0523525513585154,0.0,0,0,27
86136,-0.0531335149863759,0.0,0,0,27
48347,-0.09009009009009,0.0,0,0,27
23835,-0.3300769686204855,0.0,0,0,27
15070,0.0561322568242983,0.0,0,0,27
89915,0.0178571428571427,0.0,0,0,27
85832,0.0579514824797844,0.0,0,0,27
76684,0.1592705167173251,-0.0,0,0,27
86351,0.0592967225518696,-0.0,0,0,27
23916,0.1815149136577707,-0.0,0,0,27
88015,0.1626311541565777,-0.0,0,0,27
77528,0.0589473684210526,0.0,0,0,27
11397,0.1578508954602249,-0.0,0,0,27
86965,0.1405109489051093,-0.0,0,0,27
82107,0.1254496402877698,-0.0,0,0,27
65509,0.1241237113402062,-0.0,0,0,27
39693,0.1240369799691833,-0.0,0,0,27
86299,0.119191919191919,-0.0,0,0,27
85922,0.1143578643578644,-0.0,0,0,27
80112,0.1117647058823527,-0.0,0,0,27
20415,0.1096433289299867,-0.0,0,0,27
24248,0.1033601168736304,-0.0,0,0,27
82607,0.0971128608923883,-0.0,0,0,27
45728,0.0915380521554019,-0.0,0,0,27
85072,0.1334824757643549,-0.0,0,0,27
43553,0.0909791827293755,-0.0,0,0,27
12073,0.0913333333333334,-0.0,0,0,27
77783,0.0604770017035773,-0.0,0,0,27
84749,0.0696734059097978,-0.0,0,0,27
35044,0.0729927007299269,-0.0,0,0,27
59089,0.0738916256157635,-0.0,0,0,27
41371,0.0754716981132075,-0.0,0,0,27
85789,0.07351598173516,-0.0,0,0,27
10777,0.0785241248817407,-0.0,0,0,27
62308,0.0797244094488189,-0.0,0,0,27
11018,0.0829268292682925,-0.0,0,0,27
86574,0.0845070422535212,-0.0,0,0,27
27254,0.0854700854700853,-0.0,0,0,27
84389,0.0867924528301886,-0.0,0,0,27
25099,0.0759708737864075,-0.0,0,0,27
86949,0.0148247978436657,0.0,0,0,28
79971,0.0417607223476299,0.0,0,0,28
84280,0.0230179028132992,0.0,0,0,28
85005,0.0280373831775702,0.0,0,0,28
86284,0.0357142857142858,0.0,0,0,28
76797,0.0358126721763083,0.0,0,0,28
85571,0.0396964389959135,0.0,0,0,28
11663,0.04,0.0,0,0,28
86356,0.0426920208799403,0.0,0,0,28
14323,0.0910596026490067,0.0,0,0,28
12008,0.0598332515939186,0.0,0,0,28
85923,0.0666666666666666,0.0,0,0,28
79094,0.0690978886756237,0.0,0,0,28
11636,0.0762331838565022,0.0,0,0,28
83163,0.0813725490196077,0.0,0,0,28
76598,0.0882731958762887,0.0,0,0,28
81588,0.0914285714285714,0.0,0,0,28
83478,0.10062893081761,0.0,0,0,28
48696,0.0134357005758158,0.0,0,0,28
11473,0.046296296296296,0.0,0,0,28
11154,0.0079550772110434,0.0,0,0,28
78894,-0.0972222222222223,0.0,0,0,28
81696,-0.0015661707126077,0.0,0,0,28
76934,-0.2421052631578947,1.0,1,0,28
77837,-0.2254901960784312,1.0,1,0,28
87023,-0.2188069594034797,0.0,0,0,28
76614,-0.2167515563101302,0.0,0,0,28
79797,-0.1366906474820143,0.0,0,0,28
85356,0.1018181818181818,0.0,0,0,28
77327,-0.0880503144654089,0.0,0,0,28
76807,-0.084131736526946,0.0,0,0,28
91708,-0.0808080808080807,0.0,0,0,28
55589,-0.0720720720720721,0.0,0,0,28
40970,-0.0704225352112675,0.0,0,0,28
68742,-0.0672853828306264,0.0,0,0,28
75033,-0.0445859872611464,0.0,0,0,28
85245,-0.0380952380952381,0.0,0,0,28
11315,-0.0374999999999999,0.0,0,0,28
77274,-0.0265881513204854,0.0,0,0,28
79148,-0.0155038759689922,0.0,0,0,28
86003,-0.0129935032483758,0.0,0,0,28
81698,-0.0039525691699605,0.0,0,0,28
86200,0.0019801980198019,0.0,0,0,28
90609,0.1075471698113208,0.0,0,0,28
84348,0.1003363228699552,0.0,0,0,28
75510,0.1109418634171108,-0.0,0,0,28
79613,0.2413793103448278,-0.0,0,0,28
86158,0.2449259462424575,-0.0,0,0,28
75100,0.2710956335387089,-0.0,0,0,28
85523,0.2857142857142858,-0.0,0,0,28
82488,0.2875695732838592,-0.0,0,0,28
48486,0.2932973459289247,-0.0,0,0,28
83377,0.3,-0.0,0,0,28
83822,0.3258426966292136,-0.0,0,0,28
37284,0.3475177304964538,-0.0,0,0,28
85458,0.3734662576687118,-0.0,0,0,28
75881,0.374827109266943,-0.0,0,0,28
14059,0.3774834437086092,-0.0,0,0,28
81256,0.4190954773869346,-0.0,0,0,28
80557,0.4255725190839694,-0.0,0,0,28
77326,0.4893617021276597,-0.0,0,0,28
80932,0.5409090909090908,-0.0,0,0,28
77610,0.1097208854667948,-0.0,0,0,28
77993,0.8675324675324676,-1.0,0,-1,28
85985,0.9782608695652172,-1.0,0,-1,28
25786,0.2290076335877862,-0.0,0,0,28
10302,0.2138009049773757,-0.0,0,0,28
12214,0.5629139072847682,-0.0,0,0,28
20336,0.2041309602285212,-0.0,0,0,28
84409,0.1157999999999999,-0.0,0,0,28
84229,0.1262135922330096,-0.0,0,0,28
84625,0.1287553648068669,-0.0,0,0,28
84768,0.1328903654485052,-0.0,0,0,28
80679,0.1336652623515895,-0.0,0,0,28
82686,0.1373700858563038,-0.0,0,0,28
83299,0.1429725363489498,-0.0,0,0,28
42922,0.1473214285714283,-0.0,0,0,28
80820,0.148507462686567,-0.0,0,0,28
70616,0.1374407582938388,-0.0,0,0,28
80185,0.1650607457059068,-0.0,0,0,28
80266,0.1922995107423952,-0.0,0,0,28
61567,0.1542372881355931,-0.0,0,0,28
10299,0.1859170609518508,-0.0,0,0,28
85671,0.1775700934579438,-0.0,0,0,28
86055,0.2099378881987577,-0.0,0,0,28
11970,0.1728323699421965,-0.0,0,0,28
83145,0.1670378619153674,-0.0,0,0,28
79417,0.1659722222222222,-0.0,0,0,28
69411,0.1772151898734177,-0.0,0,0,28
85685,0.0329218106995883,0.0,0,0,29
27983,0.023391812865497,0.0,0,0,29
10272,0.0242192479286169,0.0,0,0,29
77007,0.0245901639344263,0.0,0,0,29
30648,0.026073619631902,0.0,0,0,29
77099,0.032258064516129,0.0,0,0,29
85770,0.0197568389057749,0.0,0,0,29
10421,0.0675519630484986,0.0,0,0,29
75730,0.0461329715061058,0.0,0,0,29
29050,0.0493468795355589,0.0,0,0,29
73681,0.0496098104793756,0.0,0,0,29
11607,0.0550874918988983,0.0,0,0,29
15560,0.055614220344949,0.0,0,0,29
77787,0.0599063962558503,0.0,0,0,29
81190,0.0606060606060605,0.0,0,0,29
34121,0.0175438596491226,0.0,0,0,29
85272,0.0373333333333334,0.0,0,0,29
77976,0.0123546511627907,0.0,0,0,29
77282,-0.0488798370672097,0.0,0,0,29
86935,0.012,0.0,0,0,29
57808,0.0702054794520548,0.0,0,0,29
84549,-0.320566037735849,1.0,1,0,29
25778,-0.099195710455764,0.0,0,0,29
82697,-0.091808686091259,0.0,0,0,29
85611,-0.0871985157699443,0.0,0,0,29
67010,-0.0803673938002297,0.0,0,0,29
80469,-0.0688644688644688,0.0,0,0,29
86735,-0.0650406504065039,0.0,0,0,29
86017,-0.0493827160493826,0.0,0,0,29
80236,-0.041733547351525,0.0,0,0,29
83965,-0.0383211678832118,0.0,0,0,29
45241,-0.0279883381924199,0.0,0,0,29
65700,-0.0248962655601659,0.0,0,0,29
76023,-0.0133333333333333,0.0,0,0,29
74580,-0.0096551724137931,0.0,0,0,29
10324,-0.0088533793996977,0.0,0,0,29
81483,0.001290322580645,0.0,0,0,29
41823,0.0121951219512197,0.0,0,0,29
35107,0.0769230769230768,0.0,0,0,29
37154,-0.1369240752757948,0.0,0,0,29
85059,0.0839895013123359,-0.0,0,0,29
86778,0.2008310249307479,-0.0,0,0,29
92583,0.202416918429003,-0.0,0,0,29
80316,0.2131578947368422,-0.0,0,0,29
33188,0.218181818181818,-0.0,0,0,29
77006,0.220381110190555,-0.0,0,0,29
65067,0.2358642972536349,-0.0,0,0,29
81925,0.29875,-0.0,0,0,29
83011,0.3094885100074127,-0.0,0,0,29
82261,0.3292682926829269,-0.0,0,0,29
11873,0.3418181818181818,-0.0,0,0,29
84605,0.3460000000000001,-0.0,0,0,29
53640,0.3678996036988111,-0.0,0,0,29
78987,0.3685308848080133,-0.0,0,0,29
46042,0.3756218905472639,-0.0,0,0,29
65270,0.444214876033058,-0.0,0,0,29
85390,0.7449275362318841,-1.0,0,-1,29
76372,0.0824571112340895,-0.0,0,0,29
11752,0.1870935467733867,-0.0,0,0,29
85358,0.1865384615384617,-0.0,0,0,29
87139,0.3630880579010858,-0.0,0,0,29
11618,0.1773894625364045,-0.0,0,0,29
46295,0.0873786407766989,-0.0,0,0,29
78818,0.1809045226130654,-0.0,0,0,29
83526,0.0909901873327385,-0.0,0,0,29
87717,0.0912790697674419,-0.0,0,0,29
79850,0.0951492537313432,-0.0,0,0,29
83291,0.1069258809234505,-0.0,0,0,29
47888,0.1126760563380282,-0.0,0,0,29
22198,0.125,-0.0,0,0,29
85702,0.0925925925925925,-0.0,0,0,29
85625,0.1260273972602741,-0.0,0,0,29
80926,0.1365461847389559,-0.0,0,0,29
76302,0.1480042387848816,-0.0,0,0,29
84047,0.1489260143198092,-0.0,0,0,29
10999,0.1497267759562841,-0.0,0,0,29
77971,0.161594513501929,-0.0,0,0,29
79712,0.1729032258064515,-0.0,0,0,29
79467,0.1255736337088027,-0.0,0,0,29
60871,0.1659652814308256,-0.0,0,0,29
78139,0.0485074626865671,0.0,0,0,30
73940,0.0451882845188285,0.0,0,0,30
16432,0.0441400304414003,0.0,0,0,30
22680,0.0391304347826089,0.0,0,0,30
15748,0.0323886639676112,0.0,0,0,30
19828,0.0347567030784508,0.0,0,0,30
89675,0.0318754633061526,0.0,0,0,30
48267,0.0278086763070077,0.0,0,0,30
83916,0.0494417862838916,0.0,0,0,30
83650,0.0206957287538529,0.0,0,0,30
82541,0.0358126721763085,0.0,0,0,30
79010,0.0549999999999999,0.0,0,0,30
76744,0.0666666666666666,0.0,0,0,30
33849,0.0562500000000001,0.0,0,0,30
86890,0.0606060606060605,0.0,0,0,30
85291,0.061095702180717,0.0,0,0,30
85190,0.0615384615384613,0.0,0,0,30
76128,0.0628930817610065,0.0,0,0,30
71395,0.0630434782608695,0.0,0,0,30
10104,0.064,0.0,0,0,30
53613,0.0685543964232489,0.0,0,0,30
21792,0.06979280261723,0.0,0,0,30
87119,0.0702341137123745,0.0,0,0,30
85240,0.0707070707070707,0.0,0,0,30
27959,0.0190903986524424,0.0,0,0,30
11917,0.0559897910352529,0.0,0,0,30
87081,0.016750418760469,0.0,0,0,30
28564,-0.1007311129163281,0.0,0,0,30
87043,0.0097402597402596,0.0,0,0,30
85463,-0.2561881188118812,0.0,0,0,30
82811,-0.2300578034682081,0.0,0,0,30
26657,-0.2293464858199753,0.0,0,0,30
86878,-0.1982142857142856,0.0,0,0,30
83304,-0.1637323943661971,0.0,0,0,30
10025,-0.1525423728813558,0.0,0,0,30
80852,-0.1155555555555555,0.0,0,0,30
86176,-0.1155115511551154,0.0,0,0,30
41574,-0.1038251366120219,0.0,0,0,30
87097,0.0727611940298507,0.0,0,0,30
10107,-0.0597122302158273,0.0,0,0,30
82640,-0.056140350877193,0.0,0,0,30
24951,-0.037889039242219,0.0,0,0,30
75912,-0.0253968253968254,0.0,0,0,30
82755,-0.0248911014312384,0.0,0,0,30
84254,-0.0179487179487178,0.0,0,0,30
85579,-0.0168067226890756,0.0,0,0,30
84026,-0.0132978723404254,0.0,0,0,30
82859,-0.0112781954887218,0.0,0,0,30
67432,-0.0105042016806722,0.0,0,0,30
78876,-0.008116883116883,0.0,0,0,30
86709,-0.0074274139095207,0.0,0,0,30
76691,-0.0044158972300281,0.0,0,0,30
82681,0.0,0.0,0,0,30
47175,0.0010493179433368,0.0,0,0,30
25013,0.0019685039370078,0.0,0,0,30
77481,0.0054794520547944,0.0,0,0,30
77418,0.0119126406353409,0.0,0,0,30
77042,0.0733668341708542,0.0,0,0,30
75609,0.0417391304347827,0.0,0,0,30
63546,0.0796915167095115,-0.0,0,0,30
80629,0.1825525040387721,-0.0,0,0,30
85394,0.1830769230769231,-0.0,0,0,30
84624,0.1875675675675674,-0.0,0,0,30
80303,0.1999999999999999,-0.0,0,0,30
79634,0.2033096926713946,-0.0,0,0,30
10942,0.205076820307281,-0.0,0,0,30
40540,0.2066869300911855,-0.0,0,0,30
51369,0.2247311827956988,-0.0,0,0,30
38658,0.2309278350515464,-0.0,0,0,30
14219,0.2403433476394849,-0.0,0,0,30
86881,0.2568965517241379,-0.0,0,0,30
44506,0.2681159420289856,-0.0,0,0,30
87179,0.1764705882352941,-0.0,0,0,30
81116,0.2681704260651629,-0.0,0,0,30
80019,0.2793572311495673,-0.0,0,0,30
76138,0.2818181818181817,-0.0,0,0,30
80032,0.2987630827783065,-0.0,0,0,30
85879,0.3127999999999999,-0.0,0,0,30
77637,0.3359375,-0.0,0,0,30
76507,0.3587628865979382,-0.0,0,0,30
12171,0.3978494623655912,-0.0,0,0,30
11803,0.4579439252336448,-0.0,0,0,30
49138,0.482608695652174,-0.0,0,0,30
75447,0.5880149812734083,-0.0,0,0,30
79802,0.5920000000000001,-0.0,0,0,30
85294,0.0769230769230771,-0.0,0,0,30
84416,0.2713257965056526,-0.0,0,0,30
42200,0.1763553233180927,-0.0,0,0,30
75434,0.258,-0.0,0,0,30
30402,0.1711711711711712,-0.0,0,0,30
86298,0.0846354166666667,-0.0,0,0,30
82768,0.1736842105263158,-0.0,0,0,30
75854,0.0863509749303621,-0.0,0,0,30
77426,0.0874524714828897,-0.0,0,0,30
84561,0.0918032786885247,-0.0,0,0,30
87264,0.0927152317880795,-0.0,0,0,30
75606,0.101127819548872,-0.0,0,0,30
23229,0.1017639077340568,-0.0,0,0,30
75257,0.1054022313564297,-0.0,0,0,30
76769,0.1102756892230574,-0.0,0,0,30
85210,0.1161290322580643,-0.0,0,0,30
10032,0.1164736164736166,-0.0,0,0,30
57534,0.1177304964539007,-0.0,0,0,30
76209,0.1216730038022815,-0.0,0,0,30
83958,0.1084592946168123,-0.0,0,0,30
77472,0.161948650427913,-0.0,0,0,30
81172,0.1218274111675126,-0.0,0,0,30
10137,0.1575492341356672,-0.0,0,0,30
84746,0.1574074074074074,-0.0,0,0,30
87153,0.152310924369748,-0.0,0,0,30
87696,0.146011396011396,-0.0,0,0,30
76846,0.146341463414634,-0.0,0,0,30
82546,0.141169154228856,-0.0,0,0,30
43123,0.1679389312977099,-0.0,0,0,30
83790,0.1278195488721805,-0.0,0,0,30
10353,0.1256613756613755,-0.0,0,0,30
12010,0.1227859501651156,-0.0,0,0,30
53015,0.1444444444444446,-0.0,0,0,30
65154,0.0582120582120582,0.0,0,0,31
76383,0.0448717948717947,0.0,0,0,31
85492,0.0454545454545454,0.0,0,0,31
62500,0.0511363636363635,0.0,0,0,31
80165,0.0664117528677803,0.0,0,0,31
85886,0.0918008316451648,0.0,0,0,31
76076,0.0684022460439,0.0,0,0,31
75577,0.0713153724247226,0.0,0,0,31
82521,0.0843039378813088,0.0,0,0,31
26009,0.0857519788918206,0.0,0,0,31
85908,0.032258064516129,0.0,0,0,31
11825,0.067379679144385,0.0,0,0,31
80539,0.0265625,0.0,0,0,31
85816,-0.2235621521335807,1.0,1,0,31
79718,0.0221491228070174,0.0,0,0,31
83309,-0.0261029411764706,0.0,0,0,31
78875,-0.0415766738660906,0.0,0,0,31
80252,-0.0509959328397122,0.0,0,0,31
84311,-0.0518518518518519,0.0,0,0,31
84223,-0.0677966101694914,0.0,0,0,31
84302,-0.0769230769230769,0.0,0,0,31
83131,-0.11427260211106,0.0,0,0,31
86721,-0.129608938547486,0.0,0,0,31
85516,-0.1296829971181555,0.0,0,0,31
83251,-0.1385742838107928,0.0,0,0,31
77261,-0.1729411764705881,0.0,0,0,31
75694,0.0956275558351682,0.0,0,0,31
82507,0.0237804878048781,0.0,0,0,31
14593,0.1047297297297298,0.0,0,0,31
83113,0.2577377602701183,-0.0,0,0,31
14227,0.1080657791699295,-0.0,0,0,31
20670,0.941557168072171,-1.0,0,-1,31
81220,0.107095926412615,-0.0,0,0,31
20125,0.5272727272727273,-0.0,0,0,31
83422,0.4078549848942598,-0.0,0,0,31
67732,0.3809523809523809,-0.0,0,0,31
61241,0.3681368136813681,-0.0,0,0,31
48144,0.3575115207373271,-0.0,0,0,31
86339,0.3453772582359191,-0.0,0,0,31
11678,0.3402625820568927,-0.0,0,0,31
10597,0.2737226277372262,-0.0,0,0,31
84255,0.2369895916733386,-0.0,0,0,31
76129,0.218274111675127,-0.0,0,0,31
11426,0.2101910828025477,-0.0,0,0,31
83838,0.7874999999999999,-0.0,0,0,31
83405,0.2046959662853704,-0.0,0,0,31
82547,0.2093269740328562,-0.0,0,0,31
85013,0.1312607944732295,-0.0,0,0,31
86917,0.1394009216589862,-0.0,0,0,31
77178,0.1396688264938805,-0.0,0,0,31
83127,0.142857142857143,-0.0,0,0,31
32540,0.1111111111111111,-0.0,0,0,31
84721,0.1544850498338872,-0.0,0,0,31
87178,0.1557788944723617,-0.0,0,0,31
17726,0.1703703703703705,-0.0,0,0,31
59328,0.1973110465116281,-0.0,0,0,31
79523,0.1992924528301887,-0.0,0,0,31
80055,0.1446700507614213,-0.0,0,0,31
76360,0.0194444444444443,0.0,0,0,32
75241,0.0388845247446976,0.0,0,0,32
54253,0.0362504577077993,0.0,0,0,32
79864,0.0316045380875202,0.0,0,0,32
78749,0.0303797468354429,0.0,0,0,32
60038,0.0299401197604791,0.0,0,0,32
61508,0.0290082320658564,0.0,0,0,32
46923,0.0229785597538698,0.0,0,0,32
51984,0.022948938611589,0.0,0,0,32
77790,0.0150000000000001,0.0,0,0,32
53074,-0.1120976692563817,0.0,0,0,32
80857,-0.0103916275285677,0.0,0,0,32
27617,-0.0150375939849625,0.0,0,0,32
83906,-0.0213756613756613,0.0,0,0,32
85590,-0.0627928772258669,0.0,0,0,32
10649,-0.0706627680311891,0.0,0,0,32
74908,-0.1161290322580644,0.0,0,0,32
84023,-0.137386018237082,0.0,0,0,32
60186,-0.1560165975103734,0.0,0,0,32
86333,-0.2472426470588236,0.0,0,0,32
76553,0.0468859342197343,0.0,0,0,32
75721,-0.0074441687344913,0.0,0,0,32
79909,0.0494076128056466,0.0,0,0,32
65226,-0.0029009531703274,0.0,0,0,32
86109,0.0613709477852018,-0.0,0,0,32
46843,0.3223314606741572,-0.0,0,0,32
80286,0.2813166717464186,-0.0,0,0,32
77785,0.2626415094339622,-0.0,0,0,32
84172,0.2447058823529411,-0.0,0,0,32
91687,0.235772357723577,-0.0,0,0,32
51692,0.2006237006237008,-0.0,0,0,32
81103,0.1975867269984919,-0.0,0,0,32
92874,0.1732805647662851,-0.0,0,0,32
22518,0.1502347417840377,-0.0,0,0,32
57067,0.1477190441708906,-0.0,0,0,32
82800,0.2866184448462929,-0.0,0,0,32
83931,0.1369863013698631,-0.0,0,0,32
84046,0.129471143296028,-0.0,0,0,32
76732,0.1293759512937595,-0.0,0,0,32
78210,0.1224489795918368,-0.0,0,0,32
53479,0.1219975421740586,-0.0,0,0,32
78034,0.1114970475859673,-0.0,0,0,32
77063,0.1093333333333332,-0.0,0,0,32
86770,0.1067019400352733,-0.0,0,0,32
82634,0.0741206030150753,-0.0,0,0,32
60506,0.0630461083478961,-0.0,0,0,32
48506,0.0520283791158813,-0.0,0,0,32
48697,0.0122699386503066,0.0,0,0,33
76565,0.0155891792755615,0.0,0,0,33
80534,0.0196649672250546,0.0,0,0,33
63781,0.0291932059447983,0.0,0,0,33
85640,0.0253378378378379,0.0,0,0,33
83976,0.0285095633345362,0.0,0,0,33
83597,-0.0160090191657271,0.0,0,0,33
83953,0.0228832951945079,0.0,0,0,33
11910,-0.0261865793780687,0.0,0,0,33
32299,-0.108108108108108,0.0,0,0,33
11647,-0.0336269015212169,0.0,0,0,33
85280,-0.0802816901408449,0.0,0,0,33
76100,-0.0935844614479104,0.0,0,0,33
80512,-0.1235194585448393,0.0,0,0,33
84134,-0.1267662494953573,0.0,0,0,33
11809,-0.1294117647058823,0.0,0,0,33
82857,-0.1801934743400557,0.0,0,0,33
85419,0.0322580645161292,0.0,0,0,33
80233,-0.0318749999999999,0.0,0,0,33
76639,0.0466793168880455,0.0,0,0,33
80325,0.0471976401179941,0.0,0,0,33
77662,0.134001134001134,-0.0,0,0,33
78157,0.0497297297297298,-0.0,0,0,33
77117,0.4463949843260189,-0.0,0,0,33
78147,0.2606689734717415,-0.0,0,0,33
88031,0.1472602739726027,-0.0,0,0,33
83509,0.1469740634005762,-0.0,0,0,33
79259,0.1378640776699029,-0.0,0,0,33
82583,0.1332179930795847,-0.0,0,0,33
37022,0.1304347826086955,-0.0,0,0,33
75489,0.1208053691275168,-0.0,0,0,33
38659,0.1208728107952914,-0.0,0,0,33
78840,0.1094032549728754,-0.0,0,0,33
76259,0.1028513238289206,-0.0,0,0,33
80012,0.1024917724494594,-0.0,0,0,33
66078,0.092436974789916,-0.0,0,0,33
86155,0.0902211874272409,-0.0,0,0,33
79910,0.0826032540675845,-0.0,0,0,33
22250,0.07,-0.0,0,0,33
75607,0.054755499287862,-0.0,0,0,33
81540,0.0503237742830713,-0.0,0,0,33
80563,0.1139774859287054,-0.0,0,0,33
10363,-0.0142076502732241,0.0,0,0,34
79393,-0.0174999999999999,0.0,0,0,34
77555,-0.0165289256198345,0.0,0,0,34
80357,-0.005,0.0,0,0,34
84387,0.0298013245033113,0.0,0,0,34
66413,0.0149253731343284,0.0,0,0,34
76374,0.0224299065420561,0.0,0,0,34
65083,0.0275689223057644,0.0,0,0,34
76110,-0.0266512166859791,0.0,0,0,34
78018,0.0,0.0,0,0,34
75066,-0.0551330798479087,0.0,0,0,34
11581,-0.4258236865538735,0.0,0,0,34
78106,-0.0755604760586771,0.0,0,0,34
76622,-0.1021671826625387,0.0,0,0,34
12149,-0.1241721854304636,0.0,0,0,34
77262,-0.1326352530541013,0.0,0,0,34
83495,-0.1409691629955947,0.0,0,0,34
85225,-0.1464285714285713,0.0,0,0,34
83883,-0.2146666666666666,0.0,0,0,34
82638,-0.2171052631578947,0.0,0,0,34
80393,-0.2394736842105262,0.0,0,0,34
45891,-0.5053859964093358,1.0,1,0,34
92340,-0.056140350877193,0.0,0,0,34
79399,0.0312578987277782,0.0,0,0,34
77271,-0.5386996904024768,1.0,1,0,34
85452,0.0386343216531894,-0.0,0,0,34
83374,0.033195020746888,-0.0,0,0,34
80001,0.8098591549295775,-1.0,0,-1,34
78208,0.7709923664122138,-1.0,0,-1,34
85993,0.6100000000000001,-0.0,0,0,34
82536,0.3098236775818639,-0.0,0,0,34
85020,0.2976022566995768,-0.0,0,0,34
26201,0.2322175732217573,-0.0,0,0,34
46907,0.23013698630137,-0.0,0,0,34
84620,0.1579252390611418,-0.0,0,0,34
85395,0.1347517730496454,-0.0,0,0,34
24441,0.1221864951768489,-0.0,0,0,34
85445,0.4819112627986348,-0.0,0,0,34
69542,0.0991031390134529,-0.0,0,0,34
81262,0.1084070796460177,-0.0,0,0,34
77095,0.0478260869565219,-0.0,0,0,34
83307,0.0630543068885918,-0.0,0,0,34
85176,0.0803212851405621,-0.0,0,0,34
85488,0.0630057803468207,-0.0,0,0,34
86248,0.0867212861338693,-0.0,0,0,34
78977,0.0937748344370861,-0.0,0,0,34
83592,0.0941176470588236,-0.0,0,0,34
86715,0.0843985291542637,-0.0,0,0,34
37381,0.0415966386554622,-0.0,0,0,34
34497,0.0104834012813046,0.0,0,0,35
84238,0.0192719486081369,0.0,0,0,35
85754,0.0105376344086021,0.0,0,0,35
80837,0.014519056261343,0.0,0,0,35
12248,0.014590347923681,0.0,0,0,35
80955,0.0166666666666666,0.0,0,0,35
18286,0.017094017094017,0.0,0,0,35
75545,0.0316455696202531,0.0,0,0,35
75605,0.0238374364986322,0.0,0,0,35
44768,0.0315985130111524,0.0,0,0,35
80592,0.0370644922164566,0.0,0,0,35
15069,0.0375438596491228,0.0,0,0,35
84122,0.0405927835051544,0.0,0,0,35
76264,0.008008008008008,0.0,0,0,35
46931,0.0235294117647058,0.0,0,0,35
85500,0.007501339524915,0.0,0,0,35
76623,-0.0254926776351473,0.0,0,0,35
80913,0.0049291435613063,0.0,0,0,35
77763,-0.0877551020408164,0.0,0,0,35
59619,-0.0857142857142857,0.0,0,0,35
12253,-0.0749090909090908,0.0,0,0,35
85349,-0.0572711959573273,0.0,0,0,35
60468,-0.0493697478991596,0.0,0,0,35
66852,-0.0443396226415093,0.0,0,0,35
80973,0.043517679057117,0.0,0,0,35
11547,-0.0135658914728682,0.0,0,0,35
46578,-0.0124264224983648,0.0,0,0,35
86401,-0.0103608431582707,0.0,0,0,35
77448,-0.0044158972300281,0.0,0,0,35
11478,-0.0043763676148798,0.0,0,0,35
40272,0.0006045949214028,0.0,0,0,35
24096,0.0008916629514044,0.0,0,0,35
20482,0.0016451233842538,0.0,0,0,35
85051,0.0066371681415928,0.0,0,0,35
32110,0.0482921083627798,0.0,0,0,35
83362,0.0217391304347824,0.0,0,0,35
11194,0.0555555555555555,-0.0,0,0,35
90756,0.1570310527644534,-0.0,0,0,35
83601,0.160828025477707,-0.0,0,0,35
63830,0.1717948717948718,-0.0,0,0,35
79667,0.1727666273120818,-0.0,0,0,35
86437,0.1813368630046328,-0.0,0,0,35
78981,0.1890571568148509,-0.0,0,0,35
76223,0.1423728813559324,-0.0,0,0,35
34817,0.1950741063644288,-0.0,0,0,35
75285,0.2506738544474391,-0.0,0,0,35
38333,0.3326923076923076,-0.0,0,0,35
10909,0.3725299643666988,-0.0,0,0,35
86578,0.3760892667375133,-0.0,0,0,35
87162,0.3909574468085108,-0.0,0,0,35
57509,0.053191489361702,-0.0,0,0,35
78065,0.2348837209302325,-0.0,0,0,35
83351,0.1404878048780486,-0.0,0,0,35
11382,0.2055507372072853,-0.0,0,0,35
59600,0.1347305389221555,-0.0,0,0,35
70500,0.0577124868835257,-0.0,0,0,35
36003,0.1390134529147981,-0.0,0,0,35
86512,0.0719041278295606,-0.0,0,0,35
78015,0.0766208251473477,-0.0,0,0,35
77157,0.0770577933450087,-0.0,0,0,35
81889,0.0822637106184365,-0.0,0,0,35
81920,0.0849999999999999,-0.0,0,0,35
17478,0.0775792692741026,-0.0,0,0,35
49373,0.0913093858632678,-0.0,0,0,35
45487,0.0955974842767295,-0.0,0,0,35
13056,0.0977869274318063,-0.0,0,0,35
79328,0.1062992125984252,-0.0,0,0,35
56573,0.1100211288862056,-0.0,0,0,35
42614,0.0851334180432019,-0.0,0,0,35
34032,0.1233660130718954,-0.0,0,0,35
29752,0.123589320121112,-0.0,0,0,35
81709,0.0176991150442478,0.0,0,0,36
82606,0.0318079519879967,0.0,0,0,36
79031,0.0285714285714284,0.0,0,0,36
38033,-0.43988684582744,0.0,0,0,36
26650,0.0206825232678387,0.0,0,0,36
81182,0.020066889632107,0.0,0,0,36
77660,0.0371681415929203,0.0,0,0,36
71985,0.0207650273224042,0.0,0,0,36
86583,0.0372040586245772,0.0,0,0,36
63686,0.050771208226221,0.0,0,0,36
83807,0.0389965226030799,0.0,0,0,36
86287,0.0413179916317991,0.0,0,0,36
77803,0.0427071178529754,0.0,0,0,36
71942,0.0472668810289389,0.0,0,0,36
17523,0.04739336492891,0.0,0,0,36
79747,0.0516957523872243,0.0,0,0,36
85972,0.0560813179109709,0.0,0,0,36
11306,0.0141249999999999,0.0,0,0,36
42585,0.0381878557874764,0.0,0,0,36
57330,0.0090609555189455,0.0,0,0,36
80719,-0.0643967431532197,0.0,0,0,36
10056,0.0084647941515969,0.0,0,0,36
10650,0.0570522979397782,0.0,0,0,36
55993,-0.0822530687163015,0.0,0,0,36
82717,-0.0807136788445198,0.0,0,0,36
80979,-0.072031148604802,0.0,0,0,36
84530,-0.0272077823377412,0.0,0,0,36
10828,-0.0151515151515152,0.0,0,0,36
31318,-0.0123456790123457,0.0,0,0,36
76937,-0.0109890109890109,0.0,0,0,36
85731,0.0087235996326904,0.0,0,0,36
76037,-0.0093457943925233,0.0,0,0,36
10044,-0.003321968703558,0.0,0,0,36
87093,-0.0032441200324412,0.0,0,0,36
81533,-0.0028169014084507,0.0,0,0,36
76095,0.0,0.0,0,0,36
61146,0.0,0.0,0,0,36
75526,0.0011083743842363,0.0,0,0,36
84825,0.0037654320987654,0.0,0,0,36
79740,0.0050937245313773,0.0,0,0,36
65533,-0.009088613986367,0.0,0,0,36
76443,0.0581113801452783,0.0,0,0,36
85863,0.1040758293838863,-0.0,0,0,36
79828,0.0607902735562311,-0.0,0,0,36
84636,0.1455026455026455,-0.0,0,0,36
75182,0.1544167228590693,-0.0,0,0,36
27909,0.1652173913043479,-0.0,0,0,36
86547,0.1697092630155512,-0.0,0,0,36
78972,0.1710432931156849,-0.0,0,0,36
79103,0.1809782608695653,-0.0,0,0,36
81488,0.1810957758260141,-0.0,0,0,36
78830,0.2028985507246377,-0.0,0,0,36
79502,0.2150485436893203,-0.0,0,0,36
76261,0.2150661299597469,-0.0,0,0,36
87020,0.2231954092419208,-0.0,0,0,36
76195,0.2253403723256459,-0.0,0,0,36
80073,0.2318255250403875,-0.0,0,0,36
35238,0.2568627450980392,-0.0,0,0,36
86128,0.3177119228118539,-0.0,0,0,36
85216,0.394736842105263,-0.0,0,0,36
37399,0.0593749999999999,-0.0,0,0,36
12189,0.1418918918918918,-0.0,0,0,36
75162,0.139240506329114,-0.0,0,0,36
80774,0.2211143695014663,-0.0,0,0,36
85857,0.124823695345557,-0.0,0,0,36
85517,0.1378359751895246,-0.0,0,0,36
62368,0.0610668597634562,-0.0,0,0,36
61313,0.061595547309833,-0.0,0,0,36
85819,0.0629961587708065,-0.0,0,0,36
33823,0.0658016682113067,-0.0,0,0,36
81290,0.0718749999999999,-0.0,0,0,36
86004,0.0752235665439242,-0.0,0,0,36
85531,0.0753441802252814,-0.0,0,0,36
21726,0.0861678004535146,-0.0,0,0,36
63765,0.0718232044198894,-0.0,0,0,36
45373,0.0901162790697673,-0.0,0,0,36
53866,0.0932564552519428,-0.0,0,0,36
72980,0.1030453257790369,-0.0,0,0,36
76709,0.1116333725029377,-0.0,0,0,36
11056,0.1122557726465365,-0.0,0,0,36
29145,0.1171717171717172,-0.0,0,0,36
11644,0.1175149700598803,-0.0,0,0,36
34981,0.0886075949367086,-0.0,0,0,36
10562,0.1218328840970348,-0.0,0,0,36
76697,-0.0025260498894853,0.0,0,0,37
68065,-0.0017595307917889,0.0,0,0,37
84578,-0.000518134715026,0.0,0,0,37
10901,0.0075409836065574,0.0,0,0,37
88795,0.0179222357229646,0.0,0,0,37
86582,0.023322227510709,0.0,0,0,37
79839,0.0214356929212362,0.0,0,0,37
85427,0.025767226404169,0.0,0,0,37
77778,-0.0027149321266969,0.0,0,0,37
11641,0.0293849658314351,0.0,0,0,37
11593,0.0193861066235863,0.0,0,0,37
84563,-0.0028124999999999,0.0,0,0,37
31070,-0.1026247961706381,0.0,0,0,37
10645,-0.0050547598989046,0.0,0,0,37
81206,-0.0090566037735848,0.0,0,0,37
77236,-0.0096959012780961,0.0,0,0,37
19722,-0.0109890109890109,0.0,0,0,37
76478,-0.0395405345703557,0.0,0,0,37
82702,-0.0439648281374899,0.0,0,0,37
77982,-0.0450659324735545,0.0,0,0,37
85627,-0.0565253532834579,0.0,0,0,37
78881,-0.1134521880064829,0.0,0,0,37
79943,-0.2311197916666666,0.0,0,0,37
77898,0.0396145610278373,0.0,0,0,37
11927,-0.0033468802295003,0.0,0,0,37
92663,0.0429245283018868,0.0,0,0,37
85876,0.0467103389347764,0.0,0,0,37
12106,0.0481283422459895,-0.0,0,0,37
78908,0.3805286343612335,-0.0,0,0,37
75224,0.3035078800203354,-0.0,0,0,37
79881,0.2801227935533386,-0.0,0,0,37
20598,0.2490013315579229,-0.0,0,0,37
79866,0.2471760797342193,-0.0,0,0,37
86440,0.2284482758620689,-0.0,0,0,37
47255,0.2279999999999999,-0.0,0,0,37
80758,0.1932270916334661,-0.0,0,0,37
82179,0.1926475786496997,-0.0,0,0,37
76081,0.1869677897075157,-0.0,0,0,37
54341,0.1662763466042156,-0.0,0,0,37
75215,0.1640243902439024,-0.0,0,0,37
85548,0.2547051442910917,-0.0,0,0,37
90916,0.1362068965517242,-0.0,0,0,37
79884,0.1632545931758529,-0.0,0,0,37
81851,0.0655737704918033,-0.0,0,0,37
85299,0.0701598579040851,-0.0,0,0,37
46463,0.0773942093541202,-0.0,0,0,37
27562,0.0902699662542183,-0.0,0,0,37
76843,0.0734299516908212,-0.0,0,0,37
49534,0.1176284083703234,-0.0,0,0,37
48653,0.1240997229916895,-0.0,0,0,37
84042,0.1291304347826085,-0.0,0,0,37
84104,0.1358189081225032,-0.0,0,0,37
72486,0.1119347664936989,-0.0,0,0,37
11703,0.0097475631092227,0.0,0,0,38
81311,0.0267241379310345,0.0,0,0,38
32707,0.0141545524100994,0.0,0,0,38
41443,0.0200690548122572,0.0,0,0,38
65294,0.0206561360874848,0.0,0,0,38
10119,0.0232220609579101,0.0,0,0,38
79444,0.0243764172335601,0.0,0,0,38
28484,0.0303393213572853,0.0,0,0,38
77880,0.0471806674338319,0.0,0,0,38
83155,0.03125,0.0,0,0,38
11701,0.0346938775510203,0.0,0,0,38
75649,0.0352159468438537,0.0,0,0,38
14541,0.0398880335899229,0.0,0,0,38
54199,0.0473372781065088,0.0,0,0,38
46077,0.0487483530961792,0.0,0,0,38
64450,0.050221975582686,0.0,0,0,38
82821,0.0068758057584872,0.0,0,0,38
23077,0.0306301050175028,0.0,0,0,38
18438,-0.0006666666666667,0.0,0,0,38
25769,-0.0703405017921147,0.0,0,0,38
84108,-0.0077177508269019,0.0,0,0,38
10001,-0.1304347826086956,0.0,0,0,38
83467,-0.13,0.0,0,0,38
57251,-0.083657189609327,0.0,0,0,38
42219,-0.2213279678068409,0.0,0,0,38
32791,-0.0802011646373742,0.0,0,0,38
63562,-0.0775862068965517,0.0,0,0,38
81857,-0.073360744427613,0.0,0,0,38
20299,0.0509031198686371,0.0,0,0,38
47706,-0.0073825503355705,0.0,0,0,38
84588,-0.0629370629370629,0.0,0,0,38
34463,-0.057437407952872,0.0,0,0,38
10257,-0.0538116591928251,0.0,0,0,38
75034,-0.0449476174383236,0.0,0,0,38
50606,-0.0314487632508834,0.0,0,0,38
67360,-0.0167530913442361,0.0,0,0,38
25232,-0.0138820029747149,0.0,0,0,38
76228,-0.0126103404791928,0.0,0,0,38
59379,-0.0089581950895819,0.0,0,0,38
85931,-0.0589732711073398,0.0,0,0,38
60986,0.0521458237194276,0.0,0,0,38
92807,0.2347721822541966,-0.0,0,0,38
39328,0.0537190082644627,-0.0,0,0,38
39220,0.103960396039604,-0.0,0,0,38
40694,0.1044715447154471,-0.0,0,0,38
70923,0.1072916666666667,-0.0,0,0,38
23887,0.110615521855486,-0.0,0,0,38
30681,0.1106471816283924,-0.0,0,0,38
19289,0.1154074955383701,-0.0,0,0,38
77579,0.0522531160115051,0.0,0,0,38
74932,0.1220196353436184,-0.0,0,0,38
38914,0.1278195488721805,-0.0,0,0,38
84372,0.1341117071631428,-0.0,0,0,38
49429,0.1566523605150216,-0.0,0,0,38
16126,0.1718464351005484,-0.0,0,0,38
65365,0.2187812187812188,-0.0,0,0,38
75558,0.2227642276422763,-0.0,0,0,38
76573,0.2400785854616896,-0.0,0,0,38
23579,0.2595690747782,-0.0,0,0,38
77259,0.3398692810457515,-0.0,0,0,38
25953,0.1031947978512866,-0.0,0,0,38
14795,0.1010498687664043,-0.0,0,0,38
19561,0.121176813282843,-0.0,0,0,38
58819,0.0936363636363635,-0.0,0,0,38
58990,0.0975712777191128,-0.0,0,0,38
80856,0.0612244897959184,-0.0,0,0,38
82480,0.0615776081424936,-0.0,0,0,38
22859,0.0623906705539358,-0.0,0,0,38
28840,0.0631099544567339,-0.0,0,0,38
14816,0.0641935483870967,-0.0,0,0,38
86447,0.0654827968923419,-0.0,0,0,38
86075,0.0658823529411765,-0.0,0,0,38
47969,0.0691537761601455,-0.0,0,0,38
21928,0.0647058823529411,-0.0,0,0,38
57809,0.0702974121282349,-0.0,0,0,38
76135,0.0701284796573875,-0.0,0,0,38
86915,0.08984375,-0.0,0,0,38
72005,0.0882629107981221,-0.0,0,0,38
11406,0.0855721393034825,-0.0,0,0,38
24969,0.0911424903722721,-0.0,0,0,38
62042,0.0761538461538462,-0.0,0,0,38
79668,0.0732684602175157,-0.0,0,0,38
79903,0.0775488069414316,-0.0,0,0,38
30940,0.0078817733990148,0.0,0,0,39
77077,0.032,0.0,0,0,39
15720,0.0319371727748691,0.0,0,0,39
85768,0.0289855072463767,0.0,0,0,39
81184,0.0261194029850746,0.0,0,0,39
13688,0.0230125523012552,0.0,0,0,39
77668,-0.1012927507772868,0.0,0,0,39
10138,-0.0084786821705427,0.0,0,0,39
28804,0.0348670021567216,0.0,0,0,39
83503,-0.0199516324062877,0.0,0,0,39
45495,-0.0256305939788445,0.0,0,0,39
75646,-0.0395020957703543,0.0,0,0,39
23297,-0.045863309352518,0.0,0,0,39
63159,-0.0519713261648745,0.0,0,0,39
78916,-0.0580474934036937,0.0,0,0,39
46076,-0.0613207547169811,0.0,0,0,39
85776,-0.072,0.0,0,0,39
55001,-0.0154738878143134,0.0,0,0,39
78975,0.0385572139303482,0.0,0,0,39
84283,0.0171548117154811,0.0,0,0,39
79857,0.056150720354636,-0.0,0,0,39
81553,0.0426997245179063,-0.0,0,0,39
17806,0.3192307692307694,-0.0,0,0,39
85824,0.2713310580204779,-0.0,0,0,39
82643,0.1682272655134105,-0.0,0,0,39
23799,0.1428571428571425,-0.0,0,0,39
84084,0.1379166666666667,-0.0,0,0,39
53110,0.1374999999999999,-0.0,0,0,39
50666,0.1296786389413988,-0.0,0,0,39
11625,0.3389807162534435,-0.0,0,0,39
77010,0.1259999999999999,-0.0,0,0,39
77191,0.1226226226226225,-0.0,0,0,39
84373,0.1156002638522428,-0.0,0,0,39
77902,0.1005509641873279,-0.0,0,0,39
44185,0.0780984719864177,-0.0,0,0,39
81501,0.0623752495009979,-0.0,0,0,39
82504,0.0611353711790392,-0.0,0,0,39
80797,0.0611111111111111,-0.0,0,0,39
50278,0.1283505154639177,-0.0,0,0,39
59627,-0.0035087719298246,0.0,0,0,40
80186,0.0083892617449663,0.0,0,0,40
81242,0.0091185410334346,0.0,0,0,40
87110,0.0167890870933893,0.0,0,0,40
32636,0.0246445497630332,0.0,0,0,40
64557,0.0250917992656058,0.0,0,0,40
47626,0.0266412940057088,0.0,0,0,40
78001,0.0400313971742543,0.0,0,0,40
82471,0.028,0.0,0,0,40
78044,0.0395833333333335,0.0,0,0,40
25072,0.0408031088082903,0.0,0,0,40
83995,0.0492146596858638,0.0,0,0,40
76613,0.0511508951406649,0.0,0,0,40
19393,-0.0113016367887762,0.0,0,0,40
26252,0.0270270270270269,0.0,0,0,40
39482,-0.0220588235294116,0.0,0,0,40
42067,-0.0534351145038168,0.0,0,0,40
12060,-0.0268366320026836,0.0,0,0,40
48143,-0.3448275862068966,0.0,0,0,40
24803,-0.1616580310880829,0.0,0,0,40
86305,-0.1243184296619411,0.0,0,0,40
85903,-0.1057971014492754,0.0,0,0,40
45751,-0.1020793950850661,0.0,0,0,40
38420,-0.0774526678141135,0.0,0,0,40
87211,-0.026615969581749,0.0,0,0,40
87160,-0.0651685393258426,0.0,0,0,40
85986,-0.0510948905109489,0.0,0,0,40
52337,-0.0469613259668507,0.0,0,0,40
58675,-0.0466101694915254,0.0,0,0,40
79237,-0.0404999999999999,0.0,0,0,40
82298,-0.0340314136125655,0.0,0,0,40
86156,-0.0287449392712551,0.0,0,0,40
76085,0.0528949249463903,0.0,0,0,40
53065,0.0538243626062324,0.0,0,0,40
78889,0.0131578947368422,0.0,0,0,40
55212,0.0627208480565371,-0.0,0,0,40
13304,0.1483216237314597,-0.0,0,0,40
75320,0.1635738831615119,-0.0,0,0,40
11754,0.1666666666666665,-0.0,0,0,40
75262,0.174922600619195,-0.0,0,0,40
84210,0.1939775910364147,-0.0,0,0,40
12650,0.1951219512195121,-0.0,0,0,40
88664,0.1403105232892465,-0.0,0,0,40
79808,0.205,-0.0,0,0,40
11976,0.2476669059583631,-0.0,0,0,40
80135,0.25,-0.0,0,0,40
42140,0.25,-0.0,0,0,40
84836,0.4295580110497237,-0.0,0,0,40
15457,0.5,-0.0,0,0,40
83596,0.0618811881188119,-0.0,0,0,40
86743,0.2357651245551602,-0.0,0,0,40
79525,0.1173184357541898,-0.0,0,0,40
85298,0.2174704276615104,-0.0,0,0,40
65883,0.1110641891891892,-0.0,0,0,40
24046,0.0657963446475196,-0.0,0,0,40
19166,0.1115079365079365,-0.0,0,0,40
83236,0.0689655172413794,-0.0,0,0,40
77354,0.0732893365751996,-0.0,0,0,40
81912,0.0737764791818846,-0.0,0,0,40
15721,0.0791996665277199,-0.0,0,0,40
86916,0.0891156462585036,-0.0,0,0,40
66093,0.077752808988764,-0.0,0,0,40
75259,0.0904836193447737,-0.0,0,0,40
64258,0.096774193548387,-0.0,0,0,40
85822,0.1004016064257027,-0.0,0,0,40
63773,0.1071807569862044,-0.0,0,0,40
86748,0.1086474501108647,-0.0,0,0,40
87219,0.1106666666666666,-0.0,0,0,40
61322,0.0894736842105263,-0.0,0,0,40
38973,0.0338164251207728,0.0,0,0,41
19721,0.0460636515912897,0.0,0,0,41
27991,0.0298591549295774,0.0,0,0,41
35917,0.0339952877818916,0.0,0,0,41
80210,0.0357142857142855,0.0,0,0,41
38762,0.0365365365365366,0.0,0,0,41
71475,0.0394569367840476,0.0,0,0,41
38682,0.0454362685967029,0.0,0,0,41
36346,0.0471204188481675,0.0,0,0,41
54391,0.0544129133038271,0.0,0,0,41
82855,0.051082251082251,0.0,0,0,41
44206,0.0513392857142855,0.0,0,0,41
78263,0.0515170670037927,0.0,0,0,41
49744,0.0518169582772545,0.0,0,0,41
47715,0.053632043448744,0.0,0,0,41
77519,0.0558252427184466,0.0,0,0,41
20765,0.058100558659218,0.0,0,0,41
79166,0.0267653758542143,0.0,0,0,41
20750,0.0596667958155754,0.0,0,0,41
80072,0.0506465517241379,0.0,0,0,41
60098,0.0241749808135074,0.0,0,0,41
71176,-0.0309794988610477,0.0,0,0,41
31480,0.0231923601637107,0.0,0,0,41
72494,0.0602409638554217,0.0,0,0,41
67002,-0.0821917808219178,0.0,0,0,41
80007,-0.0566825775656325,0.0,0,0,41
67193,-0.0512589928057553,0.0,0,0,41
21135,-0.0388576779026216,0.0,0,0,41
80080,-0.0310447761194029,0.0,0,0,41
66130,-0.029243937232525,0.0,0,0,41
76837,-0.0232952138924185,0.0,0,0,41
37023,-0.0175438596491228,0.0,0,0,41
88197,0.0237623762376237,0.0,0,0,41
35829,-0.0140464613722313,0.0,0,0,41
56952,-0.0051020408163265,0.0,0,0,41
85796,-0.0025466893039048,0.0,0,0,41
11674,-0.0002710761724044,0.0,0,0,41
47205,0.0012636899747262,0.0,0,0,41
24328,0.002433090024331,0.0,0,0,41
14891,0.0050761421319796,0.0,0,0,41
18075,0.0133444537114262,0.0,0,0,41
25443,0.0133749442710655,0.0,0,0,41
71782,0.0163468372423596,0.0,0,0,41
50091,-0.0051499545592242,0.0,0,0,41
60206,0.0611211573236889,0.0,0,0,41
26463,0.1045775958317825,-0.0,0,0,41
76366,0.0643185298621744,-0.0,0,0,41
35685,0.1111864406779661,-0.0,0,0,41
66114,0.1128733264675592,-0.0,0,0,41
72733,0.1142256482130343,-0.0,0,0,41
71116,0.1179337231968811,-0.0,0,0,41
75444,0.1189358372456965,-0.0,0,0,41
45225,0.1190053285968029,-0.0,0,0,41
79796,0.1210355987055016,-0.0,0,0,41
56274,0.1224105461393598,-0.0,0,0,41
24272,0.1336377473363774,-0.0,0,0,41
15202,0.1102480581307945,-0.0,0,0,41
13100,0.1352009744214373,-0.0,0,0,41
77366,0.1387526278906798,-0.0,0,0,41
11378,0.1403197158081706,-0.0,0,0,41
16644,0.1541333333333334,-0.0,0,0,41
18649,0.1549539170506912,-0.0,0,0,41
57066,0.1647587898609974,-0.0,0,0,41
23990,0.1748878923766814,-0.0,0,0,41
20204,0.2003417343015805,-0.0,0,0,41
83233,0.2511538461538463,-0.0,0,0,41
53859,0.0611995104039166,0.0,0,0,41
81740,0.1368523949169111,-0.0,0,0,41
91855,0.1047826086956522,-0.0,0,0,41
10638,0.29115006412997,-0.0,0,0,41
77045,0.0736842105263158,-0.0,0,0,41
85621,0.0664812239221139,-0.0,0,0,41
11628,0.0673469387755101,-0.0,0,0,41
24459,0.0725469728601253,-0.0,0,0,41
53663,0.0734495570162903,-0.0,0,0,41
75460,0.0738327904451683,-0.0,0,0,41
10913,0.0775862068965518,-0.0,0,0,41
36898,0.0807726075504828,-0.0,0,0,41
86279,0.0813333333333332,-0.0,0,0,41
23326,0.0816806722689076,-0.0,0,0,41
25081,0.1047210300429184,-0.0,0,0,41
21960,0.082519964507542,-0.0,0,0,41
80504,0.0874493927125505,-0.0,0,0,41
62148,0.0878632478632479,-0.0,0,0,41
83642,0.088985687616677,-0.0,0,0,41
77181,0.0921395106715252,-0.0,0,0,41
13610,0.1005056890012641,-0.0,0,0,41
76504,0.1019209039548021,-0.0,0,0,41
11006,0.1021434241862926,-0.0,0,0,41
22509,0.1039831482190731,-0.0,0,0,41
57154,0.0823429541595925,-0.0,0,0,41
82635,-0.0088008800880088,0.0,0,0,42
30680,0.3434948285247685,-0.0,0,0,42
52230,0.2107692307692308,0.0,0,0,42
10974,0.0249999999999999,0.0,0,0,43
84140,0.0134486071085495,0.0,0,0,43
11493,0.0142241379310346,0.0,0,0,43
86264,0.0164835164835164,0.0,0,0,43
79072,0.0183018867924527,0.0,0,0,43
83926,0.0183694351379557,0.0,0,0,43
26470,0.0190713101160862,0.0,0,0,43
68304,0.019385026737968,0.0,0,0,43
81726,0.0117083555082491,0.0,0,0,43
10916,0.0525520990637269,0.0,0,0,43
86091,0.0280095351609057,0.0,0,0,43
50905,0.028711749149981,0.0,0,0,43
27756,0.0305095748133723,0.0,0,0,43
79189,0.031111111111111,0.0,0,0,43
76090,0.0330087865115173,0.0,0,0,43
80969,0.0338983050847458,0.0,0,0,43
11267,0.0461080813088745,0.0,0,0,43
10488,0.0098911146205635,0.0,0,0,43
86228,0.0269434628975264,0.0,0,0,43
34367,0.0078125,0.0,0,0,43
83738,-0.0512507626601586,0.0,0,0,43
83831,0.0021739130434783,0.0,0,0,43
10397,-0.2108013937282229,0.0,0,0,43
40097,-0.1196951548993602,0.0,0,0,43
60548,-0.1196319018404908,0.0,0,0,43
82694,-0.1142185663924794,0.0,0,0,43
87134,-0.0823809523809524,0.0,0,0,43
80343,-0.0668740279937791,0.0,0,0,43
36257,-0.0631645569620252,0.0,0,0,43
79512,-0.0629449231922067,0.0,0,0,43
70536,0.0057526366251199,0.0,0,0,43
71837,-0.0428571428571428,0.0,0,0,43
82497,-0.0187626774847868,0.0,0,0,43
54279,-0.0177616092445965,0.0,0,0,43
85411,-0.0116309123804599,0.0,0,0,43
81865,-0.0108031939877877,0.0,0,0,43
41241,-0.0101483216237314,0.0,0,0,43
83991,-0.0028490028490029,0.0,0,0,43
86397,0.0,0.0,0,0,43
86814,0.001201441730076,0.0,0,0,43
81508,-0.0316901408450703,0.0,0,0,43
85708,0.0553217077570655,0.0,0,0,43
46068,0.131578947368421,-0.0,0,0,43
77182,0.0565593087195599,-0.0,0,0,43
69649,0.1221458046767536,-0.0,0,0,43
16505,0.1248743718592966,-0.0,0,0,43
46877,0.1274647887323943,-0.0,0,0,43
77300,0.0557586837294332,0.0,0,0,43
85798,0.1338028169014087,-0.0,0,0,43
54624,0.1349712827058073,-0.0,0,0,43
12570,0.1361965240641709,-0.0,0,0,43
42534,0.1366807610993659,-0.0,0,0,43
18570,0.1126918757019841,-0.0,0,0,43
13936,0.1419053964023984,-0.0,0,0,43
63715,0.1556350626118068,-0.0,0,0,43
47861,0.1572052401746724,-0.0,0,0,43
84390,0.1588235294117645,-0.0,0,0,43
88891,0.1628169014084508,-0.0,0,0,43
66587,0.1910631741140214,-0.0,0,0,43
80415,0.2066263711663307,-0.0,0,0,43
92073,0.2365677626303126,-0.0,0,0,43
93105,0.3011173184357543,-0.0,0,0,43
63060,0.1470588235294117,-0.0,0,0,43
81560,0.1104046242774565,-0.0,0,0,43
10932,0.1208625877632898,-0.0,0,0,43
17961,0.1063648740639893,-0.0,0,0,43
83683,0.0579613590939374,-0.0,0,0,43
10308,0.0612021857923497,-0.0,0,0,43
52936,0.0614113443501562,-0.0,0,0,43
75573,0.0626334519572953,-0.0,0,0,43
81244,0.0667877906976743,-0.0,0,0,43
85966,0.0685778527262508,-0.0,0,0,43
86026,0.0695402298850575,-0.0,0,0,43
86312,0.1074380165289257,-0.0,0,0,43
82710,0.0774410774410774,-0.0,0,0,43
77256,0.0768043226553454,-0.0,0,0,43
22825,0.0869565217391303,-0.0,0,0,43
75261,0.0877605917955617,-0.0,0,0,43
10375,0.0882168925964546,-0.0,0,0,43
36768,0.0918649695628113,-0.0,0,0,43
83345,0.1009009009009009,-0.0,0,0,43
28118,0.102097902097902,-0.0,0,0,43
59483,0.1022803487592218,-0.0,0,0,43
37217,0.10386677956534,-0.0,0,0,43
57745,0.0859213250517598,-0.0,0,0,43
83391,0.0562248995983933,0.0,0,0,44
56354,-0.1849865951742627,0.0,0,0,44
11162,-0.0314748201438848,0.0,0,0,44
79192,-0.0277777777777777,0.0,0,0,44
86150,0.028782287822878,0.0,0,0,44
83671,0.0815920398009948,0.0,0,0,44
75905,0.2008196721311477,-0.0,0,0,44
21207,0.1199795344077767,-0.0,0,0,44
78200,0.1224714968738505,-0.0,0,0,44
81670,0.1474558670820354,-0.0,0,0,44
91380,0.1651211486688604,-0.0,0,0,44
11278,0.2440604751619872,-0.0,0,0,44
33420,0.0881542699724518,0.0,0,0,44
76946,0.0,0.0,0,0,45
83850,0.0023866348448686,0.0,0,0,45
15203,0.0074953154278576,0.0,0,0,45
56777,0.0203196347031964,0.0,0,0,45
86258,0.0225563909774435,0.0,0,0,45
39757,0.0232558139534884,0.0,0,0,45
77362,0.0356536502546689,0.0,0,0,45
84742,0.0324999999999999,0.0,0,0,45
86088,0.0469314079422382,0.0,0,0,45
75110,0.047008547008547,0.0,0,0,45
65315,-0.2407407407407408,0.0,0,0,45
85710,0.0508423586040913,0.0,0,0,45
85521,0.0543624161073825,0.0,0,0,45
75930,0.0306896551724138,0.0,0,0,45
83121,-0.0077562326869806,0.0,0,0,45
72611,-0.0235294117647059,0.0,0,0,45
76779,-0.0196078431372549,0.0,0,0,45
87183,0.0617712726370629,0.0,0,0,45
79069,-0.1620294599018004,0.0,0,0,45
77180,-0.1554853985793213,0.0,0,0,45
23472,-0.1551724137931033,0.0,0,0,45
76215,-0.1417753470761463,0.0,0,0,45
27642,-0.121951219512195,0.0,0,0,45
85686,-0.0157480314960629,0.0,0,0,45
79392,-0.1058823529411765,0.0,0,0,45
80113,-0.0583657587548638,0.0,0,0,45
83418,-0.0567148207597647,0.0,0,0,45
87233,-0.0537673738112655,0.0,0,0,45
83534,-0.0527379268539098,0.0,0,0,45
10886,-0.0282089350789579,0.0,0,0,45
11082,-0.0268456375838926,0.0,0,0,45
83123,-0.064885496183206,0.0,0,0,45
75828,0.0733347797786938,0.0,0,0,45
85084,0.1016949152542372,-0.0,0,0,45
85351,0.087962962962963,-0.0,0,0,45
84420,0.0799299883313886,0.0,0,0,45
79164,0.7073170731707319,-0.0,0,0,45
81651,0.5313653136531367,-0.0,0,0,45
12758,0.4780219780219779,-0.0,0,0,45
11599,0.4595469255663431,-0.0,0,0,45
66747,0.4553014553014554,-0.0,0,0,45
82759,0.3809523809523809,-0.0,0,0,45
10371,0.3338545738858482,-0.0,0,0,45
83967,0.260673234811166,-0.0,0,0,45
80804,0.2544667027612346,-0.0,0,0,45
84243,0.2505376344086021,-0.0,0,0,45
79265,0.2301337529504326,-0.0,0,0,45
85803,0.2202380952380951,-0.0,0,0,45
90879,0.2192622950819673,-0.0,0,0,45
79247,0.1762452107279692,-0.0,0,0,45
83632,0.456521739130435,-0.0,0,0,45
43028,0.1594202898550725,-0.0,0,0,45
10042,0.0903954802259887,-0.0,0,0,45
84606,0.169407894736842,-0.0,0,0,45
86887,0.0955223880597013,-0.0,0,0,45
33815,0.1014492753623188,-0.0,0,0,45
79628,0.1059532246633594,-0.0,0,0,45
83956,0.1090624999999998,-0.0,0,0,45
80791,0.1097700212037189,-0.0,0,0,45
87016,0.1033254156769596,-0.0,0,0,45
86281,0.1232539030402628,-0.0,0,0,45
86196,0.1244019138755982,-0.0,0,0,45
76224,0.1525904897090133,-0.0,0,0,45
88990,0.1356783919597992,-0.0,0,0,45
47984,0.1411192214111922,-0.0,0,0,45
85900,0.1121919584954602,-0.0,0,0,45
44943,0.1418164157357941,-0.0,0,0,45
40468,0.06,0.0,0,0,46
79819,0.0553154710458081,0.0,0,0,46
44821,0.0496422182468694,0.0,0,0,46
79157,0.0425347222222221,0.0,0,0,46
61218,0.0398561582259513,0.0,0,0,46
10924,0.0359536867763559,0.0,0,0,46
61700,0.0625,0.0,0,0,46
85540,0.0237319683573755,0.0,0,0,46
86209,0.0484615384615385,0.0,0,0,46
77421,0.0645998361103523,0.0,0,0,46
63829,0.072674418604651,0.0,0,0,46
64195,0.0657099697885195,0.0,0,0,46
81055,0.0659186535764375,0.0,0,0,46
85477,0.0676233963905197,0.0,0,0,46
78081,0.0682170542635658,0.0,0,0,46
77281,0.072282608695652,0.0,0,0,46
10657,0.0768676435263029,0.0,0,0,46
79588,0.0777777777777777,0.0,0,0,46
30147,0.0807926829268292,0.0,0,0,46
76752,0.0212667591308368,0.0,0,0,46
75216,0.0652173913043479,0.0,0,0,46
39571,0.0146471371504661,0.0,0,0,46
13470,-0.0919540229885056,0.0,0,0,46
79322,0.0140083217753119,0.0,0,0,46
76391,0.0810580204778157,0.0,0,0,46
78156,-0.1507246376811594,0.0,0,0,46
80239,-0.1403404198953572,0.0,0,0,46
80669,-0.1288854003139716,0.0,0,0,46
10860,-0.1138040042149631,0.0,0,0,46
81002,-0.1135758651286601,0.0,0,0,46
77427,-0.0972375690607735,0.0,0,0,46
83452,-0.0794681508967224,0.0,0,0,46
64004,-0.0605143721633888,0.0,0,0,46
77150,0.0141093474426807,0.0,0,0,46
81736,-0.0502501136880398,0.0,0,0,46
74500,-0.0392952034680463,0.0,0,0,46
79618,-0.0255474452554745,0.0,0,0,46
35203,-0.0204081632653061,0.0,0,0,46
89659,-0.0074515648286139,0.0,0,0,46
71191,-0.0070422535211267,0.0,0,0,46
84531,0.0005885815185404,0.0,0,0,46
10333,0.0013368983957218,0.0,0,0,46
25989,0.003893214682981,0.0,0,0,46
89790,-0.1666666666666666,1.0,1,0,46
52813,-0.0449118817509948,0.0,0,0,46
68591,0.0816440394271897,0.0,0,0,46
84737,0.0106312292358803,0.0,0,0,46
86720,0.0839354016149596,-0.0,0,0,46
85586,0.2157635467980294,-0.0,0,0,46
84262,0.2248520710059169,-0.0,0,0,46
77447,0.2453942520265288,-0.0,0,0,46
84839,0.2672605790645881,-0.0,0,0,46
12265,0.2734908136482941,-0.0,0,0,46
27705,0.2748397435897436,-0.0,0,0,46
86791,0.2923898531375166,-0.0,0,0,46
78112,0.2928327645051194,-0.0,0,0,46
85622,0.3284804367606915,-0.0,0,0,46
76230,0.1973969631236443,-0.0,0,0,46
11531,0.3313403089187841,-0.0,0,0,46
76591,0.3622754491017963,-0.0,0,0,46
65008,0.3730769230769228,-0.0,0,0,46
11884,0.3741223671013036,-0.0,0,0,46
56223,0.3802612481857765,-0.0,0,0,46
75831,0.4050460794681978,-0.0,0,0,46
84785,0.4333333333333333,-0.0,0,0,46
85336,0.5407854984894258,-0.0,0,0,46
88779,0.8939393939393938,-1.0,0,-1,46
11533,0.0817503392130258,-0.0,0,0,46
33532,0.3445179584120983,-0.0,0,0,46
84319,0.1827741612418629,-0.0,0,0,46
45744,0.3389121338912133,-0.0,0,0,46
80375,0.1770114942528737,-0.0,0,0,46
85724,0.181858309423968,-0.0,0,0,46
75491,0.0892236384704519,-0.0,0,0,46
77347,0.0918774966711051,-0.0,0,0,46
77702,0.0972222222222223,-0.0,0,0,46
86725,0.0975146703486367,-0.0,0,0,46
79089,0.105761316872428,-0.0,0,0,46
79159,0.1122881355932203,-0.0,0,0,46
76671,0.1138767890479153,-0.0,0,0,46
11794,0.1146031746031746,-0.0,0,0,46
85269,0.1157564672066893,-0.0,0,0,46
46922,0.1104651162790697,-0.0,0,0,46
78197,0.1181818181818181,-0.0,0,0,46
80740,0.1234347048300537,-0.0,0,0,46
79212,0.1276798475464509,-0.0,0,0,46
82777,0.134292565947242,-0.0,0,0,46
61399,0.1354527938342966,-0.0,0,0,46
85647,0.1527288732394367,-0.0,0,0,46
10709,0.1532738095238095,-0.0,0,0,46
82551,0.1544295070665287,-0.0,0,0,46
83866,0.1645653616456537,-0.0,0,0,46
27422,0.171875,-0.0,0,0,46
83149,0.0377358490566037,0.0,0,0,47
86496,0.0318021201413427,0.0,0,0,47
86983,0.0306748466257669,0.0,0,0,47
83630,0.0259025086681625,0.0,0,0,47
77413,-0.0024999999999999,0.0,0,0,47
76367,0.0052083333333332,0.0,0,0,47
86131,0.0,0.0,0,0,47
85382,-0.0031152647975076,0.0,0,0,47
81066,0.0392382203250698,0.0,0,0,47
82207,0.009688013136289,0.0,0,0,47
83581,0.0401713979646491,0.0,0,0,47
12188,0.0901639344262295,0.0,0,0,47
17559,0.0460251046025104,0.0,0,0,47
59467,0.0484675694939416,0.0,0,0,47
81181,0.0588235294117647,0.0,0,0,47
87005,0.0617760617760618,0.0,0,0,47
77263,0.0636842105263157,0.0,0,0,47
85539,0.0652173913043479,0.0,0,0,47
83929,0.0714285714285714,0.0,0,0,47
80553,0.0788356579745299,0.0,0,0,47
87229,0.0795348837209302,0.0,0,0,47
83950,0.0939393939393939,0.0,0,0,47
81073,-0.0147136100893326,0.0,0,0,47
82549,0.0437158469945355,0.0,0,0,47
12266,-0.0232558139534883,0.0,0,0,47
86885,-0.240952380952381,1.0,1,0,47
79244,-0.0284222737819024,0.0,0,0,47
87173,-0.4490445859872611,1.0,1,0,47
85320,-0.3333333333333333,1.0,1,0,47
87066,0.097457627118644,0.0,0,0,47
86063,-0.2075471698113208,1.0,1,0,47
84277,-0.1814671814671813,0.0,0,0,47
78959,-0.1733333333333333,0.0,0,0,47
10143,-0.1424196018376722,0.0,0,0,47
86139,-0.1397058823529412,0.0,0,0,47
10994,-0.1296296296296297,0.0,0,0,47
86729,-0.1073558648111332,0.0,0,0,47
77103,-0.1073263460748047,0.0,0,0,47
84511,-0.1063829787234041,0.0,0,0,47
83399,-0.1013513513513513,0.0,0,0,47
87236,-0.0975609756097559,0.0,0,0,47
80997,-0.0893796004206098,0.0,0,0,47
12217,-0.0874074074074073,0.0,0,0,47
86230,-0.0803571428571429,0.0,0,0,47
11833,-0.0769230769230771,0.0,0,0,47
83756,-0.0752373995617238,0.0,0,0,47
84666,-0.0666666666666667,0.0,0,0,47
85354,-0.0427884615384615,0.0,0,0,47
83633,-0.040506329113924,0.0,0,0,47
80577,-0.0380228136882129,0.0,0,0,47
85979,-0.0282485875706215,0.0,0,0,47
87156,0.1012145748987853,0.0,0,0,47
86724,0.0968921389396708,0.0,0,0,47
79836,0.1150793650793651,-0.0,0,0,47
85838,0.2921052631578948,-0.0,0,0,47
86768,0.2990692027519221,-0.0,0,0,47
86777,0.3198198198198199,-0.0,0,0,47
79006,0.3272727272727274,-0.0,0,0,47
82168,0.3277310924369749,-0.0,0,0,47
62420,0.3479359730412805,-0.0,0,0,47
86993,0.3620131218337346,-0.0,0,0,47
83412,0.3688811188811189,-0.0,0,0,47
44813,0.3870967741935482,-0.0,0,0,47
80463,0.411764705882353,-0.0,0,0,47
52231,0.4224137931034484,-0.0,0,0,47
84329,0.4684873949579833,-0.0,0,0,47
84827,0.4720902612826603,-0.0,0,0,47
83657,0.4963396778916544,-0.0,0,0,47
80943,0.5964498370969555,-0.0,0,0,47
81254,0.6187050359712232,-0.0,0,0,47
76165,0.6254501800720287,-0.0,0,0,47
85177,0.6691729323308271,-0.0,0,0,47
86718,0.8265384615384614,-0.0,0,0,47
86246,1.172043010752688,-1.0,0,-1,47
82621,1.4421052631578948,-1.0,0,-1,47
10881,1.8609271523178808,-1.0,0,-1,47
86926,0.1090712742980561,-0.0,0,0,47
81636,0.2891566265060239,-0.0,0,0,47
87086,0.2846441947565543,-0.0,0,0,47
86079,4.863013698630137,-1.0,0,-1,47
79670,0.2777777777777777,-0.0,0,0,47
83404,0.1199999999999998,-0.0,0,0,47
77673,0.1251046025104603,-0.0,0,0,47
86819,0.1297142857142856,-0.0,0,0,47
77289,0.1344017094017096,-0.0,0,0,47
85953,0.1360544217687076,-0.0,0,0,47
87189,0.1380362591994255,-0.0,0,0,47
81756,0.278225806451613,-0.0,0,0,47
11441,0.1538461538461537,-0.0,0,0,47
83813,0.1585365853658535,-0.0,0,0,47
77015,0.1616897305171156,-0.0,0,0,47
86958,0.1674999999999999,-0.0,0,0,47
79327,0.1525423728813559,-0.0,0,0,47
86337,0.1927083333333334,-0.0,0,0,47
87265,0.1742574257425742,-0.0,0,0,47
85187,0.2571428571428573,-0.0,0,0,47
12062,0.2351916376306622,-0.0,0,0,47
77284,0.2232369355657026,-0.0,0,0,47
82557,0.2179487179487178,-0.0,0,0,47
84565,0.2586666666666666,-0.0,0,0,47
86959,0.2031963470319633,-0.0,0,0,47
79248,0.2000979671809943,-0.0,0,0,47
87257,0.1954992967651194,-0.0,0,0,47
89181,0.193258426966292,-0.0,0,0,47
86787,0.2107843137254903,-0.0,0,0,47
85943,0.0123809523809523,0.0,0,0,48
83893,0.0182207931404072,0.0,0,0,48
86823,0.0224438902743142,0.0,0,0,48
80478,-0.4732824427480916,0.0,0,0,48
77585,0.0238281249999998,0.0,0,0,48
82512,0.0241462573301138,0.0,0,0,48
61955,0.0260180995475112,0.0,0,0,48
77889,0.0261640798226163,0.0,0,0,48
85559,0.0308641975308641,0.0,0,0,48
80122,0.03169135377196,0.0,0,0,48
85178,0.0450000000000001,0.0,0,0,48
85714,0.0338983050847456,0.0,0,0,48
80037,0.0339292229113461,0.0,0,0,48
80467,0.035276073619632,0.0,0,0,48
75906,0.0367420349434737,0.0,0,0,48
85874,0.0381861575178996,0.0,0,0,48
11348,0.0382089552238806,0.0,0,0,48
23975,0.0423076923076923,0.0,0,0,48
84736,0.0423661071143084,0.0,0,0,48
77775,0.0430648769574943,0.0,0,0,48
83226,0.0438628824179874,0.0,0,0,48
85751,0.011715481171548,0.0,0,0,48
83504,0.0323978201634878,0.0,0,0,48
86332,0.0110526315789474,0.0,0,0,48
84811,-0.0082176253896287,0.0,0,0,48
80130,0.0097524381095275,0.0,0,0,48
77405,0.0464114832535886,0.0,0,0,48
11847,-0.1508491508491508,0.0,0,0,48
79507,-0.1025641025641025,0.0,0,0,48
77649,-0.0955690703735882,0.0,0,0,48
60695,-0.0766342756183745,0.0,0,0,48
86533,-0.063392107472712,0.0,0,0,48
86300,-0.0547945205479452,0.0,0,0,48
80625,-0.0541082164328656,0.0,0,0,48
80990,-0.0354767184035476,0.0,0,0,48
85679,-0.0269230769230769,0.0,0,0,48
76445,-0.0239329268292682,0.0,0,0,48
86384,-0.020828402366864,0.0,0,0,48
86966,-0.0188679245283018,0.0,0,0,48
79965,-0.0043838285435947,0.0,0,0,48
76892,-0.0039525691699606,0.0,0,0,48
12165,-0.0029359953024075,0.0,0,0,48
10026,-0.0025153717160425,0.0,0,0,48
85431,-0.0012210012210013,0.0,0,0,48
11731,0.0019455252918287,0.0,0,0,48
81019,0.0066926938092581,0.0,0,0,48
63976,0.0070953436807095,0.0,0,0,48
10769,0.0074863230636339,0.0,0,0,48
75773,0.0094972067039107,0.0,0,0,48
85453,0.0098901098901098,0.0,0,0,48
80768,0.0488578680203046,0.0,0,0,48
85418,0.0233819044391729,0.0,0,0,48
81259,0.0523138832997986,-0.0,0,0,48
80422,0.1035334346504559,-0.0,0,0,48
81071,0.1084210526315789,-0.0,0,0,48
76529,0.1102278749337573,-0.0,0,0,48
86419,0.1126564673157162,-0.0,0,0,48
65306,0.1146362098138749,-0.0,0,0,48
87952,0.1213999270871308,-0.0,0,0,48
40440,0.1265547877591313,-0.0,0,0,48
81590,0.1272794938593227,-0.0,0,0,48
81285,0.1359050445103857,-0.0,0,0,48
10252,0.1400702301989855,-0.0,0,0,48
75326,0.1031067086897794,-0.0,0,0,48
85728,0.1409660107334527,-0.0,0,0,48
20512,0.1558926487747958,-0.0,0,0,48
84364,0.1630920464700627,-0.0,0,0,48
76711,0.1844236760124611,-0.0,0,0,48
77090,0.191016548463357,-0.0,0,0,48
13769,0.1988636363636362,-0.0,0,0,48
79878,0.2030167142274765,-0.0,0,0,48
77595,0.2074990899162723,-0.0,0,0,48
79382,0.2124463519313304,-0.0,0,0,48
86820,0.2640736949846469,-0.0,0,0,48
75616,0.0512941176470587,-0.0,0,0,48
10225,0.1480176211453745,-0.0,0,0,48
85257,0.0977601493233784,-0.0,0,0,48
50623,0.1541994750656168,-0.0,0,0,48
57780,0.0952802359882007,-0.0,0,0,48
10501,0.0971849865951743,-0.0,0,0,48
85740,0.0546218487394958,-0.0,0,0,48
83112,0.0551181102362203,-0.0,0,0,48
12022,0.0581108368857974,-0.0,0,0,48
80816,0.0620767494356659,-0.0,0,0,48
86240,0.0646153846153847,-0.0,0,0,48
84214,0.065815485996705,-0.0,0,0,48
76282,0.0661345496009122,-0.0,0,0,48
77526,0.0685111989459814,-0.0,0,0,48
81708,0.0729101194217474,-0.0,0,0,48
80762,0.0762886597938143,-0.0,0,0,48
87014,0.0648754914809961,-0.0,0,0,48
42083,0.0778646718803128,-0.0,0,0,48
77018,0.0909685863874343,-0.0,0,0,48
80960,0.090909090909091,-0.0,0,0,48
27474,0.0764093498330387,-0.0,0,0,48
82469,0.0891089108910891,-0.0,0,0,48
80621,0.0872984663782934,-0.0,0,0,48
85317,0.0835875533862111,-0.0,0,0,48
45583,0.0842105263157895,-0.0,0,0,48
80223,0.0823429541595925,-0.0,0,0,48
79734,0.082010582010582,-0.0,0,0,48
86497,0.0816870629370629,-0.0,0,0,48
86751,0.08,-0.0,0,0,48
78953,0.037593984962406,0.0,0,0,49
81128,0.0392320534223704,0.0,0,0,49
38746,0.0438829787234043,0.0,0,0,49
76619,0.0381114903299202,0.0,0,0,49
66384,0.0434445306439099,0.0,0,0,49
86162,0.0351826792963465,0.0,0,0,49
75070,0.0210188813680085,0.0,0,0,49
85707,0.0323886639676112,0.0,0,0,49
87067,0.0232558139534884,0.0,0,0,49
76336,0.0161770966368668,0.0,0,0,49
27677,0.0460606060606061,0.0,0,0,49
79666,0.0148883374689825,0.0,0,0,49
84331,0.033210332103321,0.0,0,0,49
76945,0.0490391459074732,0.0,0,0,49
34948,0.0669781931464175,0.0,0,0,49
85482,0.0550660792951542,0.0,0,0,49
85179,0.056546990496304,0.0,0,0,49
75976,0.0591653460116217,0.0,0,0,49
83356,0.0613220815752462,0.0,0,0,49
77605,0.0614420062695924,0.0,0,0,49
12209,0.0627000290951411,0.0,0,0,49
63714,0.0632279534109816,0.0,0,0,49
77780,0.0633397312859884,0.0,0,0,49
83903,0.0636363636363634,0.0,0,0,49
77892,0.064516129032258,0.0,0,0,49
81541,0.0650900900900901,0.0,0,0,49
12169,0.074468085106383,0.0,0,0,49
10507,0.0797213622291022,0.0,0,0,49
79131,0.0135646687697161,0.0,0,0,49
79080,0.0508203281312527,0.0,0,0,49
87114,0.0129518072289156,0.0,0,0,49
84315,-0.0980978841632829,0.0,0,0,49
85725,0.0116853932584271,0.0,0,0,49
85951,-0.216793893129771,0.0,0,0,49
86188,-0.2063213345039509,0.0,0,0,49
76720,-0.1933670601461494,0.0,0,0,49
45110,-0.1323893805309733,0.0,0,0,49
75740,-0.1216216216216217,0.0,0,0,49
10574,-0.1095384615384614,0.0,0,0,49
84309,-0.1025054341608511,0.0,0,0,49
91556,0.0799741323561111,0.0,0,0,49
78990,-0.0834424083769632,0.0,0,0,49
79847,-0.0801824054721642,0.0,0,0,49
41452,-0.0776818742293463,0.0,0,0,49
86570,-0.0746582194064687,0.0,0,0,49
31668,-0.0687086092715232,0.0,0,0,49
24097,-0.0586854460093896,0.0,0,0,49
84616,0.0121193287756371,0.0,0,0,49
86786,-0.0530303030303029,0.0,0,0,49
81601,-0.0508814102564102,0.0,0,0,49
79776,-0.0505050505050505,0.0,0,0,49
84325,-0.0437499999999999,0.0,0,0,49
85976,-0.04066985645933,0.0,0,0,49
12166,-0.0406435224386113,0.0,0,0,49
84030,-0.0338983050847457,0.0,0,0,49
11587,-0.0309734513274337,0.0,0,0,49
79195,-0.0290718038528897,0.0,0,0,49
81564,-0.0199543899657924,0.0,0,0,49
84792,-0.0147058823529411,0.0,0,0,49
41292,-0.012121212121212,0.0,0,0,49
79491,-0.0037837837837837,0.0,0,0,49
79758,0.0,0.0,0,0,49
83621,0.0028137310073157,0.0,0,0,49
85198,-0.0514491125589754,0.0,0,0,49
11638,0.0846606334841628,0.0,0,0,49
76605,0.0733832235005025,0.0,0,0,49
85319,0.0881578947368419,-0.0,0,0,49
10342,0.1725639629831246,-0.0,0,0,49
86166,0.1787891101178382,-0.0,0,0,49
90561,0.1807841963483989,-0.0,0,0,49
76392,0.1809954751131222,-0.0,0,0,49
11654,0.1854166666666667,-0.0,0,0,49
11144,0.1856,-0.0,0,0,49
66245,0.2466666666666666,-0.0,0,0,49
77279,0.2474820143884892,-0.0,0,0,49
30593,0.25,-0.0,0,0,49
53831,0.2519260400616334,-0.0,0,0,49
51086,0.3077613279497533,-0.0,0,0,49
82587,0.3090373280943026,-0.0,0,0,49
85025,0.3094818470215015,-0.0,0,0,49
77114,0.3279052553663955,-0.0,0,0,49
84103,0.3346872461413483,-0.0,0,0,49
52469,0.3372549019607842,-0.0,0,0,49
64565,0.3428717424629535,-0.0,0,0,49
87426,0.353322528363047,-0.0,0,0,49
76990,0.3600000000000001,-0.0,0,0,49
76544,0.3759999999999999,-0.0,0,0,49
83910,0.3957219251336898,-0.0,0,0,49
83875,0.3997938144329898,-0.0,0,0,49
75470,0.4089924160346696,-0.0,0,0,49
76279,0.4279304542905218,-0.0,0,0,49
79686,0.4319999999999999,-0.0,0,0,49
81078,0.485839160839161,-0.0,0,0,49
22374,0.6057209122535754,-0.0,0,0,49
86354,0.0861678004535146,-0.0,0,0,49
10984,0.7817083692838653,-0.0,0,0,49
39766,0.1722488038277512,-0.0,0,0,49
87069,0.1714593817397556,-0.0,0,0,49
15537,0.6231742940603702,-0.0,0,0,49
79338,0.1666666666666667,-0.0,0,0,49
56937,0.1670235546038543,-0.0,0,0,49
77037,0.0919305413687436,-0.0,0,0,49
82501,0.0919324577861162,-0.0,0,0,49
84075,0.0927014873746108,-0.0,0,0,49
11411,0.0935513169845594,-0.0,0,0,49
82581,0.0941632868982542,-0.0,0,0,49
65752,0.0944785276073618,-0.0,0,0,49
83559,0.1005502751375688,-0.0,0,0,49
62341,0.1041666666666667,-0.0,0,0,49
77685,0.1088392576281849,-0.0,0,0,49
75734,0.1089430894308942,-0.0,0,0,49
44792,0.1103536429484448,-0.0,0,0,49
76750,0.1135593220338984,-0.0,0,0,49
11343,0.1169739351557532,-0.0,0,0,49
76185,0.11864406779661,-0.0,0,0,49
10866,0.0914826498422713,-0.0,0,0,49
85839,0.1253616200578593,-0.0,0,0,49
81300,0.1201017811704836,-0.0,0,0,49
77669,0.1642585551330799,-0.0,0,0,49
84761,0.1624707259953162,-0.0,0,0,49
82272,0.1606948968512487,-0.0,0,0,49
85653,0.1547826086956523,-0.0,0,0,49
76798,0.1513157894736843,-0.0,0,0,49
84275,0.1654112684543538,-0.0,0,0,49
19968,0.1457975986277873,-0.0,0,0,49
83669,0.1336405529953919,-0.0,0,0,49
67723,0.1333333333333333,-0.0,0,0,49
83961,0.1298763082778307,-0.0,0,0,49
10977,0.1277744451109776,-0.0,0,0,49
86719,0.1483040935672515,-0.0,0,0,49
83897,0.1267123287671232,-0.0,0,0,49
39642,0.0121816168327797,0.0,0,0,50
30509,0.014063656550703,0.0,0,0,50
80656,0.0246549000755442,0.0,0,0,50
85980,0.0271554650373386,0.0,0,0,50
82486,0.0277634961439587,0.0,0,0,50
76171,0.0377102550189907,0.0,0,0,50
78155,0.0310679611650486,0.0,0,0,50
24985,0.0405499883477045,0.0,0,0,50
67838,0.0481553398058252,0.0,0,0,50
80569,0.0532103825136611,0.0,0,0,50
86576,0.0121293800539084,0.0,0,0,50
81546,0.0287292817679558,0.0,0,0,50
60273,0.0637522768670308,0.0,0,0,50
26825,-0.0065967016491753,0.0,0,0,50
75333,0.0091286307053941,0.0,0,0,50
85464,0.008,0.0,0,0,50
76435,0.0056044835868696,0.0,0,0,50
80294,0.0030634573304157,0.0,0,0,50
17743,0.0008756567425569,0.0,0,0,50
82542,-0.0086614173228346,0.0,0,0,50
59774,-0.0099916736053288,0.0,0,0,50
66799,-0.0141560798548094,0.0,0,0,50
77984,-0.0175609756097561,0.0,0,0,50
78900,-0.0254041570438799,0.0,0,0,50
38906,-0.0337382710239139,0.0,0,0,50
17144,-0.047163798597833,0.0,0,0,50
41080,0.0668467251856852,0.0,0,0,50
85860,0.009478672985782,0.0,0,0,50
84779,0.0682666666666667,-0.0,0,0,50
21742,0.100570613409415,-0.0,0,0,50
85353,0.069915254237288,-0.0,0,0,50
85883,-0.0481998965032897,0.0,0,0,50
14322,0.2035216098788019,-0.0,0,0,50
30840,0.183225806451613,-0.0,0,0,50
79860,0.1801150612184687,-0.0,0,0,50
86799,0.1679224973089343,-0.0,0,0,50
77584,0.1635514018691588,-0.0,0,0,50
75222,0.1520342612419698,-0.0,0,0,50
85716,0.1503928170594837,-0.0,0,0,50
77462,0.1348448687350836,-0.0,0,0,50
85669,0.1337112370790263,-0.0,0,0,50
12431,0.1302395209580837,-0.0,0,0,50
36469,0.113619810633649,-0.0,0,0,50
62770,0.113100848256362,-0.0,0,0,50
18403,0.1066916237716424,-0.0,0,0,50
84656,0.0977792509115014,-0.0,0,0,50
17830,0.0958850931677017,-0.0,0,0,50
10516,0.0945842868039663,-0.0,0,0,50
38703,0.0935922330097087,-0.0,0,0,50
68049,0.089913995308835,-0.0,0,0,50
47941,0.0844507478081484,-0.0,0,0,50
86432,0.0839981229469732,-0.0,0,0,50
79323,0.0813030385984121,-0.0,0,0,50
74406,0.077156743620899,-0.0,0,0,50
48725,0.0761560942066357,-0.0,0,0,50
72996,0.0740740740740741,-0.0,0,0,50
37584,0.0726080072381814,-0.0,0,0,50
12052,0.0722521137586471,-0.0,0,0,50
76796,0.0694656488549618,-0.0,0,0,50
79039,-0.1538461538461538,0.0,0,0,50
