Firm Name,Momentum_1,Cluster Index
10074,0.0454545454545454,85
50906,-0.048,9
10568,0.1428571428571428,90
10998,-0.1111111111111111,76
11181,-0.0298507462686566,28
39116,-0.1282051282051282,11
50032,-0.0532407407407407,90
69171,-0.1304347826086956,69
68814,-0.1234567901234567,40
47730,-0.0144927536231883,100
13232,-0.2244897959183673,5
13777,-0.1451612903225806,100
44652,-0.0539083557951483,75
38746,0.2666666666666666,76
60871,0.1474358974358973,48
14198,-0.0546875,48
14331,0.0819672131147541,92
45583,-0.0471204188481675,50
14702,0.2222222222222223,51
15537,-0.074074074074074,65
68830,0.1607142857142858,40
85631,-0.2682926829268293,36
16185,-0.03125,5
16791,-0.0833333333333333,47
17057,-0.1111111111111111,40
17903,0.0454545454545454,48
18287,-0.1944444444444444,42
49373,0.006993006993007,29
18570,0.0492957746478872,43
47642,0.0839160839160839,27
18973,-0.0211267605633802,25
19271,-0.0714285714285714,55
29938,-0.0975975975975975,84
10866,0.052,66
19880,-0.03125,91
20240,-0.2575757575757575,51
20248,-0.0879999999999999,4
49402,-0.0584958217270195,99
25320,-0.0859872611464968,60
21726,0.1645569620253164,76
21742,0.0337837837837837,99
11267,-0.1999999999999999,19
26841,-0.0149253731343284,65
65533,-0.396694214876033,90
24572,-0.0434782608695651,60
24951,-0.073170731707317,86
25049,0.0784313725490195,5
25217,0.036144578313253,84
25487,0.0990990990990992,86
69307,-0.0454545454545454,89
27124,-0.081081081081081,44
65541,0.1666666666666667,49
27562,-0.0956521739130434,59
31026,-0.1855670103092783,62
27800,-0.0212765957446808,90
27909,-0.1607142857142857,97
28207,0.4736842105263157,4
19828,0.0479041916167664,40
28311,0.3076923076923077,62
28522,-0.0151057401812688,94
10731,-0.0454545454545454,78
59707,0.2727272727272727,92
63546,0.0270270270270269,45
29023,0.0384615384615385,89
49154,0.0338345864661653,67
19350,-0.0414312617702448,33
29210,0.0888888888888888,54
49429,0.0344827586206897,100
61313,-0.01,18
19254,0.0265957446808511,55
31500,0.0601503759398496,10
87581,-0.0526315789473684,89
32839,0.1212121212121211,30
33209,0.1470588235294117,47
33690,-0.1034482758620689,47
34113,-0.1923076923076923,81
44708,-0.0185185185185184,6
58405,0.0,2
46295,-0.0062893081761006,28
37058,0.0082644628099173,51
46164,0.2189349112426035,95
26382,0.0416666666666667,31
37103,-0.0573770491803278,66
31974,0.0661764705882352,33
62228,0.1470588235294117,4
59010,-0.0206611570247934,79
60935,0.048,48
40838,-0.0033222591362126,97
19174,0.0317460317460318,80
21055,0.0483870967741935,90
59547,0.1298701298701299,54
47888,0.086021505376344,93
62367,0.1568627450980393,79
39670,-0.0144927536231883,27
40628,0.0314465408805031,28
40644,-0.0615384615384615,1
39765,-0.1999999999999999,50
32600,-0.1764705882352941,47
41420,-0.048780487804878,54
32678,-0.0493827160493827,16
23077,-0.0237288135593219,76
41663,0.0161290322580645,87
27828,-0.1111111111111111,99
32803,-0.0316742081447963,59
66181,0.0085714285714286,11
32870,-0.0118343195266271,96
42366,-0.0666666666666666,32
32926,0.0566037735849056,6
66587,0.032258064516129,65
42922,-0.0465116279069767,32
43474,-0.05,69
44389,0.0,65
12503,9.65,2
45560,0.0,60
45699,-0.4470588235294117,53
12040,-0.0833333333333333,40
46149,0.0,10
46237,0.0,52
48100,0.5384615384615385,49
33267,-0.1304347826086956,40
47133,-0.0350877192982456,52
57437,-0.0329218106995884,1
47571,0.0,79
53495,0.0714285714285714,42
50374,0.125,5
48208,0.0769230769230768,42
48291,0.0,22
48347,0.0431034482758621,27
64282,-0.0467836257309941,28
26294,0.048828125,88
53612,-0.0661764705882352,88
61399,-0.0383386581469649,36
62316,0.0,99
50519,-0.1111111111111111,85
66253,0.0614035087719297,58
51960,0.1555555555555554,75
13100,0.0620915032679738,52
51984,-0.125,65
27617,-0.2741935483870967,49
60097,-0.0999999999999999,55
22891,-0.077490774907749,93
53189,-0.109375,92
55191,0.0249999999999999,9
48063,0.0,97
54843,-0.1176470588235294,5
68582,0.0421052631578946,43
47773,0.0,3
56339,0.1721311475409837,9
56419,-0.1428571428571429,49
56777,0.3333333333333332,92
57171,-0.0802919708029197,75
34665,-0.0129870129870129,40
57809,0.0,16
57817,-0.0178571428571429,88
57884,-0.0727272727272727,53
58473,-0.1764705882352941,92
53639,-0.0048780487804878,28
59185,-0.0207253886010362,25
45313,0.0520833333333332,88
59767,-0.1846153846153846,66
59775,0.008,89
60055,0.1499999999999999,89
60346,0.0259740259740259,47
60679,0.0090361445783131,90
35051,-0.0563380281690141,100
75310,0.0146198830409356,97
18403,0.005540166204986,52
61460,-0.0606060606060605,62
35238,-0.0722222222222221,1
61823,0.0178571428571427,28
49576,0.0049019607843137,43
13936,-0.1585365853658537,97
64338,-0.1363636363636363,78
49971,0.0714285714285714,52
63686,0.024390243902439,20
63715,-0.0689655172413793,38
43748,-0.0298507462686566,49
64697,-0.1473684210526316,9
64769,0.0375,28
42307,0.0227272727272727,96
62033,0.0731707317073171,24
61620,-0.1551724137931034,48
67177,-0.06,25
25312,0.2321428571428572,32
67620,-0.3720930232558139,45
91556,-0.0983606557377049,10
62682,0.1130434782608695,52
68065,-0.0246913580246913,36
41320,0.0357142857142858,89
68428,0.0388349514563106,1
39773,-0.18,32
50948,0.03125,38
70106,-0.1764705882352941,81
70376,0.0270270270270269,65
70923,-0.0962962962962963,94
42585,-0.0994764397905759,100
72005,-0.0545454545454545,20
36740,-0.0333333333333333,23
72961,0.0166666666666666,72
73083,-0.0494505494505495,50
54981,0.0,91
74230,0.0864197530864196,43
53751,0.0789473684210526,28
62447,0.3333333333333332,54
57162,0.2857142857142858,49
76081,0.0687022900763358,58
48573,0.0833333333333332,49
60580,0.0604026845637584,38
63036,0.0,100
76743,0.0638297872340425,18
50278,-0.2156862745098039,47
63386,-0.0357142857142857,81
25937,-0.0897435897435897,89
46260,0.101010101010101,48
66368,-0.0289855072463768,94
79840,-0.2121212121212121,29
37807,0.028169014084507,29
80179,0.0677966101694915,85
80347,-0.0114942528735632,48
80857,0.0285714285714284,69
59627,0.2075471698113207,29
81190,0.143939393939394,36
55976,-0.0333333333333333,61
51932,-0.0721153846153845,84
81510,-0.0689655172413793,5
82924,-0.0386740331491712,46
83011,0.0075757575757575,75
15456,-0.0829493087557603,52
44476,-0.042016806722689,9
40539,-0.2029520295202952,48
89245,0.1904761904761904,60
91572,-0.12,40
72996,0.0384615384615385,99
91636,0.0714285714285714,29
34228,-0.25,94
91994,-0.1052631578947368,12
10025,-0.0441176470588234,85
86511,0.0666666666666666,54
90609,-0.2019230769230768,69
69411,-0.0181818181818181,32
67467,-0.0563380281690141,40
10136,-0.2222222222222222,48
10182,0.0380952380952381,71
10222,0.02,75
10248,-0.0491803278688525,50
10247,0.131578947368421,49
10256,0.0,42
10259,0.0357142857142858,49
75500,0.127659574468085,89
10501,-0.0136986301369863,11
10185,0.2278481012658229,51
70076,0.2857142857142858,81
10514,-0.1764705882352941,54
10531,-0.2727272727272727,29
10578,0.0,94
10178,-0.1068702290076335,94
10622,-0.1176470588235294,47
10633,-0.0769230769230768,49
10709,0.0,97
10010,-0.0714285714285714,42
75232,0.0636363636363637,6
10706,0.4444444444444444,42
67985,0.125,40
11747,0.0,42
76563,-0.0141843971631205,99
10199,-0.2093023255813954,80
10845,-0.0833333333333333,19
10870,0.2045454545454545,32
75527,-0.1354166666666666,44
75528,-0.2115384615384615,4
10984,-0.1666666666666666,51
32563,-0.0239520958083832,95
11103,-0.0121951219512195,5
71837,-0.0305343511450382,25
11154,-0.0638297872340425,85
11202,-0.1408450704225352,40
10325,0.0355029585798816,92
11343,0.0642857142857142,90
71685,0.1212121212121211,90
10415,-0.0973451327433628,97
11382,-0.02,40
11379,-0.2284263959390863,40
11278,-0.0999999999999999,69
11475,0.2277227722772277,42
10636,0.078740157480315,19
11480,0.0,62
75066,0.0,32
10790,0.2307692307692308,4
75100,-0.0542635658914728,55
75563,-0.0769230769230768,54
75179,-0.0169491525423728,67
11663,0.0,48
11959,-0.0270270270270269,97
11928,0.0168067226890755,51
11081,0.0733333333333332,47
11977,-0.0235294117647059,20
11978,0.2571428571428571,19
61858,0.25,45
75621,-0.036697247706422,46
75615,-0.3140096618357487,12
79410,-0.0786516853932584,97
75614,0.0416666666666667,32
75489,-0.1828793774319066,20
56354,0.2622950819672132,32
65832,-0.4608294930875576,53
66413,0.0526315789473683,97
21020,0.0355731225296442,76
10429,0.0116279069767442,12
85041,0.0252100840336133,45
62500,0.1111111111111111,59
27991,0.0594594594594595,30
10517,0.0,94
20482,-0.024390243902439,32
10656,0.0090090090090089,59
10664,-0.0465116279069767,12
10057,-0.0222222222222222,30
63837,-0.1029411764705882,9
60038,-0.0571428571428571,50
51510,-0.2222222222222222,32
10752,0.0917431192660549,19
61487,-0.108695652173913,40
85113,0.0795454545454545,65
10875,0.1507936507936507,86
64514,0.0,45
61241,-0.0103626943005181,51
11042,0.1821428571428571,47
61081,0.1075949367088606,3
28222,0.0254777070063694,68
51721,-0.18,80
28804,-0.15,52
11587,-0.0333333333333333,85
49584,-0.025,58
42083,-0.0821256038647343,55
48514,-0.0717948717948717,27
63845,-0.0904977375565611,66
11691,-0.0485436893203883,31
10137,0.0258823529411764,25
44740,0.0947075208913648,40
11851,-0.0084745762711864,69
26331,-0.1626016260162601,19
10145,0.050561797752809,99
85033,0.175,19
41443,-0.5093457943925234,27
45911,-0.0714285714285714,43
12205,0.0684931506849315,19
24643,0.0178571428571427,29
64856,-0.25,4
28484,0.0178571428571427,76
12424,-0.3103448275862068,81
60046,-0.0454545454545454,32
39482,0.0833333333333332,48
10225,-0.0225563909774436,100
56119,-0.0291262135922329,95
23341,-0.0140186915887849,93
12758,-0.2682926829268293,96
24109,0.0165562913907284,35
12811,0.1904761904761904,49
12918,-0.0555555555555555,65
66421,0.131578947368421,47
41734,0.0,23
15667,-0.0232558139534884,29
65859,0.0124416796267496,18
10488,0.0,86
50112,-0.0656934306569343,50
13304,-0.14,18
64143,-0.1584158415841584,53
13603,-0.2222222222222222,92
46527,0.0,52
58560,-0.0476190476190476,28
13769,0.1612903225806452,45
69200,0.0,36
10401,0.0059523809523809,1
11144,0.0,99
23544,0.0688073394495412,25
13988,-0.0769230769230768,47
10460,0.0092592592592593,95
14008,-0.0410958904109589,69
14059,0.0,12
19553,-0.0022779043280182,76
18075,0.0769230769230768,60
14219,-0.0338983050847457,48
14227,0.1764705882352941,77
87119,-0.1176470588235294,16
29073,-0.01171875,19
14323,0.162162162162162,84
29102,-0.074074074074074,51
59184,-0.0309278350515463,76
64397,0.0608365019011407,85
29145,0.0841121495327101,25
14593,-0.2974683544303798,54
52804,0.1282051282051282,46
10516,-0.0052910052910053,31
29380,0.1388888888888888,69
17566,-0.1379310344827586,76
19692,0.0852713178294573,95
15035,0.1679999999999999,46
60230,0.0784313725490195,90
29209,0.0633802816901407,19
15131,-0.2909090909090909,47
31472,0.064516129032258,49
21143,-0.1305970149253731,27
10364,0.0,52
24272,0.1372549019607842,50
15262,0.0909090909090908,42
15334,0.0246913580246914,12
15457,-0.05,58
15465,-0.0571428571428571,59
15502,0.0,29
85607,-0.0129870129870129,54
15553,0.0031152647975076,84
10604,-0.0043010752688171,76
15684,-0.0433070866141732,27
20458,0.2058823529411764,49
15721,-0.0113636363636363,52
49701,0.0373134328358208,1
15820,3.0,49
69542,-0.0999999999999999,91
44644,0.0364583333333332,96
16030,-0.0575539568345323,90
44601,-0.0382978723404255,66
27684,-0.0036764705882352,9
40416,-0.0151843817787418,58
58376,0.0634920634920634,54
65496,0.1111111111111111,99
53110,-0.0181818181818181,35
85754,-0.0714285714285714,4
62797,0.0238095238095237,100
52484,-0.0384615384615384,62
75034,0.0095238095238094,46
10318,-0.1458333333333333,46
58755,-0.0591133004926108,25
57568,0.0442477876106195,93
16460,-0.0999999999999999,69
58480,-0.0259740259740259,85
16468,0.1538461538461537,54
24221,0.0195121951219512,93
16564,0.0273972602739727,25
55781,0.1315068493150684,100
16599,0.0118343195266272,25
29532,0.0689655172413792,32
16890,-0.0155038759689922,25
46877,-0.1486486486486486,9
39693,-0.0078431372549019,95
42358,-0.0432432432432432,6
16978,-0.0961538461538461,40
85842,0.0,47
47423,-0.0757575757575758,36
26518,-0.0936708860759494,93
27887,-0.0742358078602619,16
75330,0.2222222222222223,49
29612,-0.0058139534883721,76
39642,-0.1156249999999999,52
17444,0.0136986301369863,20
65875,0.0021052631578948,29
29639,0.0360360360360361,3
65883,0.0472972972972973,38
65509,0.0133689839572193,9
43772,-0.0888888888888889,4
19377,0.0153061224489796,33
10786,-0.2266666666666666,65
17815,0.0764872521246458,55
47992,-0.1212121212121212,58
54164,-0.0303030303030302,96
17962,-0.032258064516129,54
17989,-0.1612903225806451,36
61508,-0.0341880341880341,28
18156,0.0625,46
18316,-0.1538461538461538,32
20220,-0.0115606936416184,9
61946,0.0,50
38527,0.0,58
18455,-0.0652173913043477,95
62519,0.0666666666666666,45
19561,0.0641891891891892,28
42024,-0.1117021276595744,52
51393,0.15625,47
18754,-0.0495049504950495,97
18762,-0.1052631578947368,69
16571,-0.1447368421052631,32
25144,0.0081632653061225,9
66130,0.0318471337579617,52
39757,-0.0303030303030302,85
19159,0.0104166666666667,92
17961,0.0680529300567107,48
19393,-0.0541125541125541,75
42606,0.046875,60
19546,0.0754716981132075,51
53786,-0.1566820276497695,93
19589,0.1333333333333333,60
10874,0.0792079207920792,93
55597,-0.0412371134020618,52
19677,-0.0833333333333333,47
19693,0.0222222222222221,20
19722,-0.0625,42
67176,-0.1016042780748662,30
50227,0.0536130536130536,1
19888,0.0178571428571427,29
10890,-0.1649484536082474,78
67432,0.2692307692307691,48
19992,0.2820512820512821,85
59686,0.0649999999999999,52
20730,0.047008547008547,53
24600,0.0,49
20117,-0.0217391304347825,96
20125,-0.094017094017094,48
45655,0.1166666666666667,55
20299,0.0,43
10989,-0.006079027355623,100
58181,0.0289855072463767,52
62148,0.0629370629370629,30
20459,-0.032258064516129,19
46690,0.0282051282051281,72
20504,-0.0428571428571428,20
20512,-0.0136986301369863,30
20547,0.0,2
20571,0.0571428571428571,95
56602,0.032258064516129,51
20678,0.0222222222222221,49
20723,0.0136986301369863,48
20750,0.020979020979021,25
64880,-0.368421052631579,49
20918,-0.1052631578947368,89
30330,-0.0155945419103313,76
21304,0.0714285714285714,19
21371,0.0438596491228069,3
53524,0.0388349514563106,60
23114,0.0306513409961686,52
20618,-0.0228310502283105,84
26374,0.1712962962962962,100
86431,-0.1388888888888888,61
56952,0.0144230769230768,25
30402,0.0612244897959184,76
40707,-0.0874125874125874,95
18542,0.0267111853088479,53
53831,0.0549450549450549,38
22437,0.0072727272727273,9
63503,0.0052631578947368,50
58173,-0.0930232558139535,40
60599,-0.020242914979757,80
22374,0.0,32
22382,0.0,61
22569,-0.1071428571428571,100
41419,0.0852713178294573,19
21397,-0.0259259259259259,84
22585,-0.0769230769230768,20
22681,-0.125,51
22913,-0.1304347826086956,18
22921,-0.0126582278481012,46
64194,-0.0203252032520325,84
23035,0.0,4
21960,0.1034482758620689,55
14541,0.0071225071225071,41
30509,-0.0514018691588784,65
23297,0.032846715328467,11
21282,0.0714285714285714,90
30525,-0.0410256410256409,45
11260,-0.0714285714285714,40
23393,-0.2041666666666667,24
24117,0.0087976539589442,84
47677,-0.0568181818181817,93
23481,0.1304347826086955,45
22680,-0.1282051282051282,99
23537,-0.0833333333333333,85
18446,0.1624548736462094,6
66878,0.1793478260869565,97
24046,0.1142857142857143,48
27422,-0.0902527075812273,65
24097,-0.1666666666666666,19
46578,0.0023980815347721,25
56741,0.0,48
24193,0.0555555555555555,48
38893,0.0574162679425838,50
11995,0.1666666666666667,65
11308,0.0058139534883721,89
24417,-0.0999999999999999,49
24441,0.1137724550898202,44
64901,-0.3148148148148147,54
24476,0.045045045045045,41
30648,0.123076923076923,30
18729,-0.1180257510729614,96
24556,0.0109890109890109,59
52740,0.1111111111111111,49
24679,0.01,95
11340,-0.1262626262626263,75
24935,0.0896226415094338,20
11997,0.1402439024390243,85
11675,0.2222222222222223,32
25073,0.0,78
61524,-0.0256410256410256,62
25137,-0.0923076923076923,100
41064,0.0206611570247934,93
25452,-0.024390243902439,65
25989,0.2068965517241379,28
68347,-0.0382653061224489,59
25604,0.0194174757281553,44
25612,-0.0887096774193548,85
25823,0.1599999999999999,48
25938,0.0454545454545454,30
26009,0.2941176470588236,60
40125,0.0119940029985008,27
26084,-0.1666666666666666,50
26252,0.1290322580645162,29
26279,0.3400000000000001,49
26295,-0.1428571428571429,59
26332,0.0169491525423728,58
11404,0.0319148936170212,25
26578,-0.1538461538461538,54
41929,-0.0625,88
21821,-0.0378250591016549,84
26586,-0.0794392523364485,10
26607,-0.1212121212121212,65
71765,0.0512820512820513,95
26650,0.0,32
23229,0.0603015075376884,76
26711,0.0604026845637584,84
30840,0.0793650793650793,69
26965,-0.1126760563380281,93
38914,0.0,54
87012,0.0,40
27087,0.1724137931034481,20
21979,-0.0099009900990099,43
27430,0.0297029702970297,50
59248,0.0134228187919462,55
27239,-0.125,47
27255,0.05859375,36
27474,0.1875,79
20204,0.0387931034482758,41
27618,0.0217391304347827,68
62164,-0.2072072072072072,52
38420,0.0228571428571429,28
27722,0.032258064516129,1
53575,-0.1194029850746268,100
31042,0.0909090909090908,32
17726,-0.0833333333333333,52
59256,0.0576923076923077,28
31069,0.0291262135922329,19
41080,-0.0558823529411764,99
59264,-0.0097087378640776,2
18091,0.0068493150684931,93
62527,-0.0416666666666666,19
28143,0.0980392156862746,88
28151,0.0769230769230768,5
28178,0.0,54
29744,-0.032258064516129,45
28231,-0.1162790697674418,45
30067,0.083743842364532,19
11607,0.0184331797235022,27
49285,0.0,93
66472,0.0555555555555555,47
57592,-0.1298701298701299,68
28629,0.0,28
28696,0.0416666666666667,59
28717,-0.0588235294117647,49
28725,0.1923076923076923,49
28784,0.0666666666666666,89
28840,-0.05,32
28848,0.0526315789473683,5
11183,0.6111111111111112,36
12005,0.2199999999999999,42
28952,0.0416666666666667,28
29050,0.0684931506849315,37
22859,0.0185185185185186,50
60273,0.1707317073170731,51
29197,0.0075187969924812,89
45110,0.1365853658536584,80
29226,0.0740740740740741,54
64215,0.089430894308943,19
26112,0.0361757105943152,60
29285,0.0389610389610388,25
31173,0.1111111111111111,44
61743,-0.0130718954248365,76
22867,-0.0675675675675675,91
29560,-0.04,96
29576,0.2727272727272727,91
11674,0.0287769784172662,66
45874,-0.0114942528735632,93
29736,-0.0666666666666666,45
29752,0.0059171597633136,2
65226,-0.05,85
24715,-0.125,66
45516,-0.25,92
29832,-0.0934579439252336,47
29859,0.2972972972972973,28
29867,-0.1583333333333333,84
29875,-0.1041666666666666,49
40440,0.0521327014218009,35
43916,-0.1497005988023951,100
44943,0.2666666666666666,30
30147,-0.0845070422535211,24
26403,-0.0797546012269938,32
10886,0.119047619047619,28
30307,-0.2093023255813954,16
64936,0.0449438202247192,93
38682,0.0619469026548673,4
41515,-0.1166666666666667,19
30577,-0.3125,62
30622,-0.1844660194174757,99
25953,0.0,25
20626,0.0596026490066226,75
58990,0.0675675675675675,93
30681,-0.0486322188449848,72
46471,0.0777777777777777,66
30761,0.1142857142857143,89
30780,-0.0572687224669603,46
31376,-0.0317460317460317,54
63132,0.0357142857142858,55
27959,0.0658307210031348,93
48506,0.0063694267515923,41
30884,-0.444055944055944,78
25072,0.0469314079422382,21
30892,0.1076923076923077,19
30940,0.0689655172413792,3
31464,-0.015625,96
31070,0.0238095238095237,46
31078,0.0238095238095237,49
31107,-0.0096153846153845,27
42200,-0.0129870129870129,100
31211,-0.1999999999999999,47
63159,0.0952380952380953,19
43342,0.0621301775147928,21
32281,0.0871369294605808,93
31480,-0.0721649484536082,93
26075,-0.0528634361233479,95
11754,0.0725,43
11762,0.0222841225626742,50
70578,0.0349854227405248,27
31552,0.048780487804878,60
68398,0.0526315789473683,49
31836,0.0258620689655173,9
44185,0.0096618357487923,19
32062,0.0588235294117647,78
32110,-0.0196078431372549,88
38543,-0.0909090909090909,49
87549,0.0,54
60927,0.0,19
22103,-0.0042918454935622,18
32417,-0.23046875,87
23042,0.0273224043715847,52
61540,0.0,45
32540,-0.037037037037037,80
68910,0.2142857142857142,49
26470,-0.1009615384615384,27
32804,0.0,48
62834,0.0466666666666666,72
32986,0.0533333333333332,27
62842,-0.062200956937799,1
33137,-0.0512820512820513,32
52476,-0.0120481927710843,35
24328,-0.0263157894736841,31
33420,-0.0476190476190476,88
33508,0.1714285714285714,93
31691,0.018181818181818,89
31712,-0.0396341463414634,78
33567,0.1,69
42550,-0.3583333333333333,84
33612,0.0833333333333332,52
87696,0.0265486725663717,40
66149,0.089655172413793,48
87717,-0.0377358490566037,43
87725,-0.1573033707865169,18
11850,-0.0075614366729678,66
19166,0.0662983425414365,38
24205,0.0262295081967212,66
24918,0.0166666666666666,55
34367,0.0,36
21338,0.0058139534883721,9
25371,-0.0109890109890109,55
34463,0.0737704918032786,85
47706,0.0315789473684211,55
21135,-0.0637450199203187,84
34578,0.0833333333333332,45
34623,-0.0961538461538461,89
42745,-0.0596330275229357,97
10016,0.0,50
34818,-0.0129870129870129,25
34981,0.0,47
35706,0.0979228486646883,85
58296,0.0129870129870128,60
17911,0.1458333333333332,19
31915,0.123076923076923,28
54244,-0.0963855421686746,19
47271,-0.030188679245283,29
36768,0.024390243902439,27
49875,-0.0865671641791044,95
27748,0.1968911917098446,93
22496,0.0182481751824816,93
56784,-0.019047619047619,67
49031,0.0151515151515151,31
37189,0.0,32
41726,0.0294117647058822,25
66165,0.1264367816091953,48
25785,0.0095693779904306,85
45241,-0.0967741935483871,54
37234,-0.1397849462365591,40
37277,0.0593220338983051,20
37402,0.0909090909090908,90
18112,0.0127118644067796,25
37568,0.064516129032258,36
37584,0.0955414012738853,10
62877,0.0337837837837837,100
58421,-0.0303030303030302,58
37832,0.1060606060606059,99
37859,-0.0129870129870129,19
25961,-0.1428571428571429,4
37955,0.0285714285714284,25
40425,0.0923076923076922,20
21004,-0.0034602076124568,28
32061,0.0225225225225225,19
38085,-0.0909090909090909,50
38093,-0.0418250950570342,72
88269,-0.1111111111111111,62
61348,-0.1081081081081081,3
38157,0.1200000000000001,55
47941,-0.015075376884422,66
32096,-0.0217391304347825,14
38317,-0.1999999999999999,69
38333,-0.1999999999999999,50
62607,-0.3448275862068966,19
12052,0.0212164073550211,30
12060,0.0287206266318538,18
46834,0.0,69
56629,-0.0161290322580645,18
38472,-0.0166666666666667,94
12079,0.0898876404494382,5
66931,-0.0598290598290598,60
12095,-0.5095419847328244,25
38659,0.1761363636363635,92
62260,0.0714285714285714,54
46674,0.0505415162454874,76
23915,0.0535331905781584,66
25910,-0.1031390134529147,100
27449,0.1323529411764705,100
38974,0.04,52
39029,0.0434782608695651,12
39045,-0.0176470588235294,76
16424,-0.0612244897959183,65
12024,-0.0869565217391304,62
57154,-0.0657894736842105,100
55466,-0.0093457943925233,52
45428,0.0285714285714284,78
65920,0.0144927536231884,18
60441,-0.0142045454545454,99
32299,0.0,92
12140,0.0941176470588236,55
16432,-0.0176470588235294,96
53604,0.0943396226415094,3
39483,0.015228426395939,35
25005,-0.0092592592592593,66
39571,-0.0157480314960629,27
60468,0.0625,100
52695,-0.094758064516129,3
32379,0.0090744101633393,96
63976,0.0070175438596491,25
67571,0.0208333333333332,51
49197,-0.1065573770491803,93
40097,0.103030303030303,65
19721,-0.0752351097178682,84
32440,-0.1259259259259258,99
21274,0.0377358490566037,48
32459,0.063157894736842,67
40345,0.0724637681159421,53
54770,-0.0909090909090909,67
32475,-0.0416666666666666,6
23405,0.0067567567567567,27
40476,-0.1034482758620689,78
40484,0.2037037037037037,40
67942,-0.0476190476190476,59
23819,0.0393442622950819,95
49349,-0.0377358490566037,89
44468,0.0,43
43238,-0.1451612903225806,9
59301,0.0114942528735633,4
50905,-0.0273972602739726,18
40994,-0.0196078431372549,54
41014,-0.0333333333333333,52
25582,-0.0064516129032258,72
25304,0.0297029702970297,9
52978,-0.0132450331125827,99
41188,-0.05,69
10294,-0.3199999999999999,48
41187,0.0,95
41292,-0.044776119402985,4
41356,-0.1343283582089552,89
32651,0.0454545454545454,45
64434,-0.0625,49
60476,-0.2380952380952381,4
41444,-0.0259740259740259,29
41487,0.0520833333333332,99
63992,0.1667199999999999,49
32707,-0.060931899641577,24
18016,0.0676328502415459,99
16600,-0.0557029177718833,25
61567,-0.0126582278481012,2
41874,-0.1470588235294118,40
23309,-0.0760869565217391,88
42084,0.109375,48
12319,0.1176470588235294,78
42439,-0.0526315789473684,9
18374,-0.0437710437710437,100
42455,-0.2105263157894736,43
42607,0.2236842105263157,29
44986,0.1076923076923077,9
20124,0.0849909584086798,30
21792,0.0514285714285713,95
58886,-0.0833333333333333,14
32934,-0.0489510489510489,84
48135,-0.0106382978723403,89
44150,0.1328125,88
42877,0.0853658536585366,46
88795,0.0,92
62295,0.0096153846153845,95
38973,0.0458715596330274,8
48557,-0.0232558139534884,78
64258,-0.109375,19
43263,-0.1219512195121951,96
43327,0.1612903225806452,13
64004,0.0,78
75227,0.0058823529411764,90
66595,0.1875,20
12570,0.0410557184750732,10
21928,0.0161290322580645,3
56573,-0.0334448160535116,52
43610,-0.3399999999999999,69
43618,0.1818181818181818,32
43634,-0.1176470588235294,38
43749,-0.25,89
43757,-0.0714285714285714,45
43984,0.0813953488372092,84
44039,-0.1627906976744185,49
44090,-0.1730769230769231,47
12431,-0.025830258302583,52
44194,0.0107913669064747,51
12458,-0.108695652173913,66
88990,-0.1038961038961039,40
44266,-0.1739130434782608,32
44274,-0.0588235294117647,78
65293,0.2333333333333334,89
46519,0.0348837209302326,95
44506,0.3103448275862068,51
59328,-0.05,85
44565,-0.2083333333333333,47
44637,-0.175438596491228,19
44768,0.0116279069767442,50
44776,0.1333333333333333,75
44792,0.0277777777777776,100
15747,-0.1428571428571429,2
89093,-0.0256410256410256,41
58608,0.032258064516129,95
50075,-0.081967213114754,92
12490,-0.0987341772151898,32
40272,0.0043956043956043,24
12511,-0.025,100
45277,-0.1666666666666666,36
45306,0.0408163265306122,45
21573,-0.00390625,76
49736,-0.0377358490566037,12
27705,-0.0495049504950495,5
45373,3.526315789473684,40
45381,-0.0909090909090909,4
54674,-0.1304347826086956,91
45437,-0.0289017341040462,46
68494,0.1499999999999999,4
67619,-0.0769230769230768,19
45509,0.0677966101694915,71
23317,-0.0094876660341556,18
53065,0.009090909090909,50
67993,0.0634920634920634,20
45728,0.0978260869565217,10
45891,-0.1176470588235294,16
57066,-0.0749279538904899,53
46018,0.1229508196721311,96
46114,0.0,28
47984,-0.0760869565217391,90
46229,0.064516129032258,87
52329,-0.0738636363636363,88
61583,0.0632911392405062,50
46392,0.0442477876106195,48
22111,-0.1204819277108434,2
42534,0.0616966580976863,27
53268,0.1071428571428572,72
46819,-0.0442477876106194,95
42104,-0.0258064516129031,52
46870,0.1285714285714285,43
46886,0.1594202898550725,92
51596,-0.0205479452054794,24
46931,-0.1111111111111111,5
46950,0.1159420289855073,60
47002,-0.0116279069767442,25
42067,0.1739130434782609,100
12650,-0.0604229607250755,29
24053,0.0358422939068099,90
45890,-0.0049261083743842,25
47205,-0.1682242990654205,50
47248,-0.0325203252032519,48
26825,-0.1116173120728929,28
47379,0.1666666666666667,60
44134,0.0522388059701492,84
52847,-0.0571428571428571,86
58616,0.0517241379310344,29
25769,0.0549999999999999,84
47619,-0.0379746835443037,92
47715,0.0085470085470085,72
17750,-0.0530303030303029,2
33398,0.1714285714285714,50
59045,-0.0266666666666666,51
33451,-0.0843373493975904,40
47969,0.0317460317460318,95
48960,0.0287081339712917,93
45866,0.0888888888888888,4
48072,0.1395348837209302,19
16678,0.0507246376811594,59
59897,0.0270270270270269,95
48144,0.1369047619047618,87
41136,-0.1136363636363636,1
48195,0.0,74
89456,0.1842105263157893,79
48267,0.0476190476190476,92
47255,0.0,12
58624,-0.1050583657587548,48
12781,0.0186666666666666,25
48363,-0.1761363636363636,97
48371,0.0833333333333332,88
65656,-0.0232558139534884,95
48486,0.053627760252366,19
33603,0.0769230769230768,28
48523,-0.0392156862745097,99
48531,0.0,93
48769,0.1111111111111111,90
48961,0.0873786407766989,38
59053,-0.0619469026548672,3
49083,-0.1090909090909091,97
50286,0.0504587155963303,67
57373,0.0,45
60943,0.0675675675675675,41
65330,0.018181818181818,99
17443,0.0,23
10092,-0.0721649484536082,19
49227,0.1585365853658535,48
20415,0.1150159744408945,85
18147,-0.0278884462151394,9
89587,0.161764705882353,97
89608,0.0666666666666666,49
49534,-0.0689655172413793,4
50876,-0.0532994923857867,60
49606,0.0100755667506298,25
49614,-0.05,92
49745,0.032258064516129,28
49817,-0.0140845070422535,69
63239,-0.4317180616740088,19
49905,-0.2540322580645161,46
21178,0.0170454545454545,27
59352,-0.0891719745222929,93
26710,-0.0501981505944517,89
59360,0.123076923076923,90
12888,0.0,49
89675,0.1764705882352941,92
24360,0.0137614678899082,35
33785,0.0669456066945606,99
68523,-0.0434782608695651,47
50156,0.0397111913357399,86
33814,0.1411764705882352,96
56223,-0.03515625,50
43721,0.0281124497991966,50
22373,-0.0159151193633951,90
62906,-0.1525423728813559,27
59774,0.0305676855895196,67
33849,-0.0212765957446808,10
34147,0.0,30
23835,0.0376569037656904,25
34067,0.2606635071090046,2
89755,0.0,60
50623,0.0,10
50666,0.0091743119266054,25
50877,0.1219512195121952,25
33937,0.029535864978903,25
90100,0.0508474576271187,16
43668,0.0513392857142858,84
47837,0.0147058823529411,32
51626,0.3125,89
46703,0.0882352941176469,53
45751,0.0042918454935623,3
51693,-0.02,89
89886,-0.1666666666666666,49
20562,0.0301109350237718,99
34032,-0.0460251046025104,18
51800,0.03125,40
51829,-0.2419354838709677,40
35705,0.0,60
39538,-0.0048543689320388,9
51933,-0.0454545454545454,37
89894,-0.16,12
13119,0.0416666666666667,93
65357,0.1639344262295081,51
43449,0.0483460559796438,18
26729,0.163575042158516,85
52135,-0.1176470588235294,46
89915,0.0,55
17478,0.1080508474576271,93
25646,0.0539772727272727,21
19895,-0.0195530726256982,25
52231,0.5,49
52250,-0.25,40
50577,0.1304347826086955,47
52282,0.1538461538461537,92
52346,-0.1111111111111111,28
10507,0.1111111111111111,36
52469,0.0,73
62914,0.0571428571428571,66
52581,-0.2380952380952381,54
52696,-0.1818181818181817,45
75407,0.1387559808612439,99
17005,-0.0080428954423592,31
52792,-0.0227272727272727,88
52813,-0.1481481481481481,100
22752,-0.1373239436619718,32
42796,-0.0278745644599303,18
52919,0.0740740740740741,51
53015,0.0806451612903225,41
53082,0.04,41
53226,-0.1904761904761904,78
55546,0.0263157894736842,40
58632,-0.0416666666666666,16
53480,0.2363636363636363,51
53509,-0.0192307692307692,59
53621,-0.1041666666666666,49
53640,0.0980392156862746,92
53859,0.0294117647058822,52
48901,0.0679012345679013,5
54173,0.4421052631578948,47
54181,-0.0736434108527132,67
90211,0.1081081081081081,65
54253,-0.03125,55
22592,-0.0277777777777777,18
15966,0.008361204013378,43
54675,-0.1325301204819277,62
54771,-0.0170454545454545,45
54798,-0.1785714285714286,47
54827,0.0887096774193547,95
22023,0.095890410958904,52
18382,-0.0317796610169491,55
42614,0.2539682539682539,61
67678,-0.2323232323232323,36
55125,0.0344827586206897,32
21290,0.0742857142857142,30
90310,-0.0217391304347825,46
55328,0.0,47
22779,0.0371959942775392,85
40731,0.1538461538461537,75
55467,-0.0229007633587786,66
12058,0.0,2
13290,0.0338983050847456,19
28345,0.0186915887850467,95
66640,-0.0519480519480519,52
65365,0.0327868852459016,9
69550,-0.1422018348623853,5
13303,0.5,49
41179,-0.0469314079422382,93
90377,0.263157894736842,5
55993,0.0249999999999999,20
56040,0.0409356725146199,65
45487,0.095890410958904,93
47028,-0.05,46
25590,0.0411985018726592,9
17278,0.0,12
58501,-0.0925925925925925,2
56630,0.0,32
34497,-0.0047169811320755,59
26753,-0.1232876712328767,19
56937,0.1354166666666667,19
56945,-0.0444444444444444,59
57067,0.0422535211267605,86
57155,-0.1971830985915492,52
38658,0.0099502487562188,59
57286,0.0703125,38
64450,0.0,9
34630,0.0,59
34649,-0.048223350253807,18
47466,0.0410256410256411,93
60986,-0.0225563909774436,76
21207,0.1047619047619048,85
34673,-0.1621621621621621,19
57534,0.0105263157894737,89
57577,-0.0140845070422535,65
67707,-0.0357142857142857,91
48274,-0.018348623853211,100
61815,0.077720207253886,48
57780,-0.0510948905109489,80
66288,-0.05,100
64311,-0.0076775431861804,21
49752,-0.0512820512820513,5
28118,0.0148883374689825,95
57999,0.1538461538461537,37
10062,-0.0285714285714285,38
23931,0.0,84
24766,-0.0389221556886227,99
58318,-0.0317460317460317,91
58334,0.0661764705882352,25
58369,0.125,91
58406,0.1111111111111111,25
58641,0.125,49
34817,-0.0058565153733528,18
66018,-0.005524861878453,43
58756,-0.1341463414634146,54
58772,0.1304347826086955,60
58799,-0.1621621621621621,65
58836,-0.1739130434782608,62
34825,-0.0601851851851852,19
58026,0.1807228915662651,92
34833,0.0059523809523809,55
66667,-0.0256410256410256,30
59089,0.0654205607476634,27
59110,-0.1999999999999999,2
56733,-0.0930232558139535,58
23026,0.0203045685279188,84
13610,-0.0366197183098591,55
64063,0.0246305418719212,85
63714,-0.0451612903225806,85
59839,0.0833333333333332,78
27385,-0.0027322404371584,25
59871,-0.0851063829787234,85
59898,-0.0384615384615384,2
55036,0.0,46
90721,0.0333333333333334,100
60063,0.0735294117647058,3
60098,0.0,25
20394,0.1481481481481481,75
51457,-0.0068027210884353,93
60186,-0.0542168674698795,33
24811,-0.0029940119760478,30
44230,0.0,62
90799,0.0350877192982457,38
22509,0.0572519083969464,25
42112,0.0574712643678161,32
60506,0.0122950819672131,10
16870,0.0564102564102564,4
60310,-0.024390243902439,9
60792,0.0315789473684211,88
66026,0.0051413881748072,46
20917,0.1132075471698113,6
42833,-0.0131578947368421,4
75083,-0.1283783783783784,92
60899,-0.12,47
54463,0.0343347639484978,36
61031,0.2727272727272727,73
61058,0.2666666666666666,65
22082,0.0051020408163264,24
61138,-0.074074074074074,48
61146,-0.2142857142857143,6
61242,0.0266666666666666,29
61269,-0.1022727272727272,40
41355,-0.060377358490566,25
61322,-0.0799999999999999,20
70914,-0.1739130434782608,47
67037,-0.0681818181818182,5
61496,-0.0390625,51
57509,0.0,32
68638,-0.2063492063492064,62
63722,0.0,45
61640,0.0,32
61787,-0.0454545454545454,100
60687,0.1015625,9
44353,0.0408719346049046,99
61955,-0.0441176470588234,52
62010,-0.0085470085470085,88
22517,0.0297872340425531,8
62034,-0.0588235294117647,25
35203,0.0,40
35211,0.0439121756487026,93
13821,0.057915057915058,25
13856,0.010135135135135,28
50550,-0.0769230769230768,62
62341,0.0,37
70949,-0.0124999999999999,58
21936,-0.1119402985074626,76
17806,0.0588235294117647,52
21776,0.0285714285714284,9
52898,0.0408163265306122,25
13901,-0.0283505154639175,28
13928,0.0982142857142858,76
62747,0.1999999999999999,49
62907,-0.0657894736842105,60
63088,0.2026143790849672,48
63125,0.0140845070422535,99
10120,-0.0168067226890756,27
24459,0.0030120481927711,50
43588,0.0657894736842106,50
63240,-0.0454545454545454,47
53815,0.0158730158730158,69
63395,0.0192307692307691,59
35422,0.1951219512195121,14
60695,-0.1448275862068965,51
26438,-0.0326797385620915,18
63483,-0.2491467576791809,28
56143,-0.1428571428571429,72
63300,0.4285714285714286,32
17902,-0.2075471698113207,19
49744,0.032934131736527,95
35529,0.0406504065040651,95
63811,-0.1363636363636363,36
63830,0.058139534883721,4
63749,0.0833333333333332,49
64152,0.0582524271844659,19
64195,0.018181818181818,76
18163,-0.0625,32
64291,0.0,90
55511,-0.0642201834862384,84
64646,0.0229007633587785,88
22787,-0.0909090909090909,54
64654,-0.2727272727272727,81
25443,0.0133333333333334,25
65032,0.0285714285714284,52
64902,0.0196078431372548,12
64929,-0.04,16
24539,-0.1485148514851485,10
64961,-0.125,45
64996,0.1518987341772151,40
65024,-0.011111111111111,45
65083,-0.2249999999999999,36
27756,0.0326086956521738,25
65091,0.3125,62
65155,0.1052631578947369,89
65163,-0.037037037037037,48
46893,0.0451127819548873,1
65438,0.0869565217391303,54
65446,-0.0769230769230768,81
52097,0.0833333333333332,80
65700,-0.0263157894736841,45
65761,-0.0076335877862595,86
64346,-0.1012658227848101,18
18286,0.1538461538461537,86
24942,-0.0427698574338085,76
46228,-0.0634920634920634,19
14154,0.0952380952380953,69
65964,0.125,87
91380,-0.0403587443946188,24
58771,0.0576923076923077,27
66230,-0.2352941176470588,49
66369,0.71875,62
66393,0.0425531914893617,31
66422,-0.0124999999999999,99
57146,0.0491803278688525,99
66545,-0.1428571428571429,86
66553,-0.0476190476190476,6
66617,0.0,19
66799,0.111864406779661,30
18921,0.0520833333333332,50
66801,0.03125,32
66836,0.0227272727272727,94
59432,0.0603448275862068,9
46762,14.555555555555555,49
67300,0.0740740740740741,48
26737,-0.0318840579710144,25
18948,0.0,9
35991,0.1024096385542168,59
23990,-0.0699300699300699,9
64477,-0.1186440677966101,52
36003,0.0259067357512954,65
39570,0.023936170212766,16
67652,0.0652173913043479,65
91564,0.2608695652173913,21
45495,-0.0625,38
67847,0.0606060606060605,87
26884,0.0528634361233479,55
54818,0.0186335403726707,93
66050,0.0086956521739129,12
33961,0.1555555555555554,78
47490,-0.0756302521008402,84
68049,0.0166666666666666,29
27633,0.06,1
68102,-0.0472972972972972,19
68161,0.0942028985507246,51
68196,-0.4426229508196722,30
60708,0.0,51
54199,0.0032894736842106,18
27780,0.0845070422535212,50
68313,0.0,62
68340,0.1743119266055046,59
46340,0.1231884057971015,53
65066,-0.136986301369863,52
68567,0.1097560975609757,46
24467,0.0391459074733095,84
68591,0.0,45
52943,0.0641025641025641,47
36177,0.0070921985815601,37
91687,-0.2058823529411765,41
68743,-0.1111111111111111,5
66069,0.0068027210884353,18
22840,-0.0707070707070707,4
68938,0.1311475409836064,52
67715,0.042483660130719,30
23085,0.0182767624020887,25
25013,-0.1218637992831541,59
45671,-0.0579150579150579,48
69332,-0.1290322580645161,5
36257,-0.0138888888888888,4
18032,-0.0377358490566037,50
69519,-0.0694444444444444,30
36281,0.1342501637197117,24
66085,-0.1052631578947368,62
69607,0.2047244094488189,85
62690,-0.0324074074074074,54
61049,0.0412371134020619,88
69885,-0.0285714285714285,49
41574,-0.0121951219512195,50
51625,0.1575757575757574,95
70077,0.0,10
50243,-0.1052631578947368,10
70114,0.05,65
54412,0.1071428571428572,27
70280,0.1530612244897959,72
36468,-0.0193050193050192,84
70440,0.0588235294117647,49
56434,-0.1739130434782608,51
67723,-0.037037037037037,86
49138,-0.037037037037037,32
70536,0.005181347150259,76
70616,-0.0559440559440559,19
70632,0.2435897435897436,86
70659,0.1923076923076923,40
70790,-0.1265822784810126,99
19852,0.1361256544502618,37
60206,0.1153846153846154,18
91871,-0.1296296296296296,49
21514,-0.0524344569288389,30
71176,-0.0691489361702127,52
26614,0.0505050505050506,84
49437,0.078125,11
15720,0.0154639175257731,32
71475,-0.0056818181818182,21
18411,-0.0148367952522254,21
71555,-0.1052631578947368,62
55204,0.0326086956521738,88
58683,-0.2435530085959885,48
66093,0.0451612903225806,4
71942,-0.1304347826086956,65
71985,-0.2992700729927007,19
17523,0.119047619047619,16
72072,0.0,40
36695,0.0816326530612245,45
55060,0.25,19
11760,0.0647058823529411,53
72232,-0.0909090909090909,60
44062,0.050179211469534,93
72304,-0.127659574468085,40
16715,-0.0743243243243243,46
39220,0.1568627450980393,99
36775,0.0397111913357399,27
72494,0.0472972972972973,25
36783,0.0325581395348837,100
43481,0.0542168674698795,50
72523,-0.0178571428571429,92
71124,-0.0172413793103448,88
43350,0.0280373831775699,95
92057,-0.0476190476190476,47
18438,0.0206185567010308,95
53399,0.0681818181818181,76
92073,0.144927536231884,1
36898,0.0316205533596838,25
45882,-0.0535714285714286,37
65074,0.1895424836601307,99
72980,0.063157894736842,99
18198,0.1060606060606059,8
36978,-0.125,32
58464,-0.31629392971246,47
73075,-0.3282442748091603,65
73139,0.0096618357487923,76
73219,0.0444444444444445,29
50921,-0.1714285714285713,42
73366,0.1666666666666667,40
72733,0.0865800865800865,32
73438,0.1777777777777778,19
14656,0.125,52
37022,-0.2142857142857143,86
26454,-0.1126760563380281,95
57963,0.1111111111111111,81
20693,0.3500000000000001,47
73614,-0.0360824742268041,78
52396,-0.3028953229398663,51
47861,-0.1205673758865247,100
73681,-0.0833333333333333,45
73753,-0.0629370629370629,28
44345,-0.0799999999999999,49
66739,-0.0543478260869565,9
73913,-0.0625,49
73940,-0.073394495412844,50
43334,0.0887096774193547,58
73956,0.24,69
52038,0.0746268656716417,55
74086,0.2575757575757575,86
74203,0.0099009900990099,54
92241,-0.2058823529411765,89
37161,0.0211640211640211,72
61866,-0.1111111111111111,19
62420,-0.0666666666666666,85
30728,-0.0211267605633802,54
74406,0.0535714285714286,52
18681,0.0356435643564356,72
74481,0.0,52
66333,-0.0564516129032257,2
74617,-0.18,60
15560,-0.0458333333333332,31
58704,-0.1597222222222222,43
42219,0.0188679245283018,84
37196,0.0719424460431654,99
74828,-0.0227272727272727,45
74836,0.0,89
74908,0.3513513513513513,30
74932,-0.4932432432432432,55
57007,-0.0606060606060605,32
75030,0.0494505494505495,90
57736,-0.1290322580645161,19
75089,0.0779220779220779,30
43123,0.165680473372781,50
44329,0.0281124497991966,93
60142,0.0,86
75257,0.1948051948051947,34
75273,0.2105263157894736,60
66114,-0.0192307692307692,93
75388,0.0526315789473683,12
75460,0.0476190476190476,25
26542,-0.0269607843137255,96
37276,0.0,81
51369,0.128654970760234,37
75521,-0.1111111111111111,12
75540,-0.125,30
37284,0.0227272727272727,69
14736,-0.0059288537549406,76
15579,0.0125223613595706,48
24563,0.0464480874316939,66
23579,-0.0579064587973273,48
62092,-0.0547368421052631,99
75986,0.1640625,85
38578,-0.0372549019607842,5
45129,0.125,93
11947,0.1999999999999999,80
76102,0.03125,47
75270,-0.1388888888888888,40
50606,-0.1034482758620689,27
76268,-0.0967741935483871,94
40483,-0.0097087378640776,32
40635,0.0560344827586207,50
14795,0.0225563909774435,41
48696,0.0,65
37399,-0.0270270270270269,55
14816,-0.0275862068965517,1
61663,0.0773480662983425,45
76639,0.2122905027932962,28
76807,-0.1333333333333333,69
37460,0.1694915254237288,5
19051,0.0591016548463356,90
58472,-0.0373134328358208,32
76946,-0.0294117647058823,92
60003,0.375,49
45647,0.1125,19
65787,-0.0558139534883721,41
77295,0.1041666666666667,69
77332,-0.0476190476190476,73
55001,0.0,99
77367,0.1764705882352941,90
92591,-0.1209677419354838,40
77527,0.1022727272727272,54
48389,-0.0303030303030302,49
62463,0.0147058823529411,59
75191,-0.0060975609756097,2
59600,0.0212765957446807,88
45356,-0.0453172205438066,93
77730,-0.0625,93
19596,0.1683569979716024,55
17929,-0.0148514851485148,95
42569,0.0588235294117647,90
77973,0.0,78
78044,-0.174721189591078,85
78095,0.0196078431372548,60
78116,-0.0434782608695651,47
14883,0.0205882352941175,67
15659,-0.0259740259740259,16
44433,-0.03125,32
24985,0.0181268882175227,21
48725,0.0430327868852458,16
14955,0.1666666666666667,32
78530,0.1,84
78749,0.05,52
92655,-0.0175097276264591,40
41371,0.2432432432432432,32
54420,0.2758620689655173,42
28847,0.0303030303030302,75
79119,0.0315789473684211,73
79250,-0.1681818181818182,49
15077,-0.0084388185654008,12
17830,0.0046296296296295,80
39087,0.0249110320284697,41
79330,0.0486891385767789,59
16117,-0.0081967213114754,67
67360,0.0198675496688742,49
59619,-0.0579710144927536,95
16555,-0.065989847715736,50
79573,0.0833333333333332,32
79629,0.0172413793103447,19
79637,0.0,30
14891,-0.0128205128205127,76
26681,-0.0669456066945606,50
79776,-0.125,45
26606,0.0171673819742488,35
43553,-0.046070460704607,27
79848,0.0813953488372092,20
79856,0.0175438596491228,51
79864,0.0227272727272727,85
80128,0.0483870967741935,93
63044,0.0370370370370369,46
27043,0.0047961630695443,99
62471,0.2692307692307691,47
80566,0.0370370370370369,59
37815,0.0308641975308641,45
61700,0.0,4
80785,0.25,36
57808,-0.0795847750865051,48
14306,-0.0377358490566037,48
92903,0.0,49
81219,0.03125,90
28388,-0.0104529616724738,49
45348,0.160621761658031,85
15202,-0.0162162162162161,84
45137,-0.0560747663551401,32
56063,-0.119047619047619,69
81382,0.0792079207920792,99
24678,-0.0529100529100529,54
21231,0.0057142857142857,25
53225,-0.0164113785557986,67
24969,0.0188679245283018,35
57381,-0.0501930501930502,28
81700,-0.1999999999999999,45
46420,0.1020408163265305,58
46068,0.0603448275862068,53
81737,0.0273972602739727,88
81753,0.0740740740740741,32
23034,-0.1282051282051282,12
61233,-0.0769230769230768,40
39562,-0.1416666666666667,85
45903,-0.0666666666666666,11
42059,0.0660377358490567,54
46076,0.046875,65
62498,0.0268817204301075,21
41427,0.0104166666666667,21
58085,0.094488188976378,22
66384,0.0303030303030302,62
82326,0.0806451612903225,92
82334,-0.1818181818181817,42
82502,-0.0804597701149425,32
38033,0.0,75
39917,-0.0850439882697947,58
19238,-0.1568627450980392,73
45399,-0.0287769784172662,6
82959,0.0,50
47108,-0.1481481481481481,2
38156,0.0342465753424656,27
64135,-0.1521739130434782,40
38172,-0.0172413793103448,65
83142,0.1,58
24803,0.0178571428571427,65
66747,0.0340909090909091,19
58819,0.0,25
25099,0.0293040293040292,21
83345,-0.0606060606060605,29
38375,0.0,53
83396,-0.0563380281690141,84
42286,0.0915492957746479,99
83433,0.0526315789473683,31
44337,0.0638297872340425,61
15472,0.0939849624060149,89
51254,0.0126582278481013,27
75153,0.0952380952380953,6
41072,0.0497076023391813,27
63079,-0.0735294117647058,19
83863,-0.0434782608695651,42
59483,0.0584415584415585,2
38295,0.1111111111111111,54
18067,0.0338983050847456,50
69155,0.2967032967032967,19
43537,-0.0508474576271186,3
84102,0.0522388059701492,59
45970,-0.0078125,55
84153,0.03125,75
84161,-0.1090909090909091,65
84241,-0.0285714285714285,55
88285,-0.0526315789473684,28
90756,0.0882352941176469,69
90676,-0.0408163265306122,89
75368,-0.0769230769230768,65
60090,0.2112676056338027,89
92770,0.0,5
87426,-0.1014492753623188,19
91492,0.1176470588235294,62
86642,-0.0681818181818182,42
88664,-0.0285714285714285,87
86167,-0.0259740259740259,12
68304,0.0265957446808511,48
87856,-0.1999999999999999,48
68072,0.0341463414634146,50
89763,0.0,92
85586,0.032258064516129,37
89667,0.0389610389610388,92
90916,0.0,40
68452,0.1492537313432835,78
85893,-0.0980392156862745,90
10019,0.1176470588235294,45
86765,0.0714285714285714,12
87223,0.1372549019607842,19
70332,-0.0279503105590062,9
90537,0.2063492063492062,47
10116,0.0,11
55985,0.1379310344827586,12
90289,0.0,52
10080,-0.0270270270270269,69
10094,0.1666666666666667,42
10095,-0.1290322580645161,81
10064,0.0,2
10035,0.0,89
85017,0.0754716981132075,85
90625,0.0,2
88939,-0.2068965517241379,85
87127,0.1065989847715735,46
75216,-0.0964912280701754,19
85359,0.0795454545454545,90
89499,-0.04,51
10147,0.0670391061452513,40
38149,-0.2297297297297297,47
88592,0.08,65
86626,0.3333333333333332,40
88242,0.0161290322580645,16
90852,0.0416666666666667,16
50657,-0.3448275862068966,19
91273,-0.0759493670886075,78
10140,-0.1384615384615384,52
10078,0.0042194092827003,90
10138,0.1793478260869565,58
10108,0.1626016260162601,99
91425,0.0288461538461537,36
10214,-0.0222222222222222,36
10143,-0.1388888888888888,47
10200,-0.0714285714285714,42
10235,0.0,92
10163,-0.1058823529411764,85
10150,0.393939393939394,85
92100,0.0454545454545454,4
68451,0.058139534883721,30
10272,0.0909090909090908,91
69673,0.3555555555555556,46
10307,0.0,75
10302,0.0260869565217392,10
10299,0.0909090909090908,92
75072,0.0,36
10351,0.0512820512820513,76
10363,-0.0943396226415094,42
10333,-0.1363636363636363,49
11040,-0.0256410256410256,47
10344,-0.0317460317460317,48
10353,0.180327868852459,73
10071,-0.0263157894736841,48
10382,0.0408163265306122,19
10383,-0.3195876288659793,45
89122,0.0166666666666666,45
10043,0.0943396226415094,18
12282,-0.1125,5
10407,-0.0666666666666666,32
10412,0.0,73
10442,0.0759493670886075,99
10398,-0.289855072463768,90
10423,-0.0434782608695651,45
10462,-0.1061946902654867,58
10352,-0.2345679012345679,11
10446,-0.2051282051282051,53
10432,-0.0625,89
10414,-0.0434782608695651,89
10376,0.0,58
69809,-0.1071428571428571,89
10410,0.10752688172043,20
10371,-0.3461538461538461,49
10421,0.1999999999999999,37
89950,-0.1666666666666666,49
68945,0.0235294117647058,3
70164,-0.088235294117647,52
10527,0.1176470588235294,85
10530,0.0256410256410255,92
10537,-0.0999999999999999,47
10606,-0.0469798657718121,93
10555,0.1538461538461537,69
10544,0.1587301587301588,45
10141,0.1875,69
10557,-0.1764705882352941,49
68363,0.2941176470588236,49
75099,0.064516129032258,60
68857,0.0733333333333332,6
85965,0.0486486486486485,96
10572,0.0512820512820513,36
10456,-0.0135135135135134,54
10676,-0.037037037037037,12
10611,0.0298507462686568,41
75469,0.075268817204301,32
70252,-0.0335365853658536,48
45225,0.15625,32
10738,0.0333333333333334,49
10691,-0.199074074074074,40
10693,-0.1703703703703704,89
10713,0.0909090909090908,76
10649,0.0303030303030302,19
86597,-0.0119047619047618,19
10704,-0.0746268656716417,65
86319,0.2222222222222223,49
10749,0.0420168067226891,90
75517,0.0576923076923077,37
10739,-0.0123456790123457,19
10721,0.0571428571428571,10
10716,-0.1428571428571429,29
75071,-0.0434782608695651,11
10696,0.0526315789473683,2
10705,0.0,49
10733,-0.2682926829268293,59
10765,-0.1794871794871795,91
10761,0.06,92
10745,-0.0422535211267606,99
70260,0.6923076923076923,81
10750,0.0,90
10785,0.1176470588235294,19
10791,-0.0903010033444816,58
54245,-0.0689655172413793,40
10814,0.0,16
70471,-0.1891891891891891,49
10821,0.0,58
10820,-0.03125,47
10818,-0.0925925925925925,54
10084,-0.0714285714285714,49
10194,0.0555555555555555,53
70500,0.0086956521739129,29
10828,0.150943396226415,75
10830,-0.1111111111111111,78
88429,0.0,49
70965,0.046875,3
75224,-0.1011904761904761,48
48806,-0.2727272727272727,87
71191,0.0476190476190476,89
10484,-0.0681818181818182,14
10876,0.3676470588235294,65
10026,0.0451127819548873,36
10929,-0.0254237288135593,43
10812,-0.0999999999999999,97
10908,0.1515151515151516,12
10909,0.0384615384615385,97
10783,0.1999999999999999,49
88779,-0.2535211267605634,78
10924,-0.0930232558139535,46
88234,0.0,49
75222,0.0068493150684931,75
10935,0.1666666666666667,62
10933,0.0344827586206897,99
92866,0.0909090909090908,99
10443,0.0306122448979591,93
10032,0.2708333333333332,53
70455,-0.2142857142857143,81
11701,0.0526315789473683,29
71538,0.1034482758620689,32
10001,0.0151515151515151,30
11035,0.1627906976744186,65
10455,0.0,12
11038,0.0,4
10657,-0.1518987341772152,58
70674,0.1851851851851851,32
71001,0.0562770562770562,48
75215,-0.0634920634920634,32
65315,0.0,93
11037,-0.28,97
11127,-0.0697674418604651,45
11065,-0.0434782608695651,94
11036,0.2352941176470588,89
75035,0.2941176470588236,49
10999,-0.3623188405797102,49
11141,-0.073394495412844,40
71909,0.1361256544502618,51
75149,0.0638297872340425,12
11147,0.2459016393442623,51
11923,-0.0169491525423728,23
10170,0.1428571428571428,44
10362,0.03125,19
10545,-0.3126934984520123,48
11138,0.1399999999999999,71
10879,0.2173913043478261,2
75523,0.1428571428571428,49
75084,0.3571428571428572,28
11194,0.0714285714285714,5
12042,-0.125,42
75091,-0.0857142857142857,91
11211,0.0227272727272727,32
14091,0.0779220779220779,51
10827,0.0,91
11162,-0.1193181818181817,40
11031,0.0,42
11212,-0.0967741935483871,42
11265,0.069767441860465,20
72100,0.1272727272727272,32
40708,0.0,81
10928,-0.217391304347826,79
11209,0.2413793103448276,45
11277,-0.06,11
11246,-0.05,20
92508,0.0416666666666667,19
11192,-0.1374999999999999,69
29621,0.0508474576271187,32
11291,0.0555555555555555,52
11330,0.0263157894736842,62
11347,0.25,61
75545,-0.0833333333333333,60
11345,-0.0329670329670329,90
11372,0.205128205128205,2
11342,0.143939393939394,92
75467,3.6875,40
11415,-0.0625,47
11365,0.2205882352941177,58
11385,0.0151515151515151,47
11339,-0.4629629629629629,49
11000,-0.0434782608695651,32
11346,-0.1621621621621621,47
75058,0.0555555555555555,12
11378,-0.0104166666666666,32
11384,-0.1428571428571429,88
11416,0.0833333333333332,20
11401,-0.1333333333333333,85
11409,-0.1428571428571429,73
11425,-0.0749999999999999,55
75103,0.0666666666666666,89
11422,0.0923076923076922,89
11403,-0.1192660550458715,2
11170,-0.0275862068965517,30
11452,0.1130434782608695,14
11478,-0.1121495327102803,29
11450,-0.0377358490566037,45
11465,0.0,5
11481,-0.0454545454545454,28
75055,-0.1774193548387096,78
11484,0.4666666666666665,92
11483,-0.1111111111111111,97
11459,0.03125,32
11531,-0.0106382978723403,54
75101,0.2709923664122138,37
11571,-0.0909090909090909,32
11525,0.0138888888888888,59
75470,-0.0555555555555555,54
75053,0.0833333333333332,93
11545,0.0,49
11215,0.0080645161290322,54
11532,-0.1976744186046511,46
75107,0.0,28
75553,-0.119047619047619,32
11547,-0.0769230769230768,5
11554,0.1063829787234043,29
11626,0.0380434782608696,74
75554,0.0888888888888888,5
75173,0.1194029850746267,19
75375,0.0238095238095237,32
11600,0.2045454545454545,92
11601,-0.0799999999999999,78
75002,-0.5266106442577031,27
75558,-0.0909090909090909,99
75104,0.1610576923076923,27
10451,0.0,1
11636,0.0,44
11622,0.1219512195121952,4
11662,0.0,51
11533,0.0072992700729928,37
11707,0.0833333333333332,51
11630,-0.0909090909090909,47
75172,-0.2222222222222222,12
75196,-0.1538461538461538,47
11723,0.3057851239669422,89
11775,0.0740740740740741,93
11779,0.1071428571428572,97
11761,0.0847457627118644,48
11678,-0.1353711790393013,51
75186,0.0175438596491228,85
11718,0.0,20
11534,-0.0086956521739129,59
11614,0.0158730158730158,99
11590,0.2916666666666667,47
11184,-0.0412371134020618,48
75244,-0.0526315789473684,66
11809,-0.2980769230769231,10
19289,-0.0422535211267606,96
11731,0.0740740740740741,76
75106,0.0337423312883435,95
11706,0.0735294117647058,32
22074,-0.1405405405405405,54
11338,0.0476190476190476,32
75261,-0.1158536585365853,95
11828,-0.1129032258064516,90
37217,-0.0514705882352941,2
75272,-0.1649484536082474,24
11599,0.1818181818181818,25
11764,-0.1764705882352941,19
75262,0.0434782608695651,78
11618,-0.0303030303030302,5
10965,0.0227272727272727,92
11958,0.0331753554502369,31
11364,-0.0625,47
11896,-0.0510948905109489,40
11913,0.0674157303370786,65
11861,0.0807453416149068,29
11858,0.1176470588235294,60
75266,-0.0555555555555555,49
10180,0.0,59
75577,0.3221476510067114,20
10360,0.0833333333333332,81
11004,0.064516129032258,75
11853,0.4411764705882353,32
75259,0.0170212765957447,100
75320,0.0090090090090089,90
10967,0.1538461538461537,91
11796,0.118279569892473,19
75308,-0.1124260355029586,52
11927,-0.1098901098901099,58
10901,-0.0491803278688525,78
75316,-0.0873786407766989,50
10453,-0.1764705882352941,44
11868,0.1875,49
75228,-0.0792079207920791,64
75286,0.1147540983606556,30
11994,-0.0588235294117647,90
75288,-0.0062893081761006,99
11964,-0.123076923076923,60
11849,0.0545454545454544,65
11509,-0.1111111111111111,55
11776,-0.1351351351351351,58
11874,-0.018018018018018,60
11899,-0.3272727272727272,71
75356,-0.0169491525423728,2
75328,-0.2432432432432432,85
11936,-0.0242718446601941,84
11888,-0.1111111111111111,50
11752,-0.1666666666666666,32
11970,0.0493421052631579,92
12193,-0.0434782608695651,69
75294,-0.0306122448979592,94
75295,0.0,49
12067,-0.0097087378640776,92
75573,0.0523809523809524,6
12094,-0.2638888888888888,78
11887,0.1878787878787879,19
11976,0.042654028436019,86
75359,-0.0517241379310344,12
75326,0.0569948186528497,46
11998,-0.0714285714285714,45
12284,0.144578313253012,47
75348,0.1758241758241758,71
12048,0.1012658227848102,90
12022,0.2941176470588236,32
12261,0.1807228915662651,47
75585,-0.025,45
12259,0.1546391752577318,89
75422,-0.032258064516129,4
12226,0.0,31
12260,0.0315789473684211,51
12074,-0.0263157894736841,67
75390,-0.172093023255814,40
75397,0.1176470588235294,49
12214,0.0434782608695651,42
11502,-0.0204081632653061,40
12062,-0.074829931972789,6
12190,0.2368421052631579,91
12237,0.3333333333333332,49
75333,0.0283505154639174,66
75462,0.1111111111111111,48
75432,-0.0579710144927536,89
75383,0.0476190476190476,35
75444,-0.1479289940828402,88
75445,0.0559006211180124,85
11975,0.1070110701107012,30
12174,0.0476190476190476,62
75448,0.0459770114942528,69
12131,-0.0204081632653061,42
75479,-0.1636363636363637,32
61671,0.0909090909090908,3
64071,-0.1122448979591836,5
75449,-0.5266666666666666,99
12169,0.2340425531914893,51
75591,0.0360360360360361,48
75483,0.0135135135135135,29
12215,0.2250000000000001,94
75482,-0.0103092783505154,27
75481,0.1632653061224489,93
75477,-0.3378378378378378,32
75480,0.0551181102362203,75
75447,0.2105263157894736,94
10425,-0.088235294117647,87
75604,0.0303030303030302,87
75617,0.1052631578947369,32
75488,0.0816326530612245,11
75485,0.0,92
66173,0.393939393939394,61
75593,0.0606060606060605,94
75602,-0.035,55
75597,-0.0714285714285714,78
75490,0.0279329608938547,37
75609,0.25,49
75627,0.1034482758620689,89
75606,0.2941176470588236,44
75607,0.0,89
75635,0.0823529411764705,44
75603,0.4532374100719425,44
10849,0.0,81
75608,0.0784313725490195,2
63562,-0.0999999999999999,29
59790,-0.037037037037037,97
84911,0.1527777777777776,40
11644,-0.1864406779661016,47
75382,-0.0344827586206896,62
25727,-0.0857142857142857,47
66122,0.0217983651226159,76
54594,-0.0185185185185184,50
10154,0.0952380952380953,28
10867,-0.2604166666666666,48
11790,0.0135135135135135,52
12117,0.0476190476190476,45
12320,-0.0402684563758389,27
13056,0.019650655021834,99
13283,0.1320754716981131,78
50091,0.0805860805860805,93
14286,-0.0769230769230768,89
14526,0.0729166666666667,93
11581,-0.0735294117647058,93
15203,0.3076923076923077,78
15828,0.0333333333333334,16
16126,0.0,5
85885,-0.1875,6
42438,-0.0486111111111111,60
85914,0.1191335740072201,87
55044,-0.0572916666666666,50
18092,-0.0476190476190476,91
18244,-0.0999999999999999,62
55108,0.1568627450980393,33
20336,0.0256410256410255,86
20670,-0.0666666666666666,19
64899,0.3478260869565217,90
22905,-0.0714285714285714,49
23027,-0.09375,49
47175,-0.1124031007751937,30
23660,-0.0373831775700934,52
23975,0.0410958904109588,50
24548,0.1999999999999999,42
30680,0.0922509225092251,99
53401,0.0978260869565217,32
25583,0.3636363636363635,49
56274,-0.0495049504950495,52
48637,-0.1451612903225806,36
36150,0.072289156626506,18
64565,0.0244897959183674,40
12044,-0.0157480314960629,62
87207,0.0588235294117647,97
63554,-0.0233644859813083,50
31318,-0.1538461538461538,60
21872,0.0,45
31536,0.0401785714285714,48
31983,-0.125,69
32046,-0.0333333333333333,16
32054,0.0121951219512195,40
47511,0.0578512396694215,28
33188,0.0,79
33639,0.0158730158730158,92
48143,0.0235294117647058,96
34041,-0.1111111111111111,12
23552,0.0,32
60628,0.1313672922252011,96
63597,-0.0185185185185184,2
57330,-0.0671641791044775,55
37875,-0.0140845070422535,95
20765,0.1056910569105691,1
66923,0.0,11
17144,-0.1066176470588234,29
88357,-0.0277777777777777,96
38907,-0.1153846153846154,28
32205,0.0404040404040404,76
39328,-0.0303030303030302,46
26657,-0.0433070866141732,89
40540,-0.06,87
22250,-0.02,91
64979,-0.2706270627062707,1
41452,-0.2857142857142857,9
27879,-0.0889830508474576,75
50382,0.0731707317073171,32
52716,0.0381231671554251,46
42586,-0.1923076923076923,32
65285,0.0333333333333334,20
62287,0.045045045045045,93
44821,1.0793650793650795,76
44856,0.0606060606060605,59
45103,-0.036231884057971,100
53129,-0.0969387755102041,50
89181,0.1799999999999999,92
46739,0.0777777777777777,75
46843,0.0461538461538462,12
47563,0.0666666666666666,29
89392,0.101123595505618,5
61137,-0.1764705882352941,25
61145,0.2127659574468086,32
50462,-0.0078740157480314,84
49585,0.0144927536231884,43
64020,0.0935672514619883,76
11198,0.0666666666666666,32
59926,0.0316455696202531,3
51423,-0.0869565217391304,72
67328,-0.0726256983240223,99
45022,0.0058479532163742,48
67002,0.0064102564102563,30
52090,-0.0591397849462365,28
59942,0.0068027210884353,55
52602,-0.0625,54
53613,0.2087542087542087,40
54114,0.1225490196078431,24
55213,0.0775862068965518,25
64442,0.3636363636363635,29
65373,-0.15,6
56363,0.0307692307692306,11
52337,0.0833333333333332,100
51377,0.0077519379844961,37
22066,0.0441176470588235,67
57665,0.0204081632653061,80
67010,0.2558139534883721,19
25232,-0.1913875598086124,27
34948,0.1171875,9
35107,0.0416666666666667,33
58675,0.0,55
61621,0.0426829268292683,48
45823,-0.0124999999999999,78
51692,0.0273972602739727,31
40571,-0.0652173913043477,11
64427,-0.1333333333333333,92
65058,0.0649350649350648,48
65307,0.0757575757575756,50
79733,-0.0416666666666666,75
66852,-0.1428571428571429,60
46922,-0.0277777777777777,52
67193,0.0588235294117647,76
67679,0.05,69
67732,0.0270270270270269,48
67970,-0.0645161290322581,90
91679,0.134020618556701,58
69199,0.072072072072072,93
69220,0.0766129032258065,92
69682,-0.0109890109890109,61
70288,-0.0144927536231883,9
38850,0.0,46
71002,0.2083333333333332,5
25283,-0.0153846153846153,95
71934,0.2307692307692308,49
72128,0.0769230769230768,40
72291,0.1515151515151516,61
72486,0.0606060606060605,51
72603,-0.2549019607843137,42
72710,-0.1155778894472361,37
27764,-0.048,4
54471,0.0263157894736842,32
44951,0.1003717472118959,5
58625,0.0121951219512195,36
76022,-0.1428571428571429,55
74500,0.0129870129870128,45
60353,-0.0749999999999999,50
74561,-0.04,47
65752,-0.0749999999999999,52
74975,0.0161290322580645,55
40061,-0.0142857142857142,9
75417,0.3043478260869565,19
75433,0.3333333333333332,85
40694,0.0552486187845304,96
37640,-0.1012658227848101,5
76129,-0.1872146118721461,37
48709,0.2179487179487178,89
92524,-0.0697674418604651,2
47183,0.0084745762711864,84
61217,-0.0780669144981413,78
65306,0.0677966101694915,9
37612,-0.0357142857142857,28
79039,0.0909090909090908,4
79303,-0.0188679245283018,65
65103,-0.1714285714285713,12
47917,0.1685393258426966,55
80013,0.0333333333333334,52
61698,0.28,95
92874,-0.1875,28
81294,-0.0054054054054053,58
19502,-0.0681114551083591,76
81614,0.1999999999999999,32
81702,0.0896057347670251,16
64506,-0.0476190476190476,75
82449,-0.1153846153846154,10
51086,0.0161290322580645,48
53671,-0.1111111111111111,48
83601,-0.04,1
83919,-0.0192307692307692,89
88381,0.0327868852459016,10
88445,-0.0476190476190476,76
68670,-0.0444444444444444,85
88867,-0.0833333333333333,32
21785,-0.0377358490566037,19
10079,-0.1891891891891891,40
10048,0.0,50
10175,-0.2941176470588235,47
10361,0.1388888888888888,91
10397,0.0,84
10434,-0.0813953488372093,91
70148,0.2828947368421053,40
75510,-0.1983805668016194,92
10634,-0.2222222222222222,49
10800,0.0294117647058822,73
10914,-0.1282051282051282,100
10972,-0.06,30
11124,0.1349206349206348,51
11020,-0.018018018018018,24
10087,0.1935483870967742,91
11136,0.0769230769230768,40
11353,-0.0845070422535211,32
11344,0.0357142857142858,91
75033,-0.1388888888888888,19
11424,-0.1515151515151515,93
75068,0.1711711711711712,87
75094,0.0,40
11596,-0.1923076923076923,81
75174,-0.1111111111111111,16
75557,-0.1944444444444444,32
11661,0.0597014925373133,92
11694,0.0454545454545454,81
11727,0.2173913043478261,49
12099,-0.1607142857142857,100
75335,-0.1168831168831169,93
12006,-0.1272727272727273,52
12211,-0.0705394190871369,65
75402,-0.0114942528735632,88
75434,0.131578947368421,51
75625,-0.0284360189573459,87
