Firm Name,Momentum_1,Long Short,Cluster Index
WSL.L,-0.65,1,1
CSCP.L^L11,-0.3421052631578947,1,1
MRV.L^A06,-0.2666666666666667,1,1
HST.L^G04,-0.24,1,1
CAB.L^I05,-0.2391304347826086,1,1
DSN.L^K15,-0.2196969641421662,1,1
BOLG.L^B16,-0.1875,1,1
LTW.L^B10,-0.1846153847967235,1,1
JD.L,-0.1699716713881021,1,1
PHS.L^G04,-0.1684782608695652,1,1
CBMR.L^C09,-0.1632653061224489,1,1
XEN.L^I05,-0.1568627386669482,1,1
XPG.L^J08,-0.1428571428571429,1,1
LDSG.L,-0.1428571428571429,1,1
NCU.L^G07,-0.1428571428571429,1,1
BDI.L^L16,-0.1363636363636363,1,1
EUP.L^H04,-0.1306818181818182,1,1
BRTR.L^L06,-0.1294117647058823,1,1
INTI.L^H09,-0.127659574468085,1,1
SOLI.L,-0.1259842519685039,1,1
EIG.L^I04,-0.125,1,1
QMOT.L^J04,-0.125,1,1
IVS.L^L09,-0.1219512195121951,1,1
PMH.L^G05,-0.12,1,1
SMWH.L,-0.1156289707750952,1,1
ISPT.L^H09,-0.1142857142857143,1,1
KBT.L,-0.1111111111111111,1,1
MNGS.L^L12,-0.1102362204724409,1,1
REF.L^H09,-0.1081081081081081,1,1
RUA.L,-0.1064516129032256,1,1
BFG.L^K06,-0.1044776119402984,1,1
LNU.L^B05,-0.1030927835051546,1,1
TTLS.L^G10,-0.1021897810218978,1,1
PNN.L,-0.1015384615384616,1,1
SIXH.L,-0.1013215859030837,1,1
AON.L^G05,-0.0999999999999999,1,1
DINT.L^I12,-0.0999999999999999,1,1
HBOS.L^A09,-0.0956968529273711,1,1
FFY.L^B17,-0.0949227478271638,1,1
HEP.L^D11,-0.0944881872076199,1,1
CGR.L^D07,-0.0944444444444444,1,1
NWG.L,-0.0941652224147892,1,1
CNSP.L,-0.0919540229885057,1,1
SGE.L,-0.0915208613728127,1,1
PMGR.L,-0.0897435897435897,1,1
MHT.L^C04,-0.088888888888889,1,1
ITK.L^H10,-0.0888888888888889,1,1
DVO.L^D23,-0.0881458966565349,1,1
SMON.L^H07,-0.0875,1,1
LLOY.L,-0.0871459694989104,1,1
FODR.L^I08,-0.0821917822661248,1,1
MFW.L^J14,-0.0799999999999999,1,1
DAGR.L^K07,-0.0789473684210526,1,1
MACF.L,-0.0784313725490196,1,1
MWLM.L^C06,-0.0772946859903381,1,1
CRPL.L,-0.0735294117647059,1,1
OPD.L^G10,-0.0714285714285714,1,1
MNR.L^I11,-0.0674698795180722,1,1
SLN.L^K21,-0.0666666667666465,1,1
GHI.L^A07,-0.0641025641025641,1,1
BT.L,-0.063063063063063,1,1
HTI.L^I11,-0.0625,1,1
NAE.L^I08,-0.0624999980977589,1,1
DGO.L^I15,-0.0619469026548672,1,1
IXI.L,-0.0609756097560977,1,1
CGS.L,-0.06,1,1
UTG.L,-0.059347181008902,1,1
SPHN.L,-0.0588235294117647,1,1
SDD.L^K05,-0.0588235294117647,1,1
HCL.L^I08,-0.0576923076923077,1,1
CTID.L,-0.0571428571428571,1,1
WSW.L^E07,-0.0561797752808989,1,1
RNSM.L^B11,-0.0561797752808989,1,1
VRD.L^L06,-0.0560000008354475,1,1
HTG.L,-0.055793991416309,1,1
PIRI.L,-0.0555555555555555,1,1
NWB_pa.L,-0.0555555555555555,1,1
WNS.L^G09,-0.0533333333333333,1,1
ICM.L^F07,-0.0531914893617021,1,1
CLEA.L^D13,-0.0526315789473684,1,1
BFRD.L^A07,-0.0512820512820513,1,1
AAT.L^K12,-0.0510204158279867,1,1
SUS.L,-0.0497237569060773,1,1
SNCL.L^B16,-0.0496894409937888,1,1
AMNX.L,-0.0490196078431371,1,1
ITAM.L^L10,-0.0476190476190476,1,1
SCPA.L^D21,-0.046875,1,1
EDFD.L^A04,-0.0454545454545454,1,1
WMY.L^I05,-0.0450254175744372,1,1
FUTR.L,-0.0447761194029849,1,1
DLAR.L,-0.0444839857651244,1,1
DMGOa.L^A22,-0.0443478241171192,1,1
EXPN.L,-0.0427586206896551,1,1
GUS.L^J06,-0.0427586203590785,1,1
BMT.L,-0.0414507772020725,1,1
BLK.L^B04,-0.0413793103448275,1,1
SSL.L^K10,-0.0406015037593985,1,1
GOV.L^D04,-0.04,1,1
NXT.L,-0.0398053958425472,1,1
PAGPA.L,-0.0376175548589342,1,1
CSLT.L^B13,-0.037518034452006,1,1
ARSP.L^L11,-0.037037037037037,1,1
NTY.L^J10,-0.037037037037037,1,1
BEH.L^G09,-0.037037037037037,1,1
MCG.L,-0.0357292980243799,1,1
SHM.L^K05,-0.0344827586206896,1,1
FCD.L^I07,-0.0344827586206896,1,1
LNGO.L^L06,-0.0343839540517091,1,1
NTEA_p.L,-0.0325581395348837,1,1
WDSW.L^F06,-0.0323886639676113,1,1
CLF.L^F04,-0.032,1,1
ARBB.L,-0.0317460317460316,1,1
BWS_p.L,-0.03125,1,1
PAM.L^J07,-0.03125,1,1
HMF.L^F10,-0.03125,1,1
GRG.L,-0.0298039215686275,1,1
SVT.L,-0.0292353823088455,1,1
BTW_pa.L,-0.0289330922242314,1,1
DCG.L^D19,-0.0288568257491675,1,1
MFX.L,-0.0285714285714285,1,1
CNR.L^G05,-0.0281249999999999,1,1
OPSS.L^L15,-0.0277777684652413,1,1
GLH.L^D07,-0.0271929824561403,1,1
DQ5.L^A21,-0.0256410256410256,1,1
4502q.L^J08,-0.0254629629629629,1,1
NRK.L^C08,-0.0251221214235868,1,1
RSG.L^I07,-0.0239043824701195,1,1
ELM.L,-0.0238095238095238,0,1
UAI.L^L21,-0.0237467017868135,0,1
ANL.L^K04,-0.023534840793724,0,1
DOPR.L^F15,-0.0229885057471264,0,1
INGI.L,-0.0222222222222222,0,1
ENDN.L^H08,-0.0217391304347825,0,1
UDG.L^H21,-0.0213523131672598,0,1
SDG.L,-0.0204081632653061,0,1
7270q.L^J08,-0.0202874049027894,0,1
GACC_p.L,-0.0202839756592292,0,1
MTLI.L^C08,-0.0202702702702702,0,1
ICP.L,-0.0197768762677483,0,1
FNT.L^I09,-0.0193236714975845,0,1
TPT.L,-0.0192539109506617,0,1
FIH.L,-0.0189189189189188,0,1
ABF.L,-0.0179584120982988,0,1
ITS.L^E04,-0.017391304347826,0,1
RNK.L,-0.0172413793103449,0,1
HLCL.L,-0.0172413793103448,0,1
SUH.L,-0.0170454545454545,0,1
GPEG.L,-0.0166320166320167,0,1
LVD.L^C17,-0.0165562913907284,0,1
URM.L^K05,-0.0163934426229508,0,1
WTT.L^I04,-0.0162162162162161,0,1
QLC.L^G09,-0.0162162162162161,0,1
JAS.L^L06,-0.0155440414507772,0,1
HTL.L^B07,-0.0155172413793103,0,1
VERO.L^G10,-0.0153846153846153,0,1
UU.L,-0.0151971394330344,0,1
RDGC.L^A22,-0.0149253731343284,0,1
AWG.L^L06,-0.0148422997543846,0,1
DCS.L^G06,-0.0142857142857142,0,1
9502q.L^J08,-0.0139534883720929,0,1
LAS.L,-0.0135135135135134,0,1
ELL_p.L,-0.0129870129870129,0,1
THT.L^H15,-0.0128755364806867,0,1
WWH.L,-0.012847965738758,0,1
GNC.L,-0.0121951219512196,0,1
CLO.L^I06,-0.0119047619047618,0,1
BAA.L^H06,-0.0114130434782608,0,1
SMIN.L,-0.011149825783972,0,1
TLW.L,-0.0110497237569062,0,1
TTG.L,-0.0108695652173913,0,1
ULE.L^H22,-0.0105465004793864,0,1
SGP.L^I07,-0.009950248756219,0,1
DGG.L^K07,-0.0099502487562188,0,1
CNA.L,-0.0096418732782369,0,1
5108q.L^J08,-0.0091491308325708,0,1
RIICi.L,-0.0091324200913244,0,1
HVT.L,-0.009090909090909,0,1
AUALG.L^H12,-0.0088495575221239,0,1
BATS.L,-0.008533747090768,0,1
ALLL.L^J08,-0.0084175084175084,0,1
9832q.L^C07,-0.0079439252336448,0,1
LMR.L^K11,-0.0078475339352709,0,1
7751q.L^J08,-0.0077854671280276,0,1
PRF.L^B06,-0.0069930069930069,0,1
IEG.L^E05,-0.0060422960725075,0,1
PLL.L^G05,-0.0058139523527466,0,1
VANQ.L,-0.0054517133956384,0,1
AIF.L^K21,-0.0054347826086956,0,1
TCHG.L^J09,-0.0051020408163264,0,1
JBC.L^F05,-0.0049627791563275,0,1
4503q.L^J08,-0.0048231511254018,0,1
BAB.L,-0.0044843049327355,0,1
LRD.L^G18,-0.0041928704618737,0,1
SOF.L^L05,-0.0038910505836575,0,1
9503q.L^J08,-0.0032188841201716,0,1
BIV.L^D06,-0.0032154340836012,0,1
CHG.L,-0.0024539877300614,0,1
TOPS.L^H05,-0.0022172949002217,0,1
TPK.L,-0.0015974440894568,0,1
IMB.L,-0.0010204081632652,0,1
GEE.L^G05,0.0,0,1
GSJ.L^H05,0.0,0,1
OXT.L^G22,0.0,0,1
DSL.L^E08,0.0,0,1
0293q.L^J08,0.0,0,1
4901q.L^J08,0.0,0,1
NORP.L^H08,0.0,0,1
HLC.L^I06,0.0,0,1
0011q.L^J08,0.0,0,1
PTG.L^B07,0.0,0,1
ALR.L^F06,0.0,0,1
SMDS.L,0.0,0,1
MVCT.L,0.0,0,1
NTHV.L,0.0,0,1
GRH.L^L10,0.0,0,1
GHL.L^H04,0.0,0,1
UVT.L^C05,0.0,0,1
SGF.L^B06,0.0,0,1
ESGN.L^H04,0.0,0,1
VERBq.L^I04,0.0,0,1
GTSi.L^J05,0.0,0,1
TTL.L^I05,0.0,0,1
CDFF.L,0.0,0,1
STVZ.L^I13,0.0,0,1
DI3O.L^L13,0.0,0,1
SNV.L^G05,0.0,0,1
HAY.L^D04,0.0,0,1
ATIA.L^H15,0.0,0,1
BZT.L,0.0,0,1
TOME.L,0.0,0,1
VOESq.L^K08,0.0,0,1
0013q.L^J08,0.0,0,1
TV1.L,0.0,0,1
BARV.L,0.0,0,1
SAFL.L^E19,0.0,0,1
KAY.L,0.0,0,1
WTTp.L^B07,0.0,0,1
FMR.L^F06,0.0,0,1
HMPp.L^L05,0.0,0,1
ENZA.L^D05,0.0,0,1
LGU.L^E04,0.0,0,1
BLEYb.L^D06,0.0,0,1
HWC.L,0.0,0,1
NAQ.L^F09,0.0,0,1
BGI.L^F06,0.0,0,1
9531q.L^J08,0.0,0,1
RVC.L^A07,0.0,0,1
JLEC.L,0.0,0,1
0504q.L^D05,0.0,0,1
PEIi.L^E06,0.0,0,1
CRGT.L,0.0,0,1
0016q.L^J08,0.0,0,1
SBG.L^D07,0.0,0,1
BRAM.L^B17,0.0,0,1
SSNi.L^J05,0.0,0,1
SHOL.L^L07,0.0,0,1
GTSx.L^J05,0.0,0,1
NRI.L^L18,0.0,0,1
MGTC.L^D07,0.0,0,1
JUKG.L^C21,0.0,0,1
0941q.L^J08,0.0,0,1
NTV.L,0.0,0,1
INVM.L,0.0,0,1
ADB.L^E04,0.0,0,1
RFGR.L,0.0,0,1
RUES.L^F13,0.0,0,1
BSV.L,0.0,0,1
FAP.L^L05,0.0,0,1
TOYE.L^I14,0.0,0,1
AMECp.L^B07,0.0,0,1
EVNVq.L^I04,0.0,0,1
LSMRx.L^E11,0.0,0,1
TTNM.L^A12,0.0,0,1
PEB.L,0.0,0,1
VOC.L^E05,0.0,0,1
TDGb.L^L08,0.0,0,1
QUE.L^F05,0.0,0,1
SWP.L^K16,0.0,0,1
VIEVq.L^I04,0.0,0,1
CSEi.L^F05,0.0,0,1
DNICi.L^F07,0.0,0,1
WEP.L^L06,0.0,0,1
GLAD.L^E10,0.0,0,1
AMER.L^A20,0.0,0,1
CBRS.L^F08,0.0,0,1
0267q.L^J08,0.0,0,1
HTM.L^A06,0.0,0,1
IAF.L^L08,0.0,0,1
DA1O.L^L13,0.0,0,1
VATEq.L^I04,0.0,0,1
LVCG.L,0.0,0,1
6773q.L^J08,0.0,0,1
ASBE.L,0.0,0,1
EJV.L^B04,0.0,0,1
PEIx.L^E06,0.0,0,1
WLG.L^J16,0.0,0,1
DNIC.L^F07,0.0,0,1
AADV.L,0.0,0,1
GOH.L^J04,0.0,0,1
NEWM.L^K09,0.0,0,1
DET.L^A06,0.0,0,1
BPCq.L^I04,0.0,0,1
0012q.L^J08,0.0,0,1
OMVVq.L^I04,0.0,0,1
DMGO.L^J13,0.0,0,1
0003q.L^J08,0.0,0,1
HTB.L^L07,0.0,0,1
TEA.L^F16,0.0,0,1
TRICR.L^J17,0.0,0,1
KBCAT.L^D16,0.0,0,1
BLEY.L^B19,0.0,0,1
ESHp.L^J05,0.0022522522522523,0,1
SHB.L^C23,0.0023094688221709,0,1
JGICix.L^L07,0.0028901734104045,0,1
SCF.L,0.0032,0,1
5201q.L^J08,0.0036341611144761,0,1
KGF.L,0.0036900369003691,0,1
WNER.L^H13,0.0039011703511053,0,1
KLR.L,0.0039370078740157,0,1
LJH.L^E04,0.004,0,1
MKS.L,0.0040983606557378,0,1
PNL.L,0.0049019607843139,0,1
MIDW.L,0.0049751243781093,0,1
UKM.L^L16,0.0052631578947368,0,1
KIE.L,0.0061135371179039,0,1
IQAI.L,0.006514657980456,0,1
GOS.L^I08,0.0067113985818254,0,1
BCST.L^I05,0.0075757575757575,0,1
MTC.L,0.0078125,0,1
WKP.L,0.0084388185654009,0,1
7752q.L^K08,0.0085787155112451,0,1
PNE.L^I10,0.0086206896551723,0,1
DIG.L,0.0088626292466764,0,1
9501q.L^J08,0.0088888888888889,0,1
BLND.L,0.0090135202804206,0,1
KCT.L,0.0092348284960421,0,1
GB0891107.L^I04,0.0099009900990099,0,1
JET2.L,0.0101010101010101,0,1
WCRX.L^A05,0.010441767068273,0,1
AB.L^G07,0.0106060606060607,0,1
SIR.L^G07,0.0106951871657754,0,1
LMSO.L^B07,0.0109890061146824,0,1
QRT.L,0.0110701107011068,0,1
BARC.L,0.0114503816793891,0,1
LSB.L^L08,0.0114942528735633,0,1
TPY.L^C06,0.0117647058823529,0,1
III.L,0.0118110236220472,0,1
BOS.L^G06,0.0130434782608694,0,1
VOD.L,0.0130434782608699,0,1
LPK.L^K05,0.013157894736842,0,1
MCKS.L^E22,0.0140845041192463,0,1
BII.L^A11,0.0141844034673752,0,1
HRLM.L^J09,0.0142857142857142,0,1
DPLM.L,0.0146699266503667,0,1
BRPI.L^H16,0.0148148148148148,0,1
CFX.L,0.0150375939849625,0,1
DWN.L^I11,0.0150943396226415,0,1
GSCT.L,0.0152777777777777,0,1
PHP.L,0.0160857908847185,0,1
BLKA.L^B10,0.0162601626016261,0,1
WGM.L^B05,0.0163339382940108,0,1
CPI.L,0.0164778578784756,0,1
CLLN.L,0.0166112956810631,0,1
CNN.L,0.0169491525423728,0,1
LNGOp.L^L06,0.0169902887592929,0,1
ADIG.L,0.0171568627450979,0,1
PNIG.L,0.0172413793103447,0,1
BMK.L^G04,0.0172910662824208,0,1
GB0242437.L^K04,0.017348203221809,0,1
MARS.L,0.0175808720112518,0,1
TFL.L^J13,0.018181818181818,0,1
YNGa.L,0.0182370820668693,0,1
STWT.L^H18,0.01840490797546,0,1
CRU.L,0.0185185185185186,0,1
LWDB.L,0.0185185185185186,0,1
SAT.L^F06,0.0185995623632384,0,1
DTZ.L^L11,0.0186046511627906,0,1
SMN.L^I06,0.0188679245283018,0,1
BBB.L^J14,0.0188679245283018,0,1
RWI.L,0.0194174757281553,0,1
ETL.L^G07,0.0196078431372548,0,1
JPT.L^D05,0.02,0,1
BOOT.L,0.0202492211838005,0,1
JRTCi.L^J04,0.0207852193995381,0,1
VCTX.L,0.0212164073550211,0,1
RCP.L,0.0213004484304932,0,1
PORV.L,0.0214067278287461,0,1
SLNG.L,0.0214592274678111,0,1
FDI.L^C20,0.0215053768896702,0,1
WHM.L^D08,0.021551724137931,0,1
BWNG.L,0.0219780219780221,0,1
JCH.L,0.0223642172523961,0,1
MLA.L^K06,0.0225563909774435,0,1
FEV.L,0.0225711481844945,0,1
BWG.L^F06,0.0227272726496905,0,1
CRTO.L^A05,0.0227272727272727,0,1
TNS.L^K08,0.0227848101265821,0,1
PLI.L^K20,0.0230088494901241,0,1
LTHM.L,0.0230769230769229,0,1
0069q.L^J08,0.0230769230769232,0,1
MGGT.L^I22,0.0233644859813082,0,1
CNT.L^J10,0.0234375,0,1
BND.L^B05,0.0236087689713322,0,1
AEI.L,0.0238095238095237,0,1
JCKS.L^C06,0.0242424242424241,0,1
BGEU.L,0.0245231607629425,0,1
AAVC.L,0.0245901639344261,0,1
ITF.L^H07,0.0253164556962024,0,1
GNK.L^J19,0.0253317234312817,0,1
EXL.L^L05,0.0253731343283583,0,1
OXIG.L,0.0256410256410255,0,1
WEIR.L,0.0261194029850746,0,1
SWJ.L^J15,0.0263808738664468,0,1
CAL.L,0.0265095729013253,0,1
ULVR.L,0.0267062314540058,0,1
BOY.L,0.0268456375838921,0,1
IMI.L,0.0270061728395063,0,1
RPC.L^G19,0.0270270263767877,0,1
ISM.L^K04,0.0270270270270269,0,1
BPFU_u.L,0.0270270270270269,0,1
ADN.L^H17,0.0270270270270271,0,1
JRVS.L^J14,0.0270676691094347,0,1
IRV.L^C19,0.0270833363241573,0,1
AV.L,0.0274588117823264,0,1
MAJE.L,0.0277078085642317,0,1
LWI.L,0.0278044103547459,0,1
SAVG.L^A14,0.0282485875706215,0,1
MUL.L,0.0285716636735231,0,1
JEDT.L,0.028720626631854,0,1
SHI.L,0.028813559322034,0,1
SCIN.L^I22,0.0288288288288289,0,1
PANI.L,0.0292580982236154,0,1
CRH.L,0.029535864978903,0,1
AZN.L,0.0296296296296296,0,1
CLSH.L,0.0298507462686565,0,1
AMFW.L^J17,0.0298507462686568,0,1
INME.L^H19,0.0300429034957006,0,1
GB0160755.L^I07,0.0300429184549355,0,1
IBT.L,0.0303030303030302,0,1
NG.L,0.0304635761589404,0,1
PVI.L^K04,0.0310077519379845,0,1
VIDV.L,0.0312925170068028,0,1
CWG.L^F04,0.0313725490196079,0,1
CTUK.L,0.0315457413249211,0,1
CCC.L,0.0316455696202531,0,1
WSP.L,0.032,0,1
DJAN.L^E20,0.0320121951219511,0,1
LGEN.L,0.0324999999999999,0,1
VIP.L,0.0327272727272727,0,1
BVIT.L^F05,0.0330275229357797,0,1
TBTx.L^C07,0.0332147093712928,0,1
ATST.L,0.0333080999242998,0,1
FII.L^J14,0.0333333333333334,0,1
HDYS.L^I06,0.033452807646356,0,1
TFG.L^E04,0.0334928229665072,0,1
INF.L,0.0335195530726257,0,1
ISPHI.L^E11,0.0338983050847456,0,1
GOG.L^J22,0.0341726618705036,0,1
CHS.L^B11,0.0345679011632114,0,1
DGC.L^G08,0.0346820809248555,0,1
ATS.L,0.0350877192982455,0,1
BUT.L,0.0355731225296442,0,1
AHT.L,0.0357142857142855,0,1
MGTCi.L^D07,0.0357142857142858,0,1
RHL.L^G19,0.0357143274668723,0,1
ARCC.L^I04,0.036144578313253,0,1
D4T4.L,0.036144578313253,0,1
SHP.L^A19,0.0361894624800425,0,1
MNP.L,0.0362318840579709,0,1
TSCO.L,0.0366863905325447,0,1
SCTN.L^D08,0.0373387644263407,0,1
BGUK.L,0.0373563218390806,0,1
IAW.L^H08,0.0373998219056099,0,1
JDR.L^J09,0.0375,0,1
STG.L^G06,0.037593984962406,0,1
AKC.L^F04,0.0376712328767123,0,1
BP.L,0.0377245508982035,0,1
SIB.L^E05,0.0384615384615385,0,1
LMSOd.L^G04,0.0384615384615385,0,1
HAMP.L^K12,0.0386598070138133,0,1
RETV.L^K08,0.0388349514563106,0,1
SAIN.L,0.03886925795053,0,1
BLPU.L,0.0390946502057611,0,1
ESCT.L,0.0392156862745101,0,1
HNE.L,0.0396475770925108,0,1
LGM.L^J08,0.04,0,1
SVC.L^L07,0.04,0,1
REL.L,0.040084388185654,0,1
ALBK.L^A11,0.0404858299595141,0,1
0142q.L^J08,0.040816326530612,0,1
SBE.L^H09,0.0408163265306122,0,1
ARD.L^A07,0.0409556313993173,0,1
SMJ.L,0.0411764705882353,0,1
WTR.L^C19,0.0415094285084975,0,1
BAF.L,0.0416666666666667,0,1
PIV.L^J07,0.0416666666666667,0,1
RDN.L^B05,0.0416666666666667,0,1
TNL.L^G06,0.0416666807909653,0,1
CTY.L,0.04177545691906,0,1
MNZS.L^H22,0.0421875,0,1
RM.L,0.0423076923076921,0,1
NAIT.L,0.0424870466321243,0,1
PFP.L,0.0425531914893617,0,1
CMH.L,0.042622950819672,0,1
XAN.L^J07,0.042654028436019,0,1
JHD.L,0.0431034482758621,0,1
FPR.L^J07,0.0431654675793178,0,1
NTAS.L,0.0432692307692308,0,1
WTC.L^K09,0.0434782700050175,0,1
WDNY.L^H09,0.043956043956044,0,1
REXp.L^J06,0.0440060681097191,0,1
MNL.L,0.0444444444444447,0,1
SSE.L,0.0446066504460664,0,1
FSTA.L,0.0446428571428569,0,1
CGT.L,0.0446735395189004,0,1
RSW.L,0.0449101796407185,0,1
WUN.L^A07,0.0449438202247192,0,1
SVI.L^F17,0.0452209660842755,0,1
LRG.L^I07,0.0454545454545454,0,1
MRCH.L,0.0461049284578696,0,1
WTB.L,0.0462068965517241,0,1
LFI.L,0.0465116279069768,0,1
PTTD.L,0.046511627906977,0,1
TATE.L,0.0466472303206995,0,1
6752q.L^J08,0.0471894517696045,0,1
WTAN.L,0.0473684210526317,0,1
JGGI.L,0.0476190476190474,0,1
FGP.L,0.0476190476190476,0,1
CPRC.L^A20,0.0477508650519031,0,1
CLDN.L,0.0477528089887639,0,1
ROR.L,0.0478260869565216,0,1
JUSC.L,0.0478821362799264,0,1
CITY.L^A23,0.0480769230769231,0,1
6753q.L^J08,0.0481330221703617,0,1
HCFT.L,0.0481927710843372,0,1
CIHL.L^K21,0.0483870967741935,0,1
DWHT.L,0.0486486486486485,0,1
SDV.L,0.0492610837438425,0,1
VDY.L^I06,0.0496957403651114,0,1
IPU.L,0.0500582072176949,0,1
DEEV.L^B17,0.0504201680672269,0,1
BRW.L^I22,0.0504201680672269,0,1
MNKS.L,0.0507131537242471,0,1
MTO.L,0.05078125,0,1
TYMN.L,0.0508474576271187,0,1
CBRO.L,0.0509776536312849,0,1
FUT.L^H06,0.0511247443762781,0,1
WGC.L^F06,0.0511363636363635,0,1
MKLW.L^F19,0.0511363636363635,0,1
FIO.L^I08,0.0512820512820513,0,1
BRLA.L,0.0515151515151515,0,1
BOC.L^I06,0.0520094562647754,0,1
AAS.L,0.0520134228187922,0,1
ARFL.L^I05,0.0526315789473683,0,1
SUA.L^H04,0.0526315789473683,0,1
BVC.L,0.0526315789473683,0,1
GHH.L,0.0528634361233479,0,1
SBRY.L,0.0530303030303029,0,1
CHW.L^J15,0.053097344941591,0,1
BAG.L,0.0536499560246264,0,1
JRTC.L^J04,0.0537313432835822,0,1
DIA.L^I04,0.0538461538461538,0,1
7211q.L^J08,0.0538922155688623,0,1
BPP.L^H09,0.0539629005059021,0,1
DLN.L,0.0542118432026688,0,1
DCC.L,0.0543018335684062,0,1
CAME.L,0.0547945205479452,0,1
HOF.L^K06,0.0555555555555555,0,1
AIM.L^H04,0.0555555555555555,0,1
JSRE.L^D07,0.0564663023679417,0,1
OCN.L,0.0568720379146918,0,1
DIAL.L,0.057494866529774,0,1
7269q.L^J08,0.0580645161290322,0,1
WPP.L,0.0584176632934683,0,1
TOMK.L^I10,0.0584737363726461,0,1
KIN.L^C08,0.0588235294117647,0,1
FUS.L^F11,0.0588235294117647,0,1
8001q.L^J08,0.0590841949778433,0,1
LAND.L,0.0591102985984157,0,1
PCF.L^L22,0.0594059405940594,0,1
NZL.L^B08,0.0594594594594595,0,1
INTUP.L^G20,0.0595144868782679,0,1
AUN.L^G06,0.0600414078674949,0,1
FIG.L^A06,0.0602150537634409,0,1
AGA.L^I15,0.0604651118996133,0,1
MLE.L^I04,0.0606060606060605,0,1
BXTN.L^H09,0.0606060606060605,0,1
7912q.L^J08,0.0606060606060605,0,1
RDW.L,0.060698027314112,0,1
BION.L^A08,0.0607287449392712,0,1
VRY.L^B07,0.0612244897959184,0,1
6770q.L^J08,0.0614218504966022,0,1
CHFT.L^L08,0.0615384615384615,0,1
RTN.L,0.062068965517241,0,1
SPX.L,0.0623084780388152,0,1
AGGK.L^H21,0.0625,0,1
MAVT.L,0.0625,0,1
MEN.L^F04,0.0629370629370629,0,1
VER.L^J18,0.0634920628681559,0,1
KPCK.L,0.0635792778649919,0,1
FCIT.L,0.0635838150289016,0,1
FSV.L,0.063716814159292,0,1
BFP.L^B05,0.0638297872340425,0,1
POCH.L^H14,0.064139941690962,0,1
EBOq.L^I04,0.064516129032258,0,1
MTU.L,0.0647773279352226,0,1
IMED.L^E11,0.0654205607476634,0,1
FEML.L,0.0654490106544898,0,1
PNS.L,0.0655737704918031,0,1
IVZ.L^L07,0.0658713692946058,0,1
EDIN.L,0.0663082437275985,0,1
TDG.L^J08,0.0666666666666666,0,1
CRDA.L,0.0670289855072459,0,1
DGE.L,0.0670876085240725,0,1
DVR.L^I06,0.0671936758893281,0,1
PFO.L^L13,0.0672268907563025,0,1
GSK.L,0.0673575129533678,0,1
QYM.L^H13,0.0675675675675675,0,1
EWI.L,0.0676982591876209,0,1
RNO.L,0.0679012345679013,0,1
ASD.L^K11,0.0680628272251309,0,1
GLEG.L,0.0680851063829788,0,1
DRW.L^I04,0.0681818181818183,0,1
CRCRE.L^L16,0.06857143542166,0,1
HSBA.L,0.0686723348593851,0,1
LONR.L^G13,0.0689655172413792,0,1
PCT.L,0.0693069306930691,0,1
WNRG.L,0.0694444444444444,0,1
VTYV.L,0.0696629213483146,0,1
MKP.L^K05,0.069767441860465,0,1
TSTT.L,0.0697674418604652,0,1
HAST.L^L20,0.0700000002710821,0,1
6991q.L^J08,0.07001321003963,0,1
RS1R.L,0.0700280112044817,0,1
ESY.L^B06,0.0700389105058365,0,1
REDD.L,0.0700389105058367,0,1
COA.L,0.070175438596491,0,1
TITN.L,0.0701754385964912,0,1
ALV.L^I04,0.0703125,0,1
RCDO.L,0.0705882352941176,0,1
CMO.L^C06,0.0709677419354839,0,1
SIG.L^C16,0.0712530712530712,0,1
RGP.L,0.0714285714285714,0,1
HSBAq.L^K07,0.0716577540106953,0,1
EIV.L^E05,0.0718232044198894,0,1
HSM.L,0.072,0,1
AGT.L,0.0720838794233291,0,1
ANII.L,0.0723404255319148,0,1
NPN.L^C14,0.0724346077288387,0,1
YOR.L^J04,0.0724637681159421,0,1
MTVW.L,0.0727272727272727,0,1
BNKR.L,0.0728008088978764,0,1
PSON.L,0.0732870771899392,0,1
BAE.L^D15,0.0734463276836159,0,1
MCE.L^F05,0.0737179487179486,0,1
TOWNT.L,0.0740740740740741,0,1
EDU.L^K07,0.0747508305647841,0,1
MSLH.L,0.0747663551401869,0,1
MIOT.L^J13,0.0751173708920187,0,1
LCT.L^E11,0.0751879699248121,0,1
KMR.L,0.0757575757575759,0,1
BDEV.L,0.0759939607448412,0,1
DTK.L^C10,0.0761904761904761,0,1
AIS.L^C05,0.0761904761904763,0,1
ABP.L^H06,0.0763157894736841,0,1
UCM.L^D07,0.0773480662983425,0,1
SHEL.L,0.0775816841882468,0,1
TEM.L,0.0776892430278883,0,1
MPLS.L^H10,0.0779816513824458,0,1
JJB.L^K12,0.0781609197493531,0,1
SLY.L^K06,0.0781954887218043,0,1
HFEL.L,0.0784023668639053,0,1
RIO.L,0.0788253477588869,0,1
MIIT.L^I18,0.0792079207920792,0,1
BTT.L^H05,0.0797101449275361,0,1
GKLL.L^J14,0.08,0,1
CRPR.L,0.08,0,1
STAN.L,0.0801526717557252,0,1
SXS.L,0.080267558528428,0,1
RKT.L,0.0807174887892376,0,1
HMSO.L,0.0810295519542423,0,1
HLMA.L,0.0814814814814814,0,1
GTG.L^K06,0.0818713450292398,0,1
GGO.L^F05,0.0819209039548023,0,1
BKGH.L,0.0823459715639809,0,1
THCL.L^L07,0.0824261275272162,0,1
SN.L,0.0828877005347594,0,1
WIL.L,0.0829268292682927,0,1
ELX.L^C09,0.0833333333333332,0,1
JPR.L^K18,0.0835294117790867,0,1
AAP.L^I07,0.0839160839160839,0,1
HRI.L,0.0839285714285713,0,1
FORM.L^F06,0.0841121495327101,0,1
RBG.L^F10,0.0848484847462818,0,1
FCHK.L,0.0851063829787235,0,1
MRCM.L,0.0851254480286738,0,1
PKW.L^F11,0.0852272727272727,0,1
SDR.L,0.0863636363636364,0,1
HSX.L,0.0863787375415279,0,1
ITV.L,0.0867346938775512,0,1
RCH.L,0.0868665977249225,0,1
TOU.L^L11,0.0884955752212388,0,1
SFR.L,0.088495575221239,0,1
SDRt.L^I22,0.0885860306643953,0,1
DNDL.L^J18,0.088646958825447,0,1
HYWD.L^J09,0.0890688259109311,0,1
KFX.L^C15,0.0896226415094338,0,1
CNE.L,0.08974358974359,0,1
LMI.L^F19,0.0899999999558072,0,1
SLH.L^I05,0.0900473933649288,0,1
ATT.L,0.0901856763925728,0,1
ASA.L^K17,0.090909070520567,0,1
AIN.L^E05,0.0909090909090908,0,1
TFW.L,0.090909090909091,0,1
CHCH.L,0.0911764705882351,0,1
CDI.L^E18,0.0913793103448277,0,1
BNZL.L,0.0923976608187133,0,1
MSN.L^L07,0.0933852140077819,0,1
SDY.L,0.0937931034482759,0,1
HAN.L,0.0938053097345132,0,1
WLB.L^D07,0.0947630922693267,0,1
GB0496870.L^I04,0.0950704225352112,0,1
FUIN.L^G09,0.0952380952380953,0,1
WCW.L,0.0956521739130433,0,1
PETA.L,0.095890410958904,0,1
PRU.L,0.0963494913225613,0,1
RAM.L^B14,0.0970873786407766,0,1
CFYN.L,0.0973451327433627,0,1
NAR.L,0.0973451327433629,0,1
HDW.L^B05,0.0977011494252872,0,1
IPM.L^I11,0.0980248719824432,0,1
JVP.L^A07,0.098360655737705,0,1
HBR.L,0.0983606557377052,0,1
AIEA.L,0.0992366412213741,0,1
EWD.L^E07,0.1,0,1
BILN.L,0.1,0,1
SNR.L,0.1,0,1
RAT.L,0.1012875536480686,0,1
BRMS.L,0.1019283746556474,0,1
MPH.L^K08,0.1020408163265305,0,1
MCN.L^F05,0.1020408163265305,0,1
0020q.L^J08,0.102112676056338,0,1
WBY.L^B06,0.102439024390244,0,1
GB0379852.L^G04,0.1024509803921569,0,1
SGRO.L,0.1026561378320172,0,1
IJD.L^J07,0.1028037383177569,0,1
ATTR.L,0.1034482758620689,0,1
ABU.L^B09,0.1036036036036036,0,1
FDSA.L^I18,0.1036585373177645,0,1
RTO.L,0.1039473684210525,0,1
DXNS.L^H14,0.1047430744076518,0,1
ADD.L^C12,0.1050583614254594,0,1
CEPS.L,0.1052631578947369,0,1
TET.L,0.1063829787234043,0,1
MOR.L^F10,0.1068702224465805,0,1
ITN.L^C05,0.1071428571428572,0,1
BRSN.L^I17,0.1074270557029177,0,1
SVS.L,0.1081794195250658,0,1
SSY.L^L19,0.1089108776224303,0,1
JEH.L^J04,0.109375,0,1
SYN.L^J04,0.1103448275862069,0,1
6703q.L^J08,0.1108108108108107,0,1
BGS.L,0.1108374384236452,0,1
MEM.L^J05,0.1111111111111111,0,1
EUA.L,0.1111111111111111,0,1
SAB.L^J16,0.1112398609501739,0,1
ANTO.L,0.1118055555555557,0,1
GB0380746.L^C05,0.1121495327102803,0,1
NDCM.L^C14,0.1123188408461037,0,1
MACP.L^I19,0.1123595505617978,0,1
C1Y.L,0.1125,0,1
SJP.L,0.1125541125541125,0,1
UBGU.L,0.1125769569041335,0,1
AVON.L,0.1126005361930295,0,1
SJG.L,0.1127819548872179,0,1
9062q.L^J08,0.1131019036954088,0,1
JMG.L,0.1134903640256961,0,1
HCU.L^H07,0.1143695014662755,0,1
JMF.L,0.1144366197183095,0,1
BRSC.L,0.1147540983606556,0,1
BMC.L^K09,0.1153846153846154,0,1
EMI.L^I07,0.1157894736842104,0,1
FWY.L^B09,0.1159420289855073,0,1
ISG.L^C16,0.1172161172161172,0,1
THRG.L,0.1172413793103448,0,1
SDP.L,0.1178571428571428,0,1
AAL.L,0.118000925497455,0,1
8604q.L^J08,0.1187871209753048,0,1
AUSC.L,0.1193181818181818,0,1
FTV.L,0.1194029850746267,0,1
AJG.L,0.119864940911649,0,1
WLN.L^F05,0.1202185792349725,0,1
2779q.L^D08,0.120401337792642,0,1
CCP.L,0.1204819277108433,0,1
ARU.L^D07,0.1205673758865248,0,1
MSB.L^L06,0.1212121212121211,0,1
BTSM.L^L10,0.1216216216216217,0,1
SRP.L,0.1221122112211221,0,1
FAS.L,0.1222707423580786,0,1
0291q.L^J08,0.1223021582733812,0,1
HAYS.L,0.1223021582733812,0,1
PECO.L^E16,0.1235059760956174,0,1
NICL.L,0.1239669421487603,0,1
ABD.L,0.1247216035634741,0,1
LATC.L^J15,0.125,0,1
5401q.L^J08,0.125,0,1
6301q.L^J08,0.125,0,1
IGRI.L,0.1252747252747252,0,1
IAT.L,0.1262626262626263,0,1
GB0425346.L^I05,0.1266666666666667,0,1
KCOM.L^H19,0.1269841269841269,0,1
DSCV.L,0.1272727272727272,0,1
VLX.L,0.1277777777777777,0,1
DGN.L,0.127906976744186,0,1
BEEP.L^K18,0.1283391423588846,0,1
0010q.L^J08,0.1283783783783783,0,1
BGBK.L^H07,0.1288888888888888,0,1
AXO.L^L08,0.1290322580645162,0,1
JNYJ.L^L16,0.1291666666666666,0,1
BGCG.L,0.1296296296296295,0,1
AJIT.L,0.1297071129707112,0,1
0583q.L^J08,0.1300813008130081,0,1
ZIN.L,0.1304347826086955,0,1
0101q.L^J08,0.1306990881458967,0,1
MYT.L^K04,0.131578947368421,0,1
UVS.L^F07,0.1317829457364341,0,1
0363q.L^J08,0.1327800829875518,0,1
SFL.L^H05,0.1329113924050631,0,1
JAGIJ.L,0.1331269349845203,0,1
SOST.L,0.1340579710144926,0,1
PON.L^J12,0.1340579727680895,0,1
JMAT.L,0.1343784994400896,0,1
JMI.L,0.1353383458646617,0,1
0325q.L^E05,0.1358490566037735,0,1
SDMS.L^D18,0.135922328774017,0,1
ATRAS.L,0.1363636363636364,0,1
JGICx.L^L07,0.1367924528301887,0,1
ABCR.L^J14,0.1374045801526717,0,1
BARB.L,0.1383647798742138,0,1
OLMU.L^B08,0.1384615384615384,0,1
WKT.L^E09,0.1384615384615384,0,1
BALF.L,0.1390374331550801,0,1
MRW.L^J21,0.1391541578210171,0,1
CLC.L^E12,0.1392620011092418,0,1
8031q.L^J08,0.1397058823529411,0,1
DLC.L^B14,0.1399999999999999,0,1
ZTF.L,0.1403508771929824,0,1
HEAD.L,0.1416666666666666,0,1
GWG.L^E05,0.1418092909535453,0,1
ATV.L^L09,0.1428571428571428,0,1
BDK.L^C04,0.1428571428571428,0,1
IVT.L^K05,0.1428571428571428,0,1
CYNL.L,0.1428571428571428,0,1
AMBR.L^D18,0.1428571428571428,0,1
EXR.L^G08,0.1430921052631579,0,1
SHRS.L,0.1435643564356434,0,1
BSDB.L^F21,0.1440860215053763,0,1
0525q.L^J08,0.144927536231884,0,1
FJV.L,0.1453488372093023,0,1
MCJ.L^L05,0.146938775510204,0,1
AVE.L^J11,0.1473684221603015,0,1
6971q.L^J08,0.1484124672298281,0,1
0083q.L^J08,0.1484374999999997,0,1
ALUG.L,0.1492537313432835,0,1
MBC.L^J15,0.1492957745114549,0,1
PFL.L^J16,0.1494505494505493,0,1
PRSC.L^E05,0.1499999999999999,0,1
COEG.L^I10,0.1499999999999999,0,1
BAES.L,0.1508196721311474,0,1
SOO.L^J09,0.1515151515151516,0,1
5802q.L^J08,0.1518005540166205,0,1
MGB.L^I06,0.1525423728813559,0,1
0023q.L^J08,0.1538461538461537,0,1
BRSD.L,0.1538461538461537,0,1
TW.L,0.1544622425629289,0,1
LPT.L^B05,0.1546391752577318,0,1
3405q.L^J08,0.154747225647349,0,1
MTLB.L^K06,0.1550632911392404,0,1
ATKW.L^G17,0.1563573883161513,0,1
AMBL.L^L09,0.1568627362720067,0,1
REGI.L^F09,0.1568627440590035,0,1
ECP.L^G04,0.1569506726457399,0,1
BRWM.L,0.1581818181818182,0,1
BGFD.L,0.158256880733945,0,1
ELCO.L,0.1587301587301588,0,1
4188q.L^J08,0.1588983050847456,0,1
AURT.L,0.1611721611721612,0,1
MWH.L^L11,0.1612903225806452,0,1
HOH.L^L06,0.1612903225806452,0,1
TXH.L^J20,0.1622807017543859,0,1
OBC.L,0.1625000000000001,0,1
CML.L,0.1647058823529412,0,1
AIE.L^H15,0.1648351650756081,0,1
9101q.L^J08,0.1652989449003516,0,1
PTY.L,0.1666666666666663,0,1
BCTL.L^L09,0.1666666666666667,0,1
LPA.L,0.1666666666666667,0,1
STBa.L^K05,0.1666666666666667,0,1
BID.L^G04,0.1666666666666667,0,1
8264q.L^I05,0.1686885245901639,0,1
LMBT.L^J14,0.1688311688311687,0,1
GFS.L^E21,0.1688741721854305,0,1
ELH.L^J14,0.1689324020277334,0,1
OIG.L,0.1702127659574468,0,1
IV.L^D04,0.1720430107526882,0,1
JDW.L,0.1721854304635761,0,1
AD.L^K09,0.1724137931034481,0,1
ISO.L^C07,0.1732283464566928,0,1
ALBH.L^D14,0.1736111111111111,0,1
MLC.L^J19,0.1736641221374046,0,1
4063q.L^J08,0.1746987951807228,0,1
ASCIA.L,0.1754385964912281,0,1
AMSU.L,0.1785714285714286,0,1
WSE.L^C09,0.1799999999999999,0,1
SPGR.L^J09,0.1806451612903226,0,1
EIDE.L^D09,0.1812080439620575,0,1
OVB.L,0.1818181818181818,0,1
SUNU.L,0.1818181818181818,0,1
TMW.L^K12,0.1825396825396825,-1,1
8053q.L^J08,0.183187946074544,-1,1
PLN.L^L06,0.183673469387755,-1,1
BLN.L^G08,0.1862745098039215,-1,1
7011q.L^J08,0.1868131868131868,-1,1
CSRT.L^C20,0.1870503597122303,-1,1
APCL.L^K19,0.1875,-1,1
CSDY.L^I14,0.1875,-1,1
RR.L,0.1879194630872485,-1,1
CFE.L^L09,0.1882352987864801,-1,1
8802q.L^J08,0.1887955182072829,-1,1
UTF.L^H06,0.1893805309734513,-1,1
EHR.L^L14,0.1913043478260869,-1,1
BEK.L^G11,0.1923076923076923,-1,1
8801q.L^J08,0.1930906847624922,-1,1
BISI.L,0.1935483870967742,-1,1
MGAMM.L,0.1947368421052633,-1,1
CAX.L^C07,0.1951219512195121,-1,1
CAT.L^G06,0.1958762886597937,-1,1
HOT.L^K05,0.1999999652413959,-1,1
NFI.L^H05,0.1999999999999999,-1,1
AUK.L,0.1999999999999999,-1,1
6501q.L^J08,0.2003676470588236,-1,1
TRFT.L,0.2013422818791945,-1,1
ERM.L^K22,0.2017543859649122,-1,1
8403q.L^L04,0.202914798206278,-1,1
WAGN.L^C09,0.2042682926829269,-1,1
VSVS.L,0.209090909090909,-1,1
GFRD.L,0.2109375,-1,1
5713q.L^J08,0.2112676056338027,-1,1
ARM.L^I16,0.2150537634408602,-1,1
PBE.L^H06,0.2173913043478261,-1,1
GVR.L^D04,0.2173913043478261,-1,1
AEGR.L,0.2181818181818182,-1,1
HTH.L^J10,0.2222222222222223,-1,1
NWMS.L,0.2222222222222223,-1,1
SPT.L,0.2236842105263159,-1,1
TCC.L^I07,0.2247191011235956,-1,1
MSTL.L,0.2253521126760562,-1,1
FKI.L^G08,0.2258064516129032,-1,1
JFJ.L,0.2272047832585948,-1,1
PDL.L,0.2278481012658226,-1,1
C3U.L,0.2330097087378639,-1,1
CHCPL.L^A11,0.2340425531914893,-1,1
CDUC.L^D11,0.2346938775510203,-1,1
MGNS.L,0.2355848434925864,-1,1
LITH.L^J14,0.2361111111111111,-1,1
FOUR.L,0.2380952380952381,-1,1
ANAA.L^A17,0.2389006322388238,-1,1
THE.L^E07,0.2413793103448276,-1,1
IGO.L^I05,0.2432432432432432,-1,1
APTD.L,0.2474226804123711,-1,1
REDT.L^L16,0.25,-1,1
HYVE.L^E23,0.2514619883040934,-1,1
FLO.L^H08,0.2519083969465649,-1,1
FOOI.L^C15,0.2533331183122904,-1,1
QNTA.L^J07,0.2545454498402224,-1,1
CHLD.L^I10,0.2560975609756097,-1,1
NSB.L^B08,0.2580645161290322,-1,1
HTP.L^H08,0.2592592592592593,-1,1
TRD.L,0.2616822429906542,-1,1
CDLY.L^J06,0.2666666666666666,-1,1
FBR.L^H05,0.2666666666666666,-1,1
EUC.L^K06,0.2702702702702702,-1,1
PLTT.L^L08,0.2727272727272727,-1,1
ACRM.L,0.2727272727272727,-1,1
HDT.L,0.2735849056603772,-1,1
MEG.L^J14,0.2748091581784269,-1,1
FDBKp.L^D07,0.2753623188405796,-1,1
7013q.L^J08,0.2802768166089966,-1,1
5405q.L^J08,0.2874251497005988,-1,1
MAO.L^B09,0.2912087912087913,-1,1
TND.L,0.2954545454545456,-1,1
JQV.L^B12,0.2972972972972973,-1,1
STVG.L,0.2994011976047905,-1,1
CKT.L,0.3,-1,1
ESR.L^A17,0.303030303030303,-1,1
YGP.L^F04,0.3061224489795917,-1,1
COLT.L^I15,0.3067846607669617,-1,1
0014q.L^L08,0.3079584775086506,-1,1
FTC.L,0.3136094674556211,-1,1
GSD.L^L09,0.3174603174603174,-1,1
TSP.L^H09,0.3181818181818181,-1,1
GFLT.L^J08,0.3382352941176469,-1,1
WSPG.L^H12,0.3428571428571427,-1,1
DES.L^L13,0.3666665550457066,-1,1
PACC.L^C16,0.3703703703703704,-1,1
CNCT.L,0.3714285714285714,-1,1
ENO.L^J08,0.375,-1,1
WHT.L^K06,0.3783783783783783,-1,1
AZM.L^J09,0.3930348258706466,-1,1
PRER.L^D10,0.3934414425946222,-1,1
HNL.L^G04,0.4036697247706422,-1,1
FTF.L,0.4102564102564101,-1,1
ATI.L^J04,0.411764705882353,-1,1
AVS.L^L16,0.421524680390448,-1,1
JRK.L^J06,0.423728813559322,-1,1
BDH.L^F06,0.4306569343065693,-1,1
SBSC.L^I16,0.4315789473684208,-1,1
HARV.L^L18,0.4352941176470588,-1,1
IOV.L^A07,0.4526316053573698,-1,1
MRML.L^G13,0.4571428571428571,-1,1
WOXC.L,0.4615384615384614,-1,1
CHO.L^D08,0.4736842105263157,-1,1
AFFA.L^L13,0.4761904761904763,-1,1
TKKT.L^L13,0.4813499113540489,-1,1
IPX.L,0.4814814814814814,-1,1
PRCS.L^L08,0.4956521858450198,-1,1
0017q.L^J08,0.5032678909753869,-1,1
XAR.L,0.5084745762711864,-1,1
0041q.L^J08,0.5095238095238095,-1,1
BGY.L^J04,0.5125,-1,1
SPS.L^D08,0.5196078271422846,-1,1
NBB.L,0.5671641791044775,-1,1
IWP.L^C06,0.5806451612903225,-1,1
CABC.L^L19,0.5833333333333333,-1,1
EMEN.L^J09,0.5956065483453257,-1,1
ADL.L^I06,0.6000000000000001,-1,1
NRG.L^L08,0.6190476190476191,-1,1
MEXC.L^K06,0.625,-1,1
ULT.L^G15,0.6499999999999999,-1,1
TRK.L^C18,0.676056332625582,-1,1
ILI.L^L12,0.8064516129032258,-1,1
NMT.L^L06,1.1186440677966103,-1,1
0301q.L^J08,1.1875,-1,1
DBE.L^B05,1.2999999999999998,-1,1
COOL.L^A12,1.3157894736842106,-1,1
COML.L^J07,-0.0854838709677419,1,2
BTM.L^B05,-0.0776699029126213,1,2
CWK.L,-0.0187573270808909,1,2
HWDN.L,0.00139470013947,1,2
RYA.L^L21,0.0116007990520881,1,2
EMG.L,0.0198019801980198,0,2
PLR.L^L05,0.0416666666666667,0,2
BWY.L,0.0428015564202335,0,2
SUY.L^G08,0.0444874274661508,0,2
UAS.L^B05,0.0689655172413792,0,2
PZC.L,0.0878186968838528,0,2
GHE.L,0.0888888888888888,0,2
PSN.L,0.1024208566108006,0,2
RNWH.L,0.1025641025641026,0,2
GRI.L,0.1033797216699803,0,2
ROK.L^K10,0.1049382716049383,0,2
WMPY.L^G07,0.1075641915336571,0,2
HWG.L,0.1776649746192893,-1,2
CKN.L,0.1812297734627832,-1,2
FRO.L^K15,0.1891891890581314,-1,2
RST.L^L06,0.2474927031130247,-1,2
MPAC.L,0.2519083969465649,-1,2
NXGN.L^K18,0.0569777024030966,1,3
IAP.L^L16,0.0569777043765482,0,3
OKR.L^G06,0.0762711864406779,-1,3
SYNTS.L,-0.1502029769959399,1,4
RGO.L,-0.0972222222222222,1,4
VCP.L,-0.0836653386454183,1,4
PRC.L^L05,-0.0799999999999999,1,4
HILS.L,-0.0488888888888888,1,4
600688q.L^J08,-0.026315789473684,0,4
MOSB.L^F20,-0.0039370078740157,0,4
DRSD.L^I16,0.0,0,4
RTCR.L,0.00390625,0,4
ECORE.L,0.0064516129032257,0,4
MCI.L^K10,0.0067567567567567,0,4
VP.L,0.0158102766798418,0,4
ABBY.L^D21,0.0198757763975154,0,4
HAVE.L^H18,0.0232558139534884,0,4
STYL.L^C09,0.0263157894736842,0,4
FIF.L,0.032967032967033,0,4
WINEW.L,0.0383763837638375,0,4
MCTY.L^L06,0.0456475583864119,0,4
BHG.L^J05,0.0458383594692399,0,4
NMCN.L^J21,0.0506329113924051,0,4
MBY.L^G06,0.0506329113924051,0,4
MPE.L,0.053639846743295,0,4
RWD.L^C12,0.069042316258352,0,4
HYNS.L^D20,0.0701754385964912,0,4
0054q.L^J08,0.0753012048192771,0,4
GDYO.L^H08,0.0784313725490195,0,4
FCCN.L^K21,0.100494233937397,0,4
7201q.L^J08,0.103048518677544,0,4
GB0248383.L^G04,0.1143790849673203,0,4
JINq.L^K08,0.1200000000000001,0,4
MCB.L,0.1224489795918368,0,4
AET.L,0.1290322580645162,0,4
PALC.L^K12,0.1351350053681499,0,4
AVM.L^G20,0.1428571428571428,0,4
ANW.L^K21,0.1626506024096385,0,4
5406q.L^J08,0.1639344262295081,0,4
CPU.L^E08,0.1981424148606811,-1,4
REAH.L,0.3658536585365857,-1,4
EAH.L,0.4197530864197532,-1,4
GFM.L,0.5750748981124605,-1,4
HYD.L^H16,0.5793103448275863,-1,4
EDG.L^G05,0.0077519379844961,1,5
HRN.L,0.1188811188811187,0,5
GHT.L,0.1244377811094452,0,5
BBC.L^I07,0.1946902654867257,0,5
YGH.L^H12,0.4848484848484848,-1,5
PRM.L,-0.0069930069930068,1,6
LSC.L,0.0,0,6
ROD.L,0.1093750000000002,-1,6
PHARP.L,-0.0753138075313806,0,7
MERG.L,0.2461538461538461,0,8
MYW.L^E05,-0.1257485029940119,1,9
SNXS.L,-0.0326086956521739,1,9
CARRC.L,-0.0157480314960628,1,9
GDWN.L,0.0718562874251496,0,9
JKX.L^A22,0.0769230769230768,-1,9
ANEA.L,0.0852017937219731,-1,9
PDG.L,0.0852130325814535,-1,9
EIGE.L^C20,-0.0254524886877828,1,10
AXN.L^J14,0.0254237299194797,1,10
ANSY.L,0.0688705234159776,0,10
HDU.L^G12,0.0792951541850219,0,10
GAW.L,0.0888888888888888,0,10
COSG.L,0.0909090909090908,0,10
GB0097626.L^C07,0.1271186440677967,0,10
CDB.L^C04,0.1344717182497332,0,10
INCH.L,0.1543715846994535,-1,10
LOOK.L,0.2510373443983402,-1,10
0330q.L^J08,0.0,1,11
NWF.L,0.0349462365591397,1,11
TRN.L^E05,0.0425531914893617,1,11
WNDR.L^C07,0.0684931506849315,0,11
NUM.L,0.0771704180064309,0,11
GDYOa.L^D04,0.0909090909090908,0,11
FSJ.L,0.1220159151193633,-1,11
ONEV.L^J18,0.1592356687898088,-1,11
CTO.L,0.1873170731707318,-1,11
WOC.L^I06,-0.0201612903225806,1,12
ETQ.L^L15,-0.0175438596491228,0,12
CCT.L,0.4263157894736842,-1,12
IKK.L^K17,0.0024813895781636,0,13
INST.L^L09,-0.0080645161290322,0,14
MEGPM.L,-0.0085470085470086,1,15
BFSi.L^I05,0.0,0,15
BFS.L^I05,0.0,-1,15
HID.L,0.0,1,16
FDBK.L,0.0117647058823529,1,16
PDF1.L^G08,0.0591603053435114,0,16
LCI.L^L06,0.1465968595341864,0,16
CIU.L^J17,0.256544502617801,-1,16
DMDL.L^H08,0.4727272727272726,-1,16
JSG.L,0.0681818181818181,0,17
SGC.L^F22,-0.0284810070897464,1,18
NETC.L,0.0,0,18
AYM.L,0.0,0,18
KWL.L^G12,0.2608695652173913,-1,18
PSQP.L^A12,-0.0952380952380952,1,19
ELDA.L^H18,-0.0173410404624277,0,19
BIOM.L,0.0,0,19
LIO.L,0.0157894736842105,0,19
LDRL.L^L08,0.0258620689655173,0,19
CULV.L^E09,0.0344827586206897,0,19
REVS.L^J07,0.0375,0,19
PLM.L^J14,0.0627177700348433,0,19
STW.L^G04,0.0769230769230768,0,19
CIV1.L^J09,0.1,0,19
MDEH.L^A08,0.2727272727272727,-1,19
FSTP.L,0.064516129032258,1,20
GBGP.L,0.0897435897435896,0,20
TTHU.L^G09,0.5588235294117647,-1,20
TED.L^D09,-0.1645569620253164,1,21
N4P.L,-0.0869565217391304,0,21
TFC.L^G10,-0.0318471337579617,0,21
OXB.L,0.0309278350515465,0,21
IMG.L^K17,0.0866141732283465,0,21
FIB.L^K06,0.32,0,21
JNEO.L,0.3623188405797102,0,21
NBT.L^K11,1.3260869565217392,-1,21
JOVC.L^J04,2.333333333333333,1,22
TMH.L^L05,6.083333333333334,-1,22
