firms,clusters,mom1
50906,20,0.0991636798088411
10568,8,0.0235849056603771
11157,6,-0.0202275600505689
47730,24,0.06631299734748
13777,11,0.0931677018633541
38746,20,-0.2199352750809061
60871,6,0.1197448535807479
14198,25,-0.0251272264631043
45583,29,-0.0544662309368191
14702,30,0.0491266375545851
15537,16,0.0504959422903517
68830,17,0.0201711491442544
85631,25,0.0976063829787234
49373,12,0.0746197718631178
18570,11,-0.006765899864682
18973,6,0.0532051282051282
19271,2,0.0360610263522884
29938,13,-0.0356108859293571
10866,16,-0.3576190476190476
20248,1,0.0952199581032184
25320,29,0.0038510911424902
21726,15,0.0349031396125583
21742,18,0.0055977608956416
11267,16,-0.076100897819581
86474,28,0.0305755395683455
22753,11,-0.0347490347490346
22825,6,0.1903833658219622
24951,4,-0.2846153846153846
26201,24,-0.0227214045959203
82165,1,-0.2266187050359711
65541,2,0.0510078157136981
27562,3,-0.0371490280777537
27677,2,0.0798534798534797
27909,3,0.2857142857142858
63546,12,0.025018217148409
49154,18,0.0018562267971651
19350,9,0.0069955817378497
49429,25,0.0580507179957228
61313,6,-0.0049861495844875
80971,15,-0.0728380024360534
12008,11,-0.0057559478127398
31500,18,0.0723905723905724
33209,28,0.1147214854111404
50788,11,0.0160701241782321
33690,22,0.0350318471337578
77462,4,-0.0250832408435071
46295,12,0.0530973451327434
37058,1,0.0837988826815643
62228,2,-0.0118613138686132
21055,21,0.2203226583192872
47888,29,-0.0565504241281809
83233,15,-0.4995949959499595
39765,22,0.0760401721664276
85987,10,0.0
32678,9,-0.0093176212661003
23077,29,-0.0002122241086587
41663,6,-0.0108834827144685
27828,24,0.0498256103637269
66181,28,0.0307566684812192
32870,29,0.0242000537778974
42922,20,0.0294049008168026
47133,24,0.0768822905620361
57437,23,-0.0392090010228434
47571,3,0.0300469483568075
16678,9,0.0446017699115044
48291,28,-0.0261437908496732
48347,27,-0.055735056542811
64282,29,0.0579432079815809
53612,9,0.0600309837335399
51984,8,0.0605714285714285
27617,28,0.0232558139534884
60097,17,0.0788830004076639
52813,11,-0.0097919216646267
60548,7,0.0399174122505161
53197,21,0.020988490182803
56777,13,-0.0691927512355848
57745,3,-0.1199832775919732
57809,29,-0.0135600516573397
57817,9,0.0374008311295808
79611,24,0.1178268251273344
59185,23,0.0934131736526948
60709,22,0.3482587064676619
35051,11,0.1039473684210527
18403,15,-0.0373661148977604
35238,3,-0.0230487166055527
13936,15,-0.0493197278911564
49971,23,0.0003790750568612
63686,16,-0.0053804765564949
42307,3,0.0160566706021252
62033,16,0.0299465240641712
91556,18,-0.0363372093023255
50948,8,0.0697329376854598
70923,7,0.0207011686143572
42585,29,0.04688672168042
72005,11,-0.0436264485344239
76081,7,0.011170347804011
60580,16,-0.0193208430913349
66368,5,0.1526479750778817
37807,23,-0.0283866331297161
80179,28,-0.012970711297071
80857,15,-0.5385904283171012
59627,28,-0.0325925925925925
81190,2,-0.0240549828178695
55976,17,0.0206602768903088
82924,17,-0.0082097457627117
83011,7,-0.0067681895093063
15456,6,0.0101910828025477
40539,16,0.0344955489614242
34228,17,-0.0170068027210883
10025,26,-0.0102325581395348
90609,13,0.0110803324099724
69411,26,-0.0651716888577434
10182,4,-0.0075397933538118
10259,26,-0.1077684691546078
10501,4,-0.0612078346028291
77420,30,-0.0176870748299319
10514,28,-0.0528169014084506
10659,15,0.0618110236220472
10645,2,-0.0664285714285713
10709,3,0.0258426966292135
75527,14,0.146551724137931
89105,25,0.1801864801864803
11132,21,-0.0510355029585798
11154,2,-0.0321543408360128
11343,3,0.0666486778197517
71685,19,0.0
11379,21,-0.0270498732037194
11426,4,0.2194805194805194
11278,22,0.0208144796380089
11174,5,-0.0404191616766466
11745,22,0.0904255319148936
75100,24,0.0485927880386982
11081,8,0.0861697544161999
89609,20,-0.06343792633015
12266,12,0.0204081632653061
75489,16,-0.0402476780185758
76008,22,-0.0523809523809524
11839,19,-0.0880765883376849
12106,19,-0.0034965034965034
75905,26,-0.0724409448818896
76052,20,0.0075512405609492
76076,25,0.0473952213082646
84184,5,-0.0451977401129943
76322,4,0.0951122853368557
76671,25,-0.0077359463641053
76217,21,-0.0870229007633587
79315,21,0.0664189503019043
76673,26,-0.0318289786223279
77007,30,-0.0849514563106795
86590,13,0.0104529616724737
76839,15,-0.1128848346636259
77045,11,-0.0669975186104219
77403,26,0.1505823627287854
85837,22,0.1734693877551019
77501,25,0.0467113531629659
77505,5,0.1764705882352941
77516,15,-0.0803400637619552
77530,3,-0.0012254901960784
77584,16,-0.0022408963585435
77699,8,-0.104325699745547
77830,19,0.1874439461883408
77862,15,0.0398132894014275
78216,8,0.0052910052910053
78034,6,0.0160608622147084
78050,21,0.1713483146067416
78200,5,-0.0668493150684931
78209,19,0.0119047619047618
78816,9,-0.0351089588377724
78881,22,0.164004259850905
78975,8,0.0398391812865497
78999,17,0.0048007681228996
79007,15,-0.0558558558558557
78963,17,0.0790012279983627
78953,2,-0.0702732849972113
78972,15,-0.0471674569503369
79121,13,-0.0110663983903419
79156,2,0.0440771349862259
79195,11,0.0378243201000314
79307,28,-0.079787234042553
79411,25,0.0069781553398058
79375,1,-0.1499999999999999
79667,7,0.0020278833967046
79683,22,0.1208459214501509
79881,16,-0.028291210863825
79922,4,-0.0050804403048264
79847,19,0.0470417070805042
79797,26,0.1048543689320389
80114,10,-0.0094339622641509
80274,4,0.0923484681890256
80233,3,-0.1698250728862973
88643,3,-0.0140625
80320,11,0.0346304891110318
80432,3,-0.0173391130376792
80544,3,0.0930693069306931
80592,2,0.2363808621506395
81165,26,-0.0313993174061434
81212,28,0.1832222128449656
81553,22,0.0051020408163264
82598,25,0.018893756845564
83275,19,-0.0611702127659573
83399,6,-0.0093984962406016
83351,15,0.0205436156763589
83391,8,0.1053864168618268
83808,20,0.0831858407079646
83822,26,-0.0269202272165968
83861,24,0.0318396226415094
83956,5,0.4909090909090907
83976,15,0.0790169133192386
84084,16,0.0195872682756208
84275,30,0.0179503916449086
84255,8,0.0565110565110564
84416,3,0.0207100591715976
84588,15,0.0495122400147249
84519,20,0.0432915921288015
84625,1,0.0401234567901234
84721,17,0.0172562553925796
84761,8,-0.0481628599801389
84730,22,0.1370967741935482
84834,22,-0.1266666666666666
85019,15,-0.00803738317757
85232,18,0.0206916937629324
85314,13,0.0450549450549451
85390,21,-0.0518292682926829
88449,5,0.3214285714285714
85402,16,0.0526946107784429
85477,25,0.21007371007371
85464,19,-0.0471311475409834
85550,1,-0.0621931260229132
85900,30,-0.025581395348837
86189,2,-0.0866795901412351
86187,28,-0.0426829268292682
89606,20,0.0481283422459892
86580,25,0.1428075052119526
86594,11,0.0274629468177853
86878,21,0.0438079191238416
86881,15,0.0262605042016805
86959,28,0.0714285714285714
89416,16,0.0987531172069826
87057,22,-0.0384615384615385
87149,25,0.0963045912653974
87255,28,0.0094488188976378
87333,1,0.0631229235880399
87343,8,-0.018716577540107
87390,21,0.0342857142857142
87432,18,0.0201840308696943
87377,26,-0.0454669207732097
87498,26,-0.0992555831265509
87756,22,0.0
88172,17,-0.0451422963689891
88458,8,0.0432098765432098
89301,3,0.0184218606079213
89447,30,0.2125645438898451
89449,22,-0.0241448692152917
89452,22,0.0655737704918033
89540,15,-0.0372468245794712
65832,7,0.0091362126245848
21020,26,-0.1431855500821017
11499,20,0.1248999199359488
81912,7,0.0947368421052632
27991,23,0.0008290155440413
20482,18,0.0146953405017922
10656,23,0.0303797468354429
60038,25,0.0877697841726616
85084,22,-0.0062111801242236
79678,25,0.0559662090813093
10779,1,-0.035
61487,15,0.0242771412984179
61241,5,0.0581929555895865
88845,4,0.0705640557204843
28222,18,0.0343428880475933
11368,28,0.0112640801001251
11456,1,0.3526785714285712
28804,18,-0.2230971128608924
11587,9,0.0072968852101937
42083,19,0.0616258741258741
48514,29,0.0410577592205985
11691,7,0.0596748612212529
71271,3,-0.0422912729579424
10137,15,0.0879120879120878
10145,16,0.1762917933130698
41443,17,0.0111290322580643
45911,4,0.1982608695652172
24643,18,0.0469026548672566
28484,17,0.023075536325942
81073,10,-0.0004286326618088
39482,8,0.0311493018259934
10225,13,0.016239533113423
12758,21,0.1634565330557
24109,11,0.0301538461538461
88851,10,-0.1519565217391304
59176,17,0.0757092198581561
57904,30,0.0909477263068423
15667,16,0.1093343993603837
66800,28,0.0400178518298124
13470,16,0.0969196093163036
13507,30,0.0202454467286796
13603,25,-0.0340136054421769
58560,26,-0.1076514144674387
13769,2,0.0353535353535352
81285,18,0.0384760467748019
69200,11,0.087832973362131
11144,8,-0.1351667641895846
85257,6,0.0503763752171395
14008,4,0.1478167501789549
64864,28,0.0770486599247199
18075,15,0.2467982000692281
14219,22,-0.0512820512820512
14227,29,0.0743895513912551
14323,4,0.0311614730878186
83112,9,0.0461711711711712
59184,17,-0.0251684502576298
39490,16,0.0254596888260254
14593,15,0.0741577871058012
10516,9,0.0544959128065394
14868,9,0.0096628464419474
77595,23,0.1082981715893109
29209,24,0.0468874172185431
24272,30,-0.0861280487804876
15457,26,0.1261306818181817
15553,7,0.0191947565543071
15721,25,0.0717328335321179
29787,25,-0.0775930324623911
44644,30,-0.075206611570248
16030,21,0.0508118701007838
44601,13,-0.032057267351385
27684,15,0.1317100166021028
40416,17,0.0681696188942566
53110,4,-0.096045197740113
52484,18,0.208230452674897
75034,25,0.2156358687433843
10318,8,0.0395927601809953
58755,9,0.0437201907790143
57568,29,0.1055616139585604
24221,9,0.0249568717653825
16505,19,0.0150966183574878
16548,23,-0.0024514425796718
49656,30,-0.0017262638717632
29532,22,-0.0146812493841756
46877,18,0.0455288642937994
39693,17,0.0560625814863102
47423,1,0.0326295585412668
26518,4,0.1499218139171227
27887,9,0.0751851148661477
29612,6,0.0949470252648738
39642,11,0.0234100663285212
17444,25,-0.079142403388036
65875,30,0.006856540084388
29639,10,-0.0969494949494949
65509,14,0.0321371183717191
43772,13,-0.0050913447139863
11510,24,0.030067209055536
17778,3,0.0019267822736031
61508,16,0.012142857142857
18033,20,-0.0432612312811979
20220,29,0.1114922813036018
61946,2,0.0826760946423714
62519,9,0.0363970588235293
65154,6,0.0947791164658635
19561,25,0.0460015746260262
42024,9,-0.0667425104285173
18650,20,0.184601924759405
52230,18,-0.1002431775195893
87146,23,0.0222095671981776
66130,2,-0.0810243492863139
60898,17,0.0230024213075059
39757,7,-0.0277777777777779
47642,13,0.0603941513032422
17961,23,-0.0382495948136142
19393,30,0.0396253602305474
10874,23,0.0285714285714284
55597,1,-0.0092840932535588
50227,24,0.0883998508019394
19880,29,0.0417801998183471
10890,17,-0.0699881376037959
20117,17,0.0565684899485741
20125,26,-0.111111111111111
45655,29,0.024204702627939
64186,24,0.0906350764054395
67838,29,0.0645677694770545
47626,21,0.0830819215595264
20336,25,0.0617551462621885
62148,30,0.0779026217228464
28564,13,-0.0535455861070911
86290,1,0.3735343383584588
87451,19,-0.1372912801484228
46690,11,-0.0509113764927718
20504,30,-0.0276056338028167
20512,2,-0.0241143832693129
56602,5,0.0618279569892472
20750,30,0.0143528183716075
84837,28,-0.0054619936276739
21371,16,-0.0411240575736806
27334,19,-0.0407640344747263
23114,13,0.0021808088818398
20618,26,0.0050513415038091
30402,26,0.1546321525885559
18542,30,0.0833954945546771
53831,5,0.0715653422690283
22032,11,-0.0090116279069766
22437,23,-0.0145820497021975
64557,7,0.086333720480062
63503,18,0.1172796668979876
60599,29,0.0190307590174816
22374,15,0.0750822067957617
22518,22,0.1999999999999999
41419,28,0.168181818181818
22913,22,-0.0186915887850467
22921,18,-0.0705832628909552
64194,16,0.0273692810457515
21960,14,-0.0225165562913907
23182,13,0.0287653522947639
88208,20,0.082687338501292
14541,16,0.0517847485127096
30509,8,0.0018173557473875
23297,2,-0.0489296636085627
23393,11,0.0075471698113207
79026,7,0.0286406697510464
47677,6,0.0787234042553191
22680,22,0.0606060606060605
23537,10,-0.0158590860653168
86685,12,-0.0970216606498194
24046,6,0.0111301369863012
27422,21,0.0824871113888454
24097,21,0.0602119460500962
46578,30,0.053226566179934
56741,19,-0.0180436847103513
24193,28,-0.0693196405648267
11995,6,-0.0248984637118135
11308,16,0.0872916666666665
24441,17,-0.0048661800486619
64901,22,-0.064885496183206
30648,13,0.0946808510638297
18729,28,0.0142236861805657
24548,1,0.2053231939163498
61735,29,0.0208113804004215
89525,8,0.0273603082851638
25129,27,-0.0200786586628026
25452,13,0.0785440613026819
25487,10,0.0296486090775986
30744,8,-0.0691927512355848
25778,2,0.0521034349671942
40125,13,0.0654133896029156
26084,30,-0.006651884700665
79618,5,-0.0688259109311741
26463,27,0.0066528066528066
11404,7,0.0039169604386994
41929,7,0.096107544141252
26607,2,-0.0357781753130589
23229,11,0.0404494382022471
30840,4,0.0706824512534818
38914,24,-0.0309988518943744
21979,14,0.1060235607912869
27430,21,0.0568616730453799
59248,24,-0.0035933206510251
22293,9,0.0430958663148637
64565,5,0.1022592152199761
27474,30,0.018684412592782
20204,29,0.0517070757050963
27618,4,0.1051724137931036
27642,12,0.3142857142857143
38420,7,0.0091491308325708
53575,9,0.0227272727272727
17726,15,-0.0118560915780866
31077,7,-0.0697781885397412
27888,23,-0.0221670170074526
41080,15,-0.36318407960199
18091,6,0.1180591593149975
83186,11,0.0378989361702126
19828,28,-0.0549919914575547
28629,28,-0.0702247191011236
28840,7,0.0237634705719811
29050,1,0.0377548960226126
29058,8,-0.004524886877828
22859,29,0.0083628176262464
29103,26,0.0091533180778031
60273,12,-0.0499999999999999
29285,2,0.0072057646116894
61743,28,0.1288398449150014
11674,13,0.0561586638830897
76708,25,0.1240204429301532
29736,15,-0.0133191262653169
65226,29,-0.0356526739505462
29867,1,0.0628385698808233
40440,13,-0.0008383986585621
79322,3,-0.0160975609756097
44943,3,0.0593974175035867
30147,24,0.0130670973425341
26403,18,0.0159744408945685
10886,4,0.0266222961730449
64936,16,0.0273741128759716
38682,7,0.0986608362940693
89566,1,-0.0022598870056497
30593,4,0.0527484730705163
25953,7,-0.0141364474492933
20626,16,-0.0272568687309201
58990,28,0.0539599651871192
54279,4,0.0373411837620079
30681,7,0.0227583512404765
30761,8,0.0212044105173876
11703,16,-0.0052599635848674
63132,25,0.108433734939759
27959,8,0.0113356333169047
88590,25,-0.0098684210526316
30940,15,0.0667948942122749
31051,12,0.0833333333333332
31070,12,0.0757709251101321
42200,7,-0.0008257638315442
63159,2,0.0632478632478632
31480,21,-0.0375275938189845
11754,2,0.1041666666666667
11762,29,0.0676160842508375
70578,29,-0.0002325581395348
82855,11,0.0018975332068309
32062,3,-0.0130111524163569
32110,16,-0.0254281266216916
22103,12,0.0905082385704338
81124,8,-0.0156250000000001
23042,13,-0.0040322580645162
32540,6,0.1470749043193002
26470,18,0.1013951660444094
32636,10,0.0134516313680594
32791,18,0.1638580931263857
32986,13,0.0140664961636827
33137,2,0.0404907975460122
52476,7,0.0919067215363509
33532,27,-0.0021344717182496
31691,28,0.0585241730279899
42550,15,0.1588394393902139
33612,22,0.0063492063492063
87696,8,0.0181268882175227
87717,4,0.0116166505324297
33815,26,-0.0442396313364055
33823,20,0.0097799511002445
87725,20,-0.0059559261465156
11850,25,0.0520874751491051
19166,24,0.0198859870078218
24205,29,0.0523132254373059
34367,17,-0.0550660792951541
47706,23,0.0173969072164947
21135,13,-0.0370198981952799
34818,23,-0.0044174489232466
34981,29,0.1567676767676766
35044,4,-0.0079163132598245
35167,27,-0.0108953102794884
10777,23,0.0094526865671642
36397,2,-0.0558632313989886
36469,17,0.0089009990917348
54244,3,0.0107430617726052
36768,4,-0.0378096479791395
37023,19,0.032258064516129
56784,21,0.0271957200178332
88924,16,0.0338084189592309
88853,24,0.0657601426660723
37154,22,19.19230769230769
25785,5,0.0190114068441062
45241,16,0.0344090202177294
37234,6,0.0560383578064132
37402,15,0.1149927219796216
37568,7,-0.0840860215053762
37584,9,0.0867334271290243
58421,9,0.0660173160173158
37955,13,-0.0380374862183021
12036,24,0.0253138075313807
38093,2,-0.0130603600423578
47941,2,0.0136791614851661
87031,16,-0.0259376522162689
12052,4,0.0274869109947644
12060,17,0.042420814479638
46834,21,0.1818181818181818
12079,5,0.0192558746736293
83596,7,0.05635838150289
55212,24,0.0096866096866095
38659,4,0.0953846153846154
46674,29,0.0083673469387755
39029,5,0.025252525252525
57154,17,0.0026827632461434
32299,3,0.1177999999999999
12140,24,0.1041181041181043
16432,1,0.0663674254568771
53604,11,0.0012488292226038
85908,20,0.0068130204390612
39571,30,0.0086823289070481
60468,10,0.0413373860182371
52695,11,0.0696530295183843
39731,28,0.090909090909091
75897,22,-0.2131868131868131
62885,1,0.0042553191489362
84808,15,0.0973654066437572
67942,5,0.0327868852459016
23819,17,0.0009451795841211
54084,10,-0.0382775119617224
40970,12,-0.1702127659574467
25582,11,0.0078508341511285
25304,2,0.1368702630405707
52978,24,0.104472396925227
41188,24,-0.0517241379310344
10294,2,-0.0949999999999999
41241,7,0.0067750677506774
41292,24,-0.0226876090750436
76927,20,0.0839454354669466
32651,26,-0.0275938189845474
32707,28,0.0642715886618325
18016,25,-0.0358239508700102
16600,6,0.0054884742041714
61567,9,0.0931989924433247
52716,30,0.0299814721239684
23309,21,-0.0545050055617353
32803,9,0.0725126475548061
42140,9,-0.0340557275541796
42439,13,-0.0912257783583714
42455,28,-0.0156599552572705
21792,24,0.0496098104793756
32934,13,0.0911435941530522
42877,30,0.03125
42906,27,0.0151029748283753
88795,28,-0.1862955032119915
87464,4,0.1454545454545455
38973,13,0.0815412186379929
64258,15,0.0798045602605863
43290,8,0.1986842105263158
12570,2,0.0578580901856764
80210,13,0.0086046511627906
21928,23,0.0180260047281324
56573,4,-0.0056201550387596
43634,22,-0.0117647058823529
57015,20,0.2819843342036554
43757,10,0.1484716157205239
51633,6,0.0164335664335664
12431,23,0.0295134885865806
12458,26,0.038364462392731
88990,22,-0.0294444444444443
44274,2,-0.0187590187590187
65293,20,0.008
46463,7,-0.0307070707070707
44506,16,-0.0285343709468223
59328,4,0.1238891792995295
77855,8,0.0190114068441062
44768,15,0.0537836147592245
12490,30,0.0843411839592616
40272,25,0.0307073274036426
45277,29,-0.0554730064388311
45306,21,0.0382065045784654
21573,30,0.0362637362637363
27705,13,-0.0766814969903166
45373,21,-0.0279569892473117
45437,3,0.2636165577342049
45560,21,-0.1487455197132616
53065,6,0.0300568643379366
45728,19,0.0688073394495412
45891,6,0.064
45955,22,0.0402684563758388
46042,20,-0.0349819059107356
46077,15,0.0858356081286018
46181,20,0.2836611195158849
47984,26,0.0292553191489362
46229,5,-0.0114942528735632
52329,4,0.0810289389067524
82694,18,0.0629026788741946
86804,6,0.0949913644214162
80543,2,0.0701598579040854
22111,17,0.0657152339860605
42534,24,0.0814838300570703
46886,29,0.0418229557389346
46923,10,-0.0025790921595597
46931,15,0.1576746131325805
46950,29,0.0510534846029173
47002,24,0.0639210639210641
42067,15,0.0272727272727273
47088,8,0.0013333333333334
24432,23,0.005855161787365
12650,15,0.0441259134345137
24053,7,-0.0109011627906977
89702,24,0.0075278530563083
47205,11,0.1167763157894736
26825,16,0.0287769784172662
47379,16,-0.1086956521739132
44134,24,0.0436325987279988
47619,28,-0.0292682926829267
47715,29,-0.066390041493776
17750,30,0.0391297999707986
33398,26,1.048828125
59045,17,0.0806174957118353
48072,28,-0.0167076167076166
48101,1,0.1998958875585632
48144,28,0.078918918918919
89456,29,-0.0585424133811229
49488,1,0.0501337586171415
48267,11,-0.185823754789272
47255,18,0.0315384615384615
12781,23,0.00997425997426
48486,9,0.1360371778622728
33603,26,-0.090320259086002
48523,13,-0.0443539262276533
48531,16,0.0933794466403161
48697,10,-0.0348623853211009
48961,17,-0.0562302006335797
50286,2,-0.1287853577371048
60943,23,0.0374944861049844
65330,30,0.0528606305063157
10092,4,-0.1400634249471459
76966,8,-0.0512195121951218
50876,17,0.100912306832992
81678,9,0.0700134318334451
49905,16,0.0436406067677945
21178,25,-0.0090702947845804
26710,28,0.0416024653312789
68523,28,0.2086956521739129
56223,2,-0.0174476570289131
43721,29,0.1632058994760332
76489,24,0.1075115699537201
62906,21,0.2401500938086305
59774,26,-0.0849590937696666
33849,28,0.28390503875969
66245,8,0.0663615560640731
23835,13,0.0542797494780793
34067,28,0.010347129506008
50623,29,0.0944902162718845
66253,3,-0.0501818181818181
50789,13,0.018612521150592
89790,17,0.1642857142857143
33937,8,0.2268421052631577
51263,15,0.0739807964741068
81311,4,0.0519480519480519
15069,15,0.027522007487605
45751,2,0.0843291225674292
51706,23,0.0369250701792269
34032,2,-0.006934306569343
51829,19,-0.019108280254777
35705,3,0.6651162790697676
39538,9,0.0264780558578163
51925,28,-0.0633471645919778
51960,2,-0.0295527156549519
43449,25,0.0716981132075471
89915,16,-0.047994947900221
17478,30,0.0421437659033079
81061,24,0.004953877690468
52231,22,-0.0323204954519062
10507,28,-0.0468619246861923
17005,18,0.0615114235500879
90051,17,0.048780487804878
52792,3,-0.1541304347826088
22752,16,0.1645913515961059
42796,29,0.0092350583725386
52919,3,0.1048120484878167
53015,17,-0.0197916666666666
53074,9,0.0078947368421051
53082,19,0.0715372907153728
87437,17,-0.0054999999999999
55546,3,-0.0545294635004397
53373,3,-0.026595744680851
53480,11,0.0150027782922763
53640,16,0.110523786641038
24010,24,0.078345406023637
53859,23,0.0228384991843391
48901,29,0.0346534653465346
54181,18,0.0187663860907962
54253,7,0.0021398002853065
22592,17,0.0829517205285881
24248,7,0.0383955383955383
54675,25,0.0108864696734058
54704,23,0.0100436681222708
54798,30,-0.0200267022696929
54827,23,0.0595744680851064
76591,21,0.165
42614,29,0.0303030303030302
22779,4,-0.0192416525183929
28345,13,0.0382022471910112
65365,11,0.2018201284796574
69550,28,0.0373699148533586
59408,4,-0.0023520188161506
84372,29,0.055055474146954
13303,27,0.0871559633027523
90377,5,-0.0373134328358208
55993,12,0.1264150943396227
56040,3,0.1308763784097504
45487,28,0.0595505617977527
80004,5,0.2224281742354033
78900,15,-0.0391766268260291
56232,4,-0.0187919463087249
25590,11,0.0866851595006934
52337,12,0.1539657853810265
58501,7,0.0527472527472527
34497,25,-0.0413692407527579
56937,26,-0.0684389140271494
57104,22,0.1571428571428572
57251,29,0.0495662949194548
64450,30,0.072927072927073
24096,23,-0.0057471264367816
47466,2,-0.0046788600595492
60986,29,-0.0135091669347056
21207,2,-0.0069064062872111
34673,18,0.1659574468085107
57534,13,-0.0415394013439218
61815,25,-0.0140821458507962
64311,11,0.0523715415019763
28118,29,0.1598864711447492
84402,2,-0.0463941203491041
44206,9,-0.0183094293561184
38762,23,0.0061374795417348
23931,29,-0.0243013365735116
58246,7,0.0467243099434653
24766,30,-0.0078146052277013
58318,15,0.0848662207357857
58334,29,0.1125465294504051
34817,3,-0.0256410256410255
11406,25,-0.0218009478672985
58756,16,0.1116883116883116
58836,5,-0.0098522167487684
34833,28,0.0281890083147435
72611,1,-0.3229166666666666
58975,18,0.1286799620132954
67029,10,0.0434782608695651
59089,29,0.0315500685871055
23026,11,0.0332125603864734
24440,29,-0.0092783505154638
13610,4,0.0118063754427391
63714,17,-0.1659542368619563
90705,12,0.0465686274509802
59871,2,-0.0180878552971577
60098,7,-0.0011682242990653
51457,24,0.1309904153354633
60186,25,-0.037571467465287
77157,21,0.1676367869615833
44230,4,0.1022444089456868
22509,29,0.0466505475750249
60506,18,0.1441416893732969
13688,29,0.0482701470892894
86136,11,0.0404851663661693
61138,28,0.0720541401273884
61146,4,0.0131048387096774
61218,20,0.0069716775599129
61269,24,0.1529729729729729
58675,15,0.1565495207667731
41355,11,0.0675472135326149
61496,17,-0.0191826522101752
57509,1,0.0446030330062443
61787,15,0.1124447252053062
61955,18,0.0905994550408717
22517,7,0.0662591687041564
62034,23,0.0314505776636713
13856,16,0.0398049087476399
50550,15,0.155724362452523
27713,16,0.0564761582685153
62341,26,-0.0293074481986186
62368,4,-0.051969620893185
21936,4,0.0475059382422802
21776,18,0.0975112792897685
52898,23,-0.0151447661469933
13901,18,-0.2151235622366473
13928,28,0.0146305779078272
62958,21,0.0149094781682639
63125,21,-0.0640854472630172
24459,17,0.0575016523463318
80185,6,0.0630821337849278
53815,12,-0.0248756218905472
60695,6,0.0033264033264033
49744,6,-0.0522062035823504
23501,29,0.0172294968986905
63715,9,-0.0159375
63811,21,0.1384953103173019
63830,15,0.0005766458433444
64195,2,-0.013157894736842
18163,28,0.019632678910703
55511,7,0.0077399380804954
23712,24,0.0410645472061657
25443,6,0.0054517133956386
64929,7,-0.0398992020159596
64961,30,0.0117499999999999
65008,24,0.1410958904109589
87043,28,0.0185185185185183
27756,9,0.0887792848335389
65163,2,-0.0009990009990009
65270,25,0.0378681626928472
69649,2,0.0309139784946235
66683,28,-0.0102040816326531
65518,30,-0.0460526315789473
65700,26,0.1821138211382114
24942,18,0.0205871139916127
58771,24,-0.0056058645968091
76711,13,-0.0530096606390884
76282,6,-0.0376647834274951
66617,3,-0.0643250105797714
80294,17,-0.0123456790123457
84381,29,-0.0055119425421746
35991,6,0.0223224351747464
23990,7,-0.0106341840680587
36003,7,0.0026075619295957
23472,5,-0.1407035175879397
89142,6,0.0180940892641736
45495,29,0.12842623960579
67847,3,-0.0255813953488373
54818,11,-0.001662234042553
66050,27,0.0659574468085106
27633,29,0.0668828536684231
68196,9,0.0132824173999668
81028,21,0.1128526645768024
68233,12,-0.0327984939290835
54199,17,-0.1437747035573122
41320,3,0.0113333333333334
68340,4,0.042220936957779
46340,24,0.0168918918918918
76149,9,-0.0092794759825328
68591,17,0.1377293273065674
22840,2,-0.0301418439716313
23085,23,0.0083391243919388
25013,25,0.2438259506076048
36281,20,0.1030973451327432
85926,19,0.0411392405063291
41574,15,0.1694915254237288
51625,9,0.024451939291737
89651,18,0.0344311377245509
50243,15,-0.1021505376344087
88742,18,-0.0465066893183266
36468,24,-0.0343731072077528
67723,17,0.0060723828030118
49138,1,-0.005181347150259
70536,14,0.0134874759152214
70616,6,-0.0156626506024096
65402,29,-0.0031397174254316
45794,24,0.0913631633714879
60206,11,0.133056133056133
14461,20,-0.0109540636042403
71176,29,0.1346460883448643
26614,7,0.0320630749014456
63335,25,0.0803782505910166
71395,3,-0.005249343832021
15720,24,0.065540403012416
71475,13,-0.033360455655004
18411,6,0.0311050477489769
76091,18,0.002303389272787
58683,2,-0.0238095238095238
71782,13,-0.0575589459084604
66093,21,-0.0180065939639868
63765,3,0.0248901903367497
71942,9,0.3199245757385291
71985,26,0.2270573028866866
17523,2,-0.0245098039215686
72232,26,-0.1782805429864253
72304,12,-0.0780399274047186
39220,26,0.0738137082601053
72494,12,-0.0150197628458497
43481,2,-0.0403367239565065
43350,29,0.0527456647398845
18438,30,0.0672222222222223
72726,30,0.0636293436293438
36898,6,0.091047619047619
27254,19,-0.0436464088397791
72980,6,-0.0375687963627662
73139,24,-0.0208082026537996
73219,1,-0.0401486988847582
72733,9,-0.0214577941053685
14656,18,0.0722600795002839
37022,5,0.0
52396,14,0.0969755160825733
47861,23,0.0109204368174726
73681,3,-0.0138512496236073
66739,21,-0.026813502513766
43334,1,0.3345272206303724
52038,30,-0.0322199231451373
37161,13,0.0429982568274258
62420,21,0.0083682008368199
74406,14,-0.0396432111000991
15560,10,0.0754716981132075
42219,4,-0.0354691075514874
92340,21,0.0577557755775579
44513,25,0.0244368079419625
74908,16,0.0399286733238231
92399,14,-0.0467479674796746
74932,22,0.0251509054325955
57007,28,0.0532769556025369
43123,20,0.0270878245383823
44329,29,0.0552372557661231
63773,11,-0.0447836296544782
75257,7,0.0727272727272725
66114,3,-0.0083696016069635
75460,2,0.0168307399174343
84375,26,0.176355066771406
51369,16,0.0550181378476422
37284,20,0.2068107139301005
79641,26,0.0046716130805166
15579,30,0.1418604651162789
24563,3,0.0230889235569422
23579,29,0.1321826280623608
62092,21,0.1135828877005347
38578,24,0.1159360917656697
76100,24,-0.0612440191387558
50606,9,0.0790372140662343
76209,12,-0.0083194675540765
14795,7,0.0880897393599471
37399,14,0.0474393530997303
14816,23,-0.0326993660326994
62308,16,0.0413172739746912
76639,24,-0.0248037676609106
37460,28,-0.074829931972789
76946,21,0.0095238095238094
61209,16,0.1666666666666667
65787,27,0.021488632824665
55001,25,0.1068702290076335
92583,20,0.1597122302158273
48389,7,0.0229027962716377
59600,15,0.4182669789227167
45356,30,0.0342313787638668
76185,24,-0.0590551181102362
77730,29,0.0798557444616177
17929,23,0.0617746162485959
50278,11,0.0260624559755811
79244,10,-0.0113538988860325
77893,10,0.7884615384615385
77973,21,-0.1160220994475138
78044,8,-0.0347222222222222
24985,23,0.0451292246520875
48725,11,0.1250615460364352
63781,25,0.1296698952362125
89329,8,0.057774607703281
78749,3,-0.009656652360515
92655,4,0.0016990749480838
53663,19,-0.0158501440922191
41371,15,-0.1137681159420289
78829,27,0.0360169491525423
87447,4,0.0047075606276749
79039,21,0.2312030075187969
15077,3,-0.022421524663677
79303,25,-0.0066755674232309
17830,4,0.0327692307692306
39087,4,0.0564345991561181
79338,9,0.0140115747791653
67360,23,-0.0051395007342143
81561,28,-0.1132075471698114
59619,18,0.0155159038013963
16555,21,0.0216788916055419
79573,26,-0.0975254730713246
79637,29,0.0604261264407963
79776,3,-0.0443075117370891
26606,2,-0.0119617224880382
43553,24,0.0628177196804646
79864,15,0.1989795918367347
80128,15,0.0873249178627011
27043,7,-0.1149087859089955
81116,13,-0.0625641025641025
77006,17,0.2025404536885922
61700,20,0.0140703517587941
80785,20,0.0704419889502763
57808,6,0.190987124463519
15202,15,0.061727335164835
56063,25,0.0824142156862743
86008,19,-0.0450617283950616
21231,28,0.0581613508442777
53225,23,-0.0255402750491159
24969,7,-0.0264135369376805
81700,8,-0.0202020202020203
46068,25,0.0569026202581148
81702,13,-0.0626740947075208
42059,7,-0.0371364653243848
63829,16,-3.1445552026609924e-05
63060,12,0.2044728434504792
38906,30,-0.0326086956521739
79066,5,0.2953628264676768
62498,24,0.0719362481154426
66384,25,0.0517549077929804
59467,8,0.1692307692307693
38033,7,-0.0615858352578907
39917,6,0.05994112924806
25419,16,0.2487339535979273
77053,27,0.0062132112491826
38156,9,0.0365425158116654
64135,24,0.0158002038735982
83030,23,-0.0405501541380127
38172,5,0.1983471074380165
66747,21,0.3583800904977374
58819,24,-0.0227576974564926
25099,17,0.0106287155467483
42286,29,0.000350017500875
84403,17,0.1986883653145494
15472,13,0.1560966031808364
27983,7,0.0953226761397276
59483,4,-0.0106911984087518
84129,13,-0.032181732134406
84161,29,0.0
90756,30,0.0554716981132075
72996,15,0.0137697516930022
87426,30,0.0031380753138074
88664,29,-0.0124740124740124
87856,22,0.0625
15318,27,-0.0363095238095237
71563,2,0.0146270112140418
80072,27,0.0047524752475247
85586,24,0.0308671065032988
90916,17,-0.0212577502214347
35917,23,-0.0220408163265306
70332,5,0.0856212191717078
90537,25,0.0702846975088966
68742,22,0.0829875518672198
75216,28,0.002053388090349
10147,16,0.096028880866426
10100,5,-0.1134020618556701
38149,15,-0.0076335877862595
87637,26,0.3040650406504064
10028,16,-0.0123456790123457
77576,15,0.0451642335766422
10078,25,-0.1314475873544093
10138,17,0.0527654164017801
10042,22,0.0447761194029849
10107,16,0.0742734122712593
10143,28,0.0515151515151515
10200,4,0.110759493670886
10163,3,-0.0339768339768339
10272,17,-0.0382293762575453
10302,11,0.2301886792452829
10299,28,0.1845520734409624
10324,6,0.0881372875708097
12217,11,-0.0926418439716312
10333,10,0.1764705882352939
10353,5,-0.0025839793281654
10382,15,0.0111801242236024
10397,23,0.0407264722069344
10383,22,0.0143540669856461
10404,8,-0.2528301886792452
10257,22,-0.1101694915254236
76565,22,-0.0165593376264948
10463,1,0.1312500000000001
70033,30,0.0777872340425531
10371,23,0.0122591943957968
10421,3,0.0141632500931794
10530,15,0.070965417867435
89700,15,0.0404761904761903
79698,15,0.0534446764091858
10606,24,0.0649487246910334
10550,5,0.0514705882352939
79785,3,0.2390977443609023
75070,25,-0.0010808473843492
10597,12,0.0803571428571428
10547,12,0.0
68857,16,0.0772264212947748
10586,22,0.095890410958904
76123,2,0.0825845918562415
79903,13,-0.0540050743022834
10667,1,-0.0874730021598272
10355,28,-0.0015476012181118
10661,1,-0.0365853658536584
45225,19,0.2712121212121214
75596,3,-0.0972222222222222
10649,2,-0.0751697381183317
75517,4,0.1366498740554156
10696,29,0.0020731247644176
89386,2,0.0767241379310346
10785,4,0.0384615384615385
10644,1,-0.0383386581469649
44813,5,0.144736842105263
70500,2,0.0834567901234568
70965,11,0.1000301295570955
75224,30,0.2686303080766028
89659,24,-0.0305584826132772
35124,24,0.015378548895899
71191,10,-0.099250936329588
10853,9,-0.0844529750479846
10026,6,-0.0131678906052166
10994,10,0.2422360248447204
10812,2,0.0850125944584383
10909,18,-0.0222222222222222
62296,15,-0.0228013029315961
88779,10,-0.1879895561357702
10924,5,-0.1813333333333333
75222,22,-0.014805675508945
10860,2,0.0136054421768707
10443,9,-0.0159580403972769
10032,7,0.2221574344023325
70308,9,0.0569395017793594
85570,1,-0.0290880503144654
11701,1,-0.11949069539667
71538,10,0.1122244488977954
10001,15,0.0027643400138215
11038,1,0.1082474226804124
75215,9,0.0526829268292681
11048,20,0.0093212100417452
77453,15,-0.0363084044553737
11137,22,-0.1827956989247312
10838,20,-0.1194029850746269
11292,3,0.0257826887661143
11162,4,-0.1022576361221779
87816,22,0.0
11246,5,0.0532319391634981
29621,22,-0.1346938775510204
75545,30,-0.0704960835509138
64390,19,0.0572868927589367
65294,7,0.0138357910067357
89682,25,-0.1594867094408798
12173,29,0.0164285714285714
75058,21,-0.0109674892283588
11378,10,-0.0481347773766547
11403,11,0.0541310541310542
11478,28,0.1108936725375082
76310,26,-0.1504854368932039
85991,10,-0.0885245901639344
11481,26,0.046567781993791
75101,19,-0.0084517864003074
75470,26,0.0412621359223301
11552,21,0.1658406404879908
75107,21,-0.0614934114202049
11547,18,0.0372904550119739
89048,21,0.0309278350515462
75150,22,0.26
11600,2,0.0201526717557249
75104,2,0.0388761842535119
11043,3,0.0703725606150207
11654,17,-0.00375
11638,24,0.0760213952429724
11641,15,0.1452955870108243
11394,5,-0.065934065934066
75526,26,-0.2622489959839357
11533,23,-0.076783867631851
11656,15,-0.0081875697804243
11707,7,-0.013821138211382
11775,30,0.0220722393554324
11781,8,0.0211267605633802
75233,28,-0.0245857830037413
75186,29,0.045379989065063
89686,9,-0.0042253521126759
11809,20,0.0287483414418399
11731,13,0.0656649972175849
11825,7,-0.052367288378766
75162,4,0.0818229808199895
11910,11,0.0759999999999998
11873,17,0.0143198090692122
75261,22,-0.0857323631762101
37217,16,-0.0709191759112519
75272,16,0.5299270072992701
88197,27,0.0130763936682727
11599,9,-0.1895446880269813
89502,16,0.0855989804587935
10822,20,0.0298953662182359
85789,27,0.0049079754601226
11618,17,0.1731811697574894
82107,27,-0.0278181440730745
11881,8,-0.0053763440860216
10623,3,0.0074487895716945
84769,24,-0.4562490320582313
10574,12,0.1660561660561661
11898,15,0.0250223413762289
10180,26,0.0725925925925925
11884,25,0.0961904761904761
75182,6,0.0531471446436015
75577,29,0.1275637818909454
11908,12,-0.032258064516129
75241,6,0.1644630016237533
75320,24,-0.0129339686861811
75285,24,0.0878405856039041
11927,7,-0.0292926887354132
86168,15,-0.0216910137228861
10901,16,-0.0421239817206438
75316,26,0.1605215827338129
11903,27,0.0277427490542245
11891,15,-0.0326524741081702
11509,29,-0.1141692150866461
80186,11,0.1215917464996316
11955,7,0.0871839581516999
88493,26,-0.0119189511323005
88283,8,0.0910256410256409
11752,9,-0.1997045790251108
12118,5,-0.0695652173913041
81774,26,0.0146547816890769
12149,22,0.8283582089552239
12188,16,0.0378378378378376
12248,13,0.1073508889880734
12067,18,0.010930668332292
75573,24,-0.0432555492316449
11917,5,0.1488
11306,22,0.1426900584795321
11976,9,0.0513153621305617
75326,8,0.1753014011078526
84387,9,0.0509554140127388
11998,20,0.0042826552462527
28223,5,0.075268817204301
17743,4,-0.0190217391304347
10119,29,-0.0183962264150944
12022,11,0.1057406094968109
12226,24,-0.0225822287677958
12074,11,0.0900332225913622
12236,21,0.009051724137931
12214,10,-0.0260416666666666
12062,24,0.0868787002615998
12190,8,0.0451127819548871
80926,17,0.0169491525423728
12209,17,-0.001111111111111
75432,18,0.0031295137217139
75383,7,-0.0169040538425417
75444,25,0.0383717050383718
11992,27,-0.1027190332326283
36346,23,-0.0546427206725259
85269,25,0.0890060474492171
75733,20,-0.0603603603603604
12169,22,-0.1463414634146341
75591,29,0.03125
82540,5,0.2008080808080807
75734,12,0.0318275154004106
75447,26,0.221
75730,27,0.0082644628099173
75721,10,0.1432545201668984
10375,27,0.0273141122913505
75694,18,0.0327495621716287
63467,2,-0.0480591497227357
75696,5,0.0187499999999998
75649,24,0.0254497586660817
75740,8,-0.0420560747663553
75646,3,0.0936654033567949
75607,2,0.0173410404624276
75764,10,-0.1431492842535786
75654,2,-0.0055376095985233
75603,3,0.0809399477806787
75998,17,0.0887166236003447
10051,21,0.0214224507283633
80422,28,0.0057518488085457
75825,16,0.0294365012615642
75962,5,0.118942731277533
75853,5,0.1767955801104972
75854,23,-0.0666666666666666
10304,27,-0.0988976377952756
76148,20,0.0358202395341169
78717,13,0.0968523002421306
15070,27,-0.0089285714285713
16644,27,-0.099888392857143
92663,8,0.0207449316360206
75556,19,-0.0482573726541554
86124,27,0.0617710583153348
11628,27,-0.0604320481268799
75831,29,0.0039370078740157
11748,8,-0.0422857142857141
75828,4,0.0009928514694201
11348,19,-0.0500376222723851
11506,12,0.0080645161290322
23326,27,-0.0374296124544552
11285,27,-0.0257249766136576
11389,27,0.0204651162790698
11442,23,-0.0613102595797281
10769,12,-0.092271818787475
86896,27,-0.020076481835564
10916,27,-0.010054461667365
75503,21,0.073517786561265
11018,12,-0.0542986425339366
11513,12,-0.0135935866155455
10974,19,-0.0085808580858086
87952,12,-0.1064891846921796
35503,23,-0.0210982658959538
11847,5,0.0061971830985914
35829,19,-0.1112128146453088
88007,19,0.0222016651248844
10563,23,-0.0484601449275361
88891,22,0.024390243902439
10252,23,-0.0983606557377049
10205,19,0.0060790273556232
89440,27,-0.0397260273972602
10271,19,0.0024390243902441
90086,27,-0.0228920926168633
10290,16,-0.0600184672206833
10638,27,-0.0527497194163861
11652,19,0.0149253731343284
12189,19,-0.0359712230215827
11208,19,-0.0178268251273343
11823,27,-0.0249543517954961
52936,2,0.0209276018099546
56611,27,-0.0190476190476189
10297,19,-0.0403071017274472
12068,27,-0.0165016501650165
75860,8,0.1315240083507307
75856,27,-0.0517391304347826
11786,13,0.0541263634492692
10562,6,-0.0459905660377358
75509,27,-0.0254027261462206
81577,27,0.0106564364876384
10932,27,-0.0741512184961465
11293,27,-0.0498866213151928
93105,22,-0.032
67046,22,-0.0146541617819461
11750,19,-0.1343157894736842
11593,28,0.1774739039665971
69586,2,0.0097044552271723
35685,27,-0.0138980807412308
75861,7,0.1532702915681638
83729,12,-0.0217391304347827
89207,18,0.0652837095790115
10308,27,-0.0754897276636406
77519,27,-0.0427974947807933
92807,27,-0.0375782881002086
12281,4,-0.0477308294209701
83469,27,-0.0228155339805826
86814,27,-0.0144230769230768
86384,19,0.0071942446043165
10781,12,-0.0174129353233829
84725,12,0.0115606936416183
83642,27,-0.0076923076923076
76037,2,-0.1818181818181818
76331,7,-0.0281513919299343
83641,19,0.0067708333333333
75773,22,0.0168510638297871
87759,21,-0.1143262134024145
88797,12,-0.0320712694877505
12166,14,-0.1679566563467491
10913,27,-0.0248468345813478
78922,5,-0.1261398176291793
77643,27,-0.0527659574468084
77379,27,-0.078513731825525
11006,27,-0.5087837837837839
86382,27,-0.0615958936070928
77889,12,0.0404444444444445
88976,23,-0.0016460905349794
39766,12,-0.1582491582491582
75993,28,-0.0182648401826484
11565,12,0.0033444816053511
76359,28,0.0078277886497064
81620,15,0.0630733944954127
75912,20,-0.0647368421052632
85299,19,-0.0462555066079295
77181,27,0.019291161956034
10002,27,-0.0534026465028354
76000,8,0.1076923076923077
77415,27,-0.0631668800682885
90561,27,-0.0597357840321653
83155,19,-0.0075217735550278
79851,27,0.0678832116788321
77798,2,0.0743944636678199
77504,27,-0.0161346895826026
89211,19,-0.028450704225352
11844,23,-0.0819762627656638
89141,7,0.1705963938973649
76266,27,-0.0604360711261643
91855,23,-0.1243764549384769
85726,1,-0.0428571428571428
75906,27,-0.0648907103825137
77236,8,0.0581503759398496
76060,14,-0.0324543610547667
11056,14,-0.054825264507855
91265,10,-0.1470098039215687
77528,27,-0.0145278450363195
79747,27,-0.0956052428681573
75755,26,0.0870588235294116
11397,27,-0.0417754569190599
20395,27,-0.0025210084033614
76023,12,0.1582733812949641
84516,27,-0.1048048048048048
63562,18,0.0686567164179103
77300,2,0.0213490801726095
75930,20,0.338192419825073
76215,20,-0.013235294117647
76371,16,0.0502035278154682
87652,19,-0.0677419354838709
76090,18,0.0100651272942569
76082,9,-0.4590017825311941
76095,26,-0.0015614156835531
76374,10,0.0198019801980198
89631,5,0.0178117048346055
85671,3,-0.1209677419354837
76391,4,-0.0136275146009086
76963,12,0.0
76127,28,0.0720356131121002
76128,12,0.0698602794411178
76110,28,0.0993930197268588
76435,19,-0.067037037037037
11396,8,0.0418848167539267
76336,8,0.05168986083499
76135,9,0.0901194353963084
78981,30,0.0538830715532285
76138,20,0.1561514195583595
76139,24,0.1136606189967983
76415,22,0.0317336152219871
76868,25,-0.0535782625334864
88965,27,-0.0098759819150816
79584,19,0.0291396854764107
89655,21,-0.0425219941348973
76383,22,1.926229508196721
76392,6,-0.0812749003984064
88871,26,0.3430523917995445
76372,7,-0.0219280099296649
84669,27,-0.1084178052005289
76887,29,0.0619539316918189
76544,1,-0.1209000762776505
83566,5,0.0181818181818183
76195,4,0.0688378978534418
83671,18,0.1427066877303844
89485,25,-0.1299925576779955
76202,19,0.0174632352941175
76367,12,-0.1116504854368931
76201,30,0.1457442673921491
87053,8,-0.1180904522613065
79259,10,-0.0553135888501742
76207,23,-0.0867111339148279
84911,8,2.564168311991466e-05
85685,10,0.0
76360,28,0.0037037037037035
89369,12,0.2116504854368932
81651,5,0.091060606060606
77486,3,0.0291970802919707
76240,4,0.0272401433691757
76228,22,-0.1082802547770701
76230,6,0.0685543964232489
76223,13,0.0943494038361845
11644,28,0.0354273192111029
76261,6,0.0601503759398496
76224,12,0.0251694094869312
76265,3,0.0977298961138901
89100,27,-0.0906976744186046
77256,14,-0.0488810365135454
76478,6,0.0165104863900045
79037,17,-0.0011318619128467
78071,16,-0.3319630010277492
76529,23,-0.0453468697123519
76515,1,0.1064021641118124
76504,27,-0.0350206003531488
76507,22,-0.0821428571428571
83551,2,-0.1615815691158156
80634,22,0.1327433628318584
76553,28,-0.0342726580350343
76879,4,-0.1326530612244898
88284,7,0.0439716312056737
11493,19,-0.0077881619937695
76582,23,0.0666089965397922
76584,25,0.0576540755467196
76586,21,0.0458908920627487
76613,15,0.0152394775036284
76614,26,0.2580943570767806
77004,26,0.1213389121338912
76619,7,0.0317573595004461
76978,10,-0.2356687898089172
76622,3,-0.1299212598425196
76624,5,0.1027104136947218
76625,11,0.1179609605392502
87035,19,-0.1055276381909547
76644,15,0.0238983563577694
76653,25,-0.0158139534883721
76888,28,0.0738461538461539
76837,29,0.0233155080213904
77010,6,-0.0358580314672519
76638,2,0.0865603644646924
76661,21,0.1035598705501619
76686,3,0.0445189085686932
76695,18,-0.0570606163223841
89045,12,-0.0069444444444444
76856,16,0.0314183123877918
76706,21,0.0579598145285935
76709,24,0.0289855072463769
76710,21,-0.0052356020942407
76934,1,0.0796460176991149
76712,9,0.0218401486988846
76714,4,0.0321361058601135
76721,3,-0.1011570247933884
76960,19,-0.0575471698113206
76732,29,0.0046035805626598
76736,28,0.0641191709844559
76980,26,0.0294117647058822
88031,1,0.0084477296726503
76744,10,0.0962910128388017
76750,16,-0.0028490028490029
76945,2,-0.0507726269315673
76795,6,0.0305620305620306
76792,29,-0.0431170886075948
76796,5,-0.1982330204307012
76869,3,0.2280701754385965
76798,3,0.0285132382892057
79500,22,-0.0338164251207728
76999,9,-0.0239836209417958
76892,23,0.0363416111447607
81564,14,-0.0569529284944303
76841,30,0.0637674628210904
76845,28,0.1511902208878404
76846,20,0.0601792573623558
76843,3,0.050909090909091
77018,3,0.0871329995941008
89213,11,0.0859267419443678
77063,25,0.1937086092715232
77235,2,0.2418032786885244
77037,6,0.026032627559875
85426,29,0.036504634007944
77202,5,1.5227272727272725
77087,2,-0.0191961607678464
77207,3,0.0229286086503386
77103,10,0.0274711797890605
77090,30,-0.0340604668962878
77117,14,0.0090791180285343
77114,9,0.0745932415519399
77180,22,0.0964516129032257
77182,7,0.0758776896942241
77191,7,0.0923399790136412
77184,22,-0.03584229390681
77175,3,0.0720118782479584
77178,16,0.0267229254571026
77259,16,0.0998336106489186
77262,15,0.2673956262425447
77264,10,0.1062633832976445
77271,21,-0.0308411214953271
77274,21,0.0661448140900193
77292,28,0.1640552995391706
77279,15,-0.0631924497332787
77282,28,0.2026578073089702
77281,8,0.0432552954292084
77289,22,0.0139664804469272
77340,20,-0.0742128935532233
77338,29,0.0215014577259475
77347,6,-0.0239085239085237
77366,7,0.1395939086294417
77362,15,0.1774128954745695
77392,3,-0.0446491849751948
77461,8,0.1146015125072716
77413,8,0.0457875457875458
77418,30,0.0461460446247463
77421,30,0.07612551159618
77425,2,0.0012870012870014
78147,3,0.2224770642201834
77443,20,0.3197424892703864
77437,5,-0.003968253968254
77472,11,0.0037998733375554
77447,18,0.0650510204081631
77448,30,-0.0322366234629444
77495,20,-0.0906593406593406
77496,7,0.098842169408897
77768,18,0.025254129606099
77502,8,0.0044345898004436
77507,12,-0.0295890410958903
77546,12,0.204460966542751
77515,12,0.0029585798816569
77520,15,0.128753043007844
77521,12,-0.0644490644490644
89441,5,-0.2156862745098039
83738,23,-0.0290284360189572
77582,22,-0.0254237288135593
77585,12,0.0333333333333334
77599,22,0.1103448275862069
77610,3,0.0324718356527502
77605,5,0.061898211829436
77608,3,0.1268498942917548
77649,7,-0.0376506024096385
77629,6,0.0488505747126437
77630,8,0.5241379310344827
77660,21,-0.0128723795513057
77668,18,0.1837215064420216
77683,21,0.0990415335463259
84776,20,0.0750514692120531
77701,15,0.1241299303944316
77702,28,-0.0108418367346938
77790,26,0.0886377156454492
87505,19,-0.0674820750738085
77763,15,0.0539599651871192
77767,22,0.1176470588235292
77778,19,-0.1083998122946973
77780,19,0.002708192281652
77781,20,-0.0963793982661908
77783,27,-0.0504409171075838
77785,26,0.0939968404423381
77787,23,-0.0930581613508442
85759,26,-0.2382671480144405
77868,11,-0.0022222222222221
77892,8,-0.0098765432098765
77898,19,-0.0603101665709362
77900,12,-0.0116618075801749
77902,2,0.0356472795497186
77918,24,-0.0120689655172414
77917,26,-0.0991136180499597
77971,6,0.1373134328358209
77967,22,0.1337579617834394
77976,29,0.1172627235213206
77982,9,-0.0575250836120401
84315,8,0.1356783919597988
78001,2,0.1084967320261438
78018,10,-0.0162601626016261
78008,18,0.0424155283968368
78009,19,0.0223613595706619
78015,7,0.0234877734877734
78186,26,-0.0230966638152266
78038,28,0.0588556851311952
78051,10,-0.1333333333333333
78062,20,-0.1285427998854852
78077,29,0.0824132492113565
78068,27,0.0403846153846154
78073,22,-0.0538461538461538
78081,5,-0.324404761904762
78082,28,0.0233917050691243
78210,5,0.078688524590164
78145,5,-0.0212631578947368
78179,24,-0.0225352112676054
78189,29,0.1344537815126052
78197,25,0.0228571428571426
78139,11,0.0400421496311906
78172,4,-0.0027367268746579
78170,16,-0.0016357688113414
78208,10,0.0583250249252245
78137,24,-0.0317073170731707
78804,8,0.0956325301204819
78156,20,0.0118721461187214
78193,26,0.0247809762202753
78213,5,-0.1314814814814814
78195,12,-0.0322580645161291
88944,23,-0.1571794871794872
78818,25,0.0753194351042367
78841,20,0.0424710424710426
86889,2,-0.1049902786779001
78908,8,-0.0175438596491228
79033,14,0.027749229188078
78875,4,0.2393681652490886
78889,15,0.1350464734827776
78876,25,0.1712247324613554
78868,8,-0.0679012345679013
78915,15,0.0157932519741565
78916,8,0.032917139614075
82640,28,-0.0601503759398496
79065,10,-0.026508226691042
79006,10,-0.0526315789473683
48653,15,0.0899689762150981
78955,14,-0.0467316513761468
78990,10,0.0561255280627639
78950,7,0.1632916846186987
78987,3,0.1353785533352096
78977,7,0.1002610966057442
78959,5,0.0087719298245614
79072,19,-0.0763754045307443
81491,8,0.1757696127110228
79089,24,0.0642236494144314
79080,12,-0.0306513409961686
79108,12,-0.0469613259668507
79131,19,-0.0118430792005921
79116,27,-0.0946345585128856
79133,24,0.0944270132974749
79103,13,0.0755287009063443
88597,2,0.0754098360655737
78910,30,0.0820895522388058
79150,3,0.0460792239288601
79212,9,-0.0098522167487684
79166,27,0.0082768999247555
79198,1,0.1125148045795501
79159,4,-0.053225237927388
79164,10,0.0542635658914729
79192,9,0.0049670786646645
79157,29,0.172228552824353
79237,15,0.0550795593635251
79323,28,0.0376290376290375
79247,10,0.0006112469437653
79299,17,0.0445578231292518
79248,15,0.0329317269076305
79249,25,-0.0099783080260303
79328,22,0.2006079027355622
83659,28,0.1292875989445912
79336,28,0.3302425106990014
79265,11,0.1351275581721334
79313,19,-0.0293066476054324
79252,2,-0.0110905730129391
79390,22,0.15234375
79444,22,-0.0020208824520041
18649,9,0.0007880220646176
79417,1,0.0251655629139073
79382,27,-0.0222996515679442
79399,18,0.122784810126582
79666,25,0.0138888888888888
79467,23,-0.1138014527845036
79518,22,0.0311418685121107
79507,9,0.0257692307692307
79472,28,0.1119999999999998
79499,28,0.1979166666666667
79545,11,0.0330151153540174
79528,15,0.0155124653739611
88568,20,-0.0388059701492536
79502,6,0.0033783783783782
79529,1,-0.0973971452560873
82763,5,-0.0475206611570246
79491,8,-0.0879120879120879
79517,30,0.0123096857790734
81103,22,-0.0568463611859838
79564,15,0.0525568181818181
79617,4,-0.0134121391225279
79588,26,-0.0306106264869151
79612,4,-0.0457142857142857
79568,16,0.0170697012802276
79607,17,-0.0376647834274952
85913,17,-0.0765931372549019
79628,12,0.0176340925789859
79668,15,0.0427318529576412
79731,19,0.0776196636481241
79712,26,0.109375
79724,21,0.1756938227394808
79758,25,-0.0449202350965575
79686,1,0.0663193466629119
79689,21,-0.0527343750000001
79740,5,0.0676165177493359
79734,27,-0.096612296110414
79704,8,-0.1499500166611129
79721,22,-0.0645161290322581
79702,22,0.0918918918918918
79824,23,-0.0746054519368722
79857,28,0.0868983957219251
79828,14,-0.0727272727272727
79906,10,0.1699544764795144
79790,10,-0.0617678381256655
79862,6,-0.0141467727674624
79839,15,0.0353628536285361
79795,25,-0.0545001557147306
79878,16,-0.062361251261352
79802,16,0.0776765375854213
79846,2,-0.0356110923486809
79915,4,0.0489091345001198
79841,30,-0.0720802919708029
80223,23,-0.0039398280802293
79879,20,0.0820748522652659
79796,27,-0.0011282437006393
79850,19,-0.031111111111111
79884,6,-0.1927512355848435
79799,16,0.0117762512266927
79859,27,-0.0073905628197838
79885,19,-0.0465116279069768
80023,6,-0.0490654205607477
79973,12,0.0
79994,20,-0.1248606465997771
80034,3,0.0188356164383562
80049,16,0.034
80080,29,0.0690036317700932
80001,12,0.1333333333333333
80012,12,-0.1314878892733564
80007,2,-0.0463215258855586
80050,21,0.1153846153846154
84723,10,0.070626003210273
80000,12,-0.0174067495559502
79965,12,-0.0147058823529411
79956,8,0.0855525965379493
80079,7,-0.0238264580369844
80054,10,0.0195530726256982
80167,24,-0.0013302294645826
80113,4,-0.0143712574850298
80112,8,-0.1734772552043176
80159,3,-0.0097919216646267
80165,5,0.0224719101123596
80135,18,-0.0306122448979591
80239,22,0.0041493775933609
80279,4,-0.075886524822695
76697,24,0.0046459765842781
80236,23,-0.0278947368421053
80258,22,-0.0642201834862385
80204,15,0.0785503698224852
80254,30,0.1191187453323374
80245,1,0.087719298245614
80257,22,0.0106681639528356
80191,6,0.0268505079825833
80193,22,0.1498449879435068
80237,1,-0.3510324483775811
80266,8,0.0517647058823529
80325,22,0.1682242990654205
80361,26,0.1524096385542166
80306,5,0.0155316606929511
80309,22,0.1856823266219238
80375,26,0.0738948047757341
88681,15,-0.0312435765673174
80343,13,-0.044835868694956
80316,13,0.0355781448538754
80362,8,0.0700447093889715
80368,10,0.0646651270207852
80310,21,-0.0761904761904761
84584,9,0.0234836702954899
80336,8,0.0089285714285713
80357,1,-0.0043835616438355
80303,20,0.304831124412142
81066,22,0.2287822878228782
80479,4,-0.0604026845637583
80439,8,0.1625874125874127
80485,10,0.0487329434697856
80482,20,-0.1051248357424442
80434,9,0.0512637718729747
82541,15,0.1072834645669291
80415,17,-0.0004481290611696
80478,8,-0.0471576227390181
80446,6,0.0846484935437588
80539,8,-0.052833078101072
46392,24,-0.0346938775510203
80504,22,0.2298387096774192
80568,24,-0.0491958372753074
80587,1,-0.0054815974941269
80585,21,0.1724137931034481
80569,27,-0.0538806927517639
82846,21,0.1372549019607842
80534,12,0.1530139103554868
80498,23,-0.0629084967320261
80528,12,-0.0149750415973377
80537,22,0.1538461538461537
80557,8,-0.0598103574033552
80577,20,0.0431266846361186
80560,22,0.1740412979351031
80563,29,0.1395568128241395
80575,6,0.0431258106355383
80679,23,-0.0140241527074407
80621,15,0.0162052667116814
80625,12,-0.0047675804529202
89099,9,0.1055662188099808
80670,4,0.0720545277507302
80633,14,0.0047281323877068
80768,12,-0.0124590163934426
80759,29,0.0358722358722356
80828,15,0.068317285648785
80791,13,0.0451745379876795
80798,2,-0.0052424639580602
80820,10,-0.0344827586206897
80797,29,-0.0325088339222615
80812,12,0.1327433628318584
80804,1,0.1532721010332949
80808,19,-0.086376404494382
80816,12,-0.0085365853658536
80837,4,0.0088888888888889
80858,1,-0.0814814814814816
80928,15,0.1799999999999999
80924,22,-0.075
80955,9,0.0014347202295552
80864,21,0.2272727272727273
80948,19,-0.0228963938179735
80913,7,0.017493206521739
80943,7,0.110989010989011
80951,15,0.0481794777491724
81001,29,0.073529411764706
81010,9,0.1125936329588015
80960,8,0.0191846522781775
80957,15,0.0446153846153847
80969,12,-0.0317604355716878
80990,2,-0.0215336134453781
81084,28,-0.017326092578226
81109,8,0.013157894736842
81097,10,-0.0601503759398496
81119,5,0.1343283582089551
88937,1,-0.069767441860465
81055,28,-0.0159024648820566
81071,23,-0.1156616297133174
81182,4,-0.0211267605633802
81142,16,0.0431778929188255
81162,17,0.1388384754990925
81184,20,-0.0617231935959553
82248,28,-0.1082802547770701
81173,3,0.2135539795114263
81128,15,0.192907105166278
85748,12,-0.0707710011507479
85679,12,-0.0215189873417721
81148,19,-0.0327102803738317
88865,27,-0.13903462749213
86993,21,-0.0050862450243254
85205,4,-0.1206434316353888
81220,28,0.1023359288097887
81206,12,-0.0187817258883249
81241,25,0.0186588921282799
81288,5,-0.1595092024539876
81275,24,-0.2015384615384614
81256,2,0.014362657091562
81259,12,-0.0166414523449319
81242,22,-0.189655172413793
81254,20,-0.1833154314357322
81293,3,0.0641441441441441
81292,23,0.001290322580645
81282,11,-0.0203766594627972
81278,23,0.0822857142857143
81298,19,-0.0074074074074073
81501,6,0.0621425848265344
87532,6,0.0023474178403755
83458,26,0.0708407871198568
81540,17,-0.0523222748815165
81566,21,0.066198595787362
81541,2,-0.0672035545681754
81546,8,-0.0129675925925926
81560,2,0.0290797126240163
81530,28,0.0718708536045997
81588,3,0.1309055118110236
81533,19,-0.0962494351558969
81539,1,-0.0913705583756345
81565,22,0.0853355426677713
81562,15,-0.0980966325036603
81584,11,-0.0197183098591549
81595,20,0.0333665338645419
87476,19,-0.0126050420168067
81624,26,-0.1227970437748721
81647,23,-0.064995357474466
81621,15,-0.1578411405295317
81705,15,0.0316139767054908
81736,3,-0.1610085368274766
85332,27,0.013657206900941
81740,26,0.0569579288025889
81741,12,0.0319148936170212
81763,27,-0.04957312035252
81756,5,-0.0754716981132076
81670,20,0.3432052089897082
81857,24,0.0283484631310717
81696,25,0.0713792309463505
81666,5,0.0634920634920634
81728,22,0.2918918918918918
81665,1,-0.0907634810464494
81691,25,0.0299003322259137
81677,24,0.0771238040011597
88719,19,-0.0116424116424116
81851,28,0.0162601626016261
81776,20,-0.0940904588973258
89611,1,-0.056890012642225
81893,25,0.1248275862068963
82251,4,-0.0174937522313459
81901,5,-0.1881720430107527
82231,26,0.0089285714285713
81850,5,0.0698924731182795
81869,1,0.139240506329114
81889,8,0.0355648535564854
82155,1,-0.1131339401820545
82171,20,-0.0340336134453782
81920,25,0.1981132075471696
81925,21,0.0991189427312775
82201,5,0.1428571428571428
82212,25,-0.0029048656499636
82179,25,-0.0002193944712592
82176,26,-0.0618784530386741
82191,10,-0.1761363636363637
85832,19,-0.0474308300395256
82168,22,0.2096774193548387
82234,10,0.0392156862745098
82281,20,-0.1470746108427266
82272,7,-0.0001752541184718
82266,20,0.0555555555555553
82235,20,0.0177646188008882
82287,20,-0.0971718636693256
82255,6,-0.092477756807765
82261,7,0.0272452068617556
82242,12,-0.0264550264550263
82497,12,0.0266114725014783
82488,22,-0.03125
82504,19,0.0550898203592815
82508,15,0.0606500290191525
82471,20,-0.0618336886993603
82298,15,0.0574428659666459
82518,20,-0.1249912499124991
82515,6,0.1209497206703911
82507,20,0.0408950617283949
82521,2,-0.0722154222766218
85374,23,-0.020595807282089
82501,14,-0.0213379469434834
82307,29,0.0241935483870967
82575,7,-0.1018050541516244
85032,15,-0.0122358175750834
82581,7,-0.0552736498731424
82618,10,-0.0079908675799085
82649,23,0.1046277665995976
82544,10,-0.0157232704402516
82552,26,0.0127373784159332
82643,30,-0.06773862470065
82546,25,-0.037568110123315
82547,15,0.164448669201521
82642,11,0.0526100307062435
82651,24,0.0246551724137931
86042,2,-0.0082379862700229
82634,25,-0.0341829085457271
82638,1,-0.0237037037037036
82573,27,-0.0418977202711028
82587,26,-0.0781190747061054
82635,25,-0.0238828967642527
82607,9,0.0920211287183765
82554,22,0.1464968152866241
82599,9,-0.1024353502385136
82762,19,0.2211981566820275
82779,5,0.142857142857143
82734,23,0.0219435736677116
82720,17,0.0035650623885916
82686,29,0.0177958164221043
83974,2,-0.0409074005206396
82759,1,0.0065316786414109
82512,27,-0.060064935064935
82727,22,-0.24
82717,18,-0.1567213114754099
82768,5,-0.1076923076923076
82704,1,0.1238670694864048
82710,21,-0.0572916666666666
82755,30,-0.0485668789808918
82664,10,0.297760210803689
82766,3,0.1668625146886015
82775,16,0.0587989119062566
82730,18,-0.0126883425852498
82699,29,0.0316223648029332
82747,22,-0.0169491525423729
82800,21,0.120569355288864
82812,5,0.0137614678899082
82837,6,0.0706441080439299
82810,10,0.0425531914893617
84067,10,-0.0617647058823529
84578,19,0.0333665338645419
82824,20,0.0477299185098951
82839,12,-0.0499001996007983
83875,21,0.9924812030075189
86122,10,0.1603603603603605
85376,22,0.0592885375494072
83113,18,0.1448390677025526
83131,20,0.0938063740228503
83161,10,1.0677257525083612
83139,22,-0.0002702702702702
87832,9,-0.0981012658227847
85838,3,-0.0277777777777777
83529,6,-0.0588235294117648
88177,5,0.0967741935483872
84825,22,-0.0754426481909161
83145,16,-0.1954545454545455
83151,22,-0.027237354085603
87471,10,-0.0657894736842106
83149,26,-0.0196721311475408
83120,26,0.1058508262617239
88979,12,-0.0167436489607389
83123,10,0.034
84397,19,0.0067453625632378
87005,5,-0.0833333333333333
37381,5,-0.0192307692307692
83111,26,-0.0319148936170213
83124,18,0.0703437250199841
83374,8,-0.0579310344827586
82859,22,0.205607476635514
83303,5,-0.0377358490566037
84157,20,0.0297766749379653
83307,11,0.0846702317290553
83251,9,0.0298158433206663
83143,19,0.0753922694221203
83272,3,0.2418075198344258
83317,28,0.0728813559322032
88163,22,0.1197916666666667
83291,4,0.0421768707482994
83283,28,0.1842980705256156
85406,27,-0.1339491916859121
83304,20,-0.0783764870538837
83244,15,0.0091723549488054
83301,19,-0.0722057368941641
83762,22,0.0
83390,12,0.0032188841201716
83373,12,-0.024405125076266
83413,25,0.053935860058309
83359,10,-0.0069069791416102
83435,17,-0.103867050175775
84215,30,-0.0006365372374285
83414,27,-0.0687066974595843
83421,18,-0.2205819426615319
83366,30,-0.0665950590762619
83362,17,-0.1011470281543275
83377,16,0.1076923076923077
83386,20,0.0608333333333332
83382,2,-0.0057471264367816
83405,15,-0.0009000900090009
83422,15,0.012061403508772
83520,25,0.005439330543933
83504,12,-0.0092646690593439
88596,5,-0.0748425196850394
83531,13,-0.0246478873239436
86744,8,-0.089430894308943
83499,10,0.2287390029325513
83509,9,0.0946710330455493
83541,10,0.0772946859903382
83462,11,0.1279582831929402
83475,10,0.0246533127889059
83534,22,0.0183999999999999
83452,16,-0.0291921249151391
83503,7,0.0497168030207677
83575,4,-0.1848184818481847
83467,5,0.095679012345679
85714,12,-0.0183714001986098
88811,4,0.0333333333333334
86091,27,-0.0288083806198167
83616,6,-0.1263717991353509
83690,25,0.0607399226946439
83632,22,-0.0752293577981652
83592,19,-0.0384615384615385
83651,5,0.1273209549071616
83664,3,0.0737142857142856
89202,12,0.0261824324324324
85523,22,-0.0153846153846154
83621,3,0.0084695686428992
83653,5,0.1864406779661016
83669,18,-0.0130563798219586
83654,26,-0.0198511166253101
83661,6,0.0217963171739947
83815,27,0.0060468631897203
83602,6,-0.0859336305101536
83677,1,0.0058536585365853
83694,1,0.0097370983446931
89524,27,-0.1724835609509357
83683,19,-0.1072337331879317
83744,2,-0.032146957520092
83740,5,-0.0050251256281407
85824,4,0.0692987867571457
83720,16,-0.0099667774086379
83779,18,0.0291891891891891
83800,8,0.1309523809523809
84806,12,0.0346751006325474
83799,25,-0.0052799999999999
83807,16,0.1596658711217184
83756,8,0.0157142857142857
83916,20,0.0283455982556555
83879,25,-0.0417659202794981
83832,7,-0.0207623179423613
83844,3,-0.0597738287560581
83908,1,-0.0524048815506101
83893,8,-0.0272009359461831
83838,22,-0.1149425287356321
83862,25,0.0405278039585297
86300,12,0.0187341772151898
83910,19,0.0158501440922189
83884,1,-0.0465116279069768
83906,24,0.06920245398773
83885,5,0.1141304347826086
83903,27,0.0145239376008605
83831,19,-0.0152671755725188
83934,19,0.0298913043478261
83929,8,0.0188172043010752
83969,16,0.0223084384093112
83928,18,-0.0250300842358603
83931,8,-0.0330578512396694
83944,28,-0.0902612826603325
88436,18,0.0523809523809524
83950,10,0.0701754385964912
83961,9,0.1199729638391349
83982,27,0.0344322344322343
83946,26,0.0039840637450199
83965,9,0.0414691943127962
83953,15,0.1455882352941175
84069,7,0.0945945945945945
84140,8,-0.0242643262777492
84030,26,-0.127906976744186
88905,10,0.1627906976744186
84023,11,0.1829871414441148
84026,8,0.0685714285714287
84103,7,-0.0293522267206478
89425,27,0.027170311464546
84062,16,-0.0255560814008518
84110,20,-0.0348387096774193
84120,21,0.0328947368421053
84636,27,-0.036538892624972
84058,12,0.0257894736842103
84020,3,-0.0111260957518544
85996,18,-0.0374054914444885
84042,8,-0.0009852216748768
84010,10,-0.1499893321954341
84060,26,-0.0280924331671953
84041,24,0.0988435128297795
84032,15,0.0907571667309421
84057,1,0.080545229244114
84031,12,0.104
84056,10,0.1124401913875599
84164,28,0.2103990326481257
84168,16,0.016053858104609
84146,10,-0.0330923694779117
84203,15,0.0536207849640684
84280,1,0.1641429436705026
84281,20,0.0508710801393728
84162,19,-0.0462962962962962
84172,4,0.0490314769975785
84262,26,0.0256944444444444
84210,24,-0.0909732016925246
84348,24,0.0403397027600849
84325,23,-0.0175438596491228
84330,12,0.0949033391915641
84311,5,0.0239520958083832
84365,6,0.0414929107589658
89268,12,-0.0510483135824977
84342,24,-0.1123073675321933
84291,24,0.137973640856672
84364,24,0.0195483653522074
84302,3,0.0472440944881891
84320,15,-0.1638349514563107
84373,2,-0.0196510928413875
84319,6,-0.0167821962787304
84351,8,-0.1171052631578947
84309,19,-0.1335526315789473
84331,22,0.0115606936416183
86440,27,-0.1609756097560974
85176,20,0.2696335078534031
88984,19,-0.047718930256948
84438,15,0.1709689487467265
84441,12,0.0861423220973782
84385,9,-0.0571022727272728
84426,21,-0.1239242685025817
84511,5,0.0362318840579709
84559,2,0.1030534351145038
84531,3,0.1594700686947987
84562,20,-0.0445859872611464
84561,9,0.0330007674597085
84563,24,0.1226765799256506
88424,8,0.038561364479051
84546,5,-0.1099999999999999
84555,22,-0.0990338164251206
84571,3,-0.029940119760479
84624,16,-0.0311377245508982
84616,30,0.0261524822695036
84604,22,2.490566037735849
84530,5,0.0966453674121405
84606,13,0.0368577810871184
84389,23,0.0162713734142305
84738,8,0.01909307875895
84737,3,0.1230366492146597
84749,14,-0.1133919843597263
85211,22,0.0032051282051281
84607,3,-0.01
84656,29,0.018210471020837
84734,12,-0.0125523012552299
84779,19,-0.0151006711409396
84792,8,-0.0257234726688103
84780,16,-0.0255979857322702
84784,22,-0.103030303030303
84827,3,-0.0677647058823529
88653,26,-0.0721587492483463
86075,12,-0.020855614973262
85204,8,0.0
85035,17,0.0032102728731941
85002,22,-0.0037313432835821
85075,10,0.0731182795698923
85072,15,0.0449234259784456
85034,29,-0.0131220599158208
85067,30,0.0133410672853828
85051,15,-0.0440480524208226
85013,6,0.0221729490022173
85047,19,-0.06
85077,19,-0.0183861082737486
85020,12,-0.0018518518518519
85059,24,0.0425709515859766
85168,3,0.0260123357468489
85187,21,0.2759638554216868
85177,5,-0.0890410958904108
85173,11,-0.0067092651757189
87364,19,-0.0179211469534049
85175,1,0.0361990950226245
85158,15,0.1550539744847889
89022,12,-0.0166204986149585
85245,12,0.0387323943661972
85222,12,-0.0454378573051976
85198,27,0.0261142061281336
85246,26,0.0307825086306099
85680,4,-0.0202898550724638
85231,15,0.0874125874125875
85216,30,0.4889917579315797
85255,2,0.0144269302698369
89038,19,-0.025
85223,1,0.0521739130434784
85280,1,0.0540617848970252
86004,23,-0.0683601045946954
85291,9,0.2514018691588786
85320,10,0.0361489367199814
86264,23,-0.0753558470555398
85319,15,0.0118326118326119
85531,6,0.0230463576158939
85298,20,-0.0405405405405406
85401,20,-0.0641821946169772
85349,17,0.1315068493150684
85333,19,0.1287671232876712
85348,18,0.070983379501385
85372,26,0.1077242812608243
85317,19,0.0107142857142856
85625,22,0.0995260663507109
85354,10,0.1167567567567569
89270,19,0.0018888067668556
85336,26,0.0616493194555645
85353,12,-0.0736522399392559
89292,27,-0.1496336290011569
85356,26,0.07
85395,4,0.0146699266503669
85453,12,0.0052910052910053
85486,18,-0.0325655281969817
85611,23,-0.0251677852348993
88367,2,-0.0667378537106246
85418,23,-0.0873271889400921
85502,28,-0.072429906542056
85516,5,-0.2552447552447552
85482,28,0.1419047619047619
85440,16,0.1206563706563705
85488,24,-0.0011346444780635
88635,27,-0.0073170731707316
85517,12,0.0623765170759242
85432,15,-0.0261813537675607
87139,13,0.0526315789473685
85500,12,0.0101626016260161
85424,25,0.1668207024029575
85445,23,-0.0004476275738586
87114,27,-0.169950738916256
85457,22,0.0890052356020942
89615,4,0.00875
87837,20,0.0262172284644195
85427,30,0.0309278350515462
85419,9,0.0
85496,28,0.0235173824130878
85540,20,-0.2493573264781491
85590,4,0.002571638501102
85621,9,0.0898738416880653
85627,30,0.003157894736842
85539,8,-0.1640127388535032
85571,5,0.0219594594594594
85622,8,-0.029201430274136
85798,12,0.0231328486450759
85593,24,0.0856483617904937
85567,20,0.0548505358150028
85576,3,-0.0382165605095541
85522,7,-0.2301369863013698
85526,28,0.1208955223880596
88161,20,0.0608272506082725
85565,23,0.1362862010221464
85686,22,-0.0364145658263305
85725,2,-0.1515358361774744
85675,6,-0.0628828093099224
85559,13,-0.1128919860627176
85707,1,-0.055992141453831
86162,19,-0.0061791967044284
85645,29,0.1188536105647652
86017,28,0.025075225677031
85647,25,-0.0815047021943573
85663,25,0.2181818181818182
85653,22,0.0054347826086957
85728,12,-0.0189177298724152
85708,8,-0.0058290155440414
85883,19,0.0570330022428708
86419,23,-0.1411911703456893
87138,5,-0.3125
85731,14,-0.0795154185022025
85751,30,0.0056737588652482
85656,12,-0.0501043841336116
85880,20,0.0802337938363442
88183,19,-0.0192237939789626
89498,12,-0.0574929311969839
85776,5,-0.0298507462686566
85744,21,-0.0441317039455301
85753,29,0.0887738853503183
85768,1,-0.0351799433885968
85724,17,-0.0314754098360655
85755,4,0.0464788732394365
85738,12,-0.0216294160057677
85814,17,0.0350981558596072
85770,6,0.0129809921186834
85792,26,0.0900079302141156
85822,21,0.0934065934065933
86497,8,0.0319277108433733
85839,16,-0.0109090909090908
87024,19,-0.0280286515104328
85966,12,0.0048217726396915
85846,10,-0.1774193548387097
85886,26,-0.1027972027972028
85889,16,0.1286111111111112
88384,14,0.0023785253143051
85931,13,0.0385934819897082
85903,29,0.2331060136391818
85804,21,-0.0306122448979592
85739,22,0.0287474332648869
85865,7,0.0088235294117646
88459,5,-0.2265917602996254
88203,20,0.1969781757134863
85923,10,0.1060606060606059
85864,22,-0.1623376623376623
85963,16,0.0149672591206735
86003,7,0.0254777070063694
86102,16,0.0392156862745096
86111,15,-0.024390243902439
87014,23,-0.0078403421240199
85860,27,-0.0591949486977111
85863,29,0.0046541486117797
86570,13,-0.0319222761970852
87580,5,-0.0595744680851064
87488,14,-0.022
87501,19,-0.1211956521739129
87508,10,0.1091954022988506
85669,19,0.1109340283311612
88820,14,0.0108303249097474
88482,1,0.1660377358490565
89278,27,-0.0272904483430798
89530,14,-0.1502857142857143
89650,26,0.1237373737373737
88951,19,-0.025974025974026
80638,22,-0.1014285714285713
87538,5,-0.0444444444444445
85986,20,0.106500691562932
85939,24,0.0249196141479099
85951,13,0.01
85953,1,-0.0799999999999999
85976,12,-0.1006289308176099
85980,19,0.0272217774219374
85995,22,0.2890625
85959,25,-0.0161067648412334
85978,19,-0.004008016032064
86302,7,-0.1424087877599058
87614,27,-0.0376383763837639
85992,29,0.054320087495443
86047,1,0.1209935897435896
86073,22,0.0185185185185183
86062,5,0.1675126903553299
86034,24,-0.0093023255813954
86026,1,-0.06852879944483
86021,29,0.0281239282039558
86083,12,-0.0346638655462184
86097,14,0.0410821643286574
86051,1,-0.162839248434238
86113,15,0.1062499999999999
86048,8,0.0244648318042812
86196,15,0.0538373424971363
86128,17,-0.144521138912856
88341,4,-0.0814917127071823
86198,1,0.0280777537796976
86211,15,-0.0999287918347969
89279,19,-0.0171933085501859
86109,10,0.1015658061785866
86150,4,0.0069044879171462
87318,19,-0.0012180267965896
86157,27,-0.0788548468106479
86158,15,0.0128016313583325
87067,27,0.0138190954773869
86249,6,0.0219855719683956
88836,10,0.3159722222222223
87564,12,0.0745341614906831
86199,27,0.0398692810457514
89527,23,-0.0085520495429076
86155,19,0.0010660980810235
86176,25,0.0396542958820538
86178,20,0.0445517981749867
86180,21,-0.0391937290033593
89578,6,-0.0348675034867503
86288,6,0.0924350940017906
86228,19,0.0039539899352982
88257,28,-0.0505851264628162
89643,12,-0.0291095890410957
86240,12,-0.0205298013245033
87131,21,0.0227272727272727
86299,27,-0.0660633484162895
86258,21,0.035674470457079
86236,15,0.0881226053639847
86250,27,-0.0410821643286573
86284,3,0.0819112627986347
88516,5,0.1165048543689319
86233,26,0.2412307692307693
86260,3,0.22865275142315
86246,12,-0.0587084148727985
86728,21,-0.0373599003735988
86312,19,-0.0098199672667758
87160,26,-0.2002551020408163
86323,7,-0.0275038920601972
86576,27,-0.0876999448428019
86713,12,0.0143737166324435
86322,15,0.0593665158371041
87089,10,-0.0772251308900523
86305,24,-0.0059031877213694
86226,28,-0.1806656101426307
86339,21,0.0687830687830688
86333,22,0.1884920634920635
86324,2,-0.0694789081885857
87571,28,-0.0147530468248877
86362,16,-0.104594330400782
86356,4,0.0238310708898943
88940,16,-0.051870324189526
89109,20,0.0205183585313173
86569,12,-0.2677165354330708
88409,20,-0.0659090909090909
86253,19,-0.0060240963855421
86721,21,0.0667547918043622
86945,1,0.3913043478260869
86437,27,-0.0354457572502685
86435,28,0.0906040268456376
86432,6,-0.0014392630972943
86489,4,0.041573033707865
86496,12,-0.0606060606060605
86512,4,-0.0398148148148149
86527,4,0.0988467874794067
86544,30,-0.0003895597974289
86525,26,0.0177548682703321
86531,27,-0.0523584905660376
86543,12,-0.110077519379845
86526,19,-0.0217391304347827
86529,12,0.0073107049608356
86533,19,-0.0284974093264248
87069,19,-0.038915913829048
86573,12,0.0122358175750834
86574,23,-0.067132867132867
87845,22,0.0363636363636361
88581,2,0.0273972602739727
87342,22,-0.1474999999999999
86582,27,-0.0381625441696114
86547,10,0.0219378427787932
86548,7,-0.0320307495195387
89143,12,-0.1027315914489311
86560,27,-0.0156139105748758
86583,8,0.0957746478873238
86602,29,0.0016787912702853
86719,2,0.0840358988305682
86709,4,-0.0243654822335025
86715,23,0.0058181818181817
86595,10,0.1660231660231661
86717,17,0.1394495412844036
86738,22,-0.1555555555555555
87598,10,0.0605355064027939
86739,20,-0.0026925148088314
86720,17,-0.1621906266456029
86718,22,0.1698113207547169
86725,13,0.0285938727415553
86759,16,0.052552175006286
88941,12,-0.0248667850799289
86751,12,-0.0926666666666666
86763,19,-0.019774011299435
86789,24,-0.0051493305870236
86791,15,0.2431622330460845
86778,24,0.0560344827586207
89021,2,-0.0715268225584593
86783,26,0.044686443860308
86810,12,-0.0529493729679517
86820,27,0.0214229039936524
86756,30,0.028849169018501
86823,19,-0.0016853932584269
86840,17,0.0780287474332648
86822,2,-0.0330969267139481
86819,28,0.1582319026265213
86850,22,0.207142857142857
88416,19,-0.0380194518125552
86858,4,-0.0945454545454544
86827,9,-0.0262125902992776
86799,16,0.0700230002555581
86830,25,0.0960536113179448
87039,19,0.0146031746031747
86899,7,-0.0447409733124019
86916,19,0.089644513137558
86924,26,-0.1755102040816326
86926,1,-0.0129995185363505
86876,1,0.0062121694807264
86887,22,-0.0185185185185184
86895,26,0.1455732122587967
86935,3,0.0945877192982456
88909,12,0.0894736842105263
86890,28,0.1580882352941175
86910,20,-0.0218712029161602
86915,16,0.0882352941176469
86946,2,0.0296426854670728
83554,7,0.0833333333333332
86964,15,0.1514697060587881
86988,3,-0.0374891020052311
88231,10,0.5128205128205128
86949,15,-0.0646410485552577
87843,19,-0.05
88368,27,0.0056338028169014
86996,20,-0.004399323181049
87006,3,0.0396058014131646
87013,26,-0.0617021276595745
87002,8,-0.0099009900990099
86958,15,0.0159872102318145
87000,16,-0.0180932498260264
86965,27,-0.0438465371200796
86977,19,0.0513595166163141
86979,30,0.1361788617886179
87016,5,0.0390689941812136
87077,5,0.1971830985915494
87020,27,-0.1020240700218819
87121,19,-0.0784
87054,20,0.0971905846621108
86975,22,-0.0288461538461538
87066,13,0.0597014925373133
87051,20,-0.0750721847930703
87099,21,0.0689655172413794
87075,28,0.0375180375180377
87056,26,-0.0637311703360371
87074,5,1.3166870434809868
87105,19,0.0348837209302324
87118,17,-0.2351046698872786
87034,9,-0.0529411764705882
87086,20,0.0717896865520726
89679,2,-0.0188124632569076
87134,28,-0.0372670807453416
89481,12,0.0355795547007915
87162,3,0.0398457583547557
87183,10,0.2410574712643678
87167,20,0.1186915887850468
87165,21,-0.1624548736462094
87189,2,-0.0814332247557003
87179,9,-0.0906077348066298
87173,10,0.0704960835509136
87182,29,0.045482483097726
87172,12,-0.0019646365422396
87178,3,0.1388888888888888
87140,5,-0.0024509803921568
89529,17,-0.0509715573078004
87264,26,-0.0426509186351706
87257,26,-0.0088796030295115
87242,7,0.0134128166915052
87261,18,0.0285103349964361
87229,16,0.1142225497420781
87230,20,-0.0117647058823529
87233,15,0.058324304803178
87301,4,-0.063157894736842
87236,20,-0.0247619047619047
87219,2,-0.0333333333333334
87267,26,-0.0422877614995842
87357,8,-0.0944272445820434
87345,28,0.0735294117647058
87340,19,0.0179591836734693
87350,15,-0.0264867566216892
87327,26,-0.0964497041420118
87268,24,0.0196078431372548
87557,10,-0.2647058823529411
88475,10,-0.0569105691056911
87361,17,-0.0176991150442478
84108,21,-0.0154941373534337
87269,8,-0.0247252747252746
87277,6,0.1175778953556732
87356,29,0.0435582822085889
87302,20,0.1746830850171212
87298,1,0.283266129032258
87292,24,0.0248962655601658
87299,20,-0.1169871794871795
87321,26,-0.033672172808132
87337,22,0.0
87379,28,0.0171306209850106
89597,17,-0.0325203252032521
87439,3,-0.0350877192982456
87430,22,-0.1384615384615384
87378,10,0.082437275985663
87394,26,0.1552106430155211
87419,16,-0.0239234449760764
87415,3,-0.0097477064220184
87414,20,0.013095238095238
87424,8,0.0439560439560438
87373,9,0.0779661016949153
87418,12,-0.350451467268623
87384,5,-0.0707865168539326
87510,8,-0.0587378640776699
87445,24,0.1781517094017095
87482,29,-0.0454995054401581
87494,7,-0.0016583747927032
86806,28,-0.0140845070422535
87478,2,0.0017699115044247
87499,3,-0.0376681614349775
89067,22,-0.0909090909090908
87525,12,-0.0262615859938208
88926,22,0.0485436893203883
87632,20,-0.0027027027027027
87539,1,0.1195779601406801
87541,7,0.0147540983606557
87634,5,0.21875
87618,17,0.0601965601965601
87583,22,0.4215246636771299
87588,28,-0.0167597765363128
87625,5,-0.1574468085106383
87589,19,0.0791027154663517
87602,1,0.2869153967419862
87649,20,0.2782608695652175
87601,8,-0.0691421254801536
87771,3,-0.0718889439762023
87833,3,-0.0357142857142855
87633,20,0.0770676691729321
87612,18,0.1245753114382786
87619,12,-0.1813186813186813
87797,18,0.004291845493562
87752,21,0.1193595342066957
87825,8,-0.1387213510253316
87814,22,0.0206185567010308
89701,12,-0.0088888888888889
87660,15,0.0341091492776886
87785,10,0.1723438767234388
87812,4,0.0965909090909091
87657,29,-0.0335305719921105
87659,9,0.1388726122114145
87791,18,0.0153027278775781
87827,2,0.0748151370160941
88810,5,-0.0239410681399631
87789,11,0.009475218658892
87801,12,-0.1056379821958457
88207,15,0.0945273631840797
88784,5,-0.5908571428571429
88152,30,-0.0408833184124141
88204,10,-0.0280146163215591
88167,24,-0.1390697674418604
88468,28,-0.0478723404255317
88213,5,0.0123456790123455
88165,20,-0.0921009505080302
88173,22,-0.0330578512396694
88174,26,-0.1116751269035533
88195,10,0.0926470588235293
88159,28,0.0804828973843059
88370,12,-0.0291262135922329
88246,5,0.0731707317073169
88338,25,0.0465116279069766
88271,4,-0.0360824742268039
88646,21,0.1420454545454543
88182,26,0.2006726457399104
88255,10,0.0671999999999999
88260,22,-0.0787878787878787
88263,26,0.1633136094674556
23887,17,0.0414715719063545
89572,17,0.0027662517289073
88575,8,0.0461165048543688
88534,10,0.0718799368088467
88248,19,-0.0052083333333333
88264,15,-0.0421313506815365
88262,26,0.056844547563805
88249,21,0.0439189189189188
88343,17,-0.0297134771842942
88355,5,-0.0969840331164991
88319,28,0.0679156908665106
88352,20,0.0665460228674836
88331,21,-0.0454545454545455
88281,7,0.0237786424556853
88313,29,0.1965566714490674
88280,19,-0.0419019316493312
88332,22,-0.0566037735849057
88287,30,-0.0080459770114941
88359,22,-0.0385852090032153
88439,17,0.0953271028037383
88417,29,0.0013089005235602
19675,28,0.181521231917872
88457,4,-0.089108910891089
88448,28,-0.100502512562814
88432,22,0.0246575342465753
88419,28,0.0131578947368422
88485,6,0.0503211991434691
88421,10,0.1998158379373849
88423,1,-0.3038528896672504
88446,20,0.1136518771331058
88510,18,0.0158102766798418
88511,22,0.3618421052631577
88580,19,-0.0220082530949105
88550,18,-0.1672834937083641
88532,22,0.3421052631578947
88542,17,-0.05625
88504,26,0.0941064638783271
88497,22,-0.0876288659793813
88545,3,-0.09170653907496
88574,25,0.0833333333333332
88535,28,0.1263282172373079
88564,2,0.1682758620689655
88499,28,-0.1624940954180445
89617,26,-0.0252248043909844
88554,22,-0.0813953488372092
88503,5,0.0344827586206897
88583,8,0.0
89395,28,-0.0406424123238283
88587,7,0.0939881456392885
48506,28,0.0654205607476636
88648,5,-0.0377358490566037
88627,5,0.1890476709937822
88739,20,-0.0779076238174735
88620,22,0.0285714285714286
88626,28,0.0745192307692306
89366,10,-0.1148148148148148
88642,22,0.0656934306569341
88615,7,0.1384313725490196
88733,5,0.0454545454545454
88661,21,-0.0243756243756243
88748,15,0.157680787334189
88675,28,0.0496153846153846
88743,30,-0.0543633762517882
88727,28,-0.1410579345088161
88750,2,-0.0774193548387097
88868,6,-0.060825488776249
89685,9,0.0346454569964949
88799,1,0.0020512820512819
88817,5,-0.0793388429752065
89576,17,0.011875
88792,27,0.0369393139841689
88809,22,0.1194029850746267
88801,3,-0.0090909090909091
88813,22,-0.1191228070175438
88807,26,0.1340399002493766
88790,21,0.0984251968503937
88791,5,0.0344827586206897
88786,25,0.0526315789473683
89029,3,0.0345238095238094
88860,26,0.42875157629256
26382,4,0.1225510629428929
88949,10,0.1611721611721612
88839,7,0.1493775933609957
89174,27,0.0159939070830159
88906,20,0.1558510638297872
88910,4,-0.04177545691906
88908,19,-0.0079230333899265
88915,3,0.0470588235294118
88892,3,-0.0274223034734917
88897,24,0.0573387348083513
88945,20,0.0901399284087212
88922,8,0.104175279040926
88991,8,0.1923459244532801
88895,2,-0.0794148380355276
88943,27,-0.0755048287971906
89497,16,0.0496272630457934
89004,15,0.0160550458715595
89290,3,0.1712275215011729
89006,4,0.0571699305116866
89110,15,0.0965583173996176
88970,19,-0.0733459357277882
88964,12,0.0059171597633136
89046,23,0.0596680125616868
88994,12,-0.1147540983606556
88980,4,-0.0193236714975845
89040,25,0.0886446886446885
89208,10,0.1479933110367892
89642,16,0.0455602045560203
89031,8,0.074719800747198
89002,24,0.0331061343719572
89030,4,0.0875232774674115
89014,24,-0.0188256387270283
89367,5,0.0222602739726027
89036,26,0.0005627462014632
89044,4,-0.0053144375553586
89215,18,0.0764809902740937
89070,18,0.0593607305936074
89327,9,0.0184070796460176
89300,1,0.0277777777777779
89413,3,-0.0123456790123457
89203,13,-0.0620308178585539
89179,4,-0.0262638717632551
89347,5,0.0234301780693533
89313,8,-0.0385604113110539
89244,4,0.0412236927750053
89265,5,0.0299513290902284
89269,8,-0.0085755121486421
89172,22,-0.2
89224,21,0.0306068601583113
89217,17,0.0687418936446175
89225,12,0.0068181818181816
89230,15,-0.0851987208771128
89252,10,0.0710116731517509
89262,19,-0.0578358208955225
89297,20,0.0774439272111722
89308,2,-0.1212121212121212
89370,4,-0.0944881889763779
89353,2,-0.1390095569070373
89409,4,0.0946149974836436
89390,25,0.0325653522374833
89332,7,0.0100931677018631
89431,13,0.0177899418405746
89410,14,0.0028735632183907
89424,27,-0.0831271647699158
89387,4,0.1875466070096942
89394,5,0.0813253012048191
89355,27,-0.0306211723534557
89531,27,-0.1017011834319526
89445,1,0.0433145009416195
89567,28,-0.0698924731182795
89471,12,0.0242990654205608
89453,17,0.0200927357032458
89407,10,0.0037735849056603
89577,13,-0.0783699059561128
89418,14,-0.0175939134569662
89426,29,0.0868279569892471
89406,25,0.0446601941747573
89626,20,-0.0295046001763662
89443,16,0.0482398956975227
89636,21,0.0409836065573769
89533,15,0.0774826059456039
89482,12,0.0428571428571429
89463,16,0.1271730914588056
89484,12,0.0404475043029259
89653,27,-0.0177650429799426
89622,19,0.0586206896551726
89568,12,-0.0341176470588234
89574,3,0.2463605823068309
89546,25,0.0021171489061397
89509,30,0.0642895732036734
89680,7,0.1199543899657924
89612,8,-0.0222222222222221
89549,20,-0.126227208976157
89573,2,-0.1487625781887408
89620,12,-0.0188014101057579
89699,2,-0.0090081966473998
89644,5,-0.0007920792079207
19721,29,0.0580310880829015
62763,5,-0.2273170731707315
86786,29,-0.009448223733938
82238,20,0.1437185929648243
89678,2,-0.0138613861386137
54594,15,0.1081277213352684
11790,3,0.0205825920111635
13056,13,0.0965101249461437
50091,25,0.0498026116003644
14526,9,0.2015968063872255
11581,29,0.043101751623696
15203,9,-0.0428498985801216
16126,15,0.3595238095238096
17137,27,-0.0380434782608696
85885,5,-0.2533081285444234
85914,30,-0.042487684729064
18092,29,0.0167098140738997
84839,22,-0.0941176470588235
20670,28,-0.0347624565469294
64899,19,0.0692090395480227
22905,15,-0.0305395317271801
47175,17,-0.0582838640043174
23660,23,0.0379501385041549
23975,13,-0.0081761006289308
82542,26,-0.1276530298369732
30680,3,0.0695374800637957
56274,13,-0.0132476916900843
31318,16,-0.0304536979490366
31668,4,0.0179257362355955
54391,24,0.0472679965307891
32046,30,-0.0986111111111111
32054,2,0.0706860706860708
47511,24,-0.086322869955157
33188,22,0.0677083333333332
60628,16,-0.0185236898445499
57330,21,-0.0577588501463934
37875,6,-0.0623395672900622
20765,27,-0.0375722543352601
17144,7,0.0288560632085193
39328,8,-0.0097402597402598
26657,1,-0.0298372513562387
40540,22,-0.0254237288135593
22250,30,-0.1108108108108107
41452,6,-0.0004403346543373
84226,6,-0.0444874274661509
89181,2,-0.042168674698795
64020,3,0.0245649948822928
51423,13,-0.0657781599312123
67002,14,-0.0661322645290581
52090,7,-0.0363447559709243
53613,17,-0.0504966887417218
54114,16,0.02747088683189
55213,7,-0.0643356643356642
51377,30,0.0894780447390224
57665,24,-0.4931300583474497
67010,18,0.0731244064577398
34948,7,-0.0610841423948219
35107,30,0.0158554572271385
61621,6,-0.020332717190388
51692,22,0.0926193921852387
65307,29,-0.0792207792207793
66852,6,-0.0600214362272241
46922,3,0.0641247833622185
67193,9,0.0305711987127916
77354,2,-0.0073954983922829
69199,7,-0.0169779286926994
38850,2,-0.0263781861292234
72128,15,0.1073170731707315
72486,11,0.0497707924034054
27764,29,-0.0838206627680312
44951,10,0.1748144356283594
65429,25,-0.0568364611260052
74500,12,-0.0545023696682462
74740,25,0.1092253606497757
65752,15,-0.0977719528178242
40061,23,0.0436789772727272
75433,5,-0.0851515151515152
40694,21,0.0084734542565867
76129,8,0.030690537084399
65306,29,0.0966901224915299
92874,8,0.0237797246558197
81294,13,0.0905077262693156
19502,16,-0.0433645674438876
81614,25,0.2817679558011048
51086,6,-0.0466845078798692
83601,7,0.0811467444120506
62042,11,-0.0278053624627607
68304,21,0.0355835692993966
88867,25,0.108732585796806
21785,18,-0.1705882352941177
65067,22,0.0112866817155756
10044,17,-0.0029563932002956
69032,21,0.0666582021330624
10104,21,0.0369553226696084
75510,3,-0.0033573141486811
11161,3,-0.0021626945889808
11353,7,0.0195473251028805
75033,6,-0.0230821452817379
75110,22,-0.093432007400555
12211,25,-0.0390059767222396
75434,2,-0.0384615384615384
80297,22,0.1836492890995262
75976,18,0.0680851063829788
75857,2,0.0634920634920634
77488,25,-0.0386869871043376
76355,10,0.0449999999999999
76858,5,0.0917431192660549
76279,26,0.2061295106277805
76568,4,0.0071813285457809
76990,10,-0.0521564694082248
76605,25,0.0382393475885749
76752,29,-0.0342948717948717
77163,3,0.0121506682867558
77478,30,-0.1109399075500771
79580,22,0.0074074074074073
77637,1,-0.0265822784810126
77667,6,-0.0099502487562188
77669,2,0.0468253968253968
79094,2,0.0882765063054646
79262,19,0.0613207547169811
87055,16,-0.0050148588410104
79866,21,0.2922579039083892
80032,9,0.0370962583946274
80393,26,-0.0054545454545454
80599,28,0.0743542172113602
80553,8,-0.0924574209245743
80719,17,-0.140823970037453
80763,2,-0.0235756385068762
81078,8,-0.0932982917214191
81655,11,0.0070405438213159
82738,16,0.05956678700361
82777,9,0.0441302485004284
83148,15,-0.1036671368124118
83597,9,-0.0213206046141607
83957,22,-0.0116666666666667
20598,26,0.0052044609665427
89508,28,0.0154849225753872
84746,22,-0.1260162601626017
84785,3,0.0291970802919707
85040,20,0.2427013363679393
85982,3,-0.0366197183098591
85272,21,-0.086677367576244
85394,9,0.0826822916666667
85796,11,-0.0186023127199598
85972,18,-0.0116903027980068
86251,5,-0.0699999999999999
86868,26,0.0579780283598703
86724,1,-0.1258992805755394
87092,7,0.0704225352112675
87184,9,-0.0780636720453553
87214,2,-0.0366300366300366
87484,5,-0.1145038167938932
87800,3,-0.0689464975179261
88193,21,0.0466004583651642
88668,3,0.0733260553129548
88841,3,-0.0568927789934353
88873,8,0.1150910158543745
89271,28,0.100123609394314
89216,9,0.0859662013225568
