Firm Name,Momentum_1,Long Short,Long,Short,Cluster Index
32540,1.4900105152471084,-1.0,0,-1,1
79148,-0.0012578616352201,0.0,0,0,1
78197,-0.001111111111111,0.0,0,0,1
79327,0.0,0.0,0,0,1
82669,0.0,0.0,0,0,1
86941,0.0,0.0,0,0,1
79732,0.0,0.0,0,0,1
77200,0.0,0.0,0,0,1
75659,0.0,0.0,0,0,1
83113,0.0076530612244898,0.0,0,0,1
79716,0.0105263157894737,0.0,0,0,1
83111,0.0111633372502939,0.0,0,0,1
83466,0.0118811881188118,0.0,0,0,1
84434,0.0130208333333334,0.0,0,0,1
79283,0.0152218966626171,0.0,0,0,1
76586,0.0163636363636363,0.0,0,0,1
81066,0.023008849557522,0.0,0,0,1
75694,0.0241250424736663,0.0,0,0,1
81621,-0.0037037037037036,0.0,0,0,1
75244,0.0256410256410257,0.0,0,0,1
82162,-0.0039062500000001,0.0,0,0,1
76310,-0.009375,0.0,0,0,1
54253,-0.0511111111111109,0.0,0,0,1
10170,-0.0505050505050505,0.0,0,0,1
80915,-0.0446927374301676,0.0,0,0,1
82737,-0.0446650124069479,0.0,0,0,1
83291,-0.0380827314510834,0.0,0,0,1
78117,-0.033644859813084,0.0,0,0,1
77294,-0.0313043478260869,0.0,0,0,1
76448,-0.0269761606022584,0.0,0,0,1
80032,-0.0237841675541357,0.0,0,0,1
83251,-0.0220067139127191,0.0,0,0,1
81691,-0.0196078431372549,0.0,0,0,1
83944,-0.0174757281553399,0.0,0,0,1
83503,-0.0163934426229507,0.0,0,0,1
11903,-0.0135501355013549,0.0,0,0,1
46042,-0.0112994350282485,0.0,0,0,1
20670,-0.0102278481012658,0.0,0,0,1
79801,-0.009375,0.0,0,0,1
83813,-0.005,0.0,0,0,1
67010,0.0264900662251654,0.0,0,0,1
76314,0.0277777777777779,0.0,0,0,1
79820,0.0307692307692308,0.0,0,0,1
84517,0.0679245283018867,0.0,0,0,1
83141,0.0683859750796871,0.0,0,0,1
83976,0.069926094371802,0.0,0,0,1
83487,0.0727272727272727,0.0,0,0,1
78959,0.0756756756756755,0.0,0,0,1
84223,0.0792682926829269,0.0,0,0,1
81182,0.079734219269103,0.0,0,0,1
45356,0.08,0.0,0,0,1
75897,0.0806451612903225,0.0,0,0,1
81756,0.0816993464052286,0.0,0,0,1
79836,0.0818181818181817,0.0,0,0,1
80393,0.0833333333333334,0.0,0,0,1
86474,0.0857142857142856,0.0,0,0,1
29867,0.0869565217391303,0.0,0,0,1
77032,0.0881612090680101,0.0,0,0,1
79906,0.0907759882869692,0.0,0,0,1
45306,0.0941336971350612,0.0,0,0,1
34630,0.0668563300142246,0.0,0,0,1
82681,0.0650887573964495,0.0,0,0,1
75554,0.0646551724137933,0.0,0,0,1
35238,0.0633484162895927,0.0,0,0,1
61700,0.0323529411764704,0.0,0,0,1
82720,0.0364532019704433,0.0,0,0,1
76856,0.0389610389610388,0.0,0,0,1
82165,0.038961038961039,0.0,0,0,1
77599,0.04,0.0,0,0,1
11082,0.0416666666666667,0.0,0,0,1
77045,0.0448275862068965,0.0,0,0,1
21936,0.0448877805486283,0.0,0,0,1
77263,-0.0526315789473683,0.0,0,0,1
30593,0.0461538461538462,0.0,0,0,1
41399,0.0512820512820511,0.0,0,0,1
11901,0.0526315789473683,0.0,0,0,1
76290,0.053921568627451,0.0,0,0,1
77699,0.0553679945982443,0.0,0,0,1
11803,0.0568181818181818,0.0,0,0,1
77007,0.0573643410852713,0.0,0,0,1
86925,0.0576923076923077,0.0,0,0,1
51625,0.058139534883721,0.0,0,0,1
85401,0.0503875968992246,0.0,0,0,1
78906,0.0970760233918128,0.0,0,0,1
80568,-0.0534591194968553,0.0,0,0,1
54798,-0.0568436798803291,0.0,0,0,1
75308,-0.2616822429906541,0.0,0,0,1
52231,-0.26,0.0,0,0,1
84237,-0.2592592592592593,0.0,0,0,1
84315,-0.2476635514018691,0.0,0,0,1
83404,-0.2452830188679244,0.0,0,0,1
11278,-0.2306010928961749,0.0,0,0,1
10383,-0.2296296296296296,0.0,0,0,1
79827,-0.2214285714285713,0.0,0,0,1
90705,-0.2159468438538205,0.0,0,0,1
76931,-0.2066666666666666,0.0,0,0,1
41188,-0.2037037037037038,0.0,0,0,1
61209,-0.2029090909090908,0.0,0,0,1
83412,-0.2002861230329041,0.0,0,0,1
82231,-0.189655172413793,0.0,0,0,1
33823,-0.1818181818181817,0.0,0,0,1
77900,-0.1764705882352941,0.0,0,0,1
57884,-0.175,0.0,0,0,1
81214,-0.2666666666666666,0.0,0,0,1
83625,-0.1741071428571428,0.0,0,0,1
11441,-0.273972602739726,0.0,0,0,1
81584,-0.288,0.0,0,0,1
83919,-0.6916299559471366,1.0,1,0,1
77219,-0.5728643216080402,1.0,1,0,1
11055,-0.5703125,1.0,1,0,1
83726,-0.5454545454545454,0.0,0,0,1
80648,-0.42,0.0,0,0,1
83499,-0.4130434782608695,0.0,0,0,1
79478,-0.3768115942028985,0.0,0,0,1
80046,-0.3756097560975608,0.0,0,0,1
83794,-0.3559322033898305,0.0,0,0,1
83908,-0.3461538461538461,0.0,0,0,1
80928,-0.3333333333333333,0.0,0,0,1
82474,-0.3272727272727271,0.0,0,0,1
79172,-0.3260869565217391,0.0,0,0,1
11396,-0.32,0.0,0,0,1
79802,-0.3108108108108108,0.0,0,0,1
80020,-0.3056410256410257,0.0,0,0,1
82250,-0.2947368421052631,0.0,0,0,1
46922,-0.2849740932642487,0.0,0,0,1
82255,-0.1703005303476723,0.0,0,0,1
79193,-0.1701534170153417,0.0,0,0,1
84348,-0.1698430493273542,0.0,0,0,1
81885,-0.1052631578947368,0.0,0,0,1
77413,-0.0895522388059701,0.0,0,0,1
40970,-0.086206896551724,0.0,0,0,1
78210,-0.0847457627118644,0.0,0,0,1
79259,-0.0847457627118644,0.0,0,0,1
83496,-0.08,0.0,0,0,1
79008,-0.0789473684210525,0.0,0,0,1
80237,-0.0743243243243242,0.0,0,0,1
85170,-0.0735294117647059,0.0,0,0,1
75228,-0.0730717185385656,0.0,0,0,1
82688,-0.0714285714285714,0.0,0,0,1
24476,-0.0669014084507041,0.0,0,0,1
83161,-0.0654320987654321,0.0,0,0,1
14227,-0.0648318042813457,0.0,0,0,1
46907,-0.0645161290322581,0.0,0,0,1
85193,-0.0625,0.0,0,0,1
84722,-0.0584615384615384,0.0,0,0,1
67723,-0.108433734939759,0.0,0,0,1
78924,-0.1111111111111111,0.0,0,0,1
85020,-0.1111111111111111,0.0,0,0,1
19722,-0.1161290322580644,0.0,0,0,1
58026,-0.1686746987951807,0.0,0,0,1
32651,-0.1666666666666666,0.0,0,0,1
62552,-0.1639344262295081,0.0,0,0,1
75033,-0.1630196936542669,0.0,0,0,1
79500,-0.1428571428571428,0.0,0,0,1
62405,-0.140625,0.0,0,0,1
83546,-0.140495867768595,0.0,0,0,1
83581,-0.1364712847838958,0.0,0,0,1
21776,-0.0567264573991032,0.0,0,0,1
84385,-0.135,0.0,0,0,1
82722,-0.1314377682403432,0.0,0,0,1
77279,-0.1304347826086956,0.0,0,0,1
83127,-0.1290322580645161,0.0,0,0,1
64442,-0.1249999999999998,0.0,0,0,1
79248,-0.1249999999999998,0.0,0,0,1
78050,-0.1212121212121212,0.0,0,0,1
84052,-0.1196172248803827,0.0,0,0,1
76879,-0.1176470588235295,0.0,0,0,1
84624,-0.1337557198169658,0.0,0,0,1
64152,0.0975169300225733,0.0,0,0,1
79595,-0.05,0.0,0,0,1
84801,0.1,-0.0,0,0,1
77763,0.3389830508474576,-0.0,0,0,1
77040,0.3392857142857144,-0.0,0,0,1
78214,0.3529411764705881,-0.0,0,0,1
77437,0.3532338308457714,-0.0,0,0,1
81886,0.3564625850340137,-0.0,0,0,1
76744,0.3580931263858093,-0.0,0,0,1
79845,0.3636363636363635,-0.0,0,0,1
84161,0.3724539282250243,-0.0,0,0,1
11728,0.3731343283582089,-0.0,0,0,1
77839,0.3736263736263736,-0.0,0,0,1
44506,0.3841948310139165,-0.0,0,0,1
81899,0.386138613861386,-0.0,0,0,1
83730,0.3862894450489664,-0.0,0,0,1
86917,0.3878326996197718,-0.0,0,0,1
84243,0.404741000877963,-0.0,0,0,1
84255,0.4081282198053808,-0.0,0,0,1
79677,0.4124999999999998,-0.0,0,0,1
76598,0.335540838852097,-0.0,0,0,1
79159,0.3336909871244635,-0.0,0,0,1
62500,0.3336363636363637,-0.0,0,0,1
50948,0.3301620859760394,-0.0,0,0,1
77897,0.2776447386955909,-0.0,0,0,1
43610,0.2789079229122055,-0.0,0,0,1
76302,0.2790697674418605,-0.0,0,0,1
81265,0.2807692307692309,-0.0,0,0,1
84330,0.2835570469798658,-0.0,0,0,1
75968,0.2871287128712871,-0.0,0,0,1
82287,0.2926829268292683,-0.0,0,0,1
45955,0.2950819672131148,-0.0,0,0,1
91708,0.4210526315789475,-0.0,0,0,1
78910,0.3,-0.0,0,0,1
10200,0.3144329896907216,-0.0,0,0,1
80539,0.3157894736842104,-0.0,0,0,1
81064,0.3164556962025315,-0.0,0,0,1
80528,0.3212560386473431,-0.0,0,0,1
76845,0.3214484679665739,-0.0,0,0,1
85390,0.3251533742331289,-0.0,0,0,1
82755,0.3276041666666667,-0.0,0,0,1
10302,0.3290713324360701,-0.0,0,0,1
84607,0.3037383177570092,-0.0,0,0,1
79157,0.2728026533996683,-0.0,0,0,1
77512,0.4236111111111111,-0.0,0,0,1
83531,0.4335585585585584,-0.0,0,0,1
82613,0.6786447638603696,-0.0,0,0,1
10051,0.689189189189189,-0.0,0,0,1
82759,0.7021276595744681,-0.0,0,0,1
79499,0.7250000000000001,-0.0,0,0,1
83566,0.7468354430379744,-0.0,0,0,1
10114,0.7537313432835822,-0.0,0,0,1
77630,0.7957652103993567,-0.0,0,0,1
84125,0.8208955223880596,-0.0,0,0,1
83616,0.8722741433021806,-0.0,0,0,1
85034,0.9307359307359306,-0.0,0,0,1
82619,0.9330453563714902,-0.0,0,0,1
79260,0.9577464788732396,-0.0,0,0,1
39757,0.9753086419753084,-0.0,0,0,1
79675,1.0279069767441862,-0.0,0,0,1
77495,0.0998279687850605,0.0,0,0,1
76938,1.1304347826086958,-1.0,0,-1,1
11342,1.1621621621621618,-1.0,0,-1,1
11473,0.6666666666666667,-0.0,0,0,1
78083,0.6502217294900223,-0.0,0,0,1
88867,0.6114942528735634,-0.0,0,0,1
75477,0.6076923076923075,-0.0,0,0,1
80577,0.4361702127659577,-0.0,0,0,1
79069,0.4393190554640307,-0.0,0,0,1
79857,0.4579288025889967,-0.0,0,0,1
11581,0.4622589531680441,-0.0,0,0,1
29102,0.4659036719122555,-0.0,0,0,1
80257,0.4807692307692308,-0.0,0,0,1
76507,0.4835249042145593,-0.0,0,0,1
83953,0.4901960784313728,-0.0,0,0,1
81595,0.4329268292682928,-0.0,0,0,1
77505,0.4951923076923075,-0.0,0,0,1
83390,0.5319148936170213,-0.0,0,0,1
79006,0.532258064516129,-0.0,0,0,1
83149,0.544943820224719,-0.0,0,0,1
84057,0.55893536121673,-0.0,0,0,1
84519,0.5801749271137029,-0.0,0,0,1
76624,0.5803310613437196,-0.0,0,0,1
82704,0.5852941176470587,-0.0,0,0,1
75607,0.5860974906259013,-0.0,0,0,1
82508,0.5013054830287207,-0.0,0,0,1
79156,0.2717391304347825,-0.0,0,0,1
80266,1.0710526315789473,-0.0,0,0,1
82488,0.255381604696673,-0.0,0,0,1
85005,0.1258278145695364,-0.0,0,0,1
77235,0.1266375545851528,-0.0,0,0,1
85280,0.1343537414965987,-0.0,0,0,1
75729,0.1397058823529411,-0.0,0,0,1
43167,0.1399999999999999,-0.0,0,0,1
77931,0.1403508771929826,-0.0,0,0,1
66413,0.1428571428571428,-0.0,0,0,1
84530,0.1448979591836734,-0.0,0,0,1
66739,0.146944713870029,-0.0,0,0,1
79935,0.1490250696378829,-0.0,0,0,1
81309,0.151578947368421,-0.0,0,0,1
76230,0.1540983606557378,-0.0,0,0,1
56733,0.1545893719806763,-0.0,0,0,1
12067,0.1565126050420169,-0.0,0,0,1
22905,0.1627906976744186,-0.0,0,0,1
79251,0.1638491547464238,-0.0,0,0,1
76360,0.1699999999999999,-0.0,0,0,1
32636,0.1222627737226276,-0.0,0,0,1
80609,0.1222222222222222,-0.0,0,0,1
90377,0.1208356860530774,-0.0,0,0,1
10342,0.1205882352941176,-0.0,0,0,1
84721,0.2659019812304484,-0.0,0,0,1
85211,0.1002132196162046,-0.0,0,0,1
78953,0.1018099547511313,-0.0,0,0,1
57534,0.1056737588652483,-0.0,0,0,1
80049,0.1056910569105691,-0.0,0,0,1
78018,0.1065573770491803,-0.0,0,0,1
47133,0.1076923076923077,-0.0,0,0,1
75822,0.1090909090909089,-0.0,0,0,1
82201,0.170940170940171,-0.0,0,0,1
82618,0.1095334685598377,-0.0,0,0,1
83896,0.1100000000000001,-0.0,0,0,1
83658,0.1111111111111111,-0.0,0,0,1
10085,0.1115187087307409,-0.0,0,0,1
78051,0.1122448979591836,-0.0,0,0,1
77274,0.1198148477835143,-0.0,0,0,1
33815,0.1198156682027651,-0.0,0,0,1
81212,0.1199999999999998,-0.0,0,0,1
76969,0.1200000000000001,-0.0,0,0,1
80818,0.1096774193548386,-0.0,0,0,1
11752,0.1711435149654643,-0.0,0,0,1
11393,0.10038032562711,-0.0,0,0,1
12174,0.1846153846153846,-0.0,0,0,1
83554,0.2293144208037825,-0.0,0,0,1
28725,0.2307692307692308,-0.0,0,0,1
85035,0.2313253012048193,-0.0,0,0,1
76215,0.2324324324324322,-0.0,0,0,1
63781,0.2331081081081079,-0.0,0,0,1
81687,0.2396825396825397,-0.0,0,0,1
75107,0.244419004006869,-0.0,0,0,1
79427,0.2447552447552448,-0.0,0,0,1
83929,0.2482014388489211,-0.0,0,0,1
76797,0.2497824194952131,-0.0,0,0,1
80943,0.25,-0.0,0,0,1
79718,0.2510504201680672,-0.0,0,0,1
81491,0.2530864197530862,-0.0,0,0,1
85013,0.2548387096774194,-0.0,0,0,1
48514,0.2551813471502591,-0.0,0,0,1
83693,0.2551883166794773,-0.0,0,0,1
83891,0.1818181818181816,-0.0,0,0,1
80030,0.228431904503527,-0.0,0,0,1
90211,0.2277777777777776,-0.0,0,0,1
76101,0.2417218543046357,-0.0,0,0,1
83121,0.2201834862385321,-0.0,0,0,1
83889,0.1851851851851851,-0.0,0,0,1
79819,0.2223999999999999,-0.0,0,0,1
83782,0.1904761904761904,-0.0,0,0,1
12260,0.1933333333333333,-0.0,0,0,1
77610,0.1943262411347517,-0.0,0,0,1
80553,0.2014234875444838,-0.0,0,0,1
45911,0.2018585441404232,-0.0,0,0,1
77515,0.2070949185043145,-0.0,0,0,1
85914,0.2079207920792078,-0.0,0,0,1
70332,0.1865640599001663,-0.0,0,0,1
81256,0.209545983701979,-0.0,0,0,1
78875,0.2144790257104194,-0.0,0,0,1
33209,0.2099056603773583,-0.0,0,0,1
76841,0.2100060520476094,-0.0,0,0,1
83541,0.2108262108262109,-0.0,0,0,1
10637,0.2135922330097086,-0.0,0,0,1
81241,0.2139902218879279,-0.0,0,0,1
82547,0.2080577269993988,-0.0,0,0,1
31376,-0.0163934426229508,0.0,0,0,2
11456,-0.0124999999999999,0.0,0,0,2
83565,-0.012121212121212,0.0,0,0,2
10035,-0.0110701107011069,0.0,0,0,2
84511,-0.0095238095238094,0.0,0,0,2
11891,-0.0080071174377224,0.0,0,0,2
82651,-0.0078277886497064,0.0,0,0,2
82449,0.0,0.0,0,0,2
81696,-0.0034379028792436,0.0,0,0,2
10564,-0.0031531531531531,0.0,0,0,2
37460,0.0,0.0,0,0,2
78999,0.0,0.0,0,0,2
68830,0.0,0.0,0,0,2
82643,0.0008946544397225,0.0,0,0,2
24951,0.0039525691699604,0.0,0,0,2
49154,-0.0188976377952756,0.0,0,0,2
37832,-0.0045454545454546,0.0,0,0,2
50374,-0.0192307692307693,0.0,0,0,2
11442,-0.04,0.0,0,0,2
83974,-0.020627417275462,0.0,0,0,2
24046,-0.0410062893081761,0.0,0,0,2
12252,-0.04,0.0,0,0,2
81116,-0.0392452830188678,0.0,0,0,2
83275,-0.0391304347826085,0.0,0,0,2
77837,-0.0388349514563105,0.0,0,0,2
18286,-0.0384615384615385,0.0,0,0,2
80637,-0.037037037037037,0.0,0,0,2
85077,-0.0360205831903944,0.0,0,0,2
74393,-0.0337078651685394,0.0,0,0,2
44150,-0.0335999999999999,0.0,0,0,2
34067,-0.0329113924050632,0.0,0,0,2
66078,-0.0327868852459015,0.0,0,0,2
78208,-0.0327510917030569,0.0,0,0,2
75654,-0.0326197757390418,0.0,0,0,2
76963,-0.0298507462686566,0.0,0,0,2
84210,-0.0276941601444913,0.0,0,0,2
79192,-0.0226190476190475,0.0,0,0,2
22664,-0.0202429149797571,0.0,0,0,2
79568,0.0055248618784529,0.0,0,0,2
15560,0.0305154639175257,0.0,0,0,2
80348,0.0078333333333333,0.0,0,0,2
77178,0.0332351703828355,0.0,0,0,2
80375,0.033434650455927,0.0,0,0,2
83916,0.0345710627400768,0.0,0,0,2
79183,0.0357142857142858,0.0,0,0,2
75823,0.0377358490566037,0.0,0,0,2
82638,0.0406091370558374,0.0,0,0,2
24643,0.0406320541760722,0.0,0,0,2
85216,0.0424242424242424,0.0,0,0,2
77077,0.0434258142340171,0.0,0,0,2
79721,0.0447761194029849,0.0,0,0,2
78922,0.0465116279069768,0.0,0,0,2
47888,0.0466666666666666,0.0,0,0,2
78891,0.0470588235294118,0.0,0,0,2
85292,0.0494845360824742,0.0,0,0,2
75104,0.0494992846924176,0.0,0,0,2
79797,0.05,0.0,0,0,2
53373,-0.0449438202247191,0.0,0,0,2
76224,0.0320823244552059,0.0,0,0,2
79262,0.0064257028112448,0.0,0,0,2
80443,0.0314049586776861,0.0,0,0,2
77582,0.0310734463276836,0.0,0,0,2
77917,0.008084577114428,0.0,0,0,2
81289,0.0090090090090089,0.0,0,0,2
18112,0.01,0.0,0,0,2
78818,0.0101419878296147,0.0,0,0,2
10987,0.0113636363636364,0.0,0,0,2
20626,0.0149572649572651,0.0,0,0,2
83597,0.0201978565539981,0.0,0,0,2
10028,0.0202247191011235,0.0,0,0,2
75071,0.0227272727272727,0.0,0,0,2
81755,0.023391812865497,0.0,0,0,2
12149,0.0244988864142536,0.0,0,0,2
42200,0.0255335365853659,0.0,0,0,2
78840,0.0255839822024472,0.0,0,0,2
83146,0.0258064516129032,0.0,0,0,2
80485,0.0264900662251654,0.0,0,0,2
75930,0.0285714285714286,0.0,0,0,2
52230,0.0309845077461268,0.0,0,0,2
85356,0.0312499999999997,0.0,0,0,2
81637,-0.0454545454545455,0.0,0,0,2
80843,-0.134,0.0,0,0,2
85176,-0.0476190476190476,0.0,0,0,2
27642,-0.2363636363636364,0.0,0,0,2
84426,-0.2352941176470588,0.0,0,0,2
80512,-0.2307692307692308,0.0,0,0,2
85032,-0.2245508982035928,0.0,0,0,2
83624,-0.2045454545454545,0.0,0,0,2
75295,-0.1999999999999999,0.0,0,0,2
83850,-0.1997264021887824,0.0,0,0,2
80245,-0.248125,0.0,0,0,2
80993,-0.1938202247191011,0.0,0,0,2
82539,-0.1851851851851852,0.0,0,0,2
81670,-0.1770833333333332,0.0,0,0,2
65315,-0.1752577319587628,0.0,0,0,2
84564,-0.1698113207547168,0.0,0,0,2
69307,-0.1621621621621621,0.0,0,0,2
14059,-0.1599999999999999,0.0,0,0,2
77581,-0.1576763485477179,0.0,0,0,2
85306,-0.1932773109243697,0.0,0,0,2
76717,-0.2486772486772487,0.0,0,0,2
82533,-0.25,0.0,0,0,2
76457,-0.2516533240515141,0.0,0,0,2
46229,0.050251256281407,0.0,0,0,2
84098,-0.5624696159455518,1.0,1,0,2
79674,-0.4518272425249169,1.0,1,0,2
77087,-0.4375,0.0,0,0,2
85207,-0.4117647058823529,0.0,0,0,2
19749,-0.4097222222222222,0.0,0,0,2
81676,-0.3377483443708609,0.0,0,0,2
10928,-0.3367521367521368,0.0,0,0,2
80357,-0.3083333333333333,0.0,0,0,2
76758,-0.2996108949416342,0.0,0,0,2
83304,-0.2944785276073619,0.0,0,0,2
81651,-0.2941176470588235,0.0,0,0,2
85158,-0.2888888888888888,0.0,0,0,2
76842,-0.2727272727272727,0.0,0,0,2
82685,-0.2658227848101266,0.0,0,0,2
75172,-0.2628865979381444,0.0,0,0,2
82593,-0.26,0.0,0,0,2
81288,-0.1521739130434781,0.0,0,0,2
36695,-0.15,0.0,0,0,2
80063,-0.1494045832082458,0.0,0,0,2
83663,-0.1475409836065573,0.0,0,0,2
10550,-0.0843507214206437,0.0,0,0,2
81893,-0.0820512820512819,0.0,0,0,2
83822,-0.0775193798449612,0.0,0,0,2
80679,-0.0750988142292491,0.0,0,0,2
81712,-0.0748663101604277,0.0,0,0,2
85268,-0.0740740740740741,0.0,0,0,2
85059,-0.0728476821192053,0.0,0,0,2
83582,-0.0681399631675875,0.0,0,0,2
11656,-0.067484662576687,0.0,0,0,2
80420,-0.0666666666666666,0.0,0,0,2
10779,-0.0666666666666665,0.0,0,0,2
76978,-0.0645161290322581,0.0,0,0,2
83742,-0.057142857142857,0.0,0,0,2
79745,-0.0544871794871795,0.0,0,0,2
79670,-0.050925925925926,0.0,0,0,2
17559,-0.0506329113924051,0.0,0,0,2
10100,-0.0482758620689656,0.0,0,0,2
83703,-0.0902527075812273,0.0,0,0,2
76367,-0.0474999999999999,0.0,0,0,2
11998,-0.093607305936073,0.0,0,0,2
76988,-0.0982142857142858,0.0,0,0,2
82621,-0.1323529411764706,0.0,0,0,2
12190,-0.1304347826086955,0.0,0,0,2
46026,-0.1290322580645161,0.0,0,0,2
11315,-0.1265822784810127,0.0,0,0,2
84768,-0.125,0.0,0,0,2
76798,-0.1235294117647058,0.0,0,0,2
89771,-0.1224489795918368,0.0,0,0,2
84010,-0.1222222222222222,0.0,0,0,2
85842,-0.12,0.0,0,0,2
75734,-0.1188811188811188,0.0,0,0,2
63811,-0.1154292343387469,0.0,0,0,2
79786,-0.1153846153846155,0.0,0,0,2
10838,-0.1139240506329114,0.0,0,0,2
63546,-0.1111111111111111,0.0,0,0,2
79407,-0.1052631578947368,0.0,0,0,2
76910,-0.1023339317773788,0.0,0,0,2
80325,-0.0999999999999999,0.0,0,0,2
82212,-0.095427435387674,0.0,0,0,2
55589,0.0505050505050506,0.0,0,0,2
80019,0.2195121951219512,-0.0,0,0,2
80236,0.0526315789473683,-0.0,0,0,2
85240,0.2744916820702401,-0.0,0,0,2
84047,0.2751540041067761,-0.0,0,0,2
84032,0.2772413793103447,-0.0,0,0,2
81566,0.2780748663101604,-0.0,0,0,2
81656,0.2790697674418605,-0.0,0,0,2
84769,0.2820143884892085,-0.0,0,0,2
55336,0.2820512820512821,-0.0,0,0,2
79922,0.2694877505567929,-0.0,0,0,2
78170,0.2849968612680476,-0.0,0,0,2
46886,0.2938568714376188,-0.0,0,0,2
83650,0.2973362131029518,-0.0,0,0,2
45794,0.2994505494505495,-0.0,0,0,2
87696,0.3028901734104046,-0.0,0,0,2
80797,0.31,-0.0,0,0,2
68742,0.3107692307692307,-0.0,0,0,2
10089,0.3125,-0.0,0,0,2
76201,0.2928176795580111,-0.0,0,0,2
83690,0.2677595628415299,-0.0,0,0,2
41419,0.2676258992805755,-0.0,0,0,2
37381,0.2666666666666666,-0.0,0,0,2
70659,0.2147327876745306,-0.0,0,0,2
81869,0.2176470588235293,-0.0,0,0,2
81539,0.2180327868852458,-0.0,0,0,2
82734,0.2191358024691359,-0.0,0,0,2
85311,0.2231503579952265,-0.0,0,0,2
80479,0.225296442687747,-0.0,0,0,2
79444,0.2282608695652173,-0.0,0,0,2
79480,0.23013698630137,-0.0,0,0,2
75577,0.2332112332112332,-0.0,0,0,2
79799,0.2336569579288026,-0.0,0,0,2
12074,0.2365384615384613,-0.0,0,0,2
44943,0.247311827956989,-0.0,0,0,2
83928,0.2477611940298507,-0.0,0,0,2
10180,0.2478632478632478,-0.0,0,0,2
72128,0.2484076433121018,-0.0,0,0,2
79322,0.25,-0.0,0,0,2
81162,0.2612838515546638,-0.0,0,0,2
85164,0.3199999999999998,-0.0,0,0,2
85754,0.3235294117647058,-0.0,0,0,2
80957,0.3249999999999999,-0.0,0,0,2
89675,0.3258064516129033,-0.0,0,0,2
76231,0.4937106918238994,-0.0,0,0,2
75603,0.5000000000000002,-0.0,0,0,2
81185,0.5118110236220472,-0.0,0,0,2
81001,0.5199999999999998,-0.0,0,0,2
62907,0.5666666666666667,-0.0,0,0,2
63562,0.6055555555555556,-0.0,0,0,2
80434,0.6465116279069769,-0.0,0,0,2
79164,0.6483516483516483,-0.0,0,0,2
76582,0.6655518394648829,-0.0,0,0,2
85205,0.6696061140505583,-0.0,0,0,2
77039,0.688135593220339,-0.0,0,0,2
34287,0.7067462138595686,-0.0,0,0,2
81010,0.761755485893417,-0.0,0,0,2
77509,0.9491525423728812,-0.0,0,0,2
12214,0.9895833333333331,-0.0,0,0,2
84342,0.0514265586474111,0.0,0,0,2
77004,1.727941176470588,-1.0,0,-1,2
77976,0.4895267649340573,-0.0,0,0,2
10785,0.2109269662921349,-0.0,0,0,2
83317,0.4510638297872342,-0.0,0,0,2
48267,0.4425531914893617,-0.0,0,0,2
77844,0.3295454545454543,-0.0,0,0,2
84834,0.3407079646017699,-0.0,0,0,2
32791,0.3418267346138768,-0.0,0,0,2
84605,0.3427895981087467,-0.0,0,0,2
62519,0.3543091655266759,-0.0,0,0,2
45495,0.3642972536348949,-0.0,0,0,2
79712,0.3748862602365785,-0.0,0,0,2
76340,0.375,-0.0,0,0,2
77257,0.3754480286738351,-0.0,0,0,2
80432,0.3768844221105527,-0.0,0,0,2
76769,0.3775784753363227,-0.0,0,0,2
83808,0.3953488372093023,-0.0,0,0,2
85351,0.3976744186046512,-0.0,0,0,2
82839,0.4233576642335763,-0.0,0,0,2
10667,0.429553264604811,-0.0,0,0,2
76240,0.4384485666104554,-0.0,0,0,2
80482,0.4409090909090907,-0.0,0,0,2
11531,0.4468718967229395,-0.0,0,0,2
83756,0.2104166666666667,-0.0,0,0,2
80581,1.2689075630252105,-1.0,0,-1,2
14702,0.1993670886075949,-0.0,0,0,2
82544,0.0926829268292686,-0.0,0,0,2
85231,0.094012311135982,-0.0,0,0,2
10421,0.0944976076555024,-0.0,0,0,2
42455,0.0977564102564101,-0.0,0,0,2
75510,0.1009174311926603,-0.0,0,0,2
76656,0.1013191131069324,-0.0,0,0,2
78073,0.1020408163265307,-0.0,0,0,2
35705,0.1028571428571427,-0.0,0,0,2
77184,0.1055276381909549,-0.0,0,0,2
82261,0.1073529411764706,-0.0,0,0,2
75854,0.1146496815286624,-0.0,0,0,2
34841,0.1147260273972603,-0.0,0,0,2
29050,0.1153305203938115,-0.0,0,0,2
44513,0.115695067264574,-0.0,0,0,2
10012,0.1157894736842106,-0.0,0,0,2
48486,0.1185840707964602,-0.0,0,0,2
15579,0.120496397117694,-0.0,0,0,2
76128,0.0921332388377038,-0.0,0,0,2
44274,0.1237536656891495,-0.0,0,0,2
76052,0.0909090909090908,-0.0,0,0,2
83011,0.0877782444351114,-0.0,0,0,2
81028,0.1999999999999999,-0.0,0,0,2
69200,0.0588235294117647,-0.0,0,0,2
13056,0.0589123867069485,-0.0,0,0,2
10032,0.0602205258693808,-0.0,0,0,2
81293,0.0612244897959184,-0.0,0,0,2
85382,0.0633333333333332,-0.0,0,0,2
61487,0.0647482014388489,-0.0,0,0,2
72486,0.0660980810234541,-0.0,0,0,2
76138,0.0684210526315789,-0.0,0,0,2
89659,0.0699999999999998,-0.0,0,0,2
81576,0.0718954248366012,-0.0,0,0,2
32054,0.0738041002277904,-0.0,0,0,2
77384,0.0740740740740739,-0.0,0,0,2
83982,0.0758552305404063,-0.0,0,0,2
61399,0.0774091627172197,-0.0,0,0,2
76023,0.0795454545454545,-0.0,0,0,2
88664,0.0868223887174965,-0.0,0,0,2
75216,0.09,-0.0,0,0,2
83163,0.1286254728877678,-0.0,0,0,2
83860,0.0583333333333333,-0.0,0,0,2
84234,0.1328671328671327,-0.0,0,0,2
40540,0.1758064516129032,-0.0,0,0,2
85012,0.1764705882352941,-0.0,0,0,2
82727,0.1764705882352941,-0.0,0,0,2
41823,0.1800000000000001,-0.0,0,0,2
82686,0.1818181818181816,-0.0,0,0,2
10299,0.1829268292682926,-0.0,0,0,2
83407,0.1839999999999999,-0.0,0,0,2
76000,0.1718464351005484,-0.0,0,0,2
47984,0.1842105263157896,-0.0,0,0,2
80439,0.1870967741935483,-0.0,0,0,2
76185,0.1896551724137931,-0.0,0,0,2
80820,0.1909090909090909,-0.0,0,0,2
45671,0.1925714285714286,-0.0,0,0,2
41487,0.1933497536945814,-0.0,0,0,2
75101,0.1985239852398521,-0.0,0,0,2
14593,0.1321727917472597,-0.0,0,0,2
84536,0.1855670103092783,-0.0,0,0,2
30648,0.1664438502673795,-0.0,0,0,2
51369,0.182051282051282,-0.0,0,0,2
81113,0.1636363636363638,-0.0,0,0,2
77990,0.1357142857142859,-0.0,0,0,2
10107,0.1364080515927299,-0.0,0,0,2
78987,0.1649253731343283,-0.0,0,0,2
10999,0.1401273885350318,-0.0,0,0,2
77175,0.1413276231263383,-0.0,0,0,2
79237,0.1420454545454545,-0.0,0,0,2
10691,0.1454545454545455,-0.0,0,0,2
77702,0.1459170013386881,-0.0,0,0,2
10363,0.1461794019933555,-0.0,0,0,2
81912,0.1376767055931163,-0.0,0,0,2
90916,0.1559139784946235,-0.0,0,0,2
85212,0.1628456629638384,-0.0,0,0,2
81769,0.1568627450980391,-0.0,0,0,2
76945,0.157142857142857,-0.0,0,0,2
11786,0.1603960396039605,-0.0,0,0,2
84625,0.162023460410557,-0.0,0,0,2
60871,0.1620795107033639,-0.0,0,0,2
84549,0.149789029535865,-0.0,0,0,2
20618,-0.0224719101123596,0.0,0,0,3
71116,-0.0216411181244364,0.0,0,0,3
41444,-0.0212765957446809,0.0,0,0,3
84362,-0.0211267605633802,0.0,0,0,3
80592,-0.0211161387631976,0.0,0,0,3
46931,-0.0188569135937556,0.0,0,0,3
14795,-0.016788321167883,0.0,0,0,3
80504,-0.0161904761904762,0.0,0,0,3
84036,-0.0164547494390425,0.0,0,0,3
31480,-0.0158730158730158,0.0,0,0,3
63125,-0.0144124168514411,0.0,0,0,3
75224,-0.0134328358208956,0.0,0,0,3
27780,-0.0112433862433862,0.0,0,0,3
27764,-0.0112,0.0,0,0,3
83723,-0.0233009708737864,0.0,0,0,3
49429,-0.0167046317388003,0.0,0,0,3
78956,-0.0233644859813083,0.0,0,0,3
39482,-0.0354868061874431,0.0,0,0,3
15472,-0.0243664717348928,0.0,0,0,3
12079,-0.0368298368298367,0.0,0,0,3
46578,-0.0351351351351351,0.0,0,0,3
80186,-0.0344827586206896,0.0,0,0,3
41929,-0.0324134910205868,0.0,0,0,3
85266,-0.0322580645161291,0.0,0,0,3
76713,-0.0319148936170211,0.0,0,0,3
10002,-0.0317948717948718,0.0,0,0,3
19166,-0.0312308634415187,0.0,0,0,3
10866,-0.0308370044052863,0.0,0,0,3
34032,-0.029843444227006,0.0,0,0,3
47969,-0.0289719626168223,0.0,0,0,3
49656,-0.0282857142857143,0.0,0,0,3
81640,-0.0277777777777777,0.0,0,0,3
82642,-0.0271493212669682,0.0,0,0,3
19561,-0.0268656716417909,0.0,0,0,3
11043,-0.0256410256410256,0.0,0,0,3
12248,-0.025487256371814,0.0,0,0,3
64557,-0.0242600679281902,0.0,0,0,3
24053,-0.0102719033232628,0.0,0,0,3
11851,0.0016129032258065,0.0,0,0,3
30402,-0.0096385542168674,0.0,0,0,3
85213,0.0064516129032257,0.0,0,0,3
57286,0.0069164265129681,0.0,0,0,3
66800,0.0076923076923076,0.0,0,0,3
44266,0.0081967213114753,0.0,0,0,3
62797,0.0085470085470087,0.0,0,0,3
25320,0.0085714285714284,0.0,0,0,3
11483,0.0091205211726383,0.0,0,0,3
76238,0.010752688172043,0.0,0,0,3
11995,0.0132450331125828,0.0,0,0,3
47571,0.0139416983523448,0.0,0,0,3
27959,0.014795244385733,0.0,0,0,3
92583,0.015625,0.0,0,0,3
65533,0.0166358595194084,0.0,0,0,3
19721,0.0166840458811261,0.0,0,0,3
34497,0.0167286245353159,0.0,0,0,3
84733,-0.037037037037037,0.0,0,0,3
61621,0.0174547762615042,0.0,0,0,3
80837,0.0063694267515923,0.0,0,0,3
34463,-0.0099009900990099,0.0,0,0,3
85332,0.00625,0.0,0,0,3
32678,0.0033333333333334,0.0,0,0,3
58990,-0.0094651111600264,0.0,0,0,3
22680,-0.008361204013378,0.0,0,0,3
84168,-0.0077519379844961,0.0,0,0,3
82809,-0.0058823529411765,0.0,0,0,3
59627,-0.0050761421319796,0.0,0,0,3
11647,-0.0048034818608847,0.0,0,0,3
10638,-0.0046511627906977,0.0,0,0,3
42614,-0.003690036900369,0.0,0,0,3
74500,-0.002,0.0,0,0,3
35685,-0.0006447453255963,0.0,0,0,3
77488,0.0,0.0,0,0,3
37022,0.0,0.0,0,0,3
51933,0.0,0.0,0,0,3
70923,0.0,0.0,0,0,3
67177,0.0,0.0,0,0,3
27888,0.0003710575139146,0.0,0,0,3
81073,0.0033003300330032,0.0,0,0,3
11884,0.0050251256281406,0.0,0,0,3
75861,-0.037174721189591,0.0,0,0,3
75470,-0.0873786407766991,0.0,0,0,3
58246,-0.0379192073170731,0.0,0,0,3
10571,-0.1166666666666665,0.0,0,0,3
77973,-0.1140215716486903,0.0,0,0,3
76686,-0.1134497329187594,0.0,0,0,3
71686,-0.1103258735767569,0.0,0,0,3
80670,-0.1084905660377359,0.0,0,0,3
45313,-0.1080139372822298,0.0,0,0,3
59222,-0.1071428571428571,0.0,0,0,3
24969,-0.1183823529411763,0.0,0,0,3
45437,-0.1059602649006622,0.0,0,0,3
47490,-0.1026948288419519,0.0,0,0,3
77780,-0.1024096385542169,0.0,0,0,3
85210,-0.099099099099099,0.0,0,0,3
47205,-0.0969899665551839,0.0,0,0,3
79618,-0.0952380952380953,0.0,0,0,3
75174,-0.0949367088607594,0.0,0,0,3
34673,-0.0948148148148148,0.0,0,0,3
28215,-0.103030303030303,0.0,0,0,3
47715,-0.1193009118541034,0.0,0,0,3
83910,-0.1199999999999998,0.0,0,0,3
53110,-0.1225296442687747,0.0,0,0,3
77918,0.018526886579304,0.0,0,0,3
23552,-0.3923076923076922,0.0,0,0,3
41574,-0.3466666666666665,0.0,0,0,3
55597,-0.2545454545454545,0.0,0,0,3
80073,-0.216260162601626,0.0,0,0,3
78982,-0.2083333333333333,0.0,0,0,3
10025,-0.1979999999999999,0.0,0,0,3
81620,-0.1762114537444934,0.0,0,0,3
83125,-0.1750787878787878,0.0,0,0,3
77576,-0.1698324022346368,0.0,0,0,3
83764,-0.1622222222222222,0.0,0,0,3
11622,-0.1428571428571429,0.0,0,0,3
22066,-0.1409200968523002,0.0,0,0,3
83155,-0.14,0.0,0,0,3
85586,-0.1374964995799495,0.0,0,0,3
80942,-0.1336633663366336,0.0,0,0,3
10935,-0.1318181818181817,0.0,0,0,3
37154,-0.0921985815602836,0.0,0,0,3
85272,-0.0374999999999999,0.0,0,0,3
82811,-0.0910881339241751,0.0,0,0,3
75609,-0.0888185013233826,0.0,0,0,3
80080,-0.0548209366391183,0.0,0,0,3
80656,-0.0543933054393304,0.0,0,0,3
83186,-0.053179190751445,0.0,0,0,3
79198,-0.0529300567107751,0.0,0,0,3
10138,-0.0525597269624572,0.0,0,0,3
41080,-0.0512121212121212,0.0,0,0,3
33188,-0.0506329113924051,0.0,0,0,3
77433,-0.0558375634517765,0.0,0,0,3
30147,-0.0483743061062648,0.0,0,0,3
77334,-0.0464547677261613,0.0,0,0,3
76515,-0.0455764075067024,0.0,0,0,3
18075,-0.0416666666666667,0.0,0,0,3
32379,-0.0402714932126696,0.0,0,0,3
43449,-0.0394252026529108,0.0,0,0,3
81056,-0.0382882882882884,0.0,0,0,3
65787,-0.0382165605095541,0.0,0,0,3
11547,-0.0468926553672315,0.0,0,0,3
10974,-0.0580645161290322,0.0,0,0,3
84250,-0.0603015075376883,0.0,0,0,3
83789,-0.0625,0.0,0,0,3
55160,-0.0844298245614034,0.0,0,0,3
38172,-0.0821917808219178,0.0,0,0,3
82191,-0.08,0.0,0,0,3
63829,-0.08,0.0,0,0,3
36469,-0.0774193548387096,0.0,0,0,3
24221,-0.0756198347107437,0.0,0,0,3
20917,-0.0749601275917064,0.0,0,0,3
83362,-0.074349442379182,0.0,0,0,3
79065,-0.0725806451612903,0.0,0,0,3
49744,-0.0718784735087068,0.0,0,0,3
59185,-0.0709219858156028,0.0,0,0,3
66747,-0.0697674418604651,0.0,0,0,3
47626,-0.0687869822485206,0.0,0,0,3
82800,-0.0687830687830686,0.0,0,0,3
65700,-0.0686274509803921,0.0,0,0,3
20204,-0.0656934306569343,0.0,0,0,3
49752,-0.0649651972157773,0.0,0,0,3
59600,-0.0902777777777777,0.0,0,0,3
13610,0.0190476190476192,0.0,0,0,3
20571,0.0720930232558141,-0.0,0,0,3
52476,0.0210045662100457,-0.0,0,0,3
80422,0.1361954108068097,-0.0,0,0,3
38746,0.1365853658536586,-0.0,0,0,3
24572,0.1377245508982036,-0.0,0,0,3
44194,0.1417322834645669,-0.0,0,0,3
55001,0.1491916859122402,-0.0,0,0,3
80973,0.1511627906976744,-0.0,0,0,3
27474,0.1542012927054479,-0.0,0,0,3
51263,0.1344884488448845,-0.0,0,0,3
79033,0.1554015020219528,-0.0,0,0,3
17830,0.1589247311827957,-0.0,0,0,3
69199,0.1609756097560977,-0.0,0,0,3
75444,0.1624454148471616,-0.0,0,0,3
36898,0.1634349030470914,-0.0,0,0,3
76282,0.1706484641638226,-0.0,0,0,3
62092,0.171191135734072,-0.0,0,0,3
79862,0.1721854304635761,-0.0,0,0,3
79864,0.1578947368421051,-0.0,0,0,3
77462,0.1343971631205673,-0.0,0,0,3
18681,0.1331321260898725,-0.0,0,0,3
31051,0.1326530612244898,-0.0,0,0,3
77521,0.1090909090909091,-0.0,0,0,3
75881,0.1090909090909091,-0.0,0,0,3
43123,0.1102775693923481,-0.0,0,0,3
78137,0.1103641456582631,-0.0,0,0,3
80121,0.1161048689138577,-0.0,0,0,3
77366,0.1164062499999998,-0.0,0,0,3
58421,0.1166666666666667,-0.0,0,0,3
64004,0.1176470588235294,-0.0,0,0,3
60628,0.1178231292517006,-0.0,0,0,3
81677,0.1192660550458715,-0.0,0,0,3
80755,0.1194029850746267,-0.0,0,0,3
80543,0.1194255479969765,-0.0,0,0,3
26279,0.1225313080997652,-0.0,0,0,3
80128,0.122857142857143,-0.0,0,0,3
79628,0.1236424394319128,-0.0,0,0,3
83350,0.1312500000000001,-0.0,0,0,3
50606,0.1322592731360059,-0.0,0,0,3
15721,0.1734615384615385,-0.0,0,0,3
11762,0.1052187130552271,-0.0,0,0,3
83557,0.1745762711864404,-0.0,0,0,3
12490,0.178259921500218,-0.0,0,0,3
10123,0.2570093457943925,-0.0,0,0,3
77520,0.2773480662983425,-0.0,0,0,3
57251,0.3048780487804878,-0.0,0,0,3
10853,0.3079365079365079,-0.0,0,0,3
82607,0.3165784832451499,-0.0,0,0,3
44637,0.3246073298429317,-0.0,0,0,3
79850,0.3294117647058825,-0.0,0,0,3
63132,0.2329545454545454,-0.0,0,0,3
85361,0.3526315789473684,-0.0,0,0,3
75503,0.4559999999999999,-0.0,0,0,3
78081,0.4673202614379086,-0.0,0,0,3
58464,0.4956175298804779,-0.0,0,0,3
31318,0.5454545454545454,-0.0,0,0,3
76095,0.7623762376237626,-0.0,0,0,3
11368,0.7843866171003717,-0.0,0,0,3
84656,0.0190597204574332,-0.0,0,0,3
80969,0.4361702127659574,-0.0,0,0,3
77502,0.229875518672199,-0.0,0,0,3
10355,0.2296153846153845,-0.0,0,0,3
79971,0.2195121951219512,-0.0,0,0,3
81292,0.1785714285714286,-0.0,0,0,3
35991,0.1792956243329775,-0.0,0,0,3
66852,0.1803874092009685,-0.0,0,0,3
81097,0.1805555555555555,-0.0,0,0,3
15537,0.1805555555555555,-0.0,0,0,3
52978,0.1835714285714285,-0.0,0,0,3
67002,0.1855421686746987,-0.0,0,0,3
84007,0.1927877947295422,-0.0,0,0,3
84372,0.1956155143338955,-0.0,0,0,3
70500,0.196219035202086,-0.0,0,0,3
60206,0.1983878190774743,-0.0,0,0,3
17961,0.2034604293495674,-0.0,0,0,3
84588,0.2064748201438848,-0.0,0,0,3
67678,0.2124183006535946,-0.0,0,0,3
79866,0.2168344007319305,-0.0,0,0,3
60986,0.2170849845882871,-0.0,0,0,3
83244,0.2172284644194757,-0.0,0,0,3
83961,0.1767068273092369,-0.0,0,0,3
12431,0.1035502958579881,-0.0,0,0,3
76937,0.1812865497076023,-0.0,0,0,3
84041,0.1025751072961373,-0.0,0,0,3
16424,0.0432885906040267,-0.0,0,0,3
83344,0.0434782608695651,-0.0,0,0,3
75649,0.0441176470588235,-0.0,0,0,3
64899,0.0446859903381642,-0.0,0,0,3
80759,0.0448776065276519,-0.0,0,0,3
22111,0.0453068592057761,-0.0,0,0,3
41355,0.0466472303206997,-0.0,0,0,3
77880,0.0431818181818179,-0.0,0,0,3
81048,0.0491803278688525,-0.0,0,0,3
34649,0.0515463917525773,-0.0,0,0,3
84262,0.0515672396359958,-0.0,0,0,3
83832,0.0524499654934438,-0.0,0,0,3
10530,0.053191489361702,-0.0,0,0,3
47379,0.0534653465346535,-0.0,0,0,3
42877,0.053680981595092,-0.0,0,0,3
65138,0.0546552272005083,-0.0,0,0,3
79731,0.0497737556561084,-0.0,0,0,3
12166,0.0430327868852458,-0.0,0,0,3
22103,0.0416489587760307,-0.0,0,0,3
64311,0.0390818858560793,-0.0,0,0,3
76228,0.1026347842810435,-0.0,0,0,3
21726,0.021505376344086,-0.0,0,0,3
72710,0.0236486486486486,-0.0,0,0,3
76445,0.0249999999999999,-0.0,0,0,3
83785,0.0256410256410257,-0.0,0,0,3
84811,0.0272952853598014,-0.0,0,0,3
35107,0.0275862068965517,-0.0,0,0,3
53575,0.0283018867924529,-0.0,0,0,3
54827,0.0291711134827463,-0.0,0,0,3
76644,0.0293276108726752,-0.0,0,0,3
47642,0.0295566502463053,-0.0,0,0,3
80159,0.032,-0.0,0,0,3
12002,0.032258064516129,-0.0,0,0,3
80079,0.0336933045356371,-0.0,0,0,3
83879,0.0356200527704484,-0.0,0,0,3
75272,0.0357142857142855,-0.0,0,0,3
42059,0.0359712230215827,-0.0,0,0,3
20220,0.0605769230769233,-0.0,0,0,3
12503,0.0619469026548673,-0.0,0,0,3
44230,0.0365853658536585,-0.0,0,0,3
57066,0.0628674807779285,-0.0,0,0,3
76638,0.0827775598273834,-0.0,0,0,3
11775,0.0834118974390676,-0.0,0,0,3
10443,0.0862098322539735,-0.0,0,0,3
10874,0.0862173649058897,-0.0,0,0,3
54114,0.086286594761171,-0.0,0,0,3
10696,0.0874269005847951,-0.0,0,0,3
89587,0.0890909090909091,-0.0,0,0,3
23309,0.0904458598726116,-0.0,0,0,3
85246,0.0912408759124088,-0.0,0,0,3
75489,0.0921348314606742,-0.0,0,0,3
25953,0.094320823646629,-0.0,0,0,3
82298,0.0943695479777955,-0.0,0,0,3
45655,0.0965732087227415,-0.0,0,0,3
24328,0.096634455181606,-0.0,0,0,3
88891,0.1,-0.0,0,0,3
85374,0.0628571428571429,-0.0,0,0,3
81501,0.1008788689338937,-0.0,0,0,3
62287,0.0827067669172931,-0.0,0,0,3
46149,0.0807860262008735,-0.0,0,0,3
65365,0.0902953586497889,-0.0,0,0,3
10514,0.0789133247089262,-0.0,0,0,3
18649,0.0635359116022098,-0.0,0,0,3
15720,0.0797872340425531,-0.0,0,0,3
79668,0.0643617021276596,-0.0,0,0,3
80256,0.0644067796610168,-0.0,0,0,3
14461,0.0646153846153845,-0.0,0,0,3
11703,0.0658315565031981,-0.0,0,0,3
27334,0.0660007135212272,-0.0,0,0,3
65509,0.0660847880299253,-0.0,0,0,3
84226,0.0657479184610967,-0.0,0,0,3
80167,0.0711569799022269,-0.0,0,0,3
80007,0.0784313725490195,-0.0,0,0,3
10108,0.0783055198973041,-0.0,0,0,3
80303,0.0769230769230768,-0.0,0,0,3
23229,0.0755000000000001,-0.0,0,0,3
79255,0.0630153121319199,-0.0,0,0,3
58683,0.0714285714285714,-0.0,0,0,3
76139,-0.0274725274725274,0.0,0,0,4
76846,-0.0380952380952381,0.0,0,0,4
81758,-0.0352941176470588,0.0,0,0,4
90609,-0.0327868852459016,0.0,0,0,4
24811,-0.0390625,0.0,0,0,4
78103,-0.0291262135922329,0.0,0,0,4
77964,-0.0286624203821657,0.0,0,0,4
79009,-0.0275229357798165,0.0,0,0,4
81689,-0.0347490347490346,0.0,0,0,4
80703,-0.0347305389221556,0.0,0,0,4
81074,-0.0171673819742489,0.0,0,0,4
84274,-0.0265486725663715,0.0,0,0,4
77230,-0.0260869565217389,0.0,0,0,4
65496,-0.0196078431372549,0.0,0,0,4
84216,-0.0196078431372549,0.0,0,0,4
83956,-0.0181818181818181,0.0,0,0,4
75834,-0.015625,0.0,0,0,4
66368,-0.013745704467354,0.0,0,0,4
84666,-0.0487804878048779,0.0,0,0,4
46834,-0.0140845070422535,0.0,0,0,4
84998,-0.0153846153846154,0.0,0,0,4
84103,-0.0269541778975741,0.0,0,0,4
25073,-0.0491803278688525,0.0,0,0,4
79390,-0.0883116883116883,0.0,0,0,4
82549,-0.0535714285714284,0.0,0,0,4
81692,-0.09375,0.0,0,0,4
27983,-0.0967741935483871,0.0,0,0,4
78062,-0.0105263157894737,0.0,0,0,4
82640,-0.0936170212765958,0.0,0,0,4
68814,-0.0914285714285714,0.0,0,0,4
80628,-0.0909090909090909,0.0,0,0,4
90924,-0.0866666666666665,0.0,0,0,4
22293,-0.0861678004535146,0.0,0,0,4
83131,-0.084507042253521,0.0,0,0,4
10942,-0.0815429687500001,0.0,0,0,4
77284,-0.0798611111111111,0.0,0,0,4
24193,-0.0740740740740741,0.0,0,0,4
63300,-0.0714285714285715,0.0,0,0,4
83849,-0.0666666666666667,0.0,0,0,4
82285,-0.0666666666666667,0.0,0,0,4
85405,-0.0645161290322581,0.0,0,0,4
78868,-0.0638297872340425,0.0,0,0,4
81665,-0.0606060606060605,0.0,0,0,4
80297,-0.0603328710124826,0.0,0,0,4
83816,-0.0555555555555554,0.0,0,0,4
84317,-0.0551181102362204,0.0,0,0,4
87207,-0.0510204081632652,0.0,0,0,4
84405,-0.0099009900990099,0.0,0,0,4
12008,0.0301724137931034,0.0,0,0,4
80932,-0.009009009009009,0.0,0,0,4
83657,0.015228426395939,0.0,0,0,4
79950,0.0172413793103447,0.0,0,0,4
82663,0.0174418604651163,0.0,0,0,4
11671,0.0190476190476189,0.0,0,0,4
77624,0.02,0.0,0,0,4
85520,0.0217391304347827,0.0,0,0,4
81849,0.0235294117647058,0.0,0,0,4
24441,0.0238095238095237,0.0,0,0,4
82724,0.0249999999999999,0.0,0,0,4
19692,0.0256410256410255,0.0,0,0,4
44565,0.0270270270270269,0.0,0,0,4
68451,0.0315078769692422,0.0,0,0,4
52071,0.032258064516129,0.0,0,0,4
83677,0.0337078651685394,0.0,0,0,4
42550,0.0344827586206897,0.0,0,0,4
87362,0.0357142857142858,0.0,0,0,4
83942,0.0365853658536585,0.0,0,0,4
79973,0.036697247706422,0.0,0,0,4
45560,0.0370370370370369,0.0,0,0,4
83740,-0.0967741935483872,0.0,0,0,4
32897,0.0384615384615385,0.0,0,0,4
11840,0.0149253731343284,0.0,0,0,4
80532,0.0144927536231884,0.0,0,0,4
82564,0.0104166666666667,0.0,0,0,4
25786,0.0099009900990099,0.0,0,0,4
28847,-0.0086021505376344,0.0,0,0,4
76710,-0.008498583569405,0.0,0,0,4
77440,-0.0068027210884353,0.0,0,0,4
82499,-0.0066225165562914,0.0,0,0,4
77163,-0.0022222222222221,0.0,0,0,4
84664,0.0,0.0,0,0,4
70798,0.0,0.0,0,0,4
83322,0.0,0.0,0,0,4
82653,0.0,0.0,0,0,4
82471,0.0,0.0,0,0,4
81142,-0.0095693779904306,0.0,0,0,4
81201,0.0,0.0,0,0,4
77443,0.0,0.0,0,0,4
60142,0.0,0.0,0,0,4
64901,0.0,0.0,0,0,4
86423,0.0,0.0,0,0,4
20125,0.0,0.0,0,0,4
16791,0.0,0.0,0,0,4
80274,0.0,0.0,0,0,4
10259,0.000615763546798,0.0,0,0,4
17337,0.0060606060606061,0.0,0,0,4
45890,0.0063091482649841,0.0,0,0,4
80076,0.0,0.0,0,0,4
83483,-0.097560975609756,0.0,0,0,4
81502,-0.3333333333333333,0.0,0,0,4
10772,-0.0999999999999999,0.0,0,0,4
19596,-0.303395399780942,0.0,0,0,4
77675,-0.3,0.0,0,0,4
67732,-0.2957746478873239,0.0,0,0,4
82557,-0.2857142857142857,0.0,0,0,4
79307,-0.2852459016393441,0.0,0,0,4
84239,-0.2727272727272727,0.0,0,0,4
79190,-0.2702702702702702,0.0,0,0,4
61269,-0.2622950819672131,0.0,0,0,4
74836,-0.2561983471074379,0.0,0,0,4
80142,-0.25,0.0,0,0,4
84230,-0.2443438914027149,0.0,0,0,4
79152,-0.2340425531914893,0.0,0,0,4
84277,-0.2321428571428572,0.0,0,0,4
79417,-0.2307692307692308,0.0,0,0,4
77261,-0.2285714285714284,0.0,0,0,4
75706,-0.2285714285714284,0.0,0,0,4
85031,-0.2280701754385964,0.0,0,0,4
66667,-0.2272727272727274,0.0,0,0,4
83309,-0.2258064516129032,0.0,0,0,4
60354,-0.2254901960784313,0.0,0,0,4
85320,-0.2248888888888889,0.0,0,0,4
85221,-0.3067331670822942,0.0,0,0,4
80614,-0.3080357142857143,0.0,0,0,4
84326,-0.3125,0.0,0,0,4
83457,-0.3282051282051281,0.0,0,0,4
85073,-0.8069478908188585,1.0,1,0,4
10786,-0.7578125,1.0,1,0,4
81004,-0.6024096385542168,1.0,1,0,4
79601,-0.5696202531645569,1.0,1,0,4
83930,-0.56,1.0,1,0,4
70288,-0.5356521739130434,1.0,1,0,4
83349,-0.5,1.0,1,0,4
80846,-0.4805194805194804,1.0,1,0,4
82509,-0.4736842105263158,1.0,1,0,4
43692,-0.46875,1.0,1,0,4
84565,-0.2205882352941176,0.0,0,0,4
79428,-0.439655172413793,1.0,1,0,4
84112,-0.3926940639269406,0.0,0,0,4
83709,-0.3841463414634146,0.0,0,0,4
84327,-0.378125,0.0,0,0,4
83185,-0.3645833333333333,0.0,0,0,4
83399,-0.3621621621621622,0.0,0,0,4
84040,-0.3617021276595744,0.0,0,0,4
78146,-0.3513513513513513,0.0,0,0,4
84039,-0.35,0.0,0,0,4
82747,-0.3354838709677419,0.0,0,0,4
81748,0.0416666666666667,0.0,0,0,4
76947,-0.4266666666666666,1.0,1,0,4
67345,-0.2142857142857143,0.0,0,0,4
17726,-0.2052401746724891,0.0,0,0,4
77617,-0.2045454545454545,0.0,0,0,4
79197,-0.1365853658536584,0.0,0,0,4
80404,-0.1348314606741573,0.0,0,0,4
76888,-0.1347150259067357,0.0,0,0,4
75035,-0.1333333333333333,0.0,0,0,4
26252,-0.1304347826086956,0.0,0,0,4
79062,-0.1304347826086955,0.0,0,0,4
77340,-0.1302303714151387,0.0,0,0,4
85223,-0.1250000000000001,0.0,0,0,4
79399,-0.1228911564625849,0.0,0,0,4
84649,-0.1214285714285713,0.0,0,0,4
85354,-0.1375,0.0,0,0,4
76400,-0.1142857142857143,0.0,0,0,4
14955,-0.1097560975609756,0.0,0,0,4
84595,-0.109090909090909,0.0,0,0,4
81661,-0.108695652173913,0.0,0,0,4
25961,-0.1083333333333332,0.0,0,0,4
82550,-0.1061946902654866,0.0,0,0,4
81178,-0.1054977711738485,0.0,0,0,4
80738,-0.1052631578947368,0.0,0,0,4
33690,-0.1020408163265306,0.0,0,0,4
77868,-0.1001799640071985,0.0,0,0,4
81254,-0.0999999999999999,0.0,0,0,4
79577,-0.1124260355029586,0.0,0,0,4
19880,-0.0980392156862745,0.0,0,0,4
21338,-0.1384615384615384,0.0,0,0,4
90310,-0.1428571428571428,0.0,0,0,4
84432,-0.2041884816753926,0.0,0,0,4
10881,-0.2028985507246375,0.0,0,0,4
80382,-0.1999999999999999,0.0,0,0,4
80631,-0.1971830985915493,0.0,0,0,4
76807,-0.1937301587301587,0.0,0,0,4
79066,-0.1923076923076924,0.0,0,0,4
62420,-0.1851851851851852,0.0,0,0,4
79077,-0.1842105263157895,0.0,0,0,4
83702,-0.1818181818181818,0.0,0,0,4
10019,-0.1769911504424777,0.0,0,0,4
81725,-0.1395348837209302,0.0,0,0,4
85187,-0.172463768115942,0.0,0,0,4
11038,-0.1699999999999999,0.0,0,0,4
83838,-0.1629629629629631,0.0,0,0,4
11426,-0.1627906976744185,0.0,0,0,4
81137,-0.1549295774647887,0.0,0,0,4
27167,-0.1518051326663766,0.0,0,0,4
62790,-0.1486486486486486,0.0,0,0,4
76673,-0.1482558139534883,0.0,0,0,4
75328,-0.1451612903225806,0.0,0,0,4
84375,-0.1428571428571429,0.0,0,0,4
69526,-0.1428571428571428,0.0,0,0,4
83297,-0.1699999999999999,0.0,0,0,4
12650,0.0416666666666667,0.0,0,0,4
79150,0.0449999999999999,-0.0,0,0,4
10822,0.0428571428571429,-0.0,0,0,4
79244,0.4450402144772116,-0.0,0,0,4
78179,0.4466666666666665,-0.0,0,0,4
84547,0.4509803921568627,-0.0,0,0,4
81650,0.462962962962963,-0.0,0,0,4
83129,0.472,-0.0,0,0,4
83940,0.4754098360655738,-0.0,0,0,4
80438,0.4761904761904763,-0.0,0,0,4
81098,0.4810996563573881,-0.0,0,0,4
85245,0.496,-0.0,0,0,4
85177,0.5,-0.0,0,0,4
80537,0.5011235955056179,-0.0,0,0,4
80114,0.51,-0.0,0,0,4
77157,0.5136476426799006,-0.0,0,0,4
80515,0.5150115473441108,-0.0,0,0,4
82614,0.5199999999999998,-0.0,0,0,4
81877,0.531021897810219,-0.0,0,0,4
10353,0.5330788804071247,-0.0,0,0,4
77438,0.5333333333333334,-0.0,0,0,4
80055,0.539045553145336,-0.0,0,0,4
66384,0.5437788018433181,-0.0,0,0,4
81282,0.5477707006369428,-0.0,0,0,4
72304,0.4428571428571426,-0.0,0,0,4
79280,0.4372093023255814,-0.0,0,0,4
84240,0.4314516129032257,-0.0,0,0,4
10362,0.4277777777777776,-0.0,0,0,4
79525,0.3219047619047619,-0.0,0,0,4
26009,0.3253676470588234,-0.0,0,0,4
83386,0.3255813953488371,-0.0,0,0,4
83416,0.3312693498452013,-0.0,0,0,4
77893,0.3412258064516129,-0.0,0,0,4
83651,0.3546511627906978,-0.0,0,0,4
11382,0.3599999999999999,-0.0,0,0,4
82697,0.3630214205186022,-0.0,0,0,4
82620,0.3636363636363635,-0.0,0,0,4
84597,0.371571072319202,-0.0,0,0,4
82168,0.5652173913043477,-0.0,0,0,4
85303,0.3720930232558139,-0.0,0,0,4
83622,0.3772455089820359,-0.0,0,0,4
75257,0.381578947368421,-0.0,0,0,4
76076,0.3891625615763547,-0.0,0,0,4
75993,0.3904761904761904,-0.0,0,0,4
84159,0.3913043478260869,-0.0,0,0,4
84133,0.3950892857142856,-0.0,0,0,4
84117,0.4142857142857143,-0.0,0,0,4
79591,0.4166666666666667,-0.0,0,0,4
79532,0.4180790960451976,-0.0,0,0,4
28063,0.4238095238095238,-0.0,0,0,4
26084,0.375,-0.0,0,0,4
90879,0.3153296266878473,-0.0,0,0,4
81747,0.5730337078651684,-0.0,0,0,4
29073,0.574074074074074,-0.0,0,0,4
81624,0.8571428571428572,-0.0,0,0,4
75585,0.8975903614457832,-0.0,0,0,4
77767,0.9117647058823528,-0.0,0,0,4
83535,0.9477234401349076,-0.0,0,0,4
82598,0.9558823529411766,-0.0,0,0,4
84329,0.9629629629629628,-0.0,0,0,4
82762,1.0476190476190474,-0.0,0,0,4
85204,1.1818181818181817,-0.0,0,0,4
83630,1.2417582417582418,-0.0,0,0,4
10244,1.32258064516129,-1.0,0,-1,4
80463,1.4300000000000002,-1.0,0,-1,4
81562,1.485714285714285,-1.0,0,-1,4
79612,1.64,-1.0,0,-1,4
82248,1.6470588235294117,-1.0,0,-1,4
85218,2.3027522935779814,-1.0,0,-1,4
81683,2.4155405405405403,-1.0,0,-1,4
10791,2.782608695652174,-1.0,0,-1,4
11653,3.111111111111112,-1.0,0,-1,4
45891,4.721311475409837,-1.0,0,-1,4
11401,7.0,-1.0,0,-1,4
86079,9.714285714285715,-1.0,0,-1,4
90174,0.8333333333333335,-0.0,0,0,4
83130,0.8034188034188035,-0.0,0,0,4
79167,0.0421052631578948,0.0,0,0,4
81776,0.7904761904761903,-0.0,0,0,4
83579,0.5800000000000001,-0.0,0,0,4
10597,0.5833333333333333,-0.0,0,0,4
84144,0.5876288659793816,-0.0,0,0,4
82536,0.5921052631578947,-0.0,0,0,4
81181,0.6000000000000001,-0.0,0,0,4
82204,0.6025641025641024,-0.0,0,0,4
88990,0.6112230215827339,-0.0,0,0,4
82522,0.6181818181818182,-0.0,0,0,4
77159,0.6200000000000001,-0.0,0,0,4
10547,0.6230366492146597,-0.0,0,0,4
82693,0.574074074074074,-0.0,0,0,4
78106,0.6243902439024389,-0.0,0,0,4
81007,0.6407185628742518,-0.0,0,0,4
83500,0.6428571428571428,-0.0,0,0,4
79564,0.6452513966480447,-0.0,0,0,4
83779,0.6458333333333335,-0.0,0,0,4
11381,0.675,-0.0,0,0,4
82281,0.6911764705882351,-0.0,0,0,4
83586,0.714285714285714,-0.0,0,0,4
43634,0.7254901960784315,-0.0,0,0,4
82667,0.7857142857142858,-0.0,0,0,4
76701,0.7857142857142858,-0.0,0,0,4
83734,0.627906976744186,-0.0,0,0,4
82157,0.3106598984771573,-0.0,0,0,4
83790,0.8,-0.0,0,0,4
50906,0.303724928366762,-0.0,0,0,4
81239,0.1,-0.0,0,0,4
76129,0.1039999999999998,-0.0,0,0,4
84827,0.1046195652173913,-0.0,0,0,4
84320,0.1111111111111109,-0.0,0,0,4
79108,0.1148748159057437,-0.0,0,0,4
12024,0.1153846153846154,-0.0,0,0,4
78008,0.1176470588235294,-0.0,0,0,4
80557,0.1192660550458715,-0.0,0,0,4
83413,0.1194805194805193,-0.0,0,0,4
75186,0.1200000000000001,-0.0,0,0,4
85042,0.1214285714285714,-0.0,0,0,4
77637,0.1238095238095238,-0.0,0,0,4
79683,0.1286307053941908,-0.0,0,0,4
79516,0.1300448430493272,-0.0,0,0,4
83965,0.1311475409836067,-0.0,0,0,4
13777,0.1328125,-0.0,0,0,4
82664,0.1362126245847177,-0.0,0,0,4
83398,0.1395348837209302,-0.0,0,0,4
84617,0.142857142857143,-0.0,0,0,4
67942,0.1444444444444443,-0.0,0,0,4
11678,0.1457142857142856,-0.0,0,0,4
76587,0.0995046439628484,-0.0,0,0,4
76799,0.096774193548387,-0.0,0,0,4
83777,0.0952380952380953,-0.0,0,0,4
80028,0.0813953488372094,-0.0,0,0,4
84730,0.3076923076923077,-0.0,0,0,4
85395,0.0429447852760735,-0.0,0,0,4
77169,0.0441176470588233,-0.0,0,0,4
11713,0.0456140350877192,-0.0,0,0,4
84571,0.0456852791878172,-0.0,0,0,4
80050,0.0476190476190476,-0.0,0,0,4
75110,0.0483870967741935,-0.0,0,0,4
10147,0.0485106382978723,-0.0,0,0,4
27828,0.0485981308411214,-0.0,0,0,4
22779,0.0493589743589744,-0.0,0,0,4
82521,0.1474999999999999,-0.0,0,0,4
81483,0.05,-0.0,0,0,4
75857,0.055793991416309,-0.0,0,0,4
11347,0.056201550387597,-0.0,0,0,4
89093,0.0714285714285714,-0.0,0,0,4
43617,0.0738255033557047,-0.0,0,0,4
69411,0.0750000000000001,-0.0,0,0,4
80778,0.0756756756756755,-0.0,0,0,4
80763,0.0769230769230768,-0.0,0,0,4
85336,0.0769230769230768,-0.0,0,0,4
76740,0.0806451612903227,-0.0,0,0,4
42067,0.0810810810810809,-0.0,0,0,4
82160,0.051490514905149,-0.0,0,0,4
83744,0.1488372093023258,-0.0,0,0,4
68347,0.0529482551143201,-0.0,0,0,4
85038,0.1518324607329844,-0.0,0,0,4
77262,0.2298850574712645,-0.0,0,0,4
75625,0.2341085271317828,-0.0,0,0,4
83435,0.2349602724177071,-0.0,0,0,4
79991,0.2353426919900909,-0.0,0,0,4
55862,0.24,-0.0,0,0,4
83429,0.2421739130434781,-0.0,0,0,4
80252,0.2424657534246577,-0.0,0,0,4
46340,0.2429378531073447,-0.0,0,0,4
83633,0.2444444444444442,-0.0,0,0,4
81698,0.2493702770780856,-0.0,0,0,4
10346,0.2499999999999997,-0.0,0,0,4
84300,0.25,-0.0,0,0,4
11481,0.25,-0.0,0,0,4
76165,0.2513966480446927,-0.0,0,0,4
83722,0.2531645569620253,-0.0,0,0,4
51960,0.2538461538461538,-0.0,0,0,4
77332,0.2558139534883721,-0.0,0,0,4
83776,0.2608695652173911,-0.0,0,0,4
79879,0.264240506329114,-0.0,0,0,4
80360,0.1500000000000001,-0.0,0,0,4
84746,0.2804232804232804,-0.0,0,0,4
10078,0.2273276904474004,-0.0,0,0,4
73940,0.2249761677788369,-0.0,0,0,4
85315,0.2516556291390728,-0.0,0,0,4
77042,0.219626168224299,-0.0,0,0,4
84302,0.1538461538461537,-0.0,0,0,4
79472,0.2199999999999999,-0.0,0,0,4
78145,0.1532258064516127,-0.0,0,0,4
32222,0.1538461538461537,-0.0,0,0,4
77688,0.1543624161073824,-0.0,0,0,4
84247,0.161290322580645,-0.0,0,0,4
12188,0.1692307692307693,-0.0,0,0,4
83332,0.169284467713787,-0.0,0,0,4
83844,0.1725888324873097,-0.0,0,0,4
64282,0.1736842105263158,-0.0,0,0,4
77993,0.1823708206686929,-0.0,0,0,4
79523,0.1547619047619046,-0.0,0,0,4
10972,0.2105263157894736,-0.0,0,0,4
85333,0.1851851851851851,-0.0,0,0,4
85028,0.2179487179487178,-0.0,0,0,4
65154,0.217948717948718,-0.0,0,0,4
80185,0.2187683284457477,-0.0,0,0,4
53613,0.2087095061072759,-0.0,0,0,4
77173,0.2180645161290322,-0.0,0,0,4
84254,0.1968085106382979,-0.0,0,0,4
59328,0.1947162426614481,-0.0,0,0,4
76584,0.1901197604790419,-0.0,0,0,4
61241,0.2073619631901839,-0.0,0,0,4
78915,-0.0225464190981432,0.0,0,0,5
77461,-0.0222500783453463,0.0,0,0,5
20598,-0.021686746987952,0.0,0,0,5
30840,-0.0207253886010363,0.0,0,0,5
72980,-0.0205128205128204,0.0,0,0,5
70674,-0.0196078431372548,0.0,0,0,5
83638,-0.0074999999999999,0.0,0,0,5
77010,-0.0120788302606484,0.0,0,0,5
41443,-0.0139775668679896,0.0,0,0,5
18729,-0.0125321888412016,0.0,0,0,5
47423,-0.0099009900990099,0.0,0,0,5
72005,-0.0087040618955512,0.0,0,0,5
80368,-0.0086956521739129,0.0,0,0,5
77730,-0.0229540918163673,0.0,0,0,5
18403,-0.0082191780821917,0.0,0,0,5
19350,-0.0164849773996277,0.0,0,0,5
84215,-0.0230769230769231,0.0,0,0,5
23915,-0.0357763112191732,0.0,0,0,5
11262,-0.0273684210526315,0.0,0,0,5
80621,-0.0398126463700233,0.0,0,0,5
16678,-0.0073051948051947,0.0,0,0,5
38658,-0.0390728476821191,0.0,0,0,5
11174,-0.0384615384615384,0.0,0,0,5
65832,-0.0381944444444445,0.0,0,0,5
19393,-0.0379769618430525,0.0,0,0,5
81588,-0.0370370370370369,0.0,0,0,5
82541,-0.026275115919629,0.0,0,0,5
10644,-0.0367965367965368,0.0,0,0,5
13470,-0.0355329949238578,0.0,0,0,5
77575,-0.033797216699801,0.0,0,0,5
79758,-0.0337078651685394,0.0,0,0,5
14008,-0.0331801939765187,0.0,0,0,5
77421,-0.0327436958976289,0.0,0,0,5
84113,-0.028443113772455,0.0,0,0,5
77530,-0.0280487804878047,0.0,0,0,5
53656,-0.0363636363636363,0.0,0,0,5
83559,-0.0070298769771529,0.0,0,0,5
38762,0.0188760188760188,0.0,0,0,5
59184,-0.0052531041069724,0.0,0,0,5
79695,0.0198300283286119,0.0,0,0,5
46843,0.0198895027624308,0.0,0,0,5
88795,0.0213483146067414,0.0,0,0,5
11308,0.0219850586979721,0.0,0,0,5
25080,0.0236842105263157,0.0,0,0,5
82546,0.0244355909694555,0.0,0,0,5
57808,0.0255434782608696,0.0,0,0,5
32062,0.0269360269360268,0.0,0,0,5
85255,0.0273775216138327,0.0,0,0,5
21573,0.0275545350172214,0.0,0,0,5
77354,0.0275862068965517,0.0,0,0,5
82763,0.0294117647058824,0.0,0,0,5
82777,0.0295040803515378,0.0,0,0,5
73681,0.029527559055118,0.0,0,0,5
10886,-0.04,0.0,0,0,5
76371,0.0166666666666666,0.0,0,0,5
10761,0.0165975103734439,0.0,0,0,5
25487,0.0124999999999999,0.0,0,0,5
18244,0.0106382978723404,0.0,0,0,5
66181,-0.0036486838676048,0.0,0,0,5
18382,-0.0009861932938856,0.0,0,0,5
11997,-0.0008363534987453,0.0,0,0,5
14323,-0.0005500550055004,0.0,0,0,5
84030,0.0,0.0,0,0,5
64637,0.0,0.0,0,0,5
50032,0.0009410288582183,0.0,0,0,5
54843,-0.0068965517241379,0.0,0,0,5
79528,0.0017431725740846,0.0,0,0,5
23660,0.0029776674937966,0.0,0,0,5
83602,0.0033492822966507,0.0,0,0,5
76671,0.0036496350364962,0.0,0,0,5
79944,0.0070921985815601,0.0,0,0,5
28952,0.0072595281306715,0.0,0,0,5
17144,0.0092307692307693,0.0,0,0,5
10568,0.0102301790281329,0.0,0,0,5
25013,0.0021563342318058,0.0,0,0,5
75383,-0.040225988700565,0.0,0,0,5
11137,-0.1414634146341462,0.0,0,0,5
22752,-0.0418918918918918,0.0,0,0,5
75434,-0.1746987951807228,0.0,0,0,5
79637,-0.1723360655737704,0.0,0,0,5
79195,-0.1655076495132128,0.0,0,0,5
53479,-0.1635111876075731,0.0,0,0,5
10586,-0.1587301587301587,0.0,0,0,5
88832,-0.1474201474201474,0.0,0,0,5
84020,-0.1469061876247505,0.0,0,0,5
84534,-0.1354344122657581,0.0,0,0,5
76322,-0.1324041811846689,0.0,0,0,5
78193,-0.1320754716981133,0.0,0,0,5
82155,-0.1287425149700598,0.0,0,0,5
78990,-0.1273026425498328,0.0,0,0,5
83142,-0.1242603550295856,0.0,0,0,5
27887,-0.1213442325158946,0.0,0,0,5
75215,-0.1208791208791209,0.0,0,0,5
76623,-0.1796565656565657,0.0,0,0,5
75558,-0.191025641025641,0.0,0,0,5
66093,-0.1912139219015279,0.0,0,0,5
29576,-0.1999999999999999,0.0,0,0,5
32046,0.0301348136399683,0.0,0,0,5
75563,-0.6006389776357828,0.0,0,0,5
84107,-0.345050505050505,0.0,0,0,5
85224,-0.3220338983050848,0.0,0,0,5
17005,-0.280120481927711,0.0,0,0,5
28629,-0.2727272727272727,0.0,0,0,5
85398,-0.2704685676171419,0.0,0,0,5
83967,-0.1189610389610389,0.0,0,0,5
11358,-0.2657142857142858,0.0,0,0,5
80233,-0.2545454545454546,0.0,0,0,5
10622,-0.251063829787234,0.0,0,0,5
65293,-0.2424242424242424,0.0,0,0,5
89763,-0.2307692307692308,0.0,0,0,5
80798,-0.2232277526395173,0.0,0,0,5
76887,-0.2219607843137254,0.0,0,0,5
79725,-0.2017241379310345,0.0,0,0,5
77668,-0.259942154736081,0.0,0,0,5
84214,-0.0410783055198973,0.0,0,0,5
11394,-0.1122994652406418,0.0,0,0,5
56784,-0.1058972733037413,0.0,0,0,5
24942,-0.0719424460431654,0.0,0,0,5
82816,-0.0695410292072322,0.0,0,0,5
60599,-0.0567164179104476,0.0,0,0,5
52038,-0.0559906029757243,0.0,0,0,5
51693,-0.0559440559440559,0.0,0,0,5
62228,-0.0558333333333332,0.0,0,0,5
77403,-0.0522151898734177,0.0,0,0,5
77685,-0.0491529411764705,0.0,0,0,5
84172,-0.0474358974358974,0.0,0,0,5
38827,-0.0468085106382978,0.0,0,0,5
83875,-0.0465116279069768,0.0,0,0,5
81060,-0.0465116279069768,0.0,0,0,5
18033,-0.0441176470588234,0.0,0,0,5
92874,-0.0434782608695651,0.0,0,0,5
76734,-0.0421631530705775,0.0,0,0,5
77415,-0.072027972027972,0.0,0,0,5
85294,-0.0721476510067113,0.0,0,0,5
12758,-0.073170731707317,0.0,0,0,5
11510,-0.0733944954128441,0.0,0,0,5
31500,-0.1036682615629983,0.0,0,0,5
81055,-0.102541820551814,0.0,0,0,5
83946,-0.102439024390244,0.0,0,0,5
38333,-0.0981981981981982,0.0,0,0,5
75320,-0.097979797979798,0.0,0,0,5
17478,-0.0965635738831616,0.0,0,0,5
58318,-0.0898371701291408,0.0,0,0,5
10163,-0.110126582278481,0.0,0,0,5
72232,-0.0864197530864196,0.0,0,0,5
81188,-0.0826347305389222,0.0,0,0,5
68398,-0.0818181818181817,0.0,0,0,5
68340,-0.0812144212523718,0.0,0,0,5
80359,-0.08,0.0,0,0,5
65875,-0.0794677508778414,0.0,0,0,5
40468,-0.0746003552397868,0.0,0,0,5
60097,-0.0735632183908047,0.0,0,0,5
11955,-0.0837696335078533,0.0,0,0,5
79123,0.0344827586206897,0.0,0,0,5
81682,-0.2953020134228188,0.0,0,0,5
55976,0.0383838383838384,-0.0,0,0,5
77902,0.1774530271398746,-0.0,0,0,5
77481,0.1807460890493382,-0.0,0,0,5
51377,0.1809090909090909,-0.0,0,0,5
30681,0.1830508474576271,-0.0,0,0,5
10324,0.1878027300748568,-0.0,0,0,5
79915,0.1921232876712328,-0.0,0,0,5
61815,0.1929654727331398,-0.0,0,0,5
83283,0.1948249619482496,-0.0,0,0,5
89181,0.2003853564547206,-0.0,0,0,5
55212,0.2014475271411338,-0.0,0,0,5
71985,0.2025641025641027,-0.0,0,0,5
76082,0.2080200501253133,-0.0,0,0,5
75491,0.2086206896551723,-0.0,0,0,5
39538,0.2088122605363984,-0.0,0,0,5
84319,0.2122302158273381,-0.0,0,0,5
77150,0.1771653543307085,-0.0,0,0,5
77448,0.1731016731016732,-0.0,0,0,5
29209,0.1720997123681686,-0.0,0,0,5
77357,0.1717805329856219,-0.0,0,0,5
78216,0.129032258064516,-0.0,0,0,5
85319,0.1292682926829269,-0.0,0,0,5
85327,0.1349206349206348,-0.0,0,0,5
76721,0.1406844106463878,-0.0,0,0,5
78894,0.1449579831932774,-0.0,0,0,5
53074,0.1458333333333334,-0.0,0,0,5
81165,0.1459090909090907,-0.0,0,0,5
77282,0.2179700499168053,-0.0,0,0,5
84776,0.1472081218274112,-0.0,0,0,5
85025,0.1581632653061222,-0.0,0,0,5
77606,0.1585416666666665,-0.0,0,0,5
84616,0.1588235294117645,-0.0,0,0,5
79881,0.1607142857142858,-0.0,0,0,5
32707,0.1620689655172411,-0.0,0,0,5
31078,0.1636363636363638,-0.0,0,0,5
92399,0.1637426900584795,-0.0,0,0,5
79089,0.1546785486950985,-0.0,0,0,5
88031,0.1285714285714285,-0.0,0,0,5
38608,0.2212943632567849,-0.0,0,0,5
81202,0.2328042328042328,-0.0,0,0,5
91804,0.353233830845771,-0.0,0,0,5
74580,0.360377358490566,-0.0,0,0,5
84231,0.3656114214773434,-0.0,0,0,5
63079,0.3679245283018866,-0.0,0,0,5
52813,0.3759071117561685,-0.0,0,0,5
50243,0.381578947368421,-0.0,0,0,5
83520,0.3962962962962963,-0.0,0,0,5
11411,0.4189189189189188,-0.0,0,0,5
77892,0.5142857142857142,-0.0,0,0,5
83685,0.5789473684210527,-0.0,0,0,5
77678,0.5832215765161675,-0.0,0,0,5
60468,0.6073619631901839,-0.0,0,0,5
83807,0.036692759295499,-0.0,0,0,5
11499,0.8918918918918919,-0.0,0,0,5
83351,0.9517543859649124,-0.0,0,0,5
12199,0.3506493506493504,-0.0,0,0,5
81002,0.3455782312925171,-0.0,0,0,5
11154,0.3452574525745258,-0.0,0,0,5
78972,0.3307692307692309,-0.0,0,0,5
84792,0.2348484848484846,-0.0,0,0,5
84559,0.2360446570972887,-0.0,0,0,5
75034,0.2376511226252158,-0.0,0,0,5
81084,0.2614678899082567,-0.0,0,0,5
11895,0.2647887323943663,-0.0,0,0,5
11403,0.2696696696696699,-0.0,0,0,5
90537,0.2729166666666667,-0.0,0,0,5
76795,0.2298451681793913,-0.0,0,0,5
11805,0.2745098039215685,-0.0,0,0,5
79212,0.2903225806451612,-0.0,0,0,5
26657,0.2983927323549964,-0.0,0,0,5
10488,0.2987012987012987,-0.0,0,0,5
76990,0.3111111111111111,-0.0,0,0,5
83366,0.3133574007220219,-0.0,0,0,5
84031,0.3146160198183321,-0.0,0,0,5
51692,0.3265060240963853,-0.0,0,0,5
11644,0.2760942760942759,-0.0,0,0,5
75828,0.1267790672213706,-0.0,0,0,5
79884,0.8873417721518986,-0.0,0,0,5
69542,0.1261261261261259,-0.0,0,0,5
79299,0.0694817658349327,-0.0,0,0,5
83391,0.0695652173913043,-0.0,0,0,5
78172,0.0701045627376426,-0.0,0,0,5
69075,0.070796460176991,-0.0,0,0,5
10649,0.0714285714285714,-0.0,0,0,5
84309,0.0716216216216214,-0.0,0,0,5
23297,0.0753598645215918,-0.0,0,0,5
84416,0.0754098360655737,-0.0,0,0,5
83467,0.0757314974182445,-0.0,0,0,5
39571,0.076158940397351,-0.0,0,0,5
80971,0.0767123287671234,-0.0,0,0,5
81126,0.0781818181818181,-0.0,0,0,5
25989,0.0792377131394181,-0.0,0,0,5
38093,0.0794682422451993,-0.0,0,0,5
79859,0.0801378716070659,-0.0,0,0,5
36709,0.0676691729323306,-0.0,0,0,5
87055,0.0638357705286838,-0.0,0,0,5
78198,0.061611374407583,-0.0,0,0,5
60353,0.0602409638554217,-0.0,0,0,5
76702,0.1265130808278016,-0.0,0,0,5
65964,0.0404858299595141,-0.0,0,0,5
77208,0.0425531914893617,-0.0,0,0,5
18092,0.0427350427350428,-0.0,0,0,5
76780,0.043956043956044,-0.0,0,0,5
79467,0.0444819819819819,-0.0,0,0,5
82478,0.0457142857142858,-0.0,0,0,5
26607,0.0808080808080806,-0.0,0,0,5
84555,0.04644412191582,-0.0,0,0,5
76149,0.0485901309164149,-0.0,0,0,5
20765,0.0493827160493827,-0.0,0,0,5
10195,0.0512820512820513,-0.0,0,0,5
79611,0.0516129032258065,-0.0,0,0,5
82171,0.0520361990950226,-0.0,0,0,5
62084,0.0566037735849056,-0.0,0,0,5
56573,0.0571058953982628,-0.0,0,0,5
21742,0.0470984020185027,-0.0,0,0,5
83165,0.0810810810810809,-0.0,0,0,5
81275,0.0418410041841004,-0.0,0,0,5
83233,0.082024432809773,-0.0,0,0,5
76272,0.1034700315457413,-0.0,0,0,5
75222,0.1057871810827628,-0.0,0,0,5
77281,0.1063355619229544,-0.0,0,0,5
11593,0.1063829787234043,-0.0,0,0,5
20504,0.1076923076923077,-0.0,0,0,5
79315,0.0813953488372094,-0.0,0,0,5
77605,0.1092682926829267,-0.0,0,0,5
25769,0.1096127913696785,-0.0,0,0,5
22913,0.112540192926045,-0.0,0,0,5
78908,0.11328125,-0.0,0,0,5
80415,0.1133671742808797,-0.0,0,0,5
70033,0.1175308641975307,-0.0,0,0,5
79841,0.1185216652506371,-0.0,0,0,5
78975,0.1234636871508381,-0.0,0,0,5
76372,0.1225055432372506,-0.0,0,0,5
11490,0.1030795128230517,-0.0,0,0,5
61065,0.1027278003482297,-0.0,0,0,5
75232,0.1086505190311419,-0.0,0,0,5
87426,0.0994152046783625,-0.0,0,0,5
75646,0.0828054298642535,-0.0,0,0,5
77584,0.0999999999999998,-0.0,0,0,5
41663,0.0858516483516482,-0.0,0,0,5
78001,0.0862697448359659,-0.0,0,0,5
82515,0.0885245901639342,-0.0,0,0,5
75333,0.0888629055831629,-0.0,0,0,5
80669,0.0888634630053395,-0.0,0,0,5
44185,0.0891778913144449,-0.0,0,0,5
75285,0.0846942650968476,-0.0,0,0,5
53015,0.0919540229885058,-0.0,0,0,5
81294,0.0958637469586374,-0.0,0,0,5
42439,0.0960837887067393,-0.0,0,0,5
55213,0.0980891719745222,-0.0,0,0,5
44644,0.0982142857142855,-0.0,0,0,5
80599,0.0986807387862795,-0.0,0,0,5
83452,0.0989180834621328,-0.0,0,0,5
81666,0.0909090909090908,-0.0,0,0,5
35167,-0.0166169578184917,0.0,0,0,6
72733,-0.0163572060123784,0.0,0,0,6
64194,-0.015625,0.0,0,0,6
80294,-0.014336917562724,0.0,0,0,6
30509,-0.0140186915887848,0.0,0,0,6
74932,-0.0135944700460828,0.0,0,0,6
81546,-0.013029315960912,0.0,0,0,6
41241,-0.0103492884864165,0.0,0,0,6
39220,-0.0119658119658118,0.0,0,0,6
18650,-0.0104166666666666,0.0,0,0,6
81647,-0.0096491228070176,0.0,0,0,6
24440,-0.00960219478738,0.0,0,0,6
14891,-0.0092307692307691,0.0,0,0,6
23990,-0.0088522588522588,0.0,0,0,6
71782,-0.0120141342756183,0.0,0,0,6
53225,-0.017891477835542,0.0,0,0,6
45583,-0.0315789473684211,0.0,0,0,6
36768,-0.0185185185185186,0.0,0,0,6
42024,-0.031864406779661,0.0,0,0,6
18438,-0.0292682926829268,0.0,0,0,6
77425,-0.0285714285714285,0.0,0,0,6
80960,-0.0280898876404493,0.0,0,0,6
92073,-0.0263665594855305,0.0,0,0,6
26463,-0.026038704910373,0.0,0,0,6
23326,-0.0259842519685039,0.0,0,0,6
40694,-0.0258899676375403,0.0,0,0,6
80864,-0.0256734006734008,0.0,0,0,6
23501,-0.0250455373406193,0.0,0,0,6
58771,-0.0246575342465753,0.0,0,0,6
44601,-0.0213485521031495,0.0,0,0,6
29612,-0.0201302545885139,0.0,0,0,6
77579,-0.020083682008368,0.0,0,0,6
12073,-0.0189189189189188,0.0,0,0,6
81291,-0.0179372197309417,0.0,0,0,6
76202,-0.008849557522124,0.0,0,0,6
18542,-0.0017857142857142,0.0,0,0,6
24205,-0.0084033613445377,0.0,0,0,6
54244,0.0,0.0,0,0,6
22569,0.0,0.0,0,0,6
54199,0.0013431013431013,0.0,0,0,6
79254,0.0015075376884423,0.0,0,0,6
85570,0.0035005834305716,0.0,0,0,6
11513,0.0036363636363636,0.0,0,0,6
50227,0.0044859813084112,0.0,0,0,6
77256,0.0061349693251533,0.0,0,0,6
21231,0.0063220528077352,0.0,0,0,6
84438,0.0066225165562914,0.0,0,0,6
10825,0.0069444444444444,0.0,0,0,6
84725,0.0071428571428571,0.0,0,0,6
46068,0.0076923076923076,0.0,0,0,6
82924,-0.032567049808429,0.0,0,0,6
76573,0.0087108013937282,0.0,0,0,6
62958,0.0,0.0,0,0,6
55467,-0.0088495575221239,0.0,0,0,6
75605,-0.0004347826086956,0.0,0,0,6
71176,-0.0012765957446808,0.0,0,0,6
62498,-0.0081300813008131,0.0,0,0,6
80990,-0.0076923076923076,0.0,0,0,6
77828,-0.0075471698113208,0.0,0,0,6
83547,-0.0069364161849712,0.0,0,0,6
11847,-0.0069169960474306,0.0,0,0,6
85789,-0.0064935064935064,0.0,0,0,6
77528,-0.0051282051282049,0.0,0,0,6
76123,-0.0042553191489362,0.0,0,0,6
67360,-0.0041237113402062,0.0,0,0,6
57067,-0.0035377358490567,0.0,0,0,6
18411,-0.0033361134278566,0.0,0,0,6
60098,-0.0031746031746031,0.0,0,0,6
11389,-0.0030581039755351,0.0,0,0,6
75460,-0.0028571428571428,0.0,0,0,6
32986,-0.0023148148148148,0.0,0,0,6
83738,-0.0009514747859181,0.0,0,0,6
10232,-0.0326086956521739,0.0,0,0,6
84122,-0.0666666666666666,0.0,0,0,6
81851,-0.0329113924050633,0.0,0,0,6
10623,-0.122004357298475,0.0,0,0,6
49373,-0.116182572614108,0.0,0,0,6
81702,-0.1153846153846153,0.0,0,0,6
25443,-0.1126105165193112,0.0,0,0,6
11293,-0.1125581395348838,0.0,0,0,6
19852,-0.1113610798650168,0.0,0,0,6
65883,-0.1095066185318892,0.0,0,0,6
42906,-0.1086077411900634,0.0,0,0,6
47159,-0.1058503401360544,0.0,0,0,6
77643,-0.1004016064257028,0.0,0,0,6
78009,-0.0990922844175492,0.0,0,0,6
79019,-0.0978260869565218,0.0,0,0,6
77713,-0.0942622950819671,0.0,0,0,6
66967,-0.0870967741935483,0.0,0,0,6
79113,-0.0857142857142857,0.0,0,0,6
77679,-0.1240875912408758,0.0,0,0,6
84669,-0.0841750841750841,0.0,0,0,6
58406,-0.125,0.0,0,0,6
59619,-0.1272141706924314,0.0,0,0,6
80948,0.0090090090090089,0.0,0,0,6
82861,-0.1999999999999999,0.0,0,0,6
71395,-0.1846689895470383,0.0,0,0,6
39731,-0.1776315789473683,0.0,0,0,6
25081,-0.1680505415162454,0.0,0,0,6
54704,-0.1558177379983726,0.0,0,0,6
50788,-0.1470031545741325,0.0,0,0,6
13303,-0.1420947298198799,0.0,0,0,6
13936,-0.1373737373737374,0.0,0,0,6
79289,-0.1373595505617977,0.0,0,0,6
10404,-0.1366666666666667,0.0,0,0,6
77519,-0.1324599708879185,0.0,0,0,6
10119,-0.1312500000000001,0.0,0,0,6
16468,-0.1312499999999999,0.0,0,0,6
38973,-0.1277591973244147,0.0,0,0,6
56602,-0.126829268292683,0.0,0,0,6
90561,-0.0326797385620915,0.0,0,0,6
37584,-0.0741274877415633,0.0,0,0,6
81298,-0.0658682634730538,0.0,0,0,6
62770,-0.0431654676258993,0.0,0,0,6
55781,-0.0420475319926875,0.0,0,0,6
14816,-0.0418191322530058,0.0,0,0,6
58755,-0.0418136020151134,0.0,0,0,6
76684,-0.0413997042878264,0.0,0,0,6
24459,-0.0403141361256546,0.0,0,0,6
76214,-0.0401129943502824,0.0,0,0,6
82305,-0.0388349514563106,0.0,0,0,6
15202,-0.0377314814814815,0.0,0,0,6
71271,-0.0376884422110552,0.0,0,0,6
11194,-0.0366666666666666,0.0,0,0,6
25129,-0.0358851674641146,0.0,0,0,6
84102,-0.0353697749196142,0.0,0,0,6
47707,-0.0338164251207728,0.0,0,0,6
82497,-0.0336134453781512,0.0,0,0,6
81726,-0.0441176470588234,0.0,0,0,6
27430,-0.0723314606741573,0.0,0,0,6
27618,-0.0441767068273091,0.0,0,0,6
78155,-0.0486725663716814,0.0,0,0,6
27633,-0.0645322661330665,0.0,0,0,6
24096,-0.0641471904525111,0.0,0,0,6
78195,-0.0639269406392692,0.0,0,0,6
53832,-0.0637450199203187,0.0,0,0,6
28118,-0.0618834080717489,0.0,0,0,6
75288,-0.0602836879432624,0.0,0,0,6
32934,-0.0587188612099645,0.0,0,0,6
75596,-0.0577342047930282,0.0,0,0,6
44206,-0.0576615056059798,0.0,0,0,6
38682,-0.0573012939001849,0.0,0,0,6
81704,-0.054794520547945,0.0,0,0,6
84516,-0.0519812526629739,0.0,0,0,6
77783,-0.0512048192771085,0.0,0,0,6
77181,-0.0495652173913043,0.0,0,0,6
11691,-0.0486971379752242,0.0,0,0,6
81763,-0.045643153526971,0.0,0,0,6
79584,0.0101010101010101,0.0,0,0,6
23077,0.0068801897983392,0.0,0,0,6
79824,0.0111750761937012,-0.0,0,0,6
78015,0.0837307896131425,-0.0,0,0,6
13100,0.083735354927636,-0.0,0,0,6
83433,0.0848930481283423,-0.0,0,0,6
30680,0.0881294964028776,-0.0,0,0,6
76037,0.0888030888030888,-0.0,0,0,6
27756,0.0901883052527254,-0.0,0,0,6
21960,0.0955512572533847,-0.0,0,0,6
36468,0.0963096309630964,-0.0,0,0,6
81708,0.0975609756097561,-0.0,0,0,6
11707,0.1034894124664478,-0.0,0,0,6
59248,0.1055555555555556,-0.0,0,0,6
10516,0.1064336775218426,-0.0,0,0,6
81278,0.10803324099723,-0.0,0,0,6
48725,0.108955223880597,-0.0,0,0,6
60943,0.1112820512820513,-0.0,0,0,6
81244,0.0836693548387097,-0.0,0,0,6
82573,0.1118012422360246,-0.0,0,0,6
83112,0.0834285714285714,-0.0,0,0,6
80856,0.0810810810810809,-0.0,0,0,6
10682,0.0653409090909089,-0.0,0,0,6
25419,0.0663053297199638,-0.0,0,0,6
36281,0.0666666666666666,-0.0,0,0,6
77898,0.0670588235294118,-0.0,0,0,6
22509,0.0673224043715847,-0.0,0,0,6
44329,0.0698047606311849,-0.0,0,0,6
77081,0.0698324022346368,-0.0,0,0,6
62148,0.06984126984127,-0.0,0,0,6
81259,0.0721649484536082,-0.0,0,0,6
19992,0.0737327188940093,-0.0,0,0,6
66617,0.0749440715883669,-0.0,0,0,6
77106,0.0755555555555556,-0.0,0,0,6
79903,0.076709796672828,-0.0,0,0,6
45129,0.0779582366589326,-0.0,0,0,6
76960,0.0784313725490197,-0.0,0,0,6
37277,0.0812077294685988,-0.0,0,0,6
11823,0.0637681159420289,-0.0,0,0,6
48523,0.1124598357729382,-0.0,0,0,6
14322,0.1192263279445728,-0.0,0,0,6
80361,0.1809090909090909,-0.0,0,0,6
77300,0.1821114369501466,-0.0,0,0,6
12226,0.185142857142857,-0.0,0,0,6
81889,0.1899465240641711,-0.0,0,0,6
36257,0.202247191011236,-0.0,0,0,6
58975,0.2059369202226344,-0.0,0,0,6
49905,0.2068965517241379,-0.0,0,0,6
32110,0.216606498194946,-0.0,0,0,6
77855,0.2325462012320329,-0.0,0,0,6
52469,0.248385708136031,-0.0,0,0,6
62341,0.2566735112936344,-0.0,0,0,6
65307,0.2857142857142858,-0.0,0,0,6
11731,0.303475935828877,-0.0,0,0,6
75070,0.627282491944146,-0.0,0,0,6
72996,0.0104166666666665,-0.0,0,0,6
35829,0.1791262135922329,-0.0,0,0,6
52695,0.1145431145431143,-0.0,0,0,6
83373,0.175,-0.0,0,0,6
80112,0.1730769230769231,-0.0,0,0,6
77768,0.1233333333333333,-0.0,0,0,6
48389,0.1257142857142856,-0.0,0,0,6
54391,0.1261748789518655,-0.0,0,0,6
60548,0.1274509803921568,-0.0,0,0,6
48347,0.1298290056998101,-0.0,0,0,6
43553,0.1349504612230954,-0.0,0,0,6
53129,0.1397905759162303,-0.0,0,0,6
20299,0.1483333333333332,-0.0,0,0,6
47706,0.1485260770975056,-0.0,0,0,6
25304,0.1509365994236311,-0.0,0,0,6
57446,0.1514018691588785,-0.0,0,0,6
43481,0.1549071618037134,-0.0,0,0,6
83601,0.1555555555555554,-0.0,0,0,6
79965,0.1574074074074074,-0.0,0,0,6
79037,0.1639999999999999,-0.0,0,0,6
85072,0.1743999999999999,-0.0,0,0,6
57007,0.0622222222222221,-0.0,0,0,6
37875,0.1229257641921397,-0.0,0,0,6
27991,0.0617128463476068,-0.0,0,0,6
83462,0.0225677031093278,-0.0,0,0,6
82542,0.024390243902439,-0.0,0,0,6
39917,0.0246355984397452,-0.0,0,0,6
83720,0.0257177033492823,-0.0,0,0,6
42796,0.0270774976657328,-0.0,0,0,6
17137,0.0272011453113814,-0.0,0,0,6
10926,0.0219354838709677,-0.0,0,0,6
83030,0.0289855072463767,-0.0,0,0,6
78900,0.0293884034948372,-0.0,0,0,6
40272,0.0296135789093534,-0.0,0,0,6
15069,0.0314018691588784,-0.0,0,0,6
62034,0.0318492037699058,-0.0,0,0,6
79166,0.033434650455927,-0.0,0,0,6
80776,0.0335195530726257,-0.0,0,0,6
12165,0.0291262135922329,-0.0,0,0,6
47002,0.0219033232628398,-0.0,0,0,6
49971,0.0211946050096338,-0.0,0,0,6
34818,0.0203045685279188,-0.0,0,0,6
37058,0.0113636363636362,-0.0,0,0,6
21792,0.0619300911854103,-0.0,0,0,6
84382,0.0118929633300297,-0.0,0,0,6
75294,0.0121334681496461,-0.0,0,0,6
47802,0.0123270440251572,-0.0,0,0,6
18163,0.0136007693364472,-0.0,0,0,6
75773,0.0141509433962263,-0.0,0,0,6
49817,0.0144630303030304,-0.0,0,0,6
23085,0.0145784081954294,-0.0,0,0,6
56143,0.015625,-0.0,0,0,6
66130,0.015901862789641,-0.0,0,0,6
37023,0.0160771704180064,-0.0,0,0,6
79072,0.0160818713450292,-0.0,0,0,6
89440,0.0192307692307691,-0.0,0,0,6
76435,0.02,-0.0,0,0,6
23042,0.0335766423357664,-0.0,0,0,6
47861,0.0338983050847458,-0.0,0,0,6
58334,0.0218041898247114,-0.0,0,0,6
11652,0.0355029585798818,-0.0,0,0,6
66114,0.0526426616129711,-0.0,0,0,6
57437,0.0535135135135134,-0.0,0,0,6
80191,0.0550264550264552,-0.0,0,0,6
77778,0.0559633027522934,-0.0,0,0,6
47466,0.0568793235972329,-0.0,0,0,6
10606,0.0572519083969464,-0.0,0,0,6
47730,0.0577295621851996,-0.0,0,0,6
51423,0.0583333333333333,-0.0,0,0,6
79585,0.0584958217270195,-0.0,0,0,6
65330,0.0591046277665996,-0.0,0,0,6
68233,0.0596026490066226,-0.0,0,0,6
79545,0.0600496277915634,-0.0,0,0,6
53663,0.0348081358775425,-0.0,0,0,6
67176,0.0602836879432624,-0.0,0,0,6
18973,0.0607382550335569,-0.0,0,0,6
75591,0.0524412296564196,-0.0,0,0,6
47941,0.0514057561137915,-0.0,0,0,6
80210,0.0570793180133433,-0.0,0,0,6
34817,0.0403022670025188,-0.0,0,0,6
12211,0.0388732394366198,-0.0,0,0,6
11506,0.0484084880636606,-0.0,0,0,6
10467,0.0391061452513967,-0.0,0,0,6
37955,0.039924670433145,-0.0,0,0,6
23835,0.0402225074882327,-0.0,0,0,6
10656,0.0409151808718952,-0.0,0,0,6
10562,0.0421052631578948,-0.0,0,0,6
11131,0.0423529411764704,-0.0,0,0,6
81508,0.0386612810155799,-0.0,0,0,6
84779,0.0424242424242424,-0.0,0,0,6
35051,0.0437017994858612,-0.0,0,0,6
24985,0.0442708333333334,-0.0,0,0,6
24272,0.0443579766536965,-0.0,0,0,6
36003,0.045016077170418,-0.0,0,0,6
22840,0.0464788732394365,-0.0,0,0,6
11493,0.0466666666666666,-0.0,0,0,6
77426,-0.01886080724255,0.0,0,0,7
33420,-0.0222222222222221,0.0,0,0,7
77490,-0.0219123505976095,0.0,0,0,7
80037,-0.0218340611353712,0.0,0,0,7
81061,-0.0211696215930139,0.0,0,0,7
11600,-0.020679146713104,0.0,0,0,7
82486,-0.0189633375474083,0.0,0,0,7
56363,-0.0222222222222221,0.0,0,0,7
85885,-0.0106761565836299,0.0,0,0,7
54181,-0.0120891575368341,0.0,0,0,7
91687,-0.0151515151515151,0.0,0,0,7
80955,-0.015,0.0,0,0,7
24766,-0.0103960396039604,0.0,0,0,7
66050,-0.0142857142857143,0.0,0,0,7
79103,-0.013612565445026,0.0,0,0,7
92655,-0.0112781954887217,0.0,0,0,7
76127,-0.0229621125143514,0.0,0,0,7
21207,-0.0169491525423729,0.0,0,0,7
84578,-0.023696682464455,0.0,0,0,7
82821,-0.0418443496801705,0.0,0,0,7
10650,-0.0251572327044025,0.0,0,0,7
52090,-0.0445414847161571,0.0,0,0,7
29058,-0.0094117647058823,0.0,0,0,7
22921,-0.0430009149130831,0.0,0,0,7
48653,-0.0422885572139303,0.0,0,0,7
79956,-0.0407894736842104,0.0,0,0,7
11246,-0.0395833333333333,0.0,0,0,7
41452,-0.0382775119617223,0.0,0,0,7
66245,-0.0378787878787877,0.0,0,0,7
77758,-0.0376731301939058,0.0,0,0,7
46950,-0.0374149659863944,0.0,0,0,7
51984,-0.036697247706422,0.0,0,0,7
83985,-0.0346820809248555,0.0,0,0,7
13901,-0.030855249534065,0.0,0,0,7
81564,-0.0304195804195804,0.0,0,0,7
80575,-0.030188679245283,0.0,0,0,7
82599,-0.028,0.0,0,0,7
50278,-0.0260869565217392,0.0,0,0,7
76732,-0.0244274809160305,0.0,0,0,7
82634,-0.0093537414965986,0.0,0,0,7
40416,0.0125405405405405,0.0,0,0,7
78200,-0.0071371927042029,0.0,0,0,7
13856,0.0043298969072165,0.0,0,0,7
23931,0.0046181172291297,0.0,0,0,7
83528,0.0059171597633136,0.0,0,0,7
11533,0.0067753546474698,0.0,0,0,7
76529,0.0071942446043165,0.0,0,0,7
51596,0.0085348506401137,0.0,0,0,7
57745,0.0085889570552146,0.0,0,0,7
56945,0.0087336244541484,0.0,0,0,7
82649,0.0096964586846544,0.0,0,0,7
34869,0.0115384615384614,0.0,0,0,7
15077,0.0123493975903612,0.0,0,0,7
50623,0.0130434782608694,0.0,0,0,7
62368,0.0132275132275132,0.0,0,0,7
61743,0.0133178922987839,0.0,0,0,7
80549,0.0135714285714285,0.0,0,0,7
34367,0.0136363636363636,0.0,0,0,7
87717,-0.0454065469904962,0.0,0,0,7
91380,0.0028985507246377,0.0,0,0,7
69586,-0.0078217587105948,0.0,0,0,7
84584,0.002055498458376,0.0,0,0,7
81700,0.0017699115044247,0.0,0,0,7
12189,-0.0061855670103092,0.0,0,0,7
63976,-0.0048484848484847,0.0,0,0,7
58473,-0.0045801526717557,0.0,0,0,7
81184,-0.0042253521126759,0.0,0,0,7
63765,-0.0042194092827003,0.0,0,0,7
38659,-0.003767266638761,0.0,0,0,7
76366,-0.0034965034965035,0.0,0,0,7
49438,-0.0030674846625766,0.0,0,0,7
60063,-0.0023999999999999,0.0,0,0,7
75509,-0.0020477815699659,0.0,0,0,7
85394,0.0,0.0,0,0,7
80713,0.0,0.0,0,0,7
75866,0.0,0.0,0,0,7
75573,0.0,0.0,0,0,7
68996,0.0,0.0,0,0,7
45751,0.0005170630816959,0.0,0,0,7
46077,0.0008071025020177,0.0,0,0,7
11574,0.0019047619047618,0.0,0,0,7
40440,-0.0472440944881891,0.0,0,0,7
79209,-0.1712328767123287,0.0,0,0,7
50876,-0.0520446096654275,0.0,0,0,7
77798,-0.1234374999999999,0.0,0,0,7
11748,-0.1217075386012715,0.0,0,0,7
77453,-0.1214285714285713,0.0,0,0,7
39765,-0.1214285714285713,0.0,0,0,7
79796,-0.1209922375970299,0.0,0,0,7
89456,-0.12,0.0,0,0,7
76265,-0.1160130718954248,0.0,0,0,7
50905,-0.115525114155251,0.0,0,0,7
80034,-0.1133004926108375,0.0,0,0,7
91855,-0.1103023516237401,0.0,0,0,7
12209,-0.1075949367088607,0.0,0,0,7
79878,-0.1067297581493166,0.0,0,0,7
79118,-0.1052631578947368,0.0,0,0,7
70965,-0.1050724637681159,0.0,0,0,7
17750,-0.1046774193548387,0.0,0,0,7
37217,-0.101620029455081,0.0,0,0,7
61946,-0.1002621231979029,0.0,0,0,7
80762,-0.126779359430605,0.0,0,0,7
80239,-0.0968503937007873,0.0,0,0,7
78916,-0.1284957046243831,0.0,0,0,7
60186,-0.132512315270936,0.0,0,0,7
76711,0.0143129770992367,0.0,0,0,7
76708,-0.2493036211699164,0.0,0,0,7
83124,-0.2375609756097561,0.0,0,0,7
77018,-0.2123308270676691,0.0,0,0,7
11760,-0.2070921985815602,0.0,0,0,7
54279,-0.2037162927713574,0.0,0,0,7
76639,-0.1844973758578926,0.0,0,0,7
82504,-0.1812080536912752,0.0,0,0,7
45728,-0.1728395061728395,0.0,0,0,7
70536,-0.1699115044247787,0.0,0,0,7
67563,-0.1657894736842105,0.0,0,0,7
46690,-0.1604010025062656,0.0,0,0,7
79323,-0.1598393574297189,0.0,0,0,7
81920,-0.149003984063745,0.0,0,0,7
76796,-0.1452991452991452,0.0,0,0,7
75162,-0.1446153846153847,0.0,0,0,7
28840,-0.1364105208870552,0.0,0,0,7
10908,-0.1304347826086955,0.0,0,0,7
82812,-0.0948275862068965,0.0,0,0,7
21371,-0.0924949290060852,0.0,0,0,7
64565,-0.091053949465058,0.0,0,0,7
67046,-0.067853170189099,0.0,0,0,7
27254,-0.0678260869565217,0.0,0,0,7
76223,-0.0676384839650144,0.0,0,0,7
82751,-0.0670352453351762,0.0,0,0,7
36397,-0.0662162162162163,0.0,0,0,7
79007,-0.0660474716202269,0.0,0,0,7
83421,-0.0660437123851758,0.0,0,0,7
83926,-0.0652252252252252,0.0,0,0,7
77669,-0.064516129032258,0.0,0,0,7
58094,-0.0618695359784801,0.0,0,0,7
82492,-0.0618181818181817,0.0,0,0,7
32299,-0.0612244897959183,0.0,0,0,7
76565,-0.061175337186898,0.0,0,0,7
19502,-0.0595410978797559,0.0,0,0,7
79740,-0.0572246065808297,0.0,0,0,7
51633,-0.0562751228226887,0.0,0,0,7
91409,-0.0549450549450549,0.0,0,0,7
63773,-0.0678685047720041,0.0,0,0,7
49534,-0.0682926829268292,0.0,0,0,7
20124,-0.0723660872649877,0.0,0,0,7
11159,-0.0729841082989993,0.0,0,0,7
83301,-0.0909090909090909,0.0,0,0,7
82837,-0.089450324342779,0.0,0,0,7
63714,-0.0893266147503435,0.0,0,0,7
58625,-0.0889098334904178,0.0,0,0,7
76091,-0.0883898709985667,0.0,0,0,7
79994,-0.0882352941176469,0.0,0,0,7
10375,-0.088145896656535,0.0,0,0,7
82606,-0.0866336633663366,0.0,0,0,7
10828,-0.05,0.0,0,0,7
14198,-0.0864197530864198,0.0,0,0,7
82584,-0.0822345593337959,0.0,0,0,7
83683,-0.0821052631578946,0.0,0,0,7
11371,-0.0810074880871341,0.0,0,0,7
79860,-0.0808219178082191,0.0,0,0,7
82501,-0.077037037037037,0.0,0,0,7
12052,-0.0760869565217391,0.0,0,0,7
12022,-0.0758620689655171,0.0,0,0,7
28484,-0.0748031496062991,0.0,0,0,7
76261,-0.083165137614679,0.0,0,0,7
14286,0.0155612244897958,0.0,0,0,7
81078,0.2499999999999997,-0.0,0,0,7
50091,0.0180012414649286,-0.0,0,0,7
76195,0.1433808553971487,-0.0,0,0,7
80579,0.1441022661243463,-0.0,0,0,7
84084,0.1513859275053304,-0.0,0,0,7
77114,0.1514285714285714,-0.0,0,0,7
83347,0.153012048192771,-0.0,0,0,7
76391,0.1542617046818728,-0.0,0,0,7
77803,0.1551823972206136,-0.0,0,0,7
75740,0.1564625850340135,-0.0,0,0,7
83558,0.1571815718157183,-0.0,0,0,7
66683,0.1576830249396621,-0.0,0,0,7
77546,0.1598008925506349,-0.0,0,0,7
46392,0.1607496846278608,-0.0,0,0,7
10680,0.1620689655172413,-0.0,0,0,7
60695,0.1625531914893616,-0.0,0,0,7
77165,0.1650485436893203,-0.0,0,0,7
45110,0.170138888888889,-0.0,0,0,7
77191,0.1710407239819003,-0.0,0,0,7
27562,0.1429221665908056,-0.0,0,0,7
75182,0.1714434601354872,-0.0,0,0,7
76697,0.1420395421436004,-0.0,0,0,7
85304,0.1392592592592592,-0.0,0,0,7
80343,0.1112385321100917,-0.0,0,0,7
21178,0.1147428571428572,-0.0,0,0,7
83356,0.1166945840312674,-0.0,0,0,7
19546,0.1172248803827753,-0.0,0,0,7
83596,0.1179228898923239,-0.0,0,0,7
80774,0.1194029850746267,-0.0,0,0,7
62690,0.1196319018404907,-0.0,0,0,7
78981,0.11984375,-0.0,0,0,7
21055,0.123076923076923,-0.0,0,0,7
64961,0.124401913875598,-0.0,0,0,7
15457,0.125,-0.0,0,0,7
30780,0.1256454388984509,-0.0,0,0,7
80857,0.1262028169014084,-0.0,0,0,7
10182,0.1263852242744063,-0.0,0,0,7
53831,0.1343018084790987,-0.0,0,0,7
75432,0.1360703812316714,-0.0,0,0,7
84275,0.1386138613861385,-0.0,0,0,7
77649,0.1393692777212614,-0.0,0,0,7
11641,0.107728337236534,-0.0,0,0,7
84283,0.1742424242424243,-0.0,0,0,7
84808,0.1770833333333332,-0.0,0,0,7
90721,0.3361538461538462,-0.0,0,0,7
82801,0.3580246913580247,-0.0,0,0,7
80309,0.3666666666666667,-0.0,0,0,7
48101,0.3711864406779659,-0.0,0,0,7
33532,0.3804391217564868,-0.0,0,0,7
75902,0.3814814814814815,-0.0,0,0,7
77662,0.3980511571254568,-0.0,0,0,7
11809,0.4000000000000001,-0.0,0,0,7
75326,0.4134615384615385,-0.0,0,0,7
80286,0.4218009478672986,-0.0,0,0,7
47255,0.4421052631578948,-0.0,0,0,7
74740,0.4748201438848922,-0.0,0,0,7
80544,0.4945052631578948,-0.0,0,0,7
58756,0.5142517814726844,-0.0,0,0,7
76720,0.5370165745856352,-0.0,0,0,7
79689,0.8681318681318682,-0.0,0,0,7
60038,0.0163934426229508,0.0,0,0,7
16126,0.3,-0.0,0,0,7
78042,0.1764705882352941,-0.0,0,0,7
58886,0.2999999999999998,-0.0,0,0,7
80987,0.2736292428198434,-0.0,0,0,7
10501,0.1775127768313458,-0.0,0,0,7
77338,0.1781050291747705,-0.0,0,0,7
30940,0.1837974683544303,-0.0,0,0,7
77236,0.1860158311345647,-0.0,0,0,7
44792,0.1955307262569832,-0.0,0,0,7
83661,0.1977777777777778,-0.0,0,0,7
10127,0.1999999999999999,-0.0,0,0,7
39490,0.1999999999999999,-0.0,0,0,7
76207,0.2017804154302669,-0.0,0,0,7
81655,0.2198095238095239,-0.0,0,0,7
76385,0.2199999999999999,-0.0,0,0,7
75825,0.2226062910473556,-0.0,0,0,7
82694,0.2263322884012539,-0.0,0,0,7
83345,0.2437499999999999,-0.0,0,0,7
77420,0.25,-0.0,0,0,7
83991,0.2600806451612902,-0.0,0,0,7
79943,0.2692889561270801,-0.0,0,0,7
84763,0.287037037037037,-0.0,0,0,7
76750,0.1067796610169491,-0.0,0,0,7
85165,1.3794642857142856,-0.0,0,0,7
76568,0.1052110817941951,-0.0,0,0,7
45241,0.0310507346825616,-0.0,0,0,7
87119,0.0336134453781513,-0.0,0,0,7
82855,0.0342205323193915,-0.0,0,0,7
40097,0.0343580470162747,-0.0,0,0,7
85067,0.0349861565567581,-0.0,0,0,7
78749,0.0355029585798816,-0.0,0,0,7
64390,0.0359224821450696,-0.0,0,0,7
85631,0.0361821584529007,-0.0,0,0,7
11618,0.0363285363285363,-0.0,0,0,7
65306,0.0384615384615385,-0.0,0,0,7
81653,0.0395136778115503,-0.0,0,0,7
59089,0.0396039603960394,-0.0,0,0,7
82959,0.0413425205601245,-0.0,0,0,7
88912,0.0429118773946359,-0.0,0,0,7
11790,0.0437869822485206,-0.0,0,0,7
29752,0.0445286594031264,-0.0,0,0,7
78033,0.0452471482889733,-0.0,0,0,7
78034,0.0309278350515465,-0.0,0,0,7
79684,0.0468214693566806,-0.0,0,0,7
79517,0.0301437083771467,-0.0,0,0,7
23544,0.0278481012658227,-0.0,0,0,7
76217,0.1053775122216187,-0.0,0,0,7
83414,0.0181405895691608,-0.0,0,0,7
32803,0.0182522123893806,-0.0,0,0,7
11625,0.0193452380952381,-0.0,0,0,7
76477,0.019392523364486,-0.0,0,0,7
75764,0.0195121951219512,-0.0,0,0,7
78717,0.0203389830508475,-0.0,0,0,7
83162,0.0204744881377965,-0.0,0,0,7
20482,0.0217936354869816,-0.0,0,0,7
84749,0.022012578616352,-0.0,0,0,7
10812,0.0221835580687255,-0.0,0,0,7
61218,0.0228013029315961,-0.0,0,0,7
65541,0.023454157782516,-0.0,0,0,7
81172,0.023529411764706,-0.0,0,0,7
84364,0.0245672808486878,-0.0,0,0,7
76892,0.0268300761841668,-0.0,0,0,7
40539,0.0273556231003038,-0.0,0,0,7
31077,0.028405797101449,-0.0,0,0,7
37399,0.0471337579617836,-0.0,0,0,7
79667,0.0180055401662049,-0.0,0,0,7
11138,0.0480349344978165,-0.0,0,0,7
68065,0.0828729281767954,-0.0,0,0,7
84734,0.0844155844155842,-0.0,0,0,7
79776,0.084795321637427,-0.0,0,0,7
42083,0.0863975314990999,-0.0,0,0,7
81109,0.0909090909090908,-0.0,0,0,7
46923,0.0926694329183954,-0.0,0,0,7
41292,0.0962962962962965,-0.0,0,0,7
11132,0.0965794768611671,-0.0,0,0,7
54974,0.0812720848056536,-0.0,0,0,7
75900,0.0970948012232415,-0.0,0,0,7
82730,0.0999999999999998,-0.0,0,0,7
77204,0.1006663493574486,-0.0,0,0,7
11157,0.1008219178082192,-0.0,0,0,7
79724,0.1009090909090908,-0.0,0,0,7
63467,0.1017274472168905,-0.0,0,0,7
32096,0.1018651362984217,-0.0,0,0,7
52792,0.1035573122529645,-0.0,0,0,7
80320,0.0478400571224562,-0.0,0,0,7
28345,0.0986733001658375,-0.0,0,0,7
85198,0.0795402298850576,-0.0,0,0,7
33937,0.1023339317773788,-0.0,0,0,7
76090,0.0784894483524618,-0.0,0,0,7
78082,0.0786082474226803,-0.0,0,0,7
27677,0.0532786885245901,-0.0,0,0,7
65163,0.0542598762494048,-0.0,0,0,7
57665,0.0544755394146549,-0.0,0,0,7
77862,0.0573248407643314,-0.0,0,0,7
90756,0.0574268360022087,-0.0,0,0,7
10211,0.0612244897959184,-0.0,0,0,7
31691,0.0616438356164381,-0.0,0,0,7
10657,0.0608823529411763,-0.0,0,0,7
85232,0.0663726107960513,-0.0,0,0,7
89245,0.068733153638814,-0.0,0,0,7
91556,0.07008547008547,-0.0,0,0,7
77259,0.0709914320685434,-0.0,0,0,7
85269,0.0712250712250712,-0.0,0,0,7
16030,0.0498699045967043,-0.0,0,0,7
83897,0.0773255813953488,-0.0,0,0,7
76709,0.0783055198973041,-0.0,0,0,7
73139,0.0631379962192817,-0.0,0,0,7
15203,-0.0157068062827224,0.0,0,0,8
12060,-0.021236559139785,0.0,0,0,8
84169,-0.0204520990312163,0.0,0,0,8
85196,-0.0167264038231779,0.0,0,0,8
10382,-0.0161414296694849,0.0,0,0,8
84260,-0.0157480314960629,0.0,0,0,8
83699,-0.0156250000000001,0.0,0,0,8
27748,-0.0027272727272726,0.0,0,0,8
77472,-0.0125,0.0,0,0,8
33603,-0.0124999999999999,0.0,0,0,8
89499,-0.0123456790123456,0.0,0,0,8
32619,-0.0111940298507463,0.0,0,0,8
85380,-0.0042134831460673,0.0,0,0,8
80926,-0.0029411764705882,0.0,0,0,8
66369,-0.0235294117647056,0.0,0,0,8
26403,-0.0016111707841032,0.0,0,0,8
84341,-0.0136054421768707,0.0,0,0,8
57817,-0.0242214532871971,0.0,0,0,8
76085,-0.0375203915171289,0.0,0,0,8
10160,-0.0326086956521739,0.0,0,0,8
21020,-0.0491118077324974,0.0,0,0,8
82176,-0.0490124359912216,0.0,0,0,8
29145,-0.0468227424749164,0.0,0,0,8
11663,-0.0465116279069768,0.0,0,0,8
84394,-0.0459363957597173,0.0,0,0,8
84785,-0.0451612903225806,0.0,0,0,8
92340,-0.043478260869565,0.0,0,0,8
79404,-0.0428571428571428,0.0,0,0,8
85314,-0.0401606425702811,0.0,0,0,8
82583,-0.0390243902439024,0.0,0,0,8
80279,-0.0387596899224806,0.0,0,0,8
81190,-0.0358931552587645,0.0,0,0,8
79846,-0.0352941176470588,0.0,0,0,8
76209,-0.035159443990188,0.0,0,0,8
92807,-0.0347826086956519,0.0,0,0,8
90820,-0.0343347639484978,0.0,0,0,8
24803,-0.0340611353711789,0.0,0,0,8
25072,-0.0280665280665279,0.0,0,0,8
83762,0.0,0.0,0,0,8
63159,0.0149253731343284,0.0,0,0,8
79249,0.0,0.0,0,0,8
78949,0.02,0.0,0,0,8
80460,0.0204081632653061,0.0,0,0,8
78816,0.0204081632653061,0.0,0,0,8
84229,0.0222222222222221,0.0,0,0,8
64258,0.024,0.0,0,0,8
63830,0.0243243243243242,0.0,0,0,8
33612,0.024390243902439,0.0,0,0,8
77356,0.0245901639344263,0.0,0,0,8
33398,0.0249999999999999,0.0,0,0,8
49227,0.0256410256410255,0.0,0,0,8
57809,0.0265446224256291,0.0,0,0,8
20336,0.0277777777777779,0.0,0,0,8
80812,0.0285714285714286,0.0,0,0,8
79723,0.0285714285714286,0.0,0,0,8
70616,0.0294117647058822,0.0,0,0,8
54594,-0.0511860174781523,0.0,0,0,8
64195,0.0299212598425198,0.0,0,0,8
80796,0.0199004975124377,0.0,0,0,8
60273,0.0196721311475409,0.0,0,0,8
53815,0.0186274509803923,0.0,0,0,8
25590,0.0165002171081198,0.0,0,0,8
91257,0.0,0.0,0,0,8
11599,0.0,0.0,0,0,8
29639,0.0,0.0,0,0,8
11850,0.0012690355329949,0.0,0,0,8
10984,0.0041323909937047,0.0,0,0,8
79698,0.0044198895027622,0.0,0,0,8
85051,0.0048780487804878,0.0,0,0,8
15748,0.0051282051282051,0.0,0,0,8
80135,0.0,0.0,0,0,8
75262,0.0073529411764705,0.0,0,0,8
76111,0.0090090090090089,0.0,0,0,8
80242,0.0091743119266054,0.0,0,0,8
47677,-0.4241293532338308,1.0,1,0,8
25452,0.0096774193548385,0.0,0,0,8
82467,0.0106382978723404,0.0,0,0,8
16432,0.0108518719479109,0.0,0,0,8
76259,0.0142348754448398,0.0,0,0,8
80659,0.015625,0.0,0,0,8
58501,0.0075949367088608,0.0,0,0,8
45487,-0.0513761467889908,0.0,0,0,8
26112,-0.1317888340296239,0.0,0,0,8
77475,-0.0526315789473685,0.0,0,0,8
79529,-0.1999999999999999,0.0,0,0,8
30307,-0.1999999999999999,0.0,0,0,8
10709,-0.1969230769230769,0.0,0,0,8
81925,-0.1831460674157303,0.0,0,0,8
22250,-0.1822429906542056,0.0,0,0,8
85291,-0.1789077212806025,0.0,0,0,8
84387,-0.1666666666666666,0.0,0,0,8
77967,-0.1558441558441559,0.0,0,0,8
81850,-0.1555555555555555,0.0,0,0,8
64020,-0.1538461538461539,0.0,0,0,8
82806,-0.1538461538461538,0.0,0,0,8
79613,-0.15,0.0,0,0,8
80852,-0.1464435146443514,0.0,0,0,8
83969,-0.1455696202531645,0.0,0,0,8
61567,-0.1424999999999999,0.0,0,0,8
83234,-0.1411764705882353,0.0,0,0,8
42922,-0.1405622489959839,0.0,0,0,8
76785,-0.2,0.0,0,0,8
75150,-0.1379310344827585,0.0,0,0,8
12320,-0.2044444444444444,0.0,0,0,8
10401,-0.2098445595854923,0.0,0,0,8
11910,0.0301724137931036,0.0,0,0,8
81072,-0.3627450980392157,0.0,0,0,8
29532,-0.3529411764705882,0.0,0,0,8
84561,-0.3519607843137254,0.0,0,0,8
81614,-0.3454545454545455,0.0,0,0,8
62906,-0.3448275862068966,0.0,0,0,8
71538,-0.3368421052631578,0.0,0,0,8
11607,-0.3108974358974359,0.0,0,0,8
79149,-0.3104651162790698,0.0,0,0,8
78786,-0.2705479452054794,0.0,0,0,8
82242,-0.2491803278688523,0.0,0,0,8
85019,-0.2466666666666667,0.0,0,0,8
10371,-0.2376237623762376,0.0,0,0,8
39773,-0.2361809045226131,0.0,0,0,8
11754,-0.213956347986474,0.0,0,0,8
27909,-0.2126984126984127,0.0,0,0,8
85372,-0.2105263157894736,0.0,0,0,8
80829,-0.2072727272727271,0.0,0,0,8
44740,-0.1379310344827585,0.0,0,0,8
20459,-0.1355555555555555,0.0,0,0,8
75831,-0.1321839080459769,0.0,0,0,8
18016,-0.0836363636363637,0.0,0,0,8
78213,-0.0826612903225806,0.0,0,0,8
79247,-0.08,0.0,0,0,8
78044,-0.0792682926829267,0.0,0,0,8
53189,-0.0789473684210525,0.0,0,0,8
43028,-0.0763636363636363,0.0,0,0,8
25785,-0.0749279538904899,0.0,0,0,8
81242,-0.0694006309148264,0.0,0,0,8
44768,-0.0674418604651162,0.0,0,0,8
84409,-0.0666666666666667,0.0,0,0,8
81063,-0.0655737704918032,0.0,0,0,8
75606,-0.0652173913043477,0.0,0,0,8
84381,-0.061307901907357,0.0,0,0,8
83659,-0.0586206896551724,0.0,0,0,8
23579,-0.0583159773876822,0.0,0,0,8
81901,-0.0555555555555555,0.0,0,0,8
85402,-0.0538461538461538,0.0,0,0,8
81740,-0.0843672456575682,0.0,0,0,8
10994,-0.0869565217391304,0.0,0,0,8
11917,-0.0877367896311065,0.0,0,0,8
83307,-0.0891472868217053,0.0,0,0,8
22198,-0.127027027027027,0.0,0,0,8
85084,-0.1262135922330097,0.0,0,0,8
87856,-0.1198156682027649,0.0,0,0,8
84599,-0.1189931350114416,0.0,0,0,8
84111,-0.1183879093198992,0.0,0,0,8
83458,-0.1176470588235294,0.0,0,0,8
12265,-0.1118669690098261,0.0,0,0,8
33849,-0.108695652173913,0.0,0,0,8
84174,-0.0515463917525773,0.0,0,0,8
82635,-0.106060606060606,0.0,0,0,8
81553,-0.0999999999999999,0.0,0,0,8
83236,-0.0952380952380953,0.0,0,0,8
57904,-0.094074074074074,0.0,0,0,8
56777,-0.0935,0.0,0,0,8
81110,-0.0925589836660616,0.0,0,0,8
84836,-0.0917667238421955,0.0,0,0,8
83995,-0.0915157292659676,0.0,0,0,8
10924,-0.0896,0.0,0,0,8
46295,-0.1037567084078712,0.0,0,0,8
10890,0.0311778290993072,0.0,0,0,8
77117,0.0652173913043476,-0.0,0,0,8
12215,0.0363636363636363,-0.0,0,0,8
11976,0.1866141732283466,-0.0,0,0,8
81857,0.1890243902439026,-0.0,0,0,8
67432,0.189127972819932,-0.0,0,0,8
75259,0.1944444444444444,-0.0,0,0,8
84238,0.1951754385964914,-0.0,0,0,8
27713,0.1959016393442623,-0.0,0,0,8
25778,0.2012432012432012,-0.0,0,0,8
10418,0.2053571428571428,-0.0,0,0,8
77971,0.2088452088452088,-0.0,0,0,8
84737,0.2089201877934274,-0.0,0,0,8
44353,0.2095106822880772,-0.0,0,0,8
84253,0.2096774193548387,-0.0,0,0,8
80791,0.2146596858638743,-0.0,0,0,8
76008,0.2146892655367231,-0.0,0,0,8
53480,0.2149690489589195,-0.0,0,0,8
28804,0.2218327491236855,-0.0,0,0,8
39029,0.2272727272727273,-0.0,0,0,8
79094,0.1843575418994414,-0.0,0,0,8
79010,0.2295081967213115,-0.0,0,0,8
77347,0.1822660098522168,-0.0,0,0,8
76148,0.1796407185628743,-0.0,0,0,8
53082,0.1440677966101693,-0.0,0,0,8
76847,0.146788990825688,-0.0,0,0,8
13603,0.1478260869565217,-0.0,0,0,8
81220,0.1492220650636491,-0.0,0,0,8
71124,0.1493975903614455,-0.0,0,0,8
26518,0.1505300353356891,-0.0,0,0,8
77501,0.1521739130434782,-0.0,0,0,8
42140,0.1596638655462186,-0.0,0,0,8
84154,0.1607142857142858,-0.0,0,0,8
83377,0.1664233576642337,-0.0,0,0,8
23537,0.1676526844891241,-0.0,0,0,8
83170,0.1714285714285712,-0.0,0,0,8
11654,0.1724137931034481,-0.0,0,0,8
49138,0.1739130434782609,-0.0,0,0,8
82293,0.175,-0.0,0,0,8
41320,0.1775043936731106,-0.0,0,0,8
77486,0.1794871794871795,-0.0,0,0,8
85393,0.1818796484110887,-0.0,0,0,8
47175,0.1433333333333333,-0.0,0,0,8
78955,0.2318244170096022,-0.0,0,0,8
15991,0.25,-0.0,0,0,8
45744,0.4086956521739133,-0.0,0,0,8
68523,0.4090909090909089,-0.0,0,0,8
80290,0.4090909090909089,-0.0,0,0,8
79366,0.4120300751879699,-0.0,0,0,8
84044,0.4490785645004849,-0.0,0,0,8
10272,0.4578587699316627,-0.0,0,0,8
10661,0.5357142857142856,-0.0,0,0,8
82587,0.5555555555555556,-0.0,0,0,8
77271,0.5625,-0.0,0,0,8
84639,0.6240601503759398,-0.0,0,0,8
83374,0.6348314606741574,-0.0,0,0,8
83632,0.6391304347826088,-0.0,0,0,8
11162,0.6411042944785277,-0.0,0,0,8
76946,0.6545454545454545,-0.0,0,0,8
83422,0.7275985663082438,-0.0,0,0,8
80828,2.181818181818182,-1.0,0,-1,8
85190,0.0341463414634148,-0.0,0,0,8
26382,0.3993174061433446,-0.0,0,0,8
78139,0.2340936374549818,-0.0,0,0,8
48144,0.391743119266055,-0.0,0,0,8
74086,0.3611111111111111,-0.0,0,0,8
85168,0.2539015606242496,-0.0,0,0,8
20117,0.254255319148936,-0.0,0,0,8
82859,0.2571428571428571,-0.0,0,0,8
80629,0.2613240418118467,-0.0,0,0,8
78157,0.2722222222222221,-0.0,0,0,8
81475,0.2735849056603774,-0.0,0,0,8
76553,0.2741379310344827,-0.0,0,0,8
83145,0.2746666666666668,-0.0,0,0,8
83653,0.275797373358349,-0.0,0,0,8
77653,0.2894736842105263,-0.0,0,0,8
11081,0.2941176470588234,-0.0,0,0,8
80469,0.2941176470588236,-0.0,0,0,8
78889,0.2972477064220182,-0.0,0,0,8
59774,0.303030303030303,-0.0,0,0,8
12010,0.3108305647840532,-0.0,0,0,8
75912,0.3506743737957609,-0.0,0,0,8
78977,0.3608695652173914,-0.0,0,0,8
84200,0.3861386138613862,-0.0,0,0,8
88779,0.1428571428571428,-0.0,0,0,8
79634,0.2425742574257428,-0.0,0,0,8
38914,0.1372413793103446,-0.0,0,0,8
76752,0.0571837026447461,-0.0,0,0,8
11636,0.0588235294117647,-0.0,0,0,8
47619,0.0589947089947091,-0.0,0,0,8
80316,0.0634920634920634,-0.0,0,0,8
77006,0.064189189189189,-0.0,0,0,8
75527,0.0663967611336031,-0.0,0,0,8
82266,0.0675675675675675,-0.0,0,0,8
84056,0.0685483870967742,-0.0,0,0,8
50666,0.0690737833594976,-0.0,0,0,8
61146,0.0703703703703704,-0.0,0,0,8
17444,0.0761589403973508,-0.0,0,0,8
83861,0.0769230769230771,-0.0,0,0,8
79808,0.0784810126582278,-0.0,0,0,8
11183,0.0803324099722992,-0.0,0,0,8
75100,0.0803695150115475,-0.0,0,0,8
84202,0.0818713450292398,-0.0,0,0,8
40125,0.0826047633403677,-0.0,0,0,8
65270,0.0571428571428571,-0.0,0,0,8
83568,0.0844594594594594,-0.0,0,0,8
80001,0.0568409025992573,-0.0,0,0,8
61322,0.0561674008810573,-0.0,0,0,8
47248,0.0373626373626374,-0.0,0,0,8
78112,0.1416361416361415,-0.0,0,0,8
38578,0.0389016018306636,-0.0,0,0,8
25232,0.039855072463768,-0.0,0,0,8
82507,0.0421836228287841,-0.0,0,0,8
11825,0.0431818181818179,-0.0,0,0,8
80113,0.0442708333333332,-0.0,0,0,8
61496,0.0450885668276972,-0.0,0,0,8
51721,0.0460732984293192,-0.0,0,0,8
38420,0.0461760461760463,-0.0,0,0,8
82235,0.0471698113207548,-0.0,0,0,8
82768,0.0479233226837061,-0.0,0,0,8
75730,0.0483870967741935,-0.0,0,0,8
83694,0.0549999999999999,-0.0,0,0,8
58675,0.0551948051948052,-0.0,0,0,8
69032,0.0554476806903991,-0.0,0,0,8
81119,0.0558620689655173,-0.0,0,0,8
76268,0.0564663023679417,-0.0,0,0,8
80470,0.0863013698630137,-0.0,0,0,8
56354,0.0571428571428571,-0.0,0,0,8
54341,0.1199999999999998,-0.0,0,0,8
81156,0.1115384615384615,-0.0,0,0,8
89790,0.1136363636363635,-0.0,0,0,8
75316,0.1142618849040866,-0.0,0,0,8
11277,0.1144654088050314,-0.0,0,0,8
83671,0.115987460815047,-0.0,0,0,8
10145,0.1193181818181818,-0.0,0,0,8
75447,0.1221864951768489,-0.0,0,0,8
34121,0.1224489795918366,-0.0,0,0,8
82551,0.1227544910179641,-0.0,0,0,8
83957,0.1232876712328765,-0.0,0,0,8
80345,0.1253286590709903,-0.0,0,0,8
71685,0.126086956521739,-0.0,0,0,8
11899,0.1262626262626263,-0.0,0,0,8
13119,0.1314935064935063,-0.0,0,0,8
27422,0.1319444444444444,-0.0,0,0,8
82295,0.0864903502501786,-0.0,0,0,8
56741,0.1322222222222222,-0.0,0,0,8
84526,0.1087470449172576,-0.0,0,0,8
77362,0.1085714285714285,-0.0,0,0,8
20248,0.1134307585247043,-0.0,0,0,8
56223,0.1076923076923077,-0.0,0,0,8
84001,0.0893246187363834,-0.0,0,0,8
35203,0.0923076923076922,-0.0,0,0,8
28564,0.0934326337169939,-0.0,0,0,8
82558,0.0945945945945945,-0.0,0,0,8
76980,0.0948275862068965,-0.0,0,0,8
23819,0.09490022172949,-0.0,0,0,8
13304,0.0974188176519565,-0.0,0,0,8
26710,0.0976663785652549,-0.0,0,0,8
53065,0.1004901960784314,-0.0,0,0,8
12140,0.0959958932238194,-0.0,0,0,8
23472,0.1023622047244092,-0.0,0,0,8
79328,0.1023622047244094,-0.0,0,0,8
80358,0.104,-0.0,0,0,8
62885,0.1044776119402985,-0.0,0,0,8
54245,0.1048076923076923,-0.0,0,0,8
81739,0.1049999999999999,-0.0,0,0,8
11970,0.1018835616438356,-0.0,0,0,8
27684,0.1341396371632763,-0.0,0,0,8
81533,-0.0263157894736841,0.0,0,0,9
79336,-0.0263565891472868,0.0,0,0,9
80002,-0.0256222547584187,0.0,0,0,9
80625,-0.0225806451612903,0.0,0,0,9
16600,-0.0250879608383051,0.0,0,0,9
81601,-0.0234741784037558,0.0,0,0,9
80633,-0.0231788079470198,0.0,0,0,9
75925,-0.0230286113049545,0.0,0,0,9
12253,-0.037527868852459,0.0,0,0,9
83729,-0.0217391304347827,0.0,0,0,9
57330,-0.0216606498194945,0.0,0,0,9
79382,-0.0213235294117646,0.0,0,0,9
57154,-0.0202482037883736,0.0,0,0,9
80369,-0.0196078431372549,0.0,0,0,9
88197,-0.0192393736017897,0.0,0,0,9
23114,-0.0190742033030937,0.0,0,0,9
83774,-0.0266932270916335,0.0,0,0,9
45225,-0.018796992481203,0.0,0,0,9
80800,-0.0219092331768387,0.0,0,0,9
10588,-0.0271493212669683,0.0,0,0,9
13821,-0.0369718309859155,0.0,0,0,9
55511,-0.028163427211424,0.0,0,0,9
77090,-0.0187265917602996,0.0,0,0,9
52840,-0.03727959697733,0.0,0,0,9
10304,-0.0356514084507041,0.0,0,0,9
11208,-0.0352357320099254,0.0,0,0,9
88007,-0.0338372930165586,0.0,0,0,9
10001,-0.0334728033472802,0.0,0,0,9
39642,-0.0324324324324325,0.0,0,0,9
70578,-0.0316542802091934,0.0,0,0,9
79682,-0.0280232558139534,0.0,0,0,9
11674,-0.0315911730545876,0.0,0,0,9
79116,-0.0309585492227979,0.0,0,0,9
16555,-0.030866047347917,0.0,0,0,9
64630,-0.0306748466257669,0.0,0,0,9
11404,-0.030206286836935,0.0,0,0,9
29285,-0.03,0.0,0,0,9
50789,-0.0294234592445327,0.0,0,0,9
76135,-0.0288611544461778,0.0,0,0,9
84837,-0.0288153681963713,0.0,0,0,9
76264,-0.0312771503040834,0.0,0,0,9
65294,-0.0182926829268292,0.0,0,0,9
10290,0.0020842017507294,0.0,0,0,9
84140,-0.0175438596491228,0.0,0,0,9
11750,-0.0061971830985915,0.0,0,0,9
80478,-0.0059016393442622,0.0,0,0,9
80000,-0.0057142857142857,0.0,0,0,9
52396,-0.0051189400782897,0.0,0,0,9
10137,-0.0040871934604905,0.0,0,0,9
54818,-0.0032679738562092,0.0,0,0,9
16548,-0.0029952931108258,0.0,0,0,9
24360,-0.0018050541516245,0.0,0,0,9
80243,-0.0012499999999999,0.0,0,0,9
83717,0.0,0.0,0,0,9
77984,0.0,0.0,0,0,9
79747,0.0,0.0,0,0,9
11056,0.0,0.0,0,0,9
77889,0.0,0.0,0,0,9
19828,0.0,0.0,0,0,9
10769,0.0022522522522523,0.0,0,0,9
81297,0.0026315789473685,0.0,0,0,9
11705,0.002932551319648,0.0,0,0,9
58608,-0.0379692832764505,0.0,0,0,9
76060,-0.0062111801242237,0.0,0,0,9
77379,-0.0180360721442885,0.0,0,0,9
80467,-0.0062111801242237,0.0,0,0,9
75556,-0.007383100902379,0.0,0,0,9
10906,-0.0174731182795698,0.0,0,0,9
11397,-0.0162162162162162,0.0,0,0,9
79828,-0.0157694399129961,0.0,0,0,9
22437,-0.0155172413793104,0.0,0,0,9
79686,-0.0150375939849624,0.0,0,0,9
79512,-0.0147783251231526,0.0,0,0,9
25099,-0.0145348837209302,0.0,0,0,9
11348,-0.0140503875968991,0.0,0,0,9
10308,-0.0131578947368421,0.0,0,0,9
63060,-0.0131332082551594,0.0,0,0,9
83226,-0.0128205128205127,0.0,0,0,9
86896,-0.0127272727272728,0.0,0,0,9
80816,-0.0112359550561798,0.0,0,0,9
35917,-0.0106571936056838,0.0,0,0,9
63503,-0.0097198399085191,0.0,0,0,9
75261,-0.0095238095238094,0.0,0,0,9
39328,-0.0092691159288589,0.0,0,0,9
10122,-0.0088082901554404,0.0,0,0,9
77504,-0.0087040618955512,0.0,0,0,9
18091,-0.0064377682403434,0.0,0,0,9
22032,-0.0384172109104878,0.0,0,0,9
83642,-0.1308641975308641,0.0,0,0,9
80768,-0.0393852065321805,0.0,0,0,9
24432,-0.0854733614411652,0.0,0,0,9
83741,-0.0837500000000001,0.0,0,0,9
83444,-0.0805645161290322,0.0,0,0,9
11844,-0.0794979079497907,0.0,0,0,9
10932,-0.0791868932038835,0.0,0,0,9
79026,-0.077449567723343,0.0,0,0,9
81565,-0.075984990619137,0.0,0,0,9
81652,-0.0753424657534246,0.0,0,0,9
79313,-0.0857142857142857,0.0,0,0,9
23712,-0.0749706227967097,0.0,0,0,9
76764,-0.0717092337917485,0.0,0,0,9
20415,-0.0711538461538461,0.0,0,0,9
41807,-0.0703363914373089,0.0,0,0,9
48143,-0.0698630136986301,0.0,0,0,9
80446,-0.0698198198198198,0.0,0,0,9
10629,-0.0684512428298278,0.0,0,0,9
35044,-0.0675675675675675,0.0,0,0,9
21979,-0.0667952736918253,0.0,0,0,9
81071,-0.0727272727272726,0.0,0,0,9
10271,-0.0860215053763441,0.0,0,0,9
80127,-0.086894586894587,0.0,0,0,9
76676,-0.088335220838052,0.0,0,0,9
62296,-0.206060606060606,0.0,0,0,9
46034,-0.1803921568627451,0.0,0,0,9
20053,-0.1659420289855072,0.0,0,0,9
53612,-0.1628676470588235,0.0,0,0,9
87952,-0.1478947368421052,0.0,0,0,9
24248,-0.1419656786271451,0.0,0,0,9
75083,-0.1333333333333333,0.0,0,0,9
79885,0.0037854889589905,0.0,0,0,9
71563,-0.1193415637860082,0.0,0,0,9
56232,-0.1185308848080134,0.0,0,0,9
12281,-0.1124260355029584,0.0,0,0,9
38703,-0.1113610798650169,0.0,0,0,9
43721,-0.1094936708860759,0.0,0,0,9
10977,-0.1092436974789916,0.0,0,0,9
11808,-0.1089045483664317,0.0,0,0,9
84129,-0.1069698099142749,0.0,0,0,9
82575,-0.1009316770186334,0.0,0,0,9
71475,-0.0972972972972973,0.0,0,0,9
81577,-0.095808383233533,0.0,0,0,9
56952,-0.0648148148148148,0.0,0,0,9
20750,-0.0644444444444444,0.0,0,0,9
81311,-0.0644171779141105,0.0,0,0,9
86351,-0.0635491606714628,0.0,0,0,9
11628,-0.0499841822208161,0.0,0,0,9
23916,-0.0498261877172653,0.0,0,0,9
37161,-0.0498154981549816,0.0,0,0,9
73809,-0.049438202247191,0.0,0,0,9
38850,-0.048689138576779,0.0,0,0,9
40707,-0.0485981308411214,0.0,0,0,9
80545,-0.0473684210526315,0.0,0,0,9
80336,-0.0466321243523316,0.0,0,0,9
83396,-0.0443989071038252,0.0,0,0,9
76331,-0.0437037037037036,0.0,0,0,9
85922,-0.0425440481306402,0.0,0,0,9
45348,-0.0423076923076922,0.0,0,0,9
83815,-0.042259083728278,0.0,0,0,9
11701,-0.0421666666666666,0.0,0,0,9
78837,-0.0419607843137255,0.0,0,0,9
15667,-0.0415450643776824,0.0,0,0,9
79571,-0.0407407407407407,0.0,0,0,9
84162,-0.04,0.0,0,0,9
79080,-0.04,0.0,0,0,9
12781,-0.0499999999999999,0.0,0,0,9
81678,-0.03905540417802,0.0,0,0,9
10913,-0.0505077498663816,0.0,0,0,9
21135,-0.0509059534081104,0.0,0,0,9
84390,-0.0632183908045975,0.0,0,0,9
65939,-0.0630857966834895,0.0,0,0,9
80130,-0.0626748740906547,0.0,0,0,9
79303,-0.0609306996986943,0.0,0,0,9
58819,-0.060702875399361,0.0,0,0,9
81560,-0.0592334494773518,0.0,0,0,9
16505,-0.058653846153846,0.0,0,0,9
79189,-0.0585443037974683,0.0,0,0,9
77507,-0.0576131687242799,0.0,0,0,9
78263,-0.0559440559440559,0.0,0,0,9
80498,-0.0555555555555555,0.0,0,0,9
86685,-0.0548628428927679,0.0,0,0,9
22859,-0.0542763157894736,0.0,0,0,9
39693,-0.0535211267605634,0.0,0,0,9
79133,-0.0534591194968553,0.0,0,0,9
81148,-0.0528455284552845,0.0,0,0,9
29938,-0.05234375,0.0,0,0,9
76266,-0.0516795865633075,0.0,0,0,9
81019,-0.0515463917525773,0.0,0,0,9
62308,-0.0505128205128204,0.0,0,0,9
77585,0.0038709677419355,0.0,0,0,9
79031,-0.046242774566474,0.0,0,0,9
80072,0.0047058823529411,-0.0,0,0,9
69649,0.0766114180478823,-0.0,0,0,9
25582,0.0773098680075423,-0.0,0,0,9
83827,0.0774891774891775,-0.0,0,0,9
26614,0.0783034257748775,-0.0,0,0,9
85281,0.0793969849246232,-0.0,0,0,9
68304,0.0797840431913616,-0.0,0,0,9
54624,0.0804597701149425,-0.0,0,0,9
59483,0.0816125860373648,-0.0,0,0,9
60506,0.0764214387609536,-0.0,0,0,9
35503,0.0823529411764705,-0.0,0,0,9
43772,0.0858218318695107,-0.0,0,0,9
50286,0.0877802336596147,-0.0,0,0,9
80179,0.0887728459530028,-0.0,0,0,9
26470,0.0888888888888888,-0.0,0,0,9
24010,0.0925196850393701,-0.0,0,0,9
76504,0.0929671553163851,-0.0,0,0,9
52936,0.0944584382871536,-0.0,0,0,9
61313,0.0947258848022207,-0.0,0,0,9
52898,0.0853008377760853,-0.0,0,0,9
88015,0.0763990267639902,-0.0,0,0,9
19271,0.0756972111553784,-0.0,0,0,9
81200,0.0748560460652592,-0.0,0,0,9
81285,0.0527272727272727,-0.0,0,0,9
44951,0.0548690064260999,-0.0,0,0,9
26606,0.0578364869689396,-0.0,0,0,9
81260,0.0588235294117647,-0.0,0,0,9
66587,0.0591928251121076,-0.0,0,0,9
22592,0.060772357723577,-0.0,0,0,9
65656,0.0613772455089822,-0.0,0,0,9
11018,0.0622583139984531,-0.0,0,0,9
77608,0.0626271761248022,-0.0,0,0,9
21928,0.0626398210290828,-0.0,0,0,9
17929,0.066420664206642,-0.0,0,0,9
79728,0.0674157303370786,-0.0,0,0,9
37568,0.067638888888889,-0.0,0,0,9
46877,0.0678856253647151,-0.0,0,0,9
80122,0.0684210526315789,-0.0,0,0,9
35263,0.0705987488829313,-0.0,0,0,9
67838,0.0707509881422925,-0.0,0,0,9
84806,0.0727699530516432,-0.0,0,0,9
12570,0.0734375,-0.0,0,0,9
42286,0.095982142857143,-0.0,0,0,9
80979,0.0521472392638036,-0.0,0,0,9
10225,0.1,-0.0,0,0,9
10037,0.1048951048951047,-0.0,0,0,9
89915,0.1738726173872615,-0.0,0,0,9
76489,0.1801919720767888,-0.0,0,0,9
10026,0.1808,-0.0,0,0,9
53604,0.1855670103092783,-0.0,0,0,9
10252,0.1932515337423312,-0.0,0,0,9
75241,0.1953619114546734,-0.0,0,0,9
77405,0.1999999999999999,-0.0,0,0,9
11378,0.21419185282523,-0.0,0,0,9
79964,0.1521739130434782,-0.0,0,0,9
83434,0.2214611872146119,-0.0,0,0,9
10397,0.2948564593301435,-0.0,0,0,9
42585,0.3040935672514622,-0.0,0,0,9
41371,0.3108843537414967,-0.0,0,0,9
54675,0.3517241379310345,-0.0,0,0,9
55993,0.3666666666666667,-0.0,0,0,9
61955,0.3676731793960923,-0.0,0,0,9
71837,0.532,-0.0,0,0,9
37807,0.0038875598086125,-0.0,0,0,9
76081,0.2820512820512819,-0.0,0,0,9
79693,0.1507936507936509,-0.0,0,0,9
57780,0.1494252873563217,-0.0,0,0,9
66878,0.1475409836065575,-0.0,0,0,9
78068,0.1069651741293531,-0.0,0,0,9
83469,0.1081390905617118,-0.0,0,0,9
42534,0.1085223789086449,-0.0,0,0,9
37284,0.1109243697478992,-0.0,0,0,9
67193,0.1115618661257606,-0.0,0,0,9
79199,0.1200000000000001,-0.0,0,0,9
42307,0.1233766233766233,-0.0,0,0,9
73219,0.1271676300578033,-0.0,0,0,9
10205,0.1285574092247301,-0.0,0,0,9
11478,0.1288025889967639,-0.0,0,0,9
10777,0.1299435028248587,-0.0,0,0,9
75616,0.1304,-0.0,0,0,9
82843,0.1311747613117475,-0.0,0,0,9
51457,0.1313636363636363,-0.0,0,0,9
11267,0.1330213903743313,-0.0,0,0,9
62834,0.1333333333333333,-0.0,0,0,9
76279,0.1385964912280701,-0.0,0,0,9
75906,0.1410788381742738,-0.0,0,0,9
59045,0.1422222222222222,-0.0,0,0,9
44134,0.1021303258145363,-0.0,0,0,9
14656,0.0514044943820224,-0.0,0,0,9
71942,0.0999999999999998,-0.0,0,0,9
80569,0.0491803278688525,-0.0,0,0,9
79851,0.0159010600706712,-0.0,0,0,9
32870,0.0160880609652835,-0.0,0,0,9
84402,0.016282225237449,-0.0,0,0,9
26825,0.0166666666666666,-0.0,0,0,9
19289,0.0172043010752687,-0.0,0,0,9
64450,0.0178692603483374,-0.0,0,0,9
82710,0.0180995475113121,-0.0,0,0,9
93105,0.0185714285714284,-0.0,0,0,9
81206,0.0188679245283018,-0.0,0,0,9
77029,0.0189810189810188,-0.0,0,0,9
60580,0.0190023752969119,-0.0,0,0,9
11006,0.0192307692307691,-0.0,0,0,9
66799,0.0193133047210301,-0.0,0,0,9
75856,0.0198,-0.0,0,0,9
56274,0.0200445434298439,-0.0,0,0,9
46674,0.0200878844946641,-0.0,0,0,9
77667,0.020107238605898,-0.0,0,0,9
81590,0.0205536912751678,-0.0,0,0,9
75550,0.0209567198177675,-0.0,0,0,9
83504,0.0148514851485148,-0.0,0,0,9
76050,0.0214285714285715,-0.0,0,0,9
53859,0.0148484848484848,-0.0,0,0,9
90086,0.0137404580152673,-0.0,0,0,9
85325,0.0055555555555555,-0.0,0,0,9
79507,0.0505252626313157,-0.0,0,0,9
23393,0.0058027079303675,-0.0,0,0,9
42219,0.0059171597633136,-0.0,0,0,9
80964,0.0059459459459458,-0.0,0,0,9
48531,0.0060286360211001,-0.0,0,0,9
10916,0.0061475409836067,-0.0,0,0,9
79073,0.0068649885583522,-0.0,0,0,9
48960,0.0071620411817368,-0.0,0,0,9
11369,0.0074074074074073,-0.0,0,0,9
43588,0.0075409836065574,-0.0,0,0,9
13928,0.0087133852428624,-0.0,0,0,9
59408,0.0101027397260273,-0.0,0,0,9
48961,0.0102459016393443,-0.0,0,0,9
12106,0.0103092783505156,-0.0,0,0,9
86124,0.0110701107011068,-0.0,0,0,9
82469,0.011715481171548,-0.0,0,0,9
84176,0.0124774257100641,-0.0,0,0,9
38033,0.0131108462455302,-0.0,0,0,9
79131,0.0138248847926267,-0.0,0,0,9
77037,0.0217028380634389,-0.0,0,0,9
15318,0.0156388315137208,-0.0,0,0,9
82665,0.0221686746987952,-0.0,0,0,9
23182,0.0381471389645775,-0.0,0,0,9
84069,0.0384615384615383,-0.0,0,0,9
10901,0.0393442622950819,-0.0,0,0,9
10449,0.0399999999999998,-0.0,0,0,9
78830,0.04,-0.0,0,0,9
76839,0.04,-0.0,0,0,9
34833,0.0402629416598192,-0.0,0,0,9
78950,0.0403726708074534,-0.0,0,0,9
18570,0.0403761061946903,-0.0,0,0,9
44688,0.0416666666666667,-0.0,0,0,9
16890,0.0423394330821671,-0.0,0,0,9
62033,0.0437317784256559,-0.0,0,0,9
17523,0.0447761194029849,-0.0,0,0,9
14541,0.0448377581120944,-0.0,0,0,9
80701,0.0466230936819171,-0.0,0,0,9
81105,0.0467479674796749,-0.0,0,0,9
84365,0.0474308300395256,-0.0,0,0,9
22517,0.0475460122699384,-0.0,0,0,9
85178,0.0484848484848485,-0.0,0,0,9
28222,0.03784344219803,-0.0,0,0,9
10297,0.0344827586206897,-0.0,0,0,9
43350,0.0484268125854994,-0.0,0,0,9
23975,0.0292887029288704,-0.0,0,0,9
77775,0.0237892948173323,-0.0,0,0,9
64929,0.0242424242424244,-0.0,0,0,9
34948,0.0251141552511415,-0.0,0,0,9
85257,0.0273972602739724,-0.0,0,0,9
20395,0.0344186046511627,-0.0,0,0,9
80808,0.0294117647058822,-0.0,0,0,9
11406,0.0295202952029518,-0.0,0,0,9
77378,0.0301526717557252,-0.0,0,0,9
77526,0.0298596595998805,-0.0,0,0,9
79013,0.03125,-0.0,0,0,9
79734,0.0313901345291478,-0.0,0,0,9
14868,0.0324820788530466,-0.0,0,0,9
47511,0.0327102803738317,-0.0,0,0,9
81709,0.0332378223495704,-0.0,0,0,9
79173,0.0333333333333334,-0.0,0,0,9
15553,0.0340510766149224,-0.0,0,0,9
51706,0.0343976009878286,-0.0,0,0,9
11634,0.0307477288609363,-0.0,0,0,9
83893,0.0237288135593221,-0.0,0,0,9
85298,0.00354609929078,0.0,0,0,10
76110,0.0041425020712508,0.0,0,0,10
75058,0.0036663611365719,0.0,0,0,10
22825,0.0149186256781193,0.0,0,0,10
92663,-0.0047716428084526,0.0,0,0,10
84543,-0.0057121096725057,0.0,0,0,10
47036,-0.0060606060606061,0.0,0,0,10
84345,-0.0047619047619048,0.0,0,0,10
80024,0.0060521415270018,0.0,0,0,10
76691,0.0127226463104326,0.0,0,0,10
84620,0.0071813285457809,0.0,0,0,10
78077,0.0077519379844961,0.0,0,0,10
82207,0.0082938388625593,0.0,0,0,10
83509,0.0085034013605442,0.0,0,0,10
82552,0.0094993892528694,0.0,0,0,10
80025,0.0100033344448149,0.0,0,0,10
11624,0.0115384615384614,0.0,0,0,10
85353,-0.0060771801883924,0.0,0,0,10
85222,0.0127659574468084,0.0,0,0,10
80546,0.0064412238325282,0.0,0,0,10
76614,-0.0062949640287768,0.0,0,0,10
82792,-0.0196078431372548,0.0,0,0,10
11887,-0.008498583569405,0.0,0,0,10
84042,-0.0384615384615385,0.0,0,0,10
81300,-0.0386071158213475,0.0,0,0,10
52337,-0.0357082984073763,0.0,0,0,10
13769,-0.03125,0.0,0,0,10
29621,-0.0308823529411764,0.0,0,0,10
10257,-0.0306946688206786,0.0,0,0,10
84403,-0.0266253869969042,0.0,0,0,10
79588,-0.0255965292841648,0.0,0,0,10
81743,-0.0254003313086692,0.0,0,0,10
77182,-0.0237623762376238,0.0,0,0,10
82717,-0.0198640878201776,0.0,0,0,10
67847,-0.0190311418685121,0.0,0,0,10
80465,-0.0174129353233829,0.0,0,0,10
76951,-0.0171919770773639,0.0,0,0,10
75905,-0.0171875,0.0,0,0,10
80416,-0.0165787490580255,0.0,0,0,10
22518,-0.0163934426229507,0.0,0,0,10
80730,-0.0153846153846152,0.0,0,0,10
75998,-0.0139534883720929,0.0,0,0,10
76194,-0.0074113287453679,0.0,0,0,10
57509,0.0162601626016261,0.0,0,0,10
80310,0.0727272727272727,0.0,0,0,10
10860,0.0175609756097561,0.0,0,0,10
79666,0.0526315789473683,0.0,0,0,10
83820,0.0532813515269656,0.0,0,0,10
81290,0.054089709762533,0.0,0,0,10
10092,0.0552763819095478,0.0,0,0,10
87581,0.057112526539278,0.0,0,0,10
10042,0.0576923076923077,0.0,0,0,10
82738,0.0582278481012656,0.0,0,0,10
84373,0.0596434359805508,0.0,0,0,10
82179,0.0644460535843591,0.0,0,0,10
12062,0.0661719233147806,0.0,0,0,10
81488,0.0671999999999999,0.0,0,0,10
11353,0.0677083333333334,0.0,0,0,10
11292,0.0677966101694913,0.0,0,0,10
76306,0.0680941965463537,0.0,0,0,10
80249,0.0686773255813952,0.0,0,0,10
80658,0.0690647482014388,0.0,0,0,10
65067,0.0702702702702702,0.0,0,0,10
81145,0.0749999999999999,0.0,0,0,10
12173,-0.0396694214876033,0.0,0,0,10
68049,0.0514018691588784,0.0,0,0,10
52329,0.0503205128205128,0.0,0,0,10
75835,0.0475000000000001,0.0,0,0,10
77015,0.0466321243523315,0.0,0,0,10
84839,0.0208333333333334,0.0,0,0,10
76843,0.0211267605633802,0.0,0,0,10
82264,0.0217543859649123,0.0,0,0,10
77790,0.0222222222222221,0.0,0,0,10
83583,0.0223545579477781,0.0,0,0,10
34981,0.0244274809160305,0.0,0,0,10
64135,0.0263007432818753,0.0,0,0,10
79393,0.0263157894736842,0.0,0,0,10
57568,0.0273789649415692,0.0,0,0,10
29736,0.0165484633569741,0.0,0,0,10
81541,0.028,0.0,0,0,10
52039,0.031890660592255,0.0,0,0,10
82699,0.0328895849647612,0.0,0,0,10
10318,0.0339805825242718,0.0,0,0,10
11923,0.0353697749196142,0.0,0,0,10
68591,0.0372534696859021,0.0,0,0,10
84508,0.0427251732101616,0.0,0,0,10
76222,0.0432432432432432,0.0,0,0,10
79742,0.0455331412103745,0.0,0,0,10
27043,0.0459859703819172,0.0,0,0,10
75714,0.02863436123348,0.0,0,0,10
61138,-0.0405594405594406,0.0,0,0,10
72961,-0.3862126245847176,0.0,0,0,10
80362,-0.0413038624693011,0.0,0,0,10
83800,-0.173781512605042,0.0,0,0,10
76779,-0.1704225352112676,0.0,0,0,10
77063,-0.1686832740213524,0.0,0,0,10
84046,-0.1533853441069935,0.0,0,0,10
77854,-0.1499564080209242,0.0,0,0,10
84784,-0.1489361702127659,0.0,0,0,10
71909,-0.1442915582000743,0.0,0,0,10
80044,-0.132791327913279,0.0,0,0,10
82779,-0.1319148936170212,0.0,0,0,10
78876,-0.1278915182132411,0.0,0,0,10
77915,-0.1263157894736841,0.0,0,0,10
82581,-0.1256476683937823,0.0,0,0,10
23799,-0.1243781094527363,0.0,0,0,10
80758,-0.123076923076923,0.0,0,0,10
76177,-0.1166666666666665,0.0,0,0,10
10333,-0.1138790035587188,0.0,0,0,10
76653,-0.1119691119691119,0.0,0,0,10
80740,-0.1102880658436215,0.0,0,0,10
77785,-0.108108108108108,0.0,0,0,10
47271,-0.1830508474576271,0.0,0,0,10
76392,-0.1952631578947369,0.0,0,0,10
81262,-0.1966426858513189,0.0,0,0,10
10693,-0.1992619926199262,0.0,0,0,10
76868,-0.4232081911262799,0.0,0,0,10
76714,-0.4162261549069179,0.0,0,0,10
78209,-0.411764705882353,0.0,0,0,10
83799,0.0764573991031389,0.0,0,0,10
84525,-0.3853211009174312,0.0,0,0,10
84514,-0.3552251135894259,0.0,0,0,10
56937,-0.3518237082066869,0.0,0,0,10
76830,-0.3464052287581699,0.0,0,0,10
56040,-0.3240469208211144,0.0,0,0,10
82307,-0.1056511056511058,0.0,0,0,10
84509,-0.3225806451612902,0.0,0,0,10
82702,-0.3071046600458365,0.0,0,0,10
82272,-0.288060799215494,0.0,0,0,10
83418,-0.2792332268370607,0.0,0,0,10
80012,-0.2769766285430134,0.0,0,0,10
11646,-0.2602739726027396,0.0,0,0,10
19933,-0.2381679389312976,0.0,0,0,10
82846,-0.2289156626506024,0.0,0,0,10
66253,-0.2204968944099379,0.0,0,0,10
84134,-0.2018779342723005,0.0,0,0,10
83475,-0.3165572574762948,0.0,0,0,10
76943,-0.0412698412698413,0.0,0,0,10
76171,-0.104942450914015,0.0,0,0,10
11306,-0.1036269430051813,0.0,0,0,10
84396,-0.0627480916030533,0.0,0,0,10
77660,-0.0617848970251717,0.0,0,0,10
83931,-0.060956191564937,0.0,0,0,10
72611,-0.0606060606060605,0.0,0,0,10
80193,-0.0602880658436213,0.0,0,0,10
76526,-0.0602409638554217,0.0,0,0,10
77327,-0.0597014925373134,0.0,0,0,10
11343,-0.0589887640449438,0.0,0,0,10
76995,-0.0555555555555554,0.0,0,0,10
46463,-0.05327868852459,0.0,0,0,10
11927,-0.0528683914510687,0.0,0,0,10
77787,-0.0519662921348315,0.0,0,0,10
75233,-0.0498362189985962,0.0,0,0,10
15456,-0.0491803278688525,0.0,0,0,10
84325,-0.0477707006369426,0.0,0,0,10
83478,-0.0467625899280575,0.0,0,0,10
11794,-0.0448979591836735,0.0,0,0,10
84062,-0.0425531914893617,0.0,0,0,10
10080,-0.0414746543778801,0.0,0,0,10
63715,-0.0644591611479027,0.0,0,0,10
39766,-0.0654715085626173,0.0,0,0,10
83828,-0.0660714285714286,0.0,0,0,10
84023,-0.0676056338028168,0.0,0,0,10
12169,-0.1012886597938144,0.0,0,0,10
83669,-0.0993333333333333,0.0,0,0,10
79873,-0.0992366412213739,0.0,0,0,10
26650,-0.0939759036144578,0.0,0,0,10
46076,-0.0921052631578946,0.0,0,0,10
76619,-0.0915254237288135,0.0,0,0,10
78468,-0.0901639344262295,0.0,0,0,10
76336,-0.0881226053639847,0.0,0,0,10
80756,-0.0877419354838708,0.0,0,0,10
81540,-0.1041578576462297,0.0,0,0,10
26201,-0.0835030549898167,0.0,0,0,10
84636,-0.0827697262479871,0.0,0,0,10
79791,-0.0825688073394496,0.0,0,0,10
76755,-0.0816733067729084,0.0,0,0,10
11415,-0.079180369339742,0.0,0,0,10
12171,-0.0716612377850162,0.0,0,0,10
76405,-0.0714285714285714,0.0,0,0,10
48072,-0.0694444444444444,0.0,0,0,10
81124,-0.0689655172413792,0.0,0,0,10
78065,-0.0679999999999999,0.0,0,0,10
84736,-0.0828237909949971,0.0,0,0,10
80004,0.0765550239234451,0.0,0,0,10
45373,0.1913043478260871,-0.0,0,0,10
80913,0.0815624616140522,-0.0,0,0,10
84529,0.2649572649572649,-0.0,0,0,10
59467,0.2655634357762018,-0.0,0,0,10
11638,0.2662500000000001,-0.0,0,0,10
11509,0.2701162025871519,-0.0,0,0,10
76793,0.2714828897338401,-0.0,0,0,10
10574,0.28,-0.0,0,0,10
78877,0.2831858407079646,-0.0,0,0,10
27705,0.2893867058391479,-0.0,0,0,10
30761,0.2903225806451612,-0.0,0,0,10
83884,0.2995689655172413,-0.0,0,0,10
81760,0.3115183246073298,-0.0,0,0,10
83534,0.3138663335415363,-0.0,0,0,10
77555,0.3139801375095492,-0.0,0,0,10
79795,0.3184957789716041,-0.0,0,0,10
77830,0.3205282112845138,-0.0,0,0,10
76791,0.3272117962466487,-0.0,0,0,10
79678,0.3280675973548861,-0.0,0,0,10
75526,0.3290322580645159,-0.0,0,0,10
75976,0.3307786099982583,-0.0,0,0,10
84742,0.2554216867469878,-0.0,0,0,10
80563,0.2487804878048782,-0.0,0,0,10
11552,0.2455542943624669,-0.0,0,0,10
81705,0.2404597701149424,-0.0,0,0,10
48291,0.2094048493754594,-0.0,0,0,10
33137,0.2127450980392158,-0.0,0,0,10
23318,0.2129817444219068,-0.0,0,0,10
76661,0.2175953079178885,-0.0,0,0,10
79839,0.2189400521285838,-0.0,0,0,10
22374,0.2193627450980391,-0.0,0,0,10
79960,0.2218045112781954,-0.0,0,0,10
65083,0.2222222222222223,-0.0,0,0,10
78071,0.2253164556962024,-0.0,0,0,10
48696,0.3331632653061223,-0.0,0,0,10
83189,0.2262626262626261,-0.0,0,0,10
84060,0.2297833384192857,-0.0,0,0,10
83405,0.230201066885515,-0.0,0,0,10
10507,0.2307692307692308,-0.0,0,0,10
83863,0.2314465408805031,-0.0,0,0,10
87637,0.2333887043189368,-0.0,0,0,10
53453,0.2354456345645053,-0.0,0,0,10
43290,0.236619718309859,-0.0,0,0,10
75888,0.2378025355359199,-0.0,0,0,10
44821,0.2394668959587271,-0.0,0,0,10
42981,0.2272727272727273,-0.0,0,0,10
77074,0.2091743119266054,-0.0,0,0,10
76548,0.335016835016835,-0.0,0,0,10
75494,0.3418367346938775,-0.0,0,0,10
83592,0.4782608695652173,-0.0,0,0,10
83529,0.4968553459119498,-0.0,0,0,10
11587,0.5006485084306096,-0.0,0,0,10
50279,0.5049450549450549,-0.0,0,0,10
76374,0.506024096385542,-0.0,0,0,10
10645,0.5117647058823529,-0.0,0,0,10
83664,0.5217391304347827,-0.0,0,0,10
43757,0.5288220551378446,-0.0,0,0,10
81761,0.5302782324058919,-0.0,0,0,10
77207,0.5450928381962865,-0.0,0,0,10
66472,0.55,-0.0,0,0,10
75721,0.596774193548387,-0.0,0,0,10
75860,0.6011049723756905,-0.0,0,0,10
84577,0.6266666666666667,-0.0,0,0,10
34228,0.6852360470539463,-0.0,0,0,10
75755,0.7,-0.0,0,0,10
71191,0.7884057971014491,-0.0,0,0,10
85225,1.388235294117647,-1.0,0,-1,10
61787,-0.4366096866096866,0.0,0,0,10
88592,0.4492753623188408,-0.0,0,0,10
77982,0.4393939393939394,-0.0,0,0,10
75066,0.4329268292682928,-0.0,0,0,10
82485,0.4244008714596949,-0.0,0,0,10
53640,0.3435700575815739,-0.0,0,0,10
80534,0.3447064726542901,-0.0,0,0,10
76706,0.3642384105960266,-0.0,0,0,10
79392,0.3693617021276596,-0.0,0,0,10
75684,0.3698949824970827,-0.0,0,0,10
11781,0.3725490196078431,-0.0,0,0,10
24097,0.3725806451612903,-0.0,0,0,10
65008,0.3737373737373737,-0.0,0,0,10
77701,0.3812500000000001,-0.0,0,0,10
76966,0.3390313390313391,-0.0,0,0,10
20678,0.3815789473684212,-0.0,0,0,10
10659,0.3888888888888888,-0.0,0,0,10
38149,0.3943661971830987,-0.0,0,0,10
10143,0.4055384615384616,-0.0,0,0,10
83958,0.4065116279069767,-0.0,0,0,10
85404,0.4141414141414141,-0.0,0,0,10
83383,0.4159113796576033,-0.0,0,0,10
11881,0.4166666666666667,-0.0,0,0,10
83495,0.4180000000000001,-0.0,0,0,10
76627,0.4183673469387754,-0.0,0,0,10
61508,0.3822222222222222,-0.0,0,0,10
75545,0.0799031476997578,-0.0,0,0,10
82518,0.2089552238805969,-0.0,0,0,10
60581,0.2037037037037035,-0.0,0,0,10
76478,0.1148594377510041,-0.0,0,0,10
74203,0.1153846153846152,-0.0,0,0,10
79518,0.1174242424242424,-0.0,0,0,10
10876,0.1198067632850241,-0.0,0,0,10
50550,0.123076923076923,-0.0,0,0,10
79847,0.123076923076923,-0.0,0,0,10
79171,0.1244444444444443,-0.0,0,0,10
31668,0.1254901960784316,-0.0,0,0,10
79785,0.12661028585939,-0.0,0,0,10
63335,0.1271676300578035,-0.0,0,0,10
76605,0.1286155032780562,-0.0,0,0,10
79265,0.1289300511820619,-0.0,0,0,10
16715,0.1306990881458967,-0.0,0,0,10
85323,0.1309090909090908,-0.0,0,0,10
80804,0.1315165876777253,-0.0,0,0,10
38295,0.133522727272727,-0.0,0,0,10
51086,0.1342657342657343,-0.0,0,0,10
77595,0.1356832448092708,-0.0,0,0,10
31070,0.136049723756906,-0.0,0,0,10
79411,0.109375,-0.0,0,0,10
17743,0.1085416666666667,-0.0,0,0,10
83575,0.1080882352941177,-0.0,0,0,10
78867,0.1080152671755725,-0.0,0,0,10
14526,0.0821705426356589,-0.0,0,0,10
77629,0.0844115834873691,-0.0,0,0,10
10909,0.0858585858585858,-0.0,0,0,10
45137,0.0861344537815127,-0.0,0,0,10
80378,0.0909090909090908,-0.0,0,0,10
52484,0.0913539967373573,-0.0,0,0,10
79909,0.0931952662721895,-0.0,0,0,10
77478,0.094320823646629,-0.0,0,0,10
78189,0.0958904109589042,-0.0,0,0,10
76383,0.1379310344827586,-0.0,0,0,10
79338,0.0962025316455696,-0.0,0,0,10
77447,0.09975,-0.0,0,0,10
76837,0.1008379081190407,-0.0,0,0,10
77099,0.1008532423208192,-0.0,0,0,10
84563,0.1010928961748631,-0.0,0,0,10
78963,0.1040339702760084,-0.0,0,0,10
37234,0.1048387096774192,-0.0,0,0,10
63686,0.1050809794453229,-0.0,0,0,10
84211,0.1052631578947367,-0.0,0,0,10
56063,0.1078717201166181,-0.0,0,0,10
81736,0.0984251968503937,-0.0,0,0,10
10044,0.2072368421052632,-0.0,0,0,10
20512,0.1381266008049764,-0.0,0,0,10
80833,0.1392405063291137,-0.0,0,0,10
76693,0.1735419630156471,-0.0,0,0,10
75801,0.1741424802110818,-0.0,0,0,10
83621,0.175910364145658,-0.0,0,0,10
76695,0.1760503000857387,-0.0,0,0,10
33647,0.1764359351988216,-0.0,0,0,10
76100,0.1789600967351874,-0.0,0,0,10
19968,0.1799999999999999,-0.0,0,0,10
84606,0.1809954751131222,-0.0,0,0,10
84531,0.1823529411764706,-0.0,0,0,10
12236,0.1845303867403314,-0.0,0,0,10
79502,0.1858108108108107,-0.0,0,0,10
82740,0.1862745098039215,-0.0,0,0,10
84411,0.188118811881188,-0.0,0,0,10
81128,0.189375,-0.0,0,0,10
81103,0.1900369003690036,-0.0,0,0,10
65752,0.1904761904761904,-0.0,0,0,10
77095,0.1967871485943773,-0.0,0,0,10
80254,0.2010785824345144,-0.0,0,0,10
45277,0.2011764705882353,-0.0,0,0,10
76934,0.1727272727272728,-0.0,0,0,10
79580,0.1714418604651162,-0.0,0,0,10
80165,0.1696252465483234,-0.0,0,0,10
77887,0.1691022964509394,-0.0,0,0,10
84291,0.1405405405405404,-0.0,0,0,10
80634,0.1425414364640882,-0.0,0,0,10
76544,0.1433962264150943,-0.0,0,0,10
78147,0.1434735706580368,-0.0,0,0,10
58560,0.1445945945945945,-0.0,0,0,10
82605,0.1447084233261339,-0.0,0,0,10
74908,0.148936170212766,-0.0,0,0,10
82991,0.1499999999999999,-0.0,0,0,10
83906,0.1516314779270633,-0.0,0,0,10
79252,0.1391304347826087,-0.0,0,0,10
80023,0.152755905511811,-0.0,0,0,10
76999,0.1541135573580532,-0.0,0,0,10
77238,0.1555555555555556,-0.0,0,0,10
79491,0.1577608142493638,-0.0,0,0,10
80560,0.1580128205128206,-0.0,0,0,10
79910,0.1580611169652266,-0.0,0,0,10
65226,0.1611510791366905,-0.0,0,0,10
83918,0.1622093023255812,-0.0,0,0,10
74406,0.164360819037078,-0.0,0,0,10
73796,0.1679999999999999,-0.0,0,0,10
11144,0.1532646048109966,-0.0,0,0,10
26332,-0.4408580183861083,1.0,1,0,10
