Firm Name,Momentum_1,Long Short,Long,Short,Cluster Index
90608,11.190476190476192,-0.0,0,0,1
88246,-0.0038022813688212,0.0,0,0,1
71862,0.0,0.0,0,0,1
80926,0.0,0.0,0,0,1
39731,0.0,0.0,0,0,1
77973,0.0010952902519167,0.0,0,0,1
80114,0.0014925373134329,0.0,0,0,1
88379,0.0174165457184325,0.0,0,0,1
53663,0.0200885257065033,0.0,0,0,1
91364,0.0208333333333332,0.0,0,0,1
88485,0.0321285140562248,0.0,0,0,1
77521,0.0364583333333332,0.0,0,0,1
77668,0.0376271837204835,0.0,0,0,1
76355,0.038,0.0,0,0,1
56710,0.0381355932203388,0.0,0,0,1
88740,0.0390625,0.0,0,0,1
79573,0.0490693739424705,0.0,0,0,1
83123,0.0494296577946768,0.0,0,0,1
79637,0.0559338521400778,0.0,0,0,1
81530,0.0576923076923077,0.0,0,0,1
24193,0.0602739726027397,0.0,0,0,1
91041,0.0613382899628252,0.0,0,0,1
91299,-0.0100005000250013,0.0,0,0,1
89741,0.0643548421707689,0.0,0,0,1
87342,-0.0136986301369863,0.0,0,0,1
87601,-0.0153846153846153,0.0,0,0,1
87499,-0.39258114374034,0.0,0,0,1
90098,-0.1967213114754098,0.0,0,0,1
83965,-0.1840277777777776,0.0,0,0,1
91354,-0.174061433447099,0.0,0,0,1
79588,-0.1138079827400215,0.0,0,0,1
85320,-0.0956295382929167,0.0,0,0,1
83756,-0.0899122807017543,0.0,0,0,1
89386,-0.0798569725864124,0.0,0,0,1
90739,-0.0666666666666667,0.0,0,0,1
40970,-0.0664924119168911,0.0,0,0,1
83704,-0.0645483870967741,0.0,0,0,1
60709,-0.0642201834862385,0.0,0,0,1
90176,-0.0603290676416818,0.0,0,0,1
18033,-0.0559322033898305,0.0,0,0,1
87121,-0.0508982035928143,0.0,0,0,1
79322,-0.050574712643678,0.0,0,0,1
81850,-0.0457746478873238,0.0,0,0,1
92583,-0.045766590389016,0.0,0,0,1
78208,-0.0378378378378378,0.0,0,0,1
37154,-0.0298507462686566,0.0,0,0,1
49905,-0.0205198358413132,0.0,0,0,1
86191,-0.0153846153846153,0.0,0,0,1
83149,0.0646470588235295,0.0,0,0,1
89715,-0.0283430232558139,0.0,0,0,1
89620,0.0702702702702702,-0.0,0,0,1
79529,0.2105263157894736,-0.0,0,0,1
65509,0.2206896551724138,-0.0,0,0,1
10116,0.2537878787878787,-0.0,0,0,1
77582,0.263157894736842,-0.0,0,0,1
50286,0.28125,-0.0,0,0,1
80193,0.2956730769230768,-0.0,0,0,1
90280,0.3228346456692914,-0.0,0,0,1
77501,0.3439000960614793,-0.0,0,0,1
90614,0.3455377574370708,-0.0,0,0,1
84519,0.3912756113681428,-0.0,0,0,1
78082,0.4113207547169812,-0.0,0,0,1
89698,0.428921568627451,-0.0,0,0,1
80485,0.4437596302003079,-0.0,0,0,1
51086,0.4503816793893129,-0.0,0,0,1
91491,0.4510489510489512,-0.0,0,0,1
90783,0.4690026954177897,-0.0,0,0,1
83558,0.4809782608695652,-0.0,0,0,1
90029,0.6000000000000001,-0.0,0,0,1
91088,0.6404494382022472,-0.0,0,0,1
87785,1.8980891719745216,-0.0,0,0,1
23887,0.0692307692307694,0.0,0,0,1
84330,0.2095238095238094,-0.0,0,0,1
84553,0.2081218274111675,-0.0,0,0,1
76879,0.3959500215424385,-0.0,0,0,1
75527,0.1790697674418606,-0.0,0,0,1
61496,0.0706214689265536,-0.0,0,0,1
86073,0.1885245901639345,-0.0,0,0,1
81103,0.0735681763719147,-0.0,0,0,1
91073,0.0851282051282051,-0.0,0,0,1
80763,0.0853846153846153,-0.0,0,0,1
78186,0.0865800865800867,-0.0,0,0,1
64785,0.0880281690140845,-0.0,0,0,1
32062,0.0955882352941175,-0.0,0,0,1
76672,0.0972762645914397,-0.0,0,0,1
90207,0.1,-0.0,0,0,1
44230,0.1063829787234043,-0.0,0,0,1
81128,0.0889040861685757,-0.0,0,0,1
77486,0.1507537688442211,-0.0,0,0,1
91412,0.1147826086956522,-0.0,0,0,1
87832,0.1194968553459119,-0.0,0,0,1
83244,0.1204906204906204,-0.0,0,0,1
64486,0.1326530612244898,-0.0,0,0,1
91267,0.1379928315412186,-0.0,0,0,1
11481,0.140722891566265,-0.0,0,0,1
90742,0.1742522756827047,-0.0,0,0,1
91021,0.1559020044543431,-0.0,0,0,1
46834,0.1111111111111111,-0.0,0,0,1
86819,0.1633333333333333,-0.0,0,0,1
80306,0.0465587044534412,0.0,0,0,2
80857,0.0469543147208122,0.0,0,0,2
90478,0.0308056872037914,0.0,0,0,2
47088,0.0542610916054899,0.0,0,0,2
87514,0.0529595015576322,0.0,0,0,2
83509,0.0460157126823794,0.0,0,0,2
22517,0.0358126721763085,0.0,0,0,2
88653,0.0417287630402385,0.0,0,0,2
56945,0.038150289017341,0.0,0,0,2
51377,0.0307116104868914,0.0,0,0,2
23579,0.0572450805008946,0.0,0,0,2
87696,0.0417910447761193,0.0,0,0,2
89530,0.0579243765084473,0.0,0,0,2
10025,0.0790020790020789,0.0,0,0,2
89143,0.05890603085554,0.0,0,0,2
85486,0.0613207547169811,0.0,0,0,2
90482,0.0641803989592368,0.0,0,0,2
21785,0.0660377358490567,0.0,0,0,2
88742,0.0708976558033163,0.0,0,0,2
83399,0.0721649484536082,0.0,0,0,2
76661,0.0726020137784841,0.0,0,0,2
21936,0.0742331288343558,0.0,0,0,2
86544,0.0751295336787565,0.0,0,0,2
76127,0.0790909090909091,0.0,0,0,2
64936,0.028653985071033,0.0,0,0,2
82599,0.0829202343397927,0.0,0,0,2
86097,0.0588461538461539,0.0,0,0,2
21178,0.0274838330393885,0.0,0,0,2
10645,-0.0728902953586498,0.0,0,0,2
65365,0.0145833333333333,0.0,0,0,2
42455,0.0844306738962044,0.0,0,0,2
85168,-0.1347113328581609,0.0,0,0,2
89409,-0.1303703703703703,0.0,0,0,2
78050,-0.0894819466248038,0.0,0,0,2
90778,-0.0820895522388059,0.0,0,0,2
31051,-0.0721755781411105,0.0,0,0,2
22753,-0.0670170827858082,0.0,0,0,2
86113,-0.0585862068965515,0.0,0,0,2
85586,-0.0466666666666666,0.0,0,0,2
79315,-0.0451776649746192,0.0,0,0,2
83148,-0.0447284345047922,0.0,0,0,2
80012,-0.0372093023255813,0.0,0,0,2
14868,0.0185185185185186,0.0,0,0,2
10272,-0.0356275303643723,0.0,0,0,2
89606,-0.0260416666666666,0.0,0,0,2
41574,-0.022525,0.0,0,0,2
81670,-0.019108280254777,0.0,0,0,2
88926,-0.0172443524745645,0.0,0,0,2
78216,-0.0074441687344912,0.0,0,0,2
77274,-0.0071232876712328,0.0,0,0,2
87532,-0.0039447731755425,0.0,0,0,2
87437,0.0,0.0,0,0,2
80955,0.0028571428571428,0.0,0,0,2
87602,0.0047095761381477,0.0,0,0,2
90925,0.0133333333333334,0.0,0,0,2
76060,0.0142543859649124,0.0,0,0,2
10901,-0.0302066772655007,0.0,0,0,2
82779,0.0896860986547085,0.0,0,0,2
71191,0.0546791890823987,0.0,0,0,2
80498,0.0933609958506223,-0.0,0,0,2
10932,0.1939393939393938,-0.0,0,0,2
87394,0.196078431372549,-0.0,0,0,2
87612,0.1976470588235293,-0.0,0,0,2
76644,0.2018103270931908,-0.0,0,0,2
87725,0.2044358727097397,-0.0,0,0,2
89044,0.2080200501253133,-0.0,0,0,2
89524,0.2108626198083067,-0.0,0,0,2
79037,0.2134627046694968,-0.0,0,0,2
90825,0.2136752136752135,-0.0,0,0,2
78877,0.2267992424242424,-0.0,0,0,2
76504,0.2361213915618061,-0.0,0,0,2
89609,0.2530120481927711,-0.0,0,0,2
91096,0.1871727748691101,-0.0,0,0,2
75033,0.2598540145985404,-0.0,0,0,2
87105,0.2701149425287357,-0.0,0,0,2
62368,0.2775090689238211,-0.0,0,0,2
85406,0.08994708994709,-0.0,0,0,2
43334,0.2893617021276595,-0.0,0,0,2
83529,0.2916666666666665,-0.0,0,0,2
84559,0.3101604278074865,-0.0,0,0,2
79611,0.345,-0.0,0,0,2
87471,0.3515825491873396,-0.0,0,0,2
30840,0.3968750000000001,-0.0,0,0,2
88195,0.4248927038626608,-0.0,0,0,2
85464,0.5548245614035088,-0.0,0,0,2
85314,1.1104033970276008,-0.0,0,0,2
10200,0.260752688172043,-0.0,0,0,2
85269,0.1868583162217658,-0.0,0,0,2
76052,0.287859824780976,-0.0,0,0,2
10259,0.1808333333333334,-0.0,0,0,2
90333,0.1847826086956523,-0.0,0,0,2
76591,0.0938682816048446,-0.0,0,0,2
90188,0.0980308219178081,-0.0,0,0,2
60097,0.1061735759021771,-0.0,0,0,2
59467,0.1106976744186045,-0.0,0,0,2
89849,0.1123348017621144,-0.0,0,0,2
90795,0.1237623762376238,-0.0,0,0,2
89850,0.1394557823129252,-0.0,0,0,2
11038,0.1403940886699508,-0.0,0,0,2
78193,0.1413654618473896,-0.0,0,0,2
89301,0.14859437751004,-0.0,0,0,2
47941,0.1510297482837528,-0.0,0,0,2
71985,0.1512287334593571,-0.0,0,0,2
49656,0.1189329381252315,-0.0,0,0,2
89453,0.1586616297895304,-0.0,0,0,2
81620,0.1784633998790077,-0.0,0,0,2
12060,0.1554011370814907,-0.0,0,0,2
42906,0.1773778920308484,-0.0,0,0,2
90404,0.173512154233026,-0.0,0,0,2
89440,0.1720405974913343,-0.0,0,0,2
89407,0.1699779249448123,-0.0,0,0,2
24643,0.1725714285714286,-0.0,0,0,2
89968,0.1681681681681681,-0.0,0,0,2
88668,0.1622162883845126,-0.0,0,0,2
81138,0.1614705882352942,-0.0,0,0,2
90966,0.1602126044039482,-0.0,0,0,2
56063,0.1596909207984547,-0.0,0,0,2
78213,0.0559105431309905,0.0,0,0,3
81584,0.036544850498339,0.0,0,0,3
84808,0.0368349249658934,0.0,0,0,3
24432,0.0396782841823057,0.0,0,0,3
60186,0.0417699115044247,0.0,0,0,3
44506,0.0357698289269052,0.0,0,0,3
10649,0.03601108033241,0.0,0,0,3
54199,0.0596477181745396,0.0,0,0,3
86260,0.0692549842602308,0.0,0,0,3
86881,0.0622489959839356,0.0,0,0,3
84372,0.0681028492008337,0.0,0,0,3
18091,0.0685548760862568,0.0,0,0,3
80759,0.0769704433497537,0.0,0,0,3
44329,0.077492991589908,0.0,0,0,3
82298,0.0325818406423719,0.0,0,0,3
84531,0.0777080062794348,0.0,0,0,3
91432,0.0615883306320907,0.0,0,0,3
88845,0.0300472653612424,0.0,0,0,3
24985,-0.0184540389972144,0.0,0,0,3
87321,0.023936170212766,0.0,0,0,3
90541,-0.0926462072958888,0.0,0,0,3
76711,-0.068462401795735,0.0,0,0,3
26201,-0.0641436277815239,0.0,0,0,3
87361,-0.0445859872611464,0.0,0,0,3
82720,-0.0362903225806451,0.0,0,0,3
79839,-0.023251717456403,0.0,0,0,3
76980,-0.0126582278481013,0.0,0,0,3
23835,-0.0083170254403132,0.0,0,0,3
23501,-0.005449591280654,0.0,0,0,3
76195,-0.003993610223642,0.0,0,0,3
52936,0.0016301816488122,0.0,0,0,3
86021,0.0022749893359874,0.0,0,0,3
91397,0.0176991150442478,0.0,0,0,3
76639,0.01921802518224,0.0,0,0,3
86305,0.0217222653219548,0.0,0,0,3
77259,0.0237857142857143,0.0,0,0,3
51423,0.0239197530864196,0.0,0,0,3
63773,0.0243834080717488,0.0,0,0,3
41929,0.0819526627218936,0.0,0,0,3
83414,0.0860341779611078,-0.0,0,0,3
81736,0.0841940532081377,-0.0,0,0,3
84262,0.1458985597996243,-0.0,0,0,3
83832,0.1507246376811595,-0.0,0,0,3
34817,0.1611022787493374,-0.0,0,0,3
91080,0.1628140703517588,-0.0,0,0,3
85724,0.1652613827993254,-0.0,0,0,3
76736,0.1717557251908394,-0.0,0,0,3
10501,0.1792407496395964,-0.0,0,0,3
84364,0.1447339122689823,-0.0,0,0,3
80795,0.1804087385482735,-0.0,0,0,3
52329,0.1909090909090909,-0.0,0,0,3
30402,0.2159841479524438,-0.0,0,0,3
11547,0.2287308228730822,-0.0,0,0,3
10443,0.2491265788766459,-0.0,0,0,3
12248,0.2641509433962263,-0.0,0,0,3
86827,0.3793933558016369,-0.0,0,0,3
63503,0.0821782178217822,0.0,0,0,3
22779,0.1840731070496084,-0.0,0,0,3
85675,0.1385869565217392,-0.0,0,0,3
82607,0.2062499999999998,-0.0,0,0,3
77256,0.1377049180327869,-0.0,0,0,3
77683,0.0868292682926832,-0.0,0,0,3
75186,0.138389886892881,-0.0,0,0,3
82837,0.0890850722311396,-0.0,0,0,3
45373,0.0894568690095847,-0.0,0,0,3
75320,0.0908693752730449,-0.0,0,0,3
80204,0.0910811450201087,-0.0,0,0,3
90038,0.0921462999716473,-0.0,0,0,3
29867,0.0927835051546392,-0.0,0,0,3
89070,0.0897279740154284,-0.0,0,0,3
20618,0.1033726350425008,-0.0,0,0,3
76359,0.1047765793528505,-0.0,0,0,3
77595,0.1130505378526487,-0.0,0,0,3
91099,0.1219081272084805,-0.0,0,0,3
83143,0.1260693381359747,-0.0,0,0,3
91501,0.1274976213130352,-0.0,0,0,3
12570,0.1328260869565216,-0.0,0,0,3
63714,0.1010407632263661,-0.0,0,0,3
85792,0.1311754684838162,-0.0,0,0,3
77437,0.0164705882352942,0.0,0,0,4
57745,0.0137499999999999,0.0,0,0,4
80159,0.0126582278481013,0.0,0,0,4
85971,0.0108108108108109,0.0,0,0,4
86916,0.0087719298245614,0.0,0,0,4
79667,0.0092724679029958,0.0,0,0,4
90020,0.0085034013605442,0.0,0,0,4
86959,-0.0069444444444444,0.0,0,0,4
10568,0.0170212765957447,0.0,0,0,4
10514,-0.0115606936416184,0.0,0,0,4
88581,0.0100502512562812,0.0,0,0,4
64742,0.0171919770773638,0.0,0,0,4
86759,0.0365682137834035,0.0,0,0,4
17137,0.0194174757281553,0.0,0,0,4
91215,0.0224719101123596,0.0,0,0,4
65429,0.025531914893617,0.0,0,0,4
52250,0.0312944523470839,0.0,0,0,4
32299,0.0331125827814569,0.0,0,0,4
84215,0.0344827586206897,0.0,0,0,4
90666,0.0370370370370369,0.0,0,0,4
88173,0.0510948905109487,0.0,0,0,4
90466,0.056910569105691,0.0,0,0,4
91283,0.0574712643678161,0.0,0,0,4
82763,-0.0141037735849056,0.0,0,0,4
83844,0.0178853046594982,0.0,0,0,4
71538,-0.0220588235294117,0.0,0,0,4
53373,-0.0947368421052631,0.0,0,0,4
86812,-0.0262008733624454,0.0,0,0,4
90539,0.0590096286107291,0.0,0,0,4
77599,-0.2936507936507936,0.0,0,0,4
63546,-0.2341463414634145,0.0,0,0,4
84607,-0.15234375,0.0,0,0,4
89452,-0.1494991494991495,0.0,0,0,4
74908,-0.1290790817697973,0.0,0,0,4
91359,-0.1164021164021164,0.0,0,0,4
90961,-0.1095890410958904,0.0,0,0,4
10257,-0.0892857142857143,0.0,0,0,4
90489,-0.0687830687830687,0.0,0,0,4
46923,-0.0654202898550724,0.0,0,0,4
90496,-0.0239999999999999,0.0,0,0,4
89109,-0.0614959016393441,0.0,0,0,4
91612,-0.0584415584415585,0.0,0,0,4
88434,-0.0572337042925278,0.0,0,0,4
90192,-0.0554838709677418,0.0,0,0,4
84056,-0.054054054054054,0.0,0,0,4
48020,-0.050131926121372,0.0,0,0,4
77282,-0.0483817427385891,0.0,0,0,4
86249,-0.0470245526425302,0.0,0,0,4
88516,-0.0442477876106193,0.0,0,0,4
87825,-0.0373831775700934,0.0,0,0,4
86744,-0.0341880341880341,0.0,0,0,4
81546,-0.0340395622050406,0.0,0,0,4
29058,-0.0609041716159555,0.0,0,0,4
82508,0.0608453320947515,0.0,0,0,4
10886,0.1341463414634147,-0.0,0,0,4
80587,0.0698775510204081,-0.0,0,0,4
79758,0.1856823266219238,-0.0,0,0,4
91434,0.1875,-0.0,0,0,4
77661,0.1882470119521913,-0.0,0,0,4
82775,0.1900269541778974,-0.0,0,0,4
76999,0.1929133858267715,-0.0,0,0,4
91348,0.2000000000000001,-0.0,0,0,4
91349,0.2119402985074625,-0.0,0,0,4
11891,0.2152209492635024,-0.0,0,0,4
89419,0.2236135957066189,-0.0,0,0,4
88332,0.2273657289002557,-0.0,0,0,4
80303,0.2326807228915663,-0.0,0,0,4
11292,0.1808487084870849,-0.0,0,0,4
16432,0.2395397489539747,-0.0,0,0,4
79797,0.2557632398753893,-0.0,0,0,4
90387,0.2811594202898551,-0.0,0,0,4
84734,0.314516129032258,-0.0,0,0,4
79909,0.3339115351257591,-0.0,0,0,4
80375,0.3631178707224334,-0.0,0,0,4
81588,0.3739130434782609,-0.0,0,0,4
79472,0.3822941176470589,-0.0,0,0,4
89898,0.404040404040404,-0.0,0,0,4
75261,0.4778481012658226,-0.0,0,0,4
12149,0.6940298507462686,-0.0,0,0,4
90400,1.3494526315789472,-0.0,0,0,4
75573,0.2413793103448278,-0.0,0,0,4
63159,0.1799999999999999,-0.0,0,0,4
58318,0.2784184514003294,-0.0,0,0,4
90672,0.1650563607085347,-0.0,0,0,4
84555,0.1746031746031746,-0.0,0,0,4
86890,0.0714285714285714,-0.0,0,0,4
76330,0.0748128342245988,-0.0,0,0,4
77292,0.0778546712802767,-0.0,0,0,4
79802,0.0789473684210526,-0.0,0,0,4
80943,0.0830324909747293,-0.0,0,0,4
69032,0.1124284546197873,-0.0,0,0,4
90916,0.1141868512110726,-0.0,0,0,4
11593,0.1173743016759778,-0.0,0,0,4
84176,0.1240310077519382,-0.0,0,0,4
82552,0.1328671328671327,-0.0,0,0,4
77443,0.0636249999999998,0.0,0,0,4
12758,0.1063017186505408,-0.0,0,0,4
37284,0.1360294117647058,-0.0,0,0,4
85453,0.1612903225806452,-0.0,0,0,4
87750,0.1354679802955667,-0.0,0,0,4
77235,0.1598453539528064,-0.0,0,0,4
64864,0.1560982933787098,-0.0,0,0,4
90980,0.1537242472266244,-0.0,0,0,4
66245,0.1521826191429716,-0.0,0,0,4
27618,0.1525423728813557,-0.0,0,0,4
78071,0.1437908496732025,-0.0,0,0,4
66617,0.1433333333333333,-0.0,0,0,4
57007,0.138900372054568,-0.0,0,0,4
88906,0.1372282608695649,-0.0,0,0,4
59256,0.0220440881763526,0.0,0,0,5
80539,0.0142067876874505,0.0,0,0,5
55213,0.0211102423768569,0.0,0,0,5
90423,0.0036028823058447,0.0,0,0,5
83956,0.0128617363344052,0.0,0,0,5
87053,0.0386100386100387,0.0,0,0,5
67847,0.0603649068322982,0.0,0,0,5
87816,0.0483870967741935,0.0,0,0,5
77182,0.0512948207171313,0.0,0,0,5
82504,0.0592034445640474,0.0,0,0,5
81756,0.0686274509803921,0.0,0,0,5
87752,-0.0048048048048047,0.0,0,0,5
79336,0.0691085003455425,0.0,0,0,5
83659,0.0406091370558376,0.0,0,0,5
88949,-0.0099337748344371,0.0,0,0,5
77175,-0.1409254807692308,0.0,0,0,5
76858,-0.0220125786163523,0.0,0,0,5
91395,0.0728083209509657,0.0,0,0,5
20248,-0.207659873506676,0.0,0,0,5
83303,-0.1699169916991699,0.0,0,0,5
10667,-0.1498842592592593,0.0,0,0,5
88596,-0.1007194244604315,0.0,0,0,5
76732,-0.0756271059528266,0.0,0,0,5
90233,-0.0183606557377048,0.0,0,0,5
91237,-0.074380165289256,0.0,0,0,5
75734,-0.0499609679937549,0.0,0,0,5
86026,-0.0489510489510489,0.0,0,0,5
76686,-0.0474898236092267,0.0,0,0,5
82768,-0.0322595511313886,0.0,0,0,5
78749,-0.024390243902439,0.0,0,0,5
81278,-0.0236980690462259,0.0,0,0,5
77530,-0.0656565656565656,0.0,0,0,5
84311,0.0729927007299269,0.0,0,0,5
61269,0.0806201550387595,-0.0,0,0,5
43634,0.0769230769230768,-0.0,0,0,5
79307,0.0736747529200358,-0.0,0,0,5
80858,0.4924242424242424,-0.0,0,0,5
76020,0.3705523255813951,-0.0,0,0,5
91286,0.3374999999999999,-0.0,0,0,5
90538,0.2728643216080402,-0.0,0,0,5
45306,0.2591472633807077,-0.0,0,0,5
80343,0.236,-0.0,0,0,5
62420,0.224669603524229,-0.0,0,0,5
82567,0.21523178807947,-0.0,0,0,5
90053,0.2129117378071634,-0.0,0,0,5
87074,0.2118666666666666,-0.0,0,0,5
90547,0.2112590799031477,-0.0,0,0,5
90664,0.2106430155210643,-0.0,0,0,5
88172,0.1652754590984975,-0.0,0,0,5
85349,0.149579831932773,-0.0,0,0,5
80918,0.2655086848635233,-0.0,0,0,5
27422,0.1414983904009366,-0.0,0,0,5
80928,0.1468048359240068,-0.0,0,0,5
36898,0.0810772501771792,-0.0,0,0,5
48144,0.0827067669172931,-0.0,0,0,5
84319,0.1026234567901234,-0.0,0,0,5
82162,0.1082113303628262,-0.0,0,0,5
14219,0.110137614678899,-0.0,0,0,5
89252,0.101246105919003,-0.0,0,0,5
82176,0.1163141993957703,-0.0,0,0,5
82702,0.1228364042434393,-0.0,0,0,5
88648,0.1234939759036144,-0.0,0,0,5
90386,0.1290847257134408,-0.0,0,0,5
81614,0.1321100917431192,-0.0,0,0,5
75860,0.1129807692307691,-0.0,0,0,5
38420,0.134137686302342,-0.0,0,0,5
53859,0.0509736540664376,0.0,0,0,6
24766,0.0502594033722438,0.0,0,0,6
87614,0.0497607655502394,0.0,0,0,6
86136,0.0477141145937312,0.0,0,0,6
79507,0.0407993338884262,0.0,0,0,6
15720,0.0449377368706009,0.0,0,0,6
85939,0.0404172099087354,0.0,0,0,6
56274,0.0512104283054002,0.0,0,0,6
42796,0.0306365258774539,0.0,0,0,6
23660,0.0454290521592821,0.0,0,0,6
50278,0.0523520485584219,0.0,0,0,6
12036,0.0636116973168525,0.0,0,0,6
68196,0.0535872453498671,0.0,0,0,6
89110,0.0783582089552237,0.0,0,0,6
17478,0.0556683096549723,0.0,0,0,6
90993,0.0572315882874889,0.0,0,0,6
65402,-0.0337477797513321,0.0,0,0,6
32110,0.0640129101667563,0.0,0,0,6
14198,0.0654185496018937,0.0,0,0,6
60548,0.0707162284678151,0.0,0,0,6
75257,0.0744849445324882,0.0,0,0,6
38658,0.0262965668371075,0.0,0,0,6
38762,0.0531978481769277,0.0,0,0,6
89179,0.0200932902762827,0.0,0,0,6
23114,-0.0048065918974593,0.0,0,0,6
38906,0.0170048309178745,0.0,0,0,6
76478,0.0786773090079819,0.0,0,0,6
73681,-0.0331867253098761,0.0,0,0,6
76544,-0.0311963812197784,0.0,0,0,6
18403,-0.0288548241659152,0.0,0,0,6
79499,-0.0272108843537415,0.0,0,0,6
63132,-0.0268096514745307,0.0,0,0,6
15553,-0.0239586169343859,0.0,0,0,6
51633,-0.02007722007722,0.0,0,0,6
16555,-0.0051332192617939,0.0,0,0,6
64186,-0.004074979625102,0.0,0,0,6
40440,0.020050922978994,0.0,0,0,6
25099,-0.0039014373716633,0.0,0,0,6
47511,0.0017574692442883,0.0,0,0,6
20750,0.0018817204301075,0.0,0,0,6
76477,0.0070355838181572,0.0,0,0,6
83469,0.0095897709110281,0.0,0,0,6
10044,0.0104712041884815,0.0,0,0,6
76697,0.0107407407407407,0.0,0,0,6
38033,0.0115654688145392,0.0,0,0,6
27959,0.0148148148148146,0.0,0,0,6
22859,0.0150019739439399,0.0,0,0,6
87356,0.0156918687589158,0.0,0,0,6
11533,0.0008565310492505,0.0,0,0,6
54253,0.080152671755725,0.0,0,0,6
83304,0.0895008605851981,-0.0,0,0,6
76082,0.0823563054046325,-0.0,0,0,6
79564,0.1208791208791209,-0.0,0,0,6
11731,0.1227488151658766,-0.0,0,0,6
13610,0.1231527093596058,-0.0,0,0,6
89857,0.1233627019089576,-0.0,0,0,6
11581,0.1265340668641559,-0.0,0,0,6
44601,0.1278636121470433,-0.0,0,0,6
87637,0.1293103448275863,-0.0,0,0,6
75104,0.1293768545994065,-0.0,0,0,6
76224,0.1300560049782202,-0.0,0,0,6
84597,0.1350866706515241,-0.0,0,0,6
90988,0.1197698744769875,-0.0,0,0,6
78981,0.1388038942976355,-0.0,0,0,6
89297,0.1666666666666667,-0.0,0,0,6
85059,0.1811659192825112,-0.0,0,0,6
65752,0.1886051080550097,-0.0,0,0,6
80575,0.1948202551217626,-0.0,0,0,6
27633,0.2210623985154256,-0.0,0,0,6
83961,0.2344130964820618,-0.0,0,0,6
81621,0.2677514792899409,-0.0,0,0,6
53197,0.2703232125367287,-0.0,0,0,6
75383,0.375068543227929,-0.0,0,0,6
10382,0.0821368948247076,0.0,0,0,6
11691,0.140780849244799,-0.0,0,0,6
86725,0.1143459492018874,-0.0,0,0,6
75831,0.15625,-0.0,0,0,6
40125,0.1113600717006497,-0.0,0,0,6
37955,0.1142754145638067,-0.0,0,0,6
39693,0.0827658459926663,-0.0,0,0,6
45655,0.0839650145772594,-0.0,0,0,6
60986,0.0840787119856887,-0.0,0,0,6
47888,0.0870165745856352,-0.0,0,0,6
74740,0.0891304347826087,-0.0,0,0,6
45751,0.0901116427432218,-0.0,0,0,6
54827,0.0923076923076922,-0.0,0,0,6
77971,0.0932009167303284,-0.0,0,0,6
80804,0.0827314510833878,-0.0,0,0,6
87445,0.0932371954251616,-0.0,0,0,6
55212,0.088459196102314,-0.0,0,0,6
85926,0.0946236559139783,-0.0,0,0,6
10860,0.0952380952380953,-0.0,0,0,6
50606,0.0967610511305765,-0.0,0,0,6
85020,0.0983050847457627,-0.0,0,0,6
85496,0.0990990990990992,-0.0,0,0,6
88615,0.1022364217252396,-0.0,0,0,6
85796,0.1033402922755741,-0.0,0,0,6
11600,0.1051099611901682,-0.0,0,0,6
75510,0.1071942446043165,-0.0,0,0,6
85959,0.0939271255060729,-0.0,0,0,6
79799,0.1108635097493038,-0.0,0,0,6
80621,0.0182926829268292,0.0,0,0,7
79724,0.0242021276595743,0.0,0,0,7
85517,0.0273825503355704,0.0,0,0,7
26403,0.0273897562311695,0.0,0,0,7
22592,0.0276256251488449,0.0,0,0,7
77165,0.0445004198152811,0.0,0,0,7
48725,0.0282987459771391,0.0,0,0,7
87447,0.0349351204905177,0.0,0,0,7
86003,0.0401579986833444,0.0,0,0,7
49154,0.0560238847910081,0.0,0,0,7
80828,0.0149786019971469,0.0,0,0,7
75825,0.0276559865092747,0.0,0,0,7
66114,0.0132379248658318,0.0,0,0,7
86322,-0.0651819663226507,0.0,0,0,7
89813,-0.0008153946510109,0.0,0,0,7
90467,-0.0058333333333333,0.0,0,0,7
83969,-0.0061022120518687,0.0,0,0,7
92655,-0.0112267250821468,0.0,0,0,7
21231,-0.0135135135135133,0.0,0,0,7
31480,-0.0245901639344261,0.0,0,0,7
11995,-0.0499145299145299,0.0,0,0,7
87856,-0.0557768924302787,0.0,0,0,7
89915,-0.0605517735578645,0.0,0,0,7
76869,-0.0846039474067811,0.0,0,0,7
11426,-0.0999999999999998,0.0,0,0,7
90241,-0.1629116117850952,0.0,0,0,7
83503,0.0561167227833894,0.0,0,0,7
87006,0.0046082949308756,0.0,0,0,7
83233,0.0592060232717317,0.0,0,0,7
89271,0.0768335273573923,-0.0,0,0,7
77236,0.0698400312134219,-0.0,0,0,7
78172,0.0686575495394921,-0.0,0,0,7
85482,0.2098198516425291,-0.0,0,0,7
75326,0.2006849315068495,-0.0,0,0,7
83800,0.1872625474905018,-0.0,0,0,7
71837,0.1764705882352941,-0.0,0,0,7
58421,0.1760752688172042,-0.0,0,0,7
90900,0.159349593495935,-0.0,0,0,7
76081,0.1500169319336268,-0.0,0,0,7
83976,0.1468656716417911,-0.0,0,0,7
69649,0.1401673640167364,-0.0,0,0,7
85593,0.1351103992678184,-0.0,0,0,7
14541,0.1269606026923553,-0.0,0,0,7
61508,0.1244086021505375,-0.0,0,0,7
87242,0.1944444444444444,-0.0,0,0,7
79668,0.1063701923076922,-0.0,0,0,7
76708,0.1173730787144853,-0.0,0,0,7
87075,0.0794183445190155,-0.0,0,0,7
27334,0.0851993446204262,-0.0,0,0,7
77730,0.0878079595704357,-0.0,0,0,7
84780,0.0899022801302931,-0.0,0,0,7
11378,0.082319255547602,-0.0,0,0,7
80362,0.0935893040795337,-0.0,0,0,7
77785,0.1009657594381034,-0.0,0,0,7
52230,0.1038961038961039,-0.0,0,0,7
29209,0.1044824250241855,-0.0,0,0,7
90164,0.0899386175607153,-0.0,0,0,7
27684,0.0776508972267537,-0.0,0,0,7
34367,0.0218140068886336,0.0,0,0,8
88568,0.0360635696821516,0.0,0,0,8
88510,0.021880544056771,0.0,0,0,8
80774,0.0232365145228214,0.0,0,0,8
19561,0.0233652187549004,0.0,0,0,8
46578,0.0237825594563985,0.0,0,0,8
25320,0.0250737463126844,0.0,0,0,8
13901,0.0258333333333333,0.0,0,0,8
49744,0.0274621212121211,0.0,0,0,8
22752,0.0455468523353641,0.0,0,0,8
14008,0.0419434427785159,0.0,0,0,8
91358,0.0422138836772982,0.0,0,0,8
81220,0.0436161776367962,0.0,0,0,8
88895,0.0438871473354232,0.0,0,0,8
89617,0.0471649484536083,0.0,0,0,8
47626,0.0476374903175833,0.0,0,0,8
10001,0.047808764940239,0.0,0,0,8
90747,0.0483333333333333,0.0,0,0,8
90492,0.020316027088036,0.0,0,0,8
79618,0.0372340425531916,0.0,0,0,8
84057,0.0197183098591549,0.0,0,0,8
76148,-0.048995417694748,0.0,0,0,8
76091,0.0194832698009317,0.0,0,0,8
11403,0.0508905852417302,0.0,0,0,8
79922,-0.2591304347826088,0.0,0,0,8
79795,-0.1248600223964164,0.0,0,0,8
86990,-0.1129707112970711,0.0,0,0,8
21020,-0.0899532710280374,0.0,0,0,8
11043,-0.0868596881959912,0.0,0,0,8
90871,-0.062753036437247,0.0,0,0,8
88203,-0.0590277777777777,0.0,0,0,8
16678,-0.0505307855626327,0.0,0,0,8
11748,0.0196987253765932,0.0,0,0,8
87837,-0.040983606557377,0.0,0,0,8
13769,-0.0275526742301459,0.0,0,0,8
76013,-0.013953488372093,0.0,0,0,8
79776,-0.012853470437018,0.0,0,0,8
90609,-0.0050420168067227,0.0,0,0,8
85211,0.0,0.0,0,0,8
14656,0.0042351768809167,0.0,0,0,8
18650,0.0084226646248084,0.0,0,0,8
71271,0.0169958506224066,0.0,0,0,8
40416,0.0175070028011203,0.0,0,0,8
83565,-0.0330188679245284,0.0,0,0,8
46463,0.0511551155115512,0.0,0,0,8
83112,0.124690594059406,-0.0,0,0,8
91461,0.0527210884353741,-0.0,0,0,8
89207,0.1381660470879802,-0.0,0,0,8
90436,0.1412103746397695,-0.0,0,0,8
81055,0.1431641149610529,-0.0,0,0,8
56040,0.1504736129905275,-0.0,0,0,8
86799,0.1615824594852239,-0.0,0,0,8
55001,0.1620087336244542,-0.0,0,0,8
63781,0.1628721541155866,-0.0,0,0,8
87267,0.1692024539877301,-0.0,0,0,8
54114,0.1745589600742805,-0.0,0,0,8
90493,0.1848739495798319,-0.0,0,0,8
91578,0.2024117140396211,-0.0,0,0,8
88817,0.2270850536746491,-0.0,0,0,8
62958,0.2434977578475337,-0.0,0,0,8
20670,0.2490055688146382,-0.0,0,0,8
80534,0.2715033657442034,-0.0,0,0,8
88159,0.4179620034542315,-0.0,0,0,8
91075,0.4743504330446368,-0.0,0,0,8
87589,0.4826732673267326,-0.0,0,0,8
52337,0.6397058823529413,-0.0,0,0,8
86580,0.1316040855316336,-0.0,0,0,8
14702,0.130784708249497,-0.0,0,0,8
29103,0.1831550802139037,-0.0,0,0,8
81691,0.052,0.0,0,0,8
87426,0.1247524752475246,-0.0,0,0,8
64020,0.0555555555555553,-0.0,0,0,8
11510,0.0568475452196381,-0.0,0,0,8
10659,0.0577014783023366,-0.0,0,0,8
87173,0.06,-0.0,0,0,8
86583,0.0661764705882352,-0.0,0,0,8
91608,0.0702247191011236,-0.0,0,0,8
11137,0.0732600732600732,-0.0,0,0,8
86868,0.0769821954656078,-0.0,0,0,8
42614,0.084468664850136,-0.0,0,0,8
84776,0.0701433363830437,-0.0,0,0,8
91117,0.0872483221476509,-0.0,0,0,8
87137,0.1125123990364178,-0.0,0,0,8
89922,0.1125062782521344,-0.0,0,0,8
80353,0.1059602649006621,-0.0,0,0,8
89482,0.1058333333333332,-0.0,0,0,8
83799,0.1203356149260321,-0.0,0,0,8
82638,0.0931780366056571,-0.0,0,0,8
88857,0.0922299431459254,-0.0,0,0,8
83554,0.0883280757097793,-0.0,0,0,8
75694,0.0932245713334443,-0.0,0,0,8
86111,0.0211587897963219,0.0,0,0,9
61815,0.0594461538461539,0.0,0,0,9
11762,0.0530082987551867,0.0,0,0,9
75470,0.049086616130235,0.0,0,0,9
21207,0.0441951385347612,0.0,0,0,9
76138,0.0430985915492958,0.0,0,0,9
15456,0.039745627980922,0.0,0,0,9
77629,0.0328295987493485,0.0,0,0,9
83690,0.031392694063927,0.0,0,0,9
89533,0.0271018793273987,0.0,0,0,9
19880,0.0181437543614793,0.0,0,0,9
91095,-0.0917905623787976,0.0,0,0,9
56777,0.0125470514429109,0.0,0,0,9
63830,0.0082566807954893,0.0,0,0,9
53065,-0.0028169014084508,0.0,0,0,9
25452,-0.0098661028893586,0.0,0,0,9
39538,-0.0158668730650154,0.0,0,0,9
85348,-0.0205670926517571,0.0,0,0,9
81655,-0.051276813074566,0.0,0,0,9
31691,-0.0700587084148727,0.0,0,0,9
78910,-0.0769230769230769,0.0,0,0,9
11976,0.0617117117117118,0.0,0,0,9
76185,0.0171484566389026,0.0,0,0,9
62148,0.0624897220851832,0.0,0,0,9
60871,0.0593363329583802,0.0,0,0,9
10147,0.0656119125174499,-0.0,0,0,9
58975,0.0655571635311143,-0.0,0,0,9
84438,0.2130937098844672,-0.0,0,0,9
57534,0.1995870612525809,-0.0,0,0,9
51960,0.1682127396413109,-0.0,0,0,9
50788,0.1649116847826086,-0.0,0,0,9
87066,0.162874251497006,-0.0,0,0,9
22825,0.1589895988112926,-0.0,0,0,9
10104,0.1573303753004251,-0.0,0,0,9
77787,0.1140035906642726,-0.0,0,0,9
87139,0.1110320284697508,-0.0,0,0,9
10138,0.1064632264700842,-0.0,0,0,9
39029,0.2146118721461187,-0.0,0,0,9
83906,0.0949932341001351,-0.0,0,0,9
78908,0.0949781659388644,-0.0,0,0,9
88868,0.0946761080514031,-0.0,0,0,9
91603,0.0930668332292317,-0.0,0,0,9
76261,0.0787356321839081,-0.0,0,0,9
38149,0.0770998212918048,-0.0,0,0,9
82777,0.0756568007981375,-0.0,0,0,9
76565,0.0707070707070705,-0.0,0,0,9
36281,0.0692803437164339,-0.0,0,0,9
32707,0.0687830687830688,-0.0,0,0,9
76752,0.1008697909905231,-0.0,0,0,9
84342,0.0465013286093889,0.0,0,0,10
17830,0.0458349940215225,0.0,0,0,10
91109,0.0457727517501347,0.0,0,0,10
70500,0.0364389233954451,0.0,0,0,10
77768,0.0371537208039109,0.0,0,0,10
34948,0.036842105263158,0.0,0,0,10
85426,0.0468977570637925,0.0,0,0,10
42024,0.0356933879461673,0.0,0,0,10
76392,0.0387139107611549,0.0,0,0,10
80951,0.0486522024983562,0.0,0,0,10
47379,0.0526315789473685,0.0,0,0,10
11850,0.051178838412881,0.0,0,0,10
88499,0.0518683770217511,0.0,0,0,10
42140,0.0525525525525525,0.0,0,0,10
82587,0.0533834586466164,0.0,0,0,10
90735,0.0579809004092768,0.0,0,0,10
10299,0.061042944785276,0.0,0,0,10
46907,0.0632567507435772,0.0,0,0,10
80439,0.0646341463414634,0.0,0,0,10
91391,0.0690184049079754,0.0,0,0,10
83908,0.0340375586854462,0.0,0,0,10
10145,0.0694025347012672,0.0,0,0,10
61487,0.0503671706263499,0.0,0,0,10
63765,0.033977900552486,0.0,0,0,10
11552,-0.004041764904008,0.0,0,0,10
91507,0.0305059523809523,0.0,0,0,10
88545,0.0720789074355083,0.0,0,0,10
90969,-0.1585760517799351,0.0,0,0,10
87759,-0.09375,0.0,0,0,10
75233,-0.0530344450519408,0.0,0,0,10
83291,-0.0401785714285715,0.0,0,0,10
86993,-0.0326351680467609,0.0,0,0,10
90868,-0.0253388332351207,0.0,0,0,10
77202,-0.0229885057471264,0.0,0,0,10
89471,-0.0228873239436619,0.0,0,0,10
85886,-0.0177383592017738,0.0,0,0,10
59176,-0.0069412309116149,0.0,0,0,10
90220,-0.0060168471720818,0.0,0,0,10
11825,-0.0058207217694995,0.0,0,0,10
11638,-0.0046035805626598,0.0,0,0,10
55976,-0.0029580329081161,0.0,0,0,10
17778,0.0020798668885191,0.0,0,0,10
15560,0.0021680216802166,0.0,0,0,10
27983,0.0052356020942407,0.0,0,0,10
85353,0.005947323704333,0.0,0,0,10
80990,0.0072150072150072,0.0,0,0,10
13856,0.0108308834906389,0.0,0,0,10
87165,0.0158102766798418,0.0,0,0,10
77630,0.0298507462686568,0.0,0,0,10
77087,0.0313351498637601,0.0,0,0,10
81566,0.0722379603399434,0.0,0,0,10
87255,0.048602673147023,0.0,0,0,10
88287,0.0843373493975905,-0.0,0,0,10
84042,0.1544068919814447,-0.0,0,0,10
91625,0.1560693641618498,-0.0,0,0,10
87771,0.1575282854656223,-0.0,0,0,10
82800,0.1624135463868352,-0.0,0,0,10
82547,0.1678082191780823,-0.0,0,0,10
86791,0.1725340945131619,-0.0,0,0,10
10874,0.1749216300940439,-0.0,0,0,10
75272,0.1828665568369027,-0.0,0,0,10
62341,0.1861313868613139,-0.0,0,0,10
85280,0.1884906960716748,-0.0,0,0,10
90732,0.1900600764609503,-0.0,0,0,10
48347,0.1978751660026558,-0.0,0,0,10
75070,0.2013289036544849,-0.0,0,0,10
86778,0.2027491408934707,-0.0,0,0,10
54244,0.2027586206896552,-0.0,0,0,10
79198,0.2227784730913642,-0.0,0,0,10
81241,0.2523299965481533,-0.0,0,0,10
90069,0.3354632587859425,-0.0,0,0,10
87508,0.3955223880597014,-0.0,0,0,10
89497,0.4209445585215607,-0.0,0,0,10
46042,0.4706908583391485,-0.0,0,0,10
90411,0.7034120734908136,-0.0,0,0,10
35705,0.0796178343949045,-0.0,0,0,10
90187,0.1538928210313448,-0.0,0,0,10
56223,0.153658536585366,-0.0,0,0,10
75755,0.3039999999999998,-0.0,0,0,10
10693,0.1505555555555555,-0.0,0,0,10
85002,0.1521739130434782,-0.0,0,0,10
61743,0.0863614912694665,-0.0,0,0,10
17444,0.0937907077724706,-0.0,0,0,10
35107,0.0948905109489051,-0.0,0,0,10
89244,0.0949182242990653,-0.0,0,0,10
89525,0.0965809832792612,-0.0,0,0,10
87415,0.1032171581769436,-0.0,0,0,10
53613,0.1033154491676984,-0.0,0,0,10
10107,0.1050183113926557,-0.0,0,0,10
91522,0.1067710843373492,-0.0,0,0,10
37234,0.1095850379894798,-0.0,0,0,10
19350,0.1117804551539489,-0.0,0,0,10
75034,0.0960506134969325,-0.0,0,0,10
85176,0.1152416356877323,-0.0,0,0,10
79785,0.1145844096449697,-0.0,0,0,10
89312,0.1445783132530118,-0.0,0,0,10
84387,0.1405940594059405,-0.0,0,0,10
32803,0.134390651085142,-0.0,0,0,10
90734,0.1316484345529989,-0.0,0,0,10
91040,0.136551724137931,-0.0,0,0,10
76217,0.1314984709480122,-0.0,0,0,10
20415,0.1240369799691833,-0.0,0,0,10
54704,0.1183261183261183,-0.0,0,0,10
80274,0.1490125673249551,-0.0,0,0,10
65700,0.0275609756097561,0.0,0,0,11
38093,0.0356125356125356,0.0,0,0,11
11884,0.0323110624315443,0.0,0,0,11
75432,0.034914712153518,0.0,0,0,11
90786,0.0236168455821634,0.0,0,0,11
23229,0.0350584307178631,0.0,0,0,11
50789,0.0356018406393798,0.0,0,0,11
44206,0.02508038585209,0.0,0,0,11
64311,0.044041881336214,0.0,0,0,11
43553,0.0398166023166024,0.0,0,0,11
79133,0.0416028027151302,0.0,0,0,11
75591,0.044035228182546,0.0,0,0,11
82855,0.0451784358390281,0.0,0,0,11
89810,0.0456989247311827,0.0,0,0,11
90276,0.0233109442907941,0.0,0,0,11
89866,0.0530706836616454,0.0,0,0,11
23975,0.0535494964382214,0.0,0,0,11
43772,0.03946530872056,0.0,0,0,11
80167,0.0207468879668049,0.0,0,0,11
53480,0.0032021957913999,0.0,0,0,11
87146,0.0190821256038646,0.0,0,0,11
85839,-0.0457296570275722,0.0,0,0,11
23393,0.0577777777777777,0.0,0,0,11
58683,-0.0255255255255255,0.0,0,0,11
50623,-0.0224425887265135,0.0,0,0,11
85726,-0.0218579234972677,0.0,0,0,11
85395,-0.0152380952380952,0.0,0,0,11
59045,-0.0138795612267742,0.0,0,0,11
75517,-0.0055813953488372,0.0,0,0,11
75215,0.0201657458563535,0.0,0,0,11
23931,0.0021276595744681,0.0,0,0,11
78977,0.0055374592833876,0.0,0,0,11
87541,0.0074074074074075,0.0,0,0,11
16600,0.0074786324786324,0.0,0,0,11
29285,0.011770396646243,0.0,0,0,11
64557,0.0141773821299044,0.0,0,0,11
86899,0.0146327995582551,0.0,0,0,11
21928,0.0181718061674007,0.0,0,0,11
48389,0.0190503269832242,0.0,0,0,11
90227,0.0034032898468521,0.0,0,0,11
81678,0.0585468699318845,0.0,0,0,11
70616,0.0661654135338345,-0.0,0,0,11
90870,0.0593656817565735,-0.0,0,0,11
86288,0.0913917330299582,-0.0,0,0,11
83671,0.091626213592233,-0.0,0,0,11
80568,0.0970873786407766,-0.0,0,0,11
80113,0.0979955456570154,-0.0,0,0,11
76868,0.0998050682261209,-0.0,0,0,11
11599,0.1099176512710347,-0.0,0,0,11
45728,0.1174509077436087,-0.0,0,0,11
91579,0.1251846381093058,-0.0,0,0,11
78139,0.1330097087378638,-0.0,0,0,11
90232,0.136909871244635,-0.0,0,0,11
14227,0.1449752883031301,-0.0,0,0,11
34818,0.1471571906354514,-0.0,0,0,11
44274,0.1968397291196388,-0.0,0,0,11
88182,0.2115266707541387,-0.0,0,0,11
41452,0.2591024555461472,-0.0,0,0,11
85372,0.2645360030804777,-0.0,0,0,11
10696,0.0589511754068716,-0.0,0,0,11
89269,0.0898924731182795,-0.0,0,0,11
29612,0.0870147255689424,-0.0,0,0,11
90831,0.1228578961244397,-0.0,0,0,11
59089,0.0783420633113187,-0.0,0,0,11
20512,0.0609974170474865,-0.0,0,0,11
77191,0.0843790566854174,-0.0,0,0,11
17929,0.0643747893495112,-0.0,0,0,11
46674,0.0664727877025344,-0.0,0,0,11
76201,0.0681901953556949,-0.0,0,0,11
60206,0.068959002456074,-0.0,0,0,11
77637,0.0697384806973848,-0.0,0,0,11
82581,0.0699782135076252,-0.0,0,0,11
87268,0.070379746835443,-0.0,0,0,11
21979,0.0695412844036698,-0.0,0,0,11
83272,0.0769230769230768,-0.0,0,0,11
76573,0.0724827812397508,-0.0,0,0,11
16126,0.0735175744566674,-0.0,0,0,11
76837,0.0746725633611158,-0.0,0,0,11
78015,0.0751150558842865,-0.0,0,0,11
41355,0.0756574847313971,-0.0,0,0,11
12062,0.0718029989028403,-0.0,0,0,11
81912,0.0782669461914744,-0.0,0,0,11
87160,0.030905077262693,0.0,0,0,12
88892,0.030706974529874,0.0,0,0,12
20598,0.0300065231572079,0.0,0,0,12
84827,0.0234882558720639,0.0,0,0,12
91161,0.0255009107468122,0.0,0,0,12
87054,0.0235558048233315,0.0,0,0,12
78915,0.0323871906841339,0.0,0,0,12
21135,0.0259285213735109,0.0,0,0,12
79686,0.0369310793237969,0.0,0,0,12
90533,0.066865671641791,0.0,0,0,12
90984,0.0444993819530283,0.0,0,0,12
87333,0.0480225988700564,0.0,0,0,12
20336,-0.2291666666666666,0.0,0,0,12
84737,0.0530642750373691,0.0,0,0,12
81740,0.0554838709677418,0.0,0,0,12
91611,0.0593406593406593,0.0,0,0,12
85502,0.0677966101694915,0.0,0,0,12
80957,0.016,0.0,0,0,12
10463,0.0413385826771652,0.0,0,0,12
89815,0.0125786163522012,0.0,0,0,12
81562,-0.1672862453531597,0.0,0,0,12
86595,0.0024626253078281,0.0,0,0,12
89394,0.0687418936446173,0.0,0,0,12
79066,-0.1912350597609562,0.0,0,0,12
86949,-0.1338241663057601,0.0,0,0,12
89888,-0.1056568489948575,0.0,0,0,12
90893,-0.1030465949820789,0.0,0,0,12
66050,-0.0913921360255046,0.0,0,0,12
11154,-0.0751173708920187,0.0,0,0,12
82747,-0.0583333333333333,0.0,0,0,12
80001,-0.0530973451327432,0.0,0,0,12
89948,-0.0351922815382522,0.0,0,0,12
81575,-0.0348101265822785,0.0,0,0,12
77327,-0.03,0.0,0,0,12
89919,-0.028290282902829,0.0,0,0,12
88457,-0.0129870129870129,0.0,0,0,12
11379,-0.0124999999999999,0.0,0,0,12
83317,-0.011320754716981,0.0,0,0,12
84723,-0.0089766606822263,0.0,0,0,12
78211,0.0,0.0,0,0,12
48531,0.001281503630927,0.0,0,0,12
90287,0.0067307692307692,0.0,0,0,12
85627,0.0694668820678512,0.0,0,0,12
83152,0.0993740219092333,-0.0,0,0,12
87538,0.0744720266765468,-0.0,0,0,12
80924,0.1898540145985401,-0.0,0,0,12
89913,0.1933962264150943,-0.0,0,0,12
86547,0.1973929236499068,-0.0,0,0,12
89208,0.2101449275362319,-0.0,0,0,12
12226,0.2118551042810099,-0.0,0,0,12
86155,0.2140845070422534,-0.0,0,0,12
91605,0.2151852527833546,-0.0,0,0,12
59600,0.2237704918032788,-0.0,0,0,12
90097,0.1875,-0.0,0,0,12
15203,0.2272251308900523,-0.0,0,0,12
79039,0.2357723577235773,-0.0,0,0,12
58836,0.2554744525547443,-0.0,0,0,12
86560,0.332566168009206,-0.0,0,0,12
88417,0.3951612903225807,-0.0,0,0,12
83950,0.5438202247191011,-0.0,0,0,12
77007,0.7507163323782235,-0.0,0,0,12
10333,1.1554621848739497,-0.0,0,0,12
83720,0.0729790419161677,0.0,0,0,12
90756,0.2278745644599304,-0.0,0,0,12
76613,0.1794158553546592,-0.0,0,0,12
33532,0.2292870905587667,-0.0,0,0,12
25487,0.1708051166290445,-0.0,0,0,12
88511,0.1785714285714286,-0.0,0,0,12
79490,0.0761904761904763,-0.0,0,0,12
90568,0.0784615815569063,-0.0,0,0,12
79444,0.0788964181994191,-0.0,0,0,12
84185,0.0820512820512819,-0.0,0,0,12
33137,0.0935251798561151,-0.0,0,0,12
90352,0.1041257367387034,-0.0,0,0,12
89916,0.1092592592592591,-0.0,0,0,12
80719,0.118869936034115,-0.0,0,0,12
90531,0.0904380593499762,-0.0,0,0,12
61241,0.1220850480109738,-0.0,0,0,12
43350,0.1232991768856039,-0.0,0,0,12
43757,0.1365079365079364,-0.0,0,0,12
80557,0.1480241125251173,-0.0,0,0,12
88535,0.1528089887640449,-0.0,0,0,12
85522,0.1549067315490673,-0.0,0,0,12
85663,0.1595310907237512,-0.0,0,0,12
83875,0.161756373937677,-0.0,0,0,12
77090,0.1190580344123652,-0.0,0,0,12
87632,0.170553935860058,-0.0,0,0,12
31500,0.0171601615074024,0.0,0,0,13
17750,0.0185813540151882,0.0,0,0,13
82717,0.0250460405156538,0.0,0,0,13
89290,0.030877192982456,0.0,0,0,13
79841,0.03125,0.0,0,0,13
62308,0.0394988689751174,0.0,0,0,13
26825,0.0375787121673776,0.0,0,0,13
44644,0.0383666143145613,0.0,0,0,13
52038,0.0130944176430047,0.0,0,0,13
48267,0.043554006968641,0.0,0,0,13
75646,0.0362154821186058,0.0,0,0,13
24053,0.0100361300682456,0.0,0,0,13
11775,-0.0332046332046331,0.0,0,0,13
88574,0.0086393088552916,0.0,0,0,13
30681,0.0079225352112675,0.0,0,0,13
77982,0.0058072009291523,0.0,0,0,13
45241,0.0028222013170273,0.0,0,0,13
80563,0.0011392765593847,0.0,0,0,13
75607,-0.0034231284417324,0.0,0,0,13
57154,-0.0136655948553054,0.0,0,0,13
30509,-0.016338028169014,0.0,0,0,13
76625,-0.0278784060481965,0.0,0,0,13
73817,-0.0336262226055936,0.0,0,0,13
49971,-0.0547667342799187,0.0,0,0,13
77862,0.0439793751895662,0.0,0,0,13
13777,0.0089418777943368,0.0,0,0,13
42059,0.0464452516865594,0.0,0,0,13
76744,0.0573498339873226,-0.0,0,0,13
78900,0.0478855721393036,-0.0,0,0,13
82542,0.0469052069082898,-0.0,0,0,13
25419,0.2168493150684931,-0.0,0,0,13
77917,0.1863173216885008,-0.0,0,0,13
85291,0.1834319526627219,-0.0,0,0,13
88284,0.1729441305712491,-0.0,0,0,13
89685,0.152218782249742,-0.0,0,0,13
89546,0.1495440729483284,-0.0,0,0,13
30648,0.1450276243093922,-0.0,0,0,13
87172,0.1319018404907976,-0.0,0,0,13
75285,0.1143465909090908,-0.0,0,0,13
68591,0.1049366761437065,-0.0,0,0,13
89549,0.0971428571428572,-0.0,0,0,13
67193,0.1538213479522734,-0.0,0,0,13
62092,0.0884781753834054,-0.0,0,0,13
21573,0.0909090909090908,-0.0,0,0,13
77780,0.0626349892008639,-0.0,0,0,13
86822,0.0546075085324231,-0.0,0,0,13
43123,0.067311411992263,-0.0,0,0,13
25778,0.0677151594582787,-0.0,0,0,13
84255,0.0634328358208957,-0.0,0,0,13
73139,0.0720702735076861,-0.0,0,0,13
11955,0.0764963503649633,-0.0,0,0,13
50091,0.0786723163841809,-0.0,0,0,13
39642,0.0845630694212753,-0.0,0,0,13
90440,0.068403908794788,-0.0,0,0,13
11081,0.0249621785173979,0.0,0,0,14
83113,0.0257595772787317,0.0,0,0,14
17743,0.0258523791682276,0.0,0,0,14
27677,0.0293299620733247,0.0,0,0,14
11701,0.0294906166219839,0.0,0,0,14
20482,0.0301010535368737,0.0,0,0,14
57330,0.0311627906976745,0.0,0,0,14
87131,0.0494672754946725,0.0,0,0,14
90540,0.0368038740920098,0.0,0,0,14
50876,0.0409982174688057,0.0,0,0,14
27887,0.0426364572605562,0.0,0,0,14
66747,0.05,0.0,0,0,14
91032,0.050785340314136,0.0,0,0,14
76139,0.0509202453987729,0.0,0,0,14
86233,0.0117647058823529,0.0,0,0,14
91547,0.0352480417754568,0.0,0,0,14
11654,-0.1824817518248175,0.0,0,0,14
74932,-0.0390279823269513,0.0,0,0,14
90534,-0.0033534540576795,0.0,0,0,14
87373,0.0531309297912714,0.0,0,0,14
77340,-0.0974477958236658,0.0,0,0,14
60898,-0.0704225352112677,0.0,0,0,14
91171,-0.0637450199203185,0.0,0,0,14
11903,-0.0563883089770355,0.0,0,0,14
77868,-0.0407766990291261,0.0,0,0,14
80237,-0.0346820809248554,0.0,0,0,14
77425,-0.0015094339622641,0.0,0,0,14
76927,-0.033358042994811,0.0,0,0,14
76149,-0.0217485863418878,0.0,0,0,14
50243,-0.0187134502923976,0.0,0,0,14
76978,-0.0161290322580645,0.0,0,0,14
82521,-0.0143964562569213,0.0,0,0,14
60038,-0.0134715025906736,0.0,0,0,14
48506,-0.010808796123742,0.0,0,0,14
88264,-0.0055865921787709,0.0,0,0,14
90833,-0.0234325522482583,0.0,0,0,14
18163,0.05338136564598,0.0,0,0,14
12209,0.0031512605042018,0.0,0,0,14
66093,0.0572148254767901,-0.0,0,0,14
81702,0.1167315175097276,-0.0,0,0,14
68320,0.116751269035533,-0.0,0,0,14
32791,0.1170994610485056,-0.0,0,0,14
65875,0.1177756950952828,-0.0,0,0,14
89636,0.1214235868806699,-0.0,0,0,14
17005,0.1216129032258066,-0.0,0,0,14
76638,0.1477104874446086,-0.0,0,0,14
59774,0.1134163208852006,-0.0,0,0,14
87236,0.1625239005736136,-0.0,0,0,14
90730,0.2117073170731707,-0.0,0,0,14
60468,0.2224938875305624,-0.0,0,0,14
31078,0.2451361867704282,-0.0,0,0,14
91355,0.2490347490347491,-0.0,0,0,14
63335,0.286131386861314,-0.0,0,0,14
21726,0.2946330777656079,-0.0,0,0,14
76076,0.0558455114822546,-0.0,0,0,14
70923,0.1714934696195342,-0.0,0,0,14
85982,0.1111873713109128,-0.0,0,0,14
29050,0.1384725196288365,-0.0,0,0,14
79265,0.1098675620220108,-0.0,0,0,14
88841,0.1111775254034668,-0.0,0,0,14
23799,0.0642857142857142,-0.0,0,0,14
91594,0.0688238315356959,-0.0,0,0,14
90272,0.0735346358792183,-0.0,0,0,14
12052,0.0736873959751851,-0.0,0,0,14
80357,0.0836236933797909,-0.0,0,0,14
11499,0.0856102003642986,-0.0,0,0,14
81665,0.086286594761171,-0.0,0,0,14
88867,0.079477408818726,-0.0,0,0,14
15537,0.0965034965034963,-0.0,0,0,14
88994,0.100691823899371,-0.0,0,0,14
86102,0.1037536904259806,-0.0,0,0,14
81540,0.1059967585089138,-0.0,0,0,14
15069,0.1063639079772931,-0.0,0,0,14
78955,0.1064638783269962,-0.0,0,0,14
88590,0.0895938412529864,-0.0,0,0,14
82515,0.0637092968381309,-0.0,0,0,14
82287,0.0042016806722688,0.0,0,0,15
76671,0.0178372352285396,0.0,0,0,15
90012,0.0045121263395373,0.0,0,0,15
11406,0.0076595744680851,0.0,0,0,15
85744,0.0141206675224647,0.0,0,0,15
83452,0.0146403564608528,0.0,0,0,15
87633,0.0155192996418622,0.0,0,0,15
90464,0.0440658049353701,0.0,0,0,15
84010,0.0315764482431151,0.0,0,0,15
79248,0.0361904761904763,0.0,0,0,15
12490,0.0374662775720147,0.0,0,0,15
91350,0.040870724122612,0.0,0,0,15
11308,0.0411587779009021,0.0,0,0,15
91392,0.0420869565217392,0.0,0,0,15
81184,0.0003197953309881,0.0,0,0,15
15579,0.022012578616352,0.0,0,0,15
10355,0.0,0.0,0,0,15
37381,-0.1743589743589743,0.0,0,0,15
90914,-0.0054538371640047,0.0,0,0,15
72611,0.0446927374301675,0.0,0,0,15
78210,-0.1310344827586206,0.0,0,0,15
85040,-0.0931769147788565,0.0,0,0,15
63811,-0.0684910327767471,0.0,0,0,15
90679,-0.0629486888838509,0.0,0,0,15
45225,-0.0611464968152867,0.0,0,0,15
91233,-0.0545078682023372,0.0,0,0,15
81124,-0.0526315789473683,0.0,0,0,15
13303,-0.0510204081632652,0.0,0,0,15
47619,-0.043956043956044,0.0,0,0,15
65270,-0.0374220374220373,0.0,0,0,15
32678,-0.0298479087452471,0.0,0,0,15
43449,-0.0196679438058747,0.0,0,0,15
82734,-0.0119047619047618,0.0,0,0,15
88352,-0.0097583845035005,0.0,0,0,15
77289,-0.0080971659919028,0.0,0,0,15
90874,-0.007579135086937,0.0,0,0,15
78963,-0.0016597510373445,0.0,0,0,15
88940,0.0466867469879519,0.0,0,0,15
91262,0.0232771260997066,0.0,0,0,15
91598,0.0597357840321652,-0.0,0,0,15
12503,0.131496678389996,-0.0,0,0,15
80969,0.1388235294117645,-0.0,0,0,15
72304,0.1401869158878503,-0.0,0,0,15
48486,0.1405286343612335,-0.0,0,0,15
90856,0.1436525612472159,-0.0,0,0,15
83131,0.1446690447879508,-0.0,0,0,15
11478,0.1466806612437681,-0.0,0,0,15
86083,0.114164904862579,-0.0,0,0,15
88439,0.1492307692307692,-0.0,0,0,15
84302,0.1784872509106492,-0.0,0,0,15
51369,0.1838111298482292,-0.0,0,0,15
77114,0.1983658647299135,-0.0,0,0,15
75930,0.224375,-0.0,0,0,15
80560,0.2721417069243157,-0.0,0,0,15
41188,0.285981308411215,-0.0,0,0,15
49138,0.0542986425339364,-0.0,0,0,15
88331,0.1554088369730826,-0.0,0,0,15
89964,0.1096018735362998,-0.0,0,0,15
88905,0.1888111888111887,-0.0,0,0,15
76946,0.1075949367088606,-0.0,0,0,15
53575,0.0604395604395604,-0.0,0,0,15
39490,0.1076737272389447,-0.0,0,0,15
85645,0.0667903525046382,-0.0,0,0,15
88739,0.0682475419317525,-0.0,0,0,15
89681,0.0705006062705699,-0.0,0,0,15
82212,0.070814030443415,-0.0,0,0,15
12067,0.0719734660033168,-0.0,0,0,15
84348,0.073742746615087,-0.0,0,0,15
90319,0.0688487675640616,-0.0,0,0,15
23819,0.0790169133192386,-0.0,0,0,15
89952,0.0807506053268765,-0.0,0,0,15
52396,0.0915637860082303,-0.0,0,0,15
83411,0.0812603648424543,-0.0,0,0,15
90439,0.0856560163154316,-0.0,0,0,15
89900,0.0886252616887648,-0.0,0,0,15
41320,0.0769704433497537,-0.0,0,0,15
77418,0.0908782638182434,-0.0,0,0,15
84606,0.0660146699266504,0.0,0,0,16
80236,0.0640522875816993,0.0,0,0,16
85972,0.0638009049773755,0.0,0,0,16
84397,0.0614035087719297,0.0,0,0,16
77271,0.0552147239263804,0.0,0,0,16
21776,0.0576581153162307,0.0,0,0,16
23026,0.0544004557106239,0.0,0,0,16
77366,0.0535248041775457,0.0,0,0,16
89213,0.0661478599221789,0.0,0,0,16
20765,0.0529531568228105,0.0,0,0,16
79678,0.059625212947189,0.0,0,0,16
81696,0.0690592713431212,0.0,0,0,16
76372,0.0866228070175438,0.0,0,0,16
86988,0.0739030023094688,0.0,0,0,16
86440,0.0762711864406779,0.0,0,0,16
13507,0.0767102615694166,0.0,0,0,16
21371,0.0767284991568297,0.0,0,0,16
91020,0.0791139240506328,0.0,0,0,16
30680,0.0793754066363046,0.0,0,0,16
55511,0.0868113522537561,0.0,0,0,16
88281,0.0885145482388973,0.0,0,0,16
47466,0.0901001112347053,0.0,0,0,16
79150,0.0916530278232405,0.0,0,0,16
27474,0.092188599577762,0.0,0,0,16
77453,0.0504598558289832,0.0,0,0,16
89425,0.0715268225584595,0.0,0,0,16
90591,0.0491474423269808,0.0,0,0,16
92874,-0.0123456790123456,0.0,0,0,16
90718,0.045016077170418,0.0,0,0,16
76515,0.0935114503816794,0.0,0,0,16
88370,-0.0815217391304348,0.0,0,0,16
86150,-0.0729813664596273,0.0,0,0,16
87277,-0.0675105485232068,0.0,0,0,16
91837,-0.057573073516386,0.0,0,0,16
78876,-0.0390070921985815,0.0,0,0,16
83307,-0.036827195467422,0.0,0,0,16
19828,-0.031446540880503,0.0,0,0,16
90425,-0.0163170163170164,0.0,0,0,16
72005,-0.0157728706624605,0.0,0,0,16
24010,-0.005755193711398,0.0,0,0,16
83808,-0.0057056553112938,0.0,0,0,16
84563,0.0458528037383176,0.0,0,0,16
86253,-0.0038095238095237,0.0,0,0,16
11644,0.0024489795918367,0.0,0,0,16
17144,0.0073591848287575,0.0,0,0,16
61209,0.0085227272727272,0.0,0,0,16
51457,0.0128681727194739,0.0,0,0,16
88635,0.0185714285714284,0.0,0,0,16
59871,0.0281842818428184,0.0,0,0,16
23712,0.031787220240026,0.0,0,0,16
87261,0.0369206598586016,0.0,0,0,16
79237,0.0369983589437565,0.0,0,0,16
90286,0.040045766590389,0.0,0,0,16
81292,0.0400543109300746,0.0,0,0,16
76223,0.0404624277456648,0.0,0,0,16
79689,0.0,0.0,0,0,16
10644,0.0935251798561151,0.0,0,0,16
89796,0.0504201680672269,0.0,0,0,16
60098,0.0963035019455254,-0.0,0,0,16
89046,0.177407126611069,-0.0,0,0,16
78009,0.1828138163437236,-0.0,0,0,16
14526,0.1941489361702129,-0.0,0,0,16
89142,0.2090395480225988,-0.0,0,0,16
11707,0.2107728337236534,-0.0,0,0,16
67029,0.2129999999999998,-0.0,0,0,16
40694,0.2149681528662421,-0.0,0,0,16
85716,0.2224489795918367,-0.0,0,0,16
76279,0.2265861027190332,-0.0,0,0,16
42922,0.227933541017653,-0.0,0,0,16
85576,0.2280701754385965,-0.0,0,0,16
88255,0.2298136645962731,-0.0,0,0,16
90371,0.2322580645161289,-0.0,0,0,16
37058,0.2356495468277946,-0.0,0,0,16
83120,0.2382693479585618,-0.0,0,0,16
88313,0.242337164750958,-0.0,0,0,16
89416,0.2427440633245383,-0.0,0,0,16
89329,0.254025044722719,-0.0,0,0,16
89445,0.2862318840579709,-0.0,0,0,16
90363,0.3170731707317074,-0.0,0,0,16
79862,0.3316977428851817,-0.0,0,0,16
38850,0.3740779768177027,-0.0,0,0,16
80316,0.3928571428571428,-0.0,0,0,16
33823,0.4027346177750155,-0.0,0,0,16
91623,0.5024630541871922,-0.0,0,0,16
53225,0.1657206823436603,-0.0,0,0,16
34032,0.1604032997250228,-0.0,0,0,16
86128,0.2254259501965922,-0.0,0,0,16
18649,0.0953545232273838,-0.0,0,0,16
91143,0.0973645680819912,-0.0,0,0,16
61787,0.1006711409395972,-0.0,0,0,16
76095,0.1475609756097562,-0.0,0,0,16
24459,0.1020966271649954,-0.0,0,0,16
85570,0.1028368794326242,-0.0,0,0,16
90444,0.103731343283582,-0.0,0,0,16
84226,0.1046855213170114,-0.0,0,0,16
91231,0.1060606060606061,-0.0,0,0,16
38682,0.108502538071066,-0.0,0,0,16
89292,0.1099236641221372,-0.0,0,0,16
65330,0.1118945432250155,-0.0,0,0,16
90275,0.1146328578975173,-0.0,0,0,16
89626,0.1169548010831076,-0.0,0,0,16
88280,0.1016442451420029,-0.0,0,0,16
50550,0.1238845144356954,-0.0,0,0,16
85445,0.1193633952254642,-0.0,0,0,16
47677,0.1475409836065573,-0.0,0,0,16
45277,0.1427648578811369,-0.0,0,0,16
58675,0.1425,-0.0,0,0,16
77643,0.1419354838709676,-0.0,0,0,16
80415,0.1363636363636364,-0.0,0,0,16
89230,0.1469758696333438,-0.0,0,0,16
67838,0.1280788177339902,-0.0,0,0,16
76712,0.1267345050878814,-0.0,0,0,16
82518,0.1266187050359712,-0.0,0,0,16
89757,0.1259541984732823,-0.0,0,0,16
90515,0.1321909424724603,-0.0,0,0,16
87496,0.0566844919786098,0.0,0,0,17
79903,0.0265273311897105,0.0,0,0,17
24248,0.0546277950750071,0.0,0,0,17
59248,0.0533053515215109,0.0,0,0,17
76619,0.0426540284360188,0.0,0,0,17
89410,0.0423037716615697,0.0,0,0,17
77421,0.0419417475728154,0.0,0,0,17
32540,0.0300353356890459,0.0,0,0,17
24205,0.0270644014223628,0.0,0,0,17
91204,0.0250354274917334,0.0,0,0,17
67360,-0.0121633362293658,0.0,0,0,17
41292,0.0213433772755806,0.0,0,0,17
89003,0.0182156133828996,0.0,0,0,17
24109,0.0106741573033706,0.0,0,0,17
24942,0.0019459459459461,0.0,0,0,17
61946,-0.0115321252059308,0.0,0,0,17
90223,-0.0232558139534883,0.0,0,0,17
18438,-0.0266666666666667,0.0,0,0,17
61146,-0.0483333333333333,0.0,0,0,17
90067,-0.053061224489796,0.0,0,0,17
86228,0.0611229566453446,0.0,0,0,17
51625,0.0235732009925557,0.0,0,0,17
90605,0.0613333333333332,0.0,0,0,17
80254,0.0896513558384062,-0.0,0,0,17
80032,0.0680187207488298,-0.0,0,0,17
18075,0.0649202733485194,-0.0,0,0,17
48961,0.2376926902038787,-0.0,0,0,17
22374,0.1934140802422406,-0.0,0,0,17
47205,0.1640937678673528,-0.0,0,0,17
88853,0.1457720906104098,-0.0,0,0,17
22921,0.1454849498327759,-0.0,0,0,17
77157,0.1421130952380953,-0.0,0,0,17
13470,0.1163636363636362,-0.0,0,0,17
26470,0.1076428735368373,-0.0,0,0,17
90601,0.1052631578947369,-0.0,0,0,17
77045,0.17989417989418,-0.0,0,0,17
90179,0.1002147458840372,-0.0,0,0,17
89036,0.1017871017871019,-0.0,0,0,17
77496,0.0803197563760944,-0.0,0,0,17
61621,0.083041345480028,-0.0,0,0,17
62498,0.0864978902953585,-0.0,0,0,17
82694,0.0813432835820895,-0.0,0,0,17
88976,0.0872817955112219,-0.0,0,0,17
89653,0.0979680696661828,-0.0,0,0,17
79864,0.0872571616727033,-0.0,0,0,17
19721,0.0724210526315789,-0.0,0,0,17
10290,0.0323124473166618,0.0,0,0,18
75649,0.040257648953301,0.0,0,0,18
78034,0.0302724520686175,0.0,0,0,18
12781,0.0336633663366336,0.0,0,0,18
86926,0.0345873786407766,0.0,0,0,18
10812,0.0348837209302324,0.0,0,0,18
84385,0.0357016613644398,0.0,0,0,18
32986,0.0375789823744596,0.0,0,0,18
79249,0.0485502360080918,0.0,0,0,18
90803,0.0477741585233442,0.0,0,0,18
22437,0.0482418524871355,0.0,0,0,18
84584,0.0499031007751937,0.0,0,0,18
77354,0.0512455516014234,0.0,0,0,18
90708,0.0529656814124182,0.0,0,0,18
52476,0.028604449581046,0.0,0,0,18
46886,0.0537223888737388,0.0,0,0,18
63467,0.0467861827721907,0.0,0,0,18
71176,0.0277777777777779,0.0,0,0,18
37568,0.0002570033410436,0.0,0,0,18
25582,0.0239602169981916,0.0,0,0,18
24969,0.0538137576041177,0.0,0,0,18
71475,-0.0576817933296883,0.0,0,0,18
58334,-0.048136009832036,0.0,0,0,18
86008,-0.0468056030064912,0.0,0,0,18
52484,-0.030850732315363,0.0,0,0,18
64390,-0.0231071779744345,0.0,0,0,18
37875,-0.0214592274678111,0.0,0,0,18
11404,0.0248087657639033,0.0,0,0,18
23085,-0.0004923682914819,0.0,0,0,18
21792,0.0057581573896352,0.0,0,0,18
79399,0.0107011925204547,0.0,0,0,18
58819,0.0126686863123106,0.0,0,0,18
80294,0.0127795527156548,0.0,0,0,18
11674,0.0172839506172839,0.0,0,0,18
13688,0.0193905817174515,0.0,0,0,18
10225,0.0196310712472498,0.0,0,0,18
90458,0.0006942034015966,0.0,0,0,18
18973,0.0543161978661492,0.0,0,0,18
26463,0.094621122889674,-0.0,0,0,18
72486,0.0579816513761466,-0.0,0,0,18
90503,0.1053398058252426,-0.0,0,0,18
42200,0.1081545064377682,-0.0,0,0,18
80079,0.1093455989964458,-0.0,0,0,18
81705,0.1096638655462185,-0.0,0,0,18
62034,0.1097264437689968,-0.0,0,0,18
88873,0.1118864292589028,-0.0,0,0,18
10606,0.1241167434715824,-0.0,0,0,18
60943,0.0995169082125604,-0.0,0,0,18
89502,0.1251446201311223,-0.0,0,0,18
83601,0.1485642946317102,-0.0,0,0,18
84588,0.1492932862190812,-0.0,0,0,18
80864,0.1496062992125983,-0.0,0,0,18
44134,0.1667652276759315,-0.0,0,0,18
22840,0.1673333333333333,-0.0,0,0,18
42439,0.1711711711711712,-0.0,0,0,18
61567,0.0548104956268222,-0.0,0,0,18
47730,0.1419887103777681,-0.0,0,0,18
20204,0.0957844183564569,-0.0,0,0,18
35991,0.1594422552288572,-0.0,0,0,18
84373,0.0942822384428223,-0.0,0,0,18
37161,0.0626865671641792,-0.0,0,0,18
46077,0.0690889565061749,-0.0,0,0,18
32054,0.072958500669344,-0.0,0,0,18
83738,0.0729638009049773,-0.0,0,0,18
28564,0.0748299319727892,-0.0,0,0,18
65307,0.0791015625,-0.0,0,0,18
79299,0.0816087465833659,-0.0,0,0,18
29938,0.0640404659717965,-0.0,0,0,18
38578,0.0866141732283463,-0.0,0,0,18
83916,0.0859704641350209,-0.0,0,0,18
45356,0.0936922670889415,-0.0,0,0,18
82179,0.0906156329259857,-0.0,0,0,18
75224,0.0621702225281026,-0.0,0,0,18
82924,0.0901204819277108,-0.0,0,0,18
14816,0.0874624624624624,-0.0,0,0,18
53604,0.0871173898419104,-0.0,0,0,18
90502,0.0,0.0,0,0,19
89761,0.0,0.0,0,0,19
79259,-0.0015764582238569,0.0,0,0,19
46950,-0.0034749034749034,0.0,0,0,19
10913,-0.0040816326530612,0.0,0,0,19
89481,-0.0043999999999999,0.0,0,0,19
76360,-0.0144927536231882,0.0,0,0,19
11513,-0.0192771084337349,0.0,0,0,19
12169,-0.0212765957446808,0.0,0,0,19
89484,-0.0241935483870967,0.0,0,0,19
91187,-0.0258064516129032,0.0,0,0,19
79790,0.0,0.0,0,0,19
80633,-0.0310344827586206,0.0,0,0,19
80837,-0.0228013029315961,0.0,0,0,19
89202,0.0447368421052631,0.0,0,0,19
84578,0.0188679245283018,0.0,0,0,19
90331,0.0199335548172756,0.0,0,0,19
90958,0.0243688895374287,0.0,0,0,19
32636,0.0244988864142536,0.0,0,0,19
86165,0.0310000000000001,0.0,0,0,19
91613,0.0347222222222223,0.0,0,0,19
11628,0.0774647887323944,0.0,0,0,19
90560,0.0589743589743589,0.0,0,0,19
86685,0.0603448275862068,0.0,0,0,19
91431,0.0612244897959184,0.0,0,0,19
89798,0.0622950819672132,0.0,0,0,19
10002,0.0637450199203188,0.0,0,0,19
90471,0.0637872340425531,0.0,0,0,19
85216,-0.0315789473684211,0.0,0,0,19
11750,0.0,0.0,0,0,19
85728,-0.0408020050125313,0.0,0,0,19
79851,-0.1282051282051282,0.0,0,0,19
89753,-0.0431034482758618,0.0,0,0,19
80019,0.08,0.0,0,0,19
62906,-0.4883720930232558,1.0,1,0,19
86526,-0.4631578947368421,1.0,1,0,19
89832,-0.3184357541899442,0.0,0,0,19
88799,-0.250642673521851,0.0,0,0,19
85550,-0.2272727272727271,0.0,0,0,19
90662,-0.1942535915053092,0.0,0,0,19
89801,-0.1904761904761903,0.0,0,0,19
79080,-0.1712260383386582,0.0,0,0,19
83893,-0.1529611067974871,0.0,0,0,19
89576,-0.1485714285714285,0.0,0,0,19
89278,-0.1395348837209301,0.0,0,0,19
91508,-0.1333333333333333,0.0,0,0,19
89529,-0.131764705882353,0.0,0,0,19
90273,-0.1245901639344262,0.0,0,0,19
77889,-0.1164348274085522,0.0,0,0,19
16644,-0.1129032258064515,0.0,0,0,19
90544,-0.1079295154185022,0.0,0,0,19
88791,-0.0874792703150912,0.0,0,0,19
87337,-0.0839506172839507,0.0,0,0,19
86300,-0.0833333333333332,0.0,0,0,19
84604,-0.0641025641025642,0.0,0,0,19
78816,-0.0625,0.0,0,0,19
85205,-0.0625,0.0,0,0,19
86728,-0.0624999999999998,0.0,0,0,19
80812,-0.0594059405940594,0.0,0,0,19
78068,-0.0489296636085627,0.0,0,0,19
80960,-0.045,0.0,0,0,19
84309,-0.0434782608695653,0.0,0,0,19
85966,-0.0427553444180521,0.0,0,0,19
88992,0.0823863636363635,0.0,0,0,19
85047,81.96,-1.0,0,-1,19
86299,0.0894308943089432,-0.0,0,0,19
90964,0.2574257425742574,-0.0,0,0,19
86715,0.2584541062801933,-0.0,0,0,19
80297,0.2666666666666668,-0.0,0,0,19
82812,0.2789473684210528,-0.0,0,0,19
85272,0.2903225806451612,-0.0,0,0,19
91050,0.2928891098955744,-0.0,0,0,19
90288,0.3097669042573683,-0.0,0,0,19
83504,0.3131578947368423,-0.0,0,0,19
78018,0.3522727272727273,-0.0,0,0,19
90951,0.3620352250489236,-0.0,0,0,19
85559,0.3627906976744186,-0.0,0,0,19
77783,0.3636363636363635,-0.0,0,0,19
91446,0.381578947368421,-0.0,0,0,19
91154,0.3832023901737302,-0.0,0,0,19
91401,0.4022680160955978,-0.0,0,0,19
82575,0.4409937888198756,-0.0,0,0,19
51706,0.4446764091858037,-0.0,0,0,19
90862,0.4516129032258065,-0.0,0,0,19
89908,0.4624999999999999,-0.0,0,0,19
45560,0.4876033057851241,-0.0,0,0,19
91199,0.6875,-0.0,0,0,19
91527,0.75,-0.0,0,0,19
88746,0.881578947368421,-0.0,0,0,19
11018,0.9166666666666669,-0.0,0,0,19
80625,0.0833333333333334,0.0,0,0,19
90209,1.5833333333333337,-0.0,0,0,19
84321,5.463414634146342,-0.0,0,0,19
85996,5.884615384615384,-0.0,0,0,19
83551,127.45454545454548,-1.0,0,-1,19
77585,0.2551724137931035,-0.0,0,0,19
88865,0.2525868641760156,-0.0,0,0,19
77699,1.0442477876106198,-0.0,0,0,19
88945,0.2460496613995484,-0.0,0,0,19
90720,0.2468354430379746,-0.0,0,0,19
88797,0.0975609756097561,-0.0,0,0,19
90399,0.0998743718592962,-0.0,0,0,19
90603,0.0999999999999998,-0.0,0,0,19
91375,0.1009140767824494,-0.0,0,0,19
62885,0.1043478260869565,-0.0,0,0,19
79065,0.1085142857142857,-0.0,0,0,19
90710,0.1142857142857141,-0.0,0,0,19
81148,0.1145038167938929,-0.0,0,0,19
85768,0.1174603174603174,-0.0,0,0,19
90163,0.1287326760965852,-0.0,0,0,19
89885,0.1399999999999999,-0.0,0,0,19
89738,0.1410256410256409,-0.0,0,0,19
76415,0.1473684210526318,-0.0,0,0,19
85976,0.0999999999999998,-0.0,0,0,19
10363,0.1536010197578077,-0.0,0,0,19
88836,0.1510791366906476,-0.0,0,0,19
91369,0.2385786802030456,-0.0,0,0,19
51925,0.2235571607577211,-0.0,0,0,19
54084,0.2231481481481481,-0.0,0,0,19
76960,0.2043065693430654,-0.0,0,0,19
89527,0.2030075187969924,-0.0,0,0,19
90901,0.2293577981651375,-0.0,0,0,19
88795,0.1967741935483871,-0.0,0,0,19
87833,0.1585677749360612,-0.0,0,0,19
90889,0.1972602739726028,-0.0,0,0,19
82824,0.1653225806451612,-0.0,0,0,19
89030,0.2421052631578948,-0.0,0,0,19
91619,0.1693548387096775,-0.0,0,0,19
91136,0.1857142857142857,-0.0,0,0,19
42550,-0.019316375198728,0.0,0,0,20
80049,-0.0201173512154233,0.0,0,0,20
84320,-0.0144999999999999,0.0,0,0,20
78990,-0.0091431556948798,0.0,0,0,20
86290,-0.0041493775933609,0.0,0,0,20
88468,0.0015455950540959,0.0,0,0,20
82649,0.0017513134851139,0.0,0,0,20
87092,0.0035641547861506,0.0,0,0,20
90129,0.0057692307692307,0.0,0,0,20
89960,0.0073494547178758,0.0,0,0,20
86964,-0.0130421595389748,0.0,0,0,20
84788,0.026225828177071,0.0,0,0,20
77660,0.0112775898179475,0.0,0,0,20
81925,0.0122448979591835,0.0,0,0,20
86525,0.0140597539543056,0.0,0,0,20
41241,0.0199862164024808,0.0,0,0,20
87043,0.0247933884297522,0.0,0,0,20
78156,0.0279320742739246,0.0,0,0,20
90775,0.0283816425120773,0.0,0,0,20
14593,0.0366704495153606,0.0,0,0,20
84546,0.037122969837587,0.0,0,0,20
88646,0.0376249265138153,0.0,0,0,20
81116,-0.0231923601637107,0.0,0,0,20
78875,0.0108929119361766,0.0,0,0,20
90696,-0.0265811182401467,0.0,0,0,20
85177,-0.0984848484848486,0.0,0,0,20
87424,-0.0298507462686566,0.0,0,0,20
91195,0.0386643233743408,0.0,0,0,20
66683,-0.3815699658703071,0.0,0,0,20
74500,-0.2863636363636364,0.0,0,0,20
90942,-0.2764811490125672,0.0,0,0,20
56602,-0.2525773195876289,0.0,0,0,20
80592,-0.2265589950650516,0.0,0,0,20
88466,-0.1556728232189973,0.0,0,0,20
90715,-0.1552970763910719,0.0,0,0,20
85173,-0.1241464928615766,0.0,0,0,20
89572,-0.1163793103448275,0.0,0,0,20
87299,-0.0984863000574822,0.0,0,0,20
33770,-0.0277777777777777,0.0,0,0,20
90313,-0.0889632107023411,0.0,0,0,20
90896,-0.0786106032906763,0.0,0,0,20
32548,-0.0778378378378379,0.0,0,0,20
32687,-0.0752368991894052,0.0,0,0,20
76934,-0.0676136363636363,0.0,0,0,20
90323,-0.0655349388077377,0.0,0,0,20
10550,-0.0557617325128012,0.0,0,0,20
81212,-0.055045871559633,0.0,0,0,20
90215,-0.051860364890102,0.0,0,0,20
87214,-0.0478359908883826,0.0,0,0,20
77669,-0.0369747899159663,0.0,0,0,20
84062,-0.033287858117326,0.0,0,0,20
19675,-0.0855537951893994,0.0,0,0,20
77900,0.0406504065040651,0.0,0,0,20
89901,0.0648796001817355,-0.0,0,0,20
79089,0.0418329637841832,-0.0,0,0,20
45911,0.1249508840864439,-0.0,0,0,20
81173,0.1284355179704017,-0.0,0,0,20
84375,0.128908392759188,-0.0,0,0,20
85611,0.1310810810810809,-0.0,0,0,20
82234,0.1326530612244896,-0.0,0,0,20
89971,0.1409854742238678,-0.0,0,0,20
79906,0.1412818745692625,-0.0,0,0,20
78881,0.1528384279475982,-0.0,0,0,20
91128,0.1630901287553647,-0.0,0,0,20
82634,0.164177277179236,-0.0,0,0,20
88174,0.1697722567287785,-0.0,0,0,20
32651,0.1741397288842543,-0.0,0,0,20
88497,0.1826923076923077,-0.0,0,0,20
76584,0.1857555341674686,-0.0,0,0,20
65008,0.214975845410628,-0.0,0,0,20
49429,0.2168056446440025,-0.0,0,0,20
10547,0.2347560975609757,-0.0,0,0,20
77610,0.2378836833602584,-0.0,0,0,20
82540,0.2455183164458301,-0.0,0,0,20
80165,0.2504672897196263,-0.0,0,0,20
75434,0.2521246458923514,-0.0,0,0,20
86051,0.2654545454545454,-0.0,0,0,20
87302,0.411290322580645,-0.0,0,0,20
84624,0.1239804241435562,-0.0,0,0,20
77413,0.1176470588235292,-0.0,0,0,20
85686,0.1648351648351649,-0.0,0,0,20
38755,0.1149598393574296,-0.0,0,0,20
79159,0.1172166045769027,-0.0,0,0,20
10028,0.0439024390243905,-0.0,0,0,20
75603,0.0464963981663393,-0.0,0,0,20
91024,0.0476223081926803,-0.0,0,0,20
77830,0.0492010092514716,-0.0,0,0,20
76605,0.0508076018657721,-0.0,0,0,20
91100,0.0508096035734226,-0.0,0,0,20
25785,0.0533249686323713,-0.0,0,0,20
91486,0.0572727272727273,-0.0,0,0,20
88750,0.0580075662042876,-0.0,0,0,20
87179,0.0416478044363965,0.0,0,0,20
83366,0.0657745753988676,-0.0,0,0,20
82635,0.054718875502008,-0.0,0,0,20
90052,0.1097073068014318,-0.0,0,0,20
75853,0.1119791666666665,-0.0,0,0,20
86830,0.0666182170542635,-0.0,0,0,20
90657,0.1096402877697841,-0.0,0,0,20
90175,0.1082251082251082,-0.0,0,0,20
88550,0.1007401315789473,-0.0,0,0,20
82762,0.101010101010101,-0.0,0,0,20
51692,0.0758196721311474,-0.0,0,0,20
82171,0.0739597315436242,-0.0,0,0,20
76888,0.0727699530516432,-0.0,0,0,20
11174,0.0690880378997236,-0.0,0,0,20
90377,0.0827004219409284,-0.0,0,0,20
89686,0.0226555246053852,0.0,0,0,21
36768,0.0260115606936415,0.0,0,0,21
83462,0.0256024096385543,0.0,0,0,21
90849,0.0248886560125751,0.0,0,0,21
65154,0.019404915912031,0.0,0,0,21
12650,0.0109843683988168,0.0,0,0,21
85072,0.0153789820578542,0.0,0,0,21
88193,0.0149253731343284,0.0,0,0,21
91503,0.0134730538922156,0.0,0,0,21
12140,0.0268159029963857,0.0,0,0,21
77918,0.0170736978603847,0.0,0,0,21
80191,0.0312442225919762,0.0,0,0,21
80446,0.0514896867838043,0.0,0,0,21
87717,0.0321361058601135,0.0,0,0,21
31077,0.0333114179268023,0.0,0,0,21
83910,0.0397350993377483,0.0,0,0,21
27562,0.0400683630839349,0.0,0,0,21
85621,0.0415347872664821,0.0,0,0,21
85488,0.0427301405219386,0.0,0,0,21
91151,0.0456505199086989,0.0,0,0,21
81162,0.0492730210016154,0.0,0,0,21
85908,0.0495966537197491,0.0,0,0,21
77702,0.05,0.0,0,0,21
75654,0.0503391645840771,0.0,0,0,21
82651,0.0109275400026016,0.0,0,0,21
79698,0.0320174075225365,0.0,0,0,21
28629,0.0105633802816902,0.0,0,0,21
80544,-0.1047957371225577,0.0,0,0,21
12211,0.0066056910569105,0.0,0,0,21
90789,-0.1337463556851312,0.0,0,0,21
79411,0.051769677760169,0.0,0,0,21
90910,-0.0993485342019544,0.0,0,0,21
83390,-0.0981132075471699,0.0,0,0,21
89904,-0.0956898329552484,0.0,0,0,21
13936,-0.0711969339622642,0.0,0,0,21
89876,-0.0679090334807327,0.0,0,0,21
79881,-0.0523948134427095,0.0,0,0,21
86534,-0.0411555203798971,0.0,0,0,21
11267,-0.0399299474605954,0.0,0,0,21
77902,-0.0379667398807656,0.0,0,0,21
47423,-0.0330434782608696,0.0,0,0,21
79195,0.0095553105475927,0.0,0,0,21
84275,-0.0202991452991452,0.0,0,0,21
52978,-0.0100713386487619,0.0,0,0,21
88436,-0.008331019161344,0.0,0,0,21
57665,-0.0082433530709391,0.0,0,0,21
75101,-0.0076674737691687,0.0,0,0,21
87056,-0.0055391432791728,0.0,0,0,21
80361,-0.0025882787946015,0.0,0,0,21
85319,0.0012568077084205,0.0,0,0,21
83822,0.0014814814814814,0.0,0,0,21
75100,0.0027375201288244,0.0,0,0,21
90427,0.0035067212156634,0.0,0,0,21
85424,0.0036157024793388,0.0,0,0,21
27909,0.0058252427184464,0.0,0,0,21
72128,-0.0183366077275703,0.0,0,0,21
49488,0.0520381613183003,0.0,0,0,21
85257,-0.336657089741423,0.0,0,0,21
65541,0.0530841121495326,-0.0,0,0,21
24476,0.092713628661341,-0.0,0,0,21
11587,0.0933350188863166,-0.0,0,0,21
14795,0.0957300275482091,-0.0,0,0,21
87182,0.0964426877470354,-0.0,0,0,21
78975,0.0982401425707284,-0.0,0,0,21
75976,0.1044414535666218,-0.0,0,0,21
10051,0.1047966631908239,-0.0,0,0,21
52695,0.1054990794845114,-0.0,0,0,21
18542,0.1070921985815602,-0.0,0,0,21
90992,0.111587389380531,-0.0,0,0,21
34833,0.1126233412725417,-0.0,0,0,21
84325,0.1162790697674418,-0.0,0,0,21
10318,0.0920542635658914,-0.0,0,0,21
19271,0.1220472440944882,-0.0,0,0,21
27430,0.1287697462900907,-0.0,0,0,21
11752,0.1354396277247123,-0.0,0,0,21
89105,0.1366614255765199,-0.0,0,0,21
76614,0.1391394864677306,-0.0,0,0,21
57809,0.1567417852196901,-0.0,0,0,21
80791,0.1628131021194605,-0.0,0,0,21
79545,0.1992045077891944,-0.0,0,0,21
90971,0.2256157635467979,-0.0,0,0,21
75854,0.3617977528089886,-0.0,0,0,21
38659,0.4082896617436875,-0.0,0,0,21
89790,0.5185185185185186,-0.0,0,0,21
27043,0.0524077168464227,-0.0,0,0,21
85540,0.1278195488721805,-0.0,0,0,21
66852,0.0915032679738561,-0.0,0,0,21
11618,0.1193946188340806,-0.0,0,0,21
88991,0.0879102193504504,-0.0,0,0,21
83405,0.0533711660586406,-0.0,0,0,21
39220,0.0890302066772654,-0.0,0,0,21
88446,0.0535595475715238,-0.0,0,0,21
89004,0.0554368471035138,-0.0,0,0,21
58560,0.0571818407343089,-0.0,0,0,21
83597,0.0574038569978572,-0.0,0,0,21
76721,0.0582184285401621,-0.0,0,0,21
78916,0.0597045547804677,-0.0,0,0,21
83283,0.0604052262829009,-0.0,0,0,21
84041,0.0627600142636395,-0.0,0,0,21
90249,0.0639284531301753,-0.0,0,0,21
90569,0.0680287903413048,-0.0,0,0,21
89644,0.0690737833594976,-0.0,0,0,21
89800,0.0597860289490244,-0.0,0,0,21
75526,0.0840857787810385,-0.0,0,0,21
91207,0.0693173821252639,-0.0,0,0,21
87492,0.0831780055917987,-0.0,0,0,21
79628,0.0821992378878604,-0.0,0,0,21
76282,0.0792192881745119,-0.0,0,0,21
10909,0.0783063965399499,-0.0,0,0,21
85067,0.0803953871499174,-0.0,0,0,21
62033,0.074099099099099,-0.0,0,0,21
61313,0.0734941978264873,-0.0,0,0,21
83011,0.0727382025849112,-0.0,0,0,21
21742,0.0695684991822871,-0.0,0,0,21
88504,0.0765239948119327,-0.0,0,0,21
86979,0.085243974132863,-0.0,0,0,21
84746,0.0114285714285713,0.0,0,0,22
76673,-0.0060975609756096,0.0,0,0,22
89925,0.0113636363636362,0.0,0,0,22
88850,0.01,0.0,0,0,22
88177,0.0057971014492754,0.0,0,0,22
76461,-0.0035026269702276,0.0,0,0,22
83630,-0.0118655188496533,0.0,0,0,22
10258,-0.0072289156626507,0.0,0,0,22
82859,-0.0080645161290322,0.0,0,0,22
88260,-0.0085470085470085,0.0,0,0,22
79519,-0.0111358574610244,0.0,0,0,22
86783,0.0139576199456317,0.0,0,0,22
77461,-0.0061443932411673,0.0,0,0,22
87510,0.0206185567010308,0.0,0,0,22
88811,0.0517357222844345,0.0,0,0,22
88409,0.0233023255813953,0.0,0,0,22
82471,0.0253378378378379,0.0,0,0,22
85647,0.0291811846689895,0.0,0,0,22
89756,0.0321782178217822,0.0,0,0,22
83896,0.0325581395348839,0.0,0,0,22
78051,0.0336842105263157,0.0,0,0,22
86489,0.0386803185438,0.0,0,0,22
82526,0.0454545454545454,0.0,0,0,22
78091,0.0490677134445534,0.0,0,0,22
83534,0.0494505494505492,0.0,0,0,22
91379,0.0511330621731551,0.0,0,0,22
86062,0.0531645569620253,0.0,0,0,22
85953,-0.014547489159323,0.0,0,0,22
90727,0.0229357798165137,0.0,0,0,22
89770,-0.0208667736757626,0.0,0,0,22
88163,-0.1672297297297297,0.0,0,0,22
91090,-0.024223425477344,0.0,0,0,22
87343,-0.3141239173884077,0.0,0,0,22
90599,-0.1880733944954129,0.0,0,0,22
91068,-0.1772988965646212,0.0,0,0,22
79702,0.0546875,0.0,0,0,22
88451,-0.1611721611721611,0.0,0,0,22
91103,-0.1394508670520231,0.0,0,0,22
78869,-0.1287356321839079,0.0,0,0,22
80004,-0.1248587570621468,0.0,0,0,22
82554,-0.1143571428571428,0.0,0,0,22
90243,-0.1126279863481228,0.0,0,0,22
33849,-0.0900354071825999,0.0,0,0,22
47723,-0.0878260869565217,0.0,0,0,22
76582,-0.0827638572513287,0.0,0,0,22
90505,-0.0824680511182107,0.0,0,0,22
87814,-0.0236686390532544,0.0,0,0,22
90488,-0.0759493670886076,0.0,0,0,22
86034,-0.0704179006252057,0.0,0,0,22
48291,-0.0609137055837563,0.0,0,0,22
11456,-0.0604697986577181,0.0,0,0,22
76847,-0.0566318926974664,0.0,0,0,22
89611,-0.0480733944954128,0.0,0,0,22
80638,-0.0437710437710439,0.0,0,0,22
87345,-0.0417209908735333,0.0,0,0,22
81741,-0.0384615384615385,0.0,0,0,22
89941,-0.0375668760176786,0.0,0,0,22
90077,-0.0355555555555555,0.0,0,0,22
85739,-0.0336787564766839,0.0,0,0,22
90183,-0.0301507537688441,0.0,0,0,22
80524,-0.0289256198347106,0.0,0,0,22
79977,-0.0260905014268243,0.0,0,0,22
75672,-0.0710382513661203,0.0,0,0,22
26607,0.0564254456972816,0.0,0,0,22
84792,0.0822407628128722,-0.0,0,0,22
51829,0.0585774058577404,-0.0,0,0,22
88542,0.1746031746031746,-0.0,0,0,22
85539,0.1796875,-0.0,0,0,22
75222,0.1834727004426954,-0.0,0,0,22
83779,0.1835218093699515,-0.0,0,0,22
80054,0.1855500821018061,-0.0,0,0,22
11056,0.1856249999999999,-0.0,0,0,22
78044,0.190576652601969,-0.0,0,0,22
39482,0.1918708297254621,-0.0,0,0,22
85204,0.1991701244813277,-0.0,0,0,22
87498,0.1999041227229148,-0.0,0,0,22
79033,0.208740120874012,-0.0,0,0,22
88359,0.2113564668769716,-0.0,0,0,22
87658,0.2121212121212121,-0.0,0,0,22
91186,0.1736972704714641,-0.0,0,0,22
90700,0.2250384024577572,-0.0,0,0,22
87430,0.2459791863765372,-0.0,0,0,22
83365,0.2581063553826199,-0.0,0,0,22
78081,0.056872037914692,-0.0,0,0,22
79417,0.2868490732568403,-0.0,0,0,22
77505,0.3022222222222224,-0.0,0,0,22
14761,0.3233532934131737,-0.0,0,0,22
10100,0.3249999999999999,-0.0,0,0,22
90204,0.3372093023255813,-0.0,0,0,22
90354,0.3556701030927836,-0.0,0,0,22
66800,0.3954952773068538,-0.0,0,0,22
12266,0.4935064935064934,-0.0,0,0,22
88786,0.5135135135135136,-0.0,0,0,22
87390,0.5552645364064956,-0.0,0,0,22
83275,0.2354651162790697,-0.0,0,0,22
91419,0.1726384364820847,-0.0,0,0,22
78073,0.2747875354107649,-0.0,0,0,22
12190,0.15906432748538,-0.0,0,0,22
87777,0.1695906432748537,-0.0,0,0,22
59483,0.0659025787965617,-0.0,0,0,22
87084,0.0698847262247837,-0.0,0,0,22
87364,0.0702341137123745,-0.0,0,0,22
90716,0.0704607046070462,-0.0,0,0,22
91517,0.0764394440767703,-0.0,0,0,22
34666,0.0846153846153845,-0.0,0,0,22
83862,0.0847457627118644,-0.0,0,0,22
85013,0.0851063829787233,-0.0,0,0,22
91493,0.0853409554920374,-0.0,0,0,22
91275,0.0864883640152831,-0.0,0,0,22
16249,0.0921985815602837,-0.0,0,0,22
80112,0.0974025974025973,-0.0,0,0,22
79108,0.0985645933014356,-0.0,0,0,22
85516,0.0793650793650793,-0.0,0,0,22
91616,0.1082251082251082,-0.0,0,0,22
90957,0.1497227356746764,-0.0,0,0,22
89863,0.1077762619372439,-0.0,0,0,22
90314,0.146788990825688,-0.0,0,0,22
10890,0.1450685537372844,-0.0,0,0,22
90807,0.142304800773279,-0.0,0,0,22
86080,0.1418764302059496,-0.0,0,0,22
10180,0.1431261770244822,-0.0,0,0,22
77117,0.1232227488151658,-0.0,0,0,22
24441,0.1219712525667351,-0.0,0,0,22
90829,0.1190692224890288,-0.0,0,0,22
86180,0.1161883738042679,-0.0,0,0,22
85401,0.1111111111111111,-0.0,0,0,22
90752,0.1111111111111111,-0.0,0,0,22
90926,0.1310160427807487,-0.0,0,0,22
35503,0.0473157415832574,0.0,0,0,23
88970,0.0799180327868851,0.0,0,0,23
86946,0.0542986425339364,0.0,0,0,23
87439,0.0620930232558138,0.0,0,0,23
55993,0.0666666666666666,0.0,0,0,23
90178,0.0775956284153005,0.0,0,0,23
90548,0.0796586059743953,0.0,0,0,23
24221,0.0800423131170662,0.0,0,0,23
15202,0.1056829511465604,0.0,0,0,23
87414,0.080916030534351,0.0,0,0,23
76135,0.0811982656681118,0.0,0,0,23
80808,0.0955223880597013,0.0,0,0,23
89167,0.1028645833333334,0.0,0,0,23
86189,0.1038034865293184,0.0,0,0,23
84103,0.1057692307692306,0.0,0,0,23
78889,0.1105769230769229,0.0,0,0,23
84749,-0.1292059219380887,0.0,0,0,23
86382,0.0804597701149427,0.0,0,0,23
89321,0.044504995458674,0.0,0,0,23
76435,-0.0358126721763084,0.0,0,0,23
89891,0.0346676760985456,0.0,0,0,23
86709,0.1128712871287129,0.0,0,0,23
80368,-0.050925925925926,0.0,0,0,23
87089,-0.0376489028213166,0.0,0,0,23
91472,-0.036448598130841,0.0,0,0,23
88984,-0.0358717948717948,0.0,0,0,23
89332,-0.0229885057471264,0.0,0,0,23
88564,-0.014760147601476,0.0,0,0,23
84516,-0.0039525691699605,0.0,0,0,23
88792,0.0436681222707424,0.0,0,0,23
86924,-0.0037313432835821,0.0,0,0,23
81109,0.0,0.0,0,0,23
80179,0.003472222222222,0.0,0,0,23
90071,0.0082559339525283,0.0,0,0,23
90875,0.0090534979423868,0.0,0,0,23
90536,0.0107758620689657,0.0,0,0,23
35124,0.0170236133992311,0.0,0,0,23
91269,0.0265957446808511,0.0,0,0,23
11790,0.029805615550756,0.0,0,0,23
87404,0.0,0.0,0,0,23
39087,0.1190476190476192,0.0,0,0,23
90792,0.2033660589060308,-0.0,0,0,23
88908,0.1202263083451202,-0.0,0,0,23
80223,0.2197392923649905,-0.0,0,0,23
35917,0.2268370607028753,-0.0,0,0,23
36397,0.2309299895506791,-0.0,0,0,23
74406,0.2323943661971832,-0.0,0,0,23
79338,0.2372670807453416,-0.0,0,0,23
86157,0.2382892057026475,-0.0,0,0,23
11144,0.2521994134897358,-0.0,0,0,23
88343,0.2576470588235293,-0.0,0,0,23
82766,0.2790697674418605,-0.0,0,0,23
83885,0.3191489361702129,-0.0,0,0,23
79244,0.3262411347517731,-0.0,0,0,23
89395,0.3814852492370295,-0.0,0,0,23
90885,0.3991228070175439,-0.0,0,0,23
77053,0.5069222577209798,-0.0,0,0,23
90953,0.6696315120711562,-0.0,0,0,23
85187,9.555437327090871,-0.0,0,0,23
90491,0.1201716738197424,-0.0,0,0,23
81541,0.2171468728039354,-0.0,0,0,23
86302,0.2162162162162162,-0.0,0,0,23
35044,0.3011152416356877,-0.0,0,0,23
10507,0.2035175879396984,-0.0,0,0,23
85298,0.2086570477247504,-0.0,0,0,23
83903,0.1207729468599034,-0.0,0,0,23
89048,0.1306666666666667,-0.0,0,0,23
86763,0.1466666666666667,-0.0,0,0,23
77264,0.1474258970358815,-0.0,0,0,23
89031,0.1662531017369726,-0.0,0,0,23
25304,0.1770573566084787,-0.0,0,0,23
47715,0.1774744027303754,-0.0,0,0,23
90409,0.1646851607221486,-0.0,0,0,23
75550,0.1814671814671815,-0.0,0,0,23
87020,0.1825657894736843,-0.0,0,0,23
15318,0.1840562719812426,-0.0,0,0,23
91234,0.1846590909090908,-0.0,0,0,23
85077,0.187353629976581,-0.0,0,0,23
90776,0.192868719611021,-0.0,0,0,23
56611,0.1967213114754098,-0.0,0,0,23
77605,0.1791277258566979,-0.0,0,0,23
33209,0.1999999999999999,-0.0,0,0,23
15457,0.0209042294603791,0.0,0,0,24
47002,0.0319488817891373,0.0,0,0,24
91086,0.0318917384309642,0.0,0,0,24
88207,0.0315315315315316,0.0,0,0,24
70308,0.0222585924713585,0.0,0,0,24
39328,0.0303030303030302,0.0,0,0,24
82759,0.0285714285714284,0.0,0,0,24
76215,0.0337259100642397,0.0,0,0,24
80210,0.0306122448979593,0.0,0,0,24
81254,0.0337275514673676,0.0,0,0,24
52090,0.0572597137014314,0.0,0,0,24
88871,0.0389167862266859,0.0,0,0,24
90210,0.0393002028397566,0.0,0,0,24
42067,0.0422322775263952,0.0,0,0,24
53110,0.0424328147100423,0.0,0,0,24
86996,0.0457215836526181,0.0,0,0,24
86339,0.055127587867116,0.0,0,0,24
81311,0.0551876379690949,0.0,0,0,24
77178,0.0570269115762493,0.0,0,0,24
85590,0.059232296492389,0.0,0,0,24
91277,0.0200517464424319,0.0,0,0,24
22103,0.0381332849101143,0.0,0,0,24
81893,0.0172267389340559,0.0,0,0,24
91416,-0.0644567219152855,0.0,0,0,24
89932,0.0155945419103313,0.0,0,0,24
85914,-0.1973314606741573,0.0,0,0,24
77516,-0.1241234221598878,0.0,0,0,24
11343,-0.1154541346588341,0.0,0,0,24
37217,-0.0859625057155921,0.0,0,0,24
82541,0.0594362745098038,0.0,0,0,24
90791,-0.0586153846153846,0.0,0,0,24
85753,-0.0477994753716117,0.0,0,0,24
86356,-0.044955387783116,0.0,0,0,24
82643,-0.0391832229580574,0.0,0,0,24
37584,-0.0252432290297134,0.0,0,0,24
76391,0.0166982922201137,0.0,0,0,24
91018,-0.0168508287292817,0.0,0,0,24
84060,-0.0142791340396132,0.0,0,0,24
86211,-0.012478336221837,0.0,0,0,24
77584,-0.0099606815203143,0.0,0,0,24
59328,-0.0060262318326833,0.0,0,0,24
10182,-0.0011345586566824,0.0,0,0,24
89203,0.0035819637589549,0.0,0,0,24
87000,0.0068389057750759,0.0,0,0,24
20117,0.0070463887257778,0.0,0,0,24
90558,0.009049773755656,0.0,0,0,24
86236,0.0106382978723404,0.0,0,0,24
77462,-0.0147975077881619,0.0,0,0,24
11703,0.0615024473292189,0.0,0,0,24
89216,0.070738952840698,-0.0,0,0,24
46068,0.0633604246143639,-0.0,0,0,24
88860,0.1172098341909664,-0.0,0,0,24
42877,0.1180821917808219,-0.0,0,0,24
86474,0.119281045751634,-0.0,0,0,24
87377,0.1229323308270675,-0.0,0,0,24
12173,0.1233362910381543,-0.0,0,0,24
89002,0.1260304375396321,-0.0,0,0,24
91413,0.126573889993373,-0.0,0,0,24
36468,0.1291627342591343,-0.0,0,0,24
53074,0.1385199240986716,-0.0,0,0,24
89973,0.0632544664413325,0.0,0,0,24
89443,0.1134020618556701,-0.0,0,0,24
85931,0.1457792207792208,-0.0,0,0,24
85019,0.1587412587412586,-0.0,0,0,24
85951,0.1604584527220629,-0.0,0,0,24
28118,0.1701760069107007,-0.0,0,0,24
89327,0.1740787801778907,-0.0,0,0,24
10302,0.1857051691129545,-0.0,0,0,24
70332,0.1870324189526184,-0.0,0,0,24
87657,0.218203737191079,-0.0,0,0,24
79879,0.219882055602359,-0.0,0,0,24
86810,0.2986449864498646,-0.0,0,0,24
79094,0.3295830575777632,-0.0,0,0,24
90196,0.1503667481662591,-0.0,0,0,24
76100,0.1105882352941176,-0.0,0,0,24
81677,0.1440622972096041,-0.0,0,0,24
80128,0.0973287162997773,-0.0,0,0,24
23182,0.1045490822027135,-0.0,0,0,24
60506,0.064611956925362,-0.0,0,0,24
78200,0.0671015843429636,-0.0,0,0,24
90199,0.0672225117248566,-0.0,0,0,24
87055,0.0680372725928115,-0.0,0,0,24
68857,0.0685191032522893,-0.0,0,0,24
79666,0.0702705154078138,-0.0,0,0,24
66739,0.0728966840230198,-0.0,0,0,24
83621,0.0736082474226804,-0.0,0,0,24
17726,0.0757331614566549,-0.0,0,0,24
60599,0.073970690858339,-0.0,0,0,24
32934,0.076996197718631,-0.0,0,0,24
83145,0.0787011557512382,-0.0,0,0,24
81539,0.0828124999999999,-0.0,0,0,24
32046,0.0904183535762483,-0.0,0,0,24
28484,0.092648108493933,-0.0,0,0,24
44943,0.0927125506072874,-0.0,0,0,24
79857,0.0939086294416244,-0.0,0,0,24
89540,0.0961707103186202,-0.0,0,0,24
39571,0.0970522803114573,-0.0,0,0,24
84032,0.0972426170664055,-0.0,0,0,24
34673,0.0769230769230771,-0.0,0,0,24
23077,0.0246529935777914,0.0,0,0,25
91467,0.0214646464646464,0.0,0,0,25
23297,0.0215264187866925,0.0,0,0,25
42585,0.0379446640316205,0.0,0,0,25
81182,0.0515837104072396,0.0,0,0,25
90956,0.0464269458352297,0.0,0,0,25
91063,0.0470526037536347,0.0,0,0,25
10397,0.0472659870250233,0.0,0,0,25
78987,0.0178518298125558,0.0,0,0,25
90353,0.0395578824898197,0.0,0,0,25
89369,0.0108499095840868,0.0,0,0,25
83520,-0.0535064935064936,0.0,0,0,25
24272,-0.0003930817610063,0.0,0,0,25
11132,-0.0024767801857584,0.0,0,0,25
86048,-0.0028409090909091,0.0,0,0,25
77798,-0.0032786885245901,0.0,0,0,25
77447,-0.0040927694406548,0.0,0,0,25
85903,-0.0278951817413355,0.0,0,0,25
89353,-0.0279411764705881,0.0,0,0,25
45437,-0.0393343419062027,0.0,0,0,25
80266,-0.0486305198434879,0.0,0,0,25
81857,0.0544585325296196,0.0,0,0,25
90763,0.0081269349845201,0.0,0,0,25
70578,0.054591089730182,0.0,0,0,25
13056,0.1041355256601892,-0.0,0,0,25
80434,0.0635538261997405,-0.0,0,0,25
28222,0.0548596613314775,-0.0,0,0,25
72996,0.1969901601389156,-0.0,0,0,25
91531,0.1839604713036868,-0.0,0,0,25
12431,0.1485365853658538,-0.0,0,0,25
84203,0.1262626262626263,-0.0,0,0,25
54594,0.1184853420195439,-0.0,0,0,25
86804,0.1026915113871635,-0.0,0,0,25
81061,0.1014084507042252,-0.0,0,0,25
83422,0.1010869565217393,-0.0,0,0,25
82272,0.0995098039215687,-0.0,0,0,25
58501,0.1106290672451193,-0.0,0,0,25
90078,0.0822060353798128,-0.0,0,0,25
87789,0.0797401063201419,-0.0,0,0,25
76709,0.0780252297149977,-0.0,0,0,25
77420,0.0758405003909303,-0.0,0,0,25
91468,0.0743525480367583,-0.0,0,0,25
81084,0.0718954248366012,-0.0,0,0,25
90494,0.0697009102730819,-0.0,0,0,25
84161,0.0689354275741709,-0.0,0,0,25
85432,0.0686204431736954,-0.0,0,0,25
57904,0.0957281553398057,-0.0,0,0,25
52813,0.0666666666666666,-0.0,0,0,25
88965,-0.005,0.0,0,0,26
90359,-0.0030303030303029,0.0,0,0,26
91282,0.0041067761806981,0.0,0,0,26
27756,0.0481637567730284,0.0,0,0,26
89615,0.05,0.0,0,0,26
44951,0.0652654867256639,0.0,0,0,26
81560,0.0577777777777777,0.0,0,0,26
61955,0.0605296343001262,0.0,0,0,26
91428,0.0632911392405062,0.0,0,0,26
38746,-0.0140345110928512,0.0,0,0,26
90972,0.072072072072072,0.0,0,0,26
90780,0.0572687224669603,0.0,0,0,26
86435,-0.0185185185185184,0.0,0,0,26
90847,-0.0677966101694915,0.0,0,0,26
81776,-0.0267934312878133,0.0,0,0,26
48072,-0.0291262135922331,0.0,0,0,26
88784,-0.032,0.0,0,0,26
12106,-0.0336134453781512,0.0,0,0,26
91437,-0.0444444444444445,0.0,0,0,26
83934,-0.0531645569620252,0.0,0,0,26
90126,-0.0542986425339366,0.0,0,0,26
46922,-0.0601255719910609,0.0,0,0,26
88341,-0.0662323561346364,0.0,0,0,26
90779,0.0794223826714801,0.0,0,0,26
82839,-0.0681818181818182,0.0,0,0,26
85680,-0.1384083044982699,0.0,0,0,26
88727,-0.1555555555555556,0.0,0,0,26
85656,-0.0196078431372549,0.0,0,0,26
85452,0.0818965517241379,0.0,0,0,26
79965,0.0435458786936235,0.0,0,0,26
90978,0.1012875536480686,-0.0,0,0,26
89215,0.0964285714285715,-0.0,0,0,26
85526,1.519,-0.0,0,0,26
90858,0.7057569296375266,-0.0,0,0,26
86531,0.4519999999999999,-0.0,0,0,26
79580,0.3157202252513027,-0.0,0,0,26
86578,0.3133640552995391,-0.0,0,0,26
44513,0.2975609756097563,-0.0,0,0,26
85889,0.2832432432432432,-0.0,0,0,26
87016,0.2796934865900382,-0.0,0,0,26
89099,0.2593984962406015,-0.0,0,0,26
76123,0.2414772727272727,-0.0,0,0,26
86889,0.2275862068965517,-0.0,0,0,26
59408,0.2182648401826485,-0.0,0,0,26
83421,0.2176308539944904,-0.0,0,0,26
79712,0.3709677419354837,-0.0,0,0,26
87039,0.2088888888888889,-0.0,0,0,26
69586,0.2166666666666667,-0.0,0,0,26
90733,0.1263206247129076,-0.0,0,0,26
90948,0.109375,-0.0,0,0,26
89424,0.1348684210526316,-0.0,0,0,26
11754,0.138004246284501,-0.0,0,0,26
72494,0.1481481481481481,-0.0,0,0,26
39917,0.1342121030557219,-0.0,0,0,26
88384,0.1521068859198355,-0.0,0,0,26
76788,0.1564766839378237,-0.0,0,0,26
81651,0.1599999999999999,-0.0,0,0,26
12166,0.1674641148325359,-0.0,0,0,26
79734,0.1774891774891775,-0.0,0,0,26
85571,0.1494736842105262,-0.0,0,0,26
81294,0.0304425684318239,0.0,0,0,27
26614,0.0318421566712248,0.0,0,0,27
53640,0.0319963947724197,0.0,0,0,27
57568,0.0329386763812993,0.0,0,0,27
77515,0.0348258706467663,0.0,0,0,27
86362,0.0384271671134941,0.0,0,0,27
91500,0.0391872278664731,0.0,0,0,27
64194,0.0421726288152282,0.0,0,0,27
76795,0.0425356750823271,0.0,0,0,27
88152,0.0501646820369903,0.0,0,0,27
32870,0.0444172779136105,0.0,0,0,27
27705,0.0468970380818054,0.0,0,0,27
77763,0.0479185384845761,0.0,0,0,27
76841,0.0481475691730497,0.0,0,0,27
85246,0.0513655725382111,0.0,0,0,27
46690,0.0516759776536313,0.0,0,0,27
75912,0.0518207282913165,0.0,0,0,27
70536,0.0528313824739006,0.0,0,0,27
11781,0.0303687635574836,0.0,0,0,27
37807,0.0435835351089588,0.0,0,0,27
19166,0.0265998457979954,0.0,0,0,27
91516,-0.1128533113265937,0.0,0,0,27
64135,0.0200676437429538,0.0,0,0,27
10026,0.0544262295081967,0.0,0,0,27
78137,-0.0725688073394494,0.0,0,0,27
90808,-0.0470945689327761,0.0,0,0,27
82307,-0.0441540577716644,0.0,0,0,27
59185,-0.0410531012940652,0.0,0,0,27
90011,-0.0291581108829569,0.0,0,0,27
48653,-0.0231977159172019,0.0,0,0,27
85992,-0.0176905757478289,0.0,0,0,27
90110,-0.0101315321720583,0.0,0,0,27
42286,0.0201599999999999,0.0,0,0,27
57817,-0.0098130841121494,0.0,0,0,27
52716,-0.0053057099545225,0.0,0,0,27
43481,0.0003344481605351,0.0,0,0,27
54818,0.0021762785636563,0.0,0,0,27
76839,0.0038197097020626,0.0,0,0,27
79303,0.0053568615093746,0.0,0,0,27
54675,0.0157232704402514,0.0,0,0,27
77300,0.0162129703763009,0.0,0,0,27
84210,0.0184704184704185,0.0,0,0,27
78840,0.019538188277087,0.0,0,0,27
77279,-0.0055555555555555,0.0,0,0,27
84769,0.0549670197881271,0.0,0,0,27
31070,-0.013980868285504,0.0,0,0,27
81282,0.0574576938213302,-0.0,0,0,27
55546,0.1016949152542372,-0.0,0,0,27
81501,0.1031652989449003,-0.0,0,0,27
84785,0.103280680437424,-0.0,0,0,27
28345,0.104117298578199,-0.0,0,0,27
85208,0.1055834876951575,-0.0,0,0,27
86876,0.1064543168482816,-0.0,0,0,27
47255,0.108680310515173,-0.0,0,0,27
90520,0.1127027027027027,-0.0,0,0,27
77520,0.1222862206468762,-0.0,0,0,27
48523,0.0985212214326867,-0.0,0,0,27
82546,0.1229158588600234,-0.0,0,0,27
91033,0.1299019607843137,-0.0,0,0,27
89406,0.1339699863574353,-0.0,0,0,27
10032,0.1402248019163441,-0.0,0,0,27
79866,0.1629006831318968,-0.0,0,0,27
37402,0.1801671951571057,-0.0,0,0,27
87432,0.1830382638492289,-0.0,0,0,27
83928,0.1844940867279896,-0.0,0,0,27
89141,0.2586021505376343,-0.0,0,0,27
77338,0.0555171937577683,-0.0,0,0,27
75460,0.1250732278851785,-0.0,0,0,27
35051,0.0952065385464986,-0.0,0,0,27
30940,0.1304760098615589,-0.0,0,0,27
90535,0.0935828877005346,-0.0,0,0,27
58771,0.0944262295081967,-0.0,0,0,27
40272,0.0584539223153084,-0.0,0,0,27
60580,0.0589245834049132,-0.0,0,0,27
85913,0.0594236164243815,-0.0,0,0,27
77649,0.0595757047369951,-0.0,0,0,27
25953,0.0664112388250319,-0.0,0,0,27
76230,0.0722341568206228,-0.0,0,0,27
65306,0.0737273259215913,-0.0,0,0,27
87034,0.0750170493293929,-0.0,0,0,27
22509,0.0783735248845562,-0.0,0,0,27
88664,0.0662033650329187,-0.0,0,0,27
82699,0.0797747536367903,-0.0,0,0,27
80080,0.0805809021976609,-0.0,0,0,27
59619,0.0812481601413011,-0.0,0,0,27
87812,0.0833333333333334,-0.0,0,0,27
85863,0.0837526959022285,-0.0,0,0,27
35238,0.0839386602098466,-0.0,0,0,27
84381,0.084543254688445,-0.0,0,0,27
87487,0.0862745098039214,-0.0,0,0,27
69550,0.0797138477261112,-0.0,0,0,27
78950,0.0862944162436547,-0.0,0,0,27
90994,0.0170827858081472,0.0,0,0,28
86098,0.0151515151515151,0.0,0,0,28
17523,0.0147601476014758,0.0,0,0,28
83413,0.0142497904442582,0.0,0,0,28
75577,0.013964092333998,0.0,0,0,28
66384,0.0119402985074625,0.0,0,0,28
89387,0.0032126793745985,0.0,0,0,28
81256,0.0062656641604008,0.0,0,0,28
79103,0.0039880358923229,0.0,0,0,28
90277,0.0026917900403768,0.0,0,0,28
84234,0.0189655172413794,0.0,0,0,28
89217,0.002424609789362,0.0,0,0,28
76695,0.0096767757382283,0.0,0,0,28
89204,0.020683244248199,0.0,0,0,28
85738,0.0320044918585065,0.0,0,0,28
43721,0.0221882172915071,0.0,0,0,28
90805,0.022560078469838,0.0,0,0,28
89903,0.0252100840336135,0.0,0,0,28
91366,0.0277029626779532,0.0,0,0,28
90299,0.0284191829484903,0.0,0,0,28
91371,0.0286252354048963,0.0,0,0,28
57808,0.0294530154277699,0.0,0,0,28
82686,0.0298058106277283,0.0,0,0,28
28804,0.0307272727272727,0.0,0,0,28
90867,0.0335515548281504,0.0,0,0,28
91485,0.0366680422095149,0.0,0,0,28
80185,0.0405367626502655,0.0,0,0,28
88597,0.0024077046548955,0.0,0,0,28
76945,0.0207351555136663,0.0,0,0,28
89447,-0.0017323516673883,0.0,0,0,28
89954,-0.0385263664820612,0.0,0,0,28
81666,-0.0075949367088608,0.0,0,0,28
76750,-0.3003640776699028,0.0,0,0,28
64282,-0.0873180873180873,0.0,0,0,28
80034,-0.0780110497237569,0.0,0,0,28
87379,-0.0708556149732621,0.0,0,0,28
90979,-0.0500606270569893,0.0,0,0,28
73219,-0.044375,0.0,0,0,28
85390,-0.0437295318821036,0.0,0,0,28
84172,-0.0427080037962669,0.0,0,0,28
89793,0.0449510012782274,0.0,0,0,28
77488,-0.037169406719085,0.0,0,0,28
81010,-0.0348905972797161,0.0,0,0,28
87264,-0.0325443786982247,0.0,0,0,28
50948,-0.0320649850363403,0.0,0,0,28
46181,-0.0311915159076732,0.0,0,0,28
78841,-0.0311231393775371,0.0,0,0,28
89508,-0.0310030395136777,0.0,0,0,28
40539,-0.02674852006139,0.0,0,0,28
79007,-0.0266762797404469,0.0,0,0,28
91556,-0.0251233045622687,0.0,0,0,28
76128,-0.0226460071513708,0.0,0,0,28
90200,-0.0224719101123596,0.0,0,0,28
88661,-0.0217545100813583,0.0,0,0,28
85963,-0.0211283434479659,0.0,0,0,28
76207,-0.0181086519114688,0.0,0,0,28
88031,-0.0176625328823749,0.0,0,0,28
91463,-0.0175077239958805,0.0,0,0,28
91113,-0.0111815132314572,0.0,0,0,28
81073,-0.0092840932535588,0.0,0,0,28
82231,-0.0084745762711864,0.0,0,0,28
85710,-0.0032266070985357,0.0,0,0,28
79491,0.0463452566096422,0.0,0,0,28
77004,0.0432150482419393,0.0,0,0,28
85035,0.0485021398002853,-0.0,0,0,28
86196,0.1085023934351494,-0.0,0,0,28
83661,0.1149715729627289,-0.0,0,0,28
82618,0.1179372197309416,-0.0,0,0,28
34497,0.1198104220499569,-0.0,0,0,28
84281,0.1210355987055016,-0.0,0,0,28
90083,0.1210676835081028,-0.0,0,0,28
75316,0.1219147344801794,-0.0,0,0,28
86158,0.1278855032317636,-0.0,0,0,28
41080,0.1327224052718287,-0.0,0,0,28
85394,0.1328567173071195,-0.0,0,0,28
89655,0.1341439497940773,-0.0,0,0,28
80135,0.1388564760793464,-0.0,0,0,28
10853,0.1424242424242425,-0.0,0,0,28
11641,0.1430022344099129,-0.0,0,0,28
86717,0.1468568409931325,-0.0,0,0,28
12217,0.1473807662236124,-0.0,0,0,28
87167,0.1501210653753026,-0.0,0,0,28
90312,0.1512182203389831,-0.0,0,0,28
87013,0.1608598962194216,-0.0,0,0,28
10661,0.1615519433657513,-0.0,0,0,28
81774,0.1852546387682592,-0.0,0,0,28
78170,0.1859529080297848,-0.0,0,0,28
88458,0.0466595970307528,-0.0,0,0,28
85440,0.2146153846153846,-0.0,0,0,28
87077,0.2614308768154922,-0.0,0,0,28
91571,0.2805676855895196,-0.0,0,0,28
75905,0.2842528315674095,-0.0,0,0,28
88167,0.3030794165316044,-0.0,0,0,28
85567,0.3064856314263116,-0.0,0,0,28
26084,0.1045685279187818,-0.0,0,0,28
89509,0.0992053637943877,-0.0,0,0,28
89574,0.1866813949818526,-0.0,0,0,28
64929,0.0971563981042655,-0.0,0,0,28
55597,0.0977272727272726,-0.0,0,0,28
87184,0.0494252873563219,-0.0,0,0,28
80050,0.0508620689655172,-0.0,0,0,28
82281,0.0535475234270415,-0.0,0,0,28
83111,0.053629823413996,-0.0,0,0,28
90550,0.0538789698214567,-0.0,0,0,28
91683,0.0567272727272727,-0.0,0,0,28
91614,0.0593071051086318,-0.0,0,0,28
90814,0.0663871418588399,-0.0,0,0,28
91402,0.0679734429339236,-0.0,0,0,28
77281,0.0713680643795002,-0.0,0,0,28
61138,0.0718062900083496,-0.0,0,0,28
75182,0.0733250791030402,-0.0,0,0,28
84656,0.0751838736039225,-0.0,0,0,28
91152,0.0512408759124087,-0.0,0,0,28
82642,0.077148958889482,-0.0,0,0,28
76856,0.0764154220215351,-0.0,0,0,28
26382,0.0924455304418652,-0.0,0,0,28
84561,0.0842105263157895,-0.0,0,0,28
75241,0.083759830233429,-0.0,0,0,28
64961,0.0826484726314156,-0.0,0,0,28
88897,0.0802292263610315,-0.0,0,0,28
90940,0.089657606777268,-0.0,0,0,28
82598,0.0791282151973296,-0.0,0,0,28
79915,0.0790064342361214,-0.0,0,0,28
76798,0.0782988871224164,-0.0,0,0,28
85427,0.0782339271882262,-0.0,0,0,28
87478,0.080068143100511,-0.0,0,0,28
84084,0.0773722627737225,-0.0,0,0,28
89014,0.0392436674991081,0.0,0,0,29
10516,0.0375991721283202,0.0,0,0,29
87659,0.0356584742150873,0.0,0,0,29
75489,0.0345297592003632,0.0,0,0,29
88924,0.0270992366412214,0.0,0,0,29
85079,0.0262773722627738,0.0,0,0,29
90455,0.0241785492870427,0.0,0,0,29
90989,0.0218340611353711,0.0,0,0,29
60628,0.0207418788410886,0.0,0,0,29
23042,0.0301624129930393,0.0,0,0,29
89699,0.0395010395010395,0.0,0,0,29
19393,0.0491283676703646,0.0,0,0,29
89006,0.0416528925619834,0.0,0,0,29
52898,0.0431554524361947,0.0,0,0,29
89905,0.0477178423236512,0.0,0,0,29
42534,0.0482985729967071,0.0,0,0,29
15721,0.0497191011235953,0.0,0,0,29
90044,0.0546461848400907,0.0,0,0,29
85419,0.0567823343848581,0.0,0,0,29
85763,0.0570945945945944,0.0,0,0,29
81624,0.0572937830150346,0.0,0,0,29
47861,0.0204081632653061,0.0,0,0,29
88839,0.0408163265306122,0.0,0,0,29
11896,0.0159139784946236,0.0,0,0,29
75714,-0.030379746835443,0.0,0,0,29
84280,0.0067624683009297,0.0,0,0,29
18570,0.0584457289659601,0.0,0,0,29
80432,-0.1133333333333332,0.0,0,0,29
65294,-0.0933080372542255,0.0,0,0,29
80679,-0.0768662232076865,0.0,0,0,29
63715,-0.0653780557134734,0.0,0,0,29
91498,-0.0571428571428572,0.0,0,0,29
90963,-0.0535424553812871,0.0,0,0,29
68830,-0.0483271375464684,0.0,0,0,29
89456,-0.0419026047565117,0.0,0,0,29
10421,-0.0352069178505251,0.0,0,0,29
18411,0.0135206786850476,0.0,0,0,29
75107,-0.1628919860627178,0.0,0,0,29
87827,-0.0231548480463097,0.0,0,0,29
10866,-0.020393811533052,0.0,0,0,29
86178,-0.0172095881991395,0.0,0,0,29
11368,-0.0171543895055499,0.0,0,0,29
85333,-0.0168539325842697,0.0,0,0,29
71942,-0.0133356460016411,0.0,0,0,29
64450,0.0,0.0,0,0,29
27828,0.0040543763415217,0.0,0,0,29
22111,0.0048740861088547,0.0,0,0,29
83124,0.0063761955366632,0.0,0,0,29
88807,-0.0265035677879714,0.0,0,0,29
85804,0.0614525139664805,0.0,0,0,29
81165,0.2189473684210525,-0.0,0,0,29
90441,0.0674486803519061,-0.0,0,0,29
56573,0.1211421373084189,-0.0,0,0,29
69199,0.1303703703703704,-0.0,0,0,29
13928,0.1317932524513876,-0.0,0,0,29
61735,0.1468095712861417,-0.0,0,0,29
45495,0.1578772802653398,-0.0,0,0,29
66181,0.1605428666004635,-0.0,0,0,29
14461,0.1666666666666667,-0.0,0,0,29
80233,0.1810089020771512,-0.0,0,0,29
91575,0.1818923327895596,-0.0,0,0,29
76624,0.1848275862068964,-0.0,0,0,29
31668,0.119281045751634,-0.0,0,0,29
79878,0.1903304773561811,-0.0,0,0,29
78077,0.2282438770192807,-0.0,0,0,29
76489,0.2322733557179537,-0.0,0,0,29
83333,0.2492599171107163,-0.0,0,0,29
91114,0.2510489510489511,-0.0,0,0,29
83541,0.2519524617996604,-0.0,0,0,29
63079,0.2601941747572815,-0.0,0,0,29
89792,0.2805814591332967,-0.0,0,0,29
75447,0.3186646884272996,-0.0,0,0,29
86594,0.3342956120092377,-0.0,0,0,29
86047,0.0646551724137931,0.0,0,0,29
10656,0.2016021361815754,-0.0,0,0,29
19502,0.1179340028694404,-0.0,0,0,29
90088,0.3213296398891965,-0.0,0,0,29
84403,0.1142094334025511,-0.0,0,0,29
12008,0.1157337367624811,-0.0,0,0,29
64899,0.0753158406219631,-0.0,0,0,29
10294,0.0774354704412989,-0.0,0,0,29
46877,0.0815556865055981,-0.0,0,0,29
86720,0.0824445085038916,-0.0,0,0,29
84365,0.0832532205345126,-0.0,0,0,29
38156,0.083735203857957,-0.0,0,0,29
83879,0.0840816326530613,-0.0,0,0,29
10163,0.0855106888361045,-0.0,0,0,29
62228,0.0910569105691057,-0.0,0,0,29
84168,0.0694677871148459,-0.0,0,0,29
22293,0.0939977349943375,-0.0,0,0,29
70033,0.1083759590792838,-0.0,0,0,29
86548,0.0924539170506912,-0.0,0,0,29
87086,0.1081560283687943,-0.0,0,0,29
77037,0.1076869806094182,-0.0,0,0,29
89413,0.1065217391304347,-0.0,0,0,29
91403,0.0680170575692964,-0.0,0,0,29
47571,0.1007983870967741,-0.0,0,0,29
89781,0.096888538794801,-0.0,0,0,29
79026,0.096236423339227,-0.0,0,0,29
20626,0.0949326491340603,-0.0,0,0,29
79884,0.1055381400208985,-0.0,0,0,29
90216,0.0122198102392743,0.0,0,0,30
90447,0.0126160337552743,0.0,0,0,30
72232,0.0136186770428015,0.0,0,0,30
78147,0.0149999999999999,0.0,0,0,30
11131,0.0175879396984923,0.0,0,0,30
84413,0.0207468879668049,0.0,0,0,30
91515,0.0218978102189779,0.0,0,0,30
62042,0.0234505862646567,0.0,0,0,30
88534,0.0253164556962024,0.0,0,0,30
26650,0.032142857142857,0.0,0,0,30
91609,0.0394736842105263,0.0,0,0,30
85770,0.0397435897435896,0.0,0,0,30
82266,0.04296875,0.0,0,0,30
81869,0.0492753623188406,0.0,0,0,30
87652,0.0665236051502145,0.0,0,0,30
47706,0.0702028081123244,0.0,0,0,30
75596,0.0714285714285714,0.0,0,0,30
80971,0.0717299578059071,0.0,0,0,30
59627,0.0114942528735633,0.0,0,0,30
86840,0.0744047619047618,0.0,0,0,30
92807,0.0259740259740259,0.0,0,0,30
20504,0.0447058823529413,0.0,0,0,30
77892,-0.0384615384615385,0.0,0,0,30
16030,0.0107088220295767,0.0,0,0,30
62296,0.0758017492711369,0.0,0,0,30
88779,-0.0999999999999999,0.0,0,0,30
89597,-0.0791366906474819,0.0,0,0,30
90292,-0.0649999999999999,0.0,0,0,30
84416,-0.0621301775147928,0.0,0,0,30
91405,-0.0556492411467116,0.0,0,0,30
85751,-0.0500263157894735,0.0,0,0,30
90640,-0.0487473431130004,0.0,0,0,30
88368,-0.0487179487179486,0.0,0,0,30
84026,0.0113636363636364,0.0,0,0,30
80585,-0.0462184873949579,0.0,0,0,30
85980,-0.0419426048565122,0.0,0,0,30
91205,-0.033112582781457,0.0,0,0,30
85991,-0.0248756218905471,0.0,0,0,30
75733,-0.0242130750605326,0.0,0,0,30
91618,-0.018939393939394,0.0,0,0,30
76843,-0.0125786163522011,0.0,0,0,30
90656,-0.0069650368940072,0.0,0,0,30
61700,-0.0022222222222221,0.0,0,0,30
76553,0.0035690307077989,0.0,0,0,30
30593,-0.0427184466019419,0.0,0,0,30
88944,0.0771449170872387,-0.0,0,0,30
64995,0.1752988047808763,-0.0,0,0,30
91192,0.0795079507950795,-0.0,0,0,30
91615,0.1884765625,-0.0,0,0,30
87140,0.1920529801324504,-0.0,0,0,30
51263,0.1939890710382512,-0.0,0,0,30
89889,0.1999999999999999,-0.0,0,0,30
75730,0.1999999999999999,-0.0,0,0,30
83616,0.2091346153846154,-0.0,0,0,30
91360,0.2146341463414636,-0.0,0,0,30
84129,0.2457583547557842,-0.0,0,0,30
86122,0.2483221476510066,-0.0,0,0,30
90081,0.1825962910128387,-0.0,0,0,30
78062,0.2728272827282729,-0.0,0,0,30
89659,0.3103448275862071,-0.0,0,0,30
91141,0.3389232127096204,-0.0,0,0,30
57509,0.3414448669201522,-0.0,0,0,30
87162,0.3517587939698492,-0.0,0,0,30
87494,0.3863636363636362,-0.0,0,0,30
87797,0.4115853658536585,-0.0,0,0,30
87501,0.6816326530612244,-0.0,0,0,30
86977,0.9844693701466782,-0.0,0,0,30
85838,-0.1041666666666666,0.0,0,0,30
83391,0.3015873015873014,-0.0,0,0,30
78189,0.0794701986754966,-0.0,0,0,30
86042,0.1773778920308484,-0.0,0,0,30
77855,0.165532879818594,-0.0,0,0,30
91610,0.0804597701149425,-0.0,0,0,30
76568,0.0811965811965811,-0.0,0,0,30
72980,0.0836466165413531,-0.0,0,0,30
79791,0.0844444444444443,-0.0,0,0,30
83602,0.0852631578947369,-0.0,0,0,30
76963,0.0857142857142858,-0.0,0,0,30
16505,0.0902777777777779,-0.0,0,0,30
91400,0.0935645161290321,-0.0,0,0,30
90854,0.0956284153005464,-0.0,0,0,30
90699,0.1680497925311201,-0.0,0,0,30
63125,0.0974658869395712,-0.0,0,0,30
10779,0.1042944785276074,-0.0,0,0,30
82825,0.1100386100386101,-0.0,0,0,30
90325,0.1101449275362318,-0.0,0,0,30
46392,0.1136054421768708,-0.0,0,0,30
91363,0.1136363636363635,-0.0,0,0,30
89643,0.1223300970873786,-0.0,0,0,30
79006,0.1343283582089551,-0.0,0,0,30
85565,0.1386792452830187,-0.0,0,0,30
77478,0.1538461538461539,-0.0,0,0,30
75828,0.0985915492957745,-0.0,0,0,30
83575,-0.1351351351351351,0.0,0,0,30
