Firm Name,Momentum_1,Long Short,Cluster Index
LLSV_15-L,0.0068965517241379,0,-1
LQWX_19-L^B05,0.0,0,-1
LQXE_97-L^K11,0.4128440366972477,0,-1
LQXF_10-L^B03,-0.1851851851851851,0,-1
LQXG_10-L^G04,0.2538461538461536,0,-1
LQXU_18-L^L07,0.0,0,-1
LQXY_03-L^G10,-0.206896551724138,0,-1
LQYB_07-L^G12,0.0462427745664739,0,-1
LQYD_41-L^D07,-0.088888888888889,0,-1
LQYE_79-L,-0.0624999999999998,0,-1
LQYK_79-L^K16,0.4399999999999999,0,-1
LQWW_06-L,0.0,0,-1
LQYL_05-L^E06,-0.0137931034482758,0,-1
LRIW_74-L^G06,-0.1176470588235295,0,-1
LRIY_22-L^L06,-0.1666666666666667,0,-1
LRJH_00-L^G02,0.0,0,-1
LRLF_06-L^I03,-0.0267857142857143,0,-1
LRLI_53-L^D05,0.0588235294117645,0,-1
LRLM_44-L^K06,-0.1331269349845202,0,-1
LRMN_M3-L,-0.0454545454545455,0,-1
LRMP_19-L^F01,-0.1587301587301586,0,-1
LRMS_89-L^E09,0.81140350877193,0,-1
LROS_40-L,0.2769230769230768,0,-1
LRHF_85-L^A05,0.1599999999999999,0,-1
LRSP_43-L^B00,0.0,0,-1
LQWF_60-L^A08,0.0110294117647058,0,-1
LQVY_49-L^E11,0.0081300813008131,0,-1
LQQC_90-L^J07,-0.25,0,-1
LQQP_11-L^C09,0.0,0,-1
LQQR_30-L^E05,0.2954545454545454,0,-1
LQRO_00-L^E03,-0.026178010471204,0,-1
LQRW_68-L^B11,0.0526315789473683,0,-1
LQRY_47-L^J20,-0.1416666666666666,0,-1
LQRZ_17-L^E05,-0.0092592592592594,0,-1
LQSF_86-L,0.0188679245283018,0,-1
LQSI_28-L^L16,0.3238636363636364,0,-1
LQSJ_26-L,0.0,0,-1
LQWE_04-L^A22,0.2392156862745098,0,-1
LQSN_80-L,-0.1626506024096385,0,-1
LQTC_61-L^C02,0.0304659498207884,0,-1
LQTS_90-L^G00,0.1071428571428569,0,-1
LQUL_G7-L,0.2352801660243106,0,-1
LQUO_58-L^I16,0.0869565217391303,0,-1
LQUT_40-L^A17,0.125,0,-1
LQUU_62-L^E07,0.3500000000000001,0,-1
LQUY_33-L^K05,0.04,0,-1
LQUZ_X0-L,-0.249211660982045,0,-1
LQVD_82-L^J07,-0.0172413793103446,0,-1
LQVS_K9-L^J09,-0.0429906542056074,0,-1
LQST_21-L^B00,0.0615384615384615,0,-1
LQPH_45-L^C06,0.0714285714285714,0,-1
LRTP_07-L,0.0,0,-1
LTBR_63-L^F01,-0.1176470588235294,0,-1
LUIM_08-L^I01,-0.0884615384615384,0,-1
LUKC_39-L,-0.0024691358024691,0,-1
LUKZ_70-L^D03,0.5974025974025974,0,-1
LULF_34-L^B07,0.0105820105820106,0,-1
LULI_60-L,0.0,0,-1
LULR_10-L,0.0625,0,-1
LULT_79-L,-0.1273486430062631,0,-1
LULV_56-L^B05,-0.0722891566265059,0,-1
LULZ_37-L^F19,-0.0655737704918033,0,-1
LUMA_76-L^A23,0.1941747572815533,0,-1
LUIL_32-L^I07,0.087962962962963,0,-1
LUMI_00-L^F01,0.0273972602739727,0,-1
LVWW_13-L^C07,-0.0070921985815602,0,-1
LVXA_42-L^J03,0.0,0,-1
LVZJ_34-L^G04,0.1428571428571428,0,-1
LVZR_67-L^L00,0.0398230088495574,0,-1
LWBE_83-L^F07,0.1111111111111111,0,-1
LWBK_05-L^G00,-0.037037037037037,0,-1
LWBM_78-L^I05,0.2310756972111551,0,-1
LWCO_33-L,-0.0266666666666667,0,-1
LWFQ_72-L^H00,0.3235294117647058,0,-1
LWFX_41-L,-0.2120141342756184,0,-1
LUMJ_12-L^F07,0.0,0,-1
LRUY_15-L^A01,0.0,0,-1
LUIF_63-L^F01,0.0,0,-1
LUHP_34-L,0.108695652173913,0,-1
LTBU_80-L^B00,0.0,0,-1
LTBV_69-L^A03,0.0689655172413794,0,-1
LTBW_29-L^C15,-0.0222222222222222,0,-1
LTCA_73-L^B03,-0.0727969348659003,0,-1
LTCC_07-L^D07,0.1148148148148147,0,-1
LTCF_88-L^K00,0.3478260869565217,0,-1
LTCL_39-L^F08,-0.0394736842105263,0,-1
LTCN_99-L,-0.1412322274881516,0,-1
LTCQ_47-L,-0.2748917748917748,0,-1
LTDC_G4-L^I12,-0.0571428571428571,0,-1
LUHT_81-L^I00,-0.0346534653465346,0,-1
LTDJ_75-L^E07,0.0172413793103447,0,-1
LTDO_04-L^A03,0.0428571428571429,0,-1
LTDS_06-L,0.3396226415094339,0,-1
LTDU_09-L^I03,-0.161764705882353,0,-1
LTED_08-L^A07,-0.1650485436893204,0,-1
LTEF_96-L^I10,0.1333333333333335,0,-1
LTGY_56-L^I11,0.0576923076923077,0,-1
LTHY_66-L^H01,0.0098039215686274,0,-1
LTIB_11-L,-0.1359999999999999,0,-1
LTIZ_35-L,-0.14,0,-1
LUGQ_58-L^G05,0.0666666666666666,0,-1
LTDN_51-L^J01,0.2545454545454544,0,-1
LQOX_C6-L^H07,0.7267080745341614,0,-1
LQOU_31-L^F09,0.0566037735849056,0,-1
LQOS_64-L^I16,0.0476190476190476,0,-1
LNFY_10-L^E11,-0.0188679245283017,0,-1
LNFZ_07-L^K01,-0.1394052044609665,0,-1
LNHD_R1-L^A09,-0.0754716981132076,0,-1
LNHH_78-L^B01,-0.0859538784067084,0,-1
LNOQ_45-L^C05,-0.0408163265306122,0,-1
LNOU_05-L^K20,-0.0306748466257668,0,-1
LNQU_90-L^G02,-0.0277777777777777,0,-1
LNRL_20-L^A06,0.0445205479452055,0,-1
LNSP_06-L^F00,0.3750000000000002,0,-1
LNTH_27-L,-0.0612244897959183,0,-1
LNES_33-L^E00,0.1608695652173912,0,-1
LNUP_82-L,0.0645161290322582,0,-1
LNWZ_T6-L^G12,0.0175438596491228,0,-1
LNYI_Z4-L^C10,-0.2363636363636363,0,-1
LNYJ_71-L^A07,0.1730769230769229,0,-1
LNZY_69-L^D04,0.1404958677685952,0,-1
LODH_16-L^B00,0.0576923076923077,0,-1
LODM_G0-L,0.4193548387096775,0,-1
LOEB_34-L^G12,0.3258785942492013,0,-1
LOGQ_06-L^F05,-0.0128205128205128,0,-1
LOHV_12-L^E06,0.3958333333333335,0,-1
LOIF_35-L^F18,0.1399999999999999,0,-1
LNWC_76-L^E05,0.1107692307692307,0,-1
LOIM_83-L^D20,-0.0729166666666666,0,-1
LNDU_17-L^J14,0.1395348837209302,0,-1
LMZA_L3-L^J12,-0.0705128205128206,0,-1
LLVM_66-L,0.5,0,-1
LLVY_05-L,-0.0490196078431373,0,-1
LLWK_Y4-L^E09,-0.1761904761904762,0,-1
LLXA_15-L^F09,0.0,0,-1
LMEO_W1-L,-0.0384615384615385,0,-1
LMFD_42-L^I00,0.0,0,-1
LMFN_11-L^L11,-0.1702127659574467,0,-1
LMFU_49-L^I00,0.0248756218905474,0,-1
LMFZ_17-L^I00,-0.0909090909090909,0,-1
LMGC_74-L,-0.0516605166051661,0,-1
LNAP_73-L^H06,0.0925925925925925,0,-1
LMGK_46-L^G10,-0.0075757575757575,0,-1
LMHP_13-L^F02,0.0077519379844961,0,-1
LMHU_17-L,-0.25,0,-1
LMIA_73-L^H00,-0.1048034934497817,0,-1
LMIC_19-L^K07,0.0,0,-1
LMIU_79-L^I15,0.1111111111111111,0,-1
LMKV_52-L^J05,-0.1717171717171717,0,-1
LMLR_31-L^L03,0.2391713747645951,0,-1
LMMU_17-L^K04,-0.1074380165289254,0,-1
LMND_77-L^G05,-0.0701754385964911,0,-1
LMYR_34-L^B00,0.1784841075794623,0,-1
LMGN_43-L^D23,-0.2475247524752475,0,-1
LOIR_08-L,0.1076115485564304,0,-1
LOIU_72-L,0.0,0,-1
LOJC_T9-L,0.0163934426229508,0,-1
LQGM_77-L,0.0208333333333332,0,-1
LQGQ_02-L^F03,-0.108108108108108,0,-1
LQGR_56-L^K04,0.1212121212121211,0,-1
LQIR_26-L^L06,0.5294117647058822,0,-1
LQIT_75-L,0.0,0,-1
LQIU_44-L^A01,0.4285714285714286,0,-1
LQIX_46-L^B01,-0.0833333333333332,0,-1
LQJC_81-L^I22,0.1538461538461539,0,-1
LQJG_50-L^I09,0.0333333333333334,0,-1
LQND_13-L^B00,0.0093457943925234,0,-1
LQGG_25-L^A09,-0.2272727272727271,0,-1
LQNF_R2-L^E23,-0.1197339246119733,0,-1
LQNP_98-L^J08,0.7222222222222223,0,-1
LQNR_80-L^L08,0.0857142857142858,0,-1
LQNV_23-L^L18,-0.04,0,-1
LQNX_52-L^D01,-0.0625,0,-1
LQNZ_50-L^G03,0.0477178423236512,0,-1
LQOA_07-L,0.0,0,-1
LQOB_54-L^E05,-0.0689655172413792,0,-1
LQOJ_65-L^F13,0.0890277235454901,0,-1
LQOL_12-L^C03,-0.2222222222222221,0,-1
LQOP_56-L^I07,0.0138888888888888,0,-1
LQNN_38-L^J00,-0.0547945205479452,0,-1
LQFY_95-L^F11,-0.0128205128205128,0,-1
LPTA_36-L^B02,0.2916666666666667,0,-1
LPQM_22-L^A02,0.1842105263157893,0,-1
LOKI_30-L,0.032258064516129,0,-1
LOMY_K2-L^D20,0.5267175572519083,0,-1
LONZ_65-L,-0.1666666666666666,0,-1
LOSI_10-L^F01,0.0111940298507462,0,-1
LOTE_19-L^I00,-0.0625,0,-1
LOUJ_24-L^A04,0.06,0,-1
LOVR_69-L^F09,0.0714285714285714,0,-1
LOWV_85-L^C07,0.0196850393700787,0,-1
LOXK_14-L^E14,-0.1096491228070175,0,-1
LOYE_09-L^G04,-0.2162162162162162,0,-1
LPDL_21-L,-0.0854700854700853,0,-1
LPFD_87-L^B01,-0.2162162162162162,0,-1
LPFG_10-L^J00,-0.108108108108108,0,-1
LPFL_58-L^A05,0.0814814814814814,0,-1
LPGR_01-L^H21,-0.0104166666666666,0,-1
LPGU_S9-L^G22,-0.1096938775510203,0,-1
LPHR_71-L^K08,0.3529411764705881,0,-1
LPIG_05-L^L03,0.0,0,-1
LPIJ_89-L^A05,-0.1666666666666666,0,-1
LPIO_25-L^J02,-0.0303030303030302,0,-1
LPKH_46-L^B06,-0.0259740259740259,0,-1
LPLI_30-L,0.1212121212121211,0,-1
LPLR_83-L^A04,-0.0816326530612244,0,-1
LWGF_59-L^I03,-0.0258064516129032,0,-1
LWIG_07-L^H04,-0.0589473684210526,0,-1
LWII_76-L^D00,0.1544117647058822,0,-1
LWJE_89-L^B01,-0.1149394347240914,0,-1
MPIK_35-L,0.0825688073394494,0,-1
MPPD_74-L^I03,-0.0540540540540539,0,-1
MPRA_K7-L^G03,-0.0471698113207547,0,-1
MPUC_18-L^A01,-0.0058479532163743,0,-1
MPWH_47-L^G16,-0.1325301204819277,0,-1
MPZB_70-L^C11,-0.0714285714285715,0,-1
MQBY_64-L^J00,0.09375,0,-1
MQEN_M5-L^B08,-0.2272727272727273,0,-1
MQFA_K7-L,0.0758620689655173,0,-1
MQFB_07-L,0.10752688172043,0,-1
MPHH_H7-L^G19,0.1393728222996515,0,-1
MQFQ_13-L^B07,0.0833333333333334,0,-1
MQKT_31-L^B00,0.0,0,-1
MQLD_12-L^I00,-0.1702127659574467,0,-1
MQOO_63-L^A01,-0.0588235294117647,0,-1
MQPG_44-L^B17,0.0056542810985458,0,-1
MQVH_61-L,0.0718954248366012,0,-1
MQWC_J1-L,0.0658914728682169,0,-1
MQWF_93-L,0.0064935064935065,0,-1
MQXV_40-L^A06,-0.1063829787234041,0,-1
MQYR_95-L,0.0499999999999998,0,-1
MQYW_31-L^H19,0.9661654135338348,0,-1
MQGF_85-L^E05,0.1764705882352941,0,-1
MQZI_72-L^F06,0.0123456790123455,0,-1
MPFE_66-L^G04,-0.1249999999999998,0,-1
MPEO_X0-L,-0.0240549828178695,0,-1
MOMT_25-L,0.0418848167539267,0,-1
MOMY_13-L^B02,-0.0526315789473684,0,-1
MONB_27-L^B00,0.5,0,-1
MONE_35-L^J15,0.0445246690734053,0,-1
MONM_19-L^H00,-0.0357142857142857,0,-1
MONX_05-L^F03,0.0227272727272727,0,-1
MOOJ_60-L^J01,0.0909090909090908,0,-1
MOOK_52-L^H18,-0.1888297872340425,0,-1
MOOT_00-L^B03,-0.1875,0,-1
MOOY_46-L^B02,-0.0648148148148148,0,-1
MPET_13-L^C02,0.2865853658536585,0,-1
MOPD_04-L^G08,-0.073170731707317,0,-1
MOPJ_12-L^E04,-0.0718954248366013,0,-1
MOPS_20-L^I00,-0.057142857142857,0,-1
MOPT_99-L^C03,-0.0114285714285714,0,-1
MOPW_03-L^D00,-0.3333333333333332,0,-1
MOQA_21-L^A02,-0.2758620689655172,0,-1
MOQJ_36-L,-0.0638297872340425,0,-1
MOQU_01-L^K06,-0.054054054054054,0,-1
MORB_X0-L,0.2147102526002973,0,-1
MORN_72-L^E12,-0.4404761904761904,0,-1
MPDV_23-L^F07,0.1,0,-1
MOPH_37-L^E05,0.0,0,-1
MRYI_36-L,-0.2075471698113208,0,-1
MSBY_86-L,0.1697893705608621,0,-1
MSBZ_52-L^D14,-0.0208333333333333,0,-1
WZS_56-L^D08,-0.143546441495778,0,-1
XAP_86-L^E00,0.2796116504854367,0,-1
XBU_08-L^J00,-0.1505376344086021,0,-1
XCC_Q6-L^C09,-0.0141843971631206,0,-1
XCD_99-L,-0.1233766233766233,0,-1
XDF_T8-L,-0.1642857142857143,0,-1
XDI_Y7-L^L03,-0.1154545454545453,0,-1
XDM_F2-L^I22,0.0849056603773583,0,-1
XDS_N8-L^D09,-0.1104387291981846,0,-1
XDT_84-L,-0.185473411154345,0,-1
WZG_54-L^I01,-0.1682892906815021,0,-1
XDX_13-L^K08,-0.0638297872340425,0,-1
XEX_66-L^G01,0.0,0,-1
XFY_J9-L^A09,-0.125,0,-1
XIL_K6-L^I20,-0.142857142857143,0,-1
XJA_54-L,-0.0588235294117648,0,-1
XKG_55-L^H00,-0.0655737704918032,0,-1
XKZ_32-L,-0.0526315789473682,0,-1
XNL_02-L^H09,-0.1304347826086955,0,-1
XZO_68-L^G01,-0.0042194092827004,0,-1
YCB_24-L^H19,0.0,0,-1
YDO_74-L^I02,-0.0373563218390804,0,-1
XEM_R2-L^F21,-0.1366055588409225,0,-1
WWA_04-L^D09,-0.1347387717690192,0,-1
WAW_S3-L,0.172628304821151,0,-1
VPZ_06-L^F18,-0.074964639321075,0,-1
MSDN_38-L^C03,0.0555555555555555,0,-1
MSQG_H1-L^C06,-0.0337078651685394,0,-1
MSQH_16-L^L16,-0.1743589743589743,0,-1
MSQK_12-L^F00,0.28125,0,-1
MSQO_06-L^G05,-0.046242774566474,0,-1
MSRA_50-L^G03,-0.0666666666666665,0,-1
MSRF_56-L^E02,0.3092672413793105,0,-1
MSRP_01-L^C12,-0.2558139534883721,0,-1
MSRS_84-L^J17,-0.0413564929693961,0,-1
MSRX_77-L^I04,-0.0481927710843372,0,-1
MSSM_59-L,-0.0714285714285715,0,-1
NKRG_71-L^K08,-0.1911764705882352,0,-1
NLY_Z9-L^I09,0.0954982105857975,0,-1
NVJ_39-L^G03,-0.0477815699658703,0,-1
QBE_P7-L,-0.1907114624505929,0,-1
STL_65-L,-0.1723300970873786,0,-1
SZI_08-L^H07,-0.1117533718689788,0,-1
TRI_95-L^D00,-0.1293233082706767,0,-1
UEM_23-L^F05,-0.1379310344827586,0,-1
URC_45-L^H14,-0.1672597864768683,0,-1
VBA_B9-L^C13,-0.1538461538461539,0,-1
VHS_25-L^A04,-0.0215588723051409,0,-1
VPT_B4-L,0.0988786952089704,0,-1
MOMR_D9-L^J17,-0.0285714285714284,0,-1
LLVF_88-L,0.0460526315789473,0,-1
MOML_G7-L,0.0588235294117645,0,-1
MOMJ_59-L^H19,0.0,0,-1
LXXX_31-L^D09,-0.0999999999999998,0,-1
LXYG_99-L^K06,0.108695652173913,0,-1
LXZC_25-L^I00,-0.096085409252669,0,-1
LXZN_74-L^G12,-0.0918032786885245,0,-1
LYBL_69-L^F01,-0.159090909090909,0,-1
LYNC_14-L^J00,0.0259067357512954,0,-1
LYNI_23-L^L00,0.1052631578947367,0,-1
LYNK_79-L^B05,0.1739130434782609,0,-1
LYNN_60-L^C00,0.0,0,-1
LYOB_40-L^F02,-0.0833333333333332,0,-1
LXXV_95-L,0.0617848970251715,0,-1
LYOH_10-L^F00,0.0714285714285714,0,-1
LZHV_80-L^H10,-0.0909090909090909,0,-1
LZHW_97-L^B03,-0.1020408163265306,0,-1
LZME_09-L^L01,0.0528375733855184,0,-1
LZMT_35-L^D06,0.0220588235294116,0,-1
LZNJ_16-L^K06,-0.2297297297297298,0,-1
LZNS_52-L^L05,-0.0434782608695653,0,-1
LZNT_72-L^C08,0.5862068965517244,0,-1
LZNX_41-L^F01,0.0333333333333334,0,-1
LZOO_77-L^J22,0.0424028268551237,0,-1
LZOQ_40-L^J03,0.0428571428571429,0,-1
LYYS_82-L^A08,0.2078651685393258,0,-1
LZOS_22-L,0.0,0,-1
LXWQ_54-L^G17,-0.1929824561403508,0,-1
LXUH_C1-L,-0.037037037037037,0,-1
LWLC_61-L,0.3092783505154639,0,-1
LWLY_53-L^G03,0.1291208791208791,0,-1
LWMD_90-L^F04,0.0319148936170212,0,-1
LWNH_68-L,0.0634920634920634,0,-1
LWOD_54-L^E05,0.1355932203389831,0,-1
LWOO_59-L^D09,0.0769230769230771,0,-1
LWPT_65-L^G02,-0.052173913043478,0,-1
LWWB_49-L^C04,0.1074380165289257,0,-1
LWXY_20-L^H02,-0.0641025641025642,0,-1
LWXZ_J4-L,-0.1854838709677418,0,-1
LXWG_56-L^H13,-0.0078740157480314,0,-1
LXFW_X9-L,0.0,0,-1
LXKH_10-L^E07,0.0,0,-1
LXLD_81-L,0.0240963855421687,0,-1
LXMS_34-L^G20,-0.0481927710843373,0,-1
LXMV_K0-L,0.032258064516129,0,-1
LXNH_78-L^E05,0.0,0,-1
LXNQ_40-L^J00,0.0666666666666666,0,-1
LXOK_80-L,-0.2272727272727273,0,-1
LXQA_73-L^C08,0.0370370370370369,0,-1
LXTM_08-L^H01,-0.0378378378378378,0,-1
LXUA_56-L^B13,0.4278260869565218,0,-1
LXGK_40-L,-0.0943396226415095,0,-1
LZPC_92-L,-0.0679999999999999,0,-1
LZPN_F6-L^J09,0.0393013100436681,0,-1
LZPX_13-L^A01,0.0080645161290322,0,-1
MBPF_59-L,0.0769230769230771,0,-1
MBUU_24-L,0.2608695652173913,0,-1
MNLV_48-L^A05,-0.0952380952380952,0,-1
MNMF_61-L^I05,0.411764705882353,0,-1
MNMN_75-L^G06,0.2777251184834122,0,-1
MNMQ_24-L^I10,0.0,0,-1
MNMV_81-L^I00,0.0,0,-1
MNNG_23-L^J00,0.0,0,-1
MNNR_77-L^I01,0.125,0,-1
MNNT_J9-L,0.6086956521739129,0,-1
MBOY_74-L^K21,0.0303030303030302,0,-1
MNOD_69-L^E02,0.0335195530726257,0,-1
MNOS_99-L^B06,0.2222222222222223,0,-1
MOKP_09-L^G05,0.4838709677419355,0,-1
MOKZ_41-L^K00,0.078125,0,-1
MOLD_05-L^I07,-0.05,0,-1
MOLJ_97-L^F06,0.3333333333333335,0,-1
MOLK_68-L^A05,0.0909090909090908,0,-1
MOLQ_85-L^J07,0.5850622406639003,0,-1
MOLU_09-L^G00,0.0306122448979591,0,-1
MOLX_03-L^G19,0.1333333333333335,0,-1
MOLZ_55-L,-0.1964285714285715,0,-1
MNOI_49-L^A04,-0.1534569983136594,0,-1
MBMW_F3-L,0.0204081632653061,0,-1
MBMF_02-L^L00,-0.1679999999999999,0,-1
MBME_31-L,0.2237569060773478,0,-1
LZQO_59-L^G05,0.1428571428571428,0,-1
LZQW_61-L^H00,0.0714285714285714,0,-1
LZWB_10-L^F03,-0.1144067796610169,0,-1
LZWF_78-L^F04,-0.1337579617834394,0,-1
LZWM_46-L^L06,-0.0666666666666667,0,-1
LZWR_14-L^C01,-0.0476190476190476,0,-1
LZXB_40-L,-0.0757874015748031,0,-1
LZXC_79-L^B09,0.0802469135802468,0,-1
LZYO_00-L,0.3999999999999999,0,-1
LZYR_71-L^H13,0.0076923076923076,0,-1
LZZC_46-L^C05,-0.0526315789473682,0,-1
LZZR_20-L^L01,-0.1071428571428572,0,-1
LZZT_51-L^I02,-0.0952380952380952,0,-1
LZZY_67-L^G03,-0.1011764705882353,0,-1
MAAD_54-L^L13,0.1145038167938929,0,-1
MAAK_50-L^A08,0.1225,0,-1
MABU_45-L^H09,0.04,0,-1
MBAL_62-L^C20,-0.1125,0,-1
MBDV_28-L^E06,0.2787821122740246,0,-1
MBEC_71-L,0.0496894409937886,0,-1
MBEQ_50-L^B04,-0.1181434599156119,0,-1
MBIX_C0-L^F10,-0.0874524714828897,0,-1
MBLN_39-L^H05,-0.1813953488372093,0,-1
MOMK_08-L^H04,-0.127906976744186,0,-1
LLVE_89-L^D06,0.1764705882352941,0,-1
ZTK_23-L,-0.0701754385964911,0,-1
LLQP_69-L^G09,0.0,0,-1
FSSR_11-L,-0.1869918699186992,0,-1
FSSW_06-L^C00,-0.1190476190476189,0,-1
FSTC_32-L^B00,-0.0109589041095889,0,-1
FSTO_42-L^J00,0.0,0,-1
FSUA_58-L^E00,0.0461538461538462,0,-1
FSUD_66-L^F02,-0.0023809523809523,0,-1
FSUE_08-L,0.0441587479038567,0,-1
FSUH_43-L^F05,-0.0277777777777777,0,-1
FSUM_19-L^D21,-0.0844155844155845,0,-1
FSRU_04-L^J00,-0.125,0,-1
FSUT_25-L^F07,-0.1553072625698324,0,-1
FSVC_45-L^L10,0.1134020618556701,0,-1
FSVI_23-L^B17,0.5806451612903225,0,-1
FSVT_07-L,-0.0693069306930693,0,-1
FSVZ_N1-L,-0.1446540880503143,0,-1
FSWB_01-L^H01,0.0297029702970297,0,-1
FSWD_60-L^I15,-0.2177777777777777,0,-1
FSWY_S4-L,-0.2853345148427116,0,-1
FSXD_74-L^J00,0.0625,0,-1
FSXE_80-L,-0.040909090909091,0,-1
FSUX_S9-L^A11,0.0414201183431952,0,-1
FSXF_45-L^G00,0.0095541401273884,0,-1
FSRS_45-L,0.1752577319587627,0,-1
FSRL_02-L^A01,-0.0395010395010394,0,-1
FSNE_62-L,-0.1518987341772152,0,-1
FSNF_93-L^K04,0.0191780821917808,0,-1
FSNN_62-L^F05,-0.08,0,-1
FSNP_09-L,-0.0773809523809523,0,-1
FSOF_21-L,0.0571428571428571,0,-1
FSOU_71-L^I17,-0.0952380952380952,0,-1
FSPI_08-L^D01,-0.2767295597484277,0,-1
FSPK_05-L^G03,-0.1428571428571428,0,-1
FSPV_34-L^H06,-0.1837455830388692,0,-1
FSRQ_13-L^E09,-0.1326530612244898,0,-1
FSQE_25-L^E07,-0.1125827814569535,0,-1
FSQK_13-L^F00,0.3098958333333335,0,-1
FSQS_06-L^A09,0.2857142857142856,0,-1
FSQT_46-L^B04,0.28125,0,-1
FSQU_37-L^E00,-0.0524193548387096,0,-1
FSRC_60-L^I04,-0.056,0,-1
FSRD_76-L^L07,-0.0413223140495868,0,-1
FSRE_07-L^C00,0.0,0,-1
FSRH_90-L^J04,0.0,0,-1
FSRI_58-L,-0.0018691588785045,0,-1
FSQG_08-L^E11,-0.0198019801980198,0,-1
FSXI_Z5-L,-0.0425531914893615,0,-1
FSXN_M8-L,-0.1769911504424777,0,-1
FSXR_02-L^A06,-0.2195121951219512,0,-1
FTIC_M8-L^B14,0.0625,0,-1
FTIG_35-L^G10,0.0,0,-1
FTIL_01-L^J02,-0.1499999999999999,0,-1
FTIM_56-L^A05,-0.0453608247422679,0,-1
FTIT_63-L,0.0945945945945947,0,-1
FTJE_09-L,0.0232558139534884,0,-1
FTJF_28-L^H05,-0.0128205128205128,0,-1
YIE_96-L^E16,0.1763584366062915,0,-1
FTJK_00-L,-0.1613924050632912,0,-1
FTHX_01-L^E20,0.0614035087719297,0,-1
FTKA_29-L^K01,-0.0806451612903226,0,-1
FTKK_08-L^H01,-0.0151515151515151,0,-1
FTKU_11-L,-0.0756302521008401,0,-1
FTKY_B3-L,0.0209424083769633,0,-1
FTKZ_L8-L,-0.1589147286821706,0,-1
FTLC_33-L^B01,0.0277777777777776,0,-1
FTLJ_43-L^A01,-0.0276923076923076,0,-1
FTLO_27-L^C20,-0.123015873015873,0,-1
FTLU_07-L^E02,0.25,0,-1
FTLW_07-L^F01,-0.0238095238095238,0,-1
FTKD_20-L^B07,-0.1046511627906976,0,-1
FTHP_V2-L^F09,-0.1503759398496241,0,-1
FTHI_24-L^A01,0.1016949152542374,0,-1
FTHF_97-L,0.2101910828025477,0,-1
FSXX_00-L,-0.1216216216216216,0,-1
FSYC_23-L^H00,0.1186440677966103,0,-1
FSYG_05-L^J08,-0.1713286713286712,0,-1
FSYK_08-L^A05,0.0,0,-1
FSYV_44-L^H00,-0.0085470085470085,0,-1
FSZD_06-L^D15,0.0808383233532934,0,-1
FTAE_98-L,-0.2388535031847133,0,-1
FTBK_21-L,-0.2822085889570552,0,-1
FTBY_C7-L,0.0875816993464051,0,-1
FTCD_66-L^B00,0.08,0,-1
FTDC_07-L^B06,0.0338983050847458,0,-1
FTDE_64-L^I02,-0.0645161290322581,0,-1
FTDO_30-L,-0.1470588235294118,0,-1
FTEN_42-L^B01,0.1444444444444443,0,-1
FTFK_07-L,-0.1607605877268798,0,-1
FTFY_S0-L^J09,-0.1111111111111111,0,-1
FTGH_45-L^B03,-0.0175438596491226,0,-1
FTGM_05-L^B22,0.1281872162067761,0,-1
FTGU_Q3-L,0.1688888888888888,0,-1
FTHC_39-L^K08,-0.0693430656934307,0,-1
FTHD_44-L,0.0349854227405246,0,-1
FSNB_45-L^G02,-0.1323529411764706,0,-1
FSMU_93-L^L09,0.1117318435754188,0,-1
FSMQ_X4-L^F21,-0.174812030075188,0,-1
FSME_32-L^G03,-0.0762331838565022,0,-1
BQMM_18-L^C11,0.0304114490161002,0,-1
BUBP_92-L^K18,0.3865461847389557,0,-1
BUNQ_03-L^K12,0.1304347826086955,0,-1
BWQW_65-L^I10,-0.0799999999999999,0,-1
CWI_80-L,-0.2301136363636363,0,-1
CWV_20-L^I06,0.0030075187969924,0,-1
DLY_Y2-L^F16,-0.1762452107279694,0,-1
DOQX_41-L^J16,0.0520607375271147,0,-1
DOS_59-L,-0.1221864951768488,0,-1
BPVK_29-L,-0.1156542056074766,0,-1
DPCZ_02-L^F20,0.0999999999999998,0,-1
DRNQ_D0-L^A11,0.0711665443873807,0,-1
DVX_M7-L^C10,-0.0839041095890411,0,-1
FRYP_57-L^G05,-0.0653594771241831,0,-1
FRZE_49-L^H02,0.4037267080745339,0,-1
FRZJ_44-L,-0.3500000000000001,0,-1
FRZQ_54-L^K00,-0.0294117647058823,0,-1
FRZW_02-L^H07,0.0895522388059699,0,-1
FRZX_33-L^J08,-0.2213410237923575,0,-1
FRZZ_02-L^G01,0.2151589242053788,0,-1
DPXL_94-L,-0.1853658536585365,0,-1
BLNV_40-L^F19,-0.0108695652173913,0,-1
BLNT_37-L^D19,0.08130081300813,0,-1
BKLI_06-L^K01,0.2564102564102564,0,-1
BACQ_71-L^J02,-0.4044943820224719,0,-1
BALZ_07-L^I10,0.142857142857143,0,-1
BBIO_50-L^J00,-0.2142857142857143,0,-1
BBOU_00-L,-0.0963855421686747,0,-1
BBTK_30-L^C11,-0.2727272727272727,0,-1
BBTU_63-L^C18,-0.1422594142259415,0,-1
BBXK_89-L^E06,-0.0402298850574712,0,-1
BCPS_48-L^C06,-0.1790900290416263,0,-1
BCQE_67-L^A14,-0.1475742951485902,0,-1
BCUB_73-L^L00,-0.2336842105263157,0,-1
BCYN_75-L^D01,-0.2348178137651821,0,-1
BCZB_W7-L^G07,-0.0551378446115288,0,-1
BCZR_85-L^G00,-0.2432432432432432,0,-1
BDAJ_H9-L,-0.2205882352941176,0,-1
BDRV_05-L^D00,-0.2061135371179039,0,-1
BFQZ_11-L^I03,0.2471910112359552,0,-1
BFRL_28-L,0.0,0,-1
BFSV_71-L^I00,0.0555555555555555,0,-1
BFTY_62-L^H05,0.1713147410358566,0,-1
BFUG_04-L^H04,0.0464646464646463,0,-1
BJJT_37-L,-0.0497737556561085,0,-1
FSAJ_L2-L,-0.1013071895424836,0,-1
FTLX_46-L^H10,-0.2642276422764227,0,-1
FSAL_64-L,-0.111111111111111,0,-1
FSAX_41-L^B05,-0.0423529411764704,0,-1
FSFM_82-L,-0.2840579710144927,0,-1
FSFV_71-L^B05,-0.0119999999999999,0,-1
FSFY_01-L^H12,0.0,0,-1
FSHC_81-L^H08,-0.0555555555555555,0,-1
FSHK_54-L,0.0135135135135135,0,-1
FSHU_94-L,0.0236220472440944,0,-1
FSIG_05-L^E18,0.0121951219512195,0,-1
FSIH_07-L^F00,0.0714285714285714,0,-1
FSIV_B3-L^H15,0.3092105263157894,0,-1
FSFF_18-L^I02,-0.4247787610619468,0,-1
FSIW_67-L^J01,0.0169491525423728,0,-1
FSJQ_07-L^A06,-0.0194986072423397,0,-1
FSJV_53-L^B01,-0.0754716981132076,0,-1
FSKF_44-L^C02,0.0238095238095237,0,-1
FSKO_65-L^D00,0.0309090909090909,0,-1
FSLE_G9-L,0.0485981308411216,0,-1
FSLO_06-L^E10,0.0,0,-1
FSLV_X2-L^J11,-0.0806451612903226,0,-1
FSMA_41-L^C04,-0.0566037735849057,0,-1
FSMD_62-L^K00,-0.0850202429149799,0,-1
FSJK_29-L,-0.148550724637681,0,-1
FSEW_07-L,-0.0169491525423729,0,-1
FSET_80-L,-0.2864864864864864,0,-1
FSEC_87-L^I00,-0.0416666666666667,0,-1
FSAZ_22-L^J03,-0.1359649122807017,0,-1
FSBE_14-L^A03,0.0714285714285714,0,-1
FSBF_30-L^C05,-0.1282051282051282,0,-1
FSBO_P7-L^J07,-0.1526717557251907,0,-1
FSBR_F1-L,0.0,0,-1
FSBU_72-L^C20,0.2941176470588234,0,-1
FSBV_B3-L,-0.098173515981735,0,-1
FSCG_57-L^F03,0.0238095238095237,0,-1
FSCH_T9-L^K09,-0.1558441558441557,0,-1
FSCL_62-L^F06,-0.0238095238095238,0,-1
FSCM_81-L^E05,0.121654501216545,0,-1
FSCO_P5-L^A08,-0.1798265632131447,0,-1
FSCW_23-L^K06,0.2142857142857144,0,-1
FSCZ_68-L^D05,-0.0128205128205128,0,-1
FSDF_86-L,-0.1260504201680671,0,-1
FSDG_16-L^J21,-0.0225563909774436,0,-1
FSDU_19-L^I02,0.1142857142857143,0,-1
FSDV_69-L^F19,0.109190371991247,0,-1
FSDW_08-L^B17,0.0193548387096773,0,-1
FSDX_86-L,-0.2407407407407408,0,-1
FSEA_02-L^C01,-0.1105263157894737,0,-1
FSAM_T0-L,-0.1409168081494057,0,-1
FTMA_04-L^K03,-0.1538461538461538,0,-1
FTJJ_08-L^H12,0.0395227442207306,0,-1
FTMU_Z4-L,0.2307692307692308,0,-1
FZCX_64-L^B23,0.0909090909090908,0,-1
FZDC_53-L,0.0,0,-1
FZDF_52-L^G02,-0.0555555555555555,0,-1
FZEM_68-L^D01,0.3220338983050848,0,-1
FZEN_61-L^E01,0.1377777777777777,0,-1
FZEO_81-L,0.2666666666666666,0,-1
FZEX_M2-L,-0.1,0,-1
FZFD_B6-L^A23,0.0481927710843375,0,-1
FZFL_70-L^F00,-0.0024937655860348,0,-1
FZCV_78-L^I06,-0.0504201680672269,0,-1
FZFU_75-L^A07,0.0,0,-1
FZGS_60-L,0.1499999999999999,0,-1
FZHF_20-L,-0.258575197889182,0,-1
ION_16-L^A02,0.0999999999999998,0,-1
ISS_97-L^L07,-0.2699275362318839,0,-1
LJWT_19-L^G13,0.0250000000000001,0,-1
LJWX_28-L^H17,0.188235294117647,0,-1
LJXH_88-L,0.0677506775067751,0,-1
LJYM_69-L^G00,0.0792207792207793,0,-1
LJZS_17-L^H04,-0.0325581395348836,0,-1
FZGP_49-L^F08,0.2342342342342342,0,-1
FZCU_68-L^F06,0.0020491803278688,0,-1
FZCT_75-L^F12,0.0793357933579335,0,-1
FZCR_76-L^C08,0.0260586319218241,0,-1
FWJV_72-L^G06,-0.0144927536231883,0,-1
FWKQ_L4-L^K06,-0.1292517006802721,0,-1
FWKZ_24-L^C13,-0.0909090909090909,0,-1
FWND_50-L^G04,0.0,0,-1
FWNV_96-L^G02,0.1764705882352941,0,-1
FWON_41-L^G09,0.1181102362204724,0,-1
FWQO_33-L^K18,-0.1876436781609195,0,-1
FWQS_10-L,-0.1370967741935483,0,-1
FWSC_44-L^A01,-0.1641791044776118,0,-1
FWSD_66-L^I15,-0.024390243902439,0,-1
FWWW_95-L^G09,0.0,0,-1
FWWZ_30-L^B04,0.3333333333333332,0,-1
FTMO_13-L^G06,-0.0683760683760682,0,-1
FXMN_35-L^K00,-0.0833333333333332,0,-1
FYUQ_12-L^K10,-0.1989795918367346,0,-1
FYUT_L0-L,0.0025157232704402,0,-1
FYVA_16-L^H00,-0.2835820895522388,0,-1
FZAM_40-L^C06,0.2602739726027396,0,-1
FZAP_79-L,0.133587786259542,0,-1
FZAQ_T1-L^H11,0.0,0,-1
FZBQ_35-L,0.009090909090909,0,-1
LJZZ_94-L^L11,-0.0769230769230769,0,-1
FWJQ_58-L^I05,-0.1120689655172413,0,-1
LKBD_19-L^C03,0.0162601626016261,0,-1
LKBS_32-L^I07,0.09375,0,-1
LLCJ_97-L^K06,0.0658682634730538,0,-1
LLCO_16-L^L01,0.0,0,-1
LLDS_23-L^B01,-0.1372549019607842,0,-1
LLDV_73-L^D04,-0.0285714285714284,0,-1
LLED_D2-L^F10,0.1559055118110237,0,-1
LLEH_07-L,0.0958904109589042,0,-1
LLEU_94-L,0.2809917355371902,0,-1
LLFH_45-L,0.0416666666666667,0,-1
LLGK_01-L^G03,0.0205761316872428,0,-1
LLBV_01-L^D03,-0.142857142857143,0,-1
LLIH_60-L^E08,0.07,0,-1
LLJF_08-L,-0.0983606557377049,0,-1
LLJN_15-L^E18,-0.0055045871559633,0,-1
LLJP_01-L^I00,-0.0460526315789474,0,-1
LLJR_71-L,-0.0151447661469933,0,-1
LLKM_94-L^A20,-0.0707635009310986,0,-1
LLKY_68-L,0.0121951219512195,0,-1
LLLK_66-L^I08,-0.1779359430604982,0,-1
LLOR_22-L,0.0297029702970297,0,-1
LLPQ_X4-L,0.0512820512820511,0,-1
LLIM_05-L^C08,-0.0707547169811321,0,-1
LLAZ_34-L^L03,-0.0913580246913579,0,-1
LLAL_11-L^G00,-0.263157894736842,0,-1
LLAI_32-L^A12,0.1192052980132449,0,-1
LKDM_36-L,0.0454545454545454,0,-1
LKDP_14-L,-0.0114942528735632,0,-1
LKEA_74-L^B00,0.0,0,-1
LKED_19-L^L15,-0.0842105263157895,0,-1
LKGD_51-L^K01,-0.0124223602484472,0,-1
LKGM_73-L,-0.0448717948717949,0,-1
LKHU_43-L^E00,0.0104166666666667,0,-1
LKKB_22-L^L16,-0.0232558139534884,0,-1
LKLE_25-L^L09,0.0178571428571425,0,-1
LKMB_84-L^J03,0.0333333333333334,0,-1
LKMD_C1-L^G04,-0.0857142857142857,0,-1
LKME_07-L^K08,0.0283018867924529,0,-1
LKPB_01-L^J12,0.3170731707317076,0,-1
LKTK_30-L^F01,-0.0666666666666665,0,-1
LKTQ_Y7-L,0.0142857142857142,0,-1
LKWZ_81-L^F04,0.0701754385964912,0,-1
LKXH_13-L^L15,0.0508613617719442,0,-1
LKXI_70-L^J01,0.1060606060606059,0,-1
LKXX_89-L^B05,0.0454545454545454,0,-1
LKYH_06-L^F03,-0.0375586854460093,0,-1
LLAG_97-L^B10,-0.1058823529411764,0,-1
LKBE_08-L,-0.0232558139534884,0,-1
FWJN_76-L^G01,-0.0234741784037557,0,-1
FWXD_42-L^G16,-0.0539568345323741,0,-1
FWEF_63-L^F09,-0.142857142857143,0,-1
FTTO_38-L,-0.1499999999999999,0,-1
FTTP_25-L,0.0304878048780488,0,-1
FTTX_H2-L,-0.0322580645161291,0,-1
FTUN_07-L^I04,0.0921985815602837,0,-1
FTUR_66-L,0.1119544592030361,0,-1
FTUZ_17-L^C00,0.0045977011494253,0,-1
FTVA_51-L,-0.069767441860465,0,-1
FWJG_10-L^I06,0.1428571428571428,0,-1
FTVI_84-L^I00,-0.1818181818181818,0,-1
FTTL_B7-L,0.0108695652173913,0,-1
FTVJ_57-L^D08,-0.1653846153846154,0,-1
FTVM_83-L^L00,-0.1541353383458646,0,-1
FTVN_30-L^J00,0.2962962962962963,0,-1
FTWC_87-L^B06,-0.0692307692307693,0,-1
FTWF_69-L^D08,-0.1090487238979117,0,-1
FTWG_42-L,0.054421768707483,0,-1
FTWV_20-L,-0.1811023622047244,0,-1
FTXL_73-L^D07,-0.2263610315186246,0,-1
FTYS_87-L^A02,0.0,0,-1
FTYW_98-L,-0.0384615384615385,0,-1
FTVK_52-L^H05,0.0418848167539267,0,-1
FTTJ_18-L^D00,0.0499999999999998,0,-1
FTTG_39-L,-0.0681818181818182,0,-1
FTSS_80-L,0.2436289500509683,0,-1
FTNC_74-L^I02,-0.1176470588235295,0,-1
FTND_42-L^H05,0.0724637681159421,0,-1
FTNS_87-L,-0.1688311688311689,0,-1
FTNU_50-L^A12,-0.1895734597156397,0,-1
FTOE_84-L^L06,0.0364372469635627,0,-1
FTOG_39-L^B08,0.0044843049327354,0,-1
FTOH_K0-L,-0.0333333333333333,0,-1
FTON_R1-L,0.0414201183431952,0,-1
FTOQ_09-L^A05,0.0693641618497109,0,-1
FTOR_44-L^G07,-0.1607142857142858,0,-1
FTPD_57-L^E01,-0.0035906642728905,0,-1
FTPI_91-L,-0.0294117647058823,0,-1
FTPT_07-L^D03,-0.1395348837209302,0,-1
FTPZ_05-L^F15,0.2463768115942028,0,-1
FTQA_00-L,0.0,0,-1
FTQX_59-L^F08,0.0583333333333333,0,-1
FTRJ_87-L^F00,-0.0572171651495448,0,-1
FTRR_S4-L^A11,0.2287581699346406,0,-1
FTSE_11-L^A05,-0.0636363636363637,0,-1
FTSG_10-L^A09,-0.0040106951871657,0,-1
FTSJ_24-L,0.1538461538461537,0,-1
FTZA_89-L,0.2580645161290322,0,-1
FTZG_24-L^A06,0.038793103448276,0,-1
FTVF_02-L,-0.0140845070422535,0,-1
FTZN_46-L^L04,0.1111111111111111,0,-1
FVSZ_60-L,0.0288659793814434,0,-1
FVTE_93-L,0.0216216216216216,0,-1
FVTK_68-L^H06,0.25,0,-1
FVTM_94-L^F00,-0.0303030303030302,0,-1
FVTW_80-L^H21,-0.0151515151515151,0,-1
FVUA_50-L,-0.1282051282051282,0,-1
FVUB_73-L^G10,-0.0964912280701753,0,-1
FVUG_86-L^I06,0.0,0,-1
FVUH_J7-L,-0.0731707317073171,0,-1
FVSW_03-L^I01,0.1340206185567012,0,-1
FVUV_44-L^B09,-0.1597938144329896,0,-1
FVVM_61-L^D02,-0.23932384341637,0,-1
FTZM_24-L^G04,-0.0416666666666666,0,-1
FVVQ_76-L,-0.096774193548387,0,-1
FVWA_N4-L,-0.1486068111455109,0,-1
FVWB_94-L^A01,-0.0227272727272727,0,-1
FVWF_01-L,-0.0970588235294117,0,-1
FVYE_M4-L,-0.0684273709483793,0,-1
FVZE_27-L^A22,0.114656031904287,0,-1
FWCO_51-L^K02,-0.1428571428571429,0,-1
FVVG_20-L^D04,-0.1951219512195121,0,-1
FVSF_03-L^A11,-0.2887788778877888,0,-1
FVVN_37-L^L00,-0.0168393782383419,0,-1
FVOM_51-L^C01,-0.1231884057971014,0,-1
FUBH_07-L^B06,0.0,0,-1
FUBS_21-L^K05,0.0064516129032257,0,-1
FUBX_Q0-L^D09,-0.0129870129870129,0,-1
FUCW_H9-L,-0.1229166666666666,0,-1
FUEE_21-L^G05,0.1111111111111111,0,-1
FUET_29-L^F03,-0.0666666666666666,0,-1
FUEW_86-L,-0.1813633520950593,0,-1
FUEY_93-L^H15,-0.0847457627118644,0,-1
FUIS_60-L^H07,-0.0291262135922329,0,-1
FUIW_96-L,0.0517241379310344,0,-1
FUKE_88-L^G06,0.0676328502415459,0,-1
FUMF_38-L^G02,0.0,0,-1
FUMM_55-L^D10,0.0185185185185186,0,-1
FURR_39-L^F08,0.0975935828877005,0,-1
FURT_89-L,-0.0660377358490567,0,-1
FUUI_N6-L^E12,-0.1396192203082501,0,-1
FUUQ_52-L^J08,-0.1204379562043795,0,-1
FVBT_83-L,0.0,0,-1
FVDH_40-L^H04,0.1999999999999999,0,-1
FVFC_53-L^G02,0.6190476190476193,0,-1
FVGB_04-L^G04,-0.1179039301310044,0,-1
FVPB_77-L^B03,0.024,0,-1
LXKX_98-L^A12,0.0,1,0
LZPS_05-L^A23,2.0413016270337927,-1,0
FZAT_04-L^J09,1.0470588235294116,-1,1
FTCZ_56-L,-0.02710027100271,1,1
LXPR_Q1-L^G08,0.074561403508772,1,2
MONZ_16-L^L02,1.0,-1,2
FVTI_11-L^G00,-0.2177777777777777,1,3
LWEB_77-L^H03,0.6818181818181817,-1,3
FWOG_40-L^I03,2.0303030303030303,-1,4
MPHO_03-L^G03,0.5,1,4
MORA_39-L^K15,1.116504854368932,-1,5
FTMS_64-L,0.1477449455676516,1,5
LLVW_68-L^E00,0.72,-1,6
LWNF_29-L,-0.1483870967741934,1,6
LZXP_64-L^H19,0.6790123456790123,-1,7
FSDJ_J4-L,-0.2909482758620689,1,7
LZZD_B5-L,-0.3333333333333333,1,8
LQVL_J4-L^L09,0.5625,-1,8
MOKV_89-L^K12,0.8849557522123894,-1,9
HRG_P6-L,-0.1000914076782448,1,9
MPGF_88-L^J04,0.7777777777777779,-1,10
LNFN_27-L^L05,-0.1153846153846154,1,10
LQXS_X2-L^K16,0.5999999999999999,-1,11
FVVT_39-L,-0.2288946910356832,1,11
LRRH_10-L^F20,-0.4078947368421053,1,12
FTKG_04-L^C00,0.5076923076923077,-1,12
LZXM_66-L^C09,-0.38,1,13
LQSL_65-L^E02,0.5,-1,13
LQIJ_51-L^G06,0.5111111111111111,-1,14
FTAG_01-L,-0.3139240506329114,1,14
