firms,mom1,clusters
54594,-0.0378787878787878,23
10154,-0.0147058823529411,13
10867,-0.0820895522388059,8
11790,-0.0116279069767442,27
12117,0.21875,15
12320,0.0310880829015545,14
13056,-0.0823045267489711,1
13283,0.0542635658914729,4
50091,0.0,23
14286,-0.1282051282051282,11
14526,-0.0161290322580645,28
11581,-0.0132450331125827,2
15203,-0.1333333333333333,29
16126,0.02,8
85885,-0.0681818181818182,11
85914,0.1978319783197832,18
55044,-0.0271739130434782,1
18244,-0.0769230769230768,11
55108,-0.0884615384615384,26
20336,0.013157894736842,15
20670,-0.2121212121212121,0
64899,0.0176991150442478,8
22905,-0.1044776119402984,21
23115,-0.02,25
47175,-0.0318471337579617,27
23660,-0.0627306273062731,23
23975,0.0121212121212122,6
24548,-0.303030303030303,0
30680,-0.018018018018018,2
53401,0.0362318840579709,29
25583,-0.0714285714285714,11
48637,0.0,8
36150,0.0172413793103447,14
64565,-0.0384615384615384,0
12044,-0.0583941605839416,16
87207,0.1212121212121211,8
63554,-0.0307692307692307,23
31318,-0.1162790697674418,11
31536,-0.1402877697841726,14
54391,-0.0481283422459892,6
31983,-0.1578947368421053,11
32046,-0.4034090909090909,1
32054,0.0280373831775699,26
47511,0.117117117117117,12
33639,0.1111111111111111,8
48143,0.0106382978723404,2
34041,-0.0526315789473684,9
23552,-0.0344827586206896,27
60628,-0.0148026315789473,14
63597,0.0444444444444445,3
57330,-0.0803571428571429,1
37875,-0.0136054421768707,6
20765,-0.0085470085470085,10
66923,-0.054054054054054,2
17144,-0.063157894736842,3
88357,0.0298507462686568,27
38907,0.0208333333333332,0
32205,0.1005291005291004,5
39328,-0.0158730158730159,5
26657,0.1105263157894735,3
40540,0.2702702702702702,26
22250,-0.037037037037037,16
64979,-0.0769230769230768,13
41452,-0.0757575757575758,6
27879,-0.0720720720720721,16
50382,0.048780487804878,21
52716,-0.0178041543026705,27
42586,0.25,11
62287,0.0142857142857142,10
44856,-0.0697674418604651,13
45103,0.0303030303030302,22
53129,-0.0347222222222222,21
89181,-0.1818181818181817,4
46843,-0.0382165605095541,5
47563,0.2666666666666666,13
89392,-0.0969696969696969,15
61137,-0.1313131313131312,2
61145,-0.0799999999999999,15
50462,0.0081967213114753,2
49585,0.0416666666666667,14
64020,0.0274725274725273,29
50682,-0.1818181818181817,4
11198,-0.0555555555555555,16
59926,-0.0582959641255604,10
51423,-0.0341880341880341,14
67328,-0.0548780487804878,29
45022,0.0,8
67002,0.0095238095238094,14
52090,-0.0549450549450549,22
59942,-0.0124999999999999,2
52602,0.0192307692307691,16
53613,0.2141327623126339,18
54114,0.0428015564202335,14
55213,0.0149999999999999,23
64442,-0.0909090909090909,13
65373,-0.2708333333333333,21
56363,-0.0542168674698795,24
52337,-0.0157480314960629,15
51377,0.2083333333333332,26
22066,0.0231481481481481,10
57665,0.0349999999999999,29
67010,-0.0273972602739726,18
25232,-0.0822784810126582,12
34948,0.1374407582938388,25
35107,0.0780487804878049,25
58675,-0.125,22
61621,-0.025,8
45823,0.0222222222222221,13
51692,-0.054054054054054,23
40571,-0.0241545893719806,27
64427,-0.0517241379310344,17
65058,-0.1978798586572437,15
65307,0.0,6
79733,0.0,11
66828,0.0266666666666666,9
66852,-0.0196078431372549,22
46922,0.0268456375838925,1
67193,0.1029411764705883,6
67679,-0.0217391304347825,3
67732,-0.0661764705882352,26
67970,0.1012658227848102,17
91679,0.0147058823529411,14
69199,0.0262172284644195,2
69220,-0.1647058823529411,4
69682,-0.0425531914893616,4
70288,0.0454545454545454,14
38850,0.0,28
71002,-0.1506849315068493,18
25283,-0.0625,22
71934,-0.0909090909090909,26
72128,-0.1842105263157895,26
72291,-0.0454545454545454,16
72486,-0.0613496932515337,25
72603,-0.3958333333333333,9
72710,0.0526315789473683,25
27764,0.0538461538461538,22
54471,-0.0485436893203883,12
44951,-0.0512820512820513,13
76022,-0.0588235294117647,22
74500,0.0333333333333334,8
60353,-0.0270270270270269,22
74561,-0.1999999999999999,9
65752,0.2121212121212121,12
74975,-0.0263157894736841,27
40061,-0.0575221238938052,10
75433,0.1016949152542372,25
40694,0.12109375,14
37640,0.0,15
76129,0.1252900232018561,18
48709,-0.1794871794871795,2
92524,-0.1666666666666666,4
47183,-0.0588235294117647,12
61217,-0.056910569105691,9
65306,0.0,22
37612,-0.03125,15
79303,-0.1092436974789915,2
47917,0.0112359550561798,12
80013,0.0258620689655173,12
61698,-0.059322033898305,6
92874,0.1666666666666667,1
81294,-0.0057142857142856,29
19502,0.0383386581469649,5
81614,0.0666666666666666,21
81702,-0.040983606557377,1
64506,0.4814814814814814,15
82449,0.0,27
51086,0.0736842105263158,25
53671,-0.03125,14
83919,-0.1978021978021977,11
88381,-0.0849673202614379,13
62042,0.1374999999999999,6
88445,0.0,3
68670,-0.0425531914893616,17
88867,0.0769230769230768,16
21785,0.015625,18
10079,-0.087719298245614,0
10048,-0.0235294117647059,23
10175,-0.1363636363636363,19
10361,-0.0909090909090909,4
10397,-0.0169491525423728,14
10434,-0.1384615384615384,11
70148,0.290909090909091,8
75510,-0.0330578512396694,9
10634,0.2333333333333334,11
10800,-0.1807228915662651,18
10914,-0.0714285714285714,22
10972,-0.0943396226415094,26
11020,0.0357142857142858,28
10087,-0.0384615384615384,9
11136,-0.0645161290322581,19
11353,0.0175438596491228,3
11344,-0.0999999999999999,11
75033,-0.016,18
75068,0.1704545454545454,18
75094,0.0307692307692306,18
11596,0.1999999999999999,26
75174,0.0145985401459853,13
75557,-0.0133333333333333,4
11661,-0.036697247706422,26
11694,0.0,17
11727,0.2448979591836735,19
75110,-0.0625,0
10114,0.1581920903954803,18
12099,-0.0921052631578946,23
75335,-0.0113636363636363,10
11106,-0.1538461538461538,16
12006,0.0447761194029849,2
12211,0.0236220472440944,29
75402,-0.0270270270270269,5
75434,0.0377358490566037,26
75625,0.0405827263267428,26
75817,0.0319148936170212,5
75657,-0.1153846153846154,28
75857,0.0779220779220779,0
10074,0.2352941176470588,17
50906,0.0272108843537415,28
10568,-0.1999999999999999,15
10998,0.0909090909090908,8
11181,0.0673076923076922,17
50032,0.0794392523364486,3
69171,0.368421052631579,9
68814,-0.0344827586206896,0
47730,-0.0272108843537415,1
13232,-0.0875,1
13777,-0.0208333333333333,21
44652,0.126843657817109,5
38746,-0.0555555555555555,24
60871,0.0776699029126213,25
14198,0.0384615384615385,24
14331,0.1904761904761904,25
45583,-0.1031390134529147,22
14702,0.0764872521246458,8
15537,0.0,5
68830,0.0061349693251533,18
85631,0.1159420289855073,17
16185,-0.0196078431372549,27
16791,-0.25,19
17057,-0.1351351351351351,26
17903,-0.031578947368421,15
49373,0.0512820512820513,28
18570,0.0350877192982457,28
47642,0.1055555555555556,14
18973,-0.032258064516129,14
19271,0.0256410256410255,1
29938,-0.0174418604651163,10
10866,0.0,10
19880,-0.0542635658914728,19
20240,0.1575342465753424,9
20248,0.0775862068965518,16
49402,0.0362811791383219,8
25320,0.0870967741935484,27
21726,-0.0238095238095238,23
21742,-0.5349999999999999,27
11267,0.123076923076923,26
22825,0.05,9
26841,-0.081967213114754,27
65533,0.0067567567567567,3
24572,0.0,11
24951,0.0256410256410255,13
25049,0.0517241379310344,17
25217,0.1518987341772151,10
25487,-0.0625,17
69307,-0.0526315789473684,11
27124,-0.0476190476190476,19
65541,0.3333333333333332,19
27562,-0.054054054054054,15
31026,0.162162162162162,0
27800,0.0933333333333332,27
27909,-0.046875,14
28207,-0.1910112359550562,3
28311,0.0925925925925925,9
28522,-0.0381231671554251,15
10731,-0.0638297872340425,26
59707,0.0727272727272727,26
63546,-0.2424242424242424,11
29023,-0.0625,15
49154,0.0874524714828897,2
19350,0.0481366459627328,20
49429,-0.0069686411149826,22
61313,-0.0238726790450928,10
19254,0.0282485875706215,29
31500,-0.0952380952380952,29
87581,0.0,17
32839,-0.0204081632653061,8
33209,-0.2026143790849672,18
50788,0.0819672131147541,16
33690,0.0,4
34287,0.0606060606060605,18
44708,0.1826086956521739,18
58405,0.0,27
46295,-0.1094527363184079,27
37058,-0.25,17
26382,-0.0111420612813371,2
37103,0.0298507462686568,10
31974,-0.0221518987341772,13
62228,-0.159090909090909,3
59010,0.0710059171597632,17
60935,0.0984848484848484,8
40838,-0.03125,28
19174,0.04,1
21055,0.0909090909090908,21
59547,0.0404040404040404,13
47888,0.0434782608695651,10
62367,-0.126865671641791,5
39670,0.1111111111111111,14
49189,-0.0526315789473684,24
40628,0.0,12
40644,-0.1805555555555555,10
39765,-0.1636363636363637,22
32600,-0.1111111111111111,11
41420,0.2272727272727273,20
32678,-0.0202020202020202,5
23077,-0.0611510791366906,12
27828,0.0630498533724339,14
32803,0.04,5
66181,0.0673076923076922,27
32870,0.0119047619047618,2
42366,-0.0344827586206896,11
32926,0.0932203389830508,20
66587,0.086734693877551,25
42922,0.0,11
43474,0.1304347826086955,9
12503,-0.0721153846153845,18
45560,-0.0526315789473684,1
45699,0.110091743119266,6
12040,-0.2727272727272727,19
46149,-0.0319634703196347,25
46237,-0.0392156862745097,12
48100,-0.1666666666666666,19
33267,0.411764705882353,0
47133,0.0093457943925232,20
57437,0.0033670033670034,14
47571,-0.0645161290322581,3
53495,0.0256410256410255,0
48208,0.0,0
48291,0.064516129032258,15
48347,-0.065359477124183,14
64282,0.0985915492957747,12
26294,-0.0237226277372263,6
53612,0.1828358208955223,2
61399,0.084016393442623,25
50519,0.1,2
66253,0.0673076923076922,13
51960,0.0128205128205127,22
13100,0.1075949367088606,12
51984,0.0434782608695651,8
27617,0.0,11
64637,-0.1341463414634146,20
60097,-0.0505952380952381,2
22891,-0.0284810126582278,10
53050,0.1200000000000001,11
60548,-0.024793388429752,10
53189,0.0,14
55191,-0.1058823529411764,22
48063,-0.0303030303030302,18
68582,0.0,2
47773,0.0517241379310344,23
56339,0.125,23
56419,-0.1818181818181817,11
56777,0.0384615384615385,25
57171,-0.1222222222222222,15
34665,0.0246913580246914,5
57809,-0.0132158590308369,10
57817,0.1142857142857143,28
57884,-0.0694444444444444,24
58473,-0.0681818181818182,8
53639,-0.0491071428571429,27
59185,0.0055555555555555,10
45313,0.1339285714285714,10
59767,-0.0172413793103448,12
59775,0.1388888888888888,29
60055,-0.0625,15
60346,0.0714285714285714,3
60679,-0.0930232558139535,15
35051,-0.0463576158940397,22
75310,0.0866666666666666,20
18403,0.0453460620525059,5
61460,-0.0714285714285714,9
35238,0.0178571428571427,20
61823,-0.0833333333333333,3
49576,0.0,29
62384,0.046875,10
13936,0.0070671378091873,14
64338,-0.0793650793650794,18
49971,0.028735632183908,1
63686,-0.0303030303030302,27
63715,0.1777777777777778,27
91193,0.0666666666666666,0
43748,-0.0948275862068965,9
64697,-0.0576923076923077,28
64769,0.0,12
42307,0.0,10
62033,0.0375,10
61620,-0.1282051282051282,14
75793,-0.0638297872340425,21
67177,0.03125,14
25312,-0.0581395348837209,3
67620,0.1578947368421053,19
91556,0.1037735849056604,28
62682,-0.063953488372093,5
68065,0.0865384615384614,15
68428,-0.1258278145695364,24
39773,-0.0714285714285714,21
50948,-0.0285714285714285,10
70376,0.0108695652173913,28
70923,0.0617283950617284,17
42585,0.0309278350515462,22
72961,0.0473684210526315,17
73083,0.0112359550561798,6
54981,0.0652173913043479,27
73796,-0.0943396226415094,27
74230,-0.0193236714975845,28
75345,-0.1999999999999999,11
53751,-0.0333333333333333,21
62447,-0.0909090909090909,13
75951,0.25,4
76081,0.077294685990338,25
48573,0.0370370370370369,11
60580,0.0460829493087557,14
63036,0.0952380952380953,3
76743,0.0736842105263158,29
50278,0.0363636363636363,15
63386,-0.1999999999999999,4
25937,0.0990099009900991,28
79338,0.1695906432748537,18
46260,-0.0084033613445377,8
66368,-0.0196078431372549,4
79840,-0.0263157894736841,15
37807,0.0339506172839505,2
80179,0.0,17
80347,0.0467289719626167,14
80654,-0.036144578313253,27
80857,0.0,4
59627,0.0,15
81190,0.078125,20
55976,0.070754716981132,4
51932,0.0300751879699248,14
82924,0.0986842105263157,8
83011,-0.2866242038216561,0
15456,-0.1497584541062802,21
40539,-0.0486725663716813,13
89245,0.0208333333333332,27
91572,0.2428571428571428,26
91636,-0.1272727272727273,2
34228,0.3999999999999999,9
91994,0.0714285714285714,8
10025,0.180327868852459,14
86511,0.0,17
90609,0.1270718232044199,4
69411,0.0447761194029849,12
67467,0.0758620689655171,0
69032,-0.1606299212598425,15
10089,-0.0416666666666666,17
10136,-0.1176470588235294,2
10182,0.0,26
10222,0.0163934426229508,0
10248,0.0,12
10247,0.8125,19
10256,-0.0526315789473684,9
10259,-0.0526315789473684,26
10282,0.0,19
75500,-0.0697674418604651,3
10501,0.368421052631579,8
10185,-0.0445344129554655,26
10514,-0.0185185185185184,4
10531,-0.0476190476190476,27
10578,0.3191489361702126,17
10178,-0.124223602484472,6
10622,-0.0625,17
10633,-0.2727272727272727,11
10709,0.0249999999999999,8
10010,0.1200000000000001,4
75232,0.0076923076923076,25
10706,0.0,26
67985,-0.0999999999999999,18
11747,0.3333333333333332,18
76563,0.0680272108843538,8
10199,0.0,5
10845,0.0769230769230768,26
10870,-0.0307692307692307,3
75527,0.1414141414141414,17
75528,0.0425531914893617,9
10984,-0.0675675675675675,26
32563,0.0466321243523315,10
11103,0.1754385964912281,5
71837,-0.024390243902439,6
11154,0.1111111111111111,8
11202,-0.0266666666666666,25
10325,0.1517241379310345,8
11343,-0.0845070422535211,15
71685,-0.063157894736842,20
11382,-0.1069182389937106,26
11379,0.2058823529411764,9
11278,-0.1999999999999999,0
11475,-0.0930232558139535,0
11484,-0.0363636363636363,26
10636,0.0454545454545454,26
11480,-0.086206896551724,11
75066,-0.081081081081081,21
10790,0.0153846153846153,8
75100,0.0555555555555555,27
75563,0.0625,9
75179,0.0381679389312976,10
11663,-0.0615384615384615,8
11959,-0.0714285714285714,20
11928,0.0151515151515151,15
11081,0.1363636363636364,17
11977,0.1063829787234043,9
75700,0.1063829787234043,18
61858,0.25,11
75621,0.1724137931034481,29
75659,0.0,4
75615,-0.0758620689655172,4
79410,0.03,14
75614,0.0,3
75489,0.055793991416309,28
75655,-0.0175438596491228,12
75905,0.21875,4
56354,0.0461538461538462,1
65832,0.0,22
66413,-0.12,20
21020,-0.1184668989547038,27
10429,-0.028169014084507,3
85041,0.0413223140495868,26
62500,0.0,25
27991,-0.0446927374301675,10
10517,0.0172413793103447,17
20482,-0.0635593220338983,3
10656,0.0357142857142858,15
10123,0.196078431372549,26
10664,0.0,4
10057,-0.1071428571428571,10
63837,0.0317460317460318,28
60038,-0.0303030303030302,3
51510,-0.0434782608695651,3
10752,-0.0196078431372549,18
10779,-0.0377358490566037,19
61487,0.0,0
85113,0.0612244897959184,20
10875,-0.460431654676259,8
61241,0.048780487804878,8
11042,-0.0136363636363636,9
61081,0.0576923076923077,2
28222,-0.0403022670025189,6
51721,0.0681003584229391,8
28804,-0.0142857142857142,27
11587,0.0602409638554217,28
49584,0.0609756097560976,20
42083,-0.0432432432432432,22
48514,-0.0387096774193548,24
63845,-0.0297619047619047,12
11691,-0.0377358490566037,6
71271,0.0264084507042252,28
10137,-0.035,21
44740,-0.1575342465753424,1
11851,0.0,4
26331,-0.0168067226890756,26
10145,-0.0286168521462638,24
85033,0.03515625,18
41443,-0.022421524663677,3
45911,-0.0746268656716417,28
12205,-0.0999999999999999,25
24643,-0.0489731437598736,5
64856,-0.1705069124423963,21
28484,-0.0438144329896906,22
12424,0.4901960784313726,18
60046,-0.175438596491228,11
39482,-0.0956072351421188,26
10225,-0.0701754385964912,1
56119,-0.0212765957446808,23
23341,-0.119106699751861,1
12758,0.1428571428571428,27
24109,-0.0830449826989619,12
12811,-0.0384615384615384,1
12918,0.0350877192982457,28
15667,-0.0590551181102362,27
65859,-0.0389221556886227,21
50112,0.0526315789473683,5
13304,-0.0559006211180124,5
64143,0.0117647058823529,23
29049,0.0291970802919707,12
13603,-0.088235294117647,15
46527,0.2549019607843137,6
65111,0.0522088353413654,6
58560,-0.088235294117647,3
13769,0.0,19
69200,-0.0338983050847457,8
10401,-0.0748898678414097,2
11144,-0.015625,25
23544,-0.0040322580645161,10
13988,-0.0833333333333333,0
10460,-0.0306122448979592,1
14008,-0.1435897435897436,4
14059,0.3823529411764705,26
27051,0.016,2
19553,-0.027906976744186,12
18075,-0.0416666666666666,28
14219,-0.1594202898550725,12
14227,-0.0952380952380952,9
87119,-0.0434782608695651,21
29073,-0.0923076923076923,18
14323,0.1073446327683615,8
29102,-0.1311475409836066,27
59184,0.0153061224489796,12
64397,-0.0267175572519083,10
29145,-0.044776119402985,14
39490,0.0,28
14593,0.1145038167938932,9
52804,0.1590909090909091,1
10516,-0.0330188679245283,2
29380,0.0,11
17566,-0.1320754716981131,1
19692,-0.0377777777777778,14
15035,0.0306748466257669,1
60230,0.0416666666666667,20
29209,0.0262390670553935,26
31472,-0.0196078431372549,16
21143,-0.0415094339622641,10
10364,-0.0194174757281553,12
24272,0.0933333333333332,14
15262,0.0,4
15457,-0.1999999999999999,29
15465,0.125,15
15502,0.1739130434782609,15
85607,0.0,27
15553,-0.0809061488673139,22
10604,-0.088235294117647,3
15684,-0.0833333333333333,24
20458,-0.046875,19
15721,0.1630434782608696,28
49701,0.0848484848484849,14
69542,-0.1666666666666666,9
44644,-0.0214797136038186,2
16030,0.0642857142857142,13
44601,0.0964912280701755,10
27684,0.0484848484848485,14
40416,0.0594965675057208,13
58376,0.05,1
16193,-0.0444444444444444,4
65496,0.2228915662650603,26
53110,0.0718562874251496,28
85754,-0.074074074074074,21
62797,0.0,21
52484,-0.0493827160493827,1
75034,-0.0559006211180124,3
10318,0.3023255813953489,13
58755,0.0238095238095237,10
57568,-0.0426540284360189,22
16460,-0.0909090909090909,11
58480,0.0,20
16468,0.0,28
24221,-0.0606060606060605,22
16564,0.1,14
55781,-0.0146443514644351,22
16599,-0.0680272108843537,22
29532,-0.1052631578947368,3
16890,0.0452961672473868,10
46877,-0.0425531914893616,28
39693,-0.0318725099601593,22
85842,0.0,4
47423,0.0072992700729928,18
26518,-0.0451306413301663,12
27887,-0.0421052631578947,1
29612,0.0077220077220077,14
39642,0.064406779661017,1
17444,0.0,15
65875,-0.0352422907488987,12
65883,-0.0934959349593496,12
65509,0.0048076923076922,10
43772,-0.0473684210526316,22
19377,-0.0473186119873817,11
42438,0.0604026845637584,29
10786,-0.06951871657754,20
17815,0.0049627791563275,6
47992,0.1634615384615385,14
54164,-0.0374999999999999,23
17962,0.0188679245283018,29
17989,0.0476190476190476,27
61508,0.1595744680851063,3
18033,-0.0978260869565217,4
18156,-0.183673469387755,1
18316,-0.1304347826086956,21
20220,-0.0355029585798816,10
61946,-0.0444444444444444,22
38527,-0.1009174311926605,28
18455,0.0073529411764705,1
62519,-0.0833333333333333,0
19561,0.0809248554913295,5
42024,-0.02803738317757,2
64178,-0.0277777777777777,25
51393,0.0076923076923076,18
18754,-0.0297029702970297,13
16571,-0.024390243902439,21
25144,-0.0357142857142857,23
66130,-0.03125,23
39757,-0.1875,26
19159,-0.0289855072463768,2
17961,-0.0144508670520231,14
19393,-0.0453563714902808,12
42606,0.0,3
19546,-0.0210526315789473,0
53786,-0.05,2
19589,-0.044776119402985,1
10874,0.0897435897435896,14
55597,0.0263157894736842,23
19677,1.0,18
19693,0.0,25
19722,0.125,0
67176,0.2485875706214688,8
50227,-0.0270793036750484,14
19888,0.0,2
10890,0.0943396226415094,25
67432,0.0714285714285714,18
19992,0.0582524271844659,8
59686,0.076,23
20730,0.0040849673202614,20
20117,-0.0721649484536082,28
20125,0.0,8
45655,-0.0545454545454545,14
67838,0.0126582278481013,16
20299,0.1818181818181818,24
10989,0.0025575447570331,12
58181,-0.0416666666666666,23
62148,-0.0408719346049046,24
20459,-0.0476190476190476,26
46690,-0.0095238095238094,10
20504,-0.0172413793103448,18
20512,0.4375,26
20547,0.375,4
20571,0.0714285714285714,14
56602,-0.1780821917808219,25
20678,-0.0799999999999999,4
20723,-0.0297029702970297,8
20750,-0.0927152317880795,23
51414,0.0105820105820106,23
64880,0.375,19
30330,0.0154580152671754,28
21304,-0.0694444444444444,18
21371,0.0997150997150997,14
27334,-0.0328467153284671,23
53524,0.0886075949367088,3
23114,-0.0840336134453781,21
20618,0.0241935483870967,10
26374,-0.1666666666666666,21
86431,-0.0222222222222222,4
56952,-0.0758620689655172,22
30402,-0.0328947368421053,14
40707,0.150214592274678,6
18542,0.0408163265306122,8
53831,-0.1581920903954802,29
22016,-0.1134020618556701,11
22437,-0.0541666666666666,23
64557,-0.0666666666666666,1
63503,-0.0128205128205127,22
58173,-0.0634920634920634,29
60599,-0.0458715596330274,22
22374,-0.0833333333333333,3
22569,-0.0638297872340425,21
41419,-0.016574585635359,18
21397,-0.0561797752808989,23
22585,-0.0704225352112676,9
22681,-0.0909090909090909,17
22913,0.1071428571428572,8
22921,-0.0833333333333333,15
64194,0.0156862745098038,10
23035,-0.09375,3
21960,-0.034313725490196,2
23182,-0.0333333333333333,23
14541,-0.072289156626506,5
30509,0.066079295154185,13
23297,0.0710059171597632,13
23318,-0.1852825229960578,17
21282,0.0421052631578946,17
30525,-0.037037037037037,15
11260,-0.073170731707317,26
23393,-0.159090909090909,22
24117,-0.0750853242320819,22
47677,-0.0833333333333333,22
23481,0.0379746835443037,18
22680,-0.0591133004926108,24
23537,-0.04,20
18446,0.0471092077087793,25
66878,-0.083743842364532,13
24046,0.006269592476489,26
27422,0.0557275541795665,28
24097,-0.1212121212121212,9
46578,0.0338983050847456,10
56741,0.0157480314960629,8
24193,0.1228070175438595,8
38893,0.0202429149797571,2
11995,-0.0642857142857142,20
11308,0.0428134556574923,27
24417,-0.0294117647058823,19
24441,-0.0484848484848484,29
64901,-0.0153846153846153,11
24476,-0.0566037735849056,6
30648,-0.0169491525423728,8
18729,0.0922431865828092,2
24556,-0.1810344827586206,27
52740,0.1999999999999999,19
24679,0.032967032967033,23
11340,0.1182266009852217,15
24935,-0.0980392156862745,13
11997,-0.3622047244094488,29
11675,-0.015625,26
25073,-0.1071428571428571,18
61524,-0.1111111111111111,17
25137,-0.074074074074074,22
41064,-0.0138248847926267,22
25452,0.0408163265306122,28
25989,-0.119047619047619,21
68347,0.1497093023255813,26
25604,-0.0092592592592593,29
25612,0.3783783783783783,26
25786,-0.0204081632653061,19
25823,0.05,8
25938,0.0434782608695651,25
26009,0.0810810810810811,5
40125,0.1304347826086955,1
26084,0.0892857142857141,12
26252,0.1009174311926606,8
26279,-0.0816326530612244,3
26295,0.08,9
26332,-0.021978021978022,27
11404,-0.052,12
26578,0.0,3
41929,0.0190476190476189,8
21821,-0.046195652173913,22
26586,0.0491329479768785,5
26607,0.0,17
71765,-0.0478927203065133,6
26650,-0.05,3
23229,-0.0618556701030927,12
26711,0.0285714285714284,12
30840,-0.0289855072463768,9
26965,0.0,9
38914,0.0,20
87012,0.2105263157894736,18
27087,-0.0407239819004524,0
21979,-0.0662650602409639,3
27430,0.0588235294117647,6
59248,0.1732283464566928,12
27255,-0.106280193236715,25
22293,-0.0544747081712062,1
27407,0.7272727272727273,18
27474,0.0142857142857142,8
20204,0.0654205607476634,10
27618,0.03125,22
62164,-0.0398406374501991,29
38420,0.022099447513812,6
27722,-0.0496453900709219,8
53575,0.073394495412844,1
31042,0.0503597122302157,12
17726,-0.0225806451612903,22
59256,0.0,13
27802,0.1413043478260869,9
31069,0.0,18
31077,-0.0342857142857142,6
41080,-0.1153846153846154,12
59264,0.0530973451327434,27
18091,0.0103092783505154,23
28143,0.0,27
28151,0.0142857142857142,20
28178,-0.1090909090909091,20
29744,0.3076923076923077,9
28231,-0.1111111111111111,4
30067,-0.0956340956340956,18
11607,-0.0492505353319058,20
49285,-0.1153846153846154,22
66472,-0.2142857142857143,4
57592,-0.0303030303030302,22
28629,0.0909090909090908,3
28696,-0.0476190476190476,4
28725,0.0,11
28784,0.0,9
28840,0.1034482758620689,12
28848,-0.0357142857142857,20
11183,0.0192307692307691,18
12005,-0.05,9
28952,-0.0256410256410256,17
29050,-0.0303030303030302,20
22859,-0.0647058823529411,22
60273,0.0256410256410255,25
29197,0.0350877192982457,1
45110,-0.0205761316872428,13
29226,0.0229885057471264,27
64215,-0.0172413793103448,18
26112,-0.1118568232662192,12
29285,-0.0470588235294118,10
61743,-0.025089605734767,22
22867,-0.1764705882352941,11
29560,0.2023809523809523,25
29576,0.0919540229885058,27
11674,-0.0506329113924051,1
45874,0.0680628272251309,23
29736,-0.0923076923076923,4
29752,-0.0448717948717948,1
65226,0.1399999999999999,20
24715,-0.0952380952380952,21
45516,0.1333333333333333,18
29867,-0.1904761904761904,22
40440,-0.3530701754385965,22
43916,-0.037190082644628,21
44943,0.6666666666666667,18
30147,-0.0139860139860139,13
26403,0.0158730158730158,12
10886,-0.0454545454545454,4
30307,-0.0192307692307692,10
30411,0.0185185185185186,10
64936,-0.0462427745664739,22
38682,0.0,12
41515,0.0116279069767442,19
30577,-0.0952380952380952,4
30622,-0.0987654320987654,5
25953,0.0272536687631026,14
20626,0.0019685039370078,5
58990,0.003154574132492,13
30681,-0.0025510204081632,14
46471,0.10752688172043,28
30761,-0.1481481481481481,4
30780,0.043956043956044,27
31376,-0.0178571428571429,3
63132,0.1666666666666667,4
27959,-0.0803571428571429,12
48506,-0.0318091451292246,5
30884,-0.1512605042016807,27
25072,-0.0451127819548872,6
30892,-0.0410958904109589,26
30940,0.04,10
31464,-0.0241935483870967,6
31070,-0.0256410256410256,27
31107,-0.0128205128205127,27
42200,-0.0197368421052631,1
63159,-0.0566037735849056,18
43342,0.011111111111111,28
32281,-0.008130081300813,6
31480,0.31,13
26075,-0.0528846153846154,22
11754,-0.0254957507082153,16
11762,0.0153508771929824,6
70578,0.0054644808743169,22
31552,-0.0181818181818181,5
68398,0.4444444444444444,18
31764,0.0232558139534884,3
31836,-0.1058823529411764,14
44185,0.0109890109890109,25
32062,-0.1999999999999999,9
32110,0.0454545454545454,13
38543,0.5555555555555556,19
87549,-0.1515151515151515,9
60927,-0.1914893617021277,18
22103,0.0510204081632652,28
32417,0.0289855072463767,0
23042,-0.0310559006211179,22
61540,0.0,29
32540,-0.2931034482758621,1
68910,0.0384615384615385,19
26470,-0.0702702702702702,23
32791,0.0517241379310344,5
32804,-0.0588235294117647,20
62834,0.0476190476190476,12
32986,0.0085470085470085,10
25056,-0.1448275862068965,22
62842,-0.0606060606060605,6
33137,0.0,21
52476,-0.0552763819095477,10
24328,-0.0493421052631578,22
33420,-0.0555555555555555,12
33508,0.1428571428571428,8
33532,0.0810810810810811,8
31691,-0.05,4
31712,0.0105263157894737,15
33567,0.4166666666666667,4
42550,0.0,21
33612,-0.0963855421686746,5
62199,0.0,11
87696,0.0606060606060605,8
66149,-0.0405405405405405,14
87717,0.1782945736434109,12
87725,0.0126582278481013,6
11850,-0.0244360902255639,5
19166,0.0129533678756477,5
24205,-0.0813559322033898,12
24918,0.0,22
34367,-0.0148148148148148,15
34404,0.0,3
21338,-0.0346020761245674,8
25371,0.0190476190476189,29
34463,0.08,24
47706,0.0092592592592593,2
21135,-0.0035714285714285,10
42745,0.1330049261083743,8
10016,-0.3203883495145631,21
34818,0.0,29
35706,-0.0042283298097252,8
31915,-0.0445859872611464,0
47271,0.0510204081632652,3
36768,0.0,14
49875,0.2122302158273381,5
27748,0.0892116182572613,10
22496,-0.0557768924302788,22
37023,0.0205479452054795,22
56784,0.0155642023346302,10
49031,-0.0880503144654087,6
37189,-0.125,21
41726,0.0277008310249307,14
66165,-0.0970149253731342,25
25785,-0.0727611940298507,20
45241,-0.0147420147420147,20
37234,-0.0588235294117647,9
37277,0.0,20
37365,0.1428571428571428,18
37402,0.0740740740740741,2
18112,0.0700636942675159,14
37568,0.1496062992125983,25
37584,-0.1080402010050251,17
62877,-0.0548780487804878,1
58421,0.0,24
37832,0.0447761194029849,14
25961,0.0,3
37955,-0.0839694656488549,23
40425,-0.037037037037037,15
21004,-0.0543478260869565,16
32061,-0.0888888888888889,26
38085,-0.032258064516129,21
38093,-0.0241935483870967,2
88269,-0.1388888888888888,0
61348,0.096774193548387,12
38157,0.0,17
47941,-0.0526315789473684,2
32096,-0.08984375,12
38317,-0.3157894736842105,9
38333,-0.0079365079365079,23
62607,0.125,18
12052,0.0122116689280868,17
12060,-0.0220417633410673,28
46834,0.05,15
56629,0.0270270270270269,23
38472,-0.1346153846153845,17
12079,-0.0489795918367347,20
66931,0.104602510460251,5
12095,-0.0652920962199312,3
38659,-0.1968503937007873,25
62260,-0.0784313725490196,0
46674,-0.0193548387096774,28
38827,0.0526315789473683,15
23915,-0.053156146179402,28
25910,-0.0131004366812227,1
27449,0.2954545454545454,15
38974,0.0,23
39029,-0.0357142857142857,9
39045,0.0882352941176469,22
16424,0.0164609053497941,29
12024,-0.0238095238095238,3
57154,-0.1006711409395972,21
55466,-0.0267857142857143,22
45428,0.0,15
65920,-0.015625,29
60441,0.015075376884422,12
32299,0.0,9
12140,-0.0179640718562874,12
16432,-0.0645994832041343,2
53604,0.0279069767441859,5
39483,0.0343137254901961,10
25005,-0.0191780821917808,28
39571,-0.3309352517985612,12
39590,-0.0454545454545454,9
60468,0.1704545454545454,3
52695,-0.0119760479041916,29
32379,-0.0079239302694136,2
63976,-0.0128755364806867,12
67571,-0.1929824561403509,0
49197,-0.0229007633587786,2
40097,0.0218579234972677,15
19721,0.0200573065902578,10
32440,0.0638297872340425,20
32459,-0.0756302521008402,10
40345,0.0615384615384615,26
54770,-0.0112359550561798,12
40476,0.1052631578947369,29
40484,-0.0285714285714285,18
67942,0.0,15
23819,-0.0271317829457364,22
49349,0.0,4
44468,0.0161290322580645,10
43238,-0.05,10
59301,0.0888888888888888,12
40970,0.1052631578947369,11
50905,0.0271739130434782,5
40994,-0.0526315789473684,20
41014,-0.0149253731343284,23
25582,0.0516795865633075,14
25304,-0.0137741046831956,28
52978,0.0483271375464684,10
41188,0.0,15
10294,0.0547945205479452,8
41187,-0.0636042402826855,22
41241,0.1372549019607842,14
41292,0.0,5
88605,-0.1162790697674418,1
50059,-0.3317535545023696,28
41356,0.0769230769230768,3
41399,-0.0909090909090909,18
32651,0.0306122448979591,15
64434,0.1428571428571428,11
60476,0.1395348837209302,9
41444,0.0172413793103447,3
41487,0.015625,29
32707,-0.0407239819004524,6
18016,0.0513698630136987,25
16600,0.0621761658031088,2
61567,0.1538461538461537,11
41874,-0.0636363636363636,0
23309,0.134765625,14
42084,-0.0357142857142857,25
12319,-0.034090909090909,15
42439,0.0818181818181817,14
18374,0.0268199233716475,1
42455,0.0612244897959184,27
32897,-0.1016949152542372,26
42607,-0.05,15
44986,0.0638888888888888,20
20124,0.0492424242424243,3
21792,-0.1150684931506849,3
58886,-0.0099009900990099,27
32934,-0.0045871559633027,23
48135,0.1,17
44150,0.0694444444444444,23
42877,-0.0348258706467661,2
88795,0.3035714285714286,26
42981,0.1714285714285714,5
43028,0.183673469387755,15
62295,-0.0416666666666666,12
38973,0.0078740157480314,23
48557,0.1830985915492957,9
64258,0.1,18
43263,-0.0952380952380952,12
43327,-0.2162162162162162,11
64004,0.2285714285714286,25
75227,-0.0301507537688442,28
12570,-0.0152477763659466,13
21928,-0.0476190476190476,22
56573,0.0117647058823529,12
43610,-0.1818181818181817,11
43618,-0.1034482758620689,1
43634,0.0277777777777776,12
43749,0.1599999999999999,19
43757,-0.12,4
43984,0.0348837209302326,5
44039,0.0344827586206897,11
44090,-0.0833333333333333,11
12431,0.0032679738562091,23
44194,-0.3066666666666666,29
12458,-0.0533807829181495,24
88990,0.108433734939759,26
44266,0.1,1
44274,0.0851063829787233,15
65293,0.0307692307692306,8
46519,-0.0625,2
46463,-0.0136986301369863,0
44506,0.3594771241830066,18
59328,0.053639846743295,17
44565,-0.2266666666666666,19
44637,0.1643835616438356,18
44768,0.0,10
44776,0.0294117647058822,29
44792,-0.1333333333333333,21
15747,0.0434782608695651,3
89093,0.0256410256410255,10
58608,0.0954773869346734,10
50075,-0.0571428571428571,4
12490,-0.0641592920353982,3
40272,-0.0198019801980198,21
12511,-0.0198019801980198,12
45277,-0.0381355932203389,9
45306,0.1764705882352941,21
21573,-0.0332778702163061,2
62631,0.0370370370370369,25
49736,-0.1120689655172413,5
27705,0.0769230769230768,20
45373,-0.0365853658536585,18
45381,-0.037037037037037,27
45437,0.0987654320987654,5
68494,0.0370370370370369,21
45509,0.0,26
23317,-0.0304182509505703,3
53065,0.0314960629921259,23
67993,-0.1052631578947368,8
45728,-0.0353982300884956,28
45891,-0.024390243902439,11
57066,-0.0450928381962865,6
46018,-0.0135135135135134,2
46114,0.3125,29
47984,-0.0267857142857143,20
46229,-0.1830985915492957,0
52329,-0.0533980582524271,23
61583,-0.0496894409937888,22
46392,-0.0802919708029197,8
22111,-0.0530973451327433,1
42534,0.0106382978723404,14
53268,-0.0747663551401869,23
46819,-0.0485436893203883,22
42104,0.0070422535211267,22
46870,-0.09375,6
46886,0.1376811594202898,18
51596,0.0208333333333332,4
46931,-0.0512820512820513,1
46950,0.0246913580246914,12
47002,0.0526315789473683,23
42067,-0.03125,29
24432,-0.0333333333333333,22
12650,-0.021680216802168,29
24053,-0.0861423220973782,12
68996,-0.1132075471698113,18
45890,0.0096153846153845,29
47205,0.1533742331288343,22
47248,-0.0252100840336134,8
26825,-0.0604651162790698,3
47379,-0.0756302521008402,12
44134,-0.0047281323877068,14
52847,-0.0208333333333333,3
58616,-0.0909090909090909,10
25769,-0.0244565217391304,22
60521,0.0092165898617511,23
47715,-0.024,10
17750,-0.0285714285714285,12
33398,-0.0142857142857142,12
59045,-0.0333333333333333,8
33451,-0.1964285714285714,19
47969,0.0126582278481013,10
48960,-0.0171673819742489,6
45866,0.1290322580645162,29
16678,0.0842696629213484,17
59897,0.185483870967742,15
48144,-0.1735537190082644,8
41136,0.0447761194029849,14
48195,-0.0625,8
89456,0.0217391304347827,26
48267,0.0268456375838925,25
47255,-0.125,0
58624,0.2745901639344261,8
12781,-0.0429292929292929,10
48363,0.0422535211267605,13
48371,-0.024390243902439,2
65656,-0.035,24
48486,0.006993006993007,18
33603,0.0185185185185186,17
48523,-0.0273224043715847,14
48531,0.1025641025641026,6
48769,-0.2328767123287671,29
48961,-0.0775510204081633,29
59053,-0.1047619047619047,3
49032,-0.1034482758620689,13
49083,0.0566037735849056,8
50286,-0.0133333333333333,10
57373,0.125,15
60943,-0.0268817204301075,13
65330,-0.0358974358974358,29
17443,-0.3125,18
10092,-0.2926829268292683,0
49227,-0.0387596899224805,28
20415,-0.0177514792899408,29
18147,0.1401515151515151,14
89587,-0.0121951219512195,14
89608,0.263157894736842,19
49534,-0.1999999999999999,27
50876,-0.0751565762004174,12
49606,-0.0366379310344827,15
49614,0.263157894736842,18
49729,-0.0379746835443037,22
49737,-0.05,1
49745,0.1136363636363635,17
49817,0.0489510489510489,12
49905,0.1024096385542168,22
21178,0.0115606936416186,14
59352,0.0404984423676011,23
26710,-0.0416141235813366,4
59360,-0.0465116279069767,13
89675,-0.0441176470588234,17
24360,-0.0159574468085106,12
33785,-0.0313479623824451,23
68523,0.0,19
50156,0.1931330472103003,18
33814,-0.105105105105105,27
56223,-0.0225988700564971,2
43721,0.0981818181818181,6
22373,-0.0757097791798107,22
62906,0.0978260869565217,2
59774,0.0777777777777777,6
33849,0.0473684210526315,28
34147,-0.208955223880597,23
50404,-0.009049773755656,12
23835,-0.0204081632653061,10
34067,-0.1388101983002833,27
89755,-0.0606060606060605,16
50623,0.0078740157480314,13
50666,-0.0384615384615384,5
50877,-0.0766423357664233,27
33937,0.0141509433962263,12
51079,0.0,19
51263,0.0346320346320345,28
90100,-0.0666666666666666,23
43668,-0.0355029585798816,10
47837,-0.0571428571428571,21
51626,-0.25,8
51677,0.0,11
45751,0.0075987841945288,6
51693,-0.0416666666666666,4
89886,0.0666666666666666,11
20562,0.0250696378830084,4
34032,-0.0964630225080386,10
51800,-0.0588235294117647,26
51829,-0.12,19
35705,-0.0441176470588234,3
39538,0.1483516483516482,15
51933,-0.0609756097560976,18
89894,0.0888888888888888,15
52039,-0.0476190476190476,16
13119,-0.0849673202614379,2
65357,-0.0305343511450382,8
43449,-0.0020576131687243,13
26729,0.0437636761487965,25
52135,-0.0476190476190476,4
89915,0.0483870967741935,6
17478,0.0180505415162455,2
25646,0.1027837259100643,8
19895,-0.0712401055408971,2
52231,0.0,0
50577,-0.0175438596491228,0
52282,0.1682242990654205,18
52346,0.0273972602739727,29
10507,0.0,17
52469,-0.15,0
62914,-0.0571428571428571,6
52581,0.0555555555555555,13
52696,0.0409836065573769,9
75407,-0.0461538461538461,8
17005,-0.0251572327044025,16
52792,-0.0158730158730159,10
52813,0.0192307692307691,2
22752,-0.113013698630137,11
42796,0.0504451038575668,14
52919,-0.0947075208913649,9
53015,-0.0606060606060605,14
53082,0.024390243902439,13
53226,0.0,4
55546,0.0123456790123457,26
58632,0.2857142857142858,15
53480,0.0865384615384614,18
53640,0.0833333333333332,26
24010,-0.1073825503355704,15
53859,0.0121951219512195,22
48901,-0.1005586592178771,27
54181,0.048780487804878,28
90211,0.0270270270270269,29
54253,0.0114942528735633,12
22592,-0.0174825174825175,5
24248,-0.0866141732283464,22
15966,-0.029320987654321,5
54675,0.0,4
54771,0.0136986301369863,4
54798,-0.0204081632653061,9
54827,-0.0657894736842105,10
22023,-0.031578947368421,12
18382,-0.0080906148867313,2
42614,0.1363636363636364,13
67678,-0.0085470085470085,25
55125,0.0793650793650793,16
55079,-0.0047619047619047,12
21290,0.0277777777777776,20
90310,0.1212121212121211,8
55256,-0.0158730158730159,10
55328,-0.0869565217391304,17
22779,0.0368020304568528,20
40731,0.0185185185185186,9
55467,-0.0214285714285714,5
12058,-0.1071428571428571,12
13290,-0.1320754716981131,19
28345,-0.0392749244712991,6
66640,0.0232558139534884,22
65365,0.0532544378698225,10
69550,-0.0052631578947368,9
13303,0.4199999999999999,19
41179,0.0285714285714284,22
90377,0.1612903225806452,17
55993,-0.0277777777777777,15
56040,-0.034965034965035,27
45487,-0.0493827160493827,6
47028,-0.0377358490566037,12
25590,-0.1182795698924731,23
17278,-0.0232558139534884,9
58501,0.0140845070422535,29
56630,-0.1111111111111111,1
34497,-0.0241286863270777,27
26753,-0.0958904109589041,26
56937,0.0476190476190476,26
56945,0.1568627450980393,20
57067,-0.0408163265306122,8
57155,-0.0789473684210526,22
38658,-0.0645161290322581,12
57251,-0.0188679245283018,2
57286,0.0649350649350648,24
64450,-0.019047619047619,23
34630,-0.0886075949367088,29
34649,0.0747663551401869,29
47466,-0.0175438596491228,29
60986,-0.0388059701492536,29
21207,0.0116550116550115,29
34673,0.1341463414634145,26
57534,0.0465116279069768,3
57577,0.2058823529411764,28
67707,0.0238095238095237,21
48274,-0.0608695652173912,21
61815,-0.0593607305936073,15
57780,0.1129032258064515,29
66288,0.0408163265306122,27
64311,-0.0628183361629881,2
49752,-0.1046511627906976,26
28118,0.0455580865603644,28
57999,0.0638297872340425,4
10062,-0.1142857142857143,29
44206,-0.0742574257425742,12
23931,-0.0544412607449856,23
24766,0.0353697749196142,24
58318,-0.1038961038961039,11
58334,-0.0069444444444444,10
58369,0.0882352941176469,29
58406,-0.0091324200913242,12
58641,0.1,9
34817,-0.0190677966101694,16
66018,-0.0914634146341463,21
58756,-0.048780487804878,27
58772,-0.0169491525423728,29
58799,0.0638297872340425,17
58836,0.1212121212121211,0
34825,-0.0131578947368421,18
58026,-0.1288888888888889,8
34833,0.0069444444444444,1
66667,0.0769230769230768,28
59089,-0.065040650406504,10
59110,0.0879120879120878,15
56733,-0.0393013100436681,16
23026,-0.0628571428571428,1
59222,0.0,3
13610,0.0,12
64063,0.02,17
63714,0.0116731517509727,26
59839,-0.1363636363636363,9
27385,-0.1024844720496894,22
59898,0.1395348837209302,12
55036,-0.0612244897959183,13
90721,-0.1323529411764705,1
60063,0.0212765957446807,20
60098,-0.0735294117647058,23
20394,0.0362694300518133,13
51457,-0.0362694300518134,2
60186,0.0196078431372548,20
24811,-0.1024930747922437,28
90799,-0.073170731707317,1
22509,-0.0269413629160063,28
42112,0.0206185567010308,21
60506,-0.0411522633744856,29
16870,-0.0555555555555555,22
60310,0.0370370370370369,14
60792,-0.0192307692307692,23
66026,-0.0542299349240781,5
20917,-0.0363636363636363,13
42833,-0.04,1
75083,-0.0178571428571429,5
60899,-0.0769230769230768,19
61031,0.0952380952380953,18
61058,0.0465116279069768,24
22082,-0.1293532338308457,23
61138,-0.0094339622641509,25
61146,-0.0985915492957746,8
61242,0.0062111801242235,5
61269,0.1196581196581196,18
41355,-0.0751633986928104,10
61322,-0.1578947368421053,20
67037,0.0731707317073171,6
61496,-0.0666666666666666,18
57509,0.0,21
68638,0.1346153846153845,11
63722,-0.0909090909090909,4
61640,-0.1235955056179775,12
61787,0.048780487804878,12
57138,-0.1818181818181817,19
60687,-0.139917695473251,5
44353,0.0538461538461538,14
61955,-0.0506329113924051,27
62010,-0.0153846153846153,6
22517,-0.0445544554455445,21
62034,-0.0034602076124568,10
35203,-0.0714285714285714,26
35211,-0.0316742081447963,27
13821,-0.0323886639676113,23
13856,-0.0309597523219814,5
50550,-0.0208333333333333,16
27713,-0.0383386581469649,10
62341,0.0,8
70949,0.146341463414634,20
21936,-0.1025145067698258,1
17806,0.0345622119815667,2
21776,-0.0692640692640692,5
52898,-0.0065359477124182,2
13901,-0.0705394190871369,12
13928,-0.0805084745762712,12
62747,0.1111111111111111,19
62907,0.0462962962962962,13
63088,-0.015625,24
63125,0.1444444444444443,14
10120,-0.0507246376811594,22
24459,-0.022284122562674,6
43588,-0.1573426573426573,27
63240,-0.0196078431372549,3
63395,-0.0185185185185184,15
35422,0.1520467836257311,26
60695,-0.097560975609756,0
26438,-0.0631970260223048,6
63483,0.1174242424242424,1
56143,-0.0622568093385214,14
63300,0.0879120879120878,16
17902,0.1134020618556701,26
49744,-0.013262599469496,23
23501,-0.0686274509803921,22
35529,-0.0065359477124182,10
63811,0.0769230769230768,0
63830,0.1080000000000001,15
63749,-0.1621621621621621,11
64195,0.1311475409836064,17
18163,-0.0336134453781512,12
55511,0.0188679245283018,5
64646,-0.0434782608695651,22
23712,-0.0395256916996047,6
64654,0.0,19
25443,-0.0569948186528497,22
65032,-0.072463768115942,22
64902,-0.1666666666666666,11
64929,0.1355932203389831,1
24539,-0.0378787878787878,27
20183,0.0476190476190476,23
64961,0.53125,18
64996,0.0133333333333334,8
65024,0.0465116279069768,0
65083,0.0277777777777776,15
27756,-0.0501930501930502,23
65091,-0.0999999999999999,4
65155,-0.1764705882352941,11
65163,0.1857142857142857,25
69649,-0.0709219858156028,3
66683,-0.028169014084507,10
46893,-0.0314465408805031,14
65438,0.0,13
65446,-0.1999999999999999,19
52097,-0.0082644628099173,29
65700,0.05,13
65761,-0.0136986301369863,3
64346,0.0273972602739727,2
18286,0.08,9
65817,0.0289855072463767,14
24942,-0.084870848708487,5
46228,-0.1379310344827586,26
65964,0.0173913043478259,26
91380,0.0311284046692605,14
66078,0.290909090909091,26
58771,0.0660377358490567,14
64354,0.1999999999999999,9
66369,0.0517241379310344,26
66393,0.0,5
66422,0.0925925925925925,25
57146,0.0,26
66545,-0.0434782608695651,15
66617,0.1343283582089551,18
66799,0.0784313725490195,8
18921,-0.0491803278688525,22
66801,0.0434782608695651,3
66836,-0.1927710843373493,0
59432,0.0035714285714285,14
46762,-0.1999999999999999,19
67300,-0.0606060606060605,8
26737,0.0,10
18948,0.0406249999999999,28
35991,-0.0762711864406779,15
23990,0.0,10
64477,-0.0465116279069767,21
36003,0.0307017543859648,28
39570,0.0034843205574912,1
67652,-0.0945945945945946,24
91564,0.0,13
45495,-0.0793650793650794,16
67847,0.0428571428571429,18
26884,-0.0396825396825396,12
54818,-0.0119047619047618,6
66050,0.0,22
33961,0.0,17
47490,0.0710900473933648,6
68049,-0.0317460317460317,12
27633,0.0,5
68102,-0.0414201183431952,26
68161,0.0629370629370629,8
68196,0.0102040816326529,29
54199,0.0293159609120521,10
27780,0.1393939393939394,22
68313,0.0769230769230768,15
68340,0.0656934306569343,13
46340,-0.0982905982905982,8
65066,-0.0808823529411765,21
68567,-0.1636363636363637,3
24467,0.0086206896551723,22
68591,-0.0256410256410256,4
52943,0.032258064516129,17
36177,0.0336134453781513,24
91687,0.0,1
68743,0.06,15
66069,-0.0761421319796954,14
22840,0.0112994350282484,1
67715,0.021604938271605,13
69033,-0.0425531914893616,8
23085,-0.0516795865633075,23
25013,-0.047808764940239,27
45671,-0.0484581497797357,28
69332,-0.1186440677966101,8
18032,-0.0294117647058823,2
69519,0.1466666666666667,8
36281,0.0723860589812332,28
66085,0.0,11
69607,0.0621761658031088,25
62690,-0.0657276995305163,27
61049,-0.048582995951417,23
69885,0.05,4
41574,-0.0170940170940171,9
70018,0.0943396226415094,17
51625,0.014218009478673,10
70077,0.015625,27
50243,-0.0128205128205127,15
70114,-0.1764705882352941,22
54412,-0.0797546012269938,1
70280,-0.0707964601769911,10
36468,0.032967032967033,10
70440,-0.1666666666666666,11
56434,-0.0657894736842105,8
67723,0.0560747663551401,25
49138,0.1785714285714286,3
70536,0.0226700251889169,29
70616,-0.0158730158730159,17
70632,-0.0531914893617021,8
70659,0.0,0
70691,-0.0222222222222222,9
70704,-0.0909090909090909,19
70790,0.0352941176470589,14
19852,0.0496453900709219,14
60206,0.0204081632653061,10
91871,-0.180327868852459,11
21514,-0.0240963855421686,1
71176,0.0,22
26614,-0.0634920634920634,22
49437,0.0934579439252336,0
15720,-0.0769230769230768,21
71475,-0.0915032679738562,21
18411,-0.0545977011494253,5
71555,-0.1764705882352941,11
55204,-0.0799999999999999,22
58683,-0.0838926174496644,13
66093,-0.0656716417910447,1
71942,-0.0476190476190476,2
71985,0.1056910569105691,0
17523,0.0363636363636363,28
72072,-0.0769230769230768,19
36695,0.0166666666666666,28
55060,-0.1472868217054264,18
11760,0.1125827814569535,15
72232,0.32,17
44062,0.0874125874125875,2
72304,-0.0638297872340425,26
16715,-0.078125,16
39220,-0.1463414634146341,14
72494,0.0,14
36783,-0.0033444816053511,2
43481,0.0853080568720379,2
72523,0.0573248407643312,26
71124,0.1,2
43350,-0.0227272727272727,23
92057,-0.0625,9
18438,0.0153061224489796,23
53399,-0.0270270270270269,8
92073,0.0580645161290322,20
36898,0.0041666666666666,6
45882,0.0,18
65074,0.0148148148148148,25
72980,0.0801687763713079,25
18198,0.0420168067226891,6
58464,0.0524344569288388,13
73075,-0.0614754098360655,5
73139,-0.0714285714285714,28
73219,-0.0272727272727272,29
50921,-0.1379310344827586,11
72733,0.0355871886120997,1
73438,0.1309523809523809,18
14656,0.1052631578947369,2
37022,0.1944444444444444,9
26454,0.0169014084507042,10
57963,0.1971830985915492,26
20693,-0.1363636363636363,0
73614,0.004255319148936,20
43967,-0.0317460317460317,0
52396,-0.0471976401179941,24
47861,0.0169491525423728,1
73681,-0.0357142857142857,15
73753,-0.086092715231788,16
44345,0.1666666666666667,4
66739,0.119047619047619,13
73940,0.0,24
43334,0.0827067669172931,10
73956,-0.2162162162162162,4
52038,-0.0045871559633027,5
74086,-0.0426829268292683,18
74203,0.1134020618556701,27
92241,0.0,0
37161,-0.0180722891566265,21
61866,0.0161290322580645,19
62420,-0.0571428571428571,26
30728,-0.0209790209790209,16
74406,-0.1099999999999999,13
18681,-0.0217391304347825,10
74481,-0.0555555555555555,20
66333,-0.0029154518950437,3
74617,0.1018518518518518,29
15560,-0.1308900523560209,28
58704,-0.2272727272727273,3
42219,0.0485436893203883,1
37196,-0.0837988826815642,14
74828,0.0666666666666666,15
74836,-0.0999999999999999,27
44513,0.011111111111111,10
74895,0.125,9
74908,0.0,28
74932,0.2287234042553192,12
57007,-0.0086956521739129,3
75030,-0.1330275229357798,13
57736,0.0,26
75089,-0.1066666666666666,5
43123,-0.092391304347826,22
44329,0.0547945205479452,28
63773,-0.081012658227848,10
60142,0.0,9
75257,0.1576086956521738,26
75273,0.0882352941176469,29
66114,-0.0238095238095238,2
75388,0.0769230769230768,4
75460,0.0058479532163742,6
26542,-0.0304347826086957,28
37276,-0.1999999999999999,11
51369,0.0,25
37284,-0.0588235294117647,0
14736,-0.0406654343807763,12
15579,0.1571428571428572,25
23579,-0.0190274841437632,17
62092,-0.0379008746355684,5
75986,-0.1043478260869564,15
38578,0.0197628458498024,23
45129,0.05,10
11947,-0.0266666666666666,27
75270,-0.0171428571428571,18
50606,0.0470588235294118,10
76268,-0.2702702702702703,9
40483,-0.046875,21
40635,-0.0517241379310344,29
14795,-0.023972602739726,10
76340,0.0909090909090908,19
48696,0.5357142857142858,8
37399,0.0606060606060605,16
14816,-0.0386554621848739,29
61663,0.0387596899224806,8
76639,0.0096153846153845,12
76807,0.0,11
37460,-0.0270270270270269,20
19051,-0.0730593607305936,29
58472,-0.008,1
77228,0.0249999999999999,2
60003,-0.2222222222222222,11
45647,-0.0704225352112676,26
65787,-0.0311850311850311,28
77332,0.0088495575221239,26
55001,0.0113960113960114,14
77367,-0.12,14
77463,-0.043859649122807,15
92591,-0.0888888888888889,9
77527,0.1025641025641026,27
48389,0.0,1
62463,-0.2280701754385965,3
75191,-0.125,5
54287,0.0,3
59600,-0.0238095238095238,29
45356,-0.0324074074074074,10
77730,-0.0601092896174862,12
19596,-0.0850340136054421,29
42569,0.0731707317073171,25
77973,-0.1052631578947368,15
78044,-0.0555555555555555,12
78095,0.140625,13
78116,-0.1282051282051282,4
14883,-0.020356234096692,23
15659,-0.0637254901960784,10
44433,-0.0776699029126213,3
24985,-0.0389610389610389,12
48725,-0.0860420650095602,12
14955,0.1848739495798319,4
78530,-0.0416666666666666,6
78749,0.1999999999999999,12
92655,-0.033625730994152,25
41371,-0.0204081632653061,1
54420,-0.021505376344086,18
28847,-0.2288135593220338,4
79119,-0.0451127819548872,25
79250,-0.4509803921568627,11
15077,-0.0657894736842105,3
17830,0.0092764378478664,28
39087,0.0206896551724138,20
79330,0.0059880239520957,20
16117,-0.0341880341880341,22
67360,-0.0064516129032258,21
16555,-0.2315270935960591,22
79573,0.0357142857142858,3
79629,-0.0512820512820513,18
79637,0.1306818181818181,8
14891,-0.0638297872340425,12
26681,-0.0333333333333333,12
79776,0.087719298245614,3
26606,-0.075098814229249,2
43553,0.0997304582210243,14
79848,0.1999999999999999,8
79864,0.1041666666666667,20
80128,0.0579710144927536,10
63044,-0.0588235294117647,22
27043,0.0053859964093356,14
62471,0.3076923076923077,19
80566,0.0535714285714286,29
37815,0.0114942528735633,27
61700,-0.0588235294117647,3
80785,-0.119047619047619,25
57808,0.0107913669064747,13
14306,-0.14,14
92903,0.2307692307692308,19
81219,-0.1666666666666666,24
28388,0.0249999999999999,3
15202,0.0155844155844155,10
45137,0.0392156862745098,1
56063,0.131578947368421,29
81382,0.0172413793103447,14
24678,-0.0230326295585412,16
21231,-0.0331325301204818,23
53225,-0.0757575757575758,10
24969,-0.0612244897959183,21
57381,-0.1617021276595744,1
81700,0.1111111111111111,27
46420,-0.0761421319796954,14
46068,0.0173913043478259,13
81737,-0.0204081632653061,12
81753,-0.125,11
23034,-0.0208333333333333,21
61233,0.0909090909090908,20
39562,-0.0839694656488549,17
45903,0.0,24
42059,0.0,27
46076,-0.0413223140495867,5
63829,0.0158730158730158,27
62498,-0.0195121951219512,10
58085,0.018181818181818,0
66384,0.2604166666666667,18
82326,-0.175,26
82502,0.0743801652892561,5
38033,0.0,29
39917,-0.0281329923273657,13
19238,-0.1704545454545454,26
45399,-0.02803738317757,3
82959,0.0,24
47108,0.0,15
38156,-0.0574162679425837,1
64135,0.0402010050251255,0
38172,-0.0181818181818181,9
83142,0.0,24
24803,0.0149999999999999,12
66747,0.0091743119266054,18
23536,-0.0654205607476635,22
58819,-0.0645161290322581,22
25099,-0.0869565217391304,23
83345,-0.0205479452054794,27
38375,0.0383141762452108,27
83396,0.0,12
42286,0.1369294605809128,26
83433,0.0307692307692306,2
44337,-0.0588235294117647,16
15472,0.0304709141274237,29
83687,0.2093023255813952,5
51254,0.0113636363636364,23
75153,0.1162790697674418,18
27983,-0.0114649681528662,17
41072,-0.0946291560102301,17
83863,0.1851851851851851,9
59483,0.0086956521739129,13
38295,0.0,9
18067,0.6666666666666667,0
69155,0.203125,18
43537,0.0350877192982457,10
84102,-0.027972027972028,15
45970,-0.0131004366812227,22
84153,-0.0196078431372549,9
84161,-0.0606060606060605,13
84241,-0.1999999999999999,11
88285,0.0,11
90756,-0.0851063829787234,15
90676,-0.046875,21
75368,-0.1525423728813559,22
93316,-0.1111111111111111,4
60090,-0.054054054054054,11
92770,-0.1780821917808219,8
87426,0.1,18
91492,0.4545454545454546,11
86642,0.0,0
88664,0.0,0
86167,-0.0471698113207547,9
68304,-0.1128205128205128,20
87856,-0.0675675675675675,17
68072,-0.0852017937219731,3
89763,-0.2264150943396226,26
85586,-0.0123456790123457,25
89667,-0.0212765957446808,0
90916,0.1999999999999999,25
68452,-0.05,8
85893,0.2333333333333334,12
10019,0.0441176470588235,15
86765,-0.131578947368421,11
87223,-0.1159420289855072,18
70332,-0.063157894736842,28
90537,0.015625,0
10116,-0.1388888888888888,11
55985,-0.0666666666666666,4
90289,-0.0597014925373133,6
10080,-0.2058823529411765,11
10094,-0.1153846153846154,11
10095,-0.1351351351351351,11
10064,-0.0138888888888888,21
10035,0.290909090909091,0
85017,-0.0124999999999999,20
90625,-0.0909090909090909,29
88939,-0.0256410256410256,4
87127,0.0083333333333333,9
75894,0.0857142857142856,18
75193,-0.0493827160493827,16
75216,-0.024,26
85359,-0.0645161290322581,24
89499,-0.0612244897959183,26
10147,-0.0606060606060605,26
38149,-0.1447368421052631,0
88592,0.1129032258064515,20
86626,0.0,18
90852,-0.0999999999999999,17
50657,-0.0769230769230768,18
91273,-0.0344827586206896,27
10140,-0.0615384615384615,22
10078,0.0235849056603774,5
10138,-0.0384615384615384,15
10108,0.0,14
10127,0.2777777777777777,19
10214,0.013157894736842,15
10192,0.0404040404040404,13
10143,0.0943396226415094,4
10200,-0.0192307692307692,11
10235,0.1891891891891892,26
10163,0.032967032967033,17
10150,-0.0333333333333333,15
68451,-0.0891719745222929,24
10272,0.1153846153846154,11
10307,-0.140625,27
10302,0.1496062992125983,20
10299,0.0173410404624276,25
75072,0.0833333333333332,8
10351,-0.0232558139534884,2
10363,0.0196078431372548,3
10333,-0.217391304347826,11
11040,0.303030303030303,0
10344,0.1643835616438356,25
10353,0.1298701298701299,0
10071,0.0,8
10382,0.140625,25
10394,-0.0379746835443037,8
10383,-0.0638297872340425,11
92260,0.0909090909090908,18
89122,0.0,4
10343,-0.0153846153846153,17
10043,-0.0923076923076923,28
12282,-0.0258620689655172,8
10407,0.1052631578947369,11
10412,-0.15,11
10442,0.0597014925373133,28
10398,-0.0666666666666666,9
10423,-0.0204081632653061,9
10462,-0.0094339622641509,29
10352,-0.044776119402985,5
10446,0.0512820512820513,20
10376,0.0102040816326529,13
69809,-0.1111111111111111,21
10410,-0.1111111111111111,0
10371,-0.1774193548387096,21
10421,-0.036231884057971,18
10422,-0.3199999999999999,11
89950,0.1499999999999999,11
68945,0.0666666666666666,14
70164,0.0,21
10527,0.1203703703703704,26
10439,-0.0542168674698795,17
10530,-0.0238095238095238,0
10537,0.0,4
10606,0.0704225352112675,10
10555,0.1296296296296295,0
10544,-0.0083333333333333,25
10141,0.0188679245283018,0
68363,0.5714285714285714,11
75099,0.109375,12
68857,0.0039215686274509,25
85965,0.0,13
10572,-0.037037037037037,25
10456,0.02,20
10676,-0.1538461538461538,3
10611,-0.0103092783505154,8
75469,-0.05,1
70252,-0.003154574132492,20
45225,0.0909090909090908,22
10738,-0.0434782608695651,19
10691,0.4461538461538461,26
10693,0.0442477876106195,0
10713,-0.0555555555555555,12
10649,-0.0566037735849056,18
86597,0.069767441860465,18
10704,-0.1176470588235294,29
86319,0.0,19
10749,0.1176470588235294,24
75517,0.0,25
10739,-0.6704805491990846,9
10721,-0.0229885057471264,24
10716,0.092783505154639,8
75071,0.5769230769230769,0
10696,0.0389610389610388,3
10705,0.0,4
10733,0.3333333333333332,19
10765,-0.1090909090909091,3
10761,-0.0857142857142857,8
10745,0.0,20
70260,0.125,9
10750,-0.0680272108843537,29
69489,-0.0701754385964912,8
10791,-0.0682926829268292,12
54245,-0.1707317073170732,26
70471,-0.108433734939759,21
23019,-0.125,11
10821,0.0175438596491228,13
10820,0.1034482758620689,9
10818,0.125,15
10194,0.3461538461538462,8
70500,0.0757575757575756,28
10828,-0.053763440860215,1
10830,0.1428571428571428,18
70965,0.0454545454545454,13
75224,0.0524193548387097,26
71191,-0.1166666666666667,23
10484,-0.1948051948051947,3
10876,0.0428571428571429,26
10026,0.0408163265306122,14
10812,0.146341463414634,24
10908,-0.0384615384615384,20
10909,-0.0307692307692307,26
88779,0.2115384615384614,4
10924,0.7333333333333334,17
75222,0.1752577319587629,17
10935,0.0074074074074073,27
10933,0.0476190476190476,8
92866,0.0714285714285714,8
10443,-0.0508474576271186,6
10032,-0.0428571428571428,17
70455,0.0,11
70375,-0.1186440677966101,18
11701,0.03125,8
71538,-0.0444444444444444,5
10001,-0.028169014084507,10
11035,0.0,2
11014,-0.1999999999999999,0
10455,-0.0697674418604651,0
11038,-0.0779220779220779,2
10657,0.1034482758620689,15
70674,-0.0483870967741935,1
71001,-0.0667634252539912,25
75215,0.0140845070422535,12
65315,-0.0434782608695651,22
11037,0.0,6
11127,0.0425531914893617,29
11065,0.0865384615384614,8
11036,-0.0454545454545454,4
75035,0.55,0
10999,-0.1290322580645161,11
11141,-0.0857142857142857,25
71909,-0.0689655172413793,17
75149,-0.1388888888888888,3
11082,-0.0294117647058823,0
11923,0.1147540983606556,19
10170,-0.1363636363636363,11
10362,0.1645569620253164,18
10545,-0.0374531835205992,13
11138,0.1666666666666667,18
10879,0.125,9
75523,-0.1304347826086956,4
75084,0.0714285714285714,0
11194,-0.1176470588235294,24
12042,0.0740740740740741,16
75091,-0.2608695652173913,11
11211,-0.0444444444444444,21
10827,0.0337078651685394,4
11162,0.1041666666666667,17
11031,0.0,0
11212,0.0,11
11265,0.1538461538461537,25
72100,0.0333333333333334,1
40708,0.0434782608695651,18
10928,-0.0128205128205127,4
11209,-0.2933333333333333,9
11277,-0.0952380952380952,0
11246,0.08,17
92508,-0.043859649122807,18
11192,-0.0612244897959183,4
11283,-0.0714285714285714,6
11291,0.1506849315068492,27
11330,-0.1379310344827586,9
11347,-0.3636363636363636,0
75545,-0.0606060606060605,1
11345,0.0357142857142858,20
11314,0.1111111111111111,9
11372,0.1794871794871795,27
11342,0.2137931034482758,25
75467,0.7313432835820894,18
11415,-0.0999999999999999,17
11365,0.3888888888888888,8
11385,-0.1320754716981131,19
11339,-0.0869565217391304,9
11000,-0.0303030303030302,1
11346,-0.1521739130434782,19
11371,-0.010204081632653,15
75058,0.0666666666666666,4
11378,0.0594059405940594,22
11384,0.1914893617021276,2
11416,-0.027972027972028,25
11393,0.162162162162162,27
11401,0.0,15
11409,-0.0625,26
11425,0.2291666666666667,17
75103,0.0434782608695651,6
11422,-0.1523809523809524,15
11403,0.1818181818181818,3
11170,-0.0201342281879194,15
11452,0.0416666666666667,15
11478,-0.04,21
10863,-0.0303030303030302,18
11450,-0.053763440860215,3
11465,0.0,9
11481,-0.1578947368421053,11
75055,0.0892857142857141,9
10857,-0.0436893203883494,18
11483,-0.0465116279069767,15
11459,0.0098039215686274,16
11531,-0.0208333333333333,0
75101,-0.3598233995584988,26
75111,-0.0545454545454545,21
11571,0.4444444444444444,11
11525,-0.0789473684210526,12
75470,-0.1454545454545455,17
75053,0.0357142857142858,10
11545,0.3333333333333332,19
11215,0.0444444444444445,3
75107,0.096774193548387,4
75553,-0.0799999999999999,1
11547,0.1956521739130434,9
11554,-0.1775700934579439,24
11626,-0.0694444444444444,20
75554,-0.0869565217391304,25
75173,-0.1690140845070422,18
11600,-0.0261627906976744,26
11601,-0.0769230769230768,4
75002,-0.1067415730337079,1
75558,0.0545454545454544,14
75104,-0.1708860759493671,27
10451,0.0560747663551401,14
11638,-0.119047619047619,5
11636,0.1999999999999999,4
11641,-0.25,18
11622,-0.0192307692307692,27
11662,-0.0666666666666666,0
11533,0.0190476190476189,26
11707,0.0162162162162162,8
11630,-0.1621621621621621,4
75172,-0.0727272727272727,11
75196,0.2142857142857142,18
11723,0.0818181818181817,3
11775,-0.01010101010101,5
11773,-0.0786516853932584,20
11761,0.0,8
75233,-0.0625,11
11678,-0.0481927710843373,17
75186,-0.0677966101694915,15
11534,0.1408450704225352,20
11590,-0.0476190476190476,26
11184,-0.032258064516129,8
75244,-0.025,5
11809,0.0158730158730158,22
19289,-0.036144578313253,5
11731,0.0331125827814569,28
75106,-0.010204081632653,10
22074,-0.0408163265306122,3
11338,0.0476190476190476,22
75261,0.0,10
11828,-0.0294117647058823,20
37217,-0.0859375,1
75272,-0.1097560975609756,22
11599,-0.2608695652173913,13
11726,0.0588235294117647,11
11764,-0.1071428571428571,26
75262,0.0363636363636363,27
11618,0.0218978102189781,8
10965,-0.1515151515151515,20
11958,-0.0236220472440944,10
11364,-0.0833333333333333,19
11896,0.0603015075376884,26
11913,0.0857142857142856,20
75902,-0.0263157894736841,11
11861,0.0379746835443037,2
75266,0.1904761904761904,9
10180,0.0754716981132075,8
75577,0.1120331950207469,26
10360,-0.05,19
11004,-0.0149253731343284,27
11853,-0.0178571428571429,9
11908,-0.1065088757396449,26
75259,0.0544412607449855,5
62084,0.0,0
75320,-0.0344827586206896,29
10967,0.094488188976378,4
11796,0.1136363636363635,18
75308,-0.0467289719626168,15
11927,-0.1195652173913043,29
10901,0.0,13
75316,-0.0075757575757575,28
11891,-0.0339622641509433,0
11868,-0.0508474576271186,9
75228,0.0933852140077819,8
75286,0.0238095238095237,25
11994,-0.1111111111111111,27
75288,-0.0948905109489051,23
11964,0.0,5
11849,0.0384615384615385,29
11509,-0.0416666666666666,1
11874,-0.0121951219512195,1
11899,0.0555555555555555,0
75328,-0.081081081081081,15
11936,0.0416666666666667,10
11752,0.1538461538461537,15
11970,0.2298850574712643,0
11468,-0.0799999999999999,4
12193,-0.25,11
75294,-0.0516431924882628,29
75295,-0.1698113207547169,9
12149,-0.0217391304347825,3
12248,-0.0285714285714285,0
75579,0.1212121212121211,9
12067,0.0432098765432098,26
75573,0.0136986301369863,17
11917,0.1428571428571428,28
12094,-0.1043478260869564,0
11976,0.0784313725490195,8
75359,0.2222222222222223,15
75326,-0.0675105485232067,12
11998,-0.2028985507246377,9
12284,-0.1578947368421053,9
75880,-0.0069204152249134,10
75348,-0.1071428571428571,26
12048,0.1372549019607842,8
12022,-0.1111111111111111,4
75585,0.0526315789473683,8
75422,0.3714285714285714,9
12226,0.0701754385964912,10
12260,0.1428571428571428,18
12074,0.0444444444444445,13
12199,0.2916666666666667,9
75390,-0.048780487804878,13
12214,-0.0754716981132075,0
11502,0.0486111111111111,18
12062,-0.0854700854700855,27
12190,0.0294117647058822,11
12237,0.2321428571428572,18
75333,-0.1064935064935065,12
75462,-0.0166666666666667,8
75432,0.1764705882352941,1
75383,-0.0614035087719297,28
75444,-0.0054945054945054,5
75445,0.0,9
11975,-0.0676156583629893,28
12174,0.0153846153846153,0
75448,0.0440251572327043,0
12131,0.0714285714285714,9
75479,0.0461538461538462,27
10278,-0.006578947368421,21
64071,-0.0096153846153845,15
75449,0.1727748691099475,24
12169,-0.054054054054054,0
75591,-0.0197368421052631,8
75483,0.1126760563380282,4
12215,-0.0606060606060605,19
75482,0.0172413793103447,14
75481,0.2372881355932203,20
75477,-0.1304347826086956,11
75480,-0.0962962962962963,4
75447,-0.1351351351351351,15
10425,-0.0754716981132075,0
75604,0.0,4
75647,-0.0267753201396973,14
75488,0.0434782608695651,20
75485,-0.12,0
66173,-0.0657894736842105,0
75878,0.0,9
75593,0.0277777777777776,29
75646,0.010752688172043,10
75602,0.0054644808743169,16
75597,-0.025,0
75645,-0.0384615384615384,11
75792,-0.0390625,3
75643,0.0869565217391303,23
75490,-0.1257861635220125,0
75609,-0.0655737704918032,11
75627,0.0666666666666666,29
75606,-0.0606060606060605,26
75607,-0.0263157894736841,3
75635,0.1538461538461537,9
75654,0.2191780821917808,0
75795,-0.0545454545454545,21
75815,0.0714285714285714,17
75603,-0.0470588235294118,26
75818,-0.0721649484536082,26
75808,-0.0262008733624453,10
75801,-0.1090909090909091,3
75800,-0.1557377049180327,18
75608,0.0,3
76070,-0.0727272727272727,2
75825,-0.0254957507082153,24
75853,0.1730769230769231,8
75945,-0.0047021943573667,17
75854,-0.046875,9
78717,-0.0797872340425531,0
75831,-0.0389610389610389,9
75828,-0.0917030567685589,0
75834,-0.0759493670886075,9
75835,-0.088235294117647,21
75869,-0.1578947368421053,11
75660,0.0454545454545454,18
75850,0.0103950103950103,26
75860,-0.0178571428571429,11
75794,-0.0823529411764706,6
75833,-0.0978260869565217,4
75858,-0.1206896551724138,9
75861,-0.1864406779661016,9
75862,-0.0666666666666666,11
75822,-0.125,21
75933,-0.25,4
75819,0.0461538461538462,20
75873,-0.0987654320987654,11
75865,0.1999999999999999,13
75849,-0.1184210526315789,11
75866,0.0909090909090908,27
75913,0.0370370370370369,0
75888,-0.1485507246376811,17
75914,0.1948051948051947,18
75881,-0.0124999999999999,15
75918,0.0,4
75900,-0.086206896551724,27
75904,-0.0675675675675675,20
63562,-0.0666666666666666,1
75929,-0.1310344827586207,26
59790,-0.1351351351351351,3
84911,-0.0357142857142857,26
11644,-0.025,18
75382,0.05,4
25727,0.1612903225806452,18
19968,0.0033333333333334,15
66122,-0.0628571428571428,27
