firms,mom1,clusters
11499,0.1972222222222222,14
81912,0.0101867572156197,3
27991,0.0348587772613515,24
10517,0.0509344082081348,7
20482,0.0452796685409884,29
10656,0.063400576368876,10
60038,-0.027902933835198,9
10779,0.0453917050691243,8
61487,0.281085154483798,14
61241,0.0240963855421685,22
88845,0.0834922653104472,2
28222,0.0090340514246003,16
11368,-0.0136033229491173,27
28804,0.2407371483996121,8
11587,-0.0216571534010826,16
11691,-0.043173862310385,29
11790,0.0793465577596266,26
10145,0.0748930099857345,2
45911,0.034037558685446,17
24643,0.0,3
28484,0.0768421052631578,7
90893,0.2635889798957558,14
81073,0.1514828378022135,14
10225,0.0411273144355235,28
12758,0.0675512665862485,2
24109,0.0393246420175252,9
59176,0.0854384553499596,2
13507,0.0808759487370909,27
58560,-0.0247841381515829,3
13769,-0.0571428571428571,22
11144,-0.0157911698356429,25
85257,0.0365766196509682,27
14008,0.1197160021845986,26
18075,0.0106894708711917,12
14219,0.0633608815426998,4
14227,0.0020671834625323,12
83112,0.0904645476772616,2
39490,0.0389120775548674,13
14593,0.0028545764126546,8
14761,0.1453804347826086,6
14868,0.1094161545215099,21
77595,0.0108178277801818,13
29209,0.011706102117061,9
24272,-0.0470693856611517,17
15457,0.0823956442831215,6
15553,0.0497997997997998,11
15721,0.0271749755620722,2
44644,0.0598109517601044,9
16030,-0.1125166444740346,29
44601,0.0543451652386781,28
27684,0.0252053242707448,9
40416,0.0603580562659846,11
53110,0.054373522458629,20
52484,0.0107260726072608,3
75034,0.0354752342704149,1
10318,0.0895115298785023,2
57568,0.0713803197478046,12
16505,-0.0114613180515759,19
16548,0.0500103327133705,12
49656,0.031319086219602,27
46877,0.0195245321193728,27
39693,0.0871852686959788,24
47423,0.0850891410048622,9
27887,0.0745562130177515,20
29612,0.0366275051831375,10
39642,0.0857369975017032,9
17444,-0.0818363273453093,29
65875,0.0563077584354179,7
65509,0.1377314814814814,26
43772,0.0808784145688268,28
17778,0.0241153342070772,7
61508,-0.0082745193477731,28
18033,-0.1489361702127658,18
61946,0.0589083914402499,24
65154,-0.1121433311214332,16
19561,0.1163849154746421,20
42024,-0.0300751879699249,19
18650,0.1192307692307692,2
52230,0.0556962025316456,2
60898,0.0654791357413822,11
17961,0.0139002452984464,24
19393,0.1141466053556938,20
10874,-0.0609220636663007,14
55597,0.0303687635574836,16
19880,-0.0312396144898637,26
10890,-0.0100087032201915,21
20117,0.1208791208791209,24
45655,0.0449574726609962,28
64186,0.0668833390352376,23
67838,0.0816326530612243,24
20336,-0.1358936484490398,8
62148,0.0736704446381864,3
28564,0.0653061224489794,28
86290,-0.0333333333333333,8
46690,-0.0701468189233278,16
20504,-0.0186046511627907,13
20750,-0.0079760717846461,29
21371,-0.0993291495347328,16
27334,-0.0011787240312362,23
20618,0.0436163455430871,20
30402,0.0651247717589775,17
18542,-0.0584605391360831,7
89792,0.0545333628907116,28
64557,0.0616252821670428,24
60599,0.0132679550043264,3
90011,-0.0773855702094646,16
22921,0.1011804384485666,11
64194,0.036144578313253,24
23182,0.0212367270455964,15
14541,0.0142552283397352,7
30509,0.2081737505838394,10
23297,0.1279209107249848,26
23393,0.0430923176242736,16
79026,0.0615337981206427,10
68320,0.7279999999999998,13
47677,0.0030769230769229,3
23916,0.0369653230065127,28
27422,-0.2533385703063628,22
46578,0.0538031186763479,7
24193,0.0,21
11995,-0.0780987314687453,3
11308,0.0444214876033057,11
24441,-0.0078905839032089,3
24476,-0.0176592797783933,24
30648,-0.069582504970179,29
18729,0.0314602813947391,4
61735,0.006711409395973,9
89525,0.0550389545111835,6
25129,0.0719348910475188,12
25452,-0.0830999066293184,3
25487,0.1908429610611894,14
25778,0.0273357813137493,16
40125,0.0249843847595252,7
26084,0.0748743718592965,6
79618,0.4012698412698412,6
26463,-0.0210984594775619,21
11404,0.034406779661017,28
41929,0.0017069701280227,28
26607,-0.0031785885998183,4
26650,0.1527165932452276,27
23229,0.0499812100714018,24
30840,0.0382352941176469,7
91983,-0.0121590909090908,6
27430,0.0150316455696202,8
59248,0.1067631757520921,1
22293,0.0570975416336241,27
27474,0.148207171314741,27
20204,0.0386760877649683,24
27618,-0.0811138014527844,26
38420,0.0740556660039761,8
17726,0.0704913815281709,28
59256,0.0344827586206897,20
31077,0.0234786775275515,5
27888,0.0325297225891676,12
41080,-0.000517821696729,10
18091,-0.0002881014116968,12
19828,-0.0043859649122807,9
92570,0.0657501494321577,8
28629,-0.02,18
29050,-0.0291262135922329,16
91926,0.1569726699369307,26
29285,0.1187308085977483,3
61743,0.0433467741935482,6
11674,0.0230538922155689,24
76708,0.0590393595730487,3
29867,0.0428954423592493,1
40440,0.0736543909348441,12
44943,0.0526843953838433,16
26403,0.040483605055871,2
10886,0.2873563218390804,6
64936,0.0389285714285714,16
38682,0.1542145593869732,11
30593,0.1331923890063424,3
25953,-0.0064076346284934,24
20626,0.0037831021437579,27
30681,0.0238136624369893,24
11703,0.0263048016701461,7
63132,0.2767741935483869,7
27959,0.048231046931408,19
88590,0.0378411910669975,1
30940,0.0449221806853583,10
31051,0.0467315175097278,25
31070,0.0084602368866328,22
31078,0.0505952380952381,7
42200,-0.0155106818846941,24
63159,0.2157894736842105,26
31480,0.0547203848466626,28
11762,-0.0116185250927868,4
70578,0.0474199869366429,8
82855,0.0089955022488754,7
32054,0.0036330608537693,29
32062,0.0923076923076922,21
22103,-0.0146384479717813,16
81124,0.0,13
23042,0.0462400747314337,12
32540,0.0124031007751939,3
32548,0.0670391061452513,21
26470,0.1247837370242213,5
32791,0.0218855218855218,3
32986,0.1184176054493055,28
52476,0.0448113207547171,10
24328,0.0738627357742907,17
33532,0.0674740484429066,20
31691,-0.0104644057439657,7
42550,0.0345293042476257,6
87696,-0.1063829787234043,2
87717,-0.0803088803088803,3
33823,0.0295857988165679,12
87725,0.0270610446821899,20
11850,0.006253489670575,27
19166,-0.0536010620643876,11
24205,0.0808404062891332,9
34367,0.1583924349881795,27
92640,-0.2537128712871287,22
47706,0.0435897435897436,9
21135,0.3157894736842106,21
34666,0.1230388109000826,18
34746,0.0296717171717171,9
34818,0.0213754646840149,3
35167,0.0939153439153439,12
35263,0.0911867364746945,12
10777,0.0175438596491226,12
35554,0.0104809481829757,15
36397,0.0047036688617121,12
54244,0.0039113428943937,4
36768,0.0756521739130433,23
88924,0.1689141234918381,8
88853,0.0715670436187398,9
37154,0.2838589981447126,25
25785,0.0428231562252181,20
45241,0.0336956521739131,5
37234,-0.093103448275862,18
37402,0.0029438405797101,24
37568,-0.4840940525587828,12
37584,0.0676814159292036,2
58421,-0.0856460209520308,15
37955,0.0921526277897766,10
12036,0.0425275827482447,24
38093,0.0735446985446985,24
47941,0.0896860986547085,23
12052,0.0373694276886862,1
12060,-0.0043066322136088,7
46834,0.1402985074626865,18
55212,-0.0192522667991554,28
38659,0.0672000000000001,16
46674,0.0981275517387019,10
39029,0.0060606060606061,13
57154,0.2881542699724517,23
32299,-0.0133689839572193,19
16432,-0.0292645360030804,11
53604,0.0419556171983357,28
85908,0.0828443699357364,14
39571,-0.0012048192771084,26
60468,0.0622584800343495,2
52695,-0.0065354143541723,26
39731,0.0933333333333332,25
84808,0.0907054871220605,28
23819,-0.0264996386412913,7
54084,-0.0538461538461538,18
25582,-0.0359891824422716,12
25304,0.0329441201000832,12
52978,0.0979510244877559,15
41188,-0.0142857142857142,10
10294,0.1394967177242887,26
41241,0.0129310344827586,24
41292,0.0634854771784232,17
76927,-0.036283185840708,3
32651,-0.1487068965517241,29
32707,-0.0839118623603984,17
16600,0.0502759779217663,26
91575,0.1157894736842106,6
61567,0.0645871559633028,26
52716,0.0744356314826113,9
32803,-0.0845195729537366,26
42140,0.0442857142857142,9
42439,0.1245247148288974,24
42455,-0.0836653386454182,18
91207,0.0563567047903199,24
21792,0.1180587960802612,24
32934,0.0576923076923077,10
42877,0.0692239225932414,26
42906,0.0483641536273113,24
88795,-0.028268551236749,21
78892,-0.0604575163398692,11
12570,0.0797569312571211,3
80210,0.0680150349024522,9
21928,0.0338402227457701,28
56573,-0.0091056910569106,16
43634,0.513274336283186,8
43757,0.0478260869565219,18
51633,0.0733333333333334,15
12431,0.0448243114909781,24
44274,-0.0366208905534749,28
46463,0.0576752440106478,28
44506,0.0985294117647059,9
59328,0.0457375478927204,27
44768,0.0496996176952484,10
12490,0.0620923168849274,20
40272,0.050561797752809,24
45277,0.0351317440401506,12
45306,0.0781531531531531,8
21573,0.0583958191320155,23
27705,0.0061845861084681,1
45437,-0.00600764609503,11
45560,0.1780821917808219,13
53065,0.0195618153364631,24
45728,-0.1006202618883528,29
46042,0.0036444624417897,4
46077,0.0145095763203715,24
52329,0.1515151515151513,24
82694,0.099040705211304,10
22111,0.0712127184338458,7
42534,0.1143946615824595,16
46886,-0.0368882395909422,17
46923,0.0853882959146115,4
47002,0.0163323782234956,28
42067,0.1206030150753769,2
47088,0.0484994640943194,27
24432,0.0622995877233167,16
12650,0.0770127221520831,14
24053,0.06963249516441,9
47205,0.0227908836465413,13
26825,0.0649586776859505,7
47379,0.057757644394111,7
44134,-0.0355731225296441,24
47619,0.0780809031044214,14
47715,-0.01628664495114,9
17750,0.039244802715316,20
59045,0.0107923137667806,23
48072,0.0138888888888888,11
48144,0.0683918669131238,8
89456,0.0130624092888245,12
49488,-0.1024516129032258,2
48267,-0.0258620689655172,16
12781,0.0475956820412168,12
48486,-0.0198581560283687,21
48523,0.052343856771901,9
48531,0.0201938610662357,5
48961,0.2345505617977525,21
50286,0.0583333333333333,0
60943,0.1046435578809681,10
65330,0.1280701754385964,28
20415,0.0197026022304833,21
50876,0.0389681668496157,20
81678,-0.0333630686886707,28
49905,0.0436705362078495,25
21178,0.0968181818181816,27
56223,0.0300429184549357,25
59774,0.0192563081009295,23
33849,0.0503731343283582,11
66245,-0.0463179807442102,4
23835,0.0343543046357615,28
50623,0.0768518518518517,10
50789,0.0327868852459016,28
89790,-0.018348623853211,13
51263,0.1101511879049674,26
81311,0.0809371671991479,5
15069,0.0065671641791045,1
45751,0.0223478729133008,17
34032,0.0514018691588784,26
51829,0.1316165951359085,8
39538,0.0741104294478527,23
51925,-2.487562189046333e-05,29
51960,-0.384,22
43449,0.0395203336809175,7
89915,0.0545947778908104,9
17478,0.1187969924812031,17
81061,0.0172430038631865,2
52250,0.0013986013986013,21
10507,0.0135135135135135,13
17005,0.0757042253521127,20
22752,0.0344020594430143,27
42796,-0.0894811994288434,28
53074,-0.0053524312099509,26
87437,0.1703703703703702,4
89857,0.1722878228782287,29
53373,0.1287878787878786,13
53480,0.0633177570093457,28
53640,0.1231216674745516,17
24010,0.0157404433022807,3
53859,0.0030832476875641,12
54253,0.0591248665955175,24
91109,0.0737951807228916,22
22592,0.0222115384615384,7
24248,0.0429787234042553,28
54675,0.0020876826722338,27
54704,0.1043689320388348,1
54827,0.0555155010814709,24
76591,0.0033798056611744,2
42614,0.0108335175768294,28
22779,0.0292557466645233,19
28345,0.046813403416557,27
65365,-0.0516304347826086,9
69550,-0.0221209050996284,17
59408,0.084594835262689,21
84372,-0.0007251631617113,23
13303,-0.02890625,27
90377,-0.0216949152542372,27
55993,0.0610361017533622,23
56040,0.0213875847678661,13
78900,0.1531113537117903,14
25590,0.0543048633785874,28
52337,0.2103790384126176,19
58501,0.1051412691060675,6
34497,0.0593499144624294,3
56945,0.0539419087136929,20
38658,0.0136639676113359,24
64450,0.0065080789946139,3
47466,0.0134436401240951,27
60986,0.1182519280205656,10
21207,0.0397120873665921,3
34673,0.0533484676503972,23
57534,0.0348623853211009,20
61815,0.0435802580528736,2
64311,0.0551676933607119,9
28118,-0.0814253744190051,29
44206,0.0469766321368345,4
38762,0.0592057761732851,10
23931,0.0348432055749128,15
58246,0.0257379206617784,12
24766,0.0680572472594396,16
58318,0.0490704053642181,26
58334,-0.0379802414928649,12
90458,0.0225756798358132,28
34817,0.0244173140954495,12
58836,0.0810810810810809,8
34833,-0.048099113324426,11
72611,0.0530612244897958,2
58975,0.0443465953766313,17
67029,0.04,28
59089,0.1318228630278064,10
23026,0.0688956433637286,3
24440,0.2084268692799171,2
13610,0.0889464594127806,9
63714,0.0928609769189479,24
59871,0.0766961651917403,11
60098,0.0778816199376946,15
60186,0.0692939244663384,1
91531,0.0159752641071888,24
77157,0.0450980392156861,5
44230,0.0883590462833099,14
90531,0.0452165635411707,4
22509,-0.0053467993465022,23
60506,0.0655426765015805,7
13688,0.0443245778611631,1
86136,0.0280349794238681,17
61146,0.0283842794759825,11
61269,0.628810226155359,14
58675,-0.1008403361344536,11
41355,-0.0306943268416596,24
61496,0.1885369532428356,19
57509,0.2141194724592707,0
61787,-0.0886262924667651,29
61955,-0.0073710073710073,18
22517,0.0158987670343933,1
13856,0.0440807707535964,27
50550,0.1346266901822457,27
62341,0.0628216123499141,6
62368,0.0594560404807082,8
21936,0.0544391669711361,20
21776,0.1126169732171666,11
52898,0.0792996910401648,17
13901,0.0250372578241431,20
13928,0.0371009490940466,11
62958,0.0419931056095268,7
63125,0.0792616720955481,7
89968,-0.1107078039927406,21
24459,0.134351145038168,11
80185,0.0948959365708621,10
23501,0.0547067520946278,12
63715,-0.0968905686308194,2
63830,0.0162388123693659,8
18163,0.0115515883433972,27
64486,0.1215538847117791,8
55511,0.0369545859305431,24
23712,0.0536974532065051,12
64929,0.0280438947918482,23
64961,-0.013498920086393,29
65008,-0.0877443609022556,22
87043,0.0158730158730158,22
27756,0.0348787749893659,5
65270,0.0706713780918726,2
69649,0.0505925250683683,10
66683,-0.0624227441285537,4
65700,0.0143020594965674,28
24942,0.0773318673263698,16
58771,0.055383022774327,24
76711,0.009433962264151,12
76282,-0.0004569339730409,26
80294,0.0468836183121899,29
84381,-0.0441664821784371,24
35991,-0.0018863969817648,24
36003,0.0016319869441043,16
45495,0.0222607690083838,7
67847,0.0837656393042416,4
54818,-0.0067441860465116,9
66050,-0.0127388535031847,22
27633,0.0631672597864767,24
68196,0.0205164485320128,10
54199,-0.000377216144851,12
41320,-0.0427666314677931,24
76149,0.1043587594300083,4
68591,-0.0136585365853658,12
22840,0.0848765432098765,6
23085,0.0475020475020473,28
36281,-0.0185770017370443,10
85926,0.0855470508779827,7
41574,0.0031829656459225,27
51625,0.0765765765765766,23
50243,-0.0481927710843373,3
88742,0.0569049271339348,27
36468,0.0451760628751778,6
49138,0.1477556109725686,7
70536,0.0076563716584479,9
70616,-0.0809716599190284,13
65402,0.0285195023067243,23
60206,0.0302728292014451,10
64995,0.060702875399361,9
71176,0.1013534781240164,28
26614,0.0081610446137105,12
63335,-0.0549828178694158,27
15720,0.0476785342494274,15
71475,0.0870468277945619,10
18411,0.0424350144412353,16
58683,0.1521367521367522,17
66093,0.0217209690893902,27
63765,0.0872483221476507,11
71942,0.0744403956272774,20
71985,0.0037807183364837,12
17523,-0.0655509065550906,6
72304,0.0445269016697589,7
39220,0.1209057824504649,14
72494,0.5860377358490565,18
43481,0.0260126347082869,23
43350,0.0288437102922489,24
18438,0.0072926162260711,1
72726,0.0441774165046828,9
36898,0.0303723056825604,11
27254,-0.0009832841691248,12
72980,0.1002159827213822,6
73139,0.0212899185973698,9
73219,-0.0710492583775865,25
52396,-0.1411494252873563,12
47861,0.029184549356223,16
73681,-0.0168216024789729,27
73817,0.0169491525423728,27
66739,0.095414201183432,22
43334,0.0256410256410255,7
52038,0.0935945273631841,9
37161,0.0330434782608695,11
74406,0.0015527950310558,8
15560,0.1199999999999998,18
74836,0.0105363984674329,18
44513,0.0438144329896907,18
74908,0.3235294117647058,18
74932,-0.0725555555555556,21
57007,0.016382252559727,11
43123,0.0406957663275353,3
44329,0.056903451725863,24
63773,-0.0795107033639144,29
75257,0.0295566502463053,22
75460,0.040497107349475,24
51369,-0.032219570405728,24
37284,0.0410739687055474,25
15579,0.0305565237597305,7
23579,0.0332755632582322,24
62092,0.0364498644986448,17
76100,0.064679159568427,16
50606,0.0669765476442003,12
14795,0.0416053019145801,23
14816,0.0651709401709401,12
62308,0.0642463071720946,15
76639,0.0429292929292928,24
76946,-0.0200157167290712,21
61209,0.0169491525423728,12
55001,0.0483348751156336,6
92583,-0.1038573098402528,13
48389,0.0408336877924286,24
59600,0.0493723849372385,23
45356,-0.000312402374258,29
76185,0.0861702127659573,14
77730,0.0948389942655492,10
91103,0.198427555222763,6
17929,0.0717476270240089,17
50278,0.1218646474207287,16
79244,-0.0630758327427355,8
77973,0.0407407407407407,4
78044,0.2196679438058748,19
24985,0.0364013021604026,28
48725,0.0386550944497117,26
63781,0.0015391380826736,11
89329,0.249597423510467,29
78749,-0.0190129449838187,4
92655,0.0703461178671656,20
53663,0.0109805924412667,28
78829,0.0763325290633909,28
87447,0.0393224440411372,7
78960,-0.0748663101604278,0
79039,-0.0514285714285714,22
79303,0.0676795580110496,5
17830,0.0318056322473772,7
79338,-0.0277777777777777,3
67360,0.0273922571219868,28
59619,0.0590625846654024,9
16555,0.0044810898010396,28
79573,0.0356904761904761,13
79637,0.1032993608567973,2
79776,0.1765983112183353,26
43553,0.0402456306737959,23
79864,0.0907900480139676,11
80128,-0.0017772135829895,23
27043,0.0193968568596913,24
81116,0.2036979003447194,4
61700,-0.0464285714285713,22
57808,0.0318423047763456,2
15202,0.0151187904967602,28
86008,-0.1628753412192903,29
21231,0.0457671330329618,5
53225,0.1215937892910676,28
24969,0.0462008400152729,28
46068,0.0625713923086686,20
81702,0.0921985815602837,28
42059,0.0059317844784974,1
79066,-0.0890410958904108,18
62498,0.0748096656736179,10
66384,0.0663698049194232,8
59467,0.0819047619047619,27
38033,0.0628794449262795,12
39917,0.0669840190411423,7
92872,-0.0499999999999999,8
25419,0.0487826471890215,23
38156,0.0792278882166521,20
64135,0.0067891373801918,3
23536,0.0384987893462469,12
58819,0.0522122038163137,15
25099,0.0281067703729891,16
42286,0.051421800947867,4
84403,0.0622495324605931,24
27983,0.0604192355117139,5
63079,-0.0582750582750583,3
59483,0.231647634584013,19
88857,0.018418201516793,12
38295,-0.0361726954492416,4
84129,0.0347826086956521,9
84161,0.0342178770949721,2
90756,0.1019190871369295,26
72996,0.0037637521713955,3
87426,-0.0019241341396372,26
86191,-0.0452261306532664,11
88664,0.0569533394327539,10
87856,0.0221465076660989,22
15318,0.0555941626129254,12
71563,0.0339262187088273,5
80072,0.020937188434696,12
85586,-0.0164242139840449,17
35917,0.0624,12
70332,0.0988941945212364,20
10147,0.038244241634072,27
38149,0.0883769633507853,20
10028,-0.0827338129496402,19
69032,-0.0252771618625277,21
10138,0.051692653462565,2
10107,0.028956834532374,27
10200,0.1091492776886033,6
89954,0.1747975918621549,2
10302,0.0474833808167141,3
10299,0.0031372549019608,20
12217,0.0949889867841411,26
10363,0.4410876132930514,4
10333,0.285451197053407,19
10382,-0.0190957596180848,28
10397,0.048653344917463,5
10257,-0.2758620689655172,18
76565,0.1710646041856232,23
10463,0.1219512195121952,0
70033,0.0127303819114572,10
10421,0.1464285714285715,7
91204,0.0215560794880429,15
10530,0.076179245283019,16
79698,0.0934485530546622,26
10606,0.0223689816787389,24
10550,0.0145631067961164,19
79785,0.0702635545950896,8
75070,0.0444386011043911,27
89849,0.2285191956124315,26
10547,0.0849909584086798,6
68857,0.0693352394567548,29
76123,-0.047085201793722,11
79903,0.0715268225584595,3
10667,0.1857451403887686,29
10355,0.1041480155177558,2
10661,0.0159090909090908,4
45225,-0.0141277641277641,11
75596,0.1150793650793651,19
10693,0.0932835820895523,20
10649,0.0721247563352827,27
79909,0.0676855895196506,14
75517,-0.0275362318840579,5
10696,0.0683365758754863,2
10772,-0.0972222222222222,19
89386,0.1570881226053639,25
10644,0.0061728395061726,21
44813,-0.1295317220543805,18
89891,0.2313432835820894,11
70500,0.0318613750698715,24
75224,0.0513545347467609,17
89659,0.036544850498339,13
35124,-0.0019297568506368,7
71191,-0.0355555555555555,17
10853,0.0516746411483255,7
22323,0.0459035444509008,22
10026,0.110806125397284,10
10812,-0.0169491525423729,3
10909,0.0832380516807684,17
88779,-0.0844036697247706,25
90441,0.0591911126540531,6
75222,0.0986214209968185,25
10860,-0.028776978417266,21
10443,0.0235467255334804,3
10032,-0.0020525451559935,12
70308,-0.0111687275628241,10
85570,0.002967359050445,22
11701,0.0447470817120623,20
10001,0.0261569416498994,3
75215,0.0361374407582937,2
77453,0.0925457991156033,17
10838,0.2952380952380953,19
11292,0.0137741046831956,11
64390,0.0373563218390804,9
65294,0.0422106179286334,27
12173,0.0852071005917161,5
11378,0.0609613130128958,15
11403,-0.0162429378531073,26
11478,0.0113611535940572,20
85991,0.0155155155155155,19
11481,0.0118527760449156,11
75470,0.0190207621726608,14
11552,0.1223975985281302,6
75107,0.1639650872817957,23
11547,0.0948248151719706,24
89048,0.1036931818181816,19
11600,0.0246257846450987,9
75104,0.0689893862482693,14
11043,-0.0083125519534497,20
11654,-0.0300601202404809,11
11638,0.0687940323249067,10
11641,0.0770261219022103,27
11394,-0.0858249085824908,3
75526,-0.0077707625060708,29
11533,0.0304465493910688,10
11707,0.1112076455256299,14
11775,0.041958041958042,23
11781,0.0378378378378376,22
75233,0.0043613707165108,21
75186,0.0892857142857144,16
11809,0.1279611650485437,21
11731,0.0119047619047618,17
11825,-0.1165467625899281,29
75261,0.1153846153846154,21
75272,0.0360833333333334,3
88197,0.0308370044052863,28
11599,0.0324897400820793,28
85789,0.065359477124183,12
11618,-0.0058105752469495,7
11896,0.0461538461538462,24
84769,0.0534857465424782,10
10180,0.001448225923244,25
11884,-0.0251396648044692,6
75182,0.0586013505780014,23
75577,0.0008467400508045,7
75241,-0.0123996502662745,6
75320,-0.0214732264202228,3
75285,0.0388278388278386,16
10901,0.0476262702866674,26
75316,-0.0214491237248234,7
11891,0.0528422738190552,16
11955,0.0506430868167202,28
84176,0.1128584643848287,2
11752,-0.0167339873052509,29
81774,0.0369674185463659,29
12149,-0.0408295528191834,18
12248,0.0285714285714284,12
75573,-0.0248138957816377,21
11976,0.1550735477437048,27
75326,0.0382409177820266,18
84387,0.2650611040272783,26
17743,0.0691566265060239,20
12226,0.0507246376811594,21
78664,-0.1277056277056276,14
87137,0.0398083302617029,3
12062,0.0180586907449211,12
12190,0.02729754322111,19
80926,-0.3135435992578849,13
12209,0.1931330472103003,20
75432,0.0826446280991735,27
11992,0.0771743568803593,28
36346,0.0059422750424449,28
85269,-0.002193463478833,6
92029,0.1317532241199024,14
12169,0.2374012291483758,18
75591,0.0488906342038091,24
82540,-0.1034916640452972,22
75447,-0.2164948453608248,22
76573,0.0020684467845053,10
10375,0.0887918486171761,5
75694,-0.0020591263421091,27
63467,0.068,24
75649,0.2026143790849672,23
75646,0.0296070835639179,20
75607,0.0529010238907849,2
75654,0.0233066278222868,23
12073,0.0244274809160305,12
75603,-0.0536605657237936,25
10051,0.0630478759271746,10
75825,0.0187734468220508,20
75853,-0.0503978779840849,24
75854,0.1655982905982906,20
11131,0.0235162374020156,6
76148,0.0680822379507919,17
15070,0.0165016501650165,12
75556,-0.056,11
86124,0.014821272885789,28
11628,0.0135571336346029,19
75831,-0.0943204868154158,3
11748,0.1499999999999999,4
75828,0.0096976611523103,27
11348,0.0275757575757573,9
23799,-0.0870511425462458,11
11285,0.0112443778110944,1
11442,0.049314345991561,28
86896,0.0263249047454103,28
11018,0.1389396709323584,6
11513,0.0280373831775699,18
87952,0.0883027522935779,28
10252,0.0284001262227833,28
89440,0.0017006802721089,20
11839,-0.0695187165775401,5
90086,0.0449029126213593,12
12189,-0.0037164093767866,24
11208,0.0130633572828215,7
52936,-0.0241831746848468,3
56611,0.0913731495661052,24
56710,0.0085679314565483,13
10297,-0.0082644628099174,1
12068,0.0185185185185186,28
75860,0.05932762030323,8
11786,0.0578586340590514,24
75509,0.0113636363636364,3
81577,-0.0028490028490029,12
10932,0.1017257039055405,17
11293,0.0239418554938006,28
11750,0.0329155763668915,18
11593,-0.0687418936446173,25
69586,0.0145631067961164,16
35685,0.0469667318982387,12
89207,-0.0656610470275066,11
10308,0.0205165339126236,1
77519,0.073076923076923,12
92807,0.0574324324324324,7
83469,0.0098876404494381,12
86814,0.0657439446366781,12
92716,0.0213675213675215,12
86384,0.0118694362017803,12
10781,0.0204081632653061,12
84725,0.0173170731707319,26
83642,0.0024193548387096,28
87759,0.2640736949846469,8
90534,0.0,28
12166,0.0613026819923372,27
10913,0.1291291291291292,25
77643,0.0261348005502064,28
77379,0.0240650406504063,12
11006,0.0378018900945047,12
86382,0.0155555555555555,12
77889,0.0323785803237857,4
11565,-0.0034516765285995,11
75714,0.3196347031963469,25
81620,0.0420489296636086,10
75912,0.1015557476231632,17
85299,0.0796925566343043,28
89738,0.0714285714285714,25
77415,0.0826001955034212,12
90561,-0.0522287257991895,27
47723,-0.150246305418719,0
83155,0.018672,3
79851,-0.064705882352941,19
89211,0.0123548307388188,12
11844,-0.0029299736302373,28
89141,-0.0120022592487997,24
76266,0.0577447711427705,12
91855,0.0071599045346062,12
85726,0.0203180212014135,10
75906,0.0158267388588086,1
77236,0.0517621145374449,27
11056,0.0240793201133144,19
77528,0.0265780730897009,12
79747,0.0776859504132232,9
89828,0.0500301386377337,12
11397,0.0355521936459908,28
20395,0.0632075471698112,12
84516,0.0786026200873362,1
77300,-0.0241480478447303,3
76215,0.0947947524333474,20
87652,0.0284653465346536,20
76082,0.0910117798934968,8
76095,0.0357470210815766,7
84184,0.3874045801526715,19
76963,0.1494252873563217,18
76127,0.1115926327193932,27
76128,-0.0587121212121213,22
76135,0.0241235123834029,28
78981,0.014212115828744,9
76138,0.1457897738072611,6
76139,0.1292286874154264,16
76415,-0.0246753246753247,18
76868,0.1467165419783873,17
88965,0.0598623853211008,20
89655,0.065332326283988,27
76383,0.0106617647058824,21
76392,0.0285234899328858,13
88871,0.0343137254901961,29
85875,0.0271604938271605,12
76544,0.0238095238095237,22
83671,0.0902527075812273,10
76202,-0.0029133284777859,12
76201,0.0241481083981753,24
87053,-0.1034482758620688,18
76207,0.2028626479493533,25
76360,0.0,25
89369,0.2239709443099273,14
90053,0.0869875776397515,18
77486,-0.0133333333333333,22
76330,-0.0627691372409949,21
76230,-0.4955409725727746,11
76461,0.0197183098591549,19
89948,0.0959752321981424,21
11644,0.1508498583569406,29
76261,0.0730057688482195,24
76224,0.0344431687715267,28
89100,0.0819672131147539,6
77256,0.0028571428571428,10
76279,-0.0424164524421594,17
76477,0.100759878419453,28
76478,0.0073964497041418,28
90608,-0.1094520547945204,19
79037,0.1782390837508947,26
78071,0.1024930747922439,8
76529,0.0335786568537259,28
76515,0.0301635991820041,16
76504,0.0323242688558236,24
76553,-0.2957746478873239,18
76879,0.146829268292683,22
88284,0.1213913866540463,26
76582,0.0643592677345537,8
76584,0.0218795888399412,16
76613,0.0256024096385543,7
76614,0.0563053892215568,25
77004,0.0326181102362204,8
76978,-0.1391941391941391,14
76624,0.0462249614791987,11
76644,-0.064299424184261,22
76888,0.1213592233009708,13
76837,0.0099393939393939,13
76638,0.102253032928943,5
76661,0.1527730520585233,14
76686,0.0496780128794849,7
76695,0.0266543025784407,26
76856,0.1026271026271028,6
76709,0.0029309596178896,20
76934,0.0049261083743843,13
76712,0.0817555938037866,1
76721,0.0301831806827643,17
76684,0.023841059602649,3
76732,-0.015739018457576,8
91403,0.0556825604180275,20
76736,0.0914114667280681,23
76980,-0.0094850948509485,20
88031,-0.0539040824415378,21
76744,0.1740709098675779,20
76750,0.0717948717948719,7
76788,-0.0466926070038909,21
76795,0.0538908765652952,2
76869,0.0355555555555555,11
76798,0.0299806576402321,27
76892,0.0482921083627796,28
81564,-0.0035856573705179,12
76841,0.1579776361668869,14
89213,0.0696721311475407,5
77235,0.1729323308270676,26
77037,0.0617009449694276,27
77202,-0.0352112676056336,22
77090,0.0321276595744679,9
77117,0.0649895178197066,25
77114,0.0911054637865311,6
77217,0.142857142857143,25
77165,0.0482686253934943,8
77182,0.0492179906335601,6
77191,0.0564795564795563,28
77175,-0.0761245674740485,22
77178,0.0198049969530773,20
77173,0.0334928229665072,13
77259,-0.0328467153284672,29
90464,0.1419965576592083,1
77271,0.0209366391184573,14
77274,0.1455992509363295,4
77279,0.1155115511551154,26
77282,0.0280526315789473,25
77281,0.0131978509693995,6
77327,0.129032258064516,4
77340,0.5041420118343198,14
77338,0.0216676029211138,26
77366,-0.0148809523809523,11
77393,-0.0926365795724465,13
77461,0.0865769370680249,17
92871,0.1087435931637161,19
77413,-0.0336134453781512,7
77418,0.0836938123001691,2
77425,-0.0060728744939271,18
78147,-0.1428571428571429,4
77437,0.0116959064327486,19
77447,0.0385835095137421,20
77496,0.0669684965100925,6
77768,-0.0133569217160547,7
77505,-0.0244274809160305,19
77507,0.0208643815201192,5
77515,0.1490683229813665,11
77520,0.0124320124320125,24
83738,-0.0166081871345029,12
77599,0.4534883720930234,21
77610,-0.0621414913957935,19
77605,0.0568335588633288,1
77649,0.0669230769230768,24
77629,0.0905767668562145,24
77630,0.3786764705882353,19
77660,0.1050393558309961,14
77661,0.0896860986547085,14
77668,0.0121201475496222,0
89810,0.009433962264151,23
84776,0.1120218579234975,16
77702,0.0382862351868733,6
87505,0.0352697095435683,28
90352,0.2258559018906487,19
77763,-0.0181474480151229,4
77780,-0.0237825594563987,3
77785,0.0712756194554911,24
77868,0.1682847896440129,2
77892,0.0388349514563106,18
77900,-0.0370786516853932,21
77902,0.1142857142857143,10
77918,0.0253891491612512,10
77917,0.1578225068618481,25
77971,0.0997398091934085,26
78001,-0.0340030911901081,21
78018,0.4193939393939394,19
78015,0.0315606361829023,29
78186,0.1562500000000002,13
78051,-0.0018404907975461,25
78062,0.2780748663101604,4
78077,0.0183299389002036,9
78068,-0.0451612903225806,21
78066,-0.1172638436482084,18
78091,-0.0598290598290597,18
78081,0.2974683544303798,25
78082,-0.1496163682864449,18
91402,0.1021875688781133,14
78189,-0.0987912087912087,22
78139,0.0757967269595176,28
78172,-0.1009892827699918,3
78170,0.0231513476157567,4
78211,0.1047835990888381,7
78137,0.0604490500863559,3
78156,-0.0654044750430293,29
78213,0.2334254143646408,3
78840,0.0964417177914109,10
78195,0.0616621983914209,25
91128,0.1191697191697189,25
88944,0.0147247119078104,28
78841,-0.064118372379778,7
86889,0.2762237762237762,25
78908,-0.0151953690303907,2
79033,0.0537585421412301,26
78875,0.2095954012823349,8
78876,-0.0195758564437193,28
78916,0.0816110850164397,6
79019,0.1094224924012157,3
79065,0.1356779661016951,13
79006,12.070220399794977,0
48653,0.0124523879285085,17
78990,0.0451094238499329,16
78950,0.0690329793180548,23
78987,0.0082259391280505,7
78977,-0.3100949927547899,15
79072,0.0414585414585415,12
79089,-0.0600369757711394,6
79108,0.1092682926829267,4
79131,0.0648330058939097,5
79116,0.002932551319648,12
79133,0.0632183908045977,28
79103,0.006375871893113,23
88597,0.071083808688021,14
79150,0.1662650602409638,6
79166,0.0574448529411764,28
79198,-0.0014211274277594,8
79159,0.1017888636936255,21
79237,-0.0065009560229444,11
90783,0.1645299145299146,25
79323,0.0662755323772272,8
79299,0.1885598923283984,6
79248,0.0636363636363634,26
79249,0.2055860805860805,25
83659,-0.0481586402266288,29
79336,0.0534059945504086,20
79265,-0.0121534371439421,12
79313,0.0029999999999998,16
79444,0.0635696821515892,4
18649,0.0684310018903593,28
79382,0.0355239786856127,10
79399,0.0352170352170351,27
79666,0.1805670701376223,26
79507,-0.0328031809145129,4
79499,-0.0114613180515759,11
79545,0.0393764278994759,10
79490,-0.1616766467065868,0
88568,0.0534213685474189,27
82763,0.1499999999999999,0
79491,0.0189259139437074,6
81103,-0.140495867768595,22
80069,0.0097267253358037,0
79564,-0.0103746397694524,2
79588,0.1886910994764397,19
85913,0.0704689480354878,7
79628,-0.0353831137140067,6
79668,0.0256155679110405,23
79731,0.0012135922330096,8
79724,-0.0431947840260797,29
79758,0.2587519025875189,21
79686,0.3781242266765652,21
79734,0.1999999999999999,27
79824,0.0896860986547085,12
79857,0.0214224507283633,17
79906,0.0530814215024741,14
79790,-0.0303030303030302,19
79862,0.0641399416909622,10
79839,0.1029236985975754,12
79791,-0.0171821305841924,4
79878,-0.0189748644652537,17
79802,-0.053030303030303,18
79915,-0.0302768166089965,22
79841,-0.0113997879109225,17
80223,0.0821467688937569,24
79879,-0.0558106676086188,7
79796,0.0081799591002045,3
79884,-0.0863309352517985,16
79859,0.0629629629629628,12
79885,0.0238095238095237,13
80034,-0.0195509185756407,16
80049,0.0788912579957354,3
80080,0.0020077441560304,4
80001,0.1293532338308458,4
80012,-0.0182767624020888,11
80007,-0.0331023864511161,16
80050,0.0406976744186047,23
84723,0.3145539906103285,19
80079,0.0233457659897775,10
80054,-0.0112165660051768,4
80167,0.1153923412647686,6
80113,0.0466633216256899,10
80112,0.12106135986733,19
80159,-0.0106692531522795,4
76697,0.1118881118881121,16
80236,0.1146408839779005,16
80204,0.0503448985895191,16
80254,0.0932392273402673,26
80191,-0.039336201598033,24
80193,0.0173410404624276,25
80237,0.0545454545454544,21
80266,0.0193321616871704,11
80361,0.0490672696438665,8
80306,-0.0083333333333333,18
80375,0.1562651185292694,27
80343,0.092378752886836,8
80316,0.0561797752808987,16
80362,-0.0596467844051983,12
80368,1.0388349514563109,0
80341,0.1206581352833637,13
80336,0.0189054726368158,1
80357,0.1003939008894536,24
80303,-0.1173333333333332,18
82541,0.0406834825061024,6
80415,0.0360752604571605,14
80478,0.0488253156464759,20
80539,0.1872638963842416,4
46392,-0.0883567299752271,29
80587,-0.072595281306715,13
80569,0.0676767676767675,17
80524,-0.0202757502027575,25
80534,0.0096618357487923,27
80498,0.0338616714697406,24
80560,0.2788220551378446,25
80563,0.0918756268806419,10
80575,0.0518900343642612,28
80621,0.0129533678756477,16
80625,-0.0393700787401575,19
89099,-0.003717472118959,29
80633,0.0893854748603351,19
80768,-0.0121759622937942,1
80759,0.0580606060606059,12
80774,0.0891719745222929,23
80828,0.0081658291457287,12
80791,-0.1208053691275169,3
80795,-0.0159292035398231,22
80804,0.2547945205479454,16
80808,-0.0066066066066066,9
80837,0.0460526315789473,29
80858,-0.2239772727272727,18
80928,0.0760934691431995,10
80924,-0.0096463022508037,25
80955,0.1093975903614457,17
80864,0.0687790959603544,10
80918,-0.1402757964812174,19
80943,0.121951219512195,29
80951,-0.0496267018006147,17
81010,0.1760045633160096,25
80960,-0.0534773662551439,0
80957,0.0497399219765928,14
80969,0.0254668930390493,7
80990,0.0360360360360361,6
81084,-0.0689655172413792,25
81095,0.0139944022391043,12
81055,0.0768175582990398,4
81182,-0.0849999999999999,11
81162,-0.0009505703422052,12
81184,0.0242321780783318,4
81173,-0.0084355828220858,27
81128,0.0,18
88379,0.0303766707168893,18
90359,0.0142348754448398,15
81148,-0.0519125683060108,19
88865,-0.0582695703354914,19
86993,0.0024115755627009,13
85205,-0.061163268707294,19
81220,0.0728407908428721,17
81241,0.0069238377843718,16
81256,0.0788235294117647,24
81259,0.0081882352941176,17
81254,-0.0241031390134528,13
81292,0.1063960639606393,28
81282,0.0665793494870115,6
81278,0.0003518648838845,24
91731,0.015209125475285,16
81298,-0.0131736526946106,3
81501,0.0887632978723405,9
87532,0.018181818181818,12
81540,0.0900423728813559,2
81566,0.1690140845070424,20
81541,0.0194010965837199,28
81546,-0.0328358208955223,20
81560,-0.0412060301507537,20
90470,0.0077294685990338,12
81588,-0.0099009900990099,29
81533,0.0576923076923077,5
81539,-0.0545023696682462,22
81565,-0.0094093047569262,7
81562,0.2759036144578313,18
81584,0.0031446540880502,1
87476,0.0665070497472732,12
81624,-0.140707635009311,22
81621,0.0175746924428821,1
81705,0.0191032522892327,6
81736,0.0420319172847829,17
85332,0.0252454417952314,12
81740,0.4410511363636362,25
81761,-0.08125,18
81857,0.0232266164469554,10
81696,0.0890804597701149,8
81666,0.0176366843033508,21
81665,-0.0050251256281406,29
81677,0.0441762961448,23
88719,0.0287808219178082,11
81776,-0.111111111111111,13
89611,0.0790414878397711,25
81893,-0.0696945967110413,16
82251,0.0207888631090487,11
81850,0.2701754385964912,21
81869,-0.1150442477876105,29
82171,0.0144723493784875,4
81925,0.0392422192151555,29
91262,-0.1362576817122271,27
82212,0.12585969738652,4
82179,-0.0416175314465409,12
82176,0.1255673222390316,20
82234,0.1717451523545707,11
82281,-0.095890410958904,22
82272,0.0468348516701704,2
82266,0.0238095238095237,22
82287,0.1994832041343668,25
82261,-0.1114583333333333,21
82508,-0.0003933910306845,4
82298,-0.0017221584385763,12
82518,0.0387779083431256,16
82515,0.0498687664041994,26
82521,0.1742243436754176,29
82513,-0.0839598997493734,19
82307,-0.0086106002340745,8
82575,0.0713564456411981,19
82567,0.0994236311239191,25
82581,0.0373234700739744,24
82618,0.0902598690735965,23
82649,0.0510176390773404,11
82552,-0.002079002079002,27
82643,0.1989100817438691,1
82546,0.0675572519083969,12
82547,0.0144124168514412,10
82642,-0.0010920436817472,27
82651,0.0128343399482311,17
86042,0.1583421891604677,25
82634,0.0270862141855634,14
82638,-0.0245700245700245,20
82573,0.0721518987341771,28
82587,-0.0125523012552302,22
82607,0.1398097434419141,23
82599,0.1716917922948073,7
82762,0.1043956043956042,21
82779,0.2527472527472525,4
82734,0.0317124735729386,9
82720,0.0136986301369863,18
82686,0.0176304654442878,24
82759,0.0964411844607442,27
89736,0.0734919286321156,24
82768,0.0236220472440944,0
82702,-0.2217741935483871,21
82699,0.0347043701799485,26
82747,-0.0292993630573249,18
82800,-0.0058216459380788,7
82812,-0.1113490364025696,18
82825,0.1626297577854669,13
82839,0.0530886982955161,18
83875,0.0633333333333332,22
86122,0.0343103448275863,18
83113,-0.004581901489118,7
83131,-0.1716129032258064,22
86098,0.0333333333333334,21
87832,-0.0678395061728395,11
83529,0.1160427807486632,25
88177,0.0037453183520599,0
84825,0.1030664395229983,8
90710,0.0650406504065042,8
83145,-0.0450643776824034,9
87471,-0.05,21
91910,0.0737704918032786,8
83149,-0.1071428571428571,22
83120,-0.0188583078491335,20
84397,0.0813953488372094,27
91187,0.0208562019758509,8
37381,0.0249999999999999,18
83111,0.0622550149873184,8
83124,0.0917053065430191,16
82859,-0.0084257206208426,8
83303,0.0847457627118644,14
83307,0.0299906279287722,24
83152,0.103422619047619,16
83143,0.0524637681159421,28
83272,0.0193479989398357,24
83317,0.3696319018404908,25
85406,0.0361356932153391,14
83304,0.0692307692307692,16
83244,-0.0450617283950616,11
83390,0.0187687687687687,15
86080,-0.0402097902097901,21
83413,0.0864527629233511,28
83411,-0.0097560975609756,6
84215,-0.0206185567010308,4
83414,0.0382231404958679,28
83421,0.092168674698795,7
83366,0.0029735682819382,4
83382,0.0617283950617282,14
83405,0.2149122807017545,29
83422,0.0740242261103634,12
83520,-0.138752052545156,22
83504,0.0416666666666667,8
83509,0.0840529648819803,1
83541,0.1799229849953525,25
83462,0.0448676978141375,26
83565,0.016923076923077,4
83534,0.1488657844990548,25
83503,0.1238457360130365,28
92851,0.026571856287425,28
88811,0.0476970317297851,6
86091,-0.0168460458586803,12
83690,-0.0210047846889952,24
83651,-0.3118644067796611,19
89202,0.0047058823529411,19
83621,0.0741424802110819,10
83633,0.0723771580345284,14
83630,0.0783353733170135,29
83661,0.0401027703306524,14
83602,0.1202346041055717,22
83683,-0.0052631578947368,6
90082,0.0126760563380281,16
83779,0.0251916757940853,1
91050,0.0066225165562914,19
83799,-0.0144632308005704,18
83756,-0.2671232876712328,18
83916,0.1304764950431725,28
83879,0.0506055363321797,10
83832,0.0694568121104184,9
83844,-0.074,19
83883,0.160730593607306,6
83862,0.0,19
83910,0.0050632911392405,1
83906,0.1069641367806506,2
83885,-0.0701754385964911,22
83903,-0.0527777777777778,3
83831,0.0009615384615384,11
83969,0.0073284477015322,11
92530,0.1195652173913044,24
88436,-0.0077419354838709,1
83950,-0.3456140350877194,4
83961,0.0195709446744447,28
83965,0.0179028132992327,16
88905,0.0406976744186047,25
84026,0.1764705882352941,21
89758,0.1023622047244094,1
84103,0.0322073841319716,16
89425,0.0027100271002709,24
84062,0.0808704124715817,16
84636,0.0147945205479451,28
85996,0.0430170889805539,25
84042,0.1209677419354837,26
84010,0.091216979002032,8
84060,0.103464529813811,26
84041,0.0693366026426918,24
84032,0.0384558931454572,2
84168,0.0434782608695651,27
84203,0.1036585365853657,9
90666,-0.0147368421052632,4
84234,0.0054395126196693,6
84281,0.0088211708099437,8
84172,0.0728155339805824,8
84262,0.0396201702685004,5
84210,0.1525855790240349,1
84348,0.0315161839863713,17
84325,0.0542005420054201,6
84365,-0.0374001961058971,9
84342,-0.009765625,22
84364,0.1160834960204233,24
84302,-0.0285714285714284,18
84320,-0.0141287284144426,26
84373,0.0051807014420508,1
84319,0.1552311435523112,25
84331,0.048780487804878,20
86440,0.1550255536626916,27
85176,0.2009646302250805,25
88984,0.1679790026246719,19
84438,0.165650770885622,20
84385,0.000705467372134,28
84413,0.3434650455927051,8
84511,-0.4237860082304527,18
84531,0.127813504823151,5
84563,0.1005820721769499,12
84555,0.1121495327102801,13
84624,0.2028089887640449,11
84606,0.0911350455675228,24
84389,0.0583788324233516,10
84597,0.0846922672277747,28
84737,-0.115497690046199,11
84749,0.0123839009287924,13
85211,-0.1318681318681318,18
84761,0.103142076502732,8
84607,-0.0017152658662091,25
84656,0.0607548327707885,24
84734,0.025018395879323,19
84780,0.0652173913043479,24
84827,-0.0053191489361701,22
84788,0.0084004998070343,6
85035,0.1540130151843817,16
85002,0.2613073903396483,19
85072,-0.0239810918314405,10
85067,0.0987908766144545,10
85013,-0.0917159763313609,4
85077,0.1653386454183267,4
85020,0.0985797827903089,14
85059,0.1290064102564101,9
85168,-0.0226398974797096,17
92245,0.070154577883472,20
85187,0.1495673671199011,19
85177,0.1322314049586777,25
85173,0.1412385231490527,8
87364,0.1388888888888888,21
89022,0.0300515021459226,16
85198,0.1552487626986194,9
85246,0.0286630794701985,2
89038,0.0265837104072397,9
90942,0.0204918032786887,21
85280,0.0970625798212005,4
85291,-0.0107084019769357,16
85319,0.1223404255319149,2
89898,-0.0685714285714286,19
85401,-0.1635514018691589,13
85349,0.0749999999999999,13
90012,0.0604743083003951,4
85333,-0.1538461538461538,11
85348,0.0986560781918142,2
85372,0.0245572609208972,10
91908,-0.0162162162162161,13
89270,-0.0409292035398228,11
89292,0.0493827160493824,28
90875,0.2959719789842383,29
85418,-0.0239008557096489,12
85502,0.0206896551724138,29
85482,0.016279887482419,23
85440,0.1829457364341085,4
85488,0.0808606628492103,26
88635,-0.0503913894324853,16
85517,0.1125427294241387,7
85432,0.0305958132045089,21
87139,-0.008415147265077,16
85424,0.0600753982731363,10
85445,-0.0070707070707071,11
89615,0.1816326530612244,25
87837,0.2769230769230768,8
85427,0.0403533079321094,8
85419,0.1491304347826088,19
85496,-0.0299145299145299,29
85540,-0.0492063492063491,8
85621,0.0019736842105262,10
85627,-0.0080572963294538,6
85539,0.0842696629213481,14
85571,1.0378787878787876,13
85798,0.0886627906976744,4
85593,0.0501949668330712,23
85567,0.1089190300041103,14
85576,0.0605226960110041,8
85522,-0.0666666666666666,11
85526,0.0496794871794872,21
85686,-0.0927357032457495,7
85725,0.0250312891113893,23
85675,0.1139072847682118,24
85559,0.0828729281767957,8
85645,0.0924471299093654,23
85710,0.0382683568524275,17
85663,0.0292080134806216,25
91911,0.0086872586872586,11
85728,-0.1539611360239163,21
85883,-0.0113085621970919,3
92878,0.0049382716049384,17
89938,0.0247524752475247,17
92557,0.1762820512820513,19
92320,0.1914580265095729,14
85731,0.0469314079422382,12
85751,-0.006053268765133,8
85656,0.0218181818181817,11
88183,0.0584362139917695,11
85744,-0.1020408163265306,18
85753,0.0318707705741103,20
85768,0.1206896551724139,19
85724,-0.2639751552795031,18
85738,0.075912408759124,29
85792,0.0063380281690139,24
85839,0.0585723001830384,9
85966,0.0167910447761194,4
85886,0.1401673640167364,6
85889,0.0745268138801262,8
92560,-0.1497326203208556,19
88384,0.0756972111553784,13
85931,0.0672842515845928,2
85903,-0.1033262561924982,27
85804,0.3366221706326175,7
85739,0.1795918367346938,3
88203,0.0205562273276904,16
85963,0.0172777940745085,27
86102,0.0193798449612403,5
86111,-0.008762886597938,20
87014,0.0387045813586097,28
85860,0.0066079295154186,11
85863,0.0423194669547992,28
87488,0.0,29
32687,0.0122850122850122,8
85829,0.0151228733459356,1
87501,0.1063394683026586,14
87508,0.1373056994818653,19
88820,0.0122199592668024,12
89530,-0.0326678765880218,8
88951,0.02,27
85939,-0.0138696255201109,3
85951,0.2983091787439613,26
90603,-0.0210918114143922,25
85953,-0.0649926144756276,21
86302,-0.004437869822485,15
87614,0.0249739854318418,12
85994,0.082467929138668,3
89821,0.1283783783783783,4
85992,0.0634125393644433,14
85972,0.0117593848937134,3
86047,-0.0147783251231525,11
89681,0.0001779676098951,1
90331,0.0132423756019262,19
90544,0.0216138328530257,19
86073,0.0032141813577482,14
86062,-0.053731343283582,4
86026,0.1001242236024844,6
86021,0.0609676150517897,12
86083,-0.1917808219178081,13
86097,0.0517392575270387,27
86051,0.0315789473684209,3
86113,0.0073595931440866,7
86048,-0.0129589632829373,9
86196,0.0599369085173502,14
86128,0.0494208494208494,26
88341,0.1076923076923075,4
86211,-0.0078523753435414,4
89279,0.0140016941551648,1
87404,-0.0741079597438243,22
86150,0.0530303030303029,29
87318,0.0087557603686636,23
86157,-0.025331724969843,28
86158,-0.0019408623160088,2
87067,0.0392383150605888,12
88836,-0.0958083832335329,0
86199,0.014556040756914,27
86155,0.0305810397553516,4
86178,-0.0613995485327313,4
86288,0.0865594599960293,6
90221,0.0316213494461228,3
86228,0.049618320610687,12
88257,0.0399334442595673,11
89643,-0.0077519379844959,27
86240,0.1093247588424437,24
86299,0.1547619047619048,25
86236,0.0008333333333332,12
86250,0.1412429378531072,26
88516,0.3582554517133958,19
86233,-0.2289583333333333,18
86260,-0.0722433460076045,22
86728,0.1093942603170192,19
86312,-0.0034241245136187,3
89419,0.2120481927710842,7
87160,0.1637764932562619,14
86305,0.0265220012055455,9
86339,-0.002292263610315,8
88850,0.0,22
86362,-0.0381143430290873,12
90733,0.1018691588785045,22
86356,-0.0089563151160665,6
88940,0.2109999999999998,25
86868,-0.0174278857791054,27
87658,0.0786163522012579,19
89109,0.0622837370242215,8
91431,-0.0075757575757575,13
86253,0.0370129870129869,2
90914,0.1004524886877826,13
86435,0.3327495621716287,25
86432,0.0270914607715648,16
86489,-0.0365497076023392,25
86544,-0.001290322580645,6
86525,-0.0227725590663252,17
86531,-0.0241779497098646,26
86526,0.0,21
86533,0.0143735035913807,7
87069,-0.019516977965961,27
86573,0.0408788962698007,12
86578,-0.0397350993377483,21
90591,0.0257510729613732,15
87342,0.0125588697017269,19
86582,0.010022271714922,1
86547,0.0790513833992094,8
89143,0.1128630705394191,23
91608,0.0410810810810811,7
86560,-0.0093209054593873,27
86719,0.0434959349593495,24
92094,0.00625,13
86709,0.3007425742574257,25
86715,-0.0117370892018778,22
86595,0.1438263229308005,8
86717,0.0508661997788426,10
86720,0.0742519394163279,6
90590,0.066708621774701,28
86725,0.1112448418156808,9
86759,0.2096774193548387,18
86763,-0.0482456140350876,19
86778,0.0022107590272659,27
86783,-0.001381513053261,14
86810,0.0410668924640134,14
86820,0.0202874049027894,29
86840,-0.04,16
86822,-0.0385164051355205,5
86819,0.136111111111111,13
86827,0.0992647058823528,29
86799,0.0466562986003109,3
86830,-0.0154241645244215,15
87039,0.0334158415841583,27
86899,0.0991154456792922,24
86916,0.183673469387755,19
92318,0.0295735900962861,12
86924,0.0324324324324323,29
86926,-0.0067034700315457,24
86876,-0.0174560216508796,26
86946,0.0185439560439562,1
86964,-0.0566557238165837,20
86949,0.0119617224880381,16
88368,-0.0184563758389262,17
86996,0.012373453318335,8
87006,0.0177227888312989,16
86989,-0.11284046692607,18
87000,0.0237802378023779,14
86965,0.0015052684395384,28
86979,-0.1034816247582205,3
87016,-0.0966719492868461,17
87077,0.0186125211505923,8
87020,0.0547180346175322,24
87121,0.2627388535031847,25
87066,0.0812641083521445,6
87075,0.0989349775784753,8
87056,0.0740037950664136,14
87034,0.074826477061114,24
87086,0.0069084628670121,7
87162,0.155813953488372,6
87167,-0.0422102839600919,20
87165,0.2243852459016393,25
87179,-0.0338183248132126,24
87173,0.0107015457788346,18
87172,0.013089005235602,7
89529,0.0,18
87227,0.083854818523154,25
87264,0.0658495553953377,6
87261,0.0220338983050847,11
87267,0.0714494264859229,20
87345,0.054229934924078,9
87268,0.0196737044145873,9
88475,0.0685111989459814,2
87361,0.0260115606936415,5
87269,0.0503978779840847,29
87277,0.0272373540856032,29
87356,0.0588235294117647,1
87302,0.0301003344481605,11
90358,0.0195121951219512,7
87299,-0.0443722943722943,7
87321,0.1570247933884299,13
87337,0.2741176470588233,18
87379,0.0632339656729898,7
89597,0.0,29
87439,-0.5063291139240507,18
87430,0.189125295508274,13
90808,-0.0607981220657276,14
87394,0.7548579970104634,14
87415,0.0709090909090908,17
87424,-0.0885714285714286,19
87373,-0.0319767441860464,22
87510,0.1589595375722543,8
87445,0.066050557216635,23
87496,0.0928961748633878,28
87494,0.0181818181818183,6
87498,-0.0774515927545285,19
87487,-0.0257611241217797,11
92582,0.0971428571428572,19
87525,0.0669070631970261,2
88926,-0.04,4
87632,0.0097323600973235,18
87541,0.0739588319770223,23
87589,0.1302681992337166,17
87602,-0.0592105263157893,22
87601,0.048780487804878,0
87771,0.0285171102661596,13
87612,0.0259128386336868,29
87797,0.0268096514745308,11
87752,0.0761559383499546,29
87825,1.9578947368421056,19
87814,-0.1144814090019569,19
87785,0.0202931228861331,22
87812,-0.0038535645472062,16
87657,-0.0438729198184569,27
87659,0.0848471663222016,24
87789,-0.0213270142180094,3
88207,0.1083614548181475,14
88152,0.0169739537606086,11
88167,0.0724637681159421,25
88468,0.0717948717948717,20
88173,0.1065989847715735,4
88174,-0.0615065653075328,8
88195,-0.0618253189401373,25
88159,0.0131578947368422,13
90354,-0.0454545454545455,22
88370,0.0429447852760735,29
88246,0.0677083333333332,16
88646,-0.0829875518672199,18
88182,0.0337289194253591,12
88260,-0.0749999999999998,13
91171,0.0581761006289307,9
23887,-0.0362318840579708,29
89572,0.0310641110376734,11
88534,0.0764192139737991,27
88264,0.0571428571428569,27
90071,0.10375,7
88343,0.0651298938894988,17
88319,-0.0099519560741249,19
88352,-0.0366745957623292,2
88331,0.0532528136151522,23
88335,-0.1822107081174437,18
91040,-0.0656185919343814,7
88281,0.0866470299459989,28
88313,0.0151187904967602,1
88280,0.051028806584362,16
88332,-0.0721649484536082,29
88287,0.0048810250152531,7
88359,0.2476190476190476,25
88439,0.0373487638085217,23
88417,0.0964912280701755,3
19675,0.1113351254480286,21
88466,-0.0884965962847581,4
88485,0.595,25
88421,-0.0214541120381406,19
88446,0.0768003191701574,17
88511,0.2193308550185873,21
88542,0.0913705583756345,0
88504,0.088939566704675,17
88497,0.0043763676148795,25
88545,0.050298648223829,14
88574,-0.0325379609544469,22
88564,0.0826446280991737,28
89617,0.0225005908768611,6
89395,0.0760018424689081,24
48506,0.1094465251768621,26
88648,-0.073170731707317,29
88739,0.0677083333333332,11
88620,0.0,18
88615,0.1034355374953823,28
88661,0.0343471963583696,4
91360,-0.0508474576271186,21
88740,-0.148626817447496,13
88750,0.0670611439842208,6
89685,-0.1026970954356846,22
88817,0.0419743490089388,25
89576,-0.0136811963092586,18
89925,0.0113636363636364,0
88792,-0.0332167832167831,1
88807,-0.0829493087557603,22
88786,0.1759927797833933,25
88860,0.0658396946564885,6
88949,0.261727078891258,14
88839,-0.0173913043478259,24
90029,0.0882352941176471,13
88908,0.0129870129870128,1
88892,0.0245901639344261,4
88897,0.0711753118844384,23
92601,0.048869438366156,21
88991,-0.0190166975881261,29
88895,0.0952380952380953,7
89004,0.0477749951839723,7
90238,-0.1244813278008299,22
89290,0.1705983889528193,8
89006,0.1076338639652676,11
89110,0.0488888888888887,17
88970,0.0164670658682635,13
89046,0.0240860215053762,17
88994,0.06,11
88987,0.0500595947556614,4
89642,0.0013140604467805,24
89031,0.0642570281124499,6
89002,0.0201651017707478,6
89014,0.050074862751622,16
90176,-0.0204081632653061,19
89167,-0.0667838312829527,29
89036,0.058267716535433,4
89044,0.0308880308880308,25
89215,0.122695035460993,14
89070,0.0034685165421559,24
89327,0.0867890995260662,14
90175,-0.0332950631458095,19
89413,0.0012828736369467,8
89203,0.033654792363708,7
89179,0.0651334834351882,16
90223,0.1004366812227073,27
89244,-0.0170401493930906,21
89269,-0.0217681030653044,8
89168,0.0389926888708365,3
89217,0.0826565365470264,8
90643,0.3308641975308641,18
90204,0.16600790513834,18
89230,0.1217047451669595,1
89252,0.055205047318612,26
89262,-0.0012836970474967,12
90081,0.0077519379844961,8
91379,-0.0456521739130435,18
17279,0.0469641930461859,22
89297,0.0499522748965957,26
89353,0.1404958677685952,17
89321,-0.0422222222222222,29
91015,0.0051706308169596,3
92174,-0.0357142857142855,11
89409,0.0638162093171665,5
90192,0.2263549415515409,25
89332,-0.1072961373390557,29
90778,0.0198019801980198,4
89424,0.0495049504950495,4
89387,0.0377828922132719,27
89394,0.0602409638554217,19
91975,0.0821511052457935,16
90280,-0.1591448931116389,18
89445,0.1167108753315648,19
91665,-0.3097435897435897,1
89567,-0.2070114942528735,13
89920,0.0659062103929024,19
91152,0.074329071237881,6
91727,0.3938953488372092,25
89753,-0.0637450199203185,22
89471,-0.0011668611435239,6
89453,0.0634328358208955,23
91269,-0.0923076923076924,18
89406,0.0997206103589083,10
89626,0.0291603821015584,22
89443,0.0744860943168077,16
89916,0.2113055181695828,25
89533,0.0706586826347304,2
90601,0.0202147820593807,17
89452,-0.1028985507246376,18
89482,0.110029211295034,4
90313,0.0277185501066097,29
89941,0.0142382534409113,4
90067,0.0931764705882354,26
89876,0.0152455238432902,23
89653,0.0186791194129418,12
89826,-0.0428300993847609,26
89574,0.0854821466752191,6
89546,0.1030927835051547,17
89509,0.1207844302481058,7
89573,-0.0422818791946308,21
90436,0.0577981651376144,18
90492,0.2224334600760455,7
16852,-0.0991957104557641,0
89781,-0.0325916640551551,20
89699,-0.1178347361278111,2
89698,0.0706521739130434,11
89796,-0.0149253731343282,16
89793,-0.164321608040201,22
89800,-0.0158590308370043,9
89770,-0.253932584269663,13
89799,0.0453201970443348,4
89798,-0.0231213872832369,19
90080,0.1026548672566372,12
89824,0.0825526932084308,2
90007,0.0482065341558144,5
90716,0.0561594202898552,20
89901,0.0439425051334703,27
89866,0.0268994808872109,27
89889,0.1386861313868612,21
89964,0.0186859553948159,8
89922,0.0510089686098653,27
89877,0.1503416856492028,18
89913,0.2237467018469658,6
90400,0.0,19
89905,0.0505747126436784,21
91086,0.0766386554621849,4
89973,0.0831903945111491,3
89971,0.2084246408570733,25
90038,0.0719218861633721,9
89952,0.0702658708627239,16
89904,0.1124666412504766,26
89960,-0.0853302162478082,3
90052,-0.0628727210768443,23
90088,0.1137566137566137,11
90129,-0.1029551954242135,7
92636,0.0764430577223087,22
90333,0.3039879608728366,25
90085,-0.0137795275590552,28
90126,0.1422845691382763,18
90490,0.0845732184808143,23
90454,-0.0450588837685612,6
91977,0.0370748299319727,6
92282,0.0162393162393164,19
90210,0.015187470336972,7
90248,0.0802183956320874,25
91901,0.0264797507788161,16
90232,0.0098167539267015,29
90425,-0.0153550863723608,17
90110,0.1155283724091063,3
90275,0.0140762463343107,18
90700,0.068762278978389,0
90319,-0.0087518970450337,8
90533,-0.044414535666218,21
90708,0.0195392242636338,28
90325,-0.0825688073394496,18
90427,0.0439503619441572,2
90292,-0.011627906976744,29
90447,0.0333333333333334,22
90614,-0.0121951219512194,22
90288,-0.0426356589147286,19
90466,-0.0494791666666666,19
90299,-0.0749185667752443,18
90227,0.0651763681230948,6
90314,-0.0126582278481013,21
92453,-0.02803738317757,29
90353,0.0476964769647696,23
90515,0.0977948226270373,28
92132,0.0496342737722048,20
90421,0.0568181818181818,17
90423,0.1641202562838837,19
90312,0.0844351658547901,14
90536,-0.0484330484330484,29
90090,0.0604550962703649,10
91400,0.0476190476190476,1
19721,0.0072833211944647,24
90901,0.1494252873563217,4
90411,0.0119047619047618,22
90098,0.0108499095840868,19
90538,-0.3396226415094339,18
90455,-0.0089467263115087,20
90274,0.0307982401005655,6
90535,-0.1092077087794431,3
90249,0.1149706457925634,10
90444,0.0102739726027396,29
92332,0.0,22
90404,0.052772808586762,27
90416,0.0100431654676258,11
90833,0.0601286173633439,23
90371,0.0823293172690762,21
90488,0.1655405405405405,25
90476,0.3435114503816794,19
90487,-0.013157894736842,16
90496,-0.023972602739726,21
90568,0.2954070981210857,25
90505,0.0943872596620702,6
90600,0.0210210210210208,12
90637,0.1302096177558571,4
90718,0.0137844611528821,3
90540,-0.0991586538461538,9
90417,0.26497277676951,20
90409,0.028833886195458,24
90548,0.3244444444444445,22
90803,0.0446428571428572,21
90964,0.1476923076923078,19
92521,0.0649388753056234,25
90520,-0.0597652081109926,17
90440,0.0534246575342467,26
90564,0.0798654897015553,14
90605,0.2790570175438596,8
90550,0.0526976160602259,3
90569,0.0465271297160378,23
90558,0.0789320951828205,2
90734,0.0580708661417321,12
90547,0.0288220551378446,18
91500,0.0862239841427157,23
90494,0.1229916897506924,29
90948,0.0396039603960396,15
90711,0.0077760497667185,12
90634,0.0656370656370657,14
90672,0.0375653827864954,27
91018,0.0707429048414023,20
90664,0.1206434316353886,8
90742,-0.0863787375415282,8
84553,-0.0772357723577236,22
90849,0.0453674121405749,6
90720,-0.0314049586776858,14
90636,-0.0097784379254859,29
91114,0.0602700096432016,17
86165,-0.1201044386422975,18
92571,0.0390625,13
90993,0.0532876854871666,24
90763,0.0611174458380843,26
90665,0.0628742514970059,4
90735,-0.0713153724247225,22
90786,0.0560814008518695,9
90730,0.0553935860058307,7
90885,-0.0070422535211267,4
90752,-0.0271867612293145,4
90824,0.0167224080267558,3
90792,0.0208034433285511,8
91605,-0.0164245104232469,21
90789,-0.0865033871808234,3
90791,0.064324817518248,10
90856,-0.1081081081081082,4
90871,0.0529801324503309,6
90867,0.047520909234912,14
90984,0.0,14
90776,0.0406015037593985,23
90722,0.0037037037037037,1
90814,-0.0657204566491822,4
90779,-0.0225756798358131,14
90829,-0.0520838520141413,26
90831,0.0,10
90775,0.1157732488439802,9
90966,0.0584045584045584,13
92619,-0.02,16
90868,0.2340272792534099,20
90795,0.017857142857143,8
91141,-0.0484330484330485,19
90805,0.0736296700299972,6
90952,0.0628183361629881,28
90961,0.0810457516339868,25
90862,-0.1111447811447812,0
91033,0.0078347578347579,13
92681,-0.0131578947368421,21
92227,0.0551643192488264,8
91286,0.046875,22
90971,0.1968283582089551,2
91032,-0.0037300779925397,2
90956,-0.0377733598409543,18
91594,0.0907524411257896,1
90825,-0.1093333333333334,21
90926,0.3076923076923077,11
90870,0.014446227929374,10
90963,0.0895156345800123,26
90940,0.0524970963995354,26
91349,0.0204962243797197,8
90951,0.0952029520295203,8
90900,-0.0129144851657939,7
90957,0.0044523597506678,12
90958,0.0069659976550107,4
91356,0.112850812407681,24
90988,0.0072254335260115,2
90989,-0.0144736842105261,3
91020,-0.0762442640310623,6
92044,0.0435435435435436,6
91090,-0.0217821782178218,26
90978,-0.0174542358450404,0
90979,0.038961038961039,20
90969,-0.0313874345549738,21
91967,0.0779816513761466,22
91488,-0.5878378378378379,18
91075,0.0710357470210816,25
91083,0.0273972602739724,27
91408,-0.0909592061742007,16
91891,0.513622603430878,14
91073,-0.0133741989412093,25
91063,0.0509401709401708,2
91192,0.1261818181818179,21
91507,0.1542457091237579,25
84185,0.0837696335078532,19
91041,0.1680830972615674,24
91515,0.0421052631578948,0
91099,0.0264423076923077,29
91080,0.0483042137718394,6
91068,0.0286624884414758,6
91096,0.2057026476578412,1
91088,0.1206896551724139,18
89003,0.0523240371845949,17
91603,0.0421052631578946,6
91100,-0.0225965488907149,6
91176,0.0018066847335138,1
91095,-0.1245227606461086,25
91151,0.1230101302460202,17
91186,0.0425531914893617,18
91143,0.0364806866952789,9
91428,-0.1384615384615384,18
91234,0.0551601423487544,20
91627,-0.0947963800904976,11
91201,0.3918040979510246,18
91348,0.294478527607362,3
91237,0.0946969696969697,8
91215,0.0562098501070664,25
91359,0.0769230769230771,29
91395,0.2645161290322579,18
91366,0.0285051375538614,2
91350,0.2154639175257731,1
91167,-0.0189999999999999,7
91299,-0.0835030549898167,6
91363,0.1906412478336223,25
91463,0.1088573360378633,14
91371,0.0286506469500924,21
91357,0.1125429553264603,27
91491,0.080246913580247,25
91406,0.1047619047619046,12
91283,0.0971830985915493,19
91472,-0.109009900990099,18
91579,0.0556103981572884,15
91514,-0.0354916067146283,17
91485,-0.023240589198036,13
91503,0.0163934426229508,16
91446,-0.012012012012012,19
91391,-0.0768335273573923,29
91432,0.0250507786052809,26
91614,0.1179602703256195,23
91468,0.0994341147938562,28
92506,-0.030066815144766,3
91434,0.5805471124620061,4
91392,0.0703851261620185,14
91413,0.0221130221130221,10
85208,0.0381582652773868,26
91618,0.18140589569161,6
91659,0.1057416863868476,26
92040,0.1828358208955223,18
91355,-0.1231671554252199,29
91405,-0.0018248175182482,29
91407,0.0678191489361701,16
91397,0.0709759188846641,27
92093,0.0719139297848243,19
91461,0.0719885958660013,11
91416,0.1493440968718467,23
91486,0.0205637707948245,6
91611,0.043343653250774,18
91742,-0.254363667175055,18
91495,0.3653061224489795,0
91615,-0.2469135802469135,18
92054,-0.097165991902834,11
91622,0.0243386243386243,16
91501,0.0101674641148326,28
91625,0.0091324200913243,18
90077,-0.1527272727272727,0
92773,0.1792,14
91516,0.093096029728144,24
91683,0.0591204037490988,14
91623,-0.0350877192982455,11
91668,0.1200877045032888,14
91613,-0.0694444444444446,13
92456,0.0980392156862743,18
91571,-0.0974822466107165,3
91616,-0.0001282051282051,22
92589,0.0991501416430595,4
92252,0.0566037735849056,18
91630,-0.005524861878453,22
91658,0.0574980574980574,23
91678,-0.0244360902255639,13
91754,0.5074626865671641,4
91666,0.1060142711518856,8
91650,0.0588842975206611,16
91654,-0.1058201058201058,13
92035,0.0333863275039745,3
91741,0.0203488372093023,11
91743,0.0530251529571719,12
91661,0.0,18
92449,-0.0048780487804876,14
91883,0.1119342516494965,10
91736,0.0139064475347661,16
91822,0.0347540983606557,1
91899,0.1044191683759088,14
91907,-0.035042735042735,1
91836,-0.0533707865168538,3
91688,0.1161351737267966,20
91692,0.0855119825708061,6
91826,-0.0839694656488549,18
91824,-0.018151815181518,13
92232,0.0273843248347498,27
91814,0.0866510538641687,13
91959,-0.0190045248868778,29
91854,0.0410407725321888,16
91956,-0.0534521158129176,11
91968,0.0313986679352997,12
92091,-0.1056338028169013,11
91900,0.3274336283185841,19
91905,0.0745614035087718,1
91909,0.2906403940886701,13
92421,-0.0754385964912282,13
91849,0.0823529411764705,27
92101,0.0153846153846153,18
92210,0.1309523809523809,6
91915,0.0589928057553956,10
91979,0.0442028985507245,14
92052,0.0061728395061726,29
92207,-0.105911330049261,18
92034,0.0511917659804983,20
92050,0.1457687195392112,26
92345,0.1382113821138211,13
92038,0.0533656761673744,21
92095,0.0785824345146379,27
92096,-0.0390168442763837,25
92195,0.0740354535974974,12
92201,0.0088391278727166,11
92097,-0.0188679245283018,29
92021,0.036056838365897,17
86812,0.0481927710843372,8
92150,0.0736196319018405,21
92105,0.0081490104772992,4
92143,0.0425940138142748,14
92102,0.0526976160602259,27
92229,0.134128878281623,6
92220,-0.0115869017632241,3
92177,0.1805555555555558,21
92239,0.0830369052912407,8
92758,0.1498257839721253,18
92805,-0.0556944444444444,18
92184,-0.0230286113049545,5
92188,0.0272118742724098,26
92296,0.0346518818637382,14
92172,0.0508298755186722,16
92183,0.3403755868544602,19
92243,-0.1786941580756014,18
92221,0.1279056185025113,26
92257,0.0981484059585131,7
92223,-0.1411764705882353,13
68145,0.0825515947467165,25
92293,0.0077506028246641,2
92302,-0.0813871196036801,13
89756,0.3636363636363635,18
92402,0.0241472985209778,12
92303,-0.0151324085750315,12
92308,-0.0050251256281406,7
92319,0.0181818181818183,22
92326,-0.0811676753292987,25
92354,0.0333863275039745,4
92445,0.123076923076923,18
92454,-0.0466472303206997,18
92428,-0.10363785839071,27
92429,-0.0056565656565656,8
92432,0.0664112388250319,24
92443,-0.0017574692442883,29
92395,0.2050561797752808,13
92448,0.2790697674418603,22
92460,-0.0782312925170067,21
92493,0.1563549160671462,4
92464,0.0422306442880346,16
92466,-0.1174377224199288,29
92478,0.2548794489092996,4
92465,-0.2093023255813952,11
92497,0.1471557529732052,25
91136,0.631578947368421,19
92467,0.0441176470588235,27
92535,-0.0722891566265059,0
92469,0.0298625792811837,10
92528,0.1610337972166997,5
92523,0.0364842454394693,24
92527,0.0666666666666664,20
92555,0.0077007700770077,1
92558,-0.1282251759186864,13
91365,0.2953826691967109,25
92687,-0.0602094240837696,18
92614,0.050443599493029,24
92587,-0.0240963855421686,13
92611,0.0706001008572869,6
92648,0.0723502304147465,25
92588,0.0237288135593221,4
10258,0.2163865546218488,25
92602,0.0104632152588555,20
92597,0.0238963142972863,28
92618,0.0763411279229713,15
92753,-0.2479674796747967,11
92670,0.2110091743119266,18
92621,-0.0481988838153221,29
92765,-0.096312209094164,14
92852,0.0601252609603339,8
92685,0.049956933677864,7
92688,0.0388888888888889,13
92709,0.0204599524187154,10
92692,-0.0106544901065449,5
92810,0.0092190889370931,28
92696,0.0740740740740739,18
92772,0.0416866315285096,2
92771,0.0254205607476636,6
79678,0.0192374956278418,17
92775,0.0608146873207113,25
92729,0.1258817145957678,9
92782,0.0581645842309348,24
82526,-0.047098402018503,18
92777,0.0852894007872866,6
92797,0.1880133333333333,14
92890,0.0339073554932587,20
92809,-0.044769027716674,20
87078,0.0692368214004719,3
91161,0.2080253431890177,4
92808,-0.0161218092252575,4
90183,0.0599700149925037,21
92854,0.0888613349865674,16
92596,-0.0130932896890343,13
90295,-0.0281425891181988,27
88244,0.1583333333333332,19
88278,0.080267857142857,22
86092,0.1423197492163008,27
90840,0.211556383970177,22
92185,-0.0249307479224376,14
90542,0.0651627906976743,18
91021,-0.0137795275590552,22
90199,0.0446834919321472,23
90272,0.0134638922888616,26
90276,0.0658273381294962,7
90178,0.0287040945546643,25
90188,0.1475498115239633,27
90187,0.0153256704980844,11
90164,-0.1217505758473181,3
92457,0.0417298937784522,26
90233,0.0470957613814755,13
90097,0.1016949152542372,4
92870,0.1265060240963855,7
90200,0.2014232061672267,14
90207,-0.0001724137931033,18
91609,0.0227137590676655,7
90399,0.078658536585366,19
92894,0.0349566846171858,8
92155,0.3751199232491207,18
82678,-0.0878661087866108,13
54594,0.0466704610130905,16
13056,-0.0061728395061727,27
14526,0.1225281116711904,6
11581,0.0069056231502795,24
15203,-0.0546967895362662,27
16126,0.0792655620241828,17
16249,0.1136363636363635,22
17137,0.0969072164948454,14
20670,0.0018264840182649,25
64899,0.0585585585585586,14
23660,0.005239179954442,24
23975,0.027260247107276,24
82542,0.0254777070063694,20
30680,-0.0282035561005518,5
56274,0.0498387569627676,24
31668,-0.0230179028132992,29
32046,0.1458590852904819,17
47511,-0.0376756066411239,12
53866,0.0260642919200695,20
60628,-0.0685763065541117,16
57330,-0.0567823343848579,13
37875,-0.04379740641057,23
20765,0.1037344398340249,14
17144,0.0661621621621622,16
39328,0.0029498525073745,27
41452,0.034519956850054,24
89888,-0.0175879396984923,22
84226,0.0842733908427337,28
64020,-0.0810810810810811,20
51423,0.0229320229320229,1
67002,0.0640394088669951,20
52090,0.0933551360190279,10
53613,0.1910447761194029,8
54114,0.1529166666666668,10
55213,0.0040871934604904,11
57665,0.0835475578406168,11
35107,0.0015810276679841,21
61621,0.0590545234858783,15
51692,0.023587004895416,25
64742,0.3092269326683292,19
65307,0.0384741861229858,24
66852,-0.008361204013378,4
46922,0.1585365853658535,25
77354,-0.1146179401993356,1
69199,0.0066985645933013,17
38850,0.3006535947712418,22
44951,0.2695214105793451,18
74500,0.179843089921545,4
74740,-0.0401069821734153,8
65752,-0.063611491108071,23
40694,0.0871662360034453,10
65306,0.0833133828106296,23
92874,0.0373333333333334,13
81294,0.0103301973805571,24
19502,0.1646311675622862,20
81614,-0.2470760233918127,20
51086,0.065015479876161,6
83601,0.0931545518701482,23
62042,0.0807881773399015,8
21785,-0.0632318501170959,29
10044,0.0012214983713354,16
10104,-0.0557827102803739,7
75510,0.1069702365810225,17
70092,0.1647940074906366,25
75033,0.0763819095477389,8
12211,0.0319485078993564,23
80297,0.0310559006211179,4
75976,0.058735583084152,2
77488,0.0321459065699494,7
76858,0.2230215827338129,14
76568,0.1408325952170064,17
76605,0.0437195855246503,26
76752,0.0137655417406747,12
77637,0.0513748191027496,23
77669,0.0811258278145694,20
79094,-0.0133475707421248,28
87055,0.0475861388093592,20
79866,-0.0678084585809156,29
80719,0.1214814814814815,6
81138,0.0302311796087728,22
91364,0.156521739130435,26
81655,0.1169224119299761,27
82777,0.0053914674167838,10
83148,0.3142597638510445,14
83597,-0.0482063932572721,16
20598,0.0511237342553716,17
89508,0.0856547774017184,26
84746,0.1863354037267079,18
85040,0.027363184079602,8
85982,0.0298149417409183,12
85272,0.2444444444444444,18
85394,0.0496291301416047,14
85796,0.0409893992932861,23
87092,-0.0575757575757575,20
87184,-0.0049202912812438,24
87214,-0.0424469413233458,16
88668,0.0455310303870137,20
88841,0.0401310401310399,12
88873,0.0300767475627461,16
89216,0.0179069426097167,24
89900,-0.029635457644899,7
90386,0.0182781004441408,27
90992,-0.0143999999999999,24
92378,0.0033422459893046,1
90179,-0.0774818401937046,13
47730,-0.0202643171806168,1
13777,0.0196078431372548,9
38746,0.2830840046029921,21
60871,0.0280849181777975,20
14198,0.0651031136271733,10
14702,-0.0164173659248448,1
15537,-0.0293819655521782,7
68830,-0.0424242424242424,4
85914,0.3497867154174283,21
49373,0.1834271922767498,8
18570,0.047174447174447,9
18973,-0.0152716593245226,1
19271,0.0174216027874563,11
29938,0.0968703427719821,16
10866,-0.0243902439024389,17
25320,0.1020408163265307,17
21742,0.0302173528892029,20
11267,-0.059236165237724,12
86474,0.1854419410745234,6
22825,-0.0343719884355926,20
26201,-0.0933532486930545,29
65541,0.0171600980577031,6
27562,0.0739904357066949,26
27909,0.0127307447485678,23
63546,5.228292425442069,19
49154,0.0871982210927573,17
19350,-0.0210634179665262,4
49429,-0.0141817269076306,25
61313,0.0044407438245905,3
30737,0.1048243001786779,0
80971,-0.053921815889029,13
12008,-0.060143198090692,10
31500,0.0953129091385178,2
33209,-0.16,22
50788,0.0982155810242273,24
77462,0.0180048661800487,23
37058,0.0539083557951483,24
62228,-0.0785083415112855,10
59010,0.0753341433778855,26
21055,0.0240286298568508,26
83233,0.054059367013957,12
32678,0.0,27
27828,0.1837140019860972,13
66181,0.0186861313868613,6
32870,0.1045175086875167,9
42922,-0.0316500711237554,9
12503,0.3922674184454291,0
89757,0.1104444444444443,13
47571,0.0156329346323018,7
16678,0.1345429647381033,8
48291,0.0413793103448276,4
48347,0.0300218340611353,6
64282,-0.0188927943760985,8
27617,-0.0138951142985207,7
60097,0.0444839857651244,7
52813,0.0191981931112366,23
60548,0.0476673427991887,12
53197,-0.0175438596491227,20
56777,0.1712374999999999,8
57809,0.0402208201892744,7
57817,0.018627812615271,17
79611,-0.0699223085460598,14
59185,-0.0105377906976743,24
34948,0.0923678255502984,6
60709,0.2185822898032201,21
35051,0.0027867409797595,24
18403,-0.1400113830392715,22
35238,0.0592991913746629,28
13936,-0.123430447271235,23
49971,0.0198511166253101,1
64785,-0.1087866108786611,4
62033,0.1905773999291533,27
91556,0.0451724137931033,4
50948,0.1579980372914622,6
70923,0.1906474820143886,20
42585,0.0405036726128016,24
76081,-0.0212822559191275,28
60580,0.0208425720620841,27
37807,0.0103879240383055,23
80179,-0.003174603174603,29
80857,0.0287022900763358,7
59627,-0.1082089552238806,13
55976,0.0572195535461994,7
82924,0.0650628758884637,12
83011,0.1348017621145376,6
15456,0.0014624159110852,6
79672,0.0,19
40539,0.0395819435179007,4
10025,0.0181483056855238,14
10182,-0.1407840180927252,27
10259,0.0473118279569892,18
10501,0.0601246105919002,6
77420,0.0081061164333087,27
10514,0.0431266846361186,14
10659,-0.018882175226586,7
10645,-0.2489878542510122,22
75527,-0.0287999999999999,26
89105,-0.0603094411114619,16
71837,0.0588235294117647,3
11154,0.0060240963855422,20
11343,0.0766804652079637,16
11379,0.1211453744493391,20
11174,-0.0213567839195979,8
75100,0.035437760571769,24
11081,0.0272401433691757,16
89609,0.0558912386706949,20
12266,0.0230769230769229,13
75489,0.0189825360668185,3
75905,0.098904109589041,26
76052,-0.0136054421768706,11
76076,0.0019180052745144,27
76671,0.025804171085189,8
76217,0.0272108843537415,13
79315,-0.0193271295633501,11
90751,-0.0574678682227803,6
77007,0.3206106870229006,19
76839,0.0500747384155455,27
76847,0.211556383970177,19
77045,0.1003541912632821,24
77478,0.0628099173553717,19
77501,0.0623853211009173,14
77584,0.0410622628877481,20
77699,-0.109622641509434,22
77830,-0.1053769251553633,8
77862,-0.0277398817644383,29
78216,-0.009892262487757,21
78034,0.0467804072647219,15
78050,0.1352459016393443,13
78200,0.0447667087011349,23
78881,0.022950819672131,6
78975,0.0184897933858656,2
79007,0.0519814719505919,27
78963,-0.0106007067137808,20
79195,0.1214549938347719,1
79307,0.0276717557251906,2
79411,-0.0462294578405774,26
79667,0.045108005082592,21
79881,-0.043928923988154,20
79797,0.3261792452830188,8
80114,0.1458333333333332,29
80274,-0.2752136752136751,13
80233,0.0284035259549459,28
80320,0.0038078500292912,27
80432,-0.0957446808510638,7
80544,-0.0385542168674699,21
81165,0.1022801302931597,8
82598,0.0094562647754135,16
88988,0.1928783382789318,8
83399,0.0457673267326732,16
83391,0.1579892280071813,25
83704,-0.1555555555555556,22
83822,-0.1032863849765259,3
83976,-0.0092215312030881,4
84084,0.0649129447388341,6
84275,-0.0280521532990911,20
84255,0.0321180555555555,17
84416,-0.1197771587743732,0
84588,0.1281679942070963,24
84519,0.0505249343832021,4
85019,-0.0161943319838057,9
85390,-0.0140783106027276,27
85464,-0.0662393162393161,3
89606,-0.0570979570455736,14
86580,0.0134281200631911,16
86594,-0.0351161534305781,28
91014,-0.0291176470588235,22
86881,0.0285204991087342,27
89416,0.0619586942038641,17
90539,0.033959400493265,18
87255,0.0008077544426494,7
87310,0.4113924050632911,18
87390,-0.0996587030716724,21
87432,0.0118129218900675,15
90640,0.0512820512820511,18
88172,0.0939393939393939,25
88458,-0.1064243997404282,21
89301,0.1161213088587389,20
89397,0.0696517412935322,7
89447,0.0223801065719362,9
89540,-0.054,20
89908,0.1217228464419475,25
90215,0.0567899775440257,6
90387,-0.0510440835266821,21
90679,-0.0724043715846994,7
90657,0.0901423299947286,21
90715,0.0,20
90706,-0.0058309037900873,22
90807,0.0856406954282034,22
91547,0.1463620981387479,11
76020,-0.3452830188679244,21
91733,-0.1803797468354431,29
91888,-0.0072231139646871,6
92203,-0.0701565995525727,25
92322,-0.0820912375790424,25
92471,-0.0169911504424778,8
92635,-0.1913611250627824,12
77186,-0.0634146341463415,18
91964,-0.2323232323232322,18
